EventTime,EventType,Event
,AGENT_TYPE,ExchangeAgent
2019-06-28 09:30:00.000000000,WHEN_MKT_OPEN,1
2019-06-28 09:30:00.000000000,WHEN_MKT_CLOSE,1
2019-06-28 09:30:00.000000000,WHEN_MKT_OPEN,2
2019-06-28 09:30:00.000000000,WHEN_MKT_CLOSE,2
2019-06-28 09:30:00.000000000,WHEN_MKT_OPEN,3
2019-06-28 09:30:00.000000000,WHEN_MKT_CLOSE,3
2019-06-28 09:30:00.000000000,WHEN_MKT_OPEN,4
2019-06-28 09:30:00.000000000,WHEN_MKT_CLOSE,4
2019-06-28 09:30:00.000000000,WHEN_MKT_OPEN,5
2019-06-28 09:30:00.000000000,WHEN_MKT_CLOSE,5
2019-06-28 09:30:00.000000000,WHEN_MKT_OPEN,6
2019-06-28 09:30:00.000000000,WHEN_MKT_CLOSE,6
2019-06-28 09:30:00.000000000,WHEN_MKT_OPEN,7
2019-06-28 09:30:00.000000000,WHEN_MKT_CLOSE,7
2019-06-28 09:30:00.000000000,WHEN_MKT_OPEN,8
2019-06-28 09:30:00.000000000,WHEN_MKT_CLOSE,8
2019-06-28 09:30:00.000000000,WHEN_MKT_OPEN,9
2019-06-28 09:30:00.000000000,WHEN_MKT_CLOSE,9
2019-06-28 09:30:00.000000000,WHEN_MKT_OPEN,10
2019-06-28 09:30:00.000000000,WHEN_MKT_CLOSE,10
2019-06-28 09:30:00.000000000,WHEN_MKT_OPEN,11
2019-06-28 09:30:00.000000000,WHEN_MKT_CLOSE,11
2019-06-28 09:30:00.000000000,WHEN_MKT_OPEN,12
2019-06-28 09:30:00.000000000,WHEN_MKT_CLOSE,12
2019-06-28 09:30:00.000000000,WHEN_MKT_OPEN,13
2019-06-28 09:30:00.000000000,WHEN_MKT_CLOSE,13
2019-06-28 09:30:00.000000000,WHEN_MKT_OPEN,14
2019-06-28 09:30:00.000000000,WHEN_MKT_CLOSE,14
2019-06-28 09:30:00.000000000,WHEN_MKT_OPEN,15
2019-06-28 09:30:00.000000000,WHEN_MKT_CLOSE,15
2019-06-28 09:30:00.000000000,WHEN_MKT_OPEN,16
2019-06-28 09:30:00.000000000,WHEN_MKT_CLOSE,16
2019-06-28 09:30:00.000000000,WHEN_MKT_OPEN,17
2019-06-28 09:30:00.000000000,WHEN_MKT_CLOSE,17
2019-06-28 09:30:00.000000000,WHEN_MKT_OPEN,18
2019-06-28 09:30:00.000000000,WHEN_MKT_CLOSE,18
2019-06-28 09:30:00.000000000,WHEN_MKT_OPEN,19
2019-06-28 09:30:00.000000000,WHEN_MKT_CLOSE,19
2019-06-28 09:30:00.000000000,WHEN_MKT_OPEN,20
2019-06-28 09:30:00.000000000,WHEN_MKT_CLOSE,20
2019-06-28 09:30:00.000000000,WHEN_MKT_OPEN,21
2019-06-28 09:30:00.000000000,WHEN_MKT_CLOSE,21
2019-06-28 09:30:00.000000000,WHEN_MKT_OPEN,22
2019-06-28 09:30:00.000000000,WHEN_MKT_CLOSE,22
2019-06-28 09:30:00.000000000,WHEN_MKT_OPEN,23
2019-06-28 09:30:00.000000000,WHEN_MKT_CLOSE,23
2019-06-28 09:30:00.000000000,WHEN_MKT_OPEN,24
2019-06-28 09:30:00.000000000,WHEN_MKT_CLOSE,24
2019-06-28 09:30:00.000000000,WHEN_MKT_OPEN,25
2019-06-28 09:30:00.000000000,WHEN_MKT_CLOSE,25
2019-06-28 09:30:00.000000000,WHEN_MKT_OPEN,26
2019-06-28 09:30:00.000000000,WHEN_MKT_CLOSE,26
2019-06-28 09:30:00.000000000,WHEN_MKT_OPEN,27
2019-06-28 09:30:00.000000000,WHEN_MKT_CLOSE,27
2019-06-28 09:30:00.000000000,WHEN_MKT_OPEN,28
2019-06-28 09:30:00.000000000,WHEN_MKT_CLOSE,28
2019-06-28 09:30:00.000000000,WHEN_MKT_OPEN,29
2019-06-28 09:30:00.000000000,WHEN_MKT_CLOSE,29
2019-06-28 09:30:00.000000000,WHEN_MKT_OPEN,30
2019-06-28 09:30:00.000000000,WHEN_MKT_CLOSE,30
2019-06-28 09:30:00.000000000,WHEN_MKT_OPEN,31
2019-06-28 09:30:00.000000000,WHEN_MKT_CLOSE,31
2019-06-28 09:30:00.000000000,WHEN_MKT_OPEN,32
2019-06-28 09:30:00.000000000,WHEN_MKT_CLOSE,32
2019-06-28 09:30:00.000000000,WHEN_MKT_OPEN,33
2019-06-28 09:30:00.000000000,WHEN_MKT_CLOSE,33
2019-06-28 09:30:00.000000000,WHEN_MKT_OPEN,34
2019-06-28 09:30:00.000000000,WHEN_MKT_CLOSE,34
2019-06-28 09:30:00.000000000,WHEN_MKT_OPEN,35
2019-06-28 09:30:00.000000000,WHEN_MKT_CLOSE,35
2019-06-28 09:30:00.000000000,WHEN_MKT_OPEN,36
2019-06-28 09:30:00.000000000,WHEN_MKT_CLOSE,36
2019-06-28 09:30:00.000000000,WHEN_MKT_OPEN,37
2019-06-28 09:30:00.000000000,WHEN_MKT_CLOSE,37
2019-06-28 09:30:00.000000000,WHEN_MKT_OPEN,38
2019-06-28 09:30:00.000000000,WHEN_MKT_CLOSE,38
2019-06-28 09:30:00.000000000,WHEN_MKT_OPEN,39
2019-06-28 09:30:00.000000000,WHEN_MKT_CLOSE,39
2019-06-28 09:30:00.000000000,WHEN_MKT_OPEN,40
2019-06-28 09:30:00.000000000,WHEN_MKT_CLOSE,40
2019-06-28 09:30:00.000000000,WHEN_MKT_OPEN,41
2019-06-28 09:30:00.000000000,WHEN_MKT_CLOSE,41
2019-06-28 09:30:00.000000000,WHEN_MKT_OPEN,42
2019-06-28 09:30:00.000000000,WHEN_MKT_CLOSE,42
2019-06-28 09:30:00.000000000,WHEN_MKT_OPEN,43
2019-06-28 09:30:00.000000000,WHEN_MKT_CLOSE,43
2019-06-28 09:30:00.000000000,WHEN_MKT_OPEN,44
2019-06-28 09:30:00.000000000,WHEN_MKT_CLOSE,44
2019-06-28 09:30:00.000000000,WHEN_MKT_OPEN,45
2019-06-28 09:30:00.000000000,WHEN_MKT_CLOSE,45
2019-06-28 09:30:00.000000000,WHEN_MKT_OPEN,46
2019-06-28 09:30:00.000000000,WHEN_MKT_CLOSE,46
2019-06-28 09:30:00.000000000,WHEN_MKT_OPEN,47
2019-06-28 09:30:00.000000000,WHEN_MKT_CLOSE,47
2019-06-28 09:30:00.000000000,WHEN_MKT_OPEN,48
2019-06-28 09:30:00.000000000,WHEN_MKT_CLOSE,48
2019-06-28 09:30:00.000000000,WHEN_MKT_OPEN,49
2019-06-28 09:30:00.000000000,WHEN_MKT_CLOSE,49
2019-06-28 09:30:00.000000000,WHEN_MKT_OPEN,50
2019-06-28 09:30:00.000000000,WHEN_MKT_CLOSE,50
2019-06-28 09:30:00.000000000,WHEN_MKT_OPEN,51
2019-06-28 09:30:00.000000000,WHEN_MKT_CLOSE,51
2019-06-28 09:30:00.000000000,WHEN_MKT_OPEN,52
2019-06-28 09:30:00.000000000,WHEN_MKT_CLOSE,52
2019-06-28 09:30:00.000000000,WHEN_MKT_OPEN,53
2019-06-28 09:30:00.000000000,WHEN_MKT_CLOSE,53
2019-06-28 09:30:00.000000000,WHEN_MKT_OPEN,54
2019-06-28 09:30:00.000000000,WHEN_MKT_CLOSE,54
2019-06-28 09:30:00.000000000,WHEN_MKT_OPEN,55
2019-06-28 09:30:00.000000000,WHEN_MKT_CLOSE,55
2019-06-28 09:30:00.000000000,WHEN_MKT_OPEN,56
2019-06-28 09:30:00.000000000,WHEN_MKT_CLOSE,56
2019-06-28 09:30:00.000000000,WHEN_MKT_OPEN,57
2019-06-28 09:30:00.000000000,WHEN_MKT_CLOSE,57
2019-06-28 09:30:00.000000000,WHEN_MKT_OPEN,58
2019-06-28 09:30:00.000000000,WHEN_MKT_CLOSE,58
2019-06-28 09:30:00.000000000,QUERY_ORDER_STREAM,58
2019-06-28 09:30:00.000000000,QUERY_SPREAD,58
2019-06-28 09:30:00.000000000,BEST_BID,"JPM,99994,100"
2019-06-28 09:30:00.000000000,WHEN_MKT_OPEN,59
2019-06-28 09:30:00.000000000,WHEN_MKT_CLOSE,59
2019-06-28 09:30:00.000000000,WHEN_MKT_OPEN,60
2019-06-28 09:30:00.000000000,WHEN_MKT_CLOSE,60
2019-06-28 09:30:00.000000000,WHEN_MKT_OPEN,61
2019-06-28 09:30:00.000000000,WHEN_MKT_CLOSE,61
2019-06-28 09:30:00.000000000,WHEN_MKT_OPEN,62
2019-06-28 09:30:00.000000000,WHEN_MKT_CLOSE,62
2019-06-28 09:30:00.000000000,WHEN_MKT_OPEN,63
2019-06-28 09:30:00.000000000,WHEN_MKT_CLOSE,63
2019-06-28 09:30:00.000000000,WHEN_MKT_OPEN,64
2019-06-28 09:30:00.000000000,WHEN_MKT_CLOSE,64
2019-06-28 09:30:00.000000000,WHEN_MKT_OPEN,65
2019-06-28 09:30:00.000000000,WHEN_MKT_CLOSE,65
2019-06-28 09:30:00.000000000,WHEN_MKT_OPEN,66
2019-06-28 09:30:00.000000000,WHEN_MKT_CLOSE,66
2019-06-28 09:30:00.000000000,WHEN_MKT_OPEN,67
2019-06-28 09:30:00.000000000,WHEN_MKT_CLOSE,67
2019-06-28 09:30:00.000000000,WHEN_MKT_OPEN,68
2019-06-28 09:30:00.000000000,WHEN_MKT_CLOSE,68
2019-06-28 09:30:00.000000000,WHEN_MKT_OPEN,69
2019-06-28 09:30:00.000000000,WHEN_MKT_CLOSE,69
2019-06-28 09:30:00.000000000,WHEN_MKT_OPEN,70
2019-06-28 09:30:00.000000000,WHEN_MKT_CLOSE,70
2019-06-28 09:30:00.000000000,WHEN_MKT_OPEN,71
2019-06-28 09:30:00.000000000,WHEN_MKT_CLOSE,71
2019-06-28 09:30:00.000000000,WHEN_MKT_OPEN,72
2019-06-28 09:30:00.000000000,WHEN_MKT_CLOSE,72
2019-06-28 09:30:00.000000000,WHEN_MKT_OPEN,73
2019-06-28 09:30:00.000000000,WHEN_MKT_CLOSE,73
2019-06-28 09:30:00.000000000,WHEN_MKT_OPEN,74
2019-06-28 09:30:00.000000000,WHEN_MKT_CLOSE,74
2019-06-28 09:30:00.000000000,WHEN_MKT_OPEN,75
2019-06-28 09:30:00.000000000,WHEN_MKT_CLOSE,75
2019-06-28 09:30:00.000000000,WHEN_MKT_OPEN,76
2019-06-28 09:30:00.000000000,WHEN_MKT_CLOSE,76
2019-06-28 09:30:00.000000000,WHEN_MKT_OPEN,77
2019-06-28 09:30:00.000000000,WHEN_MKT_CLOSE,77
2019-06-28 09:30:00.000000000,WHEN_MKT_OPEN,78
2019-06-28 09:30:00.000000000,WHEN_MKT_CLOSE,78
2019-06-28 09:30:00.000000000,WHEN_MKT_OPEN,79
2019-06-28 09:30:00.000000000,WHEN_MKT_CLOSE,79
2019-06-28 09:30:00.000000000,WHEN_MKT_OPEN,80
2019-06-28 09:30:00.000000000,WHEN_MKT_CLOSE,80
2019-06-28 09:30:00.000000000,WHEN_MKT_OPEN,81
2019-06-28 09:30:00.000000000,WHEN_MKT_CLOSE,81
2019-06-28 09:30:00.000000000,WHEN_MKT_OPEN,82
2019-06-28 09:30:00.000000000,WHEN_MKT_CLOSE,82
2019-06-28 09:30:00.000000000,WHEN_MKT_OPEN,83
2019-06-28 09:30:00.000000000,WHEN_MKT_CLOSE,83
2019-06-28 09:30:00.000000000,WHEN_MKT_OPEN,84
2019-06-28 09:30:00.000000000,WHEN_MKT_CLOSE,84
2019-06-28 09:30:00.000000000,WHEN_MKT_OPEN,85
2019-06-28 09:30:00.000000000,WHEN_MKT_CLOSE,85
2019-06-28 09:30:00.000000000,WHEN_MKT_OPEN,86
2019-06-28 09:30:00.000000000,WHEN_MKT_CLOSE,86
2019-06-28 09:30:00.000000000,WHEN_MKT_OPEN,87
2019-06-28 09:30:00.000000000,WHEN_MKT_CLOSE,87
2019-06-28 09:30:00.000000000,WHEN_MKT_OPEN,88
2019-06-28 09:30:00.000000000,WHEN_MKT_CLOSE,88
2019-06-28 09:30:00.000000000,WHEN_MKT_OPEN,89
2019-06-28 09:30:00.000000000,WHEN_MKT_CLOSE,89
2019-06-28 09:30:00.000000000,WHEN_MKT_OPEN,90
2019-06-28 09:30:00.000000000,WHEN_MKT_CLOSE,90
2019-06-28 09:30:00.000000000,WHEN_MKT_OPEN,91
2019-06-28 09:30:00.000000000,WHEN_MKT_CLOSE,91
2019-06-28 09:30:00.000000000,WHEN_MKT_OPEN,92
2019-06-28 09:30:00.000000000,WHEN_MKT_CLOSE,92
2019-06-28 09:30:00.000000000,WHEN_MKT_OPEN,93
2019-06-28 09:30:00.000000000,WHEN_MKT_CLOSE,93
2019-06-28 09:30:00.000000000,WHEN_MKT_OPEN,94
2019-06-28 09:30:00.000000000,WHEN_MKT_CLOSE,94
2019-06-28 09:30:00.000000000,WHEN_MKT_OPEN,95
2019-06-28 09:30:00.000000000,WHEN_MKT_CLOSE,95
2019-06-28 09:30:00.000000000,WHEN_MKT_OPEN,96
2019-06-28 09:30:00.000000000,WHEN_MKT_CLOSE,96
2019-06-28 09:30:00.000000000,WHEN_MKT_OPEN,97
2019-06-28 09:30:00.000000000,WHEN_MKT_CLOSE,97
2019-06-28 09:30:00.000000000,WHEN_MKT_OPEN,98
2019-06-28 09:30:00.000000000,WHEN_MKT_CLOSE,98
2019-06-28 09:30:00.000000000,WHEN_MKT_OPEN,99
2019-06-28 09:30:00.000000000,WHEN_MKT_CLOSE,99
2019-06-28 09:30:00.000000000,WHEN_MKT_OPEN,100
2019-06-28 09:30:00.000000000,WHEN_MKT_CLOSE,100
2019-06-28 09:30:00.000000000,WHEN_MKT_OPEN,101
2019-06-28 09:30:00.000000000,WHEN_MKT_CLOSE,101
2019-06-28 09:30:00.000000004,QUERY_SPREAD,15
2019-06-28 09:30:00.000000004,BEST_BID,"JPM,99994,100"
2019-06-28 09:30:00.000000005,QUERY_SPREAD,20
2019-06-28 09:30:00.000000005,BEST_BID,"JPM,99994,100"
2019-06-28 09:30:00.000000007,QUERY_SPREAD,19
2019-06-28 09:30:00.000000007,BEST_BID,"JPM,99994,100"
2019-06-28 09:30:00.000000007,BEST_ASK,"JPM,100052,100"
2019-06-28 09:30:00.000000007,QUERY_ORDER_STREAM,69
2019-06-28 09:30:00.000000007,QUERY_SPREAD,69
2019-06-28 09:30:00.000000007,BEST_BID,"JPM,99994,100"
2019-06-28 09:30:00.000000007,BEST_ASK,"JPM,100052,100"
2019-06-28 09:30:00.000000009,QUERY_SPREAD,6
2019-06-28 09:30:00.000000009,BEST_BID,"JPM,100048,100"
2019-06-28 09:30:00.000000009,BEST_ASK,"JPM,100052,100"
2019-06-28 09:30:00.000000012,QUERY_SPREAD,29
2019-06-28 09:30:00.000000012,BEST_BID,"JPM,99994,100"
2019-06-28 09:30:00.000000012,BEST_ASK,"JPM,100052,100"
2019-06-28 09:30:00.000000012,LAST_TRADE,"100,$100048.0000"
2019-06-28 09:30:00.000000014,QUERY_SPREAD,34
2019-06-28 09:30:00.000000014,BEST_BID,"JPM,99994,100"
2019-06-28 09:30:00.000000014,BEST_ASK,"JPM,100052,100"
2019-06-28 09:30:00.000000015,QUERY_ORDER_STREAM,71
2019-06-28 09:30:00.000000015,QUERY_SPREAD,71
2019-06-28 09:30:00.000000015,BEST_BID,"JPM,99994,100"
2019-06-28 09:30:00.000000015,BEST_ASK,"JPM,100040,100"
2019-06-28 09:30:00.000000018,QUERY_SPREAD,5
2019-06-28 09:30:00.000000018,BEST_BID,"JPM,99994,100"
2019-06-28 09:30:00.000000018,BEST_ASK,"JPM,100015,100"
2019-06-28 09:30:00.000000018,QUERY_SPREAD,33
2019-06-28 09:30:00.000000018,BEST_BID,"JPM,99994,100"
2019-06-28 09:30:00.000000018,BEST_ASK,"JPM,100040,100"
2019-06-28 09:30:00.000000018,LAST_TRADE,"100,$100015.0000"
2019-06-28 09:30:00.000000019,QUERY_SPREAD,10
2019-06-28 09:30:00.000000019,BEST_BID,"JPM,99994,100"
2019-06-28 09:30:00.000000019,BEST_ASK,"JPM,100034,100"
2019-06-28 09:30:00.000000019,QUERY_SPREAD,22
2019-06-28 09:30:00.000000019,BEST_BID,"JPM,99994,100"
2019-06-28 09:30:00.000000019,BEST_ASK,"JPM,100034,100"
2019-06-28 09:30:00.000000020,QUERY_ORDER_STREAM,56
2019-06-28 09:30:00.000000020,QUERY_SPREAD,56
2019-06-28 09:30:00.000000020,QUERY_ORDER_STREAM,62
2019-06-28 09:30:00.000000020,QUERY_SPREAD,62
2019-06-28 09:30:00.000000022,QUERY_SPREAD,30
2019-06-28 09:30:00.000000022,BEST_BID,"JPM,99994,100"
2019-06-28 09:30:00.000000022,BEST_ASK,"JPM,100034,100"
2019-06-28 09:30:00.000000022,QUERY_SPREAD,50
2019-06-28 09:30:00.000000022,BEST_BID,"JPM,99994,100"
2019-06-28 09:30:00.000000022,BEST_ASK,"JPM,100034,100"
2019-06-28 09:30:00.000000023,QUERY_SPREAD,39
2019-06-28 09:30:00.000000023,BEST_BID,"JPM,99994,100"
2019-06-28 09:30:00.000000023,BEST_ASK,"JPM,100034,100"
2019-06-28 09:30:00.000000024,QUERY_ORDER_STREAM,70
2019-06-28 09:30:00.000000024,QUERY_SPREAD,70
2019-06-28 09:30:00.000000029,QUERY_SPREAD,41
2019-06-28 09:30:00.000000029,BEST_BID,"JPM,100011,100"
2019-06-28 09:30:00.000000029,BEST_ASK,"JPM,100034,100"
2019-06-28 09:30:00.000000030,QUERY_SPREAD,40
2019-06-28 09:30:00.000000030,BEST_BID,"JPM,99994,100"
2019-06-28 09:30:00.000000030,BEST_ASK,"JPM,100034,100"
2019-06-28 09:30:00.000000030,LAST_TRADE,"100,$100011.0000"
2019-06-28 09:30:00.000000031,QUERY_SPREAD,18
2019-06-28 09:30:00.000000031,BEST_BID,"JPM,99994,100"
2019-06-28 09:30:00.000000031,BEST_ASK,"JPM,100034,100"
2019-06-28 09:30:00.000000032,QUERY_SPREAD,3
2019-06-28 09:30:00.000000032,BEST_BID,"JPM,99920,100"
2019-06-28 09:30:00.000000032,BEST_ASK,"JPM,100034,100"
2019-06-28 09:30:00.000000032,LAST_TRADE,"100,$99994.0000"
2019-06-28 09:30:00.000000032,QUERY_SPREAD,32
2019-06-28 09:30:00.000000032,BEST_BID,"JPM,99941,100"
2019-06-28 09:30:00.000000032,BEST_ASK,"JPM,100034,100"
2019-06-28 09:30:00.000000033,QUERY_ORDER_STREAM,57
2019-06-28 09:30:00.000000033,QUERY_SPREAD,57
2019-06-28 09:30:00.000000033,BEST_BID,"JPM,99994,100"
2019-06-28 09:30:00.000000033,BEST_ASK,"JPM,100034,100"
2019-06-28 09:30:00.000000034,QUERY_SPREAD,38
2019-06-28 09:30:00.000000034,BEST_BID,"JPM,99941,100"
2019-06-28 09:30:00.000000034,BEST_ASK,"JPM,100034,100"
2019-06-28 09:30:00.000000034,LAST_TRADE,"100,$99994.0000"
2019-06-28 09:30:00.000000034,QUERY_SPREAD,47
2019-06-28 09:30:00.000000034,BEST_BID,"JPM,99994,100"
2019-06-28 09:30:00.000000034,BEST_ASK,"JPM,100034,100"
2019-06-28 09:30:00.000000036,QUERY_SPREAD,12
2019-06-28 09:30:00.000000036,BEST_BID,"JPM,100021,100"
2019-06-28 09:30:00.000000036,BEST_ASK,"JPM,100034,100"
2019-06-28 09:30:00.000000040,QUERY_SPREAD,21
2019-06-28 09:30:00.000000040,BEST_BID,"JPM,100021,100"
2019-06-28 09:30:00.000000040,BEST_ASK,"JPM,100040,100"
2019-06-28 09:30:00.000000040,LAST_TRADE,"100,$100034.0000"
2019-06-28 09:30:00.000000040,QUERY_ORDER_STREAM,55
2019-06-28 09:30:00.000000040,QUERY_SPREAD,55
2019-06-28 09:30:00.000000040,QUERY_ORDER_STREAM,59
2019-06-28 09:30:00.000000040,QUERY_SPREAD,59
2019-06-28 09:30:00.000000042,QUERY_SPREAD,37
2019-06-28 09:30:00.000000042,BEST_BID,"JPM,100021,100"
2019-06-28 09:30:00.000000042,BEST_ASK,"JPM,100040,100"
2019-06-28 09:30:00.000000043,QUERY_SPREAD,48
2019-06-28 09:30:00.000000043,BEST_BID,"JPM,100021,100"
2019-06-28 09:30:00.000000043,BEST_ASK,"JPM,100040,100"
2019-06-28 09:30:00.000000045,QUERY_SPREAD,25
2019-06-28 09:30:00.000000045,BEST_BID,"JPM,100021,100"
2019-06-28 09:30:00.000000045,BEST_ASK,"JPM,100040,100"
2019-06-28 09:30:00.000000045,QUERY_ORDER_STREAM,64
2019-06-28 09:30:00.000000045,QUERY_SPREAD,64
2019-06-28 09:30:00.000000045,BEST_BID,"JPM,100021,100"
2019-06-28 09:30:00.000000045,BEST_ASK,"JPM,100034,100"
2019-06-28 09:30:00.000000046,QUERY_SPREAD,44
2019-06-28 09:30:00.000000046,BEST_BID,"JPM,100021,100"
2019-06-28 09:30:00.000000046,BEST_ASK,"JPM,100034,100"
2019-06-28 09:30:00.000000047,QUERY_SPREAD,24
2019-06-28 09:30:00.000000047,BEST_BID,"JPM,100021,100"
2019-06-28 09:30:00.000000047,BEST_ASK,"JPM,100034,100"
2019-06-28 09:30:00.000000048,QUERY_ORDER_STREAM,73
2019-06-28 09:30:00.000000048,QUERY_SPREAD,73
2019-06-28 09:30:00.000000048,BEST_BID,"JPM,100021,100"
2019-06-28 09:30:00.000000048,BEST_ASK,"JPM,100034,100"
2019-06-28 09:30:00.000000052,QUERY_ORDER_STREAM,75
2019-06-28 09:30:00.000000052,QUERY_SPREAD,75
2019-06-28 09:30:00.000000053,QUERY_SPREAD,11
2019-06-28 09:30:00.000000053,BEST_BID,"JPM,100021,100"
2019-06-28 09:30:00.000000053,BEST_ASK,"JPM,100034,200"
2019-06-28 09:30:00.000000054,QUERY_ORDER_STREAM,54
2019-06-28 09:30:00.000000054,QUERY_SPREAD,54
2019-06-28 09:30:00.000000055,QUERY_SPREAD,36
2019-06-28 09:30:00.000000055,BEST_BID,"JPM,100021,100"
2019-06-28 09:30:00.000000055,BEST_ASK,"JPM,100034,200"
2019-06-28 09:30:00.000000056,QUERY_SPREAD,4
2019-06-28 09:30:00.000000056,BEST_BID,"JPM,100021,100"
2019-06-28 09:30:00.000000056,BEST_ASK,"JPM,100034,200"
2019-06-28 09:30:00.000000056,QUERY_ORDER_STREAM,61
2019-06-28 09:30:00.000000056,QUERY_SPREAD,61
2019-06-28 09:30:00.000000057,QUERY_SPREAD,14
2019-06-28 09:30:00.000000057,BEST_BID,"JPM,100021,100"
2019-06-28 09:30:00.000000057,BEST_ASK,"JPM,100034,200"
2019-06-28 09:30:00.000000058,QUERY_ORDER_STREAM,74
2019-06-28 09:30:00.000000058,QUERY_SPREAD,74
2019-06-28 09:30:00.000000058,BEST_BID,"JPM,100021,100"
2019-06-28 09:30:00.000000058,BEST_ASK,"JPM,100034,200"
2019-06-28 09:30:00.000000064,QUERY_SPREAD,43
2019-06-28 09:30:00.000000064,BEST_BID,"JPM,100021,100"
2019-06-28 09:30:00.000000064,BEST_ASK,"JPM,100034,200"
2019-06-28 09:30:00.000000065,QUERY_SPREAD,45
2019-06-28 09:30:00.000000065,BEST_BID,"JPM,100021,100"
2019-06-28 09:30:00.000000065,BEST_ASK,"JPM,100034,200"
2019-06-28 09:30:00.000000067,QUERY_SPREAD,26
2019-06-28 09:30:00.000000067,BEST_BID,"JPM,99998,100"
2019-06-28 09:30:00.000000067,BEST_ASK,"JPM,100034,200"
2019-06-28 09:30:00.000000067,LAST_TRADE,"100,$100021.0000"
2019-06-28 09:30:00.000000070,QUERY_SPREAD,9
2019-06-28 09:30:00.000000070,BEST_BID,"JPM,99998,100"
2019-06-28 09:30:00.000000070,BEST_ASK,"JPM,100028,100"
2019-06-28 09:30:00.000000070,QUERY_ORDER_STREAM,72
2019-06-28 09:30:00.000000070,QUERY_SPREAD,72
2019-06-28 09:30:00.000000070,BEST_BID,"JPM,100021,100"
2019-06-28 09:30:00.000000070,BEST_ASK,"JPM,100028,100"
2019-06-28 09:30:00.000000071,QUERY_SPREAD,13
2019-06-28 09:30:00.000000071,BEST_BID,"JPM,100021,100"
2019-06-28 09:30:00.000000071,BEST_ASK,"JPM,100028,100"
2019-06-28 09:30:00.000000071,QUERY_SPREAD,46
2019-06-28 09:30:00.000000071,BEST_BID,"JPM,100021,100"
2019-06-28 09:30:00.000000071,BEST_ASK,"JPM,100028,100"
2019-06-28 09:30:00.000000071,QUERY_SPREAD,49
2019-06-28 09:30:00.000000071,BEST_BID,"JPM,100021,100"
2019-06-28 09:30:00.000000071,BEST_ASK,"JPM,100028,100"
2019-06-28 09:30:00.000000073,QUERY_SPREAD,7
2019-06-28 09:30:00.000000073,BEST_BID,"JPM,100021,100"
2019-06-28 09:30:00.000000073,BEST_ASK,"JPM,100028,100"
2019-06-28 09:30:00.000000074,QUERY_SPREAD,16
2019-06-28 09:30:00.000000074,BEST_BID,"JPM,99998,100"
2019-06-28 09:30:00.000000074,BEST_ASK,"JPM,100028,100"
2019-06-28 09:30:00.000000074,LAST_TRADE,"100,$100021.0000"
2019-06-28 09:30:00.000000074,QUERY_ORDER_STREAM,53
2019-06-28 09:30:00.000000074,QUERY_SPREAD,53
2019-06-28 09:30:00.000000075,QUERY_SPREAD,51
2019-06-28 09:30:00.000000075,BEST_BID,"JPM,99995,200"
2019-06-28 09:30:00.000000075,BEST_ASK,"JPM,100028,100"
2019-06-28 09:30:00.000000075,LAST_TRADE,"100,$99998.0000"
2019-06-28 09:30:00.000000079,QUERY_SPREAD,23
2019-06-28 09:30:00.000000079,BEST_BID,"JPM,99995,200"
2019-06-28 09:30:00.000000079,BEST_ASK,"JPM,100013,100"
2019-06-28 09:30:00.000000079,QUERY_SPREAD,35
2019-06-28 09:30:00.000000079,BEST_BID,"JPM,99995,100"
2019-06-28 09:30:00.000000079,BEST_ASK,"JPM,100013,100"
2019-06-28 09:30:00.000000079,LAST_TRADE,"100,$99995.0000"
2019-06-28 09:30:00.000000079,QUERY_ORDER_STREAM,60
2019-06-28 09:30:00.000000079,QUERY_SPREAD,60
2019-06-28 09:30:00.000000080,QUERY_ORDER_STREAM,68
2019-06-28 09:30:00.000000080,QUERY_SPREAD,68
2019-06-28 09:30:00.000000085,QUERY_ORDER_STREAM,65
2019-06-28 09:30:00.000000085,QUERY_SPREAD,65
2019-06-28 09:30:00.000000085,BEST_BID,"JPM,99995,100"
2019-06-28 09:30:00.000000085,BEST_ASK,"JPM,99998,100"
2019-06-28 09:30:00.000000086,QUERY_SPREAD,17
2019-06-28 09:30:00.000000086,BEST_BID,"JPM,99995,100"
2019-06-28 09:30:00.000000086,BEST_ASK,"JPM,99998,100"
2019-06-28 09:30:00.000000086,QUERY_SPREAD,28
2019-06-28 09:30:00.000000086,BEST_BID,"JPM,99995,100"
2019-06-28 09:30:00.000000086,BEST_ASK,"JPM,99998,100"
2019-06-28 09:30:00.000000086,QUERY_ORDER_STREAM,63
2019-06-28 09:30:00.000000086,QUERY_SPREAD,63
2019-06-28 09:30:00.000000088,QUERY_ORDER_STREAM,52
2019-06-28 09:30:00.000000088,QUERY_SPREAD,52
2019-06-28 09:30:00.000000088,BEST_BID,"JPM,99995,100"
2019-06-28 09:30:00.000000088,BEST_ASK,"JPM,99998,200"
2019-06-28 09:30:00.000000091,QUERY_ORDER_STREAM,67
2019-06-28 09:30:00.000000091,QUERY_SPREAD,67
2019-06-28 09:30:00.000000092,QUERY_SPREAD,42
2019-06-28 09:30:00.000000092,BEST_BID,"JPM,99995,100"
2019-06-28 09:30:00.000000092,BEST_ASK,"JPM,99998,200"
2019-06-28 09:30:00.000000095,QUERY_SPREAD,8
2019-06-28 09:30:00.000000095,BEST_BID,"JPM,99995,100"
2019-06-28 09:30:00.000000095,BEST_ASK,"JPM,99998,200"
2019-06-28 09:30:00.000000095,QUERY_SPREAD,27
2019-06-28 09:30:00.000000095,BEST_BID,"JPM,99995,100"
2019-06-28 09:30:00.000000095,BEST_ASK,"JPM,99998,200"
2019-06-28 09:30:00.000000095,QUERY_SPREAD,31
2019-06-28 09:30:00.000000095,BEST_BID,"JPM,99994,100"
2019-06-28 09:30:00.000000095,BEST_ASK,"JPM,99998,200"
2019-06-28 09:30:00.000000095,LAST_TRADE,"100,$99995.0000"
2019-06-28 09:30:00.000000096,QUERY_SPREAD,2
2019-06-28 09:30:00.000000096,BEST_BID,"JPM,99994,100"
2019-06-28 09:30:00.000000096,BEST_ASK,"JPM,99998,200"
2019-06-28 09:30:00.000000096,QUERY_ORDER_STREAM,76
2019-06-28 09:30:00.000000096,QUERY_SPREAD,76
2019-06-28 09:30:00.000000098,QUERY_ORDER_STREAM,66
2019-06-28 09:30:00.000000098,QUERY_SPREAD,66
2019-06-28 09:30:10.000000000,QUERY_SPREAD,1
2019-06-28 09:30:10.000000000,BEST_BID,"JPM,99994,182"
2019-06-28 09:30:10.000000000,BEST_ASK,"JPM,99998,200"
2019-06-28 09:30:10.000000000,BEST_BID,"JPM,99994,182"
2019-06-28 09:30:10.000000000,BEST_ASK,"JPM,99998,200"
2019-06-28 09:30:10.000000000,BEST_BID,"JPM,99994,182"
2019-06-28 09:30:10.000000000,BEST_ASK,"JPM,99998,200"
2019-06-28 09:30:10.000000000,BEST_BID,"JPM,99994,182"
2019-06-28 09:30:10.000000000,BEST_ASK,"JPM,99998,200"
2019-06-28 09:30:10.000000000,BEST_BID,"JPM,99994,182"
2019-06-28 09:30:10.000000000,BEST_ASK,"JPM,99998,282"
2019-06-28 09:30:10.000000000,BEST_BID,"JPM,99994,182"
2019-06-28 09:30:10.000000000,BEST_ASK,"JPM,99998,282"
2019-06-28 09:30:10.000000000,BEST_BID,"JPM,99994,182"
2019-06-28 09:30:10.000000000,BEST_ASK,"JPM,99998,282"
2019-06-28 09:30:10.000000000,BEST_BID,"JPM,99994,182"
2019-06-28 09:30:10.000000000,BEST_ASK,"JPM,99998,282"
2019-06-28 09:30:15.746680747,QUERY_SPREAD,35
2019-06-28 09:30:15.746680747,BEST_BID,"JPM,99994,182"
2019-06-28 09:30:15.746680747,BEST_ASK,"JPM,99998,282"
2019-06-28 09:30:20.000000000,QUERY_SPREAD,1
2019-06-28 09:30:20.000000000,BEST_BID,"JPM,99994,264"
2019-06-28 09:30:20.000000000,BEST_ASK,"JPM,99998,200"
2019-06-28 09:30:20.000000000,BEST_BID,"JPM,99994,264"
2019-06-28 09:30:20.000000000,BEST_ASK,"JPM,99998,200"
2019-06-28 09:30:20.000000000,BEST_BID,"JPM,99994,264"
2019-06-28 09:30:20.000000000,BEST_ASK,"JPM,99998,364"
2019-06-28 09:30:20.000000000,BEST_BID,"JPM,99994,264"
2019-06-28 09:30:20.000000000,BEST_ASK,"JPM,99998,364"
2019-06-28 09:30:30.000000000,QUERY_SPREAD,1
2019-06-28 09:30:30.000000000,BEST_BID,"JPM,99994,264"
2019-06-28 09:30:30.000000000,BEST_ASK,"JPM,99998,200"
2019-06-28 09:30:30.000000000,BEST_BID,"JPM,99994,264"
2019-06-28 09:30:30.000000000,BEST_ASK,"JPM,99998,200"
2019-06-28 09:30:30.000000000,BEST_BID,"JPM,99994,264"
2019-06-28 09:30:30.000000000,BEST_ASK,"JPM,99998,364"
2019-06-28 09:30:30.000000000,BEST_BID,"JPM,99994,264"
2019-06-28 09:30:30.000000000,BEST_ASK,"JPM,99998,364"
2019-06-28 09:30:30.674650077,QUERY_SPREAD,44
2019-06-28 09:30:30.674650077,BEST_BID,"JPM,99994,264"
2019-06-28 09:30:30.674650077,BEST_ASK,"JPM,99998,364"
2019-06-28 09:30:40.000000000,QUERY_SPREAD,1
2019-06-28 09:30:40.000000000,BEST_BID,"JPM,99994,212"
2019-06-28 09:30:40.000000000,BEST_ASK,"JPM,99998,200"
2019-06-28 09:30:40.000000000,BEST_BID,"JPM,99994,212"
2019-06-28 09:30:40.000000000,BEST_ASK,"JPM,99998,200"
2019-06-28 09:30:40.000000000,BEST_BID,"JPM,99994,212"
2019-06-28 09:30:40.000000000,BEST_ASK,"JPM,99998,200"
2019-06-28 09:30:40.000000000,BEST_BID,"JPM,99994,212"
2019-06-28 09:30:40.000000000,BEST_ASK,"JPM,99998,312"
2019-06-28 09:30:40.000000000,BEST_BID,"JPM,99994,212"
2019-06-28 09:30:40.000000000,BEST_ASK,"JPM,99998,312"
2019-06-28 09:30:40.000000000,BEST_BID,"JPM,99994,212"
2019-06-28 09:30:40.000000000,BEST_ASK,"JPM,99998,312"
2019-06-28 09:30:50.000000000,QUERY_SPREAD,1
2019-06-28 09:30:50.000000000,BEST_BID,"JPM,99994,428"
2019-06-28 09:30:50.000000000,BEST_ASK,"JPM,99998,200"
2019-06-28 09:30:50.000000000,BEST_BID,"JPM,99994,428"
2019-06-28 09:30:50.000000000,BEST_ASK,"JPM,99998,528"
2019-06-28 09:30:58.074671811,QUERY_SPREAD,36
2019-06-28 09:30:58.074671811,BEST_BID,"JPM,99994,428"
2019-06-28 09:30:58.074671811,BEST_ASK,"JPM,99998,528"
2019-06-28 09:31:00.000000000,QUERY_SPREAD,1
2019-06-28 09:31:00.000000000,BEST_BID,"JPM,99994,182"
2019-06-28 09:31:00.000000000,BEST_ASK,"JPM,99998,200"
2019-06-28 09:31:00.000000000,BEST_BID,"JPM,99994,182"
2019-06-28 09:31:00.000000000,BEST_ASK,"JPM,99998,200"
2019-06-28 09:31:00.000000000,BEST_BID,"JPM,99994,182"
2019-06-28 09:31:00.000000000,BEST_ASK,"JPM,99998,200"
2019-06-28 09:31:00.000000000,BEST_BID,"JPM,99994,182"
2019-06-28 09:31:00.000000000,BEST_ASK,"JPM,99998,200"
2019-06-28 09:31:00.000000000,BEST_BID,"JPM,99994,182"
2019-06-28 09:31:00.000000000,BEST_ASK,"JPM,99998,282"
2019-06-28 09:31:00.000000000,BEST_BID,"JPM,99994,182"
2019-06-28 09:31:00.000000000,BEST_ASK,"JPM,99998,282"
2019-06-28 09:31:00.000000000,BEST_BID,"JPM,99994,182"
2019-06-28 09:31:00.000000000,BEST_ASK,"JPM,99998,282"
2019-06-28 09:31:00.000000000,BEST_BID,"JPM,99994,182"
2019-06-28 09:31:00.000000000,BEST_ASK,"JPM,99998,282"
2019-06-28 09:31:00.000000000,QUERY_SPREAD,77
2019-06-28 09:31:00.000000000,QUERY_SPREAD,78
2019-06-28 09:31:00.000000000,QUERY_SPREAD,79
2019-06-28 09:31:00.000000000,QUERY_SPREAD,80
2019-06-28 09:31:00.000000000,QUERY_SPREAD,81
2019-06-28 09:31:00.000000000,QUERY_SPREAD,82
2019-06-28 09:31:00.000000000,QUERY_SPREAD,83
2019-06-28 09:31:00.000000000,QUERY_SPREAD,84
2019-06-28 09:31:00.000000000,QUERY_SPREAD,85
2019-06-28 09:31:00.000000000,QUERY_SPREAD,86
2019-06-28 09:31:00.000000000,QUERY_SPREAD,87
2019-06-28 09:31:00.000000000,QUERY_SPREAD,88
2019-06-28 09:31:00.000000000,QUERY_SPREAD,89
2019-06-28 09:31:00.000000000,QUERY_SPREAD,90
2019-06-28 09:31:00.000000000,QUERY_SPREAD,91
2019-06-28 09:31:00.000000000,QUERY_SPREAD,92
2019-06-28 09:31:00.000000000,QUERY_SPREAD,93
2019-06-28 09:31:00.000000000,QUERY_SPREAD,94
2019-06-28 09:31:00.000000000,QUERY_SPREAD,95
2019-06-28 09:31:00.000000000,QUERY_SPREAD,96
2019-06-28 09:31:00.000000000,QUERY_SPREAD,97
2019-06-28 09:31:00.000000000,QUERY_SPREAD,98
2019-06-28 09:31:00.000000000,QUERY_SPREAD,99
2019-06-28 09:31:00.000000000,QUERY_SPREAD,100
2019-06-28 09:31:00.000000000,QUERY_SPREAD,101
2019-06-28 09:31:00.000000000,QUERY_ORDER_STREAM,101
2019-06-28 09:31:04.809033190,QUERY_ORDER_STREAM,64
2019-06-28 09:31:04.809033190,QUERY_SPREAD,64
2019-06-28 09:31:10.000000000,QUERY_SPREAD,1
2019-06-28 09:31:10.000000000,BEST_BID,"JPM,99994,182"
2019-06-28 09:31:10.000000000,BEST_ASK,"JPM,99998,200"
2019-06-28 09:31:10.000000000,BEST_BID,"JPM,99994,182"
2019-06-28 09:31:10.000000000,BEST_ASK,"JPM,99998,200"
2019-06-28 09:31:10.000000000,BEST_BID,"JPM,99994,182"
2019-06-28 09:31:10.000000000,BEST_ASK,"JPM,99998,200"
2019-06-28 09:31:10.000000000,BEST_BID,"JPM,99994,182"
2019-06-28 09:31:10.000000000,BEST_ASK,"JPM,99998,200"
2019-06-28 09:31:10.000000000,BEST_BID,"JPM,99994,182"
2019-06-28 09:31:10.000000000,BEST_ASK,"JPM,99998,282"
2019-06-28 09:31:10.000000000,BEST_BID,"JPM,99994,182"
2019-06-28 09:31:10.000000000,BEST_ASK,"JPM,99998,282"
2019-06-28 09:31:10.000000000,BEST_BID,"JPM,99994,182"
2019-06-28 09:31:10.000000000,BEST_ASK,"JPM,99998,282"
2019-06-28 09:31:10.000000000,BEST_BID,"JPM,99994,182"
2019-06-28 09:31:10.000000000,BEST_ASK,"JPM,99998,282"
2019-06-28 09:31:19.016132071,QUERY_SPREAD,35
2019-06-28 09:31:19.016132071,BEST_BID,"JPM,99994,82"
2019-06-28 09:31:19.016132071,BEST_ASK,"JPM,99998,282"
2019-06-28 09:31:19.016132071,LAST_TRADE,"100,$99994.0000"
2019-06-28 09:31:20.000000000,QUERY_SPREAD,1
2019-06-28 09:31:20.000000000,BEST_BID,"JPM,99991,212"
2019-06-28 09:31:20.000000000,BEST_ASK,"JPM,99998,200"
2019-06-28 09:31:20.000000000,BEST_BID,"JPM,99991,212"
2019-06-28 09:31:20.000000000,BEST_ASK,"JPM,99998,200"
2019-06-28 09:31:20.000000000,BEST_BID,"JPM,99991,212"
2019-06-28 09:31:20.000000000,BEST_ASK,"JPM,99998,200"
2019-06-28 09:31:20.000000000,BEST_BID,"JPM,99991,212"
2019-06-28 09:31:20.000000000,BEST_ASK,"JPM,99998,312"
2019-06-28 09:31:20.000000000,BEST_BID,"JPM,99991,212"
2019-06-28 09:31:20.000000000,BEST_ASK,"JPM,99998,312"
2019-06-28 09:31:20.000000000,BEST_BID,"JPM,99991,212"
2019-06-28 09:31:20.000000000,BEST_ASK,"JPM,99998,312"
2019-06-28 09:31:30.000000000,QUERY_SPREAD,1
2019-06-28 09:31:30.000000000,BEST_BID,"JPM,99991,182"
2019-06-28 09:31:30.000000000,BEST_ASK,"JPM,99998,200"
2019-06-28 09:31:30.000000000,BEST_BID,"JPM,99991,182"
2019-06-28 09:31:30.000000000,BEST_ASK,"JPM,99998,200"
2019-06-28 09:31:30.000000000,BEST_BID,"JPM,99991,182"
2019-06-28 09:31:30.000000000,BEST_ASK,"JPM,99998,200"
2019-06-28 09:31:30.000000000,BEST_BID,"JPM,99991,182"
2019-06-28 09:31:30.000000000,BEST_ASK,"JPM,99998,200"
2019-06-28 09:31:30.000000000,BEST_BID,"JPM,99991,182"
2019-06-28 09:31:30.000000000,BEST_ASK,"JPM,99998,282"
2019-06-28 09:31:30.000000000,BEST_BID,"JPM,99991,182"
2019-06-28 09:31:30.000000000,BEST_ASK,"JPM,99998,282"
2019-06-28 09:31:30.000000000,BEST_BID,"JPM,99991,182"
2019-06-28 09:31:30.000000000,BEST_ASK,"JPM,99998,282"
2019-06-28 09:31:30.000000000,BEST_BID,"JPM,99991,182"
2019-06-28 09:31:30.000000000,BEST_ASK,"JPM,99998,282"
2019-06-28 09:31:33.285346617,QUERY_SPREAD,39
2019-06-28 09:31:33.285346617,BEST_BID,"JPM,99991,182"
2019-06-28 09:31:33.285346617,BEST_ASK,"JPM,99998,282"
2019-06-28 09:31:40.000000000,QUERY_SPREAD,1
2019-06-28 09:31:40.000000000,BEST_BID,"JPM,99991,182"
2019-06-28 09:31:40.000000000,BEST_ASK,"JPM,99998,200"
2019-06-28 09:31:40.000000000,BEST_BID,"JPM,99991,182"
2019-06-28 09:31:40.000000000,BEST_ASK,"JPM,99998,200"
2019-06-28 09:31:40.000000000,BEST_BID,"JPM,99991,182"
2019-06-28 09:31:40.000000000,BEST_ASK,"JPM,99998,200"
2019-06-28 09:31:40.000000000,BEST_BID,"JPM,99991,182"
2019-06-28 09:31:40.000000000,BEST_ASK,"JPM,99998,200"
2019-06-28 09:31:40.000000000,BEST_BID,"JPM,99991,182"
2019-06-28 09:31:40.000000000,BEST_ASK,"JPM,99998,282"
2019-06-28 09:31:40.000000000,BEST_BID,"JPM,99991,182"
2019-06-28 09:31:40.000000000,BEST_ASK,"JPM,99998,282"
2019-06-28 09:31:40.000000000,BEST_BID,"JPM,99991,182"
2019-06-28 09:31:40.000000000,BEST_ASK,"JPM,99998,282"
2019-06-28 09:31:40.000000000,BEST_BID,"JPM,99991,182"
2019-06-28 09:31:40.000000000,BEST_ASK,"JPM,99998,282"
2019-06-28 09:31:46.641445267,QUERY_ORDER_STREAM,71
2019-06-28 09:31:46.641445267,QUERY_SPREAD,71
2019-06-28 09:31:46.641445267,BEST_BID,"JPM,99991,182"
2019-06-28 09:31:46.641445267,BEST_ASK,"JPM,99995,100"
2019-06-28 09:31:50.000000000,QUERY_SPREAD,1
2019-06-28 09:31:50.000000000,BEST_BID,"JPM,99991,428"
2019-06-28 09:31:50.000000000,BEST_ASK,"JPM,99995,100"
2019-06-28 09:31:50.000000000,BEST_BID,"JPM,99991,428"
2019-06-28 09:31:50.000000000,BEST_ASK,"JPM,99995,428"
2019-06-28 09:31:55.402148544,QUERY_SPREAD,27
2019-06-28 09:31:55.402148544,BEST_BID,"JPM,99991,328"
2019-06-28 09:31:55.402148544,BEST_ASK,"JPM,99995,428"
2019-06-28 09:31:55.402148544,LAST_TRADE,"100,$99991.0000"
2019-06-28 09:32:00.000000000,QUERY_SPREAD,1
2019-06-28 09:32:00.000000000,BEST_BID,"JPM,99946,212"
2019-06-28 09:32:00.000000000,BEST_ASK,"JPM,99995,100"
2019-06-28 09:32:00.000000000,BEST_BID,"JPM,99946,212"
2019-06-28 09:32:00.000000000,BEST_ASK,"JPM,99995,100"
2019-06-28 09:32:00.000000000,BEST_BID,"JPM,99946,212"
2019-06-28 09:32:00.000000000,BEST_ASK,"JPM,99995,100"
2019-06-28 09:32:00.000000000,BEST_BID,"JPM,99946,212"
2019-06-28 09:32:00.000000000,BEST_ASK,"JPM,99995,212"
2019-06-28 09:32:00.000000000,BEST_BID,"JPM,99946,212"
2019-06-28 09:32:00.000000000,BEST_ASK,"JPM,99995,212"
2019-06-28 09:32:00.000000000,BEST_BID,"JPM,99946,212"
2019-06-28 09:32:00.000000000,BEST_ASK,"JPM,99995,212"
2019-06-28 09:32:00.000000000,QUERY_SPREAD,77
2019-06-28 09:32:00.000000000,QUERY_SPREAD,78
2019-06-28 09:32:00.000000000,QUERY_SPREAD,79
2019-06-28 09:32:00.000000000,QUERY_SPREAD,80
2019-06-28 09:32:00.000000000,QUERY_SPREAD,81
2019-06-28 09:32:00.000000000,QUERY_SPREAD,82
2019-06-28 09:32:00.000000000,QUERY_SPREAD,83
2019-06-28 09:32:00.000000000,QUERY_SPREAD,84
2019-06-28 09:32:00.000000000,QUERY_SPREAD,85
2019-06-28 09:32:00.000000000,QUERY_SPREAD,86
2019-06-28 09:32:00.000000000,QUERY_SPREAD,87
2019-06-28 09:32:00.000000000,QUERY_SPREAD,88
2019-06-28 09:32:00.000000000,QUERY_SPREAD,89
2019-06-28 09:32:00.000000000,QUERY_SPREAD,90
2019-06-28 09:32:00.000000000,QUERY_SPREAD,91
2019-06-28 09:32:00.000000000,QUERY_SPREAD,92
2019-06-28 09:32:00.000000000,QUERY_SPREAD,93
2019-06-28 09:32:00.000000000,QUERY_SPREAD,94
2019-06-28 09:32:00.000000000,QUERY_SPREAD,95
2019-06-28 09:32:00.000000000,QUERY_SPREAD,96
2019-06-28 09:32:00.000000000,QUERY_SPREAD,97
2019-06-28 09:32:00.000000000,QUERY_SPREAD,98
2019-06-28 09:32:00.000000000,QUERY_SPREAD,99
2019-06-28 09:32:00.000000000,QUERY_SPREAD,100
2019-06-28 09:32:00.000000000,QUERY_SPREAD,101
2019-06-28 09:32:00.000000000,QUERY_ORDER_STREAM,101
2019-06-28 09:32:04.566081891,QUERY_SPREAD,26
2019-06-28 09:32:04.566081891,BEST_BID,"JPM,99946,212"
2019-06-28 09:32:04.566081891,BEST_ASK,"JPM,99995,212"
2019-06-28 09:32:10.000000000,QUERY_SPREAD,1
2019-06-28 09:32:10.000000000,BEST_BID,"JPM,99946,428"
2019-06-28 09:32:10.000000000,BEST_ASK,"JPM,99995,100"
2019-06-28 09:32:10.000000000,BEST_BID,"JPM,99946,428"
2019-06-28 09:32:10.000000000,BEST_ASK,"JPM,99995,428"
2019-06-28 09:32:18.159939726,QUERY_ORDER_STREAM,57
2019-06-28 09:32:18.159939726,QUERY_SPREAD,57
2019-06-28 09:32:20.000000000,QUERY_SPREAD,1
2019-06-28 09:32:20.000000000,BEST_BID,"JPM,99946,264"
2019-06-28 09:32:20.000000000,BEST_ASK,"JPM,99995,100"
2019-06-28 09:32:20.000000000,BEST_BID,"JPM,99946,264"
2019-06-28 09:32:20.000000000,BEST_ASK,"JPM,99995,100"
2019-06-28 09:32:20.000000000,BEST_BID,"JPM,99946,264"
2019-06-28 09:32:20.000000000,BEST_ASK,"JPM,99995,264"
2019-06-28 09:32:20.000000000,BEST_BID,"JPM,99946,264"
2019-06-28 09:32:20.000000000,BEST_ASK,"JPM,99995,264"
2019-06-28 09:32:20.239115588,QUERY_SPREAD,3
2019-06-28 09:32:20.239115588,BEST_BID,"JPM,99946,264"
2019-06-28 09:32:20.239115588,BEST_ASK,"JPM,99995,264"
2019-06-28 09:32:21.638098741,QUERY_SPREAD,23
2019-06-28 09:32:21.638098741,BEST_BID,"JPM,99946,264"
2019-06-28 09:32:21.638098741,BEST_ASK,"JPM,99995,264"
2019-06-28 09:32:22.393022199,QUERY_SPREAD,16
2019-06-28 09:32:22.393022199,BEST_BID,"JPM,99946,264"
2019-06-28 09:32:22.393022199,BEST_ASK,"JPM,99971,100"
2019-06-28 09:32:25.936974293,QUERY_ORDER_STREAM,57
2019-06-28 09:32:25.936974293,QUERY_SPREAD,57
2019-06-28 09:32:30.000000000,QUERY_SPREAD,1
2019-06-28 09:32:30.000000000,BEST_BID,"JPM,99946,264"
2019-06-28 09:32:30.000000000,BEST_ASK,"JPM,99971,100"
2019-06-28 09:32:30.000000000,BEST_BID,"JPM,99946,264"
2019-06-28 09:32:30.000000000,BEST_ASK,"JPM,99971,100"
2019-06-28 09:32:30.000000000,BEST_BID,"JPM,99946,264"
2019-06-28 09:32:30.000000000,BEST_ASK,"JPM,99971,264"
2019-06-28 09:32:30.000000000,BEST_BID,"JPM,99946,264"
2019-06-28 09:32:30.000000000,BEST_ASK,"JPM,99971,264"
2019-06-28 09:32:32.047999717,QUERY_SPREAD,25
2019-06-28 09:32:32.047999717,BEST_BID,"JPM,99946,264"
2019-06-28 09:32:32.047999717,BEST_ASK,"JPM,99966,100"
2019-06-28 09:32:40.000000000,QUERY_SPREAD,1
2019-06-28 09:32:40.000000000,BEST_BID,"JPM,99946,166"
2019-06-28 09:32:40.000000000,BEST_ASK,"JPM,99966,100"
2019-06-28 09:32:40.000000000,BEST_BID,"JPM,99946,166"
2019-06-28 09:32:40.000000000,BEST_ASK,"JPM,99966,100"
2019-06-28 09:32:40.000000000,BEST_BID,"JPM,99946,166"
2019-06-28 09:32:40.000000000,BEST_ASK,"JPM,99966,100"
2019-06-28 09:32:40.000000000,BEST_BID,"JPM,99946,166"
2019-06-28 09:32:40.000000000,BEST_ASK,"JPM,99966,100"
2019-06-28 09:32:40.000000000,BEST_BID,"JPM,99946,166"
2019-06-28 09:32:40.000000000,BEST_ASK,"JPM,99966,100"
2019-06-28 09:32:40.000000000,BEST_BID,"JPM,99946,166"
2019-06-28 09:32:40.000000000,BEST_ASK,"JPM,99966,166"
2019-06-28 09:32:40.000000000,BEST_BID,"JPM,99946,166"
2019-06-28 09:32:40.000000000,BEST_ASK,"JPM,99966,166"
2019-06-28 09:32:40.000000000,BEST_BID,"JPM,99946,166"
2019-06-28 09:32:40.000000000,BEST_ASK,"JPM,99966,166"
2019-06-28 09:32:40.000000000,BEST_BID,"JPM,99946,166"
2019-06-28 09:32:40.000000000,BEST_ASK,"JPM,99966,166"
2019-06-28 09:32:40.000000000,BEST_BID,"JPM,99946,166"
2019-06-28 09:32:40.000000000,BEST_ASK,"JPM,99966,166"
2019-06-28 09:32:50.000000000,QUERY_SPREAD,1
2019-06-28 09:32:50.000000000,BEST_BID,"JPM,99946,212"
2019-06-28 09:32:50.000000000,BEST_ASK,"JPM,99966,100"
2019-06-28 09:32:50.000000000,BEST_BID,"JPM,99946,212"
2019-06-28 09:32:50.000000000,BEST_ASK,"JPM,99966,100"
2019-06-28 09:32:50.000000000,BEST_BID,"JPM,99946,212"
2019-06-28 09:32:50.000000000,BEST_ASK,"JPM,99966,100"
2019-06-28 09:32:50.000000000,BEST_BID,"JPM,99946,212"
2019-06-28 09:32:50.000000000,BEST_ASK,"JPM,99966,212"
2019-06-28 09:32:50.000000000,BEST_BID,"JPM,99946,212"
2019-06-28 09:32:50.000000000,BEST_ASK,"JPM,99966,212"
2019-06-28 09:32:50.000000000,BEST_BID,"JPM,99946,212"
2019-06-28 09:32:50.000000000,BEST_ASK,"JPM,99966,212"
2019-06-28 09:33:00.000000000,QUERY_SPREAD,1
2019-06-28 09:33:00.000000000,BEST_BID,"JPM,99946,428"
2019-06-28 09:33:00.000000000,BEST_ASK,"JPM,99966,100"
2019-06-28 09:33:00.000000000,BEST_BID,"JPM,99946,428"
2019-06-28 09:33:00.000000000,BEST_ASK,"JPM,99966,428"
2019-06-28 09:33:00.000000000,QUERY_SPREAD,77
2019-06-28 09:33:00.000000000,QUERY_SPREAD,78
2019-06-28 09:33:00.000000000,QUERY_SPREAD,79
2019-06-28 09:33:00.000000000,QUERY_SPREAD,80
2019-06-28 09:33:00.000000000,QUERY_SPREAD,81
2019-06-28 09:33:00.000000000,QUERY_SPREAD,82
2019-06-28 09:33:00.000000000,QUERY_SPREAD,83
2019-06-28 09:33:00.000000000,QUERY_SPREAD,84
2019-06-28 09:33:00.000000000,QUERY_SPREAD,85
2019-06-28 09:33:00.000000000,QUERY_SPREAD,86
2019-06-28 09:33:00.000000000,QUERY_SPREAD,87
2019-06-28 09:33:00.000000000,QUERY_SPREAD,88
2019-06-28 09:33:00.000000000,QUERY_SPREAD,89
2019-06-28 09:33:00.000000000,QUERY_SPREAD,90
2019-06-28 09:33:00.000000000,QUERY_SPREAD,91
2019-06-28 09:33:00.000000000,QUERY_SPREAD,92
2019-06-28 09:33:00.000000000,QUERY_SPREAD,93
2019-06-28 09:33:00.000000000,QUERY_SPREAD,94
2019-06-28 09:33:00.000000000,QUERY_SPREAD,95
2019-06-28 09:33:00.000000000,QUERY_SPREAD,96
2019-06-28 09:33:00.000000000,QUERY_SPREAD,97
2019-06-28 09:33:00.000000000,QUERY_SPREAD,98
2019-06-28 09:33:00.000000000,QUERY_SPREAD,99
2019-06-28 09:33:00.000000000,QUERY_SPREAD,100
2019-06-28 09:33:00.000000000,QUERY_SPREAD,101
2019-06-28 09:33:00.000000000,QUERY_ORDER_STREAM,101
2019-06-28 09:33:10.000000000,QUERY_SPREAD,1
2019-06-28 09:33:10.000000000,BEST_BID,"JPM,99946,428"
2019-06-28 09:33:10.000000000,BEST_ASK,"JPM,99966,100"
2019-06-28 09:33:10.000000000,BEST_BID,"JPM,99946,428"
2019-06-28 09:33:10.000000000,BEST_ASK,"JPM,99966,428"
2019-06-28 09:33:18.446366437,QUERY_SPREAD,21
2019-06-28 09:33:18.446366437,BEST_BID,"JPM,99946,328"
2019-06-28 09:33:18.446366437,BEST_ASK,"JPM,99966,428"
2019-06-28 09:33:18.446366437,LAST_TRADE,"100,$99946.0000"
2019-06-28 09:33:20.000000000,QUERY_SPREAD,1
2019-06-28 09:33:20.000000000,BEST_BID,"JPM,99943,428"
2019-06-28 09:33:20.000000000,BEST_ASK,"JPM,99966,100"
2019-06-28 09:33:20.000000000,BEST_BID,"JPM,99943,428"
2019-06-28 09:33:20.000000000,BEST_ASK,"JPM,99966,428"
2019-06-28 09:33:30.000000000,QUERY_SPREAD,1
2019-06-28 09:33:30.000000000,BEST_BID,"JPM,99943,166"
2019-06-28 09:33:30.000000000,BEST_ASK,"JPM,99966,100"
2019-06-28 09:33:30.000000000,BEST_BID,"JPM,99943,166"
2019-06-28 09:33:30.000000000,BEST_ASK,"JPM,99966,100"
2019-06-28 09:33:30.000000000,BEST_BID,"JPM,99943,166"
2019-06-28 09:33:30.000000000,BEST_ASK,"JPM,99966,100"
2019-06-28 09:33:30.000000000,BEST_BID,"JPM,99943,166"
2019-06-28 09:33:30.000000000,BEST_ASK,"JPM,99966,100"
2019-06-28 09:33:30.000000000,BEST_BID,"JPM,99943,166"
2019-06-28 09:33:30.000000000,BEST_ASK,"JPM,99966,100"
2019-06-28 09:33:30.000000000,BEST_BID,"JPM,99943,166"
2019-06-28 09:33:30.000000000,BEST_ASK,"JPM,99966,166"
2019-06-28 09:33:30.000000000,BEST_BID,"JPM,99943,166"
2019-06-28 09:33:30.000000000,BEST_ASK,"JPM,99966,166"
2019-06-28 09:33:30.000000000,BEST_BID,"JPM,99943,166"
2019-06-28 09:33:30.000000000,BEST_ASK,"JPM,99966,166"
2019-06-28 09:33:30.000000000,BEST_BID,"JPM,99943,166"
2019-06-28 09:33:30.000000000,BEST_ASK,"JPM,99966,166"
2019-06-28 09:33:30.000000000,BEST_BID,"JPM,99943,166"
2019-06-28 09:33:30.000000000,BEST_ASK,"JPM,99966,166"
2019-06-28 09:33:40.000000000,QUERY_SPREAD,1
2019-06-28 09:33:40.000000000,BEST_BID,"JPM,99943,182"
2019-06-28 09:33:40.000000000,BEST_ASK,"JPM,99966,100"
2019-06-28 09:33:40.000000000,BEST_BID,"JPM,99943,182"
2019-06-28 09:33:40.000000000,BEST_ASK,"JPM,99966,100"
2019-06-28 09:33:40.000000000,BEST_BID,"JPM,99943,182"
2019-06-28 09:33:40.000000000,BEST_ASK,"JPM,99966,100"
2019-06-28 09:33:40.000000000,BEST_BID,"JPM,99943,182"
2019-06-28 09:33:40.000000000,BEST_ASK,"JPM,99966,100"
2019-06-28 09:33:40.000000000,BEST_BID,"JPM,99943,182"
2019-06-28 09:33:40.000000000,BEST_ASK,"JPM,99966,182"
2019-06-28 09:33:40.000000000,BEST_BID,"JPM,99943,182"
2019-06-28 09:33:40.000000000,BEST_ASK,"JPM,99966,182"
2019-06-28 09:33:40.000000000,BEST_BID,"JPM,99943,182"
2019-06-28 09:33:40.000000000,BEST_ASK,"JPM,99966,182"
2019-06-28 09:33:40.000000000,BEST_BID,"JPM,99943,182"
2019-06-28 09:33:40.000000000,BEST_ASK,"JPM,99966,182"
2019-06-28 09:33:44.889794133,QUERY_SPREAD,9
2019-06-28 09:33:44.889794133,BEST_BID,"JPM,99943,82"
2019-06-28 09:33:44.889794133,BEST_ASK,"JPM,99966,182"
2019-06-28 09:33:44.889794133,LAST_TRADE,"100,$99943.0000"
2019-06-28 09:33:50.000000000,QUERY_SPREAD,1
2019-06-28 09:33:50.000000000,BEST_BID,"JPM,99941,166"
2019-06-28 09:33:50.000000000,BEST_ASK,"JPM,99966,100"
2019-06-28 09:33:50.000000000,BEST_BID,"JPM,99941,166"
2019-06-28 09:33:50.000000000,BEST_ASK,"JPM,99966,100"
2019-06-28 09:33:50.000000000,BEST_BID,"JPM,99941,166"
2019-06-28 09:33:50.000000000,BEST_ASK,"JPM,99966,100"
2019-06-28 09:33:50.000000000,BEST_BID,"JPM,99941,166"
2019-06-28 09:33:50.000000000,BEST_ASK,"JPM,99966,100"
2019-06-28 09:33:50.000000000,BEST_BID,"JPM,99941,166"
2019-06-28 09:33:50.000000000,BEST_ASK,"JPM,99966,100"
2019-06-28 09:33:50.000000000,BEST_BID,"JPM,99941,166"
2019-06-28 09:33:50.000000000,BEST_ASK,"JPM,99966,166"
2019-06-28 09:33:50.000000000,BEST_BID,"JPM,99941,166"
2019-06-28 09:33:50.000000000,BEST_ASK,"JPM,99966,166"
2019-06-28 09:33:50.000000000,BEST_BID,"JPM,99941,166"
2019-06-28 09:33:50.000000000,BEST_ASK,"JPM,99966,166"
2019-06-28 09:33:50.000000000,BEST_BID,"JPM,99941,166"
2019-06-28 09:33:50.000000000,BEST_ASK,"JPM,99966,166"
2019-06-28 09:33:50.000000000,BEST_BID,"JPM,99941,166"
2019-06-28 09:33:50.000000000,BEST_ASK,"JPM,99966,166"
2019-06-28 09:33:58.846825853,QUERY_SPREAD,26
2019-06-28 09:33:58.846825853,BEST_BID,"JPM,99941,66"
2019-06-28 09:33:58.846825853,BEST_ASK,"JPM,99966,166"
2019-06-28 09:33:58.846825853,LAST_TRADE,"100,$99941.0000"
2019-06-28 09:34:00.000000000,QUERY_SPREAD,1
2019-06-28 09:34:00.000000000,BEST_BID,"JPM,99922,166"
2019-06-28 09:34:00.000000000,BEST_ASK,"JPM,99966,100"
2019-06-28 09:34:00.000000000,BEST_BID,"JPM,99922,166"
2019-06-28 09:34:00.000000000,BEST_ASK,"JPM,99966,100"
2019-06-28 09:34:00.000000000,BEST_BID,"JPM,99922,166"
2019-06-28 09:34:00.000000000,BEST_ASK,"JPM,99966,100"
2019-06-28 09:34:00.000000000,BEST_BID,"JPM,99922,166"
2019-06-28 09:34:00.000000000,BEST_ASK,"JPM,99966,100"
2019-06-28 09:34:00.000000000,BEST_BID,"JPM,99922,166"
2019-06-28 09:34:00.000000000,BEST_ASK,"JPM,99966,100"
2019-06-28 09:34:00.000000000,BEST_BID,"JPM,99922,166"
2019-06-28 09:34:00.000000000,BEST_ASK,"JPM,99966,166"
2019-06-28 09:34:00.000000000,BEST_BID,"JPM,99922,166"
2019-06-28 09:34:00.000000000,BEST_ASK,"JPM,99966,166"
2019-06-28 09:34:00.000000000,BEST_BID,"JPM,99922,166"
2019-06-28 09:34:00.000000000,BEST_ASK,"JPM,99966,166"
2019-06-28 09:34:00.000000000,BEST_BID,"JPM,99922,166"
2019-06-28 09:34:00.000000000,BEST_ASK,"JPM,99966,166"
2019-06-28 09:34:00.000000000,BEST_BID,"JPM,99922,166"
2019-06-28 09:34:00.000000000,BEST_ASK,"JPM,99966,166"
2019-06-28 09:34:00.000000000,QUERY_SPREAD,77
2019-06-28 09:34:00.000000000,QUERY_SPREAD,78
2019-06-28 09:34:00.000000000,QUERY_SPREAD,79
2019-06-28 09:34:00.000000000,QUERY_SPREAD,80
2019-06-28 09:34:00.000000000,QUERY_SPREAD,81
2019-06-28 09:34:00.000000000,QUERY_SPREAD,82
2019-06-28 09:34:00.000000000,QUERY_SPREAD,83
2019-06-28 09:34:00.000000000,QUERY_SPREAD,84
2019-06-28 09:34:00.000000000,QUERY_SPREAD,85
2019-06-28 09:34:00.000000000,QUERY_SPREAD,86
2019-06-28 09:34:00.000000000,QUERY_SPREAD,87
2019-06-28 09:34:00.000000000,QUERY_SPREAD,88
2019-06-28 09:34:00.000000000,QUERY_SPREAD,89
2019-06-28 09:34:00.000000000,QUERY_SPREAD,90
2019-06-28 09:34:00.000000000,QUERY_SPREAD,91
2019-06-28 09:34:00.000000000,QUERY_SPREAD,92
2019-06-28 09:34:00.000000000,QUERY_SPREAD,93
2019-06-28 09:34:00.000000000,QUERY_SPREAD,94
2019-06-28 09:34:00.000000000,QUERY_SPREAD,95
2019-06-28 09:34:00.000000000,QUERY_SPREAD,96
2019-06-28 09:34:00.000000000,QUERY_SPREAD,97
2019-06-28 09:34:00.000000000,QUERY_SPREAD,98
2019-06-28 09:34:00.000000000,QUERY_SPREAD,99
2019-06-28 09:34:00.000000000,QUERY_SPREAD,100
2019-06-28 09:34:00.000000000,QUERY_SPREAD,101
2019-06-28 09:34:00.000000000,QUERY_ORDER_STREAM,101
2019-06-28 09:34:10.000000000,QUERY_SPREAD,1
2019-06-28 09:34:10.000000000,BEST_BID,"JPM,99922,182"
2019-06-28 09:34:10.000000000,BEST_ASK,"JPM,99966,100"
2019-06-28 09:34:10.000000000,BEST_BID,"JPM,99922,182"
2019-06-28 09:34:10.000000000,BEST_ASK,"JPM,99966,100"
2019-06-28 09:34:10.000000000,BEST_BID,"JPM,99922,182"
2019-06-28 09:34:10.000000000,BEST_ASK,"JPM,99966,100"
2019-06-28 09:34:10.000000000,BEST_BID,"JPM,99922,182"
2019-06-28 09:34:10.000000000,BEST_ASK,"JPM,99966,100"
2019-06-28 09:34:10.000000000,BEST_BID,"JPM,99922,182"
2019-06-28 09:34:10.000000000,BEST_ASK,"JPM,99966,182"
2019-06-28 09:34:10.000000000,BEST_BID,"JPM,99922,182"
2019-06-28 09:34:10.000000000,BEST_ASK,"JPM,99966,182"
2019-06-28 09:34:10.000000000,BEST_BID,"JPM,99922,182"
2019-06-28 09:34:10.000000000,BEST_ASK,"JPM,99966,182"
2019-06-28 09:34:10.000000000,BEST_BID,"JPM,99922,182"
2019-06-28 09:34:10.000000000,BEST_ASK,"JPM,99966,182"
2019-06-28 09:34:20.000000000,QUERY_SPREAD,1
2019-06-28 09:34:20.000000000,BEST_BID,"JPM,99922,212"
2019-06-28 09:34:20.000000000,BEST_ASK,"JPM,99966,100"
2019-06-28 09:34:20.000000000,BEST_BID,"JPM,99922,212"
2019-06-28 09:34:20.000000000,BEST_ASK,"JPM,99966,100"
2019-06-28 09:34:20.000000000,BEST_BID,"JPM,99922,212"
2019-06-28 09:34:20.000000000,BEST_ASK,"JPM,99966,100"
2019-06-28 09:34:20.000000000,BEST_BID,"JPM,99922,212"
2019-06-28 09:34:20.000000000,BEST_ASK,"JPM,99966,212"
2019-06-28 09:34:20.000000000,BEST_BID,"JPM,99922,212"
2019-06-28 09:34:20.000000000,BEST_ASK,"JPM,99966,212"
2019-06-28 09:34:20.000000000,BEST_BID,"JPM,99922,212"
2019-06-28 09:34:20.000000000,BEST_ASK,"JPM,99966,212"
2019-06-28 09:34:23.201707509,QUERY_SPREAD,14
2019-06-28 09:34:23.201707509,BEST_BID,"JPM,99922,212"
2019-06-28 09:34:23.201707509,BEST_ASK,"JPM,99966,212"
2019-06-28 09:34:30.000000000,QUERY_SPREAD,1
2019-06-28 09:34:30.000000000,BEST_BID,"JPM,99922,212"
2019-06-28 09:34:30.000000000,BEST_ASK,"JPM,99966,100"
2019-06-28 09:34:30.000000000,BEST_BID,"JPM,99922,212"
2019-06-28 09:34:30.000000000,BEST_ASK,"JPM,99966,100"
2019-06-28 09:34:30.000000000,BEST_BID,"JPM,99922,212"
2019-06-28 09:34:30.000000000,BEST_ASK,"JPM,99966,100"
2019-06-28 09:34:30.000000000,BEST_BID,"JPM,99922,212"
2019-06-28 09:34:30.000000000,BEST_ASK,"JPM,99966,212"
2019-06-28 09:34:30.000000000,BEST_BID,"JPM,99922,212"
2019-06-28 09:34:30.000000000,BEST_ASK,"JPM,99966,212"
2019-06-28 09:34:30.000000000,BEST_BID,"JPM,99922,212"
2019-06-28 09:34:30.000000000,BEST_ASK,"JPM,99966,212"
2019-06-28 09:34:37.532023642,QUERY_SPREAD,34
2019-06-28 09:34:37.532023642,BEST_BID,"JPM,99922,112"
2019-06-28 09:34:37.532023642,BEST_ASK,"JPM,99966,212"
2019-06-28 09:34:37.532023642,LAST_TRADE,"100,$99922.0000"
2019-06-28 09:34:40.000000000,QUERY_SPREAD,1
2019-06-28 09:34:40.000000000,BEST_BID,"JPM,99920,212"
2019-06-28 09:34:40.000000000,BEST_ASK,"JPM,99966,100"
2019-06-28 09:34:40.000000000,BEST_BID,"JPM,99920,212"
2019-06-28 09:34:40.000000000,BEST_ASK,"JPM,99966,100"
2019-06-28 09:34:40.000000000,BEST_BID,"JPM,99920,212"
2019-06-28 09:34:40.000000000,BEST_ASK,"JPM,99966,100"
2019-06-28 09:34:40.000000000,BEST_BID,"JPM,99920,212"
2019-06-28 09:34:40.000000000,BEST_ASK,"JPM,99966,212"
2019-06-28 09:34:40.000000000,BEST_BID,"JPM,99920,212"
2019-06-28 09:34:40.000000000,BEST_ASK,"JPM,99966,212"
2019-06-28 09:34:40.000000000,BEST_BID,"JPM,99920,212"
2019-06-28 09:34:40.000000000,BEST_ASK,"JPM,99966,212"
2019-06-28 09:34:41.341839887,QUERY_SPREAD,21
2019-06-28 09:34:41.341839887,BEST_BID,"JPM,99920,112"
2019-06-28 09:34:41.341839887,BEST_ASK,"JPM,99966,212"
2019-06-28 09:34:41.341839887,LAST_TRADE,"100,$99920.0000"
2019-06-28 09:34:41.790844793,QUERY_ORDER_STREAM,67
2019-06-28 09:34:41.790844793,QUERY_SPREAD,67
2019-06-28 09:34:50.000000000,QUERY_SPREAD,1
2019-06-28 09:34:50.000000000,BEST_BID,"JPM,99894,166"
2019-06-28 09:34:50.000000000,BEST_ASK,"JPM,99966,100"
2019-06-28 09:34:50.000000000,BEST_BID,"JPM,99894,166"
2019-06-28 09:34:50.000000000,BEST_ASK,"JPM,99966,100"
2019-06-28 09:34:50.000000000,BEST_BID,"JPM,99894,166"
2019-06-28 09:34:50.000000000,BEST_ASK,"JPM,99966,100"
2019-06-28 09:34:50.000000000,BEST_BID,"JPM,99894,166"
2019-06-28 09:34:50.000000000,BEST_ASK,"JPM,99966,100"
2019-06-28 09:34:50.000000000,BEST_BID,"JPM,99894,166"
2019-06-28 09:34:50.000000000,BEST_ASK,"JPM,99966,100"
2019-06-28 09:34:50.000000000,BEST_BID,"JPM,99894,166"
2019-06-28 09:34:50.000000000,BEST_ASK,"JPM,99966,166"
2019-06-28 09:34:50.000000000,BEST_BID,"JPM,99894,166"
2019-06-28 09:34:50.000000000,BEST_ASK,"JPM,99966,166"
2019-06-28 09:34:50.000000000,BEST_BID,"JPM,99894,166"
2019-06-28 09:34:50.000000000,BEST_ASK,"JPM,99966,166"
2019-06-28 09:34:50.000000000,BEST_BID,"JPM,99894,166"
2019-06-28 09:34:50.000000000,BEST_ASK,"JPM,99966,166"
2019-06-28 09:34:50.000000000,BEST_BID,"JPM,99894,166"
2019-06-28 09:34:50.000000000,BEST_ASK,"JPM,99966,166"
2019-06-28 09:35:00.000000000,QUERY_SPREAD,1
2019-06-28 09:35:00.000000000,BEST_BID,"JPM,99894,428"
2019-06-28 09:35:00.000000000,BEST_ASK,"JPM,99966,100"
2019-06-28 09:35:00.000000000,BEST_BID,"JPM,99894,428"
2019-06-28 09:35:00.000000000,BEST_ASK,"JPM,99966,428"
2019-06-28 09:35:00.000000000,QUERY_SPREAD,77
2019-06-28 09:35:00.000000000,QUERY_SPREAD,78
2019-06-28 09:35:00.000000000,QUERY_SPREAD,79
2019-06-28 09:35:00.000000000,QUERY_SPREAD,80
2019-06-28 09:35:00.000000000,QUERY_SPREAD,81
2019-06-28 09:35:00.000000000,QUERY_SPREAD,82
2019-06-28 09:35:00.000000000,QUERY_SPREAD,83
2019-06-28 09:35:00.000000000,QUERY_SPREAD,84
2019-06-28 09:35:00.000000000,QUERY_SPREAD,85
2019-06-28 09:35:00.000000000,QUERY_SPREAD,86
2019-06-28 09:35:00.000000000,QUERY_SPREAD,87
2019-06-28 09:35:00.000000000,QUERY_SPREAD,88
2019-06-28 09:35:00.000000000,QUERY_SPREAD,89
2019-06-28 09:35:00.000000000,QUERY_SPREAD,90
2019-06-28 09:35:00.000000000,QUERY_SPREAD,91
2019-06-28 09:35:00.000000000,QUERY_SPREAD,92
2019-06-28 09:35:00.000000000,QUERY_SPREAD,93
2019-06-28 09:35:00.000000000,QUERY_SPREAD,94
2019-06-28 09:35:00.000000000,QUERY_SPREAD,95
2019-06-28 09:35:00.000000000,QUERY_SPREAD,96
2019-06-28 09:35:00.000000000,QUERY_SPREAD,97
2019-06-28 09:35:00.000000000,QUERY_SPREAD,98
2019-06-28 09:35:00.000000000,QUERY_SPREAD,99
2019-06-28 09:35:00.000000000,QUERY_SPREAD,100
2019-06-28 09:35:00.000000000,QUERY_SPREAD,101
2019-06-28 09:35:00.000000000,QUERY_ORDER_STREAM,101
2019-06-28 09:35:10.000000000,QUERY_SPREAD,1
2019-06-28 09:35:10.000000000,BEST_BID,"JPM,99894,182"
2019-06-28 09:35:10.000000000,BEST_ASK,"JPM,99966,100"
2019-06-28 09:35:10.000000000,BEST_BID,"JPM,99894,182"
2019-06-28 09:35:10.000000000,BEST_ASK,"JPM,99966,100"
2019-06-28 09:35:10.000000000,BEST_BID,"JPM,99894,182"
2019-06-28 09:35:10.000000000,BEST_ASK,"JPM,99966,100"
2019-06-28 09:35:10.000000000,BEST_BID,"JPM,99894,182"
2019-06-28 09:35:10.000000000,BEST_ASK,"JPM,99966,100"
2019-06-28 09:35:10.000000000,BEST_BID,"JPM,99894,182"
2019-06-28 09:35:10.000000000,BEST_ASK,"JPM,99966,182"
2019-06-28 09:35:10.000000000,BEST_BID,"JPM,99894,182"
2019-06-28 09:35:10.000000000,BEST_ASK,"JPM,99966,182"
2019-06-28 09:35:10.000000000,BEST_BID,"JPM,99894,182"
2019-06-28 09:35:10.000000000,BEST_ASK,"JPM,99966,182"
2019-06-28 09:35:10.000000000,BEST_BID,"JPM,99894,182"
2019-06-28 09:35:10.000000000,BEST_ASK,"JPM,99966,182"
2019-06-28 09:35:20.000000000,QUERY_SPREAD,1
2019-06-28 09:35:20.000000000,BEST_BID,"JPM,99894,212"
2019-06-28 09:35:20.000000000,BEST_ASK,"JPM,99966,100"
2019-06-28 09:35:20.000000000,BEST_BID,"JPM,99894,212"
2019-06-28 09:35:20.000000000,BEST_ASK,"JPM,99966,100"
2019-06-28 09:35:20.000000000,BEST_BID,"JPM,99894,212"
2019-06-28 09:35:20.000000000,BEST_ASK,"JPM,99966,100"
2019-06-28 09:35:20.000000000,BEST_BID,"JPM,99894,212"
2019-06-28 09:35:20.000000000,BEST_ASK,"JPM,99966,212"
2019-06-28 09:35:20.000000000,BEST_BID,"JPM,99894,212"
2019-06-28 09:35:20.000000000,BEST_ASK,"JPM,99966,212"
2019-06-28 09:35:20.000000000,BEST_BID,"JPM,99894,212"
2019-06-28 09:35:20.000000000,BEST_ASK,"JPM,99966,212"
2019-06-28 09:35:30.000000000,QUERY_SPREAD,1
2019-06-28 09:35:30.000000000,BEST_BID,"JPM,99894,166"
2019-06-28 09:35:30.000000000,BEST_ASK,"JPM,99966,100"
2019-06-28 09:35:30.000000000,BEST_BID,"JPM,99894,166"
2019-06-28 09:35:30.000000000,BEST_ASK,"JPM,99966,100"
2019-06-28 09:35:30.000000000,BEST_BID,"JPM,99894,166"
2019-06-28 09:35:30.000000000,BEST_ASK,"JPM,99966,100"
2019-06-28 09:35:30.000000000,BEST_BID,"JPM,99894,166"
2019-06-28 09:35:30.000000000,BEST_ASK,"JPM,99966,100"
2019-06-28 09:35:30.000000000,BEST_BID,"JPM,99894,166"
2019-06-28 09:35:30.000000000,BEST_ASK,"JPM,99966,100"
2019-06-28 09:35:30.000000000,BEST_BID,"JPM,99894,166"
2019-06-28 09:35:30.000000000,BEST_ASK,"JPM,99966,166"
2019-06-28 09:35:30.000000000,BEST_BID,"JPM,99894,166"
2019-06-28 09:35:30.000000000,BEST_ASK,"JPM,99966,166"
2019-06-28 09:35:30.000000000,BEST_BID,"JPM,99894,166"
2019-06-28 09:35:30.000000000,BEST_ASK,"JPM,99966,166"
2019-06-28 09:35:30.000000000,BEST_BID,"JPM,99894,166"
2019-06-28 09:35:30.000000000,BEST_ASK,"JPM,99966,166"
2019-06-28 09:35:30.000000000,BEST_BID,"JPM,99894,166"
2019-06-28 09:35:30.000000000,BEST_ASK,"JPM,99966,166"
2019-06-28 09:35:40.000000000,QUERY_SPREAD,1
2019-06-28 09:35:40.000000000,BEST_BID,"JPM,99894,166"
2019-06-28 09:35:40.000000000,BEST_ASK,"JPM,99966,100"
2019-06-28 09:35:40.000000000,BEST_BID,"JPM,99894,166"
2019-06-28 09:35:40.000000000,BEST_ASK,"JPM,99966,100"
2019-06-28 09:35:40.000000000,BEST_BID,"JPM,99894,166"
2019-06-28 09:35:40.000000000,BEST_ASK,"JPM,99966,100"
2019-06-28 09:35:40.000000000,BEST_BID,"JPM,99894,166"
2019-06-28 09:35:40.000000000,BEST_ASK,"JPM,99966,100"
2019-06-28 09:35:40.000000000,BEST_BID,"JPM,99894,166"
2019-06-28 09:35:40.000000000,BEST_ASK,"JPM,99966,100"
2019-06-28 09:35:40.000000000,BEST_BID,"JPM,99894,166"
2019-06-28 09:35:40.000000000,BEST_ASK,"JPM,99966,166"
2019-06-28 09:35:40.000000000,BEST_BID,"JPM,99894,166"
2019-06-28 09:35:40.000000000,BEST_ASK,"JPM,99966,166"
2019-06-28 09:35:40.000000000,BEST_BID,"JPM,99894,166"
2019-06-28 09:35:40.000000000,BEST_ASK,"JPM,99966,166"
2019-06-28 09:35:40.000000000,BEST_BID,"JPM,99894,166"
2019-06-28 09:35:40.000000000,BEST_ASK,"JPM,99966,166"
2019-06-28 09:35:40.000000000,BEST_BID,"JPM,99894,166"
2019-06-28 09:35:40.000000000,BEST_ASK,"JPM,99966,166"
2019-06-28 09:35:48.716945284,QUERY_ORDER_STREAM,54
2019-06-28 09:35:48.716945284,QUERY_SPREAD,54
2019-06-28 09:35:50.000000000,QUERY_SPREAD,1
2019-06-28 09:35:50.000000000,BEST_BID,"JPM,99894,264"
2019-06-28 09:35:50.000000000,BEST_ASK,"JPM,99966,100"
2019-06-28 09:35:50.000000000,BEST_BID,"JPM,99894,264"
2019-06-28 09:35:50.000000000,BEST_ASK,"JPM,99966,100"
2019-06-28 09:35:50.000000000,BEST_BID,"JPM,99894,264"
2019-06-28 09:35:50.000000000,BEST_ASK,"JPM,99966,264"
2019-06-28 09:35:50.000000000,BEST_BID,"JPM,99894,264"
2019-06-28 09:35:50.000000000,BEST_ASK,"JPM,99966,264"
2019-06-28 09:36:00.000000000,QUERY_SPREAD,1
2019-06-28 09:36:00.000000000,BEST_BID,"JPM,99894,264"
2019-06-28 09:36:00.000000000,BEST_ASK,"JPM,99966,100"
2019-06-28 09:36:00.000000000,BEST_BID,"JPM,99894,264"
2019-06-28 09:36:00.000000000,BEST_ASK,"JPM,99966,100"
2019-06-28 09:36:00.000000000,BEST_BID,"JPM,99894,264"
2019-06-28 09:36:00.000000000,BEST_ASK,"JPM,99966,264"
2019-06-28 09:36:00.000000000,BEST_BID,"JPM,99894,264"
2019-06-28 09:36:00.000000000,BEST_ASK,"JPM,99966,264"
2019-06-28 09:36:00.000000000,QUERY_SPREAD,77
2019-06-28 09:36:00.000000000,QUERY_SPREAD,78
2019-06-28 09:36:00.000000000,QUERY_SPREAD,79
2019-06-28 09:36:00.000000000,QUERY_SPREAD,80
2019-06-28 09:36:00.000000000,QUERY_SPREAD,81
2019-06-28 09:36:00.000000000,QUERY_SPREAD,82
2019-06-28 09:36:00.000000000,QUERY_SPREAD,83
2019-06-28 09:36:00.000000000,QUERY_SPREAD,84
2019-06-28 09:36:00.000000000,QUERY_SPREAD,85
2019-06-28 09:36:00.000000000,QUERY_SPREAD,86
2019-06-28 09:36:00.000000000,QUERY_SPREAD,87
2019-06-28 09:36:00.000000000,QUERY_SPREAD,88
2019-06-28 09:36:00.000000000,QUERY_SPREAD,89
2019-06-28 09:36:00.000000000,QUERY_SPREAD,90
2019-06-28 09:36:00.000000000,QUERY_SPREAD,91
2019-06-28 09:36:00.000000000,QUERY_SPREAD,92
2019-06-28 09:36:00.000000000,QUERY_SPREAD,93
2019-06-28 09:36:00.000000000,QUERY_SPREAD,94
2019-06-28 09:36:00.000000000,QUERY_SPREAD,95
2019-06-28 09:36:00.000000000,QUERY_SPREAD,96
2019-06-28 09:36:00.000000000,QUERY_SPREAD,97
2019-06-28 09:36:00.000000000,QUERY_SPREAD,98
2019-06-28 09:36:00.000000000,QUERY_SPREAD,99
2019-06-28 09:36:00.000000000,QUERY_SPREAD,100
2019-06-28 09:36:00.000000000,QUERY_SPREAD,101
2019-06-28 09:36:00.000000000,QUERY_ORDER_STREAM,101
2019-06-28 09:36:01.453462403,QUERY_ORDER_STREAM,68
2019-06-28 09:36:01.453462403,QUERY_SPREAD,68
2019-06-28 09:36:01.453462403,BEST_BID,"JPM,99923,100"
2019-06-28 09:36:01.453462403,BEST_ASK,"JPM,99966,264"
2019-06-28 09:36:02.271142537,QUERY_SPREAD,39
2019-06-28 09:36:02.271142537,BEST_BID,"JPM,99923,100"
2019-06-28 09:36:02.271142537,BEST_ASK,"JPM,99966,264"
2019-06-28 09:36:10.000000000,QUERY_SPREAD,1
2019-06-28 09:36:10.000000000,BEST_BID,"JPM,99923,428"
2019-06-28 09:36:10.000000000,BEST_ASK,"JPM,99966,100"
2019-06-28 09:36:10.000000000,BEST_BID,"JPM,99923,428"
2019-06-28 09:36:10.000000000,BEST_ASK,"JPM,99966,428"
2019-06-28 09:36:11.338475868,QUERY_SPREAD,15
2019-06-28 09:36:11.338475868,BEST_BID,"JPM,99923,428"
2019-06-28 09:36:11.338475868,BEST_ASK,"JPM,99966,428"
2019-06-28 09:36:19.530114157,QUERY_ORDER_STREAM,55
2019-06-28 09:36:19.530114157,QUERY_SPREAD,55
2019-06-28 09:36:20.000000000,QUERY_SPREAD,1
2019-06-28 09:36:20.000000000,BEST_BID,"JPM,99923,264"
2019-06-28 09:36:20.000000000,BEST_ASK,"JPM,99966,100"
2019-06-28 09:36:20.000000000,BEST_BID,"JPM,99923,264"
2019-06-28 09:36:20.000000000,BEST_ASK,"JPM,99966,100"
2019-06-28 09:36:20.000000000,BEST_BID,"JPM,99923,264"
2019-06-28 09:36:20.000000000,BEST_ASK,"JPM,99966,264"
2019-06-28 09:36:20.000000000,BEST_BID,"JPM,99923,264"
2019-06-28 09:36:20.000000000,BEST_ASK,"JPM,99966,264"
2019-06-28 09:36:28.906467533,QUERY_SPREAD,50
2019-06-28 09:36:28.906467533,BEST_BID,"JPM,99923,264"
2019-06-28 09:36:28.906467533,BEST_ASK,"JPM,99966,264"
2019-06-28 09:36:30.000000000,QUERY_SPREAD,1
2019-06-28 09:36:30.000000000,BEST_BID,"JPM,99923,428"
2019-06-28 09:36:30.000000000,BEST_ASK,"JPM,99966,100"
2019-06-28 09:36:30.000000000,BEST_BID,"JPM,99923,428"
2019-06-28 09:36:30.000000000,BEST_ASK,"JPM,99966,428"
2019-06-28 09:36:34.727832173,QUERY_SPREAD,28
2019-06-28 09:36:34.727832173,BEST_BID,"JPM,99923,428"
2019-06-28 09:36:34.727832173,BEST_ASK,"JPM,99966,328"
2019-06-28 09:36:34.727832173,LAST_TRADE,"100,$99966.0000"
2019-06-28 09:36:40.000000000,QUERY_SPREAD,1
2019-06-28 09:36:40.000000000,BEST_BID,"JPM,99923,212"
2019-06-28 09:36:40.000000000,BEST_ASK,"JPM,99971,100"
2019-06-28 09:36:40.000000000,BEST_BID,"JPM,99923,212"
2019-06-28 09:36:40.000000000,BEST_ASK,"JPM,99971,100"
2019-06-28 09:36:40.000000000,BEST_BID,"JPM,99923,212"
2019-06-28 09:36:40.000000000,BEST_ASK,"JPM,99971,100"
2019-06-28 09:36:40.000000000,BEST_BID,"JPM,99923,212"
2019-06-28 09:36:40.000000000,BEST_ASK,"JPM,99971,212"
2019-06-28 09:36:40.000000000,BEST_BID,"JPM,99923,212"
2019-06-28 09:36:40.000000000,BEST_ASK,"JPM,99971,212"
2019-06-28 09:36:40.000000000,BEST_BID,"JPM,99923,212"
2019-06-28 09:36:40.000000000,BEST_ASK,"JPM,99971,212"
2019-06-28 09:36:47.360593762,QUERY_SPREAD,27
2019-06-28 09:36:47.360593762,BEST_BID,"JPM,99923,212"
2019-06-28 09:36:47.360593762,BEST_ASK,"JPM,99971,212"
2019-06-28 09:36:50.000000000,QUERY_SPREAD,1
2019-06-28 09:36:50.000000000,BEST_BID,"JPM,99923,212"
2019-06-28 09:36:50.000000000,BEST_ASK,"JPM,99971,100"
2019-06-28 09:36:50.000000000,BEST_BID,"JPM,99923,212"
2019-06-28 09:36:50.000000000,BEST_ASK,"JPM,99971,100"
2019-06-28 09:36:50.000000000,BEST_BID,"JPM,99923,212"
2019-06-28 09:36:50.000000000,BEST_ASK,"JPM,99971,100"
2019-06-28 09:36:50.000000000,BEST_BID,"JPM,99923,212"
2019-06-28 09:36:50.000000000,BEST_ASK,"JPM,99971,212"
2019-06-28 09:36:50.000000000,BEST_BID,"JPM,99923,212"
2019-06-28 09:36:50.000000000,BEST_ASK,"JPM,99971,212"
2019-06-28 09:36:50.000000000,BEST_BID,"JPM,99923,212"
2019-06-28 09:36:50.000000000,BEST_ASK,"JPM,99971,212"
2019-06-28 09:36:55.564690357,QUERY_SPREAD,3
2019-06-28 09:36:55.564690357,BEST_BID,"JPM,99923,212"
2019-06-28 09:36:55.564690357,BEST_ASK,"JPM,99971,212"
2019-06-28 09:36:58.432497582,QUERY_SPREAD,22
2019-06-28 09:36:58.432497582,BEST_BID,"JPM,99923,212"
2019-06-28 09:36:58.432497582,BEST_ASK,"JPM,99971,212"
2019-06-28 09:37:00.000000000,QUERY_SPREAD,1
2019-06-28 09:37:00.000000000,BEST_BID,"JPM,99923,166"
2019-06-28 09:37:00.000000000,BEST_ASK,"JPM,99971,100"
2019-06-28 09:37:00.000000000,BEST_BID,"JPM,99923,166"
2019-06-28 09:37:00.000000000,BEST_ASK,"JPM,99971,100"
2019-06-28 09:37:00.000000000,BEST_BID,"JPM,99923,166"
2019-06-28 09:37:00.000000000,BEST_ASK,"JPM,99971,100"
2019-06-28 09:37:00.000000000,BEST_BID,"JPM,99923,166"
2019-06-28 09:37:00.000000000,BEST_ASK,"JPM,99971,100"
2019-06-28 09:37:00.000000000,BEST_BID,"JPM,99923,166"
2019-06-28 09:37:00.000000000,BEST_ASK,"JPM,99971,100"
2019-06-28 09:37:00.000000000,BEST_BID,"JPM,99923,166"
2019-06-28 09:37:00.000000000,BEST_ASK,"JPM,99971,166"
2019-06-28 09:37:00.000000000,BEST_BID,"JPM,99923,166"
2019-06-28 09:37:00.000000000,BEST_ASK,"JPM,99971,166"
2019-06-28 09:37:00.000000000,BEST_BID,"JPM,99923,166"
2019-06-28 09:37:00.000000000,BEST_ASK,"JPM,99971,166"
2019-06-28 09:37:00.000000000,BEST_BID,"JPM,99923,166"
2019-06-28 09:37:00.000000000,BEST_ASK,"JPM,99971,166"
2019-06-28 09:37:00.000000000,BEST_BID,"JPM,99923,166"
2019-06-28 09:37:00.000000000,BEST_ASK,"JPM,99971,166"
2019-06-28 09:37:00.000000000,QUERY_SPREAD,77
2019-06-28 09:37:00.000000000,QUERY_SPREAD,78
2019-06-28 09:37:00.000000000,QUERY_SPREAD,79
2019-06-28 09:37:00.000000000,QUERY_SPREAD,80
2019-06-28 09:37:00.000000000,QUERY_SPREAD,81
2019-06-28 09:37:00.000000000,QUERY_SPREAD,82
2019-06-28 09:37:00.000000000,QUERY_SPREAD,83
2019-06-28 09:37:00.000000000,QUERY_SPREAD,84
2019-06-28 09:37:00.000000000,QUERY_SPREAD,85
2019-06-28 09:37:00.000000000,QUERY_SPREAD,86
2019-06-28 09:37:00.000000000,QUERY_SPREAD,87
2019-06-28 09:37:00.000000000,QUERY_SPREAD,88
2019-06-28 09:37:00.000000000,QUERY_SPREAD,89
2019-06-28 09:37:00.000000000,QUERY_SPREAD,90
2019-06-28 09:37:00.000000000,QUERY_SPREAD,91
2019-06-28 09:37:00.000000000,QUERY_SPREAD,92
2019-06-28 09:37:00.000000000,QUERY_SPREAD,93
2019-06-28 09:37:00.000000000,QUERY_SPREAD,94
2019-06-28 09:37:00.000000000,QUERY_SPREAD,95
2019-06-28 09:37:00.000000000,QUERY_SPREAD,96
2019-06-28 09:37:00.000000000,QUERY_SPREAD,97
2019-06-28 09:37:00.000000000,QUERY_SPREAD,98
2019-06-28 09:37:00.000000000,QUERY_SPREAD,99
2019-06-28 09:37:00.000000000,QUERY_SPREAD,100
2019-06-28 09:37:00.000000000,QUERY_SPREAD,101
2019-06-28 09:37:00.000000000,QUERY_ORDER_STREAM,101
2019-06-28 09:37:04.683043114,QUERY_SPREAD,42
2019-06-28 09:37:04.683043114,BEST_BID,"JPM,99923,166"
2019-06-28 09:37:04.683043114,BEST_ASK,"JPM,99971,166"
2019-06-28 09:37:07.237231134,QUERY_SPREAD,25
2019-06-28 09:37:07.237231134,BEST_BID,"JPM,99961,100"
2019-06-28 09:37:07.237231134,BEST_ASK,"JPM,99971,166"
2019-06-28 09:37:10.000000000,QUERY_SPREAD,1
2019-06-28 09:37:10.000000000,BEST_BID,"JPM,99961,264"
2019-06-28 09:37:10.000000000,BEST_ASK,"JPM,99971,100"
2019-06-28 09:37:10.000000000,BEST_BID,"JPM,99961,264"
2019-06-28 09:37:10.000000000,BEST_ASK,"JPM,99971,100"
2019-06-28 09:37:10.000000000,BEST_BID,"JPM,99961,264"
2019-06-28 09:37:10.000000000,BEST_ASK,"JPM,99971,264"
2019-06-28 09:37:10.000000000,BEST_BID,"JPM,99961,264"
2019-06-28 09:37:10.000000000,BEST_ASK,"JPM,99971,264"
2019-06-28 09:37:16.638799925,QUERY_SPREAD,35
2019-06-28 09:37:16.638799925,BEST_BID,"JPM,99961,264"
2019-06-28 09:37:16.638799925,BEST_ASK,"JPM,99971,264"
2019-06-28 09:37:17.403635284,QUERY_ORDER_STREAM,60
2019-06-28 09:37:17.403635284,QUERY_SPREAD,60
2019-06-28 09:37:20.000000000,QUERY_SPREAD,1
2019-06-28 09:37:20.000000000,BEST_BID,"JPM,99961,212"
2019-06-28 09:37:20.000000000,BEST_ASK,"JPM,99971,100"
2019-06-28 09:37:20.000000000,BEST_BID,"JPM,99961,212"
2019-06-28 09:37:20.000000000,BEST_ASK,"JPM,99971,100"
2019-06-28 09:37:20.000000000,BEST_BID,"JPM,99961,212"
2019-06-28 09:37:20.000000000,BEST_ASK,"JPM,99971,100"
2019-06-28 09:37:20.000000000,BEST_BID,"JPM,99961,212"
2019-06-28 09:37:20.000000000,BEST_ASK,"JPM,99971,212"
2019-06-28 09:37:20.000000000,BEST_BID,"JPM,99961,212"
2019-06-28 09:37:20.000000000,BEST_ASK,"JPM,99971,212"
2019-06-28 09:37:20.000000000,BEST_BID,"JPM,99961,212"
2019-06-28 09:37:20.000000000,BEST_ASK,"JPM,99971,212"
2019-06-28 09:37:30.000000000,QUERY_SPREAD,1
2019-06-28 09:37:30.000000000,BEST_BID,"JPM,99961,264"
2019-06-28 09:37:30.000000000,BEST_ASK,"JPM,99971,100"
2019-06-28 09:37:30.000000000,BEST_BID,"JPM,99961,264"
2019-06-28 09:37:30.000000000,BEST_ASK,"JPM,99971,100"
2019-06-28 09:37:30.000000000,BEST_BID,"JPM,99961,264"
2019-06-28 09:37:30.000000000,BEST_ASK,"JPM,99971,264"
2019-06-28 09:37:30.000000000,BEST_BID,"JPM,99961,264"
2019-06-28 09:37:30.000000000,BEST_ASK,"JPM,99971,264"
2019-06-28 09:37:40.000000000,QUERY_SPREAD,1
2019-06-28 09:37:40.000000000,BEST_BID,"JPM,99961,428"
2019-06-28 09:37:40.000000000,BEST_ASK,"JPM,99971,100"
2019-06-28 09:37:40.000000000,BEST_BID,"JPM,99961,428"
2019-06-28 09:37:40.000000000,BEST_ASK,"JPM,99971,428"
2019-06-28 09:37:50.000000000,QUERY_SPREAD,1
2019-06-28 09:37:50.000000000,BEST_BID,"JPM,99961,166"
2019-06-28 09:37:50.000000000,BEST_ASK,"JPM,99971,100"
2019-06-28 09:37:50.000000000,BEST_BID,"JPM,99961,166"
2019-06-28 09:37:50.000000000,BEST_ASK,"JPM,99971,100"
2019-06-28 09:37:50.000000000,BEST_BID,"JPM,99961,166"
2019-06-28 09:37:50.000000000,BEST_ASK,"JPM,99971,100"
2019-06-28 09:37:50.000000000,BEST_BID,"JPM,99961,166"
2019-06-28 09:37:50.000000000,BEST_ASK,"JPM,99971,100"
2019-06-28 09:37:50.000000000,BEST_BID,"JPM,99961,166"
2019-06-28 09:37:50.000000000,BEST_ASK,"JPM,99971,100"
2019-06-28 09:37:50.000000000,BEST_BID,"JPM,99961,166"
2019-06-28 09:37:50.000000000,BEST_ASK,"JPM,99971,166"
2019-06-28 09:37:50.000000000,BEST_BID,"JPM,99961,166"
2019-06-28 09:37:50.000000000,BEST_ASK,"JPM,99971,166"
2019-06-28 09:37:50.000000000,BEST_BID,"JPM,99961,166"
2019-06-28 09:37:50.000000000,BEST_ASK,"JPM,99971,166"
2019-06-28 09:37:50.000000000,BEST_BID,"JPM,99961,166"
2019-06-28 09:37:50.000000000,BEST_ASK,"JPM,99971,166"
2019-06-28 09:37:50.000000000,BEST_BID,"JPM,99961,166"
2019-06-28 09:37:50.000000000,BEST_ASK,"JPM,99971,166"
2019-06-28 09:37:51.870723402,QUERY_ORDER_STREAM,67
2019-06-28 09:37:51.870723402,QUERY_SPREAD,67
2019-06-28 09:37:51.870723402,BEST_BID,"JPM,99961,166"
2019-06-28 09:37:51.870723402,BEST_ASK,"JPM,99965,100"
2019-06-28 09:37:58.273906653,QUERY_ORDER_STREAM,70
2019-06-28 09:37:58.273906653,QUERY_SPREAD,70
2019-06-28 09:38:00.000000000,QUERY_SPREAD,1
2019-06-28 09:38:00.000000000,BEST_BID,"JPM,99961,212"
2019-06-28 09:38:00.000000000,BEST_ASK,"JPM,99965,100"
2019-06-28 09:38:00.000000000,BEST_BID,"JPM,99961,212"
2019-06-28 09:38:00.000000000,BEST_ASK,"JPM,99965,100"
2019-06-28 09:38:00.000000000,BEST_BID,"JPM,99961,212"
2019-06-28 09:38:00.000000000,BEST_ASK,"JPM,99965,100"
2019-06-28 09:38:00.000000000,BEST_BID,"JPM,99961,212"
2019-06-28 09:38:00.000000000,BEST_ASK,"JPM,99965,212"
2019-06-28 09:38:00.000000000,BEST_BID,"JPM,99961,212"
2019-06-28 09:38:00.000000000,BEST_ASK,"JPM,99965,212"
2019-06-28 09:38:00.000000000,BEST_BID,"JPM,99961,212"
2019-06-28 09:38:00.000000000,BEST_ASK,"JPM,99965,212"
2019-06-28 09:38:00.000000000,QUERY_SPREAD,77
2019-06-28 09:38:00.000000000,QUERY_SPREAD,78
2019-06-28 09:38:00.000000000,QUERY_SPREAD,79
2019-06-28 09:38:00.000000000,QUERY_SPREAD,80
2019-06-28 09:38:00.000000000,QUERY_SPREAD,81
2019-06-28 09:38:00.000000000,QUERY_SPREAD,82
2019-06-28 09:38:00.000000000,QUERY_SPREAD,83
2019-06-28 09:38:00.000000000,QUERY_SPREAD,84
2019-06-28 09:38:00.000000000,QUERY_SPREAD,85
2019-06-28 09:38:00.000000000,QUERY_SPREAD,86
2019-06-28 09:38:00.000000000,QUERY_SPREAD,87
2019-06-28 09:38:00.000000000,QUERY_SPREAD,88
2019-06-28 09:38:00.000000000,QUERY_SPREAD,89
2019-06-28 09:38:00.000000000,QUERY_SPREAD,90
2019-06-28 09:38:00.000000000,QUERY_SPREAD,91
2019-06-28 09:38:00.000000000,QUERY_SPREAD,92
2019-06-28 09:38:00.000000000,QUERY_SPREAD,93
2019-06-28 09:38:00.000000000,QUERY_SPREAD,94
2019-06-28 09:38:00.000000000,QUERY_SPREAD,95
2019-06-28 09:38:00.000000000,QUERY_SPREAD,96
2019-06-28 09:38:00.000000000,QUERY_SPREAD,97
2019-06-28 09:38:00.000000000,QUERY_SPREAD,98
2019-06-28 09:38:00.000000000,QUERY_SPREAD,99
2019-06-28 09:38:00.000000000,QUERY_SPREAD,100
2019-06-28 09:38:00.000000000,QUERY_SPREAD,101
2019-06-28 09:38:00.000000000,QUERY_ORDER_STREAM,101
2019-06-28 09:38:10.000000000,QUERY_SPREAD,1
2019-06-28 09:38:10.000000000,BEST_BID,"JPM,99961,166"
2019-06-28 09:38:10.000000000,BEST_ASK,"JPM,99965,100"
2019-06-28 09:38:10.000000000,BEST_BID,"JPM,99961,166"
2019-06-28 09:38:10.000000000,BEST_ASK,"JPM,99965,100"
2019-06-28 09:38:10.000000000,BEST_BID,"JPM,99961,166"
2019-06-28 09:38:10.000000000,BEST_ASK,"JPM,99965,100"
2019-06-28 09:38:10.000000000,BEST_BID,"JPM,99961,166"
2019-06-28 09:38:10.000000000,BEST_ASK,"JPM,99965,100"
2019-06-28 09:38:10.000000000,BEST_BID,"JPM,99961,166"
2019-06-28 09:38:10.000000000,BEST_ASK,"JPM,99965,100"
2019-06-28 09:38:10.000000000,BEST_BID,"JPM,99961,166"
2019-06-28 09:38:10.000000000,BEST_ASK,"JPM,99965,166"
2019-06-28 09:38:10.000000000,BEST_BID,"JPM,99961,166"
2019-06-28 09:38:10.000000000,BEST_ASK,"JPM,99965,166"
2019-06-28 09:38:10.000000000,BEST_BID,"JPM,99961,166"
2019-06-28 09:38:10.000000000,BEST_ASK,"JPM,99965,166"
2019-06-28 09:38:10.000000000,BEST_BID,"JPM,99961,166"
2019-06-28 09:38:10.000000000,BEST_ASK,"JPM,99965,166"
2019-06-28 09:38:10.000000000,BEST_BID,"JPM,99961,166"
2019-06-28 09:38:10.000000000,BEST_ASK,"JPM,99965,166"
2019-06-28 09:38:20.000000000,QUERY_SPREAD,1
2019-06-28 09:38:20.000000000,BEST_BID,"JPM,99961,182"
2019-06-28 09:38:20.000000000,BEST_ASK,"JPM,99965,100"
2019-06-28 09:38:20.000000000,BEST_BID,"JPM,99961,182"
2019-06-28 09:38:20.000000000,BEST_ASK,"JPM,99965,100"
2019-06-28 09:38:20.000000000,BEST_BID,"JPM,99961,182"
2019-06-28 09:38:20.000000000,BEST_ASK,"JPM,99965,100"
2019-06-28 09:38:20.000000000,BEST_BID,"JPM,99961,182"
2019-06-28 09:38:20.000000000,BEST_ASK,"JPM,99965,100"
2019-06-28 09:38:20.000000000,BEST_BID,"JPM,99961,182"
2019-06-28 09:38:20.000000000,BEST_ASK,"JPM,99965,182"
2019-06-28 09:38:20.000000000,BEST_BID,"JPM,99961,182"
2019-06-28 09:38:20.000000000,BEST_ASK,"JPM,99965,182"
2019-06-28 09:38:20.000000000,BEST_BID,"JPM,99961,182"
2019-06-28 09:38:20.000000000,BEST_ASK,"JPM,99965,182"
2019-06-28 09:38:20.000000000,BEST_BID,"JPM,99961,182"
2019-06-28 09:38:20.000000000,BEST_ASK,"JPM,99965,182"
2019-06-28 09:38:30.000000000,QUERY_SPREAD,1
2019-06-28 09:38:30.000000000,BEST_BID,"JPM,99961,212"
2019-06-28 09:38:30.000000000,BEST_ASK,"JPM,99965,100"
2019-06-28 09:38:30.000000000,BEST_BID,"JPM,99961,212"
2019-06-28 09:38:30.000000000,BEST_ASK,"JPM,99965,100"
2019-06-28 09:38:30.000000000,BEST_BID,"JPM,99961,212"
2019-06-28 09:38:30.000000000,BEST_ASK,"JPM,99965,100"
2019-06-28 09:38:30.000000000,BEST_BID,"JPM,99961,212"
2019-06-28 09:38:30.000000000,BEST_ASK,"JPM,99965,212"
2019-06-28 09:38:30.000000000,BEST_BID,"JPM,99961,212"
2019-06-28 09:38:30.000000000,BEST_ASK,"JPM,99965,212"
2019-06-28 09:38:30.000000000,BEST_BID,"JPM,99961,212"
2019-06-28 09:38:30.000000000,BEST_ASK,"JPM,99965,212"
2019-06-28 09:38:40.000000000,QUERY_SPREAD,1
2019-06-28 09:38:40.000000000,BEST_BID,"JPM,99961,212"
2019-06-28 09:38:40.000000000,BEST_ASK,"JPM,99965,100"
2019-06-28 09:38:40.000000000,BEST_BID,"JPM,99961,212"
2019-06-28 09:38:40.000000000,BEST_ASK,"JPM,99965,100"
2019-06-28 09:38:40.000000000,BEST_BID,"JPM,99961,212"
2019-06-28 09:38:40.000000000,BEST_ASK,"JPM,99965,100"
2019-06-28 09:38:40.000000000,BEST_BID,"JPM,99961,212"
2019-06-28 09:38:40.000000000,BEST_ASK,"JPM,99965,212"
2019-06-28 09:38:40.000000000,BEST_BID,"JPM,99961,212"
2019-06-28 09:38:40.000000000,BEST_ASK,"JPM,99965,212"
2019-06-28 09:38:40.000000000,BEST_BID,"JPM,99961,212"
2019-06-28 09:38:40.000000000,BEST_ASK,"JPM,99965,212"
2019-06-28 09:38:49.983642979,QUERY_SPREAD,17
2019-06-28 09:38:49.983642979,BEST_BID,"JPM,99961,112"
2019-06-28 09:38:49.983642979,BEST_ASK,"JPM,99965,212"
2019-06-28 09:38:49.983642979,LAST_TRADE,"100,$99961.0000"
2019-06-28 09:38:50.000000000,QUERY_SPREAD,1
2019-06-28 09:38:50.000000000,BEST_BID,"JPM,99923,428"
2019-06-28 09:38:50.000000000,BEST_ASK,"JPM,99965,100"
2019-06-28 09:38:50.000000000,BEST_BID,"JPM,99923,428"
2019-06-28 09:38:50.000000000,BEST_ASK,"JPM,99965,428"
2019-06-28 09:38:53.666384000,QUERY_SPREAD,45
2019-06-28 09:38:53.666384000,BEST_BID,"JPM,99923,328"
2019-06-28 09:38:53.666384000,BEST_ASK,"JPM,99965,428"
2019-06-28 09:38:53.666384000,LAST_TRADE,"100,$99923.0000"
2019-06-28 09:38:54.004167424,QUERY_SPREAD,50
2019-06-28 09:38:54.004167424,BEST_BID,"JPM,99923,328"
2019-06-28 09:38:54.004167424,BEST_ASK,"JPM,99965,428"
2019-06-28 09:38:54.199270964,QUERY_ORDER_STREAM,68
2019-06-28 09:38:54.199270964,QUERY_SPREAD,68
2019-06-28 09:38:54.199270964,BEST_BID,"JPM,99923,328"
2019-06-28 09:38:54.199270964,BEST_ASK,"JPM,99961,100"
2019-06-28 09:39:00.000000000,QUERY_SPREAD,1
2019-06-28 09:39:00.000000000,BEST_BID,"JPM,99894,212"
2019-06-28 09:39:00.000000000,BEST_ASK,"JPM,99961,100"
2019-06-28 09:39:00.000000000,BEST_BID,"JPM,99894,212"
2019-06-28 09:39:00.000000000,BEST_ASK,"JPM,99961,100"
2019-06-28 09:39:00.000000000,BEST_BID,"JPM,99894,212"
2019-06-28 09:39:00.000000000,BEST_ASK,"JPM,99961,100"
2019-06-28 09:39:00.000000000,BEST_BID,"JPM,99894,212"
2019-06-28 09:39:00.000000000,BEST_ASK,"JPM,99961,212"
2019-06-28 09:39:00.000000000,BEST_BID,"JPM,99894,212"
2019-06-28 09:39:00.000000000,BEST_ASK,"JPM,99961,212"
2019-06-28 09:39:00.000000000,BEST_BID,"JPM,99894,212"
2019-06-28 09:39:00.000000000,BEST_ASK,"JPM,99961,212"
2019-06-28 09:39:00.000000000,QUERY_SPREAD,77
2019-06-28 09:39:00.000000000,QUERY_SPREAD,78
2019-06-28 09:39:00.000000000,QUERY_SPREAD,79
2019-06-28 09:39:00.000000000,QUERY_SPREAD,80
2019-06-28 09:39:00.000000000,QUERY_SPREAD,81
2019-06-28 09:39:00.000000000,QUERY_SPREAD,82
2019-06-28 09:39:00.000000000,QUERY_SPREAD,83
2019-06-28 09:39:00.000000000,QUERY_SPREAD,84
2019-06-28 09:39:00.000000000,QUERY_SPREAD,85
2019-06-28 09:39:00.000000000,QUERY_SPREAD,86
2019-06-28 09:39:00.000000000,QUERY_SPREAD,87
2019-06-28 09:39:00.000000000,QUERY_SPREAD,88
2019-06-28 09:39:00.000000000,QUERY_SPREAD,89
2019-06-28 09:39:00.000000000,QUERY_SPREAD,90
2019-06-28 09:39:00.000000000,QUERY_SPREAD,91
2019-06-28 09:39:00.000000000,QUERY_SPREAD,92
2019-06-28 09:39:00.000000000,QUERY_SPREAD,93
2019-06-28 09:39:00.000000000,QUERY_SPREAD,94
2019-06-28 09:39:00.000000000,QUERY_SPREAD,95
2019-06-28 09:39:00.000000000,QUERY_SPREAD,96
2019-06-28 09:39:00.000000000,QUERY_SPREAD,97
2019-06-28 09:39:00.000000000,QUERY_SPREAD,98
2019-06-28 09:39:00.000000000,QUERY_SPREAD,99
2019-06-28 09:39:00.000000000,QUERY_SPREAD,100
2019-06-28 09:39:00.000000000,QUERY_SPREAD,101
2019-06-28 09:39:00.000000000,QUERY_ORDER_STREAM,101
2019-06-28 09:39:10.000000000,QUERY_SPREAD,1
2019-06-28 09:39:10.000000000,BEST_BID,"JPM,99894,182"
2019-06-28 09:39:10.000000000,BEST_ASK,"JPM,99961,100"
2019-06-28 09:39:10.000000000,BEST_BID,"JPM,99894,182"
2019-06-28 09:39:10.000000000,BEST_ASK,"JPM,99961,100"
2019-06-28 09:39:10.000000000,BEST_BID,"JPM,99894,182"
2019-06-28 09:39:10.000000000,BEST_ASK,"JPM,99961,100"
2019-06-28 09:39:10.000000000,BEST_BID,"JPM,99894,182"
2019-06-28 09:39:10.000000000,BEST_ASK,"JPM,99961,100"
2019-06-28 09:39:10.000000000,BEST_BID,"JPM,99894,182"
2019-06-28 09:39:10.000000000,BEST_ASK,"JPM,99961,182"
2019-06-28 09:39:10.000000000,BEST_BID,"JPM,99894,182"
2019-06-28 09:39:10.000000000,BEST_ASK,"JPM,99961,182"
2019-06-28 09:39:10.000000000,BEST_BID,"JPM,99894,182"
2019-06-28 09:39:10.000000000,BEST_ASK,"JPM,99961,182"
2019-06-28 09:39:10.000000000,BEST_BID,"JPM,99894,182"
2019-06-28 09:39:10.000000000,BEST_ASK,"JPM,99961,182"
2019-06-28 09:39:20.000000000,QUERY_SPREAD,1
2019-06-28 09:39:20.000000000,BEST_BID,"JPM,99894,428"
2019-06-28 09:39:20.000000000,BEST_ASK,"JPM,99961,100"
2019-06-28 09:39:20.000000000,BEST_BID,"JPM,99894,428"
2019-06-28 09:39:20.000000000,BEST_ASK,"JPM,99961,428"
2019-06-28 09:39:29.307601783,QUERY_ORDER_STREAM,67
2019-06-28 09:39:29.307601783,QUERY_SPREAD,67
2019-06-28 09:39:29.561744356,QUERY_ORDER_STREAM,69
2019-06-28 09:39:29.561744356,QUERY_SPREAD,69
2019-06-28 09:39:30.000000000,QUERY_SPREAD,1
2019-06-28 09:39:30.000000000,BEST_BID,"JPM,99894,212"
2019-06-28 09:39:30.000000000,BEST_ASK,"JPM,99961,100"
2019-06-28 09:39:30.000000000,BEST_BID,"JPM,99894,212"
2019-06-28 09:39:30.000000000,BEST_ASK,"JPM,99961,100"
2019-06-28 09:39:30.000000000,BEST_BID,"JPM,99894,212"
2019-06-28 09:39:30.000000000,BEST_ASK,"JPM,99961,100"
2019-06-28 09:39:30.000000000,BEST_BID,"JPM,99894,212"
2019-06-28 09:39:30.000000000,BEST_ASK,"JPM,99961,212"
2019-06-28 09:39:30.000000000,BEST_BID,"JPM,99894,212"
2019-06-28 09:39:30.000000000,BEST_ASK,"JPM,99961,212"
2019-06-28 09:39:30.000000000,BEST_BID,"JPM,99894,212"
2019-06-28 09:39:30.000000000,BEST_ASK,"JPM,99961,212"
2019-06-28 09:39:40.000000000,QUERY_SPREAD,1
2019-06-28 09:39:40.000000000,BEST_BID,"JPM,99894,212"
2019-06-28 09:39:40.000000000,BEST_ASK,"JPM,99961,100"
2019-06-28 09:39:40.000000000,BEST_BID,"JPM,99894,212"
2019-06-28 09:39:40.000000000,BEST_ASK,"JPM,99961,100"
2019-06-28 09:39:40.000000000,BEST_BID,"JPM,99894,212"
2019-06-28 09:39:40.000000000,BEST_ASK,"JPM,99961,100"
2019-06-28 09:39:40.000000000,BEST_BID,"JPM,99894,212"
2019-06-28 09:39:40.000000000,BEST_ASK,"JPM,99961,212"
2019-06-28 09:39:40.000000000,BEST_BID,"JPM,99894,212"
2019-06-28 09:39:40.000000000,BEST_ASK,"JPM,99961,212"
2019-06-28 09:39:40.000000000,BEST_BID,"JPM,99894,212"
2019-06-28 09:39:40.000000000,BEST_ASK,"JPM,99961,212"
2019-06-28 09:39:50.000000000,QUERY_SPREAD,1
2019-06-28 09:39:50.000000000,BEST_BID,"JPM,99894,264"
2019-06-28 09:39:50.000000000,BEST_ASK,"JPM,99961,100"
2019-06-28 09:39:50.000000000,BEST_BID,"JPM,99894,264"
2019-06-28 09:39:50.000000000,BEST_ASK,"JPM,99961,100"
2019-06-28 09:39:50.000000000,BEST_BID,"JPM,99894,264"
2019-06-28 09:39:50.000000000,BEST_ASK,"JPM,99961,264"
2019-06-28 09:39:50.000000000,BEST_BID,"JPM,99894,264"
2019-06-28 09:39:50.000000000,BEST_ASK,"JPM,99961,264"
2019-06-28 09:40:00.000000000,QUERY_SPREAD,1
2019-06-28 09:40:00.000000000,BEST_BID,"JPM,99894,166"
2019-06-28 09:40:00.000000000,BEST_ASK,"JPM,99961,100"
2019-06-28 09:40:00.000000000,BEST_BID,"JPM,99894,166"
2019-06-28 09:40:00.000000000,BEST_ASK,"JPM,99961,100"
2019-06-28 09:40:00.000000000,BEST_BID,"JPM,99894,166"
2019-06-28 09:40:00.000000000,BEST_ASK,"JPM,99961,100"
2019-06-28 09:40:00.000000000,BEST_BID,"JPM,99894,166"
2019-06-28 09:40:00.000000000,BEST_ASK,"JPM,99961,100"
2019-06-28 09:40:00.000000000,BEST_BID,"JPM,99894,166"
2019-06-28 09:40:00.000000000,BEST_ASK,"JPM,99961,100"
2019-06-28 09:40:00.000000000,BEST_BID,"JPM,99894,166"
2019-06-28 09:40:00.000000000,BEST_ASK,"JPM,99961,166"
2019-06-28 09:40:00.000000000,BEST_BID,"JPM,99894,166"
2019-06-28 09:40:00.000000000,BEST_ASK,"JPM,99961,166"
2019-06-28 09:40:00.000000000,BEST_BID,"JPM,99894,166"
2019-06-28 09:40:00.000000000,BEST_ASK,"JPM,99961,166"
2019-06-28 09:40:00.000000000,BEST_BID,"JPM,99894,166"
2019-06-28 09:40:00.000000000,BEST_ASK,"JPM,99961,166"
2019-06-28 09:40:00.000000000,BEST_BID,"JPM,99894,166"
2019-06-28 09:40:00.000000000,BEST_ASK,"JPM,99961,166"
2019-06-28 09:40:00.000000000,QUERY_SPREAD,77
2019-06-28 09:40:00.000000000,QUERY_SPREAD,78
2019-06-28 09:40:00.000000000,QUERY_SPREAD,79
2019-06-28 09:40:00.000000000,QUERY_SPREAD,80
2019-06-28 09:40:00.000000000,QUERY_SPREAD,81
2019-06-28 09:40:00.000000000,QUERY_SPREAD,82
2019-06-28 09:40:00.000000000,QUERY_SPREAD,83
2019-06-28 09:40:00.000000000,QUERY_SPREAD,84
2019-06-28 09:40:00.000000000,QUERY_SPREAD,85
2019-06-28 09:40:00.000000000,QUERY_SPREAD,86
2019-06-28 09:40:00.000000000,QUERY_SPREAD,87
2019-06-28 09:40:00.000000000,QUERY_SPREAD,88
2019-06-28 09:40:00.000000000,QUERY_SPREAD,89
2019-06-28 09:40:00.000000000,QUERY_SPREAD,90
2019-06-28 09:40:00.000000000,QUERY_SPREAD,91
2019-06-28 09:40:00.000000000,QUERY_SPREAD,92
2019-06-28 09:40:00.000000000,QUERY_SPREAD,93
2019-06-28 09:40:00.000000000,QUERY_SPREAD,94
2019-06-28 09:40:00.000000000,QUERY_SPREAD,95
2019-06-28 09:40:00.000000000,QUERY_SPREAD,96
2019-06-28 09:40:00.000000000,QUERY_SPREAD,97
2019-06-28 09:40:00.000000000,QUERY_SPREAD,98
2019-06-28 09:40:00.000000000,QUERY_SPREAD,99
2019-06-28 09:40:00.000000000,QUERY_SPREAD,100
2019-06-28 09:40:00.000000000,QUERY_SPREAD,101
2019-06-28 09:40:00.000000000,QUERY_ORDER_STREAM,101
2019-06-28 09:40:10.000000000,QUERY_SPREAD,1
2019-06-28 09:40:10.000000000,BEST_BID,"JPM,99894,166"
2019-06-28 09:40:10.000000000,BEST_ASK,"JPM,99961,100"
2019-06-28 09:40:10.000000000,BEST_BID,"JPM,99894,166"
2019-06-28 09:40:10.000000000,BEST_ASK,"JPM,99961,100"
2019-06-28 09:40:10.000000000,BEST_BID,"JPM,99894,166"
2019-06-28 09:40:10.000000000,BEST_ASK,"JPM,99961,100"
2019-06-28 09:40:10.000000000,BEST_BID,"JPM,99894,166"
2019-06-28 09:40:10.000000000,BEST_ASK,"JPM,99961,100"
2019-06-28 09:40:10.000000000,BEST_BID,"JPM,99894,166"
2019-06-28 09:40:10.000000000,BEST_ASK,"JPM,99961,100"
2019-06-28 09:40:10.000000000,BEST_BID,"JPM,99894,166"
2019-06-28 09:40:10.000000000,BEST_ASK,"JPM,99961,166"
2019-06-28 09:40:10.000000000,BEST_BID,"JPM,99894,166"
2019-06-28 09:40:10.000000000,BEST_ASK,"JPM,99961,166"
2019-06-28 09:40:10.000000000,BEST_BID,"JPM,99894,166"
2019-06-28 09:40:10.000000000,BEST_ASK,"JPM,99961,166"
2019-06-28 09:40:10.000000000,BEST_BID,"JPM,99894,166"
2019-06-28 09:40:10.000000000,BEST_ASK,"JPM,99961,166"
2019-06-28 09:40:10.000000000,BEST_BID,"JPM,99894,166"
2019-06-28 09:40:10.000000000,BEST_ASK,"JPM,99961,166"
2019-06-28 09:40:20.000000000,QUERY_SPREAD,1
2019-06-28 09:40:20.000000000,BEST_BID,"JPM,99894,182"
2019-06-28 09:40:20.000000000,BEST_ASK,"JPM,99961,100"
2019-06-28 09:40:20.000000000,BEST_BID,"JPM,99894,182"
2019-06-28 09:40:20.000000000,BEST_ASK,"JPM,99961,100"
2019-06-28 09:40:20.000000000,BEST_BID,"JPM,99894,182"
2019-06-28 09:40:20.000000000,BEST_ASK,"JPM,99961,100"
2019-06-28 09:40:20.000000000,BEST_BID,"JPM,99894,182"
2019-06-28 09:40:20.000000000,BEST_ASK,"JPM,99961,100"
2019-06-28 09:40:20.000000000,BEST_BID,"JPM,99894,182"
2019-06-28 09:40:20.000000000,BEST_ASK,"JPM,99961,182"
2019-06-28 09:40:20.000000000,BEST_BID,"JPM,99894,182"
2019-06-28 09:40:20.000000000,BEST_ASK,"JPM,99961,182"
2019-06-28 09:40:20.000000000,BEST_BID,"JPM,99894,182"
2019-06-28 09:40:20.000000000,BEST_ASK,"JPM,99961,182"
2019-06-28 09:40:20.000000000,BEST_BID,"JPM,99894,182"
2019-06-28 09:40:20.000000000,BEST_ASK,"JPM,99961,182"
2019-06-28 09:40:20.358191714,QUERY_SPREAD,33
2019-06-28 09:40:20.358191714,BEST_BID,"JPM,99894,182"
2019-06-28 09:40:20.358191714,BEST_ASK,"JPM,99961,182"
2019-06-28 09:40:30.000000000,QUERY_SPREAD,1
2019-06-28 09:40:30.000000000,BEST_BID,"JPM,99894,166"
2019-06-28 09:40:30.000000000,BEST_ASK,"JPM,99961,100"
2019-06-28 09:40:30.000000000,BEST_BID,"JPM,99894,166"
2019-06-28 09:40:30.000000000,BEST_ASK,"JPM,99961,100"
2019-06-28 09:40:30.000000000,BEST_BID,"JPM,99894,166"
2019-06-28 09:40:30.000000000,BEST_ASK,"JPM,99961,100"
2019-06-28 09:40:30.000000000,BEST_BID,"JPM,99894,166"
2019-06-28 09:40:30.000000000,BEST_ASK,"JPM,99961,100"
2019-06-28 09:40:30.000000000,BEST_BID,"JPM,99894,166"
2019-06-28 09:40:30.000000000,BEST_ASK,"JPM,99961,100"
2019-06-28 09:40:30.000000000,BEST_BID,"JPM,99894,166"
2019-06-28 09:40:30.000000000,BEST_ASK,"JPM,99961,166"
2019-06-28 09:40:30.000000000,BEST_BID,"JPM,99894,166"
2019-06-28 09:40:30.000000000,BEST_ASK,"JPM,99961,166"
2019-06-28 09:40:30.000000000,BEST_BID,"JPM,99894,166"
2019-06-28 09:40:30.000000000,BEST_ASK,"JPM,99961,166"
2019-06-28 09:40:30.000000000,BEST_BID,"JPM,99894,166"
2019-06-28 09:40:30.000000000,BEST_ASK,"JPM,99961,166"
2019-06-28 09:40:30.000000000,BEST_BID,"JPM,99894,166"
2019-06-28 09:40:30.000000000,BEST_ASK,"JPM,99961,166"
2019-06-28 09:40:33.575901759,QUERY_ORDER_STREAM,54
2019-06-28 09:40:33.575901759,QUERY_SPREAD,54
2019-06-28 09:40:33.575901759,BEST_BID,"JPM,99894,166"
2019-06-28 09:40:33.575901759,BEST_ASK,"JPM,99961,66"
2019-06-28 09:40:33.575901759,LAST_TRADE,"100,$99961.0000"
2019-06-28 09:40:39.521888437,QUERY_SPREAD,6
2019-06-28 09:40:39.521888437,BEST_BID,"JPM,99961,34"
2019-06-28 09:40:39.521888437,BEST_ASK,"JPM,99971,166"
2019-06-28 09:40:39.521888437,LAST_TRADE,"66,$99961.0000"
2019-06-28 09:40:40.000000000,QUERY_SPREAD,1
2019-06-28 09:40:40.000000000,BEST_BID,"JPM,99961,146"
2019-06-28 09:40:40.000000000,BEST_ASK,"JPM,99971,100"
2019-06-28 09:40:40.000000000,BEST_BID,"JPM,99961,146"
2019-06-28 09:40:40.000000000,BEST_ASK,"JPM,99971,100"
2019-06-28 09:40:40.000000000,BEST_BID,"JPM,99961,146"
2019-06-28 09:40:40.000000000,BEST_ASK,"JPM,99971,100"
2019-06-28 09:40:40.000000000,BEST_BID,"JPM,99961,146"
2019-06-28 09:40:40.000000000,BEST_ASK,"JPM,99971,212"
2019-06-28 09:40:40.000000000,BEST_BID,"JPM,99961,146"
2019-06-28 09:40:40.000000000,BEST_ASK,"JPM,99971,212"
2019-06-28 09:40:40.000000000,BEST_BID,"JPM,99961,146"
2019-06-28 09:40:40.000000000,BEST_ASK,"JPM,99971,212"
2019-06-28 09:40:42.416730245,QUERY_SPREAD,49
2019-06-28 09:40:42.416730245,BEST_BID,"JPM,99961,146"
2019-06-28 09:40:42.416730245,BEST_ASK,"JPM,99971,212"
2019-06-28 09:40:50.000000000,QUERY_SPREAD,1
2019-06-28 09:40:50.000000000,BEST_BID,"JPM,99961,362"
2019-06-28 09:40:50.000000000,BEST_ASK,"JPM,99971,100"
2019-06-28 09:40:50.000000000,BEST_BID,"JPM,99961,362"
2019-06-28 09:40:50.000000000,BEST_ASK,"JPM,99971,428"
2019-06-28 09:40:55.201923956,QUERY_SPREAD,31
2019-06-28 09:40:55.201923956,BEST_BID,"JPM,99961,362"
2019-06-28 09:40:55.201923956,BEST_ASK,"JPM,99971,328"
2019-06-28 09:40:55.201923956,LAST_TRADE,"100,$99971.0000"
2019-06-28 09:41:00.000000000,QUERY_SPREAD,1
2019-06-28 09:41:00.000000000,BEST_BID,"JPM,99961,198"
2019-06-28 09:41:00.000000000,BEST_ASK,"JPM,99995,100"
2019-06-28 09:41:00.000000000,BEST_BID,"JPM,99961,198"
2019-06-28 09:41:00.000000000,BEST_ASK,"JPM,99995,100"
2019-06-28 09:41:00.000000000,BEST_BID,"JPM,99961,198"
2019-06-28 09:41:00.000000000,BEST_ASK,"JPM,99995,264"
2019-06-28 09:41:00.000000000,BEST_BID,"JPM,99961,198"
2019-06-28 09:41:00.000000000,BEST_ASK,"JPM,99995,264"
2019-06-28 09:41:00.000000000,QUERY_SPREAD,77
2019-06-28 09:41:00.000000000,QUERY_SPREAD,78
2019-06-28 09:41:00.000000000,QUERY_SPREAD,79
2019-06-28 09:41:00.000000000,QUERY_SPREAD,80
2019-06-28 09:41:00.000000000,QUERY_SPREAD,81
2019-06-28 09:41:00.000000000,QUERY_SPREAD,82
2019-06-28 09:41:00.000000000,QUERY_SPREAD,83
2019-06-28 09:41:00.000000000,QUERY_SPREAD,84
2019-06-28 09:41:00.000000000,QUERY_SPREAD,85
2019-06-28 09:41:00.000000000,QUERY_SPREAD,86
2019-06-28 09:41:00.000000000,QUERY_SPREAD,87
2019-06-28 09:41:00.000000000,QUERY_SPREAD,88
2019-06-28 09:41:00.000000000,QUERY_SPREAD,89
2019-06-28 09:41:00.000000000,QUERY_SPREAD,90
2019-06-28 09:41:00.000000000,QUERY_SPREAD,91
2019-06-28 09:41:00.000000000,QUERY_SPREAD,92
2019-06-28 09:41:00.000000000,QUERY_SPREAD,93
2019-06-28 09:41:00.000000000,QUERY_SPREAD,94
2019-06-28 09:41:00.000000000,QUERY_SPREAD,95
2019-06-28 09:41:00.000000000,QUERY_SPREAD,96
2019-06-28 09:41:00.000000000,QUERY_SPREAD,97
2019-06-28 09:41:00.000000000,QUERY_SPREAD,98
2019-06-28 09:41:00.000000000,QUERY_SPREAD,99
2019-06-28 09:41:00.000000000,QUERY_SPREAD,100
2019-06-28 09:41:00.000000000,QUERY_SPREAD,101
2019-06-28 09:41:00.000000000,QUERY_ORDER_STREAM,101
2019-06-28 09:41:10.000000000,QUERY_SPREAD,1
2019-06-28 09:41:10.000000000,BEST_BID,"JPM,99961,362"
2019-06-28 09:41:10.000000000,BEST_ASK,"JPM,99995,100"
2019-06-28 09:41:10.000000000,BEST_BID,"JPM,99961,362"
2019-06-28 09:41:10.000000000,BEST_ASK,"JPM,99995,428"
2019-06-28 09:41:19.512325026,QUERY_SPREAD,39
2019-06-28 09:41:19.512325026,BEST_BID,"JPM,99961,362"
2019-06-28 09:41:19.512325026,BEST_ASK,"JPM,99995,428"
2019-06-28 09:41:20.000000000,QUERY_SPREAD,1
2019-06-28 09:41:20.000000000,BEST_BID,"JPM,99961,100"
2019-06-28 09:41:20.000000000,BEST_ASK,"JPM,99995,100"
2019-06-28 09:41:20.000000000,BEST_BID,"JPM,99961,100"
2019-06-28 09:41:20.000000000,BEST_ASK,"JPM,99995,100"
2019-06-28 09:41:20.000000000,BEST_BID,"JPM,99961,100"
2019-06-28 09:41:20.000000000,BEST_ASK,"JPM,99995,100"
2019-06-28 09:41:20.000000000,BEST_BID,"JPM,99961,100"
2019-06-28 09:41:20.000000000,BEST_ASK,"JPM,99995,100"
2019-06-28 09:41:20.000000000,BEST_BID,"JPM,99961,100"
2019-06-28 09:41:20.000000000,BEST_ASK,"JPM,99995,100"
2019-06-28 09:41:20.000000000,BEST_BID,"JPM,99961,100"
2019-06-28 09:41:20.000000000,BEST_ASK,"JPM,99995,166"
2019-06-28 09:41:20.000000000,BEST_BID,"JPM,99961,100"
2019-06-28 09:41:20.000000000,BEST_ASK,"JPM,99995,166"
2019-06-28 09:41:20.000000000,BEST_BID,"JPM,99961,100"
2019-06-28 09:41:20.000000000,BEST_ASK,"JPM,99995,166"
2019-06-28 09:41:20.000000000,BEST_BID,"JPM,99961,100"
2019-06-28 09:41:20.000000000,BEST_ASK,"JPM,99995,166"
2019-06-28 09:41:20.000000000,BEST_BID,"JPM,99961,100"
2019-06-28 09:41:20.000000000,BEST_ASK,"JPM,99995,166"
2019-06-28 09:41:27.670338438,QUERY_SPREAD,4
2019-06-28 09:41:27.670338438,BEST_BID,"JPM,99961,100"
2019-06-28 09:41:27.670338438,BEST_ASK,"JPM,99995,166"
2019-06-28 09:41:29.130371811,QUERY_ORDER_STREAM,61
2019-06-28 09:41:29.130371811,QUERY_SPREAD,61
2019-06-28 09:41:29.130371811,BEST_BID,"JPM,99962,100"
2019-06-28 09:41:29.130371811,BEST_ASK,"JPM,99995,166"
2019-06-28 09:41:30.000000000,QUERY_SPREAD,1
2019-06-28 09:41:30.000000000,BEST_BID,"JPM,99962,182"
2019-06-28 09:41:30.000000000,BEST_ASK,"JPM,99995,100"
2019-06-28 09:41:30.000000000,BEST_BID,"JPM,99962,182"
2019-06-28 09:41:30.000000000,BEST_ASK,"JPM,99995,100"
2019-06-28 09:41:30.000000000,BEST_BID,"JPM,99962,182"
2019-06-28 09:41:30.000000000,BEST_ASK,"JPM,99995,100"
2019-06-28 09:41:30.000000000,BEST_BID,"JPM,99962,182"
2019-06-28 09:41:30.000000000,BEST_ASK,"JPM,99995,100"
2019-06-28 09:41:30.000000000,BEST_BID,"JPM,99962,182"
2019-06-28 09:41:30.000000000,BEST_ASK,"JPM,99995,182"
2019-06-28 09:41:30.000000000,BEST_BID,"JPM,99962,182"
2019-06-28 09:41:30.000000000,BEST_ASK,"JPM,99995,182"
2019-06-28 09:41:30.000000000,BEST_BID,"JPM,99962,182"
2019-06-28 09:41:30.000000000,BEST_ASK,"JPM,99995,182"
2019-06-28 09:41:30.000000000,BEST_BID,"JPM,99962,182"
2019-06-28 09:41:30.000000000,BEST_ASK,"JPM,99995,182"
2019-06-28 09:41:40.000000000,QUERY_SPREAD,1
2019-06-28 09:41:40.000000000,BEST_BID,"JPM,99962,212"
2019-06-28 09:41:40.000000000,BEST_ASK,"JPM,99995,100"
2019-06-28 09:41:40.000000000,BEST_BID,"JPM,99962,212"
2019-06-28 09:41:40.000000000,BEST_ASK,"JPM,99995,100"
2019-06-28 09:41:40.000000000,BEST_BID,"JPM,99962,212"
2019-06-28 09:41:40.000000000,BEST_ASK,"JPM,99995,100"
2019-06-28 09:41:40.000000000,BEST_BID,"JPM,99962,212"
2019-06-28 09:41:40.000000000,BEST_ASK,"JPM,99995,212"
2019-06-28 09:41:40.000000000,BEST_BID,"JPM,99962,212"
2019-06-28 09:41:40.000000000,BEST_ASK,"JPM,99995,212"
2019-06-28 09:41:40.000000000,BEST_BID,"JPM,99962,212"
2019-06-28 09:41:40.000000000,BEST_ASK,"JPM,99995,212"
2019-06-28 09:41:50.000000000,QUERY_SPREAD,1
2019-06-28 09:41:50.000000000,BEST_BID,"JPM,99962,182"
2019-06-28 09:41:50.000000000,BEST_ASK,"JPM,99995,100"
2019-06-28 09:41:50.000000000,BEST_BID,"JPM,99962,182"
2019-06-28 09:41:50.000000000,BEST_ASK,"JPM,99995,100"
2019-06-28 09:41:50.000000000,BEST_BID,"JPM,99962,182"
2019-06-28 09:41:50.000000000,BEST_ASK,"JPM,99995,100"
2019-06-28 09:41:50.000000000,BEST_BID,"JPM,99962,182"
2019-06-28 09:41:50.000000000,BEST_ASK,"JPM,99995,100"
2019-06-28 09:41:50.000000000,BEST_BID,"JPM,99962,182"
2019-06-28 09:41:50.000000000,BEST_ASK,"JPM,99995,182"
2019-06-28 09:41:50.000000000,BEST_BID,"JPM,99962,182"
2019-06-28 09:41:50.000000000,BEST_ASK,"JPM,99995,182"
2019-06-28 09:41:50.000000000,BEST_BID,"JPM,99962,182"
2019-06-28 09:41:50.000000000,BEST_ASK,"JPM,99995,182"
2019-06-28 09:41:50.000000000,BEST_BID,"JPM,99962,182"
2019-06-28 09:41:50.000000000,BEST_ASK,"JPM,99995,182"
2019-06-28 09:42:00.000000000,QUERY_SPREAD,1
2019-06-28 09:42:00.000000000,BEST_BID,"JPM,99962,182"
2019-06-28 09:42:00.000000000,BEST_ASK,"JPM,99995,100"
2019-06-28 09:42:00.000000000,BEST_BID,"JPM,99962,182"
2019-06-28 09:42:00.000000000,BEST_ASK,"JPM,99995,100"
2019-06-28 09:42:00.000000000,BEST_BID,"JPM,99962,182"
2019-06-28 09:42:00.000000000,BEST_ASK,"JPM,99995,100"
2019-06-28 09:42:00.000000000,BEST_BID,"JPM,99962,182"
2019-06-28 09:42:00.000000000,BEST_ASK,"JPM,99995,100"
2019-06-28 09:42:00.000000000,BEST_BID,"JPM,99962,182"
2019-06-28 09:42:00.000000000,BEST_ASK,"JPM,99995,182"
2019-06-28 09:42:00.000000000,BEST_BID,"JPM,99962,182"
2019-06-28 09:42:00.000000000,BEST_ASK,"JPM,99995,182"
2019-06-28 09:42:00.000000000,BEST_BID,"JPM,99962,182"
2019-06-28 09:42:00.000000000,BEST_ASK,"JPM,99995,182"
2019-06-28 09:42:00.000000000,BEST_BID,"JPM,99962,182"
2019-06-28 09:42:00.000000000,BEST_ASK,"JPM,99995,182"
2019-06-28 09:42:00.000000000,QUERY_SPREAD,77
2019-06-28 09:42:00.000000000,QUERY_SPREAD,78
2019-06-28 09:42:00.000000000,QUERY_SPREAD,79
2019-06-28 09:42:00.000000000,QUERY_SPREAD,80
2019-06-28 09:42:00.000000000,QUERY_SPREAD,81
2019-06-28 09:42:00.000000000,QUERY_SPREAD,82
2019-06-28 09:42:00.000000000,QUERY_SPREAD,83
2019-06-28 09:42:00.000000000,QUERY_SPREAD,84
2019-06-28 09:42:00.000000000,QUERY_SPREAD,85
2019-06-28 09:42:00.000000000,QUERY_SPREAD,86
2019-06-28 09:42:00.000000000,QUERY_SPREAD,87
2019-06-28 09:42:00.000000000,QUERY_SPREAD,88
2019-06-28 09:42:00.000000000,QUERY_SPREAD,89
2019-06-28 09:42:00.000000000,QUERY_SPREAD,90
2019-06-28 09:42:00.000000000,QUERY_SPREAD,91
2019-06-28 09:42:00.000000000,QUERY_SPREAD,92
2019-06-28 09:42:00.000000000,QUERY_SPREAD,93
2019-06-28 09:42:00.000000000,QUERY_SPREAD,94
2019-06-28 09:42:00.000000000,QUERY_SPREAD,95
2019-06-28 09:42:00.000000000,QUERY_SPREAD,96
2019-06-28 09:42:00.000000000,QUERY_SPREAD,97
2019-06-28 09:42:00.000000000,QUERY_SPREAD,98
2019-06-28 09:42:00.000000000,QUERY_SPREAD,99
2019-06-28 09:42:00.000000000,QUERY_SPREAD,100
2019-06-28 09:42:00.000000000,QUERY_SPREAD,101
2019-06-28 09:42:00.000000000,QUERY_ORDER_STREAM,101
2019-06-28 09:42:05.231426658,QUERY_SPREAD,28
2019-06-28 09:42:05.231426658,BEST_BID,"JPM,99962,182"
2019-06-28 09:42:05.231426658,BEST_ASK,"JPM,99995,182"
2019-06-28 09:42:10.000000000,QUERY_SPREAD,1
2019-06-28 09:42:10.000000000,BEST_BID,"JPM,99962,166"
2019-06-28 09:42:10.000000000,BEST_ASK,"JPM,99995,100"
2019-06-28 09:42:10.000000000,BEST_BID,"JPM,99962,166"
2019-06-28 09:42:10.000000000,BEST_ASK,"JPM,99995,100"
2019-06-28 09:42:10.000000000,BEST_BID,"JPM,99962,166"
2019-06-28 09:42:10.000000000,BEST_ASK,"JPM,99995,100"
2019-06-28 09:42:10.000000000,BEST_BID,"JPM,99962,166"
2019-06-28 09:42:10.000000000,BEST_ASK,"JPM,99995,100"
2019-06-28 09:42:10.000000000,BEST_BID,"JPM,99962,166"
2019-06-28 09:42:10.000000000,BEST_ASK,"JPM,99995,100"
2019-06-28 09:42:10.000000000,BEST_BID,"JPM,99962,166"
2019-06-28 09:42:10.000000000,BEST_ASK,"JPM,99995,166"
2019-06-28 09:42:10.000000000,BEST_BID,"JPM,99962,166"
2019-06-28 09:42:10.000000000,BEST_ASK,"JPM,99995,166"
2019-06-28 09:42:10.000000000,BEST_BID,"JPM,99962,166"
2019-06-28 09:42:10.000000000,BEST_ASK,"JPM,99995,166"
2019-06-28 09:42:10.000000000,BEST_BID,"JPM,99962,166"
2019-06-28 09:42:10.000000000,BEST_ASK,"JPM,99995,166"
2019-06-28 09:42:10.000000000,BEST_BID,"JPM,99962,166"
2019-06-28 09:42:10.000000000,BEST_ASK,"JPM,99995,166"
2019-06-28 09:42:10.141614590,QUERY_ORDER_STREAM,66
2019-06-28 09:42:10.141614590,QUERY_SPREAD,66
2019-06-28 09:42:10.141614590,BEST_BID,"JPM,99962,266"
2019-06-28 09:42:10.141614590,BEST_ASK,"JPM,99995,166"
2019-06-28 09:42:13.376931909,QUERY_SPREAD,6
2019-06-28 09:42:13.376931909,BEST_BID,"JPM,99962,266"
2019-06-28 09:42:13.376931909,BEST_ASK,"JPM,99995,166"
2019-06-28 09:42:20.000000000,QUERY_SPREAD,1
2019-06-28 09:42:20.000000000,BEST_BID,"JPM,99962,528"
2019-06-28 09:42:20.000000000,BEST_ASK,"JPM,99995,100"
2019-06-28 09:42:20.000000000,BEST_BID,"JPM,99962,528"
2019-06-28 09:42:20.000000000,BEST_ASK,"JPM,99995,428"
2019-06-28 09:42:27.220551964,QUERY_SPREAD,39
2019-06-28 09:42:27.220551964,BEST_BID,"JPM,99962,528"
2019-06-28 09:42:27.220551964,BEST_ASK,"JPM,99995,428"
2019-06-28 09:42:28.923216368,QUERY_ORDER_STREAM,72
2019-06-28 09:42:28.923216368,QUERY_SPREAD,72
2019-06-28 09:42:28.923216368,BEST_BID,"JPM,99962,528"
2019-06-28 09:42:28.923216368,BEST_ASK,"JPM,99970,100"
2019-06-28 09:42:30.000000000,QUERY_SPREAD,1
2019-06-28 09:42:30.000000000,BEST_BID,"JPM,99962,528"
2019-06-28 09:42:30.000000000,BEST_ASK,"JPM,99970,100"
2019-06-28 09:42:30.000000000,BEST_BID,"JPM,99962,528"
2019-06-28 09:42:30.000000000,BEST_ASK,"JPM,99970,428"
2019-06-28 09:42:36.277713780,QUERY_SPREAD,28
2019-06-28 09:42:36.277713780,BEST_BID,"JPM,99962,528"
2019-06-28 09:42:36.277713780,BEST_ASK,"JPM,99970,428"
2019-06-28 09:42:38.099705403,QUERY_SPREAD,13
2019-06-28 09:42:38.099705403,BEST_BID,"JPM,99962,428"
2019-06-28 09:42:38.099705403,BEST_ASK,"JPM,99970,428"
2019-06-28 09:42:38.099705403,LAST_TRADE,"100,$99962.0000"
2019-06-28 09:42:38.703282696,QUERY_SPREAD,46
2019-06-28 09:42:38.703282696,BEST_BID,"JPM,99962,428"
2019-06-28 09:42:38.703282696,BEST_ASK,"JPM,99970,428"
2019-06-28 09:42:40.000000000,QUERY_SPREAD,1
2019-06-28 09:42:40.000000000,BEST_BID,"JPM,99962,182"
2019-06-28 09:42:40.000000000,BEST_ASK,"JPM,99970,100"
2019-06-28 09:42:40.000000000,BEST_BID,"JPM,99962,182"
2019-06-28 09:42:40.000000000,BEST_ASK,"JPM,99970,100"
2019-06-28 09:42:40.000000000,BEST_BID,"JPM,99962,182"
2019-06-28 09:42:40.000000000,BEST_ASK,"JPM,99970,100"
2019-06-28 09:42:40.000000000,BEST_BID,"JPM,99962,182"
2019-06-28 09:42:40.000000000,BEST_ASK,"JPM,99970,100"
2019-06-28 09:42:40.000000000,BEST_BID,"JPM,99962,182"
2019-06-28 09:42:40.000000000,BEST_ASK,"JPM,99970,182"
2019-06-28 09:42:40.000000000,BEST_BID,"JPM,99962,182"
2019-06-28 09:42:40.000000000,BEST_ASK,"JPM,99970,182"
2019-06-28 09:42:40.000000000,BEST_BID,"JPM,99962,182"
2019-06-28 09:42:40.000000000,BEST_ASK,"JPM,99970,182"
2019-06-28 09:42:40.000000000,BEST_BID,"JPM,99962,182"
2019-06-28 09:42:40.000000000,BEST_ASK,"JPM,99970,182"
2019-06-28 09:42:47.704393002,QUERY_ORDER_STREAM,72
2019-06-28 09:42:47.704393002,QUERY_SPREAD,72
2019-06-28 09:42:47.704393002,BEST_BID,"JPM,99962,182"
2019-06-28 09:42:47.704393002,BEST_ASK,"JPM,99969,100"
2019-06-28 09:42:48.613750378,QUERY_ORDER_STREAM,56
2019-06-28 09:42:48.613750378,QUERY_SPREAD,56
2019-06-28 09:42:50.000000000,QUERY_SPREAD,1
2019-06-28 09:42:50.000000000,BEST_BID,"JPM,99962,264"
2019-06-28 09:42:50.000000000,BEST_ASK,"JPM,99969,100"
2019-06-28 09:42:50.000000000,BEST_BID,"JPM,99962,264"
2019-06-28 09:42:50.000000000,BEST_ASK,"JPM,99969,100"
2019-06-28 09:42:50.000000000,BEST_BID,"JPM,99962,264"
2019-06-28 09:42:50.000000000,BEST_ASK,"JPM,99969,264"
2019-06-28 09:42:50.000000000,BEST_BID,"JPM,99962,264"
2019-06-28 09:42:50.000000000,BEST_ASK,"JPM,99969,264"
2019-06-28 09:42:50.726111044,QUERY_SPREAD,38
2019-06-28 09:42:50.726111044,BEST_BID,"JPM,99962,264"
2019-06-28 09:42:50.726111044,BEST_ASK,"JPM,99969,264"
2019-06-28 09:42:54.332713992,QUERY_ORDER_STREAM,60
2019-06-28 09:42:54.332713992,QUERY_SPREAD,60
2019-06-28 09:42:54.332713992,BEST_BID,"JPM,99962,264"
2019-06-28 09:42:54.332713992,BEST_ASK,"JPM,99969,364"
2019-06-28 09:43:00.000000000,QUERY_SPREAD,1
2019-06-28 09:43:00.000000000,BEST_BID,"JPM,99962,166"
2019-06-28 09:43:00.000000000,BEST_ASK,"JPM,99969,200"
2019-06-28 09:43:00.000000000,BEST_BID,"JPM,99962,166"
2019-06-28 09:43:00.000000000,BEST_ASK,"JPM,99969,200"
2019-06-28 09:43:00.000000000,BEST_BID,"JPM,99962,166"
2019-06-28 09:43:00.000000000,BEST_ASK,"JPM,99969,200"
2019-06-28 09:43:00.000000000,BEST_BID,"JPM,99962,166"
2019-06-28 09:43:00.000000000,BEST_ASK,"JPM,99969,200"
2019-06-28 09:43:00.000000000,BEST_BID,"JPM,99962,166"
2019-06-28 09:43:00.000000000,BEST_ASK,"JPM,99969,200"
2019-06-28 09:43:00.000000000,BEST_BID,"JPM,99962,166"
2019-06-28 09:43:00.000000000,BEST_ASK,"JPM,99969,266"
2019-06-28 09:43:00.000000000,BEST_BID,"JPM,99962,166"
2019-06-28 09:43:00.000000000,BEST_ASK,"JPM,99969,266"
2019-06-28 09:43:00.000000000,BEST_BID,"JPM,99962,166"
2019-06-28 09:43:00.000000000,BEST_ASK,"JPM,99969,266"
2019-06-28 09:43:00.000000000,BEST_BID,"JPM,99962,166"
2019-06-28 09:43:00.000000000,BEST_ASK,"JPM,99969,266"
2019-06-28 09:43:00.000000000,BEST_BID,"JPM,99962,166"
2019-06-28 09:43:00.000000000,BEST_ASK,"JPM,99969,266"
2019-06-28 09:43:00.000000000,QUERY_SPREAD,77
2019-06-28 09:43:00.000000000,QUERY_SPREAD,78
2019-06-28 09:43:00.000000000,QUERY_SPREAD,79
2019-06-28 09:43:00.000000000,QUERY_SPREAD,80
2019-06-28 09:43:00.000000000,QUERY_SPREAD,81
2019-06-28 09:43:00.000000000,QUERY_SPREAD,82
2019-06-28 09:43:00.000000000,QUERY_SPREAD,83
2019-06-28 09:43:00.000000000,QUERY_SPREAD,84
2019-06-28 09:43:00.000000000,QUERY_SPREAD,85
2019-06-28 09:43:00.000000000,QUERY_SPREAD,86
2019-06-28 09:43:00.000000000,QUERY_SPREAD,87
2019-06-28 09:43:00.000000000,QUERY_SPREAD,88
2019-06-28 09:43:00.000000000,QUERY_SPREAD,89
2019-06-28 09:43:00.000000000,QUERY_SPREAD,90
2019-06-28 09:43:00.000000000,QUERY_SPREAD,91
2019-06-28 09:43:00.000000000,QUERY_SPREAD,92
2019-06-28 09:43:00.000000000,QUERY_SPREAD,93
2019-06-28 09:43:00.000000000,QUERY_SPREAD,94
2019-06-28 09:43:00.000000000,QUERY_SPREAD,95
2019-06-28 09:43:00.000000000,QUERY_SPREAD,96
2019-06-28 09:43:00.000000000,QUERY_SPREAD,97
2019-06-28 09:43:00.000000000,QUERY_SPREAD,98
2019-06-28 09:43:00.000000000,QUERY_SPREAD,99
2019-06-28 09:43:00.000000000,QUERY_SPREAD,100
2019-06-28 09:43:00.000000000,QUERY_SPREAD,101
2019-06-28 09:43:00.000000000,QUERY_ORDER_STREAM,101
2019-06-28 09:43:08.844043802,QUERY_SPREAD,8
2019-06-28 09:43:08.844043802,BEST_BID,"JPM,99962,66"
2019-06-28 09:43:08.844043802,BEST_ASK,"JPM,99969,266"
2019-06-28 09:43:08.844043802,LAST_TRADE,"100,$99962.0000"
2019-06-28 09:43:10.000000000,QUERY_SPREAD,1
2019-06-28 09:43:10.000000000,BEST_BID,"JPM,99890,428"
2019-06-28 09:43:10.000000000,BEST_ASK,"JPM,99969,200"
2019-06-28 09:43:10.000000000,BEST_BID,"JPM,99890,428"
2019-06-28 09:43:10.000000000,BEST_ASK,"JPM,99969,528"
2019-06-28 09:43:19.345183640,QUERY_ORDER_STREAM,60
2019-06-28 09:43:19.345183640,QUERY_SPREAD,60
2019-06-28 09:43:19.345183640,BEST_BID,"JPM,99890,428"
2019-06-28 09:43:19.345183640,BEST_ASK,"JPM,99962,100"
2019-06-28 09:43:20.000000000,QUERY_SPREAD,1
2019-06-28 09:43:20.000000000,BEST_BID,"JPM,99890,212"
2019-06-28 09:43:20.000000000,BEST_ASK,"JPM,99962,100"
2019-06-28 09:43:20.000000000,BEST_BID,"JPM,99890,212"
2019-06-28 09:43:20.000000000,BEST_ASK,"JPM,99962,100"
2019-06-28 09:43:20.000000000,BEST_BID,"JPM,99890,212"
2019-06-28 09:43:20.000000000,BEST_ASK,"JPM,99962,100"
2019-06-28 09:43:20.000000000,BEST_BID,"JPM,99890,212"
2019-06-28 09:43:20.000000000,BEST_ASK,"JPM,99962,212"
2019-06-28 09:43:20.000000000,BEST_BID,"JPM,99890,212"
2019-06-28 09:43:20.000000000,BEST_ASK,"JPM,99962,212"
2019-06-28 09:43:20.000000000,BEST_BID,"JPM,99890,212"
2019-06-28 09:43:20.000000000,BEST_ASK,"JPM,99962,212"
2019-06-28 09:43:30.000000000,QUERY_SPREAD,1
2019-06-28 09:43:30.000000000,BEST_BID,"JPM,99890,264"
2019-06-28 09:43:30.000000000,BEST_ASK,"JPM,99962,100"
2019-06-28 09:43:30.000000000,BEST_BID,"JPM,99890,264"
2019-06-28 09:43:30.000000000,BEST_ASK,"JPM,99962,100"
2019-06-28 09:43:30.000000000,BEST_BID,"JPM,99890,264"
2019-06-28 09:43:30.000000000,BEST_ASK,"JPM,99962,264"
2019-06-28 09:43:30.000000000,BEST_BID,"JPM,99890,264"
2019-06-28 09:43:30.000000000,BEST_ASK,"JPM,99962,264"
2019-06-28 09:43:40.000000000,QUERY_SPREAD,1
2019-06-28 09:43:40.000000000,BEST_BID,"JPM,99890,264"
2019-06-28 09:43:40.000000000,BEST_ASK,"JPM,99962,100"
2019-06-28 09:43:40.000000000,BEST_BID,"JPM,99890,264"
2019-06-28 09:43:40.000000000,BEST_ASK,"JPM,99962,100"
2019-06-28 09:43:40.000000000,BEST_BID,"JPM,99890,264"
2019-06-28 09:43:40.000000000,BEST_ASK,"JPM,99962,264"
2019-06-28 09:43:40.000000000,BEST_BID,"JPM,99890,264"
2019-06-28 09:43:40.000000000,BEST_ASK,"JPM,99962,264"
2019-06-28 09:43:50.000000000,QUERY_SPREAD,1
2019-06-28 09:43:50.000000000,BEST_BID,"JPM,99890,264"
2019-06-28 09:43:50.000000000,BEST_ASK,"JPM,99962,100"
2019-06-28 09:43:50.000000000,BEST_BID,"JPM,99890,264"
2019-06-28 09:43:50.000000000,BEST_ASK,"JPM,99962,100"
2019-06-28 09:43:50.000000000,BEST_BID,"JPM,99890,264"
2019-06-28 09:43:50.000000000,BEST_ASK,"JPM,99962,264"
2019-06-28 09:43:50.000000000,BEST_BID,"JPM,99890,264"
2019-06-28 09:43:50.000000000,BEST_ASK,"JPM,99962,264"
2019-06-28 09:44:00.000000000,QUERY_SPREAD,1
2019-06-28 09:44:00.000000000,BEST_BID,"JPM,99890,182"
2019-06-28 09:44:00.000000000,BEST_ASK,"JPM,99962,100"
2019-06-28 09:44:00.000000000,BEST_BID,"JPM,99890,182"
2019-06-28 09:44:00.000000000,BEST_ASK,"JPM,99962,100"
2019-06-28 09:44:00.000000000,BEST_BID,"JPM,99890,182"
2019-06-28 09:44:00.000000000,BEST_ASK,"JPM,99962,100"
2019-06-28 09:44:00.000000000,BEST_BID,"JPM,99890,182"
2019-06-28 09:44:00.000000000,BEST_ASK,"JPM,99962,100"
2019-06-28 09:44:00.000000000,BEST_BID,"JPM,99890,182"
2019-06-28 09:44:00.000000000,BEST_ASK,"JPM,99962,182"
2019-06-28 09:44:00.000000000,BEST_BID,"JPM,99890,182"
2019-06-28 09:44:00.000000000,BEST_ASK,"JPM,99962,182"
2019-06-28 09:44:00.000000000,BEST_BID,"JPM,99890,182"
2019-06-28 09:44:00.000000000,BEST_ASK,"JPM,99962,182"
2019-06-28 09:44:00.000000000,BEST_BID,"JPM,99890,182"
2019-06-28 09:44:00.000000000,BEST_ASK,"JPM,99962,182"
2019-06-28 09:44:00.000000000,QUERY_SPREAD,77
2019-06-28 09:44:00.000000000,QUERY_SPREAD,78
2019-06-28 09:44:00.000000000,QUERY_SPREAD,79
2019-06-28 09:44:00.000000000,QUERY_SPREAD,80
2019-06-28 09:44:00.000000000,QUERY_SPREAD,81
2019-06-28 09:44:00.000000000,QUERY_SPREAD,82
2019-06-28 09:44:00.000000000,QUERY_SPREAD,83
2019-06-28 09:44:00.000000000,QUERY_SPREAD,84
2019-06-28 09:44:00.000000000,QUERY_SPREAD,85
2019-06-28 09:44:00.000000000,QUERY_SPREAD,86
2019-06-28 09:44:00.000000000,QUERY_SPREAD,87
2019-06-28 09:44:00.000000000,QUERY_SPREAD,88
2019-06-28 09:44:00.000000000,QUERY_SPREAD,89
2019-06-28 09:44:00.000000000,QUERY_SPREAD,90
2019-06-28 09:44:00.000000000,QUERY_SPREAD,91
2019-06-28 09:44:00.000000000,QUERY_SPREAD,92
2019-06-28 09:44:00.000000000,QUERY_SPREAD,93
2019-06-28 09:44:00.000000000,QUERY_SPREAD,94
2019-06-28 09:44:00.000000000,QUERY_SPREAD,95
2019-06-28 09:44:00.000000000,QUERY_SPREAD,96
2019-06-28 09:44:00.000000000,QUERY_SPREAD,97
2019-06-28 09:44:00.000000000,QUERY_SPREAD,98
2019-06-28 09:44:00.000000000,QUERY_SPREAD,99
2019-06-28 09:44:00.000000000,QUERY_SPREAD,100
2019-06-28 09:44:00.000000000,QUERY_SPREAD,101
2019-06-28 09:44:00.000000000,QUERY_ORDER_STREAM,101
2019-06-28 09:44:01.179601967,QUERY_SPREAD,26
2019-06-28 09:44:01.179601967,BEST_BID,"JPM,99890,82"
2019-06-28 09:44:01.179601967,BEST_ASK,"JPM,99962,182"
2019-06-28 09:44:01.179601967,LAST_TRADE,"100,$99890.0000"
2019-06-28 09:44:10.000000000,QUERY_SPREAD,1
2019-06-28 09:44:10.000000000,BEST_BID,"JPM,99887,428"
2019-06-28 09:44:10.000000000,BEST_ASK,"JPM,99962,100"
2019-06-28 09:44:10.000000000,BEST_BID,"JPM,99887,428"
2019-06-28 09:44:10.000000000,BEST_ASK,"JPM,99962,428"
2019-06-28 09:44:14.409210203,QUERY_ORDER_STREAM,74
2019-06-28 09:44:14.409210203,QUERY_SPREAD,74
2019-06-28 09:44:20.000000000,QUERY_SPREAD,1
2019-06-28 09:44:20.000000000,BEST_BID,"JPM,99887,212"
2019-06-28 09:44:20.000000000,BEST_ASK,"JPM,99962,100"
2019-06-28 09:44:20.000000000,BEST_BID,"JPM,99887,212"
2019-06-28 09:44:20.000000000,BEST_ASK,"JPM,99962,100"
2019-06-28 09:44:20.000000000,BEST_BID,"JPM,99887,212"
2019-06-28 09:44:20.000000000,BEST_ASK,"JPM,99962,100"
2019-06-28 09:44:20.000000000,BEST_BID,"JPM,99887,212"
2019-06-28 09:44:20.000000000,BEST_ASK,"JPM,99962,212"
2019-06-28 09:44:20.000000000,BEST_BID,"JPM,99887,212"
2019-06-28 09:44:20.000000000,BEST_ASK,"JPM,99962,212"
2019-06-28 09:44:20.000000000,BEST_BID,"JPM,99887,212"
2019-06-28 09:44:20.000000000,BEST_ASK,"JPM,99962,212"
2019-06-28 09:44:20.496484738,QUERY_SPREAD,19
2019-06-28 09:44:20.496484738,BEST_BID,"JPM,99887,212"
2019-06-28 09:44:20.496484738,BEST_ASK,"JPM,99962,212"
2019-06-28 09:44:29.812091951,QUERY_SPREAD,38
2019-06-28 09:44:29.812091951,BEST_BID,"JPM,99887,212"
2019-06-28 09:44:29.812091951,BEST_ASK,"JPM,99962,212"
2019-06-28 09:44:30.000000000,QUERY_SPREAD,1
2019-06-28 09:44:30.000000000,BEST_BID,"JPM,99887,264"
2019-06-28 09:44:30.000000000,BEST_ASK,"JPM,99962,100"
2019-06-28 09:44:30.000000000,BEST_BID,"JPM,99887,264"
2019-06-28 09:44:30.000000000,BEST_ASK,"JPM,99962,100"
2019-06-28 09:44:30.000000000,BEST_BID,"JPM,99887,264"
2019-06-28 09:44:30.000000000,BEST_ASK,"JPM,99962,264"
2019-06-28 09:44:30.000000000,BEST_BID,"JPM,99887,264"
2019-06-28 09:44:30.000000000,BEST_ASK,"JPM,99962,264"
2019-06-28 09:44:40.000000000,QUERY_SPREAD,1
2019-06-28 09:44:40.000000000,BEST_BID,"JPM,99887,166"
2019-06-28 09:44:40.000000000,BEST_ASK,"JPM,99962,100"
2019-06-28 09:44:40.000000000,BEST_BID,"JPM,99887,166"
2019-06-28 09:44:40.000000000,BEST_ASK,"JPM,99962,100"
2019-06-28 09:44:40.000000000,BEST_BID,"JPM,99887,166"
2019-06-28 09:44:40.000000000,BEST_ASK,"JPM,99962,100"
2019-06-28 09:44:40.000000000,BEST_BID,"JPM,99887,166"
2019-06-28 09:44:40.000000000,BEST_ASK,"JPM,99962,100"
2019-06-28 09:44:40.000000000,BEST_BID,"JPM,99887,166"
2019-06-28 09:44:40.000000000,BEST_ASK,"JPM,99962,100"
2019-06-28 09:44:40.000000000,BEST_BID,"JPM,99887,166"
2019-06-28 09:44:40.000000000,BEST_ASK,"JPM,99962,166"
2019-06-28 09:44:40.000000000,BEST_BID,"JPM,99887,166"
2019-06-28 09:44:40.000000000,BEST_ASK,"JPM,99962,166"
2019-06-28 09:44:40.000000000,BEST_BID,"JPM,99887,166"
2019-06-28 09:44:40.000000000,BEST_ASK,"JPM,99962,166"
2019-06-28 09:44:40.000000000,BEST_BID,"JPM,99887,166"
2019-06-28 09:44:40.000000000,BEST_ASK,"JPM,99962,166"
2019-06-28 09:44:40.000000000,BEST_BID,"JPM,99887,166"
2019-06-28 09:44:40.000000000,BEST_ASK,"JPM,99962,166"
2019-06-28 09:44:50.000000000,QUERY_SPREAD,1
2019-06-28 09:44:50.000000000,BEST_BID,"JPM,99887,212"
2019-06-28 09:44:50.000000000,BEST_ASK,"JPM,99962,100"
2019-06-28 09:44:50.000000000,BEST_BID,"JPM,99887,212"
2019-06-28 09:44:50.000000000,BEST_ASK,"JPM,99962,100"
2019-06-28 09:44:50.000000000,BEST_BID,"JPM,99887,212"
2019-06-28 09:44:50.000000000,BEST_ASK,"JPM,99962,100"
2019-06-28 09:44:50.000000000,BEST_BID,"JPM,99887,212"
2019-06-28 09:44:50.000000000,BEST_ASK,"JPM,99962,212"
2019-06-28 09:44:50.000000000,BEST_BID,"JPM,99887,212"
2019-06-28 09:44:50.000000000,BEST_ASK,"JPM,99962,212"
2019-06-28 09:44:50.000000000,BEST_BID,"JPM,99887,212"
2019-06-28 09:44:50.000000000,BEST_ASK,"JPM,99962,212"
2019-06-28 09:45:00.000000000,QUERY_SPREAD,1
2019-06-28 09:45:00.000000000,BEST_BID,"JPM,99887,182"
2019-06-28 09:45:00.000000000,BEST_ASK,"JPM,99962,100"
2019-06-28 09:45:00.000000000,BEST_BID,"JPM,99887,182"
2019-06-28 09:45:00.000000000,BEST_ASK,"JPM,99962,100"
2019-06-28 09:45:00.000000000,BEST_BID,"JPM,99887,182"
2019-06-28 09:45:00.000000000,BEST_ASK,"JPM,99962,100"
2019-06-28 09:45:00.000000000,BEST_BID,"JPM,99887,182"
2019-06-28 09:45:00.000000000,BEST_ASK,"JPM,99962,100"
2019-06-28 09:45:00.000000000,BEST_BID,"JPM,99887,182"
2019-06-28 09:45:00.000000000,BEST_ASK,"JPM,99962,182"
2019-06-28 09:45:00.000000000,BEST_BID,"JPM,99887,182"
2019-06-28 09:45:00.000000000,BEST_ASK,"JPM,99962,182"
2019-06-28 09:45:00.000000000,BEST_BID,"JPM,99887,182"
2019-06-28 09:45:00.000000000,BEST_ASK,"JPM,99962,182"
2019-06-28 09:45:00.000000000,BEST_BID,"JPM,99887,182"
2019-06-28 09:45:00.000000000,BEST_ASK,"JPM,99962,182"
2019-06-28 09:45:00.000000000,QUERY_SPREAD,77
2019-06-28 09:45:00.000000000,QUERY_SPREAD,78
2019-06-28 09:45:00.000000000,QUERY_SPREAD,79
2019-06-28 09:45:00.000000000,QUERY_SPREAD,80
2019-06-28 09:45:00.000000000,QUERY_SPREAD,81
2019-06-28 09:45:00.000000000,QUERY_SPREAD,82
2019-06-28 09:45:00.000000000,QUERY_SPREAD,83
2019-06-28 09:45:00.000000000,QUERY_SPREAD,84
2019-06-28 09:45:00.000000000,QUERY_SPREAD,85
2019-06-28 09:45:00.000000000,QUERY_SPREAD,86
2019-06-28 09:45:00.000000000,QUERY_SPREAD,87
2019-06-28 09:45:00.000000000,QUERY_SPREAD,88
2019-06-28 09:45:00.000000000,QUERY_SPREAD,89
2019-06-28 09:45:00.000000000,QUERY_SPREAD,90
2019-06-28 09:45:00.000000000,QUERY_SPREAD,91
2019-06-28 09:45:00.000000000,QUERY_SPREAD,92
2019-06-28 09:45:00.000000000,QUERY_SPREAD,93
2019-06-28 09:45:00.000000000,QUERY_SPREAD,94
2019-06-28 09:45:00.000000000,QUERY_SPREAD,95
2019-06-28 09:45:00.000000000,QUERY_SPREAD,96
2019-06-28 09:45:00.000000000,QUERY_SPREAD,97
2019-06-28 09:45:00.000000000,QUERY_SPREAD,98
2019-06-28 09:45:00.000000000,QUERY_SPREAD,99
2019-06-28 09:45:00.000000000,QUERY_SPREAD,100
2019-06-28 09:45:00.000000000,QUERY_SPREAD,101
2019-06-28 09:45:00.000000000,QUERY_ORDER_STREAM,101
2019-06-28 09:45:10.000000000,QUERY_SPREAD,1
2019-06-28 09:45:10.000000000,BEST_BID,"JPM,99887,428"
2019-06-28 09:45:10.000000000,BEST_ASK,"JPM,99962,100"
2019-06-28 09:45:10.000000000,BEST_BID,"JPM,99887,428"
2019-06-28 09:45:10.000000000,BEST_ASK,"JPM,99962,428"
2019-06-28 09:45:16.538325205,QUERY_ORDER_STREAM,72
2019-06-28 09:45:16.538325205,QUERY_SPREAD,72
2019-06-28 09:45:20.000000000,QUERY_SPREAD,1
2019-06-28 09:45:20.000000000,BEST_BID,"JPM,99887,264"
2019-06-28 09:45:20.000000000,BEST_ASK,"JPM,99962,100"
2019-06-28 09:45:20.000000000,BEST_BID,"JPM,99887,264"
2019-06-28 09:45:20.000000000,BEST_ASK,"JPM,99962,100"
2019-06-28 09:45:20.000000000,BEST_BID,"JPM,99887,264"
2019-06-28 09:45:20.000000000,BEST_ASK,"JPM,99962,264"
2019-06-28 09:45:20.000000000,BEST_BID,"JPM,99887,264"
2019-06-28 09:45:20.000000000,BEST_ASK,"JPM,99962,264"
2019-06-28 09:45:25.318250323,QUERY_SPREAD,11
2019-06-28 09:45:25.318250323,BEST_BID,"JPM,99887,264"
2019-06-28 09:45:25.318250323,BEST_ASK,"JPM,99962,264"
2019-06-28 09:45:30.000000000,QUERY_SPREAD,1
2019-06-28 09:45:30.000000000,BEST_BID,"JPM,99887,212"
2019-06-28 09:45:30.000000000,BEST_ASK,"JPM,99962,100"
2019-06-28 09:45:30.000000000,BEST_BID,"JPM,99887,212"
2019-06-28 09:45:30.000000000,BEST_ASK,"JPM,99962,100"
2019-06-28 09:45:30.000000000,BEST_BID,"JPM,99887,212"
2019-06-28 09:45:30.000000000,BEST_ASK,"JPM,99962,100"
2019-06-28 09:45:30.000000000,BEST_BID,"JPM,99887,212"
2019-06-28 09:45:30.000000000,BEST_ASK,"JPM,99962,212"
2019-06-28 09:45:30.000000000,BEST_BID,"JPM,99887,212"
2019-06-28 09:45:30.000000000,BEST_ASK,"JPM,99962,212"
2019-06-28 09:45:30.000000000,BEST_BID,"JPM,99887,212"
2019-06-28 09:45:30.000000000,BEST_ASK,"JPM,99962,212"
2019-06-28 09:45:33.482054252,QUERY_SPREAD,16
2019-06-28 09:45:33.482054252,BEST_BID,"JPM,99887,212"
2019-06-28 09:45:33.482054252,BEST_ASK,"JPM,99962,212"
2019-06-28 09:45:40.000000000,QUERY_SPREAD,1
2019-06-28 09:45:40.000000000,BEST_BID,"JPM,99887,166"
2019-06-28 09:45:40.000000000,BEST_ASK,"JPM,99962,100"
2019-06-28 09:45:40.000000000,BEST_BID,"JPM,99887,166"
2019-06-28 09:45:40.000000000,BEST_ASK,"JPM,99962,100"
2019-06-28 09:45:40.000000000,BEST_BID,"JPM,99887,166"
2019-06-28 09:45:40.000000000,BEST_ASK,"JPM,99962,100"
2019-06-28 09:45:40.000000000,BEST_BID,"JPM,99887,166"
2019-06-28 09:45:40.000000000,BEST_ASK,"JPM,99962,100"
2019-06-28 09:45:40.000000000,BEST_BID,"JPM,99887,166"
2019-06-28 09:45:40.000000000,BEST_ASK,"JPM,99962,100"
2019-06-28 09:45:40.000000000,BEST_BID,"JPM,99887,166"
2019-06-28 09:45:40.000000000,BEST_ASK,"JPM,99962,166"
2019-06-28 09:45:40.000000000,BEST_BID,"JPM,99887,166"
2019-06-28 09:45:40.000000000,BEST_ASK,"JPM,99962,166"
2019-06-28 09:45:40.000000000,BEST_BID,"JPM,99887,166"
2019-06-28 09:45:40.000000000,BEST_ASK,"JPM,99962,166"
2019-06-28 09:45:40.000000000,BEST_BID,"JPM,99887,166"
2019-06-28 09:45:40.000000000,BEST_ASK,"JPM,99962,166"
2019-06-28 09:45:40.000000000,BEST_BID,"JPM,99887,166"
2019-06-28 09:45:40.000000000,BEST_ASK,"JPM,99962,166"
2019-06-28 09:45:42.189281631,QUERY_SPREAD,14
2019-06-28 09:45:42.189281631,BEST_BID,"JPM,99887,166"
2019-06-28 09:45:42.189281631,BEST_ASK,"JPM,99962,166"
2019-06-28 09:45:44.557737709,QUERY_ORDER_STREAM,64
2019-06-28 09:45:44.557737709,QUERY_SPREAD,64
2019-06-28 09:45:44.557737709,BEST_BID,"JPM,99887,166"
2019-06-28 09:45:44.557737709,BEST_ASK,"JPM,99961,100"
2019-06-28 09:45:50.000000000,QUERY_SPREAD,1
2019-06-28 09:45:50.000000000,BEST_BID,"JPM,99887,182"
2019-06-28 09:45:50.000000000,BEST_ASK,"JPM,99961,100"
2019-06-28 09:45:50.000000000,BEST_BID,"JPM,99887,182"
2019-06-28 09:45:50.000000000,BEST_ASK,"JPM,99961,100"
2019-06-28 09:45:50.000000000,BEST_BID,"JPM,99887,182"
2019-06-28 09:45:50.000000000,BEST_ASK,"JPM,99961,100"
2019-06-28 09:45:50.000000000,BEST_BID,"JPM,99887,182"
2019-06-28 09:45:50.000000000,BEST_ASK,"JPM,99961,100"
2019-06-28 09:45:50.000000000,BEST_BID,"JPM,99887,182"
2019-06-28 09:45:50.000000000,BEST_ASK,"JPM,99961,182"
2019-06-28 09:45:50.000000000,BEST_BID,"JPM,99887,182"
2019-06-28 09:45:50.000000000,BEST_ASK,"JPM,99961,182"
2019-06-28 09:45:50.000000000,BEST_BID,"JPM,99887,182"
2019-06-28 09:45:50.000000000,BEST_ASK,"JPM,99961,182"
2019-06-28 09:45:50.000000000,BEST_BID,"JPM,99887,182"
2019-06-28 09:45:50.000000000,BEST_ASK,"JPM,99961,182"
2019-06-28 09:46:00.000000000,QUERY_SPREAD,1
2019-06-28 09:46:00.000000000,BEST_BID,"JPM,99887,212"
2019-06-28 09:46:00.000000000,BEST_ASK,"JPM,99961,100"
2019-06-28 09:46:00.000000000,BEST_BID,"JPM,99887,212"
2019-06-28 09:46:00.000000000,BEST_ASK,"JPM,99961,100"
2019-06-28 09:46:00.000000000,BEST_BID,"JPM,99887,212"
2019-06-28 09:46:00.000000000,BEST_ASK,"JPM,99961,100"
2019-06-28 09:46:00.000000000,BEST_BID,"JPM,99887,212"
2019-06-28 09:46:00.000000000,BEST_ASK,"JPM,99961,212"
2019-06-28 09:46:00.000000000,BEST_BID,"JPM,99887,212"
2019-06-28 09:46:00.000000000,BEST_ASK,"JPM,99961,212"
2019-06-28 09:46:00.000000000,BEST_BID,"JPM,99887,212"
2019-06-28 09:46:00.000000000,BEST_ASK,"JPM,99961,212"
2019-06-28 09:46:00.000000000,QUERY_SPREAD,77
2019-06-28 09:46:00.000000000,QUERY_SPREAD,78
2019-06-28 09:46:00.000000000,QUERY_SPREAD,79
2019-06-28 09:46:00.000000000,QUERY_SPREAD,80
2019-06-28 09:46:00.000000000,QUERY_SPREAD,81
2019-06-28 09:46:00.000000000,QUERY_SPREAD,82
2019-06-28 09:46:00.000000000,QUERY_SPREAD,83
2019-06-28 09:46:00.000000000,QUERY_SPREAD,84
2019-06-28 09:46:00.000000000,QUERY_SPREAD,85
2019-06-28 09:46:00.000000000,QUERY_SPREAD,86
2019-06-28 09:46:00.000000000,QUERY_SPREAD,87
2019-06-28 09:46:00.000000000,QUERY_SPREAD,88
2019-06-28 09:46:00.000000000,QUERY_SPREAD,89
2019-06-28 09:46:00.000000000,QUERY_SPREAD,90
2019-06-28 09:46:00.000000000,QUERY_SPREAD,91
2019-06-28 09:46:00.000000000,QUERY_SPREAD,92
2019-06-28 09:46:00.000000000,QUERY_SPREAD,93
2019-06-28 09:46:00.000000000,QUERY_SPREAD,94
2019-06-28 09:46:00.000000000,QUERY_SPREAD,95
2019-06-28 09:46:00.000000000,QUERY_SPREAD,96
2019-06-28 09:46:00.000000000,QUERY_SPREAD,97
2019-06-28 09:46:00.000000000,QUERY_SPREAD,98
2019-06-28 09:46:00.000000000,QUERY_SPREAD,99
2019-06-28 09:46:00.000000000,QUERY_SPREAD,100
2019-06-28 09:46:00.000000000,QUERY_SPREAD,101
2019-06-28 09:46:00.000000000,QUERY_ORDER_STREAM,101
2019-06-28 09:46:10.000000000,QUERY_SPREAD,1
2019-06-28 09:46:10.000000000,BEST_BID,"JPM,99887,428"
2019-06-28 09:46:10.000000000,BEST_ASK,"JPM,99961,100"
2019-06-28 09:46:10.000000000,BEST_BID,"JPM,99887,428"
2019-06-28 09:46:10.000000000,BEST_ASK,"JPM,99961,428"
2019-06-28 09:46:20.000000000,QUERY_SPREAD,1
2019-06-28 09:46:20.000000000,BEST_BID,"JPM,99887,166"
2019-06-28 09:46:20.000000000,BEST_ASK,"JPM,99961,100"
2019-06-28 09:46:20.000000000,BEST_BID,"JPM,99887,166"
2019-06-28 09:46:20.000000000,BEST_ASK,"JPM,99961,100"
2019-06-28 09:46:20.000000000,BEST_BID,"JPM,99887,166"
2019-06-28 09:46:20.000000000,BEST_ASK,"JPM,99961,100"
2019-06-28 09:46:20.000000000,BEST_BID,"JPM,99887,166"
2019-06-28 09:46:20.000000000,BEST_ASK,"JPM,99961,100"
2019-06-28 09:46:20.000000000,BEST_BID,"JPM,99887,166"
2019-06-28 09:46:20.000000000,BEST_ASK,"JPM,99961,100"
2019-06-28 09:46:20.000000000,BEST_BID,"JPM,99887,166"
2019-06-28 09:46:20.000000000,BEST_ASK,"JPM,99961,166"
2019-06-28 09:46:20.000000000,BEST_BID,"JPM,99887,166"
2019-06-28 09:46:20.000000000,BEST_ASK,"JPM,99961,166"
2019-06-28 09:46:20.000000000,BEST_BID,"JPM,99887,166"
2019-06-28 09:46:20.000000000,BEST_ASK,"JPM,99961,166"
2019-06-28 09:46:20.000000000,BEST_BID,"JPM,99887,166"
2019-06-28 09:46:20.000000000,BEST_ASK,"JPM,99961,166"
2019-06-28 09:46:20.000000000,BEST_BID,"JPM,99887,166"
2019-06-28 09:46:20.000000000,BEST_ASK,"JPM,99961,166"
2019-06-28 09:46:30.000000000,QUERY_SPREAD,1
2019-06-28 09:46:30.000000000,BEST_BID,"JPM,99887,428"
2019-06-28 09:46:30.000000000,BEST_ASK,"JPM,99961,100"
2019-06-28 09:46:30.000000000,BEST_BID,"JPM,99887,428"
2019-06-28 09:46:30.000000000,BEST_ASK,"JPM,99961,428"
2019-06-28 09:46:31.649676831,QUERY_ORDER_STREAM,75
2019-06-28 09:46:31.649676831,QUERY_SPREAD,75
2019-06-28 09:46:31.649676831,BEST_BID,"JPM,99887,428"
2019-06-28 09:46:31.649676831,BEST_ASK,"JPM,99961,528"
2019-06-28 09:46:36.886831013,QUERY_SPREAD,47
2019-06-28 09:46:36.886831013,BEST_BID,"JPM,99887,328"
2019-06-28 09:46:36.886831013,BEST_ASK,"JPM,99961,528"
2019-06-28 09:46:36.886831013,LAST_TRADE,"100,$99887.0000"
2019-06-28 09:46:40.000000000,QUERY_SPREAD,1
2019-06-28 09:46:40.000000000,BEST_BID,"JPM,99870,212"
2019-06-28 09:46:40.000000000,BEST_ASK,"JPM,99961,200"
2019-06-28 09:46:40.000000000,BEST_BID,"JPM,99870,212"
2019-06-28 09:46:40.000000000,BEST_ASK,"JPM,99961,200"
2019-06-28 09:46:40.000000000,BEST_BID,"JPM,99870,212"
2019-06-28 09:46:40.000000000,BEST_ASK,"JPM,99961,200"
2019-06-28 09:46:40.000000000,BEST_BID,"JPM,99870,212"
2019-06-28 09:46:40.000000000,BEST_ASK,"JPM,99961,312"
2019-06-28 09:46:40.000000000,BEST_BID,"JPM,99870,212"
2019-06-28 09:46:40.000000000,BEST_ASK,"JPM,99961,312"
2019-06-28 09:46:40.000000000,BEST_BID,"JPM,99870,212"
2019-06-28 09:46:40.000000000,BEST_ASK,"JPM,99961,312"
2019-06-28 09:46:50.000000000,QUERY_SPREAD,1
2019-06-28 09:46:50.000000000,BEST_BID,"JPM,99870,166"
2019-06-28 09:46:50.000000000,BEST_ASK,"JPM,99961,200"
2019-06-28 09:46:50.000000000,BEST_BID,"JPM,99870,166"
2019-06-28 09:46:50.000000000,BEST_ASK,"JPM,99961,200"
2019-06-28 09:46:50.000000000,BEST_BID,"JPM,99870,166"
2019-06-28 09:46:50.000000000,BEST_ASK,"JPM,99961,200"
2019-06-28 09:46:50.000000000,BEST_BID,"JPM,99870,166"
2019-06-28 09:46:50.000000000,BEST_ASK,"JPM,99961,200"
2019-06-28 09:46:50.000000000,BEST_BID,"JPM,99870,166"
2019-06-28 09:46:50.000000000,BEST_ASK,"JPM,99961,200"
2019-06-28 09:46:50.000000000,BEST_BID,"JPM,99870,166"
2019-06-28 09:46:50.000000000,BEST_ASK,"JPM,99961,266"
2019-06-28 09:46:50.000000000,BEST_BID,"JPM,99870,166"
2019-06-28 09:46:50.000000000,BEST_ASK,"JPM,99961,266"
2019-06-28 09:46:50.000000000,BEST_BID,"JPM,99870,166"
2019-06-28 09:46:50.000000000,BEST_ASK,"JPM,99961,266"
2019-06-28 09:46:50.000000000,BEST_BID,"JPM,99870,166"
2019-06-28 09:46:50.000000000,BEST_ASK,"JPM,99961,266"
2019-06-28 09:46:50.000000000,BEST_BID,"JPM,99870,166"
2019-06-28 09:46:50.000000000,BEST_ASK,"JPM,99961,266"
2019-06-28 09:46:55.142315813,QUERY_ORDER_STREAM,69
2019-06-28 09:46:55.142315813,QUERY_SPREAD,69
2019-06-28 09:46:55.142315813,BEST_BID,"JPM,99870,166"
2019-06-28 09:46:55.142315813,BEST_ASK,"JPM,99890,100"
2019-06-28 09:46:59.608413779,QUERY_SPREAD,48
2019-06-28 09:46:59.608413779,BEST_BID,"JPM,99870,66"
2019-06-28 09:46:59.608413779,BEST_ASK,"JPM,99890,100"
2019-06-28 09:47:00.000000000,QUERY_SPREAD,1
2019-06-28 09:47:00.000000000,BEST_BID,"JPM,99833,428"
2019-06-28 09:47:00.000000000,BEST_ASK,"JPM,99890,100"
2019-06-28 09:47:00.000000000,BEST_BID,"JPM,99833,428"
2019-06-28 09:47:00.000000000,BEST_ASK,"JPM,99890,428"
2019-06-28 09:47:00.000000000,QUERY_SPREAD,77
2019-06-28 09:47:00.000000000,QUERY_SPREAD,78
2019-06-28 09:47:00.000000000,QUERY_SPREAD,79
2019-06-28 09:47:00.000000000,QUERY_SPREAD,80
2019-06-28 09:47:00.000000000,QUERY_SPREAD,81
2019-06-28 09:47:00.000000000,QUERY_SPREAD,82
2019-06-28 09:47:00.000000000,QUERY_SPREAD,83
2019-06-28 09:47:00.000000000,QUERY_SPREAD,84
2019-06-28 09:47:00.000000000,QUERY_SPREAD,85
2019-06-28 09:47:00.000000000,QUERY_SPREAD,86
2019-06-28 09:47:00.000000000,QUERY_SPREAD,87
2019-06-28 09:47:00.000000000,QUERY_SPREAD,88
2019-06-28 09:47:00.000000000,QUERY_SPREAD,89
2019-06-28 09:47:00.000000000,QUERY_SPREAD,90
2019-06-28 09:47:00.000000000,QUERY_SPREAD,91
2019-06-28 09:47:00.000000000,QUERY_SPREAD,92
2019-06-28 09:47:00.000000000,QUERY_SPREAD,93
2019-06-28 09:47:00.000000000,QUERY_SPREAD,94
2019-06-28 09:47:00.000000000,QUERY_SPREAD,95
2019-06-28 09:47:00.000000000,QUERY_SPREAD,96
2019-06-28 09:47:00.000000000,QUERY_SPREAD,97
2019-06-28 09:47:00.000000000,QUERY_SPREAD,98
2019-06-28 09:47:00.000000000,QUERY_SPREAD,99
2019-06-28 09:47:00.000000000,QUERY_SPREAD,100
2019-06-28 09:47:00.000000000,QUERY_SPREAD,101
2019-06-28 09:47:00.000000000,QUERY_ORDER_STREAM,101
2019-06-28 09:47:10.000000000,QUERY_SPREAD,1
2019-06-28 09:47:10.000000000,BEST_BID,"JPM,99833,182"
2019-06-28 09:47:10.000000000,BEST_ASK,"JPM,99890,100"
2019-06-28 09:47:10.000000000,BEST_BID,"JPM,99833,182"
2019-06-28 09:47:10.000000000,BEST_ASK,"JPM,99890,100"
2019-06-28 09:47:10.000000000,BEST_BID,"JPM,99833,182"
2019-06-28 09:47:10.000000000,BEST_ASK,"JPM,99890,100"
2019-06-28 09:47:10.000000000,BEST_BID,"JPM,99833,182"
2019-06-28 09:47:10.000000000,BEST_ASK,"JPM,99890,100"
2019-06-28 09:47:10.000000000,BEST_BID,"JPM,99833,182"
2019-06-28 09:47:10.000000000,BEST_ASK,"JPM,99890,182"
2019-06-28 09:47:10.000000000,BEST_BID,"JPM,99833,182"
2019-06-28 09:47:10.000000000,BEST_ASK,"JPM,99890,182"
2019-06-28 09:47:10.000000000,BEST_BID,"JPM,99833,182"
2019-06-28 09:47:10.000000000,BEST_ASK,"JPM,99890,182"
2019-06-28 09:47:10.000000000,BEST_BID,"JPM,99833,182"
2019-06-28 09:47:10.000000000,BEST_ASK,"JPM,99890,182"
2019-06-28 09:47:20.000000000,QUERY_SPREAD,1
2019-06-28 09:47:20.000000000,BEST_BID,"JPM,99833,212"
2019-06-28 09:47:20.000000000,BEST_ASK,"JPM,99890,100"
2019-06-28 09:47:20.000000000,BEST_BID,"JPM,99833,212"
2019-06-28 09:47:20.000000000,BEST_ASK,"JPM,99890,100"
2019-06-28 09:47:20.000000000,BEST_BID,"JPM,99833,212"
2019-06-28 09:47:20.000000000,BEST_ASK,"JPM,99890,100"
2019-06-28 09:47:20.000000000,BEST_BID,"JPM,99833,212"
2019-06-28 09:47:20.000000000,BEST_ASK,"JPM,99890,212"
2019-06-28 09:47:20.000000000,BEST_BID,"JPM,99833,212"
2019-06-28 09:47:20.000000000,BEST_ASK,"JPM,99890,212"
2019-06-28 09:47:20.000000000,BEST_BID,"JPM,99833,212"
2019-06-28 09:47:20.000000000,BEST_ASK,"JPM,99890,212"
2019-06-28 09:47:21.565673066,QUERY_ORDER_STREAM,57
2019-06-28 09:47:21.565673066,QUERY_SPREAD,57
2019-06-28 09:47:21.565673066,BEST_BID,"JPM,99833,212"
2019-06-28 09:47:21.565673066,BEST_ASK,"JPM,99890,312"
2019-06-28 09:47:23.982069191,QUERY_SPREAD,26
2019-06-28 09:47:23.982069191,BEST_BID,"JPM,99833,112"
2019-06-28 09:47:23.982069191,BEST_ASK,"JPM,99890,312"
2019-06-28 09:47:23.982069191,LAST_TRADE,"100,$99833.0000"
2019-06-28 09:47:30.000000000,QUERY_SPREAD,1
2019-06-28 09:47:30.000000000,BEST_BID,"JPM,99794,166"
2019-06-28 09:47:30.000000000,BEST_ASK,"JPM,99890,200"
2019-06-28 09:47:30.000000000,BEST_BID,"JPM,99794,166"
2019-06-28 09:47:30.000000000,BEST_ASK,"JPM,99890,200"
2019-06-28 09:47:30.000000000,BEST_BID,"JPM,99794,166"
2019-06-28 09:47:30.000000000,BEST_ASK,"JPM,99890,200"
2019-06-28 09:47:30.000000000,BEST_BID,"JPM,99794,166"
2019-06-28 09:47:30.000000000,BEST_ASK,"JPM,99890,200"
2019-06-28 09:47:30.000000000,BEST_BID,"JPM,99794,166"
2019-06-28 09:47:30.000000000,BEST_ASK,"JPM,99890,200"
2019-06-28 09:47:30.000000000,BEST_BID,"JPM,99794,166"
2019-06-28 09:47:30.000000000,BEST_ASK,"JPM,99890,266"
2019-06-28 09:47:30.000000000,BEST_BID,"JPM,99794,166"
2019-06-28 09:47:30.000000000,BEST_ASK,"JPM,99890,266"
2019-06-28 09:47:30.000000000,BEST_BID,"JPM,99794,166"
2019-06-28 09:47:30.000000000,BEST_ASK,"JPM,99890,266"
2019-06-28 09:47:30.000000000,BEST_BID,"JPM,99794,166"
2019-06-28 09:47:30.000000000,BEST_ASK,"JPM,99890,266"
2019-06-28 09:47:30.000000000,BEST_BID,"JPM,99794,166"
2019-06-28 09:47:30.000000000,BEST_ASK,"JPM,99890,266"
2019-06-28 09:47:40.000000000,QUERY_SPREAD,1
2019-06-28 09:47:40.000000000,BEST_BID,"JPM,99794,182"
2019-06-28 09:47:40.000000000,BEST_ASK,"JPM,99890,200"
2019-06-28 09:47:40.000000000,BEST_BID,"JPM,99794,182"
2019-06-28 09:47:40.000000000,BEST_ASK,"JPM,99890,200"
2019-06-28 09:47:40.000000000,BEST_BID,"JPM,99794,182"
2019-06-28 09:47:40.000000000,BEST_ASK,"JPM,99890,200"
2019-06-28 09:47:40.000000000,BEST_BID,"JPM,99794,182"
2019-06-28 09:47:40.000000000,BEST_ASK,"JPM,99890,200"
2019-06-28 09:47:40.000000000,BEST_BID,"JPM,99794,182"
2019-06-28 09:47:40.000000000,BEST_ASK,"JPM,99890,282"
2019-06-28 09:47:40.000000000,BEST_BID,"JPM,99794,182"
2019-06-28 09:47:40.000000000,BEST_ASK,"JPM,99890,282"
2019-06-28 09:47:40.000000000,BEST_BID,"JPM,99794,182"
2019-06-28 09:47:40.000000000,BEST_ASK,"JPM,99890,282"
2019-06-28 09:47:40.000000000,BEST_BID,"JPM,99794,182"
2019-06-28 09:47:40.000000000,BEST_ASK,"JPM,99890,282"
2019-06-28 09:47:50.000000000,QUERY_SPREAD,1
2019-06-28 09:47:50.000000000,BEST_BID,"JPM,99794,264"
2019-06-28 09:47:50.000000000,BEST_ASK,"JPM,99890,200"
2019-06-28 09:47:50.000000000,BEST_BID,"JPM,99794,264"
2019-06-28 09:47:50.000000000,BEST_ASK,"JPM,99890,200"
2019-06-28 09:47:50.000000000,BEST_BID,"JPM,99794,264"
2019-06-28 09:47:50.000000000,BEST_ASK,"JPM,99890,364"
2019-06-28 09:47:50.000000000,BEST_BID,"JPM,99794,264"
2019-06-28 09:47:50.000000000,BEST_ASK,"JPM,99890,364"
2019-06-28 09:47:57.496018385,QUERY_SPREAD,31
2019-06-28 09:47:57.496018385,BEST_BID,"JPM,99794,264"
2019-06-28 09:47:57.496018385,BEST_ASK,"JPM,99890,364"
2019-06-28 09:48:00.000000000,QUERY_SPREAD,1
2019-06-28 09:48:00.000000000,BEST_BID,"JPM,99794,428"
2019-06-28 09:48:00.000000000,BEST_ASK,"JPM,99890,200"
2019-06-28 09:48:00.000000000,BEST_BID,"JPM,99794,428"
2019-06-28 09:48:00.000000000,BEST_ASK,"JPM,99890,528"
2019-06-28 09:48:00.000000000,QUERY_SPREAD,77
2019-06-28 09:48:00.000000000,QUERY_SPREAD,78
2019-06-28 09:48:00.000000000,QUERY_SPREAD,79
2019-06-28 09:48:00.000000000,QUERY_SPREAD,80
2019-06-28 09:48:00.000000000,QUERY_SPREAD,81
2019-06-28 09:48:00.000000000,QUERY_SPREAD,82
2019-06-28 09:48:00.000000000,QUERY_SPREAD,83
2019-06-28 09:48:00.000000000,QUERY_SPREAD,84
2019-06-28 09:48:00.000000000,QUERY_SPREAD,85
2019-06-28 09:48:00.000000000,QUERY_SPREAD,86
2019-06-28 09:48:00.000000000,QUERY_SPREAD,87
2019-06-28 09:48:00.000000000,QUERY_SPREAD,88
2019-06-28 09:48:00.000000000,QUERY_SPREAD,89
2019-06-28 09:48:00.000000000,QUERY_SPREAD,90
2019-06-28 09:48:00.000000000,QUERY_SPREAD,91
2019-06-28 09:48:00.000000000,QUERY_SPREAD,92
2019-06-28 09:48:00.000000000,QUERY_SPREAD,93
2019-06-28 09:48:00.000000000,QUERY_SPREAD,94
2019-06-28 09:48:00.000000000,QUERY_SPREAD,95
2019-06-28 09:48:00.000000000,QUERY_SPREAD,96
2019-06-28 09:48:00.000000000,QUERY_SPREAD,97
2019-06-28 09:48:00.000000000,QUERY_SPREAD,98
2019-06-28 09:48:00.000000000,QUERY_SPREAD,99
2019-06-28 09:48:00.000000000,QUERY_SPREAD,100
2019-06-28 09:48:00.000000000,QUERY_SPREAD,101
2019-06-28 09:48:00.000000000,QUERY_ORDER_STREAM,101
2019-06-28 09:48:10.000000000,QUERY_SPREAD,1
2019-06-28 09:48:10.000000000,BEST_BID,"JPM,99794,264"
2019-06-28 09:48:10.000000000,BEST_ASK,"JPM,99890,200"
2019-06-28 09:48:10.000000000,BEST_BID,"JPM,99794,264"
2019-06-28 09:48:10.000000000,BEST_ASK,"JPM,99890,200"
2019-06-28 09:48:10.000000000,BEST_BID,"JPM,99794,264"
2019-06-28 09:48:10.000000000,BEST_ASK,"JPM,99890,364"
2019-06-28 09:48:10.000000000,BEST_BID,"JPM,99794,264"
2019-06-28 09:48:10.000000000,BEST_ASK,"JPM,99890,364"
2019-06-28 09:48:20.000000000,QUERY_SPREAD,1
2019-06-28 09:48:20.000000000,BEST_BID,"JPM,99794,428"
2019-06-28 09:48:20.000000000,BEST_ASK,"JPM,99890,200"
2019-06-28 09:48:20.000000000,BEST_BID,"JPM,99794,428"
2019-06-28 09:48:20.000000000,BEST_ASK,"JPM,99890,528"
2019-06-28 09:48:30.000000000,QUERY_SPREAD,1
2019-06-28 09:48:30.000000000,BEST_BID,"JPM,99794,428"
2019-06-28 09:48:30.000000000,BEST_ASK,"JPM,99890,200"
2019-06-28 09:48:30.000000000,BEST_BID,"JPM,99794,428"
2019-06-28 09:48:30.000000000,BEST_ASK,"JPM,99890,528"
2019-06-28 09:48:40.000000000,QUERY_SPREAD,1
2019-06-28 09:48:40.000000000,BEST_BID,"JPM,99794,212"
2019-06-28 09:48:40.000000000,BEST_ASK,"JPM,99890,200"
2019-06-28 09:48:40.000000000,BEST_BID,"JPM,99794,212"
2019-06-28 09:48:40.000000000,BEST_ASK,"JPM,99890,200"
2019-06-28 09:48:40.000000000,BEST_BID,"JPM,99794,212"
2019-06-28 09:48:40.000000000,BEST_ASK,"JPM,99890,200"
2019-06-28 09:48:40.000000000,BEST_BID,"JPM,99794,212"
2019-06-28 09:48:40.000000000,BEST_ASK,"JPM,99890,312"
2019-06-28 09:48:40.000000000,BEST_BID,"JPM,99794,212"
2019-06-28 09:48:40.000000000,BEST_ASK,"JPM,99890,312"
2019-06-28 09:48:40.000000000,BEST_BID,"JPM,99794,212"
2019-06-28 09:48:40.000000000,BEST_ASK,"JPM,99890,312"
2019-06-28 09:48:50.000000000,QUERY_SPREAD,1
2019-06-28 09:48:50.000000000,BEST_BID,"JPM,99794,264"
2019-06-28 09:48:50.000000000,BEST_ASK,"JPM,99890,200"
2019-06-28 09:48:50.000000000,BEST_BID,"JPM,99794,264"
2019-06-28 09:48:50.000000000,BEST_ASK,"JPM,99890,200"
2019-06-28 09:48:50.000000000,BEST_BID,"JPM,99794,264"
2019-06-28 09:48:50.000000000,BEST_ASK,"JPM,99890,364"
2019-06-28 09:48:50.000000000,BEST_BID,"JPM,99794,264"
2019-06-28 09:48:50.000000000,BEST_ASK,"JPM,99890,364"
2019-06-28 09:49:00.000000000,QUERY_SPREAD,1
2019-06-28 09:49:00.000000000,BEST_BID,"JPM,99794,264"
2019-06-28 09:49:00.000000000,BEST_ASK,"JPM,99890,200"
2019-06-28 09:49:00.000000000,BEST_BID,"JPM,99794,264"
2019-06-28 09:49:00.000000000,BEST_ASK,"JPM,99890,200"
2019-06-28 09:49:00.000000000,BEST_BID,"JPM,99794,264"
2019-06-28 09:49:00.000000000,BEST_ASK,"JPM,99890,364"
2019-06-28 09:49:00.000000000,BEST_BID,"JPM,99794,264"
2019-06-28 09:49:00.000000000,BEST_ASK,"JPM,99890,364"
2019-06-28 09:49:00.000000000,QUERY_SPREAD,77
2019-06-28 09:49:00.000000000,QUERY_SPREAD,78
2019-06-28 09:49:00.000000000,QUERY_SPREAD,79
2019-06-28 09:49:00.000000000,QUERY_SPREAD,80
2019-06-28 09:49:00.000000000,QUERY_SPREAD,81
2019-06-28 09:49:00.000000000,QUERY_SPREAD,82
2019-06-28 09:49:00.000000000,QUERY_SPREAD,83
2019-06-28 09:49:00.000000000,QUERY_SPREAD,84
2019-06-28 09:49:00.000000000,QUERY_SPREAD,85
2019-06-28 09:49:00.000000000,QUERY_SPREAD,86
2019-06-28 09:49:00.000000000,QUERY_SPREAD,87
2019-06-28 09:49:00.000000000,QUERY_SPREAD,88
2019-06-28 09:49:00.000000000,QUERY_SPREAD,89
2019-06-28 09:49:00.000000000,QUERY_SPREAD,90
2019-06-28 09:49:00.000000000,QUERY_SPREAD,91
2019-06-28 09:49:00.000000000,QUERY_SPREAD,92
2019-06-28 09:49:00.000000000,QUERY_SPREAD,93
2019-06-28 09:49:00.000000000,QUERY_SPREAD,94
2019-06-28 09:49:00.000000000,QUERY_SPREAD,95
2019-06-28 09:49:00.000000000,QUERY_SPREAD,96
2019-06-28 09:49:00.000000000,QUERY_SPREAD,97
2019-06-28 09:49:00.000000000,QUERY_SPREAD,98
2019-06-28 09:49:00.000000000,QUERY_SPREAD,99
2019-06-28 09:49:00.000000000,QUERY_SPREAD,100
2019-06-28 09:49:00.000000000,QUERY_SPREAD,101
2019-06-28 09:49:00.000000000,QUERY_ORDER_STREAM,101
2019-06-28 09:49:00.976992675,QUERY_SPREAD,48
2019-06-28 09:49:00.976992675,BEST_BID,"JPM,99794,264"
2019-06-28 09:49:00.976992675,BEST_ASK,"JPM,99890,264"
2019-06-28 09:49:00.976992675,LAST_TRADE,"100,$99890.0000"
2019-06-28 09:49:08.978720815,QUERY_SPREAD,29
2019-06-28 09:49:08.978720815,BEST_BID,"JPM,99794,264"
2019-06-28 09:49:08.978720815,BEST_ASK,"JPM,99890,164"
2019-06-28 09:49:08.978720815,LAST_TRADE,"100,$99890.0000"
2019-06-28 09:49:10.000000000,QUERY_SPREAD,1
2019-06-28 09:49:10.000000000,BEST_BID,"JPM,99794,166"
2019-06-28 09:49:10.000000000,BEST_ASK,"JPM,99961,200"
2019-06-28 09:49:10.000000000,BEST_BID,"JPM,99794,166"
2019-06-28 09:49:10.000000000,BEST_ASK,"JPM,99961,200"
2019-06-28 09:49:10.000000000,BEST_BID,"JPM,99794,166"
2019-06-28 09:49:10.000000000,BEST_ASK,"JPM,99961,200"
2019-06-28 09:49:10.000000000,BEST_BID,"JPM,99794,166"
2019-06-28 09:49:10.000000000,BEST_ASK,"JPM,99961,200"
2019-06-28 09:49:10.000000000,BEST_BID,"JPM,99794,166"
2019-06-28 09:49:10.000000000,BEST_ASK,"JPM,99961,200"
2019-06-28 09:49:10.000000000,BEST_BID,"JPM,99794,166"
2019-06-28 09:49:10.000000000,BEST_ASK,"JPM,99961,266"
2019-06-28 09:49:10.000000000,BEST_BID,"JPM,99794,166"
2019-06-28 09:49:10.000000000,BEST_ASK,"JPM,99961,266"
2019-06-28 09:49:10.000000000,BEST_BID,"JPM,99794,166"
2019-06-28 09:49:10.000000000,BEST_ASK,"JPM,99961,266"
2019-06-28 09:49:10.000000000,BEST_BID,"JPM,99794,166"
2019-06-28 09:49:10.000000000,BEST_ASK,"JPM,99961,266"
2019-06-28 09:49:10.000000000,BEST_BID,"JPM,99794,166"
2019-06-28 09:49:10.000000000,BEST_ASK,"JPM,99961,266"
2019-06-28 09:49:16.410401292,QUERY_ORDER_STREAM,52
2019-06-28 09:49:16.410401292,QUERY_SPREAD,52
2019-06-28 09:49:20.000000000,QUERY_SPREAD,1
2019-06-28 09:49:20.000000000,BEST_BID,"JPM,99794,182"
2019-06-28 09:49:20.000000000,BEST_ASK,"JPM,99961,200"
2019-06-28 09:49:20.000000000,BEST_BID,"JPM,99794,182"
2019-06-28 09:49:20.000000000,BEST_ASK,"JPM,99961,200"
2019-06-28 09:49:20.000000000,BEST_BID,"JPM,99794,182"
2019-06-28 09:49:20.000000000,BEST_ASK,"JPM,99961,200"
2019-06-28 09:49:20.000000000,BEST_BID,"JPM,99794,182"
2019-06-28 09:49:20.000000000,BEST_ASK,"JPM,99961,200"
2019-06-28 09:49:20.000000000,BEST_BID,"JPM,99794,182"
2019-06-28 09:49:20.000000000,BEST_ASK,"JPM,99961,282"
2019-06-28 09:49:20.000000000,BEST_BID,"JPM,99794,182"
2019-06-28 09:49:20.000000000,BEST_ASK,"JPM,99961,282"
2019-06-28 09:49:20.000000000,BEST_BID,"JPM,99794,182"
2019-06-28 09:49:20.000000000,BEST_ASK,"JPM,99961,282"
2019-06-28 09:49:20.000000000,BEST_BID,"JPM,99794,182"
2019-06-28 09:49:20.000000000,BEST_ASK,"JPM,99961,282"
2019-06-28 09:49:30.000000000,QUERY_SPREAD,1
2019-06-28 09:49:30.000000000,BEST_BID,"JPM,99794,264"
2019-06-28 09:49:30.000000000,BEST_ASK,"JPM,99961,200"
2019-06-28 09:49:30.000000000,BEST_BID,"JPM,99794,264"
2019-06-28 09:49:30.000000000,BEST_ASK,"JPM,99961,200"
2019-06-28 09:49:30.000000000,BEST_BID,"JPM,99794,264"
2019-06-28 09:49:30.000000000,BEST_ASK,"JPM,99961,364"
2019-06-28 09:49:30.000000000,BEST_BID,"JPM,99794,264"
2019-06-28 09:49:30.000000000,BEST_ASK,"JPM,99961,364"
2019-06-28 09:49:40.000000000,QUERY_SPREAD,1
2019-06-28 09:49:40.000000000,BEST_BID,"JPM,99794,264"
2019-06-28 09:49:40.000000000,BEST_ASK,"JPM,99961,200"
2019-06-28 09:49:40.000000000,BEST_BID,"JPM,99794,264"
2019-06-28 09:49:40.000000000,BEST_ASK,"JPM,99961,200"
2019-06-28 09:49:40.000000000,BEST_BID,"JPM,99794,264"
2019-06-28 09:49:40.000000000,BEST_ASK,"JPM,99961,364"
2019-06-28 09:49:40.000000000,BEST_BID,"JPM,99794,264"
2019-06-28 09:49:40.000000000,BEST_ASK,"JPM,99961,364"
2019-06-28 09:49:50.000000000,QUERY_SPREAD,1
2019-06-28 09:49:50.000000000,BEST_BID,"JPM,99794,182"
2019-06-28 09:49:50.000000000,BEST_ASK,"JPM,99961,200"
2019-06-28 09:49:50.000000000,BEST_BID,"JPM,99794,182"
2019-06-28 09:49:50.000000000,BEST_ASK,"JPM,99961,200"
2019-06-28 09:49:50.000000000,BEST_BID,"JPM,99794,182"
2019-06-28 09:49:50.000000000,BEST_ASK,"JPM,99961,200"
2019-06-28 09:49:50.000000000,BEST_BID,"JPM,99794,182"
2019-06-28 09:49:50.000000000,BEST_ASK,"JPM,99961,200"
2019-06-28 09:49:50.000000000,BEST_BID,"JPM,99794,182"
2019-06-28 09:49:50.000000000,BEST_ASK,"JPM,99961,282"
2019-06-28 09:49:50.000000000,BEST_BID,"JPM,99794,182"
2019-06-28 09:49:50.000000000,BEST_ASK,"JPM,99961,282"
2019-06-28 09:49:50.000000000,BEST_BID,"JPM,99794,182"
2019-06-28 09:49:50.000000000,BEST_ASK,"JPM,99961,282"
2019-06-28 09:49:50.000000000,BEST_BID,"JPM,99794,182"
2019-06-28 09:49:50.000000000,BEST_ASK,"JPM,99961,282"
2019-06-28 09:49:55.143111229,QUERY_ORDER_STREAM,71
2019-06-28 09:49:55.143111229,QUERY_SPREAD,71
2019-06-28 09:50:00.000000000,QUERY_SPREAD,1
2019-06-28 09:50:00.000000000,BEST_BID,"JPM,99794,212"
2019-06-28 09:50:00.000000000,BEST_ASK,"JPM,99961,200"
2019-06-28 09:50:00.000000000,BEST_BID,"JPM,99794,212"
2019-06-28 09:50:00.000000000,BEST_ASK,"JPM,99961,200"
2019-06-28 09:50:00.000000000,BEST_BID,"JPM,99794,212"
2019-06-28 09:50:00.000000000,BEST_ASK,"JPM,99961,200"
2019-06-28 09:50:00.000000000,BEST_BID,"JPM,99794,212"
2019-06-28 09:50:00.000000000,BEST_ASK,"JPM,99961,312"
2019-06-28 09:50:00.000000000,BEST_BID,"JPM,99794,212"
2019-06-28 09:50:00.000000000,BEST_ASK,"JPM,99961,312"
2019-06-28 09:50:00.000000000,BEST_BID,"JPM,99794,212"
2019-06-28 09:50:00.000000000,BEST_ASK,"JPM,99961,312"
2019-06-28 09:50:00.000000000,QUERY_SPREAD,77
2019-06-28 09:50:00.000000000,QUERY_SPREAD,78
2019-06-28 09:50:00.000000000,QUERY_SPREAD,79
2019-06-28 09:50:00.000000000,QUERY_SPREAD,80
2019-06-28 09:50:00.000000000,QUERY_SPREAD,81
2019-06-28 09:50:00.000000000,QUERY_SPREAD,82
2019-06-28 09:50:00.000000000,QUERY_SPREAD,83
2019-06-28 09:50:00.000000000,QUERY_SPREAD,84
2019-06-28 09:50:00.000000000,QUERY_SPREAD,85
2019-06-28 09:50:00.000000000,QUERY_SPREAD,86
2019-06-28 09:50:00.000000000,QUERY_SPREAD,87
2019-06-28 09:50:00.000000000,QUERY_SPREAD,88
2019-06-28 09:50:00.000000000,QUERY_SPREAD,89
2019-06-28 09:50:00.000000000,QUERY_SPREAD,90
2019-06-28 09:50:00.000000000,QUERY_SPREAD,91
2019-06-28 09:50:00.000000000,QUERY_SPREAD,92
2019-06-28 09:50:00.000000000,QUERY_SPREAD,93
2019-06-28 09:50:00.000000000,QUERY_SPREAD,94
2019-06-28 09:50:00.000000000,QUERY_SPREAD,95
2019-06-28 09:50:00.000000000,QUERY_SPREAD,96
2019-06-28 09:50:00.000000000,QUERY_SPREAD,97
2019-06-28 09:50:00.000000000,QUERY_SPREAD,98
2019-06-28 09:50:00.000000000,QUERY_SPREAD,99
2019-06-28 09:50:00.000000000,QUERY_SPREAD,100
2019-06-28 09:50:00.000000000,QUERY_SPREAD,101
2019-06-28 09:50:00.000000000,QUERY_ORDER_STREAM,101
2019-06-28 09:50:10.000000000,QUERY_SPREAD,1
2019-06-28 09:50:10.000000000,BEST_BID,"JPM,99794,428"
2019-06-28 09:50:10.000000000,BEST_ASK,"JPM,99961,200"
2019-06-28 09:50:10.000000000,BEST_BID,"JPM,99794,428"
2019-06-28 09:50:10.000000000,BEST_ASK,"JPM,99961,528"
2019-06-28 09:50:20.000000000,QUERY_SPREAD,1
2019-06-28 09:50:20.000000000,BEST_BID,"JPM,99794,166"
2019-06-28 09:50:20.000000000,BEST_ASK,"JPM,99961,200"
2019-06-28 09:50:20.000000000,BEST_BID,"JPM,99794,166"
2019-06-28 09:50:20.000000000,BEST_ASK,"JPM,99961,200"
2019-06-28 09:50:20.000000000,BEST_BID,"JPM,99794,166"
2019-06-28 09:50:20.000000000,BEST_ASK,"JPM,99961,200"
2019-06-28 09:50:20.000000000,BEST_BID,"JPM,99794,166"
2019-06-28 09:50:20.000000000,BEST_ASK,"JPM,99961,200"
2019-06-28 09:50:20.000000000,BEST_BID,"JPM,99794,166"
2019-06-28 09:50:20.000000000,BEST_ASK,"JPM,99961,200"
2019-06-28 09:50:20.000000000,BEST_BID,"JPM,99794,166"
2019-06-28 09:50:20.000000000,BEST_ASK,"JPM,99961,266"
2019-06-28 09:50:20.000000000,BEST_BID,"JPM,99794,166"
2019-06-28 09:50:20.000000000,BEST_ASK,"JPM,99961,266"
2019-06-28 09:50:20.000000000,BEST_BID,"JPM,99794,166"
2019-06-28 09:50:20.000000000,BEST_ASK,"JPM,99961,266"
2019-06-28 09:50:20.000000000,BEST_BID,"JPM,99794,166"
2019-06-28 09:50:20.000000000,BEST_ASK,"JPM,99961,266"
2019-06-28 09:50:20.000000000,BEST_BID,"JPM,99794,166"
2019-06-28 09:50:20.000000000,BEST_ASK,"JPM,99961,266"
2019-06-28 09:50:30.000000000,QUERY_SPREAD,1
2019-06-28 09:50:30.000000000,BEST_BID,"JPM,99794,212"
2019-06-28 09:50:30.000000000,BEST_ASK,"JPM,99961,200"
2019-06-28 09:50:30.000000000,BEST_BID,"JPM,99794,212"
2019-06-28 09:50:30.000000000,BEST_ASK,"JPM,99961,200"
2019-06-28 09:50:30.000000000,BEST_BID,"JPM,99794,212"
2019-06-28 09:50:30.000000000,BEST_ASK,"JPM,99961,200"
2019-06-28 09:50:30.000000000,BEST_BID,"JPM,99794,212"
2019-06-28 09:50:30.000000000,BEST_ASK,"JPM,99961,312"
2019-06-28 09:50:30.000000000,BEST_BID,"JPM,99794,212"
2019-06-28 09:50:30.000000000,BEST_ASK,"JPM,99961,312"
2019-06-28 09:50:30.000000000,BEST_BID,"JPM,99794,212"
2019-06-28 09:50:30.000000000,BEST_ASK,"JPM,99961,312"
2019-06-28 09:50:40.000000000,QUERY_SPREAD,1
2019-06-28 09:50:40.000000000,BEST_BID,"JPM,99794,212"
2019-06-28 09:50:40.000000000,BEST_ASK,"JPM,99961,200"
2019-06-28 09:50:40.000000000,BEST_BID,"JPM,99794,212"
2019-06-28 09:50:40.000000000,BEST_ASK,"JPM,99961,200"
2019-06-28 09:50:40.000000000,BEST_BID,"JPM,99794,212"
2019-06-28 09:50:40.000000000,BEST_ASK,"JPM,99961,200"
2019-06-28 09:50:40.000000000,BEST_BID,"JPM,99794,212"
2019-06-28 09:50:40.000000000,BEST_ASK,"JPM,99961,312"
2019-06-28 09:50:40.000000000,BEST_BID,"JPM,99794,212"
2019-06-28 09:50:40.000000000,BEST_ASK,"JPM,99961,312"
2019-06-28 09:50:40.000000000,BEST_BID,"JPM,99794,212"
2019-06-28 09:50:40.000000000,BEST_ASK,"JPM,99961,312"
2019-06-28 09:50:50.000000000,QUERY_SPREAD,1
2019-06-28 09:50:50.000000000,BEST_BID,"JPM,99794,212"
2019-06-28 09:50:50.000000000,BEST_ASK,"JPM,99961,200"
2019-06-28 09:50:50.000000000,BEST_BID,"JPM,99794,212"
2019-06-28 09:50:50.000000000,BEST_ASK,"JPM,99961,200"
2019-06-28 09:50:50.000000000,BEST_BID,"JPM,99794,212"
2019-06-28 09:50:50.000000000,BEST_ASK,"JPM,99961,200"
2019-06-28 09:50:50.000000000,BEST_BID,"JPM,99794,212"
2019-06-28 09:50:50.000000000,BEST_ASK,"JPM,99961,312"
2019-06-28 09:50:50.000000000,BEST_BID,"JPM,99794,212"
2019-06-28 09:50:50.000000000,BEST_ASK,"JPM,99961,312"
2019-06-28 09:50:50.000000000,BEST_BID,"JPM,99794,212"
2019-06-28 09:50:50.000000000,BEST_ASK,"JPM,99961,312"
2019-06-28 09:50:54.770821425,QUERY_SPREAD,8
2019-06-28 09:50:54.770821425,BEST_BID,"JPM,99794,212"
2019-06-28 09:50:54.770821425,BEST_ASK,"JPM,99961,212"
2019-06-28 09:50:54.770821425,LAST_TRADE,"100,$99961.0000"
2019-06-28 09:51:00.000000000,QUERY_SPREAD,1
2019-06-28 09:51:00.000000000,BEST_BID,"JPM,99794,428"
2019-06-28 09:51:00.000000000,BEST_ASK,"JPM,99961,100"
2019-06-28 09:51:00.000000000,BEST_BID,"JPM,99794,428"
2019-06-28 09:51:00.000000000,BEST_ASK,"JPM,99961,428"
2019-06-28 09:51:00.000000000,QUERY_SPREAD,77
2019-06-28 09:51:00.000000000,QUERY_SPREAD,78
2019-06-28 09:51:00.000000000,QUERY_SPREAD,79
2019-06-28 09:51:00.000000000,QUERY_SPREAD,80
2019-06-28 09:51:00.000000000,QUERY_SPREAD,81
2019-06-28 09:51:00.000000000,QUERY_SPREAD,82
2019-06-28 09:51:00.000000000,QUERY_SPREAD,83
2019-06-28 09:51:00.000000000,QUERY_SPREAD,84
2019-06-28 09:51:00.000000000,QUERY_SPREAD,85
2019-06-28 09:51:00.000000000,QUERY_SPREAD,86
2019-06-28 09:51:00.000000000,QUERY_SPREAD,87
2019-06-28 09:51:00.000000000,QUERY_SPREAD,88
2019-06-28 09:51:00.000000000,QUERY_SPREAD,89
2019-06-28 09:51:00.000000000,QUERY_SPREAD,90
2019-06-28 09:51:00.000000000,QUERY_SPREAD,91
2019-06-28 09:51:00.000000000,QUERY_SPREAD,92
2019-06-28 09:51:00.000000000,QUERY_SPREAD,93
2019-06-28 09:51:00.000000000,QUERY_SPREAD,94
2019-06-28 09:51:00.000000000,QUERY_SPREAD,95
2019-06-28 09:51:00.000000000,QUERY_SPREAD,96
2019-06-28 09:51:00.000000000,QUERY_SPREAD,97
2019-06-28 09:51:00.000000000,QUERY_SPREAD,98
2019-06-28 09:51:00.000000000,QUERY_SPREAD,99
2019-06-28 09:51:00.000000000,QUERY_SPREAD,100
2019-06-28 09:51:00.000000000,QUERY_SPREAD,101
2019-06-28 09:51:00.000000000,QUERY_ORDER_STREAM,101
2019-06-28 09:51:10.000000000,QUERY_SPREAD,1
2019-06-28 09:51:10.000000000,BEST_BID,"JPM,99794,166"
2019-06-28 09:51:10.000000000,BEST_ASK,"JPM,99961,100"
2019-06-28 09:51:10.000000000,BEST_BID,"JPM,99794,166"
2019-06-28 09:51:10.000000000,BEST_ASK,"JPM,99961,100"
2019-06-28 09:51:10.000000000,BEST_BID,"JPM,99794,166"
2019-06-28 09:51:10.000000000,BEST_ASK,"JPM,99961,100"
2019-06-28 09:51:10.000000000,BEST_BID,"JPM,99794,166"
2019-06-28 09:51:10.000000000,BEST_ASK,"JPM,99961,100"
2019-06-28 09:51:10.000000000,BEST_BID,"JPM,99794,166"
2019-06-28 09:51:10.000000000,BEST_ASK,"JPM,99961,100"
2019-06-28 09:51:10.000000000,BEST_BID,"JPM,99794,166"
2019-06-28 09:51:10.000000000,BEST_ASK,"JPM,99961,166"
2019-06-28 09:51:10.000000000,BEST_BID,"JPM,99794,166"
2019-06-28 09:51:10.000000000,BEST_ASK,"JPM,99961,166"
2019-06-28 09:51:10.000000000,BEST_BID,"JPM,99794,166"
2019-06-28 09:51:10.000000000,BEST_ASK,"JPM,99961,166"
2019-06-28 09:51:10.000000000,BEST_BID,"JPM,99794,166"
2019-06-28 09:51:10.000000000,BEST_ASK,"JPM,99961,166"
2019-06-28 09:51:10.000000000,BEST_BID,"JPM,99794,166"
2019-06-28 09:51:10.000000000,BEST_ASK,"JPM,99961,166"
2019-06-28 09:51:15.332444715,QUERY_SPREAD,43
2019-06-28 09:51:15.332444715,BEST_BID,"JPM,99794,166"
2019-06-28 09:51:15.332444715,BEST_ASK,"JPM,99961,166"
2019-06-28 09:51:20.000000000,QUERY_SPREAD,1
2019-06-28 09:51:20.000000000,BEST_BID,"JPM,99794,212"
2019-06-28 09:51:20.000000000,BEST_ASK,"JPM,99961,100"
2019-06-28 09:51:20.000000000,BEST_BID,"JPM,99794,212"
2019-06-28 09:51:20.000000000,BEST_ASK,"JPM,99961,100"
2019-06-28 09:51:20.000000000,BEST_BID,"JPM,99794,212"
2019-06-28 09:51:20.000000000,BEST_ASK,"JPM,99961,100"
2019-06-28 09:51:20.000000000,BEST_BID,"JPM,99794,212"
2019-06-28 09:51:20.000000000,BEST_ASK,"JPM,99961,212"
2019-06-28 09:51:20.000000000,BEST_BID,"JPM,99794,212"
2019-06-28 09:51:20.000000000,BEST_ASK,"JPM,99961,212"
2019-06-28 09:51:20.000000000,BEST_BID,"JPM,99794,212"
2019-06-28 09:51:20.000000000,BEST_ASK,"JPM,99961,212"
2019-06-28 09:51:24.040138002,QUERY_ORDER_STREAM,70
2019-06-28 09:51:24.040138002,QUERY_SPREAD,70
2019-06-28 09:51:30.000000000,QUERY_SPREAD,1
2019-06-28 09:51:30.000000000,BEST_BID,"JPM,99794,166"
2019-06-28 09:51:30.000000000,BEST_ASK,"JPM,99961,100"
2019-06-28 09:51:30.000000000,BEST_BID,"JPM,99794,166"
2019-06-28 09:51:30.000000000,BEST_ASK,"JPM,99961,100"
2019-06-28 09:51:30.000000000,BEST_BID,"JPM,99794,166"
2019-06-28 09:51:30.000000000,BEST_ASK,"JPM,99961,100"
2019-06-28 09:51:30.000000000,BEST_BID,"JPM,99794,166"
2019-06-28 09:51:30.000000000,BEST_ASK,"JPM,99961,100"
2019-06-28 09:51:30.000000000,BEST_BID,"JPM,99794,166"
2019-06-28 09:51:30.000000000,BEST_ASK,"JPM,99961,100"
2019-06-28 09:51:30.000000000,BEST_BID,"JPM,99794,166"
2019-06-28 09:51:30.000000000,BEST_ASK,"JPM,99961,166"
2019-06-28 09:51:30.000000000,BEST_BID,"JPM,99794,166"
2019-06-28 09:51:30.000000000,BEST_ASK,"JPM,99961,166"
2019-06-28 09:51:30.000000000,BEST_BID,"JPM,99794,166"
2019-06-28 09:51:30.000000000,BEST_ASK,"JPM,99961,166"
2019-06-28 09:51:30.000000000,BEST_BID,"JPM,99794,166"
2019-06-28 09:51:30.000000000,BEST_ASK,"JPM,99961,166"
2019-06-28 09:51:30.000000000,BEST_BID,"JPM,99794,166"
2019-06-28 09:51:30.000000000,BEST_ASK,"JPM,99961,166"
2019-06-28 09:51:33.837011547,QUERY_SPREAD,2
2019-06-28 09:51:33.837011547,BEST_BID,"JPM,99794,166"
2019-06-28 09:51:33.837011547,BEST_ASK,"JPM,99961,166"
2019-06-28 09:51:40.000000000,QUERY_SPREAD,1
2019-06-28 09:51:40.000000000,BEST_BID,"JPM,99794,264"
2019-06-28 09:51:40.000000000,BEST_ASK,"JPM,99961,100"
2019-06-28 09:51:40.000000000,BEST_BID,"JPM,99794,264"
2019-06-28 09:51:40.000000000,BEST_ASK,"JPM,99961,100"
2019-06-28 09:51:40.000000000,BEST_BID,"JPM,99794,264"
2019-06-28 09:51:40.000000000,BEST_ASK,"JPM,99961,264"
2019-06-28 09:51:40.000000000,BEST_BID,"JPM,99794,264"
2019-06-28 09:51:40.000000000,BEST_ASK,"JPM,99961,264"
2019-06-28 09:51:50.000000000,QUERY_SPREAD,1
2019-06-28 09:51:50.000000000,BEST_BID,"JPM,99794,182"
2019-06-28 09:51:50.000000000,BEST_ASK,"JPM,99961,100"
2019-06-28 09:51:50.000000000,BEST_BID,"JPM,99794,182"
2019-06-28 09:51:50.000000000,BEST_ASK,"JPM,99961,100"
2019-06-28 09:51:50.000000000,BEST_BID,"JPM,99794,182"
2019-06-28 09:51:50.000000000,BEST_ASK,"JPM,99961,100"
2019-06-28 09:51:50.000000000,BEST_BID,"JPM,99794,182"
2019-06-28 09:51:50.000000000,BEST_ASK,"JPM,99961,100"
2019-06-28 09:51:50.000000000,BEST_BID,"JPM,99794,182"
2019-06-28 09:51:50.000000000,BEST_ASK,"JPM,99961,182"
2019-06-28 09:51:50.000000000,BEST_BID,"JPM,99794,182"
2019-06-28 09:51:50.000000000,BEST_ASK,"JPM,99961,182"
2019-06-28 09:51:50.000000000,BEST_BID,"JPM,99794,182"
2019-06-28 09:51:50.000000000,BEST_ASK,"JPM,99961,182"
2019-06-28 09:51:50.000000000,BEST_BID,"JPM,99794,182"
2019-06-28 09:51:50.000000000,BEST_ASK,"JPM,99961,182"
2019-06-28 09:52:00.000000000,QUERY_SPREAD,1
2019-06-28 09:52:00.000000000,BEST_BID,"JPM,99794,182"
2019-06-28 09:52:00.000000000,BEST_ASK,"JPM,99961,100"
2019-06-28 09:52:00.000000000,BEST_BID,"JPM,99794,182"
2019-06-28 09:52:00.000000000,BEST_ASK,"JPM,99961,100"
2019-06-28 09:52:00.000000000,BEST_BID,"JPM,99794,182"
2019-06-28 09:52:00.000000000,BEST_ASK,"JPM,99961,100"
2019-06-28 09:52:00.000000000,BEST_BID,"JPM,99794,182"
2019-06-28 09:52:00.000000000,BEST_ASK,"JPM,99961,100"
2019-06-28 09:52:00.000000000,BEST_BID,"JPM,99794,182"
2019-06-28 09:52:00.000000000,BEST_ASK,"JPM,99961,182"
2019-06-28 09:52:00.000000000,BEST_BID,"JPM,99794,182"
2019-06-28 09:52:00.000000000,BEST_ASK,"JPM,99961,182"
2019-06-28 09:52:00.000000000,BEST_BID,"JPM,99794,182"
2019-06-28 09:52:00.000000000,BEST_ASK,"JPM,99961,182"
2019-06-28 09:52:00.000000000,BEST_BID,"JPM,99794,182"
2019-06-28 09:52:00.000000000,BEST_ASK,"JPM,99961,182"
2019-06-28 09:52:00.000000000,QUERY_SPREAD,77
2019-06-28 09:52:00.000000000,QUERY_SPREAD,78
2019-06-28 09:52:00.000000000,QUERY_SPREAD,79
2019-06-28 09:52:00.000000000,QUERY_SPREAD,80
2019-06-28 09:52:00.000000000,QUERY_SPREAD,81
2019-06-28 09:52:00.000000000,QUERY_SPREAD,82
2019-06-28 09:52:00.000000000,QUERY_SPREAD,83
2019-06-28 09:52:00.000000000,QUERY_SPREAD,84
2019-06-28 09:52:00.000000000,QUERY_SPREAD,85
2019-06-28 09:52:00.000000000,QUERY_SPREAD,86
2019-06-28 09:52:00.000000000,QUERY_SPREAD,87
2019-06-28 09:52:00.000000000,QUERY_SPREAD,88
2019-06-28 09:52:00.000000000,QUERY_SPREAD,89
2019-06-28 09:52:00.000000000,QUERY_SPREAD,90
2019-06-28 09:52:00.000000000,QUERY_SPREAD,91
2019-06-28 09:52:00.000000000,QUERY_SPREAD,92
2019-06-28 09:52:00.000000000,QUERY_SPREAD,93
2019-06-28 09:52:00.000000000,QUERY_SPREAD,94
2019-06-28 09:52:00.000000000,QUERY_SPREAD,95
2019-06-28 09:52:00.000000000,QUERY_SPREAD,96
2019-06-28 09:52:00.000000000,QUERY_SPREAD,97
2019-06-28 09:52:00.000000000,QUERY_SPREAD,98
2019-06-28 09:52:00.000000000,QUERY_SPREAD,99
2019-06-28 09:52:00.000000000,QUERY_SPREAD,100
2019-06-28 09:52:00.000000000,QUERY_SPREAD,101
2019-06-28 09:52:00.000000000,QUERY_ORDER_STREAM,101
2019-06-28 09:52:09.748894861,QUERY_ORDER_STREAM,56
2019-06-28 09:52:09.748894861,QUERY_SPREAD,56
2019-06-28 09:52:09.748894861,BEST_BID,"JPM,99890,100"
2019-06-28 09:52:09.748894861,BEST_ASK,"JPM,99961,182"
2019-06-28 09:52:10.000000000,QUERY_SPREAD,1
2019-06-28 09:52:10.000000000,BEST_BID,"JPM,99890,182"
2019-06-28 09:52:10.000000000,BEST_ASK,"JPM,99961,100"
2019-06-28 09:52:10.000000000,BEST_BID,"JPM,99890,182"
2019-06-28 09:52:10.000000000,BEST_ASK,"JPM,99961,100"
2019-06-28 09:52:10.000000000,BEST_BID,"JPM,99890,182"
2019-06-28 09:52:10.000000000,BEST_ASK,"JPM,99961,100"
2019-06-28 09:52:10.000000000,BEST_BID,"JPM,99890,182"
2019-06-28 09:52:10.000000000,BEST_ASK,"JPM,99961,100"
2019-06-28 09:52:10.000000000,BEST_BID,"JPM,99890,182"
2019-06-28 09:52:10.000000000,BEST_ASK,"JPM,99961,182"
2019-06-28 09:52:10.000000000,BEST_BID,"JPM,99890,182"
2019-06-28 09:52:10.000000000,BEST_ASK,"JPM,99961,182"
2019-06-28 09:52:10.000000000,BEST_BID,"JPM,99890,182"
2019-06-28 09:52:10.000000000,BEST_ASK,"JPM,99961,182"
2019-06-28 09:52:10.000000000,BEST_BID,"JPM,99890,182"
2019-06-28 09:52:10.000000000,BEST_ASK,"JPM,99961,182"
2019-06-28 09:52:12.523423600,QUERY_SPREAD,18
2019-06-28 09:52:12.523423600,BEST_BID,"JPM,99890,182"
2019-06-28 09:52:12.523423600,BEST_ASK,"JPM,99961,82"
2019-06-28 09:52:12.523423600,LAST_TRADE,"100,$99961.0000"
2019-06-28 09:52:20.000000000,QUERY_SPREAD,1
2019-06-28 09:52:20.000000000,BEST_BID,"JPM,99890,428"
2019-06-28 09:52:20.000000000,BEST_ASK,"JPM,99962,100"
2019-06-28 09:52:20.000000000,BEST_BID,"JPM,99890,428"
2019-06-28 09:52:20.000000000,BEST_ASK,"JPM,99962,428"
2019-06-28 09:52:30.000000000,QUERY_SPREAD,1
2019-06-28 09:52:30.000000000,BEST_BID,"JPM,99890,264"
2019-06-28 09:52:30.000000000,BEST_ASK,"JPM,99962,100"
2019-06-28 09:52:30.000000000,BEST_BID,"JPM,99890,264"
2019-06-28 09:52:30.000000000,BEST_ASK,"JPM,99962,100"
2019-06-28 09:52:30.000000000,BEST_BID,"JPM,99890,264"
2019-06-28 09:52:30.000000000,BEST_ASK,"JPM,99962,264"
2019-06-28 09:52:30.000000000,BEST_BID,"JPM,99890,264"
2019-06-28 09:52:30.000000000,BEST_ASK,"JPM,99962,264"
2019-06-28 09:52:40.000000000,QUERY_SPREAD,1
2019-06-28 09:52:40.000000000,BEST_BID,"JPM,99890,166"
2019-06-28 09:52:40.000000000,BEST_ASK,"JPM,99962,100"
2019-06-28 09:52:40.000000000,BEST_BID,"JPM,99890,166"
2019-06-28 09:52:40.000000000,BEST_ASK,"JPM,99962,100"
2019-06-28 09:52:40.000000000,BEST_BID,"JPM,99890,166"
2019-06-28 09:52:40.000000000,BEST_ASK,"JPM,99962,100"
2019-06-28 09:52:40.000000000,BEST_BID,"JPM,99890,166"
2019-06-28 09:52:40.000000000,BEST_ASK,"JPM,99962,100"
2019-06-28 09:52:40.000000000,BEST_BID,"JPM,99890,166"
2019-06-28 09:52:40.000000000,BEST_ASK,"JPM,99962,100"
2019-06-28 09:52:40.000000000,BEST_BID,"JPM,99890,166"
2019-06-28 09:52:40.000000000,BEST_ASK,"JPM,99962,166"
2019-06-28 09:52:40.000000000,BEST_BID,"JPM,99890,166"
2019-06-28 09:52:40.000000000,BEST_ASK,"JPM,99962,166"
2019-06-28 09:52:40.000000000,BEST_BID,"JPM,99890,166"
2019-06-28 09:52:40.000000000,BEST_ASK,"JPM,99962,166"
2019-06-28 09:52:40.000000000,BEST_BID,"JPM,99890,166"
2019-06-28 09:52:40.000000000,BEST_ASK,"JPM,99962,166"
2019-06-28 09:52:40.000000000,BEST_BID,"JPM,99890,166"
2019-06-28 09:52:40.000000000,BEST_ASK,"JPM,99962,166"
2019-06-28 09:52:50.000000000,QUERY_SPREAD,1
2019-06-28 09:52:50.000000000,BEST_BID,"JPM,99890,212"
2019-06-28 09:52:50.000000000,BEST_ASK,"JPM,99962,100"
2019-06-28 09:52:50.000000000,BEST_BID,"JPM,99890,212"
2019-06-28 09:52:50.000000000,BEST_ASK,"JPM,99962,100"
2019-06-28 09:52:50.000000000,BEST_BID,"JPM,99890,212"
2019-06-28 09:52:50.000000000,BEST_ASK,"JPM,99962,100"
2019-06-28 09:52:50.000000000,BEST_BID,"JPM,99890,212"
2019-06-28 09:52:50.000000000,BEST_ASK,"JPM,99962,212"
2019-06-28 09:52:50.000000000,BEST_BID,"JPM,99890,212"
2019-06-28 09:52:50.000000000,BEST_ASK,"JPM,99962,212"
2019-06-28 09:52:50.000000000,BEST_BID,"JPM,99890,212"
2019-06-28 09:52:50.000000000,BEST_ASK,"JPM,99962,212"
2019-06-28 09:52:52.116546289,QUERY_SPREAD,18
2019-06-28 09:52:52.116546289,BEST_BID,"JPM,99890,212"
2019-06-28 09:52:52.116546289,BEST_ASK,"JPM,99962,212"
2019-06-28 09:53:00.000000000,QUERY_SPREAD,1
2019-06-28 09:53:00.000000000,BEST_BID,"JPM,99890,428"
2019-06-28 09:53:00.000000000,BEST_ASK,"JPM,99962,100"
2019-06-28 09:53:00.000000000,BEST_BID,"JPM,99890,428"
2019-06-28 09:53:00.000000000,BEST_ASK,"JPM,99962,428"
2019-06-28 09:53:00.000000000,QUERY_SPREAD,77
2019-06-28 09:53:00.000000000,QUERY_SPREAD,78
2019-06-28 09:53:00.000000000,QUERY_SPREAD,79
2019-06-28 09:53:00.000000000,QUERY_SPREAD,80
2019-06-28 09:53:00.000000000,QUERY_SPREAD,81
2019-06-28 09:53:00.000000000,QUERY_SPREAD,82
2019-06-28 09:53:00.000000000,QUERY_SPREAD,83
2019-06-28 09:53:00.000000000,QUERY_SPREAD,84
2019-06-28 09:53:00.000000000,QUERY_SPREAD,85
2019-06-28 09:53:00.000000000,QUERY_SPREAD,86
2019-06-28 09:53:00.000000000,QUERY_SPREAD,87
2019-06-28 09:53:00.000000000,QUERY_SPREAD,88
2019-06-28 09:53:00.000000000,QUERY_SPREAD,89
2019-06-28 09:53:00.000000000,QUERY_SPREAD,90
2019-06-28 09:53:00.000000000,QUERY_SPREAD,91
2019-06-28 09:53:00.000000000,QUERY_SPREAD,92
2019-06-28 09:53:00.000000000,QUERY_SPREAD,93
2019-06-28 09:53:00.000000000,QUERY_SPREAD,94
2019-06-28 09:53:00.000000000,QUERY_SPREAD,95
2019-06-28 09:53:00.000000000,QUERY_SPREAD,96
2019-06-28 09:53:00.000000000,QUERY_SPREAD,97
2019-06-28 09:53:00.000000000,QUERY_SPREAD,98
2019-06-28 09:53:00.000000000,QUERY_SPREAD,99
2019-06-28 09:53:00.000000000,QUERY_SPREAD,100
2019-06-28 09:53:00.000000000,QUERY_SPREAD,101
2019-06-28 09:53:00.000000000,QUERY_ORDER_STREAM,101
2019-06-28 09:53:05.939344644,QUERY_ORDER_STREAM,56
2019-06-28 09:53:05.939344644,QUERY_SPREAD,56
2019-06-28 09:53:10.000000000,QUERY_SPREAD,1
2019-06-28 09:53:10.000000000,BEST_BID,"JPM,99886,264"
2019-06-28 09:53:10.000000000,BEST_ASK,"JPM,99962,100"
2019-06-28 09:53:10.000000000,BEST_BID,"JPM,99886,264"
2019-06-28 09:53:10.000000000,BEST_ASK,"JPM,99962,100"
2019-06-28 09:53:10.000000000,BEST_BID,"JPM,99886,264"
2019-06-28 09:53:10.000000000,BEST_ASK,"JPM,99962,264"
2019-06-28 09:53:10.000000000,BEST_BID,"JPM,99886,264"
2019-06-28 09:53:10.000000000,BEST_ASK,"JPM,99962,264"
2019-06-28 09:53:10.667266324,QUERY_SPREAD,24
2019-06-28 09:53:10.667266324,BEST_BID,"JPM,99886,264"
2019-06-28 09:53:10.667266324,BEST_ASK,"JPM,99962,164"
2019-06-28 09:53:10.667266324,LAST_TRADE,"100,$99962.0000"
2019-06-28 09:53:20.000000000,QUERY_SPREAD,1
2019-06-28 09:53:20.000000000,BEST_BID,"JPM,99886,212"
2019-06-28 09:53:20.000000000,BEST_ASK,"JPM,99998,100"
2019-06-28 09:53:20.000000000,BEST_BID,"JPM,99886,212"
2019-06-28 09:53:20.000000000,BEST_ASK,"JPM,99998,100"
2019-06-28 09:53:20.000000000,BEST_BID,"JPM,99886,212"
2019-06-28 09:53:20.000000000,BEST_ASK,"JPM,99998,100"
2019-06-28 09:53:20.000000000,BEST_BID,"JPM,99886,212"
2019-06-28 09:53:20.000000000,BEST_ASK,"JPM,99998,212"
2019-06-28 09:53:20.000000000,BEST_BID,"JPM,99886,212"
2019-06-28 09:53:20.000000000,BEST_ASK,"JPM,99998,212"
2019-06-28 09:53:20.000000000,BEST_BID,"JPM,99886,212"
2019-06-28 09:53:20.000000000,BEST_ASK,"JPM,99998,212"
2019-06-28 09:53:30.000000000,QUERY_SPREAD,1
2019-06-28 09:53:30.000000000,BEST_BID,"JPM,99886,182"
2019-06-28 09:53:30.000000000,BEST_ASK,"JPM,99998,100"
2019-06-28 09:53:30.000000000,BEST_BID,"JPM,99886,182"
2019-06-28 09:53:30.000000000,BEST_ASK,"JPM,99998,100"
2019-06-28 09:53:30.000000000,BEST_BID,"JPM,99886,182"
2019-06-28 09:53:30.000000000,BEST_ASK,"JPM,99998,100"
2019-06-28 09:53:30.000000000,BEST_BID,"JPM,99886,182"
2019-06-28 09:53:30.000000000,BEST_ASK,"JPM,99998,100"
2019-06-28 09:53:30.000000000,BEST_BID,"JPM,99886,182"
2019-06-28 09:53:30.000000000,BEST_ASK,"JPM,99998,182"
2019-06-28 09:53:30.000000000,BEST_BID,"JPM,99886,182"
2019-06-28 09:53:30.000000000,BEST_ASK,"JPM,99998,182"
2019-06-28 09:53:30.000000000,BEST_BID,"JPM,99886,182"
2019-06-28 09:53:30.000000000,BEST_ASK,"JPM,99998,182"
2019-06-28 09:53:30.000000000,BEST_BID,"JPM,99886,182"
2019-06-28 09:53:30.000000000,BEST_ASK,"JPM,99998,182"
2019-06-28 09:53:35.572078609,QUERY_SPREAD,2
2019-06-28 09:53:35.572078609,BEST_BID,"JPM,99886,182"
2019-06-28 09:53:35.572078609,BEST_ASK,"JPM,99998,182"
2019-06-28 09:53:40.000000000,QUERY_SPREAD,1
2019-06-28 09:53:40.000000000,BEST_BID,"JPM,99886,182"
2019-06-28 09:53:40.000000000,BEST_ASK,"JPM,99998,100"
2019-06-28 09:53:40.000000000,BEST_BID,"JPM,99886,182"
2019-06-28 09:53:40.000000000,BEST_ASK,"JPM,99998,100"
2019-06-28 09:53:40.000000000,BEST_BID,"JPM,99886,182"
2019-06-28 09:53:40.000000000,BEST_ASK,"JPM,99998,100"
2019-06-28 09:53:40.000000000,BEST_BID,"JPM,99886,182"
2019-06-28 09:53:40.000000000,BEST_ASK,"JPM,99998,100"
2019-06-28 09:53:40.000000000,BEST_BID,"JPM,99886,182"
2019-06-28 09:53:40.000000000,BEST_ASK,"JPM,99998,182"
2019-06-28 09:53:40.000000000,BEST_BID,"JPM,99886,182"
2019-06-28 09:53:40.000000000,BEST_ASK,"JPM,99998,182"
2019-06-28 09:53:40.000000000,BEST_BID,"JPM,99886,182"
2019-06-28 09:53:40.000000000,BEST_ASK,"JPM,99998,182"
2019-06-28 09:53:40.000000000,BEST_BID,"JPM,99886,182"
2019-06-28 09:53:40.000000000,BEST_ASK,"JPM,99998,182"
2019-06-28 09:53:50.000000000,QUERY_SPREAD,1
2019-06-28 09:53:50.000000000,BEST_BID,"JPM,99886,212"
2019-06-28 09:53:50.000000000,BEST_ASK,"JPM,99998,100"
2019-06-28 09:53:50.000000000,BEST_BID,"JPM,99886,212"
2019-06-28 09:53:50.000000000,BEST_ASK,"JPM,99998,100"
2019-06-28 09:53:50.000000000,BEST_BID,"JPM,99886,212"
2019-06-28 09:53:50.000000000,BEST_ASK,"JPM,99998,100"
2019-06-28 09:53:50.000000000,BEST_BID,"JPM,99886,212"
2019-06-28 09:53:50.000000000,BEST_ASK,"JPM,99998,212"
2019-06-28 09:53:50.000000000,BEST_BID,"JPM,99886,212"
2019-06-28 09:53:50.000000000,BEST_ASK,"JPM,99998,212"
2019-06-28 09:53:50.000000000,BEST_BID,"JPM,99886,212"
2019-06-28 09:53:50.000000000,BEST_ASK,"JPM,99998,212"
2019-06-28 09:53:54.105298657,QUERY_SPREAD,21
2019-06-28 09:53:54.105298657,BEST_BID,"JPM,99886,212"
2019-06-28 09:53:54.105298657,BEST_ASK,"JPM,99998,112"
2019-06-28 09:53:54.105298657,LAST_TRADE,"100,$99998.0000"
2019-06-28 09:54:00.000000000,QUERY_SPREAD,1
2019-06-28 09:54:00.000000000,BEST_BID,"JPM,99886,166"
2019-06-28 09:54:00.000000000,BEST_ASK,"JPM,99999,100"
2019-06-28 09:54:00.000000000,BEST_BID,"JPM,99886,166"
2019-06-28 09:54:00.000000000,BEST_ASK,"JPM,99999,100"
2019-06-28 09:54:00.000000000,BEST_BID,"JPM,99886,166"
2019-06-28 09:54:00.000000000,BEST_ASK,"JPM,99999,100"
2019-06-28 09:54:00.000000000,BEST_BID,"JPM,99886,166"
2019-06-28 09:54:00.000000000,BEST_ASK,"JPM,99999,100"
2019-06-28 09:54:00.000000000,BEST_BID,"JPM,99886,166"
2019-06-28 09:54:00.000000000,BEST_ASK,"JPM,99999,100"
2019-06-28 09:54:00.000000000,BEST_BID,"JPM,99886,166"
2019-06-28 09:54:00.000000000,BEST_ASK,"JPM,99999,166"
2019-06-28 09:54:00.000000000,BEST_BID,"JPM,99886,166"
2019-06-28 09:54:00.000000000,BEST_ASK,"JPM,99999,166"
2019-06-28 09:54:00.000000000,BEST_BID,"JPM,99886,166"
2019-06-28 09:54:00.000000000,BEST_ASK,"JPM,99999,166"
2019-06-28 09:54:00.000000000,BEST_BID,"JPM,99886,166"
2019-06-28 09:54:00.000000000,BEST_ASK,"JPM,99999,166"
2019-06-28 09:54:00.000000000,BEST_BID,"JPM,99886,166"
2019-06-28 09:54:00.000000000,BEST_ASK,"JPM,99999,166"
2019-06-28 09:54:00.000000000,QUERY_SPREAD,77
2019-06-28 09:54:00.000000000,QUERY_SPREAD,78
2019-06-28 09:54:00.000000000,QUERY_SPREAD,79
2019-06-28 09:54:00.000000000,QUERY_SPREAD,80
2019-06-28 09:54:00.000000000,QUERY_SPREAD,81
2019-06-28 09:54:00.000000000,QUERY_SPREAD,82
2019-06-28 09:54:00.000000000,QUERY_SPREAD,83
2019-06-28 09:54:00.000000000,QUERY_SPREAD,84
2019-06-28 09:54:00.000000000,QUERY_SPREAD,85
2019-06-28 09:54:00.000000000,QUERY_SPREAD,86
2019-06-28 09:54:00.000000000,QUERY_SPREAD,87
2019-06-28 09:54:00.000000000,QUERY_SPREAD,88
2019-06-28 09:54:00.000000000,QUERY_SPREAD,89
2019-06-28 09:54:00.000000000,QUERY_SPREAD,90
2019-06-28 09:54:00.000000000,QUERY_SPREAD,91
2019-06-28 09:54:00.000000000,QUERY_SPREAD,92
2019-06-28 09:54:00.000000000,QUERY_SPREAD,93
2019-06-28 09:54:00.000000000,QUERY_SPREAD,94
2019-06-28 09:54:00.000000000,QUERY_SPREAD,95
2019-06-28 09:54:00.000000000,QUERY_SPREAD,96
2019-06-28 09:54:00.000000000,QUERY_SPREAD,97
2019-06-28 09:54:00.000000000,QUERY_SPREAD,98
2019-06-28 09:54:00.000000000,QUERY_SPREAD,99
2019-06-28 09:54:00.000000000,QUERY_SPREAD,100
2019-06-28 09:54:00.000000000,QUERY_SPREAD,101
2019-06-28 09:54:00.000000000,QUERY_ORDER_STREAM,101
2019-06-28 09:54:06.473943999,QUERY_SPREAD,15
2019-06-28 09:54:06.473943999,BEST_BID,"JPM,99886,166"
2019-06-28 09:54:06.473943999,BEST_ASK,"JPM,99999,166"
2019-06-28 09:54:10.000000000,QUERY_SPREAD,1
2019-06-28 09:54:10.000000000,BEST_BID,"JPM,99886,212"
2019-06-28 09:54:10.000000000,BEST_ASK,"JPM,99999,100"
2019-06-28 09:54:10.000000000,BEST_BID,"JPM,99886,212"
2019-06-28 09:54:10.000000000,BEST_ASK,"JPM,99999,100"
2019-06-28 09:54:10.000000000,BEST_BID,"JPM,99886,212"
2019-06-28 09:54:10.000000000,BEST_ASK,"JPM,99999,100"
2019-06-28 09:54:10.000000000,BEST_BID,"JPM,99886,212"
2019-06-28 09:54:10.000000000,BEST_ASK,"JPM,99999,212"
2019-06-28 09:54:10.000000000,BEST_BID,"JPM,99886,212"
2019-06-28 09:54:10.000000000,BEST_ASK,"JPM,99999,212"
2019-06-28 09:54:10.000000000,BEST_BID,"JPM,99886,212"
2019-06-28 09:54:10.000000000,BEST_ASK,"JPM,99999,212"
2019-06-28 09:54:11.085481510,QUERY_SPREAD,4
2019-06-28 09:54:11.085481510,BEST_BID,"JPM,99886,212"
2019-06-28 09:54:11.085481510,BEST_ASK,"JPM,99999,112"
2019-06-28 09:54:11.085481510,LAST_TRADE,"100,$99999.0000"
2019-06-28 09:54:15.281564260,QUERY_SPREAD,35
2019-06-28 09:54:15.281564260,BEST_BID,"JPM,99886,212"
2019-06-28 09:54:15.281564260,BEST_ASK,"JPM,99999,112"
2019-06-28 09:54:15.587577703,QUERY_ORDER_STREAM,53
2019-06-28 09:54:15.587577703,QUERY_SPREAD,53
2019-06-28 09:54:15.587577703,BEST_BID,"JPM,99998,100"
2019-06-28 09:54:15.587577703,BEST_ASK,"JPM,99999,112"
2019-06-28 09:54:20.000000000,QUERY_SPREAD,1
2019-06-28 09:54:20.000000000,BEST_BID,"JPM,99998,166"
2019-06-28 09:54:20.000000000,BEST_ASK,"JPM,100162,100"
2019-06-28 09:54:20.000000000,BEST_BID,"JPM,99998,166"
2019-06-28 09:54:20.000000000,BEST_ASK,"JPM,100162,100"
2019-06-28 09:54:20.000000000,BEST_BID,"JPM,99998,166"
2019-06-28 09:54:20.000000000,BEST_ASK,"JPM,100162,100"
2019-06-28 09:54:20.000000000,BEST_BID,"JPM,99998,166"
2019-06-28 09:54:20.000000000,BEST_ASK,"JPM,100162,100"
2019-06-28 09:54:20.000000000,BEST_BID,"JPM,99998,166"
2019-06-28 09:54:20.000000000,BEST_ASK,"JPM,100162,100"
2019-06-28 09:54:20.000000000,BEST_BID,"JPM,99998,166"
2019-06-28 09:54:20.000000000,BEST_ASK,"JPM,100162,166"
2019-06-28 09:54:20.000000000,BEST_BID,"JPM,99998,166"
2019-06-28 09:54:20.000000000,BEST_ASK,"JPM,100162,166"
2019-06-28 09:54:20.000000000,BEST_BID,"JPM,99998,166"
2019-06-28 09:54:20.000000000,BEST_ASK,"JPM,100162,166"
2019-06-28 09:54:20.000000000,BEST_BID,"JPM,99998,166"
2019-06-28 09:54:20.000000000,BEST_ASK,"JPM,100162,166"
2019-06-28 09:54:20.000000000,BEST_BID,"JPM,99998,166"
2019-06-28 09:54:20.000000000,BEST_ASK,"JPM,100162,166"
2019-06-28 09:54:21.789461459,QUERY_SPREAD,43
2019-06-28 09:54:21.789461459,BEST_BID,"JPM,99998,166"
2019-06-28 09:54:21.789461459,BEST_ASK,"JPM,100162,166"
2019-06-28 09:54:23.758363099,QUERY_SPREAD,13
2019-06-28 09:54:23.758363099,BEST_BID,"JPM,99998,166"
2019-06-28 09:54:23.758363099,BEST_ASK,"JPM,100162,66"
2019-06-28 09:54:23.758363099,LAST_TRADE,"100,$100162.0000"
2019-06-28 09:54:30.000000000,QUERY_SPREAD,1
2019-06-28 09:54:30.000000000,BEST_BID,"JPM,99998,212"
2019-06-28 09:54:30.000000000,BEST_ASK,"JPM,100207,100"
2019-06-28 09:54:30.000000000,BEST_BID,"JPM,99998,212"
2019-06-28 09:54:30.000000000,BEST_ASK,"JPM,100207,100"
2019-06-28 09:54:30.000000000,BEST_BID,"JPM,99998,212"
2019-06-28 09:54:30.000000000,BEST_ASK,"JPM,100207,100"
2019-06-28 09:54:30.000000000,BEST_BID,"JPM,99998,212"
2019-06-28 09:54:30.000000000,BEST_ASK,"JPM,100207,212"
2019-06-28 09:54:30.000000000,BEST_BID,"JPM,99998,212"
2019-06-28 09:54:30.000000000,BEST_ASK,"JPM,100207,212"
2019-06-28 09:54:30.000000000,BEST_BID,"JPM,99998,212"
2019-06-28 09:54:30.000000000,BEST_ASK,"JPM,100207,212"
2019-06-28 09:54:40.000000000,QUERY_SPREAD,1
2019-06-28 09:54:40.000000000,BEST_BID,"JPM,99998,182"
2019-06-28 09:54:40.000000000,BEST_ASK,"JPM,100207,100"
2019-06-28 09:54:40.000000000,BEST_BID,"JPM,99998,182"
2019-06-28 09:54:40.000000000,BEST_ASK,"JPM,100207,100"
2019-06-28 09:54:40.000000000,BEST_BID,"JPM,99998,182"
2019-06-28 09:54:40.000000000,BEST_ASK,"JPM,100207,100"
2019-06-28 09:54:40.000000000,BEST_BID,"JPM,99998,182"
2019-06-28 09:54:40.000000000,BEST_ASK,"JPM,100207,100"
2019-06-28 09:54:40.000000000,BEST_BID,"JPM,99998,182"
2019-06-28 09:54:40.000000000,BEST_ASK,"JPM,100207,182"
2019-06-28 09:54:40.000000000,BEST_BID,"JPM,99998,182"
2019-06-28 09:54:40.000000000,BEST_ASK,"JPM,100207,182"
2019-06-28 09:54:40.000000000,BEST_BID,"JPM,99998,182"
2019-06-28 09:54:40.000000000,BEST_ASK,"JPM,100207,182"
2019-06-28 09:54:40.000000000,BEST_BID,"JPM,99998,182"
2019-06-28 09:54:40.000000000,BEST_ASK,"JPM,100207,182"
2019-06-28 09:54:40.960926485,QUERY_SPREAD,35
2019-06-28 09:54:40.960926485,BEST_BID,"JPM,99998,182"
2019-06-28 09:54:40.960926485,BEST_ASK,"JPM,100207,82"
2019-06-28 09:54:40.960926485,LAST_TRADE,"100,$100207.0000"
2019-06-28 09:54:50.000000000,QUERY_SPREAD,1
2019-06-28 09:54:50.000000000,BEST_BID,"JPM,99998,212"
2019-06-28 09:54:50.000000000,BEST_ASK,"JPM,100278,100"
2019-06-28 09:54:50.000000000,BEST_BID,"JPM,99998,212"
2019-06-28 09:54:50.000000000,BEST_ASK,"JPM,100278,100"
2019-06-28 09:54:50.000000000,BEST_BID,"JPM,99998,212"
2019-06-28 09:54:50.000000000,BEST_ASK,"JPM,100278,100"
2019-06-28 09:54:50.000000000,BEST_BID,"JPM,99998,212"
2019-06-28 09:54:50.000000000,BEST_ASK,"JPM,100278,212"
2019-06-28 09:54:50.000000000,BEST_BID,"JPM,99998,212"
2019-06-28 09:54:50.000000000,BEST_ASK,"JPM,100278,212"
2019-06-28 09:54:50.000000000,BEST_BID,"JPM,99998,212"
2019-06-28 09:54:50.000000000,BEST_ASK,"JPM,100278,212"
2019-06-28 09:54:54.206393255,QUERY_SPREAD,9
2019-06-28 09:54:54.206393255,BEST_BID,"JPM,99998,212"
2019-06-28 09:54:54.206393255,BEST_ASK,"JPM,100278,112"
2019-06-28 09:54:54.206393255,LAST_TRADE,"100,$100278.0000"
2019-06-28 09:55:00.000000000,QUERY_SPREAD,1
2019-06-28 09:55:00.000000000,BEST_BID,"JPM,99998,428"
2019-06-28 09:55:00.000000000,BEST_ASK,"JPM,100285,100"
2019-06-28 09:55:00.000000000,BEST_BID,"JPM,99998,428"
2019-06-28 09:55:00.000000000,BEST_ASK,"JPM,100285,428"
2019-06-28 09:55:00.000000000,QUERY_SPREAD,77
2019-06-28 09:55:00.000000000,QUERY_SPREAD,78
2019-06-28 09:55:00.000000000,QUERY_SPREAD,79
2019-06-28 09:55:00.000000000,QUERY_SPREAD,80
2019-06-28 09:55:00.000000000,QUERY_SPREAD,81
2019-06-28 09:55:00.000000000,QUERY_SPREAD,82
2019-06-28 09:55:00.000000000,QUERY_SPREAD,83
2019-06-28 09:55:00.000000000,QUERY_SPREAD,84
2019-06-28 09:55:00.000000000,QUERY_SPREAD,85
2019-06-28 09:55:00.000000000,QUERY_SPREAD,86
2019-06-28 09:55:00.000000000,QUERY_SPREAD,87
2019-06-28 09:55:00.000000000,QUERY_SPREAD,88
2019-06-28 09:55:00.000000000,QUERY_SPREAD,89
2019-06-28 09:55:00.000000000,QUERY_SPREAD,90
2019-06-28 09:55:00.000000000,QUERY_SPREAD,91
2019-06-28 09:55:00.000000000,QUERY_SPREAD,92
2019-06-28 09:55:00.000000000,QUERY_SPREAD,93
2019-06-28 09:55:00.000000000,QUERY_SPREAD,94
2019-06-28 09:55:00.000000000,QUERY_SPREAD,95
2019-06-28 09:55:00.000000000,QUERY_SPREAD,96
2019-06-28 09:55:00.000000000,QUERY_SPREAD,97
2019-06-28 09:55:00.000000000,QUERY_SPREAD,98
2019-06-28 09:55:00.000000000,QUERY_SPREAD,99
2019-06-28 09:55:00.000000000,QUERY_SPREAD,100
2019-06-28 09:55:00.000000000,QUERY_SPREAD,101
2019-06-28 09:55:00.000000000,QUERY_ORDER_STREAM,101
2019-06-28 09:55:10.000000000,QUERY_SPREAD,1
2019-06-28 09:55:10.000000000,BEST_BID,"JPM,99998,212"
2019-06-28 09:55:10.000000000,BEST_ASK,"JPM,100285,100"
2019-06-28 09:55:10.000000000,BEST_BID,"JPM,99998,212"
2019-06-28 09:55:10.000000000,BEST_ASK,"JPM,100285,100"
2019-06-28 09:55:10.000000000,BEST_BID,"JPM,99998,212"
2019-06-28 09:55:10.000000000,BEST_ASK,"JPM,100285,100"
2019-06-28 09:55:10.000000000,BEST_BID,"JPM,99998,212"
2019-06-28 09:55:10.000000000,BEST_ASK,"JPM,100285,212"
2019-06-28 09:55:10.000000000,BEST_BID,"JPM,99998,212"
2019-06-28 09:55:10.000000000,BEST_ASK,"JPM,100285,212"
2019-06-28 09:55:10.000000000,BEST_BID,"JPM,99998,212"
2019-06-28 09:55:10.000000000,BEST_ASK,"JPM,100285,212"
2019-06-28 09:55:20.000000000,QUERY_SPREAD,1
2019-06-28 09:55:20.000000000,BEST_BID,"JPM,99998,182"
2019-06-28 09:55:20.000000000,BEST_ASK,"JPM,100285,100"
2019-06-28 09:55:20.000000000,BEST_BID,"JPM,99998,182"
2019-06-28 09:55:20.000000000,BEST_ASK,"JPM,100285,100"
2019-06-28 09:55:20.000000000,BEST_BID,"JPM,99998,182"
2019-06-28 09:55:20.000000000,BEST_ASK,"JPM,100285,100"
2019-06-28 09:55:20.000000000,BEST_BID,"JPM,99998,182"
2019-06-28 09:55:20.000000000,BEST_ASK,"JPM,100285,100"
2019-06-28 09:55:20.000000000,BEST_BID,"JPM,99998,182"
2019-06-28 09:55:20.000000000,BEST_ASK,"JPM,100285,182"
2019-06-28 09:55:20.000000000,BEST_BID,"JPM,99998,182"
2019-06-28 09:55:20.000000000,BEST_ASK,"JPM,100285,182"
2019-06-28 09:55:20.000000000,BEST_BID,"JPM,99998,182"
2019-06-28 09:55:20.000000000,BEST_ASK,"JPM,100285,182"
2019-06-28 09:55:20.000000000,BEST_BID,"JPM,99998,182"
2019-06-28 09:55:20.000000000,BEST_ASK,"JPM,100285,182"
2019-06-28 09:55:29.628091185,QUERY_ORDER_STREAM,52
2019-06-28 09:55:29.628091185,QUERY_SPREAD,52
2019-06-28 09:55:29.628091185,BEST_BID,"JPM,100207,100"
2019-06-28 09:55:29.628091185,BEST_ASK,"JPM,100285,182"
2019-06-28 09:55:30.000000000,QUERY_SPREAD,1
2019-06-28 09:55:30.000000000,BEST_BID,"JPM,100207,166"
2019-06-28 09:55:30.000000000,BEST_ASK,"JPM,100285,100"
2019-06-28 09:55:30.000000000,BEST_BID,"JPM,100207,166"
2019-06-28 09:55:30.000000000,BEST_ASK,"JPM,100285,100"
2019-06-28 09:55:30.000000000,BEST_BID,"JPM,100207,166"
2019-06-28 09:55:30.000000000,BEST_ASK,"JPM,100285,100"
2019-06-28 09:55:30.000000000,BEST_BID,"JPM,100207,166"
2019-06-28 09:55:30.000000000,BEST_ASK,"JPM,100285,100"
2019-06-28 09:55:30.000000000,BEST_BID,"JPM,100207,166"
2019-06-28 09:55:30.000000000,BEST_ASK,"JPM,100285,100"
2019-06-28 09:55:30.000000000,BEST_BID,"JPM,100207,166"
2019-06-28 09:55:30.000000000,BEST_ASK,"JPM,100285,166"
2019-06-28 09:55:30.000000000,BEST_BID,"JPM,100207,166"
2019-06-28 09:55:30.000000000,BEST_ASK,"JPM,100285,166"
2019-06-28 09:55:30.000000000,BEST_BID,"JPM,100207,166"
2019-06-28 09:55:30.000000000,BEST_ASK,"JPM,100285,166"
2019-06-28 09:55:30.000000000,BEST_BID,"JPM,100207,166"
2019-06-28 09:55:30.000000000,BEST_ASK,"JPM,100285,166"
2019-06-28 09:55:30.000000000,BEST_BID,"JPM,100207,166"
2019-06-28 09:55:30.000000000,BEST_ASK,"JPM,100285,166"
2019-06-28 09:55:33.258961993,QUERY_SPREAD,40
2019-06-28 09:55:33.258961993,BEST_BID,"JPM,100207,166"
2019-06-28 09:55:33.258961993,BEST_ASK,"JPM,100285,66"
2019-06-28 09:55:33.258961993,LAST_TRADE,"100,$100285.0000"
2019-06-28 09:55:40.000000000,QUERY_SPREAD,1
2019-06-28 09:55:40.000000000,BEST_BID,"JPM,100207,182"
2019-06-28 09:55:40.000000000,BEST_ASK,"JPM,100310,100"
2019-06-28 09:55:40.000000000,BEST_BID,"JPM,100207,182"
2019-06-28 09:55:40.000000000,BEST_ASK,"JPM,100310,100"
2019-06-28 09:55:40.000000000,BEST_BID,"JPM,100207,182"
2019-06-28 09:55:40.000000000,BEST_ASK,"JPM,100310,100"
2019-06-28 09:55:40.000000000,BEST_BID,"JPM,100207,182"
2019-06-28 09:55:40.000000000,BEST_ASK,"JPM,100310,100"
2019-06-28 09:55:40.000000000,BEST_BID,"JPM,100207,182"
2019-06-28 09:55:40.000000000,BEST_ASK,"JPM,100310,182"
2019-06-28 09:55:40.000000000,BEST_BID,"JPM,100207,182"
2019-06-28 09:55:40.000000000,BEST_ASK,"JPM,100310,182"
2019-06-28 09:55:40.000000000,BEST_BID,"JPM,100207,182"
2019-06-28 09:55:40.000000000,BEST_ASK,"JPM,100310,182"
2019-06-28 09:55:40.000000000,BEST_BID,"JPM,100207,182"
2019-06-28 09:55:40.000000000,BEST_ASK,"JPM,100310,182"
2019-06-28 09:55:48.594971494,QUERY_SPREAD,12
2019-06-28 09:55:48.594971494,BEST_BID,"JPM,100207,182"
2019-06-28 09:55:48.594971494,BEST_ASK,"JPM,100310,182"
2019-06-28 09:55:50.000000000,QUERY_SPREAD,1
2019-06-28 09:55:50.000000000,BEST_BID,"JPM,100207,182"
2019-06-28 09:55:50.000000000,BEST_ASK,"JPM,100310,100"
2019-06-28 09:55:50.000000000,BEST_BID,"JPM,100207,182"
2019-06-28 09:55:50.000000000,BEST_ASK,"JPM,100310,100"
2019-06-28 09:55:50.000000000,BEST_BID,"JPM,100207,182"
2019-06-28 09:55:50.000000000,BEST_ASK,"JPM,100310,100"
2019-06-28 09:55:50.000000000,BEST_BID,"JPM,100207,182"
2019-06-28 09:55:50.000000000,BEST_ASK,"JPM,100310,100"
2019-06-28 09:55:50.000000000,BEST_BID,"JPM,100207,182"
2019-06-28 09:55:50.000000000,BEST_ASK,"JPM,100310,182"
2019-06-28 09:55:50.000000000,BEST_BID,"JPM,100207,182"
2019-06-28 09:55:50.000000000,BEST_ASK,"JPM,100310,182"
2019-06-28 09:55:50.000000000,BEST_BID,"JPM,100207,182"
2019-06-28 09:55:50.000000000,BEST_ASK,"JPM,100310,182"
2019-06-28 09:55:50.000000000,BEST_BID,"JPM,100207,182"
2019-06-28 09:55:50.000000000,BEST_ASK,"JPM,100310,182"
2019-06-28 09:56:00.000000000,QUERY_SPREAD,1
2019-06-28 09:56:00.000000000,BEST_BID,"JPM,100207,182"
2019-06-28 09:56:00.000000000,BEST_ASK,"JPM,100310,100"
2019-06-28 09:56:00.000000000,BEST_BID,"JPM,100207,182"
2019-06-28 09:56:00.000000000,BEST_ASK,"JPM,100310,100"
2019-06-28 09:56:00.000000000,BEST_BID,"JPM,100207,182"
2019-06-28 09:56:00.000000000,BEST_ASK,"JPM,100310,100"
2019-06-28 09:56:00.000000000,BEST_BID,"JPM,100207,182"
2019-06-28 09:56:00.000000000,BEST_ASK,"JPM,100310,100"
2019-06-28 09:56:00.000000000,BEST_BID,"JPM,100207,182"
2019-06-28 09:56:00.000000000,BEST_ASK,"JPM,100310,182"
2019-06-28 09:56:00.000000000,BEST_BID,"JPM,100207,182"
2019-06-28 09:56:00.000000000,BEST_ASK,"JPM,100310,182"
2019-06-28 09:56:00.000000000,BEST_BID,"JPM,100207,182"
2019-06-28 09:56:00.000000000,BEST_ASK,"JPM,100310,182"
2019-06-28 09:56:00.000000000,BEST_BID,"JPM,100207,182"
2019-06-28 09:56:00.000000000,BEST_ASK,"JPM,100310,182"
2019-06-28 09:56:00.000000000,QUERY_SPREAD,77
2019-06-28 09:56:00.000000000,QUERY_SPREAD,78
2019-06-28 09:56:00.000000000,QUERY_SPREAD,79
2019-06-28 09:56:00.000000000,QUERY_SPREAD,80
2019-06-28 09:56:00.000000000,QUERY_SPREAD,81
2019-06-28 09:56:00.000000000,QUERY_SPREAD,82
2019-06-28 09:56:00.000000000,QUERY_SPREAD,83
2019-06-28 09:56:00.000000000,QUERY_SPREAD,84
2019-06-28 09:56:00.000000000,QUERY_SPREAD,85
2019-06-28 09:56:00.000000000,QUERY_SPREAD,86
2019-06-28 09:56:00.000000000,QUERY_SPREAD,87
2019-06-28 09:56:00.000000000,QUERY_SPREAD,88
2019-06-28 09:56:00.000000000,QUERY_SPREAD,89
2019-06-28 09:56:00.000000000,QUERY_SPREAD,90
2019-06-28 09:56:00.000000000,QUERY_SPREAD,91
2019-06-28 09:56:00.000000000,QUERY_SPREAD,92
2019-06-28 09:56:00.000000000,QUERY_SPREAD,93
2019-06-28 09:56:00.000000000,QUERY_SPREAD,94
2019-06-28 09:56:00.000000000,QUERY_SPREAD,95
2019-06-28 09:56:00.000000000,QUERY_SPREAD,96
2019-06-28 09:56:00.000000000,QUERY_SPREAD,97
2019-06-28 09:56:00.000000000,QUERY_SPREAD,98
2019-06-28 09:56:00.000000000,QUERY_SPREAD,99
2019-06-28 09:56:00.000000000,QUERY_SPREAD,100
2019-06-28 09:56:00.000000000,QUERY_SPREAD,101
2019-06-28 09:56:00.000000000,QUERY_ORDER_STREAM,101
2019-06-28 09:56:01.949945461,QUERY_SPREAD,37
2019-06-28 09:56:01.949945461,BEST_BID,"JPM,100207,182"
2019-06-28 09:56:01.949945461,BEST_ASK,"JPM,100310,82"
2019-06-28 09:56:01.949945461,LAST_TRADE,"100,$100310.0000"
2019-06-28 09:56:10.000000000,QUERY_SPREAD,1
2019-06-28 09:56:10.000000000,BEST_BID,"JPM,100207,166"
2019-06-28 09:56:10.000000000,BEST_ASK,"JPM,100496,100"
2019-06-28 09:56:10.000000000,BEST_BID,"JPM,100207,166"
2019-06-28 09:56:10.000000000,BEST_ASK,"JPM,100496,100"
2019-06-28 09:56:10.000000000,BEST_BID,"JPM,100207,166"
2019-06-28 09:56:10.000000000,BEST_ASK,"JPM,100496,100"
2019-06-28 09:56:10.000000000,BEST_BID,"JPM,100207,166"
2019-06-28 09:56:10.000000000,BEST_ASK,"JPM,100496,100"
2019-06-28 09:56:10.000000000,BEST_BID,"JPM,100207,166"
2019-06-28 09:56:10.000000000,BEST_ASK,"JPM,100496,100"
2019-06-28 09:56:10.000000000,BEST_BID,"JPM,100207,166"
2019-06-28 09:56:10.000000000,BEST_ASK,"JPM,100496,166"
2019-06-28 09:56:10.000000000,BEST_BID,"JPM,100207,166"
2019-06-28 09:56:10.000000000,BEST_ASK,"JPM,100496,166"
2019-06-28 09:56:10.000000000,BEST_BID,"JPM,100207,166"
2019-06-28 09:56:10.000000000,BEST_ASK,"JPM,100496,166"
2019-06-28 09:56:10.000000000,BEST_BID,"JPM,100207,166"
2019-06-28 09:56:10.000000000,BEST_ASK,"JPM,100496,166"
2019-06-28 09:56:10.000000000,BEST_BID,"JPM,100207,166"
2019-06-28 09:56:10.000000000,BEST_ASK,"JPM,100496,166"
2019-06-28 09:56:15.281326496,QUERY_SPREAD,9
2019-06-28 09:56:15.281326496,BEST_BID,"JPM,100471,100"
2019-06-28 09:56:15.281326496,BEST_ASK,"JPM,100496,166"
2019-06-28 09:56:18.785748530,QUERY_SPREAD,3
2019-06-28 09:56:18.785748530,BEST_BID,"JPM,100471,100"
2019-06-28 09:56:18.785748530,BEST_ASK,"JPM,100496,166"
2019-06-28 09:56:20.000000000,QUERY_SPREAD,1
2019-06-28 09:56:20.000000000,BEST_BID,"JPM,100471,182"
2019-06-28 09:56:20.000000000,BEST_ASK,"JPM,100496,100"
2019-06-28 09:56:20.000000000,BEST_BID,"JPM,100471,182"
2019-06-28 09:56:20.000000000,BEST_ASK,"JPM,100496,100"
2019-06-28 09:56:20.000000000,BEST_BID,"JPM,100471,182"
2019-06-28 09:56:20.000000000,BEST_ASK,"JPM,100496,100"
2019-06-28 09:56:20.000000000,BEST_BID,"JPM,100471,182"
2019-06-28 09:56:20.000000000,BEST_ASK,"JPM,100496,100"
2019-06-28 09:56:20.000000000,BEST_BID,"JPM,100471,182"
2019-06-28 09:56:20.000000000,BEST_ASK,"JPM,100496,182"
2019-06-28 09:56:20.000000000,BEST_BID,"JPM,100471,182"
2019-06-28 09:56:20.000000000,BEST_ASK,"JPM,100496,182"
2019-06-28 09:56:20.000000000,BEST_BID,"JPM,100471,182"
2019-06-28 09:56:20.000000000,BEST_ASK,"JPM,100496,182"
2019-06-28 09:56:20.000000000,BEST_BID,"JPM,100471,182"
2019-06-28 09:56:20.000000000,BEST_ASK,"JPM,100496,182"
2019-06-28 09:56:30.000000000,QUERY_SPREAD,1
2019-06-28 09:56:30.000000000,BEST_BID,"JPM,100471,182"
2019-06-28 09:56:30.000000000,BEST_ASK,"JPM,100496,100"
2019-06-28 09:56:30.000000000,BEST_BID,"JPM,100471,182"
2019-06-28 09:56:30.000000000,BEST_ASK,"JPM,100496,100"
2019-06-28 09:56:30.000000000,BEST_BID,"JPM,100471,182"
2019-06-28 09:56:30.000000000,BEST_ASK,"JPM,100496,100"
2019-06-28 09:56:30.000000000,BEST_BID,"JPM,100471,182"
2019-06-28 09:56:30.000000000,BEST_ASK,"JPM,100496,100"
2019-06-28 09:56:30.000000000,BEST_BID,"JPM,100471,182"
2019-06-28 09:56:30.000000000,BEST_ASK,"JPM,100496,182"
2019-06-28 09:56:30.000000000,BEST_BID,"JPM,100471,182"
2019-06-28 09:56:30.000000000,BEST_ASK,"JPM,100496,182"
2019-06-28 09:56:30.000000000,BEST_BID,"JPM,100471,182"
2019-06-28 09:56:30.000000000,BEST_ASK,"JPM,100496,182"
2019-06-28 09:56:30.000000000,BEST_BID,"JPM,100471,182"
2019-06-28 09:56:30.000000000,BEST_ASK,"JPM,100496,182"
2019-06-28 09:56:40.000000000,QUERY_SPREAD,1
2019-06-28 09:56:40.000000000,BEST_BID,"JPM,100471,212"
2019-06-28 09:56:40.000000000,BEST_ASK,"JPM,100496,100"
2019-06-28 09:56:40.000000000,BEST_BID,"JPM,100471,212"
2019-06-28 09:56:40.000000000,BEST_ASK,"JPM,100496,100"
2019-06-28 09:56:40.000000000,BEST_BID,"JPM,100471,212"
2019-06-28 09:56:40.000000000,BEST_ASK,"JPM,100496,100"
2019-06-28 09:56:40.000000000,BEST_BID,"JPM,100471,212"
2019-06-28 09:56:40.000000000,BEST_ASK,"JPM,100496,212"
2019-06-28 09:56:40.000000000,BEST_BID,"JPM,100471,212"
2019-06-28 09:56:40.000000000,BEST_ASK,"JPM,100496,212"
2019-06-28 09:56:40.000000000,BEST_BID,"JPM,100471,212"
2019-06-28 09:56:40.000000000,BEST_ASK,"JPM,100496,212"
2019-06-28 09:56:46.695480012,QUERY_SPREAD,40
2019-06-28 09:56:46.695480012,BEST_BID,"JPM,100471,112"
2019-06-28 09:56:46.695480012,BEST_ASK,"JPM,100496,212"
2019-06-28 09:56:46.695480012,LAST_TRADE,"100,$100471.0000"
2019-06-28 09:56:50.000000000,QUERY_SPREAD,1
2019-06-28 09:56:50.000000000,BEST_BID,"JPM,100207,166"
2019-06-28 09:56:50.000000000,BEST_ASK,"JPM,100496,100"
2019-06-28 09:56:50.000000000,BEST_BID,"JPM,100207,166"
2019-06-28 09:56:50.000000000,BEST_ASK,"JPM,100496,100"
2019-06-28 09:56:50.000000000,BEST_BID,"JPM,100207,166"
2019-06-28 09:56:50.000000000,BEST_ASK,"JPM,100496,100"
2019-06-28 09:56:50.000000000,BEST_BID,"JPM,100207,166"
2019-06-28 09:56:50.000000000,BEST_ASK,"JPM,100496,100"
2019-06-28 09:56:50.000000000,BEST_BID,"JPM,100207,166"
2019-06-28 09:56:50.000000000,BEST_ASK,"JPM,100496,100"
2019-06-28 09:56:50.000000000,BEST_BID,"JPM,100207,166"
2019-06-28 09:56:50.000000000,BEST_ASK,"JPM,100496,166"
2019-06-28 09:56:50.000000000,BEST_BID,"JPM,100207,166"
2019-06-28 09:56:50.000000000,BEST_ASK,"JPM,100496,166"
2019-06-28 09:56:50.000000000,BEST_BID,"JPM,100207,166"
2019-06-28 09:56:50.000000000,BEST_ASK,"JPM,100496,166"
2019-06-28 09:56:50.000000000,BEST_BID,"JPM,100207,166"
2019-06-28 09:56:50.000000000,BEST_ASK,"JPM,100496,166"
2019-06-28 09:56:50.000000000,BEST_BID,"JPM,100207,166"
2019-06-28 09:56:50.000000000,BEST_ASK,"JPM,100496,166"
2019-06-28 09:57:00.000000000,QUERY_SPREAD,1
2019-06-28 09:57:00.000000000,BEST_BID,"JPM,100207,428"
2019-06-28 09:57:00.000000000,BEST_ASK,"JPM,100496,100"
2019-06-28 09:57:00.000000000,BEST_BID,"JPM,100207,428"
2019-06-28 09:57:00.000000000,BEST_ASK,"JPM,100496,428"
2019-06-28 09:57:00.000000000,QUERY_SPREAD,77
2019-06-28 09:57:00.000000000,QUERY_SPREAD,78
2019-06-28 09:57:00.000000000,QUERY_SPREAD,79
2019-06-28 09:57:00.000000000,QUERY_SPREAD,80
2019-06-28 09:57:00.000000000,QUERY_SPREAD,81
2019-06-28 09:57:00.000000000,QUERY_SPREAD,82
2019-06-28 09:57:00.000000000,QUERY_SPREAD,83
2019-06-28 09:57:00.000000000,QUERY_SPREAD,84
2019-06-28 09:57:00.000000000,QUERY_SPREAD,85
2019-06-28 09:57:00.000000000,QUERY_SPREAD,86
2019-06-28 09:57:00.000000000,QUERY_SPREAD,87
2019-06-28 09:57:00.000000000,QUERY_SPREAD,88
2019-06-28 09:57:00.000000000,QUERY_SPREAD,89
2019-06-28 09:57:00.000000000,QUERY_SPREAD,90
2019-06-28 09:57:00.000000000,QUERY_SPREAD,91
2019-06-28 09:57:00.000000000,QUERY_SPREAD,92
2019-06-28 09:57:00.000000000,QUERY_SPREAD,93
2019-06-28 09:57:00.000000000,QUERY_SPREAD,94
2019-06-28 09:57:00.000000000,QUERY_SPREAD,95
2019-06-28 09:57:00.000000000,QUERY_SPREAD,96
2019-06-28 09:57:00.000000000,QUERY_SPREAD,97
2019-06-28 09:57:00.000000000,QUERY_SPREAD,98
2019-06-28 09:57:00.000000000,QUERY_SPREAD,99
2019-06-28 09:57:00.000000000,QUERY_SPREAD,100
2019-06-28 09:57:00.000000000,QUERY_SPREAD,101
2019-06-28 09:57:00.000000000,QUERY_ORDER_STREAM,101
2019-06-28 09:57:09.521781293,QUERY_SPREAD,31
2019-06-28 09:57:09.521781293,BEST_BID,"JPM,100207,328"
2019-06-28 09:57:09.521781293,BEST_ASK,"JPM,100496,428"
2019-06-28 09:57:09.521781293,LAST_TRADE,"100,$100207.0000"
2019-06-28 09:57:09.721288460,QUERY_ORDER_STREAM,61
2019-06-28 09:57:09.721288460,QUERY_SPREAD,61
2019-06-28 09:57:10.000000000,QUERY_SPREAD,1
2019-06-28 09:57:10.000000000,BEST_BID,"JPM,99998,212"
2019-06-28 09:57:10.000000000,BEST_ASK,"JPM,100496,100"
2019-06-28 09:57:10.000000000,BEST_BID,"JPM,99998,212"
2019-06-28 09:57:10.000000000,BEST_ASK,"JPM,100496,100"
2019-06-28 09:57:10.000000000,BEST_BID,"JPM,99998,212"
2019-06-28 09:57:10.000000000,BEST_ASK,"JPM,100496,100"
2019-06-28 09:57:10.000000000,BEST_BID,"JPM,99998,212"
2019-06-28 09:57:10.000000000,BEST_ASK,"JPM,100496,212"
2019-06-28 09:57:10.000000000,BEST_BID,"JPM,99998,212"
2019-06-28 09:57:10.000000000,BEST_ASK,"JPM,100496,212"
2019-06-28 09:57:10.000000000,BEST_BID,"JPM,99998,212"
2019-06-28 09:57:10.000000000,BEST_ASK,"JPM,100496,212"
2019-06-28 09:57:14.562042383,QUERY_SPREAD,41
2019-06-28 09:57:14.562042383,BEST_BID,"JPM,99998,212"
2019-06-28 09:57:14.562042383,BEST_ASK,"JPM,100496,212"
2019-06-28 09:57:15.516463219,QUERY_ORDER_STREAM,75
2019-06-28 09:57:15.516463219,QUERY_SPREAD,75
2019-06-28 09:57:15.516463219,BEST_BID,"JPM,99998,212"
2019-06-28 09:57:15.516463219,BEST_ASK,"JPM,100471,100"
2019-06-28 09:57:19.155139713,QUERY_ORDER_STREAM,70
2019-06-28 09:57:19.155139713,QUERY_SPREAD,70
2019-06-28 09:57:19.155139713,BEST_BID,"JPM,99998,212"
2019-06-28 09:57:19.155139713,BEST_ASK,"JPM,100471,200"
2019-06-28 09:57:20.000000000,QUERY_SPREAD,1
2019-06-28 09:57:20.000000000,BEST_BID,"JPM,99998,264"
2019-06-28 09:57:20.000000000,BEST_ASK,"JPM,100471,200"
2019-06-28 09:57:20.000000000,BEST_BID,"JPM,99998,264"
2019-06-28 09:57:20.000000000,BEST_ASK,"JPM,100471,200"
2019-06-28 09:57:20.000000000,BEST_BID,"JPM,99998,264"
2019-06-28 09:57:20.000000000,BEST_ASK,"JPM,100471,364"
2019-06-28 09:57:20.000000000,BEST_BID,"JPM,99998,264"
2019-06-28 09:57:20.000000000,BEST_ASK,"JPM,100471,364"
2019-06-28 09:57:20.425407834,QUERY_SPREAD,28
2019-06-28 09:57:20.425407834,BEST_BID,"JPM,99998,164"
2019-06-28 09:57:20.425407834,BEST_ASK,"JPM,100471,364"
2019-06-28 09:57:20.425407834,LAST_TRADE,"100,$99998.0000"
2019-06-28 09:57:20.926326484,QUERY_ORDER_STREAM,74
2019-06-28 09:57:20.926326484,QUERY_SPREAD,74
2019-06-28 09:57:21.080250488,QUERY_ORDER_STREAM,53
2019-06-28 09:57:21.080250488,QUERY_SPREAD,53
2019-06-28 09:57:21.080250488,BEST_BID,"JPM,100208,100"
2019-06-28 09:57:21.080250488,BEST_ASK,"JPM,100471,364"
2019-06-28 09:57:30.000000000,QUERY_SPREAD,1
2019-06-28 09:57:30.000000000,BEST_BID,"JPM,100208,428"
2019-06-28 09:57:30.000000000,BEST_ASK,"JPM,100471,200"
2019-06-28 09:57:30.000000000,BEST_BID,"JPM,100208,428"
2019-06-28 09:57:30.000000000,BEST_ASK,"JPM,100471,528"
2019-06-28 09:57:40.000000000,QUERY_SPREAD,1
2019-06-28 09:57:40.000000000,BEST_BID,"JPM,100208,182"
2019-06-28 09:57:40.000000000,BEST_ASK,"JPM,100471,200"
2019-06-28 09:57:40.000000000,BEST_BID,"JPM,100208,182"
2019-06-28 09:57:40.000000000,BEST_ASK,"JPM,100471,200"
2019-06-28 09:57:40.000000000,BEST_BID,"JPM,100208,182"
2019-06-28 09:57:40.000000000,BEST_ASK,"JPM,100471,200"
2019-06-28 09:57:40.000000000,BEST_BID,"JPM,100208,182"
2019-06-28 09:57:40.000000000,BEST_ASK,"JPM,100471,200"
2019-06-28 09:57:40.000000000,BEST_BID,"JPM,100208,182"
2019-06-28 09:57:40.000000000,BEST_ASK,"JPM,100471,282"
2019-06-28 09:57:40.000000000,BEST_BID,"JPM,100208,182"
2019-06-28 09:57:40.000000000,BEST_ASK,"JPM,100471,282"
2019-06-28 09:57:40.000000000,BEST_BID,"JPM,100208,182"
2019-06-28 09:57:40.000000000,BEST_ASK,"JPM,100471,282"
2019-06-28 09:57:40.000000000,BEST_BID,"JPM,100208,182"
2019-06-28 09:57:40.000000000,BEST_ASK,"JPM,100471,282"
2019-06-28 09:57:50.000000000,QUERY_SPREAD,1
2019-06-28 09:57:50.000000000,BEST_BID,"JPM,100208,166"
2019-06-28 09:57:50.000000000,BEST_ASK,"JPM,100471,200"
2019-06-28 09:57:50.000000000,BEST_BID,"JPM,100208,166"
2019-06-28 09:57:50.000000000,BEST_ASK,"JPM,100471,200"
2019-06-28 09:57:50.000000000,BEST_BID,"JPM,100208,166"
2019-06-28 09:57:50.000000000,BEST_ASK,"JPM,100471,200"
2019-06-28 09:57:50.000000000,BEST_BID,"JPM,100208,166"
2019-06-28 09:57:50.000000000,BEST_ASK,"JPM,100471,200"
2019-06-28 09:57:50.000000000,BEST_BID,"JPM,100208,166"
2019-06-28 09:57:50.000000000,BEST_ASK,"JPM,100471,200"
2019-06-28 09:57:50.000000000,BEST_BID,"JPM,100208,166"
2019-06-28 09:57:50.000000000,BEST_ASK,"JPM,100471,266"
2019-06-28 09:57:50.000000000,BEST_BID,"JPM,100208,166"
2019-06-28 09:57:50.000000000,BEST_ASK,"JPM,100471,266"
2019-06-28 09:57:50.000000000,BEST_BID,"JPM,100208,166"
2019-06-28 09:57:50.000000000,BEST_ASK,"JPM,100471,266"
2019-06-28 09:57:50.000000000,BEST_BID,"JPM,100208,166"
2019-06-28 09:57:50.000000000,BEST_ASK,"JPM,100471,266"
2019-06-28 09:57:50.000000000,BEST_BID,"JPM,100208,166"
2019-06-28 09:57:50.000000000,BEST_ASK,"JPM,100471,266"
2019-06-28 09:57:55.815052463,QUERY_SPREAD,24
2019-06-28 09:57:55.815052463,BEST_BID,"JPM,100208,66"
2019-06-28 09:57:55.815052463,BEST_ASK,"JPM,100471,266"
2019-06-28 09:57:55.815052463,LAST_TRADE,"100,$100208.0000"
2019-06-28 09:58:00.000000000,QUERY_SPREAD,1
2019-06-28 09:58:00.000000000,BEST_BID,"JPM,99922,428"
2019-06-28 09:58:00.000000000,BEST_ASK,"JPM,100471,200"
2019-06-28 09:58:00.000000000,BEST_BID,"JPM,99922,428"
2019-06-28 09:58:00.000000000,BEST_ASK,"JPM,100471,528"
2019-06-28 09:58:00.000000000,QUERY_SPREAD,77
2019-06-28 09:58:00.000000000,QUERY_SPREAD,78
2019-06-28 09:58:00.000000000,QUERY_SPREAD,79
2019-06-28 09:58:00.000000000,QUERY_SPREAD,80
2019-06-28 09:58:00.000000000,QUERY_SPREAD,81
2019-06-28 09:58:00.000000000,QUERY_SPREAD,82
2019-06-28 09:58:00.000000000,QUERY_SPREAD,83
2019-06-28 09:58:00.000000000,QUERY_SPREAD,84
2019-06-28 09:58:00.000000000,QUERY_SPREAD,85
2019-06-28 09:58:00.000000000,QUERY_SPREAD,86
2019-06-28 09:58:00.000000000,QUERY_SPREAD,87
2019-06-28 09:58:00.000000000,QUERY_SPREAD,88
2019-06-28 09:58:00.000000000,QUERY_SPREAD,89
2019-06-28 09:58:00.000000000,QUERY_SPREAD,90
2019-06-28 09:58:00.000000000,QUERY_SPREAD,91
2019-06-28 09:58:00.000000000,QUERY_SPREAD,92
2019-06-28 09:58:00.000000000,QUERY_SPREAD,93
2019-06-28 09:58:00.000000000,QUERY_SPREAD,94
2019-06-28 09:58:00.000000000,QUERY_SPREAD,95
2019-06-28 09:58:00.000000000,QUERY_SPREAD,96
2019-06-28 09:58:00.000000000,QUERY_SPREAD,97
2019-06-28 09:58:00.000000000,QUERY_SPREAD,98
2019-06-28 09:58:00.000000000,QUERY_SPREAD,99
2019-06-28 09:58:00.000000000,QUERY_SPREAD,100
2019-06-28 09:58:00.000000000,QUERY_SPREAD,101
2019-06-28 09:58:00.000000000,QUERY_ORDER_STREAM,101
2019-06-28 09:58:04.323194758,QUERY_SPREAD,8
2019-06-28 09:58:04.323194758,BEST_BID,"JPM,99922,428"
2019-06-28 09:58:04.323194758,BEST_ASK,"JPM,100471,528"
2019-06-28 09:58:04.429360701,QUERY_SPREAD,43
2019-06-28 09:58:04.429360701,BEST_BID,"JPM,99922,328"
2019-06-28 09:58:04.429360701,BEST_ASK,"JPM,100471,528"
2019-06-28 09:58:04.429360701,LAST_TRADE,"100,$99922.0000"
2019-06-28 09:58:10.000000000,QUERY_SPREAD,1
2019-06-28 09:58:10.000000000,BEST_BID,"JPM,99886,428"
2019-06-28 09:58:10.000000000,BEST_ASK,"JPM,100471,200"
2019-06-28 09:58:10.000000000,BEST_BID,"JPM,99886,428"
2019-06-28 09:58:10.000000000,BEST_ASK,"JPM,100471,528"
2019-06-28 09:58:19.021238012,QUERY_SPREAD,5
2019-06-28 09:58:19.021238012,BEST_BID,"JPM,99886,428"
2019-06-28 09:58:19.021238012,BEST_ASK,"JPM,100471,528"
2019-06-28 09:58:20.000000000,QUERY_SPREAD,1
2019-06-28 09:58:20.000000000,BEST_BID,"JPM,99886,212"
2019-06-28 09:58:20.000000000,BEST_ASK,"JPM,100471,200"
2019-06-28 09:58:20.000000000,BEST_BID,"JPM,99886,212"
2019-06-28 09:58:20.000000000,BEST_ASK,"JPM,100471,200"
2019-06-28 09:58:20.000000000,BEST_BID,"JPM,99886,212"
2019-06-28 09:58:20.000000000,BEST_ASK,"JPM,100471,200"
2019-06-28 09:58:20.000000000,BEST_BID,"JPM,99886,212"
2019-06-28 09:58:20.000000000,BEST_ASK,"JPM,100471,312"
2019-06-28 09:58:20.000000000,BEST_BID,"JPM,99886,212"
2019-06-28 09:58:20.000000000,BEST_ASK,"JPM,100471,312"
2019-06-28 09:58:20.000000000,BEST_BID,"JPM,99886,212"
2019-06-28 09:58:20.000000000,BEST_ASK,"JPM,100471,312"
2019-06-28 09:58:22.621129022,QUERY_SPREAD,49
2019-06-28 09:58:22.621129022,BEST_BID,"JPM,99886,212"
2019-06-28 09:58:22.621129022,BEST_ASK,"JPM,100471,312"
2019-06-28 09:58:30.000000000,QUERY_SPREAD,1
2019-06-28 09:58:30.000000000,BEST_BID,"JPM,99886,166"
2019-06-28 09:58:30.000000000,BEST_ASK,"JPM,100471,200"
2019-06-28 09:58:30.000000000,BEST_BID,"JPM,99886,166"
2019-06-28 09:58:30.000000000,BEST_ASK,"JPM,100471,200"
2019-06-28 09:58:30.000000000,BEST_BID,"JPM,99886,166"
2019-06-28 09:58:30.000000000,BEST_ASK,"JPM,100471,200"
2019-06-28 09:58:30.000000000,BEST_BID,"JPM,99886,166"
2019-06-28 09:58:30.000000000,BEST_ASK,"JPM,100471,200"
2019-06-28 09:58:30.000000000,BEST_BID,"JPM,99886,166"
2019-06-28 09:58:30.000000000,BEST_ASK,"JPM,100471,200"
2019-06-28 09:58:30.000000000,BEST_BID,"JPM,99886,166"
2019-06-28 09:58:30.000000000,BEST_ASK,"JPM,100471,266"
2019-06-28 09:58:30.000000000,BEST_BID,"JPM,99886,166"
2019-06-28 09:58:30.000000000,BEST_ASK,"JPM,100471,266"
2019-06-28 09:58:30.000000000,BEST_BID,"JPM,99886,166"
2019-06-28 09:58:30.000000000,BEST_ASK,"JPM,100471,266"
2019-06-28 09:58:30.000000000,BEST_BID,"JPM,99886,166"
2019-06-28 09:58:30.000000000,BEST_ASK,"JPM,100471,266"
2019-06-28 09:58:30.000000000,BEST_BID,"JPM,99886,166"
2019-06-28 09:58:30.000000000,BEST_ASK,"JPM,100471,266"
2019-06-28 09:58:40.000000000,QUERY_SPREAD,1
2019-06-28 09:58:40.000000000,BEST_BID,"JPM,99886,166"
2019-06-28 09:58:40.000000000,BEST_ASK,"JPM,100471,200"
2019-06-28 09:58:40.000000000,BEST_BID,"JPM,99886,166"
2019-06-28 09:58:40.000000000,BEST_ASK,"JPM,100471,200"
2019-06-28 09:58:40.000000000,BEST_BID,"JPM,99886,166"
2019-06-28 09:58:40.000000000,BEST_ASK,"JPM,100471,200"
2019-06-28 09:58:40.000000000,BEST_BID,"JPM,99886,166"
2019-06-28 09:58:40.000000000,BEST_ASK,"JPM,100471,200"
2019-06-28 09:58:40.000000000,BEST_BID,"JPM,99886,166"
2019-06-28 09:58:40.000000000,BEST_ASK,"JPM,100471,200"
2019-06-28 09:58:40.000000000,BEST_BID,"JPM,99886,166"
2019-06-28 09:58:40.000000000,BEST_ASK,"JPM,100471,266"
2019-06-28 09:58:40.000000000,BEST_BID,"JPM,99886,166"
2019-06-28 09:58:40.000000000,BEST_ASK,"JPM,100471,266"
2019-06-28 09:58:40.000000000,BEST_BID,"JPM,99886,166"
2019-06-28 09:58:40.000000000,BEST_ASK,"JPM,100471,266"
2019-06-28 09:58:40.000000000,BEST_BID,"JPM,99886,166"
2019-06-28 09:58:40.000000000,BEST_ASK,"JPM,100471,266"
2019-06-28 09:58:40.000000000,BEST_BID,"JPM,99886,166"
2019-06-28 09:58:40.000000000,BEST_ASK,"JPM,100471,266"
2019-06-28 09:58:42.164046852,QUERY_SPREAD,47
2019-06-28 09:58:42.164046852,BEST_BID,"JPM,99886,166"
2019-06-28 09:58:42.164046852,BEST_ASK,"JPM,100471,266"
2019-06-28 09:58:46.841302392,QUERY_ORDER_STREAM,72
2019-06-28 09:58:46.841302392,QUERY_SPREAD,72
2019-06-28 09:58:47.902803443,QUERY_SPREAD,45
2019-06-28 09:58:47.902803443,BEST_BID,"JPM,99886,166"
2019-06-28 09:58:47.902803443,BEST_ASK,"JPM,100471,266"
2019-06-28 09:58:50.000000000,QUERY_SPREAD,1
2019-06-28 09:58:50.000000000,BEST_BID,"JPM,99886,182"
2019-06-28 09:58:50.000000000,BEST_ASK,"JPM,100471,200"
2019-06-28 09:58:50.000000000,BEST_BID,"JPM,99886,182"
2019-06-28 09:58:50.000000000,BEST_ASK,"JPM,100471,200"
2019-06-28 09:58:50.000000000,BEST_BID,"JPM,99886,182"
2019-06-28 09:58:50.000000000,BEST_ASK,"JPM,100471,200"
2019-06-28 09:58:50.000000000,BEST_BID,"JPM,99886,182"
2019-06-28 09:58:50.000000000,BEST_ASK,"JPM,100471,200"
2019-06-28 09:58:50.000000000,BEST_BID,"JPM,99886,182"
2019-06-28 09:58:50.000000000,BEST_ASK,"JPM,100471,282"
2019-06-28 09:58:50.000000000,BEST_BID,"JPM,99886,182"
2019-06-28 09:58:50.000000000,BEST_ASK,"JPM,100471,282"
2019-06-28 09:58:50.000000000,BEST_BID,"JPM,99886,182"
2019-06-28 09:58:50.000000000,BEST_ASK,"JPM,100471,282"
2019-06-28 09:58:50.000000000,BEST_BID,"JPM,99886,182"
2019-06-28 09:58:50.000000000,BEST_ASK,"JPM,100471,282"
2019-06-28 09:58:54.939213532,QUERY_SPREAD,41
2019-06-28 09:58:54.939213532,BEST_BID,"JPM,99886,182"
2019-06-28 09:58:54.939213532,BEST_ASK,"JPM,100471,282"
2019-06-28 09:58:55.032577786,QUERY_SPREAD,36
2019-06-28 09:58:55.032577786,BEST_BID,"JPM,99886,182"
2019-06-28 09:58:55.032577786,BEST_ASK,"JPM,100471,282"
2019-06-28 09:59:00.000000000,QUERY_SPREAD,1
2019-06-28 09:59:00.000000000,BEST_BID,"JPM,99886,212"
2019-06-28 09:59:00.000000000,BEST_ASK,"JPM,100471,200"
2019-06-28 09:59:00.000000000,BEST_BID,"JPM,99886,212"
2019-06-28 09:59:00.000000000,BEST_ASK,"JPM,100471,200"
2019-06-28 09:59:00.000000000,BEST_BID,"JPM,99886,212"
2019-06-28 09:59:00.000000000,BEST_ASK,"JPM,100471,200"
2019-06-28 09:59:00.000000000,BEST_BID,"JPM,99886,212"
2019-06-28 09:59:00.000000000,BEST_ASK,"JPM,100471,312"
2019-06-28 09:59:00.000000000,BEST_BID,"JPM,99886,212"
2019-06-28 09:59:00.000000000,BEST_ASK,"JPM,100471,312"
2019-06-28 09:59:00.000000000,BEST_BID,"JPM,99886,212"
2019-06-28 09:59:00.000000000,BEST_ASK,"JPM,100471,312"
2019-06-28 09:59:00.000000000,QUERY_SPREAD,77
2019-06-28 09:59:00.000000000,QUERY_SPREAD,78
2019-06-28 09:59:00.000000000,QUERY_SPREAD,79
2019-06-28 09:59:00.000000000,QUERY_SPREAD,80
2019-06-28 09:59:00.000000000,QUERY_SPREAD,81
2019-06-28 09:59:00.000000000,QUERY_SPREAD,82
2019-06-28 09:59:00.000000000,QUERY_SPREAD,83
2019-06-28 09:59:00.000000000,QUERY_SPREAD,84
2019-06-28 09:59:00.000000000,QUERY_SPREAD,85
2019-06-28 09:59:00.000000000,QUERY_SPREAD,86
2019-06-28 09:59:00.000000000,QUERY_SPREAD,87
2019-06-28 09:59:00.000000000,QUERY_SPREAD,88
2019-06-28 09:59:00.000000000,QUERY_SPREAD,89
2019-06-28 09:59:00.000000000,QUERY_SPREAD,90
2019-06-28 09:59:00.000000000,QUERY_SPREAD,91
2019-06-28 09:59:00.000000000,QUERY_SPREAD,92
2019-06-28 09:59:00.000000000,QUERY_SPREAD,93
2019-06-28 09:59:00.000000000,QUERY_SPREAD,94
2019-06-28 09:59:00.000000000,QUERY_SPREAD,95
2019-06-28 09:59:00.000000000,QUERY_SPREAD,96
2019-06-28 09:59:00.000000000,QUERY_SPREAD,97
2019-06-28 09:59:00.000000000,QUERY_SPREAD,98
2019-06-28 09:59:00.000000000,QUERY_SPREAD,99
2019-06-28 09:59:00.000000000,QUERY_SPREAD,100
2019-06-28 09:59:00.000000000,QUERY_SPREAD,101
2019-06-28 09:59:00.000000000,QUERY_ORDER_STREAM,101
2019-06-28 09:59:09.801734966,QUERY_SPREAD,8
2019-06-28 09:59:09.801734966,BEST_BID,"JPM,99886,112"
2019-06-28 09:59:09.801734966,BEST_ASK,"JPM,100471,312"
2019-06-28 09:59:09.801734966,LAST_TRADE,"100,$99886.0000"
2019-06-28 09:59:10.000000000,QUERY_SPREAD,1
2019-06-28 09:59:10.000000000,BEST_BID,"JPM,99852,166"
2019-06-28 09:59:10.000000000,BEST_ASK,"JPM,100471,200"
2019-06-28 09:59:10.000000000,BEST_BID,"JPM,99852,166"
2019-06-28 09:59:10.000000000,BEST_ASK,"JPM,100471,200"
2019-06-28 09:59:10.000000000,BEST_BID,"JPM,99852,166"
2019-06-28 09:59:10.000000000,BEST_ASK,"JPM,100471,200"
2019-06-28 09:59:10.000000000,BEST_BID,"JPM,99852,166"
2019-06-28 09:59:10.000000000,BEST_ASK,"JPM,100471,200"
2019-06-28 09:59:10.000000000,BEST_BID,"JPM,99852,166"
2019-06-28 09:59:10.000000000,BEST_ASK,"JPM,100471,200"
2019-06-28 09:59:10.000000000,BEST_BID,"JPM,99852,166"
2019-06-28 09:59:10.000000000,BEST_ASK,"JPM,100471,266"
2019-06-28 09:59:10.000000000,BEST_BID,"JPM,99852,166"
2019-06-28 09:59:10.000000000,BEST_ASK,"JPM,100471,266"
2019-06-28 09:59:10.000000000,BEST_BID,"JPM,99852,166"
2019-06-28 09:59:10.000000000,BEST_ASK,"JPM,100471,266"
2019-06-28 09:59:10.000000000,BEST_BID,"JPM,99852,166"
2019-06-28 09:59:10.000000000,BEST_ASK,"JPM,100471,266"
2019-06-28 09:59:10.000000000,BEST_BID,"JPM,99852,166"
2019-06-28 09:59:10.000000000,BEST_ASK,"JPM,100471,266"
2019-06-28 09:59:18.088332287,QUERY_SPREAD,6
2019-06-28 09:59:18.088332287,BEST_BID,"JPM,99852,166"
2019-06-28 09:59:18.088332287,BEST_ASK,"JPM,100471,266"
2019-06-28 09:59:20.000000000,QUERY_SPREAD,1
2019-06-28 09:59:20.000000000,BEST_BID,"JPM,99852,166"
2019-06-28 09:59:20.000000000,BEST_ASK,"JPM,100471,200"
2019-06-28 09:59:20.000000000,BEST_BID,"JPM,99852,166"
2019-06-28 09:59:20.000000000,BEST_ASK,"JPM,100471,200"
2019-06-28 09:59:20.000000000,BEST_BID,"JPM,99852,166"
2019-06-28 09:59:20.000000000,BEST_ASK,"JPM,100471,200"
2019-06-28 09:59:20.000000000,BEST_BID,"JPM,99852,166"
2019-06-28 09:59:20.000000000,BEST_ASK,"JPM,100471,200"
2019-06-28 09:59:20.000000000,BEST_BID,"JPM,99852,166"
2019-06-28 09:59:20.000000000,BEST_ASK,"JPM,100471,200"
2019-06-28 09:59:20.000000000,BEST_BID,"JPM,99852,166"
2019-06-28 09:59:20.000000000,BEST_ASK,"JPM,100471,266"
2019-06-28 09:59:20.000000000,BEST_BID,"JPM,99852,166"
2019-06-28 09:59:20.000000000,BEST_ASK,"JPM,100471,266"
2019-06-28 09:59:20.000000000,BEST_BID,"JPM,99852,166"
2019-06-28 09:59:20.000000000,BEST_ASK,"JPM,100471,266"
2019-06-28 09:59:20.000000000,BEST_BID,"JPM,99852,166"
2019-06-28 09:59:20.000000000,BEST_ASK,"JPM,100471,266"
2019-06-28 09:59:20.000000000,BEST_BID,"JPM,99852,166"
2019-06-28 09:59:20.000000000,BEST_ASK,"JPM,100471,266"
2019-06-28 09:59:30.000000000,QUERY_SPREAD,1
2019-06-28 09:59:30.000000000,BEST_BID,"JPM,99852,428"
2019-06-28 09:59:30.000000000,BEST_ASK,"JPM,100471,200"
2019-06-28 09:59:30.000000000,BEST_BID,"JPM,99852,428"
2019-06-28 09:59:30.000000000,BEST_ASK,"JPM,100471,528"
2019-06-28 09:59:34.329792918,QUERY_SPREAD,48
2019-06-28 09:59:34.329792918,BEST_BID,"JPM,99852,328"
2019-06-28 09:59:34.329792918,BEST_ASK,"JPM,100471,528"
2019-06-28 09:59:34.329792918,LAST_TRADE,"100,$99852.0000"
2019-06-28 09:59:40.000000000,QUERY_SPREAD,1
2019-06-28 09:59:40.000000000,BEST_BID,"JPM,99794,182"
2019-06-28 09:59:40.000000000,BEST_ASK,"JPM,100471,200"
2019-06-28 09:59:40.000000000,BEST_BID,"JPM,99794,182"
2019-06-28 09:59:40.000000000,BEST_ASK,"JPM,100471,200"
2019-06-28 09:59:40.000000000,BEST_BID,"JPM,99794,182"
2019-06-28 09:59:40.000000000,BEST_ASK,"JPM,100471,200"
2019-06-28 09:59:40.000000000,BEST_BID,"JPM,99794,182"
2019-06-28 09:59:40.000000000,BEST_ASK,"JPM,100471,200"
2019-06-28 09:59:40.000000000,BEST_BID,"JPM,99794,182"
2019-06-28 09:59:40.000000000,BEST_ASK,"JPM,100471,282"
2019-06-28 09:59:40.000000000,BEST_BID,"JPM,99794,182"
2019-06-28 09:59:40.000000000,BEST_ASK,"JPM,100471,282"
2019-06-28 09:59:40.000000000,BEST_BID,"JPM,99794,182"
2019-06-28 09:59:40.000000000,BEST_ASK,"JPM,100471,282"
2019-06-28 09:59:40.000000000,BEST_BID,"JPM,99794,182"
2019-06-28 09:59:40.000000000,BEST_ASK,"JPM,100471,282"
2019-06-28 09:59:48.754709303,QUERY_SPREAD,40
2019-06-28 09:59:48.754709303,BEST_BID,"JPM,99794,182"
2019-06-28 09:59:48.754709303,BEST_ASK,"JPM,100074,100"
2019-06-28 09:59:50.000000000,QUERY_SPREAD,1
2019-06-28 09:59:50.000000000,BEST_BID,"JPM,99794,166"
2019-06-28 09:59:50.000000000,BEST_ASK,"JPM,100074,100"
2019-06-28 09:59:50.000000000,BEST_BID,"JPM,99794,166"
2019-06-28 09:59:50.000000000,BEST_ASK,"JPM,100074,100"
2019-06-28 09:59:50.000000000,BEST_BID,"JPM,99794,166"
2019-06-28 09:59:50.000000000,BEST_ASK,"JPM,100074,100"
2019-06-28 09:59:50.000000000,BEST_BID,"JPM,99794,166"
2019-06-28 09:59:50.000000000,BEST_ASK,"JPM,100074,100"
2019-06-28 09:59:50.000000000,BEST_BID,"JPM,99794,166"
2019-06-28 09:59:50.000000000,BEST_ASK,"JPM,100074,100"
2019-06-28 09:59:50.000000000,BEST_BID,"JPM,99794,166"
2019-06-28 09:59:50.000000000,BEST_ASK,"JPM,100074,166"
2019-06-28 09:59:50.000000000,BEST_BID,"JPM,99794,166"
2019-06-28 09:59:50.000000000,BEST_ASK,"JPM,100074,166"
2019-06-28 09:59:50.000000000,BEST_BID,"JPM,99794,166"
2019-06-28 09:59:50.000000000,BEST_ASK,"JPM,100074,166"
2019-06-28 09:59:50.000000000,BEST_BID,"JPM,99794,166"
2019-06-28 09:59:50.000000000,BEST_ASK,"JPM,100074,166"
2019-06-28 09:59:50.000000000,BEST_BID,"JPM,99794,166"
2019-06-28 09:59:50.000000000,BEST_ASK,"JPM,100074,166"
2019-06-28 09:59:57.756909798,QUERY_SPREAD,34
2019-06-28 09:59:57.756909798,BEST_BID,"JPM,99794,166"
2019-06-28 09:59:57.756909798,BEST_ASK,"JPM,99963,100"
2019-06-28 10:00:00.000000000,QUERY_SPREAD,1
2019-06-28 10:00:00.000000000,BEST_BID,"JPM,99794,212"
2019-06-28 10:00:00.000000000,BEST_ASK,"JPM,99963,100"
2019-06-28 10:00:00.000000000,BEST_BID,"JPM,99794,212"
2019-06-28 10:00:00.000000000,BEST_ASK,"JPM,99963,100"
2019-06-28 10:00:00.000000000,BEST_BID,"JPM,99794,212"
2019-06-28 10:00:00.000000000,BEST_ASK,"JPM,99963,100"
2019-06-28 10:00:00.000000000,BEST_BID,"JPM,99794,212"
2019-06-28 10:00:00.000000000,BEST_ASK,"JPM,99963,212"
2019-06-28 10:00:00.000000000,BEST_BID,"JPM,99794,212"
2019-06-28 10:00:00.000000000,BEST_ASK,"JPM,99963,212"
2019-06-28 10:00:00.000000000,BEST_BID,"JPM,99794,212"
2019-06-28 10:00:00.000000000,BEST_ASK,"JPM,99963,212"
2019-06-28 10:00:00.000000000,QUERY_SPREAD,77
2019-06-28 10:00:00.000000000,QUERY_SPREAD,78
2019-06-28 10:00:00.000000000,QUERY_SPREAD,79
2019-06-28 10:00:00.000000000,QUERY_SPREAD,80
2019-06-28 10:00:00.000000000,QUERY_SPREAD,81
2019-06-28 10:00:00.000000000,QUERY_SPREAD,82
2019-06-28 10:00:00.000000000,QUERY_SPREAD,83
2019-06-28 10:00:00.000000000,QUERY_SPREAD,84
2019-06-28 10:00:00.000000000,QUERY_SPREAD,85
2019-06-28 10:00:00.000000000,QUERY_SPREAD,86
2019-06-28 10:00:00.000000000,QUERY_SPREAD,87
2019-06-28 10:00:00.000000000,QUERY_SPREAD,88
2019-06-28 10:00:00.000000000,QUERY_SPREAD,89
2019-06-28 10:00:00.000000000,QUERY_SPREAD,90
2019-06-28 10:00:00.000000000,QUERY_SPREAD,91
2019-06-28 10:00:00.000000000,QUERY_SPREAD,92
2019-06-28 10:00:00.000000000,QUERY_SPREAD,93
2019-06-28 10:00:00.000000000,QUERY_SPREAD,94
2019-06-28 10:00:00.000000000,QUERY_SPREAD,95
2019-06-28 10:00:00.000000000,QUERY_SPREAD,96
2019-06-28 10:00:00.000000000,QUERY_SPREAD,97
2019-06-28 10:00:00.000000000,QUERY_SPREAD,98
2019-06-28 10:00:00.000000000,QUERY_SPREAD,99
2019-06-28 10:00:00.000000000,QUERY_SPREAD,100
2019-06-28 10:00:00.000000000,QUERY_SPREAD,101
2019-06-28 10:00:00.000000000,QUERY_ORDER_STREAM,101
2019-06-28 10:00:10.000000000,QUERY_SPREAD,1
2019-06-28 10:00:10.000000000,BEST_BID,"JPM,99794,166"
2019-06-28 10:00:10.000000000,BEST_ASK,"JPM,99963,100"
2019-06-28 10:00:10.000000000,BEST_BID,"JPM,99794,166"
2019-06-28 10:00:10.000000000,BEST_ASK,"JPM,99963,100"
2019-06-28 10:00:10.000000000,BEST_BID,"JPM,99794,166"
2019-06-28 10:00:10.000000000,BEST_ASK,"JPM,99963,100"
2019-06-28 10:00:10.000000000,BEST_BID,"JPM,99794,166"
2019-06-28 10:00:10.000000000,BEST_ASK,"JPM,99963,100"
2019-06-28 10:00:10.000000000,BEST_BID,"JPM,99794,166"
2019-06-28 10:00:10.000000000,BEST_ASK,"JPM,99963,100"
2019-06-28 10:00:10.000000000,BEST_BID,"JPM,99794,166"
2019-06-28 10:00:10.000000000,BEST_ASK,"JPM,99963,166"
2019-06-28 10:00:10.000000000,BEST_BID,"JPM,99794,166"
2019-06-28 10:00:10.000000000,BEST_ASK,"JPM,99963,166"
2019-06-28 10:00:10.000000000,BEST_BID,"JPM,99794,166"
2019-06-28 10:00:10.000000000,BEST_ASK,"JPM,99963,166"
2019-06-28 10:00:10.000000000,BEST_BID,"JPM,99794,166"
2019-06-28 10:00:10.000000000,BEST_ASK,"JPM,99963,166"
2019-06-28 10:00:10.000000000,BEST_BID,"JPM,99794,166"
2019-06-28 10:00:10.000000000,BEST_ASK,"JPM,99963,166"
2019-06-28 10:00:14.620307781,QUERY_SPREAD,11
2019-06-28 10:00:14.620307781,BEST_BID,"JPM,99794,166"
2019-06-28 10:00:14.620307781,BEST_ASK,"JPM,99874,100"
2019-06-28 10:00:20.000000000,QUERY_SPREAD,1
2019-06-28 10:00:20.000000000,BEST_BID,"JPM,99794,212"
2019-06-28 10:00:20.000000000,BEST_ASK,"JPM,99874,100"
2019-06-28 10:00:20.000000000,BEST_BID,"JPM,99794,212"
2019-06-28 10:00:20.000000000,BEST_ASK,"JPM,99874,100"
2019-06-28 10:00:20.000000000,BEST_BID,"JPM,99794,212"
2019-06-28 10:00:20.000000000,BEST_ASK,"JPM,99874,100"
2019-06-28 10:00:20.000000000,BEST_BID,"JPM,99794,212"
2019-06-28 10:00:20.000000000,BEST_ASK,"JPM,99874,212"
2019-06-28 10:00:20.000000000,BEST_BID,"JPM,99794,212"
2019-06-28 10:00:20.000000000,BEST_ASK,"JPM,99874,212"
2019-06-28 10:00:20.000000000,BEST_BID,"JPM,99794,212"
2019-06-28 10:00:20.000000000,BEST_ASK,"JPM,99874,212"
2019-06-28 10:00:26.690184073,QUERY_ORDER_STREAM,72
2019-06-28 10:00:26.690184073,QUERY_SPREAD,72
2019-06-28 10:00:26.690184073,BEST_BID,"JPM,99853,100"
2019-06-28 10:00:26.690184073,BEST_ASK,"JPM,99874,212"
2019-06-28 10:00:30.000000000,QUERY_SPREAD,1
2019-06-28 10:00:30.000000000,BEST_BID,"JPM,99853,166"
2019-06-28 10:00:30.000000000,BEST_ASK,"JPM,99874,100"
2019-06-28 10:00:30.000000000,BEST_BID,"JPM,99853,166"
2019-06-28 10:00:30.000000000,BEST_ASK,"JPM,99874,100"
2019-06-28 10:00:30.000000000,BEST_BID,"JPM,99853,166"
2019-06-28 10:00:30.000000000,BEST_ASK,"JPM,99874,100"
2019-06-28 10:00:30.000000000,BEST_BID,"JPM,99853,166"
2019-06-28 10:00:30.000000000,BEST_ASK,"JPM,99874,100"
2019-06-28 10:00:30.000000000,BEST_BID,"JPM,99853,166"
2019-06-28 10:00:30.000000000,BEST_ASK,"JPM,99874,100"
2019-06-28 10:00:30.000000000,BEST_BID,"JPM,99853,166"
2019-06-28 10:00:30.000000000,BEST_ASK,"JPM,99874,166"
2019-06-28 10:00:30.000000000,BEST_BID,"JPM,99853,166"
2019-06-28 10:00:30.000000000,BEST_ASK,"JPM,99874,166"
2019-06-28 10:00:30.000000000,BEST_BID,"JPM,99853,166"
2019-06-28 10:00:30.000000000,BEST_ASK,"JPM,99874,166"
2019-06-28 10:00:30.000000000,BEST_BID,"JPM,99853,166"
2019-06-28 10:00:30.000000000,BEST_ASK,"JPM,99874,166"
2019-06-28 10:00:30.000000000,BEST_BID,"JPM,99853,166"
2019-06-28 10:00:30.000000000,BEST_ASK,"JPM,99874,166"
2019-06-28 10:00:34.308325056,QUERY_SPREAD,24
2019-06-28 10:00:34.308325056,BEST_BID,"JPM,99853,166"
2019-06-28 10:00:34.308325056,BEST_ASK,"JPM,99874,166"
2019-06-28 10:00:37.719080576,QUERY_SPREAD,5
2019-06-28 10:00:37.719080576,BEST_BID,"JPM,99853,166"
2019-06-28 10:00:37.719080576,BEST_ASK,"JPM,99874,166"
2019-06-28 10:00:40.000000000,QUERY_SPREAD,1
2019-06-28 10:00:40.000000000,BEST_BID,"JPM,99853,212"
2019-06-28 10:00:40.000000000,BEST_ASK,"JPM,99874,100"
2019-06-28 10:00:40.000000000,BEST_BID,"JPM,99853,212"
2019-06-28 10:00:40.000000000,BEST_ASK,"JPM,99874,100"
2019-06-28 10:00:40.000000000,BEST_BID,"JPM,99853,212"
2019-06-28 10:00:40.000000000,BEST_ASK,"JPM,99874,100"
2019-06-28 10:00:40.000000000,BEST_BID,"JPM,99853,212"
2019-06-28 10:00:40.000000000,BEST_ASK,"JPM,99874,212"
2019-06-28 10:00:40.000000000,BEST_BID,"JPM,99853,212"
2019-06-28 10:00:40.000000000,BEST_ASK,"JPM,99874,212"
2019-06-28 10:00:40.000000000,BEST_BID,"JPM,99853,212"
2019-06-28 10:00:40.000000000,BEST_ASK,"JPM,99874,212"
2019-06-28 10:00:48.383874735,QUERY_SPREAD,15
2019-06-28 10:00:48.383874735,BEST_BID,"JPM,99853,212"
2019-06-28 10:00:48.383874735,BEST_ASK,"JPM,99874,212"
2019-06-28 10:00:50.000000000,QUERY_SPREAD,1
2019-06-28 10:00:50.000000000,BEST_BID,"JPM,99853,182"
2019-06-28 10:00:50.000000000,BEST_ASK,"JPM,99874,100"
2019-06-28 10:00:50.000000000,BEST_BID,"JPM,99853,182"
2019-06-28 10:00:50.000000000,BEST_ASK,"JPM,99874,100"
2019-06-28 10:00:50.000000000,BEST_BID,"JPM,99853,182"
2019-06-28 10:00:50.000000000,BEST_ASK,"JPM,99874,100"
2019-06-28 10:00:50.000000000,BEST_BID,"JPM,99853,182"
2019-06-28 10:00:50.000000000,BEST_ASK,"JPM,99874,100"
2019-06-28 10:00:50.000000000,BEST_BID,"JPM,99853,182"
2019-06-28 10:00:50.000000000,BEST_ASK,"JPM,99874,182"
2019-06-28 10:00:50.000000000,BEST_BID,"JPM,99853,182"
2019-06-28 10:00:50.000000000,BEST_ASK,"JPM,99874,182"
2019-06-28 10:00:50.000000000,BEST_BID,"JPM,99853,182"
2019-06-28 10:00:50.000000000,BEST_ASK,"JPM,99874,182"
2019-06-28 10:00:50.000000000,BEST_BID,"JPM,99853,182"
2019-06-28 10:00:50.000000000,BEST_ASK,"JPM,99874,182"
2019-06-28 10:00:54.317157292,QUERY_SPREAD,34
2019-06-28 10:00:54.317157292,BEST_BID,"JPM,99853,82"
2019-06-28 10:00:54.317157292,BEST_ASK,"JPM,99874,182"
2019-06-28 10:00:54.317157292,LAST_TRADE,"100,$99853.0000"
2019-06-28 10:01:00.000000000,QUERY_SPREAD,1
2019-06-28 10:01:00.000000000,BEST_BID,"JPM,99830,428"
2019-06-28 10:01:00.000000000,BEST_ASK,"JPM,99874,100"
2019-06-28 10:01:00.000000000,BEST_BID,"JPM,99830,428"
2019-06-28 10:01:00.000000000,BEST_ASK,"JPM,99874,428"
2019-06-28 10:01:00.000000000,QUERY_SPREAD,77
2019-06-28 10:01:00.000000000,QUERY_SPREAD,78
2019-06-28 10:01:00.000000000,QUERY_SPREAD,79
2019-06-28 10:01:00.000000000,QUERY_SPREAD,80
2019-06-28 10:01:00.000000000,QUERY_SPREAD,81
2019-06-28 10:01:00.000000000,QUERY_SPREAD,82
2019-06-28 10:01:00.000000000,QUERY_SPREAD,83
2019-06-28 10:01:00.000000000,QUERY_SPREAD,84
2019-06-28 10:01:00.000000000,QUERY_SPREAD,85
2019-06-28 10:01:00.000000000,QUERY_SPREAD,86
2019-06-28 10:01:00.000000000,QUERY_SPREAD,87
2019-06-28 10:01:00.000000000,QUERY_SPREAD,88
2019-06-28 10:01:00.000000000,QUERY_SPREAD,89
2019-06-28 10:01:00.000000000,QUERY_SPREAD,90
2019-06-28 10:01:00.000000000,QUERY_SPREAD,91
2019-06-28 10:01:00.000000000,QUERY_SPREAD,92
2019-06-28 10:01:00.000000000,QUERY_SPREAD,93
2019-06-28 10:01:00.000000000,QUERY_SPREAD,94
2019-06-28 10:01:00.000000000,QUERY_SPREAD,95
2019-06-28 10:01:00.000000000,QUERY_SPREAD,96
2019-06-28 10:01:00.000000000,QUERY_SPREAD,97
2019-06-28 10:01:00.000000000,QUERY_SPREAD,98
2019-06-28 10:01:00.000000000,QUERY_SPREAD,99
2019-06-28 10:01:00.000000000,QUERY_SPREAD,100
2019-06-28 10:01:00.000000000,QUERY_SPREAD,101
2019-06-28 10:01:00.000000000,QUERY_ORDER_STREAM,101
2019-06-28 10:01:00.359259115,QUERY_SPREAD,8
2019-06-28 10:01:00.359259115,BEST_BID,"JPM,99830,428"
2019-06-28 10:01:00.359259115,BEST_ASK,"JPM,99874,328"
2019-06-28 10:01:00.359259115,LAST_TRADE,"100,$99874.0000"
2019-06-28 10:01:08.275179489,QUERY_SPREAD,35
2019-06-28 10:01:08.275179489,BEST_BID,"JPM,99830,428"
2019-06-28 10:01:08.275179489,BEST_ASK,"JPM,99874,328"
2019-06-28 10:01:10.000000000,QUERY_SPREAD,1
2019-06-28 10:01:10.000000000,BEST_BID,"JPM,99830,182"
2019-06-28 10:01:10.000000000,BEST_ASK,"JPM,100074,100"
2019-06-28 10:01:10.000000000,BEST_BID,"JPM,99830,182"
2019-06-28 10:01:10.000000000,BEST_ASK,"JPM,100074,100"
2019-06-28 10:01:10.000000000,BEST_BID,"JPM,99830,182"
2019-06-28 10:01:10.000000000,BEST_ASK,"JPM,100074,100"
2019-06-28 10:01:10.000000000,BEST_BID,"JPM,99830,182"
2019-06-28 10:01:10.000000000,BEST_ASK,"JPM,100074,100"
2019-06-28 10:01:10.000000000,BEST_BID,"JPM,99830,182"
2019-06-28 10:01:10.000000000,BEST_ASK,"JPM,100074,182"
2019-06-28 10:01:10.000000000,BEST_BID,"JPM,99830,182"
2019-06-28 10:01:10.000000000,BEST_ASK,"JPM,100074,182"
2019-06-28 10:01:10.000000000,BEST_BID,"JPM,99830,182"
2019-06-28 10:01:10.000000000,BEST_ASK,"JPM,100074,182"
2019-06-28 10:01:10.000000000,BEST_BID,"JPM,99830,182"
2019-06-28 10:01:10.000000000,BEST_ASK,"JPM,100074,182"
2019-06-28 10:01:20.000000000,QUERY_SPREAD,1
2019-06-28 10:01:20.000000000,BEST_BID,"JPM,99830,182"
2019-06-28 10:01:20.000000000,BEST_ASK,"JPM,100074,100"
2019-06-28 10:01:20.000000000,BEST_BID,"JPM,99830,182"
2019-06-28 10:01:20.000000000,BEST_ASK,"JPM,100074,100"
2019-06-28 10:01:20.000000000,BEST_BID,"JPM,99830,182"
2019-06-28 10:01:20.000000000,BEST_ASK,"JPM,100074,100"
2019-06-28 10:01:20.000000000,BEST_BID,"JPM,99830,182"
2019-06-28 10:01:20.000000000,BEST_ASK,"JPM,100074,100"
2019-06-28 10:01:20.000000000,BEST_BID,"JPM,99830,182"
2019-06-28 10:01:20.000000000,BEST_ASK,"JPM,100074,182"
2019-06-28 10:01:20.000000000,BEST_BID,"JPM,99830,182"
2019-06-28 10:01:20.000000000,BEST_ASK,"JPM,100074,182"
2019-06-28 10:01:20.000000000,BEST_BID,"JPM,99830,182"
2019-06-28 10:01:20.000000000,BEST_ASK,"JPM,100074,182"
2019-06-28 10:01:20.000000000,BEST_BID,"JPM,99830,182"
2019-06-28 10:01:20.000000000,BEST_ASK,"JPM,100074,182"
2019-06-28 10:01:23.578117258,QUERY_SPREAD,33
2019-06-28 10:01:23.578117258,BEST_BID,"JPM,99853,100"
2019-06-28 10:01:23.578117258,BEST_ASK,"JPM,100074,182"
2019-06-28 10:01:30.000000000,QUERY_SPREAD,1
2019-06-28 10:01:30.000000000,BEST_BID,"JPM,99853,264"
2019-06-28 10:01:30.000000000,BEST_ASK,"JPM,100074,100"
2019-06-28 10:01:30.000000000,BEST_BID,"JPM,99853,264"
2019-06-28 10:01:30.000000000,BEST_ASK,"JPM,100074,100"
2019-06-28 10:01:30.000000000,BEST_BID,"JPM,99853,264"
2019-06-28 10:01:30.000000000,BEST_ASK,"JPM,100074,264"
2019-06-28 10:01:30.000000000,BEST_BID,"JPM,99853,264"
2019-06-28 10:01:30.000000000,BEST_ASK,"JPM,100074,264"
2019-06-28 10:01:30.433275857,QUERY_SPREAD,13
2019-06-28 10:01:30.433275857,BEST_BID,"JPM,99853,264"
2019-06-28 10:01:30.433275857,BEST_ASK,"JPM,100010,100"
2019-06-28 10:01:32.360106589,QUERY_SPREAD,34
2019-06-28 10:01:32.360106589,BEST_BID,"JPM,99893,100"
2019-06-28 10:01:32.360106589,BEST_ASK,"JPM,100010,100"
2019-06-28 10:01:40.000000000,QUERY_SPREAD,1
2019-06-28 10:01:40.000000000,BEST_BID,"JPM,99893,264"
2019-06-28 10:01:40.000000000,BEST_ASK,"JPM,100010,100"
2019-06-28 10:01:40.000000000,BEST_BID,"JPM,99893,264"
2019-06-28 10:01:40.000000000,BEST_ASK,"JPM,100010,100"
2019-06-28 10:01:40.000000000,BEST_BID,"JPM,99893,264"
2019-06-28 10:01:40.000000000,BEST_ASK,"JPM,100010,264"
2019-06-28 10:01:40.000000000,BEST_BID,"JPM,99893,264"
2019-06-28 10:01:40.000000000,BEST_ASK,"JPM,100010,264"
2019-06-28 10:01:42.697317194,QUERY_SPREAD,11
2019-06-28 10:01:42.697317194,BEST_BID,"JPM,99893,264"
2019-06-28 10:01:42.697317194,BEST_ASK,"JPM,99922,100"
2019-06-28 10:01:50.000000000,QUERY_SPREAD,1
2019-06-28 10:01:50.000000000,BEST_BID,"JPM,99893,212"
2019-06-28 10:01:50.000000000,BEST_ASK,"JPM,99922,100"
2019-06-28 10:01:50.000000000,BEST_BID,"JPM,99893,212"
2019-06-28 10:01:50.000000000,BEST_ASK,"JPM,99922,100"
2019-06-28 10:01:50.000000000,BEST_BID,"JPM,99893,212"
2019-06-28 10:01:50.000000000,BEST_ASK,"JPM,99922,100"
2019-06-28 10:01:50.000000000,BEST_BID,"JPM,99893,212"
2019-06-28 10:01:50.000000000,BEST_ASK,"JPM,99922,212"
2019-06-28 10:01:50.000000000,BEST_BID,"JPM,99893,212"
2019-06-28 10:01:50.000000000,BEST_ASK,"JPM,99922,212"
2019-06-28 10:01:50.000000000,BEST_BID,"JPM,99893,212"
2019-06-28 10:01:50.000000000,BEST_ASK,"JPM,99922,212"
2019-06-28 10:01:51.153665662,QUERY_SPREAD,35
2019-06-28 10:01:51.153665662,BEST_BID,"JPM,99893,212"
2019-06-28 10:01:51.153665662,BEST_ASK,"JPM,99922,212"
2019-06-28 10:02:00.000000000,QUERY_SPREAD,1
2019-06-28 10:02:00.000000000,BEST_BID,"JPM,99893,264"
2019-06-28 10:02:00.000000000,BEST_ASK,"JPM,99922,100"
2019-06-28 10:02:00.000000000,BEST_BID,"JPM,99893,264"
2019-06-28 10:02:00.000000000,BEST_ASK,"JPM,99922,100"
2019-06-28 10:02:00.000000000,BEST_BID,"JPM,99893,264"
2019-06-28 10:02:00.000000000,BEST_ASK,"JPM,99922,264"
2019-06-28 10:02:00.000000000,BEST_BID,"JPM,99893,264"
2019-06-28 10:02:00.000000000,BEST_ASK,"JPM,99922,264"
2019-06-28 10:02:00.000000000,QUERY_SPREAD,77
2019-06-28 10:02:00.000000000,QUERY_SPREAD,78
2019-06-28 10:02:00.000000000,QUERY_SPREAD,79
2019-06-28 10:02:00.000000000,QUERY_SPREAD,80
2019-06-28 10:02:00.000000000,QUERY_SPREAD,81
2019-06-28 10:02:00.000000000,QUERY_SPREAD,82
2019-06-28 10:02:00.000000000,QUERY_SPREAD,83
2019-06-28 10:02:00.000000000,QUERY_SPREAD,84
2019-06-28 10:02:00.000000000,QUERY_SPREAD,85
2019-06-28 10:02:00.000000000,QUERY_SPREAD,86
2019-06-28 10:02:00.000000000,QUERY_SPREAD,87
2019-06-28 10:02:00.000000000,QUERY_SPREAD,88
2019-06-28 10:02:00.000000000,QUERY_SPREAD,89
2019-06-28 10:02:00.000000000,QUERY_SPREAD,90
2019-06-28 10:02:00.000000000,QUERY_SPREAD,91
2019-06-28 10:02:00.000000000,QUERY_SPREAD,92
2019-06-28 10:02:00.000000000,QUERY_SPREAD,93
2019-06-28 10:02:00.000000000,QUERY_SPREAD,94
2019-06-28 10:02:00.000000000,QUERY_SPREAD,95
2019-06-28 10:02:00.000000000,QUERY_SPREAD,96
2019-06-28 10:02:00.000000000,QUERY_SPREAD,97
2019-06-28 10:02:00.000000000,QUERY_SPREAD,98
2019-06-28 10:02:00.000000000,QUERY_SPREAD,99
2019-06-28 10:02:00.000000000,QUERY_SPREAD,100
2019-06-28 10:02:00.000000000,QUERY_SPREAD,101
2019-06-28 10:02:00.000000000,QUERY_ORDER_STREAM,101
2019-06-28 10:02:10.000000000,QUERY_SPREAD,1
2019-06-28 10:02:10.000000000,BEST_BID,"JPM,99893,428"
2019-06-28 10:02:10.000000000,BEST_ASK,"JPM,99922,100"
2019-06-28 10:02:10.000000000,BEST_BID,"JPM,99893,428"
2019-06-28 10:02:10.000000000,BEST_ASK,"JPM,99922,428"
2019-06-28 10:02:20.000000000,QUERY_SPREAD,1
2019-06-28 10:02:20.000000000,BEST_BID,"JPM,99893,264"
2019-06-28 10:02:20.000000000,BEST_ASK,"JPM,99922,100"
2019-06-28 10:02:20.000000000,BEST_BID,"JPM,99893,264"
2019-06-28 10:02:20.000000000,BEST_ASK,"JPM,99922,100"
2019-06-28 10:02:20.000000000,BEST_BID,"JPM,99893,264"
2019-06-28 10:02:20.000000000,BEST_ASK,"JPM,99922,264"
2019-06-28 10:02:20.000000000,BEST_BID,"JPM,99893,264"
2019-06-28 10:02:20.000000000,BEST_ASK,"JPM,99922,264"
2019-06-28 10:02:30.000000000,QUERY_SPREAD,1
2019-06-28 10:02:30.000000000,BEST_BID,"JPM,99893,264"
2019-06-28 10:02:30.000000000,BEST_ASK,"JPM,99922,100"
2019-06-28 10:02:30.000000000,BEST_BID,"JPM,99893,264"
2019-06-28 10:02:30.000000000,BEST_ASK,"JPM,99922,100"
2019-06-28 10:02:30.000000000,BEST_BID,"JPM,99893,264"
2019-06-28 10:02:30.000000000,BEST_ASK,"JPM,99922,264"
2019-06-28 10:02:30.000000000,BEST_BID,"JPM,99893,264"
2019-06-28 10:02:30.000000000,BEST_ASK,"JPM,99922,264"
2019-06-28 10:02:40.000000000,QUERY_SPREAD,1
2019-06-28 10:02:40.000000000,BEST_BID,"JPM,99893,182"
2019-06-28 10:02:40.000000000,BEST_ASK,"JPM,99922,100"
2019-06-28 10:02:40.000000000,BEST_BID,"JPM,99893,182"
2019-06-28 10:02:40.000000000,BEST_ASK,"JPM,99922,100"
2019-06-28 10:02:40.000000000,BEST_BID,"JPM,99893,182"
2019-06-28 10:02:40.000000000,BEST_ASK,"JPM,99922,100"
2019-06-28 10:02:40.000000000,BEST_BID,"JPM,99893,182"
2019-06-28 10:02:40.000000000,BEST_ASK,"JPM,99922,100"
2019-06-28 10:02:40.000000000,BEST_BID,"JPM,99893,182"
2019-06-28 10:02:40.000000000,BEST_ASK,"JPM,99922,182"
2019-06-28 10:02:40.000000000,BEST_BID,"JPM,99893,182"
2019-06-28 10:02:40.000000000,BEST_ASK,"JPM,99922,182"
2019-06-28 10:02:40.000000000,BEST_BID,"JPM,99893,182"
2019-06-28 10:02:40.000000000,BEST_ASK,"JPM,99922,182"
2019-06-28 10:02:40.000000000,BEST_BID,"JPM,99893,182"
2019-06-28 10:02:40.000000000,BEST_ASK,"JPM,99922,182"
2019-06-28 10:02:50.000000000,QUERY_SPREAD,1
2019-06-28 10:02:50.000000000,BEST_BID,"JPM,99893,212"
2019-06-28 10:02:50.000000000,BEST_ASK,"JPM,99922,100"
2019-06-28 10:02:50.000000000,BEST_BID,"JPM,99893,212"
2019-06-28 10:02:50.000000000,BEST_ASK,"JPM,99922,100"
2019-06-28 10:02:50.000000000,BEST_BID,"JPM,99893,212"
2019-06-28 10:02:50.000000000,BEST_ASK,"JPM,99922,100"
2019-06-28 10:02:50.000000000,BEST_BID,"JPM,99893,212"
2019-06-28 10:02:50.000000000,BEST_ASK,"JPM,99922,212"
2019-06-28 10:02:50.000000000,BEST_BID,"JPM,99893,212"
2019-06-28 10:02:50.000000000,BEST_ASK,"JPM,99922,212"
2019-06-28 10:02:50.000000000,BEST_BID,"JPM,99893,212"
2019-06-28 10:02:50.000000000,BEST_ASK,"JPM,99922,212"
2019-06-28 10:02:54.247169809,QUERY_SPREAD,39
2019-06-28 10:02:54.247169809,BEST_BID,"JPM,99893,112"
2019-06-28 10:02:54.247169809,BEST_ASK,"JPM,99922,212"
2019-06-28 10:02:54.247169809,LAST_TRADE,"100,$99893.0000"
2019-06-28 10:03:00.000000000,QUERY_SPREAD,1
2019-06-28 10:03:00.000000000,BEST_BID,"JPM,99853,264"
2019-06-28 10:03:00.000000000,BEST_ASK,"JPM,99922,100"
2019-06-28 10:03:00.000000000,BEST_BID,"JPM,99853,264"
2019-06-28 10:03:00.000000000,BEST_ASK,"JPM,99922,100"
2019-06-28 10:03:00.000000000,BEST_BID,"JPM,99853,264"
2019-06-28 10:03:00.000000000,BEST_ASK,"JPM,99922,264"
2019-06-28 10:03:00.000000000,BEST_BID,"JPM,99853,264"
2019-06-28 10:03:00.000000000,BEST_ASK,"JPM,99922,264"
2019-06-28 10:03:00.000000000,QUERY_SPREAD,77
2019-06-28 10:03:00.000000000,QUERY_SPREAD,78
2019-06-28 10:03:00.000000000,QUERY_SPREAD,79
2019-06-28 10:03:00.000000000,QUERY_SPREAD,80
2019-06-28 10:03:00.000000000,QUERY_SPREAD,81
2019-06-28 10:03:00.000000000,QUERY_SPREAD,82
2019-06-28 10:03:00.000000000,QUERY_SPREAD,83
2019-06-28 10:03:00.000000000,QUERY_SPREAD,84
2019-06-28 10:03:00.000000000,QUERY_SPREAD,85
2019-06-28 10:03:00.000000000,QUERY_SPREAD,86
2019-06-28 10:03:00.000000000,QUERY_SPREAD,87
2019-06-28 10:03:00.000000000,QUERY_SPREAD,88
2019-06-28 10:03:00.000000000,QUERY_SPREAD,89
2019-06-28 10:03:00.000000000,QUERY_SPREAD,90
2019-06-28 10:03:00.000000000,QUERY_SPREAD,91
2019-06-28 10:03:00.000000000,QUERY_SPREAD,92
2019-06-28 10:03:00.000000000,QUERY_SPREAD,93
2019-06-28 10:03:00.000000000,QUERY_SPREAD,94
2019-06-28 10:03:00.000000000,QUERY_SPREAD,95
2019-06-28 10:03:00.000000000,QUERY_SPREAD,96
2019-06-28 10:03:00.000000000,QUERY_SPREAD,97
2019-06-28 10:03:00.000000000,QUERY_SPREAD,98
2019-06-28 10:03:00.000000000,QUERY_SPREAD,99
2019-06-28 10:03:00.000000000,QUERY_SPREAD,100
2019-06-28 10:03:00.000000000,QUERY_SPREAD,101
2019-06-28 10:03:00.000000000,QUERY_ORDER_STREAM,101
2019-06-28 10:03:10.000000000,QUERY_SPREAD,1
2019-06-28 10:03:10.000000000,BEST_BID,"JPM,99853,264"
2019-06-28 10:03:10.000000000,BEST_ASK,"JPM,99922,100"
2019-06-28 10:03:10.000000000,BEST_BID,"JPM,99853,264"
2019-06-28 10:03:10.000000000,BEST_ASK,"JPM,99922,100"
2019-06-28 10:03:10.000000000,BEST_BID,"JPM,99853,264"
2019-06-28 10:03:10.000000000,BEST_ASK,"JPM,99922,264"
2019-06-28 10:03:10.000000000,BEST_BID,"JPM,99853,264"
2019-06-28 10:03:10.000000000,BEST_ASK,"JPM,99922,264"
2019-06-28 10:03:20.000000000,QUERY_SPREAD,1
2019-06-28 10:03:20.000000000,BEST_BID,"JPM,99853,182"
2019-06-28 10:03:20.000000000,BEST_ASK,"JPM,99922,100"
2019-06-28 10:03:20.000000000,BEST_BID,"JPM,99853,182"
2019-06-28 10:03:20.000000000,BEST_ASK,"JPM,99922,100"
2019-06-28 10:03:20.000000000,BEST_BID,"JPM,99853,182"
2019-06-28 10:03:20.000000000,BEST_ASK,"JPM,99922,100"
2019-06-28 10:03:20.000000000,BEST_BID,"JPM,99853,182"
2019-06-28 10:03:20.000000000,BEST_ASK,"JPM,99922,100"
2019-06-28 10:03:20.000000000,BEST_BID,"JPM,99853,182"
2019-06-28 10:03:20.000000000,BEST_ASK,"JPM,99922,182"
2019-06-28 10:03:20.000000000,BEST_BID,"JPM,99853,182"
2019-06-28 10:03:20.000000000,BEST_ASK,"JPM,99922,182"
2019-06-28 10:03:20.000000000,BEST_BID,"JPM,99853,182"
2019-06-28 10:03:20.000000000,BEST_ASK,"JPM,99922,182"
2019-06-28 10:03:20.000000000,BEST_BID,"JPM,99853,182"
2019-06-28 10:03:20.000000000,BEST_ASK,"JPM,99922,182"
2019-06-28 10:03:22.746173685,QUERY_SPREAD,29
2019-06-28 10:03:22.746173685,BEST_BID,"JPM,99853,82"
2019-06-28 10:03:22.746173685,BEST_ASK,"JPM,99922,182"
2019-06-28 10:03:22.746173685,LAST_TRADE,"100,$99853.0000"
2019-06-28 10:03:30.000000000,QUERY_SPREAD,1
2019-06-28 10:03:30.000000000,BEST_BID,"JPM,99830,166"
2019-06-28 10:03:30.000000000,BEST_ASK,"JPM,99922,100"
2019-06-28 10:03:30.000000000,BEST_BID,"JPM,99830,166"
2019-06-28 10:03:30.000000000,BEST_ASK,"JPM,99922,100"
2019-06-28 10:03:30.000000000,BEST_BID,"JPM,99830,166"
2019-06-28 10:03:30.000000000,BEST_ASK,"JPM,99922,100"
2019-06-28 10:03:30.000000000,BEST_BID,"JPM,99830,166"
2019-06-28 10:03:30.000000000,BEST_ASK,"JPM,99922,100"
2019-06-28 10:03:30.000000000,BEST_BID,"JPM,99830,166"
2019-06-28 10:03:30.000000000,BEST_ASK,"JPM,99922,100"
2019-06-28 10:03:30.000000000,BEST_BID,"JPM,99830,166"
2019-06-28 10:03:30.000000000,BEST_ASK,"JPM,99922,166"
2019-06-28 10:03:30.000000000,BEST_BID,"JPM,99830,166"
2019-06-28 10:03:30.000000000,BEST_ASK,"JPM,99922,166"
2019-06-28 10:03:30.000000000,BEST_BID,"JPM,99830,166"
2019-06-28 10:03:30.000000000,BEST_ASK,"JPM,99922,166"
2019-06-28 10:03:30.000000000,BEST_BID,"JPM,99830,166"
2019-06-28 10:03:30.000000000,BEST_ASK,"JPM,99922,166"
2019-06-28 10:03:30.000000000,BEST_BID,"JPM,99830,166"
2019-06-28 10:03:30.000000000,BEST_ASK,"JPM,99922,166"
2019-06-28 10:03:35.374001582,QUERY_SPREAD,22
2019-06-28 10:03:35.374001582,BEST_BID,"JPM,99830,66"
2019-06-28 10:03:35.374001582,BEST_ASK,"JPM,99922,166"
2019-06-28 10:03:35.374001582,LAST_TRADE,"100,$99830.0000"
2019-06-28 10:03:36.937819355,QUERY_ORDER_STREAM,55
2019-06-28 10:03:36.937819355,QUERY_SPREAD,55
2019-06-28 10:03:40.000000000,QUERY_SPREAD,1
2019-06-28 10:03:40.000000000,BEST_BID,"JPM,99824,212"
2019-06-28 10:03:40.000000000,BEST_ASK,"JPM,99922,100"
2019-06-28 10:03:40.000000000,BEST_BID,"JPM,99824,212"
2019-06-28 10:03:40.000000000,BEST_ASK,"JPM,99922,100"
2019-06-28 10:03:40.000000000,BEST_BID,"JPM,99824,212"
2019-06-28 10:03:40.000000000,BEST_ASK,"JPM,99922,100"
2019-06-28 10:03:40.000000000,BEST_BID,"JPM,99824,212"
2019-06-28 10:03:40.000000000,BEST_ASK,"JPM,99922,212"
2019-06-28 10:03:40.000000000,BEST_BID,"JPM,99824,212"
2019-06-28 10:03:40.000000000,BEST_ASK,"JPM,99922,212"
2019-06-28 10:03:40.000000000,BEST_BID,"JPM,99824,212"
2019-06-28 10:03:40.000000000,BEST_ASK,"JPM,99922,212"
2019-06-28 10:03:50.000000000,QUERY_SPREAD,1
2019-06-28 10:03:50.000000000,BEST_BID,"JPM,99824,212"
2019-06-28 10:03:50.000000000,BEST_ASK,"JPM,99922,100"
2019-06-28 10:03:50.000000000,BEST_BID,"JPM,99824,212"
2019-06-28 10:03:50.000000000,BEST_ASK,"JPM,99922,100"
2019-06-28 10:03:50.000000000,BEST_BID,"JPM,99824,212"
2019-06-28 10:03:50.000000000,BEST_ASK,"JPM,99922,100"
2019-06-28 10:03:50.000000000,BEST_BID,"JPM,99824,212"
2019-06-28 10:03:50.000000000,BEST_ASK,"JPM,99922,212"
2019-06-28 10:03:50.000000000,BEST_BID,"JPM,99824,212"
2019-06-28 10:03:50.000000000,BEST_ASK,"JPM,99922,212"
2019-06-28 10:03:50.000000000,BEST_BID,"JPM,99824,212"
2019-06-28 10:03:50.000000000,BEST_ASK,"JPM,99922,212"
2019-06-28 10:03:56.081600669,QUERY_SPREAD,43
2019-06-28 10:03:56.081600669,BEST_BID,"JPM,99824,212"
2019-06-28 10:03:56.081600669,BEST_ASK,"JPM,99922,212"
2019-06-28 10:03:56.217942313,QUERY_ORDER_STREAM,70
2019-06-28 10:03:56.217942313,QUERY_SPREAD,70
2019-06-28 10:03:56.918902306,QUERY_SPREAD,29
2019-06-28 10:03:56.918902306,BEST_BID,"JPM,99824,212"
2019-06-28 10:03:56.918902306,BEST_ASK,"JPM,99922,212"
2019-06-28 10:04:00.000000000,QUERY_SPREAD,1
2019-06-28 10:04:00.000000000,BEST_BID,"JPM,99824,182"
2019-06-28 10:04:00.000000000,BEST_ASK,"JPM,99922,100"
2019-06-28 10:04:00.000000000,BEST_BID,"JPM,99824,182"
2019-06-28 10:04:00.000000000,BEST_ASK,"JPM,99922,100"
2019-06-28 10:04:00.000000000,BEST_BID,"JPM,99824,182"
2019-06-28 10:04:00.000000000,BEST_ASK,"JPM,99922,100"
2019-06-28 10:04:00.000000000,BEST_BID,"JPM,99824,182"
2019-06-28 10:04:00.000000000,BEST_ASK,"JPM,99922,100"
2019-06-28 10:04:00.000000000,BEST_BID,"JPM,99824,182"
2019-06-28 10:04:00.000000000,BEST_ASK,"JPM,99922,182"
2019-06-28 10:04:00.000000000,BEST_BID,"JPM,99824,182"
2019-06-28 10:04:00.000000000,BEST_ASK,"JPM,99922,182"
2019-06-28 10:04:00.000000000,BEST_BID,"JPM,99824,182"
2019-06-28 10:04:00.000000000,BEST_ASK,"JPM,99922,182"
2019-06-28 10:04:00.000000000,BEST_BID,"JPM,99824,182"
2019-06-28 10:04:00.000000000,BEST_ASK,"JPM,99922,182"
2019-06-28 10:04:00.000000000,QUERY_SPREAD,77
2019-06-28 10:04:00.000000000,QUERY_SPREAD,78
2019-06-28 10:04:00.000000000,QUERY_SPREAD,79
2019-06-28 10:04:00.000000000,QUERY_SPREAD,80
2019-06-28 10:04:00.000000000,QUERY_SPREAD,81
2019-06-28 10:04:00.000000000,QUERY_SPREAD,82
2019-06-28 10:04:00.000000000,QUERY_SPREAD,83
2019-06-28 10:04:00.000000000,QUERY_SPREAD,84
2019-06-28 10:04:00.000000000,QUERY_SPREAD,85
2019-06-28 10:04:00.000000000,QUERY_SPREAD,86
2019-06-28 10:04:00.000000000,QUERY_SPREAD,87
2019-06-28 10:04:00.000000000,QUERY_SPREAD,88
2019-06-28 10:04:00.000000000,QUERY_SPREAD,89
2019-06-28 10:04:00.000000000,QUERY_SPREAD,90
2019-06-28 10:04:00.000000000,QUERY_SPREAD,91
2019-06-28 10:04:00.000000000,QUERY_SPREAD,92
2019-06-28 10:04:00.000000000,QUERY_SPREAD,93
2019-06-28 10:04:00.000000000,QUERY_SPREAD,94
2019-06-28 10:04:00.000000000,QUERY_SPREAD,95
2019-06-28 10:04:00.000000000,QUERY_SPREAD,96
2019-06-28 10:04:00.000000000,QUERY_SPREAD,97
2019-06-28 10:04:00.000000000,QUERY_SPREAD,98
2019-06-28 10:04:00.000000000,QUERY_SPREAD,99
2019-06-28 10:04:00.000000000,QUERY_SPREAD,100
2019-06-28 10:04:00.000000000,QUERY_SPREAD,101
2019-06-28 10:04:00.000000000,QUERY_ORDER_STREAM,101
2019-06-28 10:04:10.000000000,QUERY_SPREAD,1
2019-06-28 10:04:10.000000000,BEST_BID,"JPM,99824,166"
2019-06-28 10:04:10.000000000,BEST_ASK,"JPM,99922,100"
2019-06-28 10:04:10.000000000,BEST_BID,"JPM,99824,166"
2019-06-28 10:04:10.000000000,BEST_ASK,"JPM,99922,100"
2019-06-28 10:04:10.000000000,BEST_BID,"JPM,99824,166"
2019-06-28 10:04:10.000000000,BEST_ASK,"JPM,99922,100"
2019-06-28 10:04:10.000000000,BEST_BID,"JPM,99824,166"
2019-06-28 10:04:10.000000000,BEST_ASK,"JPM,99922,100"
2019-06-28 10:04:10.000000000,BEST_BID,"JPM,99824,166"
2019-06-28 10:04:10.000000000,BEST_ASK,"JPM,99922,100"
2019-06-28 10:04:10.000000000,BEST_BID,"JPM,99824,166"
2019-06-28 10:04:10.000000000,BEST_ASK,"JPM,99922,166"
2019-06-28 10:04:10.000000000,BEST_BID,"JPM,99824,166"
2019-06-28 10:04:10.000000000,BEST_ASK,"JPM,99922,166"
2019-06-28 10:04:10.000000000,BEST_BID,"JPM,99824,166"
2019-06-28 10:04:10.000000000,BEST_ASK,"JPM,99922,166"
2019-06-28 10:04:10.000000000,BEST_BID,"JPM,99824,166"
2019-06-28 10:04:10.000000000,BEST_ASK,"JPM,99922,166"
2019-06-28 10:04:10.000000000,BEST_BID,"JPM,99824,166"
2019-06-28 10:04:10.000000000,BEST_ASK,"JPM,99922,166"
2019-06-28 10:04:13.722197788,QUERY_SPREAD,47
2019-06-28 10:04:13.722197788,BEST_BID,"JPM,99824,166"
2019-06-28 10:04:13.722197788,BEST_ASK,"JPM,99922,166"
2019-06-28 10:04:20.000000000,QUERY_SPREAD,1
2019-06-28 10:04:20.000000000,BEST_BID,"JPM,99824,166"
2019-06-28 10:04:20.000000000,BEST_ASK,"JPM,99922,100"
2019-06-28 10:04:20.000000000,BEST_BID,"JPM,99824,166"
2019-06-28 10:04:20.000000000,BEST_ASK,"JPM,99922,100"
2019-06-28 10:04:20.000000000,BEST_BID,"JPM,99824,166"
2019-06-28 10:04:20.000000000,BEST_ASK,"JPM,99922,100"
2019-06-28 10:04:20.000000000,BEST_BID,"JPM,99824,166"
2019-06-28 10:04:20.000000000,BEST_ASK,"JPM,99922,100"
2019-06-28 10:04:20.000000000,BEST_BID,"JPM,99824,166"
2019-06-28 10:04:20.000000000,BEST_ASK,"JPM,99922,100"
2019-06-28 10:04:20.000000000,BEST_BID,"JPM,99824,166"
2019-06-28 10:04:20.000000000,BEST_ASK,"JPM,99922,166"
2019-06-28 10:04:20.000000000,BEST_BID,"JPM,99824,166"
2019-06-28 10:04:20.000000000,BEST_ASK,"JPM,99922,166"
2019-06-28 10:04:20.000000000,BEST_BID,"JPM,99824,166"
2019-06-28 10:04:20.000000000,BEST_ASK,"JPM,99922,166"
2019-06-28 10:04:20.000000000,BEST_BID,"JPM,99824,166"
2019-06-28 10:04:20.000000000,BEST_ASK,"JPM,99922,166"
2019-06-28 10:04:20.000000000,BEST_BID,"JPM,99824,166"
2019-06-28 10:04:20.000000000,BEST_ASK,"JPM,99922,166"
2019-06-28 10:04:26.103818253,QUERY_SPREAD,30
2019-06-28 10:04:26.103818253,BEST_BID,"JPM,99824,66"
2019-06-28 10:04:26.103818253,BEST_ASK,"JPM,99922,166"
2019-06-28 10:04:26.103818253,LAST_TRADE,"100,$99824.0000"
2019-06-28 10:04:29.035940991,QUERY_SPREAD,31
2019-06-28 10:04:29.035940991,BEST_BID,"JPM,99824,66"
2019-06-28 10:04:29.035940991,BEST_ASK,"JPM,99922,166"
2019-06-28 10:04:30.000000000,QUERY_SPREAD,1
2019-06-28 10:04:30.000000000,BEST_BID,"JPM,99794,166"
2019-06-28 10:04:30.000000000,BEST_ASK,"JPM,99922,100"
2019-06-28 10:04:30.000000000,BEST_BID,"JPM,99794,166"
2019-06-28 10:04:30.000000000,BEST_ASK,"JPM,99922,100"
2019-06-28 10:04:30.000000000,BEST_BID,"JPM,99794,166"
2019-06-28 10:04:30.000000000,BEST_ASK,"JPM,99922,100"
2019-06-28 10:04:30.000000000,BEST_BID,"JPM,99794,166"
2019-06-28 10:04:30.000000000,BEST_ASK,"JPM,99922,100"
2019-06-28 10:04:30.000000000,BEST_BID,"JPM,99794,166"
2019-06-28 10:04:30.000000000,BEST_ASK,"JPM,99922,100"
2019-06-28 10:04:30.000000000,BEST_BID,"JPM,99794,166"
2019-06-28 10:04:30.000000000,BEST_ASK,"JPM,99922,166"
2019-06-28 10:04:30.000000000,BEST_BID,"JPM,99794,166"
2019-06-28 10:04:30.000000000,BEST_ASK,"JPM,99922,166"
2019-06-28 10:04:30.000000000,BEST_BID,"JPM,99794,166"
2019-06-28 10:04:30.000000000,BEST_ASK,"JPM,99922,166"
2019-06-28 10:04:30.000000000,BEST_BID,"JPM,99794,166"
2019-06-28 10:04:30.000000000,BEST_ASK,"JPM,99922,166"
2019-06-28 10:04:30.000000000,BEST_BID,"JPM,99794,166"
2019-06-28 10:04:30.000000000,BEST_ASK,"JPM,99922,166"
2019-06-28 10:04:40.000000000,QUERY_SPREAD,1
2019-06-28 10:04:40.000000000,BEST_BID,"JPM,99794,264"
2019-06-28 10:04:40.000000000,BEST_ASK,"JPM,99922,100"
2019-06-28 10:04:40.000000000,BEST_BID,"JPM,99794,264"
2019-06-28 10:04:40.000000000,BEST_ASK,"JPM,99922,100"
2019-06-28 10:04:40.000000000,BEST_BID,"JPM,99794,264"
2019-06-28 10:04:40.000000000,BEST_ASK,"JPM,99922,264"
2019-06-28 10:04:40.000000000,BEST_BID,"JPM,99794,264"
2019-06-28 10:04:40.000000000,BEST_ASK,"JPM,99922,264"
2019-06-28 10:04:48.958933979,QUERY_SPREAD,23
2019-06-28 10:04:48.958933979,BEST_BID,"JPM,99794,164"
2019-06-28 10:04:48.958933979,BEST_ASK,"JPM,99922,264"
2019-06-28 10:04:48.958933979,LAST_TRADE,"100,$99794.0000"
2019-06-28 10:04:50.000000000,QUERY_SPREAD,1
2019-06-28 10:04:50.000000000,BEST_BID,"JPM,99789,428"
2019-06-28 10:04:50.000000000,BEST_ASK,"JPM,99922,100"
2019-06-28 10:04:50.000000000,BEST_BID,"JPM,99789,428"
2019-06-28 10:04:50.000000000,BEST_ASK,"JPM,99922,428"
2019-06-28 10:04:56.935210731,QUERY_ORDER_STREAM,65
2019-06-28 10:04:56.935210731,QUERY_SPREAD,65
2019-06-28 10:05:00.000000000,QUERY_SPREAD,1
2019-06-28 10:05:00.000000000,BEST_BID,"JPM,99789,182"
2019-06-28 10:05:00.000000000,BEST_ASK,"JPM,99922,100"
2019-06-28 10:05:00.000000000,BEST_BID,"JPM,99789,182"
2019-06-28 10:05:00.000000000,BEST_ASK,"JPM,99922,100"
2019-06-28 10:05:00.000000000,BEST_BID,"JPM,99789,182"
2019-06-28 10:05:00.000000000,BEST_ASK,"JPM,99922,100"
2019-06-28 10:05:00.000000000,BEST_BID,"JPM,99789,182"
2019-06-28 10:05:00.000000000,BEST_ASK,"JPM,99922,100"
2019-06-28 10:05:00.000000000,BEST_BID,"JPM,99789,182"
2019-06-28 10:05:00.000000000,BEST_ASK,"JPM,99922,182"
2019-06-28 10:05:00.000000000,BEST_BID,"JPM,99789,182"
2019-06-28 10:05:00.000000000,BEST_ASK,"JPM,99922,182"
2019-06-28 10:05:00.000000000,BEST_BID,"JPM,99789,182"
2019-06-28 10:05:00.000000000,BEST_ASK,"JPM,99922,182"
2019-06-28 10:05:00.000000000,BEST_BID,"JPM,99789,182"
2019-06-28 10:05:00.000000000,BEST_ASK,"JPM,99922,182"
2019-06-28 10:05:00.000000000,QUERY_SPREAD,77
2019-06-28 10:05:00.000000000,QUERY_SPREAD,78
2019-06-28 10:05:00.000000000,QUERY_SPREAD,79
2019-06-28 10:05:00.000000000,QUERY_SPREAD,80
2019-06-28 10:05:00.000000000,QUERY_SPREAD,81
2019-06-28 10:05:00.000000000,QUERY_SPREAD,82
2019-06-28 10:05:00.000000000,QUERY_SPREAD,83
2019-06-28 10:05:00.000000000,QUERY_SPREAD,84
2019-06-28 10:05:00.000000000,QUERY_SPREAD,85
2019-06-28 10:05:00.000000000,QUERY_SPREAD,86
2019-06-28 10:05:00.000000000,QUERY_SPREAD,87
2019-06-28 10:05:00.000000000,QUERY_SPREAD,88
2019-06-28 10:05:00.000000000,QUERY_SPREAD,89
2019-06-28 10:05:00.000000000,QUERY_SPREAD,90
2019-06-28 10:05:00.000000000,QUERY_SPREAD,91
2019-06-28 10:05:00.000000000,QUERY_SPREAD,92
2019-06-28 10:05:00.000000000,QUERY_SPREAD,93
2019-06-28 10:05:00.000000000,QUERY_SPREAD,94
2019-06-28 10:05:00.000000000,QUERY_SPREAD,95
2019-06-28 10:05:00.000000000,QUERY_SPREAD,96
2019-06-28 10:05:00.000000000,QUERY_SPREAD,97
2019-06-28 10:05:00.000000000,QUERY_SPREAD,98
2019-06-28 10:05:00.000000000,QUERY_SPREAD,99
2019-06-28 10:05:00.000000000,QUERY_SPREAD,100
2019-06-28 10:05:00.000000000,QUERY_SPREAD,101
2019-06-28 10:05:00.000000000,QUERY_ORDER_STREAM,101
2019-06-28 10:05:01.071858107,QUERY_SPREAD,46
2019-06-28 10:05:01.071858107,BEST_BID,"JPM,99789,82"
2019-06-28 10:05:01.071858107,BEST_ASK,"JPM,99922,182"
2019-06-28 10:05:01.071858107,LAST_TRADE,"100,$99789.0000"
2019-06-28 10:05:07.374899816,QUERY_ORDER_STREAM,57
2019-06-28 10:05:07.374899816,QUERY_SPREAD,57
2019-06-28 10:05:07.374899816,BEST_BID,"JPM,99789,82"
2019-06-28 10:05:07.374899816,BEST_ASK,"JPM,99794,100"
2019-06-28 10:05:10.000000000,QUERY_SPREAD,1
2019-06-28 10:05:10.000000000,BEST_BID,"JPM,99712,182"
2019-06-28 10:05:10.000000000,BEST_ASK,"JPM,99794,100"
2019-06-28 10:05:10.000000000,BEST_BID,"JPM,99712,182"
2019-06-28 10:05:10.000000000,BEST_ASK,"JPM,99794,100"
2019-06-28 10:05:10.000000000,BEST_BID,"JPM,99712,182"
2019-06-28 10:05:10.000000000,BEST_ASK,"JPM,99794,100"
2019-06-28 10:05:10.000000000,BEST_BID,"JPM,99712,182"
2019-06-28 10:05:10.000000000,BEST_ASK,"JPM,99794,100"
2019-06-28 10:05:10.000000000,BEST_BID,"JPM,99712,182"
2019-06-28 10:05:10.000000000,BEST_ASK,"JPM,99794,182"
2019-06-28 10:05:10.000000000,BEST_BID,"JPM,99712,182"
2019-06-28 10:05:10.000000000,BEST_ASK,"JPM,99794,182"
2019-06-28 10:05:10.000000000,BEST_BID,"JPM,99712,182"
2019-06-28 10:05:10.000000000,BEST_ASK,"JPM,99794,182"
2019-06-28 10:05:10.000000000,BEST_BID,"JPM,99712,182"
2019-06-28 10:05:10.000000000,BEST_ASK,"JPM,99794,182"
2019-06-28 10:05:20.000000000,QUERY_SPREAD,1
2019-06-28 10:05:20.000000000,BEST_BID,"JPM,99712,166"
2019-06-28 10:05:20.000000000,BEST_ASK,"JPM,99794,100"
2019-06-28 10:05:20.000000000,BEST_BID,"JPM,99712,166"
2019-06-28 10:05:20.000000000,BEST_ASK,"JPM,99794,100"
2019-06-28 10:05:20.000000000,BEST_BID,"JPM,99712,166"
2019-06-28 10:05:20.000000000,BEST_ASK,"JPM,99794,100"
2019-06-28 10:05:20.000000000,BEST_BID,"JPM,99712,166"
2019-06-28 10:05:20.000000000,BEST_ASK,"JPM,99794,100"
2019-06-28 10:05:20.000000000,BEST_BID,"JPM,99712,166"
2019-06-28 10:05:20.000000000,BEST_ASK,"JPM,99794,100"
2019-06-28 10:05:20.000000000,BEST_BID,"JPM,99712,166"
2019-06-28 10:05:20.000000000,BEST_ASK,"JPM,99794,166"
2019-06-28 10:05:20.000000000,BEST_BID,"JPM,99712,166"
2019-06-28 10:05:20.000000000,BEST_ASK,"JPM,99794,166"
2019-06-28 10:05:20.000000000,BEST_BID,"JPM,99712,166"
2019-06-28 10:05:20.000000000,BEST_ASK,"JPM,99794,166"
2019-06-28 10:05:20.000000000,BEST_BID,"JPM,99712,166"
2019-06-28 10:05:20.000000000,BEST_ASK,"JPM,99794,166"
2019-06-28 10:05:20.000000000,BEST_BID,"JPM,99712,166"
2019-06-28 10:05:20.000000000,BEST_ASK,"JPM,99794,166"
2019-06-28 10:05:29.992407559,QUERY_ORDER_STREAM,68
2019-06-28 10:05:29.992407559,QUERY_SPREAD,68
2019-06-28 10:05:29.992407559,BEST_BID,"JPM,99712,166"
2019-06-28 10:05:29.992407559,BEST_ASK,"JPM,99794,266"
2019-06-28 10:05:30.000000000,QUERY_SPREAD,1
2019-06-28 10:05:30.000000000,BEST_BID,"JPM,99712,182"
2019-06-28 10:05:30.000000000,BEST_ASK,"JPM,99794,200"
2019-06-28 10:05:30.000000000,BEST_BID,"JPM,99712,182"
2019-06-28 10:05:30.000000000,BEST_ASK,"JPM,99794,200"
2019-06-28 10:05:30.000000000,BEST_BID,"JPM,99712,182"
2019-06-28 10:05:30.000000000,BEST_ASK,"JPM,99794,200"
2019-06-28 10:05:30.000000000,BEST_BID,"JPM,99712,182"
2019-06-28 10:05:30.000000000,BEST_ASK,"JPM,99794,200"
2019-06-28 10:05:30.000000000,BEST_BID,"JPM,99712,182"
2019-06-28 10:05:30.000000000,BEST_ASK,"JPM,99794,282"
2019-06-28 10:05:30.000000000,BEST_BID,"JPM,99712,182"
2019-06-28 10:05:30.000000000,BEST_ASK,"JPM,99794,282"
2019-06-28 10:05:30.000000000,BEST_BID,"JPM,99712,182"
2019-06-28 10:05:30.000000000,BEST_ASK,"JPM,99794,282"
2019-06-28 10:05:30.000000000,BEST_BID,"JPM,99712,182"
2019-06-28 10:05:30.000000000,BEST_ASK,"JPM,99794,282"
2019-06-28 10:05:37.635949327,QUERY_SPREAD,19
2019-06-28 10:05:37.635949327,BEST_BID,"JPM,99712,182"
2019-06-28 10:05:37.635949327,BEST_ASK,"JPM,99794,282"
2019-06-28 10:05:40.000000000,QUERY_SPREAD,1
2019-06-28 10:05:40.000000000,BEST_BID,"JPM,99712,428"
2019-06-28 10:05:40.000000000,BEST_ASK,"JPM,99794,200"
2019-06-28 10:05:40.000000000,BEST_BID,"JPM,99712,428"
2019-06-28 10:05:40.000000000,BEST_ASK,"JPM,99794,528"
2019-06-28 10:05:45.390669613,QUERY_ORDER_STREAM,68
2019-06-28 10:05:45.390669613,QUERY_SPREAD,68
2019-06-28 10:05:45.390669613,BEST_BID,"JPM,99712,428"
2019-06-28 10:05:45.390669613,BEST_ASK,"JPM,99794,528"
2019-06-28 10:05:45.781545046,QUERY_SPREAD,13
2019-06-28 10:05:45.781545046,BEST_BID,"JPM,99712,328"
2019-06-28 10:05:45.781545046,BEST_ASK,"JPM,99794,528"
2019-06-28 10:05:45.781545046,LAST_TRADE,"100,$99712.0000"
2019-06-28 10:05:50.000000000,QUERY_SPREAD,1
2019-06-28 10:05:50.000000000,BEST_BID,"JPM,99621,528"
2019-06-28 10:05:50.000000000,BEST_ASK,"JPM,99794,200"
2019-06-28 10:05:50.000000000,BEST_BID,"JPM,99621,528"
2019-06-28 10:05:50.000000000,BEST_ASK,"JPM,99794,528"
2019-06-28 10:05:56.945564235,QUERY_SPREAD,48
2019-06-28 10:05:56.945564235,BEST_BID,"JPM,99621,428"
2019-06-28 10:05:56.945564235,BEST_ASK,"JPM,99794,528"
2019-06-28 10:05:56.945564235,LAST_TRADE,"100,$99621.0000"
2019-06-28 10:05:57.339790663,QUERY_SPREAD,34
2019-06-28 10:05:57.339790663,BEST_BID,"JPM,99621,428"
2019-06-28 10:05:57.339790663,BEST_ASK,"JPM,99794,528"
2019-06-28 10:05:59.369095098,QUERY_ORDER_STREAM,64
2019-06-28 10:05:59.369095098,QUERY_SPREAD,64
2019-06-28 10:06:00.000000000,QUERY_SPREAD,1
2019-06-28 10:06:00.000000000,BEST_BID,"JPM,99621,166"
2019-06-28 10:06:00.000000000,BEST_ASK,"JPM,99794,200"
2019-06-28 10:06:00.000000000,BEST_BID,"JPM,99621,166"
2019-06-28 10:06:00.000000000,BEST_ASK,"JPM,99794,200"
2019-06-28 10:06:00.000000000,BEST_BID,"JPM,99621,166"
2019-06-28 10:06:00.000000000,BEST_ASK,"JPM,99794,200"
2019-06-28 10:06:00.000000000,BEST_BID,"JPM,99621,166"
2019-06-28 10:06:00.000000000,BEST_ASK,"JPM,99794,200"
2019-06-28 10:06:00.000000000,BEST_BID,"JPM,99621,166"
2019-06-28 10:06:00.000000000,BEST_ASK,"JPM,99794,200"
2019-06-28 10:06:00.000000000,BEST_BID,"JPM,99621,166"
2019-06-28 10:06:00.000000000,BEST_ASK,"JPM,99794,266"
2019-06-28 10:06:00.000000000,BEST_BID,"JPM,99621,166"
2019-06-28 10:06:00.000000000,BEST_ASK,"JPM,99794,266"
2019-06-28 10:06:00.000000000,BEST_BID,"JPM,99621,166"
2019-06-28 10:06:00.000000000,BEST_ASK,"JPM,99794,266"
2019-06-28 10:06:00.000000000,BEST_BID,"JPM,99621,166"
2019-06-28 10:06:00.000000000,BEST_ASK,"JPM,99794,266"
2019-06-28 10:06:00.000000000,BEST_BID,"JPM,99621,166"
2019-06-28 10:06:00.000000000,BEST_ASK,"JPM,99794,266"
2019-06-28 10:06:00.000000000,QUERY_SPREAD,77
2019-06-28 10:06:00.000000000,QUERY_SPREAD,78
2019-06-28 10:06:00.000000000,QUERY_SPREAD,79
2019-06-28 10:06:00.000000000,QUERY_SPREAD,80
2019-06-28 10:06:00.000000000,QUERY_SPREAD,81
2019-06-28 10:06:00.000000000,QUERY_SPREAD,82
2019-06-28 10:06:00.000000000,QUERY_SPREAD,83
2019-06-28 10:06:00.000000000,QUERY_SPREAD,84
2019-06-28 10:06:00.000000000,QUERY_SPREAD,85
2019-06-28 10:06:00.000000000,QUERY_SPREAD,86
2019-06-28 10:06:00.000000000,QUERY_SPREAD,87
2019-06-28 10:06:00.000000000,QUERY_SPREAD,88
2019-06-28 10:06:00.000000000,QUERY_SPREAD,89
2019-06-28 10:06:00.000000000,QUERY_SPREAD,90
2019-06-28 10:06:00.000000000,QUERY_SPREAD,91
2019-06-28 10:06:00.000000000,QUERY_SPREAD,92
2019-06-28 10:06:00.000000000,QUERY_SPREAD,93
2019-06-28 10:06:00.000000000,QUERY_SPREAD,94
2019-06-28 10:06:00.000000000,QUERY_SPREAD,95
2019-06-28 10:06:00.000000000,QUERY_SPREAD,96
2019-06-28 10:06:00.000000000,QUERY_SPREAD,97
2019-06-28 10:06:00.000000000,QUERY_SPREAD,98
2019-06-28 10:06:00.000000000,QUERY_SPREAD,99
2019-06-28 10:06:00.000000000,QUERY_SPREAD,100
2019-06-28 10:06:00.000000000,QUERY_SPREAD,101
2019-06-28 10:06:00.000000000,QUERY_ORDER_STREAM,101
2019-06-28 10:06:05.357569300,QUERY_SPREAD,33
2019-06-28 10:06:05.357569300,BEST_BID,"JPM,99621,166"
2019-06-28 10:06:05.357569300,BEST_ASK,"JPM,99794,266"
2019-06-28 10:06:10.000000000,QUERY_SPREAD,1
2019-06-28 10:06:10.000000000,BEST_BID,"JPM,99621,212"
2019-06-28 10:06:10.000000000,BEST_ASK,"JPM,99794,200"
2019-06-28 10:06:10.000000000,BEST_BID,"JPM,99621,212"
2019-06-28 10:06:10.000000000,BEST_ASK,"JPM,99794,200"
2019-06-28 10:06:10.000000000,BEST_BID,"JPM,99621,212"
2019-06-28 10:06:10.000000000,BEST_ASK,"JPM,99794,200"
2019-06-28 10:06:10.000000000,BEST_BID,"JPM,99621,212"
2019-06-28 10:06:10.000000000,BEST_ASK,"JPM,99794,312"
2019-06-28 10:06:10.000000000,BEST_BID,"JPM,99621,212"
2019-06-28 10:06:10.000000000,BEST_ASK,"JPM,99794,312"
2019-06-28 10:06:10.000000000,BEST_BID,"JPM,99621,212"
2019-06-28 10:06:10.000000000,BEST_ASK,"JPM,99794,312"
2019-06-28 10:06:20.000000000,QUERY_SPREAD,1
2019-06-28 10:06:20.000000000,BEST_BID,"JPM,99621,212"
2019-06-28 10:06:20.000000000,BEST_ASK,"JPM,99794,200"
2019-06-28 10:06:20.000000000,BEST_BID,"JPM,99621,212"
2019-06-28 10:06:20.000000000,BEST_ASK,"JPM,99794,200"
2019-06-28 10:06:20.000000000,BEST_BID,"JPM,99621,212"
2019-06-28 10:06:20.000000000,BEST_ASK,"JPM,99794,200"
2019-06-28 10:06:20.000000000,BEST_BID,"JPM,99621,212"
2019-06-28 10:06:20.000000000,BEST_ASK,"JPM,99794,312"
2019-06-28 10:06:20.000000000,BEST_BID,"JPM,99621,212"
2019-06-28 10:06:20.000000000,BEST_ASK,"JPM,99794,312"
2019-06-28 10:06:20.000000000,BEST_BID,"JPM,99621,212"
2019-06-28 10:06:20.000000000,BEST_ASK,"JPM,99794,312"
2019-06-28 10:06:23.531730421,QUERY_SPREAD,42
2019-06-28 10:06:23.531730421,BEST_BID,"JPM,99621,212"
2019-06-28 10:06:23.531730421,BEST_ASK,"JPM,99794,312"
2019-06-28 10:06:23.876053201,QUERY_SPREAD,21
2019-06-28 10:06:23.876053201,BEST_BID,"JPM,99621,112"
2019-06-28 10:06:23.876053201,BEST_ASK,"JPM,99794,312"
2019-06-28 10:06:23.876053201,LAST_TRADE,"100,$99621.0000"
2019-06-28 10:06:30.000000000,QUERY_SPREAD,1
2019-06-28 10:06:30.000000000,BEST_BID,"JPM,99536,166"
2019-06-28 10:06:30.000000000,BEST_ASK,"JPM,99794,200"
2019-06-28 10:06:30.000000000,BEST_BID,"JPM,99536,166"
2019-06-28 10:06:30.000000000,BEST_ASK,"JPM,99794,200"
2019-06-28 10:06:30.000000000,BEST_BID,"JPM,99536,166"
2019-06-28 10:06:30.000000000,BEST_ASK,"JPM,99794,200"
2019-06-28 10:06:30.000000000,BEST_BID,"JPM,99536,166"
2019-06-28 10:06:30.000000000,BEST_ASK,"JPM,99794,200"
2019-06-28 10:06:30.000000000,BEST_BID,"JPM,99536,166"
2019-06-28 10:06:30.000000000,BEST_ASK,"JPM,99794,200"
2019-06-28 10:06:30.000000000,BEST_BID,"JPM,99536,166"
2019-06-28 10:06:30.000000000,BEST_ASK,"JPM,99794,266"
2019-06-28 10:06:30.000000000,BEST_BID,"JPM,99536,166"
2019-06-28 10:06:30.000000000,BEST_ASK,"JPM,99794,266"
2019-06-28 10:06:30.000000000,BEST_BID,"JPM,99536,166"
2019-06-28 10:06:30.000000000,BEST_ASK,"JPM,99794,266"
2019-06-28 10:06:30.000000000,BEST_BID,"JPM,99536,166"
2019-06-28 10:06:30.000000000,BEST_ASK,"JPM,99794,266"
2019-06-28 10:06:30.000000000,BEST_BID,"JPM,99536,166"
2019-06-28 10:06:30.000000000,BEST_ASK,"JPM,99794,266"
2019-06-28 10:06:32.108892193,QUERY_SPREAD,35
2019-06-28 10:06:32.108892193,BEST_BID,"JPM,99536,166"
2019-06-28 10:06:32.108892193,BEST_ASK,"JPM,99794,266"
2019-06-28 10:06:40.000000000,QUERY_SPREAD,1
2019-06-28 10:06:40.000000000,BEST_BID,"JPM,99536,166"
2019-06-28 10:06:40.000000000,BEST_ASK,"JPM,99794,200"
2019-06-28 10:06:40.000000000,BEST_BID,"JPM,99536,166"
2019-06-28 10:06:40.000000000,BEST_ASK,"JPM,99794,200"
2019-06-28 10:06:40.000000000,BEST_BID,"JPM,99536,166"
2019-06-28 10:06:40.000000000,BEST_ASK,"JPM,99794,200"
2019-06-28 10:06:40.000000000,BEST_BID,"JPM,99536,166"
2019-06-28 10:06:40.000000000,BEST_ASK,"JPM,99794,200"
2019-06-28 10:06:40.000000000,BEST_BID,"JPM,99536,166"
2019-06-28 10:06:40.000000000,BEST_ASK,"JPM,99794,200"
2019-06-28 10:06:40.000000000,BEST_BID,"JPM,99536,166"
2019-06-28 10:06:40.000000000,BEST_ASK,"JPM,99794,266"
2019-06-28 10:06:40.000000000,BEST_BID,"JPM,99536,166"
2019-06-28 10:06:40.000000000,BEST_ASK,"JPM,99794,266"
2019-06-28 10:06:40.000000000,BEST_BID,"JPM,99536,166"
2019-06-28 10:06:40.000000000,BEST_ASK,"JPM,99794,266"
2019-06-28 10:06:40.000000000,BEST_BID,"JPM,99536,166"
2019-06-28 10:06:40.000000000,BEST_ASK,"JPM,99794,266"
2019-06-28 10:06:40.000000000,BEST_BID,"JPM,99536,166"
2019-06-28 10:06:40.000000000,BEST_ASK,"JPM,99794,266"
2019-06-28 10:06:40.230604623,QUERY_SPREAD,20
2019-06-28 10:06:40.230604623,BEST_BID,"JPM,99536,166"
2019-06-28 10:06:40.230604623,BEST_ASK,"JPM,99794,266"
2019-06-28 10:06:50.000000000,QUERY_SPREAD,1
2019-06-28 10:06:50.000000000,BEST_BID,"JPM,99536,212"
2019-06-28 10:06:50.000000000,BEST_ASK,"JPM,99794,200"
2019-06-28 10:06:50.000000000,BEST_BID,"JPM,99536,212"
2019-06-28 10:06:50.000000000,BEST_ASK,"JPM,99794,200"
2019-06-28 10:06:50.000000000,BEST_BID,"JPM,99536,212"
2019-06-28 10:06:50.000000000,BEST_ASK,"JPM,99794,200"
2019-06-28 10:06:50.000000000,BEST_BID,"JPM,99536,212"
2019-06-28 10:06:50.000000000,BEST_ASK,"JPM,99794,312"
2019-06-28 10:06:50.000000000,BEST_BID,"JPM,99536,212"
2019-06-28 10:06:50.000000000,BEST_ASK,"JPM,99794,312"
2019-06-28 10:06:50.000000000,BEST_BID,"JPM,99536,212"
2019-06-28 10:06:50.000000000,BEST_ASK,"JPM,99794,312"
2019-06-28 10:07:00.000000000,QUERY_SPREAD,1
2019-06-28 10:07:00.000000000,BEST_BID,"JPM,99536,166"
2019-06-28 10:07:00.000000000,BEST_ASK,"JPM,99794,200"
2019-06-28 10:07:00.000000000,BEST_BID,"JPM,99536,166"
2019-06-28 10:07:00.000000000,BEST_ASK,"JPM,99794,200"
2019-06-28 10:07:00.000000000,BEST_BID,"JPM,99536,166"
2019-06-28 10:07:00.000000000,BEST_ASK,"JPM,99794,200"
2019-06-28 10:07:00.000000000,BEST_BID,"JPM,99536,166"
2019-06-28 10:07:00.000000000,BEST_ASK,"JPM,99794,200"
2019-06-28 10:07:00.000000000,BEST_BID,"JPM,99536,166"
2019-06-28 10:07:00.000000000,BEST_ASK,"JPM,99794,200"
2019-06-28 10:07:00.000000000,BEST_BID,"JPM,99536,166"
2019-06-28 10:07:00.000000000,BEST_ASK,"JPM,99794,266"
2019-06-28 10:07:00.000000000,BEST_BID,"JPM,99536,166"
2019-06-28 10:07:00.000000000,BEST_ASK,"JPM,99794,266"
2019-06-28 10:07:00.000000000,BEST_BID,"JPM,99536,166"
2019-06-28 10:07:00.000000000,BEST_ASK,"JPM,99794,266"
2019-06-28 10:07:00.000000000,BEST_BID,"JPM,99536,166"
2019-06-28 10:07:00.000000000,BEST_ASK,"JPM,99794,266"
2019-06-28 10:07:00.000000000,BEST_BID,"JPM,99536,166"
2019-06-28 10:07:00.000000000,BEST_ASK,"JPM,99794,266"
2019-06-28 10:07:00.000000000,QUERY_SPREAD,77
2019-06-28 10:07:00.000000000,QUERY_SPREAD,78
2019-06-28 10:07:00.000000000,QUERY_SPREAD,79
2019-06-28 10:07:00.000000000,QUERY_SPREAD,80
2019-06-28 10:07:00.000000000,QUERY_SPREAD,81
2019-06-28 10:07:00.000000000,QUERY_SPREAD,82
2019-06-28 10:07:00.000000000,QUERY_SPREAD,83
2019-06-28 10:07:00.000000000,QUERY_SPREAD,84
2019-06-28 10:07:00.000000000,QUERY_SPREAD,85
2019-06-28 10:07:00.000000000,QUERY_SPREAD,86
2019-06-28 10:07:00.000000000,QUERY_SPREAD,87
2019-06-28 10:07:00.000000000,QUERY_SPREAD,88
2019-06-28 10:07:00.000000000,QUERY_SPREAD,89
2019-06-28 10:07:00.000000000,QUERY_SPREAD,90
2019-06-28 10:07:00.000000000,QUERY_SPREAD,91
2019-06-28 10:07:00.000000000,QUERY_SPREAD,92
2019-06-28 10:07:00.000000000,QUERY_SPREAD,93
2019-06-28 10:07:00.000000000,QUERY_SPREAD,94
2019-06-28 10:07:00.000000000,QUERY_SPREAD,95
2019-06-28 10:07:00.000000000,QUERY_SPREAD,96
2019-06-28 10:07:00.000000000,QUERY_SPREAD,97
2019-06-28 10:07:00.000000000,QUERY_SPREAD,98
2019-06-28 10:07:00.000000000,QUERY_SPREAD,99
2019-06-28 10:07:00.000000000,QUERY_SPREAD,100
2019-06-28 10:07:00.000000000,QUERY_SPREAD,101
2019-06-28 10:07:00.000000000,QUERY_ORDER_STREAM,101
2019-06-28 10:07:05.385900472,QUERY_ORDER_STREAM,67
2019-06-28 10:07:05.385900472,QUERY_SPREAD,67
2019-06-28 10:07:05.385900472,BEST_BID,"JPM,99536,166"
2019-06-28 10:07:05.385900472,BEST_ASK,"JPM,99621,100"
2019-06-28 10:07:10.000000000,QUERY_SPREAD,1
2019-06-28 10:07:10.000000000,BEST_BID,"JPM,99536,428"
2019-06-28 10:07:10.000000000,BEST_ASK,"JPM,99621,100"
2019-06-28 10:07:10.000000000,BEST_BID,"JPM,99536,428"
2019-06-28 10:07:10.000000000,BEST_ASK,"JPM,99621,428"
2019-06-28 10:07:16.441802334,QUERY_SPREAD,27
2019-06-28 10:07:16.441802334,BEST_BID,"JPM,99536,328"
2019-06-28 10:07:16.441802334,BEST_ASK,"JPM,99621,428"
2019-06-28 10:07:16.441802334,LAST_TRADE,"100,$99536.0000"
2019-06-28 10:07:20.000000000,QUERY_SPREAD,1
2019-06-28 10:07:20.000000000,BEST_BID,"JPM,99377,264"
2019-06-28 10:07:20.000000000,BEST_ASK,"JPM,99621,100"
2019-06-28 10:07:20.000000000,BEST_BID,"JPM,99377,264"
2019-06-28 10:07:20.000000000,BEST_ASK,"JPM,99621,100"
2019-06-28 10:07:20.000000000,BEST_BID,"JPM,99377,264"
2019-06-28 10:07:20.000000000,BEST_ASK,"JPM,99621,264"
2019-06-28 10:07:20.000000000,BEST_BID,"JPM,99377,264"
2019-06-28 10:07:20.000000000,BEST_ASK,"JPM,99621,264"
2019-06-28 10:07:21.751273764,QUERY_SPREAD,41
2019-06-28 10:07:21.751273764,BEST_BID,"JPM,99377,264"
2019-06-28 10:07:21.751273764,BEST_ASK,"JPM,99621,264"
2019-06-28 10:07:30.000000000,QUERY_SPREAD,1
2019-06-28 10:07:30.000000000,BEST_BID,"JPM,99377,182"
2019-06-28 10:07:30.000000000,BEST_ASK,"JPM,99621,100"
2019-06-28 10:07:30.000000000,BEST_BID,"JPM,99377,182"
2019-06-28 10:07:30.000000000,BEST_ASK,"JPM,99621,100"
2019-06-28 10:07:30.000000000,BEST_BID,"JPM,99377,182"
2019-06-28 10:07:30.000000000,BEST_ASK,"JPM,99621,100"
2019-06-28 10:07:30.000000000,BEST_BID,"JPM,99377,182"
2019-06-28 10:07:30.000000000,BEST_ASK,"JPM,99621,100"
2019-06-28 10:07:30.000000000,BEST_BID,"JPM,99377,182"
2019-06-28 10:07:30.000000000,BEST_ASK,"JPM,99621,182"
2019-06-28 10:07:30.000000000,BEST_BID,"JPM,99377,182"
2019-06-28 10:07:30.000000000,BEST_ASK,"JPM,99621,182"
2019-06-28 10:07:30.000000000,BEST_BID,"JPM,99377,182"
2019-06-28 10:07:30.000000000,BEST_ASK,"JPM,99621,182"
2019-06-28 10:07:30.000000000,BEST_BID,"JPM,99377,182"
2019-06-28 10:07:30.000000000,BEST_ASK,"JPM,99621,182"
2019-06-28 10:07:39.825033425,QUERY_SPREAD,32
2019-06-28 10:07:39.825033425,BEST_BID,"JPM,99377,82"
2019-06-28 10:07:39.825033425,BEST_ASK,"JPM,99621,182"
2019-06-28 10:07:39.825033425,LAST_TRADE,"100,$99377.0000"
2019-06-28 10:07:40.000000000,QUERY_SPREAD,1
2019-06-28 10:07:40.000000000,BEST_BID,"JPM,99357,182"
2019-06-28 10:07:40.000000000,BEST_ASK,"JPM,99621,100"
2019-06-28 10:07:40.000000000,BEST_BID,"JPM,99357,182"
2019-06-28 10:07:40.000000000,BEST_ASK,"JPM,99621,100"
2019-06-28 10:07:40.000000000,BEST_BID,"JPM,99357,182"
2019-06-28 10:07:40.000000000,BEST_ASK,"JPM,99621,100"
2019-06-28 10:07:40.000000000,BEST_BID,"JPM,99357,182"
2019-06-28 10:07:40.000000000,BEST_ASK,"JPM,99621,100"
2019-06-28 10:07:40.000000000,BEST_BID,"JPM,99357,182"
2019-06-28 10:07:40.000000000,BEST_ASK,"JPM,99621,182"
2019-06-28 10:07:40.000000000,BEST_BID,"JPM,99357,182"
2019-06-28 10:07:40.000000000,BEST_ASK,"JPM,99621,182"
2019-06-28 10:07:40.000000000,BEST_BID,"JPM,99357,182"
2019-06-28 10:07:40.000000000,BEST_ASK,"JPM,99621,182"
2019-06-28 10:07:40.000000000,BEST_BID,"JPM,99357,182"
2019-06-28 10:07:40.000000000,BEST_ASK,"JPM,99621,182"
2019-06-28 10:07:47.528669445,QUERY_SPREAD,25
2019-06-28 10:07:47.528669445,BEST_BID,"JPM,99357,82"
2019-06-28 10:07:47.528669445,BEST_ASK,"JPM,99621,182"
2019-06-28 10:07:47.528669445,LAST_TRADE,"100,$99357.0000"
2019-06-28 10:07:50.000000000,QUERY_SPREAD,1
2019-06-28 10:07:50.000000000,BEST_BID,"JPM,99285,182"
2019-06-28 10:07:50.000000000,BEST_ASK,"JPM,99621,100"
2019-06-28 10:07:50.000000000,BEST_BID,"JPM,99285,182"
2019-06-28 10:07:50.000000000,BEST_ASK,"JPM,99621,100"
2019-06-28 10:07:50.000000000,BEST_BID,"JPM,99285,182"
2019-06-28 10:07:50.000000000,BEST_ASK,"JPM,99621,100"
2019-06-28 10:07:50.000000000,BEST_BID,"JPM,99285,182"
2019-06-28 10:07:50.000000000,BEST_ASK,"JPM,99621,100"
2019-06-28 10:07:50.000000000,BEST_BID,"JPM,99285,182"
2019-06-28 10:07:50.000000000,BEST_ASK,"JPM,99621,182"
2019-06-28 10:07:50.000000000,BEST_BID,"JPM,99285,182"
2019-06-28 10:07:50.000000000,BEST_ASK,"JPM,99621,182"
2019-06-28 10:07:50.000000000,BEST_BID,"JPM,99285,182"
2019-06-28 10:07:50.000000000,BEST_ASK,"JPM,99621,182"
2019-06-28 10:07:50.000000000,BEST_BID,"JPM,99285,182"
2019-06-28 10:07:50.000000000,BEST_ASK,"JPM,99621,182"
2019-06-28 10:07:50.352549447,QUERY_ORDER_STREAM,72
2019-06-28 10:07:50.352549447,QUERY_SPREAD,72
2019-06-28 10:08:00.000000000,QUERY_SPREAD,1
2019-06-28 10:08:00.000000000,BEST_BID,"JPM,99285,182"
2019-06-28 10:08:00.000000000,BEST_ASK,"JPM,99621,100"
2019-06-28 10:08:00.000000000,BEST_BID,"JPM,99285,182"
2019-06-28 10:08:00.000000000,BEST_ASK,"JPM,99621,100"
2019-06-28 10:08:00.000000000,BEST_BID,"JPM,99285,182"
2019-06-28 10:08:00.000000000,BEST_ASK,"JPM,99621,100"
2019-06-28 10:08:00.000000000,BEST_BID,"JPM,99285,182"
2019-06-28 10:08:00.000000000,BEST_ASK,"JPM,99621,100"
2019-06-28 10:08:00.000000000,BEST_BID,"JPM,99285,182"
2019-06-28 10:08:00.000000000,BEST_ASK,"JPM,99621,182"
2019-06-28 10:08:00.000000000,BEST_BID,"JPM,99285,182"
2019-06-28 10:08:00.000000000,BEST_ASK,"JPM,99621,182"
2019-06-28 10:08:00.000000000,BEST_BID,"JPM,99285,182"
2019-06-28 10:08:00.000000000,BEST_ASK,"JPM,99621,182"
2019-06-28 10:08:00.000000000,BEST_BID,"JPM,99285,182"
2019-06-28 10:08:00.000000000,BEST_ASK,"JPM,99621,182"
2019-06-28 10:08:00.000000000,QUERY_SPREAD,77
2019-06-28 10:08:00.000000000,QUERY_SPREAD,78
2019-06-28 10:08:00.000000000,QUERY_SPREAD,79
2019-06-28 10:08:00.000000000,QUERY_SPREAD,80
2019-06-28 10:08:00.000000000,QUERY_SPREAD,81
2019-06-28 10:08:00.000000000,QUERY_SPREAD,82
2019-06-28 10:08:00.000000000,QUERY_SPREAD,83
2019-06-28 10:08:00.000000000,QUERY_SPREAD,84
2019-06-28 10:08:00.000000000,QUERY_SPREAD,85
2019-06-28 10:08:00.000000000,QUERY_SPREAD,86
2019-06-28 10:08:00.000000000,QUERY_SPREAD,87
2019-06-28 10:08:00.000000000,QUERY_SPREAD,88
2019-06-28 10:08:00.000000000,QUERY_SPREAD,89
2019-06-28 10:08:00.000000000,QUERY_SPREAD,90
2019-06-28 10:08:00.000000000,QUERY_SPREAD,91
2019-06-28 10:08:00.000000000,QUERY_SPREAD,92
2019-06-28 10:08:00.000000000,QUERY_SPREAD,93
2019-06-28 10:08:00.000000000,QUERY_SPREAD,94
2019-06-28 10:08:00.000000000,QUERY_SPREAD,95
2019-06-28 10:08:00.000000000,QUERY_SPREAD,96
2019-06-28 10:08:00.000000000,QUERY_SPREAD,97
2019-06-28 10:08:00.000000000,QUERY_SPREAD,98
2019-06-28 10:08:00.000000000,QUERY_SPREAD,99
2019-06-28 10:08:00.000000000,QUERY_SPREAD,100
2019-06-28 10:08:00.000000000,QUERY_SPREAD,101
2019-06-28 10:08:00.000000000,QUERY_ORDER_STREAM,101
2019-06-28 10:08:10.000000000,QUERY_SPREAD,1
2019-06-28 10:08:10.000000000,BEST_BID,"JPM,99285,264"
2019-06-28 10:08:10.000000000,BEST_ASK,"JPM,99621,100"
2019-06-28 10:08:10.000000000,BEST_BID,"JPM,99285,264"
2019-06-28 10:08:10.000000000,BEST_ASK,"JPM,99621,100"
2019-06-28 10:08:10.000000000,BEST_BID,"JPM,99285,264"
2019-06-28 10:08:10.000000000,BEST_ASK,"JPM,99621,264"
2019-06-28 10:08:10.000000000,BEST_BID,"JPM,99285,264"
2019-06-28 10:08:10.000000000,BEST_ASK,"JPM,99621,264"
2019-06-28 10:08:17.039420782,QUERY_SPREAD,5
2019-06-28 10:08:17.039420782,BEST_BID,"JPM,99294,100"
2019-06-28 10:08:17.039420782,BEST_ASK,"JPM,99621,264"
2019-06-28 10:08:18.840960818,QUERY_ORDER_STREAM,53
2019-06-28 10:08:18.840960818,QUERY_SPREAD,53
2019-06-28 10:08:18.840960818,BEST_BID,"JPM,99378,100"
2019-06-28 10:08:18.840960818,BEST_ASK,"JPM,99621,264"
2019-06-28 10:08:20.000000000,QUERY_SPREAD,1
2019-06-28 10:08:20.000000000,BEST_BID,"JPM,99378,428"
2019-06-28 10:08:20.000000000,BEST_ASK,"JPM,99621,100"
2019-06-28 10:08:20.000000000,BEST_BID,"JPM,99378,428"
2019-06-28 10:08:20.000000000,BEST_ASK,"JPM,99621,428"
2019-06-28 10:08:20.306199532,QUERY_SPREAD,40
2019-06-28 10:08:20.306199532,BEST_BID,"JPM,99378,428"
2019-06-28 10:08:20.306199532,BEST_ASK,"JPM,99621,428"
2019-06-28 10:08:30.000000000,QUERY_SPREAD,1
2019-06-28 10:08:30.000000000,BEST_BID,"JPM,99378,212"
2019-06-28 10:08:30.000000000,BEST_ASK,"JPM,99621,100"
2019-06-28 10:08:30.000000000,BEST_BID,"JPM,99378,212"
2019-06-28 10:08:30.000000000,BEST_ASK,"JPM,99621,100"
2019-06-28 10:08:30.000000000,BEST_BID,"JPM,99378,212"
2019-06-28 10:08:30.000000000,BEST_ASK,"JPM,99621,100"
2019-06-28 10:08:30.000000000,BEST_BID,"JPM,99378,212"
2019-06-28 10:08:30.000000000,BEST_ASK,"JPM,99621,212"
2019-06-28 10:08:30.000000000,BEST_BID,"JPM,99378,212"
2019-06-28 10:08:30.000000000,BEST_ASK,"JPM,99621,212"
2019-06-28 10:08:30.000000000,BEST_BID,"JPM,99378,212"
2019-06-28 10:08:30.000000000,BEST_ASK,"JPM,99621,212"
2019-06-28 10:08:33.427228987,QUERY_SPREAD,10
2019-06-28 10:08:33.427228987,BEST_BID,"JPM,99378,212"
2019-06-28 10:08:33.427228987,BEST_ASK,"JPM,99621,112"
2019-06-28 10:08:33.427228987,LAST_TRADE,"100,$99621.0000"
2019-06-28 10:08:40.000000000,QUERY_SPREAD,1
2019-06-28 10:08:40.000000000,BEST_BID,"JPM,99378,166"
2019-06-28 10:08:40.000000000,BEST_ASK,"JPM,99794,200"
2019-06-28 10:08:40.000000000,BEST_BID,"JPM,99378,166"
2019-06-28 10:08:40.000000000,BEST_ASK,"JPM,99794,200"
2019-06-28 10:08:40.000000000,BEST_BID,"JPM,99378,166"
2019-06-28 10:08:40.000000000,BEST_ASK,"JPM,99794,200"
2019-06-28 10:08:40.000000000,BEST_BID,"JPM,99378,166"
2019-06-28 10:08:40.000000000,BEST_ASK,"JPM,99794,200"
2019-06-28 10:08:40.000000000,BEST_BID,"JPM,99378,166"
2019-06-28 10:08:40.000000000,BEST_ASK,"JPM,99794,200"
2019-06-28 10:08:40.000000000,BEST_BID,"JPM,99378,166"
2019-06-28 10:08:40.000000000,BEST_ASK,"JPM,99794,266"
2019-06-28 10:08:40.000000000,BEST_BID,"JPM,99378,166"
2019-06-28 10:08:40.000000000,BEST_ASK,"JPM,99794,266"
2019-06-28 10:08:40.000000000,BEST_BID,"JPM,99378,166"
2019-06-28 10:08:40.000000000,BEST_ASK,"JPM,99794,266"
2019-06-28 10:08:40.000000000,BEST_BID,"JPM,99378,166"
2019-06-28 10:08:40.000000000,BEST_ASK,"JPM,99794,266"
2019-06-28 10:08:40.000000000,BEST_BID,"JPM,99378,166"
2019-06-28 10:08:40.000000000,BEST_ASK,"JPM,99794,266"
2019-06-28 10:08:50.000000000,QUERY_SPREAD,1
2019-06-28 10:08:50.000000000,BEST_BID,"JPM,99378,182"
2019-06-28 10:08:50.000000000,BEST_ASK,"JPM,99794,200"
2019-06-28 10:08:50.000000000,BEST_BID,"JPM,99378,182"
2019-06-28 10:08:50.000000000,BEST_ASK,"JPM,99794,200"
2019-06-28 10:08:50.000000000,BEST_BID,"JPM,99378,182"
2019-06-28 10:08:50.000000000,BEST_ASK,"JPM,99794,200"
2019-06-28 10:08:50.000000000,BEST_BID,"JPM,99378,182"
2019-06-28 10:08:50.000000000,BEST_ASK,"JPM,99794,200"
2019-06-28 10:08:50.000000000,BEST_BID,"JPM,99378,182"
2019-06-28 10:08:50.000000000,BEST_ASK,"JPM,99794,282"
2019-06-28 10:08:50.000000000,BEST_BID,"JPM,99378,182"
2019-06-28 10:08:50.000000000,BEST_ASK,"JPM,99794,282"
2019-06-28 10:08:50.000000000,BEST_BID,"JPM,99378,182"
2019-06-28 10:08:50.000000000,BEST_ASK,"JPM,99794,282"
2019-06-28 10:08:50.000000000,BEST_BID,"JPM,99378,182"
2019-06-28 10:08:50.000000000,BEST_ASK,"JPM,99794,282"
2019-06-28 10:09:00.000000000,QUERY_SPREAD,1
2019-06-28 10:09:00.000000000,BEST_BID,"JPM,99378,166"
2019-06-28 10:09:00.000000000,BEST_ASK,"JPM,99794,200"
2019-06-28 10:09:00.000000000,BEST_BID,"JPM,99378,166"
2019-06-28 10:09:00.000000000,BEST_ASK,"JPM,99794,200"
2019-06-28 10:09:00.000000000,BEST_BID,"JPM,99378,166"
2019-06-28 10:09:00.000000000,BEST_ASK,"JPM,99794,200"
2019-06-28 10:09:00.000000000,BEST_BID,"JPM,99378,166"
2019-06-28 10:09:00.000000000,BEST_ASK,"JPM,99794,200"
2019-06-28 10:09:00.000000000,BEST_BID,"JPM,99378,166"
2019-06-28 10:09:00.000000000,BEST_ASK,"JPM,99794,200"
2019-06-28 10:09:00.000000000,BEST_BID,"JPM,99378,166"
2019-06-28 10:09:00.000000000,BEST_ASK,"JPM,99794,266"
2019-06-28 10:09:00.000000000,BEST_BID,"JPM,99378,166"
2019-06-28 10:09:00.000000000,BEST_ASK,"JPM,99794,266"
2019-06-28 10:09:00.000000000,BEST_BID,"JPM,99378,166"
2019-06-28 10:09:00.000000000,BEST_ASK,"JPM,99794,266"
2019-06-28 10:09:00.000000000,BEST_BID,"JPM,99378,166"
2019-06-28 10:09:00.000000000,BEST_ASK,"JPM,99794,266"
2019-06-28 10:09:00.000000000,BEST_BID,"JPM,99378,166"
2019-06-28 10:09:00.000000000,BEST_ASK,"JPM,99794,266"
2019-06-28 10:09:00.000000000,QUERY_SPREAD,77
2019-06-28 10:09:00.000000000,QUERY_SPREAD,78
2019-06-28 10:09:00.000000000,QUERY_SPREAD,79
2019-06-28 10:09:00.000000000,QUERY_SPREAD,80
2019-06-28 10:09:00.000000000,QUERY_SPREAD,81
2019-06-28 10:09:00.000000000,QUERY_SPREAD,82
2019-06-28 10:09:00.000000000,QUERY_SPREAD,83
2019-06-28 10:09:00.000000000,QUERY_SPREAD,84
2019-06-28 10:09:00.000000000,QUERY_SPREAD,85
2019-06-28 10:09:00.000000000,QUERY_SPREAD,86
2019-06-28 10:09:00.000000000,QUERY_SPREAD,87
2019-06-28 10:09:00.000000000,QUERY_SPREAD,88
2019-06-28 10:09:00.000000000,QUERY_SPREAD,89
2019-06-28 10:09:00.000000000,QUERY_SPREAD,90
2019-06-28 10:09:00.000000000,QUERY_SPREAD,91
2019-06-28 10:09:00.000000000,QUERY_SPREAD,92
2019-06-28 10:09:00.000000000,QUERY_SPREAD,93
2019-06-28 10:09:00.000000000,QUERY_SPREAD,94
2019-06-28 10:09:00.000000000,QUERY_SPREAD,95
2019-06-28 10:09:00.000000000,QUERY_SPREAD,96
2019-06-28 10:09:00.000000000,QUERY_SPREAD,97
2019-06-28 10:09:00.000000000,QUERY_SPREAD,98
2019-06-28 10:09:00.000000000,QUERY_SPREAD,99
2019-06-28 10:09:00.000000000,QUERY_SPREAD,100
2019-06-28 10:09:00.000000000,QUERY_SPREAD,101
2019-06-28 10:09:00.000000000,QUERY_ORDER_STREAM,101
2019-06-28 10:09:06.132515849,QUERY_SPREAD,10
2019-06-28 10:09:06.132515849,BEST_BID,"JPM,99378,166"
2019-06-28 10:09:06.132515849,BEST_ASK,"JPM,99794,266"
2019-06-28 10:09:10.000000000,QUERY_SPREAD,1
2019-06-28 10:09:10.000000000,BEST_BID,"JPM,99378,212"
2019-06-28 10:09:10.000000000,BEST_ASK,"JPM,99794,200"
2019-06-28 10:09:10.000000000,BEST_BID,"JPM,99378,212"
2019-06-28 10:09:10.000000000,BEST_ASK,"JPM,99794,200"
2019-06-28 10:09:10.000000000,BEST_BID,"JPM,99378,212"
2019-06-28 10:09:10.000000000,BEST_ASK,"JPM,99794,200"
2019-06-28 10:09:10.000000000,BEST_BID,"JPM,99378,212"
2019-06-28 10:09:10.000000000,BEST_ASK,"JPM,99794,312"
2019-06-28 10:09:10.000000000,BEST_BID,"JPM,99378,212"
2019-06-28 10:09:10.000000000,BEST_ASK,"JPM,99794,312"
2019-06-28 10:09:10.000000000,BEST_BID,"JPM,99378,212"
2019-06-28 10:09:10.000000000,BEST_ASK,"JPM,99794,312"
2019-06-28 10:09:11.773360026,QUERY_SPREAD,28
2019-06-28 10:09:11.773360026,BEST_BID,"JPM,99378,212"
2019-06-28 10:09:11.773360026,BEST_ASK,"JPM,99794,312"
2019-06-28 10:09:20.000000000,QUERY_SPREAD,1
2019-06-28 10:09:20.000000000,BEST_BID,"JPM,99378,182"
2019-06-28 10:09:20.000000000,BEST_ASK,"JPM,99794,200"
2019-06-28 10:09:20.000000000,BEST_BID,"JPM,99378,182"
2019-06-28 10:09:20.000000000,BEST_ASK,"JPM,99794,200"
2019-06-28 10:09:20.000000000,BEST_BID,"JPM,99378,182"
2019-06-28 10:09:20.000000000,BEST_ASK,"JPM,99794,200"
2019-06-28 10:09:20.000000000,BEST_BID,"JPM,99378,182"
2019-06-28 10:09:20.000000000,BEST_ASK,"JPM,99794,200"
2019-06-28 10:09:20.000000000,BEST_BID,"JPM,99378,182"
2019-06-28 10:09:20.000000000,BEST_ASK,"JPM,99794,282"
2019-06-28 10:09:20.000000000,BEST_BID,"JPM,99378,182"
2019-06-28 10:09:20.000000000,BEST_ASK,"JPM,99794,282"
2019-06-28 10:09:20.000000000,BEST_BID,"JPM,99378,182"
2019-06-28 10:09:20.000000000,BEST_ASK,"JPM,99794,282"
2019-06-28 10:09:20.000000000,BEST_BID,"JPM,99378,182"
2019-06-28 10:09:20.000000000,BEST_ASK,"JPM,99794,282"
2019-06-28 10:09:27.047550552,QUERY_ORDER_STREAM,62
2019-06-28 10:09:27.047550552,QUERY_SPREAD,62
2019-06-28 10:09:30.000000000,QUERY_SPREAD,1
2019-06-28 10:09:30.000000000,BEST_BID,"JPM,99378,182"
2019-06-28 10:09:30.000000000,BEST_ASK,"JPM,99794,200"
2019-06-28 10:09:30.000000000,BEST_BID,"JPM,99378,182"
2019-06-28 10:09:30.000000000,BEST_ASK,"JPM,99794,200"
2019-06-28 10:09:30.000000000,BEST_BID,"JPM,99378,182"
2019-06-28 10:09:30.000000000,BEST_ASK,"JPM,99794,200"
2019-06-28 10:09:30.000000000,BEST_BID,"JPM,99378,182"
2019-06-28 10:09:30.000000000,BEST_ASK,"JPM,99794,200"
2019-06-28 10:09:30.000000000,BEST_BID,"JPM,99378,182"
2019-06-28 10:09:30.000000000,BEST_ASK,"JPM,99794,282"
2019-06-28 10:09:30.000000000,BEST_BID,"JPM,99378,182"
2019-06-28 10:09:30.000000000,BEST_ASK,"JPM,99794,282"
2019-06-28 10:09:30.000000000,BEST_BID,"JPM,99378,182"
2019-06-28 10:09:30.000000000,BEST_ASK,"JPM,99794,282"
2019-06-28 10:09:30.000000000,BEST_BID,"JPM,99378,182"
2019-06-28 10:09:30.000000000,BEST_ASK,"JPM,99794,282"
2019-06-28 10:09:40.000000000,QUERY_SPREAD,1
2019-06-28 10:09:40.000000000,BEST_BID,"JPM,99378,212"
2019-06-28 10:09:40.000000000,BEST_ASK,"JPM,99794,200"
2019-06-28 10:09:40.000000000,BEST_BID,"JPM,99378,212"
2019-06-28 10:09:40.000000000,BEST_ASK,"JPM,99794,200"
2019-06-28 10:09:40.000000000,BEST_BID,"JPM,99378,212"
2019-06-28 10:09:40.000000000,BEST_ASK,"JPM,99794,200"
2019-06-28 10:09:40.000000000,BEST_BID,"JPM,99378,212"
2019-06-28 10:09:40.000000000,BEST_ASK,"JPM,99794,312"
2019-06-28 10:09:40.000000000,BEST_BID,"JPM,99378,212"
2019-06-28 10:09:40.000000000,BEST_ASK,"JPM,99794,312"
2019-06-28 10:09:40.000000000,BEST_BID,"JPM,99378,212"
2019-06-28 10:09:40.000000000,BEST_ASK,"JPM,99794,312"
2019-06-28 10:09:50.000000000,QUERY_SPREAD,1
2019-06-28 10:09:50.000000000,BEST_BID,"JPM,99378,212"
2019-06-28 10:09:50.000000000,BEST_ASK,"JPM,99794,200"
2019-06-28 10:09:50.000000000,BEST_BID,"JPM,99378,212"
2019-06-28 10:09:50.000000000,BEST_ASK,"JPM,99794,200"
2019-06-28 10:09:50.000000000,BEST_BID,"JPM,99378,212"
2019-06-28 10:09:50.000000000,BEST_ASK,"JPM,99794,200"
2019-06-28 10:09:50.000000000,BEST_BID,"JPM,99378,212"
2019-06-28 10:09:50.000000000,BEST_ASK,"JPM,99794,312"
2019-06-28 10:09:50.000000000,BEST_BID,"JPM,99378,212"
2019-06-28 10:09:50.000000000,BEST_ASK,"JPM,99794,312"
2019-06-28 10:09:50.000000000,BEST_BID,"JPM,99378,212"
2019-06-28 10:09:50.000000000,BEST_ASK,"JPM,99794,312"
2019-06-28 10:09:52.201581270,QUERY_ORDER_STREAM,61
2019-06-28 10:09:52.201581270,QUERY_SPREAD,61
2019-06-28 10:09:52.201581270,BEST_BID,"JPM,99379,100"
2019-06-28 10:09:52.201581270,BEST_ASK,"JPM,99794,312"
2019-06-28 10:10:00.000000000,QUERY_SPREAD,1
2019-06-28 10:10:00.000000000,BEST_BID,"JPM,99379,264"
2019-06-28 10:10:00.000000000,BEST_ASK,"JPM,99794,200"
2019-06-28 10:10:00.000000000,BEST_BID,"JPM,99379,264"
2019-06-28 10:10:00.000000000,BEST_ASK,"JPM,99794,200"
2019-06-28 10:10:00.000000000,BEST_BID,"JPM,99379,264"
2019-06-28 10:10:00.000000000,BEST_ASK,"JPM,99794,364"
2019-06-28 10:10:00.000000000,BEST_BID,"JPM,99379,264"
2019-06-28 10:10:00.000000000,BEST_ASK,"JPM,99794,364"
2019-06-28 10:10:00.000000000,QUERY_SPREAD,77
2019-06-28 10:10:00.000000000,QUERY_SPREAD,78
2019-06-28 10:10:00.000000000,QUERY_SPREAD,79
2019-06-28 10:10:00.000000000,QUERY_SPREAD,80
2019-06-28 10:10:00.000000000,QUERY_SPREAD,81
2019-06-28 10:10:00.000000000,QUERY_SPREAD,82
2019-06-28 10:10:00.000000000,QUERY_SPREAD,83
2019-06-28 10:10:00.000000000,QUERY_SPREAD,84
2019-06-28 10:10:00.000000000,QUERY_SPREAD,85
2019-06-28 10:10:00.000000000,QUERY_SPREAD,86
2019-06-28 10:10:00.000000000,QUERY_SPREAD,87
2019-06-28 10:10:00.000000000,QUERY_SPREAD,88
2019-06-28 10:10:00.000000000,QUERY_SPREAD,89
2019-06-28 10:10:00.000000000,QUERY_SPREAD,90
2019-06-28 10:10:00.000000000,QUERY_SPREAD,91
2019-06-28 10:10:00.000000000,QUERY_SPREAD,92
2019-06-28 10:10:00.000000000,QUERY_SPREAD,93
2019-06-28 10:10:00.000000000,QUERY_SPREAD,94
2019-06-28 10:10:00.000000000,QUERY_SPREAD,95
2019-06-28 10:10:00.000000000,QUERY_SPREAD,96
2019-06-28 10:10:00.000000000,QUERY_SPREAD,97
2019-06-28 10:10:00.000000000,QUERY_SPREAD,98
2019-06-28 10:10:00.000000000,QUERY_SPREAD,99
2019-06-28 10:10:00.000000000,QUERY_SPREAD,100
2019-06-28 10:10:00.000000000,QUERY_SPREAD,101
2019-06-28 10:10:00.000000000,QUERY_ORDER_STREAM,101
2019-06-28 10:10:02.413421123,QUERY_SPREAD,23
2019-06-28 10:10:02.413421123,BEST_BID,"JPM,99379,264"
2019-06-28 10:10:02.413421123,BEST_ASK,"JPM,99794,264"
2019-06-28 10:10:02.413421123,LAST_TRADE,"100,$99794.0000"
2019-06-28 10:10:10.000000000,QUERY_SPREAD,1
2019-06-28 10:10:10.000000000,BEST_BID,"JPM,99379,182"
2019-06-28 10:10:10.000000000,BEST_ASK,"JPM,99794,100"
2019-06-28 10:10:10.000000000,BEST_BID,"JPM,99379,182"
2019-06-28 10:10:10.000000000,BEST_ASK,"JPM,99794,100"
2019-06-28 10:10:10.000000000,BEST_BID,"JPM,99379,182"
2019-06-28 10:10:10.000000000,BEST_ASK,"JPM,99794,100"
2019-06-28 10:10:10.000000000,BEST_BID,"JPM,99379,182"
2019-06-28 10:10:10.000000000,BEST_ASK,"JPM,99794,100"
2019-06-28 10:10:10.000000000,BEST_BID,"JPM,99379,182"
2019-06-28 10:10:10.000000000,BEST_ASK,"JPM,99794,182"
2019-06-28 10:10:10.000000000,BEST_BID,"JPM,99379,182"
2019-06-28 10:10:10.000000000,BEST_ASK,"JPM,99794,182"
2019-06-28 10:10:10.000000000,BEST_BID,"JPM,99379,182"
2019-06-28 10:10:10.000000000,BEST_ASK,"JPM,99794,182"
2019-06-28 10:10:10.000000000,BEST_BID,"JPM,99379,182"
2019-06-28 10:10:10.000000000,BEST_ASK,"JPM,99794,182"
2019-06-28 10:10:13.609502804,QUERY_SPREAD,12
2019-06-28 10:10:13.609502804,BEST_BID,"JPM,99379,182"
2019-06-28 10:10:13.609502804,BEST_ASK,"JPM,99794,82"
2019-06-28 10:10:13.609502804,LAST_TRADE,"100,$99794.0000"
2019-06-28 10:10:20.000000000,QUERY_SPREAD,1
2019-06-28 10:10:20.000000000,BEST_BID,"JPM,99379,166"
2019-06-28 10:10:20.000000000,BEST_ASK,"JPM,99922,100"
2019-06-28 10:10:20.000000000,BEST_BID,"JPM,99379,166"
2019-06-28 10:10:20.000000000,BEST_ASK,"JPM,99922,100"
2019-06-28 10:10:20.000000000,BEST_BID,"JPM,99379,166"
2019-06-28 10:10:20.000000000,BEST_ASK,"JPM,99922,100"
2019-06-28 10:10:20.000000000,BEST_BID,"JPM,99379,166"
2019-06-28 10:10:20.000000000,BEST_ASK,"JPM,99922,100"
2019-06-28 10:10:20.000000000,BEST_BID,"JPM,99379,166"
2019-06-28 10:10:20.000000000,BEST_ASK,"JPM,99922,100"
2019-06-28 10:10:20.000000000,BEST_BID,"JPM,99379,166"
2019-06-28 10:10:20.000000000,BEST_ASK,"JPM,99922,166"
2019-06-28 10:10:20.000000000,BEST_BID,"JPM,99379,166"
2019-06-28 10:10:20.000000000,BEST_ASK,"JPM,99922,166"
2019-06-28 10:10:20.000000000,BEST_BID,"JPM,99379,166"
2019-06-28 10:10:20.000000000,BEST_ASK,"JPM,99922,166"
2019-06-28 10:10:20.000000000,BEST_BID,"JPM,99379,166"
2019-06-28 10:10:20.000000000,BEST_ASK,"JPM,99922,166"
2019-06-28 10:10:20.000000000,BEST_BID,"JPM,99379,166"
2019-06-28 10:10:20.000000000,BEST_ASK,"JPM,99922,166"
2019-06-28 10:10:25.853090742,QUERY_ORDER_STREAM,57
2019-06-28 10:10:25.853090742,QUERY_SPREAD,57
2019-06-28 10:10:25.853090742,BEST_BID,"JPM,99794,100"
2019-06-28 10:10:25.853090742,BEST_ASK,"JPM,99922,166"
2019-06-28 10:10:30.000000000,QUERY_SPREAD,1
2019-06-28 10:10:30.000000000,BEST_BID,"JPM,99794,212"
2019-06-28 10:10:30.000000000,BEST_ASK,"JPM,99922,100"
2019-06-28 10:10:30.000000000,BEST_BID,"JPM,99794,212"
2019-06-28 10:10:30.000000000,BEST_ASK,"JPM,99922,100"
2019-06-28 10:10:30.000000000,BEST_BID,"JPM,99794,212"
2019-06-28 10:10:30.000000000,BEST_ASK,"JPM,99922,100"
2019-06-28 10:10:30.000000000,BEST_BID,"JPM,99794,212"
2019-06-28 10:10:30.000000000,BEST_ASK,"JPM,99922,212"
2019-06-28 10:10:30.000000000,BEST_BID,"JPM,99794,212"
2019-06-28 10:10:30.000000000,BEST_ASK,"JPM,99922,212"
2019-06-28 10:10:30.000000000,BEST_BID,"JPM,99794,212"
2019-06-28 10:10:30.000000000,BEST_ASK,"JPM,99922,212"
2019-06-28 10:10:40.000000000,QUERY_SPREAD,1
2019-06-28 10:10:40.000000000,BEST_BID,"JPM,99794,182"
2019-06-28 10:10:40.000000000,BEST_ASK,"JPM,99922,100"
2019-06-28 10:10:40.000000000,BEST_BID,"JPM,99794,182"
2019-06-28 10:10:40.000000000,BEST_ASK,"JPM,99922,100"
2019-06-28 10:10:40.000000000,BEST_BID,"JPM,99794,182"
2019-06-28 10:10:40.000000000,BEST_ASK,"JPM,99922,100"
2019-06-28 10:10:40.000000000,BEST_BID,"JPM,99794,182"
2019-06-28 10:10:40.000000000,BEST_ASK,"JPM,99922,100"
2019-06-28 10:10:40.000000000,BEST_BID,"JPM,99794,182"
2019-06-28 10:10:40.000000000,BEST_ASK,"JPM,99922,182"
2019-06-28 10:10:40.000000000,BEST_BID,"JPM,99794,182"
2019-06-28 10:10:40.000000000,BEST_ASK,"JPM,99922,182"
2019-06-28 10:10:40.000000000,BEST_BID,"JPM,99794,182"
2019-06-28 10:10:40.000000000,BEST_ASK,"JPM,99922,182"
2019-06-28 10:10:40.000000000,BEST_BID,"JPM,99794,182"
2019-06-28 10:10:40.000000000,BEST_ASK,"JPM,99922,182"
2019-06-28 10:10:50.000000000,QUERY_SPREAD,1
2019-06-28 10:10:50.000000000,BEST_BID,"JPM,99794,264"
2019-06-28 10:10:50.000000000,BEST_ASK,"JPM,99922,100"
2019-06-28 10:10:50.000000000,BEST_BID,"JPM,99794,264"
2019-06-28 10:10:50.000000000,BEST_ASK,"JPM,99922,100"
2019-06-28 10:10:50.000000000,BEST_BID,"JPM,99794,264"
2019-06-28 10:10:50.000000000,BEST_ASK,"JPM,99922,264"
2019-06-28 10:10:50.000000000,BEST_BID,"JPM,99794,264"
2019-06-28 10:10:50.000000000,BEST_ASK,"JPM,99922,264"
2019-06-28 10:10:52.976688577,QUERY_ORDER_STREAM,62
2019-06-28 10:10:52.976688577,QUERY_SPREAD,62
2019-06-28 10:10:52.976688577,BEST_BID,"JPM,99794,364"
2019-06-28 10:10:52.976688577,BEST_ASK,"JPM,99922,264"
2019-06-28 10:11:00.000000000,QUERY_SPREAD,1
2019-06-28 10:11:00.000000000,BEST_BID,"JPM,99794,282"
2019-06-28 10:11:00.000000000,BEST_ASK,"JPM,99922,100"
2019-06-28 10:11:00.000000000,BEST_BID,"JPM,99794,282"
2019-06-28 10:11:00.000000000,BEST_ASK,"JPM,99922,100"
2019-06-28 10:11:00.000000000,BEST_BID,"JPM,99794,282"
2019-06-28 10:11:00.000000000,BEST_ASK,"JPM,99922,100"
2019-06-28 10:11:00.000000000,BEST_BID,"JPM,99794,282"
2019-06-28 10:11:00.000000000,BEST_ASK,"JPM,99922,100"
2019-06-28 10:11:00.000000000,BEST_BID,"JPM,99794,282"
2019-06-28 10:11:00.000000000,BEST_ASK,"JPM,99922,182"
2019-06-28 10:11:00.000000000,BEST_BID,"JPM,99794,282"
2019-06-28 10:11:00.000000000,BEST_ASK,"JPM,99922,182"
2019-06-28 10:11:00.000000000,BEST_BID,"JPM,99794,282"
2019-06-28 10:11:00.000000000,BEST_ASK,"JPM,99922,182"
2019-06-28 10:11:00.000000000,BEST_BID,"JPM,99794,282"
2019-06-28 10:11:00.000000000,BEST_ASK,"JPM,99922,182"
2019-06-28 10:11:00.000000000,QUERY_SPREAD,77
2019-06-28 10:11:00.000000000,QUERY_SPREAD,78
2019-06-28 10:11:00.000000000,QUERY_SPREAD,79
2019-06-28 10:11:00.000000000,QUERY_SPREAD,80
2019-06-28 10:11:00.000000000,QUERY_SPREAD,81
2019-06-28 10:11:00.000000000,QUERY_SPREAD,82
2019-06-28 10:11:00.000000000,QUERY_SPREAD,83
2019-06-28 10:11:00.000000000,QUERY_SPREAD,84
2019-06-28 10:11:00.000000000,QUERY_SPREAD,85
2019-06-28 10:11:00.000000000,QUERY_SPREAD,86
2019-06-28 10:11:00.000000000,QUERY_SPREAD,87
2019-06-28 10:11:00.000000000,QUERY_SPREAD,88
2019-06-28 10:11:00.000000000,QUERY_SPREAD,89
2019-06-28 10:11:00.000000000,QUERY_SPREAD,90
2019-06-28 10:11:00.000000000,QUERY_SPREAD,91
2019-06-28 10:11:00.000000000,QUERY_SPREAD,92
2019-06-28 10:11:00.000000000,QUERY_SPREAD,93
2019-06-28 10:11:00.000000000,QUERY_SPREAD,94
2019-06-28 10:11:00.000000000,QUERY_SPREAD,95
2019-06-28 10:11:00.000000000,QUERY_SPREAD,96
2019-06-28 10:11:00.000000000,QUERY_SPREAD,97
2019-06-28 10:11:00.000000000,QUERY_SPREAD,98
2019-06-28 10:11:00.000000000,QUERY_SPREAD,99
2019-06-28 10:11:00.000000000,QUERY_SPREAD,100
2019-06-28 10:11:00.000000000,QUERY_SPREAD,101
2019-06-28 10:11:00.000000000,QUERY_ORDER_STREAM,101
2019-06-28 10:11:06.801677940,QUERY_SPREAD,14
2019-06-28 10:11:06.801677940,BEST_BID,"JPM,99794,282"
2019-06-28 10:11:06.801677940,BEST_ASK,"JPM,99922,182"
2019-06-28 10:11:09.118056161,QUERY_SPREAD,50
2019-06-28 10:11:09.118056161,BEST_BID,"JPM,99794,282"
2019-06-28 10:11:09.118056161,BEST_ASK,"JPM,99922,182"
2019-06-28 10:11:10.000000000,QUERY_SPREAD,1
2019-06-28 10:11:10.000000000,BEST_BID,"JPM,99794,282"
2019-06-28 10:11:10.000000000,BEST_ASK,"JPM,99922,100"
2019-06-28 10:11:10.000000000,BEST_BID,"JPM,99794,282"
2019-06-28 10:11:10.000000000,BEST_ASK,"JPM,99922,100"
2019-06-28 10:11:10.000000000,BEST_BID,"JPM,99794,282"
2019-06-28 10:11:10.000000000,BEST_ASK,"JPM,99922,100"
2019-06-28 10:11:10.000000000,BEST_BID,"JPM,99794,282"
2019-06-28 10:11:10.000000000,BEST_ASK,"JPM,99922,100"
2019-06-28 10:11:10.000000000,BEST_BID,"JPM,99794,282"
2019-06-28 10:11:10.000000000,BEST_ASK,"JPM,99922,182"
2019-06-28 10:11:10.000000000,BEST_BID,"JPM,99794,282"
2019-06-28 10:11:10.000000000,BEST_ASK,"JPM,99922,182"
2019-06-28 10:11:10.000000000,BEST_BID,"JPM,99794,282"
2019-06-28 10:11:10.000000000,BEST_ASK,"JPM,99922,182"
2019-06-28 10:11:10.000000000,BEST_BID,"JPM,99794,282"
2019-06-28 10:11:10.000000000,BEST_ASK,"JPM,99922,182"
2019-06-28 10:11:10.194126166,QUERY_SPREAD,50
2019-06-28 10:11:10.194126166,BEST_BID,"JPM,99794,282"
2019-06-28 10:11:10.194126166,BEST_ASK,"JPM,99922,82"
2019-06-28 10:11:10.194126166,LAST_TRADE,"100,$99922.0000"
2019-06-28 10:11:15.380337517,QUERY_SPREAD,2
2019-06-28 10:11:15.380337517,BEST_BID,"JPM,99922,18"
2019-06-28 10:11:15.380337517,BEST_ASK,"JPM,99956,182"
2019-06-28 10:11:15.380337517,LAST_TRADE,"82,$99922.0000"
2019-06-28 10:11:19.352577053,QUERY_ORDER_STREAM,54
2019-06-28 10:11:19.352577053,QUERY_SPREAD,54
2019-06-28 10:11:19.352577053,BEST_BID,"JPM,99794,282"
2019-06-28 10:11:19.352577053,BEST_ASK,"JPM,99921,82"
2019-06-28 10:11:19.352577053,LAST_TRADE,"18,$99922.0000"
2019-06-28 10:11:20.000000000,QUERY_SPREAD,1
2019-06-28 10:11:20.000000000,BEST_BID,"JPM,99794,364"
2019-06-28 10:11:20.000000000,BEST_ASK,"JPM,99921,82"
2019-06-28 10:11:20.000000000,BEST_BID,"JPM,99794,364"
2019-06-28 10:11:20.000000000,BEST_ASK,"JPM,99921,82"
2019-06-28 10:11:20.000000000,BEST_BID,"JPM,99794,364"
2019-06-28 10:11:20.000000000,BEST_ASK,"JPM,99921,246"
2019-06-28 10:11:20.000000000,BEST_BID,"JPM,99794,364"
2019-06-28 10:11:20.000000000,BEST_ASK,"JPM,99921,246"
2019-06-28 10:11:23.060859775,QUERY_ORDER_STREAM,65
2019-06-28 10:11:23.060859775,QUERY_SPREAD,65
2019-06-28 10:11:23.060859775,BEST_BID,"JPM,99794,364"
2019-06-28 10:11:23.060859775,BEST_ASK,"JPM,99921,246"
2019-06-28 10:11:23.582809605,QUERY_ORDER_STREAM,66
2019-06-28 10:11:23.582809605,QUERY_SPREAD,66
2019-06-28 10:11:23.582809605,BEST_BID,"JPM,99794,364"
2019-06-28 10:11:23.582809605,BEST_ASK,"JPM,99921,146"
2019-06-28 10:11:23.582809605,LAST_TRADE,"100,$99921.0000"
2019-06-28 10:11:24.708018987,QUERY_ORDER_STREAM,72
2019-06-28 10:11:24.708018987,QUERY_SPREAD,72
2019-06-28 10:11:30.000000000,QUERY_SPREAD,1
2019-06-28 10:11:30.000000000,BEST_BID,"JPM,99794,528"
2019-06-28 10:11:30.000000000,BEST_ASK,"JPM,99922,100"
2019-06-28 10:11:30.000000000,BEST_BID,"JPM,99794,528"
2019-06-28 10:11:30.000000000,BEST_ASK,"JPM,99922,428"
2019-06-28 10:11:32.095771245,QUERY_SPREAD,19
2019-06-28 10:11:32.095771245,BEST_BID,"JPM,99794,528"
2019-06-28 10:11:32.095771245,BEST_ASK,"JPM,99922,428"
2019-06-28 10:11:33.674047268,QUERY_SPREAD,32
2019-06-28 10:11:33.674047268,BEST_BID,"JPM,99794,528"
2019-06-28 10:11:33.674047268,BEST_ASK,"JPM,99922,428"
2019-06-28 10:11:40.000000000,QUERY_SPREAD,1
2019-06-28 10:11:40.000000000,BEST_BID,"JPM,99794,528"
2019-06-28 10:11:40.000000000,BEST_ASK,"JPM,99922,100"
2019-06-28 10:11:40.000000000,BEST_BID,"JPM,99794,528"
2019-06-28 10:11:40.000000000,BEST_ASK,"JPM,99922,428"
2019-06-28 10:11:44.911911787,QUERY_ORDER_STREAM,74
2019-06-28 10:11:44.911911787,QUERY_SPREAD,74
2019-06-28 10:11:44.911911787,BEST_BID,"JPM,99921,100"
2019-06-28 10:11:44.911911787,BEST_ASK,"JPM,99922,428"
2019-06-28 10:11:50.000000000,QUERY_SPREAD,1
2019-06-28 10:11:50.000000000,BEST_BID,"JPM,99921,264"
2019-06-28 10:11:50.000000000,BEST_ASK,"JPM,99922,100"
2019-06-28 10:11:50.000000000,BEST_BID,"JPM,99921,264"
2019-06-28 10:11:50.000000000,BEST_ASK,"JPM,99922,100"
2019-06-28 10:11:50.000000000,BEST_BID,"JPM,99921,264"
2019-06-28 10:11:50.000000000,BEST_ASK,"JPM,99922,264"
2019-06-28 10:11:50.000000000,BEST_BID,"JPM,99921,264"
2019-06-28 10:11:50.000000000,BEST_ASK,"JPM,99922,264"
2019-06-28 10:12:00.000000000,QUERY_SPREAD,1
2019-06-28 10:12:00.000000000,BEST_BID,"JPM,99921,182"
2019-06-28 10:12:00.000000000,BEST_ASK,"JPM,99922,100"
2019-06-28 10:12:00.000000000,BEST_BID,"JPM,99921,182"
2019-06-28 10:12:00.000000000,BEST_ASK,"JPM,99922,100"
2019-06-28 10:12:00.000000000,BEST_BID,"JPM,99921,182"
2019-06-28 10:12:00.000000000,BEST_ASK,"JPM,99922,100"
2019-06-28 10:12:00.000000000,BEST_BID,"JPM,99921,182"
2019-06-28 10:12:00.000000000,BEST_ASK,"JPM,99922,100"
2019-06-28 10:12:00.000000000,BEST_BID,"JPM,99921,182"
2019-06-28 10:12:00.000000000,BEST_ASK,"JPM,99922,182"
2019-06-28 10:12:00.000000000,BEST_BID,"JPM,99921,182"
2019-06-28 10:12:00.000000000,BEST_ASK,"JPM,99922,182"
2019-06-28 10:12:00.000000000,BEST_BID,"JPM,99921,182"
2019-06-28 10:12:00.000000000,BEST_ASK,"JPM,99922,182"
2019-06-28 10:12:00.000000000,BEST_BID,"JPM,99921,182"
2019-06-28 10:12:00.000000000,BEST_ASK,"JPM,99922,182"
2019-06-28 10:12:00.000000000,QUERY_SPREAD,77
2019-06-28 10:12:00.000000000,QUERY_SPREAD,78
2019-06-28 10:12:00.000000000,QUERY_SPREAD,79
2019-06-28 10:12:00.000000000,QUERY_SPREAD,80
2019-06-28 10:12:00.000000000,QUERY_SPREAD,81
2019-06-28 10:12:00.000000000,QUERY_SPREAD,82
2019-06-28 10:12:00.000000000,QUERY_SPREAD,83
2019-06-28 10:12:00.000000000,QUERY_SPREAD,84
2019-06-28 10:12:00.000000000,QUERY_SPREAD,85
2019-06-28 10:12:00.000000000,QUERY_SPREAD,86
2019-06-28 10:12:00.000000000,QUERY_SPREAD,87
2019-06-28 10:12:00.000000000,QUERY_SPREAD,88
2019-06-28 10:12:00.000000000,QUERY_SPREAD,89
2019-06-28 10:12:00.000000000,QUERY_SPREAD,90
2019-06-28 10:12:00.000000000,QUERY_SPREAD,91
2019-06-28 10:12:00.000000000,QUERY_SPREAD,92
2019-06-28 10:12:00.000000000,QUERY_SPREAD,93
2019-06-28 10:12:00.000000000,QUERY_SPREAD,94
2019-06-28 10:12:00.000000000,QUERY_SPREAD,95
2019-06-28 10:12:00.000000000,QUERY_SPREAD,96
2019-06-28 10:12:00.000000000,QUERY_SPREAD,97
2019-06-28 10:12:00.000000000,QUERY_SPREAD,98
2019-06-28 10:12:00.000000000,QUERY_SPREAD,99
2019-06-28 10:12:00.000000000,QUERY_SPREAD,100
2019-06-28 10:12:00.000000000,QUERY_SPREAD,101
2019-06-28 10:12:00.000000000,QUERY_ORDER_STREAM,101
2019-06-28 10:12:00.246544463,QUERY_ORDER_STREAM,53
2019-06-28 10:12:00.246544463,QUERY_SPREAD,53
2019-06-28 10:12:00.246544463,BEST_BID,"JPM,99921,282"
2019-06-28 10:12:00.246544463,BEST_ASK,"JPM,99922,182"
2019-06-28 10:12:10.000000000,QUERY_SPREAD,1
2019-06-28 10:12:10.000000000,BEST_BID,"JPM,99921,364"
2019-06-28 10:12:10.000000000,BEST_ASK,"JPM,99922,100"
2019-06-28 10:12:10.000000000,BEST_BID,"JPM,99921,364"
2019-06-28 10:12:10.000000000,BEST_ASK,"JPM,99922,100"
2019-06-28 10:12:10.000000000,BEST_BID,"JPM,99921,364"
2019-06-28 10:12:10.000000000,BEST_ASK,"JPM,99922,264"
2019-06-28 10:12:10.000000000,BEST_BID,"JPM,99921,364"
2019-06-28 10:12:10.000000000,BEST_ASK,"JPM,99922,264"
2019-06-28 10:12:20.000000000,QUERY_SPREAD,1
2019-06-28 10:12:20.000000000,BEST_BID,"JPM,99921,266"
2019-06-28 10:12:20.000000000,BEST_ASK,"JPM,99922,100"
2019-06-28 10:12:20.000000000,BEST_BID,"JPM,99921,266"
2019-06-28 10:12:20.000000000,BEST_ASK,"JPM,99922,100"
2019-06-28 10:12:20.000000000,BEST_BID,"JPM,99921,266"
2019-06-28 10:12:20.000000000,BEST_ASK,"JPM,99922,100"
2019-06-28 10:12:20.000000000,BEST_BID,"JPM,99921,266"
2019-06-28 10:12:20.000000000,BEST_ASK,"JPM,99922,100"
2019-06-28 10:12:20.000000000,BEST_BID,"JPM,99921,266"
2019-06-28 10:12:20.000000000,BEST_ASK,"JPM,99922,100"
2019-06-28 10:12:20.000000000,BEST_BID,"JPM,99921,266"
2019-06-28 10:12:20.000000000,BEST_ASK,"JPM,99922,166"
2019-06-28 10:12:20.000000000,BEST_BID,"JPM,99921,266"
2019-06-28 10:12:20.000000000,BEST_ASK,"JPM,99922,166"
2019-06-28 10:12:20.000000000,BEST_BID,"JPM,99921,266"
2019-06-28 10:12:20.000000000,BEST_ASK,"JPM,99922,166"
2019-06-28 10:12:20.000000000,BEST_BID,"JPM,99921,266"
2019-06-28 10:12:20.000000000,BEST_ASK,"JPM,99922,166"
2019-06-28 10:12:20.000000000,BEST_BID,"JPM,99921,266"
2019-06-28 10:12:20.000000000,BEST_ASK,"JPM,99922,166"
2019-06-28 10:12:30.000000000,QUERY_SPREAD,1
2019-06-28 10:12:30.000000000,BEST_BID,"JPM,99921,528"
2019-06-28 10:12:30.000000000,BEST_ASK,"JPM,99922,100"
2019-06-28 10:12:30.000000000,BEST_BID,"JPM,99921,528"
2019-06-28 10:12:30.000000000,BEST_ASK,"JPM,99922,428"
2019-06-28 10:12:32.868428551,QUERY_ORDER_STREAM,75
2019-06-28 10:12:32.868428551,QUERY_SPREAD,75
2019-06-28 10:12:32.868428551,BEST_BID,"JPM,99921,628"
2019-06-28 10:12:32.868428551,BEST_ASK,"JPM,99922,428"
2019-06-28 10:12:40.000000000,QUERY_SPREAD,1
2019-06-28 10:12:40.000000000,BEST_BID,"JPM,99921,464"
2019-06-28 10:12:40.000000000,BEST_ASK,"JPM,99922,100"
2019-06-28 10:12:40.000000000,BEST_BID,"JPM,99921,464"
2019-06-28 10:12:40.000000000,BEST_ASK,"JPM,99922,100"
2019-06-28 10:12:40.000000000,BEST_BID,"JPM,99921,464"
2019-06-28 10:12:40.000000000,BEST_ASK,"JPM,99922,264"
2019-06-28 10:12:40.000000000,BEST_BID,"JPM,99921,464"
2019-06-28 10:12:40.000000000,BEST_ASK,"JPM,99922,264"
2019-06-28 10:12:50.000000000,QUERY_SPREAD,1
2019-06-28 10:12:50.000000000,BEST_BID,"JPM,99921,366"
2019-06-28 10:12:50.000000000,BEST_ASK,"JPM,99922,100"
2019-06-28 10:12:50.000000000,BEST_BID,"JPM,99921,366"
2019-06-28 10:12:50.000000000,BEST_ASK,"JPM,99922,100"
2019-06-28 10:12:50.000000000,BEST_BID,"JPM,99921,366"
2019-06-28 10:12:50.000000000,BEST_ASK,"JPM,99922,100"
2019-06-28 10:12:50.000000000,BEST_BID,"JPM,99921,366"
2019-06-28 10:12:50.000000000,BEST_ASK,"JPM,99922,100"
2019-06-28 10:12:50.000000000,BEST_BID,"JPM,99921,366"
2019-06-28 10:12:50.000000000,BEST_ASK,"JPM,99922,100"
2019-06-28 10:12:50.000000000,BEST_BID,"JPM,99921,366"
2019-06-28 10:12:50.000000000,BEST_ASK,"JPM,99922,166"
2019-06-28 10:12:50.000000000,BEST_BID,"JPM,99921,366"
2019-06-28 10:12:50.000000000,BEST_ASK,"JPM,99922,166"
2019-06-28 10:12:50.000000000,BEST_BID,"JPM,99921,366"
2019-06-28 10:12:50.000000000,BEST_ASK,"JPM,99922,166"
2019-06-28 10:12:50.000000000,BEST_BID,"JPM,99921,366"
2019-06-28 10:12:50.000000000,BEST_ASK,"JPM,99922,166"
2019-06-28 10:12:50.000000000,BEST_BID,"JPM,99921,366"
2019-06-28 10:12:50.000000000,BEST_ASK,"JPM,99922,166"
2019-06-28 10:13:00.000000000,QUERY_SPREAD,1
2019-06-28 10:13:00.000000000,BEST_BID,"JPM,99921,382"
2019-06-28 10:13:00.000000000,BEST_ASK,"JPM,99922,100"
2019-06-28 10:13:00.000000000,BEST_BID,"JPM,99921,382"
2019-06-28 10:13:00.000000000,BEST_ASK,"JPM,99922,100"
2019-06-28 10:13:00.000000000,BEST_BID,"JPM,99921,382"
2019-06-28 10:13:00.000000000,BEST_ASK,"JPM,99922,100"
2019-06-28 10:13:00.000000000,BEST_BID,"JPM,99921,382"
2019-06-28 10:13:00.000000000,BEST_ASK,"JPM,99922,100"
2019-06-28 10:13:00.000000000,BEST_BID,"JPM,99921,382"
2019-06-28 10:13:00.000000000,BEST_ASK,"JPM,99922,182"
2019-06-28 10:13:00.000000000,BEST_BID,"JPM,99921,382"
2019-06-28 10:13:00.000000000,BEST_ASK,"JPM,99922,182"
2019-06-28 10:13:00.000000000,BEST_BID,"JPM,99921,382"
2019-06-28 10:13:00.000000000,BEST_ASK,"JPM,99922,182"
2019-06-28 10:13:00.000000000,BEST_BID,"JPM,99921,382"
2019-06-28 10:13:00.000000000,BEST_ASK,"JPM,99922,182"
2019-06-28 10:13:00.000000000,QUERY_SPREAD,77
2019-06-28 10:13:00.000000000,QUERY_SPREAD,78
2019-06-28 10:13:00.000000000,QUERY_SPREAD,79
2019-06-28 10:13:00.000000000,QUERY_SPREAD,80
2019-06-28 10:13:00.000000000,QUERY_SPREAD,81
2019-06-28 10:13:00.000000000,QUERY_SPREAD,82
2019-06-28 10:13:00.000000000,QUERY_SPREAD,83
2019-06-28 10:13:00.000000000,QUERY_SPREAD,84
2019-06-28 10:13:00.000000000,QUERY_SPREAD,85
2019-06-28 10:13:00.000000000,QUERY_SPREAD,86
2019-06-28 10:13:00.000000000,QUERY_SPREAD,87
2019-06-28 10:13:00.000000000,QUERY_SPREAD,88
2019-06-28 10:13:00.000000000,QUERY_SPREAD,89
2019-06-28 10:13:00.000000000,QUERY_SPREAD,90
2019-06-28 10:13:00.000000000,QUERY_SPREAD,91
2019-06-28 10:13:00.000000000,QUERY_SPREAD,92
2019-06-28 10:13:00.000000000,QUERY_SPREAD,93
2019-06-28 10:13:00.000000000,QUERY_SPREAD,94
2019-06-28 10:13:00.000000000,QUERY_SPREAD,95
2019-06-28 10:13:00.000000000,QUERY_SPREAD,96
2019-06-28 10:13:00.000000000,QUERY_SPREAD,97
2019-06-28 10:13:00.000000000,QUERY_SPREAD,98
2019-06-28 10:13:00.000000000,QUERY_SPREAD,99
2019-06-28 10:13:00.000000000,QUERY_SPREAD,100
2019-06-28 10:13:00.000000000,QUERY_SPREAD,101
2019-06-28 10:13:00.000000000,QUERY_ORDER_STREAM,101
2019-06-28 10:13:10.000000000,QUERY_SPREAD,1
2019-06-28 10:13:10.000000000,BEST_BID,"JPM,99921,412"
2019-06-28 10:13:10.000000000,BEST_ASK,"JPM,99922,100"
2019-06-28 10:13:10.000000000,BEST_BID,"JPM,99921,412"
2019-06-28 10:13:10.000000000,BEST_ASK,"JPM,99922,100"
2019-06-28 10:13:10.000000000,BEST_BID,"JPM,99921,412"
2019-06-28 10:13:10.000000000,BEST_ASK,"JPM,99922,100"
2019-06-28 10:13:10.000000000,BEST_BID,"JPM,99921,412"
2019-06-28 10:13:10.000000000,BEST_ASK,"JPM,99922,212"
2019-06-28 10:13:10.000000000,BEST_BID,"JPM,99921,412"
2019-06-28 10:13:10.000000000,BEST_ASK,"JPM,99922,212"
2019-06-28 10:13:10.000000000,BEST_BID,"JPM,99921,412"
2019-06-28 10:13:10.000000000,BEST_ASK,"JPM,99922,212"
2019-06-28 10:13:14.721132874,QUERY_SPREAD,38
2019-06-28 10:13:14.721132874,BEST_BID,"JPM,99921,412"
2019-06-28 10:13:14.721132874,BEST_ASK,"JPM,99922,212"
2019-06-28 10:13:20.000000000,QUERY_SPREAD,1
2019-06-28 10:13:20.000000000,BEST_BID,"JPM,99921,464"
2019-06-28 10:13:20.000000000,BEST_ASK,"JPM,99922,100"
2019-06-28 10:13:20.000000000,BEST_BID,"JPM,99921,464"
2019-06-28 10:13:20.000000000,BEST_ASK,"JPM,99922,100"
2019-06-28 10:13:20.000000000,BEST_BID,"JPM,99921,464"
2019-06-28 10:13:20.000000000,BEST_ASK,"JPM,99922,264"
2019-06-28 10:13:20.000000000,BEST_BID,"JPM,99921,464"
2019-06-28 10:13:20.000000000,BEST_ASK,"JPM,99922,264"
2019-06-28 10:13:29.296198188,QUERY_SPREAD,48
2019-06-28 10:13:29.296198188,BEST_BID,"JPM,99921,464"
2019-06-28 10:13:29.296198188,BEST_ASK,"JPM,99922,264"
2019-06-28 10:13:30.000000000,QUERY_SPREAD,1
2019-06-28 10:13:30.000000000,BEST_BID,"JPM,99921,628"
2019-06-28 10:13:30.000000000,BEST_ASK,"JPM,99922,100"
2019-06-28 10:13:30.000000000,BEST_BID,"JPM,99921,628"
2019-06-28 10:13:30.000000000,BEST_ASK,"JPM,99922,428"
2019-06-28 10:13:40.000000000,QUERY_SPREAD,1
2019-06-28 10:13:40.000000000,BEST_BID,"JPM,99921,628"
2019-06-28 10:13:40.000000000,BEST_ASK,"JPM,99922,100"
2019-06-28 10:13:40.000000000,BEST_BID,"JPM,99921,628"
2019-06-28 10:13:40.000000000,BEST_ASK,"JPM,99922,428"
2019-06-28 10:13:50.000000000,QUERY_SPREAD,1
2019-06-28 10:13:50.000000000,BEST_BID,"JPM,99921,382"
2019-06-28 10:13:50.000000000,BEST_ASK,"JPM,99922,100"
2019-06-28 10:13:50.000000000,BEST_BID,"JPM,99921,382"
2019-06-28 10:13:50.000000000,BEST_ASK,"JPM,99922,100"
2019-06-28 10:13:50.000000000,BEST_BID,"JPM,99921,382"
2019-06-28 10:13:50.000000000,BEST_ASK,"JPM,99922,100"
2019-06-28 10:13:50.000000000,BEST_BID,"JPM,99921,382"
2019-06-28 10:13:50.000000000,BEST_ASK,"JPM,99922,100"
2019-06-28 10:13:50.000000000,BEST_BID,"JPM,99921,382"
2019-06-28 10:13:50.000000000,BEST_ASK,"JPM,99922,182"
2019-06-28 10:13:50.000000000,BEST_BID,"JPM,99921,382"
2019-06-28 10:13:50.000000000,BEST_ASK,"JPM,99922,182"
2019-06-28 10:13:50.000000000,BEST_BID,"JPM,99921,382"
2019-06-28 10:13:50.000000000,BEST_ASK,"JPM,99922,182"
2019-06-28 10:13:50.000000000,BEST_BID,"JPM,99921,382"
2019-06-28 10:13:50.000000000,BEST_ASK,"JPM,99922,182"
2019-06-28 10:14:00.000000000,QUERY_SPREAD,1
2019-06-28 10:14:00.000000000,BEST_BID,"JPM,99921,366"
2019-06-28 10:14:00.000000000,BEST_ASK,"JPM,99922,100"
2019-06-28 10:14:00.000000000,BEST_BID,"JPM,99921,366"
2019-06-28 10:14:00.000000000,BEST_ASK,"JPM,99922,100"
2019-06-28 10:14:00.000000000,BEST_BID,"JPM,99921,366"
2019-06-28 10:14:00.000000000,BEST_ASK,"JPM,99922,100"
2019-06-28 10:14:00.000000000,BEST_BID,"JPM,99921,366"
2019-06-28 10:14:00.000000000,BEST_ASK,"JPM,99922,100"
2019-06-28 10:14:00.000000000,BEST_BID,"JPM,99921,366"
2019-06-28 10:14:00.000000000,BEST_ASK,"JPM,99922,100"
2019-06-28 10:14:00.000000000,BEST_BID,"JPM,99921,366"
2019-06-28 10:14:00.000000000,BEST_ASK,"JPM,99922,166"
2019-06-28 10:14:00.000000000,BEST_BID,"JPM,99921,366"
2019-06-28 10:14:00.000000000,BEST_ASK,"JPM,99922,166"
2019-06-28 10:14:00.000000000,BEST_BID,"JPM,99921,366"
2019-06-28 10:14:00.000000000,BEST_ASK,"JPM,99922,166"
2019-06-28 10:14:00.000000000,BEST_BID,"JPM,99921,366"
2019-06-28 10:14:00.000000000,BEST_ASK,"JPM,99922,166"
2019-06-28 10:14:00.000000000,BEST_BID,"JPM,99921,366"
2019-06-28 10:14:00.000000000,BEST_ASK,"JPM,99922,166"
2019-06-28 10:14:00.000000000,QUERY_SPREAD,77
2019-06-28 10:14:00.000000000,QUERY_SPREAD,78
2019-06-28 10:14:00.000000000,QUERY_SPREAD,79
2019-06-28 10:14:00.000000000,QUERY_SPREAD,80
2019-06-28 10:14:00.000000000,QUERY_SPREAD,81
2019-06-28 10:14:00.000000000,QUERY_SPREAD,82
2019-06-28 10:14:00.000000000,QUERY_SPREAD,83
2019-06-28 10:14:00.000000000,QUERY_SPREAD,84
2019-06-28 10:14:00.000000000,QUERY_SPREAD,85
2019-06-28 10:14:00.000000000,QUERY_SPREAD,86
2019-06-28 10:14:00.000000000,QUERY_SPREAD,87
2019-06-28 10:14:00.000000000,QUERY_SPREAD,88
2019-06-28 10:14:00.000000000,QUERY_SPREAD,89
2019-06-28 10:14:00.000000000,QUERY_SPREAD,90
2019-06-28 10:14:00.000000000,QUERY_SPREAD,91
2019-06-28 10:14:00.000000000,QUERY_SPREAD,92
2019-06-28 10:14:00.000000000,QUERY_SPREAD,93
2019-06-28 10:14:00.000000000,QUERY_SPREAD,94
2019-06-28 10:14:00.000000000,QUERY_SPREAD,95
2019-06-28 10:14:00.000000000,QUERY_SPREAD,96
2019-06-28 10:14:00.000000000,QUERY_SPREAD,97
2019-06-28 10:14:00.000000000,QUERY_SPREAD,98
2019-06-28 10:14:00.000000000,QUERY_SPREAD,99
2019-06-28 10:14:00.000000000,QUERY_SPREAD,100
2019-06-28 10:14:00.000000000,QUERY_SPREAD,101
2019-06-28 10:14:00.000000000,QUERY_ORDER_STREAM,101
2019-06-28 10:14:04.169823939,QUERY_SPREAD,25
2019-06-28 10:14:04.169823939,BEST_BID,"JPM,99921,366"
2019-06-28 10:14:04.169823939,BEST_ASK,"JPM,99922,166"
2019-06-28 10:14:10.000000000,QUERY_SPREAD,1
2019-06-28 10:14:10.000000000,BEST_BID,"JPM,99921,412"
2019-06-28 10:14:10.000000000,BEST_ASK,"JPM,99922,100"
2019-06-28 10:14:10.000000000,BEST_BID,"JPM,99921,412"
2019-06-28 10:14:10.000000000,BEST_ASK,"JPM,99922,100"
2019-06-28 10:14:10.000000000,BEST_BID,"JPM,99921,412"
2019-06-28 10:14:10.000000000,BEST_ASK,"JPM,99922,100"
2019-06-28 10:14:10.000000000,BEST_BID,"JPM,99921,412"
2019-06-28 10:14:10.000000000,BEST_ASK,"JPM,99922,212"
2019-06-28 10:14:10.000000000,BEST_BID,"JPM,99921,412"
2019-06-28 10:14:10.000000000,BEST_ASK,"JPM,99922,212"
2019-06-28 10:14:10.000000000,BEST_BID,"JPM,99921,412"
2019-06-28 10:14:10.000000000,BEST_ASK,"JPM,99922,212"
2019-06-28 10:14:20.000000000,QUERY_SPREAD,1
2019-06-28 10:14:20.000000000,BEST_BID,"JPM,99921,628"
2019-06-28 10:14:20.000000000,BEST_ASK,"JPM,99922,100"
2019-06-28 10:14:20.000000000,BEST_BID,"JPM,99921,628"
2019-06-28 10:14:20.000000000,BEST_ASK,"JPM,99922,428"
2019-06-28 10:14:30.000000000,QUERY_SPREAD,1
2019-06-28 10:14:30.000000000,BEST_BID,"JPM,99921,366"
2019-06-28 10:14:30.000000000,BEST_ASK,"JPM,99922,100"
2019-06-28 10:14:30.000000000,BEST_BID,"JPM,99921,366"
2019-06-28 10:14:30.000000000,BEST_ASK,"JPM,99922,100"
2019-06-28 10:14:30.000000000,BEST_BID,"JPM,99921,366"
2019-06-28 10:14:30.000000000,BEST_ASK,"JPM,99922,100"
2019-06-28 10:14:30.000000000,BEST_BID,"JPM,99921,366"
2019-06-28 10:14:30.000000000,BEST_ASK,"JPM,99922,100"
2019-06-28 10:14:30.000000000,BEST_BID,"JPM,99921,366"
2019-06-28 10:14:30.000000000,BEST_ASK,"JPM,99922,100"
2019-06-28 10:14:30.000000000,BEST_BID,"JPM,99921,366"
2019-06-28 10:14:30.000000000,BEST_ASK,"JPM,99922,166"
2019-06-28 10:14:30.000000000,BEST_BID,"JPM,99921,366"
2019-06-28 10:14:30.000000000,BEST_ASK,"JPM,99922,166"
2019-06-28 10:14:30.000000000,BEST_BID,"JPM,99921,366"
2019-06-28 10:14:30.000000000,BEST_ASK,"JPM,99922,166"
2019-06-28 10:14:30.000000000,BEST_BID,"JPM,99921,366"
2019-06-28 10:14:30.000000000,BEST_ASK,"JPM,99922,166"
2019-06-28 10:14:30.000000000,BEST_BID,"JPM,99921,366"
2019-06-28 10:14:30.000000000,BEST_ASK,"JPM,99922,166"
2019-06-28 10:14:40.000000000,QUERY_SPREAD,1
2019-06-28 10:14:40.000000000,BEST_BID,"JPM,99921,412"
2019-06-28 10:14:40.000000000,BEST_ASK,"JPM,99922,100"
2019-06-28 10:14:40.000000000,BEST_BID,"JPM,99921,412"
2019-06-28 10:14:40.000000000,BEST_ASK,"JPM,99922,100"
2019-06-28 10:14:40.000000000,BEST_BID,"JPM,99921,412"
2019-06-28 10:14:40.000000000,BEST_ASK,"JPM,99922,100"
2019-06-28 10:14:40.000000000,BEST_BID,"JPM,99921,412"
2019-06-28 10:14:40.000000000,BEST_ASK,"JPM,99922,212"
2019-06-28 10:14:40.000000000,BEST_BID,"JPM,99921,412"
2019-06-28 10:14:40.000000000,BEST_ASK,"JPM,99922,212"
2019-06-28 10:14:40.000000000,BEST_BID,"JPM,99921,412"
2019-06-28 10:14:40.000000000,BEST_ASK,"JPM,99922,212"
2019-06-28 10:14:50.000000000,QUERY_SPREAD,1
2019-06-28 10:14:50.000000000,BEST_BID,"JPM,99921,382"
2019-06-28 10:14:50.000000000,BEST_ASK,"JPM,99922,100"
2019-06-28 10:14:50.000000000,BEST_BID,"JPM,99921,382"
2019-06-28 10:14:50.000000000,BEST_ASK,"JPM,99922,100"
2019-06-28 10:14:50.000000000,BEST_BID,"JPM,99921,382"
2019-06-28 10:14:50.000000000,BEST_ASK,"JPM,99922,100"
2019-06-28 10:14:50.000000000,BEST_BID,"JPM,99921,382"
2019-06-28 10:14:50.000000000,BEST_ASK,"JPM,99922,100"
2019-06-28 10:14:50.000000000,BEST_BID,"JPM,99921,382"
2019-06-28 10:14:50.000000000,BEST_ASK,"JPM,99922,182"
2019-06-28 10:14:50.000000000,BEST_BID,"JPM,99921,382"
2019-06-28 10:14:50.000000000,BEST_ASK,"JPM,99922,182"
2019-06-28 10:14:50.000000000,BEST_BID,"JPM,99921,382"
2019-06-28 10:14:50.000000000,BEST_ASK,"JPM,99922,182"
2019-06-28 10:14:50.000000000,BEST_BID,"JPM,99921,382"
2019-06-28 10:14:50.000000000,BEST_ASK,"JPM,99922,182"
2019-06-28 10:14:54.285867535,QUERY_SPREAD,37
2019-06-28 10:14:54.285867535,BEST_BID,"JPM,99921,382"
2019-06-28 10:14:54.285867535,BEST_ASK,"JPM,99922,82"
2019-06-28 10:14:54.285867535,LAST_TRADE,"100,$99922.0000"
2019-06-28 10:14:57.343692527,QUERY_ORDER_STREAM,53
2019-06-28 10:14:57.343692527,QUERY_SPREAD,53
2019-06-28 10:14:59.233501343,QUERY_ORDER_STREAM,59
2019-06-28 10:14:59.233501343,QUERY_SPREAD,59
2019-06-28 10:14:59.751679924,QUERY_SPREAD,12
2019-06-28 10:14:59.751679924,BEST_BID,"JPM,99921,282"
2019-06-28 10:14:59.751679924,BEST_ASK,"JPM,99922,82"
2019-06-28 10:15:00.000000000,QUERY_SPREAD,1
2019-06-28 10:15:00.000000000,BEST_BID,"JPM,99921,266"
2019-06-28 10:15:00.000000000,BEST_ASK,"JPM,99956,100"
2019-06-28 10:15:00.000000000,BEST_BID,"JPM,99921,266"
2019-06-28 10:15:00.000000000,BEST_ASK,"JPM,99956,100"
2019-06-28 10:15:00.000000000,BEST_BID,"JPM,99921,266"
2019-06-28 10:15:00.000000000,BEST_ASK,"JPM,99956,100"
2019-06-28 10:15:00.000000000,BEST_BID,"JPM,99921,266"
2019-06-28 10:15:00.000000000,BEST_ASK,"JPM,99956,100"
2019-06-28 10:15:00.000000000,BEST_BID,"JPM,99921,266"
2019-06-28 10:15:00.000000000,BEST_ASK,"JPM,99956,100"
2019-06-28 10:15:00.000000000,BEST_BID,"JPM,99921,266"
2019-06-28 10:15:00.000000000,BEST_ASK,"JPM,99956,166"
2019-06-28 10:15:00.000000000,BEST_BID,"JPM,99921,266"
2019-06-28 10:15:00.000000000,BEST_ASK,"JPM,99956,166"
2019-06-28 10:15:00.000000000,BEST_BID,"JPM,99921,266"
2019-06-28 10:15:00.000000000,BEST_ASK,"JPM,99956,166"
2019-06-28 10:15:00.000000000,BEST_BID,"JPM,99921,266"
2019-06-28 10:15:00.000000000,BEST_ASK,"JPM,99956,166"
2019-06-28 10:15:00.000000000,BEST_BID,"JPM,99921,266"
2019-06-28 10:15:00.000000000,BEST_ASK,"JPM,99956,166"
2019-06-28 10:15:00.000000000,QUERY_SPREAD,77
2019-06-28 10:15:00.000000000,QUERY_SPREAD,78
2019-06-28 10:15:00.000000000,QUERY_SPREAD,79
2019-06-28 10:15:00.000000000,QUERY_SPREAD,80
2019-06-28 10:15:00.000000000,QUERY_SPREAD,81
2019-06-28 10:15:00.000000000,QUERY_SPREAD,82
2019-06-28 10:15:00.000000000,QUERY_SPREAD,83
2019-06-28 10:15:00.000000000,QUERY_SPREAD,84
2019-06-28 10:15:00.000000000,QUERY_SPREAD,85
2019-06-28 10:15:00.000000000,QUERY_SPREAD,86
2019-06-28 10:15:00.000000000,QUERY_SPREAD,87
2019-06-28 10:15:00.000000000,QUERY_SPREAD,88
2019-06-28 10:15:00.000000000,QUERY_SPREAD,89
2019-06-28 10:15:00.000000000,QUERY_SPREAD,90
2019-06-28 10:15:00.000000000,QUERY_SPREAD,91
2019-06-28 10:15:00.000000000,QUERY_SPREAD,92
2019-06-28 10:15:00.000000000,QUERY_SPREAD,93
2019-06-28 10:15:00.000000000,QUERY_SPREAD,94
2019-06-28 10:15:00.000000000,QUERY_SPREAD,95
2019-06-28 10:15:00.000000000,QUERY_SPREAD,96
2019-06-28 10:15:00.000000000,QUERY_SPREAD,97
2019-06-28 10:15:00.000000000,QUERY_SPREAD,98
2019-06-28 10:15:00.000000000,QUERY_SPREAD,99
2019-06-28 10:15:00.000000000,QUERY_SPREAD,100
2019-06-28 10:15:00.000000000,QUERY_SPREAD,101
2019-06-28 10:15:00.000000000,QUERY_ORDER_STREAM,101
2019-06-28 10:15:04.374747062,QUERY_SPREAD,37
2019-06-28 10:15:04.374747062,BEST_BID,"JPM,99921,266"
2019-06-28 10:15:04.374747062,BEST_ASK,"JPM,99956,166"
2019-06-28 10:15:10.000000000,QUERY_SPREAD,1
2019-06-28 10:15:10.000000000,BEST_BID,"JPM,99921,266"
2019-06-28 10:15:10.000000000,BEST_ASK,"JPM,99956,100"
2019-06-28 10:15:10.000000000,BEST_BID,"JPM,99921,266"
2019-06-28 10:15:10.000000000,BEST_ASK,"JPM,99956,100"
2019-06-28 10:15:10.000000000,BEST_BID,"JPM,99921,266"
2019-06-28 10:15:10.000000000,BEST_ASK,"JPM,99956,100"
2019-06-28 10:15:10.000000000,BEST_BID,"JPM,99921,266"
2019-06-28 10:15:10.000000000,BEST_ASK,"JPM,99956,100"
2019-06-28 10:15:10.000000000,BEST_BID,"JPM,99921,266"
2019-06-28 10:15:10.000000000,BEST_ASK,"JPM,99956,100"
2019-06-28 10:15:10.000000000,BEST_BID,"JPM,99921,266"
2019-06-28 10:15:10.000000000,BEST_ASK,"JPM,99956,166"
2019-06-28 10:15:10.000000000,BEST_BID,"JPM,99921,266"
2019-06-28 10:15:10.000000000,BEST_ASK,"JPM,99956,166"
2019-06-28 10:15:10.000000000,BEST_BID,"JPM,99921,266"
2019-06-28 10:15:10.000000000,BEST_ASK,"JPM,99956,166"
2019-06-28 10:15:10.000000000,BEST_BID,"JPM,99921,266"
2019-06-28 10:15:10.000000000,BEST_ASK,"JPM,99956,166"
2019-06-28 10:15:10.000000000,BEST_BID,"JPM,99921,266"
2019-06-28 10:15:10.000000000,BEST_ASK,"JPM,99956,166"
2019-06-28 10:15:18.812196443,QUERY_SPREAD,25
2019-06-28 10:15:18.812196443,BEST_BID,"JPM,99921,266"
2019-06-28 10:15:18.812196443,BEST_ASK,"JPM,99956,166"
2019-06-28 10:15:19.399531516,QUERY_SPREAD,28
2019-06-28 10:15:19.399531516,BEST_BID,"JPM,99921,266"
2019-06-28 10:15:19.399531516,BEST_ASK,"JPM,99956,66"
2019-06-28 10:15:20.000000000,QUERY_SPREAD,1
2019-06-28 10:15:20.000000000,BEST_BID,"JPM,99921,266"
2019-06-28 10:15:20.000000000,BEST_ASK,"JPM,100009,100"
2019-06-28 10:15:20.000000000,BEST_BID,"JPM,99921,266"
2019-06-28 10:15:20.000000000,BEST_ASK,"JPM,100009,100"
2019-06-28 10:15:20.000000000,BEST_BID,"JPM,99921,266"
2019-06-28 10:15:20.000000000,BEST_ASK,"JPM,100009,100"
2019-06-28 10:15:20.000000000,BEST_BID,"JPM,99921,266"
2019-06-28 10:15:20.000000000,BEST_ASK,"JPM,100009,100"
2019-06-28 10:15:20.000000000,BEST_BID,"JPM,99921,266"
2019-06-28 10:15:20.000000000,BEST_ASK,"JPM,100009,100"
2019-06-28 10:15:20.000000000,BEST_BID,"JPM,99921,266"
2019-06-28 10:15:20.000000000,BEST_ASK,"JPM,100009,166"
2019-06-28 10:15:20.000000000,BEST_BID,"JPM,99921,266"
2019-06-28 10:15:20.000000000,BEST_ASK,"JPM,100009,166"
2019-06-28 10:15:20.000000000,BEST_BID,"JPM,99921,266"
2019-06-28 10:15:20.000000000,BEST_ASK,"JPM,100009,166"
2019-06-28 10:15:20.000000000,BEST_BID,"JPM,99921,266"
2019-06-28 10:15:20.000000000,BEST_ASK,"JPM,100009,166"
2019-06-28 10:15:20.000000000,BEST_BID,"JPM,99921,266"
2019-06-28 10:15:20.000000000,BEST_ASK,"JPM,100009,166"
2019-06-28 10:15:27.924664782,QUERY_SPREAD,5
2019-06-28 10:15:27.924664782,BEST_BID,"JPM,99921,166"
2019-06-28 10:15:27.924664782,BEST_ASK,"JPM,100009,166"
2019-06-28 10:15:27.924664782,LAST_TRADE,"100,$99921.0000"
2019-06-28 10:15:30.000000000,QUERY_SPREAD,1
2019-06-28 10:15:30.000000000,BEST_BID,"JPM,99921,428"
2019-06-28 10:15:30.000000000,BEST_ASK,"JPM,100009,100"
2019-06-28 10:15:30.000000000,BEST_BID,"JPM,99921,428"
2019-06-28 10:15:30.000000000,BEST_ASK,"JPM,100009,428"
2019-06-28 10:15:31.282231916,QUERY_ORDER_STREAM,60
2019-06-28 10:15:31.282231916,QUERY_SPREAD,60
2019-06-28 10:15:40.000000000,QUERY_SPREAD,1
2019-06-28 10:15:40.000000000,BEST_BID,"JPM,99921,166"
2019-06-28 10:15:40.000000000,BEST_ASK,"JPM,100009,100"
2019-06-28 10:15:40.000000000,BEST_BID,"JPM,99921,166"
2019-06-28 10:15:40.000000000,BEST_ASK,"JPM,100009,100"
2019-06-28 10:15:40.000000000,BEST_BID,"JPM,99921,166"
2019-06-28 10:15:40.000000000,BEST_ASK,"JPM,100009,100"
2019-06-28 10:15:40.000000000,BEST_BID,"JPM,99921,166"
2019-06-28 10:15:40.000000000,BEST_ASK,"JPM,100009,100"
2019-06-28 10:15:40.000000000,BEST_BID,"JPM,99921,166"
2019-06-28 10:15:40.000000000,BEST_ASK,"JPM,100009,100"
2019-06-28 10:15:40.000000000,BEST_BID,"JPM,99921,166"
2019-06-28 10:15:40.000000000,BEST_ASK,"JPM,100009,166"
2019-06-28 10:15:40.000000000,BEST_BID,"JPM,99921,166"
2019-06-28 10:15:40.000000000,BEST_ASK,"JPM,100009,166"
2019-06-28 10:15:40.000000000,BEST_BID,"JPM,99921,166"
2019-06-28 10:15:40.000000000,BEST_ASK,"JPM,100009,166"
2019-06-28 10:15:40.000000000,BEST_BID,"JPM,99921,166"
2019-06-28 10:15:40.000000000,BEST_ASK,"JPM,100009,166"
2019-06-28 10:15:40.000000000,BEST_BID,"JPM,99921,166"
2019-06-28 10:15:40.000000000,BEST_ASK,"JPM,100009,166"
2019-06-28 10:15:41.699640599,QUERY_ORDER_STREAM,54
2019-06-28 10:15:41.699640599,QUERY_SPREAD,54
2019-06-28 10:15:50.000000000,QUERY_SPREAD,1
2019-06-28 10:15:50.000000000,BEST_BID,"JPM,99921,264"
2019-06-28 10:15:50.000000000,BEST_ASK,"JPM,100009,100"
2019-06-28 10:15:50.000000000,BEST_BID,"JPM,99921,264"
2019-06-28 10:15:50.000000000,BEST_ASK,"JPM,100009,100"
2019-06-28 10:15:50.000000000,BEST_BID,"JPM,99921,264"
2019-06-28 10:15:50.000000000,BEST_ASK,"JPM,100009,264"
2019-06-28 10:15:50.000000000,BEST_BID,"JPM,99921,264"
2019-06-28 10:15:50.000000000,BEST_ASK,"JPM,100009,264"
2019-06-28 10:16:00.000000000,QUERY_SPREAD,1
2019-06-28 10:16:00.000000000,BEST_BID,"JPM,99921,264"
2019-06-28 10:16:00.000000000,BEST_ASK,"JPM,100009,100"
2019-06-28 10:16:00.000000000,BEST_BID,"JPM,99921,264"
2019-06-28 10:16:00.000000000,BEST_ASK,"JPM,100009,100"
2019-06-28 10:16:00.000000000,BEST_BID,"JPM,99921,264"
2019-06-28 10:16:00.000000000,BEST_ASK,"JPM,100009,264"
2019-06-28 10:16:00.000000000,BEST_BID,"JPM,99921,264"
2019-06-28 10:16:00.000000000,BEST_ASK,"JPM,100009,264"
2019-06-28 10:16:00.000000000,QUERY_SPREAD,77
2019-06-28 10:16:00.000000000,QUERY_SPREAD,78
2019-06-28 10:16:00.000000000,QUERY_SPREAD,79
2019-06-28 10:16:00.000000000,QUERY_SPREAD,80
2019-06-28 10:16:00.000000000,QUERY_SPREAD,81
2019-06-28 10:16:00.000000000,QUERY_SPREAD,82
2019-06-28 10:16:00.000000000,QUERY_SPREAD,83
2019-06-28 10:16:00.000000000,QUERY_SPREAD,84
2019-06-28 10:16:00.000000000,QUERY_SPREAD,85
2019-06-28 10:16:00.000000000,QUERY_SPREAD,86
2019-06-28 10:16:00.000000000,QUERY_SPREAD,87
2019-06-28 10:16:00.000000000,QUERY_SPREAD,88
2019-06-28 10:16:00.000000000,QUERY_SPREAD,89
2019-06-28 10:16:00.000000000,QUERY_SPREAD,90
2019-06-28 10:16:00.000000000,QUERY_SPREAD,91
2019-06-28 10:16:00.000000000,QUERY_SPREAD,92
2019-06-28 10:16:00.000000000,QUERY_SPREAD,93
2019-06-28 10:16:00.000000000,QUERY_SPREAD,94
2019-06-28 10:16:00.000000000,QUERY_SPREAD,95
2019-06-28 10:16:00.000000000,QUERY_SPREAD,96
2019-06-28 10:16:00.000000000,QUERY_SPREAD,97
2019-06-28 10:16:00.000000000,QUERY_SPREAD,98
2019-06-28 10:16:00.000000000,QUERY_SPREAD,99
2019-06-28 10:16:00.000000000,QUERY_SPREAD,100
2019-06-28 10:16:00.000000000,QUERY_SPREAD,101
2019-06-28 10:16:00.000000000,QUERY_ORDER_STREAM,101
2019-06-28 10:16:09.463307373,QUERY_ORDER_STREAM,75
2019-06-28 10:16:09.463307373,QUERY_SPREAD,75
2019-06-28 10:16:09.463307373,BEST_BID,"JPM,99921,64"
2019-06-28 10:16:09.463307373,BEST_ASK,"JPM,100009,264"
2019-06-28 10:16:09.463307373,LAST_TRADE,"100,$99921.0000"
2019-06-28 10:16:10.000000000,QUERY_SPREAD,1
2019-06-28 10:16:10.000000000,BEST_BID,"JPM,99794,282"
2019-06-28 10:16:10.000000000,BEST_ASK,"JPM,100009,100"
2019-06-28 10:16:10.000000000,BEST_BID,"JPM,99794,282"
2019-06-28 10:16:10.000000000,BEST_ASK,"JPM,100009,100"
2019-06-28 10:16:10.000000000,BEST_BID,"JPM,99794,282"
2019-06-28 10:16:10.000000000,BEST_ASK,"JPM,100009,100"
2019-06-28 10:16:10.000000000,BEST_BID,"JPM,99794,282"
2019-06-28 10:16:10.000000000,BEST_ASK,"JPM,100009,100"
2019-06-28 10:16:10.000000000,BEST_BID,"JPM,99794,282"
2019-06-28 10:16:10.000000000,BEST_ASK,"JPM,100009,182"
2019-06-28 10:16:10.000000000,BEST_BID,"JPM,99794,282"
2019-06-28 10:16:10.000000000,BEST_ASK,"JPM,100009,182"
2019-06-28 10:16:10.000000000,BEST_BID,"JPM,99794,282"
2019-06-28 10:16:10.000000000,BEST_ASK,"JPM,100009,182"
2019-06-28 10:16:10.000000000,BEST_BID,"JPM,99794,282"
2019-06-28 10:16:10.000000000,BEST_ASK,"JPM,100009,182"
2019-06-28 10:16:18.058645759,QUERY_SPREAD,16
2019-06-28 10:16:18.058645759,BEST_BID,"JPM,99794,282"
2019-06-28 10:16:18.058645759,BEST_ASK,"JPM,100009,182"
2019-06-28 10:16:20.000000000,QUERY_SPREAD,1
2019-06-28 10:16:20.000000000,BEST_BID,"JPM,99794,528"
2019-06-28 10:16:20.000000000,BEST_ASK,"JPM,100009,100"
2019-06-28 10:16:20.000000000,BEST_BID,"JPM,99794,528"
2019-06-28 10:16:20.000000000,BEST_ASK,"JPM,100009,428"
2019-06-28 10:16:23.341785864,QUERY_SPREAD,39
2019-06-28 10:16:23.341785864,BEST_BID,"JPM,99794,528"
2019-06-28 10:16:23.341785864,BEST_ASK,"JPM,100009,428"
2019-06-28 10:16:30.000000000,QUERY_SPREAD,1
2019-06-28 10:16:30.000000000,BEST_BID,"JPM,99794,364"
2019-06-28 10:16:30.000000000,BEST_ASK,"JPM,100009,100"
2019-06-28 10:16:30.000000000,BEST_BID,"JPM,99794,364"
2019-06-28 10:16:30.000000000,BEST_ASK,"JPM,100009,100"
2019-06-28 10:16:30.000000000,BEST_BID,"JPM,99794,364"
2019-06-28 10:16:30.000000000,BEST_ASK,"JPM,100009,264"
2019-06-28 10:16:30.000000000,BEST_BID,"JPM,99794,364"
2019-06-28 10:16:30.000000000,BEST_ASK,"JPM,100009,264"
2019-06-28 10:16:31.827513121,QUERY_SPREAD,35
2019-06-28 10:16:31.827513121,BEST_BID,"JPM,99794,264"
2019-06-28 10:16:31.827513121,BEST_ASK,"JPM,100009,264"
2019-06-28 10:16:31.827513121,LAST_TRADE,"100,$99794.0000"
2019-06-28 10:16:40.000000000,QUERY_SPREAD,1
2019-06-28 10:16:40.000000000,BEST_BID,"JPM,99794,264"
2019-06-28 10:16:40.000000000,BEST_ASK,"JPM,100009,100"
2019-06-28 10:16:40.000000000,BEST_BID,"JPM,99794,264"
2019-06-28 10:16:40.000000000,BEST_ASK,"JPM,100009,100"
2019-06-28 10:16:40.000000000,BEST_BID,"JPM,99794,264"
2019-06-28 10:16:40.000000000,BEST_ASK,"JPM,100009,264"
2019-06-28 10:16:40.000000000,BEST_BID,"JPM,99794,264"
2019-06-28 10:16:40.000000000,BEST_ASK,"JPM,100009,264"
2019-06-28 10:16:50.000000000,QUERY_SPREAD,1
2019-06-28 10:16:50.000000000,BEST_BID,"JPM,99794,264"
2019-06-28 10:16:50.000000000,BEST_ASK,"JPM,100009,100"
2019-06-28 10:16:50.000000000,BEST_BID,"JPM,99794,264"
2019-06-28 10:16:50.000000000,BEST_ASK,"JPM,100009,100"
2019-06-28 10:16:50.000000000,BEST_BID,"JPM,99794,264"
2019-06-28 10:16:50.000000000,BEST_ASK,"JPM,100009,264"
2019-06-28 10:16:50.000000000,BEST_BID,"JPM,99794,264"
2019-06-28 10:16:50.000000000,BEST_ASK,"JPM,100009,264"
2019-06-28 10:16:52.209733188,QUERY_SPREAD,30
2019-06-28 10:16:52.209733188,BEST_BID,"JPM,99794,264"
2019-06-28 10:16:52.209733188,BEST_ASK,"JPM,100009,264"
2019-06-28 10:16:55.713739155,QUERY_SPREAD,8
2019-06-28 10:16:55.713739155,BEST_BID,"JPM,99794,264"
2019-06-28 10:16:55.713739155,BEST_ASK,"JPM,100009,264"
2019-06-28 10:17:00.000000000,QUERY_SPREAD,1
2019-06-28 10:17:00.000000000,BEST_BID,"JPM,99794,212"
2019-06-28 10:17:00.000000000,BEST_ASK,"JPM,100009,100"
2019-06-28 10:17:00.000000000,BEST_BID,"JPM,99794,212"
2019-06-28 10:17:00.000000000,BEST_ASK,"JPM,100009,100"
2019-06-28 10:17:00.000000000,BEST_BID,"JPM,99794,212"
2019-06-28 10:17:00.000000000,BEST_ASK,"JPM,100009,100"
2019-06-28 10:17:00.000000000,BEST_BID,"JPM,99794,212"
2019-06-28 10:17:00.000000000,BEST_ASK,"JPM,100009,212"
2019-06-28 10:17:00.000000000,BEST_BID,"JPM,99794,212"
2019-06-28 10:17:00.000000000,BEST_ASK,"JPM,100009,212"
2019-06-28 10:17:00.000000000,BEST_BID,"JPM,99794,212"
2019-06-28 10:17:00.000000000,BEST_ASK,"JPM,100009,212"
2019-06-28 10:17:00.000000000,QUERY_SPREAD,77
2019-06-28 10:17:00.000000000,QUERY_SPREAD,78
2019-06-28 10:17:00.000000000,QUERY_SPREAD,79
2019-06-28 10:17:00.000000000,QUERY_SPREAD,80
2019-06-28 10:17:00.000000000,QUERY_SPREAD,81
2019-06-28 10:17:00.000000000,QUERY_SPREAD,82
2019-06-28 10:17:00.000000000,QUERY_SPREAD,83
2019-06-28 10:17:00.000000000,QUERY_SPREAD,84
2019-06-28 10:17:00.000000000,QUERY_SPREAD,85
2019-06-28 10:17:00.000000000,QUERY_SPREAD,86
2019-06-28 10:17:00.000000000,QUERY_SPREAD,87
2019-06-28 10:17:00.000000000,QUERY_SPREAD,88
2019-06-28 10:17:00.000000000,QUERY_SPREAD,89
2019-06-28 10:17:00.000000000,QUERY_SPREAD,90
2019-06-28 10:17:00.000000000,QUERY_SPREAD,91
2019-06-28 10:17:00.000000000,QUERY_SPREAD,92
2019-06-28 10:17:00.000000000,QUERY_SPREAD,93
2019-06-28 10:17:00.000000000,QUERY_SPREAD,94
2019-06-28 10:17:00.000000000,QUERY_SPREAD,95
2019-06-28 10:17:00.000000000,QUERY_SPREAD,96
2019-06-28 10:17:00.000000000,QUERY_SPREAD,97
2019-06-28 10:17:00.000000000,QUERY_SPREAD,98
2019-06-28 10:17:00.000000000,QUERY_SPREAD,99
2019-06-28 10:17:00.000000000,QUERY_SPREAD,100
2019-06-28 10:17:00.000000000,QUERY_SPREAD,101
2019-06-28 10:17:00.000000000,QUERY_ORDER_STREAM,101
2019-06-28 10:17:01.674100635,QUERY_SPREAD,20
2019-06-28 10:17:01.674100635,BEST_BID,"JPM,99794,212"
2019-06-28 10:17:01.674100635,BEST_ASK,"JPM,100009,212"
2019-06-28 10:17:10.000000000,QUERY_SPREAD,1
2019-06-28 10:17:10.000000000,BEST_BID,"JPM,99794,212"
2019-06-28 10:17:10.000000000,BEST_ASK,"JPM,100009,100"
2019-06-28 10:17:10.000000000,BEST_BID,"JPM,99794,212"
2019-06-28 10:17:10.000000000,BEST_ASK,"JPM,100009,100"
2019-06-28 10:17:10.000000000,BEST_BID,"JPM,99794,212"
2019-06-28 10:17:10.000000000,BEST_ASK,"JPM,100009,100"
2019-06-28 10:17:10.000000000,BEST_BID,"JPM,99794,212"
2019-06-28 10:17:10.000000000,BEST_ASK,"JPM,100009,212"
2019-06-28 10:17:10.000000000,BEST_BID,"JPM,99794,212"
2019-06-28 10:17:10.000000000,BEST_ASK,"JPM,100009,212"
2019-06-28 10:17:10.000000000,BEST_BID,"JPM,99794,212"
2019-06-28 10:17:10.000000000,BEST_ASK,"JPM,100009,212"
2019-06-28 10:17:20.000000000,QUERY_SPREAD,1
2019-06-28 10:17:20.000000000,BEST_BID,"JPM,99794,428"
2019-06-28 10:17:20.000000000,BEST_ASK,"JPM,100009,100"
2019-06-28 10:17:20.000000000,BEST_BID,"JPM,99794,428"
2019-06-28 10:17:20.000000000,BEST_ASK,"JPM,100009,428"
2019-06-28 10:17:30.000000000,QUERY_SPREAD,1
2019-06-28 10:17:30.000000000,BEST_BID,"JPM,99794,166"
2019-06-28 10:17:30.000000000,BEST_ASK,"JPM,100009,100"
2019-06-28 10:17:30.000000000,BEST_BID,"JPM,99794,166"
2019-06-28 10:17:30.000000000,BEST_ASK,"JPM,100009,100"
2019-06-28 10:17:30.000000000,BEST_BID,"JPM,99794,166"
2019-06-28 10:17:30.000000000,BEST_ASK,"JPM,100009,100"
2019-06-28 10:17:30.000000000,BEST_BID,"JPM,99794,166"
2019-06-28 10:17:30.000000000,BEST_ASK,"JPM,100009,100"
2019-06-28 10:17:30.000000000,BEST_BID,"JPM,99794,166"
2019-06-28 10:17:30.000000000,BEST_ASK,"JPM,100009,100"
2019-06-28 10:17:30.000000000,BEST_BID,"JPM,99794,166"
2019-06-28 10:17:30.000000000,BEST_ASK,"JPM,100009,166"
2019-06-28 10:17:30.000000000,BEST_BID,"JPM,99794,166"
2019-06-28 10:17:30.000000000,BEST_ASK,"JPM,100009,166"
2019-06-28 10:17:30.000000000,BEST_BID,"JPM,99794,166"
2019-06-28 10:17:30.000000000,BEST_ASK,"JPM,100009,166"
2019-06-28 10:17:30.000000000,BEST_BID,"JPM,99794,166"
2019-06-28 10:17:30.000000000,BEST_ASK,"JPM,100009,166"
2019-06-28 10:17:30.000000000,BEST_BID,"JPM,99794,166"
2019-06-28 10:17:30.000000000,BEST_ASK,"JPM,100009,166"
2019-06-28 10:17:36.514802577,QUERY_SPREAD,17
2019-06-28 10:17:36.514802577,BEST_BID,"JPM,99794,166"
2019-06-28 10:17:36.514802577,BEST_ASK,"JPM,100009,166"
2019-06-28 10:17:40.000000000,QUERY_SPREAD,1
2019-06-28 10:17:40.000000000,BEST_BID,"JPM,99794,166"
2019-06-28 10:17:40.000000000,BEST_ASK,"JPM,100009,100"
2019-06-28 10:17:40.000000000,BEST_BID,"JPM,99794,166"
2019-06-28 10:17:40.000000000,BEST_ASK,"JPM,100009,100"
2019-06-28 10:17:40.000000000,BEST_BID,"JPM,99794,166"
2019-06-28 10:17:40.000000000,BEST_ASK,"JPM,100009,100"
2019-06-28 10:17:40.000000000,BEST_BID,"JPM,99794,166"
2019-06-28 10:17:40.000000000,BEST_ASK,"JPM,100009,100"
2019-06-28 10:17:40.000000000,BEST_BID,"JPM,99794,166"
2019-06-28 10:17:40.000000000,BEST_ASK,"JPM,100009,100"
2019-06-28 10:17:40.000000000,BEST_BID,"JPM,99794,166"
2019-06-28 10:17:40.000000000,BEST_ASK,"JPM,100009,166"
2019-06-28 10:17:40.000000000,BEST_BID,"JPM,99794,166"
2019-06-28 10:17:40.000000000,BEST_ASK,"JPM,100009,166"
2019-06-28 10:17:40.000000000,BEST_BID,"JPM,99794,166"
2019-06-28 10:17:40.000000000,BEST_ASK,"JPM,100009,166"
2019-06-28 10:17:40.000000000,BEST_BID,"JPM,99794,166"
2019-06-28 10:17:40.000000000,BEST_ASK,"JPM,100009,166"
2019-06-28 10:17:40.000000000,BEST_BID,"JPM,99794,166"
2019-06-28 10:17:40.000000000,BEST_ASK,"JPM,100009,166"
2019-06-28 10:17:40.565751634,QUERY_SPREAD,39
2019-06-28 10:17:40.565751634,BEST_BID,"JPM,99794,66"
2019-06-28 10:17:40.565751634,BEST_ASK,"JPM,100009,166"
2019-06-28 10:17:40.565751634,LAST_TRADE,"100,$99794.0000"
2019-06-28 10:17:43.566412878,QUERY_ORDER_STREAM,52
2019-06-28 10:17:43.566412878,QUERY_SPREAD,52
2019-06-28 10:17:43.566412878,BEST_BID,"JPM,99724,166"
2019-06-28 10:17:43.566412878,BEST_ASK,"JPM,99794,34"
2019-06-28 10:17:43.566412878,LAST_TRADE,"66,$99794.0000"
2019-06-28 10:17:50.000000000,QUERY_SPREAD,1
2019-06-28 10:17:50.000000000,BEST_BID,"JPM,99724,264"
2019-06-28 10:17:50.000000000,BEST_ASK,"JPM,99794,34"
2019-06-28 10:17:50.000000000,BEST_BID,"JPM,99724,264"
2019-06-28 10:17:50.000000000,BEST_ASK,"JPM,99794,34"
2019-06-28 10:17:50.000000000,BEST_BID,"JPM,99724,264"
2019-06-28 10:17:50.000000000,BEST_ASK,"JPM,99794,198"
2019-06-28 10:17:50.000000000,BEST_BID,"JPM,99724,264"
2019-06-28 10:17:50.000000000,BEST_ASK,"JPM,99794,198"
2019-06-28 10:18:00.000000000,QUERY_SPREAD,1
2019-06-28 10:18:00.000000000,BEST_BID,"JPM,99724,428"
2019-06-28 10:18:00.000000000,BEST_ASK,"JPM,99794,34"
2019-06-28 10:18:00.000000000,BEST_BID,"JPM,99724,428"
2019-06-28 10:18:00.000000000,BEST_ASK,"JPM,99794,362"
2019-06-28 10:18:00.000000000,QUERY_SPREAD,77
2019-06-28 10:18:00.000000000,QUERY_SPREAD,78
2019-06-28 10:18:00.000000000,QUERY_SPREAD,79
2019-06-28 10:18:00.000000000,QUERY_SPREAD,80
2019-06-28 10:18:00.000000000,QUERY_SPREAD,81
2019-06-28 10:18:00.000000000,QUERY_SPREAD,82
2019-06-28 10:18:00.000000000,QUERY_SPREAD,83
2019-06-28 10:18:00.000000000,QUERY_SPREAD,84
2019-06-28 10:18:00.000000000,QUERY_SPREAD,85
2019-06-28 10:18:00.000000000,QUERY_SPREAD,86
2019-06-28 10:18:00.000000000,QUERY_SPREAD,87
2019-06-28 10:18:00.000000000,QUERY_SPREAD,88
2019-06-28 10:18:00.000000000,QUERY_SPREAD,89
2019-06-28 10:18:00.000000000,QUERY_SPREAD,90
2019-06-28 10:18:00.000000000,QUERY_SPREAD,91
2019-06-28 10:18:00.000000000,QUERY_SPREAD,92
2019-06-28 10:18:00.000000000,QUERY_SPREAD,93
2019-06-28 10:18:00.000000000,QUERY_SPREAD,94
2019-06-28 10:18:00.000000000,QUERY_SPREAD,95
2019-06-28 10:18:00.000000000,QUERY_SPREAD,96
2019-06-28 10:18:00.000000000,QUERY_SPREAD,97
2019-06-28 10:18:00.000000000,QUERY_SPREAD,98
2019-06-28 10:18:00.000000000,QUERY_SPREAD,99
2019-06-28 10:18:00.000000000,QUERY_SPREAD,100
2019-06-28 10:18:00.000000000,QUERY_SPREAD,101
2019-06-28 10:18:00.000000000,QUERY_ORDER_STREAM,101
2019-06-28 10:18:04.659670220,QUERY_SPREAD,38
2019-06-28 10:18:04.659670220,BEST_BID,"JPM,99724,328"
2019-06-28 10:18:04.659670220,BEST_ASK,"JPM,99794,362"
2019-06-28 10:18:04.659670220,LAST_TRADE,"100,$99724.0000"
2019-06-28 10:18:07.044274002,QUERY_SPREAD,26
2019-06-28 10:18:07.044274002,BEST_BID,"JPM,99724,228"
2019-06-28 10:18:07.044274002,BEST_ASK,"JPM,99794,362"
2019-06-28 10:18:07.044274002,LAST_TRADE,"100,$99724.0000"
2019-06-28 10:18:10.000000000,QUERY_SPREAD,1
2019-06-28 10:18:10.000000000,BEST_BID,"JPM,99703,182"
2019-06-28 10:18:10.000000000,BEST_ASK,"JPM,99794,34"
2019-06-28 10:18:10.000000000,BEST_BID,"JPM,99703,182"
2019-06-28 10:18:10.000000000,BEST_ASK,"JPM,99794,34"
2019-06-28 10:18:10.000000000,BEST_BID,"JPM,99703,182"
2019-06-28 10:18:10.000000000,BEST_ASK,"JPM,99794,34"
2019-06-28 10:18:10.000000000,BEST_BID,"JPM,99703,182"
2019-06-28 10:18:10.000000000,BEST_ASK,"JPM,99794,34"
2019-06-28 10:18:10.000000000,BEST_BID,"JPM,99703,182"
2019-06-28 10:18:10.000000000,BEST_ASK,"JPM,99794,116"
2019-06-28 10:18:10.000000000,BEST_BID,"JPM,99703,182"
2019-06-28 10:18:10.000000000,BEST_ASK,"JPM,99794,116"
2019-06-28 10:18:10.000000000,BEST_BID,"JPM,99703,182"
2019-06-28 10:18:10.000000000,BEST_ASK,"JPM,99794,116"
2019-06-28 10:18:10.000000000,BEST_BID,"JPM,99703,182"
2019-06-28 10:18:10.000000000,BEST_ASK,"JPM,99794,116"
2019-06-28 10:18:20.000000000,QUERY_SPREAD,1
2019-06-28 10:18:20.000000000,BEST_BID,"JPM,99703,182"
2019-06-28 10:18:20.000000000,BEST_ASK,"JPM,99794,34"
2019-06-28 10:18:20.000000000,BEST_BID,"JPM,99703,182"
2019-06-28 10:18:20.000000000,BEST_ASK,"JPM,99794,34"
2019-06-28 10:18:20.000000000,BEST_BID,"JPM,99703,182"
2019-06-28 10:18:20.000000000,BEST_ASK,"JPM,99794,34"
2019-06-28 10:18:20.000000000,BEST_BID,"JPM,99703,182"
2019-06-28 10:18:20.000000000,BEST_ASK,"JPM,99794,34"
2019-06-28 10:18:20.000000000,BEST_BID,"JPM,99703,182"
2019-06-28 10:18:20.000000000,BEST_ASK,"JPM,99794,116"
2019-06-28 10:18:20.000000000,BEST_BID,"JPM,99703,182"
2019-06-28 10:18:20.000000000,BEST_ASK,"JPM,99794,116"
2019-06-28 10:18:20.000000000,BEST_BID,"JPM,99703,182"
2019-06-28 10:18:20.000000000,BEST_ASK,"JPM,99794,116"
2019-06-28 10:18:20.000000000,BEST_BID,"JPM,99703,182"
2019-06-28 10:18:20.000000000,BEST_ASK,"JPM,99794,116"
2019-06-28 10:18:22.053352425,QUERY_SPREAD,2
2019-06-28 10:18:22.053352425,BEST_BID,"JPM,99703,182"
2019-06-28 10:18:22.053352425,BEST_ASK,"JPM,99794,116"
2019-06-28 10:18:30.000000000,QUERY_SPREAD,1
2019-06-28 10:18:30.000000000,BEST_BID,"JPM,99703,166"
2019-06-28 10:18:30.000000000,BEST_ASK,"JPM,99794,34"
2019-06-28 10:18:30.000000000,BEST_BID,"JPM,99703,166"
2019-06-28 10:18:30.000000000,BEST_ASK,"JPM,99794,34"
2019-06-28 10:18:30.000000000,BEST_BID,"JPM,99703,166"
2019-06-28 10:18:30.000000000,BEST_ASK,"JPM,99794,34"
2019-06-28 10:18:30.000000000,BEST_BID,"JPM,99703,166"
2019-06-28 10:18:30.000000000,BEST_ASK,"JPM,99794,34"
2019-06-28 10:18:30.000000000,BEST_BID,"JPM,99703,166"
2019-06-28 10:18:30.000000000,BEST_ASK,"JPM,99794,34"
2019-06-28 10:18:30.000000000,BEST_BID,"JPM,99703,166"
2019-06-28 10:18:30.000000000,BEST_ASK,"JPM,99794,100"
2019-06-28 10:18:30.000000000,BEST_BID,"JPM,99703,166"
2019-06-28 10:18:30.000000000,BEST_ASK,"JPM,99794,100"
2019-06-28 10:18:30.000000000,BEST_BID,"JPM,99703,166"
2019-06-28 10:18:30.000000000,BEST_ASK,"JPM,99794,100"
2019-06-28 10:18:30.000000000,BEST_BID,"JPM,99703,166"
2019-06-28 10:18:30.000000000,BEST_ASK,"JPM,99794,100"
2019-06-28 10:18:30.000000000,BEST_BID,"JPM,99703,166"
2019-06-28 10:18:30.000000000,BEST_ASK,"JPM,99794,100"
2019-06-28 10:18:32.303688763,QUERY_SPREAD,3
2019-06-28 10:18:32.303688763,BEST_BID,"JPM,99703,66"
2019-06-28 10:18:32.303688763,BEST_ASK,"JPM,99794,100"
2019-06-28 10:18:32.303688763,LAST_TRADE,"100,$99703.0000"
2019-06-28 10:18:40.000000000,QUERY_SPREAD,1
2019-06-28 10:18:40.000000000,BEST_BID,"JPM,99642,166"
2019-06-28 10:18:40.000000000,BEST_ASK,"JPM,99794,34"
2019-06-28 10:18:40.000000000,BEST_BID,"JPM,99642,166"
2019-06-28 10:18:40.000000000,BEST_ASK,"JPM,99794,34"
2019-06-28 10:18:40.000000000,BEST_BID,"JPM,99642,166"
2019-06-28 10:18:40.000000000,BEST_ASK,"JPM,99794,34"
2019-06-28 10:18:40.000000000,BEST_BID,"JPM,99642,166"
2019-06-28 10:18:40.000000000,BEST_ASK,"JPM,99794,34"
2019-06-28 10:18:40.000000000,BEST_BID,"JPM,99642,166"
2019-06-28 10:18:40.000000000,BEST_ASK,"JPM,99794,34"
2019-06-28 10:18:40.000000000,BEST_BID,"JPM,99642,166"
2019-06-28 10:18:40.000000000,BEST_ASK,"JPM,99794,100"
2019-06-28 10:18:40.000000000,BEST_BID,"JPM,99642,166"
2019-06-28 10:18:40.000000000,BEST_ASK,"JPM,99794,100"
2019-06-28 10:18:40.000000000,BEST_BID,"JPM,99642,166"
2019-06-28 10:18:40.000000000,BEST_ASK,"JPM,99794,100"
2019-06-28 10:18:40.000000000,BEST_BID,"JPM,99642,166"
2019-06-28 10:18:40.000000000,BEST_ASK,"JPM,99794,100"
2019-06-28 10:18:40.000000000,BEST_BID,"JPM,99642,166"
2019-06-28 10:18:40.000000000,BEST_ASK,"JPM,99794,100"
2019-06-28 10:18:50.000000000,QUERY_SPREAD,1
2019-06-28 10:18:50.000000000,BEST_BID,"JPM,99642,212"
2019-06-28 10:18:50.000000000,BEST_ASK,"JPM,99794,34"
2019-06-28 10:18:50.000000000,BEST_BID,"JPM,99642,212"
2019-06-28 10:18:50.000000000,BEST_ASK,"JPM,99794,34"
2019-06-28 10:18:50.000000000,BEST_BID,"JPM,99642,212"
2019-06-28 10:18:50.000000000,BEST_ASK,"JPM,99794,34"
2019-06-28 10:18:50.000000000,BEST_BID,"JPM,99642,212"
2019-06-28 10:18:50.000000000,BEST_ASK,"JPM,99794,146"
2019-06-28 10:18:50.000000000,BEST_BID,"JPM,99642,212"
2019-06-28 10:18:50.000000000,BEST_ASK,"JPM,99794,146"
2019-06-28 10:18:50.000000000,BEST_BID,"JPM,99642,212"
2019-06-28 10:18:50.000000000,BEST_ASK,"JPM,99794,146"
2019-06-28 10:18:53.897593272,QUERY_ORDER_STREAM,72
2019-06-28 10:18:53.897593272,QUERY_SPREAD,72
2019-06-28 10:19:00.000000000,QUERY_SPREAD,1
2019-06-28 10:19:00.000000000,BEST_BID,"JPM,99642,428"
2019-06-28 10:19:00.000000000,BEST_ASK,"JPM,99794,34"
2019-06-28 10:19:00.000000000,BEST_BID,"JPM,99642,428"
2019-06-28 10:19:00.000000000,BEST_ASK,"JPM,99794,362"
2019-06-28 10:19:00.000000000,QUERY_SPREAD,77
2019-06-28 10:19:00.000000000,QUERY_SPREAD,78
2019-06-28 10:19:00.000000000,QUERY_SPREAD,79
2019-06-28 10:19:00.000000000,QUERY_SPREAD,80
2019-06-28 10:19:00.000000000,QUERY_SPREAD,81
2019-06-28 10:19:00.000000000,QUERY_SPREAD,82
2019-06-28 10:19:00.000000000,QUERY_SPREAD,83
2019-06-28 10:19:00.000000000,QUERY_SPREAD,84
2019-06-28 10:19:00.000000000,QUERY_SPREAD,85
2019-06-28 10:19:00.000000000,QUERY_SPREAD,86
2019-06-28 10:19:00.000000000,QUERY_SPREAD,87
2019-06-28 10:19:00.000000000,QUERY_SPREAD,88
2019-06-28 10:19:00.000000000,QUERY_SPREAD,89
2019-06-28 10:19:00.000000000,QUERY_SPREAD,90
2019-06-28 10:19:00.000000000,QUERY_SPREAD,91
2019-06-28 10:19:00.000000000,QUERY_SPREAD,92
2019-06-28 10:19:00.000000000,QUERY_SPREAD,93
2019-06-28 10:19:00.000000000,QUERY_SPREAD,94
2019-06-28 10:19:00.000000000,QUERY_SPREAD,95
2019-06-28 10:19:00.000000000,QUERY_SPREAD,96
2019-06-28 10:19:00.000000000,QUERY_SPREAD,97
2019-06-28 10:19:00.000000000,QUERY_SPREAD,98
2019-06-28 10:19:00.000000000,QUERY_SPREAD,99
2019-06-28 10:19:00.000000000,QUERY_SPREAD,100
2019-06-28 10:19:00.000000000,QUERY_SPREAD,101
2019-06-28 10:19:00.000000000,QUERY_ORDER_STREAM,101
2019-06-28 10:19:03.363011853,QUERY_SPREAD,4
2019-06-28 10:19:03.363011853,BEST_BID,"JPM,99642,328"
2019-06-28 10:19:03.363011853,BEST_ASK,"JPM,99794,362"
2019-06-28 10:19:03.363011853,LAST_TRADE,"100,$99642.0000"
2019-06-28 10:19:10.000000000,QUERY_SPREAD,1
2019-06-28 10:19:10.000000000,BEST_BID,"JPM,99505,166"
2019-06-28 10:19:10.000000000,BEST_ASK,"JPM,99794,34"
2019-06-28 10:19:10.000000000,BEST_BID,"JPM,99505,166"
2019-06-28 10:19:10.000000000,BEST_ASK,"JPM,99794,34"
2019-06-28 10:19:10.000000000,BEST_BID,"JPM,99505,166"
2019-06-28 10:19:10.000000000,BEST_ASK,"JPM,99794,34"
2019-06-28 10:19:10.000000000,BEST_BID,"JPM,99505,166"
2019-06-28 10:19:10.000000000,BEST_ASK,"JPM,99794,34"
2019-06-28 10:19:10.000000000,BEST_BID,"JPM,99505,166"
2019-06-28 10:19:10.000000000,BEST_ASK,"JPM,99794,34"
2019-06-28 10:19:10.000000000,BEST_BID,"JPM,99505,166"
2019-06-28 10:19:10.000000000,BEST_ASK,"JPM,99794,100"
2019-06-28 10:19:10.000000000,BEST_BID,"JPM,99505,166"
2019-06-28 10:19:10.000000000,BEST_ASK,"JPM,99794,100"
2019-06-28 10:19:10.000000000,BEST_BID,"JPM,99505,166"
2019-06-28 10:19:10.000000000,BEST_ASK,"JPM,99794,100"
2019-06-28 10:19:10.000000000,BEST_BID,"JPM,99505,166"
2019-06-28 10:19:10.000000000,BEST_ASK,"JPM,99794,100"
2019-06-28 10:19:10.000000000,BEST_BID,"JPM,99505,166"
2019-06-28 10:19:10.000000000,BEST_ASK,"JPM,99794,100"
2019-06-28 10:19:14.189531639,QUERY_ORDER_STREAM,62
2019-06-28 10:19:14.189531639,QUERY_SPREAD,62
2019-06-28 10:19:14.189531639,BEST_BID,"JPM,99505,166"
2019-06-28 10:19:14.189531639,BEST_ASK,"JPM,99703,100"
2019-06-28 10:19:20.000000000,QUERY_SPREAD,1
2019-06-28 10:19:20.000000000,BEST_BID,"JPM,99505,182"
2019-06-28 10:19:20.000000000,BEST_ASK,"JPM,99703,100"
2019-06-28 10:19:20.000000000,BEST_BID,"JPM,99505,182"
2019-06-28 10:19:20.000000000,BEST_ASK,"JPM,99703,100"
2019-06-28 10:19:20.000000000,BEST_BID,"JPM,99505,182"
2019-06-28 10:19:20.000000000,BEST_ASK,"JPM,99703,100"
2019-06-28 10:19:20.000000000,BEST_BID,"JPM,99505,182"
2019-06-28 10:19:20.000000000,BEST_ASK,"JPM,99703,100"
2019-06-28 10:19:20.000000000,BEST_BID,"JPM,99505,182"
2019-06-28 10:19:20.000000000,BEST_ASK,"JPM,99703,182"
2019-06-28 10:19:20.000000000,BEST_BID,"JPM,99505,182"
2019-06-28 10:19:20.000000000,BEST_ASK,"JPM,99703,182"
2019-06-28 10:19:20.000000000,BEST_BID,"JPM,99505,182"
2019-06-28 10:19:20.000000000,BEST_ASK,"JPM,99703,182"
2019-06-28 10:19:20.000000000,BEST_BID,"JPM,99505,182"
2019-06-28 10:19:20.000000000,BEST_ASK,"JPM,99703,182"
2019-06-28 10:19:27.913857116,QUERY_SPREAD,50
2019-06-28 10:19:27.913857116,BEST_BID,"JPM,99505,82"
2019-06-28 10:19:27.913857116,BEST_ASK,"JPM,99703,182"
2019-06-28 10:19:27.913857116,LAST_TRADE,"100,$99505.0000"
2019-06-28 10:19:30.000000000,QUERY_SPREAD,1
2019-06-28 10:19:30.000000000,BEST_BID,"JPM,99503,182"
2019-06-28 10:19:30.000000000,BEST_ASK,"JPM,99703,100"
2019-06-28 10:19:30.000000000,BEST_BID,"JPM,99503,182"
2019-06-28 10:19:30.000000000,BEST_ASK,"JPM,99703,100"
2019-06-28 10:19:30.000000000,BEST_BID,"JPM,99503,182"
2019-06-28 10:19:30.000000000,BEST_ASK,"JPM,99703,100"
2019-06-28 10:19:30.000000000,BEST_BID,"JPM,99503,182"
2019-06-28 10:19:30.000000000,BEST_ASK,"JPM,99703,100"
2019-06-28 10:19:30.000000000,BEST_BID,"JPM,99503,182"
2019-06-28 10:19:30.000000000,BEST_ASK,"JPM,99703,182"
2019-06-28 10:19:30.000000000,BEST_BID,"JPM,99503,182"
2019-06-28 10:19:30.000000000,BEST_ASK,"JPM,99703,182"
2019-06-28 10:19:30.000000000,BEST_BID,"JPM,99503,182"
2019-06-28 10:19:30.000000000,BEST_ASK,"JPM,99703,182"
2019-06-28 10:19:30.000000000,BEST_BID,"JPM,99503,182"
2019-06-28 10:19:30.000000000,BEST_ASK,"JPM,99703,182"
2019-06-28 10:19:40.000000000,QUERY_SPREAD,1
2019-06-28 10:19:40.000000000,BEST_BID,"JPM,99503,428"
2019-06-28 10:19:40.000000000,BEST_ASK,"JPM,99703,100"
2019-06-28 10:19:40.000000000,BEST_BID,"JPM,99503,428"
2019-06-28 10:19:40.000000000,BEST_ASK,"JPM,99703,428"
2019-06-28 10:19:47.898833597,QUERY_SPREAD,47
2019-06-28 10:19:47.898833597,BEST_BID,"JPM,99503,428"
2019-06-28 10:19:47.898833597,BEST_ASK,"JPM,99703,428"
2019-06-28 10:19:50.000000000,QUERY_SPREAD,1
2019-06-28 10:19:50.000000000,BEST_BID,"JPM,99503,428"
2019-06-28 10:19:50.000000000,BEST_ASK,"JPM,99703,100"
2019-06-28 10:19:50.000000000,BEST_BID,"JPM,99503,428"
2019-06-28 10:19:50.000000000,BEST_ASK,"JPM,99703,428"
2019-06-28 10:19:50.056842070,QUERY_SPREAD,7
2019-06-28 10:19:50.056842070,BEST_BID,"JPM,99503,428"
2019-06-28 10:19:50.056842070,BEST_ASK,"JPM,99703,428"
2019-06-28 10:19:54.721373557,QUERY_SPREAD,38
2019-06-28 10:19:54.721373557,BEST_BID,"JPM,99503,328"
2019-06-28 10:19:54.721373557,BEST_ASK,"JPM,99703,428"
2019-06-28 10:19:54.721373557,LAST_TRADE,"100,$99503.0000"
2019-06-28 10:20:00.000000000,QUERY_SPREAD,1
2019-06-28 10:20:00.000000000,BEST_BID,"JPM,99451,182"
2019-06-28 10:20:00.000000000,BEST_ASK,"JPM,99703,100"
2019-06-28 10:20:00.000000000,BEST_BID,"JPM,99451,182"
2019-06-28 10:20:00.000000000,BEST_ASK,"JPM,99703,100"
2019-06-28 10:20:00.000000000,BEST_BID,"JPM,99451,182"
2019-06-28 10:20:00.000000000,BEST_ASK,"JPM,99703,100"
2019-06-28 10:20:00.000000000,BEST_BID,"JPM,99451,182"
2019-06-28 10:20:00.000000000,BEST_ASK,"JPM,99703,100"
2019-06-28 10:20:00.000000000,BEST_BID,"JPM,99451,182"
2019-06-28 10:20:00.000000000,BEST_ASK,"JPM,99703,182"
2019-06-28 10:20:00.000000000,BEST_BID,"JPM,99451,182"
2019-06-28 10:20:00.000000000,BEST_ASK,"JPM,99703,182"
2019-06-28 10:20:00.000000000,BEST_BID,"JPM,99451,182"
2019-06-28 10:20:00.000000000,BEST_ASK,"JPM,99703,182"
2019-06-28 10:20:00.000000000,BEST_BID,"JPM,99451,182"
2019-06-28 10:20:00.000000000,BEST_ASK,"JPM,99703,182"
2019-06-28 10:20:00.000000000,QUERY_SPREAD,77
2019-06-28 10:20:00.000000000,QUERY_SPREAD,78
2019-06-28 10:20:00.000000000,QUERY_SPREAD,79
2019-06-28 10:20:00.000000000,QUERY_SPREAD,80
2019-06-28 10:20:00.000000000,QUERY_SPREAD,81
2019-06-28 10:20:00.000000000,QUERY_SPREAD,82
2019-06-28 10:20:00.000000000,QUERY_SPREAD,83
2019-06-28 10:20:00.000000000,QUERY_SPREAD,84
2019-06-28 10:20:00.000000000,QUERY_SPREAD,85
2019-06-28 10:20:00.000000000,QUERY_SPREAD,86
2019-06-28 10:20:00.000000000,QUERY_SPREAD,87
2019-06-28 10:20:00.000000000,QUERY_SPREAD,88
2019-06-28 10:20:00.000000000,QUERY_SPREAD,89
2019-06-28 10:20:00.000000000,QUERY_SPREAD,90
2019-06-28 10:20:00.000000000,QUERY_SPREAD,91
2019-06-28 10:20:00.000000000,QUERY_SPREAD,92
2019-06-28 10:20:00.000000000,QUERY_SPREAD,93
2019-06-28 10:20:00.000000000,QUERY_SPREAD,94
2019-06-28 10:20:00.000000000,QUERY_SPREAD,95
2019-06-28 10:20:00.000000000,QUERY_SPREAD,96
2019-06-28 10:20:00.000000000,QUERY_SPREAD,97
2019-06-28 10:20:00.000000000,QUERY_SPREAD,98
2019-06-28 10:20:00.000000000,QUERY_SPREAD,99
2019-06-28 10:20:00.000000000,QUERY_SPREAD,100
2019-06-28 10:20:00.000000000,QUERY_SPREAD,101
2019-06-28 10:20:00.000000000,QUERY_ORDER_STREAM,101
2019-06-28 10:20:00.729026613,QUERY_ORDER_STREAM,58
2019-06-28 10:20:00.729026613,QUERY_SPREAD,58
2019-06-28 10:20:00.729026613,BEST_BID,"JPM,99451,182"
2019-06-28 10:20:00.729026613,BEST_ASK,"JPM,99505,100"
2019-06-28 10:20:04.876436734,QUERY_SPREAD,49
2019-06-28 10:20:04.876436734,BEST_BID,"JPM,99451,182"
2019-06-28 10:20:04.876436734,BEST_ASK,"JPM,99505,100"
2019-06-28 10:20:08.385834250,QUERY_SPREAD,15
2019-06-28 10:20:08.385834250,BEST_BID,"JPM,99451,182"
2019-06-28 10:20:08.385834250,BEST_ASK,"JPM,99703,182"
2019-06-28 10:20:08.385834250,LAST_TRADE,"100,$99505.0000"
2019-06-28 10:20:10.000000000,QUERY_SPREAD,1
2019-06-28 10:20:10.000000000,BEST_BID,"JPM,99451,428"
2019-06-28 10:20:10.000000000,BEST_ASK,"JPM,99703,100"
2019-06-28 10:20:10.000000000,BEST_BID,"JPM,99451,428"
2019-06-28 10:20:10.000000000,BEST_ASK,"JPM,99703,428"
2019-06-28 10:20:12.159933604,QUERY_SPREAD,16
2019-06-28 10:20:12.159933604,BEST_BID,"JPM,99451,428"
2019-06-28 10:20:12.159933604,BEST_ASK,"JPM,99499,100"
2019-06-28 10:20:12.186809274,QUERY_SPREAD,28
2019-06-28 10:20:12.186809274,BEST_BID,"JPM,99451,428"
2019-06-28 10:20:12.186809274,BEST_ASK,"JPM,99703,428"
2019-06-28 10:20:12.186809274,LAST_TRADE,"100,$99499.0000"
2019-06-28 10:20:20.000000000,QUERY_SPREAD,1
2019-06-28 10:20:20.000000000,BEST_BID,"JPM,99451,182"
2019-06-28 10:20:20.000000000,BEST_ASK,"JPM,99703,100"
2019-06-28 10:20:20.000000000,BEST_BID,"JPM,99451,182"
2019-06-28 10:20:20.000000000,BEST_ASK,"JPM,99703,100"
2019-06-28 10:20:20.000000000,BEST_BID,"JPM,99451,182"
2019-06-28 10:20:20.000000000,BEST_ASK,"JPM,99703,100"
2019-06-28 10:20:20.000000000,BEST_BID,"JPM,99451,182"
2019-06-28 10:20:20.000000000,BEST_ASK,"JPM,99703,100"
2019-06-28 10:20:20.000000000,BEST_BID,"JPM,99451,182"
2019-06-28 10:20:20.000000000,BEST_ASK,"JPM,99703,182"
2019-06-28 10:20:20.000000000,BEST_BID,"JPM,99451,182"
2019-06-28 10:20:20.000000000,BEST_ASK,"JPM,99703,182"
2019-06-28 10:20:20.000000000,BEST_BID,"JPM,99451,182"
2019-06-28 10:20:20.000000000,BEST_ASK,"JPM,99703,182"
2019-06-28 10:20:20.000000000,BEST_BID,"JPM,99451,182"
2019-06-28 10:20:20.000000000,BEST_ASK,"JPM,99703,182"
2019-06-28 10:20:30.000000000,QUERY_SPREAD,1
2019-06-28 10:20:30.000000000,BEST_BID,"JPM,99451,166"
2019-06-28 10:20:30.000000000,BEST_ASK,"JPM,99703,100"
2019-06-28 10:20:30.000000000,BEST_BID,"JPM,99451,166"
2019-06-28 10:20:30.000000000,BEST_ASK,"JPM,99703,100"
2019-06-28 10:20:30.000000000,BEST_BID,"JPM,99451,166"
2019-06-28 10:20:30.000000000,BEST_ASK,"JPM,99703,100"
2019-06-28 10:20:30.000000000,BEST_BID,"JPM,99451,166"
2019-06-28 10:20:30.000000000,BEST_ASK,"JPM,99703,100"
2019-06-28 10:20:30.000000000,BEST_BID,"JPM,99451,166"
2019-06-28 10:20:30.000000000,BEST_ASK,"JPM,99703,100"
2019-06-28 10:20:30.000000000,BEST_BID,"JPM,99451,166"
2019-06-28 10:20:30.000000000,BEST_ASK,"JPM,99703,166"
2019-06-28 10:20:30.000000000,BEST_BID,"JPM,99451,166"
2019-06-28 10:20:30.000000000,BEST_ASK,"JPM,99703,166"
2019-06-28 10:20:30.000000000,BEST_BID,"JPM,99451,166"
2019-06-28 10:20:30.000000000,BEST_ASK,"JPM,99703,166"
2019-06-28 10:20:30.000000000,BEST_BID,"JPM,99451,166"
2019-06-28 10:20:30.000000000,BEST_ASK,"JPM,99703,166"
2019-06-28 10:20:30.000000000,BEST_BID,"JPM,99451,166"
2019-06-28 10:20:30.000000000,BEST_ASK,"JPM,99703,166"
2019-06-28 10:20:38.783719256,QUERY_SPREAD,38
2019-06-28 10:20:38.783719256,BEST_BID,"JPM,99451,166"
2019-06-28 10:20:38.783719256,BEST_ASK,"JPM,99497,100"
2019-06-28 10:20:40.000000000,QUERY_SPREAD,1
2019-06-28 10:20:40.000000000,BEST_BID,"JPM,99451,264"
2019-06-28 10:20:40.000000000,BEST_ASK,"JPM,99497,100"
2019-06-28 10:20:40.000000000,BEST_BID,"JPM,99451,264"
2019-06-28 10:20:40.000000000,BEST_ASK,"JPM,99497,100"
2019-06-28 10:20:40.000000000,BEST_BID,"JPM,99451,264"
2019-06-28 10:20:40.000000000,BEST_ASK,"JPM,99497,264"
2019-06-28 10:20:40.000000000,BEST_BID,"JPM,99451,264"
2019-06-28 10:20:40.000000000,BEST_ASK,"JPM,99497,264"
2019-06-28 10:20:50.000000000,QUERY_SPREAD,1
2019-06-28 10:20:50.000000000,BEST_BID,"JPM,99451,264"
2019-06-28 10:20:50.000000000,BEST_ASK,"JPM,99497,100"
2019-06-28 10:20:50.000000000,BEST_BID,"JPM,99451,264"
2019-06-28 10:20:50.000000000,BEST_ASK,"JPM,99497,100"
2019-06-28 10:20:50.000000000,BEST_BID,"JPM,99451,264"
2019-06-28 10:20:50.000000000,BEST_ASK,"JPM,99497,264"
2019-06-28 10:20:50.000000000,BEST_BID,"JPM,99451,264"
2019-06-28 10:20:50.000000000,BEST_ASK,"JPM,99497,264"
2019-06-28 10:21:00.000000000,QUERY_SPREAD,1
2019-06-28 10:21:00.000000000,BEST_BID,"JPM,99451,212"
2019-06-28 10:21:00.000000000,BEST_ASK,"JPM,99497,100"
2019-06-28 10:21:00.000000000,BEST_BID,"JPM,99451,212"
2019-06-28 10:21:00.000000000,BEST_ASK,"JPM,99497,100"
2019-06-28 10:21:00.000000000,BEST_BID,"JPM,99451,212"
2019-06-28 10:21:00.000000000,BEST_ASK,"JPM,99497,100"
2019-06-28 10:21:00.000000000,BEST_BID,"JPM,99451,212"
2019-06-28 10:21:00.000000000,BEST_ASK,"JPM,99497,212"
2019-06-28 10:21:00.000000000,BEST_BID,"JPM,99451,212"
2019-06-28 10:21:00.000000000,BEST_ASK,"JPM,99497,212"
2019-06-28 10:21:00.000000000,BEST_BID,"JPM,99451,212"
2019-06-28 10:21:00.000000000,BEST_ASK,"JPM,99497,212"
2019-06-28 10:21:00.000000000,QUERY_SPREAD,77
2019-06-28 10:21:00.000000000,BEST_BID,"JPM,99451,208"
2019-06-28 10:21:00.000000000,BEST_ASK,"JPM,99497,212"
2019-06-28 10:21:00.000000000,LAST_TRADE,"4,$99451.0000"
2019-06-28 10:21:00.000000000,QUERY_SPREAD,78
2019-06-28 10:21:00.000000000,BEST_BID,"JPM,99451,200"
2019-06-28 10:21:00.000000000,BEST_ASK,"JPM,99497,212"
2019-06-28 10:21:00.000000000,LAST_TRADE,"8,$99451.0000"
2019-06-28 10:21:00.000000000,QUERY_SPREAD,79
2019-06-28 10:21:00.000000000,BEST_BID,"JPM,99451,199"
2019-06-28 10:21:00.000000000,BEST_ASK,"JPM,99497,212"
2019-06-28 10:21:00.000000000,LAST_TRADE,"1,$99451.0000"
2019-06-28 10:21:00.000000000,QUERY_SPREAD,80
2019-06-28 10:21:00.000000000,BEST_BID,"JPM,99451,194"
2019-06-28 10:21:00.000000000,BEST_ASK,"JPM,99497,212"
2019-06-28 10:21:00.000000000,LAST_TRADE,"5,$99451.0000"
2019-06-28 10:21:00.000000000,QUERY_SPREAD,81
2019-06-28 10:21:00.000000000,BEST_BID,"JPM,99451,189"
2019-06-28 10:21:00.000000000,BEST_ASK,"JPM,99497,212"
2019-06-28 10:21:00.000000000,LAST_TRADE,"5,$99451.0000"
2019-06-28 10:21:00.000000000,QUERY_SPREAD,82
2019-06-28 10:21:00.000000000,BEST_BID,"JPM,99451,183"
2019-06-28 10:21:00.000000000,BEST_ASK,"JPM,99497,212"
2019-06-28 10:21:00.000000000,LAST_TRADE,"6,$99451.0000"
2019-06-28 10:21:00.000000000,QUERY_SPREAD,83
2019-06-28 10:21:00.000000000,BEST_BID,"JPM,99451,179"
2019-06-28 10:21:00.000000000,BEST_ASK,"JPM,99497,212"
2019-06-28 10:21:00.000000000,LAST_TRADE,"4,$99451.0000"
2019-06-28 10:21:00.000000000,QUERY_SPREAD,84
2019-06-28 10:21:00.000000000,BEST_BID,"JPM,99451,174"
2019-06-28 10:21:00.000000000,BEST_ASK,"JPM,99497,212"
2019-06-28 10:21:00.000000000,LAST_TRADE,"5,$99451.0000"
2019-06-28 10:21:00.000000000,QUERY_SPREAD,85
2019-06-28 10:21:00.000000000,BEST_BID,"JPM,99451,169"
2019-06-28 10:21:00.000000000,BEST_ASK,"JPM,99497,212"
2019-06-28 10:21:00.000000000,LAST_TRADE,"5,$99451.0000"
2019-06-28 10:21:00.000000000,QUERY_SPREAD,86
2019-06-28 10:21:00.000000000,BEST_BID,"JPM,99451,160"
2019-06-28 10:21:00.000000000,BEST_ASK,"JPM,99497,212"
2019-06-28 10:21:00.000000000,LAST_TRADE,"9,$99451.0000"
2019-06-28 10:21:00.000000000,QUERY_SPREAD,87
2019-06-28 10:21:00.000000000,BEST_BID,"JPM,99451,158"
2019-06-28 10:21:00.000000000,BEST_ASK,"JPM,99497,212"
2019-06-28 10:21:00.000000000,LAST_TRADE,"2,$99451.0000"
2019-06-28 10:21:00.000000000,QUERY_SPREAD,88
2019-06-28 10:21:00.000000000,BEST_BID,"JPM,99451,150"
2019-06-28 10:21:00.000000000,BEST_ASK,"JPM,99497,212"
2019-06-28 10:21:00.000000000,LAST_TRADE,"8,$99451.0000"
2019-06-28 10:21:00.000000000,QUERY_SPREAD,89
2019-06-28 10:21:00.000000000,BEST_BID,"JPM,99451,143"
2019-06-28 10:21:00.000000000,BEST_ASK,"JPM,99497,212"
2019-06-28 10:21:00.000000000,LAST_TRADE,"7,$99451.0000"
2019-06-28 10:21:00.000000000,QUERY_SPREAD,90
2019-06-28 10:21:00.000000000,BEST_BID,"JPM,99451,137"
2019-06-28 10:21:00.000000000,BEST_ASK,"JPM,99497,212"
2019-06-28 10:21:00.000000000,LAST_TRADE,"6,$99451.0000"
2019-06-28 10:21:00.000000000,QUERY_SPREAD,91
2019-06-28 10:21:00.000000000,BEST_BID,"JPM,99451,132"
2019-06-28 10:21:00.000000000,BEST_ASK,"JPM,99497,212"
2019-06-28 10:21:00.000000000,LAST_TRADE,"5,$99451.0000"
2019-06-28 10:21:00.000000000,QUERY_SPREAD,92
2019-06-28 10:21:00.000000000,BEST_BID,"JPM,99451,131"
2019-06-28 10:21:00.000000000,BEST_ASK,"JPM,99497,212"
2019-06-28 10:21:00.000000000,LAST_TRADE,"1,$99451.0000"
2019-06-28 10:21:00.000000000,QUERY_SPREAD,93
2019-06-28 10:21:00.000000000,BEST_BID,"JPM,99451,129"
2019-06-28 10:21:00.000000000,BEST_ASK,"JPM,99497,212"
2019-06-28 10:21:00.000000000,LAST_TRADE,"2,$99451.0000"
2019-06-28 10:21:00.000000000,QUERY_SPREAD,94
2019-06-28 10:21:00.000000000,BEST_BID,"JPM,99451,127"
2019-06-28 10:21:00.000000000,BEST_ASK,"JPM,99497,212"
2019-06-28 10:21:00.000000000,LAST_TRADE,"2,$99451.0000"
2019-06-28 10:21:00.000000000,QUERY_SPREAD,95
2019-06-28 10:21:00.000000000,BEST_BID,"JPM,99451,120"
2019-06-28 10:21:00.000000000,BEST_ASK,"JPM,99497,212"
2019-06-28 10:21:00.000000000,LAST_TRADE,"7,$99451.0000"
2019-06-28 10:21:00.000000000,QUERY_SPREAD,96
2019-06-28 10:21:00.000000000,BEST_BID,"JPM,99451,113"
2019-06-28 10:21:00.000000000,BEST_ASK,"JPM,99497,212"
2019-06-28 10:21:00.000000000,LAST_TRADE,"7,$99451.0000"
2019-06-28 10:21:00.000000000,QUERY_SPREAD,97
2019-06-28 10:21:00.000000000,BEST_BID,"JPM,99451,107"
2019-06-28 10:21:00.000000000,BEST_ASK,"JPM,99497,212"
2019-06-28 10:21:00.000000000,LAST_TRADE,"6,$99451.0000"
2019-06-28 10:21:00.000000000,QUERY_SPREAD,98
2019-06-28 10:21:00.000000000,BEST_BID,"JPM,99451,103"
2019-06-28 10:21:00.000000000,BEST_ASK,"JPM,99497,212"
2019-06-28 10:21:00.000000000,LAST_TRADE,"4,$99451.0000"
2019-06-28 10:21:00.000000000,QUERY_SPREAD,99
2019-06-28 10:21:00.000000000,BEST_BID,"JPM,99451,101"
2019-06-28 10:21:00.000000000,BEST_ASK,"JPM,99497,212"
2019-06-28 10:21:00.000000000,LAST_TRADE,"2,$99451.0000"
2019-06-28 10:21:00.000000000,QUERY_SPREAD,100
2019-06-28 10:21:00.000000000,BEST_BID,"JPM,99451,95"
2019-06-28 10:21:00.000000000,BEST_ASK,"JPM,99497,212"
2019-06-28 10:21:00.000000000,LAST_TRADE,"6,$99451.0000"
2019-06-28 10:21:00.000000000,QUERY_SPREAD,101
2019-06-28 10:21:00.000000000,QUERY_ORDER_STREAM,101
2019-06-28 10:21:00.000000000,BEST_BID,"JPM,99451,103"
2019-06-28 10:21:00.000000000,BEST_ASK,"JPM,99497,212"
2019-06-28 10:21:10.000000000,QUERY_SPREAD,1
2019-06-28 10:21:10.000000000,BEST_BID,"JPM,99451,336"
2019-06-28 10:21:10.000000000,BEST_ASK,"JPM,99497,100"
2019-06-28 10:21:10.000000000,BEST_BID,"JPM,99451,336"
2019-06-28 10:21:10.000000000,BEST_ASK,"JPM,99497,428"
2019-06-28 10:21:20.000000000,QUERY_SPREAD,1
2019-06-28 10:21:20.000000000,BEST_BID,"JPM,99451,336"
2019-06-28 10:21:20.000000000,BEST_ASK,"JPM,99497,100"
2019-06-28 10:21:20.000000000,BEST_BID,"JPM,99451,336"
2019-06-28 10:21:20.000000000,BEST_ASK,"JPM,99497,428"
2019-06-28 10:21:30.000000000,QUERY_SPREAD,1
2019-06-28 10:21:30.000000000,BEST_BID,"JPM,99451,172"
2019-06-28 10:21:30.000000000,BEST_ASK,"JPM,99497,100"
2019-06-28 10:21:30.000000000,BEST_BID,"JPM,99451,172"
2019-06-28 10:21:30.000000000,BEST_ASK,"JPM,99497,100"
2019-06-28 10:21:30.000000000,BEST_BID,"JPM,99451,172"
2019-06-28 10:21:30.000000000,BEST_ASK,"JPM,99497,264"
2019-06-28 10:21:30.000000000,BEST_BID,"JPM,99451,172"
2019-06-28 10:21:30.000000000,BEST_ASK,"JPM,99497,264"
2019-06-28 10:21:32.018042588,QUERY_SPREAD,29
2019-06-28 10:21:32.018042588,BEST_BID,"JPM,99451,172"
2019-06-28 10:21:32.018042588,BEST_ASK,"JPM,99459,100"
2019-06-28 10:21:40.000000000,QUERY_SPREAD,1
2019-06-28 10:21:40.000000000,BEST_BID,"JPM,99451,120"
2019-06-28 10:21:40.000000000,BEST_ASK,"JPM,99459,100"
2019-06-28 10:21:40.000000000,BEST_BID,"JPM,99451,120"
2019-06-28 10:21:40.000000000,BEST_ASK,"JPM,99459,100"
2019-06-28 10:21:40.000000000,BEST_BID,"JPM,99451,120"
2019-06-28 10:21:40.000000000,BEST_ASK,"JPM,99459,100"
2019-06-28 10:21:40.000000000,BEST_BID,"JPM,99451,120"
2019-06-28 10:21:40.000000000,BEST_ASK,"JPM,99459,212"
2019-06-28 10:21:40.000000000,BEST_BID,"JPM,99451,120"
2019-06-28 10:21:40.000000000,BEST_ASK,"JPM,99459,212"
2019-06-28 10:21:40.000000000,BEST_BID,"JPM,99451,120"
2019-06-28 10:21:40.000000000,BEST_ASK,"JPM,99459,212"
2019-06-28 10:21:42.921988134,QUERY_SPREAD,21
2019-06-28 10:21:42.921988134,BEST_BID,"JPM,99451,120"
2019-06-28 10:21:42.921988134,BEST_ASK,"JPM,99459,112"
2019-06-28 10:21:42.921988134,LAST_TRADE,"100,$99459.0000"
2019-06-28 10:21:50.000000000,QUERY_SPREAD,1
2019-06-28 10:21:50.000000000,BEST_BID,"JPM,99451,90"
2019-06-28 10:21:50.000000000,BEST_ASK,"JPM,99497,100"
2019-06-28 10:21:50.000000000,BEST_BID,"JPM,99451,90"
2019-06-28 10:21:50.000000000,BEST_ASK,"JPM,99497,100"
2019-06-28 10:21:50.000000000,BEST_BID,"JPM,99451,90"
2019-06-28 10:21:50.000000000,BEST_ASK,"JPM,99497,100"
2019-06-28 10:21:50.000000000,BEST_BID,"JPM,99451,90"
2019-06-28 10:21:50.000000000,BEST_ASK,"JPM,99497,100"
2019-06-28 10:21:50.000000000,BEST_BID,"JPM,99451,90"
2019-06-28 10:21:50.000000000,BEST_ASK,"JPM,99497,182"
2019-06-28 10:21:50.000000000,BEST_BID,"JPM,99451,90"
2019-06-28 10:21:50.000000000,BEST_ASK,"JPM,99497,182"
2019-06-28 10:21:50.000000000,BEST_BID,"JPM,99451,90"
2019-06-28 10:21:50.000000000,BEST_ASK,"JPM,99497,182"
2019-06-28 10:21:50.000000000,BEST_BID,"JPM,99451,90"
2019-06-28 10:21:50.000000000,BEST_ASK,"JPM,99497,182"
2019-06-28 10:21:50.525984276,QUERY_SPREAD,27
2019-06-28 10:21:50.525984276,BEST_BID,"JPM,99451,90"
2019-06-28 10:21:50.525984276,BEST_ASK,"JPM,99497,182"
2019-06-28 10:22:00.000000000,QUERY_SPREAD,1
2019-06-28 10:22:00.000000000,BEST_BID,"JPM,99451,74"
2019-06-28 10:22:00.000000000,BEST_ASK,"JPM,99497,100"
2019-06-28 10:22:00.000000000,BEST_BID,"JPM,99451,74"
2019-06-28 10:22:00.000000000,BEST_ASK,"JPM,99497,100"
2019-06-28 10:22:00.000000000,BEST_BID,"JPM,99451,74"
2019-06-28 10:22:00.000000000,BEST_ASK,"JPM,99497,100"
2019-06-28 10:22:00.000000000,BEST_BID,"JPM,99451,74"
2019-06-28 10:22:00.000000000,BEST_ASK,"JPM,99497,100"
2019-06-28 10:22:00.000000000,BEST_BID,"JPM,99451,74"
2019-06-28 10:22:00.000000000,BEST_ASK,"JPM,99497,100"
2019-06-28 10:22:00.000000000,BEST_BID,"JPM,99451,74"
2019-06-28 10:22:00.000000000,BEST_ASK,"JPM,99497,166"
2019-06-28 10:22:00.000000000,BEST_BID,"JPM,99451,74"
2019-06-28 10:22:00.000000000,BEST_ASK,"JPM,99497,166"
2019-06-28 10:22:00.000000000,BEST_BID,"JPM,99451,74"
2019-06-28 10:22:00.000000000,BEST_ASK,"JPM,99497,166"
2019-06-28 10:22:00.000000000,BEST_BID,"JPM,99451,74"
2019-06-28 10:22:00.000000000,BEST_ASK,"JPM,99497,166"
2019-06-28 10:22:00.000000000,BEST_BID,"JPM,99451,74"
2019-06-28 10:22:00.000000000,BEST_ASK,"JPM,99497,166"
2019-06-28 10:22:00.000000000,QUERY_SPREAD,77
2019-06-28 10:22:00.000000000,BEST_BID,"JPM,99451,70"
2019-06-28 10:22:00.000000000,BEST_ASK,"JPM,99497,166"
2019-06-28 10:22:00.000000000,LAST_TRADE,"4,$99451.0000"
2019-06-28 10:22:00.000000000,QUERY_SPREAD,78
2019-06-28 10:22:00.000000000,BEST_BID,"JPM,99451,62"
2019-06-28 10:22:00.000000000,BEST_ASK,"JPM,99497,166"
2019-06-28 10:22:00.000000000,LAST_TRADE,"8,$99451.0000"
2019-06-28 10:22:00.000000000,QUERY_SPREAD,79
2019-06-28 10:22:00.000000000,BEST_BID,"JPM,99451,61"
2019-06-28 10:22:00.000000000,BEST_ASK,"JPM,99497,166"
2019-06-28 10:22:00.000000000,LAST_TRADE,"1,$99451.0000"
2019-06-28 10:22:00.000000000,QUERY_SPREAD,80
2019-06-28 10:22:00.000000000,BEST_BID,"JPM,99451,56"
2019-06-28 10:22:00.000000000,BEST_ASK,"JPM,99497,166"
2019-06-28 10:22:00.000000000,LAST_TRADE,"5,$99451.0000"
2019-06-28 10:22:00.000000000,QUERY_SPREAD,81
2019-06-28 10:22:00.000000000,BEST_BID,"JPM,99451,51"
2019-06-28 10:22:00.000000000,BEST_ASK,"JPM,99497,166"
2019-06-28 10:22:00.000000000,LAST_TRADE,"5,$99451.0000"
2019-06-28 10:22:00.000000000,QUERY_SPREAD,82
2019-06-28 10:22:00.000000000,BEST_BID,"JPM,99451,45"
2019-06-28 10:22:00.000000000,BEST_ASK,"JPM,99497,166"
2019-06-28 10:22:00.000000000,LAST_TRADE,"6,$99451.0000"
2019-06-28 10:22:00.000000000,QUERY_SPREAD,83
2019-06-28 10:22:00.000000000,BEST_BID,"JPM,99451,41"
2019-06-28 10:22:00.000000000,BEST_ASK,"JPM,99497,166"
2019-06-28 10:22:00.000000000,LAST_TRADE,"4,$99451.0000"
2019-06-28 10:22:00.000000000,QUERY_SPREAD,84
2019-06-28 10:22:00.000000000,BEST_BID,"JPM,99451,36"
2019-06-28 10:22:00.000000000,BEST_ASK,"JPM,99497,166"
2019-06-28 10:22:00.000000000,LAST_TRADE,"5,$99451.0000"
2019-06-28 10:22:00.000000000,QUERY_SPREAD,85
2019-06-28 10:22:00.000000000,BEST_BID,"JPM,99451,31"
2019-06-28 10:22:00.000000000,BEST_ASK,"JPM,99497,166"
2019-06-28 10:22:00.000000000,LAST_TRADE,"5,$99451.0000"
2019-06-28 10:22:00.000000000,QUERY_SPREAD,86
2019-06-28 10:22:00.000000000,BEST_BID,"JPM,99451,22"
2019-06-28 10:22:00.000000000,BEST_ASK,"JPM,99497,166"
2019-06-28 10:22:00.000000000,LAST_TRADE,"9,$99451.0000"
2019-06-28 10:22:00.000000000,QUERY_SPREAD,87
2019-06-28 10:22:00.000000000,BEST_BID,"JPM,99451,20"
2019-06-28 10:22:00.000000000,BEST_ASK,"JPM,99497,166"
2019-06-28 10:22:00.000000000,LAST_TRADE,"2,$99451.0000"
2019-06-28 10:22:00.000000000,QUERY_SPREAD,88
2019-06-28 10:22:00.000000000,BEST_BID,"JPM,99451,12"
2019-06-28 10:22:00.000000000,BEST_ASK,"JPM,99497,166"
2019-06-28 10:22:00.000000000,LAST_TRADE,"8,$99451.0000"
2019-06-28 10:22:00.000000000,QUERY_SPREAD,89
2019-06-28 10:22:00.000000000,BEST_BID,"JPM,99451,5"
2019-06-28 10:22:00.000000000,BEST_ASK,"JPM,99497,166"
2019-06-28 10:22:00.000000000,LAST_TRADE,"7,$99451.0000"
2019-06-28 10:22:00.000000000,QUERY_SPREAD,90
2019-06-28 10:22:00.000000000,BEST_BID,"JPM,99435,166"
2019-06-28 10:22:00.000000000,BEST_ASK,"JPM,99451,1"
2019-06-28 10:22:00.000000000,LAST_TRADE,"5,$99451.0000"
2019-06-28 10:22:00.000000000,QUERY_SPREAD,91
2019-06-28 10:22:00.000000000,BEST_BID,"JPM,99435,161"
2019-06-28 10:22:00.000000000,BEST_ASK,"JPM,99451,1"
2019-06-28 10:22:00.000000000,LAST_TRADE,"5,$99435.0000"
2019-06-28 10:22:00.000000000,QUERY_SPREAD,92
2019-06-28 10:22:00.000000000,BEST_BID,"JPM,99435,160"
2019-06-28 10:22:00.000000000,BEST_ASK,"JPM,99451,1"
2019-06-28 10:22:00.000000000,LAST_TRADE,"1,$99435.0000"
2019-06-28 10:22:00.000000000,QUERY_SPREAD,93
2019-06-28 10:22:00.000000000,BEST_BID,"JPM,99435,158"
2019-06-28 10:22:00.000000000,BEST_ASK,"JPM,99451,1"
2019-06-28 10:22:00.000000000,LAST_TRADE,"2,$99435.0000"
2019-06-28 10:22:00.000000000,QUERY_SPREAD,94
2019-06-28 10:22:00.000000000,BEST_BID,"JPM,99435,156"
2019-06-28 10:22:00.000000000,BEST_ASK,"JPM,99451,1"
2019-06-28 10:22:00.000000000,LAST_TRADE,"2,$99435.0000"
2019-06-28 10:22:00.000000000,QUERY_SPREAD,95
2019-06-28 10:22:00.000000000,BEST_BID,"JPM,99435,149"
2019-06-28 10:22:00.000000000,BEST_ASK,"JPM,99451,1"
2019-06-28 10:22:00.000000000,LAST_TRADE,"7,$99435.0000"
2019-06-28 10:22:00.000000000,QUERY_SPREAD,96
2019-06-28 10:22:00.000000000,BEST_BID,"JPM,99435,142"
2019-06-28 10:22:00.000000000,BEST_ASK,"JPM,99451,1"
2019-06-28 10:22:00.000000000,LAST_TRADE,"7,$99435.0000"
2019-06-28 10:22:00.000000000,QUERY_SPREAD,97
2019-06-28 10:22:00.000000000,BEST_BID,"JPM,99435,136"
2019-06-28 10:22:00.000000000,BEST_ASK,"JPM,99451,1"
2019-06-28 10:22:00.000000000,LAST_TRADE,"6,$99435.0000"
2019-06-28 10:22:00.000000000,QUERY_SPREAD,98
2019-06-28 10:22:00.000000000,BEST_BID,"JPM,99435,132"
2019-06-28 10:22:00.000000000,BEST_ASK,"JPM,99451,1"
2019-06-28 10:22:00.000000000,LAST_TRADE,"4,$99435.0000"
2019-06-28 10:22:00.000000000,QUERY_SPREAD,99
2019-06-28 10:22:00.000000000,BEST_BID,"JPM,99435,130"
2019-06-28 10:22:00.000000000,BEST_ASK,"JPM,99451,1"
2019-06-28 10:22:00.000000000,LAST_TRADE,"2,$99435.0000"
2019-06-28 10:22:00.000000000,QUERY_SPREAD,100
2019-06-28 10:22:00.000000000,BEST_BID,"JPM,99435,124"
2019-06-28 10:22:00.000000000,BEST_ASK,"JPM,99451,1"
2019-06-28 10:22:00.000000000,LAST_TRADE,"6,$99435.0000"
2019-06-28 10:22:00.000000000,QUERY_SPREAD,101
2019-06-28 10:22:00.000000000,QUERY_ORDER_STREAM,101
2019-06-28 10:22:00.000000000,BEST_BID,"JPM,99435,132"
2019-06-28 10:22:00.000000000,BEST_ASK,"JPM,99451,1"
2019-06-28 10:22:10.000000000,QUERY_SPREAD,1
2019-06-28 10:22:10.000000000,BEST_BID,"JPM,99435,148"
2019-06-28 10:22:10.000000000,BEST_ASK,"JPM,99451,1"
2019-06-28 10:22:10.000000000,BEST_BID,"JPM,99435,148"
2019-06-28 10:22:10.000000000,BEST_ASK,"JPM,99451,1"
2019-06-28 10:22:10.000000000,BEST_BID,"JPM,99435,148"
2019-06-28 10:22:10.000000000,BEST_ASK,"JPM,99451,1"
2019-06-28 10:22:10.000000000,BEST_BID,"JPM,99435,148"
2019-06-28 10:22:10.000000000,BEST_ASK,"JPM,99451,1"
2019-06-28 10:22:10.000000000,BEST_BID,"JPM,99435,148"
2019-06-28 10:22:10.000000000,BEST_ASK,"JPM,99451,83"
2019-06-28 10:22:10.000000000,BEST_BID,"JPM,99435,148"
2019-06-28 10:22:10.000000000,BEST_ASK,"JPM,99451,83"
2019-06-28 10:22:10.000000000,BEST_BID,"JPM,99435,148"
2019-06-28 10:22:10.000000000,BEST_ASK,"JPM,99451,83"
2019-06-28 10:22:10.000000000,BEST_BID,"JPM,99435,148"
2019-06-28 10:22:10.000000000,BEST_ASK,"JPM,99451,83"
2019-06-28 10:22:20.000000000,QUERY_SPREAD,1
2019-06-28 10:22:20.000000000,BEST_BID,"JPM,99435,394"
2019-06-28 10:22:20.000000000,BEST_ASK,"JPM,99451,1"
2019-06-28 10:22:20.000000000,BEST_BID,"JPM,99435,394"
2019-06-28 10:22:20.000000000,BEST_ASK,"JPM,99451,329"
2019-06-28 10:22:25.630001693,QUERY_SPREAD,19
2019-06-28 10:22:25.630001693,BEST_BID,"JPM,99435,394"
2019-06-28 10:22:25.630001693,BEST_ASK,"JPM,99451,229"
2019-06-28 10:22:25.630001693,LAST_TRADE,"100,$99451.0000"
2019-06-28 10:22:30.000000000,QUERY_SPREAD,1
2019-06-28 10:22:30.000000000,BEST_BID,"JPM,99435,230"
2019-06-28 10:22:30.000000000,BEST_ASK,"JPM,99497,100"
2019-06-28 10:22:30.000000000,BEST_BID,"JPM,99435,230"
2019-06-28 10:22:30.000000000,BEST_ASK,"JPM,99497,100"
2019-06-28 10:22:30.000000000,BEST_BID,"JPM,99435,230"
2019-06-28 10:22:30.000000000,BEST_ASK,"JPM,99497,264"
2019-06-28 10:22:30.000000000,BEST_BID,"JPM,99435,230"
2019-06-28 10:22:30.000000000,BEST_ASK,"JPM,99497,264"
2019-06-28 10:22:40.000000000,QUERY_SPREAD,1
2019-06-28 10:22:40.000000000,BEST_BID,"JPM,99435,230"
2019-06-28 10:22:40.000000000,BEST_ASK,"JPM,99497,100"
2019-06-28 10:22:40.000000000,BEST_BID,"JPM,99435,230"
2019-06-28 10:22:40.000000000,BEST_ASK,"JPM,99497,100"
2019-06-28 10:22:40.000000000,BEST_BID,"JPM,99435,230"
2019-06-28 10:22:40.000000000,BEST_ASK,"JPM,99497,264"
2019-06-28 10:22:40.000000000,BEST_BID,"JPM,99435,230"
2019-06-28 10:22:40.000000000,BEST_ASK,"JPM,99497,264"
2019-06-28 10:22:50.000000000,QUERY_SPREAD,1
2019-06-28 10:22:50.000000000,BEST_BID,"JPM,99435,178"
2019-06-28 10:22:50.000000000,BEST_ASK,"JPM,99497,100"
2019-06-28 10:22:50.000000000,BEST_BID,"JPM,99435,178"
2019-06-28 10:22:50.000000000,BEST_ASK,"JPM,99497,100"
2019-06-28 10:22:50.000000000,BEST_BID,"JPM,99435,178"
2019-06-28 10:22:50.000000000,BEST_ASK,"JPM,99497,100"
2019-06-28 10:22:50.000000000,BEST_BID,"JPM,99435,178"
2019-06-28 10:22:50.000000000,BEST_ASK,"JPM,99497,212"
2019-06-28 10:22:50.000000000,BEST_BID,"JPM,99435,178"
2019-06-28 10:22:50.000000000,BEST_ASK,"JPM,99497,212"
2019-06-28 10:22:50.000000000,BEST_BID,"JPM,99435,178"
2019-06-28 10:22:50.000000000,BEST_ASK,"JPM,99497,212"
2019-06-28 10:22:53.805041758,QUERY_ORDER_STREAM,58
2019-06-28 10:22:53.805041758,QUERY_SPREAD,58
2019-06-28 10:22:55.119775006,QUERY_SPREAD,45
2019-06-28 10:22:55.119775006,BEST_BID,"JPM,99435,178"
2019-06-28 10:22:55.119775006,BEST_ASK,"JPM,99497,112"
2019-06-28 10:22:55.119775006,LAST_TRADE,"100,$99497.0000"
2019-06-28 10:23:00.000000000,QUERY_SPREAD,1
2019-06-28 10:23:00.000000000,BEST_BID,"JPM,99435,394"
2019-06-28 10:23:00.000000000,BEST_ASK,"JPM,99632,100"
2019-06-28 10:23:00.000000000,BEST_BID,"JPM,99435,394"
2019-06-28 10:23:00.000000000,BEST_ASK,"JPM,99632,428"
2019-06-28 10:23:00.000000000,QUERY_SPREAD,77
2019-06-28 10:23:00.000000000,BEST_BID,"JPM,99435,390"
2019-06-28 10:23:00.000000000,BEST_ASK,"JPM,99632,428"
2019-06-28 10:23:00.000000000,LAST_TRADE,"4,$99435.0000"
2019-06-28 10:23:00.000000000,QUERY_SPREAD,78
2019-06-28 10:23:00.000000000,BEST_BID,"JPM,99435,382"
2019-06-28 10:23:00.000000000,BEST_ASK,"JPM,99632,428"
2019-06-28 10:23:00.000000000,LAST_TRADE,"8,$99435.0000"
2019-06-28 10:23:00.000000000,QUERY_SPREAD,79
2019-06-28 10:23:00.000000000,BEST_BID,"JPM,99435,381"
2019-06-28 10:23:00.000000000,BEST_ASK,"JPM,99632,428"
2019-06-28 10:23:00.000000000,LAST_TRADE,"1,$99435.0000"
2019-06-28 10:23:00.000000000,QUERY_SPREAD,80
2019-06-28 10:23:00.000000000,BEST_BID,"JPM,99435,376"
2019-06-28 10:23:00.000000000,BEST_ASK,"JPM,99632,428"
2019-06-28 10:23:00.000000000,LAST_TRADE,"5,$99435.0000"
2019-06-28 10:23:00.000000000,QUERY_SPREAD,81
2019-06-28 10:23:00.000000000,BEST_BID,"JPM,99435,371"
2019-06-28 10:23:00.000000000,BEST_ASK,"JPM,99632,428"
2019-06-28 10:23:00.000000000,LAST_TRADE,"5,$99435.0000"
2019-06-28 10:23:00.000000000,QUERY_SPREAD,82
2019-06-28 10:23:00.000000000,BEST_BID,"JPM,99435,365"
2019-06-28 10:23:00.000000000,BEST_ASK,"JPM,99632,428"
2019-06-28 10:23:00.000000000,LAST_TRADE,"6,$99435.0000"
2019-06-28 10:23:00.000000000,QUERY_SPREAD,83
2019-06-28 10:23:00.000000000,BEST_BID,"JPM,99435,361"
2019-06-28 10:23:00.000000000,BEST_ASK,"JPM,99632,428"
2019-06-28 10:23:00.000000000,LAST_TRADE,"4,$99435.0000"
2019-06-28 10:23:00.000000000,QUERY_SPREAD,84
2019-06-28 10:23:00.000000000,BEST_BID,"JPM,99435,356"
2019-06-28 10:23:00.000000000,BEST_ASK,"JPM,99632,428"
2019-06-28 10:23:00.000000000,LAST_TRADE,"5,$99435.0000"
2019-06-28 10:23:00.000000000,QUERY_SPREAD,85
2019-06-28 10:23:00.000000000,BEST_BID,"JPM,99435,351"
2019-06-28 10:23:00.000000000,BEST_ASK,"JPM,99632,428"
2019-06-28 10:23:00.000000000,LAST_TRADE,"5,$99435.0000"
2019-06-28 10:23:00.000000000,QUERY_SPREAD,86
2019-06-28 10:23:00.000000000,BEST_BID,"JPM,99435,342"
2019-06-28 10:23:00.000000000,BEST_ASK,"JPM,99632,428"
2019-06-28 10:23:00.000000000,LAST_TRADE,"9,$99435.0000"
2019-06-28 10:23:00.000000000,QUERY_SPREAD,87
2019-06-28 10:23:00.000000000,BEST_BID,"JPM,99435,340"
2019-06-28 10:23:00.000000000,BEST_ASK,"JPM,99632,428"
2019-06-28 10:23:00.000000000,LAST_TRADE,"2,$99435.0000"
2019-06-28 10:23:00.000000000,QUERY_SPREAD,88
2019-06-28 10:23:00.000000000,BEST_BID,"JPM,99435,332"
2019-06-28 10:23:00.000000000,BEST_ASK,"JPM,99632,428"
2019-06-28 10:23:00.000000000,LAST_TRADE,"8,$99435.0000"
2019-06-28 10:23:00.000000000,QUERY_SPREAD,89
2019-06-28 10:23:00.000000000,BEST_BID,"JPM,99435,325"
2019-06-28 10:23:00.000000000,BEST_ASK,"JPM,99632,428"
2019-06-28 10:23:00.000000000,LAST_TRADE,"7,$99435.0000"
2019-06-28 10:23:00.000000000,QUERY_SPREAD,90
2019-06-28 10:23:00.000000000,BEST_BID,"JPM,99435,319"
2019-06-28 10:23:00.000000000,BEST_ASK,"JPM,99632,428"
2019-06-28 10:23:00.000000000,LAST_TRADE,"6,$99435.0000"
2019-06-28 10:23:00.000000000,QUERY_SPREAD,91
2019-06-28 10:23:00.000000000,BEST_BID,"JPM,99435,314"
2019-06-28 10:23:00.000000000,BEST_ASK,"JPM,99632,428"
2019-06-28 10:23:00.000000000,LAST_TRADE,"5,$99435.0000"
2019-06-28 10:23:00.000000000,QUERY_SPREAD,92
2019-06-28 10:23:00.000000000,BEST_BID,"JPM,99435,313"
2019-06-28 10:23:00.000000000,BEST_ASK,"JPM,99632,428"
2019-06-28 10:23:00.000000000,LAST_TRADE,"1,$99435.0000"
2019-06-28 10:23:00.000000000,QUERY_SPREAD,93
2019-06-28 10:23:00.000000000,BEST_BID,"JPM,99435,311"
2019-06-28 10:23:00.000000000,BEST_ASK,"JPM,99632,428"
2019-06-28 10:23:00.000000000,LAST_TRADE,"2,$99435.0000"
2019-06-28 10:23:00.000000000,QUERY_SPREAD,94
2019-06-28 10:23:00.000000000,BEST_BID,"JPM,99435,309"
2019-06-28 10:23:00.000000000,BEST_ASK,"JPM,99632,428"
2019-06-28 10:23:00.000000000,LAST_TRADE,"2,$99435.0000"
2019-06-28 10:23:00.000000000,QUERY_SPREAD,95
2019-06-28 10:23:00.000000000,BEST_BID,"JPM,99435,302"
2019-06-28 10:23:00.000000000,BEST_ASK,"JPM,99632,428"
2019-06-28 10:23:00.000000000,LAST_TRADE,"7,$99435.0000"
2019-06-28 10:23:00.000000000,QUERY_SPREAD,96
2019-06-28 10:23:00.000000000,BEST_BID,"JPM,99435,295"
2019-06-28 10:23:00.000000000,BEST_ASK,"JPM,99632,428"
2019-06-28 10:23:00.000000000,LAST_TRADE,"7,$99435.0000"
2019-06-28 10:23:00.000000000,QUERY_SPREAD,97
2019-06-28 10:23:00.000000000,BEST_BID,"JPM,99435,289"
2019-06-28 10:23:00.000000000,BEST_ASK,"JPM,99632,428"
2019-06-28 10:23:00.000000000,LAST_TRADE,"6,$99435.0000"
2019-06-28 10:23:00.000000000,QUERY_SPREAD,98
2019-06-28 10:23:00.000000000,BEST_BID,"JPM,99435,285"
2019-06-28 10:23:00.000000000,BEST_ASK,"JPM,99632,428"
2019-06-28 10:23:00.000000000,LAST_TRADE,"4,$99435.0000"
2019-06-28 10:23:00.000000000,QUERY_SPREAD,99
2019-06-28 10:23:00.000000000,BEST_BID,"JPM,99435,283"
2019-06-28 10:23:00.000000000,BEST_ASK,"JPM,99632,428"
2019-06-28 10:23:00.000000000,LAST_TRADE,"2,$99435.0000"
2019-06-28 10:23:00.000000000,QUERY_SPREAD,100
2019-06-28 10:23:00.000000000,BEST_BID,"JPM,99435,277"
2019-06-28 10:23:00.000000000,BEST_ASK,"JPM,99632,428"
2019-06-28 10:23:00.000000000,LAST_TRADE,"6,$99435.0000"
2019-06-28 10:23:00.000000000,QUERY_SPREAD,101
2019-06-28 10:23:00.000000000,QUERY_ORDER_STREAM,101
2019-06-28 10:23:00.000000000,BEST_BID,"JPM,99435,285"
2019-06-28 10:23:00.000000000,BEST_ASK,"JPM,99632,428"
2019-06-28 10:23:10.000000000,QUERY_SPREAD,1
2019-06-28 10:23:10.000000000,BEST_BID,"JPM,99435,120"
2019-06-28 10:23:10.000000000,BEST_ASK,"JPM,99632,100"
2019-06-28 10:23:10.000000000,BEST_BID,"JPM,99435,120"
2019-06-28 10:23:10.000000000,BEST_ASK,"JPM,99632,100"
2019-06-28 10:23:10.000000000,BEST_BID,"JPM,99435,120"
2019-06-28 10:23:10.000000000,BEST_ASK,"JPM,99632,100"
2019-06-28 10:23:10.000000000,BEST_BID,"JPM,99435,120"
2019-06-28 10:23:10.000000000,BEST_ASK,"JPM,99632,212"
2019-06-28 10:23:10.000000000,BEST_BID,"JPM,99435,120"
2019-06-28 10:23:10.000000000,BEST_ASK,"JPM,99632,212"
2019-06-28 10:23:10.000000000,BEST_BID,"JPM,99435,120"
2019-06-28 10:23:10.000000000,BEST_ASK,"JPM,99632,212"
2019-06-28 10:23:20.000000000,QUERY_SPREAD,1
2019-06-28 10:23:20.000000000,BEST_BID,"JPM,99435,172"
2019-06-28 10:23:20.000000000,BEST_ASK,"JPM,99632,100"
2019-06-28 10:23:20.000000000,BEST_BID,"JPM,99435,172"
2019-06-28 10:23:20.000000000,BEST_ASK,"JPM,99632,100"
2019-06-28 10:23:20.000000000,BEST_BID,"JPM,99435,172"
2019-06-28 10:23:20.000000000,BEST_ASK,"JPM,99632,264"
2019-06-28 10:23:20.000000000,BEST_BID,"JPM,99435,172"
2019-06-28 10:23:20.000000000,BEST_ASK,"JPM,99632,264"
2019-06-28 10:23:30.000000000,QUERY_SPREAD,1
2019-06-28 10:23:30.000000000,BEST_BID,"JPM,99435,172"
2019-06-28 10:23:30.000000000,BEST_ASK,"JPM,99632,100"
2019-06-28 10:23:30.000000000,BEST_BID,"JPM,99435,172"
2019-06-28 10:23:30.000000000,BEST_ASK,"JPM,99632,100"
2019-06-28 10:23:30.000000000,BEST_BID,"JPM,99435,172"
2019-06-28 10:23:30.000000000,BEST_ASK,"JPM,99632,264"
2019-06-28 10:23:30.000000000,BEST_BID,"JPM,99435,172"
2019-06-28 10:23:30.000000000,BEST_ASK,"JPM,99632,264"
2019-06-28 10:23:40.000000000,QUERY_SPREAD,1
2019-06-28 10:23:40.000000000,BEST_BID,"JPM,99435,90"
2019-06-28 10:23:40.000000000,BEST_ASK,"JPM,99632,100"
2019-06-28 10:23:40.000000000,BEST_BID,"JPM,99435,90"
2019-06-28 10:23:40.000000000,BEST_ASK,"JPM,99632,100"
2019-06-28 10:23:40.000000000,BEST_BID,"JPM,99435,90"
2019-06-28 10:23:40.000000000,BEST_ASK,"JPM,99632,100"
2019-06-28 10:23:40.000000000,BEST_BID,"JPM,99435,90"
2019-06-28 10:23:40.000000000,BEST_ASK,"JPM,99632,100"
2019-06-28 10:23:40.000000000,BEST_BID,"JPM,99435,90"
2019-06-28 10:23:40.000000000,BEST_ASK,"JPM,99632,182"
2019-06-28 10:23:40.000000000,BEST_BID,"JPM,99435,90"
2019-06-28 10:23:40.000000000,BEST_ASK,"JPM,99632,182"
2019-06-28 10:23:40.000000000,BEST_BID,"JPM,99435,90"
2019-06-28 10:23:40.000000000,BEST_ASK,"JPM,99632,182"
2019-06-28 10:23:40.000000000,BEST_BID,"JPM,99435,90"
2019-06-28 10:23:40.000000000,BEST_ASK,"JPM,99632,182"
2019-06-28 10:23:50.000000000,QUERY_SPREAD,1
2019-06-28 10:23:50.000000000,BEST_BID,"JPM,99435,172"
2019-06-28 10:23:50.000000000,BEST_ASK,"JPM,99632,100"
2019-06-28 10:23:50.000000000,BEST_BID,"JPM,99435,172"
2019-06-28 10:23:50.000000000,BEST_ASK,"JPM,99632,100"
2019-06-28 10:23:50.000000000,BEST_BID,"JPM,99435,172"
2019-06-28 10:23:50.000000000,BEST_ASK,"JPM,99632,264"
2019-06-28 10:23:50.000000000,BEST_BID,"JPM,99435,172"
2019-06-28 10:23:50.000000000,BEST_ASK,"JPM,99632,264"
2019-06-28 10:23:57.428021131,QUERY_ORDER_STREAM,70
2019-06-28 10:23:57.428021131,QUERY_SPREAD,70
2019-06-28 10:24:00.000000000,QUERY_SPREAD,1
2019-06-28 10:24:00.000000000,BEST_BID,"JPM,99435,120"
2019-06-28 10:24:00.000000000,BEST_ASK,"JPM,99632,100"
2019-06-28 10:24:00.000000000,BEST_BID,"JPM,99435,120"
2019-06-28 10:24:00.000000000,BEST_ASK,"JPM,99632,100"
2019-06-28 10:24:00.000000000,BEST_BID,"JPM,99435,120"
2019-06-28 10:24:00.000000000,BEST_ASK,"JPM,99632,100"
2019-06-28 10:24:00.000000000,BEST_BID,"JPM,99435,120"
2019-06-28 10:24:00.000000000,BEST_ASK,"JPM,99632,212"
2019-06-28 10:24:00.000000000,BEST_BID,"JPM,99435,120"
2019-06-28 10:24:00.000000000,BEST_ASK,"JPM,99632,212"
2019-06-28 10:24:00.000000000,BEST_BID,"JPM,99435,120"
2019-06-28 10:24:00.000000000,BEST_ASK,"JPM,99632,212"
2019-06-28 10:24:00.000000000,QUERY_SPREAD,77
2019-06-28 10:24:00.000000000,BEST_BID,"JPM,99435,116"
2019-06-28 10:24:00.000000000,BEST_ASK,"JPM,99632,212"
2019-06-28 10:24:00.000000000,LAST_TRADE,"4,$99435.0000"
2019-06-28 10:24:00.000000000,QUERY_SPREAD,78
2019-06-28 10:24:00.000000000,BEST_BID,"JPM,99435,108"
2019-06-28 10:24:00.000000000,BEST_ASK,"JPM,99632,212"
2019-06-28 10:24:00.000000000,LAST_TRADE,"8,$99435.0000"
2019-06-28 10:24:00.000000000,QUERY_SPREAD,79
2019-06-28 10:24:00.000000000,BEST_BID,"JPM,99435,107"
2019-06-28 10:24:00.000000000,BEST_ASK,"JPM,99632,212"
2019-06-28 10:24:00.000000000,LAST_TRADE,"1,$99435.0000"
2019-06-28 10:24:00.000000000,QUERY_SPREAD,80
2019-06-28 10:24:00.000000000,BEST_BID,"JPM,99435,102"
2019-06-28 10:24:00.000000000,BEST_ASK,"JPM,99632,212"
2019-06-28 10:24:00.000000000,LAST_TRADE,"5,$99435.0000"
2019-06-28 10:24:00.000000000,QUERY_SPREAD,81
2019-06-28 10:24:00.000000000,BEST_BID,"JPM,99435,97"
2019-06-28 10:24:00.000000000,BEST_ASK,"JPM,99632,212"
2019-06-28 10:24:00.000000000,LAST_TRADE,"5,$99435.0000"
2019-06-28 10:24:00.000000000,QUERY_SPREAD,82
2019-06-28 10:24:00.000000000,BEST_BID,"JPM,99435,91"
2019-06-28 10:24:00.000000000,BEST_ASK,"JPM,99632,212"
2019-06-28 10:24:00.000000000,LAST_TRADE,"6,$99435.0000"
2019-06-28 10:24:00.000000000,QUERY_SPREAD,83
2019-06-28 10:24:00.000000000,BEST_BID,"JPM,99435,87"
2019-06-28 10:24:00.000000000,BEST_ASK,"JPM,99632,212"
2019-06-28 10:24:00.000000000,LAST_TRADE,"4,$99435.0000"
2019-06-28 10:24:00.000000000,QUERY_SPREAD,84
2019-06-28 10:24:00.000000000,BEST_BID,"JPM,99435,82"
2019-06-28 10:24:00.000000000,BEST_ASK,"JPM,99632,212"
2019-06-28 10:24:00.000000000,LAST_TRADE,"5,$99435.0000"
2019-06-28 10:24:00.000000000,QUERY_SPREAD,85
2019-06-28 10:24:00.000000000,BEST_BID,"JPM,99435,77"
2019-06-28 10:24:00.000000000,BEST_ASK,"JPM,99632,212"
2019-06-28 10:24:00.000000000,LAST_TRADE,"5,$99435.0000"
2019-06-28 10:24:00.000000000,QUERY_SPREAD,86
2019-06-28 10:24:00.000000000,BEST_BID,"JPM,99435,68"
2019-06-28 10:24:00.000000000,BEST_ASK,"JPM,99632,212"
2019-06-28 10:24:00.000000000,LAST_TRADE,"9,$99435.0000"
2019-06-28 10:24:00.000000000,QUERY_SPREAD,87
2019-06-28 10:24:00.000000000,BEST_BID,"JPM,99435,66"
2019-06-28 10:24:00.000000000,BEST_ASK,"JPM,99632,212"
2019-06-28 10:24:00.000000000,LAST_TRADE,"2,$99435.0000"
2019-06-28 10:24:00.000000000,QUERY_SPREAD,88
2019-06-28 10:24:00.000000000,BEST_BID,"JPM,99435,58"
2019-06-28 10:24:00.000000000,BEST_ASK,"JPM,99632,212"
2019-06-28 10:24:00.000000000,LAST_TRADE,"8,$99435.0000"
2019-06-28 10:24:00.000000000,QUERY_SPREAD,89
2019-06-28 10:24:00.000000000,BEST_BID,"JPM,99435,51"
2019-06-28 10:24:00.000000000,BEST_ASK,"JPM,99632,212"
2019-06-28 10:24:00.000000000,LAST_TRADE,"7,$99435.0000"
2019-06-28 10:24:00.000000000,QUERY_SPREAD,90
2019-06-28 10:24:00.000000000,BEST_BID,"JPM,99435,45"
2019-06-28 10:24:00.000000000,BEST_ASK,"JPM,99632,212"
2019-06-28 10:24:00.000000000,LAST_TRADE,"6,$99435.0000"
2019-06-28 10:24:00.000000000,QUERY_SPREAD,91
2019-06-28 10:24:00.000000000,BEST_BID,"JPM,99435,40"
2019-06-28 10:24:00.000000000,BEST_ASK,"JPM,99632,212"
2019-06-28 10:24:00.000000000,LAST_TRADE,"5,$99435.0000"
2019-06-28 10:24:00.000000000,QUERY_SPREAD,92
2019-06-28 10:24:00.000000000,BEST_BID,"JPM,99435,39"
2019-06-28 10:24:00.000000000,BEST_ASK,"JPM,99632,212"
2019-06-28 10:24:00.000000000,LAST_TRADE,"1,$99435.0000"
2019-06-28 10:24:00.000000000,QUERY_SPREAD,93
2019-06-28 10:24:00.000000000,BEST_BID,"JPM,99435,37"
2019-06-28 10:24:00.000000000,BEST_ASK,"JPM,99632,212"
2019-06-28 10:24:00.000000000,LAST_TRADE,"2,$99435.0000"
2019-06-28 10:24:00.000000000,QUERY_SPREAD,94
2019-06-28 10:24:00.000000000,BEST_BID,"JPM,99435,35"
2019-06-28 10:24:00.000000000,BEST_ASK,"JPM,99632,212"
2019-06-28 10:24:00.000000000,LAST_TRADE,"2,$99435.0000"
2019-06-28 10:24:00.000000000,QUERY_SPREAD,95
2019-06-28 10:24:00.000000000,BEST_BID,"JPM,99435,28"
2019-06-28 10:24:00.000000000,BEST_ASK,"JPM,99632,212"
2019-06-28 10:24:00.000000000,LAST_TRADE,"7,$99435.0000"
2019-06-28 10:24:00.000000000,QUERY_SPREAD,96
2019-06-28 10:24:00.000000000,BEST_BID,"JPM,99435,21"
2019-06-28 10:24:00.000000000,BEST_ASK,"JPM,99632,212"
2019-06-28 10:24:00.000000000,LAST_TRADE,"7,$99435.0000"
2019-06-28 10:24:00.000000000,QUERY_SPREAD,97
2019-06-28 10:24:00.000000000,BEST_BID,"JPM,99435,15"
2019-06-28 10:24:00.000000000,BEST_ASK,"JPM,99632,212"
2019-06-28 10:24:00.000000000,LAST_TRADE,"6,$99435.0000"
2019-06-28 10:24:00.000000000,QUERY_SPREAD,98
2019-06-28 10:24:00.000000000,BEST_BID,"JPM,99435,11"
2019-06-28 10:24:00.000000000,BEST_ASK,"JPM,99632,212"
2019-06-28 10:24:00.000000000,LAST_TRADE,"4,$99435.0000"
2019-06-28 10:24:00.000000000,QUERY_SPREAD,99
2019-06-28 10:24:00.000000000,BEST_BID,"JPM,99435,9"
2019-06-28 10:24:00.000000000,BEST_ASK,"JPM,99632,212"
2019-06-28 10:24:00.000000000,LAST_TRADE,"2,$99435.0000"
2019-06-28 10:24:00.000000000,QUERY_SPREAD,100
2019-06-28 10:24:00.000000000,BEST_BID,"JPM,99435,3"
2019-06-28 10:24:00.000000000,BEST_ASK,"JPM,99632,212"
2019-06-28 10:24:00.000000000,LAST_TRADE,"6,$99435.0000"
2019-06-28 10:24:00.000000000,QUERY_SPREAD,101
2019-06-28 10:24:00.000000000,QUERY_ORDER_STREAM,101
2019-06-28 10:24:00.000000000,BEST_BID,"JPM,99435,11"
2019-06-28 10:24:00.000000000,BEST_ASK,"JPM,99632,212"
2019-06-28 10:24:10.000000000,QUERY_SPREAD,1
2019-06-28 10:24:10.000000000,BEST_BID,"JPM,99435,90"
2019-06-28 10:24:10.000000000,BEST_ASK,"JPM,99632,100"
2019-06-28 10:24:10.000000000,BEST_BID,"JPM,99435,90"
2019-06-28 10:24:10.000000000,BEST_ASK,"JPM,99632,100"
2019-06-28 10:24:10.000000000,BEST_BID,"JPM,99435,90"
2019-06-28 10:24:10.000000000,BEST_ASK,"JPM,99632,100"
2019-06-28 10:24:10.000000000,BEST_BID,"JPM,99435,90"
2019-06-28 10:24:10.000000000,BEST_ASK,"JPM,99632,100"
2019-06-28 10:24:10.000000000,BEST_BID,"JPM,99435,90"
2019-06-28 10:24:10.000000000,BEST_ASK,"JPM,99632,182"
2019-06-28 10:24:10.000000000,BEST_BID,"JPM,99435,90"
2019-06-28 10:24:10.000000000,BEST_ASK,"JPM,99632,182"
2019-06-28 10:24:10.000000000,BEST_BID,"JPM,99435,90"
2019-06-28 10:24:10.000000000,BEST_ASK,"JPM,99632,182"
2019-06-28 10:24:10.000000000,BEST_BID,"JPM,99435,90"
2019-06-28 10:24:10.000000000,BEST_ASK,"JPM,99632,182"
2019-06-28 10:24:20.000000000,QUERY_SPREAD,1
2019-06-28 10:24:20.000000000,BEST_BID,"JPM,99435,336"
2019-06-28 10:24:20.000000000,BEST_ASK,"JPM,99632,100"
2019-06-28 10:24:20.000000000,BEST_BID,"JPM,99435,336"
2019-06-28 10:24:20.000000000,BEST_ASK,"JPM,99632,428"
2019-06-28 10:24:23.785910468,QUERY_ORDER_STREAM,73
2019-06-28 10:24:23.785910468,QUERY_SPREAD,73
2019-06-28 10:24:23.785910468,BEST_BID,"JPM,99435,436"
2019-06-28 10:24:23.785910468,BEST_ASK,"JPM,99632,428"
2019-06-28 10:24:30.000000000,QUERY_SPREAD,1
2019-06-28 10:24:30.000000000,BEST_BID,"JPM,99435,220"
2019-06-28 10:24:30.000000000,BEST_ASK,"JPM,99632,100"
2019-06-28 10:24:30.000000000,BEST_BID,"JPM,99435,220"
2019-06-28 10:24:30.000000000,BEST_ASK,"JPM,99632,100"
2019-06-28 10:24:30.000000000,BEST_BID,"JPM,99435,220"
2019-06-28 10:24:30.000000000,BEST_ASK,"JPM,99632,100"
2019-06-28 10:24:30.000000000,BEST_BID,"JPM,99435,220"
2019-06-28 10:24:30.000000000,BEST_ASK,"JPM,99632,212"
2019-06-28 10:24:30.000000000,BEST_BID,"JPM,99435,220"
2019-06-28 10:24:30.000000000,BEST_ASK,"JPM,99632,212"
2019-06-28 10:24:30.000000000,BEST_BID,"JPM,99435,220"
2019-06-28 10:24:30.000000000,BEST_ASK,"JPM,99632,212"
2019-06-28 10:24:40.000000000,QUERY_SPREAD,1
2019-06-28 10:24:40.000000000,BEST_BID,"JPM,99435,174"
2019-06-28 10:24:40.000000000,BEST_ASK,"JPM,99632,100"
2019-06-28 10:24:40.000000000,BEST_BID,"JPM,99435,174"
2019-06-28 10:24:40.000000000,BEST_ASK,"JPM,99632,100"
2019-06-28 10:24:40.000000000,BEST_BID,"JPM,99435,174"
2019-06-28 10:24:40.000000000,BEST_ASK,"JPM,99632,100"
2019-06-28 10:24:40.000000000,BEST_BID,"JPM,99435,174"
2019-06-28 10:24:40.000000000,BEST_ASK,"JPM,99632,100"
2019-06-28 10:24:40.000000000,BEST_BID,"JPM,99435,174"
2019-06-28 10:24:40.000000000,BEST_ASK,"JPM,99632,100"
2019-06-28 10:24:40.000000000,BEST_BID,"JPM,99435,174"
2019-06-28 10:24:40.000000000,BEST_ASK,"JPM,99632,166"
2019-06-28 10:24:40.000000000,BEST_BID,"JPM,99435,174"
2019-06-28 10:24:40.000000000,BEST_ASK,"JPM,99632,166"
2019-06-28 10:24:40.000000000,BEST_BID,"JPM,99435,174"
2019-06-28 10:24:40.000000000,BEST_ASK,"JPM,99632,166"
2019-06-28 10:24:40.000000000,BEST_BID,"JPM,99435,174"
2019-06-28 10:24:40.000000000,BEST_ASK,"JPM,99632,166"
2019-06-28 10:24:40.000000000,BEST_BID,"JPM,99435,174"
2019-06-28 10:24:40.000000000,BEST_ASK,"JPM,99632,166"
2019-06-28 10:24:41.311435886,QUERY_ORDER_STREAM,57
2019-06-28 10:24:41.311435886,QUERY_SPREAD,57
2019-06-28 10:24:41.311435886,BEST_BID,"JPM,99435,274"
2019-06-28 10:24:41.311435886,BEST_ASK,"JPM,99632,166"
2019-06-28 10:24:50.000000000,QUERY_SPREAD,1
2019-06-28 10:24:50.000000000,BEST_BID,"JPM,99435,290"
2019-06-28 10:24:50.000000000,BEST_ASK,"JPM,99632,100"
2019-06-28 10:24:50.000000000,BEST_BID,"JPM,99435,290"
2019-06-28 10:24:50.000000000,BEST_ASK,"JPM,99632,100"
2019-06-28 10:24:50.000000000,BEST_BID,"JPM,99435,290"
2019-06-28 10:24:50.000000000,BEST_ASK,"JPM,99632,100"
2019-06-28 10:24:50.000000000,BEST_BID,"JPM,99435,290"
2019-06-28 10:24:50.000000000,BEST_ASK,"JPM,99632,100"
2019-06-28 10:24:50.000000000,BEST_BID,"JPM,99435,290"
2019-06-28 10:24:50.000000000,BEST_ASK,"JPM,99632,182"
2019-06-28 10:24:50.000000000,BEST_BID,"JPM,99435,290"
2019-06-28 10:24:50.000000000,BEST_ASK,"JPM,99632,182"
2019-06-28 10:24:50.000000000,BEST_BID,"JPM,99435,290"
2019-06-28 10:24:50.000000000,BEST_ASK,"JPM,99632,182"
2019-06-28 10:24:50.000000000,BEST_BID,"JPM,99435,290"
2019-06-28 10:24:50.000000000,BEST_ASK,"JPM,99632,182"
2019-06-28 10:24:51.175492596,QUERY_SPREAD,51
2019-06-28 10:24:51.175492596,BEST_BID,"JPM,99435,290"
2019-06-28 10:24:51.175492596,BEST_ASK,"JPM,99632,182"
2019-06-28 10:25:00.000000000,QUERY_SPREAD,1
2019-06-28 10:25:00.000000000,BEST_BID,"JPM,99435,290"
2019-06-28 10:25:00.000000000,BEST_ASK,"JPM,99632,100"
2019-06-28 10:25:00.000000000,BEST_BID,"JPM,99435,290"
2019-06-28 10:25:00.000000000,BEST_ASK,"JPM,99632,100"
2019-06-28 10:25:00.000000000,BEST_BID,"JPM,99435,290"
2019-06-28 10:25:00.000000000,BEST_ASK,"JPM,99632,100"
2019-06-28 10:25:00.000000000,BEST_BID,"JPM,99435,290"
2019-06-28 10:25:00.000000000,BEST_ASK,"JPM,99632,100"
2019-06-28 10:25:00.000000000,BEST_BID,"JPM,99435,290"
2019-06-28 10:25:00.000000000,BEST_ASK,"JPM,99632,182"
2019-06-28 10:25:00.000000000,BEST_BID,"JPM,99435,290"
2019-06-28 10:25:00.000000000,BEST_ASK,"JPM,99632,182"
2019-06-28 10:25:00.000000000,BEST_BID,"JPM,99435,290"
2019-06-28 10:25:00.000000000,BEST_ASK,"JPM,99632,182"
2019-06-28 10:25:00.000000000,BEST_BID,"JPM,99435,290"
2019-06-28 10:25:00.000000000,BEST_ASK,"JPM,99632,182"
2019-06-28 10:25:00.000000000,QUERY_SPREAD,77
2019-06-28 10:25:00.000000000,BEST_BID,"JPM,99435,286"
2019-06-28 10:25:00.000000000,BEST_ASK,"JPM,99632,182"
2019-06-28 10:25:00.000000000,LAST_TRADE,"4,$99435.0000"
2019-06-28 10:25:00.000000000,QUERY_SPREAD,78
2019-06-28 10:25:00.000000000,BEST_BID,"JPM,99435,278"
2019-06-28 10:25:00.000000000,BEST_ASK,"JPM,99632,182"
2019-06-28 10:25:00.000000000,LAST_TRADE,"8,$99435.0000"
2019-06-28 10:25:00.000000000,QUERY_SPREAD,79
2019-06-28 10:25:00.000000000,BEST_BID,"JPM,99435,277"
2019-06-28 10:25:00.000000000,BEST_ASK,"JPM,99632,182"
2019-06-28 10:25:00.000000000,LAST_TRADE,"1,$99435.0000"
2019-06-28 10:25:00.000000000,QUERY_SPREAD,80
2019-06-28 10:25:00.000000000,BEST_BID,"JPM,99435,272"
2019-06-28 10:25:00.000000000,BEST_ASK,"JPM,99632,182"
2019-06-28 10:25:00.000000000,LAST_TRADE,"5,$99435.0000"
2019-06-28 10:25:00.000000000,QUERY_SPREAD,81
2019-06-28 10:25:00.000000000,BEST_BID,"JPM,99435,267"
2019-06-28 10:25:00.000000000,BEST_ASK,"JPM,99632,182"
2019-06-28 10:25:00.000000000,LAST_TRADE,"5,$99435.0000"
2019-06-28 10:25:00.000000000,QUERY_SPREAD,82
2019-06-28 10:25:00.000000000,BEST_BID,"JPM,99435,261"
2019-06-28 10:25:00.000000000,BEST_ASK,"JPM,99632,182"
2019-06-28 10:25:00.000000000,LAST_TRADE,"6,$99435.0000"
2019-06-28 10:25:00.000000000,QUERY_SPREAD,83
2019-06-28 10:25:00.000000000,BEST_BID,"JPM,99435,257"
2019-06-28 10:25:00.000000000,BEST_ASK,"JPM,99632,182"
2019-06-28 10:25:00.000000000,LAST_TRADE,"4,$99435.0000"
2019-06-28 10:25:00.000000000,QUERY_SPREAD,84
2019-06-28 10:25:00.000000000,BEST_BID,"JPM,99435,252"
2019-06-28 10:25:00.000000000,BEST_ASK,"JPM,99632,182"
2019-06-28 10:25:00.000000000,LAST_TRADE,"5,$99435.0000"
2019-06-28 10:25:00.000000000,QUERY_SPREAD,85
2019-06-28 10:25:00.000000000,BEST_BID,"JPM,99435,247"
2019-06-28 10:25:00.000000000,BEST_ASK,"JPM,99632,182"
2019-06-28 10:25:00.000000000,LAST_TRADE,"5,$99435.0000"
2019-06-28 10:25:00.000000000,QUERY_SPREAD,86
2019-06-28 10:25:00.000000000,BEST_BID,"JPM,99435,238"
2019-06-28 10:25:00.000000000,BEST_ASK,"JPM,99632,182"
2019-06-28 10:25:00.000000000,LAST_TRADE,"9,$99435.0000"
2019-06-28 10:25:00.000000000,QUERY_SPREAD,87
2019-06-28 10:25:00.000000000,BEST_BID,"JPM,99435,236"
2019-06-28 10:25:00.000000000,BEST_ASK,"JPM,99632,182"
2019-06-28 10:25:00.000000000,LAST_TRADE,"2,$99435.0000"
2019-06-28 10:25:00.000000000,QUERY_SPREAD,88
2019-06-28 10:25:00.000000000,BEST_BID,"JPM,99435,228"
2019-06-28 10:25:00.000000000,BEST_ASK,"JPM,99632,182"
2019-06-28 10:25:00.000000000,LAST_TRADE,"8,$99435.0000"
2019-06-28 10:25:00.000000000,QUERY_SPREAD,89
2019-06-28 10:25:00.000000000,BEST_BID,"JPM,99435,221"
2019-06-28 10:25:00.000000000,BEST_ASK,"JPM,99632,182"
2019-06-28 10:25:00.000000000,LAST_TRADE,"7,$99435.0000"
2019-06-28 10:25:00.000000000,QUERY_SPREAD,90
2019-06-28 10:25:00.000000000,BEST_BID,"JPM,99435,215"
2019-06-28 10:25:00.000000000,BEST_ASK,"JPM,99632,182"
2019-06-28 10:25:00.000000000,LAST_TRADE,"6,$99435.0000"
2019-06-28 10:25:00.000000000,QUERY_SPREAD,91
2019-06-28 10:25:00.000000000,BEST_BID,"JPM,99435,210"
2019-06-28 10:25:00.000000000,BEST_ASK,"JPM,99632,182"
2019-06-28 10:25:00.000000000,LAST_TRADE,"5,$99435.0000"
2019-06-28 10:25:00.000000000,QUERY_SPREAD,92
2019-06-28 10:25:00.000000000,BEST_BID,"JPM,99435,209"
2019-06-28 10:25:00.000000000,BEST_ASK,"JPM,99632,182"
2019-06-28 10:25:00.000000000,LAST_TRADE,"1,$99435.0000"
2019-06-28 10:25:00.000000000,QUERY_SPREAD,93
2019-06-28 10:25:00.000000000,BEST_BID,"JPM,99435,207"
2019-06-28 10:25:00.000000000,BEST_ASK,"JPM,99632,182"
2019-06-28 10:25:00.000000000,LAST_TRADE,"2,$99435.0000"
2019-06-28 10:25:00.000000000,QUERY_SPREAD,94
2019-06-28 10:25:00.000000000,BEST_BID,"JPM,99435,205"
2019-06-28 10:25:00.000000000,BEST_ASK,"JPM,99632,182"
2019-06-28 10:25:00.000000000,LAST_TRADE,"2,$99435.0000"
2019-06-28 10:25:00.000000000,QUERY_SPREAD,95
2019-06-28 10:25:00.000000000,BEST_BID,"JPM,99435,198"
2019-06-28 10:25:00.000000000,BEST_ASK,"JPM,99632,182"
2019-06-28 10:25:00.000000000,LAST_TRADE,"7,$99435.0000"
2019-06-28 10:25:00.000000000,QUERY_SPREAD,96
2019-06-28 10:25:00.000000000,BEST_BID,"JPM,99435,191"
2019-06-28 10:25:00.000000000,BEST_ASK,"JPM,99632,182"
2019-06-28 10:25:00.000000000,LAST_TRADE,"7,$99435.0000"
2019-06-28 10:25:00.000000000,QUERY_SPREAD,97
2019-06-28 10:25:00.000000000,BEST_BID,"JPM,99435,185"
2019-06-28 10:25:00.000000000,BEST_ASK,"JPM,99632,182"
2019-06-28 10:25:00.000000000,LAST_TRADE,"6,$99435.0000"
2019-06-28 10:25:00.000000000,QUERY_SPREAD,98
2019-06-28 10:25:00.000000000,BEST_BID,"JPM,99435,181"
2019-06-28 10:25:00.000000000,BEST_ASK,"JPM,99632,182"
2019-06-28 10:25:00.000000000,LAST_TRADE,"4,$99435.0000"
2019-06-28 10:25:00.000000000,QUERY_SPREAD,99
2019-06-28 10:25:00.000000000,BEST_BID,"JPM,99435,179"
2019-06-28 10:25:00.000000000,BEST_ASK,"JPM,99632,182"
2019-06-28 10:25:00.000000000,LAST_TRADE,"2,$99435.0000"
2019-06-28 10:25:00.000000000,QUERY_SPREAD,100
2019-06-28 10:25:00.000000000,BEST_BID,"JPM,99435,173"
2019-06-28 10:25:00.000000000,BEST_ASK,"JPM,99632,182"
2019-06-28 10:25:00.000000000,LAST_TRADE,"6,$99435.0000"
2019-06-28 10:25:00.000000000,QUERY_SPREAD,101
2019-06-28 10:25:00.000000000,QUERY_ORDER_STREAM,101
2019-06-28 10:25:00.000000000,BEST_BID,"JPM,99435,181"
2019-06-28 10:25:00.000000000,BEST_ASK,"JPM,99632,182"
2019-06-28 10:25:06.356543117,QUERY_SPREAD,36
2019-06-28 10:25:06.356543117,BEST_BID,"JPM,99435,181"
2019-06-28 10:25:06.356543117,BEST_ASK,"JPM,99632,182"
2019-06-28 10:25:08.197645275,QUERY_SPREAD,18
2019-06-28 10:25:08.197645275,BEST_BID,"JPM,99435,181"
2019-06-28 10:25:08.197645275,BEST_ASK,"JPM,99632,82"
2019-06-28 10:25:08.197645275,LAST_TRADE,"100,$99632.0000"
2019-06-28 10:25:10.000000000,QUERY_SPREAD,1
2019-06-28 10:25:10.000000000,BEST_BID,"JPM,99435,211"
2019-06-28 10:25:10.000000000,BEST_ASK,"JPM,99703,100"
2019-06-28 10:25:10.000000000,BEST_BID,"JPM,99435,211"
2019-06-28 10:25:10.000000000,BEST_ASK,"JPM,99703,100"
2019-06-28 10:25:10.000000000,BEST_BID,"JPM,99435,211"
2019-06-28 10:25:10.000000000,BEST_ASK,"JPM,99703,100"
2019-06-28 10:25:10.000000000,BEST_BID,"JPM,99435,211"
2019-06-28 10:25:10.000000000,BEST_ASK,"JPM,99703,212"
2019-06-28 10:25:10.000000000,BEST_BID,"JPM,99435,211"
2019-06-28 10:25:10.000000000,BEST_ASK,"JPM,99703,212"
2019-06-28 10:25:10.000000000,BEST_BID,"JPM,99435,211"
2019-06-28 10:25:10.000000000,BEST_ASK,"JPM,99703,212"
2019-06-28 10:25:13.627178554,QUERY_SPREAD,41
2019-06-28 10:25:13.627178554,BEST_BID,"JPM,99435,211"
2019-06-28 10:25:13.627178554,BEST_ASK,"JPM,99703,112"
2019-06-28 10:25:13.627178554,LAST_TRADE,"100,$99703.0000"
2019-06-28 10:25:20.000000000,QUERY_SPREAD,1
2019-06-28 10:25:20.000000000,BEST_BID,"JPM,99435,165"
2019-06-28 10:25:20.000000000,BEST_ASK,"JPM,99794,34"
2019-06-28 10:25:20.000000000,BEST_BID,"JPM,99435,165"
2019-06-28 10:25:20.000000000,BEST_ASK,"JPM,99794,34"
2019-06-28 10:25:20.000000000,BEST_BID,"JPM,99435,165"
2019-06-28 10:25:20.000000000,BEST_ASK,"JPM,99794,34"
2019-06-28 10:25:20.000000000,BEST_BID,"JPM,99435,165"
2019-06-28 10:25:20.000000000,BEST_ASK,"JPM,99794,34"
2019-06-28 10:25:20.000000000,BEST_BID,"JPM,99435,165"
2019-06-28 10:25:20.000000000,BEST_ASK,"JPM,99794,34"
2019-06-28 10:25:20.000000000,BEST_BID,"JPM,99435,165"
2019-06-28 10:25:20.000000000,BEST_ASK,"JPM,99794,100"
2019-06-28 10:25:20.000000000,BEST_BID,"JPM,99435,165"
2019-06-28 10:25:20.000000000,BEST_ASK,"JPM,99794,100"
2019-06-28 10:25:20.000000000,BEST_BID,"JPM,99435,165"
2019-06-28 10:25:20.000000000,BEST_ASK,"JPM,99794,100"
2019-06-28 10:25:20.000000000,BEST_BID,"JPM,99435,165"
2019-06-28 10:25:20.000000000,BEST_ASK,"JPM,99794,100"
2019-06-28 10:25:20.000000000,BEST_BID,"JPM,99435,165"
2019-06-28 10:25:20.000000000,BEST_ASK,"JPM,99794,100"
2019-06-28 10:25:30.000000000,QUERY_SPREAD,1
2019-06-28 10:25:30.000000000,BEST_BID,"JPM,99435,181"
2019-06-28 10:25:30.000000000,BEST_ASK,"JPM,99794,34"
2019-06-28 10:25:30.000000000,BEST_BID,"JPM,99435,181"
2019-06-28 10:25:30.000000000,BEST_ASK,"JPM,99794,34"
2019-06-28 10:25:30.000000000,BEST_BID,"JPM,99435,181"
2019-06-28 10:25:30.000000000,BEST_ASK,"JPM,99794,34"
2019-06-28 10:25:30.000000000,BEST_BID,"JPM,99435,181"
2019-06-28 10:25:30.000000000,BEST_ASK,"JPM,99794,34"
2019-06-28 10:25:30.000000000,BEST_BID,"JPM,99435,181"
2019-06-28 10:25:30.000000000,BEST_ASK,"JPM,99794,116"
2019-06-28 10:25:30.000000000,BEST_BID,"JPM,99435,181"
2019-06-28 10:25:30.000000000,BEST_ASK,"JPM,99794,116"
2019-06-28 10:25:30.000000000,BEST_BID,"JPM,99435,181"
2019-06-28 10:25:30.000000000,BEST_ASK,"JPM,99794,116"
2019-06-28 10:25:30.000000000,BEST_BID,"JPM,99435,181"
2019-06-28 10:25:30.000000000,BEST_ASK,"JPM,99794,116"
2019-06-28 10:25:40.000000000,QUERY_SPREAD,1
2019-06-28 10:25:40.000000000,BEST_BID,"JPM,99435,211"
2019-06-28 10:25:40.000000000,BEST_ASK,"JPM,99794,34"
2019-06-28 10:25:40.000000000,BEST_BID,"JPM,99435,211"
2019-06-28 10:25:40.000000000,BEST_ASK,"JPM,99794,34"
2019-06-28 10:25:40.000000000,BEST_BID,"JPM,99435,211"
2019-06-28 10:25:40.000000000,BEST_ASK,"JPM,99794,34"
2019-06-28 10:25:40.000000000,BEST_BID,"JPM,99435,211"
2019-06-28 10:25:40.000000000,BEST_ASK,"JPM,99794,146"
2019-06-28 10:25:40.000000000,BEST_BID,"JPM,99435,211"
2019-06-28 10:25:40.000000000,BEST_ASK,"JPM,99794,146"
2019-06-28 10:25:40.000000000,BEST_BID,"JPM,99435,211"
2019-06-28 10:25:40.000000000,BEST_ASK,"JPM,99794,146"
2019-06-28 10:25:50.000000000,QUERY_SPREAD,1
2019-06-28 10:25:50.000000000,BEST_BID,"JPM,99435,211"
2019-06-28 10:25:50.000000000,BEST_ASK,"JPM,99794,34"
2019-06-28 10:25:50.000000000,BEST_BID,"JPM,99435,211"
2019-06-28 10:25:50.000000000,BEST_ASK,"JPM,99794,34"
2019-06-28 10:25:50.000000000,BEST_BID,"JPM,99435,211"
2019-06-28 10:25:50.000000000,BEST_ASK,"JPM,99794,34"
2019-06-28 10:25:50.000000000,BEST_BID,"JPM,99435,211"
2019-06-28 10:25:50.000000000,BEST_ASK,"JPM,99794,146"
2019-06-28 10:25:50.000000000,BEST_BID,"JPM,99435,211"
2019-06-28 10:25:50.000000000,BEST_ASK,"JPM,99794,146"
2019-06-28 10:25:50.000000000,BEST_BID,"JPM,99435,211"
2019-06-28 10:25:50.000000000,BEST_ASK,"JPM,99794,146"
2019-06-28 10:25:51.171637728,QUERY_ORDER_STREAM,70
2019-06-28 10:25:51.171637728,QUERY_SPREAD,70
2019-06-28 10:25:54.036488866,QUERY_ORDER_STREAM,76
2019-06-28 10:25:54.036488866,QUERY_SPREAD,76
2019-06-28 10:25:54.036488866,BEST_BID,"JPM,99632,100"
2019-06-28 10:25:54.036488866,BEST_ASK,"JPM,99794,146"
2019-06-28 10:26:00.000000000,QUERY_SPREAD,1
2019-06-28 10:26:00.000000000,BEST_BID,"JPM,99632,212"
2019-06-28 10:26:00.000000000,BEST_ASK,"JPM,99794,34"
2019-06-28 10:26:00.000000000,BEST_BID,"JPM,99632,212"
2019-06-28 10:26:00.000000000,BEST_ASK,"JPM,99794,34"
2019-06-28 10:26:00.000000000,BEST_BID,"JPM,99632,212"
2019-06-28 10:26:00.000000000,BEST_ASK,"JPM,99794,34"
2019-06-28 10:26:00.000000000,BEST_BID,"JPM,99632,212"
2019-06-28 10:26:00.000000000,BEST_ASK,"JPM,99794,146"
2019-06-28 10:26:00.000000000,BEST_BID,"JPM,99632,212"
2019-06-28 10:26:00.000000000,BEST_ASK,"JPM,99794,146"
2019-06-28 10:26:00.000000000,BEST_BID,"JPM,99632,212"
2019-06-28 10:26:00.000000000,BEST_ASK,"JPM,99794,146"
2019-06-28 10:26:00.000000000,QUERY_SPREAD,77
2019-06-28 10:26:00.000000000,BEST_BID,"JPM,99632,208"
2019-06-28 10:26:00.000000000,BEST_ASK,"JPM,99794,146"
2019-06-28 10:26:00.000000000,LAST_TRADE,"4,$99632.0000"
2019-06-28 10:26:00.000000000,QUERY_SPREAD,78
2019-06-28 10:26:00.000000000,BEST_BID,"JPM,99632,200"
2019-06-28 10:26:00.000000000,BEST_ASK,"JPM,99794,146"
2019-06-28 10:26:00.000000000,LAST_TRADE,"8,$99632.0000"
2019-06-28 10:26:00.000000000,QUERY_SPREAD,79
2019-06-28 10:26:00.000000000,BEST_BID,"JPM,99632,199"
2019-06-28 10:26:00.000000000,BEST_ASK,"JPM,99794,146"
2019-06-28 10:26:00.000000000,LAST_TRADE,"1,$99632.0000"
2019-06-28 10:26:00.000000000,QUERY_SPREAD,80
2019-06-28 10:26:00.000000000,BEST_BID,"JPM,99632,194"
2019-06-28 10:26:00.000000000,BEST_ASK,"JPM,99794,146"
2019-06-28 10:26:00.000000000,LAST_TRADE,"5,$99632.0000"
2019-06-28 10:26:00.000000000,QUERY_SPREAD,81
2019-06-28 10:26:00.000000000,BEST_BID,"JPM,99632,189"
2019-06-28 10:26:00.000000000,BEST_ASK,"JPM,99794,146"
2019-06-28 10:26:00.000000000,LAST_TRADE,"5,$99632.0000"
2019-06-28 10:26:00.000000000,QUERY_SPREAD,82
2019-06-28 10:26:00.000000000,BEST_BID,"JPM,99632,183"
2019-06-28 10:26:00.000000000,BEST_ASK,"JPM,99794,146"
2019-06-28 10:26:00.000000000,LAST_TRADE,"6,$99632.0000"
2019-06-28 10:26:00.000000000,QUERY_SPREAD,83
2019-06-28 10:26:00.000000000,BEST_BID,"JPM,99632,179"
2019-06-28 10:26:00.000000000,BEST_ASK,"JPM,99794,146"
2019-06-28 10:26:00.000000000,LAST_TRADE,"4,$99632.0000"
2019-06-28 10:26:00.000000000,QUERY_SPREAD,84
2019-06-28 10:26:00.000000000,BEST_BID,"JPM,99632,174"
2019-06-28 10:26:00.000000000,BEST_ASK,"JPM,99794,146"
2019-06-28 10:26:00.000000000,LAST_TRADE,"5,$99632.0000"
2019-06-28 10:26:00.000000000,QUERY_SPREAD,85
2019-06-28 10:26:00.000000000,BEST_BID,"JPM,99632,169"
2019-06-28 10:26:00.000000000,BEST_ASK,"JPM,99794,146"
2019-06-28 10:26:00.000000000,LAST_TRADE,"5,$99632.0000"
2019-06-28 10:26:00.000000000,QUERY_SPREAD,86
2019-06-28 10:26:00.000000000,BEST_BID,"JPM,99632,160"
2019-06-28 10:26:00.000000000,BEST_ASK,"JPM,99794,146"
2019-06-28 10:26:00.000000000,LAST_TRADE,"9,$99632.0000"
2019-06-28 10:26:00.000000000,QUERY_SPREAD,87
2019-06-28 10:26:00.000000000,BEST_BID,"JPM,99632,158"
2019-06-28 10:26:00.000000000,BEST_ASK,"JPM,99794,146"
2019-06-28 10:26:00.000000000,LAST_TRADE,"2,$99632.0000"
2019-06-28 10:26:00.000000000,QUERY_SPREAD,88
2019-06-28 10:26:00.000000000,BEST_BID,"JPM,99632,150"
2019-06-28 10:26:00.000000000,BEST_ASK,"JPM,99794,146"
2019-06-28 10:26:00.000000000,LAST_TRADE,"8,$99632.0000"
2019-06-28 10:26:00.000000000,QUERY_SPREAD,89
2019-06-28 10:26:00.000000000,BEST_BID,"JPM,99632,143"
2019-06-28 10:26:00.000000000,BEST_ASK,"JPM,99794,146"
2019-06-28 10:26:00.000000000,LAST_TRADE,"7,$99632.0000"
2019-06-28 10:26:00.000000000,QUERY_SPREAD,90
2019-06-28 10:26:00.000000000,BEST_BID,"JPM,99632,137"
2019-06-28 10:26:00.000000000,BEST_ASK,"JPM,99794,146"
2019-06-28 10:26:00.000000000,LAST_TRADE,"6,$99632.0000"
2019-06-28 10:26:00.000000000,QUERY_SPREAD,91
2019-06-28 10:26:00.000000000,BEST_BID,"JPM,99632,132"
2019-06-28 10:26:00.000000000,BEST_ASK,"JPM,99794,146"
2019-06-28 10:26:00.000000000,LAST_TRADE,"5,$99632.0000"
2019-06-28 10:26:00.000000000,QUERY_SPREAD,92
2019-06-28 10:26:00.000000000,BEST_BID,"JPM,99632,131"
2019-06-28 10:26:00.000000000,BEST_ASK,"JPM,99794,146"
2019-06-28 10:26:00.000000000,LAST_TRADE,"1,$99632.0000"
2019-06-28 10:26:00.000000000,QUERY_SPREAD,93
2019-06-28 10:26:00.000000000,BEST_BID,"JPM,99632,129"
2019-06-28 10:26:00.000000000,BEST_ASK,"JPM,99794,146"
2019-06-28 10:26:00.000000000,LAST_TRADE,"2,$99632.0000"
2019-06-28 10:26:00.000000000,QUERY_SPREAD,94
2019-06-28 10:26:00.000000000,BEST_BID,"JPM,99632,127"
2019-06-28 10:26:00.000000000,BEST_ASK,"JPM,99794,146"
2019-06-28 10:26:00.000000000,LAST_TRADE,"2,$99632.0000"
2019-06-28 10:26:00.000000000,QUERY_SPREAD,95
2019-06-28 10:26:00.000000000,BEST_BID,"JPM,99632,120"
2019-06-28 10:26:00.000000000,BEST_ASK,"JPM,99794,146"
2019-06-28 10:26:00.000000000,LAST_TRADE,"7,$99632.0000"
2019-06-28 10:26:00.000000000,QUERY_SPREAD,96
2019-06-28 10:26:00.000000000,BEST_BID,"JPM,99632,113"
2019-06-28 10:26:00.000000000,BEST_ASK,"JPM,99794,146"
2019-06-28 10:26:00.000000000,LAST_TRADE,"7,$99632.0000"
2019-06-28 10:26:00.000000000,QUERY_SPREAD,97
2019-06-28 10:26:00.000000000,BEST_BID,"JPM,99632,107"
2019-06-28 10:26:00.000000000,BEST_ASK,"JPM,99794,146"
2019-06-28 10:26:00.000000000,LAST_TRADE,"6,$99632.0000"
2019-06-28 10:26:00.000000000,QUERY_SPREAD,98
2019-06-28 10:26:00.000000000,BEST_BID,"JPM,99632,103"
2019-06-28 10:26:00.000000000,BEST_ASK,"JPM,99794,146"
2019-06-28 10:26:00.000000000,LAST_TRADE,"4,$99632.0000"
2019-06-28 10:26:00.000000000,QUERY_SPREAD,99
2019-06-28 10:26:00.000000000,BEST_BID,"JPM,99632,101"
2019-06-28 10:26:00.000000000,BEST_ASK,"JPM,99794,146"
2019-06-28 10:26:00.000000000,LAST_TRADE,"2,$99632.0000"
2019-06-28 10:26:00.000000000,QUERY_SPREAD,100
2019-06-28 10:26:00.000000000,BEST_BID,"JPM,99632,95"
2019-06-28 10:26:00.000000000,BEST_ASK,"JPM,99794,146"
2019-06-28 10:26:00.000000000,LAST_TRADE,"6,$99632.0000"
2019-06-28 10:26:00.000000000,QUERY_SPREAD,101
2019-06-28 10:26:00.000000000,QUERY_ORDER_STREAM,101
2019-06-28 10:26:04.219757790,QUERY_SPREAD,7
2019-06-28 10:26:04.219757790,BEST_BID,"JPM,99632,95"
2019-06-28 10:26:04.219757790,BEST_ASK,"JPM,99794,46"
2019-06-28 10:26:04.219757790,LAST_TRADE,"100,$99794.0000"
2019-06-28 10:26:10.000000000,QUERY_SPREAD,1
2019-06-28 10:26:10.000000000,BEST_BID,"JPM,99435,427"
2019-06-28 10:26:10.000000000,BEST_ASK,"JPM,100009,100"
2019-06-28 10:26:10.000000000,BEST_BID,"JPM,99435,427"
2019-06-28 10:26:10.000000000,BEST_ASK,"JPM,100009,428"
2019-06-28 10:26:15.318922522,QUERY_SPREAD,25
2019-06-28 10:26:15.318922522,BEST_BID,"JPM,99435,427"
2019-06-28 10:26:15.318922522,BEST_ASK,"JPM,100009,428"
2019-06-28 10:26:15.805346685,QUERY_SPREAD,41
2019-06-28 10:26:15.805346685,BEST_BID,"JPM,99790,100"
2019-06-28 10:26:15.805346685,BEST_ASK,"JPM,100009,428"
2019-06-28 10:26:18.171132480,QUERY_SPREAD,32
2019-06-28 10:26:18.171132480,BEST_BID,"JPM,99910,100"
2019-06-28 10:26:18.171132480,BEST_ASK,"JPM,100009,428"
2019-06-28 10:26:18.354457870,QUERY_SPREAD,4
2019-06-28 10:26:18.354457870,BEST_BID,"JPM,99910,100"
2019-06-28 10:26:18.354457870,BEST_ASK,"JPM,100009,428"
2019-06-28 10:26:19.324260804,QUERY_SPREAD,7
2019-06-28 10:26:19.324260804,BEST_BID,"JPM,99910,100"
2019-06-28 10:26:19.324260804,BEST_ASK,"JPM,100009,428"
2019-06-28 10:26:20.000000000,QUERY_SPREAD,1
2019-06-28 10:26:20.000000000,BEST_BID,"JPM,99910,264"
2019-06-28 10:26:20.000000000,BEST_ASK,"JPM,100009,100"
2019-06-28 10:26:20.000000000,BEST_BID,"JPM,99910,264"
2019-06-28 10:26:20.000000000,BEST_ASK,"JPM,100009,100"
2019-06-28 10:26:20.000000000,BEST_BID,"JPM,99910,264"
2019-06-28 10:26:20.000000000,BEST_ASK,"JPM,100009,264"
2019-06-28 10:26:20.000000000,BEST_BID,"JPM,99910,264"
2019-06-28 10:26:20.000000000,BEST_ASK,"JPM,100009,264"
2019-06-28 10:26:30.000000000,QUERY_SPREAD,1
2019-06-28 10:26:30.000000000,BEST_BID,"JPM,99910,182"
2019-06-28 10:26:30.000000000,BEST_ASK,"JPM,100009,100"
2019-06-28 10:26:30.000000000,BEST_BID,"JPM,99910,182"
2019-06-28 10:26:30.000000000,BEST_ASK,"JPM,100009,100"
2019-06-28 10:26:30.000000000,BEST_BID,"JPM,99910,182"
2019-06-28 10:26:30.000000000,BEST_ASK,"JPM,100009,100"
2019-06-28 10:26:30.000000000,BEST_BID,"JPM,99910,182"
2019-06-28 10:26:30.000000000,BEST_ASK,"JPM,100009,100"
2019-06-28 10:26:30.000000000,BEST_BID,"JPM,99910,182"
2019-06-28 10:26:30.000000000,BEST_ASK,"JPM,100009,182"
2019-06-28 10:26:30.000000000,BEST_BID,"JPM,99910,182"
2019-06-28 10:26:30.000000000,BEST_ASK,"JPM,100009,182"
2019-06-28 10:26:30.000000000,BEST_BID,"JPM,99910,182"
2019-06-28 10:26:30.000000000,BEST_ASK,"JPM,100009,182"
2019-06-28 10:26:30.000000000,BEST_BID,"JPM,99910,182"
2019-06-28 10:26:30.000000000,BEST_ASK,"JPM,100009,182"
2019-06-28 10:26:40.000000000,QUERY_SPREAD,1
2019-06-28 10:26:40.000000000,BEST_BID,"JPM,99910,212"
2019-06-28 10:26:40.000000000,BEST_ASK,"JPM,100009,100"
2019-06-28 10:26:40.000000000,BEST_BID,"JPM,99910,212"
2019-06-28 10:26:40.000000000,BEST_ASK,"JPM,100009,100"
2019-06-28 10:26:40.000000000,BEST_BID,"JPM,99910,212"
2019-06-28 10:26:40.000000000,BEST_ASK,"JPM,100009,100"
2019-06-28 10:26:40.000000000,BEST_BID,"JPM,99910,212"
2019-06-28 10:26:40.000000000,BEST_ASK,"JPM,100009,212"
2019-06-28 10:26:40.000000000,BEST_BID,"JPM,99910,212"
2019-06-28 10:26:40.000000000,BEST_ASK,"JPM,100009,212"
2019-06-28 10:26:40.000000000,BEST_BID,"JPM,99910,212"
2019-06-28 10:26:40.000000000,BEST_ASK,"JPM,100009,212"
2019-06-28 10:26:43.523143310,QUERY_SPREAD,50
2019-06-28 10:26:43.523143310,BEST_BID,"JPM,99910,212"
2019-06-28 10:26:43.523143310,BEST_ASK,"JPM,100009,212"
2019-06-28 10:26:48.646012475,QUERY_SPREAD,26
2019-06-28 10:26:48.646012475,BEST_BID,"JPM,99910,212"
2019-06-28 10:26:48.646012475,BEST_ASK,"JPM,100009,212"
2019-06-28 10:26:50.000000000,QUERY_SPREAD,1
2019-06-28 10:26:50.000000000,BEST_BID,"JPM,99910,212"
2019-06-28 10:26:50.000000000,BEST_ASK,"JPM,100009,100"
2019-06-28 10:26:50.000000000,BEST_BID,"JPM,99910,212"
2019-06-28 10:26:50.000000000,BEST_ASK,"JPM,100009,100"
2019-06-28 10:26:50.000000000,BEST_BID,"JPM,99910,212"
2019-06-28 10:26:50.000000000,BEST_ASK,"JPM,100009,100"
2019-06-28 10:26:50.000000000,BEST_BID,"JPM,99910,212"
2019-06-28 10:26:50.000000000,BEST_ASK,"JPM,100009,212"
2019-06-28 10:26:50.000000000,BEST_BID,"JPM,99910,212"
2019-06-28 10:26:50.000000000,BEST_ASK,"JPM,100009,212"
2019-06-28 10:26:50.000000000,BEST_BID,"JPM,99910,212"
2019-06-28 10:26:50.000000000,BEST_ASK,"JPM,100009,212"
2019-06-28 10:26:54.892327867,QUERY_SPREAD,4
2019-06-28 10:26:54.892327867,BEST_BID,"JPM,99910,112"
2019-06-28 10:26:54.892327867,BEST_ASK,"JPM,100009,212"
2019-06-28 10:26:54.892327867,LAST_TRADE,"100,$99910.0000"
2019-06-28 10:27:00.000000000,QUERY_SPREAD,1
2019-06-28 10:27:00.000000000,BEST_BID,"JPM,99790,166"
2019-06-28 10:27:00.000000000,BEST_ASK,"JPM,100009,100"
2019-06-28 10:27:00.000000000,BEST_BID,"JPM,99790,166"
2019-06-28 10:27:00.000000000,BEST_ASK,"JPM,100009,100"
2019-06-28 10:27:00.000000000,BEST_BID,"JPM,99790,166"
2019-06-28 10:27:00.000000000,BEST_ASK,"JPM,100009,100"
2019-06-28 10:27:00.000000000,BEST_BID,"JPM,99790,166"
2019-06-28 10:27:00.000000000,BEST_ASK,"JPM,100009,100"
2019-06-28 10:27:00.000000000,BEST_BID,"JPM,99790,166"
2019-06-28 10:27:00.000000000,BEST_ASK,"JPM,100009,100"
2019-06-28 10:27:00.000000000,BEST_BID,"JPM,99790,166"
2019-06-28 10:27:00.000000000,BEST_ASK,"JPM,100009,166"
2019-06-28 10:27:00.000000000,BEST_BID,"JPM,99790,166"
2019-06-28 10:27:00.000000000,BEST_ASK,"JPM,100009,166"
2019-06-28 10:27:00.000000000,BEST_BID,"JPM,99790,166"
2019-06-28 10:27:00.000000000,BEST_ASK,"JPM,100009,166"
2019-06-28 10:27:00.000000000,BEST_BID,"JPM,99790,166"
2019-06-28 10:27:00.000000000,BEST_ASK,"JPM,100009,166"
2019-06-28 10:27:00.000000000,BEST_BID,"JPM,99790,166"
2019-06-28 10:27:00.000000000,BEST_ASK,"JPM,100009,166"
2019-06-28 10:27:00.000000000,QUERY_SPREAD,77
2019-06-28 10:27:00.000000000,BEST_BID,"JPM,99790,162"
2019-06-28 10:27:00.000000000,BEST_ASK,"JPM,100009,166"
2019-06-28 10:27:00.000000000,LAST_TRADE,"4,$99790.0000"
2019-06-28 10:27:00.000000000,QUERY_SPREAD,78
2019-06-28 10:27:00.000000000,BEST_BID,"JPM,99790,154"
2019-06-28 10:27:00.000000000,BEST_ASK,"JPM,100009,166"
2019-06-28 10:27:00.000000000,LAST_TRADE,"8,$99790.0000"
2019-06-28 10:27:00.000000000,QUERY_SPREAD,79
2019-06-28 10:27:00.000000000,BEST_BID,"JPM,99790,153"
2019-06-28 10:27:00.000000000,BEST_ASK,"JPM,100009,166"
2019-06-28 10:27:00.000000000,LAST_TRADE,"1,$99790.0000"
2019-06-28 10:27:00.000000000,QUERY_SPREAD,80
2019-06-28 10:27:00.000000000,BEST_BID,"JPM,99790,148"
2019-06-28 10:27:00.000000000,BEST_ASK,"JPM,100009,166"
2019-06-28 10:27:00.000000000,LAST_TRADE,"5,$99790.0000"
2019-06-28 10:27:00.000000000,QUERY_SPREAD,81
2019-06-28 10:27:00.000000000,BEST_BID,"JPM,99790,143"
2019-06-28 10:27:00.000000000,BEST_ASK,"JPM,100009,166"
2019-06-28 10:27:00.000000000,LAST_TRADE,"5,$99790.0000"
2019-06-28 10:27:00.000000000,QUERY_SPREAD,82
2019-06-28 10:27:00.000000000,BEST_BID,"JPM,99790,137"
2019-06-28 10:27:00.000000000,BEST_ASK,"JPM,100009,166"
2019-06-28 10:27:00.000000000,LAST_TRADE,"6,$99790.0000"
2019-06-28 10:27:00.000000000,QUERY_SPREAD,83
2019-06-28 10:27:00.000000000,BEST_BID,"JPM,99790,133"
2019-06-28 10:27:00.000000000,BEST_ASK,"JPM,100009,166"
2019-06-28 10:27:00.000000000,LAST_TRADE,"4,$99790.0000"
2019-06-28 10:27:00.000000000,QUERY_SPREAD,84
2019-06-28 10:27:00.000000000,BEST_BID,"JPM,99790,128"
2019-06-28 10:27:00.000000000,BEST_ASK,"JPM,100009,166"
2019-06-28 10:27:00.000000000,LAST_TRADE,"5,$99790.0000"
2019-06-28 10:27:00.000000000,QUERY_SPREAD,85
2019-06-28 10:27:00.000000000,BEST_BID,"JPM,99790,123"
2019-06-28 10:27:00.000000000,BEST_ASK,"JPM,100009,166"
2019-06-28 10:27:00.000000000,LAST_TRADE,"5,$99790.0000"
2019-06-28 10:27:00.000000000,QUERY_SPREAD,86
2019-06-28 10:27:00.000000000,BEST_BID,"JPM,99790,114"
2019-06-28 10:27:00.000000000,BEST_ASK,"JPM,100009,166"
2019-06-28 10:27:00.000000000,LAST_TRADE,"9,$99790.0000"
2019-06-28 10:27:00.000000000,QUERY_SPREAD,87
2019-06-28 10:27:00.000000000,BEST_BID,"JPM,99790,112"
2019-06-28 10:27:00.000000000,BEST_ASK,"JPM,100009,166"
2019-06-28 10:27:00.000000000,LAST_TRADE,"2,$99790.0000"
2019-06-28 10:27:00.000000000,QUERY_SPREAD,88
2019-06-28 10:27:00.000000000,BEST_BID,"JPM,99790,104"
2019-06-28 10:27:00.000000000,BEST_ASK,"JPM,100009,166"
2019-06-28 10:27:00.000000000,LAST_TRADE,"8,$99790.0000"
2019-06-28 10:27:00.000000000,QUERY_SPREAD,89
2019-06-28 10:27:00.000000000,BEST_BID,"JPM,99790,97"
2019-06-28 10:27:00.000000000,BEST_ASK,"JPM,100009,166"
2019-06-28 10:27:00.000000000,LAST_TRADE,"7,$99790.0000"
2019-06-28 10:27:00.000000000,QUERY_SPREAD,90
2019-06-28 10:27:00.000000000,BEST_BID,"JPM,99790,91"
2019-06-28 10:27:00.000000000,BEST_ASK,"JPM,100009,166"
2019-06-28 10:27:00.000000000,LAST_TRADE,"6,$99790.0000"
2019-06-28 10:27:00.000000000,QUERY_SPREAD,91
2019-06-28 10:27:00.000000000,BEST_BID,"JPM,99790,86"
2019-06-28 10:27:00.000000000,BEST_ASK,"JPM,100009,166"
2019-06-28 10:27:00.000000000,LAST_TRADE,"5,$99790.0000"
2019-06-28 10:27:00.000000000,QUERY_SPREAD,92
2019-06-28 10:27:00.000000000,BEST_BID,"JPM,99790,85"
2019-06-28 10:27:00.000000000,BEST_ASK,"JPM,100009,166"
2019-06-28 10:27:00.000000000,LAST_TRADE,"1,$99790.0000"
2019-06-28 10:27:00.000000000,QUERY_SPREAD,93
2019-06-28 10:27:00.000000000,BEST_BID,"JPM,99790,83"
2019-06-28 10:27:00.000000000,BEST_ASK,"JPM,100009,166"
2019-06-28 10:27:00.000000000,LAST_TRADE,"2,$99790.0000"
2019-06-28 10:27:00.000000000,QUERY_SPREAD,94
2019-06-28 10:27:00.000000000,BEST_BID,"JPM,99790,81"
2019-06-28 10:27:00.000000000,BEST_ASK,"JPM,100009,166"
2019-06-28 10:27:00.000000000,LAST_TRADE,"2,$99790.0000"
2019-06-28 10:27:00.000000000,QUERY_SPREAD,95
2019-06-28 10:27:00.000000000,BEST_BID,"JPM,99790,74"
2019-06-28 10:27:00.000000000,BEST_ASK,"JPM,100009,166"
2019-06-28 10:27:00.000000000,LAST_TRADE,"7,$99790.0000"
2019-06-28 10:27:00.000000000,QUERY_SPREAD,96
2019-06-28 10:27:00.000000000,BEST_BID,"JPM,99790,67"
2019-06-28 10:27:00.000000000,BEST_ASK,"JPM,100009,166"
2019-06-28 10:27:00.000000000,LAST_TRADE,"7,$99790.0000"
2019-06-28 10:27:00.000000000,QUERY_SPREAD,97
2019-06-28 10:27:00.000000000,BEST_BID,"JPM,99790,61"
2019-06-28 10:27:00.000000000,BEST_ASK,"JPM,100009,166"
2019-06-28 10:27:00.000000000,LAST_TRADE,"6,$99790.0000"
2019-06-28 10:27:00.000000000,QUERY_SPREAD,98
2019-06-28 10:27:00.000000000,BEST_BID,"JPM,99790,57"
2019-06-28 10:27:00.000000000,BEST_ASK,"JPM,100009,166"
2019-06-28 10:27:00.000000000,LAST_TRADE,"4,$99790.0000"
2019-06-28 10:27:00.000000000,QUERY_SPREAD,99
2019-06-28 10:27:00.000000000,BEST_BID,"JPM,99790,55"
2019-06-28 10:27:00.000000000,BEST_ASK,"JPM,100009,166"
2019-06-28 10:27:00.000000000,LAST_TRADE,"2,$99790.0000"
2019-06-28 10:27:00.000000000,QUERY_SPREAD,100
2019-06-28 10:27:00.000000000,BEST_BID,"JPM,99790,49"
2019-06-28 10:27:00.000000000,BEST_ASK,"JPM,100009,166"
2019-06-28 10:27:00.000000000,LAST_TRADE,"6,$99790.0000"
2019-06-28 10:27:00.000000000,QUERY_SPREAD,101
2019-06-28 10:27:00.000000000,QUERY_ORDER_STREAM,101
2019-06-28 10:27:10.000000000,QUERY_SPREAD,1
2019-06-28 10:27:10.000000000,BEST_BID,"JPM,99784,282"
2019-06-28 10:27:10.000000000,BEST_ASK,"JPM,100009,100"
2019-06-28 10:27:10.000000000,BEST_BID,"JPM,99784,282"
2019-06-28 10:27:10.000000000,BEST_ASK,"JPM,100009,100"
2019-06-28 10:27:10.000000000,BEST_BID,"JPM,99784,282"
2019-06-28 10:27:10.000000000,BEST_ASK,"JPM,100009,100"
2019-06-28 10:27:10.000000000,BEST_BID,"JPM,99784,282"
2019-06-28 10:27:10.000000000,BEST_ASK,"JPM,100009,100"
2019-06-28 10:27:10.000000000,BEST_BID,"JPM,99784,282"
2019-06-28 10:27:10.000000000,BEST_ASK,"JPM,100009,182"
2019-06-28 10:27:10.000000000,BEST_BID,"JPM,99784,282"
2019-06-28 10:27:10.000000000,BEST_ASK,"JPM,100009,182"
2019-06-28 10:27:10.000000000,BEST_BID,"JPM,99784,282"
2019-06-28 10:27:10.000000000,BEST_ASK,"JPM,100009,182"
2019-06-28 10:27:10.000000000,BEST_BID,"JPM,99784,282"
2019-06-28 10:27:10.000000000,BEST_ASK,"JPM,100009,182"
2019-06-28 10:27:10.079147201,QUERY_SPREAD,25
2019-06-28 10:27:10.079147201,BEST_BID,"JPM,99784,282"
2019-06-28 10:27:10.079147201,BEST_ASK,"JPM,100009,182"
2019-06-28 10:27:19.273871676,QUERY_ORDER_STREAM,70
2019-06-28 10:27:19.273871676,QUERY_SPREAD,70
2019-06-28 10:27:20.000000000,QUERY_SPREAD,1
2019-06-28 10:27:20.000000000,BEST_BID,"JPM,99784,312"
2019-06-28 10:27:20.000000000,BEST_ASK,"JPM,100009,100"
2019-06-28 10:27:20.000000000,BEST_BID,"JPM,99784,312"
2019-06-28 10:27:20.000000000,BEST_ASK,"JPM,100009,100"
2019-06-28 10:27:20.000000000,BEST_BID,"JPM,99784,312"
2019-06-28 10:27:20.000000000,BEST_ASK,"JPM,100009,100"
2019-06-28 10:27:20.000000000,BEST_BID,"JPM,99784,312"
2019-06-28 10:27:20.000000000,BEST_ASK,"JPM,100009,212"
2019-06-28 10:27:20.000000000,BEST_BID,"JPM,99784,312"
2019-06-28 10:27:20.000000000,BEST_ASK,"JPM,100009,212"
2019-06-28 10:27:20.000000000,BEST_BID,"JPM,99784,312"
2019-06-28 10:27:20.000000000,BEST_ASK,"JPM,100009,212"
2019-06-28 10:27:20.018532809,QUERY_SPREAD,49
2019-06-28 10:27:20.018532809,BEST_BID,"JPM,99784,212"
2019-06-28 10:27:20.018532809,BEST_ASK,"JPM,100009,212"
2019-06-28 10:27:20.018532809,LAST_TRADE,"100,$99784.0000"
2019-06-28 10:27:20.339471964,QUERY_SPREAD,26
2019-06-28 10:27:20.339471964,BEST_BID,"JPM,99784,112"
2019-06-28 10:27:20.339471964,BEST_ASK,"JPM,100009,212"
2019-06-28 10:27:30.000000000,QUERY_SPREAD,1
2019-06-28 10:27:30.000000000,BEST_BID,"JPM,99760,428"
2019-06-28 10:27:30.000000000,BEST_ASK,"JPM,100009,100"
2019-06-28 10:27:30.000000000,BEST_BID,"JPM,99760,428"
2019-06-28 10:27:30.000000000,BEST_ASK,"JPM,100009,428"
2019-06-28 10:27:30.730929525,QUERY_SPREAD,7
2019-06-28 10:27:30.730929525,BEST_BID,"JPM,99760,428"
2019-06-28 10:27:30.730929525,BEST_ASK,"JPM,99800,100"
2019-06-28 10:27:40.000000000,QUERY_SPREAD,1
2019-06-28 10:27:40.000000000,BEST_BID,"JPM,99760,264"
2019-06-28 10:27:40.000000000,BEST_ASK,"JPM,99800,100"
2019-06-28 10:27:40.000000000,BEST_BID,"JPM,99760,264"
2019-06-28 10:27:40.000000000,BEST_ASK,"JPM,99800,100"
2019-06-28 10:27:40.000000000,BEST_BID,"JPM,99760,264"
2019-06-28 10:27:40.000000000,BEST_ASK,"JPM,99800,264"
2019-06-28 10:27:40.000000000,BEST_BID,"JPM,99760,264"
2019-06-28 10:27:40.000000000,BEST_ASK,"JPM,99800,264"
2019-06-28 10:27:50.000000000,QUERY_SPREAD,1
2019-06-28 10:27:50.000000000,BEST_BID,"JPM,99760,212"
2019-06-28 10:27:50.000000000,BEST_ASK,"JPM,99800,100"
2019-06-28 10:27:50.000000000,BEST_BID,"JPM,99760,212"
2019-06-28 10:27:50.000000000,BEST_ASK,"JPM,99800,100"
2019-06-28 10:27:50.000000000,BEST_BID,"JPM,99760,212"
2019-06-28 10:27:50.000000000,BEST_ASK,"JPM,99800,100"
2019-06-28 10:27:50.000000000,BEST_BID,"JPM,99760,212"
2019-06-28 10:27:50.000000000,BEST_ASK,"JPM,99800,212"
2019-06-28 10:27:50.000000000,BEST_BID,"JPM,99760,212"
2019-06-28 10:27:50.000000000,BEST_ASK,"JPM,99800,212"
2019-06-28 10:27:50.000000000,BEST_BID,"JPM,99760,212"
2019-06-28 10:27:50.000000000,BEST_ASK,"JPM,99800,212"
2019-06-28 10:28:00.000000000,QUERY_SPREAD,1
2019-06-28 10:28:00.000000000,BEST_BID,"JPM,99760,166"
2019-06-28 10:28:00.000000000,BEST_ASK,"JPM,99800,100"
2019-06-28 10:28:00.000000000,BEST_BID,"JPM,99760,166"
2019-06-28 10:28:00.000000000,BEST_ASK,"JPM,99800,100"
2019-06-28 10:28:00.000000000,BEST_BID,"JPM,99760,166"
2019-06-28 10:28:00.000000000,BEST_ASK,"JPM,99800,100"
2019-06-28 10:28:00.000000000,BEST_BID,"JPM,99760,166"
2019-06-28 10:28:00.000000000,BEST_ASK,"JPM,99800,100"
2019-06-28 10:28:00.000000000,BEST_BID,"JPM,99760,166"
2019-06-28 10:28:00.000000000,BEST_ASK,"JPM,99800,100"
2019-06-28 10:28:00.000000000,BEST_BID,"JPM,99760,166"
2019-06-28 10:28:00.000000000,BEST_ASK,"JPM,99800,166"
2019-06-28 10:28:00.000000000,BEST_BID,"JPM,99760,166"
2019-06-28 10:28:00.000000000,BEST_ASK,"JPM,99800,166"
2019-06-28 10:28:00.000000000,BEST_BID,"JPM,99760,166"
2019-06-28 10:28:00.000000000,BEST_ASK,"JPM,99800,166"
2019-06-28 10:28:00.000000000,BEST_BID,"JPM,99760,166"
2019-06-28 10:28:00.000000000,BEST_ASK,"JPM,99800,166"
2019-06-28 10:28:00.000000000,BEST_BID,"JPM,99760,166"
2019-06-28 10:28:00.000000000,BEST_ASK,"JPM,99800,166"
2019-06-28 10:28:00.000000000,QUERY_SPREAD,77
2019-06-28 10:28:00.000000000,BEST_BID,"JPM,99760,162"
2019-06-28 10:28:00.000000000,BEST_ASK,"JPM,99800,166"
2019-06-28 10:28:00.000000000,LAST_TRADE,"4,$99760.0000"
2019-06-28 10:28:00.000000000,QUERY_SPREAD,78
2019-06-28 10:28:00.000000000,BEST_BID,"JPM,99760,154"
2019-06-28 10:28:00.000000000,BEST_ASK,"JPM,99800,166"
2019-06-28 10:28:00.000000000,LAST_TRADE,"8,$99760.0000"
2019-06-28 10:28:00.000000000,QUERY_SPREAD,79
2019-06-28 10:28:00.000000000,BEST_BID,"JPM,99760,153"
2019-06-28 10:28:00.000000000,BEST_ASK,"JPM,99800,166"
2019-06-28 10:28:00.000000000,LAST_TRADE,"1,$99760.0000"
2019-06-28 10:28:00.000000000,QUERY_SPREAD,80
2019-06-28 10:28:00.000000000,BEST_BID,"JPM,99760,148"
2019-06-28 10:28:00.000000000,BEST_ASK,"JPM,99800,166"
2019-06-28 10:28:00.000000000,LAST_TRADE,"5,$99760.0000"
2019-06-28 10:28:00.000000000,QUERY_SPREAD,81
2019-06-28 10:28:00.000000000,BEST_BID,"JPM,99760,143"
2019-06-28 10:28:00.000000000,BEST_ASK,"JPM,99800,166"
2019-06-28 10:28:00.000000000,LAST_TRADE,"5,$99760.0000"
2019-06-28 10:28:00.000000000,QUERY_SPREAD,82
2019-06-28 10:28:00.000000000,BEST_BID,"JPM,99760,137"
2019-06-28 10:28:00.000000000,BEST_ASK,"JPM,99800,166"
2019-06-28 10:28:00.000000000,LAST_TRADE,"6,$99760.0000"
2019-06-28 10:28:00.000000000,QUERY_SPREAD,83
2019-06-28 10:28:00.000000000,BEST_BID,"JPM,99760,133"
2019-06-28 10:28:00.000000000,BEST_ASK,"JPM,99800,166"
2019-06-28 10:28:00.000000000,LAST_TRADE,"4,$99760.0000"
2019-06-28 10:28:00.000000000,QUERY_SPREAD,84
2019-06-28 10:28:00.000000000,BEST_BID,"JPM,99760,128"
2019-06-28 10:28:00.000000000,BEST_ASK,"JPM,99800,166"
2019-06-28 10:28:00.000000000,LAST_TRADE,"5,$99760.0000"
2019-06-28 10:28:00.000000000,QUERY_SPREAD,85
2019-06-28 10:28:00.000000000,BEST_BID,"JPM,99760,123"
2019-06-28 10:28:00.000000000,BEST_ASK,"JPM,99800,166"
2019-06-28 10:28:00.000000000,LAST_TRADE,"5,$99760.0000"
2019-06-28 10:28:00.000000000,QUERY_SPREAD,86
2019-06-28 10:28:00.000000000,BEST_BID,"JPM,99760,114"
2019-06-28 10:28:00.000000000,BEST_ASK,"JPM,99800,166"
2019-06-28 10:28:00.000000000,LAST_TRADE,"9,$99760.0000"
2019-06-28 10:28:00.000000000,QUERY_SPREAD,87
2019-06-28 10:28:00.000000000,BEST_BID,"JPM,99760,112"
2019-06-28 10:28:00.000000000,BEST_ASK,"JPM,99800,166"
2019-06-28 10:28:00.000000000,LAST_TRADE,"2,$99760.0000"
2019-06-28 10:28:00.000000000,QUERY_SPREAD,88
2019-06-28 10:28:00.000000000,BEST_BID,"JPM,99760,104"
2019-06-28 10:28:00.000000000,BEST_ASK,"JPM,99800,166"
2019-06-28 10:28:00.000000000,LAST_TRADE,"8,$99760.0000"
2019-06-28 10:28:00.000000000,QUERY_SPREAD,89
2019-06-28 10:28:00.000000000,BEST_BID,"JPM,99760,97"
2019-06-28 10:28:00.000000000,BEST_ASK,"JPM,99800,166"
2019-06-28 10:28:00.000000000,LAST_TRADE,"7,$99760.0000"
2019-06-28 10:28:00.000000000,QUERY_SPREAD,90
2019-06-28 10:28:00.000000000,BEST_BID,"JPM,99760,91"
2019-06-28 10:28:00.000000000,BEST_ASK,"JPM,99800,166"
2019-06-28 10:28:00.000000000,LAST_TRADE,"6,$99760.0000"
2019-06-28 10:28:00.000000000,QUERY_SPREAD,91
2019-06-28 10:28:00.000000000,BEST_BID,"JPM,99760,86"
2019-06-28 10:28:00.000000000,BEST_ASK,"JPM,99800,166"
2019-06-28 10:28:00.000000000,LAST_TRADE,"5,$99760.0000"
2019-06-28 10:28:00.000000000,QUERY_SPREAD,92
2019-06-28 10:28:00.000000000,BEST_BID,"JPM,99760,85"
2019-06-28 10:28:00.000000000,BEST_ASK,"JPM,99800,166"
2019-06-28 10:28:00.000000000,LAST_TRADE,"1,$99760.0000"
2019-06-28 10:28:00.000000000,QUERY_SPREAD,93
2019-06-28 10:28:00.000000000,BEST_BID,"JPM,99760,83"
2019-06-28 10:28:00.000000000,BEST_ASK,"JPM,99800,166"
2019-06-28 10:28:00.000000000,LAST_TRADE,"2,$99760.0000"
2019-06-28 10:28:00.000000000,QUERY_SPREAD,94
2019-06-28 10:28:00.000000000,BEST_BID,"JPM,99760,81"
2019-06-28 10:28:00.000000000,BEST_ASK,"JPM,99800,166"
2019-06-28 10:28:00.000000000,LAST_TRADE,"2,$99760.0000"
2019-06-28 10:28:00.000000000,QUERY_SPREAD,95
2019-06-28 10:28:00.000000000,BEST_BID,"JPM,99760,74"
2019-06-28 10:28:00.000000000,BEST_ASK,"JPM,99800,166"
2019-06-28 10:28:00.000000000,LAST_TRADE,"7,$99760.0000"
2019-06-28 10:28:00.000000000,QUERY_SPREAD,96
2019-06-28 10:28:00.000000000,BEST_BID,"JPM,99760,67"
2019-06-28 10:28:00.000000000,BEST_ASK,"JPM,99800,166"
2019-06-28 10:28:00.000000000,LAST_TRADE,"7,$99760.0000"
2019-06-28 10:28:00.000000000,QUERY_SPREAD,97
2019-06-28 10:28:00.000000000,BEST_BID,"JPM,99760,61"
2019-06-28 10:28:00.000000000,BEST_ASK,"JPM,99800,166"
2019-06-28 10:28:00.000000000,LAST_TRADE,"6,$99760.0000"
2019-06-28 10:28:00.000000000,QUERY_SPREAD,98
2019-06-28 10:28:00.000000000,BEST_BID,"JPM,99760,57"
2019-06-28 10:28:00.000000000,BEST_ASK,"JPM,99800,166"
2019-06-28 10:28:00.000000000,LAST_TRADE,"4,$99760.0000"
2019-06-28 10:28:00.000000000,QUERY_SPREAD,99
2019-06-28 10:28:00.000000000,BEST_BID,"JPM,99760,55"
2019-06-28 10:28:00.000000000,BEST_ASK,"JPM,99800,166"
2019-06-28 10:28:00.000000000,LAST_TRADE,"2,$99760.0000"
2019-06-28 10:28:00.000000000,QUERY_SPREAD,100
2019-06-28 10:28:00.000000000,BEST_BID,"JPM,99760,49"
2019-06-28 10:28:00.000000000,BEST_ASK,"JPM,99800,166"
2019-06-28 10:28:00.000000000,LAST_TRADE,"6,$99760.0000"
2019-06-28 10:28:00.000000000,QUERY_SPREAD,101
2019-06-28 10:28:00.000000000,QUERY_ORDER_STREAM,101
2019-06-28 10:28:10.000000000,QUERY_SPREAD,1
2019-06-28 10:28:10.000000000,BEST_BID,"JPM,99682,212"
2019-06-28 10:28:10.000000000,BEST_ASK,"JPM,99800,100"
2019-06-28 10:28:10.000000000,BEST_BID,"JPM,99682,212"
2019-06-28 10:28:10.000000000,BEST_ASK,"JPM,99800,100"
2019-06-28 10:28:10.000000000,BEST_BID,"JPM,99682,212"
2019-06-28 10:28:10.000000000,BEST_ASK,"JPM,99800,100"
2019-06-28 10:28:10.000000000,BEST_BID,"JPM,99682,212"
2019-06-28 10:28:10.000000000,BEST_ASK,"JPM,99800,212"
2019-06-28 10:28:10.000000000,BEST_BID,"JPM,99682,212"
2019-06-28 10:28:10.000000000,BEST_ASK,"JPM,99800,212"
2019-06-28 10:28:10.000000000,BEST_BID,"JPM,99682,212"
2019-06-28 10:28:10.000000000,BEST_ASK,"JPM,99800,212"
2019-06-28 10:28:20.000000000,QUERY_SPREAD,1
2019-06-28 10:28:20.000000000,BEST_BID,"JPM,99682,212"
2019-06-28 10:28:20.000000000,BEST_ASK,"JPM,99800,100"
2019-06-28 10:28:20.000000000,BEST_BID,"JPM,99682,212"
2019-06-28 10:28:20.000000000,BEST_ASK,"JPM,99800,100"
2019-06-28 10:28:20.000000000,BEST_BID,"JPM,99682,212"
2019-06-28 10:28:20.000000000,BEST_ASK,"JPM,99800,100"
2019-06-28 10:28:20.000000000,BEST_BID,"JPM,99682,212"
2019-06-28 10:28:20.000000000,BEST_ASK,"JPM,99800,212"
2019-06-28 10:28:20.000000000,BEST_BID,"JPM,99682,212"
2019-06-28 10:28:20.000000000,BEST_ASK,"JPM,99800,212"
2019-06-28 10:28:20.000000000,BEST_BID,"JPM,99682,212"
2019-06-28 10:28:20.000000000,BEST_ASK,"JPM,99800,212"
2019-06-28 10:28:27.544765082,QUERY_ORDER_STREAM,68
2019-06-28 10:28:27.544765082,QUERY_SPREAD,68
2019-06-28 10:28:30.000000000,QUERY_SPREAD,1
2019-06-28 10:28:30.000000000,BEST_BID,"JPM,99682,264"
2019-06-28 10:28:30.000000000,BEST_ASK,"JPM,99800,100"
2019-06-28 10:28:30.000000000,BEST_BID,"JPM,99682,264"
2019-06-28 10:28:30.000000000,BEST_ASK,"JPM,99800,100"
2019-06-28 10:28:30.000000000,BEST_BID,"JPM,99682,264"
2019-06-28 10:28:30.000000000,BEST_ASK,"JPM,99800,264"
2019-06-28 10:28:30.000000000,BEST_BID,"JPM,99682,264"
2019-06-28 10:28:30.000000000,BEST_ASK,"JPM,99800,264"
2019-06-28 10:28:40.000000000,QUERY_SPREAD,1
2019-06-28 10:28:40.000000000,BEST_BID,"JPM,99682,264"
2019-06-28 10:28:40.000000000,BEST_ASK,"JPM,99800,100"
2019-06-28 10:28:40.000000000,BEST_BID,"JPM,99682,264"
2019-06-28 10:28:40.000000000,BEST_ASK,"JPM,99800,100"
2019-06-28 10:28:40.000000000,BEST_BID,"JPM,99682,264"
2019-06-28 10:28:40.000000000,BEST_ASK,"JPM,99800,264"
2019-06-28 10:28:40.000000000,BEST_BID,"JPM,99682,264"
2019-06-28 10:28:40.000000000,BEST_ASK,"JPM,99800,264"
2019-06-28 10:28:50.000000000,QUERY_SPREAD,1
2019-06-28 10:28:50.000000000,BEST_BID,"JPM,99682,264"
2019-06-28 10:28:50.000000000,BEST_ASK,"JPM,99800,100"
2019-06-28 10:28:50.000000000,BEST_BID,"JPM,99682,264"
2019-06-28 10:28:50.000000000,BEST_ASK,"JPM,99800,100"
2019-06-28 10:28:50.000000000,BEST_BID,"JPM,99682,264"
2019-06-28 10:28:50.000000000,BEST_ASK,"JPM,99800,264"
2019-06-28 10:28:50.000000000,BEST_BID,"JPM,99682,264"
2019-06-28 10:28:50.000000000,BEST_ASK,"JPM,99800,264"
2019-06-28 10:28:53.140767920,QUERY_SPREAD,43
2019-06-28 10:28:53.140767920,BEST_BID,"JPM,99682,264"
2019-06-28 10:28:53.140767920,BEST_ASK,"JPM,99800,264"
2019-06-28 10:29:00.000000000,QUERY_SPREAD,1
2019-06-28 10:29:00.000000000,BEST_BID,"JPM,99682,212"
2019-06-28 10:29:00.000000000,BEST_ASK,"JPM,99800,100"
2019-06-28 10:29:00.000000000,BEST_BID,"JPM,99682,212"
2019-06-28 10:29:00.000000000,BEST_ASK,"JPM,99800,100"
2019-06-28 10:29:00.000000000,BEST_BID,"JPM,99682,212"
2019-06-28 10:29:00.000000000,BEST_ASK,"JPM,99800,100"
2019-06-28 10:29:00.000000000,BEST_BID,"JPM,99682,212"
2019-06-28 10:29:00.000000000,BEST_ASK,"JPM,99800,212"
2019-06-28 10:29:00.000000000,BEST_BID,"JPM,99682,212"
2019-06-28 10:29:00.000000000,BEST_ASK,"JPM,99800,212"
2019-06-28 10:29:00.000000000,BEST_BID,"JPM,99682,212"
2019-06-28 10:29:00.000000000,BEST_ASK,"JPM,99800,212"
2019-06-28 10:29:00.000000000,QUERY_SPREAD,77
2019-06-28 10:29:00.000000000,BEST_BID,"JPM,99682,208"
2019-06-28 10:29:00.000000000,BEST_ASK,"JPM,99800,212"
2019-06-28 10:29:00.000000000,LAST_TRADE,"4,$99682.0000"
2019-06-28 10:29:00.000000000,QUERY_SPREAD,78
2019-06-28 10:29:00.000000000,BEST_BID,"JPM,99682,200"
2019-06-28 10:29:00.000000000,BEST_ASK,"JPM,99800,212"
2019-06-28 10:29:00.000000000,LAST_TRADE,"8,$99682.0000"
2019-06-28 10:29:00.000000000,QUERY_SPREAD,79
2019-06-28 10:29:00.000000000,BEST_BID,"JPM,99682,199"
2019-06-28 10:29:00.000000000,BEST_ASK,"JPM,99800,212"
2019-06-28 10:29:00.000000000,LAST_TRADE,"1,$99682.0000"
2019-06-28 10:29:00.000000000,QUERY_SPREAD,80
2019-06-28 10:29:00.000000000,BEST_BID,"JPM,99682,194"
2019-06-28 10:29:00.000000000,BEST_ASK,"JPM,99800,212"
2019-06-28 10:29:00.000000000,LAST_TRADE,"5,$99682.0000"
2019-06-28 10:29:00.000000000,QUERY_SPREAD,81
2019-06-28 10:29:00.000000000,BEST_BID,"JPM,99682,189"
2019-06-28 10:29:00.000000000,BEST_ASK,"JPM,99800,212"
2019-06-28 10:29:00.000000000,LAST_TRADE,"5,$99682.0000"
2019-06-28 10:29:00.000000000,QUERY_SPREAD,82
2019-06-28 10:29:00.000000000,BEST_BID,"JPM,99682,183"
2019-06-28 10:29:00.000000000,BEST_ASK,"JPM,99800,212"
2019-06-28 10:29:00.000000000,LAST_TRADE,"6,$99682.0000"
2019-06-28 10:29:00.000000000,QUERY_SPREAD,83
2019-06-28 10:29:00.000000000,BEST_BID,"JPM,99682,179"
2019-06-28 10:29:00.000000000,BEST_ASK,"JPM,99800,212"
2019-06-28 10:29:00.000000000,LAST_TRADE,"4,$99682.0000"
2019-06-28 10:29:00.000000000,QUERY_SPREAD,84
2019-06-28 10:29:00.000000000,BEST_BID,"JPM,99682,174"
2019-06-28 10:29:00.000000000,BEST_ASK,"JPM,99800,212"
2019-06-28 10:29:00.000000000,LAST_TRADE,"5,$99682.0000"
2019-06-28 10:29:00.000000000,QUERY_SPREAD,85
2019-06-28 10:29:00.000000000,BEST_BID,"JPM,99682,169"
2019-06-28 10:29:00.000000000,BEST_ASK,"JPM,99800,212"
2019-06-28 10:29:00.000000000,LAST_TRADE,"5,$99682.0000"
2019-06-28 10:29:00.000000000,QUERY_SPREAD,86
2019-06-28 10:29:00.000000000,BEST_BID,"JPM,99682,160"
2019-06-28 10:29:00.000000000,BEST_ASK,"JPM,99800,212"
2019-06-28 10:29:00.000000000,LAST_TRADE,"9,$99682.0000"
2019-06-28 10:29:00.000000000,QUERY_SPREAD,87
2019-06-28 10:29:00.000000000,BEST_BID,"JPM,99682,158"
2019-06-28 10:29:00.000000000,BEST_ASK,"JPM,99800,212"
2019-06-28 10:29:00.000000000,LAST_TRADE,"2,$99682.0000"
2019-06-28 10:29:00.000000000,QUERY_SPREAD,88
2019-06-28 10:29:00.000000000,BEST_BID,"JPM,99682,150"
2019-06-28 10:29:00.000000000,BEST_ASK,"JPM,99800,212"
2019-06-28 10:29:00.000000000,LAST_TRADE,"8,$99682.0000"
2019-06-28 10:29:00.000000000,QUERY_SPREAD,89
2019-06-28 10:29:00.000000000,BEST_BID,"JPM,99682,143"
2019-06-28 10:29:00.000000000,BEST_ASK,"JPM,99800,212"
2019-06-28 10:29:00.000000000,LAST_TRADE,"7,$99682.0000"
2019-06-28 10:29:00.000000000,QUERY_SPREAD,90
2019-06-28 10:29:00.000000000,BEST_BID,"JPM,99682,137"
2019-06-28 10:29:00.000000000,BEST_ASK,"JPM,99800,212"
2019-06-28 10:29:00.000000000,LAST_TRADE,"6,$99682.0000"
2019-06-28 10:29:00.000000000,QUERY_SPREAD,91
2019-06-28 10:29:00.000000000,BEST_BID,"JPM,99682,132"
2019-06-28 10:29:00.000000000,BEST_ASK,"JPM,99800,212"
2019-06-28 10:29:00.000000000,LAST_TRADE,"5,$99682.0000"
2019-06-28 10:29:00.000000000,QUERY_SPREAD,92
2019-06-28 10:29:00.000000000,BEST_BID,"JPM,99682,131"
2019-06-28 10:29:00.000000000,BEST_ASK,"JPM,99800,212"
2019-06-28 10:29:00.000000000,LAST_TRADE,"1,$99682.0000"
2019-06-28 10:29:00.000000000,QUERY_SPREAD,93
2019-06-28 10:29:00.000000000,BEST_BID,"JPM,99682,129"
2019-06-28 10:29:00.000000000,BEST_ASK,"JPM,99800,212"
2019-06-28 10:29:00.000000000,LAST_TRADE,"2,$99682.0000"
2019-06-28 10:29:00.000000000,QUERY_SPREAD,94
2019-06-28 10:29:00.000000000,BEST_BID,"JPM,99682,127"
2019-06-28 10:29:00.000000000,BEST_ASK,"JPM,99800,212"
2019-06-28 10:29:00.000000000,LAST_TRADE,"2,$99682.0000"
2019-06-28 10:29:00.000000000,QUERY_SPREAD,95
2019-06-28 10:29:00.000000000,BEST_BID,"JPM,99682,120"
2019-06-28 10:29:00.000000000,BEST_ASK,"JPM,99800,212"
2019-06-28 10:29:00.000000000,LAST_TRADE,"7,$99682.0000"
2019-06-28 10:29:00.000000000,QUERY_SPREAD,96
2019-06-28 10:29:00.000000000,BEST_BID,"JPM,99682,113"
2019-06-28 10:29:00.000000000,BEST_ASK,"JPM,99800,212"
2019-06-28 10:29:00.000000000,LAST_TRADE,"7,$99682.0000"
2019-06-28 10:29:00.000000000,QUERY_SPREAD,97
2019-06-28 10:29:00.000000000,BEST_BID,"JPM,99682,107"
2019-06-28 10:29:00.000000000,BEST_ASK,"JPM,99800,212"
2019-06-28 10:29:00.000000000,LAST_TRADE,"6,$99682.0000"
2019-06-28 10:29:00.000000000,QUERY_SPREAD,98
2019-06-28 10:29:00.000000000,BEST_BID,"JPM,99682,103"
2019-06-28 10:29:00.000000000,BEST_ASK,"JPM,99800,212"
2019-06-28 10:29:00.000000000,LAST_TRADE,"4,$99682.0000"
2019-06-28 10:29:00.000000000,QUERY_SPREAD,99
2019-06-28 10:29:00.000000000,BEST_BID,"JPM,99682,101"
2019-06-28 10:29:00.000000000,BEST_ASK,"JPM,99800,212"
2019-06-28 10:29:00.000000000,LAST_TRADE,"2,$99682.0000"
2019-06-28 10:29:00.000000000,QUERY_SPREAD,100
2019-06-28 10:29:00.000000000,BEST_BID,"JPM,99682,95"
2019-06-28 10:29:00.000000000,BEST_ASK,"JPM,99800,212"
2019-06-28 10:29:00.000000000,LAST_TRADE,"6,$99682.0000"
2019-06-28 10:29:00.000000000,QUERY_SPREAD,101
2019-06-28 10:29:00.000000000,QUERY_ORDER_STREAM,101
2019-06-28 10:29:10.000000000,QUERY_SPREAD,1
2019-06-28 10:29:10.000000000,BEST_BID,"JPM,99666,264"
2019-06-28 10:29:10.000000000,BEST_ASK,"JPM,99800,100"
2019-06-28 10:29:10.000000000,BEST_BID,"JPM,99666,264"
2019-06-28 10:29:10.000000000,BEST_ASK,"JPM,99800,100"
2019-06-28 10:29:10.000000000,BEST_BID,"JPM,99666,264"
2019-06-28 10:29:10.000000000,BEST_ASK,"JPM,99800,264"
2019-06-28 10:29:10.000000000,BEST_BID,"JPM,99666,264"
2019-06-28 10:29:10.000000000,BEST_ASK,"JPM,99800,264"
2019-06-28 10:29:20.000000000,QUERY_SPREAD,1
2019-06-28 10:29:20.000000000,BEST_BID,"JPM,99666,264"
2019-06-28 10:29:20.000000000,BEST_ASK,"JPM,99800,100"
2019-06-28 10:29:20.000000000,BEST_BID,"JPM,99666,264"
2019-06-28 10:29:20.000000000,BEST_ASK,"JPM,99800,100"
2019-06-28 10:29:20.000000000,BEST_BID,"JPM,99666,264"
2019-06-28 10:29:20.000000000,BEST_ASK,"JPM,99800,264"
2019-06-28 10:29:20.000000000,BEST_BID,"JPM,99666,264"
2019-06-28 10:29:20.000000000,BEST_ASK,"JPM,99800,264"
2019-06-28 10:29:27.640262120,QUERY_SPREAD,13
2019-06-28 10:29:27.640262120,BEST_BID,"JPM,99666,264"
2019-06-28 10:29:27.640262120,BEST_ASK,"JPM,99800,264"
2019-06-28 10:29:30.000000000,QUERY_SPREAD,1
2019-06-28 10:29:30.000000000,BEST_BID,"JPM,99666,212"
2019-06-28 10:29:30.000000000,BEST_ASK,"JPM,99800,100"
2019-06-28 10:29:30.000000000,BEST_BID,"JPM,99666,212"
2019-06-28 10:29:30.000000000,BEST_ASK,"JPM,99800,100"
2019-06-28 10:29:30.000000000,BEST_BID,"JPM,99666,212"
2019-06-28 10:29:30.000000000,BEST_ASK,"JPM,99800,100"
2019-06-28 10:29:30.000000000,BEST_BID,"JPM,99666,212"
2019-06-28 10:29:30.000000000,BEST_ASK,"JPM,99800,212"
2019-06-28 10:29:30.000000000,BEST_BID,"JPM,99666,212"
2019-06-28 10:29:30.000000000,BEST_ASK,"JPM,99800,212"
2019-06-28 10:29:30.000000000,BEST_BID,"JPM,99666,212"
2019-06-28 10:29:30.000000000,BEST_ASK,"JPM,99800,212"
2019-06-28 10:29:34.058514488,QUERY_SPREAD,13
2019-06-28 10:29:34.058514488,BEST_BID,"JPM,99666,212"
2019-06-28 10:29:34.058514488,BEST_ASK,"JPM,99800,212"
2019-06-28 10:29:40.000000000,QUERY_SPREAD,1
2019-06-28 10:29:40.000000000,BEST_BID,"JPM,99666,182"
2019-06-28 10:29:40.000000000,BEST_ASK,"JPM,99800,100"
2019-06-28 10:29:40.000000000,BEST_BID,"JPM,99666,182"
2019-06-28 10:29:40.000000000,BEST_ASK,"JPM,99800,100"
2019-06-28 10:29:40.000000000,BEST_BID,"JPM,99666,182"
2019-06-28 10:29:40.000000000,BEST_ASK,"JPM,99800,100"
2019-06-28 10:29:40.000000000,BEST_BID,"JPM,99666,182"
2019-06-28 10:29:40.000000000,BEST_ASK,"JPM,99800,100"
2019-06-28 10:29:40.000000000,BEST_BID,"JPM,99666,182"
2019-06-28 10:29:40.000000000,BEST_ASK,"JPM,99800,182"
2019-06-28 10:29:40.000000000,BEST_BID,"JPM,99666,182"
2019-06-28 10:29:40.000000000,BEST_ASK,"JPM,99800,182"
2019-06-28 10:29:40.000000000,BEST_BID,"JPM,99666,182"
2019-06-28 10:29:40.000000000,BEST_ASK,"JPM,99800,182"
2019-06-28 10:29:40.000000000,BEST_BID,"JPM,99666,182"
2019-06-28 10:29:40.000000000,BEST_ASK,"JPM,99800,182"
2019-06-28 10:29:50.000000000,QUERY_SPREAD,1
2019-06-28 10:29:50.000000000,BEST_BID,"JPM,99666,264"
2019-06-28 10:29:50.000000000,BEST_ASK,"JPM,99800,100"
2019-06-28 10:29:50.000000000,BEST_BID,"JPM,99666,264"
2019-06-28 10:29:50.000000000,BEST_ASK,"JPM,99800,100"
2019-06-28 10:29:50.000000000,BEST_BID,"JPM,99666,264"
2019-06-28 10:29:50.000000000,BEST_ASK,"JPM,99800,264"
2019-06-28 10:29:50.000000000,BEST_BID,"JPM,99666,264"
2019-06-28 10:29:50.000000000,BEST_ASK,"JPM,99800,264"
2019-06-28 10:30:00.000000000,QUERY_SPREAD,1
2019-06-28 10:30:00.000000000,BEST_BID,"JPM,99666,212"
2019-06-28 10:30:00.000000000,BEST_ASK,"JPM,99800,100"
2019-06-28 10:30:00.000000000,BEST_BID,"JPM,99666,212"
2019-06-28 10:30:00.000000000,BEST_ASK,"JPM,99800,100"
2019-06-28 10:30:00.000000000,BEST_BID,"JPM,99666,212"
2019-06-28 10:30:00.000000000,BEST_ASK,"JPM,99800,100"
2019-06-28 10:30:00.000000000,BEST_BID,"JPM,99666,212"
2019-06-28 10:30:00.000000000,BEST_ASK,"JPM,99800,212"
2019-06-28 10:30:00.000000000,BEST_BID,"JPM,99666,212"
2019-06-28 10:30:00.000000000,BEST_ASK,"JPM,99800,212"
2019-06-28 10:30:00.000000000,BEST_BID,"JPM,99666,212"
2019-06-28 10:30:00.000000000,BEST_ASK,"JPM,99800,212"
2019-06-28 10:30:00.000000000,QUERY_SPREAD,77
2019-06-28 10:30:00.000000000,BEST_BID,"JPM,99666,208"
2019-06-28 10:30:00.000000000,BEST_ASK,"JPM,99800,212"
2019-06-28 10:30:00.000000000,LAST_TRADE,"4,$99666.0000"
2019-06-28 10:30:00.000000000,QUERY_SPREAD,78
2019-06-28 10:30:00.000000000,BEST_BID,"JPM,99666,200"
2019-06-28 10:30:00.000000000,BEST_ASK,"JPM,99800,212"
2019-06-28 10:30:00.000000000,LAST_TRADE,"8,$99666.0000"
2019-06-28 10:30:00.000000000,QUERY_SPREAD,79
2019-06-28 10:30:00.000000000,BEST_BID,"JPM,99666,199"
2019-06-28 10:30:00.000000000,BEST_ASK,"JPM,99800,212"
2019-06-28 10:30:00.000000000,LAST_TRADE,"1,$99666.0000"
2019-06-28 10:30:00.000000000,QUERY_SPREAD,80
2019-06-28 10:30:00.000000000,BEST_BID,"JPM,99666,194"
2019-06-28 10:30:00.000000000,BEST_ASK,"JPM,99800,212"
2019-06-28 10:30:00.000000000,LAST_TRADE,"5,$99666.0000"
2019-06-28 10:30:00.000000000,QUERY_SPREAD,81
2019-06-28 10:30:00.000000000,BEST_BID,"JPM,99666,189"
2019-06-28 10:30:00.000000000,BEST_ASK,"JPM,99800,212"
2019-06-28 10:30:00.000000000,LAST_TRADE,"5,$99666.0000"
2019-06-28 10:30:00.000000000,QUERY_SPREAD,82
2019-06-28 10:30:00.000000000,BEST_BID,"JPM,99666,183"
2019-06-28 10:30:00.000000000,BEST_ASK,"JPM,99800,212"
2019-06-28 10:30:00.000000000,LAST_TRADE,"6,$99666.0000"
2019-06-28 10:30:00.000000000,QUERY_SPREAD,83
2019-06-28 10:30:00.000000000,BEST_BID,"JPM,99666,179"
2019-06-28 10:30:00.000000000,BEST_ASK,"JPM,99800,212"
2019-06-28 10:30:00.000000000,LAST_TRADE,"4,$99666.0000"
2019-06-28 10:30:00.000000000,QUERY_SPREAD,84
2019-06-28 10:30:00.000000000,BEST_BID,"JPM,99666,174"
2019-06-28 10:30:00.000000000,BEST_ASK,"JPM,99800,212"
2019-06-28 10:30:00.000000000,LAST_TRADE,"5,$99666.0000"
2019-06-28 10:30:00.000000000,QUERY_SPREAD,85
2019-06-28 10:30:00.000000000,BEST_BID,"JPM,99666,169"
2019-06-28 10:30:00.000000000,BEST_ASK,"JPM,99800,212"
2019-06-28 10:30:00.000000000,LAST_TRADE,"5,$99666.0000"
2019-06-28 10:30:00.000000000,QUERY_SPREAD,86
2019-06-28 10:30:00.000000000,BEST_BID,"JPM,99666,160"
2019-06-28 10:30:00.000000000,BEST_ASK,"JPM,99800,212"
2019-06-28 10:30:00.000000000,LAST_TRADE,"9,$99666.0000"
2019-06-28 10:30:00.000000000,QUERY_SPREAD,87
2019-06-28 10:30:00.000000000,BEST_BID,"JPM,99666,158"
2019-06-28 10:30:00.000000000,BEST_ASK,"JPM,99800,212"
2019-06-28 10:30:00.000000000,LAST_TRADE,"2,$99666.0000"
2019-06-28 10:30:00.000000000,QUERY_SPREAD,88
2019-06-28 10:30:00.000000000,BEST_BID,"JPM,99666,150"
2019-06-28 10:30:00.000000000,BEST_ASK,"JPM,99800,212"
2019-06-28 10:30:00.000000000,LAST_TRADE,"8,$99666.0000"
2019-06-28 10:30:00.000000000,QUERY_SPREAD,89
2019-06-28 10:30:00.000000000,BEST_BID,"JPM,99666,143"
2019-06-28 10:30:00.000000000,BEST_ASK,"JPM,99800,212"
2019-06-28 10:30:00.000000000,LAST_TRADE,"7,$99666.0000"
2019-06-28 10:30:00.000000000,QUERY_SPREAD,90
2019-06-28 10:30:00.000000000,BEST_BID,"JPM,99666,137"
2019-06-28 10:30:00.000000000,BEST_ASK,"JPM,99800,212"
2019-06-28 10:30:00.000000000,LAST_TRADE,"6,$99666.0000"
2019-06-28 10:30:00.000000000,QUERY_SPREAD,91
2019-06-28 10:30:00.000000000,BEST_BID,"JPM,99666,132"
2019-06-28 10:30:00.000000000,BEST_ASK,"JPM,99800,212"
2019-06-28 10:30:00.000000000,LAST_TRADE,"5,$99666.0000"
2019-06-28 10:30:00.000000000,QUERY_SPREAD,92
2019-06-28 10:30:00.000000000,BEST_BID,"JPM,99666,131"
2019-06-28 10:30:00.000000000,BEST_ASK,"JPM,99800,212"
2019-06-28 10:30:00.000000000,LAST_TRADE,"1,$99666.0000"
2019-06-28 10:30:00.000000000,QUERY_SPREAD,93
2019-06-28 10:30:00.000000000,BEST_BID,"JPM,99666,129"
2019-06-28 10:30:00.000000000,BEST_ASK,"JPM,99800,212"
2019-06-28 10:30:00.000000000,LAST_TRADE,"2,$99666.0000"
2019-06-28 10:30:00.000000000,QUERY_SPREAD,94
2019-06-28 10:30:00.000000000,BEST_BID,"JPM,99666,127"
2019-06-28 10:30:00.000000000,BEST_ASK,"JPM,99800,212"
2019-06-28 10:30:00.000000000,LAST_TRADE,"2,$99666.0000"
2019-06-28 10:30:00.000000000,QUERY_SPREAD,95
2019-06-28 10:30:00.000000000,BEST_BID,"JPM,99666,120"
2019-06-28 10:30:00.000000000,BEST_ASK,"JPM,99800,212"
2019-06-28 10:30:00.000000000,LAST_TRADE,"7,$99666.0000"
2019-06-28 10:30:00.000000000,QUERY_SPREAD,96
2019-06-28 10:30:00.000000000,BEST_BID,"JPM,99666,113"
2019-06-28 10:30:00.000000000,BEST_ASK,"JPM,99800,212"
2019-06-28 10:30:00.000000000,LAST_TRADE,"7,$99666.0000"
2019-06-28 10:30:00.000000000,QUERY_SPREAD,97
2019-06-28 10:30:00.000000000,BEST_BID,"JPM,99666,107"
2019-06-28 10:30:00.000000000,BEST_ASK,"JPM,99800,212"
2019-06-28 10:30:00.000000000,LAST_TRADE,"6,$99666.0000"
2019-06-28 10:30:00.000000000,QUERY_SPREAD,98
2019-06-28 10:30:00.000000000,BEST_BID,"JPM,99666,103"
2019-06-28 10:30:00.000000000,BEST_ASK,"JPM,99800,212"
2019-06-28 10:30:00.000000000,LAST_TRADE,"4,$99666.0000"
2019-06-28 10:30:00.000000000,QUERY_SPREAD,99
2019-06-28 10:30:00.000000000,BEST_BID,"JPM,99666,101"
2019-06-28 10:30:00.000000000,BEST_ASK,"JPM,99800,212"
2019-06-28 10:30:00.000000000,LAST_TRADE,"2,$99666.0000"
2019-06-28 10:30:00.000000000,QUERY_SPREAD,100
2019-06-28 10:30:00.000000000,BEST_BID,"JPM,99666,95"
2019-06-28 10:30:00.000000000,BEST_ASK,"JPM,99800,212"
2019-06-28 10:30:00.000000000,LAST_TRADE,"6,$99666.0000"
2019-06-28 10:30:00.000000000,QUERY_SPREAD,101
2019-06-28 10:30:00.000000000,QUERY_ORDER_STREAM,101
2019-06-28 10:30:00.952724400,QUERY_SPREAD,3
2019-06-28 10:30:00.952724400,BEST_BID,"JPM,99666,95"
2019-06-28 10:30:00.952724400,BEST_ASK,"JPM,99800,212"
2019-06-28 10:30:03.817032723,QUERY_ORDER_STREAM,67
2019-06-28 10:30:03.817032723,QUERY_SPREAD,67
2019-06-28 10:30:10.000000000,QUERY_SPREAD,1
2019-06-28 10:30:10.000000000,BEST_BID,"JPM,99595,182"
2019-06-28 10:30:10.000000000,BEST_ASK,"JPM,99800,100"
2019-06-28 10:30:10.000000000,BEST_BID,"JPM,99595,182"
2019-06-28 10:30:10.000000000,BEST_ASK,"JPM,99800,100"
2019-06-28 10:30:10.000000000,BEST_BID,"JPM,99595,182"
2019-06-28 10:30:10.000000000,BEST_ASK,"JPM,99800,100"
2019-06-28 10:30:10.000000000,BEST_BID,"JPM,99595,182"
2019-06-28 10:30:10.000000000,BEST_ASK,"JPM,99800,100"
2019-06-28 10:30:10.000000000,BEST_BID,"JPM,99595,182"
2019-06-28 10:30:10.000000000,BEST_ASK,"JPM,99800,182"
2019-06-28 10:30:10.000000000,BEST_BID,"JPM,99595,182"
2019-06-28 10:30:10.000000000,BEST_ASK,"JPM,99800,182"
2019-06-28 10:30:10.000000000,BEST_BID,"JPM,99595,182"
2019-06-28 10:30:10.000000000,BEST_ASK,"JPM,99800,182"
2019-06-28 10:30:10.000000000,BEST_BID,"JPM,99595,182"
2019-06-28 10:30:10.000000000,BEST_ASK,"JPM,99800,182"
2019-06-28 10:30:17.879985280,QUERY_ORDER_STREAM,74
2019-06-28 10:30:17.879985280,QUERY_SPREAD,74
2019-06-28 10:30:17.879985280,BEST_BID,"JPM,99595,182"
2019-06-28 10:30:17.879985280,BEST_ASK,"JPM,99666,100"
2019-06-28 10:30:19.268481149,QUERY_ORDER_STREAM,70
2019-06-28 10:30:19.268481149,QUERY_SPREAD,70
2019-06-28 10:30:19.268481149,BEST_BID,"JPM,99595,182"
2019-06-28 10:30:19.268481149,BEST_ASK,"JPM,99666,200"
2019-06-28 10:30:20.000000000,QUERY_SPREAD,1
2019-06-28 10:30:20.000000000,BEST_BID,"JPM,99595,212"
2019-06-28 10:30:20.000000000,BEST_ASK,"JPM,99666,200"
2019-06-28 10:30:20.000000000,BEST_BID,"JPM,99595,212"
2019-06-28 10:30:20.000000000,BEST_ASK,"JPM,99666,200"
2019-06-28 10:30:20.000000000,BEST_BID,"JPM,99595,212"
2019-06-28 10:30:20.000000000,BEST_ASK,"JPM,99666,200"
2019-06-28 10:30:20.000000000,BEST_BID,"JPM,99595,212"
2019-06-28 10:30:20.000000000,BEST_ASK,"JPM,99666,312"
2019-06-28 10:30:20.000000000,BEST_BID,"JPM,99595,212"
2019-06-28 10:30:20.000000000,BEST_ASK,"JPM,99666,312"
2019-06-28 10:30:20.000000000,BEST_BID,"JPM,99595,212"
2019-06-28 10:30:20.000000000,BEST_ASK,"JPM,99666,312"
2019-06-28 10:30:30.000000000,QUERY_SPREAD,1
2019-06-28 10:30:30.000000000,BEST_BID,"JPM,99595,264"
2019-06-28 10:30:30.000000000,BEST_ASK,"JPM,99666,200"
2019-06-28 10:30:30.000000000,BEST_BID,"JPM,99595,264"
2019-06-28 10:30:30.000000000,BEST_ASK,"JPM,99666,200"
2019-06-28 10:30:30.000000000,BEST_BID,"JPM,99595,264"
2019-06-28 10:30:30.000000000,BEST_ASK,"JPM,99666,364"
2019-06-28 10:30:30.000000000,BEST_BID,"JPM,99595,264"
2019-06-28 10:30:30.000000000,BEST_ASK,"JPM,99666,364"
2019-06-28 10:30:30.109151235,QUERY_ORDER_STREAM,74
2019-06-28 10:30:30.109151235,QUERY_SPREAD,74
2019-06-28 10:30:30.109151235,BEST_BID,"JPM,99595,264"
2019-06-28 10:30:30.109151235,BEST_ASK,"JPM,99666,364"
2019-06-28 10:30:40.000000000,QUERY_SPREAD,1
2019-06-28 10:30:40.000000000,BEST_BID,"JPM,99595,166"
2019-06-28 10:30:40.000000000,BEST_ASK,"JPM,99666,200"
2019-06-28 10:30:40.000000000,BEST_BID,"JPM,99595,166"
2019-06-28 10:30:40.000000000,BEST_ASK,"JPM,99666,200"
2019-06-28 10:30:40.000000000,BEST_BID,"JPM,99595,166"
2019-06-28 10:30:40.000000000,BEST_ASK,"JPM,99666,200"
2019-06-28 10:30:40.000000000,BEST_BID,"JPM,99595,166"
2019-06-28 10:30:40.000000000,BEST_ASK,"JPM,99666,200"
2019-06-28 10:30:40.000000000,BEST_BID,"JPM,99595,166"
2019-06-28 10:30:40.000000000,BEST_ASK,"JPM,99666,200"
2019-06-28 10:30:40.000000000,BEST_BID,"JPM,99595,166"
2019-06-28 10:30:40.000000000,BEST_ASK,"JPM,99666,266"
2019-06-28 10:30:40.000000000,BEST_BID,"JPM,99595,166"
2019-06-28 10:30:40.000000000,BEST_ASK,"JPM,99666,266"
2019-06-28 10:30:40.000000000,BEST_BID,"JPM,99595,166"
2019-06-28 10:30:40.000000000,BEST_ASK,"JPM,99666,266"
2019-06-28 10:30:40.000000000,BEST_BID,"JPM,99595,166"
2019-06-28 10:30:40.000000000,BEST_ASK,"JPM,99666,266"
2019-06-28 10:30:40.000000000,BEST_BID,"JPM,99595,166"
2019-06-28 10:30:40.000000000,BEST_ASK,"JPM,99666,266"
2019-06-28 10:30:42.611782955,QUERY_SPREAD,4
2019-06-28 10:30:42.611782955,BEST_BID,"JPM,99595,166"
2019-06-28 10:30:42.611782955,BEST_ASK,"JPM,99666,266"
2019-06-28 10:30:50.000000000,QUERY_SPREAD,1
2019-06-28 10:30:50.000000000,BEST_BID,"JPM,99595,182"
2019-06-28 10:30:50.000000000,BEST_ASK,"JPM,99666,200"
2019-06-28 10:30:50.000000000,BEST_BID,"JPM,99595,182"
2019-06-28 10:30:50.000000000,BEST_ASK,"JPM,99666,200"
2019-06-28 10:30:50.000000000,BEST_BID,"JPM,99595,182"
2019-06-28 10:30:50.000000000,BEST_ASK,"JPM,99666,200"
2019-06-28 10:30:50.000000000,BEST_BID,"JPM,99595,182"
2019-06-28 10:30:50.000000000,BEST_ASK,"JPM,99666,200"
2019-06-28 10:30:50.000000000,BEST_BID,"JPM,99595,182"
2019-06-28 10:30:50.000000000,BEST_ASK,"JPM,99666,282"
2019-06-28 10:30:50.000000000,BEST_BID,"JPM,99595,182"
2019-06-28 10:30:50.000000000,BEST_ASK,"JPM,99666,282"
2019-06-28 10:30:50.000000000,BEST_BID,"JPM,99595,182"
2019-06-28 10:30:50.000000000,BEST_ASK,"JPM,99666,282"
2019-06-28 10:30:50.000000000,BEST_BID,"JPM,99595,182"
2019-06-28 10:30:50.000000000,BEST_ASK,"JPM,99666,282"
2019-06-28 10:31:00.000000000,QUERY_SPREAD,1
2019-06-28 10:31:00.000000000,BEST_BID,"JPM,99595,166"
2019-06-28 10:31:00.000000000,BEST_ASK,"JPM,99666,200"
2019-06-28 10:31:00.000000000,BEST_BID,"JPM,99595,166"
2019-06-28 10:31:00.000000000,BEST_ASK,"JPM,99666,200"
2019-06-28 10:31:00.000000000,BEST_BID,"JPM,99595,166"
2019-06-28 10:31:00.000000000,BEST_ASK,"JPM,99666,200"
2019-06-28 10:31:00.000000000,BEST_BID,"JPM,99595,166"
2019-06-28 10:31:00.000000000,BEST_ASK,"JPM,99666,200"
2019-06-28 10:31:00.000000000,BEST_BID,"JPM,99595,166"
2019-06-28 10:31:00.000000000,BEST_ASK,"JPM,99666,200"
2019-06-28 10:31:00.000000000,BEST_BID,"JPM,99595,166"
2019-06-28 10:31:00.000000000,BEST_ASK,"JPM,99666,266"
2019-06-28 10:31:00.000000000,BEST_BID,"JPM,99595,166"
2019-06-28 10:31:00.000000000,BEST_ASK,"JPM,99666,266"
2019-06-28 10:31:00.000000000,BEST_BID,"JPM,99595,166"
2019-06-28 10:31:00.000000000,BEST_ASK,"JPM,99666,266"
2019-06-28 10:31:00.000000000,BEST_BID,"JPM,99595,166"
2019-06-28 10:31:00.000000000,BEST_ASK,"JPM,99666,266"
2019-06-28 10:31:00.000000000,BEST_BID,"JPM,99595,166"
2019-06-28 10:31:00.000000000,BEST_ASK,"JPM,99666,266"
2019-06-28 10:31:00.000000000,QUERY_SPREAD,77
2019-06-28 10:31:00.000000000,BEST_BID,"JPM,99595,162"
2019-06-28 10:31:00.000000000,BEST_ASK,"JPM,99666,266"
2019-06-28 10:31:00.000000000,LAST_TRADE,"4,$99595.0000"
2019-06-28 10:31:00.000000000,QUERY_SPREAD,78
2019-06-28 10:31:00.000000000,BEST_BID,"JPM,99595,154"
2019-06-28 10:31:00.000000000,BEST_ASK,"JPM,99666,266"
2019-06-28 10:31:00.000000000,LAST_TRADE,"8,$99595.0000"
2019-06-28 10:31:00.000000000,QUERY_SPREAD,79
2019-06-28 10:31:00.000000000,BEST_BID,"JPM,99595,153"
2019-06-28 10:31:00.000000000,BEST_ASK,"JPM,99666,266"
2019-06-28 10:31:00.000000000,LAST_TRADE,"1,$99595.0000"
2019-06-28 10:31:00.000000000,QUERY_SPREAD,80
2019-06-28 10:31:00.000000000,BEST_BID,"JPM,99595,148"
2019-06-28 10:31:00.000000000,BEST_ASK,"JPM,99666,266"
2019-06-28 10:31:00.000000000,LAST_TRADE,"5,$99595.0000"
2019-06-28 10:31:00.000000000,QUERY_SPREAD,81
2019-06-28 10:31:00.000000000,BEST_BID,"JPM,99595,143"
2019-06-28 10:31:00.000000000,BEST_ASK,"JPM,99666,266"
2019-06-28 10:31:00.000000000,LAST_TRADE,"5,$99595.0000"
2019-06-28 10:31:00.000000000,QUERY_SPREAD,82
2019-06-28 10:31:00.000000000,BEST_BID,"JPM,99595,137"
2019-06-28 10:31:00.000000000,BEST_ASK,"JPM,99666,266"
2019-06-28 10:31:00.000000000,LAST_TRADE,"6,$99595.0000"
2019-06-28 10:31:00.000000000,QUERY_SPREAD,83
2019-06-28 10:31:00.000000000,BEST_BID,"JPM,99595,133"
2019-06-28 10:31:00.000000000,BEST_ASK,"JPM,99666,266"
2019-06-28 10:31:00.000000000,LAST_TRADE,"4,$99595.0000"
2019-06-28 10:31:00.000000000,QUERY_SPREAD,84
2019-06-28 10:31:00.000000000,BEST_BID,"JPM,99595,128"
2019-06-28 10:31:00.000000000,BEST_ASK,"JPM,99666,266"
2019-06-28 10:31:00.000000000,LAST_TRADE,"5,$99595.0000"
2019-06-28 10:31:00.000000000,QUERY_SPREAD,85
2019-06-28 10:31:00.000000000,BEST_BID,"JPM,99595,123"
2019-06-28 10:31:00.000000000,BEST_ASK,"JPM,99666,266"
2019-06-28 10:31:00.000000000,LAST_TRADE,"5,$99595.0000"
2019-06-28 10:31:00.000000000,QUERY_SPREAD,86
2019-06-28 10:31:00.000000000,BEST_BID,"JPM,99595,114"
2019-06-28 10:31:00.000000000,BEST_ASK,"JPM,99666,266"
2019-06-28 10:31:00.000000000,LAST_TRADE,"9,$99595.0000"
2019-06-28 10:31:00.000000000,QUERY_SPREAD,87
2019-06-28 10:31:00.000000000,BEST_BID,"JPM,99595,112"
2019-06-28 10:31:00.000000000,BEST_ASK,"JPM,99666,266"
2019-06-28 10:31:00.000000000,LAST_TRADE,"2,$99595.0000"
2019-06-28 10:31:00.000000000,QUERY_SPREAD,88
2019-06-28 10:31:00.000000000,BEST_BID,"JPM,99595,104"
2019-06-28 10:31:00.000000000,BEST_ASK,"JPM,99666,266"
2019-06-28 10:31:00.000000000,LAST_TRADE,"8,$99595.0000"
2019-06-28 10:31:00.000000000,QUERY_SPREAD,89
2019-06-28 10:31:00.000000000,BEST_BID,"JPM,99595,97"
2019-06-28 10:31:00.000000000,BEST_ASK,"JPM,99666,266"
2019-06-28 10:31:00.000000000,LAST_TRADE,"7,$99595.0000"
2019-06-28 10:31:00.000000000,QUERY_SPREAD,90
2019-06-28 10:31:00.000000000,BEST_BID,"JPM,99595,91"
2019-06-28 10:31:00.000000000,BEST_ASK,"JPM,99666,266"
2019-06-28 10:31:00.000000000,LAST_TRADE,"6,$99595.0000"
2019-06-28 10:31:00.000000000,QUERY_SPREAD,91
2019-06-28 10:31:00.000000000,BEST_BID,"JPM,99595,86"
2019-06-28 10:31:00.000000000,BEST_ASK,"JPM,99666,266"
2019-06-28 10:31:00.000000000,LAST_TRADE,"5,$99595.0000"
2019-06-28 10:31:00.000000000,QUERY_SPREAD,92
2019-06-28 10:31:00.000000000,BEST_BID,"JPM,99595,85"
2019-06-28 10:31:00.000000000,BEST_ASK,"JPM,99666,266"
2019-06-28 10:31:00.000000000,LAST_TRADE,"1,$99595.0000"
2019-06-28 10:31:00.000000000,QUERY_SPREAD,93
2019-06-28 10:31:00.000000000,BEST_BID,"JPM,99595,83"
2019-06-28 10:31:00.000000000,BEST_ASK,"JPM,99666,266"
2019-06-28 10:31:00.000000000,LAST_TRADE,"2,$99595.0000"
2019-06-28 10:31:00.000000000,QUERY_SPREAD,94
2019-06-28 10:31:00.000000000,BEST_BID,"JPM,99595,81"
2019-06-28 10:31:00.000000000,BEST_ASK,"JPM,99666,266"
2019-06-28 10:31:00.000000000,LAST_TRADE,"2,$99595.0000"
2019-06-28 10:31:00.000000000,QUERY_SPREAD,95
2019-06-28 10:31:00.000000000,BEST_BID,"JPM,99595,74"
2019-06-28 10:31:00.000000000,BEST_ASK,"JPM,99666,266"
2019-06-28 10:31:00.000000000,LAST_TRADE,"7,$99595.0000"
2019-06-28 10:31:00.000000000,QUERY_SPREAD,96
2019-06-28 10:31:00.000000000,BEST_BID,"JPM,99595,67"
2019-06-28 10:31:00.000000000,BEST_ASK,"JPM,99666,266"
2019-06-28 10:31:00.000000000,LAST_TRADE,"7,$99595.0000"
2019-06-28 10:31:00.000000000,QUERY_SPREAD,97
2019-06-28 10:31:00.000000000,BEST_BID,"JPM,99595,61"
2019-06-28 10:31:00.000000000,BEST_ASK,"JPM,99666,266"
2019-06-28 10:31:00.000000000,LAST_TRADE,"6,$99595.0000"
2019-06-28 10:31:00.000000000,QUERY_SPREAD,98
2019-06-28 10:31:00.000000000,BEST_BID,"JPM,99595,57"
2019-06-28 10:31:00.000000000,BEST_ASK,"JPM,99666,266"
2019-06-28 10:31:00.000000000,LAST_TRADE,"4,$99595.0000"
2019-06-28 10:31:00.000000000,QUERY_SPREAD,99
2019-06-28 10:31:00.000000000,BEST_BID,"JPM,99595,55"
2019-06-28 10:31:00.000000000,BEST_ASK,"JPM,99666,266"
2019-06-28 10:31:00.000000000,LAST_TRADE,"2,$99595.0000"
2019-06-28 10:31:00.000000000,QUERY_SPREAD,100
2019-06-28 10:31:00.000000000,BEST_BID,"JPM,99595,49"
2019-06-28 10:31:00.000000000,BEST_ASK,"JPM,99666,266"
2019-06-28 10:31:00.000000000,LAST_TRADE,"6,$99595.0000"
2019-06-28 10:31:00.000000000,QUERY_SPREAD,101
2019-06-28 10:31:00.000000000,QUERY_ORDER_STREAM,101
2019-06-28 10:31:10.000000000,QUERY_SPREAD,1
2019-06-28 10:31:10.000000000,BEST_BID,"JPM,99435,211"
2019-06-28 10:31:10.000000000,BEST_ASK,"JPM,99666,200"
2019-06-28 10:31:10.000000000,BEST_BID,"JPM,99435,211"
2019-06-28 10:31:10.000000000,BEST_ASK,"JPM,99666,200"
2019-06-28 10:31:10.000000000,BEST_BID,"JPM,99435,211"
2019-06-28 10:31:10.000000000,BEST_ASK,"JPM,99666,200"
2019-06-28 10:31:10.000000000,BEST_BID,"JPM,99435,211"
2019-06-28 10:31:10.000000000,BEST_ASK,"JPM,99666,312"
2019-06-28 10:31:10.000000000,BEST_BID,"JPM,99435,211"
2019-06-28 10:31:10.000000000,BEST_ASK,"JPM,99666,312"
2019-06-28 10:31:10.000000000,BEST_BID,"JPM,99435,211"
2019-06-28 10:31:10.000000000,BEST_ASK,"JPM,99666,312"
2019-06-28 10:31:12.745873630,QUERY_SPREAD,7
2019-06-28 10:31:12.745873630,BEST_BID,"JPM,99435,211"
2019-06-28 10:31:12.745873630,BEST_ASK,"JPM,99666,312"
2019-06-28 10:31:20.000000000,QUERY_SPREAD,1
2019-06-28 10:31:20.000000000,BEST_BID,"JPM,99435,181"
2019-06-28 10:31:20.000000000,BEST_ASK,"JPM,99666,200"
2019-06-28 10:31:20.000000000,BEST_BID,"JPM,99435,181"
2019-06-28 10:31:20.000000000,BEST_ASK,"JPM,99666,200"
2019-06-28 10:31:20.000000000,BEST_BID,"JPM,99435,181"
2019-06-28 10:31:20.000000000,BEST_ASK,"JPM,99666,200"
2019-06-28 10:31:20.000000000,BEST_BID,"JPM,99435,181"
2019-06-28 10:31:20.000000000,BEST_ASK,"JPM,99666,200"
2019-06-28 10:31:20.000000000,BEST_BID,"JPM,99435,181"
2019-06-28 10:31:20.000000000,BEST_ASK,"JPM,99666,282"
2019-06-28 10:31:20.000000000,BEST_BID,"JPM,99435,181"
2019-06-28 10:31:20.000000000,BEST_ASK,"JPM,99666,282"
2019-06-28 10:31:20.000000000,BEST_BID,"JPM,99435,181"
2019-06-28 10:31:20.000000000,BEST_ASK,"JPM,99666,282"
2019-06-28 10:31:20.000000000,BEST_BID,"JPM,99435,181"
2019-06-28 10:31:20.000000000,BEST_ASK,"JPM,99666,282"
2019-06-28 10:31:27.612855669,QUERY_SPREAD,42
2019-06-28 10:31:27.612855669,BEST_BID,"JPM,99435,181"
2019-06-28 10:31:27.612855669,BEST_ASK,"JPM,99666,182"
2019-06-28 10:31:27.612855669,LAST_TRADE,"100,$99666.0000"
2019-06-28 10:31:30.000000000,QUERY_SPREAD,1
2019-06-28 10:31:30.000000000,BEST_BID,"JPM,99435,181"
2019-06-28 10:31:30.000000000,BEST_ASK,"JPM,99666,100"
2019-06-28 10:31:30.000000000,BEST_BID,"JPM,99435,181"
2019-06-28 10:31:30.000000000,BEST_ASK,"JPM,99666,100"
2019-06-28 10:31:30.000000000,BEST_BID,"JPM,99435,181"
2019-06-28 10:31:30.000000000,BEST_ASK,"JPM,99666,100"
2019-06-28 10:31:30.000000000,BEST_BID,"JPM,99435,181"
2019-06-28 10:31:30.000000000,BEST_ASK,"JPM,99666,100"
2019-06-28 10:31:30.000000000,BEST_BID,"JPM,99435,181"
2019-06-28 10:31:30.000000000,BEST_ASK,"JPM,99666,182"
2019-06-28 10:31:30.000000000,BEST_BID,"JPM,99435,181"
2019-06-28 10:31:30.000000000,BEST_ASK,"JPM,99666,182"
2019-06-28 10:31:30.000000000,BEST_BID,"JPM,99435,181"
2019-06-28 10:31:30.000000000,BEST_ASK,"JPM,99666,182"
2019-06-28 10:31:30.000000000,BEST_BID,"JPM,99435,181"
2019-06-28 10:31:30.000000000,BEST_ASK,"JPM,99666,182"
2019-06-28 10:31:32.417012990,QUERY_SPREAD,51
2019-06-28 10:31:32.417012990,BEST_BID,"JPM,99435,181"
2019-06-28 10:31:32.417012990,BEST_ASK,"JPM,99666,182"
2019-06-28 10:31:35.353751206,QUERY_SPREAD,33
2019-06-28 10:31:35.353751206,BEST_BID,"JPM,99435,181"
2019-06-28 10:31:35.353751206,BEST_ASK,"JPM,99666,182"
2019-06-28 10:31:40.000000000,QUERY_SPREAD,1
2019-06-28 10:31:40.000000000,BEST_BID,"JPM,99435,263"
2019-06-28 10:31:40.000000000,BEST_ASK,"JPM,99666,100"
2019-06-28 10:31:40.000000000,BEST_BID,"JPM,99435,263"
2019-06-28 10:31:40.000000000,BEST_ASK,"JPM,99666,100"
2019-06-28 10:31:40.000000000,BEST_BID,"JPM,99435,263"
2019-06-28 10:31:40.000000000,BEST_ASK,"JPM,99666,264"
2019-06-28 10:31:40.000000000,BEST_BID,"JPM,99435,263"
2019-06-28 10:31:40.000000000,BEST_ASK,"JPM,99666,264"
2019-06-28 10:31:41.021754544,QUERY_SPREAD,32
2019-06-28 10:31:41.021754544,BEST_BID,"JPM,99435,263"
2019-06-28 10:31:41.021754544,BEST_ASK,"JPM,99666,264"
2019-06-28 10:31:41.755441950,QUERY_SPREAD,15
2019-06-28 10:31:41.755441950,BEST_BID,"JPM,99435,263"
2019-06-28 10:31:41.755441950,BEST_ASK,"JPM,99666,264"
2019-06-28 10:31:50.000000000,QUERY_SPREAD,1
2019-06-28 10:31:50.000000000,BEST_BID,"JPM,99435,165"
2019-06-28 10:31:50.000000000,BEST_ASK,"JPM,99666,100"
2019-06-28 10:31:50.000000000,BEST_BID,"JPM,99435,165"
2019-06-28 10:31:50.000000000,BEST_ASK,"JPM,99666,100"
2019-06-28 10:31:50.000000000,BEST_BID,"JPM,99435,165"
2019-06-28 10:31:50.000000000,BEST_ASK,"JPM,99666,100"
2019-06-28 10:31:50.000000000,BEST_BID,"JPM,99435,165"
2019-06-28 10:31:50.000000000,BEST_ASK,"JPM,99666,100"
2019-06-28 10:31:50.000000000,BEST_BID,"JPM,99435,165"
2019-06-28 10:31:50.000000000,BEST_ASK,"JPM,99666,100"
2019-06-28 10:31:50.000000000,BEST_BID,"JPM,99435,165"
2019-06-28 10:31:50.000000000,BEST_ASK,"JPM,99666,166"
2019-06-28 10:31:50.000000000,BEST_BID,"JPM,99435,165"
2019-06-28 10:31:50.000000000,BEST_ASK,"JPM,99666,166"
2019-06-28 10:31:50.000000000,BEST_BID,"JPM,99435,165"
2019-06-28 10:31:50.000000000,BEST_ASK,"JPM,99666,166"
2019-06-28 10:31:50.000000000,BEST_BID,"JPM,99435,165"
2019-06-28 10:31:50.000000000,BEST_ASK,"JPM,99666,166"
2019-06-28 10:31:50.000000000,BEST_BID,"JPM,99435,165"
2019-06-28 10:31:50.000000000,BEST_ASK,"JPM,99666,166"
2019-06-28 10:32:00.000000000,QUERY_SPREAD,1
2019-06-28 10:32:00.000000000,BEST_BID,"JPM,99435,427"
2019-06-28 10:32:00.000000000,BEST_ASK,"JPM,99666,100"
2019-06-28 10:32:00.000000000,BEST_BID,"JPM,99435,427"
2019-06-28 10:32:00.000000000,BEST_ASK,"JPM,99666,428"
2019-06-28 10:32:00.000000000,QUERY_SPREAD,77
2019-06-28 10:32:00.000000000,BEST_BID,"JPM,99435,423"
2019-06-28 10:32:00.000000000,BEST_ASK,"JPM,99666,428"
2019-06-28 10:32:00.000000000,LAST_TRADE,"4,$99435.0000"
2019-06-28 10:32:00.000000000,QUERY_SPREAD,78
2019-06-28 10:32:00.000000000,BEST_BID,"JPM,99435,415"
2019-06-28 10:32:00.000000000,BEST_ASK,"JPM,99666,428"
2019-06-28 10:32:00.000000000,LAST_TRADE,"8,$99435.0000"
2019-06-28 10:32:00.000000000,QUERY_SPREAD,79
2019-06-28 10:32:00.000000000,BEST_BID,"JPM,99435,414"
2019-06-28 10:32:00.000000000,BEST_ASK,"JPM,99666,428"
2019-06-28 10:32:00.000000000,LAST_TRADE,"1,$99435.0000"
2019-06-28 10:32:00.000000000,QUERY_SPREAD,80
2019-06-28 10:32:00.000000000,BEST_BID,"JPM,99435,409"
2019-06-28 10:32:00.000000000,BEST_ASK,"JPM,99666,428"
2019-06-28 10:32:00.000000000,LAST_TRADE,"5,$99435.0000"
2019-06-28 10:32:00.000000000,QUERY_SPREAD,81
2019-06-28 10:32:00.000000000,BEST_BID,"JPM,99435,404"
2019-06-28 10:32:00.000000000,BEST_ASK,"JPM,99666,428"
2019-06-28 10:32:00.000000000,LAST_TRADE,"5,$99435.0000"
2019-06-28 10:32:00.000000000,QUERY_SPREAD,82
2019-06-28 10:32:00.000000000,BEST_BID,"JPM,99435,398"
2019-06-28 10:32:00.000000000,BEST_ASK,"JPM,99666,428"
2019-06-28 10:32:00.000000000,LAST_TRADE,"6,$99435.0000"
2019-06-28 10:32:00.000000000,QUERY_SPREAD,83
2019-06-28 10:32:00.000000000,BEST_BID,"JPM,99435,394"
2019-06-28 10:32:00.000000000,BEST_ASK,"JPM,99666,428"
2019-06-28 10:32:00.000000000,LAST_TRADE,"4,$99435.0000"
2019-06-28 10:32:00.000000000,QUERY_SPREAD,84
2019-06-28 10:32:00.000000000,BEST_BID,"JPM,99435,389"
2019-06-28 10:32:00.000000000,BEST_ASK,"JPM,99666,428"
2019-06-28 10:32:00.000000000,LAST_TRADE,"5,$99435.0000"
2019-06-28 10:32:00.000000000,QUERY_SPREAD,85
2019-06-28 10:32:00.000000000,BEST_BID,"JPM,99435,384"
2019-06-28 10:32:00.000000000,BEST_ASK,"JPM,99666,428"
2019-06-28 10:32:00.000000000,LAST_TRADE,"5,$99435.0000"
2019-06-28 10:32:00.000000000,QUERY_SPREAD,86
2019-06-28 10:32:00.000000000,BEST_BID,"JPM,99435,375"
2019-06-28 10:32:00.000000000,BEST_ASK,"JPM,99666,428"
2019-06-28 10:32:00.000000000,LAST_TRADE,"9,$99435.0000"
2019-06-28 10:32:00.000000000,QUERY_SPREAD,87
2019-06-28 10:32:00.000000000,BEST_BID,"JPM,99435,373"
2019-06-28 10:32:00.000000000,BEST_ASK,"JPM,99666,428"
2019-06-28 10:32:00.000000000,LAST_TRADE,"2,$99435.0000"
2019-06-28 10:32:00.000000000,QUERY_SPREAD,88
2019-06-28 10:32:00.000000000,BEST_BID,"JPM,99435,365"
2019-06-28 10:32:00.000000000,BEST_ASK,"JPM,99666,428"
2019-06-28 10:32:00.000000000,LAST_TRADE,"8,$99435.0000"
2019-06-28 10:32:00.000000000,QUERY_SPREAD,89
2019-06-28 10:32:00.000000000,BEST_BID,"JPM,99435,358"
2019-06-28 10:32:00.000000000,BEST_ASK,"JPM,99666,428"
2019-06-28 10:32:00.000000000,LAST_TRADE,"7,$99435.0000"
2019-06-28 10:32:00.000000000,QUERY_SPREAD,90
2019-06-28 10:32:00.000000000,BEST_BID,"JPM,99435,352"
2019-06-28 10:32:00.000000000,BEST_ASK,"JPM,99666,428"
2019-06-28 10:32:00.000000000,LAST_TRADE,"6,$99435.0000"
2019-06-28 10:32:00.000000000,QUERY_SPREAD,91
2019-06-28 10:32:00.000000000,BEST_BID,"JPM,99435,347"
2019-06-28 10:32:00.000000000,BEST_ASK,"JPM,99666,428"
2019-06-28 10:32:00.000000000,LAST_TRADE,"5,$99435.0000"
2019-06-28 10:32:00.000000000,QUERY_SPREAD,92
2019-06-28 10:32:00.000000000,BEST_BID,"JPM,99435,346"
2019-06-28 10:32:00.000000000,BEST_ASK,"JPM,99666,428"
2019-06-28 10:32:00.000000000,LAST_TRADE,"1,$99435.0000"
2019-06-28 10:32:00.000000000,QUERY_SPREAD,93
2019-06-28 10:32:00.000000000,BEST_BID,"JPM,99435,344"
2019-06-28 10:32:00.000000000,BEST_ASK,"JPM,99666,428"
2019-06-28 10:32:00.000000000,LAST_TRADE,"2,$99435.0000"
2019-06-28 10:32:00.000000000,QUERY_SPREAD,94
2019-06-28 10:32:00.000000000,BEST_BID,"JPM,99435,342"
2019-06-28 10:32:00.000000000,BEST_ASK,"JPM,99666,428"
2019-06-28 10:32:00.000000000,LAST_TRADE,"2,$99435.0000"
2019-06-28 10:32:00.000000000,QUERY_SPREAD,95
2019-06-28 10:32:00.000000000,BEST_BID,"JPM,99435,335"
2019-06-28 10:32:00.000000000,BEST_ASK,"JPM,99666,428"
2019-06-28 10:32:00.000000000,LAST_TRADE,"7,$99435.0000"
2019-06-28 10:32:00.000000000,QUERY_SPREAD,96
2019-06-28 10:32:00.000000000,BEST_BID,"JPM,99435,328"
2019-06-28 10:32:00.000000000,BEST_ASK,"JPM,99666,428"
2019-06-28 10:32:00.000000000,LAST_TRADE,"7,$99435.0000"
2019-06-28 10:32:00.000000000,QUERY_SPREAD,97
2019-06-28 10:32:00.000000000,BEST_BID,"JPM,99435,322"
2019-06-28 10:32:00.000000000,BEST_ASK,"JPM,99666,428"
2019-06-28 10:32:00.000000000,LAST_TRADE,"6,$99435.0000"
2019-06-28 10:32:00.000000000,QUERY_SPREAD,98
2019-06-28 10:32:00.000000000,BEST_BID,"JPM,99435,318"
2019-06-28 10:32:00.000000000,BEST_ASK,"JPM,99666,428"
2019-06-28 10:32:00.000000000,LAST_TRADE,"4,$99435.0000"
2019-06-28 10:32:00.000000000,QUERY_SPREAD,99
2019-06-28 10:32:00.000000000,BEST_BID,"JPM,99435,316"
2019-06-28 10:32:00.000000000,BEST_ASK,"JPM,99666,428"
2019-06-28 10:32:00.000000000,LAST_TRADE,"2,$99435.0000"
2019-06-28 10:32:00.000000000,QUERY_SPREAD,100
2019-06-28 10:32:00.000000000,BEST_BID,"JPM,99435,310"
2019-06-28 10:32:00.000000000,BEST_ASK,"JPM,99666,428"
2019-06-28 10:32:00.000000000,LAST_TRADE,"6,$99435.0000"
2019-06-28 10:32:00.000000000,QUERY_SPREAD,101
2019-06-28 10:32:00.000000000,QUERY_ORDER_STREAM,101
2019-06-28 10:32:02.308354846,QUERY_SPREAD,45
2019-06-28 10:32:02.308354846,BEST_BID,"JPM,99435,310"
2019-06-28 10:32:02.308354846,BEST_ASK,"JPM,99666,428"
2019-06-28 10:32:10.000000000,QUERY_SPREAD,1
2019-06-28 10:32:10.000000000,BEST_BID,"JPM,99424,428"
2019-06-28 10:32:10.000000000,BEST_ASK,"JPM,99666,100"
2019-06-28 10:32:10.000000000,BEST_BID,"JPM,99424,428"
2019-06-28 10:32:10.000000000,BEST_ASK,"JPM,99666,428"
2019-06-28 10:32:16.986932660,QUERY_SPREAD,41
2019-06-28 10:32:16.986932660,BEST_BID,"JPM,99424,428"
2019-06-28 10:32:16.986932660,BEST_ASK,"JPM,99666,328"
2019-06-28 10:32:16.986932660,LAST_TRADE,"100,$99666.0000"
2019-06-28 10:32:20.000000000,QUERY_SPREAD,1
2019-06-28 10:32:20.000000000,BEST_BID,"JPM,99424,166"
2019-06-28 10:32:20.000000000,BEST_ASK,"JPM,99668,100"
2019-06-28 10:32:20.000000000,BEST_BID,"JPM,99424,166"
2019-06-28 10:32:20.000000000,BEST_ASK,"JPM,99668,100"
2019-06-28 10:32:20.000000000,BEST_BID,"JPM,99424,166"
2019-06-28 10:32:20.000000000,BEST_ASK,"JPM,99668,100"
2019-06-28 10:32:20.000000000,BEST_BID,"JPM,99424,166"
2019-06-28 10:32:20.000000000,BEST_ASK,"JPM,99668,100"
2019-06-28 10:32:20.000000000,BEST_BID,"JPM,99424,166"
2019-06-28 10:32:20.000000000,BEST_ASK,"JPM,99668,100"
2019-06-28 10:32:20.000000000,BEST_BID,"JPM,99424,166"
2019-06-28 10:32:20.000000000,BEST_ASK,"JPM,99668,166"
2019-06-28 10:32:20.000000000,BEST_BID,"JPM,99424,166"
2019-06-28 10:32:20.000000000,BEST_ASK,"JPM,99668,166"
2019-06-28 10:32:20.000000000,BEST_BID,"JPM,99424,166"
2019-06-28 10:32:20.000000000,BEST_ASK,"JPM,99668,166"
2019-06-28 10:32:20.000000000,BEST_BID,"JPM,99424,166"
2019-06-28 10:32:20.000000000,BEST_ASK,"JPM,99668,166"
2019-06-28 10:32:20.000000000,BEST_BID,"JPM,99424,166"
2019-06-28 10:32:20.000000000,BEST_ASK,"JPM,99668,166"
2019-06-28 10:32:20.298027576,QUERY_SPREAD,12
2019-06-28 10:32:20.298027576,BEST_BID,"JPM,99424,166"
2019-06-28 10:32:20.298027576,BEST_ASK,"JPM,99668,166"
2019-06-28 10:32:30.000000000,QUERY_SPREAD,1
2019-06-28 10:32:30.000000000,BEST_BID,"JPM,99424,166"
2019-06-28 10:32:30.000000000,BEST_ASK,"JPM,99668,100"
2019-06-28 10:32:30.000000000,BEST_BID,"JPM,99424,166"
2019-06-28 10:32:30.000000000,BEST_ASK,"JPM,99668,100"
2019-06-28 10:32:30.000000000,BEST_BID,"JPM,99424,166"
2019-06-28 10:32:30.000000000,BEST_ASK,"JPM,99668,100"
2019-06-28 10:32:30.000000000,BEST_BID,"JPM,99424,166"
2019-06-28 10:32:30.000000000,BEST_ASK,"JPM,99668,100"
2019-06-28 10:32:30.000000000,BEST_BID,"JPM,99424,166"
2019-06-28 10:32:30.000000000,BEST_ASK,"JPM,99668,100"
2019-06-28 10:32:30.000000000,BEST_BID,"JPM,99424,166"
2019-06-28 10:32:30.000000000,BEST_ASK,"JPM,99668,166"
2019-06-28 10:32:30.000000000,BEST_BID,"JPM,99424,166"
2019-06-28 10:32:30.000000000,BEST_ASK,"JPM,99668,166"
2019-06-28 10:32:30.000000000,BEST_BID,"JPM,99424,166"
2019-06-28 10:32:30.000000000,BEST_ASK,"JPM,99668,166"
2019-06-28 10:32:30.000000000,BEST_BID,"JPM,99424,166"
2019-06-28 10:32:30.000000000,BEST_ASK,"JPM,99668,166"
2019-06-28 10:32:30.000000000,BEST_BID,"JPM,99424,166"
2019-06-28 10:32:30.000000000,BEST_ASK,"JPM,99668,166"
2019-06-28 10:32:32.561083359,QUERY_ORDER_STREAM,65
2019-06-28 10:32:32.561083359,QUERY_SPREAD,65
2019-06-28 10:32:32.561083359,BEST_BID,"JPM,99435,100"
2019-06-28 10:32:32.561083359,BEST_ASK,"JPM,99668,166"
2019-06-28 10:32:37.384822614,QUERY_SPREAD,50
2019-06-28 10:32:37.384822614,BEST_BID,"JPM,99435,100"
2019-06-28 10:32:37.384822614,BEST_ASK,"JPM,99668,66"
2019-06-28 10:32:37.384822614,LAST_TRADE,"100,$99668.0000"
2019-06-28 10:32:40.000000000,QUERY_SPREAD,1
2019-06-28 10:32:40.000000000,BEST_BID,"JPM,99435,428"
2019-06-28 10:32:40.000000000,BEST_ASK,"JPM,99759,100"
2019-06-28 10:32:40.000000000,BEST_BID,"JPM,99435,428"
2019-06-28 10:32:40.000000000,BEST_ASK,"JPM,99759,428"
2019-06-28 10:32:50.000000000,QUERY_SPREAD,1
2019-06-28 10:32:50.000000000,BEST_BID,"JPM,99435,428"
2019-06-28 10:32:50.000000000,BEST_ASK,"JPM,99759,100"
2019-06-28 10:32:50.000000000,BEST_BID,"JPM,99435,428"
2019-06-28 10:32:50.000000000,BEST_ASK,"JPM,99759,428"
2019-06-28 10:33:00.000000000,QUERY_SPREAD,1
2019-06-28 10:33:00.000000000,BEST_BID,"JPM,99435,212"
2019-06-28 10:33:00.000000000,BEST_ASK,"JPM,99759,100"
2019-06-28 10:33:00.000000000,BEST_BID,"JPM,99435,212"
2019-06-28 10:33:00.000000000,BEST_ASK,"JPM,99759,100"
2019-06-28 10:33:00.000000000,BEST_BID,"JPM,99435,212"
2019-06-28 10:33:00.000000000,BEST_ASK,"JPM,99759,100"
2019-06-28 10:33:00.000000000,BEST_BID,"JPM,99435,212"
2019-06-28 10:33:00.000000000,BEST_ASK,"JPM,99759,212"
2019-06-28 10:33:00.000000000,BEST_BID,"JPM,99435,212"
2019-06-28 10:33:00.000000000,BEST_ASK,"JPM,99759,212"
2019-06-28 10:33:00.000000000,BEST_BID,"JPM,99435,212"
2019-06-28 10:33:00.000000000,BEST_ASK,"JPM,99759,212"
2019-06-28 10:33:00.000000000,QUERY_SPREAD,77
2019-06-28 10:33:00.000000000,BEST_BID,"JPM,99435,208"
2019-06-28 10:33:00.000000000,BEST_ASK,"JPM,99759,212"
2019-06-28 10:33:00.000000000,LAST_TRADE,"4,$99435.0000"
2019-06-28 10:33:00.000000000,QUERY_SPREAD,78
2019-06-28 10:33:00.000000000,BEST_BID,"JPM,99435,200"
2019-06-28 10:33:00.000000000,BEST_ASK,"JPM,99759,212"
2019-06-28 10:33:00.000000000,LAST_TRADE,"8,$99435.0000"
2019-06-28 10:33:00.000000000,QUERY_SPREAD,79
2019-06-28 10:33:00.000000000,BEST_BID,"JPM,99435,199"
2019-06-28 10:33:00.000000000,BEST_ASK,"JPM,99759,212"
2019-06-28 10:33:00.000000000,LAST_TRADE,"1,$99435.0000"
2019-06-28 10:33:00.000000000,QUERY_SPREAD,80
2019-06-28 10:33:00.000000000,BEST_BID,"JPM,99435,194"
2019-06-28 10:33:00.000000000,BEST_ASK,"JPM,99759,212"
2019-06-28 10:33:00.000000000,LAST_TRADE,"5,$99435.0000"
2019-06-28 10:33:00.000000000,QUERY_SPREAD,81
2019-06-28 10:33:00.000000000,BEST_BID,"JPM,99435,189"
2019-06-28 10:33:00.000000000,BEST_ASK,"JPM,99759,212"
2019-06-28 10:33:00.000000000,LAST_TRADE,"5,$99435.0000"
2019-06-28 10:33:00.000000000,QUERY_SPREAD,82
2019-06-28 10:33:00.000000000,BEST_BID,"JPM,99435,183"
2019-06-28 10:33:00.000000000,BEST_ASK,"JPM,99759,212"
2019-06-28 10:33:00.000000000,LAST_TRADE,"6,$99435.0000"
2019-06-28 10:33:00.000000000,QUERY_SPREAD,83
2019-06-28 10:33:00.000000000,BEST_BID,"JPM,99435,179"
2019-06-28 10:33:00.000000000,BEST_ASK,"JPM,99759,212"
2019-06-28 10:33:00.000000000,LAST_TRADE,"4,$99435.0000"
2019-06-28 10:33:00.000000000,QUERY_SPREAD,84
2019-06-28 10:33:00.000000000,BEST_BID,"JPM,99435,174"
2019-06-28 10:33:00.000000000,BEST_ASK,"JPM,99759,212"
2019-06-28 10:33:00.000000000,LAST_TRADE,"5,$99435.0000"
2019-06-28 10:33:00.000000000,QUERY_SPREAD,85
2019-06-28 10:33:00.000000000,BEST_BID,"JPM,99435,169"
2019-06-28 10:33:00.000000000,BEST_ASK,"JPM,99759,212"
2019-06-28 10:33:00.000000000,LAST_TRADE,"5,$99435.0000"
2019-06-28 10:33:00.000000000,QUERY_SPREAD,86
2019-06-28 10:33:00.000000000,BEST_BID,"JPM,99435,160"
2019-06-28 10:33:00.000000000,BEST_ASK,"JPM,99759,212"
2019-06-28 10:33:00.000000000,LAST_TRADE,"9,$99435.0000"
2019-06-28 10:33:00.000000000,QUERY_SPREAD,87
2019-06-28 10:33:00.000000000,BEST_BID,"JPM,99435,158"
2019-06-28 10:33:00.000000000,BEST_ASK,"JPM,99759,212"
2019-06-28 10:33:00.000000000,LAST_TRADE,"2,$99435.0000"
2019-06-28 10:33:00.000000000,QUERY_SPREAD,88
2019-06-28 10:33:00.000000000,BEST_BID,"JPM,99435,150"
2019-06-28 10:33:00.000000000,BEST_ASK,"JPM,99759,212"
2019-06-28 10:33:00.000000000,LAST_TRADE,"8,$99435.0000"
2019-06-28 10:33:00.000000000,QUERY_SPREAD,89
2019-06-28 10:33:00.000000000,BEST_BID,"JPM,99435,143"
2019-06-28 10:33:00.000000000,BEST_ASK,"JPM,99759,212"
2019-06-28 10:33:00.000000000,LAST_TRADE,"7,$99435.0000"
2019-06-28 10:33:00.000000000,QUERY_SPREAD,90
2019-06-28 10:33:00.000000000,BEST_BID,"JPM,99435,137"
2019-06-28 10:33:00.000000000,BEST_ASK,"JPM,99759,212"
2019-06-28 10:33:00.000000000,LAST_TRADE,"6,$99435.0000"
2019-06-28 10:33:00.000000000,QUERY_SPREAD,91
2019-06-28 10:33:00.000000000,BEST_BID,"JPM,99435,132"
2019-06-28 10:33:00.000000000,BEST_ASK,"JPM,99759,212"
2019-06-28 10:33:00.000000000,LAST_TRADE,"5,$99435.0000"
2019-06-28 10:33:00.000000000,QUERY_SPREAD,92
2019-06-28 10:33:00.000000000,BEST_BID,"JPM,99435,131"
2019-06-28 10:33:00.000000000,BEST_ASK,"JPM,99759,212"
2019-06-28 10:33:00.000000000,LAST_TRADE,"1,$99435.0000"
2019-06-28 10:33:00.000000000,QUERY_SPREAD,93
2019-06-28 10:33:00.000000000,BEST_BID,"JPM,99435,129"
2019-06-28 10:33:00.000000000,BEST_ASK,"JPM,99759,212"
2019-06-28 10:33:00.000000000,LAST_TRADE,"2,$99435.0000"
2019-06-28 10:33:00.000000000,QUERY_SPREAD,94
2019-06-28 10:33:00.000000000,BEST_BID,"JPM,99435,127"
2019-06-28 10:33:00.000000000,BEST_ASK,"JPM,99759,212"
2019-06-28 10:33:00.000000000,LAST_TRADE,"2,$99435.0000"
2019-06-28 10:33:00.000000000,QUERY_SPREAD,95
2019-06-28 10:33:00.000000000,BEST_BID,"JPM,99435,120"
2019-06-28 10:33:00.000000000,BEST_ASK,"JPM,99759,212"
2019-06-28 10:33:00.000000000,LAST_TRADE,"7,$99435.0000"
2019-06-28 10:33:00.000000000,QUERY_SPREAD,96
2019-06-28 10:33:00.000000000,BEST_BID,"JPM,99435,113"
2019-06-28 10:33:00.000000000,BEST_ASK,"JPM,99759,212"
2019-06-28 10:33:00.000000000,LAST_TRADE,"7,$99435.0000"
2019-06-28 10:33:00.000000000,QUERY_SPREAD,97
2019-06-28 10:33:00.000000000,BEST_BID,"JPM,99435,107"
2019-06-28 10:33:00.000000000,BEST_ASK,"JPM,99759,212"
2019-06-28 10:33:00.000000000,LAST_TRADE,"6,$99435.0000"
2019-06-28 10:33:00.000000000,QUERY_SPREAD,98
2019-06-28 10:33:00.000000000,BEST_BID,"JPM,99435,103"
2019-06-28 10:33:00.000000000,BEST_ASK,"JPM,99759,212"
2019-06-28 10:33:00.000000000,LAST_TRADE,"4,$99435.0000"
2019-06-28 10:33:00.000000000,QUERY_SPREAD,99
2019-06-28 10:33:00.000000000,BEST_BID,"JPM,99435,101"
2019-06-28 10:33:00.000000000,BEST_ASK,"JPM,99759,212"
2019-06-28 10:33:00.000000000,LAST_TRADE,"2,$99435.0000"
2019-06-28 10:33:00.000000000,QUERY_SPREAD,100
2019-06-28 10:33:00.000000000,BEST_BID,"JPM,99435,95"
2019-06-28 10:33:00.000000000,BEST_ASK,"JPM,99759,212"
2019-06-28 10:33:00.000000000,LAST_TRADE,"6,$99435.0000"
2019-06-28 10:33:00.000000000,QUERY_SPREAD,101
2019-06-28 10:33:00.000000000,QUERY_ORDER_STREAM,101
2019-06-28 10:33:02.190992708,QUERY_SPREAD,34
2019-06-28 10:33:02.190992708,BEST_BID,"JPM,99435,95"
2019-06-28 10:33:02.190992708,BEST_ASK,"JPM,99759,212"
2019-06-28 10:33:02.872694362,QUERY_SPREAD,25
2019-06-28 10:33:02.872694362,BEST_BID,"JPM,99435,95"
2019-06-28 10:33:02.872694362,BEST_ASK,"JPM,99759,212"
2019-06-28 10:33:04.457609848,QUERY_ORDER_STREAM,60
2019-06-28 10:33:04.457609848,QUERY_SPREAD,60
2019-06-28 10:33:04.457609848,BEST_BID,"JPM,99435,195"
2019-06-28 10:33:04.457609848,BEST_ASK,"JPM,99759,212"
2019-06-28 10:33:10.000000000,QUERY_SPREAD,1
2019-06-28 10:33:10.000000000,BEST_BID,"JPM,99435,166"
2019-06-28 10:33:10.000000000,BEST_ASK,"JPM,99759,100"
2019-06-28 10:33:10.000000000,BEST_BID,"JPM,99435,166"
2019-06-28 10:33:10.000000000,BEST_ASK,"JPM,99759,100"
2019-06-28 10:33:10.000000000,BEST_BID,"JPM,99435,166"
2019-06-28 10:33:10.000000000,BEST_ASK,"JPM,99759,100"
2019-06-28 10:33:10.000000000,BEST_BID,"JPM,99435,166"
2019-06-28 10:33:10.000000000,BEST_ASK,"JPM,99759,100"
2019-06-28 10:33:10.000000000,BEST_BID,"JPM,99435,166"
2019-06-28 10:33:10.000000000,BEST_ASK,"JPM,99759,100"
2019-06-28 10:33:10.000000000,BEST_BID,"JPM,99435,166"
2019-06-28 10:33:10.000000000,BEST_ASK,"JPM,99759,166"
2019-06-28 10:33:10.000000000,BEST_BID,"JPM,99435,166"
2019-06-28 10:33:10.000000000,BEST_ASK,"JPM,99759,166"
2019-06-28 10:33:10.000000000,BEST_BID,"JPM,99435,166"
2019-06-28 10:33:10.000000000,BEST_ASK,"JPM,99759,166"
2019-06-28 10:33:10.000000000,BEST_BID,"JPM,99435,166"
2019-06-28 10:33:10.000000000,BEST_ASK,"JPM,99759,166"
2019-06-28 10:33:10.000000000,BEST_BID,"JPM,99435,166"
2019-06-28 10:33:10.000000000,BEST_ASK,"JPM,99759,166"
2019-06-28 10:33:20.000000000,QUERY_SPREAD,1
2019-06-28 10:33:20.000000000,BEST_BID,"JPM,99435,182"
2019-06-28 10:33:20.000000000,BEST_ASK,"JPM,99759,100"
2019-06-28 10:33:20.000000000,BEST_BID,"JPM,99435,182"
2019-06-28 10:33:20.000000000,BEST_ASK,"JPM,99759,100"
2019-06-28 10:33:20.000000000,BEST_BID,"JPM,99435,182"
2019-06-28 10:33:20.000000000,BEST_ASK,"JPM,99759,100"
2019-06-28 10:33:20.000000000,BEST_BID,"JPM,99435,182"
2019-06-28 10:33:20.000000000,BEST_ASK,"JPM,99759,100"
2019-06-28 10:33:20.000000000,BEST_BID,"JPM,99435,182"
2019-06-28 10:33:20.000000000,BEST_ASK,"JPM,99759,182"
2019-06-28 10:33:20.000000000,BEST_BID,"JPM,99435,182"
2019-06-28 10:33:20.000000000,BEST_ASK,"JPM,99759,182"
2019-06-28 10:33:20.000000000,BEST_BID,"JPM,99435,182"
2019-06-28 10:33:20.000000000,BEST_ASK,"JPM,99759,182"
2019-06-28 10:33:20.000000000,BEST_BID,"JPM,99435,182"
2019-06-28 10:33:20.000000000,BEST_ASK,"JPM,99759,182"
2019-06-28 10:33:30.000000000,QUERY_SPREAD,1
2019-06-28 10:33:30.000000000,BEST_BID,"JPM,99435,212"
2019-06-28 10:33:30.000000000,BEST_ASK,"JPM,99759,100"
2019-06-28 10:33:30.000000000,BEST_BID,"JPM,99435,212"
2019-06-28 10:33:30.000000000,BEST_ASK,"JPM,99759,100"
2019-06-28 10:33:30.000000000,BEST_BID,"JPM,99435,212"
2019-06-28 10:33:30.000000000,BEST_ASK,"JPM,99759,100"
2019-06-28 10:33:30.000000000,BEST_BID,"JPM,99435,212"
2019-06-28 10:33:30.000000000,BEST_ASK,"JPM,99759,212"
2019-06-28 10:33:30.000000000,BEST_BID,"JPM,99435,212"
2019-06-28 10:33:30.000000000,BEST_ASK,"JPM,99759,212"
2019-06-28 10:33:30.000000000,BEST_BID,"JPM,99435,212"
2019-06-28 10:33:30.000000000,BEST_ASK,"JPM,99759,212"
2019-06-28 10:33:34.594277623,QUERY_SPREAD,28
2019-06-28 10:33:34.594277623,BEST_BID,"JPM,99435,212"
2019-06-28 10:33:34.594277623,BEST_ASK,"JPM,99759,212"
2019-06-28 10:33:37.085452421,QUERY_SPREAD,15
2019-06-28 10:33:37.085452421,BEST_BID,"JPM,99435,212"
2019-06-28 10:33:37.085452421,BEST_ASK,"JPM,99717,100"
2019-06-28 10:33:40.000000000,QUERY_SPREAD,1
2019-06-28 10:33:40.000000000,BEST_BID,"JPM,99435,264"
2019-06-28 10:33:40.000000000,BEST_ASK,"JPM,99717,100"
2019-06-28 10:33:40.000000000,BEST_BID,"JPM,99435,264"
2019-06-28 10:33:40.000000000,BEST_ASK,"JPM,99717,100"
2019-06-28 10:33:40.000000000,BEST_BID,"JPM,99435,264"
2019-06-28 10:33:40.000000000,BEST_ASK,"JPM,99717,264"
2019-06-28 10:33:40.000000000,BEST_BID,"JPM,99435,264"
2019-06-28 10:33:40.000000000,BEST_ASK,"JPM,99717,264"
2019-06-28 10:33:44.890632635,QUERY_SPREAD,13
2019-06-28 10:33:44.890632635,BEST_BID,"JPM,99435,264"
2019-06-28 10:33:44.890632635,BEST_ASK,"JPM,99717,264"
2019-06-28 10:33:49.002934558,QUERY_SPREAD,28
2019-06-28 10:33:49.002934558,BEST_BID,"JPM,99644,100"
2019-06-28 10:33:49.002934558,BEST_ASK,"JPM,99717,264"
2019-06-28 10:33:50.000000000,QUERY_SPREAD,1
2019-06-28 10:33:50.000000000,BEST_BID,"JPM,99644,212"
2019-06-28 10:33:50.000000000,BEST_ASK,"JPM,99717,100"
2019-06-28 10:33:50.000000000,BEST_BID,"JPM,99644,212"
2019-06-28 10:33:50.000000000,BEST_ASK,"JPM,99717,100"
2019-06-28 10:33:50.000000000,BEST_BID,"JPM,99644,212"
2019-06-28 10:33:50.000000000,BEST_ASK,"JPM,99717,100"
2019-06-28 10:33:50.000000000,BEST_BID,"JPM,99644,212"
2019-06-28 10:33:50.000000000,BEST_ASK,"JPM,99717,212"
2019-06-28 10:33:50.000000000,BEST_BID,"JPM,99644,212"
2019-06-28 10:33:50.000000000,BEST_ASK,"JPM,99717,212"
2019-06-28 10:33:50.000000000,BEST_BID,"JPM,99644,212"
2019-06-28 10:33:50.000000000,BEST_ASK,"JPM,99717,212"
2019-06-28 10:33:52.112154958,QUERY_SPREAD,50
2019-06-28 10:33:52.112154958,BEST_BID,"JPM,99644,212"
2019-06-28 10:33:52.112154958,BEST_ASK,"JPM,99692,100"
2019-06-28 10:34:00.000000000,QUERY_SPREAD,1
2019-06-28 10:34:00.000000000,BEST_BID,"JPM,99644,212"
2019-06-28 10:34:00.000000000,BEST_ASK,"JPM,99692,100"
2019-06-28 10:34:00.000000000,BEST_BID,"JPM,99644,212"
2019-06-28 10:34:00.000000000,BEST_ASK,"JPM,99692,100"
2019-06-28 10:34:00.000000000,BEST_BID,"JPM,99644,212"
2019-06-28 10:34:00.000000000,BEST_ASK,"JPM,99692,100"
2019-06-28 10:34:00.000000000,BEST_BID,"JPM,99644,212"
2019-06-28 10:34:00.000000000,BEST_ASK,"JPM,99692,212"
2019-06-28 10:34:00.000000000,BEST_BID,"JPM,99644,212"
2019-06-28 10:34:00.000000000,BEST_ASK,"JPM,99692,212"
2019-06-28 10:34:00.000000000,BEST_BID,"JPM,99644,212"
2019-06-28 10:34:00.000000000,BEST_ASK,"JPM,99692,212"
2019-06-28 10:34:00.000000000,QUERY_SPREAD,77
2019-06-28 10:34:00.000000000,BEST_BID,"JPM,99644,208"
2019-06-28 10:34:00.000000000,BEST_ASK,"JPM,99692,212"
2019-06-28 10:34:00.000000000,LAST_TRADE,"4,$99644.0000"
2019-06-28 10:34:00.000000000,QUERY_SPREAD,78
2019-06-28 10:34:00.000000000,BEST_BID,"JPM,99644,200"
2019-06-28 10:34:00.000000000,BEST_ASK,"JPM,99692,212"
2019-06-28 10:34:00.000000000,LAST_TRADE,"8,$99644.0000"
2019-06-28 10:34:00.000000000,QUERY_SPREAD,79
2019-06-28 10:34:00.000000000,BEST_BID,"JPM,99644,199"
2019-06-28 10:34:00.000000000,BEST_ASK,"JPM,99692,212"
2019-06-28 10:34:00.000000000,LAST_TRADE,"1,$99644.0000"
2019-06-28 10:34:00.000000000,QUERY_SPREAD,80
2019-06-28 10:34:00.000000000,BEST_BID,"JPM,99644,194"
2019-06-28 10:34:00.000000000,BEST_ASK,"JPM,99692,212"
2019-06-28 10:34:00.000000000,LAST_TRADE,"5,$99644.0000"
2019-06-28 10:34:00.000000000,QUERY_SPREAD,81
2019-06-28 10:34:00.000000000,BEST_BID,"JPM,99644,189"
2019-06-28 10:34:00.000000000,BEST_ASK,"JPM,99692,212"
2019-06-28 10:34:00.000000000,LAST_TRADE,"5,$99644.0000"
2019-06-28 10:34:00.000000000,QUERY_SPREAD,82
2019-06-28 10:34:00.000000000,BEST_BID,"JPM,99644,183"
2019-06-28 10:34:00.000000000,BEST_ASK,"JPM,99692,212"
2019-06-28 10:34:00.000000000,LAST_TRADE,"6,$99644.0000"
2019-06-28 10:34:00.000000000,QUERY_SPREAD,83
2019-06-28 10:34:00.000000000,BEST_BID,"JPM,99644,179"
2019-06-28 10:34:00.000000000,BEST_ASK,"JPM,99692,212"
2019-06-28 10:34:00.000000000,LAST_TRADE,"4,$99644.0000"
2019-06-28 10:34:00.000000000,QUERY_SPREAD,84
2019-06-28 10:34:00.000000000,BEST_BID,"JPM,99644,174"
2019-06-28 10:34:00.000000000,BEST_ASK,"JPM,99692,212"
2019-06-28 10:34:00.000000000,LAST_TRADE,"5,$99644.0000"
2019-06-28 10:34:00.000000000,QUERY_SPREAD,85
2019-06-28 10:34:00.000000000,BEST_BID,"JPM,99644,169"
2019-06-28 10:34:00.000000000,BEST_ASK,"JPM,99692,212"
2019-06-28 10:34:00.000000000,LAST_TRADE,"5,$99644.0000"
2019-06-28 10:34:00.000000000,QUERY_SPREAD,86
2019-06-28 10:34:00.000000000,BEST_BID,"JPM,99644,160"
2019-06-28 10:34:00.000000000,BEST_ASK,"JPM,99692,212"
2019-06-28 10:34:00.000000000,LAST_TRADE,"9,$99644.0000"
2019-06-28 10:34:00.000000000,QUERY_SPREAD,87
2019-06-28 10:34:00.000000000,BEST_BID,"JPM,99644,158"
2019-06-28 10:34:00.000000000,BEST_ASK,"JPM,99692,212"
2019-06-28 10:34:00.000000000,LAST_TRADE,"2,$99644.0000"
2019-06-28 10:34:00.000000000,QUERY_SPREAD,88
2019-06-28 10:34:00.000000000,BEST_BID,"JPM,99644,150"
2019-06-28 10:34:00.000000000,BEST_ASK,"JPM,99692,212"
2019-06-28 10:34:00.000000000,LAST_TRADE,"8,$99644.0000"
2019-06-28 10:34:00.000000000,QUERY_SPREAD,89
2019-06-28 10:34:00.000000000,BEST_BID,"JPM,99644,143"
2019-06-28 10:34:00.000000000,BEST_ASK,"JPM,99692,212"
2019-06-28 10:34:00.000000000,LAST_TRADE,"7,$99644.0000"
2019-06-28 10:34:00.000000000,QUERY_SPREAD,90
2019-06-28 10:34:00.000000000,BEST_BID,"JPM,99644,137"
2019-06-28 10:34:00.000000000,BEST_ASK,"JPM,99692,212"
2019-06-28 10:34:00.000000000,LAST_TRADE,"6,$99644.0000"
2019-06-28 10:34:00.000000000,QUERY_SPREAD,91
2019-06-28 10:34:00.000000000,BEST_BID,"JPM,99644,132"
2019-06-28 10:34:00.000000000,BEST_ASK,"JPM,99692,212"
2019-06-28 10:34:00.000000000,LAST_TRADE,"5,$99644.0000"
2019-06-28 10:34:00.000000000,QUERY_SPREAD,92
2019-06-28 10:34:00.000000000,BEST_BID,"JPM,99644,131"
2019-06-28 10:34:00.000000000,BEST_ASK,"JPM,99692,212"
2019-06-28 10:34:00.000000000,LAST_TRADE,"1,$99644.0000"
2019-06-28 10:34:00.000000000,QUERY_SPREAD,93
2019-06-28 10:34:00.000000000,BEST_BID,"JPM,99644,129"
2019-06-28 10:34:00.000000000,BEST_ASK,"JPM,99692,212"
2019-06-28 10:34:00.000000000,LAST_TRADE,"2,$99644.0000"
2019-06-28 10:34:00.000000000,QUERY_SPREAD,94
2019-06-28 10:34:00.000000000,BEST_BID,"JPM,99644,127"
2019-06-28 10:34:00.000000000,BEST_ASK,"JPM,99692,212"
2019-06-28 10:34:00.000000000,LAST_TRADE,"2,$99644.0000"
2019-06-28 10:34:00.000000000,QUERY_SPREAD,95
2019-06-28 10:34:00.000000000,BEST_BID,"JPM,99644,120"
2019-06-28 10:34:00.000000000,BEST_ASK,"JPM,99692,212"
2019-06-28 10:34:00.000000000,LAST_TRADE,"7,$99644.0000"
2019-06-28 10:34:00.000000000,QUERY_SPREAD,96
2019-06-28 10:34:00.000000000,BEST_BID,"JPM,99644,113"
2019-06-28 10:34:00.000000000,BEST_ASK,"JPM,99692,212"
2019-06-28 10:34:00.000000000,LAST_TRADE,"7,$99644.0000"
2019-06-28 10:34:00.000000000,QUERY_SPREAD,97
2019-06-28 10:34:00.000000000,BEST_BID,"JPM,99644,107"
2019-06-28 10:34:00.000000000,BEST_ASK,"JPM,99692,212"
2019-06-28 10:34:00.000000000,LAST_TRADE,"6,$99644.0000"
2019-06-28 10:34:00.000000000,QUERY_SPREAD,98
2019-06-28 10:34:00.000000000,BEST_BID,"JPM,99644,103"
2019-06-28 10:34:00.000000000,BEST_ASK,"JPM,99692,212"
2019-06-28 10:34:00.000000000,LAST_TRADE,"4,$99644.0000"
2019-06-28 10:34:00.000000000,QUERY_SPREAD,99
2019-06-28 10:34:00.000000000,BEST_BID,"JPM,99644,101"
2019-06-28 10:34:00.000000000,BEST_ASK,"JPM,99692,212"
2019-06-28 10:34:00.000000000,LAST_TRADE,"2,$99644.0000"
2019-06-28 10:34:00.000000000,QUERY_SPREAD,100
2019-06-28 10:34:00.000000000,BEST_BID,"JPM,99644,95"
2019-06-28 10:34:00.000000000,BEST_ASK,"JPM,99692,212"
2019-06-28 10:34:00.000000000,LAST_TRADE,"6,$99644.0000"
2019-06-28 10:34:00.000000000,QUERY_SPREAD,101
2019-06-28 10:34:00.000000000,QUERY_ORDER_STREAM,101
2019-06-28 10:34:10.000000000,QUERY_SPREAD,1
2019-06-28 10:34:10.000000000,BEST_BID,"JPM,99435,166"
2019-06-28 10:34:10.000000000,BEST_ASK,"JPM,99692,100"
2019-06-28 10:34:10.000000000,BEST_BID,"JPM,99435,166"
2019-06-28 10:34:10.000000000,BEST_ASK,"JPM,99692,100"
2019-06-28 10:34:10.000000000,BEST_BID,"JPM,99435,166"
2019-06-28 10:34:10.000000000,BEST_ASK,"JPM,99692,100"
2019-06-28 10:34:10.000000000,BEST_BID,"JPM,99435,166"
2019-06-28 10:34:10.000000000,BEST_ASK,"JPM,99692,100"
2019-06-28 10:34:10.000000000,BEST_BID,"JPM,99435,166"
2019-06-28 10:34:10.000000000,BEST_ASK,"JPM,99692,100"
2019-06-28 10:34:10.000000000,BEST_BID,"JPM,99435,166"
2019-06-28 10:34:10.000000000,BEST_ASK,"JPM,99692,166"
2019-06-28 10:34:10.000000000,BEST_BID,"JPM,99435,166"
2019-06-28 10:34:10.000000000,BEST_ASK,"JPM,99692,166"
2019-06-28 10:34:10.000000000,BEST_BID,"JPM,99435,166"
2019-06-28 10:34:10.000000000,BEST_ASK,"JPM,99692,166"
2019-06-28 10:34:10.000000000,BEST_BID,"JPM,99435,166"
2019-06-28 10:34:10.000000000,BEST_ASK,"JPM,99692,166"
2019-06-28 10:34:10.000000000,BEST_BID,"JPM,99435,166"
2019-06-28 10:34:10.000000000,BEST_ASK,"JPM,99692,166"
2019-06-28 10:34:20.000000000,QUERY_SPREAD,1
2019-06-28 10:34:20.000000000,BEST_BID,"JPM,99435,428"
2019-06-28 10:34:20.000000000,BEST_ASK,"JPM,99692,100"
2019-06-28 10:34:20.000000000,BEST_BID,"JPM,99435,428"
2019-06-28 10:34:20.000000000,BEST_ASK,"JPM,99692,428"
2019-06-28 10:34:28.884242659,QUERY_SPREAD,5
2019-06-28 10:34:28.884242659,BEST_BID,"JPM,99648,100"
2019-06-28 10:34:28.884242659,BEST_ASK,"JPM,99692,428"
2019-06-28 10:34:30.000000000,QUERY_SPREAD,1
2019-06-28 10:34:30.000000000,BEST_BID,"JPM,99648,264"
2019-06-28 10:34:30.000000000,BEST_ASK,"JPM,99692,100"
2019-06-28 10:34:30.000000000,BEST_BID,"JPM,99648,264"
2019-06-28 10:34:30.000000000,BEST_ASK,"JPM,99692,100"
2019-06-28 10:34:30.000000000,BEST_BID,"JPM,99648,264"
2019-06-28 10:34:30.000000000,BEST_ASK,"JPM,99692,264"
2019-06-28 10:34:30.000000000,BEST_BID,"JPM,99648,264"
2019-06-28 10:34:30.000000000,BEST_ASK,"JPM,99692,264"
2019-06-28 10:34:37.745619952,QUERY_SPREAD,5
2019-06-28 10:34:37.745619952,BEST_BID,"JPM,99648,164"
2019-06-28 10:34:37.745619952,BEST_ASK,"JPM,99692,264"
2019-06-28 10:34:40.000000000,QUERY_SPREAD,1
2019-06-28 10:34:40.000000000,BEST_BID,"JPM,99435,182"
2019-06-28 10:34:40.000000000,BEST_ASK,"JPM,99692,100"
2019-06-28 10:34:40.000000000,BEST_BID,"JPM,99435,182"
2019-06-28 10:34:40.000000000,BEST_ASK,"JPM,99692,100"
2019-06-28 10:34:40.000000000,BEST_BID,"JPM,99435,182"
2019-06-28 10:34:40.000000000,BEST_ASK,"JPM,99692,100"
2019-06-28 10:34:40.000000000,BEST_BID,"JPM,99435,182"
2019-06-28 10:34:40.000000000,BEST_ASK,"JPM,99692,100"
2019-06-28 10:34:40.000000000,BEST_BID,"JPM,99435,182"
2019-06-28 10:34:40.000000000,BEST_ASK,"JPM,99692,182"
2019-06-28 10:34:40.000000000,BEST_BID,"JPM,99435,182"
2019-06-28 10:34:40.000000000,BEST_ASK,"JPM,99692,182"
2019-06-28 10:34:40.000000000,BEST_BID,"JPM,99435,182"
2019-06-28 10:34:40.000000000,BEST_ASK,"JPM,99692,182"
2019-06-28 10:34:40.000000000,BEST_BID,"JPM,99435,182"
2019-06-28 10:34:40.000000000,BEST_ASK,"JPM,99692,182"
2019-06-28 10:34:50.000000000,QUERY_SPREAD,1
2019-06-28 10:34:50.000000000,BEST_BID,"JPM,99435,182"
2019-06-28 10:34:50.000000000,BEST_ASK,"JPM,99692,100"
2019-06-28 10:34:50.000000000,BEST_BID,"JPM,99435,182"
2019-06-28 10:34:50.000000000,BEST_ASK,"JPM,99692,100"
2019-06-28 10:34:50.000000000,BEST_BID,"JPM,99435,182"
2019-06-28 10:34:50.000000000,BEST_ASK,"JPM,99692,100"
2019-06-28 10:34:50.000000000,BEST_BID,"JPM,99435,182"
2019-06-28 10:34:50.000000000,BEST_ASK,"JPM,99692,100"
2019-06-28 10:34:50.000000000,BEST_BID,"JPM,99435,182"
2019-06-28 10:34:50.000000000,BEST_ASK,"JPM,99692,182"
2019-06-28 10:34:50.000000000,BEST_BID,"JPM,99435,182"
2019-06-28 10:34:50.000000000,BEST_ASK,"JPM,99692,182"
2019-06-28 10:34:50.000000000,BEST_BID,"JPM,99435,182"
2019-06-28 10:34:50.000000000,BEST_ASK,"JPM,99692,182"
2019-06-28 10:34:50.000000000,BEST_BID,"JPM,99435,182"
2019-06-28 10:34:50.000000000,BEST_ASK,"JPM,99692,182"
2019-06-28 10:35:00.000000000,QUERY_SPREAD,1
2019-06-28 10:35:00.000000000,BEST_BID,"JPM,99435,428"
2019-06-28 10:35:00.000000000,BEST_ASK,"JPM,99692,100"
2019-06-28 10:35:00.000000000,BEST_BID,"JPM,99435,428"
2019-06-28 10:35:00.000000000,BEST_ASK,"JPM,99692,428"
2019-06-28 10:35:00.000000000,QUERY_SPREAD,77
2019-06-28 10:35:00.000000000,BEST_BID,"JPM,99435,424"
2019-06-28 10:35:00.000000000,BEST_ASK,"JPM,99692,428"
2019-06-28 10:35:00.000000000,LAST_TRADE,"4,$99435.0000"
2019-06-28 10:35:00.000000000,QUERY_SPREAD,78
2019-06-28 10:35:00.000000000,BEST_BID,"JPM,99435,416"
2019-06-28 10:35:00.000000000,BEST_ASK,"JPM,99692,428"
2019-06-28 10:35:00.000000000,LAST_TRADE,"8,$99435.0000"
2019-06-28 10:35:00.000000000,QUERY_SPREAD,79
2019-06-28 10:35:00.000000000,BEST_BID,"JPM,99435,415"
2019-06-28 10:35:00.000000000,BEST_ASK,"JPM,99692,428"
2019-06-28 10:35:00.000000000,LAST_TRADE,"1,$99435.0000"
2019-06-28 10:35:00.000000000,QUERY_SPREAD,80
2019-06-28 10:35:00.000000000,BEST_BID,"JPM,99435,410"
2019-06-28 10:35:00.000000000,BEST_ASK,"JPM,99692,428"
2019-06-28 10:35:00.000000000,LAST_TRADE,"5,$99435.0000"
2019-06-28 10:35:00.000000000,QUERY_SPREAD,81
2019-06-28 10:35:00.000000000,BEST_BID,"JPM,99435,405"
2019-06-28 10:35:00.000000000,BEST_ASK,"JPM,99692,428"
2019-06-28 10:35:00.000000000,LAST_TRADE,"5,$99435.0000"
2019-06-28 10:35:00.000000000,QUERY_SPREAD,82
2019-06-28 10:35:00.000000000,BEST_BID,"JPM,99435,399"
2019-06-28 10:35:00.000000000,BEST_ASK,"JPM,99692,428"
2019-06-28 10:35:00.000000000,LAST_TRADE,"6,$99435.0000"
2019-06-28 10:35:00.000000000,QUERY_SPREAD,83
2019-06-28 10:35:00.000000000,BEST_BID,"JPM,99435,395"
2019-06-28 10:35:00.000000000,BEST_ASK,"JPM,99692,428"
2019-06-28 10:35:00.000000000,LAST_TRADE,"4,$99435.0000"
2019-06-28 10:35:00.000000000,QUERY_SPREAD,84
2019-06-28 10:35:00.000000000,BEST_BID,"JPM,99435,390"
2019-06-28 10:35:00.000000000,BEST_ASK,"JPM,99692,428"
2019-06-28 10:35:00.000000000,LAST_TRADE,"5,$99435.0000"
2019-06-28 10:35:00.000000000,QUERY_SPREAD,85
2019-06-28 10:35:00.000000000,BEST_BID,"JPM,99435,385"
2019-06-28 10:35:00.000000000,BEST_ASK,"JPM,99692,428"
2019-06-28 10:35:00.000000000,LAST_TRADE,"5,$99435.0000"
2019-06-28 10:35:00.000000000,QUERY_SPREAD,86
2019-06-28 10:35:00.000000000,BEST_BID,"JPM,99435,376"
2019-06-28 10:35:00.000000000,BEST_ASK,"JPM,99692,428"
2019-06-28 10:35:00.000000000,LAST_TRADE,"9,$99435.0000"
2019-06-28 10:35:00.000000000,QUERY_SPREAD,87
2019-06-28 10:35:00.000000000,BEST_BID,"JPM,99435,374"
2019-06-28 10:35:00.000000000,BEST_ASK,"JPM,99692,428"
2019-06-28 10:35:00.000000000,LAST_TRADE,"2,$99435.0000"
2019-06-28 10:35:00.000000000,QUERY_SPREAD,88
2019-06-28 10:35:00.000000000,BEST_BID,"JPM,99435,366"
2019-06-28 10:35:00.000000000,BEST_ASK,"JPM,99692,428"
2019-06-28 10:35:00.000000000,LAST_TRADE,"8,$99435.0000"
2019-06-28 10:35:00.000000000,QUERY_SPREAD,89
2019-06-28 10:35:00.000000000,BEST_BID,"JPM,99435,359"
2019-06-28 10:35:00.000000000,BEST_ASK,"JPM,99692,428"
2019-06-28 10:35:00.000000000,LAST_TRADE,"7,$99435.0000"
2019-06-28 10:35:00.000000000,QUERY_SPREAD,90
2019-06-28 10:35:00.000000000,BEST_BID,"JPM,99435,353"
2019-06-28 10:35:00.000000000,BEST_ASK,"JPM,99692,428"
2019-06-28 10:35:00.000000000,LAST_TRADE,"6,$99435.0000"
2019-06-28 10:35:00.000000000,QUERY_SPREAD,91
2019-06-28 10:35:00.000000000,BEST_BID,"JPM,99435,348"
2019-06-28 10:35:00.000000000,BEST_ASK,"JPM,99692,428"
2019-06-28 10:35:00.000000000,LAST_TRADE,"5,$99435.0000"
2019-06-28 10:35:00.000000000,QUERY_SPREAD,92
2019-06-28 10:35:00.000000000,BEST_BID,"JPM,99435,347"
2019-06-28 10:35:00.000000000,BEST_ASK,"JPM,99692,428"
2019-06-28 10:35:00.000000000,LAST_TRADE,"1,$99435.0000"
2019-06-28 10:35:00.000000000,QUERY_SPREAD,93
2019-06-28 10:35:00.000000000,BEST_BID,"JPM,99435,345"
2019-06-28 10:35:00.000000000,BEST_ASK,"JPM,99692,428"
2019-06-28 10:35:00.000000000,LAST_TRADE,"2,$99435.0000"
2019-06-28 10:35:00.000000000,QUERY_SPREAD,94
2019-06-28 10:35:00.000000000,BEST_BID,"JPM,99435,343"
2019-06-28 10:35:00.000000000,BEST_ASK,"JPM,99692,428"
2019-06-28 10:35:00.000000000,LAST_TRADE,"2,$99435.0000"
2019-06-28 10:35:00.000000000,QUERY_SPREAD,95
2019-06-28 10:35:00.000000000,BEST_BID,"JPM,99435,336"
2019-06-28 10:35:00.000000000,BEST_ASK,"JPM,99692,428"
2019-06-28 10:35:00.000000000,LAST_TRADE,"7,$99435.0000"
2019-06-28 10:35:00.000000000,QUERY_SPREAD,96
2019-06-28 10:35:00.000000000,BEST_BID,"JPM,99435,329"
2019-06-28 10:35:00.000000000,BEST_ASK,"JPM,99692,428"
2019-06-28 10:35:00.000000000,LAST_TRADE,"7,$99435.0000"
2019-06-28 10:35:00.000000000,QUERY_SPREAD,97
2019-06-28 10:35:00.000000000,BEST_BID,"JPM,99435,323"
2019-06-28 10:35:00.000000000,BEST_ASK,"JPM,99692,428"
2019-06-28 10:35:00.000000000,LAST_TRADE,"6,$99435.0000"
2019-06-28 10:35:00.000000000,QUERY_SPREAD,98
2019-06-28 10:35:00.000000000,BEST_BID,"JPM,99435,319"
2019-06-28 10:35:00.000000000,BEST_ASK,"JPM,99692,428"
2019-06-28 10:35:00.000000000,LAST_TRADE,"4,$99435.0000"
2019-06-28 10:35:00.000000000,QUERY_SPREAD,99
2019-06-28 10:35:00.000000000,BEST_BID,"JPM,99435,317"
2019-06-28 10:35:00.000000000,BEST_ASK,"JPM,99692,428"
2019-06-28 10:35:00.000000000,LAST_TRADE,"2,$99435.0000"
2019-06-28 10:35:00.000000000,QUERY_SPREAD,100
2019-06-28 10:35:00.000000000,BEST_BID,"JPM,99435,311"
2019-06-28 10:35:00.000000000,BEST_ASK,"JPM,99692,428"
2019-06-28 10:35:00.000000000,LAST_TRADE,"6,$99435.0000"
2019-06-28 10:35:00.000000000,QUERY_SPREAD,101
2019-06-28 10:35:00.000000000,QUERY_ORDER_STREAM,101
2019-06-28 10:35:10.000000000,QUERY_SPREAD,1
2019-06-28 10:35:10.000000000,BEST_BID,"JPM,99424,182"
2019-06-28 10:35:10.000000000,BEST_ASK,"JPM,99692,100"
2019-06-28 10:35:10.000000000,BEST_BID,"JPM,99424,182"
2019-06-28 10:35:10.000000000,BEST_ASK,"JPM,99692,100"
2019-06-28 10:35:10.000000000,BEST_BID,"JPM,99424,182"
2019-06-28 10:35:10.000000000,BEST_ASK,"JPM,99692,100"
2019-06-28 10:35:10.000000000,BEST_BID,"JPM,99424,182"
2019-06-28 10:35:10.000000000,BEST_ASK,"JPM,99692,100"
2019-06-28 10:35:10.000000000,BEST_BID,"JPM,99424,182"
2019-06-28 10:35:10.000000000,BEST_ASK,"JPM,99692,182"
2019-06-28 10:35:10.000000000,BEST_BID,"JPM,99424,182"
2019-06-28 10:35:10.000000000,BEST_ASK,"JPM,99692,182"
2019-06-28 10:35:10.000000000,BEST_BID,"JPM,99424,182"
2019-06-28 10:35:10.000000000,BEST_ASK,"JPM,99692,182"
2019-06-28 10:35:10.000000000,BEST_BID,"JPM,99424,182"
2019-06-28 10:35:10.000000000,BEST_ASK,"JPM,99692,182"
2019-06-28 10:35:12.389502259,QUERY_SPREAD,7
2019-06-28 10:35:12.389502259,BEST_BID,"JPM,99424,82"
2019-06-28 10:35:12.389502259,BEST_ASK,"JPM,99692,182"
2019-06-28 10:35:12.389502259,LAST_TRADE,"100,$99424.0000"
2019-06-28 10:35:18.446171893,QUERY_SPREAD,17
2019-06-28 10:35:18.446171893,BEST_BID,"JPM,99424,82"
2019-06-28 10:35:18.446171893,BEST_ASK,"JPM,99545,100"
2019-06-28 10:35:20.000000000,QUERY_SPREAD,1
2019-06-28 10:35:20.000000000,BEST_BID,"JPM,99395,212"
2019-06-28 10:35:20.000000000,BEST_ASK,"JPM,99545,100"
2019-06-28 10:35:20.000000000,BEST_BID,"JPM,99395,212"
2019-06-28 10:35:20.000000000,BEST_ASK,"JPM,99545,100"
2019-06-28 10:35:20.000000000,BEST_BID,"JPM,99395,212"
2019-06-28 10:35:20.000000000,BEST_ASK,"JPM,99545,100"
2019-06-28 10:35:20.000000000,BEST_BID,"JPM,99395,212"
2019-06-28 10:35:20.000000000,BEST_ASK,"JPM,99545,212"
2019-06-28 10:35:20.000000000,BEST_BID,"JPM,99395,212"
2019-06-28 10:35:20.000000000,BEST_ASK,"JPM,99545,212"
2019-06-28 10:35:20.000000000,BEST_BID,"JPM,99395,212"
2019-06-28 10:35:20.000000000,BEST_ASK,"JPM,99545,212"
2019-06-28 10:35:30.000000000,QUERY_SPREAD,1
2019-06-28 10:35:30.000000000,BEST_BID,"JPM,99395,166"
2019-06-28 10:35:30.000000000,BEST_ASK,"JPM,99545,100"
2019-06-28 10:35:30.000000000,BEST_BID,"JPM,99395,166"
2019-06-28 10:35:30.000000000,BEST_ASK,"JPM,99545,100"
2019-06-28 10:35:30.000000000,BEST_BID,"JPM,99395,166"
2019-06-28 10:35:30.000000000,BEST_ASK,"JPM,99545,100"
2019-06-28 10:35:30.000000000,BEST_BID,"JPM,99395,166"
2019-06-28 10:35:30.000000000,BEST_ASK,"JPM,99545,100"
2019-06-28 10:35:30.000000000,BEST_BID,"JPM,99395,166"
2019-06-28 10:35:30.000000000,BEST_ASK,"JPM,99545,100"
2019-06-28 10:35:30.000000000,BEST_BID,"JPM,99395,166"
2019-06-28 10:35:30.000000000,BEST_ASK,"JPM,99545,166"
2019-06-28 10:35:30.000000000,BEST_BID,"JPM,99395,166"
2019-06-28 10:35:30.000000000,BEST_ASK,"JPM,99545,166"
2019-06-28 10:35:30.000000000,BEST_BID,"JPM,99395,166"
2019-06-28 10:35:30.000000000,BEST_ASK,"JPM,99545,166"
2019-06-28 10:35:30.000000000,BEST_BID,"JPM,99395,166"
2019-06-28 10:35:30.000000000,BEST_ASK,"JPM,99545,166"
2019-06-28 10:35:30.000000000,BEST_BID,"JPM,99395,166"
2019-06-28 10:35:30.000000000,BEST_ASK,"JPM,99545,166"
2019-06-28 10:35:40.000000000,QUERY_SPREAD,1
2019-06-28 10:35:40.000000000,BEST_BID,"JPM,99395,166"
2019-06-28 10:35:40.000000000,BEST_ASK,"JPM,99545,100"
2019-06-28 10:35:40.000000000,BEST_BID,"JPM,99395,166"
2019-06-28 10:35:40.000000000,BEST_ASK,"JPM,99545,100"
2019-06-28 10:35:40.000000000,BEST_BID,"JPM,99395,166"
2019-06-28 10:35:40.000000000,BEST_ASK,"JPM,99545,100"
2019-06-28 10:35:40.000000000,BEST_BID,"JPM,99395,166"
2019-06-28 10:35:40.000000000,BEST_ASK,"JPM,99545,100"
2019-06-28 10:35:40.000000000,BEST_BID,"JPM,99395,166"
2019-06-28 10:35:40.000000000,BEST_ASK,"JPM,99545,100"
2019-06-28 10:35:40.000000000,BEST_BID,"JPM,99395,166"
2019-06-28 10:35:40.000000000,BEST_ASK,"JPM,99545,166"
2019-06-28 10:35:40.000000000,BEST_BID,"JPM,99395,166"
2019-06-28 10:35:40.000000000,BEST_ASK,"JPM,99545,166"
2019-06-28 10:35:40.000000000,BEST_BID,"JPM,99395,166"
2019-06-28 10:35:40.000000000,BEST_ASK,"JPM,99545,166"
2019-06-28 10:35:40.000000000,BEST_BID,"JPM,99395,166"
2019-06-28 10:35:40.000000000,BEST_ASK,"JPM,99545,166"
2019-06-28 10:35:40.000000000,BEST_BID,"JPM,99395,166"
2019-06-28 10:35:40.000000000,BEST_ASK,"JPM,99545,166"
2019-06-28 10:35:50.000000000,QUERY_SPREAD,1
2019-06-28 10:35:50.000000000,BEST_BID,"JPM,99395,264"
2019-06-28 10:35:50.000000000,BEST_ASK,"JPM,99545,100"
2019-06-28 10:35:50.000000000,BEST_BID,"JPM,99395,264"
2019-06-28 10:35:50.000000000,BEST_ASK,"JPM,99545,100"
2019-06-28 10:35:50.000000000,BEST_BID,"JPM,99395,264"
2019-06-28 10:35:50.000000000,BEST_ASK,"JPM,99545,264"
2019-06-28 10:35:50.000000000,BEST_BID,"JPM,99395,264"
2019-06-28 10:35:50.000000000,BEST_ASK,"JPM,99545,264"
2019-06-28 10:35:51.404628467,QUERY_SPREAD,9
2019-06-28 10:35:51.404628467,BEST_BID,"JPM,99395,264"
2019-06-28 10:35:51.404628467,BEST_ASK,"JPM,99545,264"
2019-06-28 10:35:57.388515514,QUERY_SPREAD,20
2019-06-28 10:35:57.388515514,BEST_BID,"JPM,99522,100"
2019-06-28 10:35:57.388515514,BEST_ASK,"JPM,99545,264"
2019-06-28 10:36:00.000000000,QUERY_SPREAD,1
2019-06-28 10:36:00.000000000,BEST_BID,"JPM,99522,212"
2019-06-28 10:36:00.000000000,BEST_ASK,"JPM,99545,100"
2019-06-28 10:36:00.000000000,BEST_BID,"JPM,99522,212"
2019-06-28 10:36:00.000000000,BEST_ASK,"JPM,99545,100"
2019-06-28 10:36:00.000000000,BEST_BID,"JPM,99522,212"
2019-06-28 10:36:00.000000000,BEST_ASK,"JPM,99545,100"
2019-06-28 10:36:00.000000000,BEST_BID,"JPM,99522,212"
2019-06-28 10:36:00.000000000,BEST_ASK,"JPM,99545,212"
2019-06-28 10:36:00.000000000,BEST_BID,"JPM,99522,212"
2019-06-28 10:36:00.000000000,BEST_ASK,"JPM,99545,212"
2019-06-28 10:36:00.000000000,BEST_BID,"JPM,99522,212"
2019-06-28 10:36:00.000000000,BEST_ASK,"JPM,99545,212"
2019-06-28 10:36:00.000000000,QUERY_SPREAD,77
2019-06-28 10:36:00.000000000,BEST_BID,"JPM,99522,208"
2019-06-28 10:36:00.000000000,BEST_ASK,"JPM,99545,212"
2019-06-28 10:36:00.000000000,LAST_TRADE,"4,$99522.0000"
2019-06-28 10:36:00.000000000,QUERY_SPREAD,78
2019-06-28 10:36:00.000000000,BEST_BID,"JPM,99522,200"
2019-06-28 10:36:00.000000000,BEST_ASK,"JPM,99545,212"
2019-06-28 10:36:00.000000000,LAST_TRADE,"8,$99522.0000"
2019-06-28 10:36:00.000000000,QUERY_SPREAD,79
2019-06-28 10:36:00.000000000,BEST_BID,"JPM,99522,199"
2019-06-28 10:36:00.000000000,BEST_ASK,"JPM,99545,212"
2019-06-28 10:36:00.000000000,LAST_TRADE,"1,$99522.0000"
2019-06-28 10:36:00.000000000,QUERY_SPREAD,80
2019-06-28 10:36:00.000000000,BEST_BID,"JPM,99522,194"
2019-06-28 10:36:00.000000000,BEST_ASK,"JPM,99545,212"
2019-06-28 10:36:00.000000000,LAST_TRADE,"5,$99522.0000"
2019-06-28 10:36:00.000000000,QUERY_SPREAD,81
2019-06-28 10:36:00.000000000,BEST_BID,"JPM,99522,189"
2019-06-28 10:36:00.000000000,BEST_ASK,"JPM,99545,212"
2019-06-28 10:36:00.000000000,LAST_TRADE,"5,$99522.0000"
2019-06-28 10:36:00.000000000,QUERY_SPREAD,82
2019-06-28 10:36:00.000000000,BEST_BID,"JPM,99522,183"
2019-06-28 10:36:00.000000000,BEST_ASK,"JPM,99545,212"
2019-06-28 10:36:00.000000000,LAST_TRADE,"6,$99522.0000"
2019-06-28 10:36:00.000000000,QUERY_SPREAD,83
2019-06-28 10:36:00.000000000,BEST_BID,"JPM,99522,179"
2019-06-28 10:36:00.000000000,BEST_ASK,"JPM,99545,212"
2019-06-28 10:36:00.000000000,LAST_TRADE,"4,$99522.0000"
2019-06-28 10:36:00.000000000,QUERY_SPREAD,84
2019-06-28 10:36:00.000000000,BEST_BID,"JPM,99522,174"
2019-06-28 10:36:00.000000000,BEST_ASK,"JPM,99545,212"
2019-06-28 10:36:00.000000000,LAST_TRADE,"5,$99522.0000"
2019-06-28 10:36:00.000000000,QUERY_SPREAD,85
2019-06-28 10:36:00.000000000,BEST_BID,"JPM,99522,169"
2019-06-28 10:36:00.000000000,BEST_ASK,"JPM,99545,212"
2019-06-28 10:36:00.000000000,LAST_TRADE,"5,$99522.0000"
2019-06-28 10:36:00.000000000,QUERY_SPREAD,86
2019-06-28 10:36:00.000000000,BEST_BID,"JPM,99522,160"
2019-06-28 10:36:00.000000000,BEST_ASK,"JPM,99545,212"
2019-06-28 10:36:00.000000000,LAST_TRADE,"9,$99522.0000"
2019-06-28 10:36:00.000000000,QUERY_SPREAD,87
2019-06-28 10:36:00.000000000,BEST_BID,"JPM,99522,158"
2019-06-28 10:36:00.000000000,BEST_ASK,"JPM,99545,212"
2019-06-28 10:36:00.000000000,LAST_TRADE,"2,$99522.0000"
2019-06-28 10:36:00.000000000,QUERY_SPREAD,88
2019-06-28 10:36:00.000000000,BEST_BID,"JPM,99522,150"
2019-06-28 10:36:00.000000000,BEST_ASK,"JPM,99545,212"
2019-06-28 10:36:00.000000000,LAST_TRADE,"8,$99522.0000"
2019-06-28 10:36:00.000000000,QUERY_SPREAD,89
2019-06-28 10:36:00.000000000,BEST_BID,"JPM,99522,143"
2019-06-28 10:36:00.000000000,BEST_ASK,"JPM,99545,212"
2019-06-28 10:36:00.000000000,LAST_TRADE,"7,$99522.0000"
2019-06-28 10:36:00.000000000,QUERY_SPREAD,90
2019-06-28 10:36:00.000000000,BEST_BID,"JPM,99522,137"
2019-06-28 10:36:00.000000000,BEST_ASK,"JPM,99545,212"
2019-06-28 10:36:00.000000000,LAST_TRADE,"6,$99522.0000"
2019-06-28 10:36:00.000000000,QUERY_SPREAD,91
2019-06-28 10:36:00.000000000,BEST_BID,"JPM,99522,132"
2019-06-28 10:36:00.000000000,BEST_ASK,"JPM,99545,212"
2019-06-28 10:36:00.000000000,LAST_TRADE,"5,$99522.0000"
2019-06-28 10:36:00.000000000,QUERY_SPREAD,92
2019-06-28 10:36:00.000000000,BEST_BID,"JPM,99522,131"
2019-06-28 10:36:00.000000000,BEST_ASK,"JPM,99545,212"
2019-06-28 10:36:00.000000000,LAST_TRADE,"1,$99522.0000"
2019-06-28 10:36:00.000000000,QUERY_SPREAD,93
2019-06-28 10:36:00.000000000,BEST_BID,"JPM,99522,129"
2019-06-28 10:36:00.000000000,BEST_ASK,"JPM,99545,212"
2019-06-28 10:36:00.000000000,LAST_TRADE,"2,$99522.0000"
2019-06-28 10:36:00.000000000,QUERY_SPREAD,94
2019-06-28 10:36:00.000000000,BEST_BID,"JPM,99522,127"
2019-06-28 10:36:00.000000000,BEST_ASK,"JPM,99545,212"
2019-06-28 10:36:00.000000000,LAST_TRADE,"2,$99522.0000"
2019-06-28 10:36:00.000000000,QUERY_SPREAD,95
2019-06-28 10:36:00.000000000,BEST_BID,"JPM,99522,120"
2019-06-28 10:36:00.000000000,BEST_ASK,"JPM,99545,212"
2019-06-28 10:36:00.000000000,LAST_TRADE,"7,$99522.0000"
2019-06-28 10:36:00.000000000,QUERY_SPREAD,96
2019-06-28 10:36:00.000000000,BEST_BID,"JPM,99522,113"
2019-06-28 10:36:00.000000000,BEST_ASK,"JPM,99545,212"
2019-06-28 10:36:00.000000000,LAST_TRADE,"7,$99522.0000"
2019-06-28 10:36:00.000000000,QUERY_SPREAD,97
2019-06-28 10:36:00.000000000,BEST_BID,"JPM,99522,107"
2019-06-28 10:36:00.000000000,BEST_ASK,"JPM,99545,212"
2019-06-28 10:36:00.000000000,LAST_TRADE,"6,$99522.0000"
2019-06-28 10:36:00.000000000,QUERY_SPREAD,98
2019-06-28 10:36:00.000000000,BEST_BID,"JPM,99522,103"
2019-06-28 10:36:00.000000000,BEST_ASK,"JPM,99545,212"
2019-06-28 10:36:00.000000000,LAST_TRADE,"4,$99522.0000"
2019-06-28 10:36:00.000000000,QUERY_SPREAD,99
2019-06-28 10:36:00.000000000,BEST_BID,"JPM,99522,101"
2019-06-28 10:36:00.000000000,BEST_ASK,"JPM,99545,212"
2019-06-28 10:36:00.000000000,LAST_TRADE,"2,$99522.0000"
2019-06-28 10:36:00.000000000,QUERY_SPREAD,100
2019-06-28 10:36:00.000000000,BEST_BID,"JPM,99522,95"
2019-06-28 10:36:00.000000000,BEST_ASK,"JPM,99545,212"
2019-06-28 10:36:00.000000000,LAST_TRADE,"6,$99522.0000"
2019-06-28 10:36:00.000000000,QUERY_SPREAD,101
2019-06-28 10:36:00.000000000,QUERY_ORDER_STREAM,101
2019-06-28 10:36:01.690945068,QUERY_ORDER_STREAM,57
2019-06-28 10:36:01.690945068,QUERY_SPREAD,57
2019-06-28 10:36:08.910638651,QUERY_SPREAD,33
2019-06-28 10:36:08.910638651,BEST_BID,"JPM,99522,95"
2019-06-28 10:36:08.910638651,BEST_ASK,"JPM,99545,212"
2019-06-28 10:36:10.000000000,QUERY_SPREAD,1
2019-06-28 10:36:10.000000000,BEST_BID,"JPM,99395,428"
2019-06-28 10:36:10.000000000,BEST_ASK,"JPM,99545,100"
2019-06-28 10:36:10.000000000,BEST_BID,"JPM,99395,428"
2019-06-28 10:36:10.000000000,BEST_ASK,"JPM,99545,428"
2019-06-28 10:36:15.894233151,QUERY_ORDER_STREAM,52
2019-06-28 10:36:15.894233151,QUERY_SPREAD,52
2019-06-28 10:36:15.894233151,BEST_BID,"JPM,99395,428"
2019-06-28 10:36:15.894233151,BEST_ASK,"JPM,99522,100"
2019-06-28 10:36:17.250777259,QUERY_SPREAD,8
2019-06-28 10:36:17.250777259,BEST_BID,"JPM,99395,428"
2019-06-28 10:36:17.250777259,BEST_ASK,"JPM,99522,100"
2019-06-28 10:36:20.000000000,QUERY_SPREAD,1
2019-06-28 10:36:20.000000000,BEST_BID,"JPM,99395,264"
2019-06-28 10:36:20.000000000,BEST_ASK,"JPM,99522,100"
2019-06-28 10:36:20.000000000,BEST_BID,"JPM,99395,264"
2019-06-28 10:36:20.000000000,BEST_ASK,"JPM,99522,100"
2019-06-28 10:36:20.000000000,BEST_BID,"JPM,99395,264"
2019-06-28 10:36:20.000000000,BEST_ASK,"JPM,99522,264"
2019-06-28 10:36:20.000000000,BEST_BID,"JPM,99395,264"
2019-06-28 10:36:20.000000000,BEST_ASK,"JPM,99522,264"
2019-06-28 10:36:30.000000000,QUERY_SPREAD,1
2019-06-28 10:36:30.000000000,BEST_BID,"JPM,99395,212"
2019-06-28 10:36:30.000000000,BEST_ASK,"JPM,99522,100"
2019-06-28 10:36:30.000000000,BEST_BID,"JPM,99395,212"
2019-06-28 10:36:30.000000000,BEST_ASK,"JPM,99522,100"
2019-06-28 10:36:30.000000000,BEST_BID,"JPM,99395,212"
2019-06-28 10:36:30.000000000,BEST_ASK,"JPM,99522,100"
2019-06-28 10:36:30.000000000,BEST_BID,"JPM,99395,212"
2019-06-28 10:36:30.000000000,BEST_ASK,"JPM,99522,212"
2019-06-28 10:36:30.000000000,BEST_BID,"JPM,99395,212"
2019-06-28 10:36:30.000000000,BEST_ASK,"JPM,99522,212"
2019-06-28 10:36:30.000000000,BEST_BID,"JPM,99395,212"
2019-06-28 10:36:30.000000000,BEST_ASK,"JPM,99522,212"
2019-06-28 10:36:40.000000000,QUERY_SPREAD,1
2019-06-28 10:36:40.000000000,BEST_BID,"JPM,99395,264"
2019-06-28 10:36:40.000000000,BEST_ASK,"JPM,99522,100"
2019-06-28 10:36:40.000000000,BEST_BID,"JPM,99395,264"
2019-06-28 10:36:40.000000000,BEST_ASK,"JPM,99522,100"
2019-06-28 10:36:40.000000000,BEST_BID,"JPM,99395,264"
2019-06-28 10:36:40.000000000,BEST_ASK,"JPM,99522,264"
2019-06-28 10:36:40.000000000,BEST_BID,"JPM,99395,264"
2019-06-28 10:36:40.000000000,BEST_ASK,"JPM,99522,264"
2019-06-28 10:36:48.698331389,QUERY_SPREAD,12
2019-06-28 10:36:48.698331389,BEST_BID,"JPM,99395,164"
2019-06-28 10:36:48.698331389,BEST_ASK,"JPM,99522,264"
2019-06-28 10:36:48.698331389,LAST_TRADE,"100,$99395.0000"
2019-06-28 10:36:50.000000000,QUERY_SPREAD,1
2019-06-28 10:36:50.000000000,BEST_BID,"JPM,99379,428"
2019-06-28 10:36:50.000000000,BEST_ASK,"JPM,99522,100"
2019-06-28 10:36:50.000000000,BEST_BID,"JPM,99379,428"
2019-06-28 10:36:50.000000000,BEST_ASK,"JPM,99522,428"
2019-06-28 10:36:50.152376560,QUERY_ORDER_STREAM,69
2019-06-28 10:36:50.152376560,QUERY_SPREAD,69
2019-06-28 10:36:52.391876760,QUERY_SPREAD,22
2019-06-28 10:36:52.391876760,BEST_BID,"JPM,99499,100"
2019-06-28 10:36:52.391876760,BEST_ASK,"JPM,99522,428"
2019-06-28 10:37:00.000000000,QUERY_SPREAD,1
2019-06-28 10:37:00.000000000,BEST_BID,"JPM,99499,428"
2019-06-28 10:37:00.000000000,BEST_ASK,"JPM,99522,100"
2019-06-28 10:37:00.000000000,BEST_BID,"JPM,99499,428"
2019-06-28 10:37:00.000000000,BEST_ASK,"JPM,99522,428"
2019-06-28 10:37:00.000000000,QUERY_SPREAD,77
2019-06-28 10:37:00.000000000,BEST_BID,"JPM,99499,424"
2019-06-28 10:37:00.000000000,BEST_ASK,"JPM,99522,428"
2019-06-28 10:37:00.000000000,LAST_TRADE,"4,$99499.0000"
2019-06-28 10:37:00.000000000,QUERY_SPREAD,78
2019-06-28 10:37:00.000000000,BEST_BID,"JPM,99499,416"
2019-06-28 10:37:00.000000000,BEST_ASK,"JPM,99522,428"
2019-06-28 10:37:00.000000000,LAST_TRADE,"8,$99499.0000"
2019-06-28 10:37:00.000000000,QUERY_SPREAD,79
2019-06-28 10:37:00.000000000,BEST_BID,"JPM,99499,415"
2019-06-28 10:37:00.000000000,BEST_ASK,"JPM,99522,428"
2019-06-28 10:37:00.000000000,LAST_TRADE,"1,$99499.0000"
2019-06-28 10:37:00.000000000,QUERY_SPREAD,80
2019-06-28 10:37:00.000000000,BEST_BID,"JPM,99499,410"
2019-06-28 10:37:00.000000000,BEST_ASK,"JPM,99522,428"
2019-06-28 10:37:00.000000000,LAST_TRADE,"5,$99499.0000"
2019-06-28 10:37:00.000000000,QUERY_SPREAD,81
2019-06-28 10:37:00.000000000,BEST_BID,"JPM,99499,405"
2019-06-28 10:37:00.000000000,BEST_ASK,"JPM,99522,428"
2019-06-28 10:37:00.000000000,LAST_TRADE,"5,$99499.0000"
2019-06-28 10:37:00.000000000,QUERY_SPREAD,82
2019-06-28 10:37:00.000000000,BEST_BID,"JPM,99499,399"
2019-06-28 10:37:00.000000000,BEST_ASK,"JPM,99522,428"
2019-06-28 10:37:00.000000000,LAST_TRADE,"6,$99499.0000"
2019-06-28 10:37:00.000000000,QUERY_SPREAD,83
2019-06-28 10:37:00.000000000,BEST_BID,"JPM,99499,395"
2019-06-28 10:37:00.000000000,BEST_ASK,"JPM,99522,428"
2019-06-28 10:37:00.000000000,LAST_TRADE,"4,$99499.0000"
2019-06-28 10:37:00.000000000,QUERY_SPREAD,84
2019-06-28 10:37:00.000000000,BEST_BID,"JPM,99499,390"
2019-06-28 10:37:00.000000000,BEST_ASK,"JPM,99522,428"
2019-06-28 10:37:00.000000000,LAST_TRADE,"5,$99499.0000"
2019-06-28 10:37:00.000000000,QUERY_SPREAD,85
2019-06-28 10:37:00.000000000,BEST_BID,"JPM,99499,385"
2019-06-28 10:37:00.000000000,BEST_ASK,"JPM,99522,428"
2019-06-28 10:37:00.000000000,LAST_TRADE,"5,$99499.0000"
2019-06-28 10:37:00.000000000,QUERY_SPREAD,86
2019-06-28 10:37:00.000000000,BEST_BID,"JPM,99499,376"
2019-06-28 10:37:00.000000000,BEST_ASK,"JPM,99522,428"
2019-06-28 10:37:00.000000000,LAST_TRADE,"9,$99499.0000"
2019-06-28 10:37:00.000000000,QUERY_SPREAD,87
2019-06-28 10:37:00.000000000,BEST_BID,"JPM,99499,374"
2019-06-28 10:37:00.000000000,BEST_ASK,"JPM,99522,428"
2019-06-28 10:37:00.000000000,LAST_TRADE,"2,$99499.0000"
2019-06-28 10:37:00.000000000,QUERY_SPREAD,88
2019-06-28 10:37:00.000000000,BEST_BID,"JPM,99499,366"
2019-06-28 10:37:00.000000000,BEST_ASK,"JPM,99522,428"
2019-06-28 10:37:00.000000000,LAST_TRADE,"8,$99499.0000"
2019-06-28 10:37:00.000000000,QUERY_SPREAD,89
2019-06-28 10:37:00.000000000,BEST_BID,"JPM,99499,359"
2019-06-28 10:37:00.000000000,BEST_ASK,"JPM,99522,428"
2019-06-28 10:37:00.000000000,LAST_TRADE,"7,$99499.0000"
2019-06-28 10:37:00.000000000,QUERY_SPREAD,90
2019-06-28 10:37:00.000000000,BEST_BID,"JPM,99499,353"
2019-06-28 10:37:00.000000000,BEST_ASK,"JPM,99522,428"
2019-06-28 10:37:00.000000000,LAST_TRADE,"6,$99499.0000"
2019-06-28 10:37:00.000000000,QUERY_SPREAD,91
2019-06-28 10:37:00.000000000,BEST_BID,"JPM,99499,348"
2019-06-28 10:37:00.000000000,BEST_ASK,"JPM,99522,428"
2019-06-28 10:37:00.000000000,LAST_TRADE,"5,$99499.0000"
2019-06-28 10:37:00.000000000,QUERY_SPREAD,92
2019-06-28 10:37:00.000000000,BEST_BID,"JPM,99499,347"
2019-06-28 10:37:00.000000000,BEST_ASK,"JPM,99522,428"
2019-06-28 10:37:00.000000000,LAST_TRADE,"1,$99499.0000"
2019-06-28 10:37:00.000000000,QUERY_SPREAD,93
2019-06-28 10:37:00.000000000,BEST_BID,"JPM,99499,345"
2019-06-28 10:37:00.000000000,BEST_ASK,"JPM,99522,428"
2019-06-28 10:37:00.000000000,LAST_TRADE,"2,$99499.0000"
2019-06-28 10:37:00.000000000,QUERY_SPREAD,94
2019-06-28 10:37:00.000000000,BEST_BID,"JPM,99499,343"
2019-06-28 10:37:00.000000000,BEST_ASK,"JPM,99522,428"
2019-06-28 10:37:00.000000000,LAST_TRADE,"2,$99499.0000"
2019-06-28 10:37:00.000000000,QUERY_SPREAD,95
2019-06-28 10:37:00.000000000,BEST_BID,"JPM,99499,336"
2019-06-28 10:37:00.000000000,BEST_ASK,"JPM,99522,428"
2019-06-28 10:37:00.000000000,LAST_TRADE,"7,$99499.0000"
2019-06-28 10:37:00.000000000,QUERY_SPREAD,96
2019-06-28 10:37:00.000000000,BEST_BID,"JPM,99499,329"
2019-06-28 10:37:00.000000000,BEST_ASK,"JPM,99522,428"
2019-06-28 10:37:00.000000000,LAST_TRADE,"7,$99499.0000"
2019-06-28 10:37:00.000000000,QUERY_SPREAD,97
2019-06-28 10:37:00.000000000,BEST_BID,"JPM,99499,323"
2019-06-28 10:37:00.000000000,BEST_ASK,"JPM,99522,428"
2019-06-28 10:37:00.000000000,LAST_TRADE,"6,$99499.0000"
2019-06-28 10:37:00.000000000,QUERY_SPREAD,98
2019-06-28 10:37:00.000000000,BEST_BID,"JPM,99499,319"
2019-06-28 10:37:00.000000000,BEST_ASK,"JPM,99522,428"
2019-06-28 10:37:00.000000000,LAST_TRADE,"4,$99499.0000"
2019-06-28 10:37:00.000000000,QUERY_SPREAD,99
2019-06-28 10:37:00.000000000,BEST_BID,"JPM,99499,317"
2019-06-28 10:37:00.000000000,BEST_ASK,"JPM,99522,428"
2019-06-28 10:37:00.000000000,LAST_TRADE,"2,$99499.0000"
2019-06-28 10:37:00.000000000,QUERY_SPREAD,100
2019-06-28 10:37:00.000000000,BEST_BID,"JPM,99499,311"
2019-06-28 10:37:00.000000000,BEST_ASK,"JPM,99522,428"
2019-06-28 10:37:00.000000000,LAST_TRADE,"6,$99499.0000"
2019-06-28 10:37:00.000000000,QUERY_SPREAD,101
2019-06-28 10:37:00.000000000,QUERY_ORDER_STREAM,101
2019-06-28 10:37:10.000000000,QUERY_SPREAD,1
2019-06-28 10:37:10.000000000,BEST_BID,"JPM,99379,166"
2019-06-28 10:37:10.000000000,BEST_ASK,"JPM,99522,100"
2019-06-28 10:37:10.000000000,BEST_BID,"JPM,99379,166"
2019-06-28 10:37:10.000000000,BEST_ASK,"JPM,99522,100"
2019-06-28 10:37:10.000000000,BEST_BID,"JPM,99379,166"
2019-06-28 10:37:10.000000000,BEST_ASK,"JPM,99522,100"
2019-06-28 10:37:10.000000000,BEST_BID,"JPM,99379,166"
2019-06-28 10:37:10.000000000,BEST_ASK,"JPM,99522,100"
2019-06-28 10:37:10.000000000,BEST_BID,"JPM,99379,166"
2019-06-28 10:37:10.000000000,BEST_ASK,"JPM,99522,100"
2019-06-28 10:37:10.000000000,BEST_BID,"JPM,99379,166"
2019-06-28 10:37:10.000000000,BEST_ASK,"JPM,99522,166"
2019-06-28 10:37:10.000000000,BEST_BID,"JPM,99379,166"
2019-06-28 10:37:10.000000000,BEST_ASK,"JPM,99522,166"
2019-06-28 10:37:10.000000000,BEST_BID,"JPM,99379,166"
2019-06-28 10:37:10.000000000,BEST_ASK,"JPM,99522,166"
2019-06-28 10:37:10.000000000,BEST_BID,"JPM,99379,166"
2019-06-28 10:37:10.000000000,BEST_ASK,"JPM,99522,166"
2019-06-28 10:37:10.000000000,BEST_BID,"JPM,99379,166"
2019-06-28 10:37:10.000000000,BEST_ASK,"JPM,99522,166"
2019-06-28 10:37:20.000000000,QUERY_SPREAD,1
2019-06-28 10:37:20.000000000,BEST_BID,"JPM,99379,182"
2019-06-28 10:37:20.000000000,BEST_ASK,"JPM,99522,100"
2019-06-28 10:37:20.000000000,BEST_BID,"JPM,99379,182"
2019-06-28 10:37:20.000000000,BEST_ASK,"JPM,99522,100"
2019-06-28 10:37:20.000000000,BEST_BID,"JPM,99379,182"
2019-06-28 10:37:20.000000000,BEST_ASK,"JPM,99522,100"
2019-06-28 10:37:20.000000000,BEST_BID,"JPM,99379,182"
2019-06-28 10:37:20.000000000,BEST_ASK,"JPM,99522,100"
2019-06-28 10:37:20.000000000,BEST_BID,"JPM,99379,182"
2019-06-28 10:37:20.000000000,BEST_ASK,"JPM,99522,182"
2019-06-28 10:37:20.000000000,BEST_BID,"JPM,99379,182"
2019-06-28 10:37:20.000000000,BEST_ASK,"JPM,99522,182"
2019-06-28 10:37:20.000000000,BEST_BID,"JPM,99379,182"
2019-06-28 10:37:20.000000000,BEST_ASK,"JPM,99522,182"
2019-06-28 10:37:20.000000000,BEST_BID,"JPM,99379,182"
2019-06-28 10:37:20.000000000,BEST_ASK,"JPM,99522,182"
2019-06-28 10:37:30.000000000,QUERY_SPREAD,1
2019-06-28 10:37:30.000000000,BEST_BID,"JPM,99379,166"
2019-06-28 10:37:30.000000000,BEST_ASK,"JPM,99522,100"
2019-06-28 10:37:30.000000000,BEST_BID,"JPM,99379,166"
2019-06-28 10:37:30.000000000,BEST_ASK,"JPM,99522,100"
2019-06-28 10:37:30.000000000,BEST_BID,"JPM,99379,166"
2019-06-28 10:37:30.000000000,BEST_ASK,"JPM,99522,100"
2019-06-28 10:37:30.000000000,BEST_BID,"JPM,99379,166"
2019-06-28 10:37:30.000000000,BEST_ASK,"JPM,99522,100"
2019-06-28 10:37:30.000000000,BEST_BID,"JPM,99379,166"
2019-06-28 10:37:30.000000000,BEST_ASK,"JPM,99522,100"
2019-06-28 10:37:30.000000000,BEST_BID,"JPM,99379,166"
2019-06-28 10:37:30.000000000,BEST_ASK,"JPM,99522,166"
2019-06-28 10:37:30.000000000,BEST_BID,"JPM,99379,166"
2019-06-28 10:37:30.000000000,BEST_ASK,"JPM,99522,166"
2019-06-28 10:37:30.000000000,BEST_BID,"JPM,99379,166"
2019-06-28 10:37:30.000000000,BEST_ASK,"JPM,99522,166"
2019-06-28 10:37:30.000000000,BEST_BID,"JPM,99379,166"
2019-06-28 10:37:30.000000000,BEST_ASK,"JPM,99522,166"
2019-06-28 10:37:30.000000000,BEST_BID,"JPM,99379,166"
2019-06-28 10:37:30.000000000,BEST_ASK,"JPM,99522,166"
2019-06-28 10:37:36.928831145,QUERY_SPREAD,47
2019-06-28 10:37:36.928831145,BEST_BID,"JPM,99379,166"
2019-06-28 10:37:36.928831145,BEST_ASK,"JPM,99522,66"
2019-06-28 10:37:36.928831145,LAST_TRADE,"100,$99522.0000"
2019-06-28 10:37:40.000000000,QUERY_SPREAD,1
2019-06-28 10:37:40.000000000,BEST_BID,"JPM,99379,166"
2019-06-28 10:37:40.000000000,BEST_ASK,"JPM,99545,100"
2019-06-28 10:37:40.000000000,BEST_BID,"JPM,99379,166"
2019-06-28 10:37:40.000000000,BEST_ASK,"JPM,99545,100"
2019-06-28 10:37:40.000000000,BEST_BID,"JPM,99379,166"
2019-06-28 10:37:40.000000000,BEST_ASK,"JPM,99545,100"
2019-06-28 10:37:40.000000000,BEST_BID,"JPM,99379,166"
2019-06-28 10:37:40.000000000,BEST_ASK,"JPM,99545,100"
2019-06-28 10:37:40.000000000,BEST_BID,"JPM,99379,166"
2019-06-28 10:37:40.000000000,BEST_ASK,"JPM,99545,100"
2019-06-28 10:37:40.000000000,BEST_BID,"JPM,99379,166"
2019-06-28 10:37:40.000000000,BEST_ASK,"JPM,99545,166"
2019-06-28 10:37:40.000000000,BEST_BID,"JPM,99379,166"
2019-06-28 10:37:40.000000000,BEST_ASK,"JPM,99545,166"
2019-06-28 10:37:40.000000000,BEST_BID,"JPM,99379,166"
2019-06-28 10:37:40.000000000,BEST_ASK,"JPM,99545,166"
2019-06-28 10:37:40.000000000,BEST_BID,"JPM,99379,166"
2019-06-28 10:37:40.000000000,BEST_ASK,"JPM,99545,166"
2019-06-28 10:37:40.000000000,BEST_BID,"JPM,99379,166"
2019-06-28 10:37:40.000000000,BEST_ASK,"JPM,99545,166"
2019-06-28 10:37:47.895988133,QUERY_SPREAD,39
2019-06-28 10:37:47.895988133,BEST_BID,"JPM,99379,166"
2019-06-28 10:37:47.895988133,BEST_ASK,"JPM,99545,66"
2019-06-28 10:37:47.895988133,LAST_TRADE,"100,$99545.0000"
2019-06-28 10:37:50.000000000,QUERY_SPREAD,1
2019-06-28 10:37:50.000000000,BEST_BID,"JPM,99379,264"
2019-06-28 10:37:50.000000000,BEST_ASK,"JPM,99596,100"
2019-06-28 10:37:50.000000000,BEST_BID,"JPM,99379,264"
2019-06-28 10:37:50.000000000,BEST_ASK,"JPM,99596,100"
2019-06-28 10:37:50.000000000,BEST_BID,"JPM,99379,264"
2019-06-28 10:37:50.000000000,BEST_ASK,"JPM,99596,264"
2019-06-28 10:37:50.000000000,BEST_BID,"JPM,99379,264"
2019-06-28 10:37:50.000000000,BEST_ASK,"JPM,99596,264"
2019-06-28 10:37:57.025278442,QUERY_SPREAD,40
2019-06-28 10:37:57.025278442,BEST_BID,"JPM,99379,264"
2019-06-28 10:37:57.025278442,BEST_ASK,"JPM,99596,164"
2019-06-28 10:37:57.025278442,LAST_TRADE,"100,$99596.0000"
2019-06-28 10:38:00.000000000,QUERY_SPREAD,1
2019-06-28 10:38:00.000000000,BEST_BID,"JPM,99379,166"
2019-06-28 10:38:00.000000000,BEST_ASK,"JPM,99692,100"
2019-06-28 10:38:00.000000000,BEST_BID,"JPM,99379,166"
2019-06-28 10:38:00.000000000,BEST_ASK,"JPM,99692,100"
2019-06-28 10:38:00.000000000,BEST_BID,"JPM,99379,166"
2019-06-28 10:38:00.000000000,BEST_ASK,"JPM,99692,100"
2019-06-28 10:38:00.000000000,BEST_BID,"JPM,99379,166"
2019-06-28 10:38:00.000000000,BEST_ASK,"JPM,99692,100"
2019-06-28 10:38:00.000000000,BEST_BID,"JPM,99379,166"
2019-06-28 10:38:00.000000000,BEST_ASK,"JPM,99692,100"
2019-06-28 10:38:00.000000000,BEST_BID,"JPM,99379,166"
2019-06-28 10:38:00.000000000,BEST_ASK,"JPM,99692,166"
2019-06-28 10:38:00.000000000,BEST_BID,"JPM,99379,166"
2019-06-28 10:38:00.000000000,BEST_ASK,"JPM,99692,166"
2019-06-28 10:38:00.000000000,BEST_BID,"JPM,99379,166"
2019-06-28 10:38:00.000000000,BEST_ASK,"JPM,99692,166"
2019-06-28 10:38:00.000000000,BEST_BID,"JPM,99379,166"
2019-06-28 10:38:00.000000000,BEST_ASK,"JPM,99692,166"
2019-06-28 10:38:00.000000000,BEST_BID,"JPM,99379,166"
2019-06-28 10:38:00.000000000,BEST_ASK,"JPM,99692,166"
2019-06-28 10:38:00.000000000,QUERY_SPREAD,77
2019-06-28 10:38:00.000000000,BEST_BID,"JPM,99379,162"
2019-06-28 10:38:00.000000000,BEST_ASK,"JPM,99692,166"
2019-06-28 10:38:00.000000000,LAST_TRADE,"4,$99379.0000"
2019-06-28 10:38:00.000000000,QUERY_SPREAD,78
2019-06-28 10:38:00.000000000,BEST_BID,"JPM,99379,154"
2019-06-28 10:38:00.000000000,BEST_ASK,"JPM,99692,166"
2019-06-28 10:38:00.000000000,LAST_TRADE,"8,$99379.0000"
2019-06-28 10:38:00.000000000,QUERY_SPREAD,79
2019-06-28 10:38:00.000000000,BEST_BID,"JPM,99379,153"
2019-06-28 10:38:00.000000000,BEST_ASK,"JPM,99692,166"
2019-06-28 10:38:00.000000000,LAST_TRADE,"1,$99379.0000"
2019-06-28 10:38:00.000000000,QUERY_SPREAD,80
2019-06-28 10:38:00.000000000,BEST_BID,"JPM,99379,148"
2019-06-28 10:38:00.000000000,BEST_ASK,"JPM,99692,166"
2019-06-28 10:38:00.000000000,LAST_TRADE,"5,$99379.0000"
2019-06-28 10:38:00.000000000,QUERY_SPREAD,81
2019-06-28 10:38:00.000000000,BEST_BID,"JPM,99379,143"
2019-06-28 10:38:00.000000000,BEST_ASK,"JPM,99692,166"
2019-06-28 10:38:00.000000000,LAST_TRADE,"5,$99379.0000"
2019-06-28 10:38:00.000000000,QUERY_SPREAD,82
2019-06-28 10:38:00.000000000,BEST_BID,"JPM,99379,137"
2019-06-28 10:38:00.000000000,BEST_ASK,"JPM,99692,166"
2019-06-28 10:38:00.000000000,LAST_TRADE,"6,$99379.0000"
2019-06-28 10:38:00.000000000,QUERY_SPREAD,83
2019-06-28 10:38:00.000000000,BEST_BID,"JPM,99379,133"
2019-06-28 10:38:00.000000000,BEST_ASK,"JPM,99692,166"
2019-06-28 10:38:00.000000000,LAST_TRADE,"4,$99379.0000"
2019-06-28 10:38:00.000000000,QUERY_SPREAD,84
2019-06-28 10:38:00.000000000,BEST_BID,"JPM,99379,128"
2019-06-28 10:38:00.000000000,BEST_ASK,"JPM,99692,166"
2019-06-28 10:38:00.000000000,LAST_TRADE,"5,$99379.0000"
2019-06-28 10:38:00.000000000,QUERY_SPREAD,85
2019-06-28 10:38:00.000000000,BEST_BID,"JPM,99379,123"
2019-06-28 10:38:00.000000000,BEST_ASK,"JPM,99692,166"
2019-06-28 10:38:00.000000000,LAST_TRADE,"5,$99379.0000"
2019-06-28 10:38:00.000000000,QUERY_SPREAD,86
2019-06-28 10:38:00.000000000,BEST_BID,"JPM,99379,114"
2019-06-28 10:38:00.000000000,BEST_ASK,"JPM,99692,166"
2019-06-28 10:38:00.000000000,LAST_TRADE,"9,$99379.0000"
2019-06-28 10:38:00.000000000,QUERY_SPREAD,87
2019-06-28 10:38:00.000000000,BEST_BID,"JPM,99379,112"
2019-06-28 10:38:00.000000000,BEST_ASK,"JPM,99692,166"
2019-06-28 10:38:00.000000000,LAST_TRADE,"2,$99379.0000"
2019-06-28 10:38:00.000000000,QUERY_SPREAD,88
2019-06-28 10:38:00.000000000,BEST_BID,"JPM,99379,104"
2019-06-28 10:38:00.000000000,BEST_ASK,"JPM,99692,166"
2019-06-28 10:38:00.000000000,LAST_TRADE,"8,$99379.0000"
2019-06-28 10:38:00.000000000,QUERY_SPREAD,89
2019-06-28 10:38:00.000000000,BEST_BID,"JPM,99379,97"
2019-06-28 10:38:00.000000000,BEST_ASK,"JPM,99692,166"
2019-06-28 10:38:00.000000000,LAST_TRADE,"7,$99379.0000"
2019-06-28 10:38:00.000000000,QUERY_SPREAD,90
2019-06-28 10:38:00.000000000,BEST_BID,"JPM,99379,91"
2019-06-28 10:38:00.000000000,BEST_ASK,"JPM,99692,166"
2019-06-28 10:38:00.000000000,LAST_TRADE,"6,$99379.0000"
2019-06-28 10:38:00.000000000,QUERY_SPREAD,91
2019-06-28 10:38:00.000000000,BEST_BID,"JPM,99379,86"
2019-06-28 10:38:00.000000000,BEST_ASK,"JPM,99692,166"
2019-06-28 10:38:00.000000000,LAST_TRADE,"5,$99379.0000"
2019-06-28 10:38:00.000000000,QUERY_SPREAD,92
2019-06-28 10:38:00.000000000,BEST_BID,"JPM,99379,85"
2019-06-28 10:38:00.000000000,BEST_ASK,"JPM,99692,166"
2019-06-28 10:38:00.000000000,LAST_TRADE,"1,$99379.0000"
2019-06-28 10:38:00.000000000,QUERY_SPREAD,93
2019-06-28 10:38:00.000000000,BEST_BID,"JPM,99379,83"
2019-06-28 10:38:00.000000000,BEST_ASK,"JPM,99692,166"
2019-06-28 10:38:00.000000000,LAST_TRADE,"2,$99379.0000"
2019-06-28 10:38:00.000000000,QUERY_SPREAD,94
2019-06-28 10:38:00.000000000,BEST_BID,"JPM,99379,81"
2019-06-28 10:38:00.000000000,BEST_ASK,"JPM,99692,166"
2019-06-28 10:38:00.000000000,LAST_TRADE,"2,$99379.0000"
2019-06-28 10:38:00.000000000,QUERY_SPREAD,95
2019-06-28 10:38:00.000000000,BEST_BID,"JPM,99379,74"
2019-06-28 10:38:00.000000000,BEST_ASK,"JPM,99692,166"
2019-06-28 10:38:00.000000000,LAST_TRADE,"7,$99379.0000"
2019-06-28 10:38:00.000000000,QUERY_SPREAD,96
2019-06-28 10:38:00.000000000,BEST_BID,"JPM,99379,67"
2019-06-28 10:38:00.000000000,BEST_ASK,"JPM,99692,166"
2019-06-28 10:38:00.000000000,LAST_TRADE,"7,$99379.0000"
2019-06-28 10:38:00.000000000,QUERY_SPREAD,97
2019-06-28 10:38:00.000000000,BEST_BID,"JPM,99379,61"
2019-06-28 10:38:00.000000000,BEST_ASK,"JPM,99692,166"
2019-06-28 10:38:00.000000000,LAST_TRADE,"6,$99379.0000"
2019-06-28 10:38:00.000000000,QUERY_SPREAD,98
2019-06-28 10:38:00.000000000,BEST_BID,"JPM,99379,57"
2019-06-28 10:38:00.000000000,BEST_ASK,"JPM,99692,166"
2019-06-28 10:38:00.000000000,LAST_TRADE,"4,$99379.0000"
2019-06-28 10:38:00.000000000,QUERY_SPREAD,99
2019-06-28 10:38:00.000000000,BEST_BID,"JPM,99379,55"
2019-06-28 10:38:00.000000000,BEST_ASK,"JPM,99692,166"
2019-06-28 10:38:00.000000000,LAST_TRADE,"2,$99379.0000"
2019-06-28 10:38:00.000000000,QUERY_SPREAD,100
2019-06-28 10:38:00.000000000,BEST_BID,"JPM,99379,49"
2019-06-28 10:38:00.000000000,BEST_ASK,"JPM,99692,166"
2019-06-28 10:38:00.000000000,LAST_TRADE,"6,$99379.0000"
2019-06-28 10:38:00.000000000,QUERY_SPREAD,101
2019-06-28 10:38:00.000000000,QUERY_ORDER_STREAM,101
2019-06-28 10:38:10.000000000,QUERY_SPREAD,1
2019-06-28 10:38:10.000000000,BEST_BID,"JPM,99376,212"
2019-06-28 10:38:10.000000000,BEST_ASK,"JPM,99692,100"
2019-06-28 10:38:10.000000000,BEST_BID,"JPM,99376,212"
2019-06-28 10:38:10.000000000,BEST_ASK,"JPM,99692,100"
2019-06-28 10:38:10.000000000,BEST_BID,"JPM,99376,212"
2019-06-28 10:38:10.000000000,BEST_ASK,"JPM,99692,100"
2019-06-28 10:38:10.000000000,BEST_BID,"JPM,99376,212"
2019-06-28 10:38:10.000000000,BEST_ASK,"JPM,99692,212"
2019-06-28 10:38:10.000000000,BEST_BID,"JPM,99376,212"
2019-06-28 10:38:10.000000000,BEST_ASK,"JPM,99692,212"
2019-06-28 10:38:10.000000000,BEST_BID,"JPM,99376,212"
2019-06-28 10:38:10.000000000,BEST_ASK,"JPM,99692,212"
2019-06-28 10:38:20.000000000,QUERY_SPREAD,1
2019-06-28 10:38:20.000000000,BEST_BID,"JPM,99376,182"
2019-06-28 10:38:20.000000000,BEST_ASK,"JPM,99692,100"
2019-06-28 10:38:20.000000000,BEST_BID,"JPM,99376,182"
2019-06-28 10:38:20.000000000,BEST_ASK,"JPM,99692,100"
2019-06-28 10:38:20.000000000,BEST_BID,"JPM,99376,182"
2019-06-28 10:38:20.000000000,BEST_ASK,"JPM,99692,100"
2019-06-28 10:38:20.000000000,BEST_BID,"JPM,99376,182"
2019-06-28 10:38:20.000000000,BEST_ASK,"JPM,99692,100"
2019-06-28 10:38:20.000000000,BEST_BID,"JPM,99376,182"
2019-06-28 10:38:20.000000000,BEST_ASK,"JPM,99692,182"
2019-06-28 10:38:20.000000000,BEST_BID,"JPM,99376,182"
2019-06-28 10:38:20.000000000,BEST_ASK,"JPM,99692,182"
2019-06-28 10:38:20.000000000,BEST_BID,"JPM,99376,182"
2019-06-28 10:38:20.000000000,BEST_ASK,"JPM,99692,182"
2019-06-28 10:38:20.000000000,BEST_BID,"JPM,99376,182"
2019-06-28 10:38:20.000000000,BEST_ASK,"JPM,99692,182"
2019-06-28 10:38:30.000000000,QUERY_SPREAD,1
2019-06-28 10:38:30.000000000,BEST_BID,"JPM,99376,428"
2019-06-28 10:38:30.000000000,BEST_ASK,"JPM,99692,100"
2019-06-28 10:38:30.000000000,BEST_BID,"JPM,99376,428"
2019-06-28 10:38:30.000000000,BEST_ASK,"JPM,99692,428"
2019-06-28 10:38:40.000000000,QUERY_SPREAD,1
2019-06-28 10:38:40.000000000,BEST_BID,"JPM,99376,166"
2019-06-28 10:38:40.000000000,BEST_ASK,"JPM,99692,100"
2019-06-28 10:38:40.000000000,BEST_BID,"JPM,99376,166"
2019-06-28 10:38:40.000000000,BEST_ASK,"JPM,99692,100"
2019-06-28 10:38:40.000000000,BEST_BID,"JPM,99376,166"
2019-06-28 10:38:40.000000000,BEST_ASK,"JPM,99692,100"
2019-06-28 10:38:40.000000000,BEST_BID,"JPM,99376,166"
2019-06-28 10:38:40.000000000,BEST_ASK,"JPM,99692,100"
2019-06-28 10:38:40.000000000,BEST_BID,"JPM,99376,166"
2019-06-28 10:38:40.000000000,BEST_ASK,"JPM,99692,166"
2019-06-28 10:38:40.000000000,BEST_BID,"JPM,99376,166"
2019-06-28 10:38:40.000000000,BEST_ASK,"JPM,99692,166"
2019-06-28 10:38:40.000000000,BEST_BID,"JPM,99376,166"
2019-06-28 10:38:40.000000000,BEST_ASK,"JPM,99692,166"
2019-06-28 10:38:40.000000000,BEST_BID,"JPM,99376,166"
2019-06-28 10:38:40.000000000,BEST_ASK,"JPM,99692,166"
2019-06-28 10:38:40.000000000,BEST_BID,"JPM,99376,166"
2019-06-28 10:38:40.000000000,BEST_ASK,"JPM,99692,166"
2019-06-28 10:38:44.743032755,QUERY_ORDER_STREAM,63
2019-06-28 10:38:44.743032755,QUERY_SPREAD,63
2019-06-28 10:38:49.772040845,QUERY_SPREAD,36
2019-06-28 10:38:49.772040845,BEST_BID,"JPM,99376,166"
2019-06-28 10:38:49.772040845,BEST_ASK,"JPM,99692,166"
2019-06-28 10:38:50.000000000,QUERY_SPREAD,1
2019-06-28 10:38:50.000000000,BEST_BID,"JPM,99376,182"
2019-06-28 10:38:50.000000000,BEST_ASK,"JPM,99692,100"
2019-06-28 10:38:50.000000000,BEST_BID,"JPM,99376,182"
2019-06-28 10:38:50.000000000,BEST_ASK,"JPM,99692,100"
2019-06-28 10:38:50.000000000,BEST_BID,"JPM,99376,182"
2019-06-28 10:38:50.000000000,BEST_ASK,"JPM,99692,100"
2019-06-28 10:38:50.000000000,BEST_BID,"JPM,99376,182"
2019-06-28 10:38:50.000000000,BEST_ASK,"JPM,99692,100"
2019-06-28 10:38:50.000000000,BEST_BID,"JPM,99376,182"
2019-06-28 10:38:50.000000000,BEST_ASK,"JPM,99692,182"
2019-06-28 10:38:50.000000000,BEST_BID,"JPM,99376,182"
2019-06-28 10:38:50.000000000,BEST_ASK,"JPM,99692,182"
2019-06-28 10:38:50.000000000,BEST_BID,"JPM,99376,182"
2019-06-28 10:38:50.000000000,BEST_ASK,"JPM,99692,182"
2019-06-28 10:38:50.000000000,BEST_BID,"JPM,99376,182"
2019-06-28 10:38:50.000000000,BEST_ASK,"JPM,99692,182"
2019-06-28 10:38:50.789789513,QUERY_ORDER_STREAM,70
2019-06-28 10:38:50.789789513,QUERY_SPREAD,70
2019-06-28 10:38:53.108308223,QUERY_ORDER_STREAM,56
2019-06-28 10:38:53.108308223,QUERY_SPREAD,56
2019-06-28 10:38:53.108308223,BEST_BID,"JPM,99379,100"
2019-06-28 10:38:53.108308223,BEST_ASK,"JPM,99692,182"
2019-06-28 10:39:00.000000000,QUERY_SPREAD,1
2019-06-28 10:39:00.000000000,BEST_BID,"JPM,99379,428"
2019-06-28 10:39:00.000000000,BEST_ASK,"JPM,99692,100"
2019-06-28 10:39:00.000000000,BEST_BID,"JPM,99379,428"
2019-06-28 10:39:00.000000000,BEST_ASK,"JPM,99692,428"
2019-06-28 10:39:00.000000000,QUERY_SPREAD,77
2019-06-28 10:39:00.000000000,BEST_BID,"JPM,99379,424"
2019-06-28 10:39:00.000000000,BEST_ASK,"JPM,99692,428"
2019-06-28 10:39:00.000000000,LAST_TRADE,"4,$99379.0000"
2019-06-28 10:39:00.000000000,QUERY_SPREAD,78
2019-06-28 10:39:00.000000000,BEST_BID,"JPM,99379,416"
2019-06-28 10:39:00.000000000,BEST_ASK,"JPM,99692,428"
2019-06-28 10:39:00.000000000,LAST_TRADE,"8,$99379.0000"
2019-06-28 10:39:00.000000000,QUERY_SPREAD,79
2019-06-28 10:39:00.000000000,BEST_BID,"JPM,99379,415"
2019-06-28 10:39:00.000000000,BEST_ASK,"JPM,99692,428"
2019-06-28 10:39:00.000000000,LAST_TRADE,"1,$99379.0000"
2019-06-28 10:39:00.000000000,QUERY_SPREAD,80
2019-06-28 10:39:00.000000000,BEST_BID,"JPM,99379,410"
2019-06-28 10:39:00.000000000,BEST_ASK,"JPM,99692,428"
2019-06-28 10:39:00.000000000,LAST_TRADE,"5,$99379.0000"
2019-06-28 10:39:00.000000000,QUERY_SPREAD,81
2019-06-28 10:39:00.000000000,BEST_BID,"JPM,99379,405"
2019-06-28 10:39:00.000000000,BEST_ASK,"JPM,99692,428"
2019-06-28 10:39:00.000000000,LAST_TRADE,"5,$99379.0000"
2019-06-28 10:39:00.000000000,QUERY_SPREAD,82
2019-06-28 10:39:00.000000000,BEST_BID,"JPM,99379,399"
2019-06-28 10:39:00.000000000,BEST_ASK,"JPM,99692,428"
2019-06-28 10:39:00.000000000,LAST_TRADE,"6,$99379.0000"
2019-06-28 10:39:00.000000000,QUERY_SPREAD,83
2019-06-28 10:39:00.000000000,BEST_BID,"JPM,99379,395"
2019-06-28 10:39:00.000000000,BEST_ASK,"JPM,99692,428"
2019-06-28 10:39:00.000000000,LAST_TRADE,"4,$99379.0000"
2019-06-28 10:39:00.000000000,QUERY_SPREAD,84
2019-06-28 10:39:00.000000000,BEST_BID,"JPM,99379,390"
2019-06-28 10:39:00.000000000,BEST_ASK,"JPM,99692,428"
2019-06-28 10:39:00.000000000,LAST_TRADE,"5,$99379.0000"
2019-06-28 10:39:00.000000000,QUERY_SPREAD,85
2019-06-28 10:39:00.000000000,BEST_BID,"JPM,99379,385"
2019-06-28 10:39:00.000000000,BEST_ASK,"JPM,99692,428"
2019-06-28 10:39:00.000000000,LAST_TRADE,"5,$99379.0000"
2019-06-28 10:39:00.000000000,QUERY_SPREAD,86
2019-06-28 10:39:00.000000000,BEST_BID,"JPM,99379,376"
2019-06-28 10:39:00.000000000,BEST_ASK,"JPM,99692,428"
2019-06-28 10:39:00.000000000,LAST_TRADE,"9,$99379.0000"
2019-06-28 10:39:00.000000000,QUERY_SPREAD,87
2019-06-28 10:39:00.000000000,BEST_BID,"JPM,99379,374"
2019-06-28 10:39:00.000000000,BEST_ASK,"JPM,99692,428"
2019-06-28 10:39:00.000000000,LAST_TRADE,"2,$99379.0000"
2019-06-28 10:39:00.000000000,QUERY_SPREAD,88
2019-06-28 10:39:00.000000000,BEST_BID,"JPM,99379,366"
2019-06-28 10:39:00.000000000,BEST_ASK,"JPM,99692,428"
2019-06-28 10:39:00.000000000,LAST_TRADE,"8,$99379.0000"
2019-06-28 10:39:00.000000000,QUERY_SPREAD,89
2019-06-28 10:39:00.000000000,BEST_BID,"JPM,99379,359"
2019-06-28 10:39:00.000000000,BEST_ASK,"JPM,99692,428"
2019-06-28 10:39:00.000000000,LAST_TRADE,"7,$99379.0000"
2019-06-28 10:39:00.000000000,QUERY_SPREAD,90
2019-06-28 10:39:00.000000000,BEST_BID,"JPM,99379,353"
2019-06-28 10:39:00.000000000,BEST_ASK,"JPM,99692,428"
2019-06-28 10:39:00.000000000,LAST_TRADE,"6,$99379.0000"
2019-06-28 10:39:00.000000000,QUERY_SPREAD,91
2019-06-28 10:39:00.000000000,BEST_BID,"JPM,99379,348"
2019-06-28 10:39:00.000000000,BEST_ASK,"JPM,99692,428"
2019-06-28 10:39:00.000000000,LAST_TRADE,"5,$99379.0000"
2019-06-28 10:39:00.000000000,QUERY_SPREAD,92
2019-06-28 10:39:00.000000000,BEST_BID,"JPM,99379,347"
2019-06-28 10:39:00.000000000,BEST_ASK,"JPM,99692,428"
2019-06-28 10:39:00.000000000,LAST_TRADE,"1,$99379.0000"
2019-06-28 10:39:00.000000000,QUERY_SPREAD,93
2019-06-28 10:39:00.000000000,BEST_BID,"JPM,99379,345"
2019-06-28 10:39:00.000000000,BEST_ASK,"JPM,99692,428"
2019-06-28 10:39:00.000000000,LAST_TRADE,"2,$99379.0000"
2019-06-28 10:39:00.000000000,QUERY_SPREAD,94
2019-06-28 10:39:00.000000000,BEST_BID,"JPM,99379,343"
2019-06-28 10:39:00.000000000,BEST_ASK,"JPM,99692,428"
2019-06-28 10:39:00.000000000,LAST_TRADE,"2,$99379.0000"
2019-06-28 10:39:00.000000000,QUERY_SPREAD,95
2019-06-28 10:39:00.000000000,BEST_BID,"JPM,99379,336"
2019-06-28 10:39:00.000000000,BEST_ASK,"JPM,99692,428"
2019-06-28 10:39:00.000000000,LAST_TRADE,"7,$99379.0000"
2019-06-28 10:39:00.000000000,QUERY_SPREAD,96
2019-06-28 10:39:00.000000000,BEST_BID,"JPM,99379,329"
2019-06-28 10:39:00.000000000,BEST_ASK,"JPM,99692,428"
2019-06-28 10:39:00.000000000,LAST_TRADE,"7,$99379.0000"
2019-06-28 10:39:00.000000000,QUERY_SPREAD,97
2019-06-28 10:39:00.000000000,BEST_BID,"JPM,99379,323"
2019-06-28 10:39:00.000000000,BEST_ASK,"JPM,99692,428"
2019-06-28 10:39:00.000000000,LAST_TRADE,"6,$99379.0000"
2019-06-28 10:39:00.000000000,QUERY_SPREAD,98
2019-06-28 10:39:00.000000000,BEST_BID,"JPM,99379,319"
2019-06-28 10:39:00.000000000,BEST_ASK,"JPM,99692,428"
2019-06-28 10:39:00.000000000,LAST_TRADE,"4,$99379.0000"
2019-06-28 10:39:00.000000000,QUERY_SPREAD,99
2019-06-28 10:39:00.000000000,BEST_BID,"JPM,99379,317"
2019-06-28 10:39:00.000000000,BEST_ASK,"JPM,99692,428"
2019-06-28 10:39:00.000000000,LAST_TRADE,"2,$99379.0000"
2019-06-28 10:39:00.000000000,QUERY_SPREAD,100
2019-06-28 10:39:00.000000000,BEST_BID,"JPM,99379,311"
2019-06-28 10:39:00.000000000,BEST_ASK,"JPM,99692,428"
2019-06-28 10:39:00.000000000,LAST_TRADE,"6,$99379.0000"
2019-06-28 10:39:00.000000000,QUERY_SPREAD,101
2019-06-28 10:39:00.000000000,QUERY_ORDER_STREAM,101
2019-06-28 10:39:02.967211349,QUERY_ORDER_STREAM,66
2019-06-28 10:39:02.967211349,QUERY_SPREAD,66
2019-06-28 10:39:02.967211349,BEST_BID,"JPM,99379,411"
2019-06-28 10:39:02.967211349,BEST_ASK,"JPM,99692,428"
2019-06-28 10:39:10.000000000,QUERY_SPREAD,1
2019-06-28 10:39:10.000000000,BEST_BID,"JPM,99379,212"
2019-06-28 10:39:10.000000000,BEST_ASK,"JPM,99692,100"
2019-06-28 10:39:10.000000000,BEST_BID,"JPM,99379,212"
2019-06-28 10:39:10.000000000,BEST_ASK,"JPM,99692,100"
2019-06-28 10:39:10.000000000,BEST_BID,"JPM,99379,212"
2019-06-28 10:39:10.000000000,BEST_ASK,"JPM,99692,100"
2019-06-28 10:39:10.000000000,BEST_BID,"JPM,99379,212"
2019-06-28 10:39:10.000000000,BEST_ASK,"JPM,99692,212"
2019-06-28 10:39:10.000000000,BEST_BID,"JPM,99379,212"
2019-06-28 10:39:10.000000000,BEST_ASK,"JPM,99692,212"
2019-06-28 10:39:10.000000000,BEST_BID,"JPM,99379,212"
2019-06-28 10:39:10.000000000,BEST_ASK,"JPM,99692,212"
2019-06-28 10:39:15.092742699,QUERY_ORDER_STREAM,58
2019-06-28 10:39:15.092742699,QUERY_SPREAD,58
2019-06-28 10:39:20.000000000,QUERY_SPREAD,1
2019-06-28 10:39:20.000000000,BEST_BID,"JPM,99379,182"
2019-06-28 10:39:20.000000000,BEST_ASK,"JPM,99692,100"
2019-06-28 10:39:20.000000000,BEST_BID,"JPM,99379,182"
2019-06-28 10:39:20.000000000,BEST_ASK,"JPM,99692,100"
2019-06-28 10:39:20.000000000,BEST_BID,"JPM,99379,182"
2019-06-28 10:39:20.000000000,BEST_ASK,"JPM,99692,100"
2019-06-28 10:39:20.000000000,BEST_BID,"JPM,99379,182"
2019-06-28 10:39:20.000000000,BEST_ASK,"JPM,99692,100"
2019-06-28 10:39:20.000000000,BEST_BID,"JPM,99379,182"
2019-06-28 10:39:20.000000000,BEST_ASK,"JPM,99692,182"
2019-06-28 10:39:20.000000000,BEST_BID,"JPM,99379,182"
2019-06-28 10:39:20.000000000,BEST_ASK,"JPM,99692,182"
2019-06-28 10:39:20.000000000,BEST_BID,"JPM,99379,182"
2019-06-28 10:39:20.000000000,BEST_ASK,"JPM,99692,182"
2019-06-28 10:39:20.000000000,BEST_BID,"JPM,99379,182"
2019-06-28 10:39:20.000000000,BEST_ASK,"JPM,99692,182"
2019-06-28 10:39:30.000000000,QUERY_SPREAD,1
2019-06-28 10:39:30.000000000,BEST_BID,"JPM,99379,182"
2019-06-28 10:39:30.000000000,BEST_ASK,"JPM,99692,100"
2019-06-28 10:39:30.000000000,BEST_BID,"JPM,99379,182"
2019-06-28 10:39:30.000000000,BEST_ASK,"JPM,99692,100"
2019-06-28 10:39:30.000000000,BEST_BID,"JPM,99379,182"
2019-06-28 10:39:30.000000000,BEST_ASK,"JPM,99692,100"
2019-06-28 10:39:30.000000000,BEST_BID,"JPM,99379,182"
2019-06-28 10:39:30.000000000,BEST_ASK,"JPM,99692,100"
2019-06-28 10:39:30.000000000,BEST_BID,"JPM,99379,182"
2019-06-28 10:39:30.000000000,BEST_ASK,"JPM,99692,182"
2019-06-28 10:39:30.000000000,BEST_BID,"JPM,99379,182"
2019-06-28 10:39:30.000000000,BEST_ASK,"JPM,99692,182"
2019-06-28 10:39:30.000000000,BEST_BID,"JPM,99379,182"
2019-06-28 10:39:30.000000000,BEST_ASK,"JPM,99692,182"
2019-06-28 10:39:30.000000000,BEST_BID,"JPM,99379,182"
2019-06-28 10:39:30.000000000,BEST_ASK,"JPM,99692,182"
2019-06-28 10:39:40.000000000,QUERY_SPREAD,1
2019-06-28 10:39:40.000000000,BEST_BID,"JPM,99379,166"
2019-06-28 10:39:40.000000000,BEST_ASK,"JPM,99692,100"
2019-06-28 10:39:40.000000000,BEST_BID,"JPM,99379,166"
2019-06-28 10:39:40.000000000,BEST_ASK,"JPM,99692,100"
2019-06-28 10:39:40.000000000,BEST_BID,"JPM,99379,166"
2019-06-28 10:39:40.000000000,BEST_ASK,"JPM,99692,100"
2019-06-28 10:39:40.000000000,BEST_BID,"JPM,99379,166"
2019-06-28 10:39:40.000000000,BEST_ASK,"JPM,99692,100"
2019-06-28 10:39:40.000000000,BEST_BID,"JPM,99379,166"
2019-06-28 10:39:40.000000000,BEST_ASK,"JPM,99692,100"
2019-06-28 10:39:40.000000000,BEST_BID,"JPM,99379,166"
2019-06-28 10:39:40.000000000,BEST_ASK,"JPM,99692,166"
2019-06-28 10:39:40.000000000,BEST_BID,"JPM,99379,166"
2019-06-28 10:39:40.000000000,BEST_ASK,"JPM,99692,166"
2019-06-28 10:39:40.000000000,BEST_BID,"JPM,99379,166"
2019-06-28 10:39:40.000000000,BEST_ASK,"JPM,99692,166"
2019-06-28 10:39:40.000000000,BEST_BID,"JPM,99379,166"
2019-06-28 10:39:40.000000000,BEST_ASK,"JPM,99692,166"
2019-06-28 10:39:40.000000000,BEST_BID,"JPM,99379,166"
2019-06-28 10:39:40.000000000,BEST_ASK,"JPM,99692,166"
2019-06-28 10:39:43.194642667,QUERY_SPREAD,19
2019-06-28 10:39:43.194642667,BEST_BID,"JPM,99379,166"
2019-06-28 10:39:43.194642667,BEST_ASK,"JPM,99692,66"
2019-06-28 10:39:43.194642667,LAST_TRADE,"100,$99692.0000"
2019-06-28 10:39:50.000000000,QUERY_SPREAD,1
2019-06-28 10:39:50.000000000,BEST_BID,"JPM,99379,428"
2019-06-28 10:39:50.000000000,BEST_ASK,"JPM,99717,100"
2019-06-28 10:39:50.000000000,BEST_BID,"JPM,99379,428"
2019-06-28 10:39:50.000000000,BEST_ASK,"JPM,99717,428"
2019-06-28 10:40:00.000000000,QUERY_SPREAD,1
2019-06-28 10:40:00.000000000,BEST_BID,"JPM,99379,428"
2019-06-28 10:40:00.000000000,BEST_ASK,"JPM,99717,100"
2019-06-28 10:40:00.000000000,BEST_BID,"JPM,99379,428"
2019-06-28 10:40:00.000000000,BEST_ASK,"JPM,99717,428"
2019-06-28 10:40:00.000000000,QUERY_SPREAD,77
2019-06-28 10:40:00.000000000,BEST_BID,"JPM,99379,424"
2019-06-28 10:40:00.000000000,BEST_ASK,"JPM,99717,428"
2019-06-28 10:40:00.000000000,LAST_TRADE,"4,$99379.0000"
2019-06-28 10:40:00.000000000,QUERY_SPREAD,78
2019-06-28 10:40:00.000000000,BEST_BID,"JPM,99379,416"
2019-06-28 10:40:00.000000000,BEST_ASK,"JPM,99717,428"
2019-06-28 10:40:00.000000000,LAST_TRADE,"8,$99379.0000"
2019-06-28 10:40:00.000000000,QUERY_SPREAD,79
2019-06-28 10:40:00.000000000,BEST_BID,"JPM,99379,415"
2019-06-28 10:40:00.000000000,BEST_ASK,"JPM,99717,428"
2019-06-28 10:40:00.000000000,LAST_TRADE,"1,$99379.0000"
2019-06-28 10:40:00.000000000,QUERY_SPREAD,80
2019-06-28 10:40:00.000000000,BEST_BID,"JPM,99379,410"
2019-06-28 10:40:00.000000000,BEST_ASK,"JPM,99717,428"
2019-06-28 10:40:00.000000000,LAST_TRADE,"5,$99379.0000"
2019-06-28 10:40:00.000000000,QUERY_SPREAD,81
2019-06-28 10:40:00.000000000,BEST_BID,"JPM,99379,405"
2019-06-28 10:40:00.000000000,BEST_ASK,"JPM,99717,428"
2019-06-28 10:40:00.000000000,LAST_TRADE,"5,$99379.0000"
2019-06-28 10:40:00.000000000,QUERY_SPREAD,82
2019-06-28 10:40:00.000000000,BEST_BID,"JPM,99379,399"
2019-06-28 10:40:00.000000000,BEST_ASK,"JPM,99717,428"
2019-06-28 10:40:00.000000000,LAST_TRADE,"6,$99379.0000"
2019-06-28 10:40:00.000000000,QUERY_SPREAD,83
2019-06-28 10:40:00.000000000,BEST_BID,"JPM,99379,395"
2019-06-28 10:40:00.000000000,BEST_ASK,"JPM,99717,428"
2019-06-28 10:40:00.000000000,LAST_TRADE,"4,$99379.0000"
2019-06-28 10:40:00.000000000,QUERY_SPREAD,84
2019-06-28 10:40:00.000000000,BEST_BID,"JPM,99379,390"
2019-06-28 10:40:00.000000000,BEST_ASK,"JPM,99717,428"
2019-06-28 10:40:00.000000000,LAST_TRADE,"5,$99379.0000"
2019-06-28 10:40:00.000000000,QUERY_SPREAD,85
2019-06-28 10:40:00.000000000,BEST_BID,"JPM,99379,385"
2019-06-28 10:40:00.000000000,BEST_ASK,"JPM,99717,428"
2019-06-28 10:40:00.000000000,LAST_TRADE,"5,$99379.0000"
2019-06-28 10:40:00.000000000,QUERY_SPREAD,86
2019-06-28 10:40:00.000000000,BEST_BID,"JPM,99379,376"
2019-06-28 10:40:00.000000000,BEST_ASK,"JPM,99717,428"
2019-06-28 10:40:00.000000000,LAST_TRADE,"9,$99379.0000"
2019-06-28 10:40:00.000000000,QUERY_SPREAD,87
2019-06-28 10:40:00.000000000,BEST_BID,"JPM,99379,374"
2019-06-28 10:40:00.000000000,BEST_ASK,"JPM,99717,428"
2019-06-28 10:40:00.000000000,LAST_TRADE,"2,$99379.0000"
2019-06-28 10:40:00.000000000,QUERY_SPREAD,88
2019-06-28 10:40:00.000000000,BEST_BID,"JPM,99379,366"
2019-06-28 10:40:00.000000000,BEST_ASK,"JPM,99717,428"
2019-06-28 10:40:00.000000000,LAST_TRADE,"8,$99379.0000"
2019-06-28 10:40:00.000000000,QUERY_SPREAD,89
2019-06-28 10:40:00.000000000,BEST_BID,"JPM,99379,359"
2019-06-28 10:40:00.000000000,BEST_ASK,"JPM,99717,428"
2019-06-28 10:40:00.000000000,LAST_TRADE,"7,$99379.0000"
2019-06-28 10:40:00.000000000,QUERY_SPREAD,90
2019-06-28 10:40:00.000000000,BEST_BID,"JPM,99379,353"
2019-06-28 10:40:00.000000000,BEST_ASK,"JPM,99717,428"
2019-06-28 10:40:00.000000000,LAST_TRADE,"6,$99379.0000"
2019-06-28 10:40:00.000000000,QUERY_SPREAD,91
2019-06-28 10:40:00.000000000,BEST_BID,"JPM,99379,348"
2019-06-28 10:40:00.000000000,BEST_ASK,"JPM,99717,428"
2019-06-28 10:40:00.000000000,LAST_TRADE,"5,$99379.0000"
2019-06-28 10:40:00.000000000,QUERY_SPREAD,92
2019-06-28 10:40:00.000000000,BEST_BID,"JPM,99379,347"
2019-06-28 10:40:00.000000000,BEST_ASK,"JPM,99717,428"
2019-06-28 10:40:00.000000000,LAST_TRADE,"1,$99379.0000"
2019-06-28 10:40:00.000000000,QUERY_SPREAD,93
2019-06-28 10:40:00.000000000,BEST_BID,"JPM,99379,345"
2019-06-28 10:40:00.000000000,BEST_ASK,"JPM,99717,428"
2019-06-28 10:40:00.000000000,LAST_TRADE,"2,$99379.0000"
2019-06-28 10:40:00.000000000,QUERY_SPREAD,94
2019-06-28 10:40:00.000000000,BEST_BID,"JPM,99379,343"
2019-06-28 10:40:00.000000000,BEST_ASK,"JPM,99717,428"
2019-06-28 10:40:00.000000000,LAST_TRADE,"2,$99379.0000"
2019-06-28 10:40:00.000000000,QUERY_SPREAD,95
2019-06-28 10:40:00.000000000,BEST_BID,"JPM,99379,336"
2019-06-28 10:40:00.000000000,BEST_ASK,"JPM,99717,428"
2019-06-28 10:40:00.000000000,LAST_TRADE,"7,$99379.0000"
2019-06-28 10:40:00.000000000,QUERY_SPREAD,96
2019-06-28 10:40:00.000000000,BEST_BID,"JPM,99379,329"
2019-06-28 10:40:00.000000000,BEST_ASK,"JPM,99717,428"
2019-06-28 10:40:00.000000000,LAST_TRADE,"7,$99379.0000"
2019-06-28 10:40:00.000000000,QUERY_SPREAD,97
2019-06-28 10:40:00.000000000,BEST_BID,"JPM,99379,323"
2019-06-28 10:40:00.000000000,BEST_ASK,"JPM,99717,428"
2019-06-28 10:40:00.000000000,LAST_TRADE,"6,$99379.0000"
2019-06-28 10:40:00.000000000,QUERY_SPREAD,98
2019-06-28 10:40:00.000000000,BEST_BID,"JPM,99379,319"
2019-06-28 10:40:00.000000000,BEST_ASK,"JPM,99717,428"
2019-06-28 10:40:00.000000000,LAST_TRADE,"4,$99379.0000"
2019-06-28 10:40:00.000000000,QUERY_SPREAD,99
2019-06-28 10:40:00.000000000,BEST_BID,"JPM,99379,317"
2019-06-28 10:40:00.000000000,BEST_ASK,"JPM,99717,428"
2019-06-28 10:40:00.000000000,LAST_TRADE,"2,$99379.0000"
2019-06-28 10:40:00.000000000,QUERY_SPREAD,100
2019-06-28 10:40:00.000000000,BEST_BID,"JPM,99379,311"
2019-06-28 10:40:00.000000000,BEST_ASK,"JPM,99717,428"
2019-06-28 10:40:00.000000000,LAST_TRADE,"6,$99379.0000"
2019-06-28 10:40:00.000000000,QUERY_SPREAD,101
2019-06-28 10:40:00.000000000,QUERY_ORDER_STREAM,101
2019-06-28 10:40:05.001221417,QUERY_SPREAD,40
2019-06-28 10:40:05.001221417,BEST_BID,"JPM,99379,311"
2019-06-28 10:40:05.001221417,BEST_ASK,"JPM,99717,328"
2019-06-28 10:40:05.001221417,LAST_TRADE,"100,$99717.0000"
2019-06-28 10:40:10.000000000,QUERY_SPREAD,1
2019-06-28 10:40:10.000000000,BEST_BID,"JPM,99376,166"
2019-06-28 10:40:10.000000000,BEST_ASK,"JPM,99727,100"
2019-06-28 10:40:10.000000000,BEST_BID,"JPM,99376,166"
2019-06-28 10:40:10.000000000,BEST_ASK,"JPM,99727,100"
2019-06-28 10:40:10.000000000,BEST_BID,"JPM,99376,166"
2019-06-28 10:40:10.000000000,BEST_ASK,"JPM,99727,100"
2019-06-28 10:40:10.000000000,BEST_BID,"JPM,99376,166"
2019-06-28 10:40:10.000000000,BEST_ASK,"JPM,99727,100"
2019-06-28 10:40:10.000000000,BEST_BID,"JPM,99376,166"
2019-06-28 10:40:10.000000000,BEST_ASK,"JPM,99727,166"
2019-06-28 10:40:10.000000000,BEST_BID,"JPM,99376,166"
2019-06-28 10:40:10.000000000,BEST_ASK,"JPM,99727,166"
2019-06-28 10:40:10.000000000,BEST_BID,"JPM,99376,166"
2019-06-28 10:40:10.000000000,BEST_ASK,"JPM,99727,166"
2019-06-28 10:40:10.000000000,BEST_BID,"JPM,99376,166"
2019-06-28 10:40:10.000000000,BEST_ASK,"JPM,99727,166"
2019-06-28 10:40:10.000000000,BEST_BID,"JPM,99376,166"
2019-06-28 10:40:10.000000000,BEST_ASK,"JPM,99727,166"
2019-06-28 10:40:20.000000000,QUERY_SPREAD,1
2019-06-28 10:40:20.000000000,BEST_BID,"JPM,99376,428"
2019-06-28 10:40:20.000000000,BEST_ASK,"JPM,99727,100"
2019-06-28 10:40:20.000000000,BEST_BID,"JPM,99376,428"
2019-06-28 10:40:20.000000000,BEST_ASK,"JPM,99727,428"
2019-06-28 10:40:25.419875444,QUERY_ORDER_STREAM,76
2019-06-28 10:40:25.419875444,QUERY_SPREAD,76
2019-06-28 10:40:30.000000000,QUERY_SPREAD,1
2019-06-28 10:40:30.000000000,BEST_BID,"JPM,99376,264"
2019-06-28 10:40:30.000000000,BEST_ASK,"JPM,99727,100"
2019-06-28 10:40:30.000000000,BEST_BID,"JPM,99376,264"
2019-06-28 10:40:30.000000000,BEST_ASK,"JPM,99727,100"
2019-06-28 10:40:30.000000000,BEST_BID,"JPM,99376,264"
2019-06-28 10:40:30.000000000,BEST_ASK,"JPM,99727,264"
2019-06-28 10:40:30.000000000,BEST_BID,"JPM,99376,264"
2019-06-28 10:40:30.000000000,BEST_ASK,"JPM,99727,264"
2019-06-28 10:40:40.000000000,QUERY_SPREAD,1
2019-06-28 10:40:40.000000000,BEST_BID,"JPM,99376,428"
2019-06-28 10:40:40.000000000,BEST_ASK,"JPM,99727,100"
2019-06-28 10:40:40.000000000,BEST_BID,"JPM,99376,428"
2019-06-28 10:40:40.000000000,BEST_ASK,"JPM,99727,428"
2019-06-28 10:40:50.000000000,QUERY_SPREAD,1
2019-06-28 10:40:50.000000000,BEST_BID,"JPM,99376,212"
2019-06-28 10:40:50.000000000,BEST_ASK,"JPM,99727,100"
2019-06-28 10:40:50.000000000,BEST_BID,"JPM,99376,212"
2019-06-28 10:40:50.000000000,BEST_ASK,"JPM,99727,100"
2019-06-28 10:40:50.000000000,BEST_BID,"JPM,99376,212"
2019-06-28 10:40:50.000000000,BEST_ASK,"JPM,99727,100"
2019-06-28 10:40:50.000000000,BEST_BID,"JPM,99376,212"
2019-06-28 10:40:50.000000000,BEST_ASK,"JPM,99727,212"
2019-06-28 10:40:50.000000000,BEST_BID,"JPM,99376,212"
2019-06-28 10:40:50.000000000,BEST_ASK,"JPM,99727,212"
2019-06-28 10:40:50.000000000,BEST_BID,"JPM,99376,212"
2019-06-28 10:40:50.000000000,BEST_ASK,"JPM,99727,212"
2019-06-28 10:40:57.757599946,QUERY_ORDER_STREAM,57
2019-06-28 10:40:57.757599946,QUERY_SPREAD,57
2019-06-28 10:40:57.757599946,BEST_BID,"JPM,99379,100"
2019-06-28 10:40:57.757599946,BEST_ASK,"JPM,99727,212"
2019-06-28 10:41:00.000000000,QUERY_SPREAD,1
2019-06-28 10:41:00.000000000,BEST_BID,"JPM,99379,264"
2019-06-28 10:41:00.000000000,BEST_ASK,"JPM,99727,100"
2019-06-28 10:41:00.000000000,BEST_BID,"JPM,99379,264"
2019-06-28 10:41:00.000000000,BEST_ASK,"JPM,99727,100"
2019-06-28 10:41:00.000000000,BEST_BID,"JPM,99379,264"
2019-06-28 10:41:00.000000000,BEST_ASK,"JPM,99727,264"
2019-06-28 10:41:00.000000000,BEST_BID,"JPM,99379,264"
2019-06-28 10:41:00.000000000,BEST_ASK,"JPM,99727,264"
2019-06-28 10:41:00.000000000,QUERY_SPREAD,77
2019-06-28 10:41:00.000000000,BEST_BID,"JPM,99379,260"
2019-06-28 10:41:00.000000000,BEST_ASK,"JPM,99727,264"
2019-06-28 10:41:00.000000000,LAST_TRADE,"4,$99379.0000"
2019-06-28 10:41:00.000000000,QUERY_SPREAD,78
2019-06-28 10:41:00.000000000,BEST_BID,"JPM,99379,252"
2019-06-28 10:41:00.000000000,BEST_ASK,"JPM,99727,264"
2019-06-28 10:41:00.000000000,LAST_TRADE,"8,$99379.0000"
2019-06-28 10:41:00.000000000,QUERY_SPREAD,79
2019-06-28 10:41:00.000000000,BEST_BID,"JPM,99379,251"
2019-06-28 10:41:00.000000000,BEST_ASK,"JPM,99727,264"
2019-06-28 10:41:00.000000000,LAST_TRADE,"1,$99379.0000"
2019-06-28 10:41:00.000000000,QUERY_SPREAD,80
2019-06-28 10:41:00.000000000,BEST_BID,"JPM,99379,246"
2019-06-28 10:41:00.000000000,BEST_ASK,"JPM,99727,264"
2019-06-28 10:41:00.000000000,LAST_TRADE,"5,$99379.0000"
2019-06-28 10:41:00.000000000,QUERY_SPREAD,81
2019-06-28 10:41:00.000000000,BEST_BID,"JPM,99379,241"
2019-06-28 10:41:00.000000000,BEST_ASK,"JPM,99727,264"
2019-06-28 10:41:00.000000000,LAST_TRADE,"5,$99379.0000"
2019-06-28 10:41:00.000000000,QUERY_SPREAD,82
2019-06-28 10:41:00.000000000,BEST_BID,"JPM,99379,235"
2019-06-28 10:41:00.000000000,BEST_ASK,"JPM,99727,264"
2019-06-28 10:41:00.000000000,LAST_TRADE,"6,$99379.0000"
2019-06-28 10:41:00.000000000,QUERY_SPREAD,83
2019-06-28 10:41:00.000000000,BEST_BID,"JPM,99379,231"
2019-06-28 10:41:00.000000000,BEST_ASK,"JPM,99727,264"
2019-06-28 10:41:00.000000000,LAST_TRADE,"4,$99379.0000"
2019-06-28 10:41:00.000000000,QUERY_SPREAD,84
2019-06-28 10:41:00.000000000,BEST_BID,"JPM,99379,226"
2019-06-28 10:41:00.000000000,BEST_ASK,"JPM,99727,264"
2019-06-28 10:41:00.000000000,LAST_TRADE,"5,$99379.0000"
2019-06-28 10:41:00.000000000,QUERY_SPREAD,85
2019-06-28 10:41:00.000000000,BEST_BID,"JPM,99379,221"
2019-06-28 10:41:00.000000000,BEST_ASK,"JPM,99727,264"
2019-06-28 10:41:00.000000000,LAST_TRADE,"5,$99379.0000"
2019-06-28 10:41:00.000000000,QUERY_SPREAD,86
2019-06-28 10:41:00.000000000,BEST_BID,"JPM,99379,212"
2019-06-28 10:41:00.000000000,BEST_ASK,"JPM,99727,264"
2019-06-28 10:41:00.000000000,LAST_TRADE,"9,$99379.0000"
2019-06-28 10:41:00.000000000,QUERY_SPREAD,87
2019-06-28 10:41:00.000000000,BEST_BID,"JPM,99379,210"
2019-06-28 10:41:00.000000000,BEST_ASK,"JPM,99727,264"
2019-06-28 10:41:00.000000000,LAST_TRADE,"2,$99379.0000"
2019-06-28 10:41:00.000000000,QUERY_SPREAD,88
2019-06-28 10:41:00.000000000,BEST_BID,"JPM,99379,202"
2019-06-28 10:41:00.000000000,BEST_ASK,"JPM,99727,264"
2019-06-28 10:41:00.000000000,LAST_TRADE,"8,$99379.0000"
2019-06-28 10:41:00.000000000,QUERY_SPREAD,89
2019-06-28 10:41:00.000000000,BEST_BID,"JPM,99379,195"
2019-06-28 10:41:00.000000000,BEST_ASK,"JPM,99727,264"
2019-06-28 10:41:00.000000000,LAST_TRADE,"7,$99379.0000"
2019-06-28 10:41:00.000000000,QUERY_SPREAD,90
2019-06-28 10:41:00.000000000,BEST_BID,"JPM,99379,189"
2019-06-28 10:41:00.000000000,BEST_ASK,"JPM,99727,264"
2019-06-28 10:41:00.000000000,LAST_TRADE,"6,$99379.0000"
2019-06-28 10:41:00.000000000,QUERY_SPREAD,91
2019-06-28 10:41:00.000000000,BEST_BID,"JPM,99379,184"
2019-06-28 10:41:00.000000000,BEST_ASK,"JPM,99727,264"
2019-06-28 10:41:00.000000000,LAST_TRADE,"5,$99379.0000"
2019-06-28 10:41:00.000000000,QUERY_SPREAD,92
2019-06-28 10:41:00.000000000,BEST_BID,"JPM,99379,183"
2019-06-28 10:41:00.000000000,BEST_ASK,"JPM,99727,264"
2019-06-28 10:41:00.000000000,LAST_TRADE,"1,$99379.0000"
2019-06-28 10:41:00.000000000,QUERY_SPREAD,93
2019-06-28 10:41:00.000000000,BEST_BID,"JPM,99379,181"
2019-06-28 10:41:00.000000000,BEST_ASK,"JPM,99727,264"
2019-06-28 10:41:00.000000000,LAST_TRADE,"2,$99379.0000"
2019-06-28 10:41:00.000000000,QUERY_SPREAD,94
2019-06-28 10:41:00.000000000,BEST_BID,"JPM,99379,179"
2019-06-28 10:41:00.000000000,BEST_ASK,"JPM,99727,264"
2019-06-28 10:41:00.000000000,LAST_TRADE,"2,$99379.0000"
2019-06-28 10:41:00.000000000,QUERY_SPREAD,95
2019-06-28 10:41:00.000000000,BEST_BID,"JPM,99379,172"
2019-06-28 10:41:00.000000000,BEST_ASK,"JPM,99727,264"
2019-06-28 10:41:00.000000000,LAST_TRADE,"7,$99379.0000"
2019-06-28 10:41:00.000000000,QUERY_SPREAD,96
2019-06-28 10:41:00.000000000,BEST_BID,"JPM,99379,165"
2019-06-28 10:41:00.000000000,BEST_ASK,"JPM,99727,264"
2019-06-28 10:41:00.000000000,LAST_TRADE,"7,$99379.0000"
2019-06-28 10:41:00.000000000,QUERY_SPREAD,97
2019-06-28 10:41:00.000000000,BEST_BID,"JPM,99379,159"
2019-06-28 10:41:00.000000000,BEST_ASK,"JPM,99727,264"
2019-06-28 10:41:00.000000000,LAST_TRADE,"6,$99379.0000"
2019-06-28 10:41:00.000000000,QUERY_SPREAD,98
2019-06-28 10:41:00.000000000,BEST_BID,"JPM,99379,155"
2019-06-28 10:41:00.000000000,BEST_ASK,"JPM,99727,264"
2019-06-28 10:41:00.000000000,LAST_TRADE,"4,$99379.0000"
2019-06-28 10:41:00.000000000,QUERY_SPREAD,99
2019-06-28 10:41:00.000000000,BEST_BID,"JPM,99379,153"
2019-06-28 10:41:00.000000000,BEST_ASK,"JPM,99727,264"
2019-06-28 10:41:00.000000000,LAST_TRADE,"2,$99379.0000"
2019-06-28 10:41:00.000000000,QUERY_SPREAD,100
2019-06-28 10:41:00.000000000,BEST_BID,"JPM,99379,147"
2019-06-28 10:41:00.000000000,BEST_ASK,"JPM,99727,264"
2019-06-28 10:41:00.000000000,LAST_TRADE,"6,$99379.0000"
2019-06-28 10:41:00.000000000,QUERY_SPREAD,101
2019-06-28 10:41:00.000000000,QUERY_ORDER_STREAM,101
2019-06-28 10:41:10.000000000,QUERY_SPREAD,1
2019-06-28 10:41:10.000000000,BEST_BID,"JPM,99376,166"
2019-06-28 10:41:10.000000000,BEST_ASK,"JPM,99727,100"
2019-06-28 10:41:10.000000000,BEST_BID,"JPM,99376,166"
2019-06-28 10:41:10.000000000,BEST_ASK,"JPM,99727,100"
2019-06-28 10:41:10.000000000,BEST_BID,"JPM,99376,166"
2019-06-28 10:41:10.000000000,BEST_ASK,"JPM,99727,100"
2019-06-28 10:41:10.000000000,BEST_BID,"JPM,99376,166"
2019-06-28 10:41:10.000000000,BEST_ASK,"JPM,99727,100"
2019-06-28 10:41:10.000000000,BEST_BID,"JPM,99376,166"
2019-06-28 10:41:10.000000000,BEST_ASK,"JPM,99727,166"
2019-06-28 10:41:10.000000000,BEST_BID,"JPM,99376,166"
2019-06-28 10:41:10.000000000,BEST_ASK,"JPM,99727,166"
2019-06-28 10:41:10.000000000,BEST_BID,"JPM,99376,166"
2019-06-28 10:41:10.000000000,BEST_ASK,"JPM,99727,166"
2019-06-28 10:41:10.000000000,BEST_BID,"JPM,99376,166"
2019-06-28 10:41:10.000000000,BEST_ASK,"JPM,99727,166"
2019-06-28 10:41:10.000000000,BEST_BID,"JPM,99376,166"
2019-06-28 10:41:10.000000000,BEST_ASK,"JPM,99727,166"
2019-06-28 10:41:14.326733452,QUERY_ORDER_STREAM,52
2019-06-28 10:41:14.326733452,QUERY_SPREAD,52
2019-06-28 10:41:20.000000000,QUERY_SPREAD,1
2019-06-28 10:41:20.000000000,BEST_BID,"JPM,99376,212"
2019-06-28 10:41:20.000000000,BEST_ASK,"JPM,99727,100"
2019-06-28 10:41:20.000000000,BEST_BID,"JPM,99376,212"
2019-06-28 10:41:20.000000000,BEST_ASK,"JPM,99727,100"
2019-06-28 10:41:20.000000000,BEST_BID,"JPM,99376,212"
2019-06-28 10:41:20.000000000,BEST_ASK,"JPM,99727,100"
2019-06-28 10:41:20.000000000,BEST_BID,"JPM,99376,212"
2019-06-28 10:41:20.000000000,BEST_ASK,"JPM,99727,212"
2019-06-28 10:41:20.000000000,BEST_BID,"JPM,99376,212"
2019-06-28 10:41:20.000000000,BEST_ASK,"JPM,99727,212"
2019-06-28 10:41:20.000000000,BEST_BID,"JPM,99376,212"
2019-06-28 10:41:20.000000000,BEST_ASK,"JPM,99727,212"
2019-06-28 10:41:21.046878884,QUERY_SPREAD,48
2019-06-28 10:41:21.046878884,BEST_BID,"JPM,99376,212"
2019-06-28 10:41:21.046878884,BEST_ASK,"JPM,99727,212"
2019-06-28 10:41:30.000000000,QUERY_SPREAD,1
2019-06-28 10:41:30.000000000,BEST_BID,"JPM,99376,182"
2019-06-28 10:41:30.000000000,BEST_ASK,"JPM,99727,100"
2019-06-28 10:41:30.000000000,BEST_BID,"JPM,99376,182"
2019-06-28 10:41:30.000000000,BEST_ASK,"JPM,99727,100"
2019-06-28 10:41:30.000000000,BEST_BID,"JPM,99376,182"
2019-06-28 10:41:30.000000000,BEST_ASK,"JPM,99727,100"
2019-06-28 10:41:30.000000000,BEST_BID,"JPM,99376,182"
2019-06-28 10:41:30.000000000,BEST_ASK,"JPM,99727,100"
2019-06-28 10:41:30.000000000,BEST_BID,"JPM,99376,182"
2019-06-28 10:41:30.000000000,BEST_ASK,"JPM,99727,182"
2019-06-28 10:41:30.000000000,BEST_BID,"JPM,99376,182"
2019-06-28 10:41:30.000000000,BEST_ASK,"JPM,99727,182"
2019-06-28 10:41:30.000000000,BEST_BID,"JPM,99376,182"
2019-06-28 10:41:30.000000000,BEST_ASK,"JPM,99727,182"
2019-06-28 10:41:30.000000000,BEST_BID,"JPM,99376,182"
2019-06-28 10:41:30.000000000,BEST_ASK,"JPM,99727,182"
2019-06-28 10:41:39.708815822,QUERY_SPREAD,19
2019-06-28 10:41:39.708815822,BEST_BID,"JPM,99376,182"
2019-06-28 10:41:39.708815822,BEST_ASK,"JPM,99727,182"
2019-06-28 10:41:40.000000000,QUERY_SPREAD,1
2019-06-28 10:41:40.000000000,BEST_BID,"JPM,99376,182"
2019-06-28 10:41:40.000000000,BEST_ASK,"JPM,99727,100"
2019-06-28 10:41:40.000000000,BEST_BID,"JPM,99376,182"
2019-06-28 10:41:40.000000000,BEST_ASK,"JPM,99727,100"
2019-06-28 10:41:40.000000000,BEST_BID,"JPM,99376,182"
2019-06-28 10:41:40.000000000,BEST_ASK,"JPM,99727,100"
2019-06-28 10:41:40.000000000,BEST_BID,"JPM,99376,182"
2019-06-28 10:41:40.000000000,BEST_ASK,"JPM,99727,100"
2019-06-28 10:41:40.000000000,BEST_BID,"JPM,99376,182"
2019-06-28 10:41:40.000000000,BEST_ASK,"JPM,99727,182"
2019-06-28 10:41:40.000000000,BEST_BID,"JPM,99376,182"
2019-06-28 10:41:40.000000000,BEST_ASK,"JPM,99727,182"
2019-06-28 10:41:40.000000000,BEST_BID,"JPM,99376,182"
2019-06-28 10:41:40.000000000,BEST_ASK,"JPM,99727,182"
2019-06-28 10:41:40.000000000,BEST_BID,"JPM,99376,182"
2019-06-28 10:41:40.000000000,BEST_ASK,"JPM,99727,182"
2019-06-28 10:41:50.000000000,QUERY_SPREAD,1
2019-06-28 10:41:50.000000000,BEST_BID,"JPM,99376,166"
2019-06-28 10:41:50.000000000,BEST_ASK,"JPM,99727,100"
2019-06-28 10:41:50.000000000,BEST_BID,"JPM,99376,166"
2019-06-28 10:41:50.000000000,BEST_ASK,"JPM,99727,100"
2019-06-28 10:41:50.000000000,BEST_BID,"JPM,99376,166"
2019-06-28 10:41:50.000000000,BEST_ASK,"JPM,99727,100"
2019-06-28 10:41:50.000000000,BEST_BID,"JPM,99376,166"
2019-06-28 10:41:50.000000000,BEST_ASK,"JPM,99727,100"
2019-06-28 10:41:50.000000000,BEST_BID,"JPM,99376,166"
2019-06-28 10:41:50.000000000,BEST_ASK,"JPM,99727,166"
2019-06-28 10:41:50.000000000,BEST_BID,"JPM,99376,166"
2019-06-28 10:41:50.000000000,BEST_ASK,"JPM,99727,166"
2019-06-28 10:41:50.000000000,BEST_BID,"JPM,99376,166"
2019-06-28 10:41:50.000000000,BEST_ASK,"JPM,99727,166"
2019-06-28 10:41:50.000000000,BEST_BID,"JPM,99376,166"
2019-06-28 10:41:50.000000000,BEST_ASK,"JPM,99727,166"
2019-06-28 10:41:50.000000000,BEST_BID,"JPM,99376,166"
2019-06-28 10:41:50.000000000,BEST_ASK,"JPM,99727,166"
2019-06-28 10:41:57.811795879,QUERY_SPREAD,6
2019-06-28 10:41:57.811795879,BEST_BID,"JPM,99376,166"
2019-06-28 10:41:57.811795879,BEST_ASK,"JPM,99727,66"
2019-06-28 10:41:57.811795879,LAST_TRADE,"100,$99727.0000"
2019-06-28 10:42:00.000000000,QUERY_SPREAD,1
2019-06-28 10:42:00.000000000,BEST_BID,"JPM,99376,212"
2019-06-28 10:42:00.000000000,BEST_ASK,"JPM,99794,100"
2019-06-28 10:42:00.000000000,BEST_BID,"JPM,99376,212"
2019-06-28 10:42:00.000000000,BEST_ASK,"JPM,99794,100"
2019-06-28 10:42:00.000000000,BEST_BID,"JPM,99376,212"
2019-06-28 10:42:00.000000000,BEST_ASK,"JPM,99794,100"
2019-06-28 10:42:00.000000000,BEST_BID,"JPM,99376,212"
2019-06-28 10:42:00.000000000,BEST_ASK,"JPM,99794,212"
2019-06-28 10:42:00.000000000,BEST_BID,"JPM,99376,212"
2019-06-28 10:42:00.000000000,BEST_ASK,"JPM,99794,212"
2019-06-28 10:42:00.000000000,BEST_BID,"JPM,99376,212"
2019-06-28 10:42:00.000000000,BEST_ASK,"JPM,99794,212"
2019-06-28 10:42:00.000000000,QUERY_SPREAD,77
2019-06-28 10:42:00.000000000,BEST_BID,"JPM,99376,208"
2019-06-28 10:42:00.000000000,BEST_ASK,"JPM,99794,212"
2019-06-28 10:42:00.000000000,LAST_TRADE,"4,$99376.0000"
2019-06-28 10:42:00.000000000,QUERY_SPREAD,78
2019-06-28 10:42:00.000000000,BEST_BID,"JPM,99376,200"
2019-06-28 10:42:00.000000000,BEST_ASK,"JPM,99794,212"
2019-06-28 10:42:00.000000000,LAST_TRADE,"8,$99376.0000"
2019-06-28 10:42:00.000000000,QUERY_SPREAD,79
2019-06-28 10:42:00.000000000,BEST_BID,"JPM,99376,199"
2019-06-28 10:42:00.000000000,BEST_ASK,"JPM,99794,212"
2019-06-28 10:42:00.000000000,LAST_TRADE,"1,$99376.0000"
2019-06-28 10:42:00.000000000,QUERY_SPREAD,80
2019-06-28 10:42:00.000000000,BEST_BID,"JPM,99376,194"
2019-06-28 10:42:00.000000000,BEST_ASK,"JPM,99794,212"
2019-06-28 10:42:00.000000000,LAST_TRADE,"5,$99376.0000"
2019-06-28 10:42:00.000000000,QUERY_SPREAD,81
2019-06-28 10:42:00.000000000,BEST_BID,"JPM,99376,189"
2019-06-28 10:42:00.000000000,BEST_ASK,"JPM,99794,212"
2019-06-28 10:42:00.000000000,LAST_TRADE,"5,$99376.0000"
2019-06-28 10:42:00.000000000,QUERY_SPREAD,82
2019-06-28 10:42:00.000000000,BEST_BID,"JPM,99376,183"
2019-06-28 10:42:00.000000000,BEST_ASK,"JPM,99794,212"
2019-06-28 10:42:00.000000000,LAST_TRADE,"6,$99376.0000"
2019-06-28 10:42:00.000000000,QUERY_SPREAD,83
2019-06-28 10:42:00.000000000,BEST_BID,"JPM,99376,179"
2019-06-28 10:42:00.000000000,BEST_ASK,"JPM,99794,212"
2019-06-28 10:42:00.000000000,LAST_TRADE,"4,$99376.0000"
2019-06-28 10:42:00.000000000,QUERY_SPREAD,84
2019-06-28 10:42:00.000000000,BEST_BID,"JPM,99376,174"
2019-06-28 10:42:00.000000000,BEST_ASK,"JPM,99794,212"
2019-06-28 10:42:00.000000000,LAST_TRADE,"5,$99376.0000"
2019-06-28 10:42:00.000000000,QUERY_SPREAD,85
2019-06-28 10:42:00.000000000,BEST_BID,"JPM,99376,169"
2019-06-28 10:42:00.000000000,BEST_ASK,"JPM,99794,212"
2019-06-28 10:42:00.000000000,LAST_TRADE,"5,$99376.0000"
2019-06-28 10:42:00.000000000,QUERY_SPREAD,86
2019-06-28 10:42:00.000000000,BEST_BID,"JPM,99376,160"
2019-06-28 10:42:00.000000000,BEST_ASK,"JPM,99794,212"
2019-06-28 10:42:00.000000000,LAST_TRADE,"9,$99376.0000"
2019-06-28 10:42:00.000000000,QUERY_SPREAD,87
2019-06-28 10:42:00.000000000,BEST_BID,"JPM,99376,158"
2019-06-28 10:42:00.000000000,BEST_ASK,"JPM,99794,212"
2019-06-28 10:42:00.000000000,LAST_TRADE,"2,$99376.0000"
2019-06-28 10:42:00.000000000,QUERY_SPREAD,88
2019-06-28 10:42:00.000000000,BEST_BID,"JPM,99376,150"
2019-06-28 10:42:00.000000000,BEST_ASK,"JPM,99794,212"
2019-06-28 10:42:00.000000000,LAST_TRADE,"8,$99376.0000"
2019-06-28 10:42:00.000000000,QUERY_SPREAD,89
2019-06-28 10:42:00.000000000,BEST_BID,"JPM,99376,143"
2019-06-28 10:42:00.000000000,BEST_ASK,"JPM,99794,212"
2019-06-28 10:42:00.000000000,LAST_TRADE,"7,$99376.0000"
2019-06-28 10:42:00.000000000,QUERY_SPREAD,90
2019-06-28 10:42:00.000000000,BEST_BID,"JPM,99376,137"
2019-06-28 10:42:00.000000000,BEST_ASK,"JPM,99794,212"
2019-06-28 10:42:00.000000000,LAST_TRADE,"6,$99376.0000"
2019-06-28 10:42:00.000000000,QUERY_SPREAD,91
2019-06-28 10:42:00.000000000,BEST_BID,"JPM,99376,132"
2019-06-28 10:42:00.000000000,BEST_ASK,"JPM,99794,212"
2019-06-28 10:42:00.000000000,LAST_TRADE,"5,$99376.0000"
2019-06-28 10:42:00.000000000,QUERY_SPREAD,92
2019-06-28 10:42:00.000000000,BEST_BID,"JPM,99376,131"
2019-06-28 10:42:00.000000000,BEST_ASK,"JPM,99794,212"
2019-06-28 10:42:00.000000000,LAST_TRADE,"1,$99376.0000"
2019-06-28 10:42:00.000000000,QUERY_SPREAD,93
2019-06-28 10:42:00.000000000,BEST_BID,"JPM,99376,129"
2019-06-28 10:42:00.000000000,BEST_ASK,"JPM,99794,212"
2019-06-28 10:42:00.000000000,LAST_TRADE,"2,$99376.0000"
2019-06-28 10:42:00.000000000,QUERY_SPREAD,94
2019-06-28 10:42:00.000000000,BEST_BID,"JPM,99376,127"
2019-06-28 10:42:00.000000000,BEST_ASK,"JPM,99794,212"
2019-06-28 10:42:00.000000000,LAST_TRADE,"2,$99376.0000"
2019-06-28 10:42:00.000000000,QUERY_SPREAD,95
2019-06-28 10:42:00.000000000,BEST_BID,"JPM,99376,120"
2019-06-28 10:42:00.000000000,BEST_ASK,"JPM,99794,212"
2019-06-28 10:42:00.000000000,LAST_TRADE,"7,$99376.0000"
2019-06-28 10:42:00.000000000,QUERY_SPREAD,96
2019-06-28 10:42:00.000000000,BEST_BID,"JPM,99376,113"
2019-06-28 10:42:00.000000000,BEST_ASK,"JPM,99794,212"
2019-06-28 10:42:00.000000000,LAST_TRADE,"7,$99376.0000"
2019-06-28 10:42:00.000000000,QUERY_SPREAD,97
2019-06-28 10:42:00.000000000,BEST_BID,"JPM,99376,107"
2019-06-28 10:42:00.000000000,BEST_ASK,"JPM,99794,212"
2019-06-28 10:42:00.000000000,LAST_TRADE,"6,$99376.0000"
2019-06-28 10:42:00.000000000,QUERY_SPREAD,98
2019-06-28 10:42:00.000000000,BEST_BID,"JPM,99376,103"
2019-06-28 10:42:00.000000000,BEST_ASK,"JPM,99794,212"
2019-06-28 10:42:00.000000000,LAST_TRADE,"4,$99376.0000"
2019-06-28 10:42:00.000000000,QUERY_SPREAD,99
2019-06-28 10:42:00.000000000,BEST_BID,"JPM,99376,101"
2019-06-28 10:42:00.000000000,BEST_ASK,"JPM,99794,212"
2019-06-28 10:42:00.000000000,LAST_TRADE,"2,$99376.0000"
2019-06-28 10:42:00.000000000,QUERY_SPREAD,100
2019-06-28 10:42:00.000000000,BEST_BID,"JPM,99376,95"
2019-06-28 10:42:00.000000000,BEST_ASK,"JPM,99794,212"
2019-06-28 10:42:00.000000000,LAST_TRADE,"6,$99376.0000"
2019-06-28 10:42:00.000000000,QUERY_SPREAD,101
2019-06-28 10:42:00.000000000,QUERY_ORDER_STREAM,101
2019-06-28 10:42:02.741614022,QUERY_ORDER_STREAM,54
2019-06-28 10:42:02.741614022,QUERY_SPREAD,54
2019-06-28 10:42:10.000000000,QUERY_SPREAD,1
2019-06-28 10:42:10.000000000,BEST_BID,"JPM,99088,182"
2019-06-28 10:42:10.000000000,BEST_ASK,"JPM,99794,100"
2019-06-28 10:42:10.000000000,BEST_BID,"JPM,99088,182"
2019-06-28 10:42:10.000000000,BEST_ASK,"JPM,99794,100"
2019-06-28 10:42:10.000000000,BEST_BID,"JPM,99088,182"
2019-06-28 10:42:10.000000000,BEST_ASK,"JPM,99794,100"
2019-06-28 10:42:10.000000000,BEST_BID,"JPM,99088,182"
2019-06-28 10:42:10.000000000,BEST_ASK,"JPM,99794,182"
2019-06-28 10:42:10.000000000,BEST_BID,"JPM,99088,182"
2019-06-28 10:42:10.000000000,BEST_ASK,"JPM,99794,182"
2019-06-28 10:42:10.000000000,BEST_BID,"JPM,99088,182"
2019-06-28 10:42:10.000000000,BEST_ASK,"JPM,99794,182"
2019-06-28 10:42:10.000000000,BEST_BID,"JPM,99088,182"
2019-06-28 10:42:10.000000000,BEST_ASK,"JPM,99794,182"
2019-06-28 10:42:13.119609253,QUERY_SPREAD,43
2019-06-28 10:42:13.119609253,BEST_BID,"JPM,99088,182"
2019-06-28 10:42:13.119609253,BEST_ASK,"JPM,99794,82"
2019-06-28 10:42:13.119609253,LAST_TRADE,"100,$99794.0000"
2019-06-28 10:42:20.000000000,QUERY_SPREAD,1
2019-06-28 10:42:20.000000000,BEST_BID,"JPM,99088,428"
2019-06-28 10:42:20.000000000,BEST_ASK,"JPM,99796,100"
2019-06-28 10:42:20.000000000,BEST_BID,"JPM,99088,428"
2019-06-28 10:42:20.000000000,BEST_ASK,"JPM,99796,428"
2019-06-28 10:42:20.485431844,QUERY_SPREAD,14
2019-06-28 10:42:20.485431844,BEST_BID,"JPM,99775,100"
2019-06-28 10:42:20.485431844,BEST_ASK,"JPM,99796,428"
2019-06-28 10:42:30.000000000,QUERY_SPREAD,1
2019-06-28 10:42:30.000000000,BEST_BID,"JPM,99775,428"
2019-06-28 10:42:30.000000000,BEST_ASK,"JPM,99796,100"
2019-06-28 10:42:30.000000000,BEST_BID,"JPM,99775,428"
2019-06-28 10:42:30.000000000,BEST_ASK,"JPM,99796,428"
2019-06-28 10:42:37.353157772,QUERY_SPREAD,50
2019-06-28 10:42:37.353157772,BEST_BID,"JPM,99775,428"
2019-06-28 10:42:37.353157772,BEST_ASK,"JPM,99796,428"
2019-06-28 10:42:40.000000000,QUERY_SPREAD,1
2019-06-28 10:42:40.000000000,BEST_BID,"JPM,99775,212"
2019-06-28 10:42:40.000000000,BEST_ASK,"JPM,99796,100"
2019-06-28 10:42:40.000000000,BEST_BID,"JPM,99775,212"
2019-06-28 10:42:40.000000000,BEST_ASK,"JPM,99796,100"
2019-06-28 10:42:40.000000000,BEST_BID,"JPM,99775,212"
2019-06-28 10:42:40.000000000,BEST_ASK,"JPM,99796,100"
2019-06-28 10:42:40.000000000,BEST_BID,"JPM,99775,212"
2019-06-28 10:42:40.000000000,BEST_ASK,"JPM,99796,212"
2019-06-28 10:42:40.000000000,BEST_BID,"JPM,99775,212"
2019-06-28 10:42:40.000000000,BEST_ASK,"JPM,99796,212"
2019-06-28 10:42:40.000000000,BEST_BID,"JPM,99775,212"
2019-06-28 10:42:40.000000000,BEST_ASK,"JPM,99796,212"
2019-06-28 10:42:50.000000000,QUERY_SPREAD,1
2019-06-28 10:42:50.000000000,BEST_BID,"JPM,99775,212"
2019-06-28 10:42:50.000000000,BEST_ASK,"JPM,99796,100"
2019-06-28 10:42:50.000000000,BEST_BID,"JPM,99775,212"
2019-06-28 10:42:50.000000000,BEST_ASK,"JPM,99796,100"
2019-06-28 10:42:50.000000000,BEST_BID,"JPM,99775,212"
2019-06-28 10:42:50.000000000,BEST_ASK,"JPM,99796,100"
2019-06-28 10:42:50.000000000,BEST_BID,"JPM,99775,212"
2019-06-28 10:42:50.000000000,BEST_ASK,"JPM,99796,212"
2019-06-28 10:42:50.000000000,BEST_BID,"JPM,99775,212"
2019-06-28 10:42:50.000000000,BEST_ASK,"JPM,99796,212"
2019-06-28 10:42:50.000000000,BEST_BID,"JPM,99775,212"
2019-06-28 10:42:50.000000000,BEST_ASK,"JPM,99796,212"
2019-06-28 10:42:56.912100323,QUERY_SPREAD,49
2019-06-28 10:42:56.912100323,BEST_BID,"JPM,99775,212"
2019-06-28 10:42:56.912100323,BEST_ASK,"JPM,99796,212"
2019-06-28 10:42:57.817694069,QUERY_ORDER_STREAM,69
2019-06-28 10:42:57.817694069,QUERY_SPREAD,69
2019-06-28 10:42:57.817694069,BEST_BID,"JPM,99775,212"
2019-06-28 10:42:57.817694069,BEST_ASK,"JPM,99793,100"
2019-06-28 10:43:00.000000000,QUERY_SPREAD,1
2019-06-28 10:43:00.000000000,BEST_BID,"JPM,99775,182"
2019-06-28 10:43:00.000000000,BEST_ASK,"JPM,99793,100"
2019-06-28 10:43:00.000000000,BEST_BID,"JPM,99775,182"
2019-06-28 10:43:00.000000000,BEST_ASK,"JPM,99793,100"
2019-06-28 10:43:00.000000000,BEST_BID,"JPM,99775,182"
2019-06-28 10:43:00.000000000,BEST_ASK,"JPM,99793,100"
2019-06-28 10:43:00.000000000,BEST_BID,"JPM,99775,182"
2019-06-28 10:43:00.000000000,BEST_ASK,"JPM,99793,100"
2019-06-28 10:43:00.000000000,BEST_BID,"JPM,99775,182"
2019-06-28 10:43:00.000000000,BEST_ASK,"JPM,99793,182"
2019-06-28 10:43:00.000000000,BEST_BID,"JPM,99775,182"
2019-06-28 10:43:00.000000000,BEST_ASK,"JPM,99793,182"
2019-06-28 10:43:00.000000000,BEST_BID,"JPM,99775,182"
2019-06-28 10:43:00.000000000,BEST_ASK,"JPM,99793,182"
2019-06-28 10:43:00.000000000,BEST_BID,"JPM,99775,182"
2019-06-28 10:43:00.000000000,BEST_ASK,"JPM,99793,182"
2019-06-28 10:43:00.000000000,QUERY_SPREAD,77
2019-06-28 10:43:00.000000000,BEST_BID,"JPM,99775,178"
2019-06-28 10:43:00.000000000,BEST_ASK,"JPM,99793,182"
2019-06-28 10:43:00.000000000,LAST_TRADE,"4,$99775.0000"
2019-06-28 10:43:00.000000000,QUERY_SPREAD,78
2019-06-28 10:43:00.000000000,BEST_BID,"JPM,99775,170"
2019-06-28 10:43:00.000000000,BEST_ASK,"JPM,99793,182"
2019-06-28 10:43:00.000000000,LAST_TRADE,"8,$99775.0000"
2019-06-28 10:43:00.000000000,QUERY_SPREAD,79
2019-06-28 10:43:00.000000000,BEST_BID,"JPM,99775,169"
2019-06-28 10:43:00.000000000,BEST_ASK,"JPM,99793,182"
2019-06-28 10:43:00.000000000,LAST_TRADE,"1,$99775.0000"
2019-06-28 10:43:00.000000000,QUERY_SPREAD,80
2019-06-28 10:43:00.000000000,BEST_BID,"JPM,99775,164"
2019-06-28 10:43:00.000000000,BEST_ASK,"JPM,99793,182"
2019-06-28 10:43:00.000000000,LAST_TRADE,"5,$99775.0000"
2019-06-28 10:43:00.000000000,QUERY_SPREAD,81
2019-06-28 10:43:00.000000000,BEST_BID,"JPM,99775,159"
2019-06-28 10:43:00.000000000,BEST_ASK,"JPM,99793,182"
2019-06-28 10:43:00.000000000,LAST_TRADE,"5,$99775.0000"
2019-06-28 10:43:00.000000000,QUERY_SPREAD,82
2019-06-28 10:43:00.000000000,BEST_BID,"JPM,99775,153"
2019-06-28 10:43:00.000000000,BEST_ASK,"JPM,99793,182"
2019-06-28 10:43:00.000000000,LAST_TRADE,"6,$99775.0000"
2019-06-28 10:43:00.000000000,QUERY_SPREAD,83
2019-06-28 10:43:00.000000000,BEST_BID,"JPM,99775,149"
2019-06-28 10:43:00.000000000,BEST_ASK,"JPM,99793,182"
2019-06-28 10:43:00.000000000,LAST_TRADE,"4,$99775.0000"
2019-06-28 10:43:00.000000000,QUERY_SPREAD,84
2019-06-28 10:43:00.000000000,BEST_BID,"JPM,99775,144"
2019-06-28 10:43:00.000000000,BEST_ASK,"JPM,99793,182"
2019-06-28 10:43:00.000000000,LAST_TRADE,"5,$99775.0000"
2019-06-28 10:43:00.000000000,QUERY_SPREAD,85
2019-06-28 10:43:00.000000000,BEST_BID,"JPM,99775,139"
2019-06-28 10:43:00.000000000,BEST_ASK,"JPM,99793,182"
2019-06-28 10:43:00.000000000,LAST_TRADE,"5,$99775.0000"
2019-06-28 10:43:00.000000000,QUERY_SPREAD,86
2019-06-28 10:43:00.000000000,BEST_BID,"JPM,99775,130"
2019-06-28 10:43:00.000000000,BEST_ASK,"JPM,99793,182"
2019-06-28 10:43:00.000000000,LAST_TRADE,"9,$99775.0000"
2019-06-28 10:43:00.000000000,QUERY_SPREAD,87
2019-06-28 10:43:00.000000000,BEST_BID,"JPM,99775,128"
2019-06-28 10:43:00.000000000,BEST_ASK,"JPM,99793,182"
2019-06-28 10:43:00.000000000,LAST_TRADE,"2,$99775.0000"
2019-06-28 10:43:00.000000000,QUERY_SPREAD,88
2019-06-28 10:43:00.000000000,BEST_BID,"JPM,99775,120"
2019-06-28 10:43:00.000000000,BEST_ASK,"JPM,99793,182"
2019-06-28 10:43:00.000000000,LAST_TRADE,"8,$99775.0000"
2019-06-28 10:43:00.000000000,QUERY_SPREAD,89
2019-06-28 10:43:00.000000000,BEST_BID,"JPM,99775,113"
2019-06-28 10:43:00.000000000,BEST_ASK,"JPM,99793,182"
2019-06-28 10:43:00.000000000,LAST_TRADE,"7,$99775.0000"
2019-06-28 10:43:00.000000000,QUERY_SPREAD,90
2019-06-28 10:43:00.000000000,BEST_BID,"JPM,99775,107"
2019-06-28 10:43:00.000000000,BEST_ASK,"JPM,99793,182"
2019-06-28 10:43:00.000000000,LAST_TRADE,"6,$99775.0000"
2019-06-28 10:43:00.000000000,QUERY_SPREAD,91
2019-06-28 10:43:00.000000000,BEST_BID,"JPM,99775,102"
2019-06-28 10:43:00.000000000,BEST_ASK,"JPM,99793,182"
2019-06-28 10:43:00.000000000,LAST_TRADE,"5,$99775.0000"
2019-06-28 10:43:00.000000000,QUERY_SPREAD,92
2019-06-28 10:43:00.000000000,BEST_BID,"JPM,99775,101"
2019-06-28 10:43:00.000000000,BEST_ASK,"JPM,99793,182"
2019-06-28 10:43:00.000000000,LAST_TRADE,"1,$99775.0000"
2019-06-28 10:43:00.000000000,QUERY_SPREAD,93
2019-06-28 10:43:00.000000000,BEST_BID,"JPM,99775,99"
2019-06-28 10:43:00.000000000,BEST_ASK,"JPM,99793,182"
2019-06-28 10:43:00.000000000,LAST_TRADE,"2,$99775.0000"
2019-06-28 10:43:00.000000000,QUERY_SPREAD,94
2019-06-28 10:43:00.000000000,BEST_BID,"JPM,99775,97"
2019-06-28 10:43:00.000000000,BEST_ASK,"JPM,99793,182"
2019-06-28 10:43:00.000000000,LAST_TRADE,"2,$99775.0000"
2019-06-28 10:43:00.000000000,QUERY_SPREAD,95
2019-06-28 10:43:00.000000000,BEST_BID,"JPM,99775,90"
2019-06-28 10:43:00.000000000,BEST_ASK,"JPM,99793,182"
2019-06-28 10:43:00.000000000,LAST_TRADE,"7,$99775.0000"
2019-06-28 10:43:00.000000000,QUERY_SPREAD,96
2019-06-28 10:43:00.000000000,BEST_BID,"JPM,99775,83"
2019-06-28 10:43:00.000000000,BEST_ASK,"JPM,99793,182"
2019-06-28 10:43:00.000000000,LAST_TRADE,"7,$99775.0000"
2019-06-28 10:43:00.000000000,QUERY_SPREAD,97
2019-06-28 10:43:00.000000000,BEST_BID,"JPM,99775,77"
2019-06-28 10:43:00.000000000,BEST_ASK,"JPM,99793,182"
2019-06-28 10:43:00.000000000,LAST_TRADE,"6,$99775.0000"
2019-06-28 10:43:00.000000000,QUERY_SPREAD,98
2019-06-28 10:43:00.000000000,BEST_BID,"JPM,99775,73"
2019-06-28 10:43:00.000000000,BEST_ASK,"JPM,99793,182"
2019-06-28 10:43:00.000000000,LAST_TRADE,"4,$99775.0000"
2019-06-28 10:43:00.000000000,QUERY_SPREAD,99
2019-06-28 10:43:00.000000000,BEST_BID,"JPM,99775,71"
2019-06-28 10:43:00.000000000,BEST_ASK,"JPM,99793,182"
2019-06-28 10:43:00.000000000,LAST_TRADE,"2,$99775.0000"
2019-06-28 10:43:00.000000000,QUERY_SPREAD,100
2019-06-28 10:43:00.000000000,BEST_BID,"JPM,99775,65"
2019-06-28 10:43:00.000000000,BEST_ASK,"JPM,99793,182"
2019-06-28 10:43:00.000000000,LAST_TRADE,"6,$99775.0000"
2019-06-28 10:43:00.000000000,QUERY_SPREAD,101
2019-06-28 10:43:00.000000000,QUERY_ORDER_STREAM,101
2019-06-28 10:43:10.000000000,QUERY_SPREAD,1
2019-06-28 10:43:10.000000000,BEST_BID,"JPM,99764,182"
2019-06-28 10:43:10.000000000,BEST_ASK,"JPM,99793,100"
2019-06-28 10:43:10.000000000,BEST_BID,"JPM,99764,182"
2019-06-28 10:43:10.000000000,BEST_ASK,"JPM,99793,100"
2019-06-28 10:43:10.000000000,BEST_BID,"JPM,99764,182"
2019-06-28 10:43:10.000000000,BEST_ASK,"JPM,99793,100"
2019-06-28 10:43:10.000000000,BEST_BID,"JPM,99764,182"
2019-06-28 10:43:10.000000000,BEST_ASK,"JPM,99793,100"
2019-06-28 10:43:10.000000000,BEST_BID,"JPM,99764,182"
2019-06-28 10:43:10.000000000,BEST_ASK,"JPM,99793,182"
2019-06-28 10:43:10.000000000,BEST_BID,"JPM,99764,182"
2019-06-28 10:43:10.000000000,BEST_ASK,"JPM,99793,182"
2019-06-28 10:43:10.000000000,BEST_BID,"JPM,99764,182"
2019-06-28 10:43:10.000000000,BEST_ASK,"JPM,99793,182"
2019-06-28 10:43:10.000000000,BEST_BID,"JPM,99764,182"
2019-06-28 10:43:10.000000000,BEST_ASK,"JPM,99793,182"
2019-06-28 10:43:11.067083252,QUERY_SPREAD,5
2019-06-28 10:43:11.067083252,BEST_BID,"JPM,99764,182"
2019-06-28 10:43:11.067083252,BEST_ASK,"JPM,99793,182"
2019-06-28 10:43:20.000000000,QUERY_SPREAD,1
2019-06-28 10:43:20.000000000,BEST_BID,"JPM,99764,428"
2019-06-28 10:43:20.000000000,BEST_ASK,"JPM,99793,100"
2019-06-28 10:43:20.000000000,BEST_BID,"JPM,99764,428"
2019-06-28 10:43:20.000000000,BEST_ASK,"JPM,99793,428"
2019-06-28 10:43:24.669580748,QUERY_SPREAD,30
2019-06-28 10:43:24.669580748,BEST_BID,"JPM,99764,428"
2019-06-28 10:43:24.669580748,BEST_ASK,"JPM,99793,428"
2019-06-28 10:43:30.000000000,QUERY_SPREAD,1
2019-06-28 10:43:30.000000000,BEST_BID,"JPM,99764,166"
2019-06-28 10:43:30.000000000,BEST_ASK,"JPM,99793,100"
2019-06-28 10:43:30.000000000,BEST_BID,"JPM,99764,166"
2019-06-28 10:43:30.000000000,BEST_ASK,"JPM,99793,100"
2019-06-28 10:43:30.000000000,BEST_BID,"JPM,99764,166"
2019-06-28 10:43:30.000000000,BEST_ASK,"JPM,99793,100"
2019-06-28 10:43:30.000000000,BEST_BID,"JPM,99764,166"
2019-06-28 10:43:30.000000000,BEST_ASK,"JPM,99793,100"
2019-06-28 10:43:30.000000000,BEST_BID,"JPM,99764,166"
2019-06-28 10:43:30.000000000,BEST_ASK,"JPM,99793,100"
2019-06-28 10:43:30.000000000,BEST_BID,"JPM,99764,166"
2019-06-28 10:43:30.000000000,BEST_ASK,"JPM,99793,166"
2019-06-28 10:43:30.000000000,BEST_BID,"JPM,99764,166"
2019-06-28 10:43:30.000000000,BEST_ASK,"JPM,99793,166"
2019-06-28 10:43:30.000000000,BEST_BID,"JPM,99764,166"
2019-06-28 10:43:30.000000000,BEST_ASK,"JPM,99793,166"
2019-06-28 10:43:30.000000000,BEST_BID,"JPM,99764,166"
2019-06-28 10:43:30.000000000,BEST_ASK,"JPM,99793,166"
2019-06-28 10:43:30.000000000,BEST_BID,"JPM,99764,166"
2019-06-28 10:43:30.000000000,BEST_ASK,"JPM,99793,166"
2019-06-28 10:43:40.000000000,QUERY_SPREAD,1
2019-06-28 10:43:40.000000000,BEST_BID,"JPM,99764,212"
2019-06-28 10:43:40.000000000,BEST_ASK,"JPM,99793,100"
2019-06-28 10:43:40.000000000,BEST_BID,"JPM,99764,212"
2019-06-28 10:43:40.000000000,BEST_ASK,"JPM,99793,100"
2019-06-28 10:43:40.000000000,BEST_BID,"JPM,99764,212"
2019-06-28 10:43:40.000000000,BEST_ASK,"JPM,99793,100"
2019-06-28 10:43:40.000000000,BEST_BID,"JPM,99764,212"
2019-06-28 10:43:40.000000000,BEST_ASK,"JPM,99793,212"
2019-06-28 10:43:40.000000000,BEST_BID,"JPM,99764,212"
2019-06-28 10:43:40.000000000,BEST_ASK,"JPM,99793,212"
2019-06-28 10:43:40.000000000,BEST_BID,"JPM,99764,212"
2019-06-28 10:43:40.000000000,BEST_ASK,"JPM,99793,212"
2019-06-28 10:43:42.770201617,QUERY_ORDER_STREAM,65
2019-06-28 10:43:42.770201617,QUERY_SPREAD,65
2019-06-28 10:43:50.000000000,QUERY_SPREAD,1
2019-06-28 10:43:50.000000000,BEST_BID,"JPM,99764,212"
2019-06-28 10:43:50.000000000,BEST_ASK,"JPM,99793,100"
2019-06-28 10:43:50.000000000,BEST_BID,"JPM,99764,212"
2019-06-28 10:43:50.000000000,BEST_ASK,"JPM,99793,100"
2019-06-28 10:43:50.000000000,BEST_BID,"JPM,99764,212"
2019-06-28 10:43:50.000000000,BEST_ASK,"JPM,99793,100"
2019-06-28 10:43:50.000000000,BEST_BID,"JPM,99764,212"
2019-06-28 10:43:50.000000000,BEST_ASK,"JPM,99793,212"
2019-06-28 10:43:50.000000000,BEST_BID,"JPM,99764,212"
2019-06-28 10:43:50.000000000,BEST_ASK,"JPM,99793,212"
2019-06-28 10:43:50.000000000,BEST_BID,"JPM,99764,212"
2019-06-28 10:43:50.000000000,BEST_ASK,"JPM,99793,212"
2019-06-28 10:43:53.480413697,QUERY_SPREAD,27
2019-06-28 10:43:53.480413697,BEST_BID,"JPM,99764,212"
2019-06-28 10:43:53.480413697,BEST_ASK,"JPM,99793,112"
2019-06-28 10:43:53.480413697,LAST_TRADE,"100,$99793.0000"
2019-06-28 10:44:00.000000000,QUERY_SPREAD,1
2019-06-28 10:44:00.000000000,BEST_BID,"JPM,99764,428"
2019-06-28 10:44:00.000000000,BEST_ASK,"JPM,99796,100"
2019-06-28 10:44:00.000000000,BEST_BID,"JPM,99764,428"
2019-06-28 10:44:00.000000000,BEST_ASK,"JPM,99796,428"
2019-06-28 10:44:00.000000000,QUERY_SPREAD,77
2019-06-28 10:44:00.000000000,BEST_BID,"JPM,99764,424"
2019-06-28 10:44:00.000000000,BEST_ASK,"JPM,99796,428"
2019-06-28 10:44:00.000000000,LAST_TRADE,"4,$99764.0000"
2019-06-28 10:44:00.000000000,QUERY_SPREAD,78
2019-06-28 10:44:00.000000000,BEST_BID,"JPM,99764,416"
2019-06-28 10:44:00.000000000,BEST_ASK,"JPM,99796,428"
2019-06-28 10:44:00.000000000,LAST_TRADE,"8,$99764.0000"
2019-06-28 10:44:00.000000000,QUERY_SPREAD,79
2019-06-28 10:44:00.000000000,BEST_BID,"JPM,99764,415"
2019-06-28 10:44:00.000000000,BEST_ASK,"JPM,99796,428"
2019-06-28 10:44:00.000000000,LAST_TRADE,"1,$99764.0000"
2019-06-28 10:44:00.000000000,QUERY_SPREAD,80
2019-06-28 10:44:00.000000000,BEST_BID,"JPM,99764,410"
2019-06-28 10:44:00.000000000,BEST_ASK,"JPM,99796,428"
2019-06-28 10:44:00.000000000,LAST_TRADE,"5,$99764.0000"
2019-06-28 10:44:00.000000000,QUERY_SPREAD,81
2019-06-28 10:44:00.000000000,BEST_BID,"JPM,99764,405"
2019-06-28 10:44:00.000000000,BEST_ASK,"JPM,99796,428"
2019-06-28 10:44:00.000000000,LAST_TRADE,"5,$99764.0000"
2019-06-28 10:44:00.000000000,QUERY_SPREAD,82
2019-06-28 10:44:00.000000000,BEST_BID,"JPM,99764,399"
2019-06-28 10:44:00.000000000,BEST_ASK,"JPM,99796,428"
2019-06-28 10:44:00.000000000,LAST_TRADE,"6,$99764.0000"
2019-06-28 10:44:00.000000000,QUERY_SPREAD,83
2019-06-28 10:44:00.000000000,BEST_BID,"JPM,99764,395"
2019-06-28 10:44:00.000000000,BEST_ASK,"JPM,99796,428"
2019-06-28 10:44:00.000000000,LAST_TRADE,"4,$99764.0000"
2019-06-28 10:44:00.000000000,QUERY_SPREAD,84
2019-06-28 10:44:00.000000000,BEST_BID,"JPM,99764,390"
2019-06-28 10:44:00.000000000,BEST_ASK,"JPM,99796,428"
2019-06-28 10:44:00.000000000,LAST_TRADE,"5,$99764.0000"
2019-06-28 10:44:00.000000000,QUERY_SPREAD,85
2019-06-28 10:44:00.000000000,BEST_BID,"JPM,99764,385"
2019-06-28 10:44:00.000000000,BEST_ASK,"JPM,99796,428"
2019-06-28 10:44:00.000000000,LAST_TRADE,"5,$99764.0000"
2019-06-28 10:44:00.000000000,QUERY_SPREAD,86
2019-06-28 10:44:00.000000000,BEST_BID,"JPM,99764,376"
2019-06-28 10:44:00.000000000,BEST_ASK,"JPM,99796,428"
2019-06-28 10:44:00.000000000,LAST_TRADE,"9,$99764.0000"
2019-06-28 10:44:00.000000000,QUERY_SPREAD,87
2019-06-28 10:44:00.000000000,BEST_BID,"JPM,99764,374"
2019-06-28 10:44:00.000000000,BEST_ASK,"JPM,99796,428"
2019-06-28 10:44:00.000000000,LAST_TRADE,"2,$99764.0000"
2019-06-28 10:44:00.000000000,QUERY_SPREAD,88
2019-06-28 10:44:00.000000000,BEST_BID,"JPM,99764,366"
2019-06-28 10:44:00.000000000,BEST_ASK,"JPM,99796,428"
2019-06-28 10:44:00.000000000,LAST_TRADE,"8,$99764.0000"
2019-06-28 10:44:00.000000000,QUERY_SPREAD,89
2019-06-28 10:44:00.000000000,BEST_BID,"JPM,99764,359"
2019-06-28 10:44:00.000000000,BEST_ASK,"JPM,99796,428"
2019-06-28 10:44:00.000000000,LAST_TRADE,"7,$99764.0000"
2019-06-28 10:44:00.000000000,QUERY_SPREAD,90
2019-06-28 10:44:00.000000000,BEST_BID,"JPM,99764,353"
2019-06-28 10:44:00.000000000,BEST_ASK,"JPM,99796,428"
2019-06-28 10:44:00.000000000,LAST_TRADE,"6,$99764.0000"
2019-06-28 10:44:00.000000000,QUERY_SPREAD,91
2019-06-28 10:44:00.000000000,BEST_BID,"JPM,99764,348"
2019-06-28 10:44:00.000000000,BEST_ASK,"JPM,99796,428"
2019-06-28 10:44:00.000000000,LAST_TRADE,"5,$99764.0000"
2019-06-28 10:44:00.000000000,QUERY_SPREAD,92
2019-06-28 10:44:00.000000000,BEST_BID,"JPM,99764,347"
2019-06-28 10:44:00.000000000,BEST_ASK,"JPM,99796,428"
2019-06-28 10:44:00.000000000,LAST_TRADE,"1,$99764.0000"
2019-06-28 10:44:00.000000000,QUERY_SPREAD,93
2019-06-28 10:44:00.000000000,BEST_BID,"JPM,99764,345"
2019-06-28 10:44:00.000000000,BEST_ASK,"JPM,99796,428"
2019-06-28 10:44:00.000000000,LAST_TRADE,"2,$99764.0000"
2019-06-28 10:44:00.000000000,QUERY_SPREAD,94
2019-06-28 10:44:00.000000000,BEST_BID,"JPM,99764,343"
2019-06-28 10:44:00.000000000,BEST_ASK,"JPM,99796,428"
2019-06-28 10:44:00.000000000,LAST_TRADE,"2,$99764.0000"
2019-06-28 10:44:00.000000000,QUERY_SPREAD,95
2019-06-28 10:44:00.000000000,BEST_BID,"JPM,99764,336"
2019-06-28 10:44:00.000000000,BEST_ASK,"JPM,99796,428"
2019-06-28 10:44:00.000000000,LAST_TRADE,"7,$99764.0000"
2019-06-28 10:44:00.000000000,QUERY_SPREAD,96
2019-06-28 10:44:00.000000000,BEST_BID,"JPM,99764,329"
2019-06-28 10:44:00.000000000,BEST_ASK,"JPM,99796,428"
2019-06-28 10:44:00.000000000,LAST_TRADE,"7,$99764.0000"
2019-06-28 10:44:00.000000000,QUERY_SPREAD,97
2019-06-28 10:44:00.000000000,BEST_BID,"JPM,99764,323"
2019-06-28 10:44:00.000000000,BEST_ASK,"JPM,99796,428"
2019-06-28 10:44:00.000000000,LAST_TRADE,"6,$99764.0000"
2019-06-28 10:44:00.000000000,QUERY_SPREAD,98
2019-06-28 10:44:00.000000000,BEST_BID,"JPM,99764,319"
2019-06-28 10:44:00.000000000,BEST_ASK,"JPM,99796,428"
2019-06-28 10:44:00.000000000,LAST_TRADE,"4,$99764.0000"
2019-06-28 10:44:00.000000000,QUERY_SPREAD,99
2019-06-28 10:44:00.000000000,BEST_BID,"JPM,99764,317"
2019-06-28 10:44:00.000000000,BEST_ASK,"JPM,99796,428"
2019-06-28 10:44:00.000000000,LAST_TRADE,"2,$99764.0000"
2019-06-28 10:44:00.000000000,QUERY_SPREAD,100
2019-06-28 10:44:00.000000000,BEST_BID,"JPM,99764,311"
2019-06-28 10:44:00.000000000,BEST_ASK,"JPM,99796,428"
2019-06-28 10:44:00.000000000,LAST_TRADE,"6,$99764.0000"
2019-06-28 10:44:00.000000000,QUERY_SPREAD,101
2019-06-28 10:44:00.000000000,QUERY_ORDER_STREAM,101
2019-06-28 10:44:10.000000000,QUERY_SPREAD,1
2019-06-28 10:44:10.000000000,BEST_BID,"JPM,99760,264"
2019-06-28 10:44:10.000000000,BEST_ASK,"JPM,99796,100"
2019-06-28 10:44:10.000000000,BEST_BID,"JPM,99760,264"
2019-06-28 10:44:10.000000000,BEST_ASK,"JPM,99796,100"
2019-06-28 10:44:10.000000000,BEST_BID,"JPM,99760,264"
2019-06-28 10:44:10.000000000,BEST_ASK,"JPM,99796,264"
2019-06-28 10:44:10.000000000,BEST_BID,"JPM,99760,264"
2019-06-28 10:44:10.000000000,BEST_ASK,"JPM,99796,264"
2019-06-28 10:44:11.581963301,QUERY_SPREAD,48
2019-06-28 10:44:11.581963301,BEST_BID,"JPM,99760,164"
2019-06-28 10:44:11.581963301,BEST_ASK,"JPM,99796,264"
2019-06-28 10:44:11.581963301,LAST_TRADE,"100,$99760.0000"
2019-06-28 10:44:20.000000000,QUERY_SPREAD,1
2019-06-28 10:44:20.000000000,BEST_BID,"JPM,99710,212"
2019-06-28 10:44:20.000000000,BEST_ASK,"JPM,99796,100"
2019-06-28 10:44:20.000000000,BEST_BID,"JPM,99710,212"
2019-06-28 10:44:20.000000000,BEST_ASK,"JPM,99796,100"
2019-06-28 10:44:20.000000000,BEST_BID,"JPM,99710,212"
2019-06-28 10:44:20.000000000,BEST_ASK,"JPM,99796,100"
2019-06-28 10:44:20.000000000,BEST_BID,"JPM,99710,212"
2019-06-28 10:44:20.000000000,BEST_ASK,"JPM,99796,212"
2019-06-28 10:44:20.000000000,BEST_BID,"JPM,99710,212"
2019-06-28 10:44:20.000000000,BEST_ASK,"JPM,99796,212"
2019-06-28 10:44:20.000000000,BEST_BID,"JPM,99710,212"
2019-06-28 10:44:20.000000000,BEST_ASK,"JPM,99796,212"
2019-06-28 10:44:29.980763333,QUERY_SPREAD,7
2019-06-28 10:44:29.980763333,BEST_BID,"JPM,99710,112"
2019-06-28 10:44:29.980763333,BEST_ASK,"JPM,99796,212"
2019-06-28 10:44:29.980763333,LAST_TRADE,"100,$99710.0000"
2019-06-28 10:44:30.000000000,QUERY_SPREAD,1
2019-06-28 10:44:30.000000000,BEST_BID,"JPM,99541,264"
2019-06-28 10:44:30.000000000,BEST_ASK,"JPM,99796,100"
2019-06-28 10:44:30.000000000,BEST_BID,"JPM,99541,264"
2019-06-28 10:44:30.000000000,BEST_ASK,"JPM,99796,100"
2019-06-28 10:44:30.000000000,BEST_BID,"JPM,99541,264"
2019-06-28 10:44:30.000000000,BEST_ASK,"JPM,99796,264"
2019-06-28 10:44:30.000000000,BEST_BID,"JPM,99541,264"
2019-06-28 10:44:30.000000000,BEST_ASK,"JPM,99796,264"
2019-06-28 10:44:31.758845556,QUERY_ORDER_STREAM,76
2019-06-28 10:44:31.758845556,QUERY_SPREAD,76
2019-06-28 10:44:31.758845556,BEST_BID,"JPM,99541,264"
2019-06-28 10:44:31.758845556,BEST_ASK,"JPM,99760,100"
2019-06-28 10:44:32.670267886,QUERY_SPREAD,6
2019-06-28 10:44:32.670267886,BEST_BID,"JPM,99541,264"
2019-06-28 10:44:32.670267886,BEST_ASK,"JPM,99760,100"
2019-06-28 10:44:37.928470341,QUERY_ORDER_STREAM,61
2019-06-28 10:44:37.928470341,QUERY_SPREAD,61
2019-06-28 10:44:40.000000000,QUERY_SPREAD,1
2019-06-28 10:44:40.000000000,BEST_BID,"JPM,99541,182"
2019-06-28 10:44:40.000000000,BEST_ASK,"JPM,99760,100"
2019-06-28 10:44:40.000000000,BEST_BID,"JPM,99541,182"
2019-06-28 10:44:40.000000000,BEST_ASK,"JPM,99760,100"
2019-06-28 10:44:40.000000000,BEST_BID,"JPM,99541,182"
2019-06-28 10:44:40.000000000,BEST_ASK,"JPM,99760,100"
2019-06-28 10:44:40.000000000,BEST_BID,"JPM,99541,182"
2019-06-28 10:44:40.000000000,BEST_ASK,"JPM,99760,100"
2019-06-28 10:44:40.000000000,BEST_BID,"JPM,99541,182"
2019-06-28 10:44:40.000000000,BEST_ASK,"JPM,99760,182"
2019-06-28 10:44:40.000000000,BEST_BID,"JPM,99541,182"
2019-06-28 10:44:40.000000000,BEST_ASK,"JPM,99760,182"
2019-06-28 10:44:40.000000000,BEST_BID,"JPM,99541,182"
2019-06-28 10:44:40.000000000,BEST_ASK,"JPM,99760,182"
2019-06-28 10:44:40.000000000,BEST_BID,"JPM,99541,182"
2019-06-28 10:44:40.000000000,BEST_ASK,"JPM,99760,182"
2019-06-28 10:44:43.542680659,QUERY_SPREAD,17
2019-06-28 10:44:43.542680659,BEST_BID,"JPM,99541,182"
2019-06-28 10:44:43.542680659,BEST_ASK,"JPM,99760,82"
2019-06-28 10:44:43.542680659,LAST_TRADE,"100,$99760.0000"
2019-06-28 10:44:43.543007555,QUERY_ORDER_STREAM,63
2019-06-28 10:44:43.543007555,QUERY_SPREAD,63
2019-06-28 10:44:50.000000000,QUERY_SPREAD,1
2019-06-28 10:44:50.000000000,BEST_BID,"JPM,99541,428"
2019-06-28 10:44:50.000000000,BEST_ASK,"JPM,99779,100"
2019-06-28 10:44:50.000000000,BEST_BID,"JPM,99541,428"
2019-06-28 10:44:50.000000000,BEST_ASK,"JPM,99779,428"
2019-06-28 10:45:00.000000000,QUERY_SPREAD,1
2019-06-28 10:45:00.000000000,BEST_BID,"JPM,99541,212"
2019-06-28 10:45:00.000000000,BEST_ASK,"JPM,99779,100"
2019-06-28 10:45:00.000000000,BEST_BID,"JPM,99541,212"
2019-06-28 10:45:00.000000000,BEST_ASK,"JPM,99779,100"
2019-06-28 10:45:00.000000000,BEST_BID,"JPM,99541,212"
2019-06-28 10:45:00.000000000,BEST_ASK,"JPM,99779,100"
2019-06-28 10:45:00.000000000,BEST_BID,"JPM,99541,212"
2019-06-28 10:45:00.000000000,BEST_ASK,"JPM,99779,212"
2019-06-28 10:45:00.000000000,BEST_BID,"JPM,99541,212"
2019-06-28 10:45:00.000000000,BEST_ASK,"JPM,99779,212"
2019-06-28 10:45:00.000000000,BEST_BID,"JPM,99541,212"
2019-06-28 10:45:00.000000000,BEST_ASK,"JPM,99779,212"
2019-06-28 10:45:00.000000000,QUERY_SPREAD,77
2019-06-28 10:45:00.000000000,BEST_BID,"JPM,99541,208"
2019-06-28 10:45:00.000000000,BEST_ASK,"JPM,99779,212"
2019-06-28 10:45:00.000000000,LAST_TRADE,"4,$99541.0000"
2019-06-28 10:45:00.000000000,QUERY_SPREAD,78
2019-06-28 10:45:00.000000000,BEST_BID,"JPM,99541,200"
2019-06-28 10:45:00.000000000,BEST_ASK,"JPM,99779,212"
2019-06-28 10:45:00.000000000,LAST_TRADE,"8,$99541.0000"
2019-06-28 10:45:00.000000000,QUERY_SPREAD,79
2019-06-28 10:45:00.000000000,BEST_BID,"JPM,99541,199"
2019-06-28 10:45:00.000000000,BEST_ASK,"JPM,99779,212"
2019-06-28 10:45:00.000000000,LAST_TRADE,"1,$99541.0000"
2019-06-28 10:45:00.000000000,QUERY_SPREAD,80
2019-06-28 10:45:00.000000000,BEST_BID,"JPM,99541,194"
2019-06-28 10:45:00.000000000,BEST_ASK,"JPM,99779,212"
2019-06-28 10:45:00.000000000,LAST_TRADE,"5,$99541.0000"
2019-06-28 10:45:00.000000000,QUERY_SPREAD,81
2019-06-28 10:45:00.000000000,BEST_BID,"JPM,99541,189"
2019-06-28 10:45:00.000000000,BEST_ASK,"JPM,99779,212"
2019-06-28 10:45:00.000000000,LAST_TRADE,"5,$99541.0000"
2019-06-28 10:45:00.000000000,QUERY_SPREAD,82
2019-06-28 10:45:00.000000000,BEST_BID,"JPM,99541,183"
2019-06-28 10:45:00.000000000,BEST_ASK,"JPM,99779,212"
2019-06-28 10:45:00.000000000,LAST_TRADE,"6,$99541.0000"
2019-06-28 10:45:00.000000000,QUERY_SPREAD,83
2019-06-28 10:45:00.000000000,BEST_BID,"JPM,99541,179"
2019-06-28 10:45:00.000000000,BEST_ASK,"JPM,99779,212"
2019-06-28 10:45:00.000000000,LAST_TRADE,"4,$99541.0000"
2019-06-28 10:45:00.000000000,QUERY_SPREAD,84
2019-06-28 10:45:00.000000000,BEST_BID,"JPM,99541,174"
2019-06-28 10:45:00.000000000,BEST_ASK,"JPM,99779,212"
2019-06-28 10:45:00.000000000,LAST_TRADE,"5,$99541.0000"
2019-06-28 10:45:00.000000000,QUERY_SPREAD,85
2019-06-28 10:45:00.000000000,BEST_BID,"JPM,99541,169"
2019-06-28 10:45:00.000000000,BEST_ASK,"JPM,99779,212"
2019-06-28 10:45:00.000000000,LAST_TRADE,"5,$99541.0000"
2019-06-28 10:45:00.000000000,QUERY_SPREAD,86
2019-06-28 10:45:00.000000000,BEST_BID,"JPM,99541,160"
2019-06-28 10:45:00.000000000,BEST_ASK,"JPM,99779,212"
2019-06-28 10:45:00.000000000,LAST_TRADE,"9,$99541.0000"
2019-06-28 10:45:00.000000000,QUERY_SPREAD,87
2019-06-28 10:45:00.000000000,BEST_BID,"JPM,99541,158"
2019-06-28 10:45:00.000000000,BEST_ASK,"JPM,99779,212"
2019-06-28 10:45:00.000000000,LAST_TRADE,"2,$99541.0000"
2019-06-28 10:45:00.000000000,QUERY_SPREAD,88
2019-06-28 10:45:00.000000000,BEST_BID,"JPM,99541,150"
2019-06-28 10:45:00.000000000,BEST_ASK,"JPM,99779,212"
2019-06-28 10:45:00.000000000,LAST_TRADE,"8,$99541.0000"
2019-06-28 10:45:00.000000000,QUERY_SPREAD,89
2019-06-28 10:45:00.000000000,BEST_BID,"JPM,99541,143"
2019-06-28 10:45:00.000000000,BEST_ASK,"JPM,99779,212"
2019-06-28 10:45:00.000000000,LAST_TRADE,"7,$99541.0000"
2019-06-28 10:45:00.000000000,QUERY_SPREAD,90
2019-06-28 10:45:00.000000000,BEST_BID,"JPM,99541,137"
2019-06-28 10:45:00.000000000,BEST_ASK,"JPM,99779,212"
2019-06-28 10:45:00.000000000,LAST_TRADE,"6,$99541.0000"
2019-06-28 10:45:00.000000000,QUERY_SPREAD,91
2019-06-28 10:45:00.000000000,BEST_BID,"JPM,99541,132"
2019-06-28 10:45:00.000000000,BEST_ASK,"JPM,99779,212"
2019-06-28 10:45:00.000000000,LAST_TRADE,"5,$99541.0000"
2019-06-28 10:45:00.000000000,QUERY_SPREAD,92
2019-06-28 10:45:00.000000000,BEST_BID,"JPM,99541,131"
2019-06-28 10:45:00.000000000,BEST_ASK,"JPM,99779,212"
2019-06-28 10:45:00.000000000,LAST_TRADE,"1,$99541.0000"
2019-06-28 10:45:00.000000000,QUERY_SPREAD,93
2019-06-28 10:45:00.000000000,BEST_BID,"JPM,99541,129"
2019-06-28 10:45:00.000000000,BEST_ASK,"JPM,99779,212"
2019-06-28 10:45:00.000000000,LAST_TRADE,"2,$99541.0000"
2019-06-28 10:45:00.000000000,QUERY_SPREAD,94
2019-06-28 10:45:00.000000000,BEST_BID,"JPM,99541,127"
2019-06-28 10:45:00.000000000,BEST_ASK,"JPM,99779,212"
2019-06-28 10:45:00.000000000,LAST_TRADE,"2,$99541.0000"
2019-06-28 10:45:00.000000000,QUERY_SPREAD,95
2019-06-28 10:45:00.000000000,BEST_BID,"JPM,99541,120"
2019-06-28 10:45:00.000000000,BEST_ASK,"JPM,99779,212"
2019-06-28 10:45:00.000000000,LAST_TRADE,"7,$99541.0000"
2019-06-28 10:45:00.000000000,QUERY_SPREAD,96
2019-06-28 10:45:00.000000000,BEST_BID,"JPM,99541,113"
2019-06-28 10:45:00.000000000,BEST_ASK,"JPM,99779,212"
2019-06-28 10:45:00.000000000,LAST_TRADE,"7,$99541.0000"
2019-06-28 10:45:00.000000000,QUERY_SPREAD,97
2019-06-28 10:45:00.000000000,BEST_BID,"JPM,99541,107"
2019-06-28 10:45:00.000000000,BEST_ASK,"JPM,99779,212"
2019-06-28 10:45:00.000000000,LAST_TRADE,"6,$99541.0000"
2019-06-28 10:45:00.000000000,QUERY_SPREAD,98
2019-06-28 10:45:00.000000000,BEST_BID,"JPM,99541,103"
2019-06-28 10:45:00.000000000,BEST_ASK,"JPM,99779,212"
2019-06-28 10:45:00.000000000,LAST_TRADE,"4,$99541.0000"
2019-06-28 10:45:00.000000000,QUERY_SPREAD,99
2019-06-28 10:45:00.000000000,BEST_BID,"JPM,99541,101"
2019-06-28 10:45:00.000000000,BEST_ASK,"JPM,99779,212"
2019-06-28 10:45:00.000000000,LAST_TRADE,"2,$99541.0000"
2019-06-28 10:45:00.000000000,QUERY_SPREAD,100
2019-06-28 10:45:00.000000000,BEST_BID,"JPM,99541,95"
2019-06-28 10:45:00.000000000,BEST_ASK,"JPM,99779,212"
2019-06-28 10:45:00.000000000,LAST_TRADE,"6,$99541.0000"
2019-06-28 10:45:00.000000000,QUERY_SPREAD,101
2019-06-28 10:45:00.000000000,QUERY_ORDER_STREAM,101
2019-06-28 10:45:10.000000000,QUERY_SPREAD,1
2019-06-28 10:45:10.000000000,BEST_BID,"JPM,99088,166"
2019-06-28 10:45:10.000000000,BEST_ASK,"JPM,99779,100"
2019-06-28 10:45:10.000000000,BEST_BID,"JPM,99088,166"
2019-06-28 10:45:10.000000000,BEST_ASK,"JPM,99779,100"
2019-06-28 10:45:10.000000000,BEST_BID,"JPM,99088,166"
2019-06-28 10:45:10.000000000,BEST_ASK,"JPM,99779,100"
2019-06-28 10:45:10.000000000,BEST_BID,"JPM,99088,166"
2019-06-28 10:45:10.000000000,BEST_ASK,"JPM,99779,166"
2019-06-28 10:45:10.000000000,BEST_BID,"JPM,99088,166"
2019-06-28 10:45:10.000000000,BEST_ASK,"JPM,99779,166"
2019-06-28 10:45:10.000000000,BEST_BID,"JPM,99088,166"
2019-06-28 10:45:10.000000000,BEST_ASK,"JPM,99779,166"
2019-06-28 10:45:10.000000000,BEST_BID,"JPM,99088,166"
2019-06-28 10:45:10.000000000,BEST_ASK,"JPM,99779,166"
2019-06-28 10:45:10.000000000,BEST_BID,"JPM,99088,166"
2019-06-28 10:45:10.000000000,BEST_ASK,"JPM,99779,166"
2019-06-28 10:45:12.574559543,QUERY_SPREAD,11
2019-06-28 10:45:12.574559543,BEST_BID,"JPM,99088,166"
2019-06-28 10:45:12.574559543,BEST_ASK,"JPM,99779,66"
2019-06-28 10:45:12.574559543,LAST_TRADE,"100,$99779.0000"
2019-06-28 10:45:17.142420179,QUERY_SPREAD,27
2019-06-28 10:45:17.142420179,BEST_BID,"JPM,99088,166"
2019-06-28 10:45:17.142420179,BEST_ASK,"JPM,99779,66"
2019-06-28 10:45:20.000000000,QUERY_SPREAD,1
2019-06-28 10:45:20.000000000,BEST_BID,"JPM,99088,212"
2019-06-28 10:45:20.000000000,BEST_ASK,"JPM,99796,100"
2019-06-28 10:45:20.000000000,BEST_BID,"JPM,99088,212"
2019-06-28 10:45:20.000000000,BEST_ASK,"JPM,99796,100"
2019-06-28 10:45:20.000000000,BEST_BID,"JPM,99088,212"
2019-06-28 10:45:20.000000000,BEST_ASK,"JPM,99796,100"
2019-06-28 10:45:20.000000000,BEST_BID,"JPM,99088,212"
2019-06-28 10:45:20.000000000,BEST_ASK,"JPM,99796,212"
2019-06-28 10:45:20.000000000,BEST_BID,"JPM,99088,212"
2019-06-28 10:45:20.000000000,BEST_ASK,"JPM,99796,212"
2019-06-28 10:45:20.000000000,BEST_BID,"JPM,99088,212"
2019-06-28 10:45:20.000000000,BEST_ASK,"JPM,99796,212"
2019-06-28 10:45:30.000000000,QUERY_SPREAD,1
2019-06-28 10:45:30.000000000,BEST_BID,"JPM,99088,212"
2019-06-28 10:45:30.000000000,BEST_ASK,"JPM,99796,100"
2019-06-28 10:45:30.000000000,BEST_BID,"JPM,99088,212"
2019-06-28 10:45:30.000000000,BEST_ASK,"JPM,99796,100"
2019-06-28 10:45:30.000000000,BEST_BID,"JPM,99088,212"
2019-06-28 10:45:30.000000000,BEST_ASK,"JPM,99796,100"
2019-06-28 10:45:30.000000000,BEST_BID,"JPM,99088,212"
2019-06-28 10:45:30.000000000,BEST_ASK,"JPM,99796,212"
2019-06-28 10:45:30.000000000,BEST_BID,"JPM,99088,212"
2019-06-28 10:45:30.000000000,BEST_ASK,"JPM,99796,212"
2019-06-28 10:45:30.000000000,BEST_BID,"JPM,99088,212"
2019-06-28 10:45:30.000000000,BEST_ASK,"JPM,99796,212"
2019-06-28 10:45:40.000000000,QUERY_SPREAD,1
2019-06-28 10:45:40.000000000,BEST_BID,"JPM,99088,166"
2019-06-28 10:45:40.000000000,BEST_ASK,"JPM,99796,100"
2019-06-28 10:45:40.000000000,BEST_BID,"JPM,99088,166"
2019-06-28 10:45:40.000000000,BEST_ASK,"JPM,99796,100"
2019-06-28 10:45:40.000000000,BEST_BID,"JPM,99088,166"
2019-06-28 10:45:40.000000000,BEST_ASK,"JPM,99796,100"
2019-06-28 10:45:40.000000000,BEST_BID,"JPM,99088,166"
2019-06-28 10:45:40.000000000,BEST_ASK,"JPM,99796,166"
2019-06-28 10:45:40.000000000,BEST_BID,"JPM,99088,166"
2019-06-28 10:45:40.000000000,BEST_ASK,"JPM,99796,166"
2019-06-28 10:45:40.000000000,BEST_BID,"JPM,99088,166"
2019-06-28 10:45:40.000000000,BEST_ASK,"JPM,99796,166"
2019-06-28 10:45:40.000000000,BEST_BID,"JPM,99088,166"
2019-06-28 10:45:40.000000000,BEST_ASK,"JPM,99796,166"
2019-06-28 10:45:40.000000000,BEST_BID,"JPM,99088,166"
2019-06-28 10:45:40.000000000,BEST_ASK,"JPM,99796,166"
2019-06-28 10:45:50.000000000,QUERY_SPREAD,1
2019-06-28 10:45:50.000000000,BEST_BID,"JPM,99088,212"
2019-06-28 10:45:50.000000000,BEST_ASK,"JPM,99796,100"
2019-06-28 10:45:50.000000000,BEST_BID,"JPM,99088,212"
2019-06-28 10:45:50.000000000,BEST_ASK,"JPM,99796,100"
2019-06-28 10:45:50.000000000,BEST_BID,"JPM,99088,212"
2019-06-28 10:45:50.000000000,BEST_ASK,"JPM,99796,100"
2019-06-28 10:45:50.000000000,BEST_BID,"JPM,99088,212"
2019-06-28 10:45:50.000000000,BEST_ASK,"JPM,99796,212"
2019-06-28 10:45:50.000000000,BEST_BID,"JPM,99088,212"
2019-06-28 10:45:50.000000000,BEST_ASK,"JPM,99796,212"
2019-06-28 10:45:50.000000000,BEST_BID,"JPM,99088,212"
2019-06-28 10:45:50.000000000,BEST_ASK,"JPM,99796,212"
2019-06-28 10:45:53.107828950,QUERY_ORDER_STREAM,55
2019-06-28 10:45:53.107828950,QUERY_SPREAD,55
2019-06-28 10:46:00.000000000,QUERY_SPREAD,1
2019-06-28 10:46:00.000000000,BEST_BID,"JPM,99088,428"
2019-06-28 10:46:00.000000000,BEST_ASK,"JPM,99796,100"
2019-06-28 10:46:00.000000000,BEST_BID,"JPM,99088,428"
2019-06-28 10:46:00.000000000,BEST_ASK,"JPM,99796,428"
2019-06-28 10:46:00.000000000,QUERY_SPREAD,77
2019-06-28 10:46:00.000000000,BEST_BID,"JPM,99088,424"
2019-06-28 10:46:00.000000000,BEST_ASK,"JPM,99796,428"
2019-06-28 10:46:00.000000000,LAST_TRADE,"4,$99088.0000"
2019-06-28 10:46:00.000000000,QUERY_SPREAD,78
2019-06-28 10:46:00.000000000,BEST_BID,"JPM,99088,416"
2019-06-28 10:46:00.000000000,BEST_ASK,"JPM,99796,428"
2019-06-28 10:46:00.000000000,LAST_TRADE,"8,$99088.0000"
2019-06-28 10:46:00.000000000,QUERY_SPREAD,79
2019-06-28 10:46:00.000000000,BEST_BID,"JPM,99088,415"
2019-06-28 10:46:00.000000000,BEST_ASK,"JPM,99796,428"
2019-06-28 10:46:00.000000000,LAST_TRADE,"1,$99088.0000"
2019-06-28 10:46:00.000000000,QUERY_SPREAD,80
2019-06-28 10:46:00.000000000,BEST_BID,"JPM,99088,410"
2019-06-28 10:46:00.000000000,BEST_ASK,"JPM,99796,428"
2019-06-28 10:46:00.000000000,LAST_TRADE,"5,$99088.0000"
2019-06-28 10:46:00.000000000,QUERY_SPREAD,81
2019-06-28 10:46:00.000000000,BEST_BID,"JPM,99088,405"
2019-06-28 10:46:00.000000000,BEST_ASK,"JPM,99796,428"
2019-06-28 10:46:00.000000000,LAST_TRADE,"5,$99088.0000"
2019-06-28 10:46:00.000000000,QUERY_SPREAD,82
2019-06-28 10:46:00.000000000,BEST_BID,"JPM,99088,399"
2019-06-28 10:46:00.000000000,BEST_ASK,"JPM,99796,428"
2019-06-28 10:46:00.000000000,LAST_TRADE,"6,$99088.0000"
2019-06-28 10:46:00.000000000,QUERY_SPREAD,83
2019-06-28 10:46:00.000000000,BEST_BID,"JPM,99088,395"
2019-06-28 10:46:00.000000000,BEST_ASK,"JPM,99796,428"
2019-06-28 10:46:00.000000000,LAST_TRADE,"4,$99088.0000"
2019-06-28 10:46:00.000000000,QUERY_SPREAD,84
2019-06-28 10:46:00.000000000,BEST_BID,"JPM,99088,390"
2019-06-28 10:46:00.000000000,BEST_ASK,"JPM,99796,428"
2019-06-28 10:46:00.000000000,LAST_TRADE,"5,$99088.0000"
2019-06-28 10:46:00.000000000,QUERY_SPREAD,85
2019-06-28 10:46:00.000000000,BEST_BID,"JPM,99088,385"
2019-06-28 10:46:00.000000000,BEST_ASK,"JPM,99796,428"
2019-06-28 10:46:00.000000000,LAST_TRADE,"5,$99088.0000"
2019-06-28 10:46:00.000000000,QUERY_SPREAD,86
2019-06-28 10:46:00.000000000,BEST_BID,"JPM,99088,376"
2019-06-28 10:46:00.000000000,BEST_ASK,"JPM,99796,428"
2019-06-28 10:46:00.000000000,LAST_TRADE,"9,$99088.0000"
2019-06-28 10:46:00.000000000,QUERY_SPREAD,87
2019-06-28 10:46:00.000000000,BEST_BID,"JPM,99088,374"
2019-06-28 10:46:00.000000000,BEST_ASK,"JPM,99796,428"
2019-06-28 10:46:00.000000000,LAST_TRADE,"2,$99088.0000"
2019-06-28 10:46:00.000000000,QUERY_SPREAD,88
2019-06-28 10:46:00.000000000,BEST_BID,"JPM,99088,366"
2019-06-28 10:46:00.000000000,BEST_ASK,"JPM,99796,428"
2019-06-28 10:46:00.000000000,LAST_TRADE,"8,$99088.0000"
2019-06-28 10:46:00.000000000,QUERY_SPREAD,89
2019-06-28 10:46:00.000000000,BEST_BID,"JPM,99088,359"
2019-06-28 10:46:00.000000000,BEST_ASK,"JPM,99796,428"
2019-06-28 10:46:00.000000000,LAST_TRADE,"7,$99088.0000"
2019-06-28 10:46:00.000000000,QUERY_SPREAD,90
2019-06-28 10:46:00.000000000,BEST_BID,"JPM,99088,353"
2019-06-28 10:46:00.000000000,BEST_ASK,"JPM,99796,428"
2019-06-28 10:46:00.000000000,LAST_TRADE,"6,$99088.0000"
2019-06-28 10:46:00.000000000,QUERY_SPREAD,91
2019-06-28 10:46:00.000000000,BEST_BID,"JPM,99088,348"
2019-06-28 10:46:00.000000000,BEST_ASK,"JPM,99796,428"
2019-06-28 10:46:00.000000000,LAST_TRADE,"5,$99088.0000"
2019-06-28 10:46:00.000000000,QUERY_SPREAD,92
2019-06-28 10:46:00.000000000,BEST_BID,"JPM,99088,347"
2019-06-28 10:46:00.000000000,BEST_ASK,"JPM,99796,428"
2019-06-28 10:46:00.000000000,LAST_TRADE,"1,$99088.0000"
2019-06-28 10:46:00.000000000,QUERY_SPREAD,93
2019-06-28 10:46:00.000000000,BEST_BID,"JPM,99088,345"
2019-06-28 10:46:00.000000000,BEST_ASK,"JPM,99796,428"
2019-06-28 10:46:00.000000000,LAST_TRADE,"2,$99088.0000"
2019-06-28 10:46:00.000000000,QUERY_SPREAD,94
2019-06-28 10:46:00.000000000,BEST_BID,"JPM,99088,343"
2019-06-28 10:46:00.000000000,BEST_ASK,"JPM,99796,428"
2019-06-28 10:46:00.000000000,LAST_TRADE,"2,$99088.0000"
2019-06-28 10:46:00.000000000,QUERY_SPREAD,95
2019-06-28 10:46:00.000000000,BEST_BID,"JPM,99088,336"
2019-06-28 10:46:00.000000000,BEST_ASK,"JPM,99796,428"
2019-06-28 10:46:00.000000000,LAST_TRADE,"7,$99088.0000"
2019-06-28 10:46:00.000000000,QUERY_SPREAD,96
2019-06-28 10:46:00.000000000,BEST_BID,"JPM,99088,329"
2019-06-28 10:46:00.000000000,BEST_ASK,"JPM,99796,428"
2019-06-28 10:46:00.000000000,LAST_TRADE,"7,$99088.0000"
2019-06-28 10:46:00.000000000,QUERY_SPREAD,97
2019-06-28 10:46:00.000000000,BEST_BID,"JPM,99088,323"
2019-06-28 10:46:00.000000000,BEST_ASK,"JPM,99796,428"
2019-06-28 10:46:00.000000000,LAST_TRADE,"6,$99088.0000"
2019-06-28 10:46:00.000000000,QUERY_SPREAD,98
2019-06-28 10:46:00.000000000,BEST_BID,"JPM,99088,319"
2019-06-28 10:46:00.000000000,BEST_ASK,"JPM,99796,428"
2019-06-28 10:46:00.000000000,LAST_TRADE,"4,$99088.0000"
2019-06-28 10:46:00.000000000,QUERY_SPREAD,99
2019-06-28 10:46:00.000000000,BEST_BID,"JPM,99088,317"
2019-06-28 10:46:00.000000000,BEST_ASK,"JPM,99796,428"
2019-06-28 10:46:00.000000000,LAST_TRADE,"2,$99088.0000"
2019-06-28 10:46:00.000000000,QUERY_SPREAD,100
2019-06-28 10:46:00.000000000,BEST_BID,"JPM,99088,311"
2019-06-28 10:46:00.000000000,BEST_ASK,"JPM,99796,428"
2019-06-28 10:46:00.000000000,LAST_TRADE,"6,$99088.0000"
2019-06-28 10:46:00.000000000,QUERY_SPREAD,101
2019-06-28 10:46:00.000000000,QUERY_ORDER_STREAM,101
2019-06-28 10:46:04.799990276,QUERY_SPREAD,48
2019-06-28 10:46:04.799990276,BEST_BID,"JPM,99088,311"
2019-06-28 10:46:04.799990276,BEST_ASK,"JPM,99796,428"
2019-06-28 10:46:10.000000000,QUERY_SPREAD,1
2019-06-28 10:46:10.000000000,BEST_BID,"JPM,98798,166"
2019-06-28 10:46:10.000000000,BEST_ASK,"JPM,99796,100"
2019-06-28 10:46:10.000000000,BEST_BID,"JPM,98798,166"
2019-06-28 10:46:10.000000000,BEST_ASK,"JPM,99796,100"
2019-06-28 10:46:10.000000000,BEST_BID,"JPM,98798,166"
2019-06-28 10:46:10.000000000,BEST_ASK,"JPM,99796,166"
2019-06-28 10:46:10.000000000,BEST_BID,"JPM,98798,166"
2019-06-28 10:46:10.000000000,BEST_ASK,"JPM,99796,166"
2019-06-28 10:46:10.000000000,BEST_BID,"JPM,98798,166"
2019-06-28 10:46:10.000000000,BEST_ASK,"JPM,99796,166"
2019-06-28 10:46:10.000000000,BEST_BID,"JPM,98798,166"
2019-06-28 10:46:10.000000000,BEST_ASK,"JPM,99796,166"
2019-06-28 10:46:10.000000000,BEST_BID,"JPM,98798,166"
2019-06-28 10:46:10.000000000,BEST_ASK,"JPM,99796,166"
2019-06-28 10:46:20.000000000,QUERY_SPREAD,1
2019-06-28 10:46:20.000000000,BEST_BID,"JPM,98798,166"
2019-06-28 10:46:20.000000000,BEST_ASK,"JPM,99796,100"
2019-06-28 10:46:20.000000000,BEST_BID,"JPM,98798,166"
2019-06-28 10:46:20.000000000,BEST_ASK,"JPM,99796,100"
2019-06-28 10:46:20.000000000,BEST_BID,"JPM,98798,166"
2019-06-28 10:46:20.000000000,BEST_ASK,"JPM,99796,166"
2019-06-28 10:46:20.000000000,BEST_BID,"JPM,98798,166"
2019-06-28 10:46:20.000000000,BEST_ASK,"JPM,99796,166"
2019-06-28 10:46:20.000000000,BEST_BID,"JPM,98798,166"
2019-06-28 10:46:20.000000000,BEST_ASK,"JPM,99796,166"
2019-06-28 10:46:20.000000000,BEST_BID,"JPM,98798,166"
2019-06-28 10:46:20.000000000,BEST_ASK,"JPM,99796,166"
2019-06-28 10:46:20.000000000,BEST_BID,"JPM,98798,166"
2019-06-28 10:46:20.000000000,BEST_ASK,"JPM,99796,166"
2019-06-28 10:46:30.000000000,QUERY_SPREAD,1
2019-06-28 10:46:30.000000000,BEST_BID,"JPM,98798,212"
2019-06-28 10:46:30.000000000,BEST_ASK,"JPM,99796,100"
2019-06-28 10:46:30.000000000,BEST_BID,"JPM,98798,212"
2019-06-28 10:46:30.000000000,BEST_ASK,"JPM,99796,100"
2019-06-28 10:46:30.000000000,BEST_BID,"JPM,98798,212"
2019-06-28 10:46:30.000000000,BEST_ASK,"JPM,99796,212"
2019-06-28 10:46:30.000000000,BEST_BID,"JPM,98798,212"
2019-06-28 10:46:30.000000000,BEST_ASK,"JPM,99796,212"
2019-06-28 10:46:30.000000000,BEST_BID,"JPM,98798,212"
2019-06-28 10:46:30.000000000,BEST_ASK,"JPM,99796,212"
2019-06-28 10:46:38.647355010,QUERY_ORDER_STREAM,72
2019-06-28 10:46:38.647355010,QUERY_SPREAD,72
2019-06-28 10:46:38.647355010,BEST_BID,"JPM,99088,100"
2019-06-28 10:46:38.647355010,BEST_ASK,"JPM,99796,212"
2019-06-28 10:46:40.000000000,QUERY_SPREAD,1
2019-06-28 10:46:40.000000000,BEST_BID,"JPM,99088,166"
2019-06-28 10:46:40.000000000,BEST_ASK,"JPM,99796,100"
2019-06-28 10:46:40.000000000,BEST_BID,"JPM,99088,166"
2019-06-28 10:46:40.000000000,BEST_ASK,"JPM,99796,100"
2019-06-28 10:46:40.000000000,BEST_BID,"JPM,99088,166"
2019-06-28 10:46:40.000000000,BEST_ASK,"JPM,99796,100"
2019-06-28 10:46:40.000000000,BEST_BID,"JPM,99088,166"
2019-06-28 10:46:40.000000000,BEST_ASK,"JPM,99796,166"
2019-06-28 10:46:40.000000000,BEST_BID,"JPM,99088,166"
2019-06-28 10:46:40.000000000,BEST_ASK,"JPM,99796,166"
2019-06-28 10:46:40.000000000,BEST_BID,"JPM,99088,166"
2019-06-28 10:46:40.000000000,BEST_ASK,"JPM,99796,166"
2019-06-28 10:46:40.000000000,BEST_BID,"JPM,99088,166"
2019-06-28 10:46:40.000000000,BEST_ASK,"JPM,99796,166"
2019-06-28 10:46:40.000000000,BEST_BID,"JPM,99088,166"
2019-06-28 10:46:40.000000000,BEST_ASK,"JPM,99796,166"
2019-06-28 10:46:50.000000000,QUERY_SPREAD,1
2019-06-28 10:46:50.000000000,BEST_BID,"JPM,99088,166"
2019-06-28 10:46:50.000000000,BEST_ASK,"JPM,99796,100"
2019-06-28 10:46:50.000000000,BEST_BID,"JPM,99088,166"
2019-06-28 10:46:50.000000000,BEST_ASK,"JPM,99796,100"
2019-06-28 10:46:50.000000000,BEST_BID,"JPM,99088,166"
2019-06-28 10:46:50.000000000,BEST_ASK,"JPM,99796,100"
2019-06-28 10:46:50.000000000,BEST_BID,"JPM,99088,166"
2019-06-28 10:46:50.000000000,BEST_ASK,"JPM,99796,166"
2019-06-28 10:46:50.000000000,BEST_BID,"JPM,99088,166"
2019-06-28 10:46:50.000000000,BEST_ASK,"JPM,99796,166"
2019-06-28 10:46:50.000000000,BEST_BID,"JPM,99088,166"
2019-06-28 10:46:50.000000000,BEST_ASK,"JPM,99796,166"
2019-06-28 10:46:50.000000000,BEST_BID,"JPM,99088,166"
2019-06-28 10:46:50.000000000,BEST_ASK,"JPM,99796,166"
2019-06-28 10:46:50.000000000,BEST_BID,"JPM,99088,166"
2019-06-28 10:46:50.000000000,BEST_ASK,"JPM,99796,166"
2019-06-28 10:46:50.562574232,QUERY_SPREAD,17
2019-06-28 10:46:50.562574232,BEST_BID,"JPM,99088,166"
2019-06-28 10:46:50.562574232,BEST_ASK,"JPM,99796,166"
2019-06-28 10:46:57.190976595,QUERY_ORDER_STREAM,62
2019-06-28 10:46:57.190976595,QUERY_SPREAD,62
2019-06-28 10:46:57.190976595,BEST_BID,"JPM,99088,266"
2019-06-28 10:46:57.190976595,BEST_ASK,"JPM,99796,166"
2019-06-28 10:47:00.000000000,QUERY_SPREAD,1
2019-06-28 10:47:00.000000000,BEST_BID,"JPM,99088,282"
2019-06-28 10:47:00.000000000,BEST_ASK,"JPM,99796,100"
2019-06-28 10:47:00.000000000,BEST_BID,"JPM,99088,282"
2019-06-28 10:47:00.000000000,BEST_ASK,"JPM,99796,100"
2019-06-28 10:47:00.000000000,BEST_BID,"JPM,99088,282"
2019-06-28 10:47:00.000000000,BEST_ASK,"JPM,99796,100"
2019-06-28 10:47:00.000000000,BEST_BID,"JPM,99088,282"
2019-06-28 10:47:00.000000000,BEST_ASK,"JPM,99796,182"
2019-06-28 10:47:00.000000000,BEST_BID,"JPM,99088,282"
2019-06-28 10:47:00.000000000,BEST_ASK,"JPM,99796,182"
2019-06-28 10:47:00.000000000,BEST_BID,"JPM,99088,282"
2019-06-28 10:47:00.000000000,BEST_ASK,"JPM,99796,182"
2019-06-28 10:47:00.000000000,BEST_BID,"JPM,99088,282"
2019-06-28 10:47:00.000000000,BEST_ASK,"JPM,99796,182"
2019-06-28 10:47:00.000000000,QUERY_SPREAD,77
2019-06-28 10:47:00.000000000,BEST_BID,"JPM,99088,278"
2019-06-28 10:47:00.000000000,BEST_ASK,"JPM,99796,182"
2019-06-28 10:47:00.000000000,LAST_TRADE,"4,$99088.0000"
2019-06-28 10:47:00.000000000,QUERY_SPREAD,78
2019-06-28 10:47:00.000000000,BEST_BID,"JPM,99088,270"
2019-06-28 10:47:00.000000000,BEST_ASK,"JPM,99796,182"
2019-06-28 10:47:00.000000000,LAST_TRADE,"8,$99088.0000"
2019-06-28 10:47:00.000000000,QUERY_SPREAD,79
2019-06-28 10:47:00.000000000,BEST_BID,"JPM,99088,269"
2019-06-28 10:47:00.000000000,BEST_ASK,"JPM,99796,182"
2019-06-28 10:47:00.000000000,LAST_TRADE,"1,$99088.0000"
2019-06-28 10:47:00.000000000,QUERY_SPREAD,80
2019-06-28 10:47:00.000000000,BEST_BID,"JPM,99088,264"
2019-06-28 10:47:00.000000000,BEST_ASK,"JPM,99796,182"
2019-06-28 10:47:00.000000000,LAST_TRADE,"5,$99088.0000"
2019-06-28 10:47:00.000000000,QUERY_SPREAD,81
2019-06-28 10:47:00.000000000,BEST_BID,"JPM,99088,259"
2019-06-28 10:47:00.000000000,BEST_ASK,"JPM,99796,182"
2019-06-28 10:47:00.000000000,LAST_TRADE,"5,$99088.0000"
2019-06-28 10:47:00.000000000,QUERY_SPREAD,82
2019-06-28 10:47:00.000000000,BEST_BID,"JPM,99088,253"
2019-06-28 10:47:00.000000000,BEST_ASK,"JPM,99796,182"
2019-06-28 10:47:00.000000000,LAST_TRADE,"6,$99088.0000"
2019-06-28 10:47:00.000000000,QUERY_SPREAD,83
2019-06-28 10:47:00.000000000,BEST_BID,"JPM,99088,249"
2019-06-28 10:47:00.000000000,BEST_ASK,"JPM,99796,182"
2019-06-28 10:47:00.000000000,LAST_TRADE,"4,$99088.0000"
2019-06-28 10:47:00.000000000,QUERY_SPREAD,84
2019-06-28 10:47:00.000000000,BEST_BID,"JPM,99088,244"
2019-06-28 10:47:00.000000000,BEST_ASK,"JPM,99796,182"
2019-06-28 10:47:00.000000000,LAST_TRADE,"5,$99088.0000"
2019-06-28 10:47:00.000000000,QUERY_SPREAD,85
2019-06-28 10:47:00.000000000,BEST_BID,"JPM,99088,239"
2019-06-28 10:47:00.000000000,BEST_ASK,"JPM,99796,182"
2019-06-28 10:47:00.000000000,LAST_TRADE,"5,$99088.0000"
2019-06-28 10:47:00.000000000,QUERY_SPREAD,86
2019-06-28 10:47:00.000000000,BEST_BID,"JPM,99088,230"
2019-06-28 10:47:00.000000000,BEST_ASK,"JPM,99796,182"
2019-06-28 10:47:00.000000000,LAST_TRADE,"9,$99088.0000"
2019-06-28 10:47:00.000000000,QUERY_SPREAD,87
2019-06-28 10:47:00.000000000,BEST_BID,"JPM,99088,228"
2019-06-28 10:47:00.000000000,BEST_ASK,"JPM,99796,182"
2019-06-28 10:47:00.000000000,LAST_TRADE,"2,$99088.0000"
2019-06-28 10:47:00.000000000,QUERY_SPREAD,88
2019-06-28 10:47:00.000000000,BEST_BID,"JPM,99088,220"
2019-06-28 10:47:00.000000000,BEST_ASK,"JPM,99796,182"
2019-06-28 10:47:00.000000000,LAST_TRADE,"8,$99088.0000"
2019-06-28 10:47:00.000000000,QUERY_SPREAD,89
2019-06-28 10:47:00.000000000,BEST_BID,"JPM,99088,213"
2019-06-28 10:47:00.000000000,BEST_ASK,"JPM,99796,182"
2019-06-28 10:47:00.000000000,LAST_TRADE,"7,$99088.0000"
2019-06-28 10:47:00.000000000,QUERY_SPREAD,90
2019-06-28 10:47:00.000000000,BEST_BID,"JPM,99088,207"
2019-06-28 10:47:00.000000000,BEST_ASK,"JPM,99796,182"
2019-06-28 10:47:00.000000000,LAST_TRADE,"6,$99088.0000"
2019-06-28 10:47:00.000000000,QUERY_SPREAD,91
2019-06-28 10:47:00.000000000,BEST_BID,"JPM,99088,202"
2019-06-28 10:47:00.000000000,BEST_ASK,"JPM,99796,182"
2019-06-28 10:47:00.000000000,LAST_TRADE,"5,$99088.0000"
2019-06-28 10:47:00.000000000,QUERY_SPREAD,92
2019-06-28 10:47:00.000000000,BEST_BID,"JPM,99088,201"
2019-06-28 10:47:00.000000000,BEST_ASK,"JPM,99796,182"
2019-06-28 10:47:00.000000000,LAST_TRADE,"1,$99088.0000"
2019-06-28 10:47:00.000000000,QUERY_SPREAD,93
2019-06-28 10:47:00.000000000,BEST_BID,"JPM,99088,199"
2019-06-28 10:47:00.000000000,BEST_ASK,"JPM,99796,182"
2019-06-28 10:47:00.000000000,LAST_TRADE,"2,$99088.0000"
2019-06-28 10:47:00.000000000,QUERY_SPREAD,94
2019-06-28 10:47:00.000000000,BEST_BID,"JPM,99088,197"
2019-06-28 10:47:00.000000000,BEST_ASK,"JPM,99796,182"
2019-06-28 10:47:00.000000000,LAST_TRADE,"2,$99088.0000"
2019-06-28 10:47:00.000000000,QUERY_SPREAD,95
2019-06-28 10:47:00.000000000,BEST_BID,"JPM,99088,190"
2019-06-28 10:47:00.000000000,BEST_ASK,"JPM,99796,182"
2019-06-28 10:47:00.000000000,LAST_TRADE,"7,$99088.0000"
2019-06-28 10:47:00.000000000,QUERY_SPREAD,96
2019-06-28 10:47:00.000000000,BEST_BID,"JPM,99088,183"
2019-06-28 10:47:00.000000000,BEST_ASK,"JPM,99796,182"
2019-06-28 10:47:00.000000000,LAST_TRADE,"7,$99088.0000"
2019-06-28 10:47:00.000000000,QUERY_SPREAD,97
2019-06-28 10:47:00.000000000,BEST_BID,"JPM,99088,177"
2019-06-28 10:47:00.000000000,BEST_ASK,"JPM,99796,182"
2019-06-28 10:47:00.000000000,LAST_TRADE,"6,$99088.0000"
2019-06-28 10:47:00.000000000,QUERY_SPREAD,98
2019-06-28 10:47:00.000000000,BEST_BID,"JPM,99088,173"
2019-06-28 10:47:00.000000000,BEST_ASK,"JPM,99796,182"
2019-06-28 10:47:00.000000000,LAST_TRADE,"4,$99088.0000"
2019-06-28 10:47:00.000000000,QUERY_SPREAD,99
2019-06-28 10:47:00.000000000,BEST_BID,"JPM,99088,171"
2019-06-28 10:47:00.000000000,BEST_ASK,"JPM,99796,182"
2019-06-28 10:47:00.000000000,LAST_TRADE,"2,$99088.0000"
2019-06-28 10:47:00.000000000,QUERY_SPREAD,100
2019-06-28 10:47:00.000000000,BEST_BID,"JPM,99088,165"
2019-06-28 10:47:00.000000000,BEST_ASK,"JPM,99796,182"
2019-06-28 10:47:00.000000000,LAST_TRADE,"6,$99088.0000"
2019-06-28 10:47:00.000000000,QUERY_SPREAD,101
2019-06-28 10:47:00.000000000,QUERY_ORDER_STREAM,101
2019-06-28 10:47:02.569150623,QUERY_ORDER_STREAM,56
2019-06-28 10:47:02.569150623,QUERY_SPREAD,56
2019-06-28 10:47:10.000000000,QUERY_SPREAD,1
2019-06-28 10:47:10.000000000,BEST_BID,"JPM,99088,195"
2019-06-28 10:47:10.000000000,BEST_ASK,"JPM,99796,100"
2019-06-28 10:47:10.000000000,BEST_BID,"JPM,99088,195"
2019-06-28 10:47:10.000000000,BEST_ASK,"JPM,99796,100"
2019-06-28 10:47:10.000000000,BEST_BID,"JPM,99088,195"
2019-06-28 10:47:10.000000000,BEST_ASK,"JPM,99796,100"
2019-06-28 10:47:10.000000000,BEST_BID,"JPM,99088,195"
2019-06-28 10:47:10.000000000,BEST_ASK,"JPM,99796,212"
2019-06-28 10:47:10.000000000,BEST_BID,"JPM,99088,195"
2019-06-28 10:47:10.000000000,BEST_ASK,"JPM,99796,212"
2019-06-28 10:47:10.000000000,BEST_BID,"JPM,99088,195"
2019-06-28 10:47:10.000000000,BEST_ASK,"JPM,99796,212"
2019-06-28 10:47:12.667782351,QUERY_SPREAD,29
2019-06-28 10:47:12.667782351,BEST_BID,"JPM,99088,195"
2019-06-28 10:47:12.667782351,BEST_ASK,"JPM,99796,212"
2019-06-28 10:47:20.000000000,QUERY_SPREAD,1
2019-06-28 10:47:20.000000000,BEST_BID,"JPM,99088,195"
2019-06-28 10:47:20.000000000,BEST_ASK,"JPM,99796,100"
2019-06-28 10:47:20.000000000,BEST_BID,"JPM,99088,195"
2019-06-28 10:47:20.000000000,BEST_ASK,"JPM,99796,100"
2019-06-28 10:47:20.000000000,BEST_BID,"JPM,99088,195"
2019-06-28 10:47:20.000000000,BEST_ASK,"JPM,99796,100"
2019-06-28 10:47:20.000000000,BEST_BID,"JPM,99088,195"
2019-06-28 10:47:20.000000000,BEST_ASK,"JPM,99796,212"
2019-06-28 10:47:20.000000000,BEST_BID,"JPM,99088,195"
2019-06-28 10:47:20.000000000,BEST_ASK,"JPM,99796,212"
2019-06-28 10:47:20.000000000,BEST_BID,"JPM,99088,195"
2019-06-28 10:47:20.000000000,BEST_ASK,"JPM,99796,212"
2019-06-28 10:47:30.000000000,QUERY_SPREAD,1
2019-06-28 10:47:30.000000000,BEST_BID,"JPM,99088,195"
2019-06-28 10:47:30.000000000,BEST_ASK,"JPM,99796,100"
2019-06-28 10:47:30.000000000,BEST_BID,"JPM,99088,195"
2019-06-28 10:47:30.000000000,BEST_ASK,"JPM,99796,100"
2019-06-28 10:47:30.000000000,BEST_BID,"JPM,99088,195"
2019-06-28 10:47:30.000000000,BEST_ASK,"JPM,99796,100"
2019-06-28 10:47:30.000000000,BEST_BID,"JPM,99088,195"
2019-06-28 10:47:30.000000000,BEST_ASK,"JPM,99796,212"
2019-06-28 10:47:30.000000000,BEST_BID,"JPM,99088,195"
2019-06-28 10:47:30.000000000,BEST_ASK,"JPM,99796,212"
2019-06-28 10:47:30.000000000,BEST_BID,"JPM,99088,195"
2019-06-28 10:47:30.000000000,BEST_ASK,"JPM,99796,212"
2019-06-28 10:47:30.924983358,QUERY_SPREAD,45
2019-06-28 10:47:30.924983358,BEST_BID,"JPM,99088,195"
2019-06-28 10:47:30.924983358,BEST_ASK,"JPM,99796,212"
2019-06-28 10:47:40.000000000,QUERY_SPREAD,1
2019-06-28 10:47:40.000000000,BEST_BID,"JPM,99088,165"
2019-06-28 10:47:40.000000000,BEST_ASK,"JPM,99796,100"
2019-06-28 10:47:40.000000000,BEST_BID,"JPM,99088,165"
2019-06-28 10:47:40.000000000,BEST_ASK,"JPM,99796,100"
2019-06-28 10:47:40.000000000,BEST_BID,"JPM,99088,165"
2019-06-28 10:47:40.000000000,BEST_ASK,"JPM,99796,100"
2019-06-28 10:47:40.000000000,BEST_BID,"JPM,99088,165"
2019-06-28 10:47:40.000000000,BEST_ASK,"JPM,99796,182"
2019-06-28 10:47:40.000000000,BEST_BID,"JPM,99088,165"
2019-06-28 10:47:40.000000000,BEST_ASK,"JPM,99796,182"
2019-06-28 10:47:40.000000000,BEST_BID,"JPM,99088,165"
2019-06-28 10:47:40.000000000,BEST_ASK,"JPM,99796,182"
2019-06-28 10:47:40.000000000,BEST_BID,"JPM,99088,165"
2019-06-28 10:47:40.000000000,BEST_ASK,"JPM,99796,182"
2019-06-28 10:47:45.233836152,QUERY_SPREAD,49
2019-06-28 10:47:45.233836152,BEST_BID,"JPM,99088,165"
2019-06-28 10:47:45.233836152,BEST_ASK,"JPM,99796,182"
2019-06-28 10:47:45.959315775,QUERY_SPREAD,23
2019-06-28 10:47:45.959315775,BEST_BID,"JPM,99088,165"
2019-06-28 10:47:45.959315775,BEST_ASK,"JPM,99796,82"
2019-06-28 10:47:45.959315775,LAST_TRADE,"100,$99796.0000"
2019-06-28 10:47:50.000000000,QUERY_SPREAD,1
2019-06-28 10:47:50.000000000,BEST_BID,"JPM,99088,165"
2019-06-28 10:47:50.000000000,BEST_ASK,"JPM,99894,100"
2019-06-28 10:47:50.000000000,BEST_BID,"JPM,99088,165"
2019-06-28 10:47:50.000000000,BEST_ASK,"JPM,99894,100"
2019-06-28 10:47:50.000000000,BEST_BID,"JPM,99088,165"
2019-06-28 10:47:50.000000000,BEST_ASK,"JPM,99894,100"
2019-06-28 10:47:50.000000000,BEST_BID,"JPM,99088,165"
2019-06-28 10:47:50.000000000,BEST_ASK,"JPM,99894,182"
2019-06-28 10:47:50.000000000,BEST_BID,"JPM,99088,165"
2019-06-28 10:47:50.000000000,BEST_ASK,"JPM,99894,182"
2019-06-28 10:47:50.000000000,BEST_BID,"JPM,99088,165"
2019-06-28 10:47:50.000000000,BEST_ASK,"JPM,99894,182"
2019-06-28 10:47:50.000000000,BEST_BID,"JPM,99088,165"
2019-06-28 10:47:50.000000000,BEST_ASK,"JPM,99894,182"
2019-06-28 10:47:59.762917600,QUERY_SPREAD,34
2019-06-28 10:47:59.762917600,BEST_BID,"JPM,99088,165"
2019-06-28 10:47:59.762917600,BEST_ASK,"JPM,99894,182"
2019-06-28 10:48:00.000000000,QUERY_SPREAD,1
2019-06-28 10:48:00.000000000,BEST_BID,"JPM,99088,195"
2019-06-28 10:48:00.000000000,BEST_ASK,"JPM,99894,100"
2019-06-28 10:48:00.000000000,BEST_BID,"JPM,99088,195"
2019-06-28 10:48:00.000000000,BEST_ASK,"JPM,99894,100"
2019-06-28 10:48:00.000000000,BEST_BID,"JPM,99088,195"
2019-06-28 10:48:00.000000000,BEST_ASK,"JPM,99894,100"
2019-06-28 10:48:00.000000000,BEST_BID,"JPM,99088,195"
2019-06-28 10:48:00.000000000,BEST_ASK,"JPM,99894,212"
2019-06-28 10:48:00.000000000,BEST_BID,"JPM,99088,195"
2019-06-28 10:48:00.000000000,BEST_ASK,"JPM,99894,212"
2019-06-28 10:48:00.000000000,BEST_BID,"JPM,99088,195"
2019-06-28 10:48:00.000000000,BEST_ASK,"JPM,99894,212"
2019-06-28 10:48:00.000000000,QUERY_SPREAD,77
2019-06-28 10:48:00.000000000,BEST_BID,"JPM,99088,191"
2019-06-28 10:48:00.000000000,BEST_ASK,"JPM,99894,212"
2019-06-28 10:48:00.000000000,LAST_TRADE,"4,$99088.0000"
2019-06-28 10:48:00.000000000,QUERY_SPREAD,78
2019-06-28 10:48:00.000000000,BEST_BID,"JPM,99088,183"
2019-06-28 10:48:00.000000000,BEST_ASK,"JPM,99894,212"
2019-06-28 10:48:00.000000000,LAST_TRADE,"8,$99088.0000"
2019-06-28 10:48:00.000000000,QUERY_SPREAD,79
2019-06-28 10:48:00.000000000,BEST_BID,"JPM,99088,182"
2019-06-28 10:48:00.000000000,BEST_ASK,"JPM,99894,212"
2019-06-28 10:48:00.000000000,LAST_TRADE,"1,$99088.0000"
2019-06-28 10:48:00.000000000,QUERY_SPREAD,80
2019-06-28 10:48:00.000000000,BEST_BID,"JPM,99088,177"
2019-06-28 10:48:00.000000000,BEST_ASK,"JPM,99894,212"
2019-06-28 10:48:00.000000000,LAST_TRADE,"5,$99088.0000"
2019-06-28 10:48:00.000000000,QUERY_SPREAD,81
2019-06-28 10:48:00.000000000,BEST_BID,"JPM,99088,172"
2019-06-28 10:48:00.000000000,BEST_ASK,"JPM,99894,212"
2019-06-28 10:48:00.000000000,LAST_TRADE,"5,$99088.0000"
2019-06-28 10:48:00.000000000,QUERY_SPREAD,82
2019-06-28 10:48:00.000000000,BEST_BID,"JPM,99088,166"
2019-06-28 10:48:00.000000000,BEST_ASK,"JPM,99894,212"
2019-06-28 10:48:00.000000000,LAST_TRADE,"6,$99088.0000"
2019-06-28 10:48:00.000000000,QUERY_SPREAD,83
2019-06-28 10:48:00.000000000,BEST_BID,"JPM,99088,162"
2019-06-28 10:48:00.000000000,BEST_ASK,"JPM,99894,212"
2019-06-28 10:48:00.000000000,LAST_TRADE,"4,$99088.0000"
2019-06-28 10:48:00.000000000,QUERY_SPREAD,84
2019-06-28 10:48:00.000000000,BEST_BID,"JPM,99088,157"
2019-06-28 10:48:00.000000000,BEST_ASK,"JPM,99894,212"
2019-06-28 10:48:00.000000000,LAST_TRADE,"5,$99088.0000"
2019-06-28 10:48:00.000000000,QUERY_SPREAD,85
2019-06-28 10:48:00.000000000,BEST_BID,"JPM,99088,152"
2019-06-28 10:48:00.000000000,BEST_ASK,"JPM,99894,212"
2019-06-28 10:48:00.000000000,LAST_TRADE,"5,$99088.0000"
2019-06-28 10:48:00.000000000,QUERY_SPREAD,86
2019-06-28 10:48:00.000000000,BEST_BID,"JPM,99088,143"
2019-06-28 10:48:00.000000000,BEST_ASK,"JPM,99894,212"
2019-06-28 10:48:00.000000000,LAST_TRADE,"9,$99088.0000"
2019-06-28 10:48:00.000000000,QUERY_SPREAD,87
2019-06-28 10:48:00.000000000,BEST_BID,"JPM,99088,141"
2019-06-28 10:48:00.000000000,BEST_ASK,"JPM,99894,212"
2019-06-28 10:48:00.000000000,LAST_TRADE,"2,$99088.0000"
2019-06-28 10:48:00.000000000,QUERY_SPREAD,88
2019-06-28 10:48:00.000000000,BEST_BID,"JPM,99088,133"
2019-06-28 10:48:00.000000000,BEST_ASK,"JPM,99894,212"
2019-06-28 10:48:00.000000000,LAST_TRADE,"8,$99088.0000"
2019-06-28 10:48:00.000000000,QUERY_SPREAD,89
2019-06-28 10:48:00.000000000,BEST_BID,"JPM,99088,126"
2019-06-28 10:48:00.000000000,BEST_ASK,"JPM,99894,212"
2019-06-28 10:48:00.000000000,LAST_TRADE,"7,$99088.0000"
2019-06-28 10:48:00.000000000,QUERY_SPREAD,90
2019-06-28 10:48:00.000000000,BEST_BID,"JPM,99088,120"
2019-06-28 10:48:00.000000000,BEST_ASK,"JPM,99894,212"
2019-06-28 10:48:00.000000000,LAST_TRADE,"6,$99088.0000"
2019-06-28 10:48:00.000000000,QUERY_SPREAD,91
2019-06-28 10:48:00.000000000,BEST_BID,"JPM,99088,115"
2019-06-28 10:48:00.000000000,BEST_ASK,"JPM,99894,212"
2019-06-28 10:48:00.000000000,LAST_TRADE,"5,$99088.0000"
2019-06-28 10:48:00.000000000,QUERY_SPREAD,92
2019-06-28 10:48:00.000000000,BEST_BID,"JPM,99088,114"
2019-06-28 10:48:00.000000000,BEST_ASK,"JPM,99894,212"
2019-06-28 10:48:00.000000000,LAST_TRADE,"1,$99088.0000"
2019-06-28 10:48:00.000000000,QUERY_SPREAD,93
2019-06-28 10:48:00.000000000,BEST_BID,"JPM,99088,112"
2019-06-28 10:48:00.000000000,BEST_ASK,"JPM,99894,212"
2019-06-28 10:48:00.000000000,LAST_TRADE,"2,$99088.0000"
2019-06-28 10:48:00.000000000,QUERY_SPREAD,94
2019-06-28 10:48:00.000000000,BEST_BID,"JPM,99088,110"
2019-06-28 10:48:00.000000000,BEST_ASK,"JPM,99894,212"
2019-06-28 10:48:00.000000000,LAST_TRADE,"2,$99088.0000"
2019-06-28 10:48:00.000000000,QUERY_SPREAD,95
2019-06-28 10:48:00.000000000,BEST_BID,"JPM,99088,103"
2019-06-28 10:48:00.000000000,BEST_ASK,"JPM,99894,212"
2019-06-28 10:48:00.000000000,LAST_TRADE,"7,$99088.0000"
2019-06-28 10:48:00.000000000,QUERY_SPREAD,96
2019-06-28 10:48:00.000000000,BEST_BID,"JPM,99088,96"
2019-06-28 10:48:00.000000000,BEST_ASK,"JPM,99894,212"
2019-06-28 10:48:00.000000000,LAST_TRADE,"7,$99088.0000"
2019-06-28 10:48:00.000000000,QUERY_SPREAD,97
2019-06-28 10:48:00.000000000,BEST_BID,"JPM,99088,90"
2019-06-28 10:48:00.000000000,BEST_ASK,"JPM,99894,212"
2019-06-28 10:48:00.000000000,LAST_TRADE,"6,$99088.0000"
2019-06-28 10:48:00.000000000,QUERY_SPREAD,98
2019-06-28 10:48:00.000000000,BEST_BID,"JPM,99088,86"
2019-06-28 10:48:00.000000000,BEST_ASK,"JPM,99894,212"
2019-06-28 10:48:00.000000000,LAST_TRADE,"4,$99088.0000"
2019-06-28 10:48:00.000000000,QUERY_SPREAD,99
2019-06-28 10:48:00.000000000,BEST_BID,"JPM,99088,84"
2019-06-28 10:48:00.000000000,BEST_ASK,"JPM,99894,212"
2019-06-28 10:48:00.000000000,LAST_TRADE,"2,$99088.0000"
2019-06-28 10:48:00.000000000,QUERY_SPREAD,100
2019-06-28 10:48:00.000000000,BEST_BID,"JPM,99088,78"
2019-06-28 10:48:00.000000000,BEST_ASK,"JPM,99894,212"
2019-06-28 10:48:00.000000000,LAST_TRADE,"6,$99088.0000"
2019-06-28 10:48:00.000000000,QUERY_SPREAD,101
2019-06-28 10:48:00.000000000,QUERY_ORDER_STREAM,101
2019-06-28 10:48:05.434393100,QUERY_SPREAD,2
2019-06-28 10:48:05.434393100,BEST_BID,"JPM,99088,78"
2019-06-28 10:48:05.434393100,BEST_ASK,"JPM,99894,212"
2019-06-28 10:48:07.945475755,QUERY_SPREAD,37
2019-06-28 10:48:07.945475755,BEST_BID,"JPM,99088,78"
2019-06-28 10:48:07.945475755,BEST_ASK,"JPM,99894,212"
2019-06-28 10:48:10.000000000,QUERY_SPREAD,1
2019-06-28 10:48:10.000000000,BEST_BID,"JPM,98798,166"
2019-06-28 10:48:10.000000000,BEST_ASK,"JPM,99894,100"
2019-06-28 10:48:10.000000000,BEST_BID,"JPM,98798,166"
2019-06-28 10:48:10.000000000,BEST_ASK,"JPM,99894,100"
2019-06-28 10:48:10.000000000,BEST_BID,"JPM,98798,166"
2019-06-28 10:48:10.000000000,BEST_ASK,"JPM,99894,166"
2019-06-28 10:48:10.000000000,BEST_BID,"JPM,98798,166"
2019-06-28 10:48:10.000000000,BEST_ASK,"JPM,99894,166"
2019-06-28 10:48:10.000000000,BEST_BID,"JPM,98798,166"
2019-06-28 10:48:10.000000000,BEST_ASK,"JPM,99894,166"
2019-06-28 10:48:10.000000000,BEST_BID,"JPM,98798,166"
2019-06-28 10:48:10.000000000,BEST_ASK,"JPM,99894,166"
2019-06-28 10:48:10.000000000,BEST_BID,"JPM,98798,166"
2019-06-28 10:48:10.000000000,BEST_ASK,"JPM,99894,166"
2019-06-28 10:48:20.000000000,QUERY_SPREAD,1
2019-06-28 10:48:20.000000000,BEST_BID,"JPM,98798,182"
2019-06-28 10:48:20.000000000,BEST_ASK,"JPM,99894,100"
2019-06-28 10:48:20.000000000,BEST_BID,"JPM,98798,182"
2019-06-28 10:48:20.000000000,BEST_ASK,"JPM,99894,100"
2019-06-28 10:48:20.000000000,BEST_BID,"JPM,98798,182"
2019-06-28 10:48:20.000000000,BEST_ASK,"JPM,99894,182"
2019-06-28 10:48:20.000000000,BEST_BID,"JPM,98798,182"
2019-06-28 10:48:20.000000000,BEST_ASK,"JPM,99894,182"
2019-06-28 10:48:20.000000000,BEST_BID,"JPM,98798,182"
2019-06-28 10:48:20.000000000,BEST_ASK,"JPM,99894,182"
2019-06-28 10:48:20.000000000,BEST_BID,"JPM,98798,182"
2019-06-28 10:48:20.000000000,BEST_ASK,"JPM,99894,182"
2019-06-28 10:48:30.000000000,QUERY_SPREAD,1
2019-06-28 10:48:30.000000000,BEST_BID,"JPM,98798,264"
2019-06-28 10:48:30.000000000,BEST_ASK,"JPM,99894,100"
2019-06-28 10:48:30.000000000,BEST_BID,"JPM,98798,264"
2019-06-28 10:48:30.000000000,BEST_ASK,"JPM,99894,100"
2019-06-28 10:48:30.000000000,BEST_BID,"JPM,98798,264"
2019-06-28 10:48:30.000000000,BEST_ASK,"JPM,99894,264"
2019-06-28 10:48:30.000000000,BEST_BID,"JPM,98798,264"
2019-06-28 10:48:30.000000000,BEST_ASK,"JPM,99894,264"
2019-06-28 10:48:32.480688813,QUERY_SPREAD,41
2019-06-28 10:48:32.480688813,BEST_BID,"JPM,98798,264"
2019-06-28 10:48:32.480688813,BEST_ASK,"JPM,99894,164"
2019-06-28 10:48:32.480688813,LAST_TRADE,"100,$99894.0000"
2019-06-28 10:48:40.000000000,QUERY_SPREAD,1
2019-06-28 10:48:40.000000000,BEST_BID,"JPM,98798,166"
2019-06-28 10:48:40.000000000,BEST_ASK,"JPM,99946,100"
2019-06-28 10:48:40.000000000,BEST_BID,"JPM,98798,166"
2019-06-28 10:48:40.000000000,BEST_ASK,"JPM,99946,100"
2019-06-28 10:48:40.000000000,BEST_BID,"JPM,98798,166"
2019-06-28 10:48:40.000000000,BEST_ASK,"JPM,99946,166"
2019-06-28 10:48:40.000000000,BEST_BID,"JPM,98798,166"
2019-06-28 10:48:40.000000000,BEST_ASK,"JPM,99946,166"
2019-06-28 10:48:40.000000000,BEST_BID,"JPM,98798,166"
2019-06-28 10:48:40.000000000,BEST_ASK,"JPM,99946,166"
2019-06-28 10:48:40.000000000,BEST_BID,"JPM,98798,166"
2019-06-28 10:48:40.000000000,BEST_ASK,"JPM,99946,166"
2019-06-28 10:48:40.000000000,BEST_BID,"JPM,98798,166"
2019-06-28 10:48:40.000000000,BEST_ASK,"JPM,99946,166"
2019-06-28 10:48:50.000000000,QUERY_SPREAD,1
2019-06-28 10:48:50.000000000,BEST_BID,"JPM,98798,182"
2019-06-28 10:48:50.000000000,BEST_ASK,"JPM,99946,100"
2019-06-28 10:48:50.000000000,BEST_BID,"JPM,98798,182"
2019-06-28 10:48:50.000000000,BEST_ASK,"JPM,99946,100"
2019-06-28 10:48:50.000000000,BEST_BID,"JPM,98798,182"
2019-06-28 10:48:50.000000000,BEST_ASK,"JPM,99946,182"
2019-06-28 10:48:50.000000000,BEST_BID,"JPM,98798,182"
2019-06-28 10:48:50.000000000,BEST_ASK,"JPM,99946,182"
2019-06-28 10:48:50.000000000,BEST_BID,"JPM,98798,182"
2019-06-28 10:48:50.000000000,BEST_ASK,"JPM,99946,182"
2019-06-28 10:48:50.000000000,BEST_BID,"JPM,98798,182"
2019-06-28 10:48:50.000000000,BEST_ASK,"JPM,99946,182"
2019-06-28 10:49:00.000000000,QUERY_SPREAD,1
2019-06-28 10:49:00.000000000,BEST_BID,"JPM,98798,212"
2019-06-28 10:49:00.000000000,BEST_ASK,"JPM,99946,100"
2019-06-28 10:49:00.000000000,BEST_BID,"JPM,98798,212"
2019-06-28 10:49:00.000000000,BEST_ASK,"JPM,99946,100"
2019-06-28 10:49:00.000000000,BEST_BID,"JPM,98798,212"
2019-06-28 10:49:00.000000000,BEST_ASK,"JPM,99946,212"
2019-06-28 10:49:00.000000000,BEST_BID,"JPM,98798,212"
2019-06-28 10:49:00.000000000,BEST_ASK,"JPM,99946,212"
2019-06-28 10:49:00.000000000,BEST_BID,"JPM,98798,212"
2019-06-28 10:49:00.000000000,BEST_ASK,"JPM,99946,212"
2019-06-28 10:49:00.000000000,QUERY_SPREAD,77
2019-06-28 10:49:00.000000000,BEST_BID,"JPM,98798,208"
2019-06-28 10:49:00.000000000,BEST_ASK,"JPM,99946,212"
2019-06-28 10:49:00.000000000,LAST_TRADE,"4,$98798.0000"
2019-06-28 10:49:00.000000000,QUERY_SPREAD,78
2019-06-28 10:49:00.000000000,BEST_BID,"JPM,98798,200"
2019-06-28 10:49:00.000000000,BEST_ASK,"JPM,99946,212"
2019-06-28 10:49:00.000000000,LAST_TRADE,"8,$98798.0000"
2019-06-28 10:49:00.000000000,QUERY_SPREAD,79
2019-06-28 10:49:00.000000000,BEST_BID,"JPM,98798,199"
2019-06-28 10:49:00.000000000,BEST_ASK,"JPM,99946,212"
2019-06-28 10:49:00.000000000,LAST_TRADE,"1,$98798.0000"
2019-06-28 10:49:00.000000000,QUERY_SPREAD,80
2019-06-28 10:49:00.000000000,BEST_BID,"JPM,98798,194"
2019-06-28 10:49:00.000000000,BEST_ASK,"JPM,99946,212"
2019-06-28 10:49:00.000000000,LAST_TRADE,"5,$98798.0000"
2019-06-28 10:49:00.000000000,QUERY_SPREAD,81
2019-06-28 10:49:00.000000000,BEST_BID,"JPM,98798,189"
2019-06-28 10:49:00.000000000,BEST_ASK,"JPM,99946,212"
2019-06-28 10:49:00.000000000,LAST_TRADE,"5,$98798.0000"
2019-06-28 10:49:00.000000000,QUERY_SPREAD,82
2019-06-28 10:49:00.000000000,BEST_BID,"JPM,98798,183"
2019-06-28 10:49:00.000000000,BEST_ASK,"JPM,99946,212"
2019-06-28 10:49:00.000000000,LAST_TRADE,"6,$98798.0000"
2019-06-28 10:49:00.000000000,QUERY_SPREAD,83
2019-06-28 10:49:00.000000000,BEST_BID,"JPM,98798,179"
2019-06-28 10:49:00.000000000,BEST_ASK,"JPM,99946,212"
2019-06-28 10:49:00.000000000,LAST_TRADE,"4,$98798.0000"
2019-06-28 10:49:00.000000000,QUERY_SPREAD,84
2019-06-28 10:49:00.000000000,BEST_BID,"JPM,98798,174"
2019-06-28 10:49:00.000000000,BEST_ASK,"JPM,99946,212"
2019-06-28 10:49:00.000000000,LAST_TRADE,"5,$98798.0000"
2019-06-28 10:49:00.000000000,QUERY_SPREAD,85
2019-06-28 10:49:00.000000000,BEST_BID,"JPM,98798,169"
2019-06-28 10:49:00.000000000,BEST_ASK,"JPM,99946,212"
2019-06-28 10:49:00.000000000,LAST_TRADE,"5,$98798.0000"
2019-06-28 10:49:00.000000000,QUERY_SPREAD,86
2019-06-28 10:49:00.000000000,BEST_BID,"JPM,98798,160"
2019-06-28 10:49:00.000000000,BEST_ASK,"JPM,99946,212"
2019-06-28 10:49:00.000000000,LAST_TRADE,"9,$98798.0000"
2019-06-28 10:49:00.000000000,QUERY_SPREAD,87
2019-06-28 10:49:00.000000000,BEST_BID,"JPM,98798,158"
2019-06-28 10:49:00.000000000,BEST_ASK,"JPM,99946,212"
2019-06-28 10:49:00.000000000,LAST_TRADE,"2,$98798.0000"
2019-06-28 10:49:00.000000000,QUERY_SPREAD,88
2019-06-28 10:49:00.000000000,BEST_BID,"JPM,98798,150"
2019-06-28 10:49:00.000000000,BEST_ASK,"JPM,99946,212"
2019-06-28 10:49:00.000000000,LAST_TRADE,"8,$98798.0000"
2019-06-28 10:49:00.000000000,QUERY_SPREAD,89
2019-06-28 10:49:00.000000000,BEST_BID,"JPM,98798,143"
2019-06-28 10:49:00.000000000,BEST_ASK,"JPM,99946,212"
2019-06-28 10:49:00.000000000,LAST_TRADE,"7,$98798.0000"
2019-06-28 10:49:00.000000000,QUERY_SPREAD,90
2019-06-28 10:49:00.000000000,BEST_BID,"JPM,98798,137"
2019-06-28 10:49:00.000000000,BEST_ASK,"JPM,99946,212"
2019-06-28 10:49:00.000000000,LAST_TRADE,"6,$98798.0000"
2019-06-28 10:49:00.000000000,QUERY_SPREAD,91
2019-06-28 10:49:00.000000000,BEST_BID,"JPM,98798,132"
2019-06-28 10:49:00.000000000,BEST_ASK,"JPM,99946,212"
2019-06-28 10:49:00.000000000,LAST_TRADE,"5,$98798.0000"
2019-06-28 10:49:00.000000000,QUERY_SPREAD,92
2019-06-28 10:49:00.000000000,BEST_BID,"JPM,98798,131"
2019-06-28 10:49:00.000000000,BEST_ASK,"JPM,99946,212"
2019-06-28 10:49:00.000000000,LAST_TRADE,"1,$98798.0000"
2019-06-28 10:49:00.000000000,QUERY_SPREAD,93
2019-06-28 10:49:00.000000000,BEST_BID,"JPM,98798,129"
2019-06-28 10:49:00.000000000,BEST_ASK,"JPM,99946,212"
2019-06-28 10:49:00.000000000,LAST_TRADE,"2,$98798.0000"
2019-06-28 10:49:00.000000000,QUERY_SPREAD,94
2019-06-28 10:49:00.000000000,BEST_BID,"JPM,98798,127"
2019-06-28 10:49:00.000000000,BEST_ASK,"JPM,99946,212"
2019-06-28 10:49:00.000000000,LAST_TRADE,"2,$98798.0000"
2019-06-28 10:49:00.000000000,QUERY_SPREAD,95
2019-06-28 10:49:00.000000000,BEST_BID,"JPM,98798,120"
2019-06-28 10:49:00.000000000,BEST_ASK,"JPM,99946,212"
2019-06-28 10:49:00.000000000,LAST_TRADE,"7,$98798.0000"
2019-06-28 10:49:00.000000000,QUERY_SPREAD,96
2019-06-28 10:49:00.000000000,BEST_BID,"JPM,98798,113"
2019-06-28 10:49:00.000000000,BEST_ASK,"JPM,99946,212"
2019-06-28 10:49:00.000000000,LAST_TRADE,"7,$98798.0000"
2019-06-28 10:49:00.000000000,QUERY_SPREAD,97
2019-06-28 10:49:00.000000000,BEST_BID,"JPM,98798,107"
2019-06-28 10:49:00.000000000,BEST_ASK,"JPM,99946,212"
2019-06-28 10:49:00.000000000,LAST_TRADE,"6,$98798.0000"
2019-06-28 10:49:00.000000000,QUERY_SPREAD,98
2019-06-28 10:49:00.000000000,BEST_BID,"JPM,98798,103"
2019-06-28 10:49:00.000000000,BEST_ASK,"JPM,99946,212"
2019-06-28 10:49:00.000000000,LAST_TRADE,"4,$98798.0000"
2019-06-28 10:49:00.000000000,QUERY_SPREAD,99
2019-06-28 10:49:00.000000000,BEST_BID,"JPM,98798,101"
2019-06-28 10:49:00.000000000,BEST_ASK,"JPM,99946,212"
2019-06-28 10:49:00.000000000,LAST_TRADE,"2,$98798.0000"
2019-06-28 10:49:00.000000000,QUERY_SPREAD,100
2019-06-28 10:49:00.000000000,BEST_BID,"JPM,98798,95"
2019-06-28 10:49:00.000000000,BEST_ASK,"JPM,99946,212"
2019-06-28 10:49:00.000000000,LAST_TRADE,"6,$98798.0000"
2019-06-28 10:49:00.000000000,QUERY_SPREAD,101
2019-06-28 10:49:00.000000000,QUERY_ORDER_STREAM,101
2019-06-28 10:49:00.000000000,BEST_BID,"JPM,98798,103"
2019-06-28 10:49:00.000000000,BEST_ASK,"JPM,99946,212"
2019-06-28 10:49:02.522923244,QUERY_ORDER_STREAM,55
2019-06-28 10:49:02.522923244,QUERY_SPREAD,55
2019-06-28 10:49:02.522923244,BEST_BID,"JPM,98798,203"
2019-06-28 10:49:02.522923244,BEST_ASK,"JPM,99946,212"
2019-06-28 10:49:10.000000000,QUERY_SPREAD,1
2019-06-28 10:49:10.000000000,BEST_BID,"JPM,98798,436"
2019-06-28 10:49:10.000000000,BEST_ASK,"JPM,99946,100"
2019-06-28 10:49:10.000000000,BEST_BID,"JPM,98798,436"
2019-06-28 10:49:10.000000000,BEST_ASK,"JPM,99946,428"
2019-06-28 10:49:20.000000000,QUERY_SPREAD,1
2019-06-28 10:49:20.000000000,BEST_BID,"JPM,98798,436"
2019-06-28 10:49:20.000000000,BEST_ASK,"JPM,99946,100"
2019-06-28 10:49:20.000000000,BEST_BID,"JPM,98798,436"
2019-06-28 10:49:20.000000000,BEST_ASK,"JPM,99946,428"
2019-06-28 10:49:30.000000000,QUERY_SPREAD,1
2019-06-28 10:49:30.000000000,BEST_BID,"JPM,98798,436"
2019-06-28 10:49:30.000000000,BEST_ASK,"JPM,99946,100"
2019-06-28 10:49:30.000000000,BEST_BID,"JPM,98798,436"
2019-06-28 10:49:30.000000000,BEST_ASK,"JPM,99946,428"
2019-06-28 10:49:40.000000000,QUERY_SPREAD,1
2019-06-28 10:49:40.000000000,BEST_BID,"JPM,98798,174"
2019-06-28 10:49:40.000000000,BEST_ASK,"JPM,99946,100"
2019-06-28 10:49:40.000000000,BEST_BID,"JPM,98798,174"
2019-06-28 10:49:40.000000000,BEST_ASK,"JPM,99946,100"
2019-06-28 10:49:40.000000000,BEST_BID,"JPM,98798,174"
2019-06-28 10:49:40.000000000,BEST_ASK,"JPM,99946,166"
2019-06-28 10:49:40.000000000,BEST_BID,"JPM,98798,174"
2019-06-28 10:49:40.000000000,BEST_ASK,"JPM,99946,166"
2019-06-28 10:49:40.000000000,BEST_BID,"JPM,98798,174"
2019-06-28 10:49:40.000000000,BEST_ASK,"JPM,99946,166"
2019-06-28 10:49:40.000000000,BEST_BID,"JPM,98798,174"
2019-06-28 10:49:40.000000000,BEST_ASK,"JPM,99946,166"
2019-06-28 10:49:40.000000000,BEST_BID,"JPM,98798,174"
2019-06-28 10:49:40.000000000,BEST_ASK,"JPM,99946,166"
2019-06-28 10:49:50.000000000,QUERY_SPREAD,1
2019-06-28 10:49:50.000000000,BEST_BID,"JPM,98798,174"
2019-06-28 10:49:50.000000000,BEST_ASK,"JPM,99946,100"
2019-06-28 10:49:50.000000000,BEST_BID,"JPM,98798,174"
2019-06-28 10:49:50.000000000,BEST_ASK,"JPM,99946,100"
2019-06-28 10:49:50.000000000,BEST_BID,"JPM,98798,174"
2019-06-28 10:49:50.000000000,BEST_ASK,"JPM,99946,166"
2019-06-28 10:49:50.000000000,BEST_BID,"JPM,98798,174"
2019-06-28 10:49:50.000000000,BEST_ASK,"JPM,99946,166"
2019-06-28 10:49:50.000000000,BEST_BID,"JPM,98798,174"
2019-06-28 10:49:50.000000000,BEST_ASK,"JPM,99946,166"
2019-06-28 10:49:50.000000000,BEST_BID,"JPM,98798,174"
2019-06-28 10:49:50.000000000,BEST_ASK,"JPM,99946,166"
2019-06-28 10:49:50.000000000,BEST_BID,"JPM,98798,174"
2019-06-28 10:49:50.000000000,BEST_ASK,"JPM,99946,166"
2019-06-28 10:50:00.000000000,QUERY_SPREAD,1
2019-06-28 10:50:00.000000000,BEST_BID,"JPM,98798,190"
2019-06-28 10:50:00.000000000,BEST_ASK,"JPM,99946,100"
2019-06-28 10:50:00.000000000,BEST_BID,"JPM,98798,190"
2019-06-28 10:50:00.000000000,BEST_ASK,"JPM,99946,100"
2019-06-28 10:50:00.000000000,BEST_BID,"JPM,98798,190"
2019-06-28 10:50:00.000000000,BEST_ASK,"JPM,99946,182"
2019-06-28 10:50:00.000000000,BEST_BID,"JPM,98798,190"
2019-06-28 10:50:00.000000000,BEST_ASK,"JPM,99946,182"
2019-06-28 10:50:00.000000000,BEST_BID,"JPM,98798,190"
2019-06-28 10:50:00.000000000,BEST_ASK,"JPM,99946,182"
2019-06-28 10:50:00.000000000,BEST_BID,"JPM,98798,190"
2019-06-28 10:50:00.000000000,BEST_ASK,"JPM,99946,182"
2019-06-28 10:50:00.000000000,QUERY_SPREAD,77
2019-06-28 10:50:00.000000000,BEST_BID,"JPM,98798,186"
2019-06-28 10:50:00.000000000,BEST_ASK,"JPM,99946,182"
2019-06-28 10:50:00.000000000,LAST_TRADE,"4,$98798.0000"
2019-06-28 10:50:00.000000000,QUERY_SPREAD,78
2019-06-28 10:50:00.000000000,BEST_BID,"JPM,98798,178"
2019-06-28 10:50:00.000000000,BEST_ASK,"JPM,99946,182"
2019-06-28 10:50:00.000000000,LAST_TRADE,"8,$98798.0000"
2019-06-28 10:50:00.000000000,QUERY_SPREAD,79
2019-06-28 10:50:00.000000000,BEST_BID,"JPM,98798,177"
2019-06-28 10:50:00.000000000,BEST_ASK,"JPM,99946,182"
2019-06-28 10:50:00.000000000,LAST_TRADE,"1,$98798.0000"
2019-06-28 10:50:00.000000000,QUERY_SPREAD,80
2019-06-28 10:50:00.000000000,BEST_BID,"JPM,98798,172"
2019-06-28 10:50:00.000000000,BEST_ASK,"JPM,99946,182"
2019-06-28 10:50:00.000000000,LAST_TRADE,"5,$98798.0000"
2019-06-28 10:50:00.000000000,QUERY_SPREAD,81
2019-06-28 10:50:00.000000000,BEST_BID,"JPM,98798,167"
2019-06-28 10:50:00.000000000,BEST_ASK,"JPM,99946,182"
2019-06-28 10:50:00.000000000,LAST_TRADE,"5,$98798.0000"
2019-06-28 10:50:00.000000000,QUERY_SPREAD,82
2019-06-28 10:50:00.000000000,BEST_BID,"JPM,98798,161"
2019-06-28 10:50:00.000000000,BEST_ASK,"JPM,99946,182"
2019-06-28 10:50:00.000000000,LAST_TRADE,"6,$98798.0000"
2019-06-28 10:50:00.000000000,QUERY_SPREAD,83
2019-06-28 10:50:00.000000000,BEST_BID,"JPM,98798,157"
2019-06-28 10:50:00.000000000,BEST_ASK,"JPM,99946,182"
2019-06-28 10:50:00.000000000,LAST_TRADE,"4,$98798.0000"
2019-06-28 10:50:00.000000000,QUERY_SPREAD,84
2019-06-28 10:50:00.000000000,BEST_BID,"JPM,98798,152"
2019-06-28 10:50:00.000000000,BEST_ASK,"JPM,99946,182"
2019-06-28 10:50:00.000000000,LAST_TRADE,"5,$98798.0000"
2019-06-28 10:50:00.000000000,QUERY_SPREAD,85
2019-06-28 10:50:00.000000000,BEST_BID,"JPM,98798,147"
2019-06-28 10:50:00.000000000,BEST_ASK,"JPM,99946,182"
2019-06-28 10:50:00.000000000,LAST_TRADE,"5,$98798.0000"
2019-06-28 10:50:00.000000000,QUERY_SPREAD,86
2019-06-28 10:50:00.000000000,BEST_BID,"JPM,98798,138"
2019-06-28 10:50:00.000000000,BEST_ASK,"JPM,99946,182"
2019-06-28 10:50:00.000000000,LAST_TRADE,"9,$98798.0000"
2019-06-28 10:50:00.000000000,QUERY_SPREAD,87
2019-06-28 10:50:00.000000000,BEST_BID,"JPM,98798,136"
2019-06-28 10:50:00.000000000,BEST_ASK,"JPM,99946,182"
2019-06-28 10:50:00.000000000,LAST_TRADE,"2,$98798.0000"
2019-06-28 10:50:00.000000000,QUERY_SPREAD,88
2019-06-28 10:50:00.000000000,BEST_BID,"JPM,98798,128"
2019-06-28 10:50:00.000000000,BEST_ASK,"JPM,99946,182"
2019-06-28 10:50:00.000000000,LAST_TRADE,"8,$98798.0000"
2019-06-28 10:50:00.000000000,QUERY_SPREAD,89
2019-06-28 10:50:00.000000000,BEST_BID,"JPM,98798,121"
2019-06-28 10:50:00.000000000,BEST_ASK,"JPM,99946,182"
2019-06-28 10:50:00.000000000,LAST_TRADE,"7,$98798.0000"
2019-06-28 10:50:00.000000000,QUERY_SPREAD,90
2019-06-28 10:50:00.000000000,BEST_BID,"JPM,98798,115"
2019-06-28 10:50:00.000000000,BEST_ASK,"JPM,99946,182"
2019-06-28 10:50:00.000000000,LAST_TRADE,"6,$98798.0000"
2019-06-28 10:50:00.000000000,QUERY_SPREAD,91
2019-06-28 10:50:00.000000000,BEST_BID,"JPM,98798,110"
2019-06-28 10:50:00.000000000,BEST_ASK,"JPM,99946,182"
2019-06-28 10:50:00.000000000,LAST_TRADE,"5,$98798.0000"
2019-06-28 10:50:00.000000000,QUERY_SPREAD,92
2019-06-28 10:50:00.000000000,BEST_BID,"JPM,98798,109"
2019-06-28 10:50:00.000000000,BEST_ASK,"JPM,99946,182"
2019-06-28 10:50:00.000000000,LAST_TRADE,"1,$98798.0000"
2019-06-28 10:50:00.000000000,QUERY_SPREAD,93
2019-06-28 10:50:00.000000000,BEST_BID,"JPM,98798,107"
2019-06-28 10:50:00.000000000,BEST_ASK,"JPM,99946,182"
2019-06-28 10:50:00.000000000,LAST_TRADE,"2,$98798.0000"
2019-06-28 10:50:00.000000000,QUERY_SPREAD,94
2019-06-28 10:50:00.000000000,BEST_BID,"JPM,98798,105"
2019-06-28 10:50:00.000000000,BEST_ASK,"JPM,99946,182"
2019-06-28 10:50:00.000000000,LAST_TRADE,"2,$98798.0000"
2019-06-28 10:50:00.000000000,QUERY_SPREAD,95
2019-06-28 10:50:00.000000000,BEST_BID,"JPM,98798,98"
2019-06-28 10:50:00.000000000,BEST_ASK,"JPM,99946,182"
2019-06-28 10:50:00.000000000,LAST_TRADE,"7,$98798.0000"
2019-06-28 10:50:00.000000000,QUERY_SPREAD,96
2019-06-28 10:50:00.000000000,BEST_BID,"JPM,98798,91"
2019-06-28 10:50:00.000000000,BEST_ASK,"JPM,99946,182"
2019-06-28 10:50:00.000000000,LAST_TRADE,"7,$98798.0000"
2019-06-28 10:50:00.000000000,QUERY_SPREAD,97
2019-06-28 10:50:00.000000000,BEST_BID,"JPM,98798,85"
2019-06-28 10:50:00.000000000,BEST_ASK,"JPM,99946,182"
2019-06-28 10:50:00.000000000,LAST_TRADE,"6,$98798.0000"
2019-06-28 10:50:00.000000000,QUERY_SPREAD,98
2019-06-28 10:50:00.000000000,BEST_BID,"JPM,98798,81"
2019-06-28 10:50:00.000000000,BEST_ASK,"JPM,99946,182"
2019-06-28 10:50:00.000000000,LAST_TRADE,"4,$98798.0000"
2019-06-28 10:50:00.000000000,QUERY_SPREAD,99
2019-06-28 10:50:00.000000000,BEST_BID,"JPM,98798,79"
2019-06-28 10:50:00.000000000,BEST_ASK,"JPM,99946,182"
2019-06-28 10:50:00.000000000,LAST_TRADE,"2,$98798.0000"
2019-06-28 10:50:00.000000000,QUERY_SPREAD,100
2019-06-28 10:50:00.000000000,BEST_BID,"JPM,98798,73"
2019-06-28 10:50:00.000000000,BEST_ASK,"JPM,99946,182"
2019-06-28 10:50:00.000000000,LAST_TRADE,"6,$98798.0000"
2019-06-28 10:50:00.000000000,QUERY_SPREAD,101
2019-06-28 10:50:00.000000000,QUERY_ORDER_STREAM,101
2019-06-28 10:50:00.000000000,BEST_BID,"JPM,98798,81"
2019-06-28 10:50:00.000000000,BEST_ASK,"JPM,99946,182"
2019-06-28 10:50:05.448305755,QUERY_ORDER_STREAM,59
2019-06-28 10:50:05.448305755,QUERY_SPREAD,59
2019-06-28 10:50:05.448305755,BEST_BID,"JPM,98798,181"
2019-06-28 10:50:05.448305755,BEST_ASK,"JPM,99946,182"
2019-06-28 10:50:10.000000000,QUERY_SPREAD,1
2019-06-28 10:50:10.000000000,BEST_BID,"JPM,98798,174"
2019-06-28 10:50:10.000000000,BEST_ASK,"JPM,99946,100"
2019-06-28 10:50:10.000000000,BEST_BID,"JPM,98798,174"
2019-06-28 10:50:10.000000000,BEST_ASK,"JPM,99946,100"
2019-06-28 10:50:10.000000000,BEST_BID,"JPM,98798,174"
2019-06-28 10:50:10.000000000,BEST_ASK,"JPM,99946,166"
2019-06-28 10:50:10.000000000,BEST_BID,"JPM,98798,174"
2019-06-28 10:50:10.000000000,BEST_ASK,"JPM,99946,166"
2019-06-28 10:50:10.000000000,BEST_BID,"JPM,98798,174"
2019-06-28 10:50:10.000000000,BEST_ASK,"JPM,99946,166"
2019-06-28 10:50:10.000000000,BEST_BID,"JPM,98798,174"
2019-06-28 10:50:10.000000000,BEST_ASK,"JPM,99946,166"
2019-06-28 10:50:10.000000000,BEST_BID,"JPM,98798,174"
2019-06-28 10:50:10.000000000,BEST_ASK,"JPM,99946,166"
2019-06-28 10:50:11.699201032,QUERY_SPREAD,46
2019-06-28 10:50:11.699201032,BEST_BID,"JPM,98798,174"
2019-06-28 10:50:11.699201032,BEST_ASK,"JPM,99946,66"
2019-06-28 10:50:11.699201032,LAST_TRADE,"100,$99946.0000"
2019-06-28 10:50:20.000000000,QUERY_SPREAD,1
2019-06-28 10:50:20.000000000,BEST_BID,"JPM,98798,190"
2019-06-28 10:50:20.000000000,BEST_ASK,"JPM,100009,100"
2019-06-28 10:50:20.000000000,BEST_BID,"JPM,98798,190"
2019-06-28 10:50:20.000000000,BEST_ASK,"JPM,100009,100"
2019-06-28 10:50:20.000000000,BEST_BID,"JPM,98798,190"
2019-06-28 10:50:20.000000000,BEST_ASK,"JPM,100009,182"
2019-06-28 10:50:20.000000000,BEST_BID,"JPM,98798,190"
2019-06-28 10:50:20.000000000,BEST_ASK,"JPM,100009,182"
2019-06-28 10:50:20.000000000,BEST_BID,"JPM,98798,190"
2019-06-28 10:50:20.000000000,BEST_ASK,"JPM,100009,182"
2019-06-28 10:50:20.000000000,BEST_BID,"JPM,98798,190"
2019-06-28 10:50:20.000000000,BEST_ASK,"JPM,100009,182"
2019-06-28 10:50:28.475730739,QUERY_SPREAD,19
2019-06-28 10:50:28.475730739,BEST_BID,"JPM,98798,190"
2019-06-28 10:50:28.475730739,BEST_ASK,"JPM,100009,182"
2019-06-28 10:50:30.000000000,QUERY_SPREAD,1
2019-06-28 10:50:30.000000000,BEST_BID,"JPM,98798,436"
2019-06-28 10:50:30.000000000,BEST_ASK,"JPM,100009,100"
2019-06-28 10:50:30.000000000,BEST_BID,"JPM,98798,436"
2019-06-28 10:50:30.000000000,BEST_ASK,"JPM,100009,428"
2019-06-28 10:50:33.403812946,QUERY_SPREAD,24
2019-06-28 10:50:33.403812946,BEST_BID,"JPM,98798,436"
2019-06-28 10:50:33.403812946,BEST_ASK,"JPM,100009,428"
2019-06-28 10:50:38.882536198,QUERY_SPREAD,41
2019-06-28 10:50:38.882536198,BEST_BID,"JPM,98798,436"
2019-06-28 10:50:38.882536198,BEST_ASK,"JPM,100009,328"
2019-06-28 10:50:38.882536198,LAST_TRADE,"100,$100009.0000"
2019-06-28 10:50:40.000000000,QUERY_SPREAD,1
2019-06-28 10:50:40.000000000,BEST_BID,"JPM,98798,436"
2019-06-28 10:50:40.000000000,BEST_ASK,"JPM,100033,100"
2019-06-28 10:50:40.000000000,BEST_BID,"JPM,98798,436"
2019-06-28 10:50:40.000000000,BEST_ASK,"JPM,100033,428"
2019-06-28 10:50:42.336735349,QUERY_ORDER_STREAM,75
2019-06-28 10:50:42.336735349,QUERY_SPREAD,75
2019-06-28 10:50:50.000000000,QUERY_SPREAD,1
2019-06-28 10:50:50.000000000,BEST_BID,"JPM,98798,436"
2019-06-28 10:50:50.000000000,BEST_ASK,"JPM,100033,100"
2019-06-28 10:50:50.000000000,BEST_BID,"JPM,98798,436"
2019-06-28 10:50:50.000000000,BEST_ASK,"JPM,100033,428"
2019-06-28 10:50:57.352753201,QUERY_SPREAD,10
2019-06-28 10:50:57.352753201,BEST_BID,"JPM,98798,436"
2019-06-28 10:50:57.352753201,BEST_ASK,"JPM,100033,328"
2019-06-28 10:50:57.352753201,LAST_TRADE,"100,$100033.0000"
2019-06-28 10:51:00.000000000,QUERY_SPREAD,1
2019-06-28 10:51:00.000000000,BEST_BID,"JPM,98798,190"
2019-06-28 10:51:00.000000000,BEST_ASK,"JPM,100063,100"
2019-06-28 10:51:00.000000000,BEST_BID,"JPM,98798,190"
2019-06-28 10:51:00.000000000,BEST_ASK,"JPM,100063,100"
2019-06-28 10:51:00.000000000,BEST_BID,"JPM,98798,190"
2019-06-28 10:51:00.000000000,BEST_ASK,"JPM,100063,182"
2019-06-28 10:51:00.000000000,BEST_BID,"JPM,98798,190"
2019-06-28 10:51:00.000000000,BEST_ASK,"JPM,100063,182"
2019-06-28 10:51:00.000000000,BEST_BID,"JPM,98798,190"
2019-06-28 10:51:00.000000000,BEST_ASK,"JPM,100063,182"
2019-06-28 10:51:00.000000000,BEST_BID,"JPM,98798,190"
2019-06-28 10:51:00.000000000,BEST_ASK,"JPM,100063,182"
2019-06-28 10:51:00.000000000,QUERY_SPREAD,77
2019-06-28 10:51:00.000000000,BEST_BID,"JPM,98798,186"
2019-06-28 10:51:00.000000000,BEST_ASK,"JPM,100063,182"
2019-06-28 10:51:00.000000000,LAST_TRADE,"4,$98798.0000"
2019-06-28 10:51:00.000000000,QUERY_SPREAD,78
2019-06-28 10:51:00.000000000,BEST_BID,"JPM,98798,178"
2019-06-28 10:51:00.000000000,BEST_ASK,"JPM,100063,182"
2019-06-28 10:51:00.000000000,LAST_TRADE,"8,$98798.0000"
2019-06-28 10:51:00.000000000,QUERY_SPREAD,79
2019-06-28 10:51:00.000000000,BEST_BID,"JPM,98798,177"
2019-06-28 10:51:00.000000000,BEST_ASK,"JPM,100063,182"
2019-06-28 10:51:00.000000000,LAST_TRADE,"1,$98798.0000"
2019-06-28 10:51:00.000000000,QUERY_SPREAD,80
2019-06-28 10:51:00.000000000,BEST_BID,"JPM,98798,172"
2019-06-28 10:51:00.000000000,BEST_ASK,"JPM,100063,182"
2019-06-28 10:51:00.000000000,LAST_TRADE,"5,$98798.0000"
2019-06-28 10:51:00.000000000,QUERY_SPREAD,81
2019-06-28 10:51:00.000000000,BEST_BID,"JPM,98798,167"
2019-06-28 10:51:00.000000000,BEST_ASK,"JPM,100063,182"
2019-06-28 10:51:00.000000000,LAST_TRADE,"5,$98798.0000"
2019-06-28 10:51:00.000000000,QUERY_SPREAD,82
2019-06-28 10:51:00.000000000,BEST_BID,"JPM,98798,161"
2019-06-28 10:51:00.000000000,BEST_ASK,"JPM,100063,182"
2019-06-28 10:51:00.000000000,LAST_TRADE,"6,$98798.0000"
2019-06-28 10:51:00.000000000,QUERY_SPREAD,83
2019-06-28 10:51:00.000000000,BEST_BID,"JPM,98798,157"
2019-06-28 10:51:00.000000000,BEST_ASK,"JPM,100063,182"
2019-06-28 10:51:00.000000000,LAST_TRADE,"4,$98798.0000"
2019-06-28 10:51:00.000000000,QUERY_SPREAD,84
2019-06-28 10:51:00.000000000,BEST_BID,"JPM,98798,152"
2019-06-28 10:51:00.000000000,BEST_ASK,"JPM,100063,182"
2019-06-28 10:51:00.000000000,LAST_TRADE,"5,$98798.0000"
2019-06-28 10:51:00.000000000,QUERY_SPREAD,85
2019-06-28 10:51:00.000000000,BEST_BID,"JPM,98798,147"
2019-06-28 10:51:00.000000000,BEST_ASK,"JPM,100063,182"
2019-06-28 10:51:00.000000000,LAST_TRADE,"5,$98798.0000"
2019-06-28 10:51:00.000000000,QUERY_SPREAD,86
2019-06-28 10:51:00.000000000,BEST_BID,"JPM,98798,138"
2019-06-28 10:51:00.000000000,BEST_ASK,"JPM,100063,182"
2019-06-28 10:51:00.000000000,LAST_TRADE,"9,$98798.0000"
2019-06-28 10:51:00.000000000,QUERY_SPREAD,87
2019-06-28 10:51:00.000000000,BEST_BID,"JPM,98798,136"
2019-06-28 10:51:00.000000000,BEST_ASK,"JPM,100063,182"
2019-06-28 10:51:00.000000000,LAST_TRADE,"2,$98798.0000"
2019-06-28 10:51:00.000000000,QUERY_SPREAD,88
2019-06-28 10:51:00.000000000,BEST_BID,"JPM,98798,128"
2019-06-28 10:51:00.000000000,BEST_ASK,"JPM,100063,182"
2019-06-28 10:51:00.000000000,LAST_TRADE,"8,$98798.0000"
2019-06-28 10:51:00.000000000,QUERY_SPREAD,89
2019-06-28 10:51:00.000000000,BEST_BID,"JPM,98798,121"
2019-06-28 10:51:00.000000000,BEST_ASK,"JPM,100063,182"
2019-06-28 10:51:00.000000000,LAST_TRADE,"7,$98798.0000"
2019-06-28 10:51:00.000000000,QUERY_SPREAD,90
2019-06-28 10:51:00.000000000,BEST_BID,"JPM,98798,115"
2019-06-28 10:51:00.000000000,BEST_ASK,"JPM,100063,182"
2019-06-28 10:51:00.000000000,LAST_TRADE,"6,$98798.0000"
2019-06-28 10:51:00.000000000,QUERY_SPREAD,91
2019-06-28 10:51:00.000000000,BEST_BID,"JPM,98798,110"
2019-06-28 10:51:00.000000000,BEST_ASK,"JPM,100063,182"
2019-06-28 10:51:00.000000000,LAST_TRADE,"5,$98798.0000"
2019-06-28 10:51:00.000000000,QUERY_SPREAD,92
2019-06-28 10:51:00.000000000,BEST_BID,"JPM,98798,109"
2019-06-28 10:51:00.000000000,BEST_ASK,"JPM,100063,182"
2019-06-28 10:51:00.000000000,LAST_TRADE,"1,$98798.0000"
2019-06-28 10:51:00.000000000,QUERY_SPREAD,93
2019-06-28 10:51:00.000000000,BEST_BID,"JPM,98798,107"
2019-06-28 10:51:00.000000000,BEST_ASK,"JPM,100063,182"
2019-06-28 10:51:00.000000000,LAST_TRADE,"2,$98798.0000"
2019-06-28 10:51:00.000000000,QUERY_SPREAD,94
2019-06-28 10:51:00.000000000,BEST_BID,"JPM,98798,105"
2019-06-28 10:51:00.000000000,BEST_ASK,"JPM,100063,182"
2019-06-28 10:51:00.000000000,LAST_TRADE,"2,$98798.0000"
2019-06-28 10:51:00.000000000,QUERY_SPREAD,95
2019-06-28 10:51:00.000000000,BEST_BID,"JPM,98798,98"
2019-06-28 10:51:00.000000000,BEST_ASK,"JPM,100063,182"
2019-06-28 10:51:00.000000000,LAST_TRADE,"7,$98798.0000"
2019-06-28 10:51:00.000000000,QUERY_SPREAD,96
2019-06-28 10:51:00.000000000,BEST_BID,"JPM,98798,91"
2019-06-28 10:51:00.000000000,BEST_ASK,"JPM,100063,182"
2019-06-28 10:51:00.000000000,LAST_TRADE,"7,$98798.0000"
2019-06-28 10:51:00.000000000,QUERY_SPREAD,97
2019-06-28 10:51:00.000000000,BEST_BID,"JPM,98798,85"
2019-06-28 10:51:00.000000000,BEST_ASK,"JPM,100063,182"
2019-06-28 10:51:00.000000000,LAST_TRADE,"6,$98798.0000"
2019-06-28 10:51:00.000000000,QUERY_SPREAD,98
2019-06-28 10:51:00.000000000,BEST_BID,"JPM,98798,81"
2019-06-28 10:51:00.000000000,BEST_ASK,"JPM,100063,182"
2019-06-28 10:51:00.000000000,LAST_TRADE,"4,$98798.0000"
2019-06-28 10:51:00.000000000,QUERY_SPREAD,99
2019-06-28 10:51:00.000000000,BEST_BID,"JPM,98798,79"
2019-06-28 10:51:00.000000000,BEST_ASK,"JPM,100063,182"
2019-06-28 10:51:00.000000000,LAST_TRADE,"2,$98798.0000"
2019-06-28 10:51:00.000000000,QUERY_SPREAD,100
2019-06-28 10:51:00.000000000,BEST_BID,"JPM,98798,73"
2019-06-28 10:51:00.000000000,BEST_ASK,"JPM,100063,182"
2019-06-28 10:51:00.000000000,LAST_TRADE,"6,$98798.0000"
2019-06-28 10:51:00.000000000,QUERY_SPREAD,101
2019-06-28 10:51:00.000000000,QUERY_ORDER_STREAM,101
2019-06-28 10:51:10.000000000,QUERY_SPREAD,1
2019-06-28 10:51:17.105037723,QUERY_SPREAD,41
2019-06-28 10:51:17.105037723,BEST_ASK,"JPM,100084,100"
2019-06-28 10:51:17.105037723,LAST_TRADE,"100,$100063.0000"
2019-06-28 10:51:20.000000000,QUERY_SPREAD,1
2019-06-28 10:51:21.712030458,QUERY_ORDER_STREAM,69
2019-06-28 10:51:21.712030458,QUERY_SPREAD,69
2019-06-28 10:51:21.712030458,BEST_BID,"JPM,98798,100"
2019-06-28 10:51:21.712030458,BEST_ASK,"JPM,100084,100"
2019-06-28 10:51:30.000000000,QUERY_SPREAD,1
2019-06-28 10:51:30.000000000,BEST_BID,"JPM,98798,212"
2019-06-28 10:51:30.000000000,BEST_ASK,"JPM,100084,100"
2019-06-28 10:51:30.000000000,BEST_BID,"JPM,98798,212"
2019-06-28 10:51:30.000000000,BEST_ASK,"JPM,100084,100"
2019-06-28 10:51:30.000000000,BEST_BID,"JPM,98798,212"
2019-06-28 10:51:30.000000000,BEST_ASK,"JPM,100084,212"
2019-06-28 10:51:30.000000000,BEST_BID,"JPM,98798,212"
2019-06-28 10:51:30.000000000,BEST_ASK,"JPM,100084,212"
2019-06-28 10:51:30.000000000,BEST_BID,"JPM,98798,212"
2019-06-28 10:51:30.000000000,BEST_ASK,"JPM,100084,212"
2019-06-28 10:51:30.448354263,QUERY_SPREAD,48
2019-06-28 10:51:30.448354263,BEST_BID,"JPM,98798,212"
2019-06-28 10:51:30.448354263,BEST_ASK,"JPM,100084,212"
2019-06-28 10:51:35.386323852,QUERY_ORDER_STREAM,68
2019-06-28 10:51:35.386323852,QUERY_SPREAD,68
2019-06-28 10:51:35.386323852,BEST_BID,"JPM,98798,312"
2019-06-28 10:51:35.386323852,BEST_ASK,"JPM,100084,212"
2019-06-28 10:51:40.000000000,QUERY_SPREAD,1
2019-06-28 10:51:40.000000000,BEST_BID,"JPM,98798,364"
2019-06-28 10:51:40.000000000,BEST_ASK,"JPM,100084,100"
2019-06-28 10:51:40.000000000,BEST_BID,"JPM,98798,364"
2019-06-28 10:51:40.000000000,BEST_ASK,"JPM,100084,100"
2019-06-28 10:51:40.000000000,BEST_BID,"JPM,98798,364"
2019-06-28 10:51:40.000000000,BEST_ASK,"JPM,100084,264"
2019-06-28 10:51:40.000000000,BEST_BID,"JPM,98798,364"
2019-06-28 10:51:40.000000000,BEST_ASK,"JPM,100084,264"
2019-06-28 10:51:50.000000000,QUERY_SPREAD,1
2019-06-28 10:51:50.000000000,BEST_BID,"JPM,98798,282"
2019-06-28 10:51:50.000000000,BEST_ASK,"JPM,100084,100"
2019-06-28 10:51:50.000000000,BEST_BID,"JPM,98798,282"
2019-06-28 10:51:50.000000000,BEST_ASK,"JPM,100084,100"
2019-06-28 10:51:50.000000000,BEST_BID,"JPM,98798,282"
2019-06-28 10:51:50.000000000,BEST_ASK,"JPM,100084,182"
2019-06-28 10:51:50.000000000,BEST_BID,"JPM,98798,282"
2019-06-28 10:51:50.000000000,BEST_ASK,"JPM,100084,182"
2019-06-28 10:51:50.000000000,BEST_BID,"JPM,98798,282"
2019-06-28 10:51:50.000000000,BEST_ASK,"JPM,100084,182"
2019-06-28 10:51:50.000000000,BEST_BID,"JPM,98798,282"
2019-06-28 10:51:50.000000000,BEST_ASK,"JPM,100084,182"
2019-06-28 10:51:59.406050709,QUERY_SPREAD,23
2019-06-28 10:51:59.406050709,BEST_BID,"JPM,98798,282"
2019-06-28 10:51:59.406050709,BEST_ASK,"JPM,100084,82"
2019-06-28 10:51:59.406050709,LAST_TRADE,"100,$100084.0000"
2019-06-28 10:52:00.000000000,QUERY_SPREAD,1
2019-06-28 10:52:00.000000000,BEST_BID,"JPM,98798,528"
2019-06-28 10:52:00.000000000,BEST_ASK,"JPM,100483,100"
2019-06-28 10:52:00.000000000,BEST_BID,"JPM,98798,528"
2019-06-28 10:52:00.000000000,BEST_ASK,"JPM,100483,428"
2019-06-28 10:52:00.000000000,QUERY_SPREAD,77
2019-06-28 10:52:00.000000000,BEST_BID,"JPM,98798,524"
2019-06-28 10:52:00.000000000,BEST_ASK,"JPM,100483,428"
2019-06-28 10:52:00.000000000,LAST_TRADE,"4,$98798.0000"
2019-06-28 10:52:00.000000000,QUERY_SPREAD,78
2019-06-28 10:52:00.000000000,BEST_BID,"JPM,98798,516"
2019-06-28 10:52:00.000000000,BEST_ASK,"JPM,100483,428"
2019-06-28 10:52:00.000000000,LAST_TRADE,"8,$98798.0000"
2019-06-28 10:52:00.000000000,QUERY_SPREAD,79
2019-06-28 10:52:00.000000000,BEST_BID,"JPM,98798,515"
2019-06-28 10:52:00.000000000,BEST_ASK,"JPM,100483,428"
2019-06-28 10:52:00.000000000,LAST_TRADE,"1,$98798.0000"
2019-06-28 10:52:00.000000000,QUERY_SPREAD,80
2019-06-28 10:52:00.000000000,BEST_BID,"JPM,98798,510"
2019-06-28 10:52:00.000000000,BEST_ASK,"JPM,100483,428"
2019-06-28 10:52:00.000000000,LAST_TRADE,"5,$98798.0000"
2019-06-28 10:52:00.000000000,QUERY_SPREAD,81
2019-06-28 10:52:00.000000000,BEST_BID,"JPM,98798,505"
2019-06-28 10:52:00.000000000,BEST_ASK,"JPM,100483,428"
2019-06-28 10:52:00.000000000,LAST_TRADE,"5,$98798.0000"
2019-06-28 10:52:00.000000000,QUERY_SPREAD,82
2019-06-28 10:52:00.000000000,BEST_BID,"JPM,98798,499"
2019-06-28 10:52:00.000000000,BEST_ASK,"JPM,100483,428"
2019-06-28 10:52:00.000000000,LAST_TRADE,"6,$98798.0000"
2019-06-28 10:52:00.000000000,QUERY_SPREAD,83
2019-06-28 10:52:00.000000000,BEST_BID,"JPM,98798,495"
2019-06-28 10:52:00.000000000,BEST_ASK,"JPM,100483,428"
2019-06-28 10:52:00.000000000,LAST_TRADE,"4,$98798.0000"
2019-06-28 10:52:00.000000000,QUERY_SPREAD,84
2019-06-28 10:52:00.000000000,BEST_BID,"JPM,98798,490"
2019-06-28 10:52:00.000000000,BEST_ASK,"JPM,100483,428"
2019-06-28 10:52:00.000000000,LAST_TRADE,"5,$98798.0000"
2019-06-28 10:52:00.000000000,QUERY_SPREAD,85
2019-06-28 10:52:00.000000000,BEST_BID,"JPM,98798,485"
2019-06-28 10:52:00.000000000,BEST_ASK,"JPM,100483,428"
2019-06-28 10:52:00.000000000,LAST_TRADE,"5,$98798.0000"
2019-06-28 10:52:00.000000000,QUERY_SPREAD,86
2019-06-28 10:52:00.000000000,BEST_BID,"JPM,98798,476"
2019-06-28 10:52:00.000000000,BEST_ASK,"JPM,100483,428"
2019-06-28 10:52:00.000000000,LAST_TRADE,"9,$98798.0000"
2019-06-28 10:52:00.000000000,QUERY_SPREAD,87
2019-06-28 10:52:00.000000000,BEST_BID,"JPM,98798,474"
2019-06-28 10:52:00.000000000,BEST_ASK,"JPM,100483,428"
2019-06-28 10:52:00.000000000,LAST_TRADE,"2,$98798.0000"
2019-06-28 10:52:00.000000000,QUERY_SPREAD,88
2019-06-28 10:52:00.000000000,BEST_BID,"JPM,98798,466"
2019-06-28 10:52:00.000000000,BEST_ASK,"JPM,100483,428"
2019-06-28 10:52:00.000000000,LAST_TRADE,"8,$98798.0000"
2019-06-28 10:52:00.000000000,QUERY_SPREAD,89
2019-06-28 10:52:00.000000000,BEST_BID,"JPM,98798,459"
2019-06-28 10:52:00.000000000,BEST_ASK,"JPM,100483,428"
2019-06-28 10:52:00.000000000,LAST_TRADE,"7,$98798.0000"
2019-06-28 10:52:00.000000000,QUERY_SPREAD,90
2019-06-28 10:52:00.000000000,BEST_BID,"JPM,98798,453"
2019-06-28 10:52:00.000000000,BEST_ASK,"JPM,100483,428"
2019-06-28 10:52:00.000000000,LAST_TRADE,"6,$98798.0000"
2019-06-28 10:52:00.000000000,QUERY_SPREAD,91
2019-06-28 10:52:00.000000000,BEST_BID,"JPM,98798,448"
2019-06-28 10:52:00.000000000,BEST_ASK,"JPM,100483,428"
2019-06-28 10:52:00.000000000,LAST_TRADE,"5,$98798.0000"
2019-06-28 10:52:00.000000000,QUERY_SPREAD,92
2019-06-28 10:52:00.000000000,BEST_BID,"JPM,98798,447"
2019-06-28 10:52:00.000000000,BEST_ASK,"JPM,100483,428"
2019-06-28 10:52:00.000000000,LAST_TRADE,"1,$98798.0000"
2019-06-28 10:52:00.000000000,QUERY_SPREAD,93
2019-06-28 10:52:00.000000000,BEST_BID,"JPM,98798,445"
2019-06-28 10:52:00.000000000,BEST_ASK,"JPM,100483,428"
2019-06-28 10:52:00.000000000,LAST_TRADE,"2,$98798.0000"
2019-06-28 10:52:00.000000000,QUERY_SPREAD,94
2019-06-28 10:52:00.000000000,BEST_BID,"JPM,98798,443"
2019-06-28 10:52:00.000000000,BEST_ASK,"JPM,100483,428"
2019-06-28 10:52:00.000000000,LAST_TRADE,"2,$98798.0000"
2019-06-28 10:52:00.000000000,QUERY_SPREAD,95
2019-06-28 10:52:00.000000000,BEST_BID,"JPM,98798,436"
2019-06-28 10:52:00.000000000,BEST_ASK,"JPM,100483,428"
2019-06-28 10:52:00.000000000,LAST_TRADE,"7,$98798.0000"
2019-06-28 10:52:00.000000000,QUERY_SPREAD,96
2019-06-28 10:52:00.000000000,BEST_BID,"JPM,98798,429"
2019-06-28 10:52:00.000000000,BEST_ASK,"JPM,100483,428"
2019-06-28 10:52:00.000000000,LAST_TRADE,"7,$98798.0000"
2019-06-28 10:52:00.000000000,QUERY_SPREAD,97
2019-06-28 10:52:00.000000000,BEST_BID,"JPM,98798,423"
2019-06-28 10:52:00.000000000,BEST_ASK,"JPM,100483,428"
2019-06-28 10:52:00.000000000,LAST_TRADE,"6,$98798.0000"
2019-06-28 10:52:00.000000000,QUERY_SPREAD,98
2019-06-28 10:52:00.000000000,BEST_BID,"JPM,98798,419"
2019-06-28 10:52:00.000000000,BEST_ASK,"JPM,100483,428"
2019-06-28 10:52:00.000000000,LAST_TRADE,"4,$98798.0000"
2019-06-28 10:52:00.000000000,QUERY_SPREAD,99
2019-06-28 10:52:00.000000000,BEST_BID,"JPM,98798,417"
2019-06-28 10:52:00.000000000,BEST_ASK,"JPM,100483,428"
2019-06-28 10:52:00.000000000,LAST_TRADE,"2,$98798.0000"
2019-06-28 10:52:00.000000000,QUERY_SPREAD,100
2019-06-28 10:52:00.000000000,BEST_BID,"JPM,98798,411"
2019-06-28 10:52:00.000000000,BEST_ASK,"JPM,100483,428"
2019-06-28 10:52:00.000000000,LAST_TRADE,"6,$98798.0000"
2019-06-28 10:52:00.000000000,QUERY_SPREAD,101
2019-06-28 10:52:00.000000000,QUERY_ORDER_STREAM,101
2019-06-28 10:52:04.297010314,QUERY_ORDER_STREAM,58
2019-06-28 10:52:04.297010314,QUERY_SPREAD,58
2019-06-28 10:52:10.000000000,QUERY_SPREAD,1
2019-06-28 10:52:10.000000000,BEST_BID,"JPM,98798,149"
2019-06-28 10:52:10.000000000,BEST_ASK,"JPM,100483,100"
2019-06-28 10:52:10.000000000,BEST_BID,"JPM,98798,149"
2019-06-28 10:52:10.000000000,BEST_ASK,"JPM,100483,100"
2019-06-28 10:52:10.000000000,BEST_BID,"JPM,98798,149"
2019-06-28 10:52:10.000000000,BEST_ASK,"JPM,100483,166"
2019-06-28 10:52:10.000000000,BEST_BID,"JPM,98798,149"
2019-06-28 10:52:10.000000000,BEST_ASK,"JPM,100483,166"
2019-06-28 10:52:10.000000000,BEST_BID,"JPM,98798,149"
2019-06-28 10:52:10.000000000,BEST_ASK,"JPM,100483,166"
2019-06-28 10:52:10.000000000,BEST_BID,"JPM,98798,149"
2019-06-28 10:52:10.000000000,BEST_ASK,"JPM,100483,166"
2019-06-28 10:52:10.000000000,BEST_BID,"JPM,98798,149"
2019-06-28 10:52:10.000000000,BEST_ASK,"JPM,100483,166"
2019-06-28 10:52:14.437497718,QUERY_ORDER_STREAM,73
2019-06-28 10:52:14.437497718,QUERY_SPREAD,73
2019-06-28 10:52:16.707142031,QUERY_ORDER_STREAM,65
2019-06-28 10:52:16.707142031,QUERY_SPREAD,65
2019-06-28 10:52:16.707142031,BEST_BID,"JPM,98798,249"
2019-06-28 10:52:16.707142031,BEST_ASK,"JPM,100483,166"
2019-06-28 10:52:20.000000000,QUERY_SPREAD,1
2019-06-28 10:52:20.000000000,BEST_BID,"JPM,98798,265"
2019-06-28 10:52:20.000000000,BEST_ASK,"JPM,100483,100"
2019-06-28 10:52:20.000000000,BEST_BID,"JPM,98798,265"
2019-06-28 10:52:20.000000000,BEST_ASK,"JPM,100483,100"
2019-06-28 10:52:20.000000000,BEST_BID,"JPM,98798,265"
2019-06-28 10:52:20.000000000,BEST_ASK,"JPM,100483,182"
2019-06-28 10:52:20.000000000,BEST_BID,"JPM,98798,265"
2019-06-28 10:52:20.000000000,BEST_ASK,"JPM,100483,182"
2019-06-28 10:52:20.000000000,BEST_BID,"JPM,98798,265"
2019-06-28 10:52:20.000000000,BEST_ASK,"JPM,100483,182"
2019-06-28 10:52:20.000000000,BEST_BID,"JPM,98798,265"
2019-06-28 10:52:20.000000000,BEST_ASK,"JPM,100483,182"
2019-06-28 10:52:30.000000000,QUERY_SPREAD,1
2019-06-28 10:52:30.000000000,BEST_BID,"JPM,98798,347"
2019-06-28 10:52:30.000000000,BEST_ASK,"JPM,100483,100"
2019-06-28 10:52:30.000000000,BEST_BID,"JPM,98798,347"
2019-06-28 10:52:30.000000000,BEST_ASK,"JPM,100483,100"
2019-06-28 10:52:30.000000000,BEST_BID,"JPM,98798,347"
2019-06-28 10:52:30.000000000,BEST_ASK,"JPM,100483,264"
2019-06-28 10:52:30.000000000,BEST_BID,"JPM,98798,347"
2019-06-28 10:52:30.000000000,BEST_ASK,"JPM,100483,264"
2019-06-28 10:52:40.000000000,QUERY_SPREAD,1
2019-06-28 10:52:40.000000000,BEST_BID,"JPM,98798,249"
2019-06-28 10:52:40.000000000,BEST_ASK,"JPM,100483,100"
2019-06-28 10:52:40.000000000,BEST_BID,"JPM,98798,249"
2019-06-28 10:52:40.000000000,BEST_ASK,"JPM,100483,100"
2019-06-28 10:52:40.000000000,BEST_BID,"JPM,98798,249"
2019-06-28 10:52:40.000000000,BEST_ASK,"JPM,100483,166"
2019-06-28 10:52:40.000000000,BEST_BID,"JPM,98798,249"
2019-06-28 10:52:40.000000000,BEST_ASK,"JPM,100483,166"
2019-06-28 10:52:40.000000000,BEST_BID,"JPM,98798,249"
2019-06-28 10:52:40.000000000,BEST_ASK,"JPM,100483,166"
2019-06-28 10:52:40.000000000,BEST_BID,"JPM,98798,249"
2019-06-28 10:52:40.000000000,BEST_ASK,"JPM,100483,166"
2019-06-28 10:52:40.000000000,BEST_BID,"JPM,98798,249"
2019-06-28 10:52:40.000000000,BEST_ASK,"JPM,100483,166"
2019-06-28 10:52:50.000000000,QUERY_SPREAD,1
2019-06-28 10:52:50.000000000,BEST_BID,"JPM,98798,347"
2019-06-28 10:52:50.000000000,BEST_ASK,"JPM,100483,100"
2019-06-28 10:52:50.000000000,BEST_BID,"JPM,98798,347"
2019-06-28 10:52:50.000000000,BEST_ASK,"JPM,100483,100"
2019-06-28 10:52:50.000000000,BEST_BID,"JPM,98798,347"
2019-06-28 10:52:50.000000000,BEST_ASK,"JPM,100483,264"
2019-06-28 10:52:50.000000000,BEST_BID,"JPM,98798,347"
2019-06-28 10:52:50.000000000,BEST_ASK,"JPM,100483,264"
2019-06-28 10:53:00.000000000,QUERY_SPREAD,1
2019-06-28 10:53:00.000000000,BEST_BID,"JPM,98798,265"
2019-06-28 10:53:00.000000000,BEST_ASK,"JPM,100483,100"
2019-06-28 10:53:00.000000000,BEST_BID,"JPM,98798,265"
2019-06-28 10:53:00.000000000,BEST_ASK,"JPM,100483,100"
2019-06-28 10:53:00.000000000,BEST_BID,"JPM,98798,265"
2019-06-28 10:53:00.000000000,BEST_ASK,"JPM,100483,182"
2019-06-28 10:53:00.000000000,BEST_BID,"JPM,98798,265"
2019-06-28 10:53:00.000000000,BEST_ASK,"JPM,100483,182"
2019-06-28 10:53:00.000000000,BEST_BID,"JPM,98798,265"
2019-06-28 10:53:00.000000000,BEST_ASK,"JPM,100483,182"
2019-06-28 10:53:00.000000000,BEST_BID,"JPM,98798,265"
2019-06-28 10:53:00.000000000,BEST_ASK,"JPM,100483,182"
2019-06-28 10:53:00.000000000,QUERY_SPREAD,77
2019-06-28 10:53:00.000000000,BEST_BID,"JPM,98798,261"
2019-06-28 10:53:00.000000000,BEST_ASK,"JPM,100483,182"
2019-06-28 10:53:00.000000000,LAST_TRADE,"4,$98798.0000"
2019-06-28 10:53:00.000000000,QUERY_SPREAD,78
2019-06-28 10:53:00.000000000,BEST_BID,"JPM,98798,253"
2019-06-28 10:53:00.000000000,BEST_ASK,"JPM,100483,182"
2019-06-28 10:53:00.000000000,LAST_TRADE,"8,$98798.0000"
2019-06-28 10:53:00.000000000,QUERY_SPREAD,79
2019-06-28 10:53:00.000000000,BEST_BID,"JPM,98798,252"
2019-06-28 10:53:00.000000000,BEST_ASK,"JPM,100483,182"
2019-06-28 10:53:00.000000000,LAST_TRADE,"1,$98798.0000"
2019-06-28 10:53:00.000000000,QUERY_SPREAD,80
2019-06-28 10:53:00.000000000,BEST_BID,"JPM,98798,247"
2019-06-28 10:53:00.000000000,BEST_ASK,"JPM,100483,182"
2019-06-28 10:53:00.000000000,LAST_TRADE,"5,$98798.0000"
2019-06-28 10:53:00.000000000,QUERY_SPREAD,81
2019-06-28 10:53:00.000000000,BEST_BID,"JPM,98798,242"
2019-06-28 10:53:00.000000000,BEST_ASK,"JPM,100483,182"
2019-06-28 10:53:00.000000000,LAST_TRADE,"5,$98798.0000"
2019-06-28 10:53:00.000000000,QUERY_SPREAD,82
2019-06-28 10:53:00.000000000,BEST_BID,"JPM,98798,236"
2019-06-28 10:53:00.000000000,BEST_ASK,"JPM,100483,182"
2019-06-28 10:53:00.000000000,LAST_TRADE,"6,$98798.0000"
2019-06-28 10:53:00.000000000,QUERY_SPREAD,83
2019-06-28 10:53:00.000000000,BEST_BID,"JPM,98798,232"
2019-06-28 10:53:00.000000000,BEST_ASK,"JPM,100483,182"
2019-06-28 10:53:00.000000000,LAST_TRADE,"4,$98798.0000"
2019-06-28 10:53:00.000000000,QUERY_SPREAD,84
2019-06-28 10:53:00.000000000,BEST_BID,"JPM,98798,227"
2019-06-28 10:53:00.000000000,BEST_ASK,"JPM,100483,182"
2019-06-28 10:53:00.000000000,LAST_TRADE,"5,$98798.0000"
2019-06-28 10:53:00.000000000,QUERY_SPREAD,85
2019-06-28 10:53:00.000000000,BEST_BID,"JPM,98798,222"
2019-06-28 10:53:00.000000000,BEST_ASK,"JPM,100483,182"
2019-06-28 10:53:00.000000000,LAST_TRADE,"5,$98798.0000"
2019-06-28 10:53:00.000000000,QUERY_SPREAD,86
2019-06-28 10:53:00.000000000,BEST_BID,"JPM,98798,213"
2019-06-28 10:53:00.000000000,BEST_ASK,"JPM,100483,182"
2019-06-28 10:53:00.000000000,LAST_TRADE,"9,$98798.0000"
2019-06-28 10:53:00.000000000,QUERY_SPREAD,87
2019-06-28 10:53:00.000000000,BEST_BID,"JPM,98798,211"
2019-06-28 10:53:00.000000000,BEST_ASK,"JPM,100483,182"
2019-06-28 10:53:00.000000000,LAST_TRADE,"2,$98798.0000"
2019-06-28 10:53:00.000000000,QUERY_SPREAD,88
2019-06-28 10:53:00.000000000,BEST_BID,"JPM,98798,203"
2019-06-28 10:53:00.000000000,BEST_ASK,"JPM,100483,182"
2019-06-28 10:53:00.000000000,LAST_TRADE,"8,$98798.0000"
2019-06-28 10:53:00.000000000,QUERY_SPREAD,89
2019-06-28 10:53:00.000000000,BEST_BID,"JPM,98798,196"
2019-06-28 10:53:00.000000000,BEST_ASK,"JPM,100483,182"
2019-06-28 10:53:00.000000000,LAST_TRADE,"7,$98798.0000"
2019-06-28 10:53:00.000000000,QUERY_SPREAD,90
2019-06-28 10:53:00.000000000,BEST_BID,"JPM,98798,190"
2019-06-28 10:53:00.000000000,BEST_ASK,"JPM,100483,182"
2019-06-28 10:53:00.000000000,LAST_TRADE,"6,$98798.0000"
2019-06-28 10:53:00.000000000,QUERY_SPREAD,91
2019-06-28 10:53:00.000000000,BEST_BID,"JPM,98798,185"
2019-06-28 10:53:00.000000000,BEST_ASK,"JPM,100483,182"
2019-06-28 10:53:00.000000000,LAST_TRADE,"5,$98798.0000"
2019-06-28 10:53:00.000000000,QUERY_SPREAD,92
2019-06-28 10:53:00.000000000,BEST_BID,"JPM,98798,184"
2019-06-28 10:53:00.000000000,BEST_ASK,"JPM,100483,182"
2019-06-28 10:53:00.000000000,LAST_TRADE,"1,$98798.0000"
2019-06-28 10:53:00.000000000,QUERY_SPREAD,93
2019-06-28 10:53:00.000000000,BEST_BID,"JPM,98798,182"
2019-06-28 10:53:00.000000000,BEST_ASK,"JPM,100483,182"
2019-06-28 10:53:00.000000000,LAST_TRADE,"2,$98798.0000"
2019-06-28 10:53:00.000000000,QUERY_SPREAD,94
2019-06-28 10:53:00.000000000,BEST_BID,"JPM,98798,180"
2019-06-28 10:53:00.000000000,BEST_ASK,"JPM,100483,182"
2019-06-28 10:53:00.000000000,LAST_TRADE,"2,$98798.0000"
2019-06-28 10:53:00.000000000,QUERY_SPREAD,95
2019-06-28 10:53:00.000000000,BEST_BID,"JPM,98798,173"
2019-06-28 10:53:00.000000000,BEST_ASK,"JPM,100483,182"
2019-06-28 10:53:00.000000000,LAST_TRADE,"7,$98798.0000"
2019-06-28 10:53:00.000000000,QUERY_SPREAD,96
2019-06-28 10:53:00.000000000,BEST_BID,"JPM,98798,166"
2019-06-28 10:53:00.000000000,BEST_ASK,"JPM,100483,182"
2019-06-28 10:53:00.000000000,LAST_TRADE,"7,$98798.0000"
2019-06-28 10:53:00.000000000,QUERY_SPREAD,97
2019-06-28 10:53:00.000000000,BEST_BID,"JPM,98798,160"
2019-06-28 10:53:00.000000000,BEST_ASK,"JPM,100483,182"
2019-06-28 10:53:00.000000000,LAST_TRADE,"6,$98798.0000"
2019-06-28 10:53:00.000000000,QUERY_SPREAD,98
2019-06-28 10:53:00.000000000,BEST_BID,"JPM,98798,156"
2019-06-28 10:53:00.000000000,BEST_ASK,"JPM,100483,182"
2019-06-28 10:53:00.000000000,LAST_TRADE,"4,$98798.0000"
2019-06-28 10:53:00.000000000,QUERY_SPREAD,99
2019-06-28 10:53:00.000000000,BEST_BID,"JPM,98798,154"
2019-06-28 10:53:00.000000000,BEST_ASK,"JPM,100483,182"
2019-06-28 10:53:00.000000000,LAST_TRADE,"2,$98798.0000"
2019-06-28 10:53:00.000000000,QUERY_SPREAD,100
2019-06-28 10:53:00.000000000,BEST_BID,"JPM,98798,148"
2019-06-28 10:53:00.000000000,BEST_ASK,"JPM,100483,182"
2019-06-28 10:53:00.000000000,LAST_TRADE,"6,$98798.0000"
2019-06-28 10:53:00.000000000,QUERY_SPREAD,101
2019-06-28 10:53:00.000000000,QUERY_ORDER_STREAM,101
2019-06-28 10:53:00.594076621,QUERY_SPREAD,27
2019-06-28 10:53:00.594076621,BEST_BID,"JPM,98798,148"
2019-06-28 10:53:00.594076621,BEST_ASK,"JPM,100483,82"
2019-06-28 10:53:00.594076621,LAST_TRADE,"100,$100483.0000"
2019-06-28 10:53:03.017378628,QUERY_ORDER_STREAM,52
2019-06-28 10:53:03.017378628,QUERY_SPREAD,52
2019-06-28 10:53:03.017378628,BEST_BID,"JPM,98798,248"
2019-06-28 10:53:03.017378628,BEST_ASK,"JPM,100483,82"
2019-06-28 10:53:08.484798592,QUERY_SPREAD,6
2019-06-28 10:53:08.484798592,BEST_BID,"JPM,100483,18"
2019-06-28 10:53:08.484798592,BEST_ASK,"JPM,100529,282"
2019-06-28 10:53:08.484798592,LAST_TRADE,"82,$100483.0000"
2019-06-28 10:53:09.122576709,QUERY_ORDER_STREAM,71
2019-06-28 10:53:09.122576709,QUERY_SPREAD,71
2019-06-28 10:53:10.000000000,QUERY_SPREAD,1
2019-06-28 10:53:10.000000000,BEST_BID,"JPM,100483,182"
2019-06-28 10:53:10.000000000,BEST_ASK,"JPM,100529,200"
2019-06-28 10:53:10.000000000,BEST_BID,"JPM,100483,182"
2019-06-28 10:53:10.000000000,BEST_ASK,"JPM,100529,200"
2019-06-28 10:53:10.000000000,BEST_BID,"JPM,100483,182"
2019-06-28 10:53:10.000000000,BEST_ASK,"JPM,100529,364"
2019-06-28 10:53:10.000000000,BEST_BID,"JPM,100483,182"
2019-06-28 10:53:10.000000000,BEST_ASK,"JPM,100529,364"
2019-06-28 10:53:12.893537665,QUERY_SPREAD,44
2019-06-28 10:53:12.893537665,BEST_BID,"JPM,100483,182"
2019-06-28 10:53:12.893537665,BEST_ASK,"JPM,100529,264"
2019-06-28 10:53:12.893537665,LAST_TRADE,"100,$100529.0000"
2019-06-28 10:53:20.000000000,QUERY_SPREAD,1
2019-06-28 10:53:20.000000000,BEST_BID,"JPM,100483,130"
2019-06-28 10:53:20.000000000,BEST_ASK,"JPM,100529,100"
2019-06-28 10:53:20.000000000,BEST_BID,"JPM,100483,130"
2019-06-28 10:53:20.000000000,BEST_ASK,"JPM,100529,100"
2019-06-28 10:53:20.000000000,BEST_BID,"JPM,100483,130"
2019-06-28 10:53:20.000000000,BEST_ASK,"JPM,100529,100"
2019-06-28 10:53:20.000000000,BEST_BID,"JPM,100483,130"
2019-06-28 10:53:20.000000000,BEST_ASK,"JPM,100529,212"
2019-06-28 10:53:20.000000000,BEST_BID,"JPM,100483,130"
2019-06-28 10:53:20.000000000,BEST_ASK,"JPM,100529,212"
2019-06-28 10:53:20.000000000,BEST_BID,"JPM,100483,130"
2019-06-28 10:53:20.000000000,BEST_ASK,"JPM,100529,212"
2019-06-28 10:53:30.000000000,QUERY_SPREAD,1
2019-06-28 10:53:30.000000000,BEST_BID,"JPM,100483,100"
2019-06-28 10:53:30.000000000,BEST_ASK,"JPM,100529,100"
2019-06-28 10:53:30.000000000,BEST_BID,"JPM,100483,100"
2019-06-28 10:53:30.000000000,BEST_ASK,"JPM,100529,100"
2019-06-28 10:53:30.000000000,BEST_BID,"JPM,100483,100"
2019-06-28 10:53:30.000000000,BEST_ASK,"JPM,100529,100"
2019-06-28 10:53:30.000000000,BEST_BID,"JPM,100483,100"
2019-06-28 10:53:30.000000000,BEST_ASK,"JPM,100529,182"
2019-06-28 10:53:30.000000000,BEST_BID,"JPM,100483,100"
2019-06-28 10:53:30.000000000,BEST_ASK,"JPM,100529,182"
2019-06-28 10:53:30.000000000,BEST_BID,"JPM,100483,100"
2019-06-28 10:53:30.000000000,BEST_ASK,"JPM,100529,182"
2019-06-28 10:53:30.000000000,BEST_BID,"JPM,100483,100"
2019-06-28 10:53:30.000000000,BEST_ASK,"JPM,100529,182"
2019-06-28 10:53:33.412632378,QUERY_SPREAD,35
2019-06-28 10:53:33.412632378,BEST_BID,"JPM,100483,100"
2019-06-28 10:53:33.412632378,BEST_ASK,"JPM,100529,182"
2019-06-28 10:53:40.000000000,QUERY_SPREAD,1
2019-06-28 10:53:40.000000000,BEST_BID,"JPM,100483,130"
2019-06-28 10:53:40.000000000,BEST_ASK,"JPM,100529,100"
2019-06-28 10:53:40.000000000,BEST_BID,"JPM,100483,130"
2019-06-28 10:53:40.000000000,BEST_ASK,"JPM,100529,100"
2019-06-28 10:53:40.000000000,BEST_BID,"JPM,100483,130"
2019-06-28 10:53:40.000000000,BEST_ASK,"JPM,100529,100"
2019-06-28 10:53:40.000000000,BEST_BID,"JPM,100483,130"
2019-06-28 10:53:40.000000000,BEST_ASK,"JPM,100529,212"
2019-06-28 10:53:40.000000000,BEST_BID,"JPM,100483,130"
2019-06-28 10:53:40.000000000,BEST_ASK,"JPM,100529,212"
2019-06-28 10:53:40.000000000,BEST_BID,"JPM,100483,130"
2019-06-28 10:53:40.000000000,BEST_ASK,"JPM,100529,212"
2019-06-28 10:53:50.000000000,QUERY_SPREAD,1
2019-06-28 10:53:50.000000000,BEST_BID,"JPM,100483,100"
2019-06-28 10:53:50.000000000,BEST_ASK,"JPM,100529,100"
2019-06-28 10:53:50.000000000,BEST_BID,"JPM,100483,100"
2019-06-28 10:53:50.000000000,BEST_ASK,"JPM,100529,100"
2019-06-28 10:53:50.000000000,BEST_BID,"JPM,100483,100"
2019-06-28 10:53:50.000000000,BEST_ASK,"JPM,100529,100"
2019-06-28 10:53:50.000000000,BEST_BID,"JPM,100483,100"
2019-06-28 10:53:50.000000000,BEST_ASK,"JPM,100529,182"
2019-06-28 10:53:50.000000000,BEST_BID,"JPM,100483,100"
2019-06-28 10:53:50.000000000,BEST_ASK,"JPM,100529,182"
2019-06-28 10:53:50.000000000,BEST_BID,"JPM,100483,100"
2019-06-28 10:53:50.000000000,BEST_ASK,"JPM,100529,182"
2019-06-28 10:53:50.000000000,BEST_BID,"JPM,100483,100"
2019-06-28 10:53:50.000000000,BEST_ASK,"JPM,100529,182"
2019-06-28 10:53:51.058530271,QUERY_ORDER_STREAM,53
2019-06-28 10:53:51.058530271,QUERY_SPREAD,53
2019-06-28 10:53:58.241395549,QUERY_SPREAD,28
2019-06-28 10:53:58.241395549,BEST_BID,"JPM,100483,100"
2019-06-28 10:53:58.241395549,BEST_ASK,"JPM,100529,182"
2019-06-28 10:53:58.653183479,QUERY_SPREAD,8
2019-06-28 10:53:58.653183479,BEST_BID,"JPM,100483,100"
2019-06-28 10:53:58.653183479,BEST_ASK,"JPM,100529,182"
2019-06-28 10:54:00.000000000,QUERY_SPREAD,1
2019-06-28 10:54:00.000000000,BEST_BID,"JPM,100483,346"
2019-06-28 10:54:00.000000000,BEST_ASK,"JPM,100529,100"
2019-06-28 10:54:00.000000000,BEST_BID,"JPM,100483,346"
2019-06-28 10:54:00.000000000,BEST_ASK,"JPM,100529,428"
2019-06-28 10:54:00.000000000,QUERY_SPREAD,77
2019-06-28 10:54:00.000000000,BEST_BID,"JPM,100483,342"
2019-06-28 10:54:00.000000000,BEST_ASK,"JPM,100529,428"
2019-06-28 10:54:00.000000000,LAST_TRADE,"4,$100483.0000"
2019-06-28 10:54:00.000000000,QUERY_SPREAD,78
2019-06-28 10:54:00.000000000,BEST_BID,"JPM,100483,334"
2019-06-28 10:54:00.000000000,BEST_ASK,"JPM,100529,428"
2019-06-28 10:54:00.000000000,LAST_TRADE,"8,$100483.0000"
2019-06-28 10:54:00.000000000,QUERY_SPREAD,79
2019-06-28 10:54:00.000000000,BEST_BID,"JPM,100483,333"
2019-06-28 10:54:00.000000000,BEST_ASK,"JPM,100529,428"
2019-06-28 10:54:00.000000000,LAST_TRADE,"1,$100483.0000"
2019-06-28 10:54:00.000000000,QUERY_SPREAD,80
2019-06-28 10:54:00.000000000,BEST_BID,"JPM,100483,328"
2019-06-28 10:54:00.000000000,BEST_ASK,"JPM,100529,428"
2019-06-28 10:54:00.000000000,LAST_TRADE,"5,$100483.0000"
2019-06-28 10:54:00.000000000,QUERY_SPREAD,81
2019-06-28 10:54:00.000000000,BEST_BID,"JPM,100483,323"
2019-06-28 10:54:00.000000000,BEST_ASK,"JPM,100529,428"
2019-06-28 10:54:00.000000000,LAST_TRADE,"5,$100483.0000"
2019-06-28 10:54:00.000000000,QUERY_SPREAD,82
2019-06-28 10:54:00.000000000,BEST_BID,"JPM,100483,317"
2019-06-28 10:54:00.000000000,BEST_ASK,"JPM,100529,428"
2019-06-28 10:54:00.000000000,LAST_TRADE,"6,$100483.0000"
2019-06-28 10:54:00.000000000,QUERY_SPREAD,83
2019-06-28 10:54:00.000000000,BEST_BID,"JPM,100483,313"
2019-06-28 10:54:00.000000000,BEST_ASK,"JPM,100529,428"
2019-06-28 10:54:00.000000000,LAST_TRADE,"4,$100483.0000"
2019-06-28 10:54:00.000000000,QUERY_SPREAD,84
2019-06-28 10:54:00.000000000,BEST_BID,"JPM,100483,308"
2019-06-28 10:54:00.000000000,BEST_ASK,"JPM,100529,428"
2019-06-28 10:54:00.000000000,LAST_TRADE,"5,$100483.0000"
2019-06-28 10:54:00.000000000,QUERY_SPREAD,85
2019-06-28 10:54:00.000000000,BEST_BID,"JPM,100483,303"
2019-06-28 10:54:00.000000000,BEST_ASK,"JPM,100529,428"
2019-06-28 10:54:00.000000000,LAST_TRADE,"5,$100483.0000"
2019-06-28 10:54:00.000000000,QUERY_SPREAD,86
2019-06-28 10:54:00.000000000,BEST_BID,"JPM,100483,294"
2019-06-28 10:54:00.000000000,BEST_ASK,"JPM,100529,428"
2019-06-28 10:54:00.000000000,LAST_TRADE,"9,$100483.0000"
2019-06-28 10:54:00.000000000,QUERY_SPREAD,87
2019-06-28 10:54:00.000000000,BEST_BID,"JPM,100483,292"
2019-06-28 10:54:00.000000000,BEST_ASK,"JPM,100529,428"
2019-06-28 10:54:00.000000000,LAST_TRADE,"2,$100483.0000"
2019-06-28 10:54:00.000000000,QUERY_SPREAD,88
2019-06-28 10:54:00.000000000,BEST_BID,"JPM,100483,284"
2019-06-28 10:54:00.000000000,BEST_ASK,"JPM,100529,428"
2019-06-28 10:54:00.000000000,LAST_TRADE,"8,$100483.0000"
2019-06-28 10:54:00.000000000,QUERY_SPREAD,89
2019-06-28 10:54:00.000000000,BEST_BID,"JPM,100483,277"
2019-06-28 10:54:00.000000000,BEST_ASK,"JPM,100529,428"
2019-06-28 10:54:00.000000000,LAST_TRADE,"7,$100483.0000"
2019-06-28 10:54:00.000000000,QUERY_SPREAD,90
2019-06-28 10:54:00.000000000,BEST_BID,"JPM,100483,271"
2019-06-28 10:54:00.000000000,BEST_ASK,"JPM,100529,428"
2019-06-28 10:54:00.000000000,LAST_TRADE,"6,$100483.0000"
2019-06-28 10:54:00.000000000,QUERY_SPREAD,91
2019-06-28 10:54:00.000000000,BEST_BID,"JPM,100483,266"
2019-06-28 10:54:00.000000000,BEST_ASK,"JPM,100529,428"
2019-06-28 10:54:00.000000000,LAST_TRADE,"5,$100483.0000"
2019-06-28 10:54:00.000000000,QUERY_SPREAD,92
2019-06-28 10:54:00.000000000,BEST_BID,"JPM,100483,265"
2019-06-28 10:54:00.000000000,BEST_ASK,"JPM,100529,428"
2019-06-28 10:54:00.000000000,LAST_TRADE,"1,$100483.0000"
2019-06-28 10:54:00.000000000,QUERY_SPREAD,93
2019-06-28 10:54:00.000000000,BEST_BID,"JPM,100483,263"
2019-06-28 10:54:00.000000000,BEST_ASK,"JPM,100529,428"
2019-06-28 10:54:00.000000000,LAST_TRADE,"2,$100483.0000"
2019-06-28 10:54:00.000000000,QUERY_SPREAD,94
2019-06-28 10:54:00.000000000,BEST_BID,"JPM,100483,261"
2019-06-28 10:54:00.000000000,BEST_ASK,"JPM,100529,428"
2019-06-28 10:54:00.000000000,LAST_TRADE,"2,$100483.0000"
2019-06-28 10:54:00.000000000,QUERY_SPREAD,95
2019-06-28 10:54:00.000000000,BEST_BID,"JPM,100483,254"
2019-06-28 10:54:00.000000000,BEST_ASK,"JPM,100529,428"
2019-06-28 10:54:00.000000000,LAST_TRADE,"7,$100483.0000"
2019-06-28 10:54:00.000000000,QUERY_SPREAD,96
2019-06-28 10:54:00.000000000,BEST_BID,"JPM,100483,247"
2019-06-28 10:54:00.000000000,BEST_ASK,"JPM,100529,428"
2019-06-28 10:54:00.000000000,LAST_TRADE,"7,$100483.0000"
2019-06-28 10:54:00.000000000,QUERY_SPREAD,97
2019-06-28 10:54:00.000000000,BEST_BID,"JPM,100483,241"
2019-06-28 10:54:00.000000000,BEST_ASK,"JPM,100529,428"
2019-06-28 10:54:00.000000000,LAST_TRADE,"6,$100483.0000"
2019-06-28 10:54:00.000000000,QUERY_SPREAD,98
2019-06-28 10:54:00.000000000,BEST_BID,"JPM,100483,237"
2019-06-28 10:54:00.000000000,BEST_ASK,"JPM,100529,428"
2019-06-28 10:54:00.000000000,LAST_TRADE,"4,$100483.0000"
2019-06-28 10:54:00.000000000,QUERY_SPREAD,99
2019-06-28 10:54:00.000000000,BEST_BID,"JPM,100483,235"
2019-06-28 10:54:00.000000000,BEST_ASK,"JPM,100529,428"
2019-06-28 10:54:00.000000000,LAST_TRADE,"2,$100483.0000"
2019-06-28 10:54:00.000000000,QUERY_SPREAD,100
2019-06-28 10:54:00.000000000,BEST_BID,"JPM,100483,229"
2019-06-28 10:54:00.000000000,BEST_ASK,"JPM,100529,428"
2019-06-28 10:54:00.000000000,LAST_TRADE,"6,$100483.0000"
2019-06-28 10:54:00.000000000,QUERY_SPREAD,101
2019-06-28 10:54:00.000000000,QUERY_ORDER_STREAM,101
2019-06-28 10:54:00.000000000,BEST_BID,"JPM,100483,221"
2019-06-28 10:54:00.000000000,BEST_ASK,"JPM,100529,428"
2019-06-28 10:54:00.000000000,LAST_TRADE,"8,$100483.0000"
2019-06-28 10:54:10.000000000,QUERY_SPREAD,1
2019-06-28 10:54:10.000000000,BEST_BID,"JPM,98798,232"
2019-06-28 10:54:10.000000000,BEST_ASK,"JPM,100529,100"
2019-06-28 10:54:10.000000000,BEST_BID,"JPM,98798,232"
2019-06-28 10:54:10.000000000,BEST_ASK,"JPM,100529,100"
2019-06-28 10:54:10.000000000,BEST_BID,"JPM,98798,232"
2019-06-28 10:54:10.000000000,BEST_ASK,"JPM,100529,166"
2019-06-28 10:54:10.000000000,BEST_BID,"JPM,98798,232"
2019-06-28 10:54:10.000000000,BEST_ASK,"JPM,100529,166"
2019-06-28 10:54:10.000000000,BEST_BID,"JPM,98798,232"
2019-06-28 10:54:10.000000000,BEST_ASK,"JPM,100529,166"
2019-06-28 10:54:10.000000000,BEST_BID,"JPM,98798,232"
2019-06-28 10:54:10.000000000,BEST_ASK,"JPM,100529,166"
2019-06-28 10:54:10.000000000,BEST_BID,"JPM,98798,232"
2019-06-28 10:54:10.000000000,BEST_ASK,"JPM,100529,166"
2019-06-28 10:54:20.000000000,QUERY_SPREAD,1
2019-06-28 10:54:20.000000000,BEST_BID,"JPM,98798,494"
2019-06-28 10:54:20.000000000,BEST_ASK,"JPM,100529,100"
2019-06-28 10:54:20.000000000,BEST_BID,"JPM,98798,494"
2019-06-28 10:54:20.000000000,BEST_ASK,"JPM,100529,428"
2019-06-28 10:54:25.911154238,QUERY_SPREAD,40
2019-06-28 10:54:25.911154238,BEST_BID,"JPM,98798,494"
2019-06-28 10:54:25.911154238,BEST_ASK,"JPM,100529,428"
2019-06-28 10:54:26.165915839,QUERY_SPREAD,18
2019-06-28 10:54:26.165915839,BEST_BID,"JPM,98798,494"
2019-06-28 10:54:26.165915839,BEST_ASK,"JPM,100529,328"
2019-06-28 10:54:26.165915839,LAST_TRADE,"100,$100529.0000"
2019-06-28 10:54:30.000000000,QUERY_SPREAD,1
2019-06-28 10:54:30.000000000,BEST_BID,"JPM,98798,232"
2019-06-28 10:54:30.000000000,BEST_ASK,"JPM,100552,100"
2019-06-28 10:54:30.000000000,BEST_BID,"JPM,98798,232"
2019-06-28 10:54:30.000000000,BEST_ASK,"JPM,100552,100"
2019-06-28 10:54:30.000000000,BEST_BID,"JPM,98798,232"
2019-06-28 10:54:30.000000000,BEST_ASK,"JPM,100552,166"
2019-06-28 10:54:30.000000000,BEST_BID,"JPM,98798,232"
2019-06-28 10:54:30.000000000,BEST_ASK,"JPM,100552,166"
2019-06-28 10:54:30.000000000,BEST_BID,"JPM,98798,232"
2019-06-28 10:54:30.000000000,BEST_ASK,"JPM,100552,166"
2019-06-28 10:54:30.000000000,BEST_BID,"JPM,98798,232"
2019-06-28 10:54:30.000000000,BEST_ASK,"JPM,100552,166"
2019-06-28 10:54:30.000000000,BEST_BID,"JPM,98798,232"
2019-06-28 10:54:30.000000000,BEST_ASK,"JPM,100552,166"
2019-06-28 10:54:40.000000000,QUERY_SPREAD,1
2019-06-28 10:54:40.000000000,BEST_BID,"JPM,98798,248"
2019-06-28 10:54:40.000000000,BEST_ASK,"JPM,100552,100"
2019-06-28 10:54:40.000000000,BEST_BID,"JPM,98798,248"
2019-06-28 10:54:40.000000000,BEST_ASK,"JPM,100552,100"
2019-06-28 10:54:40.000000000,BEST_BID,"JPM,98798,248"
2019-06-28 10:54:40.000000000,BEST_ASK,"JPM,100552,182"
2019-06-28 10:54:40.000000000,BEST_BID,"JPM,98798,248"
2019-06-28 10:54:40.000000000,BEST_ASK,"JPM,100552,182"
2019-06-28 10:54:40.000000000,BEST_BID,"JPM,98798,248"
2019-06-28 10:54:40.000000000,BEST_ASK,"JPM,100552,182"
2019-06-28 10:54:40.000000000,BEST_BID,"JPM,98798,248"
2019-06-28 10:54:40.000000000,BEST_ASK,"JPM,100552,182"
2019-06-28 10:54:50.000000000,QUERY_SPREAD,1
2019-06-28 10:54:50.000000000,BEST_BID,"JPM,98798,330"
2019-06-28 10:54:50.000000000,BEST_ASK,"JPM,100552,100"
2019-06-28 10:54:50.000000000,BEST_BID,"JPM,98798,330"
2019-06-28 10:54:50.000000000,BEST_ASK,"JPM,100552,100"
2019-06-28 10:54:50.000000000,BEST_BID,"JPM,98798,330"
2019-06-28 10:54:50.000000000,BEST_ASK,"JPM,100552,264"
2019-06-28 10:54:50.000000000,BEST_BID,"JPM,98798,330"
2019-06-28 10:54:50.000000000,BEST_ASK,"JPM,100552,264"
2019-06-28 10:54:57.843785489,QUERY_SPREAD,6
2019-06-28 10:54:57.843785489,BEST_BID,"JPM,98798,330"
2019-06-28 10:54:57.843785489,BEST_ASK,"JPM,100552,264"
2019-06-28 10:55:00.000000000,QUERY_SPREAD,1
2019-06-28 10:55:00.000000000,BEST_BID,"JPM,98798,248"
2019-06-28 10:55:00.000000000,BEST_ASK,"JPM,100552,100"
2019-06-28 10:55:00.000000000,BEST_BID,"JPM,98798,248"
2019-06-28 10:55:00.000000000,BEST_ASK,"JPM,100552,100"
2019-06-28 10:55:00.000000000,BEST_BID,"JPM,98798,248"
2019-06-28 10:55:00.000000000,BEST_ASK,"JPM,100552,182"
2019-06-28 10:55:00.000000000,BEST_BID,"JPM,98798,248"
2019-06-28 10:55:00.000000000,BEST_ASK,"JPM,100552,182"
2019-06-28 10:55:00.000000000,BEST_BID,"JPM,98798,248"
2019-06-28 10:55:00.000000000,BEST_ASK,"JPM,100552,182"
2019-06-28 10:55:00.000000000,BEST_BID,"JPM,98798,248"
2019-06-28 10:55:00.000000000,BEST_ASK,"JPM,100552,182"
2019-06-28 10:55:00.000000000,QUERY_SPREAD,77
2019-06-28 10:55:00.000000000,BEST_BID,"JPM,98798,244"
2019-06-28 10:55:00.000000000,BEST_ASK,"JPM,100552,182"
2019-06-28 10:55:00.000000000,LAST_TRADE,"4,$98798.0000"
2019-06-28 10:55:00.000000000,QUERY_SPREAD,78
2019-06-28 10:55:00.000000000,BEST_BID,"JPM,98798,236"
2019-06-28 10:55:00.000000000,BEST_ASK,"JPM,100552,182"
2019-06-28 10:55:00.000000000,LAST_TRADE,"8,$98798.0000"
2019-06-28 10:55:00.000000000,QUERY_SPREAD,79
2019-06-28 10:55:00.000000000,BEST_BID,"JPM,98798,235"
2019-06-28 10:55:00.000000000,BEST_ASK,"JPM,100552,182"
2019-06-28 10:55:00.000000000,LAST_TRADE,"1,$98798.0000"
2019-06-28 10:55:00.000000000,QUERY_SPREAD,80
2019-06-28 10:55:00.000000000,BEST_BID,"JPM,98798,230"
2019-06-28 10:55:00.000000000,BEST_ASK,"JPM,100552,182"
2019-06-28 10:55:00.000000000,LAST_TRADE,"5,$98798.0000"
2019-06-28 10:55:00.000000000,QUERY_SPREAD,81
2019-06-28 10:55:00.000000000,BEST_BID,"JPM,98798,225"
2019-06-28 10:55:00.000000000,BEST_ASK,"JPM,100552,182"
2019-06-28 10:55:00.000000000,LAST_TRADE,"5,$98798.0000"
2019-06-28 10:55:00.000000000,QUERY_SPREAD,82
2019-06-28 10:55:00.000000000,BEST_BID,"JPM,98798,219"
2019-06-28 10:55:00.000000000,BEST_ASK,"JPM,100552,182"
2019-06-28 10:55:00.000000000,LAST_TRADE,"6,$98798.0000"
2019-06-28 10:55:00.000000000,QUERY_SPREAD,83
2019-06-28 10:55:00.000000000,BEST_BID,"JPM,98798,215"
2019-06-28 10:55:00.000000000,BEST_ASK,"JPM,100552,182"
2019-06-28 10:55:00.000000000,LAST_TRADE,"4,$98798.0000"
2019-06-28 10:55:00.000000000,QUERY_SPREAD,84
2019-06-28 10:55:00.000000000,BEST_BID,"JPM,98798,210"
2019-06-28 10:55:00.000000000,BEST_ASK,"JPM,100552,182"
2019-06-28 10:55:00.000000000,LAST_TRADE,"5,$98798.0000"
2019-06-28 10:55:00.000000000,QUERY_SPREAD,85
2019-06-28 10:55:00.000000000,BEST_BID,"JPM,98798,205"
2019-06-28 10:55:00.000000000,BEST_ASK,"JPM,100552,182"
2019-06-28 10:55:00.000000000,LAST_TRADE,"5,$98798.0000"
2019-06-28 10:55:00.000000000,QUERY_SPREAD,86
2019-06-28 10:55:00.000000000,BEST_BID,"JPM,98798,196"
2019-06-28 10:55:00.000000000,BEST_ASK,"JPM,100552,182"
2019-06-28 10:55:00.000000000,LAST_TRADE,"9,$98798.0000"
2019-06-28 10:55:00.000000000,QUERY_SPREAD,87
2019-06-28 10:55:00.000000000,BEST_BID,"JPM,98798,194"
2019-06-28 10:55:00.000000000,BEST_ASK,"JPM,100552,182"
2019-06-28 10:55:00.000000000,LAST_TRADE,"2,$98798.0000"
2019-06-28 10:55:00.000000000,QUERY_SPREAD,88
2019-06-28 10:55:00.000000000,BEST_BID,"JPM,98798,186"
2019-06-28 10:55:00.000000000,BEST_ASK,"JPM,100552,182"
2019-06-28 10:55:00.000000000,LAST_TRADE,"8,$98798.0000"
2019-06-28 10:55:00.000000000,QUERY_SPREAD,89
2019-06-28 10:55:00.000000000,BEST_BID,"JPM,98798,179"
2019-06-28 10:55:00.000000000,BEST_ASK,"JPM,100552,182"
2019-06-28 10:55:00.000000000,LAST_TRADE,"7,$98798.0000"
2019-06-28 10:55:00.000000000,QUERY_SPREAD,90
2019-06-28 10:55:00.000000000,BEST_BID,"JPM,98798,173"
2019-06-28 10:55:00.000000000,BEST_ASK,"JPM,100552,182"
2019-06-28 10:55:00.000000000,LAST_TRADE,"6,$98798.0000"
2019-06-28 10:55:00.000000000,QUERY_SPREAD,91
2019-06-28 10:55:00.000000000,BEST_BID,"JPM,98798,168"
2019-06-28 10:55:00.000000000,BEST_ASK,"JPM,100552,182"
2019-06-28 10:55:00.000000000,LAST_TRADE,"5,$98798.0000"
2019-06-28 10:55:00.000000000,QUERY_SPREAD,92
2019-06-28 10:55:00.000000000,BEST_BID,"JPM,98798,167"
2019-06-28 10:55:00.000000000,BEST_ASK,"JPM,100552,182"
2019-06-28 10:55:00.000000000,LAST_TRADE,"1,$98798.0000"
2019-06-28 10:55:00.000000000,QUERY_SPREAD,93
2019-06-28 10:55:00.000000000,BEST_BID,"JPM,98798,165"
2019-06-28 10:55:00.000000000,BEST_ASK,"JPM,100552,182"
2019-06-28 10:55:00.000000000,LAST_TRADE,"2,$98798.0000"
2019-06-28 10:55:00.000000000,QUERY_SPREAD,94
2019-06-28 10:55:00.000000000,BEST_BID,"JPM,98798,163"
2019-06-28 10:55:00.000000000,BEST_ASK,"JPM,100552,182"
2019-06-28 10:55:00.000000000,LAST_TRADE,"2,$98798.0000"
2019-06-28 10:55:00.000000000,QUERY_SPREAD,95
2019-06-28 10:55:00.000000000,BEST_BID,"JPM,98798,156"
2019-06-28 10:55:00.000000000,BEST_ASK,"JPM,100552,182"
2019-06-28 10:55:00.000000000,LAST_TRADE,"7,$98798.0000"
2019-06-28 10:55:00.000000000,QUERY_SPREAD,96
2019-06-28 10:55:00.000000000,BEST_BID,"JPM,98798,149"
2019-06-28 10:55:00.000000000,BEST_ASK,"JPM,100552,182"
2019-06-28 10:55:00.000000000,LAST_TRADE,"7,$98798.0000"
2019-06-28 10:55:00.000000000,QUERY_SPREAD,97
2019-06-28 10:55:00.000000000,BEST_BID,"JPM,98798,143"
2019-06-28 10:55:00.000000000,BEST_ASK,"JPM,100552,182"
2019-06-28 10:55:00.000000000,LAST_TRADE,"6,$98798.0000"
2019-06-28 10:55:00.000000000,QUERY_SPREAD,98
2019-06-28 10:55:00.000000000,BEST_BID,"JPM,98798,139"
2019-06-28 10:55:00.000000000,BEST_ASK,"JPM,100552,182"
2019-06-28 10:55:00.000000000,LAST_TRADE,"4,$98798.0000"
2019-06-28 10:55:00.000000000,QUERY_SPREAD,99
2019-06-28 10:55:00.000000000,BEST_BID,"JPM,98798,137"
2019-06-28 10:55:00.000000000,BEST_ASK,"JPM,100552,182"
2019-06-28 10:55:00.000000000,LAST_TRADE,"2,$98798.0000"
2019-06-28 10:55:00.000000000,QUERY_SPREAD,100
2019-06-28 10:55:00.000000000,BEST_BID,"JPM,98798,131"
2019-06-28 10:55:00.000000000,BEST_ASK,"JPM,100552,182"
2019-06-28 10:55:00.000000000,LAST_TRADE,"6,$98798.0000"
2019-06-28 10:55:00.000000000,QUERY_SPREAD,101
2019-06-28 10:55:00.000000000,QUERY_ORDER_STREAM,101
2019-06-28 10:55:10.000000000,QUERY_SPREAD,1
2019-06-28 10:55:10.000000000,BEST_BID,"JPM,98798,213"
2019-06-28 10:55:10.000000000,BEST_ASK,"JPM,100552,100"
2019-06-28 10:55:10.000000000,BEST_BID,"JPM,98798,213"
2019-06-28 10:55:10.000000000,BEST_ASK,"JPM,100552,100"
2019-06-28 10:55:10.000000000,BEST_BID,"JPM,98798,213"
2019-06-28 10:55:10.000000000,BEST_ASK,"JPM,100552,264"
2019-06-28 10:55:10.000000000,BEST_BID,"JPM,98798,213"
2019-06-28 10:55:10.000000000,BEST_ASK,"JPM,100552,264"
2019-06-28 10:55:20.000000000,QUERY_SPREAD,1
2019-06-28 10:55:20.000000000,BEST_BID,"JPM,98798,161"
2019-06-28 10:55:20.000000000,BEST_ASK,"JPM,100552,100"
2019-06-28 10:55:20.000000000,BEST_BID,"JPM,98798,161"
2019-06-28 10:55:20.000000000,BEST_ASK,"JPM,100552,100"
2019-06-28 10:55:20.000000000,BEST_BID,"JPM,98798,161"
2019-06-28 10:55:20.000000000,BEST_ASK,"JPM,100552,212"
2019-06-28 10:55:20.000000000,BEST_BID,"JPM,98798,161"
2019-06-28 10:55:20.000000000,BEST_ASK,"JPM,100552,212"
2019-06-28 10:55:20.000000000,BEST_BID,"JPM,98798,161"
2019-06-28 10:55:20.000000000,BEST_ASK,"JPM,100552,212"
2019-06-28 10:55:30.000000000,QUERY_SPREAD,1
2019-06-28 10:55:30.000000000,BEST_BID,"JPM,98798,161"
2019-06-28 10:55:30.000000000,BEST_ASK,"JPM,100552,100"
2019-06-28 10:55:30.000000000,BEST_BID,"JPM,98798,161"
2019-06-28 10:55:30.000000000,BEST_ASK,"JPM,100552,100"
2019-06-28 10:55:30.000000000,BEST_BID,"JPM,98798,161"
2019-06-28 10:55:30.000000000,BEST_ASK,"JPM,100552,212"
2019-06-28 10:55:30.000000000,BEST_BID,"JPM,98798,161"
2019-06-28 10:55:30.000000000,BEST_ASK,"JPM,100552,212"
2019-06-28 10:55:30.000000000,BEST_BID,"JPM,98798,161"
2019-06-28 10:55:30.000000000,BEST_ASK,"JPM,100552,212"
2019-06-28 10:55:40.000000000,QUERY_SPREAD,1
2019-06-28 10:55:40.000000000,BEST_BID,"JPM,98798,213"
2019-06-28 10:55:40.000000000,BEST_ASK,"JPM,100552,100"
2019-06-28 10:55:40.000000000,BEST_BID,"JPM,98798,213"
2019-06-28 10:55:40.000000000,BEST_ASK,"JPM,100552,100"
2019-06-28 10:55:40.000000000,BEST_BID,"JPM,98798,213"
2019-06-28 10:55:40.000000000,BEST_ASK,"JPM,100552,264"
2019-06-28 10:55:40.000000000,BEST_BID,"JPM,98798,213"
2019-06-28 10:55:40.000000000,BEST_ASK,"JPM,100552,264"
2019-06-28 10:55:50.000000000,QUERY_SPREAD,1
2019-06-28 10:55:50.000000000,BEST_BID,"JPM,98798,161"
2019-06-28 10:55:50.000000000,BEST_ASK,"JPM,100552,100"
2019-06-28 10:55:50.000000000,BEST_BID,"JPM,98798,161"
2019-06-28 10:55:50.000000000,BEST_ASK,"JPM,100552,100"
2019-06-28 10:55:50.000000000,BEST_BID,"JPM,98798,161"
2019-06-28 10:55:50.000000000,BEST_ASK,"JPM,100552,212"
2019-06-28 10:55:50.000000000,BEST_BID,"JPM,98798,161"
2019-06-28 10:55:50.000000000,BEST_ASK,"JPM,100552,212"
2019-06-28 10:55:50.000000000,BEST_BID,"JPM,98798,161"
2019-06-28 10:55:50.000000000,BEST_ASK,"JPM,100552,212"
2019-06-28 10:55:54.582969626,QUERY_SPREAD,14
2019-06-28 10:55:54.582969626,BEST_BID,"JPM,98798,161"
2019-06-28 10:55:54.582969626,BEST_ASK,"JPM,100552,112"
2019-06-28 10:55:54.582969626,LAST_TRADE,"100,$100552.0000"
2019-06-28 10:55:58.186771113,QUERY_ORDER_STREAM,73
2019-06-28 10:55:58.186771113,QUERY_SPREAD,73
2019-06-28 10:56:00.000000000,QUERY_SPREAD,1
2019-06-28 10:56:00.000000000,BEST_BID,"JPM,98798,213"
2019-06-28 10:56:00.000000000,BEST_ASK,"JPM,100580,100"
2019-06-28 10:56:00.000000000,BEST_BID,"JPM,98798,213"
2019-06-28 10:56:00.000000000,BEST_ASK,"JPM,100580,100"
2019-06-28 10:56:00.000000000,BEST_BID,"JPM,98798,213"
2019-06-28 10:56:00.000000000,BEST_ASK,"JPM,100580,264"
2019-06-28 10:56:00.000000000,BEST_BID,"JPM,98798,213"
2019-06-28 10:56:00.000000000,BEST_ASK,"JPM,100580,264"
2019-06-28 10:56:00.000000000,QUERY_SPREAD,77
2019-06-28 10:56:00.000000000,BEST_BID,"JPM,98798,209"
2019-06-28 10:56:00.000000000,BEST_ASK,"JPM,100580,264"
2019-06-28 10:56:00.000000000,LAST_TRADE,"4,$98798.0000"
2019-06-28 10:56:00.000000000,QUERY_SPREAD,78
2019-06-28 10:56:00.000000000,BEST_BID,"JPM,98798,201"
2019-06-28 10:56:00.000000000,BEST_ASK,"JPM,100580,264"
2019-06-28 10:56:00.000000000,LAST_TRADE,"8,$98798.0000"
2019-06-28 10:56:00.000000000,QUERY_SPREAD,79
2019-06-28 10:56:00.000000000,BEST_BID,"JPM,98798,200"
2019-06-28 10:56:00.000000000,BEST_ASK,"JPM,100580,264"
2019-06-28 10:56:00.000000000,LAST_TRADE,"1,$98798.0000"
2019-06-28 10:56:00.000000000,QUERY_SPREAD,80
2019-06-28 10:56:00.000000000,BEST_BID,"JPM,98798,195"
2019-06-28 10:56:00.000000000,BEST_ASK,"JPM,100580,264"
2019-06-28 10:56:00.000000000,LAST_TRADE,"5,$98798.0000"
2019-06-28 10:56:00.000000000,QUERY_SPREAD,81
2019-06-28 10:56:00.000000000,BEST_BID,"JPM,98798,190"
2019-06-28 10:56:00.000000000,BEST_ASK,"JPM,100580,264"
2019-06-28 10:56:00.000000000,LAST_TRADE,"5,$98798.0000"
2019-06-28 10:56:00.000000000,QUERY_SPREAD,82
2019-06-28 10:56:00.000000000,BEST_BID,"JPM,98798,184"
2019-06-28 10:56:00.000000000,BEST_ASK,"JPM,100580,264"
2019-06-28 10:56:00.000000000,LAST_TRADE,"6,$98798.0000"
2019-06-28 10:56:00.000000000,QUERY_SPREAD,83
2019-06-28 10:56:00.000000000,BEST_BID,"JPM,98798,180"
2019-06-28 10:56:00.000000000,BEST_ASK,"JPM,100580,264"
2019-06-28 10:56:00.000000000,LAST_TRADE,"4,$98798.0000"
2019-06-28 10:56:00.000000000,QUERY_SPREAD,84
2019-06-28 10:56:00.000000000,BEST_BID,"JPM,98798,175"
2019-06-28 10:56:00.000000000,BEST_ASK,"JPM,100580,264"
2019-06-28 10:56:00.000000000,LAST_TRADE,"5,$98798.0000"
2019-06-28 10:56:00.000000000,QUERY_SPREAD,85
2019-06-28 10:56:00.000000000,BEST_BID,"JPM,98798,170"
2019-06-28 10:56:00.000000000,BEST_ASK,"JPM,100580,264"
2019-06-28 10:56:00.000000000,LAST_TRADE,"5,$98798.0000"
2019-06-28 10:56:00.000000000,QUERY_SPREAD,86
2019-06-28 10:56:00.000000000,BEST_BID,"JPM,98798,161"
2019-06-28 10:56:00.000000000,BEST_ASK,"JPM,100580,264"
2019-06-28 10:56:00.000000000,LAST_TRADE,"9,$98798.0000"
2019-06-28 10:56:00.000000000,QUERY_SPREAD,87
2019-06-28 10:56:00.000000000,BEST_BID,"JPM,98798,159"
2019-06-28 10:56:00.000000000,BEST_ASK,"JPM,100580,264"
2019-06-28 10:56:00.000000000,LAST_TRADE,"2,$98798.0000"
2019-06-28 10:56:00.000000000,QUERY_SPREAD,88
2019-06-28 10:56:00.000000000,BEST_BID,"JPM,98798,151"
2019-06-28 10:56:00.000000000,BEST_ASK,"JPM,100580,264"
2019-06-28 10:56:00.000000000,LAST_TRADE,"8,$98798.0000"
2019-06-28 10:56:00.000000000,QUERY_SPREAD,89
2019-06-28 10:56:00.000000000,BEST_BID,"JPM,98798,144"
2019-06-28 10:56:00.000000000,BEST_ASK,"JPM,100580,264"
2019-06-28 10:56:00.000000000,LAST_TRADE,"7,$98798.0000"
2019-06-28 10:56:00.000000000,QUERY_SPREAD,90
2019-06-28 10:56:00.000000000,BEST_BID,"JPM,98798,138"
2019-06-28 10:56:00.000000000,BEST_ASK,"JPM,100580,264"
2019-06-28 10:56:00.000000000,LAST_TRADE,"6,$98798.0000"
2019-06-28 10:56:00.000000000,QUERY_SPREAD,91
2019-06-28 10:56:00.000000000,BEST_BID,"JPM,98798,133"
2019-06-28 10:56:00.000000000,BEST_ASK,"JPM,100580,264"
2019-06-28 10:56:00.000000000,LAST_TRADE,"5,$98798.0000"
2019-06-28 10:56:00.000000000,QUERY_SPREAD,92
2019-06-28 10:56:00.000000000,BEST_BID,"JPM,98798,132"
2019-06-28 10:56:00.000000000,BEST_ASK,"JPM,100580,264"
2019-06-28 10:56:00.000000000,LAST_TRADE,"1,$98798.0000"
2019-06-28 10:56:00.000000000,QUERY_SPREAD,93
2019-06-28 10:56:00.000000000,BEST_BID,"JPM,98798,130"
2019-06-28 10:56:00.000000000,BEST_ASK,"JPM,100580,264"
2019-06-28 10:56:00.000000000,LAST_TRADE,"2,$98798.0000"
2019-06-28 10:56:00.000000000,QUERY_SPREAD,94
2019-06-28 10:56:00.000000000,BEST_BID,"JPM,98798,128"
2019-06-28 10:56:00.000000000,BEST_ASK,"JPM,100580,264"
2019-06-28 10:56:00.000000000,LAST_TRADE,"2,$98798.0000"
2019-06-28 10:56:00.000000000,QUERY_SPREAD,95
2019-06-28 10:56:00.000000000,BEST_BID,"JPM,98798,121"
2019-06-28 10:56:00.000000000,BEST_ASK,"JPM,100580,264"
2019-06-28 10:56:00.000000000,LAST_TRADE,"7,$98798.0000"
2019-06-28 10:56:00.000000000,QUERY_SPREAD,96
2019-06-28 10:56:00.000000000,BEST_BID,"JPM,98798,114"
2019-06-28 10:56:00.000000000,BEST_ASK,"JPM,100580,264"
2019-06-28 10:56:00.000000000,LAST_TRADE,"7,$98798.0000"
2019-06-28 10:56:00.000000000,QUERY_SPREAD,97
2019-06-28 10:56:00.000000000,BEST_BID,"JPM,98798,108"
2019-06-28 10:56:00.000000000,BEST_ASK,"JPM,100580,264"
2019-06-28 10:56:00.000000000,LAST_TRADE,"6,$98798.0000"
2019-06-28 10:56:00.000000000,QUERY_SPREAD,98
2019-06-28 10:56:00.000000000,BEST_BID,"JPM,98798,104"
2019-06-28 10:56:00.000000000,BEST_ASK,"JPM,100580,264"
2019-06-28 10:56:00.000000000,LAST_TRADE,"4,$98798.0000"
2019-06-28 10:56:00.000000000,QUERY_SPREAD,99
2019-06-28 10:56:00.000000000,BEST_BID,"JPM,98798,102"
2019-06-28 10:56:00.000000000,BEST_ASK,"JPM,100580,264"
2019-06-28 10:56:00.000000000,LAST_TRADE,"2,$98798.0000"
2019-06-28 10:56:00.000000000,QUERY_SPREAD,100
2019-06-28 10:56:00.000000000,BEST_BID,"JPM,98798,96"
2019-06-28 10:56:00.000000000,BEST_ASK,"JPM,100580,264"
2019-06-28 10:56:00.000000000,LAST_TRADE,"6,$98798.0000"
2019-06-28 10:56:00.000000000,QUERY_SPREAD,101
2019-06-28 10:56:00.000000000,QUERY_ORDER_STREAM,101
2019-06-28 10:56:10.000000000,QUERY_SPREAD,1
2019-06-28 10:56:20.000000000,QUERY_SPREAD,1
2019-06-28 10:56:29.179693242,QUERY_SPREAD,5
2019-06-28 10:56:29.179693242,BEST_ASK,"JPM,100580,100"
2019-06-28 10:56:30.000000000,QUERY_SPREAD,1
2019-06-28 10:56:40.000000000,QUERY_SPREAD,1
2019-06-28 10:56:50.000000000,QUERY_SPREAD,1
2019-06-28 10:57:00.000000000,QUERY_SPREAD,1
2019-06-28 10:57:00.000000000,QUERY_SPREAD,77
2019-06-28 10:57:00.000000000,QUERY_SPREAD,78
2019-06-28 10:57:00.000000000,QUERY_SPREAD,79
2019-06-28 10:57:00.000000000,QUERY_SPREAD,80
2019-06-28 10:57:00.000000000,QUERY_SPREAD,81
2019-06-28 10:57:00.000000000,QUERY_SPREAD,82
2019-06-28 10:57:00.000000000,QUERY_SPREAD,83
2019-06-28 10:57:00.000000000,QUERY_SPREAD,84
2019-06-28 10:57:00.000000000,QUERY_SPREAD,85
2019-06-28 10:57:00.000000000,QUERY_SPREAD,86
2019-06-28 10:57:00.000000000,QUERY_SPREAD,87
2019-06-28 10:57:00.000000000,QUERY_SPREAD,88
2019-06-28 10:57:00.000000000,QUERY_SPREAD,89
2019-06-28 10:57:00.000000000,QUERY_SPREAD,90
2019-06-28 10:57:00.000000000,QUERY_SPREAD,91
2019-06-28 10:57:00.000000000,QUERY_SPREAD,92
2019-06-28 10:57:00.000000000,QUERY_SPREAD,93
2019-06-28 10:57:00.000000000,QUERY_SPREAD,94
2019-06-28 10:57:00.000000000,QUERY_SPREAD,95
2019-06-28 10:57:00.000000000,QUERY_SPREAD,96
2019-06-28 10:57:00.000000000,QUERY_SPREAD,97
2019-06-28 10:57:00.000000000,QUERY_SPREAD,98
2019-06-28 10:57:00.000000000,QUERY_SPREAD,99
2019-06-28 10:57:00.000000000,QUERY_SPREAD,100
2019-06-28 10:57:00.000000000,QUERY_SPREAD,101
2019-06-28 10:57:00.000000000,QUERY_ORDER_STREAM,101
2019-06-28 10:57:06.887742632,QUERY_SPREAD,34
2019-06-28 10:57:06.887742632,BEST_ASK,"JPM,100643,100"
2019-06-28 10:57:06.887742632,LAST_TRADE,"100,$100580.0000"
2019-06-28 10:57:10.000000000,QUERY_SPREAD,1
2019-06-28 10:57:20.000000000,QUERY_SPREAD,1
2019-06-28 10:57:30.000000000,QUERY_SPREAD,1
2019-06-28 10:57:31.088592952,QUERY_SPREAD,24
2019-06-28 10:57:31.088592952,BEST_ASK,"JPM,100643,100"
2019-06-28 10:57:40.000000000,QUERY_SPREAD,1
2019-06-28 10:57:50.000000000,QUERY_SPREAD,1
2019-06-28 10:58:00.000000000,QUERY_SPREAD,1
2019-06-28 10:58:00.000000000,QUERY_SPREAD,77
2019-06-28 10:58:00.000000000,QUERY_SPREAD,78
2019-06-28 10:58:00.000000000,QUERY_SPREAD,79
2019-06-28 10:58:00.000000000,QUERY_SPREAD,80
2019-06-28 10:58:00.000000000,QUERY_SPREAD,81
2019-06-28 10:58:00.000000000,QUERY_SPREAD,82
2019-06-28 10:58:00.000000000,QUERY_SPREAD,83
2019-06-28 10:58:00.000000000,QUERY_SPREAD,84
2019-06-28 10:58:00.000000000,QUERY_SPREAD,85
2019-06-28 10:58:00.000000000,QUERY_SPREAD,86
2019-06-28 10:58:00.000000000,QUERY_SPREAD,87
2019-06-28 10:58:00.000000000,QUERY_SPREAD,88
2019-06-28 10:58:00.000000000,QUERY_SPREAD,89
2019-06-28 10:58:00.000000000,QUERY_SPREAD,90
2019-06-28 10:58:00.000000000,QUERY_SPREAD,91
2019-06-28 10:58:00.000000000,QUERY_SPREAD,92
2019-06-28 10:58:00.000000000,QUERY_SPREAD,93
2019-06-28 10:58:00.000000000,QUERY_SPREAD,94
2019-06-28 10:58:00.000000000,QUERY_SPREAD,95
2019-06-28 10:58:00.000000000,QUERY_SPREAD,96
2019-06-28 10:58:00.000000000,QUERY_SPREAD,97
2019-06-28 10:58:00.000000000,QUERY_SPREAD,98
2019-06-28 10:58:00.000000000,QUERY_SPREAD,99
2019-06-28 10:58:00.000000000,QUERY_SPREAD,100
2019-06-28 10:58:00.000000000,QUERY_SPREAD,101
2019-06-28 10:58:00.000000000,QUERY_ORDER_STREAM,101
2019-06-28 10:58:10.000000000,QUERY_SPREAD,1
2019-06-28 10:58:20.000000000,QUERY_SPREAD,1
2019-06-28 10:58:30.000000000,QUERY_SPREAD,1
2019-06-28 10:58:32.264243389,QUERY_SPREAD,3
2019-06-28 10:58:32.264243389,BEST_ASK,"JPM,100213,100"
2019-06-28 10:58:37.484325916,QUERY_SPREAD,51
2019-06-28 10:58:37.484325916,BEST_BID,"JPM,100135,100"
2019-06-28 10:58:37.484325916,BEST_ASK,"JPM,100213,100"
2019-06-28 10:58:40.000000000,QUERY_SPREAD,1
2019-06-28 10:58:40.000000000,BEST_BID,"JPM,100135,428"
2019-06-28 10:58:40.000000000,BEST_ASK,"JPM,100213,100"
2019-06-28 10:58:40.000000000,BEST_BID,"JPM,100135,428"
2019-06-28 10:58:40.000000000,BEST_ASK,"JPM,100213,428"
2019-06-28 10:58:50.000000000,QUERY_SPREAD,1
2019-06-28 10:58:50.000000000,BEST_BID,"JPM,100135,182"
2019-06-28 10:58:50.000000000,BEST_ASK,"JPM,100213,100"
2019-06-28 10:58:50.000000000,BEST_BID,"JPM,100135,182"
2019-06-28 10:58:50.000000000,BEST_ASK,"JPM,100213,100"
2019-06-28 10:58:50.000000000,BEST_BID,"JPM,100135,182"
2019-06-28 10:58:50.000000000,BEST_ASK,"JPM,100213,182"
2019-06-28 10:58:50.000000000,BEST_BID,"JPM,100135,182"
2019-06-28 10:58:50.000000000,BEST_ASK,"JPM,100213,182"
2019-06-28 10:58:50.000000000,BEST_BID,"JPM,100135,182"
2019-06-28 10:58:50.000000000,BEST_ASK,"JPM,100213,182"
2019-06-28 10:58:50.000000000,BEST_BID,"JPM,100135,182"
2019-06-28 10:58:50.000000000,BEST_ASK,"JPM,100213,182"
2019-06-28 10:59:00.000000000,QUERY_SPREAD,1
2019-06-28 10:59:00.000000000,BEST_BID,"JPM,100135,182"
2019-06-28 10:59:00.000000000,BEST_ASK,"JPM,100213,100"
2019-06-28 10:59:00.000000000,BEST_BID,"JPM,100135,182"
2019-06-28 10:59:00.000000000,BEST_ASK,"JPM,100213,100"
2019-06-28 10:59:00.000000000,BEST_BID,"JPM,100135,182"
2019-06-28 10:59:00.000000000,BEST_ASK,"JPM,100213,182"
2019-06-28 10:59:00.000000000,BEST_BID,"JPM,100135,182"
2019-06-28 10:59:00.000000000,BEST_ASK,"JPM,100213,182"
2019-06-28 10:59:00.000000000,BEST_BID,"JPM,100135,182"
2019-06-28 10:59:00.000000000,BEST_ASK,"JPM,100213,182"
2019-06-28 10:59:00.000000000,BEST_BID,"JPM,100135,182"
2019-06-28 10:59:00.000000000,BEST_ASK,"JPM,100213,182"
2019-06-28 10:59:00.000000000,QUERY_SPREAD,77
2019-06-28 10:59:00.000000000,BEST_BID,"JPM,100135,178"
2019-06-28 10:59:00.000000000,BEST_ASK,"JPM,100213,182"
2019-06-28 10:59:00.000000000,LAST_TRADE,"4,$100135.0000"
2019-06-28 10:59:00.000000000,QUERY_SPREAD,78
2019-06-28 10:59:00.000000000,BEST_BID,"JPM,100135,170"
2019-06-28 10:59:00.000000000,BEST_ASK,"JPM,100213,182"
2019-06-28 10:59:00.000000000,LAST_TRADE,"8,$100135.0000"
2019-06-28 10:59:00.000000000,QUERY_SPREAD,79
2019-06-28 10:59:00.000000000,BEST_BID,"JPM,100135,169"
2019-06-28 10:59:00.000000000,BEST_ASK,"JPM,100213,182"
2019-06-28 10:59:00.000000000,LAST_TRADE,"1,$100135.0000"
2019-06-28 10:59:00.000000000,QUERY_SPREAD,80
2019-06-28 10:59:00.000000000,BEST_BID,"JPM,100135,164"
2019-06-28 10:59:00.000000000,BEST_ASK,"JPM,100213,182"
2019-06-28 10:59:00.000000000,LAST_TRADE,"5,$100135.0000"
2019-06-28 10:59:00.000000000,QUERY_SPREAD,81
2019-06-28 10:59:00.000000000,BEST_BID,"JPM,100135,159"
2019-06-28 10:59:00.000000000,BEST_ASK,"JPM,100213,182"
2019-06-28 10:59:00.000000000,LAST_TRADE,"5,$100135.0000"
2019-06-28 10:59:00.000000000,QUERY_SPREAD,82
2019-06-28 10:59:00.000000000,BEST_BID,"JPM,100135,153"
2019-06-28 10:59:00.000000000,BEST_ASK,"JPM,100213,182"
2019-06-28 10:59:00.000000000,LAST_TRADE,"6,$100135.0000"
2019-06-28 10:59:00.000000000,QUERY_SPREAD,83
2019-06-28 10:59:00.000000000,BEST_BID,"JPM,100135,149"
2019-06-28 10:59:00.000000000,BEST_ASK,"JPM,100213,182"
2019-06-28 10:59:00.000000000,LAST_TRADE,"4,$100135.0000"
2019-06-28 10:59:00.000000000,QUERY_SPREAD,84
2019-06-28 10:59:00.000000000,BEST_BID,"JPM,100135,144"
2019-06-28 10:59:00.000000000,BEST_ASK,"JPM,100213,182"
2019-06-28 10:59:00.000000000,LAST_TRADE,"5,$100135.0000"
2019-06-28 10:59:00.000000000,QUERY_SPREAD,85
2019-06-28 10:59:00.000000000,BEST_BID,"JPM,100135,139"
2019-06-28 10:59:00.000000000,BEST_ASK,"JPM,100213,182"
2019-06-28 10:59:00.000000000,LAST_TRADE,"5,$100135.0000"
2019-06-28 10:59:00.000000000,QUERY_SPREAD,86
2019-06-28 10:59:00.000000000,BEST_BID,"JPM,100135,130"
2019-06-28 10:59:00.000000000,BEST_ASK,"JPM,100213,182"
2019-06-28 10:59:00.000000000,LAST_TRADE,"9,$100135.0000"
2019-06-28 10:59:00.000000000,QUERY_SPREAD,87
2019-06-28 10:59:00.000000000,BEST_BID,"JPM,100135,128"
2019-06-28 10:59:00.000000000,BEST_ASK,"JPM,100213,182"
2019-06-28 10:59:00.000000000,LAST_TRADE,"2,$100135.0000"
2019-06-28 10:59:00.000000000,QUERY_SPREAD,88
2019-06-28 10:59:00.000000000,BEST_BID,"JPM,100135,120"
2019-06-28 10:59:00.000000000,BEST_ASK,"JPM,100213,182"
2019-06-28 10:59:00.000000000,LAST_TRADE,"8,$100135.0000"
2019-06-28 10:59:00.000000000,QUERY_SPREAD,89
2019-06-28 10:59:00.000000000,BEST_BID,"JPM,100135,113"
2019-06-28 10:59:00.000000000,BEST_ASK,"JPM,100213,182"
2019-06-28 10:59:00.000000000,LAST_TRADE,"7,$100135.0000"
2019-06-28 10:59:00.000000000,QUERY_SPREAD,90
2019-06-28 10:59:00.000000000,BEST_BID,"JPM,100135,107"
2019-06-28 10:59:00.000000000,BEST_ASK,"JPM,100213,182"
2019-06-28 10:59:00.000000000,LAST_TRADE,"6,$100135.0000"
2019-06-28 10:59:00.000000000,QUERY_SPREAD,91
2019-06-28 10:59:00.000000000,BEST_BID,"JPM,100135,102"
2019-06-28 10:59:00.000000000,BEST_ASK,"JPM,100213,182"
2019-06-28 10:59:00.000000000,LAST_TRADE,"5,$100135.0000"
2019-06-28 10:59:00.000000000,QUERY_SPREAD,92
2019-06-28 10:59:00.000000000,BEST_BID,"JPM,100135,101"
2019-06-28 10:59:00.000000000,BEST_ASK,"JPM,100213,182"
2019-06-28 10:59:00.000000000,LAST_TRADE,"1,$100135.0000"
2019-06-28 10:59:00.000000000,QUERY_SPREAD,93
2019-06-28 10:59:00.000000000,BEST_BID,"JPM,100135,99"
2019-06-28 10:59:00.000000000,BEST_ASK,"JPM,100213,182"
2019-06-28 10:59:00.000000000,LAST_TRADE,"2,$100135.0000"
2019-06-28 10:59:00.000000000,QUERY_SPREAD,94
2019-06-28 10:59:00.000000000,BEST_BID,"JPM,100135,97"
2019-06-28 10:59:00.000000000,BEST_ASK,"JPM,100213,182"
2019-06-28 10:59:00.000000000,LAST_TRADE,"2,$100135.0000"
2019-06-28 10:59:00.000000000,QUERY_SPREAD,95
2019-06-28 10:59:00.000000000,BEST_BID,"JPM,100135,90"
2019-06-28 10:59:00.000000000,BEST_ASK,"JPM,100213,182"
2019-06-28 10:59:00.000000000,LAST_TRADE,"7,$100135.0000"
2019-06-28 10:59:00.000000000,QUERY_SPREAD,96
2019-06-28 10:59:00.000000000,BEST_BID,"JPM,100135,83"
2019-06-28 10:59:00.000000000,BEST_ASK,"JPM,100213,182"
2019-06-28 10:59:00.000000000,LAST_TRADE,"7,$100135.0000"
2019-06-28 10:59:00.000000000,QUERY_SPREAD,97
2019-06-28 10:59:00.000000000,BEST_BID,"JPM,100135,77"
2019-06-28 10:59:00.000000000,BEST_ASK,"JPM,100213,182"
2019-06-28 10:59:00.000000000,LAST_TRADE,"6,$100135.0000"
2019-06-28 10:59:00.000000000,QUERY_SPREAD,98
2019-06-28 10:59:00.000000000,BEST_BID,"JPM,100135,73"
2019-06-28 10:59:00.000000000,BEST_ASK,"JPM,100213,182"
2019-06-28 10:59:00.000000000,LAST_TRADE,"4,$100135.0000"
2019-06-28 10:59:00.000000000,QUERY_SPREAD,99
2019-06-28 10:59:00.000000000,BEST_BID,"JPM,100135,71"
2019-06-28 10:59:00.000000000,BEST_ASK,"JPM,100213,182"
2019-06-28 10:59:00.000000000,LAST_TRADE,"2,$100135.0000"
2019-06-28 10:59:00.000000000,QUERY_SPREAD,100
2019-06-28 10:59:00.000000000,BEST_BID,"JPM,100135,65"
2019-06-28 10:59:00.000000000,BEST_ASK,"JPM,100213,182"
2019-06-28 10:59:00.000000000,LAST_TRADE,"6,$100135.0000"
2019-06-28 10:59:00.000000000,QUERY_SPREAD,101
2019-06-28 10:59:00.000000000,QUERY_ORDER_STREAM,101
2019-06-28 10:59:00.000000000,BEST_BID,"JPM,100135,57"
2019-06-28 10:59:00.000000000,BEST_ASK,"JPM,100213,182"
2019-06-28 10:59:00.000000000,LAST_TRADE,"8,$100135.0000"
2019-06-28 10:59:10.000000000,QUERY_SPREAD,1
2019-06-28 10:59:13.741247156,QUERY_ORDER_STREAM,75
2019-06-28 10:59:13.741247156,QUERY_SPREAD,75
2019-06-28 10:59:13.741247156,BEST_ASK,"JPM,100135,100"
2019-06-28 10:59:20.000000000,QUERY_SPREAD,1
2019-06-28 10:59:30.000000000,QUERY_SPREAD,1
2019-06-28 10:59:40.000000000,QUERY_SPREAD,1
2019-06-28 10:59:46.601225957,QUERY_SPREAD,44
2019-06-28 10:59:46.601225957,BEST_ASK,"JPM,100213,100"
2019-06-28 10:59:46.601225957,LAST_TRADE,"100,$100135.0000"
2019-06-28 10:59:47.685188704,QUERY_ORDER_STREAM,75
2019-06-28 10:59:47.685188704,QUERY_SPREAD,75
2019-06-28 10:59:47.685188704,BEST_BID,"JPM,100135,100"
2019-06-28 10:59:47.685188704,BEST_ASK,"JPM,100213,100"
2019-06-28 10:59:50.000000000,QUERY_SPREAD,1
2019-06-28 10:59:50.000000000,BEST_BID,"JPM,100135,182"
2019-06-28 10:59:50.000000000,BEST_ASK,"JPM,100213,100"
2019-06-28 10:59:50.000000000,BEST_BID,"JPM,100135,182"
2019-06-28 10:59:50.000000000,BEST_ASK,"JPM,100213,100"
2019-06-28 10:59:50.000000000,BEST_BID,"JPM,100135,182"
2019-06-28 10:59:50.000000000,BEST_ASK,"JPM,100213,182"
2019-06-28 10:59:50.000000000,BEST_BID,"JPM,100135,182"
2019-06-28 10:59:50.000000000,BEST_ASK,"JPM,100213,182"
2019-06-28 10:59:50.000000000,BEST_BID,"JPM,100135,182"
2019-06-28 10:59:50.000000000,BEST_ASK,"JPM,100213,182"
2019-06-28 10:59:50.000000000,BEST_BID,"JPM,100135,182"
2019-06-28 10:59:50.000000000,BEST_ASK,"JPM,100213,182"
2019-06-28 10:59:53.312635981,QUERY_SPREAD,33
2019-06-28 10:59:53.312635981,BEST_BID,"JPM,100135,182"
2019-06-28 10:59:53.312635981,BEST_ASK,"JPM,100213,82"
2019-06-28 10:59:53.312635981,LAST_TRADE,"100,$100213.0000"
2019-06-28 11:00:00.000000000,QUERY_SPREAD,1
2019-06-28 11:00:00.000000000,BEST_BID,"JPM,100135,264"
2019-06-28 11:00:00.000000000,BEST_ASK,"JPM,100643,100"
2019-06-28 11:00:00.000000000,BEST_BID,"JPM,100135,264"
2019-06-28 11:00:00.000000000,BEST_ASK,"JPM,100643,100"
2019-06-28 11:00:00.000000000,BEST_BID,"JPM,100135,264"
2019-06-28 11:00:00.000000000,BEST_ASK,"JPM,100643,264"
2019-06-28 11:00:00.000000000,BEST_BID,"JPM,100135,264"
2019-06-28 11:00:00.000000000,BEST_ASK,"JPM,100643,264"
2019-06-28 11:00:00.000000000,QUERY_SPREAD,77
2019-06-28 11:00:00.000000000,BEST_BID,"JPM,100135,260"
2019-06-28 11:00:00.000000000,BEST_ASK,"JPM,100643,264"
2019-06-28 11:00:00.000000000,LAST_TRADE,"4,$100135.0000"
2019-06-28 11:00:00.000000000,QUERY_SPREAD,78
2019-06-28 11:00:00.000000000,BEST_BID,"JPM,100135,252"
2019-06-28 11:00:00.000000000,BEST_ASK,"JPM,100643,264"
2019-06-28 11:00:00.000000000,LAST_TRADE,"8,$100135.0000"
2019-06-28 11:00:00.000000000,QUERY_SPREAD,79
2019-06-28 11:00:00.000000000,BEST_BID,"JPM,100135,251"
2019-06-28 11:00:00.000000000,BEST_ASK,"JPM,100643,264"
2019-06-28 11:00:00.000000000,LAST_TRADE,"1,$100135.0000"
2019-06-28 11:00:00.000000000,QUERY_SPREAD,80
2019-06-28 11:00:00.000000000,BEST_BID,"JPM,100135,246"
2019-06-28 11:00:00.000000000,BEST_ASK,"JPM,100643,264"
2019-06-28 11:00:00.000000000,LAST_TRADE,"5,$100135.0000"
2019-06-28 11:00:00.000000000,QUERY_SPREAD,81
2019-06-28 11:00:00.000000000,BEST_BID,"JPM,100135,241"
2019-06-28 11:00:00.000000000,BEST_ASK,"JPM,100643,264"
2019-06-28 11:00:00.000000000,LAST_TRADE,"5,$100135.0000"
2019-06-28 11:00:00.000000000,QUERY_SPREAD,82
2019-06-28 11:00:00.000000000,BEST_BID,"JPM,100135,235"
2019-06-28 11:00:00.000000000,BEST_ASK,"JPM,100643,264"
2019-06-28 11:00:00.000000000,LAST_TRADE,"6,$100135.0000"
2019-06-28 11:00:00.000000000,QUERY_SPREAD,83
2019-06-28 11:00:00.000000000,BEST_BID,"JPM,100135,231"
2019-06-28 11:00:00.000000000,BEST_ASK,"JPM,100643,264"
2019-06-28 11:00:00.000000000,LAST_TRADE,"4,$100135.0000"
2019-06-28 11:00:00.000000000,QUERY_SPREAD,84
2019-06-28 11:00:00.000000000,BEST_BID,"JPM,100135,226"
2019-06-28 11:00:00.000000000,BEST_ASK,"JPM,100643,264"
2019-06-28 11:00:00.000000000,LAST_TRADE,"5,$100135.0000"
2019-06-28 11:00:00.000000000,QUERY_SPREAD,85
2019-06-28 11:00:00.000000000,BEST_BID,"JPM,100135,221"
2019-06-28 11:00:00.000000000,BEST_ASK,"JPM,100643,264"
2019-06-28 11:00:00.000000000,LAST_TRADE,"5,$100135.0000"
2019-06-28 11:00:00.000000000,QUERY_SPREAD,86
2019-06-28 11:00:00.000000000,BEST_BID,"JPM,100135,212"
2019-06-28 11:00:00.000000000,BEST_ASK,"JPM,100643,264"
2019-06-28 11:00:00.000000000,LAST_TRADE,"9,$100135.0000"
2019-06-28 11:00:00.000000000,QUERY_SPREAD,87
2019-06-28 11:00:00.000000000,BEST_BID,"JPM,100135,210"
2019-06-28 11:00:00.000000000,BEST_ASK,"JPM,100643,264"
2019-06-28 11:00:00.000000000,LAST_TRADE,"2,$100135.0000"
2019-06-28 11:00:00.000000000,QUERY_SPREAD,88
2019-06-28 11:00:00.000000000,BEST_BID,"JPM,100135,202"
2019-06-28 11:00:00.000000000,BEST_ASK,"JPM,100643,264"
2019-06-28 11:00:00.000000000,LAST_TRADE,"8,$100135.0000"
2019-06-28 11:00:00.000000000,QUERY_SPREAD,89
2019-06-28 11:00:00.000000000,BEST_BID,"JPM,100135,195"
2019-06-28 11:00:00.000000000,BEST_ASK,"JPM,100643,264"
2019-06-28 11:00:00.000000000,LAST_TRADE,"7,$100135.0000"
2019-06-28 11:00:00.000000000,QUERY_SPREAD,90
2019-06-28 11:00:00.000000000,BEST_BID,"JPM,100135,189"
2019-06-28 11:00:00.000000000,BEST_ASK,"JPM,100643,264"
2019-06-28 11:00:00.000000000,LAST_TRADE,"6,$100135.0000"
2019-06-28 11:00:00.000000000,QUERY_SPREAD,91
2019-06-28 11:00:00.000000000,BEST_BID,"JPM,100135,184"
2019-06-28 11:00:00.000000000,BEST_ASK,"JPM,100643,264"
2019-06-28 11:00:00.000000000,LAST_TRADE,"5,$100135.0000"
2019-06-28 11:00:00.000000000,QUERY_SPREAD,92
2019-06-28 11:00:00.000000000,BEST_BID,"JPM,100135,183"
2019-06-28 11:00:00.000000000,BEST_ASK,"JPM,100643,264"
2019-06-28 11:00:00.000000000,LAST_TRADE,"1,$100135.0000"
2019-06-28 11:00:00.000000000,QUERY_SPREAD,93
2019-06-28 11:00:00.000000000,BEST_BID,"JPM,100135,181"
2019-06-28 11:00:00.000000000,BEST_ASK,"JPM,100643,264"
2019-06-28 11:00:00.000000000,LAST_TRADE,"2,$100135.0000"
2019-06-28 11:00:00.000000000,QUERY_SPREAD,94
2019-06-28 11:00:00.000000000,BEST_BID,"JPM,100135,179"
2019-06-28 11:00:00.000000000,BEST_ASK,"JPM,100643,264"
2019-06-28 11:00:00.000000000,LAST_TRADE,"2,$100135.0000"
2019-06-28 11:00:00.000000000,QUERY_SPREAD,95
2019-06-28 11:00:00.000000000,BEST_BID,"JPM,100135,172"
2019-06-28 11:00:00.000000000,BEST_ASK,"JPM,100643,264"
2019-06-28 11:00:00.000000000,LAST_TRADE,"7,$100135.0000"
2019-06-28 11:00:00.000000000,QUERY_SPREAD,96
2019-06-28 11:00:00.000000000,BEST_BID,"JPM,100135,165"
2019-06-28 11:00:00.000000000,BEST_ASK,"JPM,100643,264"
2019-06-28 11:00:00.000000000,LAST_TRADE,"7,$100135.0000"
2019-06-28 11:00:00.000000000,QUERY_SPREAD,97
2019-06-28 11:00:00.000000000,BEST_BID,"JPM,100135,159"
2019-06-28 11:00:00.000000000,BEST_ASK,"JPM,100643,264"
2019-06-28 11:00:00.000000000,LAST_TRADE,"6,$100135.0000"
2019-06-28 11:00:00.000000000,QUERY_SPREAD,98
2019-06-28 11:00:00.000000000,BEST_BID,"JPM,100135,155"
2019-06-28 11:00:00.000000000,BEST_ASK,"JPM,100643,264"
2019-06-28 11:00:00.000000000,LAST_TRADE,"4,$100135.0000"
2019-06-28 11:00:00.000000000,QUERY_SPREAD,99
2019-06-28 11:00:00.000000000,BEST_BID,"JPM,100135,153"
2019-06-28 11:00:00.000000000,BEST_ASK,"JPM,100643,264"
2019-06-28 11:00:00.000000000,LAST_TRADE,"2,$100135.0000"
2019-06-28 11:00:00.000000000,QUERY_SPREAD,100
2019-06-28 11:00:00.000000000,BEST_BID,"JPM,100135,147"
2019-06-28 11:00:00.000000000,BEST_ASK,"JPM,100643,264"
2019-06-28 11:00:00.000000000,LAST_TRADE,"6,$100135.0000"
2019-06-28 11:00:00.000000000,QUERY_SPREAD,101
2019-06-28 11:00:00.000000000,QUERY_ORDER_STREAM,101
2019-06-28 11:00:00.000000000,BEST_BID,"JPM,100135,139"
2019-06-28 11:00:00.000000000,BEST_ASK,"JPM,100643,264"
2019-06-28 11:00:00.000000000,LAST_TRADE,"8,$100135.0000"
2019-06-28 11:00:04.473642438,QUERY_SPREAD,37
2019-06-28 11:00:04.473642438,BEST_BID,"JPM,100135,139"
2019-06-28 11:00:04.473642438,BEST_ASK,"JPM,100596,100"
2019-06-28 11:00:10.000000000,QUERY_SPREAD,1
2019-06-28 11:00:16.746030326,QUERY_SPREAD,40
2019-06-28 11:00:16.746030326,BEST_BID,"JPM,100573,100"
2019-06-28 11:00:16.746030326,BEST_ASK,"JPM,100596,100"
2019-06-28 11:00:20.000000000,QUERY_SPREAD,1
2019-06-28 11:00:20.000000000,BEST_BID,"JPM,100573,182"
2019-06-28 11:00:20.000000000,BEST_ASK,"JPM,100596,100"
2019-06-28 11:00:20.000000000,BEST_BID,"JPM,100573,182"
2019-06-28 11:00:20.000000000,BEST_ASK,"JPM,100596,100"
2019-06-28 11:00:20.000000000,BEST_BID,"JPM,100573,182"
2019-06-28 11:00:20.000000000,BEST_ASK,"JPM,100596,182"
2019-06-28 11:00:20.000000000,BEST_BID,"JPM,100573,182"
2019-06-28 11:00:20.000000000,BEST_ASK,"JPM,100596,182"
2019-06-28 11:00:20.000000000,BEST_BID,"JPM,100573,182"
2019-06-28 11:00:20.000000000,BEST_ASK,"JPM,100596,182"
2019-06-28 11:00:20.000000000,BEST_BID,"JPM,100573,182"
2019-06-28 11:00:20.000000000,BEST_ASK,"JPM,100596,182"
2019-06-28 11:00:21.958114219,QUERY_SPREAD,6
2019-06-28 11:00:21.958114219,BEST_BID,"JPM,100573,182"
2019-06-28 11:00:21.958114219,BEST_ASK,"JPM,100596,182"
2019-06-28 11:00:30.000000000,QUERY_SPREAD,1
2019-06-28 11:00:30.000000000,BEST_BID,"JPM,100573,182"
2019-06-28 11:00:30.000000000,BEST_ASK,"JPM,100596,100"
2019-06-28 11:00:30.000000000,BEST_BID,"JPM,100573,182"
2019-06-28 11:00:30.000000000,BEST_ASK,"JPM,100596,100"
2019-06-28 11:00:30.000000000,BEST_BID,"JPM,100573,182"
2019-06-28 11:00:30.000000000,BEST_ASK,"JPM,100596,182"
2019-06-28 11:00:30.000000000,BEST_BID,"JPM,100573,182"
2019-06-28 11:00:30.000000000,BEST_ASK,"JPM,100596,182"
2019-06-28 11:00:30.000000000,BEST_BID,"JPM,100573,182"
2019-06-28 11:00:30.000000000,BEST_ASK,"JPM,100596,182"
2019-06-28 11:00:30.000000000,BEST_BID,"JPM,100573,182"
2019-06-28 11:00:30.000000000,BEST_ASK,"JPM,100596,182"
2019-06-28 11:00:40.000000000,QUERY_SPREAD,1
2019-06-28 11:00:40.000000000,BEST_BID,"JPM,100573,166"
2019-06-28 11:00:40.000000000,BEST_ASK,"JPM,100596,100"
2019-06-28 11:00:40.000000000,BEST_BID,"JPM,100573,166"
2019-06-28 11:00:40.000000000,BEST_ASK,"JPM,100596,100"
2019-06-28 11:00:40.000000000,BEST_BID,"JPM,100573,166"
2019-06-28 11:00:40.000000000,BEST_ASK,"JPM,100596,166"
2019-06-28 11:00:40.000000000,BEST_BID,"JPM,100573,166"
2019-06-28 11:00:40.000000000,BEST_ASK,"JPM,100596,166"
2019-06-28 11:00:40.000000000,BEST_BID,"JPM,100573,166"
2019-06-28 11:00:40.000000000,BEST_ASK,"JPM,100596,166"
2019-06-28 11:00:40.000000000,BEST_BID,"JPM,100573,166"
2019-06-28 11:00:40.000000000,BEST_ASK,"JPM,100596,166"
2019-06-28 11:00:40.000000000,BEST_BID,"JPM,100573,166"
2019-06-28 11:00:40.000000000,BEST_ASK,"JPM,100596,166"
2019-06-28 11:00:50.000000000,QUERY_SPREAD,1
2019-06-28 11:00:50.000000000,BEST_BID,"JPM,100573,264"
2019-06-28 11:00:50.000000000,BEST_ASK,"JPM,100596,100"
2019-06-28 11:00:50.000000000,BEST_BID,"JPM,100573,264"
2019-06-28 11:00:50.000000000,BEST_ASK,"JPM,100596,100"
2019-06-28 11:00:50.000000000,BEST_BID,"JPM,100573,264"
2019-06-28 11:00:50.000000000,BEST_ASK,"JPM,100596,264"
2019-06-28 11:00:50.000000000,BEST_BID,"JPM,100573,264"
2019-06-28 11:00:50.000000000,BEST_ASK,"JPM,100596,264"
2019-06-28 11:01:00.000000000,QUERY_SPREAD,1
2019-06-28 11:01:00.000000000,BEST_BID,"JPM,100573,212"
2019-06-28 11:01:00.000000000,BEST_ASK,"JPM,100596,100"
2019-06-28 11:01:00.000000000,BEST_BID,"JPM,100573,212"
2019-06-28 11:01:00.000000000,BEST_ASK,"JPM,100596,100"
2019-06-28 11:01:00.000000000,BEST_BID,"JPM,100573,212"
2019-06-28 11:01:00.000000000,BEST_ASK,"JPM,100596,212"
2019-06-28 11:01:00.000000000,BEST_BID,"JPM,100573,212"
2019-06-28 11:01:00.000000000,BEST_ASK,"JPM,100596,212"
2019-06-28 11:01:00.000000000,BEST_BID,"JPM,100573,212"
2019-06-28 11:01:00.000000000,BEST_ASK,"JPM,100596,212"
2019-06-28 11:01:00.000000000,QUERY_SPREAD,77
2019-06-28 11:01:00.000000000,BEST_BID,"JPM,100573,212"
2019-06-28 11:01:00.000000000,BEST_ASK,"JPM,100596,208"
2019-06-28 11:01:00.000000000,LAST_TRADE,"4,$100596.0000"
2019-06-28 11:01:00.000000000,QUERY_SPREAD,78
2019-06-28 11:01:00.000000000,BEST_BID,"JPM,100573,212"
2019-06-28 11:01:00.000000000,BEST_ASK,"JPM,100596,200"
2019-06-28 11:01:00.000000000,LAST_TRADE,"8,$100596.0000"
2019-06-28 11:01:00.000000000,QUERY_SPREAD,79
2019-06-28 11:01:00.000000000,BEST_BID,"JPM,100573,212"
2019-06-28 11:01:00.000000000,BEST_ASK,"JPM,100596,199"
2019-06-28 11:01:00.000000000,LAST_TRADE,"1,$100596.0000"
2019-06-28 11:01:00.000000000,QUERY_SPREAD,80
2019-06-28 11:01:00.000000000,BEST_BID,"JPM,100573,212"
2019-06-28 11:01:00.000000000,BEST_ASK,"JPM,100596,194"
2019-06-28 11:01:00.000000000,LAST_TRADE,"5,$100596.0000"
2019-06-28 11:01:00.000000000,QUERY_SPREAD,81
2019-06-28 11:01:00.000000000,BEST_BID,"JPM,100573,212"
2019-06-28 11:01:00.000000000,BEST_ASK,"JPM,100596,189"
2019-06-28 11:01:00.000000000,LAST_TRADE,"5,$100596.0000"
2019-06-28 11:01:00.000000000,QUERY_SPREAD,82
2019-06-28 11:01:00.000000000,BEST_BID,"JPM,100573,212"
2019-06-28 11:01:00.000000000,BEST_ASK,"JPM,100596,183"
2019-06-28 11:01:00.000000000,LAST_TRADE,"6,$100596.0000"
2019-06-28 11:01:00.000000000,QUERY_SPREAD,83
2019-06-28 11:01:00.000000000,BEST_BID,"JPM,100573,212"
2019-06-28 11:01:00.000000000,BEST_ASK,"JPM,100596,179"
2019-06-28 11:01:00.000000000,LAST_TRADE,"4,$100596.0000"
2019-06-28 11:01:00.000000000,QUERY_SPREAD,84
2019-06-28 11:01:00.000000000,BEST_BID,"JPM,100573,212"
2019-06-28 11:01:00.000000000,BEST_ASK,"JPM,100596,174"
2019-06-28 11:01:00.000000000,LAST_TRADE,"5,$100596.0000"
2019-06-28 11:01:00.000000000,QUERY_SPREAD,85
2019-06-28 11:01:00.000000000,BEST_BID,"JPM,100573,212"
2019-06-28 11:01:00.000000000,BEST_ASK,"JPM,100596,169"
2019-06-28 11:01:00.000000000,LAST_TRADE,"5,$100596.0000"
2019-06-28 11:01:00.000000000,QUERY_SPREAD,86
2019-06-28 11:01:00.000000000,BEST_BID,"JPM,100573,212"
2019-06-28 11:01:00.000000000,BEST_ASK,"JPM,100596,160"
2019-06-28 11:01:00.000000000,LAST_TRADE,"9,$100596.0000"
2019-06-28 11:01:00.000000000,QUERY_SPREAD,87
2019-06-28 11:01:00.000000000,BEST_BID,"JPM,100573,212"
2019-06-28 11:01:00.000000000,BEST_ASK,"JPM,100596,158"
2019-06-28 11:01:00.000000000,LAST_TRADE,"2,$100596.0000"
2019-06-28 11:01:00.000000000,QUERY_SPREAD,88
2019-06-28 11:01:00.000000000,BEST_BID,"JPM,100573,212"
2019-06-28 11:01:00.000000000,BEST_ASK,"JPM,100596,150"
2019-06-28 11:01:00.000000000,LAST_TRADE,"8,$100596.0000"
2019-06-28 11:01:00.000000000,QUERY_SPREAD,89
2019-06-28 11:01:00.000000000,BEST_BID,"JPM,100573,212"
2019-06-28 11:01:00.000000000,BEST_ASK,"JPM,100596,143"
2019-06-28 11:01:00.000000000,LAST_TRADE,"7,$100596.0000"
2019-06-28 11:01:00.000000000,QUERY_SPREAD,90
2019-06-28 11:01:00.000000000,BEST_BID,"JPM,100573,212"
2019-06-28 11:01:00.000000000,BEST_ASK,"JPM,100596,137"
2019-06-28 11:01:00.000000000,LAST_TRADE,"6,$100596.0000"
2019-06-28 11:01:00.000000000,QUERY_SPREAD,91
2019-06-28 11:01:00.000000000,BEST_BID,"JPM,100573,212"
2019-06-28 11:01:00.000000000,BEST_ASK,"JPM,100596,132"
2019-06-28 11:01:00.000000000,LAST_TRADE,"5,$100596.0000"
2019-06-28 11:01:00.000000000,QUERY_SPREAD,92
2019-06-28 11:01:00.000000000,BEST_BID,"JPM,100573,212"
2019-06-28 11:01:00.000000000,BEST_ASK,"JPM,100596,131"
2019-06-28 11:01:00.000000000,LAST_TRADE,"1,$100596.0000"
2019-06-28 11:01:00.000000000,QUERY_SPREAD,93
2019-06-28 11:01:00.000000000,BEST_BID,"JPM,100573,212"
2019-06-28 11:01:00.000000000,BEST_ASK,"JPM,100596,129"
2019-06-28 11:01:00.000000000,LAST_TRADE,"2,$100596.0000"
2019-06-28 11:01:00.000000000,QUERY_SPREAD,94
2019-06-28 11:01:00.000000000,BEST_BID,"JPM,100573,212"
2019-06-28 11:01:00.000000000,BEST_ASK,"JPM,100596,127"
2019-06-28 11:01:00.000000000,LAST_TRADE,"2,$100596.0000"
2019-06-28 11:01:00.000000000,QUERY_SPREAD,95
2019-06-28 11:01:00.000000000,BEST_BID,"JPM,100573,212"
2019-06-28 11:01:00.000000000,BEST_ASK,"JPM,100596,120"
2019-06-28 11:01:00.000000000,LAST_TRADE,"7,$100596.0000"
2019-06-28 11:01:00.000000000,QUERY_SPREAD,96
2019-06-28 11:01:00.000000000,BEST_BID,"JPM,100573,212"
2019-06-28 11:01:00.000000000,BEST_ASK,"JPM,100596,113"
2019-06-28 11:01:00.000000000,LAST_TRADE,"7,$100596.0000"
2019-06-28 11:01:00.000000000,QUERY_SPREAD,97
2019-06-28 11:01:00.000000000,BEST_BID,"JPM,100573,212"
2019-06-28 11:01:00.000000000,BEST_ASK,"JPM,100596,107"
2019-06-28 11:01:00.000000000,LAST_TRADE,"6,$100596.0000"
2019-06-28 11:01:00.000000000,QUERY_SPREAD,98
2019-06-28 11:01:00.000000000,BEST_BID,"JPM,100573,212"
2019-06-28 11:01:00.000000000,BEST_ASK,"JPM,100596,103"
2019-06-28 11:01:00.000000000,LAST_TRADE,"4,$100596.0000"
2019-06-28 11:01:00.000000000,QUERY_SPREAD,99
2019-06-28 11:01:00.000000000,BEST_BID,"JPM,100573,212"
2019-06-28 11:01:00.000000000,BEST_ASK,"JPM,100596,101"
2019-06-28 11:01:00.000000000,LAST_TRADE,"2,$100596.0000"
2019-06-28 11:01:00.000000000,QUERY_SPREAD,100
2019-06-28 11:01:00.000000000,BEST_BID,"JPM,100573,212"
2019-06-28 11:01:00.000000000,BEST_ASK,"JPM,100596,95"
2019-06-28 11:01:00.000000000,LAST_TRADE,"6,$100596.0000"
2019-06-28 11:01:00.000000000,QUERY_SPREAD,101
2019-06-28 11:01:00.000000000,QUERY_ORDER_STREAM,101
2019-06-28 11:01:00.000000000,BEST_BID,"JPM,100573,212"
2019-06-28 11:01:00.000000000,BEST_ASK,"JPM,100596,103"
2019-06-28 11:01:04.147171478,QUERY_ORDER_STREAM,65
2019-06-28 11:01:04.147171478,QUERY_SPREAD,65
2019-06-28 11:01:10.000000000,QUERY_SPREAD,1
2019-06-28 11:01:10.000000000,BEST_BID,"JPM,100573,264"
2019-06-28 11:01:10.000000000,BEST_ASK,"JPM,100596,8"
2019-06-28 11:01:10.000000000,BEST_BID,"JPM,100573,264"
2019-06-28 11:01:10.000000000,BEST_ASK,"JPM,100596,8"
2019-06-28 11:01:10.000000000,BEST_BID,"JPM,100573,264"
2019-06-28 11:01:10.000000000,BEST_ASK,"JPM,100596,172"
2019-06-28 11:01:10.000000000,BEST_BID,"JPM,100573,264"
2019-06-28 11:01:10.000000000,BEST_ASK,"JPM,100596,172"
2019-06-28 11:01:11.159835328,QUERY_ORDER_STREAM,71
2019-06-28 11:01:11.159835328,QUERY_SPREAD,71
2019-06-28 11:01:11.159835328,BEST_BID,"JPM,100573,264"
2019-06-28 11:01:11.159835328,BEST_ASK,"JPM,100596,72"
2019-06-28 11:01:11.159835328,LAST_TRADE,"100,$100596.0000"
2019-06-28 11:01:13.487036699,QUERY_SPREAD,48
2019-06-28 11:01:13.487036699,BEST_BID,"JPM,100596,28"
2019-06-28 11:01:13.487036699,BEST_ASK,"JPM,100643,264"
2019-06-28 11:01:13.487036699,LAST_TRADE,"72,$100596.0000"
2019-06-28 11:01:20.000000000,QUERY_SPREAD,1
2019-06-28 11:01:20.000000000,BEST_BID,"JPM,100596,110"
2019-06-28 11:01:20.000000000,BEST_ASK,"JPM,100643,100"
2019-06-28 11:01:20.000000000,BEST_BID,"JPM,100596,110"
2019-06-28 11:01:20.000000000,BEST_ASK,"JPM,100643,100"
2019-06-28 11:01:20.000000000,BEST_BID,"JPM,100596,110"
2019-06-28 11:01:20.000000000,BEST_ASK,"JPM,100643,100"
2019-06-28 11:01:20.000000000,BEST_BID,"JPM,100596,110"
2019-06-28 11:01:20.000000000,BEST_ASK,"JPM,100643,182"
2019-06-28 11:01:20.000000000,BEST_BID,"JPM,100596,110"
2019-06-28 11:01:20.000000000,BEST_ASK,"JPM,100643,182"
2019-06-28 11:01:20.000000000,BEST_BID,"JPM,100596,110"
2019-06-28 11:01:20.000000000,BEST_ASK,"JPM,100643,182"
2019-06-28 11:01:20.000000000,BEST_BID,"JPM,100596,110"
2019-06-28 11:01:20.000000000,BEST_ASK,"JPM,100643,182"
2019-06-28 11:01:30.000000000,QUERY_SPREAD,1
2019-06-28 11:01:30.000000000,BEST_BID,"JPM,100596,192"
2019-06-28 11:01:30.000000000,BEST_ASK,"JPM,100643,100"
2019-06-28 11:01:30.000000000,BEST_BID,"JPM,100596,192"
2019-06-28 11:01:30.000000000,BEST_ASK,"JPM,100643,100"
2019-06-28 11:01:30.000000000,BEST_BID,"JPM,100596,192"
2019-06-28 11:01:30.000000000,BEST_ASK,"JPM,100643,264"
2019-06-28 11:01:30.000000000,BEST_BID,"JPM,100596,192"
2019-06-28 11:01:30.000000000,BEST_ASK,"JPM,100643,264"
2019-06-28 11:01:40.000000000,QUERY_SPREAD,1
2019-06-28 11:01:40.000000000,BEST_BID,"JPM,100596,110"
2019-06-28 11:01:40.000000000,BEST_ASK,"JPM,100643,100"
2019-06-28 11:01:40.000000000,BEST_BID,"JPM,100596,110"
2019-06-28 11:01:40.000000000,BEST_ASK,"JPM,100643,100"
2019-06-28 11:01:40.000000000,BEST_BID,"JPM,100596,110"
2019-06-28 11:01:40.000000000,BEST_ASK,"JPM,100643,100"
2019-06-28 11:01:40.000000000,BEST_BID,"JPM,100596,110"
2019-06-28 11:01:40.000000000,BEST_ASK,"JPM,100643,182"
2019-06-28 11:01:40.000000000,BEST_BID,"JPM,100596,110"
2019-06-28 11:01:40.000000000,BEST_ASK,"JPM,100643,182"
2019-06-28 11:01:40.000000000,BEST_BID,"JPM,100596,110"
2019-06-28 11:01:40.000000000,BEST_ASK,"JPM,100643,182"
2019-06-28 11:01:40.000000000,BEST_BID,"JPM,100596,110"
2019-06-28 11:01:40.000000000,BEST_ASK,"JPM,100643,182"
2019-06-28 11:01:41.433807884,QUERY_SPREAD,25
2019-06-28 11:01:41.433807884,BEST_BID,"JPM,100596,110"
2019-06-28 11:01:41.433807884,BEST_ASK,"JPM,100643,182"
2019-06-28 11:01:43.760588278,QUERY_SPREAD,33
2019-06-28 11:01:43.760588278,BEST_BID,"JPM,100596,110"
2019-06-28 11:01:43.760588278,BEST_ASK,"JPM,100643,82"
2019-06-28 11:01:43.760588278,LAST_TRADE,"100,$100643.0000"
2019-06-28 11:01:44.061757102,QUERY_ORDER_STREAM,66
2019-06-28 11:01:44.061757102,QUERY_SPREAD,66
2019-06-28 11:01:44.061757102,BEST_BID,"JPM,100597,100"
2019-06-28 11:01:44.061757102,BEST_ASK,"JPM,100643,82"
2019-06-28 11:01:50.000000000,QUERY_SPREAD,1
2019-06-28 11:01:50.000000000,BEST_BID,"JPM,100597,264"
2019-06-28 11:01:50.000000000,BEST_ASK,"JPM,100758,100"
2019-06-28 11:01:50.000000000,BEST_BID,"JPM,100597,264"
2019-06-28 11:01:50.000000000,BEST_ASK,"JPM,100758,100"
2019-06-28 11:01:50.000000000,BEST_BID,"JPM,100597,264"
2019-06-28 11:01:50.000000000,BEST_ASK,"JPM,100758,264"
2019-06-28 11:01:50.000000000,BEST_BID,"JPM,100597,264"
2019-06-28 11:01:50.000000000,BEST_ASK,"JPM,100758,264"
2019-06-28 11:02:00.000000000,QUERY_SPREAD,1
2019-06-28 11:02:00.000000000,BEST_BID,"JPM,100597,182"
2019-06-28 11:02:00.000000000,BEST_ASK,"JPM,100758,100"
2019-06-28 11:02:00.000000000,BEST_BID,"JPM,100597,182"
2019-06-28 11:02:00.000000000,BEST_ASK,"JPM,100758,100"
2019-06-28 11:02:00.000000000,BEST_BID,"JPM,100597,182"
2019-06-28 11:02:00.000000000,BEST_ASK,"JPM,100758,100"
2019-06-28 11:02:00.000000000,BEST_BID,"JPM,100597,182"
2019-06-28 11:02:00.000000000,BEST_ASK,"JPM,100758,100"
2019-06-28 11:02:00.000000000,BEST_BID,"JPM,100597,182"
2019-06-28 11:02:00.000000000,BEST_ASK,"JPM,100758,182"
2019-06-28 11:02:00.000000000,BEST_BID,"JPM,100597,182"
2019-06-28 11:02:00.000000000,BEST_ASK,"JPM,100758,182"
2019-06-28 11:02:00.000000000,BEST_BID,"JPM,100597,182"
2019-06-28 11:02:00.000000000,BEST_ASK,"JPM,100758,182"
2019-06-28 11:02:00.000000000,BEST_BID,"JPM,100597,182"
2019-06-28 11:02:00.000000000,BEST_ASK,"JPM,100758,182"
2019-06-28 11:02:00.000000000,QUERY_SPREAD,77
2019-06-28 11:02:00.000000000,BEST_BID,"JPM,100597,182"
2019-06-28 11:02:00.000000000,BEST_ASK,"JPM,100758,178"
2019-06-28 11:02:00.000000000,LAST_TRADE,"4,$100758.0000"
2019-06-28 11:02:00.000000000,QUERY_SPREAD,78
2019-06-28 11:02:00.000000000,BEST_BID,"JPM,100597,182"
2019-06-28 11:02:00.000000000,BEST_ASK,"JPM,100758,170"
2019-06-28 11:02:00.000000000,LAST_TRADE,"8,$100758.0000"
2019-06-28 11:02:00.000000000,QUERY_SPREAD,79
2019-06-28 11:02:00.000000000,BEST_BID,"JPM,100597,182"
2019-06-28 11:02:00.000000000,BEST_ASK,"JPM,100758,169"
2019-06-28 11:02:00.000000000,LAST_TRADE,"1,$100758.0000"
2019-06-28 11:02:00.000000000,QUERY_SPREAD,80
2019-06-28 11:02:00.000000000,BEST_BID,"JPM,100597,182"
2019-06-28 11:02:00.000000000,BEST_ASK,"JPM,100758,164"
2019-06-28 11:02:00.000000000,LAST_TRADE,"5,$100758.0000"
2019-06-28 11:02:00.000000000,QUERY_SPREAD,81
2019-06-28 11:02:00.000000000,BEST_BID,"JPM,100597,182"
2019-06-28 11:02:00.000000000,BEST_ASK,"JPM,100758,159"
2019-06-28 11:02:00.000000000,LAST_TRADE,"5,$100758.0000"
2019-06-28 11:02:00.000000000,QUERY_SPREAD,82
2019-06-28 11:02:00.000000000,BEST_BID,"JPM,100597,182"
2019-06-28 11:02:00.000000000,BEST_ASK,"JPM,100758,153"
2019-06-28 11:02:00.000000000,LAST_TRADE,"6,$100758.0000"
2019-06-28 11:02:00.000000000,QUERY_SPREAD,83
2019-06-28 11:02:00.000000000,BEST_BID,"JPM,100597,182"
2019-06-28 11:02:00.000000000,BEST_ASK,"JPM,100758,149"
2019-06-28 11:02:00.000000000,LAST_TRADE,"4,$100758.0000"
2019-06-28 11:02:00.000000000,QUERY_SPREAD,84
2019-06-28 11:02:00.000000000,BEST_BID,"JPM,100597,182"
2019-06-28 11:02:00.000000000,BEST_ASK,"JPM,100758,144"
2019-06-28 11:02:00.000000000,LAST_TRADE,"5,$100758.0000"
2019-06-28 11:02:00.000000000,QUERY_SPREAD,85
2019-06-28 11:02:00.000000000,BEST_BID,"JPM,100597,182"
2019-06-28 11:02:00.000000000,BEST_ASK,"JPM,100758,139"
2019-06-28 11:02:00.000000000,LAST_TRADE,"5,$100758.0000"
2019-06-28 11:02:00.000000000,QUERY_SPREAD,86
2019-06-28 11:02:00.000000000,BEST_BID,"JPM,100597,182"
2019-06-28 11:02:00.000000000,BEST_ASK,"JPM,100758,130"
2019-06-28 11:02:00.000000000,LAST_TRADE,"9,$100758.0000"
2019-06-28 11:02:00.000000000,QUERY_SPREAD,87
2019-06-28 11:02:00.000000000,BEST_BID,"JPM,100597,182"
2019-06-28 11:02:00.000000000,BEST_ASK,"JPM,100758,128"
2019-06-28 11:02:00.000000000,LAST_TRADE,"2,$100758.0000"
2019-06-28 11:02:00.000000000,QUERY_SPREAD,88
2019-06-28 11:02:00.000000000,BEST_BID,"JPM,100597,182"
2019-06-28 11:02:00.000000000,BEST_ASK,"JPM,100758,120"
2019-06-28 11:02:00.000000000,LAST_TRADE,"8,$100758.0000"
2019-06-28 11:02:00.000000000,QUERY_SPREAD,89
2019-06-28 11:02:00.000000000,BEST_BID,"JPM,100597,182"
2019-06-28 11:02:00.000000000,BEST_ASK,"JPM,100758,113"
2019-06-28 11:02:00.000000000,LAST_TRADE,"7,$100758.0000"
2019-06-28 11:02:00.000000000,QUERY_SPREAD,90
2019-06-28 11:02:00.000000000,BEST_BID,"JPM,100597,182"
2019-06-28 11:02:00.000000000,BEST_ASK,"JPM,100758,107"
2019-06-28 11:02:00.000000000,LAST_TRADE,"6,$100758.0000"
2019-06-28 11:02:00.000000000,QUERY_SPREAD,91
2019-06-28 11:02:00.000000000,BEST_BID,"JPM,100597,182"
2019-06-28 11:02:00.000000000,BEST_ASK,"JPM,100758,102"
2019-06-28 11:02:00.000000000,LAST_TRADE,"5,$100758.0000"
2019-06-28 11:02:00.000000000,QUERY_SPREAD,92
2019-06-28 11:02:00.000000000,BEST_BID,"JPM,100597,182"
2019-06-28 11:02:00.000000000,BEST_ASK,"JPM,100758,101"
2019-06-28 11:02:00.000000000,LAST_TRADE,"1,$100758.0000"
2019-06-28 11:02:00.000000000,QUERY_SPREAD,93
2019-06-28 11:02:00.000000000,BEST_BID,"JPM,100597,182"
2019-06-28 11:02:00.000000000,BEST_ASK,"JPM,100758,99"
2019-06-28 11:02:00.000000000,LAST_TRADE,"2,$100758.0000"
2019-06-28 11:02:00.000000000,QUERY_SPREAD,94
2019-06-28 11:02:00.000000000,BEST_BID,"JPM,100597,182"
2019-06-28 11:02:00.000000000,BEST_ASK,"JPM,100758,97"
2019-06-28 11:02:00.000000000,LAST_TRADE,"2,$100758.0000"
2019-06-28 11:02:00.000000000,QUERY_SPREAD,95
2019-06-28 11:02:00.000000000,BEST_BID,"JPM,100597,182"
2019-06-28 11:02:00.000000000,BEST_ASK,"JPM,100758,90"
2019-06-28 11:02:00.000000000,LAST_TRADE,"7,$100758.0000"
2019-06-28 11:02:00.000000000,QUERY_SPREAD,96
2019-06-28 11:02:00.000000000,BEST_BID,"JPM,100597,182"
2019-06-28 11:02:00.000000000,BEST_ASK,"JPM,100758,83"
2019-06-28 11:02:00.000000000,LAST_TRADE,"7,$100758.0000"
2019-06-28 11:02:00.000000000,QUERY_SPREAD,97
2019-06-28 11:02:00.000000000,BEST_BID,"JPM,100597,182"
2019-06-28 11:02:00.000000000,BEST_ASK,"JPM,100758,77"
2019-06-28 11:02:00.000000000,LAST_TRADE,"6,$100758.0000"
2019-06-28 11:02:00.000000000,QUERY_SPREAD,98
2019-06-28 11:02:00.000000000,BEST_BID,"JPM,100597,182"
2019-06-28 11:02:00.000000000,BEST_ASK,"JPM,100758,73"
2019-06-28 11:02:00.000000000,LAST_TRADE,"4,$100758.0000"
2019-06-28 11:02:00.000000000,QUERY_SPREAD,99
2019-06-28 11:02:00.000000000,BEST_BID,"JPM,100597,182"
2019-06-28 11:02:00.000000000,BEST_ASK,"JPM,100758,71"
2019-06-28 11:02:00.000000000,LAST_TRADE,"2,$100758.0000"
2019-06-28 11:02:00.000000000,QUERY_SPREAD,100
2019-06-28 11:02:00.000000000,BEST_BID,"JPM,100597,182"
2019-06-28 11:02:00.000000000,BEST_ASK,"JPM,100758,65"
2019-06-28 11:02:00.000000000,LAST_TRADE,"6,$100758.0000"
2019-06-28 11:02:00.000000000,QUERY_SPREAD,101
2019-06-28 11:02:00.000000000,QUERY_ORDER_STREAM,101
2019-06-28 11:02:00.000000000,BEST_BID,"JPM,100597,182"
2019-06-28 11:02:00.000000000,BEST_ASK,"JPM,100758,73"
2019-06-28 11:02:10.000000000,QUERY_SPREAD,1
2019-06-28 11:02:10.000000000,BEST_BID,"JPM,100597,166"
2019-06-28 11:02:10.000000000,BEST_ASK,"JPM,100758,8"
2019-06-28 11:02:10.000000000,BEST_BID,"JPM,100597,166"
2019-06-28 11:02:10.000000000,BEST_ASK,"JPM,100758,8"
2019-06-28 11:02:10.000000000,BEST_BID,"JPM,100597,166"
2019-06-28 11:02:10.000000000,BEST_ASK,"JPM,100758,8"
2019-06-28 11:02:10.000000000,BEST_BID,"JPM,100597,166"
2019-06-28 11:02:10.000000000,BEST_ASK,"JPM,100758,8"
2019-06-28 11:02:10.000000000,BEST_BID,"JPM,100597,166"
2019-06-28 11:02:10.000000000,BEST_ASK,"JPM,100758,74"
2019-06-28 11:02:10.000000000,BEST_BID,"JPM,100597,166"
2019-06-28 11:02:10.000000000,BEST_ASK,"JPM,100758,74"
2019-06-28 11:02:10.000000000,BEST_BID,"JPM,100597,166"
2019-06-28 11:02:10.000000000,BEST_ASK,"JPM,100758,74"
2019-06-28 11:02:10.000000000,BEST_BID,"JPM,100597,166"
2019-06-28 11:02:10.000000000,BEST_ASK,"JPM,100758,74"
2019-06-28 11:02:10.000000000,BEST_BID,"JPM,100597,166"
2019-06-28 11:02:10.000000000,BEST_ASK,"JPM,100758,74"
2019-06-28 11:02:20.000000000,QUERY_SPREAD,1
2019-06-28 11:02:20.000000000,BEST_BID,"JPM,100597,212"
2019-06-28 11:02:20.000000000,BEST_ASK,"JPM,100758,8"
2019-06-28 11:02:20.000000000,BEST_BID,"JPM,100597,212"
2019-06-28 11:02:20.000000000,BEST_ASK,"JPM,100758,8"
2019-06-28 11:02:20.000000000,BEST_BID,"JPM,100597,212"
2019-06-28 11:02:20.000000000,BEST_ASK,"JPM,100758,8"
2019-06-28 11:02:20.000000000,BEST_BID,"JPM,100597,212"
2019-06-28 11:02:20.000000000,BEST_ASK,"JPM,100758,120"
2019-06-28 11:02:20.000000000,BEST_BID,"JPM,100597,212"
2019-06-28 11:02:20.000000000,BEST_ASK,"JPM,100758,120"
2019-06-28 11:02:20.000000000,BEST_BID,"JPM,100597,212"
2019-06-28 11:02:20.000000000,BEST_ASK,"JPM,100758,120"
2019-06-28 11:02:30.000000000,QUERY_SPREAD,1
2019-06-28 11:02:30.000000000,BEST_BID,"JPM,100597,428"
2019-06-28 11:02:30.000000000,BEST_ASK,"JPM,100758,8"
2019-06-28 11:02:30.000000000,BEST_BID,"JPM,100597,428"
2019-06-28 11:02:30.000000000,BEST_ASK,"JPM,100758,336"
2019-06-28 11:02:40.000000000,QUERY_SPREAD,1
2019-06-28 11:02:40.000000000,BEST_BID,"JPM,100597,182"
2019-06-28 11:02:40.000000000,BEST_ASK,"JPM,100758,8"
2019-06-28 11:02:40.000000000,BEST_BID,"JPM,100597,182"
2019-06-28 11:02:40.000000000,BEST_ASK,"JPM,100758,8"
2019-06-28 11:02:40.000000000,BEST_BID,"JPM,100597,182"
2019-06-28 11:02:40.000000000,BEST_ASK,"JPM,100758,8"
2019-06-28 11:02:40.000000000,BEST_BID,"JPM,100597,182"
2019-06-28 11:02:40.000000000,BEST_ASK,"JPM,100758,8"
2019-06-28 11:02:40.000000000,BEST_BID,"JPM,100597,182"
2019-06-28 11:02:40.000000000,BEST_ASK,"JPM,100758,90"
2019-06-28 11:02:40.000000000,BEST_BID,"JPM,100597,182"
2019-06-28 11:02:40.000000000,BEST_ASK,"JPM,100758,90"
2019-06-28 11:02:40.000000000,BEST_BID,"JPM,100597,182"
2019-06-28 11:02:40.000000000,BEST_ASK,"JPM,100758,90"
2019-06-28 11:02:40.000000000,BEST_BID,"JPM,100597,182"
2019-06-28 11:02:40.000000000,BEST_ASK,"JPM,100758,90"
2019-06-28 11:02:41.760293354,QUERY_ORDER_STREAM,69
2019-06-28 11:02:41.760293354,QUERY_SPREAD,69
2019-06-28 11:02:48.971153402,QUERY_SPREAD,33
2019-06-28 11:02:48.971153402,BEST_BID,"JPM,100597,182"
2019-06-28 11:02:48.971153402,BEST_ASK,"JPM,100740,100"
2019-06-28 11:02:50.000000000,QUERY_SPREAD,1
2019-06-28 11:02:50.000000000,BEST_BID,"JPM,100597,166"
2019-06-28 11:02:50.000000000,BEST_ASK,"JPM,100740,100"
2019-06-28 11:02:50.000000000,BEST_BID,"JPM,100597,166"
2019-06-28 11:02:50.000000000,BEST_ASK,"JPM,100740,100"
2019-06-28 11:02:50.000000000,BEST_BID,"JPM,100597,166"
2019-06-28 11:02:50.000000000,BEST_ASK,"JPM,100740,100"
2019-06-28 11:02:50.000000000,BEST_BID,"JPM,100597,166"
2019-06-28 11:02:50.000000000,BEST_ASK,"JPM,100740,100"
2019-06-28 11:02:50.000000000,BEST_BID,"JPM,100597,166"
2019-06-28 11:02:50.000000000,BEST_ASK,"JPM,100740,166"
2019-06-28 11:02:50.000000000,BEST_BID,"JPM,100597,166"
2019-06-28 11:02:50.000000000,BEST_ASK,"JPM,100740,166"
2019-06-28 11:02:50.000000000,BEST_BID,"JPM,100597,166"
2019-06-28 11:02:50.000000000,BEST_ASK,"JPM,100740,166"
2019-06-28 11:02:50.000000000,BEST_BID,"JPM,100597,166"
2019-06-28 11:02:50.000000000,BEST_ASK,"JPM,100740,166"
2019-06-28 11:02:50.000000000,BEST_BID,"JPM,100597,166"
2019-06-28 11:02:50.000000000,BEST_ASK,"JPM,100740,166"
2019-06-28 11:03:00.000000000,QUERY_SPREAD,1
2019-06-28 11:03:00.000000000,BEST_BID,"JPM,100597,182"
2019-06-28 11:03:00.000000000,BEST_ASK,"JPM,100740,100"
2019-06-28 11:03:00.000000000,BEST_BID,"JPM,100597,182"
2019-06-28 11:03:00.000000000,BEST_ASK,"JPM,100740,100"
2019-06-28 11:03:00.000000000,BEST_BID,"JPM,100597,182"
2019-06-28 11:03:00.000000000,BEST_ASK,"JPM,100740,100"
2019-06-28 11:03:00.000000000,BEST_BID,"JPM,100597,182"
2019-06-28 11:03:00.000000000,BEST_ASK,"JPM,100740,100"
2019-06-28 11:03:00.000000000,BEST_BID,"JPM,100597,182"
2019-06-28 11:03:00.000000000,BEST_ASK,"JPM,100740,182"
2019-06-28 11:03:00.000000000,BEST_BID,"JPM,100597,182"
2019-06-28 11:03:00.000000000,BEST_ASK,"JPM,100740,182"
2019-06-28 11:03:00.000000000,BEST_BID,"JPM,100597,182"
2019-06-28 11:03:00.000000000,BEST_ASK,"JPM,100740,182"
2019-06-28 11:03:00.000000000,BEST_BID,"JPM,100597,182"
2019-06-28 11:03:00.000000000,BEST_ASK,"JPM,100740,182"
2019-06-28 11:03:00.000000000,QUERY_SPREAD,77
2019-06-28 11:03:00.000000000,BEST_BID,"JPM,100597,182"
2019-06-28 11:03:00.000000000,BEST_ASK,"JPM,100740,178"
2019-06-28 11:03:00.000000000,LAST_TRADE,"4,$100740.0000"
2019-06-28 11:03:00.000000000,QUERY_SPREAD,78
2019-06-28 11:03:00.000000000,BEST_BID,"JPM,100597,182"
2019-06-28 11:03:00.000000000,BEST_ASK,"JPM,100740,170"
2019-06-28 11:03:00.000000000,LAST_TRADE,"8,$100740.0000"
2019-06-28 11:03:00.000000000,QUERY_SPREAD,79
2019-06-28 11:03:00.000000000,BEST_BID,"JPM,100597,182"
2019-06-28 11:03:00.000000000,BEST_ASK,"JPM,100740,169"
2019-06-28 11:03:00.000000000,LAST_TRADE,"1,$100740.0000"
2019-06-28 11:03:00.000000000,QUERY_SPREAD,80
2019-06-28 11:03:00.000000000,BEST_BID,"JPM,100597,182"
2019-06-28 11:03:00.000000000,BEST_ASK,"JPM,100740,164"
2019-06-28 11:03:00.000000000,LAST_TRADE,"5,$100740.0000"
2019-06-28 11:03:00.000000000,QUERY_SPREAD,81
2019-06-28 11:03:00.000000000,BEST_BID,"JPM,100597,182"
2019-06-28 11:03:00.000000000,BEST_ASK,"JPM,100740,159"
2019-06-28 11:03:00.000000000,LAST_TRADE,"5,$100740.0000"
2019-06-28 11:03:00.000000000,QUERY_SPREAD,82
2019-06-28 11:03:00.000000000,BEST_BID,"JPM,100597,182"
2019-06-28 11:03:00.000000000,BEST_ASK,"JPM,100740,153"
2019-06-28 11:03:00.000000000,LAST_TRADE,"6,$100740.0000"
2019-06-28 11:03:00.000000000,QUERY_SPREAD,83
2019-06-28 11:03:00.000000000,BEST_BID,"JPM,100597,182"
2019-06-28 11:03:00.000000000,BEST_ASK,"JPM,100740,149"
2019-06-28 11:03:00.000000000,LAST_TRADE,"4,$100740.0000"
2019-06-28 11:03:00.000000000,QUERY_SPREAD,84
2019-06-28 11:03:00.000000000,BEST_BID,"JPM,100597,182"
2019-06-28 11:03:00.000000000,BEST_ASK,"JPM,100740,144"
2019-06-28 11:03:00.000000000,LAST_TRADE,"5,$100740.0000"
2019-06-28 11:03:00.000000000,QUERY_SPREAD,85
2019-06-28 11:03:00.000000000,BEST_BID,"JPM,100597,182"
2019-06-28 11:03:00.000000000,BEST_ASK,"JPM,100740,139"
2019-06-28 11:03:00.000000000,LAST_TRADE,"5,$100740.0000"
2019-06-28 11:03:00.000000000,QUERY_SPREAD,86
2019-06-28 11:03:00.000000000,BEST_BID,"JPM,100597,182"
2019-06-28 11:03:00.000000000,BEST_ASK,"JPM,100740,130"
2019-06-28 11:03:00.000000000,LAST_TRADE,"9,$100740.0000"
2019-06-28 11:03:00.000000000,QUERY_SPREAD,87
2019-06-28 11:03:00.000000000,BEST_BID,"JPM,100597,182"
2019-06-28 11:03:00.000000000,BEST_ASK,"JPM,100740,128"
2019-06-28 11:03:00.000000000,LAST_TRADE,"2,$100740.0000"
2019-06-28 11:03:00.000000000,QUERY_SPREAD,88
2019-06-28 11:03:00.000000000,BEST_BID,"JPM,100597,182"
2019-06-28 11:03:00.000000000,BEST_ASK,"JPM,100740,120"
2019-06-28 11:03:00.000000000,LAST_TRADE,"8,$100740.0000"
2019-06-28 11:03:00.000000000,QUERY_SPREAD,89
2019-06-28 11:03:00.000000000,BEST_BID,"JPM,100597,182"
2019-06-28 11:03:00.000000000,BEST_ASK,"JPM,100740,113"
2019-06-28 11:03:00.000000000,LAST_TRADE,"7,$100740.0000"
2019-06-28 11:03:00.000000000,QUERY_SPREAD,90
2019-06-28 11:03:00.000000000,BEST_BID,"JPM,100597,182"
2019-06-28 11:03:00.000000000,BEST_ASK,"JPM,100740,107"
2019-06-28 11:03:00.000000000,LAST_TRADE,"6,$100740.0000"
2019-06-28 11:03:00.000000000,QUERY_SPREAD,91
2019-06-28 11:03:00.000000000,BEST_BID,"JPM,100597,182"
2019-06-28 11:03:00.000000000,BEST_ASK,"JPM,100740,102"
2019-06-28 11:03:00.000000000,LAST_TRADE,"5,$100740.0000"
2019-06-28 11:03:00.000000000,QUERY_SPREAD,92
2019-06-28 11:03:00.000000000,BEST_BID,"JPM,100597,182"
2019-06-28 11:03:00.000000000,BEST_ASK,"JPM,100740,101"
2019-06-28 11:03:00.000000000,LAST_TRADE,"1,$100740.0000"
2019-06-28 11:03:00.000000000,QUERY_SPREAD,93
2019-06-28 11:03:00.000000000,BEST_BID,"JPM,100597,182"
2019-06-28 11:03:00.000000000,BEST_ASK,"JPM,100740,99"
2019-06-28 11:03:00.000000000,LAST_TRADE,"2,$100740.0000"
2019-06-28 11:03:00.000000000,QUERY_SPREAD,94
2019-06-28 11:03:00.000000000,BEST_BID,"JPM,100597,182"
2019-06-28 11:03:00.000000000,BEST_ASK,"JPM,100740,97"
2019-06-28 11:03:00.000000000,LAST_TRADE,"2,$100740.0000"
2019-06-28 11:03:00.000000000,QUERY_SPREAD,95
2019-06-28 11:03:00.000000000,BEST_BID,"JPM,100597,182"
2019-06-28 11:03:00.000000000,BEST_ASK,"JPM,100740,90"
2019-06-28 11:03:00.000000000,LAST_TRADE,"7,$100740.0000"
2019-06-28 11:03:00.000000000,QUERY_SPREAD,96
2019-06-28 11:03:00.000000000,BEST_BID,"JPM,100597,182"
2019-06-28 11:03:00.000000000,BEST_ASK,"JPM,100740,83"
2019-06-28 11:03:00.000000000,LAST_TRADE,"7,$100740.0000"
2019-06-28 11:03:00.000000000,QUERY_SPREAD,97
2019-06-28 11:03:00.000000000,BEST_BID,"JPM,100597,182"
2019-06-28 11:03:00.000000000,BEST_ASK,"JPM,100740,77"
2019-06-28 11:03:00.000000000,LAST_TRADE,"6,$100740.0000"
2019-06-28 11:03:00.000000000,QUERY_SPREAD,98
2019-06-28 11:03:00.000000000,BEST_BID,"JPM,100597,182"
2019-06-28 11:03:00.000000000,BEST_ASK,"JPM,100740,73"
2019-06-28 11:03:00.000000000,LAST_TRADE,"4,$100740.0000"
2019-06-28 11:03:00.000000000,QUERY_SPREAD,99
2019-06-28 11:03:00.000000000,BEST_BID,"JPM,100597,182"
2019-06-28 11:03:00.000000000,BEST_ASK,"JPM,100740,71"
2019-06-28 11:03:00.000000000,LAST_TRADE,"2,$100740.0000"
2019-06-28 11:03:00.000000000,QUERY_SPREAD,100
2019-06-28 11:03:00.000000000,BEST_BID,"JPM,100597,182"
2019-06-28 11:03:00.000000000,BEST_ASK,"JPM,100740,65"
2019-06-28 11:03:00.000000000,LAST_TRADE,"6,$100740.0000"
2019-06-28 11:03:00.000000000,QUERY_SPREAD,101
2019-06-28 11:03:00.000000000,QUERY_ORDER_STREAM,101
2019-06-28 11:03:00.000000000,BEST_BID,"JPM,100597,182"
2019-06-28 11:03:00.000000000,BEST_ASK,"JPM,100740,73"
2019-06-28 11:03:02.604416956,QUERY_SPREAD,16
2019-06-28 11:03:02.604416956,BEST_BID,"JPM,100613,100"
2019-06-28 11:03:02.604416956,BEST_ASK,"JPM,100740,73"
2019-06-28 11:03:10.000000000,QUERY_SPREAD,1
2019-06-28 11:03:10.000000000,BEST_BID,"JPM,100613,212"
2019-06-28 11:03:10.000000000,BEST_ASK,"JPM,100740,8"
2019-06-28 11:03:10.000000000,BEST_BID,"JPM,100613,212"
2019-06-28 11:03:10.000000000,BEST_ASK,"JPM,100740,8"
2019-06-28 11:03:10.000000000,BEST_BID,"JPM,100613,212"
2019-06-28 11:03:10.000000000,BEST_ASK,"JPM,100740,8"
2019-06-28 11:03:10.000000000,BEST_BID,"JPM,100613,212"
2019-06-28 11:03:10.000000000,BEST_ASK,"JPM,100740,120"
2019-06-28 11:03:10.000000000,BEST_BID,"JPM,100613,212"
2019-06-28 11:03:10.000000000,BEST_ASK,"JPM,100740,120"
2019-06-28 11:03:10.000000000,BEST_BID,"JPM,100613,212"
2019-06-28 11:03:10.000000000,BEST_ASK,"JPM,100740,120"
2019-06-28 11:03:20.000000000,QUERY_SPREAD,1
2019-06-28 11:03:20.000000000,BEST_BID,"JPM,100613,428"
2019-06-28 11:03:20.000000000,BEST_ASK,"JPM,100740,8"
2019-06-28 11:03:20.000000000,BEST_BID,"JPM,100613,428"
2019-06-28 11:03:20.000000000,BEST_ASK,"JPM,100740,336"
2019-06-28 11:03:24.967016015,QUERY_ORDER_STREAM,61
2019-06-28 11:03:24.967016015,QUERY_SPREAD,61
2019-06-28 11:03:24.967016015,BEST_BID,"JPM,100613,428"
2019-06-28 11:03:24.967016015,BEST_ASK,"JPM,100740,436"
2019-06-28 11:03:30.000000000,QUERY_SPREAD,1
2019-06-28 11:03:30.000000000,BEST_BID,"JPM,100613,182"
2019-06-28 11:03:30.000000000,BEST_ASK,"JPM,100740,108"
2019-06-28 11:03:30.000000000,BEST_BID,"JPM,100613,182"
2019-06-28 11:03:30.000000000,BEST_ASK,"JPM,100740,108"
2019-06-28 11:03:30.000000000,BEST_BID,"JPM,100613,182"
2019-06-28 11:03:30.000000000,BEST_ASK,"JPM,100740,108"
2019-06-28 11:03:30.000000000,BEST_BID,"JPM,100613,182"
2019-06-28 11:03:30.000000000,BEST_ASK,"JPM,100740,108"
2019-06-28 11:03:30.000000000,BEST_BID,"JPM,100613,182"
2019-06-28 11:03:30.000000000,BEST_ASK,"JPM,100740,190"
2019-06-28 11:03:30.000000000,BEST_BID,"JPM,100613,182"
2019-06-28 11:03:30.000000000,BEST_ASK,"JPM,100740,190"
2019-06-28 11:03:30.000000000,BEST_BID,"JPM,100613,182"
2019-06-28 11:03:30.000000000,BEST_ASK,"JPM,100740,190"
2019-06-28 11:03:30.000000000,BEST_BID,"JPM,100613,182"
2019-06-28 11:03:30.000000000,BEST_ASK,"JPM,100740,190"
2019-06-28 11:03:34.384042623,QUERY_SPREAD,5
2019-06-28 11:03:34.384042623,BEST_BID,"JPM,100613,82"
2019-06-28 11:03:34.384042623,BEST_ASK,"JPM,100740,190"
2019-06-28 11:03:34.384042623,LAST_TRADE,"100,$100613.0000"
2019-06-28 11:03:40.000000000,QUERY_SPREAD,1
2019-06-28 11:03:40.000000000,BEST_BID,"JPM,100597,428"
2019-06-28 11:03:40.000000000,BEST_ASK,"JPM,100740,108"
2019-06-28 11:03:40.000000000,BEST_BID,"JPM,100597,428"
2019-06-28 11:03:40.000000000,BEST_ASK,"JPM,100740,436"
2019-06-28 11:03:49.134482681,QUERY_SPREAD,44
2019-06-28 11:03:49.134482681,BEST_BID,"JPM,100597,428"
2019-06-28 11:03:49.134482681,BEST_ASK,"JPM,100740,436"
2019-06-28 11:03:50.000000000,QUERY_SPREAD,1
2019-06-28 11:03:50.000000000,BEST_BID,"JPM,100597,212"
2019-06-28 11:03:50.000000000,BEST_ASK,"JPM,100740,108"
2019-06-28 11:03:50.000000000,BEST_BID,"JPM,100597,212"
2019-06-28 11:03:50.000000000,BEST_ASK,"JPM,100740,108"
2019-06-28 11:03:50.000000000,BEST_BID,"JPM,100597,212"
2019-06-28 11:03:50.000000000,BEST_ASK,"JPM,100740,108"
2019-06-28 11:03:50.000000000,BEST_BID,"JPM,100597,212"
2019-06-28 11:03:50.000000000,BEST_ASK,"JPM,100740,220"
2019-06-28 11:03:50.000000000,BEST_BID,"JPM,100597,212"
2019-06-28 11:03:50.000000000,BEST_ASK,"JPM,100740,220"
2019-06-28 11:03:50.000000000,BEST_BID,"JPM,100597,212"
2019-06-28 11:03:50.000000000,BEST_ASK,"JPM,100740,220"
2019-06-28 11:04:00.000000000,QUERY_SPREAD,1
2019-06-28 11:04:00.000000000,BEST_BID,"JPM,100597,182"
2019-06-28 11:04:00.000000000,BEST_ASK,"JPM,100740,108"
2019-06-28 11:04:00.000000000,BEST_BID,"JPM,100597,182"
2019-06-28 11:04:00.000000000,BEST_ASK,"JPM,100740,108"
2019-06-28 11:04:00.000000000,BEST_BID,"JPM,100597,182"
2019-06-28 11:04:00.000000000,BEST_ASK,"JPM,100740,108"
2019-06-28 11:04:00.000000000,BEST_BID,"JPM,100597,182"
2019-06-28 11:04:00.000000000,BEST_ASK,"JPM,100740,108"
2019-06-28 11:04:00.000000000,BEST_BID,"JPM,100597,182"
2019-06-28 11:04:00.000000000,BEST_ASK,"JPM,100740,190"
2019-06-28 11:04:00.000000000,BEST_BID,"JPM,100597,182"
2019-06-28 11:04:00.000000000,BEST_ASK,"JPM,100740,190"
2019-06-28 11:04:00.000000000,BEST_BID,"JPM,100597,182"
2019-06-28 11:04:00.000000000,BEST_ASK,"JPM,100740,190"
2019-06-28 11:04:00.000000000,BEST_BID,"JPM,100597,182"
2019-06-28 11:04:00.000000000,BEST_ASK,"JPM,100740,190"
2019-06-28 11:04:00.000000000,QUERY_SPREAD,77
2019-06-28 11:04:00.000000000,BEST_BID,"JPM,100597,182"
2019-06-28 11:04:00.000000000,BEST_ASK,"JPM,100740,186"
2019-06-28 11:04:00.000000000,LAST_TRADE,"4,$100740.0000"
2019-06-28 11:04:00.000000000,QUERY_SPREAD,78
2019-06-28 11:04:00.000000000,BEST_BID,"JPM,100597,182"
2019-06-28 11:04:00.000000000,BEST_ASK,"JPM,100740,178"
2019-06-28 11:04:00.000000000,LAST_TRADE,"8,$100740.0000"
2019-06-28 11:04:00.000000000,QUERY_SPREAD,79
2019-06-28 11:04:00.000000000,BEST_BID,"JPM,100597,182"
2019-06-28 11:04:00.000000000,BEST_ASK,"JPM,100740,177"
2019-06-28 11:04:00.000000000,LAST_TRADE,"1,$100740.0000"
2019-06-28 11:04:00.000000000,QUERY_SPREAD,80
2019-06-28 11:04:00.000000000,BEST_BID,"JPM,100597,182"
2019-06-28 11:04:00.000000000,BEST_ASK,"JPM,100740,172"
2019-06-28 11:04:00.000000000,LAST_TRADE,"5,$100740.0000"
2019-06-28 11:04:00.000000000,QUERY_SPREAD,81
2019-06-28 11:04:00.000000000,BEST_BID,"JPM,100597,182"
2019-06-28 11:04:00.000000000,BEST_ASK,"JPM,100740,167"
2019-06-28 11:04:00.000000000,LAST_TRADE,"5,$100740.0000"
2019-06-28 11:04:00.000000000,QUERY_SPREAD,82
2019-06-28 11:04:00.000000000,BEST_BID,"JPM,100597,182"
2019-06-28 11:04:00.000000000,BEST_ASK,"JPM,100740,161"
2019-06-28 11:04:00.000000000,LAST_TRADE,"6,$100740.0000"
2019-06-28 11:04:00.000000000,QUERY_SPREAD,83
2019-06-28 11:04:00.000000000,BEST_BID,"JPM,100597,182"
2019-06-28 11:04:00.000000000,BEST_ASK,"JPM,100740,157"
2019-06-28 11:04:00.000000000,LAST_TRADE,"4,$100740.0000"
2019-06-28 11:04:00.000000000,QUERY_SPREAD,84
2019-06-28 11:04:00.000000000,BEST_BID,"JPM,100597,182"
2019-06-28 11:04:00.000000000,BEST_ASK,"JPM,100740,152"
2019-06-28 11:04:00.000000000,LAST_TRADE,"5,$100740.0000"
2019-06-28 11:04:00.000000000,QUERY_SPREAD,85
2019-06-28 11:04:00.000000000,BEST_BID,"JPM,100597,182"
2019-06-28 11:04:00.000000000,BEST_ASK,"JPM,100740,147"
2019-06-28 11:04:00.000000000,LAST_TRADE,"5,$100740.0000"
2019-06-28 11:04:00.000000000,QUERY_SPREAD,86
2019-06-28 11:04:00.000000000,BEST_BID,"JPM,100597,182"
2019-06-28 11:04:00.000000000,BEST_ASK,"JPM,100740,138"
2019-06-28 11:04:00.000000000,LAST_TRADE,"9,$100740.0000"
2019-06-28 11:04:00.000000000,QUERY_SPREAD,87
2019-06-28 11:04:00.000000000,BEST_BID,"JPM,100597,182"
2019-06-28 11:04:00.000000000,BEST_ASK,"JPM,100740,136"
2019-06-28 11:04:00.000000000,LAST_TRADE,"2,$100740.0000"
2019-06-28 11:04:00.000000000,QUERY_SPREAD,88
2019-06-28 11:04:00.000000000,BEST_BID,"JPM,100597,182"
2019-06-28 11:04:00.000000000,BEST_ASK,"JPM,100740,128"
2019-06-28 11:04:00.000000000,LAST_TRADE,"8,$100740.0000"
2019-06-28 11:04:00.000000000,QUERY_SPREAD,89
2019-06-28 11:04:00.000000000,BEST_BID,"JPM,100597,182"
2019-06-28 11:04:00.000000000,BEST_ASK,"JPM,100740,121"
2019-06-28 11:04:00.000000000,LAST_TRADE,"7,$100740.0000"
2019-06-28 11:04:00.000000000,QUERY_SPREAD,90
2019-06-28 11:04:00.000000000,BEST_BID,"JPM,100597,182"
2019-06-28 11:04:00.000000000,BEST_ASK,"JPM,100740,115"
2019-06-28 11:04:00.000000000,LAST_TRADE,"6,$100740.0000"
2019-06-28 11:04:00.000000000,QUERY_SPREAD,91
2019-06-28 11:04:00.000000000,BEST_BID,"JPM,100597,182"
2019-06-28 11:04:00.000000000,BEST_ASK,"JPM,100740,110"
2019-06-28 11:04:00.000000000,LAST_TRADE,"5,$100740.0000"
2019-06-28 11:04:00.000000000,QUERY_SPREAD,92
2019-06-28 11:04:00.000000000,BEST_BID,"JPM,100597,182"
2019-06-28 11:04:00.000000000,BEST_ASK,"JPM,100740,109"
2019-06-28 11:04:00.000000000,LAST_TRADE,"1,$100740.0000"
2019-06-28 11:04:00.000000000,QUERY_SPREAD,93
2019-06-28 11:04:00.000000000,BEST_BID,"JPM,100597,182"
2019-06-28 11:04:00.000000000,BEST_ASK,"JPM,100740,107"
2019-06-28 11:04:00.000000000,LAST_TRADE,"2,$100740.0000"
2019-06-28 11:04:00.000000000,QUERY_SPREAD,94
2019-06-28 11:04:00.000000000,BEST_BID,"JPM,100597,182"
2019-06-28 11:04:00.000000000,BEST_ASK,"JPM,100740,105"
2019-06-28 11:04:00.000000000,LAST_TRADE,"2,$100740.0000"
2019-06-28 11:04:00.000000000,QUERY_SPREAD,95
2019-06-28 11:04:00.000000000,BEST_BID,"JPM,100597,182"
2019-06-28 11:04:00.000000000,BEST_ASK,"JPM,100740,98"
2019-06-28 11:04:00.000000000,LAST_TRADE,"7,$100740.0000"
2019-06-28 11:04:00.000000000,QUERY_SPREAD,96
2019-06-28 11:04:00.000000000,BEST_BID,"JPM,100597,182"
2019-06-28 11:04:00.000000000,BEST_ASK,"JPM,100740,91"
2019-06-28 11:04:00.000000000,LAST_TRADE,"7,$100740.0000"
2019-06-28 11:04:00.000000000,QUERY_SPREAD,97
2019-06-28 11:04:00.000000000,BEST_BID,"JPM,100597,182"
2019-06-28 11:04:00.000000000,BEST_ASK,"JPM,100740,85"
2019-06-28 11:04:00.000000000,LAST_TRADE,"6,$100740.0000"
2019-06-28 11:04:00.000000000,QUERY_SPREAD,98
2019-06-28 11:04:00.000000000,BEST_BID,"JPM,100597,182"
2019-06-28 11:04:00.000000000,BEST_ASK,"JPM,100740,81"
2019-06-28 11:04:00.000000000,LAST_TRADE,"4,$100740.0000"
2019-06-28 11:04:00.000000000,QUERY_SPREAD,99
2019-06-28 11:04:00.000000000,BEST_BID,"JPM,100597,182"
2019-06-28 11:04:00.000000000,BEST_ASK,"JPM,100740,79"
2019-06-28 11:04:00.000000000,LAST_TRADE,"2,$100740.0000"
2019-06-28 11:04:00.000000000,QUERY_SPREAD,100
2019-06-28 11:04:00.000000000,BEST_BID,"JPM,100597,182"
2019-06-28 11:04:00.000000000,BEST_ASK,"JPM,100740,73"
2019-06-28 11:04:00.000000000,LAST_TRADE,"6,$100740.0000"
2019-06-28 11:04:00.000000000,QUERY_SPREAD,101
2019-06-28 11:04:00.000000000,QUERY_ORDER_STREAM,101
2019-06-28 11:04:00.000000000,BEST_BID,"JPM,100597,182"
2019-06-28 11:04:00.000000000,BEST_ASK,"JPM,100740,81"
2019-06-28 11:04:10.000000000,QUERY_SPREAD,1
2019-06-28 11:04:10.000000000,BEST_BID,"JPM,100597,428"
2019-06-28 11:04:10.000000000,BEST_ASK,"JPM,100740,8"
2019-06-28 11:04:10.000000000,BEST_BID,"JPM,100597,428"
2019-06-28 11:04:10.000000000,BEST_ASK,"JPM,100740,336"
2019-06-28 11:04:20.000000000,QUERY_SPREAD,1
2019-06-28 11:04:20.000000000,BEST_BID,"JPM,100597,182"
2019-06-28 11:04:20.000000000,BEST_ASK,"JPM,100740,8"
2019-06-28 11:04:20.000000000,BEST_BID,"JPM,100597,182"
2019-06-28 11:04:20.000000000,BEST_ASK,"JPM,100740,8"
2019-06-28 11:04:20.000000000,BEST_BID,"JPM,100597,182"
2019-06-28 11:04:20.000000000,BEST_ASK,"JPM,100740,8"
2019-06-28 11:04:20.000000000,BEST_BID,"JPM,100597,182"
2019-06-28 11:04:20.000000000,BEST_ASK,"JPM,100740,8"
2019-06-28 11:04:20.000000000,BEST_BID,"JPM,100597,182"
2019-06-28 11:04:20.000000000,BEST_ASK,"JPM,100740,90"
2019-06-28 11:04:20.000000000,BEST_BID,"JPM,100597,182"
2019-06-28 11:04:20.000000000,BEST_ASK,"JPM,100740,90"
2019-06-28 11:04:20.000000000,BEST_BID,"JPM,100597,182"
2019-06-28 11:04:20.000000000,BEST_ASK,"JPM,100740,90"
2019-06-28 11:04:20.000000000,BEST_BID,"JPM,100597,182"
2019-06-28 11:04:20.000000000,BEST_ASK,"JPM,100740,90"
2019-06-28 11:04:28.110276053,QUERY_ORDER_STREAM,66
2019-06-28 11:04:28.110276053,QUERY_SPREAD,66
2019-06-28 11:04:28.110276053,BEST_BID,"JPM,100597,82"
2019-06-28 11:04:28.110276053,BEST_ASK,"JPM,100740,190"
2019-06-28 11:04:29.786597781,QUERY_ORDER_STREAM,56
2019-06-28 11:04:29.786597781,QUERY_SPREAD,56
2019-06-28 11:04:30.000000000,QUERY_SPREAD,1
2019-06-28 11:04:30.000000000,BEST_BID,"JPM,100596,94"
2019-06-28 11:04:30.000000000,BEST_ASK,"JPM,100740,108"
2019-06-28 11:04:30.000000000,BEST_BID,"JPM,100596,94"
2019-06-28 11:04:30.000000000,BEST_ASK,"JPM,100740,108"
2019-06-28 11:04:30.000000000,BEST_BID,"JPM,100596,94"
2019-06-28 11:04:30.000000000,BEST_ASK,"JPM,100740,108"
2019-06-28 11:04:30.000000000,BEST_BID,"JPM,100596,94"
2019-06-28 11:04:30.000000000,BEST_ASK,"JPM,100740,108"
2019-06-28 11:04:30.000000000,BEST_BID,"JPM,100596,94"
2019-06-28 11:04:30.000000000,BEST_ASK,"JPM,100740,174"
2019-06-28 11:04:30.000000000,BEST_BID,"JPM,100596,94"
2019-06-28 11:04:30.000000000,BEST_ASK,"JPM,100740,174"
2019-06-28 11:04:30.000000000,BEST_BID,"JPM,100596,94"
2019-06-28 11:04:30.000000000,BEST_ASK,"JPM,100740,174"
2019-06-28 11:04:30.000000000,BEST_BID,"JPM,100596,94"
2019-06-28 11:04:30.000000000,BEST_ASK,"JPM,100740,174"
2019-06-28 11:04:30.000000000,BEST_BID,"JPM,100596,94"
2019-06-28 11:04:30.000000000,BEST_ASK,"JPM,100740,174"
2019-06-28 11:04:40.000000000,QUERY_SPREAD,1
2019-06-28 11:04:40.000000000,BEST_BID,"JPM,100596,110"
2019-06-28 11:04:40.000000000,BEST_ASK,"JPM,100740,108"
2019-06-28 11:04:40.000000000,BEST_BID,"JPM,100596,110"
2019-06-28 11:04:40.000000000,BEST_ASK,"JPM,100740,108"
2019-06-28 11:04:40.000000000,BEST_BID,"JPM,100596,110"
2019-06-28 11:04:40.000000000,BEST_ASK,"JPM,100740,108"
2019-06-28 11:04:40.000000000,BEST_BID,"JPM,100596,110"
2019-06-28 11:04:40.000000000,BEST_ASK,"JPM,100740,108"
2019-06-28 11:04:40.000000000,BEST_BID,"JPM,100596,110"
2019-06-28 11:04:40.000000000,BEST_ASK,"JPM,100740,190"
2019-06-28 11:04:40.000000000,BEST_BID,"JPM,100596,110"
2019-06-28 11:04:40.000000000,BEST_ASK,"JPM,100740,190"
2019-06-28 11:04:40.000000000,BEST_BID,"JPM,100596,110"
2019-06-28 11:04:40.000000000,BEST_ASK,"JPM,100740,190"
2019-06-28 11:04:40.000000000,BEST_BID,"JPM,100596,110"
2019-06-28 11:04:40.000000000,BEST_ASK,"JPM,100740,190"
2019-06-28 11:04:50.000000000,QUERY_SPREAD,1
2019-06-28 11:04:50.000000000,BEST_BID,"JPM,100596,140"
2019-06-28 11:04:50.000000000,BEST_ASK,"JPM,100740,108"
2019-06-28 11:04:50.000000000,BEST_BID,"JPM,100596,140"
2019-06-28 11:04:50.000000000,BEST_ASK,"JPM,100740,108"
2019-06-28 11:04:50.000000000,BEST_BID,"JPM,100596,140"
2019-06-28 11:04:50.000000000,BEST_ASK,"JPM,100740,108"
2019-06-28 11:04:50.000000000,BEST_BID,"JPM,100596,140"
2019-06-28 11:04:50.000000000,BEST_ASK,"JPM,100740,220"
2019-06-28 11:04:50.000000000,BEST_BID,"JPM,100596,140"
2019-06-28 11:04:50.000000000,BEST_ASK,"JPM,100740,220"
2019-06-28 11:04:50.000000000,BEST_BID,"JPM,100596,140"
2019-06-28 11:04:50.000000000,BEST_ASK,"JPM,100740,220"
2019-06-28 11:05:00.000000000,QUERY_SPREAD,1
2019-06-28 11:05:00.000000000,BEST_BID,"JPM,100596,140"
2019-06-28 11:05:00.000000000,BEST_ASK,"JPM,100740,108"
2019-06-28 11:05:00.000000000,BEST_BID,"JPM,100596,140"
2019-06-28 11:05:00.000000000,BEST_ASK,"JPM,100740,108"
2019-06-28 11:05:00.000000000,BEST_BID,"JPM,100596,140"
2019-06-28 11:05:00.000000000,BEST_ASK,"JPM,100740,108"
2019-06-28 11:05:00.000000000,BEST_BID,"JPM,100596,140"
2019-06-28 11:05:00.000000000,BEST_ASK,"JPM,100740,220"
2019-06-28 11:05:00.000000000,BEST_BID,"JPM,100596,140"
2019-06-28 11:05:00.000000000,BEST_ASK,"JPM,100740,220"
2019-06-28 11:05:00.000000000,BEST_BID,"JPM,100596,140"
2019-06-28 11:05:00.000000000,BEST_ASK,"JPM,100740,220"
2019-06-28 11:05:00.000000000,QUERY_SPREAD,77
2019-06-28 11:05:00.000000000,BEST_BID,"JPM,100596,140"
2019-06-28 11:05:00.000000000,BEST_ASK,"JPM,100740,216"
2019-06-28 11:05:00.000000000,LAST_TRADE,"4,$100740.0000"
2019-06-28 11:05:00.000000000,QUERY_SPREAD,78
2019-06-28 11:05:00.000000000,BEST_BID,"JPM,100596,140"
2019-06-28 11:05:00.000000000,BEST_ASK,"JPM,100740,208"
2019-06-28 11:05:00.000000000,LAST_TRADE,"8,$100740.0000"
2019-06-28 11:05:00.000000000,QUERY_SPREAD,79
2019-06-28 11:05:00.000000000,BEST_BID,"JPM,100596,140"
2019-06-28 11:05:00.000000000,BEST_ASK,"JPM,100740,207"
2019-06-28 11:05:00.000000000,LAST_TRADE,"1,$100740.0000"
2019-06-28 11:05:00.000000000,QUERY_SPREAD,80
2019-06-28 11:05:00.000000000,BEST_BID,"JPM,100596,140"
2019-06-28 11:05:00.000000000,BEST_ASK,"JPM,100740,202"
2019-06-28 11:05:00.000000000,LAST_TRADE,"5,$100740.0000"
2019-06-28 11:05:00.000000000,QUERY_SPREAD,81
2019-06-28 11:05:00.000000000,BEST_BID,"JPM,100596,140"
2019-06-28 11:05:00.000000000,BEST_ASK,"JPM,100740,197"
2019-06-28 11:05:00.000000000,LAST_TRADE,"5,$100740.0000"
2019-06-28 11:05:00.000000000,QUERY_SPREAD,82
2019-06-28 11:05:00.000000000,BEST_BID,"JPM,100596,140"
2019-06-28 11:05:00.000000000,BEST_ASK,"JPM,100740,191"
2019-06-28 11:05:00.000000000,LAST_TRADE,"6,$100740.0000"
2019-06-28 11:05:00.000000000,QUERY_SPREAD,83
2019-06-28 11:05:00.000000000,BEST_BID,"JPM,100596,140"
2019-06-28 11:05:00.000000000,BEST_ASK,"JPM,100740,187"
2019-06-28 11:05:00.000000000,LAST_TRADE,"4,$100740.0000"
2019-06-28 11:05:00.000000000,QUERY_SPREAD,84
2019-06-28 11:05:00.000000000,BEST_BID,"JPM,100596,140"
2019-06-28 11:05:00.000000000,BEST_ASK,"JPM,100740,182"
2019-06-28 11:05:00.000000000,LAST_TRADE,"5,$100740.0000"
2019-06-28 11:05:00.000000000,QUERY_SPREAD,85
2019-06-28 11:05:00.000000000,BEST_BID,"JPM,100596,140"
2019-06-28 11:05:00.000000000,BEST_ASK,"JPM,100740,177"
2019-06-28 11:05:00.000000000,LAST_TRADE,"5,$100740.0000"
2019-06-28 11:05:00.000000000,QUERY_SPREAD,86
2019-06-28 11:05:00.000000000,BEST_BID,"JPM,100596,140"
2019-06-28 11:05:00.000000000,BEST_ASK,"JPM,100740,168"
2019-06-28 11:05:00.000000000,LAST_TRADE,"9,$100740.0000"
2019-06-28 11:05:00.000000000,QUERY_SPREAD,87
2019-06-28 11:05:00.000000000,BEST_BID,"JPM,100596,140"
2019-06-28 11:05:00.000000000,BEST_ASK,"JPM,100740,166"
2019-06-28 11:05:00.000000000,LAST_TRADE,"2,$100740.0000"
2019-06-28 11:05:00.000000000,QUERY_SPREAD,88
2019-06-28 11:05:00.000000000,BEST_BID,"JPM,100596,140"
2019-06-28 11:05:00.000000000,BEST_ASK,"JPM,100740,158"
2019-06-28 11:05:00.000000000,LAST_TRADE,"8,$100740.0000"
2019-06-28 11:05:00.000000000,QUERY_SPREAD,89
2019-06-28 11:05:00.000000000,BEST_BID,"JPM,100596,140"
2019-06-28 11:05:00.000000000,BEST_ASK,"JPM,100740,151"
2019-06-28 11:05:00.000000000,LAST_TRADE,"7,$100740.0000"
2019-06-28 11:05:00.000000000,QUERY_SPREAD,90
2019-06-28 11:05:00.000000000,BEST_BID,"JPM,100596,140"
2019-06-28 11:05:00.000000000,BEST_ASK,"JPM,100740,145"
2019-06-28 11:05:00.000000000,LAST_TRADE,"6,$100740.0000"
2019-06-28 11:05:00.000000000,QUERY_SPREAD,91
2019-06-28 11:05:00.000000000,BEST_BID,"JPM,100596,140"
2019-06-28 11:05:00.000000000,BEST_ASK,"JPM,100740,140"
2019-06-28 11:05:00.000000000,LAST_TRADE,"5,$100740.0000"
2019-06-28 11:05:00.000000000,QUERY_SPREAD,92
2019-06-28 11:05:00.000000000,BEST_BID,"JPM,100596,140"
2019-06-28 11:05:00.000000000,BEST_ASK,"JPM,100740,139"
2019-06-28 11:05:00.000000000,LAST_TRADE,"1,$100740.0000"
2019-06-28 11:05:00.000000000,QUERY_SPREAD,93
2019-06-28 11:05:00.000000000,BEST_BID,"JPM,100596,140"
2019-06-28 11:05:00.000000000,BEST_ASK,"JPM,100740,137"
2019-06-28 11:05:00.000000000,LAST_TRADE,"2,$100740.0000"
2019-06-28 11:05:00.000000000,QUERY_SPREAD,94
2019-06-28 11:05:00.000000000,BEST_BID,"JPM,100596,140"
2019-06-28 11:05:00.000000000,BEST_ASK,"JPM,100740,135"
2019-06-28 11:05:00.000000000,LAST_TRADE,"2,$100740.0000"
2019-06-28 11:05:00.000000000,QUERY_SPREAD,95
2019-06-28 11:05:00.000000000,BEST_BID,"JPM,100596,140"
2019-06-28 11:05:00.000000000,BEST_ASK,"JPM,100740,128"
2019-06-28 11:05:00.000000000,LAST_TRADE,"7,$100740.0000"
2019-06-28 11:05:00.000000000,QUERY_SPREAD,96
2019-06-28 11:05:00.000000000,BEST_BID,"JPM,100596,140"
2019-06-28 11:05:00.000000000,BEST_ASK,"JPM,100740,121"
2019-06-28 11:05:00.000000000,LAST_TRADE,"7,$100740.0000"
2019-06-28 11:05:00.000000000,QUERY_SPREAD,97
2019-06-28 11:05:00.000000000,BEST_BID,"JPM,100596,140"
2019-06-28 11:05:00.000000000,BEST_ASK,"JPM,100740,115"
2019-06-28 11:05:00.000000000,LAST_TRADE,"6,$100740.0000"
2019-06-28 11:05:00.000000000,QUERY_SPREAD,98
2019-06-28 11:05:00.000000000,BEST_BID,"JPM,100596,140"
2019-06-28 11:05:00.000000000,BEST_ASK,"JPM,100740,111"
2019-06-28 11:05:00.000000000,LAST_TRADE,"4,$100740.0000"
2019-06-28 11:05:00.000000000,QUERY_SPREAD,99
2019-06-28 11:05:00.000000000,BEST_BID,"JPM,100596,140"
2019-06-28 11:05:00.000000000,BEST_ASK,"JPM,100740,109"
2019-06-28 11:05:00.000000000,LAST_TRADE,"2,$100740.0000"
2019-06-28 11:05:00.000000000,QUERY_SPREAD,100
2019-06-28 11:05:00.000000000,BEST_BID,"JPM,100596,140"
2019-06-28 11:05:00.000000000,BEST_ASK,"JPM,100740,103"
2019-06-28 11:05:00.000000000,LAST_TRADE,"6,$100740.0000"
2019-06-28 11:05:00.000000000,QUERY_SPREAD,101
2019-06-28 11:05:00.000000000,QUERY_ORDER_STREAM,101
2019-06-28 11:05:00.000000000,BEST_BID,"JPM,100596,140"
2019-06-28 11:05:00.000000000,BEST_ASK,"JPM,100740,111"
2019-06-28 11:05:07.550245030,QUERY_SPREAD,33
2019-06-28 11:05:07.550245030,BEST_BID,"JPM,100596,140"
2019-06-28 11:05:07.550245030,BEST_ASK,"JPM,100740,111"
2019-06-28 11:05:10.000000000,QUERY_SPREAD,1
2019-06-28 11:05:10.000000000,BEST_BID,"JPM,100596,94"
2019-06-28 11:05:10.000000000,BEST_ASK,"JPM,100740,8"
2019-06-28 11:05:10.000000000,BEST_BID,"JPM,100596,94"
2019-06-28 11:05:10.000000000,BEST_ASK,"JPM,100740,8"
2019-06-28 11:05:10.000000000,BEST_BID,"JPM,100596,94"
2019-06-28 11:05:10.000000000,BEST_ASK,"JPM,100740,8"
2019-06-28 11:05:10.000000000,BEST_BID,"JPM,100596,94"
2019-06-28 11:05:10.000000000,BEST_ASK,"JPM,100740,8"
2019-06-28 11:05:10.000000000,BEST_BID,"JPM,100596,94"
2019-06-28 11:05:10.000000000,BEST_ASK,"JPM,100740,8"
2019-06-28 11:05:10.000000000,BEST_BID,"JPM,100596,94"
2019-06-28 11:05:10.000000000,BEST_ASK,"JPM,100740,74"
2019-06-28 11:05:10.000000000,BEST_BID,"JPM,100596,94"
2019-06-28 11:05:10.000000000,BEST_ASK,"JPM,100740,74"
2019-06-28 11:05:10.000000000,BEST_BID,"JPM,100596,94"
2019-06-28 11:05:10.000000000,BEST_ASK,"JPM,100740,74"
2019-06-28 11:05:10.000000000,BEST_BID,"JPM,100596,94"
2019-06-28 11:05:10.000000000,BEST_ASK,"JPM,100740,74"
2019-06-28 11:05:10.000000000,BEST_BID,"JPM,100596,94"
2019-06-28 11:05:10.000000000,BEST_ASK,"JPM,100740,74"
2019-06-28 11:05:17.078162283,QUERY_SPREAD,23
2019-06-28 11:05:17.078162283,BEST_BID,"JPM,100596,94"
2019-06-28 11:05:17.078162283,BEST_ASK,"JPM,100740,74"
2019-06-28 11:05:18.392698331,QUERY_SPREAD,4
2019-06-28 11:05:18.392698331,BEST_BID,"JPM,100573,166"
2019-06-28 11:05:18.392698331,BEST_ASK,"JPM,100596,6"
2019-06-28 11:05:18.392698331,LAST_TRADE,"94,$100596.0000"
2019-06-28 11:05:20.000000000,QUERY_SPREAD,1
2019-06-28 11:05:20.000000000,BEST_BID,"JPM,100573,428"
2019-06-28 11:05:20.000000000,BEST_ASK,"JPM,100596,6"
2019-06-28 11:05:20.000000000,BEST_BID,"JPM,100573,428"
2019-06-28 11:05:20.000000000,BEST_ASK,"JPM,100596,334"
2019-06-28 11:05:27.383765713,QUERY_SPREAD,8
2019-06-28 11:05:27.383765713,BEST_BID,"JPM,100573,428"
2019-06-28 11:05:27.383765713,BEST_ASK,"JPM,100596,334"
2019-06-28 11:05:30.000000000,QUERY_SPREAD,1
2019-06-28 11:05:30.000000000,BEST_BID,"JPM,100573,264"
2019-06-28 11:05:30.000000000,BEST_ASK,"JPM,100596,6"
2019-06-28 11:05:30.000000000,BEST_BID,"JPM,100573,264"
2019-06-28 11:05:30.000000000,BEST_ASK,"JPM,100596,6"
2019-06-28 11:05:30.000000000,BEST_BID,"JPM,100573,264"
2019-06-28 11:05:30.000000000,BEST_ASK,"JPM,100596,170"
2019-06-28 11:05:30.000000000,BEST_BID,"JPM,100573,264"
2019-06-28 11:05:30.000000000,BEST_ASK,"JPM,100596,170"
2019-06-28 11:05:33.808528753,QUERY_SPREAD,2
2019-06-28 11:05:33.808528753,BEST_BID,"JPM,100573,164"
2019-06-28 11:05:33.808528753,BEST_ASK,"JPM,100596,170"
2019-06-28 11:05:33.808528753,LAST_TRADE,"100,$100573.0000"
2019-06-28 11:05:40.000000000,QUERY_SPREAD,1
2019-06-28 11:05:40.000000000,BEST_BID,"JPM,100428,166"
2019-06-28 11:05:40.000000000,BEST_ASK,"JPM,100596,6"
2019-06-28 11:05:40.000000000,BEST_BID,"JPM,100428,166"
2019-06-28 11:05:40.000000000,BEST_ASK,"JPM,100596,6"
2019-06-28 11:05:40.000000000,BEST_BID,"JPM,100428,166"
2019-06-28 11:05:40.000000000,BEST_ASK,"JPM,100596,6"
2019-06-28 11:05:40.000000000,BEST_BID,"JPM,100428,166"
2019-06-28 11:05:40.000000000,BEST_ASK,"JPM,100596,6"
2019-06-28 11:05:40.000000000,BEST_BID,"JPM,100428,166"
2019-06-28 11:05:40.000000000,BEST_ASK,"JPM,100596,6"
2019-06-28 11:05:40.000000000,BEST_BID,"JPM,100428,166"
2019-06-28 11:05:40.000000000,BEST_ASK,"JPM,100596,72"
2019-06-28 11:05:40.000000000,BEST_BID,"JPM,100428,166"
2019-06-28 11:05:40.000000000,BEST_ASK,"JPM,100596,72"
2019-06-28 11:05:40.000000000,BEST_BID,"JPM,100428,166"
2019-06-28 11:05:40.000000000,BEST_ASK,"JPM,100596,72"
2019-06-28 11:05:40.000000000,BEST_BID,"JPM,100428,166"
2019-06-28 11:05:40.000000000,BEST_ASK,"JPM,100596,72"
2019-06-28 11:05:40.000000000,BEST_BID,"JPM,100428,166"
2019-06-28 11:05:40.000000000,BEST_ASK,"JPM,100596,72"
2019-06-28 11:05:50.000000000,QUERY_SPREAD,1
2019-06-28 11:05:50.000000000,BEST_BID,"JPM,100428,166"
2019-06-28 11:05:50.000000000,BEST_ASK,"JPM,100596,6"
2019-06-28 11:05:50.000000000,BEST_BID,"JPM,100428,166"
2019-06-28 11:05:50.000000000,BEST_ASK,"JPM,100596,6"
2019-06-28 11:05:50.000000000,BEST_BID,"JPM,100428,166"
2019-06-28 11:05:50.000000000,BEST_ASK,"JPM,100596,6"
2019-06-28 11:05:50.000000000,BEST_BID,"JPM,100428,166"
2019-06-28 11:05:50.000000000,BEST_ASK,"JPM,100596,6"
2019-06-28 11:05:50.000000000,BEST_BID,"JPM,100428,166"
2019-06-28 11:05:50.000000000,BEST_ASK,"JPM,100596,6"
2019-06-28 11:05:50.000000000,BEST_BID,"JPM,100428,166"
2019-06-28 11:05:50.000000000,BEST_ASK,"JPM,100596,72"
2019-06-28 11:05:50.000000000,BEST_BID,"JPM,100428,166"
2019-06-28 11:05:50.000000000,BEST_ASK,"JPM,100596,72"
2019-06-28 11:05:50.000000000,BEST_BID,"JPM,100428,166"
2019-06-28 11:05:50.000000000,BEST_ASK,"JPM,100596,72"
2019-06-28 11:05:50.000000000,BEST_BID,"JPM,100428,166"
2019-06-28 11:05:50.000000000,BEST_ASK,"JPM,100596,72"
2019-06-28 11:05:50.000000000,BEST_BID,"JPM,100428,166"
2019-06-28 11:05:50.000000000,BEST_ASK,"JPM,100596,72"
2019-06-28 11:05:55.610292749,QUERY_SPREAD,41
2019-06-28 11:05:55.610292749,BEST_BID,"JPM,100428,166"
2019-06-28 11:05:55.610292749,BEST_ASK,"JPM,100596,72"
2019-06-28 11:06:00.000000000,QUERY_SPREAD,1
2019-06-28 11:06:00.000000000,BEST_BID,"JPM,100428,212"
2019-06-28 11:06:00.000000000,BEST_ASK,"JPM,100596,6"
2019-06-28 11:06:00.000000000,BEST_BID,"JPM,100428,212"
2019-06-28 11:06:00.000000000,BEST_ASK,"JPM,100596,6"
2019-06-28 11:06:00.000000000,BEST_BID,"JPM,100428,212"
2019-06-28 11:06:00.000000000,BEST_ASK,"JPM,100596,6"
2019-06-28 11:06:00.000000000,BEST_BID,"JPM,100428,212"
2019-06-28 11:06:00.000000000,BEST_ASK,"JPM,100596,118"
2019-06-28 11:06:00.000000000,BEST_BID,"JPM,100428,212"
2019-06-28 11:06:00.000000000,BEST_ASK,"JPM,100596,118"
2019-06-28 11:06:00.000000000,BEST_BID,"JPM,100428,212"
2019-06-28 11:06:00.000000000,BEST_ASK,"JPM,100596,118"
2019-06-28 11:06:00.000000000,QUERY_SPREAD,77
2019-06-28 11:06:00.000000000,BEST_BID,"JPM,100428,212"
2019-06-28 11:06:00.000000000,BEST_ASK,"JPM,100596,114"
2019-06-28 11:06:00.000000000,LAST_TRADE,"4,$100596.0000"
2019-06-28 11:06:00.000000000,QUERY_SPREAD,78
2019-06-28 11:06:00.000000000,BEST_BID,"JPM,100428,212"
2019-06-28 11:06:00.000000000,BEST_ASK,"JPM,100596,106"
2019-06-28 11:06:00.000000000,LAST_TRADE,"8,$100596.0000"
2019-06-28 11:06:00.000000000,QUERY_SPREAD,79
2019-06-28 11:06:00.000000000,BEST_BID,"JPM,100428,212"
2019-06-28 11:06:00.000000000,BEST_ASK,"JPM,100596,105"
2019-06-28 11:06:00.000000000,LAST_TRADE,"1,$100596.0000"
2019-06-28 11:06:00.000000000,QUERY_SPREAD,80
2019-06-28 11:06:00.000000000,BEST_BID,"JPM,100428,212"
2019-06-28 11:06:00.000000000,BEST_ASK,"JPM,100596,100"
2019-06-28 11:06:00.000000000,LAST_TRADE,"5,$100596.0000"
2019-06-28 11:06:00.000000000,QUERY_SPREAD,81
2019-06-28 11:06:00.000000000,BEST_BID,"JPM,100428,212"
2019-06-28 11:06:00.000000000,BEST_ASK,"JPM,100596,95"
2019-06-28 11:06:00.000000000,LAST_TRADE,"5,$100596.0000"
2019-06-28 11:06:00.000000000,QUERY_SPREAD,82
2019-06-28 11:06:00.000000000,BEST_BID,"JPM,100428,212"
2019-06-28 11:06:00.000000000,BEST_ASK,"JPM,100596,89"
2019-06-28 11:06:00.000000000,LAST_TRADE,"6,$100596.0000"
2019-06-28 11:06:00.000000000,QUERY_SPREAD,83
2019-06-28 11:06:00.000000000,BEST_BID,"JPM,100428,212"
2019-06-28 11:06:00.000000000,BEST_ASK,"JPM,100596,85"
2019-06-28 11:06:00.000000000,LAST_TRADE,"4,$100596.0000"
2019-06-28 11:06:00.000000000,QUERY_SPREAD,84
2019-06-28 11:06:00.000000000,BEST_BID,"JPM,100428,212"
2019-06-28 11:06:00.000000000,BEST_ASK,"JPM,100596,80"
2019-06-28 11:06:00.000000000,LAST_TRADE,"5,$100596.0000"
2019-06-28 11:06:00.000000000,QUERY_SPREAD,85
2019-06-28 11:06:00.000000000,BEST_BID,"JPM,100428,212"
2019-06-28 11:06:00.000000000,BEST_ASK,"JPM,100596,75"
2019-06-28 11:06:00.000000000,LAST_TRADE,"5,$100596.0000"
2019-06-28 11:06:00.000000000,QUERY_SPREAD,86
2019-06-28 11:06:00.000000000,BEST_BID,"JPM,100428,212"
2019-06-28 11:06:00.000000000,BEST_ASK,"JPM,100596,66"
2019-06-28 11:06:00.000000000,LAST_TRADE,"9,$100596.0000"
2019-06-28 11:06:00.000000000,QUERY_SPREAD,87
2019-06-28 11:06:00.000000000,BEST_BID,"JPM,100428,212"
2019-06-28 11:06:00.000000000,BEST_ASK,"JPM,100596,64"
2019-06-28 11:06:00.000000000,LAST_TRADE,"2,$100596.0000"
2019-06-28 11:06:00.000000000,QUERY_SPREAD,88
2019-06-28 11:06:00.000000000,BEST_BID,"JPM,100428,212"
2019-06-28 11:06:00.000000000,BEST_ASK,"JPM,100596,56"
2019-06-28 11:06:00.000000000,LAST_TRADE,"8,$100596.0000"
2019-06-28 11:06:00.000000000,QUERY_SPREAD,89
2019-06-28 11:06:00.000000000,BEST_BID,"JPM,100428,212"
2019-06-28 11:06:00.000000000,BEST_ASK,"JPM,100596,49"
2019-06-28 11:06:00.000000000,LAST_TRADE,"7,$100596.0000"
2019-06-28 11:06:00.000000000,QUERY_SPREAD,90
2019-06-28 11:06:00.000000000,BEST_BID,"JPM,100428,212"
2019-06-28 11:06:00.000000000,BEST_ASK,"JPM,100596,43"
2019-06-28 11:06:00.000000000,LAST_TRADE,"6,$100596.0000"
2019-06-28 11:06:00.000000000,QUERY_SPREAD,91
2019-06-28 11:06:00.000000000,BEST_BID,"JPM,100428,212"
2019-06-28 11:06:00.000000000,BEST_ASK,"JPM,100596,38"
2019-06-28 11:06:00.000000000,LAST_TRADE,"5,$100596.0000"
2019-06-28 11:06:00.000000000,QUERY_SPREAD,92
2019-06-28 11:06:00.000000000,BEST_BID,"JPM,100428,212"
2019-06-28 11:06:00.000000000,BEST_ASK,"JPM,100596,37"
2019-06-28 11:06:00.000000000,LAST_TRADE,"1,$100596.0000"
2019-06-28 11:06:00.000000000,QUERY_SPREAD,93
2019-06-28 11:06:00.000000000,BEST_BID,"JPM,100428,212"
2019-06-28 11:06:00.000000000,BEST_ASK,"JPM,100596,35"
2019-06-28 11:06:00.000000000,LAST_TRADE,"2,$100596.0000"
2019-06-28 11:06:00.000000000,QUERY_SPREAD,94
2019-06-28 11:06:00.000000000,BEST_BID,"JPM,100428,212"
2019-06-28 11:06:00.000000000,BEST_ASK,"JPM,100596,33"
2019-06-28 11:06:00.000000000,LAST_TRADE,"2,$100596.0000"
2019-06-28 11:06:00.000000000,QUERY_SPREAD,95
2019-06-28 11:06:00.000000000,BEST_BID,"JPM,100428,212"
2019-06-28 11:06:00.000000000,BEST_ASK,"JPM,100596,26"
2019-06-28 11:06:00.000000000,LAST_TRADE,"7,$100596.0000"
2019-06-28 11:06:00.000000000,QUERY_SPREAD,96
2019-06-28 11:06:00.000000000,BEST_BID,"JPM,100428,212"
2019-06-28 11:06:00.000000000,BEST_ASK,"JPM,100596,19"
2019-06-28 11:06:00.000000000,LAST_TRADE,"7,$100596.0000"
2019-06-28 11:06:00.000000000,QUERY_SPREAD,97
2019-06-28 11:06:00.000000000,BEST_BID,"JPM,100428,212"
2019-06-28 11:06:00.000000000,BEST_ASK,"JPM,100596,13"
2019-06-28 11:06:00.000000000,LAST_TRADE,"6,$100596.0000"
2019-06-28 11:06:00.000000000,QUERY_SPREAD,98
2019-06-28 11:06:00.000000000,BEST_BID,"JPM,100428,212"
2019-06-28 11:06:00.000000000,BEST_ASK,"JPM,100596,9"
2019-06-28 11:06:00.000000000,LAST_TRADE,"4,$100596.0000"
2019-06-28 11:06:00.000000000,QUERY_SPREAD,99
2019-06-28 11:06:00.000000000,BEST_BID,"JPM,100428,212"
2019-06-28 11:06:00.000000000,BEST_ASK,"JPM,100596,7"
2019-06-28 11:06:00.000000000,LAST_TRADE,"2,$100596.0000"
2019-06-28 11:06:00.000000000,QUERY_SPREAD,100
2019-06-28 11:06:00.000000000,BEST_BID,"JPM,100428,212"
2019-06-28 11:06:00.000000000,BEST_ASK,"JPM,100596,1"
2019-06-28 11:06:00.000000000,LAST_TRADE,"6,$100596.0000"
2019-06-28 11:06:00.000000000,QUERY_SPREAD,101
2019-06-28 11:06:00.000000000,QUERY_ORDER_STREAM,101
2019-06-28 11:06:00.000000000,BEST_BID,"JPM,100428,212"
2019-06-28 11:06:00.000000000,BEST_ASK,"JPM,100596,9"
2019-06-28 11:06:10.000000000,QUERY_SPREAD,1
2019-06-28 11:06:10.000000000,BEST_BID,"JPM,100428,428"
2019-06-28 11:06:10.000000000,BEST_ASK,"JPM,100596,8"
2019-06-28 11:06:10.000000000,BEST_BID,"JPM,100428,428"
2019-06-28 11:06:10.000000000,BEST_ASK,"JPM,100596,336"
2019-06-28 11:06:20.000000000,QUERY_SPREAD,1
2019-06-28 11:06:20.000000000,BEST_BID,"JPM,100428,182"
2019-06-28 11:06:20.000000000,BEST_ASK,"JPM,100596,8"
2019-06-28 11:06:20.000000000,BEST_BID,"JPM,100428,182"
2019-06-28 11:06:20.000000000,BEST_ASK,"JPM,100596,8"
2019-06-28 11:06:20.000000000,BEST_BID,"JPM,100428,182"
2019-06-28 11:06:20.000000000,BEST_ASK,"JPM,100596,8"
2019-06-28 11:06:20.000000000,BEST_BID,"JPM,100428,182"
2019-06-28 11:06:20.000000000,BEST_ASK,"JPM,100596,8"
2019-06-28 11:06:20.000000000,BEST_BID,"JPM,100428,182"
2019-06-28 11:06:20.000000000,BEST_ASK,"JPM,100596,90"
2019-06-28 11:06:20.000000000,BEST_BID,"JPM,100428,182"
2019-06-28 11:06:20.000000000,BEST_ASK,"JPM,100596,90"
2019-06-28 11:06:20.000000000,BEST_BID,"JPM,100428,182"
2019-06-28 11:06:20.000000000,BEST_ASK,"JPM,100596,90"
2019-06-28 11:06:20.000000000,BEST_BID,"JPM,100428,182"
2019-06-28 11:06:20.000000000,BEST_ASK,"JPM,100596,90"
2019-06-28 11:06:30.000000000,QUERY_SPREAD,1
2019-06-28 11:06:30.000000000,BEST_BID,"JPM,100428,166"
2019-06-28 11:06:30.000000000,BEST_ASK,"JPM,100596,8"
2019-06-28 11:06:30.000000000,BEST_BID,"JPM,100428,166"
2019-06-28 11:06:30.000000000,BEST_ASK,"JPM,100596,8"
2019-06-28 11:06:30.000000000,BEST_BID,"JPM,100428,166"
2019-06-28 11:06:30.000000000,BEST_ASK,"JPM,100596,8"
2019-06-28 11:06:30.000000000,BEST_BID,"JPM,100428,166"
2019-06-28 11:06:30.000000000,BEST_ASK,"JPM,100596,8"
2019-06-28 11:06:30.000000000,BEST_BID,"JPM,100428,166"
2019-06-28 11:06:30.000000000,BEST_ASK,"JPM,100596,8"
2019-06-28 11:06:30.000000000,BEST_BID,"JPM,100428,166"
2019-06-28 11:06:30.000000000,BEST_ASK,"JPM,100596,74"
2019-06-28 11:06:30.000000000,BEST_BID,"JPM,100428,166"
2019-06-28 11:06:30.000000000,BEST_ASK,"JPM,100596,74"
2019-06-28 11:06:30.000000000,BEST_BID,"JPM,100428,166"
2019-06-28 11:06:30.000000000,BEST_ASK,"JPM,100596,74"
2019-06-28 11:06:30.000000000,BEST_BID,"JPM,100428,166"
2019-06-28 11:06:30.000000000,BEST_ASK,"JPM,100596,74"
2019-06-28 11:06:30.000000000,BEST_BID,"JPM,100428,166"
2019-06-28 11:06:30.000000000,BEST_ASK,"JPM,100596,74"
2019-06-28 11:06:40.000000000,QUERY_SPREAD,1
2019-06-28 11:06:40.000000000,BEST_BID,"JPM,100428,264"
2019-06-28 11:06:40.000000000,BEST_ASK,"JPM,100596,8"
2019-06-28 11:06:40.000000000,BEST_BID,"JPM,100428,264"
2019-06-28 11:06:40.000000000,BEST_ASK,"JPM,100596,8"
2019-06-28 11:06:40.000000000,BEST_BID,"JPM,100428,264"
2019-06-28 11:06:40.000000000,BEST_ASK,"JPM,100596,172"
2019-06-28 11:06:40.000000000,BEST_BID,"JPM,100428,264"
2019-06-28 11:06:40.000000000,BEST_ASK,"JPM,100596,172"
2019-06-28 11:06:45.455318872,QUERY_ORDER_STREAM,76
2019-06-28 11:06:45.455318872,QUERY_SPREAD,76
2019-06-28 11:06:45.786774759,QUERY_ORDER_STREAM,58
2019-06-28 11:06:45.786774759,QUERY_SPREAD,58
2019-06-28 11:06:45.786774759,BEST_BID,"JPM,100428,264"
2019-06-28 11:06:45.786774759,BEST_ASK,"JPM,100596,272"
2019-06-28 11:06:50.000000000,QUERY_SPREAD,1
2019-06-28 11:06:50.000000000,BEST_BID,"JPM,100428,428"
2019-06-28 11:06:50.000000000,BEST_ASK,"JPM,100596,108"
2019-06-28 11:06:50.000000000,BEST_BID,"JPM,100428,428"
2019-06-28 11:06:50.000000000,BEST_ASK,"JPM,100596,436"
2019-06-28 11:06:59.507960528,QUERY_SPREAD,41
2019-06-28 11:06:59.507960528,BEST_BID,"JPM,100428,428"
2019-06-28 11:06:59.507960528,BEST_ASK,"JPM,100596,436"
2019-06-28 11:07:00.000000000,QUERY_SPREAD,1
2019-06-28 11:07:00.000000000,BEST_BID,"JPM,100428,182"
2019-06-28 11:07:00.000000000,BEST_ASK,"JPM,100596,108"
2019-06-28 11:07:00.000000000,BEST_BID,"JPM,100428,182"
2019-06-28 11:07:00.000000000,BEST_ASK,"JPM,100596,108"
2019-06-28 11:07:00.000000000,BEST_BID,"JPM,100428,182"
2019-06-28 11:07:00.000000000,BEST_ASK,"JPM,100596,108"
2019-06-28 11:07:00.000000000,BEST_BID,"JPM,100428,182"
2019-06-28 11:07:00.000000000,BEST_ASK,"JPM,100596,108"
2019-06-28 11:07:00.000000000,BEST_BID,"JPM,100428,182"
2019-06-28 11:07:00.000000000,BEST_ASK,"JPM,100596,190"
2019-06-28 11:07:00.000000000,BEST_BID,"JPM,100428,182"
2019-06-28 11:07:00.000000000,BEST_ASK,"JPM,100596,190"
2019-06-28 11:07:00.000000000,BEST_BID,"JPM,100428,182"
2019-06-28 11:07:00.000000000,BEST_ASK,"JPM,100596,190"
2019-06-28 11:07:00.000000000,BEST_BID,"JPM,100428,182"
2019-06-28 11:07:00.000000000,BEST_ASK,"JPM,100596,190"
2019-06-28 11:07:00.000000000,QUERY_SPREAD,77
2019-06-28 11:07:00.000000000,BEST_BID,"JPM,100428,182"
2019-06-28 11:07:00.000000000,BEST_ASK,"JPM,100596,186"
2019-06-28 11:07:00.000000000,LAST_TRADE,"4,$100596.0000"
2019-06-28 11:07:00.000000000,QUERY_SPREAD,78
2019-06-28 11:07:00.000000000,BEST_BID,"JPM,100428,182"
2019-06-28 11:07:00.000000000,BEST_ASK,"JPM,100596,178"
2019-06-28 11:07:00.000000000,LAST_TRADE,"8,$100596.0000"
2019-06-28 11:07:00.000000000,QUERY_SPREAD,79
2019-06-28 11:07:00.000000000,BEST_BID,"JPM,100428,182"
2019-06-28 11:07:00.000000000,BEST_ASK,"JPM,100596,177"
2019-06-28 11:07:00.000000000,LAST_TRADE,"1,$100596.0000"
2019-06-28 11:07:00.000000000,QUERY_SPREAD,80
2019-06-28 11:07:00.000000000,BEST_BID,"JPM,100428,182"
2019-06-28 11:07:00.000000000,BEST_ASK,"JPM,100596,172"
2019-06-28 11:07:00.000000000,LAST_TRADE,"5,$100596.0000"
2019-06-28 11:07:00.000000000,QUERY_SPREAD,81
2019-06-28 11:07:00.000000000,BEST_BID,"JPM,100428,182"
2019-06-28 11:07:00.000000000,BEST_ASK,"JPM,100596,167"
2019-06-28 11:07:00.000000000,LAST_TRADE,"5,$100596.0000"
2019-06-28 11:07:00.000000000,QUERY_SPREAD,82
2019-06-28 11:07:00.000000000,BEST_BID,"JPM,100428,182"
2019-06-28 11:07:00.000000000,BEST_ASK,"JPM,100596,161"
2019-06-28 11:07:00.000000000,LAST_TRADE,"6,$100596.0000"
2019-06-28 11:07:00.000000000,QUERY_SPREAD,83
2019-06-28 11:07:00.000000000,BEST_BID,"JPM,100428,182"
2019-06-28 11:07:00.000000000,BEST_ASK,"JPM,100596,157"
2019-06-28 11:07:00.000000000,LAST_TRADE,"4,$100596.0000"
2019-06-28 11:07:00.000000000,QUERY_SPREAD,84
2019-06-28 11:07:00.000000000,BEST_BID,"JPM,100428,182"
2019-06-28 11:07:00.000000000,BEST_ASK,"JPM,100596,152"
2019-06-28 11:07:00.000000000,LAST_TRADE,"5,$100596.0000"
2019-06-28 11:07:00.000000000,QUERY_SPREAD,85
2019-06-28 11:07:00.000000000,BEST_BID,"JPM,100428,182"
2019-06-28 11:07:00.000000000,BEST_ASK,"JPM,100596,147"
2019-06-28 11:07:00.000000000,LAST_TRADE,"5,$100596.0000"
2019-06-28 11:07:00.000000000,QUERY_SPREAD,86
2019-06-28 11:07:00.000000000,BEST_BID,"JPM,100428,182"
2019-06-28 11:07:00.000000000,BEST_ASK,"JPM,100596,138"
2019-06-28 11:07:00.000000000,LAST_TRADE,"9,$100596.0000"
2019-06-28 11:07:00.000000000,QUERY_SPREAD,87
2019-06-28 11:07:00.000000000,BEST_BID,"JPM,100428,182"
2019-06-28 11:07:00.000000000,BEST_ASK,"JPM,100596,136"
2019-06-28 11:07:00.000000000,LAST_TRADE,"2,$100596.0000"
2019-06-28 11:07:00.000000000,QUERY_SPREAD,88
2019-06-28 11:07:00.000000000,BEST_BID,"JPM,100428,182"
2019-06-28 11:07:00.000000000,BEST_ASK,"JPM,100596,128"
2019-06-28 11:07:00.000000000,LAST_TRADE,"8,$100596.0000"
2019-06-28 11:07:00.000000000,QUERY_SPREAD,89
2019-06-28 11:07:00.000000000,BEST_BID,"JPM,100428,182"
2019-06-28 11:07:00.000000000,BEST_ASK,"JPM,100596,121"
2019-06-28 11:07:00.000000000,LAST_TRADE,"7,$100596.0000"
2019-06-28 11:07:00.000000000,QUERY_SPREAD,90
2019-06-28 11:07:00.000000000,BEST_BID,"JPM,100428,182"
2019-06-28 11:07:00.000000000,BEST_ASK,"JPM,100596,115"
2019-06-28 11:07:00.000000000,LAST_TRADE,"6,$100596.0000"
2019-06-28 11:07:00.000000000,QUERY_SPREAD,91
2019-06-28 11:07:00.000000000,BEST_BID,"JPM,100428,182"
2019-06-28 11:07:00.000000000,BEST_ASK,"JPM,100596,110"
2019-06-28 11:07:00.000000000,LAST_TRADE,"5,$100596.0000"
2019-06-28 11:07:00.000000000,QUERY_SPREAD,92
2019-06-28 11:07:00.000000000,BEST_BID,"JPM,100428,182"
2019-06-28 11:07:00.000000000,BEST_ASK,"JPM,100596,109"
2019-06-28 11:07:00.000000000,LAST_TRADE,"1,$100596.0000"
2019-06-28 11:07:00.000000000,QUERY_SPREAD,93
2019-06-28 11:07:00.000000000,BEST_BID,"JPM,100428,182"
2019-06-28 11:07:00.000000000,BEST_ASK,"JPM,100596,107"
2019-06-28 11:07:00.000000000,LAST_TRADE,"2,$100596.0000"
2019-06-28 11:07:00.000000000,QUERY_SPREAD,94
2019-06-28 11:07:00.000000000,BEST_BID,"JPM,100428,182"
2019-06-28 11:07:00.000000000,BEST_ASK,"JPM,100596,105"
2019-06-28 11:07:00.000000000,LAST_TRADE,"2,$100596.0000"
2019-06-28 11:07:00.000000000,QUERY_SPREAD,95
2019-06-28 11:07:00.000000000,BEST_BID,"JPM,100428,182"
2019-06-28 11:07:00.000000000,BEST_ASK,"JPM,100596,98"
2019-06-28 11:07:00.000000000,LAST_TRADE,"7,$100596.0000"
2019-06-28 11:07:00.000000000,QUERY_SPREAD,96
2019-06-28 11:07:00.000000000,BEST_BID,"JPM,100428,182"
2019-06-28 11:07:00.000000000,BEST_ASK,"JPM,100596,91"
2019-06-28 11:07:00.000000000,LAST_TRADE,"7,$100596.0000"
2019-06-28 11:07:00.000000000,QUERY_SPREAD,97
2019-06-28 11:07:00.000000000,BEST_BID,"JPM,100428,182"
2019-06-28 11:07:00.000000000,BEST_ASK,"JPM,100596,85"
2019-06-28 11:07:00.000000000,LAST_TRADE,"6,$100596.0000"
2019-06-28 11:07:00.000000000,QUERY_SPREAD,98
2019-06-28 11:07:00.000000000,BEST_BID,"JPM,100428,182"
2019-06-28 11:07:00.000000000,BEST_ASK,"JPM,100596,81"
2019-06-28 11:07:00.000000000,LAST_TRADE,"4,$100596.0000"
2019-06-28 11:07:00.000000000,QUERY_SPREAD,99
2019-06-28 11:07:00.000000000,BEST_BID,"JPM,100428,182"
2019-06-28 11:07:00.000000000,BEST_ASK,"JPM,100596,79"
2019-06-28 11:07:00.000000000,LAST_TRADE,"2,$100596.0000"
2019-06-28 11:07:00.000000000,QUERY_SPREAD,100
2019-06-28 11:07:00.000000000,BEST_BID,"JPM,100428,182"
2019-06-28 11:07:00.000000000,BEST_ASK,"JPM,100596,73"
2019-06-28 11:07:00.000000000,LAST_TRADE,"6,$100596.0000"
2019-06-28 11:07:00.000000000,QUERY_SPREAD,101
2019-06-28 11:07:00.000000000,QUERY_ORDER_STREAM,101
2019-06-28 11:07:00.000000000,BEST_BID,"JPM,100428,182"
2019-06-28 11:07:00.000000000,BEST_ASK,"JPM,100596,81"
2019-06-28 11:07:02.921403419,QUERY_ORDER_STREAM,64
2019-06-28 11:07:02.921403419,QUERY_SPREAD,64
2019-06-28 11:07:02.921403419,BEST_BID,"JPM,100428,182"
2019-06-28 11:07:02.921403419,BEST_ASK,"JPM,100596,181"
2019-06-28 11:07:06.216182668,QUERY_SPREAD,37
2019-06-28 11:07:06.216182668,BEST_BID,"JPM,100483,100"
2019-06-28 11:07:06.216182668,BEST_ASK,"JPM,100596,181"
2019-06-28 11:07:10.000000000,QUERY_SPREAD,1
2019-06-28 11:07:10.000000000,BEST_BID,"JPM,100483,428"
2019-06-28 11:07:10.000000000,BEST_ASK,"JPM,100596,108"
2019-06-28 11:07:10.000000000,BEST_BID,"JPM,100483,428"
2019-06-28 11:07:10.000000000,BEST_ASK,"JPM,100596,436"
2019-06-28 11:07:10.038915575,QUERY_ORDER_STREAM,60
2019-06-28 11:07:10.038915575,QUERY_SPREAD,60
2019-06-28 11:07:10.038915575,BEST_BID,"JPM,100483,428"
2019-06-28 11:07:10.038915575,BEST_ASK,"JPM,100596,536"
2019-06-28 11:07:11.708892155,QUERY_SPREAD,36
2019-06-28 11:07:11.708892155,BEST_BID,"JPM,100592,100"
2019-06-28 11:07:11.708892155,BEST_ASK,"JPM,100596,536"
2019-06-28 11:07:13.643037540,QUERY_SPREAD,19
2019-06-28 11:07:13.643037540,BEST_BID,"JPM,100592,100"
2019-06-28 11:07:13.643037540,BEST_ASK,"JPM,100596,536"
2019-06-28 11:07:15.630503905,QUERY_SPREAD,44
2019-06-28 11:07:15.630503905,BEST_BID,"JPM,100592,100"
2019-06-28 11:07:15.630503905,BEST_ASK,"JPM,100596,536"
2019-06-28 11:07:18.568286597,QUERY_SPREAD,47
2019-06-28 11:07:18.568286597,BEST_BID,"JPM,100592,100"
2019-06-28 11:07:18.568286597,BEST_ASK,"JPM,100596,536"
2019-06-28 11:07:18.734728553,QUERY_SPREAD,22
2019-06-28 11:07:18.734728553,BEST_BID,"JPM,100592,100"
2019-06-28 11:07:18.734728553,BEST_ASK,"JPM,100596,536"
2019-06-28 11:07:20.000000000,QUERY_SPREAD,1
2019-06-28 11:07:20.000000000,BEST_BID,"JPM,100592,212"
2019-06-28 11:07:20.000000000,BEST_ASK,"JPM,100596,208"
2019-06-28 11:07:20.000000000,BEST_BID,"JPM,100592,212"
2019-06-28 11:07:20.000000000,BEST_ASK,"JPM,100596,208"
2019-06-28 11:07:20.000000000,BEST_BID,"JPM,100592,212"
2019-06-28 11:07:20.000000000,BEST_ASK,"JPM,100596,208"
2019-06-28 11:07:20.000000000,BEST_BID,"JPM,100592,212"
2019-06-28 11:07:20.000000000,BEST_ASK,"JPM,100596,320"
2019-06-28 11:07:20.000000000,BEST_BID,"JPM,100592,212"
2019-06-28 11:07:20.000000000,BEST_ASK,"JPM,100596,320"
2019-06-28 11:07:20.000000000,BEST_BID,"JPM,100592,212"
2019-06-28 11:07:20.000000000,BEST_ASK,"JPM,100596,320"
2019-06-28 11:07:25.051449805,QUERY_SPREAD,50
2019-06-28 11:07:25.051449805,BEST_BID,"JPM,100592,212"
2019-06-28 11:07:25.051449805,BEST_ASK,"JPM,100596,320"
2019-06-28 11:07:30.000000000,QUERY_SPREAD,1
2019-06-28 11:07:30.000000000,BEST_BID,"JPM,100592,264"
2019-06-28 11:07:30.000000000,BEST_ASK,"JPM,100596,208"
2019-06-28 11:07:30.000000000,BEST_BID,"JPM,100592,264"
2019-06-28 11:07:30.000000000,BEST_ASK,"JPM,100596,208"
2019-06-28 11:07:30.000000000,BEST_BID,"JPM,100592,264"
2019-06-28 11:07:30.000000000,BEST_ASK,"JPM,100596,372"
2019-06-28 11:07:30.000000000,BEST_BID,"JPM,100592,264"
2019-06-28 11:07:30.000000000,BEST_ASK,"JPM,100596,372"
2019-06-28 11:07:40.000000000,QUERY_SPREAD,1
2019-06-28 11:07:40.000000000,BEST_BID,"JPM,100592,212"
2019-06-28 11:07:40.000000000,BEST_ASK,"JPM,100596,208"
2019-06-28 11:07:40.000000000,BEST_BID,"JPM,100592,212"
2019-06-28 11:07:40.000000000,BEST_ASK,"JPM,100596,208"
2019-06-28 11:07:40.000000000,BEST_BID,"JPM,100592,212"
2019-06-28 11:07:40.000000000,BEST_ASK,"JPM,100596,208"
2019-06-28 11:07:40.000000000,BEST_BID,"JPM,100592,212"
2019-06-28 11:07:40.000000000,BEST_ASK,"JPM,100596,320"
2019-06-28 11:07:40.000000000,BEST_BID,"JPM,100592,212"
2019-06-28 11:07:40.000000000,BEST_ASK,"JPM,100596,320"
2019-06-28 11:07:40.000000000,BEST_BID,"JPM,100592,212"
2019-06-28 11:07:40.000000000,BEST_ASK,"JPM,100596,320"
2019-06-28 11:07:42.096938942,QUERY_ORDER_STREAM,52
2019-06-28 11:07:42.096938942,QUERY_SPREAD,52
2019-06-28 11:07:42.096938942,BEST_BID,"JPM,100592,212"
2019-06-28 11:07:42.096938942,BEST_ASK,"JPM,100596,220"
2019-06-28 11:07:42.096938942,LAST_TRADE,"100,$100596.0000"
2019-06-28 11:07:50.000000000,QUERY_SPREAD,1
2019-06-28 11:07:50.000000000,BEST_BID,"JPM,100592,264"
2019-06-28 11:07:50.000000000,BEST_ASK,"JPM,100596,108"
2019-06-28 11:07:50.000000000,BEST_BID,"JPM,100592,264"
2019-06-28 11:07:50.000000000,BEST_ASK,"JPM,100596,108"
2019-06-28 11:07:50.000000000,BEST_BID,"JPM,100592,264"
2019-06-28 11:07:50.000000000,BEST_ASK,"JPM,100596,272"
2019-06-28 11:07:50.000000000,BEST_BID,"JPM,100592,264"
2019-06-28 11:07:50.000000000,BEST_ASK,"JPM,100596,272"
2019-06-28 11:07:59.641862869,QUERY_SPREAD,48
2019-06-28 11:07:59.641862869,BEST_BID,"JPM,100592,164"
2019-06-28 11:07:59.641862869,BEST_ASK,"JPM,100596,272"
2019-06-28 11:07:59.641862869,LAST_TRADE,"100,$100592.0000"
2019-06-28 11:08:00.000000000,QUERY_SPREAD,1
2019-06-28 11:08:00.000000000,BEST_BID,"JPM,100589,264"
2019-06-28 11:08:00.000000000,BEST_ASK,"JPM,100596,108"
2019-06-28 11:08:00.000000000,BEST_BID,"JPM,100589,264"
2019-06-28 11:08:00.000000000,BEST_ASK,"JPM,100596,108"
2019-06-28 11:08:00.000000000,BEST_BID,"JPM,100589,264"
2019-06-28 11:08:00.000000000,BEST_ASK,"JPM,100596,272"
2019-06-28 11:08:00.000000000,BEST_BID,"JPM,100589,264"
2019-06-28 11:08:00.000000000,BEST_ASK,"JPM,100596,272"
2019-06-28 11:08:00.000000000,QUERY_SPREAD,77
2019-06-28 11:08:00.000000000,BEST_BID,"JPM,100589,264"
2019-06-28 11:08:00.000000000,BEST_ASK,"JPM,100596,268"
2019-06-28 11:08:00.000000000,LAST_TRADE,"4,$100596.0000"
2019-06-28 11:08:00.000000000,QUERY_SPREAD,78
2019-06-28 11:08:00.000000000,BEST_BID,"JPM,100589,264"
2019-06-28 11:08:00.000000000,BEST_ASK,"JPM,100596,260"
2019-06-28 11:08:00.000000000,LAST_TRADE,"8,$100596.0000"
2019-06-28 11:08:00.000000000,QUERY_SPREAD,79
2019-06-28 11:08:00.000000000,BEST_BID,"JPM,100589,264"
2019-06-28 11:08:00.000000000,BEST_ASK,"JPM,100596,259"
2019-06-28 11:08:00.000000000,LAST_TRADE,"1,$100596.0000"
2019-06-28 11:08:00.000000000,QUERY_SPREAD,80
2019-06-28 11:08:00.000000000,BEST_BID,"JPM,100589,264"
2019-06-28 11:08:00.000000000,BEST_ASK,"JPM,100596,254"
2019-06-28 11:08:00.000000000,LAST_TRADE,"5,$100596.0000"
2019-06-28 11:08:00.000000000,QUERY_SPREAD,81
2019-06-28 11:08:00.000000000,BEST_BID,"JPM,100589,264"
2019-06-28 11:08:00.000000000,BEST_ASK,"JPM,100596,249"
2019-06-28 11:08:00.000000000,LAST_TRADE,"5,$100596.0000"
2019-06-28 11:08:00.000000000,QUERY_SPREAD,82
2019-06-28 11:08:00.000000000,BEST_BID,"JPM,100589,264"
2019-06-28 11:08:00.000000000,BEST_ASK,"JPM,100596,243"
2019-06-28 11:08:00.000000000,LAST_TRADE,"6,$100596.0000"
2019-06-28 11:08:00.000000000,QUERY_SPREAD,83
2019-06-28 11:08:00.000000000,BEST_BID,"JPM,100589,264"
2019-06-28 11:08:00.000000000,BEST_ASK,"JPM,100596,239"
2019-06-28 11:08:00.000000000,LAST_TRADE,"4,$100596.0000"
2019-06-28 11:08:00.000000000,QUERY_SPREAD,84
2019-06-28 11:08:00.000000000,BEST_BID,"JPM,100589,264"
2019-06-28 11:08:00.000000000,BEST_ASK,"JPM,100596,234"
2019-06-28 11:08:00.000000000,LAST_TRADE,"5,$100596.0000"
2019-06-28 11:08:00.000000000,QUERY_SPREAD,85
2019-06-28 11:08:00.000000000,BEST_BID,"JPM,100589,264"
2019-06-28 11:08:00.000000000,BEST_ASK,"JPM,100596,229"
2019-06-28 11:08:00.000000000,LAST_TRADE,"5,$100596.0000"
2019-06-28 11:08:00.000000000,QUERY_SPREAD,86
2019-06-28 11:08:00.000000000,BEST_BID,"JPM,100589,264"
2019-06-28 11:08:00.000000000,BEST_ASK,"JPM,100596,220"
2019-06-28 11:08:00.000000000,LAST_TRADE,"9,$100596.0000"
2019-06-28 11:08:00.000000000,QUERY_SPREAD,87
2019-06-28 11:08:00.000000000,BEST_BID,"JPM,100589,264"
2019-06-28 11:08:00.000000000,BEST_ASK,"JPM,100596,218"
2019-06-28 11:08:00.000000000,LAST_TRADE,"2,$100596.0000"
2019-06-28 11:08:00.000000000,QUERY_SPREAD,88
2019-06-28 11:08:00.000000000,BEST_BID,"JPM,100589,264"
2019-06-28 11:08:00.000000000,BEST_ASK,"JPM,100596,210"
2019-06-28 11:08:00.000000000,LAST_TRADE,"8,$100596.0000"
2019-06-28 11:08:00.000000000,QUERY_SPREAD,89
2019-06-28 11:08:00.000000000,BEST_BID,"JPM,100589,264"
2019-06-28 11:08:00.000000000,BEST_ASK,"JPM,100596,203"
2019-06-28 11:08:00.000000000,LAST_TRADE,"7,$100596.0000"
2019-06-28 11:08:00.000000000,QUERY_SPREAD,90
2019-06-28 11:08:00.000000000,BEST_BID,"JPM,100589,264"
2019-06-28 11:08:00.000000000,BEST_ASK,"JPM,100596,197"
2019-06-28 11:08:00.000000000,LAST_TRADE,"6,$100596.0000"
2019-06-28 11:08:00.000000000,QUERY_SPREAD,91
2019-06-28 11:08:00.000000000,BEST_BID,"JPM,100589,264"
2019-06-28 11:08:00.000000000,BEST_ASK,"JPM,100596,192"
2019-06-28 11:08:00.000000000,LAST_TRADE,"5,$100596.0000"
2019-06-28 11:08:00.000000000,QUERY_SPREAD,92
2019-06-28 11:08:00.000000000,BEST_BID,"JPM,100589,264"
2019-06-28 11:08:00.000000000,BEST_ASK,"JPM,100596,191"
2019-06-28 11:08:00.000000000,LAST_TRADE,"1,$100596.0000"
2019-06-28 11:08:00.000000000,QUERY_SPREAD,93
2019-06-28 11:08:00.000000000,BEST_BID,"JPM,100589,264"
2019-06-28 11:08:00.000000000,BEST_ASK,"JPM,100596,189"
2019-06-28 11:08:00.000000000,LAST_TRADE,"2,$100596.0000"
2019-06-28 11:08:00.000000000,QUERY_SPREAD,94
2019-06-28 11:08:00.000000000,BEST_BID,"JPM,100589,264"
2019-06-28 11:08:00.000000000,BEST_ASK,"JPM,100596,187"
2019-06-28 11:08:00.000000000,LAST_TRADE,"2,$100596.0000"
2019-06-28 11:08:00.000000000,QUERY_SPREAD,95
2019-06-28 11:08:00.000000000,BEST_BID,"JPM,100589,264"
2019-06-28 11:08:00.000000000,BEST_ASK,"JPM,100596,180"
2019-06-28 11:08:00.000000000,LAST_TRADE,"7,$100596.0000"
2019-06-28 11:08:00.000000000,QUERY_SPREAD,96
2019-06-28 11:08:00.000000000,BEST_BID,"JPM,100589,264"
2019-06-28 11:08:00.000000000,BEST_ASK,"JPM,100596,173"
2019-06-28 11:08:00.000000000,LAST_TRADE,"7,$100596.0000"
2019-06-28 11:08:00.000000000,QUERY_SPREAD,97
2019-06-28 11:08:00.000000000,BEST_BID,"JPM,100589,264"
2019-06-28 11:08:00.000000000,BEST_ASK,"JPM,100596,167"
2019-06-28 11:08:00.000000000,LAST_TRADE,"6,$100596.0000"
2019-06-28 11:08:00.000000000,QUERY_SPREAD,98
2019-06-28 11:08:00.000000000,BEST_BID,"JPM,100589,264"
2019-06-28 11:08:00.000000000,BEST_ASK,"JPM,100596,163"
2019-06-28 11:08:00.000000000,LAST_TRADE,"4,$100596.0000"
2019-06-28 11:08:00.000000000,QUERY_SPREAD,99
2019-06-28 11:08:00.000000000,BEST_BID,"JPM,100589,264"
2019-06-28 11:08:00.000000000,BEST_ASK,"JPM,100596,161"
2019-06-28 11:08:00.000000000,LAST_TRADE,"2,$100596.0000"
2019-06-28 11:08:00.000000000,QUERY_SPREAD,100
2019-06-28 11:08:00.000000000,BEST_BID,"JPM,100589,264"
2019-06-28 11:08:00.000000000,BEST_ASK,"JPM,100596,155"
2019-06-28 11:08:00.000000000,LAST_TRADE,"6,$100596.0000"
2019-06-28 11:08:00.000000000,QUERY_SPREAD,101
2019-06-28 11:08:00.000000000,QUERY_ORDER_STREAM,101
2019-06-28 11:08:00.000000000,BEST_BID,"JPM,100589,264"
2019-06-28 11:08:00.000000000,BEST_ASK,"JPM,100596,163"
2019-06-28 11:08:01.353963227,QUERY_SPREAD,46
2019-06-28 11:08:01.353963227,BEST_BID,"JPM,100589,164"
2019-06-28 11:08:01.353963227,BEST_ASK,"JPM,100596,163"
2019-06-28 11:08:01.353963227,LAST_TRADE,"100,$100589.0000"
2019-06-28 11:08:10.000000000,QUERY_SPREAD,1
2019-06-28 11:08:10.000000000,BEST_BID,"JPM,100483,166"
2019-06-28 11:08:10.000000000,BEST_ASK,"JPM,100596,8"
2019-06-28 11:08:10.000000000,BEST_BID,"JPM,100483,166"
2019-06-28 11:08:10.000000000,BEST_ASK,"JPM,100596,8"
2019-06-28 11:08:10.000000000,BEST_BID,"JPM,100483,166"
2019-06-28 11:08:10.000000000,BEST_ASK,"JPM,100596,8"
2019-06-28 11:08:10.000000000,BEST_BID,"JPM,100483,166"
2019-06-28 11:08:10.000000000,BEST_ASK,"JPM,100596,8"
2019-06-28 11:08:10.000000000,BEST_BID,"JPM,100483,166"
2019-06-28 11:08:10.000000000,BEST_ASK,"JPM,100596,8"
2019-06-28 11:08:10.000000000,BEST_BID,"JPM,100483,166"
2019-06-28 11:08:10.000000000,BEST_ASK,"JPM,100596,74"
2019-06-28 11:08:10.000000000,BEST_BID,"JPM,100483,166"
2019-06-28 11:08:10.000000000,BEST_ASK,"JPM,100596,74"
2019-06-28 11:08:10.000000000,BEST_BID,"JPM,100483,166"
2019-06-28 11:08:10.000000000,BEST_ASK,"JPM,100596,74"
2019-06-28 11:08:10.000000000,BEST_BID,"JPM,100483,166"
2019-06-28 11:08:10.000000000,BEST_ASK,"JPM,100596,74"
2019-06-28 11:08:10.000000000,BEST_BID,"JPM,100483,166"
2019-06-28 11:08:10.000000000,BEST_ASK,"JPM,100596,74"
2019-06-28 11:08:19.047819229,QUERY_ORDER_STREAM,69
2019-06-28 11:08:19.047819229,QUERY_SPREAD,69
2019-06-28 11:08:20.000000000,QUERY_SPREAD,1
2019-06-28 11:08:20.000000000,BEST_BID,"JPM,100483,264"
2019-06-28 11:08:20.000000000,BEST_ASK,"JPM,100596,8"
2019-06-28 11:08:20.000000000,BEST_BID,"JPM,100483,264"
2019-06-28 11:08:20.000000000,BEST_ASK,"JPM,100596,8"
2019-06-28 11:08:20.000000000,BEST_BID,"JPM,100483,264"
2019-06-28 11:08:20.000000000,BEST_ASK,"JPM,100596,172"
2019-06-28 11:08:20.000000000,BEST_BID,"JPM,100483,264"
2019-06-28 11:08:20.000000000,BEST_ASK,"JPM,100596,172"
2019-06-28 11:08:22.177024710,QUERY_SPREAD,17
2019-06-28 11:08:22.177024710,BEST_BID,"JPM,100483,264"
2019-06-28 11:08:22.177024710,BEST_ASK,"JPM,100528,100"
2019-06-28 11:08:23.670595397,QUERY_ORDER_STREAM,65
2019-06-28 11:08:23.670595397,QUERY_SPREAD,65
2019-06-28 11:08:23.670595397,BEST_BID,"JPM,100483,264"
2019-06-28 11:08:23.670595397,BEST_ASK,"JPM,100528,100"
2019-06-28 11:08:30.000000000,QUERY_SPREAD,1
2019-06-28 11:08:30.000000000,BEST_BID,"JPM,100483,428"
2019-06-28 11:08:30.000000000,BEST_ASK,"JPM,100528,100"
2019-06-28 11:08:30.000000000,BEST_BID,"JPM,100483,428"
2019-06-28 11:08:30.000000000,BEST_ASK,"JPM,100528,428"
2019-06-28 11:08:40.000000000,QUERY_SPREAD,1
2019-06-28 11:08:40.000000000,BEST_BID,"JPM,100483,264"
2019-06-28 11:08:40.000000000,BEST_ASK,"JPM,100528,100"
2019-06-28 11:08:40.000000000,BEST_BID,"JPM,100483,264"
2019-06-28 11:08:40.000000000,BEST_ASK,"JPM,100528,100"
2019-06-28 11:08:40.000000000,BEST_BID,"JPM,100483,264"
2019-06-28 11:08:40.000000000,BEST_ASK,"JPM,100528,264"
2019-06-28 11:08:40.000000000,BEST_BID,"JPM,100483,264"
2019-06-28 11:08:40.000000000,BEST_ASK,"JPM,100528,264"
2019-06-28 11:08:50.000000000,QUERY_SPREAD,1
2019-06-28 11:08:50.000000000,BEST_BID,"JPM,100483,428"
2019-06-28 11:08:50.000000000,BEST_ASK,"JPM,100528,100"
2019-06-28 11:08:50.000000000,BEST_BID,"JPM,100483,428"
2019-06-28 11:08:50.000000000,BEST_ASK,"JPM,100528,428"
2019-06-28 11:09:00.000000000,QUERY_SPREAD,1
2019-06-28 11:09:00.000000000,BEST_BID,"JPM,100483,182"
2019-06-28 11:09:00.000000000,BEST_ASK,"JPM,100528,100"
2019-06-28 11:09:00.000000000,BEST_BID,"JPM,100483,182"
2019-06-28 11:09:00.000000000,BEST_ASK,"JPM,100528,100"
2019-06-28 11:09:00.000000000,BEST_BID,"JPM,100483,182"
2019-06-28 11:09:00.000000000,BEST_ASK,"JPM,100528,100"
2019-06-28 11:09:00.000000000,BEST_BID,"JPM,100483,182"
2019-06-28 11:09:00.000000000,BEST_ASK,"JPM,100528,100"
2019-06-28 11:09:00.000000000,BEST_BID,"JPM,100483,182"
2019-06-28 11:09:00.000000000,BEST_ASK,"JPM,100528,182"
2019-06-28 11:09:00.000000000,BEST_BID,"JPM,100483,182"
2019-06-28 11:09:00.000000000,BEST_ASK,"JPM,100528,182"
2019-06-28 11:09:00.000000000,BEST_BID,"JPM,100483,182"
2019-06-28 11:09:00.000000000,BEST_ASK,"JPM,100528,182"
2019-06-28 11:09:00.000000000,BEST_BID,"JPM,100483,182"
2019-06-28 11:09:00.000000000,BEST_ASK,"JPM,100528,182"
2019-06-28 11:09:00.000000000,QUERY_SPREAD,77
2019-06-28 11:09:00.000000000,BEST_BID,"JPM,100483,182"
2019-06-28 11:09:00.000000000,BEST_ASK,"JPM,100528,178"
2019-06-28 11:09:00.000000000,LAST_TRADE,"4,$100528.0000"
2019-06-28 11:09:00.000000000,QUERY_SPREAD,78
2019-06-28 11:09:00.000000000,BEST_BID,"JPM,100483,182"
2019-06-28 11:09:00.000000000,BEST_ASK,"JPM,100528,170"
2019-06-28 11:09:00.000000000,LAST_TRADE,"8,$100528.0000"
2019-06-28 11:09:00.000000000,QUERY_SPREAD,79
2019-06-28 11:09:00.000000000,BEST_BID,"JPM,100483,182"
2019-06-28 11:09:00.000000000,BEST_ASK,"JPM,100528,169"
2019-06-28 11:09:00.000000000,LAST_TRADE,"1,$100528.0000"
2019-06-28 11:09:00.000000000,QUERY_SPREAD,80
2019-06-28 11:09:00.000000000,BEST_BID,"JPM,100483,182"
2019-06-28 11:09:00.000000000,BEST_ASK,"JPM,100528,164"
2019-06-28 11:09:00.000000000,LAST_TRADE,"5,$100528.0000"
2019-06-28 11:09:00.000000000,QUERY_SPREAD,81
2019-06-28 11:09:00.000000000,BEST_BID,"JPM,100483,182"
2019-06-28 11:09:00.000000000,BEST_ASK,"JPM,100528,159"
2019-06-28 11:09:00.000000000,LAST_TRADE,"5,$100528.0000"
2019-06-28 11:09:00.000000000,QUERY_SPREAD,82
2019-06-28 11:09:00.000000000,BEST_BID,"JPM,100483,182"
2019-06-28 11:09:00.000000000,BEST_ASK,"JPM,100528,153"
2019-06-28 11:09:00.000000000,LAST_TRADE,"6,$100528.0000"
2019-06-28 11:09:00.000000000,QUERY_SPREAD,83
2019-06-28 11:09:00.000000000,BEST_BID,"JPM,100483,182"
2019-06-28 11:09:00.000000000,BEST_ASK,"JPM,100528,149"
2019-06-28 11:09:00.000000000,LAST_TRADE,"4,$100528.0000"
2019-06-28 11:09:00.000000000,QUERY_SPREAD,84
2019-06-28 11:09:00.000000000,BEST_BID,"JPM,100483,182"
2019-06-28 11:09:00.000000000,BEST_ASK,"JPM,100528,144"
2019-06-28 11:09:00.000000000,LAST_TRADE,"5,$100528.0000"
2019-06-28 11:09:00.000000000,QUERY_SPREAD,85
2019-06-28 11:09:00.000000000,BEST_BID,"JPM,100483,182"
2019-06-28 11:09:00.000000000,BEST_ASK,"JPM,100528,139"
2019-06-28 11:09:00.000000000,LAST_TRADE,"5,$100528.0000"
2019-06-28 11:09:00.000000000,QUERY_SPREAD,86
2019-06-28 11:09:00.000000000,BEST_BID,"JPM,100483,182"
2019-06-28 11:09:00.000000000,BEST_ASK,"JPM,100528,130"
2019-06-28 11:09:00.000000000,LAST_TRADE,"9,$100528.0000"
2019-06-28 11:09:00.000000000,QUERY_SPREAD,87
2019-06-28 11:09:00.000000000,BEST_BID,"JPM,100483,182"
2019-06-28 11:09:00.000000000,BEST_ASK,"JPM,100528,128"
2019-06-28 11:09:00.000000000,LAST_TRADE,"2,$100528.0000"
2019-06-28 11:09:00.000000000,QUERY_SPREAD,88
2019-06-28 11:09:00.000000000,BEST_BID,"JPM,100483,182"
2019-06-28 11:09:00.000000000,BEST_ASK,"JPM,100528,120"
2019-06-28 11:09:00.000000000,LAST_TRADE,"8,$100528.0000"
2019-06-28 11:09:00.000000000,QUERY_SPREAD,89
2019-06-28 11:09:00.000000000,BEST_BID,"JPM,100483,182"
2019-06-28 11:09:00.000000000,BEST_ASK,"JPM,100528,113"
2019-06-28 11:09:00.000000000,LAST_TRADE,"7,$100528.0000"
2019-06-28 11:09:00.000000000,QUERY_SPREAD,90
2019-06-28 11:09:00.000000000,BEST_BID,"JPM,100483,182"
2019-06-28 11:09:00.000000000,BEST_ASK,"JPM,100528,107"
2019-06-28 11:09:00.000000000,LAST_TRADE,"6,$100528.0000"
2019-06-28 11:09:00.000000000,QUERY_SPREAD,91
2019-06-28 11:09:00.000000000,BEST_BID,"JPM,100483,182"
2019-06-28 11:09:00.000000000,BEST_ASK,"JPM,100528,102"
2019-06-28 11:09:00.000000000,LAST_TRADE,"5,$100528.0000"
2019-06-28 11:09:00.000000000,QUERY_SPREAD,92
2019-06-28 11:09:00.000000000,BEST_BID,"JPM,100483,182"
2019-06-28 11:09:00.000000000,BEST_ASK,"JPM,100528,101"
2019-06-28 11:09:00.000000000,LAST_TRADE,"1,$100528.0000"
2019-06-28 11:09:00.000000000,QUERY_SPREAD,93
2019-06-28 11:09:00.000000000,BEST_BID,"JPM,100483,182"
2019-06-28 11:09:00.000000000,BEST_ASK,"JPM,100528,99"
2019-06-28 11:09:00.000000000,LAST_TRADE,"2,$100528.0000"
2019-06-28 11:09:00.000000000,QUERY_SPREAD,94
2019-06-28 11:09:00.000000000,BEST_BID,"JPM,100483,182"
2019-06-28 11:09:00.000000000,BEST_ASK,"JPM,100528,97"
2019-06-28 11:09:00.000000000,LAST_TRADE,"2,$100528.0000"
2019-06-28 11:09:00.000000000,QUERY_SPREAD,95
2019-06-28 11:09:00.000000000,BEST_BID,"JPM,100483,182"
2019-06-28 11:09:00.000000000,BEST_ASK,"JPM,100528,90"
2019-06-28 11:09:00.000000000,LAST_TRADE,"7,$100528.0000"
2019-06-28 11:09:00.000000000,QUERY_SPREAD,96
2019-06-28 11:09:00.000000000,BEST_BID,"JPM,100483,182"
2019-06-28 11:09:00.000000000,BEST_ASK,"JPM,100528,83"
2019-06-28 11:09:00.000000000,LAST_TRADE,"7,$100528.0000"
2019-06-28 11:09:00.000000000,QUERY_SPREAD,97
2019-06-28 11:09:00.000000000,BEST_BID,"JPM,100483,182"
2019-06-28 11:09:00.000000000,BEST_ASK,"JPM,100528,77"
2019-06-28 11:09:00.000000000,LAST_TRADE,"6,$100528.0000"
2019-06-28 11:09:00.000000000,QUERY_SPREAD,98
2019-06-28 11:09:00.000000000,BEST_BID,"JPM,100483,182"
2019-06-28 11:09:00.000000000,BEST_ASK,"JPM,100528,73"
2019-06-28 11:09:00.000000000,LAST_TRADE,"4,$100528.0000"
2019-06-28 11:09:00.000000000,QUERY_SPREAD,99
2019-06-28 11:09:00.000000000,BEST_BID,"JPM,100483,182"
2019-06-28 11:09:00.000000000,BEST_ASK,"JPM,100528,71"
2019-06-28 11:09:00.000000000,LAST_TRADE,"2,$100528.0000"
2019-06-28 11:09:00.000000000,QUERY_SPREAD,100
2019-06-28 11:09:00.000000000,BEST_BID,"JPM,100483,182"
2019-06-28 11:09:00.000000000,BEST_ASK,"JPM,100528,65"
2019-06-28 11:09:00.000000000,LAST_TRADE,"6,$100528.0000"
2019-06-28 11:09:00.000000000,QUERY_SPREAD,101
2019-06-28 11:09:00.000000000,QUERY_ORDER_STREAM,101
2019-06-28 11:09:00.000000000,BEST_BID,"JPM,100483,182"
2019-06-28 11:09:00.000000000,BEST_ASK,"JPM,100528,73"
2019-06-28 11:09:00.656623211,QUERY_SPREAD,15
2019-06-28 11:09:00.656623211,BEST_BID,"JPM,100483,182"
2019-06-28 11:09:00.656623211,BEST_ASK,"JPM,100528,73"
2019-06-28 11:09:10.000000000,QUERY_SPREAD,1
2019-06-28 11:09:10.000000000,BEST_BID,"JPM,100483,212"
2019-06-28 11:09:10.000000000,BEST_ASK,"JPM,100528,8"
2019-06-28 11:09:10.000000000,BEST_BID,"JPM,100483,212"
2019-06-28 11:09:10.000000000,BEST_ASK,"JPM,100528,8"
2019-06-28 11:09:10.000000000,BEST_BID,"JPM,100483,212"
2019-06-28 11:09:10.000000000,BEST_ASK,"JPM,100528,8"
2019-06-28 11:09:10.000000000,BEST_BID,"JPM,100483,212"
2019-06-28 11:09:10.000000000,BEST_ASK,"JPM,100528,120"
2019-06-28 11:09:10.000000000,BEST_BID,"JPM,100483,212"
2019-06-28 11:09:10.000000000,BEST_ASK,"JPM,100528,120"
2019-06-28 11:09:10.000000000,BEST_BID,"JPM,100483,212"
2019-06-28 11:09:10.000000000,BEST_ASK,"JPM,100528,120"
2019-06-28 11:09:20.000000000,QUERY_SPREAD,1
2019-06-28 11:09:20.000000000,BEST_BID,"JPM,100483,264"
2019-06-28 11:09:20.000000000,BEST_ASK,"JPM,100528,8"
2019-06-28 11:09:20.000000000,BEST_BID,"JPM,100483,264"
2019-06-28 11:09:20.000000000,BEST_ASK,"JPM,100528,8"
2019-06-28 11:09:20.000000000,BEST_BID,"JPM,100483,264"
2019-06-28 11:09:20.000000000,BEST_ASK,"JPM,100528,172"
2019-06-28 11:09:20.000000000,BEST_BID,"JPM,100483,264"
2019-06-28 11:09:20.000000000,BEST_ASK,"JPM,100528,172"
2019-06-28 11:09:20.287201113,QUERY_SPREAD,46
2019-06-28 11:09:20.287201113,BEST_BID,"JPM,100483,264"
2019-06-28 11:09:20.287201113,BEST_ASK,"JPM,100528,172"
2019-06-28 11:09:30.000000000,QUERY_SPREAD,1
2019-06-28 11:09:30.000000000,BEST_BID,"JPM,100483,428"
2019-06-28 11:09:30.000000000,BEST_ASK,"JPM,100528,8"
2019-06-28 11:09:30.000000000,BEST_BID,"JPM,100483,428"
2019-06-28 11:09:30.000000000,BEST_ASK,"JPM,100528,336"
2019-06-28 11:09:40.000000000,QUERY_SPREAD,1
2019-06-28 11:09:40.000000000,BEST_BID,"JPM,100483,212"
2019-06-28 11:09:40.000000000,BEST_ASK,"JPM,100528,8"
2019-06-28 11:09:40.000000000,BEST_BID,"JPM,100483,212"
2019-06-28 11:09:40.000000000,BEST_ASK,"JPM,100528,8"
2019-06-28 11:09:40.000000000,BEST_BID,"JPM,100483,212"
2019-06-28 11:09:40.000000000,BEST_ASK,"JPM,100528,8"
2019-06-28 11:09:40.000000000,BEST_BID,"JPM,100483,212"
2019-06-28 11:09:40.000000000,BEST_ASK,"JPM,100528,120"
2019-06-28 11:09:40.000000000,BEST_BID,"JPM,100483,212"
2019-06-28 11:09:40.000000000,BEST_ASK,"JPM,100528,120"
2019-06-28 11:09:40.000000000,BEST_BID,"JPM,100483,212"
2019-06-28 11:09:40.000000000,BEST_ASK,"JPM,100528,120"
2019-06-28 11:09:49.190364509,QUERY_ORDER_STREAM,59
2019-06-28 11:09:49.190364509,QUERY_SPREAD,59
2019-06-28 11:09:49.190364509,BEST_BID,"JPM,100483,212"
2019-06-28 11:09:49.190364509,BEST_ASK,"JPM,100528,220"
2019-06-28 11:09:50.000000000,QUERY_SPREAD,1
2019-06-28 11:09:50.000000000,BEST_BID,"JPM,100483,212"
2019-06-28 11:09:50.000000000,BEST_ASK,"JPM,100528,108"
2019-06-28 11:09:50.000000000,BEST_BID,"JPM,100483,212"
2019-06-28 11:09:50.000000000,BEST_ASK,"JPM,100528,108"
2019-06-28 11:09:50.000000000,BEST_BID,"JPM,100483,212"
2019-06-28 11:09:50.000000000,BEST_ASK,"JPM,100528,108"
2019-06-28 11:09:50.000000000,BEST_BID,"JPM,100483,212"
2019-06-28 11:09:50.000000000,BEST_ASK,"JPM,100528,220"
2019-06-28 11:09:50.000000000,BEST_BID,"JPM,100483,212"
2019-06-28 11:09:50.000000000,BEST_ASK,"JPM,100528,220"
2019-06-28 11:09:50.000000000,BEST_BID,"JPM,100483,212"
2019-06-28 11:09:50.000000000,BEST_ASK,"JPM,100528,220"
2019-06-28 11:10:00.000000000,QUERY_SPREAD,1
2019-06-28 11:10:00.000000000,BEST_BID,"JPM,100483,212"
2019-06-28 11:10:00.000000000,BEST_ASK,"JPM,100528,108"
2019-06-28 11:10:00.000000000,BEST_BID,"JPM,100483,212"
2019-06-28 11:10:00.000000000,BEST_ASK,"JPM,100528,108"
2019-06-28 11:10:00.000000000,BEST_BID,"JPM,100483,212"
2019-06-28 11:10:00.000000000,BEST_ASK,"JPM,100528,108"
2019-06-28 11:10:00.000000000,BEST_BID,"JPM,100483,212"
2019-06-28 11:10:00.000000000,BEST_ASK,"JPM,100528,220"
2019-06-28 11:10:00.000000000,BEST_BID,"JPM,100483,212"
2019-06-28 11:10:00.000000000,BEST_ASK,"JPM,100528,220"
2019-06-28 11:10:00.000000000,BEST_BID,"JPM,100483,212"
2019-06-28 11:10:00.000000000,BEST_ASK,"JPM,100528,220"
2019-06-28 11:10:00.000000000,QUERY_SPREAD,77
2019-06-28 11:10:00.000000000,BEST_BID,"JPM,100483,212"
2019-06-28 11:10:00.000000000,BEST_ASK,"JPM,100528,216"
2019-06-28 11:10:00.000000000,LAST_TRADE,"4,$100528.0000"
2019-06-28 11:10:00.000000000,QUERY_SPREAD,78
2019-06-28 11:10:00.000000000,BEST_BID,"JPM,100483,212"
2019-06-28 11:10:00.000000000,BEST_ASK,"JPM,100528,208"
2019-06-28 11:10:00.000000000,LAST_TRADE,"8,$100528.0000"
2019-06-28 11:10:00.000000000,QUERY_SPREAD,79
2019-06-28 11:10:00.000000000,BEST_BID,"JPM,100483,212"
2019-06-28 11:10:00.000000000,BEST_ASK,"JPM,100528,207"
2019-06-28 11:10:00.000000000,LAST_TRADE,"1,$100528.0000"
2019-06-28 11:10:00.000000000,QUERY_SPREAD,80
2019-06-28 11:10:00.000000000,BEST_BID,"JPM,100483,212"
2019-06-28 11:10:00.000000000,BEST_ASK,"JPM,100528,202"
2019-06-28 11:10:00.000000000,LAST_TRADE,"5,$100528.0000"
2019-06-28 11:10:00.000000000,QUERY_SPREAD,81
2019-06-28 11:10:00.000000000,BEST_BID,"JPM,100483,212"
2019-06-28 11:10:00.000000000,BEST_ASK,"JPM,100528,197"
2019-06-28 11:10:00.000000000,LAST_TRADE,"5,$100528.0000"
2019-06-28 11:10:00.000000000,QUERY_SPREAD,82
2019-06-28 11:10:00.000000000,BEST_BID,"JPM,100483,212"
2019-06-28 11:10:00.000000000,BEST_ASK,"JPM,100528,191"
2019-06-28 11:10:00.000000000,LAST_TRADE,"6,$100528.0000"
2019-06-28 11:10:00.000000000,QUERY_SPREAD,83
2019-06-28 11:10:00.000000000,BEST_BID,"JPM,100483,212"
2019-06-28 11:10:00.000000000,BEST_ASK,"JPM,100528,187"
2019-06-28 11:10:00.000000000,LAST_TRADE,"4,$100528.0000"
2019-06-28 11:10:00.000000000,QUERY_SPREAD,84
2019-06-28 11:10:00.000000000,BEST_BID,"JPM,100483,212"
2019-06-28 11:10:00.000000000,BEST_ASK,"JPM,100528,182"
2019-06-28 11:10:00.000000000,LAST_TRADE,"5,$100528.0000"
2019-06-28 11:10:00.000000000,QUERY_SPREAD,85
2019-06-28 11:10:00.000000000,BEST_BID,"JPM,100483,212"
2019-06-28 11:10:00.000000000,BEST_ASK,"JPM,100528,177"
2019-06-28 11:10:00.000000000,LAST_TRADE,"5,$100528.0000"
2019-06-28 11:10:00.000000000,QUERY_SPREAD,86
2019-06-28 11:10:00.000000000,BEST_BID,"JPM,100483,212"
2019-06-28 11:10:00.000000000,BEST_ASK,"JPM,100528,168"
2019-06-28 11:10:00.000000000,LAST_TRADE,"9,$100528.0000"
2019-06-28 11:10:00.000000000,QUERY_SPREAD,87
2019-06-28 11:10:00.000000000,BEST_BID,"JPM,100483,212"
2019-06-28 11:10:00.000000000,BEST_ASK,"JPM,100528,166"
2019-06-28 11:10:00.000000000,LAST_TRADE,"2,$100528.0000"
2019-06-28 11:10:00.000000000,QUERY_SPREAD,88
2019-06-28 11:10:00.000000000,BEST_BID,"JPM,100483,212"
2019-06-28 11:10:00.000000000,BEST_ASK,"JPM,100528,158"
2019-06-28 11:10:00.000000000,LAST_TRADE,"8,$100528.0000"
2019-06-28 11:10:00.000000000,QUERY_SPREAD,89
2019-06-28 11:10:00.000000000,BEST_BID,"JPM,100483,212"
2019-06-28 11:10:00.000000000,BEST_ASK,"JPM,100528,151"
2019-06-28 11:10:00.000000000,LAST_TRADE,"7,$100528.0000"
2019-06-28 11:10:00.000000000,QUERY_SPREAD,90
2019-06-28 11:10:00.000000000,BEST_BID,"JPM,100483,212"
2019-06-28 11:10:00.000000000,BEST_ASK,"JPM,100528,145"
2019-06-28 11:10:00.000000000,LAST_TRADE,"6,$100528.0000"
2019-06-28 11:10:00.000000000,QUERY_SPREAD,91
2019-06-28 11:10:00.000000000,BEST_BID,"JPM,100483,212"
2019-06-28 11:10:00.000000000,BEST_ASK,"JPM,100528,140"
2019-06-28 11:10:00.000000000,LAST_TRADE,"5,$100528.0000"
2019-06-28 11:10:00.000000000,QUERY_SPREAD,92
2019-06-28 11:10:00.000000000,BEST_BID,"JPM,100483,212"
2019-06-28 11:10:00.000000000,BEST_ASK,"JPM,100528,139"
2019-06-28 11:10:00.000000000,LAST_TRADE,"1,$100528.0000"
2019-06-28 11:10:00.000000000,QUERY_SPREAD,93
2019-06-28 11:10:00.000000000,BEST_BID,"JPM,100483,212"
2019-06-28 11:10:00.000000000,BEST_ASK,"JPM,100528,137"
2019-06-28 11:10:00.000000000,LAST_TRADE,"2,$100528.0000"
2019-06-28 11:10:00.000000000,QUERY_SPREAD,94
2019-06-28 11:10:00.000000000,BEST_BID,"JPM,100483,212"
2019-06-28 11:10:00.000000000,BEST_ASK,"JPM,100528,135"
2019-06-28 11:10:00.000000000,LAST_TRADE,"2,$100528.0000"
2019-06-28 11:10:00.000000000,QUERY_SPREAD,95
2019-06-28 11:10:00.000000000,BEST_BID,"JPM,100483,212"
2019-06-28 11:10:00.000000000,BEST_ASK,"JPM,100528,128"
2019-06-28 11:10:00.000000000,LAST_TRADE,"7,$100528.0000"
2019-06-28 11:10:00.000000000,QUERY_SPREAD,96
2019-06-28 11:10:00.000000000,BEST_BID,"JPM,100483,212"
2019-06-28 11:10:00.000000000,BEST_ASK,"JPM,100528,121"
2019-06-28 11:10:00.000000000,LAST_TRADE,"7,$100528.0000"
2019-06-28 11:10:00.000000000,QUERY_SPREAD,97
2019-06-28 11:10:00.000000000,BEST_BID,"JPM,100483,212"
2019-06-28 11:10:00.000000000,BEST_ASK,"JPM,100528,115"
2019-06-28 11:10:00.000000000,LAST_TRADE,"6,$100528.0000"
2019-06-28 11:10:00.000000000,QUERY_SPREAD,98
2019-06-28 11:10:00.000000000,BEST_BID,"JPM,100483,212"
2019-06-28 11:10:00.000000000,BEST_ASK,"JPM,100528,111"
2019-06-28 11:10:00.000000000,LAST_TRADE,"4,$100528.0000"
2019-06-28 11:10:00.000000000,QUERY_SPREAD,99
2019-06-28 11:10:00.000000000,BEST_BID,"JPM,100483,212"
2019-06-28 11:10:00.000000000,BEST_ASK,"JPM,100528,109"
2019-06-28 11:10:00.000000000,LAST_TRADE,"2,$100528.0000"
2019-06-28 11:10:00.000000000,QUERY_SPREAD,100
2019-06-28 11:10:00.000000000,BEST_BID,"JPM,100483,212"
2019-06-28 11:10:00.000000000,BEST_ASK,"JPM,100528,103"
2019-06-28 11:10:00.000000000,LAST_TRADE,"6,$100528.0000"
2019-06-28 11:10:00.000000000,QUERY_SPREAD,101
2019-06-28 11:10:00.000000000,QUERY_ORDER_STREAM,101
2019-06-28 11:10:00.000000000,BEST_BID,"JPM,100483,212"
2019-06-28 11:10:00.000000000,BEST_ASK,"JPM,100528,111"
2019-06-28 11:10:01.473264381,QUERY_SPREAD,27
2019-06-28 11:10:01.473264381,BEST_BID,"JPM,100483,112"
2019-06-28 11:10:01.473264381,BEST_ASK,"JPM,100528,111"
2019-06-28 11:10:01.473264381,LAST_TRADE,"100,$100483.0000"
2019-06-28 11:10:10.000000000,QUERY_SPREAD,1
2019-06-28 11:10:10.000000000,BEST_BID,"JPM,100428,428"
2019-06-28 11:10:10.000000000,BEST_ASK,"JPM,100528,8"
2019-06-28 11:10:10.000000000,BEST_BID,"JPM,100428,428"
2019-06-28 11:10:10.000000000,BEST_ASK,"JPM,100528,336"
2019-06-28 11:10:14.049672700,QUERY_SPREAD,18
2019-06-28 11:10:14.049672700,BEST_BID,"JPM,100428,328"
2019-06-28 11:10:14.049672700,BEST_ASK,"JPM,100528,336"
2019-06-28 11:10:14.049672700,LAST_TRADE,"100,$100428.0000"
2019-06-28 11:10:17.945207949,QUERY_SPREAD,31
2019-06-28 11:10:17.945207949,BEST_BID,"JPM,100428,328"
2019-06-28 11:10:17.945207949,BEST_ASK,"JPM,100528,336"
2019-06-28 11:10:20.000000000,QUERY_SPREAD,1
2019-06-28 11:10:20.000000000,BEST_BID,"JPM,100345,264"
2019-06-28 11:10:20.000000000,BEST_ASK,"JPM,100528,8"
2019-06-28 11:10:20.000000000,BEST_BID,"JPM,100345,264"
2019-06-28 11:10:20.000000000,BEST_ASK,"JPM,100528,8"
2019-06-28 11:10:20.000000000,BEST_BID,"JPM,100345,264"
2019-06-28 11:10:20.000000000,BEST_ASK,"JPM,100528,172"
2019-06-28 11:10:20.000000000,BEST_BID,"JPM,100345,264"
2019-06-28 11:10:20.000000000,BEST_ASK,"JPM,100528,172"
2019-06-28 11:10:30.000000000,QUERY_SPREAD,1
2019-06-28 11:10:30.000000000,BEST_BID,"JPM,100345,212"
2019-06-28 11:10:30.000000000,BEST_ASK,"JPM,100528,8"
2019-06-28 11:10:30.000000000,BEST_BID,"JPM,100345,212"
2019-06-28 11:10:30.000000000,BEST_ASK,"JPM,100528,8"
2019-06-28 11:10:30.000000000,BEST_BID,"JPM,100345,212"
2019-06-28 11:10:30.000000000,BEST_ASK,"JPM,100528,8"
2019-06-28 11:10:30.000000000,BEST_BID,"JPM,100345,212"
2019-06-28 11:10:30.000000000,BEST_ASK,"JPM,100528,120"
2019-06-28 11:10:30.000000000,BEST_BID,"JPM,100345,212"
2019-06-28 11:10:30.000000000,BEST_ASK,"JPM,100528,120"
2019-06-28 11:10:30.000000000,BEST_BID,"JPM,100345,212"
2019-06-28 11:10:30.000000000,BEST_ASK,"JPM,100528,120"
2019-06-28 11:10:40.000000000,QUERY_SPREAD,1
2019-06-28 11:10:40.000000000,BEST_BID,"JPM,100345,264"
2019-06-28 11:10:40.000000000,BEST_ASK,"JPM,100528,8"
2019-06-28 11:10:40.000000000,BEST_BID,"JPM,100345,264"
2019-06-28 11:10:40.000000000,BEST_ASK,"JPM,100528,8"
2019-06-28 11:10:40.000000000,BEST_BID,"JPM,100345,264"
2019-06-28 11:10:40.000000000,BEST_ASK,"JPM,100528,172"
2019-06-28 11:10:40.000000000,BEST_BID,"JPM,100345,264"
2019-06-28 11:10:40.000000000,BEST_ASK,"JPM,100528,172"
2019-06-28 11:10:42.124538759,QUERY_ORDER_STREAM,76
2019-06-28 11:10:42.124538759,QUERY_SPREAD,76
2019-06-28 11:10:42.124538759,BEST_BID,"JPM,100345,264"
2019-06-28 11:10:42.124538759,BEST_ASK,"JPM,100483,100"
2019-06-28 11:10:50.000000000,QUERY_SPREAD,1
2019-06-28 11:10:50.000000000,BEST_BID,"JPM,100345,166"
2019-06-28 11:10:50.000000000,BEST_ASK,"JPM,100483,100"
2019-06-28 11:10:50.000000000,BEST_BID,"JPM,100345,166"
2019-06-28 11:10:50.000000000,BEST_ASK,"JPM,100483,100"
2019-06-28 11:10:50.000000000,BEST_BID,"JPM,100345,166"
2019-06-28 11:10:50.000000000,BEST_ASK,"JPM,100483,100"
2019-06-28 11:10:50.000000000,BEST_BID,"JPM,100345,166"
2019-06-28 11:10:50.000000000,BEST_ASK,"JPM,100483,100"
2019-06-28 11:10:50.000000000,BEST_BID,"JPM,100345,166"
2019-06-28 11:10:50.000000000,BEST_ASK,"JPM,100483,100"
2019-06-28 11:10:50.000000000,BEST_BID,"JPM,100345,166"
2019-06-28 11:10:50.000000000,BEST_ASK,"JPM,100483,166"
2019-06-28 11:10:50.000000000,BEST_BID,"JPM,100345,166"
2019-06-28 11:10:50.000000000,BEST_ASK,"JPM,100483,166"
2019-06-28 11:10:50.000000000,BEST_BID,"JPM,100345,166"
2019-06-28 11:10:50.000000000,BEST_ASK,"JPM,100483,166"
2019-06-28 11:10:50.000000000,BEST_BID,"JPM,100345,166"
2019-06-28 11:10:50.000000000,BEST_ASK,"JPM,100483,166"
2019-06-28 11:10:50.000000000,BEST_BID,"JPM,100345,166"
2019-06-28 11:10:50.000000000,BEST_ASK,"JPM,100483,166"
2019-06-28 11:11:00.000000000,QUERY_SPREAD,1
2019-06-28 11:11:00.000000000,BEST_BID,"JPM,100345,428"
2019-06-28 11:11:00.000000000,BEST_ASK,"JPM,100483,100"
2019-06-28 11:11:00.000000000,BEST_BID,"JPM,100345,428"
2019-06-28 11:11:00.000000000,BEST_ASK,"JPM,100483,428"
2019-06-28 11:11:00.000000000,QUERY_SPREAD,77
2019-06-28 11:11:00.000000000,BEST_BID,"JPM,100345,428"
2019-06-28 11:11:00.000000000,BEST_ASK,"JPM,100483,424"
2019-06-28 11:11:00.000000000,LAST_TRADE,"4,$100483.0000"
2019-06-28 11:11:00.000000000,QUERY_SPREAD,78
2019-06-28 11:11:00.000000000,BEST_BID,"JPM,100345,428"
2019-06-28 11:11:00.000000000,BEST_ASK,"JPM,100483,416"
2019-06-28 11:11:00.000000000,LAST_TRADE,"8,$100483.0000"
2019-06-28 11:11:00.000000000,QUERY_SPREAD,79
2019-06-28 11:11:00.000000000,BEST_BID,"JPM,100345,428"
2019-06-28 11:11:00.000000000,BEST_ASK,"JPM,100483,415"
2019-06-28 11:11:00.000000000,LAST_TRADE,"1,$100483.0000"
2019-06-28 11:11:00.000000000,QUERY_SPREAD,80
2019-06-28 11:11:00.000000000,BEST_BID,"JPM,100345,428"
2019-06-28 11:11:00.000000000,BEST_ASK,"JPM,100483,410"
2019-06-28 11:11:00.000000000,LAST_TRADE,"5,$100483.0000"
2019-06-28 11:11:00.000000000,QUERY_SPREAD,81
2019-06-28 11:11:00.000000000,BEST_BID,"JPM,100345,428"
2019-06-28 11:11:00.000000000,BEST_ASK,"JPM,100483,405"
2019-06-28 11:11:00.000000000,LAST_TRADE,"5,$100483.0000"
2019-06-28 11:11:00.000000000,QUERY_SPREAD,82
2019-06-28 11:11:00.000000000,BEST_BID,"JPM,100345,428"
2019-06-28 11:11:00.000000000,BEST_ASK,"JPM,100483,399"
2019-06-28 11:11:00.000000000,LAST_TRADE,"6,$100483.0000"
2019-06-28 11:11:00.000000000,QUERY_SPREAD,83
2019-06-28 11:11:00.000000000,BEST_BID,"JPM,100345,428"
2019-06-28 11:11:00.000000000,BEST_ASK,"JPM,100483,395"
2019-06-28 11:11:00.000000000,LAST_TRADE,"4,$100483.0000"
2019-06-28 11:11:00.000000000,QUERY_SPREAD,84
2019-06-28 11:11:00.000000000,BEST_BID,"JPM,100345,428"
2019-06-28 11:11:00.000000000,BEST_ASK,"JPM,100483,390"
2019-06-28 11:11:00.000000000,LAST_TRADE,"5,$100483.0000"
2019-06-28 11:11:00.000000000,QUERY_SPREAD,85
2019-06-28 11:11:00.000000000,BEST_BID,"JPM,100345,428"
2019-06-28 11:11:00.000000000,BEST_ASK,"JPM,100483,385"
2019-06-28 11:11:00.000000000,LAST_TRADE,"5,$100483.0000"
2019-06-28 11:11:00.000000000,QUERY_SPREAD,86
2019-06-28 11:11:00.000000000,BEST_BID,"JPM,100345,428"
2019-06-28 11:11:00.000000000,BEST_ASK,"JPM,100483,376"
2019-06-28 11:11:00.000000000,LAST_TRADE,"9,$100483.0000"
2019-06-28 11:11:00.000000000,QUERY_SPREAD,87
2019-06-28 11:11:00.000000000,BEST_BID,"JPM,100345,428"
2019-06-28 11:11:00.000000000,BEST_ASK,"JPM,100483,374"
2019-06-28 11:11:00.000000000,LAST_TRADE,"2,$100483.0000"
2019-06-28 11:11:00.000000000,QUERY_SPREAD,88
2019-06-28 11:11:00.000000000,BEST_BID,"JPM,100345,428"
2019-06-28 11:11:00.000000000,BEST_ASK,"JPM,100483,366"
2019-06-28 11:11:00.000000000,LAST_TRADE,"8,$100483.0000"
2019-06-28 11:11:00.000000000,QUERY_SPREAD,89
2019-06-28 11:11:00.000000000,BEST_BID,"JPM,100345,428"
2019-06-28 11:11:00.000000000,BEST_ASK,"JPM,100483,359"
2019-06-28 11:11:00.000000000,LAST_TRADE,"7,$100483.0000"
2019-06-28 11:11:00.000000000,QUERY_SPREAD,90
2019-06-28 11:11:00.000000000,BEST_BID,"JPM,100345,428"
2019-06-28 11:11:00.000000000,BEST_ASK,"JPM,100483,353"
2019-06-28 11:11:00.000000000,LAST_TRADE,"6,$100483.0000"
2019-06-28 11:11:00.000000000,QUERY_SPREAD,91
2019-06-28 11:11:00.000000000,BEST_BID,"JPM,100345,428"
2019-06-28 11:11:00.000000000,BEST_ASK,"JPM,100483,348"
2019-06-28 11:11:00.000000000,LAST_TRADE,"5,$100483.0000"
2019-06-28 11:11:00.000000000,QUERY_SPREAD,92
2019-06-28 11:11:00.000000000,BEST_BID,"JPM,100345,428"
2019-06-28 11:11:00.000000000,BEST_ASK,"JPM,100483,347"
2019-06-28 11:11:00.000000000,LAST_TRADE,"1,$100483.0000"
2019-06-28 11:11:00.000000000,QUERY_SPREAD,93
2019-06-28 11:11:00.000000000,BEST_BID,"JPM,100345,428"
2019-06-28 11:11:00.000000000,BEST_ASK,"JPM,100483,345"
2019-06-28 11:11:00.000000000,LAST_TRADE,"2,$100483.0000"
2019-06-28 11:11:00.000000000,QUERY_SPREAD,94
2019-06-28 11:11:00.000000000,BEST_BID,"JPM,100345,428"
2019-06-28 11:11:00.000000000,BEST_ASK,"JPM,100483,343"
2019-06-28 11:11:00.000000000,LAST_TRADE,"2,$100483.0000"
2019-06-28 11:11:00.000000000,QUERY_SPREAD,95
2019-06-28 11:11:00.000000000,BEST_BID,"JPM,100345,428"
2019-06-28 11:11:00.000000000,BEST_ASK,"JPM,100483,336"
2019-06-28 11:11:00.000000000,LAST_TRADE,"7,$100483.0000"
2019-06-28 11:11:00.000000000,QUERY_SPREAD,96
2019-06-28 11:11:00.000000000,BEST_BID,"JPM,100345,428"
2019-06-28 11:11:00.000000000,BEST_ASK,"JPM,100483,329"
2019-06-28 11:11:00.000000000,LAST_TRADE,"7,$100483.0000"
2019-06-28 11:11:00.000000000,QUERY_SPREAD,97
2019-06-28 11:11:00.000000000,BEST_BID,"JPM,100345,428"
2019-06-28 11:11:00.000000000,BEST_ASK,"JPM,100483,323"
2019-06-28 11:11:00.000000000,LAST_TRADE,"6,$100483.0000"
2019-06-28 11:11:00.000000000,QUERY_SPREAD,98
2019-06-28 11:11:00.000000000,BEST_BID,"JPM,100345,428"
2019-06-28 11:11:00.000000000,BEST_ASK,"JPM,100483,319"
2019-06-28 11:11:00.000000000,LAST_TRADE,"4,$100483.0000"
2019-06-28 11:11:00.000000000,QUERY_SPREAD,99
2019-06-28 11:11:00.000000000,BEST_BID,"JPM,100345,428"
2019-06-28 11:11:00.000000000,BEST_ASK,"JPM,100483,317"
2019-06-28 11:11:00.000000000,LAST_TRADE,"2,$100483.0000"
2019-06-28 11:11:00.000000000,QUERY_SPREAD,100
2019-06-28 11:11:00.000000000,BEST_BID,"JPM,100345,428"
2019-06-28 11:11:00.000000000,BEST_ASK,"JPM,100483,311"
2019-06-28 11:11:00.000000000,LAST_TRADE,"6,$100483.0000"
2019-06-28 11:11:00.000000000,QUERY_SPREAD,101
2019-06-28 11:11:00.000000000,QUERY_ORDER_STREAM,101
2019-06-28 11:11:06.533179131,QUERY_SPREAD,43
2019-06-28 11:11:06.533179131,BEST_BID,"JPM,100345,428"
2019-06-28 11:11:06.533179131,BEST_ASK,"JPM,100483,311"
2019-06-28 11:11:10.000000000,QUERY_SPREAD,1
2019-06-28 11:11:10.000000000,BEST_BID,"JPM,100345,428"
2019-06-28 11:11:10.000000000,BEST_ASK,"JPM,100528,8"
2019-06-28 11:11:10.000000000,BEST_BID,"JPM,100345,428"
2019-06-28 11:11:10.000000000,BEST_ASK,"JPM,100528,336"
2019-06-28 11:11:16.278328054,QUERY_ORDER_STREAM,66
2019-06-28 11:11:16.278328054,QUERY_SPREAD,66
2019-06-28 11:11:20.000000000,QUERY_SPREAD,1
2019-06-28 11:11:20.000000000,BEST_BID,"JPM,100345,428"
2019-06-28 11:11:20.000000000,BEST_ASK,"JPM,100528,8"
2019-06-28 11:11:20.000000000,BEST_BID,"JPM,100345,428"
2019-06-28 11:11:20.000000000,BEST_ASK,"JPM,100528,336"
2019-06-28 11:11:23.488963979,QUERY_ORDER_STREAM,65
2019-06-28 11:11:23.488963979,QUERY_SPREAD,65
2019-06-28 11:11:23.488963979,BEST_BID,"JPM,100345,428"
2019-06-28 11:11:23.488963979,BEST_ASK,"JPM,100483,100"
2019-06-28 11:11:30.000000000,QUERY_SPREAD,1
2019-06-28 11:11:30.000000000,BEST_BID,"JPM,100345,264"
2019-06-28 11:11:30.000000000,BEST_ASK,"JPM,100483,100"
2019-06-28 11:11:30.000000000,BEST_BID,"JPM,100345,264"
2019-06-28 11:11:30.000000000,BEST_ASK,"JPM,100483,100"
2019-06-28 11:11:30.000000000,BEST_BID,"JPM,100345,264"
2019-06-28 11:11:30.000000000,BEST_ASK,"JPM,100483,264"
2019-06-28 11:11:30.000000000,BEST_BID,"JPM,100345,264"
2019-06-28 11:11:30.000000000,BEST_ASK,"JPM,100483,264"
2019-06-28 11:11:40.000000000,QUERY_SPREAD,1
2019-06-28 11:11:40.000000000,BEST_BID,"JPM,100345,212"
2019-06-28 11:11:40.000000000,BEST_ASK,"JPM,100483,100"
2019-06-28 11:11:40.000000000,BEST_BID,"JPM,100345,212"
2019-06-28 11:11:40.000000000,BEST_ASK,"JPM,100483,100"
2019-06-28 11:11:40.000000000,BEST_BID,"JPM,100345,212"
2019-06-28 11:11:40.000000000,BEST_ASK,"JPM,100483,100"
2019-06-28 11:11:40.000000000,BEST_BID,"JPM,100345,212"
2019-06-28 11:11:40.000000000,BEST_ASK,"JPM,100483,212"
2019-06-28 11:11:40.000000000,BEST_BID,"JPM,100345,212"
2019-06-28 11:11:40.000000000,BEST_ASK,"JPM,100483,212"
2019-06-28 11:11:40.000000000,BEST_BID,"JPM,100345,212"
2019-06-28 11:11:40.000000000,BEST_ASK,"JPM,100483,212"
2019-06-28 11:11:48.822418531,QUERY_ORDER_STREAM,62
2019-06-28 11:11:48.822418531,QUERY_SPREAD,62
2019-06-28 11:11:48.822418531,BEST_BID,"JPM,100345,212"
2019-06-28 11:11:48.822418531,BEST_ASK,"JPM,100483,312"
2019-06-28 11:11:50.000000000,QUERY_SPREAD,1
2019-06-28 11:11:50.000000000,BEST_BID,"JPM,100345,428"
2019-06-28 11:11:50.000000000,BEST_ASK,"JPM,100483,200"
2019-06-28 11:11:50.000000000,BEST_BID,"JPM,100345,428"
2019-06-28 11:11:50.000000000,BEST_ASK,"JPM,100483,528"
2019-06-28 11:11:54.756113921,QUERY_ORDER_STREAM,71
2019-06-28 11:11:54.756113921,QUERY_SPREAD,71
2019-06-28 11:12:00.000000000,QUERY_SPREAD,1
2019-06-28 11:12:00.000000000,BEST_BID,"JPM,100345,212"
2019-06-28 11:12:00.000000000,BEST_ASK,"JPM,100483,200"
2019-06-28 11:12:00.000000000,BEST_BID,"JPM,100345,212"
2019-06-28 11:12:00.000000000,BEST_ASK,"JPM,100483,200"
2019-06-28 11:12:00.000000000,BEST_BID,"JPM,100345,212"
2019-06-28 11:12:00.000000000,BEST_ASK,"JPM,100483,200"
2019-06-28 11:12:00.000000000,BEST_BID,"JPM,100345,212"
2019-06-28 11:12:00.000000000,BEST_ASK,"JPM,100483,312"
2019-06-28 11:12:00.000000000,BEST_BID,"JPM,100345,212"
2019-06-28 11:12:00.000000000,BEST_ASK,"JPM,100483,312"
2019-06-28 11:12:00.000000000,BEST_BID,"JPM,100345,212"
2019-06-28 11:12:00.000000000,BEST_ASK,"JPM,100483,312"
2019-06-28 11:12:00.000000000,QUERY_SPREAD,77
2019-06-28 11:12:00.000000000,BEST_BID,"JPM,100345,212"
2019-06-28 11:12:00.000000000,BEST_ASK,"JPM,100483,308"
2019-06-28 11:12:00.000000000,LAST_TRADE,"4,$100483.0000"
2019-06-28 11:12:00.000000000,QUERY_SPREAD,78
2019-06-28 11:12:00.000000000,BEST_BID,"JPM,100345,212"
2019-06-28 11:12:00.000000000,BEST_ASK,"JPM,100483,300"
2019-06-28 11:12:00.000000000,LAST_TRADE,"8,$100483.0000"
2019-06-28 11:12:00.000000000,QUERY_SPREAD,79
2019-06-28 11:12:00.000000000,BEST_BID,"JPM,100345,212"
2019-06-28 11:12:00.000000000,BEST_ASK,"JPM,100483,299"
2019-06-28 11:12:00.000000000,LAST_TRADE,"1,$100483.0000"
2019-06-28 11:12:00.000000000,QUERY_SPREAD,80
2019-06-28 11:12:00.000000000,BEST_BID,"JPM,100345,212"
2019-06-28 11:12:00.000000000,BEST_ASK,"JPM,100483,294"
2019-06-28 11:12:00.000000000,LAST_TRADE,"5,$100483.0000"
2019-06-28 11:12:00.000000000,QUERY_SPREAD,81
2019-06-28 11:12:00.000000000,BEST_BID,"JPM,100345,212"
2019-06-28 11:12:00.000000000,BEST_ASK,"JPM,100483,289"
2019-06-28 11:12:00.000000000,LAST_TRADE,"5,$100483.0000"
2019-06-28 11:12:00.000000000,QUERY_SPREAD,82
2019-06-28 11:12:00.000000000,BEST_BID,"JPM,100345,212"
2019-06-28 11:12:00.000000000,BEST_ASK,"JPM,100483,283"
2019-06-28 11:12:00.000000000,LAST_TRADE,"6,$100483.0000"
2019-06-28 11:12:00.000000000,QUERY_SPREAD,83
2019-06-28 11:12:00.000000000,BEST_BID,"JPM,100345,212"
2019-06-28 11:12:00.000000000,BEST_ASK,"JPM,100483,279"
2019-06-28 11:12:00.000000000,LAST_TRADE,"4,$100483.0000"
2019-06-28 11:12:00.000000000,QUERY_SPREAD,84
2019-06-28 11:12:00.000000000,BEST_BID,"JPM,100345,212"
2019-06-28 11:12:00.000000000,BEST_ASK,"JPM,100483,274"
2019-06-28 11:12:00.000000000,LAST_TRADE,"5,$100483.0000"
2019-06-28 11:12:00.000000000,QUERY_SPREAD,85
2019-06-28 11:12:00.000000000,BEST_BID,"JPM,100345,212"
2019-06-28 11:12:00.000000000,BEST_ASK,"JPM,100483,269"
2019-06-28 11:12:00.000000000,LAST_TRADE,"5,$100483.0000"
2019-06-28 11:12:00.000000000,QUERY_SPREAD,86
2019-06-28 11:12:00.000000000,BEST_BID,"JPM,100345,212"
2019-06-28 11:12:00.000000000,BEST_ASK,"JPM,100483,260"
2019-06-28 11:12:00.000000000,LAST_TRADE,"9,$100483.0000"
2019-06-28 11:12:00.000000000,QUERY_SPREAD,87
2019-06-28 11:12:00.000000000,BEST_BID,"JPM,100345,212"
2019-06-28 11:12:00.000000000,BEST_ASK,"JPM,100483,258"
2019-06-28 11:12:00.000000000,LAST_TRADE,"2,$100483.0000"
2019-06-28 11:12:00.000000000,QUERY_SPREAD,88
2019-06-28 11:12:00.000000000,BEST_BID,"JPM,100345,212"
2019-06-28 11:12:00.000000000,BEST_ASK,"JPM,100483,250"
2019-06-28 11:12:00.000000000,LAST_TRADE,"8,$100483.0000"
2019-06-28 11:12:00.000000000,QUERY_SPREAD,89
2019-06-28 11:12:00.000000000,BEST_BID,"JPM,100345,212"
2019-06-28 11:12:00.000000000,BEST_ASK,"JPM,100483,243"
2019-06-28 11:12:00.000000000,LAST_TRADE,"7,$100483.0000"
2019-06-28 11:12:00.000000000,QUERY_SPREAD,90
2019-06-28 11:12:00.000000000,BEST_BID,"JPM,100345,212"
2019-06-28 11:12:00.000000000,BEST_ASK,"JPM,100483,237"
2019-06-28 11:12:00.000000000,LAST_TRADE,"6,$100483.0000"
2019-06-28 11:12:00.000000000,QUERY_SPREAD,91
2019-06-28 11:12:00.000000000,BEST_BID,"JPM,100345,212"
2019-06-28 11:12:00.000000000,BEST_ASK,"JPM,100483,232"
2019-06-28 11:12:00.000000000,LAST_TRADE,"5,$100483.0000"
2019-06-28 11:12:00.000000000,QUERY_SPREAD,92
2019-06-28 11:12:00.000000000,BEST_BID,"JPM,100345,212"
2019-06-28 11:12:00.000000000,BEST_ASK,"JPM,100483,231"
2019-06-28 11:12:00.000000000,LAST_TRADE,"1,$100483.0000"
2019-06-28 11:12:00.000000000,QUERY_SPREAD,93
2019-06-28 11:12:00.000000000,BEST_BID,"JPM,100345,212"
2019-06-28 11:12:00.000000000,BEST_ASK,"JPM,100483,229"
2019-06-28 11:12:00.000000000,LAST_TRADE,"2,$100483.0000"
2019-06-28 11:12:00.000000000,QUERY_SPREAD,94
2019-06-28 11:12:00.000000000,BEST_BID,"JPM,100345,212"
2019-06-28 11:12:00.000000000,BEST_ASK,"JPM,100483,227"
2019-06-28 11:12:00.000000000,LAST_TRADE,"2,$100483.0000"
2019-06-28 11:12:00.000000000,QUERY_SPREAD,95
2019-06-28 11:12:00.000000000,BEST_BID,"JPM,100345,212"
2019-06-28 11:12:00.000000000,BEST_ASK,"JPM,100483,220"
2019-06-28 11:12:00.000000000,LAST_TRADE,"7,$100483.0000"
2019-06-28 11:12:00.000000000,QUERY_SPREAD,96
2019-06-28 11:12:00.000000000,BEST_BID,"JPM,100345,212"
2019-06-28 11:12:00.000000000,BEST_ASK,"JPM,100483,213"
2019-06-28 11:12:00.000000000,LAST_TRADE,"7,$100483.0000"
2019-06-28 11:12:00.000000000,QUERY_SPREAD,97
2019-06-28 11:12:00.000000000,BEST_BID,"JPM,100345,212"
2019-06-28 11:12:00.000000000,BEST_ASK,"JPM,100483,207"
2019-06-28 11:12:00.000000000,LAST_TRADE,"6,$100483.0000"
2019-06-28 11:12:00.000000000,QUERY_SPREAD,98
2019-06-28 11:12:00.000000000,BEST_BID,"JPM,100345,212"
2019-06-28 11:12:00.000000000,BEST_ASK,"JPM,100483,203"
2019-06-28 11:12:00.000000000,LAST_TRADE,"4,$100483.0000"
2019-06-28 11:12:00.000000000,QUERY_SPREAD,99
2019-06-28 11:12:00.000000000,BEST_BID,"JPM,100345,212"
2019-06-28 11:12:00.000000000,BEST_ASK,"JPM,100483,201"
2019-06-28 11:12:00.000000000,LAST_TRADE,"2,$100483.0000"
2019-06-28 11:12:00.000000000,QUERY_SPREAD,100
2019-06-28 11:12:00.000000000,BEST_BID,"JPM,100345,212"
2019-06-28 11:12:00.000000000,BEST_ASK,"JPM,100483,195"
2019-06-28 11:12:00.000000000,LAST_TRADE,"6,$100483.0000"
2019-06-28 11:12:00.000000000,QUERY_SPREAD,101
2019-06-28 11:12:00.000000000,QUERY_ORDER_STREAM,101
2019-06-28 11:12:10.000000000,QUERY_SPREAD,1
2019-06-28 11:12:10.000000000,BEST_BID,"JPM,100345,428"
2019-06-28 11:12:10.000000000,BEST_ASK,"JPM,100483,83"
2019-06-28 11:12:10.000000000,BEST_BID,"JPM,100345,428"
2019-06-28 11:12:10.000000000,BEST_ASK,"JPM,100483,411"
2019-06-28 11:12:17.486235353,QUERY_ORDER_STREAM,52
2019-06-28 11:12:17.486235353,QUERY_SPREAD,52
2019-06-28 11:12:17.486235353,BEST_BID,"JPM,100345,428"
2019-06-28 11:12:17.486235353,BEST_ASK,"JPM,100483,511"
2019-06-28 11:12:18.862088628,QUERY_SPREAD,47
2019-06-28 11:12:18.862088628,BEST_BID,"JPM,100345,428"
2019-06-28 11:12:18.862088628,BEST_ASK,"JPM,100483,511"
2019-06-28 11:12:20.000000000,QUERY_SPREAD,1
2019-06-28 11:12:20.000000000,BEST_BID,"JPM,100345,166"
2019-06-28 11:12:20.000000000,BEST_ASK,"JPM,100483,183"
2019-06-28 11:12:20.000000000,BEST_BID,"JPM,100345,166"
2019-06-28 11:12:20.000000000,BEST_ASK,"JPM,100483,183"
2019-06-28 11:12:20.000000000,BEST_BID,"JPM,100345,166"
2019-06-28 11:12:20.000000000,BEST_ASK,"JPM,100483,183"
2019-06-28 11:12:20.000000000,BEST_BID,"JPM,100345,166"
2019-06-28 11:12:20.000000000,BEST_ASK,"JPM,100483,183"
2019-06-28 11:12:20.000000000,BEST_BID,"JPM,100345,166"
2019-06-28 11:12:20.000000000,BEST_ASK,"JPM,100483,183"
2019-06-28 11:12:20.000000000,BEST_BID,"JPM,100345,166"
2019-06-28 11:12:20.000000000,BEST_ASK,"JPM,100483,249"
2019-06-28 11:12:20.000000000,BEST_BID,"JPM,100345,166"
2019-06-28 11:12:20.000000000,BEST_ASK,"JPM,100483,249"
2019-06-28 11:12:20.000000000,BEST_BID,"JPM,100345,166"
2019-06-28 11:12:20.000000000,BEST_ASK,"JPM,100483,249"
2019-06-28 11:12:20.000000000,BEST_BID,"JPM,100345,166"
2019-06-28 11:12:20.000000000,BEST_ASK,"JPM,100483,249"
2019-06-28 11:12:20.000000000,BEST_BID,"JPM,100345,166"
2019-06-28 11:12:20.000000000,BEST_ASK,"JPM,100483,249"
2019-06-28 11:12:24.039952645,QUERY_ORDER_STREAM,56
2019-06-28 11:12:24.039952645,QUERY_SPREAD,56
2019-06-28 11:12:30.000000000,QUERY_SPREAD,1
2019-06-28 11:12:30.000000000,BEST_BID,"JPM,100345,166"
2019-06-28 11:12:30.000000000,BEST_ASK,"JPM,100483,183"
2019-06-28 11:12:30.000000000,BEST_BID,"JPM,100345,166"
2019-06-28 11:12:30.000000000,BEST_ASK,"JPM,100483,183"
2019-06-28 11:12:30.000000000,BEST_BID,"JPM,100345,166"
2019-06-28 11:12:30.000000000,BEST_ASK,"JPM,100483,183"
2019-06-28 11:12:30.000000000,BEST_BID,"JPM,100345,166"
2019-06-28 11:12:30.000000000,BEST_ASK,"JPM,100483,183"
2019-06-28 11:12:30.000000000,BEST_BID,"JPM,100345,166"
2019-06-28 11:12:30.000000000,BEST_ASK,"JPM,100483,183"
2019-06-28 11:12:30.000000000,BEST_BID,"JPM,100345,166"
2019-06-28 11:12:30.000000000,BEST_ASK,"JPM,100483,249"
2019-06-28 11:12:30.000000000,BEST_BID,"JPM,100345,166"
2019-06-28 11:12:30.000000000,BEST_ASK,"JPM,100483,249"
2019-06-28 11:12:30.000000000,BEST_BID,"JPM,100345,166"
2019-06-28 11:12:30.000000000,BEST_ASK,"JPM,100483,249"
2019-06-28 11:12:30.000000000,BEST_BID,"JPM,100345,166"
2019-06-28 11:12:30.000000000,BEST_ASK,"JPM,100483,249"
2019-06-28 11:12:30.000000000,BEST_BID,"JPM,100345,166"
2019-06-28 11:12:30.000000000,BEST_ASK,"JPM,100483,249"
2019-06-28 11:12:40.000000000,QUERY_SPREAD,1
2019-06-28 11:12:40.000000000,BEST_BID,"JPM,100345,428"
2019-06-28 11:12:40.000000000,BEST_ASK,"JPM,100483,183"
2019-06-28 11:12:40.000000000,BEST_BID,"JPM,100345,428"
2019-06-28 11:12:40.000000000,BEST_ASK,"JPM,100483,511"
2019-06-28 11:12:41.669159717,QUERY_SPREAD,7
2019-06-28 11:12:41.669159717,BEST_BID,"JPM,100345,428"
2019-06-28 11:12:41.669159717,BEST_ASK,"JPM,100483,511"
2019-06-28 11:12:50.000000000,QUERY_SPREAD,1
2019-06-28 11:12:50.000000000,BEST_BID,"JPM,100345,166"
2019-06-28 11:12:50.000000000,BEST_ASK,"JPM,100483,183"
2019-06-28 11:12:50.000000000,BEST_BID,"JPM,100345,166"
2019-06-28 11:12:50.000000000,BEST_ASK,"JPM,100483,183"
2019-06-28 11:12:50.000000000,BEST_BID,"JPM,100345,166"
2019-06-28 11:12:50.000000000,BEST_ASK,"JPM,100483,183"
2019-06-28 11:12:50.000000000,BEST_BID,"JPM,100345,166"
2019-06-28 11:12:50.000000000,BEST_ASK,"JPM,100483,183"
2019-06-28 11:12:50.000000000,BEST_BID,"JPM,100345,166"
2019-06-28 11:12:50.000000000,BEST_ASK,"JPM,100483,183"
2019-06-28 11:12:50.000000000,BEST_BID,"JPM,100345,166"
2019-06-28 11:12:50.000000000,BEST_ASK,"JPM,100483,249"
2019-06-28 11:12:50.000000000,BEST_BID,"JPM,100345,166"
2019-06-28 11:12:50.000000000,BEST_ASK,"JPM,100483,249"
2019-06-28 11:12:50.000000000,BEST_BID,"JPM,100345,166"
2019-06-28 11:12:50.000000000,BEST_ASK,"JPM,100483,249"
2019-06-28 11:12:50.000000000,BEST_BID,"JPM,100345,166"
2019-06-28 11:12:50.000000000,BEST_ASK,"JPM,100483,249"
2019-06-28 11:12:50.000000000,BEST_BID,"JPM,100345,166"
2019-06-28 11:12:50.000000000,BEST_ASK,"JPM,100483,249"
2019-06-28 11:13:00.000000000,QUERY_SPREAD,1
2019-06-28 11:13:00.000000000,BEST_BID,"JPM,100345,166"
2019-06-28 11:13:00.000000000,BEST_ASK,"JPM,100483,183"
2019-06-28 11:13:00.000000000,BEST_BID,"JPM,100345,166"
2019-06-28 11:13:00.000000000,BEST_ASK,"JPM,100483,183"
2019-06-28 11:13:00.000000000,BEST_BID,"JPM,100345,166"
2019-06-28 11:13:00.000000000,BEST_ASK,"JPM,100483,183"
2019-06-28 11:13:00.000000000,BEST_BID,"JPM,100345,166"
2019-06-28 11:13:00.000000000,BEST_ASK,"JPM,100483,183"
2019-06-28 11:13:00.000000000,BEST_BID,"JPM,100345,166"
2019-06-28 11:13:00.000000000,BEST_ASK,"JPM,100483,183"
2019-06-28 11:13:00.000000000,BEST_BID,"JPM,100345,166"
2019-06-28 11:13:00.000000000,BEST_ASK,"JPM,100483,249"
2019-06-28 11:13:00.000000000,BEST_BID,"JPM,100345,166"
2019-06-28 11:13:00.000000000,BEST_ASK,"JPM,100483,249"
2019-06-28 11:13:00.000000000,BEST_BID,"JPM,100345,166"
2019-06-28 11:13:00.000000000,BEST_ASK,"JPM,100483,249"
2019-06-28 11:13:00.000000000,BEST_BID,"JPM,100345,166"
2019-06-28 11:13:00.000000000,BEST_ASK,"JPM,100483,249"
2019-06-28 11:13:00.000000000,BEST_BID,"JPM,100345,166"
2019-06-28 11:13:00.000000000,BEST_ASK,"JPM,100483,249"
2019-06-28 11:13:00.000000000,QUERY_SPREAD,77
2019-06-28 11:13:00.000000000,BEST_BID,"JPM,100345,166"
2019-06-28 11:13:00.000000000,BEST_ASK,"JPM,100483,245"
2019-06-28 11:13:00.000000000,LAST_TRADE,"4,$100483.0000"
2019-06-28 11:13:00.000000000,QUERY_SPREAD,78
2019-06-28 11:13:00.000000000,BEST_BID,"JPM,100345,166"
2019-06-28 11:13:00.000000000,BEST_ASK,"JPM,100483,237"
2019-06-28 11:13:00.000000000,LAST_TRADE,"8,$100483.0000"
2019-06-28 11:13:00.000000000,QUERY_SPREAD,79
2019-06-28 11:13:00.000000000,BEST_BID,"JPM,100345,166"
2019-06-28 11:13:00.000000000,BEST_ASK,"JPM,100483,236"
2019-06-28 11:13:00.000000000,LAST_TRADE,"1,$100483.0000"
2019-06-28 11:13:00.000000000,QUERY_SPREAD,80
2019-06-28 11:13:00.000000000,BEST_BID,"JPM,100345,166"
2019-06-28 11:13:00.000000000,BEST_ASK,"JPM,100483,231"
2019-06-28 11:13:00.000000000,LAST_TRADE,"5,$100483.0000"
2019-06-28 11:13:00.000000000,QUERY_SPREAD,81
2019-06-28 11:13:00.000000000,BEST_BID,"JPM,100345,166"
2019-06-28 11:13:00.000000000,BEST_ASK,"JPM,100483,226"
2019-06-28 11:13:00.000000000,LAST_TRADE,"5,$100483.0000"
2019-06-28 11:13:00.000000000,QUERY_SPREAD,82
2019-06-28 11:13:00.000000000,BEST_BID,"JPM,100345,166"
2019-06-28 11:13:00.000000000,BEST_ASK,"JPM,100483,220"
2019-06-28 11:13:00.000000000,LAST_TRADE,"6,$100483.0000"
2019-06-28 11:13:00.000000000,QUERY_SPREAD,83
2019-06-28 11:13:00.000000000,BEST_BID,"JPM,100345,166"
2019-06-28 11:13:00.000000000,BEST_ASK,"JPM,100483,216"
2019-06-28 11:13:00.000000000,LAST_TRADE,"4,$100483.0000"
2019-06-28 11:13:00.000000000,QUERY_SPREAD,84
2019-06-28 11:13:00.000000000,BEST_BID,"JPM,100345,166"
2019-06-28 11:13:00.000000000,BEST_ASK,"JPM,100483,211"
2019-06-28 11:13:00.000000000,LAST_TRADE,"5,$100483.0000"
2019-06-28 11:13:00.000000000,QUERY_SPREAD,85
2019-06-28 11:13:00.000000000,BEST_BID,"JPM,100345,166"
2019-06-28 11:13:00.000000000,BEST_ASK,"JPM,100483,206"
2019-06-28 11:13:00.000000000,LAST_TRADE,"5,$100483.0000"
2019-06-28 11:13:00.000000000,QUERY_SPREAD,86
2019-06-28 11:13:00.000000000,BEST_BID,"JPM,100345,166"
2019-06-28 11:13:00.000000000,BEST_ASK,"JPM,100483,197"
2019-06-28 11:13:00.000000000,LAST_TRADE,"9,$100483.0000"
2019-06-28 11:13:00.000000000,QUERY_SPREAD,87
2019-06-28 11:13:00.000000000,BEST_BID,"JPM,100345,166"
2019-06-28 11:13:00.000000000,BEST_ASK,"JPM,100483,195"
2019-06-28 11:13:00.000000000,LAST_TRADE,"2,$100483.0000"
2019-06-28 11:13:00.000000000,QUERY_SPREAD,88
2019-06-28 11:13:00.000000000,BEST_BID,"JPM,100345,166"
2019-06-28 11:13:00.000000000,BEST_ASK,"JPM,100483,187"
2019-06-28 11:13:00.000000000,LAST_TRADE,"8,$100483.0000"
2019-06-28 11:13:00.000000000,QUERY_SPREAD,89
2019-06-28 11:13:00.000000000,BEST_BID,"JPM,100345,166"
2019-06-28 11:13:00.000000000,BEST_ASK,"JPM,100483,180"
2019-06-28 11:13:00.000000000,LAST_TRADE,"7,$100483.0000"
2019-06-28 11:13:00.000000000,QUERY_SPREAD,90
2019-06-28 11:13:00.000000000,BEST_BID,"JPM,100345,166"
2019-06-28 11:13:00.000000000,BEST_ASK,"JPM,100483,174"
2019-06-28 11:13:00.000000000,LAST_TRADE,"6,$100483.0000"
2019-06-28 11:13:00.000000000,QUERY_SPREAD,91
2019-06-28 11:13:00.000000000,BEST_BID,"JPM,100345,166"
2019-06-28 11:13:00.000000000,BEST_ASK,"JPM,100483,169"
2019-06-28 11:13:00.000000000,LAST_TRADE,"5,$100483.0000"
2019-06-28 11:13:00.000000000,QUERY_SPREAD,92
2019-06-28 11:13:00.000000000,BEST_BID,"JPM,100345,166"
2019-06-28 11:13:00.000000000,BEST_ASK,"JPM,100483,168"
2019-06-28 11:13:00.000000000,LAST_TRADE,"1,$100483.0000"
2019-06-28 11:13:00.000000000,QUERY_SPREAD,93
2019-06-28 11:13:00.000000000,BEST_BID,"JPM,100345,166"
2019-06-28 11:13:00.000000000,BEST_ASK,"JPM,100483,166"
2019-06-28 11:13:00.000000000,LAST_TRADE,"2,$100483.0000"
2019-06-28 11:13:00.000000000,QUERY_SPREAD,94
2019-06-28 11:13:00.000000000,BEST_BID,"JPM,100345,166"
2019-06-28 11:13:00.000000000,BEST_ASK,"JPM,100483,164"
2019-06-28 11:13:00.000000000,LAST_TRADE,"2,$100483.0000"
2019-06-28 11:13:00.000000000,QUERY_SPREAD,95
2019-06-28 11:13:00.000000000,BEST_BID,"JPM,100345,166"
2019-06-28 11:13:00.000000000,BEST_ASK,"JPM,100483,157"
2019-06-28 11:13:00.000000000,LAST_TRADE,"7,$100483.0000"
2019-06-28 11:13:00.000000000,QUERY_SPREAD,96
2019-06-28 11:13:00.000000000,BEST_BID,"JPM,100345,166"
2019-06-28 11:13:00.000000000,BEST_ASK,"JPM,100483,150"
2019-06-28 11:13:00.000000000,LAST_TRADE,"7,$100483.0000"
2019-06-28 11:13:00.000000000,QUERY_SPREAD,97
2019-06-28 11:13:00.000000000,BEST_BID,"JPM,100345,166"
2019-06-28 11:13:00.000000000,BEST_ASK,"JPM,100483,144"
2019-06-28 11:13:00.000000000,LAST_TRADE,"6,$100483.0000"
2019-06-28 11:13:00.000000000,QUERY_SPREAD,98
2019-06-28 11:13:00.000000000,BEST_BID,"JPM,100345,166"
2019-06-28 11:13:00.000000000,BEST_ASK,"JPM,100483,140"
2019-06-28 11:13:00.000000000,LAST_TRADE,"4,$100483.0000"
2019-06-28 11:13:00.000000000,QUERY_SPREAD,99
2019-06-28 11:13:00.000000000,BEST_BID,"JPM,100345,166"
2019-06-28 11:13:00.000000000,BEST_ASK,"JPM,100483,138"
2019-06-28 11:13:00.000000000,LAST_TRADE,"2,$100483.0000"
2019-06-28 11:13:00.000000000,QUERY_SPREAD,100
2019-06-28 11:13:00.000000000,BEST_BID,"JPM,100345,166"
2019-06-28 11:13:00.000000000,BEST_ASK,"JPM,100483,132"
2019-06-28 11:13:00.000000000,LAST_TRADE,"6,$100483.0000"
2019-06-28 11:13:00.000000000,QUERY_SPREAD,101
2019-06-28 11:13:00.000000000,QUERY_ORDER_STREAM,101
2019-06-28 11:13:10.000000000,QUERY_SPREAD,1
2019-06-28 11:13:10.000000000,BEST_BID,"JPM,100345,166"
2019-06-28 11:13:10.000000000,BEST_ASK,"JPM,100483,66"
2019-06-28 11:13:10.000000000,BEST_BID,"JPM,100345,166"
2019-06-28 11:13:10.000000000,BEST_ASK,"JPM,100483,66"
2019-06-28 11:13:10.000000000,BEST_BID,"JPM,100345,166"
2019-06-28 11:13:10.000000000,BEST_ASK,"JPM,100483,66"
2019-06-28 11:13:10.000000000,BEST_BID,"JPM,100345,166"
2019-06-28 11:13:10.000000000,BEST_ASK,"JPM,100483,66"
2019-06-28 11:13:10.000000000,BEST_BID,"JPM,100345,166"
2019-06-28 11:13:10.000000000,BEST_ASK,"JPM,100483,66"
2019-06-28 11:13:10.000000000,BEST_BID,"JPM,100345,166"
2019-06-28 11:13:10.000000000,BEST_ASK,"JPM,100483,132"
2019-06-28 11:13:10.000000000,BEST_BID,"JPM,100345,166"
2019-06-28 11:13:10.000000000,BEST_ASK,"JPM,100483,132"
2019-06-28 11:13:10.000000000,BEST_BID,"JPM,100345,166"
2019-06-28 11:13:10.000000000,BEST_ASK,"JPM,100483,132"
2019-06-28 11:13:10.000000000,BEST_BID,"JPM,100345,166"
2019-06-28 11:13:10.000000000,BEST_ASK,"JPM,100483,132"
2019-06-28 11:13:10.000000000,BEST_BID,"JPM,100345,166"
2019-06-28 11:13:10.000000000,BEST_ASK,"JPM,100483,132"
2019-06-28 11:13:20.000000000,QUERY_SPREAD,1
2019-06-28 11:13:20.000000000,BEST_BID,"JPM,100345,166"
2019-06-28 11:13:20.000000000,BEST_ASK,"JPM,100483,66"
2019-06-28 11:13:20.000000000,BEST_BID,"JPM,100345,166"
2019-06-28 11:13:20.000000000,BEST_ASK,"JPM,100483,66"
2019-06-28 11:13:20.000000000,BEST_BID,"JPM,100345,166"
2019-06-28 11:13:20.000000000,BEST_ASK,"JPM,100483,66"
2019-06-28 11:13:20.000000000,BEST_BID,"JPM,100345,166"
2019-06-28 11:13:20.000000000,BEST_ASK,"JPM,100483,66"
2019-06-28 11:13:20.000000000,BEST_BID,"JPM,100345,166"
2019-06-28 11:13:20.000000000,BEST_ASK,"JPM,100483,66"
2019-06-28 11:13:20.000000000,BEST_BID,"JPM,100345,166"
2019-06-28 11:13:20.000000000,BEST_ASK,"JPM,100483,132"
2019-06-28 11:13:20.000000000,BEST_BID,"JPM,100345,166"
2019-06-28 11:13:20.000000000,BEST_ASK,"JPM,100483,132"
2019-06-28 11:13:20.000000000,BEST_BID,"JPM,100345,166"
2019-06-28 11:13:20.000000000,BEST_ASK,"JPM,100483,132"
2019-06-28 11:13:20.000000000,BEST_BID,"JPM,100345,166"
2019-06-28 11:13:20.000000000,BEST_ASK,"JPM,100483,132"
2019-06-28 11:13:20.000000000,BEST_BID,"JPM,100345,166"
2019-06-28 11:13:20.000000000,BEST_ASK,"JPM,100483,132"
2019-06-28 11:13:24.407273917,QUERY_ORDER_STREAM,75
2019-06-28 11:13:24.407273917,QUERY_SPREAD,75
2019-06-28 11:13:24.407273917,BEST_BID,"JPM,100345,166"
2019-06-28 11:13:24.407273917,BEST_ASK,"JPM,100483,232"
2019-06-28 11:13:27.047909066,QUERY_SPREAD,18
2019-06-28 11:13:27.047909066,BEST_BID,"JPM,100345,166"
2019-06-28 11:13:27.047909066,BEST_ASK,"JPM,100483,232"
2019-06-28 11:13:30.000000000,QUERY_SPREAD,1
2019-06-28 11:13:30.000000000,BEST_BID,"JPM,100345,166"
2019-06-28 11:13:30.000000000,BEST_ASK,"JPM,100483,166"
2019-06-28 11:13:30.000000000,BEST_BID,"JPM,100345,166"
2019-06-28 11:13:30.000000000,BEST_ASK,"JPM,100483,166"
2019-06-28 11:13:30.000000000,BEST_BID,"JPM,100345,166"
2019-06-28 11:13:30.000000000,BEST_ASK,"JPM,100483,166"
2019-06-28 11:13:30.000000000,BEST_BID,"JPM,100345,166"
2019-06-28 11:13:30.000000000,BEST_ASK,"JPM,100483,166"
2019-06-28 11:13:30.000000000,BEST_BID,"JPM,100345,166"
2019-06-28 11:13:30.000000000,BEST_ASK,"JPM,100483,166"
2019-06-28 11:13:30.000000000,BEST_BID,"JPM,100345,166"
2019-06-28 11:13:30.000000000,BEST_ASK,"JPM,100483,232"
2019-06-28 11:13:30.000000000,BEST_BID,"JPM,100345,166"
2019-06-28 11:13:30.000000000,BEST_ASK,"JPM,100483,232"
2019-06-28 11:13:30.000000000,BEST_BID,"JPM,100345,166"
2019-06-28 11:13:30.000000000,BEST_ASK,"JPM,100483,232"
2019-06-28 11:13:30.000000000,BEST_BID,"JPM,100345,166"
2019-06-28 11:13:30.000000000,BEST_ASK,"JPM,100483,232"
2019-06-28 11:13:30.000000000,BEST_BID,"JPM,100345,166"
2019-06-28 11:13:30.000000000,BEST_ASK,"JPM,100483,232"
2019-06-28 11:13:40.000000000,QUERY_SPREAD,1
2019-06-28 11:13:40.000000000,BEST_BID,"JPM,100345,166"
2019-06-28 11:13:40.000000000,BEST_ASK,"JPM,100483,166"
2019-06-28 11:13:40.000000000,BEST_BID,"JPM,100345,166"
2019-06-28 11:13:40.000000000,BEST_ASK,"JPM,100483,166"
2019-06-28 11:13:40.000000000,BEST_BID,"JPM,100345,166"
2019-06-28 11:13:40.000000000,BEST_ASK,"JPM,100483,166"
2019-06-28 11:13:40.000000000,BEST_BID,"JPM,100345,166"
2019-06-28 11:13:40.000000000,BEST_ASK,"JPM,100483,166"
2019-06-28 11:13:40.000000000,BEST_BID,"JPM,100345,166"
2019-06-28 11:13:40.000000000,BEST_ASK,"JPM,100483,166"
2019-06-28 11:13:40.000000000,BEST_BID,"JPM,100345,166"
2019-06-28 11:13:40.000000000,BEST_ASK,"JPM,100483,232"
2019-06-28 11:13:40.000000000,BEST_BID,"JPM,100345,166"
2019-06-28 11:13:40.000000000,BEST_ASK,"JPM,100483,232"
2019-06-28 11:13:40.000000000,BEST_BID,"JPM,100345,166"
2019-06-28 11:13:40.000000000,BEST_ASK,"JPM,100483,232"
2019-06-28 11:13:40.000000000,BEST_BID,"JPM,100345,166"
2019-06-28 11:13:40.000000000,BEST_ASK,"JPM,100483,232"
2019-06-28 11:13:40.000000000,BEST_BID,"JPM,100345,166"
2019-06-28 11:13:40.000000000,BEST_ASK,"JPM,100483,232"
2019-06-28 11:13:50.000000000,QUERY_SPREAD,1
2019-06-28 11:13:50.000000000,BEST_BID,"JPM,100345,264"
2019-06-28 11:13:50.000000000,BEST_ASK,"JPM,100483,166"
2019-06-28 11:13:50.000000000,BEST_BID,"JPM,100345,264"
2019-06-28 11:13:50.000000000,BEST_ASK,"JPM,100483,166"
2019-06-28 11:13:50.000000000,BEST_BID,"JPM,100345,264"
2019-06-28 11:13:50.000000000,BEST_ASK,"JPM,100483,330"
2019-06-28 11:13:50.000000000,BEST_BID,"JPM,100345,264"
2019-06-28 11:13:50.000000000,BEST_ASK,"JPM,100483,330"
2019-06-28 11:14:00.000000000,QUERY_SPREAD,1
2019-06-28 11:14:00.000000000,BEST_BID,"JPM,100345,212"
2019-06-28 11:14:00.000000000,BEST_ASK,"JPM,100483,166"
2019-06-28 11:14:00.000000000,BEST_BID,"JPM,100345,212"
2019-06-28 11:14:00.000000000,BEST_ASK,"JPM,100483,166"
2019-06-28 11:14:00.000000000,BEST_BID,"JPM,100345,212"
2019-06-28 11:14:00.000000000,BEST_ASK,"JPM,100483,166"
2019-06-28 11:14:00.000000000,BEST_BID,"JPM,100345,212"
2019-06-28 11:14:00.000000000,BEST_ASK,"JPM,100483,278"
2019-06-28 11:14:00.000000000,BEST_BID,"JPM,100345,212"
2019-06-28 11:14:00.000000000,BEST_ASK,"JPM,100483,278"
2019-06-28 11:14:00.000000000,BEST_BID,"JPM,100345,212"
2019-06-28 11:14:00.000000000,BEST_ASK,"JPM,100483,278"
2019-06-28 11:14:00.000000000,QUERY_SPREAD,77
2019-06-28 11:14:00.000000000,BEST_BID,"JPM,100345,212"
2019-06-28 11:14:00.000000000,BEST_ASK,"JPM,100483,274"
2019-06-28 11:14:00.000000000,LAST_TRADE,"4,$100483.0000"
2019-06-28 11:14:00.000000000,QUERY_SPREAD,78
2019-06-28 11:14:00.000000000,BEST_BID,"JPM,100345,212"
2019-06-28 11:14:00.000000000,BEST_ASK,"JPM,100483,266"
2019-06-28 11:14:00.000000000,LAST_TRADE,"8,$100483.0000"
2019-06-28 11:14:00.000000000,QUERY_SPREAD,79
2019-06-28 11:14:00.000000000,BEST_BID,"JPM,100345,212"
2019-06-28 11:14:00.000000000,BEST_ASK,"JPM,100483,265"
2019-06-28 11:14:00.000000000,LAST_TRADE,"1,$100483.0000"
2019-06-28 11:14:00.000000000,QUERY_SPREAD,80
2019-06-28 11:14:00.000000000,BEST_BID,"JPM,100345,212"
2019-06-28 11:14:00.000000000,BEST_ASK,"JPM,100483,260"
2019-06-28 11:14:00.000000000,LAST_TRADE,"5,$100483.0000"
2019-06-28 11:14:00.000000000,QUERY_SPREAD,81
2019-06-28 11:14:00.000000000,BEST_BID,"JPM,100345,212"
2019-06-28 11:14:00.000000000,BEST_ASK,"JPM,100483,255"
2019-06-28 11:14:00.000000000,LAST_TRADE,"5,$100483.0000"
2019-06-28 11:14:00.000000000,QUERY_SPREAD,82
2019-06-28 11:14:00.000000000,BEST_BID,"JPM,100345,212"
2019-06-28 11:14:00.000000000,BEST_ASK,"JPM,100483,249"
2019-06-28 11:14:00.000000000,LAST_TRADE,"6,$100483.0000"
2019-06-28 11:14:00.000000000,QUERY_SPREAD,83
2019-06-28 11:14:00.000000000,BEST_BID,"JPM,100345,212"
2019-06-28 11:14:00.000000000,BEST_ASK,"JPM,100483,245"
2019-06-28 11:14:00.000000000,LAST_TRADE,"4,$100483.0000"
2019-06-28 11:14:00.000000000,QUERY_SPREAD,84
2019-06-28 11:14:00.000000000,BEST_BID,"JPM,100345,212"
2019-06-28 11:14:00.000000000,BEST_ASK,"JPM,100483,240"
2019-06-28 11:14:00.000000000,LAST_TRADE,"5,$100483.0000"
2019-06-28 11:14:00.000000000,QUERY_SPREAD,85
2019-06-28 11:14:00.000000000,BEST_BID,"JPM,100345,212"
2019-06-28 11:14:00.000000000,BEST_ASK,"JPM,100483,235"
2019-06-28 11:14:00.000000000,LAST_TRADE,"5,$100483.0000"
2019-06-28 11:14:00.000000000,QUERY_SPREAD,86
2019-06-28 11:14:00.000000000,BEST_BID,"JPM,100345,212"
2019-06-28 11:14:00.000000000,BEST_ASK,"JPM,100483,226"
2019-06-28 11:14:00.000000000,LAST_TRADE,"9,$100483.0000"
2019-06-28 11:14:00.000000000,QUERY_SPREAD,87
2019-06-28 11:14:00.000000000,BEST_BID,"JPM,100345,212"
2019-06-28 11:14:00.000000000,BEST_ASK,"JPM,100483,224"
2019-06-28 11:14:00.000000000,LAST_TRADE,"2,$100483.0000"
2019-06-28 11:14:00.000000000,QUERY_SPREAD,88
2019-06-28 11:14:00.000000000,BEST_BID,"JPM,100345,212"
2019-06-28 11:14:00.000000000,BEST_ASK,"JPM,100483,216"
2019-06-28 11:14:00.000000000,LAST_TRADE,"8,$100483.0000"
2019-06-28 11:14:00.000000000,QUERY_SPREAD,89
2019-06-28 11:14:00.000000000,BEST_BID,"JPM,100345,212"
2019-06-28 11:14:00.000000000,BEST_ASK,"JPM,100483,209"
2019-06-28 11:14:00.000000000,LAST_TRADE,"7,$100483.0000"
2019-06-28 11:14:00.000000000,QUERY_SPREAD,90
2019-06-28 11:14:00.000000000,BEST_BID,"JPM,100345,212"
2019-06-28 11:14:00.000000000,BEST_ASK,"JPM,100483,203"
2019-06-28 11:14:00.000000000,LAST_TRADE,"6,$100483.0000"
2019-06-28 11:14:00.000000000,QUERY_SPREAD,91
2019-06-28 11:14:00.000000000,BEST_BID,"JPM,100345,212"
2019-06-28 11:14:00.000000000,BEST_ASK,"JPM,100483,198"
2019-06-28 11:14:00.000000000,LAST_TRADE,"5,$100483.0000"
2019-06-28 11:14:00.000000000,QUERY_SPREAD,92
2019-06-28 11:14:00.000000000,BEST_BID,"JPM,100345,212"
2019-06-28 11:14:00.000000000,BEST_ASK,"JPM,100483,197"
2019-06-28 11:14:00.000000000,LAST_TRADE,"1,$100483.0000"
2019-06-28 11:14:00.000000000,QUERY_SPREAD,93
2019-06-28 11:14:00.000000000,BEST_BID,"JPM,100345,212"
2019-06-28 11:14:00.000000000,BEST_ASK,"JPM,100483,195"
2019-06-28 11:14:00.000000000,LAST_TRADE,"2,$100483.0000"
2019-06-28 11:14:00.000000000,QUERY_SPREAD,94
2019-06-28 11:14:00.000000000,BEST_BID,"JPM,100345,212"
2019-06-28 11:14:00.000000000,BEST_ASK,"JPM,100483,193"
2019-06-28 11:14:00.000000000,LAST_TRADE,"2,$100483.0000"
2019-06-28 11:14:00.000000000,QUERY_SPREAD,95
2019-06-28 11:14:00.000000000,BEST_BID,"JPM,100345,212"
2019-06-28 11:14:00.000000000,BEST_ASK,"JPM,100483,186"
2019-06-28 11:14:00.000000000,LAST_TRADE,"7,$100483.0000"
2019-06-28 11:14:00.000000000,QUERY_SPREAD,96
2019-06-28 11:14:00.000000000,BEST_BID,"JPM,100345,212"
2019-06-28 11:14:00.000000000,BEST_ASK,"JPM,100483,179"
2019-06-28 11:14:00.000000000,LAST_TRADE,"7,$100483.0000"
2019-06-28 11:14:00.000000000,QUERY_SPREAD,97
2019-06-28 11:14:00.000000000,BEST_BID,"JPM,100345,212"
2019-06-28 11:14:00.000000000,BEST_ASK,"JPM,100483,173"
2019-06-28 11:14:00.000000000,LAST_TRADE,"6,$100483.0000"
2019-06-28 11:14:00.000000000,QUERY_SPREAD,98
2019-06-28 11:14:00.000000000,BEST_BID,"JPM,100345,212"
2019-06-28 11:14:00.000000000,BEST_ASK,"JPM,100483,169"
2019-06-28 11:14:00.000000000,LAST_TRADE,"4,$100483.0000"
2019-06-28 11:14:00.000000000,QUERY_SPREAD,99
2019-06-28 11:14:00.000000000,BEST_BID,"JPM,100345,212"
2019-06-28 11:14:00.000000000,BEST_ASK,"JPM,100483,167"
2019-06-28 11:14:00.000000000,LAST_TRADE,"2,$100483.0000"
2019-06-28 11:14:00.000000000,QUERY_SPREAD,100
2019-06-28 11:14:00.000000000,BEST_BID,"JPM,100345,212"
2019-06-28 11:14:00.000000000,BEST_ASK,"JPM,100483,161"
2019-06-28 11:14:00.000000000,LAST_TRADE,"6,$100483.0000"
2019-06-28 11:14:00.000000000,QUERY_SPREAD,101
2019-06-28 11:14:00.000000000,QUERY_ORDER_STREAM,101
2019-06-28 11:14:10.000000000,QUERY_SPREAD,1
2019-06-28 11:14:10.000000000,BEST_BID,"JPM,100345,264"
2019-06-28 11:14:10.000000000,BEST_ASK,"JPM,100483,49"
2019-06-28 11:14:10.000000000,BEST_BID,"JPM,100345,264"
2019-06-28 11:14:10.000000000,BEST_ASK,"JPM,100483,49"
2019-06-28 11:14:10.000000000,BEST_BID,"JPM,100345,264"
2019-06-28 11:14:10.000000000,BEST_ASK,"JPM,100483,213"
2019-06-28 11:14:10.000000000,BEST_BID,"JPM,100345,264"
2019-06-28 11:14:10.000000000,BEST_ASK,"JPM,100483,213"
2019-06-28 11:14:20.000000000,QUERY_SPREAD,1
2019-06-28 11:14:20.000000000,BEST_BID,"JPM,100345,182"
2019-06-28 11:14:20.000000000,BEST_ASK,"JPM,100483,49"
2019-06-28 11:14:20.000000000,BEST_BID,"JPM,100345,182"
2019-06-28 11:14:20.000000000,BEST_ASK,"JPM,100483,49"
2019-06-28 11:14:20.000000000,BEST_BID,"JPM,100345,182"
2019-06-28 11:14:20.000000000,BEST_ASK,"JPM,100483,49"
2019-06-28 11:14:20.000000000,BEST_BID,"JPM,100345,182"
2019-06-28 11:14:20.000000000,BEST_ASK,"JPM,100483,49"
2019-06-28 11:14:20.000000000,BEST_BID,"JPM,100345,182"
2019-06-28 11:14:20.000000000,BEST_ASK,"JPM,100483,131"
2019-06-28 11:14:20.000000000,BEST_BID,"JPM,100345,182"
2019-06-28 11:14:20.000000000,BEST_ASK,"JPM,100483,131"
2019-06-28 11:14:20.000000000,BEST_BID,"JPM,100345,182"
2019-06-28 11:14:20.000000000,BEST_ASK,"JPM,100483,131"
2019-06-28 11:14:20.000000000,BEST_BID,"JPM,100345,182"
2019-06-28 11:14:20.000000000,BEST_ASK,"JPM,100483,131"
2019-06-28 11:14:20.370903368,QUERY_SPREAD,30
2019-06-28 11:14:20.370903368,BEST_BID,"JPM,100477,100"
2019-06-28 11:14:20.370903368,BEST_ASK,"JPM,100483,131"
2019-06-28 11:14:23.006950101,QUERY_SPREAD,35
2019-06-28 11:14:23.006950101,BEST_BID,"JPM,100477,100"
2019-06-28 11:14:23.006950101,BEST_ASK,"JPM,100483,131"
2019-06-28 11:14:30.000000000,QUERY_SPREAD,1
2019-06-28 11:14:30.000000000,BEST_BID,"JPM,100477,182"
2019-06-28 11:14:30.000000000,BEST_ASK,"JPM,100483,49"
2019-06-28 11:14:30.000000000,BEST_BID,"JPM,100477,182"
2019-06-28 11:14:30.000000000,BEST_ASK,"JPM,100483,49"
2019-06-28 11:14:30.000000000,BEST_BID,"JPM,100477,182"
2019-06-28 11:14:30.000000000,BEST_ASK,"JPM,100483,49"
2019-06-28 11:14:30.000000000,BEST_BID,"JPM,100477,182"
2019-06-28 11:14:30.000000000,BEST_ASK,"JPM,100483,49"
2019-06-28 11:14:30.000000000,BEST_BID,"JPM,100477,182"
2019-06-28 11:14:30.000000000,BEST_ASK,"JPM,100483,131"
2019-06-28 11:14:30.000000000,BEST_BID,"JPM,100477,182"
2019-06-28 11:14:30.000000000,BEST_ASK,"JPM,100483,131"
2019-06-28 11:14:30.000000000,BEST_BID,"JPM,100477,182"
2019-06-28 11:14:30.000000000,BEST_ASK,"JPM,100483,131"
2019-06-28 11:14:30.000000000,BEST_BID,"JPM,100477,182"
2019-06-28 11:14:30.000000000,BEST_ASK,"JPM,100483,131"
2019-06-28 11:14:40.000000000,QUERY_SPREAD,1
2019-06-28 11:14:40.000000000,BEST_BID,"JPM,100477,428"
2019-06-28 11:14:40.000000000,BEST_ASK,"JPM,100483,49"
2019-06-28 11:14:40.000000000,BEST_BID,"JPM,100477,428"
2019-06-28 11:14:40.000000000,BEST_ASK,"JPM,100483,377"
2019-06-28 11:14:50.000000000,QUERY_SPREAD,1
2019-06-28 11:14:50.000000000,BEST_BID,"JPM,100477,428"
2019-06-28 11:14:50.000000000,BEST_ASK,"JPM,100483,49"
2019-06-28 11:14:50.000000000,BEST_BID,"JPM,100477,428"
2019-06-28 11:14:50.000000000,BEST_ASK,"JPM,100483,377"
2019-06-28 11:14:52.692051390,QUERY_SPREAD,46
2019-06-28 11:14:52.692051390,BEST_BID,"JPM,100477,428"
2019-06-28 11:14:52.692051390,BEST_ASK,"JPM,100483,277"
2019-06-28 11:14:52.692051390,LAST_TRADE,"100,$100483.0000"
2019-06-28 11:15:00.000000000,QUERY_SPREAD,1
2019-06-28 11:15:00.000000000,BEST_BID,"JPM,100477,212"
2019-06-28 11:15:00.000000000,BEST_ASK,"JPM,100528,8"
2019-06-28 11:15:00.000000000,BEST_BID,"JPM,100477,212"
2019-06-28 11:15:00.000000000,BEST_ASK,"JPM,100528,8"
2019-06-28 11:15:00.000000000,BEST_BID,"JPM,100477,212"
2019-06-28 11:15:00.000000000,BEST_ASK,"JPM,100528,8"
2019-06-28 11:15:00.000000000,BEST_BID,"JPM,100477,212"
2019-06-28 11:15:00.000000000,BEST_ASK,"JPM,100528,120"
2019-06-28 11:15:00.000000000,BEST_BID,"JPM,100477,212"
2019-06-28 11:15:00.000000000,BEST_ASK,"JPM,100528,120"
2019-06-28 11:15:00.000000000,BEST_BID,"JPM,100477,212"
2019-06-28 11:15:00.000000000,BEST_ASK,"JPM,100528,120"
2019-06-28 11:15:00.000000000,QUERY_SPREAD,77
2019-06-28 11:15:00.000000000,BEST_BID,"JPM,100477,212"
2019-06-28 11:15:00.000000000,BEST_ASK,"JPM,100528,116"
2019-06-28 11:15:00.000000000,LAST_TRADE,"4,$100528.0000"
2019-06-28 11:15:00.000000000,QUERY_SPREAD,78
2019-06-28 11:15:00.000000000,BEST_BID,"JPM,100477,212"
2019-06-28 11:15:00.000000000,BEST_ASK,"JPM,100528,108"
2019-06-28 11:15:00.000000000,LAST_TRADE,"8,$100528.0000"
2019-06-28 11:15:00.000000000,QUERY_SPREAD,79
2019-06-28 11:15:00.000000000,BEST_BID,"JPM,100477,212"
2019-06-28 11:15:00.000000000,BEST_ASK,"JPM,100528,107"
2019-06-28 11:15:00.000000000,LAST_TRADE,"1,$100528.0000"
2019-06-28 11:15:00.000000000,QUERY_SPREAD,80
2019-06-28 11:15:00.000000000,BEST_BID,"JPM,100477,212"
2019-06-28 11:15:00.000000000,BEST_ASK,"JPM,100528,102"
2019-06-28 11:15:00.000000000,LAST_TRADE,"5,$100528.0000"
2019-06-28 11:15:00.000000000,QUERY_SPREAD,81
2019-06-28 11:15:00.000000000,BEST_BID,"JPM,100477,212"
2019-06-28 11:15:00.000000000,BEST_ASK,"JPM,100528,97"
2019-06-28 11:15:00.000000000,LAST_TRADE,"5,$100528.0000"
2019-06-28 11:15:00.000000000,QUERY_SPREAD,82
2019-06-28 11:15:00.000000000,BEST_BID,"JPM,100477,212"
2019-06-28 11:15:00.000000000,BEST_ASK,"JPM,100528,91"
2019-06-28 11:15:00.000000000,LAST_TRADE,"6,$100528.0000"
2019-06-28 11:15:00.000000000,QUERY_SPREAD,83
2019-06-28 11:15:00.000000000,BEST_BID,"JPM,100477,212"
2019-06-28 11:15:00.000000000,BEST_ASK,"JPM,100528,87"
2019-06-28 11:15:00.000000000,LAST_TRADE,"4,$100528.0000"
2019-06-28 11:15:00.000000000,QUERY_SPREAD,84
2019-06-28 11:15:00.000000000,BEST_BID,"JPM,100477,212"
2019-06-28 11:15:00.000000000,BEST_ASK,"JPM,100528,82"
2019-06-28 11:15:00.000000000,LAST_TRADE,"5,$100528.0000"
2019-06-28 11:15:00.000000000,QUERY_SPREAD,85
2019-06-28 11:15:00.000000000,BEST_BID,"JPM,100477,212"
2019-06-28 11:15:00.000000000,BEST_ASK,"JPM,100528,77"
2019-06-28 11:15:00.000000000,LAST_TRADE,"5,$100528.0000"
2019-06-28 11:15:00.000000000,QUERY_SPREAD,86
2019-06-28 11:15:00.000000000,BEST_BID,"JPM,100477,212"
2019-06-28 11:15:00.000000000,BEST_ASK,"JPM,100528,68"
2019-06-28 11:15:00.000000000,LAST_TRADE,"9,$100528.0000"
2019-06-28 11:15:00.000000000,QUERY_SPREAD,87
2019-06-28 11:15:00.000000000,BEST_BID,"JPM,100477,212"
2019-06-28 11:15:00.000000000,BEST_ASK,"JPM,100528,66"
2019-06-28 11:15:00.000000000,LAST_TRADE,"2,$100528.0000"
2019-06-28 11:15:00.000000000,QUERY_SPREAD,88
2019-06-28 11:15:00.000000000,BEST_BID,"JPM,100477,212"
2019-06-28 11:15:00.000000000,BEST_ASK,"JPM,100528,58"
2019-06-28 11:15:00.000000000,LAST_TRADE,"8,$100528.0000"
2019-06-28 11:15:00.000000000,QUERY_SPREAD,89
2019-06-28 11:15:00.000000000,BEST_BID,"JPM,100477,212"
2019-06-28 11:15:00.000000000,BEST_ASK,"JPM,100528,51"
2019-06-28 11:15:00.000000000,LAST_TRADE,"7,$100528.0000"
2019-06-28 11:15:00.000000000,QUERY_SPREAD,90
2019-06-28 11:15:00.000000000,BEST_BID,"JPM,100477,212"
2019-06-28 11:15:00.000000000,BEST_ASK,"JPM,100528,45"
2019-06-28 11:15:00.000000000,LAST_TRADE,"6,$100528.0000"
2019-06-28 11:15:00.000000000,QUERY_SPREAD,91
2019-06-28 11:15:00.000000000,BEST_BID,"JPM,100477,212"
2019-06-28 11:15:00.000000000,BEST_ASK,"JPM,100528,40"
2019-06-28 11:15:00.000000000,LAST_TRADE,"5,$100528.0000"
2019-06-28 11:15:00.000000000,QUERY_SPREAD,92
2019-06-28 11:15:00.000000000,BEST_BID,"JPM,100477,212"
2019-06-28 11:15:00.000000000,BEST_ASK,"JPM,100528,39"
2019-06-28 11:15:00.000000000,LAST_TRADE,"1,$100528.0000"
2019-06-28 11:15:00.000000000,QUERY_SPREAD,93
2019-06-28 11:15:00.000000000,BEST_BID,"JPM,100477,212"
2019-06-28 11:15:00.000000000,BEST_ASK,"JPM,100528,37"
2019-06-28 11:15:00.000000000,LAST_TRADE,"2,$100528.0000"
2019-06-28 11:15:00.000000000,QUERY_SPREAD,94
2019-06-28 11:15:00.000000000,BEST_BID,"JPM,100477,212"
2019-06-28 11:15:00.000000000,BEST_ASK,"JPM,100528,35"
2019-06-28 11:15:00.000000000,LAST_TRADE,"2,$100528.0000"
2019-06-28 11:15:00.000000000,QUERY_SPREAD,95
2019-06-28 11:15:00.000000000,BEST_BID,"JPM,100477,212"
2019-06-28 11:15:00.000000000,BEST_ASK,"JPM,100528,28"
2019-06-28 11:15:00.000000000,LAST_TRADE,"7,$100528.0000"
2019-06-28 11:15:00.000000000,QUERY_SPREAD,96
2019-06-28 11:15:00.000000000,BEST_BID,"JPM,100477,212"
2019-06-28 11:15:00.000000000,BEST_ASK,"JPM,100528,21"
2019-06-28 11:15:00.000000000,LAST_TRADE,"7,$100528.0000"
2019-06-28 11:15:00.000000000,QUERY_SPREAD,97
2019-06-28 11:15:00.000000000,BEST_BID,"JPM,100477,212"
2019-06-28 11:15:00.000000000,BEST_ASK,"JPM,100528,15"
2019-06-28 11:15:00.000000000,LAST_TRADE,"6,$100528.0000"
2019-06-28 11:15:00.000000000,QUERY_SPREAD,98
2019-06-28 11:15:00.000000000,BEST_BID,"JPM,100477,212"
2019-06-28 11:15:00.000000000,BEST_ASK,"JPM,100528,11"
2019-06-28 11:15:00.000000000,LAST_TRADE,"4,$100528.0000"
2019-06-28 11:15:00.000000000,QUERY_SPREAD,99
2019-06-28 11:15:00.000000000,BEST_BID,"JPM,100477,212"
2019-06-28 11:15:00.000000000,BEST_ASK,"JPM,100528,9"
2019-06-28 11:15:00.000000000,LAST_TRADE,"2,$100528.0000"
2019-06-28 11:15:00.000000000,QUERY_SPREAD,100
2019-06-28 11:15:00.000000000,BEST_BID,"JPM,100477,212"
2019-06-28 11:15:00.000000000,BEST_ASK,"JPM,100528,3"
2019-06-28 11:15:00.000000000,LAST_TRADE,"6,$100528.0000"
2019-06-28 11:15:00.000000000,QUERY_SPREAD,101
2019-06-28 11:15:00.000000000,QUERY_ORDER_STREAM,101
2019-06-28 11:15:10.000000000,QUERY_SPREAD,1
2019-06-28 11:15:10.000000000,BEST_BID,"JPM,100477,182"
2019-06-28 11:15:10.000000000,BEST_ASK,"JPM,100596,8"
2019-06-28 11:15:10.000000000,BEST_BID,"JPM,100477,182"
2019-06-28 11:15:10.000000000,BEST_ASK,"JPM,100596,8"
2019-06-28 11:15:10.000000000,BEST_BID,"JPM,100477,182"
2019-06-28 11:15:10.000000000,BEST_ASK,"JPM,100596,8"
2019-06-28 11:15:10.000000000,BEST_BID,"JPM,100477,182"
2019-06-28 11:15:10.000000000,BEST_ASK,"JPM,100596,8"
2019-06-28 11:15:10.000000000,BEST_BID,"JPM,100477,182"
2019-06-28 11:15:10.000000000,BEST_ASK,"JPM,100596,90"
2019-06-28 11:15:10.000000000,BEST_BID,"JPM,100477,182"
2019-06-28 11:15:10.000000000,BEST_ASK,"JPM,100596,90"
2019-06-28 11:15:10.000000000,BEST_BID,"JPM,100477,182"
2019-06-28 11:15:10.000000000,BEST_ASK,"JPM,100596,90"
2019-06-28 11:15:10.000000000,BEST_BID,"JPM,100477,182"
2019-06-28 11:15:10.000000000,BEST_ASK,"JPM,100596,90"
2019-06-28 11:15:20.000000000,QUERY_SPREAD,1
2019-06-28 11:15:20.000000000,BEST_BID,"JPM,100477,182"
2019-06-28 11:15:20.000000000,BEST_ASK,"JPM,100596,8"
2019-06-28 11:15:20.000000000,BEST_BID,"JPM,100477,182"
2019-06-28 11:15:20.000000000,BEST_ASK,"JPM,100596,8"
2019-06-28 11:15:20.000000000,BEST_BID,"JPM,100477,182"
2019-06-28 11:15:20.000000000,BEST_ASK,"JPM,100596,8"
2019-06-28 11:15:20.000000000,BEST_BID,"JPM,100477,182"
2019-06-28 11:15:20.000000000,BEST_ASK,"JPM,100596,8"
2019-06-28 11:15:20.000000000,BEST_BID,"JPM,100477,182"
2019-06-28 11:15:20.000000000,BEST_ASK,"JPM,100596,90"
2019-06-28 11:15:20.000000000,BEST_BID,"JPM,100477,182"
2019-06-28 11:15:20.000000000,BEST_ASK,"JPM,100596,90"
2019-06-28 11:15:20.000000000,BEST_BID,"JPM,100477,182"
2019-06-28 11:15:20.000000000,BEST_ASK,"JPM,100596,90"
2019-06-28 11:15:20.000000000,BEST_BID,"JPM,100477,182"
2019-06-28 11:15:20.000000000,BEST_ASK,"JPM,100596,90"
2019-06-28 11:15:23.077253830,QUERY_SPREAD,45
2019-06-28 11:15:23.077253830,BEST_BID,"JPM,100596,10"
2019-06-28 11:15:23.077253830,BEST_ASK,"JPM,100740,90"
2019-06-28 11:15:23.077253830,LAST_TRADE,"90,$100596.0000"
2019-06-28 11:15:30.000000000,QUERY_SPREAD,1
2019-06-28 11:15:30.000000000,BEST_BID,"JPM,100596,338"
2019-06-28 11:15:30.000000000,BEST_ASK,"JPM,100740,8"
2019-06-28 11:15:30.000000000,BEST_BID,"JPM,100596,338"
2019-06-28 11:15:30.000000000,BEST_ASK,"JPM,100740,336"
2019-06-28 11:15:40.000000000,QUERY_SPREAD,1
2019-06-28 11:15:40.000000000,BEST_BID,"JPM,100596,92"
2019-06-28 11:15:40.000000000,BEST_ASK,"JPM,100740,8"
2019-06-28 11:15:40.000000000,BEST_BID,"JPM,100596,92"
2019-06-28 11:15:40.000000000,BEST_ASK,"JPM,100740,8"
2019-06-28 11:15:40.000000000,BEST_BID,"JPM,100596,92"
2019-06-28 11:15:40.000000000,BEST_ASK,"JPM,100740,8"
2019-06-28 11:15:40.000000000,BEST_BID,"JPM,100596,92"
2019-06-28 11:15:40.000000000,BEST_ASK,"JPM,100740,8"
2019-06-28 11:15:40.000000000,BEST_BID,"JPM,100596,92"
2019-06-28 11:15:40.000000000,BEST_ASK,"JPM,100740,90"
2019-06-28 11:15:40.000000000,BEST_BID,"JPM,100596,92"
2019-06-28 11:15:40.000000000,BEST_ASK,"JPM,100740,90"
2019-06-28 11:15:40.000000000,BEST_BID,"JPM,100596,92"
2019-06-28 11:15:40.000000000,BEST_ASK,"JPM,100740,90"
2019-06-28 11:15:40.000000000,BEST_BID,"JPM,100596,92"
2019-06-28 11:15:40.000000000,BEST_ASK,"JPM,100740,90"
2019-06-28 11:15:43.664430998,QUERY_SPREAD,31
2019-06-28 11:15:43.664430998,BEST_BID,"JPM,100596,92"
2019-06-28 11:15:43.664430998,BEST_ASK,"JPM,100740,90"
2019-06-28 11:15:50.000000000,QUERY_SPREAD,1
2019-06-28 11:15:50.000000000,BEST_BID,"JPM,100596,92"
2019-06-28 11:15:50.000000000,BEST_ASK,"JPM,100740,8"
2019-06-28 11:15:50.000000000,BEST_BID,"JPM,100596,92"
2019-06-28 11:15:50.000000000,BEST_ASK,"JPM,100740,8"
2019-06-28 11:15:50.000000000,BEST_BID,"JPM,100596,92"
2019-06-28 11:15:50.000000000,BEST_ASK,"JPM,100740,8"
2019-06-28 11:15:50.000000000,BEST_BID,"JPM,100596,92"
2019-06-28 11:15:50.000000000,BEST_ASK,"JPM,100740,8"
2019-06-28 11:15:50.000000000,BEST_BID,"JPM,100596,92"
2019-06-28 11:15:50.000000000,BEST_ASK,"JPM,100740,90"
2019-06-28 11:15:50.000000000,BEST_BID,"JPM,100596,92"
2019-06-28 11:15:50.000000000,BEST_ASK,"JPM,100740,90"
2019-06-28 11:15:50.000000000,BEST_BID,"JPM,100596,92"
2019-06-28 11:15:50.000000000,BEST_ASK,"JPM,100740,90"
2019-06-28 11:15:50.000000000,BEST_BID,"JPM,100596,92"
2019-06-28 11:15:50.000000000,BEST_ASK,"JPM,100740,90"
2019-06-28 11:15:53.086476306,QUERY_SPREAD,47
2019-06-28 11:15:53.086476306,BEST_BID,"JPM,100639,100"
2019-06-28 11:15:53.086476306,BEST_ASK,"JPM,100740,90"
2019-06-28 11:16:00.000000000,QUERY_SPREAD,1
2019-06-28 11:16:00.000000000,BEST_BID,"JPM,100639,166"
2019-06-28 11:16:00.000000000,BEST_ASK,"JPM,100740,8"
2019-06-28 11:16:00.000000000,BEST_BID,"JPM,100639,166"
2019-06-28 11:16:00.000000000,BEST_ASK,"JPM,100740,8"
2019-06-28 11:16:00.000000000,BEST_BID,"JPM,100639,166"
2019-06-28 11:16:00.000000000,BEST_ASK,"JPM,100740,8"
2019-06-28 11:16:00.000000000,BEST_BID,"JPM,100639,166"
2019-06-28 11:16:00.000000000,BEST_ASK,"JPM,100740,8"
2019-06-28 11:16:00.000000000,BEST_BID,"JPM,100639,166"
2019-06-28 11:16:00.000000000,BEST_ASK,"JPM,100740,8"
2019-06-28 11:16:00.000000000,BEST_BID,"JPM,100639,166"
2019-06-28 11:16:00.000000000,BEST_ASK,"JPM,100740,74"
2019-06-28 11:16:00.000000000,BEST_BID,"JPM,100639,166"
2019-06-28 11:16:00.000000000,BEST_ASK,"JPM,100740,74"
2019-06-28 11:16:00.000000000,BEST_BID,"JPM,100639,166"
2019-06-28 11:16:00.000000000,BEST_ASK,"JPM,100740,74"
2019-06-28 11:16:00.000000000,BEST_BID,"JPM,100639,166"
2019-06-28 11:16:00.000000000,BEST_ASK,"JPM,100740,74"
2019-06-28 11:16:00.000000000,BEST_BID,"JPM,100639,166"
2019-06-28 11:16:00.000000000,BEST_ASK,"JPM,100740,74"
2019-06-28 11:16:00.000000000,QUERY_SPREAD,77
2019-06-28 11:16:00.000000000,BEST_BID,"JPM,100639,166"
2019-06-28 11:16:00.000000000,BEST_ASK,"JPM,100740,70"
2019-06-28 11:16:00.000000000,LAST_TRADE,"4,$100740.0000"
2019-06-28 11:16:00.000000000,QUERY_SPREAD,78
2019-06-28 11:16:00.000000000,BEST_BID,"JPM,100639,166"
2019-06-28 11:16:00.000000000,BEST_ASK,"JPM,100740,62"
2019-06-28 11:16:00.000000000,LAST_TRADE,"8,$100740.0000"
2019-06-28 11:16:00.000000000,QUERY_SPREAD,79
2019-06-28 11:16:00.000000000,BEST_BID,"JPM,100639,166"
2019-06-28 11:16:00.000000000,BEST_ASK,"JPM,100740,61"
2019-06-28 11:16:00.000000000,LAST_TRADE,"1,$100740.0000"
2019-06-28 11:16:00.000000000,QUERY_SPREAD,80
2019-06-28 11:16:00.000000000,BEST_BID,"JPM,100639,166"
2019-06-28 11:16:00.000000000,BEST_ASK,"JPM,100740,56"
2019-06-28 11:16:00.000000000,LAST_TRADE,"5,$100740.0000"
2019-06-28 11:16:00.000000000,QUERY_SPREAD,81
2019-06-28 11:16:00.000000000,BEST_BID,"JPM,100639,166"
2019-06-28 11:16:00.000000000,BEST_ASK,"JPM,100740,51"
2019-06-28 11:16:00.000000000,LAST_TRADE,"5,$100740.0000"
2019-06-28 11:16:00.000000000,QUERY_SPREAD,82
2019-06-28 11:16:00.000000000,BEST_BID,"JPM,100639,166"
2019-06-28 11:16:00.000000000,BEST_ASK,"JPM,100740,45"
2019-06-28 11:16:00.000000000,LAST_TRADE,"6,$100740.0000"
2019-06-28 11:16:00.000000000,QUERY_SPREAD,83
2019-06-28 11:16:00.000000000,BEST_BID,"JPM,100639,166"
2019-06-28 11:16:00.000000000,BEST_ASK,"JPM,100740,41"
2019-06-28 11:16:00.000000000,LAST_TRADE,"4,$100740.0000"
2019-06-28 11:16:00.000000000,QUERY_SPREAD,84
2019-06-28 11:16:00.000000000,BEST_BID,"JPM,100639,166"
2019-06-28 11:16:00.000000000,BEST_ASK,"JPM,100740,36"
2019-06-28 11:16:00.000000000,LAST_TRADE,"5,$100740.0000"
2019-06-28 11:16:00.000000000,QUERY_SPREAD,85
2019-06-28 11:16:00.000000000,BEST_BID,"JPM,100639,166"
2019-06-28 11:16:00.000000000,BEST_ASK,"JPM,100740,31"
2019-06-28 11:16:00.000000000,LAST_TRADE,"5,$100740.0000"
2019-06-28 11:16:00.000000000,QUERY_SPREAD,86
2019-06-28 11:16:00.000000000,BEST_BID,"JPM,100639,166"
2019-06-28 11:16:00.000000000,BEST_ASK,"JPM,100740,22"
2019-06-28 11:16:00.000000000,LAST_TRADE,"9,$100740.0000"
2019-06-28 11:16:00.000000000,QUERY_SPREAD,87
2019-06-28 11:16:00.000000000,BEST_BID,"JPM,100639,166"
2019-06-28 11:16:00.000000000,BEST_ASK,"JPM,100740,20"
2019-06-28 11:16:00.000000000,LAST_TRADE,"2,$100740.0000"
2019-06-28 11:16:00.000000000,QUERY_SPREAD,88
2019-06-28 11:16:00.000000000,BEST_BID,"JPM,100639,166"
2019-06-28 11:16:00.000000000,BEST_ASK,"JPM,100740,12"
2019-06-28 11:16:00.000000000,LAST_TRADE,"8,$100740.0000"
2019-06-28 11:16:00.000000000,QUERY_SPREAD,89
2019-06-28 11:16:00.000000000,BEST_BID,"JPM,100639,166"
2019-06-28 11:16:00.000000000,BEST_ASK,"JPM,100740,5"
2019-06-28 11:16:00.000000000,LAST_TRADE,"7,$100740.0000"
2019-06-28 11:16:00.000000000,QUERY_SPREAD,90
2019-06-28 11:16:00.000000000,BEST_BID,"JPM,100740,1"
2019-06-28 11:16:00.000000000,BEST_ASK,"JPM,100758,74"
2019-06-28 11:16:00.000000000,LAST_TRADE,"5,$100740.0000"
2019-06-28 11:16:00.000000000,QUERY_SPREAD,91
2019-06-28 11:16:00.000000000,BEST_BID,"JPM,100740,1"
2019-06-28 11:16:00.000000000,BEST_ASK,"JPM,100758,69"
2019-06-28 11:16:00.000000000,LAST_TRADE,"5,$100758.0000"
2019-06-28 11:16:00.000000000,QUERY_SPREAD,92
2019-06-28 11:16:00.000000000,BEST_BID,"JPM,100740,1"
2019-06-28 11:16:00.000000000,BEST_ASK,"JPM,100758,68"
2019-06-28 11:16:00.000000000,LAST_TRADE,"1,$100758.0000"
2019-06-28 11:16:00.000000000,QUERY_SPREAD,93
2019-06-28 11:16:00.000000000,BEST_BID,"JPM,100740,1"
2019-06-28 11:16:00.000000000,BEST_ASK,"JPM,100758,66"
2019-06-28 11:16:00.000000000,LAST_TRADE,"2,$100758.0000"
2019-06-28 11:16:00.000000000,QUERY_SPREAD,94
2019-06-28 11:16:00.000000000,BEST_BID,"JPM,100740,1"
2019-06-28 11:16:00.000000000,BEST_ASK,"JPM,100758,64"
2019-06-28 11:16:00.000000000,LAST_TRADE,"2,$100758.0000"
2019-06-28 11:16:00.000000000,QUERY_SPREAD,95
2019-06-28 11:16:00.000000000,BEST_BID,"JPM,100740,1"
2019-06-28 11:16:00.000000000,BEST_ASK,"JPM,100758,57"
2019-06-28 11:16:00.000000000,LAST_TRADE,"7,$100758.0000"
2019-06-28 11:16:00.000000000,QUERY_SPREAD,96
2019-06-28 11:16:00.000000000,BEST_BID,"JPM,100740,1"
2019-06-28 11:16:00.000000000,BEST_ASK,"JPM,100758,50"
2019-06-28 11:16:00.000000000,LAST_TRADE,"7,$100758.0000"
2019-06-28 11:16:00.000000000,QUERY_SPREAD,97
2019-06-28 11:16:00.000000000,BEST_BID,"JPM,100740,1"
2019-06-28 11:16:00.000000000,BEST_ASK,"JPM,100758,44"
2019-06-28 11:16:00.000000000,LAST_TRADE,"6,$100758.0000"
2019-06-28 11:16:00.000000000,QUERY_SPREAD,98
2019-06-28 11:16:00.000000000,BEST_BID,"JPM,100740,1"
2019-06-28 11:16:00.000000000,BEST_ASK,"JPM,100758,40"
2019-06-28 11:16:00.000000000,LAST_TRADE,"4,$100758.0000"
2019-06-28 11:16:00.000000000,QUERY_SPREAD,99
2019-06-28 11:16:00.000000000,BEST_BID,"JPM,100740,1"
2019-06-28 11:16:00.000000000,BEST_ASK,"JPM,100758,38"
2019-06-28 11:16:00.000000000,LAST_TRADE,"2,$100758.0000"
2019-06-28 11:16:00.000000000,QUERY_SPREAD,100
2019-06-28 11:16:00.000000000,BEST_BID,"JPM,100740,1"
2019-06-28 11:16:00.000000000,BEST_ASK,"JPM,100758,32"
2019-06-28 11:16:00.000000000,LAST_TRADE,"6,$100758.0000"
2019-06-28 11:16:00.000000000,QUERY_SPREAD,101
2019-06-28 11:16:00.000000000,QUERY_ORDER_STREAM,101
2019-06-28 11:16:00.000000000,BEST_BID,"JPM,100740,1"
2019-06-28 11:16:00.000000000,BEST_ASK,"JPM,100758,40"
2019-06-28 11:16:10.000000000,QUERY_SPREAD,1
2019-06-28 11:16:10.000000000,BEST_BID,"JPM,100740,329"
2019-06-28 11:16:10.000000000,BEST_ASK,"JPM,100758,8"
2019-06-28 11:16:10.000000000,BEST_BID,"JPM,100740,329"
2019-06-28 11:16:10.000000000,BEST_ASK,"JPM,100758,336"
2019-06-28 11:16:20.000000000,QUERY_SPREAD,1
2019-06-28 11:16:20.000000000,BEST_BID,"JPM,100740,83"
2019-06-28 11:16:20.000000000,BEST_ASK,"JPM,100758,8"
2019-06-28 11:16:20.000000000,BEST_BID,"JPM,100740,83"
2019-06-28 11:16:20.000000000,BEST_ASK,"JPM,100758,8"
2019-06-28 11:16:20.000000000,BEST_BID,"JPM,100740,83"
2019-06-28 11:16:20.000000000,BEST_ASK,"JPM,100758,8"
2019-06-28 11:16:20.000000000,BEST_BID,"JPM,100740,83"
2019-06-28 11:16:20.000000000,BEST_ASK,"JPM,100758,8"
2019-06-28 11:16:20.000000000,BEST_BID,"JPM,100740,83"
2019-06-28 11:16:20.000000000,BEST_ASK,"JPM,100758,90"
2019-06-28 11:16:20.000000000,BEST_BID,"JPM,100740,83"
2019-06-28 11:16:20.000000000,BEST_ASK,"JPM,100758,90"
2019-06-28 11:16:20.000000000,BEST_BID,"JPM,100740,83"
2019-06-28 11:16:20.000000000,BEST_ASK,"JPM,100758,90"
2019-06-28 11:16:20.000000000,BEST_BID,"JPM,100740,83"
2019-06-28 11:16:20.000000000,BEST_ASK,"JPM,100758,90"
2019-06-28 11:16:30.000000000,QUERY_SPREAD,1
2019-06-28 11:16:30.000000000,BEST_BID,"JPM,100740,67"
2019-06-28 11:16:30.000000000,BEST_ASK,"JPM,100758,8"
2019-06-28 11:16:30.000000000,BEST_BID,"JPM,100740,67"
2019-06-28 11:16:30.000000000,BEST_ASK,"JPM,100758,8"
2019-06-28 11:16:30.000000000,BEST_BID,"JPM,100740,67"
2019-06-28 11:16:30.000000000,BEST_ASK,"JPM,100758,8"
2019-06-28 11:16:30.000000000,BEST_BID,"JPM,100740,67"
2019-06-28 11:16:30.000000000,BEST_ASK,"JPM,100758,8"
2019-06-28 11:16:30.000000000,BEST_BID,"JPM,100740,67"
2019-06-28 11:16:30.000000000,BEST_ASK,"JPM,100758,8"
2019-06-28 11:16:30.000000000,BEST_BID,"JPM,100740,67"
2019-06-28 11:16:30.000000000,BEST_ASK,"JPM,100758,74"
2019-06-28 11:16:30.000000000,BEST_BID,"JPM,100740,67"
2019-06-28 11:16:30.000000000,BEST_ASK,"JPM,100758,74"
2019-06-28 11:16:30.000000000,BEST_BID,"JPM,100740,67"
2019-06-28 11:16:30.000000000,BEST_ASK,"JPM,100758,74"
2019-06-28 11:16:30.000000000,BEST_BID,"JPM,100740,67"
2019-06-28 11:16:30.000000000,BEST_ASK,"JPM,100758,74"
2019-06-28 11:16:30.000000000,BEST_BID,"JPM,100740,67"
2019-06-28 11:16:30.000000000,BEST_ASK,"JPM,100758,74"
2019-06-28 11:16:40.000000000,QUERY_SPREAD,1
2019-06-28 11:16:40.000000000,BEST_BID,"JPM,100740,113"
2019-06-28 11:16:40.000000000,BEST_ASK,"JPM,100758,8"
2019-06-28 11:16:40.000000000,BEST_BID,"JPM,100740,113"
2019-06-28 11:16:40.000000000,BEST_ASK,"JPM,100758,8"
2019-06-28 11:16:40.000000000,BEST_BID,"JPM,100740,113"
2019-06-28 11:16:40.000000000,BEST_ASK,"JPM,100758,8"
2019-06-28 11:16:40.000000000,BEST_BID,"JPM,100740,113"
2019-06-28 11:16:40.000000000,BEST_ASK,"JPM,100758,120"
2019-06-28 11:16:40.000000000,BEST_BID,"JPM,100740,113"
2019-06-28 11:16:40.000000000,BEST_ASK,"JPM,100758,120"
2019-06-28 11:16:40.000000000,BEST_BID,"JPM,100740,113"
2019-06-28 11:16:40.000000000,BEST_ASK,"JPM,100758,120"
2019-06-28 11:16:50.000000000,QUERY_SPREAD,1
2019-06-28 11:16:50.000000000,BEST_BID,"JPM,100740,67"
2019-06-28 11:16:50.000000000,BEST_ASK,"JPM,100758,8"
2019-06-28 11:16:50.000000000,BEST_BID,"JPM,100740,67"
2019-06-28 11:16:50.000000000,BEST_ASK,"JPM,100758,8"
2019-06-28 11:16:50.000000000,BEST_BID,"JPM,100740,67"
2019-06-28 11:16:50.000000000,BEST_ASK,"JPM,100758,8"
2019-06-28 11:16:50.000000000,BEST_BID,"JPM,100740,67"
2019-06-28 11:16:50.000000000,BEST_ASK,"JPM,100758,8"
2019-06-28 11:16:50.000000000,BEST_BID,"JPM,100740,67"
2019-06-28 11:16:50.000000000,BEST_ASK,"JPM,100758,8"
2019-06-28 11:16:50.000000000,BEST_BID,"JPM,100740,67"
2019-06-28 11:16:50.000000000,BEST_ASK,"JPM,100758,74"
2019-06-28 11:16:50.000000000,BEST_BID,"JPM,100740,67"
2019-06-28 11:16:50.000000000,BEST_ASK,"JPM,100758,74"
2019-06-28 11:16:50.000000000,BEST_BID,"JPM,100740,67"
2019-06-28 11:16:50.000000000,BEST_ASK,"JPM,100758,74"
2019-06-28 11:16:50.000000000,BEST_BID,"JPM,100740,67"
2019-06-28 11:16:50.000000000,BEST_ASK,"JPM,100758,74"
2019-06-28 11:16:50.000000000,BEST_BID,"JPM,100740,67"
2019-06-28 11:16:50.000000000,BEST_ASK,"JPM,100758,74"
2019-06-28 11:16:52.762887006,QUERY_ORDER_STREAM,75
2019-06-28 11:16:52.762887006,QUERY_SPREAD,75
2019-06-28 11:16:52.762887006,BEST_BID,"JPM,100758,26"
2019-06-28 11:16:52.762887006,BEST_ASK,"JPM,100778,166"
2019-06-28 11:16:52.762887006,LAST_TRADE,"74,$100758.0000"
2019-06-28 11:16:55.660954115,QUERY_SPREAD,43
2019-06-28 11:16:55.660954115,BEST_BID,"JPM,100758,26"
2019-06-28 11:16:55.660954115,BEST_ASK,"JPM,100778,166"
2019-06-28 11:17:00.000000000,QUERY_SPREAD,1
2019-06-28 11:17:00.000000000,BEST_BID,"JPM,100758,138"
2019-06-28 11:17:00.000000000,BEST_ASK,"JPM,100778,100"
2019-06-28 11:17:00.000000000,BEST_BID,"JPM,100758,138"
2019-06-28 11:17:00.000000000,BEST_ASK,"JPM,100778,100"
2019-06-28 11:17:00.000000000,BEST_BID,"JPM,100758,138"
2019-06-28 11:17:00.000000000,BEST_ASK,"JPM,100778,100"
2019-06-28 11:17:00.000000000,BEST_BID,"JPM,100758,138"
2019-06-28 11:17:00.000000000,BEST_ASK,"JPM,100778,212"
2019-06-28 11:17:00.000000000,BEST_BID,"JPM,100758,138"
2019-06-28 11:17:00.000000000,BEST_ASK,"JPM,100778,212"
2019-06-28 11:17:00.000000000,BEST_BID,"JPM,100758,138"
2019-06-28 11:17:00.000000000,BEST_ASK,"JPM,100778,212"
2019-06-28 11:17:00.000000000,QUERY_SPREAD,77
2019-06-28 11:17:00.000000000,BEST_BID,"JPM,100758,138"
2019-06-28 11:17:00.000000000,BEST_ASK,"JPM,100778,208"
2019-06-28 11:17:00.000000000,LAST_TRADE,"4,$100778.0000"
2019-06-28 11:17:00.000000000,QUERY_SPREAD,78
2019-06-28 11:17:00.000000000,BEST_BID,"JPM,100758,138"
2019-06-28 11:17:00.000000000,BEST_ASK,"JPM,100778,200"
2019-06-28 11:17:00.000000000,LAST_TRADE,"8,$100778.0000"
2019-06-28 11:17:00.000000000,QUERY_SPREAD,79
2019-06-28 11:17:00.000000000,BEST_BID,"JPM,100758,138"
2019-06-28 11:17:00.000000000,BEST_ASK,"JPM,100778,199"
2019-06-28 11:17:00.000000000,LAST_TRADE,"1,$100778.0000"
2019-06-28 11:17:00.000000000,QUERY_SPREAD,80
2019-06-28 11:17:00.000000000,BEST_BID,"JPM,100758,138"
2019-06-28 11:17:00.000000000,BEST_ASK,"JPM,100778,194"
2019-06-28 11:17:00.000000000,LAST_TRADE,"5,$100778.0000"
2019-06-28 11:17:00.000000000,QUERY_SPREAD,81
2019-06-28 11:17:00.000000000,BEST_BID,"JPM,100758,138"
2019-06-28 11:17:00.000000000,BEST_ASK,"JPM,100778,189"
2019-06-28 11:17:00.000000000,LAST_TRADE,"5,$100778.0000"
2019-06-28 11:17:00.000000000,QUERY_SPREAD,82
2019-06-28 11:17:00.000000000,BEST_BID,"JPM,100758,138"
2019-06-28 11:17:00.000000000,BEST_ASK,"JPM,100778,183"
2019-06-28 11:17:00.000000000,LAST_TRADE,"6,$100778.0000"
2019-06-28 11:17:00.000000000,QUERY_SPREAD,83
2019-06-28 11:17:00.000000000,BEST_BID,"JPM,100758,138"
2019-06-28 11:17:00.000000000,BEST_ASK,"JPM,100778,179"
2019-06-28 11:17:00.000000000,LAST_TRADE,"4,$100778.0000"
2019-06-28 11:17:00.000000000,QUERY_SPREAD,84
2019-06-28 11:17:00.000000000,BEST_BID,"JPM,100758,138"
2019-06-28 11:17:00.000000000,BEST_ASK,"JPM,100778,174"
2019-06-28 11:17:00.000000000,LAST_TRADE,"5,$100778.0000"
2019-06-28 11:17:00.000000000,QUERY_SPREAD,85
2019-06-28 11:17:00.000000000,BEST_BID,"JPM,100758,138"
2019-06-28 11:17:00.000000000,BEST_ASK,"JPM,100778,169"
2019-06-28 11:17:00.000000000,LAST_TRADE,"5,$100778.0000"
2019-06-28 11:17:00.000000000,QUERY_SPREAD,86
2019-06-28 11:17:00.000000000,BEST_BID,"JPM,100758,138"
2019-06-28 11:17:00.000000000,BEST_ASK,"JPM,100778,160"
2019-06-28 11:17:00.000000000,LAST_TRADE,"9,$100778.0000"
2019-06-28 11:17:00.000000000,QUERY_SPREAD,87
2019-06-28 11:17:00.000000000,BEST_BID,"JPM,100758,138"
2019-06-28 11:17:00.000000000,BEST_ASK,"JPM,100778,158"
2019-06-28 11:17:00.000000000,LAST_TRADE,"2,$100778.0000"
2019-06-28 11:17:00.000000000,QUERY_SPREAD,88
2019-06-28 11:17:00.000000000,BEST_BID,"JPM,100758,138"
2019-06-28 11:17:00.000000000,BEST_ASK,"JPM,100778,150"
2019-06-28 11:17:00.000000000,LAST_TRADE,"8,$100778.0000"
2019-06-28 11:17:00.000000000,QUERY_SPREAD,89
2019-06-28 11:17:00.000000000,BEST_BID,"JPM,100758,138"
2019-06-28 11:17:00.000000000,BEST_ASK,"JPM,100778,143"
2019-06-28 11:17:00.000000000,LAST_TRADE,"7,$100778.0000"
2019-06-28 11:17:00.000000000,QUERY_SPREAD,90
2019-06-28 11:17:00.000000000,BEST_BID,"JPM,100758,138"
2019-06-28 11:17:00.000000000,BEST_ASK,"JPM,100778,137"
2019-06-28 11:17:00.000000000,LAST_TRADE,"6,$100778.0000"
2019-06-28 11:17:00.000000000,QUERY_SPREAD,91
2019-06-28 11:17:00.000000000,BEST_BID,"JPM,100758,138"
2019-06-28 11:17:00.000000000,BEST_ASK,"JPM,100778,132"
2019-06-28 11:17:00.000000000,LAST_TRADE,"5,$100778.0000"
2019-06-28 11:17:00.000000000,QUERY_SPREAD,92
2019-06-28 11:17:00.000000000,BEST_BID,"JPM,100758,138"
2019-06-28 11:17:00.000000000,BEST_ASK,"JPM,100778,131"
2019-06-28 11:17:00.000000000,LAST_TRADE,"1,$100778.0000"
2019-06-28 11:17:00.000000000,QUERY_SPREAD,93
2019-06-28 11:17:00.000000000,BEST_BID,"JPM,100758,138"
2019-06-28 11:17:00.000000000,BEST_ASK,"JPM,100778,129"
2019-06-28 11:17:00.000000000,LAST_TRADE,"2,$100778.0000"
2019-06-28 11:17:00.000000000,QUERY_SPREAD,94
2019-06-28 11:17:00.000000000,BEST_BID,"JPM,100758,138"
2019-06-28 11:17:00.000000000,BEST_ASK,"JPM,100778,127"
2019-06-28 11:17:00.000000000,LAST_TRADE,"2,$100778.0000"
2019-06-28 11:17:00.000000000,QUERY_SPREAD,95
2019-06-28 11:17:00.000000000,BEST_BID,"JPM,100758,138"
2019-06-28 11:17:00.000000000,BEST_ASK,"JPM,100778,120"
2019-06-28 11:17:00.000000000,LAST_TRADE,"7,$100778.0000"
2019-06-28 11:17:00.000000000,QUERY_SPREAD,96
2019-06-28 11:17:00.000000000,BEST_BID,"JPM,100758,138"
2019-06-28 11:17:00.000000000,BEST_ASK,"JPM,100778,113"
2019-06-28 11:17:00.000000000,LAST_TRADE,"7,$100778.0000"
2019-06-28 11:17:00.000000000,QUERY_SPREAD,97
2019-06-28 11:17:00.000000000,BEST_BID,"JPM,100758,138"
2019-06-28 11:17:00.000000000,BEST_ASK,"JPM,100778,107"
2019-06-28 11:17:00.000000000,LAST_TRADE,"6,$100778.0000"
2019-06-28 11:17:00.000000000,QUERY_SPREAD,98
2019-06-28 11:17:00.000000000,BEST_BID,"JPM,100758,138"
2019-06-28 11:17:00.000000000,BEST_ASK,"JPM,100778,103"
2019-06-28 11:17:00.000000000,LAST_TRADE,"4,$100778.0000"
2019-06-28 11:17:00.000000000,QUERY_SPREAD,99
2019-06-28 11:17:00.000000000,BEST_BID,"JPM,100758,138"
2019-06-28 11:17:00.000000000,BEST_ASK,"JPM,100778,101"
2019-06-28 11:17:00.000000000,LAST_TRADE,"2,$100778.0000"
2019-06-28 11:17:00.000000000,QUERY_SPREAD,100
2019-06-28 11:17:00.000000000,BEST_BID,"JPM,100758,138"
2019-06-28 11:17:00.000000000,BEST_ASK,"JPM,100778,95"
2019-06-28 11:17:00.000000000,LAST_TRADE,"6,$100778.0000"
2019-06-28 11:17:00.000000000,QUERY_SPREAD,101
2019-06-28 11:17:00.000000000,QUERY_ORDER_STREAM,101
2019-06-28 11:17:00.000000000,BEST_BID,"JPM,100758,138"
2019-06-28 11:17:00.000000000,BEST_ASK,"JPM,100778,103"
2019-06-28 11:17:04.490274951,QUERY_SPREAD,17
2019-06-28 11:17:04.490274951,BEST_BID,"JPM,100758,138"
2019-06-28 11:17:04.490274951,BEST_ASK,"JPM,100778,103"
2019-06-28 11:17:10.000000000,QUERY_SPREAD,1
2019-06-28 11:17:10.000000000,BEST_BID,"JPM,100758,138"
2019-06-28 11:17:10.000000000,BEST_ASK,"JPM,100778,8"
2019-06-28 11:17:10.000000000,BEST_BID,"JPM,100758,138"
2019-06-28 11:17:10.000000000,BEST_ASK,"JPM,100778,8"
2019-06-28 11:17:10.000000000,BEST_BID,"JPM,100758,138"
2019-06-28 11:17:10.000000000,BEST_ASK,"JPM,100778,8"
2019-06-28 11:17:10.000000000,BEST_BID,"JPM,100758,138"
2019-06-28 11:17:10.000000000,BEST_ASK,"JPM,100778,120"
2019-06-28 11:17:10.000000000,BEST_BID,"JPM,100758,138"
2019-06-28 11:17:10.000000000,BEST_ASK,"JPM,100778,120"
2019-06-28 11:17:10.000000000,BEST_BID,"JPM,100758,138"
2019-06-28 11:17:10.000000000,BEST_ASK,"JPM,100778,120"
2019-06-28 11:17:12.292445698,QUERY_SPREAD,17
2019-06-28 11:17:12.292445698,BEST_BID,"JPM,100758,138"
2019-06-28 11:17:12.292445698,BEST_ASK,"JPM,100778,120"
2019-06-28 11:17:20.000000000,QUERY_SPREAD,1
2019-06-28 11:17:20.000000000,BEST_BID,"JPM,100758,190"
2019-06-28 11:17:20.000000000,BEST_ASK,"JPM,100778,8"
2019-06-28 11:17:20.000000000,BEST_BID,"JPM,100758,190"
2019-06-28 11:17:20.000000000,BEST_ASK,"JPM,100778,8"
2019-06-28 11:17:20.000000000,BEST_BID,"JPM,100758,190"
2019-06-28 11:17:20.000000000,BEST_ASK,"JPM,100778,172"
2019-06-28 11:17:20.000000000,BEST_BID,"JPM,100758,190"
2019-06-28 11:17:20.000000000,BEST_ASK,"JPM,100778,172"
2019-06-28 11:17:30.000000000,QUERY_SPREAD,1
2019-06-28 11:17:30.000000000,BEST_BID,"JPM,100758,190"
2019-06-28 11:17:30.000000000,BEST_ASK,"JPM,100778,8"
2019-06-28 11:17:30.000000000,BEST_BID,"JPM,100758,190"
2019-06-28 11:17:30.000000000,BEST_ASK,"JPM,100778,8"
2019-06-28 11:17:30.000000000,BEST_BID,"JPM,100758,190"
2019-06-28 11:17:30.000000000,BEST_ASK,"JPM,100778,172"
2019-06-28 11:17:30.000000000,BEST_BID,"JPM,100758,190"
2019-06-28 11:17:30.000000000,BEST_ASK,"JPM,100778,172"
2019-06-28 11:17:31.309886399,QUERY_ORDER_STREAM,53
2019-06-28 11:17:31.309886399,QUERY_SPREAD,53
2019-06-28 11:17:31.309886399,BEST_BID,"JPM,100758,190"
2019-06-28 11:17:31.309886399,BEST_ASK,"JPM,100778,272"
2019-06-28 11:17:35.241353596,QUERY_ORDER_STREAM,59
2019-06-28 11:17:35.241353596,QUERY_SPREAD,59
2019-06-28 11:17:39.730130280,QUERY_SPREAD,23
2019-06-28 11:17:39.730130280,BEST_BID,"JPM,100758,190"
2019-06-28 11:17:39.730130280,BEST_ASK,"JPM,100778,272"
2019-06-28 11:17:40.000000000,QUERY_SPREAD,1
2019-06-28 11:17:40.000000000,BEST_BID,"JPM,100758,138"
2019-06-28 11:17:40.000000000,BEST_ASK,"JPM,100778,108"
2019-06-28 11:17:40.000000000,BEST_BID,"JPM,100758,138"
2019-06-28 11:17:40.000000000,BEST_ASK,"JPM,100778,108"
2019-06-28 11:17:40.000000000,BEST_BID,"JPM,100758,138"
2019-06-28 11:17:40.000000000,BEST_ASK,"JPM,100778,108"
2019-06-28 11:17:40.000000000,BEST_BID,"JPM,100758,138"
2019-06-28 11:17:40.000000000,BEST_ASK,"JPM,100778,220"
2019-06-28 11:17:40.000000000,BEST_BID,"JPM,100758,138"
2019-06-28 11:17:40.000000000,BEST_ASK,"JPM,100778,220"
2019-06-28 11:17:40.000000000,BEST_BID,"JPM,100758,138"
2019-06-28 11:17:40.000000000,BEST_ASK,"JPM,100778,220"
2019-06-28 11:17:50.000000000,QUERY_SPREAD,1
2019-06-28 11:17:50.000000000,BEST_BID,"JPM,100758,108"
2019-06-28 11:17:50.000000000,BEST_ASK,"JPM,100778,108"
2019-06-28 11:17:50.000000000,BEST_BID,"JPM,100758,108"
2019-06-28 11:17:50.000000000,BEST_ASK,"JPM,100778,108"
2019-06-28 11:17:50.000000000,BEST_BID,"JPM,100758,108"
2019-06-28 11:17:50.000000000,BEST_ASK,"JPM,100778,108"
2019-06-28 11:17:50.000000000,BEST_BID,"JPM,100758,108"
2019-06-28 11:17:50.000000000,BEST_ASK,"JPM,100778,108"
2019-06-28 11:17:50.000000000,BEST_BID,"JPM,100758,108"
2019-06-28 11:17:50.000000000,BEST_ASK,"JPM,100778,190"
2019-06-28 11:17:50.000000000,BEST_BID,"JPM,100758,108"
2019-06-28 11:17:50.000000000,BEST_ASK,"JPM,100778,190"
2019-06-28 11:17:50.000000000,BEST_BID,"JPM,100758,108"
2019-06-28 11:17:50.000000000,BEST_ASK,"JPM,100778,190"
2019-06-28 11:17:50.000000000,BEST_BID,"JPM,100758,108"
2019-06-28 11:17:50.000000000,BEST_ASK,"JPM,100778,190"
2019-06-28 11:18:00.000000000,QUERY_SPREAD,1
2019-06-28 11:18:00.000000000,BEST_BID,"JPM,100758,108"
2019-06-28 11:18:00.000000000,BEST_ASK,"JPM,100778,108"
2019-06-28 11:18:00.000000000,BEST_BID,"JPM,100758,108"
2019-06-28 11:18:00.000000000,BEST_ASK,"JPM,100778,108"
2019-06-28 11:18:00.000000000,BEST_BID,"JPM,100758,108"
2019-06-28 11:18:00.000000000,BEST_ASK,"JPM,100778,108"
2019-06-28 11:18:00.000000000,BEST_BID,"JPM,100758,108"
2019-06-28 11:18:00.000000000,BEST_ASK,"JPM,100778,108"
2019-06-28 11:18:00.000000000,BEST_BID,"JPM,100758,108"
2019-06-28 11:18:00.000000000,BEST_ASK,"JPM,100778,190"
2019-06-28 11:18:00.000000000,BEST_BID,"JPM,100758,108"
2019-06-28 11:18:00.000000000,BEST_ASK,"JPM,100778,190"
2019-06-28 11:18:00.000000000,BEST_BID,"JPM,100758,108"
2019-06-28 11:18:00.000000000,BEST_ASK,"JPM,100778,190"
2019-06-28 11:18:00.000000000,BEST_BID,"JPM,100758,108"
2019-06-28 11:18:00.000000000,BEST_ASK,"JPM,100778,190"
2019-06-28 11:18:00.000000000,QUERY_SPREAD,77
2019-06-28 11:18:00.000000000,BEST_BID,"JPM,100758,108"
2019-06-28 11:18:00.000000000,BEST_ASK,"JPM,100778,186"
2019-06-28 11:18:00.000000000,LAST_TRADE,"4,$100778.0000"
2019-06-28 11:18:00.000000000,QUERY_SPREAD,78
2019-06-28 11:18:00.000000000,BEST_BID,"JPM,100758,108"
2019-06-28 11:18:00.000000000,BEST_ASK,"JPM,100778,178"
2019-06-28 11:18:00.000000000,LAST_TRADE,"8,$100778.0000"
2019-06-28 11:18:00.000000000,QUERY_SPREAD,79
2019-06-28 11:18:00.000000000,BEST_BID,"JPM,100758,108"
2019-06-28 11:18:00.000000000,BEST_ASK,"JPM,100778,177"
2019-06-28 11:18:00.000000000,LAST_TRADE,"1,$100778.0000"
2019-06-28 11:18:00.000000000,QUERY_SPREAD,80
2019-06-28 11:18:00.000000000,BEST_BID,"JPM,100758,108"
2019-06-28 11:18:00.000000000,BEST_ASK,"JPM,100778,172"
2019-06-28 11:18:00.000000000,LAST_TRADE,"5,$100778.0000"
2019-06-28 11:18:00.000000000,QUERY_SPREAD,81
2019-06-28 11:18:00.000000000,BEST_BID,"JPM,100758,108"
2019-06-28 11:18:00.000000000,BEST_ASK,"JPM,100778,167"
2019-06-28 11:18:00.000000000,LAST_TRADE,"5,$100778.0000"
2019-06-28 11:18:00.000000000,QUERY_SPREAD,82
2019-06-28 11:18:00.000000000,BEST_BID,"JPM,100758,108"
2019-06-28 11:18:00.000000000,BEST_ASK,"JPM,100778,161"
2019-06-28 11:18:00.000000000,LAST_TRADE,"6,$100778.0000"
2019-06-28 11:18:00.000000000,QUERY_SPREAD,83
2019-06-28 11:18:00.000000000,BEST_BID,"JPM,100758,108"
2019-06-28 11:18:00.000000000,BEST_ASK,"JPM,100778,157"
2019-06-28 11:18:00.000000000,LAST_TRADE,"4,$100778.0000"
2019-06-28 11:18:00.000000000,QUERY_SPREAD,84
2019-06-28 11:18:00.000000000,BEST_BID,"JPM,100758,108"
2019-06-28 11:18:00.000000000,BEST_ASK,"JPM,100778,152"
2019-06-28 11:18:00.000000000,LAST_TRADE,"5,$100778.0000"
2019-06-28 11:18:00.000000000,QUERY_SPREAD,85
2019-06-28 11:18:00.000000000,BEST_BID,"JPM,100758,108"
2019-06-28 11:18:00.000000000,BEST_ASK,"JPM,100778,147"
2019-06-28 11:18:00.000000000,LAST_TRADE,"5,$100778.0000"
2019-06-28 11:18:00.000000000,QUERY_SPREAD,86
2019-06-28 11:18:00.000000000,BEST_BID,"JPM,100758,108"
2019-06-28 11:18:00.000000000,BEST_ASK,"JPM,100778,138"
2019-06-28 11:18:00.000000000,LAST_TRADE,"9,$100778.0000"
2019-06-28 11:18:00.000000000,QUERY_SPREAD,87
2019-06-28 11:18:00.000000000,BEST_BID,"JPM,100758,108"
2019-06-28 11:18:00.000000000,BEST_ASK,"JPM,100778,136"
2019-06-28 11:18:00.000000000,LAST_TRADE,"2,$100778.0000"
2019-06-28 11:18:00.000000000,QUERY_SPREAD,88
2019-06-28 11:18:00.000000000,BEST_BID,"JPM,100758,108"
2019-06-28 11:18:00.000000000,BEST_ASK,"JPM,100778,128"
2019-06-28 11:18:00.000000000,LAST_TRADE,"8,$100778.0000"
2019-06-28 11:18:00.000000000,QUERY_SPREAD,89
2019-06-28 11:18:00.000000000,BEST_BID,"JPM,100758,108"
2019-06-28 11:18:00.000000000,BEST_ASK,"JPM,100778,121"
2019-06-28 11:18:00.000000000,LAST_TRADE,"7,$100778.0000"
2019-06-28 11:18:00.000000000,QUERY_SPREAD,90
2019-06-28 11:18:00.000000000,BEST_BID,"JPM,100758,108"
2019-06-28 11:18:00.000000000,BEST_ASK,"JPM,100778,115"
2019-06-28 11:18:00.000000000,LAST_TRADE,"6,$100778.0000"
2019-06-28 11:18:00.000000000,QUERY_SPREAD,91
2019-06-28 11:18:00.000000000,BEST_BID,"JPM,100758,108"
2019-06-28 11:18:00.000000000,BEST_ASK,"JPM,100778,110"
2019-06-28 11:18:00.000000000,LAST_TRADE,"5,$100778.0000"
2019-06-28 11:18:00.000000000,QUERY_SPREAD,92
2019-06-28 11:18:00.000000000,BEST_BID,"JPM,100758,108"
2019-06-28 11:18:00.000000000,BEST_ASK,"JPM,100778,109"
2019-06-28 11:18:00.000000000,LAST_TRADE,"1,$100778.0000"
2019-06-28 11:18:00.000000000,QUERY_SPREAD,93
2019-06-28 11:18:00.000000000,BEST_BID,"JPM,100758,108"
2019-06-28 11:18:00.000000000,BEST_ASK,"JPM,100778,107"
2019-06-28 11:18:00.000000000,LAST_TRADE,"2,$100778.0000"
2019-06-28 11:18:00.000000000,QUERY_SPREAD,94
2019-06-28 11:18:00.000000000,BEST_BID,"JPM,100758,108"
2019-06-28 11:18:00.000000000,BEST_ASK,"JPM,100778,105"
2019-06-28 11:18:00.000000000,LAST_TRADE,"2,$100778.0000"
2019-06-28 11:18:00.000000000,QUERY_SPREAD,95
2019-06-28 11:18:00.000000000,BEST_BID,"JPM,100758,108"
2019-06-28 11:18:00.000000000,BEST_ASK,"JPM,100778,98"
2019-06-28 11:18:00.000000000,LAST_TRADE,"7,$100778.0000"
2019-06-28 11:18:00.000000000,QUERY_SPREAD,96
2019-06-28 11:18:00.000000000,BEST_BID,"JPM,100758,108"
2019-06-28 11:18:00.000000000,BEST_ASK,"JPM,100778,91"
2019-06-28 11:18:00.000000000,LAST_TRADE,"7,$100778.0000"
2019-06-28 11:18:00.000000000,QUERY_SPREAD,97
2019-06-28 11:18:00.000000000,BEST_BID,"JPM,100758,108"
2019-06-28 11:18:00.000000000,BEST_ASK,"JPM,100778,85"
2019-06-28 11:18:00.000000000,LAST_TRADE,"6,$100778.0000"
2019-06-28 11:18:00.000000000,QUERY_SPREAD,98
2019-06-28 11:18:00.000000000,BEST_BID,"JPM,100758,108"
2019-06-28 11:18:00.000000000,BEST_ASK,"JPM,100778,81"
2019-06-28 11:18:00.000000000,LAST_TRADE,"4,$100778.0000"
2019-06-28 11:18:00.000000000,QUERY_SPREAD,99
2019-06-28 11:18:00.000000000,BEST_BID,"JPM,100758,108"
2019-06-28 11:18:00.000000000,BEST_ASK,"JPM,100778,79"
2019-06-28 11:18:00.000000000,LAST_TRADE,"2,$100778.0000"
2019-06-28 11:18:00.000000000,QUERY_SPREAD,100
2019-06-28 11:18:00.000000000,BEST_BID,"JPM,100758,108"
2019-06-28 11:18:00.000000000,BEST_ASK,"JPM,100778,73"
2019-06-28 11:18:00.000000000,LAST_TRADE,"6,$100778.0000"
2019-06-28 11:18:00.000000000,QUERY_SPREAD,101
2019-06-28 11:18:00.000000000,QUERY_ORDER_STREAM,101
2019-06-28 11:18:00.000000000,BEST_BID,"JPM,100758,108"
2019-06-28 11:18:00.000000000,BEST_ASK,"JPM,100778,81"
2019-06-28 11:18:00.742819590,QUERY_SPREAD,47
2019-06-28 11:18:00.742819590,BEST_BID,"JPM,100758,8"
2019-06-28 11:18:00.742819590,BEST_ASK,"JPM,100778,81"
2019-06-28 11:18:00.742819590,LAST_TRADE,"100,$100758.0000"
2019-06-28 11:18:04.395340347,QUERY_SPREAD,5
2019-06-28 11:18:04.395340347,BEST_BID,"JPM,100740,83"
2019-06-28 11:18:04.395340347,BEST_ASK,"JPM,100758,92"
2019-06-28 11:18:04.395340347,LAST_TRADE,"8,$100758.0000"
2019-06-28 11:18:10.000000000,QUERY_SPREAD,1
2019-06-28 11:18:10.000000000,BEST_BID,"JPM,100740,329"
2019-06-28 11:18:10.000000000,BEST_ASK,"JPM,100758,92"
2019-06-28 11:18:10.000000000,BEST_BID,"JPM,100740,329"
2019-06-28 11:18:10.000000000,BEST_ASK,"JPM,100758,420"
2019-06-28 11:18:10.183721654,QUERY_ORDER_STREAM,56
2019-06-28 11:18:10.183721654,QUERY_SPREAD,56
2019-06-28 11:18:11.743968542,QUERY_ORDER_STREAM,52
2019-06-28 11:18:11.743968542,QUERY_SPREAD,52
2019-06-28 11:18:20.000000000,QUERY_SPREAD,1
2019-06-28 11:18:20.000000000,BEST_BID,"JPM,100740,113"
2019-06-28 11:18:20.000000000,BEST_ASK,"JPM,100758,92"
2019-06-28 11:18:20.000000000,BEST_BID,"JPM,100740,113"
2019-06-28 11:18:20.000000000,BEST_ASK,"JPM,100758,92"
2019-06-28 11:18:20.000000000,BEST_BID,"JPM,100740,113"
2019-06-28 11:18:20.000000000,BEST_ASK,"JPM,100758,92"
2019-06-28 11:18:20.000000000,BEST_BID,"JPM,100740,113"
2019-06-28 11:18:20.000000000,BEST_ASK,"JPM,100758,204"
2019-06-28 11:18:20.000000000,BEST_BID,"JPM,100740,113"
2019-06-28 11:18:20.000000000,BEST_ASK,"JPM,100758,204"
2019-06-28 11:18:20.000000000,BEST_BID,"JPM,100740,113"
2019-06-28 11:18:20.000000000,BEST_ASK,"JPM,100758,204"
2019-06-28 11:18:21.086970400,QUERY_ORDER_STREAM,66
2019-06-28 11:18:21.086970400,QUERY_SPREAD,66
2019-06-28 11:18:25.648975717,QUERY_SPREAD,51
2019-06-28 11:18:25.648975717,BEST_BID,"JPM,100740,13"
2019-06-28 11:18:25.648975717,BEST_ASK,"JPM,100758,204"
2019-06-28 11:18:25.648975717,LAST_TRADE,"100,$100740.0000"
2019-06-28 11:18:30.000000000,QUERY_SPREAD,1
2019-06-28 11:18:30.000000000,BEST_BID,"JPM,100647,212"
2019-06-28 11:18:30.000000000,BEST_ASK,"JPM,100758,92"
2019-06-28 11:18:30.000000000,BEST_BID,"JPM,100647,212"
2019-06-28 11:18:30.000000000,BEST_ASK,"JPM,100758,92"
2019-06-28 11:18:30.000000000,BEST_BID,"JPM,100647,212"
2019-06-28 11:18:30.000000000,BEST_ASK,"JPM,100758,92"
2019-06-28 11:18:30.000000000,BEST_BID,"JPM,100647,212"
2019-06-28 11:18:30.000000000,BEST_ASK,"JPM,100758,204"
2019-06-28 11:18:30.000000000,BEST_BID,"JPM,100647,212"
2019-06-28 11:18:30.000000000,BEST_ASK,"JPM,100758,204"
2019-06-28 11:18:30.000000000,BEST_BID,"JPM,100647,212"
2019-06-28 11:18:30.000000000,BEST_ASK,"JPM,100758,204"
2019-06-28 11:18:38.139919082,QUERY_ORDER_STREAM,60
2019-06-28 11:18:38.139919082,QUERY_SPREAD,60
2019-06-28 11:18:38.139919082,BEST_BID,"JPM,100741,100"
2019-06-28 11:18:38.139919082,BEST_ASK,"JPM,100758,204"
2019-06-28 11:18:40.000000000,QUERY_SPREAD,1
2019-06-28 11:18:40.000000000,BEST_BID,"JPM,100741,182"
2019-06-28 11:18:40.000000000,BEST_ASK,"JPM,100758,92"
2019-06-28 11:18:40.000000000,BEST_BID,"JPM,100741,182"
2019-06-28 11:18:40.000000000,BEST_ASK,"JPM,100758,92"
2019-06-28 11:18:40.000000000,BEST_BID,"JPM,100741,182"
2019-06-28 11:18:40.000000000,BEST_ASK,"JPM,100758,92"
2019-06-28 11:18:40.000000000,BEST_BID,"JPM,100741,182"
2019-06-28 11:18:40.000000000,BEST_ASK,"JPM,100758,92"
2019-06-28 11:18:40.000000000,BEST_BID,"JPM,100741,182"
2019-06-28 11:18:40.000000000,BEST_ASK,"JPM,100758,174"
2019-06-28 11:18:40.000000000,BEST_BID,"JPM,100741,182"
2019-06-28 11:18:40.000000000,BEST_ASK,"JPM,100758,174"
2019-06-28 11:18:40.000000000,BEST_BID,"JPM,100741,182"
2019-06-28 11:18:40.000000000,BEST_ASK,"JPM,100758,174"
2019-06-28 11:18:40.000000000,BEST_BID,"JPM,100741,182"
2019-06-28 11:18:40.000000000,BEST_ASK,"JPM,100758,174"
2019-06-28 11:18:50.000000000,QUERY_SPREAD,1
2019-06-28 11:18:50.000000000,BEST_BID,"JPM,100741,428"
2019-06-28 11:18:50.000000000,BEST_ASK,"JPM,100758,92"
2019-06-28 11:18:50.000000000,BEST_BID,"JPM,100741,428"
2019-06-28 11:18:50.000000000,BEST_ASK,"JPM,100758,420"
2019-06-28 11:19:00.000000000,QUERY_SPREAD,1
2019-06-28 11:19:00.000000000,BEST_BID,"JPM,100741,182"
2019-06-28 11:19:00.000000000,BEST_ASK,"JPM,100758,92"
2019-06-28 11:19:00.000000000,BEST_BID,"JPM,100741,182"
2019-06-28 11:19:00.000000000,BEST_ASK,"JPM,100758,92"
2019-06-28 11:19:00.000000000,BEST_BID,"JPM,100741,182"
2019-06-28 11:19:00.000000000,BEST_ASK,"JPM,100758,92"
2019-06-28 11:19:00.000000000,BEST_BID,"JPM,100741,182"
2019-06-28 11:19:00.000000000,BEST_ASK,"JPM,100758,92"
2019-06-28 11:19:00.000000000,BEST_BID,"JPM,100741,182"
2019-06-28 11:19:00.000000000,BEST_ASK,"JPM,100758,174"
2019-06-28 11:19:00.000000000,BEST_BID,"JPM,100741,182"
2019-06-28 11:19:00.000000000,BEST_ASK,"JPM,100758,174"
2019-06-28 11:19:00.000000000,BEST_BID,"JPM,100741,182"
2019-06-28 11:19:00.000000000,BEST_ASK,"JPM,100758,174"
2019-06-28 11:19:00.000000000,BEST_BID,"JPM,100741,182"
2019-06-28 11:19:00.000000000,BEST_ASK,"JPM,100758,174"
2019-06-28 11:19:00.000000000,QUERY_SPREAD,77
2019-06-28 11:19:00.000000000,BEST_BID,"JPM,100741,182"
2019-06-28 11:19:00.000000000,BEST_ASK,"JPM,100758,170"
2019-06-28 11:19:00.000000000,LAST_TRADE,"4,$100758.0000"
2019-06-28 11:19:00.000000000,QUERY_SPREAD,78
2019-06-28 11:19:00.000000000,BEST_BID,"JPM,100741,182"
2019-06-28 11:19:00.000000000,BEST_ASK,"JPM,100758,162"
2019-06-28 11:19:00.000000000,LAST_TRADE,"8,$100758.0000"
2019-06-28 11:19:00.000000000,QUERY_SPREAD,79
2019-06-28 11:19:00.000000000,BEST_BID,"JPM,100741,182"
2019-06-28 11:19:00.000000000,BEST_ASK,"JPM,100758,161"
2019-06-28 11:19:00.000000000,LAST_TRADE,"1,$100758.0000"
2019-06-28 11:19:00.000000000,QUERY_SPREAD,80
2019-06-28 11:19:00.000000000,BEST_BID,"JPM,100741,182"
2019-06-28 11:19:00.000000000,BEST_ASK,"JPM,100758,156"
2019-06-28 11:19:00.000000000,LAST_TRADE,"5,$100758.0000"
2019-06-28 11:19:00.000000000,QUERY_SPREAD,81
2019-06-28 11:19:00.000000000,BEST_BID,"JPM,100741,182"
2019-06-28 11:19:00.000000000,BEST_ASK,"JPM,100758,151"
2019-06-28 11:19:00.000000000,LAST_TRADE,"5,$100758.0000"
2019-06-28 11:19:00.000000000,QUERY_SPREAD,82
2019-06-28 11:19:00.000000000,BEST_BID,"JPM,100741,182"
2019-06-28 11:19:00.000000000,BEST_ASK,"JPM,100758,145"
2019-06-28 11:19:00.000000000,LAST_TRADE,"6,$100758.0000"
2019-06-28 11:19:00.000000000,QUERY_SPREAD,83
2019-06-28 11:19:00.000000000,BEST_BID,"JPM,100741,182"
2019-06-28 11:19:00.000000000,BEST_ASK,"JPM,100758,141"
2019-06-28 11:19:00.000000000,LAST_TRADE,"4,$100758.0000"
2019-06-28 11:19:00.000000000,QUERY_SPREAD,84
2019-06-28 11:19:00.000000000,BEST_BID,"JPM,100741,182"
2019-06-28 11:19:00.000000000,BEST_ASK,"JPM,100758,136"
2019-06-28 11:19:00.000000000,LAST_TRADE,"5,$100758.0000"
2019-06-28 11:19:00.000000000,QUERY_SPREAD,85
2019-06-28 11:19:00.000000000,BEST_BID,"JPM,100741,182"
2019-06-28 11:19:00.000000000,BEST_ASK,"JPM,100758,131"
2019-06-28 11:19:00.000000000,LAST_TRADE,"5,$100758.0000"
2019-06-28 11:19:00.000000000,QUERY_SPREAD,86
2019-06-28 11:19:00.000000000,BEST_BID,"JPM,100741,182"
2019-06-28 11:19:00.000000000,BEST_ASK,"JPM,100758,122"
2019-06-28 11:19:00.000000000,LAST_TRADE,"9,$100758.0000"
2019-06-28 11:19:00.000000000,QUERY_SPREAD,87
2019-06-28 11:19:00.000000000,BEST_BID,"JPM,100741,182"
2019-06-28 11:19:00.000000000,BEST_ASK,"JPM,100758,120"
2019-06-28 11:19:00.000000000,LAST_TRADE,"2,$100758.0000"
2019-06-28 11:19:00.000000000,QUERY_SPREAD,88
2019-06-28 11:19:00.000000000,BEST_BID,"JPM,100741,182"
2019-06-28 11:19:00.000000000,BEST_ASK,"JPM,100758,112"
2019-06-28 11:19:00.000000000,LAST_TRADE,"8,$100758.0000"
2019-06-28 11:19:00.000000000,QUERY_SPREAD,89
2019-06-28 11:19:00.000000000,BEST_BID,"JPM,100741,182"
2019-06-28 11:19:00.000000000,BEST_ASK,"JPM,100758,105"
2019-06-28 11:19:00.000000000,LAST_TRADE,"7,$100758.0000"
2019-06-28 11:19:00.000000000,QUERY_SPREAD,90
2019-06-28 11:19:00.000000000,BEST_BID,"JPM,100741,182"
2019-06-28 11:19:00.000000000,BEST_ASK,"JPM,100758,99"
2019-06-28 11:19:00.000000000,LAST_TRADE,"6,$100758.0000"
2019-06-28 11:19:00.000000000,QUERY_SPREAD,91
2019-06-28 11:19:00.000000000,BEST_BID,"JPM,100741,182"
2019-06-28 11:19:00.000000000,BEST_ASK,"JPM,100758,94"
2019-06-28 11:19:00.000000000,LAST_TRADE,"5,$100758.0000"
2019-06-28 11:19:00.000000000,QUERY_SPREAD,92
2019-06-28 11:19:00.000000000,BEST_BID,"JPM,100741,182"
2019-06-28 11:19:00.000000000,BEST_ASK,"JPM,100758,93"
2019-06-28 11:19:00.000000000,LAST_TRADE,"1,$100758.0000"
2019-06-28 11:19:00.000000000,QUERY_SPREAD,93
2019-06-28 11:19:00.000000000,BEST_BID,"JPM,100741,182"
2019-06-28 11:19:00.000000000,BEST_ASK,"JPM,100758,91"
2019-06-28 11:19:00.000000000,LAST_TRADE,"2,$100758.0000"
2019-06-28 11:19:00.000000000,QUERY_SPREAD,94
2019-06-28 11:19:00.000000000,BEST_BID,"JPM,100741,182"
2019-06-28 11:19:00.000000000,BEST_ASK,"JPM,100758,89"
2019-06-28 11:19:00.000000000,LAST_TRADE,"2,$100758.0000"
2019-06-28 11:19:00.000000000,QUERY_SPREAD,95
2019-06-28 11:19:00.000000000,BEST_BID,"JPM,100741,182"
2019-06-28 11:19:00.000000000,BEST_ASK,"JPM,100758,82"
2019-06-28 11:19:00.000000000,LAST_TRADE,"7,$100758.0000"
2019-06-28 11:19:00.000000000,QUERY_SPREAD,96
2019-06-28 11:19:00.000000000,BEST_BID,"JPM,100741,182"
2019-06-28 11:19:00.000000000,BEST_ASK,"JPM,100758,75"
2019-06-28 11:19:00.000000000,LAST_TRADE,"7,$100758.0000"
2019-06-28 11:19:00.000000000,QUERY_SPREAD,97
2019-06-28 11:19:00.000000000,BEST_BID,"JPM,100741,182"
2019-06-28 11:19:00.000000000,BEST_ASK,"JPM,100758,69"
2019-06-28 11:19:00.000000000,LAST_TRADE,"6,$100758.0000"
2019-06-28 11:19:00.000000000,QUERY_SPREAD,98
2019-06-28 11:19:00.000000000,BEST_BID,"JPM,100741,182"
2019-06-28 11:19:00.000000000,BEST_ASK,"JPM,100758,65"
2019-06-28 11:19:00.000000000,LAST_TRADE,"4,$100758.0000"
2019-06-28 11:19:00.000000000,QUERY_SPREAD,99
2019-06-28 11:19:00.000000000,BEST_BID,"JPM,100741,182"
2019-06-28 11:19:00.000000000,BEST_ASK,"JPM,100758,63"
2019-06-28 11:19:00.000000000,LAST_TRADE,"2,$100758.0000"
2019-06-28 11:19:00.000000000,QUERY_SPREAD,100
2019-06-28 11:19:00.000000000,BEST_BID,"JPM,100741,182"
2019-06-28 11:19:00.000000000,BEST_ASK,"JPM,100758,57"
2019-06-28 11:19:00.000000000,LAST_TRADE,"6,$100758.0000"
2019-06-28 11:19:00.000000000,QUERY_SPREAD,101
2019-06-28 11:19:00.000000000,QUERY_ORDER_STREAM,101
2019-06-28 11:19:01.275218527,QUERY_SPREAD,6
2019-06-28 11:19:01.275218527,BEST_BID,"JPM,100741,182"
2019-06-28 11:19:01.275218527,BEST_ASK,"JPM,100758,57"
2019-06-28 11:19:04.031977478,QUERY_SPREAD,9
2019-06-28 11:19:04.031977478,BEST_BID,"JPM,100741,182"
2019-06-28 11:19:04.031977478,BEST_ASK,"JPM,100758,57"
2019-06-28 11:19:10.000000000,QUERY_SPREAD,1
2019-06-28 11:19:10.000000000,BEST_BID,"JPM,100741,264"
2019-06-28 11:19:10.000000000,BEST_ASK,"JPM,100778,8"
2019-06-28 11:19:10.000000000,BEST_BID,"JPM,100741,264"
2019-06-28 11:19:10.000000000,BEST_ASK,"JPM,100778,8"
2019-06-28 11:19:10.000000000,BEST_BID,"JPM,100741,264"
2019-06-28 11:19:10.000000000,BEST_ASK,"JPM,100778,172"
2019-06-28 11:19:10.000000000,BEST_BID,"JPM,100741,264"
2019-06-28 11:19:10.000000000,BEST_ASK,"JPM,100778,172"
2019-06-28 11:19:20.000000000,QUERY_SPREAD,1
2019-06-28 11:19:20.000000000,BEST_BID,"JPM,100741,182"
2019-06-28 11:19:20.000000000,BEST_ASK,"JPM,100778,8"
2019-06-28 11:19:20.000000000,BEST_BID,"JPM,100741,182"
2019-06-28 11:19:20.000000000,BEST_ASK,"JPM,100778,8"
2019-06-28 11:19:20.000000000,BEST_BID,"JPM,100741,182"
2019-06-28 11:19:20.000000000,BEST_ASK,"JPM,100778,8"
2019-06-28 11:19:20.000000000,BEST_BID,"JPM,100741,182"
2019-06-28 11:19:20.000000000,BEST_ASK,"JPM,100778,8"
2019-06-28 11:19:20.000000000,BEST_BID,"JPM,100741,182"
2019-06-28 11:19:20.000000000,BEST_ASK,"JPM,100778,90"
2019-06-28 11:19:20.000000000,BEST_BID,"JPM,100741,182"
2019-06-28 11:19:20.000000000,BEST_ASK,"JPM,100778,90"
2019-06-28 11:19:20.000000000,BEST_BID,"JPM,100741,182"
2019-06-28 11:19:20.000000000,BEST_ASK,"JPM,100778,90"
2019-06-28 11:19:20.000000000,BEST_BID,"JPM,100741,182"
2019-06-28 11:19:20.000000000,BEST_ASK,"JPM,100778,90"
2019-06-28 11:19:30.000000000,QUERY_SPREAD,1
2019-06-28 11:19:30.000000000,BEST_BID,"JPM,100741,212"
2019-06-28 11:19:30.000000000,BEST_ASK,"JPM,100778,8"
2019-06-28 11:19:30.000000000,BEST_BID,"JPM,100741,212"
2019-06-28 11:19:30.000000000,BEST_ASK,"JPM,100778,8"
2019-06-28 11:19:30.000000000,BEST_BID,"JPM,100741,212"
2019-06-28 11:19:30.000000000,BEST_ASK,"JPM,100778,8"
2019-06-28 11:19:30.000000000,BEST_BID,"JPM,100741,212"
2019-06-28 11:19:30.000000000,BEST_ASK,"JPM,100778,120"
2019-06-28 11:19:30.000000000,BEST_BID,"JPM,100741,212"
2019-06-28 11:19:30.000000000,BEST_ASK,"JPM,100778,120"
2019-06-28 11:19:30.000000000,BEST_BID,"JPM,100741,212"
2019-06-28 11:19:30.000000000,BEST_ASK,"JPM,100778,120"
2019-06-28 11:19:40.000000000,QUERY_SPREAD,1
2019-06-28 11:19:40.000000000,BEST_BID,"JPM,100741,166"
2019-06-28 11:19:40.000000000,BEST_ASK,"JPM,100778,8"
2019-06-28 11:19:40.000000000,BEST_BID,"JPM,100741,166"
2019-06-28 11:19:40.000000000,BEST_ASK,"JPM,100778,8"
2019-06-28 11:19:40.000000000,BEST_BID,"JPM,100741,166"
2019-06-28 11:19:40.000000000,BEST_ASK,"JPM,100778,8"
2019-06-28 11:19:40.000000000,BEST_BID,"JPM,100741,166"
2019-06-28 11:19:40.000000000,BEST_ASK,"JPM,100778,8"
2019-06-28 11:19:40.000000000,BEST_BID,"JPM,100741,166"
2019-06-28 11:19:40.000000000,BEST_ASK,"JPM,100778,8"
2019-06-28 11:19:40.000000000,BEST_BID,"JPM,100741,166"
2019-06-28 11:19:40.000000000,BEST_ASK,"JPM,100778,74"
2019-06-28 11:19:40.000000000,BEST_BID,"JPM,100741,166"
2019-06-28 11:19:40.000000000,BEST_ASK,"JPM,100778,74"
2019-06-28 11:19:40.000000000,BEST_BID,"JPM,100741,166"
2019-06-28 11:19:40.000000000,BEST_ASK,"JPM,100778,74"
2019-06-28 11:19:40.000000000,BEST_BID,"JPM,100741,166"
2019-06-28 11:19:40.000000000,BEST_ASK,"JPM,100778,74"
2019-06-28 11:19:40.000000000,BEST_BID,"JPM,100741,166"
2019-06-28 11:19:40.000000000,BEST_ASK,"JPM,100778,74"
2019-06-28 11:19:45.003494279,QUERY_ORDER_STREAM,59
2019-06-28 11:19:45.003494279,QUERY_SPREAD,59
2019-06-28 11:19:45.003494279,BEST_BID,"JPM,100741,166"
2019-06-28 11:19:45.003494279,BEST_ASK,"JPM,100758,100"
2019-06-28 11:19:50.000000000,QUERY_SPREAD,1
2019-06-28 11:19:50.000000000,BEST_BID,"JPM,100741,182"
2019-06-28 11:19:50.000000000,BEST_ASK,"JPM,100758,100"
2019-06-28 11:19:50.000000000,BEST_BID,"JPM,100741,182"
2019-06-28 11:19:50.000000000,BEST_ASK,"JPM,100758,100"
2019-06-28 11:19:50.000000000,BEST_BID,"JPM,100741,182"
2019-06-28 11:19:50.000000000,BEST_ASK,"JPM,100758,100"
2019-06-28 11:19:50.000000000,BEST_BID,"JPM,100741,182"
2019-06-28 11:19:50.000000000,BEST_ASK,"JPM,100758,100"
2019-06-28 11:19:50.000000000,BEST_BID,"JPM,100741,182"
2019-06-28 11:19:50.000000000,BEST_ASK,"JPM,100758,182"
2019-06-28 11:19:50.000000000,BEST_BID,"JPM,100741,182"
2019-06-28 11:19:50.000000000,BEST_ASK,"JPM,100758,182"
2019-06-28 11:19:50.000000000,BEST_BID,"JPM,100741,182"
2019-06-28 11:19:50.000000000,BEST_ASK,"JPM,100758,182"
2019-06-28 11:19:50.000000000,BEST_BID,"JPM,100741,182"
2019-06-28 11:19:50.000000000,BEST_ASK,"JPM,100758,182"
2019-06-28 11:19:50.878345714,QUERY_ORDER_STREAM,54
2019-06-28 11:19:50.878345714,QUERY_SPREAD,54
2019-06-28 11:19:55.780191632,QUERY_SPREAD,47
2019-06-28 11:19:55.780191632,BEST_BID,"JPM,100741,82"
2019-06-28 11:19:55.780191632,BEST_ASK,"JPM,100758,182"
2019-06-28 11:19:55.780191632,LAST_TRADE,"100,$100741.0000"
2019-06-28 11:19:58.672539668,QUERY_SPREAD,22
2019-06-28 11:19:58.672539668,BEST_BID,"JPM,100741,82"
2019-06-28 11:19:58.672539668,BEST_ASK,"JPM,100758,182"
2019-06-28 11:20:00.000000000,QUERY_SPREAD,1
2019-06-28 11:20:00.000000000,BEST_BID,"JPM,100647,166"
2019-06-28 11:20:00.000000000,BEST_ASK,"JPM,100758,100"
2019-06-28 11:20:00.000000000,BEST_BID,"JPM,100647,166"
2019-06-28 11:20:00.000000000,BEST_ASK,"JPM,100758,100"
2019-06-28 11:20:00.000000000,BEST_BID,"JPM,100647,166"
2019-06-28 11:20:00.000000000,BEST_ASK,"JPM,100758,100"
2019-06-28 11:20:00.000000000,BEST_BID,"JPM,100647,166"
2019-06-28 11:20:00.000000000,BEST_ASK,"JPM,100758,100"
2019-06-28 11:20:00.000000000,BEST_BID,"JPM,100647,166"
2019-06-28 11:20:00.000000000,BEST_ASK,"JPM,100758,100"
2019-06-28 11:20:00.000000000,BEST_BID,"JPM,100647,166"
2019-06-28 11:20:00.000000000,BEST_ASK,"JPM,100758,166"
2019-06-28 11:20:00.000000000,BEST_BID,"JPM,100647,166"
2019-06-28 11:20:00.000000000,BEST_ASK,"JPM,100758,166"
2019-06-28 11:20:00.000000000,BEST_BID,"JPM,100647,166"
2019-06-28 11:20:00.000000000,BEST_ASK,"JPM,100758,166"
2019-06-28 11:20:00.000000000,BEST_BID,"JPM,100647,166"
2019-06-28 11:20:00.000000000,BEST_ASK,"JPM,100758,166"
2019-06-28 11:20:00.000000000,BEST_BID,"JPM,100647,166"
2019-06-28 11:20:00.000000000,BEST_ASK,"JPM,100758,166"
2019-06-28 11:20:00.000000000,QUERY_SPREAD,77
2019-06-28 11:20:00.000000000,BEST_BID,"JPM,100647,166"
2019-06-28 11:20:00.000000000,BEST_ASK,"JPM,100758,162"
2019-06-28 11:20:00.000000000,LAST_TRADE,"4,$100758.0000"
2019-06-28 11:20:00.000000000,QUERY_SPREAD,78
2019-06-28 11:20:00.000000000,BEST_BID,"JPM,100647,166"
2019-06-28 11:20:00.000000000,BEST_ASK,"JPM,100758,154"
2019-06-28 11:20:00.000000000,LAST_TRADE,"8,$100758.0000"
2019-06-28 11:20:00.000000000,QUERY_SPREAD,79
2019-06-28 11:20:00.000000000,BEST_BID,"JPM,100647,166"
2019-06-28 11:20:00.000000000,BEST_ASK,"JPM,100758,153"
2019-06-28 11:20:00.000000000,LAST_TRADE,"1,$100758.0000"
2019-06-28 11:20:00.000000000,QUERY_SPREAD,80
2019-06-28 11:20:00.000000000,BEST_BID,"JPM,100647,166"
2019-06-28 11:20:00.000000000,BEST_ASK,"JPM,100758,148"
2019-06-28 11:20:00.000000000,LAST_TRADE,"5,$100758.0000"
2019-06-28 11:20:00.000000000,QUERY_SPREAD,81
2019-06-28 11:20:00.000000000,BEST_BID,"JPM,100647,166"
2019-06-28 11:20:00.000000000,BEST_ASK,"JPM,100758,143"
2019-06-28 11:20:00.000000000,LAST_TRADE,"5,$100758.0000"
2019-06-28 11:20:00.000000000,QUERY_SPREAD,82
2019-06-28 11:20:00.000000000,BEST_BID,"JPM,100647,166"
2019-06-28 11:20:00.000000000,BEST_ASK,"JPM,100758,137"
2019-06-28 11:20:00.000000000,LAST_TRADE,"6,$100758.0000"
2019-06-28 11:20:00.000000000,QUERY_SPREAD,83
2019-06-28 11:20:00.000000000,BEST_BID,"JPM,100647,166"
2019-06-28 11:20:00.000000000,BEST_ASK,"JPM,100758,133"
2019-06-28 11:20:00.000000000,LAST_TRADE,"4,$100758.0000"
2019-06-28 11:20:00.000000000,QUERY_SPREAD,84
2019-06-28 11:20:00.000000000,BEST_BID,"JPM,100647,166"
2019-06-28 11:20:00.000000000,BEST_ASK,"JPM,100758,128"
2019-06-28 11:20:00.000000000,LAST_TRADE,"5,$100758.0000"
2019-06-28 11:20:00.000000000,QUERY_SPREAD,85
2019-06-28 11:20:00.000000000,BEST_BID,"JPM,100647,166"
2019-06-28 11:20:00.000000000,BEST_ASK,"JPM,100758,123"
2019-06-28 11:20:00.000000000,LAST_TRADE,"5,$100758.0000"
2019-06-28 11:20:00.000000000,QUERY_SPREAD,86
2019-06-28 11:20:00.000000000,BEST_BID,"JPM,100647,166"
2019-06-28 11:20:00.000000000,BEST_ASK,"JPM,100758,114"
2019-06-28 11:20:00.000000000,LAST_TRADE,"9,$100758.0000"
2019-06-28 11:20:00.000000000,QUERY_SPREAD,87
2019-06-28 11:20:00.000000000,BEST_BID,"JPM,100647,166"
2019-06-28 11:20:00.000000000,BEST_ASK,"JPM,100758,112"
2019-06-28 11:20:00.000000000,LAST_TRADE,"2,$100758.0000"
2019-06-28 11:20:00.000000000,QUERY_SPREAD,88
2019-06-28 11:20:00.000000000,BEST_BID,"JPM,100647,166"
2019-06-28 11:20:00.000000000,BEST_ASK,"JPM,100758,104"
2019-06-28 11:20:00.000000000,LAST_TRADE,"8,$100758.0000"
2019-06-28 11:20:00.000000000,QUERY_SPREAD,89
2019-06-28 11:20:00.000000000,BEST_BID,"JPM,100647,166"
2019-06-28 11:20:00.000000000,BEST_ASK,"JPM,100758,97"
2019-06-28 11:20:00.000000000,LAST_TRADE,"7,$100758.0000"
2019-06-28 11:20:00.000000000,QUERY_SPREAD,90
2019-06-28 11:20:00.000000000,BEST_BID,"JPM,100647,166"
2019-06-28 11:20:00.000000000,BEST_ASK,"JPM,100758,91"
2019-06-28 11:20:00.000000000,LAST_TRADE,"6,$100758.0000"
2019-06-28 11:20:00.000000000,QUERY_SPREAD,91
2019-06-28 11:20:00.000000000,BEST_BID,"JPM,100647,166"
2019-06-28 11:20:00.000000000,BEST_ASK,"JPM,100758,86"
2019-06-28 11:20:00.000000000,LAST_TRADE,"5,$100758.0000"
2019-06-28 11:20:00.000000000,QUERY_SPREAD,92
2019-06-28 11:20:00.000000000,BEST_BID,"JPM,100647,166"
2019-06-28 11:20:00.000000000,BEST_ASK,"JPM,100758,85"
2019-06-28 11:20:00.000000000,LAST_TRADE,"1,$100758.0000"
2019-06-28 11:20:00.000000000,QUERY_SPREAD,93
2019-06-28 11:20:00.000000000,BEST_BID,"JPM,100647,166"
2019-06-28 11:20:00.000000000,BEST_ASK,"JPM,100758,83"
2019-06-28 11:20:00.000000000,LAST_TRADE,"2,$100758.0000"
2019-06-28 11:20:00.000000000,QUERY_SPREAD,94
2019-06-28 11:20:00.000000000,BEST_BID,"JPM,100647,166"
2019-06-28 11:20:00.000000000,BEST_ASK,"JPM,100758,81"
2019-06-28 11:20:00.000000000,LAST_TRADE,"2,$100758.0000"
2019-06-28 11:20:00.000000000,QUERY_SPREAD,95
2019-06-28 11:20:00.000000000,BEST_BID,"JPM,100647,166"
2019-06-28 11:20:00.000000000,BEST_ASK,"JPM,100758,74"
2019-06-28 11:20:00.000000000,LAST_TRADE,"7,$100758.0000"
2019-06-28 11:20:00.000000000,QUERY_SPREAD,96
2019-06-28 11:20:00.000000000,BEST_BID,"JPM,100647,166"
2019-06-28 11:20:00.000000000,BEST_ASK,"JPM,100758,67"
2019-06-28 11:20:00.000000000,LAST_TRADE,"7,$100758.0000"
2019-06-28 11:20:00.000000000,QUERY_SPREAD,97
2019-06-28 11:20:00.000000000,BEST_BID,"JPM,100647,166"
2019-06-28 11:20:00.000000000,BEST_ASK,"JPM,100758,61"
2019-06-28 11:20:00.000000000,LAST_TRADE,"6,$100758.0000"
2019-06-28 11:20:00.000000000,QUERY_SPREAD,98
2019-06-28 11:20:00.000000000,BEST_BID,"JPM,100647,166"
2019-06-28 11:20:00.000000000,BEST_ASK,"JPM,100758,57"
2019-06-28 11:20:00.000000000,LAST_TRADE,"4,$100758.0000"
2019-06-28 11:20:00.000000000,QUERY_SPREAD,99
2019-06-28 11:20:00.000000000,BEST_BID,"JPM,100647,166"
2019-06-28 11:20:00.000000000,BEST_ASK,"JPM,100758,55"
2019-06-28 11:20:00.000000000,LAST_TRADE,"2,$100758.0000"
2019-06-28 11:20:00.000000000,QUERY_SPREAD,100
2019-06-28 11:20:00.000000000,BEST_BID,"JPM,100647,166"
2019-06-28 11:20:00.000000000,BEST_ASK,"JPM,100758,49"
2019-06-28 11:20:00.000000000,LAST_TRADE,"6,$100758.0000"
2019-06-28 11:20:00.000000000,QUERY_SPREAD,101
2019-06-28 11:20:00.000000000,QUERY_ORDER_STREAM,101
2019-06-28 11:20:10.000000000,QUERY_SPREAD,1
2019-06-28 11:20:10.000000000,BEST_BID,"JPM,100647,182"
2019-06-28 11:20:10.000000000,BEST_ASK,"JPM,100778,8"
2019-06-28 11:20:10.000000000,BEST_BID,"JPM,100647,182"
2019-06-28 11:20:10.000000000,BEST_ASK,"JPM,100778,8"
2019-06-28 11:20:10.000000000,BEST_BID,"JPM,100647,182"
2019-06-28 11:20:10.000000000,BEST_ASK,"JPM,100778,8"
2019-06-28 11:20:10.000000000,BEST_BID,"JPM,100647,182"
2019-06-28 11:20:10.000000000,BEST_ASK,"JPM,100778,8"
2019-06-28 11:20:10.000000000,BEST_BID,"JPM,100647,182"
2019-06-28 11:20:10.000000000,BEST_ASK,"JPM,100778,90"
2019-06-28 11:20:10.000000000,BEST_BID,"JPM,100647,182"
2019-06-28 11:20:10.000000000,BEST_ASK,"JPM,100778,90"
2019-06-28 11:20:10.000000000,BEST_BID,"JPM,100647,182"
2019-06-28 11:20:10.000000000,BEST_ASK,"JPM,100778,90"
2019-06-28 11:20:10.000000000,BEST_BID,"JPM,100647,182"
2019-06-28 11:20:10.000000000,BEST_ASK,"JPM,100778,90"
2019-06-28 11:20:11.710700790,QUERY_ORDER_STREAM,61
2019-06-28 11:20:11.710700790,QUERY_SPREAD,61
2019-06-28 11:20:11.710700790,BEST_BID,"JPM,100647,182"
2019-06-28 11:20:11.710700790,BEST_ASK,"JPM,100758,100"
2019-06-28 11:20:13.702847655,QUERY_SPREAD,26
2019-06-28 11:20:13.702847655,BEST_BID,"JPM,100647,82"
2019-06-28 11:20:13.702847655,BEST_ASK,"JPM,100758,100"
2019-06-28 11:20:13.702847655,LAST_TRADE,"100,$100647.0000"
2019-06-28 11:20:16.429532022,QUERY_ORDER_STREAM,68
2019-06-28 11:20:16.429532022,QUERY_SPREAD,68
2019-06-28 11:20:20.000000000,QUERY_SPREAD,1
2019-06-28 11:20:20.000000000,BEST_BID,"JPM,100596,338"
2019-06-28 11:20:20.000000000,BEST_ASK,"JPM,100758,100"
2019-06-28 11:20:20.000000000,BEST_BID,"JPM,100596,338"
2019-06-28 11:20:20.000000000,BEST_ASK,"JPM,100758,428"
2019-06-28 11:20:22.941277788,QUERY_ORDER_STREAM,71
2019-06-28 11:20:22.941277788,QUERY_SPREAD,71
2019-06-28 11:20:22.941277788,BEST_BID,"JPM,100596,338"
2019-06-28 11:20:22.941277788,BEST_ASK,"JPM,100757,100"
2019-06-28 11:20:30.000000000,QUERY_SPREAD,1
2019-06-28 11:20:30.000000000,BEST_BID,"JPM,100596,76"
2019-06-28 11:20:30.000000000,BEST_ASK,"JPM,100757,100"
2019-06-28 11:20:30.000000000,BEST_BID,"JPM,100596,76"
2019-06-28 11:20:30.000000000,BEST_ASK,"JPM,100757,100"
2019-06-28 11:20:30.000000000,BEST_BID,"JPM,100596,76"
2019-06-28 11:20:30.000000000,BEST_ASK,"JPM,100757,100"
2019-06-28 11:20:30.000000000,BEST_BID,"JPM,100596,76"
2019-06-28 11:20:30.000000000,BEST_ASK,"JPM,100757,100"
2019-06-28 11:20:30.000000000,BEST_BID,"JPM,100596,76"
2019-06-28 11:20:30.000000000,BEST_ASK,"JPM,100757,100"
2019-06-28 11:20:30.000000000,BEST_BID,"JPM,100596,76"
2019-06-28 11:20:30.000000000,BEST_ASK,"JPM,100757,166"
2019-06-28 11:20:30.000000000,BEST_BID,"JPM,100596,76"
2019-06-28 11:20:30.000000000,BEST_ASK,"JPM,100757,166"
2019-06-28 11:20:30.000000000,BEST_BID,"JPM,100596,76"
2019-06-28 11:20:30.000000000,BEST_ASK,"JPM,100757,166"
2019-06-28 11:20:30.000000000,BEST_BID,"JPM,100596,76"
2019-06-28 11:20:30.000000000,BEST_ASK,"JPM,100757,166"
2019-06-28 11:20:30.000000000,BEST_BID,"JPM,100596,76"
2019-06-28 11:20:30.000000000,BEST_ASK,"JPM,100757,166"
2019-06-28 11:20:40.000000000,QUERY_SPREAD,1
2019-06-28 11:20:40.000000000,BEST_BID,"JPM,100596,122"
2019-06-28 11:20:40.000000000,BEST_ASK,"JPM,100757,100"
2019-06-28 11:20:40.000000000,BEST_BID,"JPM,100596,122"
2019-06-28 11:20:40.000000000,BEST_ASK,"JPM,100757,100"
2019-06-28 11:20:40.000000000,BEST_BID,"JPM,100596,122"
2019-06-28 11:20:40.000000000,BEST_ASK,"JPM,100757,100"
2019-06-28 11:20:40.000000000,BEST_BID,"JPM,100596,122"
2019-06-28 11:20:40.000000000,BEST_ASK,"JPM,100757,212"
2019-06-28 11:20:40.000000000,BEST_BID,"JPM,100596,122"
2019-06-28 11:20:40.000000000,BEST_ASK,"JPM,100757,212"
2019-06-28 11:20:40.000000000,BEST_BID,"JPM,100596,122"
2019-06-28 11:20:40.000000000,BEST_ASK,"JPM,100757,212"
2019-06-28 11:20:42.043558165,QUERY_ORDER_STREAM,75
2019-06-28 11:20:42.043558165,QUERY_SPREAD,75
2019-06-28 11:20:42.043558165,BEST_BID,"JPM,100596,122"
2019-06-28 11:20:42.043558165,BEST_ASK,"JPM,100757,312"
2019-06-28 11:20:50.000000000,QUERY_SPREAD,1
2019-06-28 11:20:50.000000000,BEST_BID,"JPM,100596,122"
2019-06-28 11:20:50.000000000,BEST_ASK,"JPM,100757,200"
2019-06-28 11:20:50.000000000,BEST_BID,"JPM,100596,122"
2019-06-28 11:20:50.000000000,BEST_ASK,"JPM,100757,200"
2019-06-28 11:20:50.000000000,BEST_BID,"JPM,100596,122"
2019-06-28 11:20:50.000000000,BEST_ASK,"JPM,100757,200"
2019-06-28 11:20:50.000000000,BEST_BID,"JPM,100596,122"
2019-06-28 11:20:50.000000000,BEST_ASK,"JPM,100757,312"
2019-06-28 11:20:50.000000000,BEST_BID,"JPM,100596,122"
2019-06-28 11:20:50.000000000,BEST_ASK,"JPM,100757,312"
2019-06-28 11:20:50.000000000,BEST_BID,"JPM,100596,122"
2019-06-28 11:20:50.000000000,BEST_ASK,"JPM,100757,312"
2019-06-28 11:21:00.000000000,QUERY_SPREAD,1
2019-06-28 11:21:00.000000000,BEST_BID,"JPM,100596,92"
2019-06-28 11:21:00.000000000,BEST_ASK,"JPM,100757,200"
2019-06-28 11:21:00.000000000,BEST_BID,"JPM,100596,92"
2019-06-28 11:21:00.000000000,BEST_ASK,"JPM,100757,200"
2019-06-28 11:21:00.000000000,BEST_BID,"JPM,100596,92"
2019-06-28 11:21:00.000000000,BEST_ASK,"JPM,100757,200"
2019-06-28 11:21:00.000000000,BEST_BID,"JPM,100596,92"
2019-06-28 11:21:00.000000000,BEST_ASK,"JPM,100757,200"
2019-06-28 11:21:00.000000000,BEST_BID,"JPM,100596,92"
2019-06-28 11:21:00.000000000,BEST_ASK,"JPM,100757,282"
2019-06-28 11:21:00.000000000,BEST_BID,"JPM,100596,92"
2019-06-28 11:21:00.000000000,BEST_ASK,"JPM,100757,282"
2019-06-28 11:21:00.000000000,BEST_BID,"JPM,100596,92"
2019-06-28 11:21:00.000000000,BEST_ASK,"JPM,100757,282"
2019-06-28 11:21:00.000000000,BEST_BID,"JPM,100596,92"
2019-06-28 11:21:00.000000000,BEST_ASK,"JPM,100757,282"
2019-06-28 11:21:00.000000000,QUERY_SPREAD,77
2019-06-28 11:21:00.000000000,BEST_BID,"JPM,100596,92"
2019-06-28 11:21:00.000000000,BEST_ASK,"JPM,100757,278"
2019-06-28 11:21:00.000000000,LAST_TRADE,"4,$100757.0000"
2019-06-28 11:21:00.000000000,QUERY_SPREAD,78
2019-06-28 11:21:00.000000000,BEST_BID,"JPM,100596,92"
2019-06-28 11:21:00.000000000,BEST_ASK,"JPM,100757,270"
2019-06-28 11:21:00.000000000,LAST_TRADE,"8,$100757.0000"
2019-06-28 11:21:00.000000000,QUERY_SPREAD,79
2019-06-28 11:21:00.000000000,BEST_BID,"JPM,100596,92"
2019-06-28 11:21:00.000000000,BEST_ASK,"JPM,100757,269"
2019-06-28 11:21:00.000000000,LAST_TRADE,"1,$100757.0000"
2019-06-28 11:21:00.000000000,QUERY_SPREAD,80
2019-06-28 11:21:00.000000000,BEST_BID,"JPM,100596,92"
2019-06-28 11:21:00.000000000,BEST_ASK,"JPM,100757,264"
2019-06-28 11:21:00.000000000,LAST_TRADE,"5,$100757.0000"
2019-06-28 11:21:00.000000000,QUERY_SPREAD,81
2019-06-28 11:21:00.000000000,BEST_BID,"JPM,100596,92"
2019-06-28 11:21:00.000000000,BEST_ASK,"JPM,100757,259"
2019-06-28 11:21:00.000000000,LAST_TRADE,"5,$100757.0000"
2019-06-28 11:21:00.000000000,QUERY_SPREAD,82
2019-06-28 11:21:00.000000000,BEST_BID,"JPM,100596,92"
2019-06-28 11:21:00.000000000,BEST_ASK,"JPM,100757,253"
2019-06-28 11:21:00.000000000,LAST_TRADE,"6,$100757.0000"
2019-06-28 11:21:00.000000000,QUERY_SPREAD,83
2019-06-28 11:21:00.000000000,BEST_BID,"JPM,100596,92"
2019-06-28 11:21:00.000000000,BEST_ASK,"JPM,100757,249"
2019-06-28 11:21:00.000000000,LAST_TRADE,"4,$100757.0000"
2019-06-28 11:21:00.000000000,QUERY_SPREAD,84
2019-06-28 11:21:00.000000000,BEST_BID,"JPM,100596,92"
2019-06-28 11:21:00.000000000,BEST_ASK,"JPM,100757,244"
2019-06-28 11:21:00.000000000,LAST_TRADE,"5,$100757.0000"
2019-06-28 11:21:00.000000000,QUERY_SPREAD,85
2019-06-28 11:21:00.000000000,BEST_BID,"JPM,100596,92"
2019-06-28 11:21:00.000000000,BEST_ASK,"JPM,100757,239"
2019-06-28 11:21:00.000000000,LAST_TRADE,"5,$100757.0000"
2019-06-28 11:21:00.000000000,QUERY_SPREAD,86
2019-06-28 11:21:00.000000000,BEST_BID,"JPM,100596,92"
2019-06-28 11:21:00.000000000,BEST_ASK,"JPM,100757,230"
2019-06-28 11:21:00.000000000,LAST_TRADE,"9,$100757.0000"
2019-06-28 11:21:00.000000000,QUERY_SPREAD,87
2019-06-28 11:21:00.000000000,BEST_BID,"JPM,100596,92"
2019-06-28 11:21:00.000000000,BEST_ASK,"JPM,100757,228"
2019-06-28 11:21:00.000000000,LAST_TRADE,"2,$100757.0000"
2019-06-28 11:21:00.000000000,QUERY_SPREAD,88
2019-06-28 11:21:00.000000000,BEST_BID,"JPM,100596,92"
2019-06-28 11:21:00.000000000,BEST_ASK,"JPM,100757,220"
2019-06-28 11:21:00.000000000,LAST_TRADE,"8,$100757.0000"
2019-06-28 11:21:00.000000000,QUERY_SPREAD,89
2019-06-28 11:21:00.000000000,BEST_BID,"JPM,100596,92"
2019-06-28 11:21:00.000000000,BEST_ASK,"JPM,100757,213"
2019-06-28 11:21:00.000000000,LAST_TRADE,"7,$100757.0000"
2019-06-28 11:21:00.000000000,QUERY_SPREAD,90
2019-06-28 11:21:00.000000000,BEST_BID,"JPM,100596,92"
2019-06-28 11:21:00.000000000,BEST_ASK,"JPM,100757,207"
2019-06-28 11:21:00.000000000,LAST_TRADE,"6,$100757.0000"
2019-06-28 11:21:00.000000000,QUERY_SPREAD,91
2019-06-28 11:21:00.000000000,BEST_BID,"JPM,100596,92"
2019-06-28 11:21:00.000000000,BEST_ASK,"JPM,100757,202"
2019-06-28 11:21:00.000000000,LAST_TRADE,"5,$100757.0000"
2019-06-28 11:21:00.000000000,QUERY_SPREAD,92
2019-06-28 11:21:00.000000000,BEST_BID,"JPM,100596,92"
2019-06-28 11:21:00.000000000,BEST_ASK,"JPM,100757,201"
2019-06-28 11:21:00.000000000,LAST_TRADE,"1,$100757.0000"
2019-06-28 11:21:00.000000000,QUERY_SPREAD,93
2019-06-28 11:21:00.000000000,BEST_BID,"JPM,100596,92"
2019-06-28 11:21:00.000000000,BEST_ASK,"JPM,100757,199"
2019-06-28 11:21:00.000000000,LAST_TRADE,"2,$100757.0000"
2019-06-28 11:21:00.000000000,QUERY_SPREAD,94
2019-06-28 11:21:00.000000000,BEST_BID,"JPM,100596,92"
2019-06-28 11:21:00.000000000,BEST_ASK,"JPM,100757,197"
2019-06-28 11:21:00.000000000,LAST_TRADE,"2,$100757.0000"
2019-06-28 11:21:00.000000000,QUERY_SPREAD,95
2019-06-28 11:21:00.000000000,BEST_BID,"JPM,100596,92"
2019-06-28 11:21:00.000000000,BEST_ASK,"JPM,100757,190"
2019-06-28 11:21:00.000000000,LAST_TRADE,"7,$100757.0000"
2019-06-28 11:21:00.000000000,QUERY_SPREAD,96
2019-06-28 11:21:00.000000000,BEST_BID,"JPM,100596,92"
2019-06-28 11:21:00.000000000,BEST_ASK,"JPM,100757,183"
2019-06-28 11:21:00.000000000,LAST_TRADE,"7,$100757.0000"
2019-06-28 11:21:00.000000000,QUERY_SPREAD,97
2019-06-28 11:21:00.000000000,BEST_BID,"JPM,100596,92"
2019-06-28 11:21:00.000000000,BEST_ASK,"JPM,100757,177"
2019-06-28 11:21:00.000000000,LAST_TRADE,"6,$100757.0000"
2019-06-28 11:21:00.000000000,QUERY_SPREAD,98
2019-06-28 11:21:00.000000000,BEST_BID,"JPM,100596,92"
2019-06-28 11:21:00.000000000,BEST_ASK,"JPM,100757,173"
2019-06-28 11:21:00.000000000,LAST_TRADE,"4,$100757.0000"
2019-06-28 11:21:00.000000000,QUERY_SPREAD,99
2019-06-28 11:21:00.000000000,BEST_BID,"JPM,100596,92"
2019-06-28 11:21:00.000000000,BEST_ASK,"JPM,100757,171"
2019-06-28 11:21:00.000000000,LAST_TRADE,"2,$100757.0000"
2019-06-28 11:21:00.000000000,QUERY_SPREAD,100
2019-06-28 11:21:00.000000000,BEST_BID,"JPM,100596,92"
2019-06-28 11:21:00.000000000,BEST_ASK,"JPM,100757,165"
2019-06-28 11:21:00.000000000,LAST_TRADE,"6,$100757.0000"
2019-06-28 11:21:00.000000000,QUERY_SPREAD,101
2019-06-28 11:21:00.000000000,QUERY_ORDER_STREAM,101
2019-06-28 11:21:10.000000000,QUERY_SPREAD,1
2019-06-28 11:21:10.000000000,BEST_BID,"JPM,100596,76"
2019-06-28 11:21:10.000000000,BEST_ASK,"JPM,100757,83"
2019-06-28 11:21:10.000000000,BEST_BID,"JPM,100596,76"
2019-06-28 11:21:10.000000000,BEST_ASK,"JPM,100757,83"
2019-06-28 11:21:10.000000000,BEST_BID,"JPM,100596,76"
2019-06-28 11:21:10.000000000,BEST_ASK,"JPM,100757,83"
2019-06-28 11:21:10.000000000,BEST_BID,"JPM,100596,76"
2019-06-28 11:21:10.000000000,BEST_ASK,"JPM,100757,83"
2019-06-28 11:21:10.000000000,BEST_BID,"JPM,100596,76"
2019-06-28 11:21:10.000000000,BEST_ASK,"JPM,100757,83"
2019-06-28 11:21:10.000000000,BEST_BID,"JPM,100596,76"
2019-06-28 11:21:10.000000000,BEST_ASK,"JPM,100757,149"
2019-06-28 11:21:10.000000000,BEST_BID,"JPM,100596,76"
2019-06-28 11:21:10.000000000,BEST_ASK,"JPM,100757,149"
2019-06-28 11:21:10.000000000,BEST_BID,"JPM,100596,76"
2019-06-28 11:21:10.000000000,BEST_ASK,"JPM,100757,149"
2019-06-28 11:21:10.000000000,BEST_BID,"JPM,100596,76"
2019-06-28 11:21:10.000000000,BEST_ASK,"JPM,100757,149"
2019-06-28 11:21:10.000000000,BEST_BID,"JPM,100596,76"
2019-06-28 11:21:10.000000000,BEST_ASK,"JPM,100757,149"
2019-06-28 11:21:17.881457490,QUERY_SPREAD,27
2019-06-28 11:21:17.881457490,BEST_BID,"JPM,100596,76"
2019-06-28 11:21:17.881457490,BEST_ASK,"JPM,100757,49"
2019-06-28 11:21:17.881457490,LAST_TRADE,"100,$100757.0000"
2019-06-28 11:21:20.000000000,QUERY_SPREAD,1
2019-06-28 11:21:20.000000000,BEST_BID,"JPM,100596,76"
2019-06-28 11:21:20.000000000,BEST_ASK,"JPM,100758,100"
2019-06-28 11:21:20.000000000,BEST_BID,"JPM,100596,76"
2019-06-28 11:21:20.000000000,BEST_ASK,"JPM,100758,100"
2019-06-28 11:21:20.000000000,BEST_BID,"JPM,100596,76"
2019-06-28 11:21:20.000000000,BEST_ASK,"JPM,100758,100"
2019-06-28 11:21:20.000000000,BEST_BID,"JPM,100596,76"
2019-06-28 11:21:20.000000000,BEST_ASK,"JPM,100758,100"
2019-06-28 11:21:20.000000000,BEST_BID,"JPM,100596,76"
2019-06-28 11:21:20.000000000,BEST_ASK,"JPM,100758,100"
2019-06-28 11:21:20.000000000,BEST_BID,"JPM,100596,76"
2019-06-28 11:21:20.000000000,BEST_ASK,"JPM,100758,166"
2019-06-28 11:21:20.000000000,BEST_BID,"JPM,100596,76"
2019-06-28 11:21:20.000000000,BEST_ASK,"JPM,100758,166"
2019-06-28 11:21:20.000000000,BEST_BID,"JPM,100596,76"
2019-06-28 11:21:20.000000000,BEST_ASK,"JPM,100758,166"
2019-06-28 11:21:20.000000000,BEST_BID,"JPM,100596,76"
2019-06-28 11:21:20.000000000,BEST_ASK,"JPM,100758,166"
2019-06-28 11:21:20.000000000,BEST_BID,"JPM,100596,76"
2019-06-28 11:21:20.000000000,BEST_ASK,"JPM,100758,166"
2019-06-28 11:21:22.843717570,QUERY_SPREAD,44
2019-06-28 11:21:22.843717570,BEST_BID,"JPM,100596,76"
2019-06-28 11:21:22.843717570,BEST_ASK,"JPM,100758,166"
2019-06-28 11:21:29.931091538,QUERY_SPREAD,45
2019-06-28 11:21:29.931091538,BEST_BID,"JPM,100596,66"
2019-06-28 11:21:29.931091538,BEST_ASK,"JPM,100758,166"
2019-06-28 11:21:30.000000000,QUERY_SPREAD,1
2019-06-28 11:21:30.000000000,BEST_BID,"JPM,100514,428"
2019-06-28 11:21:30.000000000,BEST_ASK,"JPM,100758,100"
2019-06-28 11:21:30.000000000,BEST_BID,"JPM,100514,428"
2019-06-28 11:21:30.000000000,BEST_ASK,"JPM,100758,428"
2019-06-28 11:21:35.347680690,QUERY_SPREAD,21
2019-06-28 11:21:35.347680690,BEST_BID,"JPM,100514,428"
2019-06-28 11:21:35.347680690,BEST_ASK,"JPM,100758,328"
2019-06-28 11:21:35.347680690,LAST_TRADE,"100,$100758.0000"
2019-06-28 11:21:36.345685242,QUERY_ORDER_STREAM,65
2019-06-28 11:21:36.345685242,QUERY_SPREAD,65
2019-06-28 11:21:40.000000000,QUERY_SPREAD,1
2019-06-28 11:21:40.000000000,BEST_BID,"JPM,100514,212"
2019-06-28 11:21:40.000000000,BEST_ASK,"JPM,100778,8"
2019-06-28 11:21:40.000000000,BEST_BID,"JPM,100514,212"
2019-06-28 11:21:40.000000000,BEST_ASK,"JPM,100778,8"
2019-06-28 11:21:40.000000000,BEST_BID,"JPM,100514,212"
2019-06-28 11:21:40.000000000,BEST_ASK,"JPM,100778,8"
2019-06-28 11:21:40.000000000,BEST_BID,"JPM,100514,212"
2019-06-28 11:21:40.000000000,BEST_ASK,"JPM,100778,120"
2019-06-28 11:21:40.000000000,BEST_BID,"JPM,100514,212"
2019-06-28 11:21:40.000000000,BEST_ASK,"JPM,100778,120"
2019-06-28 11:21:40.000000000,BEST_BID,"JPM,100514,212"
2019-06-28 11:21:40.000000000,BEST_ASK,"JPM,100778,120"
2019-06-28 11:21:40.459554844,QUERY_SPREAD,34
2019-06-28 11:21:40.459554844,BEST_BID,"JPM,100697,100"
2019-06-28 11:21:40.459554844,BEST_ASK,"JPM,100778,120"
2019-06-28 11:21:40.749563701,QUERY_ORDER_STREAM,56
2019-06-28 11:21:40.749563701,QUERY_SPREAD,56
2019-06-28 11:21:50.000000000,QUERY_SPREAD,1
2019-06-28 11:21:50.000000000,BEST_BID,"JPM,100697,166"
2019-06-28 11:21:50.000000000,BEST_ASK,"JPM,100778,8"
2019-06-28 11:21:50.000000000,BEST_BID,"JPM,100697,166"
2019-06-28 11:21:50.000000000,BEST_ASK,"JPM,100778,8"
2019-06-28 11:21:50.000000000,BEST_BID,"JPM,100697,166"
2019-06-28 11:21:50.000000000,BEST_ASK,"JPM,100778,8"
2019-06-28 11:21:50.000000000,BEST_BID,"JPM,100697,166"
2019-06-28 11:21:50.000000000,BEST_ASK,"JPM,100778,8"
2019-06-28 11:21:50.000000000,BEST_BID,"JPM,100697,166"
2019-06-28 11:21:50.000000000,BEST_ASK,"JPM,100778,8"
2019-06-28 11:21:50.000000000,BEST_BID,"JPM,100697,166"
2019-06-28 11:21:50.000000000,BEST_ASK,"JPM,100778,74"
2019-06-28 11:21:50.000000000,BEST_BID,"JPM,100697,166"
2019-06-28 11:21:50.000000000,BEST_ASK,"JPM,100778,74"
2019-06-28 11:21:50.000000000,BEST_BID,"JPM,100697,166"
2019-06-28 11:21:50.000000000,BEST_ASK,"JPM,100778,74"
2019-06-28 11:21:50.000000000,BEST_BID,"JPM,100697,166"
2019-06-28 11:21:50.000000000,BEST_ASK,"JPM,100778,74"
2019-06-28 11:21:50.000000000,BEST_BID,"JPM,100697,166"
2019-06-28 11:21:50.000000000,BEST_ASK,"JPM,100778,74"
2019-06-28 11:22:00.000000000,QUERY_SPREAD,1
2019-06-28 11:22:00.000000000,BEST_BID,"JPM,100697,264"
2019-06-28 11:22:00.000000000,BEST_ASK,"JPM,100778,8"
2019-06-28 11:22:00.000000000,BEST_BID,"JPM,100697,264"
2019-06-28 11:22:00.000000000,BEST_ASK,"JPM,100778,8"
2019-06-28 11:22:00.000000000,BEST_BID,"JPM,100697,264"
2019-06-28 11:22:00.000000000,BEST_ASK,"JPM,100778,172"
2019-06-28 11:22:00.000000000,BEST_BID,"JPM,100697,264"
2019-06-28 11:22:00.000000000,BEST_ASK,"JPM,100778,172"
2019-06-28 11:22:00.000000000,QUERY_SPREAD,77
2019-06-28 11:22:00.000000000,BEST_BID,"JPM,100697,264"
2019-06-28 11:22:00.000000000,BEST_ASK,"JPM,100778,168"
2019-06-28 11:22:00.000000000,LAST_TRADE,"4,$100778.0000"
2019-06-28 11:22:00.000000000,QUERY_SPREAD,78
2019-06-28 11:22:00.000000000,BEST_BID,"JPM,100697,264"
2019-06-28 11:22:00.000000000,BEST_ASK,"JPM,100778,160"
2019-06-28 11:22:00.000000000,LAST_TRADE,"8,$100778.0000"
2019-06-28 11:22:00.000000000,QUERY_SPREAD,79
2019-06-28 11:22:00.000000000,BEST_BID,"JPM,100697,264"
2019-06-28 11:22:00.000000000,BEST_ASK,"JPM,100778,159"
2019-06-28 11:22:00.000000000,LAST_TRADE,"1,$100778.0000"
2019-06-28 11:22:00.000000000,QUERY_SPREAD,80
2019-06-28 11:22:00.000000000,BEST_BID,"JPM,100697,264"
2019-06-28 11:22:00.000000000,BEST_ASK,"JPM,100778,154"
2019-06-28 11:22:00.000000000,LAST_TRADE,"5,$100778.0000"
2019-06-28 11:22:00.000000000,QUERY_SPREAD,81
2019-06-28 11:22:00.000000000,BEST_BID,"JPM,100697,264"
2019-06-28 11:22:00.000000000,BEST_ASK,"JPM,100778,149"
2019-06-28 11:22:00.000000000,LAST_TRADE,"5,$100778.0000"
2019-06-28 11:22:00.000000000,QUERY_SPREAD,82
2019-06-28 11:22:00.000000000,BEST_BID,"JPM,100697,264"
2019-06-28 11:22:00.000000000,BEST_ASK,"JPM,100778,143"
2019-06-28 11:22:00.000000000,LAST_TRADE,"6,$100778.0000"
2019-06-28 11:22:00.000000000,QUERY_SPREAD,83
2019-06-28 11:22:00.000000000,BEST_BID,"JPM,100697,264"
2019-06-28 11:22:00.000000000,BEST_ASK,"JPM,100778,139"
2019-06-28 11:22:00.000000000,LAST_TRADE,"4,$100778.0000"
2019-06-28 11:22:00.000000000,QUERY_SPREAD,84
2019-06-28 11:22:00.000000000,BEST_BID,"JPM,100697,264"
2019-06-28 11:22:00.000000000,BEST_ASK,"JPM,100778,134"
2019-06-28 11:22:00.000000000,LAST_TRADE,"5,$100778.0000"
2019-06-28 11:22:00.000000000,QUERY_SPREAD,85
2019-06-28 11:22:00.000000000,BEST_BID,"JPM,100697,264"
2019-06-28 11:22:00.000000000,BEST_ASK,"JPM,100778,129"
2019-06-28 11:22:00.000000000,LAST_TRADE,"5,$100778.0000"
2019-06-28 11:22:00.000000000,QUERY_SPREAD,86
2019-06-28 11:22:00.000000000,BEST_BID,"JPM,100697,264"
2019-06-28 11:22:00.000000000,BEST_ASK,"JPM,100778,120"
2019-06-28 11:22:00.000000000,LAST_TRADE,"9,$100778.0000"
2019-06-28 11:22:00.000000000,QUERY_SPREAD,87
2019-06-28 11:22:00.000000000,BEST_BID,"JPM,100697,264"
2019-06-28 11:22:00.000000000,BEST_ASK,"JPM,100778,118"
2019-06-28 11:22:00.000000000,LAST_TRADE,"2,$100778.0000"
2019-06-28 11:22:00.000000000,QUERY_SPREAD,88
2019-06-28 11:22:00.000000000,BEST_BID,"JPM,100697,264"
2019-06-28 11:22:00.000000000,BEST_ASK,"JPM,100778,110"
2019-06-28 11:22:00.000000000,LAST_TRADE,"8,$100778.0000"
2019-06-28 11:22:00.000000000,QUERY_SPREAD,89
2019-06-28 11:22:00.000000000,BEST_BID,"JPM,100697,264"
2019-06-28 11:22:00.000000000,BEST_ASK,"JPM,100778,103"
2019-06-28 11:22:00.000000000,LAST_TRADE,"7,$100778.0000"
2019-06-28 11:22:00.000000000,QUERY_SPREAD,90
2019-06-28 11:22:00.000000000,BEST_BID,"JPM,100697,264"
2019-06-28 11:22:00.000000000,BEST_ASK,"JPM,100778,97"
2019-06-28 11:22:00.000000000,LAST_TRADE,"6,$100778.0000"
2019-06-28 11:22:00.000000000,QUERY_SPREAD,91
2019-06-28 11:22:00.000000000,BEST_BID,"JPM,100697,264"
2019-06-28 11:22:00.000000000,BEST_ASK,"JPM,100778,92"
2019-06-28 11:22:00.000000000,LAST_TRADE,"5,$100778.0000"
2019-06-28 11:22:00.000000000,QUERY_SPREAD,92
2019-06-28 11:22:00.000000000,BEST_BID,"JPM,100697,264"
2019-06-28 11:22:00.000000000,BEST_ASK,"JPM,100778,91"
2019-06-28 11:22:00.000000000,LAST_TRADE,"1,$100778.0000"
2019-06-28 11:22:00.000000000,QUERY_SPREAD,93
2019-06-28 11:22:00.000000000,BEST_BID,"JPM,100697,264"
2019-06-28 11:22:00.000000000,BEST_ASK,"JPM,100778,89"
2019-06-28 11:22:00.000000000,LAST_TRADE,"2,$100778.0000"
2019-06-28 11:22:00.000000000,QUERY_SPREAD,94
2019-06-28 11:22:00.000000000,BEST_BID,"JPM,100697,264"
2019-06-28 11:22:00.000000000,BEST_ASK,"JPM,100778,87"
2019-06-28 11:22:00.000000000,LAST_TRADE,"2,$100778.0000"
2019-06-28 11:22:00.000000000,QUERY_SPREAD,95
2019-06-28 11:22:00.000000000,BEST_BID,"JPM,100697,264"
2019-06-28 11:22:00.000000000,BEST_ASK,"JPM,100778,80"
2019-06-28 11:22:00.000000000,LAST_TRADE,"7,$100778.0000"
2019-06-28 11:22:00.000000000,QUERY_SPREAD,96
2019-06-28 11:22:00.000000000,BEST_BID,"JPM,100697,264"
2019-06-28 11:22:00.000000000,BEST_ASK,"JPM,100778,73"
2019-06-28 11:22:00.000000000,LAST_TRADE,"7,$100778.0000"
2019-06-28 11:22:00.000000000,QUERY_SPREAD,97
2019-06-28 11:22:00.000000000,BEST_BID,"JPM,100697,264"
2019-06-28 11:22:00.000000000,BEST_ASK,"JPM,100778,67"
2019-06-28 11:22:00.000000000,LAST_TRADE,"6,$100778.0000"
2019-06-28 11:22:00.000000000,QUERY_SPREAD,98
2019-06-28 11:22:00.000000000,BEST_BID,"JPM,100697,264"
2019-06-28 11:22:00.000000000,BEST_ASK,"JPM,100778,63"
2019-06-28 11:22:00.000000000,LAST_TRADE,"4,$100778.0000"
2019-06-28 11:22:00.000000000,QUERY_SPREAD,99
2019-06-28 11:22:00.000000000,BEST_BID,"JPM,100697,264"
2019-06-28 11:22:00.000000000,BEST_ASK,"JPM,100778,61"
2019-06-28 11:22:00.000000000,LAST_TRADE,"2,$100778.0000"
2019-06-28 11:22:00.000000000,QUERY_SPREAD,100
2019-06-28 11:22:00.000000000,BEST_BID,"JPM,100697,264"
2019-06-28 11:22:00.000000000,BEST_ASK,"JPM,100778,55"
2019-06-28 11:22:00.000000000,LAST_TRADE,"6,$100778.0000"
2019-06-28 11:22:00.000000000,QUERY_SPREAD,101
2019-06-28 11:22:00.000000000,QUERY_ORDER_STREAM,101
2019-06-28 11:22:10.000000000,QUERY_SPREAD,1
2019-06-28 11:22:10.000000000,BEST_BID,"JPM,100697,428"
2019-06-28 11:22:10.000000000,BEST_ASK,"JPM,101044,100"
2019-06-28 11:22:10.000000000,BEST_BID,"JPM,100697,428"
2019-06-28 11:22:10.000000000,BEST_ASK,"JPM,101044,428"
2019-06-28 11:22:20.000000000,QUERY_SPREAD,1
2019-06-28 11:22:20.000000000,BEST_BID,"JPM,100697,166"
2019-06-28 11:22:20.000000000,BEST_ASK,"JPM,101044,100"
2019-06-28 11:22:20.000000000,BEST_BID,"JPM,100697,166"
2019-06-28 11:22:20.000000000,BEST_ASK,"JPM,101044,100"
2019-06-28 11:22:20.000000000,BEST_BID,"JPM,100697,166"
2019-06-28 11:22:20.000000000,BEST_ASK,"JPM,101044,100"
2019-06-28 11:22:20.000000000,BEST_BID,"JPM,100697,166"
2019-06-28 11:22:20.000000000,BEST_ASK,"JPM,101044,100"
2019-06-28 11:22:20.000000000,BEST_BID,"JPM,100697,166"
2019-06-28 11:22:20.000000000,BEST_ASK,"JPM,101044,100"
2019-06-28 11:22:20.000000000,BEST_BID,"JPM,100697,166"
2019-06-28 11:22:20.000000000,BEST_ASK,"JPM,101044,166"
2019-06-28 11:22:20.000000000,BEST_BID,"JPM,100697,166"
2019-06-28 11:22:20.000000000,BEST_ASK,"JPM,101044,166"
2019-06-28 11:22:20.000000000,BEST_BID,"JPM,100697,166"
2019-06-28 11:22:20.000000000,BEST_ASK,"JPM,101044,166"
2019-06-28 11:22:20.000000000,BEST_BID,"JPM,100697,166"
2019-06-28 11:22:20.000000000,BEST_ASK,"JPM,101044,166"
2019-06-28 11:22:20.000000000,BEST_BID,"JPM,100697,166"
2019-06-28 11:22:20.000000000,BEST_ASK,"JPM,101044,166"
2019-06-28 11:22:30.000000000,QUERY_SPREAD,1
2019-06-28 11:22:30.000000000,BEST_BID,"JPM,100697,166"
2019-06-28 11:22:30.000000000,BEST_ASK,"JPM,101044,100"
2019-06-28 11:22:30.000000000,BEST_BID,"JPM,100697,166"
2019-06-28 11:22:30.000000000,BEST_ASK,"JPM,101044,100"
2019-06-28 11:22:30.000000000,BEST_BID,"JPM,100697,166"
2019-06-28 11:22:30.000000000,BEST_ASK,"JPM,101044,100"
2019-06-28 11:22:30.000000000,BEST_BID,"JPM,100697,166"
2019-06-28 11:22:30.000000000,BEST_ASK,"JPM,101044,100"
2019-06-28 11:22:30.000000000,BEST_BID,"JPM,100697,166"
2019-06-28 11:22:30.000000000,BEST_ASK,"JPM,101044,100"
2019-06-28 11:22:30.000000000,BEST_BID,"JPM,100697,166"
2019-06-28 11:22:30.000000000,BEST_ASK,"JPM,101044,166"
2019-06-28 11:22:30.000000000,BEST_BID,"JPM,100697,166"
2019-06-28 11:22:30.000000000,BEST_ASK,"JPM,101044,166"
2019-06-28 11:22:30.000000000,BEST_BID,"JPM,100697,166"
2019-06-28 11:22:30.000000000,BEST_ASK,"JPM,101044,166"
2019-06-28 11:22:30.000000000,BEST_BID,"JPM,100697,166"
2019-06-28 11:22:30.000000000,BEST_ASK,"JPM,101044,166"
2019-06-28 11:22:30.000000000,BEST_BID,"JPM,100697,166"
2019-06-28 11:22:30.000000000,BEST_ASK,"JPM,101044,166"
2019-06-28 11:22:40.000000000,QUERY_SPREAD,1
2019-06-28 11:22:40.000000000,BEST_BID,"JPM,100697,212"
2019-06-28 11:22:40.000000000,BEST_ASK,"JPM,101044,100"
2019-06-28 11:22:40.000000000,BEST_BID,"JPM,100697,212"
2019-06-28 11:22:40.000000000,BEST_ASK,"JPM,101044,100"
2019-06-28 11:22:40.000000000,BEST_BID,"JPM,100697,212"
2019-06-28 11:22:40.000000000,BEST_ASK,"JPM,101044,100"
2019-06-28 11:22:40.000000000,BEST_BID,"JPM,100697,212"
2019-06-28 11:22:40.000000000,BEST_ASK,"JPM,101044,212"
2019-06-28 11:22:40.000000000,BEST_BID,"JPM,100697,212"
2019-06-28 11:22:40.000000000,BEST_ASK,"JPM,101044,212"
2019-06-28 11:22:40.000000000,BEST_BID,"JPM,100697,212"
2019-06-28 11:22:40.000000000,BEST_ASK,"JPM,101044,212"
2019-06-28 11:22:41.858431413,QUERY_ORDER_STREAM,73
2019-06-28 11:22:41.858431413,QUERY_SPREAD,73
2019-06-28 11:22:41.858431413,BEST_BID,"JPM,100778,100"
2019-06-28 11:22:41.858431413,BEST_ASK,"JPM,101044,212"
2019-06-28 11:22:50.000000000,QUERY_SPREAD,1
2019-06-28 11:22:50.000000000,BEST_BID,"JPM,100778,212"
2019-06-28 11:22:50.000000000,BEST_ASK,"JPM,101044,100"
2019-06-28 11:22:50.000000000,BEST_BID,"JPM,100778,212"
2019-06-28 11:22:50.000000000,BEST_ASK,"JPM,101044,100"
2019-06-28 11:22:50.000000000,BEST_BID,"JPM,100778,212"
2019-06-28 11:22:50.000000000,BEST_ASK,"JPM,101044,100"
2019-06-28 11:22:50.000000000,BEST_BID,"JPM,100778,212"
2019-06-28 11:22:50.000000000,BEST_ASK,"JPM,101044,212"
2019-06-28 11:22:50.000000000,BEST_BID,"JPM,100778,212"
2019-06-28 11:22:50.000000000,BEST_ASK,"JPM,101044,212"
2019-06-28 11:22:50.000000000,BEST_BID,"JPM,100778,212"
2019-06-28 11:22:50.000000000,BEST_ASK,"JPM,101044,212"
2019-06-28 11:22:51.976437863,QUERY_ORDER_STREAM,69
2019-06-28 11:22:51.976437863,QUERY_SPREAD,69
2019-06-28 11:22:52.059886232,QUERY_SPREAD,49
2019-06-28 11:22:52.059886232,BEST_BID,"JPM,100778,212"
2019-06-28 11:22:52.059886232,BEST_ASK,"JPM,101044,112"
2019-06-28 11:22:52.059886232,LAST_TRADE,"100,$101044.0000"
2019-06-28 11:23:00.000000000,QUERY_SPREAD,1
2019-06-28 11:23:00.000000000,BEST_BID,"JPM,100778,428"
2019-06-28 11:23:00.000000000,BEST_ASK,"JPM,101259,100"
2019-06-28 11:23:00.000000000,BEST_BID,"JPM,100778,428"
2019-06-28 11:23:00.000000000,BEST_ASK,"JPM,101259,428"
2019-06-28 11:23:00.000000000,QUERY_SPREAD,77
2019-06-28 11:23:00.000000000,BEST_BID,"JPM,100778,428"
2019-06-28 11:23:00.000000000,BEST_ASK,"JPM,101259,424"
2019-06-28 11:23:00.000000000,LAST_TRADE,"4,$101259.0000"
2019-06-28 11:23:00.000000000,QUERY_SPREAD,78
2019-06-28 11:23:00.000000000,BEST_BID,"JPM,100778,428"
2019-06-28 11:23:00.000000000,BEST_ASK,"JPM,101259,416"
2019-06-28 11:23:00.000000000,LAST_TRADE,"8,$101259.0000"
2019-06-28 11:23:00.000000000,QUERY_SPREAD,79
2019-06-28 11:23:00.000000000,BEST_BID,"JPM,100778,428"
2019-06-28 11:23:00.000000000,BEST_ASK,"JPM,101259,415"
2019-06-28 11:23:00.000000000,LAST_TRADE,"1,$101259.0000"
2019-06-28 11:23:00.000000000,QUERY_SPREAD,80
2019-06-28 11:23:00.000000000,BEST_BID,"JPM,100778,428"
2019-06-28 11:23:00.000000000,BEST_ASK,"JPM,101259,410"
2019-06-28 11:23:00.000000000,LAST_TRADE,"5,$101259.0000"
2019-06-28 11:23:00.000000000,QUERY_SPREAD,81
2019-06-28 11:23:00.000000000,BEST_BID,"JPM,100778,428"
2019-06-28 11:23:00.000000000,BEST_ASK,"JPM,101259,405"
2019-06-28 11:23:00.000000000,LAST_TRADE,"5,$101259.0000"
2019-06-28 11:23:00.000000000,QUERY_SPREAD,82
2019-06-28 11:23:00.000000000,BEST_BID,"JPM,100778,428"
2019-06-28 11:23:00.000000000,BEST_ASK,"JPM,101259,399"
2019-06-28 11:23:00.000000000,LAST_TRADE,"6,$101259.0000"
2019-06-28 11:23:00.000000000,QUERY_SPREAD,83
2019-06-28 11:23:00.000000000,BEST_BID,"JPM,100778,428"
2019-06-28 11:23:00.000000000,BEST_ASK,"JPM,101259,395"
2019-06-28 11:23:00.000000000,LAST_TRADE,"4,$101259.0000"
2019-06-28 11:23:00.000000000,QUERY_SPREAD,84
2019-06-28 11:23:00.000000000,BEST_BID,"JPM,100778,428"
2019-06-28 11:23:00.000000000,BEST_ASK,"JPM,101259,390"
2019-06-28 11:23:00.000000000,LAST_TRADE,"5,$101259.0000"
2019-06-28 11:23:00.000000000,QUERY_SPREAD,85
2019-06-28 11:23:00.000000000,BEST_BID,"JPM,100778,428"
2019-06-28 11:23:00.000000000,BEST_ASK,"JPM,101259,385"
2019-06-28 11:23:00.000000000,LAST_TRADE,"5,$101259.0000"
2019-06-28 11:23:00.000000000,QUERY_SPREAD,86
2019-06-28 11:23:00.000000000,BEST_BID,"JPM,100778,428"
2019-06-28 11:23:00.000000000,BEST_ASK,"JPM,101259,376"
2019-06-28 11:23:00.000000000,LAST_TRADE,"9,$101259.0000"
2019-06-28 11:23:00.000000000,QUERY_SPREAD,87
2019-06-28 11:23:00.000000000,BEST_BID,"JPM,100778,428"
2019-06-28 11:23:00.000000000,BEST_ASK,"JPM,101259,374"
2019-06-28 11:23:00.000000000,LAST_TRADE,"2,$101259.0000"
2019-06-28 11:23:00.000000000,QUERY_SPREAD,88
2019-06-28 11:23:00.000000000,BEST_BID,"JPM,100778,428"
2019-06-28 11:23:00.000000000,BEST_ASK,"JPM,101259,366"
2019-06-28 11:23:00.000000000,LAST_TRADE,"8,$101259.0000"
2019-06-28 11:23:00.000000000,QUERY_SPREAD,89
2019-06-28 11:23:00.000000000,BEST_BID,"JPM,100778,428"
2019-06-28 11:23:00.000000000,BEST_ASK,"JPM,101259,359"
2019-06-28 11:23:00.000000000,LAST_TRADE,"7,$101259.0000"
2019-06-28 11:23:00.000000000,QUERY_SPREAD,90
2019-06-28 11:23:00.000000000,BEST_BID,"JPM,100778,428"
2019-06-28 11:23:00.000000000,BEST_ASK,"JPM,101259,353"
2019-06-28 11:23:00.000000000,LAST_TRADE,"6,$101259.0000"
2019-06-28 11:23:00.000000000,QUERY_SPREAD,91
2019-06-28 11:23:00.000000000,BEST_BID,"JPM,100778,428"
2019-06-28 11:23:00.000000000,BEST_ASK,"JPM,101259,348"
2019-06-28 11:23:00.000000000,LAST_TRADE,"5,$101259.0000"
2019-06-28 11:23:00.000000000,QUERY_SPREAD,92
2019-06-28 11:23:00.000000000,BEST_BID,"JPM,100778,428"
2019-06-28 11:23:00.000000000,BEST_ASK,"JPM,101259,347"
2019-06-28 11:23:00.000000000,LAST_TRADE,"1,$101259.0000"
2019-06-28 11:23:00.000000000,QUERY_SPREAD,93
2019-06-28 11:23:00.000000000,BEST_BID,"JPM,100778,428"
2019-06-28 11:23:00.000000000,BEST_ASK,"JPM,101259,345"
2019-06-28 11:23:00.000000000,LAST_TRADE,"2,$101259.0000"
2019-06-28 11:23:00.000000000,QUERY_SPREAD,94
2019-06-28 11:23:00.000000000,BEST_BID,"JPM,100778,428"
2019-06-28 11:23:00.000000000,BEST_ASK,"JPM,101259,343"
2019-06-28 11:23:00.000000000,LAST_TRADE,"2,$101259.0000"
2019-06-28 11:23:00.000000000,QUERY_SPREAD,95
2019-06-28 11:23:00.000000000,BEST_BID,"JPM,100778,428"
2019-06-28 11:23:00.000000000,BEST_ASK,"JPM,101259,336"
2019-06-28 11:23:00.000000000,LAST_TRADE,"7,$101259.0000"
2019-06-28 11:23:00.000000000,QUERY_SPREAD,96
2019-06-28 11:23:00.000000000,BEST_BID,"JPM,100778,428"
2019-06-28 11:23:00.000000000,BEST_ASK,"JPM,101259,329"
2019-06-28 11:23:00.000000000,LAST_TRADE,"7,$101259.0000"
2019-06-28 11:23:00.000000000,QUERY_SPREAD,97
2019-06-28 11:23:00.000000000,BEST_BID,"JPM,100778,428"
2019-06-28 11:23:00.000000000,BEST_ASK,"JPM,101259,323"
2019-06-28 11:23:00.000000000,LAST_TRADE,"6,$101259.0000"
2019-06-28 11:23:00.000000000,QUERY_SPREAD,98
2019-06-28 11:23:00.000000000,BEST_BID,"JPM,100778,428"
2019-06-28 11:23:00.000000000,BEST_ASK,"JPM,101259,319"
2019-06-28 11:23:00.000000000,LAST_TRADE,"4,$101259.0000"
2019-06-28 11:23:00.000000000,QUERY_SPREAD,99
2019-06-28 11:23:00.000000000,BEST_BID,"JPM,100778,428"
2019-06-28 11:23:00.000000000,BEST_ASK,"JPM,101259,317"
2019-06-28 11:23:00.000000000,LAST_TRADE,"2,$101259.0000"
2019-06-28 11:23:00.000000000,QUERY_SPREAD,100
2019-06-28 11:23:00.000000000,BEST_BID,"JPM,100778,428"
2019-06-28 11:23:00.000000000,BEST_ASK,"JPM,101259,311"
2019-06-28 11:23:00.000000000,LAST_TRADE,"6,$101259.0000"
2019-06-28 11:23:00.000000000,QUERY_SPREAD,101
2019-06-28 11:23:00.000000000,QUERY_ORDER_STREAM,101
2019-06-28 11:23:00.000000000,BEST_BID,"JPM,100778,428"
2019-06-28 11:23:00.000000000,BEST_ASK,"JPM,101259,319"
2019-06-28 11:23:10.000000000,QUERY_SPREAD,1
2019-06-28 11:23:10.000000000,BEST_BID,"JPM,100778,264"
2019-06-28 11:23:10.000000000,BEST_ASK,"JPM,101259,8"
2019-06-28 11:23:10.000000000,BEST_BID,"JPM,100778,264"
2019-06-28 11:23:10.000000000,BEST_ASK,"JPM,101259,8"
2019-06-28 11:23:10.000000000,BEST_BID,"JPM,100778,264"
2019-06-28 11:23:10.000000000,BEST_ASK,"JPM,101259,172"
2019-06-28 11:23:10.000000000,BEST_BID,"JPM,100778,264"
2019-06-28 11:23:10.000000000,BEST_ASK,"JPM,101259,172"
2019-06-28 11:23:20.000000000,QUERY_SPREAD,1
2019-06-28 11:23:20.000000000,BEST_BID,"JPM,100778,212"
2019-06-28 11:23:20.000000000,BEST_ASK,"JPM,101259,8"
2019-06-28 11:23:20.000000000,BEST_BID,"JPM,100778,212"
2019-06-28 11:23:20.000000000,BEST_ASK,"JPM,101259,8"
2019-06-28 11:23:20.000000000,BEST_BID,"JPM,100778,212"
2019-06-28 11:23:20.000000000,BEST_ASK,"JPM,101259,8"
2019-06-28 11:23:20.000000000,BEST_BID,"JPM,100778,212"
2019-06-28 11:23:20.000000000,BEST_ASK,"JPM,101259,120"
2019-06-28 11:23:20.000000000,BEST_BID,"JPM,100778,212"
2019-06-28 11:23:20.000000000,BEST_ASK,"JPM,101259,120"
2019-06-28 11:23:20.000000000,BEST_BID,"JPM,100778,212"
2019-06-28 11:23:20.000000000,BEST_ASK,"JPM,101259,120"
2019-06-28 11:23:24.357618478,QUERY_SPREAD,26
2019-06-28 11:23:24.357618478,BEST_BID,"JPM,100778,212"
2019-06-28 11:23:24.357618478,BEST_ASK,"JPM,101179,100"
2019-06-28 11:23:30.000000000,QUERY_SPREAD,1
2019-06-28 11:23:30.000000000,BEST_BID,"JPM,100778,428"
2019-06-28 11:23:30.000000000,BEST_ASK,"JPM,101179,100"
2019-06-28 11:23:30.000000000,BEST_BID,"JPM,100778,428"
2019-06-28 11:23:30.000000000,BEST_ASK,"JPM,101179,428"
2019-06-28 11:23:36.316499683,QUERY_SPREAD,30
2019-06-28 11:23:36.316499683,BEST_BID,"JPM,100778,428"
2019-06-28 11:23:36.316499683,BEST_ASK,"JPM,101146,100"
2019-06-28 11:23:40.000000000,QUERY_SPREAD,1
2019-06-28 11:23:40.000000000,BEST_BID,"JPM,100778,212"
2019-06-28 11:23:40.000000000,BEST_ASK,"JPM,101146,100"
2019-06-28 11:23:40.000000000,BEST_BID,"JPM,100778,212"
2019-06-28 11:23:40.000000000,BEST_ASK,"JPM,101146,100"
2019-06-28 11:23:40.000000000,BEST_BID,"JPM,100778,212"
2019-06-28 11:23:40.000000000,BEST_ASK,"JPM,101146,100"
2019-06-28 11:23:40.000000000,BEST_BID,"JPM,100778,212"
2019-06-28 11:23:40.000000000,BEST_ASK,"JPM,101146,212"
2019-06-28 11:23:40.000000000,BEST_BID,"JPM,100778,212"
2019-06-28 11:23:40.000000000,BEST_ASK,"JPM,101146,212"
2019-06-28 11:23:40.000000000,BEST_BID,"JPM,100778,212"
2019-06-28 11:23:40.000000000,BEST_ASK,"JPM,101146,212"
2019-06-28 11:23:49.802906133,QUERY_SPREAD,30
2019-06-28 11:23:49.802906133,BEST_BID,"JPM,100778,212"
2019-06-28 11:23:49.802906133,BEST_ASK,"JPM,101146,112"
2019-06-28 11:23:50.000000000,QUERY_SPREAD,1
2019-06-28 11:23:50.000000000,BEST_BID,"JPM,100778,212"
2019-06-28 11:23:50.000000000,BEST_ASK,"JPM,101179,100"
2019-06-28 11:23:50.000000000,BEST_BID,"JPM,100778,212"
2019-06-28 11:23:50.000000000,BEST_ASK,"JPM,101179,100"
2019-06-28 11:23:50.000000000,BEST_BID,"JPM,100778,212"
2019-06-28 11:23:50.000000000,BEST_ASK,"JPM,101179,100"
2019-06-28 11:23:50.000000000,BEST_BID,"JPM,100778,212"
2019-06-28 11:23:50.000000000,BEST_ASK,"JPM,101179,212"
2019-06-28 11:23:50.000000000,BEST_BID,"JPM,100778,212"
2019-06-28 11:23:50.000000000,BEST_ASK,"JPM,101179,212"
2019-06-28 11:23:50.000000000,BEST_BID,"JPM,100778,212"
2019-06-28 11:23:50.000000000,BEST_ASK,"JPM,101179,212"
2019-06-28 11:24:00.000000000,QUERY_SPREAD,1
2019-06-28 11:24:00.000000000,BEST_BID,"JPM,100778,264"
2019-06-28 11:24:00.000000000,BEST_ASK,"JPM,101179,100"
2019-06-28 11:24:00.000000000,BEST_BID,"JPM,100778,264"
2019-06-28 11:24:00.000000000,BEST_ASK,"JPM,101179,100"
2019-06-28 11:24:00.000000000,BEST_BID,"JPM,100778,264"
2019-06-28 11:24:00.000000000,BEST_ASK,"JPM,101179,264"
2019-06-28 11:24:00.000000000,BEST_BID,"JPM,100778,264"
2019-06-28 11:24:00.000000000,BEST_ASK,"JPM,101179,264"
2019-06-28 11:24:00.000000000,QUERY_SPREAD,77
2019-06-28 11:24:00.000000000,BEST_BID,"JPM,100778,264"
2019-06-28 11:24:00.000000000,BEST_ASK,"JPM,101179,260"
2019-06-28 11:24:00.000000000,LAST_TRADE,"4,$101179.0000"
2019-06-28 11:24:00.000000000,QUERY_SPREAD,78
2019-06-28 11:24:00.000000000,BEST_BID,"JPM,100778,264"
2019-06-28 11:24:00.000000000,BEST_ASK,"JPM,101179,252"
2019-06-28 11:24:00.000000000,LAST_TRADE,"8,$101179.0000"
2019-06-28 11:24:00.000000000,QUERY_SPREAD,79
2019-06-28 11:24:00.000000000,BEST_BID,"JPM,100778,264"
2019-06-28 11:24:00.000000000,BEST_ASK,"JPM,101179,251"
2019-06-28 11:24:00.000000000,LAST_TRADE,"1,$101179.0000"
2019-06-28 11:24:00.000000000,QUERY_SPREAD,80
2019-06-28 11:24:00.000000000,BEST_BID,"JPM,100778,264"
2019-06-28 11:24:00.000000000,BEST_ASK,"JPM,101179,246"
2019-06-28 11:24:00.000000000,LAST_TRADE,"5,$101179.0000"
2019-06-28 11:24:00.000000000,QUERY_SPREAD,81
2019-06-28 11:24:00.000000000,BEST_BID,"JPM,100778,264"
2019-06-28 11:24:00.000000000,BEST_ASK,"JPM,101179,241"
2019-06-28 11:24:00.000000000,LAST_TRADE,"5,$101179.0000"
2019-06-28 11:24:00.000000000,QUERY_SPREAD,82
2019-06-28 11:24:00.000000000,BEST_BID,"JPM,100778,264"
2019-06-28 11:24:00.000000000,BEST_ASK,"JPM,101179,235"
2019-06-28 11:24:00.000000000,LAST_TRADE,"6,$101179.0000"
2019-06-28 11:24:00.000000000,QUERY_SPREAD,83
2019-06-28 11:24:00.000000000,BEST_BID,"JPM,100778,264"
2019-06-28 11:24:00.000000000,BEST_ASK,"JPM,101179,231"
2019-06-28 11:24:00.000000000,LAST_TRADE,"4,$101179.0000"
2019-06-28 11:24:00.000000000,QUERY_SPREAD,84
2019-06-28 11:24:00.000000000,BEST_BID,"JPM,100778,264"
2019-06-28 11:24:00.000000000,BEST_ASK,"JPM,101179,226"
2019-06-28 11:24:00.000000000,LAST_TRADE,"5,$101179.0000"
2019-06-28 11:24:00.000000000,QUERY_SPREAD,85
2019-06-28 11:24:00.000000000,BEST_BID,"JPM,100778,264"
2019-06-28 11:24:00.000000000,BEST_ASK,"JPM,101179,221"
2019-06-28 11:24:00.000000000,LAST_TRADE,"5,$101179.0000"
2019-06-28 11:24:00.000000000,QUERY_SPREAD,86
2019-06-28 11:24:00.000000000,BEST_BID,"JPM,100778,264"
2019-06-28 11:24:00.000000000,BEST_ASK,"JPM,101179,212"
2019-06-28 11:24:00.000000000,LAST_TRADE,"9,$101179.0000"
2019-06-28 11:24:00.000000000,QUERY_SPREAD,87
2019-06-28 11:24:00.000000000,BEST_BID,"JPM,100778,264"
2019-06-28 11:24:00.000000000,BEST_ASK,"JPM,101179,210"
2019-06-28 11:24:00.000000000,LAST_TRADE,"2,$101179.0000"
2019-06-28 11:24:00.000000000,QUERY_SPREAD,88
2019-06-28 11:24:00.000000000,BEST_BID,"JPM,100778,264"
2019-06-28 11:24:00.000000000,BEST_ASK,"JPM,101179,202"
2019-06-28 11:24:00.000000000,LAST_TRADE,"8,$101179.0000"
2019-06-28 11:24:00.000000000,QUERY_SPREAD,89
2019-06-28 11:24:00.000000000,BEST_BID,"JPM,100778,264"
2019-06-28 11:24:00.000000000,BEST_ASK,"JPM,101179,195"
2019-06-28 11:24:00.000000000,LAST_TRADE,"7,$101179.0000"
2019-06-28 11:24:00.000000000,QUERY_SPREAD,90
2019-06-28 11:24:00.000000000,BEST_BID,"JPM,100778,264"
2019-06-28 11:24:00.000000000,BEST_ASK,"JPM,101179,189"
2019-06-28 11:24:00.000000000,LAST_TRADE,"6,$101179.0000"
2019-06-28 11:24:00.000000000,QUERY_SPREAD,91
2019-06-28 11:24:00.000000000,BEST_BID,"JPM,100778,264"
2019-06-28 11:24:00.000000000,BEST_ASK,"JPM,101179,184"
2019-06-28 11:24:00.000000000,LAST_TRADE,"5,$101179.0000"
2019-06-28 11:24:00.000000000,QUERY_SPREAD,92
2019-06-28 11:24:00.000000000,BEST_BID,"JPM,100778,264"
2019-06-28 11:24:00.000000000,BEST_ASK,"JPM,101179,183"
2019-06-28 11:24:00.000000000,LAST_TRADE,"1,$101179.0000"
2019-06-28 11:24:00.000000000,QUERY_SPREAD,93
2019-06-28 11:24:00.000000000,BEST_BID,"JPM,100778,264"
2019-06-28 11:24:00.000000000,BEST_ASK,"JPM,101179,181"
2019-06-28 11:24:00.000000000,LAST_TRADE,"2,$101179.0000"
2019-06-28 11:24:00.000000000,QUERY_SPREAD,94
2019-06-28 11:24:00.000000000,BEST_BID,"JPM,100778,264"
2019-06-28 11:24:00.000000000,BEST_ASK,"JPM,101179,179"
2019-06-28 11:24:00.000000000,LAST_TRADE,"2,$101179.0000"
2019-06-28 11:24:00.000000000,QUERY_SPREAD,95
2019-06-28 11:24:00.000000000,BEST_BID,"JPM,100778,264"
2019-06-28 11:24:00.000000000,BEST_ASK,"JPM,101179,172"
2019-06-28 11:24:00.000000000,LAST_TRADE,"7,$101179.0000"
2019-06-28 11:24:00.000000000,QUERY_SPREAD,96
2019-06-28 11:24:00.000000000,BEST_BID,"JPM,100778,264"
2019-06-28 11:24:00.000000000,BEST_ASK,"JPM,101179,165"
2019-06-28 11:24:00.000000000,LAST_TRADE,"7,$101179.0000"
2019-06-28 11:24:00.000000000,QUERY_SPREAD,97
2019-06-28 11:24:00.000000000,BEST_BID,"JPM,100778,264"
2019-06-28 11:24:00.000000000,BEST_ASK,"JPM,101179,159"
2019-06-28 11:24:00.000000000,LAST_TRADE,"6,$101179.0000"
2019-06-28 11:24:00.000000000,QUERY_SPREAD,98
2019-06-28 11:24:00.000000000,BEST_BID,"JPM,100778,264"
2019-06-28 11:24:00.000000000,BEST_ASK,"JPM,101179,155"
2019-06-28 11:24:00.000000000,LAST_TRADE,"4,$101179.0000"
2019-06-28 11:24:00.000000000,QUERY_SPREAD,99
2019-06-28 11:24:00.000000000,BEST_BID,"JPM,100778,264"
2019-06-28 11:24:00.000000000,BEST_ASK,"JPM,101179,153"
2019-06-28 11:24:00.000000000,LAST_TRADE,"2,$101179.0000"
2019-06-28 11:24:00.000000000,QUERY_SPREAD,100
2019-06-28 11:24:00.000000000,BEST_BID,"JPM,100778,264"
2019-06-28 11:24:00.000000000,BEST_ASK,"JPM,101179,147"
2019-06-28 11:24:00.000000000,LAST_TRADE,"6,$101179.0000"
2019-06-28 11:24:00.000000000,QUERY_SPREAD,101
2019-06-28 11:24:00.000000000,QUERY_ORDER_STREAM,101
2019-06-28 11:24:00.000000000,BEST_BID,"JPM,100778,264"
2019-06-28 11:24:00.000000000,BEST_ASK,"JPM,101179,155"
2019-06-28 11:24:01.541721585,QUERY_SPREAD,5
2019-06-28 11:24:01.541721585,BEST_BID,"JPM,100778,264"
2019-06-28 11:24:01.541721585,BEST_ASK,"JPM,101179,55"
2019-06-28 11:24:01.541721585,LAST_TRADE,"100,$101179.0000"
2019-06-28 11:24:06.748747971,QUERY_SPREAD,41
2019-06-28 11:24:06.748747971,BEST_BID,"JPM,100778,264"
2019-06-28 11:24:06.748747971,BEST_ASK,"JPM,101129,100"
2019-06-28 11:24:10.000000000,QUERY_SPREAD,1
2019-06-28 11:24:10.000000000,BEST_BID,"JPM,100778,212"
2019-06-28 11:24:10.000000000,BEST_ASK,"JPM,101129,100"
2019-06-28 11:24:10.000000000,BEST_BID,"JPM,100778,212"
2019-06-28 11:24:10.000000000,BEST_ASK,"JPM,101129,100"
2019-06-28 11:24:10.000000000,BEST_BID,"JPM,100778,212"
2019-06-28 11:24:10.000000000,BEST_ASK,"JPM,101129,100"
2019-06-28 11:24:10.000000000,BEST_BID,"JPM,100778,212"
2019-06-28 11:24:10.000000000,BEST_ASK,"JPM,101129,212"
2019-06-28 11:24:10.000000000,BEST_BID,"JPM,100778,212"
2019-06-28 11:24:10.000000000,BEST_ASK,"JPM,101129,212"
2019-06-28 11:24:10.000000000,BEST_BID,"JPM,100778,212"
2019-06-28 11:24:10.000000000,BEST_ASK,"JPM,101129,212"
2019-06-28 11:24:13.884222903,QUERY_SPREAD,15
2019-06-28 11:24:13.884222903,BEST_BID,"JPM,100778,212"
2019-06-28 11:24:13.884222903,BEST_ASK,"JPM,101129,212"
2019-06-28 11:24:20.000000000,QUERY_SPREAD,1
2019-06-28 11:24:20.000000000,BEST_BID,"JPM,100778,212"
2019-06-28 11:24:20.000000000,BEST_ASK,"JPM,101129,100"
2019-06-28 11:24:20.000000000,BEST_BID,"JPM,100778,212"
2019-06-28 11:24:20.000000000,BEST_ASK,"JPM,101129,100"
2019-06-28 11:24:20.000000000,BEST_BID,"JPM,100778,212"
2019-06-28 11:24:20.000000000,BEST_ASK,"JPM,101129,100"
2019-06-28 11:24:20.000000000,BEST_BID,"JPM,100778,212"
2019-06-28 11:24:20.000000000,BEST_ASK,"JPM,101129,212"
2019-06-28 11:24:20.000000000,BEST_BID,"JPM,100778,212"
2019-06-28 11:24:20.000000000,BEST_ASK,"JPM,101129,212"
2019-06-28 11:24:20.000000000,BEST_BID,"JPM,100778,212"
2019-06-28 11:24:20.000000000,BEST_ASK,"JPM,101129,212"
2019-06-28 11:24:30.000000000,QUERY_SPREAD,1
2019-06-28 11:24:30.000000000,BEST_BID,"JPM,100778,428"
2019-06-28 11:24:30.000000000,BEST_ASK,"JPM,101129,100"
2019-06-28 11:24:30.000000000,BEST_BID,"JPM,100778,428"
2019-06-28 11:24:30.000000000,BEST_ASK,"JPM,101129,428"
2019-06-28 11:24:31.129911805,QUERY_ORDER_STREAM,72
2019-06-28 11:24:31.129911805,QUERY_SPREAD,72
2019-06-28 11:24:31.129911805,BEST_BID,"JPM,100778,428"
2019-06-28 11:24:31.129911805,BEST_ASK,"JPM,101129,428"
2019-06-28 11:24:32.973674845,QUERY_SPREAD,39
2019-06-28 11:24:32.973674845,BEST_BID,"JPM,100895,100"
2019-06-28 11:24:32.973674845,BEST_ASK,"JPM,101129,428"
2019-06-28 11:24:40.000000000,QUERY_SPREAD,1
2019-06-28 11:24:40.000000000,BEST_BID,"JPM,100895,182"
2019-06-28 11:24:40.000000000,BEST_ASK,"JPM,101129,100"
2019-06-28 11:24:40.000000000,BEST_BID,"JPM,100895,182"
2019-06-28 11:24:40.000000000,BEST_ASK,"JPM,101129,100"
2019-06-28 11:24:40.000000000,BEST_BID,"JPM,100895,182"
2019-06-28 11:24:40.000000000,BEST_ASK,"JPM,101129,100"
2019-06-28 11:24:40.000000000,BEST_BID,"JPM,100895,182"
2019-06-28 11:24:40.000000000,BEST_ASK,"JPM,101129,100"
2019-06-28 11:24:40.000000000,BEST_BID,"JPM,100895,182"
2019-06-28 11:24:40.000000000,BEST_ASK,"JPM,101129,182"
2019-06-28 11:24:40.000000000,BEST_BID,"JPM,100895,182"
2019-06-28 11:24:40.000000000,BEST_ASK,"JPM,101129,182"
2019-06-28 11:24:40.000000000,BEST_BID,"JPM,100895,182"
2019-06-28 11:24:40.000000000,BEST_ASK,"JPM,101129,182"
2019-06-28 11:24:40.000000000,BEST_BID,"JPM,100895,182"
2019-06-28 11:24:40.000000000,BEST_ASK,"JPM,101129,182"
2019-06-28 11:24:42.339685267,QUERY_SPREAD,51
2019-06-28 11:24:42.339685267,BEST_BID,"JPM,100895,182"
2019-06-28 11:24:42.339685267,BEST_ASK,"JPM,101061,100"
2019-06-28 11:24:50.000000000,QUERY_SPREAD,1
2019-06-28 11:24:50.000000000,BEST_BID,"JPM,100895,182"
2019-06-28 11:24:50.000000000,BEST_ASK,"JPM,101061,100"
2019-06-28 11:24:50.000000000,BEST_BID,"JPM,100895,182"
2019-06-28 11:24:50.000000000,BEST_ASK,"JPM,101061,100"
2019-06-28 11:24:50.000000000,BEST_BID,"JPM,100895,182"
2019-06-28 11:24:50.000000000,BEST_ASK,"JPM,101061,100"
2019-06-28 11:24:50.000000000,BEST_BID,"JPM,100895,182"
2019-06-28 11:24:50.000000000,BEST_ASK,"JPM,101061,100"
2019-06-28 11:24:50.000000000,BEST_BID,"JPM,100895,182"
2019-06-28 11:24:50.000000000,BEST_ASK,"JPM,101061,182"
2019-06-28 11:24:50.000000000,BEST_BID,"JPM,100895,182"
2019-06-28 11:24:50.000000000,BEST_ASK,"JPM,101061,182"
2019-06-28 11:24:50.000000000,BEST_BID,"JPM,100895,182"
2019-06-28 11:24:50.000000000,BEST_ASK,"JPM,101061,182"
2019-06-28 11:24:50.000000000,BEST_BID,"JPM,100895,182"
2019-06-28 11:24:50.000000000,BEST_ASK,"JPM,101061,182"
2019-06-28 11:24:51.719782483,QUERY_ORDER_STREAM,74
2019-06-28 11:24:51.719782483,QUERY_SPREAD,74
2019-06-28 11:24:51.719782483,BEST_BID,"JPM,100895,182"
2019-06-28 11:24:51.719782483,BEST_ASK,"JPM,101061,182"
2019-06-28 11:25:00.000000000,QUERY_SPREAD,1
2019-06-28 11:25:00.000000000,BEST_BID,"JPM,100895,428"
2019-06-28 11:25:00.000000000,BEST_ASK,"JPM,101061,100"
2019-06-28 11:25:00.000000000,BEST_BID,"JPM,100895,428"
2019-06-28 11:25:00.000000000,BEST_ASK,"JPM,101061,428"
2019-06-28 11:25:00.000000000,QUERY_SPREAD,77
2019-06-28 11:25:00.000000000,BEST_BID,"JPM,100895,428"
2019-06-28 11:25:00.000000000,BEST_ASK,"JPM,101061,424"
2019-06-28 11:25:00.000000000,LAST_TRADE,"4,$101061.0000"
2019-06-28 11:25:00.000000000,QUERY_SPREAD,78
2019-06-28 11:25:00.000000000,BEST_BID,"JPM,100895,428"
2019-06-28 11:25:00.000000000,BEST_ASK,"JPM,101061,416"
2019-06-28 11:25:00.000000000,LAST_TRADE,"8,$101061.0000"
2019-06-28 11:25:00.000000000,QUERY_SPREAD,79
2019-06-28 11:25:00.000000000,BEST_BID,"JPM,100895,428"
2019-06-28 11:25:00.000000000,BEST_ASK,"JPM,101061,415"
2019-06-28 11:25:00.000000000,LAST_TRADE,"1,$101061.0000"
2019-06-28 11:25:00.000000000,QUERY_SPREAD,80
2019-06-28 11:25:00.000000000,BEST_BID,"JPM,100895,428"
2019-06-28 11:25:00.000000000,BEST_ASK,"JPM,101061,410"
2019-06-28 11:25:00.000000000,LAST_TRADE,"5,$101061.0000"
2019-06-28 11:25:00.000000000,QUERY_SPREAD,81
2019-06-28 11:25:00.000000000,BEST_BID,"JPM,100895,428"
2019-06-28 11:25:00.000000000,BEST_ASK,"JPM,101061,405"
2019-06-28 11:25:00.000000000,LAST_TRADE,"5,$101061.0000"
2019-06-28 11:25:00.000000000,QUERY_SPREAD,82
2019-06-28 11:25:00.000000000,BEST_BID,"JPM,100895,428"
2019-06-28 11:25:00.000000000,BEST_ASK,"JPM,101061,399"
2019-06-28 11:25:00.000000000,LAST_TRADE,"6,$101061.0000"
2019-06-28 11:25:00.000000000,QUERY_SPREAD,83
2019-06-28 11:25:00.000000000,BEST_BID,"JPM,100895,428"
2019-06-28 11:25:00.000000000,BEST_ASK,"JPM,101061,395"
2019-06-28 11:25:00.000000000,LAST_TRADE,"4,$101061.0000"
2019-06-28 11:25:00.000000000,QUERY_SPREAD,84
2019-06-28 11:25:00.000000000,BEST_BID,"JPM,100895,428"
2019-06-28 11:25:00.000000000,BEST_ASK,"JPM,101061,390"
2019-06-28 11:25:00.000000000,LAST_TRADE,"5,$101061.0000"
2019-06-28 11:25:00.000000000,QUERY_SPREAD,85
2019-06-28 11:25:00.000000000,BEST_BID,"JPM,100895,428"
2019-06-28 11:25:00.000000000,BEST_ASK,"JPM,101061,385"
2019-06-28 11:25:00.000000000,LAST_TRADE,"5,$101061.0000"
2019-06-28 11:25:00.000000000,QUERY_SPREAD,86
2019-06-28 11:25:00.000000000,BEST_BID,"JPM,100895,428"
2019-06-28 11:25:00.000000000,BEST_ASK,"JPM,101061,376"
2019-06-28 11:25:00.000000000,LAST_TRADE,"9,$101061.0000"
2019-06-28 11:25:00.000000000,QUERY_SPREAD,87
2019-06-28 11:25:00.000000000,BEST_BID,"JPM,100895,428"
2019-06-28 11:25:00.000000000,BEST_ASK,"JPM,101061,374"
2019-06-28 11:25:00.000000000,LAST_TRADE,"2,$101061.0000"
2019-06-28 11:25:00.000000000,QUERY_SPREAD,88
2019-06-28 11:25:00.000000000,BEST_BID,"JPM,100895,428"
2019-06-28 11:25:00.000000000,BEST_ASK,"JPM,101061,366"
2019-06-28 11:25:00.000000000,LAST_TRADE,"8,$101061.0000"
2019-06-28 11:25:00.000000000,QUERY_SPREAD,89
2019-06-28 11:25:00.000000000,BEST_BID,"JPM,100895,428"
2019-06-28 11:25:00.000000000,BEST_ASK,"JPM,101061,359"
2019-06-28 11:25:00.000000000,LAST_TRADE,"7,$101061.0000"
2019-06-28 11:25:00.000000000,QUERY_SPREAD,90
2019-06-28 11:25:00.000000000,BEST_BID,"JPM,100895,428"
2019-06-28 11:25:00.000000000,BEST_ASK,"JPM,101061,353"
2019-06-28 11:25:00.000000000,LAST_TRADE,"6,$101061.0000"
2019-06-28 11:25:00.000000000,QUERY_SPREAD,91
2019-06-28 11:25:00.000000000,BEST_BID,"JPM,100895,428"
2019-06-28 11:25:00.000000000,BEST_ASK,"JPM,101061,348"
2019-06-28 11:25:00.000000000,LAST_TRADE,"5,$101061.0000"
2019-06-28 11:25:00.000000000,QUERY_SPREAD,92
2019-06-28 11:25:00.000000000,BEST_BID,"JPM,100895,428"
2019-06-28 11:25:00.000000000,BEST_ASK,"JPM,101061,347"
2019-06-28 11:25:00.000000000,LAST_TRADE,"1,$101061.0000"
2019-06-28 11:25:00.000000000,QUERY_SPREAD,93
2019-06-28 11:25:00.000000000,BEST_BID,"JPM,100895,428"
2019-06-28 11:25:00.000000000,BEST_ASK,"JPM,101061,345"
2019-06-28 11:25:00.000000000,LAST_TRADE,"2,$101061.0000"
2019-06-28 11:25:00.000000000,QUERY_SPREAD,94
2019-06-28 11:25:00.000000000,BEST_BID,"JPM,100895,428"
2019-06-28 11:25:00.000000000,BEST_ASK,"JPM,101061,343"
2019-06-28 11:25:00.000000000,LAST_TRADE,"2,$101061.0000"
2019-06-28 11:25:00.000000000,QUERY_SPREAD,95
2019-06-28 11:25:00.000000000,BEST_BID,"JPM,100895,428"
2019-06-28 11:25:00.000000000,BEST_ASK,"JPM,101061,336"
2019-06-28 11:25:00.000000000,LAST_TRADE,"7,$101061.0000"
2019-06-28 11:25:00.000000000,QUERY_SPREAD,96
2019-06-28 11:25:00.000000000,BEST_BID,"JPM,100895,428"
2019-06-28 11:25:00.000000000,BEST_ASK,"JPM,101061,329"
2019-06-28 11:25:00.000000000,LAST_TRADE,"7,$101061.0000"
2019-06-28 11:25:00.000000000,QUERY_SPREAD,97
2019-06-28 11:25:00.000000000,BEST_BID,"JPM,100895,428"
2019-06-28 11:25:00.000000000,BEST_ASK,"JPM,101061,323"
2019-06-28 11:25:00.000000000,LAST_TRADE,"6,$101061.0000"
2019-06-28 11:25:00.000000000,QUERY_SPREAD,98
2019-06-28 11:25:00.000000000,BEST_BID,"JPM,100895,428"
2019-06-28 11:25:00.000000000,BEST_ASK,"JPM,101061,319"
2019-06-28 11:25:00.000000000,LAST_TRADE,"4,$101061.0000"
2019-06-28 11:25:00.000000000,QUERY_SPREAD,99
2019-06-28 11:25:00.000000000,BEST_BID,"JPM,100895,428"
2019-06-28 11:25:00.000000000,BEST_ASK,"JPM,101061,317"
2019-06-28 11:25:00.000000000,LAST_TRADE,"2,$101061.0000"
2019-06-28 11:25:00.000000000,QUERY_SPREAD,100
2019-06-28 11:25:00.000000000,BEST_BID,"JPM,100895,428"
2019-06-28 11:25:00.000000000,BEST_ASK,"JPM,101061,311"
2019-06-28 11:25:00.000000000,LAST_TRADE,"6,$101061.0000"
2019-06-28 11:25:00.000000000,QUERY_SPREAD,101
2019-06-28 11:25:00.000000000,QUERY_ORDER_STREAM,101
2019-06-28 11:25:10.000000000,QUERY_SPREAD,1
2019-06-28 11:25:10.000000000,BEST_BID,"JPM,100895,166"
2019-06-28 11:25:10.000000000,BEST_ASK,"JPM,101129,100"
2019-06-28 11:25:10.000000000,BEST_BID,"JPM,100895,166"
2019-06-28 11:25:10.000000000,BEST_ASK,"JPM,101129,100"
2019-06-28 11:25:10.000000000,BEST_BID,"JPM,100895,166"
2019-06-28 11:25:10.000000000,BEST_ASK,"JPM,101129,100"
2019-06-28 11:25:10.000000000,BEST_BID,"JPM,100895,166"
2019-06-28 11:25:10.000000000,BEST_ASK,"JPM,101129,100"
2019-06-28 11:25:10.000000000,BEST_BID,"JPM,100895,166"
2019-06-28 11:25:10.000000000,BEST_ASK,"JPM,101129,100"
2019-06-28 11:25:10.000000000,BEST_BID,"JPM,100895,166"
2019-06-28 11:25:10.000000000,BEST_ASK,"JPM,101129,166"
2019-06-28 11:25:10.000000000,BEST_BID,"JPM,100895,166"
2019-06-28 11:25:10.000000000,BEST_ASK,"JPM,101129,166"
2019-06-28 11:25:10.000000000,BEST_BID,"JPM,100895,166"
2019-06-28 11:25:10.000000000,BEST_ASK,"JPM,101129,166"
2019-06-28 11:25:10.000000000,BEST_BID,"JPM,100895,166"
2019-06-28 11:25:10.000000000,BEST_ASK,"JPM,101129,166"
2019-06-28 11:25:10.000000000,BEST_BID,"JPM,100895,166"
2019-06-28 11:25:10.000000000,BEST_ASK,"JPM,101129,166"
2019-06-28 11:25:20.000000000,QUERY_SPREAD,1
2019-06-28 11:25:20.000000000,BEST_BID,"JPM,100895,182"
2019-06-28 11:25:20.000000000,BEST_ASK,"JPM,101129,100"
2019-06-28 11:25:20.000000000,BEST_BID,"JPM,100895,182"
2019-06-28 11:25:20.000000000,BEST_ASK,"JPM,101129,100"
2019-06-28 11:25:20.000000000,BEST_BID,"JPM,100895,182"
2019-06-28 11:25:20.000000000,BEST_ASK,"JPM,101129,100"
2019-06-28 11:25:20.000000000,BEST_BID,"JPM,100895,182"
2019-06-28 11:25:20.000000000,BEST_ASK,"JPM,101129,100"
2019-06-28 11:25:20.000000000,BEST_BID,"JPM,100895,182"
2019-06-28 11:25:20.000000000,BEST_ASK,"JPM,101129,182"
2019-06-28 11:25:20.000000000,BEST_BID,"JPM,100895,182"
2019-06-28 11:25:20.000000000,BEST_ASK,"JPM,101129,182"
2019-06-28 11:25:20.000000000,BEST_BID,"JPM,100895,182"
2019-06-28 11:25:20.000000000,BEST_ASK,"JPM,101129,182"
2019-06-28 11:25:20.000000000,BEST_BID,"JPM,100895,182"
2019-06-28 11:25:20.000000000,BEST_ASK,"JPM,101129,182"
2019-06-28 11:25:25.617983970,QUERY_SPREAD,6
2019-06-28 11:25:25.617983970,BEST_BID,"JPM,100895,182"
2019-06-28 11:25:25.617983970,BEST_ASK,"JPM,101129,182"
2019-06-28 11:25:28.695532547,QUERY_SPREAD,16
2019-06-28 11:25:28.695532547,BEST_BID,"JPM,100895,182"
2019-06-28 11:25:28.695532547,BEST_ASK,"JPM,101129,82"
2019-06-28 11:25:28.695532547,LAST_TRADE,"100,$101129.0000"
2019-06-28 11:25:30.000000000,QUERY_SPREAD,1
2019-06-28 11:25:30.000000000,BEST_BID,"JPM,100895,182"
2019-06-28 11:25:30.000000000,BEST_ASK,"JPM,101179,208"
2019-06-28 11:25:30.000000000,BEST_BID,"JPM,100895,182"
2019-06-28 11:25:30.000000000,BEST_ASK,"JPM,101179,208"
2019-06-28 11:25:30.000000000,BEST_BID,"JPM,100895,182"
2019-06-28 11:25:30.000000000,BEST_ASK,"JPM,101179,208"
2019-06-28 11:25:30.000000000,BEST_BID,"JPM,100895,182"
2019-06-28 11:25:30.000000000,BEST_ASK,"JPM,101179,208"
2019-06-28 11:25:30.000000000,BEST_BID,"JPM,100895,182"
2019-06-28 11:25:30.000000000,BEST_ASK,"JPM,101179,290"
2019-06-28 11:25:30.000000000,BEST_BID,"JPM,100895,182"
2019-06-28 11:25:30.000000000,BEST_ASK,"JPM,101179,290"
2019-06-28 11:25:30.000000000,BEST_BID,"JPM,100895,182"
2019-06-28 11:25:30.000000000,BEST_ASK,"JPM,101179,290"
2019-06-28 11:25:30.000000000,BEST_BID,"JPM,100895,182"
2019-06-28 11:25:30.000000000,BEST_ASK,"JPM,101179,290"
2019-06-28 11:25:40.000000000,QUERY_SPREAD,1
2019-06-28 11:25:40.000000000,BEST_BID,"JPM,100895,264"
2019-06-28 11:25:40.000000000,BEST_ASK,"JPM,101179,208"
2019-06-28 11:25:40.000000000,BEST_BID,"JPM,100895,264"
2019-06-28 11:25:40.000000000,BEST_ASK,"JPM,101179,208"
2019-06-28 11:25:40.000000000,BEST_BID,"JPM,100895,264"
2019-06-28 11:25:40.000000000,BEST_ASK,"JPM,101179,372"
2019-06-28 11:25:40.000000000,BEST_BID,"JPM,100895,264"
2019-06-28 11:25:40.000000000,BEST_ASK,"JPM,101179,372"
2019-06-28 11:25:40.967247459,QUERY_SPREAD,6
2019-06-28 11:25:40.967247459,BEST_BID,"JPM,100895,264"
2019-06-28 11:25:40.967247459,BEST_ASK,"JPM,101179,372"
2019-06-28 11:25:43.772583714,QUERY_ORDER_STREAM,68
2019-06-28 11:25:43.772583714,QUERY_SPREAD,68
2019-06-28 11:25:43.772583714,BEST_BID,"JPM,101061,100"
2019-06-28 11:25:43.772583714,BEST_ASK,"JPM,101179,372"
2019-06-28 11:25:50.000000000,QUERY_SPREAD,1
2019-06-28 11:25:50.000000000,BEST_BID,"JPM,101061,166"
2019-06-28 11:25:50.000000000,BEST_ASK,"JPM,101179,208"
2019-06-28 11:25:50.000000000,BEST_BID,"JPM,101061,166"
2019-06-28 11:25:50.000000000,BEST_ASK,"JPM,101179,208"
2019-06-28 11:25:50.000000000,BEST_BID,"JPM,101061,166"
2019-06-28 11:25:50.000000000,BEST_ASK,"JPM,101179,208"
2019-06-28 11:25:50.000000000,BEST_BID,"JPM,101061,166"
2019-06-28 11:25:50.000000000,BEST_ASK,"JPM,101179,208"
2019-06-28 11:25:50.000000000,BEST_BID,"JPM,101061,166"
2019-06-28 11:25:50.000000000,BEST_ASK,"JPM,101179,208"
2019-06-28 11:25:50.000000000,BEST_BID,"JPM,101061,166"
2019-06-28 11:25:50.000000000,BEST_ASK,"JPM,101179,274"
2019-06-28 11:25:50.000000000,BEST_BID,"JPM,101061,166"
2019-06-28 11:25:50.000000000,BEST_ASK,"JPM,101179,274"
2019-06-28 11:25:50.000000000,BEST_BID,"JPM,101061,166"
2019-06-28 11:25:50.000000000,BEST_ASK,"JPM,101179,274"
2019-06-28 11:25:50.000000000,BEST_BID,"JPM,101061,166"
2019-06-28 11:25:50.000000000,BEST_ASK,"JPM,101179,274"
2019-06-28 11:25:50.000000000,BEST_BID,"JPM,101061,166"
2019-06-28 11:25:50.000000000,BEST_ASK,"JPM,101179,274"
2019-06-28 11:25:53.269449142,QUERY_SPREAD,14
2019-06-28 11:25:53.269449142,BEST_BID,"JPM,101061,166"
2019-06-28 11:25:53.269449142,BEST_ASK,"JPM,101179,274"
2019-06-28 11:25:57.753640810,QUERY_ORDER_STREAM,59
2019-06-28 11:25:57.753640810,QUERY_SPREAD,59
2019-06-28 11:26:00.000000000,QUERY_SPREAD,1
2019-06-28 11:26:00.000000000,BEST_BID,"JPM,101061,428"
2019-06-28 11:26:00.000000000,BEST_ASK,"JPM,101179,208"
2019-06-28 11:26:00.000000000,BEST_BID,"JPM,101061,428"
2019-06-28 11:26:00.000000000,BEST_ASK,"JPM,101179,536"
2019-06-28 11:26:00.000000000,QUERY_SPREAD,77
2019-06-28 11:26:00.000000000,BEST_BID,"JPM,101061,428"
2019-06-28 11:26:00.000000000,BEST_ASK,"JPM,101179,532"
2019-06-28 11:26:00.000000000,LAST_TRADE,"4,$101179.0000"
2019-06-28 11:26:00.000000000,QUERY_SPREAD,78
2019-06-28 11:26:00.000000000,BEST_BID,"JPM,101061,428"
2019-06-28 11:26:00.000000000,BEST_ASK,"JPM,101179,524"
2019-06-28 11:26:00.000000000,LAST_TRADE,"8,$101179.0000"
2019-06-28 11:26:00.000000000,QUERY_SPREAD,79
2019-06-28 11:26:00.000000000,BEST_BID,"JPM,101061,428"
2019-06-28 11:26:00.000000000,BEST_ASK,"JPM,101179,523"
2019-06-28 11:26:00.000000000,LAST_TRADE,"1,$101179.0000"
2019-06-28 11:26:00.000000000,QUERY_SPREAD,80
2019-06-28 11:26:00.000000000,BEST_BID,"JPM,101061,428"
2019-06-28 11:26:00.000000000,BEST_ASK,"JPM,101179,518"
2019-06-28 11:26:00.000000000,LAST_TRADE,"5,$101179.0000"
2019-06-28 11:26:00.000000000,QUERY_SPREAD,81
2019-06-28 11:26:00.000000000,BEST_BID,"JPM,101061,428"
2019-06-28 11:26:00.000000000,BEST_ASK,"JPM,101179,513"
2019-06-28 11:26:00.000000000,LAST_TRADE,"5,$101179.0000"
2019-06-28 11:26:00.000000000,QUERY_SPREAD,82
2019-06-28 11:26:00.000000000,BEST_BID,"JPM,101061,428"
2019-06-28 11:26:00.000000000,BEST_ASK,"JPM,101179,507"
2019-06-28 11:26:00.000000000,LAST_TRADE,"6,$101179.0000"
2019-06-28 11:26:00.000000000,QUERY_SPREAD,83
2019-06-28 11:26:00.000000000,BEST_BID,"JPM,101061,428"
2019-06-28 11:26:00.000000000,BEST_ASK,"JPM,101179,503"
2019-06-28 11:26:00.000000000,LAST_TRADE,"4,$101179.0000"
2019-06-28 11:26:00.000000000,QUERY_SPREAD,84
2019-06-28 11:26:00.000000000,BEST_BID,"JPM,101061,428"
2019-06-28 11:26:00.000000000,BEST_ASK,"JPM,101179,498"
2019-06-28 11:26:00.000000000,LAST_TRADE,"5,$101179.0000"
2019-06-28 11:26:00.000000000,QUERY_SPREAD,85
2019-06-28 11:26:00.000000000,BEST_BID,"JPM,101061,428"
2019-06-28 11:26:00.000000000,BEST_ASK,"JPM,101179,493"
2019-06-28 11:26:00.000000000,LAST_TRADE,"5,$101179.0000"
2019-06-28 11:26:00.000000000,QUERY_SPREAD,86
2019-06-28 11:26:00.000000000,BEST_BID,"JPM,101061,428"
2019-06-28 11:26:00.000000000,BEST_ASK,"JPM,101179,484"
2019-06-28 11:26:00.000000000,LAST_TRADE,"9,$101179.0000"
2019-06-28 11:26:00.000000000,QUERY_SPREAD,87
2019-06-28 11:26:00.000000000,BEST_BID,"JPM,101061,428"
2019-06-28 11:26:00.000000000,BEST_ASK,"JPM,101179,482"
2019-06-28 11:26:00.000000000,LAST_TRADE,"2,$101179.0000"
2019-06-28 11:26:00.000000000,QUERY_SPREAD,88
2019-06-28 11:26:00.000000000,BEST_BID,"JPM,101061,428"
2019-06-28 11:26:00.000000000,BEST_ASK,"JPM,101179,474"
2019-06-28 11:26:00.000000000,LAST_TRADE,"8,$101179.0000"
2019-06-28 11:26:00.000000000,QUERY_SPREAD,89
2019-06-28 11:26:00.000000000,BEST_BID,"JPM,101061,428"
2019-06-28 11:26:00.000000000,BEST_ASK,"JPM,101179,467"
2019-06-28 11:26:00.000000000,LAST_TRADE,"7,$101179.0000"
2019-06-28 11:26:00.000000000,QUERY_SPREAD,90
2019-06-28 11:26:00.000000000,BEST_BID,"JPM,101061,428"
2019-06-28 11:26:00.000000000,BEST_ASK,"JPM,101179,461"
2019-06-28 11:26:00.000000000,LAST_TRADE,"6,$101179.0000"
2019-06-28 11:26:00.000000000,QUERY_SPREAD,91
2019-06-28 11:26:00.000000000,BEST_BID,"JPM,101061,428"
2019-06-28 11:26:00.000000000,BEST_ASK,"JPM,101179,456"
2019-06-28 11:26:00.000000000,LAST_TRADE,"5,$101179.0000"
2019-06-28 11:26:00.000000000,QUERY_SPREAD,92
2019-06-28 11:26:00.000000000,BEST_BID,"JPM,101061,428"
2019-06-28 11:26:00.000000000,BEST_ASK,"JPM,101179,455"
2019-06-28 11:26:00.000000000,LAST_TRADE,"1,$101179.0000"
2019-06-28 11:26:00.000000000,QUERY_SPREAD,93
2019-06-28 11:26:00.000000000,BEST_BID,"JPM,101061,428"
2019-06-28 11:26:00.000000000,BEST_ASK,"JPM,101179,453"
2019-06-28 11:26:00.000000000,LAST_TRADE,"2,$101179.0000"
2019-06-28 11:26:00.000000000,QUERY_SPREAD,94
2019-06-28 11:26:00.000000000,BEST_BID,"JPM,101061,428"
2019-06-28 11:26:00.000000000,BEST_ASK,"JPM,101179,451"
2019-06-28 11:26:00.000000000,LAST_TRADE,"2,$101179.0000"
2019-06-28 11:26:00.000000000,QUERY_SPREAD,95
2019-06-28 11:26:00.000000000,BEST_BID,"JPM,101061,428"
2019-06-28 11:26:00.000000000,BEST_ASK,"JPM,101179,444"
2019-06-28 11:26:00.000000000,LAST_TRADE,"7,$101179.0000"
2019-06-28 11:26:00.000000000,QUERY_SPREAD,96
2019-06-28 11:26:00.000000000,BEST_BID,"JPM,101061,428"
2019-06-28 11:26:00.000000000,BEST_ASK,"JPM,101179,437"
2019-06-28 11:26:00.000000000,LAST_TRADE,"7,$101179.0000"
2019-06-28 11:26:00.000000000,QUERY_SPREAD,97
2019-06-28 11:26:00.000000000,BEST_BID,"JPM,101061,428"
2019-06-28 11:26:00.000000000,BEST_ASK,"JPM,101179,431"
2019-06-28 11:26:00.000000000,LAST_TRADE,"6,$101179.0000"
2019-06-28 11:26:00.000000000,QUERY_SPREAD,98
2019-06-28 11:26:00.000000000,BEST_BID,"JPM,101061,428"
2019-06-28 11:26:00.000000000,BEST_ASK,"JPM,101179,427"
2019-06-28 11:26:00.000000000,LAST_TRADE,"4,$101179.0000"
2019-06-28 11:26:00.000000000,QUERY_SPREAD,99
2019-06-28 11:26:00.000000000,BEST_BID,"JPM,101061,428"
2019-06-28 11:26:00.000000000,BEST_ASK,"JPM,101179,425"
2019-06-28 11:26:00.000000000,LAST_TRADE,"2,$101179.0000"
2019-06-28 11:26:00.000000000,QUERY_SPREAD,100
2019-06-28 11:26:00.000000000,BEST_BID,"JPM,101061,428"
2019-06-28 11:26:00.000000000,BEST_ASK,"JPM,101179,419"
2019-06-28 11:26:00.000000000,LAST_TRADE,"6,$101179.0000"
2019-06-28 11:26:00.000000000,QUERY_SPREAD,101
2019-06-28 11:26:00.000000000,QUERY_ORDER_STREAM,101
2019-06-28 11:26:00.000000000,BEST_BID,"JPM,101061,428"
2019-06-28 11:26:00.000000000,BEST_ASK,"JPM,101179,427"
2019-06-28 11:26:10.000000000,QUERY_SPREAD,1
2019-06-28 11:26:10.000000000,BEST_BID,"JPM,101061,166"
2019-06-28 11:26:10.000000000,BEST_ASK,"JPM,101179,99"
2019-06-28 11:26:10.000000000,BEST_BID,"JPM,101061,166"
2019-06-28 11:26:10.000000000,BEST_ASK,"JPM,101179,99"
2019-06-28 11:26:10.000000000,BEST_BID,"JPM,101061,166"
2019-06-28 11:26:10.000000000,BEST_ASK,"JPM,101179,99"
2019-06-28 11:26:10.000000000,BEST_BID,"JPM,101061,166"
2019-06-28 11:26:10.000000000,BEST_ASK,"JPM,101179,99"
2019-06-28 11:26:10.000000000,BEST_BID,"JPM,101061,166"
2019-06-28 11:26:10.000000000,BEST_ASK,"JPM,101179,99"
2019-06-28 11:26:10.000000000,BEST_BID,"JPM,101061,166"
2019-06-28 11:26:10.000000000,BEST_ASK,"JPM,101179,165"
2019-06-28 11:26:10.000000000,BEST_BID,"JPM,101061,166"
2019-06-28 11:26:10.000000000,BEST_ASK,"JPM,101179,165"
2019-06-28 11:26:10.000000000,BEST_BID,"JPM,101061,166"
2019-06-28 11:26:10.000000000,BEST_ASK,"JPM,101179,165"
2019-06-28 11:26:10.000000000,BEST_BID,"JPM,101061,166"
2019-06-28 11:26:10.000000000,BEST_ASK,"JPM,101179,165"
2019-06-28 11:26:10.000000000,BEST_BID,"JPM,101061,166"
2019-06-28 11:26:10.000000000,BEST_ASK,"JPM,101179,165"
2019-06-28 11:26:20.000000000,QUERY_SPREAD,1
2019-06-28 11:26:20.000000000,BEST_BID,"JPM,101061,264"
2019-06-28 11:26:20.000000000,BEST_ASK,"JPM,101179,99"
2019-06-28 11:26:20.000000000,BEST_BID,"JPM,101061,264"
2019-06-28 11:26:20.000000000,BEST_ASK,"JPM,101179,99"
2019-06-28 11:26:20.000000000,BEST_BID,"JPM,101061,264"
2019-06-28 11:26:20.000000000,BEST_ASK,"JPM,101179,263"
2019-06-28 11:26:20.000000000,BEST_BID,"JPM,101061,264"
2019-06-28 11:26:20.000000000,BEST_ASK,"JPM,101179,263"
2019-06-28 11:26:27.260331338,QUERY_SPREAD,39
2019-06-28 11:26:27.260331338,BEST_BID,"JPM,101168,100"
2019-06-28 11:26:27.260331338,BEST_ASK,"JPM,101179,263"
2019-06-28 11:26:30.000000000,QUERY_SPREAD,1
2019-06-28 11:26:30.000000000,BEST_BID,"JPM,101168,428"
2019-06-28 11:26:30.000000000,BEST_ASK,"JPM,101179,99"
2019-06-28 11:26:30.000000000,BEST_BID,"JPM,101168,428"
2019-06-28 11:26:30.000000000,BEST_ASK,"JPM,101179,427"
2019-06-28 11:26:33.025565329,QUERY_SPREAD,43
2019-06-28 11:26:33.025565329,BEST_BID,"JPM,101168,428"
2019-06-28 11:26:33.025565329,BEST_ASK,"JPM,101179,427"
2019-06-28 11:26:36.489888669,QUERY_SPREAD,46
2019-06-28 11:26:36.489888669,BEST_BID,"JPM,101168,428"
2019-06-28 11:26:36.489888669,BEST_ASK,"JPM,101179,427"
2019-06-28 11:26:40.000000000,QUERY_SPREAD,1
2019-06-28 11:26:40.000000000,BEST_BID,"JPM,101168,182"
2019-06-28 11:26:40.000000000,BEST_ASK,"JPM,101179,99"
2019-06-28 11:26:40.000000000,BEST_BID,"JPM,101168,182"
2019-06-28 11:26:40.000000000,BEST_ASK,"JPM,101179,99"
2019-06-28 11:26:40.000000000,BEST_BID,"JPM,101168,182"
2019-06-28 11:26:40.000000000,BEST_ASK,"JPM,101179,99"
2019-06-28 11:26:40.000000000,BEST_BID,"JPM,101168,182"
2019-06-28 11:26:40.000000000,BEST_ASK,"JPM,101179,99"
2019-06-28 11:26:40.000000000,BEST_BID,"JPM,101168,182"
2019-06-28 11:26:40.000000000,BEST_ASK,"JPM,101179,181"
2019-06-28 11:26:40.000000000,BEST_BID,"JPM,101168,182"
2019-06-28 11:26:40.000000000,BEST_ASK,"JPM,101179,181"
2019-06-28 11:26:40.000000000,BEST_BID,"JPM,101168,182"
2019-06-28 11:26:40.000000000,BEST_ASK,"JPM,101179,181"
2019-06-28 11:26:40.000000000,BEST_BID,"JPM,101168,182"
2019-06-28 11:26:40.000000000,BEST_ASK,"JPM,101179,181"
2019-06-28 11:26:50.000000000,QUERY_SPREAD,1
2019-06-28 11:26:50.000000000,BEST_BID,"JPM,101168,212"
2019-06-28 11:26:50.000000000,BEST_ASK,"JPM,101179,99"
2019-06-28 11:26:50.000000000,BEST_BID,"JPM,101168,212"
2019-06-28 11:26:50.000000000,BEST_ASK,"JPM,101179,99"
2019-06-28 11:26:50.000000000,BEST_BID,"JPM,101168,212"
2019-06-28 11:26:50.000000000,BEST_ASK,"JPM,101179,99"
2019-06-28 11:26:50.000000000,BEST_BID,"JPM,101168,212"
2019-06-28 11:26:50.000000000,BEST_ASK,"JPM,101179,211"
2019-06-28 11:26:50.000000000,BEST_BID,"JPM,101168,212"
2019-06-28 11:26:50.000000000,BEST_ASK,"JPM,101179,211"
2019-06-28 11:26:50.000000000,BEST_BID,"JPM,101168,212"
2019-06-28 11:26:50.000000000,BEST_ASK,"JPM,101179,211"
2019-06-28 11:27:00.000000000,QUERY_SPREAD,1
2019-06-28 11:27:00.000000000,BEST_BID,"JPM,101168,182"
2019-06-28 11:27:00.000000000,BEST_ASK,"JPM,101179,99"
2019-06-28 11:27:00.000000000,BEST_BID,"JPM,101168,182"
2019-06-28 11:27:00.000000000,BEST_ASK,"JPM,101179,99"
2019-06-28 11:27:00.000000000,BEST_BID,"JPM,101168,182"
2019-06-28 11:27:00.000000000,BEST_ASK,"JPM,101179,99"
2019-06-28 11:27:00.000000000,BEST_BID,"JPM,101168,182"
2019-06-28 11:27:00.000000000,BEST_ASK,"JPM,101179,99"
2019-06-28 11:27:00.000000000,BEST_BID,"JPM,101168,182"
2019-06-28 11:27:00.000000000,BEST_ASK,"JPM,101179,181"
2019-06-28 11:27:00.000000000,BEST_BID,"JPM,101168,182"
2019-06-28 11:27:00.000000000,BEST_ASK,"JPM,101179,181"
2019-06-28 11:27:00.000000000,BEST_BID,"JPM,101168,182"
2019-06-28 11:27:00.000000000,BEST_ASK,"JPM,101179,181"
2019-06-28 11:27:00.000000000,BEST_BID,"JPM,101168,182"
2019-06-28 11:27:00.000000000,BEST_ASK,"JPM,101179,181"
2019-06-28 11:27:00.000000000,QUERY_SPREAD,77
2019-06-28 11:27:00.000000000,BEST_BID,"JPM,101168,182"
2019-06-28 11:27:00.000000000,BEST_ASK,"JPM,101179,177"
2019-06-28 11:27:00.000000000,LAST_TRADE,"4,$101179.0000"
2019-06-28 11:27:00.000000000,QUERY_SPREAD,78
2019-06-28 11:27:00.000000000,BEST_BID,"JPM,101168,182"
2019-06-28 11:27:00.000000000,BEST_ASK,"JPM,101179,169"
2019-06-28 11:27:00.000000000,LAST_TRADE,"8,$101179.0000"
2019-06-28 11:27:00.000000000,QUERY_SPREAD,79
2019-06-28 11:27:00.000000000,BEST_BID,"JPM,101168,182"
2019-06-28 11:27:00.000000000,BEST_ASK,"JPM,101179,168"
2019-06-28 11:27:00.000000000,LAST_TRADE,"1,$101179.0000"
2019-06-28 11:27:00.000000000,QUERY_SPREAD,80
2019-06-28 11:27:00.000000000,BEST_BID,"JPM,101168,182"
2019-06-28 11:27:00.000000000,BEST_ASK,"JPM,101179,163"
2019-06-28 11:27:00.000000000,LAST_TRADE,"5,$101179.0000"
2019-06-28 11:27:00.000000000,QUERY_SPREAD,81
2019-06-28 11:27:00.000000000,BEST_BID,"JPM,101168,182"
2019-06-28 11:27:00.000000000,BEST_ASK,"JPM,101179,158"
2019-06-28 11:27:00.000000000,LAST_TRADE,"5,$101179.0000"
2019-06-28 11:27:00.000000000,QUERY_SPREAD,82
2019-06-28 11:27:00.000000000,BEST_BID,"JPM,101168,182"
2019-06-28 11:27:00.000000000,BEST_ASK,"JPM,101179,152"
2019-06-28 11:27:00.000000000,LAST_TRADE,"6,$101179.0000"
2019-06-28 11:27:00.000000000,QUERY_SPREAD,83
2019-06-28 11:27:00.000000000,BEST_BID,"JPM,101168,182"
2019-06-28 11:27:00.000000000,BEST_ASK,"JPM,101179,148"
2019-06-28 11:27:00.000000000,LAST_TRADE,"4,$101179.0000"
2019-06-28 11:27:00.000000000,QUERY_SPREAD,84
2019-06-28 11:27:00.000000000,BEST_BID,"JPM,101168,182"
2019-06-28 11:27:00.000000000,BEST_ASK,"JPM,101179,143"
2019-06-28 11:27:00.000000000,LAST_TRADE,"5,$101179.0000"
2019-06-28 11:27:00.000000000,QUERY_SPREAD,85
2019-06-28 11:27:00.000000000,BEST_BID,"JPM,101168,182"
2019-06-28 11:27:00.000000000,BEST_ASK,"JPM,101179,138"
2019-06-28 11:27:00.000000000,LAST_TRADE,"5,$101179.0000"
2019-06-28 11:27:00.000000000,QUERY_SPREAD,86
2019-06-28 11:27:00.000000000,BEST_BID,"JPM,101168,182"
2019-06-28 11:27:00.000000000,BEST_ASK,"JPM,101179,129"
2019-06-28 11:27:00.000000000,LAST_TRADE,"9,$101179.0000"
2019-06-28 11:27:00.000000000,QUERY_SPREAD,87
2019-06-28 11:27:00.000000000,BEST_BID,"JPM,101168,182"
2019-06-28 11:27:00.000000000,BEST_ASK,"JPM,101179,127"
2019-06-28 11:27:00.000000000,LAST_TRADE,"2,$101179.0000"
2019-06-28 11:27:00.000000000,QUERY_SPREAD,88
2019-06-28 11:27:00.000000000,BEST_BID,"JPM,101168,182"
2019-06-28 11:27:00.000000000,BEST_ASK,"JPM,101179,119"
2019-06-28 11:27:00.000000000,LAST_TRADE,"8,$101179.0000"
2019-06-28 11:27:00.000000000,QUERY_SPREAD,89
2019-06-28 11:27:00.000000000,BEST_BID,"JPM,101168,182"
2019-06-28 11:27:00.000000000,BEST_ASK,"JPM,101179,112"
2019-06-28 11:27:00.000000000,LAST_TRADE,"7,$101179.0000"
2019-06-28 11:27:00.000000000,QUERY_SPREAD,90
2019-06-28 11:27:00.000000000,BEST_BID,"JPM,101168,182"
2019-06-28 11:27:00.000000000,BEST_ASK,"JPM,101179,106"
2019-06-28 11:27:00.000000000,LAST_TRADE,"6,$101179.0000"
2019-06-28 11:27:00.000000000,QUERY_SPREAD,91
2019-06-28 11:27:00.000000000,BEST_BID,"JPM,101168,182"
2019-06-28 11:27:00.000000000,BEST_ASK,"JPM,101179,101"
2019-06-28 11:27:00.000000000,LAST_TRADE,"5,$101179.0000"
2019-06-28 11:27:00.000000000,QUERY_SPREAD,92
2019-06-28 11:27:00.000000000,BEST_BID,"JPM,101168,182"
2019-06-28 11:27:00.000000000,BEST_ASK,"JPM,101179,100"
2019-06-28 11:27:00.000000000,LAST_TRADE,"1,$101179.0000"
2019-06-28 11:27:00.000000000,QUERY_SPREAD,93
2019-06-28 11:27:00.000000000,BEST_BID,"JPM,101168,182"
2019-06-28 11:27:00.000000000,BEST_ASK,"JPM,101179,98"
2019-06-28 11:27:00.000000000,LAST_TRADE,"2,$101179.0000"
2019-06-28 11:27:00.000000000,QUERY_SPREAD,94
2019-06-28 11:27:00.000000000,BEST_BID,"JPM,101168,182"
2019-06-28 11:27:00.000000000,BEST_ASK,"JPM,101179,96"
2019-06-28 11:27:00.000000000,LAST_TRADE,"2,$101179.0000"
2019-06-28 11:27:00.000000000,QUERY_SPREAD,95
2019-06-28 11:27:00.000000000,BEST_BID,"JPM,101168,182"
2019-06-28 11:27:00.000000000,BEST_ASK,"JPM,101179,89"
2019-06-28 11:27:00.000000000,LAST_TRADE,"7,$101179.0000"
2019-06-28 11:27:00.000000000,QUERY_SPREAD,96
2019-06-28 11:27:00.000000000,BEST_BID,"JPM,101168,182"
2019-06-28 11:27:00.000000000,BEST_ASK,"JPM,101179,82"
2019-06-28 11:27:00.000000000,LAST_TRADE,"7,$101179.0000"
2019-06-28 11:27:00.000000000,QUERY_SPREAD,97
2019-06-28 11:27:00.000000000,BEST_BID,"JPM,101168,182"
2019-06-28 11:27:00.000000000,BEST_ASK,"JPM,101179,76"
2019-06-28 11:27:00.000000000,LAST_TRADE,"6,$101179.0000"
2019-06-28 11:27:00.000000000,QUERY_SPREAD,98
2019-06-28 11:27:00.000000000,BEST_BID,"JPM,101168,182"
2019-06-28 11:27:00.000000000,BEST_ASK,"JPM,101179,72"
2019-06-28 11:27:00.000000000,LAST_TRADE,"4,$101179.0000"
2019-06-28 11:27:00.000000000,QUERY_SPREAD,99
2019-06-28 11:27:00.000000000,BEST_BID,"JPM,101168,182"
2019-06-28 11:27:00.000000000,BEST_ASK,"JPM,101179,70"
2019-06-28 11:27:00.000000000,LAST_TRADE,"2,$101179.0000"
2019-06-28 11:27:00.000000000,QUERY_SPREAD,100
2019-06-28 11:27:00.000000000,BEST_BID,"JPM,101168,182"
2019-06-28 11:27:00.000000000,BEST_ASK,"JPM,101179,64"
2019-06-28 11:27:00.000000000,LAST_TRADE,"6,$101179.0000"
2019-06-28 11:27:00.000000000,QUERY_SPREAD,101
2019-06-28 11:27:00.000000000,QUERY_ORDER_STREAM,101
2019-06-28 11:27:00.000000000,BEST_BID,"JPM,101168,182"
2019-06-28 11:27:00.000000000,BEST_ASK,"JPM,101179,72"
2019-06-28 11:27:10.000000000,QUERY_SPREAD,1
2019-06-28 11:27:10.000000000,BEST_BID,"JPM,101168,428"
2019-06-28 11:27:10.000000000,BEST_ASK,"JPM,101179,8"
2019-06-28 11:27:10.000000000,BEST_BID,"JPM,101168,428"
2019-06-28 11:27:10.000000000,BEST_ASK,"JPM,101179,336"
2019-06-28 11:27:20.000000000,QUERY_SPREAD,1
2019-06-28 11:27:20.000000000,BEST_BID,"JPM,101168,264"
2019-06-28 11:27:20.000000000,BEST_ASK,"JPM,101179,8"
2019-06-28 11:27:20.000000000,BEST_BID,"JPM,101168,264"
2019-06-28 11:27:20.000000000,BEST_ASK,"JPM,101179,8"
2019-06-28 11:27:20.000000000,BEST_BID,"JPM,101168,264"
2019-06-28 11:27:20.000000000,BEST_ASK,"JPM,101179,172"
2019-06-28 11:27:20.000000000,BEST_BID,"JPM,101168,264"
2019-06-28 11:27:20.000000000,BEST_ASK,"JPM,101179,172"
2019-06-28 11:27:30.000000000,QUERY_SPREAD,1
2019-06-28 11:27:30.000000000,BEST_BID,"JPM,101168,428"
2019-06-28 11:27:30.000000000,BEST_ASK,"JPM,101179,8"
2019-06-28 11:27:30.000000000,BEST_BID,"JPM,101168,428"
2019-06-28 11:27:30.000000000,BEST_ASK,"JPM,101179,336"
2019-06-28 11:27:35.595995719,QUERY_ORDER_STREAM,71
2019-06-28 11:27:35.595995719,QUERY_SPREAD,71
2019-06-28 11:27:40.000000000,QUERY_SPREAD,1
2019-06-28 11:27:40.000000000,BEST_BID,"JPM,101168,428"
2019-06-28 11:27:40.000000000,BEST_ASK,"JPM,101179,8"
2019-06-28 11:27:40.000000000,BEST_BID,"JPM,101168,428"
2019-06-28 11:27:40.000000000,BEST_ASK,"JPM,101179,336"
2019-06-28 11:27:48.355601757,QUERY_ORDER_STREAM,66
2019-06-28 11:27:48.355601757,QUERY_SPREAD,66
2019-06-28 11:27:48.355601757,BEST_BID,"JPM,101168,428"
2019-06-28 11:27:48.355601757,BEST_ASK,"JPM,101179,236"
2019-06-28 11:27:48.355601757,LAST_TRADE,"100,$101179.0000"
2019-06-28 11:27:49.269995631,QUERY_ORDER_STREAM,55
2019-06-28 11:27:49.269995631,QUERY_SPREAD,55
2019-06-28 11:27:49.269995631,BEST_BID,"JPM,101168,428"
2019-06-28 11:27:49.269995631,BEST_ASK,"JPM,101179,136"
2019-06-28 11:27:49.269995631,LAST_TRADE,"100,$101179.0000"
2019-06-28 11:27:50.000000000,QUERY_SPREAD,1
2019-06-28 11:27:50.000000000,BEST_BID,"JPM,101168,166"
2019-06-28 11:27:50.000000000,BEST_ASK,"JPM,101190,100"
2019-06-28 11:27:50.000000000,BEST_BID,"JPM,101168,166"
2019-06-28 11:27:50.000000000,BEST_ASK,"JPM,101190,100"
2019-06-28 11:27:50.000000000,BEST_BID,"JPM,101168,166"
2019-06-28 11:27:50.000000000,BEST_ASK,"JPM,101190,100"
2019-06-28 11:27:50.000000000,BEST_BID,"JPM,101168,166"
2019-06-28 11:27:50.000000000,BEST_ASK,"JPM,101190,100"
2019-06-28 11:27:50.000000000,BEST_BID,"JPM,101168,166"
2019-06-28 11:27:50.000000000,BEST_ASK,"JPM,101190,100"
2019-06-28 11:27:50.000000000,BEST_BID,"JPM,101168,166"
2019-06-28 11:27:50.000000000,BEST_ASK,"JPM,101190,166"
2019-06-28 11:27:50.000000000,BEST_BID,"JPM,101168,166"
2019-06-28 11:27:50.000000000,BEST_ASK,"JPM,101190,166"
2019-06-28 11:27:50.000000000,BEST_BID,"JPM,101168,166"
2019-06-28 11:27:50.000000000,BEST_ASK,"JPM,101190,166"
2019-06-28 11:27:50.000000000,BEST_BID,"JPM,101168,166"
2019-06-28 11:27:50.000000000,BEST_ASK,"JPM,101190,166"
2019-06-28 11:27:50.000000000,BEST_BID,"JPM,101168,166"
2019-06-28 11:27:50.000000000,BEST_ASK,"JPM,101190,166"
2019-06-28 11:28:00.000000000,QUERY_SPREAD,1
2019-06-28 11:28:00.000000000,BEST_BID,"JPM,101168,182"
2019-06-28 11:28:00.000000000,BEST_ASK,"JPM,101190,100"
2019-06-28 11:28:00.000000000,BEST_BID,"JPM,101168,182"
2019-06-28 11:28:00.000000000,BEST_ASK,"JPM,101190,100"
2019-06-28 11:28:00.000000000,BEST_BID,"JPM,101168,182"
2019-06-28 11:28:00.000000000,BEST_ASK,"JPM,101190,100"
2019-06-28 11:28:00.000000000,BEST_BID,"JPM,101168,182"
2019-06-28 11:28:00.000000000,BEST_ASK,"JPM,101190,100"
2019-06-28 11:28:00.000000000,BEST_BID,"JPM,101168,182"
2019-06-28 11:28:00.000000000,BEST_ASK,"JPM,101190,182"
2019-06-28 11:28:00.000000000,BEST_BID,"JPM,101168,182"
2019-06-28 11:28:00.000000000,BEST_ASK,"JPM,101190,182"
2019-06-28 11:28:00.000000000,BEST_BID,"JPM,101168,182"
2019-06-28 11:28:00.000000000,BEST_ASK,"JPM,101190,182"
2019-06-28 11:28:00.000000000,BEST_BID,"JPM,101168,182"
2019-06-28 11:28:00.000000000,BEST_ASK,"JPM,101190,182"
2019-06-28 11:28:00.000000000,QUERY_SPREAD,77
2019-06-28 11:28:00.000000000,BEST_BID,"JPM,101168,182"
2019-06-28 11:28:00.000000000,BEST_ASK,"JPM,101190,178"
2019-06-28 11:28:00.000000000,LAST_TRADE,"4,$101190.0000"
2019-06-28 11:28:00.000000000,QUERY_SPREAD,78
2019-06-28 11:28:00.000000000,BEST_BID,"JPM,101168,182"
2019-06-28 11:28:00.000000000,BEST_ASK,"JPM,101190,170"
2019-06-28 11:28:00.000000000,LAST_TRADE,"8,$101190.0000"
2019-06-28 11:28:00.000000000,QUERY_SPREAD,79
2019-06-28 11:28:00.000000000,BEST_BID,"JPM,101168,182"
2019-06-28 11:28:00.000000000,BEST_ASK,"JPM,101190,169"
2019-06-28 11:28:00.000000000,LAST_TRADE,"1,$101190.0000"
2019-06-28 11:28:00.000000000,QUERY_SPREAD,80
2019-06-28 11:28:00.000000000,BEST_BID,"JPM,101168,182"
2019-06-28 11:28:00.000000000,BEST_ASK,"JPM,101190,164"
2019-06-28 11:28:00.000000000,LAST_TRADE,"5,$101190.0000"
2019-06-28 11:28:00.000000000,QUERY_SPREAD,81
2019-06-28 11:28:00.000000000,BEST_BID,"JPM,101168,182"
2019-06-28 11:28:00.000000000,BEST_ASK,"JPM,101190,159"
2019-06-28 11:28:00.000000000,LAST_TRADE,"5,$101190.0000"
2019-06-28 11:28:00.000000000,QUERY_SPREAD,82
2019-06-28 11:28:00.000000000,BEST_BID,"JPM,101168,182"
2019-06-28 11:28:00.000000000,BEST_ASK,"JPM,101190,153"
2019-06-28 11:28:00.000000000,LAST_TRADE,"6,$101190.0000"
2019-06-28 11:28:00.000000000,QUERY_SPREAD,83
2019-06-28 11:28:00.000000000,BEST_BID,"JPM,101168,182"
2019-06-28 11:28:00.000000000,BEST_ASK,"JPM,101190,149"
2019-06-28 11:28:00.000000000,LAST_TRADE,"4,$101190.0000"
2019-06-28 11:28:00.000000000,QUERY_SPREAD,84
2019-06-28 11:28:00.000000000,BEST_BID,"JPM,101168,182"
2019-06-28 11:28:00.000000000,BEST_ASK,"JPM,101190,144"
2019-06-28 11:28:00.000000000,LAST_TRADE,"5,$101190.0000"
2019-06-28 11:28:00.000000000,QUERY_SPREAD,85
2019-06-28 11:28:00.000000000,BEST_BID,"JPM,101168,182"
2019-06-28 11:28:00.000000000,BEST_ASK,"JPM,101190,139"
2019-06-28 11:28:00.000000000,LAST_TRADE,"5,$101190.0000"
2019-06-28 11:28:00.000000000,QUERY_SPREAD,86
2019-06-28 11:28:00.000000000,BEST_BID,"JPM,101168,182"
2019-06-28 11:28:00.000000000,BEST_ASK,"JPM,101190,130"
2019-06-28 11:28:00.000000000,LAST_TRADE,"9,$101190.0000"
2019-06-28 11:28:00.000000000,QUERY_SPREAD,87
2019-06-28 11:28:00.000000000,BEST_BID,"JPM,101168,182"
2019-06-28 11:28:00.000000000,BEST_ASK,"JPM,101190,128"
2019-06-28 11:28:00.000000000,LAST_TRADE,"2,$101190.0000"
2019-06-28 11:28:00.000000000,QUERY_SPREAD,88
2019-06-28 11:28:00.000000000,BEST_BID,"JPM,101168,182"
2019-06-28 11:28:00.000000000,BEST_ASK,"JPM,101190,120"
2019-06-28 11:28:00.000000000,LAST_TRADE,"8,$101190.0000"
2019-06-28 11:28:00.000000000,QUERY_SPREAD,89
2019-06-28 11:28:00.000000000,BEST_BID,"JPM,101168,182"
2019-06-28 11:28:00.000000000,BEST_ASK,"JPM,101190,113"
2019-06-28 11:28:00.000000000,LAST_TRADE,"7,$101190.0000"
2019-06-28 11:28:00.000000000,QUERY_SPREAD,90
2019-06-28 11:28:00.000000000,BEST_BID,"JPM,101168,182"
2019-06-28 11:28:00.000000000,BEST_ASK,"JPM,101190,107"
2019-06-28 11:28:00.000000000,LAST_TRADE,"6,$101190.0000"
2019-06-28 11:28:00.000000000,QUERY_SPREAD,91
2019-06-28 11:28:00.000000000,BEST_BID,"JPM,101168,182"
2019-06-28 11:28:00.000000000,BEST_ASK,"JPM,101190,102"
2019-06-28 11:28:00.000000000,LAST_TRADE,"5,$101190.0000"
2019-06-28 11:28:00.000000000,QUERY_SPREAD,92
2019-06-28 11:28:00.000000000,BEST_BID,"JPM,101168,182"
2019-06-28 11:28:00.000000000,BEST_ASK,"JPM,101190,101"
2019-06-28 11:28:00.000000000,LAST_TRADE,"1,$101190.0000"
2019-06-28 11:28:00.000000000,QUERY_SPREAD,93
2019-06-28 11:28:00.000000000,BEST_BID,"JPM,101168,182"
2019-06-28 11:28:00.000000000,BEST_ASK,"JPM,101190,99"
2019-06-28 11:28:00.000000000,LAST_TRADE,"2,$101190.0000"
2019-06-28 11:28:00.000000000,QUERY_SPREAD,94
2019-06-28 11:28:00.000000000,BEST_BID,"JPM,101168,182"
2019-06-28 11:28:00.000000000,BEST_ASK,"JPM,101190,97"
2019-06-28 11:28:00.000000000,LAST_TRADE,"2,$101190.0000"
2019-06-28 11:28:00.000000000,QUERY_SPREAD,95
2019-06-28 11:28:00.000000000,BEST_BID,"JPM,101168,182"
2019-06-28 11:28:00.000000000,BEST_ASK,"JPM,101190,90"
2019-06-28 11:28:00.000000000,LAST_TRADE,"7,$101190.0000"
2019-06-28 11:28:00.000000000,QUERY_SPREAD,96
2019-06-28 11:28:00.000000000,BEST_BID,"JPM,101168,182"
2019-06-28 11:28:00.000000000,BEST_ASK,"JPM,101190,83"
2019-06-28 11:28:00.000000000,LAST_TRADE,"7,$101190.0000"
2019-06-28 11:28:00.000000000,QUERY_SPREAD,97
2019-06-28 11:28:00.000000000,BEST_BID,"JPM,101168,182"
2019-06-28 11:28:00.000000000,BEST_ASK,"JPM,101190,77"
2019-06-28 11:28:00.000000000,LAST_TRADE,"6,$101190.0000"
2019-06-28 11:28:00.000000000,QUERY_SPREAD,98
2019-06-28 11:28:00.000000000,BEST_BID,"JPM,101168,182"
2019-06-28 11:28:00.000000000,BEST_ASK,"JPM,101190,73"
2019-06-28 11:28:00.000000000,LAST_TRADE,"4,$101190.0000"
2019-06-28 11:28:00.000000000,QUERY_SPREAD,99
2019-06-28 11:28:00.000000000,BEST_BID,"JPM,101168,182"
2019-06-28 11:28:00.000000000,BEST_ASK,"JPM,101190,71"
2019-06-28 11:28:00.000000000,LAST_TRADE,"2,$101190.0000"
2019-06-28 11:28:00.000000000,QUERY_SPREAD,100
2019-06-28 11:28:00.000000000,BEST_BID,"JPM,101168,182"
2019-06-28 11:28:00.000000000,BEST_ASK,"JPM,101190,65"
2019-06-28 11:28:00.000000000,LAST_TRADE,"6,$101190.0000"
2019-06-28 11:28:00.000000000,QUERY_SPREAD,101
2019-06-28 11:28:00.000000000,QUERY_ORDER_STREAM,101
2019-06-28 11:28:00.000000000,BEST_BID,"JPM,101168,182"
2019-06-28 11:28:00.000000000,BEST_ASK,"JPM,101190,73"
2019-06-28 11:28:10.000000000,QUERY_SPREAD,1
2019-06-28 11:28:10.000000000,BEST_BID,"JPM,101168,212"
2019-06-28 11:28:10.000000000,BEST_ASK,"JPM,101190,8"
2019-06-28 11:28:10.000000000,BEST_BID,"JPM,101168,212"
2019-06-28 11:28:10.000000000,BEST_ASK,"JPM,101190,8"
2019-06-28 11:28:10.000000000,BEST_BID,"JPM,101168,212"
2019-06-28 11:28:10.000000000,BEST_ASK,"JPM,101190,8"
2019-06-28 11:28:10.000000000,BEST_BID,"JPM,101168,212"
2019-06-28 11:28:10.000000000,BEST_ASK,"JPM,101190,120"
2019-06-28 11:28:10.000000000,BEST_BID,"JPM,101168,212"
2019-06-28 11:28:10.000000000,BEST_ASK,"JPM,101190,120"
2019-06-28 11:28:10.000000000,BEST_BID,"JPM,101168,212"
2019-06-28 11:28:10.000000000,BEST_ASK,"JPM,101190,120"
2019-06-28 11:28:20.000000000,QUERY_SPREAD,1
2019-06-28 11:28:20.000000000,BEST_BID,"JPM,101168,264"
2019-06-28 11:28:20.000000000,BEST_ASK,"JPM,101190,8"
2019-06-28 11:28:20.000000000,BEST_BID,"JPM,101168,264"
2019-06-28 11:28:20.000000000,BEST_ASK,"JPM,101190,8"
2019-06-28 11:28:20.000000000,BEST_BID,"JPM,101168,264"
2019-06-28 11:28:20.000000000,BEST_ASK,"JPM,101190,172"
2019-06-28 11:28:20.000000000,BEST_BID,"JPM,101168,264"
2019-06-28 11:28:20.000000000,BEST_ASK,"JPM,101190,172"
2019-06-28 11:28:30.000000000,QUERY_SPREAD,1
2019-06-28 11:28:30.000000000,BEST_BID,"JPM,101168,182"
2019-06-28 11:28:30.000000000,BEST_ASK,"JPM,101190,8"
2019-06-28 11:28:30.000000000,BEST_BID,"JPM,101168,182"
2019-06-28 11:28:30.000000000,BEST_ASK,"JPM,101190,8"
2019-06-28 11:28:30.000000000,BEST_BID,"JPM,101168,182"
2019-06-28 11:28:30.000000000,BEST_ASK,"JPM,101190,8"
2019-06-28 11:28:30.000000000,BEST_BID,"JPM,101168,182"
2019-06-28 11:28:30.000000000,BEST_ASK,"JPM,101190,8"
2019-06-28 11:28:30.000000000,BEST_BID,"JPM,101168,182"
2019-06-28 11:28:30.000000000,BEST_ASK,"JPM,101190,90"
2019-06-28 11:28:30.000000000,BEST_BID,"JPM,101168,182"
2019-06-28 11:28:30.000000000,BEST_ASK,"JPM,101190,90"
2019-06-28 11:28:30.000000000,BEST_BID,"JPM,101168,182"
2019-06-28 11:28:30.000000000,BEST_ASK,"JPM,101190,90"
2019-06-28 11:28:30.000000000,BEST_BID,"JPM,101168,182"
2019-06-28 11:28:30.000000000,BEST_ASK,"JPM,101190,90"
2019-06-28 11:28:30.003568475,QUERY_SPREAD,14
2019-06-28 11:28:30.003568475,BEST_BID,"JPM,101190,10"
2019-06-28 11:28:30.003568475,BEST_ASK,"JPM,101236,182"
2019-06-28 11:28:30.003568475,LAST_TRADE,"90,$101190.0000"
2019-06-28 11:28:40.000000000,QUERY_SPREAD,1
2019-06-28 11:28:40.000000000,BEST_BID,"JPM,101190,174"
2019-06-28 11:28:40.000000000,BEST_ASK,"JPM,101236,100"
2019-06-28 11:28:40.000000000,BEST_BID,"JPM,101190,174"
2019-06-28 11:28:40.000000000,BEST_ASK,"JPM,101236,100"
2019-06-28 11:28:40.000000000,BEST_BID,"JPM,101190,174"
2019-06-28 11:28:40.000000000,BEST_ASK,"JPM,101236,264"
2019-06-28 11:28:40.000000000,BEST_BID,"JPM,101190,174"
2019-06-28 11:28:40.000000000,BEST_ASK,"JPM,101236,264"
2019-06-28 11:28:50.000000000,QUERY_SPREAD,1
2019-06-28 11:28:50.000000000,BEST_BID,"JPM,101190,122"
2019-06-28 11:28:50.000000000,BEST_ASK,"JPM,101236,100"
2019-06-28 11:28:50.000000000,BEST_BID,"JPM,101190,122"
2019-06-28 11:28:50.000000000,BEST_ASK,"JPM,101236,100"
2019-06-28 11:28:50.000000000,BEST_BID,"JPM,101190,122"
2019-06-28 11:28:50.000000000,BEST_ASK,"JPM,101236,100"
2019-06-28 11:28:50.000000000,BEST_BID,"JPM,101190,122"
2019-06-28 11:28:50.000000000,BEST_ASK,"JPM,101236,212"
2019-06-28 11:28:50.000000000,BEST_BID,"JPM,101190,122"
2019-06-28 11:28:50.000000000,BEST_ASK,"JPM,101236,212"
2019-06-28 11:28:50.000000000,BEST_BID,"JPM,101190,122"
2019-06-28 11:28:50.000000000,BEST_ASK,"JPM,101236,212"
2019-06-28 11:29:00.000000000,QUERY_SPREAD,1
2019-06-28 11:29:00.000000000,BEST_BID,"JPM,101190,92"
2019-06-28 11:29:00.000000000,BEST_ASK,"JPM,101236,100"
2019-06-28 11:29:00.000000000,BEST_BID,"JPM,101190,92"
2019-06-28 11:29:00.000000000,BEST_ASK,"JPM,101236,100"
2019-06-28 11:29:00.000000000,BEST_BID,"JPM,101190,92"
2019-06-28 11:29:00.000000000,BEST_ASK,"JPM,101236,100"
2019-06-28 11:29:00.000000000,BEST_BID,"JPM,101190,92"
2019-06-28 11:29:00.000000000,BEST_ASK,"JPM,101236,100"
2019-06-28 11:29:00.000000000,BEST_BID,"JPM,101190,92"
2019-06-28 11:29:00.000000000,BEST_ASK,"JPM,101236,182"
2019-06-28 11:29:00.000000000,BEST_BID,"JPM,101190,92"
2019-06-28 11:29:00.000000000,BEST_ASK,"JPM,101236,182"
2019-06-28 11:29:00.000000000,BEST_BID,"JPM,101190,92"
2019-06-28 11:29:00.000000000,BEST_ASK,"JPM,101236,182"
2019-06-28 11:29:00.000000000,BEST_BID,"JPM,101190,92"
2019-06-28 11:29:00.000000000,BEST_ASK,"JPM,101236,182"
2019-06-28 11:29:00.000000000,QUERY_SPREAD,77
2019-06-28 11:29:00.000000000,BEST_BID,"JPM,101190,92"
2019-06-28 11:29:00.000000000,BEST_ASK,"JPM,101236,178"
2019-06-28 11:29:00.000000000,LAST_TRADE,"4,$101236.0000"
2019-06-28 11:29:00.000000000,QUERY_SPREAD,78
2019-06-28 11:29:00.000000000,BEST_BID,"JPM,101190,92"
2019-06-28 11:29:00.000000000,BEST_ASK,"JPM,101236,170"
2019-06-28 11:29:00.000000000,LAST_TRADE,"8,$101236.0000"
2019-06-28 11:29:00.000000000,QUERY_SPREAD,79
2019-06-28 11:29:00.000000000,BEST_BID,"JPM,101190,92"
2019-06-28 11:29:00.000000000,BEST_ASK,"JPM,101236,169"
2019-06-28 11:29:00.000000000,LAST_TRADE,"1,$101236.0000"
2019-06-28 11:29:00.000000000,QUERY_SPREAD,80
2019-06-28 11:29:00.000000000,BEST_BID,"JPM,101190,92"
2019-06-28 11:29:00.000000000,BEST_ASK,"JPM,101236,164"
2019-06-28 11:29:00.000000000,LAST_TRADE,"5,$101236.0000"
2019-06-28 11:29:00.000000000,QUERY_SPREAD,81
2019-06-28 11:29:00.000000000,BEST_BID,"JPM,101190,92"
2019-06-28 11:29:00.000000000,BEST_ASK,"JPM,101236,159"
2019-06-28 11:29:00.000000000,LAST_TRADE,"5,$101236.0000"
2019-06-28 11:29:00.000000000,QUERY_SPREAD,82
2019-06-28 11:29:00.000000000,BEST_BID,"JPM,101190,92"
2019-06-28 11:29:00.000000000,BEST_ASK,"JPM,101236,153"
2019-06-28 11:29:00.000000000,LAST_TRADE,"6,$101236.0000"
2019-06-28 11:29:00.000000000,QUERY_SPREAD,83
2019-06-28 11:29:00.000000000,BEST_BID,"JPM,101190,92"
2019-06-28 11:29:00.000000000,BEST_ASK,"JPM,101236,149"
2019-06-28 11:29:00.000000000,LAST_TRADE,"4,$101236.0000"
2019-06-28 11:29:00.000000000,QUERY_SPREAD,84
2019-06-28 11:29:00.000000000,BEST_BID,"JPM,101190,92"
2019-06-28 11:29:00.000000000,BEST_ASK,"JPM,101236,144"
2019-06-28 11:29:00.000000000,LAST_TRADE,"5,$101236.0000"
2019-06-28 11:29:00.000000000,QUERY_SPREAD,85
2019-06-28 11:29:00.000000000,BEST_BID,"JPM,101190,92"
2019-06-28 11:29:00.000000000,BEST_ASK,"JPM,101236,139"
2019-06-28 11:29:00.000000000,LAST_TRADE,"5,$101236.0000"
2019-06-28 11:29:00.000000000,QUERY_SPREAD,86
2019-06-28 11:29:00.000000000,BEST_BID,"JPM,101190,92"
2019-06-28 11:29:00.000000000,BEST_ASK,"JPM,101236,130"
2019-06-28 11:29:00.000000000,LAST_TRADE,"9,$101236.0000"
2019-06-28 11:29:00.000000000,QUERY_SPREAD,87
2019-06-28 11:29:00.000000000,BEST_BID,"JPM,101190,92"
2019-06-28 11:29:00.000000000,BEST_ASK,"JPM,101236,128"
2019-06-28 11:29:00.000000000,LAST_TRADE,"2,$101236.0000"
2019-06-28 11:29:00.000000000,QUERY_SPREAD,88
2019-06-28 11:29:00.000000000,BEST_BID,"JPM,101190,92"
2019-06-28 11:29:00.000000000,BEST_ASK,"JPM,101236,120"
2019-06-28 11:29:00.000000000,LAST_TRADE,"8,$101236.0000"
2019-06-28 11:29:00.000000000,QUERY_SPREAD,89
2019-06-28 11:29:00.000000000,BEST_BID,"JPM,101190,92"
2019-06-28 11:29:00.000000000,BEST_ASK,"JPM,101236,113"
2019-06-28 11:29:00.000000000,LAST_TRADE,"7,$101236.0000"
2019-06-28 11:29:00.000000000,QUERY_SPREAD,90
2019-06-28 11:29:00.000000000,BEST_BID,"JPM,101190,92"
2019-06-28 11:29:00.000000000,BEST_ASK,"JPM,101236,107"
2019-06-28 11:29:00.000000000,LAST_TRADE,"6,$101236.0000"
2019-06-28 11:29:00.000000000,QUERY_SPREAD,91
2019-06-28 11:29:00.000000000,BEST_BID,"JPM,101190,92"
2019-06-28 11:29:00.000000000,BEST_ASK,"JPM,101236,102"
2019-06-28 11:29:00.000000000,LAST_TRADE,"5,$101236.0000"
2019-06-28 11:29:00.000000000,QUERY_SPREAD,92
2019-06-28 11:29:00.000000000,BEST_BID,"JPM,101190,92"
2019-06-28 11:29:00.000000000,BEST_ASK,"JPM,101236,101"
2019-06-28 11:29:00.000000000,LAST_TRADE,"1,$101236.0000"
2019-06-28 11:29:00.000000000,QUERY_SPREAD,93
2019-06-28 11:29:00.000000000,BEST_BID,"JPM,101190,92"
2019-06-28 11:29:00.000000000,BEST_ASK,"JPM,101236,99"
2019-06-28 11:29:00.000000000,LAST_TRADE,"2,$101236.0000"
2019-06-28 11:29:00.000000000,QUERY_SPREAD,94
2019-06-28 11:29:00.000000000,BEST_BID,"JPM,101190,92"
2019-06-28 11:29:00.000000000,BEST_ASK,"JPM,101236,97"
2019-06-28 11:29:00.000000000,LAST_TRADE,"2,$101236.0000"
2019-06-28 11:29:00.000000000,QUERY_SPREAD,95
2019-06-28 11:29:00.000000000,BEST_BID,"JPM,101190,92"
2019-06-28 11:29:00.000000000,BEST_ASK,"JPM,101236,90"
2019-06-28 11:29:00.000000000,LAST_TRADE,"7,$101236.0000"
2019-06-28 11:29:00.000000000,QUERY_SPREAD,96
2019-06-28 11:29:00.000000000,BEST_BID,"JPM,101190,92"
2019-06-28 11:29:00.000000000,BEST_ASK,"JPM,101236,83"
2019-06-28 11:29:00.000000000,LAST_TRADE,"7,$101236.0000"
2019-06-28 11:29:00.000000000,QUERY_SPREAD,97
2019-06-28 11:29:00.000000000,BEST_BID,"JPM,101190,92"
2019-06-28 11:29:00.000000000,BEST_ASK,"JPM,101236,77"
2019-06-28 11:29:00.000000000,LAST_TRADE,"6,$101236.0000"
2019-06-28 11:29:00.000000000,QUERY_SPREAD,98
2019-06-28 11:29:00.000000000,BEST_BID,"JPM,101190,92"
2019-06-28 11:29:00.000000000,BEST_ASK,"JPM,101236,73"
2019-06-28 11:29:00.000000000,LAST_TRADE,"4,$101236.0000"
2019-06-28 11:29:00.000000000,QUERY_SPREAD,99
2019-06-28 11:29:00.000000000,BEST_BID,"JPM,101190,92"
2019-06-28 11:29:00.000000000,BEST_ASK,"JPM,101236,71"
2019-06-28 11:29:00.000000000,LAST_TRADE,"2,$101236.0000"
2019-06-28 11:29:00.000000000,QUERY_SPREAD,100
2019-06-28 11:29:00.000000000,BEST_BID,"JPM,101190,92"
2019-06-28 11:29:00.000000000,BEST_ASK,"JPM,101236,65"
2019-06-28 11:29:00.000000000,LAST_TRADE,"6,$101236.0000"
2019-06-28 11:29:00.000000000,QUERY_SPREAD,101
2019-06-28 11:29:00.000000000,QUERY_ORDER_STREAM,101
2019-06-28 11:29:00.000000000,BEST_BID,"JPM,101190,92"
2019-06-28 11:29:00.000000000,BEST_ASK,"JPM,101236,73"
2019-06-28 11:29:10.000000000,QUERY_SPREAD,1
2019-06-28 11:29:10.000000000,BEST_BID,"JPM,101190,174"
2019-06-28 11:29:10.000000000,BEST_ASK,"JPM,101236,8"
2019-06-28 11:29:10.000000000,BEST_BID,"JPM,101190,174"
2019-06-28 11:29:10.000000000,BEST_ASK,"JPM,101236,8"
2019-06-28 11:29:10.000000000,BEST_BID,"JPM,101190,174"
2019-06-28 11:29:10.000000000,BEST_ASK,"JPM,101236,172"
2019-06-28 11:29:10.000000000,BEST_BID,"JPM,101190,174"
2019-06-28 11:29:10.000000000,BEST_ASK,"JPM,101236,172"
2019-06-28 11:29:20.000000000,QUERY_SPREAD,1
2019-06-28 11:29:20.000000000,BEST_BID,"JPM,101190,338"
2019-06-28 11:29:20.000000000,BEST_ASK,"JPM,101236,8"
2019-06-28 11:29:20.000000000,BEST_BID,"JPM,101190,338"
2019-06-28 11:29:20.000000000,BEST_ASK,"JPM,101236,336"
2019-06-28 11:29:30.000000000,QUERY_SPREAD,1
2019-06-28 11:29:30.000000000,BEST_BID,"JPM,101190,122"
2019-06-28 11:29:30.000000000,BEST_ASK,"JPM,101236,8"
2019-06-28 11:29:30.000000000,BEST_BID,"JPM,101190,122"
2019-06-28 11:29:30.000000000,BEST_ASK,"JPM,101236,8"
2019-06-28 11:29:30.000000000,BEST_BID,"JPM,101190,122"
2019-06-28 11:29:30.000000000,BEST_ASK,"JPM,101236,8"
2019-06-28 11:29:30.000000000,BEST_BID,"JPM,101190,122"
2019-06-28 11:29:30.000000000,BEST_ASK,"JPM,101236,120"
2019-06-28 11:29:30.000000000,BEST_BID,"JPM,101190,122"
2019-06-28 11:29:30.000000000,BEST_ASK,"JPM,101236,120"
2019-06-28 11:29:30.000000000,BEST_BID,"JPM,101190,122"
2019-06-28 11:29:30.000000000,BEST_ASK,"JPM,101236,120"
2019-06-28 11:29:35.156986846,QUERY_SPREAD,10
2019-06-28 11:29:35.156986846,BEST_BID,"JPM,101190,122"
2019-06-28 11:29:35.156986846,BEST_ASK,"JPM,101236,120"
2019-06-28 11:29:40.000000000,QUERY_SPREAD,1
2019-06-28 11:29:40.000000000,BEST_BID,"JPM,101190,122"
2019-06-28 11:29:40.000000000,BEST_ASK,"JPM,101236,8"
2019-06-28 11:29:40.000000000,BEST_BID,"JPM,101190,122"
2019-06-28 11:29:40.000000000,BEST_ASK,"JPM,101236,8"
2019-06-28 11:29:40.000000000,BEST_BID,"JPM,101190,122"
2019-06-28 11:29:40.000000000,BEST_ASK,"JPM,101236,8"
2019-06-28 11:29:40.000000000,BEST_BID,"JPM,101190,122"
2019-06-28 11:29:40.000000000,BEST_ASK,"JPM,101236,120"
2019-06-28 11:29:40.000000000,BEST_BID,"JPM,101190,122"
2019-06-28 11:29:40.000000000,BEST_ASK,"JPM,101236,120"
2019-06-28 11:29:40.000000000,BEST_BID,"JPM,101190,122"
2019-06-28 11:29:40.000000000,BEST_ASK,"JPM,101236,120"
2019-06-28 11:29:47.155762228,QUERY_SPREAD,25
2019-06-28 11:29:47.155762228,BEST_BID,"JPM,101190,122"
2019-06-28 11:29:47.155762228,BEST_ASK,"JPM,101236,20"
2019-06-28 11:29:47.155762228,LAST_TRADE,"100,$101236.0000"
2019-06-28 11:29:50.000000000,QUERY_SPREAD,1
2019-06-28 11:29:50.000000000,BEST_BID,"JPM,101190,122"
2019-06-28 11:29:50.000000000,BEST_ASK,"JPM,101252,100"
2019-06-28 11:29:50.000000000,BEST_BID,"JPM,101190,122"
2019-06-28 11:29:50.000000000,BEST_ASK,"JPM,101252,100"
2019-06-28 11:29:50.000000000,BEST_BID,"JPM,101190,122"
2019-06-28 11:29:50.000000000,BEST_ASK,"JPM,101252,100"
2019-06-28 11:29:50.000000000,BEST_BID,"JPM,101190,122"
2019-06-28 11:29:50.000000000,BEST_ASK,"JPM,101252,212"
2019-06-28 11:29:50.000000000,BEST_BID,"JPM,101190,122"
2019-06-28 11:29:50.000000000,BEST_ASK,"JPM,101252,212"
2019-06-28 11:29:50.000000000,BEST_BID,"JPM,101190,122"
2019-06-28 11:29:50.000000000,BEST_ASK,"JPM,101252,212"
2019-06-28 11:30:00.000000000,QUERY_SPREAD,1
2019-06-28 11:30:00.000000000,BEST_BID,"JPM,101190,92"
2019-06-28 11:30:00.000000000,BEST_ASK,"JPM,101252,100"
2019-06-28 11:30:00.000000000,BEST_BID,"JPM,101190,92"
2019-06-28 11:30:00.000000000,BEST_ASK,"JPM,101252,100"
2019-06-28 11:30:00.000000000,BEST_BID,"JPM,101190,92"
2019-06-28 11:30:00.000000000,BEST_ASK,"JPM,101252,100"
2019-06-28 11:30:00.000000000,BEST_BID,"JPM,101190,92"
2019-06-28 11:30:00.000000000,BEST_ASK,"JPM,101252,100"
2019-06-28 11:30:00.000000000,BEST_BID,"JPM,101190,92"
2019-06-28 11:30:00.000000000,BEST_ASK,"JPM,101252,182"
2019-06-28 11:30:00.000000000,BEST_BID,"JPM,101190,92"
2019-06-28 11:30:00.000000000,BEST_ASK,"JPM,101252,182"
2019-06-28 11:30:00.000000000,BEST_BID,"JPM,101190,92"
2019-06-28 11:30:00.000000000,BEST_ASK,"JPM,101252,182"
2019-06-28 11:30:00.000000000,BEST_BID,"JPM,101190,92"
2019-06-28 11:30:00.000000000,BEST_ASK,"JPM,101252,182"
2019-06-28 11:30:00.000000000,QUERY_SPREAD,77
2019-06-28 11:30:00.000000000,BEST_BID,"JPM,101190,92"
2019-06-28 11:30:00.000000000,BEST_ASK,"JPM,101252,178"
2019-06-28 11:30:00.000000000,LAST_TRADE,"4,$101252.0000"
2019-06-28 11:30:00.000000000,QUERY_SPREAD,78
2019-06-28 11:30:00.000000000,BEST_BID,"JPM,101190,92"
2019-06-28 11:30:00.000000000,BEST_ASK,"JPM,101252,170"
2019-06-28 11:30:00.000000000,LAST_TRADE,"8,$101252.0000"
2019-06-28 11:30:00.000000000,QUERY_SPREAD,79
2019-06-28 11:30:00.000000000,BEST_BID,"JPM,101190,92"
2019-06-28 11:30:00.000000000,BEST_ASK,"JPM,101252,169"
2019-06-28 11:30:00.000000000,LAST_TRADE,"1,$101252.0000"
2019-06-28 11:30:00.000000000,QUERY_SPREAD,80
2019-06-28 11:30:00.000000000,BEST_BID,"JPM,101190,92"
2019-06-28 11:30:00.000000000,BEST_ASK,"JPM,101252,164"
2019-06-28 11:30:00.000000000,LAST_TRADE,"5,$101252.0000"
2019-06-28 11:30:00.000000000,QUERY_SPREAD,81
2019-06-28 11:30:00.000000000,BEST_BID,"JPM,101190,92"
2019-06-28 11:30:00.000000000,BEST_ASK,"JPM,101252,159"
2019-06-28 11:30:00.000000000,LAST_TRADE,"5,$101252.0000"
2019-06-28 11:30:00.000000000,QUERY_SPREAD,82
2019-06-28 11:30:00.000000000,BEST_BID,"JPM,101190,92"
2019-06-28 11:30:00.000000000,BEST_ASK,"JPM,101252,153"
2019-06-28 11:30:00.000000000,LAST_TRADE,"6,$101252.0000"
2019-06-28 11:30:00.000000000,QUERY_SPREAD,83
2019-06-28 11:30:00.000000000,BEST_BID,"JPM,101190,92"
2019-06-28 11:30:00.000000000,BEST_ASK,"JPM,101252,149"
2019-06-28 11:30:00.000000000,LAST_TRADE,"4,$101252.0000"
2019-06-28 11:30:00.000000000,QUERY_SPREAD,84
2019-06-28 11:30:00.000000000,BEST_BID,"JPM,101190,92"
2019-06-28 11:30:00.000000000,BEST_ASK,"JPM,101252,144"
2019-06-28 11:30:00.000000000,LAST_TRADE,"5,$101252.0000"
2019-06-28 11:30:00.000000000,QUERY_SPREAD,85
2019-06-28 11:30:00.000000000,BEST_BID,"JPM,101190,92"
2019-06-28 11:30:00.000000000,BEST_ASK,"JPM,101252,139"
2019-06-28 11:30:00.000000000,LAST_TRADE,"5,$101252.0000"
2019-06-28 11:30:00.000000000,QUERY_SPREAD,86
2019-06-28 11:30:00.000000000,BEST_BID,"JPM,101190,92"
2019-06-28 11:30:00.000000000,BEST_ASK,"JPM,101252,130"
2019-06-28 11:30:00.000000000,LAST_TRADE,"9,$101252.0000"
2019-06-28 11:30:00.000000000,QUERY_SPREAD,87
2019-06-28 11:30:00.000000000,BEST_BID,"JPM,101190,92"
2019-06-28 11:30:00.000000000,BEST_ASK,"JPM,101252,128"
2019-06-28 11:30:00.000000000,LAST_TRADE,"2,$101252.0000"
2019-06-28 11:30:00.000000000,QUERY_SPREAD,88
2019-06-28 11:30:00.000000000,BEST_BID,"JPM,101190,92"
2019-06-28 11:30:00.000000000,BEST_ASK,"JPM,101252,120"
2019-06-28 11:30:00.000000000,LAST_TRADE,"8,$101252.0000"
2019-06-28 11:30:00.000000000,QUERY_SPREAD,89
2019-06-28 11:30:00.000000000,BEST_BID,"JPM,101190,92"
2019-06-28 11:30:00.000000000,BEST_ASK,"JPM,101252,113"
2019-06-28 11:30:00.000000000,LAST_TRADE,"7,$101252.0000"
2019-06-28 11:30:00.000000000,QUERY_SPREAD,90
2019-06-28 11:30:00.000000000,BEST_BID,"JPM,101190,92"
2019-06-28 11:30:00.000000000,BEST_ASK,"JPM,101252,107"
2019-06-28 11:30:00.000000000,LAST_TRADE,"6,$101252.0000"
2019-06-28 11:30:00.000000000,QUERY_SPREAD,91
2019-06-28 11:30:00.000000000,BEST_BID,"JPM,101190,92"
2019-06-28 11:30:00.000000000,BEST_ASK,"JPM,101252,102"
2019-06-28 11:30:00.000000000,LAST_TRADE,"5,$101252.0000"
2019-06-28 11:30:00.000000000,QUERY_SPREAD,92
2019-06-28 11:30:00.000000000,BEST_BID,"JPM,101190,92"
2019-06-28 11:30:00.000000000,BEST_ASK,"JPM,101252,101"
2019-06-28 11:30:00.000000000,LAST_TRADE,"1,$101252.0000"
2019-06-28 11:30:00.000000000,QUERY_SPREAD,93
2019-06-28 11:30:00.000000000,BEST_BID,"JPM,101190,92"
2019-06-28 11:30:00.000000000,BEST_ASK,"JPM,101252,99"
2019-06-28 11:30:00.000000000,LAST_TRADE,"2,$101252.0000"
2019-06-28 11:30:00.000000000,QUERY_SPREAD,94
2019-06-28 11:30:00.000000000,BEST_BID,"JPM,101190,92"
2019-06-28 11:30:00.000000000,BEST_ASK,"JPM,101252,97"
2019-06-28 11:30:00.000000000,LAST_TRADE,"2,$101252.0000"
2019-06-28 11:30:00.000000000,QUERY_SPREAD,95
2019-06-28 11:30:00.000000000,BEST_BID,"JPM,101190,92"
2019-06-28 11:30:00.000000000,BEST_ASK,"JPM,101252,90"
2019-06-28 11:30:00.000000000,LAST_TRADE,"7,$101252.0000"
2019-06-28 11:30:00.000000000,QUERY_SPREAD,96
2019-06-28 11:30:00.000000000,BEST_BID,"JPM,101190,92"
2019-06-28 11:30:00.000000000,BEST_ASK,"JPM,101252,83"
2019-06-28 11:30:00.000000000,LAST_TRADE,"7,$101252.0000"
2019-06-28 11:30:00.000000000,QUERY_SPREAD,97
2019-06-28 11:30:00.000000000,BEST_BID,"JPM,101190,92"
2019-06-28 11:30:00.000000000,BEST_ASK,"JPM,101252,77"
2019-06-28 11:30:00.000000000,LAST_TRADE,"6,$101252.0000"
2019-06-28 11:30:00.000000000,QUERY_SPREAD,98
2019-06-28 11:30:00.000000000,BEST_BID,"JPM,101190,92"
2019-06-28 11:30:00.000000000,BEST_ASK,"JPM,101252,73"
2019-06-28 11:30:00.000000000,LAST_TRADE,"4,$101252.0000"
2019-06-28 11:30:00.000000000,QUERY_SPREAD,99
2019-06-28 11:30:00.000000000,BEST_BID,"JPM,101190,92"
2019-06-28 11:30:00.000000000,BEST_ASK,"JPM,101252,71"
2019-06-28 11:30:00.000000000,LAST_TRADE,"2,$101252.0000"
2019-06-28 11:30:00.000000000,QUERY_SPREAD,100
2019-06-28 11:30:00.000000000,BEST_BID,"JPM,101190,92"
2019-06-28 11:30:00.000000000,BEST_ASK,"JPM,101252,65"
2019-06-28 11:30:00.000000000,LAST_TRADE,"6,$101252.0000"
2019-06-28 11:30:00.000000000,QUERY_SPREAD,101
2019-06-28 11:30:00.000000000,QUERY_ORDER_STREAM,101
2019-06-28 11:30:00.000000000,BEST_BID,"JPM,101190,92"
2019-06-28 11:30:00.000000000,BEST_ASK,"JPM,101252,73"
2019-06-28 11:30:10.000000000,QUERY_SPREAD,1
2019-06-28 11:30:10.000000000,BEST_BID,"JPM,101190,76"
2019-06-28 11:30:10.000000000,BEST_ASK,"JPM,101252,8"
2019-06-28 11:30:10.000000000,BEST_BID,"JPM,101190,76"
2019-06-28 11:30:10.000000000,BEST_ASK,"JPM,101252,8"
2019-06-28 11:30:10.000000000,BEST_BID,"JPM,101190,76"
2019-06-28 11:30:10.000000000,BEST_ASK,"JPM,101252,8"
2019-06-28 11:30:10.000000000,BEST_BID,"JPM,101190,76"
2019-06-28 11:30:10.000000000,BEST_ASK,"JPM,101252,8"
2019-06-28 11:30:10.000000000,BEST_BID,"JPM,101190,76"
2019-06-28 11:30:10.000000000,BEST_ASK,"JPM,101252,8"
2019-06-28 11:30:10.000000000,BEST_BID,"JPM,101190,76"
2019-06-28 11:30:10.000000000,BEST_ASK,"JPM,101252,74"
2019-06-28 11:30:10.000000000,BEST_BID,"JPM,101190,76"
2019-06-28 11:30:10.000000000,BEST_ASK,"JPM,101252,74"
2019-06-28 11:30:10.000000000,BEST_BID,"JPM,101190,76"
2019-06-28 11:30:10.000000000,BEST_ASK,"JPM,101252,74"
2019-06-28 11:30:10.000000000,BEST_BID,"JPM,101190,76"
2019-06-28 11:30:10.000000000,BEST_ASK,"JPM,101252,74"
2019-06-28 11:30:10.000000000,BEST_BID,"JPM,101190,76"
2019-06-28 11:30:10.000000000,BEST_ASK,"JPM,101252,74"
2019-06-28 11:30:11.218185096,QUERY_SPREAD,45
2019-06-28 11:30:11.218185096,BEST_BID,"JPM,101168,166"
2019-06-28 11:30:11.218185096,BEST_ASK,"JPM,101190,24"
2019-06-28 11:30:11.218185096,LAST_TRADE,"76,$101190.0000"
2019-06-28 11:30:15.937800582,QUERY_ORDER_STREAM,64
2019-06-28 11:30:15.937800582,QUERY_SPREAD,64
2019-06-28 11:30:20.000000000,QUERY_SPREAD,1
2019-06-28 11:30:20.000000000,BEST_BID,"JPM,101168,212"
2019-06-28 11:30:20.000000000,BEST_ASK,"JPM,101190,24"
2019-06-28 11:30:20.000000000,BEST_BID,"JPM,101168,212"
2019-06-28 11:30:20.000000000,BEST_ASK,"JPM,101190,24"
2019-06-28 11:30:20.000000000,BEST_BID,"JPM,101168,212"
2019-06-28 11:30:20.000000000,BEST_ASK,"JPM,101190,24"
2019-06-28 11:30:20.000000000,BEST_BID,"JPM,101168,212"
2019-06-28 11:30:20.000000000,BEST_ASK,"JPM,101190,136"
2019-06-28 11:30:20.000000000,BEST_BID,"JPM,101168,212"
2019-06-28 11:30:20.000000000,BEST_ASK,"JPM,101190,136"
2019-06-28 11:30:20.000000000,BEST_BID,"JPM,101168,212"
2019-06-28 11:30:20.000000000,BEST_ASK,"JPM,101190,136"
2019-06-28 11:30:24.187880820,QUERY_SPREAD,15
2019-06-28 11:30:24.187880820,BEST_BID,"JPM,101168,112"
2019-06-28 11:30:24.187880820,BEST_ASK,"JPM,101190,136"
2019-06-28 11:30:24.187880820,LAST_TRADE,"100,$101168.0000"
2019-06-28 11:30:27.491346810,QUERY_ORDER_STREAM,69
2019-06-28 11:30:27.491346810,QUERY_SPREAD,69
2019-06-28 11:30:30.000000000,QUERY_SPREAD,1
2019-06-28 11:30:30.000000000,BEST_BID,"JPM,101061,264"
2019-06-28 11:30:30.000000000,BEST_ASK,"JPM,101190,24"
2019-06-28 11:30:30.000000000,BEST_BID,"JPM,101061,264"
2019-06-28 11:30:30.000000000,BEST_ASK,"JPM,101190,24"
2019-06-28 11:30:30.000000000,BEST_BID,"JPM,101061,264"
2019-06-28 11:30:30.000000000,BEST_ASK,"JPM,101190,188"
2019-06-28 11:30:30.000000000,BEST_BID,"JPM,101061,264"
2019-06-28 11:30:30.000000000,BEST_ASK,"JPM,101190,188"
2019-06-28 11:30:32.832730071,QUERY_SPREAD,11
2019-06-28 11:30:32.832730071,BEST_BID,"JPM,101061,264"
2019-06-28 11:30:32.832730071,BEST_ASK,"JPM,101190,188"
2019-06-28 11:30:40.000000000,QUERY_SPREAD,1
2019-06-28 11:30:40.000000000,BEST_BID,"JPM,101061,264"
2019-06-28 11:30:40.000000000,BEST_ASK,"JPM,101190,24"
2019-06-28 11:30:40.000000000,BEST_BID,"JPM,101061,264"
2019-06-28 11:30:40.000000000,BEST_ASK,"JPM,101190,24"
2019-06-28 11:30:40.000000000,BEST_BID,"JPM,101061,264"
2019-06-28 11:30:40.000000000,BEST_ASK,"JPM,101190,188"
2019-06-28 11:30:40.000000000,BEST_BID,"JPM,101061,264"
2019-06-28 11:30:40.000000000,BEST_ASK,"JPM,101190,188"
2019-06-28 11:30:46.978813181,QUERY_ORDER_STREAM,71
2019-06-28 11:30:46.978813181,QUERY_SPREAD,71
2019-06-28 11:30:50.000000000,QUERY_SPREAD,1
2019-06-28 11:30:50.000000000,BEST_BID,"JPM,101061,182"
2019-06-28 11:30:50.000000000,BEST_ASK,"JPM,101190,24"
2019-06-28 11:30:50.000000000,BEST_BID,"JPM,101061,182"
2019-06-28 11:30:50.000000000,BEST_ASK,"JPM,101190,24"
2019-06-28 11:30:50.000000000,BEST_BID,"JPM,101061,182"
2019-06-28 11:30:50.000000000,BEST_ASK,"JPM,101190,24"
2019-06-28 11:30:50.000000000,BEST_BID,"JPM,101061,182"
2019-06-28 11:30:50.000000000,BEST_ASK,"JPM,101190,24"
2019-06-28 11:30:50.000000000,BEST_BID,"JPM,101061,182"
2019-06-28 11:30:50.000000000,BEST_ASK,"JPM,101190,106"
2019-06-28 11:30:50.000000000,BEST_BID,"JPM,101061,182"
2019-06-28 11:30:50.000000000,BEST_ASK,"JPM,101190,106"
2019-06-28 11:30:50.000000000,BEST_BID,"JPM,101061,182"
2019-06-28 11:30:50.000000000,BEST_ASK,"JPM,101190,106"
2019-06-28 11:30:50.000000000,BEST_BID,"JPM,101061,182"
2019-06-28 11:30:50.000000000,BEST_ASK,"JPM,101190,106"
2019-06-28 11:31:00.000000000,QUERY_SPREAD,1
2019-06-28 11:31:00.000000000,BEST_BID,"JPM,101061,166"
2019-06-28 11:31:00.000000000,BEST_ASK,"JPM,101190,24"
2019-06-28 11:31:00.000000000,BEST_BID,"JPM,101061,166"
2019-06-28 11:31:00.000000000,BEST_ASK,"JPM,101190,24"
2019-06-28 11:31:00.000000000,BEST_BID,"JPM,101061,166"
2019-06-28 11:31:00.000000000,BEST_ASK,"JPM,101190,24"
2019-06-28 11:31:00.000000000,BEST_BID,"JPM,101061,166"
2019-06-28 11:31:00.000000000,BEST_ASK,"JPM,101190,24"
2019-06-28 11:31:00.000000000,BEST_BID,"JPM,101061,166"
2019-06-28 11:31:00.000000000,BEST_ASK,"JPM,101190,24"
2019-06-28 11:31:00.000000000,BEST_BID,"JPM,101061,166"
2019-06-28 11:31:00.000000000,BEST_ASK,"JPM,101190,90"
2019-06-28 11:31:00.000000000,BEST_BID,"JPM,101061,166"
2019-06-28 11:31:00.000000000,BEST_ASK,"JPM,101190,90"
2019-06-28 11:31:00.000000000,BEST_BID,"JPM,101061,166"
2019-06-28 11:31:00.000000000,BEST_ASK,"JPM,101190,90"
2019-06-28 11:31:00.000000000,BEST_BID,"JPM,101061,166"
2019-06-28 11:31:00.000000000,BEST_ASK,"JPM,101190,90"
2019-06-28 11:31:00.000000000,BEST_BID,"JPM,101061,166"
2019-06-28 11:31:00.000000000,BEST_ASK,"JPM,101190,90"
2019-06-28 11:31:00.000000000,QUERY_SPREAD,77
2019-06-28 11:31:00.000000000,BEST_BID,"JPM,101061,166"
2019-06-28 11:31:00.000000000,BEST_ASK,"JPM,101190,86"
2019-06-28 11:31:00.000000000,LAST_TRADE,"4,$101190.0000"
2019-06-28 11:31:00.000000000,QUERY_SPREAD,78
2019-06-28 11:31:00.000000000,BEST_BID,"JPM,101061,166"
2019-06-28 11:31:00.000000000,BEST_ASK,"JPM,101190,78"
2019-06-28 11:31:00.000000000,LAST_TRADE,"8,$101190.0000"
2019-06-28 11:31:00.000000000,QUERY_SPREAD,79
2019-06-28 11:31:00.000000000,BEST_BID,"JPM,101061,166"
2019-06-28 11:31:00.000000000,BEST_ASK,"JPM,101190,77"
2019-06-28 11:31:00.000000000,LAST_TRADE,"1,$101190.0000"
2019-06-28 11:31:00.000000000,QUERY_SPREAD,80
2019-06-28 11:31:00.000000000,BEST_BID,"JPM,101061,166"
2019-06-28 11:31:00.000000000,BEST_ASK,"JPM,101190,72"
2019-06-28 11:31:00.000000000,LAST_TRADE,"5,$101190.0000"
2019-06-28 11:31:00.000000000,QUERY_SPREAD,81
2019-06-28 11:31:00.000000000,BEST_BID,"JPM,101061,166"
2019-06-28 11:31:00.000000000,BEST_ASK,"JPM,101190,67"
2019-06-28 11:31:00.000000000,LAST_TRADE,"5,$101190.0000"
2019-06-28 11:31:00.000000000,QUERY_SPREAD,82
2019-06-28 11:31:00.000000000,BEST_BID,"JPM,101061,166"
2019-06-28 11:31:00.000000000,BEST_ASK,"JPM,101190,61"
2019-06-28 11:31:00.000000000,LAST_TRADE,"6,$101190.0000"
2019-06-28 11:31:00.000000000,QUERY_SPREAD,83
2019-06-28 11:31:00.000000000,BEST_BID,"JPM,101061,166"
2019-06-28 11:31:00.000000000,BEST_ASK,"JPM,101190,57"
2019-06-28 11:31:00.000000000,LAST_TRADE,"4,$101190.0000"
2019-06-28 11:31:00.000000000,QUERY_SPREAD,84
2019-06-28 11:31:00.000000000,BEST_BID,"JPM,101061,166"
2019-06-28 11:31:00.000000000,BEST_ASK,"JPM,101190,52"
2019-06-28 11:31:00.000000000,LAST_TRADE,"5,$101190.0000"
2019-06-28 11:31:00.000000000,QUERY_SPREAD,85
2019-06-28 11:31:00.000000000,BEST_BID,"JPM,101061,166"
2019-06-28 11:31:00.000000000,BEST_ASK,"JPM,101190,47"
2019-06-28 11:31:00.000000000,LAST_TRADE,"5,$101190.0000"
2019-06-28 11:31:00.000000000,QUERY_SPREAD,86
2019-06-28 11:31:00.000000000,BEST_BID,"JPM,101061,166"
2019-06-28 11:31:00.000000000,BEST_ASK,"JPM,101190,38"
2019-06-28 11:31:00.000000000,LAST_TRADE,"9,$101190.0000"
2019-06-28 11:31:00.000000000,QUERY_SPREAD,87
2019-06-28 11:31:00.000000000,BEST_BID,"JPM,101061,166"
2019-06-28 11:31:00.000000000,BEST_ASK,"JPM,101190,36"
2019-06-28 11:31:00.000000000,LAST_TRADE,"2,$101190.0000"
2019-06-28 11:31:00.000000000,QUERY_SPREAD,88
2019-06-28 11:31:00.000000000,BEST_BID,"JPM,101061,166"
2019-06-28 11:31:00.000000000,BEST_ASK,"JPM,101190,28"
2019-06-28 11:31:00.000000000,LAST_TRADE,"8,$101190.0000"
2019-06-28 11:31:00.000000000,QUERY_SPREAD,89
2019-06-28 11:31:00.000000000,BEST_BID,"JPM,101061,166"
2019-06-28 11:31:00.000000000,BEST_ASK,"JPM,101190,21"
2019-06-28 11:31:00.000000000,LAST_TRADE,"7,$101190.0000"
2019-06-28 11:31:00.000000000,QUERY_SPREAD,90
2019-06-28 11:31:00.000000000,BEST_BID,"JPM,101061,166"
2019-06-28 11:31:00.000000000,BEST_ASK,"JPM,101190,15"
2019-06-28 11:31:00.000000000,LAST_TRADE,"6,$101190.0000"
2019-06-28 11:31:00.000000000,QUERY_SPREAD,91
2019-06-28 11:31:00.000000000,BEST_BID,"JPM,101061,166"
2019-06-28 11:31:00.000000000,BEST_ASK,"JPM,101190,10"
2019-06-28 11:31:00.000000000,LAST_TRADE,"5,$101190.0000"
2019-06-28 11:31:00.000000000,QUERY_SPREAD,92
2019-06-28 11:31:00.000000000,BEST_BID,"JPM,101061,166"
2019-06-28 11:31:00.000000000,BEST_ASK,"JPM,101190,9"
2019-06-28 11:31:00.000000000,LAST_TRADE,"1,$101190.0000"
2019-06-28 11:31:00.000000000,QUERY_SPREAD,93
2019-06-28 11:31:00.000000000,BEST_BID,"JPM,101061,166"
2019-06-28 11:31:00.000000000,BEST_ASK,"JPM,101190,7"
2019-06-28 11:31:00.000000000,LAST_TRADE,"2,$101190.0000"
2019-06-28 11:31:00.000000000,QUERY_SPREAD,94
2019-06-28 11:31:00.000000000,BEST_BID,"JPM,101061,166"
2019-06-28 11:31:00.000000000,BEST_ASK,"JPM,101190,5"
2019-06-28 11:31:00.000000000,LAST_TRADE,"2,$101190.0000"
2019-06-28 11:31:00.000000000,QUERY_SPREAD,95
2019-06-28 11:31:00.000000000,BEST_BID,"JPM,101190,2"
2019-06-28 11:31:00.000000000,BEST_ASK,"JPM,101213,166"
2019-06-28 11:31:00.000000000,LAST_TRADE,"5,$101190.0000"
2019-06-28 11:31:00.000000000,QUERY_SPREAD,96
2019-06-28 11:31:00.000000000,BEST_BID,"JPM,101190,2"
2019-06-28 11:31:00.000000000,BEST_ASK,"JPM,101213,159"
2019-06-28 11:31:00.000000000,LAST_TRADE,"7,$101213.0000"
2019-06-28 11:31:00.000000000,QUERY_SPREAD,97
2019-06-28 11:31:00.000000000,BEST_BID,"JPM,101190,2"
2019-06-28 11:31:00.000000000,BEST_ASK,"JPM,101213,153"
2019-06-28 11:31:00.000000000,LAST_TRADE,"6,$101213.0000"
2019-06-28 11:31:00.000000000,QUERY_SPREAD,98
2019-06-28 11:31:00.000000000,BEST_BID,"JPM,101190,2"
2019-06-28 11:31:00.000000000,BEST_ASK,"JPM,101213,149"
2019-06-28 11:31:00.000000000,LAST_TRADE,"4,$101213.0000"
2019-06-28 11:31:00.000000000,QUERY_SPREAD,99
2019-06-28 11:31:00.000000000,BEST_BID,"JPM,101190,2"
2019-06-28 11:31:00.000000000,BEST_ASK,"JPM,101213,147"
2019-06-28 11:31:00.000000000,LAST_TRADE,"2,$101213.0000"
2019-06-28 11:31:00.000000000,QUERY_SPREAD,100
2019-06-28 11:31:00.000000000,BEST_BID,"JPM,101190,2"
2019-06-28 11:31:00.000000000,BEST_ASK,"JPM,101213,141"
2019-06-28 11:31:00.000000000,LAST_TRADE,"6,$101213.0000"
2019-06-28 11:31:00.000000000,QUERY_SPREAD,101
2019-06-28 11:31:00.000000000,QUERY_ORDER_STREAM,101
2019-06-28 11:31:05.353235859,QUERY_SPREAD,49
2019-06-28 11:31:05.353235859,BEST_BID,"JPM,101061,166"
2019-06-28 11:31:05.353235859,BEST_ASK,"JPM,101190,98"
2019-06-28 11:31:05.353235859,LAST_TRADE,"2,$101190.0000"
2019-06-28 11:31:07.005171739,QUERY_ORDER_STREAM,67
2019-06-28 11:31:07.005171739,QUERY_SPREAD,67
2019-06-28 11:31:10.000000000,QUERY_SPREAD,1
2019-06-28 11:31:10.000000000,BEST_BID,"JPM,101061,182"
2019-06-28 11:31:10.000000000,BEST_ASK,"JPM,101190,98"
2019-06-28 11:31:10.000000000,BEST_BID,"JPM,101061,182"
2019-06-28 11:31:10.000000000,BEST_ASK,"JPM,101190,98"
2019-06-28 11:31:10.000000000,BEST_BID,"JPM,101061,182"
2019-06-28 11:31:10.000000000,BEST_ASK,"JPM,101190,98"
2019-06-28 11:31:10.000000000,BEST_BID,"JPM,101061,182"
2019-06-28 11:31:10.000000000,BEST_ASK,"JPM,101190,98"
2019-06-28 11:31:10.000000000,BEST_BID,"JPM,101061,182"
2019-06-28 11:31:10.000000000,BEST_ASK,"JPM,101190,180"
2019-06-28 11:31:10.000000000,BEST_BID,"JPM,101061,182"
2019-06-28 11:31:10.000000000,BEST_ASK,"JPM,101190,180"
2019-06-28 11:31:10.000000000,BEST_BID,"JPM,101061,182"
2019-06-28 11:31:10.000000000,BEST_ASK,"JPM,101190,180"
2019-06-28 11:31:10.000000000,BEST_BID,"JPM,101061,182"
2019-06-28 11:31:10.000000000,BEST_ASK,"JPM,101190,180"
2019-06-28 11:31:20.000000000,QUERY_SPREAD,1
2019-06-28 11:31:20.000000000,BEST_BID,"JPM,101061,182"
2019-06-28 11:31:20.000000000,BEST_ASK,"JPM,101190,98"
2019-06-28 11:31:20.000000000,BEST_BID,"JPM,101061,182"
2019-06-28 11:31:20.000000000,BEST_ASK,"JPM,101190,98"
2019-06-28 11:31:20.000000000,BEST_BID,"JPM,101061,182"
2019-06-28 11:31:20.000000000,BEST_ASK,"JPM,101190,98"
2019-06-28 11:31:20.000000000,BEST_BID,"JPM,101061,182"
2019-06-28 11:31:20.000000000,BEST_ASK,"JPM,101190,98"
2019-06-28 11:31:20.000000000,BEST_BID,"JPM,101061,182"
2019-06-28 11:31:20.000000000,BEST_ASK,"JPM,101190,180"
2019-06-28 11:31:20.000000000,BEST_BID,"JPM,101061,182"
2019-06-28 11:31:20.000000000,BEST_ASK,"JPM,101190,180"
2019-06-28 11:31:20.000000000,BEST_BID,"JPM,101061,182"
2019-06-28 11:31:20.000000000,BEST_ASK,"JPM,101190,180"
2019-06-28 11:31:20.000000000,BEST_BID,"JPM,101061,182"
2019-06-28 11:31:20.000000000,BEST_ASK,"JPM,101190,180"
2019-06-28 11:31:26.102201087,QUERY_SPREAD,14
2019-06-28 11:31:26.102201087,BEST_BID,"JPM,101062,100"
2019-06-28 11:31:26.102201087,BEST_ASK,"JPM,101190,180"
2019-06-28 11:31:30.000000000,QUERY_SPREAD,1
2019-06-28 11:31:30.000000000,BEST_BID,"JPM,101062,264"
2019-06-28 11:31:30.000000000,BEST_ASK,"JPM,101190,98"
2019-06-28 11:31:30.000000000,BEST_BID,"JPM,101062,264"
2019-06-28 11:31:30.000000000,BEST_ASK,"JPM,101190,98"
2019-06-28 11:31:30.000000000,BEST_BID,"JPM,101062,264"
2019-06-28 11:31:30.000000000,BEST_ASK,"JPM,101190,262"
2019-06-28 11:31:30.000000000,BEST_BID,"JPM,101062,264"
2019-06-28 11:31:30.000000000,BEST_ASK,"JPM,101190,262"
2019-06-28 11:31:35.210763499,QUERY_SPREAD,15
2019-06-28 11:31:35.210763499,BEST_BID,"JPM,101062,164"
2019-06-28 11:31:35.210763499,BEST_ASK,"JPM,101190,262"
2019-06-28 11:31:35.210763499,LAST_TRADE,"100,$101062.0000"
2019-06-28 11:31:40.000000000,QUERY_SPREAD,1
2019-06-28 11:31:40.000000000,BEST_BID,"JPM,101061,212"
2019-06-28 11:31:40.000000000,BEST_ASK,"JPM,101190,98"
2019-06-28 11:31:40.000000000,BEST_BID,"JPM,101061,212"
2019-06-28 11:31:40.000000000,BEST_ASK,"JPM,101190,98"
2019-06-28 11:31:40.000000000,BEST_BID,"JPM,101061,212"
2019-06-28 11:31:40.000000000,BEST_ASK,"JPM,101190,98"
2019-06-28 11:31:40.000000000,BEST_BID,"JPM,101061,212"
2019-06-28 11:31:40.000000000,BEST_ASK,"JPM,101190,210"
2019-06-28 11:31:40.000000000,BEST_BID,"JPM,101061,212"
2019-06-28 11:31:40.000000000,BEST_ASK,"JPM,101190,210"
2019-06-28 11:31:40.000000000,BEST_BID,"JPM,101061,212"
2019-06-28 11:31:40.000000000,BEST_ASK,"JPM,101190,210"
2019-06-28 11:31:50.000000000,QUERY_SPREAD,1
2019-06-28 11:31:50.000000000,BEST_BID,"JPM,101061,166"
2019-06-28 11:31:50.000000000,BEST_ASK,"JPM,101190,98"
2019-06-28 11:31:50.000000000,BEST_BID,"JPM,101061,166"
2019-06-28 11:31:50.000000000,BEST_ASK,"JPM,101190,98"
2019-06-28 11:31:50.000000000,BEST_BID,"JPM,101061,166"
2019-06-28 11:31:50.000000000,BEST_ASK,"JPM,101190,98"
2019-06-28 11:31:50.000000000,BEST_BID,"JPM,101061,166"
2019-06-28 11:31:50.000000000,BEST_ASK,"JPM,101190,98"
2019-06-28 11:31:50.000000000,BEST_BID,"JPM,101061,166"
2019-06-28 11:31:50.000000000,BEST_ASK,"JPM,101190,98"
2019-06-28 11:31:50.000000000,BEST_BID,"JPM,101061,166"
2019-06-28 11:31:50.000000000,BEST_ASK,"JPM,101190,164"
2019-06-28 11:31:50.000000000,BEST_BID,"JPM,101061,166"
2019-06-28 11:31:50.000000000,BEST_ASK,"JPM,101190,164"
2019-06-28 11:31:50.000000000,BEST_BID,"JPM,101061,166"
2019-06-28 11:31:50.000000000,BEST_ASK,"JPM,101190,164"
2019-06-28 11:31:50.000000000,BEST_BID,"JPM,101061,166"
2019-06-28 11:31:50.000000000,BEST_ASK,"JPM,101190,164"
2019-06-28 11:31:50.000000000,BEST_BID,"JPM,101061,166"
2019-06-28 11:31:50.000000000,BEST_ASK,"JPM,101190,164"
2019-06-28 11:32:00.000000000,QUERY_SPREAD,1
2019-06-28 11:32:00.000000000,BEST_BID,"JPM,101061,428"
2019-06-28 11:32:00.000000000,BEST_ASK,"JPM,101190,98"
2019-06-28 11:32:00.000000000,BEST_BID,"JPM,101061,428"
2019-06-28 11:32:00.000000000,BEST_ASK,"JPM,101190,426"
2019-06-28 11:32:00.000000000,QUERY_SPREAD,77
2019-06-28 11:32:00.000000000,BEST_BID,"JPM,101061,428"
2019-06-28 11:32:00.000000000,BEST_ASK,"JPM,101190,422"
2019-06-28 11:32:00.000000000,LAST_TRADE,"4,$101190.0000"
2019-06-28 11:32:00.000000000,QUERY_SPREAD,78
2019-06-28 11:32:00.000000000,BEST_BID,"JPM,101061,428"
2019-06-28 11:32:00.000000000,BEST_ASK,"JPM,101190,414"
2019-06-28 11:32:00.000000000,LAST_TRADE,"8,$101190.0000"
2019-06-28 11:32:00.000000000,QUERY_SPREAD,79
2019-06-28 11:32:00.000000000,BEST_BID,"JPM,101061,428"
2019-06-28 11:32:00.000000000,BEST_ASK,"JPM,101190,413"
2019-06-28 11:32:00.000000000,LAST_TRADE,"1,$101190.0000"
2019-06-28 11:32:00.000000000,QUERY_SPREAD,80
2019-06-28 11:32:00.000000000,BEST_BID,"JPM,101061,428"
2019-06-28 11:32:00.000000000,BEST_ASK,"JPM,101190,408"
2019-06-28 11:32:00.000000000,LAST_TRADE,"5,$101190.0000"
2019-06-28 11:32:00.000000000,QUERY_SPREAD,81
2019-06-28 11:32:00.000000000,BEST_BID,"JPM,101061,428"
2019-06-28 11:32:00.000000000,BEST_ASK,"JPM,101190,403"
2019-06-28 11:32:00.000000000,LAST_TRADE,"5,$101190.0000"
2019-06-28 11:32:00.000000000,QUERY_SPREAD,82
2019-06-28 11:32:00.000000000,BEST_BID,"JPM,101061,428"
2019-06-28 11:32:00.000000000,BEST_ASK,"JPM,101190,397"
2019-06-28 11:32:00.000000000,LAST_TRADE,"6,$101190.0000"
2019-06-28 11:32:00.000000000,QUERY_SPREAD,83
2019-06-28 11:32:00.000000000,BEST_BID,"JPM,101061,428"
2019-06-28 11:32:00.000000000,BEST_ASK,"JPM,101190,393"
2019-06-28 11:32:00.000000000,LAST_TRADE,"4,$101190.0000"
2019-06-28 11:32:00.000000000,QUERY_SPREAD,84
2019-06-28 11:32:00.000000000,BEST_BID,"JPM,101061,428"
2019-06-28 11:32:00.000000000,BEST_ASK,"JPM,101190,388"
2019-06-28 11:32:00.000000000,LAST_TRADE,"5,$101190.0000"
2019-06-28 11:32:00.000000000,QUERY_SPREAD,85
2019-06-28 11:32:00.000000000,BEST_BID,"JPM,101061,428"
2019-06-28 11:32:00.000000000,BEST_ASK,"JPM,101190,383"
2019-06-28 11:32:00.000000000,LAST_TRADE,"5,$101190.0000"
2019-06-28 11:32:00.000000000,QUERY_SPREAD,86
2019-06-28 11:32:00.000000000,BEST_BID,"JPM,101061,428"
2019-06-28 11:32:00.000000000,BEST_ASK,"JPM,101190,374"
2019-06-28 11:32:00.000000000,LAST_TRADE,"9,$101190.0000"
2019-06-28 11:32:00.000000000,QUERY_SPREAD,87
2019-06-28 11:32:00.000000000,BEST_BID,"JPM,101061,428"
2019-06-28 11:32:00.000000000,BEST_ASK,"JPM,101190,372"
2019-06-28 11:32:00.000000000,LAST_TRADE,"2,$101190.0000"
2019-06-28 11:32:00.000000000,QUERY_SPREAD,88
2019-06-28 11:32:00.000000000,BEST_BID,"JPM,101061,428"
2019-06-28 11:32:00.000000000,BEST_ASK,"JPM,101190,364"
2019-06-28 11:32:00.000000000,LAST_TRADE,"8,$101190.0000"
2019-06-28 11:32:00.000000000,QUERY_SPREAD,89
2019-06-28 11:32:00.000000000,BEST_BID,"JPM,101061,428"
2019-06-28 11:32:00.000000000,BEST_ASK,"JPM,101190,357"
2019-06-28 11:32:00.000000000,LAST_TRADE,"7,$101190.0000"
2019-06-28 11:32:00.000000000,QUERY_SPREAD,90
2019-06-28 11:32:00.000000000,BEST_BID,"JPM,101061,428"
2019-06-28 11:32:00.000000000,BEST_ASK,"JPM,101190,351"
2019-06-28 11:32:00.000000000,LAST_TRADE,"6,$101190.0000"
2019-06-28 11:32:00.000000000,QUERY_SPREAD,91
2019-06-28 11:32:00.000000000,BEST_BID,"JPM,101061,428"
2019-06-28 11:32:00.000000000,BEST_ASK,"JPM,101190,346"
2019-06-28 11:32:00.000000000,LAST_TRADE,"5,$101190.0000"
2019-06-28 11:32:00.000000000,QUERY_SPREAD,92
2019-06-28 11:32:00.000000000,BEST_BID,"JPM,101061,428"
2019-06-28 11:32:00.000000000,BEST_ASK,"JPM,101190,345"
2019-06-28 11:32:00.000000000,LAST_TRADE,"1,$101190.0000"
2019-06-28 11:32:00.000000000,QUERY_SPREAD,93
2019-06-28 11:32:00.000000000,BEST_BID,"JPM,101061,428"
2019-06-28 11:32:00.000000000,BEST_ASK,"JPM,101190,343"
2019-06-28 11:32:00.000000000,LAST_TRADE,"2,$101190.0000"
2019-06-28 11:32:00.000000000,QUERY_SPREAD,94
2019-06-28 11:32:00.000000000,BEST_BID,"JPM,101061,428"
2019-06-28 11:32:00.000000000,BEST_ASK,"JPM,101190,341"
2019-06-28 11:32:00.000000000,LAST_TRADE,"2,$101190.0000"
2019-06-28 11:32:00.000000000,QUERY_SPREAD,95
2019-06-28 11:32:00.000000000,BEST_BID,"JPM,101061,428"
2019-06-28 11:32:00.000000000,BEST_ASK,"JPM,101190,334"
2019-06-28 11:32:00.000000000,LAST_TRADE,"7,$101190.0000"
2019-06-28 11:32:00.000000000,QUERY_SPREAD,96
2019-06-28 11:32:00.000000000,BEST_BID,"JPM,101061,428"
2019-06-28 11:32:00.000000000,BEST_ASK,"JPM,101190,327"
2019-06-28 11:32:00.000000000,LAST_TRADE,"7,$101190.0000"
2019-06-28 11:32:00.000000000,QUERY_SPREAD,97
2019-06-28 11:32:00.000000000,BEST_BID,"JPM,101061,428"
2019-06-28 11:32:00.000000000,BEST_ASK,"JPM,101190,321"
2019-06-28 11:32:00.000000000,LAST_TRADE,"6,$101190.0000"
2019-06-28 11:32:00.000000000,QUERY_SPREAD,98
2019-06-28 11:32:00.000000000,BEST_BID,"JPM,101061,428"
2019-06-28 11:32:00.000000000,BEST_ASK,"JPM,101190,317"
2019-06-28 11:32:00.000000000,LAST_TRADE,"4,$101190.0000"
2019-06-28 11:32:00.000000000,QUERY_SPREAD,99
2019-06-28 11:32:00.000000000,BEST_BID,"JPM,101061,428"
2019-06-28 11:32:00.000000000,BEST_ASK,"JPM,101190,315"
2019-06-28 11:32:00.000000000,LAST_TRADE,"2,$101190.0000"
2019-06-28 11:32:00.000000000,QUERY_SPREAD,100
2019-06-28 11:32:00.000000000,BEST_BID,"JPM,101061,428"
2019-06-28 11:32:00.000000000,BEST_ASK,"JPM,101190,309"
2019-06-28 11:32:00.000000000,LAST_TRADE,"6,$101190.0000"
2019-06-28 11:32:00.000000000,QUERY_SPREAD,101
2019-06-28 11:32:00.000000000,QUERY_ORDER_STREAM,101
2019-06-28 11:32:10.000000000,QUERY_SPREAD,1
2019-06-28 11:32:10.000000000,BEST_BID,"JPM,101061,264"
2019-06-28 11:32:10.000000000,BEST_ASK,"JPM,101213,75"
2019-06-28 11:32:10.000000000,BEST_BID,"JPM,101061,264"
2019-06-28 11:32:10.000000000,BEST_ASK,"JPM,101213,75"
2019-06-28 11:32:10.000000000,BEST_BID,"JPM,101061,264"
2019-06-28 11:32:10.000000000,BEST_ASK,"JPM,101213,239"
2019-06-28 11:32:10.000000000,BEST_BID,"JPM,101061,264"
2019-06-28 11:32:10.000000000,BEST_ASK,"JPM,101213,239"
2019-06-28 11:32:10.907577313,QUERY_SPREAD,19
2019-06-28 11:32:10.907577313,BEST_BID,"JPM,101061,164"
2019-06-28 11:32:10.907577313,BEST_ASK,"JPM,101213,239"
2019-06-28 11:32:10.907577313,LAST_TRADE,"100,$101061.0000"
2019-06-28 11:32:20.000000000,QUERY_SPREAD,1
2019-06-28 11:32:20.000000000,BEST_BID,"JPM,100862,212"
2019-06-28 11:32:20.000000000,BEST_ASK,"JPM,101213,75"
2019-06-28 11:32:20.000000000,BEST_BID,"JPM,100862,212"
2019-06-28 11:32:20.000000000,BEST_ASK,"JPM,101213,75"
2019-06-28 11:32:20.000000000,BEST_BID,"JPM,100862,212"
2019-06-28 11:32:20.000000000,BEST_ASK,"JPM,101213,75"
2019-06-28 11:32:20.000000000,BEST_BID,"JPM,100862,212"
2019-06-28 11:32:20.000000000,BEST_ASK,"JPM,101213,187"
2019-06-28 11:32:20.000000000,BEST_BID,"JPM,100862,212"
2019-06-28 11:32:20.000000000,BEST_ASK,"JPM,101213,187"
2019-06-28 11:32:20.000000000,BEST_BID,"JPM,100862,212"
2019-06-28 11:32:20.000000000,BEST_ASK,"JPM,101213,187"
2019-06-28 11:32:26.781903056,QUERY_ORDER_STREAM,71
2019-06-28 11:32:26.781903056,QUERY_SPREAD,71
2019-06-28 11:32:26.781903056,BEST_BID,"JPM,100862,212"
2019-06-28 11:32:26.781903056,BEST_ASK,"JPM,101190,100"
2019-06-28 11:32:30.000000000,QUERY_SPREAD,1
2019-06-28 11:32:30.000000000,BEST_BID,"JPM,100862,264"
2019-06-28 11:32:30.000000000,BEST_ASK,"JPM,101190,100"
2019-06-28 11:32:30.000000000,BEST_BID,"JPM,100862,264"
2019-06-28 11:32:30.000000000,BEST_ASK,"JPM,101190,100"
2019-06-28 11:32:30.000000000,BEST_BID,"JPM,100862,264"
2019-06-28 11:32:30.000000000,BEST_ASK,"JPM,101190,264"
2019-06-28 11:32:30.000000000,BEST_BID,"JPM,100862,264"
2019-06-28 11:32:30.000000000,BEST_ASK,"JPM,101190,264"
2019-06-28 11:32:40.000000000,QUERY_SPREAD,1
2019-06-28 11:32:40.000000000,BEST_BID,"JPM,100862,166"
2019-06-28 11:32:40.000000000,BEST_ASK,"JPM,101190,100"
2019-06-28 11:32:40.000000000,BEST_BID,"JPM,100862,166"
2019-06-28 11:32:40.000000000,BEST_ASK,"JPM,101190,100"
2019-06-28 11:32:40.000000000,BEST_BID,"JPM,100862,166"
2019-06-28 11:32:40.000000000,BEST_ASK,"JPM,101190,100"
2019-06-28 11:32:40.000000000,BEST_BID,"JPM,100862,166"
2019-06-28 11:32:40.000000000,BEST_ASK,"JPM,101190,100"
2019-06-28 11:32:40.000000000,BEST_BID,"JPM,100862,166"
2019-06-28 11:32:40.000000000,BEST_ASK,"JPM,101190,100"
2019-06-28 11:32:40.000000000,BEST_BID,"JPM,100862,166"
2019-06-28 11:32:40.000000000,BEST_ASK,"JPM,101190,166"
2019-06-28 11:32:40.000000000,BEST_BID,"JPM,100862,166"
2019-06-28 11:32:40.000000000,BEST_ASK,"JPM,101190,166"
2019-06-28 11:32:40.000000000,BEST_BID,"JPM,100862,166"
2019-06-28 11:32:40.000000000,BEST_ASK,"JPM,101190,166"
2019-06-28 11:32:40.000000000,BEST_BID,"JPM,100862,166"
2019-06-28 11:32:40.000000000,BEST_ASK,"JPM,101190,166"
2019-06-28 11:32:40.000000000,BEST_BID,"JPM,100862,166"
2019-06-28 11:32:40.000000000,BEST_ASK,"JPM,101190,166"
2019-06-28 11:32:50.000000000,QUERY_SPREAD,1
2019-06-28 11:32:50.000000000,BEST_BID,"JPM,100862,166"
2019-06-28 11:32:50.000000000,BEST_ASK,"JPM,101190,100"
2019-06-28 11:32:50.000000000,BEST_BID,"JPM,100862,166"
2019-06-28 11:32:50.000000000,BEST_ASK,"JPM,101190,100"
2019-06-28 11:32:50.000000000,BEST_BID,"JPM,100862,166"
2019-06-28 11:32:50.000000000,BEST_ASK,"JPM,101190,100"
2019-06-28 11:32:50.000000000,BEST_BID,"JPM,100862,166"
2019-06-28 11:32:50.000000000,BEST_ASK,"JPM,101190,100"
2019-06-28 11:32:50.000000000,BEST_BID,"JPM,100862,166"
2019-06-28 11:32:50.000000000,BEST_ASK,"JPM,101190,100"
2019-06-28 11:32:50.000000000,BEST_BID,"JPM,100862,166"
2019-06-28 11:32:50.000000000,BEST_ASK,"JPM,101190,166"
2019-06-28 11:32:50.000000000,BEST_BID,"JPM,100862,166"
2019-06-28 11:32:50.000000000,BEST_ASK,"JPM,101190,166"
2019-06-28 11:32:50.000000000,BEST_BID,"JPM,100862,166"
2019-06-28 11:32:50.000000000,BEST_ASK,"JPM,101190,166"
2019-06-28 11:32:50.000000000,BEST_BID,"JPM,100862,166"
2019-06-28 11:32:50.000000000,BEST_ASK,"JPM,101190,166"
2019-06-28 11:32:50.000000000,BEST_BID,"JPM,100862,166"
2019-06-28 11:32:50.000000000,BEST_ASK,"JPM,101190,166"
2019-06-28 11:32:57.791528877,QUERY_ORDER_STREAM,72
2019-06-28 11:32:57.791528877,QUERY_SPREAD,72
2019-06-28 11:32:57.872850765,QUERY_ORDER_STREAM,53
2019-06-28 11:32:57.872850765,QUERY_SPREAD,53
2019-06-28 11:32:57.872850765,BEST_BID,"JPM,100862,166"
2019-06-28 11:32:57.872850765,BEST_ASK,"JPM,101190,266"
2019-06-28 11:33:00.000000000,QUERY_SPREAD,1
2019-06-28 11:33:00.000000000,BEST_BID,"JPM,100862,264"
2019-06-28 11:33:00.000000000,BEST_ASK,"JPM,101190,200"
2019-06-28 11:33:00.000000000,BEST_BID,"JPM,100862,264"
2019-06-28 11:33:00.000000000,BEST_ASK,"JPM,101190,200"
2019-06-28 11:33:00.000000000,BEST_BID,"JPM,100862,264"
2019-06-28 11:33:00.000000000,BEST_ASK,"JPM,101190,364"
2019-06-28 11:33:00.000000000,BEST_BID,"JPM,100862,264"
2019-06-28 11:33:00.000000000,BEST_ASK,"JPM,101190,364"
2019-06-28 11:33:00.000000000,QUERY_SPREAD,77
2019-06-28 11:33:00.000000000,BEST_BID,"JPM,100862,264"
2019-06-28 11:33:00.000000000,BEST_ASK,"JPM,101190,360"
2019-06-28 11:33:00.000000000,LAST_TRADE,"4,$101190.0000"
2019-06-28 11:33:00.000000000,QUERY_SPREAD,78
2019-06-28 11:33:00.000000000,BEST_BID,"JPM,100862,264"
2019-06-28 11:33:00.000000000,BEST_ASK,"JPM,101190,352"
2019-06-28 11:33:00.000000000,LAST_TRADE,"8,$101190.0000"
2019-06-28 11:33:00.000000000,QUERY_SPREAD,79
2019-06-28 11:33:00.000000000,BEST_BID,"JPM,100862,264"
2019-06-28 11:33:00.000000000,BEST_ASK,"JPM,101190,351"
2019-06-28 11:33:00.000000000,LAST_TRADE,"1,$101190.0000"
2019-06-28 11:33:00.000000000,QUERY_SPREAD,80
2019-06-28 11:33:00.000000000,BEST_BID,"JPM,100862,264"
2019-06-28 11:33:00.000000000,BEST_ASK,"JPM,101190,346"
2019-06-28 11:33:00.000000000,LAST_TRADE,"5,$101190.0000"
2019-06-28 11:33:00.000000000,QUERY_SPREAD,81
2019-06-28 11:33:00.000000000,BEST_BID,"JPM,100862,264"
2019-06-28 11:33:00.000000000,BEST_ASK,"JPM,101190,341"
2019-06-28 11:33:00.000000000,LAST_TRADE,"5,$101190.0000"
2019-06-28 11:33:00.000000000,QUERY_SPREAD,82
2019-06-28 11:33:00.000000000,BEST_BID,"JPM,100862,264"
2019-06-28 11:33:00.000000000,BEST_ASK,"JPM,101190,335"
2019-06-28 11:33:00.000000000,LAST_TRADE,"6,$101190.0000"
2019-06-28 11:33:00.000000000,QUERY_SPREAD,83
2019-06-28 11:33:00.000000000,BEST_BID,"JPM,100862,264"
2019-06-28 11:33:00.000000000,BEST_ASK,"JPM,101190,331"
2019-06-28 11:33:00.000000000,LAST_TRADE,"4,$101190.0000"
2019-06-28 11:33:00.000000000,QUERY_SPREAD,84
2019-06-28 11:33:00.000000000,BEST_BID,"JPM,100862,264"
2019-06-28 11:33:00.000000000,BEST_ASK,"JPM,101190,326"
2019-06-28 11:33:00.000000000,LAST_TRADE,"5,$101190.0000"
2019-06-28 11:33:00.000000000,QUERY_SPREAD,85
2019-06-28 11:33:00.000000000,BEST_BID,"JPM,100862,264"
2019-06-28 11:33:00.000000000,BEST_ASK,"JPM,101190,321"
2019-06-28 11:33:00.000000000,LAST_TRADE,"5,$101190.0000"
2019-06-28 11:33:00.000000000,QUERY_SPREAD,86
2019-06-28 11:33:00.000000000,BEST_BID,"JPM,100862,264"
2019-06-28 11:33:00.000000000,BEST_ASK,"JPM,101190,312"
2019-06-28 11:33:00.000000000,LAST_TRADE,"9,$101190.0000"
2019-06-28 11:33:00.000000000,QUERY_SPREAD,87
2019-06-28 11:33:00.000000000,BEST_BID,"JPM,100862,264"
2019-06-28 11:33:00.000000000,BEST_ASK,"JPM,101190,310"
2019-06-28 11:33:00.000000000,LAST_TRADE,"2,$101190.0000"
2019-06-28 11:33:00.000000000,QUERY_SPREAD,88
2019-06-28 11:33:00.000000000,BEST_BID,"JPM,100862,264"
2019-06-28 11:33:00.000000000,BEST_ASK,"JPM,101190,302"
2019-06-28 11:33:00.000000000,LAST_TRADE,"8,$101190.0000"
2019-06-28 11:33:00.000000000,QUERY_SPREAD,89
2019-06-28 11:33:00.000000000,BEST_BID,"JPM,100862,264"
2019-06-28 11:33:00.000000000,BEST_ASK,"JPM,101190,295"
2019-06-28 11:33:00.000000000,LAST_TRADE,"7,$101190.0000"
2019-06-28 11:33:00.000000000,QUERY_SPREAD,90
2019-06-28 11:33:00.000000000,BEST_BID,"JPM,100862,264"
2019-06-28 11:33:00.000000000,BEST_ASK,"JPM,101190,289"
2019-06-28 11:33:00.000000000,LAST_TRADE,"6,$101190.0000"
2019-06-28 11:33:00.000000000,QUERY_SPREAD,91
2019-06-28 11:33:00.000000000,BEST_BID,"JPM,100862,264"
2019-06-28 11:33:00.000000000,BEST_ASK,"JPM,101190,284"
2019-06-28 11:33:00.000000000,LAST_TRADE,"5,$101190.0000"
2019-06-28 11:33:00.000000000,QUERY_SPREAD,92
2019-06-28 11:33:00.000000000,BEST_BID,"JPM,100862,264"
2019-06-28 11:33:00.000000000,BEST_ASK,"JPM,101190,283"
2019-06-28 11:33:00.000000000,LAST_TRADE,"1,$101190.0000"
2019-06-28 11:33:00.000000000,QUERY_SPREAD,93
2019-06-28 11:33:00.000000000,BEST_BID,"JPM,100862,264"
2019-06-28 11:33:00.000000000,BEST_ASK,"JPM,101190,281"
2019-06-28 11:33:00.000000000,LAST_TRADE,"2,$101190.0000"
2019-06-28 11:33:00.000000000,QUERY_SPREAD,94
2019-06-28 11:33:00.000000000,BEST_BID,"JPM,100862,264"
2019-06-28 11:33:00.000000000,BEST_ASK,"JPM,101190,279"
2019-06-28 11:33:00.000000000,LAST_TRADE,"2,$101190.0000"
2019-06-28 11:33:00.000000000,QUERY_SPREAD,95
2019-06-28 11:33:00.000000000,BEST_BID,"JPM,100862,264"
2019-06-28 11:33:00.000000000,BEST_ASK,"JPM,101190,272"
2019-06-28 11:33:00.000000000,LAST_TRADE,"7,$101190.0000"
2019-06-28 11:33:00.000000000,QUERY_SPREAD,96
2019-06-28 11:33:00.000000000,BEST_BID,"JPM,100862,264"
2019-06-28 11:33:00.000000000,BEST_ASK,"JPM,101190,265"
2019-06-28 11:33:00.000000000,LAST_TRADE,"7,$101190.0000"
2019-06-28 11:33:00.000000000,QUERY_SPREAD,97
2019-06-28 11:33:00.000000000,BEST_BID,"JPM,100862,264"
2019-06-28 11:33:00.000000000,BEST_ASK,"JPM,101190,259"
2019-06-28 11:33:00.000000000,LAST_TRADE,"6,$101190.0000"
2019-06-28 11:33:00.000000000,QUERY_SPREAD,98
2019-06-28 11:33:00.000000000,BEST_BID,"JPM,100862,264"
2019-06-28 11:33:00.000000000,BEST_ASK,"JPM,101190,255"
2019-06-28 11:33:00.000000000,LAST_TRADE,"4,$101190.0000"
2019-06-28 11:33:00.000000000,QUERY_SPREAD,99
2019-06-28 11:33:00.000000000,BEST_BID,"JPM,100862,264"
2019-06-28 11:33:00.000000000,BEST_ASK,"JPM,101190,253"
2019-06-28 11:33:00.000000000,LAST_TRADE,"2,$101190.0000"
2019-06-28 11:33:00.000000000,QUERY_SPREAD,100
2019-06-28 11:33:00.000000000,BEST_BID,"JPM,100862,264"
2019-06-28 11:33:00.000000000,BEST_ASK,"JPM,101190,247"
2019-06-28 11:33:00.000000000,LAST_TRADE,"6,$101190.0000"
2019-06-28 11:33:00.000000000,QUERY_SPREAD,101
2019-06-28 11:33:00.000000000,QUERY_ORDER_STREAM,101
2019-06-28 11:33:04.958765109,QUERY_SPREAD,27
2019-06-28 11:33:04.958765109,BEST_BID,"JPM,100862,264"
2019-06-28 11:33:04.958765109,BEST_ASK,"JPM,101190,247"
2019-06-28 11:33:07.646550999,QUERY_SPREAD,26
2019-06-28 11:33:07.646550999,BEST_BID,"JPM,100862,264"
2019-06-28 11:33:07.646550999,BEST_ASK,"JPM,101190,247"
2019-06-28 11:33:08.425125115,QUERY_SPREAD,37
2019-06-28 11:33:08.425125115,BEST_BID,"JPM,100862,164"
2019-06-28 11:33:08.425125115,BEST_ASK,"JPM,101190,247"
2019-06-28 11:33:08.425125115,LAST_TRADE,"100,$100862.0000"
2019-06-28 11:33:10.000000000,QUERY_SPREAD,1
2019-06-28 11:33:10.000000000,BEST_BID,"JPM,100778,212"
2019-06-28 11:33:10.000000000,BEST_ASK,"JPM,101190,83"
2019-06-28 11:33:10.000000000,BEST_BID,"JPM,100778,212"
2019-06-28 11:33:10.000000000,BEST_ASK,"JPM,101190,83"
2019-06-28 11:33:10.000000000,BEST_BID,"JPM,100778,212"
2019-06-28 11:33:10.000000000,BEST_ASK,"JPM,101190,83"
2019-06-28 11:33:10.000000000,BEST_BID,"JPM,100778,212"
2019-06-28 11:33:10.000000000,BEST_ASK,"JPM,101190,195"
2019-06-28 11:33:10.000000000,BEST_BID,"JPM,100778,212"
2019-06-28 11:33:10.000000000,BEST_ASK,"JPM,101190,195"
2019-06-28 11:33:10.000000000,BEST_BID,"JPM,100778,212"
2019-06-28 11:33:10.000000000,BEST_ASK,"JPM,101190,195"
2019-06-28 11:33:11.282442733,QUERY_SPREAD,9
2019-06-28 11:33:11.282442733,BEST_BID,"JPM,100778,112"
2019-06-28 11:33:11.282442733,BEST_ASK,"JPM,101190,195"
2019-06-28 11:33:11.282442733,LAST_TRADE,"100,$100778.0000"
2019-06-28 11:33:20.000000000,QUERY_SPREAD,1
2019-06-28 11:33:20.000000000,BEST_BID,"JPM,100697,166"
2019-06-28 11:33:20.000000000,BEST_ASK,"JPM,101190,83"
2019-06-28 11:33:20.000000000,BEST_BID,"JPM,100697,166"
2019-06-28 11:33:20.000000000,BEST_ASK,"JPM,101190,83"
2019-06-28 11:33:20.000000000,BEST_BID,"JPM,100697,166"
2019-06-28 11:33:20.000000000,BEST_ASK,"JPM,101190,83"
2019-06-28 11:33:20.000000000,BEST_BID,"JPM,100697,166"
2019-06-28 11:33:20.000000000,BEST_ASK,"JPM,101190,83"
2019-06-28 11:33:20.000000000,BEST_BID,"JPM,100697,166"
2019-06-28 11:33:20.000000000,BEST_ASK,"JPM,101190,83"
2019-06-28 11:33:20.000000000,BEST_BID,"JPM,100697,166"
2019-06-28 11:33:20.000000000,BEST_ASK,"JPM,101190,149"
2019-06-28 11:33:20.000000000,BEST_BID,"JPM,100697,166"
2019-06-28 11:33:20.000000000,BEST_ASK,"JPM,101190,149"
2019-06-28 11:33:20.000000000,BEST_BID,"JPM,100697,166"
2019-06-28 11:33:20.000000000,BEST_ASK,"JPM,101190,149"
2019-06-28 11:33:20.000000000,BEST_BID,"JPM,100697,166"
2019-06-28 11:33:20.000000000,BEST_ASK,"JPM,101190,149"
2019-06-28 11:33:20.000000000,BEST_BID,"JPM,100697,166"
2019-06-28 11:33:20.000000000,BEST_ASK,"JPM,101190,149"
2019-06-28 11:33:30.000000000,QUERY_SPREAD,1
2019-06-28 11:33:30.000000000,BEST_BID,"JPM,100697,264"
2019-06-28 11:33:30.000000000,BEST_ASK,"JPM,101190,83"
2019-06-28 11:33:30.000000000,BEST_BID,"JPM,100697,264"
2019-06-28 11:33:30.000000000,BEST_ASK,"JPM,101190,83"
2019-06-28 11:33:30.000000000,BEST_BID,"JPM,100697,264"
2019-06-28 11:33:30.000000000,BEST_ASK,"JPM,101190,247"
2019-06-28 11:33:30.000000000,BEST_BID,"JPM,100697,264"
2019-06-28 11:33:30.000000000,BEST_ASK,"JPM,101190,247"
2019-06-28 11:33:40.000000000,QUERY_SPREAD,1
2019-06-28 11:33:40.000000000,BEST_BID,"JPM,100697,182"
2019-06-28 11:33:40.000000000,BEST_ASK,"JPM,101190,83"
2019-06-28 11:33:40.000000000,BEST_BID,"JPM,100697,182"
2019-06-28 11:33:40.000000000,BEST_ASK,"JPM,101190,83"
2019-06-28 11:33:40.000000000,BEST_BID,"JPM,100697,182"
2019-06-28 11:33:40.000000000,BEST_ASK,"JPM,101190,83"
2019-06-28 11:33:40.000000000,BEST_BID,"JPM,100697,182"
2019-06-28 11:33:40.000000000,BEST_ASK,"JPM,101190,83"
2019-06-28 11:33:40.000000000,BEST_BID,"JPM,100697,182"
2019-06-28 11:33:40.000000000,BEST_ASK,"JPM,101190,165"
2019-06-28 11:33:40.000000000,BEST_BID,"JPM,100697,182"
2019-06-28 11:33:40.000000000,BEST_ASK,"JPM,101190,165"
2019-06-28 11:33:40.000000000,BEST_BID,"JPM,100697,182"
2019-06-28 11:33:40.000000000,BEST_ASK,"JPM,101190,165"
2019-06-28 11:33:40.000000000,BEST_BID,"JPM,100697,182"
2019-06-28 11:33:40.000000000,BEST_ASK,"JPM,101190,165"
2019-06-28 11:33:50.000000000,QUERY_SPREAD,1
2019-06-28 11:33:50.000000000,BEST_BID,"JPM,100697,182"
2019-06-28 11:33:50.000000000,BEST_ASK,"JPM,101190,83"
2019-06-28 11:33:50.000000000,BEST_BID,"JPM,100697,182"
2019-06-28 11:33:50.000000000,BEST_ASK,"JPM,101190,83"
2019-06-28 11:33:50.000000000,BEST_BID,"JPM,100697,182"
2019-06-28 11:33:50.000000000,BEST_ASK,"JPM,101190,83"
2019-06-28 11:33:50.000000000,BEST_BID,"JPM,100697,182"
2019-06-28 11:33:50.000000000,BEST_ASK,"JPM,101190,83"
2019-06-28 11:33:50.000000000,BEST_BID,"JPM,100697,182"
2019-06-28 11:33:50.000000000,BEST_ASK,"JPM,101190,165"
2019-06-28 11:33:50.000000000,BEST_BID,"JPM,100697,182"
2019-06-28 11:33:50.000000000,BEST_ASK,"JPM,101190,165"
2019-06-28 11:33:50.000000000,BEST_BID,"JPM,100697,182"
2019-06-28 11:33:50.000000000,BEST_ASK,"JPM,101190,165"
2019-06-28 11:33:50.000000000,BEST_BID,"JPM,100697,182"
2019-06-28 11:33:50.000000000,BEST_ASK,"JPM,101190,165"
2019-06-28 11:34:00.000000000,QUERY_SPREAD,1
2019-06-28 11:34:00.000000000,BEST_BID,"JPM,100697,264"
2019-06-28 11:34:00.000000000,BEST_ASK,"JPM,101190,83"
2019-06-28 11:34:00.000000000,BEST_BID,"JPM,100697,264"
2019-06-28 11:34:00.000000000,BEST_ASK,"JPM,101190,83"
2019-06-28 11:34:00.000000000,BEST_BID,"JPM,100697,264"
2019-06-28 11:34:00.000000000,BEST_ASK,"JPM,101190,247"
2019-06-28 11:34:00.000000000,BEST_BID,"JPM,100697,264"
2019-06-28 11:34:00.000000000,BEST_ASK,"JPM,101190,247"
2019-06-28 11:34:00.000000000,QUERY_SPREAD,77
2019-06-28 11:34:00.000000000,BEST_BID,"JPM,100697,264"
2019-06-28 11:34:00.000000000,BEST_ASK,"JPM,101190,243"
2019-06-28 11:34:00.000000000,LAST_TRADE,"4,$101190.0000"
2019-06-28 11:34:00.000000000,QUERY_SPREAD,78
2019-06-28 11:34:00.000000000,BEST_BID,"JPM,100697,264"
2019-06-28 11:34:00.000000000,BEST_ASK,"JPM,101190,235"
2019-06-28 11:34:00.000000000,LAST_TRADE,"8,$101190.0000"
2019-06-28 11:34:00.000000000,QUERY_SPREAD,79
2019-06-28 11:34:00.000000000,BEST_BID,"JPM,100697,264"
2019-06-28 11:34:00.000000000,BEST_ASK,"JPM,101190,234"
2019-06-28 11:34:00.000000000,LAST_TRADE,"1,$101190.0000"
2019-06-28 11:34:00.000000000,QUERY_SPREAD,80
2019-06-28 11:34:00.000000000,BEST_BID,"JPM,100697,264"
2019-06-28 11:34:00.000000000,BEST_ASK,"JPM,101190,229"
2019-06-28 11:34:00.000000000,LAST_TRADE,"5,$101190.0000"
2019-06-28 11:34:00.000000000,QUERY_SPREAD,81
2019-06-28 11:34:00.000000000,BEST_BID,"JPM,100697,264"
2019-06-28 11:34:00.000000000,BEST_ASK,"JPM,101190,224"
2019-06-28 11:34:00.000000000,LAST_TRADE,"5,$101190.0000"
2019-06-28 11:34:00.000000000,QUERY_SPREAD,82
2019-06-28 11:34:00.000000000,BEST_BID,"JPM,100697,264"
2019-06-28 11:34:00.000000000,BEST_ASK,"JPM,101190,218"
2019-06-28 11:34:00.000000000,LAST_TRADE,"6,$101190.0000"
2019-06-28 11:34:00.000000000,QUERY_SPREAD,83
2019-06-28 11:34:00.000000000,BEST_BID,"JPM,100697,264"
2019-06-28 11:34:00.000000000,BEST_ASK,"JPM,101190,214"
2019-06-28 11:34:00.000000000,LAST_TRADE,"4,$101190.0000"
2019-06-28 11:34:00.000000000,QUERY_SPREAD,84
2019-06-28 11:34:00.000000000,BEST_BID,"JPM,100697,264"
2019-06-28 11:34:00.000000000,BEST_ASK,"JPM,101190,209"
2019-06-28 11:34:00.000000000,LAST_TRADE,"5,$101190.0000"
2019-06-28 11:34:00.000000000,QUERY_SPREAD,85
2019-06-28 11:34:00.000000000,BEST_BID,"JPM,100697,264"
2019-06-28 11:34:00.000000000,BEST_ASK,"JPM,101190,204"
2019-06-28 11:34:00.000000000,LAST_TRADE,"5,$101190.0000"
2019-06-28 11:34:00.000000000,QUERY_SPREAD,86
2019-06-28 11:34:00.000000000,BEST_BID,"JPM,100697,264"
2019-06-28 11:34:00.000000000,BEST_ASK,"JPM,101190,195"
2019-06-28 11:34:00.000000000,LAST_TRADE,"9,$101190.0000"
2019-06-28 11:34:00.000000000,QUERY_SPREAD,87
2019-06-28 11:34:00.000000000,BEST_BID,"JPM,100697,264"
2019-06-28 11:34:00.000000000,BEST_ASK,"JPM,101190,193"
2019-06-28 11:34:00.000000000,LAST_TRADE,"2,$101190.0000"
2019-06-28 11:34:00.000000000,QUERY_SPREAD,88
2019-06-28 11:34:00.000000000,BEST_BID,"JPM,100697,264"
2019-06-28 11:34:00.000000000,BEST_ASK,"JPM,101190,185"
2019-06-28 11:34:00.000000000,LAST_TRADE,"8,$101190.0000"
2019-06-28 11:34:00.000000000,QUERY_SPREAD,89
2019-06-28 11:34:00.000000000,BEST_BID,"JPM,100697,264"
2019-06-28 11:34:00.000000000,BEST_ASK,"JPM,101190,178"
2019-06-28 11:34:00.000000000,LAST_TRADE,"7,$101190.0000"
2019-06-28 11:34:00.000000000,QUERY_SPREAD,90
2019-06-28 11:34:00.000000000,BEST_BID,"JPM,100697,264"
2019-06-28 11:34:00.000000000,BEST_ASK,"JPM,101190,172"
2019-06-28 11:34:00.000000000,LAST_TRADE,"6,$101190.0000"
2019-06-28 11:34:00.000000000,QUERY_SPREAD,91
2019-06-28 11:34:00.000000000,BEST_BID,"JPM,100697,264"
2019-06-28 11:34:00.000000000,BEST_ASK,"JPM,101190,167"
2019-06-28 11:34:00.000000000,LAST_TRADE,"5,$101190.0000"
2019-06-28 11:34:00.000000000,QUERY_SPREAD,92
2019-06-28 11:34:00.000000000,BEST_BID,"JPM,100697,264"
2019-06-28 11:34:00.000000000,BEST_ASK,"JPM,101190,166"
2019-06-28 11:34:00.000000000,LAST_TRADE,"1,$101190.0000"
2019-06-28 11:34:00.000000000,QUERY_SPREAD,93
2019-06-28 11:34:00.000000000,BEST_BID,"JPM,100697,264"
2019-06-28 11:34:00.000000000,BEST_ASK,"JPM,101190,164"
2019-06-28 11:34:00.000000000,LAST_TRADE,"2,$101190.0000"
2019-06-28 11:34:00.000000000,QUERY_SPREAD,94
2019-06-28 11:34:00.000000000,BEST_BID,"JPM,100697,264"
2019-06-28 11:34:00.000000000,BEST_ASK,"JPM,101190,162"
2019-06-28 11:34:00.000000000,LAST_TRADE,"2,$101190.0000"
2019-06-28 11:34:00.000000000,QUERY_SPREAD,95
2019-06-28 11:34:00.000000000,BEST_BID,"JPM,100697,264"
2019-06-28 11:34:00.000000000,BEST_ASK,"JPM,101190,155"
2019-06-28 11:34:00.000000000,LAST_TRADE,"7,$101190.0000"
2019-06-28 11:34:00.000000000,QUERY_SPREAD,96
2019-06-28 11:34:00.000000000,BEST_BID,"JPM,100697,264"
2019-06-28 11:34:00.000000000,BEST_ASK,"JPM,101190,148"
2019-06-28 11:34:00.000000000,LAST_TRADE,"7,$101190.0000"
2019-06-28 11:34:00.000000000,QUERY_SPREAD,97
2019-06-28 11:34:00.000000000,BEST_BID,"JPM,100697,264"
2019-06-28 11:34:00.000000000,BEST_ASK,"JPM,101190,142"
2019-06-28 11:34:00.000000000,LAST_TRADE,"6,$101190.0000"
2019-06-28 11:34:00.000000000,QUERY_SPREAD,98
2019-06-28 11:34:00.000000000,BEST_BID,"JPM,100697,264"
2019-06-28 11:34:00.000000000,BEST_ASK,"JPM,101190,138"
2019-06-28 11:34:00.000000000,LAST_TRADE,"4,$101190.0000"
2019-06-28 11:34:00.000000000,QUERY_SPREAD,99
2019-06-28 11:34:00.000000000,BEST_BID,"JPM,100697,264"
2019-06-28 11:34:00.000000000,BEST_ASK,"JPM,101190,136"
2019-06-28 11:34:00.000000000,LAST_TRADE,"2,$101190.0000"
2019-06-28 11:34:00.000000000,QUERY_SPREAD,100
2019-06-28 11:34:00.000000000,BEST_BID,"JPM,100697,264"
2019-06-28 11:34:00.000000000,BEST_ASK,"JPM,101190,130"
2019-06-28 11:34:00.000000000,LAST_TRADE,"6,$101190.0000"
2019-06-28 11:34:00.000000000,QUERY_SPREAD,101
2019-06-28 11:34:00.000000000,QUERY_ORDER_STREAM,101
2019-06-28 11:34:10.000000000,QUERY_SPREAD,1
2019-06-28 11:34:10.000000000,BEST_BID,"JPM,100697,166"
2019-06-28 11:34:10.000000000,BEST_ASK,"JPM,101213,75"
2019-06-28 11:34:10.000000000,BEST_BID,"JPM,100697,166"
2019-06-28 11:34:10.000000000,BEST_ASK,"JPM,101213,75"
2019-06-28 11:34:10.000000000,BEST_BID,"JPM,100697,166"
2019-06-28 11:34:10.000000000,BEST_ASK,"JPM,101213,75"
2019-06-28 11:34:10.000000000,BEST_BID,"JPM,100697,166"
2019-06-28 11:34:10.000000000,BEST_ASK,"JPM,101213,75"
2019-06-28 11:34:10.000000000,BEST_BID,"JPM,100697,166"
2019-06-28 11:34:10.000000000,BEST_ASK,"JPM,101213,75"
2019-06-28 11:34:10.000000000,BEST_BID,"JPM,100697,166"
2019-06-28 11:34:10.000000000,BEST_ASK,"JPM,101213,141"
2019-06-28 11:34:10.000000000,BEST_BID,"JPM,100697,166"
2019-06-28 11:34:10.000000000,BEST_ASK,"JPM,101213,141"
2019-06-28 11:34:10.000000000,BEST_BID,"JPM,100697,166"
2019-06-28 11:34:10.000000000,BEST_ASK,"JPM,101213,141"
2019-06-28 11:34:10.000000000,BEST_BID,"JPM,100697,166"
2019-06-28 11:34:10.000000000,BEST_ASK,"JPM,101213,141"
2019-06-28 11:34:10.000000000,BEST_BID,"JPM,100697,166"
2019-06-28 11:34:10.000000000,BEST_ASK,"JPM,101213,141"
2019-06-28 11:34:13.723013503,QUERY_SPREAD,51
2019-06-28 11:34:13.723013503,BEST_BID,"JPM,100697,166"
2019-06-28 11:34:13.723013503,BEST_ASK,"JPM,101213,141"
2019-06-28 11:34:19.728234183,QUERY_ORDER_STREAM,56
2019-06-28 11:34:19.728234183,QUERY_SPREAD,56
2019-06-28 11:34:20.000000000,QUERY_SPREAD,1
2019-06-28 11:34:20.000000000,BEST_BID,"JPM,100697,166"
2019-06-28 11:34:20.000000000,BEST_ASK,"JPM,101213,75"
2019-06-28 11:34:20.000000000,BEST_BID,"JPM,100697,166"
2019-06-28 11:34:20.000000000,BEST_ASK,"JPM,101213,75"
2019-06-28 11:34:20.000000000,BEST_BID,"JPM,100697,166"
2019-06-28 11:34:20.000000000,BEST_ASK,"JPM,101213,75"
2019-06-28 11:34:20.000000000,BEST_BID,"JPM,100697,166"
2019-06-28 11:34:20.000000000,BEST_ASK,"JPM,101213,75"
2019-06-28 11:34:20.000000000,BEST_BID,"JPM,100697,166"
2019-06-28 11:34:20.000000000,BEST_ASK,"JPM,101213,75"
2019-06-28 11:34:20.000000000,BEST_BID,"JPM,100697,166"
2019-06-28 11:34:20.000000000,BEST_ASK,"JPM,101213,141"
2019-06-28 11:34:20.000000000,BEST_BID,"JPM,100697,166"
2019-06-28 11:34:20.000000000,BEST_ASK,"JPM,101213,141"
2019-06-28 11:34:20.000000000,BEST_BID,"JPM,100697,166"
2019-06-28 11:34:20.000000000,BEST_ASK,"JPM,101213,141"
2019-06-28 11:34:20.000000000,BEST_BID,"JPM,100697,166"
2019-06-28 11:34:20.000000000,BEST_ASK,"JPM,101213,141"
2019-06-28 11:34:20.000000000,BEST_BID,"JPM,100697,166"
2019-06-28 11:34:20.000000000,BEST_ASK,"JPM,101213,141"
2019-06-28 11:34:30.000000000,QUERY_SPREAD,1
2019-06-28 11:34:30.000000000,BEST_BID,"JPM,100697,212"
2019-06-28 11:34:30.000000000,BEST_ASK,"JPM,101213,75"
2019-06-28 11:34:30.000000000,BEST_BID,"JPM,100697,212"
2019-06-28 11:34:30.000000000,BEST_ASK,"JPM,101213,75"
2019-06-28 11:34:30.000000000,BEST_BID,"JPM,100697,212"
2019-06-28 11:34:30.000000000,BEST_ASK,"JPM,101213,75"
2019-06-28 11:34:30.000000000,BEST_BID,"JPM,100697,212"
2019-06-28 11:34:30.000000000,BEST_ASK,"JPM,101213,187"
2019-06-28 11:34:30.000000000,BEST_BID,"JPM,100697,212"
2019-06-28 11:34:30.000000000,BEST_ASK,"JPM,101213,187"
2019-06-28 11:34:30.000000000,BEST_BID,"JPM,100697,212"
2019-06-28 11:34:30.000000000,BEST_ASK,"JPM,101213,187"
2019-06-28 11:34:38.309813601,QUERY_SPREAD,8
2019-06-28 11:34:38.309813601,BEST_BID,"JPM,100697,212"
2019-06-28 11:34:38.309813601,BEST_ASK,"JPM,101213,187"
2019-06-28 11:34:40.000000000,QUERY_SPREAD,1
2019-06-28 11:34:40.000000000,BEST_BID,"JPM,100697,166"
2019-06-28 11:34:40.000000000,BEST_ASK,"JPM,101213,75"
2019-06-28 11:34:40.000000000,BEST_BID,"JPM,100697,166"
2019-06-28 11:34:40.000000000,BEST_ASK,"JPM,101213,75"
2019-06-28 11:34:40.000000000,BEST_BID,"JPM,100697,166"
2019-06-28 11:34:40.000000000,BEST_ASK,"JPM,101213,75"
2019-06-28 11:34:40.000000000,BEST_BID,"JPM,100697,166"
2019-06-28 11:34:40.000000000,BEST_ASK,"JPM,101213,75"
2019-06-28 11:34:40.000000000,BEST_BID,"JPM,100697,166"
2019-06-28 11:34:40.000000000,BEST_ASK,"JPM,101213,75"
2019-06-28 11:34:40.000000000,BEST_BID,"JPM,100697,166"
2019-06-28 11:34:40.000000000,BEST_ASK,"JPM,101213,141"
2019-06-28 11:34:40.000000000,BEST_BID,"JPM,100697,166"
2019-06-28 11:34:40.000000000,BEST_ASK,"JPM,101213,141"
2019-06-28 11:34:40.000000000,BEST_BID,"JPM,100697,166"
2019-06-28 11:34:40.000000000,BEST_ASK,"JPM,101213,141"
2019-06-28 11:34:40.000000000,BEST_BID,"JPM,100697,166"
2019-06-28 11:34:40.000000000,BEST_ASK,"JPM,101213,141"
2019-06-28 11:34:40.000000000,BEST_BID,"JPM,100697,166"
2019-06-28 11:34:40.000000000,BEST_ASK,"JPM,101213,141"
2019-06-28 11:34:46.828419437,QUERY_SPREAD,46
2019-06-28 11:34:46.828419437,BEST_BID,"JPM,100697,166"
2019-06-28 11:34:46.828419437,BEST_ASK,"JPM,101213,141"
2019-06-28 11:34:50.000000000,QUERY_SPREAD,1
2019-06-28 11:34:50.000000000,BEST_BID,"JPM,100697,264"
2019-06-28 11:34:50.000000000,BEST_ASK,"JPM,101213,75"
2019-06-28 11:34:50.000000000,BEST_BID,"JPM,100697,264"
2019-06-28 11:34:50.000000000,BEST_ASK,"JPM,101213,75"
2019-06-28 11:34:50.000000000,BEST_BID,"JPM,100697,264"
2019-06-28 11:34:50.000000000,BEST_ASK,"JPM,101213,239"
2019-06-28 11:34:50.000000000,BEST_BID,"JPM,100697,264"
2019-06-28 11:34:50.000000000,BEST_ASK,"JPM,101213,239"
2019-06-28 11:35:00.000000000,QUERY_SPREAD,1
2019-06-28 11:35:00.000000000,BEST_BID,"JPM,100697,264"
2019-06-28 11:35:00.000000000,BEST_ASK,"JPM,101213,75"
2019-06-28 11:35:00.000000000,BEST_BID,"JPM,100697,264"
2019-06-28 11:35:00.000000000,BEST_ASK,"JPM,101213,75"
2019-06-28 11:35:00.000000000,BEST_BID,"JPM,100697,264"
2019-06-28 11:35:00.000000000,BEST_ASK,"JPM,101213,239"
2019-06-28 11:35:00.000000000,BEST_BID,"JPM,100697,264"
2019-06-28 11:35:00.000000000,BEST_ASK,"JPM,101213,239"
2019-06-28 11:35:00.000000000,QUERY_SPREAD,77
2019-06-28 11:35:00.000000000,BEST_BID,"JPM,100697,264"
2019-06-28 11:35:00.000000000,BEST_ASK,"JPM,101213,235"
2019-06-28 11:35:00.000000000,LAST_TRADE,"4,$101213.0000"
2019-06-28 11:35:00.000000000,QUERY_SPREAD,78
2019-06-28 11:35:00.000000000,BEST_BID,"JPM,100697,264"
2019-06-28 11:35:00.000000000,BEST_ASK,"JPM,101213,227"
2019-06-28 11:35:00.000000000,LAST_TRADE,"8,$101213.0000"
2019-06-28 11:35:00.000000000,QUERY_SPREAD,79
2019-06-28 11:35:00.000000000,BEST_BID,"JPM,100697,264"
2019-06-28 11:35:00.000000000,BEST_ASK,"JPM,101213,226"
2019-06-28 11:35:00.000000000,LAST_TRADE,"1,$101213.0000"
2019-06-28 11:35:00.000000000,QUERY_SPREAD,80
2019-06-28 11:35:00.000000000,BEST_BID,"JPM,100697,264"
2019-06-28 11:35:00.000000000,BEST_ASK,"JPM,101213,221"
2019-06-28 11:35:00.000000000,LAST_TRADE,"5,$101213.0000"
2019-06-28 11:35:00.000000000,QUERY_SPREAD,81
2019-06-28 11:35:00.000000000,BEST_BID,"JPM,100697,264"
2019-06-28 11:35:00.000000000,BEST_ASK,"JPM,101213,216"
2019-06-28 11:35:00.000000000,LAST_TRADE,"5,$101213.0000"
2019-06-28 11:35:00.000000000,QUERY_SPREAD,82
2019-06-28 11:35:00.000000000,BEST_BID,"JPM,100697,264"
2019-06-28 11:35:00.000000000,BEST_ASK,"JPM,101213,210"
2019-06-28 11:35:00.000000000,LAST_TRADE,"6,$101213.0000"
2019-06-28 11:35:00.000000000,QUERY_SPREAD,83
2019-06-28 11:35:00.000000000,BEST_BID,"JPM,100697,264"
2019-06-28 11:35:00.000000000,BEST_ASK,"JPM,101213,206"
2019-06-28 11:35:00.000000000,LAST_TRADE,"4,$101213.0000"
2019-06-28 11:35:00.000000000,QUERY_SPREAD,84
2019-06-28 11:35:00.000000000,BEST_BID,"JPM,100697,264"
2019-06-28 11:35:00.000000000,BEST_ASK,"JPM,101213,201"
2019-06-28 11:35:00.000000000,LAST_TRADE,"5,$101213.0000"
2019-06-28 11:35:00.000000000,QUERY_SPREAD,85
2019-06-28 11:35:00.000000000,BEST_BID,"JPM,100697,264"
2019-06-28 11:35:00.000000000,BEST_ASK,"JPM,101213,196"
2019-06-28 11:35:00.000000000,LAST_TRADE,"5,$101213.0000"
2019-06-28 11:35:00.000000000,QUERY_SPREAD,86
2019-06-28 11:35:00.000000000,BEST_BID,"JPM,100697,264"
2019-06-28 11:35:00.000000000,BEST_ASK,"JPM,101213,187"
2019-06-28 11:35:00.000000000,LAST_TRADE,"9,$101213.0000"
2019-06-28 11:35:00.000000000,QUERY_SPREAD,87
2019-06-28 11:35:00.000000000,BEST_BID,"JPM,100697,264"
2019-06-28 11:35:00.000000000,BEST_ASK,"JPM,101213,185"
2019-06-28 11:35:00.000000000,LAST_TRADE,"2,$101213.0000"
2019-06-28 11:35:00.000000000,QUERY_SPREAD,88
2019-06-28 11:35:00.000000000,BEST_BID,"JPM,100697,264"
2019-06-28 11:35:00.000000000,BEST_ASK,"JPM,101213,177"
2019-06-28 11:35:00.000000000,LAST_TRADE,"8,$101213.0000"
2019-06-28 11:35:00.000000000,QUERY_SPREAD,89
2019-06-28 11:35:00.000000000,BEST_BID,"JPM,100697,264"
2019-06-28 11:35:00.000000000,BEST_ASK,"JPM,101213,170"
2019-06-28 11:35:00.000000000,LAST_TRADE,"7,$101213.0000"
2019-06-28 11:35:00.000000000,QUERY_SPREAD,90
2019-06-28 11:35:00.000000000,BEST_BID,"JPM,100697,264"
2019-06-28 11:35:00.000000000,BEST_ASK,"JPM,101213,164"
2019-06-28 11:35:00.000000000,LAST_TRADE,"6,$101213.0000"
2019-06-28 11:35:00.000000000,QUERY_SPREAD,91
2019-06-28 11:35:00.000000000,BEST_BID,"JPM,100697,264"
2019-06-28 11:35:00.000000000,BEST_ASK,"JPM,101213,159"
2019-06-28 11:35:00.000000000,LAST_TRADE,"5,$101213.0000"
2019-06-28 11:35:00.000000000,QUERY_SPREAD,92
2019-06-28 11:35:00.000000000,BEST_BID,"JPM,100697,264"
2019-06-28 11:35:00.000000000,BEST_ASK,"JPM,101213,158"
2019-06-28 11:35:00.000000000,LAST_TRADE,"1,$101213.0000"
2019-06-28 11:35:00.000000000,QUERY_SPREAD,93
2019-06-28 11:35:00.000000000,BEST_BID,"JPM,100697,264"
2019-06-28 11:35:00.000000000,BEST_ASK,"JPM,101213,156"
2019-06-28 11:35:00.000000000,LAST_TRADE,"2,$101213.0000"
2019-06-28 11:35:00.000000000,QUERY_SPREAD,94
2019-06-28 11:35:00.000000000,BEST_BID,"JPM,100697,264"
2019-06-28 11:35:00.000000000,BEST_ASK,"JPM,101213,154"
2019-06-28 11:35:00.000000000,LAST_TRADE,"2,$101213.0000"
2019-06-28 11:35:00.000000000,QUERY_SPREAD,95
2019-06-28 11:35:00.000000000,BEST_BID,"JPM,100697,264"
2019-06-28 11:35:00.000000000,BEST_ASK,"JPM,101213,147"
2019-06-28 11:35:00.000000000,LAST_TRADE,"7,$101213.0000"
2019-06-28 11:35:00.000000000,QUERY_SPREAD,96
2019-06-28 11:35:00.000000000,BEST_BID,"JPM,100697,264"
2019-06-28 11:35:00.000000000,BEST_ASK,"JPM,101213,140"
2019-06-28 11:35:00.000000000,LAST_TRADE,"7,$101213.0000"
2019-06-28 11:35:00.000000000,QUERY_SPREAD,97
2019-06-28 11:35:00.000000000,BEST_BID,"JPM,100697,264"
2019-06-28 11:35:00.000000000,BEST_ASK,"JPM,101213,134"
2019-06-28 11:35:00.000000000,LAST_TRADE,"6,$101213.0000"
2019-06-28 11:35:00.000000000,QUERY_SPREAD,98
2019-06-28 11:35:00.000000000,BEST_BID,"JPM,100697,264"
2019-06-28 11:35:00.000000000,BEST_ASK,"JPM,101213,130"
2019-06-28 11:35:00.000000000,LAST_TRADE,"4,$101213.0000"
2019-06-28 11:35:00.000000000,QUERY_SPREAD,99
2019-06-28 11:35:00.000000000,BEST_BID,"JPM,100697,264"
2019-06-28 11:35:00.000000000,BEST_ASK,"JPM,101213,128"
2019-06-28 11:35:00.000000000,LAST_TRADE,"2,$101213.0000"
2019-06-28 11:35:00.000000000,QUERY_SPREAD,100
2019-06-28 11:35:00.000000000,BEST_BID,"JPM,100697,264"
2019-06-28 11:35:00.000000000,BEST_ASK,"JPM,101213,122"
2019-06-28 11:35:00.000000000,LAST_TRADE,"6,$101213.0000"
2019-06-28 11:35:00.000000000,QUERY_SPREAD,101
2019-06-28 11:35:00.000000000,QUERY_ORDER_STREAM,101
2019-06-28 11:35:10.000000000,QUERY_SPREAD,1
2019-06-28 11:35:10.000000000,BEST_BID,"JPM,100697,182"
2019-06-28 11:35:10.000000000,BEST_ASK,"JPM,101252,8"
2019-06-28 11:35:10.000000000,BEST_BID,"JPM,100697,182"
2019-06-28 11:35:10.000000000,BEST_ASK,"JPM,101252,8"
2019-06-28 11:35:10.000000000,BEST_BID,"JPM,100697,182"
2019-06-28 11:35:10.000000000,BEST_ASK,"JPM,101252,8"
2019-06-28 11:35:10.000000000,BEST_BID,"JPM,100697,182"
2019-06-28 11:35:10.000000000,BEST_ASK,"JPM,101252,8"
2019-06-28 11:35:10.000000000,BEST_BID,"JPM,100697,182"
2019-06-28 11:35:10.000000000,BEST_ASK,"JPM,101252,90"
2019-06-28 11:35:10.000000000,BEST_BID,"JPM,100697,182"
2019-06-28 11:35:10.000000000,BEST_ASK,"JPM,101252,90"
2019-06-28 11:35:10.000000000,BEST_BID,"JPM,100697,182"
2019-06-28 11:35:10.000000000,BEST_ASK,"JPM,101252,90"
2019-06-28 11:35:10.000000000,BEST_BID,"JPM,100697,182"
2019-06-28 11:35:10.000000000,BEST_ASK,"JPM,101252,90"
2019-06-28 11:35:11.369236986,QUERY_SPREAD,40
2019-06-28 11:35:11.369236986,BEST_BID,"JPM,100697,82"
2019-06-28 11:35:11.369236986,BEST_ASK,"JPM,101252,90"
2019-06-28 11:35:11.369236986,LAST_TRADE,"100,$100697.0000"
2019-06-28 11:35:14.685354158,QUERY_SPREAD,33
2019-06-28 11:35:14.685354158,BEST_BID,"JPM,100697,82"
2019-06-28 11:35:14.685354158,BEST_ASK,"JPM,101252,90"
2019-06-28 11:35:17.678603446,QUERY_SPREAD,23
2019-06-28 11:35:17.678603446,BEST_BID,"JPM,100697,82"
2019-06-28 11:35:17.678603446,BEST_ASK,"JPM,101252,90"
2019-06-28 11:35:19.412770215,QUERY_ORDER_STREAM,64
2019-06-28 11:35:19.412770215,QUERY_SPREAD,64
2019-06-28 11:35:19.412770215,BEST_BID,"JPM,100697,82"
2019-06-28 11:35:19.412770215,BEST_ASK,"JPM,101213,100"
2019-06-28 11:35:20.000000000,QUERY_SPREAD,1
2019-06-28 11:35:20.000000000,BEST_BID,"JPM,100644,212"
2019-06-28 11:35:20.000000000,BEST_ASK,"JPM,101213,100"
2019-06-28 11:35:20.000000000,BEST_BID,"JPM,100644,212"
2019-06-28 11:35:20.000000000,BEST_ASK,"JPM,101213,100"
2019-06-28 11:35:20.000000000,BEST_BID,"JPM,100644,212"
2019-06-28 11:35:20.000000000,BEST_ASK,"JPM,101213,100"
2019-06-28 11:35:20.000000000,BEST_BID,"JPM,100644,212"
2019-06-28 11:35:20.000000000,BEST_ASK,"JPM,101213,212"
2019-06-28 11:35:20.000000000,BEST_BID,"JPM,100644,212"
2019-06-28 11:35:20.000000000,BEST_ASK,"JPM,101213,212"
2019-06-28 11:35:20.000000000,BEST_BID,"JPM,100644,212"
2019-06-28 11:35:20.000000000,BEST_ASK,"JPM,101213,212"
2019-06-28 11:35:25.146013924,QUERY_ORDER_STREAM,62
2019-06-28 11:35:25.146013924,QUERY_SPREAD,62
2019-06-28 11:35:30.000000000,QUERY_SPREAD,1
2019-06-28 11:35:30.000000000,BEST_BID,"JPM,100644,212"
2019-06-28 11:35:30.000000000,BEST_ASK,"JPM,101213,100"
2019-06-28 11:35:30.000000000,BEST_BID,"JPM,100644,212"
2019-06-28 11:35:30.000000000,BEST_ASK,"JPM,101213,100"
2019-06-28 11:35:30.000000000,BEST_BID,"JPM,100644,212"
2019-06-28 11:35:30.000000000,BEST_ASK,"JPM,101213,100"
2019-06-28 11:35:30.000000000,BEST_BID,"JPM,100644,212"
2019-06-28 11:35:30.000000000,BEST_ASK,"JPM,101213,212"
2019-06-28 11:35:30.000000000,BEST_BID,"JPM,100644,212"
2019-06-28 11:35:30.000000000,BEST_ASK,"JPM,101213,212"
2019-06-28 11:35:30.000000000,BEST_BID,"JPM,100644,212"
2019-06-28 11:35:30.000000000,BEST_ASK,"JPM,101213,212"
2019-06-28 11:35:40.000000000,QUERY_SPREAD,1
2019-06-28 11:35:40.000000000,BEST_BID,"JPM,100644,166"
2019-06-28 11:35:40.000000000,BEST_ASK,"JPM,101213,100"
2019-06-28 11:35:40.000000000,BEST_BID,"JPM,100644,166"
2019-06-28 11:35:40.000000000,BEST_ASK,"JPM,101213,100"
2019-06-28 11:35:40.000000000,BEST_BID,"JPM,100644,166"
2019-06-28 11:35:40.000000000,BEST_ASK,"JPM,101213,100"
2019-06-28 11:35:40.000000000,BEST_BID,"JPM,100644,166"
2019-06-28 11:35:40.000000000,BEST_ASK,"JPM,101213,100"
2019-06-28 11:35:40.000000000,BEST_BID,"JPM,100644,166"
2019-06-28 11:35:40.000000000,BEST_ASK,"JPM,101213,100"
2019-06-28 11:35:40.000000000,BEST_BID,"JPM,100644,166"
2019-06-28 11:35:40.000000000,BEST_ASK,"JPM,101213,166"
2019-06-28 11:35:40.000000000,BEST_BID,"JPM,100644,166"
2019-06-28 11:35:40.000000000,BEST_ASK,"JPM,101213,166"
2019-06-28 11:35:40.000000000,BEST_BID,"JPM,100644,166"
2019-06-28 11:35:40.000000000,BEST_ASK,"JPM,101213,166"
2019-06-28 11:35:40.000000000,BEST_BID,"JPM,100644,166"
2019-06-28 11:35:40.000000000,BEST_ASK,"JPM,101213,166"
2019-06-28 11:35:40.000000000,BEST_BID,"JPM,100644,166"
2019-06-28 11:35:40.000000000,BEST_ASK,"JPM,101213,166"
2019-06-28 11:35:42.311407474,QUERY_SPREAD,27
2019-06-28 11:35:42.311407474,BEST_BID,"JPM,100644,166"
2019-06-28 11:35:42.311407474,BEST_ASK,"JPM,101213,166"
2019-06-28 11:35:50.000000000,QUERY_SPREAD,1
2019-06-28 11:35:50.000000000,BEST_BID,"JPM,100644,166"
2019-06-28 11:35:50.000000000,BEST_ASK,"JPM,101213,100"
2019-06-28 11:35:50.000000000,BEST_BID,"JPM,100644,166"
2019-06-28 11:35:50.000000000,BEST_ASK,"JPM,101213,100"
2019-06-28 11:35:50.000000000,BEST_BID,"JPM,100644,166"
2019-06-28 11:35:50.000000000,BEST_ASK,"JPM,101213,100"
2019-06-28 11:35:50.000000000,BEST_BID,"JPM,100644,166"
2019-06-28 11:35:50.000000000,BEST_ASK,"JPM,101213,100"
2019-06-28 11:35:50.000000000,BEST_BID,"JPM,100644,166"
2019-06-28 11:35:50.000000000,BEST_ASK,"JPM,101213,100"
2019-06-28 11:35:50.000000000,BEST_BID,"JPM,100644,166"
2019-06-28 11:35:50.000000000,BEST_ASK,"JPM,101213,166"
2019-06-28 11:35:50.000000000,BEST_BID,"JPM,100644,166"
2019-06-28 11:35:50.000000000,BEST_ASK,"JPM,101213,166"
2019-06-28 11:35:50.000000000,BEST_BID,"JPM,100644,166"
2019-06-28 11:35:50.000000000,BEST_ASK,"JPM,101213,166"
2019-06-28 11:35:50.000000000,BEST_BID,"JPM,100644,166"
2019-06-28 11:35:50.000000000,BEST_ASK,"JPM,101213,166"
2019-06-28 11:35:50.000000000,BEST_BID,"JPM,100644,166"
2019-06-28 11:35:50.000000000,BEST_ASK,"JPM,101213,166"
2019-06-28 11:35:55.687136803,QUERY_ORDER_STREAM,65
2019-06-28 11:35:55.687136803,QUERY_SPREAD,65
2019-06-28 11:35:55.687136803,BEST_BID,"JPM,100644,166"
2019-06-28 11:35:55.687136803,BEST_ASK,"JPM,101213,266"
2019-06-28 11:35:59.738850347,QUERY_SPREAD,11
2019-06-28 11:35:59.738850347,BEST_BID,"JPM,100644,66"
2019-06-28 11:35:59.738850347,BEST_ASK,"JPM,101213,266"
2019-06-28 11:35:59.738850347,LAST_TRADE,"100,$100644.0000"
2019-06-28 11:36:00.000000000,QUERY_SPREAD,1
2019-06-28 11:36:00.000000000,BEST_BID,"JPM,100514,212"
2019-06-28 11:36:00.000000000,BEST_ASK,"JPM,101213,200"
2019-06-28 11:36:00.000000000,BEST_BID,"JPM,100514,212"
2019-06-28 11:36:00.000000000,BEST_ASK,"JPM,101213,200"
2019-06-28 11:36:00.000000000,BEST_BID,"JPM,100514,212"
2019-06-28 11:36:00.000000000,BEST_ASK,"JPM,101213,200"
2019-06-28 11:36:00.000000000,BEST_BID,"JPM,100514,212"
2019-06-28 11:36:00.000000000,BEST_ASK,"JPM,101213,312"
2019-06-28 11:36:00.000000000,BEST_BID,"JPM,100514,212"
2019-06-28 11:36:00.000000000,BEST_ASK,"JPM,101213,312"
2019-06-28 11:36:00.000000000,BEST_BID,"JPM,100514,212"
2019-06-28 11:36:00.000000000,BEST_ASK,"JPM,101213,312"
2019-06-28 11:36:00.000000000,QUERY_SPREAD,77
2019-06-28 11:36:00.000000000,BEST_BID,"JPM,100514,212"
2019-06-28 11:36:00.000000000,BEST_ASK,"JPM,101213,308"
2019-06-28 11:36:00.000000000,LAST_TRADE,"4,$101213.0000"
2019-06-28 11:36:00.000000000,QUERY_SPREAD,78
2019-06-28 11:36:00.000000000,BEST_BID,"JPM,100514,212"
2019-06-28 11:36:00.000000000,BEST_ASK,"JPM,101213,300"
2019-06-28 11:36:00.000000000,LAST_TRADE,"8,$101213.0000"
2019-06-28 11:36:00.000000000,QUERY_SPREAD,79
2019-06-28 11:36:00.000000000,BEST_BID,"JPM,100514,212"
2019-06-28 11:36:00.000000000,BEST_ASK,"JPM,101213,299"
2019-06-28 11:36:00.000000000,LAST_TRADE,"1,$101213.0000"
2019-06-28 11:36:00.000000000,QUERY_SPREAD,80
2019-06-28 11:36:00.000000000,BEST_BID,"JPM,100514,212"
2019-06-28 11:36:00.000000000,BEST_ASK,"JPM,101213,294"
2019-06-28 11:36:00.000000000,LAST_TRADE,"5,$101213.0000"
2019-06-28 11:36:00.000000000,QUERY_SPREAD,81
2019-06-28 11:36:00.000000000,BEST_BID,"JPM,100514,212"
2019-06-28 11:36:00.000000000,BEST_ASK,"JPM,101213,289"
2019-06-28 11:36:00.000000000,LAST_TRADE,"5,$101213.0000"
2019-06-28 11:36:00.000000000,QUERY_SPREAD,82
2019-06-28 11:36:00.000000000,BEST_BID,"JPM,100514,212"
2019-06-28 11:36:00.000000000,BEST_ASK,"JPM,101213,283"
2019-06-28 11:36:00.000000000,LAST_TRADE,"6,$101213.0000"
2019-06-28 11:36:00.000000000,QUERY_SPREAD,83
2019-06-28 11:36:00.000000000,BEST_BID,"JPM,100514,212"
2019-06-28 11:36:00.000000000,BEST_ASK,"JPM,101213,279"
2019-06-28 11:36:00.000000000,LAST_TRADE,"4,$101213.0000"
2019-06-28 11:36:00.000000000,QUERY_SPREAD,84
2019-06-28 11:36:00.000000000,BEST_BID,"JPM,100514,212"
2019-06-28 11:36:00.000000000,BEST_ASK,"JPM,101213,274"
2019-06-28 11:36:00.000000000,LAST_TRADE,"5,$101213.0000"
2019-06-28 11:36:00.000000000,QUERY_SPREAD,85
2019-06-28 11:36:00.000000000,BEST_BID,"JPM,100514,212"
2019-06-28 11:36:00.000000000,BEST_ASK,"JPM,101213,269"
2019-06-28 11:36:00.000000000,LAST_TRADE,"5,$101213.0000"
2019-06-28 11:36:00.000000000,QUERY_SPREAD,86
2019-06-28 11:36:00.000000000,BEST_BID,"JPM,100514,212"
2019-06-28 11:36:00.000000000,BEST_ASK,"JPM,101213,260"
2019-06-28 11:36:00.000000000,LAST_TRADE,"9,$101213.0000"
2019-06-28 11:36:00.000000000,QUERY_SPREAD,87
2019-06-28 11:36:00.000000000,BEST_BID,"JPM,100514,212"
2019-06-28 11:36:00.000000000,BEST_ASK,"JPM,101213,258"
2019-06-28 11:36:00.000000000,LAST_TRADE,"2,$101213.0000"
2019-06-28 11:36:00.000000000,QUERY_SPREAD,88
2019-06-28 11:36:00.000000000,BEST_BID,"JPM,100514,212"
2019-06-28 11:36:00.000000000,BEST_ASK,"JPM,101213,250"
2019-06-28 11:36:00.000000000,LAST_TRADE,"8,$101213.0000"
2019-06-28 11:36:00.000000000,QUERY_SPREAD,89
2019-06-28 11:36:00.000000000,BEST_BID,"JPM,100514,212"
2019-06-28 11:36:00.000000000,BEST_ASK,"JPM,101213,243"
2019-06-28 11:36:00.000000000,LAST_TRADE,"7,$101213.0000"
2019-06-28 11:36:00.000000000,QUERY_SPREAD,90
2019-06-28 11:36:00.000000000,BEST_BID,"JPM,100514,212"
2019-06-28 11:36:00.000000000,BEST_ASK,"JPM,101213,237"
2019-06-28 11:36:00.000000000,LAST_TRADE,"6,$101213.0000"
2019-06-28 11:36:00.000000000,QUERY_SPREAD,91
2019-06-28 11:36:00.000000000,BEST_BID,"JPM,100514,212"
2019-06-28 11:36:00.000000000,BEST_ASK,"JPM,101213,232"
2019-06-28 11:36:00.000000000,LAST_TRADE,"5,$101213.0000"
2019-06-28 11:36:00.000000000,QUERY_SPREAD,92
2019-06-28 11:36:00.000000000,BEST_BID,"JPM,100514,212"
2019-06-28 11:36:00.000000000,BEST_ASK,"JPM,101213,231"
2019-06-28 11:36:00.000000000,LAST_TRADE,"1,$101213.0000"
2019-06-28 11:36:00.000000000,QUERY_SPREAD,93
2019-06-28 11:36:00.000000000,BEST_BID,"JPM,100514,212"
2019-06-28 11:36:00.000000000,BEST_ASK,"JPM,101213,229"
2019-06-28 11:36:00.000000000,LAST_TRADE,"2,$101213.0000"
2019-06-28 11:36:00.000000000,QUERY_SPREAD,94
2019-06-28 11:36:00.000000000,BEST_BID,"JPM,100514,212"
2019-06-28 11:36:00.000000000,BEST_ASK,"JPM,101213,227"
2019-06-28 11:36:00.000000000,LAST_TRADE,"2,$101213.0000"
2019-06-28 11:36:00.000000000,QUERY_SPREAD,95
2019-06-28 11:36:00.000000000,BEST_BID,"JPM,100514,212"
2019-06-28 11:36:00.000000000,BEST_ASK,"JPM,101213,220"
2019-06-28 11:36:00.000000000,LAST_TRADE,"7,$101213.0000"
2019-06-28 11:36:00.000000000,QUERY_SPREAD,96
2019-06-28 11:36:00.000000000,BEST_BID,"JPM,100514,212"
2019-06-28 11:36:00.000000000,BEST_ASK,"JPM,101213,213"
2019-06-28 11:36:00.000000000,LAST_TRADE,"7,$101213.0000"
2019-06-28 11:36:00.000000000,QUERY_SPREAD,97
2019-06-28 11:36:00.000000000,BEST_BID,"JPM,100514,212"
2019-06-28 11:36:00.000000000,BEST_ASK,"JPM,101213,207"
2019-06-28 11:36:00.000000000,LAST_TRADE,"6,$101213.0000"
2019-06-28 11:36:00.000000000,QUERY_SPREAD,98
2019-06-28 11:36:00.000000000,BEST_BID,"JPM,100514,212"
2019-06-28 11:36:00.000000000,BEST_ASK,"JPM,101213,203"
2019-06-28 11:36:00.000000000,LAST_TRADE,"4,$101213.0000"
2019-06-28 11:36:00.000000000,QUERY_SPREAD,99
2019-06-28 11:36:00.000000000,BEST_BID,"JPM,100514,212"
2019-06-28 11:36:00.000000000,BEST_ASK,"JPM,101213,201"
2019-06-28 11:36:00.000000000,LAST_TRADE,"2,$101213.0000"
2019-06-28 11:36:00.000000000,QUERY_SPREAD,100
2019-06-28 11:36:00.000000000,BEST_BID,"JPM,100514,212"
2019-06-28 11:36:00.000000000,BEST_ASK,"JPM,101213,195"
2019-06-28 11:36:00.000000000,LAST_TRADE,"6,$101213.0000"
2019-06-28 11:36:00.000000000,QUERY_SPREAD,101
2019-06-28 11:36:00.000000000,QUERY_ORDER_STREAM,101
2019-06-28 11:36:10.000000000,QUERY_SPREAD,1
2019-06-28 11:36:10.000000000,BEST_BID,"JPM,100514,166"
2019-06-28 11:36:10.000000000,BEST_ASK,"JPM,101213,83"
2019-06-28 11:36:10.000000000,BEST_BID,"JPM,100514,166"
2019-06-28 11:36:10.000000000,BEST_ASK,"JPM,101213,83"
2019-06-28 11:36:10.000000000,BEST_BID,"JPM,100514,166"
2019-06-28 11:36:10.000000000,BEST_ASK,"JPM,101213,83"
2019-06-28 11:36:10.000000000,BEST_BID,"JPM,100514,166"
2019-06-28 11:36:10.000000000,BEST_ASK,"JPM,101213,83"
2019-06-28 11:36:10.000000000,BEST_BID,"JPM,100514,166"
2019-06-28 11:36:10.000000000,BEST_ASK,"JPM,101213,83"
2019-06-28 11:36:10.000000000,BEST_BID,"JPM,100514,166"
2019-06-28 11:36:10.000000000,BEST_ASK,"JPM,101213,149"
2019-06-28 11:36:10.000000000,BEST_BID,"JPM,100514,166"
2019-06-28 11:36:10.000000000,BEST_ASK,"JPM,101213,149"
2019-06-28 11:36:10.000000000,BEST_BID,"JPM,100514,166"
2019-06-28 11:36:10.000000000,BEST_ASK,"JPM,101213,149"
2019-06-28 11:36:10.000000000,BEST_BID,"JPM,100514,166"
2019-06-28 11:36:10.000000000,BEST_ASK,"JPM,101213,149"
2019-06-28 11:36:10.000000000,BEST_BID,"JPM,100514,166"
2019-06-28 11:36:10.000000000,BEST_ASK,"JPM,101213,149"
2019-06-28 11:36:20.000000000,QUERY_SPREAD,1
2019-06-28 11:36:20.000000000,BEST_BID,"JPM,100514,264"
2019-06-28 11:36:20.000000000,BEST_ASK,"JPM,101213,83"
2019-06-28 11:36:20.000000000,BEST_BID,"JPM,100514,264"
2019-06-28 11:36:20.000000000,BEST_ASK,"JPM,101213,83"
2019-06-28 11:36:20.000000000,BEST_BID,"JPM,100514,264"
2019-06-28 11:36:20.000000000,BEST_ASK,"JPM,101213,247"
2019-06-28 11:36:20.000000000,BEST_BID,"JPM,100514,264"
2019-06-28 11:36:20.000000000,BEST_ASK,"JPM,101213,247"
2019-06-28 11:36:30.000000000,QUERY_SPREAD,1
2019-06-28 11:36:30.000000000,BEST_BID,"JPM,100514,182"
2019-06-28 11:36:30.000000000,BEST_ASK,"JPM,101213,83"
2019-06-28 11:36:30.000000000,BEST_BID,"JPM,100514,182"
2019-06-28 11:36:30.000000000,BEST_ASK,"JPM,101213,83"
2019-06-28 11:36:30.000000000,BEST_BID,"JPM,100514,182"
2019-06-28 11:36:30.000000000,BEST_ASK,"JPM,101213,83"
2019-06-28 11:36:30.000000000,BEST_BID,"JPM,100514,182"
2019-06-28 11:36:30.000000000,BEST_ASK,"JPM,101213,83"
2019-06-28 11:36:30.000000000,BEST_BID,"JPM,100514,182"
2019-06-28 11:36:30.000000000,BEST_ASK,"JPM,101213,165"
2019-06-28 11:36:30.000000000,BEST_BID,"JPM,100514,182"
2019-06-28 11:36:30.000000000,BEST_ASK,"JPM,101213,165"
2019-06-28 11:36:30.000000000,BEST_BID,"JPM,100514,182"
2019-06-28 11:36:30.000000000,BEST_ASK,"JPM,101213,165"
2019-06-28 11:36:30.000000000,BEST_BID,"JPM,100514,182"
2019-06-28 11:36:30.000000000,BEST_ASK,"JPM,101213,165"
2019-06-28 11:36:32.169848728,QUERY_SPREAD,48
2019-06-28 11:36:32.169848728,BEST_BID,"JPM,100514,182"
2019-06-28 11:36:32.169848728,BEST_ASK,"JPM,101213,165"
2019-06-28 11:36:40.000000000,QUERY_SPREAD,1
2019-06-28 11:36:40.000000000,BEST_BID,"JPM,100514,428"
2019-06-28 11:36:40.000000000,BEST_ASK,"JPM,101213,83"
2019-06-28 11:36:40.000000000,BEST_BID,"JPM,100514,428"
2019-06-28 11:36:40.000000000,BEST_ASK,"JPM,101213,411"
2019-06-28 11:36:42.414959698,QUERY_SPREAD,37
2019-06-28 11:36:42.414959698,BEST_BID,"JPM,100737,100"
2019-06-28 11:36:42.414959698,BEST_ASK,"JPM,101213,411"
2019-06-28 11:36:50.000000000,QUERY_SPREAD,1
2019-06-28 11:36:50.000000000,BEST_BID,"JPM,100737,264"
2019-06-28 11:36:50.000000000,BEST_ASK,"JPM,101213,83"
2019-06-28 11:36:50.000000000,BEST_BID,"JPM,100737,264"
2019-06-28 11:36:50.000000000,BEST_ASK,"JPM,101213,83"
2019-06-28 11:36:50.000000000,BEST_BID,"JPM,100737,264"
2019-06-28 11:36:50.000000000,BEST_ASK,"JPM,101213,247"
2019-06-28 11:36:50.000000000,BEST_BID,"JPM,100737,264"
2019-06-28 11:36:50.000000000,BEST_ASK,"JPM,101213,247"
2019-06-28 11:37:00.000000000,QUERY_SPREAD,1
2019-06-28 11:37:00.000000000,BEST_BID,"JPM,100737,212"
2019-06-28 11:37:00.000000000,BEST_ASK,"JPM,101213,83"
2019-06-28 11:37:00.000000000,BEST_BID,"JPM,100737,212"
2019-06-28 11:37:00.000000000,BEST_ASK,"JPM,101213,83"
2019-06-28 11:37:00.000000000,BEST_BID,"JPM,100737,212"
2019-06-28 11:37:00.000000000,BEST_ASK,"JPM,101213,83"
2019-06-28 11:37:00.000000000,BEST_BID,"JPM,100737,212"
2019-06-28 11:37:00.000000000,BEST_ASK,"JPM,101213,195"
2019-06-28 11:37:00.000000000,BEST_BID,"JPM,100737,212"
2019-06-28 11:37:00.000000000,BEST_ASK,"JPM,101213,195"
2019-06-28 11:37:00.000000000,BEST_BID,"JPM,100737,212"
2019-06-28 11:37:00.000000000,BEST_ASK,"JPM,101213,195"
2019-06-28 11:37:00.000000000,QUERY_SPREAD,77
2019-06-28 11:37:00.000000000,BEST_BID,"JPM,100737,212"
2019-06-28 11:37:00.000000000,BEST_ASK,"JPM,101213,191"
2019-06-28 11:37:00.000000000,LAST_TRADE,"4,$101213.0000"
2019-06-28 11:37:00.000000000,QUERY_SPREAD,78
2019-06-28 11:37:00.000000000,BEST_BID,"JPM,100737,212"
2019-06-28 11:37:00.000000000,BEST_ASK,"JPM,101213,183"
2019-06-28 11:37:00.000000000,LAST_TRADE,"8,$101213.0000"
2019-06-28 11:37:00.000000000,QUERY_SPREAD,79
2019-06-28 11:37:00.000000000,BEST_BID,"JPM,100737,212"
2019-06-28 11:37:00.000000000,BEST_ASK,"JPM,101213,182"
2019-06-28 11:37:00.000000000,LAST_TRADE,"1,$101213.0000"
2019-06-28 11:37:00.000000000,QUERY_SPREAD,80
2019-06-28 11:37:00.000000000,BEST_BID,"JPM,100737,212"
2019-06-28 11:37:00.000000000,BEST_ASK,"JPM,101213,177"
2019-06-28 11:37:00.000000000,LAST_TRADE,"5,$101213.0000"
2019-06-28 11:37:00.000000000,QUERY_SPREAD,81
2019-06-28 11:37:00.000000000,BEST_BID,"JPM,100737,212"
2019-06-28 11:37:00.000000000,BEST_ASK,"JPM,101213,172"
2019-06-28 11:37:00.000000000,LAST_TRADE,"5,$101213.0000"
2019-06-28 11:37:00.000000000,QUERY_SPREAD,82
2019-06-28 11:37:00.000000000,BEST_BID,"JPM,100737,212"
2019-06-28 11:37:00.000000000,BEST_ASK,"JPM,101213,166"
2019-06-28 11:37:00.000000000,LAST_TRADE,"6,$101213.0000"
2019-06-28 11:37:00.000000000,QUERY_SPREAD,83
2019-06-28 11:37:00.000000000,BEST_BID,"JPM,100737,212"
2019-06-28 11:37:00.000000000,BEST_ASK,"JPM,101213,162"
2019-06-28 11:37:00.000000000,LAST_TRADE,"4,$101213.0000"
2019-06-28 11:37:00.000000000,QUERY_SPREAD,84
2019-06-28 11:37:00.000000000,BEST_BID,"JPM,100737,212"
2019-06-28 11:37:00.000000000,BEST_ASK,"JPM,101213,157"
2019-06-28 11:37:00.000000000,LAST_TRADE,"5,$101213.0000"
2019-06-28 11:37:00.000000000,QUERY_SPREAD,85
2019-06-28 11:37:00.000000000,BEST_BID,"JPM,100737,212"
2019-06-28 11:37:00.000000000,BEST_ASK,"JPM,101213,152"
2019-06-28 11:37:00.000000000,LAST_TRADE,"5,$101213.0000"
2019-06-28 11:37:00.000000000,QUERY_SPREAD,86
2019-06-28 11:37:00.000000000,BEST_BID,"JPM,100737,212"
2019-06-28 11:37:00.000000000,BEST_ASK,"JPM,101213,143"
2019-06-28 11:37:00.000000000,LAST_TRADE,"9,$101213.0000"
2019-06-28 11:37:00.000000000,QUERY_SPREAD,87
2019-06-28 11:37:00.000000000,BEST_BID,"JPM,100737,212"
2019-06-28 11:37:00.000000000,BEST_ASK,"JPM,101213,141"
2019-06-28 11:37:00.000000000,LAST_TRADE,"2,$101213.0000"
2019-06-28 11:37:00.000000000,QUERY_SPREAD,88
2019-06-28 11:37:00.000000000,BEST_BID,"JPM,100737,212"
2019-06-28 11:37:00.000000000,BEST_ASK,"JPM,101213,133"
2019-06-28 11:37:00.000000000,LAST_TRADE,"8,$101213.0000"
2019-06-28 11:37:00.000000000,QUERY_SPREAD,89
2019-06-28 11:37:00.000000000,BEST_BID,"JPM,100737,212"
2019-06-28 11:37:00.000000000,BEST_ASK,"JPM,101213,126"
2019-06-28 11:37:00.000000000,LAST_TRADE,"7,$101213.0000"
2019-06-28 11:37:00.000000000,QUERY_SPREAD,90
2019-06-28 11:37:00.000000000,BEST_BID,"JPM,100737,212"
2019-06-28 11:37:00.000000000,BEST_ASK,"JPM,101213,120"
2019-06-28 11:37:00.000000000,LAST_TRADE,"6,$101213.0000"
2019-06-28 11:37:00.000000000,QUERY_SPREAD,91
2019-06-28 11:37:00.000000000,BEST_BID,"JPM,100737,212"
2019-06-28 11:37:00.000000000,BEST_ASK,"JPM,101213,115"
2019-06-28 11:37:00.000000000,LAST_TRADE,"5,$101213.0000"
2019-06-28 11:37:00.000000000,QUERY_SPREAD,92
2019-06-28 11:37:00.000000000,BEST_BID,"JPM,100737,212"
2019-06-28 11:37:00.000000000,BEST_ASK,"JPM,101213,114"
2019-06-28 11:37:00.000000000,LAST_TRADE,"1,$101213.0000"
2019-06-28 11:37:00.000000000,QUERY_SPREAD,93
2019-06-28 11:37:00.000000000,BEST_BID,"JPM,100737,212"
2019-06-28 11:37:00.000000000,BEST_ASK,"JPM,101213,112"
2019-06-28 11:37:00.000000000,LAST_TRADE,"2,$101213.0000"
2019-06-28 11:37:00.000000000,QUERY_SPREAD,94
2019-06-28 11:37:00.000000000,BEST_BID,"JPM,100737,212"
2019-06-28 11:37:00.000000000,BEST_ASK,"JPM,101213,110"
2019-06-28 11:37:00.000000000,LAST_TRADE,"2,$101213.0000"
2019-06-28 11:37:00.000000000,QUERY_SPREAD,95
2019-06-28 11:37:00.000000000,BEST_BID,"JPM,100737,212"
2019-06-28 11:37:00.000000000,BEST_ASK,"JPM,101213,103"
2019-06-28 11:37:00.000000000,LAST_TRADE,"7,$101213.0000"
2019-06-28 11:37:00.000000000,QUERY_SPREAD,96
2019-06-28 11:37:00.000000000,BEST_BID,"JPM,100737,212"
2019-06-28 11:37:00.000000000,BEST_ASK,"JPM,101213,96"
2019-06-28 11:37:00.000000000,LAST_TRADE,"7,$101213.0000"
2019-06-28 11:37:00.000000000,QUERY_SPREAD,97
2019-06-28 11:37:00.000000000,BEST_BID,"JPM,100737,212"
2019-06-28 11:37:00.000000000,BEST_ASK,"JPM,101213,90"
2019-06-28 11:37:00.000000000,LAST_TRADE,"6,$101213.0000"
2019-06-28 11:37:00.000000000,QUERY_SPREAD,98
2019-06-28 11:37:00.000000000,BEST_BID,"JPM,100737,212"
2019-06-28 11:37:00.000000000,BEST_ASK,"JPM,101213,86"
2019-06-28 11:37:00.000000000,LAST_TRADE,"4,$101213.0000"
2019-06-28 11:37:00.000000000,QUERY_SPREAD,99
2019-06-28 11:37:00.000000000,BEST_BID,"JPM,100737,212"
2019-06-28 11:37:00.000000000,BEST_ASK,"JPM,101213,84"
2019-06-28 11:37:00.000000000,LAST_TRADE,"2,$101213.0000"
2019-06-28 11:37:00.000000000,QUERY_SPREAD,100
2019-06-28 11:37:00.000000000,BEST_BID,"JPM,100737,212"
2019-06-28 11:37:00.000000000,BEST_ASK,"JPM,101213,78"
2019-06-28 11:37:00.000000000,LAST_TRADE,"6,$101213.0000"
2019-06-28 11:37:00.000000000,QUERY_SPREAD,101
2019-06-28 11:37:00.000000000,QUERY_ORDER_STREAM,101
2019-06-28 11:37:08.407525027,QUERY_ORDER_STREAM,69
2019-06-28 11:37:08.407525027,QUERY_SPREAD,69
2019-06-28 11:37:08.407525027,BEST_BID,"JPM,100737,212"
2019-06-28 11:37:08.407525027,BEST_ASK,"JPM,101213,178"
2019-06-28 11:37:10.000000000,QUERY_SPREAD,1
2019-06-28 11:37:10.000000000,BEST_BID,"JPM,100737,182"
2019-06-28 11:37:10.000000000,BEST_ASK,"JPM,101213,100"
2019-06-28 11:37:10.000000000,BEST_BID,"JPM,100737,182"
2019-06-28 11:37:10.000000000,BEST_ASK,"JPM,101213,100"
2019-06-28 11:37:10.000000000,BEST_BID,"JPM,100737,182"
2019-06-28 11:37:10.000000000,BEST_ASK,"JPM,101213,100"
2019-06-28 11:37:10.000000000,BEST_BID,"JPM,100737,182"
2019-06-28 11:37:10.000000000,BEST_ASK,"JPM,101213,100"
2019-06-28 11:37:10.000000000,BEST_BID,"JPM,100737,182"
2019-06-28 11:37:10.000000000,BEST_ASK,"JPM,101213,182"
2019-06-28 11:37:10.000000000,BEST_BID,"JPM,100737,182"
2019-06-28 11:37:10.000000000,BEST_ASK,"JPM,101213,182"
2019-06-28 11:37:10.000000000,BEST_BID,"JPM,100737,182"
2019-06-28 11:37:10.000000000,BEST_ASK,"JPM,101213,182"
2019-06-28 11:37:10.000000000,BEST_BID,"JPM,100737,182"
2019-06-28 11:37:10.000000000,BEST_ASK,"JPM,101213,182"
2019-06-28 11:37:20.000000000,QUERY_SPREAD,1
2019-06-28 11:37:20.000000000,BEST_BID,"JPM,100737,166"
2019-06-28 11:37:20.000000000,BEST_ASK,"JPM,101213,100"
2019-06-28 11:37:20.000000000,BEST_BID,"JPM,100737,166"
2019-06-28 11:37:20.000000000,BEST_ASK,"JPM,101213,100"
2019-06-28 11:37:20.000000000,BEST_BID,"JPM,100737,166"
2019-06-28 11:37:20.000000000,BEST_ASK,"JPM,101213,100"
2019-06-28 11:37:20.000000000,BEST_BID,"JPM,100737,166"
2019-06-28 11:37:20.000000000,BEST_ASK,"JPM,101213,100"
2019-06-28 11:37:20.000000000,BEST_BID,"JPM,100737,166"
2019-06-28 11:37:20.000000000,BEST_ASK,"JPM,101213,100"
2019-06-28 11:37:20.000000000,BEST_BID,"JPM,100737,166"
2019-06-28 11:37:20.000000000,BEST_ASK,"JPM,101213,166"
2019-06-28 11:37:20.000000000,BEST_BID,"JPM,100737,166"
2019-06-28 11:37:20.000000000,BEST_ASK,"JPM,101213,166"
2019-06-28 11:37:20.000000000,BEST_BID,"JPM,100737,166"
2019-06-28 11:37:20.000000000,BEST_ASK,"JPM,101213,166"
2019-06-28 11:37:20.000000000,BEST_BID,"JPM,100737,166"
2019-06-28 11:37:20.000000000,BEST_ASK,"JPM,101213,166"
2019-06-28 11:37:20.000000000,BEST_BID,"JPM,100737,166"
2019-06-28 11:37:20.000000000,BEST_ASK,"JPM,101213,166"
2019-06-28 11:37:30.000000000,QUERY_SPREAD,1
2019-06-28 11:37:30.000000000,BEST_BID,"JPM,100737,428"
2019-06-28 11:37:30.000000000,BEST_ASK,"JPM,101213,100"
2019-06-28 11:37:30.000000000,BEST_BID,"JPM,100737,428"
2019-06-28 11:37:30.000000000,BEST_ASK,"JPM,101213,428"
2019-06-28 11:37:37.987975929,QUERY_SPREAD,43
2019-06-28 11:37:37.987975929,BEST_BID,"JPM,100737,328"
2019-06-28 11:37:37.987975929,BEST_ASK,"JPM,101213,428"
2019-06-28 11:37:37.987975929,LAST_TRADE,"100,$100737.0000"
2019-06-28 11:37:40.000000000,QUERY_SPREAD,1
2019-06-28 11:37:40.000000000,BEST_BID,"JPM,100514,428"
2019-06-28 11:37:40.000000000,BEST_ASK,"JPM,101213,100"
2019-06-28 11:37:40.000000000,BEST_BID,"JPM,100514,428"
2019-06-28 11:37:40.000000000,BEST_ASK,"JPM,101213,428"
2019-06-28 11:37:50.000000000,QUERY_SPREAD,1
2019-06-28 11:37:50.000000000,BEST_BID,"JPM,100514,182"
2019-06-28 11:37:50.000000000,BEST_ASK,"JPM,101213,100"
2019-06-28 11:37:50.000000000,BEST_BID,"JPM,100514,182"
2019-06-28 11:37:50.000000000,BEST_ASK,"JPM,101213,100"
2019-06-28 11:37:50.000000000,BEST_BID,"JPM,100514,182"
2019-06-28 11:37:50.000000000,BEST_ASK,"JPM,101213,100"
2019-06-28 11:37:50.000000000,BEST_BID,"JPM,100514,182"
2019-06-28 11:37:50.000000000,BEST_ASK,"JPM,101213,100"
2019-06-28 11:37:50.000000000,BEST_BID,"JPM,100514,182"
2019-06-28 11:37:50.000000000,BEST_ASK,"JPM,101213,182"
2019-06-28 11:37:50.000000000,BEST_BID,"JPM,100514,182"
2019-06-28 11:37:50.000000000,BEST_ASK,"JPM,101213,182"
2019-06-28 11:37:50.000000000,BEST_BID,"JPM,100514,182"
2019-06-28 11:37:50.000000000,BEST_ASK,"JPM,101213,182"
2019-06-28 11:37:50.000000000,BEST_BID,"JPM,100514,182"
2019-06-28 11:37:50.000000000,BEST_ASK,"JPM,101213,182"
2019-06-28 11:38:00.000000000,QUERY_SPREAD,1
2019-06-28 11:38:00.000000000,BEST_BID,"JPM,100514,182"
2019-06-28 11:38:00.000000000,BEST_ASK,"JPM,101213,100"
2019-06-28 11:38:00.000000000,BEST_BID,"JPM,100514,182"
2019-06-28 11:38:00.000000000,BEST_ASK,"JPM,101213,100"
2019-06-28 11:38:00.000000000,BEST_BID,"JPM,100514,182"
2019-06-28 11:38:00.000000000,BEST_ASK,"JPM,101213,100"
2019-06-28 11:38:00.000000000,BEST_BID,"JPM,100514,182"
2019-06-28 11:38:00.000000000,BEST_ASK,"JPM,101213,100"
2019-06-28 11:38:00.000000000,BEST_BID,"JPM,100514,182"
2019-06-28 11:38:00.000000000,BEST_ASK,"JPM,101213,182"
2019-06-28 11:38:00.000000000,BEST_BID,"JPM,100514,182"
2019-06-28 11:38:00.000000000,BEST_ASK,"JPM,101213,182"
2019-06-28 11:38:00.000000000,BEST_BID,"JPM,100514,182"
2019-06-28 11:38:00.000000000,BEST_ASK,"JPM,101213,182"
2019-06-28 11:38:00.000000000,BEST_BID,"JPM,100514,182"
2019-06-28 11:38:00.000000000,BEST_ASK,"JPM,101213,182"
2019-06-28 11:38:00.000000000,QUERY_SPREAD,77
2019-06-28 11:38:00.000000000,BEST_BID,"JPM,100514,182"
2019-06-28 11:38:00.000000000,BEST_ASK,"JPM,101213,178"
2019-06-28 11:38:00.000000000,LAST_TRADE,"4,$101213.0000"
2019-06-28 11:38:00.000000000,QUERY_SPREAD,78
2019-06-28 11:38:00.000000000,BEST_BID,"JPM,100514,182"
2019-06-28 11:38:00.000000000,BEST_ASK,"JPM,101213,170"
2019-06-28 11:38:00.000000000,LAST_TRADE,"8,$101213.0000"
2019-06-28 11:38:00.000000000,QUERY_SPREAD,79
2019-06-28 11:38:00.000000000,BEST_BID,"JPM,100514,182"
2019-06-28 11:38:00.000000000,BEST_ASK,"JPM,101213,169"
2019-06-28 11:38:00.000000000,LAST_TRADE,"1,$101213.0000"
2019-06-28 11:38:00.000000000,QUERY_SPREAD,80
2019-06-28 11:38:00.000000000,BEST_BID,"JPM,100514,182"
2019-06-28 11:38:00.000000000,BEST_ASK,"JPM,101213,164"
2019-06-28 11:38:00.000000000,LAST_TRADE,"5,$101213.0000"
2019-06-28 11:38:00.000000000,QUERY_SPREAD,81
2019-06-28 11:38:00.000000000,BEST_BID,"JPM,100514,182"
2019-06-28 11:38:00.000000000,BEST_ASK,"JPM,101213,159"
2019-06-28 11:38:00.000000000,LAST_TRADE,"5,$101213.0000"
2019-06-28 11:38:00.000000000,QUERY_SPREAD,82
2019-06-28 11:38:00.000000000,BEST_BID,"JPM,100514,182"
2019-06-28 11:38:00.000000000,BEST_ASK,"JPM,101213,153"
2019-06-28 11:38:00.000000000,LAST_TRADE,"6,$101213.0000"
2019-06-28 11:38:00.000000000,QUERY_SPREAD,83
2019-06-28 11:38:00.000000000,BEST_BID,"JPM,100514,182"
2019-06-28 11:38:00.000000000,BEST_ASK,"JPM,101213,149"
2019-06-28 11:38:00.000000000,LAST_TRADE,"4,$101213.0000"
2019-06-28 11:38:00.000000000,QUERY_SPREAD,84
2019-06-28 11:38:00.000000000,BEST_BID,"JPM,100514,182"
2019-06-28 11:38:00.000000000,BEST_ASK,"JPM,101213,144"
2019-06-28 11:38:00.000000000,LAST_TRADE,"5,$101213.0000"
2019-06-28 11:38:00.000000000,QUERY_SPREAD,85
2019-06-28 11:38:00.000000000,BEST_BID,"JPM,100514,182"
2019-06-28 11:38:00.000000000,BEST_ASK,"JPM,101213,139"
2019-06-28 11:38:00.000000000,LAST_TRADE,"5,$101213.0000"
2019-06-28 11:38:00.000000000,QUERY_SPREAD,86
2019-06-28 11:38:00.000000000,BEST_BID,"JPM,100514,182"
2019-06-28 11:38:00.000000000,BEST_ASK,"JPM,101213,130"
2019-06-28 11:38:00.000000000,LAST_TRADE,"9,$101213.0000"
2019-06-28 11:38:00.000000000,QUERY_SPREAD,87
2019-06-28 11:38:00.000000000,BEST_BID,"JPM,100514,182"
2019-06-28 11:38:00.000000000,BEST_ASK,"JPM,101213,128"
2019-06-28 11:38:00.000000000,LAST_TRADE,"2,$101213.0000"
2019-06-28 11:38:00.000000000,QUERY_SPREAD,88
2019-06-28 11:38:00.000000000,BEST_BID,"JPM,100514,182"
2019-06-28 11:38:00.000000000,BEST_ASK,"JPM,101213,120"
2019-06-28 11:38:00.000000000,LAST_TRADE,"8,$101213.0000"
2019-06-28 11:38:00.000000000,QUERY_SPREAD,89
2019-06-28 11:38:00.000000000,BEST_BID,"JPM,100514,182"
2019-06-28 11:38:00.000000000,BEST_ASK,"JPM,101213,113"
2019-06-28 11:38:00.000000000,LAST_TRADE,"7,$101213.0000"
2019-06-28 11:38:00.000000000,QUERY_SPREAD,90
2019-06-28 11:38:00.000000000,BEST_BID,"JPM,100514,182"
2019-06-28 11:38:00.000000000,BEST_ASK,"JPM,101213,107"
2019-06-28 11:38:00.000000000,LAST_TRADE,"6,$101213.0000"
2019-06-28 11:38:00.000000000,QUERY_SPREAD,91
2019-06-28 11:38:00.000000000,BEST_BID,"JPM,100514,182"
2019-06-28 11:38:00.000000000,BEST_ASK,"JPM,101213,102"
2019-06-28 11:38:00.000000000,LAST_TRADE,"5,$101213.0000"
2019-06-28 11:38:00.000000000,QUERY_SPREAD,92
2019-06-28 11:38:00.000000000,BEST_BID,"JPM,100514,182"
2019-06-28 11:38:00.000000000,BEST_ASK,"JPM,101213,101"
2019-06-28 11:38:00.000000000,LAST_TRADE,"1,$101213.0000"
2019-06-28 11:38:00.000000000,QUERY_SPREAD,93
2019-06-28 11:38:00.000000000,BEST_BID,"JPM,100514,182"
2019-06-28 11:38:00.000000000,BEST_ASK,"JPM,101213,99"
2019-06-28 11:38:00.000000000,LAST_TRADE,"2,$101213.0000"
2019-06-28 11:38:00.000000000,QUERY_SPREAD,94
2019-06-28 11:38:00.000000000,BEST_BID,"JPM,100514,182"
2019-06-28 11:38:00.000000000,BEST_ASK,"JPM,101213,97"
2019-06-28 11:38:00.000000000,LAST_TRADE,"2,$101213.0000"
2019-06-28 11:38:00.000000000,QUERY_SPREAD,95
2019-06-28 11:38:00.000000000,BEST_BID,"JPM,100514,182"
2019-06-28 11:38:00.000000000,BEST_ASK,"JPM,101213,90"
2019-06-28 11:38:00.000000000,LAST_TRADE,"7,$101213.0000"
2019-06-28 11:38:00.000000000,QUERY_SPREAD,96
2019-06-28 11:38:00.000000000,BEST_BID,"JPM,100514,182"
2019-06-28 11:38:00.000000000,BEST_ASK,"JPM,101213,83"
2019-06-28 11:38:00.000000000,LAST_TRADE,"7,$101213.0000"
2019-06-28 11:38:00.000000000,QUERY_SPREAD,97
2019-06-28 11:38:00.000000000,BEST_BID,"JPM,100514,182"
2019-06-28 11:38:00.000000000,BEST_ASK,"JPM,101213,77"
2019-06-28 11:38:00.000000000,LAST_TRADE,"6,$101213.0000"
2019-06-28 11:38:00.000000000,QUERY_SPREAD,98
2019-06-28 11:38:00.000000000,BEST_BID,"JPM,100514,182"
2019-06-28 11:38:00.000000000,BEST_ASK,"JPM,101213,73"
2019-06-28 11:38:00.000000000,LAST_TRADE,"4,$101213.0000"
2019-06-28 11:38:00.000000000,QUERY_SPREAD,99
2019-06-28 11:38:00.000000000,BEST_BID,"JPM,100514,182"
2019-06-28 11:38:00.000000000,BEST_ASK,"JPM,101213,71"
2019-06-28 11:38:00.000000000,LAST_TRADE,"2,$101213.0000"
2019-06-28 11:38:00.000000000,QUERY_SPREAD,100
2019-06-28 11:38:00.000000000,BEST_BID,"JPM,100514,182"
2019-06-28 11:38:00.000000000,BEST_ASK,"JPM,101213,65"
2019-06-28 11:38:00.000000000,LAST_TRADE,"6,$101213.0000"
2019-06-28 11:38:00.000000000,QUERY_SPREAD,101
2019-06-28 11:38:00.000000000,QUERY_ORDER_STREAM,101
2019-06-28 11:38:08.414461433,QUERY_ORDER_STREAM,56
2019-06-28 11:38:08.414461433,QUERY_SPREAD,56
2019-06-28 11:38:08.414461433,BEST_BID,"JPM,100514,182"
2019-06-28 11:38:08.414461433,BEST_ASK,"JPM,101213,165"
2019-06-28 11:38:09.320602121,QUERY_ORDER_STREAM,76
2019-06-28 11:38:09.320602121,QUERY_SPREAD,76
2019-06-28 11:38:09.320602121,BEST_BID,"JPM,100514,182"
2019-06-28 11:38:09.320602121,BEST_ASK,"JPM,101213,265"
2019-06-28 11:38:10.000000000,QUERY_SPREAD,1
2019-06-28 11:38:10.000000000,BEST_BID,"JPM,100514,182"
2019-06-28 11:38:10.000000000,BEST_ASK,"JPM,101213,200"
2019-06-28 11:38:10.000000000,BEST_BID,"JPM,100514,182"
2019-06-28 11:38:10.000000000,BEST_ASK,"JPM,101213,200"
2019-06-28 11:38:10.000000000,BEST_BID,"JPM,100514,182"
2019-06-28 11:38:10.000000000,BEST_ASK,"JPM,101213,200"
2019-06-28 11:38:10.000000000,BEST_BID,"JPM,100514,182"
2019-06-28 11:38:10.000000000,BEST_ASK,"JPM,101213,200"
2019-06-28 11:38:10.000000000,BEST_BID,"JPM,100514,182"
2019-06-28 11:38:10.000000000,BEST_ASK,"JPM,101213,282"
2019-06-28 11:38:10.000000000,BEST_BID,"JPM,100514,182"
2019-06-28 11:38:10.000000000,BEST_ASK,"JPM,101213,282"
2019-06-28 11:38:10.000000000,BEST_BID,"JPM,100514,182"
2019-06-28 11:38:10.000000000,BEST_ASK,"JPM,101213,282"
2019-06-28 11:38:10.000000000,BEST_BID,"JPM,100514,182"
2019-06-28 11:38:10.000000000,BEST_ASK,"JPM,101213,282"
2019-06-28 11:38:11.579948938,QUERY_SPREAD,25
2019-06-28 11:38:11.579948938,BEST_BID,"JPM,100999,100"
2019-06-28 11:38:11.579948938,BEST_ASK,"JPM,101213,282"
2019-06-28 11:38:19.240402087,QUERY_SPREAD,37
2019-06-28 11:38:19.240402087,BEST_BID,"JPM,101076,100"
2019-06-28 11:38:19.240402087,BEST_ASK,"JPM,101213,282"
2019-06-28 11:38:20.000000000,QUERY_SPREAD,1
2019-06-28 11:38:20.000000000,BEST_BID,"JPM,101076,182"
2019-06-28 11:38:20.000000000,BEST_ASK,"JPM,101213,200"
2019-06-28 11:38:20.000000000,BEST_BID,"JPM,101076,182"
2019-06-28 11:38:20.000000000,BEST_ASK,"JPM,101213,200"
2019-06-28 11:38:20.000000000,BEST_BID,"JPM,101076,182"
2019-06-28 11:38:20.000000000,BEST_ASK,"JPM,101213,200"
2019-06-28 11:38:20.000000000,BEST_BID,"JPM,101076,182"
2019-06-28 11:38:20.000000000,BEST_ASK,"JPM,101213,200"
2019-06-28 11:38:20.000000000,BEST_BID,"JPM,101076,182"
2019-06-28 11:38:20.000000000,BEST_ASK,"JPM,101213,282"
2019-06-28 11:38:20.000000000,BEST_BID,"JPM,101076,182"
2019-06-28 11:38:20.000000000,BEST_ASK,"JPM,101213,282"
2019-06-28 11:38:20.000000000,BEST_BID,"JPM,101076,182"
2019-06-28 11:38:20.000000000,BEST_ASK,"JPM,101213,282"
2019-06-28 11:38:20.000000000,BEST_BID,"JPM,101076,182"
2019-06-28 11:38:20.000000000,BEST_ASK,"JPM,101213,282"
2019-06-28 11:38:29.737398447,QUERY_SPREAD,22
2019-06-28 11:38:29.737398447,BEST_BID,"JPM,101076,182"
2019-06-28 11:38:29.737398447,BEST_ASK,"JPM,101213,282"
2019-06-28 11:38:30.000000000,QUERY_SPREAD,1
2019-06-28 11:38:30.000000000,BEST_BID,"JPM,101076,166"
2019-06-28 11:38:30.000000000,BEST_ASK,"JPM,101213,200"
2019-06-28 11:38:30.000000000,BEST_BID,"JPM,101076,166"
2019-06-28 11:38:30.000000000,BEST_ASK,"JPM,101213,200"
2019-06-28 11:38:30.000000000,BEST_BID,"JPM,101076,166"
2019-06-28 11:38:30.000000000,BEST_ASK,"JPM,101213,200"
2019-06-28 11:38:30.000000000,BEST_BID,"JPM,101076,166"
2019-06-28 11:38:30.000000000,BEST_ASK,"JPM,101213,200"
2019-06-28 11:38:30.000000000,BEST_BID,"JPM,101076,166"
2019-06-28 11:38:30.000000000,BEST_ASK,"JPM,101213,200"
2019-06-28 11:38:30.000000000,BEST_BID,"JPM,101076,166"
2019-06-28 11:38:30.000000000,BEST_ASK,"JPM,101213,266"
2019-06-28 11:38:30.000000000,BEST_BID,"JPM,101076,166"
2019-06-28 11:38:30.000000000,BEST_ASK,"JPM,101213,266"
2019-06-28 11:38:30.000000000,BEST_BID,"JPM,101076,166"
2019-06-28 11:38:30.000000000,BEST_ASK,"JPM,101213,266"
2019-06-28 11:38:30.000000000,BEST_BID,"JPM,101076,166"
2019-06-28 11:38:30.000000000,BEST_ASK,"JPM,101213,266"
2019-06-28 11:38:30.000000000,BEST_BID,"JPM,101076,166"
2019-06-28 11:38:30.000000000,BEST_ASK,"JPM,101213,266"
2019-06-28 11:38:40.000000000,QUERY_SPREAD,1
2019-06-28 11:38:40.000000000,BEST_BID,"JPM,101076,264"
2019-06-28 11:38:40.000000000,BEST_ASK,"JPM,101213,200"
2019-06-28 11:38:40.000000000,BEST_BID,"JPM,101076,264"
2019-06-28 11:38:40.000000000,BEST_ASK,"JPM,101213,200"
2019-06-28 11:38:40.000000000,BEST_BID,"JPM,101076,264"
2019-06-28 11:38:40.000000000,BEST_ASK,"JPM,101213,364"
2019-06-28 11:38:40.000000000,BEST_BID,"JPM,101076,264"
2019-06-28 11:38:40.000000000,BEST_ASK,"JPM,101213,364"
2019-06-28 11:38:40.433040048,QUERY_ORDER_STREAM,58
2019-06-28 11:38:40.433040048,QUERY_SPREAD,58
2019-06-28 11:38:40.433040048,BEST_BID,"JPM,101076,264"
2019-06-28 11:38:40.433040048,BEST_ASK,"JPM,101213,464"
2019-06-28 11:38:43.035310396,QUERY_SPREAD,47
2019-06-28 11:38:43.035310396,BEST_BID,"JPM,101076,164"
2019-06-28 11:38:43.035310396,BEST_ASK,"JPM,101213,464"
2019-06-28 11:38:43.035310396,LAST_TRADE,"100,$101076.0000"
2019-06-28 11:38:50.000000000,QUERY_SPREAD,1
2019-06-28 11:38:50.000000000,BEST_BID,"JPM,100999,166"
2019-06-28 11:38:50.000000000,BEST_ASK,"JPM,101213,300"
2019-06-28 11:38:50.000000000,BEST_BID,"JPM,100999,166"
2019-06-28 11:38:50.000000000,BEST_ASK,"JPM,101213,300"
2019-06-28 11:38:50.000000000,BEST_BID,"JPM,100999,166"
2019-06-28 11:38:50.000000000,BEST_ASK,"JPM,101213,300"
2019-06-28 11:38:50.000000000,BEST_BID,"JPM,100999,166"
2019-06-28 11:38:50.000000000,BEST_ASK,"JPM,101213,300"
2019-06-28 11:38:50.000000000,BEST_BID,"JPM,100999,166"
2019-06-28 11:38:50.000000000,BEST_ASK,"JPM,101213,300"
2019-06-28 11:38:50.000000000,BEST_BID,"JPM,100999,166"
2019-06-28 11:38:50.000000000,BEST_ASK,"JPM,101213,366"
2019-06-28 11:38:50.000000000,BEST_BID,"JPM,100999,166"
2019-06-28 11:38:50.000000000,BEST_ASK,"JPM,101213,366"
2019-06-28 11:38:50.000000000,BEST_BID,"JPM,100999,166"
2019-06-28 11:38:50.000000000,BEST_ASK,"JPM,101213,366"
2019-06-28 11:38:50.000000000,BEST_BID,"JPM,100999,166"
2019-06-28 11:38:50.000000000,BEST_ASK,"JPM,101213,366"
2019-06-28 11:38:50.000000000,BEST_BID,"JPM,100999,166"
2019-06-28 11:38:50.000000000,BEST_ASK,"JPM,101213,366"
2019-06-28 11:39:00.000000000,QUERY_SPREAD,1
2019-06-28 11:39:00.000000000,BEST_BID,"JPM,100999,212"
2019-06-28 11:39:00.000000000,BEST_ASK,"JPM,101213,300"
2019-06-28 11:39:00.000000000,BEST_BID,"JPM,100999,212"
2019-06-28 11:39:00.000000000,BEST_ASK,"JPM,101213,300"
2019-06-28 11:39:00.000000000,BEST_BID,"JPM,100999,212"
2019-06-28 11:39:00.000000000,BEST_ASK,"JPM,101213,300"
2019-06-28 11:39:00.000000000,BEST_BID,"JPM,100999,212"
2019-06-28 11:39:00.000000000,BEST_ASK,"JPM,101213,412"
2019-06-28 11:39:00.000000000,BEST_BID,"JPM,100999,212"
2019-06-28 11:39:00.000000000,BEST_ASK,"JPM,101213,412"
2019-06-28 11:39:00.000000000,BEST_BID,"JPM,100999,212"
2019-06-28 11:39:00.000000000,BEST_ASK,"JPM,101213,412"
2019-06-28 11:39:00.000000000,QUERY_SPREAD,77
2019-06-28 11:39:00.000000000,BEST_BID,"JPM,100999,212"
2019-06-28 11:39:00.000000000,BEST_ASK,"JPM,101213,408"
2019-06-28 11:39:00.000000000,LAST_TRADE,"4,$101213.0000"
2019-06-28 11:39:00.000000000,QUERY_SPREAD,78
2019-06-28 11:39:00.000000000,BEST_BID,"JPM,100999,212"
2019-06-28 11:39:00.000000000,BEST_ASK,"JPM,101213,400"
2019-06-28 11:39:00.000000000,LAST_TRADE,"8,$101213.0000"
2019-06-28 11:39:00.000000000,QUERY_SPREAD,79
2019-06-28 11:39:00.000000000,BEST_BID,"JPM,100999,212"
2019-06-28 11:39:00.000000000,BEST_ASK,"JPM,101213,399"
2019-06-28 11:39:00.000000000,LAST_TRADE,"1,$101213.0000"
2019-06-28 11:39:00.000000000,QUERY_SPREAD,80
2019-06-28 11:39:00.000000000,BEST_BID,"JPM,100999,212"
2019-06-28 11:39:00.000000000,BEST_ASK,"JPM,101213,394"
2019-06-28 11:39:00.000000000,LAST_TRADE,"5,$101213.0000"
2019-06-28 11:39:00.000000000,QUERY_SPREAD,81
2019-06-28 11:39:00.000000000,BEST_BID,"JPM,100999,212"
2019-06-28 11:39:00.000000000,BEST_ASK,"JPM,101213,389"
2019-06-28 11:39:00.000000000,LAST_TRADE,"5,$101213.0000"
2019-06-28 11:39:00.000000000,QUERY_SPREAD,82
2019-06-28 11:39:00.000000000,BEST_BID,"JPM,100999,212"
2019-06-28 11:39:00.000000000,BEST_ASK,"JPM,101213,383"
2019-06-28 11:39:00.000000000,LAST_TRADE,"6,$101213.0000"
2019-06-28 11:39:00.000000000,QUERY_SPREAD,83
2019-06-28 11:39:00.000000000,BEST_BID,"JPM,100999,212"
2019-06-28 11:39:00.000000000,BEST_ASK,"JPM,101213,379"
2019-06-28 11:39:00.000000000,LAST_TRADE,"4,$101213.0000"
2019-06-28 11:39:00.000000000,QUERY_SPREAD,84
2019-06-28 11:39:00.000000000,BEST_BID,"JPM,100999,212"
2019-06-28 11:39:00.000000000,BEST_ASK,"JPM,101213,374"
2019-06-28 11:39:00.000000000,LAST_TRADE,"5,$101213.0000"
2019-06-28 11:39:00.000000000,QUERY_SPREAD,85
2019-06-28 11:39:00.000000000,BEST_BID,"JPM,100999,212"
2019-06-28 11:39:00.000000000,BEST_ASK,"JPM,101213,369"
2019-06-28 11:39:00.000000000,LAST_TRADE,"5,$101213.0000"
2019-06-28 11:39:00.000000000,QUERY_SPREAD,86
2019-06-28 11:39:00.000000000,BEST_BID,"JPM,100999,212"
2019-06-28 11:39:00.000000000,BEST_ASK,"JPM,101213,360"
2019-06-28 11:39:00.000000000,LAST_TRADE,"9,$101213.0000"
2019-06-28 11:39:00.000000000,QUERY_SPREAD,87
2019-06-28 11:39:00.000000000,BEST_BID,"JPM,100999,212"
2019-06-28 11:39:00.000000000,BEST_ASK,"JPM,101213,358"
2019-06-28 11:39:00.000000000,LAST_TRADE,"2,$101213.0000"
2019-06-28 11:39:00.000000000,QUERY_SPREAD,88
2019-06-28 11:39:00.000000000,BEST_BID,"JPM,100999,212"
2019-06-28 11:39:00.000000000,BEST_ASK,"JPM,101213,350"
2019-06-28 11:39:00.000000000,LAST_TRADE,"8,$101213.0000"
2019-06-28 11:39:00.000000000,QUERY_SPREAD,89
2019-06-28 11:39:00.000000000,BEST_BID,"JPM,100999,212"
2019-06-28 11:39:00.000000000,BEST_ASK,"JPM,101213,343"
2019-06-28 11:39:00.000000000,LAST_TRADE,"7,$101213.0000"
2019-06-28 11:39:00.000000000,QUERY_SPREAD,90
2019-06-28 11:39:00.000000000,BEST_BID,"JPM,100999,212"
2019-06-28 11:39:00.000000000,BEST_ASK,"JPM,101213,337"
2019-06-28 11:39:00.000000000,LAST_TRADE,"6,$101213.0000"
2019-06-28 11:39:00.000000000,QUERY_SPREAD,91
2019-06-28 11:39:00.000000000,BEST_BID,"JPM,100999,212"
2019-06-28 11:39:00.000000000,BEST_ASK,"JPM,101213,332"
2019-06-28 11:39:00.000000000,LAST_TRADE,"5,$101213.0000"
2019-06-28 11:39:00.000000000,QUERY_SPREAD,92
2019-06-28 11:39:00.000000000,BEST_BID,"JPM,100999,212"
2019-06-28 11:39:00.000000000,BEST_ASK,"JPM,101213,331"
2019-06-28 11:39:00.000000000,LAST_TRADE,"1,$101213.0000"
2019-06-28 11:39:00.000000000,QUERY_SPREAD,93
2019-06-28 11:39:00.000000000,BEST_BID,"JPM,100999,212"
2019-06-28 11:39:00.000000000,BEST_ASK,"JPM,101213,329"
2019-06-28 11:39:00.000000000,LAST_TRADE,"2,$101213.0000"
2019-06-28 11:39:00.000000000,QUERY_SPREAD,94
2019-06-28 11:39:00.000000000,BEST_BID,"JPM,100999,212"
2019-06-28 11:39:00.000000000,BEST_ASK,"JPM,101213,327"
2019-06-28 11:39:00.000000000,LAST_TRADE,"2,$101213.0000"
2019-06-28 11:39:00.000000000,QUERY_SPREAD,95
2019-06-28 11:39:00.000000000,BEST_BID,"JPM,100999,212"
2019-06-28 11:39:00.000000000,BEST_ASK,"JPM,101213,320"
2019-06-28 11:39:00.000000000,LAST_TRADE,"7,$101213.0000"
2019-06-28 11:39:00.000000000,QUERY_SPREAD,96
2019-06-28 11:39:00.000000000,BEST_BID,"JPM,100999,212"
2019-06-28 11:39:00.000000000,BEST_ASK,"JPM,101213,313"
2019-06-28 11:39:00.000000000,LAST_TRADE,"7,$101213.0000"
2019-06-28 11:39:00.000000000,QUERY_SPREAD,97
2019-06-28 11:39:00.000000000,BEST_BID,"JPM,100999,212"
2019-06-28 11:39:00.000000000,BEST_ASK,"JPM,101213,307"
2019-06-28 11:39:00.000000000,LAST_TRADE,"6,$101213.0000"
2019-06-28 11:39:00.000000000,QUERY_SPREAD,98
2019-06-28 11:39:00.000000000,BEST_BID,"JPM,100999,212"
2019-06-28 11:39:00.000000000,BEST_ASK,"JPM,101213,303"
2019-06-28 11:39:00.000000000,LAST_TRADE,"4,$101213.0000"
2019-06-28 11:39:00.000000000,QUERY_SPREAD,99
2019-06-28 11:39:00.000000000,BEST_BID,"JPM,100999,212"
2019-06-28 11:39:00.000000000,BEST_ASK,"JPM,101213,301"
2019-06-28 11:39:00.000000000,LAST_TRADE,"2,$101213.0000"
2019-06-28 11:39:00.000000000,QUERY_SPREAD,100
2019-06-28 11:39:00.000000000,BEST_BID,"JPM,100999,212"
2019-06-28 11:39:00.000000000,BEST_ASK,"JPM,101213,295"
2019-06-28 11:39:00.000000000,LAST_TRADE,"6,$101213.0000"
2019-06-28 11:39:00.000000000,QUERY_SPREAD,101
2019-06-28 11:39:00.000000000,QUERY_ORDER_STREAM,101
2019-06-28 11:39:00.293161411,QUERY_SPREAD,21
2019-06-28 11:39:00.293161411,BEST_BID,"JPM,100999,112"
2019-06-28 11:39:00.293161411,BEST_ASK,"JPM,101213,295"
2019-06-28 11:39:00.293161411,LAST_TRADE,"100,$100999.0000"
2019-06-28 11:39:10.000000000,QUERY_SPREAD,1
2019-06-28 11:39:10.000000000,BEST_BID,"JPM,100859,166"
2019-06-28 11:39:10.000000000,BEST_ASK,"JPM,101213,183"
2019-06-28 11:39:10.000000000,BEST_BID,"JPM,100859,166"
2019-06-28 11:39:10.000000000,BEST_ASK,"JPM,101213,183"
2019-06-28 11:39:10.000000000,BEST_BID,"JPM,100859,166"
2019-06-28 11:39:10.000000000,BEST_ASK,"JPM,101213,183"
2019-06-28 11:39:10.000000000,BEST_BID,"JPM,100859,166"
2019-06-28 11:39:10.000000000,BEST_ASK,"JPM,101213,183"
2019-06-28 11:39:10.000000000,BEST_BID,"JPM,100859,166"
2019-06-28 11:39:10.000000000,BEST_ASK,"JPM,101213,183"
2019-06-28 11:39:10.000000000,BEST_BID,"JPM,100859,166"
2019-06-28 11:39:10.000000000,BEST_ASK,"JPM,101213,249"
2019-06-28 11:39:10.000000000,BEST_BID,"JPM,100859,166"
2019-06-28 11:39:10.000000000,BEST_ASK,"JPM,101213,249"
2019-06-28 11:39:10.000000000,BEST_BID,"JPM,100859,166"
2019-06-28 11:39:10.000000000,BEST_ASK,"JPM,101213,249"
2019-06-28 11:39:10.000000000,BEST_BID,"JPM,100859,166"
2019-06-28 11:39:10.000000000,BEST_ASK,"JPM,101213,249"
2019-06-28 11:39:10.000000000,BEST_BID,"JPM,100859,166"
2019-06-28 11:39:10.000000000,BEST_ASK,"JPM,101213,249"
2019-06-28 11:39:11.775018681,QUERY_ORDER_STREAM,65
2019-06-28 11:39:11.775018681,QUERY_SPREAD,65
2019-06-28 11:39:11.775018681,BEST_BID,"JPM,100859,166"
2019-06-28 11:39:11.775018681,BEST_ASK,"JPM,101213,349"
2019-06-28 11:39:20.000000000,QUERY_SPREAD,1
2019-06-28 11:39:20.000000000,BEST_BID,"JPM,100859,428"
2019-06-28 11:39:20.000000000,BEST_ASK,"JPM,101213,283"
2019-06-28 11:39:20.000000000,BEST_BID,"JPM,100859,428"
2019-06-28 11:39:20.000000000,BEST_ASK,"JPM,101213,611"
2019-06-28 11:39:30.000000000,QUERY_SPREAD,1
2019-06-28 11:39:30.000000000,BEST_BID,"JPM,100859,212"
2019-06-28 11:39:30.000000000,BEST_ASK,"JPM,101213,283"
2019-06-28 11:39:30.000000000,BEST_BID,"JPM,100859,212"
2019-06-28 11:39:30.000000000,BEST_ASK,"JPM,101213,283"
2019-06-28 11:39:30.000000000,BEST_BID,"JPM,100859,212"
2019-06-28 11:39:30.000000000,BEST_ASK,"JPM,101213,283"
2019-06-28 11:39:30.000000000,BEST_BID,"JPM,100859,212"
2019-06-28 11:39:30.000000000,BEST_ASK,"JPM,101213,395"
2019-06-28 11:39:30.000000000,BEST_BID,"JPM,100859,212"
2019-06-28 11:39:30.000000000,BEST_ASK,"JPM,101213,395"
2019-06-28 11:39:30.000000000,BEST_BID,"JPM,100859,212"
2019-06-28 11:39:30.000000000,BEST_ASK,"JPM,101213,395"
2019-06-28 11:39:40.000000000,QUERY_SPREAD,1
2019-06-28 11:39:40.000000000,BEST_BID,"JPM,100859,166"
2019-06-28 11:39:40.000000000,BEST_ASK,"JPM,101213,283"
2019-06-28 11:39:40.000000000,BEST_BID,"JPM,100859,166"
2019-06-28 11:39:40.000000000,BEST_ASK,"JPM,101213,283"
2019-06-28 11:39:40.000000000,BEST_BID,"JPM,100859,166"
2019-06-28 11:39:40.000000000,BEST_ASK,"JPM,101213,283"
2019-06-28 11:39:40.000000000,BEST_BID,"JPM,100859,166"
2019-06-28 11:39:40.000000000,BEST_ASK,"JPM,101213,283"
2019-06-28 11:39:40.000000000,BEST_BID,"JPM,100859,166"
2019-06-28 11:39:40.000000000,BEST_ASK,"JPM,101213,283"
2019-06-28 11:39:40.000000000,BEST_BID,"JPM,100859,166"
2019-06-28 11:39:40.000000000,BEST_ASK,"JPM,101213,349"
2019-06-28 11:39:40.000000000,BEST_BID,"JPM,100859,166"
2019-06-28 11:39:40.000000000,BEST_ASK,"JPM,101213,349"
2019-06-28 11:39:40.000000000,BEST_BID,"JPM,100859,166"
2019-06-28 11:39:40.000000000,BEST_ASK,"JPM,101213,349"
2019-06-28 11:39:40.000000000,BEST_BID,"JPM,100859,166"
2019-06-28 11:39:40.000000000,BEST_ASK,"JPM,101213,349"
2019-06-28 11:39:40.000000000,BEST_BID,"JPM,100859,166"
2019-06-28 11:39:40.000000000,BEST_ASK,"JPM,101213,349"
2019-06-28 11:39:50.000000000,QUERY_SPREAD,1
2019-06-28 11:39:50.000000000,BEST_BID,"JPM,100859,428"
2019-06-28 11:39:50.000000000,BEST_ASK,"JPM,101213,283"
2019-06-28 11:39:50.000000000,BEST_BID,"JPM,100859,428"
2019-06-28 11:39:50.000000000,BEST_ASK,"JPM,101213,611"
2019-06-28 11:40:00.000000000,QUERY_SPREAD,1
2019-06-28 11:40:00.000000000,BEST_BID,"JPM,100859,264"
2019-06-28 11:40:00.000000000,BEST_ASK,"JPM,101213,283"
2019-06-28 11:40:00.000000000,BEST_BID,"JPM,100859,264"
2019-06-28 11:40:00.000000000,BEST_ASK,"JPM,101213,283"
2019-06-28 11:40:00.000000000,BEST_BID,"JPM,100859,264"
2019-06-28 11:40:00.000000000,BEST_ASK,"JPM,101213,447"
2019-06-28 11:40:00.000000000,BEST_BID,"JPM,100859,264"
2019-06-28 11:40:00.000000000,BEST_ASK,"JPM,101213,447"
2019-06-28 11:40:00.000000000,QUERY_SPREAD,77
2019-06-28 11:40:00.000000000,BEST_BID,"JPM,100859,264"
2019-06-28 11:40:00.000000000,BEST_ASK,"JPM,101213,443"
2019-06-28 11:40:00.000000000,LAST_TRADE,"4,$101213.0000"
2019-06-28 11:40:00.000000000,QUERY_SPREAD,78
2019-06-28 11:40:00.000000000,BEST_BID,"JPM,100859,264"
2019-06-28 11:40:00.000000000,BEST_ASK,"JPM,101213,435"
2019-06-28 11:40:00.000000000,LAST_TRADE,"8,$101213.0000"
2019-06-28 11:40:00.000000000,QUERY_SPREAD,79
2019-06-28 11:40:00.000000000,BEST_BID,"JPM,100859,264"
2019-06-28 11:40:00.000000000,BEST_ASK,"JPM,101213,434"
2019-06-28 11:40:00.000000000,LAST_TRADE,"1,$101213.0000"
2019-06-28 11:40:00.000000000,QUERY_SPREAD,80
2019-06-28 11:40:00.000000000,BEST_BID,"JPM,100859,264"
2019-06-28 11:40:00.000000000,BEST_ASK,"JPM,101213,429"
2019-06-28 11:40:00.000000000,LAST_TRADE,"5,$101213.0000"
2019-06-28 11:40:00.000000000,QUERY_SPREAD,81
2019-06-28 11:40:00.000000000,BEST_BID,"JPM,100859,264"
2019-06-28 11:40:00.000000000,BEST_ASK,"JPM,101213,424"
2019-06-28 11:40:00.000000000,LAST_TRADE,"5,$101213.0000"
2019-06-28 11:40:00.000000000,QUERY_SPREAD,82
2019-06-28 11:40:00.000000000,BEST_BID,"JPM,100859,264"
2019-06-28 11:40:00.000000000,BEST_ASK,"JPM,101213,418"
2019-06-28 11:40:00.000000000,LAST_TRADE,"6,$101213.0000"
2019-06-28 11:40:00.000000000,QUERY_SPREAD,83
2019-06-28 11:40:00.000000000,BEST_BID,"JPM,100859,264"
2019-06-28 11:40:00.000000000,BEST_ASK,"JPM,101213,414"
2019-06-28 11:40:00.000000000,LAST_TRADE,"4,$101213.0000"
2019-06-28 11:40:00.000000000,QUERY_SPREAD,84
2019-06-28 11:40:00.000000000,BEST_BID,"JPM,100859,264"
2019-06-28 11:40:00.000000000,BEST_ASK,"JPM,101213,409"
2019-06-28 11:40:00.000000000,LAST_TRADE,"5,$101213.0000"
2019-06-28 11:40:00.000000000,QUERY_SPREAD,85
2019-06-28 11:40:00.000000000,BEST_BID,"JPM,100859,264"
2019-06-28 11:40:00.000000000,BEST_ASK,"JPM,101213,404"
2019-06-28 11:40:00.000000000,LAST_TRADE,"5,$101213.0000"
2019-06-28 11:40:00.000000000,QUERY_SPREAD,86
2019-06-28 11:40:00.000000000,BEST_BID,"JPM,100859,264"
2019-06-28 11:40:00.000000000,BEST_ASK,"JPM,101213,395"
2019-06-28 11:40:00.000000000,LAST_TRADE,"9,$101213.0000"
2019-06-28 11:40:00.000000000,QUERY_SPREAD,87
2019-06-28 11:40:00.000000000,BEST_BID,"JPM,100859,264"
2019-06-28 11:40:00.000000000,BEST_ASK,"JPM,101213,393"
2019-06-28 11:40:00.000000000,LAST_TRADE,"2,$101213.0000"
2019-06-28 11:40:00.000000000,QUERY_SPREAD,88
2019-06-28 11:40:00.000000000,BEST_BID,"JPM,100859,264"
2019-06-28 11:40:00.000000000,BEST_ASK,"JPM,101213,385"
2019-06-28 11:40:00.000000000,LAST_TRADE,"8,$101213.0000"
2019-06-28 11:40:00.000000000,QUERY_SPREAD,89
2019-06-28 11:40:00.000000000,BEST_BID,"JPM,100859,264"
2019-06-28 11:40:00.000000000,BEST_ASK,"JPM,101213,378"
2019-06-28 11:40:00.000000000,LAST_TRADE,"7,$101213.0000"
2019-06-28 11:40:00.000000000,QUERY_SPREAD,90
2019-06-28 11:40:00.000000000,BEST_BID,"JPM,100859,264"
2019-06-28 11:40:00.000000000,BEST_ASK,"JPM,101213,372"
2019-06-28 11:40:00.000000000,LAST_TRADE,"6,$101213.0000"
2019-06-28 11:40:00.000000000,QUERY_SPREAD,91
2019-06-28 11:40:00.000000000,BEST_BID,"JPM,100859,264"
2019-06-28 11:40:00.000000000,BEST_ASK,"JPM,101213,367"
2019-06-28 11:40:00.000000000,LAST_TRADE,"5,$101213.0000"
2019-06-28 11:40:00.000000000,QUERY_SPREAD,92
2019-06-28 11:40:00.000000000,BEST_BID,"JPM,100859,264"
2019-06-28 11:40:00.000000000,BEST_ASK,"JPM,101213,366"
2019-06-28 11:40:00.000000000,LAST_TRADE,"1,$101213.0000"
2019-06-28 11:40:00.000000000,QUERY_SPREAD,93
2019-06-28 11:40:00.000000000,BEST_BID,"JPM,100859,264"
2019-06-28 11:40:00.000000000,BEST_ASK,"JPM,101213,364"
2019-06-28 11:40:00.000000000,LAST_TRADE,"2,$101213.0000"
2019-06-28 11:40:00.000000000,QUERY_SPREAD,94
2019-06-28 11:40:00.000000000,BEST_BID,"JPM,100859,264"
2019-06-28 11:40:00.000000000,BEST_ASK,"JPM,101213,362"
2019-06-28 11:40:00.000000000,LAST_TRADE,"2,$101213.0000"
2019-06-28 11:40:00.000000000,QUERY_SPREAD,95
2019-06-28 11:40:00.000000000,BEST_BID,"JPM,100859,264"
2019-06-28 11:40:00.000000000,BEST_ASK,"JPM,101213,355"
2019-06-28 11:40:00.000000000,LAST_TRADE,"7,$101213.0000"
2019-06-28 11:40:00.000000000,QUERY_SPREAD,96
2019-06-28 11:40:00.000000000,BEST_BID,"JPM,100859,264"
2019-06-28 11:40:00.000000000,BEST_ASK,"JPM,101213,348"
2019-06-28 11:40:00.000000000,LAST_TRADE,"7,$101213.0000"
2019-06-28 11:40:00.000000000,QUERY_SPREAD,97
2019-06-28 11:40:00.000000000,BEST_BID,"JPM,100859,264"
2019-06-28 11:40:00.000000000,BEST_ASK,"JPM,101213,342"
2019-06-28 11:40:00.000000000,LAST_TRADE,"6,$101213.0000"
2019-06-28 11:40:00.000000000,QUERY_SPREAD,98
2019-06-28 11:40:00.000000000,BEST_BID,"JPM,100859,264"
2019-06-28 11:40:00.000000000,BEST_ASK,"JPM,101213,338"
2019-06-28 11:40:00.000000000,LAST_TRADE,"4,$101213.0000"
2019-06-28 11:40:00.000000000,QUERY_SPREAD,99
2019-06-28 11:40:00.000000000,BEST_BID,"JPM,100859,264"
2019-06-28 11:40:00.000000000,BEST_ASK,"JPM,101213,336"
2019-06-28 11:40:00.000000000,LAST_TRADE,"2,$101213.0000"
2019-06-28 11:40:00.000000000,QUERY_SPREAD,100
2019-06-28 11:40:00.000000000,BEST_BID,"JPM,100859,264"
2019-06-28 11:40:00.000000000,BEST_ASK,"JPM,101213,330"
2019-06-28 11:40:00.000000000,LAST_TRADE,"6,$101213.0000"
2019-06-28 11:40:00.000000000,QUERY_SPREAD,101
2019-06-28 11:40:00.000000000,QUERY_ORDER_STREAM,101
2019-06-28 11:40:04.259696224,QUERY_ORDER_STREAM,65
2019-06-28 11:40:04.259696224,QUERY_SPREAD,65
2019-06-28 11:40:04.259696224,BEST_BID,"JPM,100859,264"
2019-06-28 11:40:04.259696224,BEST_ASK,"JPM,101213,330"
2019-06-28 11:40:06.535392457,QUERY_ORDER_STREAM,58
2019-06-28 11:40:06.535392457,QUERY_SPREAD,58
2019-06-28 11:40:06.535392457,BEST_BID,"JPM,100859,264"
2019-06-28 11:40:06.535392457,BEST_ASK,"JPM,101213,364"
2019-06-28 11:40:08.587011358,QUERY_ORDER_STREAM,70
2019-06-28 11:40:08.587011358,QUERY_SPREAD,70
2019-06-28 11:40:08.587011358,BEST_BID,"JPM,100859,264"
2019-06-28 11:40:08.587011358,BEST_ASK,"JPM,101213,464"
2019-06-28 11:40:10.000000000,QUERY_SPREAD,1
2019-06-28 11:40:10.000000000,BEST_BID,"JPM,100859,166"
2019-06-28 11:40:10.000000000,BEST_ASK,"JPM,101213,300"
2019-06-28 11:40:10.000000000,BEST_BID,"JPM,100859,166"
2019-06-28 11:40:10.000000000,BEST_ASK,"JPM,101213,300"
2019-06-28 11:40:10.000000000,BEST_BID,"JPM,100859,166"
2019-06-28 11:40:10.000000000,BEST_ASK,"JPM,101213,300"
2019-06-28 11:40:10.000000000,BEST_BID,"JPM,100859,166"
2019-06-28 11:40:10.000000000,BEST_ASK,"JPM,101213,300"
2019-06-28 11:40:10.000000000,BEST_BID,"JPM,100859,166"
2019-06-28 11:40:10.000000000,BEST_ASK,"JPM,101213,300"
2019-06-28 11:40:10.000000000,BEST_BID,"JPM,100859,166"
2019-06-28 11:40:10.000000000,BEST_ASK,"JPM,101213,366"
2019-06-28 11:40:10.000000000,BEST_BID,"JPM,100859,166"
2019-06-28 11:40:10.000000000,BEST_ASK,"JPM,101213,366"
2019-06-28 11:40:10.000000000,BEST_BID,"JPM,100859,166"
2019-06-28 11:40:10.000000000,BEST_ASK,"JPM,101213,366"
2019-06-28 11:40:10.000000000,BEST_BID,"JPM,100859,166"
2019-06-28 11:40:10.000000000,BEST_ASK,"JPM,101213,366"
2019-06-28 11:40:10.000000000,BEST_BID,"JPM,100859,166"
2019-06-28 11:40:10.000000000,BEST_ASK,"JPM,101213,366"
2019-06-28 11:40:13.709024845,QUERY_SPREAD,13
2019-06-28 11:40:13.709024845,BEST_BID,"JPM,100859,66"
2019-06-28 11:40:13.709024845,BEST_ASK,"JPM,101213,366"
2019-06-28 11:40:13.709024845,LAST_TRADE,"100,$100859.0000"
2019-06-28 11:40:18.119814325,QUERY_SPREAD,51
2019-06-28 11:40:18.119814325,BEST_BID,"JPM,100514,166"
2019-06-28 11:40:18.119814325,BEST_ASK,"JPM,100859,34"
2019-06-28 11:40:18.119814325,LAST_TRADE,"66,$100859.0000"
2019-06-28 11:40:20.000000000,QUERY_SPREAD,1
2019-06-28 11:40:20.000000000,BEST_BID,"JPM,100514,264"
2019-06-28 11:40:20.000000000,BEST_ASK,"JPM,100859,34"
2019-06-28 11:40:20.000000000,BEST_BID,"JPM,100514,264"
2019-06-28 11:40:20.000000000,BEST_ASK,"JPM,100859,34"
2019-06-28 11:40:20.000000000,BEST_BID,"JPM,100514,264"
2019-06-28 11:40:20.000000000,BEST_ASK,"JPM,100859,198"
2019-06-28 11:40:20.000000000,BEST_BID,"JPM,100514,264"
2019-06-28 11:40:20.000000000,BEST_ASK,"JPM,100859,198"
2019-06-28 11:40:30.000000000,QUERY_SPREAD,1
2019-06-28 11:40:30.000000000,BEST_BID,"JPM,100514,166"
2019-06-28 11:40:30.000000000,BEST_ASK,"JPM,100859,34"
2019-06-28 11:40:30.000000000,BEST_BID,"JPM,100514,166"
2019-06-28 11:40:30.000000000,BEST_ASK,"JPM,100859,34"
2019-06-28 11:40:30.000000000,BEST_BID,"JPM,100514,166"
2019-06-28 11:40:30.000000000,BEST_ASK,"JPM,100859,34"
2019-06-28 11:40:30.000000000,BEST_BID,"JPM,100514,166"
2019-06-28 11:40:30.000000000,BEST_ASK,"JPM,100859,34"
2019-06-28 11:40:30.000000000,BEST_BID,"JPM,100514,166"
2019-06-28 11:40:30.000000000,BEST_ASK,"JPM,100859,34"
2019-06-28 11:40:30.000000000,BEST_BID,"JPM,100514,166"
2019-06-28 11:40:30.000000000,BEST_ASK,"JPM,100859,100"
2019-06-28 11:40:30.000000000,BEST_BID,"JPM,100514,166"
2019-06-28 11:40:30.000000000,BEST_ASK,"JPM,100859,100"
2019-06-28 11:40:30.000000000,BEST_BID,"JPM,100514,166"
2019-06-28 11:40:30.000000000,BEST_ASK,"JPM,100859,100"
2019-06-28 11:40:30.000000000,BEST_BID,"JPM,100514,166"
2019-06-28 11:40:30.000000000,BEST_ASK,"JPM,100859,100"
2019-06-28 11:40:30.000000000,BEST_BID,"JPM,100514,166"
2019-06-28 11:40:30.000000000,BEST_ASK,"JPM,100859,100"
2019-06-28 11:40:34.132715114,QUERY_ORDER_STREAM,70
2019-06-28 11:40:34.132715114,QUERY_SPREAD,70
2019-06-28 11:40:38.011929859,QUERY_ORDER_STREAM,56
2019-06-28 11:40:38.011929859,QUERY_SPREAD,56
2019-06-28 11:40:40.000000000,QUERY_SPREAD,1
2019-06-28 11:40:40.000000000,BEST_BID,"JPM,100514,182"
2019-06-28 11:40:40.000000000,BEST_ASK,"JPM,100859,34"
2019-06-28 11:40:40.000000000,BEST_BID,"JPM,100514,182"
2019-06-28 11:40:40.000000000,BEST_ASK,"JPM,100859,34"
2019-06-28 11:40:40.000000000,BEST_BID,"JPM,100514,182"
2019-06-28 11:40:40.000000000,BEST_ASK,"JPM,100859,34"
2019-06-28 11:40:40.000000000,BEST_BID,"JPM,100514,182"
2019-06-28 11:40:40.000000000,BEST_ASK,"JPM,100859,34"
2019-06-28 11:40:40.000000000,BEST_BID,"JPM,100514,182"
2019-06-28 11:40:40.000000000,BEST_ASK,"JPM,100859,116"
2019-06-28 11:40:40.000000000,BEST_BID,"JPM,100514,182"
2019-06-28 11:40:40.000000000,BEST_ASK,"JPM,100859,116"
2019-06-28 11:40:40.000000000,BEST_BID,"JPM,100514,182"
2019-06-28 11:40:40.000000000,BEST_ASK,"JPM,100859,116"
2019-06-28 11:40:40.000000000,BEST_BID,"JPM,100514,182"
2019-06-28 11:40:40.000000000,BEST_ASK,"JPM,100859,116"
2019-06-28 11:40:50.000000000,QUERY_SPREAD,1
2019-06-28 11:40:50.000000000,BEST_BID,"JPM,100514,212"
2019-06-28 11:40:50.000000000,BEST_ASK,"JPM,100859,34"
2019-06-28 11:40:50.000000000,BEST_BID,"JPM,100514,212"
2019-06-28 11:40:50.000000000,BEST_ASK,"JPM,100859,34"
2019-06-28 11:40:50.000000000,BEST_BID,"JPM,100514,212"
2019-06-28 11:40:50.000000000,BEST_ASK,"JPM,100859,34"
2019-06-28 11:40:50.000000000,BEST_BID,"JPM,100514,212"
2019-06-28 11:40:50.000000000,BEST_ASK,"JPM,100859,146"
2019-06-28 11:40:50.000000000,BEST_BID,"JPM,100514,212"
2019-06-28 11:40:50.000000000,BEST_ASK,"JPM,100859,146"
2019-06-28 11:40:50.000000000,BEST_BID,"JPM,100514,212"
2019-06-28 11:40:50.000000000,BEST_ASK,"JPM,100859,146"
2019-06-28 11:40:57.233480947,QUERY_ORDER_STREAM,72
2019-06-28 11:40:57.233480947,QUERY_SPREAD,72
2019-06-28 11:40:57.233480947,BEST_BID,"JPM,100514,212"
2019-06-28 11:40:57.233480947,BEST_ASK,"JPM,100859,246"
2019-06-28 11:41:00.000000000,QUERY_SPREAD,1
2019-06-28 11:41:00.000000000,BEST_BID,"JPM,100514,264"
2019-06-28 11:41:00.000000000,BEST_ASK,"JPM,100859,134"
2019-06-28 11:41:00.000000000,BEST_BID,"JPM,100514,264"
2019-06-28 11:41:00.000000000,BEST_ASK,"JPM,100859,134"
2019-06-28 11:41:00.000000000,BEST_BID,"JPM,100514,264"
2019-06-28 11:41:00.000000000,BEST_ASK,"JPM,100859,298"
2019-06-28 11:41:00.000000000,BEST_BID,"JPM,100514,264"
2019-06-28 11:41:00.000000000,BEST_ASK,"JPM,100859,298"
2019-06-28 11:41:00.000000000,QUERY_SPREAD,77
2019-06-28 11:41:00.000000000,BEST_BID,"JPM,100514,264"
2019-06-28 11:41:00.000000000,BEST_ASK,"JPM,100859,294"
2019-06-28 11:41:00.000000000,LAST_TRADE,"4,$100859.0000"
2019-06-28 11:41:00.000000000,QUERY_SPREAD,78
2019-06-28 11:41:00.000000000,BEST_BID,"JPM,100514,264"
2019-06-28 11:41:00.000000000,BEST_ASK,"JPM,100859,286"
2019-06-28 11:41:00.000000000,LAST_TRADE,"8,$100859.0000"
2019-06-28 11:41:00.000000000,QUERY_SPREAD,79
2019-06-28 11:41:00.000000000,BEST_BID,"JPM,100514,264"
2019-06-28 11:41:00.000000000,BEST_ASK,"JPM,100859,285"
2019-06-28 11:41:00.000000000,LAST_TRADE,"1,$100859.0000"
2019-06-28 11:41:00.000000000,QUERY_SPREAD,80
2019-06-28 11:41:00.000000000,BEST_BID,"JPM,100514,264"
2019-06-28 11:41:00.000000000,BEST_ASK,"JPM,100859,280"
2019-06-28 11:41:00.000000000,LAST_TRADE,"5,$100859.0000"
2019-06-28 11:41:00.000000000,QUERY_SPREAD,81
2019-06-28 11:41:00.000000000,BEST_BID,"JPM,100514,264"
2019-06-28 11:41:00.000000000,BEST_ASK,"JPM,100859,275"
2019-06-28 11:41:00.000000000,LAST_TRADE,"5,$100859.0000"
2019-06-28 11:41:00.000000000,QUERY_SPREAD,82
2019-06-28 11:41:00.000000000,BEST_BID,"JPM,100514,264"
2019-06-28 11:41:00.000000000,BEST_ASK,"JPM,100859,269"
2019-06-28 11:41:00.000000000,LAST_TRADE,"6,$100859.0000"
2019-06-28 11:41:00.000000000,QUERY_SPREAD,83
2019-06-28 11:41:00.000000000,BEST_BID,"JPM,100514,264"
2019-06-28 11:41:00.000000000,BEST_ASK,"JPM,100859,265"
2019-06-28 11:41:00.000000000,LAST_TRADE,"4,$100859.0000"
2019-06-28 11:41:00.000000000,QUERY_SPREAD,84
2019-06-28 11:41:00.000000000,BEST_BID,"JPM,100514,264"
2019-06-28 11:41:00.000000000,BEST_ASK,"JPM,100859,260"
2019-06-28 11:41:00.000000000,LAST_TRADE,"5,$100859.0000"
2019-06-28 11:41:00.000000000,QUERY_SPREAD,85
2019-06-28 11:41:00.000000000,BEST_BID,"JPM,100514,264"
2019-06-28 11:41:00.000000000,BEST_ASK,"JPM,100859,255"
2019-06-28 11:41:00.000000000,LAST_TRADE,"5,$100859.0000"
2019-06-28 11:41:00.000000000,QUERY_SPREAD,86
2019-06-28 11:41:00.000000000,BEST_BID,"JPM,100514,264"
2019-06-28 11:41:00.000000000,BEST_ASK,"JPM,100859,246"
2019-06-28 11:41:00.000000000,LAST_TRADE,"9,$100859.0000"
2019-06-28 11:41:00.000000000,QUERY_SPREAD,87
2019-06-28 11:41:00.000000000,BEST_BID,"JPM,100514,264"
2019-06-28 11:41:00.000000000,BEST_ASK,"JPM,100859,244"
2019-06-28 11:41:00.000000000,LAST_TRADE,"2,$100859.0000"
2019-06-28 11:41:00.000000000,QUERY_SPREAD,88
2019-06-28 11:41:00.000000000,BEST_BID,"JPM,100514,264"
2019-06-28 11:41:00.000000000,BEST_ASK,"JPM,100859,236"
2019-06-28 11:41:00.000000000,LAST_TRADE,"8,$100859.0000"
2019-06-28 11:41:00.000000000,QUERY_SPREAD,89
2019-06-28 11:41:00.000000000,BEST_BID,"JPM,100514,264"
2019-06-28 11:41:00.000000000,BEST_ASK,"JPM,100859,229"
2019-06-28 11:41:00.000000000,LAST_TRADE,"7,$100859.0000"
2019-06-28 11:41:00.000000000,QUERY_SPREAD,90
2019-06-28 11:41:00.000000000,BEST_BID,"JPM,100514,264"
2019-06-28 11:41:00.000000000,BEST_ASK,"JPM,100859,223"
2019-06-28 11:41:00.000000000,LAST_TRADE,"6,$100859.0000"
2019-06-28 11:41:00.000000000,QUERY_SPREAD,91
2019-06-28 11:41:00.000000000,BEST_BID,"JPM,100514,264"
2019-06-28 11:41:00.000000000,BEST_ASK,"JPM,100859,218"
2019-06-28 11:41:00.000000000,LAST_TRADE,"5,$100859.0000"
2019-06-28 11:41:00.000000000,QUERY_SPREAD,92
2019-06-28 11:41:00.000000000,BEST_BID,"JPM,100514,264"
2019-06-28 11:41:00.000000000,BEST_ASK,"JPM,100859,217"
2019-06-28 11:41:00.000000000,LAST_TRADE,"1,$100859.0000"
2019-06-28 11:41:00.000000000,QUERY_SPREAD,93
2019-06-28 11:41:00.000000000,BEST_BID,"JPM,100514,264"
2019-06-28 11:41:00.000000000,BEST_ASK,"JPM,100859,215"
2019-06-28 11:41:00.000000000,LAST_TRADE,"2,$100859.0000"
2019-06-28 11:41:00.000000000,QUERY_SPREAD,94
2019-06-28 11:41:00.000000000,BEST_BID,"JPM,100514,264"
2019-06-28 11:41:00.000000000,BEST_ASK,"JPM,100859,213"
2019-06-28 11:41:00.000000000,LAST_TRADE,"2,$100859.0000"
2019-06-28 11:41:00.000000000,QUERY_SPREAD,95
2019-06-28 11:41:00.000000000,BEST_BID,"JPM,100514,264"
2019-06-28 11:41:00.000000000,BEST_ASK,"JPM,100859,206"
2019-06-28 11:41:00.000000000,LAST_TRADE,"7,$100859.0000"
2019-06-28 11:41:00.000000000,QUERY_SPREAD,96
2019-06-28 11:41:00.000000000,BEST_BID,"JPM,100514,264"
2019-06-28 11:41:00.000000000,BEST_ASK,"JPM,100859,199"
2019-06-28 11:41:00.000000000,LAST_TRADE,"7,$100859.0000"
2019-06-28 11:41:00.000000000,QUERY_SPREAD,97
2019-06-28 11:41:00.000000000,BEST_BID,"JPM,100514,264"
2019-06-28 11:41:00.000000000,BEST_ASK,"JPM,100859,193"
2019-06-28 11:41:00.000000000,LAST_TRADE,"6,$100859.0000"
2019-06-28 11:41:00.000000000,QUERY_SPREAD,98
2019-06-28 11:41:00.000000000,BEST_BID,"JPM,100514,264"
2019-06-28 11:41:00.000000000,BEST_ASK,"JPM,100859,189"
2019-06-28 11:41:00.000000000,LAST_TRADE,"4,$100859.0000"
2019-06-28 11:41:00.000000000,QUERY_SPREAD,99
2019-06-28 11:41:00.000000000,BEST_BID,"JPM,100514,264"
2019-06-28 11:41:00.000000000,BEST_ASK,"JPM,100859,187"
2019-06-28 11:41:00.000000000,LAST_TRADE,"2,$100859.0000"
2019-06-28 11:41:00.000000000,QUERY_SPREAD,100
2019-06-28 11:41:00.000000000,BEST_BID,"JPM,100514,264"
2019-06-28 11:41:00.000000000,BEST_ASK,"JPM,100859,181"
2019-06-28 11:41:00.000000000,LAST_TRADE,"6,$100859.0000"
2019-06-28 11:41:00.000000000,QUERY_SPREAD,101
2019-06-28 11:41:00.000000000,QUERY_ORDER_STREAM,101
2019-06-28 11:41:01.550674347,QUERY_ORDER_STREAM,63
2019-06-28 11:41:01.550674347,QUERY_SPREAD,63
2019-06-28 11:41:01.550674347,BEST_BID,"JPM,100514,264"
2019-06-28 11:41:01.550674347,BEST_ASK,"JPM,100859,281"
2019-06-28 11:41:10.000000000,QUERY_SPREAD,1
2019-06-28 11:41:10.000000000,BEST_BID,"JPM,100514,166"
2019-06-28 11:41:10.000000000,BEST_ASK,"JPM,100859,117"
2019-06-28 11:41:10.000000000,BEST_BID,"JPM,100514,166"
2019-06-28 11:41:10.000000000,BEST_ASK,"JPM,100859,117"
2019-06-28 11:41:10.000000000,BEST_BID,"JPM,100514,166"
2019-06-28 11:41:10.000000000,BEST_ASK,"JPM,100859,117"
2019-06-28 11:41:10.000000000,BEST_BID,"JPM,100514,166"
2019-06-28 11:41:10.000000000,BEST_ASK,"JPM,100859,117"
2019-06-28 11:41:10.000000000,BEST_BID,"JPM,100514,166"
2019-06-28 11:41:10.000000000,BEST_ASK,"JPM,100859,117"
2019-06-28 11:41:10.000000000,BEST_BID,"JPM,100514,166"
2019-06-28 11:41:10.000000000,BEST_ASK,"JPM,100859,183"
2019-06-28 11:41:10.000000000,BEST_BID,"JPM,100514,166"
2019-06-28 11:41:10.000000000,BEST_ASK,"JPM,100859,183"
2019-06-28 11:41:10.000000000,BEST_BID,"JPM,100514,166"
2019-06-28 11:41:10.000000000,BEST_ASK,"JPM,100859,183"
2019-06-28 11:41:10.000000000,BEST_BID,"JPM,100514,166"
2019-06-28 11:41:10.000000000,BEST_ASK,"JPM,100859,183"
2019-06-28 11:41:10.000000000,BEST_BID,"JPM,100514,166"
2019-06-28 11:41:10.000000000,BEST_ASK,"JPM,100859,183"
2019-06-28 11:41:20.000000000,QUERY_SPREAD,1
2019-06-28 11:41:20.000000000,BEST_BID,"JPM,100514,428"
2019-06-28 11:41:20.000000000,BEST_ASK,"JPM,100859,117"
2019-06-28 11:41:20.000000000,BEST_BID,"JPM,100514,428"
2019-06-28 11:41:20.000000000,BEST_ASK,"JPM,100859,445"
2019-06-28 11:41:30.000000000,QUERY_SPREAD,1
2019-06-28 11:41:30.000000000,BEST_BID,"JPM,100514,264"
2019-06-28 11:41:30.000000000,BEST_ASK,"JPM,100859,117"
2019-06-28 11:41:30.000000000,BEST_BID,"JPM,100514,264"
2019-06-28 11:41:30.000000000,BEST_ASK,"JPM,100859,117"
2019-06-28 11:41:30.000000000,BEST_BID,"JPM,100514,264"
2019-06-28 11:41:30.000000000,BEST_ASK,"JPM,100859,281"
2019-06-28 11:41:30.000000000,BEST_BID,"JPM,100514,264"
2019-06-28 11:41:30.000000000,BEST_ASK,"JPM,100859,281"
2019-06-28 11:41:36.358981130,QUERY_SPREAD,39
2019-06-28 11:41:36.358981130,BEST_BID,"JPM,100514,264"
2019-06-28 11:41:36.358981130,BEST_ASK,"JPM,100651,100"
2019-06-28 11:41:40.000000000,QUERY_SPREAD,1
2019-06-28 11:41:40.000000000,BEST_BID,"JPM,100514,212"
2019-06-28 11:41:40.000000000,BEST_ASK,"JPM,100651,100"
2019-06-28 11:41:40.000000000,BEST_BID,"JPM,100514,212"
2019-06-28 11:41:40.000000000,BEST_ASK,"JPM,100651,100"
2019-06-28 11:41:40.000000000,BEST_BID,"JPM,100514,212"
2019-06-28 11:41:40.000000000,BEST_ASK,"JPM,100651,100"
2019-06-28 11:41:40.000000000,BEST_BID,"JPM,100514,212"
2019-06-28 11:41:40.000000000,BEST_ASK,"JPM,100651,212"
2019-06-28 11:41:40.000000000,BEST_BID,"JPM,100514,212"
2019-06-28 11:41:40.000000000,BEST_ASK,"JPM,100651,212"
2019-06-28 11:41:40.000000000,BEST_BID,"JPM,100514,212"
2019-06-28 11:41:40.000000000,BEST_ASK,"JPM,100651,212"
2019-06-28 11:41:46.782737980,QUERY_SPREAD,45
2019-06-28 11:41:46.782737980,BEST_BID,"JPM,100514,212"
2019-06-28 11:41:46.782737980,BEST_ASK,"JPM,100526,100"
2019-06-28 11:41:50.000000000,QUERY_SPREAD,1
2019-06-28 11:41:50.000000000,BEST_BID,"JPM,100514,166"
2019-06-28 11:41:50.000000000,BEST_ASK,"JPM,100526,100"
2019-06-28 11:41:50.000000000,BEST_BID,"JPM,100514,166"
2019-06-28 11:41:50.000000000,BEST_ASK,"JPM,100526,100"
2019-06-28 11:41:50.000000000,BEST_BID,"JPM,100514,166"
2019-06-28 11:41:50.000000000,BEST_ASK,"JPM,100526,100"
2019-06-28 11:41:50.000000000,BEST_BID,"JPM,100514,166"
2019-06-28 11:41:50.000000000,BEST_ASK,"JPM,100526,100"
2019-06-28 11:41:50.000000000,BEST_BID,"JPM,100514,166"
2019-06-28 11:41:50.000000000,BEST_ASK,"JPM,100526,100"
2019-06-28 11:41:50.000000000,BEST_BID,"JPM,100514,166"
2019-06-28 11:41:50.000000000,BEST_ASK,"JPM,100526,166"
2019-06-28 11:41:50.000000000,BEST_BID,"JPM,100514,166"
2019-06-28 11:41:50.000000000,BEST_ASK,"JPM,100526,166"
2019-06-28 11:41:50.000000000,BEST_BID,"JPM,100514,166"
2019-06-28 11:41:50.000000000,BEST_ASK,"JPM,100526,166"
2019-06-28 11:41:50.000000000,BEST_BID,"JPM,100514,166"
2019-06-28 11:41:50.000000000,BEST_ASK,"JPM,100526,166"
2019-06-28 11:41:50.000000000,BEST_BID,"JPM,100514,166"
2019-06-28 11:41:50.000000000,BEST_ASK,"JPM,100526,166"
2019-06-28 11:42:00.000000000,QUERY_SPREAD,1
2019-06-28 11:42:00.000000000,BEST_BID,"JPM,100514,264"
2019-06-28 11:42:00.000000000,BEST_ASK,"JPM,100526,100"
2019-06-28 11:42:00.000000000,BEST_BID,"JPM,100514,264"
2019-06-28 11:42:00.000000000,BEST_ASK,"JPM,100526,100"
2019-06-28 11:42:00.000000000,BEST_BID,"JPM,100514,264"
2019-06-28 11:42:00.000000000,BEST_ASK,"JPM,100526,264"
2019-06-28 11:42:00.000000000,BEST_BID,"JPM,100514,264"
2019-06-28 11:42:00.000000000,BEST_ASK,"JPM,100526,264"
2019-06-28 11:42:00.000000000,QUERY_SPREAD,77
2019-06-28 11:42:00.000000000,BEST_BID,"JPM,100514,264"
2019-06-28 11:42:00.000000000,BEST_ASK,"JPM,100526,260"
2019-06-28 11:42:00.000000000,LAST_TRADE,"4,$100526.0000"
2019-06-28 11:42:00.000000000,QUERY_SPREAD,78
2019-06-28 11:42:00.000000000,BEST_BID,"JPM,100514,264"
2019-06-28 11:42:00.000000000,BEST_ASK,"JPM,100526,252"
2019-06-28 11:42:00.000000000,LAST_TRADE,"8,$100526.0000"
2019-06-28 11:42:00.000000000,QUERY_SPREAD,79
2019-06-28 11:42:00.000000000,BEST_BID,"JPM,100514,264"
2019-06-28 11:42:00.000000000,BEST_ASK,"JPM,100526,251"
2019-06-28 11:42:00.000000000,LAST_TRADE,"1,$100526.0000"
2019-06-28 11:42:00.000000000,QUERY_SPREAD,80
2019-06-28 11:42:00.000000000,BEST_BID,"JPM,100514,264"
2019-06-28 11:42:00.000000000,BEST_ASK,"JPM,100526,246"
2019-06-28 11:42:00.000000000,LAST_TRADE,"5,$100526.0000"
2019-06-28 11:42:00.000000000,QUERY_SPREAD,81
2019-06-28 11:42:00.000000000,BEST_BID,"JPM,100514,264"
2019-06-28 11:42:00.000000000,BEST_ASK,"JPM,100526,241"
2019-06-28 11:42:00.000000000,LAST_TRADE,"5,$100526.0000"
2019-06-28 11:42:00.000000000,QUERY_SPREAD,82
2019-06-28 11:42:00.000000000,BEST_BID,"JPM,100514,264"
2019-06-28 11:42:00.000000000,BEST_ASK,"JPM,100526,235"
2019-06-28 11:42:00.000000000,LAST_TRADE,"6,$100526.0000"
2019-06-28 11:42:00.000000000,QUERY_SPREAD,83
2019-06-28 11:42:00.000000000,BEST_BID,"JPM,100514,264"
2019-06-28 11:42:00.000000000,BEST_ASK,"JPM,100526,231"
2019-06-28 11:42:00.000000000,LAST_TRADE,"4,$100526.0000"
2019-06-28 11:42:00.000000000,QUERY_SPREAD,84
2019-06-28 11:42:00.000000000,BEST_BID,"JPM,100514,264"
2019-06-28 11:42:00.000000000,BEST_ASK,"JPM,100526,226"
2019-06-28 11:42:00.000000000,LAST_TRADE,"5,$100526.0000"
2019-06-28 11:42:00.000000000,QUERY_SPREAD,85
2019-06-28 11:42:00.000000000,BEST_BID,"JPM,100514,264"
2019-06-28 11:42:00.000000000,BEST_ASK,"JPM,100526,221"
2019-06-28 11:42:00.000000000,LAST_TRADE,"5,$100526.0000"
2019-06-28 11:42:00.000000000,QUERY_SPREAD,86
2019-06-28 11:42:00.000000000,BEST_BID,"JPM,100514,264"
2019-06-28 11:42:00.000000000,BEST_ASK,"JPM,100526,212"
2019-06-28 11:42:00.000000000,LAST_TRADE,"9,$100526.0000"
2019-06-28 11:42:00.000000000,QUERY_SPREAD,87
2019-06-28 11:42:00.000000000,BEST_BID,"JPM,100514,264"
2019-06-28 11:42:00.000000000,BEST_ASK,"JPM,100526,210"
2019-06-28 11:42:00.000000000,LAST_TRADE,"2,$100526.0000"
2019-06-28 11:42:00.000000000,QUERY_SPREAD,88
2019-06-28 11:42:00.000000000,BEST_BID,"JPM,100514,264"
2019-06-28 11:42:00.000000000,BEST_ASK,"JPM,100526,202"
2019-06-28 11:42:00.000000000,LAST_TRADE,"8,$100526.0000"
2019-06-28 11:42:00.000000000,QUERY_SPREAD,89
2019-06-28 11:42:00.000000000,BEST_BID,"JPM,100514,264"
2019-06-28 11:42:00.000000000,BEST_ASK,"JPM,100526,195"
2019-06-28 11:42:00.000000000,LAST_TRADE,"7,$100526.0000"
2019-06-28 11:42:00.000000000,QUERY_SPREAD,90
2019-06-28 11:42:00.000000000,BEST_BID,"JPM,100514,264"
2019-06-28 11:42:00.000000000,BEST_ASK,"JPM,100526,189"
2019-06-28 11:42:00.000000000,LAST_TRADE,"6,$100526.0000"
2019-06-28 11:42:00.000000000,QUERY_SPREAD,91
2019-06-28 11:42:00.000000000,BEST_BID,"JPM,100514,264"
2019-06-28 11:42:00.000000000,BEST_ASK,"JPM,100526,184"
2019-06-28 11:42:00.000000000,LAST_TRADE,"5,$100526.0000"
2019-06-28 11:42:00.000000000,QUERY_SPREAD,92
2019-06-28 11:42:00.000000000,BEST_BID,"JPM,100514,264"
2019-06-28 11:42:00.000000000,BEST_ASK,"JPM,100526,183"
2019-06-28 11:42:00.000000000,LAST_TRADE,"1,$100526.0000"
2019-06-28 11:42:00.000000000,QUERY_SPREAD,93
2019-06-28 11:42:00.000000000,BEST_BID,"JPM,100514,264"
2019-06-28 11:42:00.000000000,BEST_ASK,"JPM,100526,181"
2019-06-28 11:42:00.000000000,LAST_TRADE,"2,$100526.0000"
2019-06-28 11:42:00.000000000,QUERY_SPREAD,94
2019-06-28 11:42:00.000000000,BEST_BID,"JPM,100514,264"
2019-06-28 11:42:00.000000000,BEST_ASK,"JPM,100526,179"
2019-06-28 11:42:00.000000000,LAST_TRADE,"2,$100526.0000"
2019-06-28 11:42:00.000000000,QUERY_SPREAD,95
2019-06-28 11:42:00.000000000,BEST_BID,"JPM,100514,264"
2019-06-28 11:42:00.000000000,BEST_ASK,"JPM,100526,172"
2019-06-28 11:42:00.000000000,LAST_TRADE,"7,$100526.0000"
2019-06-28 11:42:00.000000000,QUERY_SPREAD,96
2019-06-28 11:42:00.000000000,BEST_BID,"JPM,100514,264"
2019-06-28 11:42:00.000000000,BEST_ASK,"JPM,100526,165"
2019-06-28 11:42:00.000000000,LAST_TRADE,"7,$100526.0000"
2019-06-28 11:42:00.000000000,QUERY_SPREAD,97
2019-06-28 11:42:00.000000000,BEST_BID,"JPM,100514,264"
2019-06-28 11:42:00.000000000,BEST_ASK,"JPM,100526,159"
2019-06-28 11:42:00.000000000,LAST_TRADE,"6,$100526.0000"
2019-06-28 11:42:00.000000000,QUERY_SPREAD,98
2019-06-28 11:42:00.000000000,BEST_BID,"JPM,100514,264"
2019-06-28 11:42:00.000000000,BEST_ASK,"JPM,100526,155"
2019-06-28 11:42:00.000000000,LAST_TRADE,"4,$100526.0000"
2019-06-28 11:42:00.000000000,QUERY_SPREAD,99
2019-06-28 11:42:00.000000000,BEST_BID,"JPM,100514,264"
2019-06-28 11:42:00.000000000,BEST_ASK,"JPM,100526,153"
2019-06-28 11:42:00.000000000,LAST_TRADE,"2,$100526.0000"
2019-06-28 11:42:00.000000000,QUERY_SPREAD,100
2019-06-28 11:42:00.000000000,BEST_BID,"JPM,100514,264"
2019-06-28 11:42:00.000000000,BEST_ASK,"JPM,100526,147"
2019-06-28 11:42:00.000000000,LAST_TRADE,"6,$100526.0000"
2019-06-28 11:42:00.000000000,QUERY_SPREAD,101
2019-06-28 11:42:00.000000000,QUERY_ORDER_STREAM,101
2019-06-28 11:42:03.608025968,QUERY_ORDER_STREAM,64
2019-06-28 11:42:03.608025968,QUERY_SPREAD,64
2019-06-28 11:42:10.000000000,QUERY_SPREAD,1
2019-06-28 11:42:10.000000000,BEST_BID,"JPM,100514,182"
2019-06-28 11:42:10.000000000,BEST_ASK,"JPM,100651,100"
2019-06-28 11:42:10.000000000,BEST_BID,"JPM,100514,182"
2019-06-28 11:42:10.000000000,BEST_ASK,"JPM,100651,100"
2019-06-28 11:42:10.000000000,BEST_BID,"JPM,100514,182"
2019-06-28 11:42:10.000000000,BEST_ASK,"JPM,100651,100"
2019-06-28 11:42:10.000000000,BEST_BID,"JPM,100514,182"
2019-06-28 11:42:10.000000000,BEST_ASK,"JPM,100651,100"
2019-06-28 11:42:10.000000000,BEST_BID,"JPM,100514,182"
2019-06-28 11:42:10.000000000,BEST_ASK,"JPM,100651,182"
2019-06-28 11:42:10.000000000,BEST_BID,"JPM,100514,182"
2019-06-28 11:42:10.000000000,BEST_ASK,"JPM,100651,182"
2019-06-28 11:42:10.000000000,BEST_BID,"JPM,100514,182"
2019-06-28 11:42:10.000000000,BEST_ASK,"JPM,100651,182"
2019-06-28 11:42:10.000000000,BEST_BID,"JPM,100514,182"
2019-06-28 11:42:10.000000000,BEST_ASK,"JPM,100651,182"
2019-06-28 11:42:12.213221064,QUERY_SPREAD,19
2019-06-28 11:42:12.213221064,BEST_BID,"JPM,100514,182"
2019-06-28 11:42:12.213221064,BEST_ASK,"JPM,100651,182"
2019-06-28 11:42:20.000000000,QUERY_SPREAD,1
2019-06-28 11:42:20.000000000,BEST_BID,"JPM,100514,428"
2019-06-28 11:42:20.000000000,BEST_ASK,"JPM,100651,100"
2019-06-28 11:42:20.000000000,BEST_BID,"JPM,100514,428"
2019-06-28 11:42:20.000000000,BEST_ASK,"JPM,100651,428"
2019-06-28 11:42:30.000000000,QUERY_SPREAD,1
2019-06-28 11:42:30.000000000,BEST_BID,"JPM,100514,212"
2019-06-28 11:42:30.000000000,BEST_ASK,"JPM,100651,100"
2019-06-28 11:42:30.000000000,BEST_BID,"JPM,100514,212"
2019-06-28 11:42:30.000000000,BEST_ASK,"JPM,100651,100"
2019-06-28 11:42:30.000000000,BEST_BID,"JPM,100514,212"
2019-06-28 11:42:30.000000000,BEST_ASK,"JPM,100651,100"
2019-06-28 11:42:30.000000000,BEST_BID,"JPM,100514,212"
2019-06-28 11:42:30.000000000,BEST_ASK,"JPM,100651,212"
2019-06-28 11:42:30.000000000,BEST_BID,"JPM,100514,212"
2019-06-28 11:42:30.000000000,BEST_ASK,"JPM,100651,212"
2019-06-28 11:42:30.000000000,BEST_BID,"JPM,100514,212"
2019-06-28 11:42:30.000000000,BEST_ASK,"JPM,100651,212"
2019-06-28 11:42:36.753197299,QUERY_SPREAD,50
2019-06-28 11:42:36.753197299,BEST_BID,"JPM,100514,112"
2019-06-28 11:42:36.753197299,BEST_ASK,"JPM,100651,212"
2019-06-28 11:42:36.753197299,LAST_TRADE,"100,$100514.0000"
2019-06-28 11:42:40.000000000,QUERY_SPREAD,1
2019-06-28 11:42:40.000000000,BEST_BID,"JPM,100502,428"
2019-06-28 11:42:40.000000000,BEST_ASK,"JPM,100651,100"
2019-06-28 11:42:40.000000000,BEST_BID,"JPM,100502,428"
2019-06-28 11:42:40.000000000,BEST_ASK,"JPM,100651,428"
2019-06-28 11:42:50.000000000,QUERY_SPREAD,1
2019-06-28 11:42:50.000000000,BEST_BID,"JPM,100502,428"
2019-06-28 11:42:50.000000000,BEST_ASK,"JPM,100651,100"
2019-06-28 11:42:50.000000000,BEST_BID,"JPM,100502,428"
2019-06-28 11:42:50.000000000,BEST_ASK,"JPM,100651,428"
2019-06-28 11:42:58.360472569,QUERY_SPREAD,2
2019-06-28 11:42:58.360472569,BEST_BID,"JPM,100502,428"
2019-06-28 11:42:58.360472569,BEST_ASK,"JPM,100569,100"
2019-06-28 11:43:00.000000000,QUERY_SPREAD,1
2019-06-28 11:43:00.000000000,BEST_BID,"JPM,100502,182"
2019-06-28 11:43:00.000000000,BEST_ASK,"JPM,100569,100"
2019-06-28 11:43:00.000000000,BEST_BID,"JPM,100502,182"
2019-06-28 11:43:00.000000000,BEST_ASK,"JPM,100569,100"
2019-06-28 11:43:00.000000000,BEST_BID,"JPM,100502,182"
2019-06-28 11:43:00.000000000,BEST_ASK,"JPM,100569,100"
2019-06-28 11:43:00.000000000,BEST_BID,"JPM,100502,182"
2019-06-28 11:43:00.000000000,BEST_ASK,"JPM,100569,100"
2019-06-28 11:43:00.000000000,BEST_BID,"JPM,100502,182"
2019-06-28 11:43:00.000000000,BEST_ASK,"JPM,100569,182"
2019-06-28 11:43:00.000000000,BEST_BID,"JPM,100502,182"
2019-06-28 11:43:00.000000000,BEST_ASK,"JPM,100569,182"
2019-06-28 11:43:00.000000000,BEST_BID,"JPM,100502,182"
2019-06-28 11:43:00.000000000,BEST_ASK,"JPM,100569,182"
2019-06-28 11:43:00.000000000,BEST_BID,"JPM,100502,182"
2019-06-28 11:43:00.000000000,BEST_ASK,"JPM,100569,182"
2019-06-28 11:43:00.000000000,QUERY_SPREAD,77
2019-06-28 11:43:00.000000000,BEST_BID,"JPM,100502,182"
2019-06-28 11:43:00.000000000,BEST_ASK,"JPM,100569,178"
2019-06-28 11:43:00.000000000,LAST_TRADE,"4,$100569.0000"
2019-06-28 11:43:00.000000000,QUERY_SPREAD,78
2019-06-28 11:43:00.000000000,BEST_BID,"JPM,100502,182"
2019-06-28 11:43:00.000000000,BEST_ASK,"JPM,100569,170"
2019-06-28 11:43:00.000000000,LAST_TRADE,"8,$100569.0000"
2019-06-28 11:43:00.000000000,QUERY_SPREAD,79
2019-06-28 11:43:00.000000000,BEST_BID,"JPM,100502,182"
2019-06-28 11:43:00.000000000,BEST_ASK,"JPM,100569,169"
2019-06-28 11:43:00.000000000,LAST_TRADE,"1,$100569.0000"
2019-06-28 11:43:00.000000000,QUERY_SPREAD,80
2019-06-28 11:43:00.000000000,BEST_BID,"JPM,100502,182"
2019-06-28 11:43:00.000000000,BEST_ASK,"JPM,100569,164"
2019-06-28 11:43:00.000000000,LAST_TRADE,"5,$100569.0000"
2019-06-28 11:43:00.000000000,QUERY_SPREAD,81
2019-06-28 11:43:00.000000000,BEST_BID,"JPM,100502,182"
2019-06-28 11:43:00.000000000,BEST_ASK,"JPM,100569,159"
2019-06-28 11:43:00.000000000,LAST_TRADE,"5,$100569.0000"
2019-06-28 11:43:00.000000000,QUERY_SPREAD,82
2019-06-28 11:43:00.000000000,BEST_BID,"JPM,100502,182"
2019-06-28 11:43:00.000000000,BEST_ASK,"JPM,100569,153"
2019-06-28 11:43:00.000000000,LAST_TRADE,"6,$100569.0000"
2019-06-28 11:43:00.000000000,QUERY_SPREAD,83
2019-06-28 11:43:00.000000000,BEST_BID,"JPM,100502,182"
2019-06-28 11:43:00.000000000,BEST_ASK,"JPM,100569,149"
2019-06-28 11:43:00.000000000,LAST_TRADE,"4,$100569.0000"
2019-06-28 11:43:00.000000000,QUERY_SPREAD,84
2019-06-28 11:43:00.000000000,BEST_BID,"JPM,100502,182"
2019-06-28 11:43:00.000000000,BEST_ASK,"JPM,100569,144"
2019-06-28 11:43:00.000000000,LAST_TRADE,"5,$100569.0000"
2019-06-28 11:43:00.000000000,QUERY_SPREAD,85
2019-06-28 11:43:00.000000000,BEST_BID,"JPM,100502,182"
2019-06-28 11:43:00.000000000,BEST_ASK,"JPM,100569,139"
2019-06-28 11:43:00.000000000,LAST_TRADE,"5,$100569.0000"
2019-06-28 11:43:00.000000000,QUERY_SPREAD,86
2019-06-28 11:43:00.000000000,BEST_BID,"JPM,100502,182"
2019-06-28 11:43:00.000000000,BEST_ASK,"JPM,100569,130"
2019-06-28 11:43:00.000000000,LAST_TRADE,"9,$100569.0000"
2019-06-28 11:43:00.000000000,QUERY_SPREAD,87
2019-06-28 11:43:00.000000000,BEST_BID,"JPM,100502,182"
2019-06-28 11:43:00.000000000,BEST_ASK,"JPM,100569,128"
2019-06-28 11:43:00.000000000,LAST_TRADE,"2,$100569.0000"
2019-06-28 11:43:00.000000000,QUERY_SPREAD,88
2019-06-28 11:43:00.000000000,BEST_BID,"JPM,100502,182"
2019-06-28 11:43:00.000000000,BEST_ASK,"JPM,100569,120"
2019-06-28 11:43:00.000000000,LAST_TRADE,"8,$100569.0000"
2019-06-28 11:43:00.000000000,QUERY_SPREAD,89
2019-06-28 11:43:00.000000000,BEST_BID,"JPM,100502,182"
2019-06-28 11:43:00.000000000,BEST_ASK,"JPM,100569,113"
2019-06-28 11:43:00.000000000,LAST_TRADE,"7,$100569.0000"
2019-06-28 11:43:00.000000000,QUERY_SPREAD,90
2019-06-28 11:43:00.000000000,BEST_BID,"JPM,100502,182"
2019-06-28 11:43:00.000000000,BEST_ASK,"JPM,100569,107"
2019-06-28 11:43:00.000000000,LAST_TRADE,"6,$100569.0000"
2019-06-28 11:43:00.000000000,QUERY_SPREAD,91
2019-06-28 11:43:00.000000000,BEST_BID,"JPM,100502,182"
2019-06-28 11:43:00.000000000,BEST_ASK,"JPM,100569,102"
2019-06-28 11:43:00.000000000,LAST_TRADE,"5,$100569.0000"
2019-06-28 11:43:00.000000000,QUERY_SPREAD,92
2019-06-28 11:43:00.000000000,BEST_BID,"JPM,100502,182"
2019-06-28 11:43:00.000000000,BEST_ASK,"JPM,100569,101"
2019-06-28 11:43:00.000000000,LAST_TRADE,"1,$100569.0000"
2019-06-28 11:43:00.000000000,QUERY_SPREAD,93
2019-06-28 11:43:00.000000000,BEST_BID,"JPM,100502,182"
2019-06-28 11:43:00.000000000,BEST_ASK,"JPM,100569,99"
2019-06-28 11:43:00.000000000,LAST_TRADE,"2,$100569.0000"
2019-06-28 11:43:00.000000000,QUERY_SPREAD,94
2019-06-28 11:43:00.000000000,BEST_BID,"JPM,100502,182"
2019-06-28 11:43:00.000000000,BEST_ASK,"JPM,100569,97"
2019-06-28 11:43:00.000000000,LAST_TRADE,"2,$100569.0000"
2019-06-28 11:43:00.000000000,QUERY_SPREAD,95
2019-06-28 11:43:00.000000000,BEST_BID,"JPM,100502,182"
2019-06-28 11:43:00.000000000,BEST_ASK,"JPM,100569,90"
2019-06-28 11:43:00.000000000,LAST_TRADE,"7,$100569.0000"
2019-06-28 11:43:00.000000000,QUERY_SPREAD,96
2019-06-28 11:43:00.000000000,BEST_BID,"JPM,100502,182"
2019-06-28 11:43:00.000000000,BEST_ASK,"JPM,100569,83"
2019-06-28 11:43:00.000000000,LAST_TRADE,"7,$100569.0000"
2019-06-28 11:43:00.000000000,QUERY_SPREAD,97
2019-06-28 11:43:00.000000000,BEST_BID,"JPM,100502,182"
2019-06-28 11:43:00.000000000,BEST_ASK,"JPM,100569,77"
2019-06-28 11:43:00.000000000,LAST_TRADE,"6,$100569.0000"
2019-06-28 11:43:00.000000000,QUERY_SPREAD,98
2019-06-28 11:43:00.000000000,BEST_BID,"JPM,100502,182"
2019-06-28 11:43:00.000000000,BEST_ASK,"JPM,100569,73"
2019-06-28 11:43:00.000000000,LAST_TRADE,"4,$100569.0000"
2019-06-28 11:43:00.000000000,QUERY_SPREAD,99
2019-06-28 11:43:00.000000000,BEST_BID,"JPM,100502,182"
2019-06-28 11:43:00.000000000,BEST_ASK,"JPM,100569,71"
2019-06-28 11:43:00.000000000,LAST_TRADE,"2,$100569.0000"
2019-06-28 11:43:00.000000000,QUERY_SPREAD,100
2019-06-28 11:43:00.000000000,BEST_BID,"JPM,100502,182"
2019-06-28 11:43:00.000000000,BEST_ASK,"JPM,100569,65"
2019-06-28 11:43:00.000000000,LAST_TRADE,"6,$100569.0000"
2019-06-28 11:43:00.000000000,QUERY_SPREAD,101
2019-06-28 11:43:00.000000000,QUERY_ORDER_STREAM,101
2019-06-28 11:43:08.555109966,QUERY_ORDER_STREAM,74
2019-06-28 11:43:08.555109966,QUERY_SPREAD,74
2019-06-28 11:43:08.555109966,BEST_BID,"JPM,100502,182"
2019-06-28 11:43:08.555109966,BEST_ASK,"JPM,100569,165"
2019-06-28 11:43:10.000000000,QUERY_SPREAD,1
2019-06-28 11:43:10.000000000,BEST_BID,"JPM,100502,212"
2019-06-28 11:43:10.000000000,BEST_ASK,"JPM,100569,100"
2019-06-28 11:43:10.000000000,BEST_BID,"JPM,100502,212"
2019-06-28 11:43:10.000000000,BEST_ASK,"JPM,100569,100"
2019-06-28 11:43:10.000000000,BEST_BID,"JPM,100502,212"
2019-06-28 11:43:10.000000000,BEST_ASK,"JPM,100569,100"
2019-06-28 11:43:10.000000000,BEST_BID,"JPM,100502,212"
2019-06-28 11:43:10.000000000,BEST_ASK,"JPM,100569,212"
2019-06-28 11:43:10.000000000,BEST_BID,"JPM,100502,212"
2019-06-28 11:43:10.000000000,BEST_ASK,"JPM,100569,212"
2019-06-28 11:43:10.000000000,BEST_BID,"JPM,100502,212"
2019-06-28 11:43:10.000000000,BEST_ASK,"JPM,100569,212"
2019-06-28 11:43:18.918198495,QUERY_SPREAD,14
2019-06-28 11:43:18.918198495,BEST_BID,"JPM,100502,212"
2019-06-28 11:43:18.918198495,BEST_ASK,"JPM,100569,212"
2019-06-28 11:43:20.000000000,QUERY_SPREAD,1
2019-06-28 11:43:20.000000000,BEST_BID,"JPM,100502,264"
2019-06-28 11:43:20.000000000,BEST_ASK,"JPM,100569,100"
2019-06-28 11:43:20.000000000,BEST_BID,"JPM,100502,264"
2019-06-28 11:43:20.000000000,BEST_ASK,"JPM,100569,100"
2019-06-28 11:43:20.000000000,BEST_BID,"JPM,100502,264"
2019-06-28 11:43:20.000000000,BEST_ASK,"JPM,100569,264"
2019-06-28 11:43:20.000000000,BEST_BID,"JPM,100502,264"
2019-06-28 11:43:20.000000000,BEST_ASK,"JPM,100569,264"
2019-06-28 11:43:30.000000000,QUERY_SPREAD,1
2019-06-28 11:43:30.000000000,BEST_BID,"JPM,100502,264"
2019-06-28 11:43:30.000000000,BEST_ASK,"JPM,100569,100"
2019-06-28 11:43:30.000000000,BEST_BID,"JPM,100502,264"
2019-06-28 11:43:30.000000000,BEST_ASK,"JPM,100569,100"
2019-06-28 11:43:30.000000000,BEST_BID,"JPM,100502,264"
2019-06-28 11:43:30.000000000,BEST_ASK,"JPM,100569,264"
2019-06-28 11:43:30.000000000,BEST_BID,"JPM,100502,264"
2019-06-28 11:43:30.000000000,BEST_ASK,"JPM,100569,264"
2019-06-28 11:43:40.000000000,QUERY_SPREAD,1
2019-06-28 11:43:40.000000000,BEST_BID,"JPM,100502,428"
2019-06-28 11:43:40.000000000,BEST_ASK,"JPM,100569,100"
2019-06-28 11:43:40.000000000,BEST_BID,"JPM,100502,428"
2019-06-28 11:43:40.000000000,BEST_ASK,"JPM,100569,428"
2019-06-28 11:43:44.448677535,QUERY_ORDER_STREAM,73
2019-06-28 11:43:44.448677535,QUERY_SPREAD,73
2019-06-28 11:43:47.386161002,QUERY_ORDER_STREAM,75
2019-06-28 11:43:47.386161002,QUERY_SPREAD,75
2019-06-28 11:43:50.000000000,QUERY_SPREAD,1
2019-06-28 11:43:50.000000000,BEST_BID,"JPM,100502,212"
2019-06-28 11:43:50.000000000,BEST_ASK,"JPM,100569,100"
2019-06-28 11:43:50.000000000,BEST_BID,"JPM,100502,212"
2019-06-28 11:43:50.000000000,BEST_ASK,"JPM,100569,100"
2019-06-28 11:43:50.000000000,BEST_BID,"JPM,100502,212"
2019-06-28 11:43:50.000000000,BEST_ASK,"JPM,100569,100"
2019-06-28 11:43:50.000000000,BEST_BID,"JPM,100502,212"
2019-06-28 11:43:50.000000000,BEST_ASK,"JPM,100569,212"
2019-06-28 11:43:50.000000000,BEST_BID,"JPM,100502,212"
2019-06-28 11:43:50.000000000,BEST_ASK,"JPM,100569,212"
2019-06-28 11:43:50.000000000,BEST_BID,"JPM,100502,212"
2019-06-28 11:43:50.000000000,BEST_ASK,"JPM,100569,212"
2019-06-28 11:43:59.366814491,QUERY_ORDER_STREAM,57
2019-06-28 11:43:59.366814491,QUERY_SPREAD,57
2019-06-28 11:43:59.366814491,BEST_BID,"JPM,100502,212"
2019-06-28 11:43:59.366814491,BEST_ASK,"JPM,100569,312"
2019-06-28 11:44:00.000000000,QUERY_SPREAD,1
2019-06-28 11:44:00.000000000,BEST_BID,"JPM,100502,428"
2019-06-28 11:44:00.000000000,BEST_ASK,"JPM,100569,200"
2019-06-28 11:44:00.000000000,BEST_BID,"JPM,100502,428"
2019-06-28 11:44:00.000000000,BEST_ASK,"JPM,100569,528"
2019-06-28 11:44:00.000000000,QUERY_SPREAD,77
2019-06-28 11:44:00.000000000,BEST_BID,"JPM,100502,428"
2019-06-28 11:44:00.000000000,BEST_ASK,"JPM,100569,524"
2019-06-28 11:44:00.000000000,LAST_TRADE,"4,$100569.0000"
2019-06-28 11:44:00.000000000,QUERY_SPREAD,78
2019-06-28 11:44:00.000000000,BEST_BID,"JPM,100502,428"
2019-06-28 11:44:00.000000000,BEST_ASK,"JPM,100569,516"
2019-06-28 11:44:00.000000000,LAST_TRADE,"8,$100569.0000"
2019-06-28 11:44:00.000000000,QUERY_SPREAD,79
2019-06-28 11:44:00.000000000,BEST_BID,"JPM,100502,428"
2019-06-28 11:44:00.000000000,BEST_ASK,"JPM,100569,515"
2019-06-28 11:44:00.000000000,LAST_TRADE,"1,$100569.0000"
2019-06-28 11:44:00.000000000,QUERY_SPREAD,80
2019-06-28 11:44:00.000000000,BEST_BID,"JPM,100502,428"
2019-06-28 11:44:00.000000000,BEST_ASK,"JPM,100569,510"
2019-06-28 11:44:00.000000000,LAST_TRADE,"5,$100569.0000"
2019-06-28 11:44:00.000000000,QUERY_SPREAD,81
2019-06-28 11:44:00.000000000,BEST_BID,"JPM,100502,428"
2019-06-28 11:44:00.000000000,BEST_ASK,"JPM,100569,505"
2019-06-28 11:44:00.000000000,LAST_TRADE,"5,$100569.0000"
2019-06-28 11:44:00.000000000,QUERY_SPREAD,82
2019-06-28 11:44:00.000000000,BEST_BID,"JPM,100502,428"
2019-06-28 11:44:00.000000000,BEST_ASK,"JPM,100569,499"
2019-06-28 11:44:00.000000000,LAST_TRADE,"6,$100569.0000"
2019-06-28 11:44:00.000000000,QUERY_SPREAD,83
2019-06-28 11:44:00.000000000,BEST_BID,"JPM,100502,428"
2019-06-28 11:44:00.000000000,BEST_ASK,"JPM,100569,495"
2019-06-28 11:44:00.000000000,LAST_TRADE,"4,$100569.0000"
2019-06-28 11:44:00.000000000,QUERY_SPREAD,84
2019-06-28 11:44:00.000000000,BEST_BID,"JPM,100502,428"
2019-06-28 11:44:00.000000000,BEST_ASK,"JPM,100569,490"
2019-06-28 11:44:00.000000000,LAST_TRADE,"5,$100569.0000"
2019-06-28 11:44:00.000000000,QUERY_SPREAD,85
2019-06-28 11:44:00.000000000,BEST_BID,"JPM,100502,428"
2019-06-28 11:44:00.000000000,BEST_ASK,"JPM,100569,485"
2019-06-28 11:44:00.000000000,LAST_TRADE,"5,$100569.0000"
2019-06-28 11:44:00.000000000,QUERY_SPREAD,86
2019-06-28 11:44:00.000000000,BEST_BID,"JPM,100502,428"
2019-06-28 11:44:00.000000000,BEST_ASK,"JPM,100569,476"
2019-06-28 11:44:00.000000000,LAST_TRADE,"9,$100569.0000"
2019-06-28 11:44:00.000000000,QUERY_SPREAD,87
2019-06-28 11:44:00.000000000,BEST_BID,"JPM,100502,428"
2019-06-28 11:44:00.000000000,BEST_ASK,"JPM,100569,474"
2019-06-28 11:44:00.000000000,LAST_TRADE,"2,$100569.0000"
2019-06-28 11:44:00.000000000,QUERY_SPREAD,88
2019-06-28 11:44:00.000000000,BEST_BID,"JPM,100502,428"
2019-06-28 11:44:00.000000000,BEST_ASK,"JPM,100569,466"
2019-06-28 11:44:00.000000000,LAST_TRADE,"8,$100569.0000"
2019-06-28 11:44:00.000000000,QUERY_SPREAD,89
2019-06-28 11:44:00.000000000,BEST_BID,"JPM,100502,428"
2019-06-28 11:44:00.000000000,BEST_ASK,"JPM,100569,459"
2019-06-28 11:44:00.000000000,LAST_TRADE,"7,$100569.0000"
2019-06-28 11:44:00.000000000,QUERY_SPREAD,90
2019-06-28 11:44:00.000000000,BEST_BID,"JPM,100502,428"
2019-06-28 11:44:00.000000000,BEST_ASK,"JPM,100569,453"
2019-06-28 11:44:00.000000000,LAST_TRADE,"6,$100569.0000"
2019-06-28 11:44:00.000000000,QUERY_SPREAD,91
2019-06-28 11:44:00.000000000,BEST_BID,"JPM,100502,428"
2019-06-28 11:44:00.000000000,BEST_ASK,"JPM,100569,448"
2019-06-28 11:44:00.000000000,LAST_TRADE,"5,$100569.0000"
2019-06-28 11:44:00.000000000,QUERY_SPREAD,92
2019-06-28 11:44:00.000000000,BEST_BID,"JPM,100502,428"
2019-06-28 11:44:00.000000000,BEST_ASK,"JPM,100569,447"
2019-06-28 11:44:00.000000000,LAST_TRADE,"1,$100569.0000"
2019-06-28 11:44:00.000000000,QUERY_SPREAD,93
2019-06-28 11:44:00.000000000,BEST_BID,"JPM,100502,428"
2019-06-28 11:44:00.000000000,BEST_ASK,"JPM,100569,445"
2019-06-28 11:44:00.000000000,LAST_TRADE,"2,$100569.0000"
2019-06-28 11:44:00.000000000,QUERY_SPREAD,94
2019-06-28 11:44:00.000000000,BEST_BID,"JPM,100502,428"
2019-06-28 11:44:00.000000000,BEST_ASK,"JPM,100569,443"
2019-06-28 11:44:00.000000000,LAST_TRADE,"2,$100569.0000"
2019-06-28 11:44:00.000000000,QUERY_SPREAD,95
2019-06-28 11:44:00.000000000,BEST_BID,"JPM,100502,428"
2019-06-28 11:44:00.000000000,BEST_ASK,"JPM,100569,436"
2019-06-28 11:44:00.000000000,LAST_TRADE,"7,$100569.0000"
2019-06-28 11:44:00.000000000,QUERY_SPREAD,96
2019-06-28 11:44:00.000000000,BEST_BID,"JPM,100502,428"
2019-06-28 11:44:00.000000000,BEST_ASK,"JPM,100569,429"
2019-06-28 11:44:00.000000000,LAST_TRADE,"7,$100569.0000"
2019-06-28 11:44:00.000000000,QUERY_SPREAD,97
2019-06-28 11:44:00.000000000,BEST_BID,"JPM,100502,428"
2019-06-28 11:44:00.000000000,BEST_ASK,"JPM,100569,423"
2019-06-28 11:44:00.000000000,LAST_TRADE,"6,$100569.0000"
2019-06-28 11:44:00.000000000,QUERY_SPREAD,98
2019-06-28 11:44:00.000000000,BEST_BID,"JPM,100502,428"
2019-06-28 11:44:00.000000000,BEST_ASK,"JPM,100569,419"
2019-06-28 11:44:00.000000000,LAST_TRADE,"4,$100569.0000"
2019-06-28 11:44:00.000000000,QUERY_SPREAD,99
2019-06-28 11:44:00.000000000,BEST_BID,"JPM,100502,428"
2019-06-28 11:44:00.000000000,BEST_ASK,"JPM,100569,417"
2019-06-28 11:44:00.000000000,LAST_TRADE,"2,$100569.0000"
2019-06-28 11:44:00.000000000,QUERY_SPREAD,100
2019-06-28 11:44:00.000000000,BEST_BID,"JPM,100502,428"
2019-06-28 11:44:00.000000000,BEST_ASK,"JPM,100569,411"
2019-06-28 11:44:00.000000000,LAST_TRADE,"6,$100569.0000"
2019-06-28 11:44:00.000000000,QUERY_SPREAD,101
2019-06-28 11:44:00.000000000,QUERY_ORDER_STREAM,101
2019-06-28 11:44:10.000000000,QUERY_SPREAD,1
2019-06-28 11:44:10.000000000,BEST_BID,"JPM,100502,264"
2019-06-28 11:44:10.000000000,BEST_ASK,"JPM,100569,83"
2019-06-28 11:44:10.000000000,BEST_BID,"JPM,100502,264"
2019-06-28 11:44:10.000000000,BEST_ASK,"JPM,100569,83"
2019-06-28 11:44:10.000000000,BEST_BID,"JPM,100502,264"
2019-06-28 11:44:10.000000000,BEST_ASK,"JPM,100569,247"
2019-06-28 11:44:10.000000000,BEST_BID,"JPM,100502,264"
2019-06-28 11:44:10.000000000,BEST_ASK,"JPM,100569,247"
2019-06-28 11:44:12.793240575,QUERY_SPREAD,13
2019-06-28 11:44:12.793240575,BEST_BID,"JPM,100502,264"
2019-06-28 11:44:12.793240575,BEST_ASK,"JPM,100569,247"
2019-06-28 11:44:15.757557171,QUERY_ORDER_STREAM,59
2019-06-28 11:44:15.757557171,QUERY_SPREAD,59
2019-06-28 11:44:20.000000000,QUERY_SPREAD,1
2019-06-28 11:44:20.000000000,BEST_BID,"JPM,100502,182"
2019-06-28 11:44:20.000000000,BEST_ASK,"JPM,100569,83"
2019-06-28 11:44:20.000000000,BEST_BID,"JPM,100502,182"
2019-06-28 11:44:20.000000000,BEST_ASK,"JPM,100569,83"
2019-06-28 11:44:20.000000000,BEST_BID,"JPM,100502,182"
2019-06-28 11:44:20.000000000,BEST_ASK,"JPM,100569,83"
2019-06-28 11:44:20.000000000,BEST_BID,"JPM,100502,182"
2019-06-28 11:44:20.000000000,BEST_ASK,"JPM,100569,83"
2019-06-28 11:44:20.000000000,BEST_BID,"JPM,100502,182"
2019-06-28 11:44:20.000000000,BEST_ASK,"JPM,100569,165"
2019-06-28 11:44:20.000000000,BEST_BID,"JPM,100502,182"
2019-06-28 11:44:20.000000000,BEST_ASK,"JPM,100569,165"
2019-06-28 11:44:20.000000000,BEST_BID,"JPM,100502,182"
2019-06-28 11:44:20.000000000,BEST_ASK,"JPM,100569,165"
2019-06-28 11:44:20.000000000,BEST_BID,"JPM,100502,182"
2019-06-28 11:44:20.000000000,BEST_ASK,"JPM,100569,165"
2019-06-28 11:44:30.000000000,QUERY_SPREAD,1
2019-06-28 11:44:30.000000000,BEST_BID,"JPM,100502,428"
2019-06-28 11:44:30.000000000,BEST_ASK,"JPM,100569,83"
2019-06-28 11:44:30.000000000,BEST_BID,"JPM,100502,428"
2019-06-28 11:44:30.000000000,BEST_ASK,"JPM,100569,411"
2019-06-28 11:44:40.000000000,QUERY_SPREAD,1
2019-06-28 11:44:40.000000000,BEST_BID,"JPM,100502,166"
2019-06-28 11:44:40.000000000,BEST_ASK,"JPM,100569,83"
2019-06-28 11:44:40.000000000,BEST_BID,"JPM,100502,166"
2019-06-28 11:44:40.000000000,BEST_ASK,"JPM,100569,83"
2019-06-28 11:44:40.000000000,BEST_BID,"JPM,100502,166"
2019-06-28 11:44:40.000000000,BEST_ASK,"JPM,100569,83"
2019-06-28 11:44:40.000000000,BEST_BID,"JPM,100502,166"
2019-06-28 11:44:40.000000000,BEST_ASK,"JPM,100569,83"
2019-06-28 11:44:40.000000000,BEST_BID,"JPM,100502,166"
2019-06-28 11:44:40.000000000,BEST_ASK,"JPM,100569,83"
2019-06-28 11:44:40.000000000,BEST_BID,"JPM,100502,166"
2019-06-28 11:44:40.000000000,BEST_ASK,"JPM,100569,149"
2019-06-28 11:44:40.000000000,BEST_BID,"JPM,100502,166"
2019-06-28 11:44:40.000000000,BEST_ASK,"JPM,100569,149"
2019-06-28 11:44:40.000000000,BEST_BID,"JPM,100502,166"
2019-06-28 11:44:40.000000000,BEST_ASK,"JPM,100569,149"
2019-06-28 11:44:40.000000000,BEST_BID,"JPM,100502,166"
2019-06-28 11:44:40.000000000,BEST_ASK,"JPM,100569,149"
2019-06-28 11:44:40.000000000,BEST_BID,"JPM,100502,166"
2019-06-28 11:44:40.000000000,BEST_ASK,"JPM,100569,149"
2019-06-28 11:44:42.060329045,QUERY_SPREAD,47
2019-06-28 11:44:42.060329045,BEST_BID,"JPM,100502,166"
2019-06-28 11:44:42.060329045,BEST_ASK,"JPM,100569,149"
2019-06-28 11:44:44.949921838,QUERY_SPREAD,42
2019-06-28 11:44:44.949921838,BEST_BID,"JPM,100567,100"
2019-06-28 11:44:44.949921838,BEST_ASK,"JPM,100569,149"
2019-06-28 11:44:50.000000000,QUERY_SPREAD,1
2019-06-28 11:44:50.000000000,BEST_BID,"JPM,100567,182"
2019-06-28 11:44:50.000000000,BEST_ASK,"JPM,100569,83"
2019-06-28 11:44:50.000000000,BEST_BID,"JPM,100567,182"
2019-06-28 11:44:50.000000000,BEST_ASK,"JPM,100569,83"
2019-06-28 11:44:50.000000000,BEST_BID,"JPM,100567,182"
2019-06-28 11:44:50.000000000,BEST_ASK,"JPM,100569,83"
2019-06-28 11:44:50.000000000,BEST_BID,"JPM,100567,182"
2019-06-28 11:44:50.000000000,BEST_ASK,"JPM,100569,83"
2019-06-28 11:44:50.000000000,BEST_BID,"JPM,100567,182"
2019-06-28 11:44:50.000000000,BEST_ASK,"JPM,100569,165"
2019-06-28 11:44:50.000000000,BEST_BID,"JPM,100567,182"
2019-06-28 11:44:50.000000000,BEST_ASK,"JPM,100569,165"
2019-06-28 11:44:50.000000000,BEST_BID,"JPM,100567,182"
2019-06-28 11:44:50.000000000,BEST_ASK,"JPM,100569,165"
2019-06-28 11:44:50.000000000,BEST_BID,"JPM,100567,182"
2019-06-28 11:44:50.000000000,BEST_ASK,"JPM,100569,165"
2019-06-28 11:44:53.351118751,QUERY_ORDER_STREAM,61
2019-06-28 11:44:53.351118751,QUERY_SPREAD,61
2019-06-28 11:45:00.000000000,QUERY_SPREAD,1
2019-06-28 11:45:00.000000000,BEST_BID,"JPM,100567,428"
2019-06-28 11:45:00.000000000,BEST_ASK,"JPM,100569,83"
2019-06-28 11:45:00.000000000,BEST_BID,"JPM,100567,428"
2019-06-28 11:45:00.000000000,BEST_ASK,"JPM,100569,411"
2019-06-28 11:45:00.000000000,QUERY_SPREAD,77
2019-06-28 11:45:00.000000000,BEST_BID,"JPM,100567,428"
2019-06-28 11:45:00.000000000,BEST_ASK,"JPM,100569,407"
2019-06-28 11:45:00.000000000,LAST_TRADE,"4,$100569.0000"
2019-06-28 11:45:00.000000000,QUERY_SPREAD,78
2019-06-28 11:45:00.000000000,BEST_BID,"JPM,100567,428"
2019-06-28 11:45:00.000000000,BEST_ASK,"JPM,100569,399"
2019-06-28 11:45:00.000000000,LAST_TRADE,"8,$100569.0000"
2019-06-28 11:45:00.000000000,QUERY_SPREAD,79
2019-06-28 11:45:00.000000000,BEST_BID,"JPM,100567,428"
2019-06-28 11:45:00.000000000,BEST_ASK,"JPM,100569,398"
2019-06-28 11:45:00.000000000,LAST_TRADE,"1,$100569.0000"
2019-06-28 11:45:00.000000000,QUERY_SPREAD,80
2019-06-28 11:45:00.000000000,BEST_BID,"JPM,100567,428"
2019-06-28 11:45:00.000000000,BEST_ASK,"JPM,100569,393"
2019-06-28 11:45:00.000000000,LAST_TRADE,"5,$100569.0000"
2019-06-28 11:45:00.000000000,QUERY_SPREAD,81
2019-06-28 11:45:00.000000000,BEST_BID,"JPM,100567,428"
2019-06-28 11:45:00.000000000,BEST_ASK,"JPM,100569,388"
2019-06-28 11:45:00.000000000,LAST_TRADE,"5,$100569.0000"
2019-06-28 11:45:00.000000000,QUERY_SPREAD,82
2019-06-28 11:45:00.000000000,BEST_BID,"JPM,100567,428"
2019-06-28 11:45:00.000000000,BEST_ASK,"JPM,100569,382"
2019-06-28 11:45:00.000000000,LAST_TRADE,"6,$100569.0000"
2019-06-28 11:45:00.000000000,QUERY_SPREAD,83
2019-06-28 11:45:00.000000000,BEST_BID,"JPM,100567,428"
2019-06-28 11:45:00.000000000,BEST_ASK,"JPM,100569,378"
2019-06-28 11:45:00.000000000,LAST_TRADE,"4,$100569.0000"
2019-06-28 11:45:00.000000000,QUERY_SPREAD,84
2019-06-28 11:45:00.000000000,BEST_BID,"JPM,100567,428"
2019-06-28 11:45:00.000000000,BEST_ASK,"JPM,100569,373"
2019-06-28 11:45:00.000000000,LAST_TRADE,"5,$100569.0000"
2019-06-28 11:45:00.000000000,QUERY_SPREAD,85
2019-06-28 11:45:00.000000000,BEST_BID,"JPM,100567,428"
2019-06-28 11:45:00.000000000,BEST_ASK,"JPM,100569,368"
2019-06-28 11:45:00.000000000,LAST_TRADE,"5,$100569.0000"
2019-06-28 11:45:00.000000000,QUERY_SPREAD,86
2019-06-28 11:45:00.000000000,BEST_BID,"JPM,100567,428"
2019-06-28 11:45:00.000000000,BEST_ASK,"JPM,100569,359"
2019-06-28 11:45:00.000000000,LAST_TRADE,"9,$100569.0000"
2019-06-28 11:45:00.000000000,QUERY_SPREAD,87
2019-06-28 11:45:00.000000000,BEST_BID,"JPM,100567,428"
2019-06-28 11:45:00.000000000,BEST_ASK,"JPM,100569,357"
2019-06-28 11:45:00.000000000,LAST_TRADE,"2,$100569.0000"
2019-06-28 11:45:00.000000000,QUERY_SPREAD,88
2019-06-28 11:45:00.000000000,BEST_BID,"JPM,100567,428"
2019-06-28 11:45:00.000000000,BEST_ASK,"JPM,100569,349"
2019-06-28 11:45:00.000000000,LAST_TRADE,"8,$100569.0000"
2019-06-28 11:45:00.000000000,QUERY_SPREAD,89
2019-06-28 11:45:00.000000000,BEST_BID,"JPM,100567,428"
2019-06-28 11:45:00.000000000,BEST_ASK,"JPM,100569,342"
2019-06-28 11:45:00.000000000,LAST_TRADE,"7,$100569.0000"
2019-06-28 11:45:00.000000000,QUERY_SPREAD,90
2019-06-28 11:45:00.000000000,BEST_BID,"JPM,100567,428"
2019-06-28 11:45:00.000000000,BEST_ASK,"JPM,100569,336"
2019-06-28 11:45:00.000000000,LAST_TRADE,"6,$100569.0000"
2019-06-28 11:45:00.000000000,QUERY_SPREAD,91
2019-06-28 11:45:00.000000000,BEST_BID,"JPM,100567,428"
2019-06-28 11:45:00.000000000,BEST_ASK,"JPM,100569,331"
2019-06-28 11:45:00.000000000,LAST_TRADE,"5,$100569.0000"
2019-06-28 11:45:00.000000000,QUERY_SPREAD,92
2019-06-28 11:45:00.000000000,BEST_BID,"JPM,100567,428"
2019-06-28 11:45:00.000000000,BEST_ASK,"JPM,100569,330"
2019-06-28 11:45:00.000000000,LAST_TRADE,"1,$100569.0000"
2019-06-28 11:45:00.000000000,QUERY_SPREAD,93
2019-06-28 11:45:00.000000000,BEST_BID,"JPM,100567,428"
2019-06-28 11:45:00.000000000,BEST_ASK,"JPM,100569,328"
2019-06-28 11:45:00.000000000,LAST_TRADE,"2,$100569.0000"
2019-06-28 11:45:00.000000000,QUERY_SPREAD,94
2019-06-28 11:45:00.000000000,BEST_BID,"JPM,100567,428"
2019-06-28 11:45:00.000000000,BEST_ASK,"JPM,100569,326"
2019-06-28 11:45:00.000000000,LAST_TRADE,"2,$100569.0000"
2019-06-28 11:45:00.000000000,QUERY_SPREAD,95
2019-06-28 11:45:00.000000000,BEST_BID,"JPM,100567,428"
2019-06-28 11:45:00.000000000,BEST_ASK,"JPM,100569,319"
2019-06-28 11:45:00.000000000,LAST_TRADE,"7,$100569.0000"
2019-06-28 11:45:00.000000000,QUERY_SPREAD,96
2019-06-28 11:45:00.000000000,BEST_BID,"JPM,100567,428"
2019-06-28 11:45:00.000000000,BEST_ASK,"JPM,100569,312"
2019-06-28 11:45:00.000000000,LAST_TRADE,"7,$100569.0000"
2019-06-28 11:45:00.000000000,QUERY_SPREAD,97
2019-06-28 11:45:00.000000000,BEST_BID,"JPM,100567,428"
2019-06-28 11:45:00.000000000,BEST_ASK,"JPM,100569,306"
2019-06-28 11:45:00.000000000,LAST_TRADE,"6,$100569.0000"
2019-06-28 11:45:00.000000000,QUERY_SPREAD,98
2019-06-28 11:45:00.000000000,BEST_BID,"JPM,100567,428"
2019-06-28 11:45:00.000000000,BEST_ASK,"JPM,100569,302"
2019-06-28 11:45:00.000000000,LAST_TRADE,"4,$100569.0000"
2019-06-28 11:45:00.000000000,QUERY_SPREAD,99
2019-06-28 11:45:00.000000000,BEST_BID,"JPM,100567,428"
2019-06-28 11:45:00.000000000,BEST_ASK,"JPM,100569,300"
2019-06-28 11:45:00.000000000,LAST_TRADE,"2,$100569.0000"
2019-06-28 11:45:00.000000000,QUERY_SPREAD,100
2019-06-28 11:45:00.000000000,BEST_BID,"JPM,100567,428"
2019-06-28 11:45:00.000000000,BEST_ASK,"JPM,100569,294"
2019-06-28 11:45:00.000000000,LAST_TRADE,"6,$100569.0000"
2019-06-28 11:45:00.000000000,QUERY_SPREAD,101
2019-06-28 11:45:00.000000000,QUERY_ORDER_STREAM,101
2019-06-28 11:45:04.514532729,QUERY_SPREAD,42
2019-06-28 11:45:04.514532729,BEST_BID,"JPM,100567,328"
2019-06-28 11:45:04.514532729,BEST_ASK,"JPM,100569,194"
2019-06-28 11:45:04.514532729,LAST_TRADE,"100,$100569.0000"
2019-06-28 11:45:10.000000000,QUERY_SPREAD,1
2019-06-28 11:45:10.000000000,BEST_BID,"JPM,100502,264"
2019-06-28 11:45:10.000000000,BEST_ASK,"JPM,100651,100"
2019-06-28 11:45:10.000000000,BEST_BID,"JPM,100502,264"
2019-06-28 11:45:10.000000000,BEST_ASK,"JPM,100651,100"
2019-06-28 11:45:10.000000000,BEST_BID,"JPM,100502,264"
2019-06-28 11:45:10.000000000,BEST_ASK,"JPM,100651,264"
2019-06-28 11:45:10.000000000,BEST_BID,"JPM,100502,264"
2019-06-28 11:45:10.000000000,BEST_ASK,"JPM,100651,264"
2019-06-28 11:45:12.059928579,QUERY_ORDER_STREAM,59
2019-06-28 11:45:12.059928579,QUERY_SPREAD,59
2019-06-28 11:45:12.059928579,BEST_BID,"JPM,100569,100"
2019-06-28 11:45:12.059928579,BEST_ASK,"JPM,100651,264"
2019-06-28 11:45:20.000000000,QUERY_SPREAD,1
2019-06-28 11:45:20.000000000,BEST_BID,"JPM,100569,182"
2019-06-28 11:45:20.000000000,BEST_ASK,"JPM,100651,100"
2019-06-28 11:45:20.000000000,BEST_BID,"JPM,100569,182"
2019-06-28 11:45:20.000000000,BEST_ASK,"JPM,100651,100"
2019-06-28 11:45:20.000000000,BEST_BID,"JPM,100569,182"
2019-06-28 11:45:20.000000000,BEST_ASK,"JPM,100651,100"
2019-06-28 11:45:20.000000000,BEST_BID,"JPM,100569,182"
2019-06-28 11:45:20.000000000,BEST_ASK,"JPM,100651,100"
2019-06-28 11:45:20.000000000,BEST_BID,"JPM,100569,182"
2019-06-28 11:45:20.000000000,BEST_ASK,"JPM,100651,182"
2019-06-28 11:45:20.000000000,BEST_BID,"JPM,100569,182"
2019-06-28 11:45:20.000000000,BEST_ASK,"JPM,100651,182"
2019-06-28 11:45:20.000000000,BEST_BID,"JPM,100569,182"
2019-06-28 11:45:20.000000000,BEST_ASK,"JPM,100651,182"
2019-06-28 11:45:20.000000000,BEST_BID,"JPM,100569,182"
2019-06-28 11:45:20.000000000,BEST_ASK,"JPM,100651,182"
2019-06-28 11:45:24.080555922,QUERY_SPREAD,42
2019-06-28 11:45:24.080555922,BEST_BID,"JPM,100569,182"
2019-06-28 11:45:24.080555922,BEST_ASK,"JPM,100651,82"
2019-06-28 11:45:24.080555922,LAST_TRADE,"100,$100651.0000"
2019-06-28 11:45:27.124116100,QUERY_SPREAD,9
2019-06-28 11:45:27.124116100,BEST_BID,"JPM,100651,18"
2019-06-28 11:45:27.124116100,BEST_ASK,"JPM,100728,182"
2019-06-28 11:45:27.124116100,LAST_TRADE,"82,$100651.0000"
2019-06-28 11:45:30.000000000,QUERY_SPREAD,1
2019-06-28 11:45:30.000000000,BEST_BID,"JPM,100651,346"
2019-06-28 11:45:30.000000000,BEST_ASK,"JPM,100728,100"
2019-06-28 11:45:30.000000000,BEST_BID,"JPM,100651,346"
2019-06-28 11:45:30.000000000,BEST_ASK,"JPM,100728,428"
2019-06-28 11:45:33.642155239,QUERY_ORDER_STREAM,74
2019-06-28 11:45:33.642155239,QUERY_SPREAD,74
2019-06-28 11:45:33.642155239,BEST_BID,"JPM,100651,446"
2019-06-28 11:45:33.642155239,BEST_ASK,"JPM,100728,428"
2019-06-28 11:45:40.000000000,QUERY_SPREAD,1
2019-06-28 11:45:40.000000000,BEST_BID,"JPM,100651,200"
2019-06-28 11:45:40.000000000,BEST_ASK,"JPM,100728,100"
2019-06-28 11:45:40.000000000,BEST_BID,"JPM,100651,200"
2019-06-28 11:45:40.000000000,BEST_ASK,"JPM,100728,100"
2019-06-28 11:45:40.000000000,BEST_BID,"JPM,100651,200"
2019-06-28 11:45:40.000000000,BEST_ASK,"JPM,100728,100"
2019-06-28 11:45:40.000000000,BEST_BID,"JPM,100651,200"
2019-06-28 11:45:40.000000000,BEST_ASK,"JPM,100728,100"
2019-06-28 11:45:40.000000000,BEST_BID,"JPM,100651,200"
2019-06-28 11:45:40.000000000,BEST_ASK,"JPM,100728,182"
2019-06-28 11:45:40.000000000,BEST_BID,"JPM,100651,200"
2019-06-28 11:45:40.000000000,BEST_ASK,"JPM,100728,182"
2019-06-28 11:45:40.000000000,BEST_BID,"JPM,100651,200"
2019-06-28 11:45:40.000000000,BEST_ASK,"JPM,100728,182"
2019-06-28 11:45:40.000000000,BEST_BID,"JPM,100651,200"
2019-06-28 11:45:40.000000000,BEST_ASK,"JPM,100728,182"
2019-06-28 11:45:50.000000000,QUERY_SPREAD,1
2019-06-28 11:45:50.000000000,BEST_BID,"JPM,100651,446"
2019-06-28 11:45:50.000000000,BEST_ASK,"JPM,100728,100"
2019-06-28 11:45:50.000000000,BEST_BID,"JPM,100651,446"
2019-06-28 11:45:50.000000000,BEST_ASK,"JPM,100728,428"
2019-06-28 11:45:54.008364318,QUERY_SPREAD,51
2019-06-28 11:45:54.008364318,BEST_BID,"JPM,100651,446"
2019-06-28 11:45:54.008364318,BEST_ASK,"JPM,100728,328"
2019-06-28 11:45:54.008364318,LAST_TRADE,"100,$100728.0000"
2019-06-28 11:45:56.515971749,QUERY_SPREAD,38
2019-06-28 11:45:56.515971749,BEST_BID,"JPM,100651,446"
2019-06-28 11:45:56.515971749,BEST_ASK,"JPM,100728,228"
2019-06-28 11:45:56.515971749,LAST_TRADE,"100,$100728.0000"
2019-06-28 11:46:00.000000000,QUERY_SPREAD,1
2019-06-28 11:46:00.000000000,BEST_BID,"JPM,100651,230"
2019-06-28 11:46:00.000000000,BEST_ASK,"JPM,100859,117"
2019-06-28 11:46:00.000000000,BEST_BID,"JPM,100651,230"
2019-06-28 11:46:00.000000000,BEST_ASK,"JPM,100859,117"
2019-06-28 11:46:00.000000000,BEST_BID,"JPM,100651,230"
2019-06-28 11:46:00.000000000,BEST_ASK,"JPM,100859,117"
2019-06-28 11:46:00.000000000,BEST_BID,"JPM,100651,230"
2019-06-28 11:46:00.000000000,BEST_ASK,"JPM,100859,229"
2019-06-28 11:46:00.000000000,BEST_BID,"JPM,100651,230"
2019-06-28 11:46:00.000000000,BEST_ASK,"JPM,100859,229"
2019-06-28 11:46:00.000000000,BEST_BID,"JPM,100651,230"
2019-06-28 11:46:00.000000000,BEST_ASK,"JPM,100859,229"
2019-06-28 11:46:00.000000000,QUERY_SPREAD,77
2019-06-28 11:46:00.000000000,BEST_BID,"JPM,100651,230"
2019-06-28 11:46:00.000000000,BEST_ASK,"JPM,100859,225"
2019-06-28 11:46:00.000000000,LAST_TRADE,"4,$100859.0000"
2019-06-28 11:46:00.000000000,QUERY_SPREAD,78
2019-06-28 11:46:00.000000000,BEST_BID,"JPM,100651,230"
2019-06-28 11:46:00.000000000,BEST_ASK,"JPM,100859,217"
2019-06-28 11:46:00.000000000,LAST_TRADE,"8,$100859.0000"
2019-06-28 11:46:00.000000000,QUERY_SPREAD,79
2019-06-28 11:46:00.000000000,BEST_BID,"JPM,100651,230"
2019-06-28 11:46:00.000000000,BEST_ASK,"JPM,100859,216"
2019-06-28 11:46:00.000000000,LAST_TRADE,"1,$100859.0000"
2019-06-28 11:46:00.000000000,QUERY_SPREAD,80
2019-06-28 11:46:00.000000000,BEST_BID,"JPM,100651,230"
2019-06-28 11:46:00.000000000,BEST_ASK,"JPM,100859,211"
2019-06-28 11:46:00.000000000,LAST_TRADE,"5,$100859.0000"
2019-06-28 11:46:00.000000000,QUERY_SPREAD,81
2019-06-28 11:46:00.000000000,BEST_BID,"JPM,100651,230"
2019-06-28 11:46:00.000000000,BEST_ASK,"JPM,100859,206"
2019-06-28 11:46:00.000000000,LAST_TRADE,"5,$100859.0000"
2019-06-28 11:46:00.000000000,QUERY_SPREAD,82
2019-06-28 11:46:00.000000000,BEST_BID,"JPM,100651,230"
2019-06-28 11:46:00.000000000,BEST_ASK,"JPM,100859,200"
2019-06-28 11:46:00.000000000,LAST_TRADE,"6,$100859.0000"
2019-06-28 11:46:00.000000000,QUERY_SPREAD,83
2019-06-28 11:46:00.000000000,BEST_BID,"JPM,100651,230"
2019-06-28 11:46:00.000000000,BEST_ASK,"JPM,100859,196"
2019-06-28 11:46:00.000000000,LAST_TRADE,"4,$100859.0000"
2019-06-28 11:46:00.000000000,QUERY_SPREAD,84
2019-06-28 11:46:00.000000000,BEST_BID,"JPM,100651,230"
2019-06-28 11:46:00.000000000,BEST_ASK,"JPM,100859,191"
2019-06-28 11:46:00.000000000,LAST_TRADE,"5,$100859.0000"
2019-06-28 11:46:00.000000000,QUERY_SPREAD,85
2019-06-28 11:46:00.000000000,BEST_BID,"JPM,100651,230"
2019-06-28 11:46:00.000000000,BEST_ASK,"JPM,100859,186"
2019-06-28 11:46:00.000000000,LAST_TRADE,"5,$100859.0000"
2019-06-28 11:46:00.000000000,QUERY_SPREAD,86
2019-06-28 11:46:00.000000000,BEST_BID,"JPM,100651,230"
2019-06-28 11:46:00.000000000,BEST_ASK,"JPM,100859,177"
2019-06-28 11:46:00.000000000,LAST_TRADE,"9,$100859.0000"
2019-06-28 11:46:00.000000000,QUERY_SPREAD,87
2019-06-28 11:46:00.000000000,BEST_BID,"JPM,100651,230"
2019-06-28 11:46:00.000000000,BEST_ASK,"JPM,100859,175"
2019-06-28 11:46:00.000000000,LAST_TRADE,"2,$100859.0000"
2019-06-28 11:46:00.000000000,QUERY_SPREAD,88
2019-06-28 11:46:00.000000000,BEST_BID,"JPM,100651,230"
2019-06-28 11:46:00.000000000,BEST_ASK,"JPM,100859,167"
2019-06-28 11:46:00.000000000,LAST_TRADE,"8,$100859.0000"
2019-06-28 11:46:00.000000000,QUERY_SPREAD,89
2019-06-28 11:46:00.000000000,BEST_BID,"JPM,100651,230"
2019-06-28 11:46:00.000000000,BEST_ASK,"JPM,100859,160"
2019-06-28 11:46:00.000000000,LAST_TRADE,"7,$100859.0000"
2019-06-28 11:46:00.000000000,QUERY_SPREAD,90
2019-06-28 11:46:00.000000000,BEST_BID,"JPM,100651,230"
2019-06-28 11:46:00.000000000,BEST_ASK,"JPM,100859,154"
2019-06-28 11:46:00.000000000,LAST_TRADE,"6,$100859.0000"
2019-06-28 11:46:00.000000000,QUERY_SPREAD,91
2019-06-28 11:46:00.000000000,BEST_BID,"JPM,100651,230"
2019-06-28 11:46:00.000000000,BEST_ASK,"JPM,100859,149"
2019-06-28 11:46:00.000000000,LAST_TRADE,"5,$100859.0000"
2019-06-28 11:46:00.000000000,QUERY_SPREAD,92
2019-06-28 11:46:00.000000000,BEST_BID,"JPM,100651,230"
2019-06-28 11:46:00.000000000,BEST_ASK,"JPM,100859,148"
2019-06-28 11:46:00.000000000,LAST_TRADE,"1,$100859.0000"
2019-06-28 11:46:00.000000000,QUERY_SPREAD,93
2019-06-28 11:46:00.000000000,BEST_BID,"JPM,100651,230"
2019-06-28 11:46:00.000000000,BEST_ASK,"JPM,100859,146"
2019-06-28 11:46:00.000000000,LAST_TRADE,"2,$100859.0000"
2019-06-28 11:46:00.000000000,QUERY_SPREAD,94
2019-06-28 11:46:00.000000000,BEST_BID,"JPM,100651,230"
2019-06-28 11:46:00.000000000,BEST_ASK,"JPM,100859,144"
2019-06-28 11:46:00.000000000,LAST_TRADE,"2,$100859.0000"
2019-06-28 11:46:00.000000000,QUERY_SPREAD,95
2019-06-28 11:46:00.000000000,BEST_BID,"JPM,100651,230"
2019-06-28 11:46:00.000000000,BEST_ASK,"JPM,100859,137"
2019-06-28 11:46:00.000000000,LAST_TRADE,"7,$100859.0000"
2019-06-28 11:46:00.000000000,QUERY_SPREAD,96
2019-06-28 11:46:00.000000000,BEST_BID,"JPM,100651,230"
2019-06-28 11:46:00.000000000,BEST_ASK,"JPM,100859,130"
2019-06-28 11:46:00.000000000,LAST_TRADE,"7,$100859.0000"
2019-06-28 11:46:00.000000000,QUERY_SPREAD,97
2019-06-28 11:46:00.000000000,BEST_BID,"JPM,100651,230"
2019-06-28 11:46:00.000000000,BEST_ASK,"JPM,100859,124"
2019-06-28 11:46:00.000000000,LAST_TRADE,"6,$100859.0000"
2019-06-28 11:46:00.000000000,QUERY_SPREAD,98
2019-06-28 11:46:00.000000000,BEST_BID,"JPM,100651,230"
2019-06-28 11:46:00.000000000,BEST_ASK,"JPM,100859,120"
2019-06-28 11:46:00.000000000,LAST_TRADE,"4,$100859.0000"
2019-06-28 11:46:00.000000000,QUERY_SPREAD,99
2019-06-28 11:46:00.000000000,BEST_BID,"JPM,100651,230"
2019-06-28 11:46:00.000000000,BEST_ASK,"JPM,100859,118"
2019-06-28 11:46:00.000000000,LAST_TRADE,"2,$100859.0000"
2019-06-28 11:46:00.000000000,QUERY_SPREAD,100
2019-06-28 11:46:00.000000000,BEST_BID,"JPM,100651,230"
2019-06-28 11:46:00.000000000,BEST_ASK,"JPM,100859,112"
2019-06-28 11:46:00.000000000,LAST_TRADE,"6,$100859.0000"
2019-06-28 11:46:00.000000000,QUERY_SPREAD,101
2019-06-28 11:46:00.000000000,QUERY_ORDER_STREAM,101
2019-06-28 11:46:10.000000000,QUERY_SPREAD,1
2019-06-28 11:46:10.000000000,BEST_BID,"JPM,100651,184"
2019-06-28 11:46:10.000000000,BEST_ASK,"JPM,101213,200"
2019-06-28 11:46:10.000000000,BEST_BID,"JPM,100651,184"
2019-06-28 11:46:10.000000000,BEST_ASK,"JPM,101213,200"
2019-06-28 11:46:10.000000000,BEST_BID,"JPM,100651,184"
2019-06-28 11:46:10.000000000,BEST_ASK,"JPM,101213,200"
2019-06-28 11:46:10.000000000,BEST_BID,"JPM,100651,184"
2019-06-28 11:46:10.000000000,BEST_ASK,"JPM,101213,200"
2019-06-28 11:46:10.000000000,BEST_BID,"JPM,100651,184"
2019-06-28 11:46:10.000000000,BEST_ASK,"JPM,101213,200"
2019-06-28 11:46:10.000000000,BEST_BID,"JPM,100651,184"
2019-06-28 11:46:10.000000000,BEST_ASK,"JPM,101213,266"
2019-06-28 11:46:10.000000000,BEST_BID,"JPM,100651,184"
2019-06-28 11:46:10.000000000,BEST_ASK,"JPM,101213,266"
2019-06-28 11:46:10.000000000,BEST_BID,"JPM,100651,184"
2019-06-28 11:46:10.000000000,BEST_ASK,"JPM,101213,266"
2019-06-28 11:46:10.000000000,BEST_BID,"JPM,100651,184"
2019-06-28 11:46:10.000000000,BEST_ASK,"JPM,101213,266"
2019-06-28 11:46:10.000000000,BEST_BID,"JPM,100651,184"
2019-06-28 11:46:10.000000000,BEST_ASK,"JPM,101213,266"
2019-06-28 11:46:10.288230864,QUERY_SPREAD,51
2019-06-28 11:46:10.288230864,BEST_BID,"JPM,100651,184"
2019-06-28 11:46:10.288230864,BEST_ASK,"JPM,101213,266"
2019-06-28 11:46:20.000000000,QUERY_SPREAD,1
2019-06-28 11:46:20.000000000,BEST_BID,"JPM,100651,230"
2019-06-28 11:46:20.000000000,BEST_ASK,"JPM,101213,200"
2019-06-28 11:46:20.000000000,BEST_BID,"JPM,100651,230"
2019-06-28 11:46:20.000000000,BEST_ASK,"JPM,101213,200"
2019-06-28 11:46:20.000000000,BEST_BID,"JPM,100651,230"
2019-06-28 11:46:20.000000000,BEST_ASK,"JPM,101213,200"
2019-06-28 11:46:20.000000000,BEST_BID,"JPM,100651,230"
2019-06-28 11:46:20.000000000,BEST_ASK,"JPM,101213,312"
2019-06-28 11:46:20.000000000,BEST_BID,"JPM,100651,230"
2019-06-28 11:46:20.000000000,BEST_ASK,"JPM,101213,312"
2019-06-28 11:46:20.000000000,BEST_BID,"JPM,100651,230"
2019-06-28 11:46:20.000000000,BEST_ASK,"JPM,101213,312"
2019-06-28 11:46:20.976437797,QUERY_SPREAD,9
2019-06-28 11:46:20.976437797,BEST_BID,"JPM,100651,212"
2019-06-28 11:46:20.976437797,BEST_ASK,"JPM,101213,312"
2019-06-28 11:46:30.000000000,QUERY_SPREAD,1
2019-06-28 11:46:30.000000000,BEST_BID,"JPM,100651,264"
2019-06-28 11:46:30.000000000,BEST_ASK,"JPM,101213,200"
2019-06-28 11:46:30.000000000,BEST_BID,"JPM,100651,264"
2019-06-28 11:46:30.000000000,BEST_ASK,"JPM,101213,200"
2019-06-28 11:46:30.000000000,BEST_BID,"JPM,100651,264"
2019-06-28 11:46:30.000000000,BEST_ASK,"JPM,101213,364"
2019-06-28 11:46:30.000000000,BEST_BID,"JPM,100651,264"
2019-06-28 11:46:30.000000000,BEST_ASK,"JPM,101213,364"
2019-06-28 11:46:32.029247591,QUERY_SPREAD,11
2019-06-28 11:46:32.029247591,BEST_BID,"JPM,100651,164"
2019-06-28 11:46:32.029247591,BEST_ASK,"JPM,101213,364"
2019-06-28 11:46:32.029247591,LAST_TRADE,"100,$100651.0000"
2019-06-28 11:46:40.000000000,QUERY_SPREAD,1
2019-06-28 11:46:40.000000000,BEST_BID,"JPM,100599,166"
2019-06-28 11:46:40.000000000,BEST_ASK,"JPM,101213,200"
2019-06-28 11:46:40.000000000,BEST_BID,"JPM,100599,166"
2019-06-28 11:46:40.000000000,BEST_ASK,"JPM,101213,200"
2019-06-28 11:46:40.000000000,BEST_BID,"JPM,100599,166"
2019-06-28 11:46:40.000000000,BEST_ASK,"JPM,101213,200"
2019-06-28 11:46:40.000000000,BEST_BID,"JPM,100599,166"
2019-06-28 11:46:40.000000000,BEST_ASK,"JPM,101213,200"
2019-06-28 11:46:40.000000000,BEST_BID,"JPM,100599,166"
2019-06-28 11:46:40.000000000,BEST_ASK,"JPM,101213,200"
2019-06-28 11:46:40.000000000,BEST_BID,"JPM,100599,166"
2019-06-28 11:46:40.000000000,BEST_ASK,"JPM,101213,266"
2019-06-28 11:46:40.000000000,BEST_BID,"JPM,100599,166"
2019-06-28 11:46:40.000000000,BEST_ASK,"JPM,101213,266"
2019-06-28 11:46:40.000000000,BEST_BID,"JPM,100599,166"
2019-06-28 11:46:40.000000000,BEST_ASK,"JPM,101213,266"
2019-06-28 11:46:40.000000000,BEST_BID,"JPM,100599,166"
2019-06-28 11:46:40.000000000,BEST_ASK,"JPM,101213,266"
2019-06-28 11:46:40.000000000,BEST_BID,"JPM,100599,166"
2019-06-28 11:46:40.000000000,BEST_ASK,"JPM,101213,266"
2019-06-28 11:46:43.545911985,QUERY_SPREAD,36
2019-06-28 11:46:43.545911985,BEST_BID,"JPM,100599,66"
2019-06-28 11:46:43.545911985,BEST_ASK,"JPM,101213,266"
2019-06-28 11:46:43.545911985,LAST_TRADE,"100,$100599.0000"
2019-06-28 11:46:48.429683881,QUERY_SPREAD,46
2019-06-28 11:46:48.429683881,BEST_BID,"JPM,100569,166"
2019-06-28 11:46:48.429683881,BEST_ASK,"JPM,100599,34"
2019-06-28 11:46:48.429683881,LAST_TRADE,"66,$100599.0000"
2019-06-28 11:46:50.000000000,QUERY_SPREAD,1
2019-06-28 11:46:50.000000000,BEST_BID,"JPM,100569,212"
2019-06-28 11:46:50.000000000,BEST_ASK,"JPM,100599,34"
2019-06-28 11:46:50.000000000,BEST_BID,"JPM,100569,212"
2019-06-28 11:46:50.000000000,BEST_ASK,"JPM,100599,34"
2019-06-28 11:46:50.000000000,BEST_BID,"JPM,100569,212"
2019-06-28 11:46:50.000000000,BEST_ASK,"JPM,100599,34"
2019-06-28 11:46:50.000000000,BEST_BID,"JPM,100569,212"
2019-06-28 11:46:50.000000000,BEST_ASK,"JPM,100599,146"
2019-06-28 11:46:50.000000000,BEST_BID,"JPM,100569,212"
2019-06-28 11:46:50.000000000,BEST_ASK,"JPM,100599,146"
2019-06-28 11:46:50.000000000,BEST_BID,"JPM,100569,212"
2019-06-28 11:46:50.000000000,BEST_ASK,"JPM,100599,146"
2019-06-28 11:47:00.000000000,QUERY_SPREAD,1
2019-06-28 11:47:00.000000000,BEST_BID,"JPM,100569,264"
2019-06-28 11:47:00.000000000,BEST_ASK,"JPM,100599,34"
2019-06-28 11:47:00.000000000,BEST_BID,"JPM,100569,264"
2019-06-28 11:47:00.000000000,BEST_ASK,"JPM,100599,34"
2019-06-28 11:47:00.000000000,BEST_BID,"JPM,100569,264"
2019-06-28 11:47:00.000000000,BEST_ASK,"JPM,100599,198"
2019-06-28 11:47:00.000000000,BEST_BID,"JPM,100569,264"
2019-06-28 11:47:00.000000000,BEST_ASK,"JPM,100599,198"
2019-06-28 11:47:00.000000000,QUERY_SPREAD,77
2019-06-28 11:47:00.000000000,BEST_BID,"JPM,100569,264"
2019-06-28 11:47:00.000000000,BEST_ASK,"JPM,100599,194"
2019-06-28 11:47:00.000000000,LAST_TRADE,"4,$100599.0000"
2019-06-28 11:47:00.000000000,QUERY_SPREAD,78
2019-06-28 11:47:00.000000000,BEST_BID,"JPM,100569,264"
2019-06-28 11:47:00.000000000,BEST_ASK,"JPM,100599,186"
2019-06-28 11:47:00.000000000,LAST_TRADE,"8,$100599.0000"
2019-06-28 11:47:00.000000000,QUERY_SPREAD,79
2019-06-28 11:47:00.000000000,BEST_BID,"JPM,100569,264"
2019-06-28 11:47:00.000000000,BEST_ASK,"JPM,100599,185"
2019-06-28 11:47:00.000000000,LAST_TRADE,"1,$100599.0000"
2019-06-28 11:47:00.000000000,QUERY_SPREAD,80
2019-06-28 11:47:00.000000000,BEST_BID,"JPM,100569,264"
2019-06-28 11:47:00.000000000,BEST_ASK,"JPM,100599,180"
2019-06-28 11:47:00.000000000,LAST_TRADE,"5,$100599.0000"
2019-06-28 11:47:00.000000000,QUERY_SPREAD,81
2019-06-28 11:47:00.000000000,BEST_BID,"JPM,100569,264"
2019-06-28 11:47:00.000000000,BEST_ASK,"JPM,100599,175"
2019-06-28 11:47:00.000000000,LAST_TRADE,"5,$100599.0000"
2019-06-28 11:47:00.000000000,QUERY_SPREAD,82
2019-06-28 11:47:00.000000000,BEST_BID,"JPM,100569,264"
2019-06-28 11:47:00.000000000,BEST_ASK,"JPM,100599,169"
2019-06-28 11:47:00.000000000,LAST_TRADE,"6,$100599.0000"
2019-06-28 11:47:00.000000000,QUERY_SPREAD,83
2019-06-28 11:47:00.000000000,BEST_BID,"JPM,100569,264"
2019-06-28 11:47:00.000000000,BEST_ASK,"JPM,100599,165"
2019-06-28 11:47:00.000000000,LAST_TRADE,"4,$100599.0000"
2019-06-28 11:47:00.000000000,QUERY_SPREAD,84
2019-06-28 11:47:00.000000000,BEST_BID,"JPM,100569,264"
2019-06-28 11:47:00.000000000,BEST_ASK,"JPM,100599,160"
2019-06-28 11:47:00.000000000,LAST_TRADE,"5,$100599.0000"
2019-06-28 11:47:00.000000000,QUERY_SPREAD,85
2019-06-28 11:47:00.000000000,BEST_BID,"JPM,100569,264"
2019-06-28 11:47:00.000000000,BEST_ASK,"JPM,100599,155"
2019-06-28 11:47:00.000000000,LAST_TRADE,"5,$100599.0000"
2019-06-28 11:47:00.000000000,QUERY_SPREAD,86
2019-06-28 11:47:00.000000000,BEST_BID,"JPM,100569,264"
2019-06-28 11:47:00.000000000,BEST_ASK,"JPM,100599,146"
2019-06-28 11:47:00.000000000,LAST_TRADE,"9,$100599.0000"
2019-06-28 11:47:00.000000000,QUERY_SPREAD,87
2019-06-28 11:47:00.000000000,BEST_BID,"JPM,100569,264"
2019-06-28 11:47:00.000000000,BEST_ASK,"JPM,100599,144"
2019-06-28 11:47:00.000000000,LAST_TRADE,"2,$100599.0000"
2019-06-28 11:47:00.000000000,QUERY_SPREAD,88
2019-06-28 11:47:00.000000000,BEST_BID,"JPM,100569,264"
2019-06-28 11:47:00.000000000,BEST_ASK,"JPM,100599,136"
2019-06-28 11:47:00.000000000,LAST_TRADE,"8,$100599.0000"
2019-06-28 11:47:00.000000000,QUERY_SPREAD,89
2019-06-28 11:47:00.000000000,BEST_BID,"JPM,100569,264"
2019-06-28 11:47:00.000000000,BEST_ASK,"JPM,100599,129"
2019-06-28 11:47:00.000000000,LAST_TRADE,"7,$100599.0000"
2019-06-28 11:47:00.000000000,QUERY_SPREAD,90
2019-06-28 11:47:00.000000000,BEST_BID,"JPM,100569,264"
2019-06-28 11:47:00.000000000,BEST_ASK,"JPM,100599,123"
2019-06-28 11:47:00.000000000,LAST_TRADE,"6,$100599.0000"
2019-06-28 11:47:00.000000000,QUERY_SPREAD,91
2019-06-28 11:47:00.000000000,BEST_BID,"JPM,100569,264"
2019-06-28 11:47:00.000000000,BEST_ASK,"JPM,100599,118"
2019-06-28 11:47:00.000000000,LAST_TRADE,"5,$100599.0000"
2019-06-28 11:47:00.000000000,QUERY_SPREAD,92
2019-06-28 11:47:00.000000000,BEST_BID,"JPM,100569,264"
2019-06-28 11:47:00.000000000,BEST_ASK,"JPM,100599,117"
2019-06-28 11:47:00.000000000,LAST_TRADE,"1,$100599.0000"
2019-06-28 11:47:00.000000000,QUERY_SPREAD,93
2019-06-28 11:47:00.000000000,BEST_BID,"JPM,100569,264"
2019-06-28 11:47:00.000000000,BEST_ASK,"JPM,100599,115"
2019-06-28 11:47:00.000000000,LAST_TRADE,"2,$100599.0000"
2019-06-28 11:47:00.000000000,QUERY_SPREAD,94
2019-06-28 11:47:00.000000000,BEST_BID,"JPM,100569,264"
2019-06-28 11:47:00.000000000,BEST_ASK,"JPM,100599,113"
2019-06-28 11:47:00.000000000,LAST_TRADE,"2,$100599.0000"
2019-06-28 11:47:00.000000000,QUERY_SPREAD,95
2019-06-28 11:47:00.000000000,BEST_BID,"JPM,100569,264"
2019-06-28 11:47:00.000000000,BEST_ASK,"JPM,100599,106"
2019-06-28 11:47:00.000000000,LAST_TRADE,"7,$100599.0000"
2019-06-28 11:47:00.000000000,QUERY_SPREAD,96
2019-06-28 11:47:00.000000000,BEST_BID,"JPM,100569,264"
2019-06-28 11:47:00.000000000,BEST_ASK,"JPM,100599,99"
2019-06-28 11:47:00.000000000,LAST_TRADE,"7,$100599.0000"
2019-06-28 11:47:00.000000000,QUERY_SPREAD,97
2019-06-28 11:47:00.000000000,BEST_BID,"JPM,100569,264"
2019-06-28 11:47:00.000000000,BEST_ASK,"JPM,100599,93"
2019-06-28 11:47:00.000000000,LAST_TRADE,"6,$100599.0000"
2019-06-28 11:47:00.000000000,QUERY_SPREAD,98
2019-06-28 11:47:00.000000000,BEST_BID,"JPM,100569,264"
2019-06-28 11:47:00.000000000,BEST_ASK,"JPM,100599,89"
2019-06-28 11:47:00.000000000,LAST_TRADE,"4,$100599.0000"
2019-06-28 11:47:00.000000000,QUERY_SPREAD,99
2019-06-28 11:47:00.000000000,BEST_BID,"JPM,100569,264"
2019-06-28 11:47:00.000000000,BEST_ASK,"JPM,100599,87"
2019-06-28 11:47:00.000000000,LAST_TRADE,"2,$100599.0000"
2019-06-28 11:47:00.000000000,QUERY_SPREAD,100
2019-06-28 11:47:00.000000000,BEST_BID,"JPM,100569,264"
2019-06-28 11:47:00.000000000,BEST_ASK,"JPM,100599,81"
2019-06-28 11:47:00.000000000,LAST_TRADE,"6,$100599.0000"
2019-06-28 11:47:00.000000000,QUERY_SPREAD,101
2019-06-28 11:47:00.000000000,QUERY_ORDER_STREAM,101
2019-06-28 11:47:10.000000000,QUERY_SPREAD,1
2019-06-28 11:47:10.000000000,BEST_BID,"JPM,100569,182"
2019-06-28 11:47:10.000000000,BEST_ASK,"JPM,101213,200"
2019-06-28 11:47:10.000000000,BEST_BID,"JPM,100569,182"
2019-06-28 11:47:10.000000000,BEST_ASK,"JPM,101213,200"
2019-06-28 11:47:10.000000000,BEST_BID,"JPM,100569,182"
2019-06-28 11:47:10.000000000,BEST_ASK,"JPM,101213,200"
2019-06-28 11:47:10.000000000,BEST_BID,"JPM,100569,182"
2019-06-28 11:47:10.000000000,BEST_ASK,"JPM,101213,200"
2019-06-28 11:47:10.000000000,BEST_BID,"JPM,100569,182"
2019-06-28 11:47:10.000000000,BEST_ASK,"JPM,101213,282"
2019-06-28 11:47:10.000000000,BEST_BID,"JPM,100569,182"
2019-06-28 11:47:10.000000000,BEST_ASK,"JPM,101213,282"
2019-06-28 11:47:10.000000000,BEST_BID,"JPM,100569,182"
2019-06-28 11:47:10.000000000,BEST_ASK,"JPM,101213,282"
2019-06-28 11:47:10.000000000,BEST_BID,"JPM,100569,182"
2019-06-28 11:47:10.000000000,BEST_ASK,"JPM,101213,282"
2019-06-28 11:47:13.502684320,QUERY_SPREAD,35
2019-06-28 11:47:13.502684320,BEST_BID,"JPM,100569,182"
2019-06-28 11:47:13.502684320,BEST_ASK,"JPM,101213,282"
2019-06-28 11:47:14.504921873,QUERY_ORDER_STREAM,63
2019-06-28 11:47:14.504921873,QUERY_SPREAD,63
2019-06-28 11:47:20.000000000,QUERY_SPREAD,1
2019-06-28 11:47:20.000000000,BEST_BID,"JPM,100569,264"
2019-06-28 11:47:20.000000000,BEST_ASK,"JPM,101213,200"
2019-06-28 11:47:20.000000000,BEST_BID,"JPM,100569,264"
2019-06-28 11:47:20.000000000,BEST_ASK,"JPM,101213,200"
2019-06-28 11:47:20.000000000,BEST_BID,"JPM,100569,264"
2019-06-28 11:47:20.000000000,BEST_ASK,"JPM,101213,364"
2019-06-28 11:47:20.000000000,BEST_BID,"JPM,100569,264"
2019-06-28 11:47:20.000000000,BEST_ASK,"JPM,101213,364"
2019-06-28 11:47:22.963809162,QUERY_SPREAD,8
2019-06-28 11:47:22.963809162,BEST_BID,"JPM,100569,164"
2019-06-28 11:47:22.963809162,BEST_ASK,"JPM,101213,364"
2019-06-28 11:47:22.963809162,LAST_TRADE,"100,$100569.0000"
2019-06-28 11:47:29.825878247,QUERY_SPREAD,36
2019-06-28 11:47:29.825878247,BEST_BID,"JPM,100569,64"
2019-06-28 11:47:29.825878247,BEST_ASK,"JPM,101213,364"
2019-06-28 11:47:29.825878247,LAST_TRADE,"100,$100569.0000"
2019-06-28 11:47:30.000000000,QUERY_SPREAD,1
2019-06-28 11:47:30.000000000,BEST_BID,"JPM,100539,428"
2019-06-28 11:47:30.000000000,BEST_ASK,"JPM,101213,200"
2019-06-28 11:47:30.000000000,BEST_BID,"JPM,100539,428"
2019-06-28 11:47:30.000000000,BEST_ASK,"JPM,101213,528"
2019-06-28 11:47:39.707080597,QUERY_SPREAD,45
2019-06-28 11:47:39.707080597,BEST_BID,"JPM,100539,328"
2019-06-28 11:47:39.707080597,BEST_ASK,"JPM,101213,528"
2019-06-28 11:47:39.707080597,LAST_TRADE,"100,$100539.0000"
2019-06-28 11:47:40.000000000,QUERY_SPREAD,1
2019-06-28 11:47:40.000000000,BEST_BID,"JPM,100502,212"
2019-06-28 11:47:40.000000000,BEST_ASK,"JPM,101213,200"
2019-06-28 11:47:40.000000000,BEST_BID,"JPM,100502,212"
2019-06-28 11:47:40.000000000,BEST_ASK,"JPM,101213,200"
2019-06-28 11:47:40.000000000,BEST_BID,"JPM,100502,212"
2019-06-28 11:47:40.000000000,BEST_ASK,"JPM,101213,200"
2019-06-28 11:47:40.000000000,BEST_BID,"JPM,100502,212"
2019-06-28 11:47:40.000000000,BEST_ASK,"JPM,101213,312"
2019-06-28 11:47:40.000000000,BEST_BID,"JPM,100502,212"
2019-06-28 11:47:40.000000000,BEST_ASK,"JPM,101213,312"
2019-06-28 11:47:40.000000000,BEST_BID,"JPM,100502,212"
2019-06-28 11:47:40.000000000,BEST_ASK,"JPM,101213,312"
2019-06-28 11:47:44.290147177,QUERY_SPREAD,10
2019-06-28 11:47:44.290147177,BEST_BID,"JPM,100502,212"
2019-06-28 11:47:44.290147177,BEST_ASK,"JPM,100732,100"
2019-06-28 11:47:50.000000000,QUERY_SPREAD,1
2019-06-28 11:47:50.000000000,BEST_BID,"JPM,100502,428"
2019-06-28 11:47:50.000000000,BEST_ASK,"JPM,100732,100"
2019-06-28 11:47:50.000000000,BEST_BID,"JPM,100502,428"
2019-06-28 11:47:50.000000000,BEST_ASK,"JPM,100732,428"
2019-06-28 11:47:58.096103532,QUERY_ORDER_STREAM,76
2019-06-28 11:47:58.096103532,QUERY_SPREAD,76
2019-06-28 11:48:00.000000000,QUERY_SPREAD,1
2019-06-28 11:48:00.000000000,BEST_BID,"JPM,100502,428"
2019-06-28 11:48:00.000000000,BEST_ASK,"JPM,100732,100"
2019-06-28 11:48:00.000000000,BEST_BID,"JPM,100502,428"
2019-06-28 11:48:00.000000000,BEST_ASK,"JPM,100732,428"
2019-06-28 11:48:00.000000000,QUERY_SPREAD,77
2019-06-28 11:48:00.000000000,BEST_BID,"JPM,100502,428"
2019-06-28 11:48:00.000000000,BEST_ASK,"JPM,100732,424"
2019-06-28 11:48:00.000000000,LAST_TRADE,"4,$100732.0000"
2019-06-28 11:48:00.000000000,QUERY_SPREAD,78
2019-06-28 11:48:00.000000000,BEST_BID,"JPM,100502,428"
2019-06-28 11:48:00.000000000,BEST_ASK,"JPM,100732,416"
2019-06-28 11:48:00.000000000,LAST_TRADE,"8,$100732.0000"
2019-06-28 11:48:00.000000000,QUERY_SPREAD,79
2019-06-28 11:48:00.000000000,BEST_BID,"JPM,100502,428"
2019-06-28 11:48:00.000000000,BEST_ASK,"JPM,100732,415"
2019-06-28 11:48:00.000000000,LAST_TRADE,"1,$100732.0000"
2019-06-28 11:48:00.000000000,QUERY_SPREAD,80
2019-06-28 11:48:00.000000000,BEST_BID,"JPM,100502,428"
2019-06-28 11:48:00.000000000,BEST_ASK,"JPM,100732,410"
2019-06-28 11:48:00.000000000,LAST_TRADE,"5,$100732.0000"
2019-06-28 11:48:00.000000000,QUERY_SPREAD,81
2019-06-28 11:48:00.000000000,BEST_BID,"JPM,100502,428"
2019-06-28 11:48:00.000000000,BEST_ASK,"JPM,100732,405"
2019-06-28 11:48:00.000000000,LAST_TRADE,"5,$100732.0000"
2019-06-28 11:48:00.000000000,QUERY_SPREAD,82
2019-06-28 11:48:00.000000000,BEST_BID,"JPM,100502,428"
2019-06-28 11:48:00.000000000,BEST_ASK,"JPM,100732,399"
2019-06-28 11:48:00.000000000,LAST_TRADE,"6,$100732.0000"
2019-06-28 11:48:00.000000000,QUERY_SPREAD,83
2019-06-28 11:48:00.000000000,BEST_BID,"JPM,100502,428"
2019-06-28 11:48:00.000000000,BEST_ASK,"JPM,100732,395"
2019-06-28 11:48:00.000000000,LAST_TRADE,"4,$100732.0000"
2019-06-28 11:48:00.000000000,QUERY_SPREAD,84
2019-06-28 11:48:00.000000000,BEST_BID,"JPM,100502,428"
2019-06-28 11:48:00.000000000,BEST_ASK,"JPM,100732,390"
2019-06-28 11:48:00.000000000,LAST_TRADE,"5,$100732.0000"
2019-06-28 11:48:00.000000000,QUERY_SPREAD,85
2019-06-28 11:48:00.000000000,BEST_BID,"JPM,100502,428"
2019-06-28 11:48:00.000000000,BEST_ASK,"JPM,100732,385"
2019-06-28 11:48:00.000000000,LAST_TRADE,"5,$100732.0000"
2019-06-28 11:48:00.000000000,QUERY_SPREAD,86
2019-06-28 11:48:00.000000000,BEST_BID,"JPM,100502,428"
2019-06-28 11:48:00.000000000,BEST_ASK,"JPM,100732,376"
2019-06-28 11:48:00.000000000,LAST_TRADE,"9,$100732.0000"
2019-06-28 11:48:00.000000000,QUERY_SPREAD,87
2019-06-28 11:48:00.000000000,BEST_BID,"JPM,100502,428"
2019-06-28 11:48:00.000000000,BEST_ASK,"JPM,100732,374"
2019-06-28 11:48:00.000000000,LAST_TRADE,"2,$100732.0000"
2019-06-28 11:48:00.000000000,QUERY_SPREAD,88
2019-06-28 11:48:00.000000000,BEST_BID,"JPM,100502,428"
2019-06-28 11:48:00.000000000,BEST_ASK,"JPM,100732,366"
2019-06-28 11:48:00.000000000,LAST_TRADE,"8,$100732.0000"
2019-06-28 11:48:00.000000000,QUERY_SPREAD,89
2019-06-28 11:48:00.000000000,BEST_BID,"JPM,100502,428"
2019-06-28 11:48:00.000000000,BEST_ASK,"JPM,100732,359"
2019-06-28 11:48:00.000000000,LAST_TRADE,"7,$100732.0000"
2019-06-28 11:48:00.000000000,QUERY_SPREAD,90
2019-06-28 11:48:00.000000000,BEST_BID,"JPM,100502,428"
2019-06-28 11:48:00.000000000,BEST_ASK,"JPM,100732,353"
2019-06-28 11:48:00.000000000,LAST_TRADE,"6,$100732.0000"
2019-06-28 11:48:00.000000000,QUERY_SPREAD,91
2019-06-28 11:48:00.000000000,BEST_BID,"JPM,100502,428"
2019-06-28 11:48:00.000000000,BEST_ASK,"JPM,100732,348"
2019-06-28 11:48:00.000000000,LAST_TRADE,"5,$100732.0000"
2019-06-28 11:48:00.000000000,QUERY_SPREAD,92
2019-06-28 11:48:00.000000000,BEST_BID,"JPM,100502,428"
2019-06-28 11:48:00.000000000,BEST_ASK,"JPM,100732,347"
2019-06-28 11:48:00.000000000,LAST_TRADE,"1,$100732.0000"
2019-06-28 11:48:00.000000000,QUERY_SPREAD,93
2019-06-28 11:48:00.000000000,BEST_BID,"JPM,100502,428"
2019-06-28 11:48:00.000000000,BEST_ASK,"JPM,100732,345"
2019-06-28 11:48:00.000000000,LAST_TRADE,"2,$100732.0000"
2019-06-28 11:48:00.000000000,QUERY_SPREAD,94
2019-06-28 11:48:00.000000000,BEST_BID,"JPM,100502,428"
2019-06-28 11:48:00.000000000,BEST_ASK,"JPM,100732,343"
2019-06-28 11:48:00.000000000,LAST_TRADE,"2,$100732.0000"
2019-06-28 11:48:00.000000000,QUERY_SPREAD,95
2019-06-28 11:48:00.000000000,BEST_BID,"JPM,100502,428"
2019-06-28 11:48:00.000000000,BEST_ASK,"JPM,100732,336"
2019-06-28 11:48:00.000000000,LAST_TRADE,"7,$100732.0000"
2019-06-28 11:48:00.000000000,QUERY_SPREAD,96
2019-06-28 11:48:00.000000000,BEST_BID,"JPM,100502,428"
2019-06-28 11:48:00.000000000,BEST_ASK,"JPM,100732,329"
2019-06-28 11:48:00.000000000,LAST_TRADE,"7,$100732.0000"
2019-06-28 11:48:00.000000000,QUERY_SPREAD,97
2019-06-28 11:48:00.000000000,BEST_BID,"JPM,100502,428"
2019-06-28 11:48:00.000000000,BEST_ASK,"JPM,100732,323"
2019-06-28 11:48:00.000000000,LAST_TRADE,"6,$100732.0000"
2019-06-28 11:48:00.000000000,QUERY_SPREAD,98
2019-06-28 11:48:00.000000000,BEST_BID,"JPM,100502,428"
2019-06-28 11:48:00.000000000,BEST_ASK,"JPM,100732,319"
2019-06-28 11:48:00.000000000,LAST_TRADE,"4,$100732.0000"
2019-06-28 11:48:00.000000000,QUERY_SPREAD,99
2019-06-28 11:48:00.000000000,BEST_BID,"JPM,100502,428"
2019-06-28 11:48:00.000000000,BEST_ASK,"JPM,100732,317"
2019-06-28 11:48:00.000000000,LAST_TRADE,"2,$100732.0000"
2019-06-28 11:48:00.000000000,QUERY_SPREAD,100
2019-06-28 11:48:00.000000000,BEST_BID,"JPM,100502,428"
2019-06-28 11:48:00.000000000,BEST_ASK,"JPM,100732,311"
2019-06-28 11:48:00.000000000,LAST_TRADE,"6,$100732.0000"
2019-06-28 11:48:00.000000000,QUERY_SPREAD,101
2019-06-28 11:48:00.000000000,QUERY_ORDER_STREAM,101
2019-06-28 11:48:10.000000000,QUERY_SPREAD,1
2019-06-28 11:48:10.000000000,BEST_BID,"JPM,100502,264"
2019-06-28 11:48:10.000000000,BEST_ASK,"JPM,101213,200"
2019-06-28 11:48:10.000000000,BEST_BID,"JPM,100502,264"
2019-06-28 11:48:10.000000000,BEST_ASK,"JPM,101213,200"
2019-06-28 11:48:10.000000000,BEST_BID,"JPM,100502,264"
2019-06-28 11:48:10.000000000,BEST_ASK,"JPM,101213,364"
2019-06-28 11:48:10.000000000,BEST_BID,"JPM,100502,264"
2019-06-28 11:48:10.000000000,BEST_ASK,"JPM,101213,364"
2019-06-28 11:48:20.000000000,QUERY_SPREAD,1
2019-06-28 11:48:20.000000000,BEST_BID,"JPM,100502,212"
2019-06-28 11:48:20.000000000,BEST_ASK,"JPM,101213,200"
2019-06-28 11:48:20.000000000,BEST_BID,"JPM,100502,212"
2019-06-28 11:48:20.000000000,BEST_ASK,"JPM,101213,200"
2019-06-28 11:48:20.000000000,BEST_BID,"JPM,100502,212"
2019-06-28 11:48:20.000000000,BEST_ASK,"JPM,101213,200"
2019-06-28 11:48:20.000000000,BEST_BID,"JPM,100502,212"
2019-06-28 11:48:20.000000000,BEST_ASK,"JPM,101213,312"
2019-06-28 11:48:20.000000000,BEST_BID,"JPM,100502,212"
2019-06-28 11:48:20.000000000,BEST_ASK,"JPM,101213,312"
2019-06-28 11:48:20.000000000,BEST_BID,"JPM,100502,212"
2019-06-28 11:48:20.000000000,BEST_ASK,"JPM,101213,312"
2019-06-28 11:48:24.999137262,QUERY_SPREAD,17
2019-06-28 11:48:24.999137262,BEST_BID,"JPM,100831,100"
2019-06-28 11:48:24.999137262,BEST_ASK,"JPM,101213,312"
2019-06-28 11:48:30.000000000,QUERY_SPREAD,1
2019-06-28 11:48:30.000000000,BEST_BID,"JPM,100831,166"
2019-06-28 11:48:30.000000000,BEST_ASK,"JPM,101213,200"
2019-06-28 11:48:30.000000000,BEST_BID,"JPM,100831,166"
2019-06-28 11:48:30.000000000,BEST_ASK,"JPM,101213,200"
2019-06-28 11:48:30.000000000,BEST_BID,"JPM,100831,166"
2019-06-28 11:48:30.000000000,BEST_ASK,"JPM,101213,200"
2019-06-28 11:48:30.000000000,BEST_BID,"JPM,100831,166"
2019-06-28 11:48:30.000000000,BEST_ASK,"JPM,101213,200"
2019-06-28 11:48:30.000000000,BEST_BID,"JPM,100831,166"
2019-06-28 11:48:30.000000000,BEST_ASK,"JPM,101213,200"
2019-06-28 11:48:30.000000000,BEST_BID,"JPM,100831,166"
2019-06-28 11:48:30.000000000,BEST_ASK,"JPM,101213,266"
2019-06-28 11:48:30.000000000,BEST_BID,"JPM,100831,166"
2019-06-28 11:48:30.000000000,BEST_ASK,"JPM,101213,266"
2019-06-28 11:48:30.000000000,BEST_BID,"JPM,100831,166"
2019-06-28 11:48:30.000000000,BEST_ASK,"JPM,101213,266"
2019-06-28 11:48:30.000000000,BEST_BID,"JPM,100831,166"
2019-06-28 11:48:30.000000000,BEST_ASK,"JPM,101213,266"
2019-06-28 11:48:30.000000000,BEST_BID,"JPM,100831,166"
2019-06-28 11:48:30.000000000,BEST_ASK,"JPM,101213,266"
2019-06-28 11:48:40.000000000,QUERY_SPREAD,1
2019-06-28 11:48:40.000000000,BEST_BID,"JPM,100831,166"
2019-06-28 11:48:40.000000000,BEST_ASK,"JPM,101213,200"
2019-06-28 11:48:40.000000000,BEST_BID,"JPM,100831,166"
2019-06-28 11:48:40.000000000,BEST_ASK,"JPM,101213,200"
2019-06-28 11:48:40.000000000,BEST_BID,"JPM,100831,166"
2019-06-28 11:48:40.000000000,BEST_ASK,"JPM,101213,200"
2019-06-28 11:48:40.000000000,BEST_BID,"JPM,100831,166"
2019-06-28 11:48:40.000000000,BEST_ASK,"JPM,101213,200"
2019-06-28 11:48:40.000000000,BEST_BID,"JPM,100831,166"
2019-06-28 11:48:40.000000000,BEST_ASK,"JPM,101213,200"
2019-06-28 11:48:40.000000000,BEST_BID,"JPM,100831,166"
2019-06-28 11:48:40.000000000,BEST_ASK,"JPM,101213,266"
2019-06-28 11:48:40.000000000,BEST_BID,"JPM,100831,166"
2019-06-28 11:48:40.000000000,BEST_ASK,"JPM,101213,266"
2019-06-28 11:48:40.000000000,BEST_BID,"JPM,100831,166"
2019-06-28 11:48:40.000000000,BEST_ASK,"JPM,101213,266"
2019-06-28 11:48:40.000000000,BEST_BID,"JPM,100831,166"
2019-06-28 11:48:40.000000000,BEST_ASK,"JPM,101213,266"
2019-06-28 11:48:40.000000000,BEST_BID,"JPM,100831,166"
2019-06-28 11:48:40.000000000,BEST_ASK,"JPM,101213,266"
2019-06-28 11:48:50.000000000,QUERY_SPREAD,1
2019-06-28 11:48:50.000000000,BEST_BID,"JPM,100831,428"
2019-06-28 11:48:50.000000000,BEST_ASK,"JPM,101213,200"
2019-06-28 11:48:50.000000000,BEST_BID,"JPM,100831,428"
2019-06-28 11:48:50.000000000,BEST_ASK,"JPM,101213,528"
2019-06-28 11:49:00.000000000,QUERY_SPREAD,1
2019-06-28 11:49:00.000000000,BEST_BID,"JPM,100831,182"
2019-06-28 11:49:00.000000000,BEST_ASK,"JPM,101213,200"
2019-06-28 11:49:00.000000000,BEST_BID,"JPM,100831,182"
2019-06-28 11:49:00.000000000,BEST_ASK,"JPM,101213,200"
2019-06-28 11:49:00.000000000,BEST_BID,"JPM,100831,182"
2019-06-28 11:49:00.000000000,BEST_ASK,"JPM,101213,200"
2019-06-28 11:49:00.000000000,BEST_BID,"JPM,100831,182"
2019-06-28 11:49:00.000000000,BEST_ASK,"JPM,101213,200"
2019-06-28 11:49:00.000000000,BEST_BID,"JPM,100831,182"
2019-06-28 11:49:00.000000000,BEST_ASK,"JPM,101213,282"
2019-06-28 11:49:00.000000000,BEST_BID,"JPM,100831,182"
2019-06-28 11:49:00.000000000,BEST_ASK,"JPM,101213,282"
2019-06-28 11:49:00.000000000,BEST_BID,"JPM,100831,182"
2019-06-28 11:49:00.000000000,BEST_ASK,"JPM,101213,282"
2019-06-28 11:49:00.000000000,BEST_BID,"JPM,100831,182"
2019-06-28 11:49:00.000000000,BEST_ASK,"JPM,101213,282"
2019-06-28 11:49:00.000000000,QUERY_SPREAD,77
2019-06-28 11:49:00.000000000,BEST_BID,"JPM,100831,182"
2019-06-28 11:49:00.000000000,BEST_ASK,"JPM,101213,278"
2019-06-28 11:49:00.000000000,LAST_TRADE,"4,$101213.0000"
2019-06-28 11:49:00.000000000,QUERY_SPREAD,78
2019-06-28 11:49:00.000000000,BEST_BID,"JPM,100831,182"
2019-06-28 11:49:00.000000000,BEST_ASK,"JPM,101213,270"
2019-06-28 11:49:00.000000000,LAST_TRADE,"8,$101213.0000"
2019-06-28 11:49:00.000000000,QUERY_SPREAD,79
2019-06-28 11:49:00.000000000,BEST_BID,"JPM,100831,182"
2019-06-28 11:49:00.000000000,BEST_ASK,"JPM,101213,269"
2019-06-28 11:49:00.000000000,LAST_TRADE,"1,$101213.0000"
2019-06-28 11:49:00.000000000,QUERY_SPREAD,80
2019-06-28 11:49:00.000000000,BEST_BID,"JPM,100831,182"
2019-06-28 11:49:00.000000000,BEST_ASK,"JPM,101213,264"
2019-06-28 11:49:00.000000000,LAST_TRADE,"5,$101213.0000"
2019-06-28 11:49:00.000000000,QUERY_SPREAD,81
2019-06-28 11:49:00.000000000,BEST_BID,"JPM,100831,182"
2019-06-28 11:49:00.000000000,BEST_ASK,"JPM,101213,259"
2019-06-28 11:49:00.000000000,LAST_TRADE,"5,$101213.0000"
2019-06-28 11:49:00.000000000,QUERY_SPREAD,82
2019-06-28 11:49:00.000000000,BEST_BID,"JPM,100831,182"
2019-06-28 11:49:00.000000000,BEST_ASK,"JPM,101213,253"
2019-06-28 11:49:00.000000000,LAST_TRADE,"6,$101213.0000"
2019-06-28 11:49:00.000000000,QUERY_SPREAD,83
2019-06-28 11:49:00.000000000,BEST_BID,"JPM,100831,182"
2019-06-28 11:49:00.000000000,BEST_ASK,"JPM,101213,249"
2019-06-28 11:49:00.000000000,LAST_TRADE,"4,$101213.0000"
2019-06-28 11:49:00.000000000,QUERY_SPREAD,84
2019-06-28 11:49:00.000000000,BEST_BID,"JPM,100831,182"
2019-06-28 11:49:00.000000000,BEST_ASK,"JPM,101213,244"
2019-06-28 11:49:00.000000000,LAST_TRADE,"5,$101213.0000"
2019-06-28 11:49:00.000000000,QUERY_SPREAD,85
2019-06-28 11:49:00.000000000,BEST_BID,"JPM,100831,182"
2019-06-28 11:49:00.000000000,BEST_ASK,"JPM,101213,239"
2019-06-28 11:49:00.000000000,LAST_TRADE,"5,$101213.0000"
2019-06-28 11:49:00.000000000,QUERY_SPREAD,86
2019-06-28 11:49:00.000000000,BEST_BID,"JPM,100831,182"
2019-06-28 11:49:00.000000000,BEST_ASK,"JPM,101213,230"
2019-06-28 11:49:00.000000000,LAST_TRADE,"9,$101213.0000"
2019-06-28 11:49:00.000000000,QUERY_SPREAD,87
2019-06-28 11:49:00.000000000,BEST_BID,"JPM,100831,182"
2019-06-28 11:49:00.000000000,BEST_ASK,"JPM,101213,228"
2019-06-28 11:49:00.000000000,LAST_TRADE,"2,$101213.0000"
2019-06-28 11:49:00.000000000,QUERY_SPREAD,88
2019-06-28 11:49:00.000000000,BEST_BID,"JPM,100831,182"
2019-06-28 11:49:00.000000000,BEST_ASK,"JPM,101213,220"
2019-06-28 11:49:00.000000000,LAST_TRADE,"8,$101213.0000"
2019-06-28 11:49:00.000000000,QUERY_SPREAD,89
2019-06-28 11:49:00.000000000,BEST_BID,"JPM,100831,182"
2019-06-28 11:49:00.000000000,BEST_ASK,"JPM,101213,213"
2019-06-28 11:49:00.000000000,LAST_TRADE,"7,$101213.0000"
2019-06-28 11:49:00.000000000,QUERY_SPREAD,90
2019-06-28 11:49:00.000000000,BEST_BID,"JPM,100831,182"
2019-06-28 11:49:00.000000000,BEST_ASK,"JPM,101213,207"
2019-06-28 11:49:00.000000000,LAST_TRADE,"6,$101213.0000"
2019-06-28 11:49:00.000000000,QUERY_SPREAD,91
2019-06-28 11:49:00.000000000,BEST_BID,"JPM,100831,182"
2019-06-28 11:49:00.000000000,BEST_ASK,"JPM,101213,202"
2019-06-28 11:49:00.000000000,LAST_TRADE,"5,$101213.0000"
2019-06-28 11:49:00.000000000,QUERY_SPREAD,92
2019-06-28 11:49:00.000000000,BEST_BID,"JPM,100831,182"
2019-06-28 11:49:00.000000000,BEST_ASK,"JPM,101213,201"
2019-06-28 11:49:00.000000000,LAST_TRADE,"1,$101213.0000"
2019-06-28 11:49:00.000000000,QUERY_SPREAD,93
2019-06-28 11:49:00.000000000,BEST_BID,"JPM,100831,182"
2019-06-28 11:49:00.000000000,BEST_ASK,"JPM,101213,199"
2019-06-28 11:49:00.000000000,LAST_TRADE,"2,$101213.0000"
2019-06-28 11:49:00.000000000,QUERY_SPREAD,94
2019-06-28 11:49:00.000000000,BEST_BID,"JPM,100831,182"
2019-06-28 11:49:00.000000000,BEST_ASK,"JPM,101213,197"
2019-06-28 11:49:00.000000000,LAST_TRADE,"2,$101213.0000"
2019-06-28 11:49:00.000000000,QUERY_SPREAD,95
2019-06-28 11:49:00.000000000,BEST_BID,"JPM,100831,182"
2019-06-28 11:49:00.000000000,BEST_ASK,"JPM,101213,190"
2019-06-28 11:49:00.000000000,LAST_TRADE,"7,$101213.0000"
2019-06-28 11:49:00.000000000,QUERY_SPREAD,96
2019-06-28 11:49:00.000000000,BEST_BID,"JPM,100831,182"
2019-06-28 11:49:00.000000000,BEST_ASK,"JPM,101213,183"
2019-06-28 11:49:00.000000000,LAST_TRADE,"7,$101213.0000"
2019-06-28 11:49:00.000000000,QUERY_SPREAD,97
2019-06-28 11:49:00.000000000,BEST_BID,"JPM,100831,182"
2019-06-28 11:49:00.000000000,BEST_ASK,"JPM,101213,177"
2019-06-28 11:49:00.000000000,LAST_TRADE,"6,$101213.0000"
2019-06-28 11:49:00.000000000,QUERY_SPREAD,98
2019-06-28 11:49:00.000000000,BEST_BID,"JPM,100831,182"
2019-06-28 11:49:00.000000000,BEST_ASK,"JPM,101213,173"
2019-06-28 11:49:00.000000000,LAST_TRADE,"4,$101213.0000"
2019-06-28 11:49:00.000000000,QUERY_SPREAD,99
2019-06-28 11:49:00.000000000,BEST_BID,"JPM,100831,182"
2019-06-28 11:49:00.000000000,BEST_ASK,"JPM,101213,171"
2019-06-28 11:49:00.000000000,LAST_TRADE,"2,$101213.0000"
2019-06-28 11:49:00.000000000,QUERY_SPREAD,100
2019-06-28 11:49:00.000000000,BEST_BID,"JPM,100831,182"
2019-06-28 11:49:00.000000000,BEST_ASK,"JPM,101213,165"
2019-06-28 11:49:00.000000000,LAST_TRADE,"6,$101213.0000"
2019-06-28 11:49:00.000000000,QUERY_SPREAD,101
2019-06-28 11:49:00.000000000,QUERY_ORDER_STREAM,101
2019-06-28 11:49:10.000000000,QUERY_SPREAD,1
2019-06-28 11:49:10.000000000,BEST_BID,"JPM,100831,166"
2019-06-28 11:49:10.000000000,BEST_ASK,"JPM,101213,83"
2019-06-28 11:49:10.000000000,BEST_BID,"JPM,100831,166"
2019-06-28 11:49:10.000000000,BEST_ASK,"JPM,101213,83"
2019-06-28 11:49:10.000000000,BEST_BID,"JPM,100831,166"
2019-06-28 11:49:10.000000000,BEST_ASK,"JPM,101213,83"
2019-06-28 11:49:10.000000000,BEST_BID,"JPM,100831,166"
2019-06-28 11:49:10.000000000,BEST_ASK,"JPM,101213,83"
2019-06-28 11:49:10.000000000,BEST_BID,"JPM,100831,166"
2019-06-28 11:49:10.000000000,BEST_ASK,"JPM,101213,83"
2019-06-28 11:49:10.000000000,BEST_BID,"JPM,100831,166"
2019-06-28 11:49:10.000000000,BEST_ASK,"JPM,101213,149"
2019-06-28 11:49:10.000000000,BEST_BID,"JPM,100831,166"
2019-06-28 11:49:10.000000000,BEST_ASK,"JPM,101213,149"
2019-06-28 11:49:10.000000000,BEST_BID,"JPM,100831,166"
2019-06-28 11:49:10.000000000,BEST_ASK,"JPM,101213,149"
2019-06-28 11:49:10.000000000,BEST_BID,"JPM,100831,166"
2019-06-28 11:49:10.000000000,BEST_ASK,"JPM,101213,149"
2019-06-28 11:49:10.000000000,BEST_BID,"JPM,100831,166"
2019-06-28 11:49:10.000000000,BEST_ASK,"JPM,101213,149"
2019-06-28 11:49:20.000000000,QUERY_SPREAD,1
2019-06-28 11:49:20.000000000,BEST_BID,"JPM,100831,264"
2019-06-28 11:49:20.000000000,BEST_ASK,"JPM,101213,83"
2019-06-28 11:49:20.000000000,BEST_BID,"JPM,100831,264"
2019-06-28 11:49:20.000000000,BEST_ASK,"JPM,101213,83"
2019-06-28 11:49:20.000000000,BEST_BID,"JPM,100831,264"
2019-06-28 11:49:20.000000000,BEST_ASK,"JPM,101213,247"
2019-06-28 11:49:20.000000000,BEST_BID,"JPM,100831,264"
2019-06-28 11:49:20.000000000,BEST_ASK,"JPM,101213,247"
2019-06-28 11:49:30.000000000,QUERY_SPREAD,1
2019-06-28 11:49:30.000000000,BEST_BID,"JPM,100831,264"
2019-06-28 11:49:30.000000000,BEST_ASK,"JPM,101213,83"
2019-06-28 11:49:30.000000000,BEST_BID,"JPM,100831,264"
2019-06-28 11:49:30.000000000,BEST_ASK,"JPM,101213,83"
2019-06-28 11:49:30.000000000,BEST_BID,"JPM,100831,264"
2019-06-28 11:49:30.000000000,BEST_ASK,"JPM,101213,247"
2019-06-28 11:49:30.000000000,BEST_BID,"JPM,100831,264"
2019-06-28 11:49:30.000000000,BEST_ASK,"JPM,101213,247"
2019-06-28 11:49:38.540774106,QUERY_ORDER_STREAM,69
2019-06-28 11:49:38.540774106,QUERY_SPREAD,69
2019-06-28 11:49:38.540774106,BEST_BID,"JPM,100831,264"
2019-06-28 11:49:38.540774106,BEST_ASK,"JPM,101213,347"
2019-06-28 11:49:40.000000000,QUERY_SPREAD,1
2019-06-28 11:49:40.000000000,BEST_BID,"JPM,100831,264"
2019-06-28 11:49:40.000000000,BEST_ASK,"JPM,101213,183"
2019-06-28 11:49:40.000000000,BEST_BID,"JPM,100831,264"
2019-06-28 11:49:40.000000000,BEST_ASK,"JPM,101213,183"
2019-06-28 11:49:40.000000000,BEST_BID,"JPM,100831,264"
2019-06-28 11:49:40.000000000,BEST_ASK,"JPM,101213,347"
2019-06-28 11:49:40.000000000,BEST_BID,"JPM,100831,264"
2019-06-28 11:49:40.000000000,BEST_ASK,"JPM,101213,347"
2019-06-28 11:49:50.000000000,QUERY_SPREAD,1
2019-06-28 11:49:50.000000000,BEST_BID,"JPM,100831,212"
2019-06-28 11:49:50.000000000,BEST_ASK,"JPM,101213,183"
2019-06-28 11:49:50.000000000,BEST_BID,"JPM,100831,212"
2019-06-28 11:49:50.000000000,BEST_ASK,"JPM,101213,183"
2019-06-28 11:49:50.000000000,BEST_BID,"JPM,100831,212"
2019-06-28 11:49:50.000000000,BEST_ASK,"JPM,101213,183"
2019-06-28 11:49:50.000000000,BEST_BID,"JPM,100831,212"
2019-06-28 11:49:50.000000000,BEST_ASK,"JPM,101213,295"
2019-06-28 11:49:50.000000000,BEST_BID,"JPM,100831,212"
2019-06-28 11:49:50.000000000,BEST_ASK,"JPM,101213,295"
2019-06-28 11:49:50.000000000,BEST_BID,"JPM,100831,212"
2019-06-28 11:49:50.000000000,BEST_ASK,"JPM,101213,295"
2019-06-28 11:49:54.339856817,QUERY_SPREAD,12
2019-06-28 11:49:54.339856817,BEST_BID,"JPM,100831,112"
2019-06-28 11:49:54.339856817,BEST_ASK,"JPM,101213,295"
2019-06-28 11:49:54.339856817,LAST_TRADE,"100,$100831.0000"
2019-06-28 11:49:57.894573994,QUERY_ORDER_STREAM,70
2019-06-28 11:49:57.894573994,QUERY_SPREAD,70
2019-06-28 11:50:00.000000000,QUERY_SPREAD,1
2019-06-28 11:50:00.000000000,BEST_BID,"JPM,100502,264"
2019-06-28 11:50:00.000000000,BEST_ASK,"JPM,101213,183"
2019-06-28 11:50:00.000000000,BEST_BID,"JPM,100502,264"
2019-06-28 11:50:00.000000000,BEST_ASK,"JPM,101213,183"
2019-06-28 11:50:00.000000000,BEST_BID,"JPM,100502,264"
2019-06-28 11:50:00.000000000,BEST_ASK,"JPM,101213,347"
2019-06-28 11:50:00.000000000,BEST_BID,"JPM,100502,264"
2019-06-28 11:50:00.000000000,BEST_ASK,"JPM,101213,347"
2019-06-28 11:50:00.000000000,QUERY_SPREAD,77
2019-06-28 11:50:00.000000000,BEST_BID,"JPM,100502,264"
2019-06-28 11:50:00.000000000,BEST_ASK,"JPM,101213,343"
2019-06-28 11:50:00.000000000,LAST_TRADE,"4,$101213.0000"
2019-06-28 11:50:00.000000000,QUERY_SPREAD,78
2019-06-28 11:50:00.000000000,BEST_BID,"JPM,100502,264"
2019-06-28 11:50:00.000000000,BEST_ASK,"JPM,101213,335"
2019-06-28 11:50:00.000000000,LAST_TRADE,"8,$101213.0000"
2019-06-28 11:50:00.000000000,QUERY_SPREAD,79
2019-06-28 11:50:00.000000000,BEST_BID,"JPM,100502,264"
2019-06-28 11:50:00.000000000,BEST_ASK,"JPM,101213,334"
2019-06-28 11:50:00.000000000,LAST_TRADE,"1,$101213.0000"
2019-06-28 11:50:00.000000000,QUERY_SPREAD,80
2019-06-28 11:50:00.000000000,BEST_BID,"JPM,100502,264"
2019-06-28 11:50:00.000000000,BEST_ASK,"JPM,101213,329"
2019-06-28 11:50:00.000000000,LAST_TRADE,"5,$101213.0000"
2019-06-28 11:50:00.000000000,QUERY_SPREAD,81
2019-06-28 11:50:00.000000000,BEST_BID,"JPM,100502,264"
2019-06-28 11:50:00.000000000,BEST_ASK,"JPM,101213,324"
2019-06-28 11:50:00.000000000,LAST_TRADE,"5,$101213.0000"
2019-06-28 11:50:00.000000000,QUERY_SPREAD,82
2019-06-28 11:50:00.000000000,BEST_BID,"JPM,100502,264"
2019-06-28 11:50:00.000000000,BEST_ASK,"JPM,101213,318"
2019-06-28 11:50:00.000000000,LAST_TRADE,"6,$101213.0000"
2019-06-28 11:50:00.000000000,QUERY_SPREAD,83
2019-06-28 11:50:00.000000000,BEST_BID,"JPM,100502,264"
2019-06-28 11:50:00.000000000,BEST_ASK,"JPM,101213,314"
2019-06-28 11:50:00.000000000,LAST_TRADE,"4,$101213.0000"
2019-06-28 11:50:00.000000000,QUERY_SPREAD,84
2019-06-28 11:50:00.000000000,BEST_BID,"JPM,100502,264"
2019-06-28 11:50:00.000000000,BEST_ASK,"JPM,101213,309"
2019-06-28 11:50:00.000000000,LAST_TRADE,"5,$101213.0000"
2019-06-28 11:50:00.000000000,QUERY_SPREAD,85
2019-06-28 11:50:00.000000000,BEST_BID,"JPM,100502,264"
2019-06-28 11:50:00.000000000,BEST_ASK,"JPM,101213,304"
2019-06-28 11:50:00.000000000,LAST_TRADE,"5,$101213.0000"
2019-06-28 11:50:00.000000000,QUERY_SPREAD,86
2019-06-28 11:50:00.000000000,BEST_BID,"JPM,100502,264"
2019-06-28 11:50:00.000000000,BEST_ASK,"JPM,101213,295"
2019-06-28 11:50:00.000000000,LAST_TRADE,"9,$101213.0000"
2019-06-28 11:50:00.000000000,QUERY_SPREAD,87
2019-06-28 11:50:00.000000000,BEST_BID,"JPM,100502,264"
2019-06-28 11:50:00.000000000,BEST_ASK,"JPM,101213,293"
2019-06-28 11:50:00.000000000,LAST_TRADE,"2,$101213.0000"
2019-06-28 11:50:00.000000000,QUERY_SPREAD,88
2019-06-28 11:50:00.000000000,BEST_BID,"JPM,100502,264"
2019-06-28 11:50:00.000000000,BEST_ASK,"JPM,101213,285"
2019-06-28 11:50:00.000000000,LAST_TRADE,"8,$101213.0000"
2019-06-28 11:50:00.000000000,QUERY_SPREAD,89
2019-06-28 11:50:00.000000000,BEST_BID,"JPM,100502,264"
2019-06-28 11:50:00.000000000,BEST_ASK,"JPM,101213,278"
2019-06-28 11:50:00.000000000,LAST_TRADE,"7,$101213.0000"
2019-06-28 11:50:00.000000000,QUERY_SPREAD,90
2019-06-28 11:50:00.000000000,BEST_BID,"JPM,100502,264"
2019-06-28 11:50:00.000000000,BEST_ASK,"JPM,101213,272"
2019-06-28 11:50:00.000000000,LAST_TRADE,"6,$101213.0000"
2019-06-28 11:50:00.000000000,QUERY_SPREAD,91
2019-06-28 11:50:00.000000000,BEST_BID,"JPM,100502,264"
2019-06-28 11:50:00.000000000,BEST_ASK,"JPM,101213,267"
2019-06-28 11:50:00.000000000,LAST_TRADE,"5,$101213.0000"
2019-06-28 11:50:00.000000000,QUERY_SPREAD,92
2019-06-28 11:50:00.000000000,BEST_BID,"JPM,100502,264"
2019-06-28 11:50:00.000000000,BEST_ASK,"JPM,101213,266"
2019-06-28 11:50:00.000000000,LAST_TRADE,"1,$101213.0000"
2019-06-28 11:50:00.000000000,QUERY_SPREAD,93
2019-06-28 11:50:00.000000000,BEST_BID,"JPM,100502,264"
2019-06-28 11:50:00.000000000,BEST_ASK,"JPM,101213,264"
2019-06-28 11:50:00.000000000,LAST_TRADE,"2,$101213.0000"
2019-06-28 11:50:00.000000000,QUERY_SPREAD,94
2019-06-28 11:50:00.000000000,BEST_BID,"JPM,100502,264"
2019-06-28 11:50:00.000000000,BEST_ASK,"JPM,101213,262"
2019-06-28 11:50:00.000000000,LAST_TRADE,"2,$101213.0000"
2019-06-28 11:50:00.000000000,QUERY_SPREAD,95
2019-06-28 11:50:00.000000000,BEST_BID,"JPM,100502,264"
2019-06-28 11:50:00.000000000,BEST_ASK,"JPM,101213,255"
2019-06-28 11:50:00.000000000,LAST_TRADE,"7,$101213.0000"
2019-06-28 11:50:00.000000000,QUERY_SPREAD,96
2019-06-28 11:50:00.000000000,BEST_BID,"JPM,100502,264"
2019-06-28 11:50:00.000000000,BEST_ASK,"JPM,101213,248"
2019-06-28 11:50:00.000000000,LAST_TRADE,"7,$101213.0000"
2019-06-28 11:50:00.000000000,QUERY_SPREAD,97
2019-06-28 11:50:00.000000000,BEST_BID,"JPM,100502,264"
2019-06-28 11:50:00.000000000,BEST_ASK,"JPM,101213,242"
2019-06-28 11:50:00.000000000,LAST_TRADE,"6,$101213.0000"
2019-06-28 11:50:00.000000000,QUERY_SPREAD,98
2019-06-28 11:50:00.000000000,BEST_BID,"JPM,100502,264"
2019-06-28 11:50:00.000000000,BEST_ASK,"JPM,101213,238"
2019-06-28 11:50:00.000000000,LAST_TRADE,"4,$101213.0000"
2019-06-28 11:50:00.000000000,QUERY_SPREAD,99
2019-06-28 11:50:00.000000000,BEST_BID,"JPM,100502,264"
2019-06-28 11:50:00.000000000,BEST_ASK,"JPM,101213,236"
2019-06-28 11:50:00.000000000,LAST_TRADE,"2,$101213.0000"
2019-06-28 11:50:00.000000000,QUERY_SPREAD,100
2019-06-28 11:50:00.000000000,BEST_BID,"JPM,100502,264"
2019-06-28 11:50:00.000000000,BEST_ASK,"JPM,101213,230"
2019-06-28 11:50:00.000000000,LAST_TRADE,"6,$101213.0000"
2019-06-28 11:50:00.000000000,QUERY_SPREAD,101
2019-06-28 11:50:00.000000000,QUERY_ORDER_STREAM,101
2019-06-28 11:50:10.000000000,QUERY_SPREAD,1
2019-06-28 11:50:10.000000000,BEST_BID,"JPM,100502,166"
2019-06-28 11:50:10.000000000,BEST_ASK,"JPM,101213,66"
2019-06-28 11:50:10.000000000,BEST_BID,"JPM,100502,166"
2019-06-28 11:50:10.000000000,BEST_ASK,"JPM,101213,66"
2019-06-28 11:50:10.000000000,BEST_BID,"JPM,100502,166"
2019-06-28 11:50:10.000000000,BEST_ASK,"JPM,101213,66"
2019-06-28 11:50:10.000000000,BEST_BID,"JPM,100502,166"
2019-06-28 11:50:10.000000000,BEST_ASK,"JPM,101213,66"
2019-06-28 11:50:10.000000000,BEST_BID,"JPM,100502,166"
2019-06-28 11:50:10.000000000,BEST_ASK,"JPM,101213,66"
2019-06-28 11:50:10.000000000,BEST_BID,"JPM,100502,166"
2019-06-28 11:50:10.000000000,BEST_ASK,"JPM,101213,132"
2019-06-28 11:50:10.000000000,BEST_BID,"JPM,100502,166"
2019-06-28 11:50:10.000000000,BEST_ASK,"JPM,101213,132"
2019-06-28 11:50:10.000000000,BEST_BID,"JPM,100502,166"
2019-06-28 11:50:10.000000000,BEST_ASK,"JPM,101213,132"
2019-06-28 11:50:10.000000000,BEST_BID,"JPM,100502,166"
2019-06-28 11:50:10.000000000,BEST_ASK,"JPM,101213,132"
2019-06-28 11:50:10.000000000,BEST_BID,"JPM,100502,166"
2019-06-28 11:50:10.000000000,BEST_ASK,"JPM,101213,132"
2019-06-28 11:50:20.000000000,QUERY_SPREAD,1
2019-06-28 11:50:20.000000000,BEST_BID,"JPM,100502,264"
2019-06-28 11:50:20.000000000,BEST_ASK,"JPM,101213,66"
2019-06-28 11:50:20.000000000,BEST_BID,"JPM,100502,264"
2019-06-28 11:50:20.000000000,BEST_ASK,"JPM,101213,66"
2019-06-28 11:50:20.000000000,BEST_BID,"JPM,100502,264"
2019-06-28 11:50:20.000000000,BEST_ASK,"JPM,101213,230"
2019-06-28 11:50:20.000000000,BEST_BID,"JPM,100502,264"
2019-06-28 11:50:20.000000000,BEST_ASK,"JPM,101213,230"
2019-06-28 11:50:28.804976927,QUERY_ORDER_STREAM,74
2019-06-28 11:50:28.804976927,QUERY_SPREAD,74
2019-06-28 11:50:30.000000000,QUERY_SPREAD,1
2019-06-28 11:50:30.000000000,BEST_BID,"JPM,100502,166"
2019-06-28 11:50:30.000000000,BEST_ASK,"JPM,101213,66"
2019-06-28 11:50:30.000000000,BEST_BID,"JPM,100502,166"
2019-06-28 11:50:30.000000000,BEST_ASK,"JPM,101213,66"
2019-06-28 11:50:30.000000000,BEST_BID,"JPM,100502,166"
2019-06-28 11:50:30.000000000,BEST_ASK,"JPM,101213,66"
2019-06-28 11:50:30.000000000,BEST_BID,"JPM,100502,166"
2019-06-28 11:50:30.000000000,BEST_ASK,"JPM,101213,66"
2019-06-28 11:50:30.000000000,BEST_BID,"JPM,100502,166"
2019-06-28 11:50:30.000000000,BEST_ASK,"JPM,101213,66"
2019-06-28 11:50:30.000000000,BEST_BID,"JPM,100502,166"
2019-06-28 11:50:30.000000000,BEST_ASK,"JPM,101213,132"
2019-06-28 11:50:30.000000000,BEST_BID,"JPM,100502,166"
2019-06-28 11:50:30.000000000,BEST_ASK,"JPM,101213,132"
2019-06-28 11:50:30.000000000,BEST_BID,"JPM,100502,166"
2019-06-28 11:50:30.000000000,BEST_ASK,"JPM,101213,132"
2019-06-28 11:50:30.000000000,BEST_BID,"JPM,100502,166"
2019-06-28 11:50:30.000000000,BEST_ASK,"JPM,101213,132"
2019-06-28 11:50:30.000000000,BEST_BID,"JPM,100502,166"
2019-06-28 11:50:30.000000000,BEST_ASK,"JPM,101213,132"
2019-06-28 11:50:40.000000000,QUERY_SPREAD,1
2019-06-28 11:50:40.000000000,BEST_BID,"JPM,100502,212"
2019-06-28 11:50:40.000000000,BEST_ASK,"JPM,101213,66"
2019-06-28 11:50:40.000000000,BEST_BID,"JPM,100502,212"
2019-06-28 11:50:40.000000000,BEST_ASK,"JPM,101213,66"
2019-06-28 11:50:40.000000000,BEST_BID,"JPM,100502,212"
2019-06-28 11:50:40.000000000,BEST_ASK,"JPM,101213,66"
2019-06-28 11:50:40.000000000,BEST_BID,"JPM,100502,212"
2019-06-28 11:50:40.000000000,BEST_ASK,"JPM,101213,178"
2019-06-28 11:50:40.000000000,BEST_BID,"JPM,100502,212"
2019-06-28 11:50:40.000000000,BEST_ASK,"JPM,101213,178"
2019-06-28 11:50:40.000000000,BEST_BID,"JPM,100502,212"
2019-06-28 11:50:40.000000000,BEST_ASK,"JPM,101213,178"
2019-06-28 11:50:50.000000000,QUERY_SPREAD,1
2019-06-28 11:50:50.000000000,BEST_BID,"JPM,100502,212"
2019-06-28 11:50:50.000000000,BEST_ASK,"JPM,101213,66"
2019-06-28 11:50:50.000000000,BEST_BID,"JPM,100502,212"
2019-06-28 11:50:50.000000000,BEST_ASK,"JPM,101213,66"
2019-06-28 11:50:50.000000000,BEST_BID,"JPM,100502,212"
2019-06-28 11:50:50.000000000,BEST_ASK,"JPM,101213,66"
2019-06-28 11:50:50.000000000,BEST_BID,"JPM,100502,212"
2019-06-28 11:50:50.000000000,BEST_ASK,"JPM,101213,178"
2019-06-28 11:50:50.000000000,BEST_BID,"JPM,100502,212"
2019-06-28 11:50:50.000000000,BEST_ASK,"JPM,101213,178"
2019-06-28 11:50:50.000000000,BEST_BID,"JPM,100502,212"
2019-06-28 11:50:50.000000000,BEST_ASK,"JPM,101213,178"
2019-06-28 11:51:00.000000000,QUERY_SPREAD,1
2019-06-28 11:51:00.000000000,BEST_BID,"JPM,100502,428"
2019-06-28 11:51:00.000000000,BEST_ASK,"JPM,101213,66"
2019-06-28 11:51:00.000000000,BEST_BID,"JPM,100502,428"
2019-06-28 11:51:00.000000000,BEST_ASK,"JPM,101213,394"
2019-06-28 11:51:00.000000000,QUERY_SPREAD,77
2019-06-28 11:51:00.000000000,BEST_BID,"JPM,100502,428"
2019-06-28 11:51:00.000000000,BEST_ASK,"JPM,101213,390"
2019-06-28 11:51:00.000000000,LAST_TRADE,"4,$101213.0000"
2019-06-28 11:51:00.000000000,QUERY_SPREAD,78
2019-06-28 11:51:00.000000000,BEST_BID,"JPM,100502,428"
2019-06-28 11:51:00.000000000,BEST_ASK,"JPM,101213,382"
2019-06-28 11:51:00.000000000,LAST_TRADE,"8,$101213.0000"
2019-06-28 11:51:00.000000000,QUERY_SPREAD,79
2019-06-28 11:51:00.000000000,BEST_BID,"JPM,100502,428"
2019-06-28 11:51:00.000000000,BEST_ASK,"JPM,101213,381"
2019-06-28 11:51:00.000000000,LAST_TRADE,"1,$101213.0000"
2019-06-28 11:51:00.000000000,QUERY_SPREAD,80
2019-06-28 11:51:00.000000000,BEST_BID,"JPM,100502,428"
2019-06-28 11:51:00.000000000,BEST_ASK,"JPM,101213,376"
2019-06-28 11:51:00.000000000,LAST_TRADE,"5,$101213.0000"
2019-06-28 11:51:00.000000000,QUERY_SPREAD,81
2019-06-28 11:51:00.000000000,BEST_BID,"JPM,100502,428"
2019-06-28 11:51:00.000000000,BEST_ASK,"JPM,101213,371"
2019-06-28 11:51:00.000000000,LAST_TRADE,"5,$101213.0000"
2019-06-28 11:51:00.000000000,QUERY_SPREAD,82
2019-06-28 11:51:00.000000000,BEST_BID,"JPM,100502,428"
2019-06-28 11:51:00.000000000,BEST_ASK,"JPM,101213,365"
2019-06-28 11:51:00.000000000,LAST_TRADE,"6,$101213.0000"
2019-06-28 11:51:00.000000000,QUERY_SPREAD,83
2019-06-28 11:51:00.000000000,BEST_BID,"JPM,100502,428"
2019-06-28 11:51:00.000000000,BEST_ASK,"JPM,101213,361"
2019-06-28 11:51:00.000000000,LAST_TRADE,"4,$101213.0000"
2019-06-28 11:51:00.000000000,QUERY_SPREAD,84
2019-06-28 11:51:00.000000000,BEST_BID,"JPM,100502,428"
2019-06-28 11:51:00.000000000,BEST_ASK,"JPM,101213,356"
2019-06-28 11:51:00.000000000,LAST_TRADE,"5,$101213.0000"
2019-06-28 11:51:00.000000000,QUERY_SPREAD,85
2019-06-28 11:51:00.000000000,BEST_BID,"JPM,100502,428"
2019-06-28 11:51:00.000000000,BEST_ASK,"JPM,101213,351"
2019-06-28 11:51:00.000000000,LAST_TRADE,"5,$101213.0000"
2019-06-28 11:51:00.000000000,QUERY_SPREAD,86
2019-06-28 11:51:00.000000000,BEST_BID,"JPM,100502,428"
2019-06-28 11:51:00.000000000,BEST_ASK,"JPM,101213,342"
2019-06-28 11:51:00.000000000,LAST_TRADE,"9,$101213.0000"
2019-06-28 11:51:00.000000000,QUERY_SPREAD,87
2019-06-28 11:51:00.000000000,BEST_BID,"JPM,100502,428"
2019-06-28 11:51:00.000000000,BEST_ASK,"JPM,101213,340"
2019-06-28 11:51:00.000000000,LAST_TRADE,"2,$101213.0000"
2019-06-28 11:51:00.000000000,QUERY_SPREAD,88
2019-06-28 11:51:00.000000000,BEST_BID,"JPM,100502,428"
2019-06-28 11:51:00.000000000,BEST_ASK,"JPM,101213,332"
2019-06-28 11:51:00.000000000,LAST_TRADE,"8,$101213.0000"
2019-06-28 11:51:00.000000000,QUERY_SPREAD,89
2019-06-28 11:51:00.000000000,BEST_BID,"JPM,100502,428"
2019-06-28 11:51:00.000000000,BEST_ASK,"JPM,101213,325"
2019-06-28 11:51:00.000000000,LAST_TRADE,"7,$101213.0000"
2019-06-28 11:51:00.000000000,QUERY_SPREAD,90
2019-06-28 11:51:00.000000000,BEST_BID,"JPM,100502,428"
2019-06-28 11:51:00.000000000,BEST_ASK,"JPM,101213,319"
2019-06-28 11:51:00.000000000,LAST_TRADE,"6,$101213.0000"
2019-06-28 11:51:00.000000000,QUERY_SPREAD,91
2019-06-28 11:51:00.000000000,BEST_BID,"JPM,100502,428"
2019-06-28 11:51:00.000000000,BEST_ASK,"JPM,101213,314"
2019-06-28 11:51:00.000000000,LAST_TRADE,"5,$101213.0000"
2019-06-28 11:51:00.000000000,QUERY_SPREAD,92
2019-06-28 11:51:00.000000000,BEST_BID,"JPM,100502,428"
2019-06-28 11:51:00.000000000,BEST_ASK,"JPM,101213,313"
2019-06-28 11:51:00.000000000,LAST_TRADE,"1,$101213.0000"
2019-06-28 11:51:00.000000000,QUERY_SPREAD,93
2019-06-28 11:51:00.000000000,BEST_BID,"JPM,100502,428"
2019-06-28 11:51:00.000000000,BEST_ASK,"JPM,101213,311"
2019-06-28 11:51:00.000000000,LAST_TRADE,"2,$101213.0000"
2019-06-28 11:51:00.000000000,QUERY_SPREAD,94
2019-06-28 11:51:00.000000000,BEST_BID,"JPM,100502,428"
2019-06-28 11:51:00.000000000,BEST_ASK,"JPM,101213,309"
2019-06-28 11:51:00.000000000,LAST_TRADE,"2,$101213.0000"
2019-06-28 11:51:00.000000000,QUERY_SPREAD,95
2019-06-28 11:51:00.000000000,BEST_BID,"JPM,100502,428"
2019-06-28 11:51:00.000000000,BEST_ASK,"JPM,101213,302"
2019-06-28 11:51:00.000000000,LAST_TRADE,"7,$101213.0000"
2019-06-28 11:51:00.000000000,QUERY_SPREAD,96
2019-06-28 11:51:00.000000000,BEST_BID,"JPM,100502,428"
2019-06-28 11:51:00.000000000,BEST_ASK,"JPM,101213,295"
2019-06-28 11:51:00.000000000,LAST_TRADE,"7,$101213.0000"
2019-06-28 11:51:00.000000000,QUERY_SPREAD,97
2019-06-28 11:51:00.000000000,BEST_BID,"JPM,100502,428"
2019-06-28 11:51:00.000000000,BEST_ASK,"JPM,101213,289"
2019-06-28 11:51:00.000000000,LAST_TRADE,"6,$101213.0000"
2019-06-28 11:51:00.000000000,QUERY_SPREAD,98
2019-06-28 11:51:00.000000000,BEST_BID,"JPM,100502,428"
2019-06-28 11:51:00.000000000,BEST_ASK,"JPM,101213,285"
2019-06-28 11:51:00.000000000,LAST_TRADE,"4,$101213.0000"
2019-06-28 11:51:00.000000000,QUERY_SPREAD,99
2019-06-28 11:51:00.000000000,BEST_BID,"JPM,100502,428"
2019-06-28 11:51:00.000000000,BEST_ASK,"JPM,101213,283"
2019-06-28 11:51:00.000000000,LAST_TRADE,"2,$101213.0000"
2019-06-28 11:51:00.000000000,QUERY_SPREAD,100
2019-06-28 11:51:00.000000000,BEST_BID,"JPM,100502,428"
2019-06-28 11:51:00.000000000,BEST_ASK,"JPM,101213,277"
2019-06-28 11:51:00.000000000,LAST_TRADE,"6,$101213.0000"
2019-06-28 11:51:00.000000000,QUERY_SPREAD,101
2019-06-28 11:51:00.000000000,QUERY_ORDER_STREAM,101
2019-06-28 11:51:10.000000000,QUERY_SPREAD,1
2019-06-28 11:51:10.000000000,BEST_BID,"JPM,100502,428"
2019-06-28 11:51:10.000000000,BEST_ASK,"JPM,101252,8"
2019-06-28 11:51:10.000000000,BEST_BID,"JPM,100502,428"
2019-06-28 11:51:10.000000000,BEST_ASK,"JPM,101252,336"
2019-06-28 11:51:17.107255029,QUERY_ORDER_STREAM,56
2019-06-28 11:51:17.107255029,QUERY_SPREAD,56
2019-06-28 11:51:17.107255029,BEST_BID,"JPM,100502,428"
2019-06-28 11:51:17.107255029,BEST_ASK,"JPM,101213,100"
2019-06-28 11:51:20.000000000,QUERY_SPREAD,1
2019-06-28 11:51:20.000000000,BEST_BID,"JPM,100502,428"
2019-06-28 11:51:20.000000000,BEST_ASK,"JPM,101213,100"
2019-06-28 11:51:20.000000000,BEST_BID,"JPM,100502,428"
2019-06-28 11:51:20.000000000,BEST_ASK,"JPM,101213,428"
2019-06-28 11:51:25.081310341,QUERY_SPREAD,27
2019-06-28 11:51:25.081310341,BEST_BID,"JPM,100502,328"
2019-06-28 11:51:25.081310341,BEST_ASK,"JPM,101213,428"
2019-06-28 11:51:25.081310341,LAST_TRADE,"100,$100502.0000"
2019-06-28 11:51:30.000000000,QUERY_SPREAD,1
2019-06-28 11:51:30.000000000,BEST_BID,"JPM,100340,428"
2019-06-28 11:51:30.000000000,BEST_ASK,"JPM,101213,100"
2019-06-28 11:51:30.000000000,BEST_BID,"JPM,100340,428"
2019-06-28 11:51:30.000000000,BEST_ASK,"JPM,101213,428"
2019-06-28 11:51:40.000000000,QUERY_SPREAD,1
2019-06-28 11:51:40.000000000,BEST_BID,"JPM,100340,264"
2019-06-28 11:51:40.000000000,BEST_ASK,"JPM,101213,100"
2019-06-28 11:51:40.000000000,BEST_BID,"JPM,100340,264"
2019-06-28 11:51:40.000000000,BEST_ASK,"JPM,101213,100"
2019-06-28 11:51:40.000000000,BEST_BID,"JPM,100340,264"
2019-06-28 11:51:40.000000000,BEST_ASK,"JPM,101213,264"
2019-06-28 11:51:40.000000000,BEST_BID,"JPM,100340,264"
2019-06-28 11:51:40.000000000,BEST_ASK,"JPM,101213,264"
2019-06-28 11:51:40.938859763,QUERY_SPREAD,49
2019-06-28 11:51:40.938859763,BEST_BID,"JPM,100340,164"
2019-06-28 11:51:40.938859763,BEST_ASK,"JPM,101213,264"
2019-06-28 11:51:40.938859763,LAST_TRADE,"100,$100340.0000"
2019-06-28 11:51:50.000000000,QUERY_SPREAD,1
2019-06-28 11:51:50.000000000,BEST_BID,"JPM,100278,182"
2019-06-28 11:51:50.000000000,BEST_ASK,"JPM,101213,100"
2019-06-28 11:51:50.000000000,BEST_BID,"JPM,100278,182"
2019-06-28 11:51:50.000000000,BEST_ASK,"JPM,101213,100"
2019-06-28 11:51:50.000000000,BEST_BID,"JPM,100278,182"
2019-06-28 11:51:50.000000000,BEST_ASK,"JPM,101213,100"
2019-06-28 11:51:50.000000000,BEST_BID,"JPM,100278,182"
2019-06-28 11:51:50.000000000,BEST_ASK,"JPM,101213,100"
2019-06-28 11:51:50.000000000,BEST_BID,"JPM,100278,182"
2019-06-28 11:51:50.000000000,BEST_ASK,"JPM,101213,182"
2019-06-28 11:51:50.000000000,BEST_BID,"JPM,100278,182"
2019-06-28 11:51:50.000000000,BEST_ASK,"JPM,101213,182"
2019-06-28 11:51:50.000000000,BEST_BID,"JPM,100278,182"
2019-06-28 11:51:50.000000000,BEST_ASK,"JPM,101213,182"
2019-06-28 11:51:50.000000000,BEST_BID,"JPM,100278,182"
2019-06-28 11:51:50.000000000,BEST_ASK,"JPM,101213,182"
2019-06-28 11:52:00.000000000,QUERY_SPREAD,1
2019-06-28 11:52:00.000000000,BEST_BID,"JPM,100278,428"
2019-06-28 11:52:00.000000000,BEST_ASK,"JPM,101213,100"
2019-06-28 11:52:00.000000000,BEST_BID,"JPM,100278,428"
2019-06-28 11:52:00.000000000,BEST_ASK,"JPM,101213,428"
2019-06-28 11:52:00.000000000,QUERY_SPREAD,77
2019-06-28 11:52:00.000000000,BEST_BID,"JPM,100278,428"
2019-06-28 11:52:00.000000000,BEST_ASK,"JPM,101213,424"
2019-06-28 11:52:00.000000000,LAST_TRADE,"4,$101213.0000"
2019-06-28 11:52:00.000000000,QUERY_SPREAD,78
2019-06-28 11:52:00.000000000,BEST_BID,"JPM,100278,428"
2019-06-28 11:52:00.000000000,BEST_ASK,"JPM,101213,416"
2019-06-28 11:52:00.000000000,LAST_TRADE,"8,$101213.0000"
2019-06-28 11:52:00.000000000,QUERY_SPREAD,79
2019-06-28 11:52:00.000000000,BEST_BID,"JPM,100278,428"
2019-06-28 11:52:00.000000000,BEST_ASK,"JPM,101213,415"
2019-06-28 11:52:00.000000000,LAST_TRADE,"1,$101213.0000"
2019-06-28 11:52:00.000000000,QUERY_SPREAD,80
2019-06-28 11:52:00.000000000,BEST_BID,"JPM,100278,428"
2019-06-28 11:52:00.000000000,BEST_ASK,"JPM,101213,410"
2019-06-28 11:52:00.000000000,LAST_TRADE,"5,$101213.0000"
2019-06-28 11:52:00.000000000,QUERY_SPREAD,81
2019-06-28 11:52:00.000000000,BEST_BID,"JPM,100278,428"
2019-06-28 11:52:00.000000000,BEST_ASK,"JPM,101213,405"
2019-06-28 11:52:00.000000000,LAST_TRADE,"5,$101213.0000"
2019-06-28 11:52:00.000000000,QUERY_SPREAD,82
2019-06-28 11:52:00.000000000,BEST_BID,"JPM,100278,428"
2019-06-28 11:52:00.000000000,BEST_ASK,"JPM,101213,399"
2019-06-28 11:52:00.000000000,LAST_TRADE,"6,$101213.0000"
2019-06-28 11:52:00.000000000,QUERY_SPREAD,83
2019-06-28 11:52:00.000000000,BEST_BID,"JPM,100278,428"
2019-06-28 11:52:00.000000000,BEST_ASK,"JPM,101213,395"
2019-06-28 11:52:00.000000000,LAST_TRADE,"4,$101213.0000"
2019-06-28 11:52:00.000000000,QUERY_SPREAD,84
2019-06-28 11:52:00.000000000,BEST_BID,"JPM,100278,428"
2019-06-28 11:52:00.000000000,BEST_ASK,"JPM,101213,390"
2019-06-28 11:52:00.000000000,LAST_TRADE,"5,$101213.0000"
2019-06-28 11:52:00.000000000,QUERY_SPREAD,85
2019-06-28 11:52:00.000000000,BEST_BID,"JPM,100278,428"
2019-06-28 11:52:00.000000000,BEST_ASK,"JPM,101213,385"
2019-06-28 11:52:00.000000000,LAST_TRADE,"5,$101213.0000"
2019-06-28 11:52:00.000000000,QUERY_SPREAD,86
2019-06-28 11:52:00.000000000,BEST_BID,"JPM,100278,428"
2019-06-28 11:52:00.000000000,BEST_ASK,"JPM,101213,376"
2019-06-28 11:52:00.000000000,LAST_TRADE,"9,$101213.0000"
2019-06-28 11:52:00.000000000,QUERY_SPREAD,87
2019-06-28 11:52:00.000000000,BEST_BID,"JPM,100278,428"
2019-06-28 11:52:00.000000000,BEST_ASK,"JPM,101213,374"
2019-06-28 11:52:00.000000000,LAST_TRADE,"2,$101213.0000"
2019-06-28 11:52:00.000000000,QUERY_SPREAD,88
2019-06-28 11:52:00.000000000,BEST_BID,"JPM,100278,428"
2019-06-28 11:52:00.000000000,BEST_ASK,"JPM,101213,366"
2019-06-28 11:52:00.000000000,LAST_TRADE,"8,$101213.0000"
2019-06-28 11:52:00.000000000,QUERY_SPREAD,89
2019-06-28 11:52:00.000000000,BEST_BID,"JPM,100278,428"
2019-06-28 11:52:00.000000000,BEST_ASK,"JPM,101213,359"
2019-06-28 11:52:00.000000000,LAST_TRADE,"7,$101213.0000"
2019-06-28 11:52:00.000000000,QUERY_SPREAD,90
2019-06-28 11:52:00.000000000,BEST_BID,"JPM,100278,428"
2019-06-28 11:52:00.000000000,BEST_ASK,"JPM,101213,353"
2019-06-28 11:52:00.000000000,LAST_TRADE,"6,$101213.0000"
2019-06-28 11:52:00.000000000,QUERY_SPREAD,91
2019-06-28 11:52:00.000000000,BEST_BID,"JPM,100278,428"
2019-06-28 11:52:00.000000000,BEST_ASK,"JPM,101213,348"
2019-06-28 11:52:00.000000000,LAST_TRADE,"5,$101213.0000"
2019-06-28 11:52:00.000000000,QUERY_SPREAD,92
2019-06-28 11:52:00.000000000,BEST_BID,"JPM,100278,428"
2019-06-28 11:52:00.000000000,BEST_ASK,"JPM,101213,347"
2019-06-28 11:52:00.000000000,LAST_TRADE,"1,$101213.0000"
2019-06-28 11:52:00.000000000,QUERY_SPREAD,93
2019-06-28 11:52:00.000000000,BEST_BID,"JPM,100278,428"
2019-06-28 11:52:00.000000000,BEST_ASK,"JPM,101213,345"
2019-06-28 11:52:00.000000000,LAST_TRADE,"2,$101213.0000"
2019-06-28 11:52:00.000000000,QUERY_SPREAD,94
2019-06-28 11:52:00.000000000,BEST_BID,"JPM,100278,428"
2019-06-28 11:52:00.000000000,BEST_ASK,"JPM,101213,343"
2019-06-28 11:52:00.000000000,LAST_TRADE,"2,$101213.0000"
2019-06-28 11:52:00.000000000,QUERY_SPREAD,95
2019-06-28 11:52:00.000000000,BEST_BID,"JPM,100278,428"
2019-06-28 11:52:00.000000000,BEST_ASK,"JPM,101213,336"
2019-06-28 11:52:00.000000000,LAST_TRADE,"7,$101213.0000"
2019-06-28 11:52:00.000000000,QUERY_SPREAD,96
2019-06-28 11:52:00.000000000,BEST_BID,"JPM,100278,428"
2019-06-28 11:52:00.000000000,BEST_ASK,"JPM,101213,329"
2019-06-28 11:52:00.000000000,LAST_TRADE,"7,$101213.0000"
2019-06-28 11:52:00.000000000,QUERY_SPREAD,97
2019-06-28 11:52:00.000000000,BEST_BID,"JPM,100278,428"
2019-06-28 11:52:00.000000000,BEST_ASK,"JPM,101213,323"
2019-06-28 11:52:00.000000000,LAST_TRADE,"6,$101213.0000"
2019-06-28 11:52:00.000000000,QUERY_SPREAD,98
2019-06-28 11:52:00.000000000,BEST_BID,"JPM,100278,428"
2019-06-28 11:52:00.000000000,BEST_ASK,"JPM,101213,319"
2019-06-28 11:52:00.000000000,LAST_TRADE,"4,$101213.0000"
2019-06-28 11:52:00.000000000,QUERY_SPREAD,99
2019-06-28 11:52:00.000000000,BEST_BID,"JPM,100278,428"
2019-06-28 11:52:00.000000000,BEST_ASK,"JPM,101213,317"
2019-06-28 11:52:00.000000000,LAST_TRADE,"2,$101213.0000"
2019-06-28 11:52:00.000000000,QUERY_SPREAD,100
2019-06-28 11:52:00.000000000,BEST_BID,"JPM,100278,428"
2019-06-28 11:52:00.000000000,BEST_ASK,"JPM,101213,311"
2019-06-28 11:52:00.000000000,LAST_TRADE,"6,$101213.0000"
2019-06-28 11:52:00.000000000,QUERY_SPREAD,101
2019-06-28 11:52:00.000000000,QUERY_ORDER_STREAM,101
2019-06-28 11:52:07.724301519,QUERY_ORDER_STREAM,75
2019-06-28 11:52:07.724301519,QUERY_SPREAD,75
2019-06-28 11:52:10.000000000,QUERY_SPREAD,1
2019-06-28 11:52:10.000000000,BEST_BID,"JPM,100278,428"
2019-06-28 11:52:10.000000000,BEST_ASK,"JPM,101252,8"
2019-06-28 11:52:10.000000000,BEST_BID,"JPM,100278,428"
2019-06-28 11:52:10.000000000,BEST_ASK,"JPM,101252,336"
2019-06-28 11:52:10.014611579,QUERY_ORDER_STREAM,55
2019-06-28 11:52:10.014611579,QUERY_SPREAD,55
2019-06-28 11:52:20.000000000,QUERY_SPREAD,1
2019-06-28 11:52:20.000000000,BEST_BID,"JPM,100278,212"
2019-06-28 11:52:20.000000000,BEST_ASK,"JPM,101252,8"
2019-06-28 11:52:20.000000000,BEST_BID,"JPM,100278,212"
2019-06-28 11:52:20.000000000,BEST_ASK,"JPM,101252,8"
2019-06-28 11:52:20.000000000,BEST_BID,"JPM,100278,212"
2019-06-28 11:52:20.000000000,BEST_ASK,"JPM,101252,8"
2019-06-28 11:52:20.000000000,BEST_BID,"JPM,100278,212"
2019-06-28 11:52:20.000000000,BEST_ASK,"JPM,101252,120"
2019-06-28 11:52:20.000000000,BEST_BID,"JPM,100278,212"
2019-06-28 11:52:20.000000000,BEST_ASK,"JPM,101252,120"
2019-06-28 11:52:20.000000000,BEST_BID,"JPM,100278,212"
2019-06-28 11:52:20.000000000,BEST_ASK,"JPM,101252,120"
2019-06-28 11:52:30.000000000,QUERY_SPREAD,1
2019-06-28 11:52:30.000000000,BEST_BID,"JPM,100278,166"
2019-06-28 11:52:30.000000000,BEST_ASK,"JPM,101252,8"
2019-06-28 11:52:30.000000000,BEST_BID,"JPM,100278,166"
2019-06-28 11:52:30.000000000,BEST_ASK,"JPM,101252,8"
2019-06-28 11:52:30.000000000,BEST_BID,"JPM,100278,166"
2019-06-28 11:52:30.000000000,BEST_ASK,"JPM,101252,8"
2019-06-28 11:52:30.000000000,BEST_BID,"JPM,100278,166"
2019-06-28 11:52:30.000000000,BEST_ASK,"JPM,101252,8"
2019-06-28 11:52:30.000000000,BEST_BID,"JPM,100278,166"
2019-06-28 11:52:30.000000000,BEST_ASK,"JPM,101252,8"
2019-06-28 11:52:30.000000000,BEST_BID,"JPM,100278,166"
2019-06-28 11:52:30.000000000,BEST_ASK,"JPM,101252,74"
2019-06-28 11:52:30.000000000,BEST_BID,"JPM,100278,166"
2019-06-28 11:52:30.000000000,BEST_ASK,"JPM,101252,74"
2019-06-28 11:52:30.000000000,BEST_BID,"JPM,100278,166"
2019-06-28 11:52:30.000000000,BEST_ASK,"JPM,101252,74"
2019-06-28 11:52:30.000000000,BEST_BID,"JPM,100278,166"
2019-06-28 11:52:30.000000000,BEST_ASK,"JPM,101252,74"
2019-06-28 11:52:30.000000000,BEST_BID,"JPM,100278,166"
2019-06-28 11:52:30.000000000,BEST_ASK,"JPM,101252,74"
2019-06-28 11:52:37.717945881,QUERY_SPREAD,21
2019-06-28 11:52:37.717945881,BEST_BID,"JPM,100278,66"
2019-06-28 11:52:37.717945881,BEST_ASK,"JPM,101252,74"
2019-06-28 11:52:37.717945881,LAST_TRADE,"100,$100278.0000"
2019-06-28 11:52:40.000000000,QUERY_SPREAD,1
2019-06-28 11:52:40.000000000,BEST_BID,"JPM,100242,166"
2019-06-28 11:52:40.000000000,BEST_ASK,"JPM,101252,8"
2019-06-28 11:52:40.000000000,BEST_BID,"JPM,100242,166"
2019-06-28 11:52:40.000000000,BEST_ASK,"JPM,101252,8"
2019-06-28 11:52:40.000000000,BEST_BID,"JPM,100242,166"
2019-06-28 11:52:40.000000000,BEST_ASK,"JPM,101252,8"
2019-06-28 11:52:40.000000000,BEST_BID,"JPM,100242,166"
2019-06-28 11:52:40.000000000,BEST_ASK,"JPM,101252,8"
2019-06-28 11:52:40.000000000,BEST_BID,"JPM,100242,166"
2019-06-28 11:52:40.000000000,BEST_ASK,"JPM,101252,8"
2019-06-28 11:52:40.000000000,BEST_BID,"JPM,100242,166"
2019-06-28 11:52:40.000000000,BEST_ASK,"JPM,101252,74"
2019-06-28 11:52:40.000000000,BEST_BID,"JPM,100242,166"
2019-06-28 11:52:40.000000000,BEST_ASK,"JPM,101252,74"
2019-06-28 11:52:40.000000000,BEST_BID,"JPM,100242,166"
2019-06-28 11:52:40.000000000,BEST_ASK,"JPM,101252,74"
2019-06-28 11:52:40.000000000,BEST_BID,"JPM,100242,166"
2019-06-28 11:52:40.000000000,BEST_ASK,"JPM,101252,74"
2019-06-28 11:52:40.000000000,BEST_BID,"JPM,100242,166"
2019-06-28 11:52:40.000000000,BEST_ASK,"JPM,101252,74"
2019-06-28 11:52:45.048319867,QUERY_ORDER_STREAM,67
2019-06-28 11:52:45.048319867,QUERY_SPREAD,67
2019-06-28 11:52:45.048319867,BEST_BID,"JPM,100242,166"
2019-06-28 11:52:45.048319867,BEST_ASK,"JPM,101213,100"
2019-06-28 11:52:50.000000000,QUERY_SPREAD,1
2019-06-28 11:52:50.000000000,BEST_BID,"JPM,100242,428"
2019-06-28 11:52:50.000000000,BEST_ASK,"JPM,101213,100"
2019-06-28 11:52:50.000000000,BEST_BID,"JPM,100242,428"
2019-06-28 11:52:50.000000000,BEST_ASK,"JPM,101213,428"
2019-06-28 11:52:57.921892641,QUERY_SPREAD,20
2019-06-28 11:52:57.921892641,BEST_BID,"JPM,100242,428"
2019-06-28 11:52:57.921892641,BEST_ASK,"JPM,101213,428"
2019-06-28 11:53:00.000000000,QUERY_SPREAD,1
2019-06-28 11:53:00.000000000,BEST_BID,"JPM,100242,264"
2019-06-28 11:53:00.000000000,BEST_ASK,"JPM,101213,100"
2019-06-28 11:53:00.000000000,BEST_BID,"JPM,100242,264"
2019-06-28 11:53:00.000000000,BEST_ASK,"JPM,101213,100"
2019-06-28 11:53:00.000000000,BEST_BID,"JPM,100242,264"
2019-06-28 11:53:00.000000000,BEST_ASK,"JPM,101213,264"
2019-06-28 11:53:00.000000000,BEST_BID,"JPM,100242,264"
2019-06-28 11:53:00.000000000,BEST_ASK,"JPM,101213,264"
2019-06-28 11:53:00.000000000,QUERY_SPREAD,77
2019-06-28 11:53:00.000000000,BEST_BID,"JPM,100242,264"
2019-06-28 11:53:00.000000000,BEST_ASK,"JPM,101213,260"
2019-06-28 11:53:00.000000000,LAST_TRADE,"4,$101213.0000"
2019-06-28 11:53:00.000000000,QUERY_SPREAD,78
2019-06-28 11:53:00.000000000,BEST_BID,"JPM,100242,264"
2019-06-28 11:53:00.000000000,BEST_ASK,"JPM,101213,252"
2019-06-28 11:53:00.000000000,LAST_TRADE,"8,$101213.0000"
2019-06-28 11:53:00.000000000,QUERY_SPREAD,79
2019-06-28 11:53:00.000000000,BEST_BID,"JPM,100242,264"
2019-06-28 11:53:00.000000000,BEST_ASK,"JPM,101213,251"
2019-06-28 11:53:00.000000000,LAST_TRADE,"1,$101213.0000"
2019-06-28 11:53:00.000000000,QUERY_SPREAD,80
2019-06-28 11:53:00.000000000,BEST_BID,"JPM,100242,264"
2019-06-28 11:53:00.000000000,BEST_ASK,"JPM,101213,246"
2019-06-28 11:53:00.000000000,LAST_TRADE,"5,$101213.0000"
2019-06-28 11:53:00.000000000,QUERY_SPREAD,81
2019-06-28 11:53:00.000000000,BEST_BID,"JPM,100242,264"
2019-06-28 11:53:00.000000000,BEST_ASK,"JPM,101213,241"
2019-06-28 11:53:00.000000000,LAST_TRADE,"5,$101213.0000"
2019-06-28 11:53:00.000000000,QUERY_SPREAD,82
2019-06-28 11:53:00.000000000,BEST_BID,"JPM,100242,264"
2019-06-28 11:53:00.000000000,BEST_ASK,"JPM,101213,235"
2019-06-28 11:53:00.000000000,LAST_TRADE,"6,$101213.0000"
2019-06-28 11:53:00.000000000,QUERY_SPREAD,83
2019-06-28 11:53:00.000000000,BEST_BID,"JPM,100242,264"
2019-06-28 11:53:00.000000000,BEST_ASK,"JPM,101213,231"
2019-06-28 11:53:00.000000000,LAST_TRADE,"4,$101213.0000"
2019-06-28 11:53:00.000000000,QUERY_SPREAD,84
2019-06-28 11:53:00.000000000,BEST_BID,"JPM,100242,264"
2019-06-28 11:53:00.000000000,BEST_ASK,"JPM,101213,226"
2019-06-28 11:53:00.000000000,LAST_TRADE,"5,$101213.0000"
2019-06-28 11:53:00.000000000,QUERY_SPREAD,85
2019-06-28 11:53:00.000000000,BEST_BID,"JPM,100242,264"
2019-06-28 11:53:00.000000000,BEST_ASK,"JPM,101213,221"
2019-06-28 11:53:00.000000000,LAST_TRADE,"5,$101213.0000"
2019-06-28 11:53:00.000000000,QUERY_SPREAD,86
2019-06-28 11:53:00.000000000,BEST_BID,"JPM,100242,264"
2019-06-28 11:53:00.000000000,BEST_ASK,"JPM,101213,212"
2019-06-28 11:53:00.000000000,LAST_TRADE,"9,$101213.0000"
2019-06-28 11:53:00.000000000,QUERY_SPREAD,87
2019-06-28 11:53:00.000000000,BEST_BID,"JPM,100242,264"
2019-06-28 11:53:00.000000000,BEST_ASK,"JPM,101213,210"
2019-06-28 11:53:00.000000000,LAST_TRADE,"2,$101213.0000"
2019-06-28 11:53:00.000000000,QUERY_SPREAD,88
2019-06-28 11:53:00.000000000,BEST_BID,"JPM,100242,264"
2019-06-28 11:53:00.000000000,BEST_ASK,"JPM,101213,202"
2019-06-28 11:53:00.000000000,LAST_TRADE,"8,$101213.0000"
2019-06-28 11:53:00.000000000,QUERY_SPREAD,89
2019-06-28 11:53:00.000000000,BEST_BID,"JPM,100242,264"
2019-06-28 11:53:00.000000000,BEST_ASK,"JPM,101213,195"
2019-06-28 11:53:00.000000000,LAST_TRADE,"7,$101213.0000"
2019-06-28 11:53:00.000000000,QUERY_SPREAD,90
2019-06-28 11:53:00.000000000,BEST_BID,"JPM,100242,264"
2019-06-28 11:53:00.000000000,BEST_ASK,"JPM,101213,189"
2019-06-28 11:53:00.000000000,LAST_TRADE,"6,$101213.0000"
2019-06-28 11:53:00.000000000,QUERY_SPREAD,91
2019-06-28 11:53:00.000000000,BEST_BID,"JPM,100242,264"
2019-06-28 11:53:00.000000000,BEST_ASK,"JPM,101213,184"
2019-06-28 11:53:00.000000000,LAST_TRADE,"5,$101213.0000"
2019-06-28 11:53:00.000000000,QUERY_SPREAD,92
2019-06-28 11:53:00.000000000,BEST_BID,"JPM,100242,264"
2019-06-28 11:53:00.000000000,BEST_ASK,"JPM,101213,183"
2019-06-28 11:53:00.000000000,LAST_TRADE,"1,$101213.0000"
2019-06-28 11:53:00.000000000,QUERY_SPREAD,93
2019-06-28 11:53:00.000000000,BEST_BID,"JPM,100242,264"
2019-06-28 11:53:00.000000000,BEST_ASK,"JPM,101213,181"
2019-06-28 11:53:00.000000000,LAST_TRADE,"2,$101213.0000"
2019-06-28 11:53:00.000000000,QUERY_SPREAD,94
2019-06-28 11:53:00.000000000,BEST_BID,"JPM,100242,264"
2019-06-28 11:53:00.000000000,BEST_ASK,"JPM,101213,179"
2019-06-28 11:53:00.000000000,LAST_TRADE,"2,$101213.0000"
2019-06-28 11:53:00.000000000,QUERY_SPREAD,95
2019-06-28 11:53:00.000000000,BEST_BID,"JPM,100242,264"
2019-06-28 11:53:00.000000000,BEST_ASK,"JPM,101213,172"
2019-06-28 11:53:00.000000000,LAST_TRADE,"7,$101213.0000"
2019-06-28 11:53:00.000000000,QUERY_SPREAD,96
2019-06-28 11:53:00.000000000,BEST_BID,"JPM,100242,264"
2019-06-28 11:53:00.000000000,BEST_ASK,"JPM,101213,165"
2019-06-28 11:53:00.000000000,LAST_TRADE,"7,$101213.0000"
2019-06-28 11:53:00.000000000,QUERY_SPREAD,97
2019-06-28 11:53:00.000000000,BEST_BID,"JPM,100242,264"
2019-06-28 11:53:00.000000000,BEST_ASK,"JPM,101213,159"
2019-06-28 11:53:00.000000000,LAST_TRADE,"6,$101213.0000"
2019-06-28 11:53:00.000000000,QUERY_SPREAD,98
2019-06-28 11:53:00.000000000,BEST_BID,"JPM,100242,264"
2019-06-28 11:53:00.000000000,BEST_ASK,"JPM,101213,155"
2019-06-28 11:53:00.000000000,LAST_TRADE,"4,$101213.0000"
2019-06-28 11:53:00.000000000,QUERY_SPREAD,99
2019-06-28 11:53:00.000000000,BEST_BID,"JPM,100242,264"
2019-06-28 11:53:00.000000000,BEST_ASK,"JPM,101213,153"
2019-06-28 11:53:00.000000000,LAST_TRADE,"2,$101213.0000"
2019-06-28 11:53:00.000000000,QUERY_SPREAD,100
2019-06-28 11:53:00.000000000,BEST_BID,"JPM,100242,264"
2019-06-28 11:53:00.000000000,BEST_ASK,"JPM,101213,147"
2019-06-28 11:53:00.000000000,LAST_TRADE,"6,$101213.0000"
2019-06-28 11:53:00.000000000,QUERY_SPREAD,101
2019-06-28 11:53:00.000000000,QUERY_ORDER_STREAM,101
2019-06-28 11:53:07.008935763,QUERY_ORDER_STREAM,63
2019-06-28 11:53:07.008935763,QUERY_SPREAD,63
2019-06-28 11:53:07.008935763,BEST_BID,"JPM,100242,264"
2019-06-28 11:53:07.008935763,BEST_ASK,"JPM,101213,247"
2019-06-28 11:53:10.000000000,QUERY_SPREAD,1
2019-06-28 11:53:10.000000000,BEST_BID,"JPM,100242,212"
2019-06-28 11:53:10.000000000,BEST_ASK,"JPM,101213,100"
2019-06-28 11:53:10.000000000,BEST_BID,"JPM,100242,212"
2019-06-28 11:53:10.000000000,BEST_ASK,"JPM,101213,100"
2019-06-28 11:53:10.000000000,BEST_BID,"JPM,100242,212"
2019-06-28 11:53:10.000000000,BEST_ASK,"JPM,101213,100"
2019-06-28 11:53:10.000000000,BEST_BID,"JPM,100242,212"
2019-06-28 11:53:10.000000000,BEST_ASK,"JPM,101213,212"
2019-06-28 11:53:10.000000000,BEST_BID,"JPM,100242,212"
2019-06-28 11:53:10.000000000,BEST_ASK,"JPM,101213,212"
2019-06-28 11:53:10.000000000,BEST_BID,"JPM,100242,212"
2019-06-28 11:53:10.000000000,BEST_ASK,"JPM,101213,212"
2019-06-28 11:53:20.000000000,QUERY_SPREAD,1
2019-06-28 11:53:20.000000000,BEST_BID,"JPM,100242,428"
2019-06-28 11:53:20.000000000,BEST_ASK,"JPM,101213,100"
2019-06-28 11:53:20.000000000,BEST_BID,"JPM,100242,428"
2019-06-28 11:53:20.000000000,BEST_ASK,"JPM,101213,428"
2019-06-28 11:53:30.000000000,QUERY_SPREAD,1
2019-06-28 11:53:30.000000000,BEST_BID,"JPM,100242,212"
2019-06-28 11:53:30.000000000,BEST_ASK,"JPM,101213,100"
2019-06-28 11:53:30.000000000,BEST_BID,"JPM,100242,212"
2019-06-28 11:53:30.000000000,BEST_ASK,"JPM,101213,100"
2019-06-28 11:53:30.000000000,BEST_BID,"JPM,100242,212"
2019-06-28 11:53:30.000000000,BEST_ASK,"JPM,101213,100"
2019-06-28 11:53:30.000000000,BEST_BID,"JPM,100242,212"
2019-06-28 11:53:30.000000000,BEST_ASK,"JPM,101213,212"
2019-06-28 11:53:30.000000000,BEST_BID,"JPM,100242,212"
2019-06-28 11:53:30.000000000,BEST_ASK,"JPM,101213,212"
2019-06-28 11:53:30.000000000,BEST_BID,"JPM,100242,212"
2019-06-28 11:53:30.000000000,BEST_ASK,"JPM,101213,212"
2019-06-28 11:53:40.000000000,QUERY_SPREAD,1
2019-06-28 11:53:40.000000000,BEST_BID,"JPM,100242,166"
2019-06-28 11:53:40.000000000,BEST_ASK,"JPM,101213,100"
2019-06-28 11:53:40.000000000,BEST_BID,"JPM,100242,166"
2019-06-28 11:53:40.000000000,BEST_ASK,"JPM,101213,100"
2019-06-28 11:53:40.000000000,BEST_BID,"JPM,100242,166"
2019-06-28 11:53:40.000000000,BEST_ASK,"JPM,101213,100"
2019-06-28 11:53:40.000000000,BEST_BID,"JPM,100242,166"
2019-06-28 11:53:40.000000000,BEST_ASK,"JPM,101213,100"
2019-06-28 11:53:40.000000000,BEST_BID,"JPM,100242,166"
2019-06-28 11:53:40.000000000,BEST_ASK,"JPM,101213,100"
2019-06-28 11:53:40.000000000,BEST_BID,"JPM,100242,166"
2019-06-28 11:53:40.000000000,BEST_ASK,"JPM,101213,166"
2019-06-28 11:53:40.000000000,BEST_BID,"JPM,100242,166"
2019-06-28 11:53:40.000000000,BEST_ASK,"JPM,101213,166"
2019-06-28 11:53:40.000000000,BEST_BID,"JPM,100242,166"
2019-06-28 11:53:40.000000000,BEST_ASK,"JPM,101213,166"
2019-06-28 11:53:40.000000000,BEST_BID,"JPM,100242,166"
2019-06-28 11:53:40.000000000,BEST_ASK,"JPM,101213,166"
2019-06-28 11:53:40.000000000,BEST_BID,"JPM,100242,166"
2019-06-28 11:53:40.000000000,BEST_ASK,"JPM,101213,166"
2019-06-28 11:53:43.145029918,QUERY_ORDER_STREAM,67
2019-06-28 11:53:43.145029918,QUERY_SPREAD,67
2019-06-28 11:53:43.145029918,BEST_BID,"JPM,100242,166"
2019-06-28 11:53:43.145029918,BEST_ASK,"JPM,101213,266"
2019-06-28 11:53:47.177185251,QUERY_SPREAD,12
2019-06-28 11:53:47.177185251,BEST_BID,"JPM,100242,166"
2019-06-28 11:53:47.177185251,BEST_ASK,"JPM,101213,266"
2019-06-28 11:53:50.000000000,QUERY_SPREAD,1
2019-06-28 11:53:50.000000000,BEST_BID,"JPM,100242,212"
2019-06-28 11:53:50.000000000,BEST_ASK,"JPM,101213,200"
2019-06-28 11:53:50.000000000,BEST_BID,"JPM,100242,212"
2019-06-28 11:53:50.000000000,BEST_ASK,"JPM,101213,200"
2019-06-28 11:53:50.000000000,BEST_BID,"JPM,100242,212"
2019-06-28 11:53:50.000000000,BEST_ASK,"JPM,101213,200"
2019-06-28 11:53:50.000000000,BEST_BID,"JPM,100242,212"
2019-06-28 11:53:50.000000000,BEST_ASK,"JPM,101213,312"
2019-06-28 11:53:50.000000000,BEST_BID,"JPM,100242,212"
2019-06-28 11:53:50.000000000,BEST_ASK,"JPM,101213,312"
2019-06-28 11:53:50.000000000,BEST_BID,"JPM,100242,212"
2019-06-28 11:53:50.000000000,BEST_ASK,"JPM,101213,312"
2019-06-28 11:53:56.535407648,QUERY_SPREAD,44
2019-06-28 11:53:56.535407648,BEST_BID,"JPM,100242,112"
2019-06-28 11:53:56.535407648,BEST_ASK,"JPM,101213,312"
2019-06-28 11:53:56.535407648,LAST_TRADE,"100,$100242.0000"
2019-06-28 11:54:00.000000000,QUERY_SPREAD,1
2019-06-28 11:54:00.000000000,BEST_BID,"JPM,100110,166"
2019-06-28 11:54:00.000000000,BEST_ASK,"JPM,101213,200"
2019-06-28 11:54:00.000000000,BEST_BID,"JPM,100110,166"
2019-06-28 11:54:00.000000000,BEST_ASK,"JPM,101213,200"
2019-06-28 11:54:00.000000000,BEST_BID,"JPM,100110,166"
2019-06-28 11:54:00.000000000,BEST_ASK,"JPM,101213,200"
2019-06-28 11:54:00.000000000,BEST_BID,"JPM,100110,166"
2019-06-28 11:54:00.000000000,BEST_ASK,"JPM,101213,200"
2019-06-28 11:54:00.000000000,BEST_BID,"JPM,100110,166"
2019-06-28 11:54:00.000000000,BEST_ASK,"JPM,101213,200"
2019-06-28 11:54:00.000000000,BEST_BID,"JPM,100110,166"
2019-06-28 11:54:00.000000000,BEST_ASK,"JPM,101213,266"
2019-06-28 11:54:00.000000000,BEST_BID,"JPM,100110,166"
2019-06-28 11:54:00.000000000,BEST_ASK,"JPM,101213,266"
2019-06-28 11:54:00.000000000,BEST_BID,"JPM,100110,166"
2019-06-28 11:54:00.000000000,BEST_ASK,"JPM,101213,266"
2019-06-28 11:54:00.000000000,BEST_BID,"JPM,100110,166"
2019-06-28 11:54:00.000000000,BEST_ASK,"JPM,101213,266"
2019-06-28 11:54:00.000000000,BEST_BID,"JPM,100110,166"
2019-06-28 11:54:00.000000000,BEST_ASK,"JPM,101213,266"
2019-06-28 11:54:00.000000000,QUERY_SPREAD,77
2019-06-28 11:54:00.000000000,BEST_BID,"JPM,100110,162"
2019-06-28 11:54:00.000000000,BEST_ASK,"JPM,101213,266"
2019-06-28 11:54:00.000000000,LAST_TRADE,"4,$100110.0000"
2019-06-28 11:54:00.000000000,QUERY_SPREAD,78
2019-06-28 11:54:00.000000000,BEST_BID,"JPM,100110,154"
2019-06-28 11:54:00.000000000,BEST_ASK,"JPM,101213,266"
2019-06-28 11:54:00.000000000,LAST_TRADE,"8,$100110.0000"
2019-06-28 11:54:00.000000000,QUERY_SPREAD,79
2019-06-28 11:54:00.000000000,BEST_BID,"JPM,100110,153"
2019-06-28 11:54:00.000000000,BEST_ASK,"JPM,101213,266"
2019-06-28 11:54:00.000000000,LAST_TRADE,"1,$100110.0000"
2019-06-28 11:54:00.000000000,QUERY_SPREAD,80
2019-06-28 11:54:00.000000000,BEST_BID,"JPM,100110,148"
2019-06-28 11:54:00.000000000,BEST_ASK,"JPM,101213,266"
2019-06-28 11:54:00.000000000,LAST_TRADE,"5,$100110.0000"
2019-06-28 11:54:00.000000000,QUERY_SPREAD,81
2019-06-28 11:54:00.000000000,BEST_BID,"JPM,100110,143"
2019-06-28 11:54:00.000000000,BEST_ASK,"JPM,101213,266"
2019-06-28 11:54:00.000000000,LAST_TRADE,"5,$100110.0000"
2019-06-28 11:54:00.000000000,QUERY_SPREAD,82
2019-06-28 11:54:00.000000000,BEST_BID,"JPM,100110,137"
2019-06-28 11:54:00.000000000,BEST_ASK,"JPM,101213,266"
2019-06-28 11:54:00.000000000,LAST_TRADE,"6,$100110.0000"
2019-06-28 11:54:00.000000000,QUERY_SPREAD,83
2019-06-28 11:54:00.000000000,BEST_BID,"JPM,100110,133"
2019-06-28 11:54:00.000000000,BEST_ASK,"JPM,101213,266"
2019-06-28 11:54:00.000000000,LAST_TRADE,"4,$100110.0000"
2019-06-28 11:54:00.000000000,QUERY_SPREAD,84
2019-06-28 11:54:00.000000000,BEST_BID,"JPM,100110,128"
2019-06-28 11:54:00.000000000,BEST_ASK,"JPM,101213,266"
2019-06-28 11:54:00.000000000,LAST_TRADE,"5,$100110.0000"
2019-06-28 11:54:00.000000000,QUERY_SPREAD,85
2019-06-28 11:54:00.000000000,BEST_BID,"JPM,100110,123"
2019-06-28 11:54:00.000000000,BEST_ASK,"JPM,101213,266"
2019-06-28 11:54:00.000000000,LAST_TRADE,"5,$100110.0000"
2019-06-28 11:54:00.000000000,QUERY_SPREAD,86
2019-06-28 11:54:00.000000000,BEST_BID,"JPM,100110,114"
2019-06-28 11:54:00.000000000,BEST_ASK,"JPM,101213,266"
2019-06-28 11:54:00.000000000,LAST_TRADE,"9,$100110.0000"
2019-06-28 11:54:00.000000000,QUERY_SPREAD,87
2019-06-28 11:54:00.000000000,BEST_BID,"JPM,100110,112"
2019-06-28 11:54:00.000000000,BEST_ASK,"JPM,101213,266"
2019-06-28 11:54:00.000000000,LAST_TRADE,"2,$100110.0000"
2019-06-28 11:54:00.000000000,QUERY_SPREAD,88
2019-06-28 11:54:00.000000000,BEST_BID,"JPM,100110,104"
2019-06-28 11:54:00.000000000,BEST_ASK,"JPM,101213,266"
2019-06-28 11:54:00.000000000,LAST_TRADE,"8,$100110.0000"
2019-06-28 11:54:00.000000000,QUERY_SPREAD,89
2019-06-28 11:54:00.000000000,BEST_BID,"JPM,100110,97"
2019-06-28 11:54:00.000000000,BEST_ASK,"JPM,101213,266"
2019-06-28 11:54:00.000000000,LAST_TRADE,"7,$100110.0000"
2019-06-28 11:54:00.000000000,QUERY_SPREAD,90
2019-06-28 11:54:00.000000000,BEST_BID,"JPM,100110,91"
2019-06-28 11:54:00.000000000,BEST_ASK,"JPM,101213,266"
2019-06-28 11:54:00.000000000,LAST_TRADE,"6,$100110.0000"
2019-06-28 11:54:00.000000000,QUERY_SPREAD,91
2019-06-28 11:54:00.000000000,BEST_BID,"JPM,100110,86"
2019-06-28 11:54:00.000000000,BEST_ASK,"JPM,101213,266"
2019-06-28 11:54:00.000000000,LAST_TRADE,"5,$100110.0000"
2019-06-28 11:54:00.000000000,QUERY_SPREAD,92
2019-06-28 11:54:00.000000000,BEST_BID,"JPM,100110,85"
2019-06-28 11:54:00.000000000,BEST_ASK,"JPM,101213,266"
2019-06-28 11:54:00.000000000,LAST_TRADE,"1,$100110.0000"
2019-06-28 11:54:00.000000000,QUERY_SPREAD,93
2019-06-28 11:54:00.000000000,BEST_BID,"JPM,100110,83"
2019-06-28 11:54:00.000000000,BEST_ASK,"JPM,101213,266"
2019-06-28 11:54:00.000000000,LAST_TRADE,"2,$100110.0000"
2019-06-28 11:54:00.000000000,QUERY_SPREAD,94
2019-06-28 11:54:00.000000000,BEST_BID,"JPM,100110,81"
2019-06-28 11:54:00.000000000,BEST_ASK,"JPM,101213,266"
2019-06-28 11:54:00.000000000,LAST_TRADE,"2,$100110.0000"
2019-06-28 11:54:00.000000000,QUERY_SPREAD,95
2019-06-28 11:54:00.000000000,BEST_BID,"JPM,100110,74"
2019-06-28 11:54:00.000000000,BEST_ASK,"JPM,101213,266"
2019-06-28 11:54:00.000000000,LAST_TRADE,"7,$100110.0000"
2019-06-28 11:54:00.000000000,QUERY_SPREAD,96
2019-06-28 11:54:00.000000000,BEST_BID,"JPM,100110,67"
2019-06-28 11:54:00.000000000,BEST_ASK,"JPM,101213,266"
2019-06-28 11:54:00.000000000,LAST_TRADE,"7,$100110.0000"
2019-06-28 11:54:00.000000000,QUERY_SPREAD,97
2019-06-28 11:54:00.000000000,BEST_BID,"JPM,100110,61"
2019-06-28 11:54:00.000000000,BEST_ASK,"JPM,101213,266"
2019-06-28 11:54:00.000000000,LAST_TRADE,"6,$100110.0000"
2019-06-28 11:54:00.000000000,QUERY_SPREAD,98
2019-06-28 11:54:00.000000000,BEST_BID,"JPM,100110,57"
2019-06-28 11:54:00.000000000,BEST_ASK,"JPM,101213,266"
2019-06-28 11:54:00.000000000,LAST_TRADE,"4,$100110.0000"
2019-06-28 11:54:00.000000000,QUERY_SPREAD,99
2019-06-28 11:54:00.000000000,BEST_BID,"JPM,100110,55"
2019-06-28 11:54:00.000000000,BEST_ASK,"JPM,101213,266"
2019-06-28 11:54:00.000000000,LAST_TRADE,"2,$100110.0000"
2019-06-28 11:54:00.000000000,QUERY_SPREAD,100
2019-06-28 11:54:00.000000000,BEST_BID,"JPM,100110,49"
2019-06-28 11:54:00.000000000,BEST_ASK,"JPM,101213,266"
2019-06-28 11:54:00.000000000,LAST_TRADE,"6,$100110.0000"
2019-06-28 11:54:00.000000000,QUERY_SPREAD,101
2019-06-28 11:54:00.000000000,QUERY_ORDER_STREAM,101
2019-06-28 11:54:01.473012704,QUERY_SPREAD,9
2019-06-28 11:54:01.473012704,BEST_BID,"JPM,100049,166"
2019-06-28 11:54:01.473012704,BEST_ASK,"JPM,100110,51"
2019-06-28 11:54:01.473012704,LAST_TRADE,"49,$100110.0000"
2019-06-28 11:54:10.000000000,QUERY_SPREAD,1
2019-06-28 11:54:10.000000000,BEST_BID,"JPM,100049,212"
2019-06-28 11:54:10.000000000,BEST_ASK,"JPM,100110,51"
2019-06-28 11:54:10.000000000,BEST_BID,"JPM,100049,212"
2019-06-28 11:54:10.000000000,BEST_ASK,"JPM,100110,51"
2019-06-28 11:54:10.000000000,BEST_BID,"JPM,100049,212"
2019-06-28 11:54:10.000000000,BEST_ASK,"JPM,100110,51"
2019-06-28 11:54:10.000000000,BEST_BID,"JPM,100049,212"
2019-06-28 11:54:10.000000000,BEST_ASK,"JPM,100110,163"
2019-06-28 11:54:10.000000000,BEST_BID,"JPM,100049,212"
2019-06-28 11:54:10.000000000,BEST_ASK,"JPM,100110,163"
2019-06-28 11:54:10.000000000,BEST_BID,"JPM,100049,212"
2019-06-28 11:54:10.000000000,BEST_ASK,"JPM,100110,163"
2019-06-28 11:54:15.091583876,QUERY_SPREAD,47
2019-06-28 11:54:15.091583876,BEST_BID,"JPM,100049,112"
2019-06-28 11:54:15.091583876,BEST_ASK,"JPM,100110,163"
2019-06-28 11:54:15.091583876,LAST_TRADE,"100,$100049.0000"
2019-06-28 11:54:20.000000000,QUERY_SPREAD,1
2019-06-28 11:54:20.000000000,BEST_BID,"JPM,100020,166"
2019-06-28 11:54:20.000000000,BEST_ASK,"JPM,100110,51"
2019-06-28 11:54:20.000000000,BEST_BID,"JPM,100020,166"
2019-06-28 11:54:20.000000000,BEST_ASK,"JPM,100110,51"
2019-06-28 11:54:20.000000000,BEST_BID,"JPM,100020,166"
2019-06-28 11:54:20.000000000,BEST_ASK,"JPM,100110,51"
2019-06-28 11:54:20.000000000,BEST_BID,"JPM,100020,166"
2019-06-28 11:54:20.000000000,BEST_ASK,"JPM,100110,51"
2019-06-28 11:54:20.000000000,BEST_BID,"JPM,100020,166"
2019-06-28 11:54:20.000000000,BEST_ASK,"JPM,100110,51"
2019-06-28 11:54:20.000000000,BEST_BID,"JPM,100020,166"
2019-06-28 11:54:20.000000000,BEST_ASK,"JPM,100110,117"
2019-06-28 11:54:20.000000000,BEST_BID,"JPM,100020,166"
2019-06-28 11:54:20.000000000,BEST_ASK,"JPM,100110,117"
2019-06-28 11:54:20.000000000,BEST_BID,"JPM,100020,166"
2019-06-28 11:54:20.000000000,BEST_ASK,"JPM,100110,117"
2019-06-28 11:54:20.000000000,BEST_BID,"JPM,100020,166"
2019-06-28 11:54:20.000000000,BEST_ASK,"JPM,100110,117"
2019-06-28 11:54:20.000000000,BEST_BID,"JPM,100020,166"
2019-06-28 11:54:20.000000000,BEST_ASK,"JPM,100110,117"
2019-06-28 11:54:29.071046673,QUERY_ORDER_STREAM,73
2019-06-28 11:54:29.071046673,QUERY_SPREAD,73
2019-06-28 11:54:29.071046673,BEST_BID,"JPM,100020,166"
2019-06-28 11:54:29.071046673,BEST_ASK,"JPM,100109,100"
2019-06-28 11:54:30.000000000,QUERY_SPREAD,1
2019-06-28 11:54:30.000000000,BEST_BID,"JPM,100020,428"
2019-06-28 11:54:30.000000000,BEST_ASK,"JPM,100109,100"
2019-06-28 11:54:30.000000000,BEST_BID,"JPM,100020,428"
2019-06-28 11:54:30.000000000,BEST_ASK,"JPM,100109,428"
2019-06-28 11:54:40.000000000,QUERY_SPREAD,1
2019-06-28 11:54:40.000000000,BEST_BID,"JPM,100020,166"
2019-06-28 11:54:40.000000000,BEST_ASK,"JPM,100109,100"
2019-06-28 11:54:40.000000000,BEST_BID,"JPM,100020,166"
2019-06-28 11:54:40.000000000,BEST_ASK,"JPM,100109,100"
2019-06-28 11:54:40.000000000,BEST_BID,"JPM,100020,166"
2019-06-28 11:54:40.000000000,BEST_ASK,"JPM,100109,100"
2019-06-28 11:54:40.000000000,BEST_BID,"JPM,100020,166"
2019-06-28 11:54:40.000000000,BEST_ASK,"JPM,100109,100"
2019-06-28 11:54:40.000000000,BEST_BID,"JPM,100020,166"
2019-06-28 11:54:40.000000000,BEST_ASK,"JPM,100109,100"
2019-06-28 11:54:40.000000000,BEST_BID,"JPM,100020,166"
2019-06-28 11:54:40.000000000,BEST_ASK,"JPM,100109,166"
2019-06-28 11:54:40.000000000,BEST_BID,"JPM,100020,166"
2019-06-28 11:54:40.000000000,BEST_ASK,"JPM,100109,166"
2019-06-28 11:54:40.000000000,BEST_BID,"JPM,100020,166"
2019-06-28 11:54:40.000000000,BEST_ASK,"JPM,100109,166"
2019-06-28 11:54:40.000000000,BEST_BID,"JPM,100020,166"
2019-06-28 11:54:40.000000000,BEST_ASK,"JPM,100109,166"
2019-06-28 11:54:40.000000000,BEST_BID,"JPM,100020,166"
2019-06-28 11:54:40.000000000,BEST_ASK,"JPM,100109,166"
2019-06-28 11:54:41.367245513,QUERY_ORDER_STREAM,58
2019-06-28 11:54:41.367245513,QUERY_SPREAD,58
2019-06-28 11:54:50.000000000,QUERY_SPREAD,1
2019-06-28 11:54:50.000000000,BEST_BID,"JPM,100020,166"
2019-06-28 11:54:50.000000000,BEST_ASK,"JPM,100109,100"
2019-06-28 11:54:50.000000000,BEST_BID,"JPM,100020,166"
2019-06-28 11:54:50.000000000,BEST_ASK,"JPM,100109,100"
2019-06-28 11:54:50.000000000,BEST_BID,"JPM,100020,166"
2019-06-28 11:54:50.000000000,BEST_ASK,"JPM,100109,100"
2019-06-28 11:54:50.000000000,BEST_BID,"JPM,100020,166"
2019-06-28 11:54:50.000000000,BEST_ASK,"JPM,100109,100"
2019-06-28 11:54:50.000000000,BEST_BID,"JPM,100020,166"
2019-06-28 11:54:50.000000000,BEST_ASK,"JPM,100109,100"
2019-06-28 11:54:50.000000000,BEST_BID,"JPM,100020,166"
2019-06-28 11:54:50.000000000,BEST_ASK,"JPM,100109,166"
2019-06-28 11:54:50.000000000,BEST_BID,"JPM,100020,166"
2019-06-28 11:54:50.000000000,BEST_ASK,"JPM,100109,166"
2019-06-28 11:54:50.000000000,BEST_BID,"JPM,100020,166"
2019-06-28 11:54:50.000000000,BEST_ASK,"JPM,100109,166"
2019-06-28 11:54:50.000000000,BEST_BID,"JPM,100020,166"
2019-06-28 11:54:50.000000000,BEST_ASK,"JPM,100109,166"
2019-06-28 11:54:50.000000000,BEST_BID,"JPM,100020,166"
2019-06-28 11:54:50.000000000,BEST_ASK,"JPM,100109,166"
2019-06-28 11:54:59.906057564,QUERY_SPREAD,29
2019-06-28 11:54:59.906057564,BEST_BID,"JPM,100020,66"
2019-06-28 11:54:59.906057564,BEST_ASK,"JPM,100109,166"
2019-06-28 11:54:59.906057564,LAST_TRADE,"100,$100020.0000"
2019-06-28 11:55:00.000000000,QUERY_SPREAD,1
2019-06-28 11:55:00.000000000,BEST_BID,"JPM,99973,182"
2019-06-28 11:55:00.000000000,BEST_ASK,"JPM,100109,100"
2019-06-28 11:55:00.000000000,BEST_BID,"JPM,99973,182"
2019-06-28 11:55:00.000000000,BEST_ASK,"JPM,100109,100"
2019-06-28 11:55:00.000000000,BEST_BID,"JPM,99973,182"
2019-06-28 11:55:00.000000000,BEST_ASK,"JPM,100109,100"
2019-06-28 11:55:00.000000000,BEST_BID,"JPM,99973,182"
2019-06-28 11:55:00.000000000,BEST_ASK,"JPM,100109,100"
2019-06-28 11:55:00.000000000,BEST_BID,"JPM,99973,182"
2019-06-28 11:55:00.000000000,BEST_ASK,"JPM,100109,182"
2019-06-28 11:55:00.000000000,BEST_BID,"JPM,99973,182"
2019-06-28 11:55:00.000000000,BEST_ASK,"JPM,100109,182"
2019-06-28 11:55:00.000000000,BEST_BID,"JPM,99973,182"
2019-06-28 11:55:00.000000000,BEST_ASK,"JPM,100109,182"
2019-06-28 11:55:00.000000000,BEST_BID,"JPM,99973,182"
2019-06-28 11:55:00.000000000,BEST_ASK,"JPM,100109,182"
2019-06-28 11:55:00.000000000,QUERY_SPREAD,77
2019-06-28 11:55:00.000000000,BEST_BID,"JPM,99973,178"
2019-06-28 11:55:00.000000000,BEST_ASK,"JPM,100109,182"
2019-06-28 11:55:00.000000000,LAST_TRADE,"4,$99973.0000"
2019-06-28 11:55:00.000000000,QUERY_SPREAD,78
2019-06-28 11:55:00.000000000,BEST_BID,"JPM,99973,170"
2019-06-28 11:55:00.000000000,BEST_ASK,"JPM,100109,182"
2019-06-28 11:55:00.000000000,LAST_TRADE,"8,$99973.0000"
2019-06-28 11:55:00.000000000,QUERY_SPREAD,79
2019-06-28 11:55:00.000000000,BEST_BID,"JPM,99973,169"
2019-06-28 11:55:00.000000000,BEST_ASK,"JPM,100109,182"
2019-06-28 11:55:00.000000000,LAST_TRADE,"1,$99973.0000"
2019-06-28 11:55:00.000000000,QUERY_SPREAD,80
2019-06-28 11:55:00.000000000,BEST_BID,"JPM,99973,164"
2019-06-28 11:55:00.000000000,BEST_ASK,"JPM,100109,182"
2019-06-28 11:55:00.000000000,LAST_TRADE,"5,$99973.0000"
2019-06-28 11:55:00.000000000,QUERY_SPREAD,81
2019-06-28 11:55:00.000000000,BEST_BID,"JPM,99973,159"
2019-06-28 11:55:00.000000000,BEST_ASK,"JPM,100109,182"
2019-06-28 11:55:00.000000000,LAST_TRADE,"5,$99973.0000"
2019-06-28 11:55:00.000000000,QUERY_SPREAD,82
2019-06-28 11:55:00.000000000,BEST_BID,"JPM,99973,153"
2019-06-28 11:55:00.000000000,BEST_ASK,"JPM,100109,182"
2019-06-28 11:55:00.000000000,LAST_TRADE,"6,$99973.0000"
2019-06-28 11:55:00.000000000,QUERY_SPREAD,83
2019-06-28 11:55:00.000000000,BEST_BID,"JPM,99973,149"
2019-06-28 11:55:00.000000000,BEST_ASK,"JPM,100109,182"
2019-06-28 11:55:00.000000000,LAST_TRADE,"4,$99973.0000"
2019-06-28 11:55:00.000000000,QUERY_SPREAD,84
2019-06-28 11:55:00.000000000,BEST_BID,"JPM,99973,144"
2019-06-28 11:55:00.000000000,BEST_ASK,"JPM,100109,182"
2019-06-28 11:55:00.000000000,LAST_TRADE,"5,$99973.0000"
2019-06-28 11:55:00.000000000,QUERY_SPREAD,85
2019-06-28 11:55:00.000000000,BEST_BID,"JPM,99973,139"
2019-06-28 11:55:00.000000000,BEST_ASK,"JPM,100109,182"
2019-06-28 11:55:00.000000000,LAST_TRADE,"5,$99973.0000"
2019-06-28 11:55:00.000000000,QUERY_SPREAD,86
2019-06-28 11:55:00.000000000,BEST_BID,"JPM,99973,130"
2019-06-28 11:55:00.000000000,BEST_ASK,"JPM,100109,182"
2019-06-28 11:55:00.000000000,LAST_TRADE,"9,$99973.0000"
2019-06-28 11:55:00.000000000,QUERY_SPREAD,87
2019-06-28 11:55:00.000000000,BEST_BID,"JPM,99973,128"
2019-06-28 11:55:00.000000000,BEST_ASK,"JPM,100109,182"
2019-06-28 11:55:00.000000000,LAST_TRADE,"2,$99973.0000"
2019-06-28 11:55:00.000000000,QUERY_SPREAD,88
2019-06-28 11:55:00.000000000,BEST_BID,"JPM,99973,120"
2019-06-28 11:55:00.000000000,BEST_ASK,"JPM,100109,182"
2019-06-28 11:55:00.000000000,LAST_TRADE,"8,$99973.0000"
2019-06-28 11:55:00.000000000,QUERY_SPREAD,89
2019-06-28 11:55:00.000000000,BEST_BID,"JPM,99973,113"
2019-06-28 11:55:00.000000000,BEST_ASK,"JPM,100109,182"
2019-06-28 11:55:00.000000000,LAST_TRADE,"7,$99973.0000"
2019-06-28 11:55:00.000000000,QUERY_SPREAD,90
2019-06-28 11:55:00.000000000,BEST_BID,"JPM,99973,107"
2019-06-28 11:55:00.000000000,BEST_ASK,"JPM,100109,182"
2019-06-28 11:55:00.000000000,LAST_TRADE,"6,$99973.0000"
2019-06-28 11:55:00.000000000,QUERY_SPREAD,91
2019-06-28 11:55:00.000000000,BEST_BID,"JPM,99973,102"
2019-06-28 11:55:00.000000000,BEST_ASK,"JPM,100109,182"
2019-06-28 11:55:00.000000000,LAST_TRADE,"5,$99973.0000"
2019-06-28 11:55:00.000000000,QUERY_SPREAD,92
2019-06-28 11:55:00.000000000,BEST_BID,"JPM,99973,101"
2019-06-28 11:55:00.000000000,BEST_ASK,"JPM,100109,182"
2019-06-28 11:55:00.000000000,LAST_TRADE,"1,$99973.0000"
2019-06-28 11:55:00.000000000,QUERY_SPREAD,93
2019-06-28 11:55:00.000000000,BEST_BID,"JPM,99973,99"
2019-06-28 11:55:00.000000000,BEST_ASK,"JPM,100109,182"
2019-06-28 11:55:00.000000000,LAST_TRADE,"2,$99973.0000"
2019-06-28 11:55:00.000000000,QUERY_SPREAD,94
2019-06-28 11:55:00.000000000,BEST_BID,"JPM,99973,97"
2019-06-28 11:55:00.000000000,BEST_ASK,"JPM,100109,182"
2019-06-28 11:55:00.000000000,LAST_TRADE,"2,$99973.0000"
2019-06-28 11:55:00.000000000,QUERY_SPREAD,95
2019-06-28 11:55:00.000000000,BEST_BID,"JPM,99973,90"
2019-06-28 11:55:00.000000000,BEST_ASK,"JPM,100109,182"
2019-06-28 11:55:00.000000000,LAST_TRADE,"7,$99973.0000"
2019-06-28 11:55:00.000000000,QUERY_SPREAD,96
2019-06-28 11:55:00.000000000,BEST_BID,"JPM,99973,83"
2019-06-28 11:55:00.000000000,BEST_ASK,"JPM,100109,182"
2019-06-28 11:55:00.000000000,LAST_TRADE,"7,$99973.0000"
2019-06-28 11:55:00.000000000,QUERY_SPREAD,97
2019-06-28 11:55:00.000000000,BEST_BID,"JPM,99973,77"
2019-06-28 11:55:00.000000000,BEST_ASK,"JPM,100109,182"
2019-06-28 11:55:00.000000000,LAST_TRADE,"6,$99973.0000"
2019-06-28 11:55:00.000000000,QUERY_SPREAD,98
2019-06-28 11:55:00.000000000,BEST_BID,"JPM,99973,73"
2019-06-28 11:55:00.000000000,BEST_ASK,"JPM,100109,182"
2019-06-28 11:55:00.000000000,LAST_TRADE,"4,$99973.0000"
2019-06-28 11:55:00.000000000,QUERY_SPREAD,99
2019-06-28 11:55:00.000000000,BEST_BID,"JPM,99973,71"
2019-06-28 11:55:00.000000000,BEST_ASK,"JPM,100109,182"
2019-06-28 11:55:00.000000000,LAST_TRADE,"2,$99973.0000"
2019-06-28 11:55:00.000000000,QUERY_SPREAD,100
2019-06-28 11:55:00.000000000,BEST_BID,"JPM,99973,65"
2019-06-28 11:55:00.000000000,BEST_ASK,"JPM,100109,182"
2019-06-28 11:55:00.000000000,LAST_TRADE,"6,$99973.0000"
2019-06-28 11:55:00.000000000,QUERY_SPREAD,101
2019-06-28 11:55:00.000000000,QUERY_ORDER_STREAM,101
2019-06-28 11:55:00.000000000,BEST_BID,"JPM,99973,73"
2019-06-28 11:55:00.000000000,BEST_ASK,"JPM,100109,182"
2019-06-28 11:55:10.000000000,QUERY_SPREAD,1
2019-06-28 11:55:10.000000000,BEST_BID,"JPM,99973,74"
2019-06-28 11:55:10.000000000,BEST_ASK,"JPM,100109,100"
2019-06-28 11:55:10.000000000,BEST_BID,"JPM,99973,74"
2019-06-28 11:55:10.000000000,BEST_ASK,"JPM,100109,100"
2019-06-28 11:55:10.000000000,BEST_BID,"JPM,99973,74"
2019-06-28 11:55:10.000000000,BEST_ASK,"JPM,100109,100"
2019-06-28 11:55:10.000000000,BEST_BID,"JPM,99973,74"
2019-06-28 11:55:10.000000000,BEST_ASK,"JPM,100109,100"
2019-06-28 11:55:10.000000000,BEST_BID,"JPM,99973,74"
2019-06-28 11:55:10.000000000,BEST_ASK,"JPM,100109,100"
2019-06-28 11:55:10.000000000,BEST_BID,"JPM,99973,74"
2019-06-28 11:55:10.000000000,BEST_ASK,"JPM,100109,166"
2019-06-28 11:55:10.000000000,BEST_BID,"JPM,99973,74"
2019-06-28 11:55:10.000000000,BEST_ASK,"JPM,100109,166"
2019-06-28 11:55:10.000000000,BEST_BID,"JPM,99973,74"
2019-06-28 11:55:10.000000000,BEST_ASK,"JPM,100109,166"
2019-06-28 11:55:10.000000000,BEST_BID,"JPM,99973,74"
2019-06-28 11:55:10.000000000,BEST_ASK,"JPM,100109,166"
2019-06-28 11:55:10.000000000,BEST_BID,"JPM,99973,74"
2019-06-28 11:55:10.000000000,BEST_ASK,"JPM,100109,166"
2019-06-28 11:55:12.947724985,QUERY_SPREAD,17
2019-06-28 11:55:12.947724985,BEST_BID,"JPM,99973,74"
2019-06-28 11:55:12.947724985,BEST_ASK,"JPM,100109,166"
2019-06-28 11:55:20.000000000,QUERY_SPREAD,1
2019-06-28 11:55:20.000000000,BEST_BID,"JPM,99973,336"
2019-06-28 11:55:20.000000000,BEST_ASK,"JPM,100109,100"
2019-06-28 11:55:20.000000000,BEST_BID,"JPM,99973,336"
2019-06-28 11:55:20.000000000,BEST_ASK,"JPM,100109,428"
2019-06-28 11:55:26.101880174,QUERY_SPREAD,19
2019-06-28 11:55:26.101880174,BEST_BID,"JPM,99973,236"
2019-06-28 11:55:26.101880174,BEST_ASK,"JPM,100109,428"
2019-06-28 11:55:26.101880174,LAST_TRADE,"100,$99973.0000"
2019-06-28 11:55:27.856769050,QUERY_ORDER_STREAM,55
2019-06-28 11:55:27.856769050,QUERY_SPREAD,55
2019-06-28 11:55:27.856769050,BEST_BID,"JPM,99973,136"
2019-06-28 11:55:27.856769050,BEST_ASK,"JPM,100109,428"
2019-06-28 11:55:27.856769050,LAST_TRADE,"100,$99973.0000"
2019-06-28 11:55:30.000000000,QUERY_SPREAD,1
2019-06-28 11:55:30.000000000,BEST_BID,"JPM,99734,428"
2019-06-28 11:55:30.000000000,BEST_ASK,"JPM,100109,100"
2019-06-28 11:55:30.000000000,BEST_BID,"JPM,99734,428"
2019-06-28 11:55:30.000000000,BEST_ASK,"JPM,100109,428"
2019-06-28 11:55:40.000000000,QUERY_SPREAD,1
2019-06-28 11:55:40.000000000,BEST_BID,"JPM,99734,182"
2019-06-28 11:55:40.000000000,BEST_ASK,"JPM,100109,100"
2019-06-28 11:55:40.000000000,BEST_BID,"JPM,99734,182"
2019-06-28 11:55:40.000000000,BEST_ASK,"JPM,100109,100"
2019-06-28 11:55:40.000000000,BEST_BID,"JPM,99734,182"
2019-06-28 11:55:40.000000000,BEST_ASK,"JPM,100109,100"
2019-06-28 11:55:40.000000000,BEST_BID,"JPM,99734,182"
2019-06-28 11:55:40.000000000,BEST_ASK,"JPM,100109,100"
2019-06-28 11:55:40.000000000,BEST_BID,"JPM,99734,182"
2019-06-28 11:55:40.000000000,BEST_ASK,"JPM,100109,182"
2019-06-28 11:55:40.000000000,BEST_BID,"JPM,99734,182"
2019-06-28 11:55:40.000000000,BEST_ASK,"JPM,100109,182"
2019-06-28 11:55:40.000000000,BEST_BID,"JPM,99734,182"
2019-06-28 11:55:40.000000000,BEST_ASK,"JPM,100109,182"
2019-06-28 11:55:40.000000000,BEST_BID,"JPM,99734,182"
2019-06-28 11:55:40.000000000,BEST_ASK,"JPM,100109,182"
2019-06-28 11:55:50.000000000,QUERY_SPREAD,1
2019-06-28 11:55:50.000000000,BEST_BID,"JPM,99734,264"
2019-06-28 11:55:50.000000000,BEST_ASK,"JPM,100109,100"
2019-06-28 11:55:50.000000000,BEST_BID,"JPM,99734,264"
2019-06-28 11:55:50.000000000,BEST_ASK,"JPM,100109,100"
2019-06-28 11:55:50.000000000,BEST_BID,"JPM,99734,264"
2019-06-28 11:55:50.000000000,BEST_ASK,"JPM,100109,264"
2019-06-28 11:55:50.000000000,BEST_BID,"JPM,99734,264"
2019-06-28 11:55:50.000000000,BEST_ASK,"JPM,100109,264"
2019-06-28 11:55:57.368828875,QUERY_SPREAD,44
2019-06-28 11:55:57.368828875,BEST_BID,"JPM,99734,164"
2019-06-28 11:55:57.368828875,BEST_ASK,"JPM,100109,264"
2019-06-28 11:55:57.368828875,LAST_TRADE,"100,$99734.0000"
2019-06-28 11:55:58.160747540,QUERY_ORDER_STREAM,76
2019-06-28 11:55:58.160747540,QUERY_SPREAD,76
2019-06-28 11:55:59.539790743,QUERY_ORDER_STREAM,53
2019-06-28 11:55:59.539790743,QUERY_SPREAD,53
2019-06-28 11:56:00.000000000,QUERY_SPREAD,1
2019-06-28 11:56:00.000000000,BEST_BID,"JPM,99503,166"
2019-06-28 11:56:00.000000000,BEST_ASK,"JPM,100109,100"
2019-06-28 11:56:00.000000000,BEST_BID,"JPM,99503,166"
2019-06-28 11:56:00.000000000,BEST_ASK,"JPM,100109,100"
2019-06-28 11:56:00.000000000,BEST_BID,"JPM,99503,166"
2019-06-28 11:56:00.000000000,BEST_ASK,"JPM,100109,100"
2019-06-28 11:56:00.000000000,BEST_BID,"JPM,99503,166"
2019-06-28 11:56:00.000000000,BEST_ASK,"JPM,100109,100"
2019-06-28 11:56:00.000000000,BEST_BID,"JPM,99503,166"
2019-06-28 11:56:00.000000000,BEST_ASK,"JPM,100109,166"
2019-06-28 11:56:00.000000000,BEST_BID,"JPM,99503,166"
2019-06-28 11:56:00.000000000,BEST_ASK,"JPM,100109,166"
2019-06-28 11:56:00.000000000,BEST_BID,"JPM,99503,166"
2019-06-28 11:56:00.000000000,BEST_ASK,"JPM,100109,166"
2019-06-28 11:56:00.000000000,BEST_BID,"JPM,99503,166"
2019-06-28 11:56:00.000000000,BEST_ASK,"JPM,100109,166"
2019-06-28 11:56:00.000000000,BEST_BID,"JPM,99503,166"
2019-06-28 11:56:00.000000000,BEST_ASK,"JPM,100109,166"
2019-06-28 11:56:00.000000000,QUERY_SPREAD,77
2019-06-28 11:56:00.000000000,BEST_BID,"JPM,99503,162"
2019-06-28 11:56:00.000000000,BEST_ASK,"JPM,100109,166"
2019-06-28 11:56:00.000000000,LAST_TRADE,"4,$99503.0000"
2019-06-28 11:56:00.000000000,QUERY_SPREAD,78
2019-06-28 11:56:00.000000000,BEST_BID,"JPM,99503,154"
2019-06-28 11:56:00.000000000,BEST_ASK,"JPM,100109,166"
2019-06-28 11:56:00.000000000,LAST_TRADE,"8,$99503.0000"
2019-06-28 11:56:00.000000000,QUERY_SPREAD,79
2019-06-28 11:56:00.000000000,BEST_BID,"JPM,99503,153"
2019-06-28 11:56:00.000000000,BEST_ASK,"JPM,100109,166"
2019-06-28 11:56:00.000000000,LAST_TRADE,"1,$99503.0000"
2019-06-28 11:56:00.000000000,QUERY_SPREAD,80
2019-06-28 11:56:00.000000000,BEST_BID,"JPM,99503,148"
2019-06-28 11:56:00.000000000,BEST_ASK,"JPM,100109,166"
2019-06-28 11:56:00.000000000,LAST_TRADE,"5,$99503.0000"
2019-06-28 11:56:00.000000000,QUERY_SPREAD,81
2019-06-28 11:56:00.000000000,BEST_BID,"JPM,99503,143"
2019-06-28 11:56:00.000000000,BEST_ASK,"JPM,100109,166"
2019-06-28 11:56:00.000000000,LAST_TRADE,"5,$99503.0000"
2019-06-28 11:56:00.000000000,QUERY_SPREAD,82
2019-06-28 11:56:00.000000000,BEST_BID,"JPM,99503,137"
2019-06-28 11:56:00.000000000,BEST_ASK,"JPM,100109,166"
2019-06-28 11:56:00.000000000,LAST_TRADE,"6,$99503.0000"
2019-06-28 11:56:00.000000000,QUERY_SPREAD,83
2019-06-28 11:56:00.000000000,BEST_BID,"JPM,99503,133"
2019-06-28 11:56:00.000000000,BEST_ASK,"JPM,100109,166"
2019-06-28 11:56:00.000000000,LAST_TRADE,"4,$99503.0000"
2019-06-28 11:56:00.000000000,QUERY_SPREAD,84
2019-06-28 11:56:00.000000000,BEST_BID,"JPM,99503,128"
2019-06-28 11:56:00.000000000,BEST_ASK,"JPM,100109,166"
2019-06-28 11:56:00.000000000,LAST_TRADE,"5,$99503.0000"
2019-06-28 11:56:00.000000000,QUERY_SPREAD,85
2019-06-28 11:56:00.000000000,BEST_BID,"JPM,99503,123"
2019-06-28 11:56:00.000000000,BEST_ASK,"JPM,100109,166"
2019-06-28 11:56:00.000000000,LAST_TRADE,"5,$99503.0000"
2019-06-28 11:56:00.000000000,QUERY_SPREAD,86
2019-06-28 11:56:00.000000000,BEST_BID,"JPM,99503,114"
2019-06-28 11:56:00.000000000,BEST_ASK,"JPM,100109,166"
2019-06-28 11:56:00.000000000,LAST_TRADE,"9,$99503.0000"
2019-06-28 11:56:00.000000000,QUERY_SPREAD,87
2019-06-28 11:56:00.000000000,BEST_BID,"JPM,99503,112"
2019-06-28 11:56:00.000000000,BEST_ASK,"JPM,100109,166"
2019-06-28 11:56:00.000000000,LAST_TRADE,"2,$99503.0000"
2019-06-28 11:56:00.000000000,QUERY_SPREAD,88
2019-06-28 11:56:00.000000000,BEST_BID,"JPM,99503,104"
2019-06-28 11:56:00.000000000,BEST_ASK,"JPM,100109,166"
2019-06-28 11:56:00.000000000,LAST_TRADE,"8,$99503.0000"
2019-06-28 11:56:00.000000000,QUERY_SPREAD,89
2019-06-28 11:56:00.000000000,BEST_BID,"JPM,99503,97"
2019-06-28 11:56:00.000000000,BEST_ASK,"JPM,100109,166"
2019-06-28 11:56:00.000000000,LAST_TRADE,"7,$99503.0000"
2019-06-28 11:56:00.000000000,QUERY_SPREAD,90
2019-06-28 11:56:00.000000000,BEST_BID,"JPM,99503,91"
2019-06-28 11:56:00.000000000,BEST_ASK,"JPM,100109,166"
2019-06-28 11:56:00.000000000,LAST_TRADE,"6,$99503.0000"
2019-06-28 11:56:00.000000000,QUERY_SPREAD,91
2019-06-28 11:56:00.000000000,BEST_BID,"JPM,99503,86"
2019-06-28 11:56:00.000000000,BEST_ASK,"JPM,100109,166"
2019-06-28 11:56:00.000000000,LAST_TRADE,"5,$99503.0000"
2019-06-28 11:56:00.000000000,QUERY_SPREAD,92
2019-06-28 11:56:00.000000000,BEST_BID,"JPM,99503,85"
2019-06-28 11:56:00.000000000,BEST_ASK,"JPM,100109,166"
2019-06-28 11:56:00.000000000,LAST_TRADE,"1,$99503.0000"
2019-06-28 11:56:00.000000000,QUERY_SPREAD,93
2019-06-28 11:56:00.000000000,BEST_BID,"JPM,99503,83"
2019-06-28 11:56:00.000000000,BEST_ASK,"JPM,100109,166"
2019-06-28 11:56:00.000000000,LAST_TRADE,"2,$99503.0000"
2019-06-28 11:56:00.000000000,QUERY_SPREAD,94
2019-06-28 11:56:00.000000000,BEST_BID,"JPM,99503,81"
2019-06-28 11:56:00.000000000,BEST_ASK,"JPM,100109,166"
2019-06-28 11:56:00.000000000,LAST_TRADE,"2,$99503.0000"
2019-06-28 11:56:00.000000000,QUERY_SPREAD,95
2019-06-28 11:56:00.000000000,BEST_BID,"JPM,99503,74"
2019-06-28 11:56:00.000000000,BEST_ASK,"JPM,100109,166"
2019-06-28 11:56:00.000000000,LAST_TRADE,"7,$99503.0000"
2019-06-28 11:56:00.000000000,QUERY_SPREAD,96
2019-06-28 11:56:00.000000000,BEST_BID,"JPM,99503,67"
2019-06-28 11:56:00.000000000,BEST_ASK,"JPM,100109,166"
2019-06-28 11:56:00.000000000,LAST_TRADE,"7,$99503.0000"
2019-06-28 11:56:00.000000000,QUERY_SPREAD,97
2019-06-28 11:56:00.000000000,BEST_BID,"JPM,99503,61"
2019-06-28 11:56:00.000000000,BEST_ASK,"JPM,100109,166"
2019-06-28 11:56:00.000000000,LAST_TRADE,"6,$99503.0000"
2019-06-28 11:56:00.000000000,QUERY_SPREAD,98
2019-06-28 11:56:00.000000000,BEST_BID,"JPM,99503,57"
2019-06-28 11:56:00.000000000,BEST_ASK,"JPM,100109,166"
2019-06-28 11:56:00.000000000,LAST_TRADE,"4,$99503.0000"
2019-06-28 11:56:00.000000000,QUERY_SPREAD,99
2019-06-28 11:56:00.000000000,BEST_BID,"JPM,99503,55"
2019-06-28 11:56:00.000000000,BEST_ASK,"JPM,100109,166"
2019-06-28 11:56:00.000000000,LAST_TRADE,"2,$99503.0000"
2019-06-28 11:56:00.000000000,QUERY_SPREAD,100
2019-06-28 11:56:00.000000000,BEST_BID,"JPM,99503,49"
2019-06-28 11:56:00.000000000,BEST_ASK,"JPM,100109,166"
2019-06-28 11:56:00.000000000,LAST_TRADE,"6,$99503.0000"
2019-06-28 11:56:00.000000000,QUERY_SPREAD,101
2019-06-28 11:56:00.000000000,QUERY_ORDER_STREAM,101
2019-06-28 11:56:00.000000000,BEST_BID,"JPM,99503,57"
2019-06-28 11:56:00.000000000,BEST_ASK,"JPM,100109,166"
2019-06-28 11:56:04.088800392,QUERY_ORDER_STREAM,55
2019-06-28 11:56:04.088800392,QUERY_SPREAD,55
2019-06-28 11:56:10.000000000,QUERY_SPREAD,1
2019-06-28 11:56:10.000000000,BEST_BID,"JPM,99503,172"
2019-06-28 11:56:10.000000000,BEST_ASK,"JPM,100109,100"
2019-06-28 11:56:10.000000000,BEST_BID,"JPM,99503,172"
2019-06-28 11:56:10.000000000,BEST_ASK,"JPM,100109,100"
2019-06-28 11:56:10.000000000,BEST_BID,"JPM,99503,172"
2019-06-28 11:56:10.000000000,BEST_ASK,"JPM,100109,264"
2019-06-28 11:56:10.000000000,BEST_BID,"JPM,99503,172"
2019-06-28 11:56:10.000000000,BEST_ASK,"JPM,100109,264"
2019-06-28 11:56:20.000000000,QUERY_SPREAD,1
2019-06-28 11:56:20.000000000,BEST_BID,"JPM,99503,120"
2019-06-28 11:56:20.000000000,BEST_ASK,"JPM,100109,100"
2019-06-28 11:56:20.000000000,BEST_BID,"JPM,99503,120"
2019-06-28 11:56:20.000000000,BEST_ASK,"JPM,100109,100"
2019-06-28 11:56:20.000000000,BEST_BID,"JPM,99503,120"
2019-06-28 11:56:20.000000000,BEST_ASK,"JPM,100109,100"
2019-06-28 11:56:20.000000000,BEST_BID,"JPM,99503,120"
2019-06-28 11:56:20.000000000,BEST_ASK,"JPM,100109,212"
2019-06-28 11:56:20.000000000,BEST_BID,"JPM,99503,120"
2019-06-28 11:56:20.000000000,BEST_ASK,"JPM,100109,212"
2019-06-28 11:56:20.000000000,BEST_BID,"JPM,99503,120"
2019-06-28 11:56:20.000000000,BEST_ASK,"JPM,100109,212"
2019-06-28 11:56:21.612617584,QUERY_SPREAD,10
2019-06-28 11:56:21.612617584,BEST_BID,"JPM,99503,120"
2019-06-28 11:56:21.612617584,BEST_ASK,"JPM,100109,212"
2019-06-28 11:56:30.000000000,QUERY_SPREAD,1
2019-06-28 11:56:30.000000000,BEST_BID,"JPM,99503,172"
2019-06-28 11:56:30.000000000,BEST_ASK,"JPM,100109,100"
2019-06-28 11:56:30.000000000,BEST_BID,"JPM,99503,172"
2019-06-28 11:56:30.000000000,BEST_ASK,"JPM,100109,100"
2019-06-28 11:56:30.000000000,BEST_BID,"JPM,99503,172"
2019-06-28 11:56:30.000000000,BEST_ASK,"JPM,100109,264"
2019-06-28 11:56:30.000000000,BEST_BID,"JPM,99503,172"
2019-06-28 11:56:30.000000000,BEST_ASK,"JPM,100109,264"
2019-06-28 11:56:32.764376292,QUERY_ORDER_STREAM,54
2019-06-28 11:56:32.764376292,QUERY_SPREAD,54
2019-06-28 11:56:32.764376292,BEST_BID,"JPM,99503,72"
2019-06-28 11:56:32.764376292,BEST_ASK,"JPM,100109,264"
2019-06-28 11:56:32.764376292,LAST_TRADE,"100,$99503.0000"
2019-06-28 11:56:40.000000000,QUERY_SPREAD,1
2019-06-28 11:56:40.000000000,BEST_BID,"JPM,99405,212"
2019-06-28 11:56:40.000000000,BEST_ASK,"JPM,100109,100"
2019-06-28 11:56:40.000000000,BEST_BID,"JPM,99405,212"
2019-06-28 11:56:40.000000000,BEST_ASK,"JPM,100109,100"
2019-06-28 11:56:40.000000000,BEST_BID,"JPM,99405,212"
2019-06-28 11:56:40.000000000,BEST_ASK,"JPM,100109,100"
2019-06-28 11:56:40.000000000,BEST_BID,"JPM,99405,212"
2019-06-28 11:56:40.000000000,BEST_ASK,"JPM,100109,212"
2019-06-28 11:56:40.000000000,BEST_BID,"JPM,99405,212"
2019-06-28 11:56:40.000000000,BEST_ASK,"JPM,100109,212"
2019-06-28 11:56:40.000000000,BEST_BID,"JPM,99405,212"
2019-06-28 11:56:40.000000000,BEST_ASK,"JPM,100109,212"
2019-06-28 11:56:40.972973710,QUERY_SPREAD,31
2019-06-28 11:56:40.972973710,BEST_BID,"JPM,99405,212"
2019-06-28 11:56:40.972973710,BEST_ASK,"JPM,100109,212"
2019-06-28 11:56:43.278724521,QUERY_SPREAD,21
2019-06-28 11:56:43.278724521,BEST_BID,"JPM,99405,212"
2019-06-28 11:56:43.278724521,BEST_ASK,"JPM,99513,100"
2019-06-28 11:56:45.303703139,QUERY_ORDER_STREAM,66
2019-06-28 11:56:45.303703139,QUERY_SPREAD,66
2019-06-28 11:56:50.000000000,QUERY_SPREAD,1
2019-06-28 11:56:50.000000000,BEST_BID,"JPM,99405,264"
2019-06-28 11:56:50.000000000,BEST_ASK,"JPM,99513,100"
2019-06-28 11:56:50.000000000,BEST_BID,"JPM,99405,264"
2019-06-28 11:56:50.000000000,BEST_ASK,"JPM,99513,100"
2019-06-28 11:56:50.000000000,BEST_BID,"JPM,99405,264"
2019-06-28 11:56:50.000000000,BEST_ASK,"JPM,99513,264"
2019-06-28 11:56:50.000000000,BEST_BID,"JPM,99405,264"
2019-06-28 11:56:50.000000000,BEST_ASK,"JPM,99513,264"
2019-06-28 11:56:56.362781742,QUERY_SPREAD,36
2019-06-28 11:56:56.362781742,BEST_BID,"JPM,99405,264"
2019-06-28 11:56:56.362781742,BEST_ASK,"JPM,99513,264"
2019-06-28 11:56:58.405399508,QUERY_ORDER_STREAM,66
2019-06-28 11:56:58.405399508,QUERY_SPREAD,66
2019-06-28 11:57:00.000000000,QUERY_SPREAD,1
2019-06-28 11:57:00.000000000,BEST_BID,"JPM,99405,428"
2019-06-28 11:57:00.000000000,BEST_ASK,"JPM,99513,100"
2019-06-28 11:57:00.000000000,BEST_BID,"JPM,99405,428"
2019-06-28 11:57:00.000000000,BEST_ASK,"JPM,99513,428"
2019-06-28 11:57:00.000000000,QUERY_SPREAD,77
2019-06-28 11:57:00.000000000,BEST_BID,"JPM,99405,424"
2019-06-28 11:57:00.000000000,BEST_ASK,"JPM,99513,428"
2019-06-28 11:57:00.000000000,LAST_TRADE,"4,$99405.0000"
2019-06-28 11:57:00.000000000,QUERY_SPREAD,78
2019-06-28 11:57:00.000000000,BEST_BID,"JPM,99405,416"
2019-06-28 11:57:00.000000000,BEST_ASK,"JPM,99513,428"
2019-06-28 11:57:00.000000000,LAST_TRADE,"8,$99405.0000"
2019-06-28 11:57:00.000000000,QUERY_SPREAD,79
2019-06-28 11:57:00.000000000,BEST_BID,"JPM,99405,415"
2019-06-28 11:57:00.000000000,BEST_ASK,"JPM,99513,428"
2019-06-28 11:57:00.000000000,LAST_TRADE,"1,$99405.0000"
2019-06-28 11:57:00.000000000,QUERY_SPREAD,80
2019-06-28 11:57:00.000000000,BEST_BID,"JPM,99405,410"
2019-06-28 11:57:00.000000000,BEST_ASK,"JPM,99513,428"
2019-06-28 11:57:00.000000000,LAST_TRADE,"5,$99405.0000"
2019-06-28 11:57:00.000000000,QUERY_SPREAD,81
2019-06-28 11:57:00.000000000,BEST_BID,"JPM,99405,405"
2019-06-28 11:57:00.000000000,BEST_ASK,"JPM,99513,428"
2019-06-28 11:57:00.000000000,LAST_TRADE,"5,$99405.0000"
2019-06-28 11:57:00.000000000,QUERY_SPREAD,82
2019-06-28 11:57:00.000000000,BEST_BID,"JPM,99405,399"
2019-06-28 11:57:00.000000000,BEST_ASK,"JPM,99513,428"
2019-06-28 11:57:00.000000000,LAST_TRADE,"6,$99405.0000"
2019-06-28 11:57:00.000000000,QUERY_SPREAD,83
2019-06-28 11:57:00.000000000,BEST_BID,"JPM,99405,395"
2019-06-28 11:57:00.000000000,BEST_ASK,"JPM,99513,428"
2019-06-28 11:57:00.000000000,LAST_TRADE,"4,$99405.0000"
2019-06-28 11:57:00.000000000,QUERY_SPREAD,84
2019-06-28 11:57:00.000000000,BEST_BID,"JPM,99405,390"
2019-06-28 11:57:00.000000000,BEST_ASK,"JPM,99513,428"
2019-06-28 11:57:00.000000000,LAST_TRADE,"5,$99405.0000"
2019-06-28 11:57:00.000000000,QUERY_SPREAD,85
2019-06-28 11:57:00.000000000,BEST_BID,"JPM,99405,385"
2019-06-28 11:57:00.000000000,BEST_ASK,"JPM,99513,428"
2019-06-28 11:57:00.000000000,LAST_TRADE,"5,$99405.0000"
2019-06-28 11:57:00.000000000,QUERY_SPREAD,86
2019-06-28 11:57:00.000000000,BEST_BID,"JPM,99405,376"
2019-06-28 11:57:00.000000000,BEST_ASK,"JPM,99513,428"
2019-06-28 11:57:00.000000000,LAST_TRADE,"9,$99405.0000"
2019-06-28 11:57:00.000000000,QUERY_SPREAD,87
2019-06-28 11:57:00.000000000,BEST_BID,"JPM,99405,374"
2019-06-28 11:57:00.000000000,BEST_ASK,"JPM,99513,428"
2019-06-28 11:57:00.000000000,LAST_TRADE,"2,$99405.0000"
2019-06-28 11:57:00.000000000,QUERY_SPREAD,88
2019-06-28 11:57:00.000000000,BEST_BID,"JPM,99405,366"
2019-06-28 11:57:00.000000000,BEST_ASK,"JPM,99513,428"
2019-06-28 11:57:00.000000000,LAST_TRADE,"8,$99405.0000"
2019-06-28 11:57:00.000000000,QUERY_SPREAD,89
2019-06-28 11:57:00.000000000,BEST_BID,"JPM,99405,359"
2019-06-28 11:57:00.000000000,BEST_ASK,"JPM,99513,428"
2019-06-28 11:57:00.000000000,LAST_TRADE,"7,$99405.0000"
2019-06-28 11:57:00.000000000,QUERY_SPREAD,90
2019-06-28 11:57:00.000000000,BEST_BID,"JPM,99405,353"
2019-06-28 11:57:00.000000000,BEST_ASK,"JPM,99513,428"
2019-06-28 11:57:00.000000000,LAST_TRADE,"6,$99405.0000"
2019-06-28 11:57:00.000000000,QUERY_SPREAD,91
2019-06-28 11:57:00.000000000,BEST_BID,"JPM,99405,348"
2019-06-28 11:57:00.000000000,BEST_ASK,"JPM,99513,428"
2019-06-28 11:57:00.000000000,LAST_TRADE,"5,$99405.0000"
2019-06-28 11:57:00.000000000,QUERY_SPREAD,92
2019-06-28 11:57:00.000000000,BEST_BID,"JPM,99405,347"
2019-06-28 11:57:00.000000000,BEST_ASK,"JPM,99513,428"
2019-06-28 11:57:00.000000000,LAST_TRADE,"1,$99405.0000"
2019-06-28 11:57:00.000000000,QUERY_SPREAD,93
2019-06-28 11:57:00.000000000,BEST_BID,"JPM,99405,345"
2019-06-28 11:57:00.000000000,BEST_ASK,"JPM,99513,428"
2019-06-28 11:57:00.000000000,LAST_TRADE,"2,$99405.0000"
2019-06-28 11:57:00.000000000,QUERY_SPREAD,94
2019-06-28 11:57:00.000000000,BEST_BID,"JPM,99405,343"
2019-06-28 11:57:00.000000000,BEST_ASK,"JPM,99513,428"
2019-06-28 11:57:00.000000000,LAST_TRADE,"2,$99405.0000"
2019-06-28 11:57:00.000000000,QUERY_SPREAD,95
2019-06-28 11:57:00.000000000,BEST_BID,"JPM,99405,336"
2019-06-28 11:57:00.000000000,BEST_ASK,"JPM,99513,428"
2019-06-28 11:57:00.000000000,LAST_TRADE,"7,$99405.0000"
2019-06-28 11:57:00.000000000,QUERY_SPREAD,96
2019-06-28 11:57:00.000000000,BEST_BID,"JPM,99405,329"
2019-06-28 11:57:00.000000000,BEST_ASK,"JPM,99513,428"
2019-06-28 11:57:00.000000000,LAST_TRADE,"7,$99405.0000"
2019-06-28 11:57:00.000000000,QUERY_SPREAD,97
2019-06-28 11:57:00.000000000,BEST_BID,"JPM,99405,323"
2019-06-28 11:57:00.000000000,BEST_ASK,"JPM,99513,428"
2019-06-28 11:57:00.000000000,LAST_TRADE,"6,$99405.0000"
2019-06-28 11:57:00.000000000,QUERY_SPREAD,98
2019-06-28 11:57:00.000000000,BEST_BID,"JPM,99405,319"
2019-06-28 11:57:00.000000000,BEST_ASK,"JPM,99513,428"
2019-06-28 11:57:00.000000000,LAST_TRADE,"4,$99405.0000"
2019-06-28 11:57:00.000000000,QUERY_SPREAD,99
2019-06-28 11:57:00.000000000,BEST_BID,"JPM,99405,317"
2019-06-28 11:57:00.000000000,BEST_ASK,"JPM,99513,428"
2019-06-28 11:57:00.000000000,LAST_TRADE,"2,$99405.0000"
2019-06-28 11:57:00.000000000,QUERY_SPREAD,100
2019-06-28 11:57:00.000000000,BEST_BID,"JPM,99405,311"
2019-06-28 11:57:00.000000000,BEST_ASK,"JPM,99513,428"
2019-06-28 11:57:00.000000000,LAST_TRADE,"6,$99405.0000"
2019-06-28 11:57:00.000000000,QUERY_SPREAD,101
2019-06-28 11:57:00.000000000,QUERY_ORDER_STREAM,101
2019-06-28 11:57:00.000000000,BEST_BID,"JPM,99405,319"
2019-06-28 11:57:00.000000000,BEST_ASK,"JPM,99513,428"
2019-06-28 11:57:10.000000000,QUERY_SPREAD,1
2019-06-28 11:57:10.000000000,BEST_BID,"JPM,99405,74"
2019-06-28 11:57:10.000000000,BEST_ASK,"JPM,99513,100"
2019-06-28 11:57:10.000000000,BEST_BID,"JPM,99405,74"
2019-06-28 11:57:10.000000000,BEST_ASK,"JPM,99513,100"
2019-06-28 11:57:10.000000000,BEST_BID,"JPM,99405,74"
2019-06-28 11:57:10.000000000,BEST_ASK,"JPM,99513,100"
2019-06-28 11:57:10.000000000,BEST_BID,"JPM,99405,74"
2019-06-28 11:57:10.000000000,BEST_ASK,"JPM,99513,100"
2019-06-28 11:57:10.000000000,BEST_BID,"JPM,99405,74"
2019-06-28 11:57:10.000000000,BEST_ASK,"JPM,99513,100"
2019-06-28 11:57:10.000000000,BEST_BID,"JPM,99405,74"
2019-06-28 11:57:10.000000000,BEST_ASK,"JPM,99513,166"
2019-06-28 11:57:10.000000000,BEST_BID,"JPM,99405,74"
2019-06-28 11:57:10.000000000,BEST_ASK,"JPM,99513,166"
2019-06-28 11:57:10.000000000,BEST_BID,"JPM,99405,74"
2019-06-28 11:57:10.000000000,BEST_ASK,"JPM,99513,166"
2019-06-28 11:57:10.000000000,BEST_BID,"JPM,99405,74"
2019-06-28 11:57:10.000000000,BEST_ASK,"JPM,99513,166"
2019-06-28 11:57:10.000000000,BEST_BID,"JPM,99405,74"
2019-06-28 11:57:10.000000000,BEST_ASK,"JPM,99513,166"
2019-06-28 11:57:17.109764204,QUERY_SPREAD,45
2019-06-28 11:57:17.109764204,BEST_BID,"JPM,99405,74"
2019-06-28 11:57:17.109764204,BEST_ASK,"JPM,99513,66"
2019-06-28 11:57:17.109764204,LAST_TRADE,"100,$99513.0000"
2019-06-28 11:57:20.000000000,QUERY_SPREAD,1
2019-06-28 11:57:20.000000000,BEST_BID,"JPM,99405,74"
2019-06-28 11:57:20.000000000,BEST_ASK,"JPM,99588,100"
2019-06-28 11:57:20.000000000,BEST_BID,"JPM,99405,74"
2019-06-28 11:57:20.000000000,BEST_ASK,"JPM,99588,100"
2019-06-28 11:57:20.000000000,BEST_BID,"JPM,99405,74"
2019-06-28 11:57:20.000000000,BEST_ASK,"JPM,99588,100"
2019-06-28 11:57:20.000000000,BEST_BID,"JPM,99405,74"
2019-06-28 11:57:20.000000000,BEST_ASK,"JPM,99588,100"
2019-06-28 11:57:20.000000000,BEST_BID,"JPM,99405,74"
2019-06-28 11:57:20.000000000,BEST_ASK,"JPM,99588,100"
2019-06-28 11:57:20.000000000,BEST_BID,"JPM,99405,74"
2019-06-28 11:57:20.000000000,BEST_ASK,"JPM,99588,166"
2019-06-28 11:57:20.000000000,BEST_BID,"JPM,99405,74"
2019-06-28 11:57:20.000000000,BEST_ASK,"JPM,99588,166"
2019-06-28 11:57:20.000000000,BEST_BID,"JPM,99405,74"
2019-06-28 11:57:20.000000000,BEST_ASK,"JPM,99588,166"
2019-06-28 11:57:20.000000000,BEST_BID,"JPM,99405,74"
2019-06-28 11:57:20.000000000,BEST_ASK,"JPM,99588,166"
2019-06-28 11:57:20.000000000,BEST_BID,"JPM,99405,74"
2019-06-28 11:57:20.000000000,BEST_ASK,"JPM,99588,166"
2019-06-28 11:57:22.726715413,QUERY_SPREAD,51
2019-06-28 11:57:22.726715413,BEST_BID,"JPM,99405,74"
2019-06-28 11:57:22.726715413,BEST_ASK,"JPM,99588,166"
2019-06-28 11:57:30.000000000,QUERY_SPREAD,1
2019-06-28 11:57:30.000000000,BEST_BID,"JPM,99405,172"
2019-06-28 11:57:30.000000000,BEST_ASK,"JPM,99588,100"
2019-06-28 11:57:30.000000000,BEST_BID,"JPM,99405,172"
2019-06-28 11:57:30.000000000,BEST_ASK,"JPM,99588,100"
2019-06-28 11:57:30.000000000,BEST_BID,"JPM,99405,172"
2019-06-28 11:57:30.000000000,BEST_ASK,"JPM,99588,264"
2019-06-28 11:57:30.000000000,BEST_BID,"JPM,99405,172"
2019-06-28 11:57:30.000000000,BEST_ASK,"JPM,99588,264"
2019-06-28 11:57:40.000000000,QUERY_SPREAD,1
2019-06-28 11:57:40.000000000,BEST_BID,"JPM,99405,172"
2019-06-28 11:57:40.000000000,BEST_ASK,"JPM,99588,100"
2019-06-28 11:57:40.000000000,BEST_BID,"JPM,99405,172"
2019-06-28 11:57:40.000000000,BEST_ASK,"JPM,99588,100"
2019-06-28 11:57:40.000000000,BEST_BID,"JPM,99405,172"
2019-06-28 11:57:40.000000000,BEST_ASK,"JPM,99588,264"
2019-06-28 11:57:40.000000000,BEST_BID,"JPM,99405,172"
2019-06-28 11:57:40.000000000,BEST_ASK,"JPM,99588,264"
2019-06-28 11:57:45.668481941,QUERY_ORDER_STREAM,64
2019-06-28 11:57:45.668481941,QUERY_SPREAD,64
2019-06-28 11:57:45.668481941,BEST_BID,"JPM,99406,100"
2019-06-28 11:57:45.668481941,BEST_ASK,"JPM,99588,264"
2019-06-28 11:57:49.499889595,QUERY_SPREAD,9
2019-06-28 11:57:49.499889595,BEST_BID,"JPM,99406,100"
2019-06-28 11:57:49.499889595,BEST_ASK,"JPM,99588,264"
2019-06-28 11:57:49.629159065,QUERY_SPREAD,6
2019-06-28 11:57:49.629159065,BEST_BID,"JPM,99406,100"
2019-06-28 11:57:49.629159065,BEST_ASK,"JPM,99588,264"
2019-06-28 11:57:50.000000000,QUERY_SPREAD,1
2019-06-28 11:57:50.000000000,BEST_BID,"JPM,99406,182"
2019-06-28 11:57:50.000000000,BEST_ASK,"JPM,99588,100"
2019-06-28 11:57:50.000000000,BEST_BID,"JPM,99406,182"
2019-06-28 11:57:50.000000000,BEST_ASK,"JPM,99588,100"
2019-06-28 11:57:50.000000000,BEST_BID,"JPM,99406,182"
2019-06-28 11:57:50.000000000,BEST_ASK,"JPM,99588,100"
2019-06-28 11:57:50.000000000,BEST_BID,"JPM,99406,182"
2019-06-28 11:57:50.000000000,BEST_ASK,"JPM,99588,100"
2019-06-28 11:57:50.000000000,BEST_BID,"JPM,99406,182"
2019-06-28 11:57:50.000000000,BEST_ASK,"JPM,99588,182"
2019-06-28 11:57:50.000000000,BEST_BID,"JPM,99406,182"
2019-06-28 11:57:50.000000000,BEST_ASK,"JPM,99588,182"
2019-06-28 11:57:50.000000000,BEST_BID,"JPM,99406,182"
2019-06-28 11:57:50.000000000,BEST_ASK,"JPM,99588,182"
2019-06-28 11:57:50.000000000,BEST_BID,"JPM,99406,182"
2019-06-28 11:57:50.000000000,BEST_ASK,"JPM,99588,182"
2019-06-28 11:57:54.071602086,QUERY_SPREAD,51
2019-06-28 11:57:54.071602086,BEST_BID,"JPM,99406,182"
2019-06-28 11:57:54.071602086,BEST_ASK,"JPM,99588,82"
2019-06-28 11:57:54.071602086,LAST_TRADE,"100,$99588.0000"
2019-06-28 11:58:00.000000000,QUERY_SPREAD,1
2019-06-28 11:58:00.000000000,BEST_BID,"JPM,99406,166"
2019-06-28 11:58:00.000000000,BEST_ASK,"JPM,99752,100"
2019-06-28 11:58:00.000000000,BEST_BID,"JPM,99406,166"
2019-06-28 11:58:00.000000000,BEST_ASK,"JPM,99752,100"
2019-06-28 11:58:00.000000000,BEST_BID,"JPM,99406,166"
2019-06-28 11:58:00.000000000,BEST_ASK,"JPM,99752,100"
2019-06-28 11:58:00.000000000,BEST_BID,"JPM,99406,166"
2019-06-28 11:58:00.000000000,BEST_ASK,"JPM,99752,100"
2019-06-28 11:58:00.000000000,BEST_BID,"JPM,99406,166"
2019-06-28 11:58:00.000000000,BEST_ASK,"JPM,99752,100"
2019-06-28 11:58:00.000000000,BEST_BID,"JPM,99406,166"
2019-06-28 11:58:00.000000000,BEST_ASK,"JPM,99752,166"
2019-06-28 11:58:00.000000000,BEST_BID,"JPM,99406,166"
2019-06-28 11:58:00.000000000,BEST_ASK,"JPM,99752,166"
2019-06-28 11:58:00.000000000,BEST_BID,"JPM,99406,166"
2019-06-28 11:58:00.000000000,BEST_ASK,"JPM,99752,166"
2019-06-28 11:58:00.000000000,BEST_BID,"JPM,99406,166"
2019-06-28 11:58:00.000000000,BEST_ASK,"JPM,99752,166"
2019-06-28 11:58:00.000000000,BEST_BID,"JPM,99406,166"
2019-06-28 11:58:00.000000000,BEST_ASK,"JPM,99752,166"
2019-06-28 11:58:00.000000000,QUERY_SPREAD,77
2019-06-28 11:58:00.000000000,BEST_BID,"JPM,99406,162"
2019-06-28 11:58:00.000000000,BEST_ASK,"JPM,99752,166"
2019-06-28 11:58:00.000000000,LAST_TRADE,"4,$99406.0000"
2019-06-28 11:58:00.000000000,QUERY_SPREAD,78
2019-06-28 11:58:00.000000000,BEST_BID,"JPM,99406,154"
2019-06-28 11:58:00.000000000,BEST_ASK,"JPM,99752,166"
2019-06-28 11:58:00.000000000,LAST_TRADE,"8,$99406.0000"
2019-06-28 11:58:00.000000000,QUERY_SPREAD,79
2019-06-28 11:58:00.000000000,BEST_BID,"JPM,99406,153"
2019-06-28 11:58:00.000000000,BEST_ASK,"JPM,99752,166"
2019-06-28 11:58:00.000000000,LAST_TRADE,"1,$99406.0000"
2019-06-28 11:58:00.000000000,QUERY_SPREAD,80
2019-06-28 11:58:00.000000000,BEST_BID,"JPM,99406,148"
2019-06-28 11:58:00.000000000,BEST_ASK,"JPM,99752,166"
2019-06-28 11:58:00.000000000,LAST_TRADE,"5,$99406.0000"
2019-06-28 11:58:00.000000000,QUERY_SPREAD,81
2019-06-28 11:58:00.000000000,BEST_BID,"JPM,99406,143"
2019-06-28 11:58:00.000000000,BEST_ASK,"JPM,99752,166"
2019-06-28 11:58:00.000000000,LAST_TRADE,"5,$99406.0000"
2019-06-28 11:58:00.000000000,QUERY_SPREAD,82
2019-06-28 11:58:00.000000000,BEST_BID,"JPM,99406,137"
2019-06-28 11:58:00.000000000,BEST_ASK,"JPM,99752,166"
2019-06-28 11:58:00.000000000,LAST_TRADE,"6,$99406.0000"
2019-06-28 11:58:00.000000000,QUERY_SPREAD,83
2019-06-28 11:58:00.000000000,BEST_BID,"JPM,99406,133"
2019-06-28 11:58:00.000000000,BEST_ASK,"JPM,99752,166"
2019-06-28 11:58:00.000000000,LAST_TRADE,"4,$99406.0000"
2019-06-28 11:58:00.000000000,QUERY_SPREAD,84
2019-06-28 11:58:00.000000000,BEST_BID,"JPM,99406,128"
2019-06-28 11:58:00.000000000,BEST_ASK,"JPM,99752,166"
2019-06-28 11:58:00.000000000,LAST_TRADE,"5,$99406.0000"
2019-06-28 11:58:00.000000000,QUERY_SPREAD,85
2019-06-28 11:58:00.000000000,BEST_BID,"JPM,99406,123"
2019-06-28 11:58:00.000000000,BEST_ASK,"JPM,99752,166"
2019-06-28 11:58:00.000000000,LAST_TRADE,"5,$99406.0000"
2019-06-28 11:58:00.000000000,QUERY_SPREAD,86
2019-06-28 11:58:00.000000000,BEST_BID,"JPM,99406,114"
2019-06-28 11:58:00.000000000,BEST_ASK,"JPM,99752,166"
2019-06-28 11:58:00.000000000,LAST_TRADE,"9,$99406.0000"
2019-06-28 11:58:00.000000000,QUERY_SPREAD,87
2019-06-28 11:58:00.000000000,BEST_BID,"JPM,99406,112"
2019-06-28 11:58:00.000000000,BEST_ASK,"JPM,99752,166"
2019-06-28 11:58:00.000000000,LAST_TRADE,"2,$99406.0000"
2019-06-28 11:58:00.000000000,QUERY_SPREAD,88
2019-06-28 11:58:00.000000000,BEST_BID,"JPM,99406,104"
2019-06-28 11:58:00.000000000,BEST_ASK,"JPM,99752,166"
2019-06-28 11:58:00.000000000,LAST_TRADE,"8,$99406.0000"
2019-06-28 11:58:00.000000000,QUERY_SPREAD,89
2019-06-28 11:58:00.000000000,BEST_BID,"JPM,99406,97"
2019-06-28 11:58:00.000000000,BEST_ASK,"JPM,99752,166"
2019-06-28 11:58:00.000000000,LAST_TRADE,"7,$99406.0000"
2019-06-28 11:58:00.000000000,QUERY_SPREAD,90
2019-06-28 11:58:00.000000000,BEST_BID,"JPM,99406,91"
2019-06-28 11:58:00.000000000,BEST_ASK,"JPM,99752,166"
2019-06-28 11:58:00.000000000,LAST_TRADE,"6,$99406.0000"
2019-06-28 11:58:00.000000000,QUERY_SPREAD,91
2019-06-28 11:58:00.000000000,BEST_BID,"JPM,99406,86"
2019-06-28 11:58:00.000000000,BEST_ASK,"JPM,99752,166"
2019-06-28 11:58:00.000000000,LAST_TRADE,"5,$99406.0000"
2019-06-28 11:58:00.000000000,QUERY_SPREAD,92
2019-06-28 11:58:00.000000000,BEST_BID,"JPM,99406,85"
2019-06-28 11:58:00.000000000,BEST_ASK,"JPM,99752,166"
2019-06-28 11:58:00.000000000,LAST_TRADE,"1,$99406.0000"
2019-06-28 11:58:00.000000000,QUERY_SPREAD,93
2019-06-28 11:58:00.000000000,BEST_BID,"JPM,99406,83"
2019-06-28 11:58:00.000000000,BEST_ASK,"JPM,99752,166"
2019-06-28 11:58:00.000000000,LAST_TRADE,"2,$99406.0000"
2019-06-28 11:58:00.000000000,QUERY_SPREAD,94
2019-06-28 11:58:00.000000000,BEST_BID,"JPM,99406,81"
2019-06-28 11:58:00.000000000,BEST_ASK,"JPM,99752,166"
2019-06-28 11:58:00.000000000,LAST_TRADE,"2,$99406.0000"
2019-06-28 11:58:00.000000000,QUERY_SPREAD,95
2019-06-28 11:58:00.000000000,BEST_BID,"JPM,99406,74"
2019-06-28 11:58:00.000000000,BEST_ASK,"JPM,99752,166"
2019-06-28 11:58:00.000000000,LAST_TRADE,"7,$99406.0000"
2019-06-28 11:58:00.000000000,QUERY_SPREAD,96
2019-06-28 11:58:00.000000000,BEST_BID,"JPM,99406,67"
2019-06-28 11:58:00.000000000,BEST_ASK,"JPM,99752,166"
2019-06-28 11:58:00.000000000,LAST_TRADE,"7,$99406.0000"
2019-06-28 11:58:00.000000000,QUERY_SPREAD,97
2019-06-28 11:58:00.000000000,BEST_BID,"JPM,99406,61"
2019-06-28 11:58:00.000000000,BEST_ASK,"JPM,99752,166"
2019-06-28 11:58:00.000000000,LAST_TRADE,"6,$99406.0000"
2019-06-28 11:58:00.000000000,QUERY_SPREAD,98
2019-06-28 11:58:00.000000000,BEST_BID,"JPM,99406,57"
2019-06-28 11:58:00.000000000,BEST_ASK,"JPM,99752,166"
2019-06-28 11:58:00.000000000,LAST_TRADE,"4,$99406.0000"
2019-06-28 11:58:00.000000000,QUERY_SPREAD,99
2019-06-28 11:58:00.000000000,BEST_BID,"JPM,99406,55"
2019-06-28 11:58:00.000000000,BEST_ASK,"JPM,99752,166"
2019-06-28 11:58:00.000000000,LAST_TRADE,"2,$99406.0000"
2019-06-28 11:58:00.000000000,QUERY_SPREAD,100
2019-06-28 11:58:00.000000000,BEST_BID,"JPM,99406,49"
2019-06-28 11:58:00.000000000,BEST_ASK,"JPM,99752,166"
2019-06-28 11:58:00.000000000,LAST_TRADE,"6,$99406.0000"
2019-06-28 11:58:00.000000000,QUERY_SPREAD,101
2019-06-28 11:58:00.000000000,QUERY_ORDER_STREAM,101
2019-06-28 11:58:00.000000000,BEST_BID,"JPM,99406,57"
2019-06-28 11:58:00.000000000,BEST_ASK,"JPM,99752,166"
2019-06-28 11:58:10.000000000,QUERY_SPREAD,1
2019-06-28 11:58:10.000000000,BEST_BID,"JPM,99406,172"
2019-06-28 11:58:10.000000000,BEST_ASK,"JPM,99752,100"
2019-06-28 11:58:10.000000000,BEST_BID,"JPM,99406,172"
2019-06-28 11:58:10.000000000,BEST_ASK,"JPM,99752,100"
2019-06-28 11:58:10.000000000,BEST_BID,"JPM,99406,172"
2019-06-28 11:58:10.000000000,BEST_ASK,"JPM,99752,264"
2019-06-28 11:58:10.000000000,BEST_BID,"JPM,99406,172"
2019-06-28 11:58:10.000000000,BEST_ASK,"JPM,99752,264"
2019-06-28 11:58:20.000000000,QUERY_SPREAD,1
2019-06-28 11:58:20.000000000,BEST_BID,"JPM,99406,90"
2019-06-28 11:58:20.000000000,BEST_ASK,"JPM,99752,100"
2019-06-28 11:58:20.000000000,BEST_BID,"JPM,99406,90"
2019-06-28 11:58:20.000000000,BEST_ASK,"JPM,99752,100"
2019-06-28 11:58:20.000000000,BEST_BID,"JPM,99406,90"
2019-06-28 11:58:20.000000000,BEST_ASK,"JPM,99752,100"
2019-06-28 11:58:20.000000000,BEST_BID,"JPM,99406,90"
2019-06-28 11:58:20.000000000,BEST_ASK,"JPM,99752,100"
2019-06-28 11:58:20.000000000,BEST_BID,"JPM,99406,90"
2019-06-28 11:58:20.000000000,BEST_ASK,"JPM,99752,182"
2019-06-28 11:58:20.000000000,BEST_BID,"JPM,99406,90"
2019-06-28 11:58:20.000000000,BEST_ASK,"JPM,99752,182"
2019-06-28 11:58:20.000000000,BEST_BID,"JPM,99406,90"
2019-06-28 11:58:20.000000000,BEST_ASK,"JPM,99752,182"
2019-06-28 11:58:20.000000000,BEST_BID,"JPM,99406,90"
2019-06-28 11:58:20.000000000,BEST_ASK,"JPM,99752,182"
2019-06-28 11:58:25.944013520,QUERY_SPREAD,29
2019-06-28 11:58:25.944013520,BEST_BID,"JPM,99563,100"
2019-06-28 11:58:25.944013520,BEST_ASK,"JPM,99752,182"
2019-06-28 11:58:30.000000000,QUERY_SPREAD,1
2019-06-28 11:58:30.000000000,BEST_BID,"JPM,99563,428"
2019-06-28 11:58:30.000000000,BEST_ASK,"JPM,99752,100"
2019-06-28 11:58:30.000000000,BEST_BID,"JPM,99563,428"
2019-06-28 11:58:30.000000000,BEST_ASK,"JPM,99752,428"
2019-06-28 11:58:40.000000000,QUERY_SPREAD,1
2019-06-28 11:58:40.000000000,BEST_BID,"JPM,99563,264"
2019-06-28 11:58:40.000000000,BEST_ASK,"JPM,99752,100"
2019-06-28 11:58:40.000000000,BEST_BID,"JPM,99563,264"
2019-06-28 11:58:40.000000000,BEST_ASK,"JPM,99752,100"
2019-06-28 11:58:40.000000000,BEST_BID,"JPM,99563,264"
2019-06-28 11:58:40.000000000,BEST_ASK,"JPM,99752,264"
2019-06-28 11:58:40.000000000,BEST_BID,"JPM,99563,264"
2019-06-28 11:58:40.000000000,BEST_ASK,"JPM,99752,264"
2019-06-28 11:58:44.812908939,QUERY_SPREAD,34
2019-06-28 11:58:44.812908939,BEST_BID,"JPM,99563,264"
2019-06-28 11:58:44.812908939,BEST_ASK,"JPM,99752,264"
2019-06-28 11:58:45.192879185,QUERY_SPREAD,49
2019-06-28 11:58:45.192879185,BEST_BID,"JPM,99563,264"
2019-06-28 11:58:45.192879185,BEST_ASK,"JPM,99752,264"
2019-06-28 11:58:47.593561642,QUERY_ORDER_STREAM,73
2019-06-28 11:58:47.593561642,QUERY_SPREAD,73
2019-06-28 11:58:47.593561642,BEST_BID,"JPM,99563,164"
2019-06-28 11:58:47.593561642,BEST_ASK,"JPM,99752,264"
2019-06-28 11:58:47.593561642,LAST_TRADE,"100,$99563.0000"
2019-06-28 11:58:50.000000000,QUERY_SPREAD,1
2019-06-28 11:58:50.000000000,BEST_BID,"JPM,99406,336"
2019-06-28 11:58:50.000000000,BEST_ASK,"JPM,99752,100"
2019-06-28 11:58:50.000000000,BEST_BID,"JPM,99406,336"
2019-06-28 11:58:50.000000000,BEST_ASK,"JPM,99752,428"
2019-06-28 11:58:53.482515346,QUERY_SPREAD,40
2019-06-28 11:58:53.482515346,BEST_BID,"JPM,99406,336"
2019-06-28 11:58:53.482515346,BEST_ASK,"JPM,99752,428"
2019-06-28 11:59:00.000000000,QUERY_SPREAD,1
2019-06-28 11:59:00.000000000,BEST_BID,"JPM,99406,336"
2019-06-28 11:59:00.000000000,BEST_ASK,"JPM,99752,100"
2019-06-28 11:59:00.000000000,BEST_BID,"JPM,99406,336"
2019-06-28 11:59:00.000000000,BEST_ASK,"JPM,99752,428"
2019-06-28 11:59:00.000000000,QUERY_SPREAD,77
2019-06-28 11:59:00.000000000,BEST_BID,"JPM,99406,332"
2019-06-28 11:59:00.000000000,BEST_ASK,"JPM,99752,428"
2019-06-28 11:59:00.000000000,LAST_TRADE,"4,$99406.0000"
2019-06-28 11:59:00.000000000,QUERY_SPREAD,78
2019-06-28 11:59:00.000000000,BEST_BID,"JPM,99406,324"
2019-06-28 11:59:00.000000000,BEST_ASK,"JPM,99752,428"
2019-06-28 11:59:00.000000000,LAST_TRADE,"8,$99406.0000"
2019-06-28 11:59:00.000000000,QUERY_SPREAD,79
2019-06-28 11:59:00.000000000,BEST_BID,"JPM,99406,323"
2019-06-28 11:59:00.000000000,BEST_ASK,"JPM,99752,428"
2019-06-28 11:59:00.000000000,LAST_TRADE,"1,$99406.0000"
2019-06-28 11:59:00.000000000,QUERY_SPREAD,80
2019-06-28 11:59:00.000000000,BEST_BID,"JPM,99406,318"
2019-06-28 11:59:00.000000000,BEST_ASK,"JPM,99752,428"
2019-06-28 11:59:00.000000000,LAST_TRADE,"5,$99406.0000"
2019-06-28 11:59:00.000000000,QUERY_SPREAD,81
2019-06-28 11:59:00.000000000,BEST_BID,"JPM,99406,313"
2019-06-28 11:59:00.000000000,BEST_ASK,"JPM,99752,428"
2019-06-28 11:59:00.000000000,LAST_TRADE,"5,$99406.0000"
2019-06-28 11:59:00.000000000,QUERY_SPREAD,82
2019-06-28 11:59:00.000000000,BEST_BID,"JPM,99406,307"
2019-06-28 11:59:00.000000000,BEST_ASK,"JPM,99752,428"
2019-06-28 11:59:00.000000000,LAST_TRADE,"6,$99406.0000"
2019-06-28 11:59:00.000000000,QUERY_SPREAD,83
2019-06-28 11:59:00.000000000,BEST_BID,"JPM,99406,303"
2019-06-28 11:59:00.000000000,BEST_ASK,"JPM,99752,428"
2019-06-28 11:59:00.000000000,LAST_TRADE,"4,$99406.0000"
2019-06-28 11:59:00.000000000,QUERY_SPREAD,84
2019-06-28 11:59:00.000000000,BEST_BID,"JPM,99406,298"
2019-06-28 11:59:00.000000000,BEST_ASK,"JPM,99752,428"
2019-06-28 11:59:00.000000000,LAST_TRADE,"5,$99406.0000"
2019-06-28 11:59:00.000000000,QUERY_SPREAD,85
2019-06-28 11:59:00.000000000,BEST_BID,"JPM,99406,293"
2019-06-28 11:59:00.000000000,BEST_ASK,"JPM,99752,428"
2019-06-28 11:59:00.000000000,LAST_TRADE,"5,$99406.0000"
2019-06-28 11:59:00.000000000,QUERY_SPREAD,86
2019-06-28 11:59:00.000000000,BEST_BID,"JPM,99406,284"
2019-06-28 11:59:00.000000000,BEST_ASK,"JPM,99752,428"
2019-06-28 11:59:00.000000000,LAST_TRADE,"9,$99406.0000"
2019-06-28 11:59:00.000000000,QUERY_SPREAD,87
2019-06-28 11:59:00.000000000,BEST_BID,"JPM,99406,282"
2019-06-28 11:59:00.000000000,BEST_ASK,"JPM,99752,428"
2019-06-28 11:59:00.000000000,LAST_TRADE,"2,$99406.0000"
2019-06-28 11:59:00.000000000,QUERY_SPREAD,88
2019-06-28 11:59:00.000000000,BEST_BID,"JPM,99406,274"
2019-06-28 11:59:00.000000000,BEST_ASK,"JPM,99752,428"
2019-06-28 11:59:00.000000000,LAST_TRADE,"8,$99406.0000"
2019-06-28 11:59:00.000000000,QUERY_SPREAD,89
2019-06-28 11:59:00.000000000,BEST_BID,"JPM,99406,267"
2019-06-28 11:59:00.000000000,BEST_ASK,"JPM,99752,428"
2019-06-28 11:59:00.000000000,LAST_TRADE,"7,$99406.0000"
2019-06-28 11:59:00.000000000,QUERY_SPREAD,90
2019-06-28 11:59:00.000000000,BEST_BID,"JPM,99406,261"
2019-06-28 11:59:00.000000000,BEST_ASK,"JPM,99752,428"
2019-06-28 11:59:00.000000000,LAST_TRADE,"6,$99406.0000"
2019-06-28 11:59:00.000000000,QUERY_SPREAD,91
2019-06-28 11:59:00.000000000,BEST_BID,"JPM,99406,256"
2019-06-28 11:59:00.000000000,BEST_ASK,"JPM,99752,428"
2019-06-28 11:59:00.000000000,LAST_TRADE,"5,$99406.0000"
2019-06-28 11:59:00.000000000,QUERY_SPREAD,92
2019-06-28 11:59:00.000000000,BEST_BID,"JPM,99406,255"
2019-06-28 11:59:00.000000000,BEST_ASK,"JPM,99752,428"
2019-06-28 11:59:00.000000000,LAST_TRADE,"1,$99406.0000"
2019-06-28 11:59:00.000000000,QUERY_SPREAD,93
2019-06-28 11:59:00.000000000,BEST_BID,"JPM,99406,253"
2019-06-28 11:59:00.000000000,BEST_ASK,"JPM,99752,428"
2019-06-28 11:59:00.000000000,LAST_TRADE,"2,$99406.0000"
2019-06-28 11:59:00.000000000,QUERY_SPREAD,94
2019-06-28 11:59:00.000000000,BEST_BID,"JPM,99406,251"
2019-06-28 11:59:00.000000000,BEST_ASK,"JPM,99752,428"
2019-06-28 11:59:00.000000000,LAST_TRADE,"2,$99406.0000"
2019-06-28 11:59:00.000000000,QUERY_SPREAD,95
2019-06-28 11:59:00.000000000,BEST_BID,"JPM,99406,244"
2019-06-28 11:59:00.000000000,BEST_ASK,"JPM,99752,428"
2019-06-28 11:59:00.000000000,LAST_TRADE,"7,$99406.0000"
2019-06-28 11:59:00.000000000,QUERY_SPREAD,96
2019-06-28 11:59:00.000000000,BEST_BID,"JPM,99406,237"
2019-06-28 11:59:00.000000000,BEST_ASK,"JPM,99752,428"
2019-06-28 11:59:00.000000000,LAST_TRADE,"7,$99406.0000"
2019-06-28 11:59:00.000000000,QUERY_SPREAD,97
2019-06-28 11:59:00.000000000,BEST_BID,"JPM,99406,231"
2019-06-28 11:59:00.000000000,BEST_ASK,"JPM,99752,428"
2019-06-28 11:59:00.000000000,LAST_TRADE,"6,$99406.0000"
2019-06-28 11:59:00.000000000,QUERY_SPREAD,98
2019-06-28 11:59:00.000000000,BEST_BID,"JPM,99406,227"
2019-06-28 11:59:00.000000000,BEST_ASK,"JPM,99752,428"
2019-06-28 11:59:00.000000000,LAST_TRADE,"4,$99406.0000"
2019-06-28 11:59:00.000000000,QUERY_SPREAD,99
2019-06-28 11:59:00.000000000,BEST_BID,"JPM,99406,225"
2019-06-28 11:59:00.000000000,BEST_ASK,"JPM,99752,428"
2019-06-28 11:59:00.000000000,LAST_TRADE,"2,$99406.0000"
2019-06-28 11:59:00.000000000,QUERY_SPREAD,100
2019-06-28 11:59:00.000000000,BEST_BID,"JPM,99406,219"
2019-06-28 11:59:00.000000000,BEST_ASK,"JPM,99752,428"
2019-06-28 11:59:00.000000000,LAST_TRADE,"6,$99406.0000"
2019-06-28 11:59:00.000000000,QUERY_SPREAD,101
2019-06-28 11:59:00.000000000,QUERY_ORDER_STREAM,101
2019-06-28 11:59:00.000000000,BEST_BID,"JPM,99406,227"
2019-06-28 11:59:00.000000000,BEST_ASK,"JPM,99752,428"
2019-06-28 11:59:03.302547534,QUERY_ORDER_STREAM,52
2019-06-28 11:59:03.302547534,QUERY_SPREAD,52
2019-06-28 11:59:10.000000000,QUERY_SPREAD,1
2019-06-28 11:59:10.000000000,BEST_BID,"JPM,99406,90"
2019-06-28 11:59:10.000000000,BEST_ASK,"JPM,99752,100"
2019-06-28 11:59:10.000000000,BEST_BID,"JPM,99406,90"
2019-06-28 11:59:10.000000000,BEST_ASK,"JPM,99752,100"
2019-06-28 11:59:10.000000000,BEST_BID,"JPM,99406,90"
2019-06-28 11:59:10.000000000,BEST_ASK,"JPM,99752,100"
2019-06-28 11:59:10.000000000,BEST_BID,"JPM,99406,90"
2019-06-28 11:59:10.000000000,BEST_ASK,"JPM,99752,100"
2019-06-28 11:59:10.000000000,BEST_BID,"JPM,99406,90"
2019-06-28 11:59:10.000000000,BEST_ASK,"JPM,99752,182"
2019-06-28 11:59:10.000000000,BEST_BID,"JPM,99406,90"
2019-06-28 11:59:10.000000000,BEST_ASK,"JPM,99752,182"
2019-06-28 11:59:10.000000000,BEST_BID,"JPM,99406,90"
2019-06-28 11:59:10.000000000,BEST_ASK,"JPM,99752,182"
2019-06-28 11:59:10.000000000,BEST_BID,"JPM,99406,90"
2019-06-28 11:59:10.000000000,BEST_ASK,"JPM,99752,182"
2019-06-28 11:59:20.000000000,QUERY_SPREAD,1
2019-06-28 11:59:20.000000000,BEST_BID,"JPM,99406,120"
2019-06-28 11:59:20.000000000,BEST_ASK,"JPM,99752,100"
2019-06-28 11:59:20.000000000,BEST_BID,"JPM,99406,120"
2019-06-28 11:59:20.000000000,BEST_ASK,"JPM,99752,100"
2019-06-28 11:59:20.000000000,BEST_BID,"JPM,99406,120"
2019-06-28 11:59:20.000000000,BEST_ASK,"JPM,99752,100"
2019-06-28 11:59:20.000000000,BEST_BID,"JPM,99406,120"
2019-06-28 11:59:20.000000000,BEST_ASK,"JPM,99752,212"
2019-06-28 11:59:20.000000000,BEST_BID,"JPM,99406,120"
2019-06-28 11:59:20.000000000,BEST_ASK,"JPM,99752,212"
2019-06-28 11:59:20.000000000,BEST_BID,"JPM,99406,120"
2019-06-28 11:59:20.000000000,BEST_ASK,"JPM,99752,212"
2019-06-28 11:59:30.000000000,QUERY_SPREAD,1
2019-06-28 11:59:30.000000000,BEST_BID,"JPM,99406,336"
2019-06-28 11:59:30.000000000,BEST_ASK,"JPM,99752,100"
2019-06-28 11:59:30.000000000,BEST_BID,"JPM,99406,336"
2019-06-28 11:59:30.000000000,BEST_ASK,"JPM,99752,428"
2019-06-28 11:59:40.000000000,QUERY_SPREAD,1
2019-06-28 11:59:40.000000000,BEST_BID,"JPM,99406,74"
2019-06-28 11:59:40.000000000,BEST_ASK,"JPM,99752,100"
2019-06-28 11:59:40.000000000,BEST_BID,"JPM,99406,74"
2019-06-28 11:59:40.000000000,BEST_ASK,"JPM,99752,100"
2019-06-28 11:59:40.000000000,BEST_BID,"JPM,99406,74"
2019-06-28 11:59:40.000000000,BEST_ASK,"JPM,99752,100"
2019-06-28 11:59:40.000000000,BEST_BID,"JPM,99406,74"
2019-06-28 11:59:40.000000000,BEST_ASK,"JPM,99752,100"
2019-06-28 11:59:40.000000000,BEST_BID,"JPM,99406,74"
2019-06-28 11:59:40.000000000,BEST_ASK,"JPM,99752,100"
2019-06-28 11:59:40.000000000,BEST_BID,"JPM,99406,74"
2019-06-28 11:59:40.000000000,BEST_ASK,"JPM,99752,166"
2019-06-28 11:59:40.000000000,BEST_BID,"JPM,99406,74"
2019-06-28 11:59:40.000000000,BEST_ASK,"JPM,99752,166"
2019-06-28 11:59:40.000000000,BEST_BID,"JPM,99406,74"
2019-06-28 11:59:40.000000000,BEST_ASK,"JPM,99752,166"
2019-06-28 11:59:40.000000000,BEST_BID,"JPM,99406,74"
2019-06-28 11:59:40.000000000,BEST_ASK,"JPM,99752,166"
2019-06-28 11:59:40.000000000,BEST_BID,"JPM,99406,74"
2019-06-28 11:59:40.000000000,BEST_ASK,"JPM,99752,166"
2019-06-28 11:59:40.128807781,QUERY_SPREAD,35
2019-06-28 11:59:40.128807781,BEST_BID,"JPM,99406,74"
2019-06-28 11:59:40.128807781,BEST_ASK,"JPM,99437,100"
2019-06-28 11:59:50.000000000,QUERY_SPREAD,1
2019-06-28 11:59:50.000000000,BEST_BID,"JPM,99406,172"
2019-06-28 11:59:50.000000000,BEST_ASK,"JPM,99437,100"
2019-06-28 11:59:50.000000000,BEST_BID,"JPM,99406,172"
2019-06-28 11:59:50.000000000,BEST_ASK,"JPM,99437,100"
2019-06-28 11:59:50.000000000,BEST_BID,"JPM,99406,172"
2019-06-28 11:59:50.000000000,BEST_ASK,"JPM,99437,264"
2019-06-28 11:59:50.000000000,BEST_BID,"JPM,99406,172"
2019-06-28 11:59:50.000000000,BEST_ASK,"JPM,99437,264"
2019-06-28 12:00:00.000000000,QUERY_SPREAD,1
2019-06-28 12:00:00.000000000,BEST_BID,"JPM,99406,172"
2019-06-28 12:00:00.000000000,BEST_ASK,"JPM,99437,100"
2019-06-28 12:00:00.000000000,BEST_BID,"JPM,99406,172"
2019-06-28 12:00:00.000000000,BEST_ASK,"JPM,99437,100"
2019-06-28 12:00:00.000000000,BEST_BID,"JPM,99406,172"
2019-06-28 12:00:00.000000000,BEST_ASK,"JPM,99437,264"
2019-06-28 12:00:00.000000000,BEST_BID,"JPM,99406,172"
2019-06-28 12:00:00.000000000,BEST_ASK,"JPM,99437,264"
2019-06-28 12:00:00.000000000,QUERY_SPREAD,77
2019-06-28 12:00:00.000000000,BEST_BID,"JPM,99406,168"
2019-06-28 12:00:00.000000000,BEST_ASK,"JPM,99437,264"
2019-06-28 12:00:00.000000000,LAST_TRADE,"4,$99406.0000"
2019-06-28 12:00:00.000000000,QUERY_SPREAD,78
2019-06-28 12:00:00.000000000,BEST_BID,"JPM,99406,160"
2019-06-28 12:00:00.000000000,BEST_ASK,"JPM,99437,264"
2019-06-28 12:00:00.000000000,LAST_TRADE,"8,$99406.0000"
2019-06-28 12:00:00.000000000,QUERY_SPREAD,79
2019-06-28 12:00:00.000000000,BEST_BID,"JPM,99406,159"
2019-06-28 12:00:00.000000000,BEST_ASK,"JPM,99437,264"
2019-06-28 12:00:00.000000000,LAST_TRADE,"1,$99406.0000"
2019-06-28 12:00:00.000000000,QUERY_SPREAD,80
2019-06-28 12:00:00.000000000,BEST_BID,"JPM,99406,154"
2019-06-28 12:00:00.000000000,BEST_ASK,"JPM,99437,264"
2019-06-28 12:00:00.000000000,LAST_TRADE,"5,$99406.0000"
2019-06-28 12:00:00.000000000,QUERY_SPREAD,81
2019-06-28 12:00:00.000000000,BEST_BID,"JPM,99406,149"
2019-06-28 12:00:00.000000000,BEST_ASK,"JPM,99437,264"
2019-06-28 12:00:00.000000000,LAST_TRADE,"5,$99406.0000"
2019-06-28 12:00:00.000000000,QUERY_SPREAD,82
2019-06-28 12:00:00.000000000,BEST_BID,"JPM,99406,143"
2019-06-28 12:00:00.000000000,BEST_ASK,"JPM,99437,264"
2019-06-28 12:00:00.000000000,LAST_TRADE,"6,$99406.0000"
2019-06-28 12:00:00.000000000,QUERY_SPREAD,83
2019-06-28 12:00:00.000000000,BEST_BID,"JPM,99406,139"
2019-06-28 12:00:00.000000000,BEST_ASK,"JPM,99437,264"
2019-06-28 12:00:00.000000000,LAST_TRADE,"4,$99406.0000"
2019-06-28 12:00:00.000000000,QUERY_SPREAD,84
2019-06-28 12:00:00.000000000,BEST_BID,"JPM,99406,134"
2019-06-28 12:00:00.000000000,BEST_ASK,"JPM,99437,264"
2019-06-28 12:00:00.000000000,LAST_TRADE,"5,$99406.0000"
2019-06-28 12:00:00.000000000,QUERY_SPREAD,85
2019-06-28 12:00:00.000000000,BEST_BID,"JPM,99406,129"
2019-06-28 12:00:00.000000000,BEST_ASK,"JPM,99437,264"
2019-06-28 12:00:00.000000000,LAST_TRADE,"5,$99406.0000"
2019-06-28 12:00:00.000000000,QUERY_SPREAD,86
2019-06-28 12:00:00.000000000,BEST_BID,"JPM,99406,120"
2019-06-28 12:00:00.000000000,BEST_ASK,"JPM,99437,264"
2019-06-28 12:00:00.000000000,LAST_TRADE,"9,$99406.0000"
2019-06-28 12:00:00.000000000,QUERY_SPREAD,87
2019-06-28 12:00:00.000000000,BEST_BID,"JPM,99406,118"
2019-06-28 12:00:00.000000000,BEST_ASK,"JPM,99437,264"
2019-06-28 12:00:00.000000000,LAST_TRADE,"2,$99406.0000"
2019-06-28 12:00:00.000000000,QUERY_SPREAD,88
2019-06-28 12:00:00.000000000,BEST_BID,"JPM,99406,110"
2019-06-28 12:00:00.000000000,BEST_ASK,"JPM,99437,264"
2019-06-28 12:00:00.000000000,LAST_TRADE,"8,$99406.0000"
2019-06-28 12:00:00.000000000,QUERY_SPREAD,89
2019-06-28 12:00:00.000000000,BEST_BID,"JPM,99406,103"
2019-06-28 12:00:00.000000000,BEST_ASK,"JPM,99437,264"
2019-06-28 12:00:00.000000000,LAST_TRADE,"7,$99406.0000"
2019-06-28 12:00:00.000000000,QUERY_SPREAD,90
2019-06-28 12:00:00.000000000,BEST_BID,"JPM,99406,97"
2019-06-28 12:00:00.000000000,BEST_ASK,"JPM,99437,264"
2019-06-28 12:00:00.000000000,LAST_TRADE,"6,$99406.0000"
2019-06-28 12:00:00.000000000,QUERY_SPREAD,91
2019-06-28 12:00:00.000000000,BEST_BID,"JPM,99406,92"
2019-06-28 12:00:00.000000000,BEST_ASK,"JPM,99437,264"
2019-06-28 12:00:00.000000000,LAST_TRADE,"5,$99406.0000"
2019-06-28 12:00:00.000000000,QUERY_SPREAD,92
2019-06-28 12:00:00.000000000,BEST_BID,"JPM,99406,91"
2019-06-28 12:00:00.000000000,BEST_ASK,"JPM,99437,264"
2019-06-28 12:00:00.000000000,LAST_TRADE,"1,$99406.0000"
2019-06-28 12:00:00.000000000,QUERY_SPREAD,93
2019-06-28 12:00:00.000000000,BEST_BID,"JPM,99406,89"
2019-06-28 12:00:00.000000000,BEST_ASK,"JPM,99437,264"
2019-06-28 12:00:00.000000000,LAST_TRADE,"2,$99406.0000"
2019-06-28 12:00:00.000000000,QUERY_SPREAD,94
2019-06-28 12:00:00.000000000,BEST_BID,"JPM,99406,87"
2019-06-28 12:00:00.000000000,BEST_ASK,"JPM,99437,264"
2019-06-28 12:00:00.000000000,LAST_TRADE,"2,$99406.0000"
2019-06-28 12:00:00.000000000,QUERY_SPREAD,95
2019-06-28 12:00:00.000000000,BEST_BID,"JPM,99406,80"
2019-06-28 12:00:00.000000000,BEST_ASK,"JPM,99437,264"
2019-06-28 12:00:00.000000000,LAST_TRADE,"7,$99406.0000"
2019-06-28 12:00:00.000000000,QUERY_SPREAD,96
2019-06-28 12:00:00.000000000,BEST_BID,"JPM,99406,73"
2019-06-28 12:00:00.000000000,BEST_ASK,"JPM,99437,264"
2019-06-28 12:00:00.000000000,LAST_TRADE,"7,$99406.0000"
2019-06-28 12:00:00.000000000,QUERY_SPREAD,97
2019-06-28 12:00:00.000000000,BEST_BID,"JPM,99406,67"
2019-06-28 12:00:00.000000000,BEST_ASK,"JPM,99437,264"
2019-06-28 12:00:00.000000000,LAST_TRADE,"6,$99406.0000"
2019-06-28 12:00:00.000000000,QUERY_SPREAD,98
2019-06-28 12:00:00.000000000,BEST_BID,"JPM,99406,63"
2019-06-28 12:00:00.000000000,BEST_ASK,"JPM,99437,264"
2019-06-28 12:00:00.000000000,LAST_TRADE,"4,$99406.0000"
2019-06-28 12:00:00.000000000,QUERY_SPREAD,99
2019-06-28 12:00:00.000000000,BEST_BID,"JPM,99406,61"
2019-06-28 12:00:00.000000000,BEST_ASK,"JPM,99437,264"
2019-06-28 12:00:00.000000000,LAST_TRADE,"2,$99406.0000"
2019-06-28 12:00:00.000000000,QUERY_SPREAD,100
2019-06-28 12:00:00.000000000,BEST_BID,"JPM,99406,55"
2019-06-28 12:00:00.000000000,BEST_ASK,"JPM,99437,264"
2019-06-28 12:00:00.000000000,LAST_TRADE,"6,$99406.0000"
2019-06-28 12:00:00.000000000,QUERY_SPREAD,101
2019-06-28 12:00:00.000000000,QUERY_ORDER_STREAM,101
2019-06-28 12:00:00.000000000,BEST_BID,"JPM,99406,63"
2019-06-28 12:00:00.000000000,BEST_ASK,"JPM,99437,264"
2019-06-28 12:00:00.673575992,QUERY_SPREAD,40
2019-06-28 12:00:00.673575992,BEST_BID,"JPM,99406,63"
2019-06-28 12:00:00.673575992,BEST_ASK,"JPM,99437,264"
2019-06-28 12:00:00.982973425,QUERY_SPREAD,10
2019-06-28 12:00:00.982973425,BEST_BID,"JPM,99406,63"
2019-06-28 12:00:00.982973425,BEST_ASK,"JPM,99437,264"
2019-06-28 12:00:01.255052677,QUERY_ORDER_STREAM,75
2019-06-28 12:00:01.255052677,QUERY_SPREAD,75
2019-06-28 12:00:10.000000000,QUERY_SPREAD,1
2019-06-28 12:00:10.000000000,BEST_BID,"JPM,99406,120"
2019-06-28 12:00:10.000000000,BEST_ASK,"JPM,99437,100"
2019-06-28 12:00:10.000000000,BEST_BID,"JPM,99406,120"
2019-06-28 12:00:10.000000000,BEST_ASK,"JPM,99437,100"
2019-06-28 12:00:10.000000000,BEST_BID,"JPM,99406,120"
2019-06-28 12:00:10.000000000,BEST_ASK,"JPM,99437,100"
2019-06-28 12:00:10.000000000,BEST_BID,"JPM,99406,120"
2019-06-28 12:00:10.000000000,BEST_ASK,"JPM,99437,212"
2019-06-28 12:00:10.000000000,BEST_BID,"JPM,99406,120"
2019-06-28 12:00:10.000000000,BEST_ASK,"JPM,99437,212"
2019-06-28 12:00:10.000000000,BEST_BID,"JPM,99406,120"
2019-06-28 12:00:10.000000000,BEST_ASK,"JPM,99437,212"
2019-06-28 12:00:15.997491746,QUERY_ORDER_STREAM,67
2019-06-28 12:00:15.997491746,QUERY_SPREAD,67
2019-06-28 12:00:15.997491746,BEST_BID,"JPM,99406,220"
2019-06-28 12:00:15.997491746,BEST_ASK,"JPM,99437,212"
2019-06-28 12:00:19.585566157,QUERY_SPREAD,15
2019-06-28 12:00:19.585566157,BEST_BID,"JPM,99406,220"
2019-06-28 12:00:19.585566157,BEST_ASK,"JPM,99437,112"
2019-06-28 12:00:19.585566157,LAST_TRADE,"100,$99437.0000"
2019-06-28 12:00:20.000000000,QUERY_SPREAD,1
2019-06-28 12:00:20.000000000,BEST_BID,"JPM,99406,220"
2019-06-28 12:00:20.000000000,BEST_ASK,"JPM,99677,100"
2019-06-28 12:00:20.000000000,BEST_BID,"JPM,99406,220"
2019-06-28 12:00:20.000000000,BEST_ASK,"JPM,99677,100"
2019-06-28 12:00:20.000000000,BEST_BID,"JPM,99406,220"
2019-06-28 12:00:20.000000000,BEST_ASK,"JPM,99677,100"
2019-06-28 12:00:20.000000000,BEST_BID,"JPM,99406,220"
2019-06-28 12:00:20.000000000,BEST_ASK,"JPM,99677,212"
2019-06-28 12:00:20.000000000,BEST_BID,"JPM,99406,220"
2019-06-28 12:00:20.000000000,BEST_ASK,"JPM,99677,212"
2019-06-28 12:00:20.000000000,BEST_BID,"JPM,99406,220"
2019-06-28 12:00:20.000000000,BEST_ASK,"JPM,99677,212"
2019-06-28 12:00:30.000000000,QUERY_SPREAD,1
2019-06-28 12:00:30.000000000,BEST_BID,"JPM,99406,174"
2019-06-28 12:00:30.000000000,BEST_ASK,"JPM,99677,100"
2019-06-28 12:00:30.000000000,BEST_BID,"JPM,99406,174"
2019-06-28 12:00:30.000000000,BEST_ASK,"JPM,99677,100"
2019-06-28 12:00:30.000000000,BEST_BID,"JPM,99406,174"
2019-06-28 12:00:30.000000000,BEST_ASK,"JPM,99677,100"
2019-06-28 12:00:30.000000000,BEST_BID,"JPM,99406,174"
2019-06-28 12:00:30.000000000,BEST_ASK,"JPM,99677,100"
2019-06-28 12:00:30.000000000,BEST_BID,"JPM,99406,174"
2019-06-28 12:00:30.000000000,BEST_ASK,"JPM,99677,100"
2019-06-28 12:00:30.000000000,BEST_BID,"JPM,99406,174"
2019-06-28 12:00:30.000000000,BEST_ASK,"JPM,99677,166"
2019-06-28 12:00:30.000000000,BEST_BID,"JPM,99406,174"
2019-06-28 12:00:30.000000000,BEST_ASK,"JPM,99677,166"
2019-06-28 12:00:30.000000000,BEST_BID,"JPM,99406,174"
2019-06-28 12:00:30.000000000,BEST_ASK,"JPM,99677,166"
2019-06-28 12:00:30.000000000,BEST_BID,"JPM,99406,174"
2019-06-28 12:00:30.000000000,BEST_ASK,"JPM,99677,166"
2019-06-28 12:00:30.000000000,BEST_BID,"JPM,99406,174"
2019-06-28 12:00:30.000000000,BEST_ASK,"JPM,99677,166"
2019-06-28 12:00:38.585259139,QUERY_ORDER_STREAM,71
2019-06-28 12:00:38.585259139,QUERY_SPREAD,71
2019-06-28 12:00:38.831243820,QUERY_SPREAD,46
2019-06-28 12:00:38.831243820,BEST_BID,"JPM,99406,174"
2019-06-28 12:00:38.831243820,BEST_ASK,"JPM,99677,66"
2019-06-28 12:00:38.831243820,LAST_TRADE,"100,$99677.0000"
2019-06-28 12:00:39.902496492,QUERY_SPREAD,47
2019-06-28 12:00:39.902496492,BEST_BID,"JPM,99677,34"
2019-06-28 12:00:39.902496492,BEST_ASK,"JPM,99752,166"
2019-06-28 12:00:39.902496492,LAST_TRADE,"66,$99677.0000"
2019-06-28 12:00:40.000000000,QUERY_SPREAD,1
2019-06-28 12:00:40.000000000,BEST_BID,"JPM,99677,362"
2019-06-28 12:00:40.000000000,BEST_ASK,"JPM,99752,100"
2019-06-28 12:00:40.000000000,BEST_BID,"JPM,99677,362"
2019-06-28 12:00:40.000000000,BEST_ASK,"JPM,99752,428"
2019-06-28 12:00:50.000000000,QUERY_SPREAD,1
2019-06-28 12:00:50.000000000,BEST_BID,"JPM,99677,100"
2019-06-28 12:00:50.000000000,BEST_ASK,"JPM,99752,100"
2019-06-28 12:00:50.000000000,BEST_BID,"JPM,99677,100"
2019-06-28 12:00:50.000000000,BEST_ASK,"JPM,99752,100"
2019-06-28 12:00:50.000000000,BEST_BID,"JPM,99677,100"
2019-06-28 12:00:50.000000000,BEST_ASK,"JPM,99752,100"
2019-06-28 12:00:50.000000000,BEST_BID,"JPM,99677,100"
2019-06-28 12:00:50.000000000,BEST_ASK,"JPM,99752,100"
2019-06-28 12:00:50.000000000,BEST_BID,"JPM,99677,100"
2019-06-28 12:00:50.000000000,BEST_ASK,"JPM,99752,100"
2019-06-28 12:00:50.000000000,BEST_BID,"JPM,99677,100"
2019-06-28 12:00:50.000000000,BEST_ASK,"JPM,99752,166"
2019-06-28 12:00:50.000000000,BEST_BID,"JPM,99677,100"
2019-06-28 12:00:50.000000000,BEST_ASK,"JPM,99752,166"
2019-06-28 12:00:50.000000000,BEST_BID,"JPM,99677,100"
2019-06-28 12:00:50.000000000,BEST_ASK,"JPM,99752,166"
2019-06-28 12:00:50.000000000,BEST_BID,"JPM,99677,100"
2019-06-28 12:00:50.000000000,BEST_ASK,"JPM,99752,166"
2019-06-28 12:00:50.000000000,BEST_BID,"JPM,99677,100"
2019-06-28 12:00:50.000000000,BEST_ASK,"JPM,99752,166"
2019-06-28 12:01:00.000000000,QUERY_SPREAD,1
2019-06-28 12:01:00.000000000,BEST_BID,"JPM,99677,116"
2019-06-28 12:01:00.000000000,BEST_ASK,"JPM,99752,100"
2019-06-28 12:01:00.000000000,BEST_BID,"JPM,99677,116"
2019-06-28 12:01:00.000000000,BEST_ASK,"JPM,99752,100"
2019-06-28 12:01:00.000000000,BEST_BID,"JPM,99677,116"
2019-06-28 12:01:00.000000000,BEST_ASK,"JPM,99752,100"
2019-06-28 12:01:00.000000000,BEST_BID,"JPM,99677,116"
2019-06-28 12:01:00.000000000,BEST_ASK,"JPM,99752,100"
2019-06-28 12:01:00.000000000,BEST_BID,"JPM,99677,116"
2019-06-28 12:01:00.000000000,BEST_ASK,"JPM,99752,182"
2019-06-28 12:01:00.000000000,BEST_BID,"JPM,99677,116"
2019-06-28 12:01:00.000000000,BEST_ASK,"JPM,99752,182"
2019-06-28 12:01:00.000000000,BEST_BID,"JPM,99677,116"
2019-06-28 12:01:00.000000000,BEST_ASK,"JPM,99752,182"
2019-06-28 12:01:00.000000000,BEST_BID,"JPM,99677,116"
2019-06-28 12:01:00.000000000,BEST_ASK,"JPM,99752,182"
2019-06-28 12:01:00.000000000,QUERY_SPREAD,77
2019-06-28 12:01:00.000000000,BEST_BID,"JPM,99677,112"
2019-06-28 12:01:00.000000000,BEST_ASK,"JPM,99752,182"
2019-06-28 12:01:00.000000000,LAST_TRADE,"4,$99677.0000"
2019-06-28 12:01:00.000000000,QUERY_SPREAD,78
2019-06-28 12:01:00.000000000,BEST_BID,"JPM,99677,104"
2019-06-28 12:01:00.000000000,BEST_ASK,"JPM,99752,182"
2019-06-28 12:01:00.000000000,LAST_TRADE,"8,$99677.0000"
2019-06-28 12:01:00.000000000,QUERY_SPREAD,79
2019-06-28 12:01:00.000000000,BEST_BID,"JPM,99677,103"
2019-06-28 12:01:00.000000000,BEST_ASK,"JPM,99752,182"
2019-06-28 12:01:00.000000000,LAST_TRADE,"1,$99677.0000"
2019-06-28 12:01:00.000000000,QUERY_SPREAD,80
2019-06-28 12:01:00.000000000,BEST_BID,"JPM,99677,98"
2019-06-28 12:01:00.000000000,BEST_ASK,"JPM,99752,182"
2019-06-28 12:01:00.000000000,LAST_TRADE,"5,$99677.0000"
2019-06-28 12:01:00.000000000,QUERY_SPREAD,81
2019-06-28 12:01:00.000000000,BEST_BID,"JPM,99677,93"
2019-06-28 12:01:00.000000000,BEST_ASK,"JPM,99752,182"
2019-06-28 12:01:00.000000000,LAST_TRADE,"5,$99677.0000"
2019-06-28 12:01:00.000000000,QUERY_SPREAD,82
2019-06-28 12:01:00.000000000,BEST_BID,"JPM,99677,87"
2019-06-28 12:01:00.000000000,BEST_ASK,"JPM,99752,182"
2019-06-28 12:01:00.000000000,LAST_TRADE,"6,$99677.0000"
2019-06-28 12:01:00.000000000,QUERY_SPREAD,83
2019-06-28 12:01:00.000000000,BEST_BID,"JPM,99677,83"
2019-06-28 12:01:00.000000000,BEST_ASK,"JPM,99752,182"
2019-06-28 12:01:00.000000000,LAST_TRADE,"4,$99677.0000"
2019-06-28 12:01:00.000000000,QUERY_SPREAD,84
2019-06-28 12:01:00.000000000,BEST_BID,"JPM,99677,78"
2019-06-28 12:01:00.000000000,BEST_ASK,"JPM,99752,182"
2019-06-28 12:01:00.000000000,LAST_TRADE,"5,$99677.0000"
2019-06-28 12:01:00.000000000,QUERY_SPREAD,85
2019-06-28 12:01:00.000000000,BEST_BID,"JPM,99677,73"
2019-06-28 12:01:00.000000000,BEST_ASK,"JPM,99752,182"
2019-06-28 12:01:00.000000000,LAST_TRADE,"5,$99677.0000"
2019-06-28 12:01:00.000000000,QUERY_SPREAD,86
2019-06-28 12:01:00.000000000,BEST_BID,"JPM,99677,64"
2019-06-28 12:01:00.000000000,BEST_ASK,"JPM,99752,182"
2019-06-28 12:01:00.000000000,LAST_TRADE,"9,$99677.0000"
2019-06-28 12:01:00.000000000,QUERY_SPREAD,87
2019-06-28 12:01:00.000000000,BEST_BID,"JPM,99677,62"
2019-06-28 12:01:00.000000000,BEST_ASK,"JPM,99752,182"
2019-06-28 12:01:00.000000000,LAST_TRADE,"2,$99677.0000"
2019-06-28 12:01:00.000000000,QUERY_SPREAD,88
2019-06-28 12:01:00.000000000,BEST_BID,"JPM,99677,54"
2019-06-28 12:01:00.000000000,BEST_ASK,"JPM,99752,182"
2019-06-28 12:01:00.000000000,LAST_TRADE,"8,$99677.0000"
2019-06-28 12:01:00.000000000,QUERY_SPREAD,89
2019-06-28 12:01:00.000000000,BEST_BID,"JPM,99677,47"
2019-06-28 12:01:00.000000000,BEST_ASK,"JPM,99752,182"
2019-06-28 12:01:00.000000000,LAST_TRADE,"7,$99677.0000"
2019-06-28 12:01:00.000000000,QUERY_SPREAD,90
2019-06-28 12:01:00.000000000,BEST_BID,"JPM,99677,41"
2019-06-28 12:01:00.000000000,BEST_ASK,"JPM,99752,182"
2019-06-28 12:01:00.000000000,LAST_TRADE,"6,$99677.0000"
2019-06-28 12:01:00.000000000,QUERY_SPREAD,91
2019-06-28 12:01:00.000000000,BEST_BID,"JPM,99677,36"
2019-06-28 12:01:00.000000000,BEST_ASK,"JPM,99752,182"
2019-06-28 12:01:00.000000000,LAST_TRADE,"5,$99677.0000"
2019-06-28 12:01:00.000000000,QUERY_SPREAD,92
2019-06-28 12:01:00.000000000,BEST_BID,"JPM,99677,35"
2019-06-28 12:01:00.000000000,BEST_ASK,"JPM,99752,182"
2019-06-28 12:01:00.000000000,LAST_TRADE,"1,$99677.0000"
2019-06-28 12:01:00.000000000,QUERY_SPREAD,93
2019-06-28 12:01:00.000000000,BEST_BID,"JPM,99677,33"
2019-06-28 12:01:00.000000000,BEST_ASK,"JPM,99752,182"
2019-06-28 12:01:00.000000000,LAST_TRADE,"2,$99677.0000"
2019-06-28 12:01:00.000000000,QUERY_SPREAD,94
2019-06-28 12:01:00.000000000,BEST_BID,"JPM,99677,31"
2019-06-28 12:01:00.000000000,BEST_ASK,"JPM,99752,182"
2019-06-28 12:01:00.000000000,LAST_TRADE,"2,$99677.0000"
2019-06-28 12:01:00.000000000,QUERY_SPREAD,95
2019-06-28 12:01:00.000000000,BEST_BID,"JPM,99677,24"
2019-06-28 12:01:00.000000000,BEST_ASK,"JPM,99752,182"
2019-06-28 12:01:00.000000000,LAST_TRADE,"7,$99677.0000"
2019-06-28 12:01:00.000000000,QUERY_SPREAD,96
2019-06-28 12:01:00.000000000,BEST_BID,"JPM,99677,17"
2019-06-28 12:01:00.000000000,BEST_ASK,"JPM,99752,182"
2019-06-28 12:01:00.000000000,LAST_TRADE,"7,$99677.0000"
2019-06-28 12:01:00.000000000,QUERY_SPREAD,97
2019-06-28 12:01:00.000000000,BEST_BID,"JPM,99677,11"
2019-06-28 12:01:00.000000000,BEST_ASK,"JPM,99752,182"
2019-06-28 12:01:00.000000000,LAST_TRADE,"6,$99677.0000"
2019-06-28 12:01:00.000000000,QUERY_SPREAD,98
2019-06-28 12:01:00.000000000,BEST_BID,"JPM,99677,7"
2019-06-28 12:01:00.000000000,BEST_ASK,"JPM,99752,182"
2019-06-28 12:01:00.000000000,LAST_TRADE,"4,$99677.0000"
2019-06-28 12:01:00.000000000,QUERY_SPREAD,99
2019-06-28 12:01:00.000000000,BEST_BID,"JPM,99677,5"
2019-06-28 12:01:00.000000000,BEST_ASK,"JPM,99752,182"
2019-06-28 12:01:00.000000000,LAST_TRADE,"2,$99677.0000"
2019-06-28 12:01:00.000000000,QUERY_SPREAD,100
2019-06-28 12:01:00.000000000,BEST_BID,"JPM,99406,190"
2019-06-28 12:01:00.000000000,BEST_ASK,"JPM,99677,1"
2019-06-28 12:01:00.000000000,LAST_TRADE,"5,$99677.0000"
2019-06-28 12:01:00.000000000,QUERY_SPREAD,101
2019-06-28 12:01:00.000000000,QUERY_ORDER_STREAM,101
2019-06-28 12:01:00.000000000,BEST_BID,"JPM,99677,7"
2019-06-28 12:01:00.000000000,BEST_ASK,"JPM,99752,182"
2019-06-28 12:01:00.000000000,LAST_TRADE,"1,$99677.0000"
2019-06-28 12:01:10.000000000,QUERY_SPREAD,1
2019-06-28 12:01:10.000000000,BEST_BID,"JPM,99677,171"
2019-06-28 12:01:10.000000000,BEST_ASK,"JPM,99752,100"
2019-06-28 12:01:10.000000000,BEST_BID,"JPM,99677,171"
2019-06-28 12:01:10.000000000,BEST_ASK,"JPM,99752,100"
2019-06-28 12:01:10.000000000,BEST_BID,"JPM,99677,171"
2019-06-28 12:01:10.000000000,BEST_ASK,"JPM,99752,264"
2019-06-28 12:01:10.000000000,BEST_BID,"JPM,99677,171"
2019-06-28 12:01:10.000000000,BEST_ASK,"JPM,99752,264"
2019-06-28 12:01:15.660564906,QUERY_ORDER_STREAM,56
2019-06-28 12:01:15.660564906,QUERY_SPREAD,56
2019-06-28 12:01:15.660564906,BEST_BID,"JPM,99677,271"
2019-06-28 12:01:15.660564906,BEST_ASK,"JPM,99752,264"
2019-06-28 12:01:20.000000000,QUERY_SPREAD,1
2019-06-28 12:01:20.000000000,BEST_BID,"JPM,99677,219"
2019-06-28 12:01:20.000000000,BEST_ASK,"JPM,99752,100"
2019-06-28 12:01:20.000000000,BEST_BID,"JPM,99677,219"
2019-06-28 12:01:20.000000000,BEST_ASK,"JPM,99752,100"
2019-06-28 12:01:20.000000000,BEST_BID,"JPM,99677,219"
2019-06-28 12:01:20.000000000,BEST_ASK,"JPM,99752,100"
2019-06-28 12:01:20.000000000,BEST_BID,"JPM,99677,219"
2019-06-28 12:01:20.000000000,BEST_ASK,"JPM,99752,212"
2019-06-28 12:01:20.000000000,BEST_BID,"JPM,99677,219"
2019-06-28 12:01:20.000000000,BEST_ASK,"JPM,99752,212"
2019-06-28 12:01:20.000000000,BEST_BID,"JPM,99677,219"
2019-06-28 12:01:20.000000000,BEST_ASK,"JPM,99752,212"
2019-06-28 12:01:23.487567416,QUERY_SPREAD,12
2019-06-28 12:01:23.487567416,BEST_BID,"JPM,99677,219"
2019-06-28 12:01:23.487567416,BEST_ASK,"JPM,99752,212"
2019-06-28 12:01:30.000000000,QUERY_SPREAD,1
2019-06-28 12:01:30.000000000,BEST_BID,"JPM,99677,189"
2019-06-28 12:01:30.000000000,BEST_ASK,"JPM,99752,100"
2019-06-28 12:01:30.000000000,BEST_BID,"JPM,99677,189"
2019-06-28 12:01:30.000000000,BEST_ASK,"JPM,99752,100"
2019-06-28 12:01:30.000000000,BEST_BID,"JPM,99677,189"
2019-06-28 12:01:30.000000000,BEST_ASK,"JPM,99752,100"
2019-06-28 12:01:30.000000000,BEST_BID,"JPM,99677,189"
2019-06-28 12:01:30.000000000,BEST_ASK,"JPM,99752,100"
2019-06-28 12:01:30.000000000,BEST_BID,"JPM,99677,189"
2019-06-28 12:01:30.000000000,BEST_ASK,"JPM,99752,182"
2019-06-28 12:01:30.000000000,BEST_BID,"JPM,99677,189"
2019-06-28 12:01:30.000000000,BEST_ASK,"JPM,99752,182"
2019-06-28 12:01:30.000000000,BEST_BID,"JPM,99677,189"
2019-06-28 12:01:30.000000000,BEST_ASK,"JPM,99752,182"
2019-06-28 12:01:30.000000000,BEST_BID,"JPM,99677,189"
2019-06-28 12:01:30.000000000,BEST_ASK,"JPM,99752,182"
2019-06-28 12:01:34.378885191,QUERY_SPREAD,39
2019-06-28 12:01:34.378885191,BEST_BID,"JPM,99677,189"
2019-06-28 12:01:34.378885191,BEST_ASK,"JPM,99752,182"
2019-06-28 12:01:40.000000000,QUERY_SPREAD,1
2019-06-28 12:01:40.000000000,BEST_BID,"JPM,99677,271"
2019-06-28 12:01:40.000000000,BEST_ASK,"JPM,99752,100"
2019-06-28 12:01:40.000000000,BEST_BID,"JPM,99677,271"
2019-06-28 12:01:40.000000000,BEST_ASK,"JPM,99752,100"
2019-06-28 12:01:40.000000000,BEST_BID,"JPM,99677,271"
2019-06-28 12:01:40.000000000,BEST_ASK,"JPM,99752,264"
2019-06-28 12:01:40.000000000,BEST_BID,"JPM,99677,271"
2019-06-28 12:01:40.000000000,BEST_ASK,"JPM,99752,264"
2019-06-28 12:01:45.929650160,QUERY_SPREAD,42
2019-06-28 12:01:45.929650160,BEST_BID,"JPM,99677,271"
2019-06-28 12:01:45.929650160,BEST_ASK,"JPM,99752,264"
2019-06-28 12:01:50.000000000,QUERY_SPREAD,1
2019-06-28 12:01:50.000000000,BEST_BID,"JPM,99677,435"
2019-06-28 12:01:50.000000000,BEST_ASK,"JPM,99752,100"
2019-06-28 12:01:50.000000000,BEST_BID,"JPM,99677,435"
2019-06-28 12:01:50.000000000,BEST_ASK,"JPM,99752,428"
2019-06-28 12:02:00.000000000,QUERY_SPREAD,1
2019-06-28 12:02:00.000000000,BEST_BID,"JPM,99677,173"
2019-06-28 12:02:00.000000000,BEST_ASK,"JPM,99752,100"
2019-06-28 12:02:00.000000000,BEST_BID,"JPM,99677,173"
2019-06-28 12:02:00.000000000,BEST_ASK,"JPM,99752,100"
2019-06-28 12:02:00.000000000,BEST_BID,"JPM,99677,173"
2019-06-28 12:02:00.000000000,BEST_ASK,"JPM,99752,100"
2019-06-28 12:02:00.000000000,BEST_BID,"JPM,99677,173"
2019-06-28 12:02:00.000000000,BEST_ASK,"JPM,99752,100"
2019-06-28 12:02:00.000000000,BEST_BID,"JPM,99677,173"
2019-06-28 12:02:00.000000000,BEST_ASK,"JPM,99752,100"
2019-06-28 12:02:00.000000000,BEST_BID,"JPM,99677,173"
2019-06-28 12:02:00.000000000,BEST_ASK,"JPM,99752,166"
2019-06-28 12:02:00.000000000,BEST_BID,"JPM,99677,173"
2019-06-28 12:02:00.000000000,BEST_ASK,"JPM,99752,166"
2019-06-28 12:02:00.000000000,BEST_BID,"JPM,99677,173"
2019-06-28 12:02:00.000000000,BEST_ASK,"JPM,99752,166"
2019-06-28 12:02:00.000000000,BEST_BID,"JPM,99677,173"
2019-06-28 12:02:00.000000000,BEST_ASK,"JPM,99752,166"
2019-06-28 12:02:00.000000000,BEST_BID,"JPM,99677,173"
2019-06-28 12:02:00.000000000,BEST_ASK,"JPM,99752,166"
2019-06-28 12:02:00.000000000,QUERY_SPREAD,77
2019-06-28 12:02:00.000000000,BEST_BID,"JPM,99677,169"
2019-06-28 12:02:00.000000000,BEST_ASK,"JPM,99752,166"
2019-06-28 12:02:00.000000000,LAST_TRADE,"4,$99677.0000"
2019-06-28 12:02:00.000000000,QUERY_SPREAD,78
2019-06-28 12:02:00.000000000,BEST_BID,"JPM,99677,161"
2019-06-28 12:02:00.000000000,BEST_ASK,"JPM,99752,166"
2019-06-28 12:02:00.000000000,LAST_TRADE,"8,$99677.0000"
2019-06-28 12:02:00.000000000,QUERY_SPREAD,79
2019-06-28 12:02:00.000000000,BEST_BID,"JPM,99677,160"
2019-06-28 12:02:00.000000000,BEST_ASK,"JPM,99752,166"
2019-06-28 12:02:00.000000000,LAST_TRADE,"1,$99677.0000"
2019-06-28 12:02:00.000000000,QUERY_SPREAD,80
2019-06-28 12:02:00.000000000,BEST_BID,"JPM,99677,155"
2019-06-28 12:02:00.000000000,BEST_ASK,"JPM,99752,166"
2019-06-28 12:02:00.000000000,LAST_TRADE,"5,$99677.0000"
2019-06-28 12:02:00.000000000,QUERY_SPREAD,81
2019-06-28 12:02:00.000000000,BEST_BID,"JPM,99677,150"
2019-06-28 12:02:00.000000000,BEST_ASK,"JPM,99752,166"
2019-06-28 12:02:00.000000000,LAST_TRADE,"5,$99677.0000"
2019-06-28 12:02:00.000000000,QUERY_SPREAD,82
2019-06-28 12:02:00.000000000,BEST_BID,"JPM,99677,144"
2019-06-28 12:02:00.000000000,BEST_ASK,"JPM,99752,166"
2019-06-28 12:02:00.000000000,LAST_TRADE,"6,$99677.0000"
2019-06-28 12:02:00.000000000,QUERY_SPREAD,83
2019-06-28 12:02:00.000000000,BEST_BID,"JPM,99677,140"
2019-06-28 12:02:00.000000000,BEST_ASK,"JPM,99752,166"
2019-06-28 12:02:00.000000000,LAST_TRADE,"4,$99677.0000"
2019-06-28 12:02:00.000000000,QUERY_SPREAD,84
2019-06-28 12:02:00.000000000,BEST_BID,"JPM,99677,135"
2019-06-28 12:02:00.000000000,BEST_ASK,"JPM,99752,166"
2019-06-28 12:02:00.000000000,LAST_TRADE,"5,$99677.0000"
2019-06-28 12:02:00.000000000,QUERY_SPREAD,85
2019-06-28 12:02:00.000000000,BEST_BID,"JPM,99677,130"
2019-06-28 12:02:00.000000000,BEST_ASK,"JPM,99752,166"
2019-06-28 12:02:00.000000000,LAST_TRADE,"5,$99677.0000"
2019-06-28 12:02:00.000000000,QUERY_SPREAD,86
2019-06-28 12:02:00.000000000,BEST_BID,"JPM,99677,121"
2019-06-28 12:02:00.000000000,BEST_ASK,"JPM,99752,166"
2019-06-28 12:02:00.000000000,LAST_TRADE,"9,$99677.0000"
2019-06-28 12:02:00.000000000,QUERY_SPREAD,87
2019-06-28 12:02:00.000000000,BEST_BID,"JPM,99677,119"
2019-06-28 12:02:00.000000000,BEST_ASK,"JPM,99752,166"
2019-06-28 12:02:00.000000000,LAST_TRADE,"2,$99677.0000"
2019-06-28 12:02:00.000000000,QUERY_SPREAD,88
2019-06-28 12:02:00.000000000,BEST_BID,"JPM,99677,111"
2019-06-28 12:02:00.000000000,BEST_ASK,"JPM,99752,166"
2019-06-28 12:02:00.000000000,LAST_TRADE,"8,$99677.0000"
2019-06-28 12:02:00.000000000,QUERY_SPREAD,89
2019-06-28 12:02:00.000000000,BEST_BID,"JPM,99677,104"
2019-06-28 12:02:00.000000000,BEST_ASK,"JPM,99752,166"
2019-06-28 12:02:00.000000000,LAST_TRADE,"7,$99677.0000"
2019-06-28 12:02:00.000000000,QUERY_SPREAD,90
2019-06-28 12:02:00.000000000,BEST_BID,"JPM,99677,98"
2019-06-28 12:02:00.000000000,BEST_ASK,"JPM,99752,166"
2019-06-28 12:02:00.000000000,LAST_TRADE,"6,$99677.0000"
2019-06-28 12:02:00.000000000,QUERY_SPREAD,91
2019-06-28 12:02:00.000000000,BEST_BID,"JPM,99677,93"
2019-06-28 12:02:00.000000000,BEST_ASK,"JPM,99752,166"
2019-06-28 12:02:00.000000000,LAST_TRADE,"5,$99677.0000"
2019-06-28 12:02:00.000000000,QUERY_SPREAD,92
2019-06-28 12:02:00.000000000,BEST_BID,"JPM,99677,92"
2019-06-28 12:02:00.000000000,BEST_ASK,"JPM,99752,166"
2019-06-28 12:02:00.000000000,LAST_TRADE,"1,$99677.0000"
2019-06-28 12:02:00.000000000,QUERY_SPREAD,93
2019-06-28 12:02:00.000000000,BEST_BID,"JPM,99677,90"
2019-06-28 12:02:00.000000000,BEST_ASK,"JPM,99752,166"
2019-06-28 12:02:00.000000000,LAST_TRADE,"2,$99677.0000"
2019-06-28 12:02:00.000000000,QUERY_SPREAD,94
2019-06-28 12:02:00.000000000,BEST_BID,"JPM,99677,88"
2019-06-28 12:02:00.000000000,BEST_ASK,"JPM,99752,166"
2019-06-28 12:02:00.000000000,LAST_TRADE,"2,$99677.0000"
2019-06-28 12:02:00.000000000,QUERY_SPREAD,95
2019-06-28 12:02:00.000000000,BEST_BID,"JPM,99677,81"
2019-06-28 12:02:00.000000000,BEST_ASK,"JPM,99752,166"
2019-06-28 12:02:00.000000000,LAST_TRADE,"7,$99677.0000"
2019-06-28 12:02:00.000000000,QUERY_SPREAD,96
2019-06-28 12:02:00.000000000,BEST_BID,"JPM,99677,74"
2019-06-28 12:02:00.000000000,BEST_ASK,"JPM,99752,166"
2019-06-28 12:02:00.000000000,LAST_TRADE,"7,$99677.0000"
2019-06-28 12:02:00.000000000,QUERY_SPREAD,97
2019-06-28 12:02:00.000000000,BEST_BID,"JPM,99677,68"
2019-06-28 12:02:00.000000000,BEST_ASK,"JPM,99752,166"
2019-06-28 12:02:00.000000000,LAST_TRADE,"6,$99677.0000"
2019-06-28 12:02:00.000000000,QUERY_SPREAD,98
2019-06-28 12:02:00.000000000,BEST_BID,"JPM,99677,64"
2019-06-28 12:02:00.000000000,BEST_ASK,"JPM,99752,166"
2019-06-28 12:02:00.000000000,LAST_TRADE,"4,$99677.0000"
2019-06-28 12:02:00.000000000,QUERY_SPREAD,99
2019-06-28 12:02:00.000000000,BEST_BID,"JPM,99677,62"
2019-06-28 12:02:00.000000000,BEST_ASK,"JPM,99752,166"
2019-06-28 12:02:00.000000000,LAST_TRADE,"2,$99677.0000"
2019-06-28 12:02:00.000000000,QUERY_SPREAD,100
2019-06-28 12:02:00.000000000,BEST_BID,"JPM,99677,56"
2019-06-28 12:02:00.000000000,BEST_ASK,"JPM,99752,166"
2019-06-28 12:02:00.000000000,LAST_TRADE,"6,$99677.0000"
2019-06-28 12:02:00.000000000,QUERY_SPREAD,101
2019-06-28 12:02:00.000000000,QUERY_ORDER_STREAM,101
2019-06-28 12:02:00.000000000,BEST_BID,"JPM,99677,64"
2019-06-28 12:02:00.000000000,BEST_ASK,"JPM,99752,166"
2019-06-28 12:02:10.000000000,QUERY_SPREAD,1
2019-06-28 12:02:10.000000000,BEST_BID,"JPM,99677,172"
2019-06-28 12:02:10.000000000,BEST_ASK,"JPM,99752,100"
2019-06-28 12:02:10.000000000,BEST_BID,"JPM,99677,172"
2019-06-28 12:02:10.000000000,BEST_ASK,"JPM,99752,100"
2019-06-28 12:02:10.000000000,BEST_BID,"JPM,99677,172"
2019-06-28 12:02:10.000000000,BEST_ASK,"JPM,99752,264"
2019-06-28 12:02:10.000000000,BEST_BID,"JPM,99677,172"
2019-06-28 12:02:10.000000000,BEST_ASK,"JPM,99752,264"
2019-06-28 12:02:16.497968631,QUERY_SPREAD,11
2019-06-28 12:02:16.497968631,BEST_BID,"JPM,99739,100"
2019-06-28 12:02:16.497968631,BEST_ASK,"JPM,99752,264"
2019-06-28 12:02:20.000000000,QUERY_SPREAD,1
2019-06-28 12:02:20.000000000,BEST_BID,"JPM,99739,428"
2019-06-28 12:02:20.000000000,BEST_ASK,"JPM,99752,100"
2019-06-28 12:02:20.000000000,BEST_BID,"JPM,99739,428"
2019-06-28 12:02:20.000000000,BEST_ASK,"JPM,99752,428"
2019-06-28 12:02:23.914217897,QUERY_SPREAD,32
2019-06-28 12:02:23.914217897,BEST_BID,"JPM,99739,428"
2019-06-28 12:02:23.914217897,BEST_ASK,"JPM,99752,428"
2019-06-28 12:02:30.000000000,QUERY_SPREAD,1
2019-06-28 12:02:30.000000000,BEST_BID,"JPM,99739,428"
2019-06-28 12:02:30.000000000,BEST_ASK,"JPM,99752,100"
2019-06-28 12:02:30.000000000,BEST_BID,"JPM,99739,428"
2019-06-28 12:02:30.000000000,BEST_ASK,"JPM,99752,428"
2019-06-28 12:02:30.586303077,QUERY_ORDER_STREAM,67
2019-06-28 12:02:30.586303077,QUERY_SPREAD,67
2019-06-28 12:02:30.586303077,BEST_BID,"JPM,99739,428"
2019-06-28 12:02:30.586303077,BEST_ASK,"JPM,99752,428"
2019-06-28 12:02:31.926828740,QUERY_ORDER_STREAM,63
2019-06-28 12:02:31.926828740,QUERY_SPREAD,63
2019-06-28 12:02:40.000000000,QUERY_SPREAD,1
2019-06-28 12:02:40.000000000,BEST_BID,"JPM,99739,212"
2019-06-28 12:02:40.000000000,BEST_ASK,"JPM,99752,100"
2019-06-28 12:02:40.000000000,BEST_BID,"JPM,99739,212"
2019-06-28 12:02:40.000000000,BEST_ASK,"JPM,99752,100"
2019-06-28 12:02:40.000000000,BEST_BID,"JPM,99739,212"
2019-06-28 12:02:40.000000000,BEST_ASK,"JPM,99752,100"
2019-06-28 12:02:40.000000000,BEST_BID,"JPM,99739,212"
2019-06-28 12:02:40.000000000,BEST_ASK,"JPM,99752,212"
2019-06-28 12:02:40.000000000,BEST_BID,"JPM,99739,212"
2019-06-28 12:02:40.000000000,BEST_ASK,"JPM,99752,212"
2019-06-28 12:02:40.000000000,BEST_BID,"JPM,99739,212"
2019-06-28 12:02:40.000000000,BEST_ASK,"JPM,99752,212"
2019-06-28 12:02:50.000000000,QUERY_SPREAD,1
2019-06-28 12:02:50.000000000,BEST_BID,"JPM,99739,264"
2019-06-28 12:02:50.000000000,BEST_ASK,"JPM,99752,100"
2019-06-28 12:02:50.000000000,BEST_BID,"JPM,99739,264"
2019-06-28 12:02:50.000000000,BEST_ASK,"JPM,99752,100"
2019-06-28 12:02:50.000000000,BEST_BID,"JPM,99739,264"
2019-06-28 12:02:50.000000000,BEST_ASK,"JPM,99752,264"
2019-06-28 12:02:50.000000000,BEST_BID,"JPM,99739,264"
2019-06-28 12:02:50.000000000,BEST_ASK,"JPM,99752,264"
2019-06-28 12:03:00.000000000,QUERY_SPREAD,1
2019-06-28 12:03:00.000000000,BEST_BID,"JPM,99739,428"
2019-06-28 12:03:00.000000000,BEST_ASK,"JPM,99752,100"
2019-06-28 12:03:00.000000000,BEST_BID,"JPM,99739,428"
2019-06-28 12:03:00.000000000,BEST_ASK,"JPM,99752,428"
2019-06-28 12:03:00.000000000,QUERY_SPREAD,77
2019-06-28 12:03:00.000000000,BEST_BID,"JPM,99739,424"
2019-06-28 12:03:00.000000000,BEST_ASK,"JPM,99752,428"
2019-06-28 12:03:00.000000000,LAST_TRADE,"4,$99739.0000"
2019-06-28 12:03:00.000000000,QUERY_SPREAD,78
2019-06-28 12:03:00.000000000,BEST_BID,"JPM,99739,416"
2019-06-28 12:03:00.000000000,BEST_ASK,"JPM,99752,428"
2019-06-28 12:03:00.000000000,LAST_TRADE,"8,$99739.0000"
2019-06-28 12:03:00.000000000,QUERY_SPREAD,79
2019-06-28 12:03:00.000000000,BEST_BID,"JPM,99739,415"
2019-06-28 12:03:00.000000000,BEST_ASK,"JPM,99752,428"
2019-06-28 12:03:00.000000000,LAST_TRADE,"1,$99739.0000"
2019-06-28 12:03:00.000000000,QUERY_SPREAD,80
2019-06-28 12:03:00.000000000,BEST_BID,"JPM,99739,410"
2019-06-28 12:03:00.000000000,BEST_ASK,"JPM,99752,428"
2019-06-28 12:03:00.000000000,LAST_TRADE,"5,$99739.0000"
2019-06-28 12:03:00.000000000,QUERY_SPREAD,81
2019-06-28 12:03:00.000000000,BEST_BID,"JPM,99739,405"
2019-06-28 12:03:00.000000000,BEST_ASK,"JPM,99752,428"
2019-06-28 12:03:00.000000000,LAST_TRADE,"5,$99739.0000"
2019-06-28 12:03:00.000000000,QUERY_SPREAD,82
2019-06-28 12:03:00.000000000,BEST_BID,"JPM,99739,399"
2019-06-28 12:03:00.000000000,BEST_ASK,"JPM,99752,428"
2019-06-28 12:03:00.000000000,LAST_TRADE,"6,$99739.0000"
2019-06-28 12:03:00.000000000,QUERY_SPREAD,83
2019-06-28 12:03:00.000000000,BEST_BID,"JPM,99739,395"
2019-06-28 12:03:00.000000000,BEST_ASK,"JPM,99752,428"
2019-06-28 12:03:00.000000000,LAST_TRADE,"4,$99739.0000"
2019-06-28 12:03:00.000000000,QUERY_SPREAD,84
2019-06-28 12:03:00.000000000,BEST_BID,"JPM,99739,390"
2019-06-28 12:03:00.000000000,BEST_ASK,"JPM,99752,428"
2019-06-28 12:03:00.000000000,LAST_TRADE,"5,$99739.0000"
2019-06-28 12:03:00.000000000,QUERY_SPREAD,85
2019-06-28 12:03:00.000000000,BEST_BID,"JPM,99739,385"
2019-06-28 12:03:00.000000000,BEST_ASK,"JPM,99752,428"
2019-06-28 12:03:00.000000000,LAST_TRADE,"5,$99739.0000"
2019-06-28 12:03:00.000000000,QUERY_SPREAD,86
2019-06-28 12:03:00.000000000,BEST_BID,"JPM,99739,376"
2019-06-28 12:03:00.000000000,BEST_ASK,"JPM,99752,428"
2019-06-28 12:03:00.000000000,LAST_TRADE,"9,$99739.0000"
2019-06-28 12:03:00.000000000,QUERY_SPREAD,87
2019-06-28 12:03:00.000000000,BEST_BID,"JPM,99739,374"
2019-06-28 12:03:00.000000000,BEST_ASK,"JPM,99752,428"
2019-06-28 12:03:00.000000000,LAST_TRADE,"2,$99739.0000"
2019-06-28 12:03:00.000000000,QUERY_SPREAD,88
2019-06-28 12:03:00.000000000,BEST_BID,"JPM,99739,366"
2019-06-28 12:03:00.000000000,BEST_ASK,"JPM,99752,428"
2019-06-28 12:03:00.000000000,LAST_TRADE,"8,$99739.0000"
2019-06-28 12:03:00.000000000,QUERY_SPREAD,89
2019-06-28 12:03:00.000000000,BEST_BID,"JPM,99739,359"
2019-06-28 12:03:00.000000000,BEST_ASK,"JPM,99752,428"
2019-06-28 12:03:00.000000000,LAST_TRADE,"7,$99739.0000"
2019-06-28 12:03:00.000000000,QUERY_SPREAD,90
2019-06-28 12:03:00.000000000,BEST_BID,"JPM,99739,353"
2019-06-28 12:03:00.000000000,BEST_ASK,"JPM,99752,428"
2019-06-28 12:03:00.000000000,LAST_TRADE,"6,$99739.0000"
2019-06-28 12:03:00.000000000,QUERY_SPREAD,91
2019-06-28 12:03:00.000000000,BEST_BID,"JPM,99739,348"
2019-06-28 12:03:00.000000000,BEST_ASK,"JPM,99752,428"
2019-06-28 12:03:00.000000000,LAST_TRADE,"5,$99739.0000"
2019-06-28 12:03:00.000000000,QUERY_SPREAD,92
2019-06-28 12:03:00.000000000,BEST_BID,"JPM,99739,347"
2019-06-28 12:03:00.000000000,BEST_ASK,"JPM,99752,428"
2019-06-28 12:03:00.000000000,LAST_TRADE,"1,$99739.0000"
2019-06-28 12:03:00.000000000,QUERY_SPREAD,93
2019-06-28 12:03:00.000000000,BEST_BID,"JPM,99739,345"
2019-06-28 12:03:00.000000000,BEST_ASK,"JPM,99752,428"
2019-06-28 12:03:00.000000000,LAST_TRADE,"2,$99739.0000"
2019-06-28 12:03:00.000000000,QUERY_SPREAD,94
2019-06-28 12:03:00.000000000,BEST_BID,"JPM,99739,343"
2019-06-28 12:03:00.000000000,BEST_ASK,"JPM,99752,428"
2019-06-28 12:03:00.000000000,LAST_TRADE,"2,$99739.0000"
2019-06-28 12:03:00.000000000,QUERY_SPREAD,95
2019-06-28 12:03:00.000000000,BEST_BID,"JPM,99739,336"
2019-06-28 12:03:00.000000000,BEST_ASK,"JPM,99752,428"
2019-06-28 12:03:00.000000000,LAST_TRADE,"7,$99739.0000"
2019-06-28 12:03:00.000000000,QUERY_SPREAD,96
2019-06-28 12:03:00.000000000,BEST_BID,"JPM,99739,329"
2019-06-28 12:03:00.000000000,BEST_ASK,"JPM,99752,428"
2019-06-28 12:03:00.000000000,LAST_TRADE,"7,$99739.0000"
2019-06-28 12:03:00.000000000,QUERY_SPREAD,97
2019-06-28 12:03:00.000000000,BEST_BID,"JPM,99739,323"
2019-06-28 12:03:00.000000000,BEST_ASK,"JPM,99752,428"
2019-06-28 12:03:00.000000000,LAST_TRADE,"6,$99739.0000"
2019-06-28 12:03:00.000000000,QUERY_SPREAD,98
2019-06-28 12:03:00.000000000,BEST_BID,"JPM,99739,319"
2019-06-28 12:03:00.000000000,BEST_ASK,"JPM,99752,428"
2019-06-28 12:03:00.000000000,LAST_TRADE,"4,$99739.0000"
2019-06-28 12:03:00.000000000,QUERY_SPREAD,99
2019-06-28 12:03:00.000000000,BEST_BID,"JPM,99739,317"
2019-06-28 12:03:00.000000000,BEST_ASK,"JPM,99752,428"
2019-06-28 12:03:00.000000000,LAST_TRADE,"2,$99739.0000"
2019-06-28 12:03:00.000000000,QUERY_SPREAD,100
2019-06-28 12:03:00.000000000,BEST_BID,"JPM,99739,311"
2019-06-28 12:03:00.000000000,BEST_ASK,"JPM,99752,428"
2019-06-28 12:03:00.000000000,LAST_TRADE,"6,$99739.0000"
2019-06-28 12:03:00.000000000,QUERY_SPREAD,101
2019-06-28 12:03:00.000000000,QUERY_ORDER_STREAM,101
2019-06-28 12:03:00.000000000,BEST_BID,"JPM,99739,319"
2019-06-28 12:03:00.000000000,BEST_ASK,"JPM,99752,428"
2019-06-28 12:03:10.000000000,QUERY_SPREAD,1
2019-06-28 12:03:10.000000000,BEST_BID,"JPM,99739,336"
2019-06-28 12:03:10.000000000,BEST_ASK,"JPM,99752,100"
2019-06-28 12:03:10.000000000,BEST_BID,"JPM,99739,336"
2019-06-28 12:03:10.000000000,BEST_ASK,"JPM,99752,428"
2019-06-28 12:03:20.000000000,QUERY_SPREAD,1
2019-06-28 12:03:20.000000000,BEST_BID,"JPM,99739,172"
2019-06-28 12:03:20.000000000,BEST_ASK,"JPM,99752,100"
2019-06-28 12:03:20.000000000,BEST_BID,"JPM,99739,172"
2019-06-28 12:03:20.000000000,BEST_ASK,"JPM,99752,100"
2019-06-28 12:03:20.000000000,BEST_BID,"JPM,99739,172"
2019-06-28 12:03:20.000000000,BEST_ASK,"JPM,99752,264"
2019-06-28 12:03:20.000000000,BEST_BID,"JPM,99739,172"
2019-06-28 12:03:20.000000000,BEST_ASK,"JPM,99752,264"
2019-06-28 12:03:30.000000000,QUERY_SPREAD,1
2019-06-28 12:03:30.000000000,BEST_BID,"JPM,99739,172"
2019-06-28 12:03:30.000000000,BEST_ASK,"JPM,99752,100"
2019-06-28 12:03:30.000000000,BEST_BID,"JPM,99739,172"
2019-06-28 12:03:30.000000000,BEST_ASK,"JPM,99752,100"
2019-06-28 12:03:30.000000000,BEST_BID,"JPM,99739,172"
2019-06-28 12:03:30.000000000,BEST_ASK,"JPM,99752,264"
2019-06-28 12:03:30.000000000,BEST_BID,"JPM,99739,172"
2019-06-28 12:03:30.000000000,BEST_ASK,"JPM,99752,264"
2019-06-28 12:03:40.000000000,QUERY_SPREAD,1
2019-06-28 12:03:40.000000000,BEST_BID,"JPM,99739,74"
2019-06-28 12:03:40.000000000,BEST_ASK,"JPM,99752,100"
2019-06-28 12:03:40.000000000,BEST_BID,"JPM,99739,74"
2019-06-28 12:03:40.000000000,BEST_ASK,"JPM,99752,100"
2019-06-28 12:03:40.000000000,BEST_BID,"JPM,99739,74"
2019-06-28 12:03:40.000000000,BEST_ASK,"JPM,99752,100"
2019-06-28 12:03:40.000000000,BEST_BID,"JPM,99739,74"
2019-06-28 12:03:40.000000000,BEST_ASK,"JPM,99752,100"
2019-06-28 12:03:40.000000000,BEST_BID,"JPM,99739,74"
2019-06-28 12:03:40.000000000,BEST_ASK,"JPM,99752,100"
2019-06-28 12:03:40.000000000,BEST_BID,"JPM,99739,74"
2019-06-28 12:03:40.000000000,BEST_ASK,"JPM,99752,166"
2019-06-28 12:03:40.000000000,BEST_BID,"JPM,99739,74"
2019-06-28 12:03:40.000000000,BEST_ASK,"JPM,99752,166"
2019-06-28 12:03:40.000000000,BEST_BID,"JPM,99739,74"
2019-06-28 12:03:40.000000000,BEST_ASK,"JPM,99752,166"
2019-06-28 12:03:40.000000000,BEST_BID,"JPM,99739,74"
2019-06-28 12:03:40.000000000,BEST_ASK,"JPM,99752,166"
2019-06-28 12:03:40.000000000,BEST_BID,"JPM,99739,74"
2019-06-28 12:03:40.000000000,BEST_ASK,"JPM,99752,166"
2019-06-28 12:03:42.724489122,QUERY_SPREAD,34
2019-06-28 12:03:42.724489122,BEST_BID,"JPM,99739,74"
2019-06-28 12:03:42.724489122,BEST_ASK,"JPM,99752,166"
2019-06-28 12:03:49.793766680,QUERY_ORDER_STREAM,75
2019-06-28 12:03:49.793766680,QUERY_SPREAD,75
2019-06-28 12:03:49.793766680,BEST_BID,"JPM,99677,174"
2019-06-28 12:03:49.793766680,BEST_ASK,"JPM,99739,26"
2019-06-28 12:03:49.793766680,LAST_TRADE,"74,$99739.0000"
2019-06-28 12:03:50.000000000,QUERY_SPREAD,1
2019-06-28 12:03:50.000000000,BEST_BID,"JPM,99677,436"
2019-06-28 12:03:50.000000000,BEST_ASK,"JPM,99739,26"
2019-06-28 12:03:50.000000000,BEST_BID,"JPM,99677,436"
2019-06-28 12:03:50.000000000,BEST_ASK,"JPM,99739,354"
2019-06-28 12:03:56.074286574,QUERY_ORDER_STREAM,66
2019-06-28 12:03:56.074286574,QUERY_SPREAD,66
2019-06-28 12:03:56.074286574,BEST_BID,"JPM,99677,436"
2019-06-28 12:03:56.074286574,BEST_ASK,"JPM,99739,454"
2019-06-28 12:03:58.526302558,QUERY_ORDER_STREAM,56
2019-06-28 12:03:58.526302558,QUERY_SPREAD,56
2019-06-28 12:04:00.000000000,QUERY_SPREAD,1
2019-06-28 12:04:00.000000000,BEST_BID,"JPM,99677,174"
2019-06-28 12:04:00.000000000,BEST_ASK,"JPM,99739,126"
2019-06-28 12:04:00.000000000,BEST_BID,"JPM,99677,174"
2019-06-28 12:04:00.000000000,BEST_ASK,"JPM,99739,126"
2019-06-28 12:04:00.000000000,BEST_BID,"JPM,99677,174"
2019-06-28 12:04:00.000000000,BEST_ASK,"JPM,99739,126"
2019-06-28 12:04:00.000000000,BEST_BID,"JPM,99677,174"
2019-06-28 12:04:00.000000000,BEST_ASK,"JPM,99739,126"
2019-06-28 12:04:00.000000000,BEST_BID,"JPM,99677,174"
2019-06-28 12:04:00.000000000,BEST_ASK,"JPM,99739,126"
2019-06-28 12:04:00.000000000,BEST_BID,"JPM,99677,174"
2019-06-28 12:04:00.000000000,BEST_ASK,"JPM,99739,192"
2019-06-28 12:04:00.000000000,BEST_BID,"JPM,99677,174"
2019-06-28 12:04:00.000000000,BEST_ASK,"JPM,99739,192"
2019-06-28 12:04:00.000000000,BEST_BID,"JPM,99677,174"
2019-06-28 12:04:00.000000000,BEST_ASK,"JPM,99739,192"
2019-06-28 12:04:00.000000000,BEST_BID,"JPM,99677,174"
2019-06-28 12:04:00.000000000,BEST_ASK,"JPM,99739,192"
2019-06-28 12:04:00.000000000,BEST_BID,"JPM,99677,174"
2019-06-28 12:04:00.000000000,BEST_ASK,"JPM,99739,192"
2019-06-28 12:04:00.000000000,QUERY_SPREAD,77
2019-06-28 12:04:00.000000000,BEST_BID,"JPM,99677,170"
2019-06-28 12:04:00.000000000,BEST_ASK,"JPM,99739,192"
2019-06-28 12:04:00.000000000,LAST_TRADE,"4,$99677.0000"
2019-06-28 12:04:00.000000000,QUERY_SPREAD,78
2019-06-28 12:04:00.000000000,BEST_BID,"JPM,99677,162"
2019-06-28 12:04:00.000000000,BEST_ASK,"JPM,99739,192"
2019-06-28 12:04:00.000000000,LAST_TRADE,"8,$99677.0000"
2019-06-28 12:04:00.000000000,QUERY_SPREAD,79
2019-06-28 12:04:00.000000000,BEST_BID,"JPM,99677,161"
2019-06-28 12:04:00.000000000,BEST_ASK,"JPM,99739,192"
2019-06-28 12:04:00.000000000,LAST_TRADE,"1,$99677.0000"
2019-06-28 12:04:00.000000000,QUERY_SPREAD,80
2019-06-28 12:04:00.000000000,BEST_BID,"JPM,99677,156"
2019-06-28 12:04:00.000000000,BEST_ASK,"JPM,99739,192"
2019-06-28 12:04:00.000000000,LAST_TRADE,"5,$99677.0000"
2019-06-28 12:04:00.000000000,QUERY_SPREAD,81
2019-06-28 12:04:00.000000000,BEST_BID,"JPM,99677,151"
2019-06-28 12:04:00.000000000,BEST_ASK,"JPM,99739,192"
2019-06-28 12:04:00.000000000,LAST_TRADE,"5,$99677.0000"
2019-06-28 12:04:00.000000000,QUERY_SPREAD,82
2019-06-28 12:04:00.000000000,BEST_BID,"JPM,99677,145"
2019-06-28 12:04:00.000000000,BEST_ASK,"JPM,99739,192"
2019-06-28 12:04:00.000000000,LAST_TRADE,"6,$99677.0000"
2019-06-28 12:04:00.000000000,QUERY_SPREAD,83
2019-06-28 12:04:00.000000000,BEST_BID,"JPM,99677,141"
2019-06-28 12:04:00.000000000,BEST_ASK,"JPM,99739,192"
2019-06-28 12:04:00.000000000,LAST_TRADE,"4,$99677.0000"
2019-06-28 12:04:00.000000000,QUERY_SPREAD,84
2019-06-28 12:04:00.000000000,BEST_BID,"JPM,99677,136"
2019-06-28 12:04:00.000000000,BEST_ASK,"JPM,99739,192"
2019-06-28 12:04:00.000000000,LAST_TRADE,"5,$99677.0000"
2019-06-28 12:04:00.000000000,QUERY_SPREAD,85
2019-06-28 12:04:00.000000000,BEST_BID,"JPM,99677,131"
2019-06-28 12:04:00.000000000,BEST_ASK,"JPM,99739,192"
2019-06-28 12:04:00.000000000,LAST_TRADE,"5,$99677.0000"
2019-06-28 12:04:00.000000000,QUERY_SPREAD,86
2019-06-28 12:04:00.000000000,BEST_BID,"JPM,99677,122"
2019-06-28 12:04:00.000000000,BEST_ASK,"JPM,99739,192"
2019-06-28 12:04:00.000000000,LAST_TRADE,"9,$99677.0000"
2019-06-28 12:04:00.000000000,QUERY_SPREAD,87
2019-06-28 12:04:00.000000000,BEST_BID,"JPM,99677,120"
2019-06-28 12:04:00.000000000,BEST_ASK,"JPM,99739,192"
2019-06-28 12:04:00.000000000,LAST_TRADE,"2,$99677.0000"
2019-06-28 12:04:00.000000000,QUERY_SPREAD,88
2019-06-28 12:04:00.000000000,BEST_BID,"JPM,99677,112"
2019-06-28 12:04:00.000000000,BEST_ASK,"JPM,99739,192"
2019-06-28 12:04:00.000000000,LAST_TRADE,"8,$99677.0000"
2019-06-28 12:04:00.000000000,QUERY_SPREAD,89
2019-06-28 12:04:00.000000000,BEST_BID,"JPM,99677,105"
2019-06-28 12:04:00.000000000,BEST_ASK,"JPM,99739,192"
2019-06-28 12:04:00.000000000,LAST_TRADE,"7,$99677.0000"
2019-06-28 12:04:00.000000000,QUERY_SPREAD,90
2019-06-28 12:04:00.000000000,BEST_BID,"JPM,99677,99"
2019-06-28 12:04:00.000000000,BEST_ASK,"JPM,99739,192"
2019-06-28 12:04:00.000000000,LAST_TRADE,"6,$99677.0000"
2019-06-28 12:04:00.000000000,QUERY_SPREAD,91
2019-06-28 12:04:00.000000000,BEST_BID,"JPM,99677,94"
2019-06-28 12:04:00.000000000,BEST_ASK,"JPM,99739,192"
2019-06-28 12:04:00.000000000,LAST_TRADE,"5,$99677.0000"
2019-06-28 12:04:00.000000000,QUERY_SPREAD,92
2019-06-28 12:04:00.000000000,BEST_BID,"JPM,99677,93"
2019-06-28 12:04:00.000000000,BEST_ASK,"JPM,99739,192"
2019-06-28 12:04:00.000000000,LAST_TRADE,"1,$99677.0000"
2019-06-28 12:04:00.000000000,QUERY_SPREAD,93
2019-06-28 12:04:00.000000000,BEST_BID,"JPM,99677,91"
2019-06-28 12:04:00.000000000,BEST_ASK,"JPM,99739,192"
2019-06-28 12:04:00.000000000,LAST_TRADE,"2,$99677.0000"
2019-06-28 12:04:00.000000000,QUERY_SPREAD,94
2019-06-28 12:04:00.000000000,BEST_BID,"JPM,99677,89"
2019-06-28 12:04:00.000000000,BEST_ASK,"JPM,99739,192"
2019-06-28 12:04:00.000000000,LAST_TRADE,"2,$99677.0000"
2019-06-28 12:04:00.000000000,QUERY_SPREAD,95
2019-06-28 12:04:00.000000000,BEST_BID,"JPM,99677,82"
2019-06-28 12:04:00.000000000,BEST_ASK,"JPM,99739,192"
2019-06-28 12:04:00.000000000,LAST_TRADE,"7,$99677.0000"
2019-06-28 12:04:00.000000000,QUERY_SPREAD,96
2019-06-28 12:04:00.000000000,BEST_BID,"JPM,99677,75"
2019-06-28 12:04:00.000000000,BEST_ASK,"JPM,99739,192"
2019-06-28 12:04:00.000000000,LAST_TRADE,"7,$99677.0000"
2019-06-28 12:04:00.000000000,QUERY_SPREAD,97
2019-06-28 12:04:00.000000000,BEST_BID,"JPM,99677,69"
2019-06-28 12:04:00.000000000,BEST_ASK,"JPM,99739,192"
2019-06-28 12:04:00.000000000,LAST_TRADE,"6,$99677.0000"
2019-06-28 12:04:00.000000000,QUERY_SPREAD,98
2019-06-28 12:04:00.000000000,BEST_BID,"JPM,99677,65"
2019-06-28 12:04:00.000000000,BEST_ASK,"JPM,99739,192"
2019-06-28 12:04:00.000000000,LAST_TRADE,"4,$99677.0000"
2019-06-28 12:04:00.000000000,QUERY_SPREAD,99
2019-06-28 12:04:00.000000000,BEST_BID,"JPM,99677,63"
2019-06-28 12:04:00.000000000,BEST_ASK,"JPM,99739,192"
2019-06-28 12:04:00.000000000,LAST_TRADE,"2,$99677.0000"
2019-06-28 12:04:00.000000000,QUERY_SPREAD,100
2019-06-28 12:04:00.000000000,BEST_BID,"JPM,99677,57"
2019-06-28 12:04:00.000000000,BEST_ASK,"JPM,99739,192"
2019-06-28 12:04:00.000000000,LAST_TRADE,"6,$99677.0000"
2019-06-28 12:04:00.000000000,QUERY_SPREAD,101
2019-06-28 12:04:00.000000000,QUERY_ORDER_STREAM,101
2019-06-28 12:04:00.000000000,BEST_BID,"JPM,99677,65"
2019-06-28 12:04:00.000000000,BEST_ASK,"JPM,99739,192"
2019-06-28 12:04:08.881683705,QUERY_SPREAD,27
2019-06-28 12:04:08.881683705,BEST_BID,"JPM,99677,65"
2019-06-28 12:04:08.881683705,BEST_ASK,"JPM,99739,192"
2019-06-28 12:04:10.000000000,QUERY_SPREAD,1
2019-06-28 12:04:10.000000000,BEST_BID,"JPM,99677,90"
2019-06-28 12:04:10.000000000,BEST_ASK,"JPM,99739,126"
2019-06-28 12:04:10.000000000,BEST_BID,"JPM,99677,90"
2019-06-28 12:04:10.000000000,BEST_ASK,"JPM,99739,126"
2019-06-28 12:04:10.000000000,BEST_BID,"JPM,99677,90"
2019-06-28 12:04:10.000000000,BEST_ASK,"JPM,99739,126"
2019-06-28 12:04:10.000000000,BEST_BID,"JPM,99677,90"
2019-06-28 12:04:10.000000000,BEST_ASK,"JPM,99739,126"
2019-06-28 12:04:10.000000000,BEST_BID,"JPM,99677,90"
2019-06-28 12:04:10.000000000,BEST_ASK,"JPM,99739,208"
2019-06-28 12:04:10.000000000,BEST_BID,"JPM,99677,90"
2019-06-28 12:04:10.000000000,BEST_ASK,"JPM,99739,208"
2019-06-28 12:04:10.000000000,BEST_BID,"JPM,99677,90"
2019-06-28 12:04:10.000000000,BEST_ASK,"JPM,99739,208"
2019-06-28 12:04:10.000000000,BEST_BID,"JPM,99677,90"
2019-06-28 12:04:10.000000000,BEST_ASK,"JPM,99739,208"
2019-06-28 12:04:19.723601283,QUERY_SPREAD,38
2019-06-28 12:04:19.723601283,BEST_BID,"JPM,99677,90"
2019-06-28 12:04:19.723601283,BEST_ASK,"JPM,99739,208"
2019-06-28 12:04:20.000000000,QUERY_SPREAD,1
2019-06-28 12:04:20.000000000,BEST_BID,"JPM,99677,90"
2019-06-28 12:04:20.000000000,BEST_ASK,"JPM,99739,126"
2019-06-28 12:04:20.000000000,BEST_BID,"JPM,99677,90"
2019-06-28 12:04:20.000000000,BEST_ASK,"JPM,99739,126"
2019-06-28 12:04:20.000000000,BEST_BID,"JPM,99677,90"
2019-06-28 12:04:20.000000000,BEST_ASK,"JPM,99739,126"
2019-06-28 12:04:20.000000000,BEST_BID,"JPM,99677,90"
2019-06-28 12:04:20.000000000,BEST_ASK,"JPM,99739,126"
2019-06-28 12:04:20.000000000,BEST_BID,"JPM,99677,90"
2019-06-28 12:04:20.000000000,BEST_ASK,"JPM,99739,208"
2019-06-28 12:04:20.000000000,BEST_BID,"JPM,99677,90"
2019-06-28 12:04:20.000000000,BEST_ASK,"JPM,99739,208"
2019-06-28 12:04:20.000000000,BEST_BID,"JPM,99677,90"
2019-06-28 12:04:20.000000000,BEST_ASK,"JPM,99739,208"
2019-06-28 12:04:20.000000000,BEST_BID,"JPM,99677,90"
2019-06-28 12:04:20.000000000,BEST_ASK,"JPM,99739,208"
2019-06-28 12:04:20.185034701,QUERY_SPREAD,34
2019-06-28 12:04:20.185034701,BEST_BID,"JPM,99677,90"
2019-06-28 12:04:20.185034701,BEST_ASK,"JPM,99739,208"
2019-06-28 12:04:21.755077257,QUERY_ORDER_STREAM,65
2019-06-28 12:04:21.755077257,QUERY_SPREAD,65
2019-06-28 12:04:21.755077257,BEST_BID,"JPM,99652,182"
2019-06-28 12:04:21.755077257,BEST_ASK,"JPM,99677,10"
2019-06-28 12:04:21.755077257,LAST_TRADE,"90,$99677.0000"
2019-06-28 12:04:22.152037344,QUERY_SPREAD,28
2019-06-28 12:04:22.152037344,BEST_BID,"JPM,99652,182"
2019-06-28 12:04:22.152037344,BEST_ASK,"JPM,99677,10"
2019-06-28 12:04:24.829774041,QUERY_SPREAD,45
2019-06-28 12:04:24.829774041,BEST_BID,"JPM,99652,182"
2019-06-28 12:04:24.829774041,BEST_ASK,"JPM,99677,10"
2019-06-28 12:04:30.000000000,QUERY_SPREAD,1
2019-06-28 12:04:30.000000000,BEST_BID,"JPM,99652,264"
2019-06-28 12:04:30.000000000,BEST_ASK,"JPM,99677,10"
2019-06-28 12:04:30.000000000,BEST_BID,"JPM,99652,264"
2019-06-28 12:04:30.000000000,BEST_ASK,"JPM,99677,10"
2019-06-28 12:04:30.000000000,BEST_BID,"JPM,99652,264"
2019-06-28 12:04:30.000000000,BEST_ASK,"JPM,99677,174"
2019-06-28 12:04:30.000000000,BEST_BID,"JPM,99652,264"
2019-06-28 12:04:30.000000000,BEST_ASK,"JPM,99677,174"
2019-06-28 12:04:40.000000000,QUERY_SPREAD,1
2019-06-28 12:04:40.000000000,BEST_BID,"JPM,99652,264"
2019-06-28 12:04:40.000000000,BEST_ASK,"JPM,99677,10"
2019-06-28 12:04:40.000000000,BEST_BID,"JPM,99652,264"
2019-06-28 12:04:40.000000000,BEST_ASK,"JPM,99677,10"
2019-06-28 12:04:40.000000000,BEST_BID,"JPM,99652,264"
2019-06-28 12:04:40.000000000,BEST_ASK,"JPM,99677,174"
2019-06-28 12:04:40.000000000,BEST_BID,"JPM,99652,264"
2019-06-28 12:04:40.000000000,BEST_ASK,"JPM,99677,174"
2019-06-28 12:04:47.370676735,QUERY_SPREAD,45
2019-06-28 12:04:47.370676735,BEST_BID,"JPM,99652,264"
2019-06-28 12:04:47.370676735,BEST_ASK,"JPM,99677,174"
2019-06-28 12:04:50.000000000,QUERY_SPREAD,1
2019-06-28 12:04:50.000000000,BEST_BID,"JPM,99652,212"
2019-06-28 12:04:50.000000000,BEST_ASK,"JPM,99677,10"
2019-06-28 12:04:50.000000000,BEST_BID,"JPM,99652,212"
2019-06-28 12:04:50.000000000,BEST_ASK,"JPM,99677,10"
2019-06-28 12:04:50.000000000,BEST_BID,"JPM,99652,212"
2019-06-28 12:04:50.000000000,BEST_ASK,"JPM,99677,10"
2019-06-28 12:04:50.000000000,BEST_BID,"JPM,99652,212"
2019-06-28 12:04:50.000000000,BEST_ASK,"JPM,99677,122"
2019-06-28 12:04:50.000000000,BEST_BID,"JPM,99652,212"
2019-06-28 12:04:50.000000000,BEST_ASK,"JPM,99677,122"
2019-06-28 12:04:50.000000000,BEST_BID,"JPM,99652,212"
2019-06-28 12:04:50.000000000,BEST_ASK,"JPM,99677,122"
2019-06-28 12:04:54.881264417,QUERY_ORDER_STREAM,74
2019-06-28 12:04:54.881264417,QUERY_SPREAD,74
2019-06-28 12:04:54.881264417,BEST_BID,"JPM,99652,212"
2019-06-28 12:04:54.881264417,BEST_ASK,"JPM,99677,222"
2019-06-28 12:05:00.000000000,QUERY_SPREAD,1
2019-06-28 12:05:00.000000000,BEST_BID,"JPM,99652,264"
2019-06-28 12:05:00.000000000,BEST_ASK,"JPM,99677,110"
2019-06-28 12:05:00.000000000,BEST_BID,"JPM,99652,264"
2019-06-28 12:05:00.000000000,BEST_ASK,"JPM,99677,110"
2019-06-28 12:05:00.000000000,BEST_BID,"JPM,99652,264"
2019-06-28 12:05:00.000000000,BEST_ASK,"JPM,99677,274"
2019-06-28 12:05:00.000000000,BEST_BID,"JPM,99652,264"
2019-06-28 12:05:00.000000000,BEST_ASK,"JPM,99677,274"
2019-06-28 12:05:00.000000000,QUERY_SPREAD,77
2019-06-28 12:05:00.000000000,BEST_BID,"JPM,99652,260"
2019-06-28 12:05:00.000000000,BEST_ASK,"JPM,99677,274"
2019-06-28 12:05:00.000000000,LAST_TRADE,"4,$99652.0000"
2019-06-28 12:05:00.000000000,QUERY_SPREAD,78
2019-06-28 12:05:00.000000000,BEST_BID,"JPM,99652,252"
2019-06-28 12:05:00.000000000,BEST_ASK,"JPM,99677,274"
2019-06-28 12:05:00.000000000,LAST_TRADE,"8,$99652.0000"
2019-06-28 12:05:00.000000000,QUERY_SPREAD,79
2019-06-28 12:05:00.000000000,BEST_BID,"JPM,99652,251"
2019-06-28 12:05:00.000000000,BEST_ASK,"JPM,99677,274"
2019-06-28 12:05:00.000000000,LAST_TRADE,"1,$99652.0000"
2019-06-28 12:05:00.000000000,QUERY_SPREAD,80
2019-06-28 12:05:00.000000000,BEST_BID,"JPM,99652,246"
2019-06-28 12:05:00.000000000,BEST_ASK,"JPM,99677,274"
2019-06-28 12:05:00.000000000,LAST_TRADE,"5,$99652.0000"
2019-06-28 12:05:00.000000000,QUERY_SPREAD,81
2019-06-28 12:05:00.000000000,BEST_BID,"JPM,99652,241"
2019-06-28 12:05:00.000000000,BEST_ASK,"JPM,99677,274"
2019-06-28 12:05:00.000000000,LAST_TRADE,"5,$99652.0000"
2019-06-28 12:05:00.000000000,QUERY_SPREAD,82
2019-06-28 12:05:00.000000000,BEST_BID,"JPM,99652,235"
2019-06-28 12:05:00.000000000,BEST_ASK,"JPM,99677,274"
2019-06-28 12:05:00.000000000,LAST_TRADE,"6,$99652.0000"
2019-06-28 12:05:00.000000000,QUERY_SPREAD,83
2019-06-28 12:05:00.000000000,BEST_BID,"JPM,99652,231"
2019-06-28 12:05:00.000000000,BEST_ASK,"JPM,99677,274"
2019-06-28 12:05:00.000000000,LAST_TRADE,"4,$99652.0000"
2019-06-28 12:05:00.000000000,QUERY_SPREAD,84
2019-06-28 12:05:00.000000000,BEST_BID,"JPM,99652,226"
2019-06-28 12:05:00.000000000,BEST_ASK,"JPM,99677,274"
2019-06-28 12:05:00.000000000,LAST_TRADE,"5,$99652.0000"
2019-06-28 12:05:00.000000000,QUERY_SPREAD,85
2019-06-28 12:05:00.000000000,BEST_BID,"JPM,99652,221"
2019-06-28 12:05:00.000000000,BEST_ASK,"JPM,99677,274"
2019-06-28 12:05:00.000000000,LAST_TRADE,"5,$99652.0000"
2019-06-28 12:05:00.000000000,QUERY_SPREAD,86
2019-06-28 12:05:00.000000000,BEST_BID,"JPM,99652,212"
2019-06-28 12:05:00.000000000,BEST_ASK,"JPM,99677,274"
2019-06-28 12:05:00.000000000,LAST_TRADE,"9,$99652.0000"
2019-06-28 12:05:00.000000000,QUERY_SPREAD,87
2019-06-28 12:05:00.000000000,BEST_BID,"JPM,99652,210"
2019-06-28 12:05:00.000000000,BEST_ASK,"JPM,99677,274"
2019-06-28 12:05:00.000000000,LAST_TRADE,"2,$99652.0000"
2019-06-28 12:05:00.000000000,QUERY_SPREAD,88
2019-06-28 12:05:00.000000000,BEST_BID,"JPM,99652,202"
2019-06-28 12:05:00.000000000,BEST_ASK,"JPM,99677,274"
2019-06-28 12:05:00.000000000,LAST_TRADE,"8,$99652.0000"
2019-06-28 12:05:00.000000000,QUERY_SPREAD,89
2019-06-28 12:05:00.000000000,BEST_BID,"JPM,99652,195"
2019-06-28 12:05:00.000000000,BEST_ASK,"JPM,99677,274"
2019-06-28 12:05:00.000000000,LAST_TRADE,"7,$99652.0000"
2019-06-28 12:05:00.000000000,QUERY_SPREAD,90
2019-06-28 12:05:00.000000000,BEST_BID,"JPM,99652,189"
2019-06-28 12:05:00.000000000,BEST_ASK,"JPM,99677,274"
2019-06-28 12:05:00.000000000,LAST_TRADE,"6,$99652.0000"
2019-06-28 12:05:00.000000000,QUERY_SPREAD,91
2019-06-28 12:05:00.000000000,BEST_BID,"JPM,99652,184"
2019-06-28 12:05:00.000000000,BEST_ASK,"JPM,99677,274"
2019-06-28 12:05:00.000000000,LAST_TRADE,"5,$99652.0000"
2019-06-28 12:05:00.000000000,QUERY_SPREAD,92
2019-06-28 12:05:00.000000000,BEST_BID,"JPM,99652,183"
2019-06-28 12:05:00.000000000,BEST_ASK,"JPM,99677,274"
2019-06-28 12:05:00.000000000,LAST_TRADE,"1,$99652.0000"
2019-06-28 12:05:00.000000000,QUERY_SPREAD,93
2019-06-28 12:05:00.000000000,BEST_BID,"JPM,99652,181"
2019-06-28 12:05:00.000000000,BEST_ASK,"JPM,99677,274"
2019-06-28 12:05:00.000000000,LAST_TRADE,"2,$99652.0000"
2019-06-28 12:05:00.000000000,QUERY_SPREAD,94
2019-06-28 12:05:00.000000000,BEST_BID,"JPM,99652,179"
2019-06-28 12:05:00.000000000,BEST_ASK,"JPM,99677,274"
2019-06-28 12:05:00.000000000,LAST_TRADE,"2,$99652.0000"
2019-06-28 12:05:00.000000000,QUERY_SPREAD,95
2019-06-28 12:05:00.000000000,BEST_BID,"JPM,99652,172"
2019-06-28 12:05:00.000000000,BEST_ASK,"JPM,99677,274"
2019-06-28 12:05:00.000000000,LAST_TRADE,"7,$99652.0000"
2019-06-28 12:05:00.000000000,QUERY_SPREAD,96
2019-06-28 12:05:00.000000000,BEST_BID,"JPM,99652,165"
2019-06-28 12:05:00.000000000,BEST_ASK,"JPM,99677,274"
2019-06-28 12:05:00.000000000,LAST_TRADE,"7,$99652.0000"
2019-06-28 12:05:00.000000000,QUERY_SPREAD,97
2019-06-28 12:05:00.000000000,BEST_BID,"JPM,99652,159"
2019-06-28 12:05:00.000000000,BEST_ASK,"JPM,99677,274"
2019-06-28 12:05:00.000000000,LAST_TRADE,"6,$99652.0000"
2019-06-28 12:05:00.000000000,QUERY_SPREAD,98
2019-06-28 12:05:00.000000000,BEST_BID,"JPM,99652,155"
2019-06-28 12:05:00.000000000,BEST_ASK,"JPM,99677,274"
2019-06-28 12:05:00.000000000,LAST_TRADE,"4,$99652.0000"
2019-06-28 12:05:00.000000000,QUERY_SPREAD,99
2019-06-28 12:05:00.000000000,BEST_BID,"JPM,99652,153"
2019-06-28 12:05:00.000000000,BEST_ASK,"JPM,99677,274"
2019-06-28 12:05:00.000000000,LAST_TRADE,"2,$99652.0000"
2019-06-28 12:05:00.000000000,QUERY_SPREAD,100
2019-06-28 12:05:00.000000000,BEST_BID,"JPM,99652,147"
2019-06-28 12:05:00.000000000,BEST_ASK,"JPM,99677,274"
2019-06-28 12:05:00.000000000,LAST_TRADE,"6,$99652.0000"
2019-06-28 12:05:00.000000000,QUERY_SPREAD,101
2019-06-28 12:05:00.000000000,QUERY_ORDER_STREAM,101
2019-06-28 12:05:00.000000000,BEST_BID,"JPM,99652,155"
2019-06-28 12:05:00.000000000,BEST_ASK,"JPM,99677,274"
2019-06-28 12:05:10.000000000,QUERY_SPREAD,1
2019-06-28 12:05:10.000000000,BEST_BID,"JPM,99652,90"
2019-06-28 12:05:10.000000000,BEST_ASK,"JPM,99677,110"
2019-06-28 12:05:10.000000000,BEST_BID,"JPM,99652,90"
2019-06-28 12:05:10.000000000,BEST_ASK,"JPM,99677,110"
2019-06-28 12:05:10.000000000,BEST_BID,"JPM,99652,90"
2019-06-28 12:05:10.000000000,BEST_ASK,"JPM,99677,110"
2019-06-28 12:05:10.000000000,BEST_BID,"JPM,99652,90"
2019-06-28 12:05:10.000000000,BEST_ASK,"JPM,99677,110"
2019-06-28 12:05:10.000000000,BEST_BID,"JPM,99652,90"
2019-06-28 12:05:10.000000000,BEST_ASK,"JPM,99677,192"
2019-06-28 12:05:10.000000000,BEST_BID,"JPM,99652,90"
2019-06-28 12:05:10.000000000,BEST_ASK,"JPM,99677,192"
2019-06-28 12:05:10.000000000,BEST_BID,"JPM,99652,90"
2019-06-28 12:05:10.000000000,BEST_ASK,"JPM,99677,192"
2019-06-28 12:05:10.000000000,BEST_BID,"JPM,99652,90"
2019-06-28 12:05:10.000000000,BEST_ASK,"JPM,99677,192"
2019-06-28 12:05:20.000000000,QUERY_SPREAD,1
2019-06-28 12:05:20.000000000,BEST_BID,"JPM,99652,120"
2019-06-28 12:05:20.000000000,BEST_ASK,"JPM,99677,110"
2019-06-28 12:05:20.000000000,BEST_BID,"JPM,99652,120"
2019-06-28 12:05:20.000000000,BEST_ASK,"JPM,99677,110"
2019-06-28 12:05:20.000000000,BEST_BID,"JPM,99652,120"
2019-06-28 12:05:20.000000000,BEST_ASK,"JPM,99677,110"
2019-06-28 12:05:20.000000000,BEST_BID,"JPM,99652,120"
2019-06-28 12:05:20.000000000,BEST_ASK,"JPM,99677,222"
2019-06-28 12:05:20.000000000,BEST_BID,"JPM,99652,120"
2019-06-28 12:05:20.000000000,BEST_ASK,"JPM,99677,222"
2019-06-28 12:05:20.000000000,BEST_BID,"JPM,99652,120"
2019-06-28 12:05:20.000000000,BEST_ASK,"JPM,99677,222"
2019-06-28 12:05:30.000000000,QUERY_SPREAD,1
2019-06-28 12:05:30.000000000,BEST_BID,"JPM,99652,172"
2019-06-28 12:05:30.000000000,BEST_ASK,"JPM,99677,110"
2019-06-28 12:05:30.000000000,BEST_BID,"JPM,99652,172"
2019-06-28 12:05:30.000000000,BEST_ASK,"JPM,99677,110"
2019-06-28 12:05:30.000000000,BEST_BID,"JPM,99652,172"
2019-06-28 12:05:30.000000000,BEST_ASK,"JPM,99677,274"
2019-06-28 12:05:30.000000000,BEST_BID,"JPM,99652,172"
2019-06-28 12:05:30.000000000,BEST_ASK,"JPM,99677,274"
2019-06-28 12:05:31.587310125,QUERY_ORDER_STREAM,63
2019-06-28 12:05:31.587310125,QUERY_SPREAD,63
2019-06-28 12:05:31.587310125,BEST_BID,"JPM,99652,72"
2019-06-28 12:05:31.587310125,BEST_ASK,"JPM,99677,274"
2019-06-28 12:05:31.587310125,LAST_TRADE,"100,$99652.0000"
2019-06-28 12:05:34.652590336,QUERY_SPREAD,23
2019-06-28 12:05:34.652590336,BEST_BID,"JPM,99646,264"
2019-06-28 12:05:34.652590336,BEST_ASK,"JPM,99652,28"
2019-06-28 12:05:34.652590336,LAST_TRADE,"72,$99652.0000"
2019-06-28 12:05:39.103907510,QUERY_SPREAD,38
2019-06-28 12:05:39.103907510,BEST_BID,"JPM,99646,164"
2019-06-28 12:05:39.103907510,BEST_ASK,"JPM,99652,28"
2019-06-28 12:05:39.103907510,LAST_TRADE,"100,$99646.0000"
2019-06-28 12:05:40.000000000,QUERY_SPREAD,1
2019-06-28 12:05:40.000000000,BEST_BID,"JPM,99477,264"
2019-06-28 12:05:40.000000000,BEST_ASK,"JPM,99652,28"
2019-06-28 12:05:40.000000000,BEST_BID,"JPM,99477,264"
2019-06-28 12:05:40.000000000,BEST_ASK,"JPM,99652,28"
2019-06-28 12:05:40.000000000,BEST_BID,"JPM,99477,264"
2019-06-28 12:05:40.000000000,BEST_ASK,"JPM,99652,192"
2019-06-28 12:05:40.000000000,BEST_BID,"JPM,99477,264"
2019-06-28 12:05:40.000000000,BEST_ASK,"JPM,99652,192"
2019-06-28 12:05:50.000000000,QUERY_SPREAD,1
2019-06-28 12:05:50.000000000,BEST_BID,"JPM,99477,428"
2019-06-28 12:05:50.000000000,BEST_ASK,"JPM,99652,28"
2019-06-28 12:05:50.000000000,BEST_BID,"JPM,99477,428"
2019-06-28 12:05:50.000000000,BEST_ASK,"JPM,99652,356"
2019-06-28 12:06:00.000000000,QUERY_SPREAD,1
2019-06-28 12:06:00.000000000,BEST_BID,"JPM,99477,182"
2019-06-28 12:06:00.000000000,BEST_ASK,"JPM,99652,28"
2019-06-28 12:06:00.000000000,BEST_BID,"JPM,99477,182"
2019-06-28 12:06:00.000000000,BEST_ASK,"JPM,99652,28"
2019-06-28 12:06:00.000000000,BEST_BID,"JPM,99477,182"
2019-06-28 12:06:00.000000000,BEST_ASK,"JPM,99652,28"
2019-06-28 12:06:00.000000000,BEST_BID,"JPM,99477,182"
2019-06-28 12:06:00.000000000,BEST_ASK,"JPM,99652,28"
2019-06-28 12:06:00.000000000,BEST_BID,"JPM,99477,182"
2019-06-28 12:06:00.000000000,BEST_ASK,"JPM,99652,110"
2019-06-28 12:06:00.000000000,BEST_BID,"JPM,99477,182"
2019-06-28 12:06:00.000000000,BEST_ASK,"JPM,99652,110"
2019-06-28 12:06:00.000000000,BEST_BID,"JPM,99477,182"
2019-06-28 12:06:00.000000000,BEST_ASK,"JPM,99652,110"
2019-06-28 12:06:00.000000000,BEST_BID,"JPM,99477,182"
2019-06-28 12:06:00.000000000,BEST_ASK,"JPM,99652,110"
2019-06-28 12:06:00.000000000,QUERY_SPREAD,77
2019-06-28 12:06:00.000000000,BEST_BID,"JPM,99477,178"
2019-06-28 12:06:00.000000000,BEST_ASK,"JPM,99652,110"
2019-06-28 12:06:00.000000000,LAST_TRADE,"4,$99477.0000"
2019-06-28 12:06:00.000000000,QUERY_SPREAD,78
2019-06-28 12:06:00.000000000,BEST_BID,"JPM,99477,170"
2019-06-28 12:06:00.000000000,BEST_ASK,"JPM,99652,110"
2019-06-28 12:06:00.000000000,LAST_TRADE,"8,$99477.0000"
2019-06-28 12:06:00.000000000,QUERY_SPREAD,79
2019-06-28 12:06:00.000000000,BEST_BID,"JPM,99477,169"
2019-06-28 12:06:00.000000000,BEST_ASK,"JPM,99652,110"
2019-06-28 12:06:00.000000000,LAST_TRADE,"1,$99477.0000"
2019-06-28 12:06:00.000000000,QUERY_SPREAD,80
2019-06-28 12:06:00.000000000,BEST_BID,"JPM,99477,164"
2019-06-28 12:06:00.000000000,BEST_ASK,"JPM,99652,110"
2019-06-28 12:06:00.000000000,LAST_TRADE,"5,$99477.0000"
2019-06-28 12:06:00.000000000,QUERY_SPREAD,81
2019-06-28 12:06:00.000000000,BEST_BID,"JPM,99477,159"
2019-06-28 12:06:00.000000000,BEST_ASK,"JPM,99652,110"
2019-06-28 12:06:00.000000000,LAST_TRADE,"5,$99477.0000"
2019-06-28 12:06:00.000000000,QUERY_SPREAD,82
2019-06-28 12:06:00.000000000,BEST_BID,"JPM,99477,153"
2019-06-28 12:06:00.000000000,BEST_ASK,"JPM,99652,110"
2019-06-28 12:06:00.000000000,LAST_TRADE,"6,$99477.0000"
2019-06-28 12:06:00.000000000,QUERY_SPREAD,83
2019-06-28 12:06:00.000000000,BEST_BID,"JPM,99477,149"
2019-06-28 12:06:00.000000000,BEST_ASK,"JPM,99652,110"
2019-06-28 12:06:00.000000000,LAST_TRADE,"4,$99477.0000"
2019-06-28 12:06:00.000000000,QUERY_SPREAD,84
2019-06-28 12:06:00.000000000,BEST_BID,"JPM,99477,144"
2019-06-28 12:06:00.000000000,BEST_ASK,"JPM,99652,110"
2019-06-28 12:06:00.000000000,LAST_TRADE,"5,$99477.0000"
2019-06-28 12:06:00.000000000,QUERY_SPREAD,85
2019-06-28 12:06:00.000000000,BEST_BID,"JPM,99477,139"
2019-06-28 12:06:00.000000000,BEST_ASK,"JPM,99652,110"
2019-06-28 12:06:00.000000000,LAST_TRADE,"5,$99477.0000"
2019-06-28 12:06:00.000000000,QUERY_SPREAD,86
2019-06-28 12:06:00.000000000,BEST_BID,"JPM,99477,130"
2019-06-28 12:06:00.000000000,BEST_ASK,"JPM,99652,110"
2019-06-28 12:06:00.000000000,LAST_TRADE,"9,$99477.0000"
2019-06-28 12:06:00.000000000,QUERY_SPREAD,87
2019-06-28 12:06:00.000000000,BEST_BID,"JPM,99477,128"
2019-06-28 12:06:00.000000000,BEST_ASK,"JPM,99652,110"
2019-06-28 12:06:00.000000000,LAST_TRADE,"2,$99477.0000"
2019-06-28 12:06:00.000000000,QUERY_SPREAD,88
2019-06-28 12:06:00.000000000,BEST_BID,"JPM,99477,120"
2019-06-28 12:06:00.000000000,BEST_ASK,"JPM,99652,110"
2019-06-28 12:06:00.000000000,LAST_TRADE,"8,$99477.0000"
2019-06-28 12:06:00.000000000,QUERY_SPREAD,89
2019-06-28 12:06:00.000000000,BEST_BID,"JPM,99477,113"
2019-06-28 12:06:00.000000000,BEST_ASK,"JPM,99652,110"
2019-06-28 12:06:00.000000000,LAST_TRADE,"7,$99477.0000"
2019-06-28 12:06:00.000000000,QUERY_SPREAD,90
2019-06-28 12:06:00.000000000,BEST_BID,"JPM,99477,107"
2019-06-28 12:06:00.000000000,BEST_ASK,"JPM,99652,110"
2019-06-28 12:06:00.000000000,LAST_TRADE,"6,$99477.0000"
2019-06-28 12:06:00.000000000,QUERY_SPREAD,91
2019-06-28 12:06:00.000000000,BEST_BID,"JPM,99477,102"
2019-06-28 12:06:00.000000000,BEST_ASK,"JPM,99652,110"
2019-06-28 12:06:00.000000000,LAST_TRADE,"5,$99477.0000"
2019-06-28 12:06:00.000000000,QUERY_SPREAD,92
2019-06-28 12:06:00.000000000,BEST_BID,"JPM,99477,101"
2019-06-28 12:06:00.000000000,BEST_ASK,"JPM,99652,110"
2019-06-28 12:06:00.000000000,LAST_TRADE,"1,$99477.0000"
2019-06-28 12:06:00.000000000,QUERY_SPREAD,93
2019-06-28 12:06:00.000000000,BEST_BID,"JPM,99477,99"
2019-06-28 12:06:00.000000000,BEST_ASK,"JPM,99652,110"
2019-06-28 12:06:00.000000000,LAST_TRADE,"2,$99477.0000"
2019-06-28 12:06:00.000000000,QUERY_SPREAD,94
2019-06-28 12:06:00.000000000,BEST_BID,"JPM,99477,97"
2019-06-28 12:06:00.000000000,BEST_ASK,"JPM,99652,110"
2019-06-28 12:06:00.000000000,LAST_TRADE,"2,$99477.0000"
2019-06-28 12:06:00.000000000,QUERY_SPREAD,95
2019-06-28 12:06:00.000000000,BEST_BID,"JPM,99477,90"
2019-06-28 12:06:00.000000000,BEST_ASK,"JPM,99652,110"
2019-06-28 12:06:00.000000000,LAST_TRADE,"7,$99477.0000"
2019-06-28 12:06:00.000000000,QUERY_SPREAD,96
2019-06-28 12:06:00.000000000,BEST_BID,"JPM,99477,83"
2019-06-28 12:06:00.000000000,BEST_ASK,"JPM,99652,110"
2019-06-28 12:06:00.000000000,LAST_TRADE,"7,$99477.0000"
2019-06-28 12:06:00.000000000,QUERY_SPREAD,97
2019-06-28 12:06:00.000000000,BEST_BID,"JPM,99477,77"
2019-06-28 12:06:00.000000000,BEST_ASK,"JPM,99652,110"
2019-06-28 12:06:00.000000000,LAST_TRADE,"6,$99477.0000"
2019-06-28 12:06:00.000000000,QUERY_SPREAD,98
2019-06-28 12:06:00.000000000,BEST_BID,"JPM,99477,73"
2019-06-28 12:06:00.000000000,BEST_ASK,"JPM,99652,110"
2019-06-28 12:06:00.000000000,LAST_TRADE,"4,$99477.0000"
2019-06-28 12:06:00.000000000,QUERY_SPREAD,99
2019-06-28 12:06:00.000000000,BEST_BID,"JPM,99477,71"
2019-06-28 12:06:00.000000000,BEST_ASK,"JPM,99652,110"
2019-06-28 12:06:00.000000000,LAST_TRADE,"2,$99477.0000"
2019-06-28 12:06:00.000000000,QUERY_SPREAD,100
2019-06-28 12:06:00.000000000,BEST_BID,"JPM,99477,65"
2019-06-28 12:06:00.000000000,BEST_ASK,"JPM,99652,110"
2019-06-28 12:06:00.000000000,LAST_TRADE,"6,$99477.0000"
2019-06-28 12:06:00.000000000,QUERY_SPREAD,101
2019-06-28 12:06:00.000000000,QUERY_ORDER_STREAM,101
2019-06-28 12:06:00.000000000,BEST_BID,"JPM,99477,73"
2019-06-28 12:06:00.000000000,BEST_ASK,"JPM,99652,110"
2019-06-28 12:06:10.000000000,QUERY_SPREAD,1
2019-06-28 12:06:10.000000000,BEST_BID,"JPM,99477,90"
2019-06-28 12:06:10.000000000,BEST_ASK,"JPM,99652,28"
2019-06-28 12:06:10.000000000,BEST_BID,"JPM,99477,90"
2019-06-28 12:06:10.000000000,BEST_ASK,"JPM,99652,28"
2019-06-28 12:06:10.000000000,BEST_BID,"JPM,99477,90"
2019-06-28 12:06:10.000000000,BEST_ASK,"JPM,99652,28"
2019-06-28 12:06:10.000000000,BEST_BID,"JPM,99477,90"
2019-06-28 12:06:10.000000000,BEST_ASK,"JPM,99652,28"
2019-06-28 12:06:10.000000000,BEST_BID,"JPM,99477,90"
2019-06-28 12:06:10.000000000,BEST_ASK,"JPM,99652,110"
2019-06-28 12:06:10.000000000,BEST_BID,"JPM,99477,90"
2019-06-28 12:06:10.000000000,BEST_ASK,"JPM,99652,110"
2019-06-28 12:06:10.000000000,BEST_BID,"JPM,99477,90"
2019-06-28 12:06:10.000000000,BEST_ASK,"JPM,99652,110"
2019-06-28 12:06:10.000000000,BEST_BID,"JPM,99477,90"
2019-06-28 12:06:10.000000000,BEST_ASK,"JPM,99652,110"
2019-06-28 12:06:13.045313485,QUERY_SPREAD,20
2019-06-28 12:06:13.045313485,BEST_BID,"JPM,99477,90"
2019-06-28 12:06:13.045313485,BEST_ASK,"JPM,99652,110"
2019-06-28 12:06:18.505201551,QUERY_ORDER_STREAM,66
2019-06-28 12:06:18.505201551,QUERY_SPREAD,66
2019-06-28 12:06:18.505201551,BEST_BID,"JPM,99415,182"
2019-06-28 12:06:18.505201551,BEST_ASK,"JPM,99477,10"
2019-06-28 12:06:18.505201551,LAST_TRADE,"90,$99477.0000"
2019-06-28 12:06:20.000000000,QUERY_SPREAD,1
2019-06-28 12:06:20.000000000,BEST_BID,"JPM,99415,428"
2019-06-28 12:06:20.000000000,BEST_ASK,"JPM,99477,10"
2019-06-28 12:06:20.000000000,BEST_BID,"JPM,99415,428"
2019-06-28 12:06:20.000000000,BEST_ASK,"JPM,99477,338"
2019-06-28 12:06:28.198812404,QUERY_ORDER_STREAM,71
2019-06-28 12:06:28.198812404,QUERY_SPREAD,71
2019-06-28 12:06:28.198812404,BEST_BID,"JPM,99415,428"
2019-06-28 12:06:28.198812404,BEST_ASK,"JPM,99477,438"
2019-06-28 12:06:30.000000000,QUERY_SPREAD,1
2019-06-28 12:06:30.000000000,BEST_BID,"JPM,99415,264"
2019-06-28 12:06:30.000000000,BEST_ASK,"JPM,99477,110"
2019-06-28 12:06:30.000000000,BEST_BID,"JPM,99415,264"
2019-06-28 12:06:30.000000000,BEST_ASK,"JPM,99477,110"
2019-06-28 12:06:30.000000000,BEST_BID,"JPM,99415,264"
2019-06-28 12:06:30.000000000,BEST_ASK,"JPM,99477,274"
2019-06-28 12:06:30.000000000,BEST_BID,"JPM,99415,264"
2019-06-28 12:06:30.000000000,BEST_ASK,"JPM,99477,274"
2019-06-28 12:06:30.401331691,QUERY_SPREAD,9
2019-06-28 12:06:30.401331691,BEST_BID,"JPM,99415,164"
2019-06-28 12:06:30.401331691,BEST_ASK,"JPM,99477,274"
2019-06-28 12:06:30.401331691,LAST_TRADE,"100,$99415.0000"
2019-06-28 12:06:40.000000000,QUERY_SPREAD,1
2019-06-28 12:06:40.000000000,BEST_BID,"JPM,99410,166"
2019-06-28 12:06:40.000000000,BEST_ASK,"JPM,99477,110"
2019-06-28 12:06:40.000000000,BEST_BID,"JPM,99410,166"
2019-06-28 12:06:40.000000000,BEST_ASK,"JPM,99477,110"
2019-06-28 12:06:40.000000000,BEST_BID,"JPM,99410,166"
2019-06-28 12:06:40.000000000,BEST_ASK,"JPM,99477,110"
2019-06-28 12:06:40.000000000,BEST_BID,"JPM,99410,166"
2019-06-28 12:06:40.000000000,BEST_ASK,"JPM,99477,110"
2019-06-28 12:06:40.000000000,BEST_BID,"JPM,99410,166"
2019-06-28 12:06:40.000000000,BEST_ASK,"JPM,99477,110"
2019-06-28 12:06:40.000000000,BEST_BID,"JPM,99410,166"
2019-06-28 12:06:40.000000000,BEST_ASK,"JPM,99477,176"
2019-06-28 12:06:40.000000000,BEST_BID,"JPM,99410,166"
2019-06-28 12:06:40.000000000,BEST_ASK,"JPM,99477,176"
2019-06-28 12:06:40.000000000,BEST_BID,"JPM,99410,166"
2019-06-28 12:06:40.000000000,BEST_ASK,"JPM,99477,176"
2019-06-28 12:06:40.000000000,BEST_BID,"JPM,99410,166"
2019-06-28 12:06:40.000000000,BEST_ASK,"JPM,99477,176"
2019-06-28 12:06:40.000000000,BEST_BID,"JPM,99410,166"
2019-06-28 12:06:40.000000000,BEST_ASK,"JPM,99477,176"
2019-06-28 12:06:50.000000000,QUERY_SPREAD,1
2019-06-28 12:06:50.000000000,BEST_BID,"JPM,99410,264"
2019-06-28 12:06:50.000000000,BEST_ASK,"JPM,99477,110"
2019-06-28 12:06:50.000000000,BEST_BID,"JPM,99410,264"
2019-06-28 12:06:50.000000000,BEST_ASK,"JPM,99477,110"
2019-06-28 12:06:50.000000000,BEST_BID,"JPM,99410,264"
2019-06-28 12:06:50.000000000,BEST_ASK,"JPM,99477,274"
2019-06-28 12:06:50.000000000,BEST_BID,"JPM,99410,264"
2019-06-28 12:06:50.000000000,BEST_ASK,"JPM,99477,274"
2019-06-28 12:07:00.000000000,QUERY_SPREAD,1
2019-06-28 12:07:00.000000000,BEST_BID,"JPM,99410,182"
2019-06-28 12:07:00.000000000,BEST_ASK,"JPM,99477,110"
2019-06-28 12:07:00.000000000,BEST_BID,"JPM,99410,182"
2019-06-28 12:07:00.000000000,BEST_ASK,"JPM,99477,110"
2019-06-28 12:07:00.000000000,BEST_BID,"JPM,99410,182"
2019-06-28 12:07:00.000000000,BEST_ASK,"JPM,99477,110"
2019-06-28 12:07:00.000000000,BEST_BID,"JPM,99410,182"
2019-06-28 12:07:00.000000000,BEST_ASK,"JPM,99477,110"
2019-06-28 12:07:00.000000000,BEST_BID,"JPM,99410,182"
2019-06-28 12:07:00.000000000,BEST_ASK,"JPM,99477,192"
2019-06-28 12:07:00.000000000,BEST_BID,"JPM,99410,182"
2019-06-28 12:07:00.000000000,BEST_ASK,"JPM,99477,192"
2019-06-28 12:07:00.000000000,BEST_BID,"JPM,99410,182"
2019-06-28 12:07:00.000000000,BEST_ASK,"JPM,99477,192"
2019-06-28 12:07:00.000000000,BEST_BID,"JPM,99410,182"
2019-06-28 12:07:00.000000000,BEST_ASK,"JPM,99477,192"
2019-06-28 12:07:00.000000000,QUERY_SPREAD,77
2019-06-28 12:07:00.000000000,BEST_BID,"JPM,99410,178"
2019-06-28 12:07:00.000000000,BEST_ASK,"JPM,99477,192"
2019-06-28 12:07:00.000000000,LAST_TRADE,"4,$99410.0000"
2019-06-28 12:07:00.000000000,QUERY_SPREAD,78
2019-06-28 12:07:00.000000000,BEST_BID,"JPM,99410,170"
2019-06-28 12:07:00.000000000,BEST_ASK,"JPM,99477,192"
2019-06-28 12:07:00.000000000,LAST_TRADE,"8,$99410.0000"
2019-06-28 12:07:00.000000000,QUERY_SPREAD,79
2019-06-28 12:07:00.000000000,BEST_BID,"JPM,99410,169"
2019-06-28 12:07:00.000000000,BEST_ASK,"JPM,99477,192"
2019-06-28 12:07:00.000000000,LAST_TRADE,"1,$99410.0000"
2019-06-28 12:07:00.000000000,QUERY_SPREAD,80
2019-06-28 12:07:00.000000000,BEST_BID,"JPM,99410,164"
2019-06-28 12:07:00.000000000,BEST_ASK,"JPM,99477,192"
2019-06-28 12:07:00.000000000,LAST_TRADE,"5,$99410.0000"
2019-06-28 12:07:00.000000000,QUERY_SPREAD,81
2019-06-28 12:07:00.000000000,BEST_BID,"JPM,99410,159"
2019-06-28 12:07:00.000000000,BEST_ASK,"JPM,99477,192"
2019-06-28 12:07:00.000000000,LAST_TRADE,"5,$99410.0000"
2019-06-28 12:07:00.000000000,QUERY_SPREAD,82
2019-06-28 12:07:00.000000000,BEST_BID,"JPM,99410,153"
2019-06-28 12:07:00.000000000,BEST_ASK,"JPM,99477,192"
2019-06-28 12:07:00.000000000,LAST_TRADE,"6,$99410.0000"
2019-06-28 12:07:00.000000000,QUERY_SPREAD,83
2019-06-28 12:07:00.000000000,BEST_BID,"JPM,99410,149"
2019-06-28 12:07:00.000000000,BEST_ASK,"JPM,99477,192"
2019-06-28 12:07:00.000000000,LAST_TRADE,"4,$99410.0000"
2019-06-28 12:07:00.000000000,QUERY_SPREAD,84
2019-06-28 12:07:00.000000000,BEST_BID,"JPM,99410,144"
2019-06-28 12:07:00.000000000,BEST_ASK,"JPM,99477,192"
2019-06-28 12:07:00.000000000,LAST_TRADE,"5,$99410.0000"
2019-06-28 12:07:00.000000000,QUERY_SPREAD,85
2019-06-28 12:07:00.000000000,BEST_BID,"JPM,99410,139"
2019-06-28 12:07:00.000000000,BEST_ASK,"JPM,99477,192"
2019-06-28 12:07:00.000000000,LAST_TRADE,"5,$99410.0000"
2019-06-28 12:07:00.000000000,QUERY_SPREAD,86
2019-06-28 12:07:00.000000000,BEST_BID,"JPM,99410,130"
2019-06-28 12:07:00.000000000,BEST_ASK,"JPM,99477,192"
2019-06-28 12:07:00.000000000,LAST_TRADE,"9,$99410.0000"
2019-06-28 12:07:00.000000000,QUERY_SPREAD,87
2019-06-28 12:07:00.000000000,BEST_BID,"JPM,99410,128"
2019-06-28 12:07:00.000000000,BEST_ASK,"JPM,99477,192"
2019-06-28 12:07:00.000000000,LAST_TRADE,"2,$99410.0000"
2019-06-28 12:07:00.000000000,QUERY_SPREAD,88
2019-06-28 12:07:00.000000000,BEST_BID,"JPM,99410,120"
2019-06-28 12:07:00.000000000,BEST_ASK,"JPM,99477,192"
2019-06-28 12:07:00.000000000,LAST_TRADE,"8,$99410.0000"
2019-06-28 12:07:00.000000000,QUERY_SPREAD,89
2019-06-28 12:07:00.000000000,BEST_BID,"JPM,99410,113"
2019-06-28 12:07:00.000000000,BEST_ASK,"JPM,99477,192"
2019-06-28 12:07:00.000000000,LAST_TRADE,"7,$99410.0000"
2019-06-28 12:07:00.000000000,QUERY_SPREAD,90
2019-06-28 12:07:00.000000000,BEST_BID,"JPM,99410,107"
2019-06-28 12:07:00.000000000,BEST_ASK,"JPM,99477,192"
2019-06-28 12:07:00.000000000,LAST_TRADE,"6,$99410.0000"
2019-06-28 12:07:00.000000000,QUERY_SPREAD,91
2019-06-28 12:07:00.000000000,BEST_BID,"JPM,99410,102"
2019-06-28 12:07:00.000000000,BEST_ASK,"JPM,99477,192"
2019-06-28 12:07:00.000000000,LAST_TRADE,"5,$99410.0000"
2019-06-28 12:07:00.000000000,QUERY_SPREAD,92
2019-06-28 12:07:00.000000000,BEST_BID,"JPM,99410,101"
2019-06-28 12:07:00.000000000,BEST_ASK,"JPM,99477,192"
2019-06-28 12:07:00.000000000,LAST_TRADE,"1,$99410.0000"
2019-06-28 12:07:00.000000000,QUERY_SPREAD,93
2019-06-28 12:07:00.000000000,BEST_BID,"JPM,99410,99"
2019-06-28 12:07:00.000000000,BEST_ASK,"JPM,99477,192"
2019-06-28 12:07:00.000000000,LAST_TRADE,"2,$99410.0000"
2019-06-28 12:07:00.000000000,QUERY_SPREAD,94
2019-06-28 12:07:00.000000000,BEST_BID,"JPM,99410,97"
2019-06-28 12:07:00.000000000,BEST_ASK,"JPM,99477,192"
2019-06-28 12:07:00.000000000,LAST_TRADE,"2,$99410.0000"
2019-06-28 12:07:00.000000000,QUERY_SPREAD,95
2019-06-28 12:07:00.000000000,BEST_BID,"JPM,99410,90"
2019-06-28 12:07:00.000000000,BEST_ASK,"JPM,99477,192"
2019-06-28 12:07:00.000000000,LAST_TRADE,"7,$99410.0000"
2019-06-28 12:07:00.000000000,QUERY_SPREAD,96
2019-06-28 12:07:00.000000000,BEST_BID,"JPM,99410,83"
2019-06-28 12:07:00.000000000,BEST_ASK,"JPM,99477,192"
2019-06-28 12:07:00.000000000,LAST_TRADE,"7,$99410.0000"
2019-06-28 12:07:00.000000000,QUERY_SPREAD,97
2019-06-28 12:07:00.000000000,BEST_BID,"JPM,99410,77"
2019-06-28 12:07:00.000000000,BEST_ASK,"JPM,99477,192"
2019-06-28 12:07:00.000000000,LAST_TRADE,"6,$99410.0000"
2019-06-28 12:07:00.000000000,QUERY_SPREAD,98
2019-06-28 12:07:00.000000000,BEST_BID,"JPM,99410,73"
2019-06-28 12:07:00.000000000,BEST_ASK,"JPM,99477,192"
2019-06-28 12:07:00.000000000,LAST_TRADE,"4,$99410.0000"
2019-06-28 12:07:00.000000000,QUERY_SPREAD,99
2019-06-28 12:07:00.000000000,BEST_BID,"JPM,99410,71"
2019-06-28 12:07:00.000000000,BEST_ASK,"JPM,99477,192"
2019-06-28 12:07:00.000000000,LAST_TRADE,"2,$99410.0000"
2019-06-28 12:07:00.000000000,QUERY_SPREAD,100
2019-06-28 12:07:00.000000000,BEST_BID,"JPM,99410,65"
2019-06-28 12:07:00.000000000,BEST_ASK,"JPM,99477,192"
2019-06-28 12:07:00.000000000,LAST_TRADE,"6,$99410.0000"
2019-06-28 12:07:00.000000000,QUERY_SPREAD,101
2019-06-28 12:07:00.000000000,QUERY_ORDER_STREAM,101
2019-06-28 12:07:00.000000000,BEST_BID,"JPM,99410,73"
2019-06-28 12:07:00.000000000,BEST_ASK,"JPM,99477,192"
2019-06-28 12:07:10.000000000,QUERY_SPREAD,1
2019-06-28 12:07:10.000000000,BEST_BID,"JPM,99410,74"
2019-06-28 12:07:10.000000000,BEST_ASK,"JPM,99477,110"
2019-06-28 12:07:10.000000000,BEST_BID,"JPM,99410,74"
2019-06-28 12:07:10.000000000,BEST_ASK,"JPM,99477,110"
2019-06-28 12:07:10.000000000,BEST_BID,"JPM,99410,74"
2019-06-28 12:07:10.000000000,BEST_ASK,"JPM,99477,110"
2019-06-28 12:07:10.000000000,BEST_BID,"JPM,99410,74"
2019-06-28 12:07:10.000000000,BEST_ASK,"JPM,99477,110"
2019-06-28 12:07:10.000000000,BEST_BID,"JPM,99410,74"
2019-06-28 12:07:10.000000000,BEST_ASK,"JPM,99477,110"
2019-06-28 12:07:10.000000000,BEST_BID,"JPM,99410,74"
2019-06-28 12:07:10.000000000,BEST_ASK,"JPM,99477,176"
2019-06-28 12:07:10.000000000,BEST_BID,"JPM,99410,74"
2019-06-28 12:07:10.000000000,BEST_ASK,"JPM,99477,176"
2019-06-28 12:07:10.000000000,BEST_BID,"JPM,99410,74"
2019-06-28 12:07:10.000000000,BEST_ASK,"JPM,99477,176"
2019-06-28 12:07:10.000000000,BEST_BID,"JPM,99410,74"
2019-06-28 12:07:10.000000000,BEST_ASK,"JPM,99477,176"
2019-06-28 12:07:10.000000000,BEST_BID,"JPM,99410,74"
2019-06-28 12:07:10.000000000,BEST_ASK,"JPM,99477,176"
2019-06-28 12:07:11.395263034,QUERY_SPREAD,25
2019-06-28 12:07:11.395263034,BEST_BID,"JPM,99406,74"
2019-06-28 12:07:11.395263034,BEST_ASK,"JPM,99410,26"
2019-06-28 12:07:11.395263034,LAST_TRADE,"74,$99410.0000"
2019-06-28 12:07:20.000000000,QUERY_SPREAD,1
2019-06-28 12:07:20.000000000,BEST_BID,"JPM,99406,172"
2019-06-28 12:07:20.000000000,BEST_ASK,"JPM,99410,26"
2019-06-28 12:07:20.000000000,BEST_BID,"JPM,99406,172"
2019-06-28 12:07:20.000000000,BEST_ASK,"JPM,99410,26"
2019-06-28 12:07:20.000000000,BEST_BID,"JPM,99406,172"
2019-06-28 12:07:20.000000000,BEST_ASK,"JPM,99410,190"
2019-06-28 12:07:20.000000000,BEST_BID,"JPM,99406,172"
2019-06-28 12:07:20.000000000,BEST_ASK,"JPM,99410,190"
2019-06-28 12:07:20.735177293,QUERY_ORDER_STREAM,62
2019-06-28 12:07:20.735177293,QUERY_SPREAD,62
2019-06-28 12:07:28.127470938,QUERY_SPREAD,45
2019-06-28 12:07:28.127470938,BEST_BID,"JPM,99406,172"
2019-06-28 12:07:28.127470938,BEST_ASK,"JPM,99410,190"
2019-06-28 12:07:30.000000000,QUERY_SPREAD,1
2019-06-28 12:07:30.000000000,BEST_BID,"JPM,99406,74"
2019-06-28 12:07:30.000000000,BEST_ASK,"JPM,99410,26"
2019-06-28 12:07:30.000000000,BEST_BID,"JPM,99406,74"
2019-06-28 12:07:30.000000000,BEST_ASK,"JPM,99410,26"
2019-06-28 12:07:30.000000000,BEST_BID,"JPM,99406,74"
2019-06-28 12:07:30.000000000,BEST_ASK,"JPM,99410,26"
2019-06-28 12:07:30.000000000,BEST_BID,"JPM,99406,74"
2019-06-28 12:07:30.000000000,BEST_ASK,"JPM,99410,26"
2019-06-28 12:07:30.000000000,BEST_BID,"JPM,99406,74"
2019-06-28 12:07:30.000000000,BEST_ASK,"JPM,99410,26"
2019-06-28 12:07:30.000000000,BEST_BID,"JPM,99406,74"
2019-06-28 12:07:30.000000000,BEST_ASK,"JPM,99410,92"
2019-06-28 12:07:30.000000000,BEST_BID,"JPM,99406,74"
2019-06-28 12:07:30.000000000,BEST_ASK,"JPM,99410,92"
2019-06-28 12:07:30.000000000,BEST_BID,"JPM,99406,74"
2019-06-28 12:07:30.000000000,BEST_ASK,"JPM,99410,92"
2019-06-28 12:07:30.000000000,BEST_BID,"JPM,99406,74"
2019-06-28 12:07:30.000000000,BEST_ASK,"JPM,99410,92"
2019-06-28 12:07:30.000000000,BEST_BID,"JPM,99406,74"
2019-06-28 12:07:30.000000000,BEST_ASK,"JPM,99410,92"
2019-06-28 12:07:40.000000000,QUERY_SPREAD,1
2019-06-28 12:07:40.000000000,BEST_BID,"JPM,99406,74"
2019-06-28 12:07:40.000000000,BEST_ASK,"JPM,99410,26"
2019-06-28 12:07:40.000000000,BEST_BID,"JPM,99406,74"
2019-06-28 12:07:40.000000000,BEST_ASK,"JPM,99410,26"
2019-06-28 12:07:40.000000000,BEST_BID,"JPM,99406,74"
2019-06-28 12:07:40.000000000,BEST_ASK,"JPM,99410,26"
2019-06-28 12:07:40.000000000,BEST_BID,"JPM,99406,74"
2019-06-28 12:07:40.000000000,BEST_ASK,"JPM,99410,26"
2019-06-28 12:07:40.000000000,BEST_BID,"JPM,99406,74"
2019-06-28 12:07:40.000000000,BEST_ASK,"JPM,99410,26"
2019-06-28 12:07:40.000000000,BEST_BID,"JPM,99406,74"
2019-06-28 12:07:40.000000000,BEST_ASK,"JPM,99410,92"
2019-06-28 12:07:40.000000000,BEST_BID,"JPM,99406,74"
2019-06-28 12:07:40.000000000,BEST_ASK,"JPM,99410,92"
2019-06-28 12:07:40.000000000,BEST_BID,"JPM,99406,74"
2019-06-28 12:07:40.000000000,BEST_ASK,"JPM,99410,92"
2019-06-28 12:07:40.000000000,BEST_BID,"JPM,99406,74"
2019-06-28 12:07:40.000000000,BEST_ASK,"JPM,99410,92"
2019-06-28 12:07:40.000000000,BEST_BID,"JPM,99406,74"
2019-06-28 12:07:40.000000000,BEST_ASK,"JPM,99410,92"
2019-06-28 12:07:50.000000000,QUERY_SPREAD,1
2019-06-28 12:07:50.000000000,BEST_BID,"JPM,99406,74"
2019-06-28 12:07:50.000000000,BEST_ASK,"JPM,99410,26"
2019-06-28 12:07:50.000000000,BEST_BID,"JPM,99406,74"
2019-06-28 12:07:50.000000000,BEST_ASK,"JPM,99410,26"
2019-06-28 12:07:50.000000000,BEST_BID,"JPM,99406,74"
2019-06-28 12:07:50.000000000,BEST_ASK,"JPM,99410,26"
2019-06-28 12:07:50.000000000,BEST_BID,"JPM,99406,74"
2019-06-28 12:07:50.000000000,BEST_ASK,"JPM,99410,26"
2019-06-28 12:07:50.000000000,BEST_BID,"JPM,99406,74"
2019-06-28 12:07:50.000000000,BEST_ASK,"JPM,99410,26"
2019-06-28 12:07:50.000000000,BEST_BID,"JPM,99406,74"
2019-06-28 12:07:50.000000000,BEST_ASK,"JPM,99410,92"
2019-06-28 12:07:50.000000000,BEST_BID,"JPM,99406,74"
2019-06-28 12:07:50.000000000,BEST_ASK,"JPM,99410,92"
2019-06-28 12:07:50.000000000,BEST_BID,"JPM,99406,74"
2019-06-28 12:07:50.000000000,BEST_ASK,"JPM,99410,92"
2019-06-28 12:07:50.000000000,BEST_BID,"JPM,99406,74"
2019-06-28 12:07:50.000000000,BEST_ASK,"JPM,99410,92"
2019-06-28 12:07:50.000000000,BEST_BID,"JPM,99406,74"
2019-06-28 12:07:50.000000000,BEST_ASK,"JPM,99410,92"
2019-06-28 12:08:00.000000000,QUERY_SPREAD,1
2019-06-28 12:08:00.000000000,BEST_BID,"JPM,99406,172"
2019-06-28 12:08:00.000000000,BEST_ASK,"JPM,99410,26"
2019-06-28 12:08:00.000000000,BEST_BID,"JPM,99406,172"
2019-06-28 12:08:00.000000000,BEST_ASK,"JPM,99410,26"
2019-06-28 12:08:00.000000000,BEST_BID,"JPM,99406,172"
2019-06-28 12:08:00.000000000,BEST_ASK,"JPM,99410,190"
2019-06-28 12:08:00.000000000,BEST_BID,"JPM,99406,172"
2019-06-28 12:08:00.000000000,BEST_ASK,"JPM,99410,190"
2019-06-28 12:08:00.000000000,QUERY_SPREAD,77
2019-06-28 12:08:00.000000000,BEST_BID,"JPM,99406,168"
2019-06-28 12:08:00.000000000,BEST_ASK,"JPM,99410,190"
2019-06-28 12:08:00.000000000,LAST_TRADE,"4,$99406.0000"
2019-06-28 12:08:00.000000000,QUERY_SPREAD,78
2019-06-28 12:08:00.000000000,BEST_BID,"JPM,99406,160"
2019-06-28 12:08:00.000000000,BEST_ASK,"JPM,99410,190"
2019-06-28 12:08:00.000000000,LAST_TRADE,"8,$99406.0000"
2019-06-28 12:08:00.000000000,QUERY_SPREAD,79
2019-06-28 12:08:00.000000000,BEST_BID,"JPM,99406,159"
2019-06-28 12:08:00.000000000,BEST_ASK,"JPM,99410,190"
2019-06-28 12:08:00.000000000,LAST_TRADE,"1,$99406.0000"
2019-06-28 12:08:00.000000000,QUERY_SPREAD,80
2019-06-28 12:08:00.000000000,BEST_BID,"JPM,99406,154"
2019-06-28 12:08:00.000000000,BEST_ASK,"JPM,99410,190"
2019-06-28 12:08:00.000000000,LAST_TRADE,"5,$99406.0000"
2019-06-28 12:08:00.000000000,QUERY_SPREAD,81
2019-06-28 12:08:00.000000000,BEST_BID,"JPM,99406,149"
2019-06-28 12:08:00.000000000,BEST_ASK,"JPM,99410,190"
2019-06-28 12:08:00.000000000,LAST_TRADE,"5,$99406.0000"
2019-06-28 12:08:00.000000000,QUERY_SPREAD,82
2019-06-28 12:08:00.000000000,BEST_BID,"JPM,99406,143"
2019-06-28 12:08:00.000000000,BEST_ASK,"JPM,99410,190"
2019-06-28 12:08:00.000000000,LAST_TRADE,"6,$99406.0000"
2019-06-28 12:08:00.000000000,QUERY_SPREAD,83
2019-06-28 12:08:00.000000000,BEST_BID,"JPM,99406,139"
2019-06-28 12:08:00.000000000,BEST_ASK,"JPM,99410,190"
2019-06-28 12:08:00.000000000,LAST_TRADE,"4,$99406.0000"
2019-06-28 12:08:00.000000000,QUERY_SPREAD,84
2019-06-28 12:08:00.000000000,BEST_BID,"JPM,99406,134"
2019-06-28 12:08:00.000000000,BEST_ASK,"JPM,99410,190"
2019-06-28 12:08:00.000000000,LAST_TRADE,"5,$99406.0000"
2019-06-28 12:08:00.000000000,QUERY_SPREAD,85
2019-06-28 12:08:00.000000000,BEST_BID,"JPM,99406,129"
2019-06-28 12:08:00.000000000,BEST_ASK,"JPM,99410,190"
2019-06-28 12:08:00.000000000,LAST_TRADE,"5,$99406.0000"
2019-06-28 12:08:00.000000000,QUERY_SPREAD,86
2019-06-28 12:08:00.000000000,BEST_BID,"JPM,99406,120"
2019-06-28 12:08:00.000000000,BEST_ASK,"JPM,99410,190"
2019-06-28 12:08:00.000000000,LAST_TRADE,"9,$99406.0000"
2019-06-28 12:08:00.000000000,QUERY_SPREAD,87
2019-06-28 12:08:00.000000000,BEST_BID,"JPM,99406,118"
2019-06-28 12:08:00.000000000,BEST_ASK,"JPM,99410,190"
2019-06-28 12:08:00.000000000,LAST_TRADE,"2,$99406.0000"
2019-06-28 12:08:00.000000000,QUERY_SPREAD,88
2019-06-28 12:08:00.000000000,BEST_BID,"JPM,99406,110"
2019-06-28 12:08:00.000000000,BEST_ASK,"JPM,99410,190"
2019-06-28 12:08:00.000000000,LAST_TRADE,"8,$99406.0000"
2019-06-28 12:08:00.000000000,QUERY_SPREAD,89
2019-06-28 12:08:00.000000000,BEST_BID,"JPM,99406,103"
2019-06-28 12:08:00.000000000,BEST_ASK,"JPM,99410,190"
2019-06-28 12:08:00.000000000,LAST_TRADE,"7,$99406.0000"
2019-06-28 12:08:00.000000000,QUERY_SPREAD,90
2019-06-28 12:08:00.000000000,BEST_BID,"JPM,99406,97"
2019-06-28 12:08:00.000000000,BEST_ASK,"JPM,99410,190"
2019-06-28 12:08:00.000000000,LAST_TRADE,"6,$99406.0000"
2019-06-28 12:08:00.000000000,QUERY_SPREAD,91
2019-06-28 12:08:00.000000000,BEST_BID,"JPM,99406,92"
2019-06-28 12:08:00.000000000,BEST_ASK,"JPM,99410,190"
2019-06-28 12:08:00.000000000,LAST_TRADE,"5,$99406.0000"
2019-06-28 12:08:00.000000000,QUERY_SPREAD,92
2019-06-28 12:08:00.000000000,BEST_BID,"JPM,99406,91"
2019-06-28 12:08:00.000000000,BEST_ASK,"JPM,99410,190"
2019-06-28 12:08:00.000000000,LAST_TRADE,"1,$99406.0000"
2019-06-28 12:08:00.000000000,QUERY_SPREAD,93
2019-06-28 12:08:00.000000000,BEST_BID,"JPM,99406,89"
2019-06-28 12:08:00.000000000,BEST_ASK,"JPM,99410,190"
2019-06-28 12:08:00.000000000,LAST_TRADE,"2,$99406.0000"
2019-06-28 12:08:00.000000000,QUERY_SPREAD,94
2019-06-28 12:08:00.000000000,BEST_BID,"JPM,99406,87"
2019-06-28 12:08:00.000000000,BEST_ASK,"JPM,99410,190"
2019-06-28 12:08:00.000000000,LAST_TRADE,"2,$99406.0000"
2019-06-28 12:08:00.000000000,QUERY_SPREAD,95
2019-06-28 12:08:00.000000000,BEST_BID,"JPM,99406,80"
2019-06-28 12:08:00.000000000,BEST_ASK,"JPM,99410,190"
2019-06-28 12:08:00.000000000,LAST_TRADE,"7,$99406.0000"
2019-06-28 12:08:00.000000000,QUERY_SPREAD,96
2019-06-28 12:08:00.000000000,BEST_BID,"JPM,99406,73"
2019-06-28 12:08:00.000000000,BEST_ASK,"JPM,99410,190"
2019-06-28 12:08:00.000000000,LAST_TRADE,"7,$99406.0000"
2019-06-28 12:08:00.000000000,QUERY_SPREAD,97
2019-06-28 12:08:00.000000000,BEST_BID,"JPM,99406,67"
2019-06-28 12:08:00.000000000,BEST_ASK,"JPM,99410,190"
2019-06-28 12:08:00.000000000,LAST_TRADE,"6,$99406.0000"
2019-06-28 12:08:00.000000000,QUERY_SPREAD,98
2019-06-28 12:08:00.000000000,BEST_BID,"JPM,99406,63"
2019-06-28 12:08:00.000000000,BEST_ASK,"JPM,99410,190"
2019-06-28 12:08:00.000000000,LAST_TRADE,"4,$99406.0000"
2019-06-28 12:08:00.000000000,QUERY_SPREAD,99
2019-06-28 12:08:00.000000000,BEST_BID,"JPM,99406,61"
2019-06-28 12:08:00.000000000,BEST_ASK,"JPM,99410,190"
2019-06-28 12:08:00.000000000,LAST_TRADE,"2,$99406.0000"
2019-06-28 12:08:00.000000000,QUERY_SPREAD,100
2019-06-28 12:08:00.000000000,BEST_BID,"JPM,99406,55"
2019-06-28 12:08:00.000000000,BEST_ASK,"JPM,99410,190"
2019-06-28 12:08:00.000000000,LAST_TRADE,"6,$99406.0000"
2019-06-28 12:08:00.000000000,QUERY_SPREAD,101
2019-06-28 12:08:00.000000000,QUERY_ORDER_STREAM,101
2019-06-28 12:08:00.000000000,BEST_BID,"JPM,99406,63"
2019-06-28 12:08:00.000000000,BEST_ASK,"JPM,99410,190"
2019-06-28 12:08:10.000000000,QUERY_SPREAD,1
2019-06-28 12:08:10.000000000,BEST_BID,"JPM,99406,172"
2019-06-28 12:08:10.000000000,BEST_ASK,"JPM,99410,26"
2019-06-28 12:08:10.000000000,BEST_BID,"JPM,99406,172"
2019-06-28 12:08:10.000000000,BEST_ASK,"JPM,99410,26"
2019-06-28 12:08:10.000000000,BEST_BID,"JPM,99406,172"
2019-06-28 12:08:10.000000000,BEST_ASK,"JPM,99410,190"
2019-06-28 12:08:10.000000000,BEST_BID,"JPM,99406,172"
2019-06-28 12:08:10.000000000,BEST_ASK,"JPM,99410,190"
2019-06-28 12:08:20.000000000,QUERY_SPREAD,1
2019-06-28 12:08:20.000000000,BEST_BID,"JPM,99406,120"
2019-06-28 12:08:20.000000000,BEST_ASK,"JPM,99410,26"
2019-06-28 12:08:20.000000000,BEST_BID,"JPM,99406,120"
2019-06-28 12:08:20.000000000,BEST_ASK,"JPM,99410,26"
2019-06-28 12:08:20.000000000,BEST_BID,"JPM,99406,120"
2019-06-28 12:08:20.000000000,BEST_ASK,"JPM,99410,26"
2019-06-28 12:08:20.000000000,BEST_BID,"JPM,99406,120"
2019-06-28 12:08:20.000000000,BEST_ASK,"JPM,99410,138"
2019-06-28 12:08:20.000000000,BEST_BID,"JPM,99406,120"
2019-06-28 12:08:20.000000000,BEST_ASK,"JPM,99410,138"
2019-06-28 12:08:20.000000000,BEST_BID,"JPM,99406,120"
2019-06-28 12:08:20.000000000,BEST_ASK,"JPM,99410,138"
2019-06-28 12:08:23.509010105,QUERY_SPREAD,44
2019-06-28 12:08:23.509010105,BEST_BID,"JPM,99406,120"
2019-06-28 12:08:23.509010105,BEST_ASK,"JPM,99410,138"
2019-06-28 12:08:26.966651525,QUERY_SPREAD,13
2019-06-28 12:08:26.966651525,BEST_BID,"JPM,99406,120"
2019-06-28 12:08:26.966651525,BEST_ASK,"JPM,99410,138"
2019-06-28 12:08:30.000000000,QUERY_SPREAD,1
2019-06-28 12:08:30.000000000,BEST_BID,"JPM,99406,90"
2019-06-28 12:08:30.000000000,BEST_ASK,"JPM,99410,26"
2019-06-28 12:08:30.000000000,BEST_BID,"JPM,99406,90"
2019-06-28 12:08:30.000000000,BEST_ASK,"JPM,99410,26"
2019-06-28 12:08:30.000000000,BEST_BID,"JPM,99406,90"
2019-06-28 12:08:30.000000000,BEST_ASK,"JPM,99410,26"
2019-06-28 12:08:30.000000000,BEST_BID,"JPM,99406,90"
2019-06-28 12:08:30.000000000,BEST_ASK,"JPM,99410,26"
2019-06-28 12:08:30.000000000,BEST_BID,"JPM,99406,90"
2019-06-28 12:08:30.000000000,BEST_ASK,"JPM,99410,108"
2019-06-28 12:08:30.000000000,BEST_BID,"JPM,99406,90"
2019-06-28 12:08:30.000000000,BEST_ASK,"JPM,99410,108"
2019-06-28 12:08:30.000000000,BEST_BID,"JPM,99406,90"
2019-06-28 12:08:30.000000000,BEST_ASK,"JPM,99410,108"
2019-06-28 12:08:30.000000000,BEST_BID,"JPM,99406,90"
2019-06-28 12:08:30.000000000,BEST_ASK,"JPM,99410,108"
2019-06-28 12:08:40.000000000,QUERY_SPREAD,1
2019-06-28 12:08:40.000000000,BEST_BID,"JPM,99406,74"
2019-06-28 12:08:40.000000000,BEST_ASK,"JPM,99410,26"
2019-06-28 12:08:40.000000000,BEST_BID,"JPM,99406,74"
2019-06-28 12:08:40.000000000,BEST_ASK,"JPM,99410,26"
2019-06-28 12:08:40.000000000,BEST_BID,"JPM,99406,74"
2019-06-28 12:08:40.000000000,BEST_ASK,"JPM,99410,26"
2019-06-28 12:08:40.000000000,BEST_BID,"JPM,99406,74"
2019-06-28 12:08:40.000000000,BEST_ASK,"JPM,99410,26"
2019-06-28 12:08:40.000000000,BEST_BID,"JPM,99406,74"
2019-06-28 12:08:40.000000000,BEST_ASK,"JPM,99410,26"
2019-06-28 12:08:40.000000000,BEST_BID,"JPM,99406,74"
2019-06-28 12:08:40.000000000,BEST_ASK,"JPM,99410,92"
2019-06-28 12:08:40.000000000,BEST_BID,"JPM,99406,74"
2019-06-28 12:08:40.000000000,BEST_ASK,"JPM,99410,92"
2019-06-28 12:08:40.000000000,BEST_BID,"JPM,99406,74"
2019-06-28 12:08:40.000000000,BEST_ASK,"JPM,99410,92"
2019-06-28 12:08:40.000000000,BEST_BID,"JPM,99406,74"
2019-06-28 12:08:40.000000000,BEST_ASK,"JPM,99410,92"
2019-06-28 12:08:40.000000000,BEST_BID,"JPM,99406,74"
2019-06-28 12:08:40.000000000,BEST_ASK,"JPM,99410,92"
2019-06-28 12:08:49.294680326,QUERY_SPREAD,18
2019-06-28 12:08:49.294680326,BEST_BID,"JPM,99410,8"
2019-06-28 12:08:49.294680326,BEST_ASK,"JPM,99411,166"
2019-06-28 12:08:49.294680326,LAST_TRADE,"92,$99410.0000"
2019-06-28 12:08:50.000000000,QUERY_SPREAD,1
2019-06-28 12:08:50.000000000,BEST_BID,"JPM,99410,120"
2019-06-28 12:08:50.000000000,BEST_ASK,"JPM,99411,100"
2019-06-28 12:08:50.000000000,BEST_BID,"JPM,99410,120"
2019-06-28 12:08:50.000000000,BEST_ASK,"JPM,99411,100"
2019-06-28 12:08:50.000000000,BEST_BID,"JPM,99410,120"
2019-06-28 12:08:50.000000000,BEST_ASK,"JPM,99411,100"
2019-06-28 12:08:50.000000000,BEST_BID,"JPM,99410,120"
2019-06-28 12:08:50.000000000,BEST_ASK,"JPM,99411,212"
2019-06-28 12:08:50.000000000,BEST_BID,"JPM,99410,120"
2019-06-28 12:08:50.000000000,BEST_ASK,"JPM,99411,212"
2019-06-28 12:08:50.000000000,BEST_BID,"JPM,99410,120"
2019-06-28 12:08:50.000000000,BEST_ASK,"JPM,99411,212"
2019-06-28 12:09:00.000000000,QUERY_SPREAD,1
2019-06-28 12:09:00.000000000,BEST_BID,"JPM,99410,336"
2019-06-28 12:09:00.000000000,BEST_ASK,"JPM,99411,100"
2019-06-28 12:09:00.000000000,BEST_BID,"JPM,99410,336"
2019-06-28 12:09:00.000000000,BEST_ASK,"JPM,99411,428"
2019-06-28 12:09:00.000000000,QUERY_SPREAD,77
2019-06-28 12:09:00.000000000,BEST_BID,"JPM,99410,332"
2019-06-28 12:09:00.000000000,BEST_ASK,"JPM,99411,428"
2019-06-28 12:09:00.000000000,LAST_TRADE,"4,$99410.0000"
2019-06-28 12:09:00.000000000,QUERY_SPREAD,78
2019-06-28 12:09:00.000000000,BEST_BID,"JPM,99410,324"
2019-06-28 12:09:00.000000000,BEST_ASK,"JPM,99411,428"
2019-06-28 12:09:00.000000000,LAST_TRADE,"8,$99410.0000"
2019-06-28 12:09:00.000000000,QUERY_SPREAD,79
2019-06-28 12:09:00.000000000,BEST_BID,"JPM,99410,323"
2019-06-28 12:09:00.000000000,BEST_ASK,"JPM,99411,428"
2019-06-28 12:09:00.000000000,LAST_TRADE,"1,$99410.0000"
2019-06-28 12:09:00.000000000,QUERY_SPREAD,80
2019-06-28 12:09:00.000000000,BEST_BID,"JPM,99410,318"
2019-06-28 12:09:00.000000000,BEST_ASK,"JPM,99411,428"
2019-06-28 12:09:00.000000000,LAST_TRADE,"5,$99410.0000"
2019-06-28 12:09:00.000000000,QUERY_SPREAD,81
2019-06-28 12:09:00.000000000,BEST_BID,"JPM,99410,313"
2019-06-28 12:09:00.000000000,BEST_ASK,"JPM,99411,428"
2019-06-28 12:09:00.000000000,LAST_TRADE,"5,$99410.0000"
2019-06-28 12:09:00.000000000,QUERY_SPREAD,82
2019-06-28 12:09:00.000000000,BEST_BID,"JPM,99410,307"
2019-06-28 12:09:00.000000000,BEST_ASK,"JPM,99411,428"
2019-06-28 12:09:00.000000000,LAST_TRADE,"6,$99410.0000"
2019-06-28 12:09:00.000000000,QUERY_SPREAD,83
2019-06-28 12:09:00.000000000,BEST_BID,"JPM,99410,303"
2019-06-28 12:09:00.000000000,BEST_ASK,"JPM,99411,428"
2019-06-28 12:09:00.000000000,LAST_TRADE,"4,$99410.0000"
2019-06-28 12:09:00.000000000,QUERY_SPREAD,84
2019-06-28 12:09:00.000000000,BEST_BID,"JPM,99410,298"
2019-06-28 12:09:00.000000000,BEST_ASK,"JPM,99411,428"
2019-06-28 12:09:00.000000000,LAST_TRADE,"5,$99410.0000"
2019-06-28 12:09:00.000000000,QUERY_SPREAD,85
2019-06-28 12:09:00.000000000,BEST_BID,"JPM,99410,293"
2019-06-28 12:09:00.000000000,BEST_ASK,"JPM,99411,428"
2019-06-28 12:09:00.000000000,LAST_TRADE,"5,$99410.0000"
2019-06-28 12:09:00.000000000,QUERY_SPREAD,86
2019-06-28 12:09:00.000000000,BEST_BID,"JPM,99410,284"
2019-06-28 12:09:00.000000000,BEST_ASK,"JPM,99411,428"
2019-06-28 12:09:00.000000000,LAST_TRADE,"9,$99410.0000"
2019-06-28 12:09:00.000000000,QUERY_SPREAD,87
2019-06-28 12:09:00.000000000,BEST_BID,"JPM,99410,282"
2019-06-28 12:09:00.000000000,BEST_ASK,"JPM,99411,428"
2019-06-28 12:09:00.000000000,LAST_TRADE,"2,$99410.0000"
2019-06-28 12:09:00.000000000,QUERY_SPREAD,88
2019-06-28 12:09:00.000000000,BEST_BID,"JPM,99410,274"
2019-06-28 12:09:00.000000000,BEST_ASK,"JPM,99411,428"
2019-06-28 12:09:00.000000000,LAST_TRADE,"8,$99410.0000"
2019-06-28 12:09:00.000000000,QUERY_SPREAD,89
2019-06-28 12:09:00.000000000,BEST_BID,"JPM,99410,267"
2019-06-28 12:09:00.000000000,BEST_ASK,"JPM,99411,428"
2019-06-28 12:09:00.000000000,LAST_TRADE,"7,$99410.0000"
2019-06-28 12:09:00.000000000,QUERY_SPREAD,90
2019-06-28 12:09:00.000000000,BEST_BID,"JPM,99410,261"
2019-06-28 12:09:00.000000000,BEST_ASK,"JPM,99411,428"
2019-06-28 12:09:00.000000000,LAST_TRADE,"6,$99410.0000"
2019-06-28 12:09:00.000000000,QUERY_SPREAD,91
2019-06-28 12:09:00.000000000,BEST_BID,"JPM,99410,256"
2019-06-28 12:09:00.000000000,BEST_ASK,"JPM,99411,428"
2019-06-28 12:09:00.000000000,LAST_TRADE,"5,$99410.0000"
2019-06-28 12:09:00.000000000,QUERY_SPREAD,92
2019-06-28 12:09:00.000000000,BEST_BID,"JPM,99410,255"
2019-06-28 12:09:00.000000000,BEST_ASK,"JPM,99411,428"
2019-06-28 12:09:00.000000000,LAST_TRADE,"1,$99410.0000"
2019-06-28 12:09:00.000000000,QUERY_SPREAD,93
2019-06-28 12:09:00.000000000,BEST_BID,"JPM,99410,253"
2019-06-28 12:09:00.000000000,BEST_ASK,"JPM,99411,428"
2019-06-28 12:09:00.000000000,LAST_TRADE,"2,$99410.0000"
2019-06-28 12:09:00.000000000,QUERY_SPREAD,94
2019-06-28 12:09:00.000000000,BEST_BID,"JPM,99410,251"
2019-06-28 12:09:00.000000000,BEST_ASK,"JPM,99411,428"
2019-06-28 12:09:00.000000000,LAST_TRADE,"2,$99410.0000"
2019-06-28 12:09:00.000000000,QUERY_SPREAD,95
2019-06-28 12:09:00.000000000,BEST_BID,"JPM,99410,244"
2019-06-28 12:09:00.000000000,BEST_ASK,"JPM,99411,428"
2019-06-28 12:09:00.000000000,LAST_TRADE,"7,$99410.0000"
2019-06-28 12:09:00.000000000,QUERY_SPREAD,96
2019-06-28 12:09:00.000000000,BEST_BID,"JPM,99410,237"
2019-06-28 12:09:00.000000000,BEST_ASK,"JPM,99411,428"
2019-06-28 12:09:00.000000000,LAST_TRADE,"7,$99410.0000"
2019-06-28 12:09:00.000000000,QUERY_SPREAD,97
2019-06-28 12:09:00.000000000,BEST_BID,"JPM,99410,231"
2019-06-28 12:09:00.000000000,BEST_ASK,"JPM,99411,428"
2019-06-28 12:09:00.000000000,LAST_TRADE,"6,$99410.0000"
2019-06-28 12:09:00.000000000,QUERY_SPREAD,98
2019-06-28 12:09:00.000000000,BEST_BID,"JPM,99410,227"
2019-06-28 12:09:00.000000000,BEST_ASK,"JPM,99411,428"
2019-06-28 12:09:00.000000000,LAST_TRADE,"4,$99410.0000"
2019-06-28 12:09:00.000000000,QUERY_SPREAD,99
2019-06-28 12:09:00.000000000,BEST_BID,"JPM,99410,225"
2019-06-28 12:09:00.000000000,BEST_ASK,"JPM,99411,428"
2019-06-28 12:09:00.000000000,LAST_TRADE,"2,$99410.0000"
2019-06-28 12:09:00.000000000,QUERY_SPREAD,100
2019-06-28 12:09:00.000000000,BEST_BID,"JPM,99410,219"
2019-06-28 12:09:00.000000000,BEST_ASK,"JPM,99411,428"
2019-06-28 12:09:00.000000000,LAST_TRADE,"6,$99410.0000"
2019-06-28 12:09:00.000000000,QUERY_SPREAD,101
2019-06-28 12:09:00.000000000,QUERY_ORDER_STREAM,101
2019-06-28 12:09:00.000000000,BEST_BID,"JPM,99410,227"
2019-06-28 12:09:00.000000000,BEST_ASK,"JPM,99411,428"
2019-06-28 12:09:10.000000000,QUERY_SPREAD,1
2019-06-28 12:09:10.000000000,BEST_BID,"JPM,99410,336"
2019-06-28 12:09:10.000000000,BEST_ASK,"JPM,99411,100"
2019-06-28 12:09:10.000000000,BEST_BID,"JPM,99410,336"
2019-06-28 12:09:10.000000000,BEST_ASK,"JPM,99411,428"
2019-06-28 12:09:10.234002739,QUERY_SPREAD,31
2019-06-28 12:09:10.234002739,BEST_BID,"JPM,99410,236"
2019-06-28 12:09:10.234002739,BEST_ASK,"JPM,99411,428"
2019-06-28 12:09:10.234002739,LAST_TRADE,"100,$99410.0000"
2019-06-28 12:09:17.175623058,QUERY_SPREAD,8
2019-06-28 12:09:17.175623058,BEST_BID,"JPM,99410,236"
2019-06-28 12:09:17.175623058,BEST_ASK,"JPM,99411,428"
2019-06-28 12:09:17.914232430,QUERY_SPREAD,24
2019-06-28 12:09:17.914232430,BEST_BID,"JPM,99410,236"
2019-06-28 12:09:17.914232430,BEST_ASK,"JPM,99411,328"
2019-06-28 12:09:17.914232430,LAST_TRADE,"100,$99411.0000"
2019-06-28 12:09:20.000000000,QUERY_SPREAD,1
2019-06-28 12:09:20.000000000,BEST_BID,"JPM,99406,74"
2019-06-28 12:09:20.000000000,BEST_ASK,"JPM,99477,110"
2019-06-28 12:09:20.000000000,BEST_BID,"JPM,99406,74"
2019-06-28 12:09:20.000000000,BEST_ASK,"JPM,99477,110"
2019-06-28 12:09:20.000000000,BEST_BID,"JPM,99406,74"
2019-06-28 12:09:20.000000000,BEST_ASK,"JPM,99477,110"
2019-06-28 12:09:20.000000000,BEST_BID,"JPM,99406,74"
2019-06-28 12:09:20.000000000,BEST_ASK,"JPM,99477,110"
2019-06-28 12:09:20.000000000,BEST_BID,"JPM,99406,74"
2019-06-28 12:09:20.000000000,BEST_ASK,"JPM,99477,110"
2019-06-28 12:09:20.000000000,BEST_BID,"JPM,99406,74"
2019-06-28 12:09:20.000000000,BEST_ASK,"JPM,99477,176"
2019-06-28 12:09:20.000000000,BEST_BID,"JPM,99406,74"
2019-06-28 12:09:20.000000000,BEST_ASK,"JPM,99477,176"
2019-06-28 12:09:20.000000000,BEST_BID,"JPM,99406,74"
2019-06-28 12:09:20.000000000,BEST_ASK,"JPM,99477,176"
2019-06-28 12:09:20.000000000,BEST_BID,"JPM,99406,74"
2019-06-28 12:09:20.000000000,BEST_ASK,"JPM,99477,176"
2019-06-28 12:09:20.000000000,BEST_BID,"JPM,99406,74"
2019-06-28 12:09:20.000000000,BEST_ASK,"JPM,99477,176"
2019-06-28 12:09:30.000000000,QUERY_SPREAD,1
2019-06-28 12:09:30.000000000,BEST_BID,"JPM,99406,74"
2019-06-28 12:09:30.000000000,BEST_ASK,"JPM,99477,110"
2019-06-28 12:09:30.000000000,BEST_BID,"JPM,99406,74"
2019-06-28 12:09:30.000000000,BEST_ASK,"JPM,99477,110"
2019-06-28 12:09:30.000000000,BEST_BID,"JPM,99406,74"
2019-06-28 12:09:30.000000000,BEST_ASK,"JPM,99477,110"
2019-06-28 12:09:30.000000000,BEST_BID,"JPM,99406,74"
2019-06-28 12:09:30.000000000,BEST_ASK,"JPM,99477,110"
2019-06-28 12:09:30.000000000,BEST_BID,"JPM,99406,74"
2019-06-28 12:09:30.000000000,BEST_ASK,"JPM,99477,110"
2019-06-28 12:09:30.000000000,BEST_BID,"JPM,99406,74"
2019-06-28 12:09:30.000000000,BEST_ASK,"JPM,99477,176"
2019-06-28 12:09:30.000000000,BEST_BID,"JPM,99406,74"
2019-06-28 12:09:30.000000000,BEST_ASK,"JPM,99477,176"
2019-06-28 12:09:30.000000000,BEST_BID,"JPM,99406,74"
2019-06-28 12:09:30.000000000,BEST_ASK,"JPM,99477,176"
2019-06-28 12:09:30.000000000,BEST_BID,"JPM,99406,74"
2019-06-28 12:09:30.000000000,BEST_ASK,"JPM,99477,176"
2019-06-28 12:09:30.000000000,BEST_BID,"JPM,99406,74"
2019-06-28 12:09:30.000000000,BEST_ASK,"JPM,99477,176"
2019-06-28 12:09:32.276501423,QUERY_SPREAD,50
2019-06-28 12:09:32.276501423,BEST_BID,"JPM,99405,74"
2019-06-28 12:09:32.276501423,BEST_ASK,"JPM,99406,26"
2019-06-28 12:09:32.276501423,LAST_TRADE,"74,$99406.0000"
2019-06-28 12:09:40.000000000,QUERY_SPREAD,1
2019-06-28 12:09:40.000000000,BEST_BID,"JPM,99405,336"
2019-06-28 12:09:40.000000000,BEST_ASK,"JPM,99406,26"
2019-06-28 12:09:40.000000000,BEST_BID,"JPM,99405,336"
2019-06-28 12:09:40.000000000,BEST_ASK,"JPM,99406,354"
2019-06-28 12:09:40.968818654,QUERY_ORDER_STREAM,67
2019-06-28 12:09:40.968818654,QUERY_SPREAD,67
2019-06-28 12:09:40.968818654,BEST_BID,"JPM,99405,336"
2019-06-28 12:09:40.968818654,BEST_ASK,"JPM,99406,254"
2019-06-28 12:09:40.968818654,LAST_TRADE,"100,$99406.0000"
2019-06-28 12:09:48.046726664,QUERY_SPREAD,12
2019-06-28 12:09:48.046726664,BEST_BID,"JPM,99405,336"
2019-06-28 12:09:48.046726664,BEST_ASK,"JPM,99406,254"
2019-06-28 12:09:50.000000000,QUERY_SPREAD,1
2019-06-28 12:09:50.000000000,BEST_BID,"JPM,99405,172"
2019-06-28 12:09:50.000000000,BEST_ASK,"JPM,99477,110"
2019-06-28 12:09:50.000000000,BEST_BID,"JPM,99405,172"
2019-06-28 12:09:50.000000000,BEST_ASK,"JPM,99477,110"
2019-06-28 12:09:50.000000000,BEST_BID,"JPM,99405,172"
2019-06-28 12:09:50.000000000,BEST_ASK,"JPM,99477,274"
2019-06-28 12:09:50.000000000,BEST_BID,"JPM,99405,172"
2019-06-28 12:09:50.000000000,BEST_ASK,"JPM,99477,274"
2019-06-28 12:09:57.736282679,QUERY_SPREAD,28
2019-06-28 12:09:57.736282679,BEST_BID,"JPM,99405,172"
2019-06-28 12:09:57.736282679,BEST_ASK,"JPM,99477,274"
2019-06-28 12:10:00.000000000,QUERY_SPREAD,1
2019-06-28 12:10:00.000000000,BEST_BID,"JPM,99405,336"
2019-06-28 12:10:00.000000000,BEST_ASK,"JPM,99477,110"
2019-06-28 12:10:00.000000000,BEST_BID,"JPM,99405,336"
2019-06-28 12:10:00.000000000,BEST_ASK,"JPM,99477,438"
2019-06-28 12:10:00.000000000,QUERY_SPREAD,77
2019-06-28 12:10:00.000000000,BEST_BID,"JPM,99405,332"
2019-06-28 12:10:00.000000000,BEST_ASK,"JPM,99477,438"
2019-06-28 12:10:00.000000000,LAST_TRADE,"4,$99405.0000"
2019-06-28 12:10:00.000000000,QUERY_SPREAD,78
2019-06-28 12:10:00.000000000,BEST_BID,"JPM,99405,324"
2019-06-28 12:10:00.000000000,BEST_ASK,"JPM,99477,438"
2019-06-28 12:10:00.000000000,LAST_TRADE,"8,$99405.0000"
2019-06-28 12:10:00.000000000,QUERY_SPREAD,79
2019-06-28 12:10:00.000000000,BEST_BID,"JPM,99405,323"
2019-06-28 12:10:00.000000000,BEST_ASK,"JPM,99477,438"
2019-06-28 12:10:00.000000000,LAST_TRADE,"1,$99405.0000"
2019-06-28 12:10:00.000000000,QUERY_SPREAD,80
2019-06-28 12:10:00.000000000,BEST_BID,"JPM,99405,318"
2019-06-28 12:10:00.000000000,BEST_ASK,"JPM,99477,438"
2019-06-28 12:10:00.000000000,LAST_TRADE,"5,$99405.0000"
2019-06-28 12:10:00.000000000,QUERY_SPREAD,81
2019-06-28 12:10:00.000000000,BEST_BID,"JPM,99405,313"
2019-06-28 12:10:00.000000000,BEST_ASK,"JPM,99477,438"
2019-06-28 12:10:00.000000000,LAST_TRADE,"5,$99405.0000"
2019-06-28 12:10:00.000000000,QUERY_SPREAD,82
2019-06-28 12:10:00.000000000,BEST_BID,"JPM,99405,307"
2019-06-28 12:10:00.000000000,BEST_ASK,"JPM,99477,438"
2019-06-28 12:10:00.000000000,LAST_TRADE,"6,$99405.0000"
2019-06-28 12:10:00.000000000,QUERY_SPREAD,83
2019-06-28 12:10:00.000000000,BEST_BID,"JPM,99405,303"
2019-06-28 12:10:00.000000000,BEST_ASK,"JPM,99477,438"
2019-06-28 12:10:00.000000000,LAST_TRADE,"4,$99405.0000"
2019-06-28 12:10:00.000000000,QUERY_SPREAD,84
2019-06-28 12:10:00.000000000,BEST_BID,"JPM,99405,298"
2019-06-28 12:10:00.000000000,BEST_ASK,"JPM,99477,438"
2019-06-28 12:10:00.000000000,LAST_TRADE,"5,$99405.0000"
2019-06-28 12:10:00.000000000,QUERY_SPREAD,85
2019-06-28 12:10:00.000000000,BEST_BID,"JPM,99405,293"
2019-06-28 12:10:00.000000000,BEST_ASK,"JPM,99477,438"
2019-06-28 12:10:00.000000000,LAST_TRADE,"5,$99405.0000"
2019-06-28 12:10:00.000000000,QUERY_SPREAD,86
2019-06-28 12:10:00.000000000,BEST_BID,"JPM,99405,284"
2019-06-28 12:10:00.000000000,BEST_ASK,"JPM,99477,438"
2019-06-28 12:10:00.000000000,LAST_TRADE,"9,$99405.0000"
2019-06-28 12:10:00.000000000,QUERY_SPREAD,87
2019-06-28 12:10:00.000000000,BEST_BID,"JPM,99405,282"
2019-06-28 12:10:00.000000000,BEST_ASK,"JPM,99477,438"
2019-06-28 12:10:00.000000000,LAST_TRADE,"2,$99405.0000"
2019-06-28 12:10:00.000000000,QUERY_SPREAD,88
2019-06-28 12:10:00.000000000,BEST_BID,"JPM,99405,274"
2019-06-28 12:10:00.000000000,BEST_ASK,"JPM,99477,438"
2019-06-28 12:10:00.000000000,LAST_TRADE,"8,$99405.0000"
2019-06-28 12:10:00.000000000,QUERY_SPREAD,89
2019-06-28 12:10:00.000000000,BEST_BID,"JPM,99405,267"
2019-06-28 12:10:00.000000000,BEST_ASK,"JPM,99477,438"
2019-06-28 12:10:00.000000000,LAST_TRADE,"7,$99405.0000"
2019-06-28 12:10:00.000000000,QUERY_SPREAD,90
2019-06-28 12:10:00.000000000,BEST_BID,"JPM,99405,261"
2019-06-28 12:10:00.000000000,BEST_ASK,"JPM,99477,438"
2019-06-28 12:10:00.000000000,LAST_TRADE,"6,$99405.0000"
2019-06-28 12:10:00.000000000,QUERY_SPREAD,91
2019-06-28 12:10:00.000000000,BEST_BID,"JPM,99405,256"
2019-06-28 12:10:00.000000000,BEST_ASK,"JPM,99477,438"
2019-06-28 12:10:00.000000000,LAST_TRADE,"5,$99405.0000"
2019-06-28 12:10:00.000000000,QUERY_SPREAD,92
2019-06-28 12:10:00.000000000,BEST_BID,"JPM,99405,255"
2019-06-28 12:10:00.000000000,BEST_ASK,"JPM,99477,438"
2019-06-28 12:10:00.000000000,LAST_TRADE,"1,$99405.0000"
2019-06-28 12:10:00.000000000,QUERY_SPREAD,93
2019-06-28 12:10:00.000000000,BEST_BID,"JPM,99405,253"
2019-06-28 12:10:00.000000000,BEST_ASK,"JPM,99477,438"
2019-06-28 12:10:00.000000000,LAST_TRADE,"2,$99405.0000"
2019-06-28 12:10:00.000000000,QUERY_SPREAD,94
2019-06-28 12:10:00.000000000,BEST_BID,"JPM,99405,251"
2019-06-28 12:10:00.000000000,BEST_ASK,"JPM,99477,438"
2019-06-28 12:10:00.000000000,LAST_TRADE,"2,$99405.0000"
2019-06-28 12:10:00.000000000,QUERY_SPREAD,95
2019-06-28 12:10:00.000000000,BEST_BID,"JPM,99405,244"
2019-06-28 12:10:00.000000000,BEST_ASK,"JPM,99477,438"
2019-06-28 12:10:00.000000000,LAST_TRADE,"7,$99405.0000"
2019-06-28 12:10:00.000000000,QUERY_SPREAD,96
2019-06-28 12:10:00.000000000,BEST_BID,"JPM,99405,237"
2019-06-28 12:10:00.000000000,BEST_ASK,"JPM,99477,438"
2019-06-28 12:10:00.000000000,LAST_TRADE,"7,$99405.0000"
2019-06-28 12:10:00.000000000,QUERY_SPREAD,97
2019-06-28 12:10:00.000000000,BEST_BID,"JPM,99405,231"
2019-06-28 12:10:00.000000000,BEST_ASK,"JPM,99477,438"
2019-06-28 12:10:00.000000000,LAST_TRADE,"6,$99405.0000"
2019-06-28 12:10:00.000000000,QUERY_SPREAD,98
2019-06-28 12:10:00.000000000,BEST_BID,"JPM,99405,227"
2019-06-28 12:10:00.000000000,BEST_ASK,"JPM,99477,438"
2019-06-28 12:10:00.000000000,LAST_TRADE,"4,$99405.0000"
2019-06-28 12:10:00.000000000,QUERY_SPREAD,99
2019-06-28 12:10:00.000000000,BEST_BID,"JPM,99405,225"
2019-06-28 12:10:00.000000000,BEST_ASK,"JPM,99477,438"
2019-06-28 12:10:00.000000000,LAST_TRADE,"2,$99405.0000"
2019-06-28 12:10:00.000000000,QUERY_SPREAD,100
2019-06-28 12:10:00.000000000,BEST_BID,"JPM,99405,219"
2019-06-28 12:10:00.000000000,BEST_ASK,"JPM,99477,438"
2019-06-28 12:10:00.000000000,LAST_TRADE,"6,$99405.0000"
2019-06-28 12:10:00.000000000,QUERY_SPREAD,101
2019-06-28 12:10:00.000000000,QUERY_ORDER_STREAM,101
2019-06-28 12:10:00.000000000,BEST_BID,"JPM,99405,227"
2019-06-28 12:10:00.000000000,BEST_ASK,"JPM,99477,438"
2019-06-28 12:10:10.000000000,QUERY_SPREAD,1
2019-06-28 12:10:10.000000000,BEST_BID,"JPM,99405,90"
2019-06-28 12:10:10.000000000,BEST_ASK,"JPM,99477,110"
2019-06-28 12:10:10.000000000,BEST_BID,"JPM,99405,90"
2019-06-28 12:10:10.000000000,BEST_ASK,"JPM,99477,110"
2019-06-28 12:10:10.000000000,BEST_BID,"JPM,99405,90"
2019-06-28 12:10:10.000000000,BEST_ASK,"JPM,99477,110"
2019-06-28 12:10:10.000000000,BEST_BID,"JPM,99405,90"
2019-06-28 12:10:10.000000000,BEST_ASK,"JPM,99477,110"
2019-06-28 12:10:10.000000000,BEST_BID,"JPM,99405,90"
2019-06-28 12:10:10.000000000,BEST_ASK,"JPM,99477,192"
2019-06-28 12:10:10.000000000,BEST_BID,"JPM,99405,90"
2019-06-28 12:10:10.000000000,BEST_ASK,"JPM,99477,192"
2019-06-28 12:10:10.000000000,BEST_BID,"JPM,99405,90"
2019-06-28 12:10:10.000000000,BEST_ASK,"JPM,99477,192"
2019-06-28 12:10:10.000000000,BEST_BID,"JPM,99405,90"
2019-06-28 12:10:10.000000000,BEST_ASK,"JPM,99477,192"
2019-06-28 12:10:13.379139076,QUERY_ORDER_STREAM,69
2019-06-28 12:10:13.379139076,QUERY_SPREAD,69
2019-06-28 12:10:20.000000000,QUERY_SPREAD,1
2019-06-28 12:10:20.000000000,BEST_BID,"JPM,99405,120"
2019-06-28 12:10:20.000000000,BEST_ASK,"JPM,99477,110"
2019-06-28 12:10:20.000000000,BEST_BID,"JPM,99405,120"
2019-06-28 12:10:20.000000000,BEST_ASK,"JPM,99477,110"
2019-06-28 12:10:20.000000000,BEST_BID,"JPM,99405,120"
2019-06-28 12:10:20.000000000,BEST_ASK,"JPM,99477,110"
2019-06-28 12:10:20.000000000,BEST_BID,"JPM,99405,120"
2019-06-28 12:10:20.000000000,BEST_ASK,"JPM,99477,222"
2019-06-28 12:10:20.000000000,BEST_BID,"JPM,99405,120"
2019-06-28 12:10:20.000000000,BEST_ASK,"JPM,99477,222"
2019-06-28 12:10:20.000000000,BEST_BID,"JPM,99405,120"
2019-06-28 12:10:20.000000000,BEST_ASK,"JPM,99477,222"
2019-06-28 12:10:20.386319138,QUERY_SPREAD,24
2019-06-28 12:10:20.386319138,BEST_BID,"JPM,99405,120"
2019-06-28 12:10:20.386319138,BEST_ASK,"JPM,99477,222"
2019-06-28 12:10:28.569902811,QUERY_SPREAD,49
2019-06-28 12:10:28.569902811,BEST_BID,"JPM,99405,120"
2019-06-28 12:10:28.569902811,BEST_ASK,"JPM,99477,222"
2019-06-28 12:10:30.000000000,QUERY_SPREAD,1
2019-06-28 12:10:30.000000000,BEST_BID,"JPM,99405,120"
2019-06-28 12:10:30.000000000,BEST_ASK,"JPM,99477,110"
2019-06-28 12:10:30.000000000,BEST_BID,"JPM,99405,120"
2019-06-28 12:10:30.000000000,BEST_ASK,"JPM,99477,110"
2019-06-28 12:10:30.000000000,BEST_BID,"JPM,99405,120"
2019-06-28 12:10:30.000000000,BEST_ASK,"JPM,99477,110"
2019-06-28 12:10:30.000000000,BEST_BID,"JPM,99405,120"
2019-06-28 12:10:30.000000000,BEST_ASK,"JPM,99477,222"
2019-06-28 12:10:30.000000000,BEST_BID,"JPM,99405,120"
2019-06-28 12:10:30.000000000,BEST_ASK,"JPM,99477,222"
2019-06-28 12:10:30.000000000,BEST_BID,"JPM,99405,120"
2019-06-28 12:10:30.000000000,BEST_ASK,"JPM,99477,222"
2019-06-28 12:10:40.000000000,QUERY_SPREAD,1
2019-06-28 12:10:40.000000000,BEST_BID,"JPM,99405,172"
2019-06-28 12:10:40.000000000,BEST_ASK,"JPM,99477,110"
2019-06-28 12:10:40.000000000,BEST_BID,"JPM,99405,172"
2019-06-28 12:10:40.000000000,BEST_ASK,"JPM,99477,110"
2019-06-28 12:10:40.000000000,BEST_BID,"JPM,99405,172"
2019-06-28 12:10:40.000000000,BEST_ASK,"JPM,99477,274"
2019-06-28 12:10:40.000000000,BEST_BID,"JPM,99405,172"
2019-06-28 12:10:40.000000000,BEST_ASK,"JPM,99477,274"
2019-06-28 12:10:40.251843197,QUERY_SPREAD,48
2019-06-28 12:10:40.251843197,BEST_BID,"JPM,99405,72"
2019-06-28 12:10:40.251843197,BEST_ASK,"JPM,99477,274"
2019-06-28 12:10:40.251843197,LAST_TRADE,"100,$99405.0000"
2019-06-28 12:10:43.123089949,QUERY_ORDER_STREAM,60
2019-06-28 12:10:43.123089949,QUERY_SPREAD,60
2019-06-28 12:10:43.123089949,BEST_BID,"JPM,99391,264"
2019-06-28 12:10:43.123089949,BEST_ASK,"JPM,99405,28"
2019-06-28 12:10:43.123089949,LAST_TRADE,"72,$99405.0000"
2019-06-28 12:10:43.424717131,QUERY_SPREAD,11
2019-06-28 12:10:43.424717131,BEST_BID,"JPM,99391,264"
2019-06-28 12:10:43.424717131,BEST_ASK,"JPM,99405,28"
2019-06-28 12:10:48.227018577,QUERY_SPREAD,49
2019-06-28 12:10:48.227018577,BEST_BID,"JPM,99391,264"
2019-06-28 12:10:48.227018577,BEST_ASK,"JPM,99405,28"
2019-06-28 12:10:50.000000000,QUERY_SPREAD,1
2019-06-28 12:10:50.000000000,BEST_BID,"JPM,99391,212"
2019-06-28 12:10:50.000000000,BEST_ASK,"JPM,99405,28"
2019-06-28 12:10:50.000000000,BEST_BID,"JPM,99391,212"
2019-06-28 12:10:50.000000000,BEST_ASK,"JPM,99405,28"
2019-06-28 12:10:50.000000000,BEST_BID,"JPM,99391,212"
2019-06-28 12:10:50.000000000,BEST_ASK,"JPM,99405,28"
2019-06-28 12:10:50.000000000,BEST_BID,"JPM,99391,212"
2019-06-28 12:10:50.000000000,BEST_ASK,"JPM,99405,140"
2019-06-28 12:10:50.000000000,BEST_BID,"JPM,99391,212"
2019-06-28 12:10:50.000000000,BEST_ASK,"JPM,99405,140"
2019-06-28 12:10:50.000000000,BEST_BID,"JPM,99391,212"
2019-06-28 12:10:50.000000000,BEST_ASK,"JPM,99405,140"
2019-06-28 12:11:00.000000000,QUERY_SPREAD,1
2019-06-28 12:11:00.000000000,BEST_BID,"JPM,99391,182"
2019-06-28 12:11:00.000000000,BEST_ASK,"JPM,99405,28"
2019-06-28 12:11:00.000000000,BEST_BID,"JPM,99391,182"
2019-06-28 12:11:00.000000000,BEST_ASK,"JPM,99405,28"
2019-06-28 12:11:00.000000000,BEST_BID,"JPM,99391,182"
2019-06-28 12:11:00.000000000,BEST_ASK,"JPM,99405,28"
2019-06-28 12:11:00.000000000,BEST_BID,"JPM,99391,182"
2019-06-28 12:11:00.000000000,BEST_ASK,"JPM,99405,28"
2019-06-28 12:11:00.000000000,BEST_BID,"JPM,99391,182"
2019-06-28 12:11:00.000000000,BEST_ASK,"JPM,99405,110"
2019-06-28 12:11:00.000000000,BEST_BID,"JPM,99391,182"
2019-06-28 12:11:00.000000000,BEST_ASK,"JPM,99405,110"
2019-06-28 12:11:00.000000000,BEST_BID,"JPM,99391,182"
2019-06-28 12:11:00.000000000,BEST_ASK,"JPM,99405,110"
2019-06-28 12:11:00.000000000,BEST_BID,"JPM,99391,182"
2019-06-28 12:11:00.000000000,BEST_ASK,"JPM,99405,110"
2019-06-28 12:11:00.000000000,QUERY_SPREAD,77
2019-06-28 12:11:00.000000000,BEST_BID,"JPM,99391,178"
2019-06-28 12:11:00.000000000,BEST_ASK,"JPM,99405,110"
2019-06-28 12:11:00.000000000,LAST_TRADE,"4,$99391.0000"
2019-06-28 12:11:00.000000000,QUERY_SPREAD,78
2019-06-28 12:11:00.000000000,BEST_BID,"JPM,99391,170"
2019-06-28 12:11:00.000000000,BEST_ASK,"JPM,99405,110"
2019-06-28 12:11:00.000000000,LAST_TRADE,"8,$99391.0000"
2019-06-28 12:11:00.000000000,QUERY_SPREAD,79
2019-06-28 12:11:00.000000000,BEST_BID,"JPM,99391,169"
2019-06-28 12:11:00.000000000,BEST_ASK,"JPM,99405,110"
2019-06-28 12:11:00.000000000,LAST_TRADE,"1,$99391.0000"
2019-06-28 12:11:00.000000000,QUERY_SPREAD,80
2019-06-28 12:11:00.000000000,BEST_BID,"JPM,99391,164"
2019-06-28 12:11:00.000000000,BEST_ASK,"JPM,99405,110"
2019-06-28 12:11:00.000000000,LAST_TRADE,"5,$99391.0000"
2019-06-28 12:11:00.000000000,QUERY_SPREAD,81
2019-06-28 12:11:00.000000000,BEST_BID,"JPM,99391,159"
2019-06-28 12:11:00.000000000,BEST_ASK,"JPM,99405,110"
2019-06-28 12:11:00.000000000,LAST_TRADE,"5,$99391.0000"
2019-06-28 12:11:00.000000000,QUERY_SPREAD,82
2019-06-28 12:11:00.000000000,BEST_BID,"JPM,99391,153"
2019-06-28 12:11:00.000000000,BEST_ASK,"JPM,99405,110"
2019-06-28 12:11:00.000000000,LAST_TRADE,"6,$99391.0000"
2019-06-28 12:11:00.000000000,QUERY_SPREAD,83
2019-06-28 12:11:00.000000000,BEST_BID,"JPM,99391,149"
2019-06-28 12:11:00.000000000,BEST_ASK,"JPM,99405,110"
2019-06-28 12:11:00.000000000,LAST_TRADE,"4,$99391.0000"
2019-06-28 12:11:00.000000000,QUERY_SPREAD,84
2019-06-28 12:11:00.000000000,BEST_BID,"JPM,99391,144"
2019-06-28 12:11:00.000000000,BEST_ASK,"JPM,99405,110"
2019-06-28 12:11:00.000000000,LAST_TRADE,"5,$99391.0000"
2019-06-28 12:11:00.000000000,QUERY_SPREAD,85
2019-06-28 12:11:00.000000000,BEST_BID,"JPM,99391,139"
2019-06-28 12:11:00.000000000,BEST_ASK,"JPM,99405,110"
2019-06-28 12:11:00.000000000,LAST_TRADE,"5,$99391.0000"
2019-06-28 12:11:00.000000000,QUERY_SPREAD,86
2019-06-28 12:11:00.000000000,BEST_BID,"JPM,99391,130"
2019-06-28 12:11:00.000000000,BEST_ASK,"JPM,99405,110"
2019-06-28 12:11:00.000000000,LAST_TRADE,"9,$99391.0000"
2019-06-28 12:11:00.000000000,QUERY_SPREAD,87
2019-06-28 12:11:00.000000000,BEST_BID,"JPM,99391,128"
2019-06-28 12:11:00.000000000,BEST_ASK,"JPM,99405,110"
2019-06-28 12:11:00.000000000,LAST_TRADE,"2,$99391.0000"
2019-06-28 12:11:00.000000000,QUERY_SPREAD,88
2019-06-28 12:11:00.000000000,BEST_BID,"JPM,99391,120"
2019-06-28 12:11:00.000000000,BEST_ASK,"JPM,99405,110"
2019-06-28 12:11:00.000000000,LAST_TRADE,"8,$99391.0000"
2019-06-28 12:11:00.000000000,QUERY_SPREAD,89
2019-06-28 12:11:00.000000000,BEST_BID,"JPM,99391,113"
2019-06-28 12:11:00.000000000,BEST_ASK,"JPM,99405,110"
2019-06-28 12:11:00.000000000,LAST_TRADE,"7,$99391.0000"
2019-06-28 12:11:00.000000000,QUERY_SPREAD,90
2019-06-28 12:11:00.000000000,BEST_BID,"JPM,99391,107"
2019-06-28 12:11:00.000000000,BEST_ASK,"JPM,99405,110"
2019-06-28 12:11:00.000000000,LAST_TRADE,"6,$99391.0000"
2019-06-28 12:11:00.000000000,QUERY_SPREAD,91
2019-06-28 12:11:00.000000000,BEST_BID,"JPM,99391,102"
2019-06-28 12:11:00.000000000,BEST_ASK,"JPM,99405,110"
2019-06-28 12:11:00.000000000,LAST_TRADE,"5,$99391.0000"
2019-06-28 12:11:00.000000000,QUERY_SPREAD,92
2019-06-28 12:11:00.000000000,BEST_BID,"JPM,99391,101"
2019-06-28 12:11:00.000000000,BEST_ASK,"JPM,99405,110"
2019-06-28 12:11:00.000000000,LAST_TRADE,"1,$99391.0000"
2019-06-28 12:11:00.000000000,QUERY_SPREAD,93
2019-06-28 12:11:00.000000000,BEST_BID,"JPM,99391,99"
2019-06-28 12:11:00.000000000,BEST_ASK,"JPM,99405,110"
2019-06-28 12:11:00.000000000,LAST_TRADE,"2,$99391.0000"
2019-06-28 12:11:00.000000000,QUERY_SPREAD,94
2019-06-28 12:11:00.000000000,BEST_BID,"JPM,99391,97"
2019-06-28 12:11:00.000000000,BEST_ASK,"JPM,99405,110"
2019-06-28 12:11:00.000000000,LAST_TRADE,"2,$99391.0000"
2019-06-28 12:11:00.000000000,QUERY_SPREAD,95
2019-06-28 12:11:00.000000000,BEST_BID,"JPM,99391,90"
2019-06-28 12:11:00.000000000,BEST_ASK,"JPM,99405,110"
2019-06-28 12:11:00.000000000,LAST_TRADE,"7,$99391.0000"
2019-06-28 12:11:00.000000000,QUERY_SPREAD,96
2019-06-28 12:11:00.000000000,BEST_BID,"JPM,99391,83"
2019-06-28 12:11:00.000000000,BEST_ASK,"JPM,99405,110"
2019-06-28 12:11:00.000000000,LAST_TRADE,"7,$99391.0000"
2019-06-28 12:11:00.000000000,QUERY_SPREAD,97
2019-06-28 12:11:00.000000000,BEST_BID,"JPM,99391,77"
2019-06-28 12:11:00.000000000,BEST_ASK,"JPM,99405,110"
2019-06-28 12:11:00.000000000,LAST_TRADE,"6,$99391.0000"
2019-06-28 12:11:00.000000000,QUERY_SPREAD,98
2019-06-28 12:11:00.000000000,BEST_BID,"JPM,99391,73"
2019-06-28 12:11:00.000000000,BEST_ASK,"JPM,99405,110"
2019-06-28 12:11:00.000000000,LAST_TRADE,"4,$99391.0000"
2019-06-28 12:11:00.000000000,QUERY_SPREAD,99
2019-06-28 12:11:00.000000000,BEST_BID,"JPM,99391,71"
2019-06-28 12:11:00.000000000,BEST_ASK,"JPM,99405,110"
2019-06-28 12:11:00.000000000,LAST_TRADE,"2,$99391.0000"
2019-06-28 12:11:00.000000000,QUERY_SPREAD,100
2019-06-28 12:11:00.000000000,BEST_BID,"JPM,99391,65"
2019-06-28 12:11:00.000000000,BEST_ASK,"JPM,99405,110"
2019-06-28 12:11:00.000000000,LAST_TRADE,"6,$99391.0000"
2019-06-28 12:11:00.000000000,QUERY_SPREAD,101
2019-06-28 12:11:00.000000000,QUERY_ORDER_STREAM,101
2019-06-28 12:11:00.000000000,BEST_BID,"JPM,99391,73"
2019-06-28 12:11:00.000000000,BEST_ASK,"JPM,99405,110"
2019-06-28 12:11:10.000000000,QUERY_SPREAD,1
2019-06-28 12:11:10.000000000,BEST_BID,"JPM,99391,90"
2019-06-28 12:11:10.000000000,BEST_ASK,"JPM,99405,28"
2019-06-28 12:11:10.000000000,BEST_BID,"JPM,99391,90"
2019-06-28 12:11:10.000000000,BEST_ASK,"JPM,99405,28"
2019-06-28 12:11:10.000000000,BEST_BID,"JPM,99391,90"
2019-06-28 12:11:10.000000000,BEST_ASK,"JPM,99405,28"
2019-06-28 12:11:10.000000000,BEST_BID,"JPM,99391,90"
2019-06-28 12:11:10.000000000,BEST_ASK,"JPM,99405,28"
2019-06-28 12:11:10.000000000,BEST_BID,"JPM,99391,90"
2019-06-28 12:11:10.000000000,BEST_ASK,"JPM,99405,110"
2019-06-28 12:11:10.000000000,BEST_BID,"JPM,99391,90"
2019-06-28 12:11:10.000000000,BEST_ASK,"JPM,99405,110"
2019-06-28 12:11:10.000000000,BEST_BID,"JPM,99391,90"
2019-06-28 12:11:10.000000000,BEST_ASK,"JPM,99405,110"
2019-06-28 12:11:10.000000000,BEST_BID,"JPM,99391,90"
2019-06-28 12:11:10.000000000,BEST_ASK,"JPM,99405,110"
2019-06-28 12:11:11.550163231,QUERY_ORDER_STREAM,64
2019-06-28 12:11:11.550163231,QUERY_SPREAD,64
2019-06-28 12:11:11.550163231,BEST_BID,"JPM,99356,182"
2019-06-28 12:11:11.550163231,BEST_ASK,"JPM,99391,10"
2019-06-28 12:11:11.550163231,LAST_TRADE,"90,$99391.0000"
2019-06-28 12:11:19.566586285,QUERY_ORDER_STREAM,76
2019-06-28 12:11:19.566586285,QUERY_SPREAD,76
2019-06-28 12:11:20.000000000,QUERY_SPREAD,1
2019-06-28 12:11:20.000000000,BEST_BID,"JPM,99356,428"
2019-06-28 12:11:20.000000000,BEST_ASK,"JPM,99391,10"
2019-06-28 12:11:20.000000000,BEST_BID,"JPM,99356,428"
2019-06-28 12:11:20.000000000,BEST_ASK,"JPM,99391,338"
2019-06-28 12:11:30.000000000,QUERY_SPREAD,1
2019-06-28 12:11:30.000000000,BEST_BID,"JPM,99356,182"
2019-06-28 12:11:30.000000000,BEST_ASK,"JPM,99391,10"
2019-06-28 12:11:30.000000000,BEST_BID,"JPM,99356,182"
2019-06-28 12:11:30.000000000,BEST_ASK,"JPM,99391,10"
2019-06-28 12:11:30.000000000,BEST_BID,"JPM,99356,182"
2019-06-28 12:11:30.000000000,BEST_ASK,"JPM,99391,10"
2019-06-28 12:11:30.000000000,BEST_BID,"JPM,99356,182"
2019-06-28 12:11:30.000000000,BEST_ASK,"JPM,99391,10"
2019-06-28 12:11:30.000000000,BEST_BID,"JPM,99356,182"
2019-06-28 12:11:30.000000000,BEST_ASK,"JPM,99391,92"
2019-06-28 12:11:30.000000000,BEST_BID,"JPM,99356,182"
2019-06-28 12:11:30.000000000,BEST_ASK,"JPM,99391,92"
2019-06-28 12:11:30.000000000,BEST_BID,"JPM,99356,182"
2019-06-28 12:11:30.000000000,BEST_ASK,"JPM,99391,92"
2019-06-28 12:11:30.000000000,BEST_BID,"JPM,99356,182"
2019-06-28 12:11:30.000000000,BEST_ASK,"JPM,99391,92"
2019-06-28 12:11:33.264023959,QUERY_SPREAD,29
2019-06-28 12:11:33.264023959,BEST_BID,"JPM,99356,182"
2019-06-28 12:11:33.264023959,BEST_ASK,"JPM,99391,92"
2019-06-28 12:11:40.000000000,QUERY_SPREAD,1
2019-06-28 12:11:40.000000000,BEST_BID,"JPM,99356,428"
2019-06-28 12:11:40.000000000,BEST_ASK,"JPM,99391,10"
2019-06-28 12:11:40.000000000,BEST_BID,"JPM,99356,428"
2019-06-28 12:11:40.000000000,BEST_ASK,"JPM,99391,338"
2019-06-28 12:11:50.000000000,QUERY_SPREAD,1
2019-06-28 12:11:50.000000000,BEST_BID,"JPM,99356,182"
2019-06-28 12:11:50.000000000,BEST_ASK,"JPM,99391,10"
2019-06-28 12:11:50.000000000,BEST_BID,"JPM,99356,182"
2019-06-28 12:11:50.000000000,BEST_ASK,"JPM,99391,10"
2019-06-28 12:11:50.000000000,BEST_BID,"JPM,99356,182"
2019-06-28 12:11:50.000000000,BEST_ASK,"JPM,99391,10"
2019-06-28 12:11:50.000000000,BEST_BID,"JPM,99356,182"
2019-06-28 12:11:50.000000000,BEST_ASK,"JPM,99391,10"
2019-06-28 12:11:50.000000000,BEST_BID,"JPM,99356,182"
2019-06-28 12:11:50.000000000,BEST_ASK,"JPM,99391,92"
2019-06-28 12:11:50.000000000,BEST_BID,"JPM,99356,182"
2019-06-28 12:11:50.000000000,BEST_ASK,"JPM,99391,92"
2019-06-28 12:11:50.000000000,BEST_BID,"JPM,99356,182"
2019-06-28 12:11:50.000000000,BEST_ASK,"JPM,99391,92"
2019-06-28 12:11:50.000000000,BEST_BID,"JPM,99356,182"
2019-06-28 12:11:50.000000000,BEST_ASK,"JPM,99391,92"
2019-06-28 12:11:50.318292440,QUERY_SPREAD,30
2019-06-28 12:11:50.318292440,BEST_BID,"JPM,99391,8"
2019-06-28 12:11:50.318292440,BEST_ASK,"JPM,99405,110"
2019-06-28 12:11:50.318292440,LAST_TRADE,"92,$99391.0000"
2019-06-28 12:12:00.000000000,QUERY_SPREAD,1
2019-06-28 12:12:00.000000000,BEST_BID,"JPM,99391,172"
2019-06-28 12:12:00.000000000,BEST_ASK,"JPM,99405,28"
2019-06-28 12:12:00.000000000,BEST_BID,"JPM,99391,172"
2019-06-28 12:12:00.000000000,BEST_ASK,"JPM,99405,28"
2019-06-28 12:12:00.000000000,BEST_BID,"JPM,99391,172"
2019-06-28 12:12:00.000000000,BEST_ASK,"JPM,99405,192"
2019-06-28 12:12:00.000000000,BEST_BID,"JPM,99391,172"
2019-06-28 12:12:00.000000000,BEST_ASK,"JPM,99405,192"
2019-06-28 12:12:00.000000000,QUERY_SPREAD,77
2019-06-28 12:12:00.000000000,BEST_BID,"JPM,99391,168"
2019-06-28 12:12:00.000000000,BEST_ASK,"JPM,99405,192"
2019-06-28 12:12:00.000000000,LAST_TRADE,"4,$99391.0000"
2019-06-28 12:12:00.000000000,QUERY_SPREAD,78
2019-06-28 12:12:00.000000000,BEST_BID,"JPM,99391,160"
2019-06-28 12:12:00.000000000,BEST_ASK,"JPM,99405,192"
2019-06-28 12:12:00.000000000,LAST_TRADE,"8,$99391.0000"
2019-06-28 12:12:00.000000000,QUERY_SPREAD,79
2019-06-28 12:12:00.000000000,BEST_BID,"JPM,99391,159"
2019-06-28 12:12:00.000000000,BEST_ASK,"JPM,99405,192"
2019-06-28 12:12:00.000000000,LAST_TRADE,"1,$99391.0000"
2019-06-28 12:12:00.000000000,QUERY_SPREAD,80
2019-06-28 12:12:00.000000000,BEST_BID,"JPM,99391,154"
2019-06-28 12:12:00.000000000,BEST_ASK,"JPM,99405,192"
2019-06-28 12:12:00.000000000,LAST_TRADE,"5,$99391.0000"
2019-06-28 12:12:00.000000000,QUERY_SPREAD,81
2019-06-28 12:12:00.000000000,BEST_BID,"JPM,99391,149"
2019-06-28 12:12:00.000000000,BEST_ASK,"JPM,99405,192"
2019-06-28 12:12:00.000000000,LAST_TRADE,"5,$99391.0000"
2019-06-28 12:12:00.000000000,QUERY_SPREAD,82
2019-06-28 12:12:00.000000000,BEST_BID,"JPM,99391,143"
2019-06-28 12:12:00.000000000,BEST_ASK,"JPM,99405,192"
2019-06-28 12:12:00.000000000,LAST_TRADE,"6,$99391.0000"
2019-06-28 12:12:00.000000000,QUERY_SPREAD,83
2019-06-28 12:12:00.000000000,BEST_BID,"JPM,99391,139"
2019-06-28 12:12:00.000000000,BEST_ASK,"JPM,99405,192"
2019-06-28 12:12:00.000000000,LAST_TRADE,"4,$99391.0000"
2019-06-28 12:12:00.000000000,QUERY_SPREAD,84
2019-06-28 12:12:00.000000000,BEST_BID,"JPM,99391,134"
2019-06-28 12:12:00.000000000,BEST_ASK,"JPM,99405,192"
2019-06-28 12:12:00.000000000,LAST_TRADE,"5,$99391.0000"
2019-06-28 12:12:00.000000000,QUERY_SPREAD,85
2019-06-28 12:12:00.000000000,BEST_BID,"JPM,99391,129"
2019-06-28 12:12:00.000000000,BEST_ASK,"JPM,99405,192"
2019-06-28 12:12:00.000000000,LAST_TRADE,"5,$99391.0000"
2019-06-28 12:12:00.000000000,QUERY_SPREAD,86
2019-06-28 12:12:00.000000000,BEST_BID,"JPM,99391,120"
2019-06-28 12:12:00.000000000,BEST_ASK,"JPM,99405,192"
2019-06-28 12:12:00.000000000,LAST_TRADE,"9,$99391.0000"
2019-06-28 12:12:00.000000000,QUERY_SPREAD,87
2019-06-28 12:12:00.000000000,BEST_BID,"JPM,99391,118"
2019-06-28 12:12:00.000000000,BEST_ASK,"JPM,99405,192"
2019-06-28 12:12:00.000000000,LAST_TRADE,"2,$99391.0000"
2019-06-28 12:12:00.000000000,QUERY_SPREAD,88
2019-06-28 12:12:00.000000000,BEST_BID,"JPM,99391,110"
2019-06-28 12:12:00.000000000,BEST_ASK,"JPM,99405,192"
2019-06-28 12:12:00.000000000,LAST_TRADE,"8,$99391.0000"
2019-06-28 12:12:00.000000000,QUERY_SPREAD,89
2019-06-28 12:12:00.000000000,BEST_BID,"JPM,99391,103"
2019-06-28 12:12:00.000000000,BEST_ASK,"JPM,99405,192"
2019-06-28 12:12:00.000000000,LAST_TRADE,"7,$99391.0000"
2019-06-28 12:12:00.000000000,QUERY_SPREAD,90
2019-06-28 12:12:00.000000000,BEST_BID,"JPM,99391,97"
2019-06-28 12:12:00.000000000,BEST_ASK,"JPM,99405,192"
2019-06-28 12:12:00.000000000,LAST_TRADE,"6,$99391.0000"
2019-06-28 12:12:00.000000000,QUERY_SPREAD,91
2019-06-28 12:12:00.000000000,BEST_BID,"JPM,99391,92"
2019-06-28 12:12:00.000000000,BEST_ASK,"JPM,99405,192"
2019-06-28 12:12:00.000000000,LAST_TRADE,"5,$99391.0000"
2019-06-28 12:12:00.000000000,QUERY_SPREAD,92
2019-06-28 12:12:00.000000000,BEST_BID,"JPM,99391,91"
2019-06-28 12:12:00.000000000,BEST_ASK,"JPM,99405,192"
2019-06-28 12:12:00.000000000,LAST_TRADE,"1,$99391.0000"
2019-06-28 12:12:00.000000000,QUERY_SPREAD,93
2019-06-28 12:12:00.000000000,BEST_BID,"JPM,99391,89"
2019-06-28 12:12:00.000000000,BEST_ASK,"JPM,99405,192"
2019-06-28 12:12:00.000000000,LAST_TRADE,"2,$99391.0000"
2019-06-28 12:12:00.000000000,QUERY_SPREAD,94
2019-06-28 12:12:00.000000000,BEST_BID,"JPM,99391,87"
2019-06-28 12:12:00.000000000,BEST_ASK,"JPM,99405,192"
2019-06-28 12:12:00.000000000,LAST_TRADE,"2,$99391.0000"
2019-06-28 12:12:00.000000000,QUERY_SPREAD,95
2019-06-28 12:12:00.000000000,BEST_BID,"JPM,99391,80"
2019-06-28 12:12:00.000000000,BEST_ASK,"JPM,99405,192"
2019-06-28 12:12:00.000000000,LAST_TRADE,"7,$99391.0000"
2019-06-28 12:12:00.000000000,QUERY_SPREAD,96
2019-06-28 12:12:00.000000000,BEST_BID,"JPM,99391,73"
2019-06-28 12:12:00.000000000,BEST_ASK,"JPM,99405,192"
2019-06-28 12:12:00.000000000,LAST_TRADE,"7,$99391.0000"
2019-06-28 12:12:00.000000000,QUERY_SPREAD,97
2019-06-28 12:12:00.000000000,BEST_BID,"JPM,99391,67"
2019-06-28 12:12:00.000000000,BEST_ASK,"JPM,99405,192"
2019-06-28 12:12:00.000000000,LAST_TRADE,"6,$99391.0000"
2019-06-28 12:12:00.000000000,QUERY_SPREAD,98
2019-06-28 12:12:00.000000000,BEST_BID,"JPM,99391,63"
2019-06-28 12:12:00.000000000,BEST_ASK,"JPM,99405,192"
2019-06-28 12:12:00.000000000,LAST_TRADE,"4,$99391.0000"
2019-06-28 12:12:00.000000000,QUERY_SPREAD,99
2019-06-28 12:12:00.000000000,BEST_BID,"JPM,99391,61"
2019-06-28 12:12:00.000000000,BEST_ASK,"JPM,99405,192"
2019-06-28 12:12:00.000000000,LAST_TRADE,"2,$99391.0000"
2019-06-28 12:12:00.000000000,QUERY_SPREAD,100
2019-06-28 12:12:00.000000000,BEST_BID,"JPM,99391,55"
2019-06-28 12:12:00.000000000,BEST_ASK,"JPM,99405,192"
2019-06-28 12:12:00.000000000,LAST_TRADE,"6,$99391.0000"
2019-06-28 12:12:00.000000000,QUERY_SPREAD,101
2019-06-28 12:12:00.000000000,QUERY_ORDER_STREAM,101
2019-06-28 12:12:00.000000000,BEST_BID,"JPM,99391,63"
2019-06-28 12:12:00.000000000,BEST_ASK,"JPM,99405,192"
2019-06-28 12:12:10.000000000,QUERY_SPREAD,1
2019-06-28 12:12:10.000000000,BEST_BID,"JPM,99391,336"
2019-06-28 12:12:10.000000000,BEST_ASK,"JPM,99405,28"
2019-06-28 12:12:10.000000000,BEST_BID,"JPM,99391,336"
2019-06-28 12:12:10.000000000,BEST_ASK,"JPM,99405,356"
2019-06-28 12:12:19.555094670,QUERY_SPREAD,44
2019-06-28 12:12:19.555094670,BEST_BID,"JPM,99391,336"
2019-06-28 12:12:19.555094670,BEST_ASK,"JPM,99405,356"
2019-06-28 12:12:20.000000000,QUERY_SPREAD,1
2019-06-28 12:12:20.000000000,BEST_BID,"JPM,99391,90"
2019-06-28 12:12:20.000000000,BEST_ASK,"JPM,99405,28"
2019-06-28 12:12:20.000000000,BEST_BID,"JPM,99391,90"
2019-06-28 12:12:20.000000000,BEST_ASK,"JPM,99405,28"
2019-06-28 12:12:20.000000000,BEST_BID,"JPM,99391,90"
2019-06-28 12:12:20.000000000,BEST_ASK,"JPM,99405,28"
2019-06-28 12:12:20.000000000,BEST_BID,"JPM,99391,90"
2019-06-28 12:12:20.000000000,BEST_ASK,"JPM,99405,28"
2019-06-28 12:12:20.000000000,BEST_BID,"JPM,99391,90"
2019-06-28 12:12:20.000000000,BEST_ASK,"JPM,99405,110"
2019-06-28 12:12:20.000000000,BEST_BID,"JPM,99391,90"
2019-06-28 12:12:20.000000000,BEST_ASK,"JPM,99405,110"
2019-06-28 12:12:20.000000000,BEST_BID,"JPM,99391,90"
2019-06-28 12:12:20.000000000,BEST_ASK,"JPM,99405,110"
2019-06-28 12:12:20.000000000,BEST_BID,"JPM,99391,90"
2019-06-28 12:12:20.000000000,BEST_ASK,"JPM,99405,110"
2019-06-28 12:12:20.937157246,QUERY_SPREAD,38
2019-06-28 12:12:20.937157246,BEST_BID,"JPM,99391,90"
2019-06-28 12:12:20.937157246,BEST_ASK,"JPM,99405,110"
2019-06-28 12:12:26.962266983,QUERY_SPREAD,18
2019-06-28 12:12:26.962266983,BEST_BID,"JPM,99391,90"
2019-06-28 12:12:26.962266983,BEST_ASK,"JPM,99405,110"
2019-06-28 12:12:30.000000000,QUERY_SPREAD,1
2019-06-28 12:12:30.000000000,BEST_BID,"JPM,99391,74"
2019-06-28 12:12:30.000000000,BEST_ASK,"JPM,99405,28"
2019-06-28 12:12:30.000000000,BEST_BID,"JPM,99391,74"
2019-06-28 12:12:30.000000000,BEST_ASK,"JPM,99405,28"
2019-06-28 12:12:30.000000000,BEST_BID,"JPM,99391,74"
2019-06-28 12:12:30.000000000,BEST_ASK,"JPM,99405,28"
2019-06-28 12:12:30.000000000,BEST_BID,"JPM,99391,74"
2019-06-28 12:12:30.000000000,BEST_ASK,"JPM,99405,28"
2019-06-28 12:12:30.000000000,BEST_BID,"JPM,99391,74"
2019-06-28 12:12:30.000000000,BEST_ASK,"JPM,99405,28"
2019-06-28 12:12:30.000000000,BEST_BID,"JPM,99391,74"
2019-06-28 12:12:30.000000000,BEST_ASK,"JPM,99405,94"
2019-06-28 12:12:30.000000000,BEST_BID,"JPM,99391,74"
2019-06-28 12:12:30.000000000,BEST_ASK,"JPM,99405,94"
2019-06-28 12:12:30.000000000,BEST_BID,"JPM,99391,74"
2019-06-28 12:12:30.000000000,BEST_ASK,"JPM,99405,94"
2019-06-28 12:12:30.000000000,BEST_BID,"JPM,99391,74"
2019-06-28 12:12:30.000000000,BEST_ASK,"JPM,99405,94"
2019-06-28 12:12:30.000000000,BEST_BID,"JPM,99391,74"
2019-06-28 12:12:30.000000000,BEST_ASK,"JPM,99405,94"
2019-06-28 12:12:38.990974297,QUERY_SPREAD,5
2019-06-28 12:12:38.990974297,BEST_BID,"JPM,99391,74"
2019-06-28 12:12:38.990974297,BEST_ASK,"JPM,99405,94"
2019-06-28 12:12:40.000000000,QUERY_SPREAD,1
2019-06-28 12:12:40.000000000,BEST_BID,"JPM,99391,74"
2019-06-28 12:12:40.000000000,BEST_ASK,"JPM,99405,28"
2019-06-28 12:12:40.000000000,BEST_BID,"JPM,99391,74"
2019-06-28 12:12:40.000000000,BEST_ASK,"JPM,99405,28"
2019-06-28 12:12:40.000000000,BEST_BID,"JPM,99391,74"
2019-06-28 12:12:40.000000000,BEST_ASK,"JPM,99405,28"
2019-06-28 12:12:40.000000000,BEST_BID,"JPM,99391,74"
2019-06-28 12:12:40.000000000,BEST_ASK,"JPM,99405,28"
2019-06-28 12:12:40.000000000,BEST_BID,"JPM,99391,74"
2019-06-28 12:12:40.000000000,BEST_ASK,"JPM,99405,28"
2019-06-28 12:12:40.000000000,BEST_BID,"JPM,99391,74"
2019-06-28 12:12:40.000000000,BEST_ASK,"JPM,99405,94"
2019-06-28 12:12:40.000000000,BEST_BID,"JPM,99391,74"
2019-06-28 12:12:40.000000000,BEST_ASK,"JPM,99405,94"
2019-06-28 12:12:40.000000000,BEST_BID,"JPM,99391,74"
2019-06-28 12:12:40.000000000,BEST_ASK,"JPM,99405,94"
2019-06-28 12:12:40.000000000,BEST_BID,"JPM,99391,74"
2019-06-28 12:12:40.000000000,BEST_ASK,"JPM,99405,94"
2019-06-28 12:12:40.000000000,BEST_BID,"JPM,99391,74"
2019-06-28 12:12:40.000000000,BEST_ASK,"JPM,99405,94"
2019-06-28 12:12:50.000000000,QUERY_SPREAD,1
2019-06-28 12:12:50.000000000,BEST_BID,"JPM,99391,336"
2019-06-28 12:12:50.000000000,BEST_ASK,"JPM,99405,28"
2019-06-28 12:12:50.000000000,BEST_BID,"JPM,99391,336"
2019-06-28 12:12:50.000000000,BEST_ASK,"JPM,99405,356"
2019-06-28 12:13:00.000000000,QUERY_SPREAD,1
2019-06-28 12:13:00.000000000,BEST_BID,"JPM,99391,74"
2019-06-28 12:13:00.000000000,BEST_ASK,"JPM,99405,28"
2019-06-28 12:13:00.000000000,BEST_BID,"JPM,99391,74"
2019-06-28 12:13:00.000000000,BEST_ASK,"JPM,99405,28"
2019-06-28 12:13:00.000000000,BEST_BID,"JPM,99391,74"
2019-06-28 12:13:00.000000000,BEST_ASK,"JPM,99405,28"
2019-06-28 12:13:00.000000000,BEST_BID,"JPM,99391,74"
2019-06-28 12:13:00.000000000,BEST_ASK,"JPM,99405,28"
2019-06-28 12:13:00.000000000,BEST_BID,"JPM,99391,74"
2019-06-28 12:13:00.000000000,BEST_ASK,"JPM,99405,28"
2019-06-28 12:13:00.000000000,BEST_BID,"JPM,99391,74"
2019-06-28 12:13:00.000000000,BEST_ASK,"JPM,99405,94"
2019-06-28 12:13:00.000000000,BEST_BID,"JPM,99391,74"
2019-06-28 12:13:00.000000000,BEST_ASK,"JPM,99405,94"
2019-06-28 12:13:00.000000000,BEST_BID,"JPM,99391,74"
2019-06-28 12:13:00.000000000,BEST_ASK,"JPM,99405,94"
2019-06-28 12:13:00.000000000,BEST_BID,"JPM,99391,74"
2019-06-28 12:13:00.000000000,BEST_ASK,"JPM,99405,94"
2019-06-28 12:13:00.000000000,BEST_BID,"JPM,99391,74"
2019-06-28 12:13:00.000000000,BEST_ASK,"JPM,99405,94"
2019-06-28 12:13:00.000000000,QUERY_SPREAD,77
2019-06-28 12:13:00.000000000,BEST_BID,"JPM,99391,70"
2019-06-28 12:13:00.000000000,BEST_ASK,"JPM,99405,94"
2019-06-28 12:13:00.000000000,LAST_TRADE,"4,$99391.0000"
2019-06-28 12:13:00.000000000,QUERY_SPREAD,78
2019-06-28 12:13:00.000000000,BEST_BID,"JPM,99391,62"
2019-06-28 12:13:00.000000000,BEST_ASK,"JPM,99405,94"
2019-06-28 12:13:00.000000000,LAST_TRADE,"8,$99391.0000"
2019-06-28 12:13:00.000000000,QUERY_SPREAD,79
2019-06-28 12:13:00.000000000,BEST_BID,"JPM,99391,61"
2019-06-28 12:13:00.000000000,BEST_ASK,"JPM,99405,94"
2019-06-28 12:13:00.000000000,LAST_TRADE,"1,$99391.0000"
2019-06-28 12:13:00.000000000,QUERY_SPREAD,80
2019-06-28 12:13:00.000000000,BEST_BID,"JPM,99391,56"
2019-06-28 12:13:00.000000000,BEST_ASK,"JPM,99405,94"
2019-06-28 12:13:00.000000000,LAST_TRADE,"5,$99391.0000"
2019-06-28 12:13:00.000000000,QUERY_SPREAD,81
2019-06-28 12:13:00.000000000,BEST_BID,"JPM,99391,51"
2019-06-28 12:13:00.000000000,BEST_ASK,"JPM,99405,94"
2019-06-28 12:13:00.000000000,LAST_TRADE,"5,$99391.0000"
2019-06-28 12:13:00.000000000,QUERY_SPREAD,82
2019-06-28 12:13:00.000000000,BEST_BID,"JPM,99391,45"
2019-06-28 12:13:00.000000000,BEST_ASK,"JPM,99405,94"
2019-06-28 12:13:00.000000000,LAST_TRADE,"6,$99391.0000"
2019-06-28 12:13:00.000000000,QUERY_SPREAD,83
2019-06-28 12:13:00.000000000,BEST_BID,"JPM,99391,41"
2019-06-28 12:13:00.000000000,BEST_ASK,"JPM,99405,94"
2019-06-28 12:13:00.000000000,LAST_TRADE,"4,$99391.0000"
2019-06-28 12:13:00.000000000,QUERY_SPREAD,84
2019-06-28 12:13:00.000000000,BEST_BID,"JPM,99391,36"
2019-06-28 12:13:00.000000000,BEST_ASK,"JPM,99405,94"
2019-06-28 12:13:00.000000000,LAST_TRADE,"5,$99391.0000"
2019-06-28 12:13:00.000000000,QUERY_SPREAD,85
2019-06-28 12:13:00.000000000,BEST_BID,"JPM,99391,31"
2019-06-28 12:13:00.000000000,BEST_ASK,"JPM,99405,94"
2019-06-28 12:13:00.000000000,LAST_TRADE,"5,$99391.0000"
2019-06-28 12:13:00.000000000,QUERY_SPREAD,86
2019-06-28 12:13:00.000000000,BEST_BID,"JPM,99391,22"
2019-06-28 12:13:00.000000000,BEST_ASK,"JPM,99405,94"
2019-06-28 12:13:00.000000000,LAST_TRADE,"9,$99391.0000"
2019-06-28 12:13:00.000000000,QUERY_SPREAD,87
2019-06-28 12:13:00.000000000,BEST_BID,"JPM,99391,20"
2019-06-28 12:13:00.000000000,BEST_ASK,"JPM,99405,94"
2019-06-28 12:13:00.000000000,LAST_TRADE,"2,$99391.0000"
2019-06-28 12:13:00.000000000,QUERY_SPREAD,88
2019-06-28 12:13:00.000000000,BEST_BID,"JPM,99391,12"
2019-06-28 12:13:00.000000000,BEST_ASK,"JPM,99405,94"
2019-06-28 12:13:00.000000000,LAST_TRADE,"8,$99391.0000"
2019-06-28 12:13:00.000000000,QUERY_SPREAD,89
2019-06-28 12:13:00.000000000,BEST_BID,"JPM,99391,5"
2019-06-28 12:13:00.000000000,BEST_ASK,"JPM,99405,94"
2019-06-28 12:13:00.000000000,LAST_TRADE,"7,$99391.0000"
2019-06-28 12:13:00.000000000,QUERY_SPREAD,90
2019-06-28 12:13:00.000000000,BEST_BID,"JPM,99356,166"
2019-06-28 12:13:00.000000000,BEST_ASK,"JPM,99391,1"
2019-06-28 12:13:00.000000000,LAST_TRADE,"5,$99391.0000"
2019-06-28 12:13:00.000000000,QUERY_SPREAD,91
2019-06-28 12:13:00.000000000,BEST_BID,"JPM,99356,161"
2019-06-28 12:13:00.000000000,BEST_ASK,"JPM,99391,1"
2019-06-28 12:13:00.000000000,LAST_TRADE,"5,$99356.0000"
2019-06-28 12:13:00.000000000,QUERY_SPREAD,92
2019-06-28 12:13:00.000000000,BEST_BID,"JPM,99356,160"
2019-06-28 12:13:00.000000000,BEST_ASK,"JPM,99391,1"
2019-06-28 12:13:00.000000000,LAST_TRADE,"1,$99356.0000"
2019-06-28 12:13:00.000000000,QUERY_SPREAD,93
2019-06-28 12:13:00.000000000,BEST_BID,"JPM,99356,158"
2019-06-28 12:13:00.000000000,BEST_ASK,"JPM,99391,1"
2019-06-28 12:13:00.000000000,LAST_TRADE,"2,$99356.0000"
2019-06-28 12:13:00.000000000,QUERY_SPREAD,94
2019-06-28 12:13:00.000000000,BEST_BID,"JPM,99356,156"
2019-06-28 12:13:00.000000000,BEST_ASK,"JPM,99391,1"
2019-06-28 12:13:00.000000000,LAST_TRADE,"2,$99356.0000"
2019-06-28 12:13:00.000000000,QUERY_SPREAD,95
2019-06-28 12:13:00.000000000,BEST_BID,"JPM,99356,149"
2019-06-28 12:13:00.000000000,BEST_ASK,"JPM,99391,1"
2019-06-28 12:13:00.000000000,LAST_TRADE,"7,$99356.0000"
2019-06-28 12:13:00.000000000,QUERY_SPREAD,96
2019-06-28 12:13:00.000000000,BEST_BID,"JPM,99356,142"
2019-06-28 12:13:00.000000000,BEST_ASK,"JPM,99391,1"
2019-06-28 12:13:00.000000000,LAST_TRADE,"7,$99356.0000"
2019-06-28 12:13:00.000000000,QUERY_SPREAD,97
2019-06-28 12:13:00.000000000,BEST_BID,"JPM,99356,136"
2019-06-28 12:13:00.000000000,BEST_ASK,"JPM,99391,1"
2019-06-28 12:13:00.000000000,LAST_TRADE,"6,$99356.0000"
2019-06-28 12:13:00.000000000,QUERY_SPREAD,98
2019-06-28 12:13:00.000000000,BEST_BID,"JPM,99356,132"
2019-06-28 12:13:00.000000000,BEST_ASK,"JPM,99391,1"
2019-06-28 12:13:00.000000000,LAST_TRADE,"4,$99356.0000"
2019-06-28 12:13:00.000000000,QUERY_SPREAD,99
2019-06-28 12:13:00.000000000,BEST_BID,"JPM,99356,130"
2019-06-28 12:13:00.000000000,BEST_ASK,"JPM,99391,1"
2019-06-28 12:13:00.000000000,LAST_TRADE,"2,$99356.0000"
2019-06-28 12:13:00.000000000,QUERY_SPREAD,100
2019-06-28 12:13:00.000000000,BEST_BID,"JPM,99356,124"
2019-06-28 12:13:00.000000000,BEST_ASK,"JPM,99391,1"
2019-06-28 12:13:00.000000000,LAST_TRADE,"6,$99356.0000"
2019-06-28 12:13:00.000000000,QUERY_SPREAD,101
2019-06-28 12:13:00.000000000,QUERY_ORDER_STREAM,101
2019-06-28 12:13:07.396216087,QUERY_SPREAD,32
2019-06-28 12:13:07.396216087,BEST_BID,"JPM,99356,124"
2019-06-28 12:13:07.396216087,BEST_ASK,"JPM,99391,1"
2019-06-28 12:13:10.000000000,QUERY_SPREAD,1
2019-06-28 12:13:10.000000000,BEST_BID,"JPM,99356,124"
2019-06-28 12:13:10.000000000,BEST_ASK,"JPM,99391,1"
2019-06-28 12:13:10.000000000,BEST_BID,"JPM,99356,124"
2019-06-28 12:13:10.000000000,BEST_ASK,"JPM,99391,1"
2019-06-28 12:13:10.000000000,BEST_BID,"JPM,99356,124"
2019-06-28 12:13:10.000000000,BEST_ASK,"JPM,99391,1"
2019-06-28 12:13:10.000000000,BEST_BID,"JPM,99356,124"
2019-06-28 12:13:10.000000000,BEST_ASK,"JPM,99391,1"
2019-06-28 12:13:10.000000000,BEST_BID,"JPM,99356,124"
2019-06-28 12:13:10.000000000,BEST_ASK,"JPM,99391,1"
2019-06-28 12:13:10.000000000,BEST_BID,"JPM,99356,124"
2019-06-28 12:13:10.000000000,BEST_ASK,"JPM,99391,67"
2019-06-28 12:13:10.000000000,BEST_BID,"JPM,99356,124"
2019-06-28 12:13:10.000000000,BEST_ASK,"JPM,99391,67"
2019-06-28 12:13:10.000000000,BEST_BID,"JPM,99356,124"
2019-06-28 12:13:10.000000000,BEST_ASK,"JPM,99391,67"
2019-06-28 12:13:10.000000000,BEST_BID,"JPM,99356,124"
2019-06-28 12:13:10.000000000,BEST_ASK,"JPM,99391,67"
2019-06-28 12:13:10.000000000,BEST_BID,"JPM,99356,124"
2019-06-28 12:13:10.000000000,BEST_ASK,"JPM,99391,67"
2019-06-28 12:13:20.000000000,QUERY_SPREAD,1
2019-06-28 12:13:20.000000000,BEST_BID,"JPM,99356,222"
2019-06-28 12:13:20.000000000,BEST_ASK,"JPM,99391,1"
2019-06-28 12:13:20.000000000,BEST_BID,"JPM,99356,222"
2019-06-28 12:13:20.000000000,BEST_ASK,"JPM,99391,1"
2019-06-28 12:13:20.000000000,BEST_BID,"JPM,99356,222"
2019-06-28 12:13:20.000000000,BEST_ASK,"JPM,99391,165"
2019-06-28 12:13:20.000000000,BEST_BID,"JPM,99356,222"
2019-06-28 12:13:20.000000000,BEST_ASK,"JPM,99391,165"
2019-06-28 12:13:21.948510378,QUERY_ORDER_STREAM,54
2019-06-28 12:13:21.948510378,QUERY_SPREAD,54
2019-06-28 12:13:21.948510378,BEST_BID,"JPM,99356,322"
2019-06-28 12:13:21.948510378,BEST_ASK,"JPM,99391,165"
2019-06-28 12:13:30.000000000,QUERY_SPREAD,1
2019-06-28 12:13:30.000000000,BEST_BID,"JPM,99356,322"
2019-06-28 12:13:30.000000000,BEST_ASK,"JPM,99391,1"
2019-06-28 12:13:30.000000000,BEST_BID,"JPM,99356,322"
2019-06-28 12:13:30.000000000,BEST_ASK,"JPM,99391,1"
2019-06-28 12:13:30.000000000,BEST_BID,"JPM,99356,322"
2019-06-28 12:13:30.000000000,BEST_ASK,"JPM,99391,165"
2019-06-28 12:13:30.000000000,BEST_BID,"JPM,99356,322"
2019-06-28 12:13:30.000000000,BEST_ASK,"JPM,99391,165"
2019-06-28 12:13:31.946104778,QUERY_ORDER_STREAM,54
2019-06-28 12:13:31.946104778,QUERY_SPREAD,54
2019-06-28 12:13:40.000000000,QUERY_SPREAD,1
2019-06-28 12:13:40.000000000,BEST_BID,"JPM,99356,140"
2019-06-28 12:13:40.000000000,BEST_ASK,"JPM,99391,1"
2019-06-28 12:13:40.000000000,BEST_BID,"JPM,99356,140"
2019-06-28 12:13:40.000000000,BEST_ASK,"JPM,99391,1"
2019-06-28 12:13:40.000000000,BEST_BID,"JPM,99356,140"
2019-06-28 12:13:40.000000000,BEST_ASK,"JPM,99391,1"
2019-06-28 12:13:40.000000000,BEST_BID,"JPM,99356,140"
2019-06-28 12:13:40.000000000,BEST_ASK,"JPM,99391,1"
2019-06-28 12:13:40.000000000,BEST_BID,"JPM,99356,140"
2019-06-28 12:13:40.000000000,BEST_ASK,"JPM,99391,83"
2019-06-28 12:13:40.000000000,BEST_BID,"JPM,99356,140"
2019-06-28 12:13:40.000000000,BEST_ASK,"JPM,99391,83"
2019-06-28 12:13:40.000000000,BEST_BID,"JPM,99356,140"
2019-06-28 12:13:40.000000000,BEST_ASK,"JPM,99391,83"
2019-06-28 12:13:40.000000000,BEST_BID,"JPM,99356,140"
2019-06-28 12:13:40.000000000,BEST_ASK,"JPM,99391,83"
2019-06-28 12:13:46.161363366,QUERY_SPREAD,41
2019-06-28 12:13:46.161363366,BEST_BID,"JPM,99356,140"
2019-06-28 12:13:46.161363366,BEST_ASK,"JPM,99391,83"
2019-06-28 12:13:50.000000000,QUERY_SPREAD,1
2019-06-28 12:13:50.000000000,BEST_BID,"JPM,99356,124"
2019-06-28 12:13:50.000000000,BEST_ASK,"JPM,99391,1"
2019-06-28 12:13:50.000000000,BEST_BID,"JPM,99356,124"
2019-06-28 12:13:50.000000000,BEST_ASK,"JPM,99391,1"
2019-06-28 12:13:50.000000000,BEST_BID,"JPM,99356,124"
2019-06-28 12:13:50.000000000,BEST_ASK,"JPM,99391,1"
2019-06-28 12:13:50.000000000,BEST_BID,"JPM,99356,124"
2019-06-28 12:13:50.000000000,BEST_ASK,"JPM,99391,1"
2019-06-28 12:13:50.000000000,BEST_BID,"JPM,99356,124"
2019-06-28 12:13:50.000000000,BEST_ASK,"JPM,99391,1"
2019-06-28 12:13:50.000000000,BEST_BID,"JPM,99356,124"
2019-06-28 12:13:50.000000000,BEST_ASK,"JPM,99391,67"
2019-06-28 12:13:50.000000000,BEST_BID,"JPM,99356,124"
2019-06-28 12:13:50.000000000,BEST_ASK,"JPM,99391,67"
2019-06-28 12:13:50.000000000,BEST_BID,"JPM,99356,124"
2019-06-28 12:13:50.000000000,BEST_ASK,"JPM,99391,67"
2019-06-28 12:13:50.000000000,BEST_BID,"JPM,99356,124"
2019-06-28 12:13:50.000000000,BEST_ASK,"JPM,99391,67"
2019-06-28 12:13:50.000000000,BEST_BID,"JPM,99356,124"
2019-06-28 12:13:50.000000000,BEST_ASK,"JPM,99391,67"
2019-06-28 12:14:00.000000000,QUERY_SPREAD,1
2019-06-28 12:14:00.000000000,BEST_BID,"JPM,99356,386"
2019-06-28 12:14:00.000000000,BEST_ASK,"JPM,99391,1"
2019-06-28 12:14:00.000000000,BEST_BID,"JPM,99356,386"
2019-06-28 12:14:00.000000000,BEST_ASK,"JPM,99391,329"
2019-06-28 12:14:00.000000000,QUERY_SPREAD,77
2019-06-28 12:14:00.000000000,BEST_BID,"JPM,99356,382"
2019-06-28 12:14:00.000000000,BEST_ASK,"JPM,99391,329"
2019-06-28 12:14:00.000000000,LAST_TRADE,"4,$99356.0000"
2019-06-28 12:14:00.000000000,QUERY_SPREAD,78
2019-06-28 12:14:00.000000000,BEST_BID,"JPM,99356,374"
2019-06-28 12:14:00.000000000,BEST_ASK,"JPM,99391,329"
2019-06-28 12:14:00.000000000,LAST_TRADE,"8,$99356.0000"
2019-06-28 12:14:00.000000000,QUERY_SPREAD,79
2019-06-28 12:14:00.000000000,BEST_BID,"JPM,99356,373"
2019-06-28 12:14:00.000000000,BEST_ASK,"JPM,99391,329"
2019-06-28 12:14:00.000000000,LAST_TRADE,"1,$99356.0000"
2019-06-28 12:14:00.000000000,QUERY_SPREAD,80
2019-06-28 12:14:00.000000000,BEST_BID,"JPM,99356,368"
2019-06-28 12:14:00.000000000,BEST_ASK,"JPM,99391,329"
2019-06-28 12:14:00.000000000,LAST_TRADE,"5,$99356.0000"
2019-06-28 12:14:00.000000000,QUERY_SPREAD,81
2019-06-28 12:14:00.000000000,BEST_BID,"JPM,99356,363"
2019-06-28 12:14:00.000000000,BEST_ASK,"JPM,99391,329"
2019-06-28 12:14:00.000000000,LAST_TRADE,"5,$99356.0000"
2019-06-28 12:14:00.000000000,QUERY_SPREAD,82
2019-06-28 12:14:00.000000000,BEST_BID,"JPM,99356,357"
2019-06-28 12:14:00.000000000,BEST_ASK,"JPM,99391,329"
2019-06-28 12:14:00.000000000,LAST_TRADE,"6,$99356.0000"
2019-06-28 12:14:00.000000000,QUERY_SPREAD,83
2019-06-28 12:14:00.000000000,BEST_BID,"JPM,99356,353"
2019-06-28 12:14:00.000000000,BEST_ASK,"JPM,99391,329"
2019-06-28 12:14:00.000000000,LAST_TRADE,"4,$99356.0000"
2019-06-28 12:14:00.000000000,QUERY_SPREAD,84
2019-06-28 12:14:00.000000000,BEST_BID,"JPM,99356,348"
2019-06-28 12:14:00.000000000,BEST_ASK,"JPM,99391,329"
2019-06-28 12:14:00.000000000,LAST_TRADE,"5,$99356.0000"
2019-06-28 12:14:00.000000000,QUERY_SPREAD,85
2019-06-28 12:14:00.000000000,BEST_BID,"JPM,99356,343"
2019-06-28 12:14:00.000000000,BEST_ASK,"JPM,99391,329"
2019-06-28 12:14:00.000000000,LAST_TRADE,"5,$99356.0000"
2019-06-28 12:14:00.000000000,QUERY_SPREAD,86
2019-06-28 12:14:00.000000000,BEST_BID,"JPM,99356,334"
2019-06-28 12:14:00.000000000,BEST_ASK,"JPM,99391,329"
2019-06-28 12:14:00.000000000,LAST_TRADE,"9,$99356.0000"
2019-06-28 12:14:00.000000000,QUERY_SPREAD,87
2019-06-28 12:14:00.000000000,BEST_BID,"JPM,99356,332"
2019-06-28 12:14:00.000000000,BEST_ASK,"JPM,99391,329"
2019-06-28 12:14:00.000000000,LAST_TRADE,"2,$99356.0000"
2019-06-28 12:14:00.000000000,QUERY_SPREAD,88
2019-06-28 12:14:00.000000000,BEST_BID,"JPM,99356,324"
2019-06-28 12:14:00.000000000,BEST_ASK,"JPM,99391,329"
2019-06-28 12:14:00.000000000,LAST_TRADE,"8,$99356.0000"
2019-06-28 12:14:00.000000000,QUERY_SPREAD,89
2019-06-28 12:14:00.000000000,BEST_BID,"JPM,99356,317"
2019-06-28 12:14:00.000000000,BEST_ASK,"JPM,99391,329"
2019-06-28 12:14:00.000000000,LAST_TRADE,"7,$99356.0000"
2019-06-28 12:14:00.000000000,QUERY_SPREAD,90
2019-06-28 12:14:00.000000000,BEST_BID,"JPM,99356,311"
2019-06-28 12:14:00.000000000,BEST_ASK,"JPM,99391,329"
2019-06-28 12:14:00.000000000,LAST_TRADE,"6,$99356.0000"
2019-06-28 12:14:00.000000000,QUERY_SPREAD,91
2019-06-28 12:14:00.000000000,BEST_BID,"JPM,99356,306"
2019-06-28 12:14:00.000000000,BEST_ASK,"JPM,99391,329"
2019-06-28 12:14:00.000000000,LAST_TRADE,"5,$99356.0000"
2019-06-28 12:14:00.000000000,QUERY_SPREAD,92
2019-06-28 12:14:00.000000000,BEST_BID,"JPM,99356,305"
2019-06-28 12:14:00.000000000,BEST_ASK,"JPM,99391,329"
2019-06-28 12:14:00.000000000,LAST_TRADE,"1,$99356.0000"
2019-06-28 12:14:00.000000000,QUERY_SPREAD,93
2019-06-28 12:14:00.000000000,BEST_BID,"JPM,99356,303"
2019-06-28 12:14:00.000000000,BEST_ASK,"JPM,99391,329"
2019-06-28 12:14:00.000000000,LAST_TRADE,"2,$99356.0000"
2019-06-28 12:14:00.000000000,QUERY_SPREAD,94
2019-06-28 12:14:00.000000000,BEST_BID,"JPM,99356,301"
2019-06-28 12:14:00.000000000,BEST_ASK,"JPM,99391,329"
2019-06-28 12:14:00.000000000,LAST_TRADE,"2,$99356.0000"
2019-06-28 12:14:00.000000000,QUERY_SPREAD,95
2019-06-28 12:14:00.000000000,BEST_BID,"JPM,99356,294"
2019-06-28 12:14:00.000000000,BEST_ASK,"JPM,99391,329"
2019-06-28 12:14:00.000000000,LAST_TRADE,"7,$99356.0000"
2019-06-28 12:14:00.000000000,QUERY_SPREAD,96
2019-06-28 12:14:00.000000000,BEST_BID,"JPM,99356,287"
2019-06-28 12:14:00.000000000,BEST_ASK,"JPM,99391,329"
2019-06-28 12:14:00.000000000,LAST_TRADE,"7,$99356.0000"
2019-06-28 12:14:00.000000000,QUERY_SPREAD,97
2019-06-28 12:14:00.000000000,BEST_BID,"JPM,99356,281"
2019-06-28 12:14:00.000000000,BEST_ASK,"JPM,99391,329"
2019-06-28 12:14:00.000000000,LAST_TRADE,"6,$99356.0000"
2019-06-28 12:14:00.000000000,QUERY_SPREAD,98
2019-06-28 12:14:00.000000000,BEST_BID,"JPM,99356,277"
2019-06-28 12:14:00.000000000,BEST_ASK,"JPM,99391,329"
2019-06-28 12:14:00.000000000,LAST_TRADE,"4,$99356.0000"
2019-06-28 12:14:00.000000000,QUERY_SPREAD,99
2019-06-28 12:14:00.000000000,BEST_BID,"JPM,99356,275"
2019-06-28 12:14:00.000000000,BEST_ASK,"JPM,99391,329"
2019-06-28 12:14:00.000000000,LAST_TRADE,"2,$99356.0000"
2019-06-28 12:14:00.000000000,QUERY_SPREAD,100
2019-06-28 12:14:00.000000000,BEST_BID,"JPM,99356,269"
2019-06-28 12:14:00.000000000,BEST_ASK,"JPM,99391,329"
2019-06-28 12:14:00.000000000,LAST_TRADE,"6,$99356.0000"
2019-06-28 12:14:00.000000000,QUERY_SPREAD,101
2019-06-28 12:14:00.000000000,QUERY_ORDER_STREAM,101
2019-06-28 12:14:00.526307988,QUERY_ORDER_STREAM,66
2019-06-28 12:14:00.526307988,QUERY_SPREAD,66
2019-06-28 12:14:00.526307988,BEST_BID,"JPM,99356,369"
2019-06-28 12:14:00.526307988,BEST_ASK,"JPM,99391,329"
2019-06-28 12:14:10.000000000,QUERY_SPREAD,1
2019-06-28 12:14:10.000000000,BEST_BID,"JPM,99356,212"
2019-06-28 12:14:10.000000000,BEST_ASK,"JPM,99391,1"
2019-06-28 12:14:10.000000000,BEST_BID,"JPM,99356,212"
2019-06-28 12:14:10.000000000,BEST_ASK,"JPM,99391,1"
2019-06-28 12:14:10.000000000,BEST_BID,"JPM,99356,212"
2019-06-28 12:14:10.000000000,BEST_ASK,"JPM,99391,1"
2019-06-28 12:14:10.000000000,BEST_BID,"JPM,99356,212"
2019-06-28 12:14:10.000000000,BEST_ASK,"JPM,99391,113"
2019-06-28 12:14:10.000000000,BEST_BID,"JPM,99356,212"
2019-06-28 12:14:10.000000000,BEST_ASK,"JPM,99391,113"
2019-06-28 12:14:10.000000000,BEST_BID,"JPM,99356,212"
2019-06-28 12:14:10.000000000,BEST_ASK,"JPM,99391,113"
2019-06-28 12:14:20.000000000,QUERY_SPREAD,1
2019-06-28 12:14:20.000000000,BEST_BID,"JPM,99356,212"
2019-06-28 12:14:20.000000000,BEST_ASK,"JPM,99391,1"
2019-06-28 12:14:20.000000000,BEST_BID,"JPM,99356,212"
2019-06-28 12:14:20.000000000,BEST_ASK,"JPM,99391,1"
2019-06-28 12:14:20.000000000,BEST_BID,"JPM,99356,212"
2019-06-28 12:14:20.000000000,BEST_ASK,"JPM,99391,1"
2019-06-28 12:14:20.000000000,BEST_BID,"JPM,99356,212"
2019-06-28 12:14:20.000000000,BEST_ASK,"JPM,99391,113"
2019-06-28 12:14:20.000000000,BEST_BID,"JPM,99356,212"
2019-06-28 12:14:20.000000000,BEST_ASK,"JPM,99391,113"
2019-06-28 12:14:20.000000000,BEST_BID,"JPM,99356,212"
2019-06-28 12:14:20.000000000,BEST_ASK,"JPM,99391,113"
2019-06-28 12:14:30.000000000,QUERY_SPREAD,1
2019-06-28 12:14:30.000000000,BEST_BID,"JPM,99356,182"
2019-06-28 12:14:30.000000000,BEST_ASK,"JPM,99391,1"
2019-06-28 12:14:30.000000000,BEST_BID,"JPM,99356,182"
2019-06-28 12:14:30.000000000,BEST_ASK,"JPM,99391,1"
2019-06-28 12:14:30.000000000,BEST_BID,"JPM,99356,182"
2019-06-28 12:14:30.000000000,BEST_ASK,"JPM,99391,1"
2019-06-28 12:14:30.000000000,BEST_BID,"JPM,99356,182"
2019-06-28 12:14:30.000000000,BEST_ASK,"JPM,99391,1"
2019-06-28 12:14:30.000000000,BEST_BID,"JPM,99356,182"
2019-06-28 12:14:30.000000000,BEST_ASK,"JPM,99391,83"
2019-06-28 12:14:30.000000000,BEST_BID,"JPM,99356,182"
2019-06-28 12:14:30.000000000,BEST_ASK,"JPM,99391,83"
2019-06-28 12:14:30.000000000,BEST_BID,"JPM,99356,182"
2019-06-28 12:14:30.000000000,BEST_ASK,"JPM,99391,83"
2019-06-28 12:14:30.000000000,BEST_BID,"JPM,99356,182"
2019-06-28 12:14:30.000000000,BEST_ASK,"JPM,99391,83"
2019-06-28 12:14:40.000000000,QUERY_SPREAD,1
2019-06-28 12:14:40.000000000,BEST_BID,"JPM,99356,166"
2019-06-28 12:14:40.000000000,BEST_ASK,"JPM,99391,1"
2019-06-28 12:14:40.000000000,BEST_BID,"JPM,99356,166"
2019-06-28 12:14:40.000000000,BEST_ASK,"JPM,99391,1"
2019-06-28 12:14:40.000000000,BEST_BID,"JPM,99356,166"
2019-06-28 12:14:40.000000000,BEST_ASK,"JPM,99391,1"
2019-06-28 12:14:40.000000000,BEST_BID,"JPM,99356,166"
2019-06-28 12:14:40.000000000,BEST_ASK,"JPM,99391,1"
2019-06-28 12:14:40.000000000,BEST_BID,"JPM,99356,166"
2019-06-28 12:14:40.000000000,BEST_ASK,"JPM,99391,1"
2019-06-28 12:14:40.000000000,BEST_BID,"JPM,99356,166"
2019-06-28 12:14:40.000000000,BEST_ASK,"JPM,99391,67"
2019-06-28 12:14:40.000000000,BEST_BID,"JPM,99356,166"
2019-06-28 12:14:40.000000000,BEST_ASK,"JPM,99391,67"
2019-06-28 12:14:40.000000000,BEST_BID,"JPM,99356,166"
2019-06-28 12:14:40.000000000,BEST_ASK,"JPM,99391,67"
2019-06-28 12:14:40.000000000,BEST_BID,"JPM,99356,166"
2019-06-28 12:14:40.000000000,BEST_ASK,"JPM,99391,67"
2019-06-28 12:14:40.000000000,BEST_BID,"JPM,99356,166"
2019-06-28 12:14:40.000000000,BEST_ASK,"JPM,99391,67"
2019-06-28 12:14:50.000000000,QUERY_SPREAD,1
2019-06-28 12:14:50.000000000,BEST_BID,"JPM,99356,428"
2019-06-28 12:14:50.000000000,BEST_ASK,"JPM,99391,1"
2019-06-28 12:14:50.000000000,BEST_BID,"JPM,99356,428"
2019-06-28 12:14:50.000000000,BEST_ASK,"JPM,99391,329"
2019-06-28 12:15:00.000000000,QUERY_SPREAD,1
2019-06-28 12:15:00.000000000,BEST_BID,"JPM,99356,428"
2019-06-28 12:15:00.000000000,BEST_ASK,"JPM,99391,1"
2019-06-28 12:15:00.000000000,BEST_BID,"JPM,99356,428"
2019-06-28 12:15:00.000000000,BEST_ASK,"JPM,99391,329"
2019-06-28 12:15:00.000000000,QUERY_SPREAD,77
2019-06-28 12:15:00.000000000,BEST_BID,"JPM,99356,424"
2019-06-28 12:15:00.000000000,BEST_ASK,"JPM,99391,329"
2019-06-28 12:15:00.000000000,LAST_TRADE,"4,$99356.0000"
2019-06-28 12:15:00.000000000,QUERY_SPREAD,78
2019-06-28 12:15:00.000000000,BEST_BID,"JPM,99356,416"
2019-06-28 12:15:00.000000000,BEST_ASK,"JPM,99391,329"
2019-06-28 12:15:00.000000000,LAST_TRADE,"8,$99356.0000"
2019-06-28 12:15:00.000000000,QUERY_SPREAD,79
2019-06-28 12:15:00.000000000,BEST_BID,"JPM,99356,415"
2019-06-28 12:15:00.000000000,BEST_ASK,"JPM,99391,329"
2019-06-28 12:15:00.000000000,LAST_TRADE,"1,$99356.0000"
2019-06-28 12:15:00.000000000,QUERY_SPREAD,80
2019-06-28 12:15:00.000000000,BEST_BID,"JPM,99356,410"
2019-06-28 12:15:00.000000000,BEST_ASK,"JPM,99391,329"
2019-06-28 12:15:00.000000000,LAST_TRADE,"5,$99356.0000"
2019-06-28 12:15:00.000000000,QUERY_SPREAD,81
2019-06-28 12:15:00.000000000,BEST_BID,"JPM,99356,405"
2019-06-28 12:15:00.000000000,BEST_ASK,"JPM,99391,329"
2019-06-28 12:15:00.000000000,LAST_TRADE,"5,$99356.0000"
2019-06-28 12:15:00.000000000,QUERY_SPREAD,82
2019-06-28 12:15:00.000000000,BEST_BID,"JPM,99356,399"
2019-06-28 12:15:00.000000000,BEST_ASK,"JPM,99391,329"
2019-06-28 12:15:00.000000000,LAST_TRADE,"6,$99356.0000"
2019-06-28 12:15:00.000000000,QUERY_SPREAD,83
2019-06-28 12:15:00.000000000,BEST_BID,"JPM,99356,395"
2019-06-28 12:15:00.000000000,BEST_ASK,"JPM,99391,329"
2019-06-28 12:15:00.000000000,LAST_TRADE,"4,$99356.0000"
2019-06-28 12:15:00.000000000,QUERY_SPREAD,84
2019-06-28 12:15:00.000000000,BEST_BID,"JPM,99356,390"
2019-06-28 12:15:00.000000000,BEST_ASK,"JPM,99391,329"
2019-06-28 12:15:00.000000000,LAST_TRADE,"5,$99356.0000"
2019-06-28 12:15:00.000000000,QUERY_SPREAD,85
2019-06-28 12:15:00.000000000,BEST_BID,"JPM,99356,385"
2019-06-28 12:15:00.000000000,BEST_ASK,"JPM,99391,329"
2019-06-28 12:15:00.000000000,LAST_TRADE,"5,$99356.0000"
2019-06-28 12:15:00.000000000,QUERY_SPREAD,86
2019-06-28 12:15:00.000000000,BEST_BID,"JPM,99356,376"
2019-06-28 12:15:00.000000000,BEST_ASK,"JPM,99391,329"
2019-06-28 12:15:00.000000000,LAST_TRADE,"9,$99356.0000"
2019-06-28 12:15:00.000000000,QUERY_SPREAD,87
2019-06-28 12:15:00.000000000,BEST_BID,"JPM,99356,374"
2019-06-28 12:15:00.000000000,BEST_ASK,"JPM,99391,329"
2019-06-28 12:15:00.000000000,LAST_TRADE,"2,$99356.0000"
2019-06-28 12:15:00.000000000,QUERY_SPREAD,88
2019-06-28 12:15:00.000000000,BEST_BID,"JPM,99356,366"
2019-06-28 12:15:00.000000000,BEST_ASK,"JPM,99391,329"
2019-06-28 12:15:00.000000000,LAST_TRADE,"8,$99356.0000"
2019-06-28 12:15:00.000000000,QUERY_SPREAD,89
2019-06-28 12:15:00.000000000,BEST_BID,"JPM,99356,359"
2019-06-28 12:15:00.000000000,BEST_ASK,"JPM,99391,329"
2019-06-28 12:15:00.000000000,LAST_TRADE,"7,$99356.0000"
2019-06-28 12:15:00.000000000,QUERY_SPREAD,90
2019-06-28 12:15:00.000000000,BEST_BID,"JPM,99356,353"
2019-06-28 12:15:00.000000000,BEST_ASK,"JPM,99391,329"
2019-06-28 12:15:00.000000000,LAST_TRADE,"6,$99356.0000"
2019-06-28 12:15:00.000000000,QUERY_SPREAD,91
2019-06-28 12:15:00.000000000,BEST_BID,"JPM,99356,348"
2019-06-28 12:15:00.000000000,BEST_ASK,"JPM,99391,329"
2019-06-28 12:15:00.000000000,LAST_TRADE,"5,$99356.0000"
2019-06-28 12:15:00.000000000,QUERY_SPREAD,92
2019-06-28 12:15:00.000000000,BEST_BID,"JPM,99356,347"
2019-06-28 12:15:00.000000000,BEST_ASK,"JPM,99391,329"
2019-06-28 12:15:00.000000000,LAST_TRADE,"1,$99356.0000"
2019-06-28 12:15:00.000000000,QUERY_SPREAD,93
2019-06-28 12:15:00.000000000,BEST_BID,"JPM,99356,345"
2019-06-28 12:15:00.000000000,BEST_ASK,"JPM,99391,329"
2019-06-28 12:15:00.000000000,LAST_TRADE,"2,$99356.0000"
2019-06-28 12:15:00.000000000,QUERY_SPREAD,94
2019-06-28 12:15:00.000000000,BEST_BID,"JPM,99356,343"
2019-06-28 12:15:00.000000000,BEST_ASK,"JPM,99391,329"
2019-06-28 12:15:00.000000000,LAST_TRADE,"2,$99356.0000"
2019-06-28 12:15:00.000000000,QUERY_SPREAD,95
2019-06-28 12:15:00.000000000,BEST_BID,"JPM,99356,336"
2019-06-28 12:15:00.000000000,BEST_ASK,"JPM,99391,329"
2019-06-28 12:15:00.000000000,LAST_TRADE,"7,$99356.0000"
2019-06-28 12:15:00.000000000,QUERY_SPREAD,96
2019-06-28 12:15:00.000000000,BEST_BID,"JPM,99356,329"
2019-06-28 12:15:00.000000000,BEST_ASK,"JPM,99391,329"
2019-06-28 12:15:00.000000000,LAST_TRADE,"7,$99356.0000"
2019-06-28 12:15:00.000000000,QUERY_SPREAD,97
2019-06-28 12:15:00.000000000,BEST_BID,"JPM,99356,323"
2019-06-28 12:15:00.000000000,BEST_ASK,"JPM,99391,329"
2019-06-28 12:15:00.000000000,LAST_TRADE,"6,$99356.0000"
2019-06-28 12:15:00.000000000,QUERY_SPREAD,98
2019-06-28 12:15:00.000000000,BEST_BID,"JPM,99356,319"
2019-06-28 12:15:00.000000000,BEST_ASK,"JPM,99391,329"
2019-06-28 12:15:00.000000000,LAST_TRADE,"4,$99356.0000"
2019-06-28 12:15:00.000000000,QUERY_SPREAD,99
2019-06-28 12:15:00.000000000,BEST_BID,"JPM,99356,317"
2019-06-28 12:15:00.000000000,BEST_ASK,"JPM,99391,329"
2019-06-28 12:15:00.000000000,LAST_TRADE,"2,$99356.0000"
2019-06-28 12:15:00.000000000,QUERY_SPREAD,100
2019-06-28 12:15:00.000000000,BEST_BID,"JPM,99356,311"
2019-06-28 12:15:00.000000000,BEST_ASK,"JPM,99391,329"
2019-06-28 12:15:00.000000000,LAST_TRADE,"6,$99356.0000"
2019-06-28 12:15:00.000000000,QUERY_SPREAD,101
2019-06-28 12:15:00.000000000,QUERY_ORDER_STREAM,101
2019-06-28 12:15:00.724344833,QUERY_SPREAD,2
2019-06-28 12:15:00.724344833,BEST_BID,"JPM,99356,311"
2019-06-28 12:15:00.724344833,BEST_ASK,"JPM,99391,329"
2019-06-28 12:15:10.000000000,QUERY_SPREAD,1
2019-06-28 12:15:10.000000000,BEST_BID,"JPM,99335,166"
2019-06-28 12:15:10.000000000,BEST_ASK,"JPM,99391,1"
2019-06-28 12:15:10.000000000,BEST_BID,"JPM,99335,166"
2019-06-28 12:15:10.000000000,BEST_ASK,"JPM,99391,1"
2019-06-28 12:15:10.000000000,BEST_BID,"JPM,99335,166"
2019-06-28 12:15:10.000000000,BEST_ASK,"JPM,99391,1"
2019-06-28 12:15:10.000000000,BEST_BID,"JPM,99335,166"
2019-06-28 12:15:10.000000000,BEST_ASK,"JPM,99391,1"
2019-06-28 12:15:10.000000000,BEST_BID,"JPM,99335,166"
2019-06-28 12:15:10.000000000,BEST_ASK,"JPM,99391,1"
2019-06-28 12:15:10.000000000,BEST_BID,"JPM,99335,166"
2019-06-28 12:15:10.000000000,BEST_ASK,"JPM,99391,67"
2019-06-28 12:15:10.000000000,BEST_BID,"JPM,99335,166"
2019-06-28 12:15:10.000000000,BEST_ASK,"JPM,99391,67"
2019-06-28 12:15:10.000000000,BEST_BID,"JPM,99335,166"
2019-06-28 12:15:10.000000000,BEST_ASK,"JPM,99391,67"
2019-06-28 12:15:10.000000000,BEST_BID,"JPM,99335,166"
2019-06-28 12:15:10.000000000,BEST_ASK,"JPM,99391,67"
2019-06-28 12:15:10.000000000,BEST_BID,"JPM,99335,166"
2019-06-28 12:15:10.000000000,BEST_ASK,"JPM,99391,67"
2019-06-28 12:15:20.000000000,QUERY_SPREAD,1
2019-06-28 12:15:20.000000000,BEST_BID,"JPM,99335,428"
2019-06-28 12:15:20.000000000,BEST_ASK,"JPM,99391,1"
2019-06-28 12:15:20.000000000,BEST_BID,"JPM,99335,428"
2019-06-28 12:15:20.000000000,BEST_ASK,"JPM,99391,329"
2019-06-28 12:15:29.433720459,QUERY_ORDER_STREAM,72
2019-06-28 12:15:29.433720459,QUERY_SPREAD,72
2019-06-28 12:15:30.000000000,QUERY_SPREAD,1
2019-06-28 12:15:30.000000000,BEST_BID,"JPM,99335,264"
2019-06-28 12:15:30.000000000,BEST_ASK,"JPM,99391,1"
2019-06-28 12:15:30.000000000,BEST_BID,"JPM,99335,264"
2019-06-28 12:15:30.000000000,BEST_ASK,"JPM,99391,1"
2019-06-28 12:15:30.000000000,BEST_BID,"JPM,99335,264"
2019-06-28 12:15:30.000000000,BEST_ASK,"JPM,99391,165"
2019-06-28 12:15:30.000000000,BEST_BID,"JPM,99335,264"
2019-06-28 12:15:30.000000000,BEST_ASK,"JPM,99391,165"
2019-06-28 12:15:34.454910198,QUERY_ORDER_STREAM,75
2019-06-28 12:15:34.454910198,QUERY_SPREAD,75
2019-06-28 12:15:40.000000000,QUERY_SPREAD,1
2019-06-28 12:15:40.000000000,BEST_BID,"JPM,99335,212"
2019-06-28 12:15:40.000000000,BEST_ASK,"JPM,99391,1"
2019-06-28 12:15:40.000000000,BEST_BID,"JPM,99335,212"
2019-06-28 12:15:40.000000000,BEST_ASK,"JPM,99391,1"
2019-06-28 12:15:40.000000000,BEST_BID,"JPM,99335,212"
2019-06-28 12:15:40.000000000,BEST_ASK,"JPM,99391,1"
2019-06-28 12:15:40.000000000,BEST_BID,"JPM,99335,212"
2019-06-28 12:15:40.000000000,BEST_ASK,"JPM,99391,113"
2019-06-28 12:15:40.000000000,BEST_BID,"JPM,99335,212"
2019-06-28 12:15:40.000000000,BEST_ASK,"JPM,99391,113"
2019-06-28 12:15:40.000000000,BEST_BID,"JPM,99335,212"
2019-06-28 12:15:40.000000000,BEST_ASK,"JPM,99391,113"
2019-06-28 12:15:47.936511873,QUERY_SPREAD,49
2019-06-28 12:15:47.936511873,BEST_BID,"JPM,99335,112"
2019-06-28 12:15:47.936511873,BEST_ASK,"JPM,99391,113"
2019-06-28 12:15:47.936511873,LAST_TRADE,"100,$99335.0000"
2019-06-28 12:15:50.000000000,QUERY_SPREAD,1
2019-06-28 12:15:50.000000000,BEST_BID,"JPM,99238,264"
2019-06-28 12:15:50.000000000,BEST_ASK,"JPM,99391,1"
2019-06-28 12:15:50.000000000,BEST_BID,"JPM,99238,264"
2019-06-28 12:15:50.000000000,BEST_ASK,"JPM,99391,1"
2019-06-28 12:15:50.000000000,BEST_BID,"JPM,99238,264"
2019-06-28 12:15:50.000000000,BEST_ASK,"JPM,99391,165"
2019-06-28 12:15:50.000000000,BEST_BID,"JPM,99238,264"
2019-06-28 12:15:50.000000000,BEST_ASK,"JPM,99391,165"
2019-06-28 12:16:00.000000000,QUERY_SPREAD,1
2019-06-28 12:16:00.000000000,BEST_BID,"JPM,99238,264"
2019-06-28 12:16:00.000000000,BEST_ASK,"JPM,99391,1"
2019-06-28 12:16:00.000000000,BEST_BID,"JPM,99238,264"
2019-06-28 12:16:00.000000000,BEST_ASK,"JPM,99391,1"
2019-06-28 12:16:00.000000000,BEST_BID,"JPM,99238,264"
2019-06-28 12:16:00.000000000,BEST_ASK,"JPM,99391,165"
2019-06-28 12:16:00.000000000,BEST_BID,"JPM,99238,264"
2019-06-28 12:16:00.000000000,BEST_ASK,"JPM,99391,165"
2019-06-28 12:16:00.000000000,QUERY_SPREAD,77
2019-06-28 12:16:00.000000000,BEST_BID,"JPM,99238,260"
2019-06-28 12:16:00.000000000,BEST_ASK,"JPM,99391,165"
2019-06-28 12:16:00.000000000,LAST_TRADE,"4,$99238.0000"
2019-06-28 12:16:00.000000000,QUERY_SPREAD,78
2019-06-28 12:16:00.000000000,BEST_BID,"JPM,99238,252"
2019-06-28 12:16:00.000000000,BEST_ASK,"JPM,99391,165"
2019-06-28 12:16:00.000000000,LAST_TRADE,"8,$99238.0000"
2019-06-28 12:16:00.000000000,QUERY_SPREAD,79
2019-06-28 12:16:00.000000000,BEST_BID,"JPM,99238,251"
2019-06-28 12:16:00.000000000,BEST_ASK,"JPM,99391,165"
2019-06-28 12:16:00.000000000,LAST_TRADE,"1,$99238.0000"
2019-06-28 12:16:00.000000000,QUERY_SPREAD,80
2019-06-28 12:16:00.000000000,BEST_BID,"JPM,99238,246"
2019-06-28 12:16:00.000000000,BEST_ASK,"JPM,99391,165"
2019-06-28 12:16:00.000000000,LAST_TRADE,"5,$99238.0000"
2019-06-28 12:16:00.000000000,QUERY_SPREAD,81
2019-06-28 12:16:00.000000000,BEST_BID,"JPM,99238,241"
2019-06-28 12:16:00.000000000,BEST_ASK,"JPM,99391,165"
2019-06-28 12:16:00.000000000,LAST_TRADE,"5,$99238.0000"
2019-06-28 12:16:00.000000000,QUERY_SPREAD,82
2019-06-28 12:16:00.000000000,BEST_BID,"JPM,99238,235"
2019-06-28 12:16:00.000000000,BEST_ASK,"JPM,99391,165"
2019-06-28 12:16:00.000000000,LAST_TRADE,"6,$99238.0000"
2019-06-28 12:16:00.000000000,QUERY_SPREAD,83
2019-06-28 12:16:00.000000000,BEST_BID,"JPM,99238,231"
2019-06-28 12:16:00.000000000,BEST_ASK,"JPM,99391,165"
2019-06-28 12:16:00.000000000,LAST_TRADE,"4,$99238.0000"
2019-06-28 12:16:00.000000000,QUERY_SPREAD,84
2019-06-28 12:16:00.000000000,BEST_BID,"JPM,99238,226"
2019-06-28 12:16:00.000000000,BEST_ASK,"JPM,99391,165"
2019-06-28 12:16:00.000000000,LAST_TRADE,"5,$99238.0000"
2019-06-28 12:16:00.000000000,QUERY_SPREAD,85
2019-06-28 12:16:00.000000000,BEST_BID,"JPM,99238,221"
2019-06-28 12:16:00.000000000,BEST_ASK,"JPM,99391,165"
2019-06-28 12:16:00.000000000,LAST_TRADE,"5,$99238.0000"
2019-06-28 12:16:00.000000000,QUERY_SPREAD,86
2019-06-28 12:16:00.000000000,BEST_BID,"JPM,99238,212"
2019-06-28 12:16:00.000000000,BEST_ASK,"JPM,99391,165"
2019-06-28 12:16:00.000000000,LAST_TRADE,"9,$99238.0000"
2019-06-28 12:16:00.000000000,QUERY_SPREAD,87
2019-06-28 12:16:00.000000000,BEST_BID,"JPM,99238,210"
2019-06-28 12:16:00.000000000,BEST_ASK,"JPM,99391,165"
2019-06-28 12:16:00.000000000,LAST_TRADE,"2,$99238.0000"
2019-06-28 12:16:00.000000000,QUERY_SPREAD,88
2019-06-28 12:16:00.000000000,BEST_BID,"JPM,99238,202"
2019-06-28 12:16:00.000000000,BEST_ASK,"JPM,99391,165"
2019-06-28 12:16:00.000000000,LAST_TRADE,"8,$99238.0000"
2019-06-28 12:16:00.000000000,QUERY_SPREAD,89
2019-06-28 12:16:00.000000000,BEST_BID,"JPM,99238,195"
2019-06-28 12:16:00.000000000,BEST_ASK,"JPM,99391,165"
2019-06-28 12:16:00.000000000,LAST_TRADE,"7,$99238.0000"
2019-06-28 12:16:00.000000000,QUERY_SPREAD,90
2019-06-28 12:16:00.000000000,BEST_BID,"JPM,99238,189"
2019-06-28 12:16:00.000000000,BEST_ASK,"JPM,99391,165"
2019-06-28 12:16:00.000000000,LAST_TRADE,"6,$99238.0000"
2019-06-28 12:16:00.000000000,QUERY_SPREAD,91
2019-06-28 12:16:00.000000000,BEST_BID,"JPM,99238,184"
2019-06-28 12:16:00.000000000,BEST_ASK,"JPM,99391,165"
2019-06-28 12:16:00.000000000,LAST_TRADE,"5,$99238.0000"
2019-06-28 12:16:00.000000000,QUERY_SPREAD,92
2019-06-28 12:16:00.000000000,BEST_BID,"JPM,99238,183"
2019-06-28 12:16:00.000000000,BEST_ASK,"JPM,99391,165"
2019-06-28 12:16:00.000000000,LAST_TRADE,"1,$99238.0000"
2019-06-28 12:16:00.000000000,QUERY_SPREAD,93
2019-06-28 12:16:00.000000000,BEST_BID,"JPM,99238,181"
2019-06-28 12:16:00.000000000,BEST_ASK,"JPM,99391,165"
2019-06-28 12:16:00.000000000,LAST_TRADE,"2,$99238.0000"
2019-06-28 12:16:00.000000000,QUERY_SPREAD,94
2019-06-28 12:16:00.000000000,BEST_BID,"JPM,99238,179"
2019-06-28 12:16:00.000000000,BEST_ASK,"JPM,99391,165"
2019-06-28 12:16:00.000000000,LAST_TRADE,"2,$99238.0000"
2019-06-28 12:16:00.000000000,QUERY_SPREAD,95
2019-06-28 12:16:00.000000000,BEST_BID,"JPM,99238,172"
2019-06-28 12:16:00.000000000,BEST_ASK,"JPM,99391,165"
2019-06-28 12:16:00.000000000,LAST_TRADE,"7,$99238.0000"
2019-06-28 12:16:00.000000000,QUERY_SPREAD,96
2019-06-28 12:16:00.000000000,BEST_BID,"JPM,99238,165"
2019-06-28 12:16:00.000000000,BEST_ASK,"JPM,99391,165"
2019-06-28 12:16:00.000000000,LAST_TRADE,"7,$99238.0000"
2019-06-28 12:16:00.000000000,QUERY_SPREAD,97
2019-06-28 12:16:00.000000000,BEST_BID,"JPM,99238,159"
2019-06-28 12:16:00.000000000,BEST_ASK,"JPM,99391,165"
2019-06-28 12:16:00.000000000,LAST_TRADE,"6,$99238.0000"
2019-06-28 12:16:00.000000000,QUERY_SPREAD,98
2019-06-28 12:16:00.000000000,BEST_BID,"JPM,99238,155"
2019-06-28 12:16:00.000000000,BEST_ASK,"JPM,99391,165"
2019-06-28 12:16:00.000000000,LAST_TRADE,"4,$99238.0000"
2019-06-28 12:16:00.000000000,QUERY_SPREAD,99
2019-06-28 12:16:00.000000000,BEST_BID,"JPM,99238,153"
2019-06-28 12:16:00.000000000,BEST_ASK,"JPM,99391,165"
2019-06-28 12:16:00.000000000,LAST_TRADE,"2,$99238.0000"
2019-06-28 12:16:00.000000000,QUERY_SPREAD,100
2019-06-28 12:16:00.000000000,BEST_BID,"JPM,99238,147"
2019-06-28 12:16:00.000000000,BEST_ASK,"JPM,99391,165"
2019-06-28 12:16:00.000000000,LAST_TRADE,"6,$99238.0000"
2019-06-28 12:16:00.000000000,QUERY_SPREAD,101
2019-06-28 12:16:00.000000000,QUERY_ORDER_STREAM,101
2019-06-28 12:16:10.000000000,QUERY_SPREAD,1
2019-06-28 12:16:10.000000000,BEST_BID,"JPM,99209,428"
2019-06-28 12:16:10.000000000,BEST_ASK,"JPM,99391,1"
2019-06-28 12:16:10.000000000,BEST_BID,"JPM,99209,428"
2019-06-28 12:16:10.000000000,BEST_ASK,"JPM,99391,329"
2019-06-28 12:16:20.000000000,QUERY_SPREAD,1
2019-06-28 12:16:20.000000000,BEST_BID,"JPM,99209,166"
2019-06-28 12:16:20.000000000,BEST_ASK,"JPM,99391,1"
2019-06-28 12:16:20.000000000,BEST_BID,"JPM,99209,166"
2019-06-28 12:16:20.000000000,BEST_ASK,"JPM,99391,1"
2019-06-28 12:16:20.000000000,BEST_BID,"JPM,99209,166"
2019-06-28 12:16:20.000000000,BEST_ASK,"JPM,99391,1"
2019-06-28 12:16:20.000000000,BEST_BID,"JPM,99209,166"
2019-06-28 12:16:20.000000000,BEST_ASK,"JPM,99391,1"
2019-06-28 12:16:20.000000000,BEST_BID,"JPM,99209,166"
2019-06-28 12:16:20.000000000,BEST_ASK,"JPM,99391,1"
2019-06-28 12:16:20.000000000,BEST_BID,"JPM,99209,166"
2019-06-28 12:16:20.000000000,BEST_ASK,"JPM,99391,67"
2019-06-28 12:16:20.000000000,BEST_BID,"JPM,99209,166"
2019-06-28 12:16:20.000000000,BEST_ASK,"JPM,99391,67"
2019-06-28 12:16:20.000000000,BEST_BID,"JPM,99209,166"
2019-06-28 12:16:20.000000000,BEST_ASK,"JPM,99391,67"
2019-06-28 12:16:20.000000000,BEST_BID,"JPM,99209,166"
2019-06-28 12:16:20.000000000,BEST_ASK,"JPM,99391,67"
2019-06-28 12:16:20.000000000,BEST_BID,"JPM,99209,166"
2019-06-28 12:16:20.000000000,BEST_ASK,"JPM,99391,67"
2019-06-28 12:16:25.673594069,QUERY_SPREAD,16
2019-06-28 12:16:25.673594069,BEST_BID,"JPM,99209,66"
2019-06-28 12:16:25.673594069,BEST_ASK,"JPM,99391,67"
2019-06-28 12:16:25.673594069,LAST_TRADE,"100,$99209.0000"
2019-06-28 12:16:29.496688868,QUERY_ORDER_STREAM,73
2019-06-28 12:16:29.496688868,QUERY_SPREAD,73
2019-06-28 12:16:30.000000000,QUERY_SPREAD,1
2019-06-28 12:16:30.000000000,BEST_BID,"JPM,99146,212"
2019-06-28 12:16:30.000000000,BEST_ASK,"JPM,99391,1"
2019-06-28 12:16:30.000000000,BEST_BID,"JPM,99146,212"
2019-06-28 12:16:30.000000000,BEST_ASK,"JPM,99391,1"
2019-06-28 12:16:30.000000000,BEST_BID,"JPM,99146,212"
2019-06-28 12:16:30.000000000,BEST_ASK,"JPM,99391,1"
2019-06-28 12:16:30.000000000,BEST_BID,"JPM,99146,212"
2019-06-28 12:16:30.000000000,BEST_ASK,"JPM,99391,113"
2019-06-28 12:16:30.000000000,BEST_BID,"JPM,99146,212"
2019-06-28 12:16:30.000000000,BEST_ASK,"JPM,99391,113"
2019-06-28 12:16:30.000000000,BEST_BID,"JPM,99146,212"
2019-06-28 12:16:30.000000000,BEST_ASK,"JPM,99391,113"
2019-06-28 12:16:35.063770551,QUERY_SPREAD,15
2019-06-28 12:16:35.063770551,BEST_BID,"JPM,99146,112"
2019-06-28 12:16:35.063770551,BEST_ASK,"JPM,99391,113"
2019-06-28 12:16:35.063770551,LAST_TRADE,"100,$99146.0000"
2019-06-28 12:16:40.000000000,QUERY_SPREAD,1
2019-06-28 12:16:40.000000000,BEST_BID,"JPM,99131,428"
2019-06-28 12:16:40.000000000,BEST_ASK,"JPM,99391,1"
2019-06-28 12:16:40.000000000,BEST_BID,"JPM,99131,428"
2019-06-28 12:16:40.000000000,BEST_ASK,"JPM,99391,329"
2019-06-28 12:16:50.000000000,QUERY_SPREAD,1
2019-06-28 12:16:50.000000000,BEST_BID,"JPM,99131,264"
2019-06-28 12:16:50.000000000,BEST_ASK,"JPM,99391,1"
2019-06-28 12:16:50.000000000,BEST_BID,"JPM,99131,264"
2019-06-28 12:16:50.000000000,BEST_ASK,"JPM,99391,1"
2019-06-28 12:16:50.000000000,BEST_BID,"JPM,99131,264"
2019-06-28 12:16:50.000000000,BEST_ASK,"JPM,99391,165"
2019-06-28 12:16:50.000000000,BEST_BID,"JPM,99131,264"
2019-06-28 12:16:50.000000000,BEST_ASK,"JPM,99391,165"
2019-06-28 12:16:57.980237185,QUERY_SPREAD,29
2019-06-28 12:16:57.980237185,BEST_BID,"JPM,99131,264"
2019-06-28 12:16:57.980237185,BEST_ASK,"JPM,99391,165"
2019-06-28 12:17:00.000000000,QUERY_SPREAD,1
2019-06-28 12:17:00.000000000,BEST_BID,"JPM,99131,166"
2019-06-28 12:17:00.000000000,BEST_ASK,"JPM,99391,1"
2019-06-28 12:17:00.000000000,BEST_BID,"JPM,99131,166"
2019-06-28 12:17:00.000000000,BEST_ASK,"JPM,99391,1"
2019-06-28 12:17:00.000000000,BEST_BID,"JPM,99131,166"
2019-06-28 12:17:00.000000000,BEST_ASK,"JPM,99391,1"
2019-06-28 12:17:00.000000000,BEST_BID,"JPM,99131,166"
2019-06-28 12:17:00.000000000,BEST_ASK,"JPM,99391,1"
2019-06-28 12:17:00.000000000,BEST_BID,"JPM,99131,166"
2019-06-28 12:17:00.000000000,BEST_ASK,"JPM,99391,1"
2019-06-28 12:17:00.000000000,BEST_BID,"JPM,99131,166"
2019-06-28 12:17:00.000000000,BEST_ASK,"JPM,99391,67"
2019-06-28 12:17:00.000000000,BEST_BID,"JPM,99131,166"
2019-06-28 12:17:00.000000000,BEST_ASK,"JPM,99391,67"
2019-06-28 12:17:00.000000000,BEST_BID,"JPM,99131,166"
2019-06-28 12:17:00.000000000,BEST_ASK,"JPM,99391,67"
2019-06-28 12:17:00.000000000,BEST_BID,"JPM,99131,166"
2019-06-28 12:17:00.000000000,BEST_ASK,"JPM,99391,67"
2019-06-28 12:17:00.000000000,BEST_BID,"JPM,99131,166"
2019-06-28 12:17:00.000000000,BEST_ASK,"JPM,99391,67"
2019-06-28 12:17:00.000000000,QUERY_SPREAD,77
2019-06-28 12:17:00.000000000,BEST_BID,"JPM,99131,162"
2019-06-28 12:17:00.000000000,BEST_ASK,"JPM,99391,67"
2019-06-28 12:17:00.000000000,LAST_TRADE,"4,$99131.0000"
2019-06-28 12:17:00.000000000,QUERY_SPREAD,78
2019-06-28 12:17:00.000000000,BEST_BID,"JPM,99131,154"
2019-06-28 12:17:00.000000000,BEST_ASK,"JPM,99391,67"
2019-06-28 12:17:00.000000000,LAST_TRADE,"8,$99131.0000"
2019-06-28 12:17:00.000000000,QUERY_SPREAD,79
2019-06-28 12:17:00.000000000,BEST_BID,"JPM,99131,153"
2019-06-28 12:17:00.000000000,BEST_ASK,"JPM,99391,67"
2019-06-28 12:17:00.000000000,LAST_TRADE,"1,$99131.0000"
2019-06-28 12:17:00.000000000,QUERY_SPREAD,80
2019-06-28 12:17:00.000000000,BEST_BID,"JPM,99131,148"
2019-06-28 12:17:00.000000000,BEST_ASK,"JPM,99391,67"
2019-06-28 12:17:00.000000000,LAST_TRADE,"5,$99131.0000"
2019-06-28 12:17:00.000000000,QUERY_SPREAD,81
2019-06-28 12:17:00.000000000,BEST_BID,"JPM,99131,143"
2019-06-28 12:17:00.000000000,BEST_ASK,"JPM,99391,67"
2019-06-28 12:17:00.000000000,LAST_TRADE,"5,$99131.0000"
2019-06-28 12:17:00.000000000,QUERY_SPREAD,82
2019-06-28 12:17:00.000000000,BEST_BID,"JPM,99131,137"
2019-06-28 12:17:00.000000000,BEST_ASK,"JPM,99391,67"
2019-06-28 12:17:00.000000000,LAST_TRADE,"6,$99131.0000"
2019-06-28 12:17:00.000000000,QUERY_SPREAD,83
2019-06-28 12:17:00.000000000,BEST_BID,"JPM,99131,133"
2019-06-28 12:17:00.000000000,BEST_ASK,"JPM,99391,67"
2019-06-28 12:17:00.000000000,LAST_TRADE,"4,$99131.0000"
2019-06-28 12:17:00.000000000,QUERY_SPREAD,84
2019-06-28 12:17:00.000000000,BEST_BID,"JPM,99131,128"
2019-06-28 12:17:00.000000000,BEST_ASK,"JPM,99391,67"
2019-06-28 12:17:00.000000000,LAST_TRADE,"5,$99131.0000"
2019-06-28 12:17:00.000000000,QUERY_SPREAD,85
2019-06-28 12:17:00.000000000,BEST_BID,"JPM,99131,123"
2019-06-28 12:17:00.000000000,BEST_ASK,"JPM,99391,67"
2019-06-28 12:17:00.000000000,LAST_TRADE,"5,$99131.0000"
2019-06-28 12:17:00.000000000,QUERY_SPREAD,86
2019-06-28 12:17:00.000000000,BEST_BID,"JPM,99131,114"
2019-06-28 12:17:00.000000000,BEST_ASK,"JPM,99391,67"
2019-06-28 12:17:00.000000000,LAST_TRADE,"9,$99131.0000"
2019-06-28 12:17:00.000000000,QUERY_SPREAD,87
2019-06-28 12:17:00.000000000,BEST_BID,"JPM,99131,112"
2019-06-28 12:17:00.000000000,BEST_ASK,"JPM,99391,67"
2019-06-28 12:17:00.000000000,LAST_TRADE,"2,$99131.0000"
2019-06-28 12:17:00.000000000,QUERY_SPREAD,88
2019-06-28 12:17:00.000000000,BEST_BID,"JPM,99131,104"
2019-06-28 12:17:00.000000000,BEST_ASK,"JPM,99391,67"
2019-06-28 12:17:00.000000000,LAST_TRADE,"8,$99131.0000"
2019-06-28 12:17:00.000000000,QUERY_SPREAD,89
2019-06-28 12:17:00.000000000,BEST_BID,"JPM,99131,97"
2019-06-28 12:17:00.000000000,BEST_ASK,"JPM,99391,67"
2019-06-28 12:17:00.000000000,LAST_TRADE,"7,$99131.0000"
2019-06-28 12:17:00.000000000,QUERY_SPREAD,90
2019-06-28 12:17:00.000000000,BEST_BID,"JPM,99131,91"
2019-06-28 12:17:00.000000000,BEST_ASK,"JPM,99391,67"
2019-06-28 12:17:00.000000000,LAST_TRADE,"6,$99131.0000"
2019-06-28 12:17:00.000000000,QUERY_SPREAD,91
2019-06-28 12:17:00.000000000,BEST_BID,"JPM,99131,86"
2019-06-28 12:17:00.000000000,BEST_ASK,"JPM,99391,67"
2019-06-28 12:17:00.000000000,LAST_TRADE,"5,$99131.0000"
2019-06-28 12:17:00.000000000,QUERY_SPREAD,92
2019-06-28 12:17:00.000000000,BEST_BID,"JPM,99131,85"
2019-06-28 12:17:00.000000000,BEST_ASK,"JPM,99391,67"
2019-06-28 12:17:00.000000000,LAST_TRADE,"1,$99131.0000"
2019-06-28 12:17:00.000000000,QUERY_SPREAD,93
2019-06-28 12:17:00.000000000,BEST_BID,"JPM,99131,83"
2019-06-28 12:17:00.000000000,BEST_ASK,"JPM,99391,67"
2019-06-28 12:17:00.000000000,LAST_TRADE,"2,$99131.0000"
2019-06-28 12:17:00.000000000,QUERY_SPREAD,94
2019-06-28 12:17:00.000000000,BEST_BID,"JPM,99131,81"
2019-06-28 12:17:00.000000000,BEST_ASK,"JPM,99391,67"
2019-06-28 12:17:00.000000000,LAST_TRADE,"2,$99131.0000"
2019-06-28 12:17:00.000000000,QUERY_SPREAD,95
2019-06-28 12:17:00.000000000,BEST_BID,"JPM,99131,74"
2019-06-28 12:17:00.000000000,BEST_ASK,"JPM,99391,67"
2019-06-28 12:17:00.000000000,LAST_TRADE,"7,$99131.0000"
2019-06-28 12:17:00.000000000,QUERY_SPREAD,96
2019-06-28 12:17:00.000000000,BEST_BID,"JPM,99131,67"
2019-06-28 12:17:00.000000000,BEST_ASK,"JPM,99391,67"
2019-06-28 12:17:00.000000000,LAST_TRADE,"7,$99131.0000"
2019-06-28 12:17:00.000000000,QUERY_SPREAD,97
2019-06-28 12:17:00.000000000,BEST_BID,"JPM,99131,61"
2019-06-28 12:17:00.000000000,BEST_ASK,"JPM,99391,67"
2019-06-28 12:17:00.000000000,LAST_TRADE,"6,$99131.0000"
2019-06-28 12:17:00.000000000,QUERY_SPREAD,98
2019-06-28 12:17:00.000000000,BEST_BID,"JPM,99131,57"
2019-06-28 12:17:00.000000000,BEST_ASK,"JPM,99391,67"
2019-06-28 12:17:00.000000000,LAST_TRADE,"4,$99131.0000"
2019-06-28 12:17:00.000000000,QUERY_SPREAD,99
2019-06-28 12:17:00.000000000,BEST_BID,"JPM,99131,55"
2019-06-28 12:17:00.000000000,BEST_ASK,"JPM,99391,67"
2019-06-28 12:17:00.000000000,LAST_TRADE,"2,$99131.0000"
2019-06-28 12:17:00.000000000,QUERY_SPREAD,100
2019-06-28 12:17:00.000000000,BEST_BID,"JPM,99131,49"
2019-06-28 12:17:00.000000000,BEST_ASK,"JPM,99391,67"
2019-06-28 12:17:00.000000000,LAST_TRADE,"6,$99131.0000"
2019-06-28 12:17:00.000000000,QUERY_SPREAD,101
2019-06-28 12:17:00.000000000,QUERY_ORDER_STREAM,101
2019-06-28 12:17:06.937504034,QUERY_SPREAD,32
2019-06-28 12:17:06.937504034,BEST_BID,"JPM,98664,166"
2019-06-28 12:17:06.937504034,BEST_ASK,"JPM,99131,51"
2019-06-28 12:17:06.937504034,LAST_TRADE,"49,$99131.0000"
2019-06-28 12:17:10.000000000,QUERY_SPREAD,1
2019-06-28 12:17:10.000000000,BEST_BID,"JPM,98664,264"
2019-06-28 12:17:10.000000000,BEST_ASK,"JPM,99131,51"
2019-06-28 12:17:10.000000000,BEST_BID,"JPM,98664,264"
2019-06-28 12:17:10.000000000,BEST_ASK,"JPM,99131,51"
2019-06-28 12:17:10.000000000,BEST_BID,"JPM,98664,264"
2019-06-28 12:17:10.000000000,BEST_ASK,"JPM,99131,215"
2019-06-28 12:17:10.000000000,BEST_BID,"JPM,98664,264"
2019-06-28 12:17:10.000000000,BEST_ASK,"JPM,99131,215"
2019-06-28 12:17:20.000000000,QUERY_SPREAD,1
2019-06-28 12:17:20.000000000,BEST_BID,"JPM,98664,182"
2019-06-28 12:17:20.000000000,BEST_ASK,"JPM,99131,51"
2019-06-28 12:17:20.000000000,BEST_BID,"JPM,98664,182"
2019-06-28 12:17:20.000000000,BEST_ASK,"JPM,99131,51"
2019-06-28 12:17:20.000000000,BEST_BID,"JPM,98664,182"
2019-06-28 12:17:20.000000000,BEST_ASK,"JPM,99131,51"
2019-06-28 12:17:20.000000000,BEST_BID,"JPM,98664,182"
2019-06-28 12:17:20.000000000,BEST_ASK,"JPM,99131,51"
2019-06-28 12:17:20.000000000,BEST_BID,"JPM,98664,182"
2019-06-28 12:17:20.000000000,BEST_ASK,"JPM,99131,133"
2019-06-28 12:17:20.000000000,BEST_BID,"JPM,98664,182"
2019-06-28 12:17:20.000000000,BEST_ASK,"JPM,99131,133"
2019-06-28 12:17:20.000000000,BEST_BID,"JPM,98664,182"
2019-06-28 12:17:20.000000000,BEST_ASK,"JPM,99131,133"
2019-06-28 12:17:20.000000000,BEST_BID,"JPM,98664,182"
2019-06-28 12:17:20.000000000,BEST_ASK,"JPM,99131,133"
2019-06-28 12:17:22.937067030,QUERY_SPREAD,15
2019-06-28 12:17:22.937067030,BEST_BID,"JPM,98664,182"
2019-06-28 12:17:22.937067030,BEST_ASK,"JPM,99131,133"
2019-06-28 12:17:30.000000000,QUERY_SPREAD,1
2019-06-28 12:17:30.000000000,BEST_BID,"JPM,98664,166"
2019-06-28 12:17:30.000000000,BEST_ASK,"JPM,99131,51"
2019-06-28 12:17:30.000000000,BEST_BID,"JPM,98664,166"
2019-06-28 12:17:30.000000000,BEST_ASK,"JPM,99131,51"
2019-06-28 12:17:30.000000000,BEST_BID,"JPM,98664,166"
2019-06-28 12:17:30.000000000,BEST_ASK,"JPM,99131,51"
2019-06-28 12:17:30.000000000,BEST_BID,"JPM,98664,166"
2019-06-28 12:17:30.000000000,BEST_ASK,"JPM,99131,51"
2019-06-28 12:17:30.000000000,BEST_BID,"JPM,98664,166"
2019-06-28 12:17:30.000000000,BEST_ASK,"JPM,99131,51"
2019-06-28 12:17:30.000000000,BEST_BID,"JPM,98664,166"
2019-06-28 12:17:30.000000000,BEST_ASK,"JPM,99131,117"
2019-06-28 12:17:30.000000000,BEST_BID,"JPM,98664,166"
2019-06-28 12:17:30.000000000,BEST_ASK,"JPM,99131,117"
2019-06-28 12:17:30.000000000,BEST_BID,"JPM,98664,166"
2019-06-28 12:17:30.000000000,BEST_ASK,"JPM,99131,117"
2019-06-28 12:17:30.000000000,BEST_BID,"JPM,98664,166"
2019-06-28 12:17:30.000000000,BEST_ASK,"JPM,99131,117"
2019-06-28 12:17:30.000000000,BEST_BID,"JPM,98664,166"
2019-06-28 12:17:30.000000000,BEST_ASK,"JPM,99131,117"
2019-06-28 12:17:34.188607647,QUERY_ORDER_STREAM,56
2019-06-28 12:17:34.188607647,QUERY_SPREAD,56
2019-06-28 12:17:34.188607647,BEST_BID,"JPM,98664,166"
2019-06-28 12:17:34.188607647,BEST_ASK,"JPM,99131,217"
2019-06-28 12:17:40.000000000,QUERY_SPREAD,1
2019-06-28 12:17:40.000000000,BEST_BID,"JPM,98664,212"
2019-06-28 12:17:40.000000000,BEST_ASK,"JPM,99131,151"
2019-06-28 12:17:40.000000000,BEST_BID,"JPM,98664,212"
2019-06-28 12:17:40.000000000,BEST_ASK,"JPM,99131,151"
2019-06-28 12:17:40.000000000,BEST_BID,"JPM,98664,212"
2019-06-28 12:17:40.000000000,BEST_ASK,"JPM,99131,151"
2019-06-28 12:17:40.000000000,BEST_BID,"JPM,98664,212"
2019-06-28 12:17:40.000000000,BEST_ASK,"JPM,99131,263"
2019-06-28 12:17:40.000000000,BEST_BID,"JPM,98664,212"
2019-06-28 12:17:40.000000000,BEST_ASK,"JPM,99131,263"
2019-06-28 12:17:40.000000000,BEST_BID,"JPM,98664,212"
2019-06-28 12:17:40.000000000,BEST_ASK,"JPM,99131,263"
2019-06-28 12:17:45.386488598,QUERY_SPREAD,35
2019-06-28 12:17:45.386488598,BEST_BID,"JPM,98664,212"
2019-06-28 12:17:45.386488598,BEST_ASK,"JPM,99131,263"
2019-06-28 12:17:50.000000000,QUERY_SPREAD,1
2019-06-28 12:17:50.000000000,BEST_BID,"JPM,98664,264"
2019-06-28 12:17:50.000000000,BEST_ASK,"JPM,99131,151"
2019-06-28 12:17:50.000000000,BEST_BID,"JPM,98664,264"
2019-06-28 12:17:50.000000000,BEST_ASK,"JPM,99131,151"
2019-06-28 12:17:50.000000000,BEST_BID,"JPM,98664,264"
2019-06-28 12:17:50.000000000,BEST_ASK,"JPM,99131,315"
2019-06-28 12:17:50.000000000,BEST_BID,"JPM,98664,264"
2019-06-28 12:17:50.000000000,BEST_ASK,"JPM,99131,315"
2019-06-28 12:17:50.745688298,QUERY_SPREAD,26
2019-06-28 12:17:50.745688298,BEST_BID,"JPM,98664,264"
2019-06-28 12:17:50.745688298,BEST_ASK,"JPM,99131,315"
2019-06-28 12:18:00.000000000,QUERY_SPREAD,1
2019-06-28 12:18:00.000000000,BEST_BID,"JPM,98664,428"
2019-06-28 12:18:00.000000000,BEST_ASK,"JPM,99131,151"
2019-06-28 12:18:00.000000000,BEST_BID,"JPM,98664,428"
2019-06-28 12:18:00.000000000,BEST_ASK,"JPM,99131,479"
2019-06-28 12:18:00.000000000,QUERY_SPREAD,77
2019-06-28 12:18:00.000000000,BEST_BID,"JPM,98664,424"
2019-06-28 12:18:00.000000000,BEST_ASK,"JPM,99131,479"
2019-06-28 12:18:00.000000000,LAST_TRADE,"4,$98664.0000"
2019-06-28 12:18:00.000000000,QUERY_SPREAD,78
2019-06-28 12:18:00.000000000,BEST_BID,"JPM,98664,416"
2019-06-28 12:18:00.000000000,BEST_ASK,"JPM,99131,479"
2019-06-28 12:18:00.000000000,LAST_TRADE,"8,$98664.0000"
2019-06-28 12:18:00.000000000,QUERY_SPREAD,79
2019-06-28 12:18:00.000000000,BEST_BID,"JPM,98664,415"
2019-06-28 12:18:00.000000000,BEST_ASK,"JPM,99131,479"
2019-06-28 12:18:00.000000000,LAST_TRADE,"1,$98664.0000"
2019-06-28 12:18:00.000000000,QUERY_SPREAD,80
2019-06-28 12:18:00.000000000,BEST_BID,"JPM,98664,410"
2019-06-28 12:18:00.000000000,BEST_ASK,"JPM,99131,479"
2019-06-28 12:18:00.000000000,LAST_TRADE,"5,$98664.0000"
2019-06-28 12:18:00.000000000,QUERY_SPREAD,81
2019-06-28 12:18:00.000000000,BEST_BID,"JPM,98664,405"
2019-06-28 12:18:00.000000000,BEST_ASK,"JPM,99131,479"
2019-06-28 12:18:00.000000000,LAST_TRADE,"5,$98664.0000"
2019-06-28 12:18:00.000000000,QUERY_SPREAD,82
2019-06-28 12:18:00.000000000,BEST_BID,"JPM,98664,399"
2019-06-28 12:18:00.000000000,BEST_ASK,"JPM,99131,479"
2019-06-28 12:18:00.000000000,LAST_TRADE,"6,$98664.0000"
2019-06-28 12:18:00.000000000,QUERY_SPREAD,83
2019-06-28 12:18:00.000000000,BEST_BID,"JPM,98664,395"
2019-06-28 12:18:00.000000000,BEST_ASK,"JPM,99131,479"
2019-06-28 12:18:00.000000000,LAST_TRADE,"4,$98664.0000"
2019-06-28 12:18:00.000000000,QUERY_SPREAD,84
2019-06-28 12:18:00.000000000,BEST_BID,"JPM,98664,390"
2019-06-28 12:18:00.000000000,BEST_ASK,"JPM,99131,479"
2019-06-28 12:18:00.000000000,LAST_TRADE,"5,$98664.0000"
2019-06-28 12:18:00.000000000,QUERY_SPREAD,85
2019-06-28 12:18:00.000000000,BEST_BID,"JPM,98664,385"
2019-06-28 12:18:00.000000000,BEST_ASK,"JPM,99131,479"
2019-06-28 12:18:00.000000000,LAST_TRADE,"5,$98664.0000"
2019-06-28 12:18:00.000000000,QUERY_SPREAD,86
2019-06-28 12:18:00.000000000,BEST_BID,"JPM,98664,376"
2019-06-28 12:18:00.000000000,BEST_ASK,"JPM,99131,479"
2019-06-28 12:18:00.000000000,LAST_TRADE,"9,$98664.0000"
2019-06-28 12:18:00.000000000,QUERY_SPREAD,87
2019-06-28 12:18:00.000000000,BEST_BID,"JPM,98664,374"
2019-06-28 12:18:00.000000000,BEST_ASK,"JPM,99131,479"
2019-06-28 12:18:00.000000000,LAST_TRADE,"2,$98664.0000"
2019-06-28 12:18:00.000000000,QUERY_SPREAD,88
2019-06-28 12:18:00.000000000,BEST_BID,"JPM,98664,366"
2019-06-28 12:18:00.000000000,BEST_ASK,"JPM,99131,479"
2019-06-28 12:18:00.000000000,LAST_TRADE,"8,$98664.0000"
2019-06-28 12:18:00.000000000,QUERY_SPREAD,89
2019-06-28 12:18:00.000000000,BEST_BID,"JPM,98664,359"
2019-06-28 12:18:00.000000000,BEST_ASK,"JPM,99131,479"
2019-06-28 12:18:00.000000000,LAST_TRADE,"7,$98664.0000"
2019-06-28 12:18:00.000000000,QUERY_SPREAD,90
2019-06-28 12:18:00.000000000,BEST_BID,"JPM,98664,353"
2019-06-28 12:18:00.000000000,BEST_ASK,"JPM,99131,479"
2019-06-28 12:18:00.000000000,LAST_TRADE,"6,$98664.0000"
2019-06-28 12:18:00.000000000,QUERY_SPREAD,91
2019-06-28 12:18:00.000000000,BEST_BID,"JPM,98664,348"
2019-06-28 12:18:00.000000000,BEST_ASK,"JPM,99131,479"
2019-06-28 12:18:00.000000000,LAST_TRADE,"5,$98664.0000"
2019-06-28 12:18:00.000000000,QUERY_SPREAD,92
2019-06-28 12:18:00.000000000,BEST_BID,"JPM,98664,347"
2019-06-28 12:18:00.000000000,BEST_ASK,"JPM,99131,479"
2019-06-28 12:18:00.000000000,LAST_TRADE,"1,$98664.0000"
2019-06-28 12:18:00.000000000,QUERY_SPREAD,93
2019-06-28 12:18:00.000000000,BEST_BID,"JPM,98664,345"
2019-06-28 12:18:00.000000000,BEST_ASK,"JPM,99131,479"
2019-06-28 12:18:00.000000000,LAST_TRADE,"2,$98664.0000"
2019-06-28 12:18:00.000000000,QUERY_SPREAD,94
2019-06-28 12:18:00.000000000,BEST_BID,"JPM,98664,343"
2019-06-28 12:18:00.000000000,BEST_ASK,"JPM,99131,479"
2019-06-28 12:18:00.000000000,LAST_TRADE,"2,$98664.0000"
2019-06-28 12:18:00.000000000,QUERY_SPREAD,95
2019-06-28 12:18:00.000000000,BEST_BID,"JPM,98664,336"
2019-06-28 12:18:00.000000000,BEST_ASK,"JPM,99131,479"
2019-06-28 12:18:00.000000000,LAST_TRADE,"7,$98664.0000"
2019-06-28 12:18:00.000000000,QUERY_SPREAD,96
2019-06-28 12:18:00.000000000,BEST_BID,"JPM,98664,329"
2019-06-28 12:18:00.000000000,BEST_ASK,"JPM,99131,479"
2019-06-28 12:18:00.000000000,LAST_TRADE,"7,$98664.0000"
2019-06-28 12:18:00.000000000,QUERY_SPREAD,97
2019-06-28 12:18:00.000000000,BEST_BID,"JPM,98664,323"
2019-06-28 12:18:00.000000000,BEST_ASK,"JPM,99131,479"
2019-06-28 12:18:00.000000000,LAST_TRADE,"6,$98664.0000"
2019-06-28 12:18:00.000000000,QUERY_SPREAD,98
2019-06-28 12:18:00.000000000,BEST_BID,"JPM,98664,319"
2019-06-28 12:18:00.000000000,BEST_ASK,"JPM,99131,479"
2019-06-28 12:18:00.000000000,LAST_TRADE,"4,$98664.0000"
2019-06-28 12:18:00.000000000,QUERY_SPREAD,99
2019-06-28 12:18:00.000000000,BEST_BID,"JPM,98664,317"
2019-06-28 12:18:00.000000000,BEST_ASK,"JPM,99131,479"
2019-06-28 12:18:00.000000000,LAST_TRADE,"2,$98664.0000"
2019-06-28 12:18:00.000000000,QUERY_SPREAD,100
2019-06-28 12:18:00.000000000,BEST_BID,"JPM,98664,311"
2019-06-28 12:18:00.000000000,BEST_ASK,"JPM,99131,479"
2019-06-28 12:18:00.000000000,LAST_TRADE,"6,$98664.0000"
2019-06-28 12:18:00.000000000,QUERY_SPREAD,101
2019-06-28 12:18:00.000000000,QUERY_ORDER_STREAM,101
2019-06-28 12:18:00.000000000,BEST_BID,"JPM,98664,319"
2019-06-28 12:18:00.000000000,BEST_ASK,"JPM,99131,479"
2019-06-28 12:18:09.038156165,QUERY_SPREAD,36
2019-06-28 12:18:09.038156165,BEST_BID,"JPM,98664,319"
2019-06-28 12:18:09.038156165,BEST_ASK,"JPM,98885,100"
2019-06-28 12:18:10.000000000,QUERY_SPREAD,1
2019-06-28 12:18:10.000000000,BEST_BID,"JPM,98664,90"
2019-06-28 12:18:10.000000000,BEST_ASK,"JPM,98885,100"
2019-06-28 12:18:10.000000000,BEST_BID,"JPM,98664,90"
2019-06-28 12:18:10.000000000,BEST_ASK,"JPM,98885,100"
2019-06-28 12:18:10.000000000,BEST_BID,"JPM,98664,90"
2019-06-28 12:18:10.000000000,BEST_ASK,"JPM,98885,100"
2019-06-28 12:18:10.000000000,BEST_BID,"JPM,98664,90"
2019-06-28 12:18:10.000000000,BEST_ASK,"JPM,98885,100"
2019-06-28 12:18:10.000000000,BEST_BID,"JPM,98664,90"
2019-06-28 12:18:10.000000000,BEST_ASK,"JPM,98885,182"
2019-06-28 12:18:10.000000000,BEST_BID,"JPM,98664,90"
2019-06-28 12:18:10.000000000,BEST_ASK,"JPM,98885,182"
2019-06-28 12:18:10.000000000,BEST_BID,"JPM,98664,90"
2019-06-28 12:18:10.000000000,BEST_ASK,"JPM,98885,182"
2019-06-28 12:18:10.000000000,BEST_BID,"JPM,98664,90"
2019-06-28 12:18:10.000000000,BEST_ASK,"JPM,98885,182"
2019-06-28 12:18:20.000000000,QUERY_SPREAD,1
2019-06-28 12:18:20.000000000,BEST_BID,"JPM,98664,120"
2019-06-28 12:18:20.000000000,BEST_ASK,"JPM,98885,100"
2019-06-28 12:18:20.000000000,BEST_BID,"JPM,98664,120"
2019-06-28 12:18:20.000000000,BEST_ASK,"JPM,98885,100"
2019-06-28 12:18:20.000000000,BEST_BID,"JPM,98664,120"
2019-06-28 12:18:20.000000000,BEST_ASK,"JPM,98885,100"
2019-06-28 12:18:20.000000000,BEST_BID,"JPM,98664,120"
2019-06-28 12:18:20.000000000,BEST_ASK,"JPM,98885,212"
2019-06-28 12:18:20.000000000,BEST_BID,"JPM,98664,120"
2019-06-28 12:18:20.000000000,BEST_ASK,"JPM,98885,212"
2019-06-28 12:18:20.000000000,BEST_BID,"JPM,98664,120"
2019-06-28 12:18:20.000000000,BEST_ASK,"JPM,98885,212"
2019-06-28 12:18:30.000000000,QUERY_SPREAD,1
2019-06-28 12:18:30.000000000,BEST_BID,"JPM,98664,74"
2019-06-28 12:18:30.000000000,BEST_ASK,"JPM,98885,100"
2019-06-28 12:18:30.000000000,BEST_BID,"JPM,98664,74"
2019-06-28 12:18:30.000000000,BEST_ASK,"JPM,98885,100"
2019-06-28 12:18:30.000000000,BEST_BID,"JPM,98664,74"
2019-06-28 12:18:30.000000000,BEST_ASK,"JPM,98885,100"
2019-06-28 12:18:30.000000000,BEST_BID,"JPM,98664,74"
2019-06-28 12:18:30.000000000,BEST_ASK,"JPM,98885,100"
2019-06-28 12:18:30.000000000,BEST_BID,"JPM,98664,74"
2019-06-28 12:18:30.000000000,BEST_ASK,"JPM,98885,100"
2019-06-28 12:18:30.000000000,BEST_BID,"JPM,98664,74"
2019-06-28 12:18:30.000000000,BEST_ASK,"JPM,98885,166"
2019-06-28 12:18:30.000000000,BEST_BID,"JPM,98664,74"
2019-06-28 12:18:30.000000000,BEST_ASK,"JPM,98885,166"
2019-06-28 12:18:30.000000000,BEST_BID,"JPM,98664,74"
2019-06-28 12:18:30.000000000,BEST_ASK,"JPM,98885,166"
2019-06-28 12:18:30.000000000,BEST_BID,"JPM,98664,74"
2019-06-28 12:18:30.000000000,BEST_ASK,"JPM,98885,166"
2019-06-28 12:18:30.000000000,BEST_BID,"JPM,98664,74"
2019-06-28 12:18:30.000000000,BEST_ASK,"JPM,98885,166"
2019-06-28 12:18:32.406318533,QUERY_ORDER_STREAM,67
2019-06-28 12:18:32.406318533,QUERY_SPREAD,67
2019-06-28 12:18:32.406318533,BEST_BID,"JPM,98664,174"
2019-06-28 12:18:32.406318533,BEST_ASK,"JPM,98885,166"
2019-06-28 12:18:36.824371691,QUERY_ORDER_STREAM,65
2019-06-28 12:18:36.824371691,QUERY_SPREAD,65
2019-06-28 12:18:36.824371691,BEST_BID,"JPM,98664,274"
2019-06-28 12:18:36.824371691,BEST_ASK,"JPM,98885,166"
2019-06-28 12:18:37.753327333,QUERY_ORDER_STREAM,56
2019-06-28 12:18:37.753327333,QUERY_SPREAD,56
2019-06-28 12:18:40.000000000,QUERY_SPREAD,1
2019-06-28 12:18:40.000000000,BEST_BID,"JPM,98664,274"
2019-06-28 12:18:40.000000000,BEST_ASK,"JPM,98885,100"
2019-06-28 12:18:40.000000000,BEST_BID,"JPM,98664,274"
2019-06-28 12:18:40.000000000,BEST_ASK,"JPM,98885,100"
2019-06-28 12:18:40.000000000,BEST_BID,"JPM,98664,274"
2019-06-28 12:18:40.000000000,BEST_ASK,"JPM,98885,100"
2019-06-28 12:18:40.000000000,BEST_BID,"JPM,98664,274"
2019-06-28 12:18:40.000000000,BEST_ASK,"JPM,98885,100"
2019-06-28 12:18:40.000000000,BEST_BID,"JPM,98664,274"
2019-06-28 12:18:40.000000000,BEST_ASK,"JPM,98885,100"
2019-06-28 12:18:40.000000000,BEST_BID,"JPM,98664,274"
2019-06-28 12:18:40.000000000,BEST_ASK,"JPM,98885,166"
2019-06-28 12:18:40.000000000,BEST_BID,"JPM,98664,274"
2019-06-28 12:18:40.000000000,BEST_ASK,"JPM,98885,166"
2019-06-28 12:18:40.000000000,BEST_BID,"JPM,98664,274"
2019-06-28 12:18:40.000000000,BEST_ASK,"JPM,98885,166"
2019-06-28 12:18:40.000000000,BEST_BID,"JPM,98664,274"
2019-06-28 12:18:40.000000000,BEST_ASK,"JPM,98885,166"
2019-06-28 12:18:40.000000000,BEST_BID,"JPM,98664,274"
2019-06-28 12:18:40.000000000,BEST_ASK,"JPM,98885,166"
2019-06-28 12:18:50.000000000,QUERY_SPREAD,1
2019-06-28 12:18:50.000000000,BEST_BID,"JPM,98664,274"
2019-06-28 12:18:50.000000000,BEST_ASK,"JPM,98885,100"
2019-06-28 12:18:50.000000000,BEST_BID,"JPM,98664,274"
2019-06-28 12:18:50.000000000,BEST_ASK,"JPM,98885,100"
2019-06-28 12:18:50.000000000,BEST_BID,"JPM,98664,274"
2019-06-28 12:18:50.000000000,BEST_ASK,"JPM,98885,100"
2019-06-28 12:18:50.000000000,BEST_BID,"JPM,98664,274"
2019-06-28 12:18:50.000000000,BEST_ASK,"JPM,98885,100"
2019-06-28 12:18:50.000000000,BEST_BID,"JPM,98664,274"
2019-06-28 12:18:50.000000000,BEST_ASK,"JPM,98885,100"
2019-06-28 12:18:50.000000000,BEST_BID,"JPM,98664,274"
2019-06-28 12:18:50.000000000,BEST_ASK,"JPM,98885,166"
2019-06-28 12:18:50.000000000,BEST_BID,"JPM,98664,274"
2019-06-28 12:18:50.000000000,BEST_ASK,"JPM,98885,166"
2019-06-28 12:18:50.000000000,BEST_BID,"JPM,98664,274"
2019-06-28 12:18:50.000000000,BEST_ASK,"JPM,98885,166"
2019-06-28 12:18:50.000000000,BEST_BID,"JPM,98664,274"
2019-06-28 12:18:50.000000000,BEST_ASK,"JPM,98885,166"
2019-06-28 12:18:50.000000000,BEST_BID,"JPM,98664,274"
2019-06-28 12:18:50.000000000,BEST_ASK,"JPM,98885,166"
2019-06-28 12:19:00.000000000,QUERY_SPREAD,1
2019-06-28 12:19:00.000000000,BEST_BID,"JPM,98664,290"
2019-06-28 12:19:00.000000000,BEST_ASK,"JPM,98885,100"
2019-06-28 12:19:00.000000000,BEST_BID,"JPM,98664,290"
2019-06-28 12:19:00.000000000,BEST_ASK,"JPM,98885,100"
2019-06-28 12:19:00.000000000,BEST_BID,"JPM,98664,290"
2019-06-28 12:19:00.000000000,BEST_ASK,"JPM,98885,100"
2019-06-28 12:19:00.000000000,BEST_BID,"JPM,98664,290"
2019-06-28 12:19:00.000000000,BEST_ASK,"JPM,98885,100"
2019-06-28 12:19:00.000000000,BEST_BID,"JPM,98664,290"
2019-06-28 12:19:00.000000000,BEST_ASK,"JPM,98885,182"
2019-06-28 12:19:00.000000000,BEST_BID,"JPM,98664,290"
2019-06-28 12:19:00.000000000,BEST_ASK,"JPM,98885,182"
2019-06-28 12:19:00.000000000,BEST_BID,"JPM,98664,290"
2019-06-28 12:19:00.000000000,BEST_ASK,"JPM,98885,182"
2019-06-28 12:19:00.000000000,BEST_BID,"JPM,98664,290"
2019-06-28 12:19:00.000000000,BEST_ASK,"JPM,98885,182"
2019-06-28 12:19:00.000000000,QUERY_SPREAD,77
2019-06-28 12:19:00.000000000,BEST_BID,"JPM,98664,286"
2019-06-28 12:19:00.000000000,BEST_ASK,"JPM,98885,182"
2019-06-28 12:19:00.000000000,LAST_TRADE,"4,$98664.0000"
2019-06-28 12:19:00.000000000,QUERY_SPREAD,78
2019-06-28 12:19:00.000000000,BEST_BID,"JPM,98664,278"
2019-06-28 12:19:00.000000000,BEST_ASK,"JPM,98885,182"
2019-06-28 12:19:00.000000000,LAST_TRADE,"8,$98664.0000"
2019-06-28 12:19:00.000000000,QUERY_SPREAD,79
2019-06-28 12:19:00.000000000,BEST_BID,"JPM,98664,277"
2019-06-28 12:19:00.000000000,BEST_ASK,"JPM,98885,182"
2019-06-28 12:19:00.000000000,LAST_TRADE,"1,$98664.0000"
2019-06-28 12:19:00.000000000,QUERY_SPREAD,80
2019-06-28 12:19:00.000000000,BEST_BID,"JPM,98664,272"
2019-06-28 12:19:00.000000000,BEST_ASK,"JPM,98885,182"
2019-06-28 12:19:00.000000000,LAST_TRADE,"5,$98664.0000"
2019-06-28 12:19:00.000000000,QUERY_SPREAD,81
2019-06-28 12:19:00.000000000,BEST_BID,"JPM,98664,267"
2019-06-28 12:19:00.000000000,BEST_ASK,"JPM,98885,182"
2019-06-28 12:19:00.000000000,LAST_TRADE,"5,$98664.0000"
2019-06-28 12:19:00.000000000,QUERY_SPREAD,82
2019-06-28 12:19:00.000000000,BEST_BID,"JPM,98664,261"
2019-06-28 12:19:00.000000000,BEST_ASK,"JPM,98885,182"
2019-06-28 12:19:00.000000000,LAST_TRADE,"6,$98664.0000"
2019-06-28 12:19:00.000000000,QUERY_SPREAD,83
2019-06-28 12:19:00.000000000,BEST_BID,"JPM,98664,257"
2019-06-28 12:19:00.000000000,BEST_ASK,"JPM,98885,182"
2019-06-28 12:19:00.000000000,LAST_TRADE,"4,$98664.0000"
2019-06-28 12:19:00.000000000,QUERY_SPREAD,84
2019-06-28 12:19:00.000000000,BEST_BID,"JPM,98664,252"
2019-06-28 12:19:00.000000000,BEST_ASK,"JPM,98885,182"
2019-06-28 12:19:00.000000000,LAST_TRADE,"5,$98664.0000"
2019-06-28 12:19:00.000000000,QUERY_SPREAD,85
2019-06-28 12:19:00.000000000,BEST_BID,"JPM,98664,247"
2019-06-28 12:19:00.000000000,BEST_ASK,"JPM,98885,182"
2019-06-28 12:19:00.000000000,LAST_TRADE,"5,$98664.0000"
2019-06-28 12:19:00.000000000,QUERY_SPREAD,86
2019-06-28 12:19:00.000000000,BEST_BID,"JPM,98664,238"
2019-06-28 12:19:00.000000000,BEST_ASK,"JPM,98885,182"
2019-06-28 12:19:00.000000000,LAST_TRADE,"9,$98664.0000"
2019-06-28 12:19:00.000000000,QUERY_SPREAD,87
2019-06-28 12:19:00.000000000,BEST_BID,"JPM,98664,236"
2019-06-28 12:19:00.000000000,BEST_ASK,"JPM,98885,182"
2019-06-28 12:19:00.000000000,LAST_TRADE,"2,$98664.0000"
2019-06-28 12:19:00.000000000,QUERY_SPREAD,88
2019-06-28 12:19:00.000000000,BEST_BID,"JPM,98664,228"
2019-06-28 12:19:00.000000000,BEST_ASK,"JPM,98885,182"
2019-06-28 12:19:00.000000000,LAST_TRADE,"8,$98664.0000"
2019-06-28 12:19:00.000000000,QUERY_SPREAD,89
2019-06-28 12:19:00.000000000,BEST_BID,"JPM,98664,221"
2019-06-28 12:19:00.000000000,BEST_ASK,"JPM,98885,182"
2019-06-28 12:19:00.000000000,LAST_TRADE,"7,$98664.0000"
2019-06-28 12:19:00.000000000,QUERY_SPREAD,90
2019-06-28 12:19:00.000000000,BEST_BID,"JPM,98664,215"
2019-06-28 12:19:00.000000000,BEST_ASK,"JPM,98885,182"
2019-06-28 12:19:00.000000000,LAST_TRADE,"6,$98664.0000"
2019-06-28 12:19:00.000000000,QUERY_SPREAD,91
2019-06-28 12:19:00.000000000,BEST_BID,"JPM,98664,210"
2019-06-28 12:19:00.000000000,BEST_ASK,"JPM,98885,182"
2019-06-28 12:19:00.000000000,LAST_TRADE,"5,$98664.0000"
2019-06-28 12:19:00.000000000,QUERY_SPREAD,92
2019-06-28 12:19:00.000000000,BEST_BID,"JPM,98664,209"
2019-06-28 12:19:00.000000000,BEST_ASK,"JPM,98885,182"
2019-06-28 12:19:00.000000000,LAST_TRADE,"1,$98664.0000"
2019-06-28 12:19:00.000000000,QUERY_SPREAD,93
2019-06-28 12:19:00.000000000,BEST_BID,"JPM,98664,207"
2019-06-28 12:19:00.000000000,BEST_ASK,"JPM,98885,182"
2019-06-28 12:19:00.000000000,LAST_TRADE,"2,$98664.0000"
2019-06-28 12:19:00.000000000,QUERY_SPREAD,94
2019-06-28 12:19:00.000000000,BEST_BID,"JPM,98664,205"
2019-06-28 12:19:00.000000000,BEST_ASK,"JPM,98885,182"
2019-06-28 12:19:00.000000000,LAST_TRADE,"2,$98664.0000"
2019-06-28 12:19:00.000000000,QUERY_SPREAD,95
2019-06-28 12:19:00.000000000,BEST_BID,"JPM,98664,198"
2019-06-28 12:19:00.000000000,BEST_ASK,"JPM,98885,182"
2019-06-28 12:19:00.000000000,LAST_TRADE,"7,$98664.0000"
2019-06-28 12:19:00.000000000,QUERY_SPREAD,96
2019-06-28 12:19:00.000000000,BEST_BID,"JPM,98664,191"
2019-06-28 12:19:00.000000000,BEST_ASK,"JPM,98885,182"
2019-06-28 12:19:00.000000000,LAST_TRADE,"7,$98664.0000"
2019-06-28 12:19:00.000000000,QUERY_SPREAD,97
2019-06-28 12:19:00.000000000,BEST_BID,"JPM,98664,185"
2019-06-28 12:19:00.000000000,BEST_ASK,"JPM,98885,182"
2019-06-28 12:19:00.000000000,LAST_TRADE,"6,$98664.0000"
2019-06-28 12:19:00.000000000,QUERY_SPREAD,98
2019-06-28 12:19:00.000000000,BEST_BID,"JPM,98664,181"
2019-06-28 12:19:00.000000000,BEST_ASK,"JPM,98885,182"
2019-06-28 12:19:00.000000000,LAST_TRADE,"4,$98664.0000"
2019-06-28 12:19:00.000000000,QUERY_SPREAD,99
2019-06-28 12:19:00.000000000,BEST_BID,"JPM,98664,179"
2019-06-28 12:19:00.000000000,BEST_ASK,"JPM,98885,182"
2019-06-28 12:19:00.000000000,LAST_TRADE,"2,$98664.0000"
2019-06-28 12:19:00.000000000,QUERY_SPREAD,100
2019-06-28 12:19:00.000000000,BEST_BID,"JPM,98664,173"
2019-06-28 12:19:00.000000000,BEST_ASK,"JPM,98885,182"
2019-06-28 12:19:00.000000000,LAST_TRADE,"6,$98664.0000"
2019-06-28 12:19:00.000000000,QUERY_SPREAD,101
2019-06-28 12:19:00.000000000,QUERY_ORDER_STREAM,101
2019-06-28 12:19:00.000000000,BEST_BID,"JPM,98664,181"
2019-06-28 12:19:00.000000000,BEST_ASK,"JPM,98885,182"
2019-06-28 12:19:10.000000000,QUERY_SPREAD,1
2019-06-28 12:19:10.000000000,BEST_BID,"JPM,98664,165"
2019-06-28 12:19:10.000000000,BEST_ASK,"JPM,98885,100"
2019-06-28 12:19:10.000000000,BEST_BID,"JPM,98664,165"
2019-06-28 12:19:10.000000000,BEST_ASK,"JPM,98885,100"
2019-06-28 12:19:10.000000000,BEST_BID,"JPM,98664,165"
2019-06-28 12:19:10.000000000,BEST_ASK,"JPM,98885,100"
2019-06-28 12:19:10.000000000,BEST_BID,"JPM,98664,165"
2019-06-28 12:19:10.000000000,BEST_ASK,"JPM,98885,100"
2019-06-28 12:19:10.000000000,BEST_BID,"JPM,98664,165"
2019-06-28 12:19:10.000000000,BEST_ASK,"JPM,98885,100"
2019-06-28 12:19:10.000000000,BEST_BID,"JPM,98664,165"
2019-06-28 12:19:10.000000000,BEST_ASK,"JPM,98885,166"
2019-06-28 12:19:10.000000000,BEST_BID,"JPM,98664,165"
2019-06-28 12:19:10.000000000,BEST_ASK,"JPM,98885,166"
2019-06-28 12:19:10.000000000,BEST_BID,"JPM,98664,165"
2019-06-28 12:19:10.000000000,BEST_ASK,"JPM,98885,166"
2019-06-28 12:19:10.000000000,BEST_BID,"JPM,98664,165"
2019-06-28 12:19:10.000000000,BEST_ASK,"JPM,98885,166"
2019-06-28 12:19:10.000000000,BEST_BID,"JPM,98664,165"
2019-06-28 12:19:10.000000000,BEST_ASK,"JPM,98885,166"
2019-06-28 12:19:14.923122997,QUERY_SPREAD,37
2019-06-28 12:19:14.923122997,BEST_BID,"JPM,98664,165"
2019-06-28 12:19:14.923122997,BEST_ASK,"JPM,98885,66"
2019-06-28 12:19:14.923122997,LAST_TRADE,"100,$98885.0000"
2019-06-28 12:19:20.000000000,QUERY_SPREAD,1
2019-06-28 12:19:20.000000000,BEST_BID,"JPM,98664,211"
2019-06-28 12:19:20.000000000,BEST_ASK,"JPM,99131,51"
2019-06-28 12:19:20.000000000,BEST_BID,"JPM,98664,211"
2019-06-28 12:19:20.000000000,BEST_ASK,"JPM,99131,51"
2019-06-28 12:19:20.000000000,BEST_BID,"JPM,98664,211"
2019-06-28 12:19:20.000000000,BEST_ASK,"JPM,99131,51"
2019-06-28 12:19:20.000000000,BEST_BID,"JPM,98664,211"
2019-06-28 12:19:20.000000000,BEST_ASK,"JPM,99131,163"
2019-06-28 12:19:20.000000000,BEST_BID,"JPM,98664,211"
2019-06-28 12:19:20.000000000,BEST_ASK,"JPM,99131,163"
2019-06-28 12:19:20.000000000,BEST_BID,"JPM,98664,211"
2019-06-28 12:19:20.000000000,BEST_ASK,"JPM,99131,163"
2019-06-28 12:19:30.000000000,QUERY_SPREAD,1
2019-06-28 12:19:30.000000000,BEST_BID,"JPM,98664,427"
2019-06-28 12:19:30.000000000,BEST_ASK,"JPM,99131,51"
2019-06-28 12:19:30.000000000,BEST_BID,"JPM,98664,427"
2019-06-28 12:19:30.000000000,BEST_ASK,"JPM,99131,379"
2019-06-28 12:19:32.645104965,QUERY_SPREAD,7
2019-06-28 12:19:32.645104965,BEST_BID,"JPM,98664,427"
2019-06-28 12:19:32.645104965,BEST_ASK,"JPM,99131,279"
2019-06-28 12:19:32.645104965,LAST_TRADE,"100,$99131.0000"
2019-06-28 12:19:37.413282168,QUERY_SPREAD,47
2019-06-28 12:19:37.413282168,BEST_BID,"JPM,98664,427"
2019-06-28 12:19:37.413282168,BEST_ASK,"JPM,99131,279"
2019-06-28 12:19:40.000000000,QUERY_SPREAD,1
2019-06-28 12:19:40.000000000,BEST_BID,"JPM,98664,181"
2019-06-28 12:19:40.000000000,BEST_ASK,"JPM,99391,1"
2019-06-28 12:19:40.000000000,BEST_BID,"JPM,98664,181"
2019-06-28 12:19:40.000000000,BEST_ASK,"JPM,99391,1"
2019-06-28 12:19:40.000000000,BEST_BID,"JPM,98664,181"
2019-06-28 12:19:40.000000000,BEST_ASK,"JPM,99391,1"
2019-06-28 12:19:40.000000000,BEST_BID,"JPM,98664,181"
2019-06-28 12:19:40.000000000,BEST_ASK,"JPM,99391,1"
2019-06-28 12:19:40.000000000,BEST_BID,"JPM,98664,181"
2019-06-28 12:19:40.000000000,BEST_ASK,"JPM,99391,83"
2019-06-28 12:19:40.000000000,BEST_BID,"JPM,98664,181"
2019-06-28 12:19:40.000000000,BEST_ASK,"JPM,99391,83"
2019-06-28 12:19:40.000000000,BEST_BID,"JPM,98664,181"
2019-06-28 12:19:40.000000000,BEST_ASK,"JPM,99391,83"
2019-06-28 12:19:40.000000000,BEST_BID,"JPM,98664,181"
2019-06-28 12:19:40.000000000,BEST_ASK,"JPM,99391,83"
2019-06-28 12:19:49.207900499,QUERY_SPREAD,28
2019-06-28 12:19:49.207900499,BEST_BID,"JPM,98664,181"
2019-06-28 12:19:49.207900499,BEST_ASK,"JPM,99391,83"
2019-06-28 12:19:50.000000000,QUERY_SPREAD,1
2019-06-28 12:19:50.000000000,BEST_BID,"JPM,98664,165"
2019-06-28 12:19:50.000000000,BEST_ASK,"JPM,99391,1"
2019-06-28 12:19:50.000000000,BEST_BID,"JPM,98664,165"
2019-06-28 12:19:50.000000000,BEST_ASK,"JPM,99391,1"
2019-06-28 12:19:50.000000000,BEST_BID,"JPM,98664,165"
2019-06-28 12:19:50.000000000,BEST_ASK,"JPM,99391,1"
2019-06-28 12:19:50.000000000,BEST_BID,"JPM,98664,165"
2019-06-28 12:19:50.000000000,BEST_ASK,"JPM,99391,1"
2019-06-28 12:19:50.000000000,BEST_BID,"JPM,98664,165"
2019-06-28 12:19:50.000000000,BEST_ASK,"JPM,99391,1"
2019-06-28 12:19:50.000000000,BEST_BID,"JPM,98664,165"
2019-06-28 12:19:50.000000000,BEST_ASK,"JPM,99391,67"
2019-06-28 12:19:50.000000000,BEST_BID,"JPM,98664,165"
2019-06-28 12:19:50.000000000,BEST_ASK,"JPM,99391,67"
2019-06-28 12:19:50.000000000,BEST_BID,"JPM,98664,165"
2019-06-28 12:19:50.000000000,BEST_ASK,"JPM,99391,67"
2019-06-28 12:19:50.000000000,BEST_BID,"JPM,98664,165"
2019-06-28 12:19:50.000000000,BEST_ASK,"JPM,99391,67"
2019-06-28 12:19:50.000000000,BEST_BID,"JPM,98664,165"
2019-06-28 12:19:50.000000000,BEST_ASK,"JPM,99391,67"
2019-06-28 12:19:56.749036952,QUERY_SPREAD,19
2019-06-28 12:19:56.749036952,BEST_BID,"JPM,98664,165"
2019-06-28 12:19:56.749036952,BEST_ASK,"JPM,99391,67"
2019-06-28 12:20:00.000000000,QUERY_SPREAD,1
2019-06-28 12:20:00.000000000,BEST_BID,"JPM,98664,181"
2019-06-28 12:20:00.000000000,BEST_ASK,"JPM,99391,1"
2019-06-28 12:20:00.000000000,BEST_BID,"JPM,98664,181"
2019-06-28 12:20:00.000000000,BEST_ASK,"JPM,99391,1"
2019-06-28 12:20:00.000000000,BEST_BID,"JPM,98664,181"
2019-06-28 12:20:00.000000000,BEST_ASK,"JPM,99391,1"
2019-06-28 12:20:00.000000000,BEST_BID,"JPM,98664,181"
2019-06-28 12:20:00.000000000,BEST_ASK,"JPM,99391,1"
2019-06-28 12:20:00.000000000,BEST_BID,"JPM,98664,181"
2019-06-28 12:20:00.000000000,BEST_ASK,"JPM,99391,83"
2019-06-28 12:20:00.000000000,BEST_BID,"JPM,98664,181"
2019-06-28 12:20:00.000000000,BEST_ASK,"JPM,99391,83"
2019-06-28 12:20:00.000000000,BEST_BID,"JPM,98664,181"
2019-06-28 12:20:00.000000000,BEST_ASK,"JPM,99391,83"
2019-06-28 12:20:00.000000000,BEST_BID,"JPM,98664,181"
2019-06-28 12:20:00.000000000,BEST_ASK,"JPM,99391,83"
2019-06-28 12:20:00.000000000,QUERY_SPREAD,77
2019-06-28 12:20:00.000000000,BEST_BID,"JPM,98664,177"
2019-06-28 12:20:00.000000000,BEST_ASK,"JPM,99391,83"
2019-06-28 12:20:00.000000000,LAST_TRADE,"4,$98664.0000"
2019-06-28 12:20:00.000000000,QUERY_SPREAD,78
2019-06-28 12:20:00.000000000,BEST_BID,"JPM,98664,169"
2019-06-28 12:20:00.000000000,BEST_ASK,"JPM,99391,83"
2019-06-28 12:20:00.000000000,LAST_TRADE,"8,$98664.0000"
2019-06-28 12:20:00.000000000,QUERY_SPREAD,79
2019-06-28 12:20:00.000000000,BEST_BID,"JPM,98664,168"
2019-06-28 12:20:00.000000000,BEST_ASK,"JPM,99391,83"
2019-06-28 12:20:00.000000000,LAST_TRADE,"1,$98664.0000"
2019-06-28 12:20:00.000000000,QUERY_SPREAD,80
2019-06-28 12:20:00.000000000,BEST_BID,"JPM,98664,163"
2019-06-28 12:20:00.000000000,BEST_ASK,"JPM,99391,83"
2019-06-28 12:20:00.000000000,LAST_TRADE,"5,$98664.0000"
2019-06-28 12:20:00.000000000,QUERY_SPREAD,81
2019-06-28 12:20:00.000000000,BEST_BID,"JPM,98664,158"
2019-06-28 12:20:00.000000000,BEST_ASK,"JPM,99391,83"
2019-06-28 12:20:00.000000000,LAST_TRADE,"5,$98664.0000"
2019-06-28 12:20:00.000000000,QUERY_SPREAD,82
2019-06-28 12:20:00.000000000,BEST_BID,"JPM,98664,152"
2019-06-28 12:20:00.000000000,BEST_ASK,"JPM,99391,83"
2019-06-28 12:20:00.000000000,LAST_TRADE,"6,$98664.0000"
2019-06-28 12:20:00.000000000,QUERY_SPREAD,83
2019-06-28 12:20:00.000000000,BEST_BID,"JPM,98664,148"
2019-06-28 12:20:00.000000000,BEST_ASK,"JPM,99391,83"
2019-06-28 12:20:00.000000000,LAST_TRADE,"4,$98664.0000"
2019-06-28 12:20:00.000000000,QUERY_SPREAD,84
2019-06-28 12:20:00.000000000,BEST_BID,"JPM,98664,143"
2019-06-28 12:20:00.000000000,BEST_ASK,"JPM,99391,83"
2019-06-28 12:20:00.000000000,LAST_TRADE,"5,$98664.0000"
2019-06-28 12:20:00.000000000,QUERY_SPREAD,85
2019-06-28 12:20:00.000000000,BEST_BID,"JPM,98664,138"
2019-06-28 12:20:00.000000000,BEST_ASK,"JPM,99391,83"
2019-06-28 12:20:00.000000000,LAST_TRADE,"5,$98664.0000"
2019-06-28 12:20:00.000000000,QUERY_SPREAD,86
2019-06-28 12:20:00.000000000,BEST_BID,"JPM,98664,129"
2019-06-28 12:20:00.000000000,BEST_ASK,"JPM,99391,83"
2019-06-28 12:20:00.000000000,LAST_TRADE,"9,$98664.0000"
2019-06-28 12:20:00.000000000,QUERY_SPREAD,87
2019-06-28 12:20:00.000000000,BEST_BID,"JPM,98664,127"
2019-06-28 12:20:00.000000000,BEST_ASK,"JPM,99391,83"
2019-06-28 12:20:00.000000000,LAST_TRADE,"2,$98664.0000"
2019-06-28 12:20:00.000000000,QUERY_SPREAD,88
2019-06-28 12:20:00.000000000,BEST_BID,"JPM,98664,119"
2019-06-28 12:20:00.000000000,BEST_ASK,"JPM,99391,83"
2019-06-28 12:20:00.000000000,LAST_TRADE,"8,$98664.0000"
2019-06-28 12:20:00.000000000,QUERY_SPREAD,89
2019-06-28 12:20:00.000000000,BEST_BID,"JPM,98664,112"
2019-06-28 12:20:00.000000000,BEST_ASK,"JPM,99391,83"
2019-06-28 12:20:00.000000000,LAST_TRADE,"7,$98664.0000"
2019-06-28 12:20:00.000000000,QUERY_SPREAD,90
2019-06-28 12:20:00.000000000,BEST_BID,"JPM,98664,106"
2019-06-28 12:20:00.000000000,BEST_ASK,"JPM,99391,83"
2019-06-28 12:20:00.000000000,LAST_TRADE,"6,$98664.0000"
2019-06-28 12:20:00.000000000,QUERY_SPREAD,91
2019-06-28 12:20:00.000000000,BEST_BID,"JPM,98664,101"
2019-06-28 12:20:00.000000000,BEST_ASK,"JPM,99391,83"
2019-06-28 12:20:00.000000000,LAST_TRADE,"5,$98664.0000"
2019-06-28 12:20:00.000000000,QUERY_SPREAD,92
2019-06-28 12:20:00.000000000,BEST_BID,"JPM,98664,100"
2019-06-28 12:20:00.000000000,BEST_ASK,"JPM,99391,83"
2019-06-28 12:20:00.000000000,LAST_TRADE,"1,$98664.0000"
2019-06-28 12:20:00.000000000,QUERY_SPREAD,93
2019-06-28 12:20:00.000000000,BEST_BID,"JPM,98664,98"
2019-06-28 12:20:00.000000000,BEST_ASK,"JPM,99391,83"
2019-06-28 12:20:00.000000000,LAST_TRADE,"2,$98664.0000"
2019-06-28 12:20:00.000000000,QUERY_SPREAD,94
2019-06-28 12:20:00.000000000,BEST_BID,"JPM,98664,96"
2019-06-28 12:20:00.000000000,BEST_ASK,"JPM,99391,83"
2019-06-28 12:20:00.000000000,LAST_TRADE,"2,$98664.0000"
2019-06-28 12:20:00.000000000,QUERY_SPREAD,95
2019-06-28 12:20:00.000000000,BEST_BID,"JPM,98664,89"
2019-06-28 12:20:00.000000000,BEST_ASK,"JPM,99391,83"
2019-06-28 12:20:00.000000000,LAST_TRADE,"7,$98664.0000"
2019-06-28 12:20:00.000000000,QUERY_SPREAD,96
2019-06-28 12:20:00.000000000,BEST_BID,"JPM,98664,82"
2019-06-28 12:20:00.000000000,BEST_ASK,"JPM,99391,83"
2019-06-28 12:20:00.000000000,LAST_TRADE,"7,$98664.0000"
2019-06-28 12:20:00.000000000,QUERY_SPREAD,97
2019-06-28 12:20:00.000000000,BEST_BID,"JPM,98664,76"
2019-06-28 12:20:00.000000000,BEST_ASK,"JPM,99391,83"
2019-06-28 12:20:00.000000000,LAST_TRADE,"6,$98664.0000"
2019-06-28 12:20:00.000000000,QUERY_SPREAD,98
2019-06-28 12:20:00.000000000,BEST_BID,"JPM,98664,72"
2019-06-28 12:20:00.000000000,BEST_ASK,"JPM,99391,83"
2019-06-28 12:20:00.000000000,LAST_TRADE,"4,$98664.0000"
2019-06-28 12:20:00.000000000,QUERY_SPREAD,99
2019-06-28 12:20:00.000000000,BEST_BID,"JPM,98664,70"
2019-06-28 12:20:00.000000000,BEST_ASK,"JPM,99391,83"
2019-06-28 12:20:00.000000000,LAST_TRADE,"2,$98664.0000"
2019-06-28 12:20:00.000000000,QUERY_SPREAD,100
2019-06-28 12:20:00.000000000,BEST_BID,"JPM,98664,64"
2019-06-28 12:20:00.000000000,BEST_ASK,"JPM,99391,83"
2019-06-28 12:20:00.000000000,LAST_TRADE,"6,$98664.0000"
2019-06-28 12:20:00.000000000,QUERY_SPREAD,101
2019-06-28 12:20:00.000000000,QUERY_ORDER_STREAM,101
2019-06-28 12:20:10.000000000,QUERY_SPREAD,1
2019-06-28 12:20:10.000000000,BEST_BID,"JPM,98638,182"
2019-06-28 12:20:10.000000000,BEST_ASK,"JPM,99391,1"
2019-06-28 12:20:10.000000000,BEST_BID,"JPM,98638,182"
2019-06-28 12:20:10.000000000,BEST_ASK,"JPM,99391,1"
2019-06-28 12:20:10.000000000,BEST_BID,"JPM,98638,182"
2019-06-28 12:20:10.000000000,BEST_ASK,"JPM,99391,1"
2019-06-28 12:20:10.000000000,BEST_BID,"JPM,98638,182"
2019-06-28 12:20:10.000000000,BEST_ASK,"JPM,99391,1"
2019-06-28 12:20:10.000000000,BEST_BID,"JPM,98638,182"
2019-06-28 12:20:10.000000000,BEST_ASK,"JPM,99391,83"
2019-06-28 12:20:10.000000000,BEST_BID,"JPM,98638,182"
2019-06-28 12:20:10.000000000,BEST_ASK,"JPM,99391,83"
2019-06-28 12:20:10.000000000,BEST_BID,"JPM,98638,182"
2019-06-28 12:20:10.000000000,BEST_ASK,"JPM,99391,83"
2019-06-28 12:20:10.000000000,BEST_BID,"JPM,98638,182"
2019-06-28 12:20:10.000000000,BEST_ASK,"JPM,99391,83"
2019-06-28 12:20:16.174353030,QUERY_SPREAD,8
2019-06-28 12:20:16.174353030,BEST_BID,"JPM,99391,17"
2019-06-28 12:20:16.174353030,BEST_ASK,"JPM,99405,110"
2019-06-28 12:20:16.174353030,LAST_TRADE,"83,$99391.0000"
2019-06-28 12:20:20.000000000,QUERY_SPREAD,1
2019-06-28 12:20:20.000000000,BEST_BID,"JPM,99391,83"
2019-06-28 12:20:20.000000000,BEST_ASK,"JPM,99405,28"
2019-06-28 12:20:20.000000000,BEST_BID,"JPM,99391,83"
2019-06-28 12:20:20.000000000,BEST_ASK,"JPM,99405,28"
2019-06-28 12:20:20.000000000,BEST_BID,"JPM,99391,83"
2019-06-28 12:20:20.000000000,BEST_ASK,"JPM,99405,28"
2019-06-28 12:20:20.000000000,BEST_BID,"JPM,99391,83"
2019-06-28 12:20:20.000000000,BEST_ASK,"JPM,99405,28"
2019-06-28 12:20:20.000000000,BEST_BID,"JPM,99391,83"
2019-06-28 12:20:20.000000000,BEST_ASK,"JPM,99405,28"
2019-06-28 12:20:20.000000000,BEST_BID,"JPM,99391,83"
2019-06-28 12:20:20.000000000,BEST_ASK,"JPM,99405,94"
2019-06-28 12:20:20.000000000,BEST_BID,"JPM,99391,83"
2019-06-28 12:20:20.000000000,BEST_ASK,"JPM,99405,94"
2019-06-28 12:20:20.000000000,BEST_BID,"JPM,99391,83"
2019-06-28 12:20:20.000000000,BEST_ASK,"JPM,99405,94"
2019-06-28 12:20:20.000000000,BEST_BID,"JPM,99391,83"
2019-06-28 12:20:20.000000000,BEST_ASK,"JPM,99405,94"
2019-06-28 12:20:20.000000000,BEST_BID,"JPM,99391,83"
2019-06-28 12:20:20.000000000,BEST_ASK,"JPM,99405,94"
2019-06-28 12:20:30.000000000,QUERY_SPREAD,1
2019-06-28 12:20:30.000000000,BEST_BID,"JPM,99391,83"
2019-06-28 12:20:30.000000000,BEST_ASK,"JPM,99405,28"
2019-06-28 12:20:30.000000000,BEST_BID,"JPM,99391,83"
2019-06-28 12:20:30.000000000,BEST_ASK,"JPM,99405,28"
2019-06-28 12:20:30.000000000,BEST_BID,"JPM,99391,83"
2019-06-28 12:20:30.000000000,BEST_ASK,"JPM,99405,28"
2019-06-28 12:20:30.000000000,BEST_BID,"JPM,99391,83"
2019-06-28 12:20:30.000000000,BEST_ASK,"JPM,99405,28"
2019-06-28 12:20:30.000000000,BEST_BID,"JPM,99391,83"
2019-06-28 12:20:30.000000000,BEST_ASK,"JPM,99405,28"
2019-06-28 12:20:30.000000000,BEST_BID,"JPM,99391,83"
2019-06-28 12:20:30.000000000,BEST_ASK,"JPM,99405,94"
2019-06-28 12:20:30.000000000,BEST_BID,"JPM,99391,83"
2019-06-28 12:20:30.000000000,BEST_ASK,"JPM,99405,94"
2019-06-28 12:20:30.000000000,BEST_BID,"JPM,99391,83"
2019-06-28 12:20:30.000000000,BEST_ASK,"JPM,99405,94"
2019-06-28 12:20:30.000000000,BEST_BID,"JPM,99391,83"
2019-06-28 12:20:30.000000000,BEST_ASK,"JPM,99405,94"
2019-06-28 12:20:30.000000000,BEST_BID,"JPM,99391,83"
2019-06-28 12:20:30.000000000,BEST_ASK,"JPM,99405,94"
2019-06-28 12:20:40.000000000,QUERY_SPREAD,1
2019-06-28 12:20:40.000000000,BEST_BID,"JPM,99391,99"
2019-06-28 12:20:40.000000000,BEST_ASK,"JPM,99405,28"
2019-06-28 12:20:40.000000000,BEST_BID,"JPM,99391,99"
2019-06-28 12:20:40.000000000,BEST_ASK,"JPM,99405,28"
2019-06-28 12:20:40.000000000,BEST_BID,"JPM,99391,99"
2019-06-28 12:20:40.000000000,BEST_ASK,"JPM,99405,28"
2019-06-28 12:20:40.000000000,BEST_BID,"JPM,99391,99"
2019-06-28 12:20:40.000000000,BEST_ASK,"JPM,99405,28"
2019-06-28 12:20:40.000000000,BEST_BID,"JPM,99391,99"
2019-06-28 12:20:40.000000000,BEST_ASK,"JPM,99405,110"
2019-06-28 12:20:40.000000000,BEST_BID,"JPM,99391,99"
2019-06-28 12:20:40.000000000,BEST_ASK,"JPM,99405,110"
2019-06-28 12:20:40.000000000,BEST_BID,"JPM,99391,99"
2019-06-28 12:20:40.000000000,BEST_ASK,"JPM,99405,110"
2019-06-28 12:20:40.000000000,BEST_BID,"JPM,99391,99"
2019-06-28 12:20:40.000000000,BEST_ASK,"JPM,99405,110"
2019-06-28 12:20:41.978442559,QUERY_SPREAD,22
2019-06-28 12:20:41.978442559,BEST_BID,"JPM,99391,99"
2019-06-28 12:20:41.978442559,BEST_ASK,"JPM,99405,10"
2019-06-28 12:20:41.978442559,LAST_TRADE,"100,$99405.0000"
2019-06-28 12:20:50.000000000,QUERY_SPREAD,1
2019-06-28 12:20:50.000000000,BEST_BID,"JPM,99391,83"
2019-06-28 12:20:50.000000000,BEST_ASK,"JPM,99477,100"
2019-06-28 12:20:50.000000000,BEST_BID,"JPM,99391,83"
2019-06-28 12:20:50.000000000,BEST_ASK,"JPM,99477,100"
2019-06-28 12:20:50.000000000,BEST_BID,"JPM,99391,83"
2019-06-28 12:20:50.000000000,BEST_ASK,"JPM,99477,100"
2019-06-28 12:20:50.000000000,BEST_BID,"JPM,99391,83"
2019-06-28 12:20:50.000000000,BEST_ASK,"JPM,99477,100"
2019-06-28 12:20:50.000000000,BEST_BID,"JPM,99391,83"
2019-06-28 12:20:50.000000000,BEST_ASK,"JPM,99477,100"
2019-06-28 12:20:50.000000000,BEST_BID,"JPM,99391,83"
2019-06-28 12:20:50.000000000,BEST_ASK,"JPM,99477,166"
2019-06-28 12:20:50.000000000,BEST_BID,"JPM,99391,83"
2019-06-28 12:20:50.000000000,BEST_ASK,"JPM,99477,166"
2019-06-28 12:20:50.000000000,BEST_BID,"JPM,99391,83"
2019-06-28 12:20:50.000000000,BEST_ASK,"JPM,99477,166"
2019-06-28 12:20:50.000000000,BEST_BID,"JPM,99391,83"
2019-06-28 12:20:50.000000000,BEST_ASK,"JPM,99477,166"
2019-06-28 12:20:50.000000000,BEST_BID,"JPM,99391,83"
2019-06-28 12:20:50.000000000,BEST_ASK,"JPM,99477,166"
2019-06-28 12:20:52.435121690,QUERY_SPREAD,19
2019-06-28 12:20:52.435121690,BEST_BID,"JPM,99391,83"
2019-06-28 12:20:52.435121690,BEST_ASK,"JPM,99477,166"
2019-06-28 12:20:58.107065451,QUERY_SPREAD,29
2019-06-28 12:20:58.107065451,BEST_BID,"JPM,99391,83"
2019-06-28 12:20:58.107065451,BEST_ASK,"JPM,99477,166"
2019-06-28 12:20:58.512151056,QUERY_SPREAD,50
2019-06-28 12:20:58.512151056,BEST_BID,"JPM,99391,83"
2019-06-28 12:20:58.512151056,BEST_ASK,"JPM,99477,166"
2019-06-28 12:20:59.640309085,QUERY_SPREAD,23
2019-06-28 12:20:59.640309085,BEST_BID,"JPM,99391,83"
2019-06-28 12:20:59.640309085,BEST_ASK,"JPM,99477,166"
2019-06-28 12:21:00.000000000,QUERY_SPREAD,1
2019-06-28 12:21:00.000000000,BEST_BID,"JPM,99391,129"
2019-06-28 12:21:00.000000000,BEST_ASK,"JPM,99477,100"
2019-06-28 12:21:00.000000000,BEST_BID,"JPM,99391,129"
2019-06-28 12:21:00.000000000,BEST_ASK,"JPM,99477,100"
2019-06-28 12:21:00.000000000,BEST_BID,"JPM,99391,129"
2019-06-28 12:21:00.000000000,BEST_ASK,"JPM,99477,100"
2019-06-28 12:21:00.000000000,BEST_BID,"JPM,99391,129"
2019-06-28 12:21:00.000000000,BEST_ASK,"JPM,99477,212"
2019-06-28 12:21:00.000000000,BEST_BID,"JPM,99391,129"
2019-06-28 12:21:00.000000000,BEST_ASK,"JPM,99477,212"
2019-06-28 12:21:00.000000000,BEST_BID,"JPM,99391,129"
2019-06-28 12:21:00.000000000,BEST_ASK,"JPM,99477,212"
2019-06-28 12:21:00.000000000,QUERY_SPREAD,77
2019-06-28 12:21:00.000000000,BEST_BID,"JPM,99391,125"
2019-06-28 12:21:00.000000000,BEST_ASK,"JPM,99477,212"
2019-06-28 12:21:00.000000000,LAST_TRADE,"4,$99391.0000"
2019-06-28 12:21:00.000000000,QUERY_SPREAD,78
2019-06-28 12:21:00.000000000,BEST_BID,"JPM,99391,117"
2019-06-28 12:21:00.000000000,BEST_ASK,"JPM,99477,212"
2019-06-28 12:21:00.000000000,LAST_TRADE,"8,$99391.0000"
2019-06-28 12:21:00.000000000,QUERY_SPREAD,79
2019-06-28 12:21:00.000000000,BEST_BID,"JPM,99391,116"
2019-06-28 12:21:00.000000000,BEST_ASK,"JPM,99477,212"
2019-06-28 12:21:00.000000000,LAST_TRADE,"1,$99391.0000"
2019-06-28 12:21:00.000000000,QUERY_SPREAD,80
2019-06-28 12:21:00.000000000,BEST_BID,"JPM,99391,111"
2019-06-28 12:21:00.000000000,BEST_ASK,"JPM,99477,212"
2019-06-28 12:21:00.000000000,LAST_TRADE,"5,$99391.0000"
2019-06-28 12:21:00.000000000,QUERY_SPREAD,81
2019-06-28 12:21:00.000000000,BEST_BID,"JPM,99391,106"
2019-06-28 12:21:00.000000000,BEST_ASK,"JPM,99477,212"
2019-06-28 12:21:00.000000000,LAST_TRADE,"5,$99391.0000"
2019-06-28 12:21:00.000000000,QUERY_SPREAD,82
2019-06-28 12:21:00.000000000,BEST_BID,"JPM,99391,100"
2019-06-28 12:21:00.000000000,BEST_ASK,"JPM,99477,212"
2019-06-28 12:21:00.000000000,LAST_TRADE,"6,$99391.0000"
2019-06-28 12:21:00.000000000,QUERY_SPREAD,83
2019-06-28 12:21:00.000000000,BEST_BID,"JPM,99391,96"
2019-06-28 12:21:00.000000000,BEST_ASK,"JPM,99477,212"
2019-06-28 12:21:00.000000000,LAST_TRADE,"4,$99391.0000"
2019-06-28 12:21:00.000000000,QUERY_SPREAD,84
2019-06-28 12:21:00.000000000,BEST_BID,"JPM,99391,91"
2019-06-28 12:21:00.000000000,BEST_ASK,"JPM,99477,212"
2019-06-28 12:21:00.000000000,LAST_TRADE,"5,$99391.0000"
2019-06-28 12:21:00.000000000,QUERY_SPREAD,85
2019-06-28 12:21:00.000000000,BEST_BID,"JPM,99391,86"
2019-06-28 12:21:00.000000000,BEST_ASK,"JPM,99477,212"
2019-06-28 12:21:00.000000000,LAST_TRADE,"5,$99391.0000"
2019-06-28 12:21:00.000000000,QUERY_SPREAD,86
2019-06-28 12:21:00.000000000,BEST_BID,"JPM,99391,77"
2019-06-28 12:21:00.000000000,BEST_ASK,"JPM,99477,212"
2019-06-28 12:21:00.000000000,LAST_TRADE,"9,$99391.0000"
2019-06-28 12:21:00.000000000,QUERY_SPREAD,87
2019-06-28 12:21:00.000000000,BEST_BID,"JPM,99391,75"
2019-06-28 12:21:00.000000000,BEST_ASK,"JPM,99477,212"
2019-06-28 12:21:00.000000000,LAST_TRADE,"2,$99391.0000"
2019-06-28 12:21:00.000000000,QUERY_SPREAD,88
2019-06-28 12:21:00.000000000,BEST_BID,"JPM,99391,67"
2019-06-28 12:21:00.000000000,BEST_ASK,"JPM,99477,212"
2019-06-28 12:21:00.000000000,LAST_TRADE,"8,$99391.0000"
2019-06-28 12:21:00.000000000,QUERY_SPREAD,89
2019-06-28 12:21:00.000000000,BEST_BID,"JPM,99391,60"
2019-06-28 12:21:00.000000000,BEST_ASK,"JPM,99477,212"
2019-06-28 12:21:00.000000000,LAST_TRADE,"7,$99391.0000"
2019-06-28 12:21:00.000000000,QUERY_SPREAD,90
2019-06-28 12:21:00.000000000,BEST_BID,"JPM,99391,54"
2019-06-28 12:21:00.000000000,BEST_ASK,"JPM,99477,212"
2019-06-28 12:21:00.000000000,LAST_TRADE,"6,$99391.0000"
2019-06-28 12:21:00.000000000,QUERY_SPREAD,91
2019-06-28 12:21:00.000000000,BEST_BID,"JPM,99391,49"
2019-06-28 12:21:00.000000000,BEST_ASK,"JPM,99477,212"
2019-06-28 12:21:00.000000000,LAST_TRADE,"5,$99391.0000"
2019-06-28 12:21:00.000000000,QUERY_SPREAD,92
2019-06-28 12:21:00.000000000,BEST_BID,"JPM,99391,48"
2019-06-28 12:21:00.000000000,BEST_ASK,"JPM,99477,212"
2019-06-28 12:21:00.000000000,LAST_TRADE,"1,$99391.0000"
2019-06-28 12:21:00.000000000,QUERY_SPREAD,93
2019-06-28 12:21:00.000000000,BEST_BID,"JPM,99391,46"
2019-06-28 12:21:00.000000000,BEST_ASK,"JPM,99477,212"
2019-06-28 12:21:00.000000000,LAST_TRADE,"2,$99391.0000"
2019-06-28 12:21:00.000000000,QUERY_SPREAD,94
2019-06-28 12:21:00.000000000,BEST_BID,"JPM,99391,44"
2019-06-28 12:21:00.000000000,BEST_ASK,"JPM,99477,212"
2019-06-28 12:21:00.000000000,LAST_TRADE,"2,$99391.0000"
2019-06-28 12:21:00.000000000,QUERY_SPREAD,95
2019-06-28 12:21:00.000000000,BEST_BID,"JPM,99391,37"
2019-06-28 12:21:00.000000000,BEST_ASK,"JPM,99477,212"
2019-06-28 12:21:00.000000000,LAST_TRADE,"7,$99391.0000"
2019-06-28 12:21:00.000000000,QUERY_SPREAD,96
2019-06-28 12:21:00.000000000,BEST_BID,"JPM,99391,30"
2019-06-28 12:21:00.000000000,BEST_ASK,"JPM,99477,212"
2019-06-28 12:21:00.000000000,LAST_TRADE,"7,$99391.0000"
2019-06-28 12:21:00.000000000,QUERY_SPREAD,97
2019-06-28 12:21:00.000000000,BEST_BID,"JPM,99391,24"
2019-06-28 12:21:00.000000000,BEST_ASK,"JPM,99477,212"
2019-06-28 12:21:00.000000000,LAST_TRADE,"6,$99391.0000"
2019-06-28 12:21:00.000000000,QUERY_SPREAD,98
2019-06-28 12:21:00.000000000,BEST_BID,"JPM,99391,20"
2019-06-28 12:21:00.000000000,BEST_ASK,"JPM,99477,212"
2019-06-28 12:21:00.000000000,LAST_TRADE,"4,$99391.0000"
2019-06-28 12:21:00.000000000,QUERY_SPREAD,99
2019-06-28 12:21:00.000000000,BEST_BID,"JPM,99391,18"
2019-06-28 12:21:00.000000000,BEST_ASK,"JPM,99477,212"
2019-06-28 12:21:00.000000000,LAST_TRADE,"2,$99391.0000"
2019-06-28 12:21:00.000000000,QUERY_SPREAD,100
2019-06-28 12:21:00.000000000,BEST_BID,"JPM,99391,12"
2019-06-28 12:21:00.000000000,BEST_ASK,"JPM,99477,212"
2019-06-28 12:21:00.000000000,LAST_TRADE,"6,$99391.0000"
2019-06-28 12:21:00.000000000,QUERY_SPREAD,101
2019-06-28 12:21:00.000000000,QUERY_ORDER_STREAM,101
2019-06-28 12:21:10.000000000,QUERY_SPREAD,1
2019-06-28 12:21:10.000000000,BEST_BID,"JPM,98638,212"
2019-06-28 12:21:10.000000000,BEST_ASK,"JPM,99477,100"
2019-06-28 12:21:10.000000000,BEST_BID,"JPM,98638,212"
2019-06-28 12:21:10.000000000,BEST_ASK,"JPM,99477,100"
2019-06-28 12:21:10.000000000,BEST_BID,"JPM,98638,212"
2019-06-28 12:21:10.000000000,BEST_ASK,"JPM,99477,100"
2019-06-28 12:21:10.000000000,BEST_BID,"JPM,98638,212"
2019-06-28 12:21:10.000000000,BEST_ASK,"JPM,99477,212"
2019-06-28 12:21:10.000000000,BEST_BID,"JPM,98638,212"
2019-06-28 12:21:10.000000000,BEST_ASK,"JPM,99477,212"
2019-06-28 12:21:10.000000000,BEST_BID,"JPM,98638,212"
2019-06-28 12:21:10.000000000,BEST_ASK,"JPM,99477,212"
2019-06-28 12:21:16.960277054,QUERY_SPREAD,27
2019-06-28 12:21:16.960277054,BEST_BID,"JPM,98638,212"
2019-06-28 12:21:16.960277054,BEST_ASK,"JPM,99477,112"
2019-06-28 12:21:16.960277054,LAST_TRADE,"100,$99477.0000"
2019-06-28 12:21:20.000000000,QUERY_SPREAD,1
2019-06-28 12:21:20.000000000,BEST_BID,"JPM,98638,428"
2019-06-28 12:21:20.000000000,BEST_ASK,"JPM,99483,100"
2019-06-28 12:21:20.000000000,BEST_BID,"JPM,98638,428"
2019-06-28 12:21:20.000000000,BEST_ASK,"JPM,99483,428"
2019-06-28 12:21:30.000000000,QUERY_SPREAD,1
2019-06-28 12:21:30.000000000,BEST_BID,"JPM,98638,428"
2019-06-28 12:21:30.000000000,BEST_ASK,"JPM,99483,100"
2019-06-28 12:21:30.000000000,BEST_BID,"JPM,98638,428"
2019-06-28 12:21:30.000000000,BEST_ASK,"JPM,99483,428"
2019-06-28 12:21:40.000000000,QUERY_SPREAD,1
2019-06-28 12:21:40.000000000,BEST_BID,"JPM,98638,166"
2019-06-28 12:21:40.000000000,BEST_ASK,"JPM,99483,100"
2019-06-28 12:21:40.000000000,BEST_BID,"JPM,98638,166"
2019-06-28 12:21:40.000000000,BEST_ASK,"JPM,99483,100"
2019-06-28 12:21:40.000000000,BEST_BID,"JPM,98638,166"
2019-06-28 12:21:40.000000000,BEST_ASK,"JPM,99483,100"
2019-06-28 12:21:40.000000000,BEST_BID,"JPM,98638,166"
2019-06-28 12:21:40.000000000,BEST_ASK,"JPM,99483,100"
2019-06-28 12:21:40.000000000,BEST_BID,"JPM,98638,166"
2019-06-28 12:21:40.000000000,BEST_ASK,"JPM,99483,100"
2019-06-28 12:21:40.000000000,BEST_BID,"JPM,98638,166"
2019-06-28 12:21:40.000000000,BEST_ASK,"JPM,99483,166"
2019-06-28 12:21:40.000000000,BEST_BID,"JPM,98638,166"
2019-06-28 12:21:40.000000000,BEST_ASK,"JPM,99483,166"
2019-06-28 12:21:40.000000000,BEST_BID,"JPM,98638,166"
2019-06-28 12:21:40.000000000,BEST_ASK,"JPM,99483,166"
2019-06-28 12:21:40.000000000,BEST_BID,"JPM,98638,166"
2019-06-28 12:21:40.000000000,BEST_ASK,"JPM,99483,166"
2019-06-28 12:21:40.000000000,BEST_BID,"JPM,98638,166"
2019-06-28 12:21:40.000000000,BEST_ASK,"JPM,99483,166"
2019-06-28 12:21:44.792060708,QUERY_SPREAD,26
2019-06-28 12:21:44.792060708,BEST_BID,"JPM,98638,166"
2019-06-28 12:21:44.792060708,BEST_ASK,"JPM,99483,66"
2019-06-28 12:21:44.792060708,LAST_TRADE,"100,$99483.0000"
2019-06-28 12:21:50.000000000,QUERY_SPREAD,1
2019-06-28 12:21:50.000000000,BEST_BID,"JPM,98638,166"
2019-06-28 12:21:50.000000000,BEST_ASK,"JPM,99575,100"
2019-06-28 12:21:50.000000000,BEST_BID,"JPM,98638,166"
2019-06-28 12:21:50.000000000,BEST_ASK,"JPM,99575,100"
2019-06-28 12:21:50.000000000,BEST_BID,"JPM,98638,166"
2019-06-28 12:21:50.000000000,BEST_ASK,"JPM,99575,100"
2019-06-28 12:21:50.000000000,BEST_BID,"JPM,98638,166"
2019-06-28 12:21:50.000000000,BEST_ASK,"JPM,99575,100"
2019-06-28 12:21:50.000000000,BEST_BID,"JPM,98638,166"
2019-06-28 12:21:50.000000000,BEST_ASK,"JPM,99575,100"
2019-06-28 12:21:50.000000000,BEST_BID,"JPM,98638,166"
2019-06-28 12:21:50.000000000,BEST_ASK,"JPM,99575,166"
2019-06-28 12:21:50.000000000,BEST_BID,"JPM,98638,166"
2019-06-28 12:21:50.000000000,BEST_ASK,"JPM,99575,166"
2019-06-28 12:21:50.000000000,BEST_BID,"JPM,98638,166"
2019-06-28 12:21:50.000000000,BEST_ASK,"JPM,99575,166"
2019-06-28 12:21:50.000000000,BEST_BID,"JPM,98638,166"
2019-06-28 12:21:50.000000000,BEST_ASK,"JPM,99575,166"
2019-06-28 12:21:50.000000000,BEST_BID,"JPM,98638,166"
2019-06-28 12:21:50.000000000,BEST_ASK,"JPM,99575,166"
2019-06-28 12:21:59.367577479,QUERY_ORDER_STREAM,74
2019-06-28 12:21:59.367577479,QUERY_SPREAD,74
2019-06-28 12:22:00.000000000,QUERY_SPREAD,1
2019-06-28 12:22:00.000000000,BEST_BID,"JPM,98638,212"
2019-06-28 12:22:00.000000000,BEST_ASK,"JPM,99575,100"
2019-06-28 12:22:00.000000000,BEST_BID,"JPM,98638,212"
2019-06-28 12:22:00.000000000,BEST_ASK,"JPM,99575,100"
2019-06-28 12:22:00.000000000,BEST_BID,"JPM,98638,212"
2019-06-28 12:22:00.000000000,BEST_ASK,"JPM,99575,100"
2019-06-28 12:22:00.000000000,BEST_BID,"JPM,98638,212"
2019-06-28 12:22:00.000000000,BEST_ASK,"JPM,99575,212"
2019-06-28 12:22:00.000000000,BEST_BID,"JPM,98638,212"
2019-06-28 12:22:00.000000000,BEST_ASK,"JPM,99575,212"
2019-06-28 12:22:00.000000000,BEST_BID,"JPM,98638,212"
2019-06-28 12:22:00.000000000,BEST_ASK,"JPM,99575,212"
2019-06-28 12:22:00.000000000,QUERY_SPREAD,77
2019-06-28 12:22:00.000000000,BEST_BID,"JPM,98638,208"
2019-06-28 12:22:00.000000000,BEST_ASK,"JPM,99575,212"
2019-06-28 12:22:00.000000000,LAST_TRADE,"4,$98638.0000"
2019-06-28 12:22:00.000000000,QUERY_SPREAD,78
2019-06-28 12:22:00.000000000,BEST_BID,"JPM,98638,200"
2019-06-28 12:22:00.000000000,BEST_ASK,"JPM,99575,212"
2019-06-28 12:22:00.000000000,LAST_TRADE,"8,$98638.0000"
2019-06-28 12:22:00.000000000,QUERY_SPREAD,79
2019-06-28 12:22:00.000000000,BEST_BID,"JPM,98638,199"
2019-06-28 12:22:00.000000000,BEST_ASK,"JPM,99575,212"
2019-06-28 12:22:00.000000000,LAST_TRADE,"1,$98638.0000"
2019-06-28 12:22:00.000000000,QUERY_SPREAD,80
2019-06-28 12:22:00.000000000,BEST_BID,"JPM,98638,194"
2019-06-28 12:22:00.000000000,BEST_ASK,"JPM,99575,212"
2019-06-28 12:22:00.000000000,LAST_TRADE,"5,$98638.0000"
2019-06-28 12:22:00.000000000,QUERY_SPREAD,81
2019-06-28 12:22:00.000000000,BEST_BID,"JPM,98638,189"
2019-06-28 12:22:00.000000000,BEST_ASK,"JPM,99575,212"
2019-06-28 12:22:00.000000000,LAST_TRADE,"5,$98638.0000"
2019-06-28 12:22:00.000000000,QUERY_SPREAD,82
2019-06-28 12:22:00.000000000,BEST_BID,"JPM,98638,183"
2019-06-28 12:22:00.000000000,BEST_ASK,"JPM,99575,212"
2019-06-28 12:22:00.000000000,LAST_TRADE,"6,$98638.0000"
2019-06-28 12:22:00.000000000,QUERY_SPREAD,83
2019-06-28 12:22:00.000000000,BEST_BID,"JPM,98638,179"
2019-06-28 12:22:00.000000000,BEST_ASK,"JPM,99575,212"
2019-06-28 12:22:00.000000000,LAST_TRADE,"4,$98638.0000"
2019-06-28 12:22:00.000000000,QUERY_SPREAD,84
2019-06-28 12:22:00.000000000,BEST_BID,"JPM,98638,174"
2019-06-28 12:22:00.000000000,BEST_ASK,"JPM,99575,212"
2019-06-28 12:22:00.000000000,LAST_TRADE,"5,$98638.0000"
2019-06-28 12:22:00.000000000,QUERY_SPREAD,85
2019-06-28 12:22:00.000000000,BEST_BID,"JPM,98638,169"
2019-06-28 12:22:00.000000000,BEST_ASK,"JPM,99575,212"
2019-06-28 12:22:00.000000000,LAST_TRADE,"5,$98638.0000"
2019-06-28 12:22:00.000000000,QUERY_SPREAD,86
2019-06-28 12:22:00.000000000,BEST_BID,"JPM,98638,160"
2019-06-28 12:22:00.000000000,BEST_ASK,"JPM,99575,212"
2019-06-28 12:22:00.000000000,LAST_TRADE,"9,$98638.0000"
2019-06-28 12:22:00.000000000,QUERY_SPREAD,87
2019-06-28 12:22:00.000000000,BEST_BID,"JPM,98638,158"
2019-06-28 12:22:00.000000000,BEST_ASK,"JPM,99575,212"
2019-06-28 12:22:00.000000000,LAST_TRADE,"2,$98638.0000"
2019-06-28 12:22:00.000000000,QUERY_SPREAD,88
2019-06-28 12:22:00.000000000,BEST_BID,"JPM,98638,150"
2019-06-28 12:22:00.000000000,BEST_ASK,"JPM,99575,212"
2019-06-28 12:22:00.000000000,LAST_TRADE,"8,$98638.0000"
2019-06-28 12:22:00.000000000,QUERY_SPREAD,89
2019-06-28 12:22:00.000000000,BEST_BID,"JPM,98638,143"
2019-06-28 12:22:00.000000000,BEST_ASK,"JPM,99575,212"
2019-06-28 12:22:00.000000000,LAST_TRADE,"7,$98638.0000"
2019-06-28 12:22:00.000000000,QUERY_SPREAD,90
2019-06-28 12:22:00.000000000,BEST_BID,"JPM,98638,137"
2019-06-28 12:22:00.000000000,BEST_ASK,"JPM,99575,212"
2019-06-28 12:22:00.000000000,LAST_TRADE,"6,$98638.0000"
2019-06-28 12:22:00.000000000,QUERY_SPREAD,91
2019-06-28 12:22:00.000000000,BEST_BID,"JPM,98638,132"
2019-06-28 12:22:00.000000000,BEST_ASK,"JPM,99575,212"
2019-06-28 12:22:00.000000000,LAST_TRADE,"5,$98638.0000"
2019-06-28 12:22:00.000000000,QUERY_SPREAD,92
2019-06-28 12:22:00.000000000,BEST_BID,"JPM,98638,131"
2019-06-28 12:22:00.000000000,BEST_ASK,"JPM,99575,212"
2019-06-28 12:22:00.000000000,LAST_TRADE,"1,$98638.0000"
2019-06-28 12:22:00.000000000,QUERY_SPREAD,93
2019-06-28 12:22:00.000000000,BEST_BID,"JPM,98638,129"
2019-06-28 12:22:00.000000000,BEST_ASK,"JPM,99575,212"
2019-06-28 12:22:00.000000000,LAST_TRADE,"2,$98638.0000"
2019-06-28 12:22:00.000000000,QUERY_SPREAD,94
2019-06-28 12:22:00.000000000,BEST_BID,"JPM,98638,127"
2019-06-28 12:22:00.000000000,BEST_ASK,"JPM,99575,212"
2019-06-28 12:22:00.000000000,LAST_TRADE,"2,$98638.0000"
2019-06-28 12:22:00.000000000,QUERY_SPREAD,95
2019-06-28 12:22:00.000000000,BEST_BID,"JPM,98638,120"
2019-06-28 12:22:00.000000000,BEST_ASK,"JPM,99575,212"
2019-06-28 12:22:00.000000000,LAST_TRADE,"7,$98638.0000"
2019-06-28 12:22:00.000000000,QUERY_SPREAD,96
2019-06-28 12:22:00.000000000,BEST_BID,"JPM,98638,113"
2019-06-28 12:22:00.000000000,BEST_ASK,"JPM,99575,212"
2019-06-28 12:22:00.000000000,LAST_TRADE,"7,$98638.0000"
2019-06-28 12:22:00.000000000,QUERY_SPREAD,97
2019-06-28 12:22:00.000000000,BEST_BID,"JPM,98638,107"
2019-06-28 12:22:00.000000000,BEST_ASK,"JPM,99575,212"
2019-06-28 12:22:00.000000000,LAST_TRADE,"6,$98638.0000"
2019-06-28 12:22:00.000000000,QUERY_SPREAD,98
2019-06-28 12:22:00.000000000,BEST_BID,"JPM,98638,103"
2019-06-28 12:22:00.000000000,BEST_ASK,"JPM,99575,212"
2019-06-28 12:22:00.000000000,LAST_TRADE,"4,$98638.0000"
2019-06-28 12:22:00.000000000,QUERY_SPREAD,99
2019-06-28 12:22:00.000000000,BEST_BID,"JPM,98638,101"
2019-06-28 12:22:00.000000000,BEST_ASK,"JPM,99575,212"
2019-06-28 12:22:00.000000000,LAST_TRADE,"2,$98638.0000"
2019-06-28 12:22:00.000000000,QUERY_SPREAD,100
2019-06-28 12:22:00.000000000,BEST_BID,"JPM,98638,95"
2019-06-28 12:22:00.000000000,BEST_ASK,"JPM,99575,212"
2019-06-28 12:22:00.000000000,LAST_TRADE,"6,$98638.0000"
2019-06-28 12:22:00.000000000,QUERY_SPREAD,101
2019-06-28 12:22:00.000000000,QUERY_ORDER_STREAM,101
2019-06-28 12:22:04.638037837,QUERY_ORDER_STREAM,76
2019-06-28 12:22:04.638037837,QUERY_SPREAD,76
2019-06-28 12:22:04.638037837,BEST_BID,"JPM,98638,195"
2019-06-28 12:22:04.638037837,BEST_ASK,"JPM,99575,212"
2019-06-28 12:22:09.776022565,QUERY_SPREAD,4
2019-06-28 12:22:09.776022565,BEST_BID,"JPM,98638,195"
2019-06-28 12:22:09.776022565,BEST_ASK,"JPM,99575,112"
2019-06-28 12:22:09.776022565,LAST_TRADE,"100,$99575.0000"
2019-06-28 12:22:10.000000000,QUERY_SPREAD,1
2019-06-28 12:22:10.000000000,BEST_BID,"JPM,98638,264"
2019-06-28 12:22:10.000000000,BEST_ASK,"JPM,99588,100"
2019-06-28 12:22:10.000000000,BEST_BID,"JPM,98638,264"
2019-06-28 12:22:10.000000000,BEST_ASK,"JPM,99588,100"
2019-06-28 12:22:10.000000000,BEST_BID,"JPM,98638,264"
2019-06-28 12:22:10.000000000,BEST_ASK,"JPM,99588,264"
2019-06-28 12:22:10.000000000,BEST_BID,"JPM,98638,264"
2019-06-28 12:22:10.000000000,BEST_ASK,"JPM,99588,264"
2019-06-28 12:22:20.000000000,QUERY_SPREAD,1
2019-06-28 12:22:20.000000000,BEST_BID,"JPM,98638,264"
2019-06-28 12:22:20.000000000,BEST_ASK,"JPM,99588,100"
2019-06-28 12:22:20.000000000,BEST_BID,"JPM,98638,264"
2019-06-28 12:22:20.000000000,BEST_ASK,"JPM,99588,100"
2019-06-28 12:22:20.000000000,BEST_BID,"JPM,98638,264"
2019-06-28 12:22:20.000000000,BEST_ASK,"JPM,99588,264"
2019-06-28 12:22:20.000000000,BEST_BID,"JPM,98638,264"
2019-06-28 12:22:20.000000000,BEST_ASK,"JPM,99588,264"
2019-06-28 12:22:26.957539718,QUERY_ORDER_STREAM,65
2019-06-28 12:22:26.957539718,QUERY_SPREAD,65
2019-06-28 12:22:30.000000000,QUERY_SPREAD,1
2019-06-28 12:22:30.000000000,BEST_BID,"JPM,98638,212"
2019-06-28 12:22:30.000000000,BEST_ASK,"JPM,99588,100"
2019-06-28 12:22:30.000000000,BEST_BID,"JPM,98638,212"
2019-06-28 12:22:30.000000000,BEST_ASK,"JPM,99588,100"
2019-06-28 12:22:30.000000000,BEST_BID,"JPM,98638,212"
2019-06-28 12:22:30.000000000,BEST_ASK,"JPM,99588,100"
2019-06-28 12:22:30.000000000,BEST_BID,"JPM,98638,212"
2019-06-28 12:22:30.000000000,BEST_ASK,"JPM,99588,212"
2019-06-28 12:22:30.000000000,BEST_BID,"JPM,98638,212"
2019-06-28 12:22:30.000000000,BEST_ASK,"JPM,99588,212"
2019-06-28 12:22:30.000000000,BEST_BID,"JPM,98638,212"
2019-06-28 12:22:30.000000000,BEST_ASK,"JPM,99588,212"
2019-06-28 12:22:40.000000000,QUERY_SPREAD,1
2019-06-28 12:22:40.000000000,BEST_BID,"JPM,98638,428"
2019-06-28 12:22:40.000000000,BEST_ASK,"JPM,99588,100"
2019-06-28 12:22:40.000000000,BEST_BID,"JPM,98638,428"
2019-06-28 12:22:40.000000000,BEST_ASK,"JPM,99588,428"
2019-06-28 12:22:48.276305487,QUERY_SPREAD,40
2019-06-28 12:22:48.276305487,BEST_BID,"JPM,98638,428"
2019-06-28 12:22:48.276305487,BEST_ASK,"JPM,99588,328"
2019-06-28 12:22:48.276305487,LAST_TRADE,"100,$99588.0000"
2019-06-28 12:22:50.000000000,QUERY_SPREAD,1
2019-06-28 12:22:50.000000000,BEST_BID,"JPM,98638,182"
2019-06-28 12:22:50.000000000,BEST_ASK,"JPM,99793,100"
2019-06-28 12:22:50.000000000,BEST_BID,"JPM,98638,182"
2019-06-28 12:22:50.000000000,BEST_ASK,"JPM,99793,100"
2019-06-28 12:22:50.000000000,BEST_BID,"JPM,98638,182"
2019-06-28 12:22:50.000000000,BEST_ASK,"JPM,99793,100"
2019-06-28 12:22:50.000000000,BEST_BID,"JPM,98638,182"
2019-06-28 12:22:50.000000000,BEST_ASK,"JPM,99793,100"
2019-06-28 12:22:50.000000000,BEST_BID,"JPM,98638,182"
2019-06-28 12:22:50.000000000,BEST_ASK,"JPM,99793,182"
2019-06-28 12:22:50.000000000,BEST_BID,"JPM,98638,182"
2019-06-28 12:22:50.000000000,BEST_ASK,"JPM,99793,182"
2019-06-28 12:22:50.000000000,BEST_BID,"JPM,98638,182"
2019-06-28 12:22:50.000000000,BEST_ASK,"JPM,99793,182"
2019-06-28 12:22:50.000000000,BEST_BID,"JPM,98638,182"
2019-06-28 12:22:50.000000000,BEST_ASK,"JPM,99793,182"
2019-06-28 12:22:56.425126898,QUERY_SPREAD,29
2019-06-28 12:22:56.425126898,BEST_BID,"JPM,98638,182"
2019-06-28 12:22:56.425126898,BEST_ASK,"JPM,99793,82"
2019-06-28 12:22:56.425126898,LAST_TRADE,"100,$99793.0000"
2019-06-28 12:23:00.000000000,QUERY_SPREAD,1
2019-06-28 12:23:00.000000000,BEST_BID,"JPM,98638,212"
2019-06-28 12:23:00.000000000,BEST_ASK,"JPM,99836,100"
2019-06-28 12:23:00.000000000,BEST_BID,"JPM,98638,212"
2019-06-28 12:23:00.000000000,BEST_ASK,"JPM,99836,100"
2019-06-28 12:23:00.000000000,BEST_BID,"JPM,98638,212"
2019-06-28 12:23:00.000000000,BEST_ASK,"JPM,99836,100"
2019-06-28 12:23:00.000000000,BEST_BID,"JPM,98638,212"
2019-06-28 12:23:00.000000000,BEST_ASK,"JPM,99836,212"
2019-06-28 12:23:00.000000000,BEST_BID,"JPM,98638,212"
2019-06-28 12:23:00.000000000,BEST_ASK,"JPM,99836,212"
2019-06-28 12:23:00.000000000,BEST_BID,"JPM,98638,212"
2019-06-28 12:23:00.000000000,BEST_ASK,"JPM,99836,212"
2019-06-28 12:23:00.000000000,QUERY_SPREAD,77
2019-06-28 12:23:00.000000000,BEST_BID,"JPM,98638,208"
2019-06-28 12:23:00.000000000,BEST_ASK,"JPM,99836,212"
2019-06-28 12:23:00.000000000,LAST_TRADE,"4,$98638.0000"
2019-06-28 12:23:00.000000000,QUERY_SPREAD,78
2019-06-28 12:23:00.000000000,BEST_BID,"JPM,98638,200"
2019-06-28 12:23:00.000000000,BEST_ASK,"JPM,99836,212"
2019-06-28 12:23:00.000000000,LAST_TRADE,"8,$98638.0000"
2019-06-28 12:23:00.000000000,QUERY_SPREAD,79
2019-06-28 12:23:00.000000000,BEST_BID,"JPM,98638,199"
2019-06-28 12:23:00.000000000,BEST_ASK,"JPM,99836,212"
2019-06-28 12:23:00.000000000,LAST_TRADE,"1,$98638.0000"
2019-06-28 12:23:00.000000000,QUERY_SPREAD,80
2019-06-28 12:23:00.000000000,BEST_BID,"JPM,98638,194"
2019-06-28 12:23:00.000000000,BEST_ASK,"JPM,99836,212"
2019-06-28 12:23:00.000000000,LAST_TRADE,"5,$98638.0000"
2019-06-28 12:23:00.000000000,QUERY_SPREAD,81
2019-06-28 12:23:00.000000000,BEST_BID,"JPM,98638,189"
2019-06-28 12:23:00.000000000,BEST_ASK,"JPM,99836,212"
2019-06-28 12:23:00.000000000,LAST_TRADE,"5,$98638.0000"
2019-06-28 12:23:00.000000000,QUERY_SPREAD,82
2019-06-28 12:23:00.000000000,BEST_BID,"JPM,98638,183"
2019-06-28 12:23:00.000000000,BEST_ASK,"JPM,99836,212"
2019-06-28 12:23:00.000000000,LAST_TRADE,"6,$98638.0000"
2019-06-28 12:23:00.000000000,QUERY_SPREAD,83
2019-06-28 12:23:00.000000000,BEST_BID,"JPM,98638,179"
2019-06-28 12:23:00.000000000,BEST_ASK,"JPM,99836,212"
2019-06-28 12:23:00.000000000,LAST_TRADE,"4,$98638.0000"
2019-06-28 12:23:00.000000000,QUERY_SPREAD,84
2019-06-28 12:23:00.000000000,BEST_BID,"JPM,98638,174"
2019-06-28 12:23:00.000000000,BEST_ASK,"JPM,99836,212"
2019-06-28 12:23:00.000000000,LAST_TRADE,"5,$98638.0000"
2019-06-28 12:23:00.000000000,QUERY_SPREAD,85
2019-06-28 12:23:00.000000000,BEST_BID,"JPM,98638,169"
2019-06-28 12:23:00.000000000,BEST_ASK,"JPM,99836,212"
2019-06-28 12:23:00.000000000,LAST_TRADE,"5,$98638.0000"
2019-06-28 12:23:00.000000000,QUERY_SPREAD,86
2019-06-28 12:23:00.000000000,BEST_BID,"JPM,98638,160"
2019-06-28 12:23:00.000000000,BEST_ASK,"JPM,99836,212"
2019-06-28 12:23:00.000000000,LAST_TRADE,"9,$98638.0000"
2019-06-28 12:23:00.000000000,QUERY_SPREAD,87
2019-06-28 12:23:00.000000000,BEST_BID,"JPM,98638,158"
2019-06-28 12:23:00.000000000,BEST_ASK,"JPM,99836,212"
2019-06-28 12:23:00.000000000,LAST_TRADE,"2,$98638.0000"
2019-06-28 12:23:00.000000000,QUERY_SPREAD,88
2019-06-28 12:23:00.000000000,BEST_BID,"JPM,98638,150"
2019-06-28 12:23:00.000000000,BEST_ASK,"JPM,99836,212"
2019-06-28 12:23:00.000000000,LAST_TRADE,"8,$98638.0000"
2019-06-28 12:23:00.000000000,QUERY_SPREAD,89
2019-06-28 12:23:00.000000000,BEST_BID,"JPM,98638,143"
2019-06-28 12:23:00.000000000,BEST_ASK,"JPM,99836,212"
2019-06-28 12:23:00.000000000,LAST_TRADE,"7,$98638.0000"
2019-06-28 12:23:00.000000000,QUERY_SPREAD,90
2019-06-28 12:23:00.000000000,BEST_BID,"JPM,98638,137"
2019-06-28 12:23:00.000000000,BEST_ASK,"JPM,99836,212"
2019-06-28 12:23:00.000000000,LAST_TRADE,"6,$98638.0000"
2019-06-28 12:23:00.000000000,QUERY_SPREAD,91
2019-06-28 12:23:00.000000000,BEST_BID,"JPM,98638,132"
2019-06-28 12:23:00.000000000,BEST_ASK,"JPM,99836,212"
2019-06-28 12:23:00.000000000,LAST_TRADE,"5,$98638.0000"
2019-06-28 12:23:00.000000000,QUERY_SPREAD,92
2019-06-28 12:23:00.000000000,BEST_BID,"JPM,98638,131"
2019-06-28 12:23:00.000000000,BEST_ASK,"JPM,99836,212"
2019-06-28 12:23:00.000000000,LAST_TRADE,"1,$98638.0000"
2019-06-28 12:23:00.000000000,QUERY_SPREAD,93
2019-06-28 12:23:00.000000000,BEST_BID,"JPM,98638,129"
2019-06-28 12:23:00.000000000,BEST_ASK,"JPM,99836,212"
2019-06-28 12:23:00.000000000,LAST_TRADE,"2,$98638.0000"
2019-06-28 12:23:00.000000000,QUERY_SPREAD,94
2019-06-28 12:23:00.000000000,BEST_BID,"JPM,98638,127"
2019-06-28 12:23:00.000000000,BEST_ASK,"JPM,99836,212"
2019-06-28 12:23:00.000000000,LAST_TRADE,"2,$98638.0000"
2019-06-28 12:23:00.000000000,QUERY_SPREAD,95
2019-06-28 12:23:00.000000000,BEST_BID,"JPM,98638,120"
2019-06-28 12:23:00.000000000,BEST_ASK,"JPM,99836,212"
2019-06-28 12:23:00.000000000,LAST_TRADE,"7,$98638.0000"
2019-06-28 12:23:00.000000000,QUERY_SPREAD,96
2019-06-28 12:23:00.000000000,BEST_BID,"JPM,98638,113"
2019-06-28 12:23:00.000000000,BEST_ASK,"JPM,99836,212"
2019-06-28 12:23:00.000000000,LAST_TRADE,"7,$98638.0000"
2019-06-28 12:23:00.000000000,QUERY_SPREAD,97
2019-06-28 12:23:00.000000000,BEST_BID,"JPM,98638,107"
2019-06-28 12:23:00.000000000,BEST_ASK,"JPM,99836,212"
2019-06-28 12:23:00.000000000,LAST_TRADE,"6,$98638.0000"
2019-06-28 12:23:00.000000000,QUERY_SPREAD,98
2019-06-28 12:23:00.000000000,BEST_BID,"JPM,98638,103"
2019-06-28 12:23:00.000000000,BEST_ASK,"JPM,99836,212"
2019-06-28 12:23:00.000000000,LAST_TRADE,"4,$98638.0000"
2019-06-28 12:23:00.000000000,QUERY_SPREAD,99
2019-06-28 12:23:00.000000000,BEST_BID,"JPM,98638,101"
2019-06-28 12:23:00.000000000,BEST_ASK,"JPM,99836,212"
2019-06-28 12:23:00.000000000,LAST_TRADE,"2,$98638.0000"
2019-06-28 12:23:00.000000000,QUERY_SPREAD,100
2019-06-28 12:23:00.000000000,BEST_BID,"JPM,98638,95"
2019-06-28 12:23:00.000000000,BEST_ASK,"JPM,99836,212"
2019-06-28 12:23:00.000000000,LAST_TRADE,"6,$98638.0000"
2019-06-28 12:23:00.000000000,QUERY_SPREAD,101
2019-06-28 12:23:00.000000000,QUERY_ORDER_STREAM,101
2019-06-28 12:23:02.188807157,QUERY_SPREAD,32
2019-06-28 12:23:02.188807157,BEST_BID,"JPM,98638,95"
2019-06-28 12:23:02.188807157,BEST_ASK,"JPM,99836,112"
2019-06-28 12:23:02.188807157,LAST_TRADE,"100,$99836.0000"
2019-06-28 12:23:10.000000000,QUERY_SPREAD,1
2019-06-28 12:23:10.000000000,BEST_BID,"JPM,98586,166"
2019-06-28 12:23:10.000000000,BEST_ASK,"JPM,99842,100"
2019-06-28 12:23:10.000000000,BEST_BID,"JPM,98586,166"
2019-06-28 12:23:10.000000000,BEST_ASK,"JPM,99842,100"
2019-06-28 12:23:10.000000000,BEST_BID,"JPM,98586,166"
2019-06-28 12:23:10.000000000,BEST_ASK,"JPM,99842,100"
2019-06-28 12:23:10.000000000,BEST_BID,"JPM,98586,166"
2019-06-28 12:23:10.000000000,BEST_ASK,"JPM,99842,100"
2019-06-28 12:23:10.000000000,BEST_BID,"JPM,98586,166"
2019-06-28 12:23:10.000000000,BEST_ASK,"JPM,99842,100"
2019-06-28 12:23:10.000000000,BEST_BID,"JPM,98586,166"
2019-06-28 12:23:10.000000000,BEST_ASK,"JPM,99842,166"
2019-06-28 12:23:10.000000000,BEST_BID,"JPM,98586,166"
2019-06-28 12:23:10.000000000,BEST_ASK,"JPM,99842,166"
2019-06-28 12:23:10.000000000,BEST_BID,"JPM,98586,166"
2019-06-28 12:23:10.000000000,BEST_ASK,"JPM,99842,166"
2019-06-28 12:23:10.000000000,BEST_BID,"JPM,98586,166"
2019-06-28 12:23:10.000000000,BEST_ASK,"JPM,99842,166"
2019-06-28 12:23:10.000000000,BEST_BID,"JPM,98586,166"
2019-06-28 12:23:10.000000000,BEST_ASK,"JPM,99842,166"
2019-06-28 12:23:20.000000000,QUERY_SPREAD,1
2019-06-28 12:23:20.000000000,BEST_BID,"JPM,98586,212"
2019-06-28 12:23:20.000000000,BEST_ASK,"JPM,99842,100"
2019-06-28 12:23:20.000000000,BEST_BID,"JPM,98586,212"
2019-06-28 12:23:20.000000000,BEST_ASK,"JPM,99842,100"
2019-06-28 12:23:20.000000000,BEST_BID,"JPM,98586,212"
2019-06-28 12:23:20.000000000,BEST_ASK,"JPM,99842,100"
2019-06-28 12:23:20.000000000,BEST_BID,"JPM,98586,212"
2019-06-28 12:23:20.000000000,BEST_ASK,"JPM,99842,212"
2019-06-28 12:23:20.000000000,BEST_BID,"JPM,98586,212"
2019-06-28 12:23:20.000000000,BEST_ASK,"JPM,99842,212"
2019-06-28 12:23:20.000000000,BEST_BID,"JPM,98586,212"
2019-06-28 12:23:20.000000000,BEST_ASK,"JPM,99842,212"
2019-06-28 12:23:29.642056736,QUERY_SPREAD,17
2019-06-28 12:23:29.642056736,BEST_BID,"JPM,98586,212"
2019-06-28 12:23:29.642056736,BEST_ASK,"JPM,99842,212"
2019-06-28 12:23:30.000000000,QUERY_SPREAD,1
2019-06-28 12:23:30.000000000,BEST_BID,"JPM,98586,428"
2019-06-28 12:23:30.000000000,BEST_ASK,"JPM,99842,100"
2019-06-28 12:23:30.000000000,BEST_BID,"JPM,98586,428"
2019-06-28 12:23:30.000000000,BEST_ASK,"JPM,99842,428"
2019-06-28 12:23:37.154454421,QUERY_ORDER_STREAM,56
2019-06-28 12:23:37.154454421,QUERY_SPREAD,56
2019-06-28 12:23:37.154454421,BEST_BID,"JPM,98638,100"
2019-06-28 12:23:37.154454421,BEST_ASK,"JPM,99842,428"
2019-06-28 12:23:40.000000000,QUERY_SPREAD,1
2019-06-28 12:23:40.000000000,BEST_BID,"JPM,98638,182"
2019-06-28 12:23:40.000000000,BEST_ASK,"JPM,99842,100"
2019-06-28 12:23:40.000000000,BEST_BID,"JPM,98638,182"
2019-06-28 12:23:40.000000000,BEST_ASK,"JPM,99842,100"
2019-06-28 12:23:40.000000000,BEST_BID,"JPM,98638,182"
2019-06-28 12:23:40.000000000,BEST_ASK,"JPM,99842,100"
2019-06-28 12:23:40.000000000,BEST_BID,"JPM,98638,182"
2019-06-28 12:23:40.000000000,BEST_ASK,"JPM,99842,100"
2019-06-28 12:23:40.000000000,BEST_BID,"JPM,98638,182"
2019-06-28 12:23:40.000000000,BEST_ASK,"JPM,99842,182"
2019-06-28 12:23:40.000000000,BEST_BID,"JPM,98638,182"
2019-06-28 12:23:40.000000000,BEST_ASK,"JPM,99842,182"
2019-06-28 12:23:40.000000000,BEST_BID,"JPM,98638,182"
2019-06-28 12:23:40.000000000,BEST_ASK,"JPM,99842,182"
2019-06-28 12:23:40.000000000,BEST_BID,"JPM,98638,182"
2019-06-28 12:23:40.000000000,BEST_ASK,"JPM,99842,182"
2019-06-28 12:23:49.891876586,QUERY_ORDER_STREAM,62
2019-06-28 12:23:49.891876586,QUERY_SPREAD,62
2019-06-28 12:23:49.891876586,BEST_BID,"JPM,98638,182"
2019-06-28 12:23:49.891876586,BEST_ASK,"JPM,99836,100"
2019-06-28 12:23:50.000000000,QUERY_SPREAD,1
2019-06-28 12:23:50.000000000,BEST_BID,"JPM,98638,166"
2019-06-28 12:23:50.000000000,BEST_ASK,"JPM,99836,100"
2019-06-28 12:23:50.000000000,BEST_BID,"JPM,98638,166"
2019-06-28 12:23:50.000000000,BEST_ASK,"JPM,99836,100"
2019-06-28 12:23:50.000000000,BEST_BID,"JPM,98638,166"
2019-06-28 12:23:50.000000000,BEST_ASK,"JPM,99836,100"
2019-06-28 12:23:50.000000000,BEST_BID,"JPM,98638,166"
2019-06-28 12:23:50.000000000,BEST_ASK,"JPM,99836,100"
2019-06-28 12:23:50.000000000,BEST_BID,"JPM,98638,166"
2019-06-28 12:23:50.000000000,BEST_ASK,"JPM,99836,100"
2019-06-28 12:23:50.000000000,BEST_BID,"JPM,98638,166"
2019-06-28 12:23:50.000000000,BEST_ASK,"JPM,99836,166"
2019-06-28 12:23:50.000000000,BEST_BID,"JPM,98638,166"
2019-06-28 12:23:50.000000000,BEST_ASK,"JPM,99836,166"
2019-06-28 12:23:50.000000000,BEST_BID,"JPM,98638,166"
2019-06-28 12:23:50.000000000,BEST_ASK,"JPM,99836,166"
2019-06-28 12:23:50.000000000,BEST_BID,"JPM,98638,166"
2019-06-28 12:23:50.000000000,BEST_ASK,"JPM,99836,166"
2019-06-28 12:23:50.000000000,BEST_BID,"JPM,98638,166"
2019-06-28 12:23:50.000000000,BEST_ASK,"JPM,99836,166"
2019-06-28 12:23:58.422896544,QUERY_ORDER_STREAM,68
2019-06-28 12:23:58.422896544,QUERY_SPREAD,68
2019-06-28 12:23:58.422896544,BEST_BID,"JPM,98638,266"
2019-06-28 12:23:58.422896544,BEST_ASK,"JPM,99836,166"
2019-06-28 12:24:00.000000000,QUERY_SPREAD,1
2019-06-28 12:24:00.000000000,BEST_BID,"JPM,98638,364"
2019-06-28 12:24:00.000000000,BEST_ASK,"JPM,99836,100"
2019-06-28 12:24:00.000000000,BEST_BID,"JPM,98638,364"
2019-06-28 12:24:00.000000000,BEST_ASK,"JPM,99836,100"
2019-06-28 12:24:00.000000000,BEST_BID,"JPM,98638,364"
2019-06-28 12:24:00.000000000,BEST_ASK,"JPM,99836,264"
2019-06-28 12:24:00.000000000,BEST_BID,"JPM,98638,364"
2019-06-28 12:24:00.000000000,BEST_ASK,"JPM,99836,264"
2019-06-28 12:24:00.000000000,QUERY_SPREAD,77
2019-06-28 12:24:00.000000000,BEST_BID,"JPM,98638,360"
2019-06-28 12:24:00.000000000,BEST_ASK,"JPM,99836,264"
2019-06-28 12:24:00.000000000,LAST_TRADE,"4,$98638.0000"
2019-06-28 12:24:00.000000000,QUERY_SPREAD,78
2019-06-28 12:24:00.000000000,BEST_BID,"JPM,98638,352"
2019-06-28 12:24:00.000000000,BEST_ASK,"JPM,99836,264"
2019-06-28 12:24:00.000000000,LAST_TRADE,"8,$98638.0000"
2019-06-28 12:24:00.000000000,QUERY_SPREAD,79
2019-06-28 12:24:00.000000000,BEST_BID,"JPM,98638,351"
2019-06-28 12:24:00.000000000,BEST_ASK,"JPM,99836,264"
2019-06-28 12:24:00.000000000,LAST_TRADE,"1,$98638.0000"
2019-06-28 12:24:00.000000000,QUERY_SPREAD,80
2019-06-28 12:24:00.000000000,BEST_BID,"JPM,98638,346"
2019-06-28 12:24:00.000000000,BEST_ASK,"JPM,99836,264"
2019-06-28 12:24:00.000000000,LAST_TRADE,"5,$98638.0000"
2019-06-28 12:24:00.000000000,QUERY_SPREAD,81
2019-06-28 12:24:00.000000000,BEST_BID,"JPM,98638,341"
2019-06-28 12:24:00.000000000,BEST_ASK,"JPM,99836,264"
2019-06-28 12:24:00.000000000,LAST_TRADE,"5,$98638.0000"
2019-06-28 12:24:00.000000000,QUERY_SPREAD,82
2019-06-28 12:24:00.000000000,BEST_BID,"JPM,98638,335"
2019-06-28 12:24:00.000000000,BEST_ASK,"JPM,99836,264"
2019-06-28 12:24:00.000000000,LAST_TRADE,"6,$98638.0000"
2019-06-28 12:24:00.000000000,QUERY_SPREAD,83
2019-06-28 12:24:00.000000000,BEST_BID,"JPM,98638,331"
2019-06-28 12:24:00.000000000,BEST_ASK,"JPM,99836,264"
2019-06-28 12:24:00.000000000,LAST_TRADE,"4,$98638.0000"
2019-06-28 12:24:00.000000000,QUERY_SPREAD,84
2019-06-28 12:24:00.000000000,BEST_BID,"JPM,98638,326"
2019-06-28 12:24:00.000000000,BEST_ASK,"JPM,99836,264"
2019-06-28 12:24:00.000000000,LAST_TRADE,"5,$98638.0000"
2019-06-28 12:24:00.000000000,QUERY_SPREAD,85
2019-06-28 12:24:00.000000000,BEST_BID,"JPM,98638,321"
2019-06-28 12:24:00.000000000,BEST_ASK,"JPM,99836,264"
2019-06-28 12:24:00.000000000,LAST_TRADE,"5,$98638.0000"
2019-06-28 12:24:00.000000000,QUERY_SPREAD,86
2019-06-28 12:24:00.000000000,BEST_BID,"JPM,98638,312"
2019-06-28 12:24:00.000000000,BEST_ASK,"JPM,99836,264"
2019-06-28 12:24:00.000000000,LAST_TRADE,"9,$98638.0000"
2019-06-28 12:24:00.000000000,QUERY_SPREAD,87
2019-06-28 12:24:00.000000000,BEST_BID,"JPM,98638,310"
2019-06-28 12:24:00.000000000,BEST_ASK,"JPM,99836,264"
2019-06-28 12:24:00.000000000,LAST_TRADE,"2,$98638.0000"
2019-06-28 12:24:00.000000000,QUERY_SPREAD,88
2019-06-28 12:24:00.000000000,BEST_BID,"JPM,98638,302"
2019-06-28 12:24:00.000000000,BEST_ASK,"JPM,99836,264"
2019-06-28 12:24:00.000000000,LAST_TRADE,"8,$98638.0000"
2019-06-28 12:24:00.000000000,QUERY_SPREAD,89
2019-06-28 12:24:00.000000000,BEST_BID,"JPM,98638,295"
2019-06-28 12:24:00.000000000,BEST_ASK,"JPM,99836,264"
2019-06-28 12:24:00.000000000,LAST_TRADE,"7,$98638.0000"
2019-06-28 12:24:00.000000000,QUERY_SPREAD,90
2019-06-28 12:24:00.000000000,BEST_BID,"JPM,98638,289"
2019-06-28 12:24:00.000000000,BEST_ASK,"JPM,99836,264"
2019-06-28 12:24:00.000000000,LAST_TRADE,"6,$98638.0000"
2019-06-28 12:24:00.000000000,QUERY_SPREAD,91
2019-06-28 12:24:00.000000000,BEST_BID,"JPM,98638,284"
2019-06-28 12:24:00.000000000,BEST_ASK,"JPM,99836,264"
2019-06-28 12:24:00.000000000,LAST_TRADE,"5,$98638.0000"
2019-06-28 12:24:00.000000000,QUERY_SPREAD,92
2019-06-28 12:24:00.000000000,BEST_BID,"JPM,98638,283"
2019-06-28 12:24:00.000000000,BEST_ASK,"JPM,99836,264"
2019-06-28 12:24:00.000000000,LAST_TRADE,"1,$98638.0000"
2019-06-28 12:24:00.000000000,QUERY_SPREAD,93
2019-06-28 12:24:00.000000000,BEST_BID,"JPM,98638,281"
2019-06-28 12:24:00.000000000,BEST_ASK,"JPM,99836,264"
2019-06-28 12:24:00.000000000,LAST_TRADE,"2,$98638.0000"
2019-06-28 12:24:00.000000000,QUERY_SPREAD,94
2019-06-28 12:24:00.000000000,BEST_BID,"JPM,98638,279"
2019-06-28 12:24:00.000000000,BEST_ASK,"JPM,99836,264"
2019-06-28 12:24:00.000000000,LAST_TRADE,"2,$98638.0000"
2019-06-28 12:24:00.000000000,QUERY_SPREAD,95
2019-06-28 12:24:00.000000000,BEST_BID,"JPM,98638,272"
2019-06-28 12:24:00.000000000,BEST_ASK,"JPM,99836,264"
2019-06-28 12:24:00.000000000,LAST_TRADE,"7,$98638.0000"
2019-06-28 12:24:00.000000000,QUERY_SPREAD,96
2019-06-28 12:24:00.000000000,BEST_BID,"JPM,98638,265"
2019-06-28 12:24:00.000000000,BEST_ASK,"JPM,99836,264"
2019-06-28 12:24:00.000000000,LAST_TRADE,"7,$98638.0000"
2019-06-28 12:24:00.000000000,QUERY_SPREAD,97
2019-06-28 12:24:00.000000000,BEST_BID,"JPM,98638,259"
2019-06-28 12:24:00.000000000,BEST_ASK,"JPM,99836,264"
2019-06-28 12:24:00.000000000,LAST_TRADE,"6,$98638.0000"
2019-06-28 12:24:00.000000000,QUERY_SPREAD,98
2019-06-28 12:24:00.000000000,BEST_BID,"JPM,98638,255"
2019-06-28 12:24:00.000000000,BEST_ASK,"JPM,99836,264"
2019-06-28 12:24:00.000000000,LAST_TRADE,"4,$98638.0000"
2019-06-28 12:24:00.000000000,QUERY_SPREAD,99
2019-06-28 12:24:00.000000000,BEST_BID,"JPM,98638,253"
2019-06-28 12:24:00.000000000,BEST_ASK,"JPM,99836,264"
2019-06-28 12:24:00.000000000,LAST_TRADE,"2,$98638.0000"
2019-06-28 12:24:00.000000000,QUERY_SPREAD,100
2019-06-28 12:24:00.000000000,BEST_BID,"JPM,98638,247"
2019-06-28 12:24:00.000000000,BEST_ASK,"JPM,99836,264"
2019-06-28 12:24:00.000000000,LAST_TRADE,"6,$98638.0000"
2019-06-28 12:24:00.000000000,QUERY_SPREAD,101
2019-06-28 12:24:00.000000000,QUERY_ORDER_STREAM,101
2019-06-28 12:24:10.000000000,QUERY_SPREAD,1
2019-06-28 12:24:10.000000000,BEST_BID,"JPM,98638,149"
2019-06-28 12:24:10.000000000,BEST_ASK,"JPM,99836,100"
2019-06-28 12:24:10.000000000,BEST_BID,"JPM,98638,149"
2019-06-28 12:24:10.000000000,BEST_ASK,"JPM,99836,100"
2019-06-28 12:24:10.000000000,BEST_BID,"JPM,98638,149"
2019-06-28 12:24:10.000000000,BEST_ASK,"JPM,99836,100"
2019-06-28 12:24:10.000000000,BEST_BID,"JPM,98638,149"
2019-06-28 12:24:10.000000000,BEST_ASK,"JPM,99836,100"
2019-06-28 12:24:10.000000000,BEST_BID,"JPM,98638,149"
2019-06-28 12:24:10.000000000,BEST_ASK,"JPM,99836,100"
2019-06-28 12:24:10.000000000,BEST_BID,"JPM,98638,149"
2019-06-28 12:24:10.000000000,BEST_ASK,"JPM,99836,166"
2019-06-28 12:24:10.000000000,BEST_BID,"JPM,98638,149"
2019-06-28 12:24:10.000000000,BEST_ASK,"JPM,99836,166"
2019-06-28 12:24:10.000000000,BEST_BID,"JPM,98638,149"
2019-06-28 12:24:10.000000000,BEST_ASK,"JPM,99836,166"
2019-06-28 12:24:10.000000000,BEST_BID,"JPM,98638,149"
2019-06-28 12:24:10.000000000,BEST_ASK,"JPM,99836,166"
2019-06-28 12:24:10.000000000,BEST_BID,"JPM,98638,149"
2019-06-28 12:24:10.000000000,BEST_ASK,"JPM,99836,166"
2019-06-28 12:24:11.087503179,QUERY_SPREAD,34
2019-06-28 12:24:11.087503179,BEST_BID,"JPM,99250,100"
2019-06-28 12:24:11.087503179,BEST_ASK,"JPM,99836,166"
2019-06-28 12:24:20.000000000,QUERY_SPREAD,1
2019-06-28 12:24:20.000000000,BEST_BID,"JPM,99250,166"
2019-06-28 12:24:20.000000000,BEST_ASK,"JPM,99836,100"
2019-06-28 12:24:20.000000000,BEST_BID,"JPM,99250,166"
2019-06-28 12:24:20.000000000,BEST_ASK,"JPM,99836,100"
2019-06-28 12:24:20.000000000,BEST_BID,"JPM,99250,166"
2019-06-28 12:24:20.000000000,BEST_ASK,"JPM,99836,100"
2019-06-28 12:24:20.000000000,BEST_BID,"JPM,99250,166"
2019-06-28 12:24:20.000000000,BEST_ASK,"JPM,99836,100"
2019-06-28 12:24:20.000000000,BEST_BID,"JPM,99250,166"
2019-06-28 12:24:20.000000000,BEST_ASK,"JPM,99836,100"
2019-06-28 12:24:20.000000000,BEST_BID,"JPM,99250,166"
2019-06-28 12:24:20.000000000,BEST_ASK,"JPM,99836,166"
2019-06-28 12:24:20.000000000,BEST_BID,"JPM,99250,166"
2019-06-28 12:24:20.000000000,BEST_ASK,"JPM,99836,166"
2019-06-28 12:24:20.000000000,BEST_BID,"JPM,99250,166"
2019-06-28 12:24:20.000000000,BEST_ASK,"JPM,99836,166"
2019-06-28 12:24:20.000000000,BEST_BID,"JPM,99250,166"
2019-06-28 12:24:20.000000000,BEST_ASK,"JPM,99836,166"
2019-06-28 12:24:20.000000000,BEST_BID,"JPM,99250,166"
2019-06-28 12:24:20.000000000,BEST_ASK,"JPM,99836,166"
2019-06-28 12:24:26.389731109,QUERY_SPREAD,40
2019-06-28 12:24:26.389731109,BEST_BID,"JPM,99273,100"
2019-06-28 12:24:26.389731109,BEST_ASK,"JPM,99836,166"
2019-06-28 12:24:30.000000000,QUERY_SPREAD,1
2019-06-28 12:24:30.000000000,BEST_BID,"JPM,99273,264"
2019-06-28 12:24:30.000000000,BEST_ASK,"JPM,99836,100"
2019-06-28 12:24:30.000000000,BEST_BID,"JPM,99273,264"
2019-06-28 12:24:30.000000000,BEST_ASK,"JPM,99836,100"
2019-06-28 12:24:30.000000000,BEST_BID,"JPM,99273,264"
2019-06-28 12:24:30.000000000,BEST_ASK,"JPM,99836,264"
2019-06-28 12:24:30.000000000,BEST_BID,"JPM,99273,264"
2019-06-28 12:24:30.000000000,BEST_ASK,"JPM,99836,264"
2019-06-28 12:24:32.749244136,QUERY_ORDER_STREAM,58
2019-06-28 12:24:32.749244136,QUERY_SPREAD,58
2019-06-28 12:24:32.749244136,BEST_BID,"JPM,99273,264"
2019-06-28 12:24:32.749244136,BEST_ASK,"JPM,99836,264"
2019-06-28 12:24:36.152239453,QUERY_ORDER_STREAM,52
2019-06-28 12:24:36.152239453,QUERY_SPREAD,52
2019-06-28 12:24:36.152239453,BEST_BID,"JPM,99273,264"
2019-06-28 12:24:36.152239453,BEST_ASK,"JPM,99836,264"
2019-06-28 12:24:40.000000000,QUERY_SPREAD,1
2019-06-28 12:24:40.000000000,BEST_BID,"JPM,99273,212"
2019-06-28 12:24:40.000000000,BEST_ASK,"JPM,99836,100"
2019-06-28 12:24:40.000000000,BEST_BID,"JPM,99273,212"
2019-06-28 12:24:40.000000000,BEST_ASK,"JPM,99836,100"
2019-06-28 12:24:40.000000000,BEST_BID,"JPM,99273,212"
2019-06-28 12:24:40.000000000,BEST_ASK,"JPM,99836,100"
2019-06-28 12:24:40.000000000,BEST_BID,"JPM,99273,212"
2019-06-28 12:24:40.000000000,BEST_ASK,"JPM,99836,212"
2019-06-28 12:24:40.000000000,BEST_BID,"JPM,99273,212"
2019-06-28 12:24:40.000000000,BEST_ASK,"JPM,99836,212"
2019-06-28 12:24:40.000000000,BEST_BID,"JPM,99273,212"
2019-06-28 12:24:40.000000000,BEST_ASK,"JPM,99836,212"
2019-06-28 12:24:49.280621301,QUERY_SPREAD,31
2019-06-28 12:24:49.280621301,BEST_BID,"JPM,99582,100"
2019-06-28 12:24:49.280621301,BEST_ASK,"JPM,99836,212"
2019-06-28 12:24:50.000000000,QUERY_SPREAD,1
2019-06-28 12:24:50.000000000,BEST_BID,"JPM,99582,264"
2019-06-28 12:24:50.000000000,BEST_ASK,"JPM,99836,100"
2019-06-28 12:24:50.000000000,BEST_BID,"JPM,99582,264"
2019-06-28 12:24:50.000000000,BEST_ASK,"JPM,99836,100"
2019-06-28 12:24:50.000000000,BEST_BID,"JPM,99582,264"
2019-06-28 12:24:50.000000000,BEST_ASK,"JPM,99836,264"
2019-06-28 12:24:50.000000000,BEST_BID,"JPM,99582,264"
2019-06-28 12:24:50.000000000,BEST_ASK,"JPM,99836,264"
2019-06-28 12:25:00.000000000,QUERY_SPREAD,1
2019-06-28 12:25:00.000000000,BEST_BID,"JPM,99582,212"
2019-06-28 12:25:00.000000000,BEST_ASK,"JPM,99836,100"
2019-06-28 12:25:00.000000000,BEST_BID,"JPM,99582,212"
2019-06-28 12:25:00.000000000,BEST_ASK,"JPM,99836,100"
2019-06-28 12:25:00.000000000,BEST_BID,"JPM,99582,212"
2019-06-28 12:25:00.000000000,BEST_ASK,"JPM,99836,100"
2019-06-28 12:25:00.000000000,BEST_BID,"JPM,99582,212"
2019-06-28 12:25:00.000000000,BEST_ASK,"JPM,99836,212"
2019-06-28 12:25:00.000000000,BEST_BID,"JPM,99582,212"
2019-06-28 12:25:00.000000000,BEST_ASK,"JPM,99836,212"
2019-06-28 12:25:00.000000000,BEST_BID,"JPM,99582,212"
2019-06-28 12:25:00.000000000,BEST_ASK,"JPM,99836,212"
2019-06-28 12:25:00.000000000,QUERY_SPREAD,77
2019-06-28 12:25:00.000000000,BEST_BID,"JPM,99582,208"
2019-06-28 12:25:00.000000000,BEST_ASK,"JPM,99836,212"
2019-06-28 12:25:00.000000000,LAST_TRADE,"4,$99582.0000"
2019-06-28 12:25:00.000000000,QUERY_SPREAD,78
2019-06-28 12:25:00.000000000,BEST_BID,"JPM,99582,200"
2019-06-28 12:25:00.000000000,BEST_ASK,"JPM,99836,212"
2019-06-28 12:25:00.000000000,LAST_TRADE,"8,$99582.0000"
2019-06-28 12:25:00.000000000,QUERY_SPREAD,79
2019-06-28 12:25:00.000000000,BEST_BID,"JPM,99582,199"
2019-06-28 12:25:00.000000000,BEST_ASK,"JPM,99836,212"
2019-06-28 12:25:00.000000000,LAST_TRADE,"1,$99582.0000"
2019-06-28 12:25:00.000000000,QUERY_SPREAD,80
2019-06-28 12:25:00.000000000,BEST_BID,"JPM,99582,194"
2019-06-28 12:25:00.000000000,BEST_ASK,"JPM,99836,212"
2019-06-28 12:25:00.000000000,LAST_TRADE,"5,$99582.0000"
2019-06-28 12:25:00.000000000,QUERY_SPREAD,81
2019-06-28 12:25:00.000000000,BEST_BID,"JPM,99582,189"
2019-06-28 12:25:00.000000000,BEST_ASK,"JPM,99836,212"
2019-06-28 12:25:00.000000000,LAST_TRADE,"5,$99582.0000"
2019-06-28 12:25:00.000000000,QUERY_SPREAD,82
2019-06-28 12:25:00.000000000,BEST_BID,"JPM,99582,183"
2019-06-28 12:25:00.000000000,BEST_ASK,"JPM,99836,212"
2019-06-28 12:25:00.000000000,LAST_TRADE,"6,$99582.0000"
2019-06-28 12:25:00.000000000,QUERY_SPREAD,83
2019-06-28 12:25:00.000000000,BEST_BID,"JPM,99582,179"
2019-06-28 12:25:00.000000000,BEST_ASK,"JPM,99836,212"
2019-06-28 12:25:00.000000000,LAST_TRADE,"4,$99582.0000"
2019-06-28 12:25:00.000000000,QUERY_SPREAD,84
2019-06-28 12:25:00.000000000,BEST_BID,"JPM,99582,174"
2019-06-28 12:25:00.000000000,BEST_ASK,"JPM,99836,212"
2019-06-28 12:25:00.000000000,LAST_TRADE,"5,$99582.0000"
2019-06-28 12:25:00.000000000,QUERY_SPREAD,85
2019-06-28 12:25:00.000000000,BEST_BID,"JPM,99582,169"
2019-06-28 12:25:00.000000000,BEST_ASK,"JPM,99836,212"
2019-06-28 12:25:00.000000000,LAST_TRADE,"5,$99582.0000"
2019-06-28 12:25:00.000000000,QUERY_SPREAD,86
2019-06-28 12:25:00.000000000,BEST_BID,"JPM,99582,160"
2019-06-28 12:25:00.000000000,BEST_ASK,"JPM,99836,212"
2019-06-28 12:25:00.000000000,LAST_TRADE,"9,$99582.0000"
2019-06-28 12:25:00.000000000,QUERY_SPREAD,87
2019-06-28 12:25:00.000000000,BEST_BID,"JPM,99582,158"
2019-06-28 12:25:00.000000000,BEST_ASK,"JPM,99836,212"
2019-06-28 12:25:00.000000000,LAST_TRADE,"2,$99582.0000"
2019-06-28 12:25:00.000000000,QUERY_SPREAD,88
2019-06-28 12:25:00.000000000,BEST_BID,"JPM,99582,150"
2019-06-28 12:25:00.000000000,BEST_ASK,"JPM,99836,212"
2019-06-28 12:25:00.000000000,LAST_TRADE,"8,$99582.0000"
2019-06-28 12:25:00.000000000,QUERY_SPREAD,89
2019-06-28 12:25:00.000000000,BEST_BID,"JPM,99582,143"
2019-06-28 12:25:00.000000000,BEST_ASK,"JPM,99836,212"
2019-06-28 12:25:00.000000000,LAST_TRADE,"7,$99582.0000"
2019-06-28 12:25:00.000000000,QUERY_SPREAD,90
2019-06-28 12:25:00.000000000,BEST_BID,"JPM,99582,137"
2019-06-28 12:25:00.000000000,BEST_ASK,"JPM,99836,212"
2019-06-28 12:25:00.000000000,LAST_TRADE,"6,$99582.0000"
2019-06-28 12:25:00.000000000,QUERY_SPREAD,91
2019-06-28 12:25:00.000000000,BEST_BID,"JPM,99582,132"
2019-06-28 12:25:00.000000000,BEST_ASK,"JPM,99836,212"
2019-06-28 12:25:00.000000000,LAST_TRADE,"5,$99582.0000"
2019-06-28 12:25:00.000000000,QUERY_SPREAD,92
2019-06-28 12:25:00.000000000,BEST_BID,"JPM,99582,131"
2019-06-28 12:25:00.000000000,BEST_ASK,"JPM,99836,212"
2019-06-28 12:25:00.000000000,LAST_TRADE,"1,$99582.0000"
2019-06-28 12:25:00.000000000,QUERY_SPREAD,93
2019-06-28 12:25:00.000000000,BEST_BID,"JPM,99582,129"
2019-06-28 12:25:00.000000000,BEST_ASK,"JPM,99836,212"
2019-06-28 12:25:00.000000000,LAST_TRADE,"2,$99582.0000"
2019-06-28 12:25:00.000000000,QUERY_SPREAD,94
2019-06-28 12:25:00.000000000,BEST_BID,"JPM,99582,127"
2019-06-28 12:25:00.000000000,BEST_ASK,"JPM,99836,212"
2019-06-28 12:25:00.000000000,LAST_TRADE,"2,$99582.0000"
2019-06-28 12:25:00.000000000,QUERY_SPREAD,95
2019-06-28 12:25:00.000000000,BEST_BID,"JPM,99582,120"
2019-06-28 12:25:00.000000000,BEST_ASK,"JPM,99836,212"
2019-06-28 12:25:00.000000000,LAST_TRADE,"7,$99582.0000"
2019-06-28 12:25:00.000000000,QUERY_SPREAD,96
2019-06-28 12:25:00.000000000,BEST_BID,"JPM,99582,113"
2019-06-28 12:25:00.000000000,BEST_ASK,"JPM,99836,212"
2019-06-28 12:25:00.000000000,LAST_TRADE,"7,$99582.0000"
2019-06-28 12:25:00.000000000,QUERY_SPREAD,97
2019-06-28 12:25:00.000000000,BEST_BID,"JPM,99582,107"
2019-06-28 12:25:00.000000000,BEST_ASK,"JPM,99836,212"
2019-06-28 12:25:00.000000000,LAST_TRADE,"6,$99582.0000"
2019-06-28 12:25:00.000000000,QUERY_SPREAD,98
2019-06-28 12:25:00.000000000,BEST_BID,"JPM,99582,103"
2019-06-28 12:25:00.000000000,BEST_ASK,"JPM,99836,212"
2019-06-28 12:25:00.000000000,LAST_TRADE,"4,$99582.0000"
2019-06-28 12:25:00.000000000,QUERY_SPREAD,99
2019-06-28 12:25:00.000000000,BEST_BID,"JPM,99582,101"
2019-06-28 12:25:00.000000000,BEST_ASK,"JPM,99836,212"
2019-06-28 12:25:00.000000000,LAST_TRADE,"2,$99582.0000"
2019-06-28 12:25:00.000000000,QUERY_SPREAD,100
2019-06-28 12:25:00.000000000,BEST_BID,"JPM,99582,95"
2019-06-28 12:25:00.000000000,BEST_ASK,"JPM,99836,212"
2019-06-28 12:25:00.000000000,LAST_TRADE,"6,$99582.0000"
2019-06-28 12:25:00.000000000,QUERY_SPREAD,101
2019-06-28 12:25:00.000000000,QUERY_ORDER_STREAM,101
2019-06-28 12:25:10.000000000,QUERY_SPREAD,1
2019-06-28 12:25:10.000000000,BEST_BID,"JPM,99273,182"
2019-06-28 12:25:10.000000000,BEST_ASK,"JPM,99836,100"
2019-06-28 12:25:10.000000000,BEST_BID,"JPM,99273,182"
2019-06-28 12:25:10.000000000,BEST_ASK,"JPM,99836,100"
2019-06-28 12:25:10.000000000,BEST_BID,"JPM,99273,182"
2019-06-28 12:25:10.000000000,BEST_ASK,"JPM,99836,100"
2019-06-28 12:25:10.000000000,BEST_BID,"JPM,99273,182"
2019-06-28 12:25:10.000000000,BEST_ASK,"JPM,99836,100"
2019-06-28 12:25:10.000000000,BEST_BID,"JPM,99273,182"
2019-06-28 12:25:10.000000000,BEST_ASK,"JPM,99836,182"
2019-06-28 12:25:10.000000000,BEST_BID,"JPM,99273,182"
2019-06-28 12:25:10.000000000,BEST_ASK,"JPM,99836,182"
2019-06-28 12:25:10.000000000,BEST_BID,"JPM,99273,182"
2019-06-28 12:25:10.000000000,BEST_ASK,"JPM,99836,182"
2019-06-28 12:25:10.000000000,BEST_BID,"JPM,99273,182"
2019-06-28 12:25:10.000000000,BEST_ASK,"JPM,99836,182"
2019-06-28 12:25:20.000000000,QUERY_SPREAD,1
2019-06-28 12:25:20.000000000,BEST_BID,"JPM,99273,264"
2019-06-28 12:25:20.000000000,BEST_ASK,"JPM,99836,100"
2019-06-28 12:25:20.000000000,BEST_BID,"JPM,99273,264"
2019-06-28 12:25:20.000000000,BEST_ASK,"JPM,99836,100"
2019-06-28 12:25:20.000000000,BEST_BID,"JPM,99273,264"
2019-06-28 12:25:20.000000000,BEST_ASK,"JPM,99836,264"
2019-06-28 12:25:20.000000000,BEST_BID,"JPM,99273,264"
2019-06-28 12:25:20.000000000,BEST_ASK,"JPM,99836,264"
2019-06-28 12:25:23.616894223,QUERY_SPREAD,42
2019-06-28 12:25:23.616894223,BEST_BID,"JPM,99273,264"
2019-06-28 12:25:23.616894223,BEST_ASK,"JPM,99836,164"
2019-06-28 12:25:23.616894223,LAST_TRADE,"100,$99836.0000"
2019-06-28 12:25:29.722575783,QUERY_ORDER_STREAM,68
2019-06-28 12:25:29.722575783,QUERY_SPREAD,68
2019-06-28 12:25:29.722575783,BEST_BID,"JPM,99582,100"
2019-06-28 12:25:29.722575783,BEST_ASK,"JPM,99836,164"
2019-06-28 12:25:30.000000000,QUERY_SPREAD,1
2019-06-28 12:25:30.000000000,BEST_BID,"JPM,99582,212"
2019-06-28 12:25:30.000000000,BEST_ASK,"JPM,99842,100"
2019-06-28 12:25:30.000000000,BEST_BID,"JPM,99582,212"
2019-06-28 12:25:30.000000000,BEST_ASK,"JPM,99842,100"
2019-06-28 12:25:30.000000000,BEST_BID,"JPM,99582,212"
2019-06-28 12:25:30.000000000,BEST_ASK,"JPM,99842,100"
2019-06-28 12:25:30.000000000,BEST_BID,"JPM,99582,212"
2019-06-28 12:25:30.000000000,BEST_ASK,"JPM,99842,212"
2019-06-28 12:25:30.000000000,BEST_BID,"JPM,99582,212"
2019-06-28 12:25:30.000000000,BEST_ASK,"JPM,99842,212"
2019-06-28 12:25:30.000000000,BEST_BID,"JPM,99582,212"
2019-06-28 12:25:30.000000000,BEST_ASK,"JPM,99842,212"
2019-06-28 12:25:40.000000000,QUERY_SPREAD,1
2019-06-28 12:25:40.000000000,BEST_BID,"JPM,99582,428"
2019-06-28 12:25:40.000000000,BEST_ASK,"JPM,99842,100"
2019-06-28 12:25:40.000000000,BEST_BID,"JPM,99582,428"
2019-06-28 12:25:40.000000000,BEST_ASK,"JPM,99842,428"
2019-06-28 12:25:44.727736340,QUERY_SPREAD,5
2019-06-28 12:25:44.727736340,BEST_BID,"JPM,99781,100"
2019-06-28 12:25:44.727736340,BEST_ASK,"JPM,99842,428"
2019-06-28 12:25:50.000000000,QUERY_SPREAD,1
2019-06-28 12:25:50.000000000,BEST_BID,"JPM,99781,212"
2019-06-28 12:25:50.000000000,BEST_ASK,"JPM,99842,100"
2019-06-28 12:25:50.000000000,BEST_BID,"JPM,99781,212"
2019-06-28 12:25:50.000000000,BEST_ASK,"JPM,99842,100"
2019-06-28 12:25:50.000000000,BEST_BID,"JPM,99781,212"
2019-06-28 12:25:50.000000000,BEST_ASK,"JPM,99842,100"
2019-06-28 12:25:50.000000000,BEST_BID,"JPM,99781,212"
2019-06-28 12:25:50.000000000,BEST_ASK,"JPM,99842,212"
2019-06-28 12:25:50.000000000,BEST_BID,"JPM,99781,212"
2019-06-28 12:25:50.000000000,BEST_ASK,"JPM,99842,212"
2019-06-28 12:25:50.000000000,BEST_BID,"JPM,99781,212"
2019-06-28 12:25:50.000000000,BEST_ASK,"JPM,99842,212"
2019-06-28 12:25:55.435365778,QUERY_SPREAD,43
2019-06-28 12:25:55.435365778,BEST_BID,"JPM,99781,212"
2019-06-28 12:25:55.435365778,BEST_ASK,"JPM,99842,212"
2019-06-28 12:26:00.000000000,QUERY_SPREAD,1
2019-06-28 12:26:00.000000000,BEST_BID,"JPM,99781,264"
2019-06-28 12:26:00.000000000,BEST_ASK,"JPM,99842,100"
2019-06-28 12:26:00.000000000,BEST_BID,"JPM,99781,264"
2019-06-28 12:26:00.000000000,BEST_ASK,"JPM,99842,100"
2019-06-28 12:26:00.000000000,BEST_BID,"JPM,99781,264"
2019-06-28 12:26:00.000000000,BEST_ASK,"JPM,99842,264"
2019-06-28 12:26:00.000000000,BEST_BID,"JPM,99781,264"
2019-06-28 12:26:00.000000000,BEST_ASK,"JPM,99842,264"
2019-06-28 12:26:00.000000000,QUERY_SPREAD,77
2019-06-28 12:26:00.000000000,BEST_BID,"JPM,99781,260"
2019-06-28 12:26:00.000000000,BEST_ASK,"JPM,99842,264"
2019-06-28 12:26:00.000000000,LAST_TRADE,"4,$99781.0000"
2019-06-28 12:26:00.000000000,QUERY_SPREAD,78
2019-06-28 12:26:00.000000000,BEST_BID,"JPM,99781,252"
2019-06-28 12:26:00.000000000,BEST_ASK,"JPM,99842,264"
2019-06-28 12:26:00.000000000,LAST_TRADE,"8,$99781.0000"
2019-06-28 12:26:00.000000000,QUERY_SPREAD,79
2019-06-28 12:26:00.000000000,BEST_BID,"JPM,99781,251"
2019-06-28 12:26:00.000000000,BEST_ASK,"JPM,99842,264"
2019-06-28 12:26:00.000000000,LAST_TRADE,"1,$99781.0000"
2019-06-28 12:26:00.000000000,QUERY_SPREAD,80
2019-06-28 12:26:00.000000000,BEST_BID,"JPM,99781,246"
2019-06-28 12:26:00.000000000,BEST_ASK,"JPM,99842,264"
2019-06-28 12:26:00.000000000,LAST_TRADE,"5,$99781.0000"
2019-06-28 12:26:00.000000000,QUERY_SPREAD,81
2019-06-28 12:26:00.000000000,BEST_BID,"JPM,99781,241"
2019-06-28 12:26:00.000000000,BEST_ASK,"JPM,99842,264"
2019-06-28 12:26:00.000000000,LAST_TRADE,"5,$99781.0000"
2019-06-28 12:26:00.000000000,QUERY_SPREAD,82
2019-06-28 12:26:00.000000000,BEST_BID,"JPM,99781,235"
2019-06-28 12:26:00.000000000,BEST_ASK,"JPM,99842,264"
2019-06-28 12:26:00.000000000,LAST_TRADE,"6,$99781.0000"
2019-06-28 12:26:00.000000000,QUERY_SPREAD,83
2019-06-28 12:26:00.000000000,BEST_BID,"JPM,99781,231"
2019-06-28 12:26:00.000000000,BEST_ASK,"JPM,99842,264"
2019-06-28 12:26:00.000000000,LAST_TRADE,"4,$99781.0000"
2019-06-28 12:26:00.000000000,QUERY_SPREAD,84
2019-06-28 12:26:00.000000000,BEST_BID,"JPM,99781,226"
2019-06-28 12:26:00.000000000,BEST_ASK,"JPM,99842,264"
2019-06-28 12:26:00.000000000,LAST_TRADE,"5,$99781.0000"
2019-06-28 12:26:00.000000000,QUERY_SPREAD,85
2019-06-28 12:26:00.000000000,BEST_BID,"JPM,99781,221"
2019-06-28 12:26:00.000000000,BEST_ASK,"JPM,99842,264"
2019-06-28 12:26:00.000000000,LAST_TRADE,"5,$99781.0000"
2019-06-28 12:26:00.000000000,QUERY_SPREAD,86
2019-06-28 12:26:00.000000000,BEST_BID,"JPM,99781,212"
2019-06-28 12:26:00.000000000,BEST_ASK,"JPM,99842,264"
2019-06-28 12:26:00.000000000,LAST_TRADE,"9,$99781.0000"
2019-06-28 12:26:00.000000000,QUERY_SPREAD,87
2019-06-28 12:26:00.000000000,BEST_BID,"JPM,99781,210"
2019-06-28 12:26:00.000000000,BEST_ASK,"JPM,99842,264"
2019-06-28 12:26:00.000000000,LAST_TRADE,"2,$99781.0000"
2019-06-28 12:26:00.000000000,QUERY_SPREAD,88
2019-06-28 12:26:00.000000000,BEST_BID,"JPM,99781,202"
2019-06-28 12:26:00.000000000,BEST_ASK,"JPM,99842,264"
2019-06-28 12:26:00.000000000,LAST_TRADE,"8,$99781.0000"
2019-06-28 12:26:00.000000000,QUERY_SPREAD,89
2019-06-28 12:26:00.000000000,BEST_BID,"JPM,99781,195"
2019-06-28 12:26:00.000000000,BEST_ASK,"JPM,99842,264"
2019-06-28 12:26:00.000000000,LAST_TRADE,"7,$99781.0000"
2019-06-28 12:26:00.000000000,QUERY_SPREAD,90
2019-06-28 12:26:00.000000000,BEST_BID,"JPM,99781,189"
2019-06-28 12:26:00.000000000,BEST_ASK,"JPM,99842,264"
2019-06-28 12:26:00.000000000,LAST_TRADE,"6,$99781.0000"
2019-06-28 12:26:00.000000000,QUERY_SPREAD,91
2019-06-28 12:26:00.000000000,BEST_BID,"JPM,99781,184"
2019-06-28 12:26:00.000000000,BEST_ASK,"JPM,99842,264"
2019-06-28 12:26:00.000000000,LAST_TRADE,"5,$99781.0000"
2019-06-28 12:26:00.000000000,QUERY_SPREAD,92
2019-06-28 12:26:00.000000000,BEST_BID,"JPM,99781,183"
2019-06-28 12:26:00.000000000,BEST_ASK,"JPM,99842,264"
2019-06-28 12:26:00.000000000,LAST_TRADE,"1,$99781.0000"
2019-06-28 12:26:00.000000000,QUERY_SPREAD,93
2019-06-28 12:26:00.000000000,BEST_BID,"JPM,99781,181"
2019-06-28 12:26:00.000000000,BEST_ASK,"JPM,99842,264"
2019-06-28 12:26:00.000000000,LAST_TRADE,"2,$99781.0000"
2019-06-28 12:26:00.000000000,QUERY_SPREAD,94
2019-06-28 12:26:00.000000000,BEST_BID,"JPM,99781,179"
2019-06-28 12:26:00.000000000,BEST_ASK,"JPM,99842,264"
2019-06-28 12:26:00.000000000,LAST_TRADE,"2,$99781.0000"
2019-06-28 12:26:00.000000000,QUERY_SPREAD,95
2019-06-28 12:26:00.000000000,BEST_BID,"JPM,99781,172"
2019-06-28 12:26:00.000000000,BEST_ASK,"JPM,99842,264"
2019-06-28 12:26:00.000000000,LAST_TRADE,"7,$99781.0000"
2019-06-28 12:26:00.000000000,QUERY_SPREAD,96
2019-06-28 12:26:00.000000000,BEST_BID,"JPM,99781,165"
2019-06-28 12:26:00.000000000,BEST_ASK,"JPM,99842,264"
2019-06-28 12:26:00.000000000,LAST_TRADE,"7,$99781.0000"
2019-06-28 12:26:00.000000000,QUERY_SPREAD,97
2019-06-28 12:26:00.000000000,BEST_BID,"JPM,99781,159"
2019-06-28 12:26:00.000000000,BEST_ASK,"JPM,99842,264"
2019-06-28 12:26:00.000000000,LAST_TRADE,"6,$99781.0000"
2019-06-28 12:26:00.000000000,QUERY_SPREAD,98
2019-06-28 12:26:00.000000000,BEST_BID,"JPM,99781,155"
2019-06-28 12:26:00.000000000,BEST_ASK,"JPM,99842,264"
2019-06-28 12:26:00.000000000,LAST_TRADE,"4,$99781.0000"
2019-06-28 12:26:00.000000000,QUERY_SPREAD,99
2019-06-28 12:26:00.000000000,BEST_BID,"JPM,99781,153"
2019-06-28 12:26:00.000000000,BEST_ASK,"JPM,99842,264"
2019-06-28 12:26:00.000000000,LAST_TRADE,"2,$99781.0000"
2019-06-28 12:26:00.000000000,QUERY_SPREAD,100
2019-06-28 12:26:00.000000000,BEST_BID,"JPM,99781,147"
2019-06-28 12:26:00.000000000,BEST_ASK,"JPM,99842,264"
2019-06-28 12:26:00.000000000,LAST_TRADE,"6,$99781.0000"
2019-06-28 12:26:00.000000000,QUERY_SPREAD,101
2019-06-28 12:26:00.000000000,QUERY_ORDER_STREAM,101
2019-06-28 12:26:10.000000000,QUERY_SPREAD,1
2019-06-28 12:26:10.000000000,BEST_BID,"JPM,99582,166"
2019-06-28 12:26:10.000000000,BEST_ASK,"JPM,99842,100"
2019-06-28 12:26:10.000000000,BEST_BID,"JPM,99582,166"
2019-06-28 12:26:10.000000000,BEST_ASK,"JPM,99842,100"
2019-06-28 12:26:10.000000000,BEST_BID,"JPM,99582,166"
2019-06-28 12:26:10.000000000,BEST_ASK,"JPM,99842,100"
2019-06-28 12:26:10.000000000,BEST_BID,"JPM,99582,166"
2019-06-28 12:26:10.000000000,BEST_ASK,"JPM,99842,100"
2019-06-28 12:26:10.000000000,BEST_BID,"JPM,99582,166"
2019-06-28 12:26:10.000000000,BEST_ASK,"JPM,99842,100"
2019-06-28 12:26:10.000000000,BEST_BID,"JPM,99582,166"
2019-06-28 12:26:10.000000000,BEST_ASK,"JPM,99842,166"
2019-06-28 12:26:10.000000000,BEST_BID,"JPM,99582,166"
2019-06-28 12:26:10.000000000,BEST_ASK,"JPM,99842,166"
2019-06-28 12:26:10.000000000,BEST_BID,"JPM,99582,166"
2019-06-28 12:26:10.000000000,BEST_ASK,"JPM,99842,166"
2019-06-28 12:26:10.000000000,BEST_BID,"JPM,99582,166"
2019-06-28 12:26:10.000000000,BEST_ASK,"JPM,99842,166"
2019-06-28 12:26:10.000000000,BEST_BID,"JPM,99582,166"
2019-06-28 12:26:10.000000000,BEST_ASK,"JPM,99842,166"
2019-06-28 12:26:15.805449162,QUERY_ORDER_STREAM,72
2019-06-28 12:26:15.805449162,QUERY_SPREAD,72
2019-06-28 12:26:20.000000000,QUERY_SPREAD,1
2019-06-28 12:26:20.000000000,BEST_BID,"JPM,99582,182"
2019-06-28 12:26:20.000000000,BEST_ASK,"JPM,99842,100"
2019-06-28 12:26:20.000000000,BEST_BID,"JPM,99582,182"
2019-06-28 12:26:20.000000000,BEST_ASK,"JPM,99842,100"
2019-06-28 12:26:20.000000000,BEST_BID,"JPM,99582,182"
2019-06-28 12:26:20.000000000,BEST_ASK,"JPM,99842,100"
2019-06-28 12:26:20.000000000,BEST_BID,"JPM,99582,182"
2019-06-28 12:26:20.000000000,BEST_ASK,"JPM,99842,100"
2019-06-28 12:26:20.000000000,BEST_BID,"JPM,99582,182"
2019-06-28 12:26:20.000000000,BEST_ASK,"JPM,99842,182"
2019-06-28 12:26:20.000000000,BEST_BID,"JPM,99582,182"
2019-06-28 12:26:20.000000000,BEST_ASK,"JPM,99842,182"
2019-06-28 12:26:20.000000000,BEST_BID,"JPM,99582,182"
2019-06-28 12:26:20.000000000,BEST_ASK,"JPM,99842,182"
2019-06-28 12:26:20.000000000,BEST_BID,"JPM,99582,182"
2019-06-28 12:26:20.000000000,BEST_ASK,"JPM,99842,182"
2019-06-28 12:26:28.417934944,QUERY_ORDER_STREAM,58
2019-06-28 12:26:28.417934944,QUERY_SPREAD,58
2019-06-28 12:26:28.417934944,BEST_BID,"JPM,99781,100"
2019-06-28 12:26:28.417934944,BEST_ASK,"JPM,99842,182"
2019-06-28 12:26:30.000000000,QUERY_SPREAD,1
2019-06-28 12:26:30.000000000,BEST_BID,"JPM,99781,264"
2019-06-28 12:26:30.000000000,BEST_ASK,"JPM,99842,100"
2019-06-28 12:26:30.000000000,BEST_BID,"JPM,99781,264"
2019-06-28 12:26:30.000000000,BEST_ASK,"JPM,99842,100"
2019-06-28 12:26:30.000000000,BEST_BID,"JPM,99781,264"
2019-06-28 12:26:30.000000000,BEST_ASK,"JPM,99842,264"
2019-06-28 12:26:30.000000000,BEST_BID,"JPM,99781,264"
2019-06-28 12:26:30.000000000,BEST_ASK,"JPM,99842,264"
2019-06-28 12:26:38.345053414,QUERY_SPREAD,15
2019-06-28 12:26:38.345053414,BEST_BID,"JPM,99781,164"
2019-06-28 12:26:38.345053414,BEST_ASK,"JPM,99842,264"
2019-06-28 12:26:38.345053414,LAST_TRADE,"100,$99781.0000"
2019-06-28 12:26:40.000000000,QUERY_SPREAD,1
2019-06-28 12:26:40.000000000,BEST_BID,"JPM,99582,166"
2019-06-28 12:26:40.000000000,BEST_ASK,"JPM,99842,100"
2019-06-28 12:26:40.000000000,BEST_BID,"JPM,99582,166"
2019-06-28 12:26:40.000000000,BEST_ASK,"JPM,99842,100"
2019-06-28 12:26:40.000000000,BEST_BID,"JPM,99582,166"
2019-06-28 12:26:40.000000000,BEST_ASK,"JPM,99842,100"
2019-06-28 12:26:40.000000000,BEST_BID,"JPM,99582,166"
2019-06-28 12:26:40.000000000,BEST_ASK,"JPM,99842,100"
2019-06-28 12:26:40.000000000,BEST_BID,"JPM,99582,166"
2019-06-28 12:26:40.000000000,BEST_ASK,"JPM,99842,100"
2019-06-28 12:26:40.000000000,BEST_BID,"JPM,99582,166"
2019-06-28 12:26:40.000000000,BEST_ASK,"JPM,99842,166"
2019-06-28 12:26:40.000000000,BEST_BID,"JPM,99582,166"
2019-06-28 12:26:40.000000000,BEST_ASK,"JPM,99842,166"
2019-06-28 12:26:40.000000000,BEST_BID,"JPM,99582,166"
2019-06-28 12:26:40.000000000,BEST_ASK,"JPM,99842,166"
2019-06-28 12:26:40.000000000,BEST_BID,"JPM,99582,166"
2019-06-28 12:26:40.000000000,BEST_ASK,"JPM,99842,166"
2019-06-28 12:26:40.000000000,BEST_BID,"JPM,99582,166"
2019-06-28 12:26:40.000000000,BEST_ASK,"JPM,99842,166"
2019-06-28 12:26:44.336987112,QUERY_SPREAD,25
2019-06-28 12:26:44.336987112,BEST_BID,"JPM,99828,100"
2019-06-28 12:26:44.336987112,BEST_ASK,"JPM,99842,166"
2019-06-28 12:26:50.000000000,QUERY_SPREAD,1
2019-06-28 12:26:50.000000000,BEST_BID,"JPM,99828,264"
2019-06-28 12:26:50.000000000,BEST_ASK,"JPM,99842,100"
2019-06-28 12:26:50.000000000,BEST_BID,"JPM,99828,264"
2019-06-28 12:26:50.000000000,BEST_ASK,"JPM,99842,100"
2019-06-28 12:26:50.000000000,BEST_BID,"JPM,99828,264"
2019-06-28 12:26:50.000000000,BEST_ASK,"JPM,99842,264"
2019-06-28 12:26:50.000000000,BEST_BID,"JPM,99828,264"
2019-06-28 12:26:50.000000000,BEST_ASK,"JPM,99842,264"
2019-06-28 12:27:00.000000000,QUERY_SPREAD,1
2019-06-28 12:27:00.000000000,BEST_BID,"JPM,99828,212"
2019-06-28 12:27:00.000000000,BEST_ASK,"JPM,99842,100"
2019-06-28 12:27:00.000000000,BEST_BID,"JPM,99828,212"
2019-06-28 12:27:00.000000000,BEST_ASK,"JPM,99842,100"
2019-06-28 12:27:00.000000000,BEST_BID,"JPM,99828,212"
2019-06-28 12:27:00.000000000,BEST_ASK,"JPM,99842,100"
2019-06-28 12:27:00.000000000,BEST_BID,"JPM,99828,212"
2019-06-28 12:27:00.000000000,BEST_ASK,"JPM,99842,212"
2019-06-28 12:27:00.000000000,BEST_BID,"JPM,99828,212"
2019-06-28 12:27:00.000000000,BEST_ASK,"JPM,99842,212"
2019-06-28 12:27:00.000000000,BEST_BID,"JPM,99828,212"
2019-06-28 12:27:00.000000000,BEST_ASK,"JPM,99842,212"
2019-06-28 12:27:00.000000000,QUERY_SPREAD,77
2019-06-28 12:27:00.000000000,BEST_BID,"JPM,99828,208"
2019-06-28 12:27:00.000000000,BEST_ASK,"JPM,99842,212"
2019-06-28 12:27:00.000000000,LAST_TRADE,"4,$99828.0000"
2019-06-28 12:27:00.000000000,QUERY_SPREAD,78
2019-06-28 12:27:00.000000000,BEST_BID,"JPM,99828,200"
2019-06-28 12:27:00.000000000,BEST_ASK,"JPM,99842,212"
2019-06-28 12:27:00.000000000,LAST_TRADE,"8,$99828.0000"
2019-06-28 12:27:00.000000000,QUERY_SPREAD,79
2019-06-28 12:27:00.000000000,BEST_BID,"JPM,99828,199"
2019-06-28 12:27:00.000000000,BEST_ASK,"JPM,99842,212"
2019-06-28 12:27:00.000000000,LAST_TRADE,"1,$99828.0000"
2019-06-28 12:27:00.000000000,QUERY_SPREAD,80
2019-06-28 12:27:00.000000000,BEST_BID,"JPM,99828,194"
2019-06-28 12:27:00.000000000,BEST_ASK,"JPM,99842,212"
2019-06-28 12:27:00.000000000,LAST_TRADE,"5,$99828.0000"
2019-06-28 12:27:00.000000000,QUERY_SPREAD,81
2019-06-28 12:27:00.000000000,BEST_BID,"JPM,99828,189"
2019-06-28 12:27:00.000000000,BEST_ASK,"JPM,99842,212"
2019-06-28 12:27:00.000000000,LAST_TRADE,"5,$99828.0000"
2019-06-28 12:27:00.000000000,QUERY_SPREAD,82
2019-06-28 12:27:00.000000000,BEST_BID,"JPM,99828,183"
2019-06-28 12:27:00.000000000,BEST_ASK,"JPM,99842,212"
2019-06-28 12:27:00.000000000,LAST_TRADE,"6,$99828.0000"
2019-06-28 12:27:00.000000000,QUERY_SPREAD,83
2019-06-28 12:27:00.000000000,BEST_BID,"JPM,99828,179"
2019-06-28 12:27:00.000000000,BEST_ASK,"JPM,99842,212"
2019-06-28 12:27:00.000000000,LAST_TRADE,"4,$99828.0000"
2019-06-28 12:27:00.000000000,QUERY_SPREAD,84
2019-06-28 12:27:00.000000000,BEST_BID,"JPM,99828,174"
2019-06-28 12:27:00.000000000,BEST_ASK,"JPM,99842,212"
2019-06-28 12:27:00.000000000,LAST_TRADE,"5,$99828.0000"
2019-06-28 12:27:00.000000000,QUERY_SPREAD,85
2019-06-28 12:27:00.000000000,BEST_BID,"JPM,99828,169"
2019-06-28 12:27:00.000000000,BEST_ASK,"JPM,99842,212"
2019-06-28 12:27:00.000000000,LAST_TRADE,"5,$99828.0000"
2019-06-28 12:27:00.000000000,QUERY_SPREAD,86
2019-06-28 12:27:00.000000000,BEST_BID,"JPM,99828,160"
2019-06-28 12:27:00.000000000,BEST_ASK,"JPM,99842,212"
2019-06-28 12:27:00.000000000,LAST_TRADE,"9,$99828.0000"
2019-06-28 12:27:00.000000000,QUERY_SPREAD,87
2019-06-28 12:27:00.000000000,BEST_BID,"JPM,99828,158"
2019-06-28 12:27:00.000000000,BEST_ASK,"JPM,99842,212"
2019-06-28 12:27:00.000000000,LAST_TRADE,"2,$99828.0000"
2019-06-28 12:27:00.000000000,QUERY_SPREAD,88
2019-06-28 12:27:00.000000000,BEST_BID,"JPM,99828,150"
2019-06-28 12:27:00.000000000,BEST_ASK,"JPM,99842,212"
2019-06-28 12:27:00.000000000,LAST_TRADE,"8,$99828.0000"
2019-06-28 12:27:00.000000000,QUERY_SPREAD,89
2019-06-28 12:27:00.000000000,BEST_BID,"JPM,99828,143"
2019-06-28 12:27:00.000000000,BEST_ASK,"JPM,99842,212"
2019-06-28 12:27:00.000000000,LAST_TRADE,"7,$99828.0000"
2019-06-28 12:27:00.000000000,QUERY_SPREAD,90
2019-06-28 12:27:00.000000000,BEST_BID,"JPM,99828,137"
2019-06-28 12:27:00.000000000,BEST_ASK,"JPM,99842,212"
2019-06-28 12:27:00.000000000,LAST_TRADE,"6,$99828.0000"
2019-06-28 12:27:00.000000000,QUERY_SPREAD,91
2019-06-28 12:27:00.000000000,BEST_BID,"JPM,99828,132"
2019-06-28 12:27:00.000000000,BEST_ASK,"JPM,99842,212"
2019-06-28 12:27:00.000000000,LAST_TRADE,"5,$99828.0000"
2019-06-28 12:27:00.000000000,QUERY_SPREAD,92
2019-06-28 12:27:00.000000000,BEST_BID,"JPM,99828,131"
2019-06-28 12:27:00.000000000,BEST_ASK,"JPM,99842,212"
2019-06-28 12:27:00.000000000,LAST_TRADE,"1,$99828.0000"
2019-06-28 12:27:00.000000000,QUERY_SPREAD,93
2019-06-28 12:27:00.000000000,BEST_BID,"JPM,99828,129"
2019-06-28 12:27:00.000000000,BEST_ASK,"JPM,99842,212"
2019-06-28 12:27:00.000000000,LAST_TRADE,"2,$99828.0000"
2019-06-28 12:27:00.000000000,QUERY_SPREAD,94
2019-06-28 12:27:00.000000000,BEST_BID,"JPM,99828,127"
2019-06-28 12:27:00.000000000,BEST_ASK,"JPM,99842,212"
2019-06-28 12:27:00.000000000,LAST_TRADE,"2,$99828.0000"
2019-06-28 12:27:00.000000000,QUERY_SPREAD,95
2019-06-28 12:27:00.000000000,BEST_BID,"JPM,99828,120"
2019-06-28 12:27:00.000000000,BEST_ASK,"JPM,99842,212"
2019-06-28 12:27:00.000000000,LAST_TRADE,"7,$99828.0000"
2019-06-28 12:27:00.000000000,QUERY_SPREAD,96
2019-06-28 12:27:00.000000000,BEST_BID,"JPM,99828,113"
2019-06-28 12:27:00.000000000,BEST_ASK,"JPM,99842,212"
2019-06-28 12:27:00.000000000,LAST_TRADE,"7,$99828.0000"
2019-06-28 12:27:00.000000000,QUERY_SPREAD,97
2019-06-28 12:27:00.000000000,BEST_BID,"JPM,99828,107"
2019-06-28 12:27:00.000000000,BEST_ASK,"JPM,99842,212"
2019-06-28 12:27:00.000000000,LAST_TRADE,"6,$99828.0000"
2019-06-28 12:27:00.000000000,QUERY_SPREAD,98
2019-06-28 12:27:00.000000000,BEST_BID,"JPM,99828,103"
2019-06-28 12:27:00.000000000,BEST_ASK,"JPM,99842,212"
2019-06-28 12:27:00.000000000,LAST_TRADE,"4,$99828.0000"
2019-06-28 12:27:00.000000000,QUERY_SPREAD,99
2019-06-28 12:27:00.000000000,BEST_BID,"JPM,99828,101"
2019-06-28 12:27:00.000000000,BEST_ASK,"JPM,99842,212"
2019-06-28 12:27:00.000000000,LAST_TRADE,"2,$99828.0000"
2019-06-28 12:27:00.000000000,QUERY_SPREAD,100
2019-06-28 12:27:00.000000000,BEST_BID,"JPM,99828,95"
2019-06-28 12:27:00.000000000,BEST_ASK,"JPM,99842,212"
2019-06-28 12:27:00.000000000,LAST_TRADE,"6,$99828.0000"
2019-06-28 12:27:00.000000000,QUERY_SPREAD,101
2019-06-28 12:27:00.000000000,QUERY_ORDER_STREAM,101
2019-06-28 12:27:10.000000000,QUERY_SPREAD,1
2019-06-28 12:27:10.000000000,BEST_BID,"JPM,99582,182"
2019-06-28 12:27:10.000000000,BEST_ASK,"JPM,99842,100"
2019-06-28 12:27:10.000000000,BEST_BID,"JPM,99582,182"
2019-06-28 12:27:10.000000000,BEST_ASK,"JPM,99842,100"
2019-06-28 12:27:10.000000000,BEST_BID,"JPM,99582,182"
2019-06-28 12:27:10.000000000,BEST_ASK,"JPM,99842,100"
2019-06-28 12:27:10.000000000,BEST_BID,"JPM,99582,182"
2019-06-28 12:27:10.000000000,BEST_ASK,"JPM,99842,100"
2019-06-28 12:27:10.000000000,BEST_BID,"JPM,99582,182"
2019-06-28 12:27:10.000000000,BEST_ASK,"JPM,99842,182"
2019-06-28 12:27:10.000000000,BEST_BID,"JPM,99582,182"
2019-06-28 12:27:10.000000000,BEST_ASK,"JPM,99842,182"
2019-06-28 12:27:10.000000000,BEST_BID,"JPM,99582,182"
2019-06-28 12:27:10.000000000,BEST_ASK,"JPM,99842,182"
2019-06-28 12:27:10.000000000,BEST_BID,"JPM,99582,182"
2019-06-28 12:27:10.000000000,BEST_ASK,"JPM,99842,182"
2019-06-28 12:27:20.000000000,QUERY_SPREAD,1
2019-06-28 12:27:20.000000000,BEST_BID,"JPM,99582,166"
2019-06-28 12:27:20.000000000,BEST_ASK,"JPM,99842,100"
2019-06-28 12:27:20.000000000,BEST_BID,"JPM,99582,166"
2019-06-28 12:27:20.000000000,BEST_ASK,"JPM,99842,100"
2019-06-28 12:27:20.000000000,BEST_BID,"JPM,99582,166"
2019-06-28 12:27:20.000000000,BEST_ASK,"JPM,99842,100"
2019-06-28 12:27:20.000000000,BEST_BID,"JPM,99582,166"
2019-06-28 12:27:20.000000000,BEST_ASK,"JPM,99842,100"
2019-06-28 12:27:20.000000000,BEST_BID,"JPM,99582,166"
2019-06-28 12:27:20.000000000,BEST_ASK,"JPM,99842,100"
2019-06-28 12:27:20.000000000,BEST_BID,"JPM,99582,166"
2019-06-28 12:27:20.000000000,BEST_ASK,"JPM,99842,166"
2019-06-28 12:27:20.000000000,BEST_BID,"JPM,99582,166"
2019-06-28 12:27:20.000000000,BEST_ASK,"JPM,99842,166"
2019-06-28 12:27:20.000000000,BEST_BID,"JPM,99582,166"
2019-06-28 12:27:20.000000000,BEST_ASK,"JPM,99842,166"
2019-06-28 12:27:20.000000000,BEST_BID,"JPM,99582,166"
2019-06-28 12:27:20.000000000,BEST_ASK,"JPM,99842,166"
2019-06-28 12:27:20.000000000,BEST_BID,"JPM,99582,166"
2019-06-28 12:27:20.000000000,BEST_ASK,"JPM,99842,166"
2019-06-28 12:27:30.000000000,QUERY_SPREAD,1
2019-06-28 12:27:30.000000000,BEST_BID,"JPM,99582,212"
2019-06-28 12:27:30.000000000,BEST_ASK,"JPM,99842,100"
2019-06-28 12:27:30.000000000,BEST_BID,"JPM,99582,212"
2019-06-28 12:27:30.000000000,BEST_ASK,"JPM,99842,100"
2019-06-28 12:27:30.000000000,BEST_BID,"JPM,99582,212"
2019-06-28 12:27:30.000000000,BEST_ASK,"JPM,99842,100"
2019-06-28 12:27:30.000000000,BEST_BID,"JPM,99582,212"
2019-06-28 12:27:30.000000000,BEST_ASK,"JPM,99842,212"
2019-06-28 12:27:30.000000000,BEST_BID,"JPM,99582,212"
2019-06-28 12:27:30.000000000,BEST_ASK,"JPM,99842,212"
2019-06-28 12:27:30.000000000,BEST_BID,"JPM,99582,212"
2019-06-28 12:27:30.000000000,BEST_ASK,"JPM,99842,212"
2019-06-28 12:27:33.028990432,QUERY_SPREAD,47
2019-06-28 12:27:33.028990432,BEST_BID,"JPM,99703,100"
2019-06-28 12:27:33.028990432,BEST_ASK,"JPM,99842,212"
2019-06-28 12:27:35.370958982,QUERY_SPREAD,40
2019-06-28 12:27:35.370958982,BEST_BID,"JPM,99703,100"
2019-06-28 12:27:35.370958982,BEST_ASK,"JPM,99842,212"
2019-06-28 12:27:40.000000000,QUERY_SPREAD,1
2019-06-28 12:27:40.000000000,BEST_BID,"JPM,99703,182"
2019-06-28 12:27:40.000000000,BEST_ASK,"JPM,99842,100"
2019-06-28 12:27:40.000000000,BEST_BID,"JPM,99703,182"
2019-06-28 12:27:40.000000000,BEST_ASK,"JPM,99842,100"
2019-06-28 12:27:40.000000000,BEST_BID,"JPM,99703,182"
2019-06-28 12:27:40.000000000,BEST_ASK,"JPM,99842,100"
2019-06-28 12:27:40.000000000,BEST_BID,"JPM,99703,182"
2019-06-28 12:27:40.000000000,BEST_ASK,"JPM,99842,100"
2019-06-28 12:27:40.000000000,BEST_BID,"JPM,99703,182"
2019-06-28 12:27:40.000000000,BEST_ASK,"JPM,99842,182"
2019-06-28 12:27:40.000000000,BEST_BID,"JPM,99703,182"
2019-06-28 12:27:40.000000000,BEST_ASK,"JPM,99842,182"
2019-06-28 12:27:40.000000000,BEST_BID,"JPM,99703,182"
2019-06-28 12:27:40.000000000,BEST_ASK,"JPM,99842,182"
2019-06-28 12:27:40.000000000,BEST_BID,"JPM,99703,182"
2019-06-28 12:27:40.000000000,BEST_ASK,"JPM,99842,182"
2019-06-28 12:27:46.567695381,QUERY_SPREAD,16
2019-06-28 12:27:46.567695381,BEST_BID,"JPM,99703,182"
2019-06-28 12:27:46.567695381,BEST_ASK,"JPM,99842,82"
2019-06-28 12:27:46.567695381,LAST_TRADE,"100,$99842.0000"
2019-06-28 12:27:50.000000000,QUERY_SPREAD,1
2019-06-28 12:27:50.000000000,BEST_BID,"JPM,99703,212"
2019-06-28 12:27:50.000000000,BEST_ASK,"JPM,99892,100"
2019-06-28 12:27:50.000000000,BEST_BID,"JPM,99703,212"
2019-06-28 12:27:50.000000000,BEST_ASK,"JPM,99892,100"
2019-06-28 12:27:50.000000000,BEST_BID,"JPM,99703,212"
2019-06-28 12:27:50.000000000,BEST_ASK,"JPM,99892,100"
2019-06-28 12:27:50.000000000,BEST_BID,"JPM,99703,212"
2019-06-28 12:27:50.000000000,BEST_ASK,"JPM,99892,212"
2019-06-28 12:27:50.000000000,BEST_BID,"JPM,99703,212"
2019-06-28 12:27:50.000000000,BEST_ASK,"JPM,99892,212"
2019-06-28 12:27:50.000000000,BEST_BID,"JPM,99703,212"
2019-06-28 12:27:50.000000000,BEST_ASK,"JPM,99892,212"
2019-06-28 12:27:59.814980852,QUERY_SPREAD,44
2019-06-28 12:27:59.814980852,BEST_BID,"JPM,99703,212"
2019-06-28 12:27:59.814980852,BEST_ASK,"JPM,99892,112"
2019-06-28 12:27:59.814980852,LAST_TRADE,"100,$99892.0000"
2019-06-28 12:28:00.000000000,QUERY_SPREAD,1
2019-06-28 12:28:00.000000000,BEST_BID,"JPM,99703,264"
2019-06-28 12:28:00.000000000,BEST_ASK,"JPM,99956,100"
2019-06-28 12:28:00.000000000,BEST_BID,"JPM,99703,264"
2019-06-28 12:28:00.000000000,BEST_ASK,"JPM,99956,100"
2019-06-28 12:28:00.000000000,BEST_BID,"JPM,99703,264"
2019-06-28 12:28:00.000000000,BEST_ASK,"JPM,99956,264"
2019-06-28 12:28:00.000000000,BEST_BID,"JPM,99703,264"
2019-06-28 12:28:00.000000000,BEST_ASK,"JPM,99956,264"
2019-06-28 12:28:00.000000000,QUERY_SPREAD,77
2019-06-28 12:28:00.000000000,BEST_BID,"JPM,99703,260"
2019-06-28 12:28:00.000000000,BEST_ASK,"JPM,99956,264"
2019-06-28 12:28:00.000000000,LAST_TRADE,"4,$99703.0000"
2019-06-28 12:28:00.000000000,QUERY_SPREAD,78
2019-06-28 12:28:00.000000000,BEST_BID,"JPM,99703,252"
2019-06-28 12:28:00.000000000,BEST_ASK,"JPM,99956,264"
2019-06-28 12:28:00.000000000,LAST_TRADE,"8,$99703.0000"
2019-06-28 12:28:00.000000000,QUERY_SPREAD,79
2019-06-28 12:28:00.000000000,BEST_BID,"JPM,99703,251"
2019-06-28 12:28:00.000000000,BEST_ASK,"JPM,99956,264"
2019-06-28 12:28:00.000000000,LAST_TRADE,"1,$99703.0000"
2019-06-28 12:28:00.000000000,QUERY_SPREAD,80
2019-06-28 12:28:00.000000000,BEST_BID,"JPM,99703,246"
2019-06-28 12:28:00.000000000,BEST_ASK,"JPM,99956,264"
2019-06-28 12:28:00.000000000,LAST_TRADE,"5,$99703.0000"
2019-06-28 12:28:00.000000000,QUERY_SPREAD,81
2019-06-28 12:28:00.000000000,BEST_BID,"JPM,99703,241"
2019-06-28 12:28:00.000000000,BEST_ASK,"JPM,99956,264"
2019-06-28 12:28:00.000000000,LAST_TRADE,"5,$99703.0000"
2019-06-28 12:28:00.000000000,QUERY_SPREAD,82
2019-06-28 12:28:00.000000000,BEST_BID,"JPM,99703,235"
2019-06-28 12:28:00.000000000,BEST_ASK,"JPM,99956,264"
2019-06-28 12:28:00.000000000,LAST_TRADE,"6,$99703.0000"
2019-06-28 12:28:00.000000000,QUERY_SPREAD,83
2019-06-28 12:28:00.000000000,BEST_BID,"JPM,99703,231"
2019-06-28 12:28:00.000000000,BEST_ASK,"JPM,99956,264"
2019-06-28 12:28:00.000000000,LAST_TRADE,"4,$99703.0000"
2019-06-28 12:28:00.000000000,QUERY_SPREAD,84
2019-06-28 12:28:00.000000000,BEST_BID,"JPM,99703,226"
2019-06-28 12:28:00.000000000,BEST_ASK,"JPM,99956,264"
2019-06-28 12:28:00.000000000,LAST_TRADE,"5,$99703.0000"
2019-06-28 12:28:00.000000000,QUERY_SPREAD,85
2019-06-28 12:28:00.000000000,BEST_BID,"JPM,99703,221"
2019-06-28 12:28:00.000000000,BEST_ASK,"JPM,99956,264"
2019-06-28 12:28:00.000000000,LAST_TRADE,"5,$99703.0000"
2019-06-28 12:28:00.000000000,QUERY_SPREAD,86
2019-06-28 12:28:00.000000000,BEST_BID,"JPM,99703,212"
2019-06-28 12:28:00.000000000,BEST_ASK,"JPM,99956,264"
2019-06-28 12:28:00.000000000,LAST_TRADE,"9,$99703.0000"
2019-06-28 12:28:00.000000000,QUERY_SPREAD,87
2019-06-28 12:28:00.000000000,BEST_BID,"JPM,99703,210"
2019-06-28 12:28:00.000000000,BEST_ASK,"JPM,99956,264"
2019-06-28 12:28:00.000000000,LAST_TRADE,"2,$99703.0000"
2019-06-28 12:28:00.000000000,QUERY_SPREAD,88
2019-06-28 12:28:00.000000000,BEST_BID,"JPM,99703,202"
2019-06-28 12:28:00.000000000,BEST_ASK,"JPM,99956,264"
2019-06-28 12:28:00.000000000,LAST_TRADE,"8,$99703.0000"
2019-06-28 12:28:00.000000000,QUERY_SPREAD,89
2019-06-28 12:28:00.000000000,BEST_BID,"JPM,99703,195"
2019-06-28 12:28:00.000000000,BEST_ASK,"JPM,99956,264"
2019-06-28 12:28:00.000000000,LAST_TRADE,"7,$99703.0000"
2019-06-28 12:28:00.000000000,QUERY_SPREAD,90
2019-06-28 12:28:00.000000000,BEST_BID,"JPM,99703,189"
2019-06-28 12:28:00.000000000,BEST_ASK,"JPM,99956,264"
2019-06-28 12:28:00.000000000,LAST_TRADE,"6,$99703.0000"
2019-06-28 12:28:00.000000000,QUERY_SPREAD,91
2019-06-28 12:28:00.000000000,BEST_BID,"JPM,99703,184"
2019-06-28 12:28:00.000000000,BEST_ASK,"JPM,99956,264"
2019-06-28 12:28:00.000000000,LAST_TRADE,"5,$99703.0000"
2019-06-28 12:28:00.000000000,QUERY_SPREAD,92
2019-06-28 12:28:00.000000000,BEST_BID,"JPM,99703,183"
2019-06-28 12:28:00.000000000,BEST_ASK,"JPM,99956,264"
2019-06-28 12:28:00.000000000,LAST_TRADE,"1,$99703.0000"
2019-06-28 12:28:00.000000000,QUERY_SPREAD,93
2019-06-28 12:28:00.000000000,BEST_BID,"JPM,99703,181"
2019-06-28 12:28:00.000000000,BEST_ASK,"JPM,99956,264"
2019-06-28 12:28:00.000000000,LAST_TRADE,"2,$99703.0000"
2019-06-28 12:28:00.000000000,QUERY_SPREAD,94
2019-06-28 12:28:00.000000000,BEST_BID,"JPM,99703,179"
2019-06-28 12:28:00.000000000,BEST_ASK,"JPM,99956,264"
2019-06-28 12:28:00.000000000,LAST_TRADE,"2,$99703.0000"
2019-06-28 12:28:00.000000000,QUERY_SPREAD,95
2019-06-28 12:28:00.000000000,BEST_BID,"JPM,99703,172"
2019-06-28 12:28:00.000000000,BEST_ASK,"JPM,99956,264"
2019-06-28 12:28:00.000000000,LAST_TRADE,"7,$99703.0000"
2019-06-28 12:28:00.000000000,QUERY_SPREAD,96
2019-06-28 12:28:00.000000000,BEST_BID,"JPM,99703,165"
2019-06-28 12:28:00.000000000,BEST_ASK,"JPM,99956,264"
2019-06-28 12:28:00.000000000,LAST_TRADE,"7,$99703.0000"
2019-06-28 12:28:00.000000000,QUERY_SPREAD,97
2019-06-28 12:28:00.000000000,BEST_BID,"JPM,99703,159"
2019-06-28 12:28:00.000000000,BEST_ASK,"JPM,99956,264"
2019-06-28 12:28:00.000000000,LAST_TRADE,"6,$99703.0000"
2019-06-28 12:28:00.000000000,QUERY_SPREAD,98
2019-06-28 12:28:00.000000000,BEST_BID,"JPM,99703,155"
2019-06-28 12:28:00.000000000,BEST_ASK,"JPM,99956,264"
2019-06-28 12:28:00.000000000,LAST_TRADE,"4,$99703.0000"
2019-06-28 12:28:00.000000000,QUERY_SPREAD,99
2019-06-28 12:28:00.000000000,BEST_BID,"JPM,99703,153"
2019-06-28 12:28:00.000000000,BEST_ASK,"JPM,99956,264"
2019-06-28 12:28:00.000000000,LAST_TRADE,"2,$99703.0000"
2019-06-28 12:28:00.000000000,QUERY_SPREAD,100
2019-06-28 12:28:00.000000000,BEST_BID,"JPM,99703,147"
2019-06-28 12:28:00.000000000,BEST_ASK,"JPM,99956,264"
2019-06-28 12:28:00.000000000,LAST_TRADE,"6,$99703.0000"
2019-06-28 12:28:00.000000000,QUERY_SPREAD,101
2019-06-28 12:28:00.000000000,QUERY_ORDER_STREAM,101
2019-06-28 12:28:04.890295788,QUERY_ORDER_STREAM,63
2019-06-28 12:28:04.890295788,QUERY_SPREAD,63
2019-06-28 12:28:10.000000000,QUERY_SPREAD,1
2019-06-28 12:28:10.000000000,BEST_BID,"JPM,99582,166"
2019-06-28 12:28:10.000000000,BEST_ASK,"JPM,99956,100"
2019-06-28 12:28:10.000000000,BEST_BID,"JPM,99582,166"
2019-06-28 12:28:10.000000000,BEST_ASK,"JPM,99956,100"
2019-06-28 12:28:10.000000000,BEST_BID,"JPM,99582,166"
2019-06-28 12:28:10.000000000,BEST_ASK,"JPM,99956,100"
2019-06-28 12:28:10.000000000,BEST_BID,"JPM,99582,166"
2019-06-28 12:28:10.000000000,BEST_ASK,"JPM,99956,100"
2019-06-28 12:28:10.000000000,BEST_BID,"JPM,99582,166"
2019-06-28 12:28:10.000000000,BEST_ASK,"JPM,99956,100"
2019-06-28 12:28:10.000000000,BEST_BID,"JPM,99582,166"
2019-06-28 12:28:10.000000000,BEST_ASK,"JPM,99956,166"
2019-06-28 12:28:10.000000000,BEST_BID,"JPM,99582,166"
2019-06-28 12:28:10.000000000,BEST_ASK,"JPM,99956,166"
2019-06-28 12:28:10.000000000,BEST_BID,"JPM,99582,166"
2019-06-28 12:28:10.000000000,BEST_ASK,"JPM,99956,166"
2019-06-28 12:28:10.000000000,BEST_BID,"JPM,99582,166"
2019-06-28 12:28:10.000000000,BEST_ASK,"JPM,99956,166"
2019-06-28 12:28:10.000000000,BEST_BID,"JPM,99582,166"
2019-06-28 12:28:10.000000000,BEST_ASK,"JPM,99956,166"
2019-06-28 12:28:20.000000000,QUERY_SPREAD,1
2019-06-28 12:28:20.000000000,BEST_BID,"JPM,99582,212"
2019-06-28 12:28:20.000000000,BEST_ASK,"JPM,99956,100"
2019-06-28 12:28:20.000000000,BEST_BID,"JPM,99582,212"
2019-06-28 12:28:20.000000000,BEST_ASK,"JPM,99956,100"
2019-06-28 12:28:20.000000000,BEST_BID,"JPM,99582,212"
2019-06-28 12:28:20.000000000,BEST_ASK,"JPM,99956,100"
2019-06-28 12:28:20.000000000,BEST_BID,"JPM,99582,212"
2019-06-28 12:28:20.000000000,BEST_ASK,"JPM,99956,212"
2019-06-28 12:28:20.000000000,BEST_BID,"JPM,99582,212"
2019-06-28 12:28:20.000000000,BEST_ASK,"JPM,99956,212"
2019-06-28 12:28:20.000000000,BEST_BID,"JPM,99582,212"
2019-06-28 12:28:20.000000000,BEST_ASK,"JPM,99956,212"
2019-06-28 12:28:30.000000000,QUERY_SPREAD,1
2019-06-28 12:28:30.000000000,BEST_BID,"JPM,99582,264"
2019-06-28 12:28:30.000000000,BEST_ASK,"JPM,99956,100"
2019-06-28 12:28:30.000000000,BEST_BID,"JPM,99582,264"
2019-06-28 12:28:30.000000000,BEST_ASK,"JPM,99956,100"
2019-06-28 12:28:30.000000000,BEST_BID,"JPM,99582,264"
2019-06-28 12:28:30.000000000,BEST_ASK,"JPM,99956,264"
2019-06-28 12:28:30.000000000,BEST_BID,"JPM,99582,264"
2019-06-28 12:28:30.000000000,BEST_ASK,"JPM,99956,264"
2019-06-28 12:28:35.925458149,QUERY_ORDER_STREAM,56
2019-06-28 12:28:35.925458149,QUERY_SPREAD,56
2019-06-28 12:28:40.000000000,QUERY_SPREAD,1
2019-06-28 12:28:40.000000000,BEST_BID,"JPM,99582,212"
2019-06-28 12:28:40.000000000,BEST_ASK,"JPM,99956,100"
2019-06-28 12:28:40.000000000,BEST_BID,"JPM,99582,212"
2019-06-28 12:28:40.000000000,BEST_ASK,"JPM,99956,100"
2019-06-28 12:28:40.000000000,BEST_BID,"JPM,99582,212"
2019-06-28 12:28:40.000000000,BEST_ASK,"JPM,99956,100"
2019-06-28 12:28:40.000000000,BEST_BID,"JPM,99582,212"
2019-06-28 12:28:40.000000000,BEST_ASK,"JPM,99956,212"
2019-06-28 12:28:40.000000000,BEST_BID,"JPM,99582,212"
2019-06-28 12:28:40.000000000,BEST_ASK,"JPM,99956,212"
2019-06-28 12:28:40.000000000,BEST_BID,"JPM,99582,212"
2019-06-28 12:28:40.000000000,BEST_ASK,"JPM,99956,212"
2019-06-28 12:28:50.000000000,QUERY_SPREAD,1
2019-06-28 12:28:50.000000000,BEST_BID,"JPM,99582,182"
2019-06-28 12:28:50.000000000,BEST_ASK,"JPM,99956,100"
2019-06-28 12:28:50.000000000,BEST_BID,"JPM,99582,182"
2019-06-28 12:28:50.000000000,BEST_ASK,"JPM,99956,100"
2019-06-28 12:28:50.000000000,BEST_BID,"JPM,99582,182"
2019-06-28 12:28:50.000000000,BEST_ASK,"JPM,99956,100"
2019-06-28 12:28:50.000000000,BEST_BID,"JPM,99582,182"
2019-06-28 12:28:50.000000000,BEST_ASK,"JPM,99956,100"
2019-06-28 12:28:50.000000000,BEST_BID,"JPM,99582,182"
2019-06-28 12:28:50.000000000,BEST_ASK,"JPM,99956,182"
2019-06-28 12:28:50.000000000,BEST_BID,"JPM,99582,182"
2019-06-28 12:28:50.000000000,BEST_ASK,"JPM,99956,182"
2019-06-28 12:28:50.000000000,BEST_BID,"JPM,99582,182"
2019-06-28 12:28:50.000000000,BEST_ASK,"JPM,99956,182"
2019-06-28 12:28:50.000000000,BEST_BID,"JPM,99582,182"
2019-06-28 12:28:50.000000000,BEST_ASK,"JPM,99956,182"
2019-06-28 12:28:55.613021361,QUERY_SPREAD,3
2019-06-28 12:28:55.613021361,BEST_BID,"JPM,99582,182"
2019-06-28 12:28:55.613021361,BEST_ASK,"JPM,99956,82"
2019-06-28 12:28:55.613021361,LAST_TRADE,"100,$99956.0000"
2019-06-28 12:29:00.000000000,QUERY_SPREAD,1
2019-06-28 12:29:00.000000000,BEST_BID,"JPM,99582,212"
2019-06-28 12:29:00.000000000,BEST_ASK,"JPM,100047,100"
2019-06-28 12:29:00.000000000,BEST_BID,"JPM,99582,212"
2019-06-28 12:29:00.000000000,BEST_ASK,"JPM,100047,100"
2019-06-28 12:29:00.000000000,BEST_BID,"JPM,99582,212"
2019-06-28 12:29:00.000000000,BEST_ASK,"JPM,100047,100"
2019-06-28 12:29:00.000000000,BEST_BID,"JPM,99582,212"
2019-06-28 12:29:00.000000000,BEST_ASK,"JPM,100047,212"
2019-06-28 12:29:00.000000000,BEST_BID,"JPM,99582,212"
2019-06-28 12:29:00.000000000,BEST_ASK,"JPM,100047,212"
2019-06-28 12:29:00.000000000,BEST_BID,"JPM,99582,212"
2019-06-28 12:29:00.000000000,BEST_ASK,"JPM,100047,212"
2019-06-28 12:29:00.000000000,QUERY_SPREAD,77
2019-06-28 12:29:00.000000000,BEST_BID,"JPM,99582,208"
2019-06-28 12:29:00.000000000,BEST_ASK,"JPM,100047,212"
2019-06-28 12:29:00.000000000,LAST_TRADE,"4,$99582.0000"
2019-06-28 12:29:00.000000000,QUERY_SPREAD,78
2019-06-28 12:29:00.000000000,BEST_BID,"JPM,99582,200"
2019-06-28 12:29:00.000000000,BEST_ASK,"JPM,100047,212"
2019-06-28 12:29:00.000000000,LAST_TRADE,"8,$99582.0000"
2019-06-28 12:29:00.000000000,QUERY_SPREAD,79
2019-06-28 12:29:00.000000000,BEST_BID,"JPM,99582,199"
2019-06-28 12:29:00.000000000,BEST_ASK,"JPM,100047,212"
2019-06-28 12:29:00.000000000,LAST_TRADE,"1,$99582.0000"
2019-06-28 12:29:00.000000000,QUERY_SPREAD,80
2019-06-28 12:29:00.000000000,BEST_BID,"JPM,99582,194"
2019-06-28 12:29:00.000000000,BEST_ASK,"JPM,100047,212"
2019-06-28 12:29:00.000000000,LAST_TRADE,"5,$99582.0000"
2019-06-28 12:29:00.000000000,QUERY_SPREAD,81
2019-06-28 12:29:00.000000000,BEST_BID,"JPM,99582,189"
2019-06-28 12:29:00.000000000,BEST_ASK,"JPM,100047,212"
2019-06-28 12:29:00.000000000,LAST_TRADE,"5,$99582.0000"
2019-06-28 12:29:00.000000000,QUERY_SPREAD,82
2019-06-28 12:29:00.000000000,BEST_BID,"JPM,99582,183"
2019-06-28 12:29:00.000000000,BEST_ASK,"JPM,100047,212"
2019-06-28 12:29:00.000000000,LAST_TRADE,"6,$99582.0000"
2019-06-28 12:29:00.000000000,QUERY_SPREAD,83
2019-06-28 12:29:00.000000000,BEST_BID,"JPM,99582,179"
2019-06-28 12:29:00.000000000,BEST_ASK,"JPM,100047,212"
2019-06-28 12:29:00.000000000,LAST_TRADE,"4,$99582.0000"
2019-06-28 12:29:00.000000000,QUERY_SPREAD,84
2019-06-28 12:29:00.000000000,BEST_BID,"JPM,99582,174"
2019-06-28 12:29:00.000000000,BEST_ASK,"JPM,100047,212"
2019-06-28 12:29:00.000000000,LAST_TRADE,"5,$99582.0000"
2019-06-28 12:29:00.000000000,QUERY_SPREAD,85
2019-06-28 12:29:00.000000000,BEST_BID,"JPM,99582,169"
2019-06-28 12:29:00.000000000,BEST_ASK,"JPM,100047,212"
2019-06-28 12:29:00.000000000,LAST_TRADE,"5,$99582.0000"
2019-06-28 12:29:00.000000000,QUERY_SPREAD,86
2019-06-28 12:29:00.000000000,BEST_BID,"JPM,99582,160"
2019-06-28 12:29:00.000000000,BEST_ASK,"JPM,100047,212"
2019-06-28 12:29:00.000000000,LAST_TRADE,"9,$99582.0000"
2019-06-28 12:29:00.000000000,QUERY_SPREAD,87
2019-06-28 12:29:00.000000000,BEST_BID,"JPM,99582,158"
2019-06-28 12:29:00.000000000,BEST_ASK,"JPM,100047,212"
2019-06-28 12:29:00.000000000,LAST_TRADE,"2,$99582.0000"
2019-06-28 12:29:00.000000000,QUERY_SPREAD,88
2019-06-28 12:29:00.000000000,BEST_BID,"JPM,99582,150"
2019-06-28 12:29:00.000000000,BEST_ASK,"JPM,100047,212"
2019-06-28 12:29:00.000000000,LAST_TRADE,"8,$99582.0000"
2019-06-28 12:29:00.000000000,QUERY_SPREAD,89
2019-06-28 12:29:00.000000000,BEST_BID,"JPM,99582,143"
2019-06-28 12:29:00.000000000,BEST_ASK,"JPM,100047,212"
2019-06-28 12:29:00.000000000,LAST_TRADE,"7,$99582.0000"
2019-06-28 12:29:00.000000000,QUERY_SPREAD,90
2019-06-28 12:29:00.000000000,BEST_BID,"JPM,99582,137"
2019-06-28 12:29:00.000000000,BEST_ASK,"JPM,100047,212"
2019-06-28 12:29:00.000000000,LAST_TRADE,"6,$99582.0000"
2019-06-28 12:29:00.000000000,QUERY_SPREAD,91
2019-06-28 12:29:00.000000000,BEST_BID,"JPM,99582,132"
2019-06-28 12:29:00.000000000,BEST_ASK,"JPM,100047,212"
2019-06-28 12:29:00.000000000,LAST_TRADE,"5,$99582.0000"
2019-06-28 12:29:00.000000000,QUERY_SPREAD,92
2019-06-28 12:29:00.000000000,BEST_BID,"JPM,99582,131"
2019-06-28 12:29:00.000000000,BEST_ASK,"JPM,100047,212"
2019-06-28 12:29:00.000000000,LAST_TRADE,"1,$99582.0000"
2019-06-28 12:29:00.000000000,QUERY_SPREAD,93
2019-06-28 12:29:00.000000000,BEST_BID,"JPM,99582,129"
2019-06-28 12:29:00.000000000,BEST_ASK,"JPM,100047,212"
2019-06-28 12:29:00.000000000,LAST_TRADE,"2,$99582.0000"
2019-06-28 12:29:00.000000000,QUERY_SPREAD,94
2019-06-28 12:29:00.000000000,BEST_BID,"JPM,99582,127"
2019-06-28 12:29:00.000000000,BEST_ASK,"JPM,100047,212"
2019-06-28 12:29:00.000000000,LAST_TRADE,"2,$99582.0000"
2019-06-28 12:29:00.000000000,QUERY_SPREAD,95
2019-06-28 12:29:00.000000000,BEST_BID,"JPM,99582,120"
2019-06-28 12:29:00.000000000,BEST_ASK,"JPM,100047,212"
2019-06-28 12:29:00.000000000,LAST_TRADE,"7,$99582.0000"
2019-06-28 12:29:00.000000000,QUERY_SPREAD,96
2019-06-28 12:29:00.000000000,BEST_BID,"JPM,99582,113"
2019-06-28 12:29:00.000000000,BEST_ASK,"JPM,100047,212"
2019-06-28 12:29:00.000000000,LAST_TRADE,"7,$99582.0000"
2019-06-28 12:29:00.000000000,QUERY_SPREAD,97
2019-06-28 12:29:00.000000000,BEST_BID,"JPM,99582,107"
2019-06-28 12:29:00.000000000,BEST_ASK,"JPM,100047,212"
2019-06-28 12:29:00.000000000,LAST_TRADE,"6,$99582.0000"
2019-06-28 12:29:00.000000000,QUERY_SPREAD,98
2019-06-28 12:29:00.000000000,BEST_BID,"JPM,99582,103"
2019-06-28 12:29:00.000000000,BEST_ASK,"JPM,100047,212"
2019-06-28 12:29:00.000000000,LAST_TRADE,"4,$99582.0000"
2019-06-28 12:29:00.000000000,QUERY_SPREAD,99
2019-06-28 12:29:00.000000000,BEST_BID,"JPM,99582,101"
2019-06-28 12:29:00.000000000,BEST_ASK,"JPM,100047,212"
2019-06-28 12:29:00.000000000,LAST_TRADE,"2,$99582.0000"
2019-06-28 12:29:00.000000000,QUERY_SPREAD,100
2019-06-28 12:29:00.000000000,BEST_BID,"JPM,99582,95"
2019-06-28 12:29:00.000000000,BEST_ASK,"JPM,100047,212"
2019-06-28 12:29:00.000000000,LAST_TRADE,"6,$99582.0000"
2019-06-28 12:29:00.000000000,QUERY_SPREAD,101
2019-06-28 12:29:00.000000000,QUERY_ORDER_STREAM,101
2019-06-28 12:29:03.494650361,QUERY_SPREAD,5
2019-06-28 12:29:03.494650361,BEST_BID,"JPM,99899,100"
2019-06-28 12:29:03.494650361,BEST_ASK,"JPM,100047,212"
2019-06-28 12:29:07.050822071,QUERY_ORDER_STREAM,75
2019-06-28 12:29:07.050822071,QUERY_SPREAD,75
2019-06-28 12:29:10.000000000,QUERY_SPREAD,1
2019-06-28 12:29:10.000000000,BEST_BID,"JPM,99899,166"
2019-06-28 12:29:10.000000000,BEST_ASK,"JPM,100047,100"
2019-06-28 12:29:10.000000000,BEST_BID,"JPM,99899,166"
2019-06-28 12:29:10.000000000,BEST_ASK,"JPM,100047,100"
2019-06-28 12:29:10.000000000,BEST_BID,"JPM,99899,166"
2019-06-28 12:29:10.000000000,BEST_ASK,"JPM,100047,100"
2019-06-28 12:29:10.000000000,BEST_BID,"JPM,99899,166"
2019-06-28 12:29:10.000000000,BEST_ASK,"JPM,100047,100"
2019-06-28 12:29:10.000000000,BEST_BID,"JPM,99899,166"
2019-06-28 12:29:10.000000000,BEST_ASK,"JPM,100047,100"
2019-06-28 12:29:10.000000000,BEST_BID,"JPM,99899,166"
2019-06-28 12:29:10.000000000,BEST_ASK,"JPM,100047,166"
2019-06-28 12:29:10.000000000,BEST_BID,"JPM,99899,166"
2019-06-28 12:29:10.000000000,BEST_ASK,"JPM,100047,166"
2019-06-28 12:29:10.000000000,BEST_BID,"JPM,99899,166"
2019-06-28 12:29:10.000000000,BEST_ASK,"JPM,100047,166"
2019-06-28 12:29:10.000000000,BEST_BID,"JPM,99899,166"
2019-06-28 12:29:10.000000000,BEST_ASK,"JPM,100047,166"
2019-06-28 12:29:10.000000000,BEST_BID,"JPM,99899,166"
2019-06-28 12:29:10.000000000,BEST_ASK,"JPM,100047,166"
2019-06-28 12:29:16.839688636,QUERY_SPREAD,40
2019-06-28 12:29:16.839688636,BEST_BID,"JPM,99899,166"
2019-06-28 12:29:16.839688636,BEST_ASK,"JPM,100047,166"
2019-06-28 12:29:20.000000000,QUERY_SPREAD,1
2019-06-28 12:29:20.000000000,BEST_BID,"JPM,99899,182"
2019-06-28 12:29:20.000000000,BEST_ASK,"JPM,100047,100"
2019-06-28 12:29:20.000000000,BEST_BID,"JPM,99899,182"
2019-06-28 12:29:20.000000000,BEST_ASK,"JPM,100047,100"
2019-06-28 12:29:20.000000000,BEST_BID,"JPM,99899,182"
2019-06-28 12:29:20.000000000,BEST_ASK,"JPM,100047,100"
2019-06-28 12:29:20.000000000,BEST_BID,"JPM,99899,182"
2019-06-28 12:29:20.000000000,BEST_ASK,"JPM,100047,100"
2019-06-28 12:29:20.000000000,BEST_BID,"JPM,99899,182"
2019-06-28 12:29:20.000000000,BEST_ASK,"JPM,100047,182"
2019-06-28 12:29:20.000000000,BEST_BID,"JPM,99899,182"
2019-06-28 12:29:20.000000000,BEST_ASK,"JPM,100047,182"
2019-06-28 12:29:20.000000000,BEST_BID,"JPM,99899,182"
2019-06-28 12:29:20.000000000,BEST_ASK,"JPM,100047,182"
2019-06-28 12:29:20.000000000,BEST_BID,"JPM,99899,182"
2019-06-28 12:29:20.000000000,BEST_ASK,"JPM,100047,182"
2019-06-28 12:29:30.000000000,QUERY_SPREAD,1
2019-06-28 12:29:30.000000000,BEST_BID,"JPM,99899,212"
2019-06-28 12:29:30.000000000,BEST_ASK,"JPM,100047,100"
2019-06-28 12:29:30.000000000,BEST_BID,"JPM,99899,212"
2019-06-28 12:29:30.000000000,BEST_ASK,"JPM,100047,100"
2019-06-28 12:29:30.000000000,BEST_BID,"JPM,99899,212"
2019-06-28 12:29:30.000000000,BEST_ASK,"JPM,100047,100"
2019-06-28 12:29:30.000000000,BEST_BID,"JPM,99899,212"
2019-06-28 12:29:30.000000000,BEST_ASK,"JPM,100047,212"
2019-06-28 12:29:30.000000000,BEST_BID,"JPM,99899,212"
2019-06-28 12:29:30.000000000,BEST_ASK,"JPM,100047,212"
2019-06-28 12:29:30.000000000,BEST_BID,"JPM,99899,212"
2019-06-28 12:29:30.000000000,BEST_ASK,"JPM,100047,212"
2019-06-28 12:29:40.000000000,QUERY_SPREAD,1
2019-06-28 12:29:40.000000000,BEST_BID,"JPM,99899,182"
2019-06-28 12:29:40.000000000,BEST_ASK,"JPM,100047,100"
2019-06-28 12:29:40.000000000,BEST_BID,"JPM,99899,182"
2019-06-28 12:29:40.000000000,BEST_ASK,"JPM,100047,100"
2019-06-28 12:29:40.000000000,BEST_BID,"JPM,99899,182"
2019-06-28 12:29:40.000000000,BEST_ASK,"JPM,100047,100"
2019-06-28 12:29:40.000000000,BEST_BID,"JPM,99899,182"
2019-06-28 12:29:40.000000000,BEST_ASK,"JPM,100047,100"
2019-06-28 12:29:40.000000000,BEST_BID,"JPM,99899,182"
2019-06-28 12:29:40.000000000,BEST_ASK,"JPM,100047,182"
2019-06-28 12:29:40.000000000,BEST_BID,"JPM,99899,182"
2019-06-28 12:29:40.000000000,BEST_ASK,"JPM,100047,182"
2019-06-28 12:29:40.000000000,BEST_BID,"JPM,99899,182"
2019-06-28 12:29:40.000000000,BEST_ASK,"JPM,100047,182"
2019-06-28 12:29:40.000000000,BEST_BID,"JPM,99899,182"
2019-06-28 12:29:40.000000000,BEST_ASK,"JPM,100047,182"
2019-06-28 12:29:49.338533908,QUERY_SPREAD,27
2019-06-28 12:29:49.338533908,BEST_BID,"JPM,99899,182"
2019-06-28 12:29:49.338533908,BEST_ASK,"JPM,100047,82"
2019-06-28 12:29:49.338533908,LAST_TRADE,"100,$100047.0000"
2019-06-28 12:29:50.000000000,QUERY_SPREAD,1
2019-06-28 12:29:50.000000000,BEST_BID,"JPM,99899,264"
2019-06-28 12:29:50.000000000,BEST_ASK,"JPM,100126,100"
2019-06-28 12:29:50.000000000,BEST_BID,"JPM,99899,264"
2019-06-28 12:29:50.000000000,BEST_ASK,"JPM,100126,100"
2019-06-28 12:29:50.000000000,BEST_BID,"JPM,99899,264"
2019-06-28 12:29:50.000000000,BEST_ASK,"JPM,100126,264"
2019-06-28 12:29:50.000000000,BEST_BID,"JPM,99899,264"
2019-06-28 12:29:50.000000000,BEST_ASK,"JPM,100126,264"
2019-06-28 12:30:00.000000000,QUERY_SPREAD,1
2019-06-28 12:30:00.000000000,BEST_BID,"JPM,99899,182"
2019-06-28 12:30:00.000000000,BEST_ASK,"JPM,100126,100"
2019-06-28 12:30:00.000000000,BEST_BID,"JPM,99899,182"
2019-06-28 12:30:00.000000000,BEST_ASK,"JPM,100126,100"
2019-06-28 12:30:00.000000000,BEST_BID,"JPM,99899,182"
2019-06-28 12:30:00.000000000,BEST_ASK,"JPM,100126,100"
2019-06-28 12:30:00.000000000,BEST_BID,"JPM,99899,182"
2019-06-28 12:30:00.000000000,BEST_ASK,"JPM,100126,100"
2019-06-28 12:30:00.000000000,BEST_BID,"JPM,99899,182"
2019-06-28 12:30:00.000000000,BEST_ASK,"JPM,100126,182"
2019-06-28 12:30:00.000000000,BEST_BID,"JPM,99899,182"
2019-06-28 12:30:00.000000000,BEST_ASK,"JPM,100126,182"
2019-06-28 12:30:00.000000000,BEST_BID,"JPM,99899,182"
2019-06-28 12:30:00.000000000,BEST_ASK,"JPM,100126,182"
2019-06-28 12:30:00.000000000,BEST_BID,"JPM,99899,182"
2019-06-28 12:30:00.000000000,BEST_ASK,"JPM,100126,182"
2019-06-28 12:30:00.000000000,QUERY_SPREAD,77
2019-06-28 12:30:00.000000000,BEST_BID,"JPM,99899,178"
2019-06-28 12:30:00.000000000,BEST_ASK,"JPM,100126,182"
2019-06-28 12:30:00.000000000,LAST_TRADE,"4,$99899.0000"
2019-06-28 12:30:00.000000000,QUERY_SPREAD,78
2019-06-28 12:30:00.000000000,BEST_BID,"JPM,99899,170"
2019-06-28 12:30:00.000000000,BEST_ASK,"JPM,100126,182"
2019-06-28 12:30:00.000000000,LAST_TRADE,"8,$99899.0000"
2019-06-28 12:30:00.000000000,QUERY_SPREAD,79
2019-06-28 12:30:00.000000000,BEST_BID,"JPM,99899,169"
2019-06-28 12:30:00.000000000,BEST_ASK,"JPM,100126,182"
2019-06-28 12:30:00.000000000,LAST_TRADE,"1,$99899.0000"
2019-06-28 12:30:00.000000000,QUERY_SPREAD,80
2019-06-28 12:30:00.000000000,BEST_BID,"JPM,99899,164"
2019-06-28 12:30:00.000000000,BEST_ASK,"JPM,100126,182"
2019-06-28 12:30:00.000000000,LAST_TRADE,"5,$99899.0000"
2019-06-28 12:30:00.000000000,QUERY_SPREAD,81
2019-06-28 12:30:00.000000000,BEST_BID,"JPM,99899,159"
2019-06-28 12:30:00.000000000,BEST_ASK,"JPM,100126,182"
2019-06-28 12:30:00.000000000,LAST_TRADE,"5,$99899.0000"
2019-06-28 12:30:00.000000000,QUERY_SPREAD,82
2019-06-28 12:30:00.000000000,BEST_BID,"JPM,99899,153"
2019-06-28 12:30:00.000000000,BEST_ASK,"JPM,100126,182"
2019-06-28 12:30:00.000000000,LAST_TRADE,"6,$99899.0000"
2019-06-28 12:30:00.000000000,QUERY_SPREAD,83
2019-06-28 12:30:00.000000000,BEST_BID,"JPM,99899,149"
2019-06-28 12:30:00.000000000,BEST_ASK,"JPM,100126,182"
2019-06-28 12:30:00.000000000,LAST_TRADE,"4,$99899.0000"
2019-06-28 12:30:00.000000000,QUERY_SPREAD,84
2019-06-28 12:30:00.000000000,BEST_BID,"JPM,99899,144"
2019-06-28 12:30:00.000000000,BEST_ASK,"JPM,100126,182"
2019-06-28 12:30:00.000000000,LAST_TRADE,"5,$99899.0000"
2019-06-28 12:30:00.000000000,QUERY_SPREAD,85
2019-06-28 12:30:00.000000000,BEST_BID,"JPM,99899,139"
2019-06-28 12:30:00.000000000,BEST_ASK,"JPM,100126,182"
2019-06-28 12:30:00.000000000,LAST_TRADE,"5,$99899.0000"
2019-06-28 12:30:00.000000000,QUERY_SPREAD,86
2019-06-28 12:30:00.000000000,BEST_BID,"JPM,99899,130"
2019-06-28 12:30:00.000000000,BEST_ASK,"JPM,100126,182"
2019-06-28 12:30:00.000000000,LAST_TRADE,"9,$99899.0000"
2019-06-28 12:30:00.000000000,QUERY_SPREAD,87
2019-06-28 12:30:00.000000000,BEST_BID,"JPM,99899,128"
2019-06-28 12:30:00.000000000,BEST_ASK,"JPM,100126,182"
2019-06-28 12:30:00.000000000,LAST_TRADE,"2,$99899.0000"
2019-06-28 12:30:00.000000000,QUERY_SPREAD,88
2019-06-28 12:30:00.000000000,BEST_BID,"JPM,99899,120"
2019-06-28 12:30:00.000000000,BEST_ASK,"JPM,100126,182"
2019-06-28 12:30:00.000000000,LAST_TRADE,"8,$99899.0000"
2019-06-28 12:30:00.000000000,QUERY_SPREAD,89
2019-06-28 12:30:00.000000000,BEST_BID,"JPM,99899,113"
2019-06-28 12:30:00.000000000,BEST_ASK,"JPM,100126,182"
2019-06-28 12:30:00.000000000,LAST_TRADE,"7,$99899.0000"
2019-06-28 12:30:00.000000000,QUERY_SPREAD,90
2019-06-28 12:30:00.000000000,BEST_BID,"JPM,99899,107"
2019-06-28 12:30:00.000000000,BEST_ASK,"JPM,100126,182"
2019-06-28 12:30:00.000000000,LAST_TRADE,"6,$99899.0000"
2019-06-28 12:30:00.000000000,QUERY_SPREAD,91
2019-06-28 12:30:00.000000000,BEST_BID,"JPM,99899,102"
2019-06-28 12:30:00.000000000,BEST_ASK,"JPM,100126,182"
2019-06-28 12:30:00.000000000,LAST_TRADE,"5,$99899.0000"
2019-06-28 12:30:00.000000000,QUERY_SPREAD,92
2019-06-28 12:30:00.000000000,BEST_BID,"JPM,99899,101"
2019-06-28 12:30:00.000000000,BEST_ASK,"JPM,100126,182"
2019-06-28 12:30:00.000000000,LAST_TRADE,"1,$99899.0000"
2019-06-28 12:30:00.000000000,QUERY_SPREAD,93
2019-06-28 12:30:00.000000000,BEST_BID,"JPM,99899,99"
2019-06-28 12:30:00.000000000,BEST_ASK,"JPM,100126,182"
2019-06-28 12:30:00.000000000,LAST_TRADE,"2,$99899.0000"
2019-06-28 12:30:00.000000000,QUERY_SPREAD,94
2019-06-28 12:30:00.000000000,BEST_BID,"JPM,99899,97"
2019-06-28 12:30:00.000000000,BEST_ASK,"JPM,100126,182"
2019-06-28 12:30:00.000000000,LAST_TRADE,"2,$99899.0000"
2019-06-28 12:30:00.000000000,QUERY_SPREAD,95
2019-06-28 12:30:00.000000000,BEST_BID,"JPM,99899,90"
2019-06-28 12:30:00.000000000,BEST_ASK,"JPM,100126,182"
2019-06-28 12:30:00.000000000,LAST_TRADE,"7,$99899.0000"
2019-06-28 12:30:00.000000000,QUERY_SPREAD,96
2019-06-28 12:30:00.000000000,BEST_BID,"JPM,99899,83"
2019-06-28 12:30:00.000000000,BEST_ASK,"JPM,100126,182"
2019-06-28 12:30:00.000000000,LAST_TRADE,"7,$99899.0000"
2019-06-28 12:30:00.000000000,QUERY_SPREAD,97
2019-06-28 12:30:00.000000000,BEST_BID,"JPM,99899,77"
2019-06-28 12:30:00.000000000,BEST_ASK,"JPM,100126,182"
2019-06-28 12:30:00.000000000,LAST_TRADE,"6,$99899.0000"
2019-06-28 12:30:00.000000000,QUERY_SPREAD,98
2019-06-28 12:30:00.000000000,BEST_BID,"JPM,99899,73"
2019-06-28 12:30:00.000000000,BEST_ASK,"JPM,100126,182"
2019-06-28 12:30:00.000000000,LAST_TRADE,"4,$99899.0000"
2019-06-28 12:30:00.000000000,QUERY_SPREAD,99
2019-06-28 12:30:00.000000000,BEST_BID,"JPM,99899,71"
2019-06-28 12:30:00.000000000,BEST_ASK,"JPM,100126,182"
2019-06-28 12:30:00.000000000,LAST_TRADE,"2,$99899.0000"
2019-06-28 12:30:00.000000000,QUERY_SPREAD,100
2019-06-28 12:30:00.000000000,BEST_BID,"JPM,99899,65"
2019-06-28 12:30:00.000000000,BEST_ASK,"JPM,100126,182"
2019-06-28 12:30:00.000000000,LAST_TRADE,"6,$99899.0000"
2019-06-28 12:30:00.000000000,QUERY_SPREAD,101
2019-06-28 12:30:00.000000000,QUERY_ORDER_STREAM,101
2019-06-28 12:30:10.000000000,QUERY_SPREAD,1
2019-06-28 12:30:10.000000000,BEST_BID,"JPM,99808,428"
2019-06-28 12:30:10.000000000,BEST_ASK,"JPM,100126,100"
2019-06-28 12:30:10.000000000,BEST_BID,"JPM,99808,428"
2019-06-28 12:30:10.000000000,BEST_ASK,"JPM,100126,428"
2019-06-28 12:30:20.000000000,QUERY_SPREAD,1
2019-06-28 12:30:20.000000000,BEST_BID,"JPM,99808,264"
2019-06-28 12:30:20.000000000,BEST_ASK,"JPM,100126,100"
2019-06-28 12:30:20.000000000,BEST_BID,"JPM,99808,264"
2019-06-28 12:30:20.000000000,BEST_ASK,"JPM,100126,100"
2019-06-28 12:30:20.000000000,BEST_BID,"JPM,99808,264"
2019-06-28 12:30:20.000000000,BEST_ASK,"JPM,100126,264"
2019-06-28 12:30:20.000000000,BEST_BID,"JPM,99808,264"
2019-06-28 12:30:20.000000000,BEST_ASK,"JPM,100126,264"
2019-06-28 12:30:29.607937341,QUERY_SPREAD,44
2019-06-28 12:30:29.607937341,BEST_BID,"JPM,99808,264"
2019-06-28 12:30:29.607937341,BEST_ASK,"JPM,100126,164"
2019-06-28 12:30:29.607937341,LAST_TRADE,"100,$100126.0000"
2019-06-28 12:30:30.000000000,QUERY_SPREAD,1
2019-06-28 12:30:30.000000000,BEST_BID,"JPM,99808,212"
2019-06-28 12:30:30.000000000,BEST_ASK,"JPM,100217,100"
2019-06-28 12:30:30.000000000,BEST_BID,"JPM,99808,212"
2019-06-28 12:30:30.000000000,BEST_ASK,"JPM,100217,100"
2019-06-28 12:30:30.000000000,BEST_BID,"JPM,99808,212"
2019-06-28 12:30:30.000000000,BEST_ASK,"JPM,100217,100"
2019-06-28 12:30:30.000000000,BEST_BID,"JPM,99808,212"
2019-06-28 12:30:30.000000000,BEST_ASK,"JPM,100217,212"
2019-06-28 12:30:30.000000000,BEST_BID,"JPM,99808,212"
2019-06-28 12:30:30.000000000,BEST_ASK,"JPM,100217,212"
2019-06-28 12:30:30.000000000,BEST_BID,"JPM,99808,212"
2019-06-28 12:30:30.000000000,BEST_ASK,"JPM,100217,212"
2019-06-28 12:30:33.828803976,QUERY_SPREAD,17
2019-06-28 12:30:33.828803976,BEST_BID,"JPM,99808,212"
2019-06-28 12:30:33.828803976,BEST_ASK,"JPM,100217,112"
2019-06-28 12:30:33.828803976,LAST_TRADE,"100,$100217.0000"
2019-06-28 12:30:34.628185873,QUERY_SPREAD,6
2019-06-28 12:30:34.628185873,BEST_BID,"JPM,99808,212"
2019-06-28 12:30:34.628185873,BEST_ASK,"JPM,100217,12"
2019-06-28 12:30:34.628185873,LAST_TRADE,"100,$100217.0000"
2019-06-28 12:30:40.000000000,QUERY_SPREAD,1
2019-06-28 12:30:40.000000000,BEST_BID,"JPM,99808,264"
2019-06-28 12:30:40.000000000,BEST_ASK,"JPM,100378,100"
2019-06-28 12:30:40.000000000,BEST_BID,"JPM,99808,264"
2019-06-28 12:30:40.000000000,BEST_ASK,"JPM,100378,100"
2019-06-28 12:30:40.000000000,BEST_BID,"JPM,99808,264"
2019-06-28 12:30:40.000000000,BEST_ASK,"JPM,100378,264"
2019-06-28 12:30:40.000000000,BEST_BID,"JPM,99808,264"
2019-06-28 12:30:40.000000000,BEST_ASK,"JPM,100378,264"
2019-06-28 12:30:50.000000000,QUERY_SPREAD,1
2019-06-28 12:30:50.000000000,BEST_BID,"JPM,99808,166"
2019-06-28 12:30:50.000000000,BEST_ASK,"JPM,100378,100"
2019-06-28 12:30:50.000000000,BEST_BID,"JPM,99808,166"
2019-06-28 12:30:50.000000000,BEST_ASK,"JPM,100378,100"
2019-06-28 12:30:50.000000000,BEST_BID,"JPM,99808,166"
2019-06-28 12:30:50.000000000,BEST_ASK,"JPM,100378,100"
2019-06-28 12:30:50.000000000,BEST_BID,"JPM,99808,166"
2019-06-28 12:30:50.000000000,BEST_ASK,"JPM,100378,100"
2019-06-28 12:30:50.000000000,BEST_BID,"JPM,99808,166"
2019-06-28 12:30:50.000000000,BEST_ASK,"JPM,100378,100"
2019-06-28 12:30:50.000000000,BEST_BID,"JPM,99808,166"
2019-06-28 12:30:50.000000000,BEST_ASK,"JPM,100378,166"
2019-06-28 12:30:50.000000000,BEST_BID,"JPM,99808,166"
2019-06-28 12:30:50.000000000,BEST_ASK,"JPM,100378,166"
2019-06-28 12:30:50.000000000,BEST_BID,"JPM,99808,166"
2019-06-28 12:30:50.000000000,BEST_ASK,"JPM,100378,166"
2019-06-28 12:30:50.000000000,BEST_BID,"JPM,99808,166"
2019-06-28 12:30:50.000000000,BEST_ASK,"JPM,100378,166"
2019-06-28 12:30:50.000000000,BEST_BID,"JPM,99808,166"
2019-06-28 12:30:50.000000000,BEST_ASK,"JPM,100378,166"
2019-06-28 12:31:00.000000000,QUERY_SPREAD,1
2019-06-28 12:31:00.000000000,BEST_BID,"JPM,99808,166"
2019-06-28 12:31:00.000000000,BEST_ASK,"JPM,100378,100"
2019-06-28 12:31:00.000000000,BEST_BID,"JPM,99808,166"
2019-06-28 12:31:00.000000000,BEST_ASK,"JPM,100378,100"
2019-06-28 12:31:00.000000000,BEST_BID,"JPM,99808,166"
2019-06-28 12:31:00.000000000,BEST_ASK,"JPM,100378,100"
2019-06-28 12:31:00.000000000,BEST_BID,"JPM,99808,166"
2019-06-28 12:31:00.000000000,BEST_ASK,"JPM,100378,100"
2019-06-28 12:31:00.000000000,BEST_BID,"JPM,99808,166"
2019-06-28 12:31:00.000000000,BEST_ASK,"JPM,100378,100"
2019-06-28 12:31:00.000000000,BEST_BID,"JPM,99808,166"
2019-06-28 12:31:00.000000000,BEST_ASK,"JPM,100378,166"
2019-06-28 12:31:00.000000000,BEST_BID,"JPM,99808,166"
2019-06-28 12:31:00.000000000,BEST_ASK,"JPM,100378,166"
2019-06-28 12:31:00.000000000,BEST_BID,"JPM,99808,166"
2019-06-28 12:31:00.000000000,BEST_ASK,"JPM,100378,166"
2019-06-28 12:31:00.000000000,BEST_BID,"JPM,99808,166"
2019-06-28 12:31:00.000000000,BEST_ASK,"JPM,100378,166"
2019-06-28 12:31:00.000000000,BEST_BID,"JPM,99808,166"
2019-06-28 12:31:00.000000000,BEST_ASK,"JPM,100378,166"
2019-06-28 12:31:00.000000000,QUERY_SPREAD,77
2019-06-28 12:31:00.000000000,BEST_BID,"JPM,99808,162"
2019-06-28 12:31:00.000000000,BEST_ASK,"JPM,100378,166"
2019-06-28 12:31:00.000000000,LAST_TRADE,"4,$99808.0000"
2019-06-28 12:31:00.000000000,QUERY_SPREAD,78
2019-06-28 12:31:00.000000000,BEST_BID,"JPM,99808,154"
2019-06-28 12:31:00.000000000,BEST_ASK,"JPM,100378,166"
2019-06-28 12:31:00.000000000,LAST_TRADE,"8,$99808.0000"
2019-06-28 12:31:00.000000000,QUERY_SPREAD,79
2019-06-28 12:31:00.000000000,BEST_BID,"JPM,99808,153"
2019-06-28 12:31:00.000000000,BEST_ASK,"JPM,100378,166"
2019-06-28 12:31:00.000000000,LAST_TRADE,"1,$99808.0000"
2019-06-28 12:31:00.000000000,QUERY_SPREAD,80
2019-06-28 12:31:00.000000000,BEST_BID,"JPM,99808,148"
2019-06-28 12:31:00.000000000,BEST_ASK,"JPM,100378,166"
2019-06-28 12:31:00.000000000,LAST_TRADE,"5,$99808.0000"
2019-06-28 12:31:00.000000000,QUERY_SPREAD,81
2019-06-28 12:31:00.000000000,BEST_BID,"JPM,99808,143"
2019-06-28 12:31:00.000000000,BEST_ASK,"JPM,100378,166"
2019-06-28 12:31:00.000000000,LAST_TRADE,"5,$99808.0000"
2019-06-28 12:31:00.000000000,QUERY_SPREAD,82
2019-06-28 12:31:00.000000000,BEST_BID,"JPM,99808,137"
2019-06-28 12:31:00.000000000,BEST_ASK,"JPM,100378,166"
2019-06-28 12:31:00.000000000,LAST_TRADE,"6,$99808.0000"
2019-06-28 12:31:00.000000000,QUERY_SPREAD,83
2019-06-28 12:31:00.000000000,BEST_BID,"JPM,99808,133"
2019-06-28 12:31:00.000000000,BEST_ASK,"JPM,100378,166"
2019-06-28 12:31:00.000000000,LAST_TRADE,"4,$99808.0000"
2019-06-28 12:31:00.000000000,QUERY_SPREAD,84
2019-06-28 12:31:00.000000000,BEST_BID,"JPM,99808,128"
2019-06-28 12:31:00.000000000,BEST_ASK,"JPM,100378,166"
2019-06-28 12:31:00.000000000,LAST_TRADE,"5,$99808.0000"
2019-06-28 12:31:00.000000000,QUERY_SPREAD,85
2019-06-28 12:31:00.000000000,BEST_BID,"JPM,99808,123"
2019-06-28 12:31:00.000000000,BEST_ASK,"JPM,100378,166"
2019-06-28 12:31:00.000000000,LAST_TRADE,"5,$99808.0000"
2019-06-28 12:31:00.000000000,QUERY_SPREAD,86
2019-06-28 12:31:00.000000000,BEST_BID,"JPM,99808,114"
2019-06-28 12:31:00.000000000,BEST_ASK,"JPM,100378,166"
2019-06-28 12:31:00.000000000,LAST_TRADE,"9,$99808.0000"
2019-06-28 12:31:00.000000000,QUERY_SPREAD,87
2019-06-28 12:31:00.000000000,BEST_BID,"JPM,99808,112"
2019-06-28 12:31:00.000000000,BEST_ASK,"JPM,100378,166"
2019-06-28 12:31:00.000000000,LAST_TRADE,"2,$99808.0000"
2019-06-28 12:31:00.000000000,QUERY_SPREAD,88
2019-06-28 12:31:00.000000000,BEST_BID,"JPM,99808,104"
2019-06-28 12:31:00.000000000,BEST_ASK,"JPM,100378,166"
2019-06-28 12:31:00.000000000,LAST_TRADE,"8,$99808.0000"
2019-06-28 12:31:00.000000000,QUERY_SPREAD,89
2019-06-28 12:31:00.000000000,BEST_BID,"JPM,99808,97"
2019-06-28 12:31:00.000000000,BEST_ASK,"JPM,100378,166"
2019-06-28 12:31:00.000000000,LAST_TRADE,"7,$99808.0000"
2019-06-28 12:31:00.000000000,QUERY_SPREAD,90
2019-06-28 12:31:00.000000000,BEST_BID,"JPM,99808,91"
2019-06-28 12:31:00.000000000,BEST_ASK,"JPM,100378,166"
2019-06-28 12:31:00.000000000,LAST_TRADE,"6,$99808.0000"
2019-06-28 12:31:00.000000000,QUERY_SPREAD,91
2019-06-28 12:31:00.000000000,BEST_BID,"JPM,99808,86"
2019-06-28 12:31:00.000000000,BEST_ASK,"JPM,100378,166"
2019-06-28 12:31:00.000000000,LAST_TRADE,"5,$99808.0000"
2019-06-28 12:31:00.000000000,QUERY_SPREAD,92
2019-06-28 12:31:00.000000000,BEST_BID,"JPM,99808,85"
2019-06-28 12:31:00.000000000,BEST_ASK,"JPM,100378,166"
2019-06-28 12:31:00.000000000,LAST_TRADE,"1,$99808.0000"
2019-06-28 12:31:00.000000000,QUERY_SPREAD,93
2019-06-28 12:31:00.000000000,BEST_BID,"JPM,99808,83"
2019-06-28 12:31:00.000000000,BEST_ASK,"JPM,100378,166"
2019-06-28 12:31:00.000000000,LAST_TRADE,"2,$99808.0000"
2019-06-28 12:31:00.000000000,QUERY_SPREAD,94
2019-06-28 12:31:00.000000000,BEST_BID,"JPM,99808,81"
2019-06-28 12:31:00.000000000,BEST_ASK,"JPM,100378,166"
2019-06-28 12:31:00.000000000,LAST_TRADE,"2,$99808.0000"
2019-06-28 12:31:00.000000000,QUERY_SPREAD,95
2019-06-28 12:31:00.000000000,BEST_BID,"JPM,99808,74"
2019-06-28 12:31:00.000000000,BEST_ASK,"JPM,100378,166"
2019-06-28 12:31:00.000000000,LAST_TRADE,"7,$99808.0000"
2019-06-28 12:31:00.000000000,QUERY_SPREAD,96
2019-06-28 12:31:00.000000000,BEST_BID,"JPM,99808,67"
2019-06-28 12:31:00.000000000,BEST_ASK,"JPM,100378,166"
2019-06-28 12:31:00.000000000,LAST_TRADE,"7,$99808.0000"
2019-06-28 12:31:00.000000000,QUERY_SPREAD,97
2019-06-28 12:31:00.000000000,BEST_BID,"JPM,99808,61"
2019-06-28 12:31:00.000000000,BEST_ASK,"JPM,100378,166"
2019-06-28 12:31:00.000000000,LAST_TRADE,"6,$99808.0000"
2019-06-28 12:31:00.000000000,QUERY_SPREAD,98
2019-06-28 12:31:00.000000000,BEST_BID,"JPM,99808,57"
2019-06-28 12:31:00.000000000,BEST_ASK,"JPM,100378,166"
2019-06-28 12:31:00.000000000,LAST_TRADE,"4,$99808.0000"
2019-06-28 12:31:00.000000000,QUERY_SPREAD,99
2019-06-28 12:31:00.000000000,BEST_BID,"JPM,99808,55"
2019-06-28 12:31:00.000000000,BEST_ASK,"JPM,100378,166"
2019-06-28 12:31:00.000000000,LAST_TRADE,"2,$99808.0000"
2019-06-28 12:31:00.000000000,QUERY_SPREAD,100
2019-06-28 12:31:00.000000000,BEST_BID,"JPM,99808,49"
2019-06-28 12:31:00.000000000,BEST_ASK,"JPM,100378,166"
2019-06-28 12:31:00.000000000,LAST_TRADE,"6,$99808.0000"
2019-06-28 12:31:00.000000000,QUERY_SPREAD,101
2019-06-28 12:31:00.000000000,QUERY_ORDER_STREAM,101
2019-06-28 12:31:10.000000000,QUERY_SPREAD,1
2019-06-28 12:31:10.000000000,BEST_BID,"JPM,99477,212"
2019-06-28 12:31:10.000000000,BEST_ASK,"JPM,100378,100"
2019-06-28 12:31:10.000000000,BEST_BID,"JPM,99477,212"
2019-06-28 12:31:10.000000000,BEST_ASK,"JPM,100378,100"
2019-06-28 12:31:10.000000000,BEST_BID,"JPM,99477,212"
2019-06-28 12:31:10.000000000,BEST_ASK,"JPM,100378,100"
2019-06-28 12:31:10.000000000,BEST_BID,"JPM,99477,212"
2019-06-28 12:31:10.000000000,BEST_ASK,"JPM,100378,212"
2019-06-28 12:31:10.000000000,BEST_BID,"JPM,99477,212"
2019-06-28 12:31:10.000000000,BEST_ASK,"JPM,100378,212"
2019-06-28 12:31:10.000000000,BEST_BID,"JPM,99477,212"
2019-06-28 12:31:10.000000000,BEST_ASK,"JPM,100378,212"
2019-06-28 12:31:20.000000000,QUERY_SPREAD,1
2019-06-28 12:31:20.000000000,BEST_BID,"JPM,99477,212"
2019-06-28 12:31:20.000000000,BEST_ASK,"JPM,100378,100"
2019-06-28 12:31:20.000000000,BEST_BID,"JPM,99477,212"
2019-06-28 12:31:20.000000000,BEST_ASK,"JPM,100378,100"
2019-06-28 12:31:20.000000000,BEST_BID,"JPM,99477,212"
2019-06-28 12:31:20.000000000,BEST_ASK,"JPM,100378,100"
2019-06-28 12:31:20.000000000,BEST_BID,"JPM,99477,212"
2019-06-28 12:31:20.000000000,BEST_ASK,"JPM,100378,212"
2019-06-28 12:31:20.000000000,BEST_BID,"JPM,99477,212"
2019-06-28 12:31:20.000000000,BEST_ASK,"JPM,100378,212"
2019-06-28 12:31:20.000000000,BEST_BID,"JPM,99477,212"
2019-06-28 12:31:20.000000000,BEST_ASK,"JPM,100378,212"
2019-06-28 12:31:30.000000000,QUERY_SPREAD,1
2019-06-28 12:31:30.000000000,BEST_BID,"JPM,99477,182"
2019-06-28 12:31:30.000000000,BEST_ASK,"JPM,100378,100"
2019-06-28 12:31:30.000000000,BEST_BID,"JPM,99477,182"
2019-06-28 12:31:30.000000000,BEST_ASK,"JPM,100378,100"
2019-06-28 12:31:30.000000000,BEST_BID,"JPM,99477,182"
2019-06-28 12:31:30.000000000,BEST_ASK,"JPM,100378,100"
2019-06-28 12:31:30.000000000,BEST_BID,"JPM,99477,182"
2019-06-28 12:31:30.000000000,BEST_ASK,"JPM,100378,100"
2019-06-28 12:31:30.000000000,BEST_BID,"JPM,99477,182"
2019-06-28 12:31:30.000000000,BEST_ASK,"JPM,100378,182"
2019-06-28 12:31:30.000000000,BEST_BID,"JPM,99477,182"
2019-06-28 12:31:30.000000000,BEST_ASK,"JPM,100378,182"
2019-06-28 12:31:30.000000000,BEST_BID,"JPM,99477,182"
2019-06-28 12:31:30.000000000,BEST_ASK,"JPM,100378,182"
2019-06-28 12:31:30.000000000,BEST_BID,"JPM,99477,182"
2019-06-28 12:31:30.000000000,BEST_ASK,"JPM,100378,182"
2019-06-28 12:31:33.878667863,QUERY_SPREAD,19
2019-06-28 12:31:33.878667863,BEST_BID,"JPM,99477,182"
2019-06-28 12:31:33.878667863,BEST_ASK,"JPM,99969,100"
2019-06-28 12:31:34.682215037,QUERY_SPREAD,2
2019-06-28 12:31:34.682215037,BEST_BID,"JPM,99477,182"
2019-06-28 12:31:34.682215037,BEST_ASK,"JPM,99969,100"
2019-06-28 12:31:40.000000000,QUERY_SPREAD,1
2019-06-28 12:31:40.000000000,BEST_BID,"JPM,99477,212"
2019-06-28 12:31:40.000000000,BEST_ASK,"JPM,99969,100"
2019-06-28 12:31:40.000000000,BEST_BID,"JPM,99477,212"
2019-06-28 12:31:40.000000000,BEST_ASK,"JPM,99969,100"
2019-06-28 12:31:40.000000000,BEST_BID,"JPM,99477,212"
2019-06-28 12:31:40.000000000,BEST_ASK,"JPM,99969,100"
2019-06-28 12:31:40.000000000,BEST_BID,"JPM,99477,212"
2019-06-28 12:31:40.000000000,BEST_ASK,"JPM,99969,212"
2019-06-28 12:31:40.000000000,BEST_BID,"JPM,99477,212"
2019-06-28 12:31:40.000000000,BEST_ASK,"JPM,99969,212"
2019-06-28 12:31:40.000000000,BEST_BID,"JPM,99477,212"
2019-06-28 12:31:40.000000000,BEST_ASK,"JPM,99969,212"
2019-06-28 12:31:42.193073031,QUERY_SPREAD,29
2019-06-28 12:31:42.193073031,BEST_BID,"JPM,99477,212"
2019-06-28 12:31:42.193073031,BEST_ASK,"JPM,99969,112"
2019-06-28 12:31:42.193073031,LAST_TRADE,"100,$99969.0000"
2019-06-28 12:31:42.608830828,QUERY_ORDER_STREAM,57
2019-06-28 12:31:42.608830828,QUERY_SPREAD,57
2019-06-28 12:31:42.608830828,BEST_BID,"JPM,99808,100"
2019-06-28 12:31:42.608830828,BEST_ASK,"JPM,99969,112"
2019-06-28 12:31:44.871401721,QUERY_ORDER_STREAM,56
2019-06-28 12:31:44.871401721,QUERY_SPREAD,56
2019-06-28 12:31:44.871401721,BEST_BID,"JPM,99808,200"
2019-06-28 12:31:44.871401721,BEST_ASK,"JPM,99969,112"
2019-06-28 12:31:49.726336179,QUERY_SPREAD,50
2019-06-28 12:31:49.726336179,BEST_BID,"JPM,99808,200"
2019-06-28 12:31:49.726336179,BEST_ASK,"JPM,99969,12"
2019-06-28 12:31:49.726336179,LAST_TRADE,"100,$99969.0000"
2019-06-28 12:31:50.000000000,QUERY_SPREAD,1
2019-06-28 12:31:50.000000000,BEST_BID,"JPM,99808,282"
2019-06-28 12:31:50.000000000,BEST_ASK,"JPM,100204,100"
2019-06-28 12:31:50.000000000,BEST_BID,"JPM,99808,282"
2019-06-28 12:31:50.000000000,BEST_ASK,"JPM,100204,100"
2019-06-28 12:31:50.000000000,BEST_BID,"JPM,99808,282"
2019-06-28 12:31:50.000000000,BEST_ASK,"JPM,100204,100"
2019-06-28 12:31:50.000000000,BEST_BID,"JPM,99808,282"
2019-06-28 12:31:50.000000000,BEST_ASK,"JPM,100204,100"
2019-06-28 12:31:50.000000000,BEST_BID,"JPM,99808,282"
2019-06-28 12:31:50.000000000,BEST_ASK,"JPM,100204,182"
2019-06-28 12:31:50.000000000,BEST_BID,"JPM,99808,282"
2019-06-28 12:31:50.000000000,BEST_ASK,"JPM,100204,182"
2019-06-28 12:31:50.000000000,BEST_BID,"JPM,99808,282"
2019-06-28 12:31:50.000000000,BEST_ASK,"JPM,100204,182"
2019-06-28 12:31:50.000000000,BEST_BID,"JPM,99808,282"
2019-06-28 12:31:50.000000000,BEST_ASK,"JPM,100204,182"
2019-06-28 12:31:53.140873630,QUERY_ORDER_STREAM,60
2019-06-28 12:31:53.140873630,QUERY_SPREAD,60
2019-06-28 12:31:53.140873630,BEST_BID,"JPM,99969,100"
2019-06-28 12:31:53.140873630,BEST_ASK,"JPM,100204,182"
2019-06-28 12:31:58.334852789,QUERY_SPREAD,10
2019-06-28 12:31:58.334852789,BEST_BID,"JPM,99969,100"
2019-06-28 12:31:58.334852789,BEST_ASK,"JPM,100204,182"
2019-06-28 12:32:00.000000000,QUERY_SPREAD,1
2019-06-28 12:32:00.000000000,BEST_BID,"JPM,99969,212"
2019-06-28 12:32:00.000000000,BEST_ASK,"JPM,100204,100"
2019-06-28 12:32:00.000000000,BEST_BID,"JPM,99969,212"
2019-06-28 12:32:00.000000000,BEST_ASK,"JPM,100204,100"
2019-06-28 12:32:00.000000000,BEST_BID,"JPM,99969,212"
2019-06-28 12:32:00.000000000,BEST_ASK,"JPM,100204,100"
2019-06-28 12:32:00.000000000,BEST_BID,"JPM,99969,212"
2019-06-28 12:32:00.000000000,BEST_ASK,"JPM,100204,212"
2019-06-28 12:32:00.000000000,BEST_BID,"JPM,99969,212"
2019-06-28 12:32:00.000000000,BEST_ASK,"JPM,100204,212"
2019-06-28 12:32:00.000000000,BEST_BID,"JPM,99969,212"
2019-06-28 12:32:00.000000000,BEST_ASK,"JPM,100204,212"
2019-06-28 12:32:00.000000000,QUERY_SPREAD,77
2019-06-28 12:32:00.000000000,BEST_BID,"JPM,99969,208"
2019-06-28 12:32:00.000000000,BEST_ASK,"JPM,100204,212"
2019-06-28 12:32:00.000000000,LAST_TRADE,"4,$99969.0000"
2019-06-28 12:32:00.000000000,QUERY_SPREAD,78
2019-06-28 12:32:00.000000000,BEST_BID,"JPM,99969,200"
2019-06-28 12:32:00.000000000,BEST_ASK,"JPM,100204,212"
2019-06-28 12:32:00.000000000,LAST_TRADE,"8,$99969.0000"
2019-06-28 12:32:00.000000000,QUERY_SPREAD,79
2019-06-28 12:32:00.000000000,BEST_BID,"JPM,99969,199"
2019-06-28 12:32:00.000000000,BEST_ASK,"JPM,100204,212"
2019-06-28 12:32:00.000000000,LAST_TRADE,"1,$99969.0000"
2019-06-28 12:32:00.000000000,QUERY_SPREAD,80
2019-06-28 12:32:00.000000000,BEST_BID,"JPM,99969,194"
2019-06-28 12:32:00.000000000,BEST_ASK,"JPM,100204,212"
2019-06-28 12:32:00.000000000,LAST_TRADE,"5,$99969.0000"
2019-06-28 12:32:00.000000000,QUERY_SPREAD,81
2019-06-28 12:32:00.000000000,BEST_BID,"JPM,99969,189"
2019-06-28 12:32:00.000000000,BEST_ASK,"JPM,100204,212"
2019-06-28 12:32:00.000000000,LAST_TRADE,"5,$99969.0000"
2019-06-28 12:32:00.000000000,QUERY_SPREAD,82
2019-06-28 12:32:00.000000000,BEST_BID,"JPM,99969,183"
2019-06-28 12:32:00.000000000,BEST_ASK,"JPM,100204,212"
2019-06-28 12:32:00.000000000,LAST_TRADE,"6,$99969.0000"
2019-06-28 12:32:00.000000000,QUERY_SPREAD,83
2019-06-28 12:32:00.000000000,BEST_BID,"JPM,99969,179"
2019-06-28 12:32:00.000000000,BEST_ASK,"JPM,100204,212"
2019-06-28 12:32:00.000000000,LAST_TRADE,"4,$99969.0000"
2019-06-28 12:32:00.000000000,QUERY_SPREAD,84
2019-06-28 12:32:00.000000000,BEST_BID,"JPM,99969,174"
2019-06-28 12:32:00.000000000,BEST_ASK,"JPM,100204,212"
2019-06-28 12:32:00.000000000,LAST_TRADE,"5,$99969.0000"
2019-06-28 12:32:00.000000000,QUERY_SPREAD,85
2019-06-28 12:32:00.000000000,BEST_BID,"JPM,99969,169"
2019-06-28 12:32:00.000000000,BEST_ASK,"JPM,100204,212"
2019-06-28 12:32:00.000000000,LAST_TRADE,"5,$99969.0000"
2019-06-28 12:32:00.000000000,QUERY_SPREAD,86
2019-06-28 12:32:00.000000000,BEST_BID,"JPM,99969,160"
2019-06-28 12:32:00.000000000,BEST_ASK,"JPM,100204,212"
2019-06-28 12:32:00.000000000,LAST_TRADE,"9,$99969.0000"
2019-06-28 12:32:00.000000000,QUERY_SPREAD,87
2019-06-28 12:32:00.000000000,BEST_BID,"JPM,99969,158"
2019-06-28 12:32:00.000000000,BEST_ASK,"JPM,100204,212"
2019-06-28 12:32:00.000000000,LAST_TRADE,"2,$99969.0000"
2019-06-28 12:32:00.000000000,QUERY_SPREAD,88
2019-06-28 12:32:00.000000000,BEST_BID,"JPM,99969,150"
2019-06-28 12:32:00.000000000,BEST_ASK,"JPM,100204,212"
2019-06-28 12:32:00.000000000,LAST_TRADE,"8,$99969.0000"
2019-06-28 12:32:00.000000000,QUERY_SPREAD,89
2019-06-28 12:32:00.000000000,BEST_BID,"JPM,99969,143"
2019-06-28 12:32:00.000000000,BEST_ASK,"JPM,100204,212"
2019-06-28 12:32:00.000000000,LAST_TRADE,"7,$99969.0000"
2019-06-28 12:32:00.000000000,QUERY_SPREAD,90
2019-06-28 12:32:00.000000000,BEST_BID,"JPM,99969,137"
2019-06-28 12:32:00.000000000,BEST_ASK,"JPM,100204,212"
2019-06-28 12:32:00.000000000,LAST_TRADE,"6,$99969.0000"
2019-06-28 12:32:00.000000000,QUERY_SPREAD,91
2019-06-28 12:32:00.000000000,BEST_BID,"JPM,99969,132"
2019-06-28 12:32:00.000000000,BEST_ASK,"JPM,100204,212"
2019-06-28 12:32:00.000000000,LAST_TRADE,"5,$99969.0000"
2019-06-28 12:32:00.000000000,QUERY_SPREAD,92
2019-06-28 12:32:00.000000000,BEST_BID,"JPM,99969,131"
2019-06-28 12:32:00.000000000,BEST_ASK,"JPM,100204,212"
2019-06-28 12:32:00.000000000,LAST_TRADE,"1,$99969.0000"
2019-06-28 12:32:00.000000000,QUERY_SPREAD,93
2019-06-28 12:32:00.000000000,BEST_BID,"JPM,99969,129"
2019-06-28 12:32:00.000000000,BEST_ASK,"JPM,100204,212"
2019-06-28 12:32:00.000000000,LAST_TRADE,"2,$99969.0000"
2019-06-28 12:32:00.000000000,QUERY_SPREAD,94
2019-06-28 12:32:00.000000000,BEST_BID,"JPM,99969,127"
2019-06-28 12:32:00.000000000,BEST_ASK,"JPM,100204,212"
2019-06-28 12:32:00.000000000,LAST_TRADE,"2,$99969.0000"
2019-06-28 12:32:00.000000000,QUERY_SPREAD,95
2019-06-28 12:32:00.000000000,BEST_BID,"JPM,99969,120"
2019-06-28 12:32:00.000000000,BEST_ASK,"JPM,100204,212"
2019-06-28 12:32:00.000000000,LAST_TRADE,"7,$99969.0000"
2019-06-28 12:32:00.000000000,QUERY_SPREAD,96
2019-06-28 12:32:00.000000000,BEST_BID,"JPM,99969,113"
2019-06-28 12:32:00.000000000,BEST_ASK,"JPM,100204,212"
2019-06-28 12:32:00.000000000,LAST_TRADE,"7,$99969.0000"
2019-06-28 12:32:00.000000000,QUERY_SPREAD,97
2019-06-28 12:32:00.000000000,BEST_BID,"JPM,99969,107"
2019-06-28 12:32:00.000000000,BEST_ASK,"JPM,100204,212"
2019-06-28 12:32:00.000000000,LAST_TRADE,"6,$99969.0000"
2019-06-28 12:32:00.000000000,QUERY_SPREAD,98
2019-06-28 12:32:00.000000000,BEST_BID,"JPM,99969,103"
2019-06-28 12:32:00.000000000,BEST_ASK,"JPM,100204,212"
2019-06-28 12:32:00.000000000,LAST_TRADE,"4,$99969.0000"
2019-06-28 12:32:00.000000000,QUERY_SPREAD,99
2019-06-28 12:32:00.000000000,BEST_BID,"JPM,99969,101"
2019-06-28 12:32:00.000000000,BEST_ASK,"JPM,100204,212"
2019-06-28 12:32:00.000000000,LAST_TRADE,"2,$99969.0000"
2019-06-28 12:32:00.000000000,QUERY_SPREAD,100
2019-06-28 12:32:00.000000000,BEST_BID,"JPM,99969,95"
2019-06-28 12:32:00.000000000,BEST_ASK,"JPM,100204,212"
2019-06-28 12:32:00.000000000,LAST_TRADE,"6,$99969.0000"
2019-06-28 12:32:00.000000000,QUERY_SPREAD,101
2019-06-28 12:32:00.000000000,QUERY_ORDER_STREAM,101
2019-06-28 12:32:10.000000000,QUERY_SPREAD,1
2019-06-28 12:32:10.000000000,BEST_BID,"JPM,99808,266"
2019-06-28 12:32:10.000000000,BEST_ASK,"JPM,100204,100"
2019-06-28 12:32:10.000000000,BEST_BID,"JPM,99808,266"
2019-06-28 12:32:10.000000000,BEST_ASK,"JPM,100204,100"
2019-06-28 12:32:10.000000000,BEST_BID,"JPM,99808,266"
2019-06-28 12:32:10.000000000,BEST_ASK,"JPM,100204,100"
2019-06-28 12:32:10.000000000,BEST_BID,"JPM,99808,266"
2019-06-28 12:32:10.000000000,BEST_ASK,"JPM,100204,100"
2019-06-28 12:32:10.000000000,BEST_BID,"JPM,99808,266"
2019-06-28 12:32:10.000000000,BEST_ASK,"JPM,100204,100"
2019-06-28 12:32:10.000000000,BEST_BID,"JPM,99808,266"
2019-06-28 12:32:10.000000000,BEST_ASK,"JPM,100204,166"
2019-06-28 12:32:10.000000000,BEST_BID,"JPM,99808,266"
2019-06-28 12:32:10.000000000,BEST_ASK,"JPM,100204,166"
2019-06-28 12:32:10.000000000,BEST_BID,"JPM,99808,266"
2019-06-28 12:32:10.000000000,BEST_ASK,"JPM,100204,166"
2019-06-28 12:32:10.000000000,BEST_BID,"JPM,99808,266"
2019-06-28 12:32:10.000000000,BEST_ASK,"JPM,100204,166"
2019-06-28 12:32:10.000000000,BEST_BID,"JPM,99808,266"
2019-06-28 12:32:10.000000000,BEST_ASK,"JPM,100204,166"
2019-06-28 12:32:20.000000000,QUERY_SPREAD,1
2019-06-28 12:32:20.000000000,BEST_BID,"JPM,99808,282"
2019-06-28 12:32:20.000000000,BEST_ASK,"JPM,100204,100"
2019-06-28 12:32:20.000000000,BEST_BID,"JPM,99808,282"
2019-06-28 12:32:20.000000000,BEST_ASK,"JPM,100204,100"
2019-06-28 12:32:20.000000000,BEST_BID,"JPM,99808,282"
2019-06-28 12:32:20.000000000,BEST_ASK,"JPM,100204,100"
2019-06-28 12:32:20.000000000,BEST_BID,"JPM,99808,282"
2019-06-28 12:32:20.000000000,BEST_ASK,"JPM,100204,100"
2019-06-28 12:32:20.000000000,BEST_BID,"JPM,99808,282"
2019-06-28 12:32:20.000000000,BEST_ASK,"JPM,100204,182"
2019-06-28 12:32:20.000000000,BEST_BID,"JPM,99808,282"
2019-06-28 12:32:20.000000000,BEST_ASK,"JPM,100204,182"
2019-06-28 12:32:20.000000000,BEST_BID,"JPM,99808,282"
2019-06-28 12:32:20.000000000,BEST_ASK,"JPM,100204,182"
2019-06-28 12:32:20.000000000,BEST_BID,"JPM,99808,282"
2019-06-28 12:32:20.000000000,BEST_ASK,"JPM,100204,182"
2019-06-28 12:32:21.871128806,QUERY_SPREAD,22
2019-06-28 12:32:21.871128806,BEST_BID,"JPM,99808,282"
2019-06-28 12:32:21.871128806,BEST_ASK,"JPM,99999,100"
2019-06-28 12:32:22.009863633,QUERY_ORDER_STREAM,54
2019-06-28 12:32:22.009863633,QUERY_SPREAD,54
2019-06-28 12:32:23.875349189,QUERY_SPREAD,42
2019-06-28 12:32:23.875349189,BEST_BID,"JPM,99865,100"
2019-06-28 12:32:23.875349189,BEST_ASK,"JPM,99999,100"
2019-06-28 12:32:30.000000000,QUERY_SPREAD,1
2019-06-28 12:32:30.000000000,BEST_BID,"JPM,99865,182"
2019-06-28 12:32:30.000000000,BEST_ASK,"JPM,99999,100"
2019-06-28 12:32:30.000000000,BEST_BID,"JPM,99865,182"
2019-06-28 12:32:30.000000000,BEST_ASK,"JPM,99999,100"
2019-06-28 12:32:30.000000000,BEST_BID,"JPM,99865,182"
2019-06-28 12:32:30.000000000,BEST_ASK,"JPM,99999,100"
2019-06-28 12:32:30.000000000,BEST_BID,"JPM,99865,182"
2019-06-28 12:32:30.000000000,BEST_ASK,"JPM,99999,100"
2019-06-28 12:32:30.000000000,BEST_BID,"JPM,99865,182"
2019-06-28 12:32:30.000000000,BEST_ASK,"JPM,99999,182"
2019-06-28 12:32:30.000000000,BEST_BID,"JPM,99865,182"
2019-06-28 12:32:30.000000000,BEST_ASK,"JPM,99999,182"
2019-06-28 12:32:30.000000000,BEST_BID,"JPM,99865,182"
2019-06-28 12:32:30.000000000,BEST_ASK,"JPM,99999,182"
2019-06-28 12:32:30.000000000,BEST_BID,"JPM,99865,182"
2019-06-28 12:32:30.000000000,BEST_ASK,"JPM,99999,182"
2019-06-28 12:32:40.000000000,QUERY_SPREAD,1
2019-06-28 12:32:40.000000000,BEST_BID,"JPM,99865,212"
2019-06-28 12:32:40.000000000,BEST_ASK,"JPM,99999,100"
2019-06-28 12:32:40.000000000,BEST_BID,"JPM,99865,212"
2019-06-28 12:32:40.000000000,BEST_ASK,"JPM,99999,100"
2019-06-28 12:32:40.000000000,BEST_BID,"JPM,99865,212"
2019-06-28 12:32:40.000000000,BEST_ASK,"JPM,99999,100"
2019-06-28 12:32:40.000000000,BEST_BID,"JPM,99865,212"
2019-06-28 12:32:40.000000000,BEST_ASK,"JPM,99999,212"
2019-06-28 12:32:40.000000000,BEST_BID,"JPM,99865,212"
2019-06-28 12:32:40.000000000,BEST_ASK,"JPM,99999,212"
2019-06-28 12:32:40.000000000,BEST_BID,"JPM,99865,212"
2019-06-28 12:32:40.000000000,BEST_ASK,"JPM,99999,212"
2019-06-28 12:32:50.000000000,QUERY_SPREAD,1
2019-06-28 12:32:50.000000000,BEST_BID,"JPM,99865,166"
2019-06-28 12:32:50.000000000,BEST_ASK,"JPM,99999,100"
2019-06-28 12:32:50.000000000,BEST_BID,"JPM,99865,166"
2019-06-28 12:32:50.000000000,BEST_ASK,"JPM,99999,100"
2019-06-28 12:32:50.000000000,BEST_BID,"JPM,99865,166"
2019-06-28 12:32:50.000000000,BEST_ASK,"JPM,99999,100"
2019-06-28 12:32:50.000000000,BEST_BID,"JPM,99865,166"
2019-06-28 12:32:50.000000000,BEST_ASK,"JPM,99999,100"
2019-06-28 12:32:50.000000000,BEST_BID,"JPM,99865,166"
2019-06-28 12:32:50.000000000,BEST_ASK,"JPM,99999,100"
2019-06-28 12:32:50.000000000,BEST_BID,"JPM,99865,166"
2019-06-28 12:32:50.000000000,BEST_ASK,"JPM,99999,166"
2019-06-28 12:32:50.000000000,BEST_BID,"JPM,99865,166"
2019-06-28 12:32:50.000000000,BEST_ASK,"JPM,99999,166"
2019-06-28 12:32:50.000000000,BEST_BID,"JPM,99865,166"
2019-06-28 12:32:50.000000000,BEST_ASK,"JPM,99999,166"
2019-06-28 12:32:50.000000000,BEST_BID,"JPM,99865,166"
2019-06-28 12:32:50.000000000,BEST_ASK,"JPM,99999,166"
2019-06-28 12:32:50.000000000,BEST_BID,"JPM,99865,166"
2019-06-28 12:32:50.000000000,BEST_ASK,"JPM,99999,166"
2019-06-28 12:33:00.000000000,QUERY_SPREAD,1
2019-06-28 12:33:00.000000000,BEST_BID,"JPM,99865,428"
2019-06-28 12:33:00.000000000,BEST_ASK,"JPM,99999,100"
2019-06-28 12:33:00.000000000,BEST_BID,"JPM,99865,428"
2019-06-28 12:33:00.000000000,BEST_ASK,"JPM,99999,428"
2019-06-28 12:33:00.000000000,QUERY_SPREAD,77
2019-06-28 12:33:00.000000000,BEST_BID,"JPM,99865,424"
2019-06-28 12:33:00.000000000,BEST_ASK,"JPM,99999,428"
2019-06-28 12:33:00.000000000,LAST_TRADE,"4,$99865.0000"
2019-06-28 12:33:00.000000000,QUERY_SPREAD,78
2019-06-28 12:33:00.000000000,BEST_BID,"JPM,99865,416"
2019-06-28 12:33:00.000000000,BEST_ASK,"JPM,99999,428"
2019-06-28 12:33:00.000000000,LAST_TRADE,"8,$99865.0000"
2019-06-28 12:33:00.000000000,QUERY_SPREAD,79
2019-06-28 12:33:00.000000000,BEST_BID,"JPM,99865,415"
2019-06-28 12:33:00.000000000,BEST_ASK,"JPM,99999,428"
2019-06-28 12:33:00.000000000,LAST_TRADE,"1,$99865.0000"
2019-06-28 12:33:00.000000000,QUERY_SPREAD,80
2019-06-28 12:33:00.000000000,BEST_BID,"JPM,99865,410"
2019-06-28 12:33:00.000000000,BEST_ASK,"JPM,99999,428"
2019-06-28 12:33:00.000000000,LAST_TRADE,"5,$99865.0000"
2019-06-28 12:33:00.000000000,QUERY_SPREAD,81
2019-06-28 12:33:00.000000000,BEST_BID,"JPM,99865,405"
2019-06-28 12:33:00.000000000,BEST_ASK,"JPM,99999,428"
2019-06-28 12:33:00.000000000,LAST_TRADE,"5,$99865.0000"
2019-06-28 12:33:00.000000000,QUERY_SPREAD,82
2019-06-28 12:33:00.000000000,BEST_BID,"JPM,99865,399"
2019-06-28 12:33:00.000000000,BEST_ASK,"JPM,99999,428"
2019-06-28 12:33:00.000000000,LAST_TRADE,"6,$99865.0000"
2019-06-28 12:33:00.000000000,QUERY_SPREAD,83
2019-06-28 12:33:00.000000000,BEST_BID,"JPM,99865,395"
2019-06-28 12:33:00.000000000,BEST_ASK,"JPM,99999,428"
2019-06-28 12:33:00.000000000,LAST_TRADE,"4,$99865.0000"
2019-06-28 12:33:00.000000000,QUERY_SPREAD,84
2019-06-28 12:33:00.000000000,BEST_BID,"JPM,99865,390"
2019-06-28 12:33:00.000000000,BEST_ASK,"JPM,99999,428"
2019-06-28 12:33:00.000000000,LAST_TRADE,"5,$99865.0000"
2019-06-28 12:33:00.000000000,QUERY_SPREAD,85
2019-06-28 12:33:00.000000000,BEST_BID,"JPM,99865,385"
2019-06-28 12:33:00.000000000,BEST_ASK,"JPM,99999,428"
2019-06-28 12:33:00.000000000,LAST_TRADE,"5,$99865.0000"
2019-06-28 12:33:00.000000000,QUERY_SPREAD,86
2019-06-28 12:33:00.000000000,BEST_BID,"JPM,99865,376"
2019-06-28 12:33:00.000000000,BEST_ASK,"JPM,99999,428"
2019-06-28 12:33:00.000000000,LAST_TRADE,"9,$99865.0000"
2019-06-28 12:33:00.000000000,QUERY_SPREAD,87
2019-06-28 12:33:00.000000000,BEST_BID,"JPM,99865,374"
2019-06-28 12:33:00.000000000,BEST_ASK,"JPM,99999,428"
2019-06-28 12:33:00.000000000,LAST_TRADE,"2,$99865.0000"
2019-06-28 12:33:00.000000000,QUERY_SPREAD,88
2019-06-28 12:33:00.000000000,BEST_BID,"JPM,99865,366"
2019-06-28 12:33:00.000000000,BEST_ASK,"JPM,99999,428"
2019-06-28 12:33:00.000000000,LAST_TRADE,"8,$99865.0000"
2019-06-28 12:33:00.000000000,QUERY_SPREAD,89
2019-06-28 12:33:00.000000000,BEST_BID,"JPM,99865,359"
2019-06-28 12:33:00.000000000,BEST_ASK,"JPM,99999,428"
2019-06-28 12:33:00.000000000,LAST_TRADE,"7,$99865.0000"
2019-06-28 12:33:00.000000000,QUERY_SPREAD,90
2019-06-28 12:33:00.000000000,BEST_BID,"JPM,99865,353"
2019-06-28 12:33:00.000000000,BEST_ASK,"JPM,99999,428"
2019-06-28 12:33:00.000000000,LAST_TRADE,"6,$99865.0000"
2019-06-28 12:33:00.000000000,QUERY_SPREAD,91
2019-06-28 12:33:00.000000000,BEST_BID,"JPM,99865,348"
2019-06-28 12:33:00.000000000,BEST_ASK,"JPM,99999,428"
2019-06-28 12:33:00.000000000,LAST_TRADE,"5,$99865.0000"
2019-06-28 12:33:00.000000000,QUERY_SPREAD,92
2019-06-28 12:33:00.000000000,BEST_BID,"JPM,99865,347"
2019-06-28 12:33:00.000000000,BEST_ASK,"JPM,99999,428"
2019-06-28 12:33:00.000000000,LAST_TRADE,"1,$99865.0000"
2019-06-28 12:33:00.000000000,QUERY_SPREAD,93
2019-06-28 12:33:00.000000000,BEST_BID,"JPM,99865,345"
2019-06-28 12:33:00.000000000,BEST_ASK,"JPM,99999,428"
2019-06-28 12:33:00.000000000,LAST_TRADE,"2,$99865.0000"
2019-06-28 12:33:00.000000000,QUERY_SPREAD,94
2019-06-28 12:33:00.000000000,BEST_BID,"JPM,99865,343"
2019-06-28 12:33:00.000000000,BEST_ASK,"JPM,99999,428"
2019-06-28 12:33:00.000000000,LAST_TRADE,"2,$99865.0000"
2019-06-28 12:33:00.000000000,QUERY_SPREAD,95
2019-06-28 12:33:00.000000000,BEST_BID,"JPM,99865,336"
2019-06-28 12:33:00.000000000,BEST_ASK,"JPM,99999,428"
2019-06-28 12:33:00.000000000,LAST_TRADE,"7,$99865.0000"
2019-06-28 12:33:00.000000000,QUERY_SPREAD,96
2019-06-28 12:33:00.000000000,BEST_BID,"JPM,99865,329"
2019-06-28 12:33:00.000000000,BEST_ASK,"JPM,99999,428"
2019-06-28 12:33:00.000000000,LAST_TRADE,"7,$99865.0000"
2019-06-28 12:33:00.000000000,QUERY_SPREAD,97
2019-06-28 12:33:00.000000000,BEST_BID,"JPM,99865,323"
2019-06-28 12:33:00.000000000,BEST_ASK,"JPM,99999,428"
2019-06-28 12:33:00.000000000,LAST_TRADE,"6,$99865.0000"
2019-06-28 12:33:00.000000000,QUERY_SPREAD,98
2019-06-28 12:33:00.000000000,BEST_BID,"JPM,99865,319"
2019-06-28 12:33:00.000000000,BEST_ASK,"JPM,99999,428"
2019-06-28 12:33:00.000000000,LAST_TRADE,"4,$99865.0000"
2019-06-28 12:33:00.000000000,QUERY_SPREAD,99
2019-06-28 12:33:00.000000000,BEST_BID,"JPM,99865,317"
2019-06-28 12:33:00.000000000,BEST_ASK,"JPM,99999,428"
2019-06-28 12:33:00.000000000,LAST_TRADE,"2,$99865.0000"
2019-06-28 12:33:00.000000000,QUERY_SPREAD,100
2019-06-28 12:33:00.000000000,BEST_BID,"JPM,99865,311"
2019-06-28 12:33:00.000000000,BEST_ASK,"JPM,99999,428"
2019-06-28 12:33:00.000000000,LAST_TRADE,"6,$99865.0000"
2019-06-28 12:33:00.000000000,QUERY_SPREAD,101
2019-06-28 12:33:00.000000000,QUERY_ORDER_STREAM,101
2019-06-28 12:33:10.000000000,QUERY_SPREAD,1
2019-06-28 12:33:10.000000000,BEST_BID,"JPM,99808,266"
2019-06-28 12:33:10.000000000,BEST_ASK,"JPM,99999,100"
2019-06-28 12:33:10.000000000,BEST_BID,"JPM,99808,266"
2019-06-28 12:33:10.000000000,BEST_ASK,"JPM,99999,100"
2019-06-28 12:33:10.000000000,BEST_BID,"JPM,99808,266"
2019-06-28 12:33:10.000000000,BEST_ASK,"JPM,99999,100"
2019-06-28 12:33:10.000000000,BEST_BID,"JPM,99808,266"
2019-06-28 12:33:10.000000000,BEST_ASK,"JPM,99999,100"
2019-06-28 12:33:10.000000000,BEST_BID,"JPM,99808,266"
2019-06-28 12:33:10.000000000,BEST_ASK,"JPM,99999,100"
2019-06-28 12:33:10.000000000,BEST_BID,"JPM,99808,266"
2019-06-28 12:33:10.000000000,BEST_ASK,"JPM,99999,166"
2019-06-28 12:33:10.000000000,BEST_BID,"JPM,99808,266"
2019-06-28 12:33:10.000000000,BEST_ASK,"JPM,99999,166"
2019-06-28 12:33:10.000000000,BEST_BID,"JPM,99808,266"
2019-06-28 12:33:10.000000000,BEST_ASK,"JPM,99999,166"
2019-06-28 12:33:10.000000000,BEST_BID,"JPM,99808,266"
2019-06-28 12:33:10.000000000,BEST_ASK,"JPM,99999,166"
2019-06-28 12:33:10.000000000,BEST_BID,"JPM,99808,266"
2019-06-28 12:33:10.000000000,BEST_ASK,"JPM,99999,166"
2019-06-28 12:33:20.000000000,QUERY_SPREAD,1
2019-06-28 12:33:20.000000000,BEST_BID,"JPM,99808,312"
2019-06-28 12:33:20.000000000,BEST_ASK,"JPM,99999,100"
2019-06-28 12:33:20.000000000,BEST_BID,"JPM,99808,312"
2019-06-28 12:33:20.000000000,BEST_ASK,"JPM,99999,100"
2019-06-28 12:33:20.000000000,BEST_BID,"JPM,99808,312"
2019-06-28 12:33:20.000000000,BEST_ASK,"JPM,99999,100"
2019-06-28 12:33:20.000000000,BEST_BID,"JPM,99808,312"
2019-06-28 12:33:20.000000000,BEST_ASK,"JPM,99999,212"
2019-06-28 12:33:20.000000000,BEST_BID,"JPM,99808,312"
2019-06-28 12:33:20.000000000,BEST_ASK,"JPM,99999,212"
2019-06-28 12:33:20.000000000,BEST_BID,"JPM,99808,312"
2019-06-28 12:33:20.000000000,BEST_ASK,"JPM,99999,212"
2019-06-28 12:33:29.578808357,QUERY_SPREAD,28
2019-06-28 12:33:29.578808357,BEST_BID,"JPM,99808,312"
2019-06-28 12:33:29.578808357,BEST_ASK,"JPM,99999,212"
2019-06-28 12:33:30.000000000,QUERY_SPREAD,1
2019-06-28 12:33:30.000000000,BEST_BID,"JPM,99808,364"
2019-06-28 12:33:30.000000000,BEST_ASK,"JPM,99999,100"
2019-06-28 12:33:30.000000000,BEST_BID,"JPM,99808,364"
2019-06-28 12:33:30.000000000,BEST_ASK,"JPM,99999,100"
2019-06-28 12:33:30.000000000,BEST_BID,"JPM,99808,364"
2019-06-28 12:33:30.000000000,BEST_ASK,"JPM,99999,264"
2019-06-28 12:33:30.000000000,BEST_BID,"JPM,99808,364"
2019-06-28 12:33:30.000000000,BEST_ASK,"JPM,99999,264"
2019-06-28 12:33:31.152484470,QUERY_SPREAD,38
2019-06-28 12:33:31.152484470,BEST_BID,"JPM,99808,364"
2019-06-28 12:33:31.152484470,BEST_ASK,"JPM,99999,264"
2019-06-28 12:33:40.000000000,QUERY_SPREAD,1
2019-06-28 12:33:40.000000000,BEST_BID,"JPM,99808,528"
2019-06-28 12:33:40.000000000,BEST_ASK,"JPM,99999,100"
2019-06-28 12:33:40.000000000,BEST_BID,"JPM,99808,528"
2019-06-28 12:33:40.000000000,BEST_ASK,"JPM,99999,428"
2019-06-28 12:33:50.000000000,QUERY_SPREAD,1
2019-06-28 12:33:50.000000000,BEST_BID,"JPM,99808,266"
2019-06-28 12:33:50.000000000,BEST_ASK,"JPM,99999,100"
2019-06-28 12:33:50.000000000,BEST_BID,"JPM,99808,266"
2019-06-28 12:33:50.000000000,BEST_ASK,"JPM,99999,100"
2019-06-28 12:33:50.000000000,BEST_BID,"JPM,99808,266"
2019-06-28 12:33:50.000000000,BEST_ASK,"JPM,99999,100"
2019-06-28 12:33:50.000000000,BEST_BID,"JPM,99808,266"
2019-06-28 12:33:50.000000000,BEST_ASK,"JPM,99999,100"
2019-06-28 12:33:50.000000000,BEST_BID,"JPM,99808,266"
2019-06-28 12:33:50.000000000,BEST_ASK,"JPM,99999,100"
2019-06-28 12:33:50.000000000,BEST_BID,"JPM,99808,266"
2019-06-28 12:33:50.000000000,BEST_ASK,"JPM,99999,166"
2019-06-28 12:33:50.000000000,BEST_BID,"JPM,99808,266"
2019-06-28 12:33:50.000000000,BEST_ASK,"JPM,99999,166"
2019-06-28 12:33:50.000000000,BEST_BID,"JPM,99808,266"
2019-06-28 12:33:50.000000000,BEST_ASK,"JPM,99999,166"
2019-06-28 12:33:50.000000000,BEST_BID,"JPM,99808,266"
2019-06-28 12:33:50.000000000,BEST_ASK,"JPM,99999,166"
2019-06-28 12:33:50.000000000,BEST_BID,"JPM,99808,266"
2019-06-28 12:33:50.000000000,BEST_ASK,"JPM,99999,166"
2019-06-28 12:34:00.000000000,QUERY_SPREAD,1
2019-06-28 12:34:00.000000000,BEST_BID,"JPM,99808,266"
2019-06-28 12:34:00.000000000,BEST_ASK,"JPM,99999,100"
2019-06-28 12:34:00.000000000,BEST_BID,"JPM,99808,266"
2019-06-28 12:34:00.000000000,BEST_ASK,"JPM,99999,100"
2019-06-28 12:34:00.000000000,BEST_BID,"JPM,99808,266"
2019-06-28 12:34:00.000000000,BEST_ASK,"JPM,99999,100"
2019-06-28 12:34:00.000000000,BEST_BID,"JPM,99808,266"
2019-06-28 12:34:00.000000000,BEST_ASK,"JPM,99999,100"
2019-06-28 12:34:00.000000000,BEST_BID,"JPM,99808,266"
2019-06-28 12:34:00.000000000,BEST_ASK,"JPM,99999,100"
2019-06-28 12:34:00.000000000,BEST_BID,"JPM,99808,266"
2019-06-28 12:34:00.000000000,BEST_ASK,"JPM,99999,166"
2019-06-28 12:34:00.000000000,BEST_BID,"JPM,99808,266"
2019-06-28 12:34:00.000000000,BEST_ASK,"JPM,99999,166"
2019-06-28 12:34:00.000000000,BEST_BID,"JPM,99808,266"
2019-06-28 12:34:00.000000000,BEST_ASK,"JPM,99999,166"
2019-06-28 12:34:00.000000000,BEST_BID,"JPM,99808,266"
2019-06-28 12:34:00.000000000,BEST_ASK,"JPM,99999,166"
2019-06-28 12:34:00.000000000,BEST_BID,"JPM,99808,266"
2019-06-28 12:34:00.000000000,BEST_ASK,"JPM,99999,166"
2019-06-28 12:34:00.000000000,QUERY_SPREAD,77
2019-06-28 12:34:00.000000000,BEST_BID,"JPM,99808,262"
2019-06-28 12:34:00.000000000,BEST_ASK,"JPM,99999,166"
2019-06-28 12:34:00.000000000,LAST_TRADE,"4,$99808.0000"
2019-06-28 12:34:00.000000000,QUERY_SPREAD,78
2019-06-28 12:34:00.000000000,BEST_BID,"JPM,99808,254"
2019-06-28 12:34:00.000000000,BEST_ASK,"JPM,99999,166"
2019-06-28 12:34:00.000000000,LAST_TRADE,"8,$99808.0000"
2019-06-28 12:34:00.000000000,QUERY_SPREAD,79
2019-06-28 12:34:00.000000000,BEST_BID,"JPM,99808,253"
2019-06-28 12:34:00.000000000,BEST_ASK,"JPM,99999,166"
2019-06-28 12:34:00.000000000,LAST_TRADE,"1,$99808.0000"
2019-06-28 12:34:00.000000000,QUERY_SPREAD,80
2019-06-28 12:34:00.000000000,BEST_BID,"JPM,99808,248"
2019-06-28 12:34:00.000000000,BEST_ASK,"JPM,99999,166"
2019-06-28 12:34:00.000000000,LAST_TRADE,"5,$99808.0000"
2019-06-28 12:34:00.000000000,QUERY_SPREAD,81
2019-06-28 12:34:00.000000000,BEST_BID,"JPM,99808,243"
2019-06-28 12:34:00.000000000,BEST_ASK,"JPM,99999,166"
2019-06-28 12:34:00.000000000,LAST_TRADE,"5,$99808.0000"
2019-06-28 12:34:00.000000000,QUERY_SPREAD,82
2019-06-28 12:34:00.000000000,BEST_BID,"JPM,99808,237"
2019-06-28 12:34:00.000000000,BEST_ASK,"JPM,99999,166"
2019-06-28 12:34:00.000000000,LAST_TRADE,"6,$99808.0000"
2019-06-28 12:34:00.000000000,QUERY_SPREAD,83
2019-06-28 12:34:00.000000000,BEST_BID,"JPM,99808,233"
2019-06-28 12:34:00.000000000,BEST_ASK,"JPM,99999,166"
2019-06-28 12:34:00.000000000,LAST_TRADE,"4,$99808.0000"
2019-06-28 12:34:00.000000000,QUERY_SPREAD,84
2019-06-28 12:34:00.000000000,BEST_BID,"JPM,99808,228"
2019-06-28 12:34:00.000000000,BEST_ASK,"JPM,99999,166"
2019-06-28 12:34:00.000000000,LAST_TRADE,"5,$99808.0000"
2019-06-28 12:34:00.000000000,QUERY_SPREAD,85
2019-06-28 12:34:00.000000000,BEST_BID,"JPM,99808,223"
2019-06-28 12:34:00.000000000,BEST_ASK,"JPM,99999,166"
2019-06-28 12:34:00.000000000,LAST_TRADE,"5,$99808.0000"
2019-06-28 12:34:00.000000000,QUERY_SPREAD,86
2019-06-28 12:34:00.000000000,BEST_BID,"JPM,99808,214"
2019-06-28 12:34:00.000000000,BEST_ASK,"JPM,99999,166"
2019-06-28 12:34:00.000000000,LAST_TRADE,"9,$99808.0000"
2019-06-28 12:34:00.000000000,QUERY_SPREAD,87
2019-06-28 12:34:00.000000000,BEST_BID,"JPM,99808,212"
2019-06-28 12:34:00.000000000,BEST_ASK,"JPM,99999,166"
2019-06-28 12:34:00.000000000,LAST_TRADE,"2,$99808.0000"
2019-06-28 12:34:00.000000000,QUERY_SPREAD,88
2019-06-28 12:34:00.000000000,BEST_BID,"JPM,99808,204"
2019-06-28 12:34:00.000000000,BEST_ASK,"JPM,99999,166"
2019-06-28 12:34:00.000000000,LAST_TRADE,"8,$99808.0000"
2019-06-28 12:34:00.000000000,QUERY_SPREAD,89
2019-06-28 12:34:00.000000000,BEST_BID,"JPM,99808,197"
2019-06-28 12:34:00.000000000,BEST_ASK,"JPM,99999,166"
2019-06-28 12:34:00.000000000,LAST_TRADE,"7,$99808.0000"
2019-06-28 12:34:00.000000000,QUERY_SPREAD,90
2019-06-28 12:34:00.000000000,BEST_BID,"JPM,99808,191"
2019-06-28 12:34:00.000000000,BEST_ASK,"JPM,99999,166"
2019-06-28 12:34:00.000000000,LAST_TRADE,"6,$99808.0000"
2019-06-28 12:34:00.000000000,QUERY_SPREAD,91
2019-06-28 12:34:00.000000000,BEST_BID,"JPM,99808,186"
2019-06-28 12:34:00.000000000,BEST_ASK,"JPM,99999,166"
2019-06-28 12:34:00.000000000,LAST_TRADE,"5,$99808.0000"
2019-06-28 12:34:00.000000000,QUERY_SPREAD,92
2019-06-28 12:34:00.000000000,BEST_BID,"JPM,99808,185"
2019-06-28 12:34:00.000000000,BEST_ASK,"JPM,99999,166"
2019-06-28 12:34:00.000000000,LAST_TRADE,"1,$99808.0000"
2019-06-28 12:34:00.000000000,QUERY_SPREAD,93
2019-06-28 12:34:00.000000000,BEST_BID,"JPM,99808,183"
2019-06-28 12:34:00.000000000,BEST_ASK,"JPM,99999,166"
2019-06-28 12:34:00.000000000,LAST_TRADE,"2,$99808.0000"
2019-06-28 12:34:00.000000000,QUERY_SPREAD,94
2019-06-28 12:34:00.000000000,BEST_BID,"JPM,99808,181"
2019-06-28 12:34:00.000000000,BEST_ASK,"JPM,99999,166"
2019-06-28 12:34:00.000000000,LAST_TRADE,"2,$99808.0000"
2019-06-28 12:34:00.000000000,QUERY_SPREAD,95
2019-06-28 12:34:00.000000000,BEST_BID,"JPM,99808,174"
2019-06-28 12:34:00.000000000,BEST_ASK,"JPM,99999,166"
2019-06-28 12:34:00.000000000,LAST_TRADE,"7,$99808.0000"
2019-06-28 12:34:00.000000000,QUERY_SPREAD,96
2019-06-28 12:34:00.000000000,BEST_BID,"JPM,99808,167"
2019-06-28 12:34:00.000000000,BEST_ASK,"JPM,99999,166"
2019-06-28 12:34:00.000000000,LAST_TRADE,"7,$99808.0000"
2019-06-28 12:34:00.000000000,QUERY_SPREAD,97
2019-06-28 12:34:00.000000000,BEST_BID,"JPM,99808,161"
2019-06-28 12:34:00.000000000,BEST_ASK,"JPM,99999,166"
2019-06-28 12:34:00.000000000,LAST_TRADE,"6,$99808.0000"
2019-06-28 12:34:00.000000000,QUERY_SPREAD,98
2019-06-28 12:34:00.000000000,BEST_BID,"JPM,99808,157"
2019-06-28 12:34:00.000000000,BEST_ASK,"JPM,99999,166"
2019-06-28 12:34:00.000000000,LAST_TRADE,"4,$99808.0000"
2019-06-28 12:34:00.000000000,QUERY_SPREAD,99
2019-06-28 12:34:00.000000000,BEST_BID,"JPM,99808,155"
2019-06-28 12:34:00.000000000,BEST_ASK,"JPM,99999,166"
2019-06-28 12:34:00.000000000,LAST_TRADE,"2,$99808.0000"
2019-06-28 12:34:00.000000000,QUERY_SPREAD,100
2019-06-28 12:34:00.000000000,BEST_BID,"JPM,99808,149"
2019-06-28 12:34:00.000000000,BEST_ASK,"JPM,99999,166"
2019-06-28 12:34:00.000000000,LAST_TRADE,"6,$99808.0000"
2019-06-28 12:34:00.000000000,QUERY_SPREAD,101
2019-06-28 12:34:00.000000000,QUERY_ORDER_STREAM,101
2019-06-28 12:34:10.000000000,QUERY_SPREAD,1
2019-06-28 12:34:10.000000000,BEST_BID,"JPM,99808,247"
2019-06-28 12:34:10.000000000,BEST_ASK,"JPM,99999,100"
2019-06-28 12:34:10.000000000,BEST_BID,"JPM,99808,247"
2019-06-28 12:34:10.000000000,BEST_ASK,"JPM,99999,100"
2019-06-28 12:34:10.000000000,BEST_BID,"JPM,99808,247"
2019-06-28 12:34:10.000000000,BEST_ASK,"JPM,99999,264"
2019-06-28 12:34:10.000000000,BEST_BID,"JPM,99808,247"
2019-06-28 12:34:10.000000000,BEST_ASK,"JPM,99999,264"
2019-06-28 12:34:14.377010643,QUERY_SPREAD,43
2019-06-28 12:34:14.377010643,BEST_BID,"JPM,99808,247"
2019-06-28 12:34:14.377010643,BEST_ASK,"JPM,99999,264"
2019-06-28 12:34:16.223622369,QUERY_SPREAD,6
2019-06-28 12:34:16.223622369,BEST_BID,"JPM,99808,247"
2019-06-28 12:34:16.223622369,BEST_ASK,"JPM,99999,164"
2019-06-28 12:34:16.223622369,LAST_TRADE,"100,$99999.0000"
2019-06-28 12:34:20.000000000,QUERY_SPREAD,1
2019-06-28 12:34:20.000000000,BEST_BID,"JPM,99808,411"
2019-06-28 12:34:20.000000000,BEST_ASK,"JPM,100204,100"
2019-06-28 12:34:20.000000000,BEST_BID,"JPM,99808,411"
2019-06-28 12:34:20.000000000,BEST_ASK,"JPM,100204,428"
2019-06-28 12:34:22.429858421,QUERY_SPREAD,50
2019-06-28 12:34:22.429858421,BEST_BID,"JPM,99808,411"
2019-06-28 12:34:22.429858421,BEST_ASK,"JPM,100204,428"
2019-06-28 12:34:30.000000000,QUERY_SPREAD,1
2019-06-28 12:34:30.000000000,BEST_BID,"JPM,99808,195"
2019-06-28 12:34:30.000000000,BEST_ASK,"JPM,100204,100"
2019-06-28 12:34:30.000000000,BEST_BID,"JPM,99808,195"
2019-06-28 12:34:30.000000000,BEST_ASK,"JPM,100204,100"
2019-06-28 12:34:30.000000000,BEST_BID,"JPM,99808,195"
2019-06-28 12:34:30.000000000,BEST_ASK,"JPM,100204,100"
2019-06-28 12:34:30.000000000,BEST_BID,"JPM,99808,195"
2019-06-28 12:34:30.000000000,BEST_ASK,"JPM,100204,212"
2019-06-28 12:34:30.000000000,BEST_BID,"JPM,99808,195"
2019-06-28 12:34:30.000000000,BEST_ASK,"JPM,100204,212"
2019-06-28 12:34:30.000000000,BEST_BID,"JPM,99808,195"
2019-06-28 12:34:30.000000000,BEST_ASK,"JPM,100204,212"
2019-06-28 12:34:31.757300153,QUERY_SPREAD,18
2019-06-28 12:34:31.757300153,BEST_BID,"JPM,99808,195"
2019-06-28 12:34:31.757300153,BEST_ASK,"JPM,100204,212"
2019-06-28 12:34:40.000000000,QUERY_SPREAD,1
2019-06-28 12:34:40.000000000,BEST_BID,"JPM,99808,195"
2019-06-28 12:34:40.000000000,BEST_ASK,"JPM,100204,100"
2019-06-28 12:34:40.000000000,BEST_BID,"JPM,99808,195"
2019-06-28 12:34:40.000000000,BEST_ASK,"JPM,100204,100"
2019-06-28 12:34:40.000000000,BEST_BID,"JPM,99808,195"
2019-06-28 12:34:40.000000000,BEST_ASK,"JPM,100204,100"
2019-06-28 12:34:40.000000000,BEST_BID,"JPM,99808,195"
2019-06-28 12:34:40.000000000,BEST_ASK,"JPM,100204,212"
2019-06-28 12:34:40.000000000,BEST_BID,"JPM,99808,195"
2019-06-28 12:34:40.000000000,BEST_ASK,"JPM,100204,212"
2019-06-28 12:34:40.000000000,BEST_BID,"JPM,99808,195"
2019-06-28 12:34:40.000000000,BEST_ASK,"JPM,100204,212"
2019-06-28 12:34:50.000000000,QUERY_SPREAD,1
2019-06-28 12:34:50.000000000,BEST_BID,"JPM,99808,149"
2019-06-28 12:34:50.000000000,BEST_ASK,"JPM,100204,100"
2019-06-28 12:34:50.000000000,BEST_BID,"JPM,99808,149"
2019-06-28 12:34:50.000000000,BEST_ASK,"JPM,100204,100"
2019-06-28 12:34:50.000000000,BEST_BID,"JPM,99808,149"
2019-06-28 12:34:50.000000000,BEST_ASK,"JPM,100204,100"
2019-06-28 12:34:50.000000000,BEST_BID,"JPM,99808,149"
2019-06-28 12:34:50.000000000,BEST_ASK,"JPM,100204,100"
2019-06-28 12:34:50.000000000,BEST_BID,"JPM,99808,149"
2019-06-28 12:34:50.000000000,BEST_ASK,"JPM,100204,100"
2019-06-28 12:34:50.000000000,BEST_BID,"JPM,99808,149"
2019-06-28 12:34:50.000000000,BEST_ASK,"JPM,100204,166"
2019-06-28 12:34:50.000000000,BEST_BID,"JPM,99808,149"
2019-06-28 12:34:50.000000000,BEST_ASK,"JPM,100204,166"
2019-06-28 12:34:50.000000000,BEST_BID,"JPM,99808,149"
2019-06-28 12:34:50.000000000,BEST_ASK,"JPM,100204,166"
2019-06-28 12:34:50.000000000,BEST_BID,"JPM,99808,149"
2019-06-28 12:34:50.000000000,BEST_ASK,"JPM,100204,166"
2019-06-28 12:34:50.000000000,BEST_BID,"JPM,99808,149"
2019-06-28 12:34:50.000000000,BEST_ASK,"JPM,100204,166"
2019-06-28 12:35:00.000000000,QUERY_SPREAD,1
2019-06-28 12:35:00.000000000,BEST_BID,"JPM,99808,195"
2019-06-28 12:35:00.000000000,BEST_ASK,"JPM,100204,100"
2019-06-28 12:35:00.000000000,BEST_BID,"JPM,99808,195"
2019-06-28 12:35:00.000000000,BEST_ASK,"JPM,100204,100"
2019-06-28 12:35:00.000000000,BEST_BID,"JPM,99808,195"
2019-06-28 12:35:00.000000000,BEST_ASK,"JPM,100204,100"
2019-06-28 12:35:00.000000000,BEST_BID,"JPM,99808,195"
2019-06-28 12:35:00.000000000,BEST_ASK,"JPM,100204,212"
2019-06-28 12:35:00.000000000,BEST_BID,"JPM,99808,195"
2019-06-28 12:35:00.000000000,BEST_ASK,"JPM,100204,212"
2019-06-28 12:35:00.000000000,BEST_BID,"JPM,99808,195"
2019-06-28 12:35:00.000000000,BEST_ASK,"JPM,100204,212"
2019-06-28 12:35:00.000000000,QUERY_SPREAD,77
2019-06-28 12:35:00.000000000,BEST_BID,"JPM,99808,191"
2019-06-28 12:35:00.000000000,BEST_ASK,"JPM,100204,212"
2019-06-28 12:35:00.000000000,LAST_TRADE,"4,$99808.0000"
2019-06-28 12:35:00.000000000,QUERY_SPREAD,78
2019-06-28 12:35:00.000000000,BEST_BID,"JPM,99808,183"
2019-06-28 12:35:00.000000000,BEST_ASK,"JPM,100204,212"
2019-06-28 12:35:00.000000000,LAST_TRADE,"8,$99808.0000"
2019-06-28 12:35:00.000000000,QUERY_SPREAD,79
2019-06-28 12:35:00.000000000,BEST_BID,"JPM,99808,182"
2019-06-28 12:35:00.000000000,BEST_ASK,"JPM,100204,212"
2019-06-28 12:35:00.000000000,LAST_TRADE,"1,$99808.0000"
2019-06-28 12:35:00.000000000,QUERY_SPREAD,80
2019-06-28 12:35:00.000000000,BEST_BID,"JPM,99808,177"
2019-06-28 12:35:00.000000000,BEST_ASK,"JPM,100204,212"
2019-06-28 12:35:00.000000000,LAST_TRADE,"5,$99808.0000"
2019-06-28 12:35:00.000000000,QUERY_SPREAD,81
2019-06-28 12:35:00.000000000,BEST_BID,"JPM,99808,172"
2019-06-28 12:35:00.000000000,BEST_ASK,"JPM,100204,212"
2019-06-28 12:35:00.000000000,LAST_TRADE,"5,$99808.0000"
2019-06-28 12:35:00.000000000,QUERY_SPREAD,82
2019-06-28 12:35:00.000000000,BEST_BID,"JPM,99808,166"
2019-06-28 12:35:00.000000000,BEST_ASK,"JPM,100204,212"
2019-06-28 12:35:00.000000000,LAST_TRADE,"6,$99808.0000"
2019-06-28 12:35:00.000000000,QUERY_SPREAD,83
2019-06-28 12:35:00.000000000,BEST_BID,"JPM,99808,162"
2019-06-28 12:35:00.000000000,BEST_ASK,"JPM,100204,212"
2019-06-28 12:35:00.000000000,LAST_TRADE,"4,$99808.0000"
2019-06-28 12:35:00.000000000,QUERY_SPREAD,84
2019-06-28 12:35:00.000000000,BEST_BID,"JPM,99808,157"
2019-06-28 12:35:00.000000000,BEST_ASK,"JPM,100204,212"
2019-06-28 12:35:00.000000000,LAST_TRADE,"5,$99808.0000"
2019-06-28 12:35:00.000000000,QUERY_SPREAD,85
2019-06-28 12:35:00.000000000,BEST_BID,"JPM,99808,152"
2019-06-28 12:35:00.000000000,BEST_ASK,"JPM,100204,212"
2019-06-28 12:35:00.000000000,LAST_TRADE,"5,$99808.0000"
2019-06-28 12:35:00.000000000,QUERY_SPREAD,86
2019-06-28 12:35:00.000000000,BEST_BID,"JPM,99808,143"
2019-06-28 12:35:00.000000000,BEST_ASK,"JPM,100204,212"
2019-06-28 12:35:00.000000000,LAST_TRADE,"9,$99808.0000"
2019-06-28 12:35:00.000000000,QUERY_SPREAD,87
2019-06-28 12:35:00.000000000,BEST_BID,"JPM,99808,141"
2019-06-28 12:35:00.000000000,BEST_ASK,"JPM,100204,212"
2019-06-28 12:35:00.000000000,LAST_TRADE,"2,$99808.0000"
2019-06-28 12:35:00.000000000,QUERY_SPREAD,88
2019-06-28 12:35:00.000000000,BEST_BID,"JPM,99808,133"
2019-06-28 12:35:00.000000000,BEST_ASK,"JPM,100204,212"
2019-06-28 12:35:00.000000000,LAST_TRADE,"8,$99808.0000"
2019-06-28 12:35:00.000000000,QUERY_SPREAD,89
2019-06-28 12:35:00.000000000,BEST_BID,"JPM,99808,126"
2019-06-28 12:35:00.000000000,BEST_ASK,"JPM,100204,212"
2019-06-28 12:35:00.000000000,LAST_TRADE,"7,$99808.0000"
2019-06-28 12:35:00.000000000,QUERY_SPREAD,90
2019-06-28 12:35:00.000000000,BEST_BID,"JPM,99808,120"
2019-06-28 12:35:00.000000000,BEST_ASK,"JPM,100204,212"
2019-06-28 12:35:00.000000000,LAST_TRADE,"6,$99808.0000"
2019-06-28 12:35:00.000000000,QUERY_SPREAD,91
2019-06-28 12:35:00.000000000,BEST_BID,"JPM,99808,115"
2019-06-28 12:35:00.000000000,BEST_ASK,"JPM,100204,212"
2019-06-28 12:35:00.000000000,LAST_TRADE,"5,$99808.0000"
2019-06-28 12:35:00.000000000,QUERY_SPREAD,92
2019-06-28 12:35:00.000000000,BEST_BID,"JPM,99808,114"
2019-06-28 12:35:00.000000000,BEST_ASK,"JPM,100204,212"
2019-06-28 12:35:00.000000000,LAST_TRADE,"1,$99808.0000"
2019-06-28 12:35:00.000000000,QUERY_SPREAD,93
2019-06-28 12:35:00.000000000,BEST_BID,"JPM,99808,112"
2019-06-28 12:35:00.000000000,BEST_ASK,"JPM,100204,212"
2019-06-28 12:35:00.000000000,LAST_TRADE,"2,$99808.0000"
2019-06-28 12:35:00.000000000,QUERY_SPREAD,94
2019-06-28 12:35:00.000000000,BEST_BID,"JPM,99808,110"
2019-06-28 12:35:00.000000000,BEST_ASK,"JPM,100204,212"
2019-06-28 12:35:00.000000000,LAST_TRADE,"2,$99808.0000"
2019-06-28 12:35:00.000000000,QUERY_SPREAD,95
2019-06-28 12:35:00.000000000,BEST_BID,"JPM,99808,103"
2019-06-28 12:35:00.000000000,BEST_ASK,"JPM,100204,212"
2019-06-28 12:35:00.000000000,LAST_TRADE,"7,$99808.0000"
2019-06-28 12:35:00.000000000,QUERY_SPREAD,96
2019-06-28 12:35:00.000000000,BEST_BID,"JPM,99808,96"
2019-06-28 12:35:00.000000000,BEST_ASK,"JPM,100204,212"
2019-06-28 12:35:00.000000000,LAST_TRADE,"7,$99808.0000"
2019-06-28 12:35:00.000000000,QUERY_SPREAD,97
2019-06-28 12:35:00.000000000,BEST_BID,"JPM,99808,90"
2019-06-28 12:35:00.000000000,BEST_ASK,"JPM,100204,212"
2019-06-28 12:35:00.000000000,LAST_TRADE,"6,$99808.0000"
2019-06-28 12:35:00.000000000,QUERY_SPREAD,98
2019-06-28 12:35:00.000000000,BEST_BID,"JPM,99808,86"
2019-06-28 12:35:00.000000000,BEST_ASK,"JPM,100204,212"
2019-06-28 12:35:00.000000000,LAST_TRADE,"4,$99808.0000"
2019-06-28 12:35:00.000000000,QUERY_SPREAD,99
2019-06-28 12:35:00.000000000,BEST_BID,"JPM,99808,84"
2019-06-28 12:35:00.000000000,BEST_ASK,"JPM,100204,212"
2019-06-28 12:35:00.000000000,LAST_TRADE,"2,$99808.0000"
2019-06-28 12:35:00.000000000,QUERY_SPREAD,100
2019-06-28 12:35:00.000000000,BEST_BID,"JPM,99808,78"
2019-06-28 12:35:00.000000000,BEST_ASK,"JPM,100204,212"
2019-06-28 12:35:00.000000000,LAST_TRADE,"6,$99808.0000"
2019-06-28 12:35:00.000000000,QUERY_SPREAD,101
2019-06-28 12:35:00.000000000,QUERY_ORDER_STREAM,101
2019-06-28 12:35:02.703556532,QUERY_ORDER_STREAM,65
2019-06-28 12:35:02.703556532,QUERY_SPREAD,65
2019-06-28 12:35:10.000000000,QUERY_SPREAD,1
2019-06-28 12:35:10.000000000,BEST_BID,"JPM,99250,166"
2019-06-28 12:35:10.000000000,BEST_ASK,"JPM,100204,100"
2019-06-28 12:35:10.000000000,BEST_BID,"JPM,99250,166"
2019-06-28 12:35:10.000000000,BEST_ASK,"JPM,100204,100"
2019-06-28 12:35:10.000000000,BEST_BID,"JPM,99250,166"
2019-06-28 12:35:10.000000000,BEST_ASK,"JPM,100204,100"
2019-06-28 12:35:10.000000000,BEST_BID,"JPM,99250,166"
2019-06-28 12:35:10.000000000,BEST_ASK,"JPM,100204,100"
2019-06-28 12:35:10.000000000,BEST_BID,"JPM,99250,166"
2019-06-28 12:35:10.000000000,BEST_ASK,"JPM,100204,100"
2019-06-28 12:35:10.000000000,BEST_BID,"JPM,99250,166"
2019-06-28 12:35:10.000000000,BEST_ASK,"JPM,100204,166"
2019-06-28 12:35:10.000000000,BEST_BID,"JPM,99250,166"
2019-06-28 12:35:10.000000000,BEST_ASK,"JPM,100204,166"
2019-06-28 12:35:10.000000000,BEST_BID,"JPM,99250,166"
2019-06-28 12:35:10.000000000,BEST_ASK,"JPM,100204,166"
2019-06-28 12:35:10.000000000,BEST_BID,"JPM,99250,166"
2019-06-28 12:35:10.000000000,BEST_ASK,"JPM,100204,166"
2019-06-28 12:35:10.000000000,BEST_BID,"JPM,99250,166"
2019-06-28 12:35:10.000000000,BEST_ASK,"JPM,100204,166"
2019-06-28 12:35:20.000000000,QUERY_SPREAD,1
2019-06-28 12:35:20.000000000,BEST_BID,"JPM,99250,212"
2019-06-28 12:35:20.000000000,BEST_ASK,"JPM,100204,100"
2019-06-28 12:35:20.000000000,BEST_BID,"JPM,99250,212"
2019-06-28 12:35:20.000000000,BEST_ASK,"JPM,100204,100"
2019-06-28 12:35:20.000000000,BEST_BID,"JPM,99250,212"
2019-06-28 12:35:20.000000000,BEST_ASK,"JPM,100204,100"
2019-06-28 12:35:20.000000000,BEST_BID,"JPM,99250,212"
2019-06-28 12:35:20.000000000,BEST_ASK,"JPM,100204,212"
2019-06-28 12:35:20.000000000,BEST_BID,"JPM,99250,212"
2019-06-28 12:35:20.000000000,BEST_ASK,"JPM,100204,212"
2019-06-28 12:35:20.000000000,BEST_BID,"JPM,99250,212"
2019-06-28 12:35:20.000000000,BEST_ASK,"JPM,100204,212"
2019-06-28 12:35:30.000000000,QUERY_SPREAD,1
2019-06-28 12:35:30.000000000,BEST_BID,"JPM,99250,428"
2019-06-28 12:35:30.000000000,BEST_ASK,"JPM,100204,100"
2019-06-28 12:35:30.000000000,BEST_BID,"JPM,99250,428"
2019-06-28 12:35:30.000000000,BEST_ASK,"JPM,100204,428"
2019-06-28 12:35:39.530063876,QUERY_SPREAD,9
2019-06-28 12:35:39.530063876,BEST_BID,"JPM,99250,428"
2019-06-28 12:35:39.530063876,BEST_ASK,"JPM,100204,328"
2019-06-28 12:35:39.530063876,LAST_TRADE,"100,$100204.0000"
2019-06-28 12:35:40.000000000,QUERY_SPREAD,1
2019-06-28 12:35:40.000000000,BEST_BID,"JPM,99250,264"
2019-06-28 12:35:40.000000000,BEST_ASK,"JPM,100296,100"
2019-06-28 12:35:40.000000000,BEST_BID,"JPM,99250,264"
2019-06-28 12:35:40.000000000,BEST_ASK,"JPM,100296,100"
2019-06-28 12:35:40.000000000,BEST_BID,"JPM,99250,264"
2019-06-28 12:35:40.000000000,BEST_ASK,"JPM,100296,264"
2019-06-28 12:35:40.000000000,BEST_BID,"JPM,99250,264"
2019-06-28 12:35:40.000000000,BEST_ASK,"JPM,100296,264"
2019-06-28 12:35:45.809185124,QUERY_SPREAD,11
2019-06-28 12:35:45.809185124,BEST_BID,"JPM,99250,264"
2019-06-28 12:35:45.809185124,BEST_ASK,"JPM,100296,164"
2019-06-28 12:35:45.809185124,LAST_TRADE,"100,$100296.0000"
2019-06-28 12:35:50.000000000,QUERY_SPREAD,1
2019-06-28 12:35:50.000000000,BEST_BID,"JPM,99250,166"
2019-06-28 12:35:50.000000000,BEST_ASK,"JPM,100404,100"
2019-06-28 12:35:50.000000000,BEST_BID,"JPM,99250,166"
2019-06-28 12:35:50.000000000,BEST_ASK,"JPM,100404,100"
2019-06-28 12:35:50.000000000,BEST_BID,"JPM,99250,166"
2019-06-28 12:35:50.000000000,BEST_ASK,"JPM,100404,100"
2019-06-28 12:35:50.000000000,BEST_BID,"JPM,99250,166"
2019-06-28 12:35:50.000000000,BEST_ASK,"JPM,100404,100"
2019-06-28 12:35:50.000000000,BEST_BID,"JPM,99250,166"
2019-06-28 12:35:50.000000000,BEST_ASK,"JPM,100404,100"
2019-06-28 12:35:50.000000000,BEST_BID,"JPM,99250,166"
2019-06-28 12:35:50.000000000,BEST_ASK,"JPM,100404,166"
2019-06-28 12:35:50.000000000,BEST_BID,"JPM,99250,166"
2019-06-28 12:35:50.000000000,BEST_ASK,"JPM,100404,166"
2019-06-28 12:35:50.000000000,BEST_BID,"JPM,99250,166"
2019-06-28 12:35:50.000000000,BEST_ASK,"JPM,100404,166"
2019-06-28 12:35:50.000000000,BEST_BID,"JPM,99250,166"
2019-06-28 12:35:50.000000000,BEST_ASK,"JPM,100404,166"
2019-06-28 12:35:50.000000000,BEST_BID,"JPM,99250,166"
2019-06-28 12:35:50.000000000,BEST_ASK,"JPM,100404,166"
2019-06-28 12:35:58.749057529,QUERY_SPREAD,45
2019-06-28 12:35:58.749057529,BEST_BID,"JPM,99250,166"
2019-06-28 12:35:58.749057529,BEST_ASK,"JPM,100404,66"
2019-06-28 12:35:58.749057529,LAST_TRADE,"100,$100404.0000"
2019-06-28 12:36:00.000000000,QUERY_SPREAD,1
2019-06-28 12:36:00.000000000,BEST_BID,"JPM,99250,428"
2019-06-28 12:36:00.000000000,BEST_ASK,"JPM,100410,100"
2019-06-28 12:36:00.000000000,BEST_BID,"JPM,99250,428"
2019-06-28 12:36:00.000000000,BEST_ASK,"JPM,100410,428"
2019-06-28 12:36:00.000000000,QUERY_SPREAD,77
2019-06-28 12:36:00.000000000,BEST_BID,"JPM,99250,424"
2019-06-28 12:36:00.000000000,BEST_ASK,"JPM,100410,428"
2019-06-28 12:36:00.000000000,LAST_TRADE,"4,$99250.0000"
2019-06-28 12:36:00.000000000,QUERY_SPREAD,78
2019-06-28 12:36:00.000000000,BEST_BID,"JPM,99250,416"
2019-06-28 12:36:00.000000000,BEST_ASK,"JPM,100410,428"
2019-06-28 12:36:00.000000000,LAST_TRADE,"8,$99250.0000"
2019-06-28 12:36:00.000000000,QUERY_SPREAD,79
2019-06-28 12:36:00.000000000,BEST_BID,"JPM,99250,415"
2019-06-28 12:36:00.000000000,BEST_ASK,"JPM,100410,428"
2019-06-28 12:36:00.000000000,LAST_TRADE,"1,$99250.0000"
2019-06-28 12:36:00.000000000,QUERY_SPREAD,80
2019-06-28 12:36:00.000000000,BEST_BID,"JPM,99250,410"
2019-06-28 12:36:00.000000000,BEST_ASK,"JPM,100410,428"
2019-06-28 12:36:00.000000000,LAST_TRADE,"5,$99250.0000"
2019-06-28 12:36:00.000000000,QUERY_SPREAD,81
2019-06-28 12:36:00.000000000,BEST_BID,"JPM,99250,405"
2019-06-28 12:36:00.000000000,BEST_ASK,"JPM,100410,428"
2019-06-28 12:36:00.000000000,LAST_TRADE,"5,$99250.0000"
2019-06-28 12:36:00.000000000,QUERY_SPREAD,82
2019-06-28 12:36:00.000000000,BEST_BID,"JPM,99250,399"
2019-06-28 12:36:00.000000000,BEST_ASK,"JPM,100410,428"
2019-06-28 12:36:00.000000000,LAST_TRADE,"6,$99250.0000"
2019-06-28 12:36:00.000000000,QUERY_SPREAD,83
2019-06-28 12:36:00.000000000,BEST_BID,"JPM,99250,395"
2019-06-28 12:36:00.000000000,BEST_ASK,"JPM,100410,428"
2019-06-28 12:36:00.000000000,LAST_TRADE,"4,$99250.0000"
2019-06-28 12:36:00.000000000,QUERY_SPREAD,84
2019-06-28 12:36:00.000000000,BEST_BID,"JPM,99250,390"
2019-06-28 12:36:00.000000000,BEST_ASK,"JPM,100410,428"
2019-06-28 12:36:00.000000000,LAST_TRADE,"5,$99250.0000"
2019-06-28 12:36:00.000000000,QUERY_SPREAD,85
2019-06-28 12:36:00.000000000,BEST_BID,"JPM,99250,385"
2019-06-28 12:36:00.000000000,BEST_ASK,"JPM,100410,428"
2019-06-28 12:36:00.000000000,LAST_TRADE,"5,$99250.0000"
2019-06-28 12:36:00.000000000,QUERY_SPREAD,86
2019-06-28 12:36:00.000000000,BEST_BID,"JPM,99250,376"
2019-06-28 12:36:00.000000000,BEST_ASK,"JPM,100410,428"
2019-06-28 12:36:00.000000000,LAST_TRADE,"9,$99250.0000"
2019-06-28 12:36:00.000000000,QUERY_SPREAD,87
2019-06-28 12:36:00.000000000,BEST_BID,"JPM,99250,374"
2019-06-28 12:36:00.000000000,BEST_ASK,"JPM,100410,428"
2019-06-28 12:36:00.000000000,LAST_TRADE,"2,$99250.0000"
2019-06-28 12:36:00.000000000,QUERY_SPREAD,88
2019-06-28 12:36:00.000000000,BEST_BID,"JPM,99250,366"
2019-06-28 12:36:00.000000000,BEST_ASK,"JPM,100410,428"
2019-06-28 12:36:00.000000000,LAST_TRADE,"8,$99250.0000"
2019-06-28 12:36:00.000000000,QUERY_SPREAD,89
2019-06-28 12:36:00.000000000,BEST_BID,"JPM,99250,359"
2019-06-28 12:36:00.000000000,BEST_ASK,"JPM,100410,428"
2019-06-28 12:36:00.000000000,LAST_TRADE,"7,$99250.0000"
2019-06-28 12:36:00.000000000,QUERY_SPREAD,90
2019-06-28 12:36:00.000000000,BEST_BID,"JPM,99250,353"
2019-06-28 12:36:00.000000000,BEST_ASK,"JPM,100410,428"
2019-06-28 12:36:00.000000000,LAST_TRADE,"6,$99250.0000"
2019-06-28 12:36:00.000000000,QUERY_SPREAD,91
2019-06-28 12:36:00.000000000,BEST_BID,"JPM,99250,348"
2019-06-28 12:36:00.000000000,BEST_ASK,"JPM,100410,428"
2019-06-28 12:36:00.000000000,LAST_TRADE,"5,$99250.0000"
2019-06-28 12:36:00.000000000,QUERY_SPREAD,92
2019-06-28 12:36:00.000000000,BEST_BID,"JPM,99250,347"
2019-06-28 12:36:00.000000000,BEST_ASK,"JPM,100410,428"
2019-06-28 12:36:00.000000000,LAST_TRADE,"1,$99250.0000"
2019-06-28 12:36:00.000000000,QUERY_SPREAD,93
2019-06-28 12:36:00.000000000,BEST_BID,"JPM,99250,345"
2019-06-28 12:36:00.000000000,BEST_ASK,"JPM,100410,428"
2019-06-28 12:36:00.000000000,LAST_TRADE,"2,$99250.0000"
2019-06-28 12:36:00.000000000,QUERY_SPREAD,94
2019-06-28 12:36:00.000000000,BEST_BID,"JPM,99250,343"
2019-06-28 12:36:00.000000000,BEST_ASK,"JPM,100410,428"
2019-06-28 12:36:00.000000000,LAST_TRADE,"2,$99250.0000"
2019-06-28 12:36:00.000000000,QUERY_SPREAD,95
2019-06-28 12:36:00.000000000,BEST_BID,"JPM,99250,336"
2019-06-28 12:36:00.000000000,BEST_ASK,"JPM,100410,428"
2019-06-28 12:36:00.000000000,LAST_TRADE,"7,$99250.0000"
2019-06-28 12:36:00.000000000,QUERY_SPREAD,96
2019-06-28 12:36:00.000000000,BEST_BID,"JPM,99250,329"
2019-06-28 12:36:00.000000000,BEST_ASK,"JPM,100410,428"
2019-06-28 12:36:00.000000000,LAST_TRADE,"7,$99250.0000"
2019-06-28 12:36:00.000000000,QUERY_SPREAD,97
2019-06-28 12:36:00.000000000,BEST_BID,"JPM,99250,323"
2019-06-28 12:36:00.000000000,BEST_ASK,"JPM,100410,428"
2019-06-28 12:36:00.000000000,LAST_TRADE,"6,$99250.0000"
2019-06-28 12:36:00.000000000,QUERY_SPREAD,98
2019-06-28 12:36:00.000000000,BEST_BID,"JPM,99250,319"
2019-06-28 12:36:00.000000000,BEST_ASK,"JPM,100410,428"
2019-06-28 12:36:00.000000000,LAST_TRADE,"4,$99250.0000"
2019-06-28 12:36:00.000000000,QUERY_SPREAD,99
2019-06-28 12:36:00.000000000,BEST_BID,"JPM,99250,317"
2019-06-28 12:36:00.000000000,BEST_ASK,"JPM,100410,428"
2019-06-28 12:36:00.000000000,LAST_TRADE,"2,$99250.0000"
2019-06-28 12:36:00.000000000,QUERY_SPREAD,100
2019-06-28 12:36:00.000000000,BEST_BID,"JPM,99250,311"
2019-06-28 12:36:00.000000000,BEST_ASK,"JPM,100410,428"
2019-06-28 12:36:00.000000000,LAST_TRADE,"6,$99250.0000"
2019-06-28 12:36:00.000000000,QUERY_SPREAD,101
2019-06-28 12:36:00.000000000,QUERY_ORDER_STREAM,101
2019-06-28 12:36:10.000000000,QUERY_SPREAD,1
2019-06-28 12:36:10.000000000,BEST_BID,"JPM,98638,428"
2019-06-28 12:36:10.000000000,BEST_ASK,"JPM,100410,100"
2019-06-28 12:36:10.000000000,BEST_BID,"JPM,98638,428"
2019-06-28 12:36:10.000000000,BEST_ASK,"JPM,100410,428"
2019-06-28 12:36:10.230001896,QUERY_SPREAD,33
2019-06-28 12:36:10.230001896,BEST_BID,"JPM,98638,428"
2019-06-28 12:36:10.230001896,BEST_ASK,"JPM,100410,428"
2019-06-28 12:36:12.996830072,QUERY_SPREAD,51
2019-06-28 12:36:12.996830072,BEST_BID,"JPM,98638,428"
2019-06-28 12:36:12.996830072,BEST_ASK,"JPM,100410,428"
2019-06-28 12:36:20.000000000,QUERY_SPREAD,1
2019-06-28 12:36:20.000000000,BEST_BID,"JPM,98638,212"
2019-06-28 12:36:20.000000000,BEST_ASK,"JPM,100410,100"
2019-06-28 12:36:20.000000000,BEST_BID,"JPM,98638,212"
2019-06-28 12:36:20.000000000,BEST_ASK,"JPM,100410,100"
2019-06-28 12:36:20.000000000,BEST_BID,"JPM,98638,212"
2019-06-28 12:36:20.000000000,BEST_ASK,"JPM,100410,100"
2019-06-28 12:36:20.000000000,BEST_BID,"JPM,98638,212"
2019-06-28 12:36:20.000000000,BEST_ASK,"JPM,100410,212"
2019-06-28 12:36:20.000000000,BEST_BID,"JPM,98638,212"
2019-06-28 12:36:20.000000000,BEST_ASK,"JPM,100410,212"
2019-06-28 12:36:20.000000000,BEST_BID,"JPM,98638,212"
2019-06-28 12:36:20.000000000,BEST_ASK,"JPM,100410,212"
2019-06-28 12:36:30.000000000,QUERY_SPREAD,1
2019-06-28 12:36:30.000000000,BEST_BID,"JPM,98638,182"
2019-06-28 12:36:30.000000000,BEST_ASK,"JPM,100410,100"
2019-06-28 12:36:30.000000000,BEST_BID,"JPM,98638,182"
2019-06-28 12:36:30.000000000,BEST_ASK,"JPM,100410,100"
2019-06-28 12:36:30.000000000,BEST_BID,"JPM,98638,182"
2019-06-28 12:36:30.000000000,BEST_ASK,"JPM,100410,100"
2019-06-28 12:36:30.000000000,BEST_BID,"JPM,98638,182"
2019-06-28 12:36:30.000000000,BEST_ASK,"JPM,100410,100"
2019-06-28 12:36:30.000000000,BEST_BID,"JPM,98638,182"
2019-06-28 12:36:30.000000000,BEST_ASK,"JPM,100410,182"
2019-06-28 12:36:30.000000000,BEST_BID,"JPM,98638,182"
2019-06-28 12:36:30.000000000,BEST_ASK,"JPM,100410,182"
2019-06-28 12:36:30.000000000,BEST_BID,"JPM,98638,182"
2019-06-28 12:36:30.000000000,BEST_ASK,"JPM,100410,182"
2019-06-28 12:36:30.000000000,BEST_BID,"JPM,98638,182"
2019-06-28 12:36:30.000000000,BEST_ASK,"JPM,100410,182"
2019-06-28 12:36:30.166310471,QUERY_SPREAD,16
2019-06-28 12:36:30.166310471,BEST_BID,"JPM,98638,182"
2019-06-28 12:36:30.166310471,BEST_ASK,"JPM,100410,182"
2019-06-28 12:36:34.732712230,QUERY_SPREAD,15
2019-06-28 12:36:34.732712230,BEST_BID,"JPM,98638,182"
2019-06-28 12:36:34.732712230,BEST_ASK,"JPM,100410,82"
2019-06-28 12:36:34.732712230,LAST_TRADE,"100,$100410.0000"
2019-06-28 12:36:38.176846055,QUERY_SPREAD,15
2019-06-28 12:36:38.176846055,BEST_BID,"JPM,98638,182"
2019-06-28 12:36:38.176846055,BEST_ASK,"JPM,100410,82"
2019-06-28 12:36:40.000000000,QUERY_SPREAD,1
2019-06-28 12:36:40.000000000,BEST_BID,"JPM,98638,264"
2019-06-28 12:36:40.000000000,BEST_ASK,"JPM,100416,100"
2019-06-28 12:36:40.000000000,BEST_BID,"JPM,98638,264"
2019-06-28 12:36:40.000000000,BEST_ASK,"JPM,100416,100"
2019-06-28 12:36:40.000000000,BEST_BID,"JPM,98638,264"
2019-06-28 12:36:40.000000000,BEST_ASK,"JPM,100416,264"
2019-06-28 12:36:40.000000000,BEST_BID,"JPM,98638,264"
2019-06-28 12:36:40.000000000,BEST_ASK,"JPM,100416,264"
2019-06-28 12:36:50.000000000,QUERY_SPREAD,1
2019-06-28 12:36:50.000000000,BEST_BID,"JPM,98638,182"
2019-06-28 12:36:50.000000000,BEST_ASK,"JPM,100416,100"
2019-06-28 12:36:50.000000000,BEST_BID,"JPM,98638,182"
2019-06-28 12:36:50.000000000,BEST_ASK,"JPM,100416,100"
2019-06-28 12:36:50.000000000,BEST_BID,"JPM,98638,182"
2019-06-28 12:36:50.000000000,BEST_ASK,"JPM,100416,100"
2019-06-28 12:36:50.000000000,BEST_BID,"JPM,98638,182"
2019-06-28 12:36:50.000000000,BEST_ASK,"JPM,100416,100"
2019-06-28 12:36:50.000000000,BEST_BID,"JPM,98638,182"
2019-06-28 12:36:50.000000000,BEST_ASK,"JPM,100416,182"
2019-06-28 12:36:50.000000000,BEST_BID,"JPM,98638,182"
2019-06-28 12:36:50.000000000,BEST_ASK,"JPM,100416,182"
2019-06-28 12:36:50.000000000,BEST_BID,"JPM,98638,182"
2019-06-28 12:36:50.000000000,BEST_ASK,"JPM,100416,182"
2019-06-28 12:36:50.000000000,BEST_BID,"JPM,98638,182"
2019-06-28 12:36:50.000000000,BEST_ASK,"JPM,100416,182"
2019-06-28 12:37:00.000000000,QUERY_SPREAD,1
2019-06-28 12:37:00.000000000,BEST_BID,"JPM,98638,182"
2019-06-28 12:37:00.000000000,BEST_ASK,"JPM,100416,100"
2019-06-28 12:37:00.000000000,BEST_BID,"JPM,98638,182"
2019-06-28 12:37:00.000000000,BEST_ASK,"JPM,100416,100"
2019-06-28 12:37:00.000000000,BEST_BID,"JPM,98638,182"
2019-06-28 12:37:00.000000000,BEST_ASK,"JPM,100416,100"
2019-06-28 12:37:00.000000000,BEST_BID,"JPM,98638,182"
2019-06-28 12:37:00.000000000,BEST_ASK,"JPM,100416,100"
2019-06-28 12:37:00.000000000,BEST_BID,"JPM,98638,182"
2019-06-28 12:37:00.000000000,BEST_ASK,"JPM,100416,182"
2019-06-28 12:37:00.000000000,BEST_BID,"JPM,98638,182"
2019-06-28 12:37:00.000000000,BEST_ASK,"JPM,100416,182"
2019-06-28 12:37:00.000000000,BEST_BID,"JPM,98638,182"
2019-06-28 12:37:00.000000000,BEST_ASK,"JPM,100416,182"
2019-06-28 12:37:00.000000000,BEST_BID,"JPM,98638,182"
2019-06-28 12:37:00.000000000,BEST_ASK,"JPM,100416,182"
2019-06-28 12:37:00.000000000,QUERY_SPREAD,77
2019-06-28 12:37:00.000000000,BEST_BID,"JPM,98638,178"
2019-06-28 12:37:00.000000000,BEST_ASK,"JPM,100416,182"
2019-06-28 12:37:00.000000000,LAST_TRADE,"4,$98638.0000"
2019-06-28 12:37:00.000000000,QUERY_SPREAD,78
2019-06-28 12:37:00.000000000,BEST_BID,"JPM,98638,170"
2019-06-28 12:37:00.000000000,BEST_ASK,"JPM,100416,182"
2019-06-28 12:37:00.000000000,LAST_TRADE,"8,$98638.0000"
2019-06-28 12:37:00.000000000,QUERY_SPREAD,79
2019-06-28 12:37:00.000000000,BEST_BID,"JPM,98638,169"
2019-06-28 12:37:00.000000000,BEST_ASK,"JPM,100416,182"
2019-06-28 12:37:00.000000000,LAST_TRADE,"1,$98638.0000"
2019-06-28 12:37:00.000000000,QUERY_SPREAD,80
2019-06-28 12:37:00.000000000,BEST_BID,"JPM,98638,164"
2019-06-28 12:37:00.000000000,BEST_ASK,"JPM,100416,182"
2019-06-28 12:37:00.000000000,LAST_TRADE,"5,$98638.0000"
2019-06-28 12:37:00.000000000,QUERY_SPREAD,81
2019-06-28 12:37:00.000000000,BEST_BID,"JPM,98638,159"
2019-06-28 12:37:00.000000000,BEST_ASK,"JPM,100416,182"
2019-06-28 12:37:00.000000000,LAST_TRADE,"5,$98638.0000"
2019-06-28 12:37:00.000000000,QUERY_SPREAD,82
2019-06-28 12:37:00.000000000,BEST_BID,"JPM,98638,153"
2019-06-28 12:37:00.000000000,BEST_ASK,"JPM,100416,182"
2019-06-28 12:37:00.000000000,LAST_TRADE,"6,$98638.0000"
2019-06-28 12:37:00.000000000,QUERY_SPREAD,83
2019-06-28 12:37:00.000000000,BEST_BID,"JPM,98638,149"
2019-06-28 12:37:00.000000000,BEST_ASK,"JPM,100416,182"
2019-06-28 12:37:00.000000000,LAST_TRADE,"4,$98638.0000"
2019-06-28 12:37:00.000000000,QUERY_SPREAD,84
2019-06-28 12:37:00.000000000,BEST_BID,"JPM,98638,144"
2019-06-28 12:37:00.000000000,BEST_ASK,"JPM,100416,182"
2019-06-28 12:37:00.000000000,LAST_TRADE,"5,$98638.0000"
2019-06-28 12:37:00.000000000,QUERY_SPREAD,85
2019-06-28 12:37:00.000000000,BEST_BID,"JPM,98638,139"
2019-06-28 12:37:00.000000000,BEST_ASK,"JPM,100416,182"
2019-06-28 12:37:00.000000000,LAST_TRADE,"5,$98638.0000"
2019-06-28 12:37:00.000000000,QUERY_SPREAD,86
2019-06-28 12:37:00.000000000,BEST_BID,"JPM,98638,130"
2019-06-28 12:37:00.000000000,BEST_ASK,"JPM,100416,182"
2019-06-28 12:37:00.000000000,LAST_TRADE,"9,$98638.0000"
2019-06-28 12:37:00.000000000,QUERY_SPREAD,87
2019-06-28 12:37:00.000000000,BEST_BID,"JPM,98638,128"
2019-06-28 12:37:00.000000000,BEST_ASK,"JPM,100416,182"
2019-06-28 12:37:00.000000000,LAST_TRADE,"2,$98638.0000"
2019-06-28 12:37:00.000000000,QUERY_SPREAD,88
2019-06-28 12:37:00.000000000,BEST_BID,"JPM,98638,120"
2019-06-28 12:37:00.000000000,BEST_ASK,"JPM,100416,182"
2019-06-28 12:37:00.000000000,LAST_TRADE,"8,$98638.0000"
2019-06-28 12:37:00.000000000,QUERY_SPREAD,89
2019-06-28 12:37:00.000000000,BEST_BID,"JPM,98638,113"
2019-06-28 12:37:00.000000000,BEST_ASK,"JPM,100416,182"
2019-06-28 12:37:00.000000000,LAST_TRADE,"7,$98638.0000"
2019-06-28 12:37:00.000000000,QUERY_SPREAD,90
2019-06-28 12:37:00.000000000,BEST_BID,"JPM,98638,107"
2019-06-28 12:37:00.000000000,BEST_ASK,"JPM,100416,182"
2019-06-28 12:37:00.000000000,LAST_TRADE,"6,$98638.0000"
2019-06-28 12:37:00.000000000,QUERY_SPREAD,91
2019-06-28 12:37:00.000000000,BEST_BID,"JPM,98638,102"
2019-06-28 12:37:00.000000000,BEST_ASK,"JPM,100416,182"
2019-06-28 12:37:00.000000000,LAST_TRADE,"5,$98638.0000"
2019-06-28 12:37:00.000000000,QUERY_SPREAD,92
2019-06-28 12:37:00.000000000,BEST_BID,"JPM,98638,101"
2019-06-28 12:37:00.000000000,BEST_ASK,"JPM,100416,182"
2019-06-28 12:37:00.000000000,LAST_TRADE,"1,$98638.0000"
2019-06-28 12:37:00.000000000,QUERY_SPREAD,93
2019-06-28 12:37:00.000000000,BEST_BID,"JPM,98638,99"
2019-06-28 12:37:00.000000000,BEST_ASK,"JPM,100416,182"
2019-06-28 12:37:00.000000000,LAST_TRADE,"2,$98638.0000"
2019-06-28 12:37:00.000000000,QUERY_SPREAD,94
2019-06-28 12:37:00.000000000,BEST_BID,"JPM,98638,97"
2019-06-28 12:37:00.000000000,BEST_ASK,"JPM,100416,182"
2019-06-28 12:37:00.000000000,LAST_TRADE,"2,$98638.0000"
2019-06-28 12:37:00.000000000,QUERY_SPREAD,95
2019-06-28 12:37:00.000000000,BEST_BID,"JPM,98638,90"
2019-06-28 12:37:00.000000000,BEST_ASK,"JPM,100416,182"
2019-06-28 12:37:00.000000000,LAST_TRADE,"7,$98638.0000"
2019-06-28 12:37:00.000000000,QUERY_SPREAD,96
2019-06-28 12:37:00.000000000,BEST_BID,"JPM,98638,83"
2019-06-28 12:37:00.000000000,BEST_ASK,"JPM,100416,182"
2019-06-28 12:37:00.000000000,LAST_TRADE,"7,$98638.0000"
2019-06-28 12:37:00.000000000,QUERY_SPREAD,97
2019-06-28 12:37:00.000000000,BEST_BID,"JPM,98638,77"
2019-06-28 12:37:00.000000000,BEST_ASK,"JPM,100416,182"
2019-06-28 12:37:00.000000000,LAST_TRADE,"6,$98638.0000"
2019-06-28 12:37:00.000000000,QUERY_SPREAD,98
2019-06-28 12:37:00.000000000,BEST_BID,"JPM,98638,73"
2019-06-28 12:37:00.000000000,BEST_ASK,"JPM,100416,182"
2019-06-28 12:37:00.000000000,LAST_TRADE,"4,$98638.0000"
2019-06-28 12:37:00.000000000,QUERY_SPREAD,99
2019-06-28 12:37:00.000000000,BEST_BID,"JPM,98638,71"
2019-06-28 12:37:00.000000000,BEST_ASK,"JPM,100416,182"
2019-06-28 12:37:00.000000000,LAST_TRADE,"2,$98638.0000"
2019-06-28 12:37:00.000000000,QUERY_SPREAD,100
2019-06-28 12:37:00.000000000,BEST_BID,"JPM,98638,65"
2019-06-28 12:37:00.000000000,BEST_ASK,"JPM,100416,182"
2019-06-28 12:37:00.000000000,LAST_TRADE,"6,$98638.0000"
2019-06-28 12:37:00.000000000,QUERY_SPREAD,101
2019-06-28 12:37:00.000000000,QUERY_ORDER_STREAM,101
2019-06-28 12:37:10.000000000,QUERY_SPREAD,1
2019-06-28 12:37:10.000000000,BEST_BID,"JPM,98534,182"
2019-06-28 12:37:10.000000000,BEST_ASK,"JPM,100416,100"
2019-06-28 12:37:10.000000000,BEST_BID,"JPM,98534,182"
2019-06-28 12:37:10.000000000,BEST_ASK,"JPM,100416,100"
2019-06-28 12:37:10.000000000,BEST_BID,"JPM,98534,182"
2019-06-28 12:37:10.000000000,BEST_ASK,"JPM,100416,100"
2019-06-28 12:37:10.000000000,BEST_BID,"JPM,98534,182"
2019-06-28 12:37:10.000000000,BEST_ASK,"JPM,100416,182"
2019-06-28 12:37:10.000000000,BEST_BID,"JPM,98534,182"
2019-06-28 12:37:10.000000000,BEST_ASK,"JPM,100416,182"
2019-06-28 12:37:10.000000000,BEST_BID,"JPM,98534,182"
2019-06-28 12:37:10.000000000,BEST_ASK,"JPM,100416,182"
2019-06-28 12:37:10.000000000,BEST_BID,"JPM,98534,182"
2019-06-28 12:37:10.000000000,BEST_ASK,"JPM,100416,182"
2019-06-28 12:37:20.000000000,QUERY_SPREAD,1
2019-06-28 12:37:20.000000000,BEST_BID,"JPM,98534,264"
2019-06-28 12:37:20.000000000,BEST_ASK,"JPM,100416,100"
2019-06-28 12:37:20.000000000,BEST_BID,"JPM,98534,264"
2019-06-28 12:37:20.000000000,BEST_ASK,"JPM,100416,100"
2019-06-28 12:37:20.000000000,BEST_BID,"JPM,98534,264"
2019-06-28 12:37:20.000000000,BEST_ASK,"JPM,100416,264"
2019-06-28 12:37:20.000000000,BEST_BID,"JPM,98534,264"
2019-06-28 12:37:20.000000000,BEST_ASK,"JPM,100416,264"
2019-06-28 12:37:28.062550021,QUERY_SPREAD,9
2019-06-28 12:37:28.062550021,BEST_BID,"JPM,98534,264"
2019-06-28 12:37:28.062550021,BEST_ASK,"JPM,100416,164"
2019-06-28 12:37:28.062550021,LAST_TRADE,"100,$100416.0000"
2019-06-28 12:37:30.000000000,QUERY_SPREAD,1
2019-06-28 12:37:30.000000000,BEST_BID,"JPM,98534,166"
2019-06-28 12:37:30.000000000,BEST_ASK,"JPM,100540,100"
2019-06-28 12:37:30.000000000,BEST_BID,"JPM,98534,166"
2019-06-28 12:37:30.000000000,BEST_ASK,"JPM,100540,100"
2019-06-28 12:37:30.000000000,BEST_BID,"JPM,98534,166"
2019-06-28 12:37:30.000000000,BEST_ASK,"JPM,100540,100"
2019-06-28 12:37:30.000000000,BEST_BID,"JPM,98534,166"
2019-06-28 12:37:30.000000000,BEST_ASK,"JPM,100540,166"
2019-06-28 12:37:30.000000000,BEST_BID,"JPM,98534,166"
2019-06-28 12:37:30.000000000,BEST_ASK,"JPM,100540,166"
2019-06-28 12:37:30.000000000,BEST_BID,"JPM,98534,166"
2019-06-28 12:37:30.000000000,BEST_ASK,"JPM,100540,166"
2019-06-28 12:37:30.000000000,BEST_BID,"JPM,98534,166"
2019-06-28 12:37:30.000000000,BEST_ASK,"JPM,100540,166"
2019-06-28 12:37:30.000000000,BEST_BID,"JPM,98534,166"
2019-06-28 12:37:30.000000000,BEST_ASK,"JPM,100540,166"
2019-06-28 12:37:31.228711794,QUERY_SPREAD,48
2019-06-28 12:37:31.228711794,BEST_BID,"JPM,98534,166"
2019-06-28 12:37:31.228711794,BEST_ASK,"JPM,100540,66"
2019-06-28 12:37:31.228711794,LAST_TRADE,"100,$100540.0000"
2019-06-28 12:37:33.402298709,QUERY_SPREAD,3
2019-06-28 12:37:33.402298709,BEST_BID,"JPM,98534,166"
2019-06-28 12:37:33.402298709,BEST_ASK,"JPM,100540,66"
2019-06-28 12:37:33.902098594,QUERY_SPREAD,4
2019-06-28 12:37:33.902098594,BEST_BID,"JPM,100540,34"
2019-06-28 12:37:33.902098594,BEST_ASK,"JPM,100693,166"
2019-06-28 12:37:33.902098594,LAST_TRADE,"66,$100540.0000"
2019-06-28 12:37:40.000000000,QUERY_SPREAD,1
2019-06-28 12:37:40.000000000,BEST_BID,"JPM,100540,146"
2019-06-28 12:37:40.000000000,BEST_ASK,"JPM,100693,100"
2019-06-28 12:37:40.000000000,BEST_BID,"JPM,100540,146"
2019-06-28 12:37:40.000000000,BEST_ASK,"JPM,100693,100"
2019-06-28 12:37:40.000000000,BEST_BID,"JPM,100540,146"
2019-06-28 12:37:40.000000000,BEST_ASK,"JPM,100693,100"
2019-06-28 12:37:40.000000000,BEST_BID,"JPM,100540,146"
2019-06-28 12:37:40.000000000,BEST_ASK,"JPM,100693,212"
2019-06-28 12:37:40.000000000,BEST_BID,"JPM,100540,146"
2019-06-28 12:37:40.000000000,BEST_ASK,"JPM,100693,212"
2019-06-28 12:37:40.000000000,BEST_BID,"JPM,100540,146"
2019-06-28 12:37:40.000000000,BEST_ASK,"JPM,100693,212"
2019-06-28 12:37:50.000000000,QUERY_SPREAD,1
2019-06-28 12:37:50.000000000,BEST_BID,"JPM,100540,146"
2019-06-28 12:37:50.000000000,BEST_ASK,"JPM,100693,100"
2019-06-28 12:37:50.000000000,BEST_BID,"JPM,100540,146"
2019-06-28 12:37:50.000000000,BEST_ASK,"JPM,100693,100"
2019-06-28 12:37:50.000000000,BEST_BID,"JPM,100540,146"
2019-06-28 12:37:50.000000000,BEST_ASK,"JPM,100693,100"
2019-06-28 12:37:50.000000000,BEST_BID,"JPM,100540,146"
2019-06-28 12:37:50.000000000,BEST_ASK,"JPM,100693,212"
2019-06-28 12:37:50.000000000,BEST_BID,"JPM,100540,146"
2019-06-28 12:37:50.000000000,BEST_ASK,"JPM,100693,212"
2019-06-28 12:37:50.000000000,BEST_BID,"JPM,100540,146"
2019-06-28 12:37:50.000000000,BEST_ASK,"JPM,100693,212"
2019-06-28 12:37:55.501133401,QUERY_SPREAD,6
2019-06-28 12:37:55.501133401,BEST_BID,"JPM,100540,146"
2019-06-28 12:37:55.501133401,BEST_ASK,"JPM,100693,212"
2019-06-28 12:37:57.938219923,QUERY_SPREAD,28
2019-06-28 12:37:57.938219923,BEST_BID,"JPM,100540,46"
2019-06-28 12:37:57.938219923,BEST_ASK,"JPM,100693,212"
2019-06-28 12:37:57.938219923,LAST_TRADE,"100,$100540.0000"
2019-06-28 12:38:00.000000000,QUERY_SPREAD,1
2019-06-28 12:38:00.000000000,BEST_BID,"JPM,100344,182"
2019-06-28 12:38:00.000000000,BEST_ASK,"JPM,100693,100"
2019-06-28 12:38:00.000000000,BEST_BID,"JPM,100344,182"
2019-06-28 12:38:00.000000000,BEST_ASK,"JPM,100693,100"
2019-06-28 12:38:00.000000000,BEST_BID,"JPM,100344,182"
2019-06-28 12:38:00.000000000,BEST_ASK,"JPM,100693,100"
2019-06-28 12:38:00.000000000,BEST_BID,"JPM,100344,182"
2019-06-28 12:38:00.000000000,BEST_ASK,"JPM,100693,100"
2019-06-28 12:38:00.000000000,BEST_BID,"JPM,100344,182"
2019-06-28 12:38:00.000000000,BEST_ASK,"JPM,100693,182"
2019-06-28 12:38:00.000000000,BEST_BID,"JPM,100344,182"
2019-06-28 12:38:00.000000000,BEST_ASK,"JPM,100693,182"
2019-06-28 12:38:00.000000000,BEST_BID,"JPM,100344,182"
2019-06-28 12:38:00.000000000,BEST_ASK,"JPM,100693,182"
2019-06-28 12:38:00.000000000,BEST_BID,"JPM,100344,182"
2019-06-28 12:38:00.000000000,BEST_ASK,"JPM,100693,182"
2019-06-28 12:38:00.000000000,QUERY_SPREAD,77
2019-06-28 12:38:00.000000000,BEST_BID,"JPM,100344,178"
2019-06-28 12:38:00.000000000,BEST_ASK,"JPM,100693,182"
2019-06-28 12:38:00.000000000,LAST_TRADE,"4,$100344.0000"
2019-06-28 12:38:00.000000000,QUERY_SPREAD,78
2019-06-28 12:38:00.000000000,BEST_BID,"JPM,100344,170"
2019-06-28 12:38:00.000000000,BEST_ASK,"JPM,100693,182"
2019-06-28 12:38:00.000000000,LAST_TRADE,"8,$100344.0000"
2019-06-28 12:38:00.000000000,QUERY_SPREAD,79
2019-06-28 12:38:00.000000000,BEST_BID,"JPM,100344,169"
2019-06-28 12:38:00.000000000,BEST_ASK,"JPM,100693,182"
2019-06-28 12:38:00.000000000,LAST_TRADE,"1,$100344.0000"
2019-06-28 12:38:00.000000000,QUERY_SPREAD,80
2019-06-28 12:38:00.000000000,BEST_BID,"JPM,100344,164"
2019-06-28 12:38:00.000000000,BEST_ASK,"JPM,100693,182"
2019-06-28 12:38:00.000000000,LAST_TRADE,"5,$100344.0000"
2019-06-28 12:38:00.000000000,QUERY_SPREAD,81
2019-06-28 12:38:00.000000000,BEST_BID,"JPM,100344,159"
2019-06-28 12:38:00.000000000,BEST_ASK,"JPM,100693,182"
2019-06-28 12:38:00.000000000,LAST_TRADE,"5,$100344.0000"
2019-06-28 12:38:00.000000000,QUERY_SPREAD,82
2019-06-28 12:38:00.000000000,BEST_BID,"JPM,100344,153"
2019-06-28 12:38:00.000000000,BEST_ASK,"JPM,100693,182"
2019-06-28 12:38:00.000000000,LAST_TRADE,"6,$100344.0000"
2019-06-28 12:38:00.000000000,QUERY_SPREAD,83
2019-06-28 12:38:00.000000000,BEST_BID,"JPM,100344,149"
2019-06-28 12:38:00.000000000,BEST_ASK,"JPM,100693,182"
2019-06-28 12:38:00.000000000,LAST_TRADE,"4,$100344.0000"
2019-06-28 12:38:00.000000000,QUERY_SPREAD,84
2019-06-28 12:38:00.000000000,BEST_BID,"JPM,100344,144"
2019-06-28 12:38:00.000000000,BEST_ASK,"JPM,100693,182"
2019-06-28 12:38:00.000000000,LAST_TRADE,"5,$100344.0000"
2019-06-28 12:38:00.000000000,QUERY_SPREAD,85
2019-06-28 12:38:00.000000000,BEST_BID,"JPM,100344,139"
2019-06-28 12:38:00.000000000,BEST_ASK,"JPM,100693,182"
2019-06-28 12:38:00.000000000,LAST_TRADE,"5,$100344.0000"
2019-06-28 12:38:00.000000000,QUERY_SPREAD,86
2019-06-28 12:38:00.000000000,BEST_BID,"JPM,100344,130"
2019-06-28 12:38:00.000000000,BEST_ASK,"JPM,100693,182"
2019-06-28 12:38:00.000000000,LAST_TRADE,"9,$100344.0000"
2019-06-28 12:38:00.000000000,QUERY_SPREAD,87
2019-06-28 12:38:00.000000000,BEST_BID,"JPM,100344,128"
2019-06-28 12:38:00.000000000,BEST_ASK,"JPM,100693,182"
2019-06-28 12:38:00.000000000,LAST_TRADE,"2,$100344.0000"
2019-06-28 12:38:00.000000000,QUERY_SPREAD,88
2019-06-28 12:38:00.000000000,BEST_BID,"JPM,100344,120"
2019-06-28 12:38:00.000000000,BEST_ASK,"JPM,100693,182"
2019-06-28 12:38:00.000000000,LAST_TRADE,"8,$100344.0000"
2019-06-28 12:38:00.000000000,QUERY_SPREAD,89
2019-06-28 12:38:00.000000000,BEST_BID,"JPM,100344,113"
2019-06-28 12:38:00.000000000,BEST_ASK,"JPM,100693,182"
2019-06-28 12:38:00.000000000,LAST_TRADE,"7,$100344.0000"
2019-06-28 12:38:00.000000000,QUERY_SPREAD,90
2019-06-28 12:38:00.000000000,BEST_BID,"JPM,100344,107"
2019-06-28 12:38:00.000000000,BEST_ASK,"JPM,100693,182"
2019-06-28 12:38:00.000000000,LAST_TRADE,"6,$100344.0000"
2019-06-28 12:38:00.000000000,QUERY_SPREAD,91
2019-06-28 12:38:00.000000000,BEST_BID,"JPM,100344,102"
2019-06-28 12:38:00.000000000,BEST_ASK,"JPM,100693,182"
2019-06-28 12:38:00.000000000,LAST_TRADE,"5,$100344.0000"
2019-06-28 12:38:00.000000000,QUERY_SPREAD,92
2019-06-28 12:38:00.000000000,BEST_BID,"JPM,100344,101"
2019-06-28 12:38:00.000000000,BEST_ASK,"JPM,100693,182"
2019-06-28 12:38:00.000000000,LAST_TRADE,"1,$100344.0000"
2019-06-28 12:38:00.000000000,QUERY_SPREAD,93
2019-06-28 12:38:00.000000000,BEST_BID,"JPM,100344,99"
2019-06-28 12:38:00.000000000,BEST_ASK,"JPM,100693,182"
2019-06-28 12:38:00.000000000,LAST_TRADE,"2,$100344.0000"
2019-06-28 12:38:00.000000000,QUERY_SPREAD,94
2019-06-28 12:38:00.000000000,BEST_BID,"JPM,100344,97"
2019-06-28 12:38:00.000000000,BEST_ASK,"JPM,100693,182"
2019-06-28 12:38:00.000000000,LAST_TRADE,"2,$100344.0000"
2019-06-28 12:38:00.000000000,QUERY_SPREAD,95
2019-06-28 12:38:00.000000000,BEST_BID,"JPM,100344,90"
2019-06-28 12:38:00.000000000,BEST_ASK,"JPM,100693,182"
2019-06-28 12:38:00.000000000,LAST_TRADE,"7,$100344.0000"
2019-06-28 12:38:00.000000000,QUERY_SPREAD,96
2019-06-28 12:38:00.000000000,BEST_BID,"JPM,100344,83"
2019-06-28 12:38:00.000000000,BEST_ASK,"JPM,100693,182"
2019-06-28 12:38:00.000000000,LAST_TRADE,"7,$100344.0000"
2019-06-28 12:38:00.000000000,QUERY_SPREAD,97
2019-06-28 12:38:00.000000000,BEST_BID,"JPM,100344,77"
2019-06-28 12:38:00.000000000,BEST_ASK,"JPM,100693,182"
2019-06-28 12:38:00.000000000,LAST_TRADE,"6,$100344.0000"
2019-06-28 12:38:00.000000000,QUERY_SPREAD,98
2019-06-28 12:38:00.000000000,BEST_BID,"JPM,100344,73"
2019-06-28 12:38:00.000000000,BEST_ASK,"JPM,100693,182"
2019-06-28 12:38:00.000000000,LAST_TRADE,"4,$100344.0000"
2019-06-28 12:38:00.000000000,QUERY_SPREAD,99
2019-06-28 12:38:00.000000000,BEST_BID,"JPM,100344,71"
2019-06-28 12:38:00.000000000,BEST_ASK,"JPM,100693,182"
2019-06-28 12:38:00.000000000,LAST_TRADE,"2,$100344.0000"
2019-06-28 12:38:00.000000000,QUERY_SPREAD,100
2019-06-28 12:38:00.000000000,BEST_BID,"JPM,100344,65"
2019-06-28 12:38:00.000000000,BEST_ASK,"JPM,100693,182"
2019-06-28 12:38:00.000000000,LAST_TRADE,"6,$100344.0000"
2019-06-28 12:38:00.000000000,QUERY_SPREAD,101
2019-06-28 12:38:00.000000000,QUERY_ORDER_STREAM,101
2019-06-28 12:38:00.000000000,BEST_BID,"JPM,100344,57"
2019-06-28 12:38:00.000000000,BEST_ASK,"JPM,100693,182"
2019-06-28 12:38:00.000000000,LAST_TRADE,"8,$100344.0000"
2019-06-28 12:38:05.644678878,QUERY_ORDER_STREAM,69
2019-06-28 12:38:05.644678878,QUERY_SPREAD,69
2019-06-28 12:38:10.000000000,QUERY_SPREAD,1
2019-06-28 12:38:10.000000000,BEST_BID,"JPM,98534,428"
2019-06-28 12:38:10.000000000,BEST_ASK,"JPM,100693,100"
2019-06-28 12:38:10.000000000,BEST_BID,"JPM,98534,428"
2019-06-28 12:38:10.000000000,BEST_ASK,"JPM,100693,428"
2019-06-28 12:38:20.000000000,QUERY_SPREAD,1
2019-06-28 12:38:20.000000000,BEST_BID,"JPM,98534,428"
2019-06-28 12:38:20.000000000,BEST_ASK,"JPM,100693,100"
2019-06-28 12:38:20.000000000,BEST_BID,"JPM,98534,428"
2019-06-28 12:38:20.000000000,BEST_ASK,"JPM,100693,428"
2019-06-28 12:38:20.443985669,QUERY_SPREAD,8
2019-06-28 12:38:20.443985669,BEST_BID,"JPM,98534,428"
2019-06-28 12:38:20.443985669,BEST_ASK,"JPM,100510,100"
2019-06-28 12:38:22.051403787,QUERY_SPREAD,16
2019-06-28 12:38:22.051403787,BEST_BID,"JPM,100423,100"
2019-06-28 12:38:22.051403787,BEST_ASK,"JPM,100510,100"
2019-06-28 12:38:25.585351851,QUERY_SPREAD,42
2019-06-28 12:38:25.585351851,BEST_BID,"JPM,98534,428"
2019-06-28 12:38:25.585351851,BEST_ASK,"JPM,100510,100"
2019-06-28 12:38:25.585351851,LAST_TRADE,"100,$100423.0000"
2019-06-28 12:38:30.000000000,QUERY_SPREAD,1
2019-06-28 12:38:30.000000000,BEST_BID,"JPM,98534,182"
2019-06-28 12:38:30.000000000,BEST_ASK,"JPM,100510,100"
2019-06-28 12:38:30.000000000,BEST_BID,"JPM,98534,182"
2019-06-28 12:38:30.000000000,BEST_ASK,"JPM,100510,100"
2019-06-28 12:38:30.000000000,BEST_BID,"JPM,98534,182"
2019-06-28 12:38:30.000000000,BEST_ASK,"JPM,100510,100"
2019-06-28 12:38:30.000000000,BEST_BID,"JPM,98534,182"
2019-06-28 12:38:30.000000000,BEST_ASK,"JPM,100510,182"
2019-06-28 12:38:30.000000000,BEST_BID,"JPM,98534,182"
2019-06-28 12:38:30.000000000,BEST_ASK,"JPM,100510,182"
2019-06-28 12:38:30.000000000,BEST_BID,"JPM,98534,182"
2019-06-28 12:38:30.000000000,BEST_ASK,"JPM,100510,182"
2019-06-28 12:38:30.000000000,BEST_BID,"JPM,98534,182"
2019-06-28 12:38:30.000000000,BEST_ASK,"JPM,100510,182"
2019-06-28 12:38:40.000000000,QUERY_SPREAD,1
2019-06-28 12:38:40.000000000,BEST_BID,"JPM,98534,428"
2019-06-28 12:38:40.000000000,BEST_ASK,"JPM,100510,100"
2019-06-28 12:38:40.000000000,BEST_BID,"JPM,98534,428"
2019-06-28 12:38:40.000000000,BEST_ASK,"JPM,100510,428"
2019-06-28 12:38:50.000000000,QUERY_SPREAD,1
2019-06-28 12:38:50.000000000,BEST_BID,"JPM,98534,428"
2019-06-28 12:38:50.000000000,BEST_ASK,"JPM,100510,100"
2019-06-28 12:38:50.000000000,BEST_BID,"JPM,98534,428"
2019-06-28 12:38:50.000000000,BEST_ASK,"JPM,100510,428"
2019-06-28 12:38:58.663410069,QUERY_SPREAD,12
2019-06-28 12:38:58.663410069,BEST_BID,"JPM,98534,428"
2019-06-28 12:38:58.663410069,BEST_ASK,"JPM,100510,428"
2019-06-28 12:38:59.075104663,QUERY_SPREAD,34
2019-06-28 12:38:59.075104663,BEST_BID,"JPM,98534,428"
2019-06-28 12:38:59.075104663,BEST_ASK,"JPM,100446,100"
2019-06-28 12:39:00.000000000,QUERY_SPREAD,1
2019-06-28 12:39:00.000000000,BEST_BID,"JPM,98534,264"
2019-06-28 12:39:00.000000000,BEST_ASK,"JPM,100446,100"
2019-06-28 12:39:00.000000000,BEST_BID,"JPM,98534,264"
2019-06-28 12:39:00.000000000,BEST_ASK,"JPM,100446,100"
2019-06-28 12:39:00.000000000,BEST_BID,"JPM,98534,264"
2019-06-28 12:39:00.000000000,BEST_ASK,"JPM,100446,264"
2019-06-28 12:39:00.000000000,BEST_BID,"JPM,98534,264"
2019-06-28 12:39:00.000000000,BEST_ASK,"JPM,100446,264"
2019-06-28 12:39:00.000000000,QUERY_SPREAD,77
2019-06-28 12:39:00.000000000,BEST_BID,"JPM,98534,264"
2019-06-28 12:39:00.000000000,BEST_ASK,"JPM,100446,260"
2019-06-28 12:39:00.000000000,LAST_TRADE,"4,$100446.0000"
2019-06-28 12:39:00.000000000,QUERY_SPREAD,78
2019-06-28 12:39:00.000000000,BEST_BID,"JPM,98534,264"
2019-06-28 12:39:00.000000000,BEST_ASK,"JPM,100446,252"
2019-06-28 12:39:00.000000000,LAST_TRADE,"8,$100446.0000"
2019-06-28 12:39:00.000000000,QUERY_SPREAD,79
2019-06-28 12:39:00.000000000,BEST_BID,"JPM,98534,264"
2019-06-28 12:39:00.000000000,BEST_ASK,"JPM,100446,251"
2019-06-28 12:39:00.000000000,LAST_TRADE,"1,$100446.0000"
2019-06-28 12:39:00.000000000,QUERY_SPREAD,80
2019-06-28 12:39:00.000000000,BEST_BID,"JPM,98534,264"
2019-06-28 12:39:00.000000000,BEST_ASK,"JPM,100446,246"
2019-06-28 12:39:00.000000000,LAST_TRADE,"5,$100446.0000"
2019-06-28 12:39:00.000000000,QUERY_SPREAD,81
2019-06-28 12:39:00.000000000,BEST_BID,"JPM,98534,264"
2019-06-28 12:39:00.000000000,BEST_ASK,"JPM,100446,241"
2019-06-28 12:39:00.000000000,LAST_TRADE,"5,$100446.0000"
2019-06-28 12:39:00.000000000,QUERY_SPREAD,82
2019-06-28 12:39:00.000000000,BEST_BID,"JPM,98534,264"
2019-06-28 12:39:00.000000000,BEST_ASK,"JPM,100446,235"
2019-06-28 12:39:00.000000000,LAST_TRADE,"6,$100446.0000"
2019-06-28 12:39:00.000000000,QUERY_SPREAD,83
2019-06-28 12:39:00.000000000,BEST_BID,"JPM,98534,264"
2019-06-28 12:39:00.000000000,BEST_ASK,"JPM,100446,231"
2019-06-28 12:39:00.000000000,LAST_TRADE,"4,$100446.0000"
2019-06-28 12:39:00.000000000,QUERY_SPREAD,84
2019-06-28 12:39:00.000000000,BEST_BID,"JPM,98534,264"
2019-06-28 12:39:00.000000000,BEST_ASK,"JPM,100446,226"
2019-06-28 12:39:00.000000000,LAST_TRADE,"5,$100446.0000"
2019-06-28 12:39:00.000000000,QUERY_SPREAD,85
2019-06-28 12:39:00.000000000,BEST_BID,"JPM,98534,264"
2019-06-28 12:39:00.000000000,BEST_ASK,"JPM,100446,221"
2019-06-28 12:39:00.000000000,LAST_TRADE,"5,$100446.0000"
2019-06-28 12:39:00.000000000,QUERY_SPREAD,86
2019-06-28 12:39:00.000000000,BEST_BID,"JPM,98534,264"
2019-06-28 12:39:00.000000000,BEST_ASK,"JPM,100446,212"
2019-06-28 12:39:00.000000000,LAST_TRADE,"9,$100446.0000"
2019-06-28 12:39:00.000000000,QUERY_SPREAD,87
2019-06-28 12:39:00.000000000,BEST_BID,"JPM,98534,264"
2019-06-28 12:39:00.000000000,BEST_ASK,"JPM,100446,210"
2019-06-28 12:39:00.000000000,LAST_TRADE,"2,$100446.0000"
2019-06-28 12:39:00.000000000,QUERY_SPREAD,88
2019-06-28 12:39:00.000000000,BEST_BID,"JPM,98534,264"
2019-06-28 12:39:00.000000000,BEST_ASK,"JPM,100446,202"
2019-06-28 12:39:00.000000000,LAST_TRADE,"8,$100446.0000"
2019-06-28 12:39:00.000000000,QUERY_SPREAD,89
2019-06-28 12:39:00.000000000,BEST_BID,"JPM,98534,264"
2019-06-28 12:39:00.000000000,BEST_ASK,"JPM,100446,195"
2019-06-28 12:39:00.000000000,LAST_TRADE,"7,$100446.0000"
2019-06-28 12:39:00.000000000,QUERY_SPREAD,90
2019-06-28 12:39:00.000000000,BEST_BID,"JPM,98534,264"
2019-06-28 12:39:00.000000000,BEST_ASK,"JPM,100446,189"
2019-06-28 12:39:00.000000000,LAST_TRADE,"6,$100446.0000"
2019-06-28 12:39:00.000000000,QUERY_SPREAD,91
2019-06-28 12:39:00.000000000,BEST_BID,"JPM,98534,264"
2019-06-28 12:39:00.000000000,BEST_ASK,"JPM,100446,184"
2019-06-28 12:39:00.000000000,LAST_TRADE,"5,$100446.0000"
2019-06-28 12:39:00.000000000,QUERY_SPREAD,92
2019-06-28 12:39:00.000000000,BEST_BID,"JPM,98534,264"
2019-06-28 12:39:00.000000000,BEST_ASK,"JPM,100446,183"
2019-06-28 12:39:00.000000000,LAST_TRADE,"1,$100446.0000"
2019-06-28 12:39:00.000000000,QUERY_SPREAD,93
2019-06-28 12:39:00.000000000,BEST_BID,"JPM,98534,264"
2019-06-28 12:39:00.000000000,BEST_ASK,"JPM,100446,181"
2019-06-28 12:39:00.000000000,LAST_TRADE,"2,$100446.0000"
2019-06-28 12:39:00.000000000,QUERY_SPREAD,94
2019-06-28 12:39:00.000000000,BEST_BID,"JPM,98534,264"
2019-06-28 12:39:00.000000000,BEST_ASK,"JPM,100446,179"
2019-06-28 12:39:00.000000000,LAST_TRADE,"2,$100446.0000"
2019-06-28 12:39:00.000000000,QUERY_SPREAD,95
2019-06-28 12:39:00.000000000,BEST_BID,"JPM,98534,264"
2019-06-28 12:39:00.000000000,BEST_ASK,"JPM,100446,172"
2019-06-28 12:39:00.000000000,LAST_TRADE,"7,$100446.0000"
2019-06-28 12:39:00.000000000,QUERY_SPREAD,96
2019-06-28 12:39:00.000000000,BEST_BID,"JPM,98534,264"
2019-06-28 12:39:00.000000000,BEST_ASK,"JPM,100446,165"
2019-06-28 12:39:00.000000000,LAST_TRADE,"7,$100446.0000"
2019-06-28 12:39:00.000000000,QUERY_SPREAD,97
2019-06-28 12:39:00.000000000,BEST_BID,"JPM,98534,264"
2019-06-28 12:39:00.000000000,BEST_ASK,"JPM,100446,159"
2019-06-28 12:39:00.000000000,LAST_TRADE,"6,$100446.0000"
2019-06-28 12:39:00.000000000,QUERY_SPREAD,98
2019-06-28 12:39:00.000000000,BEST_BID,"JPM,98534,264"
2019-06-28 12:39:00.000000000,BEST_ASK,"JPM,100446,155"
2019-06-28 12:39:00.000000000,LAST_TRADE,"4,$100446.0000"
2019-06-28 12:39:00.000000000,QUERY_SPREAD,99
2019-06-28 12:39:00.000000000,BEST_BID,"JPM,98534,264"
2019-06-28 12:39:00.000000000,BEST_ASK,"JPM,100446,153"
2019-06-28 12:39:00.000000000,LAST_TRADE,"2,$100446.0000"
2019-06-28 12:39:00.000000000,QUERY_SPREAD,100
2019-06-28 12:39:00.000000000,BEST_BID,"JPM,98534,264"
2019-06-28 12:39:00.000000000,BEST_ASK,"JPM,100446,147"
2019-06-28 12:39:00.000000000,LAST_TRADE,"6,$100446.0000"
2019-06-28 12:39:00.000000000,QUERY_SPREAD,101
2019-06-28 12:39:00.000000000,QUERY_ORDER_STREAM,101
2019-06-28 12:39:09.067194490,QUERY_SPREAD,7
2019-06-28 12:39:09.067194490,BEST_BID,"JPM,99967,100"
2019-06-28 12:39:09.067194490,BEST_ASK,"JPM,100446,147"
2019-06-28 12:39:10.000000000,QUERY_SPREAD,1
2019-06-28 12:39:10.000000000,BEST_BID,"JPM,99967,212"
2019-06-28 12:39:10.000000000,BEST_ASK,"JPM,100510,100"
2019-06-28 12:39:10.000000000,BEST_BID,"JPM,99967,212"
2019-06-28 12:39:10.000000000,BEST_ASK,"JPM,100510,100"
2019-06-28 12:39:10.000000000,BEST_BID,"JPM,99967,212"
2019-06-28 12:39:10.000000000,BEST_ASK,"JPM,100510,100"
2019-06-28 12:39:10.000000000,BEST_BID,"JPM,99967,212"
2019-06-28 12:39:10.000000000,BEST_ASK,"JPM,100510,212"
2019-06-28 12:39:10.000000000,BEST_BID,"JPM,99967,212"
2019-06-28 12:39:10.000000000,BEST_ASK,"JPM,100510,212"
2019-06-28 12:39:10.000000000,BEST_BID,"JPM,99967,212"
2019-06-28 12:39:10.000000000,BEST_ASK,"JPM,100510,212"
2019-06-28 12:39:20.000000000,QUERY_SPREAD,1
2019-06-28 12:39:20.000000000,BEST_BID,"JPM,99967,428"
2019-06-28 12:39:20.000000000,BEST_ASK,"JPM,100510,100"
2019-06-28 12:39:20.000000000,BEST_BID,"JPM,99967,428"
2019-06-28 12:39:20.000000000,BEST_ASK,"JPM,100510,428"
2019-06-28 12:39:30.000000000,QUERY_SPREAD,1
2019-06-28 12:39:30.000000000,BEST_BID,"JPM,99967,182"
2019-06-28 12:39:30.000000000,BEST_ASK,"JPM,100510,100"
2019-06-28 12:39:30.000000000,BEST_BID,"JPM,99967,182"
2019-06-28 12:39:30.000000000,BEST_ASK,"JPM,100510,100"
2019-06-28 12:39:30.000000000,BEST_BID,"JPM,99967,182"
2019-06-28 12:39:30.000000000,BEST_ASK,"JPM,100510,100"
2019-06-28 12:39:30.000000000,BEST_BID,"JPM,99967,182"
2019-06-28 12:39:30.000000000,BEST_ASK,"JPM,100510,100"
2019-06-28 12:39:30.000000000,BEST_BID,"JPM,99967,182"
2019-06-28 12:39:30.000000000,BEST_ASK,"JPM,100510,182"
2019-06-28 12:39:30.000000000,BEST_BID,"JPM,99967,182"
2019-06-28 12:39:30.000000000,BEST_ASK,"JPM,100510,182"
2019-06-28 12:39:30.000000000,BEST_BID,"JPM,99967,182"
2019-06-28 12:39:30.000000000,BEST_ASK,"JPM,100510,182"
2019-06-28 12:39:30.000000000,BEST_BID,"JPM,99967,182"
2019-06-28 12:39:30.000000000,BEST_ASK,"JPM,100510,182"
2019-06-28 12:39:40.000000000,QUERY_SPREAD,1
2019-06-28 12:39:40.000000000,BEST_BID,"JPM,99967,212"
2019-06-28 12:39:40.000000000,BEST_ASK,"JPM,100510,100"
2019-06-28 12:39:40.000000000,BEST_BID,"JPM,99967,212"
2019-06-28 12:39:40.000000000,BEST_ASK,"JPM,100510,100"
2019-06-28 12:39:40.000000000,BEST_BID,"JPM,99967,212"
2019-06-28 12:39:40.000000000,BEST_ASK,"JPM,100510,100"
2019-06-28 12:39:40.000000000,BEST_BID,"JPM,99967,212"
2019-06-28 12:39:40.000000000,BEST_ASK,"JPM,100510,212"
2019-06-28 12:39:40.000000000,BEST_BID,"JPM,99967,212"
2019-06-28 12:39:40.000000000,BEST_ASK,"JPM,100510,212"
2019-06-28 12:39:40.000000000,BEST_BID,"JPM,99967,212"
2019-06-28 12:39:40.000000000,BEST_ASK,"JPM,100510,212"
2019-06-28 12:39:48.793880195,QUERY_SPREAD,4
2019-06-28 12:39:48.793880195,BEST_BID,"JPM,99967,212"
2019-06-28 12:39:48.793880195,BEST_ASK,"JPM,100510,212"
2019-06-28 12:39:50.000000000,QUERY_SPREAD,1
2019-06-28 12:39:50.000000000,BEST_BID,"JPM,99967,428"
2019-06-28 12:39:50.000000000,BEST_ASK,"JPM,100510,100"
2019-06-28 12:39:50.000000000,BEST_BID,"JPM,99967,428"
2019-06-28 12:39:50.000000000,BEST_ASK,"JPM,100510,428"
2019-06-28 12:40:00.000000000,QUERY_SPREAD,1
2019-06-28 12:40:00.000000000,BEST_BID,"JPM,99967,182"
2019-06-28 12:40:00.000000000,BEST_ASK,"JPM,100510,100"
2019-06-28 12:40:00.000000000,BEST_BID,"JPM,99967,182"
2019-06-28 12:40:00.000000000,BEST_ASK,"JPM,100510,100"
2019-06-28 12:40:00.000000000,BEST_BID,"JPM,99967,182"
2019-06-28 12:40:00.000000000,BEST_ASK,"JPM,100510,100"
2019-06-28 12:40:00.000000000,BEST_BID,"JPM,99967,182"
2019-06-28 12:40:00.000000000,BEST_ASK,"JPM,100510,100"
2019-06-28 12:40:00.000000000,BEST_BID,"JPM,99967,182"
2019-06-28 12:40:00.000000000,BEST_ASK,"JPM,100510,182"
2019-06-28 12:40:00.000000000,BEST_BID,"JPM,99967,182"
2019-06-28 12:40:00.000000000,BEST_ASK,"JPM,100510,182"
2019-06-28 12:40:00.000000000,BEST_BID,"JPM,99967,182"
2019-06-28 12:40:00.000000000,BEST_ASK,"JPM,100510,182"
2019-06-28 12:40:00.000000000,BEST_BID,"JPM,99967,182"
2019-06-28 12:40:00.000000000,BEST_ASK,"JPM,100510,182"
2019-06-28 12:40:00.000000000,QUERY_SPREAD,77
2019-06-28 12:40:00.000000000,BEST_BID,"JPM,99967,182"
2019-06-28 12:40:00.000000000,BEST_ASK,"JPM,100510,178"
2019-06-28 12:40:00.000000000,LAST_TRADE,"4,$100510.0000"
2019-06-28 12:40:00.000000000,QUERY_SPREAD,78
2019-06-28 12:40:00.000000000,BEST_BID,"JPM,99967,182"
2019-06-28 12:40:00.000000000,BEST_ASK,"JPM,100510,170"
2019-06-28 12:40:00.000000000,LAST_TRADE,"8,$100510.0000"
2019-06-28 12:40:00.000000000,QUERY_SPREAD,79
2019-06-28 12:40:00.000000000,BEST_BID,"JPM,99967,182"
2019-06-28 12:40:00.000000000,BEST_ASK,"JPM,100510,169"
2019-06-28 12:40:00.000000000,LAST_TRADE,"1,$100510.0000"
2019-06-28 12:40:00.000000000,QUERY_SPREAD,80
2019-06-28 12:40:00.000000000,BEST_BID,"JPM,99967,182"
2019-06-28 12:40:00.000000000,BEST_ASK,"JPM,100510,164"
2019-06-28 12:40:00.000000000,LAST_TRADE,"5,$100510.0000"
2019-06-28 12:40:00.000000000,QUERY_SPREAD,81
2019-06-28 12:40:00.000000000,BEST_BID,"JPM,99967,182"
2019-06-28 12:40:00.000000000,BEST_ASK,"JPM,100510,159"
2019-06-28 12:40:00.000000000,LAST_TRADE,"5,$100510.0000"
2019-06-28 12:40:00.000000000,QUERY_SPREAD,82
2019-06-28 12:40:00.000000000,BEST_BID,"JPM,99967,182"
2019-06-28 12:40:00.000000000,BEST_ASK,"JPM,100510,153"
2019-06-28 12:40:00.000000000,LAST_TRADE,"6,$100510.0000"
2019-06-28 12:40:00.000000000,QUERY_SPREAD,83
2019-06-28 12:40:00.000000000,BEST_BID,"JPM,99967,182"
2019-06-28 12:40:00.000000000,BEST_ASK,"JPM,100510,149"
2019-06-28 12:40:00.000000000,LAST_TRADE,"4,$100510.0000"
2019-06-28 12:40:00.000000000,QUERY_SPREAD,84
2019-06-28 12:40:00.000000000,BEST_BID,"JPM,99967,182"
2019-06-28 12:40:00.000000000,BEST_ASK,"JPM,100510,144"
2019-06-28 12:40:00.000000000,LAST_TRADE,"5,$100510.0000"
2019-06-28 12:40:00.000000000,QUERY_SPREAD,85
2019-06-28 12:40:00.000000000,BEST_BID,"JPM,99967,182"
2019-06-28 12:40:00.000000000,BEST_ASK,"JPM,100510,139"
2019-06-28 12:40:00.000000000,LAST_TRADE,"5,$100510.0000"
2019-06-28 12:40:00.000000000,QUERY_SPREAD,86
2019-06-28 12:40:00.000000000,BEST_BID,"JPM,99967,182"
2019-06-28 12:40:00.000000000,BEST_ASK,"JPM,100510,130"
2019-06-28 12:40:00.000000000,LAST_TRADE,"9,$100510.0000"
2019-06-28 12:40:00.000000000,QUERY_SPREAD,87
2019-06-28 12:40:00.000000000,BEST_BID,"JPM,99967,182"
2019-06-28 12:40:00.000000000,BEST_ASK,"JPM,100510,128"
2019-06-28 12:40:00.000000000,LAST_TRADE,"2,$100510.0000"
2019-06-28 12:40:00.000000000,QUERY_SPREAD,88
2019-06-28 12:40:00.000000000,BEST_BID,"JPM,99967,182"
2019-06-28 12:40:00.000000000,BEST_ASK,"JPM,100510,120"
2019-06-28 12:40:00.000000000,LAST_TRADE,"8,$100510.0000"
2019-06-28 12:40:00.000000000,QUERY_SPREAD,89
2019-06-28 12:40:00.000000000,BEST_BID,"JPM,99967,182"
2019-06-28 12:40:00.000000000,BEST_ASK,"JPM,100510,113"
2019-06-28 12:40:00.000000000,LAST_TRADE,"7,$100510.0000"
2019-06-28 12:40:00.000000000,QUERY_SPREAD,90
2019-06-28 12:40:00.000000000,BEST_BID,"JPM,99967,182"
2019-06-28 12:40:00.000000000,BEST_ASK,"JPM,100510,107"
2019-06-28 12:40:00.000000000,LAST_TRADE,"6,$100510.0000"
2019-06-28 12:40:00.000000000,QUERY_SPREAD,91
2019-06-28 12:40:00.000000000,BEST_BID,"JPM,99967,182"
2019-06-28 12:40:00.000000000,BEST_ASK,"JPM,100510,102"
2019-06-28 12:40:00.000000000,LAST_TRADE,"5,$100510.0000"
2019-06-28 12:40:00.000000000,QUERY_SPREAD,92
2019-06-28 12:40:00.000000000,BEST_BID,"JPM,99967,182"
2019-06-28 12:40:00.000000000,BEST_ASK,"JPM,100510,101"
2019-06-28 12:40:00.000000000,LAST_TRADE,"1,$100510.0000"
2019-06-28 12:40:00.000000000,QUERY_SPREAD,93
2019-06-28 12:40:00.000000000,BEST_BID,"JPM,99967,182"
2019-06-28 12:40:00.000000000,BEST_ASK,"JPM,100510,99"
2019-06-28 12:40:00.000000000,LAST_TRADE,"2,$100510.0000"
2019-06-28 12:40:00.000000000,QUERY_SPREAD,94
2019-06-28 12:40:00.000000000,BEST_BID,"JPM,99967,182"
2019-06-28 12:40:00.000000000,BEST_ASK,"JPM,100510,97"
2019-06-28 12:40:00.000000000,LAST_TRADE,"2,$100510.0000"
2019-06-28 12:40:00.000000000,QUERY_SPREAD,95
2019-06-28 12:40:00.000000000,BEST_BID,"JPM,99967,182"
2019-06-28 12:40:00.000000000,BEST_ASK,"JPM,100510,90"
2019-06-28 12:40:00.000000000,LAST_TRADE,"7,$100510.0000"
2019-06-28 12:40:00.000000000,QUERY_SPREAD,96
2019-06-28 12:40:00.000000000,BEST_BID,"JPM,99967,182"
2019-06-28 12:40:00.000000000,BEST_ASK,"JPM,100510,83"
2019-06-28 12:40:00.000000000,LAST_TRADE,"7,$100510.0000"
2019-06-28 12:40:00.000000000,QUERY_SPREAD,97
2019-06-28 12:40:00.000000000,BEST_BID,"JPM,99967,182"
2019-06-28 12:40:00.000000000,BEST_ASK,"JPM,100510,77"
2019-06-28 12:40:00.000000000,LAST_TRADE,"6,$100510.0000"
2019-06-28 12:40:00.000000000,QUERY_SPREAD,98
2019-06-28 12:40:00.000000000,BEST_BID,"JPM,99967,182"
2019-06-28 12:40:00.000000000,BEST_ASK,"JPM,100510,73"
2019-06-28 12:40:00.000000000,LAST_TRADE,"4,$100510.0000"
2019-06-28 12:40:00.000000000,QUERY_SPREAD,99
2019-06-28 12:40:00.000000000,BEST_BID,"JPM,99967,182"
2019-06-28 12:40:00.000000000,BEST_ASK,"JPM,100510,71"
2019-06-28 12:40:00.000000000,LAST_TRADE,"2,$100510.0000"
2019-06-28 12:40:00.000000000,QUERY_SPREAD,100
2019-06-28 12:40:00.000000000,BEST_BID,"JPM,99967,182"
2019-06-28 12:40:00.000000000,BEST_ASK,"JPM,100510,65"
2019-06-28 12:40:00.000000000,LAST_TRADE,"6,$100510.0000"
2019-06-28 12:40:00.000000000,QUERY_SPREAD,101
2019-06-28 12:40:00.000000000,QUERY_ORDER_STREAM,101
2019-06-28 12:40:07.470570396,QUERY_SPREAD,16
2019-06-28 12:40:07.470570396,BEST_BID,"JPM,99967,82"
2019-06-28 12:40:07.470570396,BEST_ASK,"JPM,100510,65"
2019-06-28 12:40:07.470570396,LAST_TRADE,"100,$99967.0000"
2019-06-28 12:40:10.000000000,QUERY_SPREAD,1
2019-06-28 12:40:10.000000000,BEST_BID,"JPM,99882,212"
2019-06-28 12:40:10.000000000,BEST_ASK,"JPM,100624,100"
2019-06-28 12:40:10.000000000,BEST_BID,"JPM,99882,212"
2019-06-28 12:40:10.000000000,BEST_ASK,"JPM,100624,100"
2019-06-28 12:40:10.000000000,BEST_BID,"JPM,99882,212"
2019-06-28 12:40:10.000000000,BEST_ASK,"JPM,100624,100"
2019-06-28 12:40:10.000000000,BEST_BID,"JPM,99882,212"
2019-06-28 12:40:10.000000000,BEST_ASK,"JPM,100624,212"
2019-06-28 12:40:10.000000000,BEST_BID,"JPM,99882,212"
2019-06-28 12:40:10.000000000,BEST_ASK,"JPM,100624,212"
2019-06-28 12:40:10.000000000,BEST_BID,"JPM,99882,212"
2019-06-28 12:40:10.000000000,BEST_ASK,"JPM,100624,212"
2019-06-28 12:40:14.684695979,QUERY_SPREAD,10
2019-06-28 12:40:14.684695979,BEST_BID,"JPM,99882,212"
2019-06-28 12:40:14.684695979,BEST_ASK,"JPM,100071,100"
2019-06-28 12:40:16.787462565,QUERY_SPREAD,9
2019-06-28 12:40:16.787462565,BEST_BID,"JPM,99962,100"
2019-06-28 12:40:16.787462565,BEST_ASK,"JPM,100071,100"
2019-06-28 12:40:20.000000000,QUERY_SPREAD,1
2019-06-28 12:40:20.000000000,BEST_BID,"JPM,99962,428"
2019-06-28 12:40:20.000000000,BEST_ASK,"JPM,100071,100"
2019-06-28 12:40:20.000000000,BEST_BID,"JPM,99962,428"
2019-06-28 12:40:20.000000000,BEST_ASK,"JPM,100071,428"
2019-06-28 12:40:30.000000000,QUERY_SPREAD,1
2019-06-28 12:40:30.000000000,BEST_BID,"JPM,99962,166"
2019-06-28 12:40:30.000000000,BEST_ASK,"JPM,100071,100"
2019-06-28 12:40:30.000000000,BEST_BID,"JPM,99962,166"
2019-06-28 12:40:30.000000000,BEST_ASK,"JPM,100071,100"
2019-06-28 12:40:30.000000000,BEST_BID,"JPM,99962,166"
2019-06-28 12:40:30.000000000,BEST_ASK,"JPM,100071,100"
2019-06-28 12:40:30.000000000,BEST_BID,"JPM,99962,166"
2019-06-28 12:40:30.000000000,BEST_ASK,"JPM,100071,100"
2019-06-28 12:40:30.000000000,BEST_BID,"JPM,99962,166"
2019-06-28 12:40:30.000000000,BEST_ASK,"JPM,100071,100"
2019-06-28 12:40:30.000000000,BEST_BID,"JPM,99962,166"
2019-06-28 12:40:30.000000000,BEST_ASK,"JPM,100071,166"
2019-06-28 12:40:30.000000000,BEST_BID,"JPM,99962,166"
2019-06-28 12:40:30.000000000,BEST_ASK,"JPM,100071,166"
2019-06-28 12:40:30.000000000,BEST_BID,"JPM,99962,166"
2019-06-28 12:40:30.000000000,BEST_ASK,"JPM,100071,166"
2019-06-28 12:40:30.000000000,BEST_BID,"JPM,99962,166"
2019-06-28 12:40:30.000000000,BEST_ASK,"JPM,100071,166"
2019-06-28 12:40:30.000000000,BEST_BID,"JPM,99962,166"
2019-06-28 12:40:30.000000000,BEST_ASK,"JPM,100071,166"
2019-06-28 12:40:40.000000000,QUERY_SPREAD,1
2019-06-28 12:40:40.000000000,BEST_BID,"JPM,99962,182"
2019-06-28 12:40:40.000000000,BEST_ASK,"JPM,100071,100"
2019-06-28 12:40:40.000000000,BEST_BID,"JPM,99962,182"
2019-06-28 12:40:40.000000000,BEST_ASK,"JPM,100071,100"
2019-06-28 12:40:40.000000000,BEST_BID,"JPM,99962,182"
2019-06-28 12:40:40.000000000,BEST_ASK,"JPM,100071,100"
2019-06-28 12:40:40.000000000,BEST_BID,"JPM,99962,182"
2019-06-28 12:40:40.000000000,BEST_ASK,"JPM,100071,100"
2019-06-28 12:40:40.000000000,BEST_BID,"JPM,99962,182"
2019-06-28 12:40:40.000000000,BEST_ASK,"JPM,100071,182"
2019-06-28 12:40:40.000000000,BEST_BID,"JPM,99962,182"
2019-06-28 12:40:40.000000000,BEST_ASK,"JPM,100071,182"
2019-06-28 12:40:40.000000000,BEST_BID,"JPM,99962,182"
2019-06-28 12:40:40.000000000,BEST_ASK,"JPM,100071,182"
2019-06-28 12:40:40.000000000,BEST_BID,"JPM,99962,182"
2019-06-28 12:40:40.000000000,BEST_ASK,"JPM,100071,182"
2019-06-28 12:40:46.770990223,QUERY_SPREAD,49
2019-06-28 12:40:46.770990223,BEST_BID,"JPM,99962,182"
2019-06-28 12:40:46.770990223,BEST_ASK,"JPM,100071,182"
2019-06-28 12:40:47.776826457,QUERY_SPREAD,28
2019-06-28 12:40:47.776826457,BEST_BID,"JPM,99962,182"
2019-06-28 12:40:47.776826457,BEST_ASK,"JPM,99972,100"
2019-06-28 12:40:50.000000000,QUERY_SPREAD,1
2019-06-28 12:40:50.000000000,BEST_BID,"JPM,99962,428"
2019-06-28 12:40:50.000000000,BEST_ASK,"JPM,99972,100"
2019-06-28 12:40:50.000000000,BEST_BID,"JPM,99962,428"
2019-06-28 12:40:50.000000000,BEST_ASK,"JPM,99972,428"
2019-06-28 12:40:51.122188493,QUERY_SPREAD,5
2019-06-28 12:40:51.122188493,BEST_BID,"JPM,99962,328"
2019-06-28 12:40:51.122188493,BEST_ASK,"JPM,99972,428"
2019-06-28 12:40:51.122188493,LAST_TRADE,"100,$99962.0000"
2019-06-28 12:40:54.600378153,QUERY_ORDER_STREAM,66
2019-06-28 12:40:54.600378153,QUERY_SPREAD,66
2019-06-28 12:40:54.600378153,BEST_BID,"JPM,99962,328"
2019-06-28 12:40:54.600378153,BEST_ASK,"JPM,99967,100"
2019-06-28 12:41:00.000000000,QUERY_SPREAD,1
2019-06-28 12:41:00.000000000,BEST_BID,"JPM,99888,264"
2019-06-28 12:41:00.000000000,BEST_ASK,"JPM,99967,100"
2019-06-28 12:41:00.000000000,BEST_BID,"JPM,99888,264"
2019-06-28 12:41:00.000000000,BEST_ASK,"JPM,99967,100"
2019-06-28 12:41:00.000000000,BEST_BID,"JPM,99888,264"
2019-06-28 12:41:00.000000000,BEST_ASK,"JPM,99967,264"
2019-06-28 12:41:00.000000000,BEST_BID,"JPM,99888,264"
2019-06-28 12:41:00.000000000,BEST_ASK,"JPM,99967,264"
2019-06-28 12:41:00.000000000,QUERY_SPREAD,77
2019-06-28 12:41:00.000000000,BEST_BID,"JPM,99888,264"
2019-06-28 12:41:00.000000000,BEST_ASK,"JPM,99967,260"
2019-06-28 12:41:00.000000000,LAST_TRADE,"4,$99967.0000"
2019-06-28 12:41:00.000000000,QUERY_SPREAD,78
2019-06-28 12:41:00.000000000,BEST_BID,"JPM,99888,264"
2019-06-28 12:41:00.000000000,BEST_ASK,"JPM,99967,252"
2019-06-28 12:41:00.000000000,LAST_TRADE,"8,$99967.0000"
2019-06-28 12:41:00.000000000,QUERY_SPREAD,79
2019-06-28 12:41:00.000000000,BEST_BID,"JPM,99888,264"
2019-06-28 12:41:00.000000000,BEST_ASK,"JPM,99967,251"
2019-06-28 12:41:00.000000000,LAST_TRADE,"1,$99967.0000"
2019-06-28 12:41:00.000000000,QUERY_SPREAD,80
2019-06-28 12:41:00.000000000,BEST_BID,"JPM,99888,264"
2019-06-28 12:41:00.000000000,BEST_ASK,"JPM,99967,246"
2019-06-28 12:41:00.000000000,LAST_TRADE,"5,$99967.0000"
2019-06-28 12:41:00.000000000,QUERY_SPREAD,81
2019-06-28 12:41:00.000000000,BEST_BID,"JPM,99888,264"
2019-06-28 12:41:00.000000000,BEST_ASK,"JPM,99967,241"
2019-06-28 12:41:00.000000000,LAST_TRADE,"5,$99967.0000"
2019-06-28 12:41:00.000000000,QUERY_SPREAD,82
2019-06-28 12:41:00.000000000,BEST_BID,"JPM,99888,264"
2019-06-28 12:41:00.000000000,BEST_ASK,"JPM,99967,235"
2019-06-28 12:41:00.000000000,LAST_TRADE,"6,$99967.0000"
2019-06-28 12:41:00.000000000,QUERY_SPREAD,83
2019-06-28 12:41:00.000000000,BEST_BID,"JPM,99888,264"
2019-06-28 12:41:00.000000000,BEST_ASK,"JPM,99967,231"
2019-06-28 12:41:00.000000000,LAST_TRADE,"4,$99967.0000"
2019-06-28 12:41:00.000000000,QUERY_SPREAD,84
2019-06-28 12:41:00.000000000,BEST_BID,"JPM,99888,264"
2019-06-28 12:41:00.000000000,BEST_ASK,"JPM,99967,226"
2019-06-28 12:41:00.000000000,LAST_TRADE,"5,$99967.0000"
2019-06-28 12:41:00.000000000,QUERY_SPREAD,85
2019-06-28 12:41:00.000000000,BEST_BID,"JPM,99888,264"
2019-06-28 12:41:00.000000000,BEST_ASK,"JPM,99967,221"
2019-06-28 12:41:00.000000000,LAST_TRADE,"5,$99967.0000"
2019-06-28 12:41:00.000000000,QUERY_SPREAD,86
2019-06-28 12:41:00.000000000,BEST_BID,"JPM,99888,264"
2019-06-28 12:41:00.000000000,BEST_ASK,"JPM,99967,212"
2019-06-28 12:41:00.000000000,LAST_TRADE,"9,$99967.0000"
2019-06-28 12:41:00.000000000,QUERY_SPREAD,87
2019-06-28 12:41:00.000000000,BEST_BID,"JPM,99888,264"
2019-06-28 12:41:00.000000000,BEST_ASK,"JPM,99967,210"
2019-06-28 12:41:00.000000000,LAST_TRADE,"2,$99967.0000"
2019-06-28 12:41:00.000000000,QUERY_SPREAD,88
2019-06-28 12:41:00.000000000,BEST_BID,"JPM,99888,264"
2019-06-28 12:41:00.000000000,BEST_ASK,"JPM,99967,202"
2019-06-28 12:41:00.000000000,LAST_TRADE,"8,$99967.0000"
2019-06-28 12:41:00.000000000,QUERY_SPREAD,89
2019-06-28 12:41:00.000000000,BEST_BID,"JPM,99888,264"
2019-06-28 12:41:00.000000000,BEST_ASK,"JPM,99967,195"
2019-06-28 12:41:00.000000000,LAST_TRADE,"7,$99967.0000"
2019-06-28 12:41:00.000000000,QUERY_SPREAD,90
2019-06-28 12:41:00.000000000,BEST_BID,"JPM,99888,264"
2019-06-28 12:41:00.000000000,BEST_ASK,"JPM,99967,189"
2019-06-28 12:41:00.000000000,LAST_TRADE,"6,$99967.0000"
2019-06-28 12:41:00.000000000,QUERY_SPREAD,91
2019-06-28 12:41:00.000000000,BEST_BID,"JPM,99888,264"
2019-06-28 12:41:00.000000000,BEST_ASK,"JPM,99967,184"
2019-06-28 12:41:00.000000000,LAST_TRADE,"5,$99967.0000"
2019-06-28 12:41:00.000000000,QUERY_SPREAD,92
2019-06-28 12:41:00.000000000,BEST_BID,"JPM,99888,264"
2019-06-28 12:41:00.000000000,BEST_ASK,"JPM,99967,183"
2019-06-28 12:41:00.000000000,LAST_TRADE,"1,$99967.0000"
2019-06-28 12:41:00.000000000,QUERY_SPREAD,93
2019-06-28 12:41:00.000000000,BEST_BID,"JPM,99888,264"
2019-06-28 12:41:00.000000000,BEST_ASK,"JPM,99967,181"
2019-06-28 12:41:00.000000000,LAST_TRADE,"2,$99967.0000"
2019-06-28 12:41:00.000000000,QUERY_SPREAD,94
2019-06-28 12:41:00.000000000,BEST_BID,"JPM,99888,264"
2019-06-28 12:41:00.000000000,BEST_ASK,"JPM,99967,179"
2019-06-28 12:41:00.000000000,LAST_TRADE,"2,$99967.0000"
2019-06-28 12:41:00.000000000,QUERY_SPREAD,95
2019-06-28 12:41:00.000000000,BEST_BID,"JPM,99888,264"
2019-06-28 12:41:00.000000000,BEST_ASK,"JPM,99967,172"
2019-06-28 12:41:00.000000000,LAST_TRADE,"7,$99967.0000"
2019-06-28 12:41:00.000000000,QUERY_SPREAD,96
2019-06-28 12:41:00.000000000,BEST_BID,"JPM,99888,264"
2019-06-28 12:41:00.000000000,BEST_ASK,"JPM,99967,165"
2019-06-28 12:41:00.000000000,LAST_TRADE,"7,$99967.0000"
2019-06-28 12:41:00.000000000,QUERY_SPREAD,97
2019-06-28 12:41:00.000000000,BEST_BID,"JPM,99888,264"
2019-06-28 12:41:00.000000000,BEST_ASK,"JPM,99967,159"
2019-06-28 12:41:00.000000000,LAST_TRADE,"6,$99967.0000"
2019-06-28 12:41:00.000000000,QUERY_SPREAD,98
2019-06-28 12:41:00.000000000,BEST_BID,"JPM,99888,264"
2019-06-28 12:41:00.000000000,BEST_ASK,"JPM,99967,155"
2019-06-28 12:41:00.000000000,LAST_TRADE,"4,$99967.0000"
2019-06-28 12:41:00.000000000,QUERY_SPREAD,99
2019-06-28 12:41:00.000000000,BEST_BID,"JPM,99888,264"
2019-06-28 12:41:00.000000000,BEST_ASK,"JPM,99967,153"
2019-06-28 12:41:00.000000000,LAST_TRADE,"2,$99967.0000"
2019-06-28 12:41:00.000000000,QUERY_SPREAD,100
2019-06-28 12:41:00.000000000,BEST_BID,"JPM,99888,264"
2019-06-28 12:41:00.000000000,BEST_ASK,"JPM,99967,147"
2019-06-28 12:41:00.000000000,LAST_TRADE,"6,$99967.0000"
2019-06-28 12:41:00.000000000,QUERY_SPREAD,101
2019-06-28 12:41:00.000000000,QUERY_ORDER_STREAM,101
2019-06-28 12:41:10.000000000,QUERY_SPREAD,1
2019-06-28 12:41:10.000000000,BEST_BID,"JPM,99888,212"
2019-06-28 12:41:10.000000000,BEST_ASK,"JPM,99972,100"
2019-06-28 12:41:10.000000000,BEST_BID,"JPM,99888,212"
2019-06-28 12:41:10.000000000,BEST_ASK,"JPM,99972,100"
2019-06-28 12:41:10.000000000,BEST_BID,"JPM,99888,212"
2019-06-28 12:41:10.000000000,BEST_ASK,"JPM,99972,100"
2019-06-28 12:41:10.000000000,BEST_BID,"JPM,99888,212"
2019-06-28 12:41:10.000000000,BEST_ASK,"JPM,99972,212"
2019-06-28 12:41:10.000000000,BEST_BID,"JPM,99888,212"
2019-06-28 12:41:10.000000000,BEST_ASK,"JPM,99972,212"
2019-06-28 12:41:10.000000000,BEST_BID,"JPM,99888,212"
2019-06-28 12:41:10.000000000,BEST_ASK,"JPM,99972,212"
2019-06-28 12:41:10.040414728,QUERY_ORDER_STREAM,53
2019-06-28 12:41:10.040414728,QUERY_SPREAD,53
2019-06-28 12:41:11.705575663,QUERY_SPREAD,4
2019-06-28 12:41:11.705575663,BEST_BID,"JPM,99888,212"
2019-06-28 12:41:11.705575663,BEST_ASK,"JPM,99972,212"
2019-06-28 12:41:18.582051525,QUERY_ORDER_STREAM,71
2019-06-28 12:41:18.582051525,QUERY_SPREAD,71
2019-06-28 12:41:18.582051525,BEST_BID,"JPM,99888,212"
2019-06-28 12:41:18.582051525,BEST_ASK,"JPM,99967,100"
2019-06-28 12:41:18.707065490,QUERY_ORDER_STREAM,57
2019-06-28 12:41:18.707065490,QUERY_SPREAD,57
2019-06-28 12:41:18.707065490,BEST_BID,"JPM,99888,212"
2019-06-28 12:41:18.707065490,BEST_ASK,"JPM,99967,200"
2019-06-28 12:41:20.000000000,QUERY_SPREAD,1
2019-06-28 12:41:20.000000000,BEST_BID,"JPM,99888,264"
2019-06-28 12:41:20.000000000,BEST_ASK,"JPM,99967,200"
2019-06-28 12:41:20.000000000,BEST_BID,"JPM,99888,264"
2019-06-28 12:41:20.000000000,BEST_ASK,"JPM,99967,200"
2019-06-28 12:41:20.000000000,BEST_BID,"JPM,99888,264"
2019-06-28 12:41:20.000000000,BEST_ASK,"JPM,99967,364"
2019-06-28 12:41:20.000000000,BEST_BID,"JPM,99888,264"
2019-06-28 12:41:20.000000000,BEST_ASK,"JPM,99967,364"
2019-06-28 12:41:30.000000000,QUERY_SPREAD,1
2019-06-28 12:41:30.000000000,BEST_BID,"JPM,99888,428"
2019-06-28 12:41:30.000000000,BEST_ASK,"JPM,99967,200"
2019-06-28 12:41:30.000000000,BEST_BID,"JPM,99888,428"
2019-06-28 12:41:30.000000000,BEST_ASK,"JPM,99967,528"
2019-06-28 12:41:40.000000000,QUERY_SPREAD,1
2019-06-28 12:41:40.000000000,BEST_BID,"JPM,99888,264"
2019-06-28 12:41:40.000000000,BEST_ASK,"JPM,99967,200"
2019-06-28 12:41:40.000000000,BEST_BID,"JPM,99888,264"
2019-06-28 12:41:40.000000000,BEST_ASK,"JPM,99967,200"
2019-06-28 12:41:40.000000000,BEST_BID,"JPM,99888,264"
2019-06-28 12:41:40.000000000,BEST_ASK,"JPM,99967,364"
2019-06-28 12:41:40.000000000,BEST_BID,"JPM,99888,264"
2019-06-28 12:41:40.000000000,BEST_ASK,"JPM,99967,364"
2019-06-28 12:41:50.000000000,QUERY_SPREAD,1
2019-06-28 12:41:50.000000000,BEST_BID,"JPM,99888,166"
2019-06-28 12:41:50.000000000,BEST_ASK,"JPM,99967,200"
2019-06-28 12:41:50.000000000,BEST_BID,"JPM,99888,166"
2019-06-28 12:41:50.000000000,BEST_ASK,"JPM,99967,200"
2019-06-28 12:41:50.000000000,BEST_BID,"JPM,99888,166"
2019-06-28 12:41:50.000000000,BEST_ASK,"JPM,99967,200"
2019-06-28 12:41:50.000000000,BEST_BID,"JPM,99888,166"
2019-06-28 12:41:50.000000000,BEST_ASK,"JPM,99967,200"
2019-06-28 12:41:50.000000000,BEST_BID,"JPM,99888,166"
2019-06-28 12:41:50.000000000,BEST_ASK,"JPM,99967,200"
2019-06-28 12:41:50.000000000,BEST_BID,"JPM,99888,166"
2019-06-28 12:41:50.000000000,BEST_ASK,"JPM,99967,266"
2019-06-28 12:41:50.000000000,BEST_BID,"JPM,99888,166"
2019-06-28 12:41:50.000000000,BEST_ASK,"JPM,99967,266"
2019-06-28 12:41:50.000000000,BEST_BID,"JPM,99888,166"
2019-06-28 12:41:50.000000000,BEST_ASK,"JPM,99967,266"
2019-06-28 12:41:50.000000000,BEST_BID,"JPM,99888,166"
2019-06-28 12:41:50.000000000,BEST_ASK,"JPM,99967,266"
2019-06-28 12:41:50.000000000,BEST_BID,"JPM,99888,166"
2019-06-28 12:41:50.000000000,BEST_ASK,"JPM,99967,266"
2019-06-28 12:41:52.697533748,QUERY_ORDER_STREAM,73
2019-06-28 12:41:52.697533748,QUERY_SPREAD,73
2019-06-28 12:42:00.000000000,QUERY_SPREAD,1
2019-06-28 12:42:00.000000000,BEST_BID,"JPM,99888,264"
2019-06-28 12:42:00.000000000,BEST_ASK,"JPM,99967,200"
2019-06-28 12:42:00.000000000,BEST_BID,"JPM,99888,264"
2019-06-28 12:42:00.000000000,BEST_ASK,"JPM,99967,200"
2019-06-28 12:42:00.000000000,BEST_BID,"JPM,99888,264"
2019-06-28 12:42:00.000000000,BEST_ASK,"JPM,99967,364"
2019-06-28 12:42:00.000000000,BEST_BID,"JPM,99888,264"
2019-06-28 12:42:00.000000000,BEST_ASK,"JPM,99967,364"
2019-06-28 12:42:00.000000000,QUERY_SPREAD,77
2019-06-28 12:42:00.000000000,BEST_BID,"JPM,99888,264"
2019-06-28 12:42:00.000000000,BEST_ASK,"JPM,99967,360"
2019-06-28 12:42:00.000000000,LAST_TRADE,"4,$99967.0000"
2019-06-28 12:42:00.000000000,QUERY_SPREAD,78
2019-06-28 12:42:00.000000000,BEST_BID,"JPM,99888,264"
2019-06-28 12:42:00.000000000,BEST_ASK,"JPM,99967,352"
2019-06-28 12:42:00.000000000,LAST_TRADE,"8,$99967.0000"
2019-06-28 12:42:00.000000000,QUERY_SPREAD,79
2019-06-28 12:42:00.000000000,BEST_BID,"JPM,99888,264"
2019-06-28 12:42:00.000000000,BEST_ASK,"JPM,99967,351"
2019-06-28 12:42:00.000000000,LAST_TRADE,"1,$99967.0000"
2019-06-28 12:42:00.000000000,QUERY_SPREAD,80
2019-06-28 12:42:00.000000000,BEST_BID,"JPM,99888,264"
2019-06-28 12:42:00.000000000,BEST_ASK,"JPM,99967,346"
2019-06-28 12:42:00.000000000,LAST_TRADE,"5,$99967.0000"
2019-06-28 12:42:00.000000000,QUERY_SPREAD,81
2019-06-28 12:42:00.000000000,BEST_BID,"JPM,99888,264"
2019-06-28 12:42:00.000000000,BEST_ASK,"JPM,99967,341"
2019-06-28 12:42:00.000000000,LAST_TRADE,"5,$99967.0000"
2019-06-28 12:42:00.000000000,QUERY_SPREAD,82
2019-06-28 12:42:00.000000000,BEST_BID,"JPM,99888,264"
2019-06-28 12:42:00.000000000,BEST_ASK,"JPM,99967,335"
2019-06-28 12:42:00.000000000,LAST_TRADE,"6,$99967.0000"
2019-06-28 12:42:00.000000000,QUERY_SPREAD,83
2019-06-28 12:42:00.000000000,BEST_BID,"JPM,99888,264"
2019-06-28 12:42:00.000000000,BEST_ASK,"JPM,99967,331"
2019-06-28 12:42:00.000000000,LAST_TRADE,"4,$99967.0000"
2019-06-28 12:42:00.000000000,QUERY_SPREAD,84
2019-06-28 12:42:00.000000000,BEST_BID,"JPM,99888,264"
2019-06-28 12:42:00.000000000,BEST_ASK,"JPM,99967,326"
2019-06-28 12:42:00.000000000,LAST_TRADE,"5,$99967.0000"
2019-06-28 12:42:00.000000000,QUERY_SPREAD,85
2019-06-28 12:42:00.000000000,BEST_BID,"JPM,99888,264"
2019-06-28 12:42:00.000000000,BEST_ASK,"JPM,99967,321"
2019-06-28 12:42:00.000000000,LAST_TRADE,"5,$99967.0000"
2019-06-28 12:42:00.000000000,QUERY_SPREAD,86
2019-06-28 12:42:00.000000000,BEST_BID,"JPM,99888,264"
2019-06-28 12:42:00.000000000,BEST_ASK,"JPM,99967,312"
2019-06-28 12:42:00.000000000,LAST_TRADE,"9,$99967.0000"
2019-06-28 12:42:00.000000000,QUERY_SPREAD,87
2019-06-28 12:42:00.000000000,BEST_BID,"JPM,99888,264"
2019-06-28 12:42:00.000000000,BEST_ASK,"JPM,99967,310"
2019-06-28 12:42:00.000000000,LAST_TRADE,"2,$99967.0000"
2019-06-28 12:42:00.000000000,QUERY_SPREAD,88
2019-06-28 12:42:00.000000000,BEST_BID,"JPM,99888,264"
2019-06-28 12:42:00.000000000,BEST_ASK,"JPM,99967,302"
2019-06-28 12:42:00.000000000,LAST_TRADE,"8,$99967.0000"
2019-06-28 12:42:00.000000000,QUERY_SPREAD,89
2019-06-28 12:42:00.000000000,BEST_BID,"JPM,99888,264"
2019-06-28 12:42:00.000000000,BEST_ASK,"JPM,99967,295"
2019-06-28 12:42:00.000000000,LAST_TRADE,"7,$99967.0000"
2019-06-28 12:42:00.000000000,QUERY_SPREAD,90
2019-06-28 12:42:00.000000000,BEST_BID,"JPM,99888,264"
2019-06-28 12:42:00.000000000,BEST_ASK,"JPM,99967,289"
2019-06-28 12:42:00.000000000,LAST_TRADE,"6,$99967.0000"
2019-06-28 12:42:00.000000000,QUERY_SPREAD,91
2019-06-28 12:42:00.000000000,BEST_BID,"JPM,99888,264"
2019-06-28 12:42:00.000000000,BEST_ASK,"JPM,99967,284"
2019-06-28 12:42:00.000000000,LAST_TRADE,"5,$99967.0000"
2019-06-28 12:42:00.000000000,QUERY_SPREAD,92
2019-06-28 12:42:00.000000000,BEST_BID,"JPM,99888,264"
2019-06-28 12:42:00.000000000,BEST_ASK,"JPM,99967,283"
2019-06-28 12:42:00.000000000,LAST_TRADE,"1,$99967.0000"
2019-06-28 12:42:00.000000000,QUERY_SPREAD,93
2019-06-28 12:42:00.000000000,BEST_BID,"JPM,99888,264"
2019-06-28 12:42:00.000000000,BEST_ASK,"JPM,99967,281"
2019-06-28 12:42:00.000000000,LAST_TRADE,"2,$99967.0000"
2019-06-28 12:42:00.000000000,QUERY_SPREAD,94
2019-06-28 12:42:00.000000000,BEST_BID,"JPM,99888,264"
2019-06-28 12:42:00.000000000,BEST_ASK,"JPM,99967,279"
2019-06-28 12:42:00.000000000,LAST_TRADE,"2,$99967.0000"
2019-06-28 12:42:00.000000000,QUERY_SPREAD,95
2019-06-28 12:42:00.000000000,BEST_BID,"JPM,99888,264"
2019-06-28 12:42:00.000000000,BEST_ASK,"JPM,99967,272"
2019-06-28 12:42:00.000000000,LAST_TRADE,"7,$99967.0000"
2019-06-28 12:42:00.000000000,QUERY_SPREAD,96
2019-06-28 12:42:00.000000000,BEST_BID,"JPM,99888,264"
2019-06-28 12:42:00.000000000,BEST_ASK,"JPM,99967,265"
2019-06-28 12:42:00.000000000,LAST_TRADE,"7,$99967.0000"
2019-06-28 12:42:00.000000000,QUERY_SPREAD,97
2019-06-28 12:42:00.000000000,BEST_BID,"JPM,99888,264"
2019-06-28 12:42:00.000000000,BEST_ASK,"JPM,99967,259"
2019-06-28 12:42:00.000000000,LAST_TRADE,"6,$99967.0000"
2019-06-28 12:42:00.000000000,QUERY_SPREAD,98
2019-06-28 12:42:00.000000000,BEST_BID,"JPM,99888,264"
2019-06-28 12:42:00.000000000,BEST_ASK,"JPM,99967,255"
2019-06-28 12:42:00.000000000,LAST_TRADE,"4,$99967.0000"
2019-06-28 12:42:00.000000000,QUERY_SPREAD,99
2019-06-28 12:42:00.000000000,BEST_BID,"JPM,99888,264"
2019-06-28 12:42:00.000000000,BEST_ASK,"JPM,99967,253"
2019-06-28 12:42:00.000000000,LAST_TRADE,"2,$99967.0000"
2019-06-28 12:42:00.000000000,QUERY_SPREAD,100
2019-06-28 12:42:00.000000000,BEST_BID,"JPM,99888,264"
2019-06-28 12:42:00.000000000,BEST_ASK,"JPM,99967,247"
2019-06-28 12:42:00.000000000,LAST_TRADE,"6,$99967.0000"
2019-06-28 12:42:00.000000000,QUERY_SPREAD,101
2019-06-28 12:42:00.000000000,QUERY_ORDER_STREAM,101
2019-06-28 12:42:00.501814738,QUERY_SPREAD,9
2019-06-28 12:42:00.501814738,BEST_BID,"JPM,99888,164"
2019-06-28 12:42:00.501814738,BEST_ASK,"JPM,99967,247"
2019-06-28 12:42:00.501814738,LAST_TRADE,"100,$99888.0000"
2019-06-28 12:42:10.000000000,QUERY_SPREAD,1
2019-06-28 12:42:10.000000000,BEST_BID,"JPM,99611,212"
2019-06-28 12:42:10.000000000,BEST_ASK,"JPM,99967,83"
2019-06-28 12:42:10.000000000,BEST_BID,"JPM,99611,212"
2019-06-28 12:42:10.000000000,BEST_ASK,"JPM,99967,83"
2019-06-28 12:42:10.000000000,BEST_BID,"JPM,99611,212"
2019-06-28 12:42:10.000000000,BEST_ASK,"JPM,99967,83"
2019-06-28 12:42:10.000000000,BEST_BID,"JPM,99611,212"
2019-06-28 12:42:10.000000000,BEST_ASK,"JPM,99967,195"
2019-06-28 12:42:10.000000000,BEST_BID,"JPM,99611,212"
2019-06-28 12:42:10.000000000,BEST_ASK,"JPM,99967,195"
2019-06-28 12:42:10.000000000,BEST_BID,"JPM,99611,212"
2019-06-28 12:42:10.000000000,BEST_ASK,"JPM,99967,195"
2019-06-28 12:42:20.000000000,QUERY_SPREAD,1
2019-06-28 12:42:20.000000000,BEST_BID,"JPM,99611,166"
2019-06-28 12:42:20.000000000,BEST_ASK,"JPM,99967,83"
2019-06-28 12:42:20.000000000,BEST_BID,"JPM,99611,166"
2019-06-28 12:42:20.000000000,BEST_ASK,"JPM,99967,83"
2019-06-28 12:42:20.000000000,BEST_BID,"JPM,99611,166"
2019-06-28 12:42:20.000000000,BEST_ASK,"JPM,99967,83"
2019-06-28 12:42:20.000000000,BEST_BID,"JPM,99611,166"
2019-06-28 12:42:20.000000000,BEST_ASK,"JPM,99967,83"
2019-06-28 12:42:20.000000000,BEST_BID,"JPM,99611,166"
2019-06-28 12:42:20.000000000,BEST_ASK,"JPM,99967,149"
2019-06-28 12:42:20.000000000,BEST_BID,"JPM,99611,166"
2019-06-28 12:42:20.000000000,BEST_ASK,"JPM,99967,149"
2019-06-28 12:42:20.000000000,BEST_BID,"JPM,99611,166"
2019-06-28 12:42:20.000000000,BEST_ASK,"JPM,99967,149"
2019-06-28 12:42:20.000000000,BEST_BID,"JPM,99611,166"
2019-06-28 12:42:20.000000000,BEST_ASK,"JPM,99967,149"
2019-06-28 12:42:20.000000000,BEST_BID,"JPM,99611,166"
2019-06-28 12:42:20.000000000,BEST_ASK,"JPM,99967,149"
2019-06-28 12:42:25.393555538,QUERY_SPREAD,43
2019-06-28 12:42:25.393555538,BEST_BID,"JPM,99611,166"
2019-06-28 12:42:25.393555538,BEST_ASK,"JPM,99967,149"
2019-06-28 12:42:30.000000000,QUERY_SPREAD,1
2019-06-28 12:42:30.000000000,BEST_BID,"JPM,99611,182"
2019-06-28 12:42:30.000000000,BEST_ASK,"JPM,99967,83"
2019-06-28 12:42:30.000000000,BEST_BID,"JPM,99611,182"
2019-06-28 12:42:30.000000000,BEST_ASK,"JPM,99967,83"
2019-06-28 12:42:30.000000000,BEST_BID,"JPM,99611,182"
2019-06-28 12:42:30.000000000,BEST_ASK,"JPM,99967,83"
2019-06-28 12:42:30.000000000,BEST_BID,"JPM,99611,182"
2019-06-28 12:42:30.000000000,BEST_ASK,"JPM,99967,83"
2019-06-28 12:42:30.000000000,BEST_BID,"JPM,99611,182"
2019-06-28 12:42:30.000000000,BEST_ASK,"JPM,99967,165"
2019-06-28 12:42:30.000000000,BEST_BID,"JPM,99611,182"
2019-06-28 12:42:30.000000000,BEST_ASK,"JPM,99967,165"
2019-06-28 12:42:30.000000000,BEST_BID,"JPM,99611,182"
2019-06-28 12:42:30.000000000,BEST_ASK,"JPM,99967,165"
2019-06-28 12:42:30.000000000,BEST_BID,"JPM,99611,182"
2019-06-28 12:42:30.000000000,BEST_ASK,"JPM,99967,165"
2019-06-28 12:42:37.500827766,QUERY_ORDER_STREAM,73
2019-06-28 12:42:37.500827766,QUERY_SPREAD,73
2019-06-28 12:42:37.500827766,BEST_BID,"JPM,99611,182"
2019-06-28 12:42:37.500827766,BEST_ASK,"JPM,99967,265"
2019-06-28 12:42:40.000000000,QUERY_SPREAD,1
2019-06-28 12:42:40.000000000,BEST_BID,"JPM,99611,212"
2019-06-28 12:42:40.000000000,BEST_ASK,"JPM,99967,183"
2019-06-28 12:42:40.000000000,BEST_BID,"JPM,99611,212"
2019-06-28 12:42:40.000000000,BEST_ASK,"JPM,99967,183"
2019-06-28 12:42:40.000000000,BEST_BID,"JPM,99611,212"
2019-06-28 12:42:40.000000000,BEST_ASK,"JPM,99967,183"
2019-06-28 12:42:40.000000000,BEST_BID,"JPM,99611,212"
2019-06-28 12:42:40.000000000,BEST_ASK,"JPM,99967,295"
2019-06-28 12:42:40.000000000,BEST_BID,"JPM,99611,212"
2019-06-28 12:42:40.000000000,BEST_ASK,"JPM,99967,295"
2019-06-28 12:42:40.000000000,BEST_BID,"JPM,99611,212"
2019-06-28 12:42:40.000000000,BEST_ASK,"JPM,99967,295"
2019-06-28 12:42:50.000000000,QUERY_SPREAD,1
2019-06-28 12:42:50.000000000,BEST_BID,"JPM,99611,212"
2019-06-28 12:42:50.000000000,BEST_ASK,"JPM,99967,183"
2019-06-28 12:42:50.000000000,BEST_BID,"JPM,99611,212"
2019-06-28 12:42:50.000000000,BEST_ASK,"JPM,99967,183"
2019-06-28 12:42:50.000000000,BEST_BID,"JPM,99611,212"
2019-06-28 12:42:50.000000000,BEST_ASK,"JPM,99967,183"
2019-06-28 12:42:50.000000000,BEST_BID,"JPM,99611,212"
2019-06-28 12:42:50.000000000,BEST_ASK,"JPM,99967,295"
2019-06-28 12:42:50.000000000,BEST_BID,"JPM,99611,212"
2019-06-28 12:42:50.000000000,BEST_ASK,"JPM,99967,295"
2019-06-28 12:42:50.000000000,BEST_BID,"JPM,99611,212"
2019-06-28 12:42:50.000000000,BEST_ASK,"JPM,99967,295"
2019-06-28 12:42:52.480732773,QUERY_SPREAD,23
2019-06-28 12:42:52.480732773,BEST_BID,"JPM,99611,112"
2019-06-28 12:42:52.480732773,BEST_ASK,"JPM,99967,295"
2019-06-28 12:42:52.480732773,LAST_TRADE,"100,$99611.0000"
2019-06-28 12:42:56.994895312,QUERY_SPREAD,4
2019-06-28 12:42:56.994895312,BEST_BID,"JPM,99611,112"
2019-06-28 12:42:56.994895312,BEST_ASK,"JPM,99967,295"
2019-06-28 12:43:00.000000000,QUERY_SPREAD,1
2019-06-28 12:43:00.000000000,BEST_BID,"JPM,99378,166"
2019-06-28 12:43:00.000000000,BEST_ASK,"JPM,99967,183"
2019-06-28 12:43:00.000000000,BEST_BID,"JPM,99378,166"
2019-06-28 12:43:00.000000000,BEST_ASK,"JPM,99967,183"
2019-06-28 12:43:00.000000000,BEST_BID,"JPM,99378,166"
2019-06-28 12:43:00.000000000,BEST_ASK,"JPM,99967,183"
2019-06-28 12:43:00.000000000,BEST_BID,"JPM,99378,166"
2019-06-28 12:43:00.000000000,BEST_ASK,"JPM,99967,183"
2019-06-28 12:43:00.000000000,BEST_BID,"JPM,99378,166"
2019-06-28 12:43:00.000000000,BEST_ASK,"JPM,99967,183"
2019-06-28 12:43:00.000000000,BEST_BID,"JPM,99378,166"
2019-06-28 12:43:00.000000000,BEST_ASK,"JPM,99967,249"
2019-06-28 12:43:00.000000000,BEST_BID,"JPM,99378,166"
2019-06-28 12:43:00.000000000,BEST_ASK,"JPM,99967,249"
2019-06-28 12:43:00.000000000,BEST_BID,"JPM,99378,166"
2019-06-28 12:43:00.000000000,BEST_ASK,"JPM,99967,249"
2019-06-28 12:43:00.000000000,BEST_BID,"JPM,99378,166"
2019-06-28 12:43:00.000000000,BEST_ASK,"JPM,99967,249"
2019-06-28 12:43:00.000000000,BEST_BID,"JPM,99378,166"
2019-06-28 12:43:00.000000000,BEST_ASK,"JPM,99967,249"
2019-06-28 12:43:00.000000000,QUERY_SPREAD,77
2019-06-28 12:43:00.000000000,BEST_BID,"JPM,99378,166"
2019-06-28 12:43:00.000000000,BEST_ASK,"JPM,99967,245"
2019-06-28 12:43:00.000000000,LAST_TRADE,"4,$99967.0000"
2019-06-28 12:43:00.000000000,QUERY_SPREAD,78
2019-06-28 12:43:00.000000000,BEST_BID,"JPM,99378,166"
2019-06-28 12:43:00.000000000,BEST_ASK,"JPM,99967,237"
2019-06-28 12:43:00.000000000,LAST_TRADE,"8,$99967.0000"
2019-06-28 12:43:00.000000000,QUERY_SPREAD,79
2019-06-28 12:43:00.000000000,BEST_BID,"JPM,99378,166"
2019-06-28 12:43:00.000000000,BEST_ASK,"JPM,99967,236"
2019-06-28 12:43:00.000000000,LAST_TRADE,"1,$99967.0000"
2019-06-28 12:43:00.000000000,QUERY_SPREAD,80
2019-06-28 12:43:00.000000000,BEST_BID,"JPM,99378,166"
2019-06-28 12:43:00.000000000,BEST_ASK,"JPM,99967,231"
2019-06-28 12:43:00.000000000,LAST_TRADE,"5,$99967.0000"
2019-06-28 12:43:00.000000000,QUERY_SPREAD,81
2019-06-28 12:43:00.000000000,BEST_BID,"JPM,99378,166"
2019-06-28 12:43:00.000000000,BEST_ASK,"JPM,99967,226"
2019-06-28 12:43:00.000000000,LAST_TRADE,"5,$99967.0000"
2019-06-28 12:43:00.000000000,QUERY_SPREAD,82
2019-06-28 12:43:00.000000000,BEST_BID,"JPM,99378,166"
2019-06-28 12:43:00.000000000,BEST_ASK,"JPM,99967,220"
2019-06-28 12:43:00.000000000,LAST_TRADE,"6,$99967.0000"
2019-06-28 12:43:00.000000000,QUERY_SPREAD,83
2019-06-28 12:43:00.000000000,BEST_BID,"JPM,99378,166"
2019-06-28 12:43:00.000000000,BEST_ASK,"JPM,99967,216"
2019-06-28 12:43:00.000000000,LAST_TRADE,"4,$99967.0000"
2019-06-28 12:43:00.000000000,QUERY_SPREAD,84
2019-06-28 12:43:00.000000000,BEST_BID,"JPM,99378,166"
2019-06-28 12:43:00.000000000,BEST_ASK,"JPM,99967,211"
2019-06-28 12:43:00.000000000,LAST_TRADE,"5,$99967.0000"
2019-06-28 12:43:00.000000000,QUERY_SPREAD,85
2019-06-28 12:43:00.000000000,BEST_BID,"JPM,99378,166"
2019-06-28 12:43:00.000000000,BEST_ASK,"JPM,99967,206"
2019-06-28 12:43:00.000000000,LAST_TRADE,"5,$99967.0000"
2019-06-28 12:43:00.000000000,QUERY_SPREAD,86
2019-06-28 12:43:00.000000000,BEST_BID,"JPM,99378,166"
2019-06-28 12:43:00.000000000,BEST_ASK,"JPM,99967,197"
2019-06-28 12:43:00.000000000,LAST_TRADE,"9,$99967.0000"
2019-06-28 12:43:00.000000000,QUERY_SPREAD,87
2019-06-28 12:43:00.000000000,BEST_BID,"JPM,99378,166"
2019-06-28 12:43:00.000000000,BEST_ASK,"JPM,99967,195"
2019-06-28 12:43:00.000000000,LAST_TRADE,"2,$99967.0000"
2019-06-28 12:43:00.000000000,QUERY_SPREAD,88
2019-06-28 12:43:00.000000000,BEST_BID,"JPM,99378,166"
2019-06-28 12:43:00.000000000,BEST_ASK,"JPM,99967,187"
2019-06-28 12:43:00.000000000,LAST_TRADE,"8,$99967.0000"
2019-06-28 12:43:00.000000000,QUERY_SPREAD,89
2019-06-28 12:43:00.000000000,BEST_BID,"JPM,99378,166"
2019-06-28 12:43:00.000000000,BEST_ASK,"JPM,99967,180"
2019-06-28 12:43:00.000000000,LAST_TRADE,"7,$99967.0000"
2019-06-28 12:43:00.000000000,QUERY_SPREAD,90
2019-06-28 12:43:00.000000000,BEST_BID,"JPM,99378,166"
2019-06-28 12:43:00.000000000,BEST_ASK,"JPM,99967,174"
2019-06-28 12:43:00.000000000,LAST_TRADE,"6,$99967.0000"
2019-06-28 12:43:00.000000000,QUERY_SPREAD,91
2019-06-28 12:43:00.000000000,BEST_BID,"JPM,99378,166"
2019-06-28 12:43:00.000000000,BEST_ASK,"JPM,99967,169"
2019-06-28 12:43:00.000000000,LAST_TRADE,"5,$99967.0000"
2019-06-28 12:43:00.000000000,QUERY_SPREAD,92
2019-06-28 12:43:00.000000000,BEST_BID,"JPM,99378,166"
2019-06-28 12:43:00.000000000,BEST_ASK,"JPM,99967,168"
2019-06-28 12:43:00.000000000,LAST_TRADE,"1,$99967.0000"
2019-06-28 12:43:00.000000000,QUERY_SPREAD,93
2019-06-28 12:43:00.000000000,BEST_BID,"JPM,99378,166"
2019-06-28 12:43:00.000000000,BEST_ASK,"JPM,99967,166"
2019-06-28 12:43:00.000000000,LAST_TRADE,"2,$99967.0000"
2019-06-28 12:43:00.000000000,QUERY_SPREAD,94
2019-06-28 12:43:00.000000000,BEST_BID,"JPM,99378,166"
2019-06-28 12:43:00.000000000,BEST_ASK,"JPM,99967,164"
2019-06-28 12:43:00.000000000,LAST_TRADE,"2,$99967.0000"
2019-06-28 12:43:00.000000000,QUERY_SPREAD,95
2019-06-28 12:43:00.000000000,BEST_BID,"JPM,99378,166"
2019-06-28 12:43:00.000000000,BEST_ASK,"JPM,99967,157"
2019-06-28 12:43:00.000000000,LAST_TRADE,"7,$99967.0000"
2019-06-28 12:43:00.000000000,QUERY_SPREAD,96
2019-06-28 12:43:00.000000000,BEST_BID,"JPM,99378,166"
2019-06-28 12:43:00.000000000,BEST_ASK,"JPM,99967,150"
2019-06-28 12:43:00.000000000,LAST_TRADE,"7,$99967.0000"
2019-06-28 12:43:00.000000000,QUERY_SPREAD,97
2019-06-28 12:43:00.000000000,BEST_BID,"JPM,99378,166"
2019-06-28 12:43:00.000000000,BEST_ASK,"JPM,99967,144"
2019-06-28 12:43:00.000000000,LAST_TRADE,"6,$99967.0000"
2019-06-28 12:43:00.000000000,QUERY_SPREAD,98
2019-06-28 12:43:00.000000000,BEST_BID,"JPM,99378,166"
2019-06-28 12:43:00.000000000,BEST_ASK,"JPM,99967,140"
2019-06-28 12:43:00.000000000,LAST_TRADE,"4,$99967.0000"
2019-06-28 12:43:00.000000000,QUERY_SPREAD,99
2019-06-28 12:43:00.000000000,BEST_BID,"JPM,99378,166"
2019-06-28 12:43:00.000000000,BEST_ASK,"JPM,99967,138"
2019-06-28 12:43:00.000000000,LAST_TRADE,"2,$99967.0000"
2019-06-28 12:43:00.000000000,QUERY_SPREAD,100
2019-06-28 12:43:00.000000000,BEST_BID,"JPM,99378,166"
2019-06-28 12:43:00.000000000,BEST_ASK,"JPM,99967,132"
2019-06-28 12:43:00.000000000,LAST_TRADE,"6,$99967.0000"
2019-06-28 12:43:00.000000000,QUERY_SPREAD,101
2019-06-28 12:43:00.000000000,QUERY_ORDER_STREAM,101
2019-06-28 12:43:10.000000000,QUERY_SPREAD,1
2019-06-28 12:43:10.000000000,BEST_BID,"JPM,99378,428"
2019-06-28 12:43:10.000000000,BEST_ASK,"JPM,99967,66"
2019-06-28 12:43:10.000000000,BEST_BID,"JPM,99378,428"
2019-06-28 12:43:10.000000000,BEST_ASK,"JPM,99967,394"
2019-06-28 12:43:20.000000000,QUERY_SPREAD,1
2019-06-28 12:43:20.000000000,BEST_BID,"JPM,99378,428"
2019-06-28 12:43:20.000000000,BEST_ASK,"JPM,99967,66"
2019-06-28 12:43:20.000000000,BEST_BID,"JPM,99378,428"
2019-06-28 12:43:20.000000000,BEST_ASK,"JPM,99967,394"
2019-06-28 12:43:23.157474383,QUERY_SPREAD,3
2019-06-28 12:43:23.157474383,BEST_BID,"JPM,99737,100"
2019-06-28 12:43:23.157474383,BEST_ASK,"JPM,99967,394"
2019-06-28 12:43:30.000000000,QUERY_SPREAD,1
2019-06-28 12:43:30.000000000,BEST_BID,"JPM,99737,212"
2019-06-28 12:43:30.000000000,BEST_ASK,"JPM,99967,66"
2019-06-28 12:43:30.000000000,BEST_BID,"JPM,99737,212"
2019-06-28 12:43:30.000000000,BEST_ASK,"JPM,99967,66"
2019-06-28 12:43:30.000000000,BEST_BID,"JPM,99737,212"
2019-06-28 12:43:30.000000000,BEST_ASK,"JPM,99967,66"
2019-06-28 12:43:30.000000000,BEST_BID,"JPM,99737,212"
2019-06-28 12:43:30.000000000,BEST_ASK,"JPM,99967,178"
2019-06-28 12:43:30.000000000,BEST_BID,"JPM,99737,212"
2019-06-28 12:43:30.000000000,BEST_ASK,"JPM,99967,178"
2019-06-28 12:43:30.000000000,BEST_BID,"JPM,99737,212"
2019-06-28 12:43:30.000000000,BEST_ASK,"JPM,99967,178"
2019-06-28 12:43:30.609858225,QUERY_SPREAD,43
2019-06-28 12:43:30.609858225,BEST_BID,"JPM,99737,212"
2019-06-28 12:43:30.609858225,BEST_ASK,"JPM,99967,178"
2019-06-28 12:43:40.000000000,QUERY_SPREAD,1
2019-06-28 12:43:40.000000000,BEST_BID,"JPM,99737,264"
2019-06-28 12:43:40.000000000,BEST_ASK,"JPM,99967,66"
2019-06-28 12:43:40.000000000,BEST_BID,"JPM,99737,264"
2019-06-28 12:43:40.000000000,BEST_ASK,"JPM,99967,66"
2019-06-28 12:43:40.000000000,BEST_BID,"JPM,99737,264"
2019-06-28 12:43:40.000000000,BEST_ASK,"JPM,99967,230"
2019-06-28 12:43:40.000000000,BEST_BID,"JPM,99737,264"
2019-06-28 12:43:40.000000000,BEST_ASK,"JPM,99967,230"
2019-06-28 12:43:43.015215211,QUERY_SPREAD,40
2019-06-28 12:43:43.015215211,BEST_BID,"JPM,99737,164"
2019-06-28 12:43:43.015215211,BEST_ASK,"JPM,99967,230"
2019-06-28 12:43:43.015215211,LAST_TRADE,"100,$99737.0000"
2019-06-28 12:43:47.399376769,QUERY_SPREAD,26
2019-06-28 12:43:47.399376769,BEST_BID,"JPM,99737,164"
2019-06-28 12:43:47.399376769,BEST_ASK,"JPM,99967,230"
2019-06-28 12:43:50.000000000,QUERY_SPREAD,1
2019-06-28 12:43:50.000000000,BEST_BID,"JPM,99684,428"
2019-06-28 12:43:50.000000000,BEST_ASK,"JPM,99967,66"
2019-06-28 12:43:50.000000000,BEST_BID,"JPM,99684,428"
2019-06-28 12:43:50.000000000,BEST_ASK,"JPM,99967,394"
2019-06-28 12:43:54.073775350,QUERY_ORDER_STREAM,69
2019-06-28 12:43:54.073775350,QUERY_SPREAD,69
2019-06-28 12:43:54.073775350,BEST_BID,"JPM,99738,100"
2019-06-28 12:43:54.073775350,BEST_ASK,"JPM,99967,394"
2019-06-28 12:44:00.000000000,QUERY_SPREAD,1
2019-06-28 12:44:00.000000000,BEST_BID,"JPM,99738,264"
2019-06-28 12:44:00.000000000,BEST_ASK,"JPM,99967,66"
2019-06-28 12:44:00.000000000,BEST_BID,"JPM,99738,264"
2019-06-28 12:44:00.000000000,BEST_ASK,"JPM,99967,66"
2019-06-28 12:44:00.000000000,BEST_BID,"JPM,99738,264"
2019-06-28 12:44:00.000000000,BEST_ASK,"JPM,99967,230"
2019-06-28 12:44:00.000000000,BEST_BID,"JPM,99738,264"
2019-06-28 12:44:00.000000000,BEST_ASK,"JPM,99967,230"
2019-06-28 12:44:00.000000000,QUERY_SPREAD,77
2019-06-28 12:44:00.000000000,BEST_BID,"JPM,99738,264"
2019-06-28 12:44:00.000000000,BEST_ASK,"JPM,99967,226"
2019-06-28 12:44:00.000000000,LAST_TRADE,"4,$99967.0000"
2019-06-28 12:44:00.000000000,QUERY_SPREAD,78
2019-06-28 12:44:00.000000000,BEST_BID,"JPM,99738,264"
2019-06-28 12:44:00.000000000,BEST_ASK,"JPM,99967,218"
2019-06-28 12:44:00.000000000,LAST_TRADE,"8,$99967.0000"
2019-06-28 12:44:00.000000000,QUERY_SPREAD,79
2019-06-28 12:44:00.000000000,BEST_BID,"JPM,99738,264"
2019-06-28 12:44:00.000000000,BEST_ASK,"JPM,99967,217"
2019-06-28 12:44:00.000000000,LAST_TRADE,"1,$99967.0000"
2019-06-28 12:44:00.000000000,QUERY_SPREAD,80
2019-06-28 12:44:00.000000000,BEST_BID,"JPM,99738,264"
2019-06-28 12:44:00.000000000,BEST_ASK,"JPM,99967,212"
2019-06-28 12:44:00.000000000,LAST_TRADE,"5,$99967.0000"
2019-06-28 12:44:00.000000000,QUERY_SPREAD,81
2019-06-28 12:44:00.000000000,BEST_BID,"JPM,99738,264"
2019-06-28 12:44:00.000000000,BEST_ASK,"JPM,99967,207"
2019-06-28 12:44:00.000000000,LAST_TRADE,"5,$99967.0000"
2019-06-28 12:44:00.000000000,QUERY_SPREAD,82
2019-06-28 12:44:00.000000000,BEST_BID,"JPM,99738,264"
2019-06-28 12:44:00.000000000,BEST_ASK,"JPM,99967,201"
2019-06-28 12:44:00.000000000,LAST_TRADE,"6,$99967.0000"
2019-06-28 12:44:00.000000000,QUERY_SPREAD,83
2019-06-28 12:44:00.000000000,BEST_BID,"JPM,99738,264"
2019-06-28 12:44:00.000000000,BEST_ASK,"JPM,99967,197"
2019-06-28 12:44:00.000000000,LAST_TRADE,"4,$99967.0000"
2019-06-28 12:44:00.000000000,QUERY_SPREAD,84
2019-06-28 12:44:00.000000000,BEST_BID,"JPM,99738,264"
2019-06-28 12:44:00.000000000,BEST_ASK,"JPM,99967,192"
2019-06-28 12:44:00.000000000,LAST_TRADE,"5,$99967.0000"
2019-06-28 12:44:00.000000000,QUERY_SPREAD,85
2019-06-28 12:44:00.000000000,BEST_BID,"JPM,99738,264"
2019-06-28 12:44:00.000000000,BEST_ASK,"JPM,99967,187"
2019-06-28 12:44:00.000000000,LAST_TRADE,"5,$99967.0000"
2019-06-28 12:44:00.000000000,QUERY_SPREAD,86
2019-06-28 12:44:00.000000000,BEST_BID,"JPM,99738,264"
2019-06-28 12:44:00.000000000,BEST_ASK,"JPM,99967,178"
2019-06-28 12:44:00.000000000,LAST_TRADE,"9,$99967.0000"
2019-06-28 12:44:00.000000000,QUERY_SPREAD,87
2019-06-28 12:44:00.000000000,BEST_BID,"JPM,99738,264"
2019-06-28 12:44:00.000000000,BEST_ASK,"JPM,99967,176"
2019-06-28 12:44:00.000000000,LAST_TRADE,"2,$99967.0000"
2019-06-28 12:44:00.000000000,QUERY_SPREAD,88
2019-06-28 12:44:00.000000000,BEST_BID,"JPM,99738,264"
2019-06-28 12:44:00.000000000,BEST_ASK,"JPM,99967,168"
2019-06-28 12:44:00.000000000,LAST_TRADE,"8,$99967.0000"
2019-06-28 12:44:00.000000000,QUERY_SPREAD,89
2019-06-28 12:44:00.000000000,BEST_BID,"JPM,99738,264"
2019-06-28 12:44:00.000000000,BEST_ASK,"JPM,99967,161"
2019-06-28 12:44:00.000000000,LAST_TRADE,"7,$99967.0000"
2019-06-28 12:44:00.000000000,QUERY_SPREAD,90
2019-06-28 12:44:00.000000000,BEST_BID,"JPM,99738,264"
2019-06-28 12:44:00.000000000,BEST_ASK,"JPM,99967,155"
2019-06-28 12:44:00.000000000,LAST_TRADE,"6,$99967.0000"
2019-06-28 12:44:00.000000000,QUERY_SPREAD,91
2019-06-28 12:44:00.000000000,BEST_BID,"JPM,99738,264"
2019-06-28 12:44:00.000000000,BEST_ASK,"JPM,99967,150"
2019-06-28 12:44:00.000000000,LAST_TRADE,"5,$99967.0000"
2019-06-28 12:44:00.000000000,QUERY_SPREAD,92
2019-06-28 12:44:00.000000000,BEST_BID,"JPM,99738,264"
2019-06-28 12:44:00.000000000,BEST_ASK,"JPM,99967,149"
2019-06-28 12:44:00.000000000,LAST_TRADE,"1,$99967.0000"
2019-06-28 12:44:00.000000000,QUERY_SPREAD,93
2019-06-28 12:44:00.000000000,BEST_BID,"JPM,99738,264"
2019-06-28 12:44:00.000000000,BEST_ASK,"JPM,99967,147"
2019-06-28 12:44:00.000000000,LAST_TRADE,"2,$99967.0000"
2019-06-28 12:44:00.000000000,QUERY_SPREAD,94
2019-06-28 12:44:00.000000000,BEST_BID,"JPM,99738,264"
2019-06-28 12:44:00.000000000,BEST_ASK,"JPM,99967,145"
2019-06-28 12:44:00.000000000,LAST_TRADE,"2,$99967.0000"
2019-06-28 12:44:00.000000000,QUERY_SPREAD,95
2019-06-28 12:44:00.000000000,BEST_BID,"JPM,99738,264"
2019-06-28 12:44:00.000000000,BEST_ASK,"JPM,99967,138"
2019-06-28 12:44:00.000000000,LAST_TRADE,"7,$99967.0000"
2019-06-28 12:44:00.000000000,QUERY_SPREAD,96
2019-06-28 12:44:00.000000000,BEST_BID,"JPM,99738,264"
2019-06-28 12:44:00.000000000,BEST_ASK,"JPM,99967,131"
2019-06-28 12:44:00.000000000,LAST_TRADE,"7,$99967.0000"
2019-06-28 12:44:00.000000000,QUERY_SPREAD,97
2019-06-28 12:44:00.000000000,BEST_BID,"JPM,99738,264"
2019-06-28 12:44:00.000000000,BEST_ASK,"JPM,99967,125"
2019-06-28 12:44:00.000000000,LAST_TRADE,"6,$99967.0000"
2019-06-28 12:44:00.000000000,QUERY_SPREAD,98
2019-06-28 12:44:00.000000000,BEST_BID,"JPM,99738,264"
2019-06-28 12:44:00.000000000,BEST_ASK,"JPM,99967,121"
2019-06-28 12:44:00.000000000,LAST_TRADE,"4,$99967.0000"
2019-06-28 12:44:00.000000000,QUERY_SPREAD,99
2019-06-28 12:44:00.000000000,BEST_BID,"JPM,99738,264"
2019-06-28 12:44:00.000000000,BEST_ASK,"JPM,99967,119"
2019-06-28 12:44:00.000000000,LAST_TRADE,"2,$99967.0000"
2019-06-28 12:44:00.000000000,QUERY_SPREAD,100
2019-06-28 12:44:00.000000000,BEST_BID,"JPM,99738,264"
2019-06-28 12:44:00.000000000,BEST_ASK,"JPM,99967,113"
2019-06-28 12:44:00.000000000,LAST_TRADE,"6,$99967.0000"
2019-06-28 12:44:00.000000000,QUERY_SPREAD,101
2019-06-28 12:44:00.000000000,QUERY_ORDER_STREAM,101
2019-06-28 12:44:10.000000000,QUERY_SPREAD,1
2019-06-28 12:44:10.000000000,BEST_BID,"JPM,99738,212"
2019-06-28 12:44:10.000000000,BEST_ASK,"JPM,99972,100"
2019-06-28 12:44:10.000000000,BEST_BID,"JPM,99738,212"
2019-06-28 12:44:10.000000000,BEST_ASK,"JPM,99972,100"
2019-06-28 12:44:10.000000000,BEST_BID,"JPM,99738,212"
2019-06-28 12:44:10.000000000,BEST_ASK,"JPM,99972,100"
2019-06-28 12:44:10.000000000,BEST_BID,"JPM,99738,212"
2019-06-28 12:44:10.000000000,BEST_ASK,"JPM,99972,212"
2019-06-28 12:44:10.000000000,BEST_BID,"JPM,99738,212"
2019-06-28 12:44:10.000000000,BEST_ASK,"JPM,99972,212"
2019-06-28 12:44:10.000000000,BEST_BID,"JPM,99738,212"
2019-06-28 12:44:10.000000000,BEST_ASK,"JPM,99972,212"
2019-06-28 12:44:19.596272223,QUERY_SPREAD,13
2019-06-28 12:44:19.596272223,BEST_BID,"JPM,99942,100"
2019-06-28 12:44:19.596272223,BEST_ASK,"JPM,99972,212"
2019-06-28 12:44:20.000000000,QUERY_SPREAD,1
2019-06-28 12:44:20.000000000,BEST_BID,"JPM,99942,166"
2019-06-28 12:44:20.000000000,BEST_ASK,"JPM,99972,100"
2019-06-28 12:44:20.000000000,BEST_BID,"JPM,99942,166"
2019-06-28 12:44:20.000000000,BEST_ASK,"JPM,99972,100"
2019-06-28 12:44:20.000000000,BEST_BID,"JPM,99942,166"
2019-06-28 12:44:20.000000000,BEST_ASK,"JPM,99972,100"
2019-06-28 12:44:20.000000000,BEST_BID,"JPM,99942,166"
2019-06-28 12:44:20.000000000,BEST_ASK,"JPM,99972,100"
2019-06-28 12:44:20.000000000,BEST_BID,"JPM,99942,166"
2019-06-28 12:44:20.000000000,BEST_ASK,"JPM,99972,100"
2019-06-28 12:44:20.000000000,BEST_BID,"JPM,99942,166"
2019-06-28 12:44:20.000000000,BEST_ASK,"JPM,99972,166"
2019-06-28 12:44:20.000000000,BEST_BID,"JPM,99942,166"
2019-06-28 12:44:20.000000000,BEST_ASK,"JPM,99972,166"
2019-06-28 12:44:20.000000000,BEST_BID,"JPM,99942,166"
2019-06-28 12:44:20.000000000,BEST_ASK,"JPM,99972,166"
2019-06-28 12:44:20.000000000,BEST_BID,"JPM,99942,166"
2019-06-28 12:44:20.000000000,BEST_ASK,"JPM,99972,166"
2019-06-28 12:44:20.000000000,BEST_BID,"JPM,99942,166"
2019-06-28 12:44:20.000000000,BEST_ASK,"JPM,99972,166"
2019-06-28 12:44:30.000000000,QUERY_SPREAD,1
2019-06-28 12:44:30.000000000,BEST_BID,"JPM,99942,428"
2019-06-28 12:44:30.000000000,BEST_ASK,"JPM,99972,100"
2019-06-28 12:44:30.000000000,BEST_BID,"JPM,99942,428"
2019-06-28 12:44:30.000000000,BEST_ASK,"JPM,99972,428"
2019-06-28 12:44:32.559830910,QUERY_SPREAD,51
2019-06-28 12:44:32.559830910,BEST_BID,"JPM,99942,328"
2019-06-28 12:44:32.559830910,BEST_ASK,"JPM,99972,428"
2019-06-28 12:44:32.559830910,LAST_TRADE,"100,$99942.0000"
2019-06-28 12:44:40.000000000,QUERY_SPREAD,1
2019-06-28 12:44:40.000000000,BEST_BID,"JPM,99738,212"
2019-06-28 12:44:40.000000000,BEST_ASK,"JPM,99972,100"
2019-06-28 12:44:40.000000000,BEST_BID,"JPM,99738,212"
2019-06-28 12:44:40.000000000,BEST_ASK,"JPM,99972,100"
2019-06-28 12:44:40.000000000,BEST_BID,"JPM,99738,212"
2019-06-28 12:44:40.000000000,BEST_ASK,"JPM,99972,100"
2019-06-28 12:44:40.000000000,BEST_BID,"JPM,99738,212"
2019-06-28 12:44:40.000000000,BEST_ASK,"JPM,99972,212"
2019-06-28 12:44:40.000000000,BEST_BID,"JPM,99738,212"
2019-06-28 12:44:40.000000000,BEST_ASK,"JPM,99972,212"
2019-06-28 12:44:40.000000000,BEST_BID,"JPM,99738,212"
2019-06-28 12:44:40.000000000,BEST_ASK,"JPM,99972,212"
2019-06-28 12:44:40.259115843,QUERY_SPREAD,38
2019-06-28 12:44:40.259115843,BEST_BID,"JPM,99738,212"
2019-06-28 12:44:40.259115843,BEST_ASK,"JPM,99972,212"
2019-06-28 12:44:40.551323799,QUERY_SPREAD,51
2019-06-28 12:44:40.551323799,BEST_BID,"JPM,99738,212"
2019-06-28 12:44:40.551323799,BEST_ASK,"JPM,99844,100"
2019-06-28 12:44:42.315150211,QUERY_SPREAD,45
2019-06-28 12:44:42.315150211,BEST_BID,"JPM,99738,212"
2019-06-28 12:44:42.315150211,BEST_ASK,"JPM,99844,100"
2019-06-28 12:44:50.000000000,QUERY_SPREAD,1
2019-06-28 12:44:50.000000000,BEST_BID,"JPM,99738,182"
2019-06-28 12:44:50.000000000,BEST_ASK,"JPM,99844,100"
2019-06-28 12:44:50.000000000,BEST_BID,"JPM,99738,182"
2019-06-28 12:44:50.000000000,BEST_ASK,"JPM,99844,100"
2019-06-28 12:44:50.000000000,BEST_BID,"JPM,99738,182"
2019-06-28 12:44:50.000000000,BEST_ASK,"JPM,99844,100"
2019-06-28 12:44:50.000000000,BEST_BID,"JPM,99738,182"
2019-06-28 12:44:50.000000000,BEST_ASK,"JPM,99844,100"
2019-06-28 12:44:50.000000000,BEST_BID,"JPM,99738,182"
2019-06-28 12:44:50.000000000,BEST_ASK,"JPM,99844,182"
2019-06-28 12:44:50.000000000,BEST_BID,"JPM,99738,182"
2019-06-28 12:44:50.000000000,BEST_ASK,"JPM,99844,182"
2019-06-28 12:44:50.000000000,BEST_BID,"JPM,99738,182"
2019-06-28 12:44:50.000000000,BEST_ASK,"JPM,99844,182"
2019-06-28 12:44:50.000000000,BEST_BID,"JPM,99738,182"
2019-06-28 12:44:50.000000000,BEST_ASK,"JPM,99844,182"
2019-06-28 12:44:51.032896244,QUERY_SPREAD,42
2019-06-28 12:44:51.032896244,BEST_BID,"JPM,99738,182"
2019-06-28 12:44:51.032896244,BEST_ASK,"JPM,99844,182"
2019-06-28 12:45:00.000000000,QUERY_SPREAD,1
2019-06-28 12:45:00.000000000,BEST_BID,"JPM,99738,428"
2019-06-28 12:45:00.000000000,BEST_ASK,"JPM,99844,100"
2019-06-28 12:45:00.000000000,BEST_BID,"JPM,99738,428"
2019-06-28 12:45:00.000000000,BEST_ASK,"JPM,99844,428"
2019-06-28 12:45:00.000000000,QUERY_SPREAD,77
2019-06-28 12:45:00.000000000,BEST_BID,"JPM,99738,428"
2019-06-28 12:45:00.000000000,BEST_ASK,"JPM,99844,424"
2019-06-28 12:45:00.000000000,LAST_TRADE,"4,$99844.0000"
2019-06-28 12:45:00.000000000,QUERY_SPREAD,78
2019-06-28 12:45:00.000000000,BEST_BID,"JPM,99738,428"
2019-06-28 12:45:00.000000000,BEST_ASK,"JPM,99844,416"
2019-06-28 12:45:00.000000000,LAST_TRADE,"8,$99844.0000"
2019-06-28 12:45:00.000000000,QUERY_SPREAD,79
2019-06-28 12:45:00.000000000,BEST_BID,"JPM,99738,428"
2019-06-28 12:45:00.000000000,BEST_ASK,"JPM,99844,415"
2019-06-28 12:45:00.000000000,LAST_TRADE,"1,$99844.0000"
2019-06-28 12:45:00.000000000,QUERY_SPREAD,80
2019-06-28 12:45:00.000000000,BEST_BID,"JPM,99738,428"
2019-06-28 12:45:00.000000000,BEST_ASK,"JPM,99844,410"
2019-06-28 12:45:00.000000000,LAST_TRADE,"5,$99844.0000"
2019-06-28 12:45:00.000000000,QUERY_SPREAD,81
2019-06-28 12:45:00.000000000,BEST_BID,"JPM,99738,428"
2019-06-28 12:45:00.000000000,BEST_ASK,"JPM,99844,405"
2019-06-28 12:45:00.000000000,LAST_TRADE,"5,$99844.0000"
2019-06-28 12:45:00.000000000,QUERY_SPREAD,82
2019-06-28 12:45:00.000000000,BEST_BID,"JPM,99738,428"
2019-06-28 12:45:00.000000000,BEST_ASK,"JPM,99844,399"
2019-06-28 12:45:00.000000000,LAST_TRADE,"6,$99844.0000"
2019-06-28 12:45:00.000000000,QUERY_SPREAD,83
2019-06-28 12:45:00.000000000,BEST_BID,"JPM,99738,428"
2019-06-28 12:45:00.000000000,BEST_ASK,"JPM,99844,395"
2019-06-28 12:45:00.000000000,LAST_TRADE,"4,$99844.0000"
2019-06-28 12:45:00.000000000,QUERY_SPREAD,84
2019-06-28 12:45:00.000000000,BEST_BID,"JPM,99738,428"
2019-06-28 12:45:00.000000000,BEST_ASK,"JPM,99844,390"
2019-06-28 12:45:00.000000000,LAST_TRADE,"5,$99844.0000"
2019-06-28 12:45:00.000000000,QUERY_SPREAD,85
2019-06-28 12:45:00.000000000,BEST_BID,"JPM,99738,428"
2019-06-28 12:45:00.000000000,BEST_ASK,"JPM,99844,385"
2019-06-28 12:45:00.000000000,LAST_TRADE,"5,$99844.0000"
2019-06-28 12:45:00.000000000,QUERY_SPREAD,86
2019-06-28 12:45:00.000000000,BEST_BID,"JPM,99738,428"
2019-06-28 12:45:00.000000000,BEST_ASK,"JPM,99844,376"
2019-06-28 12:45:00.000000000,LAST_TRADE,"9,$99844.0000"
2019-06-28 12:45:00.000000000,QUERY_SPREAD,87
2019-06-28 12:45:00.000000000,BEST_BID,"JPM,99738,428"
2019-06-28 12:45:00.000000000,BEST_ASK,"JPM,99844,374"
2019-06-28 12:45:00.000000000,LAST_TRADE,"2,$99844.0000"
2019-06-28 12:45:00.000000000,QUERY_SPREAD,88
2019-06-28 12:45:00.000000000,BEST_BID,"JPM,99738,428"
2019-06-28 12:45:00.000000000,BEST_ASK,"JPM,99844,366"
2019-06-28 12:45:00.000000000,LAST_TRADE,"8,$99844.0000"
2019-06-28 12:45:00.000000000,QUERY_SPREAD,89
2019-06-28 12:45:00.000000000,BEST_BID,"JPM,99738,428"
2019-06-28 12:45:00.000000000,BEST_ASK,"JPM,99844,359"
2019-06-28 12:45:00.000000000,LAST_TRADE,"7,$99844.0000"
2019-06-28 12:45:00.000000000,QUERY_SPREAD,90
2019-06-28 12:45:00.000000000,BEST_BID,"JPM,99738,428"
2019-06-28 12:45:00.000000000,BEST_ASK,"JPM,99844,353"
2019-06-28 12:45:00.000000000,LAST_TRADE,"6,$99844.0000"
2019-06-28 12:45:00.000000000,QUERY_SPREAD,91
2019-06-28 12:45:00.000000000,BEST_BID,"JPM,99738,428"
2019-06-28 12:45:00.000000000,BEST_ASK,"JPM,99844,348"
2019-06-28 12:45:00.000000000,LAST_TRADE,"5,$99844.0000"
2019-06-28 12:45:00.000000000,QUERY_SPREAD,92
2019-06-28 12:45:00.000000000,BEST_BID,"JPM,99738,428"
2019-06-28 12:45:00.000000000,BEST_ASK,"JPM,99844,347"
2019-06-28 12:45:00.000000000,LAST_TRADE,"1,$99844.0000"
2019-06-28 12:45:00.000000000,QUERY_SPREAD,93
2019-06-28 12:45:00.000000000,BEST_BID,"JPM,99738,428"
2019-06-28 12:45:00.000000000,BEST_ASK,"JPM,99844,345"
2019-06-28 12:45:00.000000000,LAST_TRADE,"2,$99844.0000"
2019-06-28 12:45:00.000000000,QUERY_SPREAD,94
2019-06-28 12:45:00.000000000,BEST_BID,"JPM,99738,428"
2019-06-28 12:45:00.000000000,BEST_ASK,"JPM,99844,343"
2019-06-28 12:45:00.000000000,LAST_TRADE,"2,$99844.0000"
2019-06-28 12:45:00.000000000,QUERY_SPREAD,95
2019-06-28 12:45:00.000000000,BEST_BID,"JPM,99738,428"
2019-06-28 12:45:00.000000000,BEST_ASK,"JPM,99844,336"
2019-06-28 12:45:00.000000000,LAST_TRADE,"7,$99844.0000"
2019-06-28 12:45:00.000000000,QUERY_SPREAD,96
2019-06-28 12:45:00.000000000,BEST_BID,"JPM,99738,428"
2019-06-28 12:45:00.000000000,BEST_ASK,"JPM,99844,329"
2019-06-28 12:45:00.000000000,LAST_TRADE,"7,$99844.0000"
2019-06-28 12:45:00.000000000,QUERY_SPREAD,97
2019-06-28 12:45:00.000000000,BEST_BID,"JPM,99738,428"
2019-06-28 12:45:00.000000000,BEST_ASK,"JPM,99844,323"
2019-06-28 12:45:00.000000000,LAST_TRADE,"6,$99844.0000"
2019-06-28 12:45:00.000000000,QUERY_SPREAD,98
2019-06-28 12:45:00.000000000,BEST_BID,"JPM,99738,428"
2019-06-28 12:45:00.000000000,BEST_ASK,"JPM,99844,319"
2019-06-28 12:45:00.000000000,LAST_TRADE,"4,$99844.0000"
2019-06-28 12:45:00.000000000,QUERY_SPREAD,99
2019-06-28 12:45:00.000000000,BEST_BID,"JPM,99738,428"
2019-06-28 12:45:00.000000000,BEST_ASK,"JPM,99844,317"
2019-06-28 12:45:00.000000000,LAST_TRADE,"2,$99844.0000"
2019-06-28 12:45:00.000000000,QUERY_SPREAD,100
2019-06-28 12:45:00.000000000,BEST_BID,"JPM,99738,428"
2019-06-28 12:45:00.000000000,BEST_ASK,"JPM,99844,311"
2019-06-28 12:45:00.000000000,LAST_TRADE,"6,$99844.0000"
2019-06-28 12:45:00.000000000,QUERY_SPREAD,101
2019-06-28 12:45:00.000000000,QUERY_ORDER_STREAM,101
2019-06-28 12:45:07.556549085,QUERY_ORDER_STREAM,54
2019-06-28 12:45:07.556549085,QUERY_SPREAD,54
2019-06-28 12:45:08.260778515,QUERY_SPREAD,30
2019-06-28 12:45:08.260778515,BEST_BID,"JPM,99738,428"
2019-06-28 12:45:08.260778515,BEST_ASK,"JPM,99844,311"
2019-06-28 12:45:08.361459864,QUERY_ORDER_STREAM,63
2019-06-28 12:45:08.361459864,QUERY_SPREAD,63
2019-06-28 12:45:08.361459864,BEST_BID,"JPM,99738,428"
2019-06-28 12:45:08.361459864,BEST_ASK,"JPM,99844,211"
2019-06-28 12:45:08.361459864,LAST_TRADE,"100,$99844.0000"
2019-06-28 12:45:10.000000000,QUERY_SPREAD,1
2019-06-28 12:45:10.000000000,BEST_BID,"JPM,99738,428"
2019-06-28 12:45:10.000000000,BEST_ASK,"JPM,99972,100"
2019-06-28 12:45:10.000000000,BEST_BID,"JPM,99738,428"
2019-06-28 12:45:10.000000000,BEST_ASK,"JPM,99972,428"
2019-06-28 12:45:20.000000000,QUERY_SPREAD,1
2019-06-28 12:45:20.000000000,BEST_BID,"JPM,99738,264"
2019-06-28 12:45:20.000000000,BEST_ASK,"JPM,99972,100"
2019-06-28 12:45:20.000000000,BEST_BID,"JPM,99738,264"
2019-06-28 12:45:20.000000000,BEST_ASK,"JPM,99972,100"
2019-06-28 12:45:20.000000000,BEST_BID,"JPM,99738,264"
2019-06-28 12:45:20.000000000,BEST_ASK,"JPM,99972,264"
2019-06-28 12:45:20.000000000,BEST_BID,"JPM,99738,264"
2019-06-28 12:45:20.000000000,BEST_ASK,"JPM,99972,264"
2019-06-28 12:45:28.424592212,QUERY_ORDER_STREAM,60
2019-06-28 12:45:28.424592212,QUERY_SPREAD,60
2019-06-28 12:45:28.424592212,BEST_BID,"JPM,99844,100"
2019-06-28 12:45:28.424592212,BEST_ASK,"JPM,99972,264"
2019-06-28 12:45:30.000000000,QUERY_SPREAD,1
2019-06-28 12:45:30.000000000,BEST_BID,"JPM,99844,166"
2019-06-28 12:45:30.000000000,BEST_ASK,"JPM,99972,100"
2019-06-28 12:45:30.000000000,BEST_BID,"JPM,99844,166"
2019-06-28 12:45:30.000000000,BEST_ASK,"JPM,99972,100"
2019-06-28 12:45:30.000000000,BEST_BID,"JPM,99844,166"
2019-06-28 12:45:30.000000000,BEST_ASK,"JPM,99972,100"
2019-06-28 12:45:30.000000000,BEST_BID,"JPM,99844,166"
2019-06-28 12:45:30.000000000,BEST_ASK,"JPM,99972,100"
2019-06-28 12:45:30.000000000,BEST_BID,"JPM,99844,166"
2019-06-28 12:45:30.000000000,BEST_ASK,"JPM,99972,100"
2019-06-28 12:45:30.000000000,BEST_BID,"JPM,99844,166"
2019-06-28 12:45:30.000000000,BEST_ASK,"JPM,99972,166"
2019-06-28 12:45:30.000000000,BEST_BID,"JPM,99844,166"
2019-06-28 12:45:30.000000000,BEST_ASK,"JPM,99972,166"
2019-06-28 12:45:30.000000000,BEST_BID,"JPM,99844,166"
2019-06-28 12:45:30.000000000,BEST_ASK,"JPM,99972,166"
2019-06-28 12:45:30.000000000,BEST_BID,"JPM,99844,166"
2019-06-28 12:45:30.000000000,BEST_ASK,"JPM,99972,166"
2019-06-28 12:45:30.000000000,BEST_BID,"JPM,99844,166"
2019-06-28 12:45:30.000000000,BEST_ASK,"JPM,99972,166"
2019-06-28 12:45:40.000000000,QUERY_SPREAD,1
2019-06-28 12:45:40.000000000,BEST_BID,"JPM,99844,166"
2019-06-28 12:45:40.000000000,BEST_ASK,"JPM,99972,100"
2019-06-28 12:45:40.000000000,BEST_BID,"JPM,99844,166"
2019-06-28 12:45:40.000000000,BEST_ASK,"JPM,99972,100"
2019-06-28 12:45:40.000000000,BEST_BID,"JPM,99844,166"
2019-06-28 12:45:40.000000000,BEST_ASK,"JPM,99972,100"
2019-06-28 12:45:40.000000000,BEST_BID,"JPM,99844,166"
2019-06-28 12:45:40.000000000,BEST_ASK,"JPM,99972,100"
2019-06-28 12:45:40.000000000,BEST_BID,"JPM,99844,166"
2019-06-28 12:45:40.000000000,BEST_ASK,"JPM,99972,100"
2019-06-28 12:45:40.000000000,BEST_BID,"JPM,99844,166"
2019-06-28 12:45:40.000000000,BEST_ASK,"JPM,99972,166"
2019-06-28 12:45:40.000000000,BEST_BID,"JPM,99844,166"
2019-06-28 12:45:40.000000000,BEST_ASK,"JPM,99972,166"
2019-06-28 12:45:40.000000000,BEST_BID,"JPM,99844,166"
2019-06-28 12:45:40.000000000,BEST_ASK,"JPM,99972,166"
2019-06-28 12:45:40.000000000,BEST_BID,"JPM,99844,166"
2019-06-28 12:45:40.000000000,BEST_ASK,"JPM,99972,166"
2019-06-28 12:45:40.000000000,BEST_BID,"JPM,99844,166"
2019-06-28 12:45:40.000000000,BEST_ASK,"JPM,99972,166"
2019-06-28 12:45:41.975653767,QUERY_ORDER_STREAM,53
2019-06-28 12:45:41.975653767,QUERY_SPREAD,53
2019-06-28 12:45:47.478861105,QUERY_SPREAD,48
2019-06-28 12:45:47.478861105,BEST_BID,"JPM,99844,166"
2019-06-28 12:45:47.478861105,BEST_ASK,"JPM,99972,66"
2019-06-28 12:45:47.478861105,LAST_TRADE,"100,$99972.0000"
2019-06-28 12:45:50.000000000,QUERY_SPREAD,1
2019-06-28 12:45:50.000000000,BEST_BID,"JPM,99844,212"
2019-06-28 12:45:50.000000000,BEST_ASK,"JPM,100063,100"
2019-06-28 12:45:50.000000000,BEST_BID,"JPM,99844,212"
2019-06-28 12:45:50.000000000,BEST_ASK,"JPM,100063,100"
2019-06-28 12:45:50.000000000,BEST_BID,"JPM,99844,212"
2019-06-28 12:45:50.000000000,BEST_ASK,"JPM,100063,100"
2019-06-28 12:45:50.000000000,BEST_BID,"JPM,99844,212"
2019-06-28 12:45:50.000000000,BEST_ASK,"JPM,100063,212"
2019-06-28 12:45:50.000000000,BEST_BID,"JPM,99844,212"
2019-06-28 12:45:50.000000000,BEST_ASK,"JPM,100063,212"
2019-06-28 12:45:50.000000000,BEST_BID,"JPM,99844,212"
2019-06-28 12:45:50.000000000,BEST_ASK,"JPM,100063,212"
2019-06-28 12:45:54.396177371,QUERY_SPREAD,34
2019-06-28 12:45:54.396177371,BEST_BID,"JPM,99844,212"
2019-06-28 12:45:54.396177371,BEST_ASK,"JPM,100026,100"
2019-06-28 12:46:00.000000000,QUERY_SPREAD,1
2019-06-28 12:46:00.000000000,BEST_BID,"JPM,99844,428"
2019-06-28 12:46:00.000000000,BEST_ASK,"JPM,100026,100"
2019-06-28 12:46:00.000000000,BEST_BID,"JPM,99844,428"
2019-06-28 12:46:00.000000000,BEST_ASK,"JPM,100026,428"
2019-06-28 12:46:00.000000000,QUERY_SPREAD,77
2019-06-28 12:46:00.000000000,BEST_BID,"JPM,99844,428"
2019-06-28 12:46:00.000000000,BEST_ASK,"JPM,100026,424"
2019-06-28 12:46:00.000000000,LAST_TRADE,"4,$100026.0000"
2019-06-28 12:46:00.000000000,QUERY_SPREAD,78
2019-06-28 12:46:00.000000000,BEST_BID,"JPM,99844,428"
2019-06-28 12:46:00.000000000,BEST_ASK,"JPM,100026,416"
2019-06-28 12:46:00.000000000,LAST_TRADE,"8,$100026.0000"
2019-06-28 12:46:00.000000000,QUERY_SPREAD,79
2019-06-28 12:46:00.000000000,BEST_BID,"JPM,99844,428"
2019-06-28 12:46:00.000000000,BEST_ASK,"JPM,100026,415"
2019-06-28 12:46:00.000000000,LAST_TRADE,"1,$100026.0000"
2019-06-28 12:46:00.000000000,QUERY_SPREAD,80
2019-06-28 12:46:00.000000000,BEST_BID,"JPM,99844,428"
2019-06-28 12:46:00.000000000,BEST_ASK,"JPM,100026,410"
2019-06-28 12:46:00.000000000,LAST_TRADE,"5,$100026.0000"
2019-06-28 12:46:00.000000000,QUERY_SPREAD,81
2019-06-28 12:46:00.000000000,BEST_BID,"JPM,99844,428"
2019-06-28 12:46:00.000000000,BEST_ASK,"JPM,100026,405"
2019-06-28 12:46:00.000000000,LAST_TRADE,"5,$100026.0000"
2019-06-28 12:46:00.000000000,QUERY_SPREAD,82
2019-06-28 12:46:00.000000000,BEST_BID,"JPM,99844,428"
2019-06-28 12:46:00.000000000,BEST_ASK,"JPM,100026,399"
2019-06-28 12:46:00.000000000,LAST_TRADE,"6,$100026.0000"
2019-06-28 12:46:00.000000000,QUERY_SPREAD,83
2019-06-28 12:46:00.000000000,BEST_BID,"JPM,99844,428"
2019-06-28 12:46:00.000000000,BEST_ASK,"JPM,100026,395"
2019-06-28 12:46:00.000000000,LAST_TRADE,"4,$100026.0000"
2019-06-28 12:46:00.000000000,QUERY_SPREAD,84
2019-06-28 12:46:00.000000000,BEST_BID,"JPM,99844,428"
2019-06-28 12:46:00.000000000,BEST_ASK,"JPM,100026,390"
2019-06-28 12:46:00.000000000,LAST_TRADE,"5,$100026.0000"
2019-06-28 12:46:00.000000000,QUERY_SPREAD,85
2019-06-28 12:46:00.000000000,BEST_BID,"JPM,99844,428"
2019-06-28 12:46:00.000000000,BEST_ASK,"JPM,100026,385"
2019-06-28 12:46:00.000000000,LAST_TRADE,"5,$100026.0000"
2019-06-28 12:46:00.000000000,QUERY_SPREAD,86
2019-06-28 12:46:00.000000000,BEST_BID,"JPM,99844,428"
2019-06-28 12:46:00.000000000,BEST_ASK,"JPM,100026,376"
2019-06-28 12:46:00.000000000,LAST_TRADE,"9,$100026.0000"
2019-06-28 12:46:00.000000000,QUERY_SPREAD,87
2019-06-28 12:46:00.000000000,BEST_BID,"JPM,99844,428"
2019-06-28 12:46:00.000000000,BEST_ASK,"JPM,100026,374"
2019-06-28 12:46:00.000000000,LAST_TRADE,"2,$100026.0000"
2019-06-28 12:46:00.000000000,QUERY_SPREAD,88
2019-06-28 12:46:00.000000000,BEST_BID,"JPM,99844,428"
2019-06-28 12:46:00.000000000,BEST_ASK,"JPM,100026,366"
2019-06-28 12:46:00.000000000,LAST_TRADE,"8,$100026.0000"
2019-06-28 12:46:00.000000000,QUERY_SPREAD,89
2019-06-28 12:46:00.000000000,BEST_BID,"JPM,99844,428"
2019-06-28 12:46:00.000000000,BEST_ASK,"JPM,100026,359"
2019-06-28 12:46:00.000000000,LAST_TRADE,"7,$100026.0000"
2019-06-28 12:46:00.000000000,QUERY_SPREAD,90
2019-06-28 12:46:00.000000000,BEST_BID,"JPM,99844,428"
2019-06-28 12:46:00.000000000,BEST_ASK,"JPM,100026,353"
2019-06-28 12:46:00.000000000,LAST_TRADE,"6,$100026.0000"
2019-06-28 12:46:00.000000000,QUERY_SPREAD,91
2019-06-28 12:46:00.000000000,BEST_BID,"JPM,99844,428"
2019-06-28 12:46:00.000000000,BEST_ASK,"JPM,100026,348"
2019-06-28 12:46:00.000000000,LAST_TRADE,"5,$100026.0000"
2019-06-28 12:46:00.000000000,QUERY_SPREAD,92
2019-06-28 12:46:00.000000000,BEST_BID,"JPM,99844,428"
2019-06-28 12:46:00.000000000,BEST_ASK,"JPM,100026,347"
2019-06-28 12:46:00.000000000,LAST_TRADE,"1,$100026.0000"
2019-06-28 12:46:00.000000000,QUERY_SPREAD,93
2019-06-28 12:46:00.000000000,BEST_BID,"JPM,99844,428"
2019-06-28 12:46:00.000000000,BEST_ASK,"JPM,100026,345"
2019-06-28 12:46:00.000000000,LAST_TRADE,"2,$100026.0000"
2019-06-28 12:46:00.000000000,QUERY_SPREAD,94
2019-06-28 12:46:00.000000000,BEST_BID,"JPM,99844,428"
2019-06-28 12:46:00.000000000,BEST_ASK,"JPM,100026,343"
2019-06-28 12:46:00.000000000,LAST_TRADE,"2,$100026.0000"
2019-06-28 12:46:00.000000000,QUERY_SPREAD,95
2019-06-28 12:46:00.000000000,BEST_BID,"JPM,99844,428"
2019-06-28 12:46:00.000000000,BEST_ASK,"JPM,100026,336"
2019-06-28 12:46:00.000000000,LAST_TRADE,"7,$100026.0000"
2019-06-28 12:46:00.000000000,QUERY_SPREAD,96
2019-06-28 12:46:00.000000000,BEST_BID,"JPM,99844,428"
2019-06-28 12:46:00.000000000,BEST_ASK,"JPM,100026,329"
2019-06-28 12:46:00.000000000,LAST_TRADE,"7,$100026.0000"
2019-06-28 12:46:00.000000000,QUERY_SPREAD,97
2019-06-28 12:46:00.000000000,BEST_BID,"JPM,99844,428"
2019-06-28 12:46:00.000000000,BEST_ASK,"JPM,100026,323"
2019-06-28 12:46:00.000000000,LAST_TRADE,"6,$100026.0000"
2019-06-28 12:46:00.000000000,QUERY_SPREAD,98
2019-06-28 12:46:00.000000000,BEST_BID,"JPM,99844,428"
2019-06-28 12:46:00.000000000,BEST_ASK,"JPM,100026,319"
2019-06-28 12:46:00.000000000,LAST_TRADE,"4,$100026.0000"
2019-06-28 12:46:00.000000000,QUERY_SPREAD,99
2019-06-28 12:46:00.000000000,BEST_BID,"JPM,99844,428"
2019-06-28 12:46:00.000000000,BEST_ASK,"JPM,100026,317"
2019-06-28 12:46:00.000000000,LAST_TRADE,"2,$100026.0000"
2019-06-28 12:46:00.000000000,QUERY_SPREAD,100
2019-06-28 12:46:00.000000000,BEST_BID,"JPM,99844,428"
2019-06-28 12:46:00.000000000,BEST_ASK,"JPM,100026,311"
2019-06-28 12:46:00.000000000,LAST_TRADE,"6,$100026.0000"
2019-06-28 12:46:00.000000000,QUERY_SPREAD,101
2019-06-28 12:46:00.000000000,QUERY_ORDER_STREAM,101
2019-06-28 12:46:10.000000000,QUERY_SPREAD,1
2019-06-28 12:46:10.000000000,BEST_BID,"JPM,99844,428"
2019-06-28 12:46:10.000000000,BEST_ASK,"JPM,100063,100"
2019-06-28 12:46:10.000000000,BEST_BID,"JPM,99844,428"
2019-06-28 12:46:10.000000000,BEST_ASK,"JPM,100063,428"
2019-06-28 12:46:18.369998551,QUERY_SPREAD,41
2019-06-28 12:46:18.369998551,BEST_BID,"JPM,99844,428"
2019-06-28 12:46:18.369998551,BEST_ASK,"JPM,99996,100"
2019-06-28 12:46:20.000000000,QUERY_SPREAD,1
2019-06-28 12:46:20.000000000,BEST_BID,"JPM,99844,212"
2019-06-28 12:46:20.000000000,BEST_ASK,"JPM,99996,100"
2019-06-28 12:46:20.000000000,BEST_BID,"JPM,99844,212"
2019-06-28 12:46:20.000000000,BEST_ASK,"JPM,99996,100"
2019-06-28 12:46:20.000000000,BEST_BID,"JPM,99844,212"
2019-06-28 12:46:20.000000000,BEST_ASK,"JPM,99996,100"
2019-06-28 12:46:20.000000000,BEST_BID,"JPM,99844,212"
2019-06-28 12:46:20.000000000,BEST_ASK,"JPM,99996,212"
2019-06-28 12:46:20.000000000,BEST_BID,"JPM,99844,212"
2019-06-28 12:46:20.000000000,BEST_ASK,"JPM,99996,212"
2019-06-28 12:46:20.000000000,BEST_BID,"JPM,99844,212"
2019-06-28 12:46:20.000000000,BEST_ASK,"JPM,99996,212"
2019-06-28 12:46:29.469870667,QUERY_SPREAD,48
2019-06-28 12:46:29.469870667,BEST_BID,"JPM,99986,100"
2019-06-28 12:46:29.469870667,BEST_ASK,"JPM,99996,212"
2019-06-28 12:46:30.000000000,QUERY_SPREAD,1
2019-06-28 12:46:30.000000000,BEST_BID,"JPM,99986,182"
2019-06-28 12:46:30.000000000,BEST_ASK,"JPM,99996,100"
2019-06-28 12:46:30.000000000,BEST_BID,"JPM,99986,182"
2019-06-28 12:46:30.000000000,BEST_ASK,"JPM,99996,100"
2019-06-28 12:46:30.000000000,BEST_BID,"JPM,99986,182"
2019-06-28 12:46:30.000000000,BEST_ASK,"JPM,99996,100"
2019-06-28 12:46:30.000000000,BEST_BID,"JPM,99986,182"
2019-06-28 12:46:30.000000000,BEST_ASK,"JPM,99996,100"
2019-06-28 12:46:30.000000000,BEST_BID,"JPM,99986,182"
2019-06-28 12:46:30.000000000,BEST_ASK,"JPM,99996,182"
2019-06-28 12:46:30.000000000,BEST_BID,"JPM,99986,182"
2019-06-28 12:46:30.000000000,BEST_ASK,"JPM,99996,182"
2019-06-28 12:46:30.000000000,BEST_BID,"JPM,99986,182"
2019-06-28 12:46:30.000000000,BEST_ASK,"JPM,99996,182"
2019-06-28 12:46:30.000000000,BEST_BID,"JPM,99986,182"
2019-06-28 12:46:30.000000000,BEST_ASK,"JPM,99996,182"
2019-06-28 12:46:37.964913524,QUERY_ORDER_STREAM,68
2019-06-28 12:46:37.964913524,QUERY_SPREAD,68
2019-06-28 12:46:40.000000000,QUERY_SPREAD,1
2019-06-28 12:46:40.000000000,BEST_BID,"JPM,99986,182"
2019-06-28 12:46:40.000000000,BEST_ASK,"JPM,99996,100"
2019-06-28 12:46:40.000000000,BEST_BID,"JPM,99986,182"
2019-06-28 12:46:40.000000000,BEST_ASK,"JPM,99996,100"
2019-06-28 12:46:40.000000000,BEST_BID,"JPM,99986,182"
2019-06-28 12:46:40.000000000,BEST_ASK,"JPM,99996,100"
2019-06-28 12:46:40.000000000,BEST_BID,"JPM,99986,182"
2019-06-28 12:46:40.000000000,BEST_ASK,"JPM,99996,100"
2019-06-28 12:46:40.000000000,BEST_BID,"JPM,99986,182"
2019-06-28 12:46:40.000000000,BEST_ASK,"JPM,99996,182"
2019-06-28 12:46:40.000000000,BEST_BID,"JPM,99986,182"
2019-06-28 12:46:40.000000000,BEST_ASK,"JPM,99996,182"
2019-06-28 12:46:40.000000000,BEST_BID,"JPM,99986,182"
2019-06-28 12:46:40.000000000,BEST_ASK,"JPM,99996,182"
2019-06-28 12:46:40.000000000,BEST_BID,"JPM,99986,182"
2019-06-28 12:46:40.000000000,BEST_ASK,"JPM,99996,182"
2019-06-28 12:46:43.562546939,QUERY_SPREAD,12
2019-06-28 12:46:43.562546939,BEST_BID,"JPM,99986,182"
2019-06-28 12:46:43.562546939,BEST_ASK,"JPM,99996,182"
2019-06-28 12:46:50.000000000,QUERY_SPREAD,1
2019-06-28 12:46:50.000000000,BEST_BID,"JPM,99986,428"
2019-06-28 12:46:50.000000000,BEST_ASK,"JPM,99996,100"
2019-06-28 12:46:50.000000000,BEST_BID,"JPM,99986,428"
2019-06-28 12:46:50.000000000,BEST_ASK,"JPM,99996,428"
2019-06-28 12:46:56.437079914,QUERY_SPREAD,33
2019-06-28 12:46:56.437079914,BEST_BID,"JPM,99986,428"
2019-06-28 12:46:56.437079914,BEST_ASK,"JPM,99996,428"
2019-06-28 12:47:00.000000000,QUERY_SPREAD,1
2019-06-28 12:47:00.000000000,BEST_BID,"JPM,99986,264"
2019-06-28 12:47:00.000000000,BEST_ASK,"JPM,99996,100"
2019-06-28 12:47:00.000000000,BEST_BID,"JPM,99986,264"
2019-06-28 12:47:00.000000000,BEST_ASK,"JPM,99996,100"
2019-06-28 12:47:00.000000000,BEST_BID,"JPM,99986,264"
2019-06-28 12:47:00.000000000,BEST_ASK,"JPM,99996,264"
2019-06-28 12:47:00.000000000,BEST_BID,"JPM,99986,264"
2019-06-28 12:47:00.000000000,BEST_ASK,"JPM,99996,264"
2019-06-28 12:47:00.000000000,QUERY_SPREAD,77
2019-06-28 12:47:00.000000000,BEST_BID,"JPM,99986,264"
2019-06-28 12:47:00.000000000,BEST_ASK,"JPM,99996,260"
2019-06-28 12:47:00.000000000,LAST_TRADE,"4,$99996.0000"
2019-06-28 12:47:00.000000000,QUERY_SPREAD,78
2019-06-28 12:47:00.000000000,BEST_BID,"JPM,99986,264"
2019-06-28 12:47:00.000000000,BEST_ASK,"JPM,99996,252"
2019-06-28 12:47:00.000000000,LAST_TRADE,"8,$99996.0000"
2019-06-28 12:47:00.000000000,QUERY_SPREAD,79
2019-06-28 12:47:00.000000000,BEST_BID,"JPM,99986,264"
2019-06-28 12:47:00.000000000,BEST_ASK,"JPM,99996,251"
2019-06-28 12:47:00.000000000,LAST_TRADE,"1,$99996.0000"
2019-06-28 12:47:00.000000000,QUERY_SPREAD,80
2019-06-28 12:47:00.000000000,BEST_BID,"JPM,99986,264"
2019-06-28 12:47:00.000000000,BEST_ASK,"JPM,99996,246"
2019-06-28 12:47:00.000000000,LAST_TRADE,"5,$99996.0000"
2019-06-28 12:47:00.000000000,QUERY_SPREAD,81
2019-06-28 12:47:00.000000000,BEST_BID,"JPM,99986,264"
2019-06-28 12:47:00.000000000,BEST_ASK,"JPM,99996,241"
2019-06-28 12:47:00.000000000,LAST_TRADE,"5,$99996.0000"
2019-06-28 12:47:00.000000000,QUERY_SPREAD,82
2019-06-28 12:47:00.000000000,BEST_BID,"JPM,99986,264"
2019-06-28 12:47:00.000000000,BEST_ASK,"JPM,99996,235"
2019-06-28 12:47:00.000000000,LAST_TRADE,"6,$99996.0000"
2019-06-28 12:47:00.000000000,QUERY_SPREAD,83
2019-06-28 12:47:00.000000000,BEST_BID,"JPM,99986,264"
2019-06-28 12:47:00.000000000,BEST_ASK,"JPM,99996,231"
2019-06-28 12:47:00.000000000,LAST_TRADE,"4,$99996.0000"
2019-06-28 12:47:00.000000000,QUERY_SPREAD,84
2019-06-28 12:47:00.000000000,BEST_BID,"JPM,99986,264"
2019-06-28 12:47:00.000000000,BEST_ASK,"JPM,99996,226"
2019-06-28 12:47:00.000000000,LAST_TRADE,"5,$99996.0000"
2019-06-28 12:47:00.000000000,QUERY_SPREAD,85
2019-06-28 12:47:00.000000000,BEST_BID,"JPM,99986,264"
2019-06-28 12:47:00.000000000,BEST_ASK,"JPM,99996,221"
2019-06-28 12:47:00.000000000,LAST_TRADE,"5,$99996.0000"
2019-06-28 12:47:00.000000000,QUERY_SPREAD,86
2019-06-28 12:47:00.000000000,BEST_BID,"JPM,99986,264"
2019-06-28 12:47:00.000000000,BEST_ASK,"JPM,99996,212"
2019-06-28 12:47:00.000000000,LAST_TRADE,"9,$99996.0000"
2019-06-28 12:47:00.000000000,QUERY_SPREAD,87
2019-06-28 12:47:00.000000000,BEST_BID,"JPM,99986,264"
2019-06-28 12:47:00.000000000,BEST_ASK,"JPM,99996,210"
2019-06-28 12:47:00.000000000,LAST_TRADE,"2,$99996.0000"
2019-06-28 12:47:00.000000000,QUERY_SPREAD,88
2019-06-28 12:47:00.000000000,BEST_BID,"JPM,99986,264"
2019-06-28 12:47:00.000000000,BEST_ASK,"JPM,99996,202"
2019-06-28 12:47:00.000000000,LAST_TRADE,"8,$99996.0000"
2019-06-28 12:47:00.000000000,QUERY_SPREAD,89
2019-06-28 12:47:00.000000000,BEST_BID,"JPM,99986,264"
2019-06-28 12:47:00.000000000,BEST_ASK,"JPM,99996,195"
2019-06-28 12:47:00.000000000,LAST_TRADE,"7,$99996.0000"
2019-06-28 12:47:00.000000000,QUERY_SPREAD,90
2019-06-28 12:47:00.000000000,BEST_BID,"JPM,99986,264"
2019-06-28 12:47:00.000000000,BEST_ASK,"JPM,99996,189"
2019-06-28 12:47:00.000000000,LAST_TRADE,"6,$99996.0000"
2019-06-28 12:47:00.000000000,QUERY_SPREAD,91
2019-06-28 12:47:00.000000000,BEST_BID,"JPM,99986,264"
2019-06-28 12:47:00.000000000,BEST_ASK,"JPM,99996,184"
2019-06-28 12:47:00.000000000,LAST_TRADE,"5,$99996.0000"
2019-06-28 12:47:00.000000000,QUERY_SPREAD,92
2019-06-28 12:47:00.000000000,BEST_BID,"JPM,99986,264"
2019-06-28 12:47:00.000000000,BEST_ASK,"JPM,99996,183"
2019-06-28 12:47:00.000000000,LAST_TRADE,"1,$99996.0000"
2019-06-28 12:47:00.000000000,QUERY_SPREAD,93
2019-06-28 12:47:00.000000000,BEST_BID,"JPM,99986,264"
2019-06-28 12:47:00.000000000,BEST_ASK,"JPM,99996,181"
2019-06-28 12:47:00.000000000,LAST_TRADE,"2,$99996.0000"
2019-06-28 12:47:00.000000000,QUERY_SPREAD,94
2019-06-28 12:47:00.000000000,BEST_BID,"JPM,99986,264"
2019-06-28 12:47:00.000000000,BEST_ASK,"JPM,99996,179"
2019-06-28 12:47:00.000000000,LAST_TRADE,"2,$99996.0000"
2019-06-28 12:47:00.000000000,QUERY_SPREAD,95
2019-06-28 12:47:00.000000000,BEST_BID,"JPM,99986,264"
2019-06-28 12:47:00.000000000,BEST_ASK,"JPM,99996,172"
2019-06-28 12:47:00.000000000,LAST_TRADE,"7,$99996.0000"
2019-06-28 12:47:00.000000000,QUERY_SPREAD,96
2019-06-28 12:47:00.000000000,BEST_BID,"JPM,99986,264"
2019-06-28 12:47:00.000000000,BEST_ASK,"JPM,99996,165"
2019-06-28 12:47:00.000000000,LAST_TRADE,"7,$99996.0000"
2019-06-28 12:47:00.000000000,QUERY_SPREAD,97
2019-06-28 12:47:00.000000000,BEST_BID,"JPM,99986,264"
2019-06-28 12:47:00.000000000,BEST_ASK,"JPM,99996,159"
2019-06-28 12:47:00.000000000,LAST_TRADE,"6,$99996.0000"
2019-06-28 12:47:00.000000000,QUERY_SPREAD,98
2019-06-28 12:47:00.000000000,BEST_BID,"JPM,99986,264"
2019-06-28 12:47:00.000000000,BEST_ASK,"JPM,99996,155"
2019-06-28 12:47:00.000000000,LAST_TRADE,"4,$99996.0000"
2019-06-28 12:47:00.000000000,QUERY_SPREAD,99
2019-06-28 12:47:00.000000000,BEST_BID,"JPM,99986,264"
2019-06-28 12:47:00.000000000,BEST_ASK,"JPM,99996,153"
2019-06-28 12:47:00.000000000,LAST_TRADE,"2,$99996.0000"
2019-06-28 12:47:00.000000000,QUERY_SPREAD,100
2019-06-28 12:47:00.000000000,BEST_BID,"JPM,99986,264"
2019-06-28 12:47:00.000000000,BEST_ASK,"JPM,99996,147"
2019-06-28 12:47:00.000000000,LAST_TRADE,"6,$99996.0000"
2019-06-28 12:47:00.000000000,QUERY_SPREAD,101
2019-06-28 12:47:00.000000000,QUERY_ORDER_STREAM,101
2019-06-28 12:47:10.000000000,QUERY_SPREAD,1
2019-06-28 12:47:10.000000000,BEST_BID,"JPM,99986,212"
2019-06-28 12:47:10.000000000,BEST_ASK,"JPM,100063,100"
2019-06-28 12:47:10.000000000,BEST_BID,"JPM,99986,212"
2019-06-28 12:47:10.000000000,BEST_ASK,"JPM,100063,100"
2019-06-28 12:47:10.000000000,BEST_BID,"JPM,99986,212"
2019-06-28 12:47:10.000000000,BEST_ASK,"JPM,100063,100"
2019-06-28 12:47:10.000000000,BEST_BID,"JPM,99986,212"
2019-06-28 12:47:10.000000000,BEST_ASK,"JPM,100063,212"
2019-06-28 12:47:10.000000000,BEST_BID,"JPM,99986,212"
2019-06-28 12:47:10.000000000,BEST_ASK,"JPM,100063,212"
2019-06-28 12:47:10.000000000,BEST_BID,"JPM,99986,212"
2019-06-28 12:47:10.000000000,BEST_ASK,"JPM,100063,212"
2019-06-28 12:47:20.000000000,QUERY_SPREAD,1
2019-06-28 12:47:20.000000000,BEST_BID,"JPM,99986,264"
2019-06-28 12:47:20.000000000,BEST_ASK,"JPM,100063,100"
2019-06-28 12:47:20.000000000,BEST_BID,"JPM,99986,264"
2019-06-28 12:47:20.000000000,BEST_ASK,"JPM,100063,100"
2019-06-28 12:47:20.000000000,BEST_BID,"JPM,99986,264"
2019-06-28 12:47:20.000000000,BEST_ASK,"JPM,100063,264"
2019-06-28 12:47:20.000000000,BEST_BID,"JPM,99986,264"
2019-06-28 12:47:20.000000000,BEST_ASK,"JPM,100063,264"
2019-06-28 12:47:30.000000000,QUERY_SPREAD,1
2019-06-28 12:47:30.000000000,BEST_BID,"JPM,99986,212"
2019-06-28 12:47:30.000000000,BEST_ASK,"JPM,100063,100"
2019-06-28 12:47:30.000000000,BEST_BID,"JPM,99986,212"
2019-06-28 12:47:30.000000000,BEST_ASK,"JPM,100063,100"
2019-06-28 12:47:30.000000000,BEST_BID,"JPM,99986,212"
2019-06-28 12:47:30.000000000,BEST_ASK,"JPM,100063,100"
2019-06-28 12:47:30.000000000,BEST_BID,"JPM,99986,212"
2019-06-28 12:47:30.000000000,BEST_ASK,"JPM,100063,212"
2019-06-28 12:47:30.000000000,BEST_BID,"JPM,99986,212"
2019-06-28 12:47:30.000000000,BEST_ASK,"JPM,100063,212"
2019-06-28 12:47:30.000000000,BEST_BID,"JPM,99986,212"
2019-06-28 12:47:30.000000000,BEST_ASK,"JPM,100063,212"
2019-06-28 12:47:32.638144255,QUERY_SPREAD,45
2019-06-28 12:47:32.638144255,BEST_BID,"JPM,99986,212"
2019-06-28 12:47:32.638144255,BEST_ASK,"JPM,100063,212"
2019-06-28 12:47:40.000000000,QUERY_SPREAD,1
2019-06-28 12:47:40.000000000,BEST_BID,"JPM,99986,264"
2019-06-28 12:47:40.000000000,BEST_ASK,"JPM,100063,100"
2019-06-28 12:47:40.000000000,BEST_BID,"JPM,99986,264"
2019-06-28 12:47:40.000000000,BEST_ASK,"JPM,100063,100"
2019-06-28 12:47:40.000000000,BEST_BID,"JPM,99986,264"
2019-06-28 12:47:40.000000000,BEST_ASK,"JPM,100063,264"
2019-06-28 12:47:40.000000000,BEST_BID,"JPM,99986,264"
2019-06-28 12:47:40.000000000,BEST_ASK,"JPM,100063,264"
2019-06-28 12:47:48.010061191,QUERY_ORDER_STREAM,58
2019-06-28 12:47:48.010061191,QUERY_SPREAD,58
2019-06-28 12:47:50.000000000,QUERY_SPREAD,1
2019-06-28 12:47:50.000000000,BEST_BID,"JPM,99986,166"
2019-06-28 12:47:50.000000000,BEST_ASK,"JPM,100063,100"
2019-06-28 12:47:50.000000000,BEST_BID,"JPM,99986,166"
2019-06-28 12:47:50.000000000,BEST_ASK,"JPM,100063,100"
2019-06-28 12:47:50.000000000,BEST_BID,"JPM,99986,166"
2019-06-28 12:47:50.000000000,BEST_ASK,"JPM,100063,100"
2019-06-28 12:47:50.000000000,BEST_BID,"JPM,99986,166"
2019-06-28 12:47:50.000000000,BEST_ASK,"JPM,100063,100"
2019-06-28 12:47:50.000000000,BEST_BID,"JPM,99986,166"
2019-06-28 12:47:50.000000000,BEST_ASK,"JPM,100063,100"
2019-06-28 12:47:50.000000000,BEST_BID,"JPM,99986,166"
2019-06-28 12:47:50.000000000,BEST_ASK,"JPM,100063,166"
2019-06-28 12:47:50.000000000,BEST_BID,"JPM,99986,166"
2019-06-28 12:47:50.000000000,BEST_ASK,"JPM,100063,166"
2019-06-28 12:47:50.000000000,BEST_BID,"JPM,99986,166"
2019-06-28 12:47:50.000000000,BEST_ASK,"JPM,100063,166"
2019-06-28 12:47:50.000000000,BEST_BID,"JPM,99986,166"
2019-06-28 12:47:50.000000000,BEST_ASK,"JPM,100063,166"
2019-06-28 12:47:50.000000000,BEST_BID,"JPM,99986,166"
2019-06-28 12:47:50.000000000,BEST_ASK,"JPM,100063,166"
2019-06-28 12:47:53.437692014,QUERY_SPREAD,44
2019-06-28 12:47:53.437692014,BEST_BID,"JPM,99986,166"
2019-06-28 12:47:53.437692014,BEST_ASK,"JPM,100063,166"
2019-06-28 12:47:55.992265733,QUERY_ORDER_STREAM,75
2019-06-28 12:47:55.992265733,QUERY_SPREAD,75
2019-06-28 12:47:55.992265733,BEST_BID,"JPM,99996,100"
2019-06-28 12:47:55.992265733,BEST_ASK,"JPM,100063,166"
2019-06-28 12:48:00.000000000,QUERY_SPREAD,1
2019-06-28 12:48:00.000000000,BEST_BID,"JPM,99996,264"
2019-06-28 12:48:00.000000000,BEST_ASK,"JPM,100063,100"
2019-06-28 12:48:00.000000000,BEST_BID,"JPM,99996,264"
2019-06-28 12:48:00.000000000,BEST_ASK,"JPM,100063,100"
2019-06-28 12:48:00.000000000,BEST_BID,"JPM,99996,264"
2019-06-28 12:48:00.000000000,BEST_ASK,"JPM,100063,264"
2019-06-28 12:48:00.000000000,BEST_BID,"JPM,99996,264"
2019-06-28 12:48:00.000000000,BEST_ASK,"JPM,100063,264"
2019-06-28 12:48:00.000000000,QUERY_SPREAD,77
2019-06-28 12:48:00.000000000,BEST_BID,"JPM,99996,264"
2019-06-28 12:48:00.000000000,BEST_ASK,"JPM,100063,260"
2019-06-28 12:48:00.000000000,LAST_TRADE,"4,$100063.0000"
2019-06-28 12:48:00.000000000,QUERY_SPREAD,78
2019-06-28 12:48:00.000000000,BEST_BID,"JPM,99996,264"
2019-06-28 12:48:00.000000000,BEST_ASK,"JPM,100063,252"
2019-06-28 12:48:00.000000000,LAST_TRADE,"8,$100063.0000"
2019-06-28 12:48:00.000000000,QUERY_SPREAD,79
2019-06-28 12:48:00.000000000,BEST_BID,"JPM,99996,264"
2019-06-28 12:48:00.000000000,BEST_ASK,"JPM,100063,251"
2019-06-28 12:48:00.000000000,LAST_TRADE,"1,$100063.0000"
2019-06-28 12:48:00.000000000,QUERY_SPREAD,80
2019-06-28 12:48:00.000000000,BEST_BID,"JPM,99996,264"
2019-06-28 12:48:00.000000000,BEST_ASK,"JPM,100063,246"
2019-06-28 12:48:00.000000000,LAST_TRADE,"5,$100063.0000"
2019-06-28 12:48:00.000000000,QUERY_SPREAD,81
2019-06-28 12:48:00.000000000,BEST_BID,"JPM,99996,264"
2019-06-28 12:48:00.000000000,BEST_ASK,"JPM,100063,241"
2019-06-28 12:48:00.000000000,LAST_TRADE,"5,$100063.0000"
2019-06-28 12:48:00.000000000,QUERY_SPREAD,82
2019-06-28 12:48:00.000000000,BEST_BID,"JPM,99996,264"
2019-06-28 12:48:00.000000000,BEST_ASK,"JPM,100063,235"
2019-06-28 12:48:00.000000000,LAST_TRADE,"6,$100063.0000"
2019-06-28 12:48:00.000000000,QUERY_SPREAD,83
2019-06-28 12:48:00.000000000,BEST_BID,"JPM,99996,264"
2019-06-28 12:48:00.000000000,BEST_ASK,"JPM,100063,231"
2019-06-28 12:48:00.000000000,LAST_TRADE,"4,$100063.0000"
2019-06-28 12:48:00.000000000,QUERY_SPREAD,84
2019-06-28 12:48:00.000000000,BEST_BID,"JPM,99996,264"
2019-06-28 12:48:00.000000000,BEST_ASK,"JPM,100063,226"
2019-06-28 12:48:00.000000000,LAST_TRADE,"5,$100063.0000"
2019-06-28 12:48:00.000000000,QUERY_SPREAD,85
2019-06-28 12:48:00.000000000,BEST_BID,"JPM,99996,264"
2019-06-28 12:48:00.000000000,BEST_ASK,"JPM,100063,221"
2019-06-28 12:48:00.000000000,LAST_TRADE,"5,$100063.0000"
2019-06-28 12:48:00.000000000,QUERY_SPREAD,86
2019-06-28 12:48:00.000000000,BEST_BID,"JPM,99996,264"
2019-06-28 12:48:00.000000000,BEST_ASK,"JPM,100063,212"
2019-06-28 12:48:00.000000000,LAST_TRADE,"9,$100063.0000"
2019-06-28 12:48:00.000000000,QUERY_SPREAD,87
2019-06-28 12:48:00.000000000,BEST_BID,"JPM,99996,264"
2019-06-28 12:48:00.000000000,BEST_ASK,"JPM,100063,210"
2019-06-28 12:48:00.000000000,LAST_TRADE,"2,$100063.0000"
2019-06-28 12:48:00.000000000,QUERY_SPREAD,88
2019-06-28 12:48:00.000000000,BEST_BID,"JPM,99996,264"
2019-06-28 12:48:00.000000000,BEST_ASK,"JPM,100063,202"
2019-06-28 12:48:00.000000000,LAST_TRADE,"8,$100063.0000"
2019-06-28 12:48:00.000000000,QUERY_SPREAD,89
2019-06-28 12:48:00.000000000,BEST_BID,"JPM,99996,264"
2019-06-28 12:48:00.000000000,BEST_ASK,"JPM,100063,195"
2019-06-28 12:48:00.000000000,LAST_TRADE,"7,$100063.0000"
2019-06-28 12:48:00.000000000,QUERY_SPREAD,90
2019-06-28 12:48:00.000000000,BEST_BID,"JPM,99996,264"
2019-06-28 12:48:00.000000000,BEST_ASK,"JPM,100063,189"
2019-06-28 12:48:00.000000000,LAST_TRADE,"6,$100063.0000"
2019-06-28 12:48:00.000000000,QUERY_SPREAD,91
2019-06-28 12:48:00.000000000,BEST_BID,"JPM,99996,264"
2019-06-28 12:48:00.000000000,BEST_ASK,"JPM,100063,184"
2019-06-28 12:48:00.000000000,LAST_TRADE,"5,$100063.0000"
2019-06-28 12:48:00.000000000,QUERY_SPREAD,92
2019-06-28 12:48:00.000000000,BEST_BID,"JPM,99996,264"
2019-06-28 12:48:00.000000000,BEST_ASK,"JPM,100063,183"
2019-06-28 12:48:00.000000000,LAST_TRADE,"1,$100063.0000"
2019-06-28 12:48:00.000000000,QUERY_SPREAD,93
2019-06-28 12:48:00.000000000,BEST_BID,"JPM,99996,264"
2019-06-28 12:48:00.000000000,BEST_ASK,"JPM,100063,181"
2019-06-28 12:48:00.000000000,LAST_TRADE,"2,$100063.0000"
2019-06-28 12:48:00.000000000,QUERY_SPREAD,94
2019-06-28 12:48:00.000000000,BEST_BID,"JPM,99996,264"
2019-06-28 12:48:00.000000000,BEST_ASK,"JPM,100063,179"
2019-06-28 12:48:00.000000000,LAST_TRADE,"2,$100063.0000"
2019-06-28 12:48:00.000000000,QUERY_SPREAD,95
2019-06-28 12:48:00.000000000,BEST_BID,"JPM,99996,264"
2019-06-28 12:48:00.000000000,BEST_ASK,"JPM,100063,172"
2019-06-28 12:48:00.000000000,LAST_TRADE,"7,$100063.0000"
2019-06-28 12:48:00.000000000,QUERY_SPREAD,96
2019-06-28 12:48:00.000000000,BEST_BID,"JPM,99996,264"
2019-06-28 12:48:00.000000000,BEST_ASK,"JPM,100063,165"
2019-06-28 12:48:00.000000000,LAST_TRADE,"7,$100063.0000"
2019-06-28 12:48:00.000000000,QUERY_SPREAD,97
2019-06-28 12:48:00.000000000,BEST_BID,"JPM,99996,264"
2019-06-28 12:48:00.000000000,BEST_ASK,"JPM,100063,159"
2019-06-28 12:48:00.000000000,LAST_TRADE,"6,$100063.0000"
2019-06-28 12:48:00.000000000,QUERY_SPREAD,98
2019-06-28 12:48:00.000000000,BEST_BID,"JPM,99996,264"
2019-06-28 12:48:00.000000000,BEST_ASK,"JPM,100063,155"
2019-06-28 12:48:00.000000000,LAST_TRADE,"4,$100063.0000"
2019-06-28 12:48:00.000000000,QUERY_SPREAD,99
2019-06-28 12:48:00.000000000,BEST_BID,"JPM,99996,264"
2019-06-28 12:48:00.000000000,BEST_ASK,"JPM,100063,153"
2019-06-28 12:48:00.000000000,LAST_TRADE,"2,$100063.0000"
2019-06-28 12:48:00.000000000,QUERY_SPREAD,100
2019-06-28 12:48:00.000000000,BEST_BID,"JPM,99996,264"
2019-06-28 12:48:00.000000000,BEST_ASK,"JPM,100063,147"
2019-06-28 12:48:00.000000000,LAST_TRADE,"6,$100063.0000"
2019-06-28 12:48:00.000000000,QUERY_SPREAD,101
2019-06-28 12:48:00.000000000,QUERY_ORDER_STREAM,101
2019-06-28 12:48:10.000000000,QUERY_SPREAD,1
2019-06-28 12:48:10.000000000,BEST_BID,"JPM,99996,264"
2019-06-28 12:48:10.000000000,BEST_ASK,"JPM,100071,100"
2019-06-28 12:48:10.000000000,BEST_BID,"JPM,99996,264"
2019-06-28 12:48:10.000000000,BEST_ASK,"JPM,100071,100"
2019-06-28 12:48:10.000000000,BEST_BID,"JPM,99996,264"
2019-06-28 12:48:10.000000000,BEST_ASK,"JPM,100071,264"
2019-06-28 12:48:10.000000000,BEST_BID,"JPM,99996,264"
2019-06-28 12:48:10.000000000,BEST_ASK,"JPM,100071,264"
2019-06-28 12:48:11.799227084,QUERY_SPREAD,26
2019-06-28 12:48:11.799227084,BEST_BID,"JPM,99999,100"
2019-06-28 12:48:11.799227084,BEST_ASK,"JPM,100071,264"
2019-06-28 12:48:14.329511327,QUERY_ORDER_STREAM,67
2019-06-28 12:48:14.329511327,QUERY_SPREAD,67
2019-06-28 12:48:14.329511327,BEST_BID,"JPM,99999,100"
2019-06-28 12:48:14.329511327,BEST_ASK,"JPM,100063,100"
2019-06-28 12:48:14.371941932,QUERY_SPREAD,18
2019-06-28 12:48:14.371941932,BEST_BID,"JPM,99999,100"
2019-06-28 12:48:14.371941932,BEST_ASK,"JPM,100063,100"
2019-06-28 12:48:20.000000000,QUERY_SPREAD,1
2019-06-28 12:48:20.000000000,BEST_BID,"JPM,99999,166"
2019-06-28 12:48:20.000000000,BEST_ASK,"JPM,100063,100"
2019-06-28 12:48:20.000000000,BEST_BID,"JPM,99999,166"
2019-06-28 12:48:20.000000000,BEST_ASK,"JPM,100063,100"
2019-06-28 12:48:20.000000000,BEST_BID,"JPM,99999,166"
2019-06-28 12:48:20.000000000,BEST_ASK,"JPM,100063,100"
2019-06-28 12:48:20.000000000,BEST_BID,"JPM,99999,166"
2019-06-28 12:48:20.000000000,BEST_ASK,"JPM,100063,100"
2019-06-28 12:48:20.000000000,BEST_BID,"JPM,99999,166"
2019-06-28 12:48:20.000000000,BEST_ASK,"JPM,100063,100"
2019-06-28 12:48:20.000000000,BEST_BID,"JPM,99999,166"
2019-06-28 12:48:20.000000000,BEST_ASK,"JPM,100063,166"
2019-06-28 12:48:20.000000000,BEST_BID,"JPM,99999,166"
2019-06-28 12:48:20.000000000,BEST_ASK,"JPM,100063,166"
2019-06-28 12:48:20.000000000,BEST_BID,"JPM,99999,166"
2019-06-28 12:48:20.000000000,BEST_ASK,"JPM,100063,166"
2019-06-28 12:48:20.000000000,BEST_BID,"JPM,99999,166"
2019-06-28 12:48:20.000000000,BEST_ASK,"JPM,100063,166"
2019-06-28 12:48:20.000000000,BEST_BID,"JPM,99999,166"
2019-06-28 12:48:20.000000000,BEST_ASK,"JPM,100063,166"
2019-06-28 12:48:23.581766610,QUERY_SPREAD,39
2019-06-28 12:48:23.581766610,BEST_BID,"JPM,99999,66"
2019-06-28 12:48:23.581766610,BEST_ASK,"JPM,100063,166"
2019-06-28 12:48:23.581766610,LAST_TRADE,"100,$99999.0000"
2019-06-28 12:48:30.000000000,QUERY_SPREAD,1
2019-06-28 12:48:30.000000000,BEST_BID,"JPM,99996,428"
2019-06-28 12:48:30.000000000,BEST_ASK,"JPM,100063,100"
2019-06-28 12:48:30.000000000,BEST_BID,"JPM,99996,428"
2019-06-28 12:48:30.000000000,BEST_ASK,"JPM,100063,428"
2019-06-28 12:48:38.668176383,QUERY_SPREAD,15
2019-06-28 12:48:38.668176383,BEST_BID,"JPM,99996,328"
2019-06-28 12:48:38.668176383,BEST_ASK,"JPM,100063,428"
2019-06-28 12:48:38.668176383,LAST_TRADE,"100,$99996.0000"
2019-06-28 12:48:40.000000000,QUERY_SPREAD,1
2019-06-28 12:48:40.000000000,BEST_BID,"JPM,99986,264"
2019-06-28 12:48:40.000000000,BEST_ASK,"JPM,100063,100"
2019-06-28 12:48:40.000000000,BEST_BID,"JPM,99986,264"
2019-06-28 12:48:40.000000000,BEST_ASK,"JPM,100063,100"
2019-06-28 12:48:40.000000000,BEST_BID,"JPM,99986,264"
2019-06-28 12:48:40.000000000,BEST_ASK,"JPM,100063,264"
2019-06-28 12:48:40.000000000,BEST_BID,"JPM,99986,264"
2019-06-28 12:48:40.000000000,BEST_ASK,"JPM,100063,264"
2019-06-28 12:48:40.212147729,QUERY_SPREAD,50
2019-06-28 12:48:40.212147729,BEST_BID,"JPM,99986,264"
2019-06-28 12:48:40.212147729,BEST_ASK,"JPM,100063,264"
2019-06-28 12:48:50.000000000,QUERY_SPREAD,1
2019-06-28 12:48:50.000000000,BEST_BID,"JPM,99986,428"
2019-06-28 12:48:50.000000000,BEST_ASK,"JPM,100063,100"
2019-06-28 12:48:50.000000000,BEST_BID,"JPM,99986,428"
2019-06-28 12:48:50.000000000,BEST_ASK,"JPM,100063,428"
2019-06-28 12:48:57.434826139,QUERY_SPREAD,40
2019-06-28 12:48:57.434826139,BEST_BID,"JPM,99986,428"
2019-06-28 12:48:57.434826139,BEST_ASK,"JPM,100063,428"
2019-06-28 12:49:00.000000000,QUERY_SPREAD,1
2019-06-28 12:49:00.000000000,BEST_BID,"JPM,99986,264"
2019-06-28 12:49:00.000000000,BEST_ASK,"JPM,100063,100"
2019-06-28 12:49:00.000000000,BEST_BID,"JPM,99986,264"
2019-06-28 12:49:00.000000000,BEST_ASK,"JPM,100063,100"
2019-06-28 12:49:00.000000000,BEST_BID,"JPM,99986,264"
2019-06-28 12:49:00.000000000,BEST_ASK,"JPM,100063,264"
2019-06-28 12:49:00.000000000,BEST_BID,"JPM,99986,264"
2019-06-28 12:49:00.000000000,BEST_ASK,"JPM,100063,264"
2019-06-28 12:49:00.000000000,QUERY_SPREAD,77
2019-06-28 12:49:00.000000000,BEST_BID,"JPM,99986,264"
2019-06-28 12:49:00.000000000,BEST_ASK,"JPM,100063,260"
2019-06-28 12:49:00.000000000,LAST_TRADE,"4,$100063.0000"
2019-06-28 12:49:00.000000000,QUERY_SPREAD,78
2019-06-28 12:49:00.000000000,BEST_BID,"JPM,99986,264"
2019-06-28 12:49:00.000000000,BEST_ASK,"JPM,100063,252"
2019-06-28 12:49:00.000000000,LAST_TRADE,"8,$100063.0000"
2019-06-28 12:49:00.000000000,QUERY_SPREAD,79
2019-06-28 12:49:00.000000000,BEST_BID,"JPM,99986,264"
2019-06-28 12:49:00.000000000,BEST_ASK,"JPM,100063,251"
2019-06-28 12:49:00.000000000,LAST_TRADE,"1,$100063.0000"
2019-06-28 12:49:00.000000000,QUERY_SPREAD,80
2019-06-28 12:49:00.000000000,BEST_BID,"JPM,99986,264"
2019-06-28 12:49:00.000000000,BEST_ASK,"JPM,100063,246"
2019-06-28 12:49:00.000000000,LAST_TRADE,"5,$100063.0000"
2019-06-28 12:49:00.000000000,QUERY_SPREAD,81
2019-06-28 12:49:00.000000000,BEST_BID,"JPM,99986,264"
2019-06-28 12:49:00.000000000,BEST_ASK,"JPM,100063,241"
2019-06-28 12:49:00.000000000,LAST_TRADE,"5,$100063.0000"
2019-06-28 12:49:00.000000000,QUERY_SPREAD,82
2019-06-28 12:49:00.000000000,BEST_BID,"JPM,99986,264"
2019-06-28 12:49:00.000000000,BEST_ASK,"JPM,100063,235"
2019-06-28 12:49:00.000000000,LAST_TRADE,"6,$100063.0000"
2019-06-28 12:49:00.000000000,QUERY_SPREAD,83
2019-06-28 12:49:00.000000000,BEST_BID,"JPM,99986,264"
2019-06-28 12:49:00.000000000,BEST_ASK,"JPM,100063,231"
2019-06-28 12:49:00.000000000,LAST_TRADE,"4,$100063.0000"
2019-06-28 12:49:00.000000000,QUERY_SPREAD,84
2019-06-28 12:49:00.000000000,BEST_BID,"JPM,99986,264"
2019-06-28 12:49:00.000000000,BEST_ASK,"JPM,100063,226"
2019-06-28 12:49:00.000000000,LAST_TRADE,"5,$100063.0000"
2019-06-28 12:49:00.000000000,QUERY_SPREAD,85
2019-06-28 12:49:00.000000000,BEST_BID,"JPM,99986,264"
2019-06-28 12:49:00.000000000,BEST_ASK,"JPM,100063,221"
2019-06-28 12:49:00.000000000,LAST_TRADE,"5,$100063.0000"
2019-06-28 12:49:00.000000000,QUERY_SPREAD,86
2019-06-28 12:49:00.000000000,BEST_BID,"JPM,99986,264"
2019-06-28 12:49:00.000000000,BEST_ASK,"JPM,100063,212"
2019-06-28 12:49:00.000000000,LAST_TRADE,"9,$100063.0000"
2019-06-28 12:49:00.000000000,QUERY_SPREAD,87
2019-06-28 12:49:00.000000000,BEST_BID,"JPM,99986,264"
2019-06-28 12:49:00.000000000,BEST_ASK,"JPM,100063,210"
2019-06-28 12:49:00.000000000,LAST_TRADE,"2,$100063.0000"
2019-06-28 12:49:00.000000000,QUERY_SPREAD,88
2019-06-28 12:49:00.000000000,BEST_BID,"JPM,99986,264"
2019-06-28 12:49:00.000000000,BEST_ASK,"JPM,100063,202"
2019-06-28 12:49:00.000000000,LAST_TRADE,"8,$100063.0000"
2019-06-28 12:49:00.000000000,QUERY_SPREAD,89
2019-06-28 12:49:00.000000000,BEST_BID,"JPM,99986,264"
2019-06-28 12:49:00.000000000,BEST_ASK,"JPM,100063,195"
2019-06-28 12:49:00.000000000,LAST_TRADE,"7,$100063.0000"
2019-06-28 12:49:00.000000000,QUERY_SPREAD,90
2019-06-28 12:49:00.000000000,BEST_BID,"JPM,99986,264"
2019-06-28 12:49:00.000000000,BEST_ASK,"JPM,100063,189"
2019-06-28 12:49:00.000000000,LAST_TRADE,"6,$100063.0000"
2019-06-28 12:49:00.000000000,QUERY_SPREAD,91
2019-06-28 12:49:00.000000000,BEST_BID,"JPM,99986,264"
2019-06-28 12:49:00.000000000,BEST_ASK,"JPM,100063,184"
2019-06-28 12:49:00.000000000,LAST_TRADE,"5,$100063.0000"
2019-06-28 12:49:00.000000000,QUERY_SPREAD,92
2019-06-28 12:49:00.000000000,BEST_BID,"JPM,99986,264"
2019-06-28 12:49:00.000000000,BEST_ASK,"JPM,100063,183"
2019-06-28 12:49:00.000000000,LAST_TRADE,"1,$100063.0000"
2019-06-28 12:49:00.000000000,QUERY_SPREAD,93
2019-06-28 12:49:00.000000000,BEST_BID,"JPM,99986,264"
2019-06-28 12:49:00.000000000,BEST_ASK,"JPM,100063,181"
2019-06-28 12:49:00.000000000,LAST_TRADE,"2,$100063.0000"
2019-06-28 12:49:00.000000000,QUERY_SPREAD,94
2019-06-28 12:49:00.000000000,BEST_BID,"JPM,99986,264"
2019-06-28 12:49:00.000000000,BEST_ASK,"JPM,100063,179"
2019-06-28 12:49:00.000000000,LAST_TRADE,"2,$100063.0000"
2019-06-28 12:49:00.000000000,QUERY_SPREAD,95
2019-06-28 12:49:00.000000000,BEST_BID,"JPM,99986,264"
2019-06-28 12:49:00.000000000,BEST_ASK,"JPM,100063,172"
2019-06-28 12:49:00.000000000,LAST_TRADE,"7,$100063.0000"
2019-06-28 12:49:00.000000000,QUERY_SPREAD,96
2019-06-28 12:49:00.000000000,BEST_BID,"JPM,99986,264"
2019-06-28 12:49:00.000000000,BEST_ASK,"JPM,100063,165"
2019-06-28 12:49:00.000000000,LAST_TRADE,"7,$100063.0000"
2019-06-28 12:49:00.000000000,QUERY_SPREAD,97
2019-06-28 12:49:00.000000000,BEST_BID,"JPM,99986,264"
2019-06-28 12:49:00.000000000,BEST_ASK,"JPM,100063,159"
2019-06-28 12:49:00.000000000,LAST_TRADE,"6,$100063.0000"
2019-06-28 12:49:00.000000000,QUERY_SPREAD,98
2019-06-28 12:49:00.000000000,BEST_BID,"JPM,99986,264"
2019-06-28 12:49:00.000000000,BEST_ASK,"JPM,100063,155"
2019-06-28 12:49:00.000000000,LAST_TRADE,"4,$100063.0000"
2019-06-28 12:49:00.000000000,QUERY_SPREAD,99
2019-06-28 12:49:00.000000000,BEST_BID,"JPM,99986,264"
2019-06-28 12:49:00.000000000,BEST_ASK,"JPM,100063,153"
2019-06-28 12:49:00.000000000,LAST_TRADE,"2,$100063.0000"
2019-06-28 12:49:00.000000000,QUERY_SPREAD,100
2019-06-28 12:49:00.000000000,BEST_BID,"JPM,99986,264"
2019-06-28 12:49:00.000000000,BEST_ASK,"JPM,100063,147"
2019-06-28 12:49:00.000000000,LAST_TRADE,"6,$100063.0000"
2019-06-28 12:49:00.000000000,QUERY_SPREAD,101
2019-06-28 12:49:00.000000000,QUERY_ORDER_STREAM,101
2019-06-28 12:49:02.934174419,QUERY_SPREAD,15
2019-06-28 12:49:02.934174419,BEST_BID,"JPM,99986,264"
2019-06-28 12:49:02.934174419,BEST_ASK,"JPM,100063,147"
2019-06-28 12:49:04.319015609,QUERY_SPREAD,28
2019-06-28 12:49:04.319015609,BEST_BID,"JPM,99986,264"
2019-06-28 12:49:04.319015609,BEST_ASK,"JPM,100063,147"
2019-06-28 12:49:10.000000000,QUERY_SPREAD,1
2019-06-28 12:49:10.000000000,BEST_BID,"JPM,99986,264"
2019-06-28 12:49:10.000000000,BEST_ASK,"JPM,100071,100"
2019-06-28 12:49:10.000000000,BEST_BID,"JPM,99986,264"
2019-06-28 12:49:10.000000000,BEST_ASK,"JPM,100071,100"
2019-06-28 12:49:10.000000000,BEST_BID,"JPM,99986,264"
2019-06-28 12:49:10.000000000,BEST_ASK,"JPM,100071,264"
2019-06-28 12:49:10.000000000,BEST_BID,"JPM,99986,264"
2019-06-28 12:49:10.000000000,BEST_ASK,"JPM,100071,264"
2019-06-28 12:49:17.791806333,QUERY_SPREAD,10
2019-06-28 12:49:17.791806333,BEST_BID,"JPM,99986,264"
2019-06-28 12:49:17.791806333,BEST_ASK,"JPM,100071,164"
2019-06-28 12:49:19.977821940,QUERY_SPREAD,51
2019-06-28 12:49:19.977821940,BEST_BID,"JPM,99986,164"
2019-06-28 12:49:19.977821940,BEST_ASK,"JPM,100071,164"
2019-06-28 12:49:19.977821940,LAST_TRADE,"100,$99986.0000"
2019-06-28 12:49:20.000000000,QUERY_SPREAD,1
2019-06-28 12:49:20.000000000,BEST_BID,"JPM,99844,428"
2019-06-28 12:49:20.000000000,BEST_ASK,"JPM,100123,100"
2019-06-28 12:49:20.000000000,BEST_BID,"JPM,99844,428"
2019-06-28 12:49:20.000000000,BEST_ASK,"JPM,100123,428"
2019-06-28 12:49:30.000000000,QUERY_SPREAD,1
2019-06-28 12:49:30.000000000,BEST_BID,"JPM,99844,264"
2019-06-28 12:49:30.000000000,BEST_ASK,"JPM,100123,100"
2019-06-28 12:49:30.000000000,BEST_BID,"JPM,99844,264"
2019-06-28 12:49:30.000000000,BEST_ASK,"JPM,100123,100"
2019-06-28 12:49:30.000000000,BEST_BID,"JPM,99844,264"
2019-06-28 12:49:30.000000000,BEST_ASK,"JPM,100123,264"
2019-06-28 12:49:30.000000000,BEST_BID,"JPM,99844,264"
2019-06-28 12:49:30.000000000,BEST_ASK,"JPM,100123,264"
2019-06-28 12:49:40.000000000,QUERY_SPREAD,1
2019-06-28 12:49:40.000000000,BEST_BID,"JPM,99844,264"
2019-06-28 12:49:40.000000000,BEST_ASK,"JPM,100123,100"
2019-06-28 12:49:40.000000000,BEST_BID,"JPM,99844,264"
2019-06-28 12:49:40.000000000,BEST_ASK,"JPM,100123,100"
2019-06-28 12:49:40.000000000,BEST_BID,"JPM,99844,264"
2019-06-28 12:49:40.000000000,BEST_ASK,"JPM,100123,264"
2019-06-28 12:49:40.000000000,BEST_BID,"JPM,99844,264"
2019-06-28 12:49:40.000000000,BEST_ASK,"JPM,100123,264"
2019-06-28 12:49:50.000000000,QUERY_SPREAD,1
2019-06-28 12:49:50.000000000,BEST_BID,"JPM,99844,182"
2019-06-28 12:49:50.000000000,BEST_ASK,"JPM,100123,100"
2019-06-28 12:49:50.000000000,BEST_BID,"JPM,99844,182"
2019-06-28 12:49:50.000000000,BEST_ASK,"JPM,100123,100"
2019-06-28 12:49:50.000000000,BEST_BID,"JPM,99844,182"
2019-06-28 12:49:50.000000000,BEST_ASK,"JPM,100123,100"
2019-06-28 12:49:50.000000000,BEST_BID,"JPM,99844,182"
2019-06-28 12:49:50.000000000,BEST_ASK,"JPM,100123,100"
2019-06-28 12:49:50.000000000,BEST_BID,"JPM,99844,182"
2019-06-28 12:49:50.000000000,BEST_ASK,"JPM,100123,182"
2019-06-28 12:49:50.000000000,BEST_BID,"JPM,99844,182"
2019-06-28 12:49:50.000000000,BEST_ASK,"JPM,100123,182"
2019-06-28 12:49:50.000000000,BEST_BID,"JPM,99844,182"
2019-06-28 12:49:50.000000000,BEST_ASK,"JPM,100123,182"
2019-06-28 12:49:50.000000000,BEST_BID,"JPM,99844,182"
2019-06-28 12:49:50.000000000,BEST_ASK,"JPM,100123,182"
2019-06-28 12:50:00.000000000,QUERY_SPREAD,1
2019-06-28 12:50:00.000000000,BEST_BID,"JPM,99844,166"
2019-06-28 12:50:00.000000000,BEST_ASK,"JPM,100123,100"
2019-06-28 12:50:00.000000000,BEST_BID,"JPM,99844,166"
2019-06-28 12:50:00.000000000,BEST_ASK,"JPM,100123,100"
2019-06-28 12:50:00.000000000,BEST_BID,"JPM,99844,166"
2019-06-28 12:50:00.000000000,BEST_ASK,"JPM,100123,100"
2019-06-28 12:50:00.000000000,BEST_BID,"JPM,99844,166"
2019-06-28 12:50:00.000000000,BEST_ASK,"JPM,100123,100"
2019-06-28 12:50:00.000000000,BEST_BID,"JPM,99844,166"
2019-06-28 12:50:00.000000000,BEST_ASK,"JPM,100123,100"
2019-06-28 12:50:00.000000000,BEST_BID,"JPM,99844,166"
2019-06-28 12:50:00.000000000,BEST_ASK,"JPM,100123,166"
2019-06-28 12:50:00.000000000,BEST_BID,"JPM,99844,166"
2019-06-28 12:50:00.000000000,BEST_ASK,"JPM,100123,166"
2019-06-28 12:50:00.000000000,BEST_BID,"JPM,99844,166"
2019-06-28 12:50:00.000000000,BEST_ASK,"JPM,100123,166"
2019-06-28 12:50:00.000000000,BEST_BID,"JPM,99844,166"
2019-06-28 12:50:00.000000000,BEST_ASK,"JPM,100123,166"
2019-06-28 12:50:00.000000000,BEST_BID,"JPM,99844,166"
2019-06-28 12:50:00.000000000,BEST_ASK,"JPM,100123,166"
2019-06-28 12:50:00.000000000,QUERY_SPREAD,77
2019-06-28 12:50:00.000000000,BEST_BID,"JPM,99844,166"
2019-06-28 12:50:00.000000000,BEST_ASK,"JPM,100123,162"
2019-06-28 12:50:00.000000000,LAST_TRADE,"4,$100123.0000"
2019-06-28 12:50:00.000000000,QUERY_SPREAD,78
2019-06-28 12:50:00.000000000,BEST_BID,"JPM,99844,166"
2019-06-28 12:50:00.000000000,BEST_ASK,"JPM,100123,154"
2019-06-28 12:50:00.000000000,LAST_TRADE,"8,$100123.0000"
2019-06-28 12:50:00.000000000,QUERY_SPREAD,79
2019-06-28 12:50:00.000000000,BEST_BID,"JPM,99844,166"
2019-06-28 12:50:00.000000000,BEST_ASK,"JPM,100123,153"
2019-06-28 12:50:00.000000000,LAST_TRADE,"1,$100123.0000"
2019-06-28 12:50:00.000000000,QUERY_SPREAD,80
2019-06-28 12:50:00.000000000,BEST_BID,"JPM,99844,166"
2019-06-28 12:50:00.000000000,BEST_ASK,"JPM,100123,148"
2019-06-28 12:50:00.000000000,LAST_TRADE,"5,$100123.0000"
2019-06-28 12:50:00.000000000,QUERY_SPREAD,81
2019-06-28 12:50:00.000000000,BEST_BID,"JPM,99844,166"
2019-06-28 12:50:00.000000000,BEST_ASK,"JPM,100123,143"
2019-06-28 12:50:00.000000000,LAST_TRADE,"5,$100123.0000"
2019-06-28 12:50:00.000000000,QUERY_SPREAD,82
2019-06-28 12:50:00.000000000,BEST_BID,"JPM,99844,166"
2019-06-28 12:50:00.000000000,BEST_ASK,"JPM,100123,137"
2019-06-28 12:50:00.000000000,LAST_TRADE,"6,$100123.0000"
2019-06-28 12:50:00.000000000,QUERY_SPREAD,83
2019-06-28 12:50:00.000000000,BEST_BID,"JPM,99844,166"
2019-06-28 12:50:00.000000000,BEST_ASK,"JPM,100123,133"
2019-06-28 12:50:00.000000000,LAST_TRADE,"4,$100123.0000"
2019-06-28 12:50:00.000000000,QUERY_SPREAD,84
2019-06-28 12:50:00.000000000,BEST_BID,"JPM,99844,166"
2019-06-28 12:50:00.000000000,BEST_ASK,"JPM,100123,128"
2019-06-28 12:50:00.000000000,LAST_TRADE,"5,$100123.0000"
2019-06-28 12:50:00.000000000,QUERY_SPREAD,85
2019-06-28 12:50:00.000000000,BEST_BID,"JPM,99844,166"
2019-06-28 12:50:00.000000000,BEST_ASK,"JPM,100123,123"
2019-06-28 12:50:00.000000000,LAST_TRADE,"5,$100123.0000"
2019-06-28 12:50:00.000000000,QUERY_SPREAD,86
2019-06-28 12:50:00.000000000,BEST_BID,"JPM,99844,166"
2019-06-28 12:50:00.000000000,BEST_ASK,"JPM,100123,114"
2019-06-28 12:50:00.000000000,LAST_TRADE,"9,$100123.0000"
2019-06-28 12:50:00.000000000,QUERY_SPREAD,87
2019-06-28 12:50:00.000000000,BEST_BID,"JPM,99844,166"
2019-06-28 12:50:00.000000000,BEST_ASK,"JPM,100123,112"
2019-06-28 12:50:00.000000000,LAST_TRADE,"2,$100123.0000"
2019-06-28 12:50:00.000000000,QUERY_SPREAD,88
2019-06-28 12:50:00.000000000,BEST_BID,"JPM,99844,166"
2019-06-28 12:50:00.000000000,BEST_ASK,"JPM,100123,104"
2019-06-28 12:50:00.000000000,LAST_TRADE,"8,$100123.0000"
2019-06-28 12:50:00.000000000,QUERY_SPREAD,89
2019-06-28 12:50:00.000000000,BEST_BID,"JPM,99844,166"
2019-06-28 12:50:00.000000000,BEST_ASK,"JPM,100123,97"
2019-06-28 12:50:00.000000000,LAST_TRADE,"7,$100123.0000"
2019-06-28 12:50:00.000000000,QUERY_SPREAD,90
2019-06-28 12:50:00.000000000,BEST_BID,"JPM,99844,166"
2019-06-28 12:50:00.000000000,BEST_ASK,"JPM,100123,91"
2019-06-28 12:50:00.000000000,LAST_TRADE,"6,$100123.0000"
2019-06-28 12:50:00.000000000,QUERY_SPREAD,91
2019-06-28 12:50:00.000000000,BEST_BID,"JPM,99844,166"
2019-06-28 12:50:00.000000000,BEST_ASK,"JPM,100123,86"
2019-06-28 12:50:00.000000000,LAST_TRADE,"5,$100123.0000"
2019-06-28 12:50:00.000000000,QUERY_SPREAD,92
2019-06-28 12:50:00.000000000,BEST_BID,"JPM,99844,166"
2019-06-28 12:50:00.000000000,BEST_ASK,"JPM,100123,85"
2019-06-28 12:50:00.000000000,LAST_TRADE,"1,$100123.0000"
2019-06-28 12:50:00.000000000,QUERY_SPREAD,93
2019-06-28 12:50:00.000000000,BEST_BID,"JPM,99844,166"
2019-06-28 12:50:00.000000000,BEST_ASK,"JPM,100123,83"
2019-06-28 12:50:00.000000000,LAST_TRADE,"2,$100123.0000"
2019-06-28 12:50:00.000000000,QUERY_SPREAD,94
2019-06-28 12:50:00.000000000,BEST_BID,"JPM,99844,166"
2019-06-28 12:50:00.000000000,BEST_ASK,"JPM,100123,81"
2019-06-28 12:50:00.000000000,LAST_TRADE,"2,$100123.0000"
2019-06-28 12:50:00.000000000,QUERY_SPREAD,95
2019-06-28 12:50:00.000000000,BEST_BID,"JPM,99844,166"
2019-06-28 12:50:00.000000000,BEST_ASK,"JPM,100123,74"
2019-06-28 12:50:00.000000000,LAST_TRADE,"7,$100123.0000"
2019-06-28 12:50:00.000000000,QUERY_SPREAD,96
2019-06-28 12:50:00.000000000,BEST_BID,"JPM,99844,166"
2019-06-28 12:50:00.000000000,BEST_ASK,"JPM,100123,67"
2019-06-28 12:50:00.000000000,LAST_TRADE,"7,$100123.0000"
2019-06-28 12:50:00.000000000,QUERY_SPREAD,97
2019-06-28 12:50:00.000000000,BEST_BID,"JPM,99844,166"
2019-06-28 12:50:00.000000000,BEST_ASK,"JPM,100123,61"
2019-06-28 12:50:00.000000000,LAST_TRADE,"6,$100123.0000"
2019-06-28 12:50:00.000000000,QUERY_SPREAD,98
2019-06-28 12:50:00.000000000,BEST_BID,"JPM,99844,166"
2019-06-28 12:50:00.000000000,BEST_ASK,"JPM,100123,57"
2019-06-28 12:50:00.000000000,LAST_TRADE,"4,$100123.0000"
2019-06-28 12:50:00.000000000,QUERY_SPREAD,99
2019-06-28 12:50:00.000000000,BEST_BID,"JPM,99844,166"
2019-06-28 12:50:00.000000000,BEST_ASK,"JPM,100123,55"
2019-06-28 12:50:00.000000000,LAST_TRADE,"2,$100123.0000"
2019-06-28 12:50:00.000000000,QUERY_SPREAD,100
2019-06-28 12:50:00.000000000,BEST_BID,"JPM,99844,166"
2019-06-28 12:50:00.000000000,BEST_ASK,"JPM,100123,49"
2019-06-28 12:50:00.000000000,LAST_TRADE,"6,$100123.0000"
2019-06-28 12:50:00.000000000,QUERY_SPREAD,101
2019-06-28 12:50:00.000000000,QUERY_ORDER_STREAM,101
2019-06-28 12:50:10.000000000,QUERY_SPREAD,1
2019-06-28 12:50:10.000000000,BEST_BID,"JPM,99844,212"
2019-06-28 12:50:10.000000000,BEST_ASK,"JPM,100143,100"
2019-06-28 12:50:10.000000000,BEST_BID,"JPM,99844,212"
2019-06-28 12:50:10.000000000,BEST_ASK,"JPM,100143,100"
2019-06-28 12:50:10.000000000,BEST_BID,"JPM,99844,212"
2019-06-28 12:50:10.000000000,BEST_ASK,"JPM,100143,100"
2019-06-28 12:50:10.000000000,BEST_BID,"JPM,99844,212"
2019-06-28 12:50:10.000000000,BEST_ASK,"JPM,100143,212"
2019-06-28 12:50:10.000000000,BEST_BID,"JPM,99844,212"
2019-06-28 12:50:10.000000000,BEST_ASK,"JPM,100143,212"
2019-06-28 12:50:10.000000000,BEST_BID,"JPM,99844,212"
2019-06-28 12:50:10.000000000,BEST_ASK,"JPM,100143,212"
2019-06-28 12:50:20.000000000,QUERY_SPREAD,1
2019-06-28 12:50:20.000000000,BEST_BID,"JPM,99844,166"
2019-06-28 12:50:20.000000000,BEST_ASK,"JPM,100143,100"
2019-06-28 12:50:20.000000000,BEST_BID,"JPM,99844,166"
2019-06-28 12:50:20.000000000,BEST_ASK,"JPM,100143,100"
2019-06-28 12:50:20.000000000,BEST_BID,"JPM,99844,166"
2019-06-28 12:50:20.000000000,BEST_ASK,"JPM,100143,100"
2019-06-28 12:50:20.000000000,BEST_BID,"JPM,99844,166"
2019-06-28 12:50:20.000000000,BEST_ASK,"JPM,100143,100"
2019-06-28 12:50:20.000000000,BEST_BID,"JPM,99844,166"
2019-06-28 12:50:20.000000000,BEST_ASK,"JPM,100143,100"
2019-06-28 12:50:20.000000000,BEST_BID,"JPM,99844,166"
2019-06-28 12:50:20.000000000,BEST_ASK,"JPM,100143,166"
2019-06-28 12:50:20.000000000,BEST_BID,"JPM,99844,166"
2019-06-28 12:50:20.000000000,BEST_ASK,"JPM,100143,166"
2019-06-28 12:50:20.000000000,BEST_BID,"JPM,99844,166"
2019-06-28 12:50:20.000000000,BEST_ASK,"JPM,100143,166"
2019-06-28 12:50:20.000000000,BEST_BID,"JPM,99844,166"
2019-06-28 12:50:20.000000000,BEST_ASK,"JPM,100143,166"
2019-06-28 12:50:20.000000000,BEST_BID,"JPM,99844,166"
2019-06-28 12:50:20.000000000,BEST_ASK,"JPM,100143,166"
2019-06-28 12:50:28.885287027,QUERY_SPREAD,29
2019-06-28 12:50:28.885287027,BEST_BID,"JPM,99844,166"
2019-06-28 12:50:28.885287027,BEST_ASK,"JPM,100143,166"
2019-06-28 12:50:29.995630669,QUERY_ORDER_STREAM,64
2019-06-28 12:50:29.995630669,QUERY_SPREAD,64
2019-06-28 12:50:30.000000000,QUERY_SPREAD,1
2019-06-28 12:50:30.000000000,BEST_BID,"JPM,99844,182"
2019-06-28 12:50:30.000000000,BEST_ASK,"JPM,100143,100"
2019-06-28 12:50:30.000000000,BEST_BID,"JPM,99844,182"
2019-06-28 12:50:30.000000000,BEST_ASK,"JPM,100143,100"
2019-06-28 12:50:30.000000000,BEST_BID,"JPM,99844,182"
2019-06-28 12:50:30.000000000,BEST_ASK,"JPM,100143,100"
2019-06-28 12:50:30.000000000,BEST_BID,"JPM,99844,182"
2019-06-28 12:50:30.000000000,BEST_ASK,"JPM,100143,100"
2019-06-28 12:50:30.000000000,BEST_BID,"JPM,99844,182"
2019-06-28 12:50:30.000000000,BEST_ASK,"JPM,100143,182"
2019-06-28 12:50:30.000000000,BEST_BID,"JPM,99844,182"
2019-06-28 12:50:30.000000000,BEST_ASK,"JPM,100143,182"
2019-06-28 12:50:30.000000000,BEST_BID,"JPM,99844,182"
2019-06-28 12:50:30.000000000,BEST_ASK,"JPM,100143,182"
2019-06-28 12:50:30.000000000,BEST_BID,"JPM,99844,182"
2019-06-28 12:50:30.000000000,BEST_ASK,"JPM,100143,182"
2019-06-28 12:50:40.000000000,QUERY_SPREAD,1
2019-06-28 12:50:40.000000000,BEST_BID,"JPM,99844,212"
2019-06-28 12:50:40.000000000,BEST_ASK,"JPM,100143,100"
2019-06-28 12:50:40.000000000,BEST_BID,"JPM,99844,212"
2019-06-28 12:50:40.000000000,BEST_ASK,"JPM,100143,100"
2019-06-28 12:50:40.000000000,BEST_BID,"JPM,99844,212"
2019-06-28 12:50:40.000000000,BEST_ASK,"JPM,100143,100"
2019-06-28 12:50:40.000000000,BEST_BID,"JPM,99844,212"
2019-06-28 12:50:40.000000000,BEST_ASK,"JPM,100143,212"
2019-06-28 12:50:40.000000000,BEST_BID,"JPM,99844,212"
2019-06-28 12:50:40.000000000,BEST_ASK,"JPM,100143,212"
2019-06-28 12:50:40.000000000,BEST_BID,"JPM,99844,212"
2019-06-28 12:50:40.000000000,BEST_ASK,"JPM,100143,212"
2019-06-28 12:50:49.142975316,QUERY_ORDER_STREAM,71
2019-06-28 12:50:49.142975316,QUERY_SPREAD,71
2019-06-28 12:50:50.000000000,QUERY_SPREAD,1
2019-06-28 12:50:50.000000000,BEST_BID,"JPM,99844,212"
2019-06-28 12:50:50.000000000,BEST_ASK,"JPM,100143,100"
2019-06-28 12:50:50.000000000,BEST_BID,"JPM,99844,212"
2019-06-28 12:50:50.000000000,BEST_ASK,"JPM,100143,100"
2019-06-28 12:50:50.000000000,BEST_BID,"JPM,99844,212"
2019-06-28 12:50:50.000000000,BEST_ASK,"JPM,100143,100"
2019-06-28 12:50:50.000000000,BEST_BID,"JPM,99844,212"
2019-06-28 12:50:50.000000000,BEST_ASK,"JPM,100143,212"
2019-06-28 12:50:50.000000000,BEST_BID,"JPM,99844,212"
2019-06-28 12:50:50.000000000,BEST_ASK,"JPM,100143,212"
2019-06-28 12:50:50.000000000,BEST_BID,"JPM,99844,212"
2019-06-28 12:50:50.000000000,BEST_ASK,"JPM,100143,212"
2019-06-28 12:51:00.000000000,QUERY_SPREAD,1
2019-06-28 12:51:00.000000000,BEST_BID,"JPM,99844,166"
2019-06-28 12:51:00.000000000,BEST_ASK,"JPM,100143,100"
2019-06-28 12:51:00.000000000,BEST_BID,"JPM,99844,166"
2019-06-28 12:51:00.000000000,BEST_ASK,"JPM,100143,100"
2019-06-28 12:51:00.000000000,BEST_BID,"JPM,99844,166"
2019-06-28 12:51:00.000000000,BEST_ASK,"JPM,100143,100"
2019-06-28 12:51:00.000000000,BEST_BID,"JPM,99844,166"
2019-06-28 12:51:00.000000000,BEST_ASK,"JPM,100143,100"
2019-06-28 12:51:00.000000000,BEST_BID,"JPM,99844,166"
2019-06-28 12:51:00.000000000,BEST_ASK,"JPM,100143,100"
2019-06-28 12:51:00.000000000,BEST_BID,"JPM,99844,166"
2019-06-28 12:51:00.000000000,BEST_ASK,"JPM,100143,166"
2019-06-28 12:51:00.000000000,BEST_BID,"JPM,99844,166"
2019-06-28 12:51:00.000000000,BEST_ASK,"JPM,100143,166"
2019-06-28 12:51:00.000000000,BEST_BID,"JPM,99844,166"
2019-06-28 12:51:00.000000000,BEST_ASK,"JPM,100143,166"
2019-06-28 12:51:00.000000000,BEST_BID,"JPM,99844,166"
2019-06-28 12:51:00.000000000,BEST_ASK,"JPM,100143,166"
2019-06-28 12:51:00.000000000,BEST_BID,"JPM,99844,166"
2019-06-28 12:51:00.000000000,BEST_ASK,"JPM,100143,166"
2019-06-28 12:51:00.000000000,QUERY_SPREAD,77
2019-06-28 12:51:00.000000000,BEST_BID,"JPM,99844,166"
2019-06-28 12:51:00.000000000,BEST_ASK,"JPM,100143,162"
2019-06-28 12:51:00.000000000,LAST_TRADE,"4,$100143.0000"
2019-06-28 12:51:00.000000000,QUERY_SPREAD,78
2019-06-28 12:51:00.000000000,BEST_BID,"JPM,99844,166"
2019-06-28 12:51:00.000000000,BEST_ASK,"JPM,100143,154"
2019-06-28 12:51:00.000000000,LAST_TRADE,"8,$100143.0000"
2019-06-28 12:51:00.000000000,QUERY_SPREAD,79
2019-06-28 12:51:00.000000000,BEST_BID,"JPM,99844,166"
2019-06-28 12:51:00.000000000,BEST_ASK,"JPM,100143,153"
2019-06-28 12:51:00.000000000,LAST_TRADE,"1,$100143.0000"
2019-06-28 12:51:00.000000000,QUERY_SPREAD,80
2019-06-28 12:51:00.000000000,BEST_BID,"JPM,99844,166"
2019-06-28 12:51:00.000000000,BEST_ASK,"JPM,100143,148"
2019-06-28 12:51:00.000000000,LAST_TRADE,"5,$100143.0000"
2019-06-28 12:51:00.000000000,QUERY_SPREAD,81
2019-06-28 12:51:00.000000000,BEST_BID,"JPM,99844,166"
2019-06-28 12:51:00.000000000,BEST_ASK,"JPM,100143,143"
2019-06-28 12:51:00.000000000,LAST_TRADE,"5,$100143.0000"
2019-06-28 12:51:00.000000000,QUERY_SPREAD,82
2019-06-28 12:51:00.000000000,BEST_BID,"JPM,99844,166"
2019-06-28 12:51:00.000000000,BEST_ASK,"JPM,100143,137"
2019-06-28 12:51:00.000000000,LAST_TRADE,"6,$100143.0000"
2019-06-28 12:51:00.000000000,QUERY_SPREAD,83
2019-06-28 12:51:00.000000000,BEST_BID,"JPM,99844,166"
2019-06-28 12:51:00.000000000,BEST_ASK,"JPM,100143,133"
2019-06-28 12:51:00.000000000,LAST_TRADE,"4,$100143.0000"
2019-06-28 12:51:00.000000000,QUERY_SPREAD,84
2019-06-28 12:51:00.000000000,BEST_BID,"JPM,99844,166"
2019-06-28 12:51:00.000000000,BEST_ASK,"JPM,100143,128"
2019-06-28 12:51:00.000000000,LAST_TRADE,"5,$100143.0000"
2019-06-28 12:51:00.000000000,QUERY_SPREAD,85
2019-06-28 12:51:00.000000000,BEST_BID,"JPM,99844,166"
2019-06-28 12:51:00.000000000,BEST_ASK,"JPM,100143,123"
2019-06-28 12:51:00.000000000,LAST_TRADE,"5,$100143.0000"
2019-06-28 12:51:00.000000000,QUERY_SPREAD,86
2019-06-28 12:51:00.000000000,BEST_BID,"JPM,99844,166"
2019-06-28 12:51:00.000000000,BEST_ASK,"JPM,100143,114"
2019-06-28 12:51:00.000000000,LAST_TRADE,"9,$100143.0000"
2019-06-28 12:51:00.000000000,QUERY_SPREAD,87
2019-06-28 12:51:00.000000000,BEST_BID,"JPM,99844,166"
2019-06-28 12:51:00.000000000,BEST_ASK,"JPM,100143,112"
2019-06-28 12:51:00.000000000,LAST_TRADE,"2,$100143.0000"
2019-06-28 12:51:00.000000000,QUERY_SPREAD,88
2019-06-28 12:51:00.000000000,BEST_BID,"JPM,99844,166"
2019-06-28 12:51:00.000000000,BEST_ASK,"JPM,100143,104"
2019-06-28 12:51:00.000000000,LAST_TRADE,"8,$100143.0000"
2019-06-28 12:51:00.000000000,QUERY_SPREAD,89
2019-06-28 12:51:00.000000000,BEST_BID,"JPM,99844,166"
2019-06-28 12:51:00.000000000,BEST_ASK,"JPM,100143,97"
2019-06-28 12:51:00.000000000,LAST_TRADE,"7,$100143.0000"
2019-06-28 12:51:00.000000000,QUERY_SPREAD,90
2019-06-28 12:51:00.000000000,BEST_BID,"JPM,99844,166"
2019-06-28 12:51:00.000000000,BEST_ASK,"JPM,100143,91"
2019-06-28 12:51:00.000000000,LAST_TRADE,"6,$100143.0000"
2019-06-28 12:51:00.000000000,QUERY_SPREAD,91
2019-06-28 12:51:00.000000000,BEST_BID,"JPM,99844,166"
2019-06-28 12:51:00.000000000,BEST_ASK,"JPM,100143,86"
2019-06-28 12:51:00.000000000,LAST_TRADE,"5,$100143.0000"
2019-06-28 12:51:00.000000000,QUERY_SPREAD,92
2019-06-28 12:51:00.000000000,BEST_BID,"JPM,99844,166"
2019-06-28 12:51:00.000000000,BEST_ASK,"JPM,100143,85"
2019-06-28 12:51:00.000000000,LAST_TRADE,"1,$100143.0000"
2019-06-28 12:51:00.000000000,QUERY_SPREAD,93
2019-06-28 12:51:00.000000000,BEST_BID,"JPM,99844,166"
2019-06-28 12:51:00.000000000,BEST_ASK,"JPM,100143,83"
2019-06-28 12:51:00.000000000,LAST_TRADE,"2,$100143.0000"
2019-06-28 12:51:00.000000000,QUERY_SPREAD,94
2019-06-28 12:51:00.000000000,BEST_BID,"JPM,99844,166"
2019-06-28 12:51:00.000000000,BEST_ASK,"JPM,100143,81"
2019-06-28 12:51:00.000000000,LAST_TRADE,"2,$100143.0000"
2019-06-28 12:51:00.000000000,QUERY_SPREAD,95
2019-06-28 12:51:00.000000000,BEST_BID,"JPM,99844,166"
2019-06-28 12:51:00.000000000,BEST_ASK,"JPM,100143,74"
2019-06-28 12:51:00.000000000,LAST_TRADE,"7,$100143.0000"
2019-06-28 12:51:00.000000000,QUERY_SPREAD,96
2019-06-28 12:51:00.000000000,BEST_BID,"JPM,99844,166"
2019-06-28 12:51:00.000000000,BEST_ASK,"JPM,100143,67"
2019-06-28 12:51:00.000000000,LAST_TRADE,"7,$100143.0000"
2019-06-28 12:51:00.000000000,QUERY_SPREAD,97
2019-06-28 12:51:00.000000000,BEST_BID,"JPM,99844,166"
2019-06-28 12:51:00.000000000,BEST_ASK,"JPM,100143,61"
2019-06-28 12:51:00.000000000,LAST_TRADE,"6,$100143.0000"
2019-06-28 12:51:00.000000000,QUERY_SPREAD,98
2019-06-28 12:51:00.000000000,BEST_BID,"JPM,99844,166"
2019-06-28 12:51:00.000000000,BEST_ASK,"JPM,100143,57"
2019-06-28 12:51:00.000000000,LAST_TRADE,"4,$100143.0000"
2019-06-28 12:51:00.000000000,QUERY_SPREAD,99
2019-06-28 12:51:00.000000000,BEST_BID,"JPM,99844,166"
2019-06-28 12:51:00.000000000,BEST_ASK,"JPM,100143,55"
2019-06-28 12:51:00.000000000,LAST_TRADE,"2,$100143.0000"
2019-06-28 12:51:00.000000000,QUERY_SPREAD,100
2019-06-28 12:51:00.000000000,BEST_BID,"JPM,99844,166"
2019-06-28 12:51:00.000000000,BEST_ASK,"JPM,100143,49"
2019-06-28 12:51:00.000000000,LAST_TRADE,"6,$100143.0000"
2019-06-28 12:51:00.000000000,QUERY_SPREAD,101
2019-06-28 12:51:00.000000000,QUERY_ORDER_STREAM,101
2019-06-28 12:51:10.000000000,QUERY_SPREAD,1
2019-06-28 12:51:10.000000000,BEST_BID,"JPM,99844,212"
2019-06-28 12:51:10.000000000,BEST_ASK,"JPM,100250,100"
2019-06-28 12:51:10.000000000,BEST_BID,"JPM,99844,212"
2019-06-28 12:51:10.000000000,BEST_ASK,"JPM,100250,100"
2019-06-28 12:51:10.000000000,BEST_BID,"JPM,99844,212"
2019-06-28 12:51:10.000000000,BEST_ASK,"JPM,100250,100"
2019-06-28 12:51:10.000000000,BEST_BID,"JPM,99844,212"
2019-06-28 12:51:10.000000000,BEST_ASK,"JPM,100250,212"
2019-06-28 12:51:10.000000000,BEST_BID,"JPM,99844,212"
2019-06-28 12:51:10.000000000,BEST_ASK,"JPM,100250,212"
2019-06-28 12:51:10.000000000,BEST_BID,"JPM,99844,212"
2019-06-28 12:51:10.000000000,BEST_ASK,"JPM,100250,212"
2019-06-28 12:51:12.254597113,QUERY_SPREAD,4
2019-06-28 12:51:12.254597113,BEST_BID,"JPM,100064,100"
2019-06-28 12:51:12.254597113,BEST_ASK,"JPM,100250,212"
2019-06-28 12:51:12.280433875,QUERY_SPREAD,19
2019-06-28 12:51:12.280433875,BEST_BID,"JPM,100064,100"
2019-06-28 12:51:12.280433875,BEST_ASK,"JPM,100250,212"
2019-06-28 12:51:14.838838298,QUERY_SPREAD,36
2019-06-28 12:51:14.838838298,BEST_BID,"JPM,100064,100"
2019-06-28 12:51:14.838838298,BEST_ASK,"JPM,100250,112"
2019-06-28 12:51:14.838838298,LAST_TRADE,"100,$100250.0000"
2019-06-28 12:51:16.296553023,QUERY_ORDER_STREAM,65
2019-06-28 12:51:16.296553023,QUERY_SPREAD,65
2019-06-28 12:51:16.296553023,BEST_BID,"JPM,100143,100"
2019-06-28 12:51:16.296553023,BEST_ASK,"JPM,100250,112"
2019-06-28 12:51:20.000000000,QUERY_SPREAD,1
2019-06-28 12:51:20.000000000,BEST_BID,"JPM,100143,166"
2019-06-28 12:51:20.000000000,BEST_ASK,"JPM,100284,100"
2019-06-28 12:51:20.000000000,BEST_BID,"JPM,100143,166"
2019-06-28 12:51:20.000000000,BEST_ASK,"JPM,100284,100"
2019-06-28 12:51:20.000000000,BEST_BID,"JPM,100143,166"
2019-06-28 12:51:20.000000000,BEST_ASK,"JPM,100284,100"
2019-06-28 12:51:20.000000000,BEST_BID,"JPM,100143,166"
2019-06-28 12:51:20.000000000,BEST_ASK,"JPM,100284,100"
2019-06-28 12:51:20.000000000,BEST_BID,"JPM,100143,166"
2019-06-28 12:51:20.000000000,BEST_ASK,"JPM,100284,100"
2019-06-28 12:51:20.000000000,BEST_BID,"JPM,100143,166"
2019-06-28 12:51:20.000000000,BEST_ASK,"JPM,100284,166"
2019-06-28 12:51:20.000000000,BEST_BID,"JPM,100143,166"
2019-06-28 12:51:20.000000000,BEST_ASK,"JPM,100284,166"
2019-06-28 12:51:20.000000000,BEST_BID,"JPM,100143,166"
2019-06-28 12:51:20.000000000,BEST_ASK,"JPM,100284,166"
2019-06-28 12:51:20.000000000,BEST_BID,"JPM,100143,166"
2019-06-28 12:51:20.000000000,BEST_ASK,"JPM,100284,166"
2019-06-28 12:51:20.000000000,BEST_BID,"JPM,100143,166"
2019-06-28 12:51:20.000000000,BEST_ASK,"JPM,100284,166"
2019-06-28 12:51:23.788156909,QUERY_SPREAD,18
2019-06-28 12:51:23.788156909,BEST_BID,"JPM,100143,166"
2019-06-28 12:51:23.788156909,BEST_ASK,"JPM,100284,166"
2019-06-28 12:51:30.000000000,QUERY_SPREAD,1
2019-06-28 12:51:30.000000000,BEST_BID,"JPM,100143,428"
2019-06-28 12:51:30.000000000,BEST_ASK,"JPM,100284,100"
2019-06-28 12:51:30.000000000,BEST_BID,"JPM,100143,428"
2019-06-28 12:51:30.000000000,BEST_ASK,"JPM,100284,428"
2019-06-28 12:51:40.000000000,QUERY_SPREAD,1
2019-06-28 12:51:40.000000000,BEST_BID,"JPM,100143,212"
2019-06-28 12:51:40.000000000,BEST_ASK,"JPM,100284,100"
2019-06-28 12:51:40.000000000,BEST_BID,"JPM,100143,212"
2019-06-28 12:51:40.000000000,BEST_ASK,"JPM,100284,100"
2019-06-28 12:51:40.000000000,BEST_BID,"JPM,100143,212"
2019-06-28 12:51:40.000000000,BEST_ASK,"JPM,100284,100"
2019-06-28 12:51:40.000000000,BEST_BID,"JPM,100143,212"
2019-06-28 12:51:40.000000000,BEST_ASK,"JPM,100284,212"
2019-06-28 12:51:40.000000000,BEST_BID,"JPM,100143,212"
2019-06-28 12:51:40.000000000,BEST_ASK,"JPM,100284,212"
2019-06-28 12:51:40.000000000,BEST_BID,"JPM,100143,212"
2019-06-28 12:51:40.000000000,BEST_ASK,"JPM,100284,212"
2019-06-28 12:51:49.754979626,QUERY_SPREAD,4
2019-06-28 12:51:49.754979626,BEST_BID,"JPM,100143,212"
2019-06-28 12:51:49.754979626,BEST_ASK,"JPM,100179,100"
2019-06-28 12:51:50.000000000,QUERY_SPREAD,1
2019-06-28 12:51:50.000000000,BEST_BID,"JPM,100143,264"
2019-06-28 12:51:50.000000000,BEST_ASK,"JPM,100179,100"
2019-06-28 12:51:50.000000000,BEST_BID,"JPM,100143,264"
2019-06-28 12:51:50.000000000,BEST_ASK,"JPM,100179,100"
2019-06-28 12:51:50.000000000,BEST_BID,"JPM,100143,264"
2019-06-28 12:51:50.000000000,BEST_ASK,"JPM,100179,264"
2019-06-28 12:51:50.000000000,BEST_BID,"JPM,100143,264"
2019-06-28 12:51:50.000000000,BEST_ASK,"JPM,100179,264"
2019-06-28 12:52:00.000000000,QUERY_SPREAD,1
2019-06-28 12:52:00.000000000,BEST_BID,"JPM,100143,166"
2019-06-28 12:52:00.000000000,BEST_ASK,"JPM,100179,100"
2019-06-28 12:52:00.000000000,BEST_BID,"JPM,100143,166"
2019-06-28 12:52:00.000000000,BEST_ASK,"JPM,100179,100"
2019-06-28 12:52:00.000000000,BEST_BID,"JPM,100143,166"
2019-06-28 12:52:00.000000000,BEST_ASK,"JPM,100179,100"
2019-06-28 12:52:00.000000000,BEST_BID,"JPM,100143,166"
2019-06-28 12:52:00.000000000,BEST_ASK,"JPM,100179,100"
2019-06-28 12:52:00.000000000,BEST_BID,"JPM,100143,166"
2019-06-28 12:52:00.000000000,BEST_ASK,"JPM,100179,100"
2019-06-28 12:52:00.000000000,BEST_BID,"JPM,100143,166"
2019-06-28 12:52:00.000000000,BEST_ASK,"JPM,100179,166"
2019-06-28 12:52:00.000000000,BEST_BID,"JPM,100143,166"
2019-06-28 12:52:00.000000000,BEST_ASK,"JPM,100179,166"
2019-06-28 12:52:00.000000000,BEST_BID,"JPM,100143,166"
2019-06-28 12:52:00.000000000,BEST_ASK,"JPM,100179,166"
2019-06-28 12:52:00.000000000,BEST_BID,"JPM,100143,166"
2019-06-28 12:52:00.000000000,BEST_ASK,"JPM,100179,166"
2019-06-28 12:52:00.000000000,BEST_BID,"JPM,100143,166"
2019-06-28 12:52:00.000000000,BEST_ASK,"JPM,100179,166"
2019-06-28 12:52:00.000000000,QUERY_SPREAD,77
2019-06-28 12:52:00.000000000,BEST_BID,"JPM,100143,166"
2019-06-28 12:52:00.000000000,BEST_ASK,"JPM,100179,162"
2019-06-28 12:52:00.000000000,LAST_TRADE,"4,$100179.0000"
2019-06-28 12:52:00.000000000,QUERY_SPREAD,78
2019-06-28 12:52:00.000000000,BEST_BID,"JPM,100143,166"
2019-06-28 12:52:00.000000000,BEST_ASK,"JPM,100179,154"
2019-06-28 12:52:00.000000000,LAST_TRADE,"8,$100179.0000"
2019-06-28 12:52:00.000000000,QUERY_SPREAD,79
2019-06-28 12:52:00.000000000,BEST_BID,"JPM,100143,166"
2019-06-28 12:52:00.000000000,BEST_ASK,"JPM,100179,153"
2019-06-28 12:52:00.000000000,LAST_TRADE,"1,$100179.0000"
2019-06-28 12:52:00.000000000,QUERY_SPREAD,80
2019-06-28 12:52:00.000000000,BEST_BID,"JPM,100143,166"
2019-06-28 12:52:00.000000000,BEST_ASK,"JPM,100179,148"
2019-06-28 12:52:00.000000000,LAST_TRADE,"5,$100179.0000"
2019-06-28 12:52:00.000000000,QUERY_SPREAD,81
2019-06-28 12:52:00.000000000,BEST_BID,"JPM,100143,166"
2019-06-28 12:52:00.000000000,BEST_ASK,"JPM,100179,143"
2019-06-28 12:52:00.000000000,LAST_TRADE,"5,$100179.0000"
2019-06-28 12:52:00.000000000,QUERY_SPREAD,82
2019-06-28 12:52:00.000000000,BEST_BID,"JPM,100143,166"
2019-06-28 12:52:00.000000000,BEST_ASK,"JPM,100179,137"
2019-06-28 12:52:00.000000000,LAST_TRADE,"6,$100179.0000"
2019-06-28 12:52:00.000000000,QUERY_SPREAD,83
2019-06-28 12:52:00.000000000,BEST_BID,"JPM,100143,166"
2019-06-28 12:52:00.000000000,BEST_ASK,"JPM,100179,133"
2019-06-28 12:52:00.000000000,LAST_TRADE,"4,$100179.0000"
2019-06-28 12:52:00.000000000,QUERY_SPREAD,84
2019-06-28 12:52:00.000000000,BEST_BID,"JPM,100143,166"
2019-06-28 12:52:00.000000000,BEST_ASK,"JPM,100179,128"
2019-06-28 12:52:00.000000000,LAST_TRADE,"5,$100179.0000"
2019-06-28 12:52:00.000000000,QUERY_SPREAD,85
2019-06-28 12:52:00.000000000,BEST_BID,"JPM,100143,166"
2019-06-28 12:52:00.000000000,BEST_ASK,"JPM,100179,123"
2019-06-28 12:52:00.000000000,LAST_TRADE,"5,$100179.0000"
2019-06-28 12:52:00.000000000,QUERY_SPREAD,86
2019-06-28 12:52:00.000000000,BEST_BID,"JPM,100143,166"
2019-06-28 12:52:00.000000000,BEST_ASK,"JPM,100179,114"
2019-06-28 12:52:00.000000000,LAST_TRADE,"9,$100179.0000"
2019-06-28 12:52:00.000000000,QUERY_SPREAD,87
2019-06-28 12:52:00.000000000,BEST_BID,"JPM,100143,166"
2019-06-28 12:52:00.000000000,BEST_ASK,"JPM,100179,112"
2019-06-28 12:52:00.000000000,LAST_TRADE,"2,$100179.0000"
2019-06-28 12:52:00.000000000,QUERY_SPREAD,88
2019-06-28 12:52:00.000000000,BEST_BID,"JPM,100143,166"
2019-06-28 12:52:00.000000000,BEST_ASK,"JPM,100179,104"
2019-06-28 12:52:00.000000000,LAST_TRADE,"8,$100179.0000"
2019-06-28 12:52:00.000000000,QUERY_SPREAD,89
2019-06-28 12:52:00.000000000,BEST_BID,"JPM,100143,166"
2019-06-28 12:52:00.000000000,BEST_ASK,"JPM,100179,97"
2019-06-28 12:52:00.000000000,LAST_TRADE,"7,$100179.0000"
2019-06-28 12:52:00.000000000,QUERY_SPREAD,90
2019-06-28 12:52:00.000000000,BEST_BID,"JPM,100143,166"
2019-06-28 12:52:00.000000000,BEST_ASK,"JPM,100179,91"
2019-06-28 12:52:00.000000000,LAST_TRADE,"6,$100179.0000"
2019-06-28 12:52:00.000000000,QUERY_SPREAD,91
2019-06-28 12:52:00.000000000,BEST_BID,"JPM,100143,166"
2019-06-28 12:52:00.000000000,BEST_ASK,"JPM,100179,86"
2019-06-28 12:52:00.000000000,LAST_TRADE,"5,$100179.0000"
2019-06-28 12:52:00.000000000,QUERY_SPREAD,92
2019-06-28 12:52:00.000000000,BEST_BID,"JPM,100143,166"
2019-06-28 12:52:00.000000000,BEST_ASK,"JPM,100179,85"
2019-06-28 12:52:00.000000000,LAST_TRADE,"1,$100179.0000"
2019-06-28 12:52:00.000000000,QUERY_SPREAD,93
2019-06-28 12:52:00.000000000,BEST_BID,"JPM,100143,166"
2019-06-28 12:52:00.000000000,BEST_ASK,"JPM,100179,83"
2019-06-28 12:52:00.000000000,LAST_TRADE,"2,$100179.0000"
2019-06-28 12:52:00.000000000,QUERY_SPREAD,94
2019-06-28 12:52:00.000000000,BEST_BID,"JPM,100143,166"
2019-06-28 12:52:00.000000000,BEST_ASK,"JPM,100179,81"
2019-06-28 12:52:00.000000000,LAST_TRADE,"2,$100179.0000"
2019-06-28 12:52:00.000000000,QUERY_SPREAD,95
2019-06-28 12:52:00.000000000,BEST_BID,"JPM,100143,166"
2019-06-28 12:52:00.000000000,BEST_ASK,"JPM,100179,74"
2019-06-28 12:52:00.000000000,LAST_TRADE,"7,$100179.0000"
2019-06-28 12:52:00.000000000,QUERY_SPREAD,96
2019-06-28 12:52:00.000000000,BEST_BID,"JPM,100143,166"
2019-06-28 12:52:00.000000000,BEST_ASK,"JPM,100179,67"
2019-06-28 12:52:00.000000000,LAST_TRADE,"7,$100179.0000"
2019-06-28 12:52:00.000000000,QUERY_SPREAD,97
2019-06-28 12:52:00.000000000,BEST_BID,"JPM,100143,166"
2019-06-28 12:52:00.000000000,BEST_ASK,"JPM,100179,61"
2019-06-28 12:52:00.000000000,LAST_TRADE,"6,$100179.0000"
2019-06-28 12:52:00.000000000,QUERY_SPREAD,98
2019-06-28 12:52:00.000000000,BEST_BID,"JPM,100143,166"
2019-06-28 12:52:00.000000000,BEST_ASK,"JPM,100179,57"
2019-06-28 12:52:00.000000000,LAST_TRADE,"4,$100179.0000"
2019-06-28 12:52:00.000000000,QUERY_SPREAD,99
2019-06-28 12:52:00.000000000,BEST_BID,"JPM,100143,166"
2019-06-28 12:52:00.000000000,BEST_ASK,"JPM,100179,55"
2019-06-28 12:52:00.000000000,LAST_TRADE,"2,$100179.0000"
2019-06-28 12:52:00.000000000,QUERY_SPREAD,100
2019-06-28 12:52:00.000000000,BEST_BID,"JPM,100143,166"
2019-06-28 12:52:00.000000000,BEST_ASK,"JPM,100179,49"
2019-06-28 12:52:00.000000000,LAST_TRADE,"6,$100179.0000"
2019-06-28 12:52:00.000000000,QUERY_SPREAD,101
2019-06-28 12:52:00.000000000,QUERY_ORDER_STREAM,101
2019-06-28 12:52:10.000000000,QUERY_SPREAD,1
2019-06-28 12:52:10.000000000,BEST_BID,"JPM,100143,166"
2019-06-28 12:52:10.000000000,BEST_ASK,"JPM,100284,100"
2019-06-28 12:52:10.000000000,BEST_BID,"JPM,100143,166"
2019-06-28 12:52:10.000000000,BEST_ASK,"JPM,100284,100"
2019-06-28 12:52:10.000000000,BEST_BID,"JPM,100143,166"
2019-06-28 12:52:10.000000000,BEST_ASK,"JPM,100284,100"
2019-06-28 12:52:10.000000000,BEST_BID,"JPM,100143,166"
2019-06-28 12:52:10.000000000,BEST_ASK,"JPM,100284,100"
2019-06-28 12:52:10.000000000,BEST_BID,"JPM,100143,166"
2019-06-28 12:52:10.000000000,BEST_ASK,"JPM,100284,100"
2019-06-28 12:52:10.000000000,BEST_BID,"JPM,100143,166"
2019-06-28 12:52:10.000000000,BEST_ASK,"JPM,100284,166"
2019-06-28 12:52:10.000000000,BEST_BID,"JPM,100143,166"
2019-06-28 12:52:10.000000000,BEST_ASK,"JPM,100284,166"
2019-06-28 12:52:10.000000000,BEST_BID,"JPM,100143,166"
2019-06-28 12:52:10.000000000,BEST_ASK,"JPM,100284,166"
2019-06-28 12:52:10.000000000,BEST_BID,"JPM,100143,166"
2019-06-28 12:52:10.000000000,BEST_ASK,"JPM,100284,166"
2019-06-28 12:52:10.000000000,BEST_BID,"JPM,100143,166"
2019-06-28 12:52:10.000000000,BEST_ASK,"JPM,100284,166"
2019-06-28 12:52:15.478690613,QUERY_SPREAD,40
2019-06-28 12:52:15.478690613,BEST_BID,"JPM,100223,100"
2019-06-28 12:52:15.478690613,BEST_ASK,"JPM,100284,166"
2019-06-28 12:52:15.650439660,QUERY_SPREAD,28
2019-06-28 12:52:15.650439660,BEST_BID,"JPM,100223,100"
2019-06-28 12:52:15.650439660,BEST_ASK,"JPM,100284,66"
2019-06-28 12:52:15.650439660,LAST_TRADE,"100,$100284.0000"
2019-06-28 12:52:20.000000000,QUERY_SPREAD,1
2019-06-28 12:52:20.000000000,BEST_BID,"JPM,100223,264"
2019-06-28 12:52:20.000000000,BEST_ASK,"JPM,100289,100"
2019-06-28 12:52:20.000000000,BEST_BID,"JPM,100223,264"
2019-06-28 12:52:20.000000000,BEST_ASK,"JPM,100289,100"
2019-06-28 12:52:20.000000000,BEST_BID,"JPM,100223,264"
2019-06-28 12:52:20.000000000,BEST_ASK,"JPM,100289,264"
2019-06-28 12:52:20.000000000,BEST_BID,"JPM,100223,264"
2019-06-28 12:52:20.000000000,BEST_ASK,"JPM,100289,264"
2019-06-28 12:52:30.000000000,QUERY_SPREAD,1
2019-06-28 12:52:30.000000000,BEST_BID,"JPM,100223,264"
2019-06-28 12:52:30.000000000,BEST_ASK,"JPM,100289,100"
2019-06-28 12:52:30.000000000,BEST_BID,"JPM,100223,264"
2019-06-28 12:52:30.000000000,BEST_ASK,"JPM,100289,100"
2019-06-28 12:52:30.000000000,BEST_BID,"JPM,100223,264"
2019-06-28 12:52:30.000000000,BEST_ASK,"JPM,100289,264"
2019-06-28 12:52:30.000000000,BEST_BID,"JPM,100223,264"
2019-06-28 12:52:30.000000000,BEST_ASK,"JPM,100289,264"
2019-06-28 12:52:40.000000000,QUERY_SPREAD,1
2019-06-28 12:52:40.000000000,BEST_BID,"JPM,100223,428"
2019-06-28 12:52:40.000000000,BEST_ASK,"JPM,100289,100"
2019-06-28 12:52:40.000000000,BEST_BID,"JPM,100223,428"
2019-06-28 12:52:40.000000000,BEST_ASK,"JPM,100289,428"
2019-06-28 12:52:50.000000000,QUERY_SPREAD,1
2019-06-28 12:52:50.000000000,BEST_BID,"JPM,100223,182"
2019-06-28 12:52:50.000000000,BEST_ASK,"JPM,100289,100"
2019-06-28 12:52:50.000000000,BEST_BID,"JPM,100223,182"
2019-06-28 12:52:50.000000000,BEST_ASK,"JPM,100289,100"
2019-06-28 12:52:50.000000000,BEST_BID,"JPM,100223,182"
2019-06-28 12:52:50.000000000,BEST_ASK,"JPM,100289,100"
2019-06-28 12:52:50.000000000,BEST_BID,"JPM,100223,182"
2019-06-28 12:52:50.000000000,BEST_ASK,"JPM,100289,100"
2019-06-28 12:52:50.000000000,BEST_BID,"JPM,100223,182"
2019-06-28 12:52:50.000000000,BEST_ASK,"JPM,100289,182"
2019-06-28 12:52:50.000000000,BEST_BID,"JPM,100223,182"
2019-06-28 12:52:50.000000000,BEST_ASK,"JPM,100289,182"
2019-06-28 12:52:50.000000000,BEST_BID,"JPM,100223,182"
2019-06-28 12:52:50.000000000,BEST_ASK,"JPM,100289,182"
2019-06-28 12:52:50.000000000,BEST_BID,"JPM,100223,182"
2019-06-28 12:52:50.000000000,BEST_ASK,"JPM,100289,182"
2019-06-28 12:53:00.000000000,QUERY_SPREAD,1
2019-06-28 12:53:00.000000000,BEST_BID,"JPM,100223,428"
2019-06-28 12:53:00.000000000,BEST_ASK,"JPM,100289,100"
2019-06-28 12:53:00.000000000,BEST_BID,"JPM,100223,428"
2019-06-28 12:53:00.000000000,BEST_ASK,"JPM,100289,428"
2019-06-28 12:53:00.000000000,QUERY_SPREAD,77
2019-06-28 12:53:00.000000000,BEST_BID,"JPM,100223,428"
2019-06-28 12:53:00.000000000,BEST_ASK,"JPM,100289,424"
2019-06-28 12:53:00.000000000,LAST_TRADE,"4,$100289.0000"
2019-06-28 12:53:00.000000000,QUERY_SPREAD,78
2019-06-28 12:53:00.000000000,BEST_BID,"JPM,100223,428"
2019-06-28 12:53:00.000000000,BEST_ASK,"JPM,100289,416"
2019-06-28 12:53:00.000000000,LAST_TRADE,"8,$100289.0000"
2019-06-28 12:53:00.000000000,QUERY_SPREAD,79
2019-06-28 12:53:00.000000000,BEST_BID,"JPM,100223,428"
2019-06-28 12:53:00.000000000,BEST_ASK,"JPM,100289,415"
2019-06-28 12:53:00.000000000,LAST_TRADE,"1,$100289.0000"
2019-06-28 12:53:00.000000000,QUERY_SPREAD,80
2019-06-28 12:53:00.000000000,BEST_BID,"JPM,100223,428"
2019-06-28 12:53:00.000000000,BEST_ASK,"JPM,100289,410"
2019-06-28 12:53:00.000000000,LAST_TRADE,"5,$100289.0000"
2019-06-28 12:53:00.000000000,QUERY_SPREAD,81
2019-06-28 12:53:00.000000000,BEST_BID,"JPM,100223,428"
2019-06-28 12:53:00.000000000,BEST_ASK,"JPM,100289,405"
2019-06-28 12:53:00.000000000,LAST_TRADE,"5,$100289.0000"
2019-06-28 12:53:00.000000000,QUERY_SPREAD,82
2019-06-28 12:53:00.000000000,BEST_BID,"JPM,100223,428"
2019-06-28 12:53:00.000000000,BEST_ASK,"JPM,100289,399"
2019-06-28 12:53:00.000000000,LAST_TRADE,"6,$100289.0000"
2019-06-28 12:53:00.000000000,QUERY_SPREAD,83
2019-06-28 12:53:00.000000000,BEST_BID,"JPM,100223,428"
2019-06-28 12:53:00.000000000,BEST_ASK,"JPM,100289,395"
2019-06-28 12:53:00.000000000,LAST_TRADE,"4,$100289.0000"
2019-06-28 12:53:00.000000000,QUERY_SPREAD,84
2019-06-28 12:53:00.000000000,BEST_BID,"JPM,100223,428"
2019-06-28 12:53:00.000000000,BEST_ASK,"JPM,100289,390"
2019-06-28 12:53:00.000000000,LAST_TRADE,"5,$100289.0000"
2019-06-28 12:53:00.000000000,QUERY_SPREAD,85
2019-06-28 12:53:00.000000000,BEST_BID,"JPM,100223,428"
2019-06-28 12:53:00.000000000,BEST_ASK,"JPM,100289,385"
2019-06-28 12:53:00.000000000,LAST_TRADE,"5,$100289.0000"
2019-06-28 12:53:00.000000000,QUERY_SPREAD,86
2019-06-28 12:53:00.000000000,BEST_BID,"JPM,100223,428"
2019-06-28 12:53:00.000000000,BEST_ASK,"JPM,100289,376"
2019-06-28 12:53:00.000000000,LAST_TRADE,"9,$100289.0000"
2019-06-28 12:53:00.000000000,QUERY_SPREAD,87
2019-06-28 12:53:00.000000000,BEST_BID,"JPM,100223,428"
2019-06-28 12:53:00.000000000,BEST_ASK,"JPM,100289,374"
2019-06-28 12:53:00.000000000,LAST_TRADE,"2,$100289.0000"
2019-06-28 12:53:00.000000000,QUERY_SPREAD,88
2019-06-28 12:53:00.000000000,BEST_BID,"JPM,100223,428"
2019-06-28 12:53:00.000000000,BEST_ASK,"JPM,100289,366"
2019-06-28 12:53:00.000000000,LAST_TRADE,"8,$100289.0000"
2019-06-28 12:53:00.000000000,QUERY_SPREAD,89
2019-06-28 12:53:00.000000000,BEST_BID,"JPM,100223,428"
2019-06-28 12:53:00.000000000,BEST_ASK,"JPM,100289,359"
2019-06-28 12:53:00.000000000,LAST_TRADE,"7,$100289.0000"
2019-06-28 12:53:00.000000000,QUERY_SPREAD,90
2019-06-28 12:53:00.000000000,BEST_BID,"JPM,100223,428"
2019-06-28 12:53:00.000000000,BEST_ASK,"JPM,100289,353"
2019-06-28 12:53:00.000000000,LAST_TRADE,"6,$100289.0000"
2019-06-28 12:53:00.000000000,QUERY_SPREAD,91
2019-06-28 12:53:00.000000000,BEST_BID,"JPM,100223,428"
2019-06-28 12:53:00.000000000,BEST_ASK,"JPM,100289,348"
2019-06-28 12:53:00.000000000,LAST_TRADE,"5,$100289.0000"
2019-06-28 12:53:00.000000000,QUERY_SPREAD,92
2019-06-28 12:53:00.000000000,BEST_BID,"JPM,100223,428"
2019-06-28 12:53:00.000000000,BEST_ASK,"JPM,100289,347"
2019-06-28 12:53:00.000000000,LAST_TRADE,"1,$100289.0000"
2019-06-28 12:53:00.000000000,QUERY_SPREAD,93
2019-06-28 12:53:00.000000000,BEST_BID,"JPM,100223,428"
2019-06-28 12:53:00.000000000,BEST_ASK,"JPM,100289,345"
2019-06-28 12:53:00.000000000,LAST_TRADE,"2,$100289.0000"
2019-06-28 12:53:00.000000000,QUERY_SPREAD,94
2019-06-28 12:53:00.000000000,BEST_BID,"JPM,100223,428"
2019-06-28 12:53:00.000000000,BEST_ASK,"JPM,100289,343"
2019-06-28 12:53:00.000000000,LAST_TRADE,"2,$100289.0000"
2019-06-28 12:53:00.000000000,QUERY_SPREAD,95
2019-06-28 12:53:00.000000000,BEST_BID,"JPM,100223,428"
2019-06-28 12:53:00.000000000,BEST_ASK,"JPM,100289,336"
2019-06-28 12:53:00.000000000,LAST_TRADE,"7,$100289.0000"
2019-06-28 12:53:00.000000000,QUERY_SPREAD,96
2019-06-28 12:53:00.000000000,BEST_BID,"JPM,100223,428"
2019-06-28 12:53:00.000000000,BEST_ASK,"JPM,100289,329"
2019-06-28 12:53:00.000000000,LAST_TRADE,"7,$100289.0000"
2019-06-28 12:53:00.000000000,QUERY_SPREAD,97
2019-06-28 12:53:00.000000000,BEST_BID,"JPM,100223,428"
2019-06-28 12:53:00.000000000,BEST_ASK,"JPM,100289,323"
2019-06-28 12:53:00.000000000,LAST_TRADE,"6,$100289.0000"
2019-06-28 12:53:00.000000000,QUERY_SPREAD,98
2019-06-28 12:53:00.000000000,BEST_BID,"JPM,100223,428"
2019-06-28 12:53:00.000000000,BEST_ASK,"JPM,100289,319"
2019-06-28 12:53:00.000000000,LAST_TRADE,"4,$100289.0000"
2019-06-28 12:53:00.000000000,QUERY_SPREAD,99
2019-06-28 12:53:00.000000000,BEST_BID,"JPM,100223,428"
2019-06-28 12:53:00.000000000,BEST_ASK,"JPM,100289,317"
2019-06-28 12:53:00.000000000,LAST_TRADE,"2,$100289.0000"
2019-06-28 12:53:00.000000000,QUERY_SPREAD,100
2019-06-28 12:53:00.000000000,BEST_BID,"JPM,100223,428"
2019-06-28 12:53:00.000000000,BEST_ASK,"JPM,100289,311"
2019-06-28 12:53:00.000000000,LAST_TRADE,"6,$100289.0000"
2019-06-28 12:53:00.000000000,QUERY_SPREAD,101
2019-06-28 12:53:00.000000000,QUERY_ORDER_STREAM,101
2019-06-28 12:53:00.000000000,BEST_BID,"JPM,100223,428"
2019-06-28 12:53:00.000000000,BEST_ASK,"JPM,100289,319"
2019-06-28 12:53:10.000000000,QUERY_SPREAD,1
2019-06-28 12:53:10.000000000,BEST_BID,"JPM,100223,212"
2019-06-28 12:53:10.000000000,BEST_ASK,"JPM,100289,8"
2019-06-28 12:53:10.000000000,BEST_BID,"JPM,100223,212"
2019-06-28 12:53:10.000000000,BEST_ASK,"JPM,100289,8"
2019-06-28 12:53:10.000000000,BEST_BID,"JPM,100223,212"
2019-06-28 12:53:10.000000000,BEST_ASK,"JPM,100289,8"
2019-06-28 12:53:10.000000000,BEST_BID,"JPM,100223,212"
2019-06-28 12:53:10.000000000,BEST_ASK,"JPM,100289,120"
2019-06-28 12:53:10.000000000,BEST_BID,"JPM,100223,212"
2019-06-28 12:53:10.000000000,BEST_ASK,"JPM,100289,120"
2019-06-28 12:53:10.000000000,BEST_BID,"JPM,100223,212"
2019-06-28 12:53:10.000000000,BEST_ASK,"JPM,100289,120"
2019-06-28 12:53:12.990738784,QUERY_SPREAD,44
2019-06-28 12:53:12.990738784,BEST_BID,"JPM,100223,112"
2019-06-28 12:53:12.990738784,BEST_ASK,"JPM,100289,120"
2019-06-28 12:53:12.990738784,LAST_TRADE,"100,$100223.0000"
2019-06-28 12:53:20.000000000,QUERY_SPREAD,1
2019-06-28 12:53:20.000000000,BEST_BID,"JPM,100143,212"
2019-06-28 12:53:20.000000000,BEST_ASK,"JPM,100289,8"
2019-06-28 12:53:20.000000000,BEST_BID,"JPM,100143,212"
2019-06-28 12:53:20.000000000,BEST_ASK,"JPM,100289,8"
2019-06-28 12:53:20.000000000,BEST_BID,"JPM,100143,212"
2019-06-28 12:53:20.000000000,BEST_ASK,"JPM,100289,8"
2019-06-28 12:53:20.000000000,BEST_BID,"JPM,100143,212"
2019-06-28 12:53:20.000000000,BEST_ASK,"JPM,100289,120"
2019-06-28 12:53:20.000000000,BEST_BID,"JPM,100143,212"
2019-06-28 12:53:20.000000000,BEST_ASK,"JPM,100289,120"
2019-06-28 12:53:20.000000000,BEST_BID,"JPM,100143,212"
2019-06-28 12:53:20.000000000,BEST_ASK,"JPM,100289,120"
2019-06-28 12:53:30.000000000,QUERY_SPREAD,1
2019-06-28 12:53:30.000000000,BEST_BID,"JPM,100143,166"
2019-06-28 12:53:30.000000000,BEST_ASK,"JPM,100289,8"
2019-06-28 12:53:30.000000000,BEST_BID,"JPM,100143,166"
2019-06-28 12:53:30.000000000,BEST_ASK,"JPM,100289,8"
2019-06-28 12:53:30.000000000,BEST_BID,"JPM,100143,166"
2019-06-28 12:53:30.000000000,BEST_ASK,"JPM,100289,8"
2019-06-28 12:53:30.000000000,BEST_BID,"JPM,100143,166"
2019-06-28 12:53:30.000000000,BEST_ASK,"JPM,100289,8"
2019-06-28 12:53:30.000000000,BEST_BID,"JPM,100143,166"
2019-06-28 12:53:30.000000000,BEST_ASK,"JPM,100289,8"
2019-06-28 12:53:30.000000000,BEST_BID,"JPM,100143,166"
2019-06-28 12:53:30.000000000,BEST_ASK,"JPM,100289,74"
2019-06-28 12:53:30.000000000,BEST_BID,"JPM,100143,166"
2019-06-28 12:53:30.000000000,BEST_ASK,"JPM,100289,74"
2019-06-28 12:53:30.000000000,BEST_BID,"JPM,100143,166"
2019-06-28 12:53:30.000000000,BEST_ASK,"JPM,100289,74"
2019-06-28 12:53:30.000000000,BEST_BID,"JPM,100143,166"
2019-06-28 12:53:30.000000000,BEST_ASK,"JPM,100289,74"
2019-06-28 12:53:40.000000000,QUERY_SPREAD,1
2019-06-28 12:53:40.000000000,BEST_BID,"JPM,100143,212"
2019-06-28 12:53:40.000000000,BEST_ASK,"JPM,100289,8"
2019-06-28 12:53:40.000000000,BEST_BID,"JPM,100143,212"
2019-06-28 12:53:40.000000000,BEST_ASK,"JPM,100289,8"
2019-06-28 12:53:40.000000000,BEST_BID,"JPM,100143,212"
2019-06-28 12:53:40.000000000,BEST_ASK,"JPM,100289,8"
2019-06-28 12:53:40.000000000,BEST_BID,"JPM,100143,212"
2019-06-28 12:53:40.000000000,BEST_ASK,"JPM,100289,120"
2019-06-28 12:53:40.000000000,BEST_BID,"JPM,100143,212"
2019-06-28 12:53:40.000000000,BEST_ASK,"JPM,100289,120"
2019-06-28 12:53:40.000000000,BEST_BID,"JPM,100143,212"
2019-06-28 12:53:40.000000000,BEST_ASK,"JPM,100289,120"
2019-06-28 12:53:50.000000000,QUERY_SPREAD,1
2019-06-28 12:53:50.000000000,BEST_BID,"JPM,100143,166"
2019-06-28 12:53:50.000000000,BEST_ASK,"JPM,100289,8"
2019-06-28 12:53:50.000000000,BEST_BID,"JPM,100143,166"
2019-06-28 12:53:50.000000000,BEST_ASK,"JPM,100289,8"
2019-06-28 12:53:50.000000000,BEST_BID,"JPM,100143,166"
2019-06-28 12:53:50.000000000,BEST_ASK,"JPM,100289,8"
2019-06-28 12:53:50.000000000,BEST_BID,"JPM,100143,166"
2019-06-28 12:53:50.000000000,BEST_ASK,"JPM,100289,8"
2019-06-28 12:53:50.000000000,BEST_BID,"JPM,100143,166"
2019-06-28 12:53:50.000000000,BEST_ASK,"JPM,100289,8"
2019-06-28 12:53:50.000000000,BEST_BID,"JPM,100143,166"
2019-06-28 12:53:50.000000000,BEST_ASK,"JPM,100289,74"
2019-06-28 12:53:50.000000000,BEST_BID,"JPM,100143,166"
2019-06-28 12:53:50.000000000,BEST_ASK,"JPM,100289,74"
2019-06-28 12:53:50.000000000,BEST_BID,"JPM,100143,166"
2019-06-28 12:53:50.000000000,BEST_ASK,"JPM,100289,74"
2019-06-28 12:53:50.000000000,BEST_BID,"JPM,100143,166"
2019-06-28 12:53:50.000000000,BEST_ASK,"JPM,100289,74"
2019-06-28 12:54:00.000000000,QUERY_SPREAD,1
2019-06-28 12:54:00.000000000,BEST_BID,"JPM,100143,182"
2019-06-28 12:54:00.000000000,BEST_ASK,"JPM,100289,8"
2019-06-28 12:54:00.000000000,BEST_BID,"JPM,100143,182"
2019-06-28 12:54:00.000000000,BEST_ASK,"JPM,100289,8"
2019-06-28 12:54:00.000000000,BEST_BID,"JPM,100143,182"
2019-06-28 12:54:00.000000000,BEST_ASK,"JPM,100289,8"
2019-06-28 12:54:00.000000000,BEST_BID,"JPM,100143,182"
2019-06-28 12:54:00.000000000,BEST_ASK,"JPM,100289,8"
2019-06-28 12:54:00.000000000,BEST_BID,"JPM,100143,182"
2019-06-28 12:54:00.000000000,BEST_ASK,"JPM,100289,90"
2019-06-28 12:54:00.000000000,BEST_BID,"JPM,100143,182"
2019-06-28 12:54:00.000000000,BEST_ASK,"JPM,100289,90"
2019-06-28 12:54:00.000000000,BEST_BID,"JPM,100143,182"
2019-06-28 12:54:00.000000000,BEST_ASK,"JPM,100289,90"
2019-06-28 12:54:00.000000000,BEST_BID,"JPM,100143,182"
2019-06-28 12:54:00.000000000,BEST_ASK,"JPM,100289,90"
2019-06-28 12:54:00.000000000,QUERY_SPREAD,77
2019-06-28 12:54:00.000000000,BEST_BID,"JPM,100143,182"
2019-06-28 12:54:00.000000000,BEST_ASK,"JPM,100289,86"
2019-06-28 12:54:00.000000000,LAST_TRADE,"4,$100289.0000"
2019-06-28 12:54:00.000000000,QUERY_SPREAD,78
2019-06-28 12:54:00.000000000,BEST_BID,"JPM,100143,182"
2019-06-28 12:54:00.000000000,BEST_ASK,"JPM,100289,78"
2019-06-28 12:54:00.000000000,LAST_TRADE,"8,$100289.0000"
2019-06-28 12:54:00.000000000,QUERY_SPREAD,79
2019-06-28 12:54:00.000000000,BEST_BID,"JPM,100143,182"
2019-06-28 12:54:00.000000000,BEST_ASK,"JPM,100289,77"
2019-06-28 12:54:00.000000000,LAST_TRADE,"1,$100289.0000"
2019-06-28 12:54:00.000000000,QUERY_SPREAD,80
2019-06-28 12:54:00.000000000,BEST_BID,"JPM,100143,182"
2019-06-28 12:54:00.000000000,BEST_ASK,"JPM,100289,72"
2019-06-28 12:54:00.000000000,LAST_TRADE,"5,$100289.0000"
2019-06-28 12:54:00.000000000,QUERY_SPREAD,81
2019-06-28 12:54:00.000000000,BEST_BID,"JPM,100143,182"
2019-06-28 12:54:00.000000000,BEST_ASK,"JPM,100289,67"
2019-06-28 12:54:00.000000000,LAST_TRADE,"5,$100289.0000"
2019-06-28 12:54:00.000000000,QUERY_SPREAD,82
2019-06-28 12:54:00.000000000,BEST_BID,"JPM,100143,182"
2019-06-28 12:54:00.000000000,BEST_ASK,"JPM,100289,61"
2019-06-28 12:54:00.000000000,LAST_TRADE,"6,$100289.0000"
2019-06-28 12:54:00.000000000,QUERY_SPREAD,83
2019-06-28 12:54:00.000000000,BEST_BID,"JPM,100143,182"
2019-06-28 12:54:00.000000000,BEST_ASK,"JPM,100289,57"
2019-06-28 12:54:00.000000000,LAST_TRADE,"4,$100289.0000"
2019-06-28 12:54:00.000000000,QUERY_SPREAD,84
2019-06-28 12:54:00.000000000,BEST_BID,"JPM,100143,182"
2019-06-28 12:54:00.000000000,BEST_ASK,"JPM,100289,52"
2019-06-28 12:54:00.000000000,LAST_TRADE,"5,$100289.0000"
2019-06-28 12:54:00.000000000,QUERY_SPREAD,85
2019-06-28 12:54:00.000000000,BEST_BID,"JPM,100143,182"
2019-06-28 12:54:00.000000000,BEST_ASK,"JPM,100289,47"
2019-06-28 12:54:00.000000000,LAST_TRADE,"5,$100289.0000"
2019-06-28 12:54:00.000000000,QUERY_SPREAD,86
2019-06-28 12:54:00.000000000,BEST_BID,"JPM,100143,182"
2019-06-28 12:54:00.000000000,BEST_ASK,"JPM,100289,38"
2019-06-28 12:54:00.000000000,LAST_TRADE,"9,$100289.0000"
2019-06-28 12:54:00.000000000,QUERY_SPREAD,87
2019-06-28 12:54:00.000000000,BEST_BID,"JPM,100143,182"
2019-06-28 12:54:00.000000000,BEST_ASK,"JPM,100289,36"
2019-06-28 12:54:00.000000000,LAST_TRADE,"2,$100289.0000"
2019-06-28 12:54:00.000000000,QUERY_SPREAD,88
2019-06-28 12:54:00.000000000,BEST_BID,"JPM,100143,182"
2019-06-28 12:54:00.000000000,BEST_ASK,"JPM,100289,28"
2019-06-28 12:54:00.000000000,LAST_TRADE,"8,$100289.0000"
2019-06-28 12:54:00.000000000,QUERY_SPREAD,89
2019-06-28 12:54:00.000000000,BEST_BID,"JPM,100143,182"
2019-06-28 12:54:00.000000000,BEST_ASK,"JPM,100289,21"
2019-06-28 12:54:00.000000000,LAST_TRADE,"7,$100289.0000"
2019-06-28 12:54:00.000000000,QUERY_SPREAD,90
2019-06-28 12:54:00.000000000,BEST_BID,"JPM,100143,182"
2019-06-28 12:54:00.000000000,BEST_ASK,"JPM,100289,15"
2019-06-28 12:54:00.000000000,LAST_TRADE,"6,$100289.0000"
2019-06-28 12:54:00.000000000,QUERY_SPREAD,91
2019-06-28 12:54:00.000000000,BEST_BID,"JPM,100143,182"
2019-06-28 12:54:00.000000000,BEST_ASK,"JPM,100289,10"
2019-06-28 12:54:00.000000000,LAST_TRADE,"5,$100289.0000"
2019-06-28 12:54:00.000000000,QUERY_SPREAD,92
2019-06-28 12:54:00.000000000,BEST_BID,"JPM,100143,182"
2019-06-28 12:54:00.000000000,BEST_ASK,"JPM,100289,9"
2019-06-28 12:54:00.000000000,LAST_TRADE,"1,$100289.0000"
2019-06-28 12:54:00.000000000,QUERY_SPREAD,93
2019-06-28 12:54:00.000000000,BEST_BID,"JPM,100143,182"
2019-06-28 12:54:00.000000000,BEST_ASK,"JPM,100289,7"
2019-06-28 12:54:00.000000000,LAST_TRADE,"2,$100289.0000"
2019-06-28 12:54:00.000000000,QUERY_SPREAD,94
2019-06-28 12:54:00.000000000,BEST_BID,"JPM,100143,182"
2019-06-28 12:54:00.000000000,BEST_ASK,"JPM,100289,5"
2019-06-28 12:54:00.000000000,LAST_TRADE,"2,$100289.0000"
2019-06-28 12:54:00.000000000,QUERY_SPREAD,95
2019-06-28 12:54:00.000000000,BEST_BID,"JPM,100289,2"
2019-06-28 12:54:00.000000000,BEST_ASK,"JPM,101252,90"
2019-06-28 12:54:00.000000000,LAST_TRADE,"5,$100289.0000"
2019-06-28 12:54:00.000000000,QUERY_SPREAD,96
2019-06-28 12:54:00.000000000,BEST_BID,"JPM,100289,2"
2019-06-28 12:54:00.000000000,BEST_ASK,"JPM,101252,83"
2019-06-28 12:54:00.000000000,LAST_TRADE,"7,$101252.0000"
2019-06-28 12:54:00.000000000,QUERY_SPREAD,97
2019-06-28 12:54:00.000000000,BEST_BID,"JPM,100289,2"
2019-06-28 12:54:00.000000000,BEST_ASK,"JPM,101252,77"
2019-06-28 12:54:00.000000000,LAST_TRADE,"6,$101252.0000"
2019-06-28 12:54:00.000000000,QUERY_SPREAD,98
2019-06-28 12:54:00.000000000,BEST_BID,"JPM,100289,2"
2019-06-28 12:54:00.000000000,BEST_ASK,"JPM,101252,73"
2019-06-28 12:54:00.000000000,LAST_TRADE,"4,$101252.0000"
2019-06-28 12:54:00.000000000,QUERY_SPREAD,99
2019-06-28 12:54:00.000000000,BEST_BID,"JPM,100289,2"
2019-06-28 12:54:00.000000000,BEST_ASK,"JPM,101252,71"
2019-06-28 12:54:00.000000000,LAST_TRADE,"2,$101252.0000"
2019-06-28 12:54:00.000000000,QUERY_SPREAD,100
2019-06-28 12:54:00.000000000,BEST_BID,"JPM,100289,2"
2019-06-28 12:54:00.000000000,BEST_ASK,"JPM,101252,65"
2019-06-28 12:54:00.000000000,LAST_TRADE,"6,$101252.0000"
2019-06-28 12:54:00.000000000,QUERY_SPREAD,101
2019-06-28 12:54:00.000000000,QUERY_ORDER_STREAM,101
2019-06-28 12:54:00.000000000,BEST_BID,"JPM,100289,2"
2019-06-28 12:54:00.000000000,BEST_ASK,"JPM,101252,73"
2019-06-28 12:54:04.749894087,QUERY_SPREAD,42
2019-06-28 12:54:04.749894087,BEST_BID,"JPM,100289,2"
2019-06-28 12:54:04.749894087,BEST_ASK,"JPM,101252,73"
2019-06-28 12:54:05.365232655,QUERY_ORDER_STREAM,64
2019-06-28 12:54:05.365232655,QUERY_SPREAD,64
2019-06-28 12:54:10.000000000,QUERY_SPREAD,1
2019-06-28 12:54:10.000000000,BEST_BID,"JPM,100289,68"
2019-06-28 12:54:10.000000000,BEST_ASK,"JPM,101252,8"
2019-06-28 12:54:10.000000000,BEST_BID,"JPM,100289,68"
2019-06-28 12:54:10.000000000,BEST_ASK,"JPM,101252,8"
2019-06-28 12:54:10.000000000,BEST_BID,"JPM,100289,68"
2019-06-28 12:54:10.000000000,BEST_ASK,"JPM,101252,8"
2019-06-28 12:54:10.000000000,BEST_BID,"JPM,100289,68"
2019-06-28 12:54:10.000000000,BEST_ASK,"JPM,101252,8"
2019-06-28 12:54:10.000000000,BEST_BID,"JPM,100289,68"
2019-06-28 12:54:10.000000000,BEST_ASK,"JPM,101252,8"
2019-06-28 12:54:10.000000000,BEST_BID,"JPM,100289,68"
2019-06-28 12:54:10.000000000,BEST_ASK,"JPM,101252,74"
2019-06-28 12:54:10.000000000,BEST_BID,"JPM,100289,68"
2019-06-28 12:54:10.000000000,BEST_ASK,"JPM,101252,74"
2019-06-28 12:54:10.000000000,BEST_BID,"JPM,100289,68"
2019-06-28 12:54:10.000000000,BEST_ASK,"JPM,101252,74"
2019-06-28 12:54:13.199065303,QUERY_ORDER_STREAM,58
2019-06-28 12:54:13.199065303,QUERY_SPREAD,58
2019-06-28 12:54:13.199065303,BEST_BID,"JPM,100289,68"
2019-06-28 12:54:13.199065303,BEST_ASK,"JPM,101252,174"
2019-06-28 12:54:20.000000000,QUERY_SPREAD,1
2019-06-28 12:54:20.000000000,BEST_BID,"JPM,100289,166"
2019-06-28 12:54:20.000000000,BEST_ASK,"JPM,101252,108"
2019-06-28 12:54:20.000000000,BEST_BID,"JPM,100289,166"
2019-06-28 12:54:20.000000000,BEST_ASK,"JPM,101252,108"
2019-06-28 12:54:20.000000000,BEST_BID,"JPM,100289,166"
2019-06-28 12:54:20.000000000,BEST_ASK,"JPM,101252,272"
2019-06-28 12:54:20.000000000,BEST_BID,"JPM,100289,166"
2019-06-28 12:54:20.000000000,BEST_ASK,"JPM,101252,272"
2019-06-28 12:54:28.385907368,QUERY_SPREAD,31
2019-06-28 12:54:28.385907368,BEST_BID,"JPM,100289,166"
2019-06-28 12:54:28.385907368,BEST_ASK,"JPM,101252,272"
2019-06-28 12:54:30.000000000,QUERY_SPREAD,1
2019-06-28 12:54:30.000000000,BEST_BID,"JPM,100289,68"
2019-06-28 12:54:30.000000000,BEST_ASK,"JPM,101252,108"
2019-06-28 12:54:30.000000000,BEST_BID,"JPM,100289,68"
2019-06-28 12:54:30.000000000,BEST_ASK,"JPM,101252,108"
2019-06-28 12:54:30.000000000,BEST_BID,"JPM,100289,68"
2019-06-28 12:54:30.000000000,BEST_ASK,"JPM,101252,108"
2019-06-28 12:54:30.000000000,BEST_BID,"JPM,100289,68"
2019-06-28 12:54:30.000000000,BEST_ASK,"JPM,101252,108"
2019-06-28 12:54:30.000000000,BEST_BID,"JPM,100289,68"
2019-06-28 12:54:30.000000000,BEST_ASK,"JPM,101252,108"
2019-06-28 12:54:30.000000000,BEST_BID,"JPM,100289,68"
2019-06-28 12:54:30.000000000,BEST_ASK,"JPM,101252,174"
2019-06-28 12:54:30.000000000,BEST_BID,"JPM,100289,68"
2019-06-28 12:54:30.000000000,BEST_ASK,"JPM,101252,174"
2019-06-28 12:54:30.000000000,BEST_BID,"JPM,100289,68"
2019-06-28 12:54:30.000000000,BEST_ASK,"JPM,101252,174"
2019-06-28 12:54:39.246291290,QUERY_SPREAD,8
2019-06-28 12:54:39.246291290,BEST_BID,"JPM,100143,166"
2019-06-28 12:54:39.246291290,BEST_ASK,"JPM,100289,32"
2019-06-28 12:54:39.246291290,LAST_TRADE,"68,$100289.0000"
2019-06-28 12:54:40.000000000,QUERY_SPREAD,1
2019-06-28 12:54:40.000000000,BEST_BID,"JPM,100143,212"
2019-06-28 12:54:40.000000000,BEST_ASK,"JPM,100289,32"
2019-06-28 12:54:40.000000000,BEST_BID,"JPM,100143,212"
2019-06-28 12:54:40.000000000,BEST_ASK,"JPM,100289,32"
2019-06-28 12:54:40.000000000,BEST_BID,"JPM,100143,212"
2019-06-28 12:54:40.000000000,BEST_ASK,"JPM,100289,32"
2019-06-28 12:54:40.000000000,BEST_BID,"JPM,100143,212"
2019-06-28 12:54:40.000000000,BEST_ASK,"JPM,100289,144"
2019-06-28 12:54:40.000000000,BEST_BID,"JPM,100143,212"
2019-06-28 12:54:40.000000000,BEST_ASK,"JPM,100289,144"
2019-06-28 12:54:40.000000000,BEST_BID,"JPM,100143,212"
2019-06-28 12:54:40.000000000,BEST_ASK,"JPM,100289,144"
2019-06-28 12:54:48.822324317,QUERY_SPREAD,35
2019-06-28 12:54:48.822324317,BEST_BID,"JPM,100143,112"
2019-06-28 12:54:48.822324317,BEST_ASK,"JPM,100289,144"
2019-06-28 12:54:48.822324317,LAST_TRADE,"100,$100143.0000"
2019-06-28 12:54:50.000000000,QUERY_SPREAD,1
2019-06-28 12:54:50.000000000,BEST_BID,"JPM,99849,166"
2019-06-28 12:54:50.000000000,BEST_ASK,"JPM,100289,32"
2019-06-28 12:54:50.000000000,BEST_BID,"JPM,99849,166"
2019-06-28 12:54:50.000000000,BEST_ASK,"JPM,100289,32"
2019-06-28 12:54:50.000000000,BEST_BID,"JPM,99849,166"
2019-06-28 12:54:50.000000000,BEST_ASK,"JPM,100289,32"
2019-06-28 12:54:50.000000000,BEST_BID,"JPM,99849,166"
2019-06-28 12:54:50.000000000,BEST_ASK,"JPM,100289,32"
2019-06-28 12:54:50.000000000,BEST_BID,"JPM,99849,166"
2019-06-28 12:54:50.000000000,BEST_ASK,"JPM,100289,32"
2019-06-28 12:54:50.000000000,BEST_BID,"JPM,99849,166"
2019-06-28 12:54:50.000000000,BEST_ASK,"JPM,100289,98"
2019-06-28 12:54:50.000000000,BEST_BID,"JPM,99849,166"
2019-06-28 12:54:50.000000000,BEST_ASK,"JPM,100289,98"
2019-06-28 12:54:50.000000000,BEST_BID,"JPM,99849,166"
2019-06-28 12:54:50.000000000,BEST_ASK,"JPM,100289,98"
2019-06-28 12:54:50.000000000,BEST_BID,"JPM,99849,166"
2019-06-28 12:54:50.000000000,BEST_ASK,"JPM,100289,98"
2019-06-28 12:54:53.360084300,QUERY_ORDER_STREAM,65
2019-06-28 12:54:53.360084300,QUERY_SPREAD,65
2019-06-28 12:54:53.360084300,BEST_BID,"JPM,99849,166"
2019-06-28 12:54:53.360084300,BEST_ASK,"JPM,100288,100"
2019-06-28 12:55:00.000000000,QUERY_SPREAD,1
2019-06-28 12:55:00.000000000,BEST_BID,"JPM,99849,182"
2019-06-28 12:55:00.000000000,BEST_ASK,"JPM,100288,100"
2019-06-28 12:55:00.000000000,BEST_BID,"JPM,99849,182"
2019-06-28 12:55:00.000000000,BEST_ASK,"JPM,100288,100"
2019-06-28 12:55:00.000000000,BEST_BID,"JPM,99849,182"
2019-06-28 12:55:00.000000000,BEST_ASK,"JPM,100288,100"
2019-06-28 12:55:00.000000000,BEST_BID,"JPM,99849,182"
2019-06-28 12:55:00.000000000,BEST_ASK,"JPM,100288,100"
2019-06-28 12:55:00.000000000,BEST_BID,"JPM,99849,182"
2019-06-28 12:55:00.000000000,BEST_ASK,"JPM,100288,182"
2019-06-28 12:55:00.000000000,BEST_BID,"JPM,99849,182"
2019-06-28 12:55:00.000000000,BEST_ASK,"JPM,100288,182"
2019-06-28 12:55:00.000000000,BEST_BID,"JPM,99849,182"
2019-06-28 12:55:00.000000000,BEST_ASK,"JPM,100288,182"
2019-06-28 12:55:00.000000000,BEST_BID,"JPM,99849,182"
2019-06-28 12:55:00.000000000,BEST_ASK,"JPM,100288,182"
2019-06-28 12:55:00.000000000,QUERY_SPREAD,77
2019-06-28 12:55:00.000000000,BEST_BID,"JPM,99849,182"
2019-06-28 12:55:00.000000000,BEST_ASK,"JPM,100288,178"
2019-06-28 12:55:00.000000000,LAST_TRADE,"4,$100288.0000"
2019-06-28 12:55:00.000000000,QUERY_SPREAD,78
2019-06-28 12:55:00.000000000,BEST_BID,"JPM,99849,182"
2019-06-28 12:55:00.000000000,BEST_ASK,"JPM,100288,170"
2019-06-28 12:55:00.000000000,LAST_TRADE,"8,$100288.0000"
2019-06-28 12:55:00.000000000,QUERY_SPREAD,79
2019-06-28 12:55:00.000000000,BEST_BID,"JPM,99849,182"
2019-06-28 12:55:00.000000000,BEST_ASK,"JPM,100288,169"
2019-06-28 12:55:00.000000000,LAST_TRADE,"1,$100288.0000"
2019-06-28 12:55:00.000000000,QUERY_SPREAD,80
2019-06-28 12:55:00.000000000,BEST_BID,"JPM,99849,182"
2019-06-28 12:55:00.000000000,BEST_ASK,"JPM,100288,164"
2019-06-28 12:55:00.000000000,LAST_TRADE,"5,$100288.0000"
2019-06-28 12:55:00.000000000,QUERY_SPREAD,81
2019-06-28 12:55:00.000000000,BEST_BID,"JPM,99849,182"
2019-06-28 12:55:00.000000000,BEST_ASK,"JPM,100288,159"
2019-06-28 12:55:00.000000000,LAST_TRADE,"5,$100288.0000"
2019-06-28 12:55:00.000000000,QUERY_SPREAD,82
2019-06-28 12:55:00.000000000,BEST_BID,"JPM,99849,182"
2019-06-28 12:55:00.000000000,BEST_ASK,"JPM,100288,153"
2019-06-28 12:55:00.000000000,LAST_TRADE,"6,$100288.0000"
2019-06-28 12:55:00.000000000,QUERY_SPREAD,83
2019-06-28 12:55:00.000000000,BEST_BID,"JPM,99849,182"
2019-06-28 12:55:00.000000000,BEST_ASK,"JPM,100288,149"
2019-06-28 12:55:00.000000000,LAST_TRADE,"4,$100288.0000"
2019-06-28 12:55:00.000000000,QUERY_SPREAD,84
2019-06-28 12:55:00.000000000,BEST_BID,"JPM,99849,182"
2019-06-28 12:55:00.000000000,BEST_ASK,"JPM,100288,144"
2019-06-28 12:55:00.000000000,LAST_TRADE,"5,$100288.0000"
2019-06-28 12:55:00.000000000,QUERY_SPREAD,85
2019-06-28 12:55:00.000000000,BEST_BID,"JPM,99849,182"
2019-06-28 12:55:00.000000000,BEST_ASK,"JPM,100288,139"
2019-06-28 12:55:00.000000000,LAST_TRADE,"5,$100288.0000"
2019-06-28 12:55:00.000000000,QUERY_SPREAD,86
2019-06-28 12:55:00.000000000,BEST_BID,"JPM,99849,182"
2019-06-28 12:55:00.000000000,BEST_ASK,"JPM,100288,130"
2019-06-28 12:55:00.000000000,LAST_TRADE,"9,$100288.0000"
2019-06-28 12:55:00.000000000,QUERY_SPREAD,87
2019-06-28 12:55:00.000000000,BEST_BID,"JPM,99849,182"
2019-06-28 12:55:00.000000000,BEST_ASK,"JPM,100288,128"
2019-06-28 12:55:00.000000000,LAST_TRADE,"2,$100288.0000"
2019-06-28 12:55:00.000000000,QUERY_SPREAD,88
2019-06-28 12:55:00.000000000,BEST_BID,"JPM,99849,182"
2019-06-28 12:55:00.000000000,BEST_ASK,"JPM,100288,120"
2019-06-28 12:55:00.000000000,LAST_TRADE,"8,$100288.0000"
2019-06-28 12:55:00.000000000,QUERY_SPREAD,89
2019-06-28 12:55:00.000000000,BEST_BID,"JPM,99849,182"
2019-06-28 12:55:00.000000000,BEST_ASK,"JPM,100288,113"
2019-06-28 12:55:00.000000000,LAST_TRADE,"7,$100288.0000"
2019-06-28 12:55:00.000000000,QUERY_SPREAD,90
2019-06-28 12:55:00.000000000,BEST_BID,"JPM,99849,182"
2019-06-28 12:55:00.000000000,BEST_ASK,"JPM,100288,107"
2019-06-28 12:55:00.000000000,LAST_TRADE,"6,$100288.0000"
2019-06-28 12:55:00.000000000,QUERY_SPREAD,91
2019-06-28 12:55:00.000000000,BEST_BID,"JPM,99849,182"
2019-06-28 12:55:00.000000000,BEST_ASK,"JPM,100288,102"
2019-06-28 12:55:00.000000000,LAST_TRADE,"5,$100288.0000"
2019-06-28 12:55:00.000000000,QUERY_SPREAD,92
2019-06-28 12:55:00.000000000,BEST_BID,"JPM,99849,182"
2019-06-28 12:55:00.000000000,BEST_ASK,"JPM,100288,101"
2019-06-28 12:55:00.000000000,LAST_TRADE,"1,$100288.0000"
2019-06-28 12:55:00.000000000,QUERY_SPREAD,93
2019-06-28 12:55:00.000000000,BEST_BID,"JPM,99849,182"
2019-06-28 12:55:00.000000000,BEST_ASK,"JPM,100288,99"
2019-06-28 12:55:00.000000000,LAST_TRADE,"2,$100288.0000"
2019-06-28 12:55:00.000000000,QUERY_SPREAD,94
2019-06-28 12:55:00.000000000,BEST_BID,"JPM,99849,182"
2019-06-28 12:55:00.000000000,BEST_ASK,"JPM,100288,97"
2019-06-28 12:55:00.000000000,LAST_TRADE,"2,$100288.0000"
2019-06-28 12:55:00.000000000,QUERY_SPREAD,95
2019-06-28 12:55:00.000000000,BEST_BID,"JPM,99849,182"
2019-06-28 12:55:00.000000000,BEST_ASK,"JPM,100288,90"
2019-06-28 12:55:00.000000000,LAST_TRADE,"7,$100288.0000"
2019-06-28 12:55:00.000000000,QUERY_SPREAD,96
2019-06-28 12:55:00.000000000,BEST_BID,"JPM,99849,182"
2019-06-28 12:55:00.000000000,BEST_ASK,"JPM,100288,83"
2019-06-28 12:55:00.000000000,LAST_TRADE,"7,$100288.0000"
2019-06-28 12:55:00.000000000,QUERY_SPREAD,97
2019-06-28 12:55:00.000000000,BEST_BID,"JPM,99849,182"
2019-06-28 12:55:00.000000000,BEST_ASK,"JPM,100288,77"
2019-06-28 12:55:00.000000000,LAST_TRADE,"6,$100288.0000"
2019-06-28 12:55:00.000000000,QUERY_SPREAD,98
2019-06-28 12:55:00.000000000,BEST_BID,"JPM,99849,182"
2019-06-28 12:55:00.000000000,BEST_ASK,"JPM,100288,73"
2019-06-28 12:55:00.000000000,LAST_TRADE,"4,$100288.0000"
2019-06-28 12:55:00.000000000,QUERY_SPREAD,99
2019-06-28 12:55:00.000000000,BEST_BID,"JPM,99849,182"
2019-06-28 12:55:00.000000000,BEST_ASK,"JPM,100288,71"
2019-06-28 12:55:00.000000000,LAST_TRADE,"2,$100288.0000"
2019-06-28 12:55:00.000000000,QUERY_SPREAD,100
2019-06-28 12:55:00.000000000,BEST_BID,"JPM,99849,182"
2019-06-28 12:55:00.000000000,BEST_ASK,"JPM,100288,65"
2019-06-28 12:55:00.000000000,LAST_TRADE,"6,$100288.0000"
2019-06-28 12:55:00.000000000,QUERY_SPREAD,101
2019-06-28 12:55:00.000000000,QUERY_ORDER_STREAM,101
2019-06-28 12:55:10.000000000,QUERY_SPREAD,1
2019-06-28 12:55:10.000000000,BEST_BID,"JPM,99849,264"
2019-06-28 12:55:10.000000000,BEST_ASK,"JPM,100289,32"
2019-06-28 12:55:10.000000000,BEST_BID,"JPM,99849,264"
2019-06-28 12:55:10.000000000,BEST_ASK,"JPM,100289,32"
2019-06-28 12:55:10.000000000,BEST_BID,"JPM,99849,264"
2019-06-28 12:55:10.000000000,BEST_ASK,"JPM,100289,196"
2019-06-28 12:55:10.000000000,BEST_BID,"JPM,99849,264"
2019-06-28 12:55:10.000000000,BEST_ASK,"JPM,100289,196"
2019-06-28 12:55:20.000000000,QUERY_SPREAD,1
2019-06-28 12:55:20.000000000,BEST_BID,"JPM,99849,428"
2019-06-28 12:55:20.000000000,BEST_ASK,"JPM,100289,32"
2019-06-28 12:55:20.000000000,BEST_BID,"JPM,99849,428"
2019-06-28 12:55:20.000000000,BEST_ASK,"JPM,100289,360"
2019-06-28 12:55:30.000000000,QUERY_SPREAD,1
2019-06-28 12:55:30.000000000,BEST_BID,"JPM,99849,428"
2019-06-28 12:55:30.000000000,BEST_ASK,"JPM,100289,32"
2019-06-28 12:55:30.000000000,BEST_BID,"JPM,99849,428"
2019-06-28 12:55:30.000000000,BEST_ASK,"JPM,100289,360"
2019-06-28 12:55:40.000000000,QUERY_SPREAD,1
2019-06-28 12:55:40.000000000,BEST_BID,"JPM,99849,166"
2019-06-28 12:55:40.000000000,BEST_ASK,"JPM,100289,32"
2019-06-28 12:55:40.000000000,BEST_BID,"JPM,99849,166"
2019-06-28 12:55:40.000000000,BEST_ASK,"JPM,100289,32"
2019-06-28 12:55:40.000000000,BEST_BID,"JPM,99849,166"
2019-06-28 12:55:40.000000000,BEST_ASK,"JPM,100289,32"
2019-06-28 12:55:40.000000000,BEST_BID,"JPM,99849,166"
2019-06-28 12:55:40.000000000,BEST_ASK,"JPM,100289,32"
2019-06-28 12:55:40.000000000,BEST_BID,"JPM,99849,166"
2019-06-28 12:55:40.000000000,BEST_ASK,"JPM,100289,32"
2019-06-28 12:55:40.000000000,BEST_BID,"JPM,99849,166"
2019-06-28 12:55:40.000000000,BEST_ASK,"JPM,100289,98"
2019-06-28 12:55:40.000000000,BEST_BID,"JPM,99849,166"
2019-06-28 12:55:40.000000000,BEST_ASK,"JPM,100289,98"
2019-06-28 12:55:40.000000000,BEST_BID,"JPM,99849,166"
2019-06-28 12:55:40.000000000,BEST_ASK,"JPM,100289,98"
2019-06-28 12:55:40.000000000,BEST_BID,"JPM,99849,166"
2019-06-28 12:55:40.000000000,BEST_ASK,"JPM,100289,98"
2019-06-28 12:55:50.000000000,QUERY_SPREAD,1
2019-06-28 12:55:50.000000000,BEST_BID,"JPM,99849,182"
2019-06-28 12:55:50.000000000,BEST_ASK,"JPM,100289,32"
2019-06-28 12:55:50.000000000,BEST_BID,"JPM,99849,182"
2019-06-28 12:55:50.000000000,BEST_ASK,"JPM,100289,32"
2019-06-28 12:55:50.000000000,BEST_BID,"JPM,99849,182"
2019-06-28 12:55:50.000000000,BEST_ASK,"JPM,100289,32"
2019-06-28 12:55:50.000000000,BEST_BID,"JPM,99849,182"
2019-06-28 12:55:50.000000000,BEST_ASK,"JPM,100289,32"
2019-06-28 12:55:50.000000000,BEST_BID,"JPM,99849,182"
2019-06-28 12:55:50.000000000,BEST_ASK,"JPM,100289,114"
2019-06-28 12:55:50.000000000,BEST_BID,"JPM,99849,182"
2019-06-28 12:55:50.000000000,BEST_ASK,"JPM,100289,114"
2019-06-28 12:55:50.000000000,BEST_BID,"JPM,99849,182"
2019-06-28 12:55:50.000000000,BEST_ASK,"JPM,100289,114"
2019-06-28 12:55:50.000000000,BEST_BID,"JPM,99849,182"
2019-06-28 12:55:50.000000000,BEST_ASK,"JPM,100289,114"
2019-06-28 12:55:50.338191356,QUERY_SPREAD,3
2019-06-28 12:55:50.338191356,BEST_BID,"JPM,100034,100"
2019-06-28 12:55:50.338191356,BEST_ASK,"JPM,100289,114"
2019-06-28 12:56:00.000000000,QUERY_SPREAD,1
2019-06-28 12:56:00.000000000,BEST_BID,"JPM,100034,264"
2019-06-28 12:56:00.000000000,BEST_ASK,"JPM,100289,32"
2019-06-28 12:56:00.000000000,BEST_BID,"JPM,100034,264"
2019-06-28 12:56:00.000000000,BEST_ASK,"JPM,100289,32"
2019-06-28 12:56:00.000000000,BEST_BID,"JPM,100034,264"
2019-06-28 12:56:00.000000000,BEST_ASK,"JPM,100289,196"
2019-06-28 12:56:00.000000000,BEST_BID,"JPM,100034,264"
2019-06-28 12:56:00.000000000,BEST_ASK,"JPM,100289,196"
2019-06-28 12:56:00.000000000,QUERY_SPREAD,77
2019-06-28 12:56:00.000000000,BEST_BID,"JPM,100034,264"
2019-06-28 12:56:00.000000000,BEST_ASK,"JPM,100289,192"
2019-06-28 12:56:00.000000000,LAST_TRADE,"4,$100289.0000"
2019-06-28 12:56:00.000000000,QUERY_SPREAD,78
2019-06-28 12:56:00.000000000,BEST_BID,"JPM,100034,264"
2019-06-28 12:56:00.000000000,BEST_ASK,"JPM,100289,184"
2019-06-28 12:56:00.000000000,LAST_TRADE,"8,$100289.0000"
2019-06-28 12:56:00.000000000,QUERY_SPREAD,79
2019-06-28 12:56:00.000000000,BEST_BID,"JPM,100034,264"
2019-06-28 12:56:00.000000000,BEST_ASK,"JPM,100289,183"
2019-06-28 12:56:00.000000000,LAST_TRADE,"1,$100289.0000"
2019-06-28 12:56:00.000000000,QUERY_SPREAD,80
2019-06-28 12:56:00.000000000,BEST_BID,"JPM,100034,264"
2019-06-28 12:56:00.000000000,BEST_ASK,"JPM,100289,178"
2019-06-28 12:56:00.000000000,LAST_TRADE,"5,$100289.0000"
2019-06-28 12:56:00.000000000,QUERY_SPREAD,81
2019-06-28 12:56:00.000000000,BEST_BID,"JPM,100034,264"
2019-06-28 12:56:00.000000000,BEST_ASK,"JPM,100289,173"
2019-06-28 12:56:00.000000000,LAST_TRADE,"5,$100289.0000"
2019-06-28 12:56:00.000000000,QUERY_SPREAD,82
2019-06-28 12:56:00.000000000,BEST_BID,"JPM,100034,264"
2019-06-28 12:56:00.000000000,BEST_ASK,"JPM,100289,167"
2019-06-28 12:56:00.000000000,LAST_TRADE,"6,$100289.0000"
2019-06-28 12:56:00.000000000,QUERY_SPREAD,83
2019-06-28 12:56:00.000000000,BEST_BID,"JPM,100034,264"
2019-06-28 12:56:00.000000000,BEST_ASK,"JPM,100289,163"
2019-06-28 12:56:00.000000000,LAST_TRADE,"4,$100289.0000"
2019-06-28 12:56:00.000000000,QUERY_SPREAD,84
2019-06-28 12:56:00.000000000,BEST_BID,"JPM,100034,264"
2019-06-28 12:56:00.000000000,BEST_ASK,"JPM,100289,158"
2019-06-28 12:56:00.000000000,LAST_TRADE,"5,$100289.0000"
2019-06-28 12:56:00.000000000,QUERY_SPREAD,85
2019-06-28 12:56:00.000000000,BEST_BID,"JPM,100034,264"
2019-06-28 12:56:00.000000000,BEST_ASK,"JPM,100289,153"
2019-06-28 12:56:00.000000000,LAST_TRADE,"5,$100289.0000"
2019-06-28 12:56:00.000000000,QUERY_SPREAD,86
2019-06-28 12:56:00.000000000,BEST_BID,"JPM,100034,264"
2019-06-28 12:56:00.000000000,BEST_ASK,"JPM,100289,144"
2019-06-28 12:56:00.000000000,LAST_TRADE,"9,$100289.0000"
2019-06-28 12:56:00.000000000,QUERY_SPREAD,87
2019-06-28 12:56:00.000000000,BEST_BID,"JPM,100034,264"
2019-06-28 12:56:00.000000000,BEST_ASK,"JPM,100289,142"
2019-06-28 12:56:00.000000000,LAST_TRADE,"2,$100289.0000"
2019-06-28 12:56:00.000000000,QUERY_SPREAD,88
2019-06-28 12:56:00.000000000,BEST_BID,"JPM,100034,264"
2019-06-28 12:56:00.000000000,BEST_ASK,"JPM,100289,134"
2019-06-28 12:56:00.000000000,LAST_TRADE,"8,$100289.0000"
2019-06-28 12:56:00.000000000,QUERY_SPREAD,89
2019-06-28 12:56:00.000000000,BEST_BID,"JPM,100034,264"
2019-06-28 12:56:00.000000000,BEST_ASK,"JPM,100289,127"
2019-06-28 12:56:00.000000000,LAST_TRADE,"7,$100289.0000"
2019-06-28 12:56:00.000000000,QUERY_SPREAD,90
2019-06-28 12:56:00.000000000,BEST_BID,"JPM,100034,264"
2019-06-28 12:56:00.000000000,BEST_ASK,"JPM,100289,121"
2019-06-28 12:56:00.000000000,LAST_TRADE,"6,$100289.0000"
2019-06-28 12:56:00.000000000,QUERY_SPREAD,91
2019-06-28 12:56:00.000000000,BEST_BID,"JPM,100034,264"
2019-06-28 12:56:00.000000000,BEST_ASK,"JPM,100289,116"
2019-06-28 12:56:00.000000000,LAST_TRADE,"5,$100289.0000"
2019-06-28 12:56:00.000000000,QUERY_SPREAD,92
2019-06-28 12:56:00.000000000,BEST_BID,"JPM,100034,264"
2019-06-28 12:56:00.000000000,BEST_ASK,"JPM,100289,115"
2019-06-28 12:56:00.000000000,LAST_TRADE,"1,$100289.0000"
2019-06-28 12:56:00.000000000,QUERY_SPREAD,93
2019-06-28 12:56:00.000000000,BEST_BID,"JPM,100034,264"
2019-06-28 12:56:00.000000000,BEST_ASK,"JPM,100289,113"
2019-06-28 12:56:00.000000000,LAST_TRADE,"2,$100289.0000"
2019-06-28 12:56:00.000000000,QUERY_SPREAD,94
2019-06-28 12:56:00.000000000,BEST_BID,"JPM,100034,264"
2019-06-28 12:56:00.000000000,BEST_ASK,"JPM,100289,111"
2019-06-28 12:56:00.000000000,LAST_TRADE,"2,$100289.0000"
2019-06-28 12:56:00.000000000,QUERY_SPREAD,95
2019-06-28 12:56:00.000000000,BEST_BID,"JPM,100034,264"
2019-06-28 12:56:00.000000000,BEST_ASK,"JPM,100289,104"
2019-06-28 12:56:00.000000000,LAST_TRADE,"7,$100289.0000"
2019-06-28 12:56:00.000000000,QUERY_SPREAD,96
2019-06-28 12:56:00.000000000,BEST_BID,"JPM,100034,264"
2019-06-28 12:56:00.000000000,BEST_ASK,"JPM,100289,97"
2019-06-28 12:56:00.000000000,LAST_TRADE,"7,$100289.0000"
2019-06-28 12:56:00.000000000,QUERY_SPREAD,97
2019-06-28 12:56:00.000000000,BEST_BID,"JPM,100034,264"
2019-06-28 12:56:00.000000000,BEST_ASK,"JPM,100289,91"
2019-06-28 12:56:00.000000000,LAST_TRADE,"6,$100289.0000"
2019-06-28 12:56:00.000000000,QUERY_SPREAD,98
2019-06-28 12:56:00.000000000,BEST_BID,"JPM,100034,264"
2019-06-28 12:56:00.000000000,BEST_ASK,"JPM,100289,87"
2019-06-28 12:56:00.000000000,LAST_TRADE,"4,$100289.0000"
2019-06-28 12:56:00.000000000,QUERY_SPREAD,99
2019-06-28 12:56:00.000000000,BEST_BID,"JPM,100034,264"
2019-06-28 12:56:00.000000000,BEST_ASK,"JPM,100289,85"
2019-06-28 12:56:00.000000000,LAST_TRADE,"2,$100289.0000"
2019-06-28 12:56:00.000000000,QUERY_SPREAD,100
2019-06-28 12:56:00.000000000,BEST_BID,"JPM,100034,264"
2019-06-28 12:56:00.000000000,BEST_ASK,"JPM,100289,79"
2019-06-28 12:56:00.000000000,LAST_TRADE,"6,$100289.0000"
2019-06-28 12:56:00.000000000,QUERY_SPREAD,101
2019-06-28 12:56:00.000000000,QUERY_ORDER_STREAM,101
2019-06-28 12:56:10.000000000,QUERY_SPREAD,1
2019-06-28 12:56:10.000000000,BEST_BID,"JPM,100034,428"
2019-06-28 12:56:10.000000000,BEST_ASK,"JPM,101252,108"
2019-06-28 12:56:10.000000000,BEST_BID,"JPM,100034,428"
2019-06-28 12:56:10.000000000,BEST_ASK,"JPM,101252,436"
2019-06-28 12:56:14.445425289,QUERY_SPREAD,33
2019-06-28 12:56:14.445425289,BEST_BID,"JPM,100161,100"
2019-06-28 12:56:14.445425289,BEST_ASK,"JPM,101252,436"
2019-06-28 12:56:20.000000000,QUERY_SPREAD,1
2019-06-28 12:56:20.000000000,BEST_BID,"JPM,100161,428"
2019-06-28 12:56:20.000000000,BEST_ASK,"JPM,101252,108"
2019-06-28 12:56:20.000000000,BEST_BID,"JPM,100161,428"
2019-06-28 12:56:20.000000000,BEST_ASK,"JPM,101252,436"
2019-06-28 12:56:28.813634035,QUERY_ORDER_STREAM,61
2019-06-28 12:56:28.813634035,QUERY_SPREAD,61
2019-06-28 12:56:30.000000000,QUERY_SPREAD,1
2019-06-28 12:56:30.000000000,BEST_BID,"JPM,100161,212"
2019-06-28 12:56:30.000000000,BEST_ASK,"JPM,101252,108"
2019-06-28 12:56:30.000000000,BEST_BID,"JPM,100161,212"
2019-06-28 12:56:30.000000000,BEST_ASK,"JPM,101252,108"
2019-06-28 12:56:30.000000000,BEST_BID,"JPM,100161,212"
2019-06-28 12:56:30.000000000,BEST_ASK,"JPM,101252,108"
2019-06-28 12:56:30.000000000,BEST_BID,"JPM,100161,212"
2019-06-28 12:56:30.000000000,BEST_ASK,"JPM,101252,220"
2019-06-28 12:56:30.000000000,BEST_BID,"JPM,100161,212"
2019-06-28 12:56:30.000000000,BEST_ASK,"JPM,101252,220"
2019-06-28 12:56:30.000000000,BEST_BID,"JPM,100161,212"
2019-06-28 12:56:30.000000000,BEST_ASK,"JPM,101252,220"
2019-06-28 12:56:40.000000000,QUERY_SPREAD,1
2019-06-28 12:56:40.000000000,BEST_BID,"JPM,100161,428"
2019-06-28 12:56:40.000000000,BEST_ASK,"JPM,101252,108"
2019-06-28 12:56:40.000000000,BEST_BID,"JPM,100161,428"
2019-06-28 12:56:40.000000000,BEST_ASK,"JPM,101252,436"
2019-06-28 12:56:43.506773797,QUERY_ORDER_STREAM,76
2019-06-28 12:56:43.506773797,QUERY_SPREAD,76
2019-06-28 12:56:50.000000000,QUERY_SPREAD,1
2019-06-28 12:56:50.000000000,BEST_BID,"JPM,100161,264"
2019-06-28 12:56:50.000000000,BEST_ASK,"JPM,101252,108"
2019-06-28 12:56:50.000000000,BEST_BID,"JPM,100161,264"
2019-06-28 12:56:50.000000000,BEST_ASK,"JPM,101252,108"
2019-06-28 12:56:50.000000000,BEST_BID,"JPM,100161,264"
2019-06-28 12:56:50.000000000,BEST_ASK,"JPM,101252,272"
2019-06-28 12:56:50.000000000,BEST_BID,"JPM,100161,264"
2019-06-28 12:56:50.000000000,BEST_ASK,"JPM,101252,272"
2019-06-28 12:56:59.883596348,QUERY_SPREAD,49
2019-06-28 12:56:59.883596348,BEST_BID,"JPM,100884,100"
2019-06-28 12:56:59.883596348,BEST_ASK,"JPM,101252,272"
2019-06-28 12:57:00.000000000,QUERY_SPREAD,1
2019-06-28 12:57:00.000000000,BEST_BID,"JPM,100884,182"
2019-06-28 12:57:00.000000000,BEST_ASK,"JPM,101252,108"
2019-06-28 12:57:00.000000000,BEST_BID,"JPM,100884,182"
2019-06-28 12:57:00.000000000,BEST_ASK,"JPM,101252,108"
2019-06-28 12:57:00.000000000,BEST_BID,"JPM,100884,182"
2019-06-28 12:57:00.000000000,BEST_ASK,"JPM,101252,108"
2019-06-28 12:57:00.000000000,BEST_BID,"JPM,100884,182"
2019-06-28 12:57:00.000000000,BEST_ASK,"JPM,101252,108"
2019-06-28 12:57:00.000000000,BEST_BID,"JPM,100884,182"
2019-06-28 12:57:00.000000000,BEST_ASK,"JPM,101252,190"
2019-06-28 12:57:00.000000000,BEST_BID,"JPM,100884,182"
2019-06-28 12:57:00.000000000,BEST_ASK,"JPM,101252,190"
2019-06-28 12:57:00.000000000,BEST_BID,"JPM,100884,182"
2019-06-28 12:57:00.000000000,BEST_ASK,"JPM,101252,190"
2019-06-28 12:57:00.000000000,QUERY_SPREAD,77
2019-06-28 12:57:00.000000000,BEST_BID,"JPM,100884,182"
2019-06-28 12:57:00.000000000,BEST_ASK,"JPM,101252,186"
2019-06-28 12:57:00.000000000,LAST_TRADE,"4,$101252.0000"
2019-06-28 12:57:00.000000000,QUERY_SPREAD,78
2019-06-28 12:57:00.000000000,BEST_BID,"JPM,100884,182"
2019-06-28 12:57:00.000000000,BEST_ASK,"JPM,101252,178"
2019-06-28 12:57:00.000000000,LAST_TRADE,"8,$101252.0000"
2019-06-28 12:57:00.000000000,QUERY_SPREAD,79
2019-06-28 12:57:00.000000000,BEST_BID,"JPM,100884,182"
2019-06-28 12:57:00.000000000,BEST_ASK,"JPM,101252,177"
2019-06-28 12:57:00.000000000,LAST_TRADE,"1,$101252.0000"
2019-06-28 12:57:00.000000000,QUERY_SPREAD,80
2019-06-28 12:57:00.000000000,BEST_BID,"JPM,100884,182"
2019-06-28 12:57:00.000000000,BEST_ASK,"JPM,101252,172"
2019-06-28 12:57:00.000000000,LAST_TRADE,"5,$101252.0000"
2019-06-28 12:57:00.000000000,QUERY_SPREAD,81
2019-06-28 12:57:00.000000000,BEST_BID,"JPM,100884,182"
2019-06-28 12:57:00.000000000,BEST_ASK,"JPM,101252,167"
2019-06-28 12:57:00.000000000,LAST_TRADE,"5,$101252.0000"
2019-06-28 12:57:00.000000000,QUERY_SPREAD,82
2019-06-28 12:57:00.000000000,BEST_BID,"JPM,100884,182"
2019-06-28 12:57:00.000000000,BEST_ASK,"JPM,101252,161"
2019-06-28 12:57:00.000000000,LAST_TRADE,"6,$101252.0000"
2019-06-28 12:57:00.000000000,QUERY_SPREAD,83
2019-06-28 12:57:00.000000000,BEST_BID,"JPM,100884,182"
2019-06-28 12:57:00.000000000,BEST_ASK,"JPM,101252,157"
2019-06-28 12:57:00.000000000,LAST_TRADE,"4,$101252.0000"
2019-06-28 12:57:00.000000000,QUERY_SPREAD,84
2019-06-28 12:57:00.000000000,BEST_BID,"JPM,100884,182"
2019-06-28 12:57:00.000000000,BEST_ASK,"JPM,101252,152"
2019-06-28 12:57:00.000000000,LAST_TRADE,"5,$101252.0000"
2019-06-28 12:57:00.000000000,QUERY_SPREAD,85
2019-06-28 12:57:00.000000000,BEST_BID,"JPM,100884,182"
2019-06-28 12:57:00.000000000,BEST_ASK,"JPM,101252,147"
2019-06-28 12:57:00.000000000,LAST_TRADE,"5,$101252.0000"
2019-06-28 12:57:00.000000000,QUERY_SPREAD,86
2019-06-28 12:57:00.000000000,BEST_BID,"JPM,100884,182"
2019-06-28 12:57:00.000000000,BEST_ASK,"JPM,101252,138"
2019-06-28 12:57:00.000000000,LAST_TRADE,"9,$101252.0000"
2019-06-28 12:57:00.000000000,QUERY_SPREAD,87
2019-06-28 12:57:00.000000000,BEST_BID,"JPM,100884,182"
2019-06-28 12:57:00.000000000,BEST_ASK,"JPM,101252,136"
2019-06-28 12:57:00.000000000,LAST_TRADE,"2,$101252.0000"
2019-06-28 12:57:00.000000000,QUERY_SPREAD,88
2019-06-28 12:57:00.000000000,BEST_BID,"JPM,100884,182"
2019-06-28 12:57:00.000000000,BEST_ASK,"JPM,101252,128"
2019-06-28 12:57:00.000000000,LAST_TRADE,"8,$101252.0000"
2019-06-28 12:57:00.000000000,QUERY_SPREAD,89
2019-06-28 12:57:00.000000000,BEST_BID,"JPM,100884,182"
2019-06-28 12:57:00.000000000,BEST_ASK,"JPM,101252,121"
2019-06-28 12:57:00.000000000,LAST_TRADE,"7,$101252.0000"
2019-06-28 12:57:00.000000000,QUERY_SPREAD,90
2019-06-28 12:57:00.000000000,BEST_BID,"JPM,100884,182"
2019-06-28 12:57:00.000000000,BEST_ASK,"JPM,101252,115"
2019-06-28 12:57:00.000000000,LAST_TRADE,"6,$101252.0000"
2019-06-28 12:57:00.000000000,QUERY_SPREAD,91
2019-06-28 12:57:00.000000000,BEST_BID,"JPM,100884,182"
2019-06-28 12:57:00.000000000,BEST_ASK,"JPM,101252,110"
2019-06-28 12:57:00.000000000,LAST_TRADE,"5,$101252.0000"
2019-06-28 12:57:00.000000000,QUERY_SPREAD,92
2019-06-28 12:57:00.000000000,BEST_BID,"JPM,100884,182"
2019-06-28 12:57:00.000000000,BEST_ASK,"JPM,101252,109"
2019-06-28 12:57:00.000000000,LAST_TRADE,"1,$101252.0000"
2019-06-28 12:57:00.000000000,QUERY_SPREAD,93
2019-06-28 12:57:00.000000000,BEST_BID,"JPM,100884,182"
2019-06-28 12:57:00.000000000,BEST_ASK,"JPM,101252,107"
2019-06-28 12:57:00.000000000,LAST_TRADE,"2,$101252.0000"
2019-06-28 12:57:00.000000000,QUERY_SPREAD,94
2019-06-28 12:57:00.000000000,BEST_BID,"JPM,100884,182"
2019-06-28 12:57:00.000000000,BEST_ASK,"JPM,101252,105"
2019-06-28 12:57:00.000000000,LAST_TRADE,"2,$101252.0000"
2019-06-28 12:57:00.000000000,QUERY_SPREAD,95
2019-06-28 12:57:00.000000000,BEST_BID,"JPM,100884,182"
2019-06-28 12:57:00.000000000,BEST_ASK,"JPM,101252,98"
2019-06-28 12:57:00.000000000,LAST_TRADE,"7,$101252.0000"
2019-06-28 12:57:00.000000000,QUERY_SPREAD,96
2019-06-28 12:57:00.000000000,BEST_BID,"JPM,100884,182"
2019-06-28 12:57:00.000000000,BEST_ASK,"JPM,101252,91"
2019-06-28 12:57:00.000000000,LAST_TRADE,"7,$101252.0000"
2019-06-28 12:57:00.000000000,QUERY_SPREAD,97
2019-06-28 12:57:00.000000000,BEST_BID,"JPM,100884,182"
2019-06-28 12:57:00.000000000,BEST_ASK,"JPM,101252,85"
2019-06-28 12:57:00.000000000,LAST_TRADE,"6,$101252.0000"
2019-06-28 12:57:00.000000000,QUERY_SPREAD,98
2019-06-28 12:57:00.000000000,BEST_BID,"JPM,100884,182"
2019-06-28 12:57:00.000000000,BEST_ASK,"JPM,101252,81"
2019-06-28 12:57:00.000000000,LAST_TRADE,"4,$101252.0000"
2019-06-28 12:57:00.000000000,QUERY_SPREAD,99
2019-06-28 12:57:00.000000000,BEST_BID,"JPM,100884,182"
2019-06-28 12:57:00.000000000,BEST_ASK,"JPM,101252,79"
2019-06-28 12:57:00.000000000,LAST_TRADE,"2,$101252.0000"
2019-06-28 12:57:00.000000000,QUERY_SPREAD,100
2019-06-28 12:57:00.000000000,BEST_BID,"JPM,100884,182"
2019-06-28 12:57:00.000000000,BEST_ASK,"JPM,101252,73"
2019-06-28 12:57:00.000000000,LAST_TRADE,"6,$101252.0000"
2019-06-28 12:57:00.000000000,QUERY_SPREAD,101
2019-06-28 12:57:00.000000000,QUERY_ORDER_STREAM,101
2019-06-28 12:57:00.000000000,BEST_BID,"JPM,100884,182"
2019-06-28 12:57:00.000000000,BEST_ASK,"JPM,101252,81"
2019-06-28 12:57:10.000000000,QUERY_SPREAD,1
2019-06-28 12:57:10.000000000,BEST_BID,"JPM,100884,428"
2019-06-28 12:57:10.000000000,BEST_ASK,"JPM,101252,8"
2019-06-28 12:57:10.000000000,BEST_BID,"JPM,100884,428"
2019-06-28 12:57:10.000000000,BEST_ASK,"JPM,101252,336"
2019-06-28 12:57:11.539435972,QUERY_SPREAD,40
2019-06-28 12:57:11.539435972,BEST_BID,"JPM,100884,428"
2019-06-28 12:57:11.539435972,BEST_ASK,"JPM,101252,336"
2019-06-28 12:57:12.217789076,QUERY_SPREAD,7
2019-06-28 12:57:12.217789076,BEST_BID,"JPM,100884,328"
2019-06-28 12:57:12.217789076,BEST_ASK,"JPM,101252,336"
2019-06-28 12:57:12.217789076,LAST_TRADE,"100,$100884.0000"
2019-06-28 12:57:20.000000000,QUERY_SPREAD,1
2019-06-28 12:57:20.000000000,BEST_BID,"JPM,100339,264"
2019-06-28 12:57:20.000000000,BEST_ASK,"JPM,101252,8"
2019-06-28 12:57:20.000000000,BEST_BID,"JPM,100339,264"
2019-06-28 12:57:20.000000000,BEST_ASK,"JPM,101252,8"
2019-06-28 12:57:20.000000000,BEST_BID,"JPM,100339,264"
2019-06-28 12:57:20.000000000,BEST_ASK,"JPM,101252,172"
2019-06-28 12:57:20.000000000,BEST_BID,"JPM,100339,264"
2019-06-28 12:57:20.000000000,BEST_ASK,"JPM,101252,172"
2019-06-28 12:57:30.000000000,QUERY_SPREAD,1
2019-06-28 12:57:30.000000000,BEST_BID,"JPM,100339,264"
2019-06-28 12:57:30.000000000,BEST_ASK,"JPM,101252,8"
2019-06-28 12:57:30.000000000,BEST_BID,"JPM,100339,264"
2019-06-28 12:57:30.000000000,BEST_ASK,"JPM,101252,8"
2019-06-28 12:57:30.000000000,BEST_BID,"JPM,100339,264"
2019-06-28 12:57:30.000000000,BEST_ASK,"JPM,101252,172"
2019-06-28 12:57:30.000000000,BEST_BID,"JPM,100339,264"
2019-06-28 12:57:30.000000000,BEST_ASK,"JPM,101252,172"
2019-06-28 12:57:31.084504630,QUERY_ORDER_STREAM,53
2019-06-28 12:57:31.084504630,QUERY_SPREAD,53
2019-06-28 12:57:40.000000000,QUERY_SPREAD,1
2019-06-28 12:57:40.000000000,BEST_BID,"JPM,100339,212"
2019-06-28 12:57:40.000000000,BEST_ASK,"JPM,101252,8"
2019-06-28 12:57:40.000000000,BEST_BID,"JPM,100339,212"
2019-06-28 12:57:40.000000000,BEST_ASK,"JPM,101252,8"
2019-06-28 12:57:40.000000000,BEST_BID,"JPM,100339,212"
2019-06-28 12:57:40.000000000,BEST_ASK,"JPM,101252,8"
2019-06-28 12:57:40.000000000,BEST_BID,"JPM,100339,212"
2019-06-28 12:57:40.000000000,BEST_ASK,"JPM,101252,120"
2019-06-28 12:57:40.000000000,BEST_BID,"JPM,100339,212"
2019-06-28 12:57:40.000000000,BEST_ASK,"JPM,101252,120"
2019-06-28 12:57:40.000000000,BEST_BID,"JPM,100339,212"
2019-06-28 12:57:40.000000000,BEST_ASK,"JPM,101252,120"
2019-06-28 12:57:41.836970791,QUERY_SPREAD,3
2019-06-28 12:57:41.836970791,BEST_BID,"JPM,100339,212"
2019-06-28 12:57:41.836970791,BEST_ASK,"JPM,100362,100"
2019-06-28 12:57:49.125109180,QUERY_SPREAD,2
2019-06-28 12:57:49.125109180,BEST_BID,"JPM,100339,212"
2019-06-28 12:57:49.125109180,BEST_ASK,"JPM,100362,100"
2019-06-28 12:57:50.000000000,QUERY_SPREAD,1
2019-06-28 12:57:50.000000000,BEST_BID,"JPM,100339,182"
2019-06-28 12:57:50.000000000,BEST_ASK,"JPM,100362,100"
2019-06-28 12:57:50.000000000,BEST_BID,"JPM,100339,182"
2019-06-28 12:57:50.000000000,BEST_ASK,"JPM,100362,100"
2019-06-28 12:57:50.000000000,BEST_BID,"JPM,100339,182"
2019-06-28 12:57:50.000000000,BEST_ASK,"JPM,100362,100"
2019-06-28 12:57:50.000000000,BEST_BID,"JPM,100339,182"
2019-06-28 12:57:50.000000000,BEST_ASK,"JPM,100362,100"
2019-06-28 12:57:50.000000000,BEST_BID,"JPM,100339,182"
2019-06-28 12:57:50.000000000,BEST_ASK,"JPM,100362,182"
2019-06-28 12:57:50.000000000,BEST_BID,"JPM,100339,182"
2019-06-28 12:57:50.000000000,BEST_ASK,"JPM,100362,182"
2019-06-28 12:57:50.000000000,BEST_BID,"JPM,100339,182"
2019-06-28 12:57:50.000000000,BEST_ASK,"JPM,100362,182"
2019-06-28 12:57:50.000000000,BEST_BID,"JPM,100339,182"
2019-06-28 12:57:50.000000000,BEST_ASK,"JPM,100362,182"
2019-06-28 12:58:00.000000000,QUERY_SPREAD,1
2019-06-28 12:58:00.000000000,BEST_BID,"JPM,100339,212"
2019-06-28 12:58:00.000000000,BEST_ASK,"JPM,100362,100"
2019-06-28 12:58:00.000000000,BEST_BID,"JPM,100339,212"
2019-06-28 12:58:00.000000000,BEST_ASK,"JPM,100362,100"
2019-06-28 12:58:00.000000000,BEST_BID,"JPM,100339,212"
2019-06-28 12:58:00.000000000,BEST_ASK,"JPM,100362,100"
2019-06-28 12:58:00.000000000,BEST_BID,"JPM,100339,212"
2019-06-28 12:58:00.000000000,BEST_ASK,"JPM,100362,212"
2019-06-28 12:58:00.000000000,BEST_BID,"JPM,100339,212"
2019-06-28 12:58:00.000000000,BEST_ASK,"JPM,100362,212"
2019-06-28 12:58:00.000000000,BEST_BID,"JPM,100339,212"
2019-06-28 12:58:00.000000000,BEST_ASK,"JPM,100362,212"
2019-06-28 12:58:00.000000000,QUERY_SPREAD,77
2019-06-28 12:58:00.000000000,BEST_BID,"JPM,100339,212"
2019-06-28 12:58:00.000000000,BEST_ASK,"JPM,100362,208"
2019-06-28 12:58:00.000000000,LAST_TRADE,"4,$100362.0000"
2019-06-28 12:58:00.000000000,QUERY_SPREAD,78
2019-06-28 12:58:00.000000000,BEST_BID,"JPM,100339,212"
2019-06-28 12:58:00.000000000,BEST_ASK,"JPM,100362,200"
2019-06-28 12:58:00.000000000,LAST_TRADE,"8,$100362.0000"
2019-06-28 12:58:00.000000000,QUERY_SPREAD,79
2019-06-28 12:58:00.000000000,BEST_BID,"JPM,100339,212"
2019-06-28 12:58:00.000000000,BEST_ASK,"JPM,100362,199"
2019-06-28 12:58:00.000000000,LAST_TRADE,"1,$100362.0000"
2019-06-28 12:58:00.000000000,QUERY_SPREAD,80
2019-06-28 12:58:00.000000000,BEST_BID,"JPM,100339,212"
2019-06-28 12:58:00.000000000,BEST_ASK,"JPM,100362,194"
2019-06-28 12:58:00.000000000,LAST_TRADE,"5,$100362.0000"
2019-06-28 12:58:00.000000000,QUERY_SPREAD,81
2019-06-28 12:58:00.000000000,BEST_BID,"JPM,100339,212"
2019-06-28 12:58:00.000000000,BEST_ASK,"JPM,100362,189"
2019-06-28 12:58:00.000000000,LAST_TRADE,"5,$100362.0000"
2019-06-28 12:58:00.000000000,QUERY_SPREAD,82
2019-06-28 12:58:00.000000000,BEST_BID,"JPM,100339,212"
2019-06-28 12:58:00.000000000,BEST_ASK,"JPM,100362,183"
2019-06-28 12:58:00.000000000,LAST_TRADE,"6,$100362.0000"
2019-06-28 12:58:00.000000000,QUERY_SPREAD,83
2019-06-28 12:58:00.000000000,BEST_BID,"JPM,100339,212"
2019-06-28 12:58:00.000000000,BEST_ASK,"JPM,100362,179"
2019-06-28 12:58:00.000000000,LAST_TRADE,"4,$100362.0000"
2019-06-28 12:58:00.000000000,QUERY_SPREAD,84
2019-06-28 12:58:00.000000000,BEST_BID,"JPM,100339,212"
2019-06-28 12:58:00.000000000,BEST_ASK,"JPM,100362,174"
2019-06-28 12:58:00.000000000,LAST_TRADE,"5,$100362.0000"
2019-06-28 12:58:00.000000000,QUERY_SPREAD,85
2019-06-28 12:58:00.000000000,BEST_BID,"JPM,100339,212"
2019-06-28 12:58:00.000000000,BEST_ASK,"JPM,100362,169"
2019-06-28 12:58:00.000000000,LAST_TRADE,"5,$100362.0000"
2019-06-28 12:58:00.000000000,QUERY_SPREAD,86
2019-06-28 12:58:00.000000000,BEST_BID,"JPM,100339,212"
2019-06-28 12:58:00.000000000,BEST_ASK,"JPM,100362,160"
2019-06-28 12:58:00.000000000,LAST_TRADE,"9,$100362.0000"
2019-06-28 12:58:00.000000000,QUERY_SPREAD,87
2019-06-28 12:58:00.000000000,BEST_BID,"JPM,100339,212"
2019-06-28 12:58:00.000000000,BEST_ASK,"JPM,100362,158"
2019-06-28 12:58:00.000000000,LAST_TRADE,"2,$100362.0000"
2019-06-28 12:58:00.000000000,QUERY_SPREAD,88
2019-06-28 12:58:00.000000000,BEST_BID,"JPM,100339,212"
2019-06-28 12:58:00.000000000,BEST_ASK,"JPM,100362,150"
2019-06-28 12:58:00.000000000,LAST_TRADE,"8,$100362.0000"
2019-06-28 12:58:00.000000000,QUERY_SPREAD,89
2019-06-28 12:58:00.000000000,BEST_BID,"JPM,100339,212"
2019-06-28 12:58:00.000000000,BEST_ASK,"JPM,100362,143"
2019-06-28 12:58:00.000000000,LAST_TRADE,"7,$100362.0000"
2019-06-28 12:58:00.000000000,QUERY_SPREAD,90
2019-06-28 12:58:00.000000000,BEST_BID,"JPM,100339,212"
2019-06-28 12:58:00.000000000,BEST_ASK,"JPM,100362,137"
2019-06-28 12:58:00.000000000,LAST_TRADE,"6,$100362.0000"
2019-06-28 12:58:00.000000000,QUERY_SPREAD,91
2019-06-28 12:58:00.000000000,BEST_BID,"JPM,100339,212"
2019-06-28 12:58:00.000000000,BEST_ASK,"JPM,100362,132"
2019-06-28 12:58:00.000000000,LAST_TRADE,"5,$100362.0000"
2019-06-28 12:58:00.000000000,QUERY_SPREAD,92
2019-06-28 12:58:00.000000000,BEST_BID,"JPM,100339,212"
2019-06-28 12:58:00.000000000,BEST_ASK,"JPM,100362,131"
2019-06-28 12:58:00.000000000,LAST_TRADE,"1,$100362.0000"
2019-06-28 12:58:00.000000000,QUERY_SPREAD,93
2019-06-28 12:58:00.000000000,BEST_BID,"JPM,100339,212"
2019-06-28 12:58:00.000000000,BEST_ASK,"JPM,100362,129"
2019-06-28 12:58:00.000000000,LAST_TRADE,"2,$100362.0000"
2019-06-28 12:58:00.000000000,QUERY_SPREAD,94
2019-06-28 12:58:00.000000000,BEST_BID,"JPM,100339,212"
2019-06-28 12:58:00.000000000,BEST_ASK,"JPM,100362,127"
2019-06-28 12:58:00.000000000,LAST_TRADE,"2,$100362.0000"
2019-06-28 12:58:00.000000000,QUERY_SPREAD,95
2019-06-28 12:58:00.000000000,BEST_BID,"JPM,100339,212"
2019-06-28 12:58:00.000000000,BEST_ASK,"JPM,100362,120"
2019-06-28 12:58:00.000000000,LAST_TRADE,"7,$100362.0000"
2019-06-28 12:58:00.000000000,QUERY_SPREAD,96
2019-06-28 12:58:00.000000000,BEST_BID,"JPM,100339,212"
2019-06-28 12:58:00.000000000,BEST_ASK,"JPM,100362,113"
2019-06-28 12:58:00.000000000,LAST_TRADE,"7,$100362.0000"
2019-06-28 12:58:00.000000000,QUERY_SPREAD,97
2019-06-28 12:58:00.000000000,BEST_BID,"JPM,100339,212"
2019-06-28 12:58:00.000000000,BEST_ASK,"JPM,100362,107"
2019-06-28 12:58:00.000000000,LAST_TRADE,"6,$100362.0000"
2019-06-28 12:58:00.000000000,QUERY_SPREAD,98
2019-06-28 12:58:00.000000000,BEST_BID,"JPM,100339,212"
2019-06-28 12:58:00.000000000,BEST_ASK,"JPM,100362,103"
2019-06-28 12:58:00.000000000,LAST_TRADE,"4,$100362.0000"
2019-06-28 12:58:00.000000000,QUERY_SPREAD,99
2019-06-28 12:58:00.000000000,BEST_BID,"JPM,100339,212"
2019-06-28 12:58:00.000000000,BEST_ASK,"JPM,100362,101"
2019-06-28 12:58:00.000000000,LAST_TRADE,"2,$100362.0000"
2019-06-28 12:58:00.000000000,QUERY_SPREAD,100
2019-06-28 12:58:00.000000000,BEST_BID,"JPM,100339,212"
2019-06-28 12:58:00.000000000,BEST_ASK,"JPM,100362,95"
2019-06-28 12:58:00.000000000,LAST_TRADE,"6,$100362.0000"
2019-06-28 12:58:00.000000000,QUERY_SPREAD,101
2019-06-28 12:58:00.000000000,QUERY_ORDER_STREAM,101
2019-06-28 12:58:07.887031006,QUERY_SPREAD,12
2019-06-28 12:58:07.887031006,BEST_BID,"JPM,100339,212"
2019-06-28 12:58:07.887031006,BEST_ASK,"JPM,100362,95"
2019-06-28 12:58:10.000000000,QUERY_SPREAD,1
2019-06-28 12:58:10.000000000,BEST_BID,"JPM,100339,166"
2019-06-28 12:58:10.000000000,BEST_ASK,"JPM,100624,100"
2019-06-28 12:58:10.000000000,BEST_BID,"JPM,100339,166"
2019-06-28 12:58:10.000000000,BEST_ASK,"JPM,100624,100"
2019-06-28 12:58:10.000000000,BEST_BID,"JPM,100339,166"
2019-06-28 12:58:10.000000000,BEST_ASK,"JPM,100624,100"
2019-06-28 12:58:10.000000000,BEST_BID,"JPM,100339,166"
2019-06-28 12:58:10.000000000,BEST_ASK,"JPM,100624,100"
2019-06-28 12:58:10.000000000,BEST_BID,"JPM,100339,166"
2019-06-28 12:58:10.000000000,BEST_ASK,"JPM,100624,100"
2019-06-28 12:58:10.000000000,BEST_BID,"JPM,100339,166"
2019-06-28 12:58:10.000000000,BEST_ASK,"JPM,100624,166"
2019-06-28 12:58:10.000000000,BEST_BID,"JPM,100339,166"
2019-06-28 12:58:10.000000000,BEST_ASK,"JPM,100624,166"
2019-06-28 12:58:10.000000000,BEST_BID,"JPM,100339,166"
2019-06-28 12:58:10.000000000,BEST_ASK,"JPM,100624,166"
2019-06-28 12:58:10.000000000,BEST_BID,"JPM,100339,166"
2019-06-28 12:58:10.000000000,BEST_ASK,"JPM,100624,166"
2019-06-28 12:58:10.000000000,BEST_BID,"JPM,100339,166"
2019-06-28 12:58:10.000000000,BEST_ASK,"JPM,100624,166"
2019-06-28 12:58:20.000000000,QUERY_SPREAD,1
2019-06-28 12:58:20.000000000,BEST_BID,"JPM,100339,182"
2019-06-28 12:58:20.000000000,BEST_ASK,"JPM,100624,100"
2019-06-28 12:58:20.000000000,BEST_BID,"JPM,100339,182"
2019-06-28 12:58:20.000000000,BEST_ASK,"JPM,100624,100"
2019-06-28 12:58:20.000000000,BEST_BID,"JPM,100339,182"
2019-06-28 12:58:20.000000000,BEST_ASK,"JPM,100624,100"
2019-06-28 12:58:20.000000000,BEST_BID,"JPM,100339,182"
2019-06-28 12:58:20.000000000,BEST_ASK,"JPM,100624,100"
2019-06-28 12:58:20.000000000,BEST_BID,"JPM,100339,182"
2019-06-28 12:58:20.000000000,BEST_ASK,"JPM,100624,182"
2019-06-28 12:58:20.000000000,BEST_BID,"JPM,100339,182"
2019-06-28 12:58:20.000000000,BEST_ASK,"JPM,100624,182"
2019-06-28 12:58:20.000000000,BEST_BID,"JPM,100339,182"
2019-06-28 12:58:20.000000000,BEST_ASK,"JPM,100624,182"
2019-06-28 12:58:20.000000000,BEST_BID,"JPM,100339,182"
2019-06-28 12:58:20.000000000,BEST_ASK,"JPM,100624,182"
2019-06-28 12:58:26.874559978,QUERY_ORDER_STREAM,53
2019-06-28 12:58:26.874559978,QUERY_SPREAD,53
2019-06-28 12:58:26.874559978,BEST_BID,"JPM,100362,100"
2019-06-28 12:58:26.874559978,BEST_ASK,"JPM,100624,182"
2019-06-28 12:58:26.926891198,QUERY_SPREAD,18
2019-06-28 12:58:26.926891198,BEST_BID,"JPM,100362,100"
2019-06-28 12:58:26.926891198,BEST_ASK,"JPM,100467,100"
2019-06-28 12:58:30.000000000,QUERY_SPREAD,1
2019-06-28 12:58:30.000000000,BEST_BID,"JPM,100362,264"
2019-06-28 12:58:30.000000000,BEST_ASK,"JPM,100467,100"
2019-06-28 12:58:30.000000000,BEST_BID,"JPM,100362,264"
2019-06-28 12:58:30.000000000,BEST_ASK,"JPM,100467,100"
2019-06-28 12:58:30.000000000,BEST_BID,"JPM,100362,264"
2019-06-28 12:58:30.000000000,BEST_ASK,"JPM,100467,264"
2019-06-28 12:58:30.000000000,BEST_BID,"JPM,100362,264"
2019-06-28 12:58:30.000000000,BEST_ASK,"JPM,100467,264"
2019-06-28 12:58:36.592834136,QUERY_ORDER_STREAM,64
2019-06-28 12:58:36.592834136,QUERY_SPREAD,64
2019-06-28 12:58:40.000000000,QUERY_SPREAD,1
2019-06-28 12:58:40.000000000,BEST_BID,"JPM,100362,166"
2019-06-28 12:58:40.000000000,BEST_ASK,"JPM,100467,100"
2019-06-28 12:58:40.000000000,BEST_BID,"JPM,100362,166"
2019-06-28 12:58:40.000000000,BEST_ASK,"JPM,100467,100"
2019-06-28 12:58:40.000000000,BEST_BID,"JPM,100362,166"
2019-06-28 12:58:40.000000000,BEST_ASK,"JPM,100467,100"
2019-06-28 12:58:40.000000000,BEST_BID,"JPM,100362,166"
2019-06-28 12:58:40.000000000,BEST_ASK,"JPM,100467,100"
2019-06-28 12:58:40.000000000,BEST_BID,"JPM,100362,166"
2019-06-28 12:58:40.000000000,BEST_ASK,"JPM,100467,100"
2019-06-28 12:58:40.000000000,BEST_BID,"JPM,100362,166"
2019-06-28 12:58:40.000000000,BEST_ASK,"JPM,100467,166"
2019-06-28 12:58:40.000000000,BEST_BID,"JPM,100362,166"
2019-06-28 12:58:40.000000000,BEST_ASK,"JPM,100467,166"
2019-06-28 12:58:40.000000000,BEST_BID,"JPM,100362,166"
2019-06-28 12:58:40.000000000,BEST_ASK,"JPM,100467,166"
2019-06-28 12:58:40.000000000,BEST_BID,"JPM,100362,166"
2019-06-28 12:58:40.000000000,BEST_ASK,"JPM,100467,166"
2019-06-28 12:58:40.000000000,BEST_BID,"JPM,100362,166"
2019-06-28 12:58:40.000000000,BEST_ASK,"JPM,100467,166"
2019-06-28 12:58:47.598565528,QUERY_SPREAD,25
2019-06-28 12:58:47.598565528,BEST_BID,"JPM,100362,166"
2019-06-28 12:58:47.598565528,BEST_ASK,"JPM,100467,166"
2019-06-28 12:58:50.000000000,QUERY_SPREAD,1
2019-06-28 12:58:50.000000000,BEST_BID,"JPM,100362,212"
2019-06-28 12:58:50.000000000,BEST_ASK,"JPM,100467,100"
2019-06-28 12:58:50.000000000,BEST_BID,"JPM,100362,212"
2019-06-28 12:58:50.000000000,BEST_ASK,"JPM,100467,100"
2019-06-28 12:58:50.000000000,BEST_BID,"JPM,100362,212"
2019-06-28 12:58:50.000000000,BEST_ASK,"JPM,100467,100"
2019-06-28 12:58:50.000000000,BEST_BID,"JPM,100362,212"
2019-06-28 12:58:50.000000000,BEST_ASK,"JPM,100467,212"
2019-06-28 12:58:50.000000000,BEST_BID,"JPM,100362,212"
2019-06-28 12:58:50.000000000,BEST_ASK,"JPM,100467,212"
2019-06-28 12:58:50.000000000,BEST_BID,"JPM,100362,212"
2019-06-28 12:58:50.000000000,BEST_ASK,"JPM,100467,212"
2019-06-28 12:59:00.000000000,QUERY_SPREAD,1
2019-06-28 12:59:00.000000000,BEST_BID,"JPM,100362,428"
2019-06-28 12:59:00.000000000,BEST_ASK,"JPM,100467,100"
2019-06-28 12:59:00.000000000,BEST_BID,"JPM,100362,428"
2019-06-28 12:59:00.000000000,BEST_ASK,"JPM,100467,428"
2019-06-28 12:59:00.000000000,QUERY_SPREAD,77
2019-06-28 12:59:00.000000000,BEST_BID,"JPM,100362,428"
2019-06-28 12:59:00.000000000,BEST_ASK,"JPM,100467,424"
2019-06-28 12:59:00.000000000,LAST_TRADE,"4,$100467.0000"
2019-06-28 12:59:00.000000000,QUERY_SPREAD,78
2019-06-28 12:59:00.000000000,BEST_BID,"JPM,100362,428"
2019-06-28 12:59:00.000000000,BEST_ASK,"JPM,100467,416"
2019-06-28 12:59:00.000000000,LAST_TRADE,"8,$100467.0000"
2019-06-28 12:59:00.000000000,QUERY_SPREAD,79
2019-06-28 12:59:00.000000000,BEST_BID,"JPM,100362,428"
2019-06-28 12:59:00.000000000,BEST_ASK,"JPM,100467,415"
2019-06-28 12:59:00.000000000,LAST_TRADE,"1,$100467.0000"
2019-06-28 12:59:00.000000000,QUERY_SPREAD,80
2019-06-28 12:59:00.000000000,BEST_BID,"JPM,100362,428"
2019-06-28 12:59:00.000000000,BEST_ASK,"JPM,100467,410"
2019-06-28 12:59:00.000000000,LAST_TRADE,"5,$100467.0000"
2019-06-28 12:59:00.000000000,QUERY_SPREAD,81
2019-06-28 12:59:00.000000000,BEST_BID,"JPM,100362,428"
2019-06-28 12:59:00.000000000,BEST_ASK,"JPM,100467,405"
2019-06-28 12:59:00.000000000,LAST_TRADE,"5,$100467.0000"
2019-06-28 12:59:00.000000000,QUERY_SPREAD,82
2019-06-28 12:59:00.000000000,BEST_BID,"JPM,100362,428"
2019-06-28 12:59:00.000000000,BEST_ASK,"JPM,100467,399"
2019-06-28 12:59:00.000000000,LAST_TRADE,"6,$100467.0000"
2019-06-28 12:59:00.000000000,QUERY_SPREAD,83
2019-06-28 12:59:00.000000000,BEST_BID,"JPM,100362,428"
2019-06-28 12:59:00.000000000,BEST_ASK,"JPM,100467,395"
2019-06-28 12:59:00.000000000,LAST_TRADE,"4,$100467.0000"
2019-06-28 12:59:00.000000000,QUERY_SPREAD,84
2019-06-28 12:59:00.000000000,BEST_BID,"JPM,100362,428"
2019-06-28 12:59:00.000000000,BEST_ASK,"JPM,100467,390"
2019-06-28 12:59:00.000000000,LAST_TRADE,"5,$100467.0000"
2019-06-28 12:59:00.000000000,QUERY_SPREAD,85
2019-06-28 12:59:00.000000000,BEST_BID,"JPM,100362,428"
2019-06-28 12:59:00.000000000,BEST_ASK,"JPM,100467,385"
2019-06-28 12:59:00.000000000,LAST_TRADE,"5,$100467.0000"
2019-06-28 12:59:00.000000000,QUERY_SPREAD,86
2019-06-28 12:59:00.000000000,BEST_BID,"JPM,100362,428"
2019-06-28 12:59:00.000000000,BEST_ASK,"JPM,100467,376"
2019-06-28 12:59:00.000000000,LAST_TRADE,"9,$100467.0000"
2019-06-28 12:59:00.000000000,QUERY_SPREAD,87
2019-06-28 12:59:00.000000000,BEST_BID,"JPM,100362,428"
2019-06-28 12:59:00.000000000,BEST_ASK,"JPM,100467,374"
2019-06-28 12:59:00.000000000,LAST_TRADE,"2,$100467.0000"
2019-06-28 12:59:00.000000000,QUERY_SPREAD,88
2019-06-28 12:59:00.000000000,BEST_BID,"JPM,100362,428"
2019-06-28 12:59:00.000000000,BEST_ASK,"JPM,100467,366"
2019-06-28 12:59:00.000000000,LAST_TRADE,"8,$100467.0000"
2019-06-28 12:59:00.000000000,QUERY_SPREAD,89
2019-06-28 12:59:00.000000000,BEST_BID,"JPM,100362,428"
2019-06-28 12:59:00.000000000,BEST_ASK,"JPM,100467,359"
2019-06-28 12:59:00.000000000,LAST_TRADE,"7,$100467.0000"
2019-06-28 12:59:00.000000000,QUERY_SPREAD,90
2019-06-28 12:59:00.000000000,BEST_BID,"JPM,100362,428"
2019-06-28 12:59:00.000000000,BEST_ASK,"JPM,100467,353"
2019-06-28 12:59:00.000000000,LAST_TRADE,"6,$100467.0000"
2019-06-28 12:59:00.000000000,QUERY_SPREAD,91
2019-06-28 12:59:00.000000000,BEST_BID,"JPM,100362,428"
2019-06-28 12:59:00.000000000,BEST_ASK,"JPM,100467,348"
2019-06-28 12:59:00.000000000,LAST_TRADE,"5,$100467.0000"
2019-06-28 12:59:00.000000000,QUERY_SPREAD,92
2019-06-28 12:59:00.000000000,BEST_BID,"JPM,100362,428"
2019-06-28 12:59:00.000000000,BEST_ASK,"JPM,100467,347"
2019-06-28 12:59:00.000000000,LAST_TRADE,"1,$100467.0000"
2019-06-28 12:59:00.000000000,QUERY_SPREAD,93
2019-06-28 12:59:00.000000000,BEST_BID,"JPM,100362,428"
2019-06-28 12:59:00.000000000,BEST_ASK,"JPM,100467,345"
2019-06-28 12:59:00.000000000,LAST_TRADE,"2,$100467.0000"
2019-06-28 12:59:00.000000000,QUERY_SPREAD,94
2019-06-28 12:59:00.000000000,BEST_BID,"JPM,100362,428"
2019-06-28 12:59:00.000000000,BEST_ASK,"JPM,100467,343"
2019-06-28 12:59:00.000000000,LAST_TRADE,"2,$100467.0000"
2019-06-28 12:59:00.000000000,QUERY_SPREAD,95
2019-06-28 12:59:00.000000000,BEST_BID,"JPM,100362,428"
2019-06-28 12:59:00.000000000,BEST_ASK,"JPM,100467,336"
2019-06-28 12:59:00.000000000,LAST_TRADE,"7,$100467.0000"
2019-06-28 12:59:00.000000000,QUERY_SPREAD,96
2019-06-28 12:59:00.000000000,BEST_BID,"JPM,100362,428"
2019-06-28 12:59:00.000000000,BEST_ASK,"JPM,100467,329"
2019-06-28 12:59:00.000000000,LAST_TRADE,"7,$100467.0000"
2019-06-28 12:59:00.000000000,QUERY_SPREAD,97
2019-06-28 12:59:00.000000000,BEST_BID,"JPM,100362,428"
2019-06-28 12:59:00.000000000,BEST_ASK,"JPM,100467,323"
2019-06-28 12:59:00.000000000,LAST_TRADE,"6,$100467.0000"
2019-06-28 12:59:00.000000000,QUERY_SPREAD,98
2019-06-28 12:59:00.000000000,BEST_BID,"JPM,100362,428"
2019-06-28 12:59:00.000000000,BEST_ASK,"JPM,100467,319"
2019-06-28 12:59:00.000000000,LAST_TRADE,"4,$100467.0000"
2019-06-28 12:59:00.000000000,QUERY_SPREAD,99
2019-06-28 12:59:00.000000000,BEST_BID,"JPM,100362,428"
2019-06-28 12:59:00.000000000,BEST_ASK,"JPM,100467,317"
2019-06-28 12:59:00.000000000,LAST_TRADE,"2,$100467.0000"
2019-06-28 12:59:00.000000000,QUERY_SPREAD,100
2019-06-28 12:59:00.000000000,BEST_BID,"JPM,100362,428"
2019-06-28 12:59:00.000000000,BEST_ASK,"JPM,100467,311"
2019-06-28 12:59:00.000000000,LAST_TRADE,"6,$100467.0000"
2019-06-28 12:59:00.000000000,QUERY_SPREAD,101
2019-06-28 12:59:00.000000000,QUERY_ORDER_STREAM,101
2019-06-28 12:59:10.000000000,QUERY_SPREAD,1
2019-06-28 12:59:10.000000000,BEST_BID,"JPM,100362,212"
2019-06-28 12:59:10.000000000,BEST_ASK,"JPM,100624,100"
2019-06-28 12:59:10.000000000,BEST_BID,"JPM,100362,212"
2019-06-28 12:59:10.000000000,BEST_ASK,"JPM,100624,100"
2019-06-28 12:59:10.000000000,BEST_BID,"JPM,100362,212"
2019-06-28 12:59:10.000000000,BEST_ASK,"JPM,100624,100"
2019-06-28 12:59:10.000000000,BEST_BID,"JPM,100362,212"
2019-06-28 12:59:10.000000000,BEST_ASK,"JPM,100624,212"
2019-06-28 12:59:10.000000000,BEST_BID,"JPM,100362,212"
2019-06-28 12:59:10.000000000,BEST_ASK,"JPM,100624,212"
2019-06-28 12:59:10.000000000,BEST_BID,"JPM,100362,212"
2019-06-28 12:59:10.000000000,BEST_ASK,"JPM,100624,212"
2019-06-28 12:59:17.467356348,QUERY_SPREAD,5
2019-06-28 12:59:17.467356348,BEST_BID,"JPM,100362,212"
2019-06-28 12:59:17.467356348,BEST_ASK,"JPM,100624,212"
2019-06-28 12:59:20.000000000,QUERY_SPREAD,1
2019-06-28 12:59:20.000000000,BEST_BID,"JPM,100362,166"
2019-06-28 12:59:20.000000000,BEST_ASK,"JPM,100624,100"
2019-06-28 12:59:20.000000000,BEST_BID,"JPM,100362,166"
2019-06-28 12:59:20.000000000,BEST_ASK,"JPM,100624,100"
2019-06-28 12:59:20.000000000,BEST_BID,"JPM,100362,166"
2019-06-28 12:59:20.000000000,BEST_ASK,"JPM,100624,100"
2019-06-28 12:59:20.000000000,BEST_BID,"JPM,100362,166"
2019-06-28 12:59:20.000000000,BEST_ASK,"JPM,100624,100"
2019-06-28 12:59:20.000000000,BEST_BID,"JPM,100362,166"
2019-06-28 12:59:20.000000000,BEST_ASK,"JPM,100624,100"
2019-06-28 12:59:20.000000000,BEST_BID,"JPM,100362,166"
2019-06-28 12:59:20.000000000,BEST_ASK,"JPM,100624,166"
2019-06-28 12:59:20.000000000,BEST_BID,"JPM,100362,166"
2019-06-28 12:59:20.000000000,BEST_ASK,"JPM,100624,166"
2019-06-28 12:59:20.000000000,BEST_BID,"JPM,100362,166"
2019-06-28 12:59:20.000000000,BEST_ASK,"JPM,100624,166"
2019-06-28 12:59:20.000000000,BEST_BID,"JPM,100362,166"
2019-06-28 12:59:20.000000000,BEST_ASK,"JPM,100624,166"
2019-06-28 12:59:20.000000000,BEST_BID,"JPM,100362,166"
2019-06-28 12:59:20.000000000,BEST_ASK,"JPM,100624,166"
2019-06-28 12:59:30.000000000,QUERY_SPREAD,1
2019-06-28 12:59:30.000000000,BEST_BID,"JPM,100362,166"
2019-06-28 12:59:30.000000000,BEST_ASK,"JPM,100624,100"
2019-06-28 12:59:30.000000000,BEST_BID,"JPM,100362,166"
2019-06-28 12:59:30.000000000,BEST_ASK,"JPM,100624,100"
2019-06-28 12:59:30.000000000,BEST_BID,"JPM,100362,166"
2019-06-28 12:59:30.000000000,BEST_ASK,"JPM,100624,100"
2019-06-28 12:59:30.000000000,BEST_BID,"JPM,100362,166"
2019-06-28 12:59:30.000000000,BEST_ASK,"JPM,100624,100"
2019-06-28 12:59:30.000000000,BEST_BID,"JPM,100362,166"
2019-06-28 12:59:30.000000000,BEST_ASK,"JPM,100624,100"
2019-06-28 12:59:30.000000000,BEST_BID,"JPM,100362,166"
2019-06-28 12:59:30.000000000,BEST_ASK,"JPM,100624,166"
2019-06-28 12:59:30.000000000,BEST_BID,"JPM,100362,166"
2019-06-28 12:59:30.000000000,BEST_ASK,"JPM,100624,166"
2019-06-28 12:59:30.000000000,BEST_BID,"JPM,100362,166"
2019-06-28 12:59:30.000000000,BEST_ASK,"JPM,100624,166"
2019-06-28 12:59:30.000000000,BEST_BID,"JPM,100362,166"
2019-06-28 12:59:30.000000000,BEST_ASK,"JPM,100624,166"
2019-06-28 12:59:30.000000000,BEST_BID,"JPM,100362,166"
2019-06-28 12:59:30.000000000,BEST_ASK,"JPM,100624,166"
2019-06-28 12:59:40.000000000,QUERY_SPREAD,1
2019-06-28 12:59:40.000000000,BEST_BID,"JPM,100362,182"
2019-06-28 12:59:40.000000000,BEST_ASK,"JPM,100624,100"
2019-06-28 12:59:40.000000000,BEST_BID,"JPM,100362,182"
2019-06-28 12:59:40.000000000,BEST_ASK,"JPM,100624,100"
2019-06-28 12:59:40.000000000,BEST_BID,"JPM,100362,182"
2019-06-28 12:59:40.000000000,BEST_ASK,"JPM,100624,100"
2019-06-28 12:59:40.000000000,BEST_BID,"JPM,100362,182"
2019-06-28 12:59:40.000000000,BEST_ASK,"JPM,100624,100"
2019-06-28 12:59:40.000000000,BEST_BID,"JPM,100362,182"
2019-06-28 12:59:40.000000000,BEST_ASK,"JPM,100624,182"
2019-06-28 12:59:40.000000000,BEST_BID,"JPM,100362,182"
2019-06-28 12:59:40.000000000,BEST_ASK,"JPM,100624,182"
2019-06-28 12:59:40.000000000,BEST_BID,"JPM,100362,182"
2019-06-28 12:59:40.000000000,BEST_ASK,"JPM,100624,182"
2019-06-28 12:59:40.000000000,BEST_BID,"JPM,100362,182"
2019-06-28 12:59:40.000000000,BEST_ASK,"JPM,100624,182"
2019-06-28 12:59:50.000000000,QUERY_SPREAD,1
2019-06-28 12:59:50.000000000,BEST_BID,"JPM,100362,182"
2019-06-28 12:59:50.000000000,BEST_ASK,"JPM,100624,100"
2019-06-28 12:59:50.000000000,BEST_BID,"JPM,100362,182"
2019-06-28 12:59:50.000000000,BEST_ASK,"JPM,100624,100"
2019-06-28 12:59:50.000000000,BEST_BID,"JPM,100362,182"
2019-06-28 12:59:50.000000000,BEST_ASK,"JPM,100624,100"
2019-06-28 12:59:50.000000000,BEST_BID,"JPM,100362,182"
2019-06-28 12:59:50.000000000,BEST_ASK,"JPM,100624,100"
2019-06-28 12:59:50.000000000,BEST_BID,"JPM,100362,182"
2019-06-28 12:59:50.000000000,BEST_ASK,"JPM,100624,182"
2019-06-28 12:59:50.000000000,BEST_BID,"JPM,100362,182"
2019-06-28 12:59:50.000000000,BEST_ASK,"JPM,100624,182"
2019-06-28 12:59:50.000000000,BEST_BID,"JPM,100362,182"
2019-06-28 12:59:50.000000000,BEST_ASK,"JPM,100624,182"
2019-06-28 12:59:50.000000000,BEST_BID,"JPM,100362,182"
2019-06-28 12:59:50.000000000,BEST_ASK,"JPM,100624,182"
2019-06-28 13:00:00.000000000,QUERY_SPREAD,1
2019-06-28 13:00:00.000000000,BEST_BID,"JPM,100362,264"
2019-06-28 13:00:00.000000000,BEST_ASK,"JPM,100624,100"
2019-06-28 13:00:00.000000000,BEST_BID,"JPM,100362,264"
2019-06-28 13:00:00.000000000,BEST_ASK,"JPM,100624,100"
2019-06-28 13:00:00.000000000,BEST_BID,"JPM,100362,264"
2019-06-28 13:00:00.000000000,BEST_ASK,"JPM,100624,264"
2019-06-28 13:00:00.000000000,BEST_BID,"JPM,100362,264"
2019-06-28 13:00:00.000000000,BEST_ASK,"JPM,100624,264"
2019-06-28 13:00:00.000000000,QUERY_SPREAD,77
2019-06-28 13:00:00.000000000,BEST_BID,"JPM,100362,264"
2019-06-28 13:00:00.000000000,BEST_ASK,"JPM,100624,260"
2019-06-28 13:00:00.000000000,LAST_TRADE,"4,$100624.0000"
2019-06-28 13:00:00.000000000,QUERY_SPREAD,78
2019-06-28 13:00:00.000000000,BEST_BID,"JPM,100362,264"
2019-06-28 13:00:00.000000000,BEST_ASK,"JPM,100624,252"
2019-06-28 13:00:00.000000000,LAST_TRADE,"8,$100624.0000"
2019-06-28 13:00:00.000000000,QUERY_SPREAD,79
2019-06-28 13:00:00.000000000,BEST_BID,"JPM,100362,264"
2019-06-28 13:00:00.000000000,BEST_ASK,"JPM,100624,251"
2019-06-28 13:00:00.000000000,LAST_TRADE,"1,$100624.0000"
2019-06-28 13:00:00.000000000,QUERY_SPREAD,80
2019-06-28 13:00:00.000000000,BEST_BID,"JPM,100362,264"
2019-06-28 13:00:00.000000000,BEST_ASK,"JPM,100624,246"
2019-06-28 13:00:00.000000000,LAST_TRADE,"5,$100624.0000"
2019-06-28 13:00:00.000000000,QUERY_SPREAD,81
2019-06-28 13:00:00.000000000,BEST_BID,"JPM,100362,264"
2019-06-28 13:00:00.000000000,BEST_ASK,"JPM,100624,241"
2019-06-28 13:00:00.000000000,LAST_TRADE,"5,$100624.0000"
2019-06-28 13:00:00.000000000,QUERY_SPREAD,82
2019-06-28 13:00:00.000000000,BEST_BID,"JPM,100362,264"
2019-06-28 13:00:00.000000000,BEST_ASK,"JPM,100624,235"
2019-06-28 13:00:00.000000000,LAST_TRADE,"6,$100624.0000"
2019-06-28 13:00:00.000000000,QUERY_SPREAD,83
2019-06-28 13:00:00.000000000,BEST_BID,"JPM,100362,264"
2019-06-28 13:00:00.000000000,BEST_ASK,"JPM,100624,231"
2019-06-28 13:00:00.000000000,LAST_TRADE,"4,$100624.0000"
2019-06-28 13:00:00.000000000,QUERY_SPREAD,84
2019-06-28 13:00:00.000000000,BEST_BID,"JPM,100362,264"
2019-06-28 13:00:00.000000000,BEST_ASK,"JPM,100624,226"
2019-06-28 13:00:00.000000000,LAST_TRADE,"5,$100624.0000"
2019-06-28 13:00:00.000000000,QUERY_SPREAD,85
2019-06-28 13:00:00.000000000,BEST_BID,"JPM,100362,264"
2019-06-28 13:00:00.000000000,BEST_ASK,"JPM,100624,221"
2019-06-28 13:00:00.000000000,LAST_TRADE,"5,$100624.0000"
2019-06-28 13:00:00.000000000,QUERY_SPREAD,86
2019-06-28 13:00:00.000000000,BEST_BID,"JPM,100362,264"
2019-06-28 13:00:00.000000000,BEST_ASK,"JPM,100624,212"
2019-06-28 13:00:00.000000000,LAST_TRADE,"9,$100624.0000"
2019-06-28 13:00:00.000000000,QUERY_SPREAD,87
2019-06-28 13:00:00.000000000,BEST_BID,"JPM,100362,264"
2019-06-28 13:00:00.000000000,BEST_ASK,"JPM,100624,210"
2019-06-28 13:00:00.000000000,LAST_TRADE,"2,$100624.0000"
2019-06-28 13:00:00.000000000,QUERY_SPREAD,88
2019-06-28 13:00:00.000000000,BEST_BID,"JPM,100362,264"
2019-06-28 13:00:00.000000000,BEST_ASK,"JPM,100624,202"
2019-06-28 13:00:00.000000000,LAST_TRADE,"8,$100624.0000"
2019-06-28 13:00:00.000000000,QUERY_SPREAD,89
2019-06-28 13:00:00.000000000,BEST_BID,"JPM,100362,264"
2019-06-28 13:00:00.000000000,BEST_ASK,"JPM,100624,195"
2019-06-28 13:00:00.000000000,LAST_TRADE,"7,$100624.0000"
2019-06-28 13:00:00.000000000,QUERY_SPREAD,90
2019-06-28 13:00:00.000000000,BEST_BID,"JPM,100362,264"
2019-06-28 13:00:00.000000000,BEST_ASK,"JPM,100624,189"
2019-06-28 13:00:00.000000000,LAST_TRADE,"6,$100624.0000"
2019-06-28 13:00:00.000000000,QUERY_SPREAD,91
2019-06-28 13:00:00.000000000,BEST_BID,"JPM,100362,264"
2019-06-28 13:00:00.000000000,BEST_ASK,"JPM,100624,184"
2019-06-28 13:00:00.000000000,LAST_TRADE,"5,$100624.0000"
2019-06-28 13:00:00.000000000,QUERY_SPREAD,92
2019-06-28 13:00:00.000000000,BEST_BID,"JPM,100362,264"
2019-06-28 13:00:00.000000000,BEST_ASK,"JPM,100624,183"
2019-06-28 13:00:00.000000000,LAST_TRADE,"1,$100624.0000"
2019-06-28 13:00:00.000000000,QUERY_SPREAD,93
2019-06-28 13:00:00.000000000,BEST_BID,"JPM,100362,264"
2019-06-28 13:00:00.000000000,BEST_ASK,"JPM,100624,181"
2019-06-28 13:00:00.000000000,LAST_TRADE,"2,$100624.0000"
2019-06-28 13:00:00.000000000,QUERY_SPREAD,94
2019-06-28 13:00:00.000000000,BEST_BID,"JPM,100362,264"
2019-06-28 13:00:00.000000000,BEST_ASK,"JPM,100624,179"
2019-06-28 13:00:00.000000000,LAST_TRADE,"2,$100624.0000"
2019-06-28 13:00:00.000000000,QUERY_SPREAD,95
2019-06-28 13:00:00.000000000,BEST_BID,"JPM,100362,264"
2019-06-28 13:00:00.000000000,BEST_ASK,"JPM,100624,172"
2019-06-28 13:00:00.000000000,LAST_TRADE,"7,$100624.0000"
2019-06-28 13:00:00.000000000,QUERY_SPREAD,96
2019-06-28 13:00:00.000000000,BEST_BID,"JPM,100362,264"
2019-06-28 13:00:00.000000000,BEST_ASK,"JPM,100624,165"
2019-06-28 13:00:00.000000000,LAST_TRADE,"7,$100624.0000"
2019-06-28 13:00:00.000000000,QUERY_SPREAD,97
2019-06-28 13:00:00.000000000,BEST_BID,"JPM,100362,264"
2019-06-28 13:00:00.000000000,BEST_ASK,"JPM,100624,159"
2019-06-28 13:00:00.000000000,LAST_TRADE,"6,$100624.0000"
2019-06-28 13:00:00.000000000,QUERY_SPREAD,98
2019-06-28 13:00:00.000000000,BEST_BID,"JPM,100362,264"
2019-06-28 13:00:00.000000000,BEST_ASK,"JPM,100624,155"
2019-06-28 13:00:00.000000000,LAST_TRADE,"4,$100624.0000"
2019-06-28 13:00:00.000000000,QUERY_SPREAD,99
2019-06-28 13:00:00.000000000,BEST_BID,"JPM,100362,264"
2019-06-28 13:00:00.000000000,BEST_ASK,"JPM,100624,153"
2019-06-28 13:00:00.000000000,LAST_TRADE,"2,$100624.0000"
2019-06-28 13:00:00.000000000,QUERY_SPREAD,100
2019-06-28 13:00:00.000000000,BEST_BID,"JPM,100362,264"
2019-06-28 13:00:00.000000000,BEST_ASK,"JPM,100624,147"
2019-06-28 13:00:00.000000000,LAST_TRADE,"6,$100624.0000"
2019-06-28 13:00:00.000000000,QUERY_SPREAD,101
2019-06-28 13:00:00.000000000,QUERY_ORDER_STREAM,101
2019-06-28 13:00:10.000000000,QUERY_SPREAD,1
2019-06-28 13:00:10.000000000,BEST_BID,"JPM,100362,428"
2019-06-28 13:00:10.000000000,BEST_ASK,"JPM,100628,100"
2019-06-28 13:00:10.000000000,BEST_BID,"JPM,100362,428"
2019-06-28 13:00:10.000000000,BEST_ASK,"JPM,100628,428"
2019-06-28 13:00:20.000000000,QUERY_SPREAD,1
2019-06-28 13:00:20.000000000,BEST_BID,"JPM,100362,182"
2019-06-28 13:00:20.000000000,BEST_ASK,"JPM,100628,100"
2019-06-28 13:00:20.000000000,BEST_BID,"JPM,100362,182"
2019-06-28 13:00:20.000000000,BEST_ASK,"JPM,100628,100"
2019-06-28 13:00:20.000000000,BEST_BID,"JPM,100362,182"
2019-06-28 13:00:20.000000000,BEST_ASK,"JPM,100628,100"
2019-06-28 13:00:20.000000000,BEST_BID,"JPM,100362,182"
2019-06-28 13:00:20.000000000,BEST_ASK,"JPM,100628,100"
2019-06-28 13:00:20.000000000,BEST_BID,"JPM,100362,182"
2019-06-28 13:00:20.000000000,BEST_ASK,"JPM,100628,182"
2019-06-28 13:00:20.000000000,BEST_BID,"JPM,100362,182"
2019-06-28 13:00:20.000000000,BEST_ASK,"JPM,100628,182"
2019-06-28 13:00:20.000000000,BEST_BID,"JPM,100362,182"
2019-06-28 13:00:20.000000000,BEST_ASK,"JPM,100628,182"
2019-06-28 13:00:20.000000000,BEST_BID,"JPM,100362,182"
2019-06-28 13:00:20.000000000,BEST_ASK,"JPM,100628,182"
2019-06-28 13:00:25.886489797,QUERY_SPREAD,28
2019-06-28 13:00:25.886489797,BEST_BID,"JPM,100362,182"
2019-06-28 13:00:25.886489797,BEST_ASK,"JPM,100628,82"
2019-06-28 13:00:25.886489797,LAST_TRADE,"100,$100628.0000"
2019-06-28 13:00:30.000000000,QUERY_SPREAD,1
2019-06-28 13:00:30.000000000,BEST_BID,"JPM,100362,428"
2019-06-28 13:00:30.000000000,BEST_ASK,"JPM,101252,8"
2019-06-28 13:00:30.000000000,BEST_BID,"JPM,100362,428"
2019-06-28 13:00:30.000000000,BEST_ASK,"JPM,101252,336"
2019-06-28 13:00:35.711110159,QUERY_SPREAD,18
2019-06-28 13:00:35.711110159,BEST_BID,"JPM,100722,100"
2019-06-28 13:00:35.711110159,BEST_ASK,"JPM,101252,336"
2019-06-28 13:00:40.000000000,QUERY_SPREAD,1
2019-06-28 13:00:40.000000000,BEST_BID,"JPM,100722,166"
2019-06-28 13:00:40.000000000,BEST_ASK,"JPM,101252,8"
2019-06-28 13:00:40.000000000,BEST_BID,"JPM,100722,166"
2019-06-28 13:00:40.000000000,BEST_ASK,"JPM,101252,8"
2019-06-28 13:00:40.000000000,BEST_BID,"JPM,100722,166"
2019-06-28 13:00:40.000000000,BEST_ASK,"JPM,101252,8"
2019-06-28 13:00:40.000000000,BEST_BID,"JPM,100722,166"
2019-06-28 13:00:40.000000000,BEST_ASK,"JPM,101252,8"
2019-06-28 13:00:40.000000000,BEST_BID,"JPM,100722,166"
2019-06-28 13:00:40.000000000,BEST_ASK,"JPM,101252,8"
2019-06-28 13:00:40.000000000,BEST_BID,"JPM,100722,166"
2019-06-28 13:00:40.000000000,BEST_ASK,"JPM,101252,74"
2019-06-28 13:00:40.000000000,BEST_BID,"JPM,100722,166"
2019-06-28 13:00:40.000000000,BEST_ASK,"JPM,101252,74"
2019-06-28 13:00:40.000000000,BEST_BID,"JPM,100722,166"
2019-06-28 13:00:40.000000000,BEST_ASK,"JPM,101252,74"
2019-06-28 13:00:40.298316835,QUERY_ORDER_STREAM,61
2019-06-28 13:00:40.298316835,QUERY_SPREAD,61
2019-06-28 13:00:40.298316835,BEST_BID,"JPM,100722,166"
2019-06-28 13:00:40.298316835,BEST_ASK,"JPM,101252,74"
2019-06-28 13:00:50.000000000,QUERY_SPREAD,1
2019-06-28 13:00:50.000000000,BEST_BID,"JPM,100722,428"
2019-06-28 13:00:50.000000000,BEST_ASK,"JPM,101252,8"
2019-06-28 13:00:50.000000000,BEST_BID,"JPM,100722,428"
2019-06-28 13:00:50.000000000,BEST_ASK,"JPM,101252,336"
2019-06-28 13:01:00.000000000,QUERY_SPREAD,1
2019-06-28 13:01:00.000000000,BEST_BID,"JPM,100722,212"
2019-06-28 13:01:00.000000000,BEST_ASK,"JPM,101252,8"
2019-06-28 13:01:00.000000000,BEST_BID,"JPM,100722,212"
2019-06-28 13:01:00.000000000,BEST_ASK,"JPM,101252,8"
2019-06-28 13:01:00.000000000,BEST_BID,"JPM,100722,212"
2019-06-28 13:01:00.000000000,BEST_ASK,"JPM,101252,8"
2019-06-28 13:01:00.000000000,BEST_BID,"JPM,100722,212"
2019-06-28 13:01:00.000000000,BEST_ASK,"JPM,101252,120"
2019-06-28 13:01:00.000000000,BEST_BID,"JPM,100722,212"
2019-06-28 13:01:00.000000000,BEST_ASK,"JPM,101252,120"
2019-06-28 13:01:00.000000000,BEST_BID,"JPM,100722,212"
2019-06-28 13:01:00.000000000,BEST_ASK,"JPM,101252,120"
2019-06-28 13:01:00.000000000,QUERY_SPREAD,77
2019-06-28 13:01:00.000000000,BEST_BID,"JPM,100722,212"
2019-06-28 13:01:00.000000000,BEST_ASK,"JPM,101252,116"
2019-06-28 13:01:00.000000000,LAST_TRADE,"4,$101252.0000"
2019-06-28 13:01:00.000000000,QUERY_SPREAD,78
2019-06-28 13:01:00.000000000,BEST_BID,"JPM,100722,212"
2019-06-28 13:01:00.000000000,BEST_ASK,"JPM,101252,108"
2019-06-28 13:01:00.000000000,LAST_TRADE,"8,$101252.0000"
2019-06-28 13:01:00.000000000,QUERY_SPREAD,79
2019-06-28 13:01:00.000000000,BEST_BID,"JPM,100722,212"
2019-06-28 13:01:00.000000000,BEST_ASK,"JPM,101252,107"
2019-06-28 13:01:00.000000000,LAST_TRADE,"1,$101252.0000"
2019-06-28 13:01:00.000000000,QUERY_SPREAD,80
2019-06-28 13:01:00.000000000,BEST_BID,"JPM,100722,212"
2019-06-28 13:01:00.000000000,BEST_ASK,"JPM,101252,102"
2019-06-28 13:01:00.000000000,LAST_TRADE,"5,$101252.0000"
2019-06-28 13:01:00.000000000,QUERY_SPREAD,81
2019-06-28 13:01:00.000000000,BEST_BID,"JPM,100722,212"
2019-06-28 13:01:00.000000000,BEST_ASK,"JPM,101252,97"
2019-06-28 13:01:00.000000000,LAST_TRADE,"5,$101252.0000"
2019-06-28 13:01:00.000000000,QUERY_SPREAD,82
2019-06-28 13:01:00.000000000,BEST_BID,"JPM,100722,212"
2019-06-28 13:01:00.000000000,BEST_ASK,"JPM,101252,91"
2019-06-28 13:01:00.000000000,LAST_TRADE,"6,$101252.0000"
2019-06-28 13:01:00.000000000,QUERY_SPREAD,83
2019-06-28 13:01:00.000000000,BEST_BID,"JPM,100722,212"
2019-06-28 13:01:00.000000000,BEST_ASK,"JPM,101252,87"
2019-06-28 13:01:00.000000000,LAST_TRADE,"4,$101252.0000"
2019-06-28 13:01:00.000000000,QUERY_SPREAD,84
2019-06-28 13:01:00.000000000,BEST_BID,"JPM,100722,212"
2019-06-28 13:01:00.000000000,BEST_ASK,"JPM,101252,82"
2019-06-28 13:01:00.000000000,LAST_TRADE,"5,$101252.0000"
2019-06-28 13:01:00.000000000,QUERY_SPREAD,85
2019-06-28 13:01:00.000000000,BEST_BID,"JPM,100722,212"
2019-06-28 13:01:00.000000000,BEST_ASK,"JPM,101252,77"
2019-06-28 13:01:00.000000000,LAST_TRADE,"5,$101252.0000"
2019-06-28 13:01:00.000000000,QUERY_SPREAD,86
2019-06-28 13:01:00.000000000,BEST_BID,"JPM,100722,212"
2019-06-28 13:01:00.000000000,BEST_ASK,"JPM,101252,68"
2019-06-28 13:01:00.000000000,LAST_TRADE,"9,$101252.0000"
2019-06-28 13:01:00.000000000,QUERY_SPREAD,87
2019-06-28 13:01:00.000000000,BEST_BID,"JPM,100722,212"
2019-06-28 13:01:00.000000000,BEST_ASK,"JPM,101252,66"
2019-06-28 13:01:00.000000000,LAST_TRADE,"2,$101252.0000"
2019-06-28 13:01:00.000000000,QUERY_SPREAD,88
2019-06-28 13:01:00.000000000,BEST_BID,"JPM,100722,212"
2019-06-28 13:01:00.000000000,BEST_ASK,"JPM,101252,58"
2019-06-28 13:01:00.000000000,LAST_TRADE,"8,$101252.0000"
2019-06-28 13:01:00.000000000,QUERY_SPREAD,89
2019-06-28 13:01:00.000000000,BEST_BID,"JPM,100722,212"
2019-06-28 13:01:00.000000000,BEST_ASK,"JPM,101252,51"
2019-06-28 13:01:00.000000000,LAST_TRADE,"7,$101252.0000"
2019-06-28 13:01:00.000000000,QUERY_SPREAD,90
2019-06-28 13:01:00.000000000,BEST_BID,"JPM,100722,212"
2019-06-28 13:01:00.000000000,BEST_ASK,"JPM,101252,45"
2019-06-28 13:01:00.000000000,LAST_TRADE,"6,$101252.0000"
2019-06-28 13:01:00.000000000,QUERY_SPREAD,91
2019-06-28 13:01:00.000000000,BEST_BID,"JPM,100722,212"
2019-06-28 13:01:00.000000000,BEST_ASK,"JPM,101252,40"
2019-06-28 13:01:00.000000000,LAST_TRADE,"5,$101252.0000"
2019-06-28 13:01:00.000000000,QUERY_SPREAD,92
2019-06-28 13:01:00.000000000,BEST_BID,"JPM,100722,212"
2019-06-28 13:01:00.000000000,BEST_ASK,"JPM,101252,39"
2019-06-28 13:01:00.000000000,LAST_TRADE,"1,$101252.0000"
2019-06-28 13:01:00.000000000,QUERY_SPREAD,93
2019-06-28 13:01:00.000000000,BEST_BID,"JPM,100722,212"
2019-06-28 13:01:00.000000000,BEST_ASK,"JPM,101252,37"
2019-06-28 13:01:00.000000000,LAST_TRADE,"2,$101252.0000"
2019-06-28 13:01:00.000000000,QUERY_SPREAD,94
2019-06-28 13:01:00.000000000,BEST_BID,"JPM,100722,212"
2019-06-28 13:01:00.000000000,BEST_ASK,"JPM,101252,35"
2019-06-28 13:01:00.000000000,LAST_TRADE,"2,$101252.0000"
2019-06-28 13:01:00.000000000,QUERY_SPREAD,95
2019-06-28 13:01:00.000000000,BEST_BID,"JPM,100722,212"
2019-06-28 13:01:00.000000000,BEST_ASK,"JPM,101252,28"
2019-06-28 13:01:00.000000000,LAST_TRADE,"7,$101252.0000"
2019-06-28 13:01:00.000000000,QUERY_SPREAD,96
2019-06-28 13:01:00.000000000,BEST_BID,"JPM,100722,212"
2019-06-28 13:01:00.000000000,BEST_ASK,"JPM,101252,21"
2019-06-28 13:01:00.000000000,LAST_TRADE,"7,$101252.0000"
2019-06-28 13:01:00.000000000,QUERY_SPREAD,97
2019-06-28 13:01:00.000000000,BEST_BID,"JPM,100722,212"
2019-06-28 13:01:00.000000000,BEST_ASK,"JPM,101252,15"
2019-06-28 13:01:00.000000000,LAST_TRADE,"6,$101252.0000"
2019-06-28 13:01:00.000000000,QUERY_SPREAD,98
2019-06-28 13:01:00.000000000,BEST_BID,"JPM,100722,212"
2019-06-28 13:01:00.000000000,BEST_ASK,"JPM,101252,11"
2019-06-28 13:01:00.000000000,LAST_TRADE,"4,$101252.0000"
2019-06-28 13:01:00.000000000,QUERY_SPREAD,99
2019-06-28 13:01:00.000000000,BEST_BID,"JPM,100722,212"
2019-06-28 13:01:00.000000000,BEST_ASK,"JPM,101252,9"
2019-06-28 13:01:00.000000000,LAST_TRADE,"2,$101252.0000"
2019-06-28 13:01:00.000000000,QUERY_SPREAD,100
2019-06-28 13:01:00.000000000,BEST_BID,"JPM,100722,212"
2019-06-28 13:01:00.000000000,BEST_ASK,"JPM,101252,3"
2019-06-28 13:01:00.000000000,LAST_TRADE,"6,$101252.0000"
2019-06-28 13:01:00.000000000,QUERY_SPREAD,101
2019-06-28 13:01:00.000000000,QUERY_ORDER_STREAM,101
2019-06-28 13:01:00.000000000,BEST_BID,"JPM,100722,212"
2019-06-28 13:01:00.000000000,BEST_ASK,"JPM,101252,11"
2019-06-28 13:01:10.000000000,QUERY_SPREAD,1
2019-06-28 13:01:10.000000000,BEST_BID,"JPM,100722,182"
2019-06-28 13:01:10.000000000,BEST_ASK,"JPM,101252,8"
2019-06-28 13:01:10.000000000,BEST_BID,"JPM,100722,182"
2019-06-28 13:01:10.000000000,BEST_ASK,"JPM,101252,8"
2019-06-28 13:01:10.000000000,BEST_BID,"JPM,100722,182"
2019-06-28 13:01:10.000000000,BEST_ASK,"JPM,101252,8"
2019-06-28 13:01:10.000000000,BEST_BID,"JPM,100722,182"
2019-06-28 13:01:10.000000000,BEST_ASK,"JPM,101252,8"
2019-06-28 13:01:10.000000000,BEST_BID,"JPM,100722,182"
2019-06-28 13:01:10.000000000,BEST_ASK,"JPM,101252,90"
2019-06-28 13:01:10.000000000,BEST_BID,"JPM,100722,182"
2019-06-28 13:01:10.000000000,BEST_ASK,"JPM,101252,90"
2019-06-28 13:01:10.000000000,BEST_BID,"JPM,100722,182"
2019-06-28 13:01:10.000000000,BEST_ASK,"JPM,101252,90"
2019-06-28 13:01:10.771577966,QUERY_SPREAD,43
2019-06-28 13:01:10.771577966,BEST_BID,"JPM,100722,82"
2019-06-28 13:01:10.771577966,BEST_ASK,"JPM,101252,90"
2019-06-28 13:01:10.771577966,LAST_TRADE,"100,$100722.0000"
2019-06-28 13:01:17.683844386,QUERY_SPREAD,46
2019-06-28 13:01:17.683844386,BEST_BID,"JPM,100722,82"
2019-06-28 13:01:17.683844386,BEST_ASK,"JPM,101252,90"
2019-06-28 13:01:20.000000000,QUERY_SPREAD,1
2019-06-28 13:01:20.000000000,BEST_BID,"JPM,100624,264"
2019-06-28 13:01:20.000000000,BEST_ASK,"JPM,101252,8"
2019-06-28 13:01:20.000000000,BEST_BID,"JPM,100624,264"
2019-06-28 13:01:20.000000000,BEST_ASK,"JPM,101252,8"
2019-06-28 13:01:20.000000000,BEST_BID,"JPM,100624,264"
2019-06-28 13:01:20.000000000,BEST_ASK,"JPM,101252,172"
2019-06-28 13:01:20.000000000,BEST_BID,"JPM,100624,264"
2019-06-28 13:01:20.000000000,BEST_ASK,"JPM,101252,172"
2019-06-28 13:01:22.626844369,QUERY_SPREAD,14
2019-06-28 13:01:22.626844369,BEST_BID,"JPM,100624,264"
2019-06-28 13:01:22.626844369,BEST_ASK,"JPM,100719,100"
2019-06-28 13:01:30.000000000,QUERY_SPREAD,1
2019-06-28 13:01:30.000000000,BEST_BID,"JPM,100624,428"
2019-06-28 13:01:30.000000000,BEST_ASK,"JPM,100719,100"
2019-06-28 13:01:30.000000000,BEST_BID,"JPM,100624,428"
2019-06-28 13:01:30.000000000,BEST_ASK,"JPM,100719,428"
2019-06-28 13:01:40.000000000,QUERY_SPREAD,1
2019-06-28 13:01:40.000000000,BEST_BID,"JPM,100624,212"
2019-06-28 13:01:40.000000000,BEST_ASK,"JPM,100719,100"
2019-06-28 13:01:40.000000000,BEST_BID,"JPM,100624,212"
2019-06-28 13:01:40.000000000,BEST_ASK,"JPM,100719,100"
2019-06-28 13:01:40.000000000,BEST_BID,"JPM,100624,212"
2019-06-28 13:01:40.000000000,BEST_ASK,"JPM,100719,100"
2019-06-28 13:01:40.000000000,BEST_BID,"JPM,100624,212"
2019-06-28 13:01:40.000000000,BEST_ASK,"JPM,100719,212"
2019-06-28 13:01:40.000000000,BEST_BID,"JPM,100624,212"
2019-06-28 13:01:40.000000000,BEST_ASK,"JPM,100719,212"
2019-06-28 13:01:40.000000000,BEST_BID,"JPM,100624,212"
2019-06-28 13:01:40.000000000,BEST_ASK,"JPM,100719,212"
2019-06-28 13:01:43.998502687,QUERY_SPREAD,3
2019-06-28 13:01:43.998502687,BEST_BID,"JPM,100624,212"
2019-06-28 13:01:43.998502687,BEST_ASK,"JPM,100629,100"
2019-06-28 13:01:47.329480970,QUERY_ORDER_STREAM,55
2019-06-28 13:01:47.329480970,QUERY_SPREAD,55
2019-06-28 13:01:47.329480970,BEST_BID,"JPM,100624,212"
2019-06-28 13:01:47.329480970,BEST_ASK,"JPM,100629,100"
2019-06-28 13:01:49.698585580,QUERY_SPREAD,9
2019-06-28 13:01:49.698585580,BEST_BID,"JPM,100624,212"
2019-06-28 13:01:49.698585580,BEST_ASK,"JPM,100629,100"
2019-06-28 13:01:50.000000000,QUERY_SPREAD,1
2019-06-28 13:01:50.000000000,BEST_BID,"JPM,100624,264"
2019-06-28 13:01:50.000000000,BEST_ASK,"JPM,100629,100"
2019-06-28 13:01:50.000000000,BEST_BID,"JPM,100624,264"
2019-06-28 13:01:50.000000000,BEST_ASK,"JPM,100629,100"
2019-06-28 13:01:50.000000000,BEST_BID,"JPM,100624,264"
2019-06-28 13:01:50.000000000,BEST_ASK,"JPM,100629,264"
2019-06-28 13:01:50.000000000,BEST_BID,"JPM,100624,264"
2019-06-28 13:01:50.000000000,BEST_ASK,"JPM,100629,264"
2019-06-28 13:01:51.179233097,QUERY_ORDER_STREAM,76
2019-06-28 13:01:51.179233097,QUERY_SPREAD,76
2019-06-28 13:01:51.179233097,BEST_BID,"JPM,100624,264"
2019-06-28 13:01:51.179233097,BEST_ASK,"JPM,100629,264"
2019-06-28 13:01:58.331259112,QUERY_SPREAD,26
2019-06-28 13:01:58.331259112,BEST_BID,"JPM,100624,264"
2019-06-28 13:01:58.331259112,BEST_ASK,"JPM,100629,164"
2019-06-28 13:01:58.331259112,LAST_TRADE,"100,$100629.0000"
2019-06-28 13:02:00.000000000,QUERY_SPREAD,1
2019-06-28 13:02:00.000000000,BEST_BID,"JPM,100624,212"
2019-06-28 13:02:00.000000000,BEST_ASK,"JPM,100719,100"
2019-06-28 13:02:00.000000000,BEST_BID,"JPM,100624,212"
2019-06-28 13:02:00.000000000,BEST_ASK,"JPM,100719,100"
2019-06-28 13:02:00.000000000,BEST_BID,"JPM,100624,212"
2019-06-28 13:02:00.000000000,BEST_ASK,"JPM,100719,100"
2019-06-28 13:02:00.000000000,BEST_BID,"JPM,100624,212"
2019-06-28 13:02:00.000000000,BEST_ASK,"JPM,100719,212"
2019-06-28 13:02:00.000000000,BEST_BID,"JPM,100624,212"
2019-06-28 13:02:00.000000000,BEST_ASK,"JPM,100719,212"
2019-06-28 13:02:00.000000000,BEST_BID,"JPM,100624,212"
2019-06-28 13:02:00.000000000,BEST_ASK,"JPM,100719,212"
2019-06-28 13:02:00.000000000,QUERY_SPREAD,77
2019-06-28 13:02:00.000000000,BEST_BID,"JPM,100624,212"
2019-06-28 13:02:00.000000000,BEST_ASK,"JPM,100719,208"
2019-06-28 13:02:00.000000000,LAST_TRADE,"4,$100719.0000"
2019-06-28 13:02:00.000000000,QUERY_SPREAD,78
2019-06-28 13:02:00.000000000,BEST_BID,"JPM,100624,212"
2019-06-28 13:02:00.000000000,BEST_ASK,"JPM,100719,200"
2019-06-28 13:02:00.000000000,LAST_TRADE,"8,$100719.0000"
2019-06-28 13:02:00.000000000,QUERY_SPREAD,79
2019-06-28 13:02:00.000000000,BEST_BID,"JPM,100624,212"
2019-06-28 13:02:00.000000000,BEST_ASK,"JPM,100719,199"
2019-06-28 13:02:00.000000000,LAST_TRADE,"1,$100719.0000"
2019-06-28 13:02:00.000000000,QUERY_SPREAD,80
2019-06-28 13:02:00.000000000,BEST_BID,"JPM,100624,212"
2019-06-28 13:02:00.000000000,BEST_ASK,"JPM,100719,194"
2019-06-28 13:02:00.000000000,LAST_TRADE,"5,$100719.0000"
2019-06-28 13:02:00.000000000,QUERY_SPREAD,81
2019-06-28 13:02:00.000000000,BEST_BID,"JPM,100624,212"
2019-06-28 13:02:00.000000000,BEST_ASK,"JPM,100719,189"
2019-06-28 13:02:00.000000000,LAST_TRADE,"5,$100719.0000"
2019-06-28 13:02:00.000000000,QUERY_SPREAD,82
2019-06-28 13:02:00.000000000,BEST_BID,"JPM,100624,212"
2019-06-28 13:02:00.000000000,BEST_ASK,"JPM,100719,183"
2019-06-28 13:02:00.000000000,LAST_TRADE,"6,$100719.0000"
2019-06-28 13:02:00.000000000,QUERY_SPREAD,83
2019-06-28 13:02:00.000000000,BEST_BID,"JPM,100624,212"
2019-06-28 13:02:00.000000000,BEST_ASK,"JPM,100719,179"
2019-06-28 13:02:00.000000000,LAST_TRADE,"4,$100719.0000"
2019-06-28 13:02:00.000000000,QUERY_SPREAD,84
2019-06-28 13:02:00.000000000,BEST_BID,"JPM,100624,212"
2019-06-28 13:02:00.000000000,BEST_ASK,"JPM,100719,174"
2019-06-28 13:02:00.000000000,LAST_TRADE,"5,$100719.0000"
2019-06-28 13:02:00.000000000,QUERY_SPREAD,85
2019-06-28 13:02:00.000000000,BEST_BID,"JPM,100624,212"
2019-06-28 13:02:00.000000000,BEST_ASK,"JPM,100719,169"
2019-06-28 13:02:00.000000000,LAST_TRADE,"5,$100719.0000"
2019-06-28 13:02:00.000000000,QUERY_SPREAD,86
2019-06-28 13:02:00.000000000,BEST_BID,"JPM,100624,212"
2019-06-28 13:02:00.000000000,BEST_ASK,"JPM,100719,160"
2019-06-28 13:02:00.000000000,LAST_TRADE,"9,$100719.0000"
2019-06-28 13:02:00.000000000,QUERY_SPREAD,87
2019-06-28 13:02:00.000000000,BEST_BID,"JPM,100624,212"
2019-06-28 13:02:00.000000000,BEST_ASK,"JPM,100719,158"
2019-06-28 13:02:00.000000000,LAST_TRADE,"2,$100719.0000"
2019-06-28 13:02:00.000000000,QUERY_SPREAD,88
2019-06-28 13:02:00.000000000,BEST_BID,"JPM,100624,212"
2019-06-28 13:02:00.000000000,BEST_ASK,"JPM,100719,150"
2019-06-28 13:02:00.000000000,LAST_TRADE,"8,$100719.0000"
2019-06-28 13:02:00.000000000,QUERY_SPREAD,89
2019-06-28 13:02:00.000000000,BEST_BID,"JPM,100624,212"
2019-06-28 13:02:00.000000000,BEST_ASK,"JPM,100719,143"
2019-06-28 13:02:00.000000000,LAST_TRADE,"7,$100719.0000"
2019-06-28 13:02:00.000000000,QUERY_SPREAD,90
2019-06-28 13:02:00.000000000,BEST_BID,"JPM,100624,212"
2019-06-28 13:02:00.000000000,BEST_ASK,"JPM,100719,137"
2019-06-28 13:02:00.000000000,LAST_TRADE,"6,$100719.0000"
2019-06-28 13:02:00.000000000,QUERY_SPREAD,91
2019-06-28 13:02:00.000000000,BEST_BID,"JPM,100624,212"
2019-06-28 13:02:00.000000000,BEST_ASK,"JPM,100719,132"
2019-06-28 13:02:00.000000000,LAST_TRADE,"5,$100719.0000"
2019-06-28 13:02:00.000000000,QUERY_SPREAD,92
2019-06-28 13:02:00.000000000,BEST_BID,"JPM,100624,212"
2019-06-28 13:02:00.000000000,BEST_ASK,"JPM,100719,131"
2019-06-28 13:02:00.000000000,LAST_TRADE,"1,$100719.0000"
2019-06-28 13:02:00.000000000,QUERY_SPREAD,93
2019-06-28 13:02:00.000000000,BEST_BID,"JPM,100624,212"
2019-06-28 13:02:00.000000000,BEST_ASK,"JPM,100719,129"
2019-06-28 13:02:00.000000000,LAST_TRADE,"2,$100719.0000"
2019-06-28 13:02:00.000000000,QUERY_SPREAD,94
2019-06-28 13:02:00.000000000,BEST_BID,"JPM,100624,212"
2019-06-28 13:02:00.000000000,BEST_ASK,"JPM,100719,127"
2019-06-28 13:02:00.000000000,LAST_TRADE,"2,$100719.0000"
2019-06-28 13:02:00.000000000,QUERY_SPREAD,95
2019-06-28 13:02:00.000000000,BEST_BID,"JPM,100624,212"
2019-06-28 13:02:00.000000000,BEST_ASK,"JPM,100719,120"
2019-06-28 13:02:00.000000000,LAST_TRADE,"7,$100719.0000"
2019-06-28 13:02:00.000000000,QUERY_SPREAD,96
2019-06-28 13:02:00.000000000,BEST_BID,"JPM,100624,212"
2019-06-28 13:02:00.000000000,BEST_ASK,"JPM,100719,113"
2019-06-28 13:02:00.000000000,LAST_TRADE,"7,$100719.0000"
2019-06-28 13:02:00.000000000,QUERY_SPREAD,97
2019-06-28 13:02:00.000000000,BEST_BID,"JPM,100624,212"
2019-06-28 13:02:00.000000000,BEST_ASK,"JPM,100719,107"
2019-06-28 13:02:00.000000000,LAST_TRADE,"6,$100719.0000"
2019-06-28 13:02:00.000000000,QUERY_SPREAD,98
2019-06-28 13:02:00.000000000,BEST_BID,"JPM,100624,212"
2019-06-28 13:02:00.000000000,BEST_ASK,"JPM,100719,103"
2019-06-28 13:02:00.000000000,LAST_TRADE,"4,$100719.0000"
2019-06-28 13:02:00.000000000,QUERY_SPREAD,99
2019-06-28 13:02:00.000000000,BEST_BID,"JPM,100624,212"
2019-06-28 13:02:00.000000000,BEST_ASK,"JPM,100719,101"
2019-06-28 13:02:00.000000000,LAST_TRADE,"2,$100719.0000"
2019-06-28 13:02:00.000000000,QUERY_SPREAD,100
2019-06-28 13:02:00.000000000,BEST_BID,"JPM,100624,212"
2019-06-28 13:02:00.000000000,BEST_ASK,"JPM,100719,95"
2019-06-28 13:02:00.000000000,LAST_TRADE,"6,$100719.0000"
2019-06-28 13:02:00.000000000,QUERY_SPREAD,101
2019-06-28 13:02:00.000000000,QUERY_ORDER_STREAM,101
2019-06-28 13:02:00.000000000,BEST_BID,"JPM,100624,212"
2019-06-28 13:02:00.000000000,BEST_ASK,"JPM,100719,103"
2019-06-28 13:02:10.000000000,QUERY_SPREAD,1
2019-06-28 13:02:10.000000000,BEST_BID,"JPM,100624,264"
2019-06-28 13:02:10.000000000,BEST_ASK,"JPM,100719,8"
2019-06-28 13:02:10.000000000,BEST_BID,"JPM,100624,264"
2019-06-28 13:02:10.000000000,BEST_ASK,"JPM,100719,8"
2019-06-28 13:02:10.000000000,BEST_BID,"JPM,100624,264"
2019-06-28 13:02:10.000000000,BEST_ASK,"JPM,100719,172"
2019-06-28 13:02:10.000000000,BEST_BID,"JPM,100624,264"
2019-06-28 13:02:10.000000000,BEST_ASK,"JPM,100719,172"
2019-06-28 13:02:18.345950016,QUERY_SPREAD,14
2019-06-28 13:02:18.345950016,BEST_BID,"JPM,100624,164"
2019-06-28 13:02:18.345950016,BEST_ASK,"JPM,100719,172"
2019-06-28 13:02:18.345950016,LAST_TRADE,"100,$100624.0000"
2019-06-28 13:02:20.000000000,QUERY_SPREAD,1
2019-06-28 13:02:20.000000000,BEST_BID,"JPM,100578,166"
2019-06-28 13:02:20.000000000,BEST_ASK,"JPM,100719,8"
2019-06-28 13:02:20.000000000,BEST_BID,"JPM,100578,166"
2019-06-28 13:02:20.000000000,BEST_ASK,"JPM,100719,8"
2019-06-28 13:02:20.000000000,BEST_BID,"JPM,100578,166"
2019-06-28 13:02:20.000000000,BEST_ASK,"JPM,100719,8"
2019-06-28 13:02:20.000000000,BEST_BID,"JPM,100578,166"
2019-06-28 13:02:20.000000000,BEST_ASK,"JPM,100719,8"
2019-06-28 13:02:20.000000000,BEST_BID,"JPM,100578,166"
2019-06-28 13:02:20.000000000,BEST_ASK,"JPM,100719,8"
2019-06-28 13:02:20.000000000,BEST_BID,"JPM,100578,166"
2019-06-28 13:02:20.000000000,BEST_ASK,"JPM,100719,74"
2019-06-28 13:02:20.000000000,BEST_BID,"JPM,100578,166"
2019-06-28 13:02:20.000000000,BEST_ASK,"JPM,100719,74"
2019-06-28 13:02:20.000000000,BEST_BID,"JPM,100578,166"
2019-06-28 13:02:20.000000000,BEST_ASK,"JPM,100719,74"
2019-06-28 13:02:20.000000000,BEST_BID,"JPM,100578,166"
2019-06-28 13:02:20.000000000,BEST_ASK,"JPM,100719,74"
2019-06-28 13:02:20.000000000,BEST_BID,"JPM,100578,166"
2019-06-28 13:02:20.000000000,BEST_ASK,"JPM,100719,74"
2019-06-28 13:02:30.000000000,QUERY_SPREAD,1
2019-06-28 13:02:30.000000000,BEST_BID,"JPM,100578,428"
2019-06-28 13:02:30.000000000,BEST_ASK,"JPM,100719,8"
2019-06-28 13:02:30.000000000,BEST_BID,"JPM,100578,428"
2019-06-28 13:02:30.000000000,BEST_ASK,"JPM,100719,336"
2019-06-28 13:02:40.000000000,QUERY_SPREAD,1
2019-06-28 13:02:40.000000000,BEST_BID,"JPM,100578,212"
2019-06-28 13:02:40.000000000,BEST_ASK,"JPM,100719,8"
2019-06-28 13:02:40.000000000,BEST_BID,"JPM,100578,212"
2019-06-28 13:02:40.000000000,BEST_ASK,"JPM,100719,8"
2019-06-28 13:02:40.000000000,BEST_BID,"JPM,100578,212"
2019-06-28 13:02:40.000000000,BEST_ASK,"JPM,100719,8"
2019-06-28 13:02:40.000000000,BEST_BID,"JPM,100578,212"
2019-06-28 13:02:40.000000000,BEST_ASK,"JPM,100719,120"
2019-06-28 13:02:40.000000000,BEST_BID,"JPM,100578,212"
2019-06-28 13:02:40.000000000,BEST_ASK,"JPM,100719,120"
2019-06-28 13:02:40.000000000,BEST_BID,"JPM,100578,212"
2019-06-28 13:02:40.000000000,BEST_ASK,"JPM,100719,120"
2019-06-28 13:02:43.365240267,QUERY_ORDER_STREAM,73
2019-06-28 13:02:43.365240267,QUERY_SPREAD,73
2019-06-28 13:02:45.270533234,QUERY_SPREAD,35
2019-06-28 13:02:45.270533234,BEST_BID,"JPM,100578,212"
2019-06-28 13:02:45.270533234,BEST_ASK,"JPM,100719,120"
2019-06-28 13:02:46.961068689,QUERY_ORDER_STREAM,75
2019-06-28 13:02:46.961068689,QUERY_SPREAD,75
2019-06-28 13:02:50.000000000,QUERY_SPREAD,1
2019-06-28 13:02:50.000000000,BEST_BID,"JPM,100578,166"
2019-06-28 13:02:50.000000000,BEST_ASK,"JPM,100719,8"
2019-06-28 13:02:50.000000000,BEST_BID,"JPM,100578,166"
2019-06-28 13:02:50.000000000,BEST_ASK,"JPM,100719,8"
2019-06-28 13:02:50.000000000,BEST_BID,"JPM,100578,166"
2019-06-28 13:02:50.000000000,BEST_ASK,"JPM,100719,8"
2019-06-28 13:02:50.000000000,BEST_BID,"JPM,100578,166"
2019-06-28 13:02:50.000000000,BEST_ASK,"JPM,100719,8"
2019-06-28 13:02:50.000000000,BEST_BID,"JPM,100578,166"
2019-06-28 13:02:50.000000000,BEST_ASK,"JPM,100719,8"
2019-06-28 13:02:50.000000000,BEST_BID,"JPM,100578,166"
2019-06-28 13:02:50.000000000,BEST_ASK,"JPM,100719,74"
2019-06-28 13:02:50.000000000,BEST_BID,"JPM,100578,166"
2019-06-28 13:02:50.000000000,BEST_ASK,"JPM,100719,74"
2019-06-28 13:02:50.000000000,BEST_BID,"JPM,100578,166"
2019-06-28 13:02:50.000000000,BEST_ASK,"JPM,100719,74"
2019-06-28 13:02:50.000000000,BEST_BID,"JPM,100578,166"
2019-06-28 13:02:50.000000000,BEST_ASK,"JPM,100719,74"
2019-06-28 13:02:50.000000000,BEST_BID,"JPM,100578,166"
2019-06-28 13:02:50.000000000,BEST_ASK,"JPM,100719,74"
2019-06-28 13:03:00.000000000,QUERY_SPREAD,1
2019-06-28 13:03:00.000000000,BEST_BID,"JPM,100578,166"
2019-06-28 13:03:00.000000000,BEST_ASK,"JPM,100719,8"
2019-06-28 13:03:00.000000000,BEST_BID,"JPM,100578,166"
2019-06-28 13:03:00.000000000,BEST_ASK,"JPM,100719,8"
2019-06-28 13:03:00.000000000,BEST_BID,"JPM,100578,166"
2019-06-28 13:03:00.000000000,BEST_ASK,"JPM,100719,8"
2019-06-28 13:03:00.000000000,BEST_BID,"JPM,100578,166"
2019-06-28 13:03:00.000000000,BEST_ASK,"JPM,100719,8"
2019-06-28 13:03:00.000000000,BEST_BID,"JPM,100578,166"
2019-06-28 13:03:00.000000000,BEST_ASK,"JPM,100719,8"
2019-06-28 13:03:00.000000000,BEST_BID,"JPM,100578,166"
2019-06-28 13:03:00.000000000,BEST_ASK,"JPM,100719,74"
2019-06-28 13:03:00.000000000,BEST_BID,"JPM,100578,166"
2019-06-28 13:03:00.000000000,BEST_ASK,"JPM,100719,74"
2019-06-28 13:03:00.000000000,BEST_BID,"JPM,100578,166"
2019-06-28 13:03:00.000000000,BEST_ASK,"JPM,100719,74"
2019-06-28 13:03:00.000000000,BEST_BID,"JPM,100578,166"
2019-06-28 13:03:00.000000000,BEST_ASK,"JPM,100719,74"
2019-06-28 13:03:00.000000000,BEST_BID,"JPM,100578,166"
2019-06-28 13:03:00.000000000,BEST_ASK,"JPM,100719,74"
2019-06-28 13:03:00.000000000,QUERY_SPREAD,77
2019-06-28 13:03:00.000000000,BEST_BID,"JPM,100578,166"
2019-06-28 13:03:00.000000000,BEST_ASK,"JPM,100719,70"
2019-06-28 13:03:00.000000000,LAST_TRADE,"4,$100719.0000"
2019-06-28 13:03:00.000000000,QUERY_SPREAD,78
2019-06-28 13:03:00.000000000,BEST_BID,"JPM,100578,166"
2019-06-28 13:03:00.000000000,BEST_ASK,"JPM,100719,62"
2019-06-28 13:03:00.000000000,LAST_TRADE,"8,$100719.0000"
2019-06-28 13:03:00.000000000,QUERY_SPREAD,79
2019-06-28 13:03:00.000000000,BEST_BID,"JPM,100578,166"
2019-06-28 13:03:00.000000000,BEST_ASK,"JPM,100719,61"
2019-06-28 13:03:00.000000000,LAST_TRADE,"1,$100719.0000"
2019-06-28 13:03:00.000000000,QUERY_SPREAD,80
2019-06-28 13:03:00.000000000,BEST_BID,"JPM,100578,166"
2019-06-28 13:03:00.000000000,BEST_ASK,"JPM,100719,56"
2019-06-28 13:03:00.000000000,LAST_TRADE,"5,$100719.0000"
2019-06-28 13:03:00.000000000,QUERY_SPREAD,81
2019-06-28 13:03:00.000000000,BEST_BID,"JPM,100578,166"
2019-06-28 13:03:00.000000000,BEST_ASK,"JPM,100719,51"
2019-06-28 13:03:00.000000000,LAST_TRADE,"5,$100719.0000"
2019-06-28 13:03:00.000000000,QUERY_SPREAD,82
2019-06-28 13:03:00.000000000,BEST_BID,"JPM,100578,166"
2019-06-28 13:03:00.000000000,BEST_ASK,"JPM,100719,45"
2019-06-28 13:03:00.000000000,LAST_TRADE,"6,$100719.0000"
2019-06-28 13:03:00.000000000,QUERY_SPREAD,83
2019-06-28 13:03:00.000000000,BEST_BID,"JPM,100578,166"
2019-06-28 13:03:00.000000000,BEST_ASK,"JPM,100719,41"
2019-06-28 13:03:00.000000000,LAST_TRADE,"4,$100719.0000"
2019-06-28 13:03:00.000000000,QUERY_SPREAD,84
2019-06-28 13:03:00.000000000,BEST_BID,"JPM,100578,166"
2019-06-28 13:03:00.000000000,BEST_ASK,"JPM,100719,36"
2019-06-28 13:03:00.000000000,LAST_TRADE,"5,$100719.0000"
2019-06-28 13:03:00.000000000,QUERY_SPREAD,85
2019-06-28 13:03:00.000000000,BEST_BID,"JPM,100578,166"
2019-06-28 13:03:00.000000000,BEST_ASK,"JPM,100719,31"
2019-06-28 13:03:00.000000000,LAST_TRADE,"5,$100719.0000"
2019-06-28 13:03:00.000000000,QUERY_SPREAD,86
2019-06-28 13:03:00.000000000,BEST_BID,"JPM,100578,166"
2019-06-28 13:03:00.000000000,BEST_ASK,"JPM,100719,22"
2019-06-28 13:03:00.000000000,LAST_TRADE,"9,$100719.0000"
2019-06-28 13:03:00.000000000,QUERY_SPREAD,87
2019-06-28 13:03:00.000000000,BEST_BID,"JPM,100578,166"
2019-06-28 13:03:00.000000000,BEST_ASK,"JPM,100719,20"
2019-06-28 13:03:00.000000000,LAST_TRADE,"2,$100719.0000"
2019-06-28 13:03:00.000000000,QUERY_SPREAD,88
2019-06-28 13:03:00.000000000,BEST_BID,"JPM,100578,166"
2019-06-28 13:03:00.000000000,BEST_ASK,"JPM,100719,12"
2019-06-28 13:03:00.000000000,LAST_TRADE,"8,$100719.0000"
2019-06-28 13:03:00.000000000,QUERY_SPREAD,89
2019-06-28 13:03:00.000000000,BEST_BID,"JPM,100578,166"
2019-06-28 13:03:00.000000000,BEST_ASK,"JPM,100719,5"
2019-06-28 13:03:00.000000000,LAST_TRADE,"7,$100719.0000"
2019-06-28 13:03:00.000000000,QUERY_SPREAD,90
2019-06-28 13:03:00.000000000,BEST_BID,"JPM,100719,1"
2019-06-28 13:03:00.000000000,BEST_ASK,"JPM,100735,166"
2019-06-28 13:03:00.000000000,LAST_TRADE,"5,$100719.0000"
2019-06-28 13:03:00.000000000,QUERY_SPREAD,91
2019-06-28 13:03:00.000000000,BEST_BID,"JPM,100719,1"
2019-06-28 13:03:00.000000000,BEST_ASK,"JPM,100735,161"
2019-06-28 13:03:00.000000000,LAST_TRADE,"5,$100735.0000"
2019-06-28 13:03:00.000000000,QUERY_SPREAD,92
2019-06-28 13:03:00.000000000,BEST_BID,"JPM,100719,1"
2019-06-28 13:03:00.000000000,BEST_ASK,"JPM,100735,160"
2019-06-28 13:03:00.000000000,LAST_TRADE,"1,$100735.0000"
2019-06-28 13:03:00.000000000,QUERY_SPREAD,93
2019-06-28 13:03:00.000000000,BEST_BID,"JPM,100719,1"
2019-06-28 13:03:00.000000000,BEST_ASK,"JPM,100735,158"
2019-06-28 13:03:00.000000000,LAST_TRADE,"2,$100735.0000"
2019-06-28 13:03:00.000000000,QUERY_SPREAD,94
2019-06-28 13:03:00.000000000,BEST_BID,"JPM,100719,1"
2019-06-28 13:03:00.000000000,BEST_ASK,"JPM,100735,156"
2019-06-28 13:03:00.000000000,LAST_TRADE,"2,$100735.0000"
2019-06-28 13:03:00.000000000,QUERY_SPREAD,95
2019-06-28 13:03:00.000000000,BEST_BID,"JPM,100719,1"
2019-06-28 13:03:00.000000000,BEST_ASK,"JPM,100735,149"
2019-06-28 13:03:00.000000000,LAST_TRADE,"7,$100735.0000"
2019-06-28 13:03:00.000000000,QUERY_SPREAD,96
2019-06-28 13:03:00.000000000,BEST_BID,"JPM,100719,1"
2019-06-28 13:03:00.000000000,BEST_ASK,"JPM,100735,142"
2019-06-28 13:03:00.000000000,LAST_TRADE,"7,$100735.0000"
2019-06-28 13:03:00.000000000,QUERY_SPREAD,97
2019-06-28 13:03:00.000000000,BEST_BID,"JPM,100719,1"
2019-06-28 13:03:00.000000000,BEST_ASK,"JPM,100735,136"
2019-06-28 13:03:00.000000000,LAST_TRADE,"6,$100735.0000"
2019-06-28 13:03:00.000000000,QUERY_SPREAD,98
2019-06-28 13:03:00.000000000,BEST_BID,"JPM,100719,1"
2019-06-28 13:03:00.000000000,BEST_ASK,"JPM,100735,132"
2019-06-28 13:03:00.000000000,LAST_TRADE,"4,$100735.0000"
2019-06-28 13:03:00.000000000,QUERY_SPREAD,99
2019-06-28 13:03:00.000000000,BEST_BID,"JPM,100719,1"
2019-06-28 13:03:00.000000000,BEST_ASK,"JPM,100735,130"
2019-06-28 13:03:00.000000000,LAST_TRADE,"2,$100735.0000"
2019-06-28 13:03:00.000000000,QUERY_SPREAD,100
2019-06-28 13:03:00.000000000,BEST_BID,"JPM,100719,1"
2019-06-28 13:03:00.000000000,BEST_ASK,"JPM,100735,124"
2019-06-28 13:03:00.000000000,LAST_TRADE,"6,$100735.0000"
2019-06-28 13:03:00.000000000,QUERY_SPREAD,101
2019-06-28 13:03:00.000000000,QUERY_ORDER_STREAM,101
2019-06-28 13:03:00.000000000,BEST_BID,"JPM,100719,1"
2019-06-28 13:03:00.000000000,BEST_ASK,"JPM,100735,132"
2019-06-28 13:03:10.000000000,QUERY_SPREAD,1
2019-06-28 13:03:10.000000000,BEST_BID,"JPM,100719,83"
2019-06-28 13:03:10.000000000,BEST_ASK,"JPM,100735,66"
2019-06-28 13:03:10.000000000,BEST_BID,"JPM,100719,83"
2019-06-28 13:03:10.000000000,BEST_ASK,"JPM,100735,66"
2019-06-28 13:03:10.000000000,BEST_BID,"JPM,100719,83"
2019-06-28 13:03:10.000000000,BEST_ASK,"JPM,100735,66"
2019-06-28 13:03:10.000000000,BEST_BID,"JPM,100719,83"
2019-06-28 13:03:10.000000000,BEST_ASK,"JPM,100735,66"
2019-06-28 13:03:10.000000000,BEST_BID,"JPM,100719,83"
2019-06-28 13:03:10.000000000,BEST_ASK,"JPM,100735,148"
2019-06-28 13:03:10.000000000,BEST_BID,"JPM,100719,83"
2019-06-28 13:03:10.000000000,BEST_ASK,"JPM,100735,148"
2019-06-28 13:03:10.000000000,BEST_BID,"JPM,100719,83"
2019-06-28 13:03:10.000000000,BEST_ASK,"JPM,100735,148"
2019-06-28 13:03:10.000000000,BEST_BID,"JPM,100719,83"
2019-06-28 13:03:10.000000000,BEST_ASK,"JPM,100735,148"
2019-06-28 13:03:10.050874289,QUERY_SPREAD,19
2019-06-28 13:03:10.050874289,BEST_BID,"JPM,100719,83"
2019-06-28 13:03:10.050874289,BEST_ASK,"JPM,100735,148"
2019-06-28 13:03:13.485125486,QUERY_SPREAD,49
2019-06-28 13:03:13.485125486,BEST_BID,"JPM,100719,83"
2019-06-28 13:03:13.485125486,BEST_ASK,"JPM,100735,148"
2019-06-28 13:03:20.000000000,QUERY_SPREAD,1
2019-06-28 13:03:20.000000000,BEST_BID,"JPM,100719,329"
2019-06-28 13:03:20.000000000,BEST_ASK,"JPM,100735,66"
2019-06-28 13:03:20.000000000,BEST_BID,"JPM,100719,329"
2019-06-28 13:03:20.000000000,BEST_ASK,"JPM,100735,394"
2019-06-28 13:03:30.000000000,QUERY_SPREAD,1
2019-06-28 13:03:30.000000000,BEST_BID,"JPM,100719,67"
2019-06-28 13:03:30.000000000,BEST_ASK,"JPM,100735,66"
2019-06-28 13:03:30.000000000,BEST_BID,"JPM,100719,67"
2019-06-28 13:03:30.000000000,BEST_ASK,"JPM,100735,66"
2019-06-28 13:03:30.000000000,BEST_BID,"JPM,100719,67"
2019-06-28 13:03:30.000000000,BEST_ASK,"JPM,100735,66"
2019-06-28 13:03:30.000000000,BEST_BID,"JPM,100719,67"
2019-06-28 13:03:30.000000000,BEST_ASK,"JPM,100735,66"
2019-06-28 13:03:30.000000000,BEST_BID,"JPM,100719,67"
2019-06-28 13:03:30.000000000,BEST_ASK,"JPM,100735,66"
2019-06-28 13:03:30.000000000,BEST_BID,"JPM,100719,67"
2019-06-28 13:03:30.000000000,BEST_ASK,"JPM,100735,132"
2019-06-28 13:03:30.000000000,BEST_BID,"JPM,100719,67"
2019-06-28 13:03:30.000000000,BEST_ASK,"JPM,100735,132"
2019-06-28 13:03:30.000000000,BEST_BID,"JPM,100719,67"
2019-06-28 13:03:30.000000000,BEST_ASK,"JPM,100735,132"
2019-06-28 13:03:30.000000000,BEST_BID,"JPM,100719,67"
2019-06-28 13:03:30.000000000,BEST_ASK,"JPM,100735,132"
2019-06-28 13:03:30.000000000,BEST_BID,"JPM,100719,67"
2019-06-28 13:03:30.000000000,BEST_ASK,"JPM,100735,132"
2019-06-28 13:03:32.632394397,QUERY_SPREAD,43
2019-06-28 13:03:32.632394397,BEST_BID,"JPM,100719,67"
2019-06-28 13:03:32.632394397,BEST_ASK,"JPM,100735,132"
2019-06-28 13:03:40.000000000,QUERY_SPREAD,1
2019-06-28 13:03:40.000000000,BEST_BID,"JPM,100719,67"
2019-06-28 13:03:40.000000000,BEST_ASK,"JPM,100735,66"
2019-06-28 13:03:40.000000000,BEST_BID,"JPM,100719,67"
2019-06-28 13:03:40.000000000,BEST_ASK,"JPM,100735,66"
2019-06-28 13:03:40.000000000,BEST_BID,"JPM,100719,67"
2019-06-28 13:03:40.000000000,BEST_ASK,"JPM,100735,66"
2019-06-28 13:03:40.000000000,BEST_BID,"JPM,100719,67"
2019-06-28 13:03:40.000000000,BEST_ASK,"JPM,100735,66"
2019-06-28 13:03:40.000000000,BEST_BID,"JPM,100719,67"
2019-06-28 13:03:40.000000000,BEST_ASK,"JPM,100735,66"
2019-06-28 13:03:40.000000000,BEST_BID,"JPM,100719,67"
2019-06-28 13:03:40.000000000,BEST_ASK,"JPM,100735,132"
2019-06-28 13:03:40.000000000,BEST_BID,"JPM,100719,67"
2019-06-28 13:03:40.000000000,BEST_ASK,"JPM,100735,132"
2019-06-28 13:03:40.000000000,BEST_BID,"JPM,100719,67"
2019-06-28 13:03:40.000000000,BEST_ASK,"JPM,100735,132"
2019-06-28 13:03:40.000000000,BEST_BID,"JPM,100719,67"
2019-06-28 13:03:40.000000000,BEST_ASK,"JPM,100735,132"
2019-06-28 13:03:40.000000000,BEST_BID,"JPM,100719,67"
2019-06-28 13:03:40.000000000,BEST_ASK,"JPM,100735,132"
2019-06-28 13:03:50.000000000,QUERY_SPREAD,1
2019-06-28 13:03:50.000000000,BEST_BID,"JPM,100719,113"
2019-06-28 13:03:50.000000000,BEST_ASK,"JPM,100735,66"
2019-06-28 13:03:50.000000000,BEST_BID,"JPM,100719,113"
2019-06-28 13:03:50.000000000,BEST_ASK,"JPM,100735,66"
2019-06-28 13:03:50.000000000,BEST_BID,"JPM,100719,113"
2019-06-28 13:03:50.000000000,BEST_ASK,"JPM,100735,66"
2019-06-28 13:03:50.000000000,BEST_BID,"JPM,100719,113"
2019-06-28 13:03:50.000000000,BEST_ASK,"JPM,100735,178"
2019-06-28 13:03:50.000000000,BEST_BID,"JPM,100719,113"
2019-06-28 13:03:50.000000000,BEST_ASK,"JPM,100735,178"
2019-06-28 13:03:50.000000000,BEST_BID,"JPM,100719,113"
2019-06-28 13:03:50.000000000,BEST_ASK,"JPM,100735,178"
2019-06-28 13:03:59.133323448,QUERY_SPREAD,8
2019-06-28 13:03:59.133323448,BEST_BID,"JPM,100719,113"
2019-06-28 13:03:59.133323448,BEST_ASK,"JPM,100735,178"
2019-06-28 13:04:00.000000000,QUERY_SPREAD,1
2019-06-28 13:04:00.000000000,BEST_BID,"JPM,100719,113"
2019-06-28 13:04:00.000000000,BEST_ASK,"JPM,100735,66"
2019-06-28 13:04:00.000000000,BEST_BID,"JPM,100719,113"
2019-06-28 13:04:00.000000000,BEST_ASK,"JPM,100735,66"
2019-06-28 13:04:00.000000000,BEST_BID,"JPM,100719,113"
2019-06-28 13:04:00.000000000,BEST_ASK,"JPM,100735,66"
2019-06-28 13:04:00.000000000,BEST_BID,"JPM,100719,113"
2019-06-28 13:04:00.000000000,BEST_ASK,"JPM,100735,178"
2019-06-28 13:04:00.000000000,BEST_BID,"JPM,100719,113"
2019-06-28 13:04:00.000000000,BEST_ASK,"JPM,100735,178"
2019-06-28 13:04:00.000000000,BEST_BID,"JPM,100719,113"
2019-06-28 13:04:00.000000000,BEST_ASK,"JPM,100735,178"
2019-06-28 13:04:00.000000000,QUERY_SPREAD,77
2019-06-28 13:04:00.000000000,BEST_BID,"JPM,100719,113"
2019-06-28 13:04:00.000000000,BEST_ASK,"JPM,100735,174"
2019-06-28 13:04:00.000000000,LAST_TRADE,"4,$100735.0000"
2019-06-28 13:04:00.000000000,QUERY_SPREAD,78
2019-06-28 13:04:00.000000000,BEST_BID,"JPM,100719,113"
2019-06-28 13:04:00.000000000,BEST_ASK,"JPM,100735,166"
2019-06-28 13:04:00.000000000,LAST_TRADE,"8,$100735.0000"
2019-06-28 13:04:00.000000000,QUERY_SPREAD,79
2019-06-28 13:04:00.000000000,BEST_BID,"JPM,100719,113"
2019-06-28 13:04:00.000000000,BEST_ASK,"JPM,100735,165"
2019-06-28 13:04:00.000000000,LAST_TRADE,"1,$100735.0000"
2019-06-28 13:04:00.000000000,QUERY_SPREAD,80
2019-06-28 13:04:00.000000000,BEST_BID,"JPM,100719,113"
2019-06-28 13:04:00.000000000,BEST_ASK,"JPM,100735,160"
2019-06-28 13:04:00.000000000,LAST_TRADE,"5,$100735.0000"
2019-06-28 13:04:00.000000000,QUERY_SPREAD,81
2019-06-28 13:04:00.000000000,BEST_BID,"JPM,100719,113"
2019-06-28 13:04:00.000000000,BEST_ASK,"JPM,100735,155"
2019-06-28 13:04:00.000000000,LAST_TRADE,"5,$100735.0000"
2019-06-28 13:04:00.000000000,QUERY_SPREAD,82
2019-06-28 13:04:00.000000000,BEST_BID,"JPM,100719,113"
2019-06-28 13:04:00.000000000,BEST_ASK,"JPM,100735,149"
2019-06-28 13:04:00.000000000,LAST_TRADE,"6,$100735.0000"
2019-06-28 13:04:00.000000000,QUERY_SPREAD,83
2019-06-28 13:04:00.000000000,BEST_BID,"JPM,100719,113"
2019-06-28 13:04:00.000000000,BEST_ASK,"JPM,100735,145"
2019-06-28 13:04:00.000000000,LAST_TRADE,"4,$100735.0000"
2019-06-28 13:04:00.000000000,QUERY_SPREAD,84
2019-06-28 13:04:00.000000000,BEST_BID,"JPM,100719,113"
2019-06-28 13:04:00.000000000,BEST_ASK,"JPM,100735,140"
2019-06-28 13:04:00.000000000,LAST_TRADE,"5,$100735.0000"
2019-06-28 13:04:00.000000000,QUERY_SPREAD,85
2019-06-28 13:04:00.000000000,BEST_BID,"JPM,100719,113"
2019-06-28 13:04:00.000000000,BEST_ASK,"JPM,100735,135"
2019-06-28 13:04:00.000000000,LAST_TRADE,"5,$100735.0000"
2019-06-28 13:04:00.000000000,QUERY_SPREAD,86
2019-06-28 13:04:00.000000000,BEST_BID,"JPM,100719,113"
2019-06-28 13:04:00.000000000,BEST_ASK,"JPM,100735,126"
2019-06-28 13:04:00.000000000,LAST_TRADE,"9,$100735.0000"
2019-06-28 13:04:00.000000000,QUERY_SPREAD,87
2019-06-28 13:04:00.000000000,BEST_BID,"JPM,100719,113"
2019-06-28 13:04:00.000000000,BEST_ASK,"JPM,100735,124"
2019-06-28 13:04:00.000000000,LAST_TRADE,"2,$100735.0000"
2019-06-28 13:04:00.000000000,QUERY_SPREAD,88
2019-06-28 13:04:00.000000000,BEST_BID,"JPM,100719,113"
2019-06-28 13:04:00.000000000,BEST_ASK,"JPM,100735,116"
2019-06-28 13:04:00.000000000,LAST_TRADE,"8,$100735.0000"
2019-06-28 13:04:00.000000000,QUERY_SPREAD,89
2019-06-28 13:04:00.000000000,BEST_BID,"JPM,100719,113"
2019-06-28 13:04:00.000000000,BEST_ASK,"JPM,100735,109"
2019-06-28 13:04:00.000000000,LAST_TRADE,"7,$100735.0000"
2019-06-28 13:04:00.000000000,QUERY_SPREAD,90
2019-06-28 13:04:00.000000000,BEST_BID,"JPM,100719,113"
2019-06-28 13:04:00.000000000,BEST_ASK,"JPM,100735,103"
2019-06-28 13:04:00.000000000,LAST_TRADE,"6,$100735.0000"
2019-06-28 13:04:00.000000000,QUERY_SPREAD,91
2019-06-28 13:04:00.000000000,BEST_BID,"JPM,100719,113"
2019-06-28 13:04:00.000000000,BEST_ASK,"JPM,100735,98"
2019-06-28 13:04:00.000000000,LAST_TRADE,"5,$100735.0000"
2019-06-28 13:04:00.000000000,QUERY_SPREAD,92
2019-06-28 13:04:00.000000000,BEST_BID,"JPM,100719,113"
2019-06-28 13:04:00.000000000,BEST_ASK,"JPM,100735,97"
2019-06-28 13:04:00.000000000,LAST_TRADE,"1,$100735.0000"
2019-06-28 13:04:00.000000000,QUERY_SPREAD,93
2019-06-28 13:04:00.000000000,BEST_BID,"JPM,100719,113"
2019-06-28 13:04:00.000000000,BEST_ASK,"JPM,100735,95"
2019-06-28 13:04:00.000000000,LAST_TRADE,"2,$100735.0000"
2019-06-28 13:04:00.000000000,QUERY_SPREAD,94
2019-06-28 13:04:00.000000000,BEST_BID,"JPM,100719,113"
2019-06-28 13:04:00.000000000,BEST_ASK,"JPM,100735,93"
2019-06-28 13:04:00.000000000,LAST_TRADE,"2,$100735.0000"
2019-06-28 13:04:00.000000000,QUERY_SPREAD,95
2019-06-28 13:04:00.000000000,BEST_BID,"JPM,100719,113"
2019-06-28 13:04:00.000000000,BEST_ASK,"JPM,100735,86"
2019-06-28 13:04:00.000000000,LAST_TRADE,"7,$100735.0000"
2019-06-28 13:04:00.000000000,QUERY_SPREAD,96
2019-06-28 13:04:00.000000000,BEST_BID,"JPM,100719,113"
2019-06-28 13:04:00.000000000,BEST_ASK,"JPM,100735,79"
2019-06-28 13:04:00.000000000,LAST_TRADE,"7,$100735.0000"
2019-06-28 13:04:00.000000000,QUERY_SPREAD,97
2019-06-28 13:04:00.000000000,BEST_BID,"JPM,100719,113"
2019-06-28 13:04:00.000000000,BEST_ASK,"JPM,100735,73"
2019-06-28 13:04:00.000000000,LAST_TRADE,"6,$100735.0000"
2019-06-28 13:04:00.000000000,QUERY_SPREAD,98
2019-06-28 13:04:00.000000000,BEST_BID,"JPM,100719,113"
2019-06-28 13:04:00.000000000,BEST_ASK,"JPM,100735,69"
2019-06-28 13:04:00.000000000,LAST_TRADE,"4,$100735.0000"
2019-06-28 13:04:00.000000000,QUERY_SPREAD,99
2019-06-28 13:04:00.000000000,BEST_BID,"JPM,100719,113"
2019-06-28 13:04:00.000000000,BEST_ASK,"JPM,100735,67"
2019-06-28 13:04:00.000000000,LAST_TRADE,"2,$100735.0000"
2019-06-28 13:04:00.000000000,QUERY_SPREAD,100
2019-06-28 13:04:00.000000000,BEST_BID,"JPM,100719,113"
2019-06-28 13:04:00.000000000,BEST_ASK,"JPM,100735,61"
2019-06-28 13:04:00.000000000,LAST_TRADE,"6,$100735.0000"
2019-06-28 13:04:00.000000000,QUERY_SPREAD,101
2019-06-28 13:04:00.000000000,QUERY_ORDER_STREAM,101
2019-06-28 13:04:00.000000000,BEST_BID,"JPM,100719,113"
2019-06-28 13:04:00.000000000,BEST_ASK,"JPM,100735,69"
2019-06-28 13:04:01.867390540,QUERY_SPREAD,9
2019-06-28 13:04:01.867390540,BEST_BID,"JPM,100719,13"
2019-06-28 13:04:01.867390540,BEST_ASK,"JPM,100735,69"
2019-06-28 13:04:01.867390540,LAST_TRADE,"100,$100719.0000"
2019-06-28 13:04:10.000000000,QUERY_SPREAD,1
2019-06-28 13:04:10.000000000,BEST_BID,"JPM,100578,182"
2019-06-28 13:04:10.000000000,BEST_ASK,"JPM,100735,8"
2019-06-28 13:04:10.000000000,BEST_BID,"JPM,100578,182"
2019-06-28 13:04:10.000000000,BEST_ASK,"JPM,100735,8"
2019-06-28 13:04:10.000000000,BEST_BID,"JPM,100578,182"
2019-06-28 13:04:10.000000000,BEST_ASK,"JPM,100735,8"
2019-06-28 13:04:10.000000000,BEST_BID,"JPM,100578,182"
2019-06-28 13:04:10.000000000,BEST_ASK,"JPM,100735,8"
2019-06-28 13:04:10.000000000,BEST_BID,"JPM,100578,182"
2019-06-28 13:04:10.000000000,BEST_ASK,"JPM,100735,90"
2019-06-28 13:04:10.000000000,BEST_BID,"JPM,100578,182"
2019-06-28 13:04:10.000000000,BEST_ASK,"JPM,100735,90"
2019-06-28 13:04:10.000000000,BEST_BID,"JPM,100578,182"
2019-06-28 13:04:10.000000000,BEST_ASK,"JPM,100735,90"
2019-06-28 13:04:10.000000000,BEST_BID,"JPM,100578,182"
2019-06-28 13:04:10.000000000,BEST_ASK,"JPM,100735,90"
2019-06-28 13:04:20.000000000,QUERY_SPREAD,1
2019-06-28 13:04:20.000000000,BEST_BID,"JPM,100578,166"
2019-06-28 13:04:20.000000000,BEST_ASK,"JPM,100735,8"
2019-06-28 13:04:20.000000000,BEST_BID,"JPM,100578,166"
2019-06-28 13:04:20.000000000,BEST_ASK,"JPM,100735,8"
2019-06-28 13:04:20.000000000,BEST_BID,"JPM,100578,166"
2019-06-28 13:04:20.000000000,BEST_ASK,"JPM,100735,8"
2019-06-28 13:04:20.000000000,BEST_BID,"JPM,100578,166"
2019-06-28 13:04:20.000000000,BEST_ASK,"JPM,100735,8"
2019-06-28 13:04:20.000000000,BEST_BID,"JPM,100578,166"
2019-06-28 13:04:20.000000000,BEST_ASK,"JPM,100735,8"
2019-06-28 13:04:20.000000000,BEST_BID,"JPM,100578,166"
2019-06-28 13:04:20.000000000,BEST_ASK,"JPM,100735,74"
2019-06-28 13:04:20.000000000,BEST_BID,"JPM,100578,166"
2019-06-28 13:04:20.000000000,BEST_ASK,"JPM,100735,74"
2019-06-28 13:04:20.000000000,BEST_BID,"JPM,100578,166"
2019-06-28 13:04:20.000000000,BEST_ASK,"JPM,100735,74"
2019-06-28 13:04:20.000000000,BEST_BID,"JPM,100578,166"
2019-06-28 13:04:20.000000000,BEST_ASK,"JPM,100735,74"
2019-06-28 13:04:20.000000000,BEST_BID,"JPM,100578,166"
2019-06-28 13:04:20.000000000,BEST_ASK,"JPM,100735,74"
2019-06-28 13:04:30.000000000,QUERY_SPREAD,1
2019-06-28 13:04:30.000000000,BEST_BID,"JPM,100578,166"
2019-06-28 13:04:30.000000000,BEST_ASK,"JPM,100735,8"
2019-06-28 13:04:30.000000000,BEST_BID,"JPM,100578,166"
2019-06-28 13:04:30.000000000,BEST_ASK,"JPM,100735,8"
2019-06-28 13:04:30.000000000,BEST_BID,"JPM,100578,166"
2019-06-28 13:04:30.000000000,BEST_ASK,"JPM,100735,8"
2019-06-28 13:04:30.000000000,BEST_BID,"JPM,100578,166"
2019-06-28 13:04:30.000000000,BEST_ASK,"JPM,100735,8"
2019-06-28 13:04:30.000000000,BEST_BID,"JPM,100578,166"
2019-06-28 13:04:30.000000000,BEST_ASK,"JPM,100735,8"
2019-06-28 13:04:30.000000000,BEST_BID,"JPM,100578,166"
2019-06-28 13:04:30.000000000,BEST_ASK,"JPM,100735,74"
2019-06-28 13:04:30.000000000,BEST_BID,"JPM,100578,166"
2019-06-28 13:04:30.000000000,BEST_ASK,"JPM,100735,74"
2019-06-28 13:04:30.000000000,BEST_BID,"JPM,100578,166"
2019-06-28 13:04:30.000000000,BEST_ASK,"JPM,100735,74"
2019-06-28 13:04:30.000000000,BEST_BID,"JPM,100578,166"
2019-06-28 13:04:30.000000000,BEST_ASK,"JPM,100735,74"
2019-06-28 13:04:30.000000000,BEST_BID,"JPM,100578,166"
2019-06-28 13:04:30.000000000,BEST_ASK,"JPM,100735,74"
2019-06-28 13:04:40.000000000,QUERY_SPREAD,1
2019-06-28 13:04:40.000000000,BEST_BID,"JPM,100578,166"
2019-06-28 13:04:40.000000000,BEST_ASK,"JPM,100735,8"
2019-06-28 13:04:40.000000000,BEST_BID,"JPM,100578,166"
2019-06-28 13:04:40.000000000,BEST_ASK,"JPM,100735,8"
2019-06-28 13:04:40.000000000,BEST_BID,"JPM,100578,166"
2019-06-28 13:04:40.000000000,BEST_ASK,"JPM,100735,8"
2019-06-28 13:04:40.000000000,BEST_BID,"JPM,100578,166"
2019-06-28 13:04:40.000000000,BEST_ASK,"JPM,100735,8"
2019-06-28 13:04:40.000000000,BEST_BID,"JPM,100578,166"
2019-06-28 13:04:40.000000000,BEST_ASK,"JPM,100735,8"
2019-06-28 13:04:40.000000000,BEST_BID,"JPM,100578,166"
2019-06-28 13:04:40.000000000,BEST_ASK,"JPM,100735,74"
2019-06-28 13:04:40.000000000,BEST_BID,"JPM,100578,166"
2019-06-28 13:04:40.000000000,BEST_ASK,"JPM,100735,74"
2019-06-28 13:04:40.000000000,BEST_BID,"JPM,100578,166"
2019-06-28 13:04:40.000000000,BEST_ASK,"JPM,100735,74"
2019-06-28 13:04:40.000000000,BEST_BID,"JPM,100578,166"
2019-06-28 13:04:40.000000000,BEST_ASK,"JPM,100735,74"
2019-06-28 13:04:40.000000000,BEST_BID,"JPM,100578,166"
2019-06-28 13:04:40.000000000,BEST_ASK,"JPM,100735,74"
2019-06-28 13:04:44.665345043,QUERY_SPREAD,12
2019-06-28 13:04:44.665345043,BEST_BID,"JPM,100578,166"
2019-06-28 13:04:44.665345043,BEST_ASK,"JPM,100735,74"
2019-06-28 13:04:50.000000000,QUERY_SPREAD,1
2019-06-28 13:04:50.000000000,BEST_BID,"JPM,100578,166"
2019-06-28 13:04:50.000000000,BEST_ASK,"JPM,100735,8"
2019-06-28 13:04:50.000000000,BEST_BID,"JPM,100578,166"
2019-06-28 13:04:50.000000000,BEST_ASK,"JPM,100735,8"
2019-06-28 13:04:50.000000000,BEST_BID,"JPM,100578,166"
2019-06-28 13:04:50.000000000,BEST_ASK,"JPM,100735,8"
2019-06-28 13:04:50.000000000,BEST_BID,"JPM,100578,166"
2019-06-28 13:04:50.000000000,BEST_ASK,"JPM,100735,8"
2019-06-28 13:04:50.000000000,BEST_BID,"JPM,100578,166"
2019-06-28 13:04:50.000000000,BEST_ASK,"JPM,100735,8"
2019-06-28 13:04:50.000000000,BEST_BID,"JPM,100578,166"
2019-06-28 13:04:50.000000000,BEST_ASK,"JPM,100735,74"
2019-06-28 13:04:50.000000000,BEST_BID,"JPM,100578,166"
2019-06-28 13:04:50.000000000,BEST_ASK,"JPM,100735,74"
2019-06-28 13:04:50.000000000,BEST_BID,"JPM,100578,166"
2019-06-28 13:04:50.000000000,BEST_ASK,"JPM,100735,74"
2019-06-28 13:04:50.000000000,BEST_BID,"JPM,100578,166"
2019-06-28 13:04:50.000000000,BEST_ASK,"JPM,100735,74"
2019-06-28 13:04:50.000000000,BEST_BID,"JPM,100578,166"
2019-06-28 13:04:50.000000000,BEST_ASK,"JPM,100735,74"
2019-06-28 13:04:51.237309569,QUERY_ORDER_STREAM,73
2019-06-28 13:04:51.237309569,QUERY_SPREAD,73
2019-06-28 13:04:52.204377763,QUERY_SPREAD,48
2019-06-28 13:04:52.204377763,BEST_BID,"JPM,100735,26"
2019-06-28 13:04:52.204377763,BEST_ASK,"JPM,100794,166"
2019-06-28 13:04:52.204377763,LAST_TRADE,"74,$100735.0000"
2019-06-28 13:05:00.000000000,QUERY_SPREAD,1
2019-06-28 13:05:00.000000000,BEST_BID,"JPM,100735,92"
2019-06-28 13:05:00.000000000,BEST_ASK,"JPM,100794,100"
2019-06-28 13:05:00.000000000,BEST_BID,"JPM,100735,92"
2019-06-28 13:05:00.000000000,BEST_ASK,"JPM,100794,100"
2019-06-28 13:05:00.000000000,BEST_BID,"JPM,100735,92"
2019-06-28 13:05:00.000000000,BEST_ASK,"JPM,100794,100"
2019-06-28 13:05:00.000000000,BEST_BID,"JPM,100735,92"
2019-06-28 13:05:00.000000000,BEST_ASK,"JPM,100794,100"
2019-06-28 13:05:00.000000000,BEST_BID,"JPM,100735,92"
2019-06-28 13:05:00.000000000,BEST_ASK,"JPM,100794,100"
2019-06-28 13:05:00.000000000,BEST_BID,"JPM,100735,92"
2019-06-28 13:05:00.000000000,BEST_ASK,"JPM,100794,166"
2019-06-28 13:05:00.000000000,BEST_BID,"JPM,100735,92"
2019-06-28 13:05:00.000000000,BEST_ASK,"JPM,100794,166"
2019-06-28 13:05:00.000000000,BEST_BID,"JPM,100735,92"
2019-06-28 13:05:00.000000000,BEST_ASK,"JPM,100794,166"
2019-06-28 13:05:00.000000000,BEST_BID,"JPM,100735,92"
2019-06-28 13:05:00.000000000,BEST_ASK,"JPM,100794,166"
2019-06-28 13:05:00.000000000,BEST_BID,"JPM,100735,92"
2019-06-28 13:05:00.000000000,BEST_ASK,"JPM,100794,166"
2019-06-28 13:05:00.000000000,QUERY_SPREAD,77
2019-06-28 13:05:00.000000000,BEST_BID,"JPM,100735,92"
2019-06-28 13:05:00.000000000,BEST_ASK,"JPM,100794,162"
2019-06-28 13:05:00.000000000,LAST_TRADE,"4,$100794.0000"
2019-06-28 13:05:00.000000000,QUERY_SPREAD,78
2019-06-28 13:05:00.000000000,BEST_BID,"JPM,100735,92"
2019-06-28 13:05:00.000000000,BEST_ASK,"JPM,100794,154"
2019-06-28 13:05:00.000000000,LAST_TRADE,"8,$100794.0000"
2019-06-28 13:05:00.000000000,QUERY_SPREAD,79
2019-06-28 13:05:00.000000000,BEST_BID,"JPM,100735,92"
2019-06-28 13:05:00.000000000,BEST_ASK,"JPM,100794,153"
2019-06-28 13:05:00.000000000,LAST_TRADE,"1,$100794.0000"
2019-06-28 13:05:00.000000000,QUERY_SPREAD,80
2019-06-28 13:05:00.000000000,BEST_BID,"JPM,100735,92"
2019-06-28 13:05:00.000000000,BEST_ASK,"JPM,100794,148"
2019-06-28 13:05:00.000000000,LAST_TRADE,"5,$100794.0000"
2019-06-28 13:05:00.000000000,QUERY_SPREAD,81
2019-06-28 13:05:00.000000000,BEST_BID,"JPM,100735,92"
2019-06-28 13:05:00.000000000,BEST_ASK,"JPM,100794,143"
2019-06-28 13:05:00.000000000,LAST_TRADE,"5,$100794.0000"
2019-06-28 13:05:00.000000000,QUERY_SPREAD,82
2019-06-28 13:05:00.000000000,BEST_BID,"JPM,100735,92"
2019-06-28 13:05:00.000000000,BEST_ASK,"JPM,100794,137"
2019-06-28 13:05:00.000000000,LAST_TRADE,"6,$100794.0000"
2019-06-28 13:05:00.000000000,QUERY_SPREAD,83
2019-06-28 13:05:00.000000000,BEST_BID,"JPM,100735,92"
2019-06-28 13:05:00.000000000,BEST_ASK,"JPM,100794,133"
2019-06-28 13:05:00.000000000,LAST_TRADE,"4,$100794.0000"
2019-06-28 13:05:00.000000000,QUERY_SPREAD,84
2019-06-28 13:05:00.000000000,BEST_BID,"JPM,100735,92"
2019-06-28 13:05:00.000000000,BEST_ASK,"JPM,100794,128"
2019-06-28 13:05:00.000000000,LAST_TRADE,"5,$100794.0000"
2019-06-28 13:05:00.000000000,QUERY_SPREAD,85
2019-06-28 13:05:00.000000000,BEST_BID,"JPM,100735,92"
2019-06-28 13:05:00.000000000,BEST_ASK,"JPM,100794,123"
2019-06-28 13:05:00.000000000,LAST_TRADE,"5,$100794.0000"
2019-06-28 13:05:00.000000000,QUERY_SPREAD,86
2019-06-28 13:05:00.000000000,BEST_BID,"JPM,100735,92"
2019-06-28 13:05:00.000000000,BEST_ASK,"JPM,100794,114"
2019-06-28 13:05:00.000000000,LAST_TRADE,"9,$100794.0000"
2019-06-28 13:05:00.000000000,QUERY_SPREAD,87
2019-06-28 13:05:00.000000000,BEST_BID,"JPM,100735,92"
2019-06-28 13:05:00.000000000,BEST_ASK,"JPM,100794,112"
2019-06-28 13:05:00.000000000,LAST_TRADE,"2,$100794.0000"
2019-06-28 13:05:00.000000000,QUERY_SPREAD,88
2019-06-28 13:05:00.000000000,BEST_BID,"JPM,100735,92"
2019-06-28 13:05:00.000000000,BEST_ASK,"JPM,100794,104"
2019-06-28 13:05:00.000000000,LAST_TRADE,"8,$100794.0000"
2019-06-28 13:05:00.000000000,QUERY_SPREAD,89
2019-06-28 13:05:00.000000000,BEST_BID,"JPM,100735,92"
2019-06-28 13:05:00.000000000,BEST_ASK,"JPM,100794,97"
2019-06-28 13:05:00.000000000,LAST_TRADE,"7,$100794.0000"
2019-06-28 13:05:00.000000000,QUERY_SPREAD,90
2019-06-28 13:05:00.000000000,BEST_BID,"JPM,100735,92"
2019-06-28 13:05:00.000000000,BEST_ASK,"JPM,100794,91"
2019-06-28 13:05:00.000000000,LAST_TRADE,"6,$100794.0000"
2019-06-28 13:05:00.000000000,QUERY_SPREAD,91
2019-06-28 13:05:00.000000000,BEST_BID,"JPM,100735,92"
2019-06-28 13:05:00.000000000,BEST_ASK,"JPM,100794,86"
2019-06-28 13:05:00.000000000,LAST_TRADE,"5,$100794.0000"
2019-06-28 13:05:00.000000000,QUERY_SPREAD,92
2019-06-28 13:05:00.000000000,BEST_BID,"JPM,100735,92"
2019-06-28 13:05:00.000000000,BEST_ASK,"JPM,100794,85"
2019-06-28 13:05:00.000000000,LAST_TRADE,"1,$100794.0000"
2019-06-28 13:05:00.000000000,QUERY_SPREAD,93
2019-06-28 13:05:00.000000000,BEST_BID,"JPM,100735,92"
2019-06-28 13:05:00.000000000,BEST_ASK,"JPM,100794,83"
2019-06-28 13:05:00.000000000,LAST_TRADE,"2,$100794.0000"
2019-06-28 13:05:00.000000000,QUERY_SPREAD,94
2019-06-28 13:05:00.000000000,BEST_BID,"JPM,100735,92"
2019-06-28 13:05:00.000000000,BEST_ASK,"JPM,100794,81"
2019-06-28 13:05:00.000000000,LAST_TRADE,"2,$100794.0000"
2019-06-28 13:05:00.000000000,QUERY_SPREAD,95
2019-06-28 13:05:00.000000000,BEST_BID,"JPM,100735,92"
2019-06-28 13:05:00.000000000,BEST_ASK,"JPM,100794,74"
2019-06-28 13:05:00.000000000,LAST_TRADE,"7,$100794.0000"
2019-06-28 13:05:00.000000000,QUERY_SPREAD,96
2019-06-28 13:05:00.000000000,BEST_BID,"JPM,100735,92"
2019-06-28 13:05:00.000000000,BEST_ASK,"JPM,100794,67"
2019-06-28 13:05:00.000000000,LAST_TRADE,"7,$100794.0000"
2019-06-28 13:05:00.000000000,QUERY_SPREAD,97
2019-06-28 13:05:00.000000000,BEST_BID,"JPM,100735,92"
2019-06-28 13:05:00.000000000,BEST_ASK,"JPM,100794,61"
2019-06-28 13:05:00.000000000,LAST_TRADE,"6,$100794.0000"
2019-06-28 13:05:00.000000000,QUERY_SPREAD,98
2019-06-28 13:05:00.000000000,BEST_BID,"JPM,100735,92"
2019-06-28 13:05:00.000000000,BEST_ASK,"JPM,100794,57"
2019-06-28 13:05:00.000000000,LAST_TRADE,"4,$100794.0000"
2019-06-28 13:05:00.000000000,QUERY_SPREAD,99
2019-06-28 13:05:00.000000000,BEST_BID,"JPM,100735,92"
2019-06-28 13:05:00.000000000,BEST_ASK,"JPM,100794,55"
2019-06-28 13:05:00.000000000,LAST_TRADE,"2,$100794.0000"
2019-06-28 13:05:00.000000000,QUERY_SPREAD,100
2019-06-28 13:05:00.000000000,BEST_BID,"JPM,100735,92"
2019-06-28 13:05:00.000000000,BEST_ASK,"JPM,100794,49"
2019-06-28 13:05:00.000000000,LAST_TRADE,"6,$100794.0000"
2019-06-28 13:05:00.000000000,QUERY_SPREAD,101
2019-06-28 13:05:00.000000000,QUERY_ORDER_STREAM,101
2019-06-28 13:05:00.000000000,BEST_BID,"JPM,100735,92"
2019-06-28 13:05:00.000000000,BEST_ASK,"JPM,100794,57"
2019-06-28 13:05:10.000000000,QUERY_SPREAD,1
2019-06-28 13:05:10.000000000,BEST_BID,"JPM,100735,92"
2019-06-28 13:05:10.000000000,BEST_ASK,"JPM,100794,8"
2019-06-28 13:05:10.000000000,BEST_BID,"JPM,100735,92"
2019-06-28 13:05:10.000000000,BEST_ASK,"JPM,100794,8"
2019-06-28 13:05:10.000000000,BEST_BID,"JPM,100735,92"
2019-06-28 13:05:10.000000000,BEST_ASK,"JPM,100794,8"
2019-06-28 13:05:10.000000000,BEST_BID,"JPM,100735,92"
2019-06-28 13:05:10.000000000,BEST_ASK,"JPM,100794,8"
2019-06-28 13:05:10.000000000,BEST_BID,"JPM,100735,92"
2019-06-28 13:05:10.000000000,BEST_ASK,"JPM,100794,8"
2019-06-28 13:05:10.000000000,BEST_BID,"JPM,100735,92"
2019-06-28 13:05:10.000000000,BEST_ASK,"JPM,100794,74"
2019-06-28 13:05:10.000000000,BEST_BID,"JPM,100735,92"
2019-06-28 13:05:10.000000000,BEST_ASK,"JPM,100794,74"
2019-06-28 13:05:10.000000000,BEST_BID,"JPM,100735,92"
2019-06-28 13:05:10.000000000,BEST_ASK,"JPM,100794,74"
2019-06-28 13:05:10.000000000,BEST_BID,"JPM,100735,92"
2019-06-28 13:05:10.000000000,BEST_ASK,"JPM,100794,74"
2019-06-28 13:05:10.000000000,BEST_BID,"JPM,100735,92"
2019-06-28 13:05:10.000000000,BEST_ASK,"JPM,100794,74"
2019-06-28 13:05:20.000000000,QUERY_SPREAD,1
2019-06-28 13:05:20.000000000,BEST_BID,"JPM,100735,92"
2019-06-28 13:05:20.000000000,BEST_ASK,"JPM,100794,8"
2019-06-28 13:05:20.000000000,BEST_BID,"JPM,100735,92"
2019-06-28 13:05:20.000000000,BEST_ASK,"JPM,100794,8"
2019-06-28 13:05:20.000000000,BEST_BID,"JPM,100735,92"
2019-06-28 13:05:20.000000000,BEST_ASK,"JPM,100794,8"
2019-06-28 13:05:20.000000000,BEST_BID,"JPM,100735,92"
2019-06-28 13:05:20.000000000,BEST_ASK,"JPM,100794,8"
2019-06-28 13:05:20.000000000,BEST_BID,"JPM,100735,92"
2019-06-28 13:05:20.000000000,BEST_ASK,"JPM,100794,8"
2019-06-28 13:05:20.000000000,BEST_BID,"JPM,100735,92"
2019-06-28 13:05:20.000000000,BEST_ASK,"JPM,100794,74"
2019-06-28 13:05:20.000000000,BEST_BID,"JPM,100735,92"
2019-06-28 13:05:20.000000000,BEST_ASK,"JPM,100794,74"
2019-06-28 13:05:20.000000000,BEST_BID,"JPM,100735,92"
2019-06-28 13:05:20.000000000,BEST_ASK,"JPM,100794,74"
2019-06-28 13:05:20.000000000,BEST_BID,"JPM,100735,92"
2019-06-28 13:05:20.000000000,BEST_ASK,"JPM,100794,74"
2019-06-28 13:05:20.000000000,BEST_BID,"JPM,100735,92"
2019-06-28 13:05:20.000000000,BEST_ASK,"JPM,100794,74"
2019-06-28 13:05:30.000000000,QUERY_SPREAD,1
2019-06-28 13:05:30.000000000,BEST_BID,"JPM,100735,92"
2019-06-28 13:05:30.000000000,BEST_ASK,"JPM,100794,8"
2019-06-28 13:05:30.000000000,BEST_BID,"JPM,100735,92"
2019-06-28 13:05:30.000000000,BEST_ASK,"JPM,100794,8"
2019-06-28 13:05:30.000000000,BEST_BID,"JPM,100735,92"
2019-06-28 13:05:30.000000000,BEST_ASK,"JPM,100794,8"
2019-06-28 13:05:30.000000000,BEST_BID,"JPM,100735,92"
2019-06-28 13:05:30.000000000,BEST_ASK,"JPM,100794,8"
2019-06-28 13:05:30.000000000,BEST_BID,"JPM,100735,92"
2019-06-28 13:05:30.000000000,BEST_ASK,"JPM,100794,8"
2019-06-28 13:05:30.000000000,BEST_BID,"JPM,100735,92"
2019-06-28 13:05:30.000000000,BEST_ASK,"JPM,100794,74"
2019-06-28 13:05:30.000000000,BEST_BID,"JPM,100735,92"
2019-06-28 13:05:30.000000000,BEST_ASK,"JPM,100794,74"
2019-06-28 13:05:30.000000000,BEST_BID,"JPM,100735,92"
2019-06-28 13:05:30.000000000,BEST_ASK,"JPM,100794,74"
2019-06-28 13:05:30.000000000,BEST_BID,"JPM,100735,92"
2019-06-28 13:05:30.000000000,BEST_ASK,"JPM,100794,74"
2019-06-28 13:05:30.000000000,BEST_BID,"JPM,100735,92"
2019-06-28 13:05:30.000000000,BEST_ASK,"JPM,100794,74"
2019-06-28 13:05:40.000000000,QUERY_SPREAD,1
2019-06-28 13:05:40.000000000,BEST_BID,"JPM,100735,354"
2019-06-28 13:05:40.000000000,BEST_ASK,"JPM,100794,8"
2019-06-28 13:05:40.000000000,BEST_BID,"JPM,100735,354"
2019-06-28 13:05:40.000000000,BEST_ASK,"JPM,100794,336"
2019-06-28 13:05:48.923941687,QUERY_SPREAD,13
2019-06-28 13:05:48.923941687,BEST_BID,"JPM,100735,354"
2019-06-28 13:05:48.923941687,BEST_ASK,"JPM,100794,336"
2019-06-28 13:05:50.000000000,QUERY_SPREAD,1
2019-06-28 13:05:50.000000000,BEST_BID,"JPM,100735,354"
2019-06-28 13:05:50.000000000,BEST_ASK,"JPM,100794,8"
2019-06-28 13:05:50.000000000,BEST_BID,"JPM,100735,354"
2019-06-28 13:05:50.000000000,BEST_ASK,"JPM,100794,336"
2019-06-28 13:05:52.920358447,QUERY_SPREAD,45
2019-06-28 13:05:52.920358447,BEST_BID,"JPM,100735,354"
2019-06-28 13:05:52.920358447,BEST_ASK,"JPM,100794,336"
2019-06-28 13:06:00.000000000,QUERY_SPREAD,1
2019-06-28 13:06:00.000000000,BEST_BID,"JPM,100735,190"
2019-06-28 13:06:00.000000000,BEST_ASK,"JPM,100794,8"
2019-06-28 13:06:00.000000000,BEST_BID,"JPM,100735,190"
2019-06-28 13:06:00.000000000,BEST_ASK,"JPM,100794,8"
2019-06-28 13:06:00.000000000,BEST_BID,"JPM,100735,190"
2019-06-28 13:06:00.000000000,BEST_ASK,"JPM,100794,172"
2019-06-28 13:06:00.000000000,BEST_BID,"JPM,100735,190"
2019-06-28 13:06:00.000000000,BEST_ASK,"JPM,100794,172"
2019-06-28 13:06:00.000000000,QUERY_SPREAD,77
2019-06-28 13:06:00.000000000,BEST_BID,"JPM,100735,190"
2019-06-28 13:06:00.000000000,BEST_ASK,"JPM,100794,168"
2019-06-28 13:06:00.000000000,LAST_TRADE,"4,$100794.0000"
2019-06-28 13:06:00.000000000,QUERY_SPREAD,78
2019-06-28 13:06:00.000000000,BEST_BID,"JPM,100735,190"
2019-06-28 13:06:00.000000000,BEST_ASK,"JPM,100794,160"
2019-06-28 13:06:00.000000000,LAST_TRADE,"8,$100794.0000"
2019-06-28 13:06:00.000000000,QUERY_SPREAD,79
2019-06-28 13:06:00.000000000,BEST_BID,"JPM,100735,190"
2019-06-28 13:06:00.000000000,BEST_ASK,"JPM,100794,159"
2019-06-28 13:06:00.000000000,LAST_TRADE,"1,$100794.0000"
2019-06-28 13:06:00.000000000,QUERY_SPREAD,80
2019-06-28 13:06:00.000000000,BEST_BID,"JPM,100735,190"
2019-06-28 13:06:00.000000000,BEST_ASK,"JPM,100794,154"
2019-06-28 13:06:00.000000000,LAST_TRADE,"5,$100794.0000"
2019-06-28 13:06:00.000000000,QUERY_SPREAD,81
2019-06-28 13:06:00.000000000,BEST_BID,"JPM,100735,190"
2019-06-28 13:06:00.000000000,BEST_ASK,"JPM,100794,149"
2019-06-28 13:06:00.000000000,LAST_TRADE,"5,$100794.0000"
2019-06-28 13:06:00.000000000,QUERY_SPREAD,82
2019-06-28 13:06:00.000000000,BEST_BID,"JPM,100735,190"
2019-06-28 13:06:00.000000000,BEST_ASK,"JPM,100794,143"
2019-06-28 13:06:00.000000000,LAST_TRADE,"6,$100794.0000"
2019-06-28 13:06:00.000000000,QUERY_SPREAD,83
2019-06-28 13:06:00.000000000,BEST_BID,"JPM,100735,190"
2019-06-28 13:06:00.000000000,BEST_ASK,"JPM,100794,139"
2019-06-28 13:06:00.000000000,LAST_TRADE,"4,$100794.0000"
2019-06-28 13:06:00.000000000,QUERY_SPREAD,84
2019-06-28 13:06:00.000000000,BEST_BID,"JPM,100735,190"
2019-06-28 13:06:00.000000000,BEST_ASK,"JPM,100794,134"
2019-06-28 13:06:00.000000000,LAST_TRADE,"5,$100794.0000"
2019-06-28 13:06:00.000000000,QUERY_SPREAD,85
2019-06-28 13:06:00.000000000,BEST_BID,"JPM,100735,190"
2019-06-28 13:06:00.000000000,BEST_ASK,"JPM,100794,129"
2019-06-28 13:06:00.000000000,LAST_TRADE,"5,$100794.0000"
2019-06-28 13:06:00.000000000,QUERY_SPREAD,86
2019-06-28 13:06:00.000000000,BEST_BID,"JPM,100735,190"
2019-06-28 13:06:00.000000000,BEST_ASK,"JPM,100794,120"
2019-06-28 13:06:00.000000000,LAST_TRADE,"9,$100794.0000"
2019-06-28 13:06:00.000000000,QUERY_SPREAD,87
2019-06-28 13:06:00.000000000,BEST_BID,"JPM,100735,190"
2019-06-28 13:06:00.000000000,BEST_ASK,"JPM,100794,118"
2019-06-28 13:06:00.000000000,LAST_TRADE,"2,$100794.0000"
2019-06-28 13:06:00.000000000,QUERY_SPREAD,88
2019-06-28 13:06:00.000000000,BEST_BID,"JPM,100735,190"
2019-06-28 13:06:00.000000000,BEST_ASK,"JPM,100794,110"
2019-06-28 13:06:00.000000000,LAST_TRADE,"8,$100794.0000"
2019-06-28 13:06:00.000000000,QUERY_SPREAD,89
2019-06-28 13:06:00.000000000,BEST_BID,"JPM,100735,190"
2019-06-28 13:06:00.000000000,BEST_ASK,"JPM,100794,103"
2019-06-28 13:06:00.000000000,LAST_TRADE,"7,$100794.0000"
2019-06-28 13:06:00.000000000,QUERY_SPREAD,90
2019-06-28 13:06:00.000000000,BEST_BID,"JPM,100735,190"
2019-06-28 13:06:00.000000000,BEST_ASK,"JPM,100794,97"
2019-06-28 13:06:00.000000000,LAST_TRADE,"6,$100794.0000"
2019-06-28 13:06:00.000000000,QUERY_SPREAD,91
2019-06-28 13:06:00.000000000,BEST_BID,"JPM,100735,190"
2019-06-28 13:06:00.000000000,BEST_ASK,"JPM,100794,92"
2019-06-28 13:06:00.000000000,LAST_TRADE,"5,$100794.0000"
2019-06-28 13:06:00.000000000,QUERY_SPREAD,92
2019-06-28 13:06:00.000000000,BEST_BID,"JPM,100735,190"
2019-06-28 13:06:00.000000000,BEST_ASK,"JPM,100794,91"
2019-06-28 13:06:00.000000000,LAST_TRADE,"1,$100794.0000"
2019-06-28 13:06:00.000000000,QUERY_SPREAD,93
2019-06-28 13:06:00.000000000,BEST_BID,"JPM,100735,190"
2019-06-28 13:06:00.000000000,BEST_ASK,"JPM,100794,89"
2019-06-28 13:06:00.000000000,LAST_TRADE,"2,$100794.0000"
2019-06-28 13:06:00.000000000,QUERY_SPREAD,94
2019-06-28 13:06:00.000000000,BEST_BID,"JPM,100735,190"
2019-06-28 13:06:00.000000000,BEST_ASK,"JPM,100794,87"
2019-06-28 13:06:00.000000000,LAST_TRADE,"2,$100794.0000"
2019-06-28 13:06:00.000000000,QUERY_SPREAD,95
2019-06-28 13:06:00.000000000,BEST_BID,"JPM,100735,190"
2019-06-28 13:06:00.000000000,BEST_ASK,"JPM,100794,80"
2019-06-28 13:06:00.000000000,LAST_TRADE,"7,$100794.0000"
2019-06-28 13:06:00.000000000,QUERY_SPREAD,96
2019-06-28 13:06:00.000000000,BEST_BID,"JPM,100735,190"
2019-06-28 13:06:00.000000000,BEST_ASK,"JPM,100794,73"
2019-06-28 13:06:00.000000000,LAST_TRADE,"7,$100794.0000"
2019-06-28 13:06:00.000000000,QUERY_SPREAD,97
2019-06-28 13:06:00.000000000,BEST_BID,"JPM,100735,190"
2019-06-28 13:06:00.000000000,BEST_ASK,"JPM,100794,67"
2019-06-28 13:06:00.000000000,LAST_TRADE,"6,$100794.0000"
2019-06-28 13:06:00.000000000,QUERY_SPREAD,98
2019-06-28 13:06:00.000000000,BEST_BID,"JPM,100735,190"
2019-06-28 13:06:00.000000000,BEST_ASK,"JPM,100794,63"
2019-06-28 13:06:00.000000000,LAST_TRADE,"4,$100794.0000"
2019-06-28 13:06:00.000000000,QUERY_SPREAD,99
2019-06-28 13:06:00.000000000,BEST_BID,"JPM,100735,190"
2019-06-28 13:06:00.000000000,BEST_ASK,"JPM,100794,61"
2019-06-28 13:06:00.000000000,LAST_TRADE,"2,$100794.0000"
2019-06-28 13:06:00.000000000,QUERY_SPREAD,100
2019-06-28 13:06:00.000000000,BEST_BID,"JPM,100735,190"
2019-06-28 13:06:00.000000000,BEST_ASK,"JPM,100794,55"
2019-06-28 13:06:00.000000000,LAST_TRADE,"6,$100794.0000"
2019-06-28 13:06:00.000000000,QUERY_SPREAD,101
2019-06-28 13:06:00.000000000,QUERY_ORDER_STREAM,101
2019-06-28 13:06:10.000000000,QUERY_SPREAD,1
2019-06-28 13:06:10.000000000,BEST_BID,"JPM,100735,354"
2019-06-28 13:06:10.000000000,BEST_ASK,"JPM,101251,200"
2019-06-28 13:06:10.000000000,BEST_BID,"JPM,100735,354"
2019-06-28 13:06:10.000000000,BEST_ASK,"JPM,101251,528"
2019-06-28 13:06:20.000000000,QUERY_SPREAD,1
2019-06-28 13:06:20.000000000,BEST_BID,"JPM,100735,108"
2019-06-28 13:06:20.000000000,BEST_ASK,"JPM,101251,200"
2019-06-28 13:06:20.000000000,BEST_BID,"JPM,100735,108"
2019-06-28 13:06:20.000000000,BEST_ASK,"JPM,101251,200"
2019-06-28 13:06:20.000000000,BEST_BID,"JPM,100735,108"
2019-06-28 13:06:20.000000000,BEST_ASK,"JPM,101251,200"
2019-06-28 13:06:20.000000000,BEST_BID,"JPM,100735,108"
2019-06-28 13:06:20.000000000,BEST_ASK,"JPM,101251,200"
2019-06-28 13:06:20.000000000,BEST_BID,"JPM,100735,108"
2019-06-28 13:06:20.000000000,BEST_ASK,"JPM,101251,282"
2019-06-28 13:06:20.000000000,BEST_BID,"JPM,100735,108"
2019-06-28 13:06:20.000000000,BEST_ASK,"JPM,101251,282"
2019-06-28 13:06:20.000000000,BEST_BID,"JPM,100735,108"
2019-06-28 13:06:20.000000000,BEST_ASK,"JPM,101251,282"
2019-06-28 13:06:20.000000000,BEST_BID,"JPM,100735,108"
2019-06-28 13:06:20.000000000,BEST_ASK,"JPM,101251,282"
2019-06-28 13:06:23.747836236,QUERY_SPREAD,44
2019-06-28 13:06:23.747836236,BEST_BID,"JPM,100735,108"
2019-06-28 13:06:23.747836236,BEST_ASK,"JPM,101251,182"
2019-06-28 13:06:23.747836236,LAST_TRADE,"100,$101251.0000"
2019-06-28 13:06:30.000000000,QUERY_SPREAD,1
2019-06-28 13:06:30.000000000,BEST_BID,"JPM,100735,354"
2019-06-28 13:06:30.000000000,BEST_ASK,"JPM,101251,100"
2019-06-28 13:06:30.000000000,BEST_BID,"JPM,100735,354"
2019-06-28 13:06:30.000000000,BEST_ASK,"JPM,101251,428"
2019-06-28 13:06:40.000000000,QUERY_SPREAD,1
2019-06-28 13:06:40.000000000,BEST_BID,"JPM,100735,92"
2019-06-28 13:06:40.000000000,BEST_ASK,"JPM,101251,100"
2019-06-28 13:06:40.000000000,BEST_BID,"JPM,100735,92"
2019-06-28 13:06:40.000000000,BEST_ASK,"JPM,101251,100"
2019-06-28 13:06:40.000000000,BEST_BID,"JPM,100735,92"
2019-06-28 13:06:40.000000000,BEST_ASK,"JPM,101251,100"
2019-06-28 13:06:40.000000000,BEST_BID,"JPM,100735,92"
2019-06-28 13:06:40.000000000,BEST_ASK,"JPM,101251,100"
2019-06-28 13:06:40.000000000,BEST_BID,"JPM,100735,92"
2019-06-28 13:06:40.000000000,BEST_ASK,"JPM,101251,100"
2019-06-28 13:06:40.000000000,BEST_BID,"JPM,100735,92"
2019-06-28 13:06:40.000000000,BEST_ASK,"JPM,101251,166"
2019-06-28 13:06:40.000000000,BEST_BID,"JPM,100735,92"
2019-06-28 13:06:40.000000000,BEST_ASK,"JPM,101251,166"
2019-06-28 13:06:40.000000000,BEST_BID,"JPM,100735,92"
2019-06-28 13:06:40.000000000,BEST_ASK,"JPM,101251,166"
2019-06-28 13:06:40.000000000,BEST_BID,"JPM,100735,92"
2019-06-28 13:06:40.000000000,BEST_ASK,"JPM,101251,166"
2019-06-28 13:06:40.000000000,BEST_BID,"JPM,100735,92"
2019-06-28 13:06:40.000000000,BEST_ASK,"JPM,101251,166"
2019-06-28 13:06:50.000000000,QUERY_SPREAD,1
2019-06-28 13:06:50.000000000,BEST_BID,"JPM,100735,108"
2019-06-28 13:06:50.000000000,BEST_ASK,"JPM,101251,100"
2019-06-28 13:06:50.000000000,BEST_BID,"JPM,100735,108"
2019-06-28 13:06:50.000000000,BEST_ASK,"JPM,101251,100"
2019-06-28 13:06:50.000000000,BEST_BID,"JPM,100735,108"
2019-06-28 13:06:50.000000000,BEST_ASK,"JPM,101251,100"
2019-06-28 13:06:50.000000000,BEST_BID,"JPM,100735,108"
2019-06-28 13:06:50.000000000,BEST_ASK,"JPM,101251,100"
2019-06-28 13:06:50.000000000,BEST_BID,"JPM,100735,108"
2019-06-28 13:06:50.000000000,BEST_ASK,"JPM,101251,182"
2019-06-28 13:06:50.000000000,BEST_BID,"JPM,100735,108"
2019-06-28 13:06:50.000000000,BEST_ASK,"JPM,101251,182"
2019-06-28 13:06:50.000000000,BEST_BID,"JPM,100735,108"
2019-06-28 13:06:50.000000000,BEST_ASK,"JPM,101251,182"
2019-06-28 13:06:50.000000000,BEST_BID,"JPM,100735,108"
2019-06-28 13:06:50.000000000,BEST_ASK,"JPM,101251,182"
2019-06-28 13:06:58.273710765,QUERY_ORDER_STREAM,76
2019-06-28 13:06:58.273710765,QUERY_SPREAD,76
2019-06-28 13:07:00.000000000,QUERY_SPREAD,1
2019-06-28 13:07:00.000000000,BEST_BID,"JPM,100735,138"
2019-06-28 13:07:00.000000000,BEST_ASK,"JPM,101252,8"
2019-06-28 13:07:00.000000000,BEST_BID,"JPM,100735,138"
2019-06-28 13:07:00.000000000,BEST_ASK,"JPM,101252,8"
2019-06-28 13:07:00.000000000,BEST_BID,"JPM,100735,138"
2019-06-28 13:07:00.000000000,BEST_ASK,"JPM,101252,8"
2019-06-28 13:07:00.000000000,BEST_BID,"JPM,100735,138"
2019-06-28 13:07:00.000000000,BEST_ASK,"JPM,101252,120"
2019-06-28 13:07:00.000000000,BEST_BID,"JPM,100735,138"
2019-06-28 13:07:00.000000000,BEST_ASK,"JPM,101252,120"
2019-06-28 13:07:00.000000000,BEST_BID,"JPM,100735,138"
2019-06-28 13:07:00.000000000,BEST_ASK,"JPM,101252,120"
2019-06-28 13:07:00.000000000,QUERY_SPREAD,77
2019-06-28 13:07:00.000000000,BEST_BID,"JPM,100735,138"
2019-06-28 13:07:00.000000000,BEST_ASK,"JPM,101252,116"
2019-06-28 13:07:00.000000000,LAST_TRADE,"4,$101252.0000"
2019-06-28 13:07:00.000000000,QUERY_SPREAD,78
2019-06-28 13:07:00.000000000,BEST_BID,"JPM,100735,138"
2019-06-28 13:07:00.000000000,BEST_ASK,"JPM,101252,108"
2019-06-28 13:07:00.000000000,LAST_TRADE,"8,$101252.0000"
2019-06-28 13:07:00.000000000,QUERY_SPREAD,79
2019-06-28 13:07:00.000000000,BEST_BID,"JPM,100735,138"
2019-06-28 13:07:00.000000000,BEST_ASK,"JPM,101252,107"
2019-06-28 13:07:00.000000000,LAST_TRADE,"1,$101252.0000"
2019-06-28 13:07:00.000000000,QUERY_SPREAD,80
2019-06-28 13:07:00.000000000,BEST_BID,"JPM,100735,138"
2019-06-28 13:07:00.000000000,BEST_ASK,"JPM,101252,102"
2019-06-28 13:07:00.000000000,LAST_TRADE,"5,$101252.0000"
2019-06-28 13:07:00.000000000,QUERY_SPREAD,81
2019-06-28 13:07:00.000000000,BEST_BID,"JPM,100735,138"
2019-06-28 13:07:00.000000000,BEST_ASK,"JPM,101252,97"
2019-06-28 13:07:00.000000000,LAST_TRADE,"5,$101252.0000"
2019-06-28 13:07:00.000000000,QUERY_SPREAD,82
2019-06-28 13:07:00.000000000,BEST_BID,"JPM,100735,138"
2019-06-28 13:07:00.000000000,BEST_ASK,"JPM,101252,91"
2019-06-28 13:07:00.000000000,LAST_TRADE,"6,$101252.0000"
2019-06-28 13:07:00.000000000,QUERY_SPREAD,83
2019-06-28 13:07:00.000000000,BEST_BID,"JPM,100735,138"
2019-06-28 13:07:00.000000000,BEST_ASK,"JPM,101252,87"
2019-06-28 13:07:00.000000000,LAST_TRADE,"4,$101252.0000"
2019-06-28 13:07:00.000000000,QUERY_SPREAD,84
2019-06-28 13:07:00.000000000,BEST_BID,"JPM,100735,138"
2019-06-28 13:07:00.000000000,BEST_ASK,"JPM,101252,82"
2019-06-28 13:07:00.000000000,LAST_TRADE,"5,$101252.0000"
2019-06-28 13:07:00.000000000,QUERY_SPREAD,85
2019-06-28 13:07:00.000000000,BEST_BID,"JPM,100735,138"
2019-06-28 13:07:00.000000000,BEST_ASK,"JPM,101252,77"
2019-06-28 13:07:00.000000000,LAST_TRADE,"5,$101252.0000"
2019-06-28 13:07:00.000000000,QUERY_SPREAD,86
2019-06-28 13:07:00.000000000,BEST_BID,"JPM,100735,138"
2019-06-28 13:07:00.000000000,BEST_ASK,"JPM,101252,68"
2019-06-28 13:07:00.000000000,LAST_TRADE,"9,$101252.0000"
2019-06-28 13:07:00.000000000,QUERY_SPREAD,87
2019-06-28 13:07:00.000000000,BEST_BID,"JPM,100735,138"
2019-06-28 13:07:00.000000000,BEST_ASK,"JPM,101252,66"
2019-06-28 13:07:00.000000000,LAST_TRADE,"2,$101252.0000"
2019-06-28 13:07:00.000000000,QUERY_SPREAD,88
2019-06-28 13:07:00.000000000,BEST_BID,"JPM,100735,138"
2019-06-28 13:07:00.000000000,BEST_ASK,"JPM,101252,58"
2019-06-28 13:07:00.000000000,LAST_TRADE,"8,$101252.0000"
2019-06-28 13:07:00.000000000,QUERY_SPREAD,89
2019-06-28 13:07:00.000000000,BEST_BID,"JPM,100735,138"
2019-06-28 13:07:00.000000000,BEST_ASK,"JPM,101252,51"
2019-06-28 13:07:00.000000000,LAST_TRADE,"7,$101252.0000"
2019-06-28 13:07:00.000000000,QUERY_SPREAD,90
2019-06-28 13:07:00.000000000,BEST_BID,"JPM,100735,138"
2019-06-28 13:07:00.000000000,BEST_ASK,"JPM,101252,45"
2019-06-28 13:07:00.000000000,LAST_TRADE,"6,$101252.0000"
2019-06-28 13:07:00.000000000,QUERY_SPREAD,91
2019-06-28 13:07:00.000000000,BEST_BID,"JPM,100735,138"
2019-06-28 13:07:00.000000000,BEST_ASK,"JPM,101252,40"
2019-06-28 13:07:00.000000000,LAST_TRADE,"5,$101252.0000"
2019-06-28 13:07:00.000000000,QUERY_SPREAD,92
2019-06-28 13:07:00.000000000,BEST_BID,"JPM,100735,138"
2019-06-28 13:07:00.000000000,BEST_ASK,"JPM,101252,39"
2019-06-28 13:07:00.000000000,LAST_TRADE,"1,$101252.0000"
2019-06-28 13:07:00.000000000,QUERY_SPREAD,93
2019-06-28 13:07:00.000000000,BEST_BID,"JPM,100735,138"
2019-06-28 13:07:00.000000000,BEST_ASK,"JPM,101252,37"
2019-06-28 13:07:00.000000000,LAST_TRADE,"2,$101252.0000"
2019-06-28 13:07:00.000000000,QUERY_SPREAD,94
2019-06-28 13:07:00.000000000,BEST_BID,"JPM,100735,138"
2019-06-28 13:07:00.000000000,BEST_ASK,"JPM,101252,35"
2019-06-28 13:07:00.000000000,LAST_TRADE,"2,$101252.0000"
2019-06-28 13:07:00.000000000,QUERY_SPREAD,95
2019-06-28 13:07:00.000000000,BEST_BID,"JPM,100735,138"
2019-06-28 13:07:00.000000000,BEST_ASK,"JPM,101252,28"
2019-06-28 13:07:00.000000000,LAST_TRADE,"7,$101252.0000"
2019-06-28 13:07:00.000000000,QUERY_SPREAD,96
2019-06-28 13:07:00.000000000,BEST_BID,"JPM,100735,138"
2019-06-28 13:07:00.000000000,BEST_ASK,"JPM,101252,21"
2019-06-28 13:07:00.000000000,LAST_TRADE,"7,$101252.0000"
2019-06-28 13:07:00.000000000,QUERY_SPREAD,97
2019-06-28 13:07:00.000000000,BEST_BID,"JPM,100735,138"
2019-06-28 13:07:00.000000000,BEST_ASK,"JPM,101252,15"
2019-06-28 13:07:00.000000000,LAST_TRADE,"6,$101252.0000"
2019-06-28 13:07:00.000000000,QUERY_SPREAD,98
2019-06-28 13:07:00.000000000,BEST_BID,"JPM,100735,138"
2019-06-28 13:07:00.000000000,BEST_ASK,"JPM,101252,11"
2019-06-28 13:07:00.000000000,LAST_TRADE,"4,$101252.0000"
2019-06-28 13:07:00.000000000,QUERY_SPREAD,99
2019-06-28 13:07:00.000000000,BEST_BID,"JPM,100735,138"
2019-06-28 13:07:00.000000000,BEST_ASK,"JPM,101252,9"
2019-06-28 13:07:00.000000000,LAST_TRADE,"2,$101252.0000"
2019-06-28 13:07:00.000000000,QUERY_SPREAD,100
2019-06-28 13:07:00.000000000,BEST_BID,"JPM,100735,138"
2019-06-28 13:07:00.000000000,BEST_ASK,"JPM,101252,3"
2019-06-28 13:07:00.000000000,LAST_TRADE,"6,$101252.0000"
2019-06-28 13:07:00.000000000,QUERY_SPREAD,101
2019-06-28 13:07:00.000000000,QUERY_ORDER_STREAM,101
2019-06-28 13:07:00.000000000,BEST_BID,"JPM,100735,138"
2019-06-28 13:07:00.000000000,BEST_ASK,"JPM,101252,11"
2019-06-28 13:07:10.000000000,QUERY_SPREAD,1
2019-06-28 13:07:10.000000000,BEST_BID,"JPM,100735,108"
2019-06-28 13:07:10.000000000,BEST_ASK,"JPM,101252,8"
2019-06-28 13:07:10.000000000,BEST_BID,"JPM,100735,108"
2019-06-28 13:07:10.000000000,BEST_ASK,"JPM,101252,8"
2019-06-28 13:07:10.000000000,BEST_BID,"JPM,100735,108"
2019-06-28 13:07:10.000000000,BEST_ASK,"JPM,101252,8"
2019-06-28 13:07:10.000000000,BEST_BID,"JPM,100735,108"
2019-06-28 13:07:10.000000000,BEST_ASK,"JPM,101252,8"
2019-06-28 13:07:10.000000000,BEST_BID,"JPM,100735,108"
2019-06-28 13:07:10.000000000,BEST_ASK,"JPM,101252,90"
2019-06-28 13:07:10.000000000,BEST_BID,"JPM,100735,108"
2019-06-28 13:07:10.000000000,BEST_ASK,"JPM,101252,90"
2019-06-28 13:07:10.000000000,BEST_BID,"JPM,100735,108"
2019-06-28 13:07:10.000000000,BEST_ASK,"JPM,101252,90"
2019-06-28 13:07:10.000000000,BEST_BID,"JPM,100735,108"
2019-06-28 13:07:10.000000000,BEST_ASK,"JPM,101252,90"
2019-06-28 13:07:20.000000000,QUERY_SPREAD,1
2019-06-28 13:07:20.000000000,BEST_BID,"JPM,100735,108"
2019-06-28 13:07:20.000000000,BEST_ASK,"JPM,101252,8"
2019-06-28 13:07:20.000000000,BEST_BID,"JPM,100735,108"
2019-06-28 13:07:20.000000000,BEST_ASK,"JPM,101252,8"
2019-06-28 13:07:20.000000000,BEST_BID,"JPM,100735,108"
2019-06-28 13:07:20.000000000,BEST_ASK,"JPM,101252,8"
2019-06-28 13:07:20.000000000,BEST_BID,"JPM,100735,108"
2019-06-28 13:07:20.000000000,BEST_ASK,"JPM,101252,8"
2019-06-28 13:07:20.000000000,BEST_BID,"JPM,100735,108"
2019-06-28 13:07:20.000000000,BEST_ASK,"JPM,101252,90"
2019-06-28 13:07:20.000000000,BEST_BID,"JPM,100735,108"
2019-06-28 13:07:20.000000000,BEST_ASK,"JPM,101252,90"
2019-06-28 13:07:20.000000000,BEST_BID,"JPM,100735,108"
2019-06-28 13:07:20.000000000,BEST_ASK,"JPM,101252,90"
2019-06-28 13:07:20.000000000,BEST_BID,"JPM,100735,108"
2019-06-28 13:07:20.000000000,BEST_ASK,"JPM,101252,90"
2019-06-28 13:07:20.895455141,QUERY_SPREAD,17
2019-06-28 13:07:20.895455141,BEST_BID,"JPM,101252,10"
2019-06-28 13:07:20.895455141,BEST_ASK,"JPM,101259,90"
2019-06-28 13:07:20.895455141,LAST_TRADE,"90,$101252.0000"
2019-06-28 13:07:21.854889891,QUERY_ORDER_STREAM,69
2019-06-28 13:07:21.854889891,QUERY_SPREAD,69
2019-06-28 13:07:27.067624186,QUERY_SPREAD,6
2019-06-28 13:07:27.067624186,BEST_BID,"JPM,101252,10"
2019-06-28 13:07:27.067624186,BEST_ASK,"JPM,101259,90"
2019-06-28 13:07:30.000000000,QUERY_SPREAD,1
2019-06-28 13:07:30.000000000,BEST_BID,"JPM,101252,338"
2019-06-28 13:07:30.000000000,BEST_ASK,"JPM,101259,8"
2019-06-28 13:07:30.000000000,BEST_BID,"JPM,101252,338"
2019-06-28 13:07:30.000000000,BEST_ASK,"JPM,101259,336"
2019-06-28 13:07:33.759869344,QUERY_SPREAD,39
2019-06-28 13:07:33.759869344,BEST_BID,"JPM,101252,338"
2019-06-28 13:07:33.759869344,BEST_ASK,"JPM,101259,236"
2019-06-28 13:07:33.759869344,LAST_TRADE,"100,$101259.0000"
2019-06-28 13:07:35.767932474,QUERY_SPREAD,5
2019-06-28 13:07:35.767932474,BEST_BID,"JPM,101252,338"
2019-06-28 13:07:35.767932474,BEST_ASK,"JPM,101259,136"
2019-06-28 13:07:35.767932474,LAST_TRADE,"100,$101259.0000"
2019-06-28 13:07:40.000000000,QUERY_SPREAD,1
2019-06-28 13:07:40.000000000,BEST_BID,"JPM,101252,92"
2019-06-28 13:07:40.000000000,BEST_ASK,"JPM,102299,100"
2019-06-28 13:07:40.000000000,BEST_BID,"JPM,101252,92"
2019-06-28 13:07:40.000000000,BEST_ASK,"JPM,102299,100"
2019-06-28 13:07:40.000000000,BEST_BID,"JPM,101252,92"
2019-06-28 13:07:40.000000000,BEST_ASK,"JPM,102299,100"
2019-06-28 13:07:40.000000000,BEST_BID,"JPM,101252,92"
2019-06-28 13:07:40.000000000,BEST_ASK,"JPM,102299,100"
2019-06-28 13:07:40.000000000,BEST_BID,"JPM,101252,92"
2019-06-28 13:07:40.000000000,BEST_ASK,"JPM,102299,182"
2019-06-28 13:07:40.000000000,BEST_BID,"JPM,101252,92"
2019-06-28 13:07:40.000000000,BEST_ASK,"JPM,102299,182"
2019-06-28 13:07:40.000000000,BEST_BID,"JPM,101252,92"
2019-06-28 13:07:40.000000000,BEST_ASK,"JPM,102299,182"
2019-06-28 13:07:40.000000000,BEST_BID,"JPM,101252,92"
2019-06-28 13:07:40.000000000,BEST_ASK,"JPM,102299,182"
2019-06-28 13:07:50.000000000,QUERY_SPREAD,1
2019-06-28 13:07:50.000000000,BEST_BID,"JPM,101252,338"
2019-06-28 13:07:50.000000000,BEST_ASK,"JPM,102299,100"
2019-06-28 13:07:50.000000000,BEST_BID,"JPM,101252,338"
2019-06-28 13:07:50.000000000,BEST_ASK,"JPM,102299,428"
2019-06-28 13:08:00.000000000,QUERY_SPREAD,1
2019-06-28 13:08:00.000000000,BEST_BID,"JPM,101252,76"
2019-06-28 13:08:00.000000000,BEST_ASK,"JPM,102299,100"
2019-06-28 13:08:00.000000000,BEST_BID,"JPM,101252,76"
2019-06-28 13:08:00.000000000,BEST_ASK,"JPM,102299,100"
2019-06-28 13:08:00.000000000,BEST_BID,"JPM,101252,76"
2019-06-28 13:08:00.000000000,BEST_ASK,"JPM,102299,100"
2019-06-28 13:08:00.000000000,BEST_BID,"JPM,101252,76"
2019-06-28 13:08:00.000000000,BEST_ASK,"JPM,102299,100"
2019-06-28 13:08:00.000000000,BEST_BID,"JPM,101252,76"
2019-06-28 13:08:00.000000000,BEST_ASK,"JPM,102299,100"
2019-06-28 13:08:00.000000000,BEST_BID,"JPM,101252,76"
2019-06-28 13:08:00.000000000,BEST_ASK,"JPM,102299,166"
2019-06-28 13:08:00.000000000,BEST_BID,"JPM,101252,76"
2019-06-28 13:08:00.000000000,BEST_ASK,"JPM,102299,166"
2019-06-28 13:08:00.000000000,BEST_BID,"JPM,101252,76"
2019-06-28 13:08:00.000000000,BEST_ASK,"JPM,102299,166"
2019-06-28 13:08:00.000000000,BEST_BID,"JPM,101252,76"
2019-06-28 13:08:00.000000000,BEST_ASK,"JPM,102299,166"
2019-06-28 13:08:00.000000000,BEST_BID,"JPM,101252,76"
2019-06-28 13:08:00.000000000,BEST_ASK,"JPM,102299,166"
2019-06-28 13:08:00.000000000,QUERY_SPREAD,77
2019-06-28 13:08:00.000000000,BEST_BID,"JPM,101252,76"
2019-06-28 13:08:00.000000000,BEST_ASK,"JPM,102299,162"
2019-06-28 13:08:00.000000000,LAST_TRADE,"4,$102299.0000"
2019-06-28 13:08:00.000000000,QUERY_SPREAD,78
2019-06-28 13:08:00.000000000,BEST_BID,"JPM,101252,76"
2019-06-28 13:08:00.000000000,BEST_ASK,"JPM,102299,154"
2019-06-28 13:08:00.000000000,LAST_TRADE,"8,$102299.0000"
2019-06-28 13:08:00.000000000,QUERY_SPREAD,79
2019-06-28 13:08:00.000000000,BEST_BID,"JPM,101252,76"
2019-06-28 13:08:00.000000000,BEST_ASK,"JPM,102299,153"
2019-06-28 13:08:00.000000000,LAST_TRADE,"1,$102299.0000"
2019-06-28 13:08:00.000000000,QUERY_SPREAD,80
2019-06-28 13:08:00.000000000,BEST_BID,"JPM,101252,76"
2019-06-28 13:08:00.000000000,BEST_ASK,"JPM,102299,148"
2019-06-28 13:08:00.000000000,LAST_TRADE,"5,$102299.0000"
2019-06-28 13:08:00.000000000,QUERY_SPREAD,81
2019-06-28 13:08:00.000000000,BEST_BID,"JPM,101252,76"
2019-06-28 13:08:00.000000000,BEST_ASK,"JPM,102299,143"
2019-06-28 13:08:00.000000000,LAST_TRADE,"5,$102299.0000"
2019-06-28 13:08:00.000000000,QUERY_SPREAD,82
2019-06-28 13:08:00.000000000,BEST_BID,"JPM,101252,76"
2019-06-28 13:08:00.000000000,BEST_ASK,"JPM,102299,137"
2019-06-28 13:08:00.000000000,LAST_TRADE,"6,$102299.0000"
2019-06-28 13:08:00.000000000,QUERY_SPREAD,83
2019-06-28 13:08:00.000000000,BEST_BID,"JPM,101252,76"
2019-06-28 13:08:00.000000000,BEST_ASK,"JPM,102299,133"
2019-06-28 13:08:00.000000000,LAST_TRADE,"4,$102299.0000"
2019-06-28 13:08:00.000000000,QUERY_SPREAD,84
2019-06-28 13:08:00.000000000,BEST_BID,"JPM,101252,76"
2019-06-28 13:08:00.000000000,BEST_ASK,"JPM,102299,128"
2019-06-28 13:08:00.000000000,LAST_TRADE,"5,$102299.0000"
2019-06-28 13:08:00.000000000,QUERY_SPREAD,85
2019-06-28 13:08:00.000000000,BEST_BID,"JPM,101252,76"
2019-06-28 13:08:00.000000000,BEST_ASK,"JPM,102299,123"
2019-06-28 13:08:00.000000000,LAST_TRADE,"5,$102299.0000"
2019-06-28 13:08:00.000000000,QUERY_SPREAD,86
2019-06-28 13:08:00.000000000,BEST_BID,"JPM,101252,76"
2019-06-28 13:08:00.000000000,BEST_ASK,"JPM,102299,114"
2019-06-28 13:08:00.000000000,LAST_TRADE,"9,$102299.0000"
2019-06-28 13:08:00.000000000,QUERY_SPREAD,87
2019-06-28 13:08:00.000000000,BEST_BID,"JPM,101252,76"
2019-06-28 13:08:00.000000000,BEST_ASK,"JPM,102299,112"
2019-06-28 13:08:00.000000000,LAST_TRADE,"2,$102299.0000"
2019-06-28 13:08:00.000000000,QUERY_SPREAD,88
2019-06-28 13:08:00.000000000,BEST_BID,"JPM,101252,76"
2019-06-28 13:08:00.000000000,BEST_ASK,"JPM,102299,104"
2019-06-28 13:08:00.000000000,LAST_TRADE,"8,$102299.0000"
2019-06-28 13:08:00.000000000,QUERY_SPREAD,89
2019-06-28 13:08:00.000000000,BEST_BID,"JPM,101252,76"
2019-06-28 13:08:00.000000000,BEST_ASK,"JPM,102299,97"
2019-06-28 13:08:00.000000000,LAST_TRADE,"7,$102299.0000"
2019-06-28 13:08:00.000000000,QUERY_SPREAD,90
2019-06-28 13:08:00.000000000,BEST_BID,"JPM,101252,76"
2019-06-28 13:08:00.000000000,BEST_ASK,"JPM,102299,91"
2019-06-28 13:08:00.000000000,LAST_TRADE,"6,$102299.0000"
2019-06-28 13:08:00.000000000,QUERY_SPREAD,91
2019-06-28 13:08:00.000000000,BEST_BID,"JPM,101252,76"
2019-06-28 13:08:00.000000000,BEST_ASK,"JPM,102299,86"
2019-06-28 13:08:00.000000000,LAST_TRADE,"5,$102299.0000"
2019-06-28 13:08:00.000000000,QUERY_SPREAD,92
2019-06-28 13:08:00.000000000,BEST_BID,"JPM,101252,76"
2019-06-28 13:08:00.000000000,BEST_ASK,"JPM,102299,85"
2019-06-28 13:08:00.000000000,LAST_TRADE,"1,$102299.0000"
2019-06-28 13:08:00.000000000,QUERY_SPREAD,93
2019-06-28 13:08:00.000000000,BEST_BID,"JPM,101252,76"
2019-06-28 13:08:00.000000000,BEST_ASK,"JPM,102299,83"
2019-06-28 13:08:00.000000000,LAST_TRADE,"2,$102299.0000"
2019-06-28 13:08:00.000000000,QUERY_SPREAD,94
2019-06-28 13:08:00.000000000,BEST_BID,"JPM,101252,76"
2019-06-28 13:08:00.000000000,BEST_ASK,"JPM,102299,81"
2019-06-28 13:08:00.000000000,LAST_TRADE,"2,$102299.0000"
2019-06-28 13:08:00.000000000,QUERY_SPREAD,95
2019-06-28 13:08:00.000000000,BEST_BID,"JPM,101252,76"
2019-06-28 13:08:00.000000000,BEST_ASK,"JPM,102299,74"
2019-06-28 13:08:00.000000000,LAST_TRADE,"7,$102299.0000"
2019-06-28 13:08:00.000000000,QUERY_SPREAD,96
2019-06-28 13:08:00.000000000,BEST_BID,"JPM,101252,76"
2019-06-28 13:08:00.000000000,BEST_ASK,"JPM,102299,67"
2019-06-28 13:08:00.000000000,LAST_TRADE,"7,$102299.0000"
2019-06-28 13:08:00.000000000,QUERY_SPREAD,97
2019-06-28 13:08:00.000000000,BEST_BID,"JPM,101252,76"
2019-06-28 13:08:00.000000000,BEST_ASK,"JPM,102299,61"
2019-06-28 13:08:00.000000000,LAST_TRADE,"6,$102299.0000"
2019-06-28 13:08:00.000000000,QUERY_SPREAD,98
2019-06-28 13:08:00.000000000,BEST_BID,"JPM,101252,76"
2019-06-28 13:08:00.000000000,BEST_ASK,"JPM,102299,57"
2019-06-28 13:08:00.000000000,LAST_TRADE,"4,$102299.0000"
2019-06-28 13:08:00.000000000,QUERY_SPREAD,99
2019-06-28 13:08:00.000000000,BEST_BID,"JPM,101252,76"
2019-06-28 13:08:00.000000000,BEST_ASK,"JPM,102299,55"
2019-06-28 13:08:00.000000000,LAST_TRADE,"2,$102299.0000"
2019-06-28 13:08:00.000000000,QUERY_SPREAD,100
2019-06-28 13:08:00.000000000,BEST_BID,"JPM,101252,76"
2019-06-28 13:08:00.000000000,BEST_ASK,"JPM,102299,49"
2019-06-28 13:08:00.000000000,LAST_TRADE,"6,$102299.0000"
2019-06-28 13:08:00.000000000,QUERY_SPREAD,101
2019-06-28 13:08:00.000000000,QUERY_ORDER_STREAM,101
2019-06-28 13:08:00.000000000,BEST_BID,"JPM,101252,76"
2019-06-28 13:08:00.000000000,BEST_ASK,"JPM,102299,57"
2019-06-28 13:08:04.000310469,QUERY_ORDER_STREAM,59
2019-06-28 13:08:04.000310469,QUERY_SPREAD,59
2019-06-28 13:08:10.000000000,QUERY_SPREAD,1
2019-06-28 13:08:10.000000000,BEST_BID,"JPM,101252,338"
2019-06-28 13:08:10.000000000,BEST_ASK,"JPM,102299,8"
2019-06-28 13:08:10.000000000,BEST_BID,"JPM,101252,338"
2019-06-28 13:08:10.000000000,BEST_ASK,"JPM,102299,336"
2019-06-28 13:08:20.000000000,QUERY_SPREAD,1
2019-06-28 13:08:20.000000000,BEST_BID,"JPM,101252,338"
2019-06-28 13:08:20.000000000,BEST_ASK,"JPM,102299,8"
2019-06-28 13:08:20.000000000,BEST_BID,"JPM,101252,338"
2019-06-28 13:08:20.000000000,BEST_ASK,"JPM,102299,336"
2019-06-28 13:08:29.002997606,QUERY_SPREAD,6
2019-06-28 13:08:29.002997606,BEST_BID,"JPM,101252,338"
2019-06-28 13:08:29.002997606,BEST_ASK,"JPM,102299,236"
2019-06-28 13:08:29.002997606,LAST_TRADE,"100,$102299.0000"
2019-06-28 13:08:30.000000000,QUERY_SPREAD,1
2019-06-28 13:08:30.000000000,BEST_BID,"JPM,101252,76"
2019-06-28 13:08:30.000000000,BEST_ASK,"JPM,104179,100"
2019-06-28 13:08:30.000000000,BEST_BID,"JPM,101252,76"
2019-06-28 13:08:30.000000000,BEST_ASK,"JPM,104179,100"
2019-06-28 13:08:30.000000000,BEST_BID,"JPM,101252,76"
2019-06-28 13:08:30.000000000,BEST_ASK,"JPM,104179,100"
2019-06-28 13:08:30.000000000,BEST_BID,"JPM,101252,76"
2019-06-28 13:08:30.000000000,BEST_ASK,"JPM,104179,100"
2019-06-28 13:08:30.000000000,BEST_BID,"JPM,101252,76"
2019-06-28 13:08:30.000000000,BEST_ASK,"JPM,104179,100"
2019-06-28 13:08:30.000000000,BEST_BID,"JPM,101252,76"
2019-06-28 13:08:30.000000000,BEST_ASK,"JPM,104179,166"
2019-06-28 13:08:30.000000000,BEST_BID,"JPM,101252,76"
2019-06-28 13:08:30.000000000,BEST_ASK,"JPM,104179,166"
2019-06-28 13:08:30.000000000,BEST_BID,"JPM,101252,76"
2019-06-28 13:08:30.000000000,BEST_ASK,"JPM,104179,166"
2019-06-28 13:08:39.238317273,QUERY_SPREAD,51
2019-06-28 13:08:39.238317273,BEST_BID,"JPM,101252,76"
2019-06-28 13:08:39.238317273,BEST_ASK,"JPM,102822,100"
2019-06-28 13:08:40.000000000,QUERY_SPREAD,1
2019-06-28 13:08:40.000000000,BEST_BID,"JPM,101252,92"
2019-06-28 13:08:40.000000000,BEST_ASK,"JPM,102822,100"
2019-06-28 13:08:40.000000000,BEST_BID,"JPM,101252,92"
2019-06-28 13:08:40.000000000,BEST_ASK,"JPM,102822,100"
2019-06-28 13:08:40.000000000,BEST_BID,"JPM,101252,92"
2019-06-28 13:08:40.000000000,BEST_ASK,"JPM,102822,100"
2019-06-28 13:08:40.000000000,BEST_BID,"JPM,101252,92"
2019-06-28 13:08:40.000000000,BEST_ASK,"JPM,102822,100"
2019-06-28 13:08:40.000000000,BEST_BID,"JPM,101252,92"
2019-06-28 13:08:40.000000000,BEST_ASK,"JPM,102822,182"
2019-06-28 13:08:40.000000000,BEST_BID,"JPM,101252,92"
2019-06-28 13:08:40.000000000,BEST_ASK,"JPM,102822,182"
2019-06-28 13:08:40.000000000,BEST_BID,"JPM,101252,92"
2019-06-28 13:08:40.000000000,BEST_ASK,"JPM,102822,182"
2019-06-28 13:08:40.000000000,BEST_BID,"JPM,101252,92"
2019-06-28 13:08:40.000000000,BEST_ASK,"JPM,102822,182"
2019-06-28 13:08:50.000000000,QUERY_SPREAD,1
2019-06-28 13:08:50.000000000,BEST_BID,"JPM,101252,338"
2019-06-28 13:08:50.000000000,BEST_ASK,"JPM,102822,100"
2019-06-28 13:08:50.000000000,BEST_BID,"JPM,101252,338"
2019-06-28 13:08:50.000000000,BEST_ASK,"JPM,102822,428"
2019-06-28 13:09:00.000000000,QUERY_SPREAD,1
2019-06-28 13:09:00.000000000,BEST_BID,"JPM,101252,122"
2019-06-28 13:09:00.000000000,BEST_ASK,"JPM,102822,100"
2019-06-28 13:09:00.000000000,BEST_BID,"JPM,101252,122"
2019-06-28 13:09:00.000000000,BEST_ASK,"JPM,102822,100"
2019-06-28 13:09:00.000000000,BEST_BID,"JPM,101252,122"
2019-06-28 13:09:00.000000000,BEST_ASK,"JPM,102822,100"
2019-06-28 13:09:00.000000000,BEST_BID,"JPM,101252,122"
2019-06-28 13:09:00.000000000,BEST_ASK,"JPM,102822,212"
2019-06-28 13:09:00.000000000,BEST_BID,"JPM,101252,122"
2019-06-28 13:09:00.000000000,BEST_ASK,"JPM,102822,212"
2019-06-28 13:09:00.000000000,BEST_BID,"JPM,101252,122"
2019-06-28 13:09:00.000000000,BEST_ASK,"JPM,102822,212"
2019-06-28 13:09:00.000000000,QUERY_SPREAD,77
2019-06-28 13:09:00.000000000,BEST_BID,"JPM,101252,122"
2019-06-28 13:09:00.000000000,BEST_ASK,"JPM,102822,208"
2019-06-28 13:09:00.000000000,LAST_TRADE,"4,$102822.0000"
2019-06-28 13:09:00.000000000,QUERY_SPREAD,78
2019-06-28 13:09:00.000000000,BEST_BID,"JPM,101252,122"
2019-06-28 13:09:00.000000000,BEST_ASK,"JPM,102822,200"
2019-06-28 13:09:00.000000000,LAST_TRADE,"8,$102822.0000"
2019-06-28 13:09:00.000000000,QUERY_SPREAD,79
2019-06-28 13:09:00.000000000,BEST_BID,"JPM,101252,122"
2019-06-28 13:09:00.000000000,BEST_ASK,"JPM,102822,199"
2019-06-28 13:09:00.000000000,LAST_TRADE,"1,$102822.0000"
2019-06-28 13:09:00.000000000,QUERY_SPREAD,80
2019-06-28 13:09:00.000000000,BEST_BID,"JPM,101252,122"
2019-06-28 13:09:00.000000000,BEST_ASK,"JPM,102822,194"
2019-06-28 13:09:00.000000000,LAST_TRADE,"5,$102822.0000"
2019-06-28 13:09:00.000000000,QUERY_SPREAD,81
2019-06-28 13:09:00.000000000,BEST_BID,"JPM,101252,122"
2019-06-28 13:09:00.000000000,BEST_ASK,"JPM,102822,189"
2019-06-28 13:09:00.000000000,LAST_TRADE,"5,$102822.0000"
2019-06-28 13:09:00.000000000,QUERY_SPREAD,82
2019-06-28 13:09:00.000000000,BEST_BID,"JPM,101252,122"
2019-06-28 13:09:00.000000000,BEST_ASK,"JPM,102822,183"
2019-06-28 13:09:00.000000000,LAST_TRADE,"6,$102822.0000"
2019-06-28 13:09:00.000000000,QUERY_SPREAD,83
2019-06-28 13:09:00.000000000,BEST_BID,"JPM,101252,122"
2019-06-28 13:09:00.000000000,BEST_ASK,"JPM,102822,179"
2019-06-28 13:09:00.000000000,LAST_TRADE,"4,$102822.0000"
2019-06-28 13:09:00.000000000,QUERY_SPREAD,84
2019-06-28 13:09:00.000000000,BEST_BID,"JPM,101252,122"
2019-06-28 13:09:00.000000000,BEST_ASK,"JPM,102822,174"
2019-06-28 13:09:00.000000000,LAST_TRADE,"5,$102822.0000"
2019-06-28 13:09:00.000000000,QUERY_SPREAD,85
2019-06-28 13:09:00.000000000,BEST_BID,"JPM,101252,122"
2019-06-28 13:09:00.000000000,BEST_ASK,"JPM,102822,169"
2019-06-28 13:09:00.000000000,LAST_TRADE,"5,$102822.0000"
2019-06-28 13:09:00.000000000,QUERY_SPREAD,86
2019-06-28 13:09:00.000000000,BEST_BID,"JPM,101252,122"
2019-06-28 13:09:00.000000000,BEST_ASK,"JPM,102822,160"
2019-06-28 13:09:00.000000000,LAST_TRADE,"9,$102822.0000"
2019-06-28 13:09:00.000000000,QUERY_SPREAD,87
2019-06-28 13:09:00.000000000,BEST_BID,"JPM,101252,122"
2019-06-28 13:09:00.000000000,BEST_ASK,"JPM,102822,158"
2019-06-28 13:09:00.000000000,LAST_TRADE,"2,$102822.0000"
2019-06-28 13:09:00.000000000,QUERY_SPREAD,88
2019-06-28 13:09:00.000000000,BEST_BID,"JPM,101252,122"
2019-06-28 13:09:00.000000000,BEST_ASK,"JPM,102822,150"
2019-06-28 13:09:00.000000000,LAST_TRADE,"8,$102822.0000"
2019-06-28 13:09:00.000000000,QUERY_SPREAD,89
2019-06-28 13:09:00.000000000,BEST_BID,"JPM,101252,122"
2019-06-28 13:09:00.000000000,BEST_ASK,"JPM,102822,143"
2019-06-28 13:09:00.000000000,LAST_TRADE,"7,$102822.0000"
2019-06-28 13:09:00.000000000,QUERY_SPREAD,90
2019-06-28 13:09:00.000000000,BEST_BID,"JPM,101252,122"
2019-06-28 13:09:00.000000000,BEST_ASK,"JPM,102822,137"
2019-06-28 13:09:00.000000000,LAST_TRADE,"6,$102822.0000"
2019-06-28 13:09:00.000000000,QUERY_SPREAD,91
2019-06-28 13:09:00.000000000,BEST_BID,"JPM,101252,122"
2019-06-28 13:09:00.000000000,BEST_ASK,"JPM,102822,132"
2019-06-28 13:09:00.000000000,LAST_TRADE,"5,$102822.0000"
2019-06-28 13:09:00.000000000,QUERY_SPREAD,92
2019-06-28 13:09:00.000000000,BEST_BID,"JPM,101252,122"
2019-06-28 13:09:00.000000000,BEST_ASK,"JPM,102822,131"
2019-06-28 13:09:00.000000000,LAST_TRADE,"1,$102822.0000"
2019-06-28 13:09:00.000000000,QUERY_SPREAD,93
2019-06-28 13:09:00.000000000,BEST_BID,"JPM,101252,122"
2019-06-28 13:09:00.000000000,BEST_ASK,"JPM,102822,129"
2019-06-28 13:09:00.000000000,LAST_TRADE,"2,$102822.0000"
2019-06-28 13:09:00.000000000,QUERY_SPREAD,94
2019-06-28 13:09:00.000000000,BEST_BID,"JPM,101252,122"
2019-06-28 13:09:00.000000000,BEST_ASK,"JPM,102822,127"
2019-06-28 13:09:00.000000000,LAST_TRADE,"2,$102822.0000"
2019-06-28 13:09:00.000000000,QUERY_SPREAD,95
2019-06-28 13:09:00.000000000,BEST_BID,"JPM,101252,122"
2019-06-28 13:09:00.000000000,BEST_ASK,"JPM,102822,120"
2019-06-28 13:09:00.000000000,LAST_TRADE,"7,$102822.0000"
2019-06-28 13:09:00.000000000,QUERY_SPREAD,96
2019-06-28 13:09:00.000000000,BEST_BID,"JPM,101252,122"
2019-06-28 13:09:00.000000000,BEST_ASK,"JPM,102822,113"
2019-06-28 13:09:00.000000000,LAST_TRADE,"7,$102822.0000"
2019-06-28 13:09:00.000000000,QUERY_SPREAD,97
2019-06-28 13:09:00.000000000,BEST_BID,"JPM,101252,122"
2019-06-28 13:09:00.000000000,BEST_ASK,"JPM,102822,107"
2019-06-28 13:09:00.000000000,LAST_TRADE,"6,$102822.0000"
2019-06-28 13:09:00.000000000,QUERY_SPREAD,98
2019-06-28 13:09:00.000000000,BEST_BID,"JPM,101252,122"
2019-06-28 13:09:00.000000000,BEST_ASK,"JPM,102822,103"
2019-06-28 13:09:00.000000000,LAST_TRADE,"4,$102822.0000"
2019-06-28 13:09:00.000000000,QUERY_SPREAD,99
2019-06-28 13:09:00.000000000,BEST_BID,"JPM,101252,122"
2019-06-28 13:09:00.000000000,BEST_ASK,"JPM,102822,101"
2019-06-28 13:09:00.000000000,LAST_TRADE,"2,$102822.0000"
2019-06-28 13:09:00.000000000,QUERY_SPREAD,100
2019-06-28 13:09:00.000000000,BEST_BID,"JPM,101252,122"
2019-06-28 13:09:00.000000000,BEST_ASK,"JPM,102822,95"
2019-06-28 13:09:00.000000000,LAST_TRADE,"6,$102822.0000"
2019-06-28 13:09:00.000000000,QUERY_SPREAD,101
2019-06-28 13:09:00.000000000,QUERY_ORDER_STREAM,101
2019-06-28 13:09:00.000000000,BEST_BID,"JPM,101252,122"
2019-06-28 13:09:00.000000000,BEST_ASK,"JPM,102822,103"
2019-06-28 13:09:10.000000000,QUERY_SPREAD,1
2019-06-28 13:09:10.000000000,BEST_BID,"JPM,101252,122"
2019-06-28 13:09:10.000000000,BEST_ASK,"JPM,102822,8"
2019-06-28 13:09:10.000000000,BEST_BID,"JPM,101252,122"
2019-06-28 13:09:10.000000000,BEST_ASK,"JPM,102822,8"
2019-06-28 13:09:10.000000000,BEST_BID,"JPM,101252,122"
2019-06-28 13:09:10.000000000,BEST_ASK,"JPM,102822,8"
2019-06-28 13:09:10.000000000,BEST_BID,"JPM,101252,122"
2019-06-28 13:09:10.000000000,BEST_ASK,"JPM,102822,120"
2019-06-28 13:09:10.000000000,BEST_BID,"JPM,101252,122"
2019-06-28 13:09:10.000000000,BEST_ASK,"JPM,102822,120"
2019-06-28 13:09:10.000000000,BEST_BID,"JPM,101252,122"
2019-06-28 13:09:10.000000000,BEST_ASK,"JPM,102822,120"
2019-06-28 13:09:14.575738915,QUERY_SPREAD,18
2019-06-28 13:09:14.575738915,BEST_BID,"JPM,102628,100"
2019-06-28 13:09:14.575738915,BEST_ASK,"JPM,102822,120"
2019-06-28 13:09:20.000000000,QUERY_SPREAD,1
2019-06-28 13:09:20.000000000,BEST_BID,"JPM,102628,212"
2019-06-28 13:09:20.000000000,BEST_ASK,"JPM,102822,8"
2019-06-28 13:09:20.000000000,BEST_BID,"JPM,102628,212"
2019-06-28 13:09:20.000000000,BEST_ASK,"JPM,102822,8"
2019-06-28 13:09:20.000000000,BEST_BID,"JPM,102628,212"
2019-06-28 13:09:20.000000000,BEST_ASK,"JPM,102822,8"
2019-06-28 13:09:20.000000000,BEST_BID,"JPM,102628,212"
2019-06-28 13:09:20.000000000,BEST_ASK,"JPM,102822,120"
2019-06-28 13:09:20.000000000,BEST_BID,"JPM,102628,212"
2019-06-28 13:09:20.000000000,BEST_ASK,"JPM,102822,120"
2019-06-28 13:09:20.000000000,BEST_BID,"JPM,102628,212"
2019-06-28 13:09:20.000000000,BEST_ASK,"JPM,102822,120"
2019-06-28 13:09:20.573067554,QUERY_ORDER_STREAM,64
2019-06-28 13:09:20.573067554,QUERY_SPREAD,64
2019-06-28 13:09:20.573067554,BEST_BID,"JPM,102628,212"
2019-06-28 13:09:20.573067554,BEST_ASK,"JPM,102822,20"
2019-06-28 13:09:20.573067554,LAST_TRADE,"100,$102822.0000"
2019-06-28 13:09:30.000000000,QUERY_SPREAD,1
2019-06-28 13:09:30.000000000,BEST_BID,"JPM,102628,212"
2019-06-28 13:09:30.000000000,BEST_ASK,"JPM,104179,100"
2019-06-28 13:09:30.000000000,BEST_BID,"JPM,102628,212"
2019-06-28 13:09:30.000000000,BEST_ASK,"JPM,104179,100"
2019-06-28 13:09:30.000000000,BEST_BID,"JPM,102628,212"
2019-06-28 13:09:30.000000000,BEST_ASK,"JPM,104179,100"
2019-06-28 13:09:30.000000000,BEST_BID,"JPM,102628,212"
2019-06-28 13:09:30.000000000,BEST_ASK,"JPM,104179,212"
2019-06-28 13:09:30.000000000,BEST_BID,"JPM,102628,212"
2019-06-28 13:09:30.000000000,BEST_ASK,"JPM,104179,212"
2019-06-28 13:09:30.000000000,BEST_BID,"JPM,102628,212"
2019-06-28 13:09:30.000000000,BEST_ASK,"JPM,104179,212"
2019-06-28 13:09:31.723953804,QUERY_ORDER_STREAM,66
2019-06-28 13:09:31.723953804,QUERY_SPREAD,66
2019-06-28 13:09:31.723953804,BEST_BID,"JPM,102822,100"
2019-06-28 13:09:31.723953804,BEST_ASK,"JPM,104179,212"
2019-06-28 13:09:39.931864548,QUERY_SPREAD,17
2019-06-28 13:09:39.931864548,BEST_BID,"JPM,102822,100"
2019-06-28 13:09:39.931864548,BEST_ASK,"JPM,102824,100"
2019-06-28 13:09:40.000000000,QUERY_SPREAD,1
2019-06-28 13:09:40.000000000,BEST_BID,"JPM,102822,182"
2019-06-28 13:09:40.000000000,BEST_ASK,"JPM,102824,100"
2019-06-28 13:09:40.000000000,BEST_BID,"JPM,102822,182"
2019-06-28 13:09:40.000000000,BEST_ASK,"JPM,102824,100"
2019-06-28 13:09:40.000000000,BEST_BID,"JPM,102822,182"
2019-06-28 13:09:40.000000000,BEST_ASK,"JPM,102824,100"
2019-06-28 13:09:40.000000000,BEST_BID,"JPM,102822,182"
2019-06-28 13:09:40.000000000,BEST_ASK,"JPM,102824,100"
2019-06-28 13:09:40.000000000,BEST_BID,"JPM,102822,182"
2019-06-28 13:09:40.000000000,BEST_ASK,"JPM,102824,182"
2019-06-28 13:09:40.000000000,BEST_BID,"JPM,102822,182"
2019-06-28 13:09:40.000000000,BEST_ASK,"JPM,102824,182"
2019-06-28 13:09:40.000000000,BEST_BID,"JPM,102822,182"
2019-06-28 13:09:40.000000000,BEST_ASK,"JPM,102824,182"
2019-06-28 13:09:40.000000000,BEST_BID,"JPM,102822,182"
2019-06-28 13:09:40.000000000,BEST_ASK,"JPM,102824,182"
2019-06-28 13:09:50.000000000,QUERY_SPREAD,1
2019-06-28 13:09:50.000000000,BEST_BID,"JPM,102822,264"
2019-06-28 13:09:50.000000000,BEST_ASK,"JPM,102824,100"
2019-06-28 13:09:50.000000000,BEST_BID,"JPM,102822,264"
2019-06-28 13:09:50.000000000,BEST_ASK,"JPM,102824,100"
2019-06-28 13:09:50.000000000,BEST_BID,"JPM,102822,264"
2019-06-28 13:09:50.000000000,BEST_ASK,"JPM,102824,264"
2019-06-28 13:09:50.000000000,BEST_BID,"JPM,102822,264"
2019-06-28 13:09:50.000000000,BEST_ASK,"JPM,102824,264"
2019-06-28 13:09:58.673433652,QUERY_ORDER_STREAM,70
2019-06-28 13:09:58.673433652,QUERY_SPREAD,70
2019-06-28 13:09:58.673433652,BEST_BID,"JPM,102822,364"
2019-06-28 13:09:58.673433652,BEST_ASK,"JPM,102824,264"
2019-06-28 13:10:00.000000000,QUERY_SPREAD,1
2019-06-28 13:10:00.000000000,BEST_BID,"JPM,102822,528"
2019-06-28 13:10:00.000000000,BEST_ASK,"JPM,102824,100"
2019-06-28 13:10:00.000000000,BEST_BID,"JPM,102822,528"
2019-06-28 13:10:00.000000000,BEST_ASK,"JPM,102824,428"
2019-06-28 13:10:00.000000000,QUERY_SPREAD,77
2019-06-28 13:10:00.000000000,BEST_BID,"JPM,102822,528"
2019-06-28 13:10:00.000000000,BEST_ASK,"JPM,102824,424"
2019-06-28 13:10:00.000000000,LAST_TRADE,"4,$102824.0000"
2019-06-28 13:10:00.000000000,QUERY_SPREAD,78
2019-06-28 13:10:00.000000000,BEST_BID,"JPM,102822,528"
2019-06-28 13:10:00.000000000,BEST_ASK,"JPM,102824,416"
2019-06-28 13:10:00.000000000,LAST_TRADE,"8,$102824.0000"
2019-06-28 13:10:00.000000000,QUERY_SPREAD,79
2019-06-28 13:10:00.000000000,BEST_BID,"JPM,102822,528"
2019-06-28 13:10:00.000000000,BEST_ASK,"JPM,102824,415"
2019-06-28 13:10:00.000000000,LAST_TRADE,"1,$102824.0000"
2019-06-28 13:10:00.000000000,QUERY_SPREAD,80
2019-06-28 13:10:00.000000000,BEST_BID,"JPM,102822,528"
2019-06-28 13:10:00.000000000,BEST_ASK,"JPM,102824,410"
2019-06-28 13:10:00.000000000,LAST_TRADE,"5,$102824.0000"
2019-06-28 13:10:00.000000000,QUERY_SPREAD,81
2019-06-28 13:10:00.000000000,BEST_BID,"JPM,102822,528"
2019-06-28 13:10:00.000000000,BEST_ASK,"JPM,102824,405"
2019-06-28 13:10:00.000000000,LAST_TRADE,"5,$102824.0000"
2019-06-28 13:10:00.000000000,QUERY_SPREAD,82
2019-06-28 13:10:00.000000000,BEST_BID,"JPM,102822,528"
2019-06-28 13:10:00.000000000,BEST_ASK,"JPM,102824,399"
2019-06-28 13:10:00.000000000,LAST_TRADE,"6,$102824.0000"
2019-06-28 13:10:00.000000000,QUERY_SPREAD,83
2019-06-28 13:10:00.000000000,BEST_BID,"JPM,102822,528"
2019-06-28 13:10:00.000000000,BEST_ASK,"JPM,102824,395"
2019-06-28 13:10:00.000000000,LAST_TRADE,"4,$102824.0000"
2019-06-28 13:10:00.000000000,QUERY_SPREAD,84
2019-06-28 13:10:00.000000000,BEST_BID,"JPM,102822,528"
2019-06-28 13:10:00.000000000,BEST_ASK,"JPM,102824,390"
2019-06-28 13:10:00.000000000,LAST_TRADE,"5,$102824.0000"
2019-06-28 13:10:00.000000000,QUERY_SPREAD,85
2019-06-28 13:10:00.000000000,BEST_BID,"JPM,102822,528"
2019-06-28 13:10:00.000000000,BEST_ASK,"JPM,102824,385"
2019-06-28 13:10:00.000000000,LAST_TRADE,"5,$102824.0000"
2019-06-28 13:10:00.000000000,QUERY_SPREAD,86
2019-06-28 13:10:00.000000000,BEST_BID,"JPM,102822,528"
2019-06-28 13:10:00.000000000,BEST_ASK,"JPM,102824,376"
2019-06-28 13:10:00.000000000,LAST_TRADE,"9,$102824.0000"
2019-06-28 13:10:00.000000000,QUERY_SPREAD,87
2019-06-28 13:10:00.000000000,BEST_BID,"JPM,102822,528"
2019-06-28 13:10:00.000000000,BEST_ASK,"JPM,102824,374"
2019-06-28 13:10:00.000000000,LAST_TRADE,"2,$102824.0000"
2019-06-28 13:10:00.000000000,QUERY_SPREAD,88
2019-06-28 13:10:00.000000000,BEST_BID,"JPM,102822,528"
2019-06-28 13:10:00.000000000,BEST_ASK,"JPM,102824,366"
2019-06-28 13:10:00.000000000,LAST_TRADE,"8,$102824.0000"
2019-06-28 13:10:00.000000000,QUERY_SPREAD,89
2019-06-28 13:10:00.000000000,BEST_BID,"JPM,102822,528"
2019-06-28 13:10:00.000000000,BEST_ASK,"JPM,102824,359"
2019-06-28 13:10:00.000000000,LAST_TRADE,"7,$102824.0000"
2019-06-28 13:10:00.000000000,QUERY_SPREAD,90
2019-06-28 13:10:00.000000000,BEST_BID,"JPM,102822,528"
2019-06-28 13:10:00.000000000,BEST_ASK,"JPM,102824,353"
2019-06-28 13:10:00.000000000,LAST_TRADE,"6,$102824.0000"
2019-06-28 13:10:00.000000000,QUERY_SPREAD,91
2019-06-28 13:10:00.000000000,BEST_BID,"JPM,102822,528"
2019-06-28 13:10:00.000000000,BEST_ASK,"JPM,102824,348"
2019-06-28 13:10:00.000000000,LAST_TRADE,"5,$102824.0000"
2019-06-28 13:10:00.000000000,QUERY_SPREAD,92
2019-06-28 13:10:00.000000000,BEST_BID,"JPM,102822,528"
2019-06-28 13:10:00.000000000,BEST_ASK,"JPM,102824,347"
2019-06-28 13:10:00.000000000,LAST_TRADE,"1,$102824.0000"
2019-06-28 13:10:00.000000000,QUERY_SPREAD,93
2019-06-28 13:10:00.000000000,BEST_BID,"JPM,102822,528"
2019-06-28 13:10:00.000000000,BEST_ASK,"JPM,102824,345"
2019-06-28 13:10:00.000000000,LAST_TRADE,"2,$102824.0000"
2019-06-28 13:10:00.000000000,QUERY_SPREAD,94
2019-06-28 13:10:00.000000000,BEST_BID,"JPM,102822,528"
2019-06-28 13:10:00.000000000,BEST_ASK,"JPM,102824,343"
2019-06-28 13:10:00.000000000,LAST_TRADE,"2,$102824.0000"
2019-06-28 13:10:00.000000000,QUERY_SPREAD,95
2019-06-28 13:10:00.000000000,BEST_BID,"JPM,102822,528"
2019-06-28 13:10:00.000000000,BEST_ASK,"JPM,102824,336"
2019-06-28 13:10:00.000000000,LAST_TRADE,"7,$102824.0000"
2019-06-28 13:10:00.000000000,QUERY_SPREAD,96
2019-06-28 13:10:00.000000000,BEST_BID,"JPM,102822,528"
2019-06-28 13:10:00.000000000,BEST_ASK,"JPM,102824,329"
2019-06-28 13:10:00.000000000,LAST_TRADE,"7,$102824.0000"
2019-06-28 13:10:00.000000000,QUERY_SPREAD,97
2019-06-28 13:10:00.000000000,BEST_BID,"JPM,102822,528"
2019-06-28 13:10:00.000000000,BEST_ASK,"JPM,102824,323"
2019-06-28 13:10:00.000000000,LAST_TRADE,"6,$102824.0000"
2019-06-28 13:10:00.000000000,QUERY_SPREAD,98
2019-06-28 13:10:00.000000000,BEST_BID,"JPM,102822,528"
2019-06-28 13:10:00.000000000,BEST_ASK,"JPM,102824,319"
2019-06-28 13:10:00.000000000,LAST_TRADE,"4,$102824.0000"
2019-06-28 13:10:00.000000000,QUERY_SPREAD,99
2019-06-28 13:10:00.000000000,BEST_BID,"JPM,102822,528"
2019-06-28 13:10:00.000000000,BEST_ASK,"JPM,102824,317"
2019-06-28 13:10:00.000000000,LAST_TRADE,"2,$102824.0000"
2019-06-28 13:10:00.000000000,QUERY_SPREAD,100
2019-06-28 13:10:00.000000000,BEST_BID,"JPM,102822,528"
2019-06-28 13:10:00.000000000,BEST_ASK,"JPM,102824,311"
2019-06-28 13:10:00.000000000,LAST_TRADE,"6,$102824.0000"
2019-06-28 13:10:00.000000000,QUERY_SPREAD,101
2019-06-28 13:10:00.000000000,QUERY_ORDER_STREAM,101
2019-06-28 13:10:00.000000000,BEST_BID,"JPM,102822,528"
2019-06-28 13:10:00.000000000,BEST_ASK,"JPM,102824,319"
2019-06-28 13:10:10.000000000,QUERY_SPREAD,1
2019-06-28 13:10:10.000000000,BEST_BID,"JPM,102822,282"
2019-06-28 13:10:10.000000000,BEST_ASK,"JPM,102824,8"
2019-06-28 13:10:10.000000000,BEST_BID,"JPM,102822,282"
2019-06-28 13:10:10.000000000,BEST_ASK,"JPM,102824,8"
2019-06-28 13:10:10.000000000,BEST_BID,"JPM,102822,282"
2019-06-28 13:10:10.000000000,BEST_ASK,"JPM,102824,8"
2019-06-28 13:10:10.000000000,BEST_BID,"JPM,102822,282"
2019-06-28 13:10:10.000000000,BEST_ASK,"JPM,102824,8"
2019-06-28 13:10:10.000000000,BEST_BID,"JPM,102822,282"
2019-06-28 13:10:10.000000000,BEST_ASK,"JPM,102824,90"
2019-06-28 13:10:10.000000000,BEST_BID,"JPM,102822,282"
2019-06-28 13:10:10.000000000,BEST_ASK,"JPM,102824,90"
2019-06-28 13:10:10.000000000,BEST_BID,"JPM,102822,282"
2019-06-28 13:10:10.000000000,BEST_ASK,"JPM,102824,90"
2019-06-28 13:10:10.000000000,BEST_BID,"JPM,102822,282"
2019-06-28 13:10:10.000000000,BEST_ASK,"JPM,102824,90"
2019-06-28 13:10:11.469856118,QUERY_ORDER_STREAM,55
2019-06-28 13:10:11.469856118,QUERY_SPREAD,55
2019-06-28 13:10:11.469856118,BEST_BID,"JPM,102824,10"
2019-06-28 13:10:11.469856118,BEST_ASK,"JPM,104179,182"
2019-06-28 13:10:11.469856118,LAST_TRADE,"90,$102824.0000"
2019-06-28 13:10:20.000000000,QUERY_SPREAD,1
2019-06-28 13:10:20.000000000,BEST_BID,"JPM,102824,174"
2019-06-28 13:10:20.000000000,BEST_ASK,"JPM,104179,100"
2019-06-28 13:10:20.000000000,BEST_BID,"JPM,102824,174"
2019-06-28 13:10:20.000000000,BEST_ASK,"JPM,104179,100"
2019-06-28 13:10:20.000000000,BEST_BID,"JPM,102824,174"
2019-06-28 13:10:20.000000000,BEST_ASK,"JPM,104179,264"
2019-06-28 13:10:20.000000000,BEST_BID,"JPM,102824,174"
2019-06-28 13:10:20.000000000,BEST_ASK,"JPM,104179,264"
2019-06-28 13:10:24.635704842,QUERY_ORDER_STREAM,61
2019-06-28 13:10:24.635704842,QUERY_SPREAD,61
2019-06-28 13:10:30.000000000,QUERY_SPREAD,1
2019-06-28 13:10:30.000000000,BEST_BID,"JPM,102824,76"
2019-06-28 13:10:30.000000000,BEST_ASK,"JPM,104179,100"
2019-06-28 13:10:30.000000000,BEST_BID,"JPM,102824,76"
2019-06-28 13:10:30.000000000,BEST_ASK,"JPM,104179,100"
2019-06-28 13:10:30.000000000,BEST_BID,"JPM,102824,76"
2019-06-28 13:10:30.000000000,BEST_ASK,"JPM,104179,100"
2019-06-28 13:10:30.000000000,BEST_BID,"JPM,102824,76"
2019-06-28 13:10:30.000000000,BEST_ASK,"JPM,104179,100"
2019-06-28 13:10:30.000000000,BEST_BID,"JPM,102824,76"
2019-06-28 13:10:30.000000000,BEST_ASK,"JPM,104179,100"
2019-06-28 13:10:30.000000000,BEST_BID,"JPM,102824,76"
2019-06-28 13:10:30.000000000,BEST_ASK,"JPM,104179,166"
2019-06-28 13:10:30.000000000,BEST_BID,"JPM,102824,76"
2019-06-28 13:10:30.000000000,BEST_ASK,"JPM,104179,166"
2019-06-28 13:10:30.000000000,BEST_BID,"JPM,102824,76"
2019-06-28 13:10:30.000000000,BEST_ASK,"JPM,104179,166"
2019-06-28 13:10:35.727983371,QUERY_SPREAD,28
2019-06-28 13:10:35.727983371,BEST_BID,"JPM,102824,76"
2019-06-28 13:10:35.727983371,BEST_ASK,"JPM,104179,166"
2019-06-28 13:10:40.000000000,QUERY_SPREAD,1
2019-06-28 13:10:40.000000000,BEST_BID,"JPM,102824,92"
2019-06-28 13:10:40.000000000,BEST_ASK,"JPM,104179,100"
2019-06-28 13:10:40.000000000,BEST_BID,"JPM,102824,92"
2019-06-28 13:10:40.000000000,BEST_ASK,"JPM,104179,100"
2019-06-28 13:10:40.000000000,BEST_BID,"JPM,102824,92"
2019-06-28 13:10:40.000000000,BEST_ASK,"JPM,104179,100"
2019-06-28 13:10:40.000000000,BEST_BID,"JPM,102824,92"
2019-06-28 13:10:40.000000000,BEST_ASK,"JPM,104179,100"
2019-06-28 13:10:40.000000000,BEST_BID,"JPM,102824,92"
2019-06-28 13:10:40.000000000,BEST_ASK,"JPM,104179,182"
2019-06-28 13:10:40.000000000,BEST_BID,"JPM,102824,92"
2019-06-28 13:10:40.000000000,BEST_ASK,"JPM,104179,182"
2019-06-28 13:10:40.000000000,BEST_BID,"JPM,102824,92"
2019-06-28 13:10:40.000000000,BEST_ASK,"JPM,104179,182"
2019-06-28 13:10:50.000000000,QUERY_SPREAD,1
2019-06-28 13:10:50.000000000,BEST_BID,"JPM,102824,122"
2019-06-28 13:10:50.000000000,BEST_ASK,"JPM,104179,100"
2019-06-28 13:10:50.000000000,BEST_BID,"JPM,102824,122"
2019-06-28 13:10:50.000000000,BEST_ASK,"JPM,104179,100"
2019-06-28 13:10:50.000000000,BEST_BID,"JPM,102824,122"
2019-06-28 13:10:50.000000000,BEST_ASK,"JPM,104179,100"
2019-06-28 13:10:50.000000000,BEST_BID,"JPM,102824,122"
2019-06-28 13:10:50.000000000,BEST_ASK,"JPM,104179,212"
2019-06-28 13:10:50.000000000,BEST_BID,"JPM,102824,122"
2019-06-28 13:10:50.000000000,BEST_ASK,"JPM,104179,212"
2019-06-28 13:10:50.000000000,BEST_BID,"JPM,102824,122"
2019-06-28 13:10:50.000000000,BEST_ASK,"JPM,104179,212"
2019-06-28 13:10:57.178483982,QUERY_SPREAD,33
2019-06-28 13:10:57.178483982,BEST_BID,"JPM,102824,22"
2019-06-28 13:10:57.178483982,BEST_ASK,"JPM,104179,212"
2019-06-28 13:10:57.178483982,LAST_TRADE,"100,$102824.0000"
2019-06-28 13:11:00.000000000,QUERY_SPREAD,1
2019-06-28 13:11:00.000000000,BEST_BID,"JPM,102822,266"
2019-06-28 13:11:00.000000000,BEST_ASK,"JPM,104179,100"
2019-06-28 13:11:00.000000000,BEST_BID,"JPM,102822,266"
2019-06-28 13:11:00.000000000,BEST_ASK,"JPM,104179,100"
2019-06-28 13:11:00.000000000,BEST_BID,"JPM,102822,266"
2019-06-28 13:11:00.000000000,BEST_ASK,"JPM,104179,100"
2019-06-28 13:11:00.000000000,BEST_BID,"JPM,102822,266"
2019-06-28 13:11:00.000000000,BEST_ASK,"JPM,104179,100"
2019-06-28 13:11:00.000000000,BEST_BID,"JPM,102822,266"
2019-06-28 13:11:00.000000000,BEST_ASK,"JPM,104179,100"
2019-06-28 13:11:00.000000000,BEST_BID,"JPM,102822,266"
2019-06-28 13:11:00.000000000,BEST_ASK,"JPM,104179,166"
2019-06-28 13:11:00.000000000,BEST_BID,"JPM,102822,266"
2019-06-28 13:11:00.000000000,BEST_ASK,"JPM,104179,166"
2019-06-28 13:11:00.000000000,BEST_BID,"JPM,102822,266"
2019-06-28 13:11:00.000000000,BEST_ASK,"JPM,104179,166"
2019-06-28 13:11:00.000000000,QUERY_SPREAD,77
2019-06-28 13:11:00.000000000,BEST_BID,"JPM,102822,266"
2019-06-28 13:11:00.000000000,BEST_ASK,"JPM,104179,162"
2019-06-28 13:11:00.000000000,LAST_TRADE,"4,$104179.0000"
2019-06-28 13:11:00.000000000,QUERY_SPREAD,78
2019-06-28 13:11:00.000000000,BEST_BID,"JPM,102822,266"
2019-06-28 13:11:00.000000000,BEST_ASK,"JPM,104179,154"
2019-06-28 13:11:00.000000000,LAST_TRADE,"8,$104179.0000"
2019-06-28 13:11:00.000000000,QUERY_SPREAD,79
2019-06-28 13:11:00.000000000,BEST_BID,"JPM,102822,266"
2019-06-28 13:11:00.000000000,BEST_ASK,"JPM,104179,153"
2019-06-28 13:11:00.000000000,LAST_TRADE,"1,$104179.0000"
2019-06-28 13:11:00.000000000,QUERY_SPREAD,80
2019-06-28 13:11:00.000000000,BEST_BID,"JPM,102822,266"
2019-06-28 13:11:00.000000000,BEST_ASK,"JPM,104179,148"
2019-06-28 13:11:00.000000000,LAST_TRADE,"5,$104179.0000"
2019-06-28 13:11:00.000000000,QUERY_SPREAD,81
2019-06-28 13:11:00.000000000,BEST_BID,"JPM,102822,266"
2019-06-28 13:11:00.000000000,BEST_ASK,"JPM,104179,143"
2019-06-28 13:11:00.000000000,LAST_TRADE,"5,$104179.0000"
2019-06-28 13:11:00.000000000,QUERY_SPREAD,82
2019-06-28 13:11:00.000000000,BEST_BID,"JPM,102822,266"
2019-06-28 13:11:00.000000000,BEST_ASK,"JPM,104179,137"
2019-06-28 13:11:00.000000000,LAST_TRADE,"6,$104179.0000"
2019-06-28 13:11:00.000000000,QUERY_SPREAD,83
2019-06-28 13:11:00.000000000,BEST_BID,"JPM,102822,266"
2019-06-28 13:11:00.000000000,BEST_ASK,"JPM,104179,133"
2019-06-28 13:11:00.000000000,LAST_TRADE,"4,$104179.0000"
2019-06-28 13:11:00.000000000,QUERY_SPREAD,84
2019-06-28 13:11:00.000000000,BEST_BID,"JPM,102822,266"
2019-06-28 13:11:00.000000000,BEST_ASK,"JPM,104179,128"
2019-06-28 13:11:00.000000000,LAST_TRADE,"5,$104179.0000"
2019-06-28 13:11:00.000000000,QUERY_SPREAD,85
2019-06-28 13:11:00.000000000,BEST_BID,"JPM,102822,266"
2019-06-28 13:11:00.000000000,BEST_ASK,"JPM,104179,123"
2019-06-28 13:11:00.000000000,LAST_TRADE,"5,$104179.0000"
2019-06-28 13:11:00.000000000,QUERY_SPREAD,86
2019-06-28 13:11:00.000000000,BEST_BID,"JPM,102822,266"
2019-06-28 13:11:00.000000000,BEST_ASK,"JPM,104179,114"
2019-06-28 13:11:00.000000000,LAST_TRADE,"9,$104179.0000"
2019-06-28 13:11:00.000000000,QUERY_SPREAD,87
2019-06-28 13:11:00.000000000,BEST_BID,"JPM,102822,266"
2019-06-28 13:11:00.000000000,BEST_ASK,"JPM,104179,112"
2019-06-28 13:11:00.000000000,LAST_TRADE,"2,$104179.0000"
2019-06-28 13:11:00.000000000,QUERY_SPREAD,88
2019-06-28 13:11:00.000000000,BEST_BID,"JPM,102822,266"
2019-06-28 13:11:00.000000000,BEST_ASK,"JPM,104179,104"
2019-06-28 13:11:00.000000000,LAST_TRADE,"8,$104179.0000"
2019-06-28 13:11:00.000000000,QUERY_SPREAD,89
2019-06-28 13:11:00.000000000,BEST_BID,"JPM,102822,266"
2019-06-28 13:11:00.000000000,BEST_ASK,"JPM,104179,97"
2019-06-28 13:11:00.000000000,LAST_TRADE,"7,$104179.0000"
2019-06-28 13:11:00.000000000,QUERY_SPREAD,90
2019-06-28 13:11:00.000000000,BEST_BID,"JPM,102822,266"
2019-06-28 13:11:00.000000000,BEST_ASK,"JPM,104179,91"
2019-06-28 13:11:00.000000000,LAST_TRADE,"6,$104179.0000"
2019-06-28 13:11:00.000000000,QUERY_SPREAD,91
2019-06-28 13:11:00.000000000,BEST_BID,"JPM,102822,266"
2019-06-28 13:11:00.000000000,BEST_ASK,"JPM,104179,86"
2019-06-28 13:11:00.000000000,LAST_TRADE,"5,$104179.0000"
2019-06-28 13:11:00.000000000,QUERY_SPREAD,92
2019-06-28 13:11:00.000000000,BEST_BID,"JPM,102822,266"
2019-06-28 13:11:00.000000000,BEST_ASK,"JPM,104179,85"
2019-06-28 13:11:00.000000000,LAST_TRADE,"1,$104179.0000"
2019-06-28 13:11:00.000000000,QUERY_SPREAD,93
2019-06-28 13:11:00.000000000,BEST_BID,"JPM,102822,266"
2019-06-28 13:11:00.000000000,BEST_ASK,"JPM,104179,83"
2019-06-28 13:11:00.000000000,LAST_TRADE,"2,$104179.0000"
2019-06-28 13:11:00.000000000,QUERY_SPREAD,94
2019-06-28 13:11:00.000000000,BEST_BID,"JPM,102822,266"
2019-06-28 13:11:00.000000000,BEST_ASK,"JPM,104179,81"
2019-06-28 13:11:00.000000000,LAST_TRADE,"2,$104179.0000"
2019-06-28 13:11:00.000000000,QUERY_SPREAD,95
2019-06-28 13:11:00.000000000,BEST_BID,"JPM,102822,266"
2019-06-28 13:11:00.000000000,BEST_ASK,"JPM,104179,74"
2019-06-28 13:11:00.000000000,LAST_TRADE,"7,$104179.0000"
2019-06-28 13:11:00.000000000,QUERY_SPREAD,96
2019-06-28 13:11:00.000000000,BEST_BID,"JPM,102822,266"
2019-06-28 13:11:00.000000000,BEST_ASK,"JPM,104179,67"
2019-06-28 13:11:00.000000000,LAST_TRADE,"7,$104179.0000"
2019-06-28 13:11:00.000000000,QUERY_SPREAD,97
2019-06-28 13:11:00.000000000,BEST_BID,"JPM,102822,266"
2019-06-28 13:11:00.000000000,BEST_ASK,"JPM,104179,61"
2019-06-28 13:11:00.000000000,LAST_TRADE,"6,$104179.0000"
2019-06-28 13:11:00.000000000,QUERY_SPREAD,98
2019-06-28 13:11:00.000000000,BEST_BID,"JPM,102822,266"
2019-06-28 13:11:00.000000000,BEST_ASK,"JPM,104179,57"
2019-06-28 13:11:00.000000000,LAST_TRADE,"4,$104179.0000"
2019-06-28 13:11:00.000000000,QUERY_SPREAD,99
2019-06-28 13:11:00.000000000,BEST_BID,"JPM,102822,266"
2019-06-28 13:11:00.000000000,BEST_ASK,"JPM,104179,55"
2019-06-28 13:11:00.000000000,LAST_TRADE,"2,$104179.0000"
2019-06-28 13:11:00.000000000,QUERY_SPREAD,100
2019-06-28 13:11:00.000000000,BEST_BID,"JPM,102822,266"
2019-06-28 13:11:00.000000000,BEST_ASK,"JPM,104179,49"
2019-06-28 13:11:00.000000000,LAST_TRADE,"6,$104179.0000"
2019-06-28 13:11:00.000000000,QUERY_SPREAD,101
2019-06-28 13:11:00.000000000,QUERY_ORDER_STREAM,101
2019-06-28 13:11:00.000000000,BEST_BID,"JPM,102822,266"
2019-06-28 13:11:00.000000000,BEST_ASK,"JPM,104179,57"
2019-06-28 13:11:03.199064197,QUERY_SPREAD,36
2019-06-28 13:11:03.199064197,BEST_BID,"JPM,102822,266"
2019-06-28 13:11:03.199064197,BEST_ASK,"JPM,102874,100"
2019-06-28 13:11:05.792385350,QUERY_ORDER_STREAM,61
2019-06-28 13:11:05.792385350,QUERY_SPREAD,61
2019-06-28 13:11:10.000000000,QUERY_SPREAD,1
2019-06-28 13:11:10.000000000,BEST_BID,"JPM,102822,528"
2019-06-28 13:11:10.000000000,BEST_ASK,"JPM,102874,100"
2019-06-28 13:11:10.000000000,BEST_BID,"JPM,102822,528"
2019-06-28 13:11:10.000000000,BEST_ASK,"JPM,102874,428"
2019-06-28 13:11:16.193792532,QUERY_SPREAD,4
2019-06-28 13:11:16.193792532,BEST_BID,"JPM,102822,528"
2019-06-28 13:11:16.193792532,BEST_ASK,"JPM,102874,428"
2019-06-28 13:11:16.916134105,QUERY_ORDER_STREAM,70
2019-06-28 13:11:16.916134105,QUERY_SPREAD,70
2019-06-28 13:11:20.000000000,QUERY_SPREAD,1
2019-06-28 13:11:20.000000000,BEST_BID,"JPM,102822,212"
2019-06-28 13:11:20.000000000,BEST_ASK,"JPM,102874,100"
2019-06-28 13:11:20.000000000,BEST_BID,"JPM,102822,212"
2019-06-28 13:11:20.000000000,BEST_ASK,"JPM,102874,100"
2019-06-28 13:11:20.000000000,BEST_BID,"JPM,102822,212"
2019-06-28 13:11:20.000000000,BEST_ASK,"JPM,102874,100"
2019-06-28 13:11:20.000000000,BEST_BID,"JPM,102822,212"
2019-06-28 13:11:20.000000000,BEST_ASK,"JPM,102874,212"
2019-06-28 13:11:20.000000000,BEST_BID,"JPM,102822,212"
2019-06-28 13:11:20.000000000,BEST_ASK,"JPM,102874,212"
2019-06-28 13:11:20.000000000,BEST_BID,"JPM,102822,212"
2019-06-28 13:11:20.000000000,BEST_ASK,"JPM,102874,212"
2019-06-28 13:11:30.000000000,QUERY_SPREAD,1
2019-06-28 13:11:30.000000000,BEST_BID,"JPM,102822,166"
2019-06-28 13:11:30.000000000,BEST_ASK,"JPM,102874,100"
2019-06-28 13:11:30.000000000,BEST_BID,"JPM,102822,166"
2019-06-28 13:11:30.000000000,BEST_ASK,"JPM,102874,100"
2019-06-28 13:11:30.000000000,BEST_BID,"JPM,102822,166"
2019-06-28 13:11:30.000000000,BEST_ASK,"JPM,102874,100"
2019-06-28 13:11:30.000000000,BEST_BID,"JPM,102822,166"
2019-06-28 13:11:30.000000000,BEST_ASK,"JPM,102874,100"
2019-06-28 13:11:30.000000000,BEST_BID,"JPM,102822,166"
2019-06-28 13:11:30.000000000,BEST_ASK,"JPM,102874,100"
2019-06-28 13:11:30.000000000,BEST_BID,"JPM,102822,166"
2019-06-28 13:11:30.000000000,BEST_ASK,"JPM,102874,166"
2019-06-28 13:11:30.000000000,BEST_BID,"JPM,102822,166"
2019-06-28 13:11:30.000000000,BEST_ASK,"JPM,102874,166"
2019-06-28 13:11:30.000000000,BEST_BID,"JPM,102822,166"
2019-06-28 13:11:30.000000000,BEST_ASK,"JPM,102874,166"
2019-06-28 13:11:30.000000000,BEST_BID,"JPM,102822,166"
2019-06-28 13:11:30.000000000,BEST_ASK,"JPM,102874,166"
2019-06-28 13:11:40.000000000,QUERY_SPREAD,1
2019-06-28 13:11:40.000000000,BEST_BID,"JPM,102822,182"
2019-06-28 13:11:40.000000000,BEST_ASK,"JPM,102874,100"
2019-06-28 13:11:40.000000000,BEST_BID,"JPM,102822,182"
2019-06-28 13:11:40.000000000,BEST_ASK,"JPM,102874,100"
2019-06-28 13:11:40.000000000,BEST_BID,"JPM,102822,182"
2019-06-28 13:11:40.000000000,BEST_ASK,"JPM,102874,100"
2019-06-28 13:11:40.000000000,BEST_BID,"JPM,102822,182"
2019-06-28 13:11:40.000000000,BEST_ASK,"JPM,102874,100"
2019-06-28 13:11:40.000000000,BEST_BID,"JPM,102822,182"
2019-06-28 13:11:40.000000000,BEST_ASK,"JPM,102874,182"
2019-06-28 13:11:40.000000000,BEST_BID,"JPM,102822,182"
2019-06-28 13:11:40.000000000,BEST_ASK,"JPM,102874,182"
2019-06-28 13:11:40.000000000,BEST_BID,"JPM,102822,182"
2019-06-28 13:11:40.000000000,BEST_ASK,"JPM,102874,182"
2019-06-28 13:11:40.000000000,BEST_BID,"JPM,102822,182"
2019-06-28 13:11:40.000000000,BEST_ASK,"JPM,102874,182"
2019-06-28 13:11:41.862971897,QUERY_SPREAD,17
2019-06-28 13:11:41.862971897,BEST_BID,"JPM,102822,82"
2019-06-28 13:11:41.862971897,BEST_ASK,"JPM,102874,182"
2019-06-28 13:11:41.862971897,LAST_TRADE,"100,$102822.0000"
2019-06-28 13:11:42.871304389,QUERY_SPREAD,12
2019-06-28 13:11:42.871304389,BEST_BID,"JPM,102822,82"
2019-06-28 13:11:42.871304389,BEST_ASK,"JPM,102874,182"
2019-06-28 13:11:50.000000000,QUERY_SPREAD,1
2019-06-28 13:11:50.000000000,BEST_BID,"JPM,102799,166"
2019-06-28 13:11:50.000000000,BEST_ASK,"JPM,102874,100"
2019-06-28 13:11:50.000000000,BEST_BID,"JPM,102799,166"
2019-06-28 13:11:50.000000000,BEST_ASK,"JPM,102874,100"
2019-06-28 13:11:50.000000000,BEST_BID,"JPM,102799,166"
2019-06-28 13:11:50.000000000,BEST_ASK,"JPM,102874,100"
2019-06-28 13:11:50.000000000,BEST_BID,"JPM,102799,166"
2019-06-28 13:11:50.000000000,BEST_ASK,"JPM,102874,100"
2019-06-28 13:11:50.000000000,BEST_BID,"JPM,102799,166"
2019-06-28 13:11:50.000000000,BEST_ASK,"JPM,102874,100"
2019-06-28 13:11:50.000000000,BEST_BID,"JPM,102799,166"
2019-06-28 13:11:50.000000000,BEST_ASK,"JPM,102874,166"
2019-06-28 13:11:50.000000000,BEST_BID,"JPM,102799,166"
2019-06-28 13:11:50.000000000,BEST_ASK,"JPM,102874,166"
2019-06-28 13:11:50.000000000,BEST_BID,"JPM,102799,166"
2019-06-28 13:11:50.000000000,BEST_ASK,"JPM,102874,166"
2019-06-28 13:11:50.000000000,BEST_BID,"JPM,102799,166"
2019-06-28 13:11:50.000000000,BEST_ASK,"JPM,102874,166"
2019-06-28 13:12:00.000000000,QUERY_SPREAD,1
2019-06-28 13:12:00.000000000,BEST_BID,"JPM,102799,264"
2019-06-28 13:12:00.000000000,BEST_ASK,"JPM,102874,100"
2019-06-28 13:12:00.000000000,BEST_BID,"JPM,102799,264"
2019-06-28 13:12:00.000000000,BEST_ASK,"JPM,102874,100"
2019-06-28 13:12:00.000000000,BEST_BID,"JPM,102799,264"
2019-06-28 13:12:00.000000000,BEST_ASK,"JPM,102874,264"
2019-06-28 13:12:00.000000000,BEST_BID,"JPM,102799,264"
2019-06-28 13:12:00.000000000,BEST_ASK,"JPM,102874,264"
2019-06-28 13:12:00.000000000,QUERY_SPREAD,77
2019-06-28 13:12:00.000000000,BEST_BID,"JPM,102799,264"
2019-06-28 13:12:00.000000000,BEST_ASK,"JPM,102874,260"
2019-06-28 13:12:00.000000000,LAST_TRADE,"4,$102874.0000"
2019-06-28 13:12:00.000000000,QUERY_SPREAD,78
2019-06-28 13:12:00.000000000,BEST_BID,"JPM,102799,264"
2019-06-28 13:12:00.000000000,BEST_ASK,"JPM,102874,252"
2019-06-28 13:12:00.000000000,LAST_TRADE,"8,$102874.0000"
2019-06-28 13:12:00.000000000,QUERY_SPREAD,79
2019-06-28 13:12:00.000000000,BEST_BID,"JPM,102799,264"
2019-06-28 13:12:00.000000000,BEST_ASK,"JPM,102874,251"
2019-06-28 13:12:00.000000000,LAST_TRADE,"1,$102874.0000"
2019-06-28 13:12:00.000000000,QUERY_SPREAD,80
2019-06-28 13:12:00.000000000,BEST_BID,"JPM,102799,264"
2019-06-28 13:12:00.000000000,BEST_ASK,"JPM,102874,246"
2019-06-28 13:12:00.000000000,LAST_TRADE,"5,$102874.0000"
2019-06-28 13:12:00.000000000,QUERY_SPREAD,81
2019-06-28 13:12:00.000000000,BEST_BID,"JPM,102799,264"
2019-06-28 13:12:00.000000000,BEST_ASK,"JPM,102874,241"
2019-06-28 13:12:00.000000000,LAST_TRADE,"5,$102874.0000"
2019-06-28 13:12:00.000000000,QUERY_SPREAD,82
2019-06-28 13:12:00.000000000,BEST_BID,"JPM,102799,264"
2019-06-28 13:12:00.000000000,BEST_ASK,"JPM,102874,235"
2019-06-28 13:12:00.000000000,LAST_TRADE,"6,$102874.0000"
2019-06-28 13:12:00.000000000,QUERY_SPREAD,83
2019-06-28 13:12:00.000000000,BEST_BID,"JPM,102799,264"
2019-06-28 13:12:00.000000000,BEST_ASK,"JPM,102874,231"
2019-06-28 13:12:00.000000000,LAST_TRADE,"4,$102874.0000"
2019-06-28 13:12:00.000000000,QUERY_SPREAD,84
2019-06-28 13:12:00.000000000,BEST_BID,"JPM,102799,264"
2019-06-28 13:12:00.000000000,BEST_ASK,"JPM,102874,226"
2019-06-28 13:12:00.000000000,LAST_TRADE,"5,$102874.0000"
2019-06-28 13:12:00.000000000,QUERY_SPREAD,85
2019-06-28 13:12:00.000000000,BEST_BID,"JPM,102799,264"
2019-06-28 13:12:00.000000000,BEST_ASK,"JPM,102874,221"
2019-06-28 13:12:00.000000000,LAST_TRADE,"5,$102874.0000"
2019-06-28 13:12:00.000000000,QUERY_SPREAD,86
2019-06-28 13:12:00.000000000,BEST_BID,"JPM,102799,264"
2019-06-28 13:12:00.000000000,BEST_ASK,"JPM,102874,212"
2019-06-28 13:12:00.000000000,LAST_TRADE,"9,$102874.0000"
2019-06-28 13:12:00.000000000,QUERY_SPREAD,87
2019-06-28 13:12:00.000000000,BEST_BID,"JPM,102799,264"
2019-06-28 13:12:00.000000000,BEST_ASK,"JPM,102874,210"
2019-06-28 13:12:00.000000000,LAST_TRADE,"2,$102874.0000"
2019-06-28 13:12:00.000000000,QUERY_SPREAD,88
2019-06-28 13:12:00.000000000,BEST_BID,"JPM,102799,264"
2019-06-28 13:12:00.000000000,BEST_ASK,"JPM,102874,202"
2019-06-28 13:12:00.000000000,LAST_TRADE,"8,$102874.0000"
2019-06-28 13:12:00.000000000,QUERY_SPREAD,89
2019-06-28 13:12:00.000000000,BEST_BID,"JPM,102799,264"
2019-06-28 13:12:00.000000000,BEST_ASK,"JPM,102874,195"
2019-06-28 13:12:00.000000000,LAST_TRADE,"7,$102874.0000"
2019-06-28 13:12:00.000000000,QUERY_SPREAD,90
2019-06-28 13:12:00.000000000,BEST_BID,"JPM,102799,264"
2019-06-28 13:12:00.000000000,BEST_ASK,"JPM,102874,189"
2019-06-28 13:12:00.000000000,LAST_TRADE,"6,$102874.0000"
2019-06-28 13:12:00.000000000,QUERY_SPREAD,91
2019-06-28 13:12:00.000000000,BEST_BID,"JPM,102799,264"
2019-06-28 13:12:00.000000000,BEST_ASK,"JPM,102874,184"
2019-06-28 13:12:00.000000000,LAST_TRADE,"5,$102874.0000"
2019-06-28 13:12:00.000000000,QUERY_SPREAD,92
2019-06-28 13:12:00.000000000,BEST_BID,"JPM,102799,264"
2019-06-28 13:12:00.000000000,BEST_ASK,"JPM,102874,183"
2019-06-28 13:12:00.000000000,LAST_TRADE,"1,$102874.0000"
2019-06-28 13:12:00.000000000,QUERY_SPREAD,93
2019-06-28 13:12:00.000000000,BEST_BID,"JPM,102799,264"
2019-06-28 13:12:00.000000000,BEST_ASK,"JPM,102874,181"
2019-06-28 13:12:00.000000000,LAST_TRADE,"2,$102874.0000"
2019-06-28 13:12:00.000000000,QUERY_SPREAD,94
2019-06-28 13:12:00.000000000,BEST_BID,"JPM,102799,264"
2019-06-28 13:12:00.000000000,BEST_ASK,"JPM,102874,179"
2019-06-28 13:12:00.000000000,LAST_TRADE,"2,$102874.0000"
2019-06-28 13:12:00.000000000,QUERY_SPREAD,95
2019-06-28 13:12:00.000000000,BEST_BID,"JPM,102799,264"
2019-06-28 13:12:00.000000000,BEST_ASK,"JPM,102874,172"
2019-06-28 13:12:00.000000000,LAST_TRADE,"7,$102874.0000"
2019-06-28 13:12:00.000000000,QUERY_SPREAD,96
2019-06-28 13:12:00.000000000,BEST_BID,"JPM,102799,264"
2019-06-28 13:12:00.000000000,BEST_ASK,"JPM,102874,165"
2019-06-28 13:12:00.000000000,LAST_TRADE,"7,$102874.0000"
2019-06-28 13:12:00.000000000,QUERY_SPREAD,97
2019-06-28 13:12:00.000000000,BEST_BID,"JPM,102799,264"
2019-06-28 13:12:00.000000000,BEST_ASK,"JPM,102874,159"
2019-06-28 13:12:00.000000000,LAST_TRADE,"6,$102874.0000"
2019-06-28 13:12:00.000000000,QUERY_SPREAD,98
2019-06-28 13:12:00.000000000,BEST_BID,"JPM,102799,264"
2019-06-28 13:12:00.000000000,BEST_ASK,"JPM,102874,155"
2019-06-28 13:12:00.000000000,LAST_TRADE,"4,$102874.0000"
2019-06-28 13:12:00.000000000,QUERY_SPREAD,99
2019-06-28 13:12:00.000000000,BEST_BID,"JPM,102799,264"
2019-06-28 13:12:00.000000000,BEST_ASK,"JPM,102874,153"
2019-06-28 13:12:00.000000000,LAST_TRADE,"2,$102874.0000"
2019-06-28 13:12:00.000000000,QUERY_SPREAD,100
2019-06-28 13:12:00.000000000,BEST_BID,"JPM,102799,264"
2019-06-28 13:12:00.000000000,BEST_ASK,"JPM,102874,147"
2019-06-28 13:12:00.000000000,LAST_TRADE,"6,$102874.0000"
2019-06-28 13:12:00.000000000,QUERY_SPREAD,101
2019-06-28 13:12:00.000000000,QUERY_ORDER_STREAM,101
2019-06-28 13:12:00.000000000,BEST_BID,"JPM,102799,264"
2019-06-28 13:12:00.000000000,BEST_ASK,"JPM,102874,155"
2019-06-28 13:12:05.944844756,QUERY_ORDER_STREAM,76
2019-06-28 13:12:05.944844756,QUERY_SPREAD,76
2019-06-28 13:12:05.944844756,BEST_BID,"JPM,102799,264"
2019-06-28 13:12:05.944844756,BEST_ASK,"JPM,102874,255"
2019-06-28 13:12:06.739176067,QUERY_ORDER_STREAM,70
2019-06-28 13:12:06.739176067,QUERY_SPREAD,70
2019-06-28 13:12:10.000000000,QUERY_SPREAD,1
2019-06-28 13:12:10.000000000,BEST_BID,"JPM,102799,182"
2019-06-28 13:12:10.000000000,BEST_ASK,"JPM,102874,108"
2019-06-28 13:12:10.000000000,BEST_BID,"JPM,102799,182"
2019-06-28 13:12:10.000000000,BEST_ASK,"JPM,102874,108"
2019-06-28 13:12:10.000000000,BEST_BID,"JPM,102799,182"
2019-06-28 13:12:10.000000000,BEST_ASK,"JPM,102874,108"
2019-06-28 13:12:10.000000000,BEST_BID,"JPM,102799,182"
2019-06-28 13:12:10.000000000,BEST_ASK,"JPM,102874,108"
2019-06-28 13:12:10.000000000,BEST_BID,"JPM,102799,182"
2019-06-28 13:12:10.000000000,BEST_ASK,"JPM,102874,190"
2019-06-28 13:12:10.000000000,BEST_BID,"JPM,102799,182"
2019-06-28 13:12:10.000000000,BEST_ASK,"JPM,102874,190"
2019-06-28 13:12:10.000000000,BEST_BID,"JPM,102799,182"
2019-06-28 13:12:10.000000000,BEST_ASK,"JPM,102874,190"
2019-06-28 13:12:10.000000000,BEST_BID,"JPM,102799,182"
2019-06-28 13:12:10.000000000,BEST_ASK,"JPM,102874,190"
2019-06-28 13:12:17.347851560,QUERY_SPREAD,28
2019-06-28 13:12:17.347851560,BEST_BID,"JPM,102799,182"
2019-06-28 13:12:17.347851560,BEST_ASK,"JPM,102874,190"
2019-06-28 13:12:20.000000000,QUERY_SPREAD,1
2019-06-28 13:12:20.000000000,BEST_BID,"JPM,102799,182"
2019-06-28 13:12:20.000000000,BEST_ASK,"JPM,102874,108"
2019-06-28 13:12:20.000000000,BEST_BID,"JPM,102799,182"
2019-06-28 13:12:20.000000000,BEST_ASK,"JPM,102874,108"
2019-06-28 13:12:20.000000000,BEST_BID,"JPM,102799,182"
2019-06-28 13:12:20.000000000,BEST_ASK,"JPM,102874,108"
2019-06-28 13:12:20.000000000,BEST_BID,"JPM,102799,182"
2019-06-28 13:12:20.000000000,BEST_ASK,"JPM,102874,108"
2019-06-28 13:12:20.000000000,BEST_BID,"JPM,102799,182"
2019-06-28 13:12:20.000000000,BEST_ASK,"JPM,102874,190"
2019-06-28 13:12:20.000000000,BEST_BID,"JPM,102799,182"
2019-06-28 13:12:20.000000000,BEST_ASK,"JPM,102874,190"
2019-06-28 13:12:20.000000000,BEST_BID,"JPM,102799,182"
2019-06-28 13:12:20.000000000,BEST_ASK,"JPM,102874,190"
2019-06-28 13:12:20.000000000,BEST_BID,"JPM,102799,182"
2019-06-28 13:12:20.000000000,BEST_ASK,"JPM,102874,190"
2019-06-28 13:12:28.232391845,QUERY_SPREAD,7
2019-06-28 13:12:28.232391845,BEST_BID,"JPM,102799,182"
2019-06-28 13:12:28.232391845,BEST_ASK,"JPM,102874,190"
2019-06-28 13:12:28.806473853,QUERY_SPREAD,28
2019-06-28 13:12:28.806473853,BEST_BID,"JPM,102799,82"
2019-06-28 13:12:28.806473853,BEST_ASK,"JPM,102874,190"
2019-06-28 13:12:28.806473853,LAST_TRADE,"100,$102799.0000"
2019-06-28 13:12:30.000000000,QUERY_SPREAD,1
2019-06-28 13:12:30.000000000,BEST_BID,"JPM,102689,428"
2019-06-28 13:12:30.000000000,BEST_ASK,"JPM,102874,108"
2019-06-28 13:12:30.000000000,BEST_BID,"JPM,102689,428"
2019-06-28 13:12:30.000000000,BEST_ASK,"JPM,102874,436"
2019-06-28 13:12:35.151432849,QUERY_SPREAD,49
2019-06-28 13:12:35.151432849,BEST_BID,"JPM,102689,428"
2019-06-28 13:12:35.151432849,BEST_ASK,"JPM,102874,436"
2019-06-28 13:12:40.000000000,QUERY_SPREAD,1
2019-06-28 13:12:40.000000000,BEST_BID,"JPM,102689,264"
2019-06-28 13:12:40.000000000,BEST_ASK,"JPM,102874,108"
2019-06-28 13:12:40.000000000,BEST_BID,"JPM,102689,264"
2019-06-28 13:12:40.000000000,BEST_ASK,"JPM,102874,108"
2019-06-28 13:12:40.000000000,BEST_BID,"JPM,102689,264"
2019-06-28 13:12:40.000000000,BEST_ASK,"JPM,102874,272"
2019-06-28 13:12:40.000000000,BEST_BID,"JPM,102689,264"
2019-06-28 13:12:40.000000000,BEST_ASK,"JPM,102874,272"
2019-06-28 13:12:50.000000000,QUERY_SPREAD,1
2019-06-28 13:12:50.000000000,BEST_BID,"JPM,102689,428"
2019-06-28 13:12:50.000000000,BEST_ASK,"JPM,102874,108"
2019-06-28 13:12:50.000000000,BEST_BID,"JPM,102689,428"
2019-06-28 13:12:50.000000000,BEST_ASK,"JPM,102874,436"
2019-06-28 13:12:59.493565765,QUERY_SPREAD,13
2019-06-28 13:12:59.493565765,BEST_BID,"JPM,102689,428"
2019-06-28 13:12:59.493565765,BEST_ASK,"JPM,102874,436"
2019-06-28 13:13:00.000000000,QUERY_SPREAD,1
2019-06-28 13:13:00.000000000,BEST_BID,"JPM,102689,182"
2019-06-28 13:13:00.000000000,BEST_ASK,"JPM,102874,108"
2019-06-28 13:13:00.000000000,BEST_BID,"JPM,102689,182"
2019-06-28 13:13:00.000000000,BEST_ASK,"JPM,102874,108"
2019-06-28 13:13:00.000000000,BEST_BID,"JPM,102689,182"
2019-06-28 13:13:00.000000000,BEST_ASK,"JPM,102874,108"
2019-06-28 13:13:00.000000000,BEST_BID,"JPM,102689,182"
2019-06-28 13:13:00.000000000,BEST_ASK,"JPM,102874,108"
2019-06-28 13:13:00.000000000,BEST_BID,"JPM,102689,182"
2019-06-28 13:13:00.000000000,BEST_ASK,"JPM,102874,190"
2019-06-28 13:13:00.000000000,BEST_BID,"JPM,102689,182"
2019-06-28 13:13:00.000000000,BEST_ASK,"JPM,102874,190"
2019-06-28 13:13:00.000000000,BEST_BID,"JPM,102689,182"
2019-06-28 13:13:00.000000000,BEST_ASK,"JPM,102874,190"
2019-06-28 13:13:00.000000000,QUERY_SPREAD,77
2019-06-28 13:13:00.000000000,BEST_BID,"JPM,102689,182"
2019-06-28 13:13:00.000000000,BEST_ASK,"JPM,102874,186"
2019-06-28 13:13:00.000000000,LAST_TRADE,"4,$102874.0000"
2019-06-28 13:13:00.000000000,QUERY_SPREAD,78
2019-06-28 13:13:00.000000000,BEST_BID,"JPM,102689,182"
2019-06-28 13:13:00.000000000,BEST_ASK,"JPM,102874,178"
2019-06-28 13:13:00.000000000,LAST_TRADE,"8,$102874.0000"
2019-06-28 13:13:00.000000000,QUERY_SPREAD,79
2019-06-28 13:13:00.000000000,BEST_BID,"JPM,102689,182"
2019-06-28 13:13:00.000000000,BEST_ASK,"JPM,102874,177"
2019-06-28 13:13:00.000000000,LAST_TRADE,"1,$102874.0000"
2019-06-28 13:13:00.000000000,QUERY_SPREAD,80
2019-06-28 13:13:00.000000000,BEST_BID,"JPM,102689,182"
2019-06-28 13:13:00.000000000,BEST_ASK,"JPM,102874,172"
2019-06-28 13:13:00.000000000,LAST_TRADE,"5,$102874.0000"
2019-06-28 13:13:00.000000000,QUERY_SPREAD,81
2019-06-28 13:13:00.000000000,BEST_BID,"JPM,102689,182"
2019-06-28 13:13:00.000000000,BEST_ASK,"JPM,102874,167"
2019-06-28 13:13:00.000000000,LAST_TRADE,"5,$102874.0000"
2019-06-28 13:13:00.000000000,QUERY_SPREAD,82
2019-06-28 13:13:00.000000000,BEST_BID,"JPM,102689,182"
2019-06-28 13:13:00.000000000,BEST_ASK,"JPM,102874,161"
2019-06-28 13:13:00.000000000,LAST_TRADE,"6,$102874.0000"
2019-06-28 13:13:00.000000000,QUERY_SPREAD,83
2019-06-28 13:13:00.000000000,BEST_BID,"JPM,102689,182"
2019-06-28 13:13:00.000000000,BEST_ASK,"JPM,102874,157"
2019-06-28 13:13:00.000000000,LAST_TRADE,"4,$102874.0000"
2019-06-28 13:13:00.000000000,QUERY_SPREAD,84
2019-06-28 13:13:00.000000000,BEST_BID,"JPM,102689,182"
2019-06-28 13:13:00.000000000,BEST_ASK,"JPM,102874,152"
2019-06-28 13:13:00.000000000,LAST_TRADE,"5,$102874.0000"
2019-06-28 13:13:00.000000000,QUERY_SPREAD,85
2019-06-28 13:13:00.000000000,BEST_BID,"JPM,102689,182"
2019-06-28 13:13:00.000000000,BEST_ASK,"JPM,102874,147"
2019-06-28 13:13:00.000000000,LAST_TRADE,"5,$102874.0000"
2019-06-28 13:13:00.000000000,QUERY_SPREAD,86
2019-06-28 13:13:00.000000000,BEST_BID,"JPM,102689,182"
2019-06-28 13:13:00.000000000,BEST_ASK,"JPM,102874,138"
2019-06-28 13:13:00.000000000,LAST_TRADE,"9,$102874.0000"
2019-06-28 13:13:00.000000000,QUERY_SPREAD,87
2019-06-28 13:13:00.000000000,BEST_BID,"JPM,102689,182"
2019-06-28 13:13:00.000000000,BEST_ASK,"JPM,102874,136"
2019-06-28 13:13:00.000000000,LAST_TRADE,"2,$102874.0000"
2019-06-28 13:13:00.000000000,QUERY_SPREAD,88
2019-06-28 13:13:00.000000000,BEST_BID,"JPM,102689,182"
2019-06-28 13:13:00.000000000,BEST_ASK,"JPM,102874,128"
2019-06-28 13:13:00.000000000,LAST_TRADE,"8,$102874.0000"
2019-06-28 13:13:00.000000000,QUERY_SPREAD,89
2019-06-28 13:13:00.000000000,BEST_BID,"JPM,102689,182"
2019-06-28 13:13:00.000000000,BEST_ASK,"JPM,102874,121"
2019-06-28 13:13:00.000000000,LAST_TRADE,"7,$102874.0000"
2019-06-28 13:13:00.000000000,QUERY_SPREAD,90
2019-06-28 13:13:00.000000000,BEST_BID,"JPM,102689,182"
2019-06-28 13:13:00.000000000,BEST_ASK,"JPM,102874,115"
2019-06-28 13:13:00.000000000,LAST_TRADE,"6,$102874.0000"
2019-06-28 13:13:00.000000000,QUERY_SPREAD,91
2019-06-28 13:13:00.000000000,BEST_BID,"JPM,102689,182"
2019-06-28 13:13:00.000000000,BEST_ASK,"JPM,102874,110"
2019-06-28 13:13:00.000000000,LAST_TRADE,"5,$102874.0000"
2019-06-28 13:13:00.000000000,QUERY_SPREAD,92
2019-06-28 13:13:00.000000000,BEST_BID,"JPM,102689,182"
2019-06-28 13:13:00.000000000,BEST_ASK,"JPM,102874,109"
2019-06-28 13:13:00.000000000,LAST_TRADE,"1,$102874.0000"
2019-06-28 13:13:00.000000000,QUERY_SPREAD,93
2019-06-28 13:13:00.000000000,BEST_BID,"JPM,102689,182"
2019-06-28 13:13:00.000000000,BEST_ASK,"JPM,102874,107"
2019-06-28 13:13:00.000000000,LAST_TRADE,"2,$102874.0000"
2019-06-28 13:13:00.000000000,QUERY_SPREAD,94
2019-06-28 13:13:00.000000000,BEST_BID,"JPM,102689,182"
2019-06-28 13:13:00.000000000,BEST_ASK,"JPM,102874,105"
2019-06-28 13:13:00.000000000,LAST_TRADE,"2,$102874.0000"
2019-06-28 13:13:00.000000000,QUERY_SPREAD,95
2019-06-28 13:13:00.000000000,BEST_BID,"JPM,102689,182"
2019-06-28 13:13:00.000000000,BEST_ASK,"JPM,102874,98"
2019-06-28 13:13:00.000000000,LAST_TRADE,"7,$102874.0000"
2019-06-28 13:13:00.000000000,QUERY_SPREAD,96
2019-06-28 13:13:00.000000000,BEST_BID,"JPM,102689,182"
2019-06-28 13:13:00.000000000,BEST_ASK,"JPM,102874,91"
2019-06-28 13:13:00.000000000,LAST_TRADE,"7,$102874.0000"
2019-06-28 13:13:00.000000000,QUERY_SPREAD,97
2019-06-28 13:13:00.000000000,BEST_BID,"JPM,102689,182"
2019-06-28 13:13:00.000000000,BEST_ASK,"JPM,102874,85"
2019-06-28 13:13:00.000000000,LAST_TRADE,"6,$102874.0000"
2019-06-28 13:13:00.000000000,QUERY_SPREAD,98
2019-06-28 13:13:00.000000000,BEST_BID,"JPM,102689,182"
2019-06-28 13:13:00.000000000,BEST_ASK,"JPM,102874,81"
2019-06-28 13:13:00.000000000,LAST_TRADE,"4,$102874.0000"
2019-06-28 13:13:00.000000000,QUERY_SPREAD,99
2019-06-28 13:13:00.000000000,BEST_BID,"JPM,102689,182"
2019-06-28 13:13:00.000000000,BEST_ASK,"JPM,102874,79"
2019-06-28 13:13:00.000000000,LAST_TRADE,"2,$102874.0000"
2019-06-28 13:13:00.000000000,QUERY_SPREAD,100
2019-06-28 13:13:00.000000000,BEST_BID,"JPM,102689,182"
2019-06-28 13:13:00.000000000,BEST_ASK,"JPM,102874,73"
2019-06-28 13:13:00.000000000,LAST_TRADE,"6,$102874.0000"
2019-06-28 13:13:00.000000000,QUERY_SPREAD,101
2019-06-28 13:13:00.000000000,QUERY_ORDER_STREAM,101
2019-06-28 13:13:00.000000000,BEST_BID,"JPM,102689,182"
2019-06-28 13:13:00.000000000,BEST_ASK,"JPM,102874,81"
2019-06-28 13:13:10.000000000,QUERY_SPREAD,1
2019-06-28 13:13:10.000000000,BEST_BID,"JPM,102689,166"
2019-06-28 13:13:10.000000000,BEST_ASK,"JPM,102874,8"
2019-06-28 13:13:10.000000000,BEST_BID,"JPM,102689,166"
2019-06-28 13:13:10.000000000,BEST_ASK,"JPM,102874,8"
2019-06-28 13:13:10.000000000,BEST_BID,"JPM,102689,166"
2019-06-28 13:13:10.000000000,BEST_ASK,"JPM,102874,8"
2019-06-28 13:13:10.000000000,BEST_BID,"JPM,102689,166"
2019-06-28 13:13:10.000000000,BEST_ASK,"JPM,102874,8"
2019-06-28 13:13:10.000000000,BEST_BID,"JPM,102689,166"
2019-06-28 13:13:10.000000000,BEST_ASK,"JPM,102874,8"
2019-06-28 13:13:10.000000000,BEST_BID,"JPM,102689,166"
2019-06-28 13:13:10.000000000,BEST_ASK,"JPM,102874,74"
2019-06-28 13:13:10.000000000,BEST_BID,"JPM,102689,166"
2019-06-28 13:13:10.000000000,BEST_ASK,"JPM,102874,74"
2019-06-28 13:13:10.000000000,BEST_BID,"JPM,102689,166"
2019-06-28 13:13:10.000000000,BEST_ASK,"JPM,102874,74"
2019-06-28 13:13:20.000000000,QUERY_SPREAD,1
2019-06-28 13:13:20.000000000,BEST_BID,"JPM,102689,166"
2019-06-28 13:13:20.000000000,BEST_ASK,"JPM,102874,8"
2019-06-28 13:13:20.000000000,BEST_BID,"JPM,102689,166"
2019-06-28 13:13:20.000000000,BEST_ASK,"JPM,102874,8"
2019-06-28 13:13:20.000000000,BEST_BID,"JPM,102689,166"
2019-06-28 13:13:20.000000000,BEST_ASK,"JPM,102874,8"
2019-06-28 13:13:20.000000000,BEST_BID,"JPM,102689,166"
2019-06-28 13:13:20.000000000,BEST_ASK,"JPM,102874,8"
2019-06-28 13:13:20.000000000,BEST_BID,"JPM,102689,166"
2019-06-28 13:13:20.000000000,BEST_ASK,"JPM,102874,8"
2019-06-28 13:13:20.000000000,BEST_BID,"JPM,102689,166"
2019-06-28 13:13:20.000000000,BEST_ASK,"JPM,102874,74"
2019-06-28 13:13:20.000000000,BEST_BID,"JPM,102689,166"
2019-06-28 13:13:20.000000000,BEST_ASK,"JPM,102874,74"
2019-06-28 13:13:20.000000000,BEST_BID,"JPM,102689,166"
2019-06-28 13:13:20.000000000,BEST_ASK,"JPM,102874,74"
2019-06-28 13:13:21.601047750,QUERY_SPREAD,19
2019-06-28 13:13:21.601047750,BEST_BID,"JPM,102689,166"
2019-06-28 13:13:21.601047750,BEST_ASK,"JPM,102874,74"
2019-06-28 13:13:30.000000000,QUERY_SPREAD,1
2019-06-28 13:13:30.000000000,BEST_BID,"JPM,102689,264"
2019-06-28 13:13:30.000000000,BEST_ASK,"JPM,102874,8"
2019-06-28 13:13:30.000000000,BEST_BID,"JPM,102689,264"
2019-06-28 13:13:30.000000000,BEST_ASK,"JPM,102874,8"
2019-06-28 13:13:30.000000000,BEST_BID,"JPM,102689,264"
2019-06-28 13:13:30.000000000,BEST_ASK,"JPM,102874,172"
2019-06-28 13:13:30.000000000,BEST_BID,"JPM,102689,264"
2019-06-28 13:13:30.000000000,BEST_ASK,"JPM,102874,172"
2019-06-28 13:13:40.000000000,QUERY_SPREAD,1
2019-06-28 13:13:40.000000000,BEST_BID,"JPM,102689,264"
2019-06-28 13:13:40.000000000,BEST_ASK,"JPM,102874,8"
2019-06-28 13:13:40.000000000,BEST_BID,"JPM,102689,264"
2019-06-28 13:13:40.000000000,BEST_ASK,"JPM,102874,8"
2019-06-28 13:13:40.000000000,BEST_BID,"JPM,102689,264"
2019-06-28 13:13:40.000000000,BEST_ASK,"JPM,102874,172"
2019-06-28 13:13:40.000000000,BEST_BID,"JPM,102689,264"
2019-06-28 13:13:40.000000000,BEST_ASK,"JPM,102874,172"
2019-06-28 13:13:43.022335343,QUERY_SPREAD,3
2019-06-28 13:13:43.022335343,BEST_BID,"JPM,102689,164"
2019-06-28 13:13:43.022335343,BEST_ASK,"JPM,102874,172"
2019-06-28 13:13:43.022335343,LAST_TRADE,"100,$102689.0000"
2019-06-28 13:13:50.000000000,QUERY_SPREAD,1
2019-06-28 13:13:50.000000000,BEST_BID,"JPM,102628,264"
2019-06-28 13:13:50.000000000,BEST_ASK,"JPM,102874,8"
2019-06-28 13:13:50.000000000,BEST_BID,"JPM,102628,264"
2019-06-28 13:13:50.000000000,BEST_ASK,"JPM,102874,8"
2019-06-28 13:13:50.000000000,BEST_BID,"JPM,102628,264"
2019-06-28 13:13:50.000000000,BEST_ASK,"JPM,102874,172"
2019-06-28 13:13:50.000000000,BEST_BID,"JPM,102628,264"
2019-06-28 13:13:50.000000000,BEST_ASK,"JPM,102874,172"
2019-06-28 13:13:53.761786026,QUERY_SPREAD,5
2019-06-28 13:13:53.761786026,BEST_BID,"JPM,102628,164"
2019-06-28 13:13:53.761786026,BEST_ASK,"JPM,102874,172"
2019-06-28 13:13:53.761786026,LAST_TRADE,"100,$102628.0000"
2019-06-28 13:14:00.000000000,QUERY_SPREAD,1
2019-06-28 13:14:00.000000000,BEST_BID,"JPM,101689,182"
2019-06-28 13:14:00.000000000,BEST_ASK,"JPM,102874,8"
2019-06-28 13:14:00.000000000,BEST_BID,"JPM,101689,182"
2019-06-28 13:14:00.000000000,BEST_ASK,"JPM,102874,8"
2019-06-28 13:14:00.000000000,BEST_BID,"JPM,101689,182"
2019-06-28 13:14:00.000000000,BEST_ASK,"JPM,102874,8"
2019-06-28 13:14:00.000000000,BEST_BID,"JPM,101689,182"
2019-06-28 13:14:00.000000000,BEST_ASK,"JPM,102874,8"
2019-06-28 13:14:00.000000000,BEST_BID,"JPM,101689,182"
2019-06-28 13:14:00.000000000,BEST_ASK,"JPM,102874,90"
2019-06-28 13:14:00.000000000,BEST_BID,"JPM,101689,182"
2019-06-28 13:14:00.000000000,BEST_ASK,"JPM,102874,90"
2019-06-28 13:14:00.000000000,BEST_BID,"JPM,101689,182"
2019-06-28 13:14:00.000000000,BEST_ASK,"JPM,102874,90"
2019-06-28 13:14:00.000000000,QUERY_SPREAD,77
2019-06-28 13:14:00.000000000,BEST_BID,"JPM,101689,182"
2019-06-28 13:14:00.000000000,BEST_ASK,"JPM,102874,86"
2019-06-28 13:14:00.000000000,LAST_TRADE,"4,$102874.0000"
2019-06-28 13:14:00.000000000,QUERY_SPREAD,78
2019-06-28 13:14:00.000000000,BEST_BID,"JPM,101689,182"
2019-06-28 13:14:00.000000000,BEST_ASK,"JPM,102874,78"
2019-06-28 13:14:00.000000000,LAST_TRADE,"8,$102874.0000"
2019-06-28 13:14:00.000000000,QUERY_SPREAD,79
2019-06-28 13:14:00.000000000,BEST_BID,"JPM,101689,182"
2019-06-28 13:14:00.000000000,BEST_ASK,"JPM,102874,77"
2019-06-28 13:14:00.000000000,LAST_TRADE,"1,$102874.0000"
2019-06-28 13:14:00.000000000,QUERY_SPREAD,80
2019-06-28 13:14:00.000000000,BEST_BID,"JPM,101689,182"
2019-06-28 13:14:00.000000000,BEST_ASK,"JPM,102874,72"
2019-06-28 13:14:00.000000000,LAST_TRADE,"5,$102874.0000"
2019-06-28 13:14:00.000000000,QUERY_SPREAD,81
2019-06-28 13:14:00.000000000,BEST_BID,"JPM,101689,182"
2019-06-28 13:14:00.000000000,BEST_ASK,"JPM,102874,67"
2019-06-28 13:14:00.000000000,LAST_TRADE,"5,$102874.0000"
2019-06-28 13:14:00.000000000,QUERY_SPREAD,82
2019-06-28 13:14:00.000000000,BEST_BID,"JPM,101689,182"
2019-06-28 13:14:00.000000000,BEST_ASK,"JPM,102874,61"
2019-06-28 13:14:00.000000000,LAST_TRADE,"6,$102874.0000"
2019-06-28 13:14:00.000000000,QUERY_SPREAD,83
2019-06-28 13:14:00.000000000,BEST_BID,"JPM,101689,182"
2019-06-28 13:14:00.000000000,BEST_ASK,"JPM,102874,57"
2019-06-28 13:14:00.000000000,LAST_TRADE,"4,$102874.0000"
2019-06-28 13:14:00.000000000,QUERY_SPREAD,84
2019-06-28 13:14:00.000000000,BEST_BID,"JPM,101689,182"
2019-06-28 13:14:00.000000000,BEST_ASK,"JPM,102874,52"
2019-06-28 13:14:00.000000000,LAST_TRADE,"5,$102874.0000"
2019-06-28 13:14:00.000000000,QUERY_SPREAD,85
2019-06-28 13:14:00.000000000,BEST_BID,"JPM,101689,182"
2019-06-28 13:14:00.000000000,BEST_ASK,"JPM,102874,47"
2019-06-28 13:14:00.000000000,LAST_TRADE,"5,$102874.0000"
2019-06-28 13:14:00.000000000,QUERY_SPREAD,86
2019-06-28 13:14:00.000000000,BEST_BID,"JPM,101689,182"
2019-06-28 13:14:00.000000000,BEST_ASK,"JPM,102874,38"
2019-06-28 13:14:00.000000000,LAST_TRADE,"9,$102874.0000"
2019-06-28 13:14:00.000000000,QUERY_SPREAD,87
2019-06-28 13:14:00.000000000,BEST_BID,"JPM,101689,182"
2019-06-28 13:14:00.000000000,BEST_ASK,"JPM,102874,36"
2019-06-28 13:14:00.000000000,LAST_TRADE,"2,$102874.0000"
2019-06-28 13:14:00.000000000,QUERY_SPREAD,88
2019-06-28 13:14:00.000000000,BEST_BID,"JPM,101689,182"
2019-06-28 13:14:00.000000000,BEST_ASK,"JPM,102874,28"
2019-06-28 13:14:00.000000000,LAST_TRADE,"8,$102874.0000"
2019-06-28 13:14:00.000000000,QUERY_SPREAD,89
2019-06-28 13:14:00.000000000,BEST_BID,"JPM,101689,182"
2019-06-28 13:14:00.000000000,BEST_ASK,"JPM,102874,21"
2019-06-28 13:14:00.000000000,LAST_TRADE,"7,$102874.0000"
2019-06-28 13:14:00.000000000,QUERY_SPREAD,90
2019-06-28 13:14:00.000000000,BEST_BID,"JPM,101689,182"
2019-06-28 13:14:00.000000000,BEST_ASK,"JPM,102874,15"
2019-06-28 13:14:00.000000000,LAST_TRADE,"6,$102874.0000"
2019-06-28 13:14:00.000000000,QUERY_SPREAD,91
2019-06-28 13:14:00.000000000,BEST_BID,"JPM,101689,182"
2019-06-28 13:14:00.000000000,BEST_ASK,"JPM,102874,10"
2019-06-28 13:14:00.000000000,LAST_TRADE,"5,$102874.0000"
2019-06-28 13:14:00.000000000,QUERY_SPREAD,92
2019-06-28 13:14:00.000000000,BEST_BID,"JPM,101689,182"
2019-06-28 13:14:00.000000000,BEST_ASK,"JPM,102874,9"
2019-06-28 13:14:00.000000000,LAST_TRADE,"1,$102874.0000"
2019-06-28 13:14:00.000000000,QUERY_SPREAD,93
2019-06-28 13:14:00.000000000,BEST_BID,"JPM,101689,182"
2019-06-28 13:14:00.000000000,BEST_ASK,"JPM,102874,7"
2019-06-28 13:14:00.000000000,LAST_TRADE,"2,$102874.0000"
2019-06-28 13:14:00.000000000,QUERY_SPREAD,94
2019-06-28 13:14:00.000000000,BEST_BID,"JPM,101689,182"
2019-06-28 13:14:00.000000000,BEST_ASK,"JPM,102874,5"
2019-06-28 13:14:00.000000000,LAST_TRADE,"2,$102874.0000"
2019-06-28 13:14:00.000000000,QUERY_SPREAD,95
2019-06-28 13:14:00.000000000,BEST_BID,"JPM,102874,2"
2019-06-28 13:14:00.000000000,BEST_ASK,"JPM,104179,90"
2019-06-28 13:14:00.000000000,LAST_TRADE,"5,$102874.0000"
2019-06-28 13:14:00.000000000,QUERY_SPREAD,96
2019-06-28 13:14:00.000000000,BEST_BID,"JPM,102874,2"
2019-06-28 13:14:00.000000000,BEST_ASK,"JPM,104179,83"
2019-06-28 13:14:00.000000000,LAST_TRADE,"7,$104179.0000"
2019-06-28 13:14:00.000000000,QUERY_SPREAD,97
2019-06-28 13:14:00.000000000,BEST_BID,"JPM,102874,2"
2019-06-28 13:14:00.000000000,BEST_ASK,"JPM,104179,77"
2019-06-28 13:14:00.000000000,LAST_TRADE,"6,$104179.0000"
2019-06-28 13:14:00.000000000,QUERY_SPREAD,98
2019-06-28 13:14:00.000000000,BEST_BID,"JPM,102874,2"
2019-06-28 13:14:00.000000000,BEST_ASK,"JPM,104179,73"
2019-06-28 13:14:00.000000000,LAST_TRADE,"4,$104179.0000"
2019-06-28 13:14:00.000000000,QUERY_SPREAD,99
2019-06-28 13:14:00.000000000,BEST_BID,"JPM,102874,2"
2019-06-28 13:14:00.000000000,BEST_ASK,"JPM,104179,71"
2019-06-28 13:14:00.000000000,LAST_TRADE,"2,$104179.0000"
2019-06-28 13:14:00.000000000,QUERY_SPREAD,100
2019-06-28 13:14:00.000000000,BEST_BID,"JPM,102874,2"
2019-06-28 13:14:00.000000000,BEST_ASK,"JPM,104179,65"
2019-06-28 13:14:00.000000000,LAST_TRADE,"6,$104179.0000"
2019-06-28 13:14:00.000000000,QUERY_SPREAD,101
2019-06-28 13:14:00.000000000,QUERY_ORDER_STREAM,101
2019-06-28 13:14:00.000000000,BEST_BID,"JPM,102874,2"
2019-06-28 13:14:00.000000000,BEST_ASK,"JPM,104179,73"
2019-06-28 13:14:03.909418699,QUERY_SPREAD,6
2019-06-28 13:14:03.909418699,BEST_BID,"JPM,102874,2"
2019-06-28 13:14:03.909418699,BEST_ASK,"JPM,104179,73"
2019-06-28 13:14:10.000000000,QUERY_SPREAD,1
2019-06-28 13:14:10.000000000,BEST_BID,"JPM,102874,68"
2019-06-28 13:14:10.000000000,BEST_ASK,"JPM,104179,8"
2019-06-28 13:14:10.000000000,BEST_BID,"JPM,102874,68"
2019-06-28 13:14:10.000000000,BEST_ASK,"JPM,104179,8"
2019-06-28 13:14:10.000000000,BEST_BID,"JPM,102874,68"
2019-06-28 13:14:10.000000000,BEST_ASK,"JPM,104179,8"
2019-06-28 13:14:10.000000000,BEST_BID,"JPM,102874,68"
2019-06-28 13:14:10.000000000,BEST_ASK,"JPM,104179,8"
2019-06-28 13:14:10.000000000,BEST_BID,"JPM,102874,68"
2019-06-28 13:14:10.000000000,BEST_ASK,"JPM,104179,8"
2019-06-28 13:14:10.000000000,BEST_BID,"JPM,102874,68"
2019-06-28 13:14:10.000000000,BEST_ASK,"JPM,104179,74"
2019-06-28 13:14:10.000000000,BEST_BID,"JPM,102874,68"
2019-06-28 13:14:10.000000000,BEST_ASK,"JPM,104179,74"
2019-06-28 13:14:16.605474663,QUERY_SPREAD,45
2019-06-28 13:14:16.605474663,BEST_BID,"JPM,102874,68"
2019-06-28 13:14:16.605474663,BEST_ASK,"JPM,104179,74"
2019-06-28 13:14:17.385286874,QUERY_SPREAD,17
2019-06-28 13:14:17.385286874,BEST_BID,"JPM,101689,166"
2019-06-28 13:14:17.385286874,BEST_ASK,"JPM,102874,32"
2019-06-28 13:14:17.385286874,LAST_TRADE,"68,$102874.0000"
2019-06-28 13:14:18.922444101,QUERY_SPREAD,15
2019-06-28 13:14:18.922444101,BEST_BID,"JPM,101689,166"
2019-06-28 13:14:18.922444101,BEST_ASK,"JPM,102874,32"
2019-06-28 13:14:20.000000000,QUERY_SPREAD,1
2019-06-28 13:14:20.000000000,BEST_BID,"JPM,101689,182"
2019-06-28 13:14:20.000000000,BEST_ASK,"JPM,102874,32"
2019-06-28 13:14:20.000000000,BEST_BID,"JPM,101689,182"
2019-06-28 13:14:20.000000000,BEST_ASK,"JPM,102874,32"
2019-06-28 13:14:20.000000000,BEST_BID,"JPM,101689,182"
2019-06-28 13:14:20.000000000,BEST_ASK,"JPM,102874,32"
2019-06-28 13:14:20.000000000,BEST_BID,"JPM,101689,182"
2019-06-28 13:14:20.000000000,BEST_ASK,"JPM,102874,32"
2019-06-28 13:14:20.000000000,BEST_BID,"JPM,101689,182"
2019-06-28 13:14:20.000000000,BEST_ASK,"JPM,102874,114"
2019-06-28 13:14:20.000000000,BEST_BID,"JPM,101689,182"
2019-06-28 13:14:20.000000000,BEST_ASK,"JPM,102874,114"
2019-06-28 13:14:20.000000000,BEST_BID,"JPM,101689,182"
2019-06-28 13:14:20.000000000,BEST_ASK,"JPM,102874,114"
2019-06-28 13:14:30.000000000,QUERY_SPREAD,1
2019-06-28 13:14:30.000000000,BEST_BID,"JPM,101689,428"
2019-06-28 13:14:30.000000000,BEST_ASK,"JPM,102874,32"
2019-06-28 13:14:30.000000000,BEST_BID,"JPM,101689,428"
2019-06-28 13:14:30.000000000,BEST_ASK,"JPM,102874,360"
2019-06-28 13:14:40.000000000,QUERY_SPREAD,1
2019-06-28 13:14:40.000000000,BEST_BID,"JPM,101689,182"
2019-06-28 13:14:40.000000000,BEST_ASK,"JPM,102874,32"
2019-06-28 13:14:40.000000000,BEST_BID,"JPM,101689,182"
2019-06-28 13:14:40.000000000,BEST_ASK,"JPM,102874,32"
2019-06-28 13:14:40.000000000,BEST_BID,"JPM,101689,182"
2019-06-28 13:14:40.000000000,BEST_ASK,"JPM,102874,32"
2019-06-28 13:14:40.000000000,BEST_BID,"JPM,101689,182"
2019-06-28 13:14:40.000000000,BEST_ASK,"JPM,102874,32"
2019-06-28 13:14:40.000000000,BEST_BID,"JPM,101689,182"
2019-06-28 13:14:40.000000000,BEST_ASK,"JPM,102874,114"
2019-06-28 13:14:40.000000000,BEST_BID,"JPM,101689,182"
2019-06-28 13:14:40.000000000,BEST_ASK,"JPM,102874,114"
2019-06-28 13:14:40.000000000,BEST_BID,"JPM,101689,182"
2019-06-28 13:14:40.000000000,BEST_ASK,"JPM,102874,114"
2019-06-28 13:14:50.000000000,QUERY_SPREAD,1
2019-06-28 13:14:50.000000000,BEST_BID,"JPM,101689,166"
2019-06-28 13:14:50.000000000,BEST_ASK,"JPM,102874,32"
2019-06-28 13:14:50.000000000,BEST_BID,"JPM,101689,166"
2019-06-28 13:14:50.000000000,BEST_ASK,"JPM,102874,32"
2019-06-28 13:14:50.000000000,BEST_BID,"JPM,101689,166"
2019-06-28 13:14:50.000000000,BEST_ASK,"JPM,102874,32"
2019-06-28 13:14:50.000000000,BEST_BID,"JPM,101689,166"
2019-06-28 13:14:50.000000000,BEST_ASK,"JPM,102874,32"
2019-06-28 13:14:50.000000000,BEST_BID,"JPM,101689,166"
2019-06-28 13:14:50.000000000,BEST_ASK,"JPM,102874,32"
2019-06-28 13:14:50.000000000,BEST_BID,"JPM,101689,166"
2019-06-28 13:14:50.000000000,BEST_ASK,"JPM,102874,98"
2019-06-28 13:14:50.000000000,BEST_BID,"JPM,101689,166"
2019-06-28 13:14:50.000000000,BEST_ASK,"JPM,102874,98"
2019-06-28 13:14:50.000000000,BEST_BID,"JPM,101689,166"
2019-06-28 13:14:50.000000000,BEST_ASK,"JPM,102874,98"
2019-06-28 13:14:50.063082552,QUERY_ORDER_STREAM,74
2019-06-28 13:14:50.063082552,QUERY_SPREAD,74
2019-06-28 13:14:50.063082552,BEST_BID,"JPM,101689,166"
2019-06-28 13:14:50.063082552,BEST_ASK,"JPM,102874,98"
2019-06-28 13:15:00.000000000,QUERY_SPREAD,1
2019-06-28 13:15:00.000000000,BEST_BID,"JPM,101689,428"
2019-06-28 13:15:00.000000000,BEST_ASK,"JPM,102874,32"
2019-06-28 13:15:00.000000000,BEST_BID,"JPM,101689,428"
2019-06-28 13:15:00.000000000,BEST_ASK,"JPM,102874,360"
2019-06-28 13:15:00.000000000,QUERY_SPREAD,77
2019-06-28 13:15:00.000000000,BEST_BID,"JPM,101689,428"
2019-06-28 13:15:00.000000000,BEST_ASK,"JPM,102874,356"
2019-06-28 13:15:00.000000000,LAST_TRADE,"4,$102874.0000"
2019-06-28 13:15:00.000000000,QUERY_SPREAD,78
2019-06-28 13:15:00.000000000,BEST_BID,"JPM,101689,428"
2019-06-28 13:15:00.000000000,BEST_ASK,"JPM,102874,348"
2019-06-28 13:15:00.000000000,LAST_TRADE,"8,$102874.0000"
2019-06-28 13:15:00.000000000,QUERY_SPREAD,79
2019-06-28 13:15:00.000000000,BEST_BID,"JPM,101689,428"
2019-06-28 13:15:00.000000000,BEST_ASK,"JPM,102874,347"
2019-06-28 13:15:00.000000000,LAST_TRADE,"1,$102874.0000"
2019-06-28 13:15:00.000000000,QUERY_SPREAD,80
2019-06-28 13:15:00.000000000,BEST_BID,"JPM,101689,428"
2019-06-28 13:15:00.000000000,BEST_ASK,"JPM,102874,342"
2019-06-28 13:15:00.000000000,LAST_TRADE,"5,$102874.0000"
2019-06-28 13:15:00.000000000,QUERY_SPREAD,81
2019-06-28 13:15:00.000000000,BEST_BID,"JPM,101689,428"
2019-06-28 13:15:00.000000000,BEST_ASK,"JPM,102874,337"
2019-06-28 13:15:00.000000000,LAST_TRADE,"5,$102874.0000"
2019-06-28 13:15:00.000000000,QUERY_SPREAD,82
2019-06-28 13:15:00.000000000,BEST_BID,"JPM,101689,428"
2019-06-28 13:15:00.000000000,BEST_ASK,"JPM,102874,331"
2019-06-28 13:15:00.000000000,LAST_TRADE,"6,$102874.0000"
2019-06-28 13:15:00.000000000,QUERY_SPREAD,83
2019-06-28 13:15:00.000000000,BEST_BID,"JPM,101689,428"
2019-06-28 13:15:00.000000000,BEST_ASK,"JPM,102874,327"
2019-06-28 13:15:00.000000000,LAST_TRADE,"4,$102874.0000"
2019-06-28 13:15:00.000000000,QUERY_SPREAD,84
2019-06-28 13:15:00.000000000,BEST_BID,"JPM,101689,428"
2019-06-28 13:15:00.000000000,BEST_ASK,"JPM,102874,322"
2019-06-28 13:15:00.000000000,LAST_TRADE,"5,$102874.0000"
2019-06-28 13:15:00.000000000,QUERY_SPREAD,85
2019-06-28 13:15:00.000000000,BEST_BID,"JPM,101689,428"
2019-06-28 13:15:00.000000000,BEST_ASK,"JPM,102874,317"
2019-06-28 13:15:00.000000000,LAST_TRADE,"5,$102874.0000"
2019-06-28 13:15:00.000000000,QUERY_SPREAD,86
2019-06-28 13:15:00.000000000,BEST_BID,"JPM,101689,428"
2019-06-28 13:15:00.000000000,BEST_ASK,"JPM,102874,308"
2019-06-28 13:15:00.000000000,LAST_TRADE,"9,$102874.0000"
2019-06-28 13:15:00.000000000,QUERY_SPREAD,87
2019-06-28 13:15:00.000000000,BEST_BID,"JPM,101689,428"
2019-06-28 13:15:00.000000000,BEST_ASK,"JPM,102874,306"
2019-06-28 13:15:00.000000000,LAST_TRADE,"2,$102874.0000"
2019-06-28 13:15:00.000000000,QUERY_SPREAD,88
2019-06-28 13:15:00.000000000,BEST_BID,"JPM,101689,428"
2019-06-28 13:15:00.000000000,BEST_ASK,"JPM,102874,298"
2019-06-28 13:15:00.000000000,LAST_TRADE,"8,$102874.0000"
2019-06-28 13:15:00.000000000,QUERY_SPREAD,89
2019-06-28 13:15:00.000000000,BEST_BID,"JPM,101689,428"
2019-06-28 13:15:00.000000000,BEST_ASK,"JPM,102874,291"
2019-06-28 13:15:00.000000000,LAST_TRADE,"7,$102874.0000"
2019-06-28 13:15:00.000000000,QUERY_SPREAD,90
2019-06-28 13:15:00.000000000,BEST_BID,"JPM,101689,428"
2019-06-28 13:15:00.000000000,BEST_ASK,"JPM,102874,285"
2019-06-28 13:15:00.000000000,LAST_TRADE,"6,$102874.0000"
2019-06-28 13:15:00.000000000,QUERY_SPREAD,91
2019-06-28 13:15:00.000000000,BEST_BID,"JPM,101689,428"
2019-06-28 13:15:00.000000000,BEST_ASK,"JPM,102874,280"
2019-06-28 13:15:00.000000000,LAST_TRADE,"5,$102874.0000"
2019-06-28 13:15:00.000000000,QUERY_SPREAD,92
2019-06-28 13:15:00.000000000,BEST_BID,"JPM,101689,428"
2019-06-28 13:15:00.000000000,BEST_ASK,"JPM,102874,279"
2019-06-28 13:15:00.000000000,LAST_TRADE,"1,$102874.0000"
2019-06-28 13:15:00.000000000,QUERY_SPREAD,93
2019-06-28 13:15:00.000000000,BEST_BID,"JPM,101689,428"
2019-06-28 13:15:00.000000000,BEST_ASK,"JPM,102874,277"
2019-06-28 13:15:00.000000000,LAST_TRADE,"2,$102874.0000"
2019-06-28 13:15:00.000000000,QUERY_SPREAD,94
2019-06-28 13:15:00.000000000,BEST_BID,"JPM,101689,428"
2019-06-28 13:15:00.000000000,BEST_ASK,"JPM,102874,275"
2019-06-28 13:15:00.000000000,LAST_TRADE,"2,$102874.0000"
2019-06-28 13:15:00.000000000,QUERY_SPREAD,95
2019-06-28 13:15:00.000000000,BEST_BID,"JPM,101689,428"
2019-06-28 13:15:00.000000000,BEST_ASK,"JPM,102874,268"
2019-06-28 13:15:00.000000000,LAST_TRADE,"7,$102874.0000"
2019-06-28 13:15:00.000000000,QUERY_SPREAD,96
2019-06-28 13:15:00.000000000,BEST_BID,"JPM,101689,428"
2019-06-28 13:15:00.000000000,BEST_ASK,"JPM,102874,261"
2019-06-28 13:15:00.000000000,LAST_TRADE,"7,$102874.0000"
2019-06-28 13:15:00.000000000,QUERY_SPREAD,97
2019-06-28 13:15:00.000000000,BEST_BID,"JPM,101689,428"
2019-06-28 13:15:00.000000000,BEST_ASK,"JPM,102874,255"
2019-06-28 13:15:00.000000000,LAST_TRADE,"6,$102874.0000"
2019-06-28 13:15:00.000000000,QUERY_SPREAD,98
2019-06-28 13:15:00.000000000,BEST_BID,"JPM,101689,428"
2019-06-28 13:15:00.000000000,BEST_ASK,"JPM,102874,251"
2019-06-28 13:15:00.000000000,LAST_TRADE,"4,$102874.0000"
2019-06-28 13:15:00.000000000,QUERY_SPREAD,99
2019-06-28 13:15:00.000000000,BEST_BID,"JPM,101689,428"
2019-06-28 13:15:00.000000000,BEST_ASK,"JPM,102874,249"
2019-06-28 13:15:00.000000000,LAST_TRADE,"2,$102874.0000"
2019-06-28 13:15:00.000000000,QUERY_SPREAD,100
2019-06-28 13:15:00.000000000,BEST_BID,"JPM,101689,428"
2019-06-28 13:15:00.000000000,BEST_ASK,"JPM,102874,243"
2019-06-28 13:15:00.000000000,LAST_TRADE,"6,$102874.0000"
2019-06-28 13:15:00.000000000,QUERY_SPREAD,101
2019-06-28 13:15:00.000000000,QUERY_ORDER_STREAM,101
2019-06-28 13:15:00.000000000,BEST_BID,"JPM,101689,428"
2019-06-28 13:15:00.000000000,BEST_ASK,"JPM,102874,251"
2019-06-28 13:15:10.000000000,QUERY_SPREAD,1
2019-06-28 13:15:10.000000000,BEST_BID,"JPM,101689,166"
2019-06-28 13:15:10.000000000,BEST_ASK,"JPM,102874,8"
2019-06-28 13:15:10.000000000,BEST_BID,"JPM,101689,166"
2019-06-28 13:15:10.000000000,BEST_ASK,"JPM,102874,8"
2019-06-28 13:15:10.000000000,BEST_BID,"JPM,101689,166"
2019-06-28 13:15:10.000000000,BEST_ASK,"JPM,102874,8"
2019-06-28 13:15:10.000000000,BEST_BID,"JPM,101689,166"
2019-06-28 13:15:10.000000000,BEST_ASK,"JPM,102874,8"
2019-06-28 13:15:10.000000000,BEST_BID,"JPM,101689,166"
2019-06-28 13:15:10.000000000,BEST_ASK,"JPM,102874,8"
2019-06-28 13:15:10.000000000,BEST_BID,"JPM,101689,166"
2019-06-28 13:15:10.000000000,BEST_ASK,"JPM,102874,74"
2019-06-28 13:15:10.000000000,BEST_BID,"JPM,101689,166"
2019-06-28 13:15:10.000000000,BEST_ASK,"JPM,102874,74"
2019-06-28 13:15:10.000000000,BEST_BID,"JPM,101689,166"
2019-06-28 13:15:10.000000000,BEST_ASK,"JPM,102874,74"
2019-06-28 13:15:10.000000000,BEST_BID,"JPM,101689,166"
2019-06-28 13:15:10.000000000,BEST_ASK,"JPM,102874,74"
2019-06-28 13:15:12.341626618,QUERY_SPREAD,42
2019-06-28 13:15:12.341626618,BEST_BID,"JPM,101689,166"
2019-06-28 13:15:12.341626618,BEST_ASK,"JPM,102874,74"
2019-06-28 13:15:15.203965688,QUERY_SPREAD,23
2019-06-28 13:15:15.203965688,BEST_BID,"JPM,101689,166"
2019-06-28 13:15:15.203965688,BEST_ASK,"JPM,102874,74"
2019-06-28 13:15:20.000000000,QUERY_SPREAD,1
2019-06-28 13:15:20.000000000,BEST_BID,"JPM,101689,166"
2019-06-28 13:15:20.000000000,BEST_ASK,"JPM,102874,8"
2019-06-28 13:15:20.000000000,BEST_BID,"JPM,101689,166"
2019-06-28 13:15:20.000000000,BEST_ASK,"JPM,102874,8"
2019-06-28 13:15:20.000000000,BEST_BID,"JPM,101689,166"
2019-06-28 13:15:20.000000000,BEST_ASK,"JPM,102874,8"
2019-06-28 13:15:20.000000000,BEST_BID,"JPM,101689,166"
2019-06-28 13:15:20.000000000,BEST_ASK,"JPM,102874,8"
2019-06-28 13:15:20.000000000,BEST_BID,"JPM,101689,166"
2019-06-28 13:15:20.000000000,BEST_ASK,"JPM,102874,8"
2019-06-28 13:15:20.000000000,BEST_BID,"JPM,101689,166"
2019-06-28 13:15:20.000000000,BEST_ASK,"JPM,102874,74"
2019-06-28 13:15:20.000000000,BEST_BID,"JPM,101689,166"
2019-06-28 13:15:20.000000000,BEST_ASK,"JPM,102874,74"
2019-06-28 13:15:20.000000000,BEST_BID,"JPM,101689,166"
2019-06-28 13:15:20.000000000,BEST_ASK,"JPM,102874,74"
2019-06-28 13:15:20.000000000,BEST_BID,"JPM,101689,166"
2019-06-28 13:15:20.000000000,BEST_ASK,"JPM,102874,74"
2019-06-28 13:15:30.000000000,QUERY_SPREAD,1
2019-06-28 13:15:30.000000000,BEST_BID,"JPM,101689,166"
2019-06-28 13:15:30.000000000,BEST_ASK,"JPM,102874,8"
2019-06-28 13:15:30.000000000,BEST_BID,"JPM,101689,166"
2019-06-28 13:15:30.000000000,BEST_ASK,"JPM,102874,8"
2019-06-28 13:15:30.000000000,BEST_BID,"JPM,101689,166"
2019-06-28 13:15:30.000000000,BEST_ASK,"JPM,102874,8"
2019-06-28 13:15:30.000000000,BEST_BID,"JPM,101689,166"
2019-06-28 13:15:30.000000000,BEST_ASK,"JPM,102874,8"
2019-06-28 13:15:30.000000000,BEST_BID,"JPM,101689,166"
2019-06-28 13:15:30.000000000,BEST_ASK,"JPM,102874,8"
2019-06-28 13:15:30.000000000,BEST_BID,"JPM,101689,166"
2019-06-28 13:15:30.000000000,BEST_ASK,"JPM,102874,74"
2019-06-28 13:15:30.000000000,BEST_BID,"JPM,101689,166"
2019-06-28 13:15:30.000000000,BEST_ASK,"JPM,102874,74"
2019-06-28 13:15:30.000000000,BEST_BID,"JPM,101689,166"
2019-06-28 13:15:30.000000000,BEST_ASK,"JPM,102874,74"
2019-06-28 13:15:30.000000000,BEST_BID,"JPM,101689,166"
2019-06-28 13:15:30.000000000,BEST_ASK,"JPM,102874,74"
2019-06-28 13:15:31.221091299,QUERY_SPREAD,11
2019-06-28 13:15:31.221091299,BEST_BID,"JPM,101689,166"
2019-06-28 13:15:31.221091299,BEST_ASK,"JPM,102874,74"
2019-06-28 13:15:40.000000000,QUERY_SPREAD,1
2019-06-28 13:15:40.000000000,BEST_BID,"JPM,101689,182"
2019-06-28 13:15:40.000000000,BEST_ASK,"JPM,102874,8"
2019-06-28 13:15:40.000000000,BEST_BID,"JPM,101689,182"
2019-06-28 13:15:40.000000000,BEST_ASK,"JPM,102874,8"
2019-06-28 13:15:40.000000000,BEST_BID,"JPM,101689,182"
2019-06-28 13:15:40.000000000,BEST_ASK,"JPM,102874,8"
2019-06-28 13:15:40.000000000,BEST_BID,"JPM,101689,182"
2019-06-28 13:15:40.000000000,BEST_ASK,"JPM,102874,8"
2019-06-28 13:15:40.000000000,BEST_BID,"JPM,101689,182"
2019-06-28 13:15:40.000000000,BEST_ASK,"JPM,102874,90"
2019-06-28 13:15:40.000000000,BEST_BID,"JPM,101689,182"
2019-06-28 13:15:40.000000000,BEST_ASK,"JPM,102874,90"
2019-06-28 13:15:40.000000000,BEST_BID,"JPM,101689,182"
2019-06-28 13:15:40.000000000,BEST_ASK,"JPM,102874,90"
2019-06-28 13:15:40.000000000,BEST_BID,"JPM,101689,182"
2019-06-28 13:15:40.000000000,BEST_ASK,"JPM,102874,90"
2019-06-28 13:15:50.000000000,QUERY_SPREAD,1
2019-06-28 13:15:50.000000000,BEST_BID,"JPM,101689,212"
2019-06-28 13:15:50.000000000,BEST_ASK,"JPM,102874,8"
2019-06-28 13:15:50.000000000,BEST_BID,"JPM,101689,212"
2019-06-28 13:15:50.000000000,BEST_ASK,"JPM,102874,8"
2019-06-28 13:15:50.000000000,BEST_BID,"JPM,101689,212"
2019-06-28 13:15:50.000000000,BEST_ASK,"JPM,102874,8"
2019-06-28 13:15:50.000000000,BEST_BID,"JPM,101689,212"
2019-06-28 13:15:50.000000000,BEST_ASK,"JPM,102874,120"
2019-06-28 13:15:50.000000000,BEST_BID,"JPM,101689,212"
2019-06-28 13:15:50.000000000,BEST_ASK,"JPM,102874,120"
2019-06-28 13:15:50.000000000,BEST_BID,"JPM,101689,212"
2019-06-28 13:15:50.000000000,BEST_ASK,"JPM,102874,120"
2019-06-28 13:16:00.000000000,QUERY_SPREAD,1
2019-06-28 13:16:00.000000000,BEST_BID,"JPM,101689,212"
2019-06-28 13:16:00.000000000,BEST_ASK,"JPM,102874,8"
2019-06-28 13:16:00.000000000,BEST_BID,"JPM,101689,212"
2019-06-28 13:16:00.000000000,BEST_ASK,"JPM,102874,8"
2019-06-28 13:16:00.000000000,BEST_BID,"JPM,101689,212"
2019-06-28 13:16:00.000000000,BEST_ASK,"JPM,102874,8"
2019-06-28 13:16:00.000000000,BEST_BID,"JPM,101689,212"
2019-06-28 13:16:00.000000000,BEST_ASK,"JPM,102874,120"
2019-06-28 13:16:00.000000000,BEST_BID,"JPM,101689,212"
2019-06-28 13:16:00.000000000,BEST_ASK,"JPM,102874,120"
2019-06-28 13:16:00.000000000,BEST_BID,"JPM,101689,212"
2019-06-28 13:16:00.000000000,BEST_ASK,"JPM,102874,120"
2019-06-28 13:16:00.000000000,QUERY_SPREAD,77
2019-06-28 13:16:00.000000000,BEST_BID,"JPM,101689,212"
2019-06-28 13:16:00.000000000,BEST_ASK,"JPM,102874,116"
2019-06-28 13:16:00.000000000,LAST_TRADE,"4,$102874.0000"
2019-06-28 13:16:00.000000000,QUERY_SPREAD,78
2019-06-28 13:16:00.000000000,BEST_BID,"JPM,101689,212"
2019-06-28 13:16:00.000000000,BEST_ASK,"JPM,102874,108"
2019-06-28 13:16:00.000000000,LAST_TRADE,"8,$102874.0000"
2019-06-28 13:16:00.000000000,QUERY_SPREAD,79
2019-06-28 13:16:00.000000000,BEST_BID,"JPM,101689,212"
2019-06-28 13:16:00.000000000,BEST_ASK,"JPM,102874,107"
2019-06-28 13:16:00.000000000,LAST_TRADE,"1,$102874.0000"
2019-06-28 13:16:00.000000000,QUERY_SPREAD,80
2019-06-28 13:16:00.000000000,BEST_BID,"JPM,101689,212"
2019-06-28 13:16:00.000000000,BEST_ASK,"JPM,102874,102"
2019-06-28 13:16:00.000000000,LAST_TRADE,"5,$102874.0000"
2019-06-28 13:16:00.000000000,QUERY_SPREAD,81
2019-06-28 13:16:00.000000000,BEST_BID,"JPM,101689,212"
2019-06-28 13:16:00.000000000,BEST_ASK,"JPM,102874,97"
2019-06-28 13:16:00.000000000,LAST_TRADE,"5,$102874.0000"
2019-06-28 13:16:00.000000000,QUERY_SPREAD,82
2019-06-28 13:16:00.000000000,BEST_BID,"JPM,101689,212"
2019-06-28 13:16:00.000000000,BEST_ASK,"JPM,102874,91"
2019-06-28 13:16:00.000000000,LAST_TRADE,"6,$102874.0000"
2019-06-28 13:16:00.000000000,QUERY_SPREAD,83
2019-06-28 13:16:00.000000000,BEST_BID,"JPM,101689,212"
2019-06-28 13:16:00.000000000,BEST_ASK,"JPM,102874,87"
2019-06-28 13:16:00.000000000,LAST_TRADE,"4,$102874.0000"
2019-06-28 13:16:00.000000000,QUERY_SPREAD,84
2019-06-28 13:16:00.000000000,BEST_BID,"JPM,101689,212"
2019-06-28 13:16:00.000000000,BEST_ASK,"JPM,102874,82"
2019-06-28 13:16:00.000000000,LAST_TRADE,"5,$102874.0000"
2019-06-28 13:16:00.000000000,QUERY_SPREAD,85
2019-06-28 13:16:00.000000000,BEST_BID,"JPM,101689,212"
2019-06-28 13:16:00.000000000,BEST_ASK,"JPM,102874,77"
2019-06-28 13:16:00.000000000,LAST_TRADE,"5,$102874.0000"
2019-06-28 13:16:00.000000000,QUERY_SPREAD,86
2019-06-28 13:16:00.000000000,BEST_BID,"JPM,101689,212"
2019-06-28 13:16:00.000000000,BEST_ASK,"JPM,102874,68"
2019-06-28 13:16:00.000000000,LAST_TRADE,"9,$102874.0000"
2019-06-28 13:16:00.000000000,QUERY_SPREAD,87
2019-06-28 13:16:00.000000000,BEST_BID,"JPM,101689,212"
2019-06-28 13:16:00.000000000,BEST_ASK,"JPM,102874,66"
2019-06-28 13:16:00.000000000,LAST_TRADE,"2,$102874.0000"
2019-06-28 13:16:00.000000000,QUERY_SPREAD,88
2019-06-28 13:16:00.000000000,BEST_BID,"JPM,101689,212"
2019-06-28 13:16:00.000000000,BEST_ASK,"JPM,102874,58"
2019-06-28 13:16:00.000000000,LAST_TRADE,"8,$102874.0000"
2019-06-28 13:16:00.000000000,QUERY_SPREAD,89
2019-06-28 13:16:00.000000000,BEST_BID,"JPM,101689,212"
2019-06-28 13:16:00.000000000,BEST_ASK,"JPM,102874,51"
2019-06-28 13:16:00.000000000,LAST_TRADE,"7,$102874.0000"
2019-06-28 13:16:00.000000000,QUERY_SPREAD,90
2019-06-28 13:16:00.000000000,BEST_BID,"JPM,101689,212"
2019-06-28 13:16:00.000000000,BEST_ASK,"JPM,102874,45"
2019-06-28 13:16:00.000000000,LAST_TRADE,"6,$102874.0000"
2019-06-28 13:16:00.000000000,QUERY_SPREAD,91
2019-06-28 13:16:00.000000000,BEST_BID,"JPM,101689,212"
2019-06-28 13:16:00.000000000,BEST_ASK,"JPM,102874,40"
2019-06-28 13:16:00.000000000,LAST_TRADE,"5,$102874.0000"
2019-06-28 13:16:00.000000000,QUERY_SPREAD,92
2019-06-28 13:16:00.000000000,BEST_BID,"JPM,101689,212"
2019-06-28 13:16:00.000000000,BEST_ASK,"JPM,102874,39"
2019-06-28 13:16:00.000000000,LAST_TRADE,"1,$102874.0000"
2019-06-28 13:16:00.000000000,QUERY_SPREAD,93
2019-06-28 13:16:00.000000000,BEST_BID,"JPM,101689,212"
2019-06-28 13:16:00.000000000,BEST_ASK,"JPM,102874,37"
2019-06-28 13:16:00.000000000,LAST_TRADE,"2,$102874.0000"
2019-06-28 13:16:00.000000000,QUERY_SPREAD,94
2019-06-28 13:16:00.000000000,BEST_BID,"JPM,101689,212"
2019-06-28 13:16:00.000000000,BEST_ASK,"JPM,102874,35"
2019-06-28 13:16:00.000000000,LAST_TRADE,"2,$102874.0000"
2019-06-28 13:16:00.000000000,QUERY_SPREAD,95
2019-06-28 13:16:00.000000000,BEST_BID,"JPM,101689,212"
2019-06-28 13:16:00.000000000,BEST_ASK,"JPM,102874,28"
2019-06-28 13:16:00.000000000,LAST_TRADE,"7,$102874.0000"
2019-06-28 13:16:00.000000000,QUERY_SPREAD,96
2019-06-28 13:16:00.000000000,BEST_BID,"JPM,101689,212"
2019-06-28 13:16:00.000000000,BEST_ASK,"JPM,102874,21"
2019-06-28 13:16:00.000000000,LAST_TRADE,"7,$102874.0000"
2019-06-28 13:16:00.000000000,QUERY_SPREAD,97
2019-06-28 13:16:00.000000000,BEST_BID,"JPM,101689,212"
2019-06-28 13:16:00.000000000,BEST_ASK,"JPM,102874,15"
2019-06-28 13:16:00.000000000,LAST_TRADE,"6,$102874.0000"
2019-06-28 13:16:00.000000000,QUERY_SPREAD,98
2019-06-28 13:16:00.000000000,BEST_BID,"JPM,101689,212"
2019-06-28 13:16:00.000000000,BEST_ASK,"JPM,102874,11"
2019-06-28 13:16:00.000000000,LAST_TRADE,"4,$102874.0000"
2019-06-28 13:16:00.000000000,QUERY_SPREAD,99
2019-06-28 13:16:00.000000000,BEST_BID,"JPM,101689,212"
2019-06-28 13:16:00.000000000,BEST_ASK,"JPM,102874,9"
2019-06-28 13:16:00.000000000,LAST_TRADE,"2,$102874.0000"
2019-06-28 13:16:00.000000000,QUERY_SPREAD,100
2019-06-28 13:16:00.000000000,BEST_BID,"JPM,101689,212"
2019-06-28 13:16:00.000000000,BEST_ASK,"JPM,102874,3"
2019-06-28 13:16:00.000000000,LAST_TRADE,"6,$102874.0000"
2019-06-28 13:16:00.000000000,QUERY_SPREAD,101
2019-06-28 13:16:00.000000000,QUERY_ORDER_STREAM,101
2019-06-28 13:16:00.000000000,BEST_BID,"JPM,101689,212"
2019-06-28 13:16:00.000000000,BEST_ASK,"JPM,102874,11"
2019-06-28 13:16:01.794672977,QUERY_SPREAD,12
2019-06-28 13:16:01.794672977,BEST_BID,"JPM,101689,112"
2019-06-28 13:16:01.794672977,BEST_ASK,"JPM,102874,11"
2019-06-28 13:16:01.794672977,LAST_TRADE,"100,$101689.0000"
2019-06-28 13:16:10.000000000,QUERY_SPREAD,1
2019-06-28 13:16:10.000000000,BEST_BID,"JPM,101577,264"
2019-06-28 13:16:10.000000000,BEST_ASK,"JPM,102874,8"
2019-06-28 13:16:10.000000000,BEST_BID,"JPM,101577,264"
2019-06-28 13:16:10.000000000,BEST_ASK,"JPM,102874,8"
2019-06-28 13:16:10.000000000,BEST_BID,"JPM,101577,264"
2019-06-28 13:16:10.000000000,BEST_ASK,"JPM,102874,172"
2019-06-28 13:16:10.000000000,BEST_BID,"JPM,101577,264"
2019-06-28 13:16:10.000000000,BEST_ASK,"JPM,102874,172"
2019-06-28 13:16:20.000000000,QUERY_SPREAD,1
2019-06-28 13:16:20.000000000,BEST_BID,"JPM,101577,264"
2019-06-28 13:16:20.000000000,BEST_ASK,"JPM,102874,8"
2019-06-28 13:16:20.000000000,BEST_BID,"JPM,101577,264"
2019-06-28 13:16:20.000000000,BEST_ASK,"JPM,102874,8"
2019-06-28 13:16:20.000000000,BEST_BID,"JPM,101577,264"
2019-06-28 13:16:20.000000000,BEST_ASK,"JPM,102874,172"
2019-06-28 13:16:20.000000000,BEST_BID,"JPM,101577,264"
2019-06-28 13:16:20.000000000,BEST_ASK,"JPM,102874,172"
2019-06-28 13:16:30.000000000,QUERY_SPREAD,1
2019-06-28 13:16:30.000000000,BEST_BID,"JPM,101577,166"
2019-06-28 13:16:30.000000000,BEST_ASK,"JPM,102874,8"
2019-06-28 13:16:30.000000000,BEST_BID,"JPM,101577,166"
2019-06-28 13:16:30.000000000,BEST_ASK,"JPM,102874,8"
2019-06-28 13:16:30.000000000,BEST_BID,"JPM,101577,166"
2019-06-28 13:16:30.000000000,BEST_ASK,"JPM,102874,8"
2019-06-28 13:16:30.000000000,BEST_BID,"JPM,101577,166"
2019-06-28 13:16:30.000000000,BEST_ASK,"JPM,102874,8"
2019-06-28 13:16:30.000000000,BEST_BID,"JPM,101577,166"
2019-06-28 13:16:30.000000000,BEST_ASK,"JPM,102874,8"
2019-06-28 13:16:30.000000000,BEST_BID,"JPM,101577,166"
2019-06-28 13:16:30.000000000,BEST_ASK,"JPM,102874,74"
2019-06-28 13:16:30.000000000,BEST_BID,"JPM,101577,166"
2019-06-28 13:16:30.000000000,BEST_ASK,"JPM,102874,74"
2019-06-28 13:16:30.000000000,BEST_BID,"JPM,101577,166"
2019-06-28 13:16:30.000000000,BEST_ASK,"JPM,102874,74"
2019-06-28 13:16:30.000000000,BEST_BID,"JPM,101577,166"
2019-06-28 13:16:30.000000000,BEST_ASK,"JPM,102874,74"
2019-06-28 13:16:36.608730946,QUERY_SPREAD,18
2019-06-28 13:16:36.608730946,BEST_BID,"JPM,101577,166"
2019-06-28 13:16:36.608730946,BEST_ASK,"JPM,102874,74"
2019-06-28 13:16:39.336491943,QUERY_SPREAD,9
2019-06-28 13:16:39.336491943,BEST_BID,"JPM,101577,66"
2019-06-28 13:16:39.336491943,BEST_ASK,"JPM,102874,74"
2019-06-28 13:16:39.336491943,LAST_TRADE,"100,$101577.0000"
2019-06-28 13:16:40.000000000,QUERY_SPREAD,1
2019-06-28 13:16:40.000000000,BEST_BID,"JPM,101365,264"
2019-06-28 13:16:40.000000000,BEST_ASK,"JPM,102874,8"
2019-06-28 13:16:40.000000000,BEST_BID,"JPM,101365,264"
2019-06-28 13:16:40.000000000,BEST_ASK,"JPM,102874,8"
2019-06-28 13:16:40.000000000,BEST_BID,"JPM,101365,264"
2019-06-28 13:16:40.000000000,BEST_ASK,"JPM,102874,172"
2019-06-28 13:16:40.000000000,BEST_BID,"JPM,101365,264"
2019-06-28 13:16:40.000000000,BEST_ASK,"JPM,102874,172"
2019-06-28 13:16:50.000000000,QUERY_SPREAD,1
2019-06-28 13:16:50.000000000,BEST_BID,"JPM,101365,212"
2019-06-28 13:16:50.000000000,BEST_ASK,"JPM,102874,8"
2019-06-28 13:16:50.000000000,BEST_BID,"JPM,101365,212"
2019-06-28 13:16:50.000000000,BEST_ASK,"JPM,102874,8"
2019-06-28 13:16:50.000000000,BEST_BID,"JPM,101365,212"
2019-06-28 13:16:50.000000000,BEST_ASK,"JPM,102874,8"
2019-06-28 13:16:50.000000000,BEST_BID,"JPM,101365,212"
2019-06-28 13:16:50.000000000,BEST_ASK,"JPM,102874,120"
2019-06-28 13:16:50.000000000,BEST_BID,"JPM,101365,212"
2019-06-28 13:16:50.000000000,BEST_ASK,"JPM,102874,120"
2019-06-28 13:16:50.000000000,BEST_BID,"JPM,101365,212"
2019-06-28 13:16:50.000000000,BEST_ASK,"JPM,102874,120"
2019-06-28 13:17:00.000000000,QUERY_SPREAD,1
2019-06-28 13:17:00.000000000,BEST_BID,"JPM,101365,428"
2019-06-28 13:17:00.000000000,BEST_ASK,"JPM,102874,8"
2019-06-28 13:17:00.000000000,BEST_BID,"JPM,101365,428"
2019-06-28 13:17:00.000000000,BEST_ASK,"JPM,102874,336"
2019-06-28 13:17:00.000000000,QUERY_SPREAD,77
2019-06-28 13:17:00.000000000,BEST_BID,"JPM,101365,428"
2019-06-28 13:17:00.000000000,BEST_ASK,"JPM,102874,332"
2019-06-28 13:17:00.000000000,LAST_TRADE,"4,$102874.0000"
2019-06-28 13:17:00.000000000,QUERY_SPREAD,78
2019-06-28 13:17:00.000000000,BEST_BID,"JPM,101365,428"
2019-06-28 13:17:00.000000000,BEST_ASK,"JPM,102874,324"
2019-06-28 13:17:00.000000000,LAST_TRADE,"8,$102874.0000"
2019-06-28 13:17:00.000000000,QUERY_SPREAD,79
2019-06-28 13:17:00.000000000,BEST_BID,"JPM,101365,428"
2019-06-28 13:17:00.000000000,BEST_ASK,"JPM,102874,323"
2019-06-28 13:17:00.000000000,LAST_TRADE,"1,$102874.0000"
2019-06-28 13:17:00.000000000,QUERY_SPREAD,80
2019-06-28 13:17:00.000000000,BEST_BID,"JPM,101365,428"
2019-06-28 13:17:00.000000000,BEST_ASK,"JPM,102874,318"
2019-06-28 13:17:00.000000000,LAST_TRADE,"5,$102874.0000"
2019-06-28 13:17:00.000000000,QUERY_SPREAD,81
2019-06-28 13:17:00.000000000,BEST_BID,"JPM,101365,428"
2019-06-28 13:17:00.000000000,BEST_ASK,"JPM,102874,313"
2019-06-28 13:17:00.000000000,LAST_TRADE,"5,$102874.0000"
2019-06-28 13:17:00.000000000,QUERY_SPREAD,82
2019-06-28 13:17:00.000000000,BEST_BID,"JPM,101365,428"
2019-06-28 13:17:00.000000000,BEST_ASK,"JPM,102874,307"
2019-06-28 13:17:00.000000000,LAST_TRADE,"6,$102874.0000"
2019-06-28 13:17:00.000000000,QUERY_SPREAD,83
2019-06-28 13:17:00.000000000,BEST_BID,"JPM,101365,428"
2019-06-28 13:17:00.000000000,BEST_ASK,"JPM,102874,303"
2019-06-28 13:17:00.000000000,LAST_TRADE,"4,$102874.0000"
2019-06-28 13:17:00.000000000,QUERY_SPREAD,84
2019-06-28 13:17:00.000000000,BEST_BID,"JPM,101365,428"
2019-06-28 13:17:00.000000000,BEST_ASK,"JPM,102874,298"
2019-06-28 13:17:00.000000000,LAST_TRADE,"5,$102874.0000"
2019-06-28 13:17:00.000000000,QUERY_SPREAD,85
2019-06-28 13:17:00.000000000,BEST_BID,"JPM,101365,428"
2019-06-28 13:17:00.000000000,BEST_ASK,"JPM,102874,293"
2019-06-28 13:17:00.000000000,LAST_TRADE,"5,$102874.0000"
2019-06-28 13:17:00.000000000,QUERY_SPREAD,86
2019-06-28 13:17:00.000000000,BEST_BID,"JPM,101365,428"
2019-06-28 13:17:00.000000000,BEST_ASK,"JPM,102874,284"
2019-06-28 13:17:00.000000000,LAST_TRADE,"9,$102874.0000"
2019-06-28 13:17:00.000000000,QUERY_SPREAD,87
2019-06-28 13:17:00.000000000,BEST_BID,"JPM,101365,428"
2019-06-28 13:17:00.000000000,BEST_ASK,"JPM,102874,282"
2019-06-28 13:17:00.000000000,LAST_TRADE,"2,$102874.0000"
2019-06-28 13:17:00.000000000,QUERY_SPREAD,88
2019-06-28 13:17:00.000000000,BEST_BID,"JPM,101365,428"
2019-06-28 13:17:00.000000000,BEST_ASK,"JPM,102874,274"
2019-06-28 13:17:00.000000000,LAST_TRADE,"8,$102874.0000"
2019-06-28 13:17:00.000000000,QUERY_SPREAD,89
2019-06-28 13:17:00.000000000,BEST_BID,"JPM,101365,428"
2019-06-28 13:17:00.000000000,BEST_ASK,"JPM,102874,267"
2019-06-28 13:17:00.000000000,LAST_TRADE,"7,$102874.0000"
2019-06-28 13:17:00.000000000,QUERY_SPREAD,90
2019-06-28 13:17:00.000000000,BEST_BID,"JPM,101365,428"
2019-06-28 13:17:00.000000000,BEST_ASK,"JPM,102874,261"
2019-06-28 13:17:00.000000000,LAST_TRADE,"6,$102874.0000"
2019-06-28 13:17:00.000000000,QUERY_SPREAD,91
2019-06-28 13:17:00.000000000,BEST_BID,"JPM,101365,428"
2019-06-28 13:17:00.000000000,BEST_ASK,"JPM,102874,256"
2019-06-28 13:17:00.000000000,LAST_TRADE,"5,$102874.0000"
2019-06-28 13:17:00.000000000,QUERY_SPREAD,92
2019-06-28 13:17:00.000000000,BEST_BID,"JPM,101365,428"
2019-06-28 13:17:00.000000000,BEST_ASK,"JPM,102874,255"
2019-06-28 13:17:00.000000000,LAST_TRADE,"1,$102874.0000"
2019-06-28 13:17:00.000000000,QUERY_SPREAD,93
2019-06-28 13:17:00.000000000,BEST_BID,"JPM,101365,428"
2019-06-28 13:17:00.000000000,BEST_ASK,"JPM,102874,253"
2019-06-28 13:17:00.000000000,LAST_TRADE,"2,$102874.0000"
2019-06-28 13:17:00.000000000,QUERY_SPREAD,94
2019-06-28 13:17:00.000000000,BEST_BID,"JPM,101365,428"
2019-06-28 13:17:00.000000000,BEST_ASK,"JPM,102874,251"
2019-06-28 13:17:00.000000000,LAST_TRADE,"2,$102874.0000"
2019-06-28 13:17:00.000000000,QUERY_SPREAD,95
2019-06-28 13:17:00.000000000,BEST_BID,"JPM,101365,428"
2019-06-28 13:17:00.000000000,BEST_ASK,"JPM,102874,244"
2019-06-28 13:17:00.000000000,LAST_TRADE,"7,$102874.0000"
2019-06-28 13:17:00.000000000,QUERY_SPREAD,96
2019-06-28 13:17:00.000000000,BEST_BID,"JPM,101365,428"
2019-06-28 13:17:00.000000000,BEST_ASK,"JPM,102874,237"
2019-06-28 13:17:00.000000000,LAST_TRADE,"7,$102874.0000"
2019-06-28 13:17:00.000000000,QUERY_SPREAD,97
2019-06-28 13:17:00.000000000,BEST_BID,"JPM,101365,428"
2019-06-28 13:17:00.000000000,BEST_ASK,"JPM,102874,231"
2019-06-28 13:17:00.000000000,LAST_TRADE,"6,$102874.0000"
2019-06-28 13:17:00.000000000,QUERY_SPREAD,98
2019-06-28 13:17:00.000000000,BEST_BID,"JPM,101365,428"
2019-06-28 13:17:00.000000000,BEST_ASK,"JPM,102874,227"
2019-06-28 13:17:00.000000000,LAST_TRADE,"4,$102874.0000"
2019-06-28 13:17:00.000000000,QUERY_SPREAD,99
2019-06-28 13:17:00.000000000,BEST_BID,"JPM,101365,428"
2019-06-28 13:17:00.000000000,BEST_ASK,"JPM,102874,225"
2019-06-28 13:17:00.000000000,LAST_TRADE,"2,$102874.0000"
2019-06-28 13:17:00.000000000,QUERY_SPREAD,100
2019-06-28 13:17:00.000000000,BEST_BID,"JPM,101365,428"
2019-06-28 13:17:00.000000000,BEST_ASK,"JPM,102874,219"
2019-06-28 13:17:00.000000000,LAST_TRADE,"6,$102874.0000"
2019-06-28 13:17:00.000000000,QUERY_SPREAD,101
2019-06-28 13:17:00.000000000,QUERY_ORDER_STREAM,101
2019-06-28 13:17:10.000000000,QUERY_SPREAD,1
2019-06-28 13:17:10.000000000,BEST_BID,"JPM,101365,264"
2019-06-28 13:17:10.000000000,BEST_ASK,"JPM,104178,100"
2019-06-28 13:17:10.000000000,BEST_BID,"JPM,101365,264"
2019-06-28 13:17:10.000000000,BEST_ASK,"JPM,104178,100"
2019-06-28 13:17:10.000000000,BEST_BID,"JPM,101365,264"
2019-06-28 13:17:10.000000000,BEST_ASK,"JPM,104178,264"
2019-06-28 13:17:10.000000000,BEST_BID,"JPM,101365,264"
2019-06-28 13:17:10.000000000,BEST_ASK,"JPM,104178,264"
2019-06-28 13:17:19.514503971,QUERY_ORDER_STREAM,65
2019-06-28 13:17:19.514503971,QUERY_SPREAD,65
2019-06-28 13:17:20.000000000,QUERY_SPREAD,1
2019-06-28 13:17:20.000000000,BEST_BID,"JPM,101365,182"
2019-06-28 13:17:20.000000000,BEST_ASK,"JPM,104178,100"
2019-06-28 13:17:20.000000000,BEST_BID,"JPM,101365,182"
2019-06-28 13:17:20.000000000,BEST_ASK,"JPM,104178,100"
2019-06-28 13:17:20.000000000,BEST_BID,"JPM,101365,182"
2019-06-28 13:17:20.000000000,BEST_ASK,"JPM,104178,100"
2019-06-28 13:17:20.000000000,BEST_BID,"JPM,101365,182"
2019-06-28 13:17:20.000000000,BEST_ASK,"JPM,104178,100"
2019-06-28 13:17:20.000000000,BEST_BID,"JPM,101365,182"
2019-06-28 13:17:20.000000000,BEST_ASK,"JPM,104178,182"
2019-06-28 13:17:20.000000000,BEST_BID,"JPM,101365,182"
2019-06-28 13:17:20.000000000,BEST_ASK,"JPM,104178,182"
2019-06-28 13:17:20.000000000,BEST_BID,"JPM,101365,182"
2019-06-28 13:17:20.000000000,BEST_ASK,"JPM,104178,182"
2019-06-28 13:17:30.000000000,QUERY_SPREAD,1
2019-06-28 13:17:30.000000000,BEST_BID,"JPM,101365,264"
2019-06-28 13:17:30.000000000,BEST_ASK,"JPM,104178,100"
2019-06-28 13:17:30.000000000,BEST_BID,"JPM,101365,264"
2019-06-28 13:17:30.000000000,BEST_ASK,"JPM,104178,100"
2019-06-28 13:17:30.000000000,BEST_BID,"JPM,101365,264"
2019-06-28 13:17:30.000000000,BEST_ASK,"JPM,104178,264"
2019-06-28 13:17:30.000000000,BEST_BID,"JPM,101365,264"
2019-06-28 13:17:30.000000000,BEST_ASK,"JPM,104178,264"
2019-06-28 13:17:33.795073089,QUERY_ORDER_STREAM,59
2019-06-28 13:17:33.795073089,QUERY_SPREAD,59
2019-06-28 13:17:33.795073089,BEST_BID,"JPM,101365,264"
2019-06-28 13:17:33.795073089,BEST_ASK,"JPM,102874,100"
2019-06-28 13:17:40.000000000,QUERY_SPREAD,1
2019-06-28 13:17:40.000000000,BEST_BID,"JPM,101365,166"
2019-06-28 13:17:40.000000000,BEST_ASK,"JPM,102874,100"
2019-06-28 13:17:40.000000000,BEST_BID,"JPM,101365,166"
2019-06-28 13:17:40.000000000,BEST_ASK,"JPM,102874,100"
2019-06-28 13:17:40.000000000,BEST_BID,"JPM,101365,166"
2019-06-28 13:17:40.000000000,BEST_ASK,"JPM,102874,100"
2019-06-28 13:17:40.000000000,BEST_BID,"JPM,101365,166"
2019-06-28 13:17:40.000000000,BEST_ASK,"JPM,102874,100"
2019-06-28 13:17:40.000000000,BEST_BID,"JPM,101365,166"
2019-06-28 13:17:40.000000000,BEST_ASK,"JPM,102874,100"
2019-06-28 13:17:40.000000000,BEST_BID,"JPM,101365,166"
2019-06-28 13:17:40.000000000,BEST_ASK,"JPM,102874,166"
2019-06-28 13:17:40.000000000,BEST_BID,"JPM,101365,166"
2019-06-28 13:17:40.000000000,BEST_ASK,"JPM,102874,166"
2019-06-28 13:17:40.000000000,BEST_BID,"JPM,101365,166"
2019-06-28 13:17:40.000000000,BEST_ASK,"JPM,102874,166"
2019-06-28 13:17:40.000000000,BEST_BID,"JPM,101365,166"
2019-06-28 13:17:40.000000000,BEST_ASK,"JPM,102874,166"
2019-06-28 13:17:41.338439494,QUERY_SPREAD,22
2019-06-28 13:17:41.338439494,BEST_BID,"JPM,101365,166"
2019-06-28 13:17:41.338439494,BEST_ASK,"JPM,102874,166"
2019-06-28 13:17:50.000000000,QUERY_SPREAD,1
2019-06-28 13:17:50.000000000,BEST_BID,"JPM,101365,428"
2019-06-28 13:17:50.000000000,BEST_ASK,"JPM,102874,100"
2019-06-28 13:17:50.000000000,BEST_BID,"JPM,101365,428"
2019-06-28 13:17:50.000000000,BEST_ASK,"JPM,102874,428"
2019-06-28 13:18:00.000000000,QUERY_SPREAD,1
2019-06-28 13:18:00.000000000,BEST_BID,"JPM,101365,428"
2019-06-28 13:18:00.000000000,BEST_ASK,"JPM,102874,100"
2019-06-28 13:18:00.000000000,BEST_BID,"JPM,101365,428"
2019-06-28 13:18:00.000000000,BEST_ASK,"JPM,102874,428"
2019-06-28 13:18:00.000000000,QUERY_SPREAD,77
2019-06-28 13:18:00.000000000,BEST_BID,"JPM,101365,428"
2019-06-28 13:18:00.000000000,BEST_ASK,"JPM,102874,424"
2019-06-28 13:18:00.000000000,LAST_TRADE,"4,$102874.0000"
2019-06-28 13:18:00.000000000,QUERY_SPREAD,78
2019-06-28 13:18:00.000000000,BEST_BID,"JPM,101365,428"
2019-06-28 13:18:00.000000000,BEST_ASK,"JPM,102874,416"
2019-06-28 13:18:00.000000000,LAST_TRADE,"8,$102874.0000"
2019-06-28 13:18:00.000000000,QUERY_SPREAD,79
2019-06-28 13:18:00.000000000,BEST_BID,"JPM,101365,428"
2019-06-28 13:18:00.000000000,BEST_ASK,"JPM,102874,415"
2019-06-28 13:18:00.000000000,LAST_TRADE,"1,$102874.0000"
2019-06-28 13:18:00.000000000,QUERY_SPREAD,80
2019-06-28 13:18:00.000000000,BEST_BID,"JPM,101365,428"
2019-06-28 13:18:00.000000000,BEST_ASK,"JPM,102874,410"
2019-06-28 13:18:00.000000000,LAST_TRADE,"5,$102874.0000"
2019-06-28 13:18:00.000000000,QUERY_SPREAD,81
2019-06-28 13:18:00.000000000,BEST_BID,"JPM,101365,428"
2019-06-28 13:18:00.000000000,BEST_ASK,"JPM,102874,405"
2019-06-28 13:18:00.000000000,LAST_TRADE,"5,$102874.0000"
2019-06-28 13:18:00.000000000,QUERY_SPREAD,82
2019-06-28 13:18:00.000000000,BEST_BID,"JPM,101365,428"
2019-06-28 13:18:00.000000000,BEST_ASK,"JPM,102874,399"
2019-06-28 13:18:00.000000000,LAST_TRADE,"6,$102874.0000"
2019-06-28 13:18:00.000000000,QUERY_SPREAD,83
2019-06-28 13:18:00.000000000,BEST_BID,"JPM,101365,428"
2019-06-28 13:18:00.000000000,BEST_ASK,"JPM,102874,395"
2019-06-28 13:18:00.000000000,LAST_TRADE,"4,$102874.0000"
2019-06-28 13:18:00.000000000,QUERY_SPREAD,84
2019-06-28 13:18:00.000000000,BEST_BID,"JPM,101365,428"
2019-06-28 13:18:00.000000000,BEST_ASK,"JPM,102874,390"
2019-06-28 13:18:00.000000000,LAST_TRADE,"5,$102874.0000"
2019-06-28 13:18:00.000000000,QUERY_SPREAD,85
2019-06-28 13:18:00.000000000,BEST_BID,"JPM,101365,428"
2019-06-28 13:18:00.000000000,BEST_ASK,"JPM,102874,385"
2019-06-28 13:18:00.000000000,LAST_TRADE,"5,$102874.0000"
2019-06-28 13:18:00.000000000,QUERY_SPREAD,86
2019-06-28 13:18:00.000000000,BEST_BID,"JPM,101365,428"
2019-06-28 13:18:00.000000000,BEST_ASK,"JPM,102874,376"
2019-06-28 13:18:00.000000000,LAST_TRADE,"9,$102874.0000"
2019-06-28 13:18:00.000000000,QUERY_SPREAD,87
2019-06-28 13:18:00.000000000,BEST_BID,"JPM,101365,428"
2019-06-28 13:18:00.000000000,BEST_ASK,"JPM,102874,374"
2019-06-28 13:18:00.000000000,LAST_TRADE,"2,$102874.0000"
2019-06-28 13:18:00.000000000,QUERY_SPREAD,88
2019-06-28 13:18:00.000000000,BEST_BID,"JPM,101365,428"
2019-06-28 13:18:00.000000000,BEST_ASK,"JPM,102874,366"
2019-06-28 13:18:00.000000000,LAST_TRADE,"8,$102874.0000"
2019-06-28 13:18:00.000000000,QUERY_SPREAD,89
2019-06-28 13:18:00.000000000,BEST_BID,"JPM,101365,428"
2019-06-28 13:18:00.000000000,BEST_ASK,"JPM,102874,359"
2019-06-28 13:18:00.000000000,LAST_TRADE,"7,$102874.0000"
2019-06-28 13:18:00.000000000,QUERY_SPREAD,90
2019-06-28 13:18:00.000000000,BEST_BID,"JPM,101365,428"
2019-06-28 13:18:00.000000000,BEST_ASK,"JPM,102874,353"
2019-06-28 13:18:00.000000000,LAST_TRADE,"6,$102874.0000"
2019-06-28 13:18:00.000000000,QUERY_SPREAD,91
2019-06-28 13:18:00.000000000,BEST_BID,"JPM,101365,428"
2019-06-28 13:18:00.000000000,BEST_ASK,"JPM,102874,348"
2019-06-28 13:18:00.000000000,LAST_TRADE,"5,$102874.0000"
2019-06-28 13:18:00.000000000,QUERY_SPREAD,92
2019-06-28 13:18:00.000000000,BEST_BID,"JPM,101365,428"
2019-06-28 13:18:00.000000000,BEST_ASK,"JPM,102874,347"
2019-06-28 13:18:00.000000000,LAST_TRADE,"1,$102874.0000"
2019-06-28 13:18:00.000000000,QUERY_SPREAD,93
2019-06-28 13:18:00.000000000,BEST_BID,"JPM,101365,428"
2019-06-28 13:18:00.000000000,BEST_ASK,"JPM,102874,345"
2019-06-28 13:18:00.000000000,LAST_TRADE,"2,$102874.0000"
2019-06-28 13:18:00.000000000,QUERY_SPREAD,94
2019-06-28 13:18:00.000000000,BEST_BID,"JPM,101365,428"
2019-06-28 13:18:00.000000000,BEST_ASK,"JPM,102874,343"
2019-06-28 13:18:00.000000000,LAST_TRADE,"2,$102874.0000"
2019-06-28 13:18:00.000000000,QUERY_SPREAD,95
2019-06-28 13:18:00.000000000,BEST_BID,"JPM,101365,428"
2019-06-28 13:18:00.000000000,BEST_ASK,"JPM,102874,336"
2019-06-28 13:18:00.000000000,LAST_TRADE,"7,$102874.0000"
2019-06-28 13:18:00.000000000,QUERY_SPREAD,96
2019-06-28 13:18:00.000000000,BEST_BID,"JPM,101365,428"
2019-06-28 13:18:00.000000000,BEST_ASK,"JPM,102874,329"
2019-06-28 13:18:00.000000000,LAST_TRADE,"7,$102874.0000"
2019-06-28 13:18:00.000000000,QUERY_SPREAD,97
2019-06-28 13:18:00.000000000,BEST_BID,"JPM,101365,428"
2019-06-28 13:18:00.000000000,BEST_ASK,"JPM,102874,323"
2019-06-28 13:18:00.000000000,LAST_TRADE,"6,$102874.0000"
2019-06-28 13:18:00.000000000,QUERY_SPREAD,98
2019-06-28 13:18:00.000000000,BEST_BID,"JPM,101365,428"
2019-06-28 13:18:00.000000000,BEST_ASK,"JPM,102874,319"
2019-06-28 13:18:00.000000000,LAST_TRADE,"4,$102874.0000"
2019-06-28 13:18:00.000000000,QUERY_SPREAD,99
2019-06-28 13:18:00.000000000,BEST_BID,"JPM,101365,428"
2019-06-28 13:18:00.000000000,BEST_ASK,"JPM,102874,317"
2019-06-28 13:18:00.000000000,LAST_TRADE,"2,$102874.0000"
2019-06-28 13:18:00.000000000,QUERY_SPREAD,100
2019-06-28 13:18:00.000000000,BEST_BID,"JPM,101365,428"
2019-06-28 13:18:00.000000000,BEST_ASK,"JPM,102874,311"
2019-06-28 13:18:00.000000000,LAST_TRADE,"6,$102874.0000"
2019-06-28 13:18:00.000000000,QUERY_SPREAD,101
2019-06-28 13:18:00.000000000,QUERY_ORDER_STREAM,101
2019-06-28 13:18:09.559330060,QUERY_SPREAD,44
2019-06-28 13:18:09.559330060,BEST_BID,"JPM,101365,328"
2019-06-28 13:18:09.559330060,BEST_ASK,"JPM,102874,311"
2019-06-28 13:18:09.559330060,LAST_TRADE,"100,$101365.0000"
2019-06-28 13:18:10.000000000,QUERY_SPREAD,1
2019-06-28 13:18:10.000000000,BEST_BID,"JPM,101346,212"
2019-06-28 13:18:10.000000000,BEST_ASK,"JPM,104178,100"
2019-06-28 13:18:10.000000000,BEST_BID,"JPM,101346,212"
2019-06-28 13:18:10.000000000,BEST_ASK,"JPM,104178,100"
2019-06-28 13:18:10.000000000,BEST_BID,"JPM,101346,212"
2019-06-28 13:18:10.000000000,BEST_ASK,"JPM,104178,100"
2019-06-28 13:18:10.000000000,BEST_BID,"JPM,101346,212"
2019-06-28 13:18:10.000000000,BEST_ASK,"JPM,104178,212"
2019-06-28 13:18:10.000000000,BEST_BID,"JPM,101346,212"
2019-06-28 13:18:10.000000000,BEST_ASK,"JPM,104178,212"
2019-06-28 13:18:10.000000000,BEST_BID,"JPM,101346,212"
2019-06-28 13:18:10.000000000,BEST_ASK,"JPM,104178,212"
2019-06-28 13:18:20.000000000,QUERY_SPREAD,1
2019-06-28 13:18:20.000000000,BEST_BID,"JPM,101346,428"
2019-06-28 13:18:20.000000000,BEST_ASK,"JPM,104178,100"
2019-06-28 13:18:20.000000000,BEST_BID,"JPM,101346,428"
2019-06-28 13:18:20.000000000,BEST_ASK,"JPM,104178,428"
2019-06-28 13:18:30.000000000,QUERY_SPREAD,1
2019-06-28 13:18:30.000000000,BEST_BID,"JPM,101346,264"
2019-06-28 13:18:30.000000000,BEST_ASK,"JPM,104178,100"
2019-06-28 13:18:30.000000000,BEST_BID,"JPM,101346,264"
2019-06-28 13:18:30.000000000,BEST_ASK,"JPM,104178,100"
2019-06-28 13:18:30.000000000,BEST_BID,"JPM,101346,264"
2019-06-28 13:18:30.000000000,BEST_ASK,"JPM,104178,264"
2019-06-28 13:18:30.000000000,BEST_BID,"JPM,101346,264"
2019-06-28 13:18:30.000000000,BEST_ASK,"JPM,104178,264"
2019-06-28 13:18:40.000000000,QUERY_SPREAD,1
2019-06-28 13:18:40.000000000,BEST_BID,"JPM,101346,428"
2019-06-28 13:18:40.000000000,BEST_ASK,"JPM,104178,100"
2019-06-28 13:18:40.000000000,BEST_BID,"JPM,101346,428"
2019-06-28 13:18:40.000000000,BEST_ASK,"JPM,104178,428"
2019-06-28 13:18:42.733870820,QUERY_SPREAD,47
2019-06-28 13:18:42.733870820,BEST_BID,"JPM,101346,328"
2019-06-28 13:18:42.733870820,BEST_ASK,"JPM,104178,428"
2019-06-28 13:18:42.733870820,LAST_TRADE,"100,$101346.0000"
2019-06-28 13:18:49.850251677,QUERY_ORDER_STREAM,76
2019-06-28 13:18:49.850251677,QUERY_SPREAD,76
2019-06-28 13:18:49.850251677,BEST_BID,"JPM,101346,328"
2019-06-28 13:18:49.850251677,BEST_ASK,"JPM,101365,100"
2019-06-28 13:18:50.000000000,QUERY_SPREAD,1
2019-06-28 13:18:50.000000000,BEST_BID,"JPM,101176,182"
2019-06-28 13:18:50.000000000,BEST_ASK,"JPM,101365,100"
2019-06-28 13:18:50.000000000,BEST_BID,"JPM,101176,182"
2019-06-28 13:18:50.000000000,BEST_ASK,"JPM,101365,100"
2019-06-28 13:18:50.000000000,BEST_BID,"JPM,101176,182"
2019-06-28 13:18:50.000000000,BEST_ASK,"JPM,101365,100"
2019-06-28 13:18:50.000000000,BEST_BID,"JPM,101176,182"
2019-06-28 13:18:50.000000000,BEST_ASK,"JPM,101365,100"
2019-06-28 13:18:50.000000000,BEST_BID,"JPM,101176,182"
2019-06-28 13:18:50.000000000,BEST_ASK,"JPM,101365,182"
2019-06-28 13:18:50.000000000,BEST_BID,"JPM,101176,182"
2019-06-28 13:18:50.000000000,BEST_ASK,"JPM,101365,182"
2019-06-28 13:18:50.000000000,BEST_BID,"JPM,101176,182"
2019-06-28 13:18:50.000000000,BEST_ASK,"JPM,101365,182"
2019-06-28 13:18:50.000000000,BEST_BID,"JPM,101176,182"
2019-06-28 13:18:50.000000000,BEST_ASK,"JPM,101365,182"
2019-06-28 13:18:50.457029750,QUERY_SPREAD,33
2019-06-28 13:18:50.457029750,BEST_BID,"JPM,101176,182"
2019-06-28 13:18:50.457029750,BEST_ASK,"JPM,101365,182"
2019-06-28 13:18:51.739803948,QUERY_SPREAD,25
2019-06-28 13:18:51.739803948,BEST_BID,"JPM,101176,182"
2019-06-28 13:18:51.739803948,BEST_ASK,"JPM,101365,182"
2019-06-28 13:18:56.261979665,QUERY_ORDER_STREAM,53
2019-06-28 13:18:56.261979665,QUERY_SPREAD,53
2019-06-28 13:18:56.501226957,QUERY_ORDER_STREAM,74
2019-06-28 13:18:56.501226957,QUERY_SPREAD,74
2019-06-28 13:18:56.762556566,QUERY_SPREAD,44
2019-06-28 13:18:56.762556566,BEST_BID,"JPM,101176,182"
2019-06-28 13:18:56.762556566,BEST_ASK,"JPM,101365,182"
2019-06-28 13:19:00.000000000,QUERY_SPREAD,1
2019-06-28 13:19:00.000000000,BEST_BID,"JPM,101176,182"
2019-06-28 13:19:00.000000000,BEST_ASK,"JPM,101365,100"
2019-06-28 13:19:00.000000000,BEST_BID,"JPM,101176,182"
2019-06-28 13:19:00.000000000,BEST_ASK,"JPM,101365,100"
2019-06-28 13:19:00.000000000,BEST_BID,"JPM,101176,182"
2019-06-28 13:19:00.000000000,BEST_ASK,"JPM,101365,100"
2019-06-28 13:19:00.000000000,BEST_BID,"JPM,101176,182"
2019-06-28 13:19:00.000000000,BEST_ASK,"JPM,101365,100"
2019-06-28 13:19:00.000000000,BEST_BID,"JPM,101176,182"
2019-06-28 13:19:00.000000000,BEST_ASK,"JPM,101365,182"
2019-06-28 13:19:00.000000000,BEST_BID,"JPM,101176,182"
2019-06-28 13:19:00.000000000,BEST_ASK,"JPM,101365,182"
2019-06-28 13:19:00.000000000,BEST_BID,"JPM,101176,182"
2019-06-28 13:19:00.000000000,BEST_ASK,"JPM,101365,182"
2019-06-28 13:19:00.000000000,QUERY_SPREAD,77
2019-06-28 13:19:00.000000000,BEST_BID,"JPM,101176,182"
2019-06-28 13:19:00.000000000,BEST_ASK,"JPM,101365,178"
2019-06-28 13:19:00.000000000,LAST_TRADE,"4,$101365.0000"
2019-06-28 13:19:00.000000000,QUERY_SPREAD,78
2019-06-28 13:19:00.000000000,BEST_BID,"JPM,101176,182"
2019-06-28 13:19:00.000000000,BEST_ASK,"JPM,101365,170"
2019-06-28 13:19:00.000000000,LAST_TRADE,"8,$101365.0000"
2019-06-28 13:19:00.000000000,QUERY_SPREAD,79
2019-06-28 13:19:00.000000000,BEST_BID,"JPM,101176,182"
2019-06-28 13:19:00.000000000,BEST_ASK,"JPM,101365,169"
2019-06-28 13:19:00.000000000,LAST_TRADE,"1,$101365.0000"
2019-06-28 13:19:00.000000000,QUERY_SPREAD,80
2019-06-28 13:19:00.000000000,BEST_BID,"JPM,101176,182"
2019-06-28 13:19:00.000000000,BEST_ASK,"JPM,101365,164"
2019-06-28 13:19:00.000000000,LAST_TRADE,"5,$101365.0000"
2019-06-28 13:19:00.000000000,QUERY_SPREAD,81
2019-06-28 13:19:00.000000000,BEST_BID,"JPM,101176,182"
2019-06-28 13:19:00.000000000,BEST_ASK,"JPM,101365,159"
2019-06-28 13:19:00.000000000,LAST_TRADE,"5,$101365.0000"
2019-06-28 13:19:00.000000000,QUERY_SPREAD,82
2019-06-28 13:19:00.000000000,BEST_BID,"JPM,101176,182"
2019-06-28 13:19:00.000000000,BEST_ASK,"JPM,101365,153"
2019-06-28 13:19:00.000000000,LAST_TRADE,"6,$101365.0000"
2019-06-28 13:19:00.000000000,QUERY_SPREAD,83
2019-06-28 13:19:00.000000000,BEST_BID,"JPM,101176,182"
2019-06-28 13:19:00.000000000,BEST_ASK,"JPM,101365,149"
2019-06-28 13:19:00.000000000,LAST_TRADE,"4,$101365.0000"
2019-06-28 13:19:00.000000000,QUERY_SPREAD,84
2019-06-28 13:19:00.000000000,BEST_BID,"JPM,101176,182"
2019-06-28 13:19:00.000000000,BEST_ASK,"JPM,101365,144"
2019-06-28 13:19:00.000000000,LAST_TRADE,"5,$101365.0000"
2019-06-28 13:19:00.000000000,QUERY_SPREAD,85
2019-06-28 13:19:00.000000000,BEST_BID,"JPM,101176,182"
2019-06-28 13:19:00.000000000,BEST_ASK,"JPM,101365,139"
2019-06-28 13:19:00.000000000,LAST_TRADE,"5,$101365.0000"
2019-06-28 13:19:00.000000000,QUERY_SPREAD,86
2019-06-28 13:19:00.000000000,BEST_BID,"JPM,101176,182"
2019-06-28 13:19:00.000000000,BEST_ASK,"JPM,101365,130"
2019-06-28 13:19:00.000000000,LAST_TRADE,"9,$101365.0000"
2019-06-28 13:19:00.000000000,QUERY_SPREAD,87
2019-06-28 13:19:00.000000000,BEST_BID,"JPM,101176,182"
2019-06-28 13:19:00.000000000,BEST_ASK,"JPM,101365,128"
2019-06-28 13:19:00.000000000,LAST_TRADE,"2,$101365.0000"
2019-06-28 13:19:00.000000000,QUERY_SPREAD,88
2019-06-28 13:19:00.000000000,BEST_BID,"JPM,101176,182"
2019-06-28 13:19:00.000000000,BEST_ASK,"JPM,101365,120"
2019-06-28 13:19:00.000000000,LAST_TRADE,"8,$101365.0000"
2019-06-28 13:19:00.000000000,QUERY_SPREAD,89
2019-06-28 13:19:00.000000000,BEST_BID,"JPM,101176,182"
2019-06-28 13:19:00.000000000,BEST_ASK,"JPM,101365,113"
2019-06-28 13:19:00.000000000,LAST_TRADE,"7,$101365.0000"
2019-06-28 13:19:00.000000000,QUERY_SPREAD,90
2019-06-28 13:19:00.000000000,BEST_BID,"JPM,101176,182"
2019-06-28 13:19:00.000000000,BEST_ASK,"JPM,101365,107"
2019-06-28 13:19:00.000000000,LAST_TRADE,"6,$101365.0000"
2019-06-28 13:19:00.000000000,QUERY_SPREAD,91
2019-06-28 13:19:00.000000000,BEST_BID,"JPM,101176,182"
2019-06-28 13:19:00.000000000,BEST_ASK,"JPM,101365,102"
2019-06-28 13:19:00.000000000,LAST_TRADE,"5,$101365.0000"
2019-06-28 13:19:00.000000000,QUERY_SPREAD,92
2019-06-28 13:19:00.000000000,BEST_BID,"JPM,101176,182"
2019-06-28 13:19:00.000000000,BEST_ASK,"JPM,101365,101"
2019-06-28 13:19:00.000000000,LAST_TRADE,"1,$101365.0000"
2019-06-28 13:19:00.000000000,QUERY_SPREAD,93
2019-06-28 13:19:00.000000000,BEST_BID,"JPM,101176,182"
2019-06-28 13:19:00.000000000,BEST_ASK,"JPM,101365,99"
2019-06-28 13:19:00.000000000,LAST_TRADE,"2,$101365.0000"
2019-06-28 13:19:00.000000000,QUERY_SPREAD,94
2019-06-28 13:19:00.000000000,BEST_BID,"JPM,101176,182"
2019-06-28 13:19:00.000000000,BEST_ASK,"JPM,101365,97"
2019-06-28 13:19:00.000000000,LAST_TRADE,"2,$101365.0000"
2019-06-28 13:19:00.000000000,QUERY_SPREAD,95
2019-06-28 13:19:00.000000000,BEST_BID,"JPM,101176,182"
2019-06-28 13:19:00.000000000,BEST_ASK,"JPM,101365,90"
2019-06-28 13:19:00.000000000,LAST_TRADE,"7,$101365.0000"
2019-06-28 13:19:00.000000000,QUERY_SPREAD,96
2019-06-28 13:19:00.000000000,BEST_BID,"JPM,101176,182"
2019-06-28 13:19:00.000000000,BEST_ASK,"JPM,101365,83"
2019-06-28 13:19:00.000000000,LAST_TRADE,"7,$101365.0000"
2019-06-28 13:19:00.000000000,QUERY_SPREAD,97
2019-06-28 13:19:00.000000000,BEST_BID,"JPM,101176,182"
2019-06-28 13:19:00.000000000,BEST_ASK,"JPM,101365,77"
2019-06-28 13:19:00.000000000,LAST_TRADE,"6,$101365.0000"
2019-06-28 13:19:00.000000000,QUERY_SPREAD,98
2019-06-28 13:19:00.000000000,BEST_BID,"JPM,101176,182"
2019-06-28 13:19:00.000000000,BEST_ASK,"JPM,101365,73"
2019-06-28 13:19:00.000000000,LAST_TRADE,"4,$101365.0000"
2019-06-28 13:19:00.000000000,QUERY_SPREAD,99
2019-06-28 13:19:00.000000000,BEST_BID,"JPM,101176,182"
2019-06-28 13:19:00.000000000,BEST_ASK,"JPM,101365,71"
2019-06-28 13:19:00.000000000,LAST_TRADE,"2,$101365.0000"
2019-06-28 13:19:00.000000000,QUERY_SPREAD,100
2019-06-28 13:19:00.000000000,BEST_BID,"JPM,101176,182"
2019-06-28 13:19:00.000000000,BEST_ASK,"JPM,101365,65"
2019-06-28 13:19:00.000000000,LAST_TRADE,"6,$101365.0000"
2019-06-28 13:19:00.000000000,QUERY_SPREAD,101
2019-06-28 13:19:00.000000000,QUERY_ORDER_STREAM,101
2019-06-28 13:19:04.262291446,QUERY_SPREAD,11
2019-06-28 13:19:04.262291446,BEST_BID,"JPM,101176,82"
2019-06-28 13:19:04.262291446,BEST_ASK,"JPM,101365,65"
2019-06-28 13:19:04.262291446,LAST_TRADE,"100,$101176.0000"
2019-06-28 13:19:10.000000000,QUERY_SPREAD,1
2019-06-28 13:19:10.000000000,BEST_BID,"JPM,100987,166"
2019-06-28 13:19:10.000000000,BEST_ASK,"JPM,104179,8"
2019-06-28 13:19:10.000000000,BEST_BID,"JPM,100987,166"
2019-06-28 13:19:10.000000000,BEST_ASK,"JPM,104179,8"
2019-06-28 13:19:10.000000000,BEST_BID,"JPM,100987,166"
2019-06-28 13:19:10.000000000,BEST_ASK,"JPM,104179,8"
2019-06-28 13:19:10.000000000,BEST_BID,"JPM,100987,166"
2019-06-28 13:19:10.000000000,BEST_ASK,"JPM,104179,8"
2019-06-28 13:19:10.000000000,BEST_BID,"JPM,100987,166"
2019-06-28 13:19:10.000000000,BEST_ASK,"JPM,104179,8"
2019-06-28 13:19:10.000000000,BEST_BID,"JPM,100987,166"
2019-06-28 13:19:10.000000000,BEST_ASK,"JPM,104179,74"
2019-06-28 13:19:10.000000000,BEST_BID,"JPM,100987,166"
2019-06-28 13:19:10.000000000,BEST_ASK,"JPM,104179,74"
2019-06-28 13:19:14.471462333,QUERY_ORDER_STREAM,67
2019-06-28 13:19:14.471462333,QUERY_SPREAD,67
2019-06-28 13:19:18.728272281,QUERY_ORDER_STREAM,74
2019-06-28 13:19:18.728272281,QUERY_SPREAD,74
2019-06-28 13:19:18.728272281,BEST_BID,"JPM,100987,166"
2019-06-28 13:19:18.728272281,BEST_ASK,"JPM,101365,100"
2019-06-28 13:19:19.742017421,QUERY_ORDER_STREAM,54
2019-06-28 13:19:19.742017421,QUERY_SPREAD,54
2019-06-28 13:19:20.000000000,QUERY_SPREAD,1
2019-06-28 13:19:20.000000000,BEST_BID,"JPM,100987,182"
2019-06-28 13:19:20.000000000,BEST_ASK,"JPM,101365,100"
2019-06-28 13:19:20.000000000,BEST_BID,"JPM,100987,182"
2019-06-28 13:19:20.000000000,BEST_ASK,"JPM,101365,100"
2019-06-28 13:19:20.000000000,BEST_BID,"JPM,100987,182"
2019-06-28 13:19:20.000000000,BEST_ASK,"JPM,101365,100"
2019-06-28 13:19:20.000000000,BEST_BID,"JPM,100987,182"
2019-06-28 13:19:20.000000000,BEST_ASK,"JPM,101365,100"
2019-06-28 13:19:20.000000000,BEST_BID,"JPM,100987,182"
2019-06-28 13:19:20.000000000,BEST_ASK,"JPM,101365,182"
2019-06-28 13:19:20.000000000,BEST_BID,"JPM,100987,182"
2019-06-28 13:19:20.000000000,BEST_ASK,"JPM,101365,182"
2019-06-28 13:19:20.000000000,BEST_BID,"JPM,100987,182"
2019-06-28 13:19:20.000000000,BEST_ASK,"JPM,101365,182"
2019-06-28 13:19:25.671932600,QUERY_ORDER_STREAM,63
2019-06-28 13:19:25.671932600,QUERY_SPREAD,63
2019-06-28 13:19:25.671932600,BEST_BID,"JPM,100987,182"
2019-06-28 13:19:25.671932600,BEST_ASK,"JPM,101365,282"
2019-06-28 13:19:27.389835679,QUERY_SPREAD,31
2019-06-28 13:19:27.389835679,BEST_BID,"JPM,100987,82"
2019-06-28 13:19:27.389835679,BEST_ASK,"JPM,101365,282"
2019-06-28 13:19:27.389835679,LAST_TRADE,"100,$100987.0000"
2019-06-28 13:19:30.000000000,QUERY_SPREAD,1
2019-06-28 13:19:30.000000000,BEST_BID,"JPM,100943,182"
2019-06-28 13:19:30.000000000,BEST_ASK,"JPM,101365,200"
2019-06-28 13:19:30.000000000,BEST_BID,"JPM,100943,182"
2019-06-28 13:19:30.000000000,BEST_ASK,"JPM,101365,200"
2019-06-28 13:19:30.000000000,BEST_BID,"JPM,100943,182"
2019-06-28 13:19:30.000000000,BEST_ASK,"JPM,101365,200"
2019-06-28 13:19:30.000000000,BEST_BID,"JPM,100943,182"
2019-06-28 13:19:30.000000000,BEST_ASK,"JPM,101365,200"
2019-06-28 13:19:30.000000000,BEST_BID,"JPM,100943,182"
2019-06-28 13:19:30.000000000,BEST_ASK,"JPM,101365,282"
2019-06-28 13:19:30.000000000,BEST_BID,"JPM,100943,182"
2019-06-28 13:19:30.000000000,BEST_ASK,"JPM,101365,282"
2019-06-28 13:19:30.000000000,BEST_BID,"JPM,100943,182"
2019-06-28 13:19:30.000000000,BEST_ASK,"JPM,101365,282"
2019-06-28 13:19:40.000000000,QUERY_SPREAD,1
2019-06-28 13:19:40.000000000,BEST_BID,"JPM,100943,182"
2019-06-28 13:19:40.000000000,BEST_ASK,"JPM,101365,200"
2019-06-28 13:19:40.000000000,BEST_BID,"JPM,100943,182"
2019-06-28 13:19:40.000000000,BEST_ASK,"JPM,101365,200"
2019-06-28 13:19:40.000000000,BEST_BID,"JPM,100943,182"
2019-06-28 13:19:40.000000000,BEST_ASK,"JPM,101365,200"
2019-06-28 13:19:40.000000000,BEST_BID,"JPM,100943,182"
2019-06-28 13:19:40.000000000,BEST_ASK,"JPM,101365,200"
2019-06-28 13:19:40.000000000,BEST_BID,"JPM,100943,182"
2019-06-28 13:19:40.000000000,BEST_ASK,"JPM,101365,282"
2019-06-28 13:19:40.000000000,BEST_BID,"JPM,100943,182"
2019-06-28 13:19:40.000000000,BEST_ASK,"JPM,101365,282"
2019-06-28 13:19:40.000000000,BEST_BID,"JPM,100943,182"
2019-06-28 13:19:40.000000000,BEST_ASK,"JPM,101365,282"
2019-06-28 13:19:50.000000000,QUERY_SPREAD,1
2019-06-28 13:19:50.000000000,BEST_BID,"JPM,100943,428"
2019-06-28 13:19:50.000000000,BEST_ASK,"JPM,101365,200"
2019-06-28 13:19:50.000000000,BEST_BID,"JPM,100943,428"
2019-06-28 13:19:50.000000000,BEST_ASK,"JPM,101365,528"
2019-06-28 13:20:00.000000000,QUERY_SPREAD,1
2019-06-28 13:20:00.000000000,BEST_BID,"JPM,100943,212"
2019-06-28 13:20:00.000000000,BEST_ASK,"JPM,101365,200"
2019-06-28 13:20:00.000000000,BEST_BID,"JPM,100943,212"
2019-06-28 13:20:00.000000000,BEST_ASK,"JPM,101365,200"
2019-06-28 13:20:00.000000000,BEST_BID,"JPM,100943,212"
2019-06-28 13:20:00.000000000,BEST_ASK,"JPM,101365,200"
2019-06-28 13:20:00.000000000,BEST_BID,"JPM,100943,212"
2019-06-28 13:20:00.000000000,BEST_ASK,"JPM,101365,312"
2019-06-28 13:20:00.000000000,BEST_BID,"JPM,100943,212"
2019-06-28 13:20:00.000000000,BEST_ASK,"JPM,101365,312"
2019-06-28 13:20:00.000000000,BEST_BID,"JPM,100943,212"
2019-06-28 13:20:00.000000000,BEST_ASK,"JPM,101365,312"
2019-06-28 13:20:00.000000000,QUERY_SPREAD,77
2019-06-28 13:20:00.000000000,BEST_BID,"JPM,100943,212"
2019-06-28 13:20:00.000000000,BEST_ASK,"JPM,101365,308"
2019-06-28 13:20:00.000000000,LAST_TRADE,"4,$101365.0000"
2019-06-28 13:20:00.000000000,QUERY_SPREAD,78
2019-06-28 13:20:00.000000000,BEST_BID,"JPM,100943,212"
2019-06-28 13:20:00.000000000,BEST_ASK,"JPM,101365,300"
2019-06-28 13:20:00.000000000,LAST_TRADE,"8,$101365.0000"
2019-06-28 13:20:00.000000000,QUERY_SPREAD,79
2019-06-28 13:20:00.000000000,BEST_BID,"JPM,100943,212"
2019-06-28 13:20:00.000000000,BEST_ASK,"JPM,101365,299"
2019-06-28 13:20:00.000000000,LAST_TRADE,"1,$101365.0000"
2019-06-28 13:20:00.000000000,QUERY_SPREAD,80
2019-06-28 13:20:00.000000000,BEST_BID,"JPM,100943,212"
2019-06-28 13:20:00.000000000,BEST_ASK,"JPM,101365,294"
2019-06-28 13:20:00.000000000,LAST_TRADE,"5,$101365.0000"
2019-06-28 13:20:00.000000000,QUERY_SPREAD,81
2019-06-28 13:20:00.000000000,BEST_BID,"JPM,100943,212"
2019-06-28 13:20:00.000000000,BEST_ASK,"JPM,101365,289"
2019-06-28 13:20:00.000000000,LAST_TRADE,"5,$101365.0000"
2019-06-28 13:20:00.000000000,QUERY_SPREAD,82
2019-06-28 13:20:00.000000000,BEST_BID,"JPM,100943,212"
2019-06-28 13:20:00.000000000,BEST_ASK,"JPM,101365,283"
2019-06-28 13:20:00.000000000,LAST_TRADE,"6,$101365.0000"
2019-06-28 13:20:00.000000000,QUERY_SPREAD,83
2019-06-28 13:20:00.000000000,BEST_BID,"JPM,100943,212"
2019-06-28 13:20:00.000000000,BEST_ASK,"JPM,101365,279"
2019-06-28 13:20:00.000000000,LAST_TRADE,"4,$101365.0000"
2019-06-28 13:20:00.000000000,QUERY_SPREAD,84
2019-06-28 13:20:00.000000000,BEST_BID,"JPM,100943,212"
2019-06-28 13:20:00.000000000,BEST_ASK,"JPM,101365,274"
2019-06-28 13:20:00.000000000,LAST_TRADE,"5,$101365.0000"
2019-06-28 13:20:00.000000000,QUERY_SPREAD,85
2019-06-28 13:20:00.000000000,BEST_BID,"JPM,100943,212"
2019-06-28 13:20:00.000000000,BEST_ASK,"JPM,101365,269"
2019-06-28 13:20:00.000000000,LAST_TRADE,"5,$101365.0000"
2019-06-28 13:20:00.000000000,QUERY_SPREAD,86
2019-06-28 13:20:00.000000000,BEST_BID,"JPM,100943,212"
2019-06-28 13:20:00.000000000,BEST_ASK,"JPM,101365,260"
2019-06-28 13:20:00.000000000,LAST_TRADE,"9,$101365.0000"
2019-06-28 13:20:00.000000000,QUERY_SPREAD,87
2019-06-28 13:20:00.000000000,BEST_BID,"JPM,100943,212"
2019-06-28 13:20:00.000000000,BEST_ASK,"JPM,101365,258"
2019-06-28 13:20:00.000000000,LAST_TRADE,"2,$101365.0000"
2019-06-28 13:20:00.000000000,QUERY_SPREAD,88
2019-06-28 13:20:00.000000000,BEST_BID,"JPM,100943,212"
2019-06-28 13:20:00.000000000,BEST_ASK,"JPM,101365,250"
2019-06-28 13:20:00.000000000,LAST_TRADE,"8,$101365.0000"
2019-06-28 13:20:00.000000000,QUERY_SPREAD,89
2019-06-28 13:20:00.000000000,BEST_BID,"JPM,100943,212"
2019-06-28 13:20:00.000000000,BEST_ASK,"JPM,101365,243"
2019-06-28 13:20:00.000000000,LAST_TRADE,"7,$101365.0000"
2019-06-28 13:20:00.000000000,QUERY_SPREAD,90
2019-06-28 13:20:00.000000000,BEST_BID,"JPM,100943,212"
2019-06-28 13:20:00.000000000,BEST_ASK,"JPM,101365,237"
2019-06-28 13:20:00.000000000,LAST_TRADE,"6,$101365.0000"
2019-06-28 13:20:00.000000000,QUERY_SPREAD,91
2019-06-28 13:20:00.000000000,BEST_BID,"JPM,100943,212"
2019-06-28 13:20:00.000000000,BEST_ASK,"JPM,101365,232"
2019-06-28 13:20:00.000000000,LAST_TRADE,"5,$101365.0000"
2019-06-28 13:20:00.000000000,QUERY_SPREAD,92
2019-06-28 13:20:00.000000000,BEST_BID,"JPM,100943,212"
2019-06-28 13:20:00.000000000,BEST_ASK,"JPM,101365,231"
2019-06-28 13:20:00.000000000,LAST_TRADE,"1,$101365.0000"
2019-06-28 13:20:00.000000000,QUERY_SPREAD,93
2019-06-28 13:20:00.000000000,BEST_BID,"JPM,100943,212"
2019-06-28 13:20:00.000000000,BEST_ASK,"JPM,101365,229"
2019-06-28 13:20:00.000000000,LAST_TRADE,"2,$101365.0000"
2019-06-28 13:20:00.000000000,QUERY_SPREAD,94
2019-06-28 13:20:00.000000000,BEST_BID,"JPM,100943,212"
2019-06-28 13:20:00.000000000,BEST_ASK,"JPM,101365,227"
2019-06-28 13:20:00.000000000,LAST_TRADE,"2,$101365.0000"
2019-06-28 13:20:00.000000000,QUERY_SPREAD,95
2019-06-28 13:20:00.000000000,BEST_BID,"JPM,100943,212"
2019-06-28 13:20:00.000000000,BEST_ASK,"JPM,101365,220"
2019-06-28 13:20:00.000000000,LAST_TRADE,"7,$101365.0000"
2019-06-28 13:20:00.000000000,QUERY_SPREAD,96
2019-06-28 13:20:00.000000000,BEST_BID,"JPM,100943,212"
2019-06-28 13:20:00.000000000,BEST_ASK,"JPM,101365,213"
2019-06-28 13:20:00.000000000,LAST_TRADE,"7,$101365.0000"
2019-06-28 13:20:00.000000000,QUERY_SPREAD,97
2019-06-28 13:20:00.000000000,BEST_BID,"JPM,100943,212"
2019-06-28 13:20:00.000000000,BEST_ASK,"JPM,101365,207"
2019-06-28 13:20:00.000000000,LAST_TRADE,"6,$101365.0000"
2019-06-28 13:20:00.000000000,QUERY_SPREAD,98
2019-06-28 13:20:00.000000000,BEST_BID,"JPM,100943,212"
2019-06-28 13:20:00.000000000,BEST_ASK,"JPM,101365,203"
2019-06-28 13:20:00.000000000,LAST_TRADE,"4,$101365.0000"
2019-06-28 13:20:00.000000000,QUERY_SPREAD,99
2019-06-28 13:20:00.000000000,BEST_BID,"JPM,100943,212"
2019-06-28 13:20:00.000000000,BEST_ASK,"JPM,101365,201"
2019-06-28 13:20:00.000000000,LAST_TRADE,"2,$101365.0000"
2019-06-28 13:20:00.000000000,QUERY_SPREAD,100
2019-06-28 13:20:00.000000000,BEST_BID,"JPM,100943,212"
2019-06-28 13:20:00.000000000,BEST_ASK,"JPM,101365,195"
2019-06-28 13:20:00.000000000,LAST_TRADE,"6,$101365.0000"
2019-06-28 13:20:00.000000000,QUERY_SPREAD,101
2019-06-28 13:20:00.000000000,QUERY_ORDER_STREAM,101
2019-06-28 13:20:10.000000000,QUERY_SPREAD,1
2019-06-28 13:20:10.000000000,BEST_BID,"JPM,100943,212"
2019-06-28 13:20:10.000000000,BEST_ASK,"JPM,101365,83"
2019-06-28 13:20:10.000000000,BEST_BID,"JPM,100943,212"
2019-06-28 13:20:10.000000000,BEST_ASK,"JPM,101365,83"
2019-06-28 13:20:10.000000000,BEST_BID,"JPM,100943,212"
2019-06-28 13:20:10.000000000,BEST_ASK,"JPM,101365,83"
2019-06-28 13:20:10.000000000,BEST_BID,"JPM,100943,212"
2019-06-28 13:20:10.000000000,BEST_ASK,"JPM,101365,195"
2019-06-28 13:20:10.000000000,BEST_BID,"JPM,100943,212"
2019-06-28 13:20:10.000000000,BEST_ASK,"JPM,101365,195"
2019-06-28 13:20:10.000000000,BEST_BID,"JPM,100943,212"
2019-06-28 13:20:10.000000000,BEST_ASK,"JPM,101365,195"
2019-06-28 13:20:20.000000000,QUERY_SPREAD,1
2019-06-28 13:20:20.000000000,BEST_BID,"JPM,100943,428"
2019-06-28 13:20:20.000000000,BEST_ASK,"JPM,101365,83"
2019-06-28 13:20:20.000000000,BEST_BID,"JPM,100943,428"
2019-06-28 13:20:20.000000000,BEST_ASK,"JPM,101365,411"
2019-06-28 13:20:21.307889895,QUERY_SPREAD,36
2019-06-28 13:20:21.307889895,BEST_BID,"JPM,100943,428"
2019-06-28 13:20:21.307889895,BEST_ASK,"JPM,101365,411"
2019-06-28 13:20:30.000000000,QUERY_SPREAD,1
2019-06-28 13:20:30.000000000,BEST_BID,"JPM,100943,166"
2019-06-28 13:20:30.000000000,BEST_ASK,"JPM,101365,83"
2019-06-28 13:20:30.000000000,BEST_BID,"JPM,100943,166"
2019-06-28 13:20:30.000000000,BEST_ASK,"JPM,101365,83"
2019-06-28 13:20:30.000000000,BEST_BID,"JPM,100943,166"
2019-06-28 13:20:30.000000000,BEST_ASK,"JPM,101365,83"
2019-06-28 13:20:30.000000000,BEST_BID,"JPM,100943,166"
2019-06-28 13:20:30.000000000,BEST_ASK,"JPM,101365,83"
2019-06-28 13:20:30.000000000,BEST_BID,"JPM,100943,166"
2019-06-28 13:20:30.000000000,BEST_ASK,"JPM,101365,83"
2019-06-28 13:20:30.000000000,BEST_BID,"JPM,100943,166"
2019-06-28 13:20:30.000000000,BEST_ASK,"JPM,101365,149"
2019-06-28 13:20:30.000000000,BEST_BID,"JPM,100943,166"
2019-06-28 13:20:30.000000000,BEST_ASK,"JPM,101365,149"
2019-06-28 13:20:30.000000000,BEST_BID,"JPM,100943,166"
2019-06-28 13:20:30.000000000,BEST_ASK,"JPM,101365,149"
2019-06-28 13:20:40.000000000,QUERY_SPREAD,1
2019-06-28 13:20:40.000000000,BEST_BID,"JPM,100943,166"
2019-06-28 13:20:40.000000000,BEST_ASK,"JPM,101365,83"
2019-06-28 13:20:40.000000000,BEST_BID,"JPM,100943,166"
2019-06-28 13:20:40.000000000,BEST_ASK,"JPM,101365,83"
2019-06-28 13:20:40.000000000,BEST_BID,"JPM,100943,166"
2019-06-28 13:20:40.000000000,BEST_ASK,"JPM,101365,83"
2019-06-28 13:20:40.000000000,BEST_BID,"JPM,100943,166"
2019-06-28 13:20:40.000000000,BEST_ASK,"JPM,101365,83"
2019-06-28 13:20:40.000000000,BEST_BID,"JPM,100943,166"
2019-06-28 13:20:40.000000000,BEST_ASK,"JPM,101365,83"
2019-06-28 13:20:40.000000000,BEST_BID,"JPM,100943,166"
2019-06-28 13:20:40.000000000,BEST_ASK,"JPM,101365,149"
2019-06-28 13:20:40.000000000,BEST_BID,"JPM,100943,166"
2019-06-28 13:20:40.000000000,BEST_ASK,"JPM,101365,149"
2019-06-28 13:20:40.000000000,BEST_BID,"JPM,100943,166"
2019-06-28 13:20:40.000000000,BEST_ASK,"JPM,101365,149"
2019-06-28 13:20:50.000000000,QUERY_SPREAD,1
2019-06-28 13:20:50.000000000,BEST_BID,"JPM,100943,212"
2019-06-28 13:20:50.000000000,BEST_ASK,"JPM,101365,83"
2019-06-28 13:20:50.000000000,BEST_BID,"JPM,100943,212"
2019-06-28 13:20:50.000000000,BEST_ASK,"JPM,101365,83"
2019-06-28 13:20:50.000000000,BEST_BID,"JPM,100943,212"
2019-06-28 13:20:50.000000000,BEST_ASK,"JPM,101365,83"
2019-06-28 13:20:50.000000000,BEST_BID,"JPM,100943,212"
2019-06-28 13:20:50.000000000,BEST_ASK,"JPM,101365,195"
2019-06-28 13:20:50.000000000,BEST_BID,"JPM,100943,212"
2019-06-28 13:20:50.000000000,BEST_ASK,"JPM,101365,195"
2019-06-28 13:20:50.000000000,BEST_BID,"JPM,100943,212"
2019-06-28 13:20:50.000000000,BEST_ASK,"JPM,101365,195"
2019-06-28 13:21:00.000000000,QUERY_SPREAD,1
2019-06-28 13:21:00.000000000,BEST_BID,"JPM,100943,166"
2019-06-28 13:21:00.000000000,BEST_ASK,"JPM,101365,83"
2019-06-28 13:21:00.000000000,BEST_BID,"JPM,100943,166"
2019-06-28 13:21:00.000000000,BEST_ASK,"JPM,101365,83"
2019-06-28 13:21:00.000000000,BEST_BID,"JPM,100943,166"
2019-06-28 13:21:00.000000000,BEST_ASK,"JPM,101365,83"
2019-06-28 13:21:00.000000000,BEST_BID,"JPM,100943,166"
2019-06-28 13:21:00.000000000,BEST_ASK,"JPM,101365,83"
2019-06-28 13:21:00.000000000,BEST_BID,"JPM,100943,166"
2019-06-28 13:21:00.000000000,BEST_ASK,"JPM,101365,83"
2019-06-28 13:21:00.000000000,BEST_BID,"JPM,100943,166"
2019-06-28 13:21:00.000000000,BEST_ASK,"JPM,101365,149"
2019-06-28 13:21:00.000000000,BEST_BID,"JPM,100943,166"
2019-06-28 13:21:00.000000000,BEST_ASK,"JPM,101365,149"
2019-06-28 13:21:00.000000000,BEST_BID,"JPM,100943,166"
2019-06-28 13:21:00.000000000,BEST_ASK,"JPM,101365,149"
2019-06-28 13:21:00.000000000,QUERY_SPREAD,77
2019-06-28 13:21:00.000000000,BEST_BID,"JPM,100943,166"
2019-06-28 13:21:00.000000000,BEST_ASK,"JPM,101365,145"
2019-06-28 13:21:00.000000000,LAST_TRADE,"4,$101365.0000"
2019-06-28 13:21:00.000000000,QUERY_SPREAD,78
2019-06-28 13:21:00.000000000,BEST_BID,"JPM,100943,166"
2019-06-28 13:21:00.000000000,BEST_ASK,"JPM,101365,137"
2019-06-28 13:21:00.000000000,LAST_TRADE,"8,$101365.0000"
2019-06-28 13:21:00.000000000,QUERY_SPREAD,79
2019-06-28 13:21:00.000000000,BEST_BID,"JPM,100943,166"
2019-06-28 13:21:00.000000000,BEST_ASK,"JPM,101365,136"
2019-06-28 13:21:00.000000000,LAST_TRADE,"1,$101365.0000"
2019-06-28 13:21:00.000000000,QUERY_SPREAD,80
2019-06-28 13:21:00.000000000,BEST_BID,"JPM,100943,166"
2019-06-28 13:21:00.000000000,BEST_ASK,"JPM,101365,131"
2019-06-28 13:21:00.000000000,LAST_TRADE,"5,$101365.0000"
2019-06-28 13:21:00.000000000,QUERY_SPREAD,81
2019-06-28 13:21:00.000000000,BEST_BID,"JPM,100943,166"
2019-06-28 13:21:00.000000000,BEST_ASK,"JPM,101365,126"
2019-06-28 13:21:00.000000000,LAST_TRADE,"5,$101365.0000"
2019-06-28 13:21:00.000000000,QUERY_SPREAD,82
2019-06-28 13:21:00.000000000,BEST_BID,"JPM,100943,166"
2019-06-28 13:21:00.000000000,BEST_ASK,"JPM,101365,120"
2019-06-28 13:21:00.000000000,LAST_TRADE,"6,$101365.0000"
2019-06-28 13:21:00.000000000,QUERY_SPREAD,83
2019-06-28 13:21:00.000000000,BEST_BID,"JPM,100943,166"
2019-06-28 13:21:00.000000000,BEST_ASK,"JPM,101365,116"
2019-06-28 13:21:00.000000000,LAST_TRADE,"4,$101365.0000"
2019-06-28 13:21:00.000000000,QUERY_SPREAD,84
2019-06-28 13:21:00.000000000,BEST_BID,"JPM,100943,166"
2019-06-28 13:21:00.000000000,BEST_ASK,"JPM,101365,111"
2019-06-28 13:21:00.000000000,LAST_TRADE,"5,$101365.0000"
2019-06-28 13:21:00.000000000,QUERY_SPREAD,85
2019-06-28 13:21:00.000000000,BEST_BID,"JPM,100943,166"
2019-06-28 13:21:00.000000000,BEST_ASK,"JPM,101365,106"
2019-06-28 13:21:00.000000000,LAST_TRADE,"5,$101365.0000"
2019-06-28 13:21:00.000000000,QUERY_SPREAD,86
2019-06-28 13:21:00.000000000,BEST_BID,"JPM,100943,166"
2019-06-28 13:21:00.000000000,BEST_ASK,"JPM,101365,97"
2019-06-28 13:21:00.000000000,LAST_TRADE,"9,$101365.0000"
2019-06-28 13:21:00.000000000,QUERY_SPREAD,87
2019-06-28 13:21:00.000000000,BEST_BID,"JPM,100943,166"
2019-06-28 13:21:00.000000000,BEST_ASK,"JPM,101365,95"
2019-06-28 13:21:00.000000000,LAST_TRADE,"2,$101365.0000"
2019-06-28 13:21:00.000000000,QUERY_SPREAD,88
2019-06-28 13:21:00.000000000,BEST_BID,"JPM,100943,166"
2019-06-28 13:21:00.000000000,BEST_ASK,"JPM,101365,87"
2019-06-28 13:21:00.000000000,LAST_TRADE,"8,$101365.0000"
2019-06-28 13:21:00.000000000,QUERY_SPREAD,89
2019-06-28 13:21:00.000000000,BEST_BID,"JPM,100943,166"
2019-06-28 13:21:00.000000000,BEST_ASK,"JPM,101365,80"
2019-06-28 13:21:00.000000000,LAST_TRADE,"7,$101365.0000"
2019-06-28 13:21:00.000000000,QUERY_SPREAD,90
2019-06-28 13:21:00.000000000,BEST_BID,"JPM,100943,166"
2019-06-28 13:21:00.000000000,BEST_ASK,"JPM,101365,74"
2019-06-28 13:21:00.000000000,LAST_TRADE,"6,$101365.0000"
2019-06-28 13:21:00.000000000,QUERY_SPREAD,91
2019-06-28 13:21:00.000000000,BEST_BID,"JPM,100943,166"
2019-06-28 13:21:00.000000000,BEST_ASK,"JPM,101365,69"
2019-06-28 13:21:00.000000000,LAST_TRADE,"5,$101365.0000"
2019-06-28 13:21:00.000000000,QUERY_SPREAD,92
2019-06-28 13:21:00.000000000,BEST_BID,"JPM,100943,166"
2019-06-28 13:21:00.000000000,BEST_ASK,"JPM,101365,68"
2019-06-28 13:21:00.000000000,LAST_TRADE,"1,$101365.0000"
2019-06-28 13:21:00.000000000,QUERY_SPREAD,93
2019-06-28 13:21:00.000000000,BEST_BID,"JPM,100943,166"
2019-06-28 13:21:00.000000000,BEST_ASK,"JPM,101365,66"
2019-06-28 13:21:00.000000000,LAST_TRADE,"2,$101365.0000"
2019-06-28 13:21:00.000000000,QUERY_SPREAD,94
2019-06-28 13:21:00.000000000,BEST_BID,"JPM,100943,166"
2019-06-28 13:21:00.000000000,BEST_ASK,"JPM,101365,64"
2019-06-28 13:21:00.000000000,LAST_TRADE,"2,$101365.0000"
2019-06-28 13:21:00.000000000,QUERY_SPREAD,95
2019-06-28 13:21:00.000000000,BEST_BID,"JPM,100943,166"
2019-06-28 13:21:00.000000000,BEST_ASK,"JPM,101365,57"
2019-06-28 13:21:00.000000000,LAST_TRADE,"7,$101365.0000"
2019-06-28 13:21:00.000000000,QUERY_SPREAD,96
2019-06-28 13:21:00.000000000,BEST_BID,"JPM,100943,166"
2019-06-28 13:21:00.000000000,BEST_ASK,"JPM,101365,50"
2019-06-28 13:21:00.000000000,LAST_TRADE,"7,$101365.0000"
2019-06-28 13:21:00.000000000,QUERY_SPREAD,97
2019-06-28 13:21:00.000000000,BEST_BID,"JPM,100943,166"
2019-06-28 13:21:00.000000000,BEST_ASK,"JPM,101365,44"
2019-06-28 13:21:00.000000000,LAST_TRADE,"6,$101365.0000"
2019-06-28 13:21:00.000000000,QUERY_SPREAD,98
2019-06-28 13:21:00.000000000,BEST_BID,"JPM,100943,166"
2019-06-28 13:21:00.000000000,BEST_ASK,"JPM,101365,40"
2019-06-28 13:21:00.000000000,LAST_TRADE,"4,$101365.0000"
2019-06-28 13:21:00.000000000,QUERY_SPREAD,99
2019-06-28 13:21:00.000000000,BEST_BID,"JPM,100943,166"
2019-06-28 13:21:00.000000000,BEST_ASK,"JPM,101365,38"
2019-06-28 13:21:00.000000000,LAST_TRADE,"2,$101365.0000"
2019-06-28 13:21:00.000000000,QUERY_SPREAD,100
2019-06-28 13:21:00.000000000,BEST_BID,"JPM,100943,166"
2019-06-28 13:21:00.000000000,BEST_ASK,"JPM,101365,32"
2019-06-28 13:21:00.000000000,LAST_TRADE,"6,$101365.0000"
2019-06-28 13:21:00.000000000,QUERY_SPREAD,101
2019-06-28 13:21:00.000000000,QUERY_ORDER_STREAM,101
2019-06-28 13:21:00.015058222,QUERY_SPREAD,43
2019-06-28 13:21:00.015058222,BEST_BID,"JPM,100943,66"
2019-06-28 13:21:00.015058222,BEST_ASK,"JPM,101365,32"
2019-06-28 13:21:00.015058222,LAST_TRADE,"100,$100943.0000"
2019-06-28 13:21:09.473101035,QUERY_SPREAD,2
2019-06-28 13:21:09.473101035,BEST_BID,"JPM,100943,66"
2019-06-28 13:21:09.473101035,BEST_ASK,"JPM,101365,32"
2019-06-28 13:21:10.000000000,QUERY_SPREAD,1
2019-06-28 13:21:10.000000000,BEST_BID,"JPM,100932,182"
2019-06-28 13:21:10.000000000,BEST_ASK,"JPM,104179,8"
2019-06-28 13:21:10.000000000,BEST_BID,"JPM,100932,182"
2019-06-28 13:21:10.000000000,BEST_ASK,"JPM,104179,8"
2019-06-28 13:21:10.000000000,BEST_BID,"JPM,100932,182"
2019-06-28 13:21:10.000000000,BEST_ASK,"JPM,104179,8"
2019-06-28 13:21:10.000000000,BEST_BID,"JPM,100932,182"
2019-06-28 13:21:10.000000000,BEST_ASK,"JPM,104179,8"
2019-06-28 13:21:10.000000000,BEST_BID,"JPM,100932,182"
2019-06-28 13:21:10.000000000,BEST_ASK,"JPM,104179,90"
2019-06-28 13:21:10.000000000,BEST_BID,"JPM,100932,182"
2019-06-28 13:21:10.000000000,BEST_ASK,"JPM,104179,90"
2019-06-28 13:21:16.539682146,QUERY_SPREAD,17
2019-06-28 13:21:16.539682146,BEST_BID,"JPM,100932,82"
2019-06-28 13:21:16.539682146,BEST_ASK,"JPM,104179,90"
2019-06-28 13:21:16.539682146,LAST_TRADE,"100,$100932.0000"
2019-06-28 13:21:20.000000000,QUERY_SPREAD,1
2019-06-28 13:21:20.000000000,BEST_BID,"JPM,100768,166"
2019-06-28 13:21:20.000000000,BEST_ASK,"JPM,104179,8"
2019-06-28 13:21:20.000000000,BEST_BID,"JPM,100768,166"
2019-06-28 13:21:20.000000000,BEST_ASK,"JPM,104179,8"
2019-06-28 13:21:20.000000000,BEST_BID,"JPM,100768,166"
2019-06-28 13:21:20.000000000,BEST_ASK,"JPM,104179,8"
2019-06-28 13:21:20.000000000,BEST_BID,"JPM,100768,166"
2019-06-28 13:21:20.000000000,BEST_ASK,"JPM,104179,8"
2019-06-28 13:21:20.000000000,BEST_BID,"JPM,100768,166"
2019-06-28 13:21:20.000000000,BEST_ASK,"JPM,104179,8"
2019-06-28 13:21:20.000000000,BEST_BID,"JPM,100768,166"
2019-06-28 13:21:20.000000000,BEST_ASK,"JPM,104179,74"
2019-06-28 13:21:20.000000000,BEST_BID,"JPM,100768,166"
2019-06-28 13:21:20.000000000,BEST_ASK,"JPM,104179,74"
2019-06-28 13:21:22.916920974,QUERY_SPREAD,49
2019-06-28 13:21:22.916920974,BEST_BID,"JPM,100768,66"
2019-06-28 13:21:22.916920974,BEST_ASK,"JPM,104179,74"
2019-06-28 13:21:22.916920974,LAST_TRADE,"100,$100768.0000"
2019-06-28 13:21:30.000000000,QUERY_SPREAD,1
2019-06-28 13:21:30.000000000,BEST_BID,"JPM,100735,190"
2019-06-28 13:21:30.000000000,BEST_ASK,"JPM,104179,8"
2019-06-28 13:21:30.000000000,BEST_BID,"JPM,100735,190"
2019-06-28 13:21:30.000000000,BEST_ASK,"JPM,104179,8"
2019-06-28 13:21:30.000000000,BEST_BID,"JPM,100735,190"
2019-06-28 13:21:30.000000000,BEST_ASK,"JPM,104179,172"
2019-06-28 13:21:30.000000000,BEST_BID,"JPM,100735,190"
2019-06-28 13:21:30.000000000,BEST_ASK,"JPM,104179,172"
2019-06-28 13:21:40.000000000,QUERY_SPREAD,1
2019-06-28 13:21:40.000000000,BEST_BID,"JPM,100735,354"
2019-06-28 13:21:40.000000000,BEST_ASK,"JPM,104179,8"
2019-06-28 13:21:40.000000000,BEST_BID,"JPM,100735,354"
2019-06-28 13:21:40.000000000,BEST_ASK,"JPM,104179,336"
2019-06-28 13:21:50.000000000,QUERY_SPREAD,1
2019-06-28 13:21:50.000000000,BEST_BID,"JPM,100735,354"
2019-06-28 13:21:50.000000000,BEST_ASK,"JPM,104179,8"
2019-06-28 13:21:50.000000000,BEST_BID,"JPM,100735,354"
2019-06-28 13:21:50.000000000,BEST_ASK,"JPM,104179,336"
2019-06-28 13:21:59.281738801,QUERY_SPREAD,10
2019-06-28 13:21:59.281738801,BEST_BID,"JPM,100735,354"
2019-06-28 13:21:59.281738801,BEST_ASK,"JPM,104179,336"
2019-06-28 13:22:00.000000000,QUERY_SPREAD,1
2019-06-28 13:22:00.000000000,BEST_BID,"JPM,100735,92"
2019-06-28 13:22:00.000000000,BEST_ASK,"JPM,104179,8"
2019-06-28 13:22:00.000000000,BEST_BID,"JPM,100735,92"
2019-06-28 13:22:00.000000000,BEST_ASK,"JPM,104179,8"
2019-06-28 13:22:00.000000000,BEST_BID,"JPM,100735,92"
2019-06-28 13:22:00.000000000,BEST_ASK,"JPM,104179,8"
2019-06-28 13:22:00.000000000,BEST_BID,"JPM,100735,92"
2019-06-28 13:22:00.000000000,BEST_ASK,"JPM,104179,8"
2019-06-28 13:22:00.000000000,BEST_BID,"JPM,100735,92"
2019-06-28 13:22:00.000000000,BEST_ASK,"JPM,104179,8"
2019-06-28 13:22:00.000000000,BEST_BID,"JPM,100735,92"
2019-06-28 13:22:00.000000000,BEST_ASK,"JPM,104179,74"
2019-06-28 13:22:00.000000000,BEST_BID,"JPM,100735,92"
2019-06-28 13:22:00.000000000,BEST_ASK,"JPM,104179,74"
2019-06-28 13:22:00.000000000,QUERY_SPREAD,77
2019-06-28 13:22:00.000000000,BEST_BID,"JPM,100735,92"
2019-06-28 13:22:00.000000000,BEST_ASK,"JPM,104179,70"
2019-06-28 13:22:00.000000000,LAST_TRADE,"4,$104179.0000"
2019-06-28 13:22:00.000000000,QUERY_SPREAD,78
2019-06-28 13:22:00.000000000,BEST_BID,"JPM,100735,92"
2019-06-28 13:22:00.000000000,BEST_ASK,"JPM,104179,62"
2019-06-28 13:22:00.000000000,LAST_TRADE,"8,$104179.0000"
2019-06-28 13:22:00.000000000,QUERY_SPREAD,79
2019-06-28 13:22:00.000000000,BEST_BID,"JPM,100735,92"
2019-06-28 13:22:00.000000000,BEST_ASK,"JPM,104179,61"
2019-06-28 13:22:00.000000000,LAST_TRADE,"1,$104179.0000"
2019-06-28 13:22:00.000000000,QUERY_SPREAD,80
2019-06-28 13:22:00.000000000,BEST_BID,"JPM,100735,92"
2019-06-28 13:22:00.000000000,BEST_ASK,"JPM,104179,56"
2019-06-28 13:22:00.000000000,LAST_TRADE,"5,$104179.0000"
2019-06-28 13:22:00.000000000,QUERY_SPREAD,81
2019-06-28 13:22:00.000000000,BEST_BID,"JPM,100735,92"
2019-06-28 13:22:00.000000000,BEST_ASK,"JPM,104179,51"
2019-06-28 13:22:00.000000000,LAST_TRADE,"5,$104179.0000"
2019-06-28 13:22:00.000000000,QUERY_SPREAD,82
2019-06-28 13:22:00.000000000,BEST_BID,"JPM,100735,92"
2019-06-28 13:22:00.000000000,BEST_ASK,"JPM,104179,45"
2019-06-28 13:22:00.000000000,LAST_TRADE,"6,$104179.0000"
2019-06-28 13:22:00.000000000,QUERY_SPREAD,83
2019-06-28 13:22:00.000000000,BEST_BID,"JPM,100735,92"
2019-06-28 13:22:00.000000000,BEST_ASK,"JPM,104179,41"
2019-06-28 13:22:00.000000000,LAST_TRADE,"4,$104179.0000"
2019-06-28 13:22:00.000000000,QUERY_SPREAD,84
2019-06-28 13:22:00.000000000,BEST_BID,"JPM,100735,92"
2019-06-28 13:22:00.000000000,BEST_ASK,"JPM,104179,36"
2019-06-28 13:22:00.000000000,LAST_TRADE,"5,$104179.0000"
2019-06-28 13:22:00.000000000,QUERY_SPREAD,85
2019-06-28 13:22:00.000000000,BEST_BID,"JPM,100735,92"
2019-06-28 13:22:00.000000000,BEST_ASK,"JPM,104179,31"
2019-06-28 13:22:00.000000000,LAST_TRADE,"5,$104179.0000"
2019-06-28 13:22:00.000000000,QUERY_SPREAD,86
2019-06-28 13:22:00.000000000,BEST_BID,"JPM,100735,92"
2019-06-28 13:22:00.000000000,BEST_ASK,"JPM,104179,22"
2019-06-28 13:22:00.000000000,LAST_TRADE,"9,$104179.0000"
2019-06-28 13:22:00.000000000,QUERY_SPREAD,87
2019-06-28 13:22:00.000000000,BEST_BID,"JPM,100735,92"
2019-06-28 13:22:00.000000000,BEST_ASK,"JPM,104179,20"
2019-06-28 13:22:00.000000000,LAST_TRADE,"2,$104179.0000"
2019-06-28 13:22:00.000000000,QUERY_SPREAD,88
2019-06-28 13:22:00.000000000,BEST_BID,"JPM,100735,92"
2019-06-28 13:22:00.000000000,BEST_ASK,"JPM,104179,12"
2019-06-28 13:22:00.000000000,LAST_TRADE,"8,$104179.0000"
2019-06-28 13:22:00.000000000,QUERY_SPREAD,89
2019-06-28 13:22:00.000000000,BEST_BID,"JPM,100735,92"
2019-06-28 13:22:00.000000000,BEST_ASK,"JPM,104179,5"
2019-06-28 13:22:00.000000000,LAST_TRADE,"7,$104179.0000"
2019-06-28 13:22:00.000000000,QUERY_SPREAD,90
2019-06-28 13:22:00.000000000,BEST_BID,"JPM,104179,1"
2019-06-28 13:22:00.000000000,BEST_ASK,"JPM,104180,66"
2019-06-28 13:22:00.000000000,LAST_TRADE,"5,$104179.0000"
2019-06-28 13:22:00.000000000,QUERY_SPREAD,91
2019-06-28 13:22:00.000000000,BEST_BID,"JPM,104179,1"
2019-06-28 13:22:00.000000000,BEST_ASK,"JPM,104180,61"
2019-06-28 13:22:00.000000000,LAST_TRADE,"5,$104180.0000"
2019-06-28 13:22:00.000000000,QUERY_SPREAD,92
2019-06-28 13:22:00.000000000,BEST_BID,"JPM,104179,1"
2019-06-28 13:22:00.000000000,BEST_ASK,"JPM,104180,60"
2019-06-28 13:22:00.000000000,LAST_TRADE,"1,$104180.0000"
2019-06-28 13:22:00.000000000,QUERY_SPREAD,93
2019-06-28 13:22:00.000000000,BEST_BID,"JPM,104179,1"
2019-06-28 13:22:00.000000000,BEST_ASK,"JPM,104180,58"
2019-06-28 13:22:00.000000000,LAST_TRADE,"2,$104180.0000"
2019-06-28 13:22:00.000000000,QUERY_SPREAD,94
2019-06-28 13:22:00.000000000,BEST_BID,"JPM,104179,1"
2019-06-28 13:22:00.000000000,BEST_ASK,"JPM,104180,56"
2019-06-28 13:22:00.000000000,LAST_TRADE,"2,$104180.0000"
2019-06-28 13:22:00.000000000,QUERY_SPREAD,95
2019-06-28 13:22:00.000000000,BEST_BID,"JPM,104179,1"
2019-06-28 13:22:00.000000000,BEST_ASK,"JPM,104180,49"
2019-06-28 13:22:00.000000000,LAST_TRADE,"7,$104180.0000"
2019-06-28 13:22:00.000000000,QUERY_SPREAD,96
2019-06-28 13:22:00.000000000,BEST_BID,"JPM,104179,1"
2019-06-28 13:22:00.000000000,BEST_ASK,"JPM,104180,42"
2019-06-28 13:22:00.000000000,LAST_TRADE,"7,$104180.0000"
2019-06-28 13:22:00.000000000,QUERY_SPREAD,97
2019-06-28 13:22:00.000000000,BEST_BID,"JPM,104179,1"
2019-06-28 13:22:00.000000000,BEST_ASK,"JPM,104180,36"
2019-06-28 13:22:00.000000000,LAST_TRADE,"6,$104180.0000"
2019-06-28 13:22:00.000000000,QUERY_SPREAD,98
2019-06-28 13:22:00.000000000,BEST_BID,"JPM,104179,1"
2019-06-28 13:22:00.000000000,BEST_ASK,"JPM,104180,32"
2019-06-28 13:22:00.000000000,LAST_TRADE,"4,$104180.0000"
2019-06-28 13:22:00.000000000,QUERY_SPREAD,99
2019-06-28 13:22:00.000000000,BEST_BID,"JPM,104179,1"
2019-06-28 13:22:00.000000000,BEST_ASK,"JPM,104180,30"
2019-06-28 13:22:00.000000000,LAST_TRADE,"2,$104180.0000"
2019-06-28 13:22:00.000000000,QUERY_SPREAD,100
2019-06-28 13:22:00.000000000,BEST_BID,"JPM,104179,1"
2019-06-28 13:22:00.000000000,BEST_ASK,"JPM,104180,24"
2019-06-28 13:22:00.000000000,LAST_TRADE,"6,$104180.0000"
2019-06-28 13:22:00.000000000,QUERY_SPREAD,101
2019-06-28 13:22:00.000000000,QUERY_ORDER_STREAM,101
2019-06-28 13:22:00.000000000,BEST_BID,"JPM,104179,1"
2019-06-28 13:22:00.000000000,BEST_ASK,"JPM,104180,32"
2019-06-28 13:22:10.000000000,QUERY_SPREAD,1
2019-06-28 13:22:10.000000000,BEST_BID,"JPM,104179,83"
2019-06-28 13:22:10.000000000,BEST_ASK,"JPM,104180,8"
2019-06-28 13:22:10.000000000,BEST_BID,"JPM,104179,83"
2019-06-28 13:22:10.000000000,BEST_ASK,"JPM,104180,8"
2019-06-28 13:22:10.000000000,BEST_BID,"JPM,104179,83"
2019-06-28 13:22:10.000000000,BEST_ASK,"JPM,104180,8"
2019-06-28 13:22:10.000000000,BEST_BID,"JPM,104179,83"
2019-06-28 13:22:10.000000000,BEST_ASK,"JPM,104180,8"
2019-06-28 13:22:10.000000000,BEST_BID,"JPM,104179,83"
2019-06-28 13:22:10.000000000,BEST_ASK,"JPM,104180,90"
2019-06-28 13:22:10.000000000,BEST_BID,"JPM,104179,83"
2019-06-28 13:22:10.000000000,BEST_ASK,"JPM,104180,90"
2019-06-28 13:22:16.284001939,QUERY_SPREAD,40
2019-06-28 13:22:16.284001939,BEST_BID,"JPM,100735,108"
2019-06-28 13:22:16.284001939,BEST_ASK,"JPM,104179,17"
2019-06-28 13:22:16.284001939,LAST_TRADE,"83,$104179.0000"
2019-06-28 13:22:20.000000000,QUERY_SPREAD,1
2019-06-28 13:22:20.000000000,BEST_BID,"JPM,100735,190"
2019-06-28 13:22:20.000000000,BEST_ASK,"JPM,104179,17"
2019-06-28 13:22:20.000000000,BEST_BID,"JPM,100735,190"
2019-06-28 13:22:20.000000000,BEST_ASK,"JPM,104179,17"
2019-06-28 13:22:20.000000000,BEST_BID,"JPM,100735,190"
2019-06-28 13:22:20.000000000,BEST_ASK,"JPM,104179,181"
2019-06-28 13:22:20.000000000,BEST_BID,"JPM,100735,190"
2019-06-28 13:22:20.000000000,BEST_ASK,"JPM,104179,181"
2019-06-28 13:22:30.000000000,QUERY_SPREAD,1
2019-06-28 13:22:30.000000000,BEST_BID,"JPM,100735,108"
2019-06-28 13:22:30.000000000,BEST_ASK,"JPM,104179,17"
2019-06-28 13:22:30.000000000,BEST_BID,"JPM,100735,108"
2019-06-28 13:22:30.000000000,BEST_ASK,"JPM,104179,17"
2019-06-28 13:22:30.000000000,BEST_BID,"JPM,100735,108"
2019-06-28 13:22:30.000000000,BEST_ASK,"JPM,104179,17"
2019-06-28 13:22:30.000000000,BEST_BID,"JPM,100735,108"
2019-06-28 13:22:30.000000000,BEST_ASK,"JPM,104179,17"
2019-06-28 13:22:30.000000000,BEST_BID,"JPM,100735,108"
2019-06-28 13:22:30.000000000,BEST_ASK,"JPM,104179,99"
2019-06-28 13:22:30.000000000,BEST_BID,"JPM,100735,108"
2019-06-28 13:22:30.000000000,BEST_ASK,"JPM,104179,99"
2019-06-28 13:22:30.000000000,BEST_BID,"JPM,100735,108"
2019-06-28 13:22:30.000000000,BEST_ASK,"JPM,104179,99"
2019-06-28 13:22:31.848748311,QUERY_SPREAD,13
2019-06-28 13:22:31.848748311,BEST_BID,"JPM,100735,8"
2019-06-28 13:22:31.848748311,BEST_ASK,"JPM,104179,99"
2019-06-28 13:22:31.848748311,LAST_TRADE,"100,$100735.0000"
2019-06-28 13:22:39.527527617,QUERY_SPREAD,5
2019-06-28 13:22:39.527527617,BEST_BID,"JPM,100735,8"
2019-06-28 13:22:39.527527617,BEST_ASK,"JPM,104179,99"
2019-06-28 13:22:40.000000000,QUERY_SPREAD,1
2019-06-28 13:22:40.000000000,BEST_BID,"JPM,100578,264"
2019-06-28 13:22:40.000000000,BEST_ASK,"JPM,104179,17"
2019-06-28 13:22:40.000000000,BEST_BID,"JPM,100578,264"
2019-06-28 13:22:40.000000000,BEST_ASK,"JPM,104179,17"
2019-06-28 13:22:40.000000000,BEST_BID,"JPM,100578,264"
2019-06-28 13:22:40.000000000,BEST_ASK,"JPM,104179,181"
2019-06-28 13:22:40.000000000,BEST_BID,"JPM,100578,264"
2019-06-28 13:22:40.000000000,BEST_ASK,"JPM,104179,181"
2019-06-28 13:22:50.000000000,QUERY_SPREAD,1
2019-06-28 13:22:50.000000000,BEST_BID,"JPM,100578,212"
2019-06-28 13:22:50.000000000,BEST_ASK,"JPM,104179,17"
2019-06-28 13:22:50.000000000,BEST_BID,"JPM,100578,212"
2019-06-28 13:22:50.000000000,BEST_ASK,"JPM,104179,17"
2019-06-28 13:22:50.000000000,BEST_BID,"JPM,100578,212"
2019-06-28 13:22:50.000000000,BEST_ASK,"JPM,104179,17"
2019-06-28 13:22:50.000000000,BEST_BID,"JPM,100578,212"
2019-06-28 13:22:50.000000000,BEST_ASK,"JPM,104179,129"
2019-06-28 13:22:50.000000000,BEST_BID,"JPM,100578,212"
2019-06-28 13:22:50.000000000,BEST_ASK,"JPM,104179,129"
2019-06-28 13:22:50.000000000,BEST_BID,"JPM,100578,212"
2019-06-28 13:22:50.000000000,BEST_ASK,"JPM,104179,129"
2019-06-28 13:23:00.000000000,QUERY_SPREAD,1
2019-06-28 13:23:00.000000000,BEST_BID,"JPM,100578,428"
2019-06-28 13:23:00.000000000,BEST_ASK,"JPM,104179,17"
2019-06-28 13:23:00.000000000,BEST_BID,"JPM,100578,428"
2019-06-28 13:23:00.000000000,BEST_ASK,"JPM,104179,345"
2019-06-28 13:23:00.000000000,QUERY_SPREAD,77
2019-06-28 13:23:00.000000000,BEST_BID,"JPM,100578,428"
2019-06-28 13:23:00.000000000,BEST_ASK,"JPM,104179,341"
2019-06-28 13:23:00.000000000,LAST_TRADE,"4,$104179.0000"
2019-06-28 13:23:00.000000000,QUERY_SPREAD,78
2019-06-28 13:23:00.000000000,BEST_BID,"JPM,100578,428"
2019-06-28 13:23:00.000000000,BEST_ASK,"JPM,104179,333"
2019-06-28 13:23:00.000000000,LAST_TRADE,"8,$104179.0000"
2019-06-28 13:23:00.000000000,QUERY_SPREAD,79
2019-06-28 13:23:00.000000000,BEST_BID,"JPM,100578,428"
2019-06-28 13:23:00.000000000,BEST_ASK,"JPM,104179,332"
2019-06-28 13:23:00.000000000,LAST_TRADE,"1,$104179.0000"
2019-06-28 13:23:00.000000000,QUERY_SPREAD,80
2019-06-28 13:23:00.000000000,BEST_BID,"JPM,100578,428"
2019-06-28 13:23:00.000000000,BEST_ASK,"JPM,104179,327"
2019-06-28 13:23:00.000000000,LAST_TRADE,"5,$104179.0000"
2019-06-28 13:23:00.000000000,QUERY_SPREAD,81
2019-06-28 13:23:00.000000000,BEST_BID,"JPM,100578,428"
2019-06-28 13:23:00.000000000,BEST_ASK,"JPM,104179,322"
2019-06-28 13:23:00.000000000,LAST_TRADE,"5,$104179.0000"
2019-06-28 13:23:00.000000000,QUERY_SPREAD,82
2019-06-28 13:23:00.000000000,BEST_BID,"JPM,100578,428"
2019-06-28 13:23:00.000000000,BEST_ASK,"JPM,104179,316"
2019-06-28 13:23:00.000000000,LAST_TRADE,"6,$104179.0000"
2019-06-28 13:23:00.000000000,QUERY_SPREAD,83
2019-06-28 13:23:00.000000000,BEST_BID,"JPM,100578,428"
2019-06-28 13:23:00.000000000,BEST_ASK,"JPM,104179,312"
2019-06-28 13:23:00.000000000,LAST_TRADE,"4,$104179.0000"
2019-06-28 13:23:00.000000000,QUERY_SPREAD,84
2019-06-28 13:23:00.000000000,BEST_BID,"JPM,100578,428"
2019-06-28 13:23:00.000000000,BEST_ASK,"JPM,104179,307"
2019-06-28 13:23:00.000000000,LAST_TRADE,"5,$104179.0000"
2019-06-28 13:23:00.000000000,QUERY_SPREAD,85
2019-06-28 13:23:00.000000000,BEST_BID,"JPM,100578,428"
2019-06-28 13:23:00.000000000,BEST_ASK,"JPM,104179,302"
2019-06-28 13:23:00.000000000,LAST_TRADE,"5,$104179.0000"
2019-06-28 13:23:00.000000000,QUERY_SPREAD,86
2019-06-28 13:23:00.000000000,BEST_BID,"JPM,100578,428"
2019-06-28 13:23:00.000000000,BEST_ASK,"JPM,104179,293"
2019-06-28 13:23:00.000000000,LAST_TRADE,"9,$104179.0000"
2019-06-28 13:23:00.000000000,QUERY_SPREAD,87
2019-06-28 13:23:00.000000000,BEST_BID,"JPM,100578,428"
2019-06-28 13:23:00.000000000,BEST_ASK,"JPM,104179,291"
2019-06-28 13:23:00.000000000,LAST_TRADE,"2,$104179.0000"
2019-06-28 13:23:00.000000000,QUERY_SPREAD,88
2019-06-28 13:23:00.000000000,BEST_BID,"JPM,100578,428"
2019-06-28 13:23:00.000000000,BEST_ASK,"JPM,104179,283"
2019-06-28 13:23:00.000000000,LAST_TRADE,"8,$104179.0000"
2019-06-28 13:23:00.000000000,QUERY_SPREAD,89
2019-06-28 13:23:00.000000000,BEST_BID,"JPM,100578,428"
2019-06-28 13:23:00.000000000,BEST_ASK,"JPM,104179,276"
2019-06-28 13:23:00.000000000,LAST_TRADE,"7,$104179.0000"
2019-06-28 13:23:00.000000000,QUERY_SPREAD,90
2019-06-28 13:23:00.000000000,BEST_BID,"JPM,100578,428"
2019-06-28 13:23:00.000000000,BEST_ASK,"JPM,104179,270"
2019-06-28 13:23:00.000000000,LAST_TRADE,"6,$104179.0000"
2019-06-28 13:23:00.000000000,QUERY_SPREAD,91
2019-06-28 13:23:00.000000000,BEST_BID,"JPM,100578,428"
2019-06-28 13:23:00.000000000,BEST_ASK,"JPM,104179,265"
2019-06-28 13:23:00.000000000,LAST_TRADE,"5,$104179.0000"
2019-06-28 13:23:00.000000000,QUERY_SPREAD,92
2019-06-28 13:23:00.000000000,BEST_BID,"JPM,100578,428"
2019-06-28 13:23:00.000000000,BEST_ASK,"JPM,104179,264"
2019-06-28 13:23:00.000000000,LAST_TRADE,"1,$104179.0000"
2019-06-28 13:23:00.000000000,QUERY_SPREAD,93
2019-06-28 13:23:00.000000000,BEST_BID,"JPM,100578,428"
2019-06-28 13:23:00.000000000,BEST_ASK,"JPM,104179,262"
2019-06-28 13:23:00.000000000,LAST_TRADE,"2,$104179.0000"
2019-06-28 13:23:00.000000000,QUERY_SPREAD,94
2019-06-28 13:23:00.000000000,BEST_BID,"JPM,100578,428"
2019-06-28 13:23:00.000000000,BEST_ASK,"JPM,104179,260"
2019-06-28 13:23:00.000000000,LAST_TRADE,"2,$104179.0000"
2019-06-28 13:23:00.000000000,QUERY_SPREAD,95
2019-06-28 13:23:00.000000000,BEST_BID,"JPM,100578,428"
2019-06-28 13:23:00.000000000,BEST_ASK,"JPM,104179,253"
2019-06-28 13:23:00.000000000,LAST_TRADE,"7,$104179.0000"
2019-06-28 13:23:00.000000000,QUERY_SPREAD,96
2019-06-28 13:23:00.000000000,BEST_BID,"JPM,100578,428"
2019-06-28 13:23:00.000000000,BEST_ASK,"JPM,104179,246"
2019-06-28 13:23:00.000000000,LAST_TRADE,"7,$104179.0000"
2019-06-28 13:23:00.000000000,QUERY_SPREAD,97
2019-06-28 13:23:00.000000000,BEST_BID,"JPM,100578,428"
2019-06-28 13:23:00.000000000,BEST_ASK,"JPM,104179,240"
2019-06-28 13:23:00.000000000,LAST_TRADE,"6,$104179.0000"
2019-06-28 13:23:00.000000000,QUERY_SPREAD,98
2019-06-28 13:23:00.000000000,BEST_BID,"JPM,100578,428"
2019-06-28 13:23:00.000000000,BEST_ASK,"JPM,104179,236"
2019-06-28 13:23:00.000000000,LAST_TRADE,"4,$104179.0000"
2019-06-28 13:23:00.000000000,QUERY_SPREAD,99
2019-06-28 13:23:00.000000000,BEST_BID,"JPM,100578,428"
2019-06-28 13:23:00.000000000,BEST_ASK,"JPM,104179,234"
2019-06-28 13:23:00.000000000,LAST_TRADE,"2,$104179.0000"
2019-06-28 13:23:00.000000000,QUERY_SPREAD,100
2019-06-28 13:23:00.000000000,BEST_BID,"JPM,100578,428"
2019-06-28 13:23:00.000000000,BEST_ASK,"JPM,104179,228"
2019-06-28 13:23:00.000000000,LAST_TRADE,"6,$104179.0000"
2019-06-28 13:23:00.000000000,QUERY_SPREAD,101
2019-06-28 13:23:00.000000000,QUERY_ORDER_STREAM,101
2019-06-28 13:23:00.342674343,QUERY_SPREAD,36
2019-06-28 13:23:00.342674343,BEST_BID,"JPM,100704,100"
2019-06-28 13:23:00.342674343,BEST_ASK,"JPM,104179,228"
2019-06-28 13:23:10.000000000,QUERY_SPREAD,1
2019-06-28 13:23:10.000000000,BEST_BID,"JPM,100704,166"
2019-06-28 13:23:10.000000000,BEST_ASK,"JPM,104180,8"
2019-06-28 13:23:10.000000000,BEST_BID,"JPM,100704,166"
2019-06-28 13:23:10.000000000,BEST_ASK,"JPM,104180,8"
2019-06-28 13:23:10.000000000,BEST_BID,"JPM,100704,166"
2019-06-28 13:23:10.000000000,BEST_ASK,"JPM,104180,8"
2019-06-28 13:23:10.000000000,BEST_BID,"JPM,100704,166"
2019-06-28 13:23:10.000000000,BEST_ASK,"JPM,104180,8"
2019-06-28 13:23:10.000000000,BEST_BID,"JPM,100704,166"
2019-06-28 13:23:10.000000000,BEST_ASK,"JPM,104180,8"
2019-06-28 13:23:10.000000000,BEST_BID,"JPM,100704,166"
2019-06-28 13:23:10.000000000,BEST_ASK,"JPM,104180,74"
2019-06-28 13:23:10.000000000,BEST_BID,"JPM,100704,166"
2019-06-28 13:23:10.000000000,BEST_ASK,"JPM,104180,74"
2019-06-28 13:23:20.000000000,QUERY_SPREAD,1
2019-06-28 13:23:20.000000000,BEST_BID,"JPM,100704,182"
2019-06-28 13:23:20.000000000,BEST_ASK,"JPM,104180,8"
2019-06-28 13:23:20.000000000,BEST_BID,"JPM,100704,182"
2019-06-28 13:23:20.000000000,BEST_ASK,"JPM,104180,8"
2019-06-28 13:23:20.000000000,BEST_BID,"JPM,100704,182"
2019-06-28 13:23:20.000000000,BEST_ASK,"JPM,104180,8"
2019-06-28 13:23:20.000000000,BEST_BID,"JPM,100704,182"
2019-06-28 13:23:20.000000000,BEST_ASK,"JPM,104180,8"
2019-06-28 13:23:20.000000000,BEST_BID,"JPM,100704,182"
2019-06-28 13:23:20.000000000,BEST_ASK,"JPM,104180,90"
2019-06-28 13:23:20.000000000,BEST_BID,"JPM,100704,182"
2019-06-28 13:23:20.000000000,BEST_ASK,"JPM,104180,90"
2019-06-28 13:23:30.000000000,QUERY_SPREAD,1
2019-06-28 13:23:30.000000000,BEST_BID,"JPM,100704,166"
2019-06-28 13:23:30.000000000,BEST_ASK,"JPM,104180,8"
2019-06-28 13:23:30.000000000,BEST_BID,"JPM,100704,166"
2019-06-28 13:23:30.000000000,BEST_ASK,"JPM,104180,8"
2019-06-28 13:23:30.000000000,BEST_BID,"JPM,100704,166"
2019-06-28 13:23:30.000000000,BEST_ASK,"JPM,104180,8"
2019-06-28 13:23:30.000000000,BEST_BID,"JPM,100704,166"
2019-06-28 13:23:30.000000000,BEST_ASK,"JPM,104180,8"
2019-06-28 13:23:30.000000000,BEST_BID,"JPM,100704,166"
2019-06-28 13:23:30.000000000,BEST_ASK,"JPM,104180,8"
2019-06-28 13:23:30.000000000,BEST_BID,"JPM,100704,166"
2019-06-28 13:23:30.000000000,BEST_ASK,"JPM,104180,74"
2019-06-28 13:23:30.000000000,BEST_BID,"JPM,100704,166"
2019-06-28 13:23:30.000000000,BEST_ASK,"JPM,104180,74"
2019-06-28 13:23:38.789042210,QUERY_SPREAD,37
2019-06-28 13:23:38.789042210,BEST_BID,"JPM,101035,100"
2019-06-28 13:23:38.789042210,BEST_ASK,"JPM,104180,74"
2019-06-28 13:23:40.000000000,QUERY_SPREAD,1
2019-06-28 13:23:40.000000000,BEST_BID,"JPM,101035,428"
2019-06-28 13:23:40.000000000,BEST_ASK,"JPM,104180,8"
2019-06-28 13:23:40.000000000,BEST_BID,"JPM,101035,428"
2019-06-28 13:23:40.000000000,BEST_ASK,"JPM,104180,336"
2019-06-28 13:23:50.000000000,QUERY_SPREAD,1
2019-06-28 13:23:50.000000000,BEST_BID,"JPM,101035,166"
2019-06-28 13:23:50.000000000,BEST_ASK,"JPM,104180,8"
2019-06-28 13:23:50.000000000,BEST_BID,"JPM,101035,166"
2019-06-28 13:23:50.000000000,BEST_ASK,"JPM,104180,8"
2019-06-28 13:23:50.000000000,BEST_BID,"JPM,101035,166"
2019-06-28 13:23:50.000000000,BEST_ASK,"JPM,104180,8"
2019-06-28 13:23:50.000000000,BEST_BID,"JPM,101035,166"
2019-06-28 13:23:50.000000000,BEST_ASK,"JPM,104180,8"
2019-06-28 13:23:50.000000000,BEST_BID,"JPM,101035,166"
2019-06-28 13:23:50.000000000,BEST_ASK,"JPM,104180,8"
2019-06-28 13:23:50.000000000,BEST_BID,"JPM,101035,166"
2019-06-28 13:23:50.000000000,BEST_ASK,"JPM,104180,74"
2019-06-28 13:23:50.000000000,BEST_BID,"JPM,101035,166"
2019-06-28 13:23:50.000000000,BEST_ASK,"JPM,104180,74"
2019-06-28 13:24:00.000000000,QUERY_SPREAD,1
2019-06-28 13:24:00.000000000,BEST_BID,"JPM,101035,428"
2019-06-28 13:24:00.000000000,BEST_ASK,"JPM,104180,8"
2019-06-28 13:24:00.000000000,BEST_BID,"JPM,101035,428"
2019-06-28 13:24:00.000000000,BEST_ASK,"JPM,104180,336"
2019-06-28 13:24:00.000000000,QUERY_SPREAD,77
2019-06-28 13:24:00.000000000,BEST_BID,"JPM,101035,428"
2019-06-28 13:24:00.000000000,BEST_ASK,"JPM,104180,332"
2019-06-28 13:24:00.000000000,LAST_TRADE,"4,$104180.0000"
2019-06-28 13:24:00.000000000,QUERY_SPREAD,78
2019-06-28 13:24:00.000000000,BEST_BID,"JPM,101035,428"
2019-06-28 13:24:00.000000000,BEST_ASK,"JPM,104180,324"
2019-06-28 13:24:00.000000000,LAST_TRADE,"8,$104180.0000"
2019-06-28 13:24:00.000000000,QUERY_SPREAD,79
2019-06-28 13:24:00.000000000,BEST_BID,"JPM,101035,428"
2019-06-28 13:24:00.000000000,BEST_ASK,"JPM,104180,323"
2019-06-28 13:24:00.000000000,LAST_TRADE,"1,$104180.0000"
2019-06-28 13:24:00.000000000,QUERY_SPREAD,80
2019-06-28 13:24:00.000000000,BEST_BID,"JPM,101035,428"
2019-06-28 13:24:00.000000000,BEST_ASK,"JPM,104180,318"
2019-06-28 13:24:00.000000000,LAST_TRADE,"5,$104180.0000"
2019-06-28 13:24:00.000000000,QUERY_SPREAD,81
2019-06-28 13:24:00.000000000,BEST_BID,"JPM,101035,428"
2019-06-28 13:24:00.000000000,BEST_ASK,"JPM,104180,313"
2019-06-28 13:24:00.000000000,LAST_TRADE,"5,$104180.0000"
2019-06-28 13:24:00.000000000,QUERY_SPREAD,82
2019-06-28 13:24:00.000000000,BEST_BID,"JPM,101035,428"
2019-06-28 13:24:00.000000000,BEST_ASK,"JPM,104180,307"
2019-06-28 13:24:00.000000000,LAST_TRADE,"6,$104180.0000"
2019-06-28 13:24:00.000000000,QUERY_SPREAD,83
2019-06-28 13:24:00.000000000,BEST_BID,"JPM,101035,428"
2019-06-28 13:24:00.000000000,BEST_ASK,"JPM,104180,303"
2019-06-28 13:24:00.000000000,LAST_TRADE,"4,$104180.0000"
2019-06-28 13:24:00.000000000,QUERY_SPREAD,84
2019-06-28 13:24:00.000000000,BEST_BID,"JPM,101035,428"
2019-06-28 13:24:00.000000000,BEST_ASK,"JPM,104180,298"
2019-06-28 13:24:00.000000000,LAST_TRADE,"5,$104180.0000"
2019-06-28 13:24:00.000000000,QUERY_SPREAD,85
2019-06-28 13:24:00.000000000,BEST_BID,"JPM,101035,428"
2019-06-28 13:24:00.000000000,BEST_ASK,"JPM,104180,293"
2019-06-28 13:24:00.000000000,LAST_TRADE,"5,$104180.0000"
2019-06-28 13:24:00.000000000,QUERY_SPREAD,86
2019-06-28 13:24:00.000000000,BEST_BID,"JPM,101035,428"
2019-06-28 13:24:00.000000000,BEST_ASK,"JPM,104180,284"
2019-06-28 13:24:00.000000000,LAST_TRADE,"9,$104180.0000"
2019-06-28 13:24:00.000000000,QUERY_SPREAD,87
2019-06-28 13:24:00.000000000,BEST_BID,"JPM,101035,428"
2019-06-28 13:24:00.000000000,BEST_ASK,"JPM,104180,282"
2019-06-28 13:24:00.000000000,LAST_TRADE,"2,$104180.0000"
2019-06-28 13:24:00.000000000,QUERY_SPREAD,88
2019-06-28 13:24:00.000000000,BEST_BID,"JPM,101035,428"
2019-06-28 13:24:00.000000000,BEST_ASK,"JPM,104180,274"
2019-06-28 13:24:00.000000000,LAST_TRADE,"8,$104180.0000"
2019-06-28 13:24:00.000000000,QUERY_SPREAD,89
2019-06-28 13:24:00.000000000,BEST_BID,"JPM,101035,428"
2019-06-28 13:24:00.000000000,BEST_ASK,"JPM,104180,267"
2019-06-28 13:24:00.000000000,LAST_TRADE,"7,$104180.0000"
2019-06-28 13:24:00.000000000,QUERY_SPREAD,90
2019-06-28 13:24:00.000000000,BEST_BID,"JPM,101035,428"
2019-06-28 13:24:00.000000000,BEST_ASK,"JPM,104180,261"
2019-06-28 13:24:00.000000000,LAST_TRADE,"6,$104180.0000"
2019-06-28 13:24:00.000000000,QUERY_SPREAD,91
2019-06-28 13:24:00.000000000,BEST_BID,"JPM,101035,428"
2019-06-28 13:24:00.000000000,BEST_ASK,"JPM,104180,256"
2019-06-28 13:24:00.000000000,LAST_TRADE,"5,$104180.0000"
2019-06-28 13:24:00.000000000,QUERY_SPREAD,92
2019-06-28 13:24:00.000000000,BEST_BID,"JPM,101035,428"
2019-06-28 13:24:00.000000000,BEST_ASK,"JPM,104180,255"
2019-06-28 13:24:00.000000000,LAST_TRADE,"1,$104180.0000"
2019-06-28 13:24:00.000000000,QUERY_SPREAD,93
2019-06-28 13:24:00.000000000,BEST_BID,"JPM,101035,428"
2019-06-28 13:24:00.000000000,BEST_ASK,"JPM,104180,253"
2019-06-28 13:24:00.000000000,LAST_TRADE,"2,$104180.0000"
2019-06-28 13:24:00.000000000,QUERY_SPREAD,94
2019-06-28 13:24:00.000000000,BEST_BID,"JPM,101035,428"
2019-06-28 13:24:00.000000000,BEST_ASK,"JPM,104180,251"
2019-06-28 13:24:00.000000000,LAST_TRADE,"2,$104180.0000"
2019-06-28 13:24:00.000000000,QUERY_SPREAD,95
2019-06-28 13:24:00.000000000,BEST_BID,"JPM,101035,428"
2019-06-28 13:24:00.000000000,BEST_ASK,"JPM,104180,244"
2019-06-28 13:24:00.000000000,LAST_TRADE,"7,$104180.0000"
2019-06-28 13:24:00.000000000,QUERY_SPREAD,96
2019-06-28 13:24:00.000000000,BEST_BID,"JPM,101035,428"
2019-06-28 13:24:00.000000000,BEST_ASK,"JPM,104180,237"
2019-06-28 13:24:00.000000000,LAST_TRADE,"7,$104180.0000"
2019-06-28 13:24:00.000000000,QUERY_SPREAD,97
2019-06-28 13:24:00.000000000,BEST_BID,"JPM,101035,428"
2019-06-28 13:24:00.000000000,BEST_ASK,"JPM,104180,231"
2019-06-28 13:24:00.000000000,LAST_TRADE,"6,$104180.0000"
2019-06-28 13:24:00.000000000,QUERY_SPREAD,98
2019-06-28 13:24:00.000000000,BEST_BID,"JPM,101035,428"
2019-06-28 13:24:00.000000000,BEST_ASK,"JPM,104180,227"
2019-06-28 13:24:00.000000000,LAST_TRADE,"4,$104180.0000"
2019-06-28 13:24:00.000000000,QUERY_SPREAD,99
2019-06-28 13:24:00.000000000,BEST_BID,"JPM,101035,428"
2019-06-28 13:24:00.000000000,BEST_ASK,"JPM,104180,225"
2019-06-28 13:24:00.000000000,LAST_TRADE,"2,$104180.0000"
2019-06-28 13:24:00.000000000,QUERY_SPREAD,100
2019-06-28 13:24:00.000000000,BEST_BID,"JPM,101035,428"
2019-06-28 13:24:00.000000000,BEST_ASK,"JPM,104180,219"
2019-06-28 13:24:00.000000000,LAST_TRADE,"6,$104180.0000"
2019-06-28 13:24:00.000000000,QUERY_SPREAD,101
2019-06-28 13:24:00.000000000,QUERY_ORDER_STREAM,101
2019-06-28 13:24:10.000000000,QUERY_SPREAD,1
2019-06-28 13:24:14.468664634,QUERY_SPREAD,41
2019-06-28 13:24:14.468664634,BEST_BID,"JPM,101035,100"
2019-06-28 13:24:14.468664634,BEST_ASK,"JPM,101381,100"
2019-06-28 13:24:20.000000000,QUERY_SPREAD,1
2019-06-28 13:24:20.000000000,BEST_BID,"JPM,101035,428"
2019-06-28 13:24:20.000000000,BEST_ASK,"JPM,101381,100"
2019-06-28 13:24:20.000000000,BEST_BID,"JPM,101035,428"
2019-06-28 13:24:20.000000000,BEST_ASK,"JPM,101381,428"
2019-06-28 13:24:30.000000000,QUERY_SPREAD,1
2019-06-28 13:24:30.000000000,BEST_BID,"JPM,101035,212"
2019-06-28 13:24:30.000000000,BEST_ASK,"JPM,101381,100"
2019-06-28 13:24:30.000000000,BEST_BID,"JPM,101035,212"
2019-06-28 13:24:30.000000000,BEST_ASK,"JPM,101381,100"
2019-06-28 13:24:30.000000000,BEST_BID,"JPM,101035,212"
2019-06-28 13:24:30.000000000,BEST_ASK,"JPM,101381,100"
2019-06-28 13:24:30.000000000,BEST_BID,"JPM,101035,212"
2019-06-28 13:24:30.000000000,BEST_ASK,"JPM,101381,212"
2019-06-28 13:24:30.000000000,BEST_BID,"JPM,101035,212"
2019-06-28 13:24:30.000000000,BEST_ASK,"JPM,101381,212"
2019-06-28 13:24:33.765121752,QUERY_ORDER_STREAM,64
2019-06-28 13:24:33.765121752,QUERY_SPREAD,64
2019-06-28 13:24:34.952270856,QUERY_SPREAD,46
2019-06-28 13:24:34.952270856,BEST_BID,"JPM,101035,212"
2019-06-28 13:24:34.952270856,BEST_ASK,"JPM,101381,112"
2019-06-28 13:24:34.952270856,LAST_TRADE,"100,$101381.0000"
2019-06-28 13:24:40.000000000,QUERY_SPREAD,1
2019-06-28 13:24:50.000000000,QUERY_SPREAD,1
2019-06-28 13:24:51.539785563,QUERY_ORDER_STREAM,67
2019-06-28 13:24:51.539785563,QUERY_SPREAD,67
2019-06-28 13:25:00.000000000,QUERY_SPREAD,1
2019-06-28 13:25:00.000000000,QUERY_SPREAD,77
2019-06-28 13:25:00.000000000,QUERY_SPREAD,78
2019-06-28 13:25:00.000000000,QUERY_SPREAD,79
2019-06-28 13:25:00.000000000,QUERY_SPREAD,80
2019-06-28 13:25:00.000000000,QUERY_SPREAD,81
2019-06-28 13:25:00.000000000,QUERY_SPREAD,82
2019-06-28 13:25:00.000000000,QUERY_SPREAD,83
2019-06-28 13:25:00.000000000,QUERY_SPREAD,84
2019-06-28 13:25:00.000000000,QUERY_SPREAD,85
2019-06-28 13:25:00.000000000,QUERY_SPREAD,86
2019-06-28 13:25:00.000000000,QUERY_SPREAD,87
2019-06-28 13:25:00.000000000,QUERY_SPREAD,88
2019-06-28 13:25:00.000000000,QUERY_SPREAD,89
2019-06-28 13:25:00.000000000,QUERY_SPREAD,90
2019-06-28 13:25:00.000000000,QUERY_SPREAD,91
2019-06-28 13:25:00.000000000,QUERY_SPREAD,92
2019-06-28 13:25:00.000000000,QUERY_SPREAD,93
2019-06-28 13:25:00.000000000,QUERY_SPREAD,94
2019-06-28 13:25:00.000000000,QUERY_SPREAD,95
2019-06-28 13:25:00.000000000,QUERY_SPREAD,96
2019-06-28 13:25:00.000000000,QUERY_SPREAD,97
2019-06-28 13:25:00.000000000,QUERY_SPREAD,98
2019-06-28 13:25:00.000000000,QUERY_SPREAD,99
2019-06-28 13:25:00.000000000,QUERY_SPREAD,100
2019-06-28 13:25:00.000000000,QUERY_SPREAD,101
2019-06-28 13:25:00.000000000,QUERY_ORDER_STREAM,101
2019-06-28 13:25:00.839285183,QUERY_ORDER_STREAM,55
2019-06-28 13:25:00.839285183,QUERY_SPREAD,55
2019-06-28 13:25:00.839285183,BEST_BID,"JPM,101035,100"
2019-06-28 13:25:00.839285183,BEST_ASK,"JPM,104180,100"
2019-06-28 13:25:10.000000000,QUERY_SPREAD,1
2019-06-28 13:25:10.000000000,BEST_BID,"JPM,101035,212"
2019-06-28 13:25:10.000000000,BEST_ASK,"JPM,104180,100"
2019-06-28 13:25:10.000000000,BEST_BID,"JPM,101035,212"
2019-06-28 13:25:10.000000000,BEST_ASK,"JPM,104180,100"
2019-06-28 13:25:10.000000000,BEST_BID,"JPM,101035,212"
2019-06-28 13:25:10.000000000,BEST_ASK,"JPM,104180,100"
2019-06-28 13:25:10.000000000,BEST_BID,"JPM,101035,212"
2019-06-28 13:25:10.000000000,BEST_ASK,"JPM,104180,212"
2019-06-28 13:25:10.000000000,BEST_BID,"JPM,101035,212"
2019-06-28 13:25:10.000000000,BEST_ASK,"JPM,104180,212"
2019-06-28 13:25:20.000000000,QUERY_SPREAD,1
2019-06-28 13:25:20.000000000,BEST_BID,"JPM,101035,182"
2019-06-28 13:25:20.000000000,BEST_ASK,"JPM,104180,100"
2019-06-28 13:25:20.000000000,BEST_BID,"JPM,101035,182"
2019-06-28 13:25:20.000000000,BEST_ASK,"JPM,104180,100"
2019-06-28 13:25:20.000000000,BEST_BID,"JPM,101035,182"
2019-06-28 13:25:20.000000000,BEST_ASK,"JPM,104180,100"
2019-06-28 13:25:20.000000000,BEST_BID,"JPM,101035,182"
2019-06-28 13:25:20.000000000,BEST_ASK,"JPM,104180,100"
2019-06-28 13:25:20.000000000,BEST_BID,"JPM,101035,182"
2019-06-28 13:25:20.000000000,BEST_ASK,"JPM,104180,182"
2019-06-28 13:25:20.000000000,BEST_BID,"JPM,101035,182"
2019-06-28 13:25:20.000000000,BEST_ASK,"JPM,104180,182"
2019-06-28 13:25:20.318821993,QUERY_SPREAD,11
2019-06-28 13:25:20.318821993,BEST_BID,"JPM,101035,182"
2019-06-28 13:25:20.318821993,BEST_ASK,"JPM,104180,182"
2019-06-28 13:25:23.023306140,QUERY_SPREAD,51
2019-06-28 13:25:23.023306140,BEST_BID,"JPM,101035,82"
2019-06-28 13:25:23.023306140,BEST_ASK,"JPM,104180,182"
2019-06-28 13:25:23.023306140,LAST_TRADE,"100,$101035.0000"
2019-06-28 13:25:30.000000000,QUERY_SPREAD,1
2019-06-28 13:25:30.000000000,BEST_BID,"JPM,100704,182"
2019-06-28 13:25:30.000000000,BEST_ASK,"JPM,104180,100"
2019-06-28 13:25:30.000000000,BEST_BID,"JPM,100704,182"
2019-06-28 13:25:30.000000000,BEST_ASK,"JPM,104180,100"
2019-06-28 13:25:30.000000000,BEST_BID,"JPM,100704,182"
2019-06-28 13:25:30.000000000,BEST_ASK,"JPM,104180,100"
2019-06-28 13:25:30.000000000,BEST_BID,"JPM,100704,182"
2019-06-28 13:25:30.000000000,BEST_ASK,"JPM,104180,100"
2019-06-28 13:25:30.000000000,BEST_BID,"JPM,100704,182"
2019-06-28 13:25:30.000000000,BEST_ASK,"JPM,104180,182"
2019-06-28 13:25:30.000000000,BEST_BID,"JPM,100704,182"
2019-06-28 13:25:30.000000000,BEST_ASK,"JPM,104180,182"
2019-06-28 13:25:40.000000000,QUERY_SPREAD,1
2019-06-28 13:25:40.000000000,BEST_BID,"JPM,100704,182"
2019-06-28 13:25:40.000000000,BEST_ASK,"JPM,104180,100"
2019-06-28 13:25:40.000000000,BEST_BID,"JPM,100704,182"
2019-06-28 13:25:40.000000000,BEST_ASK,"JPM,104180,100"
2019-06-28 13:25:40.000000000,BEST_BID,"JPM,100704,182"
2019-06-28 13:25:40.000000000,BEST_ASK,"JPM,104180,100"
2019-06-28 13:25:40.000000000,BEST_BID,"JPM,100704,182"
2019-06-28 13:25:40.000000000,BEST_ASK,"JPM,104180,100"
2019-06-28 13:25:40.000000000,BEST_BID,"JPM,100704,182"
2019-06-28 13:25:40.000000000,BEST_ASK,"JPM,104180,182"
2019-06-28 13:25:40.000000000,BEST_BID,"JPM,100704,182"
2019-06-28 13:25:40.000000000,BEST_ASK,"JPM,104180,182"
2019-06-28 13:25:40.093176573,QUERY_SPREAD,25
2019-06-28 13:25:40.093176573,BEST_BID,"JPM,100894,100"
2019-06-28 13:25:40.093176573,BEST_ASK,"JPM,104180,182"
2019-06-28 13:25:40.175235880,QUERY_SPREAD,46
2019-06-28 13:25:40.175235880,BEST_BID,"JPM,100894,100"
2019-06-28 13:25:40.175235880,BEST_ASK,"JPM,101316,100"
2019-06-28 13:25:50.000000000,QUERY_SPREAD,1
2019-06-28 13:25:50.000000000,BEST_BID,"JPM,100894,182"
2019-06-28 13:25:50.000000000,BEST_ASK,"JPM,101316,100"
2019-06-28 13:25:50.000000000,BEST_BID,"JPM,100894,182"
2019-06-28 13:25:50.000000000,BEST_ASK,"JPM,101316,100"
2019-06-28 13:25:50.000000000,BEST_BID,"JPM,100894,182"
2019-06-28 13:25:50.000000000,BEST_ASK,"JPM,101316,100"
2019-06-28 13:25:50.000000000,BEST_BID,"JPM,100894,182"
2019-06-28 13:25:50.000000000,BEST_ASK,"JPM,101316,100"
2019-06-28 13:25:50.000000000,BEST_BID,"JPM,100894,182"
2019-06-28 13:25:50.000000000,BEST_ASK,"JPM,101316,182"
2019-06-28 13:25:50.000000000,BEST_BID,"JPM,100894,182"
2019-06-28 13:25:50.000000000,BEST_ASK,"JPM,101316,182"
2019-06-28 13:25:50.000000000,BEST_BID,"JPM,100894,182"
2019-06-28 13:25:50.000000000,BEST_ASK,"JPM,101316,182"
2019-06-28 13:26:00.000000000,QUERY_SPREAD,1
2019-06-28 13:26:00.000000000,BEST_BID,"JPM,100894,264"
2019-06-28 13:26:00.000000000,BEST_ASK,"JPM,101316,100"
2019-06-28 13:26:00.000000000,BEST_BID,"JPM,100894,264"
2019-06-28 13:26:00.000000000,BEST_ASK,"JPM,101316,100"
2019-06-28 13:26:00.000000000,BEST_BID,"JPM,100894,264"
2019-06-28 13:26:00.000000000,BEST_ASK,"JPM,101316,264"
2019-06-28 13:26:00.000000000,BEST_BID,"JPM,100894,264"
2019-06-28 13:26:00.000000000,BEST_ASK,"JPM,101316,264"
2019-06-28 13:26:00.000000000,QUERY_SPREAD,77
2019-06-28 13:26:00.000000000,BEST_BID,"JPM,100894,264"
2019-06-28 13:26:00.000000000,BEST_ASK,"JPM,101316,260"
2019-06-28 13:26:00.000000000,LAST_TRADE,"4,$101316.0000"
2019-06-28 13:26:00.000000000,QUERY_SPREAD,78
2019-06-28 13:26:00.000000000,BEST_BID,"JPM,100894,264"
2019-06-28 13:26:00.000000000,BEST_ASK,"JPM,101316,252"
2019-06-28 13:26:00.000000000,LAST_TRADE,"8,$101316.0000"
2019-06-28 13:26:00.000000000,QUERY_SPREAD,79
2019-06-28 13:26:00.000000000,BEST_BID,"JPM,100894,264"
2019-06-28 13:26:00.000000000,BEST_ASK,"JPM,101316,251"
2019-06-28 13:26:00.000000000,LAST_TRADE,"1,$101316.0000"
2019-06-28 13:26:00.000000000,QUERY_SPREAD,80
2019-06-28 13:26:00.000000000,BEST_BID,"JPM,100894,264"
2019-06-28 13:26:00.000000000,BEST_ASK,"JPM,101316,246"
2019-06-28 13:26:00.000000000,LAST_TRADE,"5,$101316.0000"
2019-06-28 13:26:00.000000000,QUERY_SPREAD,81
2019-06-28 13:26:00.000000000,BEST_BID,"JPM,100894,264"
2019-06-28 13:26:00.000000000,BEST_ASK,"JPM,101316,241"
2019-06-28 13:26:00.000000000,LAST_TRADE,"5,$101316.0000"
2019-06-28 13:26:00.000000000,QUERY_SPREAD,82
2019-06-28 13:26:00.000000000,BEST_BID,"JPM,100894,264"
2019-06-28 13:26:00.000000000,BEST_ASK,"JPM,101316,235"
2019-06-28 13:26:00.000000000,LAST_TRADE,"6,$101316.0000"
2019-06-28 13:26:00.000000000,QUERY_SPREAD,83
2019-06-28 13:26:00.000000000,BEST_BID,"JPM,100894,264"
2019-06-28 13:26:00.000000000,BEST_ASK,"JPM,101316,231"
2019-06-28 13:26:00.000000000,LAST_TRADE,"4,$101316.0000"
2019-06-28 13:26:00.000000000,QUERY_SPREAD,84
2019-06-28 13:26:00.000000000,BEST_BID,"JPM,100894,264"
2019-06-28 13:26:00.000000000,BEST_ASK,"JPM,101316,226"
2019-06-28 13:26:00.000000000,LAST_TRADE,"5,$101316.0000"
2019-06-28 13:26:00.000000000,QUERY_SPREAD,85
2019-06-28 13:26:00.000000000,BEST_BID,"JPM,100894,264"
2019-06-28 13:26:00.000000000,BEST_ASK,"JPM,101316,221"
2019-06-28 13:26:00.000000000,LAST_TRADE,"5,$101316.0000"
2019-06-28 13:26:00.000000000,QUERY_SPREAD,86
2019-06-28 13:26:00.000000000,BEST_BID,"JPM,100894,264"
2019-06-28 13:26:00.000000000,BEST_ASK,"JPM,101316,212"
2019-06-28 13:26:00.000000000,LAST_TRADE,"9,$101316.0000"
2019-06-28 13:26:00.000000000,QUERY_SPREAD,87
2019-06-28 13:26:00.000000000,BEST_BID,"JPM,100894,264"
2019-06-28 13:26:00.000000000,BEST_ASK,"JPM,101316,210"
2019-06-28 13:26:00.000000000,LAST_TRADE,"2,$101316.0000"
2019-06-28 13:26:00.000000000,QUERY_SPREAD,88
2019-06-28 13:26:00.000000000,BEST_BID,"JPM,100894,264"
2019-06-28 13:26:00.000000000,BEST_ASK,"JPM,101316,202"
2019-06-28 13:26:00.000000000,LAST_TRADE,"8,$101316.0000"
2019-06-28 13:26:00.000000000,QUERY_SPREAD,89
2019-06-28 13:26:00.000000000,BEST_BID,"JPM,100894,264"
2019-06-28 13:26:00.000000000,BEST_ASK,"JPM,101316,195"
2019-06-28 13:26:00.000000000,LAST_TRADE,"7,$101316.0000"
2019-06-28 13:26:00.000000000,QUERY_SPREAD,90
2019-06-28 13:26:00.000000000,BEST_BID,"JPM,100894,264"
2019-06-28 13:26:00.000000000,BEST_ASK,"JPM,101316,189"
2019-06-28 13:26:00.000000000,LAST_TRADE,"6,$101316.0000"
2019-06-28 13:26:00.000000000,QUERY_SPREAD,91
2019-06-28 13:26:00.000000000,BEST_BID,"JPM,100894,264"
2019-06-28 13:26:00.000000000,BEST_ASK,"JPM,101316,184"
2019-06-28 13:26:00.000000000,LAST_TRADE,"5,$101316.0000"
2019-06-28 13:26:00.000000000,QUERY_SPREAD,92
2019-06-28 13:26:00.000000000,BEST_BID,"JPM,100894,264"
2019-06-28 13:26:00.000000000,BEST_ASK,"JPM,101316,183"
2019-06-28 13:26:00.000000000,LAST_TRADE,"1,$101316.0000"
2019-06-28 13:26:00.000000000,QUERY_SPREAD,93
2019-06-28 13:26:00.000000000,BEST_BID,"JPM,100894,264"
2019-06-28 13:26:00.000000000,BEST_ASK,"JPM,101316,181"
2019-06-28 13:26:00.000000000,LAST_TRADE,"2,$101316.0000"
2019-06-28 13:26:00.000000000,QUERY_SPREAD,94
2019-06-28 13:26:00.000000000,BEST_BID,"JPM,100894,264"
2019-06-28 13:26:00.000000000,BEST_ASK,"JPM,101316,179"
2019-06-28 13:26:00.000000000,LAST_TRADE,"2,$101316.0000"
2019-06-28 13:26:00.000000000,QUERY_SPREAD,95
2019-06-28 13:26:00.000000000,BEST_BID,"JPM,100894,264"
2019-06-28 13:26:00.000000000,BEST_ASK,"JPM,101316,172"
2019-06-28 13:26:00.000000000,LAST_TRADE,"7,$101316.0000"
2019-06-28 13:26:00.000000000,QUERY_SPREAD,96
2019-06-28 13:26:00.000000000,BEST_BID,"JPM,100894,264"
2019-06-28 13:26:00.000000000,BEST_ASK,"JPM,101316,165"
2019-06-28 13:26:00.000000000,LAST_TRADE,"7,$101316.0000"
2019-06-28 13:26:00.000000000,QUERY_SPREAD,97
2019-06-28 13:26:00.000000000,BEST_BID,"JPM,100894,264"
2019-06-28 13:26:00.000000000,BEST_ASK,"JPM,101316,159"
2019-06-28 13:26:00.000000000,LAST_TRADE,"6,$101316.0000"
2019-06-28 13:26:00.000000000,QUERY_SPREAD,98
2019-06-28 13:26:00.000000000,BEST_BID,"JPM,100894,264"
2019-06-28 13:26:00.000000000,BEST_ASK,"JPM,101316,155"
2019-06-28 13:26:00.000000000,LAST_TRADE,"4,$101316.0000"
2019-06-28 13:26:00.000000000,QUERY_SPREAD,99
2019-06-28 13:26:00.000000000,BEST_BID,"JPM,100894,264"
2019-06-28 13:26:00.000000000,BEST_ASK,"JPM,101316,153"
2019-06-28 13:26:00.000000000,LAST_TRADE,"2,$101316.0000"
2019-06-28 13:26:00.000000000,QUERY_SPREAD,100
2019-06-28 13:26:00.000000000,BEST_BID,"JPM,100894,264"
2019-06-28 13:26:00.000000000,BEST_ASK,"JPM,101316,147"
2019-06-28 13:26:00.000000000,LAST_TRADE,"6,$101316.0000"
2019-06-28 13:26:00.000000000,QUERY_SPREAD,101
2019-06-28 13:26:00.000000000,QUERY_ORDER_STREAM,101
2019-06-28 13:26:09.736855750,QUERY_ORDER_STREAM,56
2019-06-28 13:26:09.736855750,QUERY_SPREAD,56
2019-06-28 13:26:10.000000000,QUERY_SPREAD,1
2019-06-28 13:26:10.000000000,BEST_BID,"JPM,100894,212"
2019-06-28 13:26:10.000000000,BEST_ASK,"JPM,104180,100"
2019-06-28 13:26:10.000000000,BEST_BID,"JPM,100894,212"
2019-06-28 13:26:10.000000000,BEST_ASK,"JPM,104180,100"
2019-06-28 13:26:10.000000000,BEST_BID,"JPM,100894,212"
2019-06-28 13:26:10.000000000,BEST_ASK,"JPM,104180,100"
2019-06-28 13:26:10.000000000,BEST_BID,"JPM,100894,212"
2019-06-28 13:26:10.000000000,BEST_ASK,"JPM,104180,212"
2019-06-28 13:26:10.000000000,BEST_BID,"JPM,100894,212"
2019-06-28 13:26:10.000000000,BEST_ASK,"JPM,104180,212"
2019-06-28 13:26:20.000000000,QUERY_SPREAD,1
2019-06-28 13:26:20.000000000,BEST_BID,"JPM,100894,428"
2019-06-28 13:26:20.000000000,BEST_ASK,"JPM,104180,100"
2019-06-28 13:26:20.000000000,BEST_BID,"JPM,100894,428"
2019-06-28 13:26:20.000000000,BEST_ASK,"JPM,104180,428"
2019-06-28 13:26:27.827847358,QUERY_SPREAD,9
2019-06-28 13:26:27.827847358,BEST_BID,"JPM,101523,100"
2019-06-28 13:26:27.827847358,BEST_ASK,"JPM,104180,428"
2019-06-28 13:26:30.000000000,QUERY_SPREAD,1
2019-06-28 13:26:30.000000000,BEST_BID,"JPM,101523,428"
2019-06-28 13:26:30.000000000,BEST_ASK,"JPM,104180,100"
2019-06-28 13:26:30.000000000,BEST_BID,"JPM,101523,428"
2019-06-28 13:26:30.000000000,BEST_ASK,"JPM,104180,428"
2019-06-28 13:26:40.000000000,QUERY_SPREAD,1
2019-06-28 13:26:40.000000000,BEST_BID,"JPM,101523,166"
2019-06-28 13:26:40.000000000,BEST_ASK,"JPM,104180,100"
2019-06-28 13:26:40.000000000,BEST_BID,"JPM,101523,166"
2019-06-28 13:26:40.000000000,BEST_ASK,"JPM,104180,100"
2019-06-28 13:26:40.000000000,BEST_BID,"JPM,101523,166"
2019-06-28 13:26:40.000000000,BEST_ASK,"JPM,104180,100"
2019-06-28 13:26:40.000000000,BEST_BID,"JPM,101523,166"
2019-06-28 13:26:40.000000000,BEST_ASK,"JPM,104180,100"
2019-06-28 13:26:40.000000000,BEST_BID,"JPM,101523,166"
2019-06-28 13:26:40.000000000,BEST_ASK,"JPM,104180,100"
2019-06-28 13:26:40.000000000,BEST_BID,"JPM,101523,166"
2019-06-28 13:26:40.000000000,BEST_ASK,"JPM,104180,166"
2019-06-28 13:26:40.000000000,BEST_BID,"JPM,101523,166"
2019-06-28 13:26:40.000000000,BEST_ASK,"JPM,104180,166"
2019-06-28 13:26:50.000000000,QUERY_SPREAD,1
2019-06-28 13:26:50.000000000,BEST_BID,"JPM,101523,182"
2019-06-28 13:26:50.000000000,BEST_ASK,"JPM,104180,100"
2019-06-28 13:26:50.000000000,BEST_BID,"JPM,101523,182"
2019-06-28 13:26:50.000000000,BEST_ASK,"JPM,104180,100"
2019-06-28 13:26:50.000000000,BEST_BID,"JPM,101523,182"
2019-06-28 13:26:50.000000000,BEST_ASK,"JPM,104180,100"
2019-06-28 13:26:50.000000000,BEST_BID,"JPM,101523,182"
2019-06-28 13:26:50.000000000,BEST_ASK,"JPM,104180,100"
2019-06-28 13:26:50.000000000,BEST_BID,"JPM,101523,182"
2019-06-28 13:26:50.000000000,BEST_ASK,"JPM,104180,182"
2019-06-28 13:26:50.000000000,BEST_BID,"JPM,101523,182"
2019-06-28 13:26:50.000000000,BEST_ASK,"JPM,104180,182"
2019-06-28 13:27:00.000000000,QUERY_SPREAD,1
2019-06-28 13:27:00.000000000,BEST_BID,"JPM,101523,182"
2019-06-28 13:27:00.000000000,BEST_ASK,"JPM,104180,100"
2019-06-28 13:27:00.000000000,BEST_BID,"JPM,101523,182"
2019-06-28 13:27:00.000000000,BEST_ASK,"JPM,104180,100"
2019-06-28 13:27:00.000000000,BEST_BID,"JPM,101523,182"
2019-06-28 13:27:00.000000000,BEST_ASK,"JPM,104180,100"
2019-06-28 13:27:00.000000000,BEST_BID,"JPM,101523,182"
2019-06-28 13:27:00.000000000,BEST_ASK,"JPM,104180,100"
2019-06-28 13:27:00.000000000,BEST_BID,"JPM,101523,182"
2019-06-28 13:27:00.000000000,BEST_ASK,"JPM,104180,182"
2019-06-28 13:27:00.000000000,BEST_BID,"JPM,101523,182"
2019-06-28 13:27:00.000000000,BEST_ASK,"JPM,104180,182"
2019-06-28 13:27:00.000000000,QUERY_SPREAD,77
2019-06-28 13:27:00.000000000,BEST_BID,"JPM,101523,182"
2019-06-28 13:27:00.000000000,BEST_ASK,"JPM,104180,178"
2019-06-28 13:27:00.000000000,LAST_TRADE,"4,$104180.0000"
2019-06-28 13:27:00.000000000,QUERY_SPREAD,78
2019-06-28 13:27:00.000000000,BEST_BID,"JPM,101523,182"
2019-06-28 13:27:00.000000000,BEST_ASK,"JPM,104180,170"
2019-06-28 13:27:00.000000000,LAST_TRADE,"8,$104180.0000"
2019-06-28 13:27:00.000000000,QUERY_SPREAD,79
2019-06-28 13:27:00.000000000,BEST_BID,"JPM,101523,182"
2019-06-28 13:27:00.000000000,BEST_ASK,"JPM,104180,169"
2019-06-28 13:27:00.000000000,LAST_TRADE,"1,$104180.0000"
2019-06-28 13:27:00.000000000,QUERY_SPREAD,80
2019-06-28 13:27:00.000000000,BEST_BID,"JPM,101523,182"
2019-06-28 13:27:00.000000000,BEST_ASK,"JPM,104180,164"
2019-06-28 13:27:00.000000000,LAST_TRADE,"5,$104180.0000"
2019-06-28 13:27:00.000000000,QUERY_SPREAD,81
2019-06-28 13:27:00.000000000,BEST_BID,"JPM,101523,182"
2019-06-28 13:27:00.000000000,BEST_ASK,"JPM,104180,159"
2019-06-28 13:27:00.000000000,LAST_TRADE,"5,$104180.0000"
2019-06-28 13:27:00.000000000,QUERY_SPREAD,82
2019-06-28 13:27:00.000000000,BEST_BID,"JPM,101523,182"
2019-06-28 13:27:00.000000000,BEST_ASK,"JPM,104180,153"
2019-06-28 13:27:00.000000000,LAST_TRADE,"6,$104180.0000"
2019-06-28 13:27:00.000000000,QUERY_SPREAD,83
2019-06-28 13:27:00.000000000,BEST_BID,"JPM,101523,182"
2019-06-28 13:27:00.000000000,BEST_ASK,"JPM,104180,149"
2019-06-28 13:27:00.000000000,LAST_TRADE,"4,$104180.0000"
2019-06-28 13:27:00.000000000,QUERY_SPREAD,84
2019-06-28 13:27:00.000000000,BEST_BID,"JPM,101523,182"
2019-06-28 13:27:00.000000000,BEST_ASK,"JPM,104180,144"
2019-06-28 13:27:00.000000000,LAST_TRADE,"5,$104180.0000"
2019-06-28 13:27:00.000000000,QUERY_SPREAD,85
2019-06-28 13:27:00.000000000,BEST_BID,"JPM,101523,182"
2019-06-28 13:27:00.000000000,BEST_ASK,"JPM,104180,139"
2019-06-28 13:27:00.000000000,LAST_TRADE,"5,$104180.0000"
2019-06-28 13:27:00.000000000,QUERY_SPREAD,86
2019-06-28 13:27:00.000000000,BEST_BID,"JPM,101523,182"
2019-06-28 13:27:00.000000000,BEST_ASK,"JPM,104180,130"
2019-06-28 13:27:00.000000000,LAST_TRADE,"9,$104180.0000"
2019-06-28 13:27:00.000000000,QUERY_SPREAD,87
2019-06-28 13:27:00.000000000,BEST_BID,"JPM,101523,182"
2019-06-28 13:27:00.000000000,BEST_ASK,"JPM,104180,128"
2019-06-28 13:27:00.000000000,LAST_TRADE,"2,$104180.0000"
2019-06-28 13:27:00.000000000,QUERY_SPREAD,88
2019-06-28 13:27:00.000000000,BEST_BID,"JPM,101523,182"
2019-06-28 13:27:00.000000000,BEST_ASK,"JPM,104180,120"
2019-06-28 13:27:00.000000000,LAST_TRADE,"8,$104180.0000"
2019-06-28 13:27:00.000000000,QUERY_SPREAD,89
2019-06-28 13:27:00.000000000,BEST_BID,"JPM,101523,182"
2019-06-28 13:27:00.000000000,BEST_ASK,"JPM,104180,113"
2019-06-28 13:27:00.000000000,LAST_TRADE,"7,$104180.0000"
2019-06-28 13:27:00.000000000,QUERY_SPREAD,90
2019-06-28 13:27:00.000000000,BEST_BID,"JPM,101523,182"
2019-06-28 13:27:00.000000000,BEST_ASK,"JPM,104180,107"
2019-06-28 13:27:00.000000000,LAST_TRADE,"6,$104180.0000"
2019-06-28 13:27:00.000000000,QUERY_SPREAD,91
2019-06-28 13:27:00.000000000,BEST_BID,"JPM,101523,182"
2019-06-28 13:27:00.000000000,BEST_ASK,"JPM,104180,102"
2019-06-28 13:27:00.000000000,LAST_TRADE,"5,$104180.0000"
2019-06-28 13:27:00.000000000,QUERY_SPREAD,92
2019-06-28 13:27:00.000000000,BEST_BID,"JPM,101523,182"
2019-06-28 13:27:00.000000000,BEST_ASK,"JPM,104180,101"
2019-06-28 13:27:00.000000000,LAST_TRADE,"1,$104180.0000"
2019-06-28 13:27:00.000000000,QUERY_SPREAD,93
2019-06-28 13:27:00.000000000,BEST_BID,"JPM,101523,182"
2019-06-28 13:27:00.000000000,BEST_ASK,"JPM,104180,99"
2019-06-28 13:27:00.000000000,LAST_TRADE,"2,$104180.0000"
2019-06-28 13:27:00.000000000,QUERY_SPREAD,94
2019-06-28 13:27:00.000000000,BEST_BID,"JPM,101523,182"
2019-06-28 13:27:00.000000000,BEST_ASK,"JPM,104180,97"
2019-06-28 13:27:00.000000000,LAST_TRADE,"2,$104180.0000"
2019-06-28 13:27:00.000000000,QUERY_SPREAD,95
2019-06-28 13:27:00.000000000,BEST_BID,"JPM,101523,182"
2019-06-28 13:27:00.000000000,BEST_ASK,"JPM,104180,90"
2019-06-28 13:27:00.000000000,LAST_TRADE,"7,$104180.0000"
2019-06-28 13:27:00.000000000,QUERY_SPREAD,96
2019-06-28 13:27:00.000000000,BEST_BID,"JPM,101523,182"
2019-06-28 13:27:00.000000000,BEST_ASK,"JPM,104180,83"
2019-06-28 13:27:00.000000000,LAST_TRADE,"7,$104180.0000"
2019-06-28 13:27:00.000000000,QUERY_SPREAD,97
2019-06-28 13:27:00.000000000,BEST_BID,"JPM,101523,182"
2019-06-28 13:27:00.000000000,BEST_ASK,"JPM,104180,77"
2019-06-28 13:27:00.000000000,LAST_TRADE,"6,$104180.0000"
2019-06-28 13:27:00.000000000,QUERY_SPREAD,98
2019-06-28 13:27:00.000000000,BEST_BID,"JPM,101523,182"
2019-06-28 13:27:00.000000000,BEST_ASK,"JPM,104180,73"
2019-06-28 13:27:00.000000000,LAST_TRADE,"4,$104180.0000"
2019-06-28 13:27:00.000000000,QUERY_SPREAD,99
2019-06-28 13:27:00.000000000,BEST_BID,"JPM,101523,182"
2019-06-28 13:27:00.000000000,BEST_ASK,"JPM,104180,71"
2019-06-28 13:27:00.000000000,LAST_TRADE,"2,$104180.0000"
2019-06-28 13:27:00.000000000,QUERY_SPREAD,100
2019-06-28 13:27:00.000000000,BEST_BID,"JPM,101523,182"
2019-06-28 13:27:00.000000000,BEST_ASK,"JPM,104180,65"
2019-06-28 13:27:00.000000000,LAST_TRADE,"6,$104180.0000"
2019-06-28 13:27:00.000000000,QUERY_SPREAD,101
2019-06-28 13:27:00.000000000,QUERY_ORDER_STREAM,101
2019-06-28 13:27:10.000000000,QUERY_SPREAD,1
2019-06-28 13:27:12.920056221,QUERY_ORDER_STREAM,67
2019-06-28 13:27:12.920056221,QUERY_SPREAD,67
2019-06-28 13:27:20.000000000,QUERY_SPREAD,1
2019-06-28 13:27:30.000000000,QUERY_SPREAD,1
2019-06-28 13:27:30.362115612,QUERY_ORDER_STREAM,74
2019-06-28 13:27:30.362115612,QUERY_SPREAD,74
2019-06-28 13:27:30.362115612,BEST_BID,"JPM,101523,100"
2019-06-28 13:27:30.362115612,BEST_ASK,"JPM,104180,100"
2019-06-28 13:27:40.000000000,QUERY_SPREAD,1
2019-06-28 13:27:40.000000000,BEST_BID,"JPM,101523,264"
2019-06-28 13:27:40.000000000,BEST_ASK,"JPM,104180,100"
2019-06-28 13:27:40.000000000,BEST_BID,"JPM,101523,264"
2019-06-28 13:27:40.000000000,BEST_ASK,"JPM,104180,100"
2019-06-28 13:27:40.000000000,BEST_BID,"JPM,101523,264"
2019-06-28 13:27:40.000000000,BEST_ASK,"JPM,104180,264"
2019-06-28 13:27:40.000000000,BEST_BID,"JPM,101523,264"
2019-06-28 13:27:40.000000000,BEST_ASK,"JPM,104180,264"
2019-06-28 13:27:43.420999554,QUERY_ORDER_STREAM,64
2019-06-28 13:27:43.420999554,QUERY_SPREAD,64
2019-06-28 13:27:50.000000000,QUERY_SPREAD,1
2019-06-28 13:27:50.000000000,BEST_BID,"JPM,101523,264"
2019-06-28 13:27:50.000000000,BEST_ASK,"JPM,104180,100"
2019-06-28 13:27:50.000000000,BEST_BID,"JPM,101523,264"
2019-06-28 13:27:50.000000000,BEST_ASK,"JPM,104180,100"
2019-06-28 13:27:50.000000000,BEST_BID,"JPM,101523,264"
2019-06-28 13:27:50.000000000,BEST_ASK,"JPM,104180,264"
2019-06-28 13:27:50.000000000,BEST_BID,"JPM,101523,264"
2019-06-28 13:27:50.000000000,BEST_ASK,"JPM,104180,264"
2019-06-28 13:27:54.056297352,QUERY_ORDER_STREAM,68
2019-06-28 13:27:54.056297352,QUERY_SPREAD,68
2019-06-28 13:28:00.000000000,QUERY_SPREAD,1
2019-06-28 13:28:00.000000000,BEST_BID,"JPM,101523,166"
2019-06-28 13:28:00.000000000,BEST_ASK,"JPM,104180,100"
2019-06-28 13:28:00.000000000,BEST_BID,"JPM,101523,166"
2019-06-28 13:28:00.000000000,BEST_ASK,"JPM,104180,100"
2019-06-28 13:28:00.000000000,BEST_BID,"JPM,101523,166"
2019-06-28 13:28:00.000000000,BEST_ASK,"JPM,104180,100"
2019-06-28 13:28:00.000000000,BEST_BID,"JPM,101523,166"
2019-06-28 13:28:00.000000000,BEST_ASK,"JPM,104180,100"
2019-06-28 13:28:00.000000000,BEST_BID,"JPM,101523,166"
2019-06-28 13:28:00.000000000,BEST_ASK,"JPM,104180,100"
2019-06-28 13:28:00.000000000,BEST_BID,"JPM,101523,166"
2019-06-28 13:28:00.000000000,BEST_ASK,"JPM,104180,166"
2019-06-28 13:28:00.000000000,BEST_BID,"JPM,101523,166"
2019-06-28 13:28:00.000000000,BEST_ASK,"JPM,104180,166"
2019-06-28 13:28:00.000000000,QUERY_SPREAD,77
2019-06-28 13:28:00.000000000,BEST_BID,"JPM,101523,166"
2019-06-28 13:28:00.000000000,BEST_ASK,"JPM,104180,162"
2019-06-28 13:28:00.000000000,LAST_TRADE,"4,$104180.0000"
2019-06-28 13:28:00.000000000,QUERY_SPREAD,78
2019-06-28 13:28:00.000000000,BEST_BID,"JPM,101523,166"
2019-06-28 13:28:00.000000000,BEST_ASK,"JPM,104180,154"
2019-06-28 13:28:00.000000000,LAST_TRADE,"8,$104180.0000"
2019-06-28 13:28:00.000000000,QUERY_SPREAD,79
2019-06-28 13:28:00.000000000,BEST_BID,"JPM,101523,166"
2019-06-28 13:28:00.000000000,BEST_ASK,"JPM,104180,153"
2019-06-28 13:28:00.000000000,LAST_TRADE,"1,$104180.0000"
2019-06-28 13:28:00.000000000,QUERY_SPREAD,80
2019-06-28 13:28:00.000000000,BEST_BID,"JPM,101523,166"
2019-06-28 13:28:00.000000000,BEST_ASK,"JPM,104180,148"
2019-06-28 13:28:00.000000000,LAST_TRADE,"5,$104180.0000"
2019-06-28 13:28:00.000000000,QUERY_SPREAD,81
2019-06-28 13:28:00.000000000,BEST_BID,"JPM,101523,166"
2019-06-28 13:28:00.000000000,BEST_ASK,"JPM,104180,143"
2019-06-28 13:28:00.000000000,LAST_TRADE,"5,$104180.0000"
2019-06-28 13:28:00.000000000,QUERY_SPREAD,82
2019-06-28 13:28:00.000000000,BEST_BID,"JPM,101523,166"
2019-06-28 13:28:00.000000000,BEST_ASK,"JPM,104180,137"
2019-06-28 13:28:00.000000000,LAST_TRADE,"6,$104180.0000"
2019-06-28 13:28:00.000000000,QUERY_SPREAD,83
2019-06-28 13:28:00.000000000,BEST_BID,"JPM,101523,166"
2019-06-28 13:28:00.000000000,BEST_ASK,"JPM,104180,133"
2019-06-28 13:28:00.000000000,LAST_TRADE,"4,$104180.0000"
2019-06-28 13:28:00.000000000,QUERY_SPREAD,84
2019-06-28 13:28:00.000000000,BEST_BID,"JPM,101523,166"
2019-06-28 13:28:00.000000000,BEST_ASK,"JPM,104180,128"
2019-06-28 13:28:00.000000000,LAST_TRADE,"5,$104180.0000"
2019-06-28 13:28:00.000000000,QUERY_SPREAD,85
2019-06-28 13:28:00.000000000,BEST_BID,"JPM,101523,166"
2019-06-28 13:28:00.000000000,BEST_ASK,"JPM,104180,123"
2019-06-28 13:28:00.000000000,LAST_TRADE,"5,$104180.0000"
2019-06-28 13:28:00.000000000,QUERY_SPREAD,86
2019-06-28 13:28:00.000000000,BEST_BID,"JPM,101523,166"
2019-06-28 13:28:00.000000000,BEST_ASK,"JPM,104180,114"
2019-06-28 13:28:00.000000000,LAST_TRADE,"9,$104180.0000"
2019-06-28 13:28:00.000000000,QUERY_SPREAD,87
2019-06-28 13:28:00.000000000,BEST_BID,"JPM,101523,166"
2019-06-28 13:28:00.000000000,BEST_ASK,"JPM,104180,112"
2019-06-28 13:28:00.000000000,LAST_TRADE,"2,$104180.0000"
2019-06-28 13:28:00.000000000,QUERY_SPREAD,88
2019-06-28 13:28:00.000000000,BEST_BID,"JPM,101523,166"
2019-06-28 13:28:00.000000000,BEST_ASK,"JPM,104180,104"
2019-06-28 13:28:00.000000000,LAST_TRADE,"8,$104180.0000"
2019-06-28 13:28:00.000000000,QUERY_SPREAD,89
2019-06-28 13:28:00.000000000,BEST_BID,"JPM,101523,166"
2019-06-28 13:28:00.000000000,BEST_ASK,"JPM,104180,97"
2019-06-28 13:28:00.000000000,LAST_TRADE,"7,$104180.0000"
2019-06-28 13:28:00.000000000,QUERY_SPREAD,90
2019-06-28 13:28:00.000000000,BEST_BID,"JPM,101523,166"
2019-06-28 13:28:00.000000000,BEST_ASK,"JPM,104180,91"
2019-06-28 13:28:00.000000000,LAST_TRADE,"6,$104180.0000"
2019-06-28 13:28:00.000000000,QUERY_SPREAD,91
2019-06-28 13:28:00.000000000,BEST_BID,"JPM,101523,166"
2019-06-28 13:28:00.000000000,BEST_ASK,"JPM,104180,86"
2019-06-28 13:28:00.000000000,LAST_TRADE,"5,$104180.0000"
2019-06-28 13:28:00.000000000,QUERY_SPREAD,92
2019-06-28 13:28:00.000000000,BEST_BID,"JPM,101523,166"
2019-06-28 13:28:00.000000000,BEST_ASK,"JPM,104180,85"
2019-06-28 13:28:00.000000000,LAST_TRADE,"1,$104180.0000"
2019-06-28 13:28:00.000000000,QUERY_SPREAD,93
2019-06-28 13:28:00.000000000,BEST_BID,"JPM,101523,166"
2019-06-28 13:28:00.000000000,BEST_ASK,"JPM,104180,83"
2019-06-28 13:28:00.000000000,LAST_TRADE,"2,$104180.0000"
2019-06-28 13:28:00.000000000,QUERY_SPREAD,94
2019-06-28 13:28:00.000000000,BEST_BID,"JPM,101523,166"
2019-06-28 13:28:00.000000000,BEST_ASK,"JPM,104180,81"
2019-06-28 13:28:00.000000000,LAST_TRADE,"2,$104180.0000"
2019-06-28 13:28:00.000000000,QUERY_SPREAD,95
2019-06-28 13:28:00.000000000,BEST_BID,"JPM,101523,166"
2019-06-28 13:28:00.000000000,BEST_ASK,"JPM,104180,74"
2019-06-28 13:28:00.000000000,LAST_TRADE,"7,$104180.0000"
2019-06-28 13:28:00.000000000,QUERY_SPREAD,96
2019-06-28 13:28:00.000000000,BEST_BID,"JPM,101523,166"
2019-06-28 13:28:00.000000000,BEST_ASK,"JPM,104180,67"
2019-06-28 13:28:00.000000000,LAST_TRADE,"7,$104180.0000"
2019-06-28 13:28:00.000000000,QUERY_SPREAD,97
2019-06-28 13:28:00.000000000,BEST_BID,"JPM,101523,166"
2019-06-28 13:28:00.000000000,BEST_ASK,"JPM,104180,61"
2019-06-28 13:28:00.000000000,LAST_TRADE,"6,$104180.0000"
2019-06-28 13:28:00.000000000,QUERY_SPREAD,98
2019-06-28 13:28:00.000000000,BEST_BID,"JPM,101523,166"
2019-06-28 13:28:00.000000000,BEST_ASK,"JPM,104180,57"
2019-06-28 13:28:00.000000000,LAST_TRADE,"4,$104180.0000"
2019-06-28 13:28:00.000000000,QUERY_SPREAD,99
2019-06-28 13:28:00.000000000,BEST_BID,"JPM,101523,166"
2019-06-28 13:28:00.000000000,BEST_ASK,"JPM,104180,55"
2019-06-28 13:28:00.000000000,LAST_TRADE,"2,$104180.0000"
2019-06-28 13:28:00.000000000,QUERY_SPREAD,100
2019-06-28 13:28:00.000000000,BEST_BID,"JPM,101523,166"
2019-06-28 13:28:00.000000000,BEST_ASK,"JPM,104180,49"
2019-06-28 13:28:00.000000000,LAST_TRADE,"6,$104180.0000"
2019-06-28 13:28:00.000000000,QUERY_SPREAD,101
2019-06-28 13:28:00.000000000,QUERY_ORDER_STREAM,101
2019-06-28 13:28:10.000000000,QUERY_SPREAD,1
2019-06-28 13:28:20.000000000,QUERY_SPREAD,1
2019-06-28 13:28:25.269306555,QUERY_ORDER_STREAM,69
2019-06-28 13:28:25.269306555,QUERY_SPREAD,69
2019-06-28 13:28:26.075886584,QUERY_ORDER_STREAM,63
2019-06-28 13:28:26.075886584,QUERY_SPREAD,63
2019-06-28 13:28:30.000000000,QUERY_SPREAD,1
2019-06-28 13:28:40.000000000,QUERY_SPREAD,1
2019-06-28 13:28:50.000000000,QUERY_SPREAD,1
2019-06-28 13:29:00.000000000,QUERY_SPREAD,1
2019-06-28 13:29:00.000000000,QUERY_SPREAD,77
2019-06-28 13:29:00.000000000,QUERY_SPREAD,78
2019-06-28 13:29:00.000000000,QUERY_SPREAD,79
2019-06-28 13:29:00.000000000,QUERY_SPREAD,80
2019-06-28 13:29:00.000000000,QUERY_SPREAD,81
2019-06-28 13:29:00.000000000,QUERY_SPREAD,82
2019-06-28 13:29:00.000000000,QUERY_SPREAD,83
2019-06-28 13:29:00.000000000,QUERY_SPREAD,84
2019-06-28 13:29:00.000000000,QUERY_SPREAD,85
2019-06-28 13:29:00.000000000,QUERY_SPREAD,86
2019-06-28 13:29:00.000000000,QUERY_SPREAD,87
2019-06-28 13:29:00.000000000,QUERY_SPREAD,88
2019-06-28 13:29:00.000000000,QUERY_SPREAD,89
2019-06-28 13:29:00.000000000,QUERY_SPREAD,90
2019-06-28 13:29:00.000000000,QUERY_SPREAD,91
2019-06-28 13:29:00.000000000,QUERY_SPREAD,92
2019-06-28 13:29:00.000000000,QUERY_SPREAD,93
2019-06-28 13:29:00.000000000,QUERY_SPREAD,94
2019-06-28 13:29:00.000000000,QUERY_SPREAD,95
2019-06-28 13:29:00.000000000,QUERY_SPREAD,96
2019-06-28 13:29:00.000000000,QUERY_SPREAD,97
2019-06-28 13:29:00.000000000,QUERY_SPREAD,98
2019-06-28 13:29:00.000000000,QUERY_SPREAD,99
2019-06-28 13:29:00.000000000,QUERY_SPREAD,100
2019-06-28 13:29:00.000000000,QUERY_SPREAD,101
2019-06-28 13:29:00.000000000,QUERY_ORDER_STREAM,101
2019-06-28 13:29:10.000000000,QUERY_SPREAD,1
2019-06-28 13:29:20.000000000,QUERY_SPREAD,1
2019-06-28 13:29:30.000000000,QUERY_SPREAD,1
2019-06-28 13:29:39.844882037,QUERY_ORDER_STREAM,71
2019-06-28 13:29:39.844882037,QUERY_SPREAD,71
2019-06-28 13:29:39.844882037,BEST_BID,"JPM,101523,100"
2019-06-28 13:29:39.844882037,BEST_ASK,"JPM,104180,100"
2019-06-28 13:29:40.000000000,QUERY_SPREAD,1
2019-06-28 13:29:40.000000000,BEST_BID,"JPM,101523,182"
2019-06-28 13:29:40.000000000,BEST_ASK,"JPM,104180,100"
2019-06-28 13:29:40.000000000,BEST_BID,"JPM,101523,182"
2019-06-28 13:29:40.000000000,BEST_ASK,"JPM,104180,100"
2019-06-28 13:29:40.000000000,BEST_BID,"JPM,101523,182"
2019-06-28 13:29:40.000000000,BEST_ASK,"JPM,104180,100"
2019-06-28 13:29:40.000000000,BEST_BID,"JPM,101523,182"
2019-06-28 13:29:40.000000000,BEST_ASK,"JPM,104180,100"
2019-06-28 13:29:40.000000000,BEST_BID,"JPM,101523,182"
2019-06-28 13:29:40.000000000,BEST_ASK,"JPM,104180,182"
2019-06-28 13:29:40.000000000,BEST_BID,"JPM,101523,182"
2019-06-28 13:29:40.000000000,BEST_ASK,"JPM,104180,182"
2019-06-28 13:29:43.330342269,QUERY_ORDER_STREAM,74
2019-06-28 13:29:43.330342269,QUERY_SPREAD,74
2019-06-28 13:29:43.330342269,BEST_BID,"JPM,101523,182"
2019-06-28 13:29:43.330342269,BEST_ASK,"JPM,104180,282"
2019-06-28 13:29:50.000000000,QUERY_SPREAD,1
2019-06-28 13:29:50.000000000,BEST_BID,"JPM,101523,264"
2019-06-28 13:29:50.000000000,BEST_ASK,"JPM,104180,200"
2019-06-28 13:29:50.000000000,BEST_BID,"JPM,101523,264"
2019-06-28 13:29:50.000000000,BEST_ASK,"JPM,104180,200"
2019-06-28 13:29:50.000000000,BEST_BID,"JPM,101523,264"
2019-06-28 13:29:50.000000000,BEST_ASK,"JPM,104180,364"
2019-06-28 13:29:50.000000000,BEST_BID,"JPM,101523,264"
2019-06-28 13:29:50.000000000,BEST_ASK,"JPM,104180,364"
2019-06-28 13:29:52.663444224,QUERY_ORDER_STREAM,75
2019-06-28 13:29:52.663444224,QUERY_SPREAD,75
2019-06-28 13:29:52.663444224,BEST_BID,"JPM,101523,264"
2019-06-28 13:29:52.663444224,BEST_ASK,"JPM,104180,464"
2019-06-28 13:30:00.000000000,QUERY_SPREAD,1
2019-06-28 13:30:00.000000000,BEST_BID,"JPM,101523,212"
2019-06-28 13:30:00.000000000,BEST_ASK,"JPM,104180,300"
2019-06-28 13:30:00.000000000,BEST_BID,"JPM,101523,212"
2019-06-28 13:30:00.000000000,BEST_ASK,"JPM,104180,300"
2019-06-28 13:30:00.000000000,BEST_BID,"JPM,101523,212"
2019-06-28 13:30:00.000000000,BEST_ASK,"JPM,104180,300"
2019-06-28 13:30:00.000000000,BEST_BID,"JPM,101523,212"
2019-06-28 13:30:00.000000000,BEST_ASK,"JPM,104180,412"
2019-06-28 13:30:00.000000000,BEST_BID,"JPM,101523,212"
2019-06-28 13:30:00.000000000,BEST_ASK,"JPM,104180,412"
2019-06-28 13:30:00.000000000,QUERY_SPREAD,77
2019-06-28 13:30:00.000000000,BEST_BID,"JPM,101523,212"
2019-06-28 13:30:00.000000000,BEST_ASK,"JPM,104180,408"
2019-06-28 13:30:00.000000000,LAST_TRADE,"4,$104180.0000"
2019-06-28 13:30:00.000000000,QUERY_SPREAD,78
2019-06-28 13:30:00.000000000,BEST_BID,"JPM,101523,212"
2019-06-28 13:30:00.000000000,BEST_ASK,"JPM,104180,400"
2019-06-28 13:30:00.000000000,LAST_TRADE,"8,$104180.0000"
2019-06-28 13:30:00.000000000,QUERY_SPREAD,79
2019-06-28 13:30:00.000000000,BEST_BID,"JPM,101523,212"
2019-06-28 13:30:00.000000000,BEST_ASK,"JPM,104180,399"
2019-06-28 13:30:00.000000000,LAST_TRADE,"1,$104180.0000"
2019-06-28 13:30:00.000000000,QUERY_SPREAD,80
2019-06-28 13:30:00.000000000,BEST_BID,"JPM,101523,212"
2019-06-28 13:30:00.000000000,BEST_ASK,"JPM,104180,394"
2019-06-28 13:30:00.000000000,LAST_TRADE,"5,$104180.0000"
2019-06-28 13:30:00.000000000,QUERY_SPREAD,81
2019-06-28 13:30:00.000000000,BEST_BID,"JPM,101523,212"
2019-06-28 13:30:00.000000000,BEST_ASK,"JPM,104180,389"
2019-06-28 13:30:00.000000000,LAST_TRADE,"5,$104180.0000"
2019-06-28 13:30:00.000000000,QUERY_SPREAD,82
2019-06-28 13:30:00.000000000,BEST_BID,"JPM,101523,212"
2019-06-28 13:30:00.000000000,BEST_ASK,"JPM,104180,383"
2019-06-28 13:30:00.000000000,LAST_TRADE,"6,$104180.0000"
2019-06-28 13:30:00.000000000,QUERY_SPREAD,83
2019-06-28 13:30:00.000000000,BEST_BID,"JPM,101523,212"
2019-06-28 13:30:00.000000000,BEST_ASK,"JPM,104180,379"
2019-06-28 13:30:00.000000000,LAST_TRADE,"4,$104180.0000"
2019-06-28 13:30:00.000000000,QUERY_SPREAD,84
2019-06-28 13:30:00.000000000,BEST_BID,"JPM,101523,212"
2019-06-28 13:30:00.000000000,BEST_ASK,"JPM,104180,374"
2019-06-28 13:30:00.000000000,LAST_TRADE,"5,$104180.0000"
2019-06-28 13:30:00.000000000,QUERY_SPREAD,85
2019-06-28 13:30:00.000000000,BEST_BID,"JPM,101523,212"
2019-06-28 13:30:00.000000000,BEST_ASK,"JPM,104180,369"
2019-06-28 13:30:00.000000000,LAST_TRADE,"5,$104180.0000"
2019-06-28 13:30:00.000000000,QUERY_SPREAD,86
2019-06-28 13:30:00.000000000,BEST_BID,"JPM,101523,212"
2019-06-28 13:30:00.000000000,BEST_ASK,"JPM,104180,360"
2019-06-28 13:30:00.000000000,LAST_TRADE,"9,$104180.0000"
2019-06-28 13:30:00.000000000,QUERY_SPREAD,87
2019-06-28 13:30:00.000000000,BEST_BID,"JPM,101523,212"
2019-06-28 13:30:00.000000000,BEST_ASK,"JPM,104180,358"
2019-06-28 13:30:00.000000000,LAST_TRADE,"2,$104180.0000"
2019-06-28 13:30:00.000000000,QUERY_SPREAD,88
2019-06-28 13:30:00.000000000,BEST_BID,"JPM,101523,212"
2019-06-28 13:30:00.000000000,BEST_ASK,"JPM,104180,350"
2019-06-28 13:30:00.000000000,LAST_TRADE,"8,$104180.0000"
2019-06-28 13:30:00.000000000,QUERY_SPREAD,89
2019-06-28 13:30:00.000000000,BEST_BID,"JPM,101523,212"
2019-06-28 13:30:00.000000000,BEST_ASK,"JPM,104180,343"
2019-06-28 13:30:00.000000000,LAST_TRADE,"7,$104180.0000"
2019-06-28 13:30:00.000000000,QUERY_SPREAD,90
2019-06-28 13:30:00.000000000,BEST_BID,"JPM,101523,212"
2019-06-28 13:30:00.000000000,BEST_ASK,"JPM,104180,337"
2019-06-28 13:30:00.000000000,LAST_TRADE,"6,$104180.0000"
2019-06-28 13:30:00.000000000,QUERY_SPREAD,91
2019-06-28 13:30:00.000000000,BEST_BID,"JPM,101523,212"
2019-06-28 13:30:00.000000000,BEST_ASK,"JPM,104180,332"
2019-06-28 13:30:00.000000000,LAST_TRADE,"5,$104180.0000"
2019-06-28 13:30:00.000000000,QUERY_SPREAD,92
2019-06-28 13:30:00.000000000,BEST_BID,"JPM,101523,212"
2019-06-28 13:30:00.000000000,BEST_ASK,"JPM,104180,331"
2019-06-28 13:30:00.000000000,LAST_TRADE,"1,$104180.0000"
2019-06-28 13:30:00.000000000,QUERY_SPREAD,93
2019-06-28 13:30:00.000000000,BEST_BID,"JPM,101523,212"
2019-06-28 13:30:00.000000000,BEST_ASK,"JPM,104180,329"
2019-06-28 13:30:00.000000000,LAST_TRADE,"2,$104180.0000"
2019-06-28 13:30:00.000000000,QUERY_SPREAD,94
2019-06-28 13:30:00.000000000,BEST_BID,"JPM,101523,212"
2019-06-28 13:30:00.000000000,BEST_ASK,"JPM,104180,327"
2019-06-28 13:30:00.000000000,LAST_TRADE,"2,$104180.0000"
2019-06-28 13:30:00.000000000,QUERY_SPREAD,95
2019-06-28 13:30:00.000000000,BEST_BID,"JPM,101523,212"
2019-06-28 13:30:00.000000000,BEST_ASK,"JPM,104180,320"
2019-06-28 13:30:00.000000000,LAST_TRADE,"7,$104180.0000"
2019-06-28 13:30:00.000000000,QUERY_SPREAD,96
2019-06-28 13:30:00.000000000,BEST_BID,"JPM,101523,212"
2019-06-28 13:30:00.000000000,BEST_ASK,"JPM,104180,313"
2019-06-28 13:30:00.000000000,LAST_TRADE,"7,$104180.0000"
2019-06-28 13:30:00.000000000,QUERY_SPREAD,97
2019-06-28 13:30:00.000000000,BEST_BID,"JPM,101523,212"
2019-06-28 13:30:00.000000000,BEST_ASK,"JPM,104180,307"
2019-06-28 13:30:00.000000000,LAST_TRADE,"6,$104180.0000"
2019-06-28 13:30:00.000000000,QUERY_SPREAD,98
2019-06-28 13:30:00.000000000,BEST_BID,"JPM,101523,212"
2019-06-28 13:30:00.000000000,BEST_ASK,"JPM,104180,303"
2019-06-28 13:30:00.000000000,LAST_TRADE,"4,$104180.0000"
2019-06-28 13:30:00.000000000,QUERY_SPREAD,99
2019-06-28 13:30:00.000000000,BEST_BID,"JPM,101523,212"
2019-06-28 13:30:00.000000000,BEST_ASK,"JPM,104180,301"
2019-06-28 13:30:00.000000000,LAST_TRADE,"2,$104180.0000"
2019-06-28 13:30:00.000000000,QUERY_SPREAD,100
2019-06-28 13:30:00.000000000,BEST_BID,"JPM,101523,212"
2019-06-28 13:30:00.000000000,BEST_ASK,"JPM,104180,295"
2019-06-28 13:30:00.000000000,LAST_TRADE,"6,$104180.0000"
2019-06-28 13:30:00.000000000,QUERY_SPREAD,101
2019-06-28 13:30:00.000000000,QUERY_ORDER_STREAM,101
2019-06-28 13:30:10.000000000,QUERY_SPREAD,1
2019-06-28 13:30:10.000000000,BEST_BID,"JPM,101523,212"
2019-06-28 13:30:10.000000000,BEST_ASK,"JPM,104180,183"
2019-06-28 13:30:10.000000000,BEST_BID,"JPM,101523,212"
2019-06-28 13:30:10.000000000,BEST_ASK,"JPM,104180,183"
2019-06-28 13:30:10.000000000,BEST_BID,"JPM,101523,212"
2019-06-28 13:30:10.000000000,BEST_ASK,"JPM,104180,183"
2019-06-28 13:30:10.000000000,BEST_BID,"JPM,101523,212"
2019-06-28 13:30:10.000000000,BEST_ASK,"JPM,104180,295"
2019-06-28 13:30:10.000000000,BEST_BID,"JPM,101523,212"
2019-06-28 13:30:10.000000000,BEST_ASK,"JPM,104180,295"
2019-06-28 13:30:20.000000000,QUERY_SPREAD,1
2019-06-28 13:30:20.000000000,BEST_BID,"JPM,101523,264"
2019-06-28 13:30:20.000000000,BEST_ASK,"JPM,104180,183"
2019-06-28 13:30:20.000000000,BEST_BID,"JPM,101523,264"
2019-06-28 13:30:20.000000000,BEST_ASK,"JPM,104180,183"
2019-06-28 13:30:20.000000000,BEST_BID,"JPM,101523,264"
2019-06-28 13:30:20.000000000,BEST_ASK,"JPM,104180,347"
2019-06-28 13:30:20.000000000,BEST_BID,"JPM,101523,264"
2019-06-28 13:30:20.000000000,BEST_ASK,"JPM,104180,347"
2019-06-28 13:30:30.000000000,QUERY_SPREAD,1
2019-06-28 13:30:30.000000000,BEST_BID,"JPM,101523,428"
2019-06-28 13:30:30.000000000,BEST_ASK,"JPM,104180,183"
2019-06-28 13:30:30.000000000,BEST_BID,"JPM,101523,428"
2019-06-28 13:30:30.000000000,BEST_ASK,"JPM,104180,511"
2019-06-28 13:30:40.000000000,QUERY_SPREAD,1
2019-06-28 13:30:40.000000000,BEST_BID,"JPM,101523,428"
2019-06-28 13:30:40.000000000,BEST_ASK,"JPM,104180,183"
2019-06-28 13:30:40.000000000,BEST_BID,"JPM,101523,428"
2019-06-28 13:30:40.000000000,BEST_ASK,"JPM,104180,511"
2019-06-28 13:30:50.000000000,QUERY_SPREAD,1
2019-06-28 13:30:50.000000000,BEST_BID,"JPM,101523,182"
2019-06-28 13:30:50.000000000,BEST_ASK,"JPM,104180,183"
2019-06-28 13:30:50.000000000,BEST_BID,"JPM,101523,182"
2019-06-28 13:30:50.000000000,BEST_ASK,"JPM,104180,183"
2019-06-28 13:30:50.000000000,BEST_BID,"JPM,101523,182"
2019-06-28 13:30:50.000000000,BEST_ASK,"JPM,104180,183"
2019-06-28 13:30:50.000000000,BEST_BID,"JPM,101523,182"
2019-06-28 13:30:50.000000000,BEST_ASK,"JPM,104180,183"
2019-06-28 13:30:50.000000000,BEST_BID,"JPM,101523,182"
2019-06-28 13:30:50.000000000,BEST_ASK,"JPM,104180,265"
2019-06-28 13:30:50.000000000,BEST_BID,"JPM,101523,182"
2019-06-28 13:30:50.000000000,BEST_ASK,"JPM,104180,265"
2019-06-28 13:31:00.000000000,QUERY_SPREAD,1
2019-06-28 13:31:00.000000000,BEST_BID,"JPM,101523,166"
2019-06-28 13:31:00.000000000,BEST_ASK,"JPM,104180,183"
2019-06-28 13:31:00.000000000,BEST_BID,"JPM,101523,166"
2019-06-28 13:31:00.000000000,BEST_ASK,"JPM,104180,183"
2019-06-28 13:31:00.000000000,BEST_BID,"JPM,101523,166"
2019-06-28 13:31:00.000000000,BEST_ASK,"JPM,104180,183"
2019-06-28 13:31:00.000000000,BEST_BID,"JPM,101523,166"
2019-06-28 13:31:00.000000000,BEST_ASK,"JPM,104180,183"
2019-06-28 13:31:00.000000000,BEST_BID,"JPM,101523,166"
2019-06-28 13:31:00.000000000,BEST_ASK,"JPM,104180,183"
2019-06-28 13:31:00.000000000,BEST_BID,"JPM,101523,166"
2019-06-28 13:31:00.000000000,BEST_ASK,"JPM,104180,249"
2019-06-28 13:31:00.000000000,BEST_BID,"JPM,101523,166"
2019-06-28 13:31:00.000000000,BEST_ASK,"JPM,104180,249"
2019-06-28 13:31:00.000000000,QUERY_SPREAD,77
2019-06-28 13:31:00.000000000,BEST_BID,"JPM,101523,166"
2019-06-28 13:31:00.000000000,BEST_ASK,"JPM,104180,245"
2019-06-28 13:31:00.000000000,LAST_TRADE,"4,$104180.0000"
2019-06-28 13:31:00.000000000,QUERY_SPREAD,78
2019-06-28 13:31:00.000000000,BEST_BID,"JPM,101523,166"
2019-06-28 13:31:00.000000000,BEST_ASK,"JPM,104180,237"
2019-06-28 13:31:00.000000000,LAST_TRADE,"8,$104180.0000"
2019-06-28 13:31:00.000000000,QUERY_SPREAD,79
2019-06-28 13:31:00.000000000,BEST_BID,"JPM,101523,166"
2019-06-28 13:31:00.000000000,BEST_ASK,"JPM,104180,236"
2019-06-28 13:31:00.000000000,LAST_TRADE,"1,$104180.0000"
2019-06-28 13:31:00.000000000,QUERY_SPREAD,80
2019-06-28 13:31:00.000000000,BEST_BID,"JPM,101523,166"
2019-06-28 13:31:00.000000000,BEST_ASK,"JPM,104180,231"
2019-06-28 13:31:00.000000000,LAST_TRADE,"5,$104180.0000"
2019-06-28 13:31:00.000000000,QUERY_SPREAD,81
2019-06-28 13:31:00.000000000,BEST_BID,"JPM,101523,166"
2019-06-28 13:31:00.000000000,BEST_ASK,"JPM,104180,226"
2019-06-28 13:31:00.000000000,LAST_TRADE,"5,$104180.0000"
2019-06-28 13:31:00.000000000,QUERY_SPREAD,82
2019-06-28 13:31:00.000000000,BEST_BID,"JPM,101523,166"
2019-06-28 13:31:00.000000000,BEST_ASK,"JPM,104180,220"
2019-06-28 13:31:00.000000000,LAST_TRADE,"6,$104180.0000"
2019-06-28 13:31:00.000000000,QUERY_SPREAD,83
2019-06-28 13:31:00.000000000,BEST_BID,"JPM,101523,166"
2019-06-28 13:31:00.000000000,BEST_ASK,"JPM,104180,216"
2019-06-28 13:31:00.000000000,LAST_TRADE,"4,$104180.0000"
2019-06-28 13:31:00.000000000,QUERY_SPREAD,84
2019-06-28 13:31:00.000000000,BEST_BID,"JPM,101523,166"
2019-06-28 13:31:00.000000000,BEST_ASK,"JPM,104180,211"
2019-06-28 13:31:00.000000000,LAST_TRADE,"5,$104180.0000"
2019-06-28 13:31:00.000000000,QUERY_SPREAD,85
2019-06-28 13:31:00.000000000,BEST_BID,"JPM,101523,166"
2019-06-28 13:31:00.000000000,BEST_ASK,"JPM,104180,206"
2019-06-28 13:31:00.000000000,LAST_TRADE,"5,$104180.0000"
2019-06-28 13:31:00.000000000,QUERY_SPREAD,86
2019-06-28 13:31:00.000000000,BEST_BID,"JPM,101523,166"
2019-06-28 13:31:00.000000000,BEST_ASK,"JPM,104180,197"
2019-06-28 13:31:00.000000000,LAST_TRADE,"9,$104180.0000"
2019-06-28 13:31:00.000000000,QUERY_SPREAD,87
2019-06-28 13:31:00.000000000,BEST_BID,"JPM,101523,166"
2019-06-28 13:31:00.000000000,BEST_ASK,"JPM,104180,195"
2019-06-28 13:31:00.000000000,LAST_TRADE,"2,$104180.0000"
2019-06-28 13:31:00.000000000,QUERY_SPREAD,88
2019-06-28 13:31:00.000000000,BEST_BID,"JPM,101523,166"
2019-06-28 13:31:00.000000000,BEST_ASK,"JPM,104180,187"
2019-06-28 13:31:00.000000000,LAST_TRADE,"8,$104180.0000"
2019-06-28 13:31:00.000000000,QUERY_SPREAD,89
2019-06-28 13:31:00.000000000,BEST_BID,"JPM,101523,166"
2019-06-28 13:31:00.000000000,BEST_ASK,"JPM,104180,180"
2019-06-28 13:31:00.000000000,LAST_TRADE,"7,$104180.0000"
2019-06-28 13:31:00.000000000,QUERY_SPREAD,90
2019-06-28 13:31:00.000000000,BEST_BID,"JPM,101523,166"
2019-06-28 13:31:00.000000000,BEST_ASK,"JPM,104180,174"
2019-06-28 13:31:00.000000000,LAST_TRADE,"6,$104180.0000"
2019-06-28 13:31:00.000000000,QUERY_SPREAD,91
2019-06-28 13:31:00.000000000,BEST_BID,"JPM,101523,166"
2019-06-28 13:31:00.000000000,BEST_ASK,"JPM,104180,169"
2019-06-28 13:31:00.000000000,LAST_TRADE,"5,$104180.0000"
2019-06-28 13:31:00.000000000,QUERY_SPREAD,92
2019-06-28 13:31:00.000000000,BEST_BID,"JPM,101523,166"
2019-06-28 13:31:00.000000000,BEST_ASK,"JPM,104180,168"
2019-06-28 13:31:00.000000000,LAST_TRADE,"1,$104180.0000"
2019-06-28 13:31:00.000000000,QUERY_SPREAD,93
2019-06-28 13:31:00.000000000,BEST_BID,"JPM,101523,166"
2019-06-28 13:31:00.000000000,BEST_ASK,"JPM,104180,166"
2019-06-28 13:31:00.000000000,LAST_TRADE,"2,$104180.0000"
2019-06-28 13:31:00.000000000,QUERY_SPREAD,94
2019-06-28 13:31:00.000000000,BEST_BID,"JPM,101523,166"
2019-06-28 13:31:00.000000000,BEST_ASK,"JPM,104180,164"
2019-06-28 13:31:00.000000000,LAST_TRADE,"2,$104180.0000"
2019-06-28 13:31:00.000000000,QUERY_SPREAD,95
2019-06-28 13:31:00.000000000,BEST_BID,"JPM,101523,166"
2019-06-28 13:31:00.000000000,BEST_ASK,"JPM,104180,157"
2019-06-28 13:31:00.000000000,LAST_TRADE,"7,$104180.0000"
2019-06-28 13:31:00.000000000,QUERY_SPREAD,96
2019-06-28 13:31:00.000000000,BEST_BID,"JPM,101523,166"
2019-06-28 13:31:00.000000000,BEST_ASK,"JPM,104180,150"
2019-06-28 13:31:00.000000000,LAST_TRADE,"7,$104180.0000"
2019-06-28 13:31:00.000000000,QUERY_SPREAD,97
2019-06-28 13:31:00.000000000,BEST_BID,"JPM,101523,166"
2019-06-28 13:31:00.000000000,BEST_ASK,"JPM,104180,144"
2019-06-28 13:31:00.000000000,LAST_TRADE,"6,$104180.0000"
2019-06-28 13:31:00.000000000,QUERY_SPREAD,98
2019-06-28 13:31:00.000000000,BEST_BID,"JPM,101523,166"
2019-06-28 13:31:00.000000000,BEST_ASK,"JPM,104180,140"
2019-06-28 13:31:00.000000000,LAST_TRADE,"4,$104180.0000"
2019-06-28 13:31:00.000000000,QUERY_SPREAD,99
2019-06-28 13:31:00.000000000,BEST_BID,"JPM,101523,166"
2019-06-28 13:31:00.000000000,BEST_ASK,"JPM,104180,138"
2019-06-28 13:31:00.000000000,LAST_TRADE,"2,$104180.0000"
2019-06-28 13:31:00.000000000,QUERY_SPREAD,100
2019-06-28 13:31:00.000000000,BEST_BID,"JPM,101523,166"
2019-06-28 13:31:00.000000000,BEST_ASK,"JPM,104180,132"
2019-06-28 13:31:00.000000000,LAST_TRADE,"6,$104180.0000"
2019-06-28 13:31:00.000000000,QUERY_SPREAD,101
2019-06-28 13:31:00.000000000,QUERY_ORDER_STREAM,101
2019-06-28 13:31:00.749135607,QUERY_SPREAD,15
2019-06-28 13:31:00.749135607,BEST_BID,"JPM,101523,66"
2019-06-28 13:31:00.749135607,BEST_ASK,"JPM,104180,132"
2019-06-28 13:31:00.749135607,LAST_TRADE,"100,$101523.0000"
2019-06-28 13:31:10.000000000,QUERY_SPREAD,1
2019-06-28 13:31:10.000000000,BEST_BID,"JPM,100894,264"
2019-06-28 13:31:10.000000000,BEST_ASK,"JPM,104180,66"
2019-06-28 13:31:10.000000000,BEST_BID,"JPM,100894,264"
2019-06-28 13:31:10.000000000,BEST_ASK,"JPM,104180,66"
2019-06-28 13:31:10.000000000,BEST_BID,"JPM,100894,264"
2019-06-28 13:31:10.000000000,BEST_ASK,"JPM,104180,230"
2019-06-28 13:31:10.000000000,BEST_BID,"JPM,100894,264"
2019-06-28 13:31:10.000000000,BEST_ASK,"JPM,104180,230"
2019-06-28 13:31:20.000000000,QUERY_SPREAD,1
2019-06-28 13:31:20.000000000,BEST_BID,"JPM,100894,166"
2019-06-28 13:31:20.000000000,BEST_ASK,"JPM,104180,66"
2019-06-28 13:31:20.000000000,BEST_BID,"JPM,100894,166"
2019-06-28 13:31:20.000000000,BEST_ASK,"JPM,104180,66"
2019-06-28 13:31:20.000000000,BEST_BID,"JPM,100894,166"
2019-06-28 13:31:20.000000000,BEST_ASK,"JPM,104180,66"
2019-06-28 13:31:20.000000000,BEST_BID,"JPM,100894,166"
2019-06-28 13:31:20.000000000,BEST_ASK,"JPM,104180,66"
2019-06-28 13:31:20.000000000,BEST_BID,"JPM,100894,166"
2019-06-28 13:31:20.000000000,BEST_ASK,"JPM,104180,66"
2019-06-28 13:31:20.000000000,BEST_BID,"JPM,100894,166"
2019-06-28 13:31:20.000000000,BEST_ASK,"JPM,104180,132"
2019-06-28 13:31:20.000000000,BEST_BID,"JPM,100894,166"
2019-06-28 13:31:20.000000000,BEST_ASK,"JPM,104180,132"
2019-06-28 13:31:30.000000000,QUERY_SPREAD,1
2019-06-28 13:31:30.000000000,BEST_BID,"JPM,100894,212"
2019-06-28 13:31:30.000000000,BEST_ASK,"JPM,104180,66"
2019-06-28 13:31:30.000000000,BEST_BID,"JPM,100894,212"
2019-06-28 13:31:30.000000000,BEST_ASK,"JPM,104180,66"
2019-06-28 13:31:30.000000000,BEST_BID,"JPM,100894,212"
2019-06-28 13:31:30.000000000,BEST_ASK,"JPM,104180,66"
2019-06-28 13:31:30.000000000,BEST_BID,"JPM,100894,212"
2019-06-28 13:31:30.000000000,BEST_ASK,"JPM,104180,178"
2019-06-28 13:31:30.000000000,BEST_BID,"JPM,100894,212"
2019-06-28 13:31:30.000000000,BEST_ASK,"JPM,104180,178"
2019-06-28 13:31:40.000000000,QUERY_SPREAD,1
2019-06-28 13:31:40.000000000,BEST_BID,"JPM,100894,166"
2019-06-28 13:31:40.000000000,BEST_ASK,"JPM,104180,66"
2019-06-28 13:31:40.000000000,BEST_BID,"JPM,100894,166"
2019-06-28 13:31:40.000000000,BEST_ASK,"JPM,104180,66"
2019-06-28 13:31:40.000000000,BEST_BID,"JPM,100894,166"
2019-06-28 13:31:40.000000000,BEST_ASK,"JPM,104180,66"
2019-06-28 13:31:40.000000000,BEST_BID,"JPM,100894,166"
2019-06-28 13:31:40.000000000,BEST_ASK,"JPM,104180,66"
2019-06-28 13:31:40.000000000,BEST_BID,"JPM,100894,166"
2019-06-28 13:31:40.000000000,BEST_ASK,"JPM,104180,66"
2019-06-28 13:31:40.000000000,BEST_BID,"JPM,100894,166"
2019-06-28 13:31:40.000000000,BEST_ASK,"JPM,104180,132"
2019-06-28 13:31:40.000000000,BEST_BID,"JPM,100894,166"
2019-06-28 13:31:40.000000000,BEST_ASK,"JPM,104180,132"
2019-06-28 13:31:50.000000000,QUERY_SPREAD,1
2019-06-28 13:31:50.000000000,BEST_BID,"JPM,100894,182"
2019-06-28 13:31:50.000000000,BEST_ASK,"JPM,104180,66"
2019-06-28 13:31:50.000000000,BEST_BID,"JPM,100894,182"
2019-06-28 13:31:50.000000000,BEST_ASK,"JPM,104180,66"
2019-06-28 13:31:50.000000000,BEST_BID,"JPM,100894,182"
2019-06-28 13:31:50.000000000,BEST_ASK,"JPM,104180,66"
2019-06-28 13:31:50.000000000,BEST_BID,"JPM,100894,182"
2019-06-28 13:31:50.000000000,BEST_ASK,"JPM,104180,66"
2019-06-28 13:31:50.000000000,BEST_BID,"JPM,100894,182"
2019-06-28 13:31:50.000000000,BEST_ASK,"JPM,104180,148"
2019-06-28 13:31:50.000000000,BEST_BID,"JPM,100894,182"
2019-06-28 13:31:50.000000000,BEST_ASK,"JPM,104180,148"
2019-06-28 13:31:50.171020885,QUERY_SPREAD,42
2019-06-28 13:31:50.171020885,BEST_BID,"JPM,100894,182"
2019-06-28 13:31:50.171020885,BEST_ASK,"JPM,101306,100"
2019-06-28 13:32:00.000000000,QUERY_SPREAD,1
2019-06-28 13:32:00.000000000,BEST_BID,"JPM,100894,166"
2019-06-28 13:32:00.000000000,BEST_ASK,"JPM,101306,100"
2019-06-28 13:32:00.000000000,BEST_BID,"JPM,100894,166"
2019-06-28 13:32:00.000000000,BEST_ASK,"JPM,101306,100"
2019-06-28 13:32:00.000000000,BEST_BID,"JPM,100894,166"
2019-06-28 13:32:00.000000000,BEST_ASK,"JPM,101306,100"
2019-06-28 13:32:00.000000000,BEST_BID,"JPM,100894,166"
2019-06-28 13:32:00.000000000,BEST_ASK,"JPM,101306,100"
2019-06-28 13:32:00.000000000,BEST_BID,"JPM,100894,166"
2019-06-28 13:32:00.000000000,BEST_ASK,"JPM,101306,100"
2019-06-28 13:32:00.000000000,BEST_BID,"JPM,100894,166"
2019-06-28 13:32:00.000000000,BEST_ASK,"JPM,101306,166"
2019-06-28 13:32:00.000000000,BEST_BID,"JPM,100894,166"
2019-06-28 13:32:00.000000000,BEST_ASK,"JPM,101306,166"
2019-06-28 13:32:00.000000000,BEST_BID,"JPM,100894,166"
2019-06-28 13:32:00.000000000,BEST_ASK,"JPM,101306,166"
2019-06-28 13:32:00.000000000,QUERY_SPREAD,77
2019-06-28 13:32:00.000000000,BEST_BID,"JPM,100894,166"
2019-06-28 13:32:00.000000000,BEST_ASK,"JPM,101306,162"
2019-06-28 13:32:00.000000000,LAST_TRADE,"4,$101306.0000"
2019-06-28 13:32:00.000000000,QUERY_SPREAD,78
2019-06-28 13:32:00.000000000,BEST_BID,"JPM,100894,166"
2019-06-28 13:32:00.000000000,BEST_ASK,"JPM,101306,154"
2019-06-28 13:32:00.000000000,LAST_TRADE,"8,$101306.0000"
2019-06-28 13:32:00.000000000,QUERY_SPREAD,79
2019-06-28 13:32:00.000000000,BEST_BID,"JPM,100894,166"
2019-06-28 13:32:00.000000000,BEST_ASK,"JPM,101306,153"
2019-06-28 13:32:00.000000000,LAST_TRADE,"1,$101306.0000"
2019-06-28 13:32:00.000000000,QUERY_SPREAD,80
2019-06-28 13:32:00.000000000,BEST_BID,"JPM,100894,166"
2019-06-28 13:32:00.000000000,BEST_ASK,"JPM,101306,148"
2019-06-28 13:32:00.000000000,LAST_TRADE,"5,$101306.0000"
2019-06-28 13:32:00.000000000,QUERY_SPREAD,81
2019-06-28 13:32:00.000000000,BEST_BID,"JPM,100894,166"
2019-06-28 13:32:00.000000000,BEST_ASK,"JPM,101306,143"
2019-06-28 13:32:00.000000000,LAST_TRADE,"5,$101306.0000"
2019-06-28 13:32:00.000000000,QUERY_SPREAD,82
2019-06-28 13:32:00.000000000,BEST_BID,"JPM,100894,166"
2019-06-28 13:32:00.000000000,BEST_ASK,"JPM,101306,137"
2019-06-28 13:32:00.000000000,LAST_TRADE,"6,$101306.0000"
2019-06-28 13:32:00.000000000,QUERY_SPREAD,83
2019-06-28 13:32:00.000000000,BEST_BID,"JPM,100894,166"
2019-06-28 13:32:00.000000000,BEST_ASK,"JPM,101306,133"
2019-06-28 13:32:00.000000000,LAST_TRADE,"4,$101306.0000"
2019-06-28 13:32:00.000000000,QUERY_SPREAD,84
2019-06-28 13:32:00.000000000,BEST_BID,"JPM,100894,166"
2019-06-28 13:32:00.000000000,BEST_ASK,"JPM,101306,128"
2019-06-28 13:32:00.000000000,LAST_TRADE,"5,$101306.0000"
2019-06-28 13:32:00.000000000,QUERY_SPREAD,85
2019-06-28 13:32:00.000000000,BEST_BID,"JPM,100894,166"
2019-06-28 13:32:00.000000000,BEST_ASK,"JPM,101306,123"
2019-06-28 13:32:00.000000000,LAST_TRADE,"5,$101306.0000"
2019-06-28 13:32:00.000000000,QUERY_SPREAD,86
2019-06-28 13:32:00.000000000,BEST_BID,"JPM,100894,166"
2019-06-28 13:32:00.000000000,BEST_ASK,"JPM,101306,114"
2019-06-28 13:32:00.000000000,LAST_TRADE,"9,$101306.0000"
2019-06-28 13:32:00.000000000,QUERY_SPREAD,87
2019-06-28 13:32:00.000000000,BEST_BID,"JPM,100894,166"
2019-06-28 13:32:00.000000000,BEST_ASK,"JPM,101306,112"
2019-06-28 13:32:00.000000000,LAST_TRADE,"2,$101306.0000"
2019-06-28 13:32:00.000000000,QUERY_SPREAD,88
2019-06-28 13:32:00.000000000,BEST_BID,"JPM,100894,166"
2019-06-28 13:32:00.000000000,BEST_ASK,"JPM,101306,104"
2019-06-28 13:32:00.000000000,LAST_TRADE,"8,$101306.0000"
2019-06-28 13:32:00.000000000,QUERY_SPREAD,89
2019-06-28 13:32:00.000000000,BEST_BID,"JPM,100894,166"
2019-06-28 13:32:00.000000000,BEST_ASK,"JPM,101306,97"
2019-06-28 13:32:00.000000000,LAST_TRADE,"7,$101306.0000"
2019-06-28 13:32:00.000000000,QUERY_SPREAD,90
2019-06-28 13:32:00.000000000,BEST_BID,"JPM,100894,166"
2019-06-28 13:32:00.000000000,BEST_ASK,"JPM,101306,91"
2019-06-28 13:32:00.000000000,LAST_TRADE,"6,$101306.0000"
2019-06-28 13:32:00.000000000,QUERY_SPREAD,91
2019-06-28 13:32:00.000000000,BEST_BID,"JPM,100894,166"
2019-06-28 13:32:00.000000000,BEST_ASK,"JPM,101306,86"
2019-06-28 13:32:00.000000000,LAST_TRADE,"5,$101306.0000"
2019-06-28 13:32:00.000000000,QUERY_SPREAD,92
2019-06-28 13:32:00.000000000,BEST_BID,"JPM,100894,166"
2019-06-28 13:32:00.000000000,BEST_ASK,"JPM,101306,85"
2019-06-28 13:32:00.000000000,LAST_TRADE,"1,$101306.0000"
2019-06-28 13:32:00.000000000,QUERY_SPREAD,93
2019-06-28 13:32:00.000000000,BEST_BID,"JPM,100894,166"
2019-06-28 13:32:00.000000000,BEST_ASK,"JPM,101306,83"
2019-06-28 13:32:00.000000000,LAST_TRADE,"2,$101306.0000"
2019-06-28 13:32:00.000000000,QUERY_SPREAD,94
2019-06-28 13:32:00.000000000,BEST_BID,"JPM,100894,166"
2019-06-28 13:32:00.000000000,BEST_ASK,"JPM,101306,81"
2019-06-28 13:32:00.000000000,LAST_TRADE,"2,$101306.0000"
2019-06-28 13:32:00.000000000,QUERY_SPREAD,95
2019-06-28 13:32:00.000000000,BEST_BID,"JPM,100894,166"
2019-06-28 13:32:00.000000000,BEST_ASK,"JPM,101306,74"
2019-06-28 13:32:00.000000000,LAST_TRADE,"7,$101306.0000"
2019-06-28 13:32:00.000000000,QUERY_SPREAD,96
2019-06-28 13:32:00.000000000,BEST_BID,"JPM,100894,166"
2019-06-28 13:32:00.000000000,BEST_ASK,"JPM,101306,67"
2019-06-28 13:32:00.000000000,LAST_TRADE,"7,$101306.0000"
2019-06-28 13:32:00.000000000,QUERY_SPREAD,97
2019-06-28 13:32:00.000000000,BEST_BID,"JPM,100894,166"
2019-06-28 13:32:00.000000000,BEST_ASK,"JPM,101306,61"
2019-06-28 13:32:00.000000000,LAST_TRADE,"6,$101306.0000"
2019-06-28 13:32:00.000000000,QUERY_SPREAD,98
2019-06-28 13:32:00.000000000,BEST_BID,"JPM,100894,166"
2019-06-28 13:32:00.000000000,BEST_ASK,"JPM,101306,57"
2019-06-28 13:32:00.000000000,LAST_TRADE,"4,$101306.0000"
2019-06-28 13:32:00.000000000,QUERY_SPREAD,99
2019-06-28 13:32:00.000000000,BEST_BID,"JPM,100894,166"
2019-06-28 13:32:00.000000000,BEST_ASK,"JPM,101306,55"
2019-06-28 13:32:00.000000000,LAST_TRADE,"2,$101306.0000"
2019-06-28 13:32:00.000000000,QUERY_SPREAD,100
2019-06-28 13:32:00.000000000,BEST_BID,"JPM,100894,166"
2019-06-28 13:32:00.000000000,BEST_ASK,"JPM,101306,49"
2019-06-28 13:32:00.000000000,LAST_TRADE,"6,$101306.0000"
2019-06-28 13:32:00.000000000,QUERY_SPREAD,101
2019-06-28 13:32:00.000000000,QUERY_ORDER_STREAM,101
2019-06-28 13:32:06.128927898,QUERY_ORDER_STREAM,60
2019-06-28 13:32:06.128927898,QUERY_SPREAD,60
2019-06-28 13:32:10.000000000,QUERY_SPREAD,1
2019-06-28 13:32:10.000000000,BEST_BID,"JPM,100894,182"
2019-06-28 13:32:10.000000000,BEST_ASK,"JPM,104180,66"
2019-06-28 13:32:10.000000000,BEST_BID,"JPM,100894,182"
2019-06-28 13:32:10.000000000,BEST_ASK,"JPM,104180,66"
2019-06-28 13:32:10.000000000,BEST_BID,"JPM,100894,182"
2019-06-28 13:32:10.000000000,BEST_ASK,"JPM,104180,66"
2019-06-28 13:32:10.000000000,BEST_BID,"JPM,100894,182"
2019-06-28 13:32:10.000000000,BEST_ASK,"JPM,104180,66"
2019-06-28 13:32:10.000000000,BEST_BID,"JPM,100894,182"
2019-06-28 13:32:10.000000000,BEST_ASK,"JPM,104180,148"
2019-06-28 13:32:10.000000000,BEST_BID,"JPM,100894,182"
2019-06-28 13:32:10.000000000,BEST_ASK,"JPM,104180,148"
2019-06-28 13:32:20.000000000,QUERY_SPREAD,1
2019-06-28 13:32:20.000000000,BEST_BID,"JPM,100894,182"
2019-06-28 13:32:20.000000000,BEST_ASK,"JPM,104180,66"
2019-06-28 13:32:20.000000000,BEST_BID,"JPM,100894,182"
2019-06-28 13:32:20.000000000,BEST_ASK,"JPM,104180,66"
2019-06-28 13:32:20.000000000,BEST_BID,"JPM,100894,182"
2019-06-28 13:32:20.000000000,BEST_ASK,"JPM,104180,66"
2019-06-28 13:32:20.000000000,BEST_BID,"JPM,100894,182"
2019-06-28 13:32:20.000000000,BEST_ASK,"JPM,104180,66"
2019-06-28 13:32:20.000000000,BEST_BID,"JPM,100894,182"
2019-06-28 13:32:20.000000000,BEST_ASK,"JPM,104180,148"
2019-06-28 13:32:20.000000000,BEST_BID,"JPM,100894,182"
2019-06-28 13:32:20.000000000,BEST_ASK,"JPM,104180,148"
2019-06-28 13:32:30.000000000,QUERY_SPREAD,1
2019-06-28 13:32:30.000000000,BEST_BID,"JPM,100894,182"
2019-06-28 13:32:30.000000000,BEST_ASK,"JPM,104180,66"
2019-06-28 13:32:30.000000000,BEST_BID,"JPM,100894,182"
2019-06-28 13:32:30.000000000,BEST_ASK,"JPM,104180,66"
2019-06-28 13:32:30.000000000,BEST_BID,"JPM,100894,182"
2019-06-28 13:32:30.000000000,BEST_ASK,"JPM,104180,66"
2019-06-28 13:32:30.000000000,BEST_BID,"JPM,100894,182"
2019-06-28 13:32:30.000000000,BEST_ASK,"JPM,104180,66"
2019-06-28 13:32:30.000000000,BEST_BID,"JPM,100894,182"
2019-06-28 13:32:30.000000000,BEST_ASK,"JPM,104180,148"
2019-06-28 13:32:30.000000000,BEST_BID,"JPM,100894,182"
2019-06-28 13:32:30.000000000,BEST_ASK,"JPM,104180,148"
2019-06-28 13:32:35.064928379,QUERY_ORDER_STREAM,69
2019-06-28 13:32:35.064928379,QUERY_SPREAD,69
2019-06-28 13:32:35.064928379,BEST_BID,"JPM,101306,100"
2019-06-28 13:32:35.064928379,BEST_ASK,"JPM,104180,148"
2019-06-28 13:32:40.000000000,QUERY_SPREAD,1
2019-06-28 13:32:40.000000000,BEST_BID,"JPM,101306,264"
2019-06-28 13:32:40.000000000,BEST_ASK,"JPM,104180,66"
2019-06-28 13:32:40.000000000,BEST_BID,"JPM,101306,264"
2019-06-28 13:32:40.000000000,BEST_ASK,"JPM,104180,66"
2019-06-28 13:32:40.000000000,BEST_BID,"JPM,101306,264"
2019-06-28 13:32:40.000000000,BEST_ASK,"JPM,104180,230"
2019-06-28 13:32:40.000000000,BEST_BID,"JPM,101306,264"
2019-06-28 13:32:40.000000000,BEST_ASK,"JPM,104180,230"
2019-06-28 13:32:50.000000000,QUERY_SPREAD,1
2019-06-28 13:32:50.000000000,BEST_BID,"JPM,101306,212"
2019-06-28 13:32:50.000000000,BEST_ASK,"JPM,104180,66"
2019-06-28 13:32:50.000000000,BEST_BID,"JPM,101306,212"
2019-06-28 13:32:50.000000000,BEST_ASK,"JPM,104180,66"
2019-06-28 13:32:50.000000000,BEST_BID,"JPM,101306,212"
2019-06-28 13:32:50.000000000,BEST_ASK,"JPM,104180,66"
2019-06-28 13:32:50.000000000,BEST_BID,"JPM,101306,212"
2019-06-28 13:32:50.000000000,BEST_ASK,"JPM,104180,178"
2019-06-28 13:32:50.000000000,BEST_BID,"JPM,101306,212"
2019-06-28 13:32:50.000000000,BEST_ASK,"JPM,104180,178"
2019-06-28 13:32:50.112217935,QUERY_SPREAD,18
2019-06-28 13:32:50.112217935,BEST_BID,"JPM,101667,100"
2019-06-28 13:32:50.112217935,BEST_ASK,"JPM,104180,178"
2019-06-28 13:32:56.994963454,QUERY_SPREAD,37
2019-06-28 13:32:56.994963454,BEST_BID,"JPM,101776,100"
2019-06-28 13:32:56.994963454,BEST_ASK,"JPM,104180,178"
2019-06-28 13:33:00.000000000,QUERY_SPREAD,1
2019-06-28 13:33:00.000000000,BEST_BID,"JPM,101776,212"
2019-06-28 13:33:00.000000000,BEST_ASK,"JPM,104180,66"
2019-06-28 13:33:00.000000000,BEST_BID,"JPM,101776,212"
2019-06-28 13:33:00.000000000,BEST_ASK,"JPM,104180,66"
2019-06-28 13:33:00.000000000,BEST_BID,"JPM,101776,212"
2019-06-28 13:33:00.000000000,BEST_ASK,"JPM,104180,66"
2019-06-28 13:33:00.000000000,BEST_BID,"JPM,101776,212"
2019-06-28 13:33:00.000000000,BEST_ASK,"JPM,104180,178"
2019-06-28 13:33:00.000000000,BEST_BID,"JPM,101776,212"
2019-06-28 13:33:00.000000000,BEST_ASK,"JPM,104180,178"
2019-06-28 13:33:00.000000000,QUERY_SPREAD,77
2019-06-28 13:33:00.000000000,BEST_BID,"JPM,101776,212"
2019-06-28 13:33:00.000000000,BEST_ASK,"JPM,104180,174"
2019-06-28 13:33:00.000000000,LAST_TRADE,"4,$104180.0000"
2019-06-28 13:33:00.000000000,QUERY_SPREAD,78
2019-06-28 13:33:00.000000000,BEST_BID,"JPM,101776,212"
2019-06-28 13:33:00.000000000,BEST_ASK,"JPM,104180,166"
2019-06-28 13:33:00.000000000,LAST_TRADE,"8,$104180.0000"
2019-06-28 13:33:00.000000000,QUERY_SPREAD,79
2019-06-28 13:33:00.000000000,BEST_BID,"JPM,101776,212"
2019-06-28 13:33:00.000000000,BEST_ASK,"JPM,104180,165"
2019-06-28 13:33:00.000000000,LAST_TRADE,"1,$104180.0000"
2019-06-28 13:33:00.000000000,QUERY_SPREAD,80
2019-06-28 13:33:00.000000000,BEST_BID,"JPM,101776,212"
2019-06-28 13:33:00.000000000,BEST_ASK,"JPM,104180,160"
2019-06-28 13:33:00.000000000,LAST_TRADE,"5,$104180.0000"
2019-06-28 13:33:00.000000000,QUERY_SPREAD,81
2019-06-28 13:33:00.000000000,BEST_BID,"JPM,101776,212"
2019-06-28 13:33:00.000000000,BEST_ASK,"JPM,104180,155"
2019-06-28 13:33:00.000000000,LAST_TRADE,"5,$104180.0000"
2019-06-28 13:33:00.000000000,QUERY_SPREAD,82
2019-06-28 13:33:00.000000000,BEST_BID,"JPM,101776,212"
2019-06-28 13:33:00.000000000,BEST_ASK,"JPM,104180,149"
2019-06-28 13:33:00.000000000,LAST_TRADE,"6,$104180.0000"
2019-06-28 13:33:00.000000000,QUERY_SPREAD,83
2019-06-28 13:33:00.000000000,BEST_BID,"JPM,101776,212"
2019-06-28 13:33:00.000000000,BEST_ASK,"JPM,104180,145"
2019-06-28 13:33:00.000000000,LAST_TRADE,"4,$104180.0000"
2019-06-28 13:33:00.000000000,QUERY_SPREAD,84
2019-06-28 13:33:00.000000000,BEST_BID,"JPM,101776,212"
2019-06-28 13:33:00.000000000,BEST_ASK,"JPM,104180,140"
2019-06-28 13:33:00.000000000,LAST_TRADE,"5,$104180.0000"
2019-06-28 13:33:00.000000000,QUERY_SPREAD,85
2019-06-28 13:33:00.000000000,BEST_BID,"JPM,101776,212"
2019-06-28 13:33:00.000000000,BEST_ASK,"JPM,104180,135"
2019-06-28 13:33:00.000000000,LAST_TRADE,"5,$104180.0000"
2019-06-28 13:33:00.000000000,QUERY_SPREAD,86
2019-06-28 13:33:00.000000000,BEST_BID,"JPM,101776,212"
2019-06-28 13:33:00.000000000,BEST_ASK,"JPM,104180,126"
2019-06-28 13:33:00.000000000,LAST_TRADE,"9,$104180.0000"
2019-06-28 13:33:00.000000000,QUERY_SPREAD,87
2019-06-28 13:33:00.000000000,BEST_BID,"JPM,101776,212"
2019-06-28 13:33:00.000000000,BEST_ASK,"JPM,104180,124"
2019-06-28 13:33:00.000000000,LAST_TRADE,"2,$104180.0000"
2019-06-28 13:33:00.000000000,QUERY_SPREAD,88
2019-06-28 13:33:00.000000000,BEST_BID,"JPM,101776,212"
2019-06-28 13:33:00.000000000,BEST_ASK,"JPM,104180,116"
2019-06-28 13:33:00.000000000,LAST_TRADE,"8,$104180.0000"
2019-06-28 13:33:00.000000000,QUERY_SPREAD,89
2019-06-28 13:33:00.000000000,BEST_BID,"JPM,101776,212"
2019-06-28 13:33:00.000000000,BEST_ASK,"JPM,104180,109"
2019-06-28 13:33:00.000000000,LAST_TRADE,"7,$104180.0000"
2019-06-28 13:33:00.000000000,QUERY_SPREAD,90
2019-06-28 13:33:00.000000000,BEST_BID,"JPM,101776,212"
2019-06-28 13:33:00.000000000,BEST_ASK,"JPM,104180,103"
2019-06-28 13:33:00.000000000,LAST_TRADE,"6,$104180.0000"
2019-06-28 13:33:00.000000000,QUERY_SPREAD,91
2019-06-28 13:33:00.000000000,BEST_BID,"JPM,101776,212"
2019-06-28 13:33:00.000000000,BEST_ASK,"JPM,104180,98"
2019-06-28 13:33:00.000000000,LAST_TRADE,"5,$104180.0000"
2019-06-28 13:33:00.000000000,QUERY_SPREAD,92
2019-06-28 13:33:00.000000000,BEST_BID,"JPM,101776,212"
2019-06-28 13:33:00.000000000,BEST_ASK,"JPM,104180,97"
2019-06-28 13:33:00.000000000,LAST_TRADE,"1,$104180.0000"
2019-06-28 13:33:00.000000000,QUERY_SPREAD,93
2019-06-28 13:33:00.000000000,BEST_BID,"JPM,101776,212"
2019-06-28 13:33:00.000000000,BEST_ASK,"JPM,104180,95"
2019-06-28 13:33:00.000000000,LAST_TRADE,"2,$104180.0000"
2019-06-28 13:33:00.000000000,QUERY_SPREAD,94
2019-06-28 13:33:00.000000000,BEST_BID,"JPM,101776,212"
2019-06-28 13:33:00.000000000,BEST_ASK,"JPM,104180,93"
2019-06-28 13:33:00.000000000,LAST_TRADE,"2,$104180.0000"
2019-06-28 13:33:00.000000000,QUERY_SPREAD,95
2019-06-28 13:33:00.000000000,BEST_BID,"JPM,101776,212"
2019-06-28 13:33:00.000000000,BEST_ASK,"JPM,104180,86"
2019-06-28 13:33:00.000000000,LAST_TRADE,"7,$104180.0000"
2019-06-28 13:33:00.000000000,QUERY_SPREAD,96
2019-06-28 13:33:00.000000000,BEST_BID,"JPM,101776,212"
2019-06-28 13:33:00.000000000,BEST_ASK,"JPM,104180,79"
2019-06-28 13:33:00.000000000,LAST_TRADE,"7,$104180.0000"
2019-06-28 13:33:00.000000000,QUERY_SPREAD,97
2019-06-28 13:33:00.000000000,BEST_BID,"JPM,101776,212"
2019-06-28 13:33:00.000000000,BEST_ASK,"JPM,104180,73"
2019-06-28 13:33:00.000000000,LAST_TRADE,"6,$104180.0000"
2019-06-28 13:33:00.000000000,QUERY_SPREAD,98
2019-06-28 13:33:00.000000000,BEST_BID,"JPM,101776,212"
2019-06-28 13:33:00.000000000,BEST_ASK,"JPM,104180,69"
2019-06-28 13:33:00.000000000,LAST_TRADE,"4,$104180.0000"
2019-06-28 13:33:00.000000000,QUERY_SPREAD,99
2019-06-28 13:33:00.000000000,BEST_BID,"JPM,101776,212"
2019-06-28 13:33:00.000000000,BEST_ASK,"JPM,104180,67"
2019-06-28 13:33:00.000000000,LAST_TRADE,"2,$104180.0000"
2019-06-28 13:33:00.000000000,QUERY_SPREAD,100
2019-06-28 13:33:00.000000000,BEST_BID,"JPM,101776,212"
2019-06-28 13:33:00.000000000,BEST_ASK,"JPM,104180,61"
2019-06-28 13:33:00.000000000,LAST_TRADE,"6,$104180.0000"
2019-06-28 13:33:00.000000000,QUERY_SPREAD,101
2019-06-28 13:33:00.000000000,QUERY_ORDER_STREAM,101
2019-06-28 13:33:01.031508492,QUERY_ORDER_STREAM,69
2019-06-28 13:33:01.031508492,QUERY_SPREAD,69
2019-06-28 13:33:01.031508492,BEST_BID,"JPM,101776,212"
2019-06-28 13:33:01.031508492,BEST_ASK,"JPM,104180,161"
2019-06-28 13:33:10.000000000,QUERY_SPREAD,1
2019-06-28 13:33:10.000000000,BEST_BID,"JPM,101776,212"
2019-06-28 13:33:10.000000000,BEST_ASK,"JPM,104180,100"
2019-06-28 13:33:10.000000000,BEST_BID,"JPM,101776,212"
2019-06-28 13:33:10.000000000,BEST_ASK,"JPM,104180,100"
2019-06-28 13:33:10.000000000,BEST_BID,"JPM,101776,212"
2019-06-28 13:33:10.000000000,BEST_ASK,"JPM,104180,100"
2019-06-28 13:33:10.000000000,BEST_BID,"JPM,101776,212"
2019-06-28 13:33:10.000000000,BEST_ASK,"JPM,104180,212"
2019-06-28 13:33:10.000000000,BEST_BID,"JPM,101776,212"
2019-06-28 13:33:10.000000000,BEST_ASK,"JPM,104180,212"
2019-06-28 13:33:20.000000000,QUERY_SPREAD,1
2019-06-28 13:33:20.000000000,BEST_BID,"JPM,101776,166"
2019-06-28 13:33:20.000000000,BEST_ASK,"JPM,104180,100"
2019-06-28 13:33:20.000000000,BEST_BID,"JPM,101776,166"
2019-06-28 13:33:20.000000000,BEST_ASK,"JPM,104180,100"
2019-06-28 13:33:20.000000000,BEST_BID,"JPM,101776,166"
2019-06-28 13:33:20.000000000,BEST_ASK,"JPM,104180,100"
2019-06-28 13:33:20.000000000,BEST_BID,"JPM,101776,166"
2019-06-28 13:33:20.000000000,BEST_ASK,"JPM,104180,100"
2019-06-28 13:33:20.000000000,BEST_BID,"JPM,101776,166"
2019-06-28 13:33:20.000000000,BEST_ASK,"JPM,104180,100"
2019-06-28 13:33:20.000000000,BEST_BID,"JPM,101776,166"
2019-06-28 13:33:20.000000000,BEST_ASK,"JPM,104180,166"
2019-06-28 13:33:20.000000000,BEST_BID,"JPM,101776,166"
2019-06-28 13:33:20.000000000,BEST_ASK,"JPM,104180,166"
2019-06-28 13:33:30.000000000,QUERY_SPREAD,1
2019-06-28 13:33:30.000000000,BEST_BID,"JPM,101776,166"
2019-06-28 13:33:30.000000000,BEST_ASK,"JPM,104180,100"
2019-06-28 13:33:30.000000000,BEST_BID,"JPM,101776,166"
2019-06-28 13:33:30.000000000,BEST_ASK,"JPM,104180,100"
2019-06-28 13:33:30.000000000,BEST_BID,"JPM,101776,166"
2019-06-28 13:33:30.000000000,BEST_ASK,"JPM,104180,100"
2019-06-28 13:33:30.000000000,BEST_BID,"JPM,101776,166"
2019-06-28 13:33:30.000000000,BEST_ASK,"JPM,104180,100"
2019-06-28 13:33:30.000000000,BEST_BID,"JPM,101776,166"
2019-06-28 13:33:30.000000000,BEST_ASK,"JPM,104180,100"
2019-06-28 13:33:30.000000000,BEST_BID,"JPM,101776,166"
2019-06-28 13:33:30.000000000,BEST_ASK,"JPM,104180,166"
2019-06-28 13:33:30.000000000,BEST_BID,"JPM,101776,166"
2019-06-28 13:33:30.000000000,BEST_ASK,"JPM,104180,166"
2019-06-28 13:33:30.180402089,QUERY_SPREAD,11
2019-06-28 13:33:30.180402089,BEST_BID,"JPM,101776,66"
2019-06-28 13:33:30.180402089,BEST_ASK,"JPM,104180,166"
2019-06-28 13:33:30.180402089,LAST_TRADE,"100,$101776.0000"
2019-06-28 13:33:31.434247730,QUERY_SPREAD,28
2019-06-28 13:33:31.434247730,BEST_BID,"JPM,101667,166"
2019-06-28 13:33:31.434247730,BEST_ASK,"JPM,101776,34"
2019-06-28 13:33:31.434247730,LAST_TRADE,"66,$101776.0000"
2019-06-28 13:33:31.863727566,QUERY_SPREAD,28
2019-06-28 13:33:31.863727566,BEST_BID,"JPM,101667,66"
2019-06-28 13:33:31.863727566,BEST_ASK,"JPM,104180,166"
2019-06-28 13:33:31.863727566,LAST_TRADE,"100,$101667.0000"
2019-06-28 13:33:40.000000000,QUERY_SPREAD,1
2019-06-28 13:33:40.000000000,BEST_BID,"JPM,100894,182"
2019-06-28 13:33:40.000000000,BEST_ASK,"JPM,104180,100"
2019-06-28 13:33:40.000000000,BEST_BID,"JPM,100894,182"
2019-06-28 13:33:40.000000000,BEST_ASK,"JPM,104180,100"
2019-06-28 13:33:40.000000000,BEST_BID,"JPM,100894,182"
2019-06-28 13:33:40.000000000,BEST_ASK,"JPM,104180,100"
2019-06-28 13:33:40.000000000,BEST_BID,"JPM,100894,182"
2019-06-28 13:33:40.000000000,BEST_ASK,"JPM,104180,100"
2019-06-28 13:33:40.000000000,BEST_BID,"JPM,100894,182"
2019-06-28 13:33:40.000000000,BEST_ASK,"JPM,104180,182"
2019-06-28 13:33:40.000000000,BEST_BID,"JPM,100894,182"
2019-06-28 13:33:40.000000000,BEST_ASK,"JPM,104180,182"
2019-06-28 13:33:41.672594533,QUERY_ORDER_STREAM,73
2019-06-28 13:33:41.672594533,QUERY_SPREAD,73
2019-06-28 13:33:41.672594533,BEST_BID,"JPM,100894,182"
2019-06-28 13:33:41.672594533,BEST_ASK,"JPM,101776,100"
2019-06-28 13:33:50.000000000,QUERY_SPREAD,1
2019-06-28 13:33:50.000000000,BEST_BID,"JPM,100894,182"
2019-06-28 13:33:50.000000000,BEST_ASK,"JPM,101776,100"
2019-06-28 13:33:50.000000000,BEST_BID,"JPM,100894,182"
2019-06-28 13:33:50.000000000,BEST_ASK,"JPM,101776,100"
2019-06-28 13:33:50.000000000,BEST_BID,"JPM,100894,182"
2019-06-28 13:33:50.000000000,BEST_ASK,"JPM,101776,100"
2019-06-28 13:33:50.000000000,BEST_BID,"JPM,100894,182"
2019-06-28 13:33:50.000000000,BEST_ASK,"JPM,101776,100"
2019-06-28 13:33:50.000000000,BEST_BID,"JPM,100894,182"
2019-06-28 13:33:50.000000000,BEST_ASK,"JPM,101776,182"
2019-06-28 13:33:50.000000000,BEST_BID,"JPM,100894,182"
2019-06-28 13:33:50.000000000,BEST_ASK,"JPM,101776,182"
2019-06-28 13:33:50.000000000,BEST_BID,"JPM,100894,182"
2019-06-28 13:33:50.000000000,BEST_ASK,"JPM,101776,182"
2019-06-28 13:33:59.718605008,QUERY_SPREAD,30
2019-06-28 13:33:59.718605008,BEST_BID,"JPM,100894,182"
2019-06-28 13:33:59.718605008,BEST_ASK,"JPM,101776,182"
2019-06-28 13:34:00.000000000,QUERY_SPREAD,1
2019-06-28 13:34:00.000000000,BEST_BID,"JPM,100894,264"
2019-06-28 13:34:00.000000000,BEST_ASK,"JPM,101776,100"
2019-06-28 13:34:00.000000000,BEST_BID,"JPM,100894,264"
2019-06-28 13:34:00.000000000,BEST_ASK,"JPM,101776,100"
2019-06-28 13:34:00.000000000,BEST_BID,"JPM,100894,264"
2019-06-28 13:34:00.000000000,BEST_ASK,"JPM,101776,264"
2019-06-28 13:34:00.000000000,BEST_BID,"JPM,100894,264"
2019-06-28 13:34:00.000000000,BEST_ASK,"JPM,101776,264"
2019-06-28 13:34:00.000000000,QUERY_SPREAD,77
2019-06-28 13:34:00.000000000,BEST_BID,"JPM,100894,264"
2019-06-28 13:34:00.000000000,BEST_ASK,"JPM,101776,260"
2019-06-28 13:34:00.000000000,LAST_TRADE,"4,$101776.0000"
2019-06-28 13:34:00.000000000,QUERY_SPREAD,78
2019-06-28 13:34:00.000000000,BEST_BID,"JPM,100894,264"
2019-06-28 13:34:00.000000000,BEST_ASK,"JPM,101776,252"
2019-06-28 13:34:00.000000000,LAST_TRADE,"8,$101776.0000"
2019-06-28 13:34:00.000000000,QUERY_SPREAD,79
2019-06-28 13:34:00.000000000,BEST_BID,"JPM,100894,264"
2019-06-28 13:34:00.000000000,BEST_ASK,"JPM,101776,251"
2019-06-28 13:34:00.000000000,LAST_TRADE,"1,$101776.0000"
2019-06-28 13:34:00.000000000,QUERY_SPREAD,80
2019-06-28 13:34:00.000000000,BEST_BID,"JPM,100894,264"
2019-06-28 13:34:00.000000000,BEST_ASK,"JPM,101776,246"
2019-06-28 13:34:00.000000000,LAST_TRADE,"5,$101776.0000"
2019-06-28 13:34:00.000000000,QUERY_SPREAD,81
2019-06-28 13:34:00.000000000,BEST_BID,"JPM,100894,264"
2019-06-28 13:34:00.000000000,BEST_ASK,"JPM,101776,241"
2019-06-28 13:34:00.000000000,LAST_TRADE,"5,$101776.0000"
2019-06-28 13:34:00.000000000,QUERY_SPREAD,82
2019-06-28 13:34:00.000000000,BEST_BID,"JPM,100894,264"
2019-06-28 13:34:00.000000000,BEST_ASK,"JPM,101776,235"
2019-06-28 13:34:00.000000000,LAST_TRADE,"6,$101776.0000"
2019-06-28 13:34:00.000000000,QUERY_SPREAD,83
2019-06-28 13:34:00.000000000,BEST_BID,"JPM,100894,264"
2019-06-28 13:34:00.000000000,BEST_ASK,"JPM,101776,231"
2019-06-28 13:34:00.000000000,LAST_TRADE,"4,$101776.0000"
2019-06-28 13:34:00.000000000,QUERY_SPREAD,84
2019-06-28 13:34:00.000000000,BEST_BID,"JPM,100894,264"
2019-06-28 13:34:00.000000000,BEST_ASK,"JPM,101776,226"
2019-06-28 13:34:00.000000000,LAST_TRADE,"5,$101776.0000"
2019-06-28 13:34:00.000000000,QUERY_SPREAD,85
2019-06-28 13:34:00.000000000,BEST_BID,"JPM,100894,264"
2019-06-28 13:34:00.000000000,BEST_ASK,"JPM,101776,221"
2019-06-28 13:34:00.000000000,LAST_TRADE,"5,$101776.0000"
2019-06-28 13:34:00.000000000,QUERY_SPREAD,86
2019-06-28 13:34:00.000000000,BEST_BID,"JPM,100894,264"
2019-06-28 13:34:00.000000000,BEST_ASK,"JPM,101776,212"
2019-06-28 13:34:00.000000000,LAST_TRADE,"9,$101776.0000"
2019-06-28 13:34:00.000000000,QUERY_SPREAD,87
2019-06-28 13:34:00.000000000,BEST_BID,"JPM,100894,264"
2019-06-28 13:34:00.000000000,BEST_ASK,"JPM,101776,210"
2019-06-28 13:34:00.000000000,LAST_TRADE,"2,$101776.0000"
2019-06-28 13:34:00.000000000,QUERY_SPREAD,88
2019-06-28 13:34:00.000000000,BEST_BID,"JPM,100894,264"
2019-06-28 13:34:00.000000000,BEST_ASK,"JPM,101776,202"
2019-06-28 13:34:00.000000000,LAST_TRADE,"8,$101776.0000"
2019-06-28 13:34:00.000000000,QUERY_SPREAD,89
2019-06-28 13:34:00.000000000,BEST_BID,"JPM,100894,264"
2019-06-28 13:34:00.000000000,BEST_ASK,"JPM,101776,195"
2019-06-28 13:34:00.000000000,LAST_TRADE,"7,$101776.0000"
2019-06-28 13:34:00.000000000,QUERY_SPREAD,90
2019-06-28 13:34:00.000000000,BEST_BID,"JPM,100894,264"
2019-06-28 13:34:00.000000000,BEST_ASK,"JPM,101776,189"
2019-06-28 13:34:00.000000000,LAST_TRADE,"6,$101776.0000"
2019-06-28 13:34:00.000000000,QUERY_SPREAD,91
2019-06-28 13:34:00.000000000,BEST_BID,"JPM,100894,264"
2019-06-28 13:34:00.000000000,BEST_ASK,"JPM,101776,184"
2019-06-28 13:34:00.000000000,LAST_TRADE,"5,$101776.0000"
2019-06-28 13:34:00.000000000,QUERY_SPREAD,92
2019-06-28 13:34:00.000000000,BEST_BID,"JPM,100894,264"
2019-06-28 13:34:00.000000000,BEST_ASK,"JPM,101776,183"
2019-06-28 13:34:00.000000000,LAST_TRADE,"1,$101776.0000"
2019-06-28 13:34:00.000000000,QUERY_SPREAD,93
2019-06-28 13:34:00.000000000,BEST_BID,"JPM,100894,264"
2019-06-28 13:34:00.000000000,BEST_ASK,"JPM,101776,181"
2019-06-28 13:34:00.000000000,LAST_TRADE,"2,$101776.0000"
2019-06-28 13:34:00.000000000,QUERY_SPREAD,94
2019-06-28 13:34:00.000000000,BEST_BID,"JPM,100894,264"
2019-06-28 13:34:00.000000000,BEST_ASK,"JPM,101776,179"
2019-06-28 13:34:00.000000000,LAST_TRADE,"2,$101776.0000"
2019-06-28 13:34:00.000000000,QUERY_SPREAD,95
2019-06-28 13:34:00.000000000,BEST_BID,"JPM,100894,264"
2019-06-28 13:34:00.000000000,BEST_ASK,"JPM,101776,172"
2019-06-28 13:34:00.000000000,LAST_TRADE,"7,$101776.0000"
2019-06-28 13:34:00.000000000,QUERY_SPREAD,96
2019-06-28 13:34:00.000000000,BEST_BID,"JPM,100894,264"
2019-06-28 13:34:00.000000000,BEST_ASK,"JPM,101776,165"
2019-06-28 13:34:00.000000000,LAST_TRADE,"7,$101776.0000"
2019-06-28 13:34:00.000000000,QUERY_SPREAD,97
2019-06-28 13:34:00.000000000,BEST_BID,"JPM,100894,264"
2019-06-28 13:34:00.000000000,BEST_ASK,"JPM,101776,159"
2019-06-28 13:34:00.000000000,LAST_TRADE,"6,$101776.0000"
2019-06-28 13:34:00.000000000,QUERY_SPREAD,98
2019-06-28 13:34:00.000000000,BEST_BID,"JPM,100894,264"
2019-06-28 13:34:00.000000000,BEST_ASK,"JPM,101776,155"
2019-06-28 13:34:00.000000000,LAST_TRADE,"4,$101776.0000"
2019-06-28 13:34:00.000000000,QUERY_SPREAD,99
2019-06-28 13:34:00.000000000,BEST_BID,"JPM,100894,264"
2019-06-28 13:34:00.000000000,BEST_ASK,"JPM,101776,153"
2019-06-28 13:34:00.000000000,LAST_TRADE,"2,$101776.0000"
2019-06-28 13:34:00.000000000,QUERY_SPREAD,100
2019-06-28 13:34:00.000000000,BEST_BID,"JPM,100894,264"
2019-06-28 13:34:00.000000000,BEST_ASK,"JPM,101776,147"
2019-06-28 13:34:00.000000000,LAST_TRADE,"6,$101776.0000"
2019-06-28 13:34:00.000000000,QUERY_SPREAD,101
2019-06-28 13:34:00.000000000,QUERY_ORDER_STREAM,101
2019-06-28 13:34:10.000000000,QUERY_SPREAD,1
2019-06-28 13:34:10.000000000,BEST_BID,"JPM,100894,212"
2019-06-28 13:34:10.000000000,BEST_ASK,"JPM,104180,100"
2019-06-28 13:34:10.000000000,BEST_BID,"JPM,100894,212"
2019-06-28 13:34:10.000000000,BEST_ASK,"JPM,104180,100"
2019-06-28 13:34:10.000000000,BEST_BID,"JPM,100894,212"
2019-06-28 13:34:10.000000000,BEST_ASK,"JPM,104180,100"
2019-06-28 13:34:10.000000000,BEST_BID,"JPM,100894,212"
2019-06-28 13:34:10.000000000,BEST_ASK,"JPM,104180,212"
2019-06-28 13:34:10.000000000,BEST_BID,"JPM,100894,212"
2019-06-28 13:34:10.000000000,BEST_ASK,"JPM,104180,212"
2019-06-28 13:34:20.000000000,QUERY_SPREAD,1
2019-06-28 13:34:20.000000000,BEST_BID,"JPM,100894,264"
2019-06-28 13:34:20.000000000,BEST_ASK,"JPM,104180,100"
2019-06-28 13:34:20.000000000,BEST_BID,"JPM,100894,264"
2019-06-28 13:34:20.000000000,BEST_ASK,"JPM,104180,100"
2019-06-28 13:34:20.000000000,BEST_BID,"JPM,100894,264"
2019-06-28 13:34:20.000000000,BEST_ASK,"JPM,104180,264"
2019-06-28 13:34:20.000000000,BEST_BID,"JPM,100894,264"
2019-06-28 13:34:20.000000000,BEST_ASK,"JPM,104180,264"
2019-06-28 13:34:30.000000000,QUERY_SPREAD,1
2019-06-28 13:34:30.000000000,BEST_BID,"JPM,100894,264"
2019-06-28 13:34:30.000000000,BEST_ASK,"JPM,104180,100"
2019-06-28 13:34:30.000000000,BEST_BID,"JPM,100894,264"
2019-06-28 13:34:30.000000000,BEST_ASK,"JPM,104180,100"
2019-06-28 13:34:30.000000000,BEST_BID,"JPM,100894,264"
2019-06-28 13:34:30.000000000,BEST_ASK,"JPM,104180,264"
2019-06-28 13:34:30.000000000,BEST_BID,"JPM,100894,264"
2019-06-28 13:34:30.000000000,BEST_ASK,"JPM,104180,264"
2019-06-28 13:34:40.000000000,QUERY_SPREAD,1
2019-06-28 13:34:40.000000000,BEST_BID,"JPM,100894,428"
2019-06-28 13:34:40.000000000,BEST_ASK,"JPM,104180,100"
2019-06-28 13:34:40.000000000,BEST_BID,"JPM,100894,428"
2019-06-28 13:34:40.000000000,BEST_ASK,"JPM,104180,428"
2019-06-28 13:34:50.000000000,QUERY_SPREAD,1
2019-06-28 13:34:50.000000000,BEST_BID,"JPM,100894,166"
2019-06-28 13:34:50.000000000,BEST_ASK,"JPM,104180,100"
2019-06-28 13:34:50.000000000,BEST_BID,"JPM,100894,166"
2019-06-28 13:34:50.000000000,BEST_ASK,"JPM,104180,100"
2019-06-28 13:34:50.000000000,BEST_BID,"JPM,100894,166"
2019-06-28 13:34:50.000000000,BEST_ASK,"JPM,104180,100"
2019-06-28 13:34:50.000000000,BEST_BID,"JPM,100894,166"
2019-06-28 13:34:50.000000000,BEST_ASK,"JPM,104180,100"
2019-06-28 13:34:50.000000000,BEST_BID,"JPM,100894,166"
2019-06-28 13:34:50.000000000,BEST_ASK,"JPM,104180,100"
2019-06-28 13:34:50.000000000,BEST_BID,"JPM,100894,166"
2019-06-28 13:34:50.000000000,BEST_ASK,"JPM,104180,166"
2019-06-28 13:34:50.000000000,BEST_BID,"JPM,100894,166"
2019-06-28 13:34:50.000000000,BEST_ASK,"JPM,104180,166"
2019-06-28 13:35:00.000000000,QUERY_SPREAD,1
2019-06-28 13:35:00.000000000,BEST_BID,"JPM,100894,166"
2019-06-28 13:35:00.000000000,BEST_ASK,"JPM,104180,100"
2019-06-28 13:35:00.000000000,BEST_BID,"JPM,100894,166"
2019-06-28 13:35:00.000000000,BEST_ASK,"JPM,104180,100"
2019-06-28 13:35:00.000000000,BEST_BID,"JPM,100894,166"
2019-06-28 13:35:00.000000000,BEST_ASK,"JPM,104180,100"
2019-06-28 13:35:00.000000000,BEST_BID,"JPM,100894,166"
2019-06-28 13:35:00.000000000,BEST_ASK,"JPM,104180,100"
2019-06-28 13:35:00.000000000,BEST_BID,"JPM,100894,166"
2019-06-28 13:35:00.000000000,BEST_ASK,"JPM,104180,100"
2019-06-28 13:35:00.000000000,BEST_BID,"JPM,100894,166"
2019-06-28 13:35:00.000000000,BEST_ASK,"JPM,104180,166"
2019-06-28 13:35:00.000000000,BEST_BID,"JPM,100894,166"
2019-06-28 13:35:00.000000000,BEST_ASK,"JPM,104180,166"
2019-06-28 13:35:00.000000000,QUERY_SPREAD,77
2019-06-28 13:35:00.000000000,BEST_BID,"JPM,100894,166"
2019-06-28 13:35:00.000000000,BEST_ASK,"JPM,104180,162"
2019-06-28 13:35:00.000000000,LAST_TRADE,"4,$104180.0000"
2019-06-28 13:35:00.000000000,QUERY_SPREAD,78
2019-06-28 13:35:00.000000000,BEST_BID,"JPM,100894,166"
2019-06-28 13:35:00.000000000,BEST_ASK,"JPM,104180,154"
2019-06-28 13:35:00.000000000,LAST_TRADE,"8,$104180.0000"
2019-06-28 13:35:00.000000000,QUERY_SPREAD,79
2019-06-28 13:35:00.000000000,BEST_BID,"JPM,100894,166"
2019-06-28 13:35:00.000000000,BEST_ASK,"JPM,104180,153"
2019-06-28 13:35:00.000000000,LAST_TRADE,"1,$104180.0000"
2019-06-28 13:35:00.000000000,QUERY_SPREAD,80
2019-06-28 13:35:00.000000000,BEST_BID,"JPM,100894,166"
2019-06-28 13:35:00.000000000,BEST_ASK,"JPM,104180,148"
2019-06-28 13:35:00.000000000,LAST_TRADE,"5,$104180.0000"
2019-06-28 13:35:00.000000000,QUERY_SPREAD,81
2019-06-28 13:35:00.000000000,BEST_BID,"JPM,100894,166"
2019-06-28 13:35:00.000000000,BEST_ASK,"JPM,104180,143"
2019-06-28 13:35:00.000000000,LAST_TRADE,"5,$104180.0000"
2019-06-28 13:35:00.000000000,QUERY_SPREAD,82
2019-06-28 13:35:00.000000000,BEST_BID,"JPM,100894,166"
2019-06-28 13:35:00.000000000,BEST_ASK,"JPM,104180,137"
2019-06-28 13:35:00.000000000,LAST_TRADE,"6,$104180.0000"
2019-06-28 13:35:00.000000000,QUERY_SPREAD,83
2019-06-28 13:35:00.000000000,BEST_BID,"JPM,100894,166"
2019-06-28 13:35:00.000000000,BEST_ASK,"JPM,104180,133"
2019-06-28 13:35:00.000000000,LAST_TRADE,"4,$104180.0000"
2019-06-28 13:35:00.000000000,QUERY_SPREAD,84
2019-06-28 13:35:00.000000000,BEST_BID,"JPM,100894,166"
2019-06-28 13:35:00.000000000,BEST_ASK,"JPM,104180,128"
2019-06-28 13:35:00.000000000,LAST_TRADE,"5,$104180.0000"
2019-06-28 13:35:00.000000000,QUERY_SPREAD,85
2019-06-28 13:35:00.000000000,BEST_BID,"JPM,100894,166"
2019-06-28 13:35:00.000000000,BEST_ASK,"JPM,104180,123"
2019-06-28 13:35:00.000000000,LAST_TRADE,"5,$104180.0000"
2019-06-28 13:35:00.000000000,QUERY_SPREAD,86
2019-06-28 13:35:00.000000000,BEST_BID,"JPM,100894,166"
2019-06-28 13:35:00.000000000,BEST_ASK,"JPM,104180,114"
2019-06-28 13:35:00.000000000,LAST_TRADE,"9,$104180.0000"
2019-06-28 13:35:00.000000000,QUERY_SPREAD,87
2019-06-28 13:35:00.000000000,BEST_BID,"JPM,100894,166"
2019-06-28 13:35:00.000000000,BEST_ASK,"JPM,104180,112"
2019-06-28 13:35:00.000000000,LAST_TRADE,"2,$104180.0000"
2019-06-28 13:35:00.000000000,QUERY_SPREAD,88
2019-06-28 13:35:00.000000000,BEST_BID,"JPM,100894,166"
2019-06-28 13:35:00.000000000,BEST_ASK,"JPM,104180,104"
2019-06-28 13:35:00.000000000,LAST_TRADE,"8,$104180.0000"
2019-06-28 13:35:00.000000000,QUERY_SPREAD,89
2019-06-28 13:35:00.000000000,BEST_BID,"JPM,100894,166"
2019-06-28 13:35:00.000000000,BEST_ASK,"JPM,104180,97"
2019-06-28 13:35:00.000000000,LAST_TRADE,"7,$104180.0000"
2019-06-28 13:35:00.000000000,QUERY_SPREAD,90
2019-06-28 13:35:00.000000000,BEST_BID,"JPM,100894,166"
2019-06-28 13:35:00.000000000,BEST_ASK,"JPM,104180,91"
2019-06-28 13:35:00.000000000,LAST_TRADE,"6,$104180.0000"
2019-06-28 13:35:00.000000000,QUERY_SPREAD,91
2019-06-28 13:35:00.000000000,BEST_BID,"JPM,100894,166"
2019-06-28 13:35:00.000000000,BEST_ASK,"JPM,104180,86"
2019-06-28 13:35:00.000000000,LAST_TRADE,"5,$104180.0000"
2019-06-28 13:35:00.000000000,QUERY_SPREAD,92
2019-06-28 13:35:00.000000000,BEST_BID,"JPM,100894,166"
2019-06-28 13:35:00.000000000,BEST_ASK,"JPM,104180,85"
2019-06-28 13:35:00.000000000,LAST_TRADE,"1,$104180.0000"
2019-06-28 13:35:00.000000000,QUERY_SPREAD,93
2019-06-28 13:35:00.000000000,BEST_BID,"JPM,100894,166"
2019-06-28 13:35:00.000000000,BEST_ASK,"JPM,104180,83"
2019-06-28 13:35:00.000000000,LAST_TRADE,"2,$104180.0000"
2019-06-28 13:35:00.000000000,QUERY_SPREAD,94
2019-06-28 13:35:00.000000000,BEST_BID,"JPM,100894,166"
2019-06-28 13:35:00.000000000,BEST_ASK,"JPM,104180,81"
2019-06-28 13:35:00.000000000,LAST_TRADE,"2,$104180.0000"
2019-06-28 13:35:00.000000000,QUERY_SPREAD,95
2019-06-28 13:35:00.000000000,BEST_BID,"JPM,100894,166"
2019-06-28 13:35:00.000000000,BEST_ASK,"JPM,104180,74"
2019-06-28 13:35:00.000000000,LAST_TRADE,"7,$104180.0000"
2019-06-28 13:35:00.000000000,QUERY_SPREAD,96
2019-06-28 13:35:00.000000000,BEST_BID,"JPM,100894,166"
2019-06-28 13:35:00.000000000,BEST_ASK,"JPM,104180,67"
2019-06-28 13:35:00.000000000,LAST_TRADE,"7,$104180.0000"
2019-06-28 13:35:00.000000000,QUERY_SPREAD,97
2019-06-28 13:35:00.000000000,BEST_BID,"JPM,100894,166"
2019-06-28 13:35:00.000000000,BEST_ASK,"JPM,104180,61"
2019-06-28 13:35:00.000000000,LAST_TRADE,"6,$104180.0000"
2019-06-28 13:35:00.000000000,QUERY_SPREAD,98
2019-06-28 13:35:00.000000000,BEST_BID,"JPM,100894,166"
2019-06-28 13:35:00.000000000,BEST_ASK,"JPM,104180,57"
2019-06-28 13:35:00.000000000,LAST_TRADE,"4,$104180.0000"
2019-06-28 13:35:00.000000000,QUERY_SPREAD,99
2019-06-28 13:35:00.000000000,BEST_BID,"JPM,100894,166"
2019-06-28 13:35:00.000000000,BEST_ASK,"JPM,104180,55"
2019-06-28 13:35:00.000000000,LAST_TRADE,"2,$104180.0000"
2019-06-28 13:35:00.000000000,QUERY_SPREAD,100
2019-06-28 13:35:00.000000000,BEST_BID,"JPM,100894,166"
2019-06-28 13:35:00.000000000,BEST_ASK,"JPM,104180,49"
2019-06-28 13:35:00.000000000,LAST_TRADE,"6,$104180.0000"
2019-06-28 13:35:00.000000000,QUERY_SPREAD,101
2019-06-28 13:35:00.000000000,QUERY_ORDER_STREAM,101
2019-06-28 13:35:10.000000000,QUERY_SPREAD,1
2019-06-28 13:35:10.679970064,QUERY_ORDER_STREAM,74
2019-06-28 13:35:10.679970064,QUERY_SPREAD,74
2019-06-28 13:35:16.275158434,QUERY_ORDER_STREAM,54
2019-06-28 13:35:16.275158434,QUERY_SPREAD,54
2019-06-28 13:35:16.275158434,BEST_BID,"JPM,100894,100"
2019-06-28 13:35:16.275158434,BEST_ASK,"JPM,104180,100"
2019-06-28 13:35:20.000000000,QUERY_SPREAD,1
2019-06-28 13:35:20.000000000,BEST_BID,"JPM,100894,182"
2019-06-28 13:35:20.000000000,BEST_ASK,"JPM,104180,100"
2019-06-28 13:35:20.000000000,BEST_BID,"JPM,100894,182"
2019-06-28 13:35:20.000000000,BEST_ASK,"JPM,104180,100"
2019-06-28 13:35:20.000000000,BEST_BID,"JPM,100894,182"
2019-06-28 13:35:20.000000000,BEST_ASK,"JPM,104180,100"
2019-06-28 13:35:20.000000000,BEST_BID,"JPM,100894,182"
2019-06-28 13:35:20.000000000,BEST_ASK,"JPM,104180,100"
2019-06-28 13:35:20.000000000,BEST_BID,"JPM,100894,182"
2019-06-28 13:35:20.000000000,BEST_ASK,"JPM,104180,182"
2019-06-28 13:35:20.000000000,BEST_BID,"JPM,100894,182"
2019-06-28 13:35:20.000000000,BEST_ASK,"JPM,104180,182"
2019-06-28 13:35:30.000000000,QUERY_SPREAD,1
2019-06-28 13:35:30.000000000,BEST_BID,"JPM,100894,166"
2019-06-28 13:35:30.000000000,BEST_ASK,"JPM,104180,100"
2019-06-28 13:35:30.000000000,BEST_BID,"JPM,100894,166"
2019-06-28 13:35:30.000000000,BEST_ASK,"JPM,104180,100"
2019-06-28 13:35:30.000000000,BEST_BID,"JPM,100894,166"
2019-06-28 13:35:30.000000000,BEST_ASK,"JPM,104180,100"
2019-06-28 13:35:30.000000000,BEST_BID,"JPM,100894,166"
2019-06-28 13:35:30.000000000,BEST_ASK,"JPM,104180,100"
2019-06-28 13:35:30.000000000,BEST_BID,"JPM,100894,166"
2019-06-28 13:35:30.000000000,BEST_ASK,"JPM,104180,100"
2019-06-28 13:35:30.000000000,BEST_BID,"JPM,100894,166"
2019-06-28 13:35:30.000000000,BEST_ASK,"JPM,104180,166"
2019-06-28 13:35:30.000000000,BEST_BID,"JPM,100894,166"
2019-06-28 13:35:30.000000000,BEST_ASK,"JPM,104180,166"
2019-06-28 13:35:39.970409527,QUERY_SPREAD,2
2019-06-28 13:35:39.970409527,BEST_BID,"JPM,100894,66"
2019-06-28 13:35:39.970409527,BEST_ASK,"JPM,104180,166"
2019-06-28 13:35:39.970409527,LAST_TRADE,"100,$100894.0000"
2019-06-28 13:35:40.000000000,QUERY_SPREAD,1
2019-06-28 13:35:40.000000000,BEST_BID,"JPM,100846,212"
2019-06-28 13:35:40.000000000,BEST_ASK,"JPM,104180,100"
2019-06-28 13:35:40.000000000,BEST_BID,"JPM,100846,212"
2019-06-28 13:35:40.000000000,BEST_ASK,"JPM,104180,100"
2019-06-28 13:35:40.000000000,BEST_BID,"JPM,100846,212"
2019-06-28 13:35:40.000000000,BEST_ASK,"JPM,104180,100"
2019-06-28 13:35:40.000000000,BEST_BID,"JPM,100846,212"
2019-06-28 13:35:40.000000000,BEST_ASK,"JPM,104180,212"
2019-06-28 13:35:40.000000000,BEST_BID,"JPM,100846,212"
2019-06-28 13:35:40.000000000,BEST_ASK,"JPM,104180,212"
2019-06-28 13:35:50.000000000,QUERY_SPREAD,1
2019-06-28 13:35:50.000000000,BEST_BID,"JPM,100846,264"
2019-06-28 13:35:50.000000000,BEST_ASK,"JPM,104180,100"
2019-06-28 13:35:50.000000000,BEST_BID,"JPM,100846,264"
2019-06-28 13:35:50.000000000,BEST_ASK,"JPM,104180,100"
2019-06-28 13:35:50.000000000,BEST_BID,"JPM,100846,264"
2019-06-28 13:35:50.000000000,BEST_ASK,"JPM,104180,264"
2019-06-28 13:35:50.000000000,BEST_BID,"JPM,100846,264"
2019-06-28 13:35:50.000000000,BEST_ASK,"JPM,104180,264"
2019-06-28 13:35:55.037099981,QUERY_SPREAD,14
2019-06-28 13:35:55.037099981,BEST_BID,"JPM,100846,164"
2019-06-28 13:35:55.037099981,BEST_ASK,"JPM,104180,264"
2019-06-28 13:35:55.037099981,LAST_TRADE,"100,$100846.0000"
2019-06-28 13:36:00.000000000,QUERY_SPREAD,1
2019-06-28 13:36:00.000000000,BEST_BID,"JPM,100704,166"
2019-06-28 13:36:00.000000000,BEST_ASK,"JPM,104180,100"
2019-06-28 13:36:00.000000000,BEST_BID,"JPM,100704,166"
2019-06-28 13:36:00.000000000,BEST_ASK,"JPM,104180,100"
2019-06-28 13:36:00.000000000,BEST_BID,"JPM,100704,166"
2019-06-28 13:36:00.000000000,BEST_ASK,"JPM,104180,100"
2019-06-28 13:36:00.000000000,BEST_BID,"JPM,100704,166"
2019-06-28 13:36:00.000000000,BEST_ASK,"JPM,104180,100"
2019-06-28 13:36:00.000000000,BEST_BID,"JPM,100704,166"
2019-06-28 13:36:00.000000000,BEST_ASK,"JPM,104180,100"
2019-06-28 13:36:00.000000000,BEST_BID,"JPM,100704,166"
2019-06-28 13:36:00.000000000,BEST_ASK,"JPM,104180,166"
2019-06-28 13:36:00.000000000,BEST_BID,"JPM,100704,166"
2019-06-28 13:36:00.000000000,BEST_ASK,"JPM,104180,166"
2019-06-28 13:36:00.000000000,QUERY_SPREAD,77
2019-06-28 13:36:00.000000000,BEST_BID,"JPM,100704,166"
2019-06-28 13:36:00.000000000,BEST_ASK,"JPM,104180,162"
2019-06-28 13:36:00.000000000,LAST_TRADE,"4,$104180.0000"
2019-06-28 13:36:00.000000000,QUERY_SPREAD,78
2019-06-28 13:36:00.000000000,BEST_BID,"JPM,100704,166"
2019-06-28 13:36:00.000000000,BEST_ASK,"JPM,104180,154"
2019-06-28 13:36:00.000000000,LAST_TRADE,"8,$104180.0000"
2019-06-28 13:36:00.000000000,QUERY_SPREAD,79
2019-06-28 13:36:00.000000000,BEST_BID,"JPM,100704,166"
2019-06-28 13:36:00.000000000,BEST_ASK,"JPM,104180,153"
2019-06-28 13:36:00.000000000,LAST_TRADE,"1,$104180.0000"
2019-06-28 13:36:00.000000000,QUERY_SPREAD,80
2019-06-28 13:36:00.000000000,BEST_BID,"JPM,100704,166"
2019-06-28 13:36:00.000000000,BEST_ASK,"JPM,104180,148"
2019-06-28 13:36:00.000000000,LAST_TRADE,"5,$104180.0000"
2019-06-28 13:36:00.000000000,QUERY_SPREAD,81
2019-06-28 13:36:00.000000000,BEST_BID,"JPM,100704,166"
2019-06-28 13:36:00.000000000,BEST_ASK,"JPM,104180,143"
2019-06-28 13:36:00.000000000,LAST_TRADE,"5,$104180.0000"
2019-06-28 13:36:00.000000000,QUERY_SPREAD,82
2019-06-28 13:36:00.000000000,BEST_BID,"JPM,100704,166"
2019-06-28 13:36:00.000000000,BEST_ASK,"JPM,104180,137"
2019-06-28 13:36:00.000000000,LAST_TRADE,"6,$104180.0000"
2019-06-28 13:36:00.000000000,QUERY_SPREAD,83
2019-06-28 13:36:00.000000000,BEST_BID,"JPM,100704,166"
2019-06-28 13:36:00.000000000,BEST_ASK,"JPM,104180,133"
2019-06-28 13:36:00.000000000,LAST_TRADE,"4,$104180.0000"
2019-06-28 13:36:00.000000000,QUERY_SPREAD,84
2019-06-28 13:36:00.000000000,BEST_BID,"JPM,100704,166"
2019-06-28 13:36:00.000000000,BEST_ASK,"JPM,104180,128"
2019-06-28 13:36:00.000000000,LAST_TRADE,"5,$104180.0000"
2019-06-28 13:36:00.000000000,QUERY_SPREAD,85
2019-06-28 13:36:00.000000000,BEST_BID,"JPM,100704,166"
2019-06-28 13:36:00.000000000,BEST_ASK,"JPM,104180,123"
2019-06-28 13:36:00.000000000,LAST_TRADE,"5,$104180.0000"
2019-06-28 13:36:00.000000000,QUERY_SPREAD,86
2019-06-28 13:36:00.000000000,BEST_BID,"JPM,100704,166"
2019-06-28 13:36:00.000000000,BEST_ASK,"JPM,104180,114"
2019-06-28 13:36:00.000000000,LAST_TRADE,"9,$104180.0000"
2019-06-28 13:36:00.000000000,QUERY_SPREAD,87
2019-06-28 13:36:00.000000000,BEST_BID,"JPM,100704,166"
2019-06-28 13:36:00.000000000,BEST_ASK,"JPM,104180,112"
2019-06-28 13:36:00.000000000,LAST_TRADE,"2,$104180.0000"
2019-06-28 13:36:00.000000000,QUERY_SPREAD,88
2019-06-28 13:36:00.000000000,BEST_BID,"JPM,100704,166"
2019-06-28 13:36:00.000000000,BEST_ASK,"JPM,104180,104"
2019-06-28 13:36:00.000000000,LAST_TRADE,"8,$104180.0000"
2019-06-28 13:36:00.000000000,QUERY_SPREAD,89
2019-06-28 13:36:00.000000000,BEST_BID,"JPM,100704,166"
2019-06-28 13:36:00.000000000,BEST_ASK,"JPM,104180,97"
2019-06-28 13:36:00.000000000,LAST_TRADE,"7,$104180.0000"
2019-06-28 13:36:00.000000000,QUERY_SPREAD,90
2019-06-28 13:36:00.000000000,BEST_BID,"JPM,100704,166"
2019-06-28 13:36:00.000000000,BEST_ASK,"JPM,104180,91"
2019-06-28 13:36:00.000000000,LAST_TRADE,"6,$104180.0000"
2019-06-28 13:36:00.000000000,QUERY_SPREAD,91
2019-06-28 13:36:00.000000000,BEST_BID,"JPM,100704,166"
2019-06-28 13:36:00.000000000,BEST_ASK,"JPM,104180,86"
2019-06-28 13:36:00.000000000,LAST_TRADE,"5,$104180.0000"
2019-06-28 13:36:00.000000000,QUERY_SPREAD,92
2019-06-28 13:36:00.000000000,BEST_BID,"JPM,100704,166"
2019-06-28 13:36:00.000000000,BEST_ASK,"JPM,104180,85"
2019-06-28 13:36:00.000000000,LAST_TRADE,"1,$104180.0000"
2019-06-28 13:36:00.000000000,QUERY_SPREAD,93
2019-06-28 13:36:00.000000000,BEST_BID,"JPM,100704,166"
2019-06-28 13:36:00.000000000,BEST_ASK,"JPM,104180,83"
2019-06-28 13:36:00.000000000,LAST_TRADE,"2,$104180.0000"
2019-06-28 13:36:00.000000000,QUERY_SPREAD,94
2019-06-28 13:36:00.000000000,BEST_BID,"JPM,100704,166"
2019-06-28 13:36:00.000000000,BEST_ASK,"JPM,104180,81"
2019-06-28 13:36:00.000000000,LAST_TRADE,"2,$104180.0000"
2019-06-28 13:36:00.000000000,QUERY_SPREAD,95
2019-06-28 13:36:00.000000000,BEST_BID,"JPM,100704,166"
2019-06-28 13:36:00.000000000,BEST_ASK,"JPM,104180,74"
2019-06-28 13:36:00.000000000,LAST_TRADE,"7,$104180.0000"
2019-06-28 13:36:00.000000000,QUERY_SPREAD,96
2019-06-28 13:36:00.000000000,BEST_BID,"JPM,100704,166"
2019-06-28 13:36:00.000000000,BEST_ASK,"JPM,104180,67"
2019-06-28 13:36:00.000000000,LAST_TRADE,"7,$104180.0000"
2019-06-28 13:36:00.000000000,QUERY_SPREAD,97
2019-06-28 13:36:00.000000000,BEST_BID,"JPM,100704,166"
2019-06-28 13:36:00.000000000,BEST_ASK,"JPM,104180,61"
2019-06-28 13:36:00.000000000,LAST_TRADE,"6,$104180.0000"
2019-06-28 13:36:00.000000000,QUERY_SPREAD,98
2019-06-28 13:36:00.000000000,BEST_BID,"JPM,100704,166"
2019-06-28 13:36:00.000000000,BEST_ASK,"JPM,104180,57"
2019-06-28 13:36:00.000000000,LAST_TRADE,"4,$104180.0000"
2019-06-28 13:36:00.000000000,QUERY_SPREAD,99
2019-06-28 13:36:00.000000000,BEST_BID,"JPM,100704,166"
2019-06-28 13:36:00.000000000,BEST_ASK,"JPM,104180,55"
2019-06-28 13:36:00.000000000,LAST_TRADE,"2,$104180.0000"
2019-06-28 13:36:00.000000000,QUERY_SPREAD,100
2019-06-28 13:36:00.000000000,BEST_BID,"JPM,100704,166"
2019-06-28 13:36:00.000000000,BEST_ASK,"JPM,104180,49"
2019-06-28 13:36:00.000000000,LAST_TRADE,"6,$104180.0000"
2019-06-28 13:36:00.000000000,QUERY_SPREAD,101
2019-06-28 13:36:00.000000000,QUERY_ORDER_STREAM,101
2019-06-28 13:36:08.670119873,QUERY_SPREAD,8
2019-06-28 13:36:08.670119873,BEST_BID,"JPM,100704,166"
2019-06-28 13:36:08.670119873,BEST_ASK,"JPM,100772,100"
2019-06-28 13:36:09.056245975,QUERY_ORDER_STREAM,71
2019-06-28 13:36:09.056245975,QUERY_SPREAD,71
2019-06-28 13:36:09.950869651,QUERY_SPREAD,30
2019-06-28 13:36:09.950869651,BEST_BID,"JPM,100704,66"
2019-06-28 13:36:09.950869651,BEST_ASK,"JPM,100772,100"
2019-06-28 13:36:09.950869651,LAST_TRADE,"100,$100704.0000"
2019-06-28 13:36:10.000000000,QUERY_SPREAD,1
2019-06-28 13:36:10.000000000,BEST_BID,"JPM,100271,166"
2019-06-28 13:36:10.000000000,BEST_ASK,"JPM,100772,100"
2019-06-28 13:36:10.000000000,BEST_BID,"JPM,100271,166"
2019-06-28 13:36:10.000000000,BEST_ASK,"JPM,100772,100"
2019-06-28 13:36:10.000000000,BEST_BID,"JPM,100271,166"
2019-06-28 13:36:10.000000000,BEST_ASK,"JPM,100772,100"
2019-06-28 13:36:10.000000000,BEST_BID,"JPM,100271,166"
2019-06-28 13:36:10.000000000,BEST_ASK,"JPM,100772,100"
2019-06-28 13:36:10.000000000,BEST_BID,"JPM,100271,166"
2019-06-28 13:36:10.000000000,BEST_ASK,"JPM,100772,100"
2019-06-28 13:36:10.000000000,BEST_BID,"JPM,100271,166"
2019-06-28 13:36:10.000000000,BEST_ASK,"JPM,100772,166"
2019-06-28 13:36:10.000000000,BEST_BID,"JPM,100271,166"
2019-06-28 13:36:10.000000000,BEST_ASK,"JPM,100772,166"
2019-06-28 13:36:18.028029737,QUERY_SPREAD,11
2019-06-28 13:36:18.028029737,BEST_BID,"JPM,100271,166"
2019-06-28 13:36:18.028029737,BEST_ASK,"JPM,100772,166"
2019-06-28 13:36:20.000000000,QUERY_SPREAD,1
2019-06-28 13:36:20.000000000,BEST_BID,"JPM,100271,182"
2019-06-28 13:36:20.000000000,BEST_ASK,"JPM,100772,100"
2019-06-28 13:36:20.000000000,BEST_BID,"JPM,100271,182"
2019-06-28 13:36:20.000000000,BEST_ASK,"JPM,100772,100"
2019-06-28 13:36:20.000000000,BEST_BID,"JPM,100271,182"
2019-06-28 13:36:20.000000000,BEST_ASK,"JPM,100772,100"
2019-06-28 13:36:20.000000000,BEST_BID,"JPM,100271,182"
2019-06-28 13:36:20.000000000,BEST_ASK,"JPM,100772,100"
2019-06-28 13:36:20.000000000,BEST_BID,"JPM,100271,182"
2019-06-28 13:36:20.000000000,BEST_ASK,"JPM,100772,182"
2019-06-28 13:36:20.000000000,BEST_BID,"JPM,100271,182"
2019-06-28 13:36:20.000000000,BEST_ASK,"JPM,100772,182"
2019-06-28 13:36:24.999153603,QUERY_SPREAD,32
2019-06-28 13:36:24.999153603,BEST_BID,"JPM,100271,182"
2019-06-28 13:36:24.999153603,BEST_ASK,"JPM,100680,100"
2019-06-28 13:36:30.000000000,QUERY_SPREAD,1
2019-06-28 13:36:30.000000000,BEST_BID,"JPM,100271,182"
2019-06-28 13:36:30.000000000,BEST_ASK,"JPM,100680,100"
2019-06-28 13:36:30.000000000,BEST_BID,"JPM,100271,182"
2019-06-28 13:36:30.000000000,BEST_ASK,"JPM,100680,100"
2019-06-28 13:36:30.000000000,BEST_BID,"JPM,100271,182"
2019-06-28 13:36:30.000000000,BEST_ASK,"JPM,100680,100"
2019-06-28 13:36:30.000000000,BEST_BID,"JPM,100271,182"
2019-06-28 13:36:30.000000000,BEST_ASK,"JPM,100680,100"
2019-06-28 13:36:30.000000000,BEST_BID,"JPM,100271,182"
2019-06-28 13:36:30.000000000,BEST_ASK,"JPM,100680,182"
2019-06-28 13:36:30.000000000,BEST_BID,"JPM,100271,182"
2019-06-28 13:36:30.000000000,BEST_ASK,"JPM,100680,182"
2019-06-28 13:36:30.000000000,BEST_BID,"JPM,100271,182"
2019-06-28 13:36:30.000000000,BEST_ASK,"JPM,100680,182"
2019-06-28 13:36:40.000000000,QUERY_SPREAD,1
2019-06-28 13:36:40.000000000,BEST_BID,"JPM,100271,166"
2019-06-28 13:36:40.000000000,BEST_ASK,"JPM,100680,100"
2019-06-28 13:36:40.000000000,BEST_BID,"JPM,100271,166"
2019-06-28 13:36:40.000000000,BEST_ASK,"JPM,100680,100"
2019-06-28 13:36:40.000000000,BEST_BID,"JPM,100271,166"
2019-06-28 13:36:40.000000000,BEST_ASK,"JPM,100680,100"
2019-06-28 13:36:40.000000000,BEST_BID,"JPM,100271,166"
2019-06-28 13:36:40.000000000,BEST_ASK,"JPM,100680,100"
2019-06-28 13:36:40.000000000,BEST_BID,"JPM,100271,166"
2019-06-28 13:36:40.000000000,BEST_ASK,"JPM,100680,100"
2019-06-28 13:36:40.000000000,BEST_BID,"JPM,100271,166"
2019-06-28 13:36:40.000000000,BEST_ASK,"JPM,100680,166"
2019-06-28 13:36:40.000000000,BEST_BID,"JPM,100271,166"
2019-06-28 13:36:40.000000000,BEST_ASK,"JPM,100680,166"
2019-06-28 13:36:40.000000000,BEST_BID,"JPM,100271,166"
2019-06-28 13:36:40.000000000,BEST_ASK,"JPM,100680,166"
2019-06-28 13:36:47.728636977,QUERY_SPREAD,2
2019-06-28 13:36:47.728636977,BEST_BID,"JPM,100271,166"
2019-06-28 13:36:47.728636977,BEST_ASK,"JPM,100680,66"
2019-06-28 13:36:47.728636977,LAST_TRADE,"100,$100680.0000"
2019-06-28 13:36:50.000000000,QUERY_SPREAD,1
2019-06-28 13:36:50.000000000,BEST_BID,"JPM,100271,428"
2019-06-28 13:36:50.000000000,BEST_ASK,"JPM,100772,100"
2019-06-28 13:36:50.000000000,BEST_BID,"JPM,100271,428"
2019-06-28 13:36:50.000000000,BEST_ASK,"JPM,100772,428"
2019-06-28 13:36:58.137391744,QUERY_SPREAD,51
2019-06-28 13:36:58.137391744,BEST_BID,"JPM,100705,100"
2019-06-28 13:36:58.137391744,BEST_ASK,"JPM,100772,428"
2019-06-28 13:37:00.000000000,QUERY_SPREAD,1
2019-06-28 13:37:00.000000000,BEST_BID,"JPM,100705,264"
2019-06-28 13:37:00.000000000,BEST_ASK,"JPM,100772,100"
2019-06-28 13:37:00.000000000,BEST_BID,"JPM,100705,264"
2019-06-28 13:37:00.000000000,BEST_ASK,"JPM,100772,100"
2019-06-28 13:37:00.000000000,BEST_BID,"JPM,100705,264"
2019-06-28 13:37:00.000000000,BEST_ASK,"JPM,100772,264"
2019-06-28 13:37:00.000000000,BEST_BID,"JPM,100705,264"
2019-06-28 13:37:00.000000000,BEST_ASK,"JPM,100772,264"
2019-06-28 13:37:00.000000000,QUERY_SPREAD,77
2019-06-28 13:37:00.000000000,BEST_BID,"JPM,100705,264"
2019-06-28 13:37:00.000000000,BEST_ASK,"JPM,100772,260"
2019-06-28 13:37:00.000000000,LAST_TRADE,"4,$100772.0000"
2019-06-28 13:37:00.000000000,QUERY_SPREAD,78
2019-06-28 13:37:00.000000000,BEST_BID,"JPM,100705,264"
2019-06-28 13:37:00.000000000,BEST_ASK,"JPM,100772,252"
2019-06-28 13:37:00.000000000,LAST_TRADE,"8,$100772.0000"
2019-06-28 13:37:00.000000000,QUERY_SPREAD,79
2019-06-28 13:37:00.000000000,BEST_BID,"JPM,100705,264"
2019-06-28 13:37:00.000000000,BEST_ASK,"JPM,100772,251"
2019-06-28 13:37:00.000000000,LAST_TRADE,"1,$100772.0000"
2019-06-28 13:37:00.000000000,QUERY_SPREAD,80
2019-06-28 13:37:00.000000000,BEST_BID,"JPM,100705,264"
2019-06-28 13:37:00.000000000,BEST_ASK,"JPM,100772,246"
2019-06-28 13:37:00.000000000,LAST_TRADE,"5,$100772.0000"
2019-06-28 13:37:00.000000000,QUERY_SPREAD,81
2019-06-28 13:37:00.000000000,BEST_BID,"JPM,100705,264"
2019-06-28 13:37:00.000000000,BEST_ASK,"JPM,100772,241"
2019-06-28 13:37:00.000000000,LAST_TRADE,"5,$100772.0000"
2019-06-28 13:37:00.000000000,QUERY_SPREAD,82
2019-06-28 13:37:00.000000000,BEST_BID,"JPM,100705,264"
2019-06-28 13:37:00.000000000,BEST_ASK,"JPM,100772,235"
2019-06-28 13:37:00.000000000,LAST_TRADE,"6,$100772.0000"
2019-06-28 13:37:00.000000000,QUERY_SPREAD,83
2019-06-28 13:37:00.000000000,BEST_BID,"JPM,100705,264"
2019-06-28 13:37:00.000000000,BEST_ASK,"JPM,100772,231"
2019-06-28 13:37:00.000000000,LAST_TRADE,"4,$100772.0000"
2019-06-28 13:37:00.000000000,QUERY_SPREAD,84
2019-06-28 13:37:00.000000000,BEST_BID,"JPM,100705,264"
2019-06-28 13:37:00.000000000,BEST_ASK,"JPM,100772,226"
2019-06-28 13:37:00.000000000,LAST_TRADE,"5,$100772.0000"
2019-06-28 13:37:00.000000000,QUERY_SPREAD,85
2019-06-28 13:37:00.000000000,BEST_BID,"JPM,100705,264"
2019-06-28 13:37:00.000000000,BEST_ASK,"JPM,100772,221"
2019-06-28 13:37:00.000000000,LAST_TRADE,"5,$100772.0000"
2019-06-28 13:37:00.000000000,QUERY_SPREAD,86
2019-06-28 13:37:00.000000000,BEST_BID,"JPM,100705,264"
2019-06-28 13:37:00.000000000,BEST_ASK,"JPM,100772,212"
2019-06-28 13:37:00.000000000,LAST_TRADE,"9,$100772.0000"
2019-06-28 13:37:00.000000000,QUERY_SPREAD,87
2019-06-28 13:37:00.000000000,BEST_BID,"JPM,100705,264"
2019-06-28 13:37:00.000000000,BEST_ASK,"JPM,100772,210"
2019-06-28 13:37:00.000000000,LAST_TRADE,"2,$100772.0000"
2019-06-28 13:37:00.000000000,QUERY_SPREAD,88
2019-06-28 13:37:00.000000000,BEST_BID,"JPM,100705,264"
2019-06-28 13:37:00.000000000,BEST_ASK,"JPM,100772,202"
2019-06-28 13:37:00.000000000,LAST_TRADE,"8,$100772.0000"
2019-06-28 13:37:00.000000000,QUERY_SPREAD,89
2019-06-28 13:37:00.000000000,BEST_BID,"JPM,100705,264"
2019-06-28 13:37:00.000000000,BEST_ASK,"JPM,100772,195"
2019-06-28 13:37:00.000000000,LAST_TRADE,"7,$100772.0000"
2019-06-28 13:37:00.000000000,QUERY_SPREAD,90
2019-06-28 13:37:00.000000000,BEST_BID,"JPM,100705,264"
2019-06-28 13:37:00.000000000,BEST_ASK,"JPM,100772,189"
2019-06-28 13:37:00.000000000,LAST_TRADE,"6,$100772.0000"
2019-06-28 13:37:00.000000000,QUERY_SPREAD,91
2019-06-28 13:37:00.000000000,BEST_BID,"JPM,100705,264"
2019-06-28 13:37:00.000000000,BEST_ASK,"JPM,100772,184"
2019-06-28 13:37:00.000000000,LAST_TRADE,"5,$100772.0000"
2019-06-28 13:37:00.000000000,QUERY_SPREAD,92
2019-06-28 13:37:00.000000000,BEST_BID,"JPM,100705,264"
2019-06-28 13:37:00.000000000,BEST_ASK,"JPM,100772,183"
2019-06-28 13:37:00.000000000,LAST_TRADE,"1,$100772.0000"
2019-06-28 13:37:00.000000000,QUERY_SPREAD,93
2019-06-28 13:37:00.000000000,BEST_BID,"JPM,100705,264"
2019-06-28 13:37:00.000000000,BEST_ASK,"JPM,100772,181"
2019-06-28 13:37:00.000000000,LAST_TRADE,"2,$100772.0000"
2019-06-28 13:37:00.000000000,QUERY_SPREAD,94
2019-06-28 13:37:00.000000000,BEST_BID,"JPM,100705,264"
2019-06-28 13:37:00.000000000,BEST_ASK,"JPM,100772,179"
2019-06-28 13:37:00.000000000,LAST_TRADE,"2,$100772.0000"
2019-06-28 13:37:00.000000000,QUERY_SPREAD,95
2019-06-28 13:37:00.000000000,BEST_BID,"JPM,100705,264"
2019-06-28 13:37:00.000000000,BEST_ASK,"JPM,100772,172"
2019-06-28 13:37:00.000000000,LAST_TRADE,"7,$100772.0000"
2019-06-28 13:37:00.000000000,QUERY_SPREAD,96
2019-06-28 13:37:00.000000000,BEST_BID,"JPM,100705,264"
2019-06-28 13:37:00.000000000,BEST_ASK,"JPM,100772,165"
2019-06-28 13:37:00.000000000,LAST_TRADE,"7,$100772.0000"
2019-06-28 13:37:00.000000000,QUERY_SPREAD,97
2019-06-28 13:37:00.000000000,BEST_BID,"JPM,100705,264"
2019-06-28 13:37:00.000000000,BEST_ASK,"JPM,100772,159"
2019-06-28 13:37:00.000000000,LAST_TRADE,"6,$100772.0000"
2019-06-28 13:37:00.000000000,QUERY_SPREAD,98
2019-06-28 13:37:00.000000000,BEST_BID,"JPM,100705,264"
2019-06-28 13:37:00.000000000,BEST_ASK,"JPM,100772,155"
2019-06-28 13:37:00.000000000,LAST_TRADE,"4,$100772.0000"
2019-06-28 13:37:00.000000000,QUERY_SPREAD,99
2019-06-28 13:37:00.000000000,BEST_BID,"JPM,100705,264"
2019-06-28 13:37:00.000000000,BEST_ASK,"JPM,100772,153"
2019-06-28 13:37:00.000000000,LAST_TRADE,"2,$100772.0000"
2019-06-28 13:37:00.000000000,QUERY_SPREAD,100
2019-06-28 13:37:00.000000000,BEST_BID,"JPM,100705,264"
2019-06-28 13:37:00.000000000,BEST_ASK,"JPM,100772,147"
2019-06-28 13:37:00.000000000,LAST_TRADE,"6,$100772.0000"
2019-06-28 13:37:00.000000000,QUERY_SPREAD,101
2019-06-28 13:37:00.000000000,QUERY_ORDER_STREAM,101
2019-06-28 13:37:09.675914393,QUERY_SPREAD,39
2019-06-28 13:37:09.675914393,BEST_BID,"JPM,100705,264"
2019-06-28 13:37:09.675914393,BEST_ASK,"JPM,100772,147"
2019-06-28 13:37:10.000000000,QUERY_SPREAD,1
2019-06-28 13:37:10.603129783,QUERY_ORDER_STREAM,67
2019-06-28 13:37:10.603129783,QUERY_SPREAD,67
2019-06-28 13:37:13.250597421,QUERY_SPREAD,40
2019-06-28 13:37:13.250597421,BEST_BID,"JPM,100705,100"
2019-06-28 13:37:20.000000000,QUERY_SPREAD,1
2019-06-28 13:37:20.383654635,QUERY_SPREAD,25
2019-06-28 13:37:20.383654635,BEST_BID,"JPM,100705,100"
2019-06-28 13:37:30.000000000,QUERY_SPREAD,1
2019-06-28 13:37:30.749653283,QUERY_SPREAD,8
2019-06-28 13:37:30.749653283,BEST_BID,"JPM,100652,100"
2019-06-28 13:37:30.749653283,LAST_TRADE,"100,$100705.0000"
2019-06-28 13:37:31.612911846,QUERY_ORDER_STREAM,57
2019-06-28 13:37:31.612911846,QUERY_SPREAD,57
2019-06-28 13:37:31.612911846,BEST_BID,"JPM,100652,100"
2019-06-28 13:37:31.612911846,BEST_ASK,"JPM,100772,100"
2019-06-28 13:37:38.239841872,QUERY_ORDER_STREAM,62
2019-06-28 13:37:38.239841872,QUERY_SPREAD,62
2019-06-28 13:37:38.239841872,BEST_BID,"JPM,100652,100"
2019-06-28 13:37:38.239841872,BEST_ASK,"JPM,100772,200"
2019-06-28 13:37:40.000000000,QUERY_SPREAD,1
2019-06-28 13:37:40.000000000,BEST_BID,"JPM,100652,182"
2019-06-28 13:37:40.000000000,BEST_ASK,"JPM,100772,200"
2019-06-28 13:37:40.000000000,BEST_BID,"JPM,100652,182"
2019-06-28 13:37:40.000000000,BEST_ASK,"JPM,100772,200"
2019-06-28 13:37:40.000000000,BEST_BID,"JPM,100652,182"
2019-06-28 13:37:40.000000000,BEST_ASK,"JPM,100772,200"
2019-06-28 13:37:40.000000000,BEST_BID,"JPM,100652,182"
2019-06-28 13:37:40.000000000,BEST_ASK,"JPM,100772,200"
2019-06-28 13:37:40.000000000,BEST_BID,"JPM,100652,182"
2019-06-28 13:37:40.000000000,BEST_ASK,"JPM,100772,282"
2019-06-28 13:37:40.000000000,BEST_BID,"JPM,100652,182"
2019-06-28 13:37:40.000000000,BEST_ASK,"JPM,100772,282"
2019-06-28 13:37:42.293844436,QUERY_ORDER_STREAM,74
2019-06-28 13:37:42.293844436,QUERY_SPREAD,74
2019-06-28 13:37:42.293844436,BEST_BID,"JPM,100652,182"
2019-06-28 13:37:42.293844436,BEST_ASK,"JPM,100772,382"
2019-06-28 13:37:50.000000000,QUERY_SPREAD,1
2019-06-28 13:37:50.000000000,BEST_BID,"JPM,100652,428"
2019-06-28 13:37:50.000000000,BEST_ASK,"JPM,100772,300"
2019-06-28 13:37:50.000000000,BEST_BID,"JPM,100652,428"
2019-06-28 13:37:50.000000000,BEST_ASK,"JPM,100772,628"
2019-06-28 13:38:00.000000000,QUERY_SPREAD,1
2019-06-28 13:38:00.000000000,BEST_BID,"JPM,100652,428"
2019-06-28 13:38:00.000000000,BEST_ASK,"JPM,100772,300"
2019-06-28 13:38:00.000000000,BEST_BID,"JPM,100652,428"
2019-06-28 13:38:00.000000000,BEST_ASK,"JPM,100772,628"
2019-06-28 13:38:00.000000000,QUERY_SPREAD,77
2019-06-28 13:38:00.000000000,BEST_BID,"JPM,100652,428"
2019-06-28 13:38:00.000000000,BEST_ASK,"JPM,100772,624"
2019-06-28 13:38:00.000000000,LAST_TRADE,"4,$100772.0000"
2019-06-28 13:38:00.000000000,QUERY_SPREAD,78
2019-06-28 13:38:00.000000000,BEST_BID,"JPM,100652,428"
2019-06-28 13:38:00.000000000,BEST_ASK,"JPM,100772,616"
2019-06-28 13:38:00.000000000,LAST_TRADE,"8,$100772.0000"
2019-06-28 13:38:00.000000000,QUERY_SPREAD,79
2019-06-28 13:38:00.000000000,BEST_BID,"JPM,100652,428"
2019-06-28 13:38:00.000000000,BEST_ASK,"JPM,100772,615"
2019-06-28 13:38:00.000000000,LAST_TRADE,"1,$100772.0000"
2019-06-28 13:38:00.000000000,QUERY_SPREAD,80
2019-06-28 13:38:00.000000000,BEST_BID,"JPM,100652,428"
2019-06-28 13:38:00.000000000,BEST_ASK,"JPM,100772,610"
2019-06-28 13:38:00.000000000,LAST_TRADE,"5,$100772.0000"
2019-06-28 13:38:00.000000000,QUERY_SPREAD,81
2019-06-28 13:38:00.000000000,BEST_BID,"JPM,100652,428"
2019-06-28 13:38:00.000000000,BEST_ASK,"JPM,100772,605"
2019-06-28 13:38:00.000000000,LAST_TRADE,"5,$100772.0000"
2019-06-28 13:38:00.000000000,QUERY_SPREAD,82
2019-06-28 13:38:00.000000000,BEST_BID,"JPM,100652,428"
2019-06-28 13:38:00.000000000,BEST_ASK,"JPM,100772,599"
2019-06-28 13:38:00.000000000,LAST_TRADE,"6,$100772.0000"
2019-06-28 13:38:00.000000000,QUERY_SPREAD,83
2019-06-28 13:38:00.000000000,BEST_BID,"JPM,100652,428"
2019-06-28 13:38:00.000000000,BEST_ASK,"JPM,100772,595"
2019-06-28 13:38:00.000000000,LAST_TRADE,"4,$100772.0000"
2019-06-28 13:38:00.000000000,QUERY_SPREAD,84
2019-06-28 13:38:00.000000000,BEST_BID,"JPM,100652,428"
2019-06-28 13:38:00.000000000,BEST_ASK,"JPM,100772,590"
2019-06-28 13:38:00.000000000,LAST_TRADE,"5,$100772.0000"
2019-06-28 13:38:00.000000000,QUERY_SPREAD,85
2019-06-28 13:38:00.000000000,BEST_BID,"JPM,100652,428"
2019-06-28 13:38:00.000000000,BEST_ASK,"JPM,100772,585"
2019-06-28 13:38:00.000000000,LAST_TRADE,"5,$100772.0000"
2019-06-28 13:38:00.000000000,QUERY_SPREAD,86
2019-06-28 13:38:00.000000000,BEST_BID,"JPM,100652,428"
2019-06-28 13:38:00.000000000,BEST_ASK,"JPM,100772,576"
2019-06-28 13:38:00.000000000,LAST_TRADE,"9,$100772.0000"
2019-06-28 13:38:00.000000000,QUERY_SPREAD,87
2019-06-28 13:38:00.000000000,BEST_BID,"JPM,100652,428"
2019-06-28 13:38:00.000000000,BEST_ASK,"JPM,100772,574"
2019-06-28 13:38:00.000000000,LAST_TRADE,"2,$100772.0000"
2019-06-28 13:38:00.000000000,QUERY_SPREAD,88
2019-06-28 13:38:00.000000000,BEST_BID,"JPM,100652,428"
2019-06-28 13:38:00.000000000,BEST_ASK,"JPM,100772,566"
2019-06-28 13:38:00.000000000,LAST_TRADE,"8,$100772.0000"
2019-06-28 13:38:00.000000000,QUERY_SPREAD,89
2019-06-28 13:38:00.000000000,BEST_BID,"JPM,100652,428"
2019-06-28 13:38:00.000000000,BEST_ASK,"JPM,100772,559"
2019-06-28 13:38:00.000000000,LAST_TRADE,"7,$100772.0000"
2019-06-28 13:38:00.000000000,QUERY_SPREAD,90
2019-06-28 13:38:00.000000000,BEST_BID,"JPM,100652,428"
2019-06-28 13:38:00.000000000,BEST_ASK,"JPM,100772,553"
2019-06-28 13:38:00.000000000,LAST_TRADE,"6,$100772.0000"
2019-06-28 13:38:00.000000000,QUERY_SPREAD,91
2019-06-28 13:38:00.000000000,BEST_BID,"JPM,100652,428"
2019-06-28 13:38:00.000000000,BEST_ASK,"JPM,100772,548"
2019-06-28 13:38:00.000000000,LAST_TRADE,"5,$100772.0000"
2019-06-28 13:38:00.000000000,QUERY_SPREAD,92
2019-06-28 13:38:00.000000000,BEST_BID,"JPM,100652,428"
2019-06-28 13:38:00.000000000,BEST_ASK,"JPM,100772,547"
2019-06-28 13:38:00.000000000,LAST_TRADE,"1,$100772.0000"
2019-06-28 13:38:00.000000000,QUERY_SPREAD,93
2019-06-28 13:38:00.000000000,BEST_BID,"JPM,100652,428"
2019-06-28 13:38:00.000000000,BEST_ASK,"JPM,100772,545"
2019-06-28 13:38:00.000000000,LAST_TRADE,"2,$100772.0000"
2019-06-28 13:38:00.000000000,QUERY_SPREAD,94
2019-06-28 13:38:00.000000000,BEST_BID,"JPM,100652,428"
2019-06-28 13:38:00.000000000,BEST_ASK,"JPM,100772,543"
2019-06-28 13:38:00.000000000,LAST_TRADE,"2,$100772.0000"
2019-06-28 13:38:00.000000000,QUERY_SPREAD,95
2019-06-28 13:38:00.000000000,BEST_BID,"JPM,100652,428"
2019-06-28 13:38:00.000000000,BEST_ASK,"JPM,100772,536"
2019-06-28 13:38:00.000000000,LAST_TRADE,"7,$100772.0000"
2019-06-28 13:38:00.000000000,QUERY_SPREAD,96
2019-06-28 13:38:00.000000000,BEST_BID,"JPM,100652,428"
2019-06-28 13:38:00.000000000,BEST_ASK,"JPM,100772,529"
2019-06-28 13:38:00.000000000,LAST_TRADE,"7,$100772.0000"
2019-06-28 13:38:00.000000000,QUERY_SPREAD,97
2019-06-28 13:38:00.000000000,BEST_BID,"JPM,100652,428"
2019-06-28 13:38:00.000000000,BEST_ASK,"JPM,100772,523"
2019-06-28 13:38:00.000000000,LAST_TRADE,"6,$100772.0000"
2019-06-28 13:38:00.000000000,QUERY_SPREAD,98
2019-06-28 13:38:00.000000000,BEST_BID,"JPM,100652,428"
2019-06-28 13:38:00.000000000,BEST_ASK,"JPM,100772,519"
2019-06-28 13:38:00.000000000,LAST_TRADE,"4,$100772.0000"
2019-06-28 13:38:00.000000000,QUERY_SPREAD,99
2019-06-28 13:38:00.000000000,BEST_BID,"JPM,100652,428"
2019-06-28 13:38:00.000000000,BEST_ASK,"JPM,100772,517"
2019-06-28 13:38:00.000000000,LAST_TRADE,"2,$100772.0000"
2019-06-28 13:38:00.000000000,QUERY_SPREAD,100
2019-06-28 13:38:00.000000000,BEST_BID,"JPM,100652,428"
2019-06-28 13:38:00.000000000,BEST_ASK,"JPM,100772,511"
2019-06-28 13:38:00.000000000,LAST_TRADE,"6,$100772.0000"
2019-06-28 13:38:00.000000000,QUERY_SPREAD,101
2019-06-28 13:38:00.000000000,QUERY_ORDER_STREAM,101
2019-06-28 13:38:03.578161926,QUERY_SPREAD,11
2019-06-28 13:38:03.578161926,BEST_BID,"JPM,100652,428"
2019-06-28 13:38:03.578161926,BEST_ASK,"JPM,100686,100"
2019-06-28 13:38:04.557960250,QUERY_SPREAD,21
2019-06-28 13:38:04.557960250,BEST_BID,"JPM,100652,428"
2019-06-28 13:38:04.557960250,BEST_ASK,"JPM,100772,511"
2019-06-28 13:38:04.557960250,LAST_TRADE,"100,$100686.0000"
2019-06-28 13:38:10.000000000,QUERY_SPREAD,1
2019-06-28 13:38:10.000000000,BEST_BID,"JPM,100652,264"
2019-06-28 13:38:10.000000000,BEST_ASK,"JPM,100772,183"
2019-06-28 13:38:10.000000000,BEST_BID,"JPM,100652,264"
2019-06-28 13:38:10.000000000,BEST_ASK,"JPM,100772,183"
2019-06-28 13:38:10.000000000,BEST_BID,"JPM,100652,264"
2019-06-28 13:38:10.000000000,BEST_ASK,"JPM,100772,347"
2019-06-28 13:38:10.000000000,BEST_BID,"JPM,100652,264"
2019-06-28 13:38:10.000000000,BEST_ASK,"JPM,100772,347"
2019-06-28 13:38:16.436364195,QUERY_ORDER_STREAM,76
2019-06-28 13:38:16.436364195,QUERY_SPREAD,76
2019-06-28 13:38:16.436364195,BEST_BID,"JPM,100686,100"
2019-06-28 13:38:16.436364195,BEST_ASK,"JPM,100772,347"
2019-06-28 13:38:20.000000000,QUERY_SPREAD,1
2019-06-28 13:38:20.000000000,BEST_BID,"JPM,100686,166"
2019-06-28 13:38:20.000000000,BEST_ASK,"JPM,100772,183"
2019-06-28 13:38:20.000000000,BEST_BID,"JPM,100686,166"
2019-06-28 13:38:20.000000000,BEST_ASK,"JPM,100772,183"
2019-06-28 13:38:20.000000000,BEST_BID,"JPM,100686,166"
2019-06-28 13:38:20.000000000,BEST_ASK,"JPM,100772,183"
2019-06-28 13:38:20.000000000,BEST_BID,"JPM,100686,166"
2019-06-28 13:38:20.000000000,BEST_ASK,"JPM,100772,183"
2019-06-28 13:38:20.000000000,BEST_BID,"JPM,100686,166"
2019-06-28 13:38:20.000000000,BEST_ASK,"JPM,100772,183"
2019-06-28 13:38:20.000000000,BEST_BID,"JPM,100686,166"
2019-06-28 13:38:20.000000000,BEST_ASK,"JPM,100772,249"
2019-06-28 13:38:20.000000000,BEST_BID,"JPM,100686,166"
2019-06-28 13:38:20.000000000,BEST_ASK,"JPM,100772,249"
2019-06-28 13:38:30.000000000,QUERY_SPREAD,1
2019-06-28 13:38:30.000000000,BEST_BID,"JPM,100686,264"
2019-06-28 13:38:30.000000000,BEST_ASK,"JPM,100772,183"
2019-06-28 13:38:30.000000000,BEST_BID,"JPM,100686,264"
2019-06-28 13:38:30.000000000,BEST_ASK,"JPM,100772,183"
2019-06-28 13:38:30.000000000,BEST_BID,"JPM,100686,264"
2019-06-28 13:38:30.000000000,BEST_ASK,"JPM,100772,347"
2019-06-28 13:38:30.000000000,BEST_BID,"JPM,100686,264"
2019-06-28 13:38:30.000000000,BEST_ASK,"JPM,100772,347"
2019-06-28 13:38:40.000000000,QUERY_SPREAD,1
2019-06-28 13:38:40.000000000,BEST_BID,"JPM,100686,166"
2019-06-28 13:38:40.000000000,BEST_ASK,"JPM,100772,183"
2019-06-28 13:38:40.000000000,BEST_BID,"JPM,100686,166"
2019-06-28 13:38:40.000000000,BEST_ASK,"JPM,100772,183"
2019-06-28 13:38:40.000000000,BEST_BID,"JPM,100686,166"
2019-06-28 13:38:40.000000000,BEST_ASK,"JPM,100772,183"
2019-06-28 13:38:40.000000000,BEST_BID,"JPM,100686,166"
2019-06-28 13:38:40.000000000,BEST_ASK,"JPM,100772,183"
2019-06-28 13:38:40.000000000,BEST_BID,"JPM,100686,166"
2019-06-28 13:38:40.000000000,BEST_ASK,"JPM,100772,183"
2019-06-28 13:38:40.000000000,BEST_BID,"JPM,100686,166"
2019-06-28 13:38:40.000000000,BEST_ASK,"JPM,100772,249"
2019-06-28 13:38:40.000000000,BEST_BID,"JPM,100686,166"
2019-06-28 13:38:40.000000000,BEST_ASK,"JPM,100772,249"
2019-06-28 13:38:50.000000000,QUERY_SPREAD,1
2019-06-28 13:38:50.000000000,BEST_BID,"JPM,100686,182"
2019-06-28 13:38:50.000000000,BEST_ASK,"JPM,100772,183"
2019-06-28 13:38:50.000000000,BEST_BID,"JPM,100686,182"
2019-06-28 13:38:50.000000000,BEST_ASK,"JPM,100772,183"
2019-06-28 13:38:50.000000000,BEST_BID,"JPM,100686,182"
2019-06-28 13:38:50.000000000,BEST_ASK,"JPM,100772,183"
2019-06-28 13:38:50.000000000,BEST_BID,"JPM,100686,182"
2019-06-28 13:38:50.000000000,BEST_ASK,"JPM,100772,183"
2019-06-28 13:38:50.000000000,BEST_BID,"JPM,100686,182"
2019-06-28 13:38:50.000000000,BEST_ASK,"JPM,100772,265"
2019-06-28 13:38:50.000000000,BEST_BID,"JPM,100686,182"
2019-06-28 13:38:50.000000000,BEST_ASK,"JPM,100772,265"
2019-06-28 13:38:52.434391132,QUERY_ORDER_STREAM,76
2019-06-28 13:38:52.434391132,QUERY_SPREAD,76
2019-06-28 13:38:52.434391132,BEST_BID,"JPM,100686,182"
2019-06-28 13:38:52.434391132,BEST_ASK,"JPM,100772,265"
2019-06-28 13:39:00.000000000,QUERY_SPREAD,1
2019-06-28 13:39:00.000000000,BEST_BID,"JPM,100686,428"
2019-06-28 13:39:00.000000000,BEST_ASK,"JPM,100772,183"
2019-06-28 13:39:00.000000000,BEST_BID,"JPM,100686,428"
2019-06-28 13:39:00.000000000,BEST_ASK,"JPM,100772,511"
2019-06-28 13:39:00.000000000,QUERY_SPREAD,77
2019-06-28 13:39:00.000000000,BEST_BID,"JPM,100686,428"
2019-06-28 13:39:00.000000000,BEST_ASK,"JPM,100772,507"
2019-06-28 13:39:00.000000000,LAST_TRADE,"4,$100772.0000"
2019-06-28 13:39:00.000000000,QUERY_SPREAD,78
2019-06-28 13:39:00.000000000,BEST_BID,"JPM,100686,428"
2019-06-28 13:39:00.000000000,BEST_ASK,"JPM,100772,499"
2019-06-28 13:39:00.000000000,LAST_TRADE,"8,$100772.0000"
2019-06-28 13:39:00.000000000,QUERY_SPREAD,79
2019-06-28 13:39:00.000000000,BEST_BID,"JPM,100686,428"
2019-06-28 13:39:00.000000000,BEST_ASK,"JPM,100772,498"
2019-06-28 13:39:00.000000000,LAST_TRADE,"1,$100772.0000"
2019-06-28 13:39:00.000000000,QUERY_SPREAD,80
2019-06-28 13:39:00.000000000,BEST_BID,"JPM,100686,428"
2019-06-28 13:39:00.000000000,BEST_ASK,"JPM,100772,493"
2019-06-28 13:39:00.000000000,LAST_TRADE,"5,$100772.0000"
2019-06-28 13:39:00.000000000,QUERY_SPREAD,81
2019-06-28 13:39:00.000000000,BEST_BID,"JPM,100686,428"
2019-06-28 13:39:00.000000000,BEST_ASK,"JPM,100772,488"
2019-06-28 13:39:00.000000000,LAST_TRADE,"5,$100772.0000"
2019-06-28 13:39:00.000000000,QUERY_SPREAD,82
2019-06-28 13:39:00.000000000,BEST_BID,"JPM,100686,428"
2019-06-28 13:39:00.000000000,BEST_ASK,"JPM,100772,482"
2019-06-28 13:39:00.000000000,LAST_TRADE,"6,$100772.0000"
2019-06-28 13:39:00.000000000,QUERY_SPREAD,83
2019-06-28 13:39:00.000000000,BEST_BID,"JPM,100686,428"
2019-06-28 13:39:00.000000000,BEST_ASK,"JPM,100772,478"
2019-06-28 13:39:00.000000000,LAST_TRADE,"4,$100772.0000"
2019-06-28 13:39:00.000000000,QUERY_SPREAD,84
2019-06-28 13:39:00.000000000,BEST_BID,"JPM,100686,428"
2019-06-28 13:39:00.000000000,BEST_ASK,"JPM,100772,473"
2019-06-28 13:39:00.000000000,LAST_TRADE,"5,$100772.0000"
2019-06-28 13:39:00.000000000,QUERY_SPREAD,85
2019-06-28 13:39:00.000000000,BEST_BID,"JPM,100686,428"
2019-06-28 13:39:00.000000000,BEST_ASK,"JPM,100772,468"
2019-06-28 13:39:00.000000000,LAST_TRADE,"5,$100772.0000"
2019-06-28 13:39:00.000000000,QUERY_SPREAD,86
2019-06-28 13:39:00.000000000,BEST_BID,"JPM,100686,428"
2019-06-28 13:39:00.000000000,BEST_ASK,"JPM,100772,459"
2019-06-28 13:39:00.000000000,LAST_TRADE,"9,$100772.0000"
2019-06-28 13:39:00.000000000,QUERY_SPREAD,87
2019-06-28 13:39:00.000000000,BEST_BID,"JPM,100686,428"
2019-06-28 13:39:00.000000000,BEST_ASK,"JPM,100772,457"
2019-06-28 13:39:00.000000000,LAST_TRADE,"2,$100772.0000"
2019-06-28 13:39:00.000000000,QUERY_SPREAD,88
2019-06-28 13:39:00.000000000,BEST_BID,"JPM,100686,428"
2019-06-28 13:39:00.000000000,BEST_ASK,"JPM,100772,449"
2019-06-28 13:39:00.000000000,LAST_TRADE,"8,$100772.0000"
2019-06-28 13:39:00.000000000,QUERY_SPREAD,89
2019-06-28 13:39:00.000000000,BEST_BID,"JPM,100686,428"
2019-06-28 13:39:00.000000000,BEST_ASK,"JPM,100772,442"
2019-06-28 13:39:00.000000000,LAST_TRADE,"7,$100772.0000"
2019-06-28 13:39:00.000000000,QUERY_SPREAD,90
2019-06-28 13:39:00.000000000,BEST_BID,"JPM,100686,428"
2019-06-28 13:39:00.000000000,BEST_ASK,"JPM,100772,436"
2019-06-28 13:39:00.000000000,LAST_TRADE,"6,$100772.0000"
2019-06-28 13:39:00.000000000,QUERY_SPREAD,91
2019-06-28 13:39:00.000000000,BEST_BID,"JPM,100686,428"
2019-06-28 13:39:00.000000000,BEST_ASK,"JPM,100772,431"
2019-06-28 13:39:00.000000000,LAST_TRADE,"5,$100772.0000"
2019-06-28 13:39:00.000000000,QUERY_SPREAD,92
2019-06-28 13:39:00.000000000,BEST_BID,"JPM,100686,428"
2019-06-28 13:39:00.000000000,BEST_ASK,"JPM,100772,430"
2019-06-28 13:39:00.000000000,LAST_TRADE,"1,$100772.0000"
2019-06-28 13:39:00.000000000,QUERY_SPREAD,93
2019-06-28 13:39:00.000000000,BEST_BID,"JPM,100686,428"
2019-06-28 13:39:00.000000000,BEST_ASK,"JPM,100772,428"
2019-06-28 13:39:00.000000000,LAST_TRADE,"2,$100772.0000"
2019-06-28 13:39:00.000000000,QUERY_SPREAD,94
2019-06-28 13:39:00.000000000,BEST_BID,"JPM,100686,428"
2019-06-28 13:39:00.000000000,BEST_ASK,"JPM,100772,426"
2019-06-28 13:39:00.000000000,LAST_TRADE,"2,$100772.0000"
2019-06-28 13:39:00.000000000,QUERY_SPREAD,95
2019-06-28 13:39:00.000000000,BEST_BID,"JPM,100686,428"
2019-06-28 13:39:00.000000000,BEST_ASK,"JPM,100772,419"
2019-06-28 13:39:00.000000000,LAST_TRADE,"7,$100772.0000"
2019-06-28 13:39:00.000000000,QUERY_SPREAD,96
2019-06-28 13:39:00.000000000,BEST_BID,"JPM,100686,428"
2019-06-28 13:39:00.000000000,BEST_ASK,"JPM,100772,412"
2019-06-28 13:39:00.000000000,LAST_TRADE,"7,$100772.0000"
2019-06-28 13:39:00.000000000,QUERY_SPREAD,97
2019-06-28 13:39:00.000000000,BEST_BID,"JPM,100686,428"
2019-06-28 13:39:00.000000000,BEST_ASK,"JPM,100772,406"
2019-06-28 13:39:00.000000000,LAST_TRADE,"6,$100772.0000"
2019-06-28 13:39:00.000000000,QUERY_SPREAD,98
2019-06-28 13:39:00.000000000,BEST_BID,"JPM,100686,428"
2019-06-28 13:39:00.000000000,BEST_ASK,"JPM,100772,402"
2019-06-28 13:39:00.000000000,LAST_TRADE,"4,$100772.0000"
2019-06-28 13:39:00.000000000,QUERY_SPREAD,99
2019-06-28 13:39:00.000000000,BEST_BID,"JPM,100686,428"
2019-06-28 13:39:00.000000000,BEST_ASK,"JPM,100772,400"
2019-06-28 13:39:00.000000000,LAST_TRADE,"2,$100772.0000"
2019-06-28 13:39:00.000000000,QUERY_SPREAD,100
2019-06-28 13:39:00.000000000,BEST_BID,"JPM,100686,428"
2019-06-28 13:39:00.000000000,BEST_ASK,"JPM,100772,394"
2019-06-28 13:39:00.000000000,LAST_TRADE,"6,$100772.0000"
2019-06-28 13:39:00.000000000,QUERY_SPREAD,101
2019-06-28 13:39:00.000000000,QUERY_ORDER_STREAM,101
2019-06-28 13:39:03.427025410,QUERY_ORDER_STREAM,73
2019-06-28 13:39:03.427025410,QUERY_SPREAD,73
2019-06-28 13:39:09.926017211,QUERY_ORDER_STREAM,71
2019-06-28 13:39:09.926017211,QUERY_SPREAD,71
2019-06-28 13:39:09.926017211,BEST_BID,"JPM,100686,428"
2019-06-28 13:39:09.926017211,BEST_ASK,"JPM,100772,294"
2019-06-28 13:39:09.926017211,LAST_TRADE,"100,$100772.0000"
2019-06-28 13:39:10.000000000,QUERY_SPREAD,1
2019-06-28 13:39:20.000000000,QUERY_SPREAD,1
2019-06-28 13:39:24.091596627,QUERY_SPREAD,51
2019-06-28 13:39:24.091596627,BEST_BID,"JPM,100652,100"
2019-06-28 13:39:24.091596627,LAST_TRADE,"100,$100686.0000"
2019-06-28 13:39:30.000000000,QUERY_SPREAD,1
2019-06-28 13:39:33.753342648,QUERY_SPREAD,25
2019-06-28 13:39:33.753342648,BEST_BID,"JPM,100652,100"
2019-06-28 13:39:40.000000000,QUERY_SPREAD,1
2019-06-28 13:39:50.000000000,QUERY_SPREAD,1
2019-06-28 13:39:52.235295537,QUERY_SPREAD,20
2019-06-28 13:39:52.235295537,BEST_BID,"JPM,100407,100"
2019-06-28 13:39:52.235295537,LAST_TRADE,"100,$100652.0000"
2019-06-28 13:39:54.629209474,QUERY_SPREAD,39
2019-06-28 13:39:54.629209474,BEST_BID,"JPM,100407,100"
2019-06-28 13:39:57.736134574,QUERY_SPREAD,47
2019-06-28 13:39:57.736134574,BEST_BID,"JPM,100407,100"
2019-06-28 13:40:00.000000000,QUERY_SPREAD,1
2019-06-28 13:40:00.000000000,QUERY_SPREAD,77
2019-06-28 13:40:00.000000000,QUERY_SPREAD,78
2019-06-28 13:40:00.000000000,QUERY_SPREAD,79
2019-06-28 13:40:00.000000000,QUERY_SPREAD,80
2019-06-28 13:40:00.000000000,QUERY_SPREAD,81
2019-06-28 13:40:00.000000000,QUERY_SPREAD,82
2019-06-28 13:40:00.000000000,QUERY_SPREAD,83
2019-06-28 13:40:00.000000000,QUERY_SPREAD,84
2019-06-28 13:40:00.000000000,QUERY_SPREAD,85
2019-06-28 13:40:00.000000000,QUERY_SPREAD,86
2019-06-28 13:40:00.000000000,QUERY_SPREAD,87
2019-06-28 13:40:00.000000000,QUERY_SPREAD,88
2019-06-28 13:40:00.000000000,QUERY_SPREAD,89
2019-06-28 13:40:00.000000000,QUERY_SPREAD,90
2019-06-28 13:40:00.000000000,QUERY_SPREAD,91
2019-06-28 13:40:00.000000000,QUERY_SPREAD,92
2019-06-28 13:40:00.000000000,QUERY_SPREAD,93
2019-06-28 13:40:00.000000000,QUERY_SPREAD,94
2019-06-28 13:40:00.000000000,QUERY_SPREAD,95
2019-06-28 13:40:00.000000000,QUERY_SPREAD,96
2019-06-28 13:40:00.000000000,QUERY_SPREAD,97
2019-06-28 13:40:00.000000000,QUERY_SPREAD,98
2019-06-28 13:40:00.000000000,QUERY_SPREAD,99
2019-06-28 13:40:00.000000000,QUERY_SPREAD,100
2019-06-28 13:40:00.000000000,QUERY_SPREAD,101
2019-06-28 13:40:00.000000000,QUERY_ORDER_STREAM,101
2019-06-28 13:40:10.000000000,QUERY_SPREAD,1
2019-06-28 13:40:10.613988373,QUERY_SPREAD,37
2019-06-28 13:40:10.613988373,BEST_BID,"JPM,100407,100"
2019-06-28 13:40:14.957907446,QUERY_SPREAD,48
2019-06-28 13:40:14.957907446,BEST_BID,"JPM,100386,100"
2019-06-28 13:40:14.957907446,LAST_TRADE,"100,$100407.0000"
2019-06-28 13:40:18.958255135,QUERY_ORDER_STREAM,71
2019-06-28 13:40:18.958255135,QUERY_SPREAD,71
2019-06-28 13:40:18.958255135,BEST_BID,"JPM,100386,100"
2019-06-28 13:40:18.958255135,BEST_ASK,"JPM,100652,100"
2019-06-28 13:40:20.000000000,QUERY_SPREAD,1
2019-06-28 13:40:20.000000000,BEST_BID,"JPM,100386,166"
2019-06-28 13:40:20.000000000,BEST_ASK,"JPM,100652,100"
2019-06-28 13:40:20.000000000,BEST_BID,"JPM,100386,166"
2019-06-28 13:40:20.000000000,BEST_ASK,"JPM,100652,100"
2019-06-28 13:40:20.000000000,BEST_BID,"JPM,100386,166"
2019-06-28 13:40:20.000000000,BEST_ASK,"JPM,100652,100"
2019-06-28 13:40:20.000000000,BEST_BID,"JPM,100386,166"
2019-06-28 13:40:20.000000000,BEST_ASK,"JPM,100652,100"
2019-06-28 13:40:20.000000000,BEST_BID,"JPM,100386,166"
2019-06-28 13:40:20.000000000,BEST_ASK,"JPM,100652,100"
2019-06-28 13:40:20.000000000,BEST_BID,"JPM,100386,166"
2019-06-28 13:40:20.000000000,BEST_ASK,"JPM,100652,166"
2019-06-28 13:40:20.000000000,BEST_BID,"JPM,100386,166"
2019-06-28 13:40:20.000000000,BEST_ASK,"JPM,100652,166"
2019-06-28 13:40:29.155196564,QUERY_SPREAD,15
2019-06-28 13:40:29.155196564,BEST_BID,"JPM,100478,100"
2019-06-28 13:40:29.155196564,BEST_ASK,"JPM,100652,166"
2019-06-28 13:40:30.000000000,QUERY_SPREAD,1
2019-06-28 13:40:30.000000000,BEST_BID,"JPM,100478,264"
2019-06-28 13:40:30.000000000,BEST_ASK,"JPM,100652,100"
2019-06-28 13:40:30.000000000,BEST_BID,"JPM,100478,264"
2019-06-28 13:40:30.000000000,BEST_ASK,"JPM,100652,100"
2019-06-28 13:40:30.000000000,BEST_BID,"JPM,100478,264"
2019-06-28 13:40:30.000000000,BEST_ASK,"JPM,100652,264"
2019-06-28 13:40:30.000000000,BEST_BID,"JPM,100478,264"
2019-06-28 13:40:30.000000000,BEST_ASK,"JPM,100652,264"
2019-06-28 13:40:39.858795305,QUERY_SPREAD,20
2019-06-28 13:40:39.858795305,BEST_BID,"JPM,100478,164"
2019-06-28 13:40:39.858795305,BEST_ASK,"JPM,100652,264"
2019-06-28 13:40:39.858795305,LAST_TRADE,"100,$100478.0000"
2019-06-28 13:40:40.000000000,QUERY_SPREAD,1
2019-06-28 13:40:40.000000000,BEST_BID,"JPM,100386,166"
2019-06-28 13:40:40.000000000,BEST_ASK,"JPM,100652,100"
2019-06-28 13:40:40.000000000,BEST_BID,"JPM,100386,166"
2019-06-28 13:40:40.000000000,BEST_ASK,"JPM,100652,100"
2019-06-28 13:40:40.000000000,BEST_BID,"JPM,100386,166"
2019-06-28 13:40:40.000000000,BEST_ASK,"JPM,100652,100"
2019-06-28 13:40:40.000000000,BEST_BID,"JPM,100386,166"
2019-06-28 13:40:40.000000000,BEST_ASK,"JPM,100652,100"
2019-06-28 13:40:40.000000000,BEST_BID,"JPM,100386,166"
2019-06-28 13:40:40.000000000,BEST_ASK,"JPM,100652,100"
2019-06-28 13:40:40.000000000,BEST_BID,"JPM,100386,166"
2019-06-28 13:40:40.000000000,BEST_ASK,"JPM,100652,166"
2019-06-28 13:40:40.000000000,BEST_BID,"JPM,100386,166"
2019-06-28 13:40:40.000000000,BEST_ASK,"JPM,100652,166"
2019-06-28 13:40:44.554343986,QUERY_SPREAD,16
2019-06-28 13:40:44.554343986,BEST_BID,"JPM,100386,66"
2019-06-28 13:40:44.554343986,BEST_ASK,"JPM,100652,166"
2019-06-28 13:40:44.554343986,LAST_TRADE,"100,$100386.0000"
2019-06-28 13:40:50.000000000,QUERY_SPREAD,1
2019-06-28 13:40:50.000000000,BEST_BID,"JPM,100321,212"
2019-06-28 13:40:50.000000000,BEST_ASK,"JPM,100652,100"
2019-06-28 13:40:50.000000000,BEST_BID,"JPM,100321,212"
2019-06-28 13:40:50.000000000,BEST_ASK,"JPM,100652,100"
2019-06-28 13:40:50.000000000,BEST_BID,"JPM,100321,212"
2019-06-28 13:40:50.000000000,BEST_ASK,"JPM,100652,100"
2019-06-28 13:40:50.000000000,BEST_BID,"JPM,100321,212"
2019-06-28 13:40:50.000000000,BEST_ASK,"JPM,100652,212"
2019-06-28 13:40:50.000000000,BEST_BID,"JPM,100321,212"
2019-06-28 13:40:50.000000000,BEST_ASK,"JPM,100652,212"
2019-06-28 13:41:00.000000000,QUERY_SPREAD,1
2019-06-28 13:41:00.000000000,BEST_BID,"JPM,100321,166"
2019-06-28 13:41:00.000000000,BEST_ASK,"JPM,100652,100"
2019-06-28 13:41:00.000000000,BEST_BID,"JPM,100321,166"
2019-06-28 13:41:00.000000000,BEST_ASK,"JPM,100652,100"
2019-06-28 13:41:00.000000000,BEST_BID,"JPM,100321,166"
2019-06-28 13:41:00.000000000,BEST_ASK,"JPM,100652,100"
2019-06-28 13:41:00.000000000,BEST_BID,"JPM,100321,166"
2019-06-28 13:41:00.000000000,BEST_ASK,"JPM,100652,100"
2019-06-28 13:41:00.000000000,BEST_BID,"JPM,100321,166"
2019-06-28 13:41:00.000000000,BEST_ASK,"JPM,100652,100"
2019-06-28 13:41:00.000000000,BEST_BID,"JPM,100321,166"
2019-06-28 13:41:00.000000000,BEST_ASK,"JPM,100652,166"
2019-06-28 13:41:00.000000000,BEST_BID,"JPM,100321,166"
2019-06-28 13:41:00.000000000,BEST_ASK,"JPM,100652,166"
2019-06-28 13:41:00.000000000,QUERY_SPREAD,77
2019-06-28 13:41:00.000000000,BEST_BID,"JPM,100321,166"
2019-06-28 13:41:00.000000000,BEST_ASK,"JPM,100652,162"
2019-06-28 13:41:00.000000000,LAST_TRADE,"4,$100652.0000"
2019-06-28 13:41:00.000000000,QUERY_SPREAD,78
2019-06-28 13:41:00.000000000,BEST_BID,"JPM,100321,166"
2019-06-28 13:41:00.000000000,BEST_ASK,"JPM,100652,154"
2019-06-28 13:41:00.000000000,LAST_TRADE,"8,$100652.0000"
2019-06-28 13:41:00.000000000,QUERY_SPREAD,79
2019-06-28 13:41:00.000000000,BEST_BID,"JPM,100321,166"
2019-06-28 13:41:00.000000000,BEST_ASK,"JPM,100652,153"
2019-06-28 13:41:00.000000000,LAST_TRADE,"1,$100652.0000"
2019-06-28 13:41:00.000000000,QUERY_SPREAD,80
2019-06-28 13:41:00.000000000,BEST_BID,"JPM,100321,166"
2019-06-28 13:41:00.000000000,BEST_ASK,"JPM,100652,148"
2019-06-28 13:41:00.000000000,LAST_TRADE,"5,$100652.0000"
2019-06-28 13:41:00.000000000,QUERY_SPREAD,81
2019-06-28 13:41:00.000000000,BEST_BID,"JPM,100321,166"
2019-06-28 13:41:00.000000000,BEST_ASK,"JPM,100652,143"
2019-06-28 13:41:00.000000000,LAST_TRADE,"5,$100652.0000"
2019-06-28 13:41:00.000000000,QUERY_SPREAD,82
2019-06-28 13:41:00.000000000,BEST_BID,"JPM,100321,166"
2019-06-28 13:41:00.000000000,BEST_ASK,"JPM,100652,137"
2019-06-28 13:41:00.000000000,LAST_TRADE,"6,$100652.0000"
2019-06-28 13:41:00.000000000,QUERY_SPREAD,83
2019-06-28 13:41:00.000000000,BEST_BID,"JPM,100321,166"
2019-06-28 13:41:00.000000000,BEST_ASK,"JPM,100652,133"
2019-06-28 13:41:00.000000000,LAST_TRADE,"4,$100652.0000"
2019-06-28 13:41:00.000000000,QUERY_SPREAD,84
2019-06-28 13:41:00.000000000,BEST_BID,"JPM,100321,166"
2019-06-28 13:41:00.000000000,BEST_ASK,"JPM,100652,128"
2019-06-28 13:41:00.000000000,LAST_TRADE,"5,$100652.0000"
2019-06-28 13:41:00.000000000,QUERY_SPREAD,85
2019-06-28 13:41:00.000000000,BEST_BID,"JPM,100321,166"
2019-06-28 13:41:00.000000000,BEST_ASK,"JPM,100652,123"
2019-06-28 13:41:00.000000000,LAST_TRADE,"5,$100652.0000"
2019-06-28 13:41:00.000000000,QUERY_SPREAD,86
2019-06-28 13:41:00.000000000,BEST_BID,"JPM,100321,166"
2019-06-28 13:41:00.000000000,BEST_ASK,"JPM,100652,114"
2019-06-28 13:41:00.000000000,LAST_TRADE,"9,$100652.0000"
2019-06-28 13:41:00.000000000,QUERY_SPREAD,87
2019-06-28 13:41:00.000000000,BEST_BID,"JPM,100321,166"
2019-06-28 13:41:00.000000000,BEST_ASK,"JPM,100652,112"
2019-06-28 13:41:00.000000000,LAST_TRADE,"2,$100652.0000"
2019-06-28 13:41:00.000000000,QUERY_SPREAD,88
2019-06-28 13:41:00.000000000,BEST_BID,"JPM,100321,166"
2019-06-28 13:41:00.000000000,BEST_ASK,"JPM,100652,104"
2019-06-28 13:41:00.000000000,LAST_TRADE,"8,$100652.0000"
2019-06-28 13:41:00.000000000,QUERY_SPREAD,89
2019-06-28 13:41:00.000000000,BEST_BID,"JPM,100321,166"
2019-06-28 13:41:00.000000000,BEST_ASK,"JPM,100652,97"
2019-06-28 13:41:00.000000000,LAST_TRADE,"7,$100652.0000"
2019-06-28 13:41:00.000000000,QUERY_SPREAD,90
2019-06-28 13:41:00.000000000,BEST_BID,"JPM,100321,166"
2019-06-28 13:41:00.000000000,BEST_ASK,"JPM,100652,91"
2019-06-28 13:41:00.000000000,LAST_TRADE,"6,$100652.0000"
2019-06-28 13:41:00.000000000,QUERY_SPREAD,91
2019-06-28 13:41:00.000000000,BEST_BID,"JPM,100321,166"
2019-06-28 13:41:00.000000000,BEST_ASK,"JPM,100652,86"
2019-06-28 13:41:00.000000000,LAST_TRADE,"5,$100652.0000"
2019-06-28 13:41:00.000000000,QUERY_SPREAD,92
2019-06-28 13:41:00.000000000,BEST_BID,"JPM,100321,166"
2019-06-28 13:41:00.000000000,BEST_ASK,"JPM,100652,85"
2019-06-28 13:41:00.000000000,LAST_TRADE,"1,$100652.0000"
2019-06-28 13:41:00.000000000,QUERY_SPREAD,93
2019-06-28 13:41:00.000000000,BEST_BID,"JPM,100321,166"
2019-06-28 13:41:00.000000000,BEST_ASK,"JPM,100652,83"
2019-06-28 13:41:00.000000000,LAST_TRADE,"2,$100652.0000"
2019-06-28 13:41:00.000000000,QUERY_SPREAD,94
2019-06-28 13:41:00.000000000,BEST_BID,"JPM,100321,166"
2019-06-28 13:41:00.000000000,BEST_ASK,"JPM,100652,81"
2019-06-28 13:41:00.000000000,LAST_TRADE,"2,$100652.0000"
2019-06-28 13:41:00.000000000,QUERY_SPREAD,95
2019-06-28 13:41:00.000000000,BEST_BID,"JPM,100321,166"
2019-06-28 13:41:00.000000000,BEST_ASK,"JPM,100652,74"
2019-06-28 13:41:00.000000000,LAST_TRADE,"7,$100652.0000"
2019-06-28 13:41:00.000000000,QUERY_SPREAD,96
2019-06-28 13:41:00.000000000,BEST_BID,"JPM,100321,166"
2019-06-28 13:41:00.000000000,BEST_ASK,"JPM,100652,67"
2019-06-28 13:41:00.000000000,LAST_TRADE,"7,$100652.0000"
2019-06-28 13:41:00.000000000,QUERY_SPREAD,97
2019-06-28 13:41:00.000000000,BEST_BID,"JPM,100321,166"
2019-06-28 13:41:00.000000000,BEST_ASK,"JPM,100652,61"
2019-06-28 13:41:00.000000000,LAST_TRADE,"6,$100652.0000"
2019-06-28 13:41:00.000000000,QUERY_SPREAD,98
2019-06-28 13:41:00.000000000,BEST_BID,"JPM,100321,166"
2019-06-28 13:41:00.000000000,BEST_ASK,"JPM,100652,57"
2019-06-28 13:41:00.000000000,LAST_TRADE,"4,$100652.0000"
2019-06-28 13:41:00.000000000,QUERY_SPREAD,99
2019-06-28 13:41:00.000000000,BEST_BID,"JPM,100321,166"
2019-06-28 13:41:00.000000000,BEST_ASK,"JPM,100652,55"
2019-06-28 13:41:00.000000000,LAST_TRADE,"2,$100652.0000"
2019-06-28 13:41:00.000000000,QUERY_SPREAD,100
2019-06-28 13:41:00.000000000,BEST_BID,"JPM,100321,166"
2019-06-28 13:41:00.000000000,BEST_ASK,"JPM,100652,49"
2019-06-28 13:41:00.000000000,LAST_TRADE,"6,$100652.0000"
2019-06-28 13:41:00.000000000,QUERY_SPREAD,101
2019-06-28 13:41:00.000000000,QUERY_ORDER_STREAM,101
2019-06-28 13:41:10.000000000,QUERY_SPREAD,1
2019-06-28 13:41:20.000000000,QUERY_SPREAD,1
2019-06-28 13:41:22.756306637,QUERY_SPREAD,39
2019-06-28 13:41:22.756306637,BEST_BID,"JPM,100222,100"
2019-06-28 13:41:22.756306637,LAST_TRADE,"100,$100271.0000"
2019-06-28 13:41:30.000000000,QUERY_SPREAD,1
2019-06-28 13:41:40.000000000,QUERY_SPREAD,1
2019-06-28 13:41:40.535085377,QUERY_SPREAD,6
2019-06-28 13:41:40.535085377,BEST_BID,"JPM,100222,100"
2019-06-28 13:41:41.867543268,QUERY_SPREAD,23
2019-06-28 13:41:41.867543268,BEST_BID,"JPM,100222,100"
2019-06-28 13:41:49.953630743,QUERY_SPREAD,27
2019-06-28 13:41:49.953630743,BEST_BID,"JPM,100222,100"
2019-06-28 13:41:50.000000000,QUERY_SPREAD,1
2019-06-28 13:41:57.056979851,QUERY_ORDER_STREAM,65
2019-06-28 13:41:57.056979851,QUERY_SPREAD,65
2019-06-28 13:42:00.000000000,QUERY_SPREAD,1
2019-06-28 13:42:00.000000000,QUERY_SPREAD,77
2019-06-28 13:42:00.000000000,QUERY_SPREAD,78
2019-06-28 13:42:00.000000000,QUERY_SPREAD,79
2019-06-28 13:42:00.000000000,QUERY_SPREAD,80
2019-06-28 13:42:00.000000000,QUERY_SPREAD,81
2019-06-28 13:42:00.000000000,QUERY_SPREAD,82
2019-06-28 13:42:00.000000000,QUERY_SPREAD,83
2019-06-28 13:42:00.000000000,QUERY_SPREAD,84
2019-06-28 13:42:00.000000000,QUERY_SPREAD,85
2019-06-28 13:42:00.000000000,QUERY_SPREAD,86
2019-06-28 13:42:00.000000000,QUERY_SPREAD,87
2019-06-28 13:42:00.000000000,QUERY_SPREAD,88
2019-06-28 13:42:00.000000000,QUERY_SPREAD,89
2019-06-28 13:42:00.000000000,QUERY_SPREAD,90
2019-06-28 13:42:00.000000000,QUERY_SPREAD,91
2019-06-28 13:42:00.000000000,QUERY_SPREAD,92
2019-06-28 13:42:00.000000000,QUERY_SPREAD,93
2019-06-28 13:42:00.000000000,QUERY_SPREAD,94
2019-06-28 13:42:00.000000000,QUERY_SPREAD,95
2019-06-28 13:42:00.000000000,QUERY_SPREAD,96
2019-06-28 13:42:00.000000000,QUERY_SPREAD,97
2019-06-28 13:42:00.000000000,QUERY_SPREAD,98
2019-06-28 13:42:00.000000000,QUERY_SPREAD,99
2019-06-28 13:42:00.000000000,QUERY_SPREAD,100
2019-06-28 13:42:00.000000000,QUERY_SPREAD,101
2019-06-28 13:42:00.000000000,QUERY_ORDER_STREAM,101
2019-06-28 13:42:05.174340136,QUERY_ORDER_STREAM,60
2019-06-28 13:42:05.174340136,QUERY_SPREAD,60
2019-06-28 13:42:05.174340136,BEST_BID,"JPM,100222,100"
2019-06-28 13:42:05.174340136,BEST_ASK,"JPM,100652,100"
2019-06-28 13:42:08.329418594,QUERY_SPREAD,25
2019-06-28 13:42:08.329418594,BEST_BID,"JPM,100222,100"
2019-06-28 13:42:08.329418594,BEST_ASK,"JPM,100652,100"
2019-06-28 13:42:09.155473963,QUERY_ORDER_STREAM,53
2019-06-28 13:42:09.155473963,QUERY_SPREAD,53
2019-06-28 13:42:10.000000000,QUERY_SPREAD,1
2019-06-28 13:42:10.000000000,BEST_BID,"JPM,100222,166"
2019-06-28 13:42:10.000000000,BEST_ASK,"JPM,100652,100"
2019-06-28 13:42:10.000000000,BEST_BID,"JPM,100222,166"
2019-06-28 13:42:10.000000000,BEST_ASK,"JPM,100652,100"
2019-06-28 13:42:10.000000000,BEST_BID,"JPM,100222,166"
2019-06-28 13:42:10.000000000,BEST_ASK,"JPM,100652,100"
2019-06-28 13:42:10.000000000,BEST_BID,"JPM,100222,166"
2019-06-28 13:42:10.000000000,BEST_ASK,"JPM,100652,100"
2019-06-28 13:42:10.000000000,BEST_BID,"JPM,100222,166"
2019-06-28 13:42:10.000000000,BEST_ASK,"JPM,100652,100"
2019-06-28 13:42:10.000000000,BEST_BID,"JPM,100222,166"
2019-06-28 13:42:10.000000000,BEST_ASK,"JPM,100652,166"
2019-06-28 13:42:10.000000000,BEST_BID,"JPM,100222,166"
2019-06-28 13:42:10.000000000,BEST_ASK,"JPM,100652,166"
2019-06-28 13:42:10.794885956,QUERY_SPREAD,15
2019-06-28 13:42:10.794885956,BEST_BID,"JPM,100222,66"
2019-06-28 13:42:10.794885956,BEST_ASK,"JPM,100652,166"
2019-06-28 13:42:10.794885956,LAST_TRADE,"100,$100222.0000"
2019-06-28 13:42:20.000000000,QUERY_SPREAD,1
2019-06-28 13:42:20.000000000,BEST_BID,"JPM,100214,428"
2019-06-28 13:42:20.000000000,BEST_ASK,"JPM,100652,100"
2019-06-28 13:42:20.000000000,BEST_BID,"JPM,100214,428"
2019-06-28 13:42:20.000000000,BEST_ASK,"JPM,100652,428"
2019-06-28 13:42:25.573210759,QUERY_SPREAD,50
2019-06-28 13:42:25.573210759,BEST_BID,"JPM,100214,328"
2019-06-28 13:42:25.573210759,BEST_ASK,"JPM,100652,428"
2019-06-28 13:42:25.573210759,LAST_TRADE,"100,$100214.0000"
2019-06-28 13:42:30.000000000,QUERY_SPREAD,1
2019-06-28 13:42:30.000000000,BEST_BID,"JPM,100211,182"
2019-06-28 13:42:30.000000000,BEST_ASK,"JPM,100652,100"
2019-06-28 13:42:30.000000000,BEST_BID,"JPM,100211,182"
2019-06-28 13:42:30.000000000,BEST_ASK,"JPM,100652,100"
2019-06-28 13:42:30.000000000,BEST_BID,"JPM,100211,182"
2019-06-28 13:42:30.000000000,BEST_ASK,"JPM,100652,100"
2019-06-28 13:42:30.000000000,BEST_BID,"JPM,100211,182"
2019-06-28 13:42:30.000000000,BEST_ASK,"JPM,100652,100"
2019-06-28 13:42:30.000000000,BEST_BID,"JPM,100211,182"
2019-06-28 13:42:30.000000000,BEST_ASK,"JPM,100652,182"
2019-06-28 13:42:30.000000000,BEST_BID,"JPM,100211,182"
2019-06-28 13:42:30.000000000,BEST_ASK,"JPM,100652,182"
2019-06-28 13:42:31.823199143,QUERY_SPREAD,10
2019-06-28 13:42:31.823199143,BEST_BID,"JPM,100211,82"
2019-06-28 13:42:31.823199143,BEST_ASK,"JPM,100652,182"
2019-06-28 13:42:31.823199143,LAST_TRADE,"100,$100211.0000"
2019-06-28 13:42:39.014985805,QUERY_SPREAD,25
2019-06-28 13:42:39.014985805,BEST_BID,"JPM,100211,82"
2019-06-28 13:42:39.014985805,BEST_ASK,"JPM,100652,182"
2019-06-28 13:42:40.000000000,QUERY_SPREAD,1
2019-06-28 13:42:40.000000000,BEST_BID,"JPM,100128,264"
2019-06-28 13:42:40.000000000,BEST_ASK,"JPM,100652,100"
2019-06-28 13:42:40.000000000,BEST_BID,"JPM,100128,264"
2019-06-28 13:42:40.000000000,BEST_ASK,"JPM,100652,100"
2019-06-28 13:42:40.000000000,BEST_BID,"JPM,100128,264"
2019-06-28 13:42:40.000000000,BEST_ASK,"JPM,100652,264"
2019-06-28 13:42:40.000000000,BEST_BID,"JPM,100128,264"
2019-06-28 13:42:40.000000000,BEST_ASK,"JPM,100652,264"
2019-06-28 13:42:42.847357215,QUERY_ORDER_STREAM,66
2019-06-28 13:42:42.847357215,QUERY_SPREAD,66
2019-06-28 13:42:42.847357215,BEST_BID,"JPM,100128,264"
2019-06-28 13:42:42.847357215,BEST_ASK,"JPM,100214,100"
2019-06-28 13:42:50.000000000,QUERY_SPREAD,1
2019-06-28 13:42:50.000000000,BEST_BID,"JPM,100128,428"
2019-06-28 13:42:50.000000000,BEST_ASK,"JPM,100214,100"
2019-06-28 13:42:50.000000000,BEST_BID,"JPM,100128,428"
2019-06-28 13:42:50.000000000,BEST_ASK,"JPM,100214,428"
2019-06-28 13:42:53.011153074,QUERY_SPREAD,35
2019-06-28 13:42:53.011153074,BEST_BID,"JPM,100128,328"
2019-06-28 13:42:53.011153074,BEST_ASK,"JPM,100214,428"
2019-06-28 13:42:53.011153074,LAST_TRADE,"100,$100128.0000"
2019-06-28 13:42:53.438434676,QUERY_ORDER_STREAM,53
2019-06-28 13:42:53.438434676,QUERY_SPREAD,53
2019-06-28 13:42:53.438434676,BEST_BID,"JPM,100128,328"
2019-06-28 13:42:53.438434676,BEST_ASK,"JPM,100211,100"
2019-06-28 13:43:00.000000000,QUERY_SPREAD,1
2019-06-28 13:43:00.000000000,BEST_BID,"JPM,99911,166"
2019-06-28 13:43:00.000000000,BEST_ASK,"JPM,100211,100"
2019-06-28 13:43:00.000000000,BEST_BID,"JPM,99911,166"
2019-06-28 13:43:00.000000000,BEST_ASK,"JPM,100211,100"
2019-06-28 13:43:00.000000000,BEST_BID,"JPM,99911,166"
2019-06-28 13:43:00.000000000,BEST_ASK,"JPM,100211,100"
2019-06-28 13:43:00.000000000,BEST_BID,"JPM,99911,166"
2019-06-28 13:43:00.000000000,BEST_ASK,"JPM,100211,100"
2019-06-28 13:43:00.000000000,BEST_BID,"JPM,99911,166"
2019-06-28 13:43:00.000000000,BEST_ASK,"JPM,100211,100"
2019-06-28 13:43:00.000000000,BEST_BID,"JPM,99911,166"
2019-06-28 13:43:00.000000000,BEST_ASK,"JPM,100211,166"
2019-06-28 13:43:00.000000000,BEST_BID,"JPM,99911,166"
2019-06-28 13:43:00.000000000,BEST_ASK,"JPM,100211,166"
2019-06-28 13:43:00.000000000,BEST_BID,"JPM,99911,166"
2019-06-28 13:43:00.000000000,BEST_ASK,"JPM,100211,166"
2019-06-28 13:43:00.000000000,BEST_BID,"JPM,99911,166"
2019-06-28 13:43:00.000000000,BEST_ASK,"JPM,100211,166"
2019-06-28 13:43:00.000000000,QUERY_SPREAD,77
2019-06-28 13:43:00.000000000,BEST_BID,"JPM,99911,166"
2019-06-28 13:43:00.000000000,BEST_ASK,"JPM,100211,162"
2019-06-28 13:43:00.000000000,LAST_TRADE,"4,$100211.0000"
2019-06-28 13:43:00.000000000,QUERY_SPREAD,78
2019-06-28 13:43:00.000000000,BEST_BID,"JPM,99911,166"
2019-06-28 13:43:00.000000000,BEST_ASK,"JPM,100211,154"
2019-06-28 13:43:00.000000000,LAST_TRADE,"8,$100211.0000"
2019-06-28 13:43:00.000000000,QUERY_SPREAD,79
2019-06-28 13:43:00.000000000,BEST_BID,"JPM,99911,166"
2019-06-28 13:43:00.000000000,BEST_ASK,"JPM,100211,153"
2019-06-28 13:43:00.000000000,LAST_TRADE,"1,$100211.0000"
2019-06-28 13:43:00.000000000,QUERY_SPREAD,80
2019-06-28 13:43:00.000000000,BEST_BID,"JPM,99911,166"
2019-06-28 13:43:00.000000000,BEST_ASK,"JPM,100211,148"
2019-06-28 13:43:00.000000000,LAST_TRADE,"5,$100211.0000"
2019-06-28 13:43:00.000000000,QUERY_SPREAD,81
2019-06-28 13:43:00.000000000,BEST_BID,"JPM,99911,166"
2019-06-28 13:43:00.000000000,BEST_ASK,"JPM,100211,143"
2019-06-28 13:43:00.000000000,LAST_TRADE,"5,$100211.0000"
2019-06-28 13:43:00.000000000,QUERY_SPREAD,82
2019-06-28 13:43:00.000000000,BEST_BID,"JPM,99911,166"
2019-06-28 13:43:00.000000000,BEST_ASK,"JPM,100211,137"
2019-06-28 13:43:00.000000000,LAST_TRADE,"6,$100211.0000"
2019-06-28 13:43:00.000000000,QUERY_SPREAD,83
2019-06-28 13:43:00.000000000,BEST_BID,"JPM,99911,166"
2019-06-28 13:43:00.000000000,BEST_ASK,"JPM,100211,133"
2019-06-28 13:43:00.000000000,LAST_TRADE,"4,$100211.0000"
2019-06-28 13:43:00.000000000,QUERY_SPREAD,84
2019-06-28 13:43:00.000000000,BEST_BID,"JPM,99911,166"
2019-06-28 13:43:00.000000000,BEST_ASK,"JPM,100211,128"
2019-06-28 13:43:00.000000000,LAST_TRADE,"5,$100211.0000"
2019-06-28 13:43:00.000000000,QUERY_SPREAD,85
2019-06-28 13:43:00.000000000,BEST_BID,"JPM,99911,166"
2019-06-28 13:43:00.000000000,BEST_ASK,"JPM,100211,123"
2019-06-28 13:43:00.000000000,LAST_TRADE,"5,$100211.0000"
2019-06-28 13:43:00.000000000,QUERY_SPREAD,86
2019-06-28 13:43:00.000000000,BEST_BID,"JPM,99911,166"
2019-06-28 13:43:00.000000000,BEST_ASK,"JPM,100211,114"
2019-06-28 13:43:00.000000000,LAST_TRADE,"9,$100211.0000"
2019-06-28 13:43:00.000000000,QUERY_SPREAD,87
2019-06-28 13:43:00.000000000,BEST_BID,"JPM,99911,166"
2019-06-28 13:43:00.000000000,BEST_ASK,"JPM,100211,112"
2019-06-28 13:43:00.000000000,LAST_TRADE,"2,$100211.0000"
2019-06-28 13:43:00.000000000,QUERY_SPREAD,88
2019-06-28 13:43:00.000000000,BEST_BID,"JPM,99911,166"
2019-06-28 13:43:00.000000000,BEST_ASK,"JPM,100211,104"
2019-06-28 13:43:00.000000000,LAST_TRADE,"8,$100211.0000"
2019-06-28 13:43:00.000000000,QUERY_SPREAD,89
2019-06-28 13:43:00.000000000,BEST_BID,"JPM,99911,166"
2019-06-28 13:43:00.000000000,BEST_ASK,"JPM,100211,97"
2019-06-28 13:43:00.000000000,LAST_TRADE,"7,$100211.0000"
2019-06-28 13:43:00.000000000,QUERY_SPREAD,90
2019-06-28 13:43:00.000000000,BEST_BID,"JPM,99911,166"
2019-06-28 13:43:00.000000000,BEST_ASK,"JPM,100211,91"
2019-06-28 13:43:00.000000000,LAST_TRADE,"6,$100211.0000"
2019-06-28 13:43:00.000000000,QUERY_SPREAD,91
2019-06-28 13:43:00.000000000,BEST_BID,"JPM,99911,166"
2019-06-28 13:43:00.000000000,BEST_ASK,"JPM,100211,86"
2019-06-28 13:43:00.000000000,LAST_TRADE,"5,$100211.0000"
2019-06-28 13:43:00.000000000,QUERY_SPREAD,92
2019-06-28 13:43:00.000000000,BEST_BID,"JPM,99911,166"
2019-06-28 13:43:00.000000000,BEST_ASK,"JPM,100211,85"
2019-06-28 13:43:00.000000000,LAST_TRADE,"1,$100211.0000"
2019-06-28 13:43:00.000000000,QUERY_SPREAD,93
2019-06-28 13:43:00.000000000,BEST_BID,"JPM,99911,166"
2019-06-28 13:43:00.000000000,BEST_ASK,"JPM,100211,83"
2019-06-28 13:43:00.000000000,LAST_TRADE,"2,$100211.0000"
2019-06-28 13:43:00.000000000,QUERY_SPREAD,94
2019-06-28 13:43:00.000000000,BEST_BID,"JPM,99911,166"
2019-06-28 13:43:00.000000000,BEST_ASK,"JPM,100211,81"
2019-06-28 13:43:00.000000000,LAST_TRADE,"2,$100211.0000"
2019-06-28 13:43:00.000000000,QUERY_SPREAD,95
2019-06-28 13:43:00.000000000,BEST_BID,"JPM,99911,166"
2019-06-28 13:43:00.000000000,BEST_ASK,"JPM,100211,74"
2019-06-28 13:43:00.000000000,LAST_TRADE,"7,$100211.0000"
2019-06-28 13:43:00.000000000,QUERY_SPREAD,96
2019-06-28 13:43:00.000000000,BEST_BID,"JPM,99911,166"
2019-06-28 13:43:00.000000000,BEST_ASK,"JPM,100211,67"
2019-06-28 13:43:00.000000000,LAST_TRADE,"7,$100211.0000"
2019-06-28 13:43:00.000000000,QUERY_SPREAD,97
2019-06-28 13:43:00.000000000,BEST_BID,"JPM,99911,166"
2019-06-28 13:43:00.000000000,BEST_ASK,"JPM,100211,61"
2019-06-28 13:43:00.000000000,LAST_TRADE,"6,$100211.0000"
2019-06-28 13:43:00.000000000,QUERY_SPREAD,98
2019-06-28 13:43:00.000000000,BEST_BID,"JPM,99911,166"
2019-06-28 13:43:00.000000000,BEST_ASK,"JPM,100211,57"
2019-06-28 13:43:00.000000000,LAST_TRADE,"4,$100211.0000"
2019-06-28 13:43:00.000000000,QUERY_SPREAD,99
2019-06-28 13:43:00.000000000,BEST_BID,"JPM,99911,166"
2019-06-28 13:43:00.000000000,BEST_ASK,"JPM,100211,55"
2019-06-28 13:43:00.000000000,LAST_TRADE,"2,$100211.0000"
2019-06-28 13:43:00.000000000,QUERY_SPREAD,100
2019-06-28 13:43:00.000000000,BEST_BID,"JPM,99911,166"
2019-06-28 13:43:00.000000000,BEST_ASK,"JPM,100211,49"
2019-06-28 13:43:00.000000000,LAST_TRADE,"6,$100211.0000"
2019-06-28 13:43:00.000000000,QUERY_SPREAD,101
2019-06-28 13:43:00.000000000,QUERY_ORDER_STREAM,101
2019-06-28 13:43:01.840706169,QUERY_ORDER_STREAM,71
2019-06-28 13:43:01.840706169,QUERY_SPREAD,71
2019-06-28 13:43:01.840706169,BEST_BID,"JPM,99911,166"
2019-06-28 13:43:01.840706169,BEST_ASK,"JPM,100211,149"
2019-06-28 13:43:08.143909037,QUERY_SPREAD,8
2019-06-28 13:43:08.143909037,BEST_BID,"JPM,99911,66"
2019-06-28 13:43:08.143909037,BEST_ASK,"JPM,100211,149"
2019-06-28 13:43:08.143909037,LAST_TRADE,"100,$99911.0000"
2019-06-28 13:43:10.000000000,QUERY_SPREAD,1
2019-06-28 13:43:10.000000000,BEST_BID,"JPM,99780,264"
2019-06-28 13:43:10.000000000,BEST_ASK,"JPM,100211,100"
2019-06-28 13:43:10.000000000,BEST_BID,"JPM,99780,264"
2019-06-28 13:43:10.000000000,BEST_ASK,"JPM,100211,100"
2019-06-28 13:43:10.000000000,BEST_BID,"JPM,99780,264"
2019-06-28 13:43:10.000000000,BEST_ASK,"JPM,100211,264"
2019-06-28 13:43:10.000000000,BEST_BID,"JPM,99780,264"
2019-06-28 13:43:10.000000000,BEST_ASK,"JPM,100211,264"
2019-06-28 13:43:20.000000000,QUERY_SPREAD,1
2019-06-28 13:43:20.000000000,BEST_BID,"JPM,99780,264"
2019-06-28 13:43:20.000000000,BEST_ASK,"JPM,100211,100"
2019-06-28 13:43:20.000000000,BEST_BID,"JPM,99780,264"
2019-06-28 13:43:20.000000000,BEST_ASK,"JPM,100211,100"
2019-06-28 13:43:20.000000000,BEST_BID,"JPM,99780,264"
2019-06-28 13:43:20.000000000,BEST_ASK,"JPM,100211,264"
2019-06-28 13:43:20.000000000,BEST_BID,"JPM,99780,264"
2019-06-28 13:43:20.000000000,BEST_ASK,"JPM,100211,264"
2019-06-28 13:43:30.000000000,QUERY_SPREAD,1
2019-06-28 13:43:30.000000000,BEST_BID,"JPM,99780,264"
2019-06-28 13:43:30.000000000,BEST_ASK,"JPM,100211,100"
2019-06-28 13:43:30.000000000,BEST_BID,"JPM,99780,264"
2019-06-28 13:43:30.000000000,BEST_ASK,"JPM,100211,100"
2019-06-28 13:43:30.000000000,BEST_BID,"JPM,99780,264"
2019-06-28 13:43:30.000000000,BEST_ASK,"JPM,100211,264"
2019-06-28 13:43:30.000000000,BEST_BID,"JPM,99780,264"
2019-06-28 13:43:30.000000000,BEST_ASK,"JPM,100211,264"
2019-06-28 13:43:40.000000000,QUERY_SPREAD,1
2019-06-28 13:43:40.000000000,BEST_BID,"JPM,99780,166"
2019-06-28 13:43:40.000000000,BEST_ASK,"JPM,100211,100"
2019-06-28 13:43:40.000000000,BEST_BID,"JPM,99780,166"
2019-06-28 13:43:40.000000000,BEST_ASK,"JPM,100211,100"
2019-06-28 13:43:40.000000000,BEST_BID,"JPM,99780,166"
2019-06-28 13:43:40.000000000,BEST_ASK,"JPM,100211,100"
2019-06-28 13:43:40.000000000,BEST_BID,"JPM,99780,166"
2019-06-28 13:43:40.000000000,BEST_ASK,"JPM,100211,100"
2019-06-28 13:43:40.000000000,BEST_BID,"JPM,99780,166"
2019-06-28 13:43:40.000000000,BEST_ASK,"JPM,100211,100"
2019-06-28 13:43:40.000000000,BEST_BID,"JPM,99780,166"
2019-06-28 13:43:40.000000000,BEST_ASK,"JPM,100211,166"
2019-06-28 13:43:40.000000000,BEST_BID,"JPM,99780,166"
2019-06-28 13:43:40.000000000,BEST_ASK,"JPM,100211,166"
2019-06-28 13:43:40.000000000,BEST_BID,"JPM,99780,166"
2019-06-28 13:43:40.000000000,BEST_ASK,"JPM,100211,166"
2019-06-28 13:43:40.000000000,BEST_BID,"JPM,99780,166"
2019-06-28 13:43:40.000000000,BEST_ASK,"JPM,100211,166"
2019-06-28 13:43:40.441006043,QUERY_SPREAD,51
2019-06-28 13:43:40.441006043,BEST_BID,"JPM,99780,166"
2019-06-28 13:43:40.441006043,BEST_ASK,"JPM,100211,166"
2019-06-28 13:43:48.445198235,QUERY_SPREAD,43
2019-06-28 13:43:48.445198235,BEST_BID,"JPM,99780,166"
2019-06-28 13:43:48.445198235,BEST_ASK,"JPM,100211,166"
2019-06-28 13:43:50.000000000,QUERY_SPREAD,1
2019-06-28 13:43:50.000000000,BEST_BID,"JPM,99780,212"
2019-06-28 13:43:50.000000000,BEST_ASK,"JPM,100211,100"
2019-06-28 13:43:50.000000000,BEST_BID,"JPM,99780,212"
2019-06-28 13:43:50.000000000,BEST_ASK,"JPM,100211,100"
2019-06-28 13:43:50.000000000,BEST_BID,"JPM,99780,212"
2019-06-28 13:43:50.000000000,BEST_ASK,"JPM,100211,100"
2019-06-28 13:43:50.000000000,BEST_BID,"JPM,99780,212"
2019-06-28 13:43:50.000000000,BEST_ASK,"JPM,100211,212"
2019-06-28 13:43:50.000000000,BEST_BID,"JPM,99780,212"
2019-06-28 13:43:50.000000000,BEST_ASK,"JPM,100211,212"
2019-06-28 13:43:50.000000000,BEST_BID,"JPM,99780,212"
2019-06-28 13:43:50.000000000,BEST_ASK,"JPM,100211,212"
2019-06-28 13:43:57.915343121,QUERY_SPREAD,21
2019-06-28 13:43:57.915343121,BEST_BID,"JPM,99780,212"
2019-06-28 13:43:57.915343121,BEST_ASK,"JPM,100211,212"
2019-06-28 13:44:00.000000000,QUERY_SPREAD,1
2019-06-28 13:44:00.000000000,BEST_BID,"JPM,99780,212"
2019-06-28 13:44:00.000000000,BEST_ASK,"JPM,100211,100"
2019-06-28 13:44:00.000000000,BEST_BID,"JPM,99780,212"
2019-06-28 13:44:00.000000000,BEST_ASK,"JPM,100211,100"
2019-06-28 13:44:00.000000000,BEST_BID,"JPM,99780,212"
2019-06-28 13:44:00.000000000,BEST_ASK,"JPM,100211,100"
2019-06-28 13:44:00.000000000,BEST_BID,"JPM,99780,212"
2019-06-28 13:44:00.000000000,BEST_ASK,"JPM,100211,212"
2019-06-28 13:44:00.000000000,BEST_BID,"JPM,99780,212"
2019-06-28 13:44:00.000000000,BEST_ASK,"JPM,100211,212"
2019-06-28 13:44:00.000000000,BEST_BID,"JPM,99780,212"
2019-06-28 13:44:00.000000000,BEST_ASK,"JPM,100211,212"
2019-06-28 13:44:00.000000000,QUERY_SPREAD,77
2019-06-28 13:44:00.000000000,BEST_BID,"JPM,99780,212"
2019-06-28 13:44:00.000000000,BEST_ASK,"JPM,100211,208"
2019-06-28 13:44:00.000000000,LAST_TRADE,"4,$100211.0000"
2019-06-28 13:44:00.000000000,QUERY_SPREAD,78
2019-06-28 13:44:00.000000000,BEST_BID,"JPM,99780,212"
2019-06-28 13:44:00.000000000,BEST_ASK,"JPM,100211,200"
2019-06-28 13:44:00.000000000,LAST_TRADE,"8,$100211.0000"
2019-06-28 13:44:00.000000000,QUERY_SPREAD,79
2019-06-28 13:44:00.000000000,BEST_BID,"JPM,99780,212"
2019-06-28 13:44:00.000000000,BEST_ASK,"JPM,100211,199"
2019-06-28 13:44:00.000000000,LAST_TRADE,"1,$100211.0000"
2019-06-28 13:44:00.000000000,QUERY_SPREAD,80
2019-06-28 13:44:00.000000000,BEST_BID,"JPM,99780,212"
2019-06-28 13:44:00.000000000,BEST_ASK,"JPM,100211,194"
2019-06-28 13:44:00.000000000,LAST_TRADE,"5,$100211.0000"
2019-06-28 13:44:00.000000000,QUERY_SPREAD,81
2019-06-28 13:44:00.000000000,BEST_BID,"JPM,99780,212"
2019-06-28 13:44:00.000000000,BEST_ASK,"JPM,100211,189"
2019-06-28 13:44:00.000000000,LAST_TRADE,"5,$100211.0000"
2019-06-28 13:44:00.000000000,QUERY_SPREAD,82
2019-06-28 13:44:00.000000000,BEST_BID,"JPM,99780,212"
2019-06-28 13:44:00.000000000,BEST_ASK,"JPM,100211,183"
2019-06-28 13:44:00.000000000,LAST_TRADE,"6,$100211.0000"
2019-06-28 13:44:00.000000000,QUERY_SPREAD,83
2019-06-28 13:44:00.000000000,BEST_BID,"JPM,99780,212"
2019-06-28 13:44:00.000000000,BEST_ASK,"JPM,100211,179"
2019-06-28 13:44:00.000000000,LAST_TRADE,"4,$100211.0000"
2019-06-28 13:44:00.000000000,QUERY_SPREAD,84
2019-06-28 13:44:00.000000000,BEST_BID,"JPM,99780,212"
2019-06-28 13:44:00.000000000,BEST_ASK,"JPM,100211,174"
2019-06-28 13:44:00.000000000,LAST_TRADE,"5,$100211.0000"
2019-06-28 13:44:00.000000000,QUERY_SPREAD,85
2019-06-28 13:44:00.000000000,BEST_BID,"JPM,99780,212"
2019-06-28 13:44:00.000000000,BEST_ASK,"JPM,100211,169"
2019-06-28 13:44:00.000000000,LAST_TRADE,"5,$100211.0000"
2019-06-28 13:44:00.000000000,QUERY_SPREAD,86
2019-06-28 13:44:00.000000000,BEST_BID,"JPM,99780,212"
2019-06-28 13:44:00.000000000,BEST_ASK,"JPM,100211,160"
2019-06-28 13:44:00.000000000,LAST_TRADE,"9,$100211.0000"
2019-06-28 13:44:00.000000000,QUERY_SPREAD,87
2019-06-28 13:44:00.000000000,BEST_BID,"JPM,99780,212"
2019-06-28 13:44:00.000000000,BEST_ASK,"JPM,100211,158"
2019-06-28 13:44:00.000000000,LAST_TRADE,"2,$100211.0000"
2019-06-28 13:44:00.000000000,QUERY_SPREAD,88
2019-06-28 13:44:00.000000000,BEST_BID,"JPM,99780,212"
2019-06-28 13:44:00.000000000,BEST_ASK,"JPM,100211,150"
2019-06-28 13:44:00.000000000,LAST_TRADE,"8,$100211.0000"
2019-06-28 13:44:00.000000000,QUERY_SPREAD,89
2019-06-28 13:44:00.000000000,BEST_BID,"JPM,99780,212"
2019-06-28 13:44:00.000000000,BEST_ASK,"JPM,100211,143"
2019-06-28 13:44:00.000000000,LAST_TRADE,"7,$100211.0000"
2019-06-28 13:44:00.000000000,QUERY_SPREAD,90
2019-06-28 13:44:00.000000000,BEST_BID,"JPM,99780,212"
2019-06-28 13:44:00.000000000,BEST_ASK,"JPM,100211,137"
2019-06-28 13:44:00.000000000,LAST_TRADE,"6,$100211.0000"
2019-06-28 13:44:00.000000000,QUERY_SPREAD,91
2019-06-28 13:44:00.000000000,BEST_BID,"JPM,99780,212"
2019-06-28 13:44:00.000000000,BEST_ASK,"JPM,100211,132"
2019-06-28 13:44:00.000000000,LAST_TRADE,"5,$100211.0000"
2019-06-28 13:44:00.000000000,QUERY_SPREAD,92
2019-06-28 13:44:00.000000000,BEST_BID,"JPM,99780,212"
2019-06-28 13:44:00.000000000,BEST_ASK,"JPM,100211,131"
2019-06-28 13:44:00.000000000,LAST_TRADE,"1,$100211.0000"
2019-06-28 13:44:00.000000000,QUERY_SPREAD,93
2019-06-28 13:44:00.000000000,BEST_BID,"JPM,99780,212"
2019-06-28 13:44:00.000000000,BEST_ASK,"JPM,100211,129"
2019-06-28 13:44:00.000000000,LAST_TRADE,"2,$100211.0000"
2019-06-28 13:44:00.000000000,QUERY_SPREAD,94
2019-06-28 13:44:00.000000000,BEST_BID,"JPM,99780,212"
2019-06-28 13:44:00.000000000,BEST_ASK,"JPM,100211,127"
2019-06-28 13:44:00.000000000,LAST_TRADE,"2,$100211.0000"
2019-06-28 13:44:00.000000000,QUERY_SPREAD,95
2019-06-28 13:44:00.000000000,BEST_BID,"JPM,99780,212"
2019-06-28 13:44:00.000000000,BEST_ASK,"JPM,100211,120"
2019-06-28 13:44:00.000000000,LAST_TRADE,"7,$100211.0000"
2019-06-28 13:44:00.000000000,QUERY_SPREAD,96
2019-06-28 13:44:00.000000000,BEST_BID,"JPM,99780,212"
2019-06-28 13:44:00.000000000,BEST_ASK,"JPM,100211,113"
2019-06-28 13:44:00.000000000,LAST_TRADE,"7,$100211.0000"
2019-06-28 13:44:00.000000000,QUERY_SPREAD,97
2019-06-28 13:44:00.000000000,BEST_BID,"JPM,99780,212"
2019-06-28 13:44:00.000000000,BEST_ASK,"JPM,100211,107"
2019-06-28 13:44:00.000000000,LAST_TRADE,"6,$100211.0000"
2019-06-28 13:44:00.000000000,QUERY_SPREAD,98
2019-06-28 13:44:00.000000000,BEST_BID,"JPM,99780,212"
2019-06-28 13:44:00.000000000,BEST_ASK,"JPM,100211,103"
2019-06-28 13:44:00.000000000,LAST_TRADE,"4,$100211.0000"
2019-06-28 13:44:00.000000000,QUERY_SPREAD,99
2019-06-28 13:44:00.000000000,BEST_BID,"JPM,99780,212"
2019-06-28 13:44:00.000000000,BEST_ASK,"JPM,100211,101"
2019-06-28 13:44:00.000000000,LAST_TRADE,"2,$100211.0000"
2019-06-28 13:44:00.000000000,QUERY_SPREAD,100
2019-06-28 13:44:00.000000000,BEST_BID,"JPM,99780,212"
2019-06-28 13:44:00.000000000,BEST_ASK,"JPM,100211,95"
2019-06-28 13:44:00.000000000,LAST_TRADE,"6,$100211.0000"
2019-06-28 13:44:00.000000000,QUERY_SPREAD,101
2019-06-28 13:44:00.000000000,QUERY_ORDER_STREAM,101
2019-06-28 13:44:03.447497346,QUERY_SPREAD,13
2019-06-28 13:44:03.447497346,BEST_BID,"JPM,99780,112"
2019-06-28 13:44:03.447497346,BEST_ASK,"JPM,100211,95"
2019-06-28 13:44:03.447497346,LAST_TRADE,"100,$99780.0000"
2019-06-28 13:44:10.000000000,QUERY_SPREAD,1
2019-06-28 13:44:10.000000000,BEST_BID,"JPM,99764,212"
2019-06-28 13:44:10.000000000,BEST_ASK,"JPM,100214,100"
2019-06-28 13:44:10.000000000,BEST_BID,"JPM,99764,212"
2019-06-28 13:44:10.000000000,BEST_ASK,"JPM,100214,100"
2019-06-28 13:44:10.000000000,BEST_BID,"JPM,99764,212"
2019-06-28 13:44:10.000000000,BEST_ASK,"JPM,100214,100"
2019-06-28 13:44:10.000000000,BEST_BID,"JPM,99764,212"
2019-06-28 13:44:10.000000000,BEST_ASK,"JPM,100214,212"
2019-06-28 13:44:10.000000000,BEST_BID,"JPM,99764,212"
2019-06-28 13:44:10.000000000,BEST_ASK,"JPM,100214,212"
2019-06-28 13:44:10.000000000,BEST_BID,"JPM,99764,212"
2019-06-28 13:44:10.000000000,BEST_ASK,"JPM,100214,212"
2019-06-28 13:44:20.000000000,QUERY_SPREAD,1
2019-06-28 13:44:20.000000000,BEST_BID,"JPM,99764,166"
2019-06-28 13:44:20.000000000,BEST_ASK,"JPM,100214,100"
2019-06-28 13:44:20.000000000,BEST_BID,"JPM,99764,166"
2019-06-28 13:44:20.000000000,BEST_ASK,"JPM,100214,100"
2019-06-28 13:44:20.000000000,BEST_BID,"JPM,99764,166"
2019-06-28 13:44:20.000000000,BEST_ASK,"JPM,100214,100"
2019-06-28 13:44:20.000000000,BEST_BID,"JPM,99764,166"
2019-06-28 13:44:20.000000000,BEST_ASK,"JPM,100214,100"
2019-06-28 13:44:20.000000000,BEST_BID,"JPM,99764,166"
2019-06-28 13:44:20.000000000,BEST_ASK,"JPM,100214,100"
2019-06-28 13:44:20.000000000,BEST_BID,"JPM,99764,166"
2019-06-28 13:44:20.000000000,BEST_ASK,"JPM,100214,166"
2019-06-28 13:44:20.000000000,BEST_BID,"JPM,99764,166"
2019-06-28 13:44:20.000000000,BEST_ASK,"JPM,100214,166"
2019-06-28 13:44:20.000000000,BEST_BID,"JPM,99764,166"
2019-06-28 13:44:20.000000000,BEST_ASK,"JPM,100214,166"
2019-06-28 13:44:30.000000000,QUERY_SPREAD,1
2019-06-28 13:44:30.000000000,BEST_BID,"JPM,99764,166"
2019-06-28 13:44:30.000000000,BEST_ASK,"JPM,100214,100"
2019-06-28 13:44:30.000000000,BEST_BID,"JPM,99764,166"
2019-06-28 13:44:30.000000000,BEST_ASK,"JPM,100214,100"
2019-06-28 13:44:30.000000000,BEST_BID,"JPM,99764,166"
2019-06-28 13:44:30.000000000,BEST_ASK,"JPM,100214,100"
2019-06-28 13:44:30.000000000,BEST_BID,"JPM,99764,166"
2019-06-28 13:44:30.000000000,BEST_ASK,"JPM,100214,100"
2019-06-28 13:44:30.000000000,BEST_BID,"JPM,99764,166"
2019-06-28 13:44:30.000000000,BEST_ASK,"JPM,100214,100"
2019-06-28 13:44:30.000000000,BEST_BID,"JPM,99764,166"
2019-06-28 13:44:30.000000000,BEST_ASK,"JPM,100214,166"
2019-06-28 13:44:30.000000000,BEST_BID,"JPM,99764,166"
2019-06-28 13:44:30.000000000,BEST_ASK,"JPM,100214,166"
2019-06-28 13:44:30.000000000,BEST_BID,"JPM,99764,166"
2019-06-28 13:44:30.000000000,BEST_ASK,"JPM,100214,166"
2019-06-28 13:44:40.000000000,QUERY_SPREAD,1
2019-06-28 13:44:40.000000000,BEST_BID,"JPM,99764,264"
2019-06-28 13:44:40.000000000,BEST_ASK,"JPM,100214,100"
2019-06-28 13:44:40.000000000,BEST_BID,"JPM,99764,264"
2019-06-28 13:44:40.000000000,BEST_ASK,"JPM,100214,100"
2019-06-28 13:44:40.000000000,BEST_BID,"JPM,99764,264"
2019-06-28 13:44:40.000000000,BEST_ASK,"JPM,100214,264"
2019-06-28 13:44:40.000000000,BEST_BID,"JPM,99764,264"
2019-06-28 13:44:40.000000000,BEST_ASK,"JPM,100214,264"
2019-06-28 13:44:40.549589504,QUERY_SPREAD,3
2019-06-28 13:44:40.549589504,BEST_BID,"JPM,99764,164"
2019-06-28 13:44:40.549589504,BEST_ASK,"JPM,100214,264"
2019-06-28 13:44:40.549589504,LAST_TRADE,"100,$99764.0000"
2019-06-28 13:44:50.000000000,QUERY_SPREAD,1
2019-06-28 13:44:50.000000000,BEST_BID,"JPM,99762,212"
2019-06-28 13:44:50.000000000,BEST_ASK,"JPM,100214,100"
2019-06-28 13:44:50.000000000,BEST_BID,"JPM,99762,212"
2019-06-28 13:44:50.000000000,BEST_ASK,"JPM,100214,100"
2019-06-28 13:44:50.000000000,BEST_BID,"JPM,99762,212"
2019-06-28 13:44:50.000000000,BEST_ASK,"JPM,100214,100"
2019-06-28 13:44:50.000000000,BEST_BID,"JPM,99762,212"
2019-06-28 13:44:50.000000000,BEST_ASK,"JPM,100214,212"
2019-06-28 13:44:50.000000000,BEST_BID,"JPM,99762,212"
2019-06-28 13:44:50.000000000,BEST_ASK,"JPM,100214,212"
2019-06-28 13:44:50.000000000,BEST_BID,"JPM,99762,212"
2019-06-28 13:44:50.000000000,BEST_ASK,"JPM,100214,212"
2019-06-28 13:45:00.000000000,QUERY_SPREAD,1
2019-06-28 13:45:00.000000000,BEST_BID,"JPM,99762,166"
2019-06-28 13:45:00.000000000,BEST_ASK,"JPM,100214,100"
2019-06-28 13:45:00.000000000,BEST_BID,"JPM,99762,166"
2019-06-28 13:45:00.000000000,BEST_ASK,"JPM,100214,100"
2019-06-28 13:45:00.000000000,BEST_BID,"JPM,99762,166"
2019-06-28 13:45:00.000000000,BEST_ASK,"JPM,100214,100"
2019-06-28 13:45:00.000000000,BEST_BID,"JPM,99762,166"
2019-06-28 13:45:00.000000000,BEST_ASK,"JPM,100214,100"
2019-06-28 13:45:00.000000000,BEST_BID,"JPM,99762,166"
2019-06-28 13:45:00.000000000,BEST_ASK,"JPM,100214,100"
2019-06-28 13:45:00.000000000,BEST_BID,"JPM,99762,166"
2019-06-28 13:45:00.000000000,BEST_ASK,"JPM,100214,166"
2019-06-28 13:45:00.000000000,BEST_BID,"JPM,99762,166"
2019-06-28 13:45:00.000000000,BEST_ASK,"JPM,100214,166"
2019-06-28 13:45:00.000000000,BEST_BID,"JPM,99762,166"
2019-06-28 13:45:00.000000000,BEST_ASK,"JPM,100214,166"
2019-06-28 13:45:00.000000000,QUERY_SPREAD,77
2019-06-28 13:45:00.000000000,BEST_BID,"JPM,99762,166"
2019-06-28 13:45:00.000000000,BEST_ASK,"JPM,100214,162"
2019-06-28 13:45:00.000000000,LAST_TRADE,"4,$100214.0000"
2019-06-28 13:45:00.000000000,QUERY_SPREAD,78
2019-06-28 13:45:00.000000000,BEST_BID,"JPM,99762,166"
2019-06-28 13:45:00.000000000,BEST_ASK,"JPM,100214,154"
2019-06-28 13:45:00.000000000,LAST_TRADE,"8,$100214.0000"
2019-06-28 13:45:00.000000000,QUERY_SPREAD,79
2019-06-28 13:45:00.000000000,BEST_BID,"JPM,99762,166"
2019-06-28 13:45:00.000000000,BEST_ASK,"JPM,100214,153"
2019-06-28 13:45:00.000000000,LAST_TRADE,"1,$100214.0000"
2019-06-28 13:45:00.000000000,QUERY_SPREAD,80
2019-06-28 13:45:00.000000000,BEST_BID,"JPM,99762,166"
2019-06-28 13:45:00.000000000,BEST_ASK,"JPM,100214,148"
2019-06-28 13:45:00.000000000,LAST_TRADE,"5,$100214.0000"
2019-06-28 13:45:00.000000000,QUERY_SPREAD,81
2019-06-28 13:45:00.000000000,BEST_BID,"JPM,99762,166"
2019-06-28 13:45:00.000000000,BEST_ASK,"JPM,100214,143"
2019-06-28 13:45:00.000000000,LAST_TRADE,"5,$100214.0000"
2019-06-28 13:45:00.000000000,QUERY_SPREAD,82
2019-06-28 13:45:00.000000000,BEST_BID,"JPM,99762,166"
2019-06-28 13:45:00.000000000,BEST_ASK,"JPM,100214,137"
2019-06-28 13:45:00.000000000,LAST_TRADE,"6,$100214.0000"
2019-06-28 13:45:00.000000000,QUERY_SPREAD,83
2019-06-28 13:45:00.000000000,BEST_BID,"JPM,99762,166"
2019-06-28 13:45:00.000000000,BEST_ASK,"JPM,100214,133"
2019-06-28 13:45:00.000000000,LAST_TRADE,"4,$100214.0000"
2019-06-28 13:45:00.000000000,QUERY_SPREAD,84
2019-06-28 13:45:00.000000000,BEST_BID,"JPM,99762,166"
2019-06-28 13:45:00.000000000,BEST_ASK,"JPM,100214,128"
2019-06-28 13:45:00.000000000,LAST_TRADE,"5,$100214.0000"
2019-06-28 13:45:00.000000000,QUERY_SPREAD,85
2019-06-28 13:45:00.000000000,BEST_BID,"JPM,99762,166"
2019-06-28 13:45:00.000000000,BEST_ASK,"JPM,100214,123"
2019-06-28 13:45:00.000000000,LAST_TRADE,"5,$100214.0000"
2019-06-28 13:45:00.000000000,QUERY_SPREAD,86
2019-06-28 13:45:00.000000000,BEST_BID,"JPM,99762,166"
2019-06-28 13:45:00.000000000,BEST_ASK,"JPM,100214,114"
2019-06-28 13:45:00.000000000,LAST_TRADE,"9,$100214.0000"
2019-06-28 13:45:00.000000000,QUERY_SPREAD,87
2019-06-28 13:45:00.000000000,BEST_BID,"JPM,99762,166"
2019-06-28 13:45:00.000000000,BEST_ASK,"JPM,100214,112"
2019-06-28 13:45:00.000000000,LAST_TRADE,"2,$100214.0000"
2019-06-28 13:45:00.000000000,QUERY_SPREAD,88
2019-06-28 13:45:00.000000000,BEST_BID,"JPM,99762,166"
2019-06-28 13:45:00.000000000,BEST_ASK,"JPM,100214,104"
2019-06-28 13:45:00.000000000,LAST_TRADE,"8,$100214.0000"
2019-06-28 13:45:00.000000000,QUERY_SPREAD,89
2019-06-28 13:45:00.000000000,BEST_BID,"JPM,99762,166"
2019-06-28 13:45:00.000000000,BEST_ASK,"JPM,100214,97"
2019-06-28 13:45:00.000000000,LAST_TRADE,"7,$100214.0000"
2019-06-28 13:45:00.000000000,QUERY_SPREAD,90
2019-06-28 13:45:00.000000000,BEST_BID,"JPM,99762,166"
2019-06-28 13:45:00.000000000,BEST_ASK,"JPM,100214,91"
2019-06-28 13:45:00.000000000,LAST_TRADE,"6,$100214.0000"
2019-06-28 13:45:00.000000000,QUERY_SPREAD,91
2019-06-28 13:45:00.000000000,BEST_BID,"JPM,99762,166"
2019-06-28 13:45:00.000000000,BEST_ASK,"JPM,100214,86"
2019-06-28 13:45:00.000000000,LAST_TRADE,"5,$100214.0000"
2019-06-28 13:45:00.000000000,QUERY_SPREAD,92
2019-06-28 13:45:00.000000000,BEST_BID,"JPM,99762,166"
2019-06-28 13:45:00.000000000,BEST_ASK,"JPM,100214,85"
2019-06-28 13:45:00.000000000,LAST_TRADE,"1,$100214.0000"
2019-06-28 13:45:00.000000000,QUERY_SPREAD,93
2019-06-28 13:45:00.000000000,BEST_BID,"JPM,99762,166"
2019-06-28 13:45:00.000000000,BEST_ASK,"JPM,100214,83"
2019-06-28 13:45:00.000000000,LAST_TRADE,"2,$100214.0000"
2019-06-28 13:45:00.000000000,QUERY_SPREAD,94
2019-06-28 13:45:00.000000000,BEST_BID,"JPM,99762,166"
2019-06-28 13:45:00.000000000,BEST_ASK,"JPM,100214,81"
2019-06-28 13:45:00.000000000,LAST_TRADE,"2,$100214.0000"
2019-06-28 13:45:00.000000000,QUERY_SPREAD,95
2019-06-28 13:45:00.000000000,BEST_BID,"JPM,99762,166"
2019-06-28 13:45:00.000000000,BEST_ASK,"JPM,100214,74"
2019-06-28 13:45:00.000000000,LAST_TRADE,"7,$100214.0000"
2019-06-28 13:45:00.000000000,QUERY_SPREAD,96
2019-06-28 13:45:00.000000000,BEST_BID,"JPM,99762,166"
2019-06-28 13:45:00.000000000,BEST_ASK,"JPM,100214,67"
2019-06-28 13:45:00.000000000,LAST_TRADE,"7,$100214.0000"
2019-06-28 13:45:00.000000000,QUERY_SPREAD,97
2019-06-28 13:45:00.000000000,BEST_BID,"JPM,99762,166"
2019-06-28 13:45:00.000000000,BEST_ASK,"JPM,100214,61"
2019-06-28 13:45:00.000000000,LAST_TRADE,"6,$100214.0000"
2019-06-28 13:45:00.000000000,QUERY_SPREAD,98
2019-06-28 13:45:00.000000000,BEST_BID,"JPM,99762,166"
2019-06-28 13:45:00.000000000,BEST_ASK,"JPM,100214,57"
2019-06-28 13:45:00.000000000,LAST_TRADE,"4,$100214.0000"
2019-06-28 13:45:00.000000000,QUERY_SPREAD,99
2019-06-28 13:45:00.000000000,BEST_BID,"JPM,99762,166"
2019-06-28 13:45:00.000000000,BEST_ASK,"JPM,100214,55"
2019-06-28 13:45:00.000000000,LAST_TRADE,"2,$100214.0000"
2019-06-28 13:45:00.000000000,QUERY_SPREAD,100
2019-06-28 13:45:00.000000000,BEST_BID,"JPM,99762,166"
2019-06-28 13:45:00.000000000,BEST_ASK,"JPM,100214,49"
2019-06-28 13:45:00.000000000,LAST_TRADE,"6,$100214.0000"
2019-06-28 13:45:00.000000000,QUERY_SPREAD,101
2019-06-28 13:45:00.000000000,QUERY_ORDER_STREAM,101
2019-06-28 13:45:10.000000000,QUERY_SPREAD,1
2019-06-28 13:45:10.000000000,BEST_BID,"JPM,99762,428"
2019-06-28 13:45:10.000000000,BEST_ASK,"JPM,100652,100"
2019-06-28 13:45:10.000000000,BEST_BID,"JPM,99762,428"
2019-06-28 13:45:10.000000000,BEST_ASK,"JPM,100652,428"
2019-06-28 13:45:11.111025787,QUERY_SPREAD,7
2019-06-28 13:45:11.111025787,BEST_BID,"JPM,99762,328"
2019-06-28 13:45:11.111025787,BEST_ASK,"JPM,100652,428"
2019-06-28 13:45:11.111025787,LAST_TRADE,"100,$99762.0000"
2019-06-28 13:45:20.000000000,QUERY_SPREAD,1
2019-06-28 13:45:20.000000000,BEST_BID,"JPM,99749,166"
2019-06-28 13:45:20.000000000,BEST_ASK,"JPM,100652,100"
2019-06-28 13:45:20.000000000,BEST_BID,"JPM,99749,166"
2019-06-28 13:45:20.000000000,BEST_ASK,"JPM,100652,100"
2019-06-28 13:45:20.000000000,BEST_BID,"JPM,99749,166"
2019-06-28 13:45:20.000000000,BEST_ASK,"JPM,100652,100"
2019-06-28 13:45:20.000000000,BEST_BID,"JPM,99749,166"
2019-06-28 13:45:20.000000000,BEST_ASK,"JPM,100652,100"
2019-06-28 13:45:20.000000000,BEST_BID,"JPM,99749,166"
2019-06-28 13:45:20.000000000,BEST_ASK,"JPM,100652,100"
2019-06-28 13:45:20.000000000,BEST_BID,"JPM,99749,166"
2019-06-28 13:45:20.000000000,BEST_ASK,"JPM,100652,166"
2019-06-28 13:45:20.000000000,BEST_BID,"JPM,99749,166"
2019-06-28 13:45:20.000000000,BEST_ASK,"JPM,100652,166"
2019-06-28 13:45:26.877466369,QUERY_SPREAD,42
2019-06-28 13:45:26.877466369,BEST_BID,"JPM,99749,166"
2019-06-28 13:45:26.877466369,BEST_ASK,"JPM,99892,100"
2019-06-28 13:45:30.000000000,QUERY_SPREAD,1
2019-06-28 13:45:30.000000000,BEST_BID,"JPM,99749,182"
2019-06-28 13:45:30.000000000,BEST_ASK,"JPM,99892,100"
2019-06-28 13:45:30.000000000,BEST_BID,"JPM,99749,182"
2019-06-28 13:45:30.000000000,BEST_ASK,"JPM,99892,100"
2019-06-28 13:45:30.000000000,BEST_BID,"JPM,99749,182"
2019-06-28 13:45:30.000000000,BEST_ASK,"JPM,99892,100"
2019-06-28 13:45:30.000000000,BEST_BID,"JPM,99749,182"
2019-06-28 13:45:30.000000000,BEST_ASK,"JPM,99892,100"
2019-06-28 13:45:30.000000000,BEST_BID,"JPM,99749,182"
2019-06-28 13:45:30.000000000,BEST_ASK,"JPM,99892,182"
2019-06-28 13:45:30.000000000,BEST_BID,"JPM,99749,182"
2019-06-28 13:45:30.000000000,BEST_ASK,"JPM,99892,182"
2019-06-28 13:45:30.000000000,BEST_BID,"JPM,99749,182"
2019-06-28 13:45:30.000000000,BEST_ASK,"JPM,99892,182"
2019-06-28 13:45:30.594667818,QUERY_ORDER_STREAM,76
2019-06-28 13:45:30.594667818,QUERY_SPREAD,76
2019-06-28 13:45:40.000000000,QUERY_SPREAD,1
2019-06-28 13:45:40.000000000,BEST_BID,"JPM,99749,182"
2019-06-28 13:45:40.000000000,BEST_ASK,"JPM,99892,100"
2019-06-28 13:45:40.000000000,BEST_BID,"JPM,99749,182"
2019-06-28 13:45:40.000000000,BEST_ASK,"JPM,99892,100"
2019-06-28 13:45:40.000000000,BEST_BID,"JPM,99749,182"
2019-06-28 13:45:40.000000000,BEST_ASK,"JPM,99892,100"
2019-06-28 13:45:40.000000000,BEST_BID,"JPM,99749,182"
2019-06-28 13:45:40.000000000,BEST_ASK,"JPM,99892,100"
2019-06-28 13:45:40.000000000,BEST_BID,"JPM,99749,182"
2019-06-28 13:45:40.000000000,BEST_ASK,"JPM,99892,182"
2019-06-28 13:45:40.000000000,BEST_BID,"JPM,99749,182"
2019-06-28 13:45:40.000000000,BEST_ASK,"JPM,99892,182"
2019-06-28 13:45:40.000000000,BEST_BID,"JPM,99749,182"
2019-06-28 13:45:40.000000000,BEST_ASK,"JPM,99892,182"
2019-06-28 13:45:50.000000000,QUERY_SPREAD,1
2019-06-28 13:45:50.000000000,BEST_BID,"JPM,99749,166"
2019-06-28 13:45:50.000000000,BEST_ASK,"JPM,99892,100"
2019-06-28 13:45:50.000000000,BEST_BID,"JPM,99749,166"
2019-06-28 13:45:50.000000000,BEST_ASK,"JPM,99892,100"
2019-06-28 13:45:50.000000000,BEST_BID,"JPM,99749,166"
2019-06-28 13:45:50.000000000,BEST_ASK,"JPM,99892,100"
2019-06-28 13:45:50.000000000,BEST_BID,"JPM,99749,166"
2019-06-28 13:45:50.000000000,BEST_ASK,"JPM,99892,100"
2019-06-28 13:45:50.000000000,BEST_BID,"JPM,99749,166"
2019-06-28 13:45:50.000000000,BEST_ASK,"JPM,99892,100"
2019-06-28 13:45:50.000000000,BEST_BID,"JPM,99749,166"
2019-06-28 13:45:50.000000000,BEST_ASK,"JPM,99892,166"
2019-06-28 13:45:50.000000000,BEST_BID,"JPM,99749,166"
2019-06-28 13:45:50.000000000,BEST_ASK,"JPM,99892,166"
2019-06-28 13:45:50.000000000,BEST_BID,"JPM,99749,166"
2019-06-28 13:45:50.000000000,BEST_ASK,"JPM,99892,166"
2019-06-28 13:45:55.018617975,QUERY_SPREAD,36
2019-06-28 13:45:55.018617975,BEST_BID,"JPM,99750,100"
2019-06-28 13:45:55.018617975,BEST_ASK,"JPM,99892,166"
2019-06-28 13:46:00.000000000,QUERY_SPREAD,1
2019-06-28 13:46:00.000000000,BEST_BID,"JPM,99750,182"
2019-06-28 13:46:00.000000000,BEST_ASK,"JPM,99892,100"
2019-06-28 13:46:00.000000000,BEST_BID,"JPM,99750,182"
2019-06-28 13:46:00.000000000,BEST_ASK,"JPM,99892,100"
2019-06-28 13:46:00.000000000,BEST_BID,"JPM,99750,182"
2019-06-28 13:46:00.000000000,BEST_ASK,"JPM,99892,100"
2019-06-28 13:46:00.000000000,BEST_BID,"JPM,99750,182"
2019-06-28 13:46:00.000000000,BEST_ASK,"JPM,99892,100"
2019-06-28 13:46:00.000000000,BEST_BID,"JPM,99750,182"
2019-06-28 13:46:00.000000000,BEST_ASK,"JPM,99892,182"
2019-06-28 13:46:00.000000000,BEST_BID,"JPM,99750,182"
2019-06-28 13:46:00.000000000,BEST_ASK,"JPM,99892,182"
2019-06-28 13:46:00.000000000,BEST_BID,"JPM,99750,182"
2019-06-28 13:46:00.000000000,BEST_ASK,"JPM,99892,182"
2019-06-28 13:46:00.000000000,QUERY_SPREAD,77
2019-06-28 13:46:00.000000000,BEST_BID,"JPM,99750,182"
2019-06-28 13:46:00.000000000,BEST_ASK,"JPM,99892,178"
2019-06-28 13:46:00.000000000,LAST_TRADE,"4,$99892.0000"
2019-06-28 13:46:00.000000000,QUERY_SPREAD,78
2019-06-28 13:46:00.000000000,BEST_BID,"JPM,99750,182"
2019-06-28 13:46:00.000000000,BEST_ASK,"JPM,99892,170"
2019-06-28 13:46:00.000000000,LAST_TRADE,"8,$99892.0000"
2019-06-28 13:46:00.000000000,QUERY_SPREAD,79
2019-06-28 13:46:00.000000000,BEST_BID,"JPM,99750,182"
2019-06-28 13:46:00.000000000,BEST_ASK,"JPM,99892,169"
2019-06-28 13:46:00.000000000,LAST_TRADE,"1,$99892.0000"
2019-06-28 13:46:00.000000000,QUERY_SPREAD,80
2019-06-28 13:46:00.000000000,BEST_BID,"JPM,99750,182"
2019-06-28 13:46:00.000000000,BEST_ASK,"JPM,99892,164"
2019-06-28 13:46:00.000000000,LAST_TRADE,"5,$99892.0000"
2019-06-28 13:46:00.000000000,QUERY_SPREAD,81
2019-06-28 13:46:00.000000000,BEST_BID,"JPM,99750,182"
2019-06-28 13:46:00.000000000,BEST_ASK,"JPM,99892,159"
2019-06-28 13:46:00.000000000,LAST_TRADE,"5,$99892.0000"
2019-06-28 13:46:00.000000000,QUERY_SPREAD,82
2019-06-28 13:46:00.000000000,BEST_BID,"JPM,99750,182"
2019-06-28 13:46:00.000000000,BEST_ASK,"JPM,99892,153"
2019-06-28 13:46:00.000000000,LAST_TRADE,"6,$99892.0000"
2019-06-28 13:46:00.000000000,QUERY_SPREAD,83
2019-06-28 13:46:00.000000000,BEST_BID,"JPM,99750,182"
2019-06-28 13:46:00.000000000,BEST_ASK,"JPM,99892,149"
2019-06-28 13:46:00.000000000,LAST_TRADE,"4,$99892.0000"
2019-06-28 13:46:00.000000000,QUERY_SPREAD,84
2019-06-28 13:46:00.000000000,BEST_BID,"JPM,99750,182"
2019-06-28 13:46:00.000000000,BEST_ASK,"JPM,99892,144"
2019-06-28 13:46:00.000000000,LAST_TRADE,"5,$99892.0000"
2019-06-28 13:46:00.000000000,QUERY_SPREAD,85
2019-06-28 13:46:00.000000000,BEST_BID,"JPM,99750,182"
2019-06-28 13:46:00.000000000,BEST_ASK,"JPM,99892,139"
2019-06-28 13:46:00.000000000,LAST_TRADE,"5,$99892.0000"
2019-06-28 13:46:00.000000000,QUERY_SPREAD,86
2019-06-28 13:46:00.000000000,BEST_BID,"JPM,99750,182"
2019-06-28 13:46:00.000000000,BEST_ASK,"JPM,99892,130"
2019-06-28 13:46:00.000000000,LAST_TRADE,"9,$99892.0000"
2019-06-28 13:46:00.000000000,QUERY_SPREAD,87
2019-06-28 13:46:00.000000000,BEST_BID,"JPM,99750,182"
2019-06-28 13:46:00.000000000,BEST_ASK,"JPM,99892,128"
2019-06-28 13:46:00.000000000,LAST_TRADE,"2,$99892.0000"
2019-06-28 13:46:00.000000000,QUERY_SPREAD,88
2019-06-28 13:46:00.000000000,BEST_BID,"JPM,99750,182"
2019-06-28 13:46:00.000000000,BEST_ASK,"JPM,99892,120"
2019-06-28 13:46:00.000000000,LAST_TRADE,"8,$99892.0000"
2019-06-28 13:46:00.000000000,QUERY_SPREAD,89
2019-06-28 13:46:00.000000000,BEST_BID,"JPM,99750,182"
2019-06-28 13:46:00.000000000,BEST_ASK,"JPM,99892,113"
2019-06-28 13:46:00.000000000,LAST_TRADE,"7,$99892.0000"
2019-06-28 13:46:00.000000000,QUERY_SPREAD,90
2019-06-28 13:46:00.000000000,BEST_BID,"JPM,99750,182"
2019-06-28 13:46:00.000000000,BEST_ASK,"JPM,99892,107"
2019-06-28 13:46:00.000000000,LAST_TRADE,"6,$99892.0000"
2019-06-28 13:46:00.000000000,QUERY_SPREAD,91
2019-06-28 13:46:00.000000000,BEST_BID,"JPM,99750,182"
2019-06-28 13:46:00.000000000,BEST_ASK,"JPM,99892,102"
2019-06-28 13:46:00.000000000,LAST_TRADE,"5,$99892.0000"
2019-06-28 13:46:00.000000000,QUERY_SPREAD,92
2019-06-28 13:46:00.000000000,BEST_BID,"JPM,99750,182"
2019-06-28 13:46:00.000000000,BEST_ASK,"JPM,99892,101"
2019-06-28 13:46:00.000000000,LAST_TRADE,"1,$99892.0000"
2019-06-28 13:46:00.000000000,QUERY_SPREAD,93
2019-06-28 13:46:00.000000000,BEST_BID,"JPM,99750,182"
2019-06-28 13:46:00.000000000,BEST_ASK,"JPM,99892,99"
2019-06-28 13:46:00.000000000,LAST_TRADE,"2,$99892.0000"
2019-06-28 13:46:00.000000000,QUERY_SPREAD,94
2019-06-28 13:46:00.000000000,BEST_BID,"JPM,99750,182"
2019-06-28 13:46:00.000000000,BEST_ASK,"JPM,99892,97"
2019-06-28 13:46:00.000000000,LAST_TRADE,"2,$99892.0000"
2019-06-28 13:46:00.000000000,QUERY_SPREAD,95
2019-06-28 13:46:00.000000000,BEST_BID,"JPM,99750,182"
2019-06-28 13:46:00.000000000,BEST_ASK,"JPM,99892,90"
2019-06-28 13:46:00.000000000,LAST_TRADE,"7,$99892.0000"
2019-06-28 13:46:00.000000000,QUERY_SPREAD,96
2019-06-28 13:46:00.000000000,BEST_BID,"JPM,99750,182"
2019-06-28 13:46:00.000000000,BEST_ASK,"JPM,99892,83"
2019-06-28 13:46:00.000000000,LAST_TRADE,"7,$99892.0000"
2019-06-28 13:46:00.000000000,QUERY_SPREAD,97
2019-06-28 13:46:00.000000000,BEST_BID,"JPM,99750,182"
2019-06-28 13:46:00.000000000,BEST_ASK,"JPM,99892,77"
2019-06-28 13:46:00.000000000,LAST_TRADE,"6,$99892.0000"
2019-06-28 13:46:00.000000000,QUERY_SPREAD,98
2019-06-28 13:46:00.000000000,BEST_BID,"JPM,99750,182"
2019-06-28 13:46:00.000000000,BEST_ASK,"JPM,99892,73"
2019-06-28 13:46:00.000000000,LAST_TRADE,"4,$99892.0000"
2019-06-28 13:46:00.000000000,QUERY_SPREAD,99
2019-06-28 13:46:00.000000000,BEST_BID,"JPM,99750,182"
2019-06-28 13:46:00.000000000,BEST_ASK,"JPM,99892,71"
2019-06-28 13:46:00.000000000,LAST_TRADE,"2,$99892.0000"
2019-06-28 13:46:00.000000000,QUERY_SPREAD,100
2019-06-28 13:46:00.000000000,BEST_BID,"JPM,99750,182"
2019-06-28 13:46:00.000000000,BEST_ASK,"JPM,99892,65"
2019-06-28 13:46:00.000000000,LAST_TRADE,"6,$99892.0000"
2019-06-28 13:46:00.000000000,QUERY_SPREAD,101
2019-06-28 13:46:00.000000000,QUERY_ORDER_STREAM,101
2019-06-28 13:46:01.098709654,QUERY_ORDER_STREAM,65
2019-06-28 13:46:01.098709654,QUERY_SPREAD,65
2019-06-28 13:46:01.098709654,BEST_BID,"JPM,99750,182"
2019-06-28 13:46:01.098709654,BEST_ASK,"JPM,99892,165"
2019-06-28 13:46:10.000000000,QUERY_SPREAD,1
2019-06-28 13:46:10.000000000,BEST_BID,"JPM,99750,212"
2019-06-28 13:46:10.000000000,BEST_ASK,"JPM,99892,100"
2019-06-28 13:46:10.000000000,BEST_BID,"JPM,99750,212"
2019-06-28 13:46:10.000000000,BEST_ASK,"JPM,99892,100"
2019-06-28 13:46:10.000000000,BEST_BID,"JPM,99750,212"
2019-06-28 13:46:10.000000000,BEST_ASK,"JPM,99892,100"
2019-06-28 13:46:10.000000000,BEST_BID,"JPM,99750,212"
2019-06-28 13:46:10.000000000,BEST_ASK,"JPM,99892,212"
2019-06-28 13:46:10.000000000,BEST_BID,"JPM,99750,212"
2019-06-28 13:46:10.000000000,BEST_ASK,"JPM,99892,212"
2019-06-28 13:46:10.000000000,BEST_BID,"JPM,99750,212"
2019-06-28 13:46:10.000000000,BEST_ASK,"JPM,99892,212"
2019-06-28 13:46:20.000000000,QUERY_SPREAD,1
2019-06-28 13:46:20.000000000,BEST_BID,"JPM,99750,166"
2019-06-28 13:46:20.000000000,BEST_ASK,"JPM,99892,100"
2019-06-28 13:46:20.000000000,BEST_BID,"JPM,99750,166"
2019-06-28 13:46:20.000000000,BEST_ASK,"JPM,99892,100"
2019-06-28 13:46:20.000000000,BEST_BID,"JPM,99750,166"
2019-06-28 13:46:20.000000000,BEST_ASK,"JPM,99892,100"
2019-06-28 13:46:20.000000000,BEST_BID,"JPM,99750,166"
2019-06-28 13:46:20.000000000,BEST_ASK,"JPM,99892,100"
2019-06-28 13:46:20.000000000,BEST_BID,"JPM,99750,166"
2019-06-28 13:46:20.000000000,BEST_ASK,"JPM,99892,100"
2019-06-28 13:46:20.000000000,BEST_BID,"JPM,99750,166"
2019-06-28 13:46:20.000000000,BEST_ASK,"JPM,99892,166"
2019-06-28 13:46:20.000000000,BEST_BID,"JPM,99750,166"
2019-06-28 13:46:20.000000000,BEST_ASK,"JPM,99892,166"
2019-06-28 13:46:20.000000000,BEST_BID,"JPM,99750,166"
2019-06-28 13:46:20.000000000,BEST_ASK,"JPM,99892,166"
2019-06-28 13:46:30.000000000,QUERY_SPREAD,1
2019-06-28 13:46:30.000000000,BEST_BID,"JPM,99750,182"
2019-06-28 13:46:30.000000000,BEST_ASK,"JPM,99892,100"
2019-06-28 13:46:30.000000000,BEST_BID,"JPM,99750,182"
2019-06-28 13:46:30.000000000,BEST_ASK,"JPM,99892,100"
2019-06-28 13:46:30.000000000,BEST_BID,"JPM,99750,182"
2019-06-28 13:46:30.000000000,BEST_ASK,"JPM,99892,100"
2019-06-28 13:46:30.000000000,BEST_BID,"JPM,99750,182"
2019-06-28 13:46:30.000000000,BEST_ASK,"JPM,99892,100"
2019-06-28 13:46:30.000000000,BEST_BID,"JPM,99750,182"
2019-06-28 13:46:30.000000000,BEST_ASK,"JPM,99892,182"
2019-06-28 13:46:30.000000000,BEST_BID,"JPM,99750,182"
2019-06-28 13:46:30.000000000,BEST_ASK,"JPM,99892,182"
2019-06-28 13:46:30.000000000,BEST_BID,"JPM,99750,182"
2019-06-28 13:46:30.000000000,BEST_ASK,"JPM,99892,182"
2019-06-28 13:46:32.086913924,QUERY_SPREAD,37
2019-06-28 13:46:32.086913924,BEST_BID,"JPM,99750,82"
2019-06-28 13:46:32.086913924,BEST_ASK,"JPM,99892,182"
2019-06-28 13:46:32.086913924,LAST_TRADE,"100,$99750.0000"
2019-06-28 13:46:34.397135252,QUERY_SPREAD,37
2019-06-28 13:46:34.397135252,BEST_BID,"JPM,99750,82"
2019-06-28 13:46:34.397135252,BEST_ASK,"JPM,99802,100"
2019-06-28 13:46:39.247627846,QUERY_ORDER_STREAM,68
2019-06-28 13:46:39.247627846,QUERY_SPREAD,68
2019-06-28 13:46:39.247627846,BEST_BID,"JPM,99751,100"
2019-06-28 13:46:39.247627846,BEST_ASK,"JPM,99802,100"
2019-06-28 13:46:40.000000000,QUERY_SPREAD,1
2019-06-28 13:46:40.000000000,BEST_BID,"JPM,99751,264"
2019-06-28 13:46:40.000000000,BEST_ASK,"JPM,99802,100"
2019-06-28 13:46:40.000000000,BEST_BID,"JPM,99751,264"
2019-06-28 13:46:40.000000000,BEST_ASK,"JPM,99802,100"
2019-06-28 13:46:40.000000000,BEST_BID,"JPM,99751,264"
2019-06-28 13:46:40.000000000,BEST_ASK,"JPM,99802,264"
2019-06-28 13:46:40.000000000,BEST_BID,"JPM,99751,264"
2019-06-28 13:46:40.000000000,BEST_ASK,"JPM,99802,264"
2019-06-28 13:46:50.000000000,QUERY_SPREAD,1
2019-06-28 13:46:50.000000000,BEST_BID,"JPM,99751,182"
2019-06-28 13:46:50.000000000,BEST_ASK,"JPM,99802,100"
2019-06-28 13:46:50.000000000,BEST_BID,"JPM,99751,182"
2019-06-28 13:46:50.000000000,BEST_ASK,"JPM,99802,100"
2019-06-28 13:46:50.000000000,BEST_BID,"JPM,99751,182"
2019-06-28 13:46:50.000000000,BEST_ASK,"JPM,99802,100"
2019-06-28 13:46:50.000000000,BEST_BID,"JPM,99751,182"
2019-06-28 13:46:50.000000000,BEST_ASK,"JPM,99802,100"
2019-06-28 13:46:50.000000000,BEST_BID,"JPM,99751,182"
2019-06-28 13:46:50.000000000,BEST_ASK,"JPM,99802,182"
2019-06-28 13:46:50.000000000,BEST_BID,"JPM,99751,182"
2019-06-28 13:46:50.000000000,BEST_ASK,"JPM,99802,182"
2019-06-28 13:46:50.000000000,BEST_BID,"JPM,99751,182"
2019-06-28 13:46:50.000000000,BEST_ASK,"JPM,99802,182"
2019-06-28 13:46:50.000000000,BEST_BID,"JPM,99751,182"
2019-06-28 13:46:50.000000000,BEST_ASK,"JPM,99802,182"
2019-06-28 13:47:00.000000000,QUERY_SPREAD,1
2019-06-28 13:47:00.000000000,BEST_BID,"JPM,99751,428"
2019-06-28 13:47:00.000000000,BEST_ASK,"JPM,99802,100"
2019-06-28 13:47:00.000000000,BEST_BID,"JPM,99751,428"
2019-06-28 13:47:00.000000000,BEST_ASK,"JPM,99802,428"
2019-06-28 13:47:00.000000000,QUERY_SPREAD,77
2019-06-28 13:47:00.000000000,BEST_BID,"JPM,99751,424"
2019-06-28 13:47:00.000000000,BEST_ASK,"JPM,99802,428"
2019-06-28 13:47:00.000000000,LAST_TRADE,"4,$99751.0000"
2019-06-28 13:47:00.000000000,QUERY_SPREAD,78
2019-06-28 13:47:00.000000000,BEST_BID,"JPM,99751,416"
2019-06-28 13:47:00.000000000,BEST_ASK,"JPM,99802,428"
2019-06-28 13:47:00.000000000,LAST_TRADE,"8,$99751.0000"
2019-06-28 13:47:00.000000000,QUERY_SPREAD,79
2019-06-28 13:47:00.000000000,BEST_BID,"JPM,99751,415"
2019-06-28 13:47:00.000000000,BEST_ASK,"JPM,99802,428"
2019-06-28 13:47:00.000000000,LAST_TRADE,"1,$99751.0000"
2019-06-28 13:47:00.000000000,QUERY_SPREAD,80
2019-06-28 13:47:00.000000000,BEST_BID,"JPM,99751,410"
2019-06-28 13:47:00.000000000,BEST_ASK,"JPM,99802,428"
2019-06-28 13:47:00.000000000,LAST_TRADE,"5,$99751.0000"
2019-06-28 13:47:00.000000000,QUERY_SPREAD,81
2019-06-28 13:47:00.000000000,BEST_BID,"JPM,99751,405"
2019-06-28 13:47:00.000000000,BEST_ASK,"JPM,99802,428"
2019-06-28 13:47:00.000000000,LAST_TRADE,"5,$99751.0000"
2019-06-28 13:47:00.000000000,QUERY_SPREAD,82
2019-06-28 13:47:00.000000000,BEST_BID,"JPM,99751,399"
2019-06-28 13:47:00.000000000,BEST_ASK,"JPM,99802,428"
2019-06-28 13:47:00.000000000,LAST_TRADE,"6,$99751.0000"
2019-06-28 13:47:00.000000000,QUERY_SPREAD,83
2019-06-28 13:47:00.000000000,BEST_BID,"JPM,99751,395"
2019-06-28 13:47:00.000000000,BEST_ASK,"JPM,99802,428"
2019-06-28 13:47:00.000000000,LAST_TRADE,"4,$99751.0000"
2019-06-28 13:47:00.000000000,QUERY_SPREAD,84
2019-06-28 13:47:00.000000000,BEST_BID,"JPM,99751,390"
2019-06-28 13:47:00.000000000,BEST_ASK,"JPM,99802,428"
2019-06-28 13:47:00.000000000,LAST_TRADE,"5,$99751.0000"
2019-06-28 13:47:00.000000000,QUERY_SPREAD,85
2019-06-28 13:47:00.000000000,BEST_BID,"JPM,99751,385"
2019-06-28 13:47:00.000000000,BEST_ASK,"JPM,99802,428"
2019-06-28 13:47:00.000000000,LAST_TRADE,"5,$99751.0000"
2019-06-28 13:47:00.000000000,QUERY_SPREAD,86
2019-06-28 13:47:00.000000000,BEST_BID,"JPM,99751,376"
2019-06-28 13:47:00.000000000,BEST_ASK,"JPM,99802,428"
2019-06-28 13:47:00.000000000,LAST_TRADE,"9,$99751.0000"
2019-06-28 13:47:00.000000000,QUERY_SPREAD,87
2019-06-28 13:47:00.000000000,BEST_BID,"JPM,99751,374"
2019-06-28 13:47:00.000000000,BEST_ASK,"JPM,99802,428"
2019-06-28 13:47:00.000000000,LAST_TRADE,"2,$99751.0000"
2019-06-28 13:47:00.000000000,QUERY_SPREAD,88
2019-06-28 13:47:00.000000000,BEST_BID,"JPM,99751,366"
2019-06-28 13:47:00.000000000,BEST_ASK,"JPM,99802,428"
2019-06-28 13:47:00.000000000,LAST_TRADE,"8,$99751.0000"
2019-06-28 13:47:00.000000000,QUERY_SPREAD,89
2019-06-28 13:47:00.000000000,BEST_BID,"JPM,99751,359"
2019-06-28 13:47:00.000000000,BEST_ASK,"JPM,99802,428"
2019-06-28 13:47:00.000000000,LAST_TRADE,"7,$99751.0000"
2019-06-28 13:47:00.000000000,QUERY_SPREAD,90
2019-06-28 13:47:00.000000000,BEST_BID,"JPM,99751,353"
2019-06-28 13:47:00.000000000,BEST_ASK,"JPM,99802,428"
2019-06-28 13:47:00.000000000,LAST_TRADE,"6,$99751.0000"
2019-06-28 13:47:00.000000000,QUERY_SPREAD,91
2019-06-28 13:47:00.000000000,BEST_BID,"JPM,99751,348"
2019-06-28 13:47:00.000000000,BEST_ASK,"JPM,99802,428"
2019-06-28 13:47:00.000000000,LAST_TRADE,"5,$99751.0000"
2019-06-28 13:47:00.000000000,QUERY_SPREAD,92
2019-06-28 13:47:00.000000000,BEST_BID,"JPM,99751,347"
2019-06-28 13:47:00.000000000,BEST_ASK,"JPM,99802,428"
2019-06-28 13:47:00.000000000,LAST_TRADE,"1,$99751.0000"
2019-06-28 13:47:00.000000000,QUERY_SPREAD,93
2019-06-28 13:47:00.000000000,BEST_BID,"JPM,99751,345"
2019-06-28 13:47:00.000000000,BEST_ASK,"JPM,99802,428"
2019-06-28 13:47:00.000000000,LAST_TRADE,"2,$99751.0000"
2019-06-28 13:47:00.000000000,QUERY_SPREAD,94
2019-06-28 13:47:00.000000000,BEST_BID,"JPM,99751,343"
2019-06-28 13:47:00.000000000,BEST_ASK,"JPM,99802,428"
2019-06-28 13:47:00.000000000,LAST_TRADE,"2,$99751.0000"
2019-06-28 13:47:00.000000000,QUERY_SPREAD,95
2019-06-28 13:47:00.000000000,BEST_BID,"JPM,99751,336"
2019-06-28 13:47:00.000000000,BEST_ASK,"JPM,99802,428"
2019-06-28 13:47:00.000000000,LAST_TRADE,"7,$99751.0000"
2019-06-28 13:47:00.000000000,QUERY_SPREAD,96
2019-06-28 13:47:00.000000000,BEST_BID,"JPM,99751,329"
2019-06-28 13:47:00.000000000,BEST_ASK,"JPM,99802,428"
2019-06-28 13:47:00.000000000,LAST_TRADE,"7,$99751.0000"
2019-06-28 13:47:00.000000000,QUERY_SPREAD,97
2019-06-28 13:47:00.000000000,BEST_BID,"JPM,99751,323"
2019-06-28 13:47:00.000000000,BEST_ASK,"JPM,99802,428"
2019-06-28 13:47:00.000000000,LAST_TRADE,"6,$99751.0000"
2019-06-28 13:47:00.000000000,QUERY_SPREAD,98
2019-06-28 13:47:00.000000000,BEST_BID,"JPM,99751,319"
2019-06-28 13:47:00.000000000,BEST_ASK,"JPM,99802,428"
2019-06-28 13:47:00.000000000,LAST_TRADE,"4,$99751.0000"
2019-06-28 13:47:00.000000000,QUERY_SPREAD,99
2019-06-28 13:47:00.000000000,BEST_BID,"JPM,99751,317"
2019-06-28 13:47:00.000000000,BEST_ASK,"JPM,99802,428"
2019-06-28 13:47:00.000000000,LAST_TRADE,"2,$99751.0000"
2019-06-28 13:47:00.000000000,QUERY_SPREAD,100
2019-06-28 13:47:00.000000000,BEST_BID,"JPM,99751,311"
2019-06-28 13:47:00.000000000,BEST_ASK,"JPM,99802,428"
2019-06-28 13:47:00.000000000,LAST_TRADE,"6,$99751.0000"
2019-06-28 13:47:00.000000000,QUERY_SPREAD,101
2019-06-28 13:47:00.000000000,QUERY_ORDER_STREAM,101
2019-06-28 13:47:00.000000000,BEST_BID,"JPM,99751,319"
2019-06-28 13:47:00.000000000,BEST_ASK,"JPM,99802,428"
2019-06-28 13:47:07.616647906,QUERY_ORDER_STREAM,64
2019-06-28 13:47:07.616647906,QUERY_SPREAD,64
2019-06-28 13:47:07.616647906,BEST_BID,"JPM,99751,219"
2019-06-28 13:47:07.616647906,BEST_ASK,"JPM,99802,428"
2019-06-28 13:47:07.616647906,LAST_TRADE,"100,$99751.0000"
2019-06-28 13:47:10.000000000,QUERY_SPREAD,1
2019-06-28 13:47:10.000000000,BEST_BID,"JPM,99751,90"
2019-06-28 13:47:10.000000000,BEST_ASK,"JPM,99802,100"
2019-06-28 13:47:10.000000000,BEST_BID,"JPM,99751,90"
2019-06-28 13:47:10.000000000,BEST_ASK,"JPM,99802,100"
2019-06-28 13:47:10.000000000,BEST_BID,"JPM,99751,90"
2019-06-28 13:47:10.000000000,BEST_ASK,"JPM,99802,100"
2019-06-28 13:47:10.000000000,BEST_BID,"JPM,99751,90"
2019-06-28 13:47:10.000000000,BEST_ASK,"JPM,99802,100"
2019-06-28 13:47:10.000000000,BEST_BID,"JPM,99751,90"
2019-06-28 13:47:10.000000000,BEST_ASK,"JPM,99802,182"
2019-06-28 13:47:10.000000000,BEST_BID,"JPM,99751,90"
2019-06-28 13:47:10.000000000,BEST_ASK,"JPM,99802,182"
2019-06-28 13:47:10.000000000,BEST_BID,"JPM,99751,90"
2019-06-28 13:47:10.000000000,BEST_ASK,"JPM,99802,182"
2019-06-28 13:47:10.000000000,BEST_BID,"JPM,99751,90"
2019-06-28 13:47:10.000000000,BEST_ASK,"JPM,99802,182"
2019-06-28 13:47:16.409990038,QUERY_SPREAD,23
2019-06-28 13:47:16.409990038,BEST_BID,"JPM,99751,90"
2019-06-28 13:47:16.409990038,BEST_ASK,"JPM,99802,182"
2019-06-28 13:47:19.354145909,QUERY_ORDER_STREAM,67
2019-06-28 13:47:19.354145909,QUERY_SPREAD,67
2019-06-28 13:47:19.354145909,BEST_BID,"JPM,99749,82"
2019-06-28 13:47:19.354145909,BEST_ASK,"JPM,99751,10"
2019-06-28 13:47:19.354145909,LAST_TRADE,"90,$99751.0000"
2019-06-28 13:47:20.000000000,QUERY_SPREAD,1
2019-06-28 13:47:20.000000000,BEST_BID,"JPM,99746,264"
2019-06-28 13:47:20.000000000,BEST_ASK,"JPM,99751,10"
2019-06-28 13:47:20.000000000,BEST_BID,"JPM,99746,264"
2019-06-28 13:47:20.000000000,BEST_ASK,"JPM,99751,10"
2019-06-28 13:47:20.000000000,BEST_BID,"JPM,99746,264"
2019-06-28 13:47:20.000000000,BEST_ASK,"JPM,99751,174"
2019-06-28 13:47:20.000000000,BEST_BID,"JPM,99746,264"
2019-06-28 13:47:20.000000000,BEST_ASK,"JPM,99751,174"
2019-06-28 13:47:30.000000000,QUERY_SPREAD,1
2019-06-28 13:47:30.000000000,BEST_BID,"JPM,99746,428"
2019-06-28 13:47:30.000000000,BEST_ASK,"JPM,99751,10"
2019-06-28 13:47:30.000000000,BEST_BID,"JPM,99746,428"
2019-06-28 13:47:30.000000000,BEST_ASK,"JPM,99751,338"
2019-06-28 13:47:33.757342995,QUERY_SPREAD,34
2019-06-28 13:47:33.757342995,BEST_BID,"JPM,99746,428"
2019-06-28 13:47:33.757342995,BEST_ASK,"JPM,99751,338"
2019-06-28 13:47:37.961222544,QUERY_SPREAD,10
2019-06-28 13:47:37.961222544,BEST_BID,"JPM,99746,428"
2019-06-28 13:47:37.961222544,BEST_ASK,"JPM,99751,338"
2019-06-28 13:47:40.000000000,QUERY_SPREAD,1
2019-06-28 13:47:40.000000000,BEST_BID,"JPM,99746,182"
2019-06-28 13:47:40.000000000,BEST_ASK,"JPM,99751,10"
2019-06-28 13:47:40.000000000,BEST_BID,"JPM,99746,182"
2019-06-28 13:47:40.000000000,BEST_ASK,"JPM,99751,10"
2019-06-28 13:47:40.000000000,BEST_BID,"JPM,99746,182"
2019-06-28 13:47:40.000000000,BEST_ASK,"JPM,99751,10"
2019-06-28 13:47:40.000000000,BEST_BID,"JPM,99746,182"
2019-06-28 13:47:40.000000000,BEST_ASK,"JPM,99751,10"
2019-06-28 13:47:40.000000000,BEST_BID,"JPM,99746,182"
2019-06-28 13:47:40.000000000,BEST_ASK,"JPM,99751,92"
2019-06-28 13:47:40.000000000,BEST_BID,"JPM,99746,182"
2019-06-28 13:47:40.000000000,BEST_ASK,"JPM,99751,92"
2019-06-28 13:47:40.000000000,BEST_BID,"JPM,99746,182"
2019-06-28 13:47:40.000000000,BEST_ASK,"JPM,99751,92"
2019-06-28 13:47:40.000000000,BEST_BID,"JPM,99746,182"
2019-06-28 13:47:40.000000000,BEST_ASK,"JPM,99751,92"
2019-06-28 13:47:50.000000000,QUERY_SPREAD,1
2019-06-28 13:47:50.000000000,BEST_BID,"JPM,99746,182"
2019-06-28 13:47:50.000000000,BEST_ASK,"JPM,99751,10"
2019-06-28 13:47:50.000000000,BEST_BID,"JPM,99746,182"
2019-06-28 13:47:50.000000000,BEST_ASK,"JPM,99751,10"
2019-06-28 13:47:50.000000000,BEST_BID,"JPM,99746,182"
2019-06-28 13:47:50.000000000,BEST_ASK,"JPM,99751,10"
2019-06-28 13:47:50.000000000,BEST_BID,"JPM,99746,182"
2019-06-28 13:47:50.000000000,BEST_ASK,"JPM,99751,10"
2019-06-28 13:47:50.000000000,BEST_BID,"JPM,99746,182"
2019-06-28 13:47:50.000000000,BEST_ASK,"JPM,99751,92"
2019-06-28 13:47:50.000000000,BEST_BID,"JPM,99746,182"
2019-06-28 13:47:50.000000000,BEST_ASK,"JPM,99751,92"
2019-06-28 13:47:50.000000000,BEST_BID,"JPM,99746,182"
2019-06-28 13:47:50.000000000,BEST_ASK,"JPM,99751,92"
2019-06-28 13:47:50.000000000,BEST_BID,"JPM,99746,182"
2019-06-28 13:47:50.000000000,BEST_ASK,"JPM,99751,92"
2019-06-28 13:48:00.000000000,QUERY_SPREAD,1
2019-06-28 13:48:00.000000000,BEST_BID,"JPM,99746,212"
2019-06-28 13:48:00.000000000,BEST_ASK,"JPM,99751,10"
2019-06-28 13:48:00.000000000,BEST_BID,"JPM,99746,212"
2019-06-28 13:48:00.000000000,BEST_ASK,"JPM,99751,10"
2019-06-28 13:48:00.000000000,BEST_BID,"JPM,99746,212"
2019-06-28 13:48:00.000000000,BEST_ASK,"JPM,99751,10"
2019-06-28 13:48:00.000000000,BEST_BID,"JPM,99746,212"
2019-06-28 13:48:00.000000000,BEST_ASK,"JPM,99751,122"
2019-06-28 13:48:00.000000000,BEST_BID,"JPM,99746,212"
2019-06-28 13:48:00.000000000,BEST_ASK,"JPM,99751,122"
2019-06-28 13:48:00.000000000,BEST_BID,"JPM,99746,212"
2019-06-28 13:48:00.000000000,BEST_ASK,"JPM,99751,122"
2019-06-28 13:48:00.000000000,QUERY_SPREAD,77
2019-06-28 13:48:00.000000000,BEST_BID,"JPM,99746,208"
2019-06-28 13:48:00.000000000,BEST_ASK,"JPM,99751,122"
2019-06-28 13:48:00.000000000,LAST_TRADE,"4,$99746.0000"
2019-06-28 13:48:00.000000000,QUERY_SPREAD,78
2019-06-28 13:48:00.000000000,BEST_BID,"JPM,99746,200"
2019-06-28 13:48:00.000000000,BEST_ASK,"JPM,99751,122"
2019-06-28 13:48:00.000000000,LAST_TRADE,"8,$99746.0000"
2019-06-28 13:48:00.000000000,QUERY_SPREAD,79
2019-06-28 13:48:00.000000000,BEST_BID,"JPM,99746,199"
2019-06-28 13:48:00.000000000,BEST_ASK,"JPM,99751,122"
2019-06-28 13:48:00.000000000,LAST_TRADE,"1,$99746.0000"
2019-06-28 13:48:00.000000000,QUERY_SPREAD,80
2019-06-28 13:48:00.000000000,BEST_BID,"JPM,99746,194"
2019-06-28 13:48:00.000000000,BEST_ASK,"JPM,99751,122"
2019-06-28 13:48:00.000000000,LAST_TRADE,"5,$99746.0000"
2019-06-28 13:48:00.000000000,QUERY_SPREAD,81
2019-06-28 13:48:00.000000000,BEST_BID,"JPM,99746,189"
2019-06-28 13:48:00.000000000,BEST_ASK,"JPM,99751,122"
2019-06-28 13:48:00.000000000,LAST_TRADE,"5,$99746.0000"
2019-06-28 13:48:00.000000000,QUERY_SPREAD,82
2019-06-28 13:48:00.000000000,BEST_BID,"JPM,99746,183"
2019-06-28 13:48:00.000000000,BEST_ASK,"JPM,99751,122"
2019-06-28 13:48:00.000000000,LAST_TRADE,"6,$99746.0000"
2019-06-28 13:48:00.000000000,QUERY_SPREAD,83
2019-06-28 13:48:00.000000000,BEST_BID,"JPM,99746,179"
2019-06-28 13:48:00.000000000,BEST_ASK,"JPM,99751,122"
2019-06-28 13:48:00.000000000,LAST_TRADE,"4,$99746.0000"
2019-06-28 13:48:00.000000000,QUERY_SPREAD,84
2019-06-28 13:48:00.000000000,BEST_BID,"JPM,99746,174"
2019-06-28 13:48:00.000000000,BEST_ASK,"JPM,99751,122"
2019-06-28 13:48:00.000000000,LAST_TRADE,"5,$99746.0000"
2019-06-28 13:48:00.000000000,QUERY_SPREAD,85
2019-06-28 13:48:00.000000000,BEST_BID,"JPM,99746,169"
2019-06-28 13:48:00.000000000,BEST_ASK,"JPM,99751,122"
2019-06-28 13:48:00.000000000,LAST_TRADE,"5,$99746.0000"
2019-06-28 13:48:00.000000000,QUERY_SPREAD,86
2019-06-28 13:48:00.000000000,BEST_BID,"JPM,99746,160"
2019-06-28 13:48:00.000000000,BEST_ASK,"JPM,99751,122"
2019-06-28 13:48:00.000000000,LAST_TRADE,"9,$99746.0000"
2019-06-28 13:48:00.000000000,QUERY_SPREAD,87
2019-06-28 13:48:00.000000000,BEST_BID,"JPM,99746,158"
2019-06-28 13:48:00.000000000,BEST_ASK,"JPM,99751,122"
2019-06-28 13:48:00.000000000,LAST_TRADE,"2,$99746.0000"
2019-06-28 13:48:00.000000000,QUERY_SPREAD,88
2019-06-28 13:48:00.000000000,BEST_BID,"JPM,99746,150"
2019-06-28 13:48:00.000000000,BEST_ASK,"JPM,99751,122"
2019-06-28 13:48:00.000000000,LAST_TRADE,"8,$99746.0000"
2019-06-28 13:48:00.000000000,QUERY_SPREAD,89
2019-06-28 13:48:00.000000000,BEST_BID,"JPM,99746,143"
2019-06-28 13:48:00.000000000,BEST_ASK,"JPM,99751,122"
2019-06-28 13:48:00.000000000,LAST_TRADE,"7,$99746.0000"
2019-06-28 13:48:00.000000000,QUERY_SPREAD,90
2019-06-28 13:48:00.000000000,BEST_BID,"JPM,99746,137"
2019-06-28 13:48:00.000000000,BEST_ASK,"JPM,99751,122"
2019-06-28 13:48:00.000000000,LAST_TRADE,"6,$99746.0000"
2019-06-28 13:48:00.000000000,QUERY_SPREAD,91
2019-06-28 13:48:00.000000000,BEST_BID,"JPM,99746,132"
2019-06-28 13:48:00.000000000,BEST_ASK,"JPM,99751,122"
2019-06-28 13:48:00.000000000,LAST_TRADE,"5,$99746.0000"
2019-06-28 13:48:00.000000000,QUERY_SPREAD,92
2019-06-28 13:48:00.000000000,BEST_BID,"JPM,99746,131"
2019-06-28 13:48:00.000000000,BEST_ASK,"JPM,99751,122"
2019-06-28 13:48:00.000000000,LAST_TRADE,"1,$99746.0000"
2019-06-28 13:48:00.000000000,QUERY_SPREAD,93
2019-06-28 13:48:00.000000000,BEST_BID,"JPM,99746,129"
2019-06-28 13:48:00.000000000,BEST_ASK,"JPM,99751,122"
2019-06-28 13:48:00.000000000,LAST_TRADE,"2,$99746.0000"
2019-06-28 13:48:00.000000000,QUERY_SPREAD,94
2019-06-28 13:48:00.000000000,BEST_BID,"JPM,99746,127"
2019-06-28 13:48:00.000000000,BEST_ASK,"JPM,99751,122"
2019-06-28 13:48:00.000000000,LAST_TRADE,"2,$99746.0000"
2019-06-28 13:48:00.000000000,QUERY_SPREAD,95
2019-06-28 13:48:00.000000000,BEST_BID,"JPM,99746,120"
2019-06-28 13:48:00.000000000,BEST_ASK,"JPM,99751,122"
2019-06-28 13:48:00.000000000,LAST_TRADE,"7,$99746.0000"
2019-06-28 13:48:00.000000000,QUERY_SPREAD,96
2019-06-28 13:48:00.000000000,BEST_BID,"JPM,99746,113"
2019-06-28 13:48:00.000000000,BEST_ASK,"JPM,99751,122"
2019-06-28 13:48:00.000000000,LAST_TRADE,"7,$99746.0000"
2019-06-28 13:48:00.000000000,QUERY_SPREAD,97
2019-06-28 13:48:00.000000000,BEST_BID,"JPM,99746,107"
2019-06-28 13:48:00.000000000,BEST_ASK,"JPM,99751,122"
2019-06-28 13:48:00.000000000,LAST_TRADE,"6,$99746.0000"
2019-06-28 13:48:00.000000000,QUERY_SPREAD,98
2019-06-28 13:48:00.000000000,BEST_BID,"JPM,99746,103"
2019-06-28 13:48:00.000000000,BEST_ASK,"JPM,99751,122"
2019-06-28 13:48:00.000000000,LAST_TRADE,"4,$99746.0000"
2019-06-28 13:48:00.000000000,QUERY_SPREAD,99
2019-06-28 13:48:00.000000000,BEST_BID,"JPM,99746,101"
2019-06-28 13:48:00.000000000,BEST_ASK,"JPM,99751,122"
2019-06-28 13:48:00.000000000,LAST_TRADE,"2,$99746.0000"
2019-06-28 13:48:00.000000000,QUERY_SPREAD,100
2019-06-28 13:48:00.000000000,BEST_BID,"JPM,99746,95"
2019-06-28 13:48:00.000000000,BEST_ASK,"JPM,99751,122"
2019-06-28 13:48:00.000000000,LAST_TRADE,"6,$99746.0000"
2019-06-28 13:48:00.000000000,QUERY_SPREAD,101
2019-06-28 13:48:00.000000000,QUERY_ORDER_STREAM,101
2019-06-28 13:48:01.927830442,QUERY_SPREAD,24
2019-06-28 13:48:01.927830442,BEST_BID,"JPM,99746,95"
2019-06-28 13:48:01.927830442,BEST_ASK,"JPM,99751,122"
2019-06-28 13:48:10.000000000,QUERY_SPREAD,1
2019-06-28 13:48:10.000000000,BEST_BID,"JPM,99687,428"
2019-06-28 13:48:10.000000000,BEST_ASK,"JPM,99751,10"
2019-06-28 13:48:10.000000000,BEST_BID,"JPM,99687,428"
2019-06-28 13:48:10.000000000,BEST_ASK,"JPM,99751,338"
2019-06-28 13:48:20.000000000,QUERY_SPREAD,1
2019-06-28 13:48:20.000000000,BEST_BID,"JPM,99687,212"
2019-06-28 13:48:20.000000000,BEST_ASK,"JPM,99751,10"
2019-06-28 13:48:20.000000000,BEST_BID,"JPM,99687,212"
2019-06-28 13:48:20.000000000,BEST_ASK,"JPM,99751,10"
2019-06-28 13:48:20.000000000,BEST_BID,"JPM,99687,212"
2019-06-28 13:48:20.000000000,BEST_ASK,"JPM,99751,10"
2019-06-28 13:48:20.000000000,BEST_BID,"JPM,99687,212"
2019-06-28 13:48:20.000000000,BEST_ASK,"JPM,99751,122"
2019-06-28 13:48:20.000000000,BEST_BID,"JPM,99687,212"
2019-06-28 13:48:20.000000000,BEST_ASK,"JPM,99751,122"
2019-06-28 13:48:20.000000000,BEST_BID,"JPM,99687,212"
2019-06-28 13:48:20.000000000,BEST_ASK,"JPM,99751,122"
2019-06-28 13:48:30.000000000,QUERY_SPREAD,1
2019-06-28 13:48:30.000000000,BEST_BID,"JPM,99687,182"
2019-06-28 13:48:30.000000000,BEST_ASK,"JPM,99751,10"
2019-06-28 13:48:30.000000000,BEST_BID,"JPM,99687,182"
2019-06-28 13:48:30.000000000,BEST_ASK,"JPM,99751,10"
2019-06-28 13:48:30.000000000,BEST_BID,"JPM,99687,182"
2019-06-28 13:48:30.000000000,BEST_ASK,"JPM,99751,10"
2019-06-28 13:48:30.000000000,BEST_BID,"JPM,99687,182"
2019-06-28 13:48:30.000000000,BEST_ASK,"JPM,99751,10"
2019-06-28 13:48:30.000000000,BEST_BID,"JPM,99687,182"
2019-06-28 13:48:30.000000000,BEST_ASK,"JPM,99751,92"
2019-06-28 13:48:30.000000000,BEST_BID,"JPM,99687,182"
2019-06-28 13:48:30.000000000,BEST_ASK,"JPM,99751,92"
2019-06-28 13:48:30.000000000,BEST_BID,"JPM,99687,182"
2019-06-28 13:48:30.000000000,BEST_ASK,"JPM,99751,92"
2019-06-28 13:48:30.000000000,BEST_BID,"JPM,99687,182"
2019-06-28 13:48:30.000000000,BEST_ASK,"JPM,99751,92"
2019-06-28 13:48:40.000000000,QUERY_SPREAD,1
2019-06-28 13:48:40.000000000,BEST_BID,"JPM,99687,212"
2019-06-28 13:48:40.000000000,BEST_ASK,"JPM,99751,10"
2019-06-28 13:48:40.000000000,BEST_BID,"JPM,99687,212"
2019-06-28 13:48:40.000000000,BEST_ASK,"JPM,99751,10"
2019-06-28 13:48:40.000000000,BEST_BID,"JPM,99687,212"
2019-06-28 13:48:40.000000000,BEST_ASK,"JPM,99751,10"
2019-06-28 13:48:40.000000000,BEST_BID,"JPM,99687,212"
2019-06-28 13:48:40.000000000,BEST_ASK,"JPM,99751,122"
2019-06-28 13:48:40.000000000,BEST_BID,"JPM,99687,212"
2019-06-28 13:48:40.000000000,BEST_ASK,"JPM,99751,122"
2019-06-28 13:48:40.000000000,BEST_BID,"JPM,99687,212"
2019-06-28 13:48:40.000000000,BEST_ASK,"JPM,99751,122"
2019-06-28 13:48:45.469560893,QUERY_SPREAD,48
2019-06-28 13:48:45.469560893,BEST_BID,"JPM,99687,212"
2019-06-28 13:48:45.469560893,BEST_ASK,"JPM,99751,122"
2019-06-28 13:48:50.000000000,QUERY_SPREAD,1
2019-06-28 13:48:50.000000000,BEST_BID,"JPM,99687,264"
2019-06-28 13:48:50.000000000,BEST_ASK,"JPM,99751,10"
2019-06-28 13:48:50.000000000,BEST_BID,"JPM,99687,264"
2019-06-28 13:48:50.000000000,BEST_ASK,"JPM,99751,10"
2019-06-28 13:48:50.000000000,BEST_BID,"JPM,99687,264"
2019-06-28 13:48:50.000000000,BEST_ASK,"JPM,99751,174"
2019-06-28 13:48:50.000000000,BEST_BID,"JPM,99687,264"
2019-06-28 13:48:50.000000000,BEST_ASK,"JPM,99751,174"
2019-06-28 13:48:56.051419292,QUERY_ORDER_STREAM,57
2019-06-28 13:48:56.051419292,QUERY_SPREAD,57
2019-06-28 13:48:56.051419292,BEST_BID,"JPM,99687,264"
2019-06-28 13:48:56.051419292,BEST_ASK,"JPM,99746,100"
2019-06-28 13:49:00.000000000,QUERY_SPREAD,1
2019-06-28 13:49:00.000000000,BEST_BID,"JPM,99687,428"
2019-06-28 13:49:00.000000000,BEST_ASK,"JPM,99746,100"
2019-06-28 13:49:00.000000000,BEST_BID,"JPM,99687,428"
2019-06-28 13:49:00.000000000,BEST_ASK,"JPM,99746,428"
2019-06-28 13:49:00.000000000,QUERY_SPREAD,77
2019-06-28 13:49:00.000000000,BEST_BID,"JPM,99687,424"
2019-06-28 13:49:00.000000000,BEST_ASK,"JPM,99746,428"
2019-06-28 13:49:00.000000000,LAST_TRADE,"4,$99687.0000"
2019-06-28 13:49:00.000000000,QUERY_SPREAD,78
2019-06-28 13:49:00.000000000,BEST_BID,"JPM,99687,416"
2019-06-28 13:49:00.000000000,BEST_ASK,"JPM,99746,428"
2019-06-28 13:49:00.000000000,LAST_TRADE,"8,$99687.0000"
2019-06-28 13:49:00.000000000,QUERY_SPREAD,79
2019-06-28 13:49:00.000000000,BEST_BID,"JPM,99687,415"
2019-06-28 13:49:00.000000000,BEST_ASK,"JPM,99746,428"
2019-06-28 13:49:00.000000000,LAST_TRADE,"1,$99687.0000"
2019-06-28 13:49:00.000000000,QUERY_SPREAD,80
2019-06-28 13:49:00.000000000,BEST_BID,"JPM,99687,410"
2019-06-28 13:49:00.000000000,BEST_ASK,"JPM,99746,428"
2019-06-28 13:49:00.000000000,LAST_TRADE,"5,$99687.0000"
2019-06-28 13:49:00.000000000,QUERY_SPREAD,81
2019-06-28 13:49:00.000000000,BEST_BID,"JPM,99687,405"
2019-06-28 13:49:00.000000000,BEST_ASK,"JPM,99746,428"
2019-06-28 13:49:00.000000000,LAST_TRADE,"5,$99687.0000"
2019-06-28 13:49:00.000000000,QUERY_SPREAD,82
2019-06-28 13:49:00.000000000,BEST_BID,"JPM,99687,399"
2019-06-28 13:49:00.000000000,BEST_ASK,"JPM,99746,428"
2019-06-28 13:49:00.000000000,LAST_TRADE,"6,$99687.0000"
2019-06-28 13:49:00.000000000,QUERY_SPREAD,83
2019-06-28 13:49:00.000000000,BEST_BID,"JPM,99687,395"
2019-06-28 13:49:00.000000000,BEST_ASK,"JPM,99746,428"
2019-06-28 13:49:00.000000000,LAST_TRADE,"4,$99687.0000"
2019-06-28 13:49:00.000000000,QUERY_SPREAD,84
2019-06-28 13:49:00.000000000,BEST_BID,"JPM,99687,390"
2019-06-28 13:49:00.000000000,BEST_ASK,"JPM,99746,428"
2019-06-28 13:49:00.000000000,LAST_TRADE,"5,$99687.0000"
2019-06-28 13:49:00.000000000,QUERY_SPREAD,85
2019-06-28 13:49:00.000000000,BEST_BID,"JPM,99687,385"
2019-06-28 13:49:00.000000000,BEST_ASK,"JPM,99746,428"
2019-06-28 13:49:00.000000000,LAST_TRADE,"5,$99687.0000"
2019-06-28 13:49:00.000000000,QUERY_SPREAD,86
2019-06-28 13:49:00.000000000,BEST_BID,"JPM,99687,376"
2019-06-28 13:49:00.000000000,BEST_ASK,"JPM,99746,428"
2019-06-28 13:49:00.000000000,LAST_TRADE,"9,$99687.0000"
2019-06-28 13:49:00.000000000,QUERY_SPREAD,87
2019-06-28 13:49:00.000000000,BEST_BID,"JPM,99687,374"
2019-06-28 13:49:00.000000000,BEST_ASK,"JPM,99746,428"
2019-06-28 13:49:00.000000000,LAST_TRADE,"2,$99687.0000"
2019-06-28 13:49:00.000000000,QUERY_SPREAD,88
2019-06-28 13:49:00.000000000,BEST_BID,"JPM,99687,366"
2019-06-28 13:49:00.000000000,BEST_ASK,"JPM,99746,428"
2019-06-28 13:49:00.000000000,LAST_TRADE,"8,$99687.0000"
2019-06-28 13:49:00.000000000,QUERY_SPREAD,89
2019-06-28 13:49:00.000000000,BEST_BID,"JPM,99687,359"
2019-06-28 13:49:00.000000000,BEST_ASK,"JPM,99746,428"
2019-06-28 13:49:00.000000000,LAST_TRADE,"7,$99687.0000"
2019-06-28 13:49:00.000000000,QUERY_SPREAD,90
2019-06-28 13:49:00.000000000,BEST_BID,"JPM,99687,353"
2019-06-28 13:49:00.000000000,BEST_ASK,"JPM,99746,428"
2019-06-28 13:49:00.000000000,LAST_TRADE,"6,$99687.0000"
2019-06-28 13:49:00.000000000,QUERY_SPREAD,91
2019-06-28 13:49:00.000000000,BEST_BID,"JPM,99687,348"
2019-06-28 13:49:00.000000000,BEST_ASK,"JPM,99746,428"
2019-06-28 13:49:00.000000000,LAST_TRADE,"5,$99687.0000"
2019-06-28 13:49:00.000000000,QUERY_SPREAD,92
2019-06-28 13:49:00.000000000,BEST_BID,"JPM,99687,347"
2019-06-28 13:49:00.000000000,BEST_ASK,"JPM,99746,428"
2019-06-28 13:49:00.000000000,LAST_TRADE,"1,$99687.0000"
2019-06-28 13:49:00.000000000,QUERY_SPREAD,93
2019-06-28 13:49:00.000000000,BEST_BID,"JPM,99687,345"
2019-06-28 13:49:00.000000000,BEST_ASK,"JPM,99746,428"
2019-06-28 13:49:00.000000000,LAST_TRADE,"2,$99687.0000"
2019-06-28 13:49:00.000000000,QUERY_SPREAD,94
2019-06-28 13:49:00.000000000,BEST_BID,"JPM,99687,343"
2019-06-28 13:49:00.000000000,BEST_ASK,"JPM,99746,428"
2019-06-28 13:49:00.000000000,LAST_TRADE,"2,$99687.0000"
2019-06-28 13:49:00.000000000,QUERY_SPREAD,95
2019-06-28 13:49:00.000000000,BEST_BID,"JPM,99687,336"
2019-06-28 13:49:00.000000000,BEST_ASK,"JPM,99746,428"
2019-06-28 13:49:00.000000000,LAST_TRADE,"7,$99687.0000"
2019-06-28 13:49:00.000000000,QUERY_SPREAD,96
2019-06-28 13:49:00.000000000,BEST_BID,"JPM,99687,329"
2019-06-28 13:49:00.000000000,BEST_ASK,"JPM,99746,428"
2019-06-28 13:49:00.000000000,LAST_TRADE,"7,$99687.0000"
2019-06-28 13:49:00.000000000,QUERY_SPREAD,97
2019-06-28 13:49:00.000000000,BEST_BID,"JPM,99687,323"
2019-06-28 13:49:00.000000000,BEST_ASK,"JPM,99746,428"
2019-06-28 13:49:00.000000000,LAST_TRADE,"6,$99687.0000"
2019-06-28 13:49:00.000000000,QUERY_SPREAD,98
2019-06-28 13:49:00.000000000,BEST_BID,"JPM,99687,319"
2019-06-28 13:49:00.000000000,BEST_ASK,"JPM,99746,428"
2019-06-28 13:49:00.000000000,LAST_TRADE,"4,$99687.0000"
2019-06-28 13:49:00.000000000,QUERY_SPREAD,99
2019-06-28 13:49:00.000000000,BEST_BID,"JPM,99687,317"
2019-06-28 13:49:00.000000000,BEST_ASK,"JPM,99746,428"
2019-06-28 13:49:00.000000000,LAST_TRADE,"2,$99687.0000"
2019-06-28 13:49:00.000000000,QUERY_SPREAD,100
2019-06-28 13:49:00.000000000,BEST_BID,"JPM,99687,311"
2019-06-28 13:49:00.000000000,BEST_ASK,"JPM,99746,428"
2019-06-28 13:49:00.000000000,LAST_TRADE,"6,$99687.0000"
2019-06-28 13:49:00.000000000,QUERY_SPREAD,101
2019-06-28 13:49:00.000000000,QUERY_ORDER_STREAM,101
2019-06-28 13:49:10.000000000,QUERY_SPREAD,1
2019-06-28 13:49:10.000000000,BEST_BID,"JPM,99676,166"
2019-06-28 13:49:10.000000000,BEST_ASK,"JPM,99746,100"
2019-06-28 13:49:10.000000000,BEST_BID,"JPM,99676,166"
2019-06-28 13:49:10.000000000,BEST_ASK,"JPM,99746,100"
2019-06-28 13:49:10.000000000,BEST_BID,"JPM,99676,166"
2019-06-28 13:49:10.000000000,BEST_ASK,"JPM,99746,100"
2019-06-28 13:49:10.000000000,BEST_BID,"JPM,99676,166"
2019-06-28 13:49:10.000000000,BEST_ASK,"JPM,99746,100"
2019-06-28 13:49:10.000000000,BEST_BID,"JPM,99676,166"
2019-06-28 13:49:10.000000000,BEST_ASK,"JPM,99746,100"
2019-06-28 13:49:10.000000000,BEST_BID,"JPM,99676,166"
2019-06-28 13:49:10.000000000,BEST_ASK,"JPM,99746,166"
2019-06-28 13:49:10.000000000,BEST_BID,"JPM,99676,166"
2019-06-28 13:49:10.000000000,BEST_ASK,"JPM,99746,166"
2019-06-28 13:49:10.000000000,BEST_BID,"JPM,99676,166"
2019-06-28 13:49:10.000000000,BEST_ASK,"JPM,99746,166"
2019-06-28 13:49:10.000000000,BEST_BID,"JPM,99676,166"
2019-06-28 13:49:10.000000000,BEST_ASK,"JPM,99746,166"
2019-06-28 13:49:10.000000000,BEST_BID,"JPM,99676,166"
2019-06-28 13:49:10.000000000,BEST_ASK,"JPM,99746,166"
2019-06-28 13:49:17.816989357,QUERY_ORDER_STREAM,57
2019-06-28 13:49:17.816989357,QUERY_SPREAD,57
2019-06-28 13:49:20.000000000,QUERY_SPREAD,1
2019-06-28 13:49:20.000000000,BEST_BID,"JPM,99676,264"
2019-06-28 13:49:20.000000000,BEST_ASK,"JPM,99751,10"
2019-06-28 13:49:20.000000000,BEST_BID,"JPM,99676,264"
2019-06-28 13:49:20.000000000,BEST_ASK,"JPM,99751,10"
2019-06-28 13:49:20.000000000,BEST_BID,"JPM,99676,264"
2019-06-28 13:49:20.000000000,BEST_ASK,"JPM,99751,174"
2019-06-28 13:49:20.000000000,BEST_BID,"JPM,99676,264"
2019-06-28 13:49:20.000000000,BEST_ASK,"JPM,99751,174"
2019-06-28 13:49:30.000000000,QUERY_SPREAD,1
2019-06-28 13:49:30.000000000,BEST_BID,"JPM,99676,428"
2019-06-28 13:49:30.000000000,BEST_ASK,"JPM,99751,10"
2019-06-28 13:49:30.000000000,BEST_BID,"JPM,99676,428"
2019-06-28 13:49:30.000000000,BEST_ASK,"JPM,99751,338"
2019-06-28 13:49:32.330104543,QUERY_ORDER_STREAM,73
2019-06-28 13:49:32.330104543,QUERY_SPREAD,73
2019-06-28 13:49:40.000000000,QUERY_SPREAD,1
2019-06-28 13:49:40.000000000,BEST_BID,"JPM,99676,428"
2019-06-28 13:49:40.000000000,BEST_ASK,"JPM,99751,10"
2019-06-28 13:49:40.000000000,BEST_BID,"JPM,99676,428"
2019-06-28 13:49:40.000000000,BEST_ASK,"JPM,99751,338"
2019-06-28 13:49:49.894631612,QUERY_ORDER_STREAM,52
2019-06-28 13:49:49.894631612,QUERY_SPREAD,52
2019-06-28 13:49:49.894631612,BEST_BID,"JPM,99676,428"
2019-06-28 13:49:49.894631612,BEST_ASK,"JPM,99687,100"
2019-06-28 13:49:49.997732617,QUERY_SPREAD,28
2019-06-28 13:49:49.997732617,BEST_BID,"JPM,99676,428"
2019-06-28 13:49:49.997732617,BEST_ASK,"JPM,99687,100"
2019-06-28 13:49:50.000000000,QUERY_SPREAD,1
2019-06-28 13:49:50.000000000,BEST_BID,"JPM,99676,182"
2019-06-28 13:49:50.000000000,BEST_ASK,"JPM,99687,100"
2019-06-28 13:49:50.000000000,BEST_BID,"JPM,99676,182"
2019-06-28 13:49:50.000000000,BEST_ASK,"JPM,99687,100"
2019-06-28 13:49:50.000000000,BEST_BID,"JPM,99676,182"
2019-06-28 13:49:50.000000000,BEST_ASK,"JPM,99687,100"
2019-06-28 13:49:50.000000000,BEST_BID,"JPM,99676,182"
2019-06-28 13:49:50.000000000,BEST_ASK,"JPM,99687,100"
2019-06-28 13:49:50.000000000,BEST_BID,"JPM,99676,182"
2019-06-28 13:49:50.000000000,BEST_ASK,"JPM,99687,182"
2019-06-28 13:49:50.000000000,BEST_BID,"JPM,99676,182"
2019-06-28 13:49:50.000000000,BEST_ASK,"JPM,99687,182"
2019-06-28 13:49:50.000000000,BEST_BID,"JPM,99676,182"
2019-06-28 13:49:50.000000000,BEST_ASK,"JPM,99687,182"
2019-06-28 13:49:50.000000000,BEST_BID,"JPM,99676,182"
2019-06-28 13:49:50.000000000,BEST_ASK,"JPM,99687,182"
2019-06-28 13:49:52.754179484,QUERY_ORDER_STREAM,74
2019-06-28 13:49:52.754179484,QUERY_SPREAD,74
2019-06-28 13:50:00.000000000,QUERY_SPREAD,1
2019-06-28 13:50:00.000000000,BEST_BID,"JPM,99676,166"
2019-06-28 13:50:00.000000000,BEST_ASK,"JPM,99687,100"
2019-06-28 13:50:00.000000000,BEST_BID,"JPM,99676,166"
2019-06-28 13:50:00.000000000,BEST_ASK,"JPM,99687,100"
2019-06-28 13:50:00.000000000,BEST_BID,"JPM,99676,166"
2019-06-28 13:50:00.000000000,BEST_ASK,"JPM,99687,100"
2019-06-28 13:50:00.000000000,BEST_BID,"JPM,99676,166"
2019-06-28 13:50:00.000000000,BEST_ASK,"JPM,99687,100"
2019-06-28 13:50:00.000000000,BEST_BID,"JPM,99676,166"
2019-06-28 13:50:00.000000000,BEST_ASK,"JPM,99687,100"
2019-06-28 13:50:00.000000000,BEST_BID,"JPM,99676,166"
2019-06-28 13:50:00.000000000,BEST_ASK,"JPM,99687,166"
2019-06-28 13:50:00.000000000,BEST_BID,"JPM,99676,166"
2019-06-28 13:50:00.000000000,BEST_ASK,"JPM,99687,166"
2019-06-28 13:50:00.000000000,BEST_BID,"JPM,99676,166"
2019-06-28 13:50:00.000000000,BEST_ASK,"JPM,99687,166"
2019-06-28 13:50:00.000000000,BEST_BID,"JPM,99676,166"
2019-06-28 13:50:00.000000000,BEST_ASK,"JPM,99687,166"
2019-06-28 13:50:00.000000000,BEST_BID,"JPM,99676,166"
2019-06-28 13:50:00.000000000,BEST_ASK,"JPM,99687,166"
2019-06-28 13:50:00.000000000,QUERY_SPREAD,77
2019-06-28 13:50:00.000000000,BEST_BID,"JPM,99676,162"
2019-06-28 13:50:00.000000000,BEST_ASK,"JPM,99687,166"
2019-06-28 13:50:00.000000000,LAST_TRADE,"4,$99676.0000"
2019-06-28 13:50:00.000000000,QUERY_SPREAD,78
2019-06-28 13:50:00.000000000,BEST_BID,"JPM,99676,154"
2019-06-28 13:50:00.000000000,BEST_ASK,"JPM,99687,166"
2019-06-28 13:50:00.000000000,LAST_TRADE,"8,$99676.0000"
2019-06-28 13:50:00.000000000,QUERY_SPREAD,79
2019-06-28 13:50:00.000000000,BEST_BID,"JPM,99676,153"
2019-06-28 13:50:00.000000000,BEST_ASK,"JPM,99687,166"
2019-06-28 13:50:00.000000000,LAST_TRADE,"1,$99676.0000"
2019-06-28 13:50:00.000000000,QUERY_SPREAD,80
2019-06-28 13:50:00.000000000,BEST_BID,"JPM,99676,148"
2019-06-28 13:50:00.000000000,BEST_ASK,"JPM,99687,166"
2019-06-28 13:50:00.000000000,LAST_TRADE,"5,$99676.0000"
2019-06-28 13:50:00.000000000,QUERY_SPREAD,81
2019-06-28 13:50:00.000000000,BEST_BID,"JPM,99676,143"
2019-06-28 13:50:00.000000000,BEST_ASK,"JPM,99687,166"
2019-06-28 13:50:00.000000000,LAST_TRADE,"5,$99676.0000"
2019-06-28 13:50:00.000000000,QUERY_SPREAD,82
2019-06-28 13:50:00.000000000,BEST_BID,"JPM,99676,137"
2019-06-28 13:50:00.000000000,BEST_ASK,"JPM,99687,166"
2019-06-28 13:50:00.000000000,LAST_TRADE,"6,$99676.0000"
2019-06-28 13:50:00.000000000,QUERY_SPREAD,83
2019-06-28 13:50:00.000000000,BEST_BID,"JPM,99676,133"
2019-06-28 13:50:00.000000000,BEST_ASK,"JPM,99687,166"
2019-06-28 13:50:00.000000000,LAST_TRADE,"4,$99676.0000"
2019-06-28 13:50:00.000000000,QUERY_SPREAD,84
2019-06-28 13:50:00.000000000,BEST_BID,"JPM,99676,128"
2019-06-28 13:50:00.000000000,BEST_ASK,"JPM,99687,166"
2019-06-28 13:50:00.000000000,LAST_TRADE,"5,$99676.0000"
2019-06-28 13:50:00.000000000,QUERY_SPREAD,85
2019-06-28 13:50:00.000000000,BEST_BID,"JPM,99676,123"
2019-06-28 13:50:00.000000000,BEST_ASK,"JPM,99687,166"
2019-06-28 13:50:00.000000000,LAST_TRADE,"5,$99676.0000"
2019-06-28 13:50:00.000000000,QUERY_SPREAD,86
2019-06-28 13:50:00.000000000,BEST_BID,"JPM,99676,114"
2019-06-28 13:50:00.000000000,BEST_ASK,"JPM,99687,166"
2019-06-28 13:50:00.000000000,LAST_TRADE,"9,$99676.0000"
2019-06-28 13:50:00.000000000,QUERY_SPREAD,87
2019-06-28 13:50:00.000000000,BEST_BID,"JPM,99676,112"
2019-06-28 13:50:00.000000000,BEST_ASK,"JPM,99687,166"
2019-06-28 13:50:00.000000000,LAST_TRADE,"2,$99676.0000"
2019-06-28 13:50:00.000000000,QUERY_SPREAD,88
2019-06-28 13:50:00.000000000,BEST_BID,"JPM,99676,104"
2019-06-28 13:50:00.000000000,BEST_ASK,"JPM,99687,166"
2019-06-28 13:50:00.000000000,LAST_TRADE,"8,$99676.0000"
2019-06-28 13:50:00.000000000,QUERY_SPREAD,89
2019-06-28 13:50:00.000000000,BEST_BID,"JPM,99676,97"
2019-06-28 13:50:00.000000000,BEST_ASK,"JPM,99687,166"
2019-06-28 13:50:00.000000000,LAST_TRADE,"7,$99676.0000"
2019-06-28 13:50:00.000000000,QUERY_SPREAD,90
2019-06-28 13:50:00.000000000,BEST_BID,"JPM,99676,91"
2019-06-28 13:50:00.000000000,BEST_ASK,"JPM,99687,166"
2019-06-28 13:50:00.000000000,LAST_TRADE,"6,$99676.0000"
2019-06-28 13:50:00.000000000,QUERY_SPREAD,91
2019-06-28 13:50:00.000000000,BEST_BID,"JPM,99676,86"
2019-06-28 13:50:00.000000000,BEST_ASK,"JPM,99687,166"
2019-06-28 13:50:00.000000000,LAST_TRADE,"5,$99676.0000"
2019-06-28 13:50:00.000000000,QUERY_SPREAD,92
2019-06-28 13:50:00.000000000,BEST_BID,"JPM,99676,85"
2019-06-28 13:50:00.000000000,BEST_ASK,"JPM,99687,166"
2019-06-28 13:50:00.000000000,LAST_TRADE,"1,$99676.0000"
2019-06-28 13:50:00.000000000,QUERY_SPREAD,93
2019-06-28 13:50:00.000000000,BEST_BID,"JPM,99676,83"
2019-06-28 13:50:00.000000000,BEST_ASK,"JPM,99687,166"
2019-06-28 13:50:00.000000000,LAST_TRADE,"2,$99676.0000"
2019-06-28 13:50:00.000000000,QUERY_SPREAD,94
2019-06-28 13:50:00.000000000,BEST_BID,"JPM,99676,81"
2019-06-28 13:50:00.000000000,BEST_ASK,"JPM,99687,166"
2019-06-28 13:50:00.000000000,LAST_TRADE,"2,$99676.0000"
2019-06-28 13:50:00.000000000,QUERY_SPREAD,95
2019-06-28 13:50:00.000000000,BEST_BID,"JPM,99676,74"
2019-06-28 13:50:00.000000000,BEST_ASK,"JPM,99687,166"
2019-06-28 13:50:00.000000000,LAST_TRADE,"7,$99676.0000"
2019-06-28 13:50:00.000000000,QUERY_SPREAD,96
2019-06-28 13:50:00.000000000,BEST_BID,"JPM,99676,67"
2019-06-28 13:50:00.000000000,BEST_ASK,"JPM,99687,166"
2019-06-28 13:50:00.000000000,LAST_TRADE,"7,$99676.0000"
2019-06-28 13:50:00.000000000,QUERY_SPREAD,97
2019-06-28 13:50:00.000000000,BEST_BID,"JPM,99676,61"
2019-06-28 13:50:00.000000000,BEST_ASK,"JPM,99687,166"
2019-06-28 13:50:00.000000000,LAST_TRADE,"6,$99676.0000"
2019-06-28 13:50:00.000000000,QUERY_SPREAD,98
2019-06-28 13:50:00.000000000,BEST_BID,"JPM,99676,57"
2019-06-28 13:50:00.000000000,BEST_ASK,"JPM,99687,166"
2019-06-28 13:50:00.000000000,LAST_TRADE,"4,$99676.0000"
2019-06-28 13:50:00.000000000,QUERY_SPREAD,99
2019-06-28 13:50:00.000000000,BEST_BID,"JPM,99676,55"
2019-06-28 13:50:00.000000000,BEST_ASK,"JPM,99687,166"
2019-06-28 13:50:00.000000000,LAST_TRADE,"2,$99676.0000"
2019-06-28 13:50:00.000000000,QUERY_SPREAD,100
2019-06-28 13:50:00.000000000,BEST_BID,"JPM,99676,49"
2019-06-28 13:50:00.000000000,BEST_ASK,"JPM,99687,166"
2019-06-28 13:50:00.000000000,LAST_TRADE,"6,$99676.0000"
2019-06-28 13:50:00.000000000,QUERY_SPREAD,101
2019-06-28 13:50:00.000000000,QUERY_ORDER_STREAM,101
2019-06-28 13:50:00.000000000,BEST_BID,"JPM,99676,57"
2019-06-28 13:50:00.000000000,BEST_ASK,"JPM,99687,166"
2019-06-28 13:50:06.660953857,QUERY_ORDER_STREAM,72
2019-06-28 13:50:06.660953857,QUERY_SPREAD,72
2019-06-28 13:50:06.660953857,BEST_BID,"JPM,99576,166"
2019-06-28 13:50:06.660953857,BEST_ASK,"JPM,99676,43"
2019-06-28 13:50:06.660953857,LAST_TRADE,"57,$99676.0000"
2019-06-28 13:50:10.000000000,QUERY_SPREAD,1
2019-06-28 13:50:10.000000000,BEST_BID,"JPM,99576,166"
2019-06-28 13:50:10.000000000,BEST_ASK,"JPM,99676,43"
2019-06-28 13:50:10.000000000,BEST_BID,"JPM,99576,166"
2019-06-28 13:50:10.000000000,BEST_ASK,"JPM,99676,43"
2019-06-28 13:50:10.000000000,BEST_BID,"JPM,99576,166"
2019-06-28 13:50:10.000000000,BEST_ASK,"JPM,99676,43"
2019-06-28 13:50:10.000000000,BEST_BID,"JPM,99576,166"
2019-06-28 13:50:10.000000000,BEST_ASK,"JPM,99676,43"
2019-06-28 13:50:10.000000000,BEST_BID,"JPM,99576,166"
2019-06-28 13:50:10.000000000,BEST_ASK,"JPM,99676,43"
2019-06-28 13:50:10.000000000,BEST_BID,"JPM,99576,166"
2019-06-28 13:50:10.000000000,BEST_ASK,"JPM,99676,109"
2019-06-28 13:50:10.000000000,BEST_BID,"JPM,99576,166"
2019-06-28 13:50:10.000000000,BEST_ASK,"JPM,99676,109"
2019-06-28 13:50:10.000000000,BEST_BID,"JPM,99576,166"
2019-06-28 13:50:10.000000000,BEST_ASK,"JPM,99676,109"
2019-06-28 13:50:10.000000000,BEST_BID,"JPM,99576,166"
2019-06-28 13:50:10.000000000,BEST_ASK,"JPM,99676,109"
2019-06-28 13:50:10.000000000,BEST_BID,"JPM,99576,166"
2019-06-28 13:50:10.000000000,BEST_ASK,"JPM,99676,109"
2019-06-28 13:50:12.757697877,QUERY_SPREAD,26
2019-06-28 13:50:12.757697877,BEST_BID,"JPM,99576,66"
2019-06-28 13:50:12.757697877,BEST_ASK,"JPM,99676,109"
2019-06-28 13:50:12.757697877,LAST_TRADE,"100,$99576.0000"
2019-06-28 13:50:20.000000000,QUERY_SPREAD,1
2019-06-28 13:50:20.000000000,BEST_BID,"JPM,99571,212"
2019-06-28 13:50:20.000000000,BEST_ASK,"JPM,99676,43"
2019-06-28 13:50:20.000000000,BEST_BID,"JPM,99571,212"
2019-06-28 13:50:20.000000000,BEST_ASK,"JPM,99676,43"
2019-06-28 13:50:20.000000000,BEST_BID,"JPM,99571,212"
2019-06-28 13:50:20.000000000,BEST_ASK,"JPM,99676,43"
2019-06-28 13:50:20.000000000,BEST_BID,"JPM,99571,212"
2019-06-28 13:50:20.000000000,BEST_ASK,"JPM,99676,155"
2019-06-28 13:50:20.000000000,BEST_BID,"JPM,99571,212"
2019-06-28 13:50:20.000000000,BEST_ASK,"JPM,99676,155"
2019-06-28 13:50:20.000000000,BEST_BID,"JPM,99571,212"
2019-06-28 13:50:20.000000000,BEST_ASK,"JPM,99676,155"
2019-06-28 13:50:28.756109265,QUERY_ORDER_STREAM,56
2019-06-28 13:50:28.756109265,QUERY_SPREAD,56
2019-06-28 13:50:28.756109265,BEST_BID,"JPM,99571,212"
2019-06-28 13:50:28.756109265,BEST_ASK,"JPM,99675,100"
2019-06-28 13:50:29.511709963,QUERY_SPREAD,21
2019-06-28 13:50:29.511709963,BEST_BID,"JPM,99674,100"
2019-06-28 13:50:29.511709963,BEST_ASK,"JPM,99675,100"
2019-06-28 13:50:30.000000000,QUERY_SPREAD,1
2019-06-28 13:50:30.000000000,BEST_BID,"JPM,99674,212"
2019-06-28 13:50:30.000000000,BEST_ASK,"JPM,99675,100"
2019-06-28 13:50:30.000000000,BEST_BID,"JPM,99674,212"
2019-06-28 13:50:30.000000000,BEST_ASK,"JPM,99675,100"
2019-06-28 13:50:30.000000000,BEST_BID,"JPM,99674,212"
2019-06-28 13:50:30.000000000,BEST_ASK,"JPM,99675,100"
2019-06-28 13:50:30.000000000,BEST_BID,"JPM,99674,212"
2019-06-28 13:50:30.000000000,BEST_ASK,"JPM,99675,212"
2019-06-28 13:50:30.000000000,BEST_BID,"JPM,99674,212"
2019-06-28 13:50:30.000000000,BEST_ASK,"JPM,99675,212"
2019-06-28 13:50:30.000000000,BEST_BID,"JPM,99674,212"
2019-06-28 13:50:30.000000000,BEST_ASK,"JPM,99675,212"
2019-06-28 13:50:40.000000000,QUERY_SPREAD,1
2019-06-28 13:50:40.000000000,BEST_BID,"JPM,99674,166"
2019-06-28 13:50:40.000000000,BEST_ASK,"JPM,99675,100"
2019-06-28 13:50:40.000000000,BEST_BID,"JPM,99674,166"
2019-06-28 13:50:40.000000000,BEST_ASK,"JPM,99675,100"
2019-06-28 13:50:40.000000000,BEST_BID,"JPM,99674,166"
2019-06-28 13:50:40.000000000,BEST_ASK,"JPM,99675,100"
2019-06-28 13:50:40.000000000,BEST_BID,"JPM,99674,166"
2019-06-28 13:50:40.000000000,BEST_ASK,"JPM,99675,100"
2019-06-28 13:50:40.000000000,BEST_BID,"JPM,99674,166"
2019-06-28 13:50:40.000000000,BEST_ASK,"JPM,99675,100"
2019-06-28 13:50:40.000000000,BEST_BID,"JPM,99674,166"
2019-06-28 13:50:40.000000000,BEST_ASK,"JPM,99675,166"
2019-06-28 13:50:40.000000000,BEST_BID,"JPM,99674,166"
2019-06-28 13:50:40.000000000,BEST_ASK,"JPM,99675,166"
2019-06-28 13:50:40.000000000,BEST_BID,"JPM,99674,166"
2019-06-28 13:50:40.000000000,BEST_ASK,"JPM,99675,166"
2019-06-28 13:50:40.000000000,BEST_BID,"JPM,99674,166"
2019-06-28 13:50:40.000000000,BEST_ASK,"JPM,99675,166"
2019-06-28 13:50:40.000000000,BEST_BID,"JPM,99674,166"
2019-06-28 13:50:40.000000000,BEST_ASK,"JPM,99675,166"
2019-06-28 13:50:50.000000000,QUERY_SPREAD,1
2019-06-28 13:50:50.000000000,BEST_BID,"JPM,99674,428"
2019-06-28 13:50:50.000000000,BEST_ASK,"JPM,99675,100"
2019-06-28 13:50:50.000000000,BEST_BID,"JPM,99674,428"
2019-06-28 13:50:50.000000000,BEST_ASK,"JPM,99675,428"
2019-06-28 13:51:00.000000000,QUERY_SPREAD,1
2019-06-28 13:51:00.000000000,BEST_BID,"JPM,99674,182"
2019-06-28 13:51:00.000000000,BEST_ASK,"JPM,99675,100"
2019-06-28 13:51:00.000000000,BEST_BID,"JPM,99674,182"
2019-06-28 13:51:00.000000000,BEST_ASK,"JPM,99675,100"
2019-06-28 13:51:00.000000000,BEST_BID,"JPM,99674,182"
2019-06-28 13:51:00.000000000,BEST_ASK,"JPM,99675,100"
2019-06-28 13:51:00.000000000,BEST_BID,"JPM,99674,182"
2019-06-28 13:51:00.000000000,BEST_ASK,"JPM,99675,100"
2019-06-28 13:51:00.000000000,BEST_BID,"JPM,99674,182"
2019-06-28 13:51:00.000000000,BEST_ASK,"JPM,99675,182"
2019-06-28 13:51:00.000000000,BEST_BID,"JPM,99674,182"
2019-06-28 13:51:00.000000000,BEST_ASK,"JPM,99675,182"
2019-06-28 13:51:00.000000000,BEST_BID,"JPM,99674,182"
2019-06-28 13:51:00.000000000,BEST_ASK,"JPM,99675,182"
2019-06-28 13:51:00.000000000,BEST_BID,"JPM,99674,182"
2019-06-28 13:51:00.000000000,BEST_ASK,"JPM,99675,182"
2019-06-28 13:51:00.000000000,QUERY_SPREAD,77
2019-06-28 13:51:00.000000000,BEST_BID,"JPM,99674,178"
2019-06-28 13:51:00.000000000,BEST_ASK,"JPM,99675,182"
2019-06-28 13:51:00.000000000,LAST_TRADE,"4,$99674.0000"
2019-06-28 13:51:00.000000000,QUERY_SPREAD,78
2019-06-28 13:51:00.000000000,BEST_BID,"JPM,99674,170"
2019-06-28 13:51:00.000000000,BEST_ASK,"JPM,99675,182"
2019-06-28 13:51:00.000000000,LAST_TRADE,"8,$99674.0000"
2019-06-28 13:51:00.000000000,QUERY_SPREAD,79
2019-06-28 13:51:00.000000000,BEST_BID,"JPM,99674,169"
2019-06-28 13:51:00.000000000,BEST_ASK,"JPM,99675,182"
2019-06-28 13:51:00.000000000,LAST_TRADE,"1,$99674.0000"
2019-06-28 13:51:00.000000000,QUERY_SPREAD,80
2019-06-28 13:51:00.000000000,BEST_BID,"JPM,99674,164"
2019-06-28 13:51:00.000000000,BEST_ASK,"JPM,99675,182"
2019-06-28 13:51:00.000000000,LAST_TRADE,"5,$99674.0000"
2019-06-28 13:51:00.000000000,QUERY_SPREAD,81
2019-06-28 13:51:00.000000000,BEST_BID,"JPM,99674,159"
2019-06-28 13:51:00.000000000,BEST_ASK,"JPM,99675,182"
2019-06-28 13:51:00.000000000,LAST_TRADE,"5,$99674.0000"
2019-06-28 13:51:00.000000000,QUERY_SPREAD,82
2019-06-28 13:51:00.000000000,BEST_BID,"JPM,99674,153"
2019-06-28 13:51:00.000000000,BEST_ASK,"JPM,99675,182"
2019-06-28 13:51:00.000000000,LAST_TRADE,"6,$99674.0000"
2019-06-28 13:51:00.000000000,QUERY_SPREAD,83
2019-06-28 13:51:00.000000000,BEST_BID,"JPM,99674,149"
2019-06-28 13:51:00.000000000,BEST_ASK,"JPM,99675,182"
2019-06-28 13:51:00.000000000,LAST_TRADE,"4,$99674.0000"
2019-06-28 13:51:00.000000000,QUERY_SPREAD,84
2019-06-28 13:51:00.000000000,BEST_BID,"JPM,99674,144"
2019-06-28 13:51:00.000000000,BEST_ASK,"JPM,99675,182"
2019-06-28 13:51:00.000000000,LAST_TRADE,"5,$99674.0000"
2019-06-28 13:51:00.000000000,QUERY_SPREAD,85
2019-06-28 13:51:00.000000000,BEST_BID,"JPM,99674,139"
2019-06-28 13:51:00.000000000,BEST_ASK,"JPM,99675,182"
2019-06-28 13:51:00.000000000,LAST_TRADE,"5,$99674.0000"
2019-06-28 13:51:00.000000000,QUERY_SPREAD,86
2019-06-28 13:51:00.000000000,BEST_BID,"JPM,99674,130"
2019-06-28 13:51:00.000000000,BEST_ASK,"JPM,99675,182"
2019-06-28 13:51:00.000000000,LAST_TRADE,"9,$99674.0000"
2019-06-28 13:51:00.000000000,QUERY_SPREAD,87
2019-06-28 13:51:00.000000000,BEST_BID,"JPM,99674,128"
2019-06-28 13:51:00.000000000,BEST_ASK,"JPM,99675,182"
2019-06-28 13:51:00.000000000,LAST_TRADE,"2,$99674.0000"
2019-06-28 13:51:00.000000000,QUERY_SPREAD,88
2019-06-28 13:51:00.000000000,BEST_BID,"JPM,99674,120"
2019-06-28 13:51:00.000000000,BEST_ASK,"JPM,99675,182"
2019-06-28 13:51:00.000000000,LAST_TRADE,"8,$99674.0000"
2019-06-28 13:51:00.000000000,QUERY_SPREAD,89
2019-06-28 13:51:00.000000000,BEST_BID,"JPM,99674,113"
2019-06-28 13:51:00.000000000,BEST_ASK,"JPM,99675,182"
2019-06-28 13:51:00.000000000,LAST_TRADE,"7,$99674.0000"
2019-06-28 13:51:00.000000000,QUERY_SPREAD,90
2019-06-28 13:51:00.000000000,BEST_BID,"JPM,99674,107"
2019-06-28 13:51:00.000000000,BEST_ASK,"JPM,99675,182"
2019-06-28 13:51:00.000000000,LAST_TRADE,"6,$99674.0000"
2019-06-28 13:51:00.000000000,QUERY_SPREAD,91
2019-06-28 13:51:00.000000000,BEST_BID,"JPM,99674,102"
2019-06-28 13:51:00.000000000,BEST_ASK,"JPM,99675,182"
2019-06-28 13:51:00.000000000,LAST_TRADE,"5,$99674.0000"
2019-06-28 13:51:00.000000000,QUERY_SPREAD,92
2019-06-28 13:51:00.000000000,BEST_BID,"JPM,99674,101"
2019-06-28 13:51:00.000000000,BEST_ASK,"JPM,99675,182"
2019-06-28 13:51:00.000000000,LAST_TRADE,"1,$99674.0000"
2019-06-28 13:51:00.000000000,QUERY_SPREAD,93
2019-06-28 13:51:00.000000000,BEST_BID,"JPM,99674,99"
2019-06-28 13:51:00.000000000,BEST_ASK,"JPM,99675,182"
2019-06-28 13:51:00.000000000,LAST_TRADE,"2,$99674.0000"
2019-06-28 13:51:00.000000000,QUERY_SPREAD,94
2019-06-28 13:51:00.000000000,BEST_BID,"JPM,99674,97"
2019-06-28 13:51:00.000000000,BEST_ASK,"JPM,99675,182"
2019-06-28 13:51:00.000000000,LAST_TRADE,"2,$99674.0000"
2019-06-28 13:51:00.000000000,QUERY_SPREAD,95
2019-06-28 13:51:00.000000000,BEST_BID,"JPM,99674,90"
2019-06-28 13:51:00.000000000,BEST_ASK,"JPM,99675,182"
2019-06-28 13:51:00.000000000,LAST_TRADE,"7,$99674.0000"
2019-06-28 13:51:00.000000000,QUERY_SPREAD,96
2019-06-28 13:51:00.000000000,BEST_BID,"JPM,99674,83"
2019-06-28 13:51:00.000000000,BEST_ASK,"JPM,99675,182"
2019-06-28 13:51:00.000000000,LAST_TRADE,"7,$99674.0000"
2019-06-28 13:51:00.000000000,QUERY_SPREAD,97
2019-06-28 13:51:00.000000000,BEST_BID,"JPM,99674,77"
2019-06-28 13:51:00.000000000,BEST_ASK,"JPM,99675,182"
2019-06-28 13:51:00.000000000,LAST_TRADE,"6,$99674.0000"
2019-06-28 13:51:00.000000000,QUERY_SPREAD,98
2019-06-28 13:51:00.000000000,BEST_BID,"JPM,99674,73"
2019-06-28 13:51:00.000000000,BEST_ASK,"JPM,99675,182"
2019-06-28 13:51:00.000000000,LAST_TRADE,"4,$99674.0000"
2019-06-28 13:51:00.000000000,QUERY_SPREAD,99
2019-06-28 13:51:00.000000000,BEST_BID,"JPM,99674,71"
2019-06-28 13:51:00.000000000,BEST_ASK,"JPM,99675,182"
2019-06-28 13:51:00.000000000,LAST_TRADE,"2,$99674.0000"
2019-06-28 13:51:00.000000000,QUERY_SPREAD,100
2019-06-28 13:51:00.000000000,BEST_BID,"JPM,99674,65"
2019-06-28 13:51:00.000000000,BEST_ASK,"JPM,99675,182"
2019-06-28 13:51:00.000000000,LAST_TRADE,"6,$99674.0000"
2019-06-28 13:51:00.000000000,QUERY_SPREAD,101
2019-06-28 13:51:00.000000000,QUERY_ORDER_STREAM,101
2019-06-28 13:51:03.253968390,QUERY_ORDER_STREAM,57
2019-06-28 13:51:03.253968390,QUERY_SPREAD,57
2019-06-28 13:51:03.253968390,BEST_BID,"JPM,99674,165"
2019-06-28 13:51:03.253968390,BEST_ASK,"JPM,99675,182"
2019-06-28 13:51:10.000000000,QUERY_SPREAD,1
2019-06-28 13:51:10.000000000,BEST_BID,"JPM,99674,182"
2019-06-28 13:51:10.000000000,BEST_ASK,"JPM,99675,100"
2019-06-28 13:51:10.000000000,BEST_BID,"JPM,99674,182"
2019-06-28 13:51:10.000000000,BEST_ASK,"JPM,99675,100"
2019-06-28 13:51:10.000000000,BEST_BID,"JPM,99674,182"
2019-06-28 13:51:10.000000000,BEST_ASK,"JPM,99675,100"
2019-06-28 13:51:10.000000000,BEST_BID,"JPM,99674,182"
2019-06-28 13:51:10.000000000,BEST_ASK,"JPM,99675,100"
2019-06-28 13:51:10.000000000,BEST_BID,"JPM,99674,182"
2019-06-28 13:51:10.000000000,BEST_ASK,"JPM,99675,182"
2019-06-28 13:51:10.000000000,BEST_BID,"JPM,99674,182"
2019-06-28 13:51:10.000000000,BEST_ASK,"JPM,99675,182"
2019-06-28 13:51:10.000000000,BEST_BID,"JPM,99674,182"
2019-06-28 13:51:10.000000000,BEST_ASK,"JPM,99675,182"
2019-06-28 13:51:10.000000000,BEST_BID,"JPM,99674,182"
2019-06-28 13:51:10.000000000,BEST_ASK,"JPM,99675,182"
2019-06-28 13:51:13.075356555,QUERY_ORDER_STREAM,61
2019-06-28 13:51:13.075356555,QUERY_SPREAD,61
2019-06-28 13:51:13.075356555,BEST_BID,"JPM,99674,282"
2019-06-28 13:51:13.075356555,BEST_ASK,"JPM,99675,182"
2019-06-28 13:51:14.823933960,QUERY_ORDER_STREAM,59
2019-06-28 13:51:14.823933960,QUERY_SPREAD,59
2019-06-28 13:51:14.823933960,BEST_BID,"JPM,99674,382"
2019-06-28 13:51:14.823933960,BEST_ASK,"JPM,99675,182"
2019-06-28 13:51:20.000000000,QUERY_SPREAD,1
2019-06-28 13:51:20.000000000,BEST_BID,"JPM,99674,382"
2019-06-28 13:51:20.000000000,BEST_ASK,"JPM,99675,100"
2019-06-28 13:51:20.000000000,BEST_BID,"JPM,99674,382"
2019-06-28 13:51:20.000000000,BEST_ASK,"JPM,99675,100"
2019-06-28 13:51:20.000000000,BEST_BID,"JPM,99674,382"
2019-06-28 13:51:20.000000000,BEST_ASK,"JPM,99675,100"
2019-06-28 13:51:20.000000000,BEST_BID,"JPM,99674,382"
2019-06-28 13:51:20.000000000,BEST_ASK,"JPM,99675,100"
2019-06-28 13:51:20.000000000,BEST_BID,"JPM,99674,382"
2019-06-28 13:51:20.000000000,BEST_ASK,"JPM,99675,182"
2019-06-28 13:51:20.000000000,BEST_BID,"JPM,99674,382"
2019-06-28 13:51:20.000000000,BEST_ASK,"JPM,99675,182"
2019-06-28 13:51:20.000000000,BEST_BID,"JPM,99674,382"
2019-06-28 13:51:20.000000000,BEST_ASK,"JPM,99675,182"
2019-06-28 13:51:20.000000000,BEST_BID,"JPM,99674,382"
2019-06-28 13:51:20.000000000,BEST_ASK,"JPM,99675,182"
2019-06-28 13:51:26.635930696,QUERY_ORDER_STREAM,67
2019-06-28 13:51:26.635930696,QUERY_SPREAD,67
2019-06-28 13:51:26.635930696,BEST_BID,"JPM,99674,482"
2019-06-28 13:51:26.635930696,BEST_ASK,"JPM,99675,182"
2019-06-28 13:51:28.224118690,QUERY_SPREAD,6
2019-06-28 13:51:28.224118690,BEST_BID,"JPM,99674,482"
2019-06-28 13:51:28.224118690,BEST_ASK,"JPM,99675,82"
2019-06-28 13:51:28.224118690,LAST_TRADE,"100,$99675.0000"
2019-06-28 13:51:30.000000000,QUERY_SPREAD,1
2019-06-28 13:51:30.000000000,BEST_BID,"JPM,99674,564"
2019-06-28 13:51:30.000000000,BEST_ASK,"JPM,99676,43"
2019-06-28 13:51:30.000000000,BEST_BID,"JPM,99674,564"
2019-06-28 13:51:30.000000000,BEST_ASK,"JPM,99676,43"
2019-06-28 13:51:30.000000000,BEST_BID,"JPM,99674,564"
2019-06-28 13:51:30.000000000,BEST_ASK,"JPM,99676,207"
2019-06-28 13:51:30.000000000,BEST_BID,"JPM,99674,564"
2019-06-28 13:51:30.000000000,BEST_ASK,"JPM,99676,207"
2019-06-28 13:51:40.000000000,QUERY_SPREAD,1
2019-06-28 13:51:40.000000000,BEST_BID,"JPM,99674,512"
2019-06-28 13:51:40.000000000,BEST_ASK,"JPM,99676,43"
2019-06-28 13:51:40.000000000,BEST_BID,"JPM,99674,512"
2019-06-28 13:51:40.000000000,BEST_ASK,"JPM,99676,43"
2019-06-28 13:51:40.000000000,BEST_BID,"JPM,99674,512"
2019-06-28 13:51:40.000000000,BEST_ASK,"JPM,99676,43"
2019-06-28 13:51:40.000000000,BEST_BID,"JPM,99674,512"
2019-06-28 13:51:40.000000000,BEST_ASK,"JPM,99676,155"
2019-06-28 13:51:40.000000000,BEST_BID,"JPM,99674,512"
2019-06-28 13:51:40.000000000,BEST_ASK,"JPM,99676,155"
2019-06-28 13:51:40.000000000,BEST_BID,"JPM,99674,512"
2019-06-28 13:51:40.000000000,BEST_ASK,"JPM,99676,155"
2019-06-28 13:51:45.962291758,QUERY_SPREAD,41
2019-06-28 13:51:45.962291758,BEST_BID,"JPM,99674,512"
2019-06-28 13:51:45.962291758,BEST_ASK,"JPM,99676,155"
2019-06-28 13:51:50.000000000,QUERY_SPREAD,1
2019-06-28 13:51:50.000000000,BEST_BID,"JPM,99674,564"
2019-06-28 13:51:50.000000000,BEST_ASK,"JPM,99676,43"
2019-06-28 13:51:50.000000000,BEST_BID,"JPM,99674,564"
2019-06-28 13:51:50.000000000,BEST_ASK,"JPM,99676,43"
2019-06-28 13:51:50.000000000,BEST_BID,"JPM,99674,564"
2019-06-28 13:51:50.000000000,BEST_ASK,"JPM,99676,207"
2019-06-28 13:51:50.000000000,BEST_BID,"JPM,99674,564"
2019-06-28 13:51:50.000000000,BEST_ASK,"JPM,99676,207"
2019-06-28 13:51:58.703221829,QUERY_SPREAD,40
2019-06-28 13:51:58.703221829,BEST_BID,"JPM,99674,464"
2019-06-28 13:51:58.703221829,BEST_ASK,"JPM,99676,207"
2019-06-28 13:51:58.703221829,LAST_TRADE,"100,$99674.0000"
2019-06-28 13:52:00.000000000,QUERY_SPREAD,1
2019-06-28 13:52:00.000000000,BEST_BID,"JPM,99674,628"
2019-06-28 13:52:00.000000000,BEST_ASK,"JPM,99676,43"
2019-06-28 13:52:00.000000000,BEST_BID,"JPM,99674,628"
2019-06-28 13:52:00.000000000,BEST_ASK,"JPM,99676,371"
2019-06-28 13:52:00.000000000,QUERY_SPREAD,77
2019-06-28 13:52:00.000000000,BEST_BID,"JPM,99674,624"
2019-06-28 13:52:00.000000000,BEST_ASK,"JPM,99676,371"
2019-06-28 13:52:00.000000000,LAST_TRADE,"4,$99674.0000"
2019-06-28 13:52:00.000000000,QUERY_SPREAD,78
2019-06-28 13:52:00.000000000,BEST_BID,"JPM,99674,616"
2019-06-28 13:52:00.000000000,BEST_ASK,"JPM,99676,371"
2019-06-28 13:52:00.000000000,LAST_TRADE,"8,$99674.0000"
2019-06-28 13:52:00.000000000,QUERY_SPREAD,79
2019-06-28 13:52:00.000000000,BEST_BID,"JPM,99674,615"
2019-06-28 13:52:00.000000000,BEST_ASK,"JPM,99676,371"
2019-06-28 13:52:00.000000000,LAST_TRADE,"1,$99674.0000"
2019-06-28 13:52:00.000000000,QUERY_SPREAD,80
2019-06-28 13:52:00.000000000,BEST_BID,"JPM,99674,610"
2019-06-28 13:52:00.000000000,BEST_ASK,"JPM,99676,371"
2019-06-28 13:52:00.000000000,LAST_TRADE,"5,$99674.0000"
2019-06-28 13:52:00.000000000,QUERY_SPREAD,81
2019-06-28 13:52:00.000000000,BEST_BID,"JPM,99674,605"
2019-06-28 13:52:00.000000000,BEST_ASK,"JPM,99676,371"
2019-06-28 13:52:00.000000000,LAST_TRADE,"5,$99674.0000"
2019-06-28 13:52:00.000000000,QUERY_SPREAD,82
2019-06-28 13:52:00.000000000,BEST_BID,"JPM,99674,599"
2019-06-28 13:52:00.000000000,BEST_ASK,"JPM,99676,371"
2019-06-28 13:52:00.000000000,LAST_TRADE,"6,$99674.0000"
2019-06-28 13:52:00.000000000,QUERY_SPREAD,83
2019-06-28 13:52:00.000000000,BEST_BID,"JPM,99674,595"
2019-06-28 13:52:00.000000000,BEST_ASK,"JPM,99676,371"
2019-06-28 13:52:00.000000000,LAST_TRADE,"4,$99674.0000"
2019-06-28 13:52:00.000000000,QUERY_SPREAD,84
2019-06-28 13:52:00.000000000,BEST_BID,"JPM,99674,590"
2019-06-28 13:52:00.000000000,BEST_ASK,"JPM,99676,371"
2019-06-28 13:52:00.000000000,LAST_TRADE,"5,$99674.0000"
2019-06-28 13:52:00.000000000,QUERY_SPREAD,85
2019-06-28 13:52:00.000000000,BEST_BID,"JPM,99674,585"
2019-06-28 13:52:00.000000000,BEST_ASK,"JPM,99676,371"
2019-06-28 13:52:00.000000000,LAST_TRADE,"5,$99674.0000"
2019-06-28 13:52:00.000000000,QUERY_SPREAD,86
2019-06-28 13:52:00.000000000,BEST_BID,"JPM,99674,576"
2019-06-28 13:52:00.000000000,BEST_ASK,"JPM,99676,371"
2019-06-28 13:52:00.000000000,LAST_TRADE,"9,$99674.0000"
2019-06-28 13:52:00.000000000,QUERY_SPREAD,87
2019-06-28 13:52:00.000000000,BEST_BID,"JPM,99674,574"
2019-06-28 13:52:00.000000000,BEST_ASK,"JPM,99676,371"
2019-06-28 13:52:00.000000000,LAST_TRADE,"2,$99674.0000"
2019-06-28 13:52:00.000000000,QUERY_SPREAD,88
2019-06-28 13:52:00.000000000,BEST_BID,"JPM,99674,566"
2019-06-28 13:52:00.000000000,BEST_ASK,"JPM,99676,371"
2019-06-28 13:52:00.000000000,LAST_TRADE,"8,$99674.0000"
2019-06-28 13:52:00.000000000,QUERY_SPREAD,89
2019-06-28 13:52:00.000000000,BEST_BID,"JPM,99674,559"
2019-06-28 13:52:00.000000000,BEST_ASK,"JPM,99676,371"
2019-06-28 13:52:00.000000000,LAST_TRADE,"7,$99674.0000"
2019-06-28 13:52:00.000000000,QUERY_SPREAD,90
2019-06-28 13:52:00.000000000,BEST_BID,"JPM,99674,553"
2019-06-28 13:52:00.000000000,BEST_ASK,"JPM,99676,371"
2019-06-28 13:52:00.000000000,LAST_TRADE,"6,$99674.0000"
2019-06-28 13:52:00.000000000,QUERY_SPREAD,91
2019-06-28 13:52:00.000000000,BEST_BID,"JPM,99674,548"
2019-06-28 13:52:00.000000000,BEST_ASK,"JPM,99676,371"
2019-06-28 13:52:00.000000000,LAST_TRADE,"5,$99674.0000"
2019-06-28 13:52:00.000000000,QUERY_SPREAD,92
2019-06-28 13:52:00.000000000,BEST_BID,"JPM,99674,547"
2019-06-28 13:52:00.000000000,BEST_ASK,"JPM,99676,371"
2019-06-28 13:52:00.000000000,LAST_TRADE,"1,$99674.0000"
2019-06-28 13:52:00.000000000,QUERY_SPREAD,93
2019-06-28 13:52:00.000000000,BEST_BID,"JPM,99674,545"
2019-06-28 13:52:00.000000000,BEST_ASK,"JPM,99676,371"
2019-06-28 13:52:00.000000000,LAST_TRADE,"2,$99674.0000"
2019-06-28 13:52:00.000000000,QUERY_SPREAD,94
2019-06-28 13:52:00.000000000,BEST_BID,"JPM,99674,543"
2019-06-28 13:52:00.000000000,BEST_ASK,"JPM,99676,371"
2019-06-28 13:52:00.000000000,LAST_TRADE,"2,$99674.0000"
2019-06-28 13:52:00.000000000,QUERY_SPREAD,95
2019-06-28 13:52:00.000000000,BEST_BID,"JPM,99674,536"
2019-06-28 13:52:00.000000000,BEST_ASK,"JPM,99676,371"
2019-06-28 13:52:00.000000000,LAST_TRADE,"7,$99674.0000"
2019-06-28 13:52:00.000000000,QUERY_SPREAD,96
2019-06-28 13:52:00.000000000,BEST_BID,"JPM,99674,529"
2019-06-28 13:52:00.000000000,BEST_ASK,"JPM,99676,371"
2019-06-28 13:52:00.000000000,LAST_TRADE,"7,$99674.0000"
2019-06-28 13:52:00.000000000,QUERY_SPREAD,97
2019-06-28 13:52:00.000000000,BEST_BID,"JPM,99674,523"
2019-06-28 13:52:00.000000000,BEST_ASK,"JPM,99676,371"
2019-06-28 13:52:00.000000000,LAST_TRADE,"6,$99674.0000"
2019-06-28 13:52:00.000000000,QUERY_SPREAD,98
2019-06-28 13:52:00.000000000,BEST_BID,"JPM,99674,519"
2019-06-28 13:52:00.000000000,BEST_ASK,"JPM,99676,371"
2019-06-28 13:52:00.000000000,LAST_TRADE,"4,$99674.0000"
2019-06-28 13:52:00.000000000,QUERY_SPREAD,99
2019-06-28 13:52:00.000000000,BEST_BID,"JPM,99674,517"
2019-06-28 13:52:00.000000000,BEST_ASK,"JPM,99676,371"
2019-06-28 13:52:00.000000000,LAST_TRADE,"2,$99674.0000"
2019-06-28 13:52:00.000000000,QUERY_SPREAD,100
2019-06-28 13:52:00.000000000,BEST_BID,"JPM,99674,511"
2019-06-28 13:52:00.000000000,BEST_ASK,"JPM,99676,371"
2019-06-28 13:52:00.000000000,LAST_TRADE,"6,$99674.0000"
2019-06-28 13:52:00.000000000,QUERY_SPREAD,101
2019-06-28 13:52:00.000000000,QUERY_ORDER_STREAM,101
2019-06-28 13:52:10.000000000,QUERY_SPREAD,1
2019-06-28 13:52:10.000000000,BEST_BID,"JPM,99674,295"
2019-06-28 13:52:10.000000000,BEST_ASK,"JPM,99676,43"
2019-06-28 13:52:10.000000000,BEST_BID,"JPM,99674,295"
2019-06-28 13:52:10.000000000,BEST_ASK,"JPM,99676,43"
2019-06-28 13:52:10.000000000,BEST_BID,"JPM,99674,295"
2019-06-28 13:52:10.000000000,BEST_ASK,"JPM,99676,43"
2019-06-28 13:52:10.000000000,BEST_BID,"JPM,99674,295"
2019-06-28 13:52:10.000000000,BEST_ASK,"JPM,99676,155"
2019-06-28 13:52:10.000000000,BEST_BID,"JPM,99674,295"
2019-06-28 13:52:10.000000000,BEST_ASK,"JPM,99676,155"
2019-06-28 13:52:10.000000000,BEST_BID,"JPM,99674,295"
2019-06-28 13:52:10.000000000,BEST_ASK,"JPM,99676,155"
2019-06-28 13:52:20.000000000,QUERY_SPREAD,1
2019-06-28 13:52:20.000000000,BEST_BID,"JPM,99674,295"
2019-06-28 13:52:20.000000000,BEST_ASK,"JPM,99676,43"
2019-06-28 13:52:20.000000000,BEST_BID,"JPM,99674,295"
2019-06-28 13:52:20.000000000,BEST_ASK,"JPM,99676,43"
2019-06-28 13:52:20.000000000,BEST_BID,"JPM,99674,295"
2019-06-28 13:52:20.000000000,BEST_ASK,"JPM,99676,43"
2019-06-28 13:52:20.000000000,BEST_BID,"JPM,99674,295"
2019-06-28 13:52:20.000000000,BEST_ASK,"JPM,99676,155"
2019-06-28 13:52:20.000000000,BEST_BID,"JPM,99674,295"
2019-06-28 13:52:20.000000000,BEST_ASK,"JPM,99676,155"
2019-06-28 13:52:20.000000000,BEST_BID,"JPM,99674,295"
2019-06-28 13:52:20.000000000,BEST_ASK,"JPM,99676,155"
2019-06-28 13:52:30.000000000,QUERY_SPREAD,1
2019-06-28 13:52:30.000000000,BEST_BID,"JPM,99674,249"
2019-06-28 13:52:30.000000000,BEST_ASK,"JPM,99676,43"
2019-06-28 13:52:30.000000000,BEST_BID,"JPM,99674,249"
2019-06-28 13:52:30.000000000,BEST_ASK,"JPM,99676,43"
2019-06-28 13:52:30.000000000,BEST_BID,"JPM,99674,249"
2019-06-28 13:52:30.000000000,BEST_ASK,"JPM,99676,43"
2019-06-28 13:52:30.000000000,BEST_BID,"JPM,99674,249"
2019-06-28 13:52:30.000000000,BEST_ASK,"JPM,99676,43"
2019-06-28 13:52:30.000000000,BEST_BID,"JPM,99674,249"
2019-06-28 13:52:30.000000000,BEST_ASK,"JPM,99676,43"
2019-06-28 13:52:30.000000000,BEST_BID,"JPM,99674,249"
2019-06-28 13:52:30.000000000,BEST_ASK,"JPM,99676,109"
2019-06-28 13:52:30.000000000,BEST_BID,"JPM,99674,249"
2019-06-28 13:52:30.000000000,BEST_ASK,"JPM,99676,109"
2019-06-28 13:52:30.000000000,BEST_BID,"JPM,99674,249"
2019-06-28 13:52:30.000000000,BEST_ASK,"JPM,99676,109"
2019-06-28 13:52:30.000000000,BEST_BID,"JPM,99674,249"
2019-06-28 13:52:30.000000000,BEST_ASK,"JPM,99676,109"
2019-06-28 13:52:30.000000000,BEST_BID,"JPM,99674,249"
2019-06-28 13:52:30.000000000,BEST_ASK,"JPM,99676,109"
2019-06-28 13:52:35.046547160,QUERY_SPREAD,28
2019-06-28 13:52:35.046547160,BEST_BID,"JPM,99674,249"
2019-06-28 13:52:35.046547160,BEST_ASK,"JPM,99676,109"
2019-06-28 13:52:36.103267679,QUERY_ORDER_STREAM,56
2019-06-28 13:52:36.103267679,QUERY_SPREAD,56
2019-06-28 13:52:36.103267679,BEST_BID,"JPM,99674,149"
2019-06-28 13:52:36.103267679,BEST_ASK,"JPM,99676,109"
2019-06-28 13:52:36.103267679,LAST_TRADE,"100,$99674.0000"
2019-06-28 13:52:40.000000000,QUERY_SPREAD,1
2019-06-28 13:52:40.000000000,BEST_BID,"JPM,99674,195"
2019-06-28 13:52:40.000000000,BEST_ASK,"JPM,99676,43"
2019-06-28 13:52:40.000000000,BEST_BID,"JPM,99674,195"
2019-06-28 13:52:40.000000000,BEST_ASK,"JPM,99676,43"
2019-06-28 13:52:40.000000000,BEST_BID,"JPM,99674,195"
2019-06-28 13:52:40.000000000,BEST_ASK,"JPM,99676,43"
2019-06-28 13:52:40.000000000,BEST_BID,"JPM,99674,195"
2019-06-28 13:52:40.000000000,BEST_ASK,"JPM,99676,155"
2019-06-28 13:52:40.000000000,BEST_BID,"JPM,99674,195"
2019-06-28 13:52:40.000000000,BEST_ASK,"JPM,99676,155"
2019-06-28 13:52:40.000000000,BEST_BID,"JPM,99674,195"
2019-06-28 13:52:40.000000000,BEST_ASK,"JPM,99676,155"
2019-06-28 13:52:50.000000000,QUERY_SPREAD,1
2019-06-28 13:52:50.000000000,BEST_BID,"JPM,99674,165"
2019-06-28 13:52:50.000000000,BEST_ASK,"JPM,99676,43"
2019-06-28 13:52:50.000000000,BEST_BID,"JPM,99674,165"
2019-06-28 13:52:50.000000000,BEST_ASK,"JPM,99676,43"
2019-06-28 13:52:50.000000000,BEST_BID,"JPM,99674,165"
2019-06-28 13:52:50.000000000,BEST_ASK,"JPM,99676,43"
2019-06-28 13:52:50.000000000,BEST_BID,"JPM,99674,165"
2019-06-28 13:52:50.000000000,BEST_ASK,"JPM,99676,43"
2019-06-28 13:52:50.000000000,BEST_BID,"JPM,99674,165"
2019-06-28 13:52:50.000000000,BEST_ASK,"JPM,99676,125"
2019-06-28 13:52:50.000000000,BEST_BID,"JPM,99674,165"
2019-06-28 13:52:50.000000000,BEST_ASK,"JPM,99676,125"
2019-06-28 13:52:50.000000000,BEST_BID,"JPM,99674,165"
2019-06-28 13:52:50.000000000,BEST_ASK,"JPM,99676,125"
2019-06-28 13:52:50.000000000,BEST_BID,"JPM,99674,165"
2019-06-28 13:52:50.000000000,BEST_ASK,"JPM,99676,125"
2019-06-28 13:53:00.000000000,QUERY_SPREAD,1
2019-06-28 13:53:00.000000000,BEST_BID,"JPM,99674,195"
2019-06-28 13:53:00.000000000,BEST_ASK,"JPM,99676,43"
2019-06-28 13:53:00.000000000,BEST_BID,"JPM,99674,195"
2019-06-28 13:53:00.000000000,BEST_ASK,"JPM,99676,43"
2019-06-28 13:53:00.000000000,BEST_BID,"JPM,99674,195"
2019-06-28 13:53:00.000000000,BEST_ASK,"JPM,99676,43"
2019-06-28 13:53:00.000000000,BEST_BID,"JPM,99674,195"
2019-06-28 13:53:00.000000000,BEST_ASK,"JPM,99676,155"
2019-06-28 13:53:00.000000000,BEST_BID,"JPM,99674,195"
2019-06-28 13:53:00.000000000,BEST_ASK,"JPM,99676,155"
2019-06-28 13:53:00.000000000,BEST_BID,"JPM,99674,195"
2019-06-28 13:53:00.000000000,BEST_ASK,"JPM,99676,155"
2019-06-28 13:53:00.000000000,QUERY_SPREAD,77
2019-06-28 13:53:00.000000000,BEST_BID,"JPM,99674,191"
2019-06-28 13:53:00.000000000,BEST_ASK,"JPM,99676,155"
2019-06-28 13:53:00.000000000,LAST_TRADE,"4,$99674.0000"
2019-06-28 13:53:00.000000000,QUERY_SPREAD,78
2019-06-28 13:53:00.000000000,BEST_BID,"JPM,99674,183"
2019-06-28 13:53:00.000000000,BEST_ASK,"JPM,99676,155"
2019-06-28 13:53:00.000000000,LAST_TRADE,"8,$99674.0000"
2019-06-28 13:53:00.000000000,QUERY_SPREAD,79
2019-06-28 13:53:00.000000000,BEST_BID,"JPM,99674,182"
2019-06-28 13:53:00.000000000,BEST_ASK,"JPM,99676,155"
2019-06-28 13:53:00.000000000,LAST_TRADE,"1,$99674.0000"
2019-06-28 13:53:00.000000000,QUERY_SPREAD,80
2019-06-28 13:53:00.000000000,BEST_BID,"JPM,99674,177"
2019-06-28 13:53:00.000000000,BEST_ASK,"JPM,99676,155"
2019-06-28 13:53:00.000000000,LAST_TRADE,"5,$99674.0000"
2019-06-28 13:53:00.000000000,QUERY_SPREAD,81
2019-06-28 13:53:00.000000000,BEST_BID,"JPM,99674,172"
2019-06-28 13:53:00.000000000,BEST_ASK,"JPM,99676,155"
2019-06-28 13:53:00.000000000,LAST_TRADE,"5,$99674.0000"
2019-06-28 13:53:00.000000000,QUERY_SPREAD,82
2019-06-28 13:53:00.000000000,BEST_BID,"JPM,99674,166"
2019-06-28 13:53:00.000000000,BEST_ASK,"JPM,99676,155"
2019-06-28 13:53:00.000000000,LAST_TRADE,"6,$99674.0000"
2019-06-28 13:53:00.000000000,QUERY_SPREAD,83
2019-06-28 13:53:00.000000000,BEST_BID,"JPM,99674,162"
2019-06-28 13:53:00.000000000,BEST_ASK,"JPM,99676,155"
2019-06-28 13:53:00.000000000,LAST_TRADE,"4,$99674.0000"
2019-06-28 13:53:00.000000000,QUERY_SPREAD,84
2019-06-28 13:53:00.000000000,BEST_BID,"JPM,99674,157"
2019-06-28 13:53:00.000000000,BEST_ASK,"JPM,99676,155"
2019-06-28 13:53:00.000000000,LAST_TRADE,"5,$99674.0000"
2019-06-28 13:53:00.000000000,QUERY_SPREAD,85
2019-06-28 13:53:00.000000000,BEST_BID,"JPM,99674,152"
2019-06-28 13:53:00.000000000,BEST_ASK,"JPM,99676,155"
2019-06-28 13:53:00.000000000,LAST_TRADE,"5,$99674.0000"
2019-06-28 13:53:00.000000000,QUERY_SPREAD,86
2019-06-28 13:53:00.000000000,BEST_BID,"JPM,99674,143"
2019-06-28 13:53:00.000000000,BEST_ASK,"JPM,99676,155"
2019-06-28 13:53:00.000000000,LAST_TRADE,"9,$99674.0000"
2019-06-28 13:53:00.000000000,QUERY_SPREAD,87
2019-06-28 13:53:00.000000000,BEST_BID,"JPM,99674,141"
2019-06-28 13:53:00.000000000,BEST_ASK,"JPM,99676,155"
2019-06-28 13:53:00.000000000,LAST_TRADE,"2,$99674.0000"
2019-06-28 13:53:00.000000000,QUERY_SPREAD,88
2019-06-28 13:53:00.000000000,BEST_BID,"JPM,99674,133"
2019-06-28 13:53:00.000000000,BEST_ASK,"JPM,99676,155"
2019-06-28 13:53:00.000000000,LAST_TRADE,"8,$99674.0000"
2019-06-28 13:53:00.000000000,QUERY_SPREAD,89
2019-06-28 13:53:00.000000000,BEST_BID,"JPM,99674,126"
2019-06-28 13:53:00.000000000,BEST_ASK,"JPM,99676,155"
2019-06-28 13:53:00.000000000,LAST_TRADE,"7,$99674.0000"
2019-06-28 13:53:00.000000000,QUERY_SPREAD,90
2019-06-28 13:53:00.000000000,BEST_BID,"JPM,99674,120"
2019-06-28 13:53:00.000000000,BEST_ASK,"JPM,99676,155"
2019-06-28 13:53:00.000000000,LAST_TRADE,"6,$99674.0000"
2019-06-28 13:53:00.000000000,QUERY_SPREAD,91
2019-06-28 13:53:00.000000000,BEST_BID,"JPM,99674,115"
2019-06-28 13:53:00.000000000,BEST_ASK,"JPM,99676,155"
2019-06-28 13:53:00.000000000,LAST_TRADE,"5,$99674.0000"
2019-06-28 13:53:00.000000000,QUERY_SPREAD,92
2019-06-28 13:53:00.000000000,BEST_BID,"JPM,99674,114"
2019-06-28 13:53:00.000000000,BEST_ASK,"JPM,99676,155"
2019-06-28 13:53:00.000000000,LAST_TRADE,"1,$99674.0000"
2019-06-28 13:53:00.000000000,QUERY_SPREAD,93
2019-06-28 13:53:00.000000000,BEST_BID,"JPM,99674,112"
2019-06-28 13:53:00.000000000,BEST_ASK,"JPM,99676,155"
2019-06-28 13:53:00.000000000,LAST_TRADE,"2,$99674.0000"
2019-06-28 13:53:00.000000000,QUERY_SPREAD,94
2019-06-28 13:53:00.000000000,BEST_BID,"JPM,99674,110"
2019-06-28 13:53:00.000000000,BEST_ASK,"JPM,99676,155"
2019-06-28 13:53:00.000000000,LAST_TRADE,"2,$99674.0000"
2019-06-28 13:53:00.000000000,QUERY_SPREAD,95
2019-06-28 13:53:00.000000000,BEST_BID,"JPM,99674,103"
2019-06-28 13:53:00.000000000,BEST_ASK,"JPM,99676,155"
2019-06-28 13:53:00.000000000,LAST_TRADE,"7,$99674.0000"
2019-06-28 13:53:00.000000000,QUERY_SPREAD,96
2019-06-28 13:53:00.000000000,BEST_BID,"JPM,99674,96"
2019-06-28 13:53:00.000000000,BEST_ASK,"JPM,99676,155"
2019-06-28 13:53:00.000000000,LAST_TRADE,"7,$99674.0000"
2019-06-28 13:53:00.000000000,QUERY_SPREAD,97
2019-06-28 13:53:00.000000000,BEST_BID,"JPM,99674,90"
2019-06-28 13:53:00.000000000,BEST_ASK,"JPM,99676,155"
2019-06-28 13:53:00.000000000,LAST_TRADE,"6,$99674.0000"
2019-06-28 13:53:00.000000000,QUERY_SPREAD,98
2019-06-28 13:53:00.000000000,BEST_BID,"JPM,99674,86"
2019-06-28 13:53:00.000000000,BEST_ASK,"JPM,99676,155"
2019-06-28 13:53:00.000000000,LAST_TRADE,"4,$99674.0000"
2019-06-28 13:53:00.000000000,QUERY_SPREAD,99
2019-06-28 13:53:00.000000000,BEST_BID,"JPM,99674,84"
2019-06-28 13:53:00.000000000,BEST_ASK,"JPM,99676,155"
2019-06-28 13:53:00.000000000,LAST_TRADE,"2,$99674.0000"
2019-06-28 13:53:00.000000000,QUERY_SPREAD,100
2019-06-28 13:53:00.000000000,BEST_BID,"JPM,99674,78"
2019-06-28 13:53:00.000000000,BEST_ASK,"JPM,99676,155"
2019-06-28 13:53:00.000000000,LAST_TRADE,"6,$99674.0000"
2019-06-28 13:53:00.000000000,QUERY_SPREAD,101
2019-06-28 13:53:00.000000000,QUERY_ORDER_STREAM,101
2019-06-28 13:53:09.490410995,QUERY_SPREAD,4
2019-06-28 13:53:09.490410995,BEST_BID,"JPM,99674,78"
2019-06-28 13:53:09.490410995,BEST_ASK,"JPM,99676,55"
2019-06-28 13:53:09.490410995,LAST_TRADE,"100,$99676.0000"
2019-06-28 13:53:10.000000000,QUERY_SPREAD,1
2019-06-28 13:53:10.000000000,BEST_BID,"JPM,99571,264"
2019-06-28 13:53:10.000000000,BEST_ASK,"JPM,99680,100"
2019-06-28 13:53:10.000000000,BEST_BID,"JPM,99571,264"
2019-06-28 13:53:10.000000000,BEST_ASK,"JPM,99680,100"
2019-06-28 13:53:10.000000000,BEST_BID,"JPM,99571,264"
2019-06-28 13:53:10.000000000,BEST_ASK,"JPM,99680,264"
2019-06-28 13:53:10.000000000,BEST_BID,"JPM,99571,264"
2019-06-28 13:53:10.000000000,BEST_ASK,"JPM,99680,264"
2019-06-28 13:53:20.000000000,QUERY_SPREAD,1
2019-06-28 13:53:20.000000000,BEST_BID,"JPM,99571,264"
2019-06-28 13:53:20.000000000,BEST_ASK,"JPM,99680,100"
2019-06-28 13:53:20.000000000,BEST_BID,"JPM,99571,264"
2019-06-28 13:53:20.000000000,BEST_ASK,"JPM,99680,100"
2019-06-28 13:53:20.000000000,BEST_BID,"JPM,99571,264"
2019-06-28 13:53:20.000000000,BEST_ASK,"JPM,99680,264"
2019-06-28 13:53:20.000000000,BEST_BID,"JPM,99571,264"
2019-06-28 13:53:20.000000000,BEST_ASK,"JPM,99680,264"
2019-06-28 13:53:30.000000000,QUERY_SPREAD,1
2019-06-28 13:53:30.000000000,BEST_BID,"JPM,99571,182"
2019-06-28 13:53:30.000000000,BEST_ASK,"JPM,99680,100"
2019-06-28 13:53:30.000000000,BEST_BID,"JPM,99571,182"
2019-06-28 13:53:30.000000000,BEST_ASK,"JPM,99680,100"
2019-06-28 13:53:30.000000000,BEST_BID,"JPM,99571,182"
2019-06-28 13:53:30.000000000,BEST_ASK,"JPM,99680,100"
2019-06-28 13:53:30.000000000,BEST_BID,"JPM,99571,182"
2019-06-28 13:53:30.000000000,BEST_ASK,"JPM,99680,100"
2019-06-28 13:53:30.000000000,BEST_BID,"JPM,99571,182"
2019-06-28 13:53:30.000000000,BEST_ASK,"JPM,99680,182"
2019-06-28 13:53:30.000000000,BEST_BID,"JPM,99571,182"
2019-06-28 13:53:30.000000000,BEST_ASK,"JPM,99680,182"
2019-06-28 13:53:30.000000000,BEST_BID,"JPM,99571,182"
2019-06-28 13:53:30.000000000,BEST_ASK,"JPM,99680,182"
2019-06-28 13:53:30.000000000,BEST_BID,"JPM,99571,182"
2019-06-28 13:53:30.000000000,BEST_ASK,"JPM,99680,182"
2019-06-28 13:53:38.998734783,QUERY_SPREAD,36
2019-06-28 13:53:38.998734783,BEST_BID,"JPM,99571,182"
2019-06-28 13:53:38.998734783,BEST_ASK,"JPM,99680,182"
2019-06-28 13:53:40.000000000,QUERY_SPREAD,1
2019-06-28 13:53:40.000000000,BEST_BID,"JPM,99571,182"
2019-06-28 13:53:40.000000000,BEST_ASK,"JPM,99680,100"
2019-06-28 13:53:40.000000000,BEST_BID,"JPM,99571,182"
2019-06-28 13:53:40.000000000,BEST_ASK,"JPM,99680,100"
2019-06-28 13:53:40.000000000,BEST_BID,"JPM,99571,182"
2019-06-28 13:53:40.000000000,BEST_ASK,"JPM,99680,100"
2019-06-28 13:53:40.000000000,BEST_BID,"JPM,99571,182"
2019-06-28 13:53:40.000000000,BEST_ASK,"JPM,99680,100"
2019-06-28 13:53:40.000000000,BEST_BID,"JPM,99571,182"
2019-06-28 13:53:40.000000000,BEST_ASK,"JPM,99680,182"
2019-06-28 13:53:40.000000000,BEST_BID,"JPM,99571,182"
2019-06-28 13:53:40.000000000,BEST_ASK,"JPM,99680,182"
2019-06-28 13:53:40.000000000,BEST_BID,"JPM,99571,182"
2019-06-28 13:53:40.000000000,BEST_ASK,"JPM,99680,182"
2019-06-28 13:53:40.000000000,BEST_BID,"JPM,99571,182"
2019-06-28 13:53:40.000000000,BEST_ASK,"JPM,99680,182"
2019-06-28 13:53:47.595929814,QUERY_ORDER_STREAM,74
2019-06-28 13:53:47.595929814,QUERY_SPREAD,74
2019-06-28 13:53:47.879553680,QUERY_ORDER_STREAM,63
2019-06-28 13:53:47.879553680,QUERY_SPREAD,63
2019-06-28 13:53:47.879553680,BEST_BID,"JPM,99674,100"
2019-06-28 13:53:47.879553680,BEST_ASK,"JPM,99680,182"
2019-06-28 13:53:50.000000000,QUERY_SPREAD,1
2019-06-28 13:53:50.000000000,BEST_BID,"JPM,99674,212"
2019-06-28 13:53:50.000000000,BEST_ASK,"JPM,99680,100"
2019-06-28 13:53:50.000000000,BEST_BID,"JPM,99674,212"
2019-06-28 13:53:50.000000000,BEST_ASK,"JPM,99680,100"
2019-06-28 13:53:50.000000000,BEST_BID,"JPM,99674,212"
2019-06-28 13:53:50.000000000,BEST_ASK,"JPM,99680,100"
2019-06-28 13:53:50.000000000,BEST_BID,"JPM,99674,212"
2019-06-28 13:53:50.000000000,BEST_ASK,"JPM,99680,212"
2019-06-28 13:53:50.000000000,BEST_BID,"JPM,99674,212"
2019-06-28 13:53:50.000000000,BEST_ASK,"JPM,99680,212"
2019-06-28 13:53:50.000000000,BEST_BID,"JPM,99674,212"
2019-06-28 13:53:50.000000000,BEST_ASK,"JPM,99680,212"
2019-06-28 13:53:56.613785005,QUERY_SPREAD,9
2019-06-28 13:53:56.613785005,BEST_BID,"JPM,99674,212"
2019-06-28 13:53:56.613785005,BEST_ASK,"JPM,99680,212"
2019-06-28 13:54:00.000000000,QUERY_SPREAD,1
2019-06-28 13:54:00.000000000,BEST_BID,"JPM,99674,428"
2019-06-28 13:54:00.000000000,BEST_ASK,"JPM,99680,100"
2019-06-28 13:54:00.000000000,BEST_BID,"JPM,99674,428"
2019-06-28 13:54:00.000000000,BEST_ASK,"JPM,99680,428"
2019-06-28 13:54:00.000000000,QUERY_SPREAD,77
2019-06-28 13:54:00.000000000,BEST_BID,"JPM,99674,424"
2019-06-28 13:54:00.000000000,BEST_ASK,"JPM,99680,428"
2019-06-28 13:54:00.000000000,LAST_TRADE,"4,$99674.0000"
2019-06-28 13:54:00.000000000,QUERY_SPREAD,78
2019-06-28 13:54:00.000000000,BEST_BID,"JPM,99674,416"
2019-06-28 13:54:00.000000000,BEST_ASK,"JPM,99680,428"
2019-06-28 13:54:00.000000000,LAST_TRADE,"8,$99674.0000"
2019-06-28 13:54:00.000000000,QUERY_SPREAD,79
2019-06-28 13:54:00.000000000,BEST_BID,"JPM,99674,415"
2019-06-28 13:54:00.000000000,BEST_ASK,"JPM,99680,428"
2019-06-28 13:54:00.000000000,LAST_TRADE,"1,$99674.0000"
2019-06-28 13:54:00.000000000,QUERY_SPREAD,80
2019-06-28 13:54:00.000000000,BEST_BID,"JPM,99674,410"
2019-06-28 13:54:00.000000000,BEST_ASK,"JPM,99680,428"
2019-06-28 13:54:00.000000000,LAST_TRADE,"5,$99674.0000"
2019-06-28 13:54:00.000000000,QUERY_SPREAD,81
2019-06-28 13:54:00.000000000,BEST_BID,"JPM,99674,405"
2019-06-28 13:54:00.000000000,BEST_ASK,"JPM,99680,428"
2019-06-28 13:54:00.000000000,LAST_TRADE,"5,$99674.0000"
2019-06-28 13:54:00.000000000,QUERY_SPREAD,82
2019-06-28 13:54:00.000000000,BEST_BID,"JPM,99674,399"
2019-06-28 13:54:00.000000000,BEST_ASK,"JPM,99680,428"
2019-06-28 13:54:00.000000000,LAST_TRADE,"6,$99674.0000"
2019-06-28 13:54:00.000000000,QUERY_SPREAD,83
2019-06-28 13:54:00.000000000,BEST_BID,"JPM,99674,395"
2019-06-28 13:54:00.000000000,BEST_ASK,"JPM,99680,428"
2019-06-28 13:54:00.000000000,LAST_TRADE,"4,$99674.0000"
2019-06-28 13:54:00.000000000,QUERY_SPREAD,84
2019-06-28 13:54:00.000000000,BEST_BID,"JPM,99674,390"
2019-06-28 13:54:00.000000000,BEST_ASK,"JPM,99680,428"
2019-06-28 13:54:00.000000000,LAST_TRADE,"5,$99674.0000"
2019-06-28 13:54:00.000000000,QUERY_SPREAD,85
2019-06-28 13:54:00.000000000,BEST_BID,"JPM,99674,385"
2019-06-28 13:54:00.000000000,BEST_ASK,"JPM,99680,428"
2019-06-28 13:54:00.000000000,LAST_TRADE,"5,$99674.0000"
2019-06-28 13:54:00.000000000,QUERY_SPREAD,86
2019-06-28 13:54:00.000000000,BEST_BID,"JPM,99674,376"
2019-06-28 13:54:00.000000000,BEST_ASK,"JPM,99680,428"
2019-06-28 13:54:00.000000000,LAST_TRADE,"9,$99674.0000"
2019-06-28 13:54:00.000000000,QUERY_SPREAD,87
2019-06-28 13:54:00.000000000,BEST_BID,"JPM,99674,374"
2019-06-28 13:54:00.000000000,BEST_ASK,"JPM,99680,428"
2019-06-28 13:54:00.000000000,LAST_TRADE,"2,$99674.0000"
2019-06-28 13:54:00.000000000,QUERY_SPREAD,88
2019-06-28 13:54:00.000000000,BEST_BID,"JPM,99674,366"
2019-06-28 13:54:00.000000000,BEST_ASK,"JPM,99680,428"
2019-06-28 13:54:00.000000000,LAST_TRADE,"8,$99674.0000"
2019-06-28 13:54:00.000000000,QUERY_SPREAD,89
2019-06-28 13:54:00.000000000,BEST_BID,"JPM,99674,359"
2019-06-28 13:54:00.000000000,BEST_ASK,"JPM,99680,428"
2019-06-28 13:54:00.000000000,LAST_TRADE,"7,$99674.0000"
2019-06-28 13:54:00.000000000,QUERY_SPREAD,90
2019-06-28 13:54:00.000000000,BEST_BID,"JPM,99674,353"
2019-06-28 13:54:00.000000000,BEST_ASK,"JPM,99680,428"
2019-06-28 13:54:00.000000000,LAST_TRADE,"6,$99674.0000"
2019-06-28 13:54:00.000000000,QUERY_SPREAD,91
2019-06-28 13:54:00.000000000,BEST_BID,"JPM,99674,348"
2019-06-28 13:54:00.000000000,BEST_ASK,"JPM,99680,428"
2019-06-28 13:54:00.000000000,LAST_TRADE,"5,$99674.0000"
2019-06-28 13:54:00.000000000,QUERY_SPREAD,92
2019-06-28 13:54:00.000000000,BEST_BID,"JPM,99674,347"
2019-06-28 13:54:00.000000000,BEST_ASK,"JPM,99680,428"
2019-06-28 13:54:00.000000000,LAST_TRADE,"1,$99674.0000"
2019-06-28 13:54:00.000000000,QUERY_SPREAD,93
2019-06-28 13:54:00.000000000,BEST_BID,"JPM,99674,345"
2019-06-28 13:54:00.000000000,BEST_ASK,"JPM,99680,428"
2019-06-28 13:54:00.000000000,LAST_TRADE,"2,$99674.0000"
2019-06-28 13:54:00.000000000,QUERY_SPREAD,94
2019-06-28 13:54:00.000000000,BEST_BID,"JPM,99674,343"
2019-06-28 13:54:00.000000000,BEST_ASK,"JPM,99680,428"
2019-06-28 13:54:00.000000000,LAST_TRADE,"2,$99674.0000"
2019-06-28 13:54:00.000000000,QUERY_SPREAD,95
2019-06-28 13:54:00.000000000,BEST_BID,"JPM,99674,336"
2019-06-28 13:54:00.000000000,BEST_ASK,"JPM,99680,428"
2019-06-28 13:54:00.000000000,LAST_TRADE,"7,$99674.0000"
2019-06-28 13:54:00.000000000,QUERY_SPREAD,96
2019-06-28 13:54:00.000000000,BEST_BID,"JPM,99674,329"
2019-06-28 13:54:00.000000000,BEST_ASK,"JPM,99680,428"
2019-06-28 13:54:00.000000000,LAST_TRADE,"7,$99674.0000"
2019-06-28 13:54:00.000000000,QUERY_SPREAD,97
2019-06-28 13:54:00.000000000,BEST_BID,"JPM,99674,323"
2019-06-28 13:54:00.000000000,BEST_ASK,"JPM,99680,428"
2019-06-28 13:54:00.000000000,LAST_TRADE,"6,$99674.0000"
2019-06-28 13:54:00.000000000,QUERY_SPREAD,98
2019-06-28 13:54:00.000000000,BEST_BID,"JPM,99674,319"
2019-06-28 13:54:00.000000000,BEST_ASK,"JPM,99680,428"
2019-06-28 13:54:00.000000000,LAST_TRADE,"4,$99674.0000"
2019-06-28 13:54:00.000000000,QUERY_SPREAD,99
2019-06-28 13:54:00.000000000,BEST_BID,"JPM,99674,317"
2019-06-28 13:54:00.000000000,BEST_ASK,"JPM,99680,428"
2019-06-28 13:54:00.000000000,LAST_TRADE,"2,$99674.0000"
2019-06-28 13:54:00.000000000,QUERY_SPREAD,100
2019-06-28 13:54:00.000000000,BEST_BID,"JPM,99674,311"
2019-06-28 13:54:00.000000000,BEST_ASK,"JPM,99680,428"
2019-06-28 13:54:00.000000000,LAST_TRADE,"6,$99674.0000"
2019-06-28 13:54:00.000000000,QUERY_SPREAD,101
2019-06-28 13:54:00.000000000,QUERY_ORDER_STREAM,101
2019-06-28 13:54:10.000000000,QUERY_SPREAD,1
2019-06-28 13:54:10.000000000,BEST_BID,"JPM,99571,212"
2019-06-28 13:54:10.000000000,BEST_ASK,"JPM,99680,100"
2019-06-28 13:54:10.000000000,BEST_BID,"JPM,99571,212"
2019-06-28 13:54:10.000000000,BEST_ASK,"JPM,99680,100"
2019-06-28 13:54:10.000000000,BEST_BID,"JPM,99571,212"
2019-06-28 13:54:10.000000000,BEST_ASK,"JPM,99680,100"
2019-06-28 13:54:10.000000000,BEST_BID,"JPM,99571,212"
2019-06-28 13:54:10.000000000,BEST_ASK,"JPM,99680,212"
2019-06-28 13:54:10.000000000,BEST_BID,"JPM,99571,212"
2019-06-28 13:54:10.000000000,BEST_ASK,"JPM,99680,212"
2019-06-28 13:54:10.000000000,BEST_BID,"JPM,99571,212"
2019-06-28 13:54:10.000000000,BEST_ASK,"JPM,99680,212"
2019-06-28 13:54:11.745985138,QUERY_ORDER_STREAM,67
2019-06-28 13:54:11.745985138,QUERY_SPREAD,67
2019-06-28 13:54:11.745985138,BEST_BID,"JPM,99674,100"
2019-06-28 13:54:11.745985138,BEST_ASK,"JPM,99680,212"
2019-06-28 13:54:18.306179940,QUERY_SPREAD,2
2019-06-28 13:54:18.306179940,BEST_BID,"JPM,99674,100"
2019-06-28 13:54:18.306179940,BEST_ASK,"JPM,99680,112"
2019-06-28 13:54:18.306179940,LAST_TRADE,"100,$99680.0000"
2019-06-28 13:54:20.000000000,QUERY_SPREAD,1
2019-06-28 13:54:20.000000000,BEST_BID,"JPM,99674,264"
2019-06-28 13:54:20.000000000,BEST_ASK,"JPM,99687,100"
2019-06-28 13:54:20.000000000,BEST_BID,"JPM,99674,264"
2019-06-28 13:54:20.000000000,BEST_ASK,"JPM,99687,100"
2019-06-28 13:54:20.000000000,BEST_BID,"JPM,99674,264"
2019-06-28 13:54:20.000000000,BEST_ASK,"JPM,99687,264"
2019-06-28 13:54:20.000000000,BEST_BID,"JPM,99674,264"
2019-06-28 13:54:20.000000000,BEST_ASK,"JPM,99687,264"
2019-06-28 13:54:22.445726954,QUERY_SPREAD,47
2019-06-28 13:54:22.445726954,BEST_BID,"JPM,99674,264"
2019-06-28 13:54:22.445726954,BEST_ASK,"JPM,99687,264"
2019-06-28 13:54:30.000000000,QUERY_SPREAD,1
2019-06-28 13:54:30.000000000,BEST_BID,"JPM,99674,166"
2019-06-28 13:54:30.000000000,BEST_ASK,"JPM,99687,100"
2019-06-28 13:54:30.000000000,BEST_BID,"JPM,99674,166"
2019-06-28 13:54:30.000000000,BEST_ASK,"JPM,99687,100"
2019-06-28 13:54:30.000000000,BEST_BID,"JPM,99674,166"
2019-06-28 13:54:30.000000000,BEST_ASK,"JPM,99687,100"
2019-06-28 13:54:30.000000000,BEST_BID,"JPM,99674,166"
2019-06-28 13:54:30.000000000,BEST_ASK,"JPM,99687,100"
2019-06-28 13:54:30.000000000,BEST_BID,"JPM,99674,166"
2019-06-28 13:54:30.000000000,BEST_ASK,"JPM,99687,100"
2019-06-28 13:54:30.000000000,BEST_BID,"JPM,99674,166"
2019-06-28 13:54:30.000000000,BEST_ASK,"JPM,99687,166"
2019-06-28 13:54:30.000000000,BEST_BID,"JPM,99674,166"
2019-06-28 13:54:30.000000000,BEST_ASK,"JPM,99687,166"
2019-06-28 13:54:30.000000000,BEST_BID,"JPM,99674,166"
2019-06-28 13:54:30.000000000,BEST_ASK,"JPM,99687,166"
2019-06-28 13:54:30.000000000,BEST_BID,"JPM,99674,166"
2019-06-28 13:54:30.000000000,BEST_ASK,"JPM,99687,166"
2019-06-28 13:54:30.000000000,BEST_BID,"JPM,99674,166"
2019-06-28 13:54:30.000000000,BEST_ASK,"JPM,99687,166"
2019-06-28 13:54:40.000000000,QUERY_SPREAD,1
2019-06-28 13:54:40.000000000,BEST_BID,"JPM,99674,212"
2019-06-28 13:54:40.000000000,BEST_ASK,"JPM,99687,100"
2019-06-28 13:54:40.000000000,BEST_BID,"JPM,99674,212"
2019-06-28 13:54:40.000000000,BEST_ASK,"JPM,99687,100"
2019-06-28 13:54:40.000000000,BEST_BID,"JPM,99674,212"
2019-06-28 13:54:40.000000000,BEST_ASK,"JPM,99687,100"
2019-06-28 13:54:40.000000000,BEST_BID,"JPM,99674,212"
2019-06-28 13:54:40.000000000,BEST_ASK,"JPM,99687,212"
2019-06-28 13:54:40.000000000,BEST_BID,"JPM,99674,212"
2019-06-28 13:54:40.000000000,BEST_ASK,"JPM,99687,212"
2019-06-28 13:54:40.000000000,BEST_BID,"JPM,99674,212"
2019-06-28 13:54:40.000000000,BEST_ASK,"JPM,99687,212"
2019-06-28 13:54:44.568988080,QUERY_SPREAD,12
2019-06-28 13:54:44.568988080,BEST_BID,"JPM,99674,212"
2019-06-28 13:54:44.568988080,BEST_ASK,"JPM,99687,112"
2019-06-28 13:54:44.568988080,LAST_TRADE,"100,$99687.0000"
2019-06-28 13:54:50.000000000,QUERY_SPREAD,1
2019-06-28 13:54:50.000000000,BEST_BID,"JPM,99674,428"
2019-06-28 13:54:50.000000000,BEST_ASK,"JPM,99802,100"
2019-06-28 13:54:50.000000000,BEST_BID,"JPM,99674,428"
2019-06-28 13:54:50.000000000,BEST_ASK,"JPM,99802,428"
2019-06-28 13:55:00.000000000,QUERY_SPREAD,1
2019-06-28 13:55:00.000000000,BEST_BID,"JPM,99674,264"
2019-06-28 13:55:00.000000000,BEST_ASK,"JPM,99802,100"
2019-06-28 13:55:00.000000000,BEST_BID,"JPM,99674,264"
2019-06-28 13:55:00.000000000,BEST_ASK,"JPM,99802,100"
2019-06-28 13:55:00.000000000,BEST_BID,"JPM,99674,264"
2019-06-28 13:55:00.000000000,BEST_ASK,"JPM,99802,264"
2019-06-28 13:55:00.000000000,BEST_BID,"JPM,99674,264"
2019-06-28 13:55:00.000000000,BEST_ASK,"JPM,99802,264"
2019-06-28 13:55:00.000000000,QUERY_SPREAD,77
2019-06-28 13:55:00.000000000,BEST_BID,"JPM,99674,260"
2019-06-28 13:55:00.000000000,BEST_ASK,"JPM,99802,264"
2019-06-28 13:55:00.000000000,LAST_TRADE,"4,$99674.0000"
2019-06-28 13:55:00.000000000,QUERY_SPREAD,78
2019-06-28 13:55:00.000000000,BEST_BID,"JPM,99674,252"
2019-06-28 13:55:00.000000000,BEST_ASK,"JPM,99802,264"
2019-06-28 13:55:00.000000000,LAST_TRADE,"8,$99674.0000"
2019-06-28 13:55:00.000000000,QUERY_SPREAD,79
2019-06-28 13:55:00.000000000,BEST_BID,"JPM,99674,251"
2019-06-28 13:55:00.000000000,BEST_ASK,"JPM,99802,264"
2019-06-28 13:55:00.000000000,LAST_TRADE,"1,$99674.0000"
2019-06-28 13:55:00.000000000,QUERY_SPREAD,80
2019-06-28 13:55:00.000000000,BEST_BID,"JPM,99674,246"
2019-06-28 13:55:00.000000000,BEST_ASK,"JPM,99802,264"
2019-06-28 13:55:00.000000000,LAST_TRADE,"5,$99674.0000"
2019-06-28 13:55:00.000000000,QUERY_SPREAD,81
2019-06-28 13:55:00.000000000,BEST_BID,"JPM,99674,241"
2019-06-28 13:55:00.000000000,BEST_ASK,"JPM,99802,264"
2019-06-28 13:55:00.000000000,LAST_TRADE,"5,$99674.0000"
2019-06-28 13:55:00.000000000,QUERY_SPREAD,82
2019-06-28 13:55:00.000000000,BEST_BID,"JPM,99674,235"
2019-06-28 13:55:00.000000000,BEST_ASK,"JPM,99802,264"
2019-06-28 13:55:00.000000000,LAST_TRADE,"6,$99674.0000"
2019-06-28 13:55:00.000000000,QUERY_SPREAD,83
2019-06-28 13:55:00.000000000,BEST_BID,"JPM,99674,231"
2019-06-28 13:55:00.000000000,BEST_ASK,"JPM,99802,264"
2019-06-28 13:55:00.000000000,LAST_TRADE,"4,$99674.0000"
2019-06-28 13:55:00.000000000,QUERY_SPREAD,84
2019-06-28 13:55:00.000000000,BEST_BID,"JPM,99674,226"
2019-06-28 13:55:00.000000000,BEST_ASK,"JPM,99802,264"
2019-06-28 13:55:00.000000000,LAST_TRADE,"5,$99674.0000"
2019-06-28 13:55:00.000000000,QUERY_SPREAD,85
2019-06-28 13:55:00.000000000,BEST_BID,"JPM,99674,221"
2019-06-28 13:55:00.000000000,BEST_ASK,"JPM,99802,264"
2019-06-28 13:55:00.000000000,LAST_TRADE,"5,$99674.0000"
2019-06-28 13:55:00.000000000,QUERY_SPREAD,86
2019-06-28 13:55:00.000000000,BEST_BID,"JPM,99674,212"
2019-06-28 13:55:00.000000000,BEST_ASK,"JPM,99802,264"
2019-06-28 13:55:00.000000000,LAST_TRADE,"9,$99674.0000"
2019-06-28 13:55:00.000000000,QUERY_SPREAD,87
2019-06-28 13:55:00.000000000,BEST_BID,"JPM,99674,210"
2019-06-28 13:55:00.000000000,BEST_ASK,"JPM,99802,264"
2019-06-28 13:55:00.000000000,LAST_TRADE,"2,$99674.0000"
2019-06-28 13:55:00.000000000,QUERY_SPREAD,88
2019-06-28 13:55:00.000000000,BEST_BID,"JPM,99674,202"
2019-06-28 13:55:00.000000000,BEST_ASK,"JPM,99802,264"
2019-06-28 13:55:00.000000000,LAST_TRADE,"8,$99674.0000"
2019-06-28 13:55:00.000000000,QUERY_SPREAD,89
2019-06-28 13:55:00.000000000,BEST_BID,"JPM,99674,195"
2019-06-28 13:55:00.000000000,BEST_ASK,"JPM,99802,264"
2019-06-28 13:55:00.000000000,LAST_TRADE,"7,$99674.0000"
2019-06-28 13:55:00.000000000,QUERY_SPREAD,90
2019-06-28 13:55:00.000000000,BEST_BID,"JPM,99674,189"
2019-06-28 13:55:00.000000000,BEST_ASK,"JPM,99802,264"
2019-06-28 13:55:00.000000000,LAST_TRADE,"6,$99674.0000"
2019-06-28 13:55:00.000000000,QUERY_SPREAD,91
2019-06-28 13:55:00.000000000,BEST_BID,"JPM,99674,184"
2019-06-28 13:55:00.000000000,BEST_ASK,"JPM,99802,264"
2019-06-28 13:55:00.000000000,LAST_TRADE,"5,$99674.0000"
2019-06-28 13:55:00.000000000,QUERY_SPREAD,92
2019-06-28 13:55:00.000000000,BEST_BID,"JPM,99674,183"
2019-06-28 13:55:00.000000000,BEST_ASK,"JPM,99802,264"
2019-06-28 13:55:00.000000000,LAST_TRADE,"1,$99674.0000"
2019-06-28 13:55:00.000000000,QUERY_SPREAD,93
2019-06-28 13:55:00.000000000,BEST_BID,"JPM,99674,181"
2019-06-28 13:55:00.000000000,BEST_ASK,"JPM,99802,264"
2019-06-28 13:55:00.000000000,LAST_TRADE,"2,$99674.0000"
2019-06-28 13:55:00.000000000,QUERY_SPREAD,94
2019-06-28 13:55:00.000000000,BEST_BID,"JPM,99674,179"
2019-06-28 13:55:00.000000000,BEST_ASK,"JPM,99802,264"
2019-06-28 13:55:00.000000000,LAST_TRADE,"2,$99674.0000"
2019-06-28 13:55:00.000000000,QUERY_SPREAD,95
2019-06-28 13:55:00.000000000,BEST_BID,"JPM,99674,172"
2019-06-28 13:55:00.000000000,BEST_ASK,"JPM,99802,264"
2019-06-28 13:55:00.000000000,LAST_TRADE,"7,$99674.0000"
2019-06-28 13:55:00.000000000,QUERY_SPREAD,96
2019-06-28 13:55:00.000000000,BEST_BID,"JPM,99674,165"
2019-06-28 13:55:00.000000000,BEST_ASK,"JPM,99802,264"
2019-06-28 13:55:00.000000000,LAST_TRADE,"7,$99674.0000"
2019-06-28 13:55:00.000000000,QUERY_SPREAD,97
2019-06-28 13:55:00.000000000,BEST_BID,"JPM,99674,159"
2019-06-28 13:55:00.000000000,BEST_ASK,"JPM,99802,264"
2019-06-28 13:55:00.000000000,LAST_TRADE,"6,$99674.0000"
2019-06-28 13:55:00.000000000,QUERY_SPREAD,98
2019-06-28 13:55:00.000000000,BEST_BID,"JPM,99674,155"
2019-06-28 13:55:00.000000000,BEST_ASK,"JPM,99802,264"
2019-06-28 13:55:00.000000000,LAST_TRADE,"4,$99674.0000"
2019-06-28 13:55:00.000000000,QUERY_SPREAD,99
2019-06-28 13:55:00.000000000,BEST_BID,"JPM,99674,153"
2019-06-28 13:55:00.000000000,BEST_ASK,"JPM,99802,264"
2019-06-28 13:55:00.000000000,LAST_TRADE,"2,$99674.0000"
2019-06-28 13:55:00.000000000,QUERY_SPREAD,100
2019-06-28 13:55:00.000000000,BEST_BID,"JPM,99674,147"
2019-06-28 13:55:00.000000000,BEST_ASK,"JPM,99802,264"
2019-06-28 13:55:00.000000000,LAST_TRADE,"6,$99674.0000"
2019-06-28 13:55:00.000000000,QUERY_SPREAD,101
2019-06-28 13:55:00.000000000,QUERY_ORDER_STREAM,101
2019-06-28 13:55:01.093487641,QUERY_SPREAD,44
2019-06-28 13:55:01.093487641,BEST_BID,"JPM,99674,147"
2019-06-28 13:55:01.093487641,BEST_ASK,"JPM,99802,264"
2019-06-28 13:55:06.687953240,QUERY_ORDER_STREAM,55
2019-06-28 13:55:06.687953240,QUERY_SPREAD,55
2019-06-28 13:55:06.687953240,BEST_BID,"JPM,99674,247"
2019-06-28 13:55:06.687953240,BEST_ASK,"JPM,99802,264"
2019-06-28 13:55:10.000000000,QUERY_SPREAD,1
2019-06-28 13:55:10.000000000,BEST_BID,"JPM,99674,182"
2019-06-28 13:55:10.000000000,BEST_ASK,"JPM,99802,100"
2019-06-28 13:55:10.000000000,BEST_BID,"JPM,99674,182"
2019-06-28 13:55:10.000000000,BEST_ASK,"JPM,99802,100"
2019-06-28 13:55:10.000000000,BEST_BID,"JPM,99674,182"
2019-06-28 13:55:10.000000000,BEST_ASK,"JPM,99802,100"
2019-06-28 13:55:10.000000000,BEST_BID,"JPM,99674,182"
2019-06-28 13:55:10.000000000,BEST_ASK,"JPM,99802,100"
2019-06-28 13:55:10.000000000,BEST_BID,"JPM,99674,182"
2019-06-28 13:55:10.000000000,BEST_ASK,"JPM,99802,182"
2019-06-28 13:55:10.000000000,BEST_BID,"JPM,99674,182"
2019-06-28 13:55:10.000000000,BEST_ASK,"JPM,99802,182"
2019-06-28 13:55:10.000000000,BEST_BID,"JPM,99674,182"
2019-06-28 13:55:10.000000000,BEST_ASK,"JPM,99802,182"
2019-06-28 13:55:10.000000000,BEST_BID,"JPM,99674,182"
2019-06-28 13:55:10.000000000,BEST_ASK,"JPM,99802,182"
2019-06-28 13:55:12.545146152,QUERY_ORDER_STREAM,56
2019-06-28 13:55:12.545146152,QUERY_SPREAD,56
2019-06-28 13:55:20.000000000,QUERY_SPREAD,1
2019-06-28 13:55:20.000000000,BEST_BID,"JPM,99674,182"
2019-06-28 13:55:20.000000000,BEST_ASK,"JPM,99802,100"
2019-06-28 13:55:20.000000000,BEST_BID,"JPM,99674,182"
2019-06-28 13:55:20.000000000,BEST_ASK,"JPM,99802,100"
2019-06-28 13:55:20.000000000,BEST_BID,"JPM,99674,182"
2019-06-28 13:55:20.000000000,BEST_ASK,"JPM,99802,100"
2019-06-28 13:55:20.000000000,BEST_BID,"JPM,99674,182"
2019-06-28 13:55:20.000000000,BEST_ASK,"JPM,99802,100"
2019-06-28 13:55:20.000000000,BEST_BID,"JPM,99674,182"
2019-06-28 13:55:20.000000000,BEST_ASK,"JPM,99802,182"
2019-06-28 13:55:20.000000000,BEST_BID,"JPM,99674,182"
2019-06-28 13:55:20.000000000,BEST_ASK,"JPM,99802,182"
2019-06-28 13:55:20.000000000,BEST_BID,"JPM,99674,182"
2019-06-28 13:55:20.000000000,BEST_ASK,"JPM,99802,182"
2019-06-28 13:55:20.000000000,BEST_BID,"JPM,99674,182"
2019-06-28 13:55:20.000000000,BEST_ASK,"JPM,99802,182"
2019-06-28 13:55:30.000000000,QUERY_SPREAD,1
2019-06-28 13:55:30.000000000,BEST_BID,"JPM,99674,212"
2019-06-28 13:55:30.000000000,BEST_ASK,"JPM,99802,100"
2019-06-28 13:55:30.000000000,BEST_BID,"JPM,99674,212"
2019-06-28 13:55:30.000000000,BEST_ASK,"JPM,99802,100"
2019-06-28 13:55:30.000000000,BEST_BID,"JPM,99674,212"
2019-06-28 13:55:30.000000000,BEST_ASK,"JPM,99802,100"
2019-06-28 13:55:30.000000000,BEST_BID,"JPM,99674,212"
2019-06-28 13:55:30.000000000,BEST_ASK,"JPM,99802,212"
2019-06-28 13:55:30.000000000,BEST_BID,"JPM,99674,212"
2019-06-28 13:55:30.000000000,BEST_ASK,"JPM,99802,212"
2019-06-28 13:55:30.000000000,BEST_BID,"JPM,99674,212"
2019-06-28 13:55:30.000000000,BEST_ASK,"JPM,99802,212"
2019-06-28 13:55:33.525580954,QUERY_ORDER_STREAM,72
2019-06-28 13:55:33.525580954,QUERY_SPREAD,72
2019-06-28 13:55:33.525580954,BEST_BID,"JPM,99674,312"
2019-06-28 13:55:33.525580954,BEST_ASK,"JPM,99802,212"
2019-06-28 13:55:40.000000000,QUERY_SPREAD,1
2019-06-28 13:55:40.000000000,BEST_BID,"JPM,99674,528"
2019-06-28 13:55:40.000000000,BEST_ASK,"JPM,99802,100"
2019-06-28 13:55:40.000000000,BEST_BID,"JPM,99674,528"
2019-06-28 13:55:40.000000000,BEST_ASK,"JPM,99802,428"
2019-06-28 13:55:50.000000000,QUERY_SPREAD,1
2019-06-28 13:55:50.000000000,BEST_BID,"JPM,99674,528"
2019-06-28 13:55:50.000000000,BEST_ASK,"JPM,99802,100"
2019-06-28 13:55:50.000000000,BEST_BID,"JPM,99674,528"
2019-06-28 13:55:50.000000000,BEST_ASK,"JPM,99802,428"
2019-06-28 13:55:56.841293766,QUERY_SPREAD,39
2019-06-28 13:55:56.841293766,BEST_BID,"JPM,99674,528"
2019-06-28 13:55:56.841293766,BEST_ASK,"JPM,99802,428"
2019-06-28 13:56:00.000000000,QUERY_SPREAD,1
2019-06-28 13:56:00.000000000,BEST_BID,"JPM,99674,266"
2019-06-28 13:56:00.000000000,BEST_ASK,"JPM,99802,100"
2019-06-28 13:56:00.000000000,BEST_BID,"JPM,99674,266"
2019-06-28 13:56:00.000000000,BEST_ASK,"JPM,99802,100"
2019-06-28 13:56:00.000000000,BEST_BID,"JPM,99674,266"
2019-06-28 13:56:00.000000000,BEST_ASK,"JPM,99802,100"
2019-06-28 13:56:00.000000000,BEST_BID,"JPM,99674,266"
2019-06-28 13:56:00.000000000,BEST_ASK,"JPM,99802,100"
2019-06-28 13:56:00.000000000,BEST_BID,"JPM,99674,266"
2019-06-28 13:56:00.000000000,BEST_ASK,"JPM,99802,100"
2019-06-28 13:56:00.000000000,BEST_BID,"JPM,99674,266"
2019-06-28 13:56:00.000000000,BEST_ASK,"JPM,99802,166"
2019-06-28 13:56:00.000000000,BEST_BID,"JPM,99674,266"
2019-06-28 13:56:00.000000000,BEST_ASK,"JPM,99802,166"
2019-06-28 13:56:00.000000000,BEST_BID,"JPM,99674,266"
2019-06-28 13:56:00.000000000,BEST_ASK,"JPM,99802,166"
2019-06-28 13:56:00.000000000,BEST_BID,"JPM,99674,266"
2019-06-28 13:56:00.000000000,BEST_ASK,"JPM,99802,166"
2019-06-28 13:56:00.000000000,BEST_BID,"JPM,99674,266"
2019-06-28 13:56:00.000000000,BEST_ASK,"JPM,99802,166"
2019-06-28 13:56:00.000000000,QUERY_SPREAD,77
2019-06-28 13:56:00.000000000,BEST_BID,"JPM,99674,262"
2019-06-28 13:56:00.000000000,BEST_ASK,"JPM,99802,166"
2019-06-28 13:56:00.000000000,LAST_TRADE,"4,$99674.0000"
2019-06-28 13:56:00.000000000,QUERY_SPREAD,78
2019-06-28 13:56:00.000000000,BEST_BID,"JPM,99674,254"
2019-06-28 13:56:00.000000000,BEST_ASK,"JPM,99802,166"
2019-06-28 13:56:00.000000000,LAST_TRADE,"8,$99674.0000"
2019-06-28 13:56:00.000000000,QUERY_SPREAD,79
2019-06-28 13:56:00.000000000,BEST_BID,"JPM,99674,253"
2019-06-28 13:56:00.000000000,BEST_ASK,"JPM,99802,166"
2019-06-28 13:56:00.000000000,LAST_TRADE,"1,$99674.0000"
2019-06-28 13:56:00.000000000,QUERY_SPREAD,80
2019-06-28 13:56:00.000000000,BEST_BID,"JPM,99674,248"
2019-06-28 13:56:00.000000000,BEST_ASK,"JPM,99802,166"
2019-06-28 13:56:00.000000000,LAST_TRADE,"5,$99674.0000"
2019-06-28 13:56:00.000000000,QUERY_SPREAD,81
2019-06-28 13:56:00.000000000,BEST_BID,"JPM,99674,243"
2019-06-28 13:56:00.000000000,BEST_ASK,"JPM,99802,166"
2019-06-28 13:56:00.000000000,LAST_TRADE,"5,$99674.0000"
2019-06-28 13:56:00.000000000,QUERY_SPREAD,82
2019-06-28 13:56:00.000000000,BEST_BID,"JPM,99674,237"
2019-06-28 13:56:00.000000000,BEST_ASK,"JPM,99802,166"
2019-06-28 13:56:00.000000000,LAST_TRADE,"6,$99674.0000"
2019-06-28 13:56:00.000000000,QUERY_SPREAD,83
2019-06-28 13:56:00.000000000,BEST_BID,"JPM,99674,233"
2019-06-28 13:56:00.000000000,BEST_ASK,"JPM,99802,166"
2019-06-28 13:56:00.000000000,LAST_TRADE,"4,$99674.0000"
2019-06-28 13:56:00.000000000,QUERY_SPREAD,84
2019-06-28 13:56:00.000000000,BEST_BID,"JPM,99674,228"
2019-06-28 13:56:00.000000000,BEST_ASK,"JPM,99802,166"
2019-06-28 13:56:00.000000000,LAST_TRADE,"5,$99674.0000"
2019-06-28 13:56:00.000000000,QUERY_SPREAD,85
2019-06-28 13:56:00.000000000,BEST_BID,"JPM,99674,223"
2019-06-28 13:56:00.000000000,BEST_ASK,"JPM,99802,166"
2019-06-28 13:56:00.000000000,LAST_TRADE,"5,$99674.0000"
2019-06-28 13:56:00.000000000,QUERY_SPREAD,86
2019-06-28 13:56:00.000000000,BEST_BID,"JPM,99674,214"
2019-06-28 13:56:00.000000000,BEST_ASK,"JPM,99802,166"
2019-06-28 13:56:00.000000000,LAST_TRADE,"9,$99674.0000"
2019-06-28 13:56:00.000000000,QUERY_SPREAD,87
2019-06-28 13:56:00.000000000,BEST_BID,"JPM,99674,212"
2019-06-28 13:56:00.000000000,BEST_ASK,"JPM,99802,166"
2019-06-28 13:56:00.000000000,LAST_TRADE,"2,$99674.0000"
2019-06-28 13:56:00.000000000,QUERY_SPREAD,88
2019-06-28 13:56:00.000000000,BEST_BID,"JPM,99674,204"
2019-06-28 13:56:00.000000000,BEST_ASK,"JPM,99802,166"
2019-06-28 13:56:00.000000000,LAST_TRADE,"8,$99674.0000"
2019-06-28 13:56:00.000000000,QUERY_SPREAD,89
2019-06-28 13:56:00.000000000,BEST_BID,"JPM,99674,197"
2019-06-28 13:56:00.000000000,BEST_ASK,"JPM,99802,166"
2019-06-28 13:56:00.000000000,LAST_TRADE,"7,$99674.0000"
2019-06-28 13:56:00.000000000,QUERY_SPREAD,90
2019-06-28 13:56:00.000000000,BEST_BID,"JPM,99674,191"
2019-06-28 13:56:00.000000000,BEST_ASK,"JPM,99802,166"
2019-06-28 13:56:00.000000000,LAST_TRADE,"6,$99674.0000"
2019-06-28 13:56:00.000000000,QUERY_SPREAD,91
2019-06-28 13:56:00.000000000,BEST_BID,"JPM,99674,186"
2019-06-28 13:56:00.000000000,BEST_ASK,"JPM,99802,166"
2019-06-28 13:56:00.000000000,LAST_TRADE,"5,$99674.0000"
2019-06-28 13:56:00.000000000,QUERY_SPREAD,92
2019-06-28 13:56:00.000000000,BEST_BID,"JPM,99674,185"
2019-06-28 13:56:00.000000000,BEST_ASK,"JPM,99802,166"
2019-06-28 13:56:00.000000000,LAST_TRADE,"1,$99674.0000"
2019-06-28 13:56:00.000000000,QUERY_SPREAD,93
2019-06-28 13:56:00.000000000,BEST_BID,"JPM,99674,183"
2019-06-28 13:56:00.000000000,BEST_ASK,"JPM,99802,166"
2019-06-28 13:56:00.000000000,LAST_TRADE,"2,$99674.0000"
2019-06-28 13:56:00.000000000,QUERY_SPREAD,94
2019-06-28 13:56:00.000000000,BEST_BID,"JPM,99674,181"
2019-06-28 13:56:00.000000000,BEST_ASK,"JPM,99802,166"
2019-06-28 13:56:00.000000000,LAST_TRADE,"2,$99674.0000"
2019-06-28 13:56:00.000000000,QUERY_SPREAD,95
2019-06-28 13:56:00.000000000,BEST_BID,"JPM,99674,174"
2019-06-28 13:56:00.000000000,BEST_ASK,"JPM,99802,166"
2019-06-28 13:56:00.000000000,LAST_TRADE,"7,$99674.0000"
2019-06-28 13:56:00.000000000,QUERY_SPREAD,96
2019-06-28 13:56:00.000000000,BEST_BID,"JPM,99674,167"
2019-06-28 13:56:00.000000000,BEST_ASK,"JPM,99802,166"
2019-06-28 13:56:00.000000000,LAST_TRADE,"7,$99674.0000"
2019-06-28 13:56:00.000000000,QUERY_SPREAD,97
2019-06-28 13:56:00.000000000,BEST_BID,"JPM,99674,161"
2019-06-28 13:56:00.000000000,BEST_ASK,"JPM,99802,166"
2019-06-28 13:56:00.000000000,LAST_TRADE,"6,$99674.0000"
2019-06-28 13:56:00.000000000,QUERY_SPREAD,98
2019-06-28 13:56:00.000000000,BEST_BID,"JPM,99674,157"
2019-06-28 13:56:00.000000000,BEST_ASK,"JPM,99802,166"
2019-06-28 13:56:00.000000000,LAST_TRADE,"4,$99674.0000"
2019-06-28 13:56:00.000000000,QUERY_SPREAD,99
2019-06-28 13:56:00.000000000,BEST_BID,"JPM,99674,155"
2019-06-28 13:56:00.000000000,BEST_ASK,"JPM,99802,166"
2019-06-28 13:56:00.000000000,LAST_TRADE,"2,$99674.0000"
2019-06-28 13:56:00.000000000,QUERY_SPREAD,100
2019-06-28 13:56:00.000000000,BEST_BID,"JPM,99674,149"
2019-06-28 13:56:00.000000000,BEST_ASK,"JPM,99802,166"
2019-06-28 13:56:00.000000000,LAST_TRADE,"6,$99674.0000"
2019-06-28 13:56:00.000000000,QUERY_SPREAD,101
2019-06-28 13:56:00.000000000,QUERY_ORDER_STREAM,101
2019-06-28 13:56:07.588526228,QUERY_SPREAD,18
2019-06-28 13:56:07.588526228,BEST_BID,"JPM,99674,149"
2019-06-28 13:56:07.588526228,BEST_ASK,"JPM,99802,166"
2019-06-28 13:56:10.000000000,QUERY_SPREAD,1
2019-06-28 13:56:10.000000000,BEST_BID,"JPM,99674,411"
2019-06-28 13:56:10.000000000,BEST_ASK,"JPM,99802,100"
2019-06-28 13:56:10.000000000,BEST_BID,"JPM,99674,411"
2019-06-28 13:56:10.000000000,BEST_ASK,"JPM,99802,428"
2019-06-28 13:56:18.309371450,QUERY_SPREAD,16
2019-06-28 13:56:18.309371450,BEST_BID,"JPM,99674,411"
2019-06-28 13:56:18.309371450,BEST_ASK,"JPM,99802,428"
2019-06-28 13:56:20.000000000,QUERY_SPREAD,1
2019-06-28 13:56:20.000000000,BEST_BID,"JPM,99674,411"
2019-06-28 13:56:20.000000000,BEST_ASK,"JPM,99802,100"
2019-06-28 13:56:20.000000000,BEST_BID,"JPM,99674,411"
2019-06-28 13:56:20.000000000,BEST_ASK,"JPM,99802,428"
2019-06-28 13:56:21.186536695,QUERY_ORDER_STREAM,73
2019-06-28 13:56:21.186536695,QUERY_SPREAD,73
2019-06-28 13:56:21.186536695,BEST_BID,"JPM,99674,511"
2019-06-28 13:56:21.186536695,BEST_ASK,"JPM,99802,428"
2019-06-28 13:56:30.000000000,QUERY_SPREAD,1
2019-06-28 13:56:30.000000000,BEST_BID,"JPM,99674,511"
2019-06-28 13:56:30.000000000,BEST_ASK,"JPM,99802,100"
2019-06-28 13:56:30.000000000,BEST_BID,"JPM,99674,511"
2019-06-28 13:56:30.000000000,BEST_ASK,"JPM,99802,428"
2019-06-28 13:56:40.000000000,QUERY_SPREAD,1
2019-06-28 13:56:40.000000000,BEST_BID,"JPM,99674,249"
2019-06-28 13:56:40.000000000,BEST_ASK,"JPM,99802,100"
2019-06-28 13:56:40.000000000,BEST_BID,"JPM,99674,249"
2019-06-28 13:56:40.000000000,BEST_ASK,"JPM,99802,100"
2019-06-28 13:56:40.000000000,BEST_BID,"JPM,99674,249"
2019-06-28 13:56:40.000000000,BEST_ASK,"JPM,99802,100"
2019-06-28 13:56:40.000000000,BEST_BID,"JPM,99674,249"
2019-06-28 13:56:40.000000000,BEST_ASK,"JPM,99802,100"
2019-06-28 13:56:40.000000000,BEST_BID,"JPM,99674,249"
2019-06-28 13:56:40.000000000,BEST_ASK,"JPM,99802,100"
2019-06-28 13:56:40.000000000,BEST_BID,"JPM,99674,249"
2019-06-28 13:56:40.000000000,BEST_ASK,"JPM,99802,166"
2019-06-28 13:56:40.000000000,BEST_BID,"JPM,99674,249"
2019-06-28 13:56:40.000000000,BEST_ASK,"JPM,99802,166"
2019-06-28 13:56:40.000000000,BEST_BID,"JPM,99674,249"
2019-06-28 13:56:40.000000000,BEST_ASK,"JPM,99802,166"
2019-06-28 13:56:40.000000000,BEST_BID,"JPM,99674,249"
2019-06-28 13:56:40.000000000,BEST_ASK,"JPM,99802,166"
2019-06-28 13:56:40.000000000,BEST_BID,"JPM,99674,249"
2019-06-28 13:56:40.000000000,BEST_ASK,"JPM,99802,166"
2019-06-28 13:56:40.309342767,QUERY_SPREAD,13
2019-06-28 13:56:40.309342767,BEST_BID,"JPM,99674,249"
2019-06-28 13:56:40.309342767,BEST_ASK,"JPM,99802,166"
2019-06-28 13:56:50.000000000,QUERY_SPREAD,1
2019-06-28 13:56:50.000000000,BEST_BID,"JPM,99674,265"
2019-06-28 13:56:50.000000000,BEST_ASK,"JPM,99802,100"
2019-06-28 13:56:50.000000000,BEST_BID,"JPM,99674,265"
2019-06-28 13:56:50.000000000,BEST_ASK,"JPM,99802,100"
2019-06-28 13:56:50.000000000,BEST_BID,"JPM,99674,265"
2019-06-28 13:56:50.000000000,BEST_ASK,"JPM,99802,100"
2019-06-28 13:56:50.000000000,BEST_BID,"JPM,99674,265"
2019-06-28 13:56:50.000000000,BEST_ASK,"JPM,99802,100"
2019-06-28 13:56:50.000000000,BEST_BID,"JPM,99674,265"
2019-06-28 13:56:50.000000000,BEST_ASK,"JPM,99802,182"
2019-06-28 13:56:50.000000000,BEST_BID,"JPM,99674,265"
2019-06-28 13:56:50.000000000,BEST_ASK,"JPM,99802,182"
2019-06-28 13:56:50.000000000,BEST_BID,"JPM,99674,265"
2019-06-28 13:56:50.000000000,BEST_ASK,"JPM,99802,182"
2019-06-28 13:56:50.000000000,BEST_BID,"JPM,99674,265"
2019-06-28 13:56:50.000000000,BEST_ASK,"JPM,99802,182"
2019-06-28 13:56:58.450973341,QUERY_SPREAD,35
2019-06-28 13:56:58.450973341,BEST_BID,"JPM,99674,265"
2019-06-28 13:56:58.450973341,BEST_ASK,"JPM,99802,82"
2019-06-28 13:56:58.450973341,LAST_TRADE,"100,$99802.0000"
2019-06-28 13:57:00.000000000,QUERY_SPREAD,1
2019-06-28 13:57:00.000000000,BEST_BID,"JPM,99674,347"
2019-06-28 13:57:00.000000000,BEST_ASK,"JPM,99859,100"
2019-06-28 13:57:00.000000000,BEST_BID,"JPM,99674,347"
2019-06-28 13:57:00.000000000,BEST_ASK,"JPM,99859,100"
2019-06-28 13:57:00.000000000,BEST_BID,"JPM,99674,347"
2019-06-28 13:57:00.000000000,BEST_ASK,"JPM,99859,264"
2019-06-28 13:57:00.000000000,BEST_BID,"JPM,99674,347"
2019-06-28 13:57:00.000000000,BEST_ASK,"JPM,99859,264"
2019-06-28 13:57:00.000000000,QUERY_SPREAD,77
2019-06-28 13:57:00.000000000,BEST_BID,"JPM,99674,343"
2019-06-28 13:57:00.000000000,BEST_ASK,"JPM,99859,264"
2019-06-28 13:57:00.000000000,LAST_TRADE,"4,$99674.0000"
2019-06-28 13:57:00.000000000,QUERY_SPREAD,78
2019-06-28 13:57:00.000000000,BEST_BID,"JPM,99674,335"
2019-06-28 13:57:00.000000000,BEST_ASK,"JPM,99859,264"
2019-06-28 13:57:00.000000000,LAST_TRADE,"8,$99674.0000"
2019-06-28 13:57:00.000000000,QUERY_SPREAD,79
2019-06-28 13:57:00.000000000,BEST_BID,"JPM,99674,334"
2019-06-28 13:57:00.000000000,BEST_ASK,"JPM,99859,264"
2019-06-28 13:57:00.000000000,LAST_TRADE,"1,$99674.0000"
2019-06-28 13:57:00.000000000,QUERY_SPREAD,80
2019-06-28 13:57:00.000000000,BEST_BID,"JPM,99674,329"
2019-06-28 13:57:00.000000000,BEST_ASK,"JPM,99859,264"
2019-06-28 13:57:00.000000000,LAST_TRADE,"5,$99674.0000"
2019-06-28 13:57:00.000000000,QUERY_SPREAD,81
2019-06-28 13:57:00.000000000,BEST_BID,"JPM,99674,324"
2019-06-28 13:57:00.000000000,BEST_ASK,"JPM,99859,264"
2019-06-28 13:57:00.000000000,LAST_TRADE,"5,$99674.0000"
2019-06-28 13:57:00.000000000,QUERY_SPREAD,82
2019-06-28 13:57:00.000000000,BEST_BID,"JPM,99674,318"
2019-06-28 13:57:00.000000000,BEST_ASK,"JPM,99859,264"
2019-06-28 13:57:00.000000000,LAST_TRADE,"6,$99674.0000"
2019-06-28 13:57:00.000000000,QUERY_SPREAD,83
2019-06-28 13:57:00.000000000,BEST_BID,"JPM,99674,314"
2019-06-28 13:57:00.000000000,BEST_ASK,"JPM,99859,264"
2019-06-28 13:57:00.000000000,LAST_TRADE,"4,$99674.0000"
2019-06-28 13:57:00.000000000,QUERY_SPREAD,84
2019-06-28 13:57:00.000000000,BEST_BID,"JPM,99674,309"
2019-06-28 13:57:00.000000000,BEST_ASK,"JPM,99859,264"
2019-06-28 13:57:00.000000000,LAST_TRADE,"5,$99674.0000"
2019-06-28 13:57:00.000000000,QUERY_SPREAD,85
2019-06-28 13:57:00.000000000,BEST_BID,"JPM,99674,304"
2019-06-28 13:57:00.000000000,BEST_ASK,"JPM,99859,264"
2019-06-28 13:57:00.000000000,LAST_TRADE,"5,$99674.0000"
2019-06-28 13:57:00.000000000,QUERY_SPREAD,86
2019-06-28 13:57:00.000000000,BEST_BID,"JPM,99674,295"
2019-06-28 13:57:00.000000000,BEST_ASK,"JPM,99859,264"
2019-06-28 13:57:00.000000000,LAST_TRADE,"9,$99674.0000"
2019-06-28 13:57:00.000000000,QUERY_SPREAD,87
2019-06-28 13:57:00.000000000,BEST_BID,"JPM,99674,293"
2019-06-28 13:57:00.000000000,BEST_ASK,"JPM,99859,264"
2019-06-28 13:57:00.000000000,LAST_TRADE,"2,$99674.0000"
2019-06-28 13:57:00.000000000,QUERY_SPREAD,88
2019-06-28 13:57:00.000000000,BEST_BID,"JPM,99674,285"
2019-06-28 13:57:00.000000000,BEST_ASK,"JPM,99859,264"
2019-06-28 13:57:00.000000000,LAST_TRADE,"8,$99674.0000"
2019-06-28 13:57:00.000000000,QUERY_SPREAD,89
2019-06-28 13:57:00.000000000,BEST_BID,"JPM,99674,278"
2019-06-28 13:57:00.000000000,BEST_ASK,"JPM,99859,264"
2019-06-28 13:57:00.000000000,LAST_TRADE,"7,$99674.0000"
2019-06-28 13:57:00.000000000,QUERY_SPREAD,90
2019-06-28 13:57:00.000000000,BEST_BID,"JPM,99674,272"
2019-06-28 13:57:00.000000000,BEST_ASK,"JPM,99859,264"
2019-06-28 13:57:00.000000000,LAST_TRADE,"6,$99674.0000"
2019-06-28 13:57:00.000000000,QUERY_SPREAD,91
2019-06-28 13:57:00.000000000,BEST_BID,"JPM,99674,267"
2019-06-28 13:57:00.000000000,BEST_ASK,"JPM,99859,264"
2019-06-28 13:57:00.000000000,LAST_TRADE,"5,$99674.0000"
2019-06-28 13:57:00.000000000,QUERY_SPREAD,92
2019-06-28 13:57:00.000000000,BEST_BID,"JPM,99674,266"
2019-06-28 13:57:00.000000000,BEST_ASK,"JPM,99859,264"
2019-06-28 13:57:00.000000000,LAST_TRADE,"1,$99674.0000"
2019-06-28 13:57:00.000000000,QUERY_SPREAD,93
2019-06-28 13:57:00.000000000,BEST_BID,"JPM,99674,264"
2019-06-28 13:57:00.000000000,BEST_ASK,"JPM,99859,264"
2019-06-28 13:57:00.000000000,LAST_TRADE,"2,$99674.0000"
2019-06-28 13:57:00.000000000,QUERY_SPREAD,94
2019-06-28 13:57:00.000000000,BEST_BID,"JPM,99674,262"
2019-06-28 13:57:00.000000000,BEST_ASK,"JPM,99859,264"
2019-06-28 13:57:00.000000000,LAST_TRADE,"2,$99674.0000"
2019-06-28 13:57:00.000000000,QUERY_SPREAD,95
2019-06-28 13:57:00.000000000,BEST_BID,"JPM,99674,255"
2019-06-28 13:57:00.000000000,BEST_ASK,"JPM,99859,264"
2019-06-28 13:57:00.000000000,LAST_TRADE,"7,$99674.0000"
2019-06-28 13:57:00.000000000,QUERY_SPREAD,96
2019-06-28 13:57:00.000000000,BEST_BID,"JPM,99674,248"
2019-06-28 13:57:00.000000000,BEST_ASK,"JPM,99859,264"
2019-06-28 13:57:00.000000000,LAST_TRADE,"7,$99674.0000"
2019-06-28 13:57:00.000000000,QUERY_SPREAD,97
2019-06-28 13:57:00.000000000,BEST_BID,"JPM,99674,242"
2019-06-28 13:57:00.000000000,BEST_ASK,"JPM,99859,264"
2019-06-28 13:57:00.000000000,LAST_TRADE,"6,$99674.0000"
2019-06-28 13:57:00.000000000,QUERY_SPREAD,98
2019-06-28 13:57:00.000000000,BEST_BID,"JPM,99674,238"
2019-06-28 13:57:00.000000000,BEST_ASK,"JPM,99859,264"
2019-06-28 13:57:00.000000000,LAST_TRADE,"4,$99674.0000"
2019-06-28 13:57:00.000000000,QUERY_SPREAD,99
2019-06-28 13:57:00.000000000,BEST_BID,"JPM,99674,236"
2019-06-28 13:57:00.000000000,BEST_ASK,"JPM,99859,264"
2019-06-28 13:57:00.000000000,LAST_TRADE,"2,$99674.0000"
2019-06-28 13:57:00.000000000,QUERY_SPREAD,100
2019-06-28 13:57:00.000000000,BEST_BID,"JPM,99674,230"
2019-06-28 13:57:00.000000000,BEST_ASK,"JPM,99859,264"
2019-06-28 13:57:00.000000000,LAST_TRADE,"6,$99674.0000"
2019-06-28 13:57:00.000000000,QUERY_SPREAD,101
2019-06-28 13:57:00.000000000,QUERY_ORDER_STREAM,101
2019-06-28 13:57:10.000000000,QUERY_SPREAD,1
2019-06-28 13:57:10.000000000,BEST_BID,"JPM,99674,178"
2019-06-28 13:57:10.000000000,BEST_ASK,"JPM,99859,100"
2019-06-28 13:57:10.000000000,BEST_BID,"JPM,99674,178"
2019-06-28 13:57:10.000000000,BEST_ASK,"JPM,99859,100"
2019-06-28 13:57:10.000000000,BEST_BID,"JPM,99674,178"
2019-06-28 13:57:10.000000000,BEST_ASK,"JPM,99859,100"
2019-06-28 13:57:10.000000000,BEST_BID,"JPM,99674,178"
2019-06-28 13:57:10.000000000,BEST_ASK,"JPM,99859,212"
2019-06-28 13:57:10.000000000,BEST_BID,"JPM,99674,178"
2019-06-28 13:57:10.000000000,BEST_ASK,"JPM,99859,212"
2019-06-28 13:57:10.000000000,BEST_BID,"JPM,99674,178"
2019-06-28 13:57:10.000000000,BEST_ASK,"JPM,99859,212"
2019-06-28 13:57:15.651200600,QUERY_ORDER_STREAM,62
2019-06-28 13:57:15.651200600,QUERY_SPREAD,62
2019-06-28 13:57:20.000000000,QUERY_SPREAD,1
2019-06-28 13:57:20.000000000,BEST_BID,"JPM,99674,132"
2019-06-28 13:57:20.000000000,BEST_ASK,"JPM,99859,100"
2019-06-28 13:57:20.000000000,BEST_BID,"JPM,99674,132"
2019-06-28 13:57:20.000000000,BEST_ASK,"JPM,99859,100"
2019-06-28 13:57:20.000000000,BEST_BID,"JPM,99674,132"
2019-06-28 13:57:20.000000000,BEST_ASK,"JPM,99859,100"
2019-06-28 13:57:20.000000000,BEST_BID,"JPM,99674,132"
2019-06-28 13:57:20.000000000,BEST_ASK,"JPM,99859,100"
2019-06-28 13:57:20.000000000,BEST_BID,"JPM,99674,132"
2019-06-28 13:57:20.000000000,BEST_ASK,"JPM,99859,100"
2019-06-28 13:57:20.000000000,BEST_BID,"JPM,99674,132"
2019-06-28 13:57:20.000000000,BEST_ASK,"JPM,99859,166"
2019-06-28 13:57:20.000000000,BEST_BID,"JPM,99674,132"
2019-06-28 13:57:20.000000000,BEST_ASK,"JPM,99859,166"
2019-06-28 13:57:20.000000000,BEST_BID,"JPM,99674,132"
2019-06-28 13:57:20.000000000,BEST_ASK,"JPM,99859,166"
2019-06-28 13:57:20.000000000,BEST_BID,"JPM,99674,132"
2019-06-28 13:57:20.000000000,BEST_ASK,"JPM,99859,166"
2019-06-28 13:57:20.000000000,BEST_BID,"JPM,99674,132"
2019-06-28 13:57:20.000000000,BEST_ASK,"JPM,99859,166"
2019-06-28 13:57:30.000000000,QUERY_SPREAD,1
2019-06-28 13:57:30.000000000,BEST_BID,"JPM,99674,132"
2019-06-28 13:57:30.000000000,BEST_ASK,"JPM,99859,100"
2019-06-28 13:57:30.000000000,BEST_BID,"JPM,99674,132"
2019-06-28 13:57:30.000000000,BEST_ASK,"JPM,99859,100"
2019-06-28 13:57:30.000000000,BEST_BID,"JPM,99674,132"
2019-06-28 13:57:30.000000000,BEST_ASK,"JPM,99859,100"
2019-06-28 13:57:30.000000000,BEST_BID,"JPM,99674,132"
2019-06-28 13:57:30.000000000,BEST_ASK,"JPM,99859,100"
2019-06-28 13:57:30.000000000,BEST_BID,"JPM,99674,132"
2019-06-28 13:57:30.000000000,BEST_ASK,"JPM,99859,100"
2019-06-28 13:57:30.000000000,BEST_BID,"JPM,99674,132"
2019-06-28 13:57:30.000000000,BEST_ASK,"JPM,99859,166"
2019-06-28 13:57:30.000000000,BEST_BID,"JPM,99674,132"
2019-06-28 13:57:30.000000000,BEST_ASK,"JPM,99859,166"
2019-06-28 13:57:30.000000000,BEST_BID,"JPM,99674,132"
2019-06-28 13:57:30.000000000,BEST_ASK,"JPM,99859,166"
2019-06-28 13:57:30.000000000,BEST_BID,"JPM,99674,132"
2019-06-28 13:57:30.000000000,BEST_ASK,"JPM,99859,166"
2019-06-28 13:57:30.000000000,BEST_BID,"JPM,99674,132"
2019-06-28 13:57:30.000000000,BEST_ASK,"JPM,99859,166"
2019-06-28 13:57:34.387709909,QUERY_SPREAD,15
2019-06-28 13:57:34.387709909,BEST_BID,"JPM,99748,100"
2019-06-28 13:57:34.387709909,BEST_ASK,"JPM,99859,166"
2019-06-28 13:57:34.522778283,QUERY_SPREAD,12
2019-06-28 13:57:34.522778283,BEST_BID,"JPM,99748,100"
2019-06-28 13:57:34.522778283,BEST_ASK,"JPM,99859,166"
2019-06-28 13:57:40.000000000,QUERY_SPREAD,1
2019-06-28 13:57:40.000000000,BEST_BID,"JPM,99748,264"
2019-06-28 13:57:40.000000000,BEST_ASK,"JPM,99859,100"
2019-06-28 13:57:40.000000000,BEST_BID,"JPM,99748,264"
2019-06-28 13:57:40.000000000,BEST_ASK,"JPM,99859,100"
2019-06-28 13:57:40.000000000,BEST_BID,"JPM,99748,264"
2019-06-28 13:57:40.000000000,BEST_ASK,"JPM,99859,264"
2019-06-28 13:57:40.000000000,BEST_BID,"JPM,99748,264"
2019-06-28 13:57:40.000000000,BEST_ASK,"JPM,99859,264"
2019-06-28 13:57:46.497592964,QUERY_ORDER_STREAM,55
2019-06-28 13:57:46.497592964,QUERY_SPREAD,55
2019-06-28 13:57:46.497592964,BEST_BID,"JPM,99748,164"
2019-06-28 13:57:46.497592964,BEST_ASK,"JPM,99859,264"
2019-06-28 13:57:46.497592964,LAST_TRADE,"100,$99748.0000"
2019-06-28 13:57:50.000000000,QUERY_SPREAD,1
2019-06-28 13:57:50.000000000,BEST_BID,"JPM,99685,212"
2019-06-28 13:57:50.000000000,BEST_ASK,"JPM,99859,100"
2019-06-28 13:57:50.000000000,BEST_BID,"JPM,99685,212"
2019-06-28 13:57:50.000000000,BEST_ASK,"JPM,99859,100"
2019-06-28 13:57:50.000000000,BEST_BID,"JPM,99685,212"
2019-06-28 13:57:50.000000000,BEST_ASK,"JPM,99859,100"
2019-06-28 13:57:50.000000000,BEST_BID,"JPM,99685,212"
2019-06-28 13:57:50.000000000,BEST_ASK,"JPM,99859,212"
2019-06-28 13:57:50.000000000,BEST_BID,"JPM,99685,212"
2019-06-28 13:57:50.000000000,BEST_ASK,"JPM,99859,212"
2019-06-28 13:57:50.000000000,BEST_BID,"JPM,99685,212"
2019-06-28 13:57:50.000000000,BEST_ASK,"JPM,99859,212"
2019-06-28 13:58:00.000000000,QUERY_SPREAD,1
2019-06-28 13:58:00.000000000,BEST_BID,"JPM,99685,166"
2019-06-28 13:58:00.000000000,BEST_ASK,"JPM,99859,100"
2019-06-28 13:58:00.000000000,BEST_BID,"JPM,99685,166"
2019-06-28 13:58:00.000000000,BEST_ASK,"JPM,99859,100"
2019-06-28 13:58:00.000000000,BEST_BID,"JPM,99685,166"
2019-06-28 13:58:00.000000000,BEST_ASK,"JPM,99859,100"
2019-06-28 13:58:00.000000000,BEST_BID,"JPM,99685,166"
2019-06-28 13:58:00.000000000,BEST_ASK,"JPM,99859,100"
2019-06-28 13:58:00.000000000,BEST_BID,"JPM,99685,166"
2019-06-28 13:58:00.000000000,BEST_ASK,"JPM,99859,100"
2019-06-28 13:58:00.000000000,BEST_BID,"JPM,99685,166"
2019-06-28 13:58:00.000000000,BEST_ASK,"JPM,99859,166"
2019-06-28 13:58:00.000000000,BEST_BID,"JPM,99685,166"
2019-06-28 13:58:00.000000000,BEST_ASK,"JPM,99859,166"
2019-06-28 13:58:00.000000000,BEST_BID,"JPM,99685,166"
2019-06-28 13:58:00.000000000,BEST_ASK,"JPM,99859,166"
2019-06-28 13:58:00.000000000,BEST_BID,"JPM,99685,166"
2019-06-28 13:58:00.000000000,BEST_ASK,"JPM,99859,166"
2019-06-28 13:58:00.000000000,BEST_BID,"JPM,99685,166"
2019-06-28 13:58:00.000000000,BEST_ASK,"JPM,99859,166"
2019-06-28 13:58:00.000000000,QUERY_SPREAD,77
2019-06-28 13:58:00.000000000,BEST_BID,"JPM,99685,162"
2019-06-28 13:58:00.000000000,BEST_ASK,"JPM,99859,166"
2019-06-28 13:58:00.000000000,LAST_TRADE,"4,$99685.0000"
2019-06-28 13:58:00.000000000,QUERY_SPREAD,78
2019-06-28 13:58:00.000000000,BEST_BID,"JPM,99685,154"
2019-06-28 13:58:00.000000000,BEST_ASK,"JPM,99859,166"
2019-06-28 13:58:00.000000000,LAST_TRADE,"8,$99685.0000"
2019-06-28 13:58:00.000000000,QUERY_SPREAD,79
2019-06-28 13:58:00.000000000,BEST_BID,"JPM,99685,153"
2019-06-28 13:58:00.000000000,BEST_ASK,"JPM,99859,166"
2019-06-28 13:58:00.000000000,LAST_TRADE,"1,$99685.0000"
2019-06-28 13:58:00.000000000,QUERY_SPREAD,80
2019-06-28 13:58:00.000000000,BEST_BID,"JPM,99685,148"
2019-06-28 13:58:00.000000000,BEST_ASK,"JPM,99859,166"
2019-06-28 13:58:00.000000000,LAST_TRADE,"5,$99685.0000"
2019-06-28 13:58:00.000000000,QUERY_SPREAD,81
2019-06-28 13:58:00.000000000,BEST_BID,"JPM,99685,143"
2019-06-28 13:58:00.000000000,BEST_ASK,"JPM,99859,166"
2019-06-28 13:58:00.000000000,LAST_TRADE,"5,$99685.0000"
2019-06-28 13:58:00.000000000,QUERY_SPREAD,82
2019-06-28 13:58:00.000000000,BEST_BID,"JPM,99685,137"
2019-06-28 13:58:00.000000000,BEST_ASK,"JPM,99859,166"
2019-06-28 13:58:00.000000000,LAST_TRADE,"6,$99685.0000"
2019-06-28 13:58:00.000000000,QUERY_SPREAD,83
2019-06-28 13:58:00.000000000,BEST_BID,"JPM,99685,133"
2019-06-28 13:58:00.000000000,BEST_ASK,"JPM,99859,166"
2019-06-28 13:58:00.000000000,LAST_TRADE,"4,$99685.0000"
2019-06-28 13:58:00.000000000,QUERY_SPREAD,84
2019-06-28 13:58:00.000000000,BEST_BID,"JPM,99685,128"
2019-06-28 13:58:00.000000000,BEST_ASK,"JPM,99859,166"
2019-06-28 13:58:00.000000000,LAST_TRADE,"5,$99685.0000"
2019-06-28 13:58:00.000000000,QUERY_SPREAD,85
2019-06-28 13:58:00.000000000,BEST_BID,"JPM,99685,123"
2019-06-28 13:58:00.000000000,BEST_ASK,"JPM,99859,166"
2019-06-28 13:58:00.000000000,LAST_TRADE,"5,$99685.0000"
2019-06-28 13:58:00.000000000,QUERY_SPREAD,86
2019-06-28 13:58:00.000000000,BEST_BID,"JPM,99685,114"
2019-06-28 13:58:00.000000000,BEST_ASK,"JPM,99859,166"
2019-06-28 13:58:00.000000000,LAST_TRADE,"9,$99685.0000"
2019-06-28 13:58:00.000000000,QUERY_SPREAD,87
2019-06-28 13:58:00.000000000,BEST_BID,"JPM,99685,112"
2019-06-28 13:58:00.000000000,BEST_ASK,"JPM,99859,166"
2019-06-28 13:58:00.000000000,LAST_TRADE,"2,$99685.0000"
2019-06-28 13:58:00.000000000,QUERY_SPREAD,88
2019-06-28 13:58:00.000000000,BEST_BID,"JPM,99685,104"
2019-06-28 13:58:00.000000000,BEST_ASK,"JPM,99859,166"
2019-06-28 13:58:00.000000000,LAST_TRADE,"8,$99685.0000"
2019-06-28 13:58:00.000000000,QUERY_SPREAD,89
2019-06-28 13:58:00.000000000,BEST_BID,"JPM,99685,97"
2019-06-28 13:58:00.000000000,BEST_ASK,"JPM,99859,166"
2019-06-28 13:58:00.000000000,LAST_TRADE,"7,$99685.0000"
2019-06-28 13:58:00.000000000,QUERY_SPREAD,90
2019-06-28 13:58:00.000000000,BEST_BID,"JPM,99685,91"
2019-06-28 13:58:00.000000000,BEST_ASK,"JPM,99859,166"
2019-06-28 13:58:00.000000000,LAST_TRADE,"6,$99685.0000"
2019-06-28 13:58:00.000000000,QUERY_SPREAD,91
2019-06-28 13:58:00.000000000,BEST_BID,"JPM,99685,86"
2019-06-28 13:58:00.000000000,BEST_ASK,"JPM,99859,166"
2019-06-28 13:58:00.000000000,LAST_TRADE,"5,$99685.0000"
2019-06-28 13:58:00.000000000,QUERY_SPREAD,92
2019-06-28 13:58:00.000000000,BEST_BID,"JPM,99685,85"
2019-06-28 13:58:00.000000000,BEST_ASK,"JPM,99859,166"
2019-06-28 13:58:00.000000000,LAST_TRADE,"1,$99685.0000"
2019-06-28 13:58:00.000000000,QUERY_SPREAD,93
2019-06-28 13:58:00.000000000,BEST_BID,"JPM,99685,83"
2019-06-28 13:58:00.000000000,BEST_ASK,"JPM,99859,166"
2019-06-28 13:58:00.000000000,LAST_TRADE,"2,$99685.0000"
2019-06-28 13:58:00.000000000,QUERY_SPREAD,94
2019-06-28 13:58:00.000000000,BEST_BID,"JPM,99685,81"
2019-06-28 13:58:00.000000000,BEST_ASK,"JPM,99859,166"
2019-06-28 13:58:00.000000000,LAST_TRADE,"2,$99685.0000"
2019-06-28 13:58:00.000000000,QUERY_SPREAD,95
2019-06-28 13:58:00.000000000,BEST_BID,"JPM,99685,74"
2019-06-28 13:58:00.000000000,BEST_ASK,"JPM,99859,166"
2019-06-28 13:58:00.000000000,LAST_TRADE,"7,$99685.0000"
2019-06-28 13:58:00.000000000,QUERY_SPREAD,96
2019-06-28 13:58:00.000000000,BEST_BID,"JPM,99685,67"
2019-06-28 13:58:00.000000000,BEST_ASK,"JPM,99859,166"
2019-06-28 13:58:00.000000000,LAST_TRADE,"7,$99685.0000"
2019-06-28 13:58:00.000000000,QUERY_SPREAD,97
2019-06-28 13:58:00.000000000,BEST_BID,"JPM,99685,61"
2019-06-28 13:58:00.000000000,BEST_ASK,"JPM,99859,166"
2019-06-28 13:58:00.000000000,LAST_TRADE,"6,$99685.0000"
2019-06-28 13:58:00.000000000,QUERY_SPREAD,98
2019-06-28 13:58:00.000000000,BEST_BID,"JPM,99685,57"
2019-06-28 13:58:00.000000000,BEST_ASK,"JPM,99859,166"
2019-06-28 13:58:00.000000000,LAST_TRADE,"4,$99685.0000"
2019-06-28 13:58:00.000000000,QUERY_SPREAD,99
2019-06-28 13:58:00.000000000,BEST_BID,"JPM,99685,55"
2019-06-28 13:58:00.000000000,BEST_ASK,"JPM,99859,166"
2019-06-28 13:58:00.000000000,LAST_TRADE,"2,$99685.0000"
2019-06-28 13:58:00.000000000,QUERY_SPREAD,100
2019-06-28 13:58:00.000000000,BEST_BID,"JPM,99685,49"
2019-06-28 13:58:00.000000000,BEST_ASK,"JPM,99859,166"
2019-06-28 13:58:00.000000000,LAST_TRADE,"6,$99685.0000"
2019-06-28 13:58:00.000000000,QUERY_SPREAD,101
2019-06-28 13:58:00.000000000,QUERY_ORDER_STREAM,101
2019-06-28 13:58:06.450239896,QUERY_SPREAD,10
2019-06-28 13:58:06.450239896,BEST_BID,"JPM,99674,132"
2019-06-28 13:58:06.450239896,BEST_ASK,"JPM,99685,51"
2019-06-28 13:58:06.450239896,LAST_TRADE,"49,$99685.0000"
2019-06-28 13:58:10.000000000,QUERY_SPREAD,1
2019-06-28 13:58:10.000000000,BEST_BID,"JPM,99674,132"
2019-06-28 13:58:10.000000000,BEST_ASK,"JPM,99685,51"
2019-06-28 13:58:10.000000000,BEST_BID,"JPM,99674,132"
2019-06-28 13:58:10.000000000,BEST_ASK,"JPM,99685,51"
2019-06-28 13:58:10.000000000,BEST_BID,"JPM,99674,132"
2019-06-28 13:58:10.000000000,BEST_ASK,"JPM,99685,51"
2019-06-28 13:58:10.000000000,BEST_BID,"JPM,99674,132"
2019-06-28 13:58:10.000000000,BEST_ASK,"JPM,99685,51"
2019-06-28 13:58:10.000000000,BEST_BID,"JPM,99674,132"
2019-06-28 13:58:10.000000000,BEST_ASK,"JPM,99685,51"
2019-06-28 13:58:10.000000000,BEST_BID,"JPM,99674,132"
2019-06-28 13:58:10.000000000,BEST_ASK,"JPM,99685,117"
2019-06-28 13:58:10.000000000,BEST_BID,"JPM,99674,132"
2019-06-28 13:58:10.000000000,BEST_ASK,"JPM,99685,117"
2019-06-28 13:58:10.000000000,BEST_BID,"JPM,99674,132"
2019-06-28 13:58:10.000000000,BEST_ASK,"JPM,99685,117"
2019-06-28 13:58:10.000000000,BEST_BID,"JPM,99674,132"
2019-06-28 13:58:10.000000000,BEST_ASK,"JPM,99685,117"
2019-06-28 13:58:10.000000000,BEST_BID,"JPM,99674,132"
2019-06-28 13:58:10.000000000,BEST_ASK,"JPM,99685,117"
2019-06-28 13:58:18.538237431,QUERY_SPREAD,49
2019-06-28 13:58:18.538237431,BEST_BID,"JPM,99674,132"
2019-06-28 13:58:18.538237431,BEST_ASK,"JPM,99685,117"
2019-06-28 13:58:20.000000000,QUERY_SPREAD,1
2019-06-28 13:58:20.000000000,BEST_BID,"JPM,99674,148"
2019-06-28 13:58:20.000000000,BEST_ASK,"JPM,99685,51"
2019-06-28 13:58:20.000000000,BEST_BID,"JPM,99674,148"
2019-06-28 13:58:20.000000000,BEST_ASK,"JPM,99685,51"
2019-06-28 13:58:20.000000000,BEST_BID,"JPM,99674,148"
2019-06-28 13:58:20.000000000,BEST_ASK,"JPM,99685,51"
2019-06-28 13:58:20.000000000,BEST_BID,"JPM,99674,148"
2019-06-28 13:58:20.000000000,BEST_ASK,"JPM,99685,51"
2019-06-28 13:58:20.000000000,BEST_BID,"JPM,99674,148"
2019-06-28 13:58:20.000000000,BEST_ASK,"JPM,99685,133"
2019-06-28 13:58:20.000000000,BEST_BID,"JPM,99674,148"
2019-06-28 13:58:20.000000000,BEST_ASK,"JPM,99685,133"
2019-06-28 13:58:20.000000000,BEST_BID,"JPM,99674,148"
2019-06-28 13:58:20.000000000,BEST_ASK,"JPM,99685,133"
2019-06-28 13:58:20.000000000,BEST_BID,"JPM,99674,148"
2019-06-28 13:58:20.000000000,BEST_ASK,"JPM,99685,133"
2019-06-28 13:58:25.922294959,QUERY_SPREAD,6
2019-06-28 13:58:25.922294959,BEST_BID,"JPM,99674,148"
2019-06-28 13:58:25.922294959,BEST_ASK,"JPM,99685,133"
2019-06-28 13:58:30.000000000,QUERY_SPREAD,1
2019-06-28 13:58:30.000000000,BEST_BID,"JPM,99674,394"
2019-06-28 13:58:30.000000000,BEST_ASK,"JPM,99685,51"
2019-06-28 13:58:30.000000000,BEST_BID,"JPM,99674,394"
2019-06-28 13:58:30.000000000,BEST_ASK,"JPM,99685,379"
2019-06-28 13:58:40.000000000,QUERY_SPREAD,1
2019-06-28 13:58:40.000000000,BEST_BID,"JPM,99674,230"
2019-06-28 13:58:40.000000000,BEST_ASK,"JPM,99685,51"
2019-06-28 13:58:40.000000000,BEST_BID,"JPM,99674,230"
2019-06-28 13:58:40.000000000,BEST_ASK,"JPM,99685,51"
2019-06-28 13:58:40.000000000,BEST_BID,"JPM,99674,230"
2019-06-28 13:58:40.000000000,BEST_ASK,"JPM,99685,215"
2019-06-28 13:58:40.000000000,BEST_BID,"JPM,99674,230"
2019-06-28 13:58:40.000000000,BEST_ASK,"JPM,99685,215"
2019-06-28 13:58:50.000000000,QUERY_SPREAD,1
2019-06-28 13:58:50.000000000,BEST_BID,"JPM,99674,230"
2019-06-28 13:58:50.000000000,BEST_ASK,"JPM,99685,51"
2019-06-28 13:58:50.000000000,BEST_BID,"JPM,99674,230"
2019-06-28 13:58:50.000000000,BEST_ASK,"JPM,99685,51"
2019-06-28 13:58:50.000000000,BEST_BID,"JPM,99674,230"
2019-06-28 13:58:50.000000000,BEST_ASK,"JPM,99685,215"
2019-06-28 13:58:50.000000000,BEST_BID,"JPM,99674,230"
2019-06-28 13:58:50.000000000,BEST_ASK,"JPM,99685,215"
2019-06-28 13:59:00.000000000,QUERY_SPREAD,1
2019-06-28 13:59:00.000000000,BEST_BID,"JPM,99674,148"
2019-06-28 13:59:00.000000000,BEST_ASK,"JPM,99685,51"
2019-06-28 13:59:00.000000000,BEST_BID,"JPM,99674,148"
2019-06-28 13:59:00.000000000,BEST_ASK,"JPM,99685,51"
2019-06-28 13:59:00.000000000,BEST_BID,"JPM,99674,148"
2019-06-28 13:59:00.000000000,BEST_ASK,"JPM,99685,51"
2019-06-28 13:59:00.000000000,BEST_BID,"JPM,99674,148"
2019-06-28 13:59:00.000000000,BEST_ASK,"JPM,99685,51"
2019-06-28 13:59:00.000000000,BEST_BID,"JPM,99674,148"
2019-06-28 13:59:00.000000000,BEST_ASK,"JPM,99685,133"
2019-06-28 13:59:00.000000000,BEST_BID,"JPM,99674,148"
2019-06-28 13:59:00.000000000,BEST_ASK,"JPM,99685,133"
2019-06-28 13:59:00.000000000,BEST_BID,"JPM,99674,148"
2019-06-28 13:59:00.000000000,BEST_ASK,"JPM,99685,133"
2019-06-28 13:59:00.000000000,BEST_BID,"JPM,99674,148"
2019-06-28 13:59:00.000000000,BEST_ASK,"JPM,99685,133"
2019-06-28 13:59:00.000000000,QUERY_SPREAD,77
2019-06-28 13:59:00.000000000,BEST_BID,"JPM,99674,144"
2019-06-28 13:59:00.000000000,BEST_ASK,"JPM,99685,133"
2019-06-28 13:59:00.000000000,LAST_TRADE,"4,$99674.0000"
2019-06-28 13:59:00.000000000,QUERY_SPREAD,78
2019-06-28 13:59:00.000000000,BEST_BID,"JPM,99674,136"
2019-06-28 13:59:00.000000000,BEST_ASK,"JPM,99685,133"
2019-06-28 13:59:00.000000000,LAST_TRADE,"8,$99674.0000"
2019-06-28 13:59:00.000000000,QUERY_SPREAD,79
2019-06-28 13:59:00.000000000,BEST_BID,"JPM,99674,135"
2019-06-28 13:59:00.000000000,BEST_ASK,"JPM,99685,133"
2019-06-28 13:59:00.000000000,LAST_TRADE,"1,$99674.0000"
2019-06-28 13:59:00.000000000,QUERY_SPREAD,80
2019-06-28 13:59:00.000000000,BEST_BID,"JPM,99674,130"
2019-06-28 13:59:00.000000000,BEST_ASK,"JPM,99685,133"
2019-06-28 13:59:00.000000000,LAST_TRADE,"5,$99674.0000"
2019-06-28 13:59:00.000000000,QUERY_SPREAD,81
2019-06-28 13:59:00.000000000,BEST_BID,"JPM,99674,125"
2019-06-28 13:59:00.000000000,BEST_ASK,"JPM,99685,133"
2019-06-28 13:59:00.000000000,LAST_TRADE,"5,$99674.0000"
2019-06-28 13:59:00.000000000,QUERY_SPREAD,82
2019-06-28 13:59:00.000000000,BEST_BID,"JPM,99674,119"
2019-06-28 13:59:00.000000000,BEST_ASK,"JPM,99685,133"
2019-06-28 13:59:00.000000000,LAST_TRADE,"6,$99674.0000"
2019-06-28 13:59:00.000000000,QUERY_SPREAD,83
2019-06-28 13:59:00.000000000,BEST_BID,"JPM,99674,115"
2019-06-28 13:59:00.000000000,BEST_ASK,"JPM,99685,133"
2019-06-28 13:59:00.000000000,LAST_TRADE,"4,$99674.0000"
2019-06-28 13:59:00.000000000,QUERY_SPREAD,84
2019-06-28 13:59:00.000000000,BEST_BID,"JPM,99674,110"
2019-06-28 13:59:00.000000000,BEST_ASK,"JPM,99685,133"
2019-06-28 13:59:00.000000000,LAST_TRADE,"5,$99674.0000"
2019-06-28 13:59:00.000000000,QUERY_SPREAD,85
2019-06-28 13:59:00.000000000,BEST_BID,"JPM,99674,105"
2019-06-28 13:59:00.000000000,BEST_ASK,"JPM,99685,133"
2019-06-28 13:59:00.000000000,LAST_TRADE,"5,$99674.0000"
2019-06-28 13:59:00.000000000,QUERY_SPREAD,86
2019-06-28 13:59:00.000000000,BEST_BID,"JPM,99674,96"
2019-06-28 13:59:00.000000000,BEST_ASK,"JPM,99685,133"
2019-06-28 13:59:00.000000000,LAST_TRADE,"9,$99674.0000"
2019-06-28 13:59:00.000000000,QUERY_SPREAD,87
2019-06-28 13:59:00.000000000,BEST_BID,"JPM,99674,94"
2019-06-28 13:59:00.000000000,BEST_ASK,"JPM,99685,133"
2019-06-28 13:59:00.000000000,LAST_TRADE,"2,$99674.0000"
2019-06-28 13:59:00.000000000,QUERY_SPREAD,88
2019-06-28 13:59:00.000000000,BEST_BID,"JPM,99674,86"
2019-06-28 13:59:00.000000000,BEST_ASK,"JPM,99685,133"
2019-06-28 13:59:00.000000000,LAST_TRADE,"8,$99674.0000"
2019-06-28 13:59:00.000000000,QUERY_SPREAD,89
2019-06-28 13:59:00.000000000,BEST_BID,"JPM,99674,79"
2019-06-28 13:59:00.000000000,BEST_ASK,"JPM,99685,133"
2019-06-28 13:59:00.000000000,LAST_TRADE,"7,$99674.0000"
2019-06-28 13:59:00.000000000,QUERY_SPREAD,90
2019-06-28 13:59:00.000000000,BEST_BID,"JPM,99674,73"
2019-06-28 13:59:00.000000000,BEST_ASK,"JPM,99685,133"
2019-06-28 13:59:00.000000000,LAST_TRADE,"6,$99674.0000"
2019-06-28 13:59:00.000000000,QUERY_SPREAD,91
2019-06-28 13:59:00.000000000,BEST_BID,"JPM,99674,68"
2019-06-28 13:59:00.000000000,BEST_ASK,"JPM,99685,133"
2019-06-28 13:59:00.000000000,LAST_TRADE,"5,$99674.0000"
2019-06-28 13:59:00.000000000,QUERY_SPREAD,92
2019-06-28 13:59:00.000000000,BEST_BID,"JPM,99674,67"
2019-06-28 13:59:00.000000000,BEST_ASK,"JPM,99685,133"
2019-06-28 13:59:00.000000000,LAST_TRADE,"1,$99674.0000"
2019-06-28 13:59:00.000000000,QUERY_SPREAD,93
2019-06-28 13:59:00.000000000,BEST_BID,"JPM,99674,65"
2019-06-28 13:59:00.000000000,BEST_ASK,"JPM,99685,133"
2019-06-28 13:59:00.000000000,LAST_TRADE,"2,$99674.0000"
2019-06-28 13:59:00.000000000,QUERY_SPREAD,94
2019-06-28 13:59:00.000000000,BEST_BID,"JPM,99674,63"
2019-06-28 13:59:00.000000000,BEST_ASK,"JPM,99685,133"
2019-06-28 13:59:00.000000000,LAST_TRADE,"2,$99674.0000"
2019-06-28 13:59:00.000000000,QUERY_SPREAD,95
2019-06-28 13:59:00.000000000,BEST_BID,"JPM,99674,56"
2019-06-28 13:59:00.000000000,BEST_ASK,"JPM,99685,133"
2019-06-28 13:59:00.000000000,LAST_TRADE,"7,$99674.0000"
2019-06-28 13:59:00.000000000,QUERY_SPREAD,96
2019-06-28 13:59:00.000000000,BEST_BID,"JPM,99674,49"
2019-06-28 13:59:00.000000000,BEST_ASK,"JPM,99685,133"
2019-06-28 13:59:00.000000000,LAST_TRADE,"7,$99674.0000"
2019-06-28 13:59:00.000000000,QUERY_SPREAD,97
2019-06-28 13:59:00.000000000,BEST_BID,"JPM,99674,43"
2019-06-28 13:59:00.000000000,BEST_ASK,"JPM,99685,133"
2019-06-28 13:59:00.000000000,LAST_TRADE,"6,$99674.0000"
2019-06-28 13:59:00.000000000,QUERY_SPREAD,98
2019-06-28 13:59:00.000000000,BEST_BID,"JPM,99674,39"
2019-06-28 13:59:00.000000000,BEST_ASK,"JPM,99685,133"
2019-06-28 13:59:00.000000000,LAST_TRADE,"4,$99674.0000"
2019-06-28 13:59:00.000000000,QUERY_SPREAD,99
2019-06-28 13:59:00.000000000,BEST_BID,"JPM,99674,37"
2019-06-28 13:59:00.000000000,BEST_ASK,"JPM,99685,133"
2019-06-28 13:59:00.000000000,LAST_TRADE,"2,$99674.0000"
2019-06-28 13:59:00.000000000,QUERY_SPREAD,100
2019-06-28 13:59:00.000000000,BEST_BID,"JPM,99674,31"
2019-06-28 13:59:00.000000000,BEST_ASK,"JPM,99685,133"
2019-06-28 13:59:00.000000000,LAST_TRADE,"6,$99674.0000"
2019-06-28 13:59:00.000000000,QUERY_SPREAD,101
2019-06-28 13:59:00.000000000,QUERY_ORDER_STREAM,101
2019-06-28 13:59:10.000000000,QUERY_SPREAD,1
2019-06-28 13:59:10.000000000,BEST_BID,"JPM,99619,182"
2019-06-28 13:59:10.000000000,BEST_ASK,"JPM,99685,51"
2019-06-28 13:59:10.000000000,BEST_BID,"JPM,99619,182"
2019-06-28 13:59:10.000000000,BEST_ASK,"JPM,99685,51"
2019-06-28 13:59:10.000000000,BEST_BID,"JPM,99619,182"
2019-06-28 13:59:10.000000000,BEST_ASK,"JPM,99685,51"
2019-06-28 13:59:10.000000000,BEST_BID,"JPM,99619,182"
2019-06-28 13:59:10.000000000,BEST_ASK,"JPM,99685,51"
2019-06-28 13:59:10.000000000,BEST_BID,"JPM,99619,182"
2019-06-28 13:59:10.000000000,BEST_ASK,"JPM,99685,133"
2019-06-28 13:59:10.000000000,BEST_BID,"JPM,99619,182"
2019-06-28 13:59:10.000000000,BEST_ASK,"JPM,99685,133"
2019-06-28 13:59:10.000000000,BEST_BID,"JPM,99619,182"
2019-06-28 13:59:10.000000000,BEST_ASK,"JPM,99685,133"
2019-06-28 13:59:10.000000000,BEST_BID,"JPM,99619,182"
2019-06-28 13:59:10.000000000,BEST_ASK,"JPM,99685,133"
2019-06-28 13:59:20.000000000,QUERY_SPREAD,1
2019-06-28 13:59:20.000000000,BEST_BID,"JPM,99619,428"
2019-06-28 13:59:20.000000000,BEST_ASK,"JPM,99685,51"
2019-06-28 13:59:20.000000000,BEST_BID,"JPM,99619,428"
2019-06-28 13:59:20.000000000,BEST_ASK,"JPM,99685,379"
2019-06-28 13:59:30.000000000,QUERY_SPREAD,1
2019-06-28 13:59:30.000000000,BEST_BID,"JPM,99619,428"
2019-06-28 13:59:30.000000000,BEST_ASK,"JPM,99685,51"
2019-06-28 13:59:30.000000000,BEST_BID,"JPM,99619,428"
2019-06-28 13:59:30.000000000,BEST_ASK,"JPM,99685,379"
2019-06-28 13:59:40.000000000,QUERY_SPREAD,1
2019-06-28 13:59:40.000000000,BEST_BID,"JPM,99619,182"
2019-06-28 13:59:40.000000000,BEST_ASK,"JPM,99685,51"
2019-06-28 13:59:40.000000000,BEST_BID,"JPM,99619,182"
2019-06-28 13:59:40.000000000,BEST_ASK,"JPM,99685,51"
2019-06-28 13:59:40.000000000,BEST_BID,"JPM,99619,182"
2019-06-28 13:59:40.000000000,BEST_ASK,"JPM,99685,51"
2019-06-28 13:59:40.000000000,BEST_BID,"JPM,99619,182"
2019-06-28 13:59:40.000000000,BEST_ASK,"JPM,99685,51"
2019-06-28 13:59:40.000000000,BEST_BID,"JPM,99619,182"
2019-06-28 13:59:40.000000000,BEST_ASK,"JPM,99685,133"
2019-06-28 13:59:40.000000000,BEST_BID,"JPM,99619,182"
2019-06-28 13:59:40.000000000,BEST_ASK,"JPM,99685,133"
2019-06-28 13:59:40.000000000,BEST_BID,"JPM,99619,182"
2019-06-28 13:59:40.000000000,BEST_ASK,"JPM,99685,133"
2019-06-28 13:59:40.000000000,BEST_BID,"JPM,99619,182"
2019-06-28 13:59:40.000000000,BEST_ASK,"JPM,99685,133"
2019-06-28 13:59:44.354464442,QUERY_SPREAD,9
2019-06-28 13:59:44.354464442,BEST_BID,"JPM,99619,182"
2019-06-28 13:59:44.354464442,BEST_ASK,"JPM,99685,33"
2019-06-28 13:59:44.354464442,LAST_TRADE,"100,$99685.0000"
2019-06-28 13:59:50.000000000,QUERY_SPREAD,1
2019-06-28 13:59:50.000000000,BEST_BID,"JPM,99619,428"
2019-06-28 13:59:50.000000000,BEST_ASK,"JPM,99699,100"
2019-06-28 13:59:50.000000000,BEST_BID,"JPM,99619,428"
2019-06-28 13:59:50.000000000,BEST_ASK,"JPM,99699,428"
2019-06-28 14:00:00.000000000,QUERY_SPREAD,1
2019-06-28 14:00:00.000000000,BEST_BID,"JPM,99619,166"
2019-06-28 14:00:00.000000000,BEST_ASK,"JPM,99699,100"
2019-06-28 14:00:00.000000000,BEST_BID,"JPM,99619,166"
2019-06-28 14:00:00.000000000,BEST_ASK,"JPM,99699,100"
2019-06-28 14:00:00.000000000,BEST_BID,"JPM,99619,166"
2019-06-28 14:00:00.000000000,BEST_ASK,"JPM,99699,100"
2019-06-28 14:00:00.000000000,BEST_BID,"JPM,99619,166"
2019-06-28 14:00:00.000000000,BEST_ASK,"JPM,99699,100"
2019-06-28 14:00:00.000000000,BEST_BID,"JPM,99619,166"
2019-06-28 14:00:00.000000000,BEST_ASK,"JPM,99699,100"
2019-06-28 14:00:00.000000000,BEST_BID,"JPM,99619,166"
2019-06-28 14:00:00.000000000,BEST_ASK,"JPM,99699,166"
2019-06-28 14:00:00.000000000,BEST_BID,"JPM,99619,166"
2019-06-28 14:00:00.000000000,BEST_ASK,"JPM,99699,166"
2019-06-28 14:00:00.000000000,BEST_BID,"JPM,99619,166"
2019-06-28 14:00:00.000000000,BEST_ASK,"JPM,99699,166"
2019-06-28 14:00:00.000000000,BEST_BID,"JPM,99619,166"
2019-06-28 14:00:00.000000000,BEST_ASK,"JPM,99699,166"
2019-06-28 14:00:00.000000000,BEST_BID,"JPM,99619,166"
2019-06-28 14:00:00.000000000,BEST_ASK,"JPM,99699,166"
2019-06-28 14:00:00.000000000,QUERY_SPREAD,77
2019-06-28 14:00:00.000000000,BEST_BID,"JPM,99619,162"
2019-06-28 14:00:00.000000000,BEST_ASK,"JPM,99699,166"
2019-06-28 14:00:00.000000000,LAST_TRADE,"4,$99619.0000"
2019-06-28 14:00:00.000000000,QUERY_SPREAD,78
2019-06-28 14:00:00.000000000,BEST_BID,"JPM,99619,154"
2019-06-28 14:00:00.000000000,BEST_ASK,"JPM,99699,166"
2019-06-28 14:00:00.000000000,LAST_TRADE,"8,$99619.0000"
2019-06-28 14:00:00.000000000,QUERY_SPREAD,79
2019-06-28 14:00:00.000000000,BEST_BID,"JPM,99619,153"
2019-06-28 14:00:00.000000000,BEST_ASK,"JPM,99699,166"
2019-06-28 14:00:00.000000000,LAST_TRADE,"1,$99619.0000"
2019-06-28 14:00:00.000000000,QUERY_SPREAD,80
2019-06-28 14:00:00.000000000,BEST_BID,"JPM,99619,148"
2019-06-28 14:00:00.000000000,BEST_ASK,"JPM,99699,166"
2019-06-28 14:00:00.000000000,LAST_TRADE,"5,$99619.0000"
2019-06-28 14:00:00.000000000,QUERY_SPREAD,81
2019-06-28 14:00:00.000000000,BEST_BID,"JPM,99619,143"
2019-06-28 14:00:00.000000000,BEST_ASK,"JPM,99699,166"
2019-06-28 14:00:00.000000000,LAST_TRADE,"5,$99619.0000"
2019-06-28 14:00:00.000000000,QUERY_SPREAD,82
2019-06-28 14:00:00.000000000,BEST_BID,"JPM,99619,137"
2019-06-28 14:00:00.000000000,BEST_ASK,"JPM,99699,166"
2019-06-28 14:00:00.000000000,LAST_TRADE,"6,$99619.0000"
2019-06-28 14:00:00.000000000,QUERY_SPREAD,83
2019-06-28 14:00:00.000000000,BEST_BID,"JPM,99619,133"
2019-06-28 14:00:00.000000000,BEST_ASK,"JPM,99699,166"
2019-06-28 14:00:00.000000000,LAST_TRADE,"4,$99619.0000"
2019-06-28 14:00:00.000000000,QUERY_SPREAD,84
2019-06-28 14:00:00.000000000,BEST_BID,"JPM,99619,128"
2019-06-28 14:00:00.000000000,BEST_ASK,"JPM,99699,166"
2019-06-28 14:00:00.000000000,LAST_TRADE,"5,$99619.0000"
2019-06-28 14:00:00.000000000,QUERY_SPREAD,85
2019-06-28 14:00:00.000000000,BEST_BID,"JPM,99619,123"
2019-06-28 14:00:00.000000000,BEST_ASK,"JPM,99699,166"
2019-06-28 14:00:00.000000000,LAST_TRADE,"5,$99619.0000"
2019-06-28 14:00:00.000000000,QUERY_SPREAD,86
2019-06-28 14:00:00.000000000,BEST_BID,"JPM,99619,114"
2019-06-28 14:00:00.000000000,BEST_ASK,"JPM,99699,166"
2019-06-28 14:00:00.000000000,LAST_TRADE,"9,$99619.0000"
2019-06-28 14:00:00.000000000,QUERY_SPREAD,87
2019-06-28 14:00:00.000000000,BEST_BID,"JPM,99619,112"
2019-06-28 14:00:00.000000000,BEST_ASK,"JPM,99699,166"
2019-06-28 14:00:00.000000000,LAST_TRADE,"2,$99619.0000"
2019-06-28 14:00:00.000000000,QUERY_SPREAD,88
2019-06-28 14:00:00.000000000,BEST_BID,"JPM,99619,104"
2019-06-28 14:00:00.000000000,BEST_ASK,"JPM,99699,166"
2019-06-28 14:00:00.000000000,LAST_TRADE,"8,$99619.0000"
2019-06-28 14:00:00.000000000,QUERY_SPREAD,89
2019-06-28 14:00:00.000000000,BEST_BID,"JPM,99619,97"
2019-06-28 14:00:00.000000000,BEST_ASK,"JPM,99699,166"
2019-06-28 14:00:00.000000000,LAST_TRADE,"7,$99619.0000"
2019-06-28 14:00:00.000000000,QUERY_SPREAD,90
2019-06-28 14:00:00.000000000,BEST_BID,"JPM,99619,91"
2019-06-28 14:00:00.000000000,BEST_ASK,"JPM,99699,166"
2019-06-28 14:00:00.000000000,LAST_TRADE,"6,$99619.0000"
2019-06-28 14:00:00.000000000,QUERY_SPREAD,91
2019-06-28 14:00:00.000000000,BEST_BID,"JPM,99619,86"
2019-06-28 14:00:00.000000000,BEST_ASK,"JPM,99699,166"
2019-06-28 14:00:00.000000000,LAST_TRADE,"5,$99619.0000"
2019-06-28 14:00:00.000000000,QUERY_SPREAD,92
2019-06-28 14:00:00.000000000,BEST_BID,"JPM,99619,85"
2019-06-28 14:00:00.000000000,BEST_ASK,"JPM,99699,166"
2019-06-28 14:00:00.000000000,LAST_TRADE,"1,$99619.0000"
2019-06-28 14:00:00.000000000,QUERY_SPREAD,93
2019-06-28 14:00:00.000000000,BEST_BID,"JPM,99619,83"
2019-06-28 14:00:00.000000000,BEST_ASK,"JPM,99699,166"
2019-06-28 14:00:00.000000000,LAST_TRADE,"2,$99619.0000"
2019-06-28 14:00:00.000000000,QUERY_SPREAD,94
2019-06-28 14:00:00.000000000,BEST_BID,"JPM,99619,81"
2019-06-28 14:00:00.000000000,BEST_ASK,"JPM,99699,166"
2019-06-28 14:00:00.000000000,LAST_TRADE,"2,$99619.0000"
2019-06-28 14:00:00.000000000,QUERY_SPREAD,95
2019-06-28 14:00:00.000000000,BEST_BID,"JPM,99619,74"
2019-06-28 14:00:00.000000000,BEST_ASK,"JPM,99699,166"
2019-06-28 14:00:00.000000000,LAST_TRADE,"7,$99619.0000"
2019-06-28 14:00:00.000000000,QUERY_SPREAD,96
2019-06-28 14:00:00.000000000,BEST_BID,"JPM,99619,67"
2019-06-28 14:00:00.000000000,BEST_ASK,"JPM,99699,166"
2019-06-28 14:00:00.000000000,LAST_TRADE,"7,$99619.0000"
2019-06-28 14:00:00.000000000,QUERY_SPREAD,97
2019-06-28 14:00:00.000000000,BEST_BID,"JPM,99619,61"
2019-06-28 14:00:00.000000000,BEST_ASK,"JPM,99699,166"
2019-06-28 14:00:00.000000000,LAST_TRADE,"6,$99619.0000"
2019-06-28 14:00:00.000000000,QUERY_SPREAD,98
2019-06-28 14:00:00.000000000,BEST_BID,"JPM,99619,57"
2019-06-28 14:00:00.000000000,BEST_ASK,"JPM,99699,166"
2019-06-28 14:00:00.000000000,LAST_TRADE,"4,$99619.0000"
2019-06-28 14:00:00.000000000,QUERY_SPREAD,99
2019-06-28 14:00:00.000000000,BEST_BID,"JPM,99619,55"
2019-06-28 14:00:00.000000000,BEST_ASK,"JPM,99699,166"
2019-06-28 14:00:00.000000000,LAST_TRADE,"2,$99619.0000"
2019-06-28 14:00:00.000000000,QUERY_SPREAD,100
2019-06-28 14:00:00.000000000,BEST_BID,"JPM,99619,49"
2019-06-28 14:00:00.000000000,BEST_ASK,"JPM,99699,166"
2019-06-28 14:00:00.000000000,LAST_TRADE,"6,$99619.0000"
2019-06-28 14:00:00.000000000,QUERY_SPREAD,101
2019-06-28 14:00:00.000000000,QUERY_ORDER_STREAM,101
2019-06-28 14:00:10.000000000,QUERY_SPREAD,1
2019-06-28 14:00:10.000000000,BEST_BID,"JPM,99514,264"
2019-06-28 14:00:10.000000000,BEST_ASK,"JPM,99699,100"
2019-06-28 14:00:10.000000000,BEST_BID,"JPM,99514,264"
2019-06-28 14:00:10.000000000,BEST_ASK,"JPM,99699,100"
2019-06-28 14:00:10.000000000,BEST_BID,"JPM,99514,264"
2019-06-28 14:00:10.000000000,BEST_ASK,"JPM,99699,264"
2019-06-28 14:00:10.000000000,BEST_BID,"JPM,99514,264"
2019-06-28 14:00:10.000000000,BEST_ASK,"JPM,99699,264"
2019-06-28 14:00:10.510550712,QUERY_SPREAD,10
2019-06-28 14:00:10.510550712,BEST_BID,"JPM,99673,100"
2019-06-28 14:00:10.510550712,BEST_ASK,"JPM,99699,264"
2019-06-28 14:00:20.000000000,QUERY_SPREAD,1
2019-06-28 14:00:20.000000000,BEST_BID,"JPM,99673,428"
2019-06-28 14:00:20.000000000,BEST_ASK,"JPM,99699,100"
2019-06-28 14:00:20.000000000,BEST_BID,"JPM,99673,428"
2019-06-28 14:00:20.000000000,BEST_ASK,"JPM,99699,428"
2019-06-28 14:00:30.000000000,QUERY_SPREAD,1
2019-06-28 14:00:30.000000000,BEST_BID,"JPM,99673,182"
2019-06-28 14:00:30.000000000,BEST_ASK,"JPM,99699,100"
2019-06-28 14:00:30.000000000,BEST_BID,"JPM,99673,182"
2019-06-28 14:00:30.000000000,BEST_ASK,"JPM,99699,100"
2019-06-28 14:00:30.000000000,BEST_BID,"JPM,99673,182"
2019-06-28 14:00:30.000000000,BEST_ASK,"JPM,99699,100"
2019-06-28 14:00:30.000000000,BEST_BID,"JPM,99673,182"
2019-06-28 14:00:30.000000000,BEST_ASK,"JPM,99699,100"
2019-06-28 14:00:30.000000000,BEST_BID,"JPM,99673,182"
2019-06-28 14:00:30.000000000,BEST_ASK,"JPM,99699,182"
2019-06-28 14:00:30.000000000,BEST_BID,"JPM,99673,182"
2019-06-28 14:00:30.000000000,BEST_ASK,"JPM,99699,182"
2019-06-28 14:00:30.000000000,BEST_BID,"JPM,99673,182"
2019-06-28 14:00:30.000000000,BEST_ASK,"JPM,99699,182"
2019-06-28 14:00:30.000000000,BEST_BID,"JPM,99673,182"
2019-06-28 14:00:30.000000000,BEST_ASK,"JPM,99699,182"
2019-06-28 14:00:31.083504970,QUERY_ORDER_STREAM,74
2019-06-28 14:00:31.083504970,QUERY_SPREAD,74
2019-06-28 14:00:31.083504970,BEST_BID,"JPM,99673,182"
2019-06-28 14:00:31.083504970,BEST_ASK,"JPM,99699,182"
2019-06-28 14:00:40.000000000,QUERY_SPREAD,1
2019-06-28 14:00:40.000000000,BEST_BID,"JPM,99673,166"
2019-06-28 14:00:40.000000000,BEST_ASK,"JPM,99699,100"
2019-06-28 14:00:40.000000000,BEST_BID,"JPM,99673,166"
2019-06-28 14:00:40.000000000,BEST_ASK,"JPM,99699,100"
2019-06-28 14:00:40.000000000,BEST_BID,"JPM,99673,166"
2019-06-28 14:00:40.000000000,BEST_ASK,"JPM,99699,100"
2019-06-28 14:00:40.000000000,BEST_BID,"JPM,99673,166"
2019-06-28 14:00:40.000000000,BEST_ASK,"JPM,99699,100"
2019-06-28 14:00:40.000000000,BEST_BID,"JPM,99673,166"
2019-06-28 14:00:40.000000000,BEST_ASK,"JPM,99699,100"
2019-06-28 14:00:40.000000000,BEST_BID,"JPM,99673,166"
2019-06-28 14:00:40.000000000,BEST_ASK,"JPM,99699,166"
2019-06-28 14:00:40.000000000,BEST_BID,"JPM,99673,166"
2019-06-28 14:00:40.000000000,BEST_ASK,"JPM,99699,166"
2019-06-28 14:00:40.000000000,BEST_BID,"JPM,99673,166"
2019-06-28 14:00:40.000000000,BEST_ASK,"JPM,99699,166"
2019-06-28 14:00:40.000000000,BEST_BID,"JPM,99673,166"
2019-06-28 14:00:40.000000000,BEST_ASK,"JPM,99699,166"
2019-06-28 14:00:40.000000000,BEST_BID,"JPM,99673,166"
2019-06-28 14:00:40.000000000,BEST_ASK,"JPM,99699,166"
2019-06-28 14:00:41.190045448,QUERY_ORDER_STREAM,63
2019-06-28 14:00:41.190045448,QUERY_SPREAD,63
2019-06-28 14:00:50.000000000,QUERY_SPREAD,1
2019-06-28 14:00:50.000000000,BEST_BID,"JPM,99673,212"
2019-06-28 14:00:50.000000000,BEST_ASK,"JPM,99699,100"
2019-06-28 14:00:50.000000000,BEST_BID,"JPM,99673,212"
2019-06-28 14:00:50.000000000,BEST_ASK,"JPM,99699,100"
2019-06-28 14:00:50.000000000,BEST_BID,"JPM,99673,212"
2019-06-28 14:00:50.000000000,BEST_ASK,"JPM,99699,100"
2019-06-28 14:00:50.000000000,BEST_BID,"JPM,99673,212"
2019-06-28 14:00:50.000000000,BEST_ASK,"JPM,99699,212"
2019-06-28 14:00:50.000000000,BEST_BID,"JPM,99673,212"
2019-06-28 14:00:50.000000000,BEST_ASK,"JPM,99699,212"
2019-06-28 14:00:50.000000000,BEST_BID,"JPM,99673,212"
2019-06-28 14:00:50.000000000,BEST_ASK,"JPM,99699,212"
2019-06-28 14:01:00.000000000,QUERY_SPREAD,1
2019-06-28 14:01:00.000000000,BEST_BID,"JPM,99673,264"
2019-06-28 14:01:00.000000000,BEST_ASK,"JPM,99699,100"
2019-06-28 14:01:00.000000000,BEST_BID,"JPM,99673,264"
2019-06-28 14:01:00.000000000,BEST_ASK,"JPM,99699,100"
2019-06-28 14:01:00.000000000,BEST_BID,"JPM,99673,264"
2019-06-28 14:01:00.000000000,BEST_ASK,"JPM,99699,264"
2019-06-28 14:01:00.000000000,BEST_BID,"JPM,99673,264"
2019-06-28 14:01:00.000000000,BEST_ASK,"JPM,99699,264"
2019-06-28 14:01:00.000000000,QUERY_SPREAD,77
2019-06-28 14:01:00.000000000,BEST_BID,"JPM,99673,260"
2019-06-28 14:01:00.000000000,BEST_ASK,"JPM,99699,264"
2019-06-28 14:01:00.000000000,LAST_TRADE,"4,$99673.0000"
2019-06-28 14:01:00.000000000,QUERY_SPREAD,78
2019-06-28 14:01:00.000000000,BEST_BID,"JPM,99673,252"
2019-06-28 14:01:00.000000000,BEST_ASK,"JPM,99699,264"
2019-06-28 14:01:00.000000000,LAST_TRADE,"8,$99673.0000"
2019-06-28 14:01:00.000000000,QUERY_SPREAD,79
2019-06-28 14:01:00.000000000,BEST_BID,"JPM,99673,251"
2019-06-28 14:01:00.000000000,BEST_ASK,"JPM,99699,264"
2019-06-28 14:01:00.000000000,LAST_TRADE,"1,$99673.0000"
2019-06-28 14:01:00.000000000,QUERY_SPREAD,80
2019-06-28 14:01:00.000000000,BEST_BID,"JPM,99673,246"
2019-06-28 14:01:00.000000000,BEST_ASK,"JPM,99699,264"
2019-06-28 14:01:00.000000000,LAST_TRADE,"5,$99673.0000"
2019-06-28 14:01:00.000000000,QUERY_SPREAD,81
2019-06-28 14:01:00.000000000,BEST_BID,"JPM,99673,241"
2019-06-28 14:01:00.000000000,BEST_ASK,"JPM,99699,264"
2019-06-28 14:01:00.000000000,LAST_TRADE,"5,$99673.0000"
2019-06-28 14:01:00.000000000,QUERY_SPREAD,82
2019-06-28 14:01:00.000000000,BEST_BID,"JPM,99673,235"
2019-06-28 14:01:00.000000000,BEST_ASK,"JPM,99699,264"
2019-06-28 14:01:00.000000000,LAST_TRADE,"6,$99673.0000"
2019-06-28 14:01:00.000000000,QUERY_SPREAD,83
2019-06-28 14:01:00.000000000,BEST_BID,"JPM,99673,231"
2019-06-28 14:01:00.000000000,BEST_ASK,"JPM,99699,264"
2019-06-28 14:01:00.000000000,LAST_TRADE,"4,$99673.0000"
2019-06-28 14:01:00.000000000,QUERY_SPREAD,84
2019-06-28 14:01:00.000000000,BEST_BID,"JPM,99673,226"
2019-06-28 14:01:00.000000000,BEST_ASK,"JPM,99699,264"
2019-06-28 14:01:00.000000000,LAST_TRADE,"5,$99673.0000"
2019-06-28 14:01:00.000000000,QUERY_SPREAD,85
2019-06-28 14:01:00.000000000,BEST_BID,"JPM,99673,221"
2019-06-28 14:01:00.000000000,BEST_ASK,"JPM,99699,264"
2019-06-28 14:01:00.000000000,LAST_TRADE,"5,$99673.0000"
2019-06-28 14:01:00.000000000,QUERY_SPREAD,86
2019-06-28 14:01:00.000000000,BEST_BID,"JPM,99673,212"
2019-06-28 14:01:00.000000000,BEST_ASK,"JPM,99699,264"
2019-06-28 14:01:00.000000000,LAST_TRADE,"9,$99673.0000"
2019-06-28 14:01:00.000000000,QUERY_SPREAD,87
2019-06-28 14:01:00.000000000,BEST_BID,"JPM,99673,210"
2019-06-28 14:01:00.000000000,BEST_ASK,"JPM,99699,264"
2019-06-28 14:01:00.000000000,LAST_TRADE,"2,$99673.0000"
2019-06-28 14:01:00.000000000,QUERY_SPREAD,88
2019-06-28 14:01:00.000000000,BEST_BID,"JPM,99673,202"
2019-06-28 14:01:00.000000000,BEST_ASK,"JPM,99699,264"
2019-06-28 14:01:00.000000000,LAST_TRADE,"8,$99673.0000"
2019-06-28 14:01:00.000000000,QUERY_SPREAD,89
2019-06-28 14:01:00.000000000,BEST_BID,"JPM,99673,195"
2019-06-28 14:01:00.000000000,BEST_ASK,"JPM,99699,264"
2019-06-28 14:01:00.000000000,LAST_TRADE,"7,$99673.0000"
2019-06-28 14:01:00.000000000,QUERY_SPREAD,90
2019-06-28 14:01:00.000000000,BEST_BID,"JPM,99673,189"
2019-06-28 14:01:00.000000000,BEST_ASK,"JPM,99699,264"
2019-06-28 14:01:00.000000000,LAST_TRADE,"6,$99673.0000"
2019-06-28 14:01:00.000000000,QUERY_SPREAD,91
2019-06-28 14:01:00.000000000,BEST_BID,"JPM,99673,184"
2019-06-28 14:01:00.000000000,BEST_ASK,"JPM,99699,264"
2019-06-28 14:01:00.000000000,LAST_TRADE,"5,$99673.0000"
2019-06-28 14:01:00.000000000,QUERY_SPREAD,92
2019-06-28 14:01:00.000000000,BEST_BID,"JPM,99673,183"
2019-06-28 14:01:00.000000000,BEST_ASK,"JPM,99699,264"
2019-06-28 14:01:00.000000000,LAST_TRADE,"1,$99673.0000"
2019-06-28 14:01:00.000000000,QUERY_SPREAD,93
2019-06-28 14:01:00.000000000,BEST_BID,"JPM,99673,181"
2019-06-28 14:01:00.000000000,BEST_ASK,"JPM,99699,264"
2019-06-28 14:01:00.000000000,LAST_TRADE,"2,$99673.0000"
2019-06-28 14:01:00.000000000,QUERY_SPREAD,94
2019-06-28 14:01:00.000000000,BEST_BID,"JPM,99673,179"
2019-06-28 14:01:00.000000000,BEST_ASK,"JPM,99699,264"
2019-06-28 14:01:00.000000000,LAST_TRADE,"2,$99673.0000"
2019-06-28 14:01:00.000000000,QUERY_SPREAD,95
2019-06-28 14:01:00.000000000,BEST_BID,"JPM,99673,172"
2019-06-28 14:01:00.000000000,BEST_ASK,"JPM,99699,264"
2019-06-28 14:01:00.000000000,LAST_TRADE,"7,$99673.0000"
2019-06-28 14:01:00.000000000,QUERY_SPREAD,96
2019-06-28 14:01:00.000000000,BEST_BID,"JPM,99673,165"
2019-06-28 14:01:00.000000000,BEST_ASK,"JPM,99699,264"
2019-06-28 14:01:00.000000000,LAST_TRADE,"7,$99673.0000"
2019-06-28 14:01:00.000000000,QUERY_SPREAD,97
2019-06-28 14:01:00.000000000,BEST_BID,"JPM,99673,159"
2019-06-28 14:01:00.000000000,BEST_ASK,"JPM,99699,264"
2019-06-28 14:01:00.000000000,LAST_TRADE,"6,$99673.0000"
2019-06-28 14:01:00.000000000,QUERY_SPREAD,98
2019-06-28 14:01:00.000000000,BEST_BID,"JPM,99673,155"
2019-06-28 14:01:00.000000000,BEST_ASK,"JPM,99699,264"
2019-06-28 14:01:00.000000000,LAST_TRADE,"4,$99673.0000"
2019-06-28 14:01:00.000000000,QUERY_SPREAD,99
2019-06-28 14:01:00.000000000,BEST_BID,"JPM,99673,153"
2019-06-28 14:01:00.000000000,BEST_ASK,"JPM,99699,264"
2019-06-28 14:01:00.000000000,LAST_TRADE,"2,$99673.0000"
2019-06-28 14:01:00.000000000,QUERY_SPREAD,100
2019-06-28 14:01:00.000000000,BEST_BID,"JPM,99673,147"
2019-06-28 14:01:00.000000000,BEST_ASK,"JPM,99699,264"
2019-06-28 14:01:00.000000000,LAST_TRADE,"6,$99673.0000"
2019-06-28 14:01:00.000000000,QUERY_SPREAD,101
2019-06-28 14:01:00.000000000,QUERY_ORDER_STREAM,101
2019-06-28 14:01:05.437725361,QUERY_SPREAD,18
2019-06-28 14:01:05.437725361,BEST_BID,"JPM,99673,47"
2019-06-28 14:01:05.437725361,BEST_ASK,"JPM,99699,264"
2019-06-28 14:01:05.437725361,LAST_TRADE,"100,$99673.0000"
2019-06-28 14:01:10.000000000,QUERY_SPREAD,1
2019-06-28 14:01:10.000000000,BEST_BID,"JPM,99619,166"
2019-06-28 14:01:10.000000000,BEST_ASK,"JPM,99699,100"
2019-06-28 14:01:10.000000000,BEST_BID,"JPM,99619,166"
2019-06-28 14:01:10.000000000,BEST_ASK,"JPM,99699,100"
2019-06-28 14:01:10.000000000,BEST_BID,"JPM,99619,166"
2019-06-28 14:01:10.000000000,BEST_ASK,"JPM,99699,100"
2019-06-28 14:01:10.000000000,BEST_BID,"JPM,99619,166"
2019-06-28 14:01:10.000000000,BEST_ASK,"JPM,99699,100"
2019-06-28 14:01:10.000000000,BEST_BID,"JPM,99619,166"
2019-06-28 14:01:10.000000000,BEST_ASK,"JPM,99699,100"
2019-06-28 14:01:10.000000000,BEST_BID,"JPM,99619,166"
2019-06-28 14:01:10.000000000,BEST_ASK,"JPM,99699,166"
2019-06-28 14:01:10.000000000,BEST_BID,"JPM,99619,166"
2019-06-28 14:01:10.000000000,BEST_ASK,"JPM,99699,166"
2019-06-28 14:01:10.000000000,BEST_BID,"JPM,99619,166"
2019-06-28 14:01:10.000000000,BEST_ASK,"JPM,99699,166"
2019-06-28 14:01:10.000000000,BEST_BID,"JPM,99619,166"
2019-06-28 14:01:10.000000000,BEST_ASK,"JPM,99699,166"
2019-06-28 14:01:10.000000000,BEST_BID,"JPM,99619,166"
2019-06-28 14:01:10.000000000,BEST_ASK,"JPM,99699,166"
2019-06-28 14:01:15.339174311,QUERY_ORDER_STREAM,69
2019-06-28 14:01:15.339174311,QUERY_SPREAD,69
2019-06-28 14:01:15.339174311,BEST_BID,"JPM,99673,100"
2019-06-28 14:01:15.339174311,BEST_ASK,"JPM,99699,166"
2019-06-28 14:01:20.000000000,QUERY_SPREAD,1
2019-06-28 14:01:20.000000000,BEST_BID,"JPM,99673,264"
2019-06-28 14:01:20.000000000,BEST_ASK,"JPM,99699,100"
2019-06-28 14:01:20.000000000,BEST_BID,"JPM,99673,264"
2019-06-28 14:01:20.000000000,BEST_ASK,"JPM,99699,100"
2019-06-28 14:01:20.000000000,BEST_BID,"JPM,99673,264"
2019-06-28 14:01:20.000000000,BEST_ASK,"JPM,99699,264"
2019-06-28 14:01:20.000000000,BEST_BID,"JPM,99673,264"
2019-06-28 14:01:20.000000000,BEST_ASK,"JPM,99699,264"
2019-06-28 14:01:29.529219376,QUERY_SPREAD,49
2019-06-28 14:01:29.529219376,BEST_BID,"JPM,99678,100"
2019-06-28 14:01:29.529219376,BEST_ASK,"JPM,99699,264"
2019-06-28 14:01:30.000000000,QUERY_SPREAD,1
2019-06-28 14:01:30.000000000,BEST_BID,"JPM,99678,166"
2019-06-28 14:01:30.000000000,BEST_ASK,"JPM,99699,100"
2019-06-28 14:01:30.000000000,BEST_BID,"JPM,99678,166"
2019-06-28 14:01:30.000000000,BEST_ASK,"JPM,99699,100"
2019-06-28 14:01:30.000000000,BEST_BID,"JPM,99678,166"
2019-06-28 14:01:30.000000000,BEST_ASK,"JPM,99699,100"
2019-06-28 14:01:30.000000000,BEST_BID,"JPM,99678,166"
2019-06-28 14:01:30.000000000,BEST_ASK,"JPM,99699,100"
2019-06-28 14:01:30.000000000,BEST_BID,"JPM,99678,166"
2019-06-28 14:01:30.000000000,BEST_ASK,"JPM,99699,100"
2019-06-28 14:01:30.000000000,BEST_BID,"JPM,99678,166"
2019-06-28 14:01:30.000000000,BEST_ASK,"JPM,99699,166"
2019-06-28 14:01:30.000000000,BEST_BID,"JPM,99678,166"
2019-06-28 14:01:30.000000000,BEST_ASK,"JPM,99699,166"
2019-06-28 14:01:30.000000000,BEST_BID,"JPM,99678,166"
2019-06-28 14:01:30.000000000,BEST_ASK,"JPM,99699,166"
2019-06-28 14:01:30.000000000,BEST_BID,"JPM,99678,166"
2019-06-28 14:01:30.000000000,BEST_ASK,"JPM,99699,166"
2019-06-28 14:01:30.000000000,BEST_BID,"JPM,99678,166"
2019-06-28 14:01:30.000000000,BEST_ASK,"JPM,99699,166"
2019-06-28 14:01:40.000000000,QUERY_SPREAD,1
2019-06-28 14:01:40.000000000,BEST_BID,"JPM,99678,212"
2019-06-28 14:01:40.000000000,BEST_ASK,"JPM,99699,100"
2019-06-28 14:01:40.000000000,BEST_BID,"JPM,99678,212"
2019-06-28 14:01:40.000000000,BEST_ASK,"JPM,99699,100"
2019-06-28 14:01:40.000000000,BEST_BID,"JPM,99678,212"
2019-06-28 14:01:40.000000000,BEST_ASK,"JPM,99699,100"
2019-06-28 14:01:40.000000000,BEST_BID,"JPM,99678,212"
2019-06-28 14:01:40.000000000,BEST_ASK,"JPM,99699,212"
2019-06-28 14:01:40.000000000,BEST_BID,"JPM,99678,212"
2019-06-28 14:01:40.000000000,BEST_ASK,"JPM,99699,212"
2019-06-28 14:01:40.000000000,BEST_BID,"JPM,99678,212"
2019-06-28 14:01:40.000000000,BEST_ASK,"JPM,99699,212"
2019-06-28 14:01:50.000000000,QUERY_SPREAD,1
2019-06-28 14:01:50.000000000,BEST_BID,"JPM,99678,428"
2019-06-28 14:01:50.000000000,BEST_ASK,"JPM,99699,100"
2019-06-28 14:01:50.000000000,BEST_BID,"JPM,99678,428"
2019-06-28 14:01:50.000000000,BEST_ASK,"JPM,99699,428"
2019-06-28 14:01:54.657443635,QUERY_ORDER_STREAM,69
2019-06-28 14:01:54.657443635,QUERY_SPREAD,69
2019-06-28 14:01:54.657443635,BEST_BID,"JPM,99678,428"
2019-06-28 14:01:54.657443635,BEST_ASK,"JPM,99699,428"
2019-06-28 14:02:00.000000000,QUERY_SPREAD,1
2019-06-28 14:02:00.000000000,BEST_BID,"JPM,99678,182"
2019-06-28 14:02:00.000000000,BEST_ASK,"JPM,99699,100"
2019-06-28 14:02:00.000000000,BEST_BID,"JPM,99678,182"
2019-06-28 14:02:00.000000000,BEST_ASK,"JPM,99699,100"
2019-06-28 14:02:00.000000000,BEST_BID,"JPM,99678,182"
2019-06-28 14:02:00.000000000,BEST_ASK,"JPM,99699,100"
2019-06-28 14:02:00.000000000,BEST_BID,"JPM,99678,182"
2019-06-28 14:02:00.000000000,BEST_ASK,"JPM,99699,100"
2019-06-28 14:02:00.000000000,BEST_BID,"JPM,99678,182"
2019-06-28 14:02:00.000000000,BEST_ASK,"JPM,99699,182"
2019-06-28 14:02:00.000000000,BEST_BID,"JPM,99678,182"
2019-06-28 14:02:00.000000000,BEST_ASK,"JPM,99699,182"
2019-06-28 14:02:00.000000000,BEST_BID,"JPM,99678,182"
2019-06-28 14:02:00.000000000,BEST_ASK,"JPM,99699,182"
2019-06-28 14:02:00.000000000,BEST_BID,"JPM,99678,182"
2019-06-28 14:02:00.000000000,BEST_ASK,"JPM,99699,182"
2019-06-28 14:02:00.000000000,QUERY_SPREAD,77
2019-06-28 14:02:00.000000000,BEST_BID,"JPM,99678,178"
2019-06-28 14:02:00.000000000,BEST_ASK,"JPM,99699,182"
2019-06-28 14:02:00.000000000,LAST_TRADE,"4,$99678.0000"
2019-06-28 14:02:00.000000000,QUERY_SPREAD,78
2019-06-28 14:02:00.000000000,BEST_BID,"JPM,99678,170"
2019-06-28 14:02:00.000000000,BEST_ASK,"JPM,99699,182"
2019-06-28 14:02:00.000000000,LAST_TRADE,"8,$99678.0000"
2019-06-28 14:02:00.000000000,QUERY_SPREAD,79
2019-06-28 14:02:00.000000000,BEST_BID,"JPM,99678,169"
2019-06-28 14:02:00.000000000,BEST_ASK,"JPM,99699,182"
2019-06-28 14:02:00.000000000,LAST_TRADE,"1,$99678.0000"
2019-06-28 14:02:00.000000000,QUERY_SPREAD,80
2019-06-28 14:02:00.000000000,BEST_BID,"JPM,99678,164"
2019-06-28 14:02:00.000000000,BEST_ASK,"JPM,99699,182"
2019-06-28 14:02:00.000000000,LAST_TRADE,"5,$99678.0000"
2019-06-28 14:02:00.000000000,QUERY_SPREAD,81
2019-06-28 14:02:00.000000000,BEST_BID,"JPM,99678,159"
2019-06-28 14:02:00.000000000,BEST_ASK,"JPM,99699,182"
2019-06-28 14:02:00.000000000,LAST_TRADE,"5,$99678.0000"
2019-06-28 14:02:00.000000000,QUERY_SPREAD,82
2019-06-28 14:02:00.000000000,BEST_BID,"JPM,99678,153"
2019-06-28 14:02:00.000000000,BEST_ASK,"JPM,99699,182"
2019-06-28 14:02:00.000000000,LAST_TRADE,"6,$99678.0000"
2019-06-28 14:02:00.000000000,QUERY_SPREAD,83
2019-06-28 14:02:00.000000000,BEST_BID,"JPM,99678,149"
2019-06-28 14:02:00.000000000,BEST_ASK,"JPM,99699,182"
2019-06-28 14:02:00.000000000,LAST_TRADE,"4,$99678.0000"
2019-06-28 14:02:00.000000000,QUERY_SPREAD,84
2019-06-28 14:02:00.000000000,BEST_BID,"JPM,99678,144"
2019-06-28 14:02:00.000000000,BEST_ASK,"JPM,99699,182"
2019-06-28 14:02:00.000000000,LAST_TRADE,"5,$99678.0000"
2019-06-28 14:02:00.000000000,QUERY_SPREAD,85
2019-06-28 14:02:00.000000000,BEST_BID,"JPM,99678,139"
2019-06-28 14:02:00.000000000,BEST_ASK,"JPM,99699,182"
2019-06-28 14:02:00.000000000,LAST_TRADE,"5,$99678.0000"
2019-06-28 14:02:00.000000000,QUERY_SPREAD,86
2019-06-28 14:02:00.000000000,BEST_BID,"JPM,99678,130"
2019-06-28 14:02:00.000000000,BEST_ASK,"JPM,99699,182"
2019-06-28 14:02:00.000000000,LAST_TRADE,"9,$99678.0000"
2019-06-28 14:02:00.000000000,QUERY_SPREAD,87
2019-06-28 14:02:00.000000000,BEST_BID,"JPM,99678,128"
2019-06-28 14:02:00.000000000,BEST_ASK,"JPM,99699,182"
2019-06-28 14:02:00.000000000,LAST_TRADE,"2,$99678.0000"
2019-06-28 14:02:00.000000000,QUERY_SPREAD,88
2019-06-28 14:02:00.000000000,BEST_BID,"JPM,99678,120"
2019-06-28 14:02:00.000000000,BEST_ASK,"JPM,99699,182"
2019-06-28 14:02:00.000000000,LAST_TRADE,"8,$99678.0000"
2019-06-28 14:02:00.000000000,QUERY_SPREAD,89
2019-06-28 14:02:00.000000000,BEST_BID,"JPM,99678,113"
2019-06-28 14:02:00.000000000,BEST_ASK,"JPM,99699,182"
2019-06-28 14:02:00.000000000,LAST_TRADE,"7,$99678.0000"
2019-06-28 14:02:00.000000000,QUERY_SPREAD,90
2019-06-28 14:02:00.000000000,BEST_BID,"JPM,99678,107"
2019-06-28 14:02:00.000000000,BEST_ASK,"JPM,99699,182"
2019-06-28 14:02:00.000000000,LAST_TRADE,"6,$99678.0000"
2019-06-28 14:02:00.000000000,QUERY_SPREAD,91
2019-06-28 14:02:00.000000000,BEST_BID,"JPM,99678,102"
2019-06-28 14:02:00.000000000,BEST_ASK,"JPM,99699,182"
2019-06-28 14:02:00.000000000,LAST_TRADE,"5,$99678.0000"
2019-06-28 14:02:00.000000000,QUERY_SPREAD,92
2019-06-28 14:02:00.000000000,BEST_BID,"JPM,99678,101"
2019-06-28 14:02:00.000000000,BEST_ASK,"JPM,99699,182"
2019-06-28 14:02:00.000000000,LAST_TRADE,"1,$99678.0000"
2019-06-28 14:02:00.000000000,QUERY_SPREAD,93
2019-06-28 14:02:00.000000000,BEST_BID,"JPM,99678,99"
2019-06-28 14:02:00.000000000,BEST_ASK,"JPM,99699,182"
2019-06-28 14:02:00.000000000,LAST_TRADE,"2,$99678.0000"
2019-06-28 14:02:00.000000000,QUERY_SPREAD,94
2019-06-28 14:02:00.000000000,BEST_BID,"JPM,99678,97"
2019-06-28 14:02:00.000000000,BEST_ASK,"JPM,99699,182"
2019-06-28 14:02:00.000000000,LAST_TRADE,"2,$99678.0000"
2019-06-28 14:02:00.000000000,QUERY_SPREAD,95
2019-06-28 14:02:00.000000000,BEST_BID,"JPM,99678,90"
2019-06-28 14:02:00.000000000,BEST_ASK,"JPM,99699,182"
2019-06-28 14:02:00.000000000,LAST_TRADE,"7,$99678.0000"
2019-06-28 14:02:00.000000000,QUERY_SPREAD,96
2019-06-28 14:02:00.000000000,BEST_BID,"JPM,99678,83"
2019-06-28 14:02:00.000000000,BEST_ASK,"JPM,99699,182"
2019-06-28 14:02:00.000000000,LAST_TRADE,"7,$99678.0000"
2019-06-28 14:02:00.000000000,QUERY_SPREAD,97
2019-06-28 14:02:00.000000000,BEST_BID,"JPM,99678,77"
2019-06-28 14:02:00.000000000,BEST_ASK,"JPM,99699,182"
2019-06-28 14:02:00.000000000,LAST_TRADE,"6,$99678.0000"
2019-06-28 14:02:00.000000000,QUERY_SPREAD,98
2019-06-28 14:02:00.000000000,BEST_BID,"JPM,99678,73"
2019-06-28 14:02:00.000000000,BEST_ASK,"JPM,99699,182"
2019-06-28 14:02:00.000000000,LAST_TRADE,"4,$99678.0000"
2019-06-28 14:02:00.000000000,QUERY_SPREAD,99
2019-06-28 14:02:00.000000000,BEST_BID,"JPM,99678,71"
2019-06-28 14:02:00.000000000,BEST_ASK,"JPM,99699,182"
2019-06-28 14:02:00.000000000,LAST_TRADE,"2,$99678.0000"
2019-06-28 14:02:00.000000000,QUERY_SPREAD,100
2019-06-28 14:02:00.000000000,BEST_BID,"JPM,99678,65"
2019-06-28 14:02:00.000000000,BEST_ASK,"JPM,99699,182"
2019-06-28 14:02:00.000000000,LAST_TRADE,"6,$99678.0000"
2019-06-28 14:02:00.000000000,QUERY_SPREAD,101
2019-06-28 14:02:00.000000000,QUERY_ORDER_STREAM,101
2019-06-28 14:02:02.335425650,QUERY_ORDER_STREAM,56
2019-06-28 14:02:02.335425650,QUERY_SPREAD,56
2019-06-28 14:02:02.335425650,BEST_BID,"JPM,99678,165"
2019-06-28 14:02:02.335425650,BEST_ASK,"JPM,99699,182"
2019-06-28 14:02:07.982905030,QUERY_SPREAD,40
2019-06-28 14:02:07.982905030,BEST_BID,"JPM,99678,165"
2019-06-28 14:02:07.982905030,BEST_ASK,"JPM,99699,182"
2019-06-28 14:02:10.000000000,QUERY_SPREAD,1
2019-06-28 14:02:10.000000000,BEST_BID,"JPM,99678,182"
2019-06-28 14:02:10.000000000,BEST_ASK,"JPM,99699,100"
2019-06-28 14:02:10.000000000,BEST_BID,"JPM,99678,182"
2019-06-28 14:02:10.000000000,BEST_ASK,"JPM,99699,100"
2019-06-28 14:02:10.000000000,BEST_BID,"JPM,99678,182"
2019-06-28 14:02:10.000000000,BEST_ASK,"JPM,99699,100"
2019-06-28 14:02:10.000000000,BEST_BID,"JPM,99678,182"
2019-06-28 14:02:10.000000000,BEST_ASK,"JPM,99699,100"
2019-06-28 14:02:10.000000000,BEST_BID,"JPM,99678,182"
2019-06-28 14:02:10.000000000,BEST_ASK,"JPM,99699,182"
2019-06-28 14:02:10.000000000,BEST_BID,"JPM,99678,182"
2019-06-28 14:02:10.000000000,BEST_ASK,"JPM,99699,182"
2019-06-28 14:02:10.000000000,BEST_BID,"JPM,99678,182"
2019-06-28 14:02:10.000000000,BEST_ASK,"JPM,99699,182"
2019-06-28 14:02:10.000000000,BEST_BID,"JPM,99678,182"
2019-06-28 14:02:10.000000000,BEST_ASK,"JPM,99699,182"
2019-06-28 14:02:14.731754846,QUERY_ORDER_STREAM,69
2019-06-28 14:02:14.731754846,QUERY_SPREAD,69
2019-06-28 14:02:16.335279653,QUERY_SPREAD,31
2019-06-28 14:02:16.335279653,BEST_BID,"JPM,99678,182"
2019-06-28 14:02:16.335279653,BEST_ASK,"JPM,99699,182"
2019-06-28 14:02:20.000000000,QUERY_SPREAD,1
2019-06-28 14:02:20.000000000,BEST_BID,"JPM,99678,264"
2019-06-28 14:02:20.000000000,BEST_ASK,"JPM,99699,100"
2019-06-28 14:02:20.000000000,BEST_BID,"JPM,99678,264"
2019-06-28 14:02:20.000000000,BEST_ASK,"JPM,99699,100"
2019-06-28 14:02:20.000000000,BEST_BID,"JPM,99678,264"
2019-06-28 14:02:20.000000000,BEST_ASK,"JPM,99699,264"
2019-06-28 14:02:20.000000000,BEST_BID,"JPM,99678,264"
2019-06-28 14:02:20.000000000,BEST_ASK,"JPM,99699,264"
2019-06-28 14:02:22.175364050,QUERY_SPREAD,4
2019-06-28 14:02:22.175364050,BEST_BID,"JPM,99678,264"
2019-06-28 14:02:22.175364050,BEST_ASK,"JPM,99699,164"
2019-06-28 14:02:22.175364050,LAST_TRADE,"100,$99699.0000"
2019-06-28 14:02:29.137240352,QUERY_SPREAD,14
2019-06-28 14:02:29.137240352,BEST_BID,"JPM,99678,264"
2019-06-28 14:02:29.137240352,BEST_ASK,"JPM,99699,64"
2019-06-28 14:02:29.137240352,LAST_TRADE,"100,$99699.0000"
2019-06-28 14:02:30.000000000,QUERY_SPREAD,1
2019-06-28 14:02:30.000000000,BEST_BID,"JPM,99678,182"
2019-06-28 14:02:30.000000000,BEST_ASK,"JPM,99775,100"
2019-06-28 14:02:30.000000000,BEST_BID,"JPM,99678,182"
2019-06-28 14:02:30.000000000,BEST_ASK,"JPM,99775,100"
2019-06-28 14:02:30.000000000,BEST_BID,"JPM,99678,182"
2019-06-28 14:02:30.000000000,BEST_ASK,"JPM,99775,100"
2019-06-28 14:02:30.000000000,BEST_BID,"JPM,99678,182"
2019-06-28 14:02:30.000000000,BEST_ASK,"JPM,99775,100"
2019-06-28 14:02:30.000000000,BEST_BID,"JPM,99678,182"
2019-06-28 14:02:30.000000000,BEST_ASK,"JPM,99775,182"
2019-06-28 14:02:30.000000000,BEST_BID,"JPM,99678,182"
2019-06-28 14:02:30.000000000,BEST_ASK,"JPM,99775,182"
2019-06-28 14:02:30.000000000,BEST_BID,"JPM,99678,182"
2019-06-28 14:02:30.000000000,BEST_ASK,"JPM,99775,182"
2019-06-28 14:02:30.000000000,BEST_BID,"JPM,99678,182"
2019-06-28 14:02:30.000000000,BEST_ASK,"JPM,99775,182"
2019-06-28 14:02:40.000000000,QUERY_SPREAD,1
2019-06-28 14:02:40.000000000,BEST_BID,"JPM,99678,428"
2019-06-28 14:02:40.000000000,BEST_ASK,"JPM,99775,100"
2019-06-28 14:02:40.000000000,BEST_BID,"JPM,99678,428"
2019-06-28 14:02:40.000000000,BEST_ASK,"JPM,99775,428"
2019-06-28 14:02:40.251692300,QUERY_SPREAD,13
2019-06-28 14:02:40.251692300,BEST_BID,"JPM,99678,428"
2019-06-28 14:02:40.251692300,BEST_ASK,"JPM,99775,428"
2019-06-28 14:02:45.274903345,QUERY_SPREAD,41
2019-06-28 14:02:45.274903345,BEST_BID,"JPM,99678,428"
2019-06-28 14:02:45.274903345,BEST_ASK,"JPM,99775,428"
2019-06-28 14:02:50.000000000,QUERY_SPREAD,1
2019-06-28 14:02:50.000000000,BEST_BID,"JPM,99678,182"
2019-06-28 14:02:50.000000000,BEST_ASK,"JPM,99775,100"
2019-06-28 14:02:50.000000000,BEST_BID,"JPM,99678,182"
2019-06-28 14:02:50.000000000,BEST_ASK,"JPM,99775,100"
2019-06-28 14:02:50.000000000,BEST_BID,"JPM,99678,182"
2019-06-28 14:02:50.000000000,BEST_ASK,"JPM,99775,100"
2019-06-28 14:02:50.000000000,BEST_BID,"JPM,99678,182"
2019-06-28 14:02:50.000000000,BEST_ASK,"JPM,99775,100"
2019-06-28 14:02:50.000000000,BEST_BID,"JPM,99678,182"
2019-06-28 14:02:50.000000000,BEST_ASK,"JPM,99775,182"
2019-06-28 14:02:50.000000000,BEST_BID,"JPM,99678,182"
2019-06-28 14:02:50.000000000,BEST_ASK,"JPM,99775,182"
2019-06-28 14:02:50.000000000,BEST_BID,"JPM,99678,182"
2019-06-28 14:02:50.000000000,BEST_ASK,"JPM,99775,182"
2019-06-28 14:02:50.000000000,BEST_BID,"JPM,99678,182"
2019-06-28 14:02:50.000000000,BEST_ASK,"JPM,99775,182"
2019-06-28 14:03:00.000000000,QUERY_SPREAD,1
2019-06-28 14:03:00.000000000,BEST_BID,"JPM,99678,428"
2019-06-28 14:03:00.000000000,BEST_ASK,"JPM,99775,100"
2019-06-28 14:03:00.000000000,BEST_BID,"JPM,99678,428"
2019-06-28 14:03:00.000000000,BEST_ASK,"JPM,99775,428"
2019-06-28 14:03:00.000000000,QUERY_SPREAD,77
2019-06-28 14:03:00.000000000,BEST_BID,"JPM,99678,424"
2019-06-28 14:03:00.000000000,BEST_ASK,"JPM,99775,428"
2019-06-28 14:03:00.000000000,LAST_TRADE,"4,$99678.0000"
2019-06-28 14:03:00.000000000,QUERY_SPREAD,78
2019-06-28 14:03:00.000000000,BEST_BID,"JPM,99678,416"
2019-06-28 14:03:00.000000000,BEST_ASK,"JPM,99775,428"
2019-06-28 14:03:00.000000000,LAST_TRADE,"8,$99678.0000"
2019-06-28 14:03:00.000000000,QUERY_SPREAD,79
2019-06-28 14:03:00.000000000,BEST_BID,"JPM,99678,415"
2019-06-28 14:03:00.000000000,BEST_ASK,"JPM,99775,428"
2019-06-28 14:03:00.000000000,LAST_TRADE,"1,$99678.0000"
2019-06-28 14:03:00.000000000,QUERY_SPREAD,80
2019-06-28 14:03:00.000000000,BEST_BID,"JPM,99678,410"
2019-06-28 14:03:00.000000000,BEST_ASK,"JPM,99775,428"
2019-06-28 14:03:00.000000000,LAST_TRADE,"5,$99678.0000"
2019-06-28 14:03:00.000000000,QUERY_SPREAD,81
2019-06-28 14:03:00.000000000,BEST_BID,"JPM,99678,405"
2019-06-28 14:03:00.000000000,BEST_ASK,"JPM,99775,428"
2019-06-28 14:03:00.000000000,LAST_TRADE,"5,$99678.0000"
2019-06-28 14:03:00.000000000,QUERY_SPREAD,82
2019-06-28 14:03:00.000000000,BEST_BID,"JPM,99678,399"
2019-06-28 14:03:00.000000000,BEST_ASK,"JPM,99775,428"
2019-06-28 14:03:00.000000000,LAST_TRADE,"6,$99678.0000"
2019-06-28 14:03:00.000000000,QUERY_SPREAD,83
2019-06-28 14:03:00.000000000,BEST_BID,"JPM,99678,395"
2019-06-28 14:03:00.000000000,BEST_ASK,"JPM,99775,428"
2019-06-28 14:03:00.000000000,LAST_TRADE,"4,$99678.0000"
2019-06-28 14:03:00.000000000,QUERY_SPREAD,84
2019-06-28 14:03:00.000000000,BEST_BID,"JPM,99678,390"
2019-06-28 14:03:00.000000000,BEST_ASK,"JPM,99775,428"
2019-06-28 14:03:00.000000000,LAST_TRADE,"5,$99678.0000"
2019-06-28 14:03:00.000000000,QUERY_SPREAD,85
2019-06-28 14:03:00.000000000,BEST_BID,"JPM,99678,385"
2019-06-28 14:03:00.000000000,BEST_ASK,"JPM,99775,428"
2019-06-28 14:03:00.000000000,LAST_TRADE,"5,$99678.0000"
2019-06-28 14:03:00.000000000,QUERY_SPREAD,86
2019-06-28 14:03:00.000000000,BEST_BID,"JPM,99678,376"
2019-06-28 14:03:00.000000000,BEST_ASK,"JPM,99775,428"
2019-06-28 14:03:00.000000000,LAST_TRADE,"9,$99678.0000"
2019-06-28 14:03:00.000000000,QUERY_SPREAD,87
2019-06-28 14:03:00.000000000,BEST_BID,"JPM,99678,374"
2019-06-28 14:03:00.000000000,BEST_ASK,"JPM,99775,428"
2019-06-28 14:03:00.000000000,LAST_TRADE,"2,$99678.0000"
2019-06-28 14:03:00.000000000,QUERY_SPREAD,88
2019-06-28 14:03:00.000000000,BEST_BID,"JPM,99678,366"
2019-06-28 14:03:00.000000000,BEST_ASK,"JPM,99775,428"
2019-06-28 14:03:00.000000000,LAST_TRADE,"8,$99678.0000"
2019-06-28 14:03:00.000000000,QUERY_SPREAD,89
2019-06-28 14:03:00.000000000,BEST_BID,"JPM,99678,359"
2019-06-28 14:03:00.000000000,BEST_ASK,"JPM,99775,428"
2019-06-28 14:03:00.000000000,LAST_TRADE,"7,$99678.0000"
2019-06-28 14:03:00.000000000,QUERY_SPREAD,90
2019-06-28 14:03:00.000000000,BEST_BID,"JPM,99678,353"
2019-06-28 14:03:00.000000000,BEST_ASK,"JPM,99775,428"
2019-06-28 14:03:00.000000000,LAST_TRADE,"6,$99678.0000"
2019-06-28 14:03:00.000000000,QUERY_SPREAD,91
2019-06-28 14:03:00.000000000,BEST_BID,"JPM,99678,348"
2019-06-28 14:03:00.000000000,BEST_ASK,"JPM,99775,428"
2019-06-28 14:03:00.000000000,LAST_TRADE,"5,$99678.0000"
2019-06-28 14:03:00.000000000,QUERY_SPREAD,92
2019-06-28 14:03:00.000000000,BEST_BID,"JPM,99678,347"
2019-06-28 14:03:00.000000000,BEST_ASK,"JPM,99775,428"
2019-06-28 14:03:00.000000000,LAST_TRADE,"1,$99678.0000"
2019-06-28 14:03:00.000000000,QUERY_SPREAD,93
2019-06-28 14:03:00.000000000,BEST_BID,"JPM,99678,345"
2019-06-28 14:03:00.000000000,BEST_ASK,"JPM,99775,428"
2019-06-28 14:03:00.000000000,LAST_TRADE,"2,$99678.0000"
2019-06-28 14:03:00.000000000,QUERY_SPREAD,94
2019-06-28 14:03:00.000000000,BEST_BID,"JPM,99678,343"
2019-06-28 14:03:00.000000000,BEST_ASK,"JPM,99775,428"
2019-06-28 14:03:00.000000000,LAST_TRADE,"2,$99678.0000"
2019-06-28 14:03:00.000000000,QUERY_SPREAD,95
2019-06-28 14:03:00.000000000,BEST_BID,"JPM,99678,336"
2019-06-28 14:03:00.000000000,BEST_ASK,"JPM,99775,428"
2019-06-28 14:03:00.000000000,LAST_TRADE,"7,$99678.0000"
2019-06-28 14:03:00.000000000,QUERY_SPREAD,96
2019-06-28 14:03:00.000000000,BEST_BID,"JPM,99678,329"
2019-06-28 14:03:00.000000000,BEST_ASK,"JPM,99775,428"
2019-06-28 14:03:00.000000000,LAST_TRADE,"7,$99678.0000"
2019-06-28 14:03:00.000000000,QUERY_SPREAD,97
2019-06-28 14:03:00.000000000,BEST_BID,"JPM,99678,323"
2019-06-28 14:03:00.000000000,BEST_ASK,"JPM,99775,428"
2019-06-28 14:03:00.000000000,LAST_TRADE,"6,$99678.0000"
2019-06-28 14:03:00.000000000,QUERY_SPREAD,98
2019-06-28 14:03:00.000000000,BEST_BID,"JPM,99678,319"
2019-06-28 14:03:00.000000000,BEST_ASK,"JPM,99775,428"
2019-06-28 14:03:00.000000000,LAST_TRADE,"4,$99678.0000"
2019-06-28 14:03:00.000000000,QUERY_SPREAD,99
2019-06-28 14:03:00.000000000,BEST_BID,"JPM,99678,317"
2019-06-28 14:03:00.000000000,BEST_ASK,"JPM,99775,428"
2019-06-28 14:03:00.000000000,LAST_TRADE,"2,$99678.0000"
2019-06-28 14:03:00.000000000,QUERY_SPREAD,100
2019-06-28 14:03:00.000000000,BEST_BID,"JPM,99678,311"
2019-06-28 14:03:00.000000000,BEST_ASK,"JPM,99775,428"
2019-06-28 14:03:00.000000000,LAST_TRADE,"6,$99678.0000"
2019-06-28 14:03:00.000000000,QUERY_SPREAD,101
2019-06-28 14:03:00.000000000,QUERY_ORDER_STREAM,101
2019-06-28 14:03:10.000000000,QUERY_SPREAD,1
2019-06-28 14:03:10.000000000,BEST_BID,"JPM,99619,212"
2019-06-28 14:03:10.000000000,BEST_ASK,"JPM,99775,100"
2019-06-28 14:03:10.000000000,BEST_BID,"JPM,99619,212"
2019-06-28 14:03:10.000000000,BEST_ASK,"JPM,99775,100"
2019-06-28 14:03:10.000000000,BEST_BID,"JPM,99619,212"
2019-06-28 14:03:10.000000000,BEST_ASK,"JPM,99775,100"
2019-06-28 14:03:10.000000000,BEST_BID,"JPM,99619,212"
2019-06-28 14:03:10.000000000,BEST_ASK,"JPM,99775,212"
2019-06-28 14:03:10.000000000,BEST_BID,"JPM,99619,212"
2019-06-28 14:03:10.000000000,BEST_ASK,"JPM,99775,212"
2019-06-28 14:03:10.000000000,BEST_BID,"JPM,99619,212"
2019-06-28 14:03:10.000000000,BEST_ASK,"JPM,99775,212"
2019-06-28 14:03:14.913808532,QUERY_SPREAD,5
2019-06-28 14:03:14.913808532,BEST_BID,"JPM,99619,212"
2019-06-28 14:03:14.913808532,BEST_ASK,"JPM,99775,212"
2019-06-28 14:03:20.000000000,QUERY_SPREAD,1
2019-06-28 14:03:20.000000000,BEST_BID,"JPM,99619,166"
2019-06-28 14:03:20.000000000,BEST_ASK,"JPM,99775,100"
2019-06-28 14:03:20.000000000,BEST_BID,"JPM,99619,166"
2019-06-28 14:03:20.000000000,BEST_ASK,"JPM,99775,100"
2019-06-28 14:03:20.000000000,BEST_BID,"JPM,99619,166"
2019-06-28 14:03:20.000000000,BEST_ASK,"JPM,99775,100"
2019-06-28 14:03:20.000000000,BEST_BID,"JPM,99619,166"
2019-06-28 14:03:20.000000000,BEST_ASK,"JPM,99775,100"
2019-06-28 14:03:20.000000000,BEST_BID,"JPM,99619,166"
2019-06-28 14:03:20.000000000,BEST_ASK,"JPM,99775,100"
2019-06-28 14:03:20.000000000,BEST_BID,"JPM,99619,166"
2019-06-28 14:03:20.000000000,BEST_ASK,"JPM,99775,166"
2019-06-28 14:03:20.000000000,BEST_BID,"JPM,99619,166"
2019-06-28 14:03:20.000000000,BEST_ASK,"JPM,99775,166"
2019-06-28 14:03:20.000000000,BEST_BID,"JPM,99619,166"
2019-06-28 14:03:20.000000000,BEST_ASK,"JPM,99775,166"
2019-06-28 14:03:20.000000000,BEST_BID,"JPM,99619,166"
2019-06-28 14:03:20.000000000,BEST_ASK,"JPM,99775,166"
2019-06-28 14:03:20.000000000,BEST_BID,"JPM,99619,166"
2019-06-28 14:03:20.000000000,BEST_ASK,"JPM,99775,166"
2019-06-28 14:03:29.647752135,QUERY_SPREAD,20
2019-06-28 14:03:29.647752135,BEST_BID,"JPM,99619,166"
2019-06-28 14:03:29.647752135,BEST_ASK,"JPM,99775,166"
2019-06-28 14:03:30.000000000,QUERY_SPREAD,1
2019-06-28 14:03:30.000000000,BEST_BID,"JPM,99619,428"
2019-06-28 14:03:30.000000000,BEST_ASK,"JPM,99775,100"
2019-06-28 14:03:30.000000000,BEST_BID,"JPM,99619,428"
2019-06-28 14:03:30.000000000,BEST_ASK,"JPM,99775,428"
2019-06-28 14:03:40.000000000,QUERY_SPREAD,1
2019-06-28 14:03:40.000000000,BEST_BID,"JPM,99619,182"
2019-06-28 14:03:40.000000000,BEST_ASK,"JPM,99775,100"
2019-06-28 14:03:40.000000000,BEST_BID,"JPM,99619,182"
2019-06-28 14:03:40.000000000,BEST_ASK,"JPM,99775,100"
2019-06-28 14:03:40.000000000,BEST_BID,"JPM,99619,182"
2019-06-28 14:03:40.000000000,BEST_ASK,"JPM,99775,100"
2019-06-28 14:03:40.000000000,BEST_BID,"JPM,99619,182"
2019-06-28 14:03:40.000000000,BEST_ASK,"JPM,99775,100"
2019-06-28 14:03:40.000000000,BEST_BID,"JPM,99619,182"
2019-06-28 14:03:40.000000000,BEST_ASK,"JPM,99775,182"
2019-06-28 14:03:40.000000000,BEST_BID,"JPM,99619,182"
2019-06-28 14:03:40.000000000,BEST_ASK,"JPM,99775,182"
2019-06-28 14:03:40.000000000,BEST_BID,"JPM,99619,182"
2019-06-28 14:03:40.000000000,BEST_ASK,"JPM,99775,182"
2019-06-28 14:03:40.000000000,BEST_BID,"JPM,99619,182"
2019-06-28 14:03:40.000000000,BEST_ASK,"JPM,99775,182"
2019-06-28 14:03:50.000000000,QUERY_SPREAD,1
2019-06-28 14:03:50.000000000,BEST_BID,"JPM,99619,166"
2019-06-28 14:03:50.000000000,BEST_ASK,"JPM,99775,100"
2019-06-28 14:03:50.000000000,BEST_BID,"JPM,99619,166"
2019-06-28 14:03:50.000000000,BEST_ASK,"JPM,99775,100"
2019-06-28 14:03:50.000000000,BEST_BID,"JPM,99619,166"
2019-06-28 14:03:50.000000000,BEST_ASK,"JPM,99775,100"
2019-06-28 14:03:50.000000000,BEST_BID,"JPM,99619,166"
2019-06-28 14:03:50.000000000,BEST_ASK,"JPM,99775,100"
2019-06-28 14:03:50.000000000,BEST_BID,"JPM,99619,166"
2019-06-28 14:03:50.000000000,BEST_ASK,"JPM,99775,100"
2019-06-28 14:03:50.000000000,BEST_BID,"JPM,99619,166"
2019-06-28 14:03:50.000000000,BEST_ASK,"JPM,99775,166"
2019-06-28 14:03:50.000000000,BEST_BID,"JPM,99619,166"
2019-06-28 14:03:50.000000000,BEST_ASK,"JPM,99775,166"
2019-06-28 14:03:50.000000000,BEST_BID,"JPM,99619,166"
2019-06-28 14:03:50.000000000,BEST_ASK,"JPM,99775,166"
2019-06-28 14:03:50.000000000,BEST_BID,"JPM,99619,166"
2019-06-28 14:03:50.000000000,BEST_ASK,"JPM,99775,166"
2019-06-28 14:03:50.000000000,BEST_BID,"JPM,99619,166"
2019-06-28 14:03:50.000000000,BEST_ASK,"JPM,99775,166"
2019-06-28 14:04:00.000000000,QUERY_SPREAD,1
2019-06-28 14:04:00.000000000,BEST_BID,"JPM,99619,212"
2019-06-28 14:04:00.000000000,BEST_ASK,"JPM,99775,100"
2019-06-28 14:04:00.000000000,BEST_BID,"JPM,99619,212"
2019-06-28 14:04:00.000000000,BEST_ASK,"JPM,99775,100"
2019-06-28 14:04:00.000000000,BEST_BID,"JPM,99619,212"
2019-06-28 14:04:00.000000000,BEST_ASK,"JPM,99775,100"
2019-06-28 14:04:00.000000000,BEST_BID,"JPM,99619,212"
2019-06-28 14:04:00.000000000,BEST_ASK,"JPM,99775,212"
2019-06-28 14:04:00.000000000,BEST_BID,"JPM,99619,212"
2019-06-28 14:04:00.000000000,BEST_ASK,"JPM,99775,212"
2019-06-28 14:04:00.000000000,BEST_BID,"JPM,99619,212"
2019-06-28 14:04:00.000000000,BEST_ASK,"JPM,99775,212"
2019-06-28 14:04:00.000000000,QUERY_SPREAD,77
2019-06-28 14:04:00.000000000,BEST_BID,"JPM,99619,208"
2019-06-28 14:04:00.000000000,BEST_ASK,"JPM,99775,212"
2019-06-28 14:04:00.000000000,LAST_TRADE,"4,$99619.0000"
2019-06-28 14:04:00.000000000,QUERY_SPREAD,78
2019-06-28 14:04:00.000000000,BEST_BID,"JPM,99619,200"
2019-06-28 14:04:00.000000000,BEST_ASK,"JPM,99775,212"
2019-06-28 14:04:00.000000000,LAST_TRADE,"8,$99619.0000"
2019-06-28 14:04:00.000000000,QUERY_SPREAD,79
2019-06-28 14:04:00.000000000,BEST_BID,"JPM,99619,199"
2019-06-28 14:04:00.000000000,BEST_ASK,"JPM,99775,212"
2019-06-28 14:04:00.000000000,LAST_TRADE,"1,$99619.0000"
2019-06-28 14:04:00.000000000,QUERY_SPREAD,80
2019-06-28 14:04:00.000000000,BEST_BID,"JPM,99619,194"
2019-06-28 14:04:00.000000000,BEST_ASK,"JPM,99775,212"
2019-06-28 14:04:00.000000000,LAST_TRADE,"5,$99619.0000"
2019-06-28 14:04:00.000000000,QUERY_SPREAD,81
2019-06-28 14:04:00.000000000,BEST_BID,"JPM,99619,189"
2019-06-28 14:04:00.000000000,BEST_ASK,"JPM,99775,212"
2019-06-28 14:04:00.000000000,LAST_TRADE,"5,$99619.0000"
2019-06-28 14:04:00.000000000,QUERY_SPREAD,82
2019-06-28 14:04:00.000000000,BEST_BID,"JPM,99619,183"
2019-06-28 14:04:00.000000000,BEST_ASK,"JPM,99775,212"
2019-06-28 14:04:00.000000000,LAST_TRADE,"6,$99619.0000"
2019-06-28 14:04:00.000000000,QUERY_SPREAD,83
2019-06-28 14:04:00.000000000,BEST_BID,"JPM,99619,179"
2019-06-28 14:04:00.000000000,BEST_ASK,"JPM,99775,212"
2019-06-28 14:04:00.000000000,LAST_TRADE,"4,$99619.0000"
2019-06-28 14:04:00.000000000,QUERY_SPREAD,84
2019-06-28 14:04:00.000000000,BEST_BID,"JPM,99619,174"
2019-06-28 14:04:00.000000000,BEST_ASK,"JPM,99775,212"
2019-06-28 14:04:00.000000000,LAST_TRADE,"5,$99619.0000"
2019-06-28 14:04:00.000000000,QUERY_SPREAD,85
2019-06-28 14:04:00.000000000,BEST_BID,"JPM,99619,169"
2019-06-28 14:04:00.000000000,BEST_ASK,"JPM,99775,212"
2019-06-28 14:04:00.000000000,LAST_TRADE,"5,$99619.0000"
2019-06-28 14:04:00.000000000,QUERY_SPREAD,86
2019-06-28 14:04:00.000000000,BEST_BID,"JPM,99619,160"
2019-06-28 14:04:00.000000000,BEST_ASK,"JPM,99775,212"
2019-06-28 14:04:00.000000000,LAST_TRADE,"9,$99619.0000"
2019-06-28 14:04:00.000000000,QUERY_SPREAD,87
2019-06-28 14:04:00.000000000,BEST_BID,"JPM,99619,158"
2019-06-28 14:04:00.000000000,BEST_ASK,"JPM,99775,212"
2019-06-28 14:04:00.000000000,LAST_TRADE,"2,$99619.0000"
2019-06-28 14:04:00.000000000,QUERY_SPREAD,88
2019-06-28 14:04:00.000000000,BEST_BID,"JPM,99619,150"
2019-06-28 14:04:00.000000000,BEST_ASK,"JPM,99775,212"
2019-06-28 14:04:00.000000000,LAST_TRADE,"8,$99619.0000"
2019-06-28 14:04:00.000000000,QUERY_SPREAD,89
2019-06-28 14:04:00.000000000,BEST_BID,"JPM,99619,143"
2019-06-28 14:04:00.000000000,BEST_ASK,"JPM,99775,212"
2019-06-28 14:04:00.000000000,LAST_TRADE,"7,$99619.0000"
2019-06-28 14:04:00.000000000,QUERY_SPREAD,90
2019-06-28 14:04:00.000000000,BEST_BID,"JPM,99619,137"
2019-06-28 14:04:00.000000000,BEST_ASK,"JPM,99775,212"
2019-06-28 14:04:00.000000000,LAST_TRADE,"6,$99619.0000"
2019-06-28 14:04:00.000000000,QUERY_SPREAD,91
2019-06-28 14:04:00.000000000,BEST_BID,"JPM,99619,132"
2019-06-28 14:04:00.000000000,BEST_ASK,"JPM,99775,212"
2019-06-28 14:04:00.000000000,LAST_TRADE,"5,$99619.0000"
2019-06-28 14:04:00.000000000,QUERY_SPREAD,92
2019-06-28 14:04:00.000000000,BEST_BID,"JPM,99619,131"
2019-06-28 14:04:00.000000000,BEST_ASK,"JPM,99775,212"
2019-06-28 14:04:00.000000000,LAST_TRADE,"1,$99619.0000"
2019-06-28 14:04:00.000000000,QUERY_SPREAD,93
2019-06-28 14:04:00.000000000,BEST_BID,"JPM,99619,129"
2019-06-28 14:04:00.000000000,BEST_ASK,"JPM,99775,212"
2019-06-28 14:04:00.000000000,LAST_TRADE,"2,$99619.0000"
2019-06-28 14:04:00.000000000,QUERY_SPREAD,94
2019-06-28 14:04:00.000000000,BEST_BID,"JPM,99619,127"
2019-06-28 14:04:00.000000000,BEST_ASK,"JPM,99775,212"
2019-06-28 14:04:00.000000000,LAST_TRADE,"2,$99619.0000"
2019-06-28 14:04:00.000000000,QUERY_SPREAD,95
2019-06-28 14:04:00.000000000,BEST_BID,"JPM,99619,120"
2019-06-28 14:04:00.000000000,BEST_ASK,"JPM,99775,212"
2019-06-28 14:04:00.000000000,LAST_TRADE,"7,$99619.0000"
2019-06-28 14:04:00.000000000,QUERY_SPREAD,96
2019-06-28 14:04:00.000000000,BEST_BID,"JPM,99619,113"
2019-06-28 14:04:00.000000000,BEST_ASK,"JPM,99775,212"
2019-06-28 14:04:00.000000000,LAST_TRADE,"7,$99619.0000"
2019-06-28 14:04:00.000000000,QUERY_SPREAD,97
2019-06-28 14:04:00.000000000,BEST_BID,"JPM,99619,107"
2019-06-28 14:04:00.000000000,BEST_ASK,"JPM,99775,212"
2019-06-28 14:04:00.000000000,LAST_TRADE,"6,$99619.0000"
2019-06-28 14:04:00.000000000,QUERY_SPREAD,98
2019-06-28 14:04:00.000000000,BEST_BID,"JPM,99619,103"
2019-06-28 14:04:00.000000000,BEST_ASK,"JPM,99775,212"
2019-06-28 14:04:00.000000000,LAST_TRADE,"4,$99619.0000"
2019-06-28 14:04:00.000000000,QUERY_SPREAD,99
2019-06-28 14:04:00.000000000,BEST_BID,"JPM,99619,101"
2019-06-28 14:04:00.000000000,BEST_ASK,"JPM,99775,212"
2019-06-28 14:04:00.000000000,LAST_TRADE,"2,$99619.0000"
2019-06-28 14:04:00.000000000,QUERY_SPREAD,100
2019-06-28 14:04:00.000000000,BEST_BID,"JPM,99619,95"
2019-06-28 14:04:00.000000000,BEST_ASK,"JPM,99775,212"
2019-06-28 14:04:00.000000000,LAST_TRADE,"6,$99619.0000"
2019-06-28 14:04:00.000000000,QUERY_SPREAD,101
2019-06-28 14:04:00.000000000,QUERY_ORDER_STREAM,101
2019-06-28 14:04:10.000000000,QUERY_SPREAD,1
2019-06-28 14:04:10.000000000,BEST_BID,"JPM,99514,182"
2019-06-28 14:04:10.000000000,BEST_ASK,"JPM,99775,100"
2019-06-28 14:04:10.000000000,BEST_BID,"JPM,99514,182"
2019-06-28 14:04:10.000000000,BEST_ASK,"JPM,99775,100"
2019-06-28 14:04:10.000000000,BEST_BID,"JPM,99514,182"
2019-06-28 14:04:10.000000000,BEST_ASK,"JPM,99775,100"
2019-06-28 14:04:10.000000000,BEST_BID,"JPM,99514,182"
2019-06-28 14:04:10.000000000,BEST_ASK,"JPM,99775,100"
2019-06-28 14:04:10.000000000,BEST_BID,"JPM,99514,182"
2019-06-28 14:04:10.000000000,BEST_ASK,"JPM,99775,182"
2019-06-28 14:04:10.000000000,BEST_BID,"JPM,99514,182"
2019-06-28 14:04:10.000000000,BEST_ASK,"JPM,99775,182"
2019-06-28 14:04:10.000000000,BEST_BID,"JPM,99514,182"
2019-06-28 14:04:10.000000000,BEST_ASK,"JPM,99775,182"
2019-06-28 14:04:10.000000000,BEST_BID,"JPM,99514,182"
2019-06-28 14:04:10.000000000,BEST_ASK,"JPM,99775,182"
2019-06-28 14:04:20.000000000,QUERY_SPREAD,1
2019-06-28 14:04:20.000000000,BEST_BID,"JPM,99514,212"
2019-06-28 14:04:20.000000000,BEST_ASK,"JPM,99775,100"
2019-06-28 14:04:20.000000000,BEST_BID,"JPM,99514,212"
2019-06-28 14:04:20.000000000,BEST_ASK,"JPM,99775,100"
2019-06-28 14:04:20.000000000,BEST_BID,"JPM,99514,212"
2019-06-28 14:04:20.000000000,BEST_ASK,"JPM,99775,100"
2019-06-28 14:04:20.000000000,BEST_BID,"JPM,99514,212"
2019-06-28 14:04:20.000000000,BEST_ASK,"JPM,99775,212"
2019-06-28 14:04:20.000000000,BEST_BID,"JPM,99514,212"
2019-06-28 14:04:20.000000000,BEST_ASK,"JPM,99775,212"
2019-06-28 14:04:20.000000000,BEST_BID,"JPM,99514,212"
2019-06-28 14:04:20.000000000,BEST_ASK,"JPM,99775,212"
2019-06-28 14:04:24.431033221,QUERY_ORDER_STREAM,57
2019-06-28 14:04:24.431033221,QUERY_SPREAD,57
2019-06-28 14:04:24.431033221,BEST_BID,"JPM,99619,100"
2019-06-28 14:04:24.431033221,BEST_ASK,"JPM,99775,212"
2019-06-28 14:04:30.000000000,QUERY_SPREAD,1
2019-06-28 14:04:30.000000000,BEST_BID,"JPM,99619,182"
2019-06-28 14:04:30.000000000,BEST_ASK,"JPM,99775,100"
2019-06-28 14:04:30.000000000,BEST_BID,"JPM,99619,182"
2019-06-28 14:04:30.000000000,BEST_ASK,"JPM,99775,100"
2019-06-28 14:04:30.000000000,BEST_BID,"JPM,99619,182"
2019-06-28 14:04:30.000000000,BEST_ASK,"JPM,99775,100"
2019-06-28 14:04:30.000000000,BEST_BID,"JPM,99619,182"
2019-06-28 14:04:30.000000000,BEST_ASK,"JPM,99775,100"
2019-06-28 14:04:30.000000000,BEST_BID,"JPM,99619,182"
2019-06-28 14:04:30.000000000,BEST_ASK,"JPM,99775,182"
2019-06-28 14:04:30.000000000,BEST_BID,"JPM,99619,182"
2019-06-28 14:04:30.000000000,BEST_ASK,"JPM,99775,182"
2019-06-28 14:04:30.000000000,BEST_BID,"JPM,99619,182"
2019-06-28 14:04:30.000000000,BEST_ASK,"JPM,99775,182"
2019-06-28 14:04:30.000000000,BEST_BID,"JPM,99619,182"
2019-06-28 14:04:30.000000000,BEST_ASK,"JPM,99775,182"
2019-06-28 14:04:40.000000000,QUERY_SPREAD,1
2019-06-28 14:04:40.000000000,BEST_BID,"JPM,99619,428"
2019-06-28 14:04:40.000000000,BEST_ASK,"JPM,99775,100"
2019-06-28 14:04:40.000000000,BEST_BID,"JPM,99619,428"
2019-06-28 14:04:40.000000000,BEST_ASK,"JPM,99775,428"
2019-06-28 14:04:50.000000000,QUERY_SPREAD,1
2019-06-28 14:04:50.000000000,BEST_BID,"JPM,99619,212"
2019-06-28 14:04:50.000000000,BEST_ASK,"JPM,99775,100"
2019-06-28 14:04:50.000000000,BEST_BID,"JPM,99619,212"
2019-06-28 14:04:50.000000000,BEST_ASK,"JPM,99775,100"
2019-06-28 14:04:50.000000000,BEST_BID,"JPM,99619,212"
2019-06-28 14:04:50.000000000,BEST_ASK,"JPM,99775,100"
2019-06-28 14:04:50.000000000,BEST_BID,"JPM,99619,212"
2019-06-28 14:04:50.000000000,BEST_ASK,"JPM,99775,212"
2019-06-28 14:04:50.000000000,BEST_BID,"JPM,99619,212"
2019-06-28 14:04:50.000000000,BEST_ASK,"JPM,99775,212"
2019-06-28 14:04:50.000000000,BEST_BID,"JPM,99619,212"
2019-06-28 14:04:50.000000000,BEST_ASK,"JPM,99775,212"
2019-06-28 14:04:51.098662158,QUERY_SPREAD,45
2019-06-28 14:04:51.098662158,BEST_BID,"JPM,99619,212"
2019-06-28 14:04:51.098662158,BEST_ASK,"JPM,99775,212"
2019-06-28 14:04:52.540570499,QUERY_ORDER_STREAM,68
2019-06-28 14:04:52.540570499,QUERY_SPREAD,68
2019-06-28 14:05:00.000000000,QUERY_SPREAD,1
2019-06-28 14:05:00.000000000,BEST_BID,"JPM,99619,428"
2019-06-28 14:05:00.000000000,BEST_ASK,"JPM,99775,100"
2019-06-28 14:05:00.000000000,BEST_BID,"JPM,99619,428"
2019-06-28 14:05:00.000000000,BEST_ASK,"JPM,99775,428"
2019-06-28 14:05:00.000000000,QUERY_SPREAD,77
2019-06-28 14:05:00.000000000,BEST_BID,"JPM,99619,424"
2019-06-28 14:05:00.000000000,BEST_ASK,"JPM,99775,428"
2019-06-28 14:05:00.000000000,LAST_TRADE,"4,$99619.0000"
2019-06-28 14:05:00.000000000,QUERY_SPREAD,78
2019-06-28 14:05:00.000000000,BEST_BID,"JPM,99619,416"
2019-06-28 14:05:00.000000000,BEST_ASK,"JPM,99775,428"
2019-06-28 14:05:00.000000000,LAST_TRADE,"8,$99619.0000"
2019-06-28 14:05:00.000000000,QUERY_SPREAD,79
2019-06-28 14:05:00.000000000,BEST_BID,"JPM,99619,415"
2019-06-28 14:05:00.000000000,BEST_ASK,"JPM,99775,428"
2019-06-28 14:05:00.000000000,LAST_TRADE,"1,$99619.0000"
2019-06-28 14:05:00.000000000,QUERY_SPREAD,80
2019-06-28 14:05:00.000000000,BEST_BID,"JPM,99619,410"
2019-06-28 14:05:00.000000000,BEST_ASK,"JPM,99775,428"
2019-06-28 14:05:00.000000000,LAST_TRADE,"5,$99619.0000"
2019-06-28 14:05:00.000000000,QUERY_SPREAD,81
2019-06-28 14:05:00.000000000,BEST_BID,"JPM,99619,405"
2019-06-28 14:05:00.000000000,BEST_ASK,"JPM,99775,428"
2019-06-28 14:05:00.000000000,LAST_TRADE,"5,$99619.0000"
2019-06-28 14:05:00.000000000,QUERY_SPREAD,82
2019-06-28 14:05:00.000000000,BEST_BID,"JPM,99619,399"
2019-06-28 14:05:00.000000000,BEST_ASK,"JPM,99775,428"
2019-06-28 14:05:00.000000000,LAST_TRADE,"6,$99619.0000"
2019-06-28 14:05:00.000000000,QUERY_SPREAD,83
2019-06-28 14:05:00.000000000,BEST_BID,"JPM,99619,395"
2019-06-28 14:05:00.000000000,BEST_ASK,"JPM,99775,428"
2019-06-28 14:05:00.000000000,LAST_TRADE,"4,$99619.0000"
2019-06-28 14:05:00.000000000,QUERY_SPREAD,84
2019-06-28 14:05:00.000000000,BEST_BID,"JPM,99619,390"
2019-06-28 14:05:00.000000000,BEST_ASK,"JPM,99775,428"
2019-06-28 14:05:00.000000000,LAST_TRADE,"5,$99619.0000"
2019-06-28 14:05:00.000000000,QUERY_SPREAD,85
2019-06-28 14:05:00.000000000,BEST_BID,"JPM,99619,385"
2019-06-28 14:05:00.000000000,BEST_ASK,"JPM,99775,428"
2019-06-28 14:05:00.000000000,LAST_TRADE,"5,$99619.0000"
2019-06-28 14:05:00.000000000,QUERY_SPREAD,86
2019-06-28 14:05:00.000000000,BEST_BID,"JPM,99619,376"
2019-06-28 14:05:00.000000000,BEST_ASK,"JPM,99775,428"
2019-06-28 14:05:00.000000000,LAST_TRADE,"9,$99619.0000"
2019-06-28 14:05:00.000000000,QUERY_SPREAD,87
2019-06-28 14:05:00.000000000,BEST_BID,"JPM,99619,374"
2019-06-28 14:05:00.000000000,BEST_ASK,"JPM,99775,428"
2019-06-28 14:05:00.000000000,LAST_TRADE,"2,$99619.0000"
2019-06-28 14:05:00.000000000,QUERY_SPREAD,88
2019-06-28 14:05:00.000000000,BEST_BID,"JPM,99619,366"
2019-06-28 14:05:00.000000000,BEST_ASK,"JPM,99775,428"
2019-06-28 14:05:00.000000000,LAST_TRADE,"8,$99619.0000"
2019-06-28 14:05:00.000000000,QUERY_SPREAD,89
2019-06-28 14:05:00.000000000,BEST_BID,"JPM,99619,359"
2019-06-28 14:05:00.000000000,BEST_ASK,"JPM,99775,428"
2019-06-28 14:05:00.000000000,LAST_TRADE,"7,$99619.0000"
2019-06-28 14:05:00.000000000,QUERY_SPREAD,90
2019-06-28 14:05:00.000000000,BEST_BID,"JPM,99619,353"
2019-06-28 14:05:00.000000000,BEST_ASK,"JPM,99775,428"
2019-06-28 14:05:00.000000000,LAST_TRADE,"6,$99619.0000"
2019-06-28 14:05:00.000000000,QUERY_SPREAD,91
2019-06-28 14:05:00.000000000,BEST_BID,"JPM,99619,348"
2019-06-28 14:05:00.000000000,BEST_ASK,"JPM,99775,428"
2019-06-28 14:05:00.000000000,LAST_TRADE,"5,$99619.0000"
2019-06-28 14:05:00.000000000,QUERY_SPREAD,92
2019-06-28 14:05:00.000000000,BEST_BID,"JPM,99619,347"
2019-06-28 14:05:00.000000000,BEST_ASK,"JPM,99775,428"
2019-06-28 14:05:00.000000000,LAST_TRADE,"1,$99619.0000"
2019-06-28 14:05:00.000000000,QUERY_SPREAD,93
2019-06-28 14:05:00.000000000,BEST_BID,"JPM,99619,345"
2019-06-28 14:05:00.000000000,BEST_ASK,"JPM,99775,428"
2019-06-28 14:05:00.000000000,LAST_TRADE,"2,$99619.0000"
2019-06-28 14:05:00.000000000,QUERY_SPREAD,94
2019-06-28 14:05:00.000000000,BEST_BID,"JPM,99619,343"
2019-06-28 14:05:00.000000000,BEST_ASK,"JPM,99775,428"
2019-06-28 14:05:00.000000000,LAST_TRADE,"2,$99619.0000"
2019-06-28 14:05:00.000000000,QUERY_SPREAD,95
2019-06-28 14:05:00.000000000,BEST_BID,"JPM,99619,336"
2019-06-28 14:05:00.000000000,BEST_ASK,"JPM,99775,428"
2019-06-28 14:05:00.000000000,LAST_TRADE,"7,$99619.0000"
2019-06-28 14:05:00.000000000,QUERY_SPREAD,96
2019-06-28 14:05:00.000000000,BEST_BID,"JPM,99619,329"
2019-06-28 14:05:00.000000000,BEST_ASK,"JPM,99775,428"
2019-06-28 14:05:00.000000000,LAST_TRADE,"7,$99619.0000"
2019-06-28 14:05:00.000000000,QUERY_SPREAD,97
2019-06-28 14:05:00.000000000,BEST_BID,"JPM,99619,323"
2019-06-28 14:05:00.000000000,BEST_ASK,"JPM,99775,428"
2019-06-28 14:05:00.000000000,LAST_TRADE,"6,$99619.0000"
2019-06-28 14:05:00.000000000,QUERY_SPREAD,98
2019-06-28 14:05:00.000000000,BEST_BID,"JPM,99619,319"
2019-06-28 14:05:00.000000000,BEST_ASK,"JPM,99775,428"
2019-06-28 14:05:00.000000000,LAST_TRADE,"4,$99619.0000"
2019-06-28 14:05:00.000000000,QUERY_SPREAD,99
2019-06-28 14:05:00.000000000,BEST_BID,"JPM,99619,317"
2019-06-28 14:05:00.000000000,BEST_ASK,"JPM,99775,428"
2019-06-28 14:05:00.000000000,LAST_TRADE,"2,$99619.0000"
2019-06-28 14:05:00.000000000,QUERY_SPREAD,100
2019-06-28 14:05:00.000000000,BEST_BID,"JPM,99619,311"
2019-06-28 14:05:00.000000000,BEST_ASK,"JPM,99775,428"
2019-06-28 14:05:00.000000000,LAST_TRADE,"6,$99619.0000"
2019-06-28 14:05:00.000000000,QUERY_SPREAD,101
2019-06-28 14:05:00.000000000,QUERY_ORDER_STREAM,101
2019-06-28 14:05:01.045297079,QUERY_ORDER_STREAM,74
2019-06-28 14:05:01.045297079,QUERY_SPREAD,74
2019-06-28 14:05:01.045297079,BEST_BID,"JPM,99619,411"
2019-06-28 14:05:01.045297079,BEST_ASK,"JPM,99775,428"
2019-06-28 14:05:10.000000000,QUERY_SPREAD,1
2019-06-28 14:05:10.000000000,BEST_BID,"JPM,99619,182"
2019-06-28 14:05:10.000000000,BEST_ASK,"JPM,99775,100"
2019-06-28 14:05:10.000000000,BEST_BID,"JPM,99619,182"
2019-06-28 14:05:10.000000000,BEST_ASK,"JPM,99775,100"
2019-06-28 14:05:10.000000000,BEST_BID,"JPM,99619,182"
2019-06-28 14:05:10.000000000,BEST_ASK,"JPM,99775,100"
2019-06-28 14:05:10.000000000,BEST_BID,"JPM,99619,182"
2019-06-28 14:05:10.000000000,BEST_ASK,"JPM,99775,100"
2019-06-28 14:05:10.000000000,BEST_BID,"JPM,99619,182"
2019-06-28 14:05:10.000000000,BEST_ASK,"JPM,99775,182"
2019-06-28 14:05:10.000000000,BEST_BID,"JPM,99619,182"
2019-06-28 14:05:10.000000000,BEST_ASK,"JPM,99775,182"
2019-06-28 14:05:10.000000000,BEST_BID,"JPM,99619,182"
2019-06-28 14:05:10.000000000,BEST_ASK,"JPM,99775,182"
2019-06-28 14:05:10.000000000,BEST_BID,"JPM,99619,182"
2019-06-28 14:05:10.000000000,BEST_ASK,"JPM,99775,182"
2019-06-28 14:05:18.517214987,QUERY_SPREAD,20
2019-06-28 14:05:18.517214987,BEST_BID,"JPM,99733,100"
2019-06-28 14:05:18.517214987,BEST_ASK,"JPM,99775,182"
2019-06-28 14:05:20.000000000,QUERY_SPREAD,1
2019-06-28 14:05:20.000000000,BEST_BID,"JPM,99733,166"
2019-06-28 14:05:20.000000000,BEST_ASK,"JPM,99775,100"
2019-06-28 14:05:20.000000000,BEST_BID,"JPM,99733,166"
2019-06-28 14:05:20.000000000,BEST_ASK,"JPM,99775,100"
2019-06-28 14:05:20.000000000,BEST_BID,"JPM,99733,166"
2019-06-28 14:05:20.000000000,BEST_ASK,"JPM,99775,100"
2019-06-28 14:05:20.000000000,BEST_BID,"JPM,99733,166"
2019-06-28 14:05:20.000000000,BEST_ASK,"JPM,99775,100"
2019-06-28 14:05:20.000000000,BEST_BID,"JPM,99733,166"
2019-06-28 14:05:20.000000000,BEST_ASK,"JPM,99775,100"
2019-06-28 14:05:20.000000000,BEST_BID,"JPM,99733,166"
2019-06-28 14:05:20.000000000,BEST_ASK,"JPM,99775,166"
2019-06-28 14:05:20.000000000,BEST_BID,"JPM,99733,166"
2019-06-28 14:05:20.000000000,BEST_ASK,"JPM,99775,166"
2019-06-28 14:05:20.000000000,BEST_BID,"JPM,99733,166"
2019-06-28 14:05:20.000000000,BEST_ASK,"JPM,99775,166"
2019-06-28 14:05:20.000000000,BEST_BID,"JPM,99733,166"
2019-06-28 14:05:20.000000000,BEST_ASK,"JPM,99775,166"
2019-06-28 14:05:20.000000000,BEST_BID,"JPM,99733,166"
2019-06-28 14:05:20.000000000,BEST_ASK,"JPM,99775,166"
2019-06-28 14:05:23.292741995,QUERY_SPREAD,24
2019-06-28 14:05:23.292741995,BEST_BID,"JPM,99733,166"
2019-06-28 14:05:23.292741995,BEST_ASK,"JPM,99775,166"
2019-06-28 14:05:30.000000000,QUERY_SPREAD,1
2019-06-28 14:05:30.000000000,BEST_BID,"JPM,99733,428"
2019-06-28 14:05:30.000000000,BEST_ASK,"JPM,99775,100"
2019-06-28 14:05:30.000000000,BEST_BID,"JPM,99733,428"
2019-06-28 14:05:30.000000000,BEST_ASK,"JPM,99775,428"
2019-06-28 14:05:40.000000000,QUERY_SPREAD,1
2019-06-28 14:05:40.000000000,BEST_BID,"JPM,99733,182"
2019-06-28 14:05:40.000000000,BEST_ASK,"JPM,99775,100"
2019-06-28 14:05:40.000000000,BEST_BID,"JPM,99733,182"
2019-06-28 14:05:40.000000000,BEST_ASK,"JPM,99775,100"
2019-06-28 14:05:40.000000000,BEST_BID,"JPM,99733,182"
2019-06-28 14:05:40.000000000,BEST_ASK,"JPM,99775,100"
2019-06-28 14:05:40.000000000,BEST_BID,"JPM,99733,182"
2019-06-28 14:05:40.000000000,BEST_ASK,"JPM,99775,100"
2019-06-28 14:05:40.000000000,BEST_BID,"JPM,99733,182"
2019-06-28 14:05:40.000000000,BEST_ASK,"JPM,99775,182"
2019-06-28 14:05:40.000000000,BEST_BID,"JPM,99733,182"
2019-06-28 14:05:40.000000000,BEST_ASK,"JPM,99775,182"
2019-06-28 14:05:40.000000000,BEST_BID,"JPM,99733,182"
2019-06-28 14:05:40.000000000,BEST_ASK,"JPM,99775,182"
2019-06-28 14:05:40.000000000,BEST_BID,"JPM,99733,182"
2019-06-28 14:05:40.000000000,BEST_ASK,"JPM,99775,182"
2019-06-28 14:05:50.000000000,QUERY_SPREAD,1
2019-06-28 14:05:50.000000000,BEST_BID,"JPM,99733,212"
2019-06-28 14:05:50.000000000,BEST_ASK,"JPM,99775,100"
2019-06-28 14:05:50.000000000,BEST_BID,"JPM,99733,212"
2019-06-28 14:05:50.000000000,BEST_ASK,"JPM,99775,100"
2019-06-28 14:05:50.000000000,BEST_BID,"JPM,99733,212"
2019-06-28 14:05:50.000000000,BEST_ASK,"JPM,99775,100"
2019-06-28 14:05:50.000000000,BEST_BID,"JPM,99733,212"
2019-06-28 14:05:50.000000000,BEST_ASK,"JPM,99775,212"
2019-06-28 14:05:50.000000000,BEST_BID,"JPM,99733,212"
2019-06-28 14:05:50.000000000,BEST_ASK,"JPM,99775,212"
2019-06-28 14:05:50.000000000,BEST_BID,"JPM,99733,212"
2019-06-28 14:05:50.000000000,BEST_ASK,"JPM,99775,212"
2019-06-28 14:05:53.691674766,QUERY_SPREAD,25
2019-06-28 14:05:53.691674766,BEST_BID,"JPM,99733,212"
2019-06-28 14:05:53.691674766,BEST_ASK,"JPM,99775,212"
2019-06-28 14:06:00.000000000,QUERY_SPREAD,1
2019-06-28 14:06:00.000000000,BEST_BID,"JPM,99733,182"
2019-06-28 14:06:00.000000000,BEST_ASK,"JPM,99775,100"
2019-06-28 14:06:00.000000000,BEST_BID,"JPM,99733,182"
2019-06-28 14:06:00.000000000,BEST_ASK,"JPM,99775,100"
2019-06-28 14:06:00.000000000,BEST_BID,"JPM,99733,182"
2019-06-28 14:06:00.000000000,BEST_ASK,"JPM,99775,100"
2019-06-28 14:06:00.000000000,BEST_BID,"JPM,99733,182"
2019-06-28 14:06:00.000000000,BEST_ASK,"JPM,99775,100"
2019-06-28 14:06:00.000000000,BEST_BID,"JPM,99733,182"
2019-06-28 14:06:00.000000000,BEST_ASK,"JPM,99775,182"
2019-06-28 14:06:00.000000000,BEST_BID,"JPM,99733,182"
2019-06-28 14:06:00.000000000,BEST_ASK,"JPM,99775,182"
2019-06-28 14:06:00.000000000,BEST_BID,"JPM,99733,182"
2019-06-28 14:06:00.000000000,BEST_ASK,"JPM,99775,182"
2019-06-28 14:06:00.000000000,BEST_BID,"JPM,99733,182"
2019-06-28 14:06:00.000000000,BEST_ASK,"JPM,99775,182"
2019-06-28 14:06:00.000000000,QUERY_SPREAD,77
2019-06-28 14:06:00.000000000,BEST_BID,"JPM,99733,178"
2019-06-28 14:06:00.000000000,BEST_ASK,"JPM,99775,182"
2019-06-28 14:06:00.000000000,LAST_TRADE,"4,$99733.0000"
2019-06-28 14:06:00.000000000,QUERY_SPREAD,78
2019-06-28 14:06:00.000000000,BEST_BID,"JPM,99733,170"
2019-06-28 14:06:00.000000000,BEST_ASK,"JPM,99775,182"
2019-06-28 14:06:00.000000000,LAST_TRADE,"8,$99733.0000"
2019-06-28 14:06:00.000000000,QUERY_SPREAD,79
2019-06-28 14:06:00.000000000,BEST_BID,"JPM,99733,169"
2019-06-28 14:06:00.000000000,BEST_ASK,"JPM,99775,182"
2019-06-28 14:06:00.000000000,LAST_TRADE,"1,$99733.0000"
2019-06-28 14:06:00.000000000,QUERY_SPREAD,80
2019-06-28 14:06:00.000000000,BEST_BID,"JPM,99733,164"
2019-06-28 14:06:00.000000000,BEST_ASK,"JPM,99775,182"
2019-06-28 14:06:00.000000000,LAST_TRADE,"5,$99733.0000"
2019-06-28 14:06:00.000000000,QUERY_SPREAD,81
2019-06-28 14:06:00.000000000,BEST_BID,"JPM,99733,159"
2019-06-28 14:06:00.000000000,BEST_ASK,"JPM,99775,182"
2019-06-28 14:06:00.000000000,LAST_TRADE,"5,$99733.0000"
2019-06-28 14:06:00.000000000,QUERY_SPREAD,82
2019-06-28 14:06:00.000000000,BEST_BID,"JPM,99733,153"
2019-06-28 14:06:00.000000000,BEST_ASK,"JPM,99775,182"
2019-06-28 14:06:00.000000000,LAST_TRADE,"6,$99733.0000"
2019-06-28 14:06:00.000000000,QUERY_SPREAD,83
2019-06-28 14:06:00.000000000,BEST_BID,"JPM,99733,149"
2019-06-28 14:06:00.000000000,BEST_ASK,"JPM,99775,182"
2019-06-28 14:06:00.000000000,LAST_TRADE,"4,$99733.0000"
2019-06-28 14:06:00.000000000,QUERY_SPREAD,84
2019-06-28 14:06:00.000000000,BEST_BID,"JPM,99733,144"
2019-06-28 14:06:00.000000000,BEST_ASK,"JPM,99775,182"
2019-06-28 14:06:00.000000000,LAST_TRADE,"5,$99733.0000"
2019-06-28 14:06:00.000000000,QUERY_SPREAD,85
2019-06-28 14:06:00.000000000,BEST_BID,"JPM,99733,139"
2019-06-28 14:06:00.000000000,BEST_ASK,"JPM,99775,182"
2019-06-28 14:06:00.000000000,LAST_TRADE,"5,$99733.0000"
2019-06-28 14:06:00.000000000,QUERY_SPREAD,86
2019-06-28 14:06:00.000000000,BEST_BID,"JPM,99733,130"
2019-06-28 14:06:00.000000000,BEST_ASK,"JPM,99775,182"
2019-06-28 14:06:00.000000000,LAST_TRADE,"9,$99733.0000"
2019-06-28 14:06:00.000000000,QUERY_SPREAD,87
2019-06-28 14:06:00.000000000,BEST_BID,"JPM,99733,128"
2019-06-28 14:06:00.000000000,BEST_ASK,"JPM,99775,182"
2019-06-28 14:06:00.000000000,LAST_TRADE,"2,$99733.0000"
2019-06-28 14:06:00.000000000,QUERY_SPREAD,88
2019-06-28 14:06:00.000000000,BEST_BID,"JPM,99733,120"
2019-06-28 14:06:00.000000000,BEST_ASK,"JPM,99775,182"
2019-06-28 14:06:00.000000000,LAST_TRADE,"8,$99733.0000"
2019-06-28 14:06:00.000000000,QUERY_SPREAD,89
2019-06-28 14:06:00.000000000,BEST_BID,"JPM,99733,113"
2019-06-28 14:06:00.000000000,BEST_ASK,"JPM,99775,182"
2019-06-28 14:06:00.000000000,LAST_TRADE,"7,$99733.0000"
2019-06-28 14:06:00.000000000,QUERY_SPREAD,90
2019-06-28 14:06:00.000000000,BEST_BID,"JPM,99733,107"
2019-06-28 14:06:00.000000000,BEST_ASK,"JPM,99775,182"
2019-06-28 14:06:00.000000000,LAST_TRADE,"6,$99733.0000"
2019-06-28 14:06:00.000000000,QUERY_SPREAD,91
2019-06-28 14:06:00.000000000,BEST_BID,"JPM,99733,102"
2019-06-28 14:06:00.000000000,BEST_ASK,"JPM,99775,182"
2019-06-28 14:06:00.000000000,LAST_TRADE,"5,$99733.0000"
2019-06-28 14:06:00.000000000,QUERY_SPREAD,92
2019-06-28 14:06:00.000000000,BEST_BID,"JPM,99733,101"
2019-06-28 14:06:00.000000000,BEST_ASK,"JPM,99775,182"
2019-06-28 14:06:00.000000000,LAST_TRADE,"1,$99733.0000"
2019-06-28 14:06:00.000000000,QUERY_SPREAD,93
2019-06-28 14:06:00.000000000,BEST_BID,"JPM,99733,99"
2019-06-28 14:06:00.000000000,BEST_ASK,"JPM,99775,182"
2019-06-28 14:06:00.000000000,LAST_TRADE,"2,$99733.0000"
2019-06-28 14:06:00.000000000,QUERY_SPREAD,94
2019-06-28 14:06:00.000000000,BEST_BID,"JPM,99733,97"
2019-06-28 14:06:00.000000000,BEST_ASK,"JPM,99775,182"
2019-06-28 14:06:00.000000000,LAST_TRADE,"2,$99733.0000"
2019-06-28 14:06:00.000000000,QUERY_SPREAD,95
2019-06-28 14:06:00.000000000,BEST_BID,"JPM,99733,90"
2019-06-28 14:06:00.000000000,BEST_ASK,"JPM,99775,182"
2019-06-28 14:06:00.000000000,LAST_TRADE,"7,$99733.0000"
2019-06-28 14:06:00.000000000,QUERY_SPREAD,96
2019-06-28 14:06:00.000000000,BEST_BID,"JPM,99733,83"
2019-06-28 14:06:00.000000000,BEST_ASK,"JPM,99775,182"
2019-06-28 14:06:00.000000000,LAST_TRADE,"7,$99733.0000"
2019-06-28 14:06:00.000000000,QUERY_SPREAD,97
2019-06-28 14:06:00.000000000,BEST_BID,"JPM,99733,77"
2019-06-28 14:06:00.000000000,BEST_ASK,"JPM,99775,182"
2019-06-28 14:06:00.000000000,LAST_TRADE,"6,$99733.0000"
2019-06-28 14:06:00.000000000,QUERY_SPREAD,98
2019-06-28 14:06:00.000000000,BEST_BID,"JPM,99733,73"
2019-06-28 14:06:00.000000000,BEST_ASK,"JPM,99775,182"
2019-06-28 14:06:00.000000000,LAST_TRADE,"4,$99733.0000"
2019-06-28 14:06:00.000000000,QUERY_SPREAD,99
2019-06-28 14:06:00.000000000,BEST_BID,"JPM,99733,71"
2019-06-28 14:06:00.000000000,BEST_ASK,"JPM,99775,182"
2019-06-28 14:06:00.000000000,LAST_TRADE,"2,$99733.0000"
2019-06-28 14:06:00.000000000,QUERY_SPREAD,100
2019-06-28 14:06:00.000000000,BEST_BID,"JPM,99733,65"
2019-06-28 14:06:00.000000000,BEST_ASK,"JPM,99775,182"
2019-06-28 14:06:00.000000000,LAST_TRADE,"6,$99733.0000"
2019-06-28 14:06:00.000000000,QUERY_SPREAD,101
2019-06-28 14:06:00.000000000,QUERY_ORDER_STREAM,101
2019-06-28 14:06:05.414287521,QUERY_ORDER_STREAM,69
2019-06-28 14:06:05.414287521,QUERY_SPREAD,69
2019-06-28 14:06:10.000000000,QUERY_SPREAD,1
2019-06-28 14:06:10.000000000,BEST_BID,"JPM,99619,166"
2019-06-28 14:06:10.000000000,BEST_ASK,"JPM,99775,100"
2019-06-28 14:06:10.000000000,BEST_BID,"JPM,99619,166"
2019-06-28 14:06:10.000000000,BEST_ASK,"JPM,99775,100"
2019-06-28 14:06:10.000000000,BEST_BID,"JPM,99619,166"
2019-06-28 14:06:10.000000000,BEST_ASK,"JPM,99775,100"
2019-06-28 14:06:10.000000000,BEST_BID,"JPM,99619,166"
2019-06-28 14:06:10.000000000,BEST_ASK,"JPM,99775,100"
2019-06-28 14:06:10.000000000,BEST_BID,"JPM,99619,166"
2019-06-28 14:06:10.000000000,BEST_ASK,"JPM,99775,100"
2019-06-28 14:06:10.000000000,BEST_BID,"JPM,99619,166"
2019-06-28 14:06:10.000000000,BEST_ASK,"JPM,99775,166"
2019-06-28 14:06:10.000000000,BEST_BID,"JPM,99619,166"
2019-06-28 14:06:10.000000000,BEST_ASK,"JPM,99775,166"
2019-06-28 14:06:10.000000000,BEST_BID,"JPM,99619,166"
2019-06-28 14:06:10.000000000,BEST_ASK,"JPM,99775,166"
2019-06-28 14:06:10.000000000,BEST_BID,"JPM,99619,166"
2019-06-28 14:06:10.000000000,BEST_ASK,"JPM,99775,166"
2019-06-28 14:06:10.000000000,BEST_BID,"JPM,99619,166"
2019-06-28 14:06:10.000000000,BEST_ASK,"JPM,99775,166"
2019-06-28 14:06:20.000000000,QUERY_SPREAD,1
2019-06-28 14:06:20.000000000,BEST_BID,"JPM,99619,212"
2019-06-28 14:06:20.000000000,BEST_ASK,"JPM,99775,100"
2019-06-28 14:06:20.000000000,BEST_BID,"JPM,99619,212"
2019-06-28 14:06:20.000000000,BEST_ASK,"JPM,99775,100"
2019-06-28 14:06:20.000000000,BEST_BID,"JPM,99619,212"
2019-06-28 14:06:20.000000000,BEST_ASK,"JPM,99775,100"
2019-06-28 14:06:20.000000000,BEST_BID,"JPM,99619,212"
2019-06-28 14:06:20.000000000,BEST_ASK,"JPM,99775,212"
2019-06-28 14:06:20.000000000,BEST_BID,"JPM,99619,212"
2019-06-28 14:06:20.000000000,BEST_ASK,"JPM,99775,212"
2019-06-28 14:06:20.000000000,BEST_BID,"JPM,99619,212"
2019-06-28 14:06:20.000000000,BEST_ASK,"JPM,99775,212"
2019-06-28 14:06:22.834022814,QUERY_SPREAD,12
2019-06-28 14:06:22.834022814,BEST_BID,"JPM,99619,212"
2019-06-28 14:06:22.834022814,BEST_ASK,"JPM,99678,100"
2019-06-28 14:06:30.000000000,QUERY_SPREAD,1
2019-06-28 14:06:30.000000000,BEST_BID,"JPM,99619,166"
2019-06-28 14:06:30.000000000,BEST_ASK,"JPM,99678,100"
2019-06-28 14:06:30.000000000,BEST_BID,"JPM,99619,166"
2019-06-28 14:06:30.000000000,BEST_ASK,"JPM,99678,100"
2019-06-28 14:06:30.000000000,BEST_BID,"JPM,99619,166"
2019-06-28 14:06:30.000000000,BEST_ASK,"JPM,99678,100"
2019-06-28 14:06:30.000000000,BEST_BID,"JPM,99619,166"
2019-06-28 14:06:30.000000000,BEST_ASK,"JPM,99678,100"
2019-06-28 14:06:30.000000000,BEST_BID,"JPM,99619,166"
2019-06-28 14:06:30.000000000,BEST_ASK,"JPM,99678,100"
2019-06-28 14:06:30.000000000,BEST_BID,"JPM,99619,166"
2019-06-28 14:06:30.000000000,BEST_ASK,"JPM,99678,166"
2019-06-28 14:06:30.000000000,BEST_BID,"JPM,99619,166"
2019-06-28 14:06:30.000000000,BEST_ASK,"JPM,99678,166"
2019-06-28 14:06:30.000000000,BEST_BID,"JPM,99619,166"
2019-06-28 14:06:30.000000000,BEST_ASK,"JPM,99678,166"
2019-06-28 14:06:30.000000000,BEST_BID,"JPM,99619,166"
2019-06-28 14:06:30.000000000,BEST_ASK,"JPM,99678,166"
2019-06-28 14:06:30.000000000,BEST_BID,"JPM,99619,166"
2019-06-28 14:06:30.000000000,BEST_ASK,"JPM,99678,166"
2019-06-28 14:06:40.000000000,QUERY_SPREAD,1
2019-06-28 14:06:40.000000000,BEST_BID,"JPM,99619,212"
2019-06-28 14:06:40.000000000,BEST_ASK,"JPM,99678,100"
2019-06-28 14:06:40.000000000,BEST_BID,"JPM,99619,212"
2019-06-28 14:06:40.000000000,BEST_ASK,"JPM,99678,100"
2019-06-28 14:06:40.000000000,BEST_BID,"JPM,99619,212"
2019-06-28 14:06:40.000000000,BEST_ASK,"JPM,99678,100"
2019-06-28 14:06:40.000000000,BEST_BID,"JPM,99619,212"
2019-06-28 14:06:40.000000000,BEST_ASK,"JPM,99678,212"
2019-06-28 14:06:40.000000000,BEST_BID,"JPM,99619,212"
2019-06-28 14:06:40.000000000,BEST_ASK,"JPM,99678,212"
2019-06-28 14:06:40.000000000,BEST_BID,"JPM,99619,212"
2019-06-28 14:06:40.000000000,BEST_ASK,"JPM,99678,212"
2019-06-28 14:06:48.814331823,QUERY_SPREAD,22
2019-06-28 14:06:48.814331823,BEST_BID,"JPM,99619,212"
2019-06-28 14:06:48.814331823,BEST_ASK,"JPM,99678,212"
2019-06-28 14:06:50.000000000,QUERY_SPREAD,1
2019-06-28 14:06:50.000000000,BEST_BID,"JPM,99619,166"
2019-06-28 14:06:50.000000000,BEST_ASK,"JPM,99678,100"
2019-06-28 14:06:50.000000000,BEST_BID,"JPM,99619,166"
2019-06-28 14:06:50.000000000,BEST_ASK,"JPM,99678,100"
2019-06-28 14:06:50.000000000,BEST_BID,"JPM,99619,166"
2019-06-28 14:06:50.000000000,BEST_ASK,"JPM,99678,100"
2019-06-28 14:06:50.000000000,BEST_BID,"JPM,99619,166"
2019-06-28 14:06:50.000000000,BEST_ASK,"JPM,99678,100"
2019-06-28 14:06:50.000000000,BEST_BID,"JPM,99619,166"
2019-06-28 14:06:50.000000000,BEST_ASK,"JPM,99678,100"
2019-06-28 14:06:50.000000000,BEST_BID,"JPM,99619,166"
2019-06-28 14:06:50.000000000,BEST_ASK,"JPM,99678,166"
2019-06-28 14:06:50.000000000,BEST_BID,"JPM,99619,166"
2019-06-28 14:06:50.000000000,BEST_ASK,"JPM,99678,166"
2019-06-28 14:06:50.000000000,BEST_BID,"JPM,99619,166"
2019-06-28 14:06:50.000000000,BEST_ASK,"JPM,99678,166"
2019-06-28 14:06:50.000000000,BEST_BID,"JPM,99619,166"
2019-06-28 14:06:50.000000000,BEST_ASK,"JPM,99678,166"
2019-06-28 14:06:50.000000000,BEST_BID,"JPM,99619,166"
2019-06-28 14:06:50.000000000,BEST_ASK,"JPM,99678,166"
2019-06-28 14:06:52.739128129,QUERY_ORDER_STREAM,73
2019-06-28 14:06:52.739128129,QUERY_SPREAD,73
2019-06-28 14:06:53.267136229,QUERY_SPREAD,3
2019-06-28 14:06:53.267136229,BEST_BID,"JPM,99619,166"
2019-06-28 14:06:53.267136229,BEST_ASK,"JPM,99678,66"
2019-06-28 14:06:53.267136229,LAST_TRADE,"100,$99678.0000"
2019-06-28 14:06:58.047927825,QUERY_SPREAD,50
2019-06-28 14:06:58.047927825,BEST_BID,"JPM,99619,166"
2019-06-28 14:06:58.047927825,BEST_ASK,"JPM,99678,66"
2019-06-28 14:06:59.645858525,QUERY_SPREAD,5
2019-06-28 14:06:59.645858525,BEST_BID,"JPM,99619,166"
2019-06-28 14:06:59.645858525,BEST_ASK,"JPM,99678,66"
2019-06-28 14:07:00.000000000,QUERY_SPREAD,1
2019-06-28 14:07:00.000000000,BEST_BID,"JPM,99619,166"
2019-06-28 14:07:00.000000000,BEST_ASK,"JPM,99775,100"
2019-06-28 14:07:00.000000000,BEST_BID,"JPM,99619,166"
2019-06-28 14:07:00.000000000,BEST_ASK,"JPM,99775,100"
2019-06-28 14:07:00.000000000,BEST_BID,"JPM,99619,166"
2019-06-28 14:07:00.000000000,BEST_ASK,"JPM,99775,100"
2019-06-28 14:07:00.000000000,BEST_BID,"JPM,99619,166"
2019-06-28 14:07:00.000000000,BEST_ASK,"JPM,99775,100"
2019-06-28 14:07:00.000000000,BEST_BID,"JPM,99619,166"
2019-06-28 14:07:00.000000000,BEST_ASK,"JPM,99775,100"
2019-06-28 14:07:00.000000000,BEST_BID,"JPM,99619,166"
2019-06-28 14:07:00.000000000,BEST_ASK,"JPM,99775,166"
2019-06-28 14:07:00.000000000,BEST_BID,"JPM,99619,166"
2019-06-28 14:07:00.000000000,BEST_ASK,"JPM,99775,166"
2019-06-28 14:07:00.000000000,BEST_BID,"JPM,99619,166"
2019-06-28 14:07:00.000000000,BEST_ASK,"JPM,99775,166"
2019-06-28 14:07:00.000000000,BEST_BID,"JPM,99619,166"
2019-06-28 14:07:00.000000000,BEST_ASK,"JPM,99775,166"
2019-06-28 14:07:00.000000000,BEST_BID,"JPM,99619,166"
2019-06-28 14:07:00.000000000,BEST_ASK,"JPM,99775,166"
2019-06-28 14:07:00.000000000,QUERY_SPREAD,77
2019-06-28 14:07:00.000000000,BEST_BID,"JPM,99619,162"
2019-06-28 14:07:00.000000000,BEST_ASK,"JPM,99775,166"
2019-06-28 14:07:00.000000000,LAST_TRADE,"4,$99619.0000"
2019-06-28 14:07:00.000000000,QUERY_SPREAD,78
2019-06-28 14:07:00.000000000,BEST_BID,"JPM,99619,154"
2019-06-28 14:07:00.000000000,BEST_ASK,"JPM,99775,166"
2019-06-28 14:07:00.000000000,LAST_TRADE,"8,$99619.0000"
2019-06-28 14:07:00.000000000,QUERY_SPREAD,79
2019-06-28 14:07:00.000000000,BEST_BID,"JPM,99619,153"
2019-06-28 14:07:00.000000000,BEST_ASK,"JPM,99775,166"
2019-06-28 14:07:00.000000000,LAST_TRADE,"1,$99619.0000"
2019-06-28 14:07:00.000000000,QUERY_SPREAD,80
2019-06-28 14:07:00.000000000,BEST_BID,"JPM,99619,148"
2019-06-28 14:07:00.000000000,BEST_ASK,"JPM,99775,166"
2019-06-28 14:07:00.000000000,LAST_TRADE,"5,$99619.0000"
2019-06-28 14:07:00.000000000,QUERY_SPREAD,81
2019-06-28 14:07:00.000000000,BEST_BID,"JPM,99619,143"
2019-06-28 14:07:00.000000000,BEST_ASK,"JPM,99775,166"
2019-06-28 14:07:00.000000000,LAST_TRADE,"5,$99619.0000"
2019-06-28 14:07:00.000000000,QUERY_SPREAD,82
2019-06-28 14:07:00.000000000,BEST_BID,"JPM,99619,137"
2019-06-28 14:07:00.000000000,BEST_ASK,"JPM,99775,166"
2019-06-28 14:07:00.000000000,LAST_TRADE,"6,$99619.0000"
2019-06-28 14:07:00.000000000,QUERY_SPREAD,83
2019-06-28 14:07:00.000000000,BEST_BID,"JPM,99619,133"
2019-06-28 14:07:00.000000000,BEST_ASK,"JPM,99775,166"
2019-06-28 14:07:00.000000000,LAST_TRADE,"4,$99619.0000"
2019-06-28 14:07:00.000000000,QUERY_SPREAD,84
2019-06-28 14:07:00.000000000,BEST_BID,"JPM,99619,128"
2019-06-28 14:07:00.000000000,BEST_ASK,"JPM,99775,166"
2019-06-28 14:07:00.000000000,LAST_TRADE,"5,$99619.0000"
2019-06-28 14:07:00.000000000,QUERY_SPREAD,85
2019-06-28 14:07:00.000000000,BEST_BID,"JPM,99619,123"
2019-06-28 14:07:00.000000000,BEST_ASK,"JPM,99775,166"
2019-06-28 14:07:00.000000000,LAST_TRADE,"5,$99619.0000"
2019-06-28 14:07:00.000000000,QUERY_SPREAD,86
2019-06-28 14:07:00.000000000,BEST_BID,"JPM,99619,114"
2019-06-28 14:07:00.000000000,BEST_ASK,"JPM,99775,166"
2019-06-28 14:07:00.000000000,LAST_TRADE,"9,$99619.0000"
2019-06-28 14:07:00.000000000,QUERY_SPREAD,87
2019-06-28 14:07:00.000000000,BEST_BID,"JPM,99619,112"
2019-06-28 14:07:00.000000000,BEST_ASK,"JPM,99775,166"
2019-06-28 14:07:00.000000000,LAST_TRADE,"2,$99619.0000"
2019-06-28 14:07:00.000000000,QUERY_SPREAD,88
2019-06-28 14:07:00.000000000,BEST_BID,"JPM,99619,104"
2019-06-28 14:07:00.000000000,BEST_ASK,"JPM,99775,166"
2019-06-28 14:07:00.000000000,LAST_TRADE,"8,$99619.0000"
2019-06-28 14:07:00.000000000,QUERY_SPREAD,89
2019-06-28 14:07:00.000000000,BEST_BID,"JPM,99619,97"
2019-06-28 14:07:00.000000000,BEST_ASK,"JPM,99775,166"
2019-06-28 14:07:00.000000000,LAST_TRADE,"7,$99619.0000"
2019-06-28 14:07:00.000000000,QUERY_SPREAD,90
2019-06-28 14:07:00.000000000,BEST_BID,"JPM,99619,91"
2019-06-28 14:07:00.000000000,BEST_ASK,"JPM,99775,166"
2019-06-28 14:07:00.000000000,LAST_TRADE,"6,$99619.0000"
2019-06-28 14:07:00.000000000,QUERY_SPREAD,91
2019-06-28 14:07:00.000000000,BEST_BID,"JPM,99619,86"
2019-06-28 14:07:00.000000000,BEST_ASK,"JPM,99775,166"
2019-06-28 14:07:00.000000000,LAST_TRADE,"5,$99619.0000"
2019-06-28 14:07:00.000000000,QUERY_SPREAD,92
2019-06-28 14:07:00.000000000,BEST_BID,"JPM,99619,85"
2019-06-28 14:07:00.000000000,BEST_ASK,"JPM,99775,166"
2019-06-28 14:07:00.000000000,LAST_TRADE,"1,$99619.0000"
2019-06-28 14:07:00.000000000,QUERY_SPREAD,93
2019-06-28 14:07:00.000000000,BEST_BID,"JPM,99619,83"
2019-06-28 14:07:00.000000000,BEST_ASK,"JPM,99775,166"
2019-06-28 14:07:00.000000000,LAST_TRADE,"2,$99619.0000"
2019-06-28 14:07:00.000000000,QUERY_SPREAD,94
2019-06-28 14:07:00.000000000,BEST_BID,"JPM,99619,81"
2019-06-28 14:07:00.000000000,BEST_ASK,"JPM,99775,166"
2019-06-28 14:07:00.000000000,LAST_TRADE,"2,$99619.0000"
2019-06-28 14:07:00.000000000,QUERY_SPREAD,95
2019-06-28 14:07:00.000000000,BEST_BID,"JPM,99619,74"
2019-06-28 14:07:00.000000000,BEST_ASK,"JPM,99775,166"
2019-06-28 14:07:00.000000000,LAST_TRADE,"7,$99619.0000"
2019-06-28 14:07:00.000000000,QUERY_SPREAD,96
2019-06-28 14:07:00.000000000,BEST_BID,"JPM,99619,67"
2019-06-28 14:07:00.000000000,BEST_ASK,"JPM,99775,166"
2019-06-28 14:07:00.000000000,LAST_TRADE,"7,$99619.0000"
2019-06-28 14:07:00.000000000,QUERY_SPREAD,97
2019-06-28 14:07:00.000000000,BEST_BID,"JPM,99619,61"
2019-06-28 14:07:00.000000000,BEST_ASK,"JPM,99775,166"
2019-06-28 14:07:00.000000000,LAST_TRADE,"6,$99619.0000"
2019-06-28 14:07:00.000000000,QUERY_SPREAD,98
2019-06-28 14:07:00.000000000,BEST_BID,"JPM,99619,57"
2019-06-28 14:07:00.000000000,BEST_ASK,"JPM,99775,166"
2019-06-28 14:07:00.000000000,LAST_TRADE,"4,$99619.0000"
2019-06-28 14:07:00.000000000,QUERY_SPREAD,99
2019-06-28 14:07:00.000000000,BEST_BID,"JPM,99619,55"
2019-06-28 14:07:00.000000000,BEST_ASK,"JPM,99775,166"
2019-06-28 14:07:00.000000000,LAST_TRADE,"2,$99619.0000"
2019-06-28 14:07:00.000000000,QUERY_SPREAD,100
2019-06-28 14:07:00.000000000,BEST_BID,"JPM,99619,49"
2019-06-28 14:07:00.000000000,BEST_ASK,"JPM,99775,166"
2019-06-28 14:07:00.000000000,LAST_TRADE,"6,$99619.0000"
2019-06-28 14:07:00.000000000,QUERY_SPREAD,101
2019-06-28 14:07:00.000000000,QUERY_ORDER_STREAM,101
2019-06-28 14:07:02.054269227,QUERY_SPREAD,50
2019-06-28 14:07:02.054269227,BEST_BID,"JPM,99619,49"
2019-06-28 14:07:02.054269227,BEST_ASK,"JPM,99775,166"
2019-06-28 14:07:10.000000000,QUERY_SPREAD,1
2019-06-28 14:07:10.000000000,BEST_BID,"JPM,99514,182"
2019-06-28 14:07:10.000000000,BEST_ASK,"JPM,99775,100"
2019-06-28 14:07:10.000000000,BEST_BID,"JPM,99514,182"
2019-06-28 14:07:10.000000000,BEST_ASK,"JPM,99775,100"
2019-06-28 14:07:10.000000000,BEST_BID,"JPM,99514,182"
2019-06-28 14:07:10.000000000,BEST_ASK,"JPM,99775,100"
2019-06-28 14:07:10.000000000,BEST_BID,"JPM,99514,182"
2019-06-28 14:07:10.000000000,BEST_ASK,"JPM,99775,100"
2019-06-28 14:07:10.000000000,BEST_BID,"JPM,99514,182"
2019-06-28 14:07:10.000000000,BEST_ASK,"JPM,99775,182"
2019-06-28 14:07:10.000000000,BEST_BID,"JPM,99514,182"
2019-06-28 14:07:10.000000000,BEST_ASK,"JPM,99775,182"
2019-06-28 14:07:10.000000000,BEST_BID,"JPM,99514,182"
2019-06-28 14:07:10.000000000,BEST_ASK,"JPM,99775,182"
2019-06-28 14:07:10.000000000,BEST_BID,"JPM,99514,182"
2019-06-28 14:07:10.000000000,BEST_ASK,"JPM,99775,182"
2019-06-28 14:07:20.000000000,QUERY_SPREAD,1
2019-06-28 14:07:20.000000000,BEST_BID,"JPM,99514,264"
2019-06-28 14:07:20.000000000,BEST_ASK,"JPM,99775,100"
2019-06-28 14:07:20.000000000,BEST_BID,"JPM,99514,264"
2019-06-28 14:07:20.000000000,BEST_ASK,"JPM,99775,100"
2019-06-28 14:07:20.000000000,BEST_BID,"JPM,99514,264"
2019-06-28 14:07:20.000000000,BEST_ASK,"JPM,99775,264"
2019-06-28 14:07:20.000000000,BEST_BID,"JPM,99514,264"
2019-06-28 14:07:20.000000000,BEST_ASK,"JPM,99775,264"
2019-06-28 14:07:30.000000000,QUERY_SPREAD,1
2019-06-28 14:07:30.000000000,BEST_BID,"JPM,99514,166"
2019-06-28 14:07:30.000000000,BEST_ASK,"JPM,99775,100"
2019-06-28 14:07:30.000000000,BEST_BID,"JPM,99514,166"
2019-06-28 14:07:30.000000000,BEST_ASK,"JPM,99775,100"
2019-06-28 14:07:30.000000000,BEST_BID,"JPM,99514,166"
2019-06-28 14:07:30.000000000,BEST_ASK,"JPM,99775,100"
2019-06-28 14:07:30.000000000,BEST_BID,"JPM,99514,166"
2019-06-28 14:07:30.000000000,BEST_ASK,"JPM,99775,100"
2019-06-28 14:07:30.000000000,BEST_BID,"JPM,99514,166"
2019-06-28 14:07:30.000000000,BEST_ASK,"JPM,99775,100"
2019-06-28 14:07:30.000000000,BEST_BID,"JPM,99514,166"
2019-06-28 14:07:30.000000000,BEST_ASK,"JPM,99775,166"
2019-06-28 14:07:30.000000000,BEST_BID,"JPM,99514,166"
2019-06-28 14:07:30.000000000,BEST_ASK,"JPM,99775,166"
2019-06-28 14:07:30.000000000,BEST_BID,"JPM,99514,166"
2019-06-28 14:07:30.000000000,BEST_ASK,"JPM,99775,166"
2019-06-28 14:07:30.000000000,BEST_BID,"JPM,99514,166"
2019-06-28 14:07:30.000000000,BEST_ASK,"JPM,99775,166"
2019-06-28 14:07:30.000000000,BEST_BID,"JPM,99514,166"
2019-06-28 14:07:30.000000000,BEST_ASK,"JPM,99775,166"
2019-06-28 14:07:36.769692258,QUERY_ORDER_STREAM,69
2019-06-28 14:07:36.769692258,QUERY_SPREAD,69
2019-06-28 14:07:40.000000000,QUERY_SPREAD,1
2019-06-28 14:07:40.000000000,BEST_BID,"JPM,99514,212"
2019-06-28 14:07:40.000000000,BEST_ASK,"JPM,99775,100"
2019-06-28 14:07:40.000000000,BEST_BID,"JPM,99514,212"
2019-06-28 14:07:40.000000000,BEST_ASK,"JPM,99775,100"
2019-06-28 14:07:40.000000000,BEST_BID,"JPM,99514,212"
2019-06-28 14:07:40.000000000,BEST_ASK,"JPM,99775,100"
2019-06-28 14:07:40.000000000,BEST_BID,"JPM,99514,212"
2019-06-28 14:07:40.000000000,BEST_ASK,"JPM,99775,212"
2019-06-28 14:07:40.000000000,BEST_BID,"JPM,99514,212"
2019-06-28 14:07:40.000000000,BEST_ASK,"JPM,99775,212"
2019-06-28 14:07:40.000000000,BEST_BID,"JPM,99514,212"
2019-06-28 14:07:40.000000000,BEST_ASK,"JPM,99775,212"
2019-06-28 14:07:41.508065492,QUERY_SPREAD,50
2019-06-28 14:07:41.508065492,BEST_BID,"JPM,99514,212"
2019-06-28 14:07:41.508065492,BEST_ASK,"JPM,99775,112"
2019-06-28 14:07:41.508065492,LAST_TRADE,"100,$99775.0000"
2019-06-28 14:07:46.467763887,QUERY_SPREAD,37
2019-06-28 14:07:46.467763887,BEST_BID,"JPM,99514,212"
2019-06-28 14:07:46.467763887,BEST_ASK,"JPM,99775,12"
2019-06-28 14:07:46.467763887,LAST_TRADE,"100,$99775.0000"
2019-06-28 14:07:49.065410929,QUERY_SPREAD,18
2019-06-28 14:07:49.065410929,BEST_BID,"JPM,99514,212"
2019-06-28 14:07:49.065410929,BEST_ASK,"JPM,99775,12"
2019-06-28 14:07:50.000000000,QUERY_SPREAD,1
2019-06-28 14:07:50.000000000,BEST_BID,"JPM,99514,428"
2019-06-28 14:07:50.000000000,BEST_ASK,"JPM,99859,100"
2019-06-28 14:07:50.000000000,BEST_BID,"JPM,99514,428"
2019-06-28 14:07:50.000000000,BEST_ASK,"JPM,99859,428"
2019-06-28 14:07:58.780935611,QUERY_ORDER_STREAM,59
2019-06-28 14:07:58.780935611,QUERY_SPREAD,59
2019-06-28 14:07:58.780935611,BEST_BID,"JPM,99775,100"
2019-06-28 14:07:58.780935611,BEST_ASK,"JPM,99859,428"
2019-06-28 14:08:00.000000000,QUERY_SPREAD,1
2019-06-28 14:08:00.000000000,BEST_BID,"JPM,99775,264"
2019-06-28 14:08:00.000000000,BEST_ASK,"JPM,99859,100"
2019-06-28 14:08:00.000000000,BEST_BID,"JPM,99775,264"
2019-06-28 14:08:00.000000000,BEST_ASK,"JPM,99859,100"
2019-06-28 14:08:00.000000000,BEST_BID,"JPM,99775,264"
2019-06-28 14:08:00.000000000,BEST_ASK,"JPM,99859,264"
2019-06-28 14:08:00.000000000,BEST_BID,"JPM,99775,264"
2019-06-28 14:08:00.000000000,BEST_ASK,"JPM,99859,264"
2019-06-28 14:08:00.000000000,QUERY_SPREAD,77
2019-06-28 14:08:00.000000000,BEST_BID,"JPM,99775,260"
2019-06-28 14:08:00.000000000,BEST_ASK,"JPM,99859,264"
2019-06-28 14:08:00.000000000,LAST_TRADE,"4,$99775.0000"
2019-06-28 14:08:00.000000000,QUERY_SPREAD,78
2019-06-28 14:08:00.000000000,BEST_BID,"JPM,99775,252"
2019-06-28 14:08:00.000000000,BEST_ASK,"JPM,99859,264"
2019-06-28 14:08:00.000000000,LAST_TRADE,"8,$99775.0000"
2019-06-28 14:08:00.000000000,QUERY_SPREAD,79
2019-06-28 14:08:00.000000000,BEST_BID,"JPM,99775,251"
2019-06-28 14:08:00.000000000,BEST_ASK,"JPM,99859,264"
2019-06-28 14:08:00.000000000,LAST_TRADE,"1,$99775.0000"
2019-06-28 14:08:00.000000000,QUERY_SPREAD,80
2019-06-28 14:08:00.000000000,BEST_BID,"JPM,99775,246"
2019-06-28 14:08:00.000000000,BEST_ASK,"JPM,99859,264"
2019-06-28 14:08:00.000000000,LAST_TRADE,"5,$99775.0000"
2019-06-28 14:08:00.000000000,QUERY_SPREAD,81
2019-06-28 14:08:00.000000000,BEST_BID,"JPM,99775,241"
2019-06-28 14:08:00.000000000,BEST_ASK,"JPM,99859,264"
2019-06-28 14:08:00.000000000,LAST_TRADE,"5,$99775.0000"
2019-06-28 14:08:00.000000000,QUERY_SPREAD,82
2019-06-28 14:08:00.000000000,BEST_BID,"JPM,99775,235"
2019-06-28 14:08:00.000000000,BEST_ASK,"JPM,99859,264"
2019-06-28 14:08:00.000000000,LAST_TRADE,"6,$99775.0000"
2019-06-28 14:08:00.000000000,QUERY_SPREAD,83
2019-06-28 14:08:00.000000000,BEST_BID,"JPM,99775,231"
2019-06-28 14:08:00.000000000,BEST_ASK,"JPM,99859,264"
2019-06-28 14:08:00.000000000,LAST_TRADE,"4,$99775.0000"
2019-06-28 14:08:00.000000000,QUERY_SPREAD,84
2019-06-28 14:08:00.000000000,BEST_BID,"JPM,99775,226"
2019-06-28 14:08:00.000000000,BEST_ASK,"JPM,99859,264"
2019-06-28 14:08:00.000000000,LAST_TRADE,"5,$99775.0000"
2019-06-28 14:08:00.000000000,QUERY_SPREAD,85
2019-06-28 14:08:00.000000000,BEST_BID,"JPM,99775,221"
2019-06-28 14:08:00.000000000,BEST_ASK,"JPM,99859,264"
2019-06-28 14:08:00.000000000,LAST_TRADE,"5,$99775.0000"
2019-06-28 14:08:00.000000000,QUERY_SPREAD,86
2019-06-28 14:08:00.000000000,BEST_BID,"JPM,99775,212"
2019-06-28 14:08:00.000000000,BEST_ASK,"JPM,99859,264"
2019-06-28 14:08:00.000000000,LAST_TRADE,"9,$99775.0000"
2019-06-28 14:08:00.000000000,QUERY_SPREAD,87
2019-06-28 14:08:00.000000000,BEST_BID,"JPM,99775,210"
2019-06-28 14:08:00.000000000,BEST_ASK,"JPM,99859,264"
2019-06-28 14:08:00.000000000,LAST_TRADE,"2,$99775.0000"
2019-06-28 14:08:00.000000000,QUERY_SPREAD,88
2019-06-28 14:08:00.000000000,BEST_BID,"JPM,99775,202"
2019-06-28 14:08:00.000000000,BEST_ASK,"JPM,99859,264"
2019-06-28 14:08:00.000000000,LAST_TRADE,"8,$99775.0000"
2019-06-28 14:08:00.000000000,QUERY_SPREAD,89
2019-06-28 14:08:00.000000000,BEST_BID,"JPM,99775,195"
2019-06-28 14:08:00.000000000,BEST_ASK,"JPM,99859,264"
2019-06-28 14:08:00.000000000,LAST_TRADE,"7,$99775.0000"
2019-06-28 14:08:00.000000000,QUERY_SPREAD,90
2019-06-28 14:08:00.000000000,BEST_BID,"JPM,99775,189"
2019-06-28 14:08:00.000000000,BEST_ASK,"JPM,99859,264"
2019-06-28 14:08:00.000000000,LAST_TRADE,"6,$99775.0000"
2019-06-28 14:08:00.000000000,QUERY_SPREAD,91
2019-06-28 14:08:00.000000000,BEST_BID,"JPM,99775,184"
2019-06-28 14:08:00.000000000,BEST_ASK,"JPM,99859,264"
2019-06-28 14:08:00.000000000,LAST_TRADE,"5,$99775.0000"
2019-06-28 14:08:00.000000000,QUERY_SPREAD,92
2019-06-28 14:08:00.000000000,BEST_BID,"JPM,99775,183"
2019-06-28 14:08:00.000000000,BEST_ASK,"JPM,99859,264"
2019-06-28 14:08:00.000000000,LAST_TRADE,"1,$99775.0000"
2019-06-28 14:08:00.000000000,QUERY_SPREAD,93
2019-06-28 14:08:00.000000000,BEST_BID,"JPM,99775,181"
2019-06-28 14:08:00.000000000,BEST_ASK,"JPM,99859,264"
2019-06-28 14:08:00.000000000,LAST_TRADE,"2,$99775.0000"
2019-06-28 14:08:00.000000000,QUERY_SPREAD,94
2019-06-28 14:08:00.000000000,BEST_BID,"JPM,99775,179"
2019-06-28 14:08:00.000000000,BEST_ASK,"JPM,99859,264"
2019-06-28 14:08:00.000000000,LAST_TRADE,"2,$99775.0000"
2019-06-28 14:08:00.000000000,QUERY_SPREAD,95
2019-06-28 14:08:00.000000000,BEST_BID,"JPM,99775,172"
2019-06-28 14:08:00.000000000,BEST_ASK,"JPM,99859,264"
2019-06-28 14:08:00.000000000,LAST_TRADE,"7,$99775.0000"
2019-06-28 14:08:00.000000000,QUERY_SPREAD,96
2019-06-28 14:08:00.000000000,BEST_BID,"JPM,99775,165"
2019-06-28 14:08:00.000000000,BEST_ASK,"JPM,99859,264"
2019-06-28 14:08:00.000000000,LAST_TRADE,"7,$99775.0000"
2019-06-28 14:08:00.000000000,QUERY_SPREAD,97
2019-06-28 14:08:00.000000000,BEST_BID,"JPM,99775,159"
2019-06-28 14:08:00.000000000,BEST_ASK,"JPM,99859,264"
2019-06-28 14:08:00.000000000,LAST_TRADE,"6,$99775.0000"
2019-06-28 14:08:00.000000000,QUERY_SPREAD,98
2019-06-28 14:08:00.000000000,BEST_BID,"JPM,99775,155"
2019-06-28 14:08:00.000000000,BEST_ASK,"JPM,99859,264"
2019-06-28 14:08:00.000000000,LAST_TRADE,"4,$99775.0000"
2019-06-28 14:08:00.000000000,QUERY_SPREAD,99
2019-06-28 14:08:00.000000000,BEST_BID,"JPM,99775,153"
2019-06-28 14:08:00.000000000,BEST_ASK,"JPM,99859,264"
2019-06-28 14:08:00.000000000,LAST_TRADE,"2,$99775.0000"
2019-06-28 14:08:00.000000000,QUERY_SPREAD,100
2019-06-28 14:08:00.000000000,BEST_BID,"JPM,99775,147"
2019-06-28 14:08:00.000000000,BEST_ASK,"JPM,99859,264"
2019-06-28 14:08:00.000000000,LAST_TRADE,"6,$99775.0000"
2019-06-28 14:08:00.000000000,QUERY_SPREAD,101
2019-06-28 14:08:00.000000000,QUERY_ORDER_STREAM,101
2019-06-28 14:08:08.467472902,QUERY_SPREAD,2
2019-06-28 14:08:08.467472902,BEST_BID,"JPM,99775,147"
2019-06-28 14:08:08.467472902,BEST_ASK,"JPM,99859,164"
2019-06-28 14:08:08.467472902,LAST_TRADE,"100,$99859.0000"
2019-06-28 14:08:10.000000000,QUERY_SPREAD,1
2019-06-28 14:08:10.000000000,BEST_BID,"JPM,99514,182"
2019-06-28 14:08:10.000000000,BEST_ASK,"JPM,99892,100"
2019-06-28 14:08:10.000000000,BEST_BID,"JPM,99514,182"
2019-06-28 14:08:10.000000000,BEST_ASK,"JPM,99892,100"
2019-06-28 14:08:10.000000000,BEST_BID,"JPM,99514,182"
2019-06-28 14:08:10.000000000,BEST_ASK,"JPM,99892,100"
2019-06-28 14:08:10.000000000,BEST_BID,"JPM,99514,182"
2019-06-28 14:08:10.000000000,BEST_ASK,"JPM,99892,100"
2019-06-28 14:08:10.000000000,BEST_BID,"JPM,99514,182"
2019-06-28 14:08:10.000000000,BEST_ASK,"JPM,99892,182"
2019-06-28 14:08:10.000000000,BEST_BID,"JPM,99514,182"
2019-06-28 14:08:10.000000000,BEST_ASK,"JPM,99892,182"
2019-06-28 14:08:10.000000000,BEST_BID,"JPM,99514,182"
2019-06-28 14:08:10.000000000,BEST_ASK,"JPM,99892,182"
2019-06-28 14:08:10.000000000,BEST_BID,"JPM,99514,182"
2019-06-28 14:08:10.000000000,BEST_ASK,"JPM,99892,182"
2019-06-28 14:08:13.666886035,QUERY_SPREAD,33
2019-06-28 14:08:13.666886035,BEST_BID,"JPM,99514,182"
2019-06-28 14:08:13.666886035,BEST_ASK,"JPM,99892,182"
2019-06-28 14:08:18.131354238,QUERY_SPREAD,5
2019-06-28 14:08:18.131354238,BEST_BID,"JPM,99514,182"
2019-06-28 14:08:18.131354238,BEST_ASK,"JPM,99892,182"
2019-06-28 14:08:20.000000000,QUERY_SPREAD,1
2019-06-28 14:08:20.000000000,BEST_BID,"JPM,99514,264"
2019-06-28 14:08:20.000000000,BEST_ASK,"JPM,99892,100"
2019-06-28 14:08:20.000000000,BEST_BID,"JPM,99514,264"
2019-06-28 14:08:20.000000000,BEST_ASK,"JPM,99892,100"
2019-06-28 14:08:20.000000000,BEST_BID,"JPM,99514,264"
2019-06-28 14:08:20.000000000,BEST_ASK,"JPM,99892,264"
2019-06-28 14:08:20.000000000,BEST_BID,"JPM,99514,264"
2019-06-28 14:08:20.000000000,BEST_ASK,"JPM,99892,264"
2019-06-28 14:08:22.740872546,QUERY_SPREAD,36
2019-06-28 14:08:22.740872546,BEST_BID,"JPM,99514,264"
2019-06-28 14:08:22.740872546,BEST_ASK,"JPM,99892,164"
2019-06-28 14:08:22.740872546,LAST_TRADE,"100,$99892.0000"
2019-06-28 14:08:25.054916298,QUERY_SPREAD,33
2019-06-28 14:08:25.054916298,BEST_BID,"JPM,99514,264"
2019-06-28 14:08:25.054916298,BEST_ASK,"JPM,99892,164"
2019-06-28 14:08:30.000000000,QUERY_SPREAD,1
2019-06-28 14:08:30.000000000,BEST_BID,"JPM,99514,212"
2019-06-28 14:08:30.000000000,BEST_ASK,"JPM,99952,100"
2019-06-28 14:08:30.000000000,BEST_BID,"JPM,99514,212"
2019-06-28 14:08:30.000000000,BEST_ASK,"JPM,99952,100"
2019-06-28 14:08:30.000000000,BEST_BID,"JPM,99514,212"
2019-06-28 14:08:30.000000000,BEST_ASK,"JPM,99952,100"
2019-06-28 14:08:30.000000000,BEST_BID,"JPM,99514,212"
2019-06-28 14:08:30.000000000,BEST_ASK,"JPM,99952,212"
2019-06-28 14:08:30.000000000,BEST_BID,"JPM,99514,212"
2019-06-28 14:08:30.000000000,BEST_ASK,"JPM,99952,212"
2019-06-28 14:08:30.000000000,BEST_BID,"JPM,99514,212"
2019-06-28 14:08:30.000000000,BEST_ASK,"JPM,99952,212"
2019-06-28 14:08:40.000000000,QUERY_SPREAD,1
2019-06-28 14:08:40.000000000,BEST_BID,"JPM,99514,264"
2019-06-28 14:08:40.000000000,BEST_ASK,"JPM,99952,100"
2019-06-28 14:08:40.000000000,BEST_BID,"JPM,99514,264"
2019-06-28 14:08:40.000000000,BEST_ASK,"JPM,99952,100"
2019-06-28 14:08:40.000000000,BEST_BID,"JPM,99514,264"
2019-06-28 14:08:40.000000000,BEST_ASK,"JPM,99952,264"
2019-06-28 14:08:40.000000000,BEST_BID,"JPM,99514,264"
2019-06-28 14:08:40.000000000,BEST_ASK,"JPM,99952,264"
2019-06-28 14:08:41.697816923,QUERY_SPREAD,50
2019-06-28 14:08:41.697816923,BEST_BID,"JPM,99820,100"
2019-06-28 14:08:41.697816923,BEST_ASK,"JPM,99952,264"
2019-06-28 14:08:50.000000000,QUERY_SPREAD,1
2019-06-28 14:08:50.000000000,BEST_BID,"JPM,99820,166"
2019-06-28 14:08:50.000000000,BEST_ASK,"JPM,99952,100"
2019-06-28 14:08:50.000000000,BEST_BID,"JPM,99820,166"
2019-06-28 14:08:50.000000000,BEST_ASK,"JPM,99952,100"
2019-06-28 14:08:50.000000000,BEST_BID,"JPM,99820,166"
2019-06-28 14:08:50.000000000,BEST_ASK,"JPM,99952,100"
2019-06-28 14:08:50.000000000,BEST_BID,"JPM,99820,166"
2019-06-28 14:08:50.000000000,BEST_ASK,"JPM,99952,100"
2019-06-28 14:08:50.000000000,BEST_BID,"JPM,99820,166"
2019-06-28 14:08:50.000000000,BEST_ASK,"JPM,99952,100"
2019-06-28 14:08:50.000000000,BEST_BID,"JPM,99820,166"
2019-06-28 14:08:50.000000000,BEST_ASK,"JPM,99952,166"
2019-06-28 14:08:50.000000000,BEST_BID,"JPM,99820,166"
2019-06-28 14:08:50.000000000,BEST_ASK,"JPM,99952,166"
2019-06-28 14:08:50.000000000,BEST_BID,"JPM,99820,166"
2019-06-28 14:08:50.000000000,BEST_ASK,"JPM,99952,166"
2019-06-28 14:08:50.000000000,BEST_BID,"JPM,99820,166"
2019-06-28 14:08:50.000000000,BEST_ASK,"JPM,99952,166"
2019-06-28 14:08:50.000000000,BEST_BID,"JPM,99820,166"
2019-06-28 14:08:50.000000000,BEST_ASK,"JPM,99952,166"
2019-06-28 14:08:53.487398563,QUERY_SPREAD,15
2019-06-28 14:08:53.487398563,BEST_BID,"JPM,99820,166"
2019-06-28 14:08:53.487398563,BEST_ASK,"JPM,99952,166"
2019-06-28 14:08:54.763610690,QUERY_SPREAD,33
2019-06-28 14:08:54.763610690,BEST_BID,"JPM,99820,166"
2019-06-28 14:08:54.763610690,BEST_ASK,"JPM,99952,166"
2019-06-28 14:09:00.000000000,QUERY_SPREAD,1
2019-06-28 14:09:00.000000000,BEST_BID,"JPM,99820,166"
2019-06-28 14:09:00.000000000,BEST_ASK,"JPM,99952,100"
2019-06-28 14:09:00.000000000,BEST_BID,"JPM,99820,166"
2019-06-28 14:09:00.000000000,BEST_ASK,"JPM,99952,100"
2019-06-28 14:09:00.000000000,BEST_BID,"JPM,99820,166"
2019-06-28 14:09:00.000000000,BEST_ASK,"JPM,99952,100"
2019-06-28 14:09:00.000000000,BEST_BID,"JPM,99820,166"
2019-06-28 14:09:00.000000000,BEST_ASK,"JPM,99952,100"
2019-06-28 14:09:00.000000000,BEST_BID,"JPM,99820,166"
2019-06-28 14:09:00.000000000,BEST_ASK,"JPM,99952,100"
2019-06-28 14:09:00.000000000,BEST_BID,"JPM,99820,166"
2019-06-28 14:09:00.000000000,BEST_ASK,"JPM,99952,166"
2019-06-28 14:09:00.000000000,BEST_BID,"JPM,99820,166"
2019-06-28 14:09:00.000000000,BEST_ASK,"JPM,99952,166"
2019-06-28 14:09:00.000000000,BEST_BID,"JPM,99820,166"
2019-06-28 14:09:00.000000000,BEST_ASK,"JPM,99952,166"
2019-06-28 14:09:00.000000000,BEST_BID,"JPM,99820,166"
2019-06-28 14:09:00.000000000,BEST_ASK,"JPM,99952,166"
2019-06-28 14:09:00.000000000,BEST_BID,"JPM,99820,166"
2019-06-28 14:09:00.000000000,BEST_ASK,"JPM,99952,166"
2019-06-28 14:09:00.000000000,QUERY_SPREAD,77
2019-06-28 14:09:00.000000000,BEST_BID,"JPM,99820,162"
2019-06-28 14:09:00.000000000,BEST_ASK,"JPM,99952,166"
2019-06-28 14:09:00.000000000,LAST_TRADE,"4,$99820.0000"
2019-06-28 14:09:00.000000000,QUERY_SPREAD,78
2019-06-28 14:09:00.000000000,BEST_BID,"JPM,99820,154"
2019-06-28 14:09:00.000000000,BEST_ASK,"JPM,99952,166"
2019-06-28 14:09:00.000000000,LAST_TRADE,"8,$99820.0000"
2019-06-28 14:09:00.000000000,QUERY_SPREAD,79
2019-06-28 14:09:00.000000000,BEST_BID,"JPM,99820,153"
2019-06-28 14:09:00.000000000,BEST_ASK,"JPM,99952,166"
2019-06-28 14:09:00.000000000,LAST_TRADE,"1,$99820.0000"
2019-06-28 14:09:00.000000000,QUERY_SPREAD,80
2019-06-28 14:09:00.000000000,BEST_BID,"JPM,99820,148"
2019-06-28 14:09:00.000000000,BEST_ASK,"JPM,99952,166"
2019-06-28 14:09:00.000000000,LAST_TRADE,"5,$99820.0000"
2019-06-28 14:09:00.000000000,QUERY_SPREAD,81
2019-06-28 14:09:00.000000000,BEST_BID,"JPM,99820,143"
2019-06-28 14:09:00.000000000,BEST_ASK,"JPM,99952,166"
2019-06-28 14:09:00.000000000,LAST_TRADE,"5,$99820.0000"
2019-06-28 14:09:00.000000000,QUERY_SPREAD,82
2019-06-28 14:09:00.000000000,BEST_BID,"JPM,99820,137"
2019-06-28 14:09:00.000000000,BEST_ASK,"JPM,99952,166"
2019-06-28 14:09:00.000000000,LAST_TRADE,"6,$99820.0000"
2019-06-28 14:09:00.000000000,QUERY_SPREAD,83
2019-06-28 14:09:00.000000000,BEST_BID,"JPM,99820,133"
2019-06-28 14:09:00.000000000,BEST_ASK,"JPM,99952,166"
2019-06-28 14:09:00.000000000,LAST_TRADE,"4,$99820.0000"
2019-06-28 14:09:00.000000000,QUERY_SPREAD,84
2019-06-28 14:09:00.000000000,BEST_BID,"JPM,99820,128"
2019-06-28 14:09:00.000000000,BEST_ASK,"JPM,99952,166"
2019-06-28 14:09:00.000000000,LAST_TRADE,"5,$99820.0000"
2019-06-28 14:09:00.000000000,QUERY_SPREAD,85
2019-06-28 14:09:00.000000000,BEST_BID,"JPM,99820,123"
2019-06-28 14:09:00.000000000,BEST_ASK,"JPM,99952,166"
2019-06-28 14:09:00.000000000,LAST_TRADE,"5,$99820.0000"
2019-06-28 14:09:00.000000000,QUERY_SPREAD,86
2019-06-28 14:09:00.000000000,BEST_BID,"JPM,99820,114"
2019-06-28 14:09:00.000000000,BEST_ASK,"JPM,99952,166"
2019-06-28 14:09:00.000000000,LAST_TRADE,"9,$99820.0000"
2019-06-28 14:09:00.000000000,QUERY_SPREAD,87
2019-06-28 14:09:00.000000000,BEST_BID,"JPM,99820,112"
2019-06-28 14:09:00.000000000,BEST_ASK,"JPM,99952,166"
2019-06-28 14:09:00.000000000,LAST_TRADE,"2,$99820.0000"
2019-06-28 14:09:00.000000000,QUERY_SPREAD,88
2019-06-28 14:09:00.000000000,BEST_BID,"JPM,99820,104"
2019-06-28 14:09:00.000000000,BEST_ASK,"JPM,99952,166"
2019-06-28 14:09:00.000000000,LAST_TRADE,"8,$99820.0000"
2019-06-28 14:09:00.000000000,QUERY_SPREAD,89
2019-06-28 14:09:00.000000000,BEST_BID,"JPM,99820,97"
2019-06-28 14:09:00.000000000,BEST_ASK,"JPM,99952,166"
2019-06-28 14:09:00.000000000,LAST_TRADE,"7,$99820.0000"
2019-06-28 14:09:00.000000000,QUERY_SPREAD,90
2019-06-28 14:09:00.000000000,BEST_BID,"JPM,99820,91"
2019-06-28 14:09:00.000000000,BEST_ASK,"JPM,99952,166"
2019-06-28 14:09:00.000000000,LAST_TRADE,"6,$99820.0000"
2019-06-28 14:09:00.000000000,QUERY_SPREAD,91
2019-06-28 14:09:00.000000000,BEST_BID,"JPM,99820,86"
2019-06-28 14:09:00.000000000,BEST_ASK,"JPM,99952,166"
2019-06-28 14:09:00.000000000,LAST_TRADE,"5,$99820.0000"
2019-06-28 14:09:00.000000000,QUERY_SPREAD,92
2019-06-28 14:09:00.000000000,BEST_BID,"JPM,99820,85"
2019-06-28 14:09:00.000000000,BEST_ASK,"JPM,99952,166"
2019-06-28 14:09:00.000000000,LAST_TRADE,"1,$99820.0000"
2019-06-28 14:09:00.000000000,QUERY_SPREAD,93
2019-06-28 14:09:00.000000000,BEST_BID,"JPM,99820,83"
2019-06-28 14:09:00.000000000,BEST_ASK,"JPM,99952,166"
2019-06-28 14:09:00.000000000,LAST_TRADE,"2,$99820.0000"
2019-06-28 14:09:00.000000000,QUERY_SPREAD,94
2019-06-28 14:09:00.000000000,BEST_BID,"JPM,99820,81"
2019-06-28 14:09:00.000000000,BEST_ASK,"JPM,99952,166"
2019-06-28 14:09:00.000000000,LAST_TRADE,"2,$99820.0000"
2019-06-28 14:09:00.000000000,QUERY_SPREAD,95
2019-06-28 14:09:00.000000000,BEST_BID,"JPM,99820,74"
2019-06-28 14:09:00.000000000,BEST_ASK,"JPM,99952,166"
2019-06-28 14:09:00.000000000,LAST_TRADE,"7,$99820.0000"
2019-06-28 14:09:00.000000000,QUERY_SPREAD,96
2019-06-28 14:09:00.000000000,BEST_BID,"JPM,99820,67"
2019-06-28 14:09:00.000000000,BEST_ASK,"JPM,99952,166"
2019-06-28 14:09:00.000000000,LAST_TRADE,"7,$99820.0000"
2019-06-28 14:09:00.000000000,QUERY_SPREAD,97
2019-06-28 14:09:00.000000000,BEST_BID,"JPM,99820,61"
2019-06-28 14:09:00.000000000,BEST_ASK,"JPM,99952,166"
2019-06-28 14:09:00.000000000,LAST_TRADE,"6,$99820.0000"
2019-06-28 14:09:00.000000000,QUERY_SPREAD,98
2019-06-28 14:09:00.000000000,BEST_BID,"JPM,99820,57"
2019-06-28 14:09:00.000000000,BEST_ASK,"JPM,99952,166"
2019-06-28 14:09:00.000000000,LAST_TRADE,"4,$99820.0000"
2019-06-28 14:09:00.000000000,QUERY_SPREAD,99
2019-06-28 14:09:00.000000000,BEST_BID,"JPM,99820,55"
2019-06-28 14:09:00.000000000,BEST_ASK,"JPM,99952,166"
2019-06-28 14:09:00.000000000,LAST_TRADE,"2,$99820.0000"
2019-06-28 14:09:00.000000000,QUERY_SPREAD,100
2019-06-28 14:09:00.000000000,BEST_BID,"JPM,99820,49"
2019-06-28 14:09:00.000000000,BEST_ASK,"JPM,99952,166"
2019-06-28 14:09:00.000000000,LAST_TRADE,"6,$99820.0000"
2019-06-28 14:09:00.000000000,QUERY_SPREAD,101
2019-06-28 14:09:00.000000000,QUERY_ORDER_STREAM,101
2019-06-28 14:09:10.000000000,QUERY_SPREAD,1
2019-06-28 14:09:10.000000000,BEST_BID,"JPM,99514,212"
2019-06-28 14:09:10.000000000,BEST_ASK,"JPM,99952,100"
2019-06-28 14:09:10.000000000,BEST_BID,"JPM,99514,212"
2019-06-28 14:09:10.000000000,BEST_ASK,"JPM,99952,100"
2019-06-28 14:09:10.000000000,BEST_BID,"JPM,99514,212"
2019-06-28 14:09:10.000000000,BEST_ASK,"JPM,99952,100"
2019-06-28 14:09:10.000000000,BEST_BID,"JPM,99514,212"
2019-06-28 14:09:10.000000000,BEST_ASK,"JPM,99952,212"
2019-06-28 14:09:10.000000000,BEST_BID,"JPM,99514,212"
2019-06-28 14:09:10.000000000,BEST_ASK,"JPM,99952,212"
2019-06-28 14:09:10.000000000,BEST_BID,"JPM,99514,212"
2019-06-28 14:09:10.000000000,BEST_ASK,"JPM,99952,212"
2019-06-28 14:09:10.975514346,QUERY_SPREAD,44
2019-06-28 14:09:10.975514346,BEST_BID,"JPM,99514,212"
2019-06-28 14:09:10.975514346,BEST_ASK,"JPM,99952,112"
2019-06-28 14:09:10.975514346,LAST_TRADE,"100,$99952.0000"
2019-06-28 14:09:11.564026044,QUERY_SPREAD,2
2019-06-28 14:09:11.564026044,BEST_BID,"JPM,99514,212"
2019-06-28 14:09:11.564026044,BEST_ASK,"JPM,99952,112"
2019-06-28 14:09:14.800541988,QUERY_ORDER_STREAM,59
2019-06-28 14:09:14.800541988,QUERY_SPREAD,59
2019-06-28 14:09:14.800541988,BEST_BID,"JPM,99820,100"
2019-06-28 14:09:14.800541988,BEST_ASK,"JPM,99952,112"
2019-06-28 14:09:20.000000000,QUERY_SPREAD,1
2019-06-28 14:09:20.000000000,BEST_BID,"JPM,99820,212"
2019-06-28 14:09:20.000000000,BEST_ASK,"JPM,99960,100"
2019-06-28 14:09:20.000000000,BEST_BID,"JPM,99820,212"
2019-06-28 14:09:20.000000000,BEST_ASK,"JPM,99960,100"
2019-06-28 14:09:20.000000000,BEST_BID,"JPM,99820,212"
2019-06-28 14:09:20.000000000,BEST_ASK,"JPM,99960,100"
2019-06-28 14:09:20.000000000,BEST_BID,"JPM,99820,212"
2019-06-28 14:09:20.000000000,BEST_ASK,"JPM,99960,212"
2019-06-28 14:09:20.000000000,BEST_BID,"JPM,99820,212"
2019-06-28 14:09:20.000000000,BEST_ASK,"JPM,99960,212"
2019-06-28 14:09:20.000000000,BEST_BID,"JPM,99820,212"
2019-06-28 14:09:20.000000000,BEST_ASK,"JPM,99960,212"
2019-06-28 14:09:30.000000000,QUERY_SPREAD,1
2019-06-28 14:09:30.000000000,BEST_BID,"JPM,99820,264"
2019-06-28 14:09:30.000000000,BEST_ASK,"JPM,99960,100"
2019-06-28 14:09:30.000000000,BEST_BID,"JPM,99820,264"
2019-06-28 14:09:30.000000000,BEST_ASK,"JPM,99960,100"
2019-06-28 14:09:30.000000000,BEST_BID,"JPM,99820,264"
2019-06-28 14:09:30.000000000,BEST_ASK,"JPM,99960,264"
2019-06-28 14:09:30.000000000,BEST_BID,"JPM,99820,264"
2019-06-28 14:09:30.000000000,BEST_ASK,"JPM,99960,264"
2019-06-28 14:09:40.000000000,QUERY_SPREAD,1
2019-06-28 14:09:40.000000000,BEST_BID,"JPM,99820,212"
2019-06-28 14:09:40.000000000,BEST_ASK,"JPM,99960,100"
2019-06-28 14:09:40.000000000,BEST_BID,"JPM,99820,212"
2019-06-28 14:09:40.000000000,BEST_ASK,"JPM,99960,100"
2019-06-28 14:09:40.000000000,BEST_BID,"JPM,99820,212"
2019-06-28 14:09:40.000000000,BEST_ASK,"JPM,99960,100"
2019-06-28 14:09:40.000000000,BEST_BID,"JPM,99820,212"
2019-06-28 14:09:40.000000000,BEST_ASK,"JPM,99960,212"
2019-06-28 14:09:40.000000000,BEST_BID,"JPM,99820,212"
2019-06-28 14:09:40.000000000,BEST_ASK,"JPM,99960,212"
2019-06-28 14:09:40.000000000,BEST_BID,"JPM,99820,212"
2019-06-28 14:09:40.000000000,BEST_ASK,"JPM,99960,212"
2019-06-28 14:09:42.110543402,QUERY_ORDER_STREAM,52
2019-06-28 14:09:42.110543402,QUERY_SPREAD,52
2019-06-28 14:09:42.110543402,BEST_BID,"JPM,99820,212"
2019-06-28 14:09:42.110543402,BEST_ASK,"JPM,99951,100"
2019-06-28 14:09:47.781374078,QUERY_ORDER_STREAM,66
2019-06-28 14:09:47.781374078,QUERY_SPREAD,66
2019-06-28 14:09:47.781374078,BEST_BID,"JPM,99820,212"
2019-06-28 14:09:47.781374078,BEST_ASK,"JPM,99951,200"
2019-06-28 14:09:48.575774942,QUERY_SPREAD,36
2019-06-28 14:09:48.575774942,BEST_BID,"JPM,99820,212"
2019-06-28 14:09:48.575774942,BEST_ASK,"JPM,99883,100"
2019-06-28 14:09:50.000000000,QUERY_SPREAD,1
2019-06-28 14:09:50.000000000,BEST_BID,"JPM,99820,428"
2019-06-28 14:09:50.000000000,BEST_ASK,"JPM,99883,100"
2019-06-28 14:09:50.000000000,BEST_BID,"JPM,99820,428"
2019-06-28 14:09:50.000000000,BEST_ASK,"JPM,99883,428"
2019-06-28 14:10:00.000000000,QUERY_SPREAD,1
2019-06-28 14:10:00.000000000,BEST_BID,"JPM,99820,428"
2019-06-28 14:10:00.000000000,BEST_ASK,"JPM,99883,100"
2019-06-28 14:10:00.000000000,BEST_BID,"JPM,99820,428"
2019-06-28 14:10:00.000000000,BEST_ASK,"JPM,99883,428"
2019-06-28 14:10:00.000000000,QUERY_SPREAD,77
2019-06-28 14:10:00.000000000,BEST_BID,"JPM,99820,424"
2019-06-28 14:10:00.000000000,BEST_ASK,"JPM,99883,428"
2019-06-28 14:10:00.000000000,LAST_TRADE,"4,$99820.0000"
2019-06-28 14:10:00.000000000,QUERY_SPREAD,78
2019-06-28 14:10:00.000000000,BEST_BID,"JPM,99820,416"
2019-06-28 14:10:00.000000000,BEST_ASK,"JPM,99883,428"
2019-06-28 14:10:00.000000000,LAST_TRADE,"8,$99820.0000"
2019-06-28 14:10:00.000000000,QUERY_SPREAD,79
2019-06-28 14:10:00.000000000,BEST_BID,"JPM,99820,415"
2019-06-28 14:10:00.000000000,BEST_ASK,"JPM,99883,428"
2019-06-28 14:10:00.000000000,LAST_TRADE,"1,$99820.0000"
2019-06-28 14:10:00.000000000,QUERY_SPREAD,80
2019-06-28 14:10:00.000000000,BEST_BID,"JPM,99820,410"
2019-06-28 14:10:00.000000000,BEST_ASK,"JPM,99883,428"
2019-06-28 14:10:00.000000000,LAST_TRADE,"5,$99820.0000"
2019-06-28 14:10:00.000000000,QUERY_SPREAD,81
2019-06-28 14:10:00.000000000,BEST_BID,"JPM,99820,405"
2019-06-28 14:10:00.000000000,BEST_ASK,"JPM,99883,428"
2019-06-28 14:10:00.000000000,LAST_TRADE,"5,$99820.0000"
2019-06-28 14:10:00.000000000,QUERY_SPREAD,82
2019-06-28 14:10:00.000000000,BEST_BID,"JPM,99820,399"
2019-06-28 14:10:00.000000000,BEST_ASK,"JPM,99883,428"
2019-06-28 14:10:00.000000000,LAST_TRADE,"6,$99820.0000"
2019-06-28 14:10:00.000000000,QUERY_SPREAD,83
2019-06-28 14:10:00.000000000,BEST_BID,"JPM,99820,395"
2019-06-28 14:10:00.000000000,BEST_ASK,"JPM,99883,428"
2019-06-28 14:10:00.000000000,LAST_TRADE,"4,$99820.0000"
2019-06-28 14:10:00.000000000,QUERY_SPREAD,84
2019-06-28 14:10:00.000000000,BEST_BID,"JPM,99820,390"
2019-06-28 14:10:00.000000000,BEST_ASK,"JPM,99883,428"
2019-06-28 14:10:00.000000000,LAST_TRADE,"5,$99820.0000"
2019-06-28 14:10:00.000000000,QUERY_SPREAD,85
2019-06-28 14:10:00.000000000,BEST_BID,"JPM,99820,385"
2019-06-28 14:10:00.000000000,BEST_ASK,"JPM,99883,428"
2019-06-28 14:10:00.000000000,LAST_TRADE,"5,$99820.0000"
2019-06-28 14:10:00.000000000,QUERY_SPREAD,86
2019-06-28 14:10:00.000000000,BEST_BID,"JPM,99820,376"
2019-06-28 14:10:00.000000000,BEST_ASK,"JPM,99883,428"
2019-06-28 14:10:00.000000000,LAST_TRADE,"9,$99820.0000"
2019-06-28 14:10:00.000000000,QUERY_SPREAD,87
2019-06-28 14:10:00.000000000,BEST_BID,"JPM,99820,374"
2019-06-28 14:10:00.000000000,BEST_ASK,"JPM,99883,428"
2019-06-28 14:10:00.000000000,LAST_TRADE,"2,$99820.0000"
2019-06-28 14:10:00.000000000,QUERY_SPREAD,88
2019-06-28 14:10:00.000000000,BEST_BID,"JPM,99820,366"
2019-06-28 14:10:00.000000000,BEST_ASK,"JPM,99883,428"
2019-06-28 14:10:00.000000000,LAST_TRADE,"8,$99820.0000"
2019-06-28 14:10:00.000000000,QUERY_SPREAD,89
2019-06-28 14:10:00.000000000,BEST_BID,"JPM,99820,359"
2019-06-28 14:10:00.000000000,BEST_ASK,"JPM,99883,428"
2019-06-28 14:10:00.000000000,LAST_TRADE,"7,$99820.0000"
2019-06-28 14:10:00.000000000,QUERY_SPREAD,90
2019-06-28 14:10:00.000000000,BEST_BID,"JPM,99820,353"
2019-06-28 14:10:00.000000000,BEST_ASK,"JPM,99883,428"
2019-06-28 14:10:00.000000000,LAST_TRADE,"6,$99820.0000"
2019-06-28 14:10:00.000000000,QUERY_SPREAD,91
2019-06-28 14:10:00.000000000,BEST_BID,"JPM,99820,348"
2019-06-28 14:10:00.000000000,BEST_ASK,"JPM,99883,428"
2019-06-28 14:10:00.000000000,LAST_TRADE,"5,$99820.0000"
2019-06-28 14:10:00.000000000,QUERY_SPREAD,92
2019-06-28 14:10:00.000000000,BEST_BID,"JPM,99820,347"
2019-06-28 14:10:00.000000000,BEST_ASK,"JPM,99883,428"
2019-06-28 14:10:00.000000000,LAST_TRADE,"1,$99820.0000"
2019-06-28 14:10:00.000000000,QUERY_SPREAD,93
2019-06-28 14:10:00.000000000,BEST_BID,"JPM,99820,345"
2019-06-28 14:10:00.000000000,BEST_ASK,"JPM,99883,428"
2019-06-28 14:10:00.000000000,LAST_TRADE,"2,$99820.0000"
2019-06-28 14:10:00.000000000,QUERY_SPREAD,94
2019-06-28 14:10:00.000000000,BEST_BID,"JPM,99820,343"
2019-06-28 14:10:00.000000000,BEST_ASK,"JPM,99883,428"
2019-06-28 14:10:00.000000000,LAST_TRADE,"2,$99820.0000"
2019-06-28 14:10:00.000000000,QUERY_SPREAD,95
2019-06-28 14:10:00.000000000,BEST_BID,"JPM,99820,336"
2019-06-28 14:10:00.000000000,BEST_ASK,"JPM,99883,428"
2019-06-28 14:10:00.000000000,LAST_TRADE,"7,$99820.0000"
2019-06-28 14:10:00.000000000,QUERY_SPREAD,96
2019-06-28 14:10:00.000000000,BEST_BID,"JPM,99820,329"
2019-06-28 14:10:00.000000000,BEST_ASK,"JPM,99883,428"
2019-06-28 14:10:00.000000000,LAST_TRADE,"7,$99820.0000"
2019-06-28 14:10:00.000000000,QUERY_SPREAD,97
2019-06-28 14:10:00.000000000,BEST_BID,"JPM,99820,323"
2019-06-28 14:10:00.000000000,BEST_ASK,"JPM,99883,428"
2019-06-28 14:10:00.000000000,LAST_TRADE,"6,$99820.0000"
2019-06-28 14:10:00.000000000,QUERY_SPREAD,98
2019-06-28 14:10:00.000000000,BEST_BID,"JPM,99820,319"
2019-06-28 14:10:00.000000000,BEST_ASK,"JPM,99883,428"
2019-06-28 14:10:00.000000000,LAST_TRADE,"4,$99820.0000"
2019-06-28 14:10:00.000000000,QUERY_SPREAD,99
2019-06-28 14:10:00.000000000,BEST_BID,"JPM,99820,317"
2019-06-28 14:10:00.000000000,BEST_ASK,"JPM,99883,428"
2019-06-28 14:10:00.000000000,LAST_TRADE,"2,$99820.0000"
2019-06-28 14:10:00.000000000,QUERY_SPREAD,100
2019-06-28 14:10:00.000000000,BEST_BID,"JPM,99820,311"
2019-06-28 14:10:00.000000000,BEST_ASK,"JPM,99883,428"
2019-06-28 14:10:00.000000000,LAST_TRADE,"6,$99820.0000"
2019-06-28 14:10:00.000000000,QUERY_SPREAD,101
2019-06-28 14:10:00.000000000,QUERY_ORDER_STREAM,101
2019-06-28 14:10:03.340040712,QUERY_SPREAD,7
2019-06-28 14:10:03.340040712,BEST_BID,"JPM,99820,311"
2019-06-28 14:10:03.340040712,BEST_ASK,"JPM,99882,100"
2019-06-28 14:10:10.000000000,QUERY_SPREAD,1
2019-06-28 14:10:10.000000000,BEST_BID,"JPM,99514,264"
2019-06-28 14:10:10.000000000,BEST_ASK,"JPM,99882,100"
2019-06-28 14:10:10.000000000,BEST_BID,"JPM,99514,264"
2019-06-28 14:10:10.000000000,BEST_ASK,"JPM,99882,100"
2019-06-28 14:10:10.000000000,BEST_BID,"JPM,99514,264"
2019-06-28 14:10:10.000000000,BEST_ASK,"JPM,99882,264"
2019-06-28 14:10:10.000000000,BEST_BID,"JPM,99514,264"
2019-06-28 14:10:10.000000000,BEST_ASK,"JPM,99882,264"
2019-06-28 14:10:20.000000000,QUERY_SPREAD,1
2019-06-28 14:10:20.000000000,BEST_BID,"JPM,99514,428"
2019-06-28 14:10:20.000000000,BEST_ASK,"JPM,99882,100"
2019-06-28 14:10:20.000000000,BEST_BID,"JPM,99514,428"
2019-06-28 14:10:20.000000000,BEST_ASK,"JPM,99882,428"
2019-06-28 14:10:30.000000000,QUERY_SPREAD,1
2019-06-28 14:10:30.000000000,BEST_BID,"JPM,99514,264"
2019-06-28 14:10:30.000000000,BEST_ASK,"JPM,99882,100"
2019-06-28 14:10:30.000000000,BEST_BID,"JPM,99514,264"
2019-06-28 14:10:30.000000000,BEST_ASK,"JPM,99882,100"
2019-06-28 14:10:30.000000000,BEST_BID,"JPM,99514,264"
2019-06-28 14:10:30.000000000,BEST_ASK,"JPM,99882,264"
2019-06-28 14:10:30.000000000,BEST_BID,"JPM,99514,264"
2019-06-28 14:10:30.000000000,BEST_ASK,"JPM,99882,264"
2019-06-28 14:10:30.461384536,QUERY_SPREAD,43
2019-06-28 14:10:30.461384536,BEST_BID,"JPM,99514,264"
2019-06-28 14:10:30.461384536,BEST_ASK,"JPM,99690,100"
2019-06-28 14:10:34.394270271,QUERY_ORDER_STREAM,57
2019-06-28 14:10:34.394270271,QUERY_SPREAD,57
2019-06-28 14:10:34.405823142,QUERY_ORDER_STREAM,73
2019-06-28 14:10:34.405823142,QUERY_SPREAD,73
2019-06-28 14:10:40.000000000,QUERY_SPREAD,1
2019-06-28 14:10:40.000000000,BEST_BID,"JPM,99514,212"
2019-06-28 14:10:40.000000000,BEST_ASK,"JPM,99690,100"
2019-06-28 14:10:40.000000000,BEST_BID,"JPM,99514,212"
2019-06-28 14:10:40.000000000,BEST_ASK,"JPM,99690,100"
2019-06-28 14:10:40.000000000,BEST_BID,"JPM,99514,212"
2019-06-28 14:10:40.000000000,BEST_ASK,"JPM,99690,100"
2019-06-28 14:10:40.000000000,BEST_BID,"JPM,99514,212"
2019-06-28 14:10:40.000000000,BEST_ASK,"JPM,99690,212"
2019-06-28 14:10:40.000000000,BEST_BID,"JPM,99514,212"
2019-06-28 14:10:40.000000000,BEST_ASK,"JPM,99690,212"
2019-06-28 14:10:40.000000000,BEST_BID,"JPM,99514,212"
2019-06-28 14:10:40.000000000,BEST_ASK,"JPM,99690,212"
2019-06-28 14:10:50.000000000,QUERY_SPREAD,1
2019-06-28 14:10:50.000000000,BEST_BID,"JPM,99514,166"
2019-06-28 14:10:50.000000000,BEST_ASK,"JPM,99690,100"
2019-06-28 14:10:50.000000000,BEST_BID,"JPM,99514,166"
2019-06-28 14:10:50.000000000,BEST_ASK,"JPM,99690,100"
2019-06-28 14:10:50.000000000,BEST_BID,"JPM,99514,166"
2019-06-28 14:10:50.000000000,BEST_ASK,"JPM,99690,100"
2019-06-28 14:10:50.000000000,BEST_BID,"JPM,99514,166"
2019-06-28 14:10:50.000000000,BEST_ASK,"JPM,99690,100"
2019-06-28 14:10:50.000000000,BEST_BID,"JPM,99514,166"
2019-06-28 14:10:50.000000000,BEST_ASK,"JPM,99690,100"
2019-06-28 14:10:50.000000000,BEST_BID,"JPM,99514,166"
2019-06-28 14:10:50.000000000,BEST_ASK,"JPM,99690,166"
2019-06-28 14:10:50.000000000,BEST_BID,"JPM,99514,166"
2019-06-28 14:10:50.000000000,BEST_ASK,"JPM,99690,166"
2019-06-28 14:10:50.000000000,BEST_BID,"JPM,99514,166"
2019-06-28 14:10:50.000000000,BEST_ASK,"JPM,99690,166"
2019-06-28 14:10:50.000000000,BEST_BID,"JPM,99514,166"
2019-06-28 14:10:50.000000000,BEST_ASK,"JPM,99690,166"
2019-06-28 14:10:50.000000000,BEST_BID,"JPM,99514,166"
2019-06-28 14:10:50.000000000,BEST_ASK,"JPM,99690,166"
2019-06-28 14:11:00.000000000,QUERY_SPREAD,1
2019-06-28 14:11:00.000000000,BEST_BID,"JPM,99514,182"
2019-06-28 14:11:00.000000000,BEST_ASK,"JPM,99690,100"
2019-06-28 14:11:00.000000000,BEST_BID,"JPM,99514,182"
2019-06-28 14:11:00.000000000,BEST_ASK,"JPM,99690,100"
2019-06-28 14:11:00.000000000,BEST_BID,"JPM,99514,182"
2019-06-28 14:11:00.000000000,BEST_ASK,"JPM,99690,100"
2019-06-28 14:11:00.000000000,BEST_BID,"JPM,99514,182"
2019-06-28 14:11:00.000000000,BEST_ASK,"JPM,99690,100"
2019-06-28 14:11:00.000000000,BEST_BID,"JPM,99514,182"
2019-06-28 14:11:00.000000000,BEST_ASK,"JPM,99690,182"
2019-06-28 14:11:00.000000000,BEST_BID,"JPM,99514,182"
2019-06-28 14:11:00.000000000,BEST_ASK,"JPM,99690,182"
2019-06-28 14:11:00.000000000,BEST_BID,"JPM,99514,182"
2019-06-28 14:11:00.000000000,BEST_ASK,"JPM,99690,182"
2019-06-28 14:11:00.000000000,BEST_BID,"JPM,99514,182"
2019-06-28 14:11:00.000000000,BEST_ASK,"JPM,99690,182"
2019-06-28 14:11:00.000000000,QUERY_SPREAD,77
2019-06-28 14:11:00.000000000,BEST_BID,"JPM,99514,178"
2019-06-28 14:11:00.000000000,BEST_ASK,"JPM,99690,182"
2019-06-28 14:11:00.000000000,LAST_TRADE,"4,$99514.0000"
2019-06-28 14:11:00.000000000,QUERY_SPREAD,78
2019-06-28 14:11:00.000000000,BEST_BID,"JPM,99514,170"
2019-06-28 14:11:00.000000000,BEST_ASK,"JPM,99690,182"
2019-06-28 14:11:00.000000000,LAST_TRADE,"8,$99514.0000"
2019-06-28 14:11:00.000000000,QUERY_SPREAD,79
2019-06-28 14:11:00.000000000,BEST_BID,"JPM,99514,169"
2019-06-28 14:11:00.000000000,BEST_ASK,"JPM,99690,182"
2019-06-28 14:11:00.000000000,LAST_TRADE,"1,$99514.0000"
2019-06-28 14:11:00.000000000,QUERY_SPREAD,80
2019-06-28 14:11:00.000000000,BEST_BID,"JPM,99514,164"
2019-06-28 14:11:00.000000000,BEST_ASK,"JPM,99690,182"
2019-06-28 14:11:00.000000000,LAST_TRADE,"5,$99514.0000"
2019-06-28 14:11:00.000000000,QUERY_SPREAD,81
2019-06-28 14:11:00.000000000,BEST_BID,"JPM,99514,159"
2019-06-28 14:11:00.000000000,BEST_ASK,"JPM,99690,182"
2019-06-28 14:11:00.000000000,LAST_TRADE,"5,$99514.0000"
2019-06-28 14:11:00.000000000,QUERY_SPREAD,82
2019-06-28 14:11:00.000000000,BEST_BID,"JPM,99514,153"
2019-06-28 14:11:00.000000000,BEST_ASK,"JPM,99690,182"
2019-06-28 14:11:00.000000000,LAST_TRADE,"6,$99514.0000"
2019-06-28 14:11:00.000000000,QUERY_SPREAD,83
2019-06-28 14:11:00.000000000,BEST_BID,"JPM,99514,149"
2019-06-28 14:11:00.000000000,BEST_ASK,"JPM,99690,182"
2019-06-28 14:11:00.000000000,LAST_TRADE,"4,$99514.0000"
2019-06-28 14:11:00.000000000,QUERY_SPREAD,84
2019-06-28 14:11:00.000000000,BEST_BID,"JPM,99514,144"
2019-06-28 14:11:00.000000000,BEST_ASK,"JPM,99690,182"
2019-06-28 14:11:00.000000000,LAST_TRADE,"5,$99514.0000"
2019-06-28 14:11:00.000000000,QUERY_SPREAD,85
2019-06-28 14:11:00.000000000,BEST_BID,"JPM,99514,139"
2019-06-28 14:11:00.000000000,BEST_ASK,"JPM,99690,182"
2019-06-28 14:11:00.000000000,LAST_TRADE,"5,$99514.0000"
2019-06-28 14:11:00.000000000,QUERY_SPREAD,86
2019-06-28 14:11:00.000000000,BEST_BID,"JPM,99514,130"
2019-06-28 14:11:00.000000000,BEST_ASK,"JPM,99690,182"
2019-06-28 14:11:00.000000000,LAST_TRADE,"9,$99514.0000"
2019-06-28 14:11:00.000000000,QUERY_SPREAD,87
2019-06-28 14:11:00.000000000,BEST_BID,"JPM,99514,128"
2019-06-28 14:11:00.000000000,BEST_ASK,"JPM,99690,182"
2019-06-28 14:11:00.000000000,LAST_TRADE,"2,$99514.0000"
2019-06-28 14:11:00.000000000,QUERY_SPREAD,88
2019-06-28 14:11:00.000000000,BEST_BID,"JPM,99514,120"
2019-06-28 14:11:00.000000000,BEST_ASK,"JPM,99690,182"
2019-06-28 14:11:00.000000000,LAST_TRADE,"8,$99514.0000"
2019-06-28 14:11:00.000000000,QUERY_SPREAD,89
2019-06-28 14:11:00.000000000,BEST_BID,"JPM,99514,113"
2019-06-28 14:11:00.000000000,BEST_ASK,"JPM,99690,182"
2019-06-28 14:11:00.000000000,LAST_TRADE,"7,$99514.0000"
2019-06-28 14:11:00.000000000,QUERY_SPREAD,90
2019-06-28 14:11:00.000000000,BEST_BID,"JPM,99514,107"
2019-06-28 14:11:00.000000000,BEST_ASK,"JPM,99690,182"
2019-06-28 14:11:00.000000000,LAST_TRADE,"6,$99514.0000"
2019-06-28 14:11:00.000000000,QUERY_SPREAD,91
2019-06-28 14:11:00.000000000,BEST_BID,"JPM,99514,102"
2019-06-28 14:11:00.000000000,BEST_ASK,"JPM,99690,182"
2019-06-28 14:11:00.000000000,LAST_TRADE,"5,$99514.0000"
2019-06-28 14:11:00.000000000,QUERY_SPREAD,92
2019-06-28 14:11:00.000000000,BEST_BID,"JPM,99514,101"
2019-06-28 14:11:00.000000000,BEST_ASK,"JPM,99690,182"
2019-06-28 14:11:00.000000000,LAST_TRADE,"1,$99514.0000"
2019-06-28 14:11:00.000000000,QUERY_SPREAD,93
2019-06-28 14:11:00.000000000,BEST_BID,"JPM,99514,99"
2019-06-28 14:11:00.000000000,BEST_ASK,"JPM,99690,182"
2019-06-28 14:11:00.000000000,LAST_TRADE,"2,$99514.0000"
2019-06-28 14:11:00.000000000,QUERY_SPREAD,94
2019-06-28 14:11:00.000000000,BEST_BID,"JPM,99514,97"
2019-06-28 14:11:00.000000000,BEST_ASK,"JPM,99690,182"
2019-06-28 14:11:00.000000000,LAST_TRADE,"2,$99514.0000"
2019-06-28 14:11:00.000000000,QUERY_SPREAD,95
2019-06-28 14:11:00.000000000,BEST_BID,"JPM,99514,90"
2019-06-28 14:11:00.000000000,BEST_ASK,"JPM,99690,182"
2019-06-28 14:11:00.000000000,LAST_TRADE,"7,$99514.0000"
2019-06-28 14:11:00.000000000,QUERY_SPREAD,96
2019-06-28 14:11:00.000000000,BEST_BID,"JPM,99514,83"
2019-06-28 14:11:00.000000000,BEST_ASK,"JPM,99690,182"
2019-06-28 14:11:00.000000000,LAST_TRADE,"7,$99514.0000"
2019-06-28 14:11:00.000000000,QUERY_SPREAD,97
2019-06-28 14:11:00.000000000,BEST_BID,"JPM,99514,77"
2019-06-28 14:11:00.000000000,BEST_ASK,"JPM,99690,182"
2019-06-28 14:11:00.000000000,LAST_TRADE,"6,$99514.0000"
2019-06-28 14:11:00.000000000,QUERY_SPREAD,98
2019-06-28 14:11:00.000000000,BEST_BID,"JPM,99514,73"
2019-06-28 14:11:00.000000000,BEST_ASK,"JPM,99690,182"
2019-06-28 14:11:00.000000000,LAST_TRADE,"4,$99514.0000"
2019-06-28 14:11:00.000000000,QUERY_SPREAD,99
2019-06-28 14:11:00.000000000,BEST_BID,"JPM,99514,71"
2019-06-28 14:11:00.000000000,BEST_ASK,"JPM,99690,182"
2019-06-28 14:11:00.000000000,LAST_TRADE,"2,$99514.0000"
2019-06-28 14:11:00.000000000,QUERY_SPREAD,100
2019-06-28 14:11:00.000000000,BEST_BID,"JPM,99514,65"
2019-06-28 14:11:00.000000000,BEST_ASK,"JPM,99690,182"
2019-06-28 14:11:00.000000000,LAST_TRADE,"6,$99514.0000"
2019-06-28 14:11:00.000000000,QUERY_SPREAD,101
2019-06-28 14:11:00.000000000,QUERY_ORDER_STREAM,101
2019-06-28 14:11:10.000000000,QUERY_SPREAD,1
2019-06-28 14:11:10.000000000,BEST_BID,"JPM,99505,182"
2019-06-28 14:11:10.000000000,BEST_ASK,"JPM,99690,100"
2019-06-28 14:11:10.000000000,BEST_BID,"JPM,99505,182"
2019-06-28 14:11:10.000000000,BEST_ASK,"JPM,99690,100"
2019-06-28 14:11:10.000000000,BEST_BID,"JPM,99505,182"
2019-06-28 14:11:10.000000000,BEST_ASK,"JPM,99690,100"
2019-06-28 14:11:10.000000000,BEST_BID,"JPM,99505,182"
2019-06-28 14:11:10.000000000,BEST_ASK,"JPM,99690,100"
2019-06-28 14:11:10.000000000,BEST_BID,"JPM,99505,182"
2019-06-28 14:11:10.000000000,BEST_ASK,"JPM,99690,182"
2019-06-28 14:11:10.000000000,BEST_BID,"JPM,99505,182"
2019-06-28 14:11:10.000000000,BEST_ASK,"JPM,99690,182"
2019-06-28 14:11:10.000000000,BEST_BID,"JPM,99505,182"
2019-06-28 14:11:10.000000000,BEST_ASK,"JPM,99690,182"
2019-06-28 14:11:10.000000000,BEST_BID,"JPM,99505,182"
2019-06-28 14:11:10.000000000,BEST_ASK,"JPM,99690,182"
2019-06-28 14:11:11.941349293,QUERY_SPREAD,20
2019-06-28 14:11:11.941349293,BEST_BID,"JPM,99505,182"
2019-06-28 14:11:11.941349293,BEST_ASK,"JPM,99690,182"
2019-06-28 14:11:20.000000000,QUERY_SPREAD,1
2019-06-28 14:11:20.000000000,BEST_BID,"JPM,99505,264"
2019-06-28 14:11:20.000000000,BEST_ASK,"JPM,99690,100"
2019-06-28 14:11:20.000000000,BEST_BID,"JPM,99505,264"
2019-06-28 14:11:20.000000000,BEST_ASK,"JPM,99690,100"
2019-06-28 14:11:20.000000000,BEST_BID,"JPM,99505,264"
2019-06-28 14:11:20.000000000,BEST_ASK,"JPM,99690,264"
2019-06-28 14:11:20.000000000,BEST_BID,"JPM,99505,264"
2019-06-28 14:11:20.000000000,BEST_ASK,"JPM,99690,264"
2019-06-28 14:11:22.841619053,QUERY_ORDER_STREAM,52
2019-06-28 14:11:22.841619053,QUERY_SPREAD,52
2019-06-28 14:11:22.841619053,BEST_BID,"JPM,99514,100"
2019-06-28 14:11:22.841619053,BEST_ASK,"JPM,99690,264"
2019-06-28 14:11:25.137000041,QUERY_SPREAD,47
2019-06-28 14:11:25.137000041,BEST_BID,"JPM,99514,100"
2019-06-28 14:11:25.137000041,BEST_ASK,"JPM,99690,264"
2019-06-28 14:11:30.000000000,QUERY_SPREAD,1
2019-06-28 14:11:30.000000000,BEST_BID,"JPM,99514,264"
2019-06-28 14:11:30.000000000,BEST_ASK,"JPM,99690,100"
2019-06-28 14:11:30.000000000,BEST_BID,"JPM,99514,264"
2019-06-28 14:11:30.000000000,BEST_ASK,"JPM,99690,100"
2019-06-28 14:11:30.000000000,BEST_BID,"JPM,99514,264"
2019-06-28 14:11:30.000000000,BEST_ASK,"JPM,99690,264"
2019-06-28 14:11:30.000000000,BEST_BID,"JPM,99514,264"
2019-06-28 14:11:30.000000000,BEST_ASK,"JPM,99690,264"
2019-06-28 14:11:33.356808053,QUERY_SPREAD,16
2019-06-28 14:11:33.356808053,BEST_BID,"JPM,99571,100"
2019-06-28 14:11:33.356808053,BEST_ASK,"JPM,99690,264"
2019-06-28 14:11:38.852814543,QUERY_SPREAD,34
2019-06-28 14:11:38.852814543,BEST_BID,"JPM,99592,100"
2019-06-28 14:11:38.852814543,BEST_ASK,"JPM,99690,264"
2019-06-28 14:11:40.000000000,QUERY_SPREAD,1
2019-06-28 14:11:40.000000000,BEST_BID,"JPM,99592,182"
2019-06-28 14:11:40.000000000,BEST_ASK,"JPM,99690,100"
2019-06-28 14:11:40.000000000,BEST_BID,"JPM,99592,182"
2019-06-28 14:11:40.000000000,BEST_ASK,"JPM,99690,100"
2019-06-28 14:11:40.000000000,BEST_BID,"JPM,99592,182"
2019-06-28 14:11:40.000000000,BEST_ASK,"JPM,99690,100"
2019-06-28 14:11:40.000000000,BEST_BID,"JPM,99592,182"
2019-06-28 14:11:40.000000000,BEST_ASK,"JPM,99690,100"
2019-06-28 14:11:40.000000000,BEST_BID,"JPM,99592,182"
2019-06-28 14:11:40.000000000,BEST_ASK,"JPM,99690,182"
2019-06-28 14:11:40.000000000,BEST_BID,"JPM,99592,182"
2019-06-28 14:11:40.000000000,BEST_ASK,"JPM,99690,182"
2019-06-28 14:11:40.000000000,BEST_BID,"JPM,99592,182"
2019-06-28 14:11:40.000000000,BEST_ASK,"JPM,99690,182"
2019-06-28 14:11:40.000000000,BEST_BID,"JPM,99592,182"
2019-06-28 14:11:40.000000000,BEST_ASK,"JPM,99690,182"
2019-06-28 14:11:50.000000000,QUERY_SPREAD,1
2019-06-28 14:11:50.000000000,BEST_BID,"JPM,99592,166"
2019-06-28 14:11:50.000000000,BEST_ASK,"JPM,99690,100"
2019-06-28 14:11:50.000000000,BEST_BID,"JPM,99592,166"
2019-06-28 14:11:50.000000000,BEST_ASK,"JPM,99690,100"
2019-06-28 14:11:50.000000000,BEST_BID,"JPM,99592,166"
2019-06-28 14:11:50.000000000,BEST_ASK,"JPM,99690,100"
2019-06-28 14:11:50.000000000,BEST_BID,"JPM,99592,166"
2019-06-28 14:11:50.000000000,BEST_ASK,"JPM,99690,100"
2019-06-28 14:11:50.000000000,BEST_BID,"JPM,99592,166"
2019-06-28 14:11:50.000000000,BEST_ASK,"JPM,99690,100"
2019-06-28 14:11:50.000000000,BEST_BID,"JPM,99592,166"
2019-06-28 14:11:50.000000000,BEST_ASK,"JPM,99690,166"
2019-06-28 14:11:50.000000000,BEST_BID,"JPM,99592,166"
2019-06-28 14:11:50.000000000,BEST_ASK,"JPM,99690,166"
2019-06-28 14:11:50.000000000,BEST_BID,"JPM,99592,166"
2019-06-28 14:11:50.000000000,BEST_ASK,"JPM,99690,166"
2019-06-28 14:11:50.000000000,BEST_BID,"JPM,99592,166"
2019-06-28 14:11:50.000000000,BEST_ASK,"JPM,99690,166"
2019-06-28 14:11:50.000000000,BEST_BID,"JPM,99592,166"
2019-06-28 14:11:50.000000000,BEST_ASK,"JPM,99690,166"
2019-06-28 14:12:00.000000000,QUERY_SPREAD,1
2019-06-28 14:12:00.000000000,BEST_BID,"JPM,99592,212"
2019-06-28 14:12:00.000000000,BEST_ASK,"JPM,99690,100"
2019-06-28 14:12:00.000000000,BEST_BID,"JPM,99592,212"
2019-06-28 14:12:00.000000000,BEST_ASK,"JPM,99690,100"
2019-06-28 14:12:00.000000000,BEST_BID,"JPM,99592,212"
2019-06-28 14:12:00.000000000,BEST_ASK,"JPM,99690,100"
2019-06-28 14:12:00.000000000,BEST_BID,"JPM,99592,212"
2019-06-28 14:12:00.000000000,BEST_ASK,"JPM,99690,212"
2019-06-28 14:12:00.000000000,BEST_BID,"JPM,99592,212"
2019-06-28 14:12:00.000000000,BEST_ASK,"JPM,99690,212"
2019-06-28 14:12:00.000000000,BEST_BID,"JPM,99592,212"
2019-06-28 14:12:00.000000000,BEST_ASK,"JPM,99690,212"
2019-06-28 14:12:00.000000000,QUERY_SPREAD,77
2019-06-28 14:12:00.000000000,BEST_BID,"JPM,99592,208"
2019-06-28 14:12:00.000000000,BEST_ASK,"JPM,99690,212"
2019-06-28 14:12:00.000000000,LAST_TRADE,"4,$99592.0000"
2019-06-28 14:12:00.000000000,QUERY_SPREAD,78
2019-06-28 14:12:00.000000000,BEST_BID,"JPM,99592,200"
2019-06-28 14:12:00.000000000,BEST_ASK,"JPM,99690,212"
2019-06-28 14:12:00.000000000,LAST_TRADE,"8,$99592.0000"
2019-06-28 14:12:00.000000000,QUERY_SPREAD,79
2019-06-28 14:12:00.000000000,BEST_BID,"JPM,99592,199"
2019-06-28 14:12:00.000000000,BEST_ASK,"JPM,99690,212"
2019-06-28 14:12:00.000000000,LAST_TRADE,"1,$99592.0000"
2019-06-28 14:12:00.000000000,QUERY_SPREAD,80
2019-06-28 14:12:00.000000000,BEST_BID,"JPM,99592,194"
2019-06-28 14:12:00.000000000,BEST_ASK,"JPM,99690,212"
2019-06-28 14:12:00.000000000,LAST_TRADE,"5,$99592.0000"
2019-06-28 14:12:00.000000000,QUERY_SPREAD,81
2019-06-28 14:12:00.000000000,BEST_BID,"JPM,99592,189"
2019-06-28 14:12:00.000000000,BEST_ASK,"JPM,99690,212"
2019-06-28 14:12:00.000000000,LAST_TRADE,"5,$99592.0000"
2019-06-28 14:12:00.000000000,QUERY_SPREAD,82
2019-06-28 14:12:00.000000000,BEST_BID,"JPM,99592,183"
2019-06-28 14:12:00.000000000,BEST_ASK,"JPM,99690,212"
2019-06-28 14:12:00.000000000,LAST_TRADE,"6,$99592.0000"
2019-06-28 14:12:00.000000000,QUERY_SPREAD,83
2019-06-28 14:12:00.000000000,BEST_BID,"JPM,99592,179"
2019-06-28 14:12:00.000000000,BEST_ASK,"JPM,99690,212"
2019-06-28 14:12:00.000000000,LAST_TRADE,"4,$99592.0000"
2019-06-28 14:12:00.000000000,QUERY_SPREAD,84
2019-06-28 14:12:00.000000000,BEST_BID,"JPM,99592,174"
2019-06-28 14:12:00.000000000,BEST_ASK,"JPM,99690,212"
2019-06-28 14:12:00.000000000,LAST_TRADE,"5,$99592.0000"
2019-06-28 14:12:00.000000000,QUERY_SPREAD,85
2019-06-28 14:12:00.000000000,BEST_BID,"JPM,99592,169"
2019-06-28 14:12:00.000000000,BEST_ASK,"JPM,99690,212"
2019-06-28 14:12:00.000000000,LAST_TRADE,"5,$99592.0000"
2019-06-28 14:12:00.000000000,QUERY_SPREAD,86
2019-06-28 14:12:00.000000000,BEST_BID,"JPM,99592,160"
2019-06-28 14:12:00.000000000,BEST_ASK,"JPM,99690,212"
2019-06-28 14:12:00.000000000,LAST_TRADE,"9,$99592.0000"
2019-06-28 14:12:00.000000000,QUERY_SPREAD,87
2019-06-28 14:12:00.000000000,BEST_BID,"JPM,99592,158"
2019-06-28 14:12:00.000000000,BEST_ASK,"JPM,99690,212"
2019-06-28 14:12:00.000000000,LAST_TRADE,"2,$99592.0000"
2019-06-28 14:12:00.000000000,QUERY_SPREAD,88
2019-06-28 14:12:00.000000000,BEST_BID,"JPM,99592,150"
2019-06-28 14:12:00.000000000,BEST_ASK,"JPM,99690,212"
2019-06-28 14:12:00.000000000,LAST_TRADE,"8,$99592.0000"
2019-06-28 14:12:00.000000000,QUERY_SPREAD,89
2019-06-28 14:12:00.000000000,BEST_BID,"JPM,99592,143"
2019-06-28 14:12:00.000000000,BEST_ASK,"JPM,99690,212"
2019-06-28 14:12:00.000000000,LAST_TRADE,"7,$99592.0000"
2019-06-28 14:12:00.000000000,QUERY_SPREAD,90
2019-06-28 14:12:00.000000000,BEST_BID,"JPM,99592,137"
2019-06-28 14:12:00.000000000,BEST_ASK,"JPM,99690,212"
2019-06-28 14:12:00.000000000,LAST_TRADE,"6,$99592.0000"
2019-06-28 14:12:00.000000000,QUERY_SPREAD,91
2019-06-28 14:12:00.000000000,BEST_BID,"JPM,99592,132"
2019-06-28 14:12:00.000000000,BEST_ASK,"JPM,99690,212"
2019-06-28 14:12:00.000000000,LAST_TRADE,"5,$99592.0000"
2019-06-28 14:12:00.000000000,QUERY_SPREAD,92
2019-06-28 14:12:00.000000000,BEST_BID,"JPM,99592,131"
2019-06-28 14:12:00.000000000,BEST_ASK,"JPM,99690,212"
2019-06-28 14:12:00.000000000,LAST_TRADE,"1,$99592.0000"
2019-06-28 14:12:00.000000000,QUERY_SPREAD,93
2019-06-28 14:12:00.000000000,BEST_BID,"JPM,99592,129"
2019-06-28 14:12:00.000000000,BEST_ASK,"JPM,99690,212"
2019-06-28 14:12:00.000000000,LAST_TRADE,"2,$99592.0000"
2019-06-28 14:12:00.000000000,QUERY_SPREAD,94
2019-06-28 14:12:00.000000000,BEST_BID,"JPM,99592,127"
2019-06-28 14:12:00.000000000,BEST_ASK,"JPM,99690,212"
2019-06-28 14:12:00.000000000,LAST_TRADE,"2,$99592.0000"
2019-06-28 14:12:00.000000000,QUERY_SPREAD,95
2019-06-28 14:12:00.000000000,BEST_BID,"JPM,99592,120"
2019-06-28 14:12:00.000000000,BEST_ASK,"JPM,99690,212"
2019-06-28 14:12:00.000000000,LAST_TRADE,"7,$99592.0000"
2019-06-28 14:12:00.000000000,QUERY_SPREAD,96
2019-06-28 14:12:00.000000000,BEST_BID,"JPM,99592,113"
2019-06-28 14:12:00.000000000,BEST_ASK,"JPM,99690,212"
2019-06-28 14:12:00.000000000,LAST_TRADE,"7,$99592.0000"
2019-06-28 14:12:00.000000000,QUERY_SPREAD,97
2019-06-28 14:12:00.000000000,BEST_BID,"JPM,99592,107"
2019-06-28 14:12:00.000000000,BEST_ASK,"JPM,99690,212"
2019-06-28 14:12:00.000000000,LAST_TRADE,"6,$99592.0000"
2019-06-28 14:12:00.000000000,QUERY_SPREAD,98
2019-06-28 14:12:00.000000000,BEST_BID,"JPM,99592,103"
2019-06-28 14:12:00.000000000,BEST_ASK,"JPM,99690,212"
2019-06-28 14:12:00.000000000,LAST_TRADE,"4,$99592.0000"
2019-06-28 14:12:00.000000000,QUERY_SPREAD,99
2019-06-28 14:12:00.000000000,BEST_BID,"JPM,99592,101"
2019-06-28 14:12:00.000000000,BEST_ASK,"JPM,99690,212"
2019-06-28 14:12:00.000000000,LAST_TRADE,"2,$99592.0000"
2019-06-28 14:12:00.000000000,QUERY_SPREAD,100
2019-06-28 14:12:00.000000000,BEST_BID,"JPM,99592,95"
2019-06-28 14:12:00.000000000,BEST_ASK,"JPM,99690,212"
2019-06-28 14:12:00.000000000,LAST_TRADE,"6,$99592.0000"
2019-06-28 14:12:00.000000000,QUERY_SPREAD,101
2019-06-28 14:12:00.000000000,QUERY_ORDER_STREAM,101
2019-06-28 14:12:00.156652267,QUERY_SPREAD,22
2019-06-28 14:12:00.156652267,BEST_BID,"JPM,99571,208"
2019-06-28 14:12:00.156652267,BEST_ASK,"JPM,99592,5"
2019-06-28 14:12:00.156652267,LAST_TRADE,"95,$99592.0000"
2019-06-28 14:12:01.253663373,QUERY_SPREAD,5
2019-06-28 14:12:01.253663373,BEST_BID,"JPM,99571,208"
2019-06-28 14:12:01.253663373,BEST_ASK,"JPM,99592,5"
2019-06-28 14:12:10.000000000,QUERY_SPREAD,1
2019-06-28 14:12:10.000000000,BEST_BID,"JPM,99571,212"
2019-06-28 14:12:10.000000000,BEST_ASK,"JPM,99592,5"
2019-06-28 14:12:10.000000000,BEST_BID,"JPM,99571,212"
2019-06-28 14:12:10.000000000,BEST_ASK,"JPM,99592,5"
2019-06-28 14:12:10.000000000,BEST_BID,"JPM,99571,212"
2019-06-28 14:12:10.000000000,BEST_ASK,"JPM,99592,5"
2019-06-28 14:12:10.000000000,BEST_BID,"JPM,99571,212"
2019-06-28 14:12:10.000000000,BEST_ASK,"JPM,99592,117"
2019-06-28 14:12:10.000000000,BEST_BID,"JPM,99571,212"
2019-06-28 14:12:10.000000000,BEST_ASK,"JPM,99592,117"
2019-06-28 14:12:10.000000000,BEST_BID,"JPM,99571,212"
2019-06-28 14:12:10.000000000,BEST_ASK,"JPM,99592,117"
2019-06-28 14:12:15.509239311,QUERY_SPREAD,41
2019-06-28 14:12:15.509239311,BEST_BID,"JPM,99571,212"
2019-06-28 14:12:15.509239311,BEST_ASK,"JPM,99592,117"
2019-06-28 14:12:20.000000000,QUERY_SPREAD,1
2019-06-28 14:12:20.000000000,BEST_BID,"JPM,99571,264"
2019-06-28 14:12:20.000000000,BEST_ASK,"JPM,99592,5"
2019-06-28 14:12:20.000000000,BEST_BID,"JPM,99571,264"
2019-06-28 14:12:20.000000000,BEST_ASK,"JPM,99592,5"
2019-06-28 14:12:20.000000000,BEST_BID,"JPM,99571,264"
2019-06-28 14:12:20.000000000,BEST_ASK,"JPM,99592,169"
2019-06-28 14:12:20.000000000,BEST_BID,"JPM,99571,264"
2019-06-28 14:12:20.000000000,BEST_ASK,"JPM,99592,169"
2019-06-28 14:12:24.004533424,QUERY_SPREAD,30
2019-06-28 14:12:24.004533424,BEST_BID,"JPM,99588,100"
2019-06-28 14:12:24.004533424,BEST_ASK,"JPM,99592,169"
2019-06-28 14:12:30.000000000,QUERY_SPREAD,1
2019-06-28 14:12:30.000000000,BEST_BID,"JPM,99588,428"
2019-06-28 14:12:30.000000000,BEST_ASK,"JPM,99592,5"
2019-06-28 14:12:30.000000000,BEST_BID,"JPM,99588,428"
2019-06-28 14:12:30.000000000,BEST_ASK,"JPM,99592,333"
2019-06-28 14:12:40.000000000,QUERY_SPREAD,1
2019-06-28 14:12:40.000000000,BEST_BID,"JPM,99588,212"
2019-06-28 14:12:40.000000000,BEST_ASK,"JPM,99592,5"
2019-06-28 14:12:40.000000000,BEST_BID,"JPM,99588,212"
2019-06-28 14:12:40.000000000,BEST_ASK,"JPM,99592,5"
2019-06-28 14:12:40.000000000,BEST_BID,"JPM,99588,212"
2019-06-28 14:12:40.000000000,BEST_ASK,"JPM,99592,5"
2019-06-28 14:12:40.000000000,BEST_BID,"JPM,99588,212"
2019-06-28 14:12:40.000000000,BEST_ASK,"JPM,99592,117"
2019-06-28 14:12:40.000000000,BEST_BID,"JPM,99588,212"
2019-06-28 14:12:40.000000000,BEST_ASK,"JPM,99592,117"
2019-06-28 14:12:40.000000000,BEST_BID,"JPM,99588,212"
2019-06-28 14:12:40.000000000,BEST_ASK,"JPM,99592,117"
2019-06-28 14:12:50.000000000,QUERY_SPREAD,1
2019-06-28 14:12:50.000000000,BEST_BID,"JPM,99588,212"
2019-06-28 14:12:50.000000000,BEST_ASK,"JPM,99592,5"
2019-06-28 14:12:50.000000000,BEST_BID,"JPM,99588,212"
2019-06-28 14:12:50.000000000,BEST_ASK,"JPM,99592,5"
2019-06-28 14:12:50.000000000,BEST_BID,"JPM,99588,212"
2019-06-28 14:12:50.000000000,BEST_ASK,"JPM,99592,5"
2019-06-28 14:12:50.000000000,BEST_BID,"JPM,99588,212"
2019-06-28 14:12:50.000000000,BEST_ASK,"JPM,99592,117"
2019-06-28 14:12:50.000000000,BEST_BID,"JPM,99588,212"
2019-06-28 14:12:50.000000000,BEST_ASK,"JPM,99592,117"
2019-06-28 14:12:50.000000000,BEST_BID,"JPM,99588,212"
2019-06-28 14:12:50.000000000,BEST_ASK,"JPM,99592,117"
2019-06-28 14:13:00.000000000,QUERY_SPREAD,1
2019-06-28 14:13:00.000000000,BEST_BID,"JPM,99588,182"
2019-06-28 14:13:00.000000000,BEST_ASK,"JPM,99592,5"
2019-06-28 14:13:00.000000000,BEST_BID,"JPM,99588,182"
2019-06-28 14:13:00.000000000,BEST_ASK,"JPM,99592,5"
2019-06-28 14:13:00.000000000,BEST_BID,"JPM,99588,182"
2019-06-28 14:13:00.000000000,BEST_ASK,"JPM,99592,5"
2019-06-28 14:13:00.000000000,BEST_BID,"JPM,99588,182"
2019-06-28 14:13:00.000000000,BEST_ASK,"JPM,99592,5"
2019-06-28 14:13:00.000000000,BEST_BID,"JPM,99588,182"
2019-06-28 14:13:00.000000000,BEST_ASK,"JPM,99592,87"
2019-06-28 14:13:00.000000000,BEST_BID,"JPM,99588,182"
2019-06-28 14:13:00.000000000,BEST_ASK,"JPM,99592,87"
2019-06-28 14:13:00.000000000,BEST_BID,"JPM,99588,182"
2019-06-28 14:13:00.000000000,BEST_ASK,"JPM,99592,87"
2019-06-28 14:13:00.000000000,BEST_BID,"JPM,99588,182"
2019-06-28 14:13:00.000000000,BEST_ASK,"JPM,99592,87"
2019-06-28 14:13:00.000000000,QUERY_SPREAD,77
2019-06-28 14:13:00.000000000,BEST_BID,"JPM,99588,178"
2019-06-28 14:13:00.000000000,BEST_ASK,"JPM,99592,87"
2019-06-28 14:13:00.000000000,LAST_TRADE,"4,$99588.0000"
2019-06-28 14:13:00.000000000,QUERY_SPREAD,78
2019-06-28 14:13:00.000000000,BEST_BID,"JPM,99588,170"
2019-06-28 14:13:00.000000000,BEST_ASK,"JPM,99592,87"
2019-06-28 14:13:00.000000000,LAST_TRADE,"8,$99588.0000"
2019-06-28 14:13:00.000000000,QUERY_SPREAD,79
2019-06-28 14:13:00.000000000,BEST_BID,"JPM,99588,169"
2019-06-28 14:13:00.000000000,BEST_ASK,"JPM,99592,87"
2019-06-28 14:13:00.000000000,LAST_TRADE,"1,$99588.0000"
2019-06-28 14:13:00.000000000,QUERY_SPREAD,80
2019-06-28 14:13:00.000000000,BEST_BID,"JPM,99588,164"
2019-06-28 14:13:00.000000000,BEST_ASK,"JPM,99592,87"
2019-06-28 14:13:00.000000000,LAST_TRADE,"5,$99588.0000"
2019-06-28 14:13:00.000000000,QUERY_SPREAD,81
2019-06-28 14:13:00.000000000,BEST_BID,"JPM,99588,159"
2019-06-28 14:13:00.000000000,BEST_ASK,"JPM,99592,87"
2019-06-28 14:13:00.000000000,LAST_TRADE,"5,$99588.0000"
2019-06-28 14:13:00.000000000,QUERY_SPREAD,82
2019-06-28 14:13:00.000000000,BEST_BID,"JPM,99588,153"
2019-06-28 14:13:00.000000000,BEST_ASK,"JPM,99592,87"
2019-06-28 14:13:00.000000000,LAST_TRADE,"6,$99588.0000"
2019-06-28 14:13:00.000000000,QUERY_SPREAD,83
2019-06-28 14:13:00.000000000,BEST_BID,"JPM,99588,149"
2019-06-28 14:13:00.000000000,BEST_ASK,"JPM,99592,87"
2019-06-28 14:13:00.000000000,LAST_TRADE,"4,$99588.0000"
2019-06-28 14:13:00.000000000,QUERY_SPREAD,84
2019-06-28 14:13:00.000000000,BEST_BID,"JPM,99588,144"
2019-06-28 14:13:00.000000000,BEST_ASK,"JPM,99592,87"
2019-06-28 14:13:00.000000000,LAST_TRADE,"5,$99588.0000"
2019-06-28 14:13:00.000000000,QUERY_SPREAD,85
2019-06-28 14:13:00.000000000,BEST_BID,"JPM,99588,139"
2019-06-28 14:13:00.000000000,BEST_ASK,"JPM,99592,87"
2019-06-28 14:13:00.000000000,LAST_TRADE,"5,$99588.0000"
2019-06-28 14:13:00.000000000,QUERY_SPREAD,86
2019-06-28 14:13:00.000000000,BEST_BID,"JPM,99588,130"
2019-06-28 14:13:00.000000000,BEST_ASK,"JPM,99592,87"
2019-06-28 14:13:00.000000000,LAST_TRADE,"9,$99588.0000"
2019-06-28 14:13:00.000000000,QUERY_SPREAD,87
2019-06-28 14:13:00.000000000,BEST_BID,"JPM,99588,128"
2019-06-28 14:13:00.000000000,BEST_ASK,"JPM,99592,87"
2019-06-28 14:13:00.000000000,LAST_TRADE,"2,$99588.0000"
2019-06-28 14:13:00.000000000,QUERY_SPREAD,88
2019-06-28 14:13:00.000000000,BEST_BID,"JPM,99588,120"
2019-06-28 14:13:00.000000000,BEST_ASK,"JPM,99592,87"
2019-06-28 14:13:00.000000000,LAST_TRADE,"8,$99588.0000"
2019-06-28 14:13:00.000000000,QUERY_SPREAD,89
2019-06-28 14:13:00.000000000,BEST_BID,"JPM,99588,113"
2019-06-28 14:13:00.000000000,BEST_ASK,"JPM,99592,87"
2019-06-28 14:13:00.000000000,LAST_TRADE,"7,$99588.0000"
2019-06-28 14:13:00.000000000,QUERY_SPREAD,90
2019-06-28 14:13:00.000000000,BEST_BID,"JPM,99588,107"
2019-06-28 14:13:00.000000000,BEST_ASK,"JPM,99592,87"
2019-06-28 14:13:00.000000000,LAST_TRADE,"6,$99588.0000"
2019-06-28 14:13:00.000000000,QUERY_SPREAD,91
2019-06-28 14:13:00.000000000,BEST_BID,"JPM,99588,102"
2019-06-28 14:13:00.000000000,BEST_ASK,"JPM,99592,87"
2019-06-28 14:13:00.000000000,LAST_TRADE,"5,$99588.0000"
2019-06-28 14:13:00.000000000,QUERY_SPREAD,92
2019-06-28 14:13:00.000000000,BEST_BID,"JPM,99588,101"
2019-06-28 14:13:00.000000000,BEST_ASK,"JPM,99592,87"
2019-06-28 14:13:00.000000000,LAST_TRADE,"1,$99588.0000"
2019-06-28 14:13:00.000000000,QUERY_SPREAD,93
2019-06-28 14:13:00.000000000,BEST_BID,"JPM,99588,99"
2019-06-28 14:13:00.000000000,BEST_ASK,"JPM,99592,87"
2019-06-28 14:13:00.000000000,LAST_TRADE,"2,$99588.0000"
2019-06-28 14:13:00.000000000,QUERY_SPREAD,94
2019-06-28 14:13:00.000000000,BEST_BID,"JPM,99588,97"
2019-06-28 14:13:00.000000000,BEST_ASK,"JPM,99592,87"
2019-06-28 14:13:00.000000000,LAST_TRADE,"2,$99588.0000"
2019-06-28 14:13:00.000000000,QUERY_SPREAD,95
2019-06-28 14:13:00.000000000,BEST_BID,"JPM,99588,90"
2019-06-28 14:13:00.000000000,BEST_ASK,"JPM,99592,87"
2019-06-28 14:13:00.000000000,LAST_TRADE,"7,$99588.0000"
2019-06-28 14:13:00.000000000,QUERY_SPREAD,96
2019-06-28 14:13:00.000000000,BEST_BID,"JPM,99588,83"
2019-06-28 14:13:00.000000000,BEST_ASK,"JPM,99592,87"
2019-06-28 14:13:00.000000000,LAST_TRADE,"7,$99588.0000"
2019-06-28 14:13:00.000000000,QUERY_SPREAD,97
2019-06-28 14:13:00.000000000,BEST_BID,"JPM,99588,77"
2019-06-28 14:13:00.000000000,BEST_ASK,"JPM,99592,87"
2019-06-28 14:13:00.000000000,LAST_TRADE,"6,$99588.0000"
2019-06-28 14:13:00.000000000,QUERY_SPREAD,98
2019-06-28 14:13:00.000000000,BEST_BID,"JPM,99588,73"
2019-06-28 14:13:00.000000000,BEST_ASK,"JPM,99592,87"
2019-06-28 14:13:00.000000000,LAST_TRADE,"4,$99588.0000"
2019-06-28 14:13:00.000000000,QUERY_SPREAD,99
2019-06-28 14:13:00.000000000,BEST_BID,"JPM,99588,71"
2019-06-28 14:13:00.000000000,BEST_ASK,"JPM,99592,87"
2019-06-28 14:13:00.000000000,LAST_TRADE,"2,$99588.0000"
2019-06-28 14:13:00.000000000,QUERY_SPREAD,100
2019-06-28 14:13:00.000000000,BEST_BID,"JPM,99588,65"
2019-06-28 14:13:00.000000000,BEST_ASK,"JPM,99592,87"
2019-06-28 14:13:00.000000000,LAST_TRADE,"6,$99588.0000"
2019-06-28 14:13:00.000000000,QUERY_SPREAD,101
2019-06-28 14:13:00.000000000,QUERY_ORDER_STREAM,101
2019-06-28 14:13:06.680487923,QUERY_SPREAD,15
2019-06-28 14:13:06.680487923,BEST_BID,"JPM,99592,13"
2019-06-28 14:13:06.680487923,BEST_ASK,"JPM,99690,182"
2019-06-28 14:13:06.680487923,LAST_TRADE,"87,$99592.0000"
2019-06-28 14:13:10.000000000,QUERY_SPREAD,1
2019-06-28 14:13:10.000000000,BEST_BID,"JPM,99592,341"
2019-06-28 14:13:10.000000000,BEST_ASK,"JPM,99690,100"
2019-06-28 14:13:10.000000000,BEST_BID,"JPM,99592,341"
2019-06-28 14:13:10.000000000,BEST_ASK,"JPM,99690,428"
2019-06-28 14:13:10.406002817,QUERY_ORDER_STREAM,76
2019-06-28 14:13:10.406002817,QUERY_SPREAD,76
2019-06-28 14:13:10.406002817,BEST_BID,"JPM,99592,341"
2019-06-28 14:13:10.406002817,BEST_ASK,"JPM,99690,428"
2019-06-28 14:13:20.000000000,QUERY_SPREAD,1
2019-06-28 14:13:20.000000000,BEST_BID,"JPM,99592,177"
2019-06-28 14:13:20.000000000,BEST_ASK,"JPM,99690,100"
2019-06-28 14:13:20.000000000,BEST_BID,"JPM,99592,177"
2019-06-28 14:13:20.000000000,BEST_ASK,"JPM,99690,100"
2019-06-28 14:13:20.000000000,BEST_BID,"JPM,99592,177"
2019-06-28 14:13:20.000000000,BEST_ASK,"JPM,99690,264"
2019-06-28 14:13:20.000000000,BEST_BID,"JPM,99592,177"
2019-06-28 14:13:20.000000000,BEST_ASK,"JPM,99690,264"
2019-06-28 14:13:22.791680855,QUERY_ORDER_STREAM,70
2019-06-28 14:13:22.791680855,QUERY_SPREAD,70
2019-06-28 14:13:26.851791850,QUERY_ORDER_STREAM,56
2019-06-28 14:13:26.851791850,QUERY_SPREAD,56
2019-06-28 14:13:26.851791850,BEST_BID,"JPM,99592,177"
2019-06-28 14:13:26.851791850,BEST_ASK,"JPM,99690,264"
2019-06-28 14:13:30.000000000,QUERY_SPREAD,1
2019-06-28 14:13:30.000000000,BEST_BID,"JPM,99592,341"
2019-06-28 14:13:30.000000000,BEST_ASK,"JPM,99690,100"
2019-06-28 14:13:30.000000000,BEST_BID,"JPM,99592,341"
2019-06-28 14:13:30.000000000,BEST_ASK,"JPM,99690,428"
2019-06-28 14:13:34.406170991,QUERY_SPREAD,43
2019-06-28 14:13:34.406170991,BEST_BID,"JPM,99592,341"
2019-06-28 14:13:34.406170991,BEST_ASK,"JPM,99690,328"
2019-06-28 14:13:40.000000000,QUERY_SPREAD,1
2019-06-28 14:13:40.000000000,BEST_BID,"JPM,99592,177"
2019-06-28 14:13:40.000000000,BEST_ASK,"JPM,99817,100"
2019-06-28 14:13:40.000000000,BEST_BID,"JPM,99592,177"
2019-06-28 14:13:40.000000000,BEST_ASK,"JPM,99817,100"
2019-06-28 14:13:40.000000000,BEST_BID,"JPM,99592,177"
2019-06-28 14:13:40.000000000,BEST_ASK,"JPM,99817,264"
2019-06-28 14:13:40.000000000,BEST_BID,"JPM,99592,177"
2019-06-28 14:13:40.000000000,BEST_ASK,"JPM,99817,264"
2019-06-28 14:13:41.895303977,QUERY_ORDER_STREAM,67
2019-06-28 14:13:41.895303977,QUERY_SPREAD,67
2019-06-28 14:13:41.895303977,BEST_BID,"JPM,99592,177"
2019-06-28 14:13:41.895303977,BEST_ASK,"JPM,99817,264"
2019-06-28 14:13:47.956421353,QUERY_SPREAD,28
2019-06-28 14:13:47.956421353,BEST_BID,"JPM,99592,177"
2019-06-28 14:13:47.956421353,BEST_ASK,"JPM,99817,264"
2019-06-28 14:13:50.000000000,QUERY_SPREAD,1
2019-06-28 14:13:50.000000000,BEST_BID,"JPM,99592,125"
2019-06-28 14:13:50.000000000,BEST_ASK,"JPM,99817,100"
2019-06-28 14:13:50.000000000,BEST_BID,"JPM,99592,125"
2019-06-28 14:13:50.000000000,BEST_ASK,"JPM,99817,100"
2019-06-28 14:13:50.000000000,BEST_BID,"JPM,99592,125"
2019-06-28 14:13:50.000000000,BEST_ASK,"JPM,99817,100"
2019-06-28 14:13:50.000000000,BEST_BID,"JPM,99592,125"
2019-06-28 14:13:50.000000000,BEST_ASK,"JPM,99817,212"
2019-06-28 14:13:50.000000000,BEST_BID,"JPM,99592,125"
2019-06-28 14:13:50.000000000,BEST_ASK,"JPM,99817,212"
2019-06-28 14:13:50.000000000,BEST_BID,"JPM,99592,125"
2019-06-28 14:13:50.000000000,BEST_ASK,"JPM,99817,212"
2019-06-28 14:13:58.973015820,QUERY_SPREAD,24
2019-06-28 14:13:58.973015820,BEST_BID,"JPM,99592,125"
2019-06-28 14:13:58.973015820,BEST_ASK,"JPM,99817,212"
2019-06-28 14:14:00.000000000,QUERY_SPREAD,1
2019-06-28 14:14:00.000000000,BEST_BID,"JPM,99592,125"
2019-06-28 14:14:00.000000000,BEST_ASK,"JPM,99817,100"
2019-06-28 14:14:00.000000000,BEST_BID,"JPM,99592,125"
2019-06-28 14:14:00.000000000,BEST_ASK,"JPM,99817,100"
2019-06-28 14:14:00.000000000,BEST_BID,"JPM,99592,125"
2019-06-28 14:14:00.000000000,BEST_ASK,"JPM,99817,100"
2019-06-28 14:14:00.000000000,BEST_BID,"JPM,99592,125"
2019-06-28 14:14:00.000000000,BEST_ASK,"JPM,99817,212"
2019-06-28 14:14:00.000000000,BEST_BID,"JPM,99592,125"
2019-06-28 14:14:00.000000000,BEST_ASK,"JPM,99817,212"
2019-06-28 14:14:00.000000000,BEST_BID,"JPM,99592,125"
2019-06-28 14:14:00.000000000,BEST_ASK,"JPM,99817,212"
2019-06-28 14:14:00.000000000,QUERY_SPREAD,77
2019-06-28 14:14:00.000000000,BEST_BID,"JPM,99592,121"
2019-06-28 14:14:00.000000000,BEST_ASK,"JPM,99817,212"
2019-06-28 14:14:00.000000000,LAST_TRADE,"4,$99592.0000"
2019-06-28 14:14:00.000000000,QUERY_SPREAD,78
2019-06-28 14:14:00.000000000,BEST_BID,"JPM,99592,113"
2019-06-28 14:14:00.000000000,BEST_ASK,"JPM,99817,212"
2019-06-28 14:14:00.000000000,LAST_TRADE,"8,$99592.0000"
2019-06-28 14:14:00.000000000,QUERY_SPREAD,79
2019-06-28 14:14:00.000000000,BEST_BID,"JPM,99592,112"
2019-06-28 14:14:00.000000000,BEST_ASK,"JPM,99817,212"
2019-06-28 14:14:00.000000000,LAST_TRADE,"1,$99592.0000"
2019-06-28 14:14:00.000000000,QUERY_SPREAD,80
2019-06-28 14:14:00.000000000,BEST_BID,"JPM,99592,107"
2019-06-28 14:14:00.000000000,BEST_ASK,"JPM,99817,212"
2019-06-28 14:14:00.000000000,LAST_TRADE,"5,$99592.0000"
2019-06-28 14:14:00.000000000,QUERY_SPREAD,81
2019-06-28 14:14:00.000000000,BEST_BID,"JPM,99592,102"
2019-06-28 14:14:00.000000000,BEST_ASK,"JPM,99817,212"
2019-06-28 14:14:00.000000000,LAST_TRADE,"5,$99592.0000"
2019-06-28 14:14:00.000000000,QUERY_SPREAD,82
2019-06-28 14:14:00.000000000,BEST_BID,"JPM,99592,96"
2019-06-28 14:14:00.000000000,BEST_ASK,"JPM,99817,212"
2019-06-28 14:14:00.000000000,LAST_TRADE,"6,$99592.0000"
2019-06-28 14:14:00.000000000,QUERY_SPREAD,83
2019-06-28 14:14:00.000000000,BEST_BID,"JPM,99592,92"
2019-06-28 14:14:00.000000000,BEST_ASK,"JPM,99817,212"
2019-06-28 14:14:00.000000000,LAST_TRADE,"4,$99592.0000"
2019-06-28 14:14:00.000000000,QUERY_SPREAD,84
2019-06-28 14:14:00.000000000,BEST_BID,"JPM,99592,87"
2019-06-28 14:14:00.000000000,BEST_ASK,"JPM,99817,212"
2019-06-28 14:14:00.000000000,LAST_TRADE,"5,$99592.0000"
2019-06-28 14:14:00.000000000,QUERY_SPREAD,85
2019-06-28 14:14:00.000000000,BEST_BID,"JPM,99592,82"
2019-06-28 14:14:00.000000000,BEST_ASK,"JPM,99817,212"
2019-06-28 14:14:00.000000000,LAST_TRADE,"5,$99592.0000"
2019-06-28 14:14:00.000000000,QUERY_SPREAD,86
2019-06-28 14:14:00.000000000,BEST_BID,"JPM,99592,73"
2019-06-28 14:14:00.000000000,BEST_ASK,"JPM,99817,212"
2019-06-28 14:14:00.000000000,LAST_TRADE,"9,$99592.0000"
2019-06-28 14:14:00.000000000,QUERY_SPREAD,87
2019-06-28 14:14:00.000000000,BEST_BID,"JPM,99592,71"
2019-06-28 14:14:00.000000000,BEST_ASK,"JPM,99817,212"
2019-06-28 14:14:00.000000000,LAST_TRADE,"2,$99592.0000"
2019-06-28 14:14:00.000000000,QUERY_SPREAD,88
2019-06-28 14:14:00.000000000,BEST_BID,"JPM,99592,63"
2019-06-28 14:14:00.000000000,BEST_ASK,"JPM,99817,212"
2019-06-28 14:14:00.000000000,LAST_TRADE,"8,$99592.0000"
2019-06-28 14:14:00.000000000,QUERY_SPREAD,89
2019-06-28 14:14:00.000000000,BEST_BID,"JPM,99592,56"
2019-06-28 14:14:00.000000000,BEST_ASK,"JPM,99817,212"
2019-06-28 14:14:00.000000000,LAST_TRADE,"7,$99592.0000"
2019-06-28 14:14:00.000000000,QUERY_SPREAD,90
2019-06-28 14:14:00.000000000,BEST_BID,"JPM,99592,50"
2019-06-28 14:14:00.000000000,BEST_ASK,"JPM,99817,212"
2019-06-28 14:14:00.000000000,LAST_TRADE,"6,$99592.0000"
2019-06-28 14:14:00.000000000,QUERY_SPREAD,91
2019-06-28 14:14:00.000000000,BEST_BID,"JPM,99592,45"
2019-06-28 14:14:00.000000000,BEST_ASK,"JPM,99817,212"
2019-06-28 14:14:00.000000000,LAST_TRADE,"5,$99592.0000"
2019-06-28 14:14:00.000000000,QUERY_SPREAD,92
2019-06-28 14:14:00.000000000,BEST_BID,"JPM,99592,44"
2019-06-28 14:14:00.000000000,BEST_ASK,"JPM,99817,212"
2019-06-28 14:14:00.000000000,LAST_TRADE,"1,$99592.0000"
2019-06-28 14:14:00.000000000,QUERY_SPREAD,93
2019-06-28 14:14:00.000000000,BEST_BID,"JPM,99592,42"
2019-06-28 14:14:00.000000000,BEST_ASK,"JPM,99817,212"
2019-06-28 14:14:00.000000000,LAST_TRADE,"2,$99592.0000"
2019-06-28 14:14:00.000000000,QUERY_SPREAD,94
2019-06-28 14:14:00.000000000,BEST_BID,"JPM,99592,40"
2019-06-28 14:14:00.000000000,BEST_ASK,"JPM,99817,212"
2019-06-28 14:14:00.000000000,LAST_TRADE,"2,$99592.0000"
2019-06-28 14:14:00.000000000,QUERY_SPREAD,95
2019-06-28 14:14:00.000000000,BEST_BID,"JPM,99592,33"
2019-06-28 14:14:00.000000000,BEST_ASK,"JPM,99817,212"
2019-06-28 14:14:00.000000000,LAST_TRADE,"7,$99592.0000"
2019-06-28 14:14:00.000000000,QUERY_SPREAD,96
2019-06-28 14:14:00.000000000,BEST_BID,"JPM,99592,26"
2019-06-28 14:14:00.000000000,BEST_ASK,"JPM,99817,212"
2019-06-28 14:14:00.000000000,LAST_TRADE,"7,$99592.0000"
2019-06-28 14:14:00.000000000,QUERY_SPREAD,97
2019-06-28 14:14:00.000000000,BEST_BID,"JPM,99592,20"
2019-06-28 14:14:00.000000000,BEST_ASK,"JPM,99817,212"
2019-06-28 14:14:00.000000000,LAST_TRADE,"6,$99592.0000"
2019-06-28 14:14:00.000000000,QUERY_SPREAD,98
2019-06-28 14:14:00.000000000,BEST_BID,"JPM,99592,16"
2019-06-28 14:14:00.000000000,BEST_ASK,"JPM,99817,212"
2019-06-28 14:14:00.000000000,LAST_TRADE,"4,$99592.0000"
2019-06-28 14:14:00.000000000,QUERY_SPREAD,99
2019-06-28 14:14:00.000000000,BEST_BID,"JPM,99592,14"
2019-06-28 14:14:00.000000000,BEST_ASK,"JPM,99817,212"
2019-06-28 14:14:00.000000000,LAST_TRADE,"2,$99592.0000"
2019-06-28 14:14:00.000000000,QUERY_SPREAD,100
2019-06-28 14:14:00.000000000,BEST_BID,"JPM,99592,8"
2019-06-28 14:14:00.000000000,BEST_ASK,"JPM,99817,212"
2019-06-28 14:14:00.000000000,LAST_TRADE,"6,$99592.0000"
2019-06-28 14:14:00.000000000,QUERY_SPREAD,101
2019-06-28 14:14:00.000000000,QUERY_ORDER_STREAM,101
2019-06-28 14:14:10.000000000,QUERY_SPREAD,1
2019-06-28 14:14:10.000000000,BEST_BID,"JPM,99588,366"
2019-06-28 14:14:10.000000000,BEST_ASK,"JPM,99817,100"
2019-06-28 14:14:10.000000000,BEST_BID,"JPM,99588,366"
2019-06-28 14:14:10.000000000,BEST_ASK,"JPM,99817,100"
2019-06-28 14:14:10.000000000,BEST_BID,"JPM,99588,366"
2019-06-28 14:14:10.000000000,BEST_ASK,"JPM,99817,100"
2019-06-28 14:14:10.000000000,BEST_BID,"JPM,99588,366"
2019-06-28 14:14:10.000000000,BEST_ASK,"JPM,99817,100"
2019-06-28 14:14:10.000000000,BEST_BID,"JPM,99588,366"
2019-06-28 14:14:10.000000000,BEST_ASK,"JPM,99817,100"
2019-06-28 14:14:10.000000000,BEST_BID,"JPM,99588,366"
2019-06-28 14:14:10.000000000,BEST_ASK,"JPM,99817,166"
2019-06-28 14:14:10.000000000,BEST_BID,"JPM,99588,366"
2019-06-28 14:14:10.000000000,BEST_ASK,"JPM,99817,166"
2019-06-28 14:14:10.000000000,BEST_BID,"JPM,99588,366"
2019-06-28 14:14:10.000000000,BEST_ASK,"JPM,99817,166"
2019-06-28 14:14:10.000000000,BEST_BID,"JPM,99588,366"
2019-06-28 14:14:10.000000000,BEST_ASK,"JPM,99817,166"
2019-06-28 14:14:10.000000000,BEST_BID,"JPM,99588,366"
2019-06-28 14:14:10.000000000,BEST_ASK,"JPM,99817,166"
2019-06-28 14:14:20.000000000,QUERY_SPREAD,1
2019-06-28 14:14:20.000000000,BEST_BID,"JPM,99588,628"
2019-06-28 14:14:20.000000000,BEST_ASK,"JPM,99817,100"
2019-06-28 14:14:20.000000000,BEST_BID,"JPM,99588,628"
2019-06-28 14:14:20.000000000,BEST_ASK,"JPM,99817,428"
2019-06-28 14:14:23.431287504,QUERY_ORDER_STREAM,74
2019-06-28 14:14:23.431287504,QUERY_SPREAD,74
2019-06-28 14:14:23.431287504,BEST_BID,"JPM,99592,100"
2019-06-28 14:14:23.431287504,BEST_ASK,"JPM,99817,428"
2019-06-28 14:14:27.297484317,QUERY_SPREAD,45
2019-06-28 14:14:27.297484317,BEST_BID,"JPM,99592,100"
2019-06-28 14:14:27.297484317,BEST_ASK,"JPM,99817,328"
2019-06-28 14:14:27.297484317,LAST_TRADE,"100,$99817.0000"
2019-06-28 14:14:30.000000000,QUERY_SPREAD,1
2019-06-28 14:14:30.000000000,BEST_BID,"JPM,99592,182"
2019-06-28 14:14:30.000000000,BEST_ASK,"JPM,99852,100"
2019-06-28 14:14:30.000000000,BEST_BID,"JPM,99592,182"
2019-06-28 14:14:30.000000000,BEST_ASK,"JPM,99852,100"
2019-06-28 14:14:30.000000000,BEST_BID,"JPM,99592,182"
2019-06-28 14:14:30.000000000,BEST_ASK,"JPM,99852,100"
2019-06-28 14:14:30.000000000,BEST_BID,"JPM,99592,182"
2019-06-28 14:14:30.000000000,BEST_ASK,"JPM,99852,100"
2019-06-28 14:14:30.000000000,BEST_BID,"JPM,99592,182"
2019-06-28 14:14:30.000000000,BEST_ASK,"JPM,99852,182"
2019-06-28 14:14:30.000000000,BEST_BID,"JPM,99592,182"
2019-06-28 14:14:30.000000000,BEST_ASK,"JPM,99852,182"
2019-06-28 14:14:30.000000000,BEST_BID,"JPM,99592,182"
2019-06-28 14:14:30.000000000,BEST_ASK,"JPM,99852,182"
2019-06-28 14:14:30.000000000,BEST_BID,"JPM,99592,182"
2019-06-28 14:14:30.000000000,BEST_ASK,"JPM,99852,182"
2019-06-28 14:14:32.627366200,QUERY_SPREAD,41
2019-06-28 14:14:32.627366200,BEST_BID,"JPM,99770,100"
2019-06-28 14:14:32.627366200,BEST_ASK,"JPM,99852,82"
2019-06-28 14:14:40.000000000,QUERY_SPREAD,1
2019-06-28 14:14:40.000000000,BEST_BID,"JPM,99770,212"
2019-06-28 14:14:40.000000000,BEST_ASK,"JPM,99882,100"
2019-06-28 14:14:40.000000000,BEST_BID,"JPM,99770,212"
2019-06-28 14:14:40.000000000,BEST_ASK,"JPM,99882,100"
2019-06-28 14:14:40.000000000,BEST_BID,"JPM,99770,212"
2019-06-28 14:14:40.000000000,BEST_ASK,"JPM,99882,100"
2019-06-28 14:14:40.000000000,BEST_BID,"JPM,99770,212"
2019-06-28 14:14:40.000000000,BEST_ASK,"JPM,99882,212"
2019-06-28 14:14:40.000000000,BEST_BID,"JPM,99770,212"
2019-06-28 14:14:40.000000000,BEST_ASK,"JPM,99882,212"
2019-06-28 14:14:40.000000000,BEST_BID,"JPM,99770,212"
2019-06-28 14:14:40.000000000,BEST_ASK,"JPM,99882,212"
2019-06-28 14:14:50.000000000,QUERY_SPREAD,1
2019-06-28 14:14:50.000000000,BEST_BID,"JPM,99770,428"
2019-06-28 14:14:50.000000000,BEST_ASK,"JPM,99882,100"
2019-06-28 14:14:50.000000000,BEST_BID,"JPM,99770,428"
2019-06-28 14:14:50.000000000,BEST_ASK,"JPM,99882,428"
2019-06-28 14:15:00.000000000,QUERY_SPREAD,1
2019-06-28 14:15:00.000000000,BEST_BID,"JPM,99770,264"
2019-06-28 14:15:00.000000000,BEST_ASK,"JPM,99882,100"
2019-06-28 14:15:00.000000000,BEST_BID,"JPM,99770,264"
2019-06-28 14:15:00.000000000,BEST_ASK,"JPM,99882,100"
2019-06-28 14:15:00.000000000,BEST_BID,"JPM,99770,264"
2019-06-28 14:15:00.000000000,BEST_ASK,"JPM,99882,264"
2019-06-28 14:15:00.000000000,BEST_BID,"JPM,99770,264"
2019-06-28 14:15:00.000000000,BEST_ASK,"JPM,99882,264"
2019-06-28 14:15:00.000000000,QUERY_SPREAD,77
2019-06-28 14:15:00.000000000,BEST_BID,"JPM,99770,260"
2019-06-28 14:15:00.000000000,BEST_ASK,"JPM,99882,264"
2019-06-28 14:15:00.000000000,LAST_TRADE,"4,$99770.0000"
2019-06-28 14:15:00.000000000,QUERY_SPREAD,78
2019-06-28 14:15:00.000000000,BEST_BID,"JPM,99770,252"
2019-06-28 14:15:00.000000000,BEST_ASK,"JPM,99882,264"
2019-06-28 14:15:00.000000000,LAST_TRADE,"8,$99770.0000"
2019-06-28 14:15:00.000000000,QUERY_SPREAD,79
2019-06-28 14:15:00.000000000,BEST_BID,"JPM,99770,251"
2019-06-28 14:15:00.000000000,BEST_ASK,"JPM,99882,264"
2019-06-28 14:15:00.000000000,LAST_TRADE,"1,$99770.0000"
2019-06-28 14:15:00.000000000,QUERY_SPREAD,80
2019-06-28 14:15:00.000000000,BEST_BID,"JPM,99770,246"
2019-06-28 14:15:00.000000000,BEST_ASK,"JPM,99882,264"
2019-06-28 14:15:00.000000000,LAST_TRADE,"5,$99770.0000"
2019-06-28 14:15:00.000000000,QUERY_SPREAD,81
2019-06-28 14:15:00.000000000,BEST_BID,"JPM,99770,241"
2019-06-28 14:15:00.000000000,BEST_ASK,"JPM,99882,264"
2019-06-28 14:15:00.000000000,LAST_TRADE,"5,$99770.0000"
2019-06-28 14:15:00.000000000,QUERY_SPREAD,82
2019-06-28 14:15:00.000000000,BEST_BID,"JPM,99770,235"
2019-06-28 14:15:00.000000000,BEST_ASK,"JPM,99882,264"
2019-06-28 14:15:00.000000000,LAST_TRADE,"6,$99770.0000"
2019-06-28 14:15:00.000000000,QUERY_SPREAD,83
2019-06-28 14:15:00.000000000,BEST_BID,"JPM,99770,231"
2019-06-28 14:15:00.000000000,BEST_ASK,"JPM,99882,264"
2019-06-28 14:15:00.000000000,LAST_TRADE,"4,$99770.0000"
2019-06-28 14:15:00.000000000,QUERY_SPREAD,84
2019-06-28 14:15:00.000000000,BEST_BID,"JPM,99770,226"
2019-06-28 14:15:00.000000000,BEST_ASK,"JPM,99882,264"
2019-06-28 14:15:00.000000000,LAST_TRADE,"5,$99770.0000"
2019-06-28 14:15:00.000000000,QUERY_SPREAD,85
2019-06-28 14:15:00.000000000,BEST_BID,"JPM,99770,221"
2019-06-28 14:15:00.000000000,BEST_ASK,"JPM,99882,264"
2019-06-28 14:15:00.000000000,LAST_TRADE,"5,$99770.0000"
2019-06-28 14:15:00.000000000,QUERY_SPREAD,86
2019-06-28 14:15:00.000000000,BEST_BID,"JPM,99770,212"
2019-06-28 14:15:00.000000000,BEST_ASK,"JPM,99882,264"
2019-06-28 14:15:00.000000000,LAST_TRADE,"9,$99770.0000"
2019-06-28 14:15:00.000000000,QUERY_SPREAD,87
2019-06-28 14:15:00.000000000,BEST_BID,"JPM,99770,210"
2019-06-28 14:15:00.000000000,BEST_ASK,"JPM,99882,264"
2019-06-28 14:15:00.000000000,LAST_TRADE,"2,$99770.0000"
2019-06-28 14:15:00.000000000,QUERY_SPREAD,88
2019-06-28 14:15:00.000000000,BEST_BID,"JPM,99770,202"
2019-06-28 14:15:00.000000000,BEST_ASK,"JPM,99882,264"
2019-06-28 14:15:00.000000000,LAST_TRADE,"8,$99770.0000"
2019-06-28 14:15:00.000000000,QUERY_SPREAD,89
2019-06-28 14:15:00.000000000,BEST_BID,"JPM,99770,195"
2019-06-28 14:15:00.000000000,BEST_ASK,"JPM,99882,264"
2019-06-28 14:15:00.000000000,LAST_TRADE,"7,$99770.0000"
2019-06-28 14:15:00.000000000,QUERY_SPREAD,90
2019-06-28 14:15:00.000000000,BEST_BID,"JPM,99770,189"
2019-06-28 14:15:00.000000000,BEST_ASK,"JPM,99882,264"
2019-06-28 14:15:00.000000000,LAST_TRADE,"6,$99770.0000"
2019-06-28 14:15:00.000000000,QUERY_SPREAD,91
2019-06-28 14:15:00.000000000,BEST_BID,"JPM,99770,184"
2019-06-28 14:15:00.000000000,BEST_ASK,"JPM,99882,264"
2019-06-28 14:15:00.000000000,LAST_TRADE,"5,$99770.0000"
2019-06-28 14:15:00.000000000,QUERY_SPREAD,92
2019-06-28 14:15:00.000000000,BEST_BID,"JPM,99770,183"
2019-06-28 14:15:00.000000000,BEST_ASK,"JPM,99882,264"
2019-06-28 14:15:00.000000000,LAST_TRADE,"1,$99770.0000"
2019-06-28 14:15:00.000000000,QUERY_SPREAD,93
2019-06-28 14:15:00.000000000,BEST_BID,"JPM,99770,181"
2019-06-28 14:15:00.000000000,BEST_ASK,"JPM,99882,264"
2019-06-28 14:15:00.000000000,LAST_TRADE,"2,$99770.0000"
2019-06-28 14:15:00.000000000,QUERY_SPREAD,94
2019-06-28 14:15:00.000000000,BEST_BID,"JPM,99770,179"
2019-06-28 14:15:00.000000000,BEST_ASK,"JPM,99882,264"
2019-06-28 14:15:00.000000000,LAST_TRADE,"2,$99770.0000"
2019-06-28 14:15:00.000000000,QUERY_SPREAD,95
2019-06-28 14:15:00.000000000,BEST_BID,"JPM,99770,172"
2019-06-28 14:15:00.000000000,BEST_ASK,"JPM,99882,264"
2019-06-28 14:15:00.000000000,LAST_TRADE,"7,$99770.0000"
2019-06-28 14:15:00.000000000,QUERY_SPREAD,96
2019-06-28 14:15:00.000000000,BEST_BID,"JPM,99770,165"
2019-06-28 14:15:00.000000000,BEST_ASK,"JPM,99882,264"
2019-06-28 14:15:00.000000000,LAST_TRADE,"7,$99770.0000"
2019-06-28 14:15:00.000000000,QUERY_SPREAD,97
2019-06-28 14:15:00.000000000,BEST_BID,"JPM,99770,159"
2019-06-28 14:15:00.000000000,BEST_ASK,"JPM,99882,264"
2019-06-28 14:15:00.000000000,LAST_TRADE,"6,$99770.0000"
2019-06-28 14:15:00.000000000,QUERY_SPREAD,98
2019-06-28 14:15:00.000000000,BEST_BID,"JPM,99770,155"
2019-06-28 14:15:00.000000000,BEST_ASK,"JPM,99882,264"
2019-06-28 14:15:00.000000000,LAST_TRADE,"4,$99770.0000"
2019-06-28 14:15:00.000000000,QUERY_SPREAD,99
2019-06-28 14:15:00.000000000,BEST_BID,"JPM,99770,153"
2019-06-28 14:15:00.000000000,BEST_ASK,"JPM,99882,264"
2019-06-28 14:15:00.000000000,LAST_TRADE,"2,$99770.0000"
2019-06-28 14:15:00.000000000,QUERY_SPREAD,100
2019-06-28 14:15:00.000000000,BEST_BID,"JPM,99770,147"
2019-06-28 14:15:00.000000000,BEST_ASK,"JPM,99882,264"
2019-06-28 14:15:00.000000000,LAST_TRADE,"6,$99770.0000"
2019-06-28 14:15:00.000000000,QUERY_SPREAD,101
2019-06-28 14:15:00.000000000,QUERY_ORDER_STREAM,101
2019-06-28 14:15:10.000000000,QUERY_SPREAD,1
2019-06-28 14:15:10.000000000,BEST_BID,"JPM,99592,212"
2019-06-28 14:15:10.000000000,BEST_ASK,"JPM,99882,100"
2019-06-28 14:15:10.000000000,BEST_BID,"JPM,99592,212"
2019-06-28 14:15:10.000000000,BEST_ASK,"JPM,99882,100"
2019-06-28 14:15:10.000000000,BEST_BID,"JPM,99592,212"
2019-06-28 14:15:10.000000000,BEST_ASK,"JPM,99882,100"
2019-06-28 14:15:10.000000000,BEST_BID,"JPM,99592,212"
2019-06-28 14:15:10.000000000,BEST_ASK,"JPM,99882,212"
2019-06-28 14:15:10.000000000,BEST_BID,"JPM,99592,212"
2019-06-28 14:15:10.000000000,BEST_ASK,"JPM,99882,212"
2019-06-28 14:15:10.000000000,BEST_BID,"JPM,99592,212"
2019-06-28 14:15:10.000000000,BEST_ASK,"JPM,99882,212"
2019-06-28 14:15:11.415774713,QUERY_SPREAD,35
2019-06-28 14:15:11.415774713,BEST_BID,"JPM,99592,212"
2019-06-28 14:15:11.415774713,BEST_ASK,"JPM,99882,112"
2019-06-28 14:15:11.415774713,LAST_TRADE,"100,$99882.0000"
2019-06-28 14:15:19.592516681,QUERY_SPREAD,22
2019-06-28 14:15:19.592516681,BEST_BID,"JPM,99592,212"
2019-06-28 14:15:19.592516681,BEST_ASK,"JPM,99882,112"
2019-06-28 14:15:20.000000000,QUERY_SPREAD,1
2019-06-28 14:15:20.000000000,BEST_BID,"JPM,99592,428"
2019-06-28 14:15:20.000000000,BEST_ASK,"JPM,99883,100"
2019-06-28 14:15:20.000000000,BEST_BID,"JPM,99592,428"
2019-06-28 14:15:20.000000000,BEST_ASK,"JPM,99883,428"
2019-06-28 14:15:30.000000000,QUERY_SPREAD,1
2019-06-28 14:15:30.000000000,BEST_BID,"JPM,99592,166"
2019-06-28 14:15:30.000000000,BEST_ASK,"JPM,99883,100"
2019-06-28 14:15:30.000000000,BEST_BID,"JPM,99592,166"
2019-06-28 14:15:30.000000000,BEST_ASK,"JPM,99883,100"
2019-06-28 14:15:30.000000000,BEST_BID,"JPM,99592,166"
2019-06-28 14:15:30.000000000,BEST_ASK,"JPM,99883,100"
2019-06-28 14:15:30.000000000,BEST_BID,"JPM,99592,166"
2019-06-28 14:15:30.000000000,BEST_ASK,"JPM,99883,100"
2019-06-28 14:15:30.000000000,BEST_BID,"JPM,99592,166"
2019-06-28 14:15:30.000000000,BEST_ASK,"JPM,99883,100"
2019-06-28 14:15:30.000000000,BEST_BID,"JPM,99592,166"
2019-06-28 14:15:30.000000000,BEST_ASK,"JPM,99883,166"
2019-06-28 14:15:30.000000000,BEST_BID,"JPM,99592,166"
2019-06-28 14:15:30.000000000,BEST_ASK,"JPM,99883,166"
2019-06-28 14:15:30.000000000,BEST_BID,"JPM,99592,166"
2019-06-28 14:15:30.000000000,BEST_ASK,"JPM,99883,166"
2019-06-28 14:15:30.000000000,BEST_BID,"JPM,99592,166"
2019-06-28 14:15:30.000000000,BEST_ASK,"JPM,99883,166"
2019-06-28 14:15:30.000000000,BEST_BID,"JPM,99592,166"
2019-06-28 14:15:30.000000000,BEST_ASK,"JPM,99883,166"
2019-06-28 14:15:40.000000000,QUERY_SPREAD,1
2019-06-28 14:15:40.000000000,BEST_BID,"JPM,99592,212"
2019-06-28 14:15:40.000000000,BEST_ASK,"JPM,99883,100"
2019-06-28 14:15:40.000000000,BEST_BID,"JPM,99592,212"
2019-06-28 14:15:40.000000000,BEST_ASK,"JPM,99883,100"
2019-06-28 14:15:40.000000000,BEST_BID,"JPM,99592,212"
2019-06-28 14:15:40.000000000,BEST_ASK,"JPM,99883,100"
2019-06-28 14:15:40.000000000,BEST_BID,"JPM,99592,212"
2019-06-28 14:15:40.000000000,BEST_ASK,"JPM,99883,212"
2019-06-28 14:15:40.000000000,BEST_BID,"JPM,99592,212"
2019-06-28 14:15:40.000000000,BEST_ASK,"JPM,99883,212"
2019-06-28 14:15:40.000000000,BEST_BID,"JPM,99592,212"
2019-06-28 14:15:40.000000000,BEST_ASK,"JPM,99883,212"
2019-06-28 14:15:50.000000000,QUERY_SPREAD,1
2019-06-28 14:15:50.000000000,BEST_BID,"JPM,99592,182"
2019-06-28 14:15:50.000000000,BEST_ASK,"JPM,99883,100"
2019-06-28 14:15:50.000000000,BEST_BID,"JPM,99592,182"
2019-06-28 14:15:50.000000000,BEST_ASK,"JPM,99883,100"
2019-06-28 14:15:50.000000000,BEST_BID,"JPM,99592,182"
2019-06-28 14:15:50.000000000,BEST_ASK,"JPM,99883,100"
2019-06-28 14:15:50.000000000,BEST_BID,"JPM,99592,182"
2019-06-28 14:15:50.000000000,BEST_ASK,"JPM,99883,100"
2019-06-28 14:15:50.000000000,BEST_BID,"JPM,99592,182"
2019-06-28 14:15:50.000000000,BEST_ASK,"JPM,99883,182"
2019-06-28 14:15:50.000000000,BEST_BID,"JPM,99592,182"
2019-06-28 14:15:50.000000000,BEST_ASK,"JPM,99883,182"
2019-06-28 14:15:50.000000000,BEST_BID,"JPM,99592,182"
2019-06-28 14:15:50.000000000,BEST_ASK,"JPM,99883,182"
2019-06-28 14:15:50.000000000,BEST_BID,"JPM,99592,182"
2019-06-28 14:15:50.000000000,BEST_ASK,"JPM,99883,182"
2019-06-28 14:16:00.000000000,QUERY_SPREAD,1
2019-06-28 14:16:00.000000000,BEST_BID,"JPM,99592,428"
2019-06-28 14:16:00.000000000,BEST_ASK,"JPM,99883,100"
2019-06-28 14:16:00.000000000,BEST_BID,"JPM,99592,428"
2019-06-28 14:16:00.000000000,BEST_ASK,"JPM,99883,428"
2019-06-28 14:16:00.000000000,QUERY_SPREAD,77
2019-06-28 14:16:00.000000000,BEST_BID,"JPM,99592,424"
2019-06-28 14:16:00.000000000,BEST_ASK,"JPM,99883,428"
2019-06-28 14:16:00.000000000,LAST_TRADE,"4,$99592.0000"
2019-06-28 14:16:00.000000000,QUERY_SPREAD,78
2019-06-28 14:16:00.000000000,BEST_BID,"JPM,99592,416"
2019-06-28 14:16:00.000000000,BEST_ASK,"JPM,99883,428"
2019-06-28 14:16:00.000000000,LAST_TRADE,"8,$99592.0000"
2019-06-28 14:16:00.000000000,QUERY_SPREAD,79
2019-06-28 14:16:00.000000000,BEST_BID,"JPM,99592,415"
2019-06-28 14:16:00.000000000,BEST_ASK,"JPM,99883,428"
2019-06-28 14:16:00.000000000,LAST_TRADE,"1,$99592.0000"
2019-06-28 14:16:00.000000000,QUERY_SPREAD,80
2019-06-28 14:16:00.000000000,BEST_BID,"JPM,99592,410"
2019-06-28 14:16:00.000000000,BEST_ASK,"JPM,99883,428"
2019-06-28 14:16:00.000000000,LAST_TRADE,"5,$99592.0000"
2019-06-28 14:16:00.000000000,QUERY_SPREAD,81
2019-06-28 14:16:00.000000000,BEST_BID,"JPM,99592,405"
2019-06-28 14:16:00.000000000,BEST_ASK,"JPM,99883,428"
2019-06-28 14:16:00.000000000,LAST_TRADE,"5,$99592.0000"
2019-06-28 14:16:00.000000000,QUERY_SPREAD,82
2019-06-28 14:16:00.000000000,BEST_BID,"JPM,99592,399"
2019-06-28 14:16:00.000000000,BEST_ASK,"JPM,99883,428"
2019-06-28 14:16:00.000000000,LAST_TRADE,"6,$99592.0000"
2019-06-28 14:16:00.000000000,QUERY_SPREAD,83
2019-06-28 14:16:00.000000000,BEST_BID,"JPM,99592,395"
2019-06-28 14:16:00.000000000,BEST_ASK,"JPM,99883,428"
2019-06-28 14:16:00.000000000,LAST_TRADE,"4,$99592.0000"
2019-06-28 14:16:00.000000000,QUERY_SPREAD,84
2019-06-28 14:16:00.000000000,BEST_BID,"JPM,99592,390"
2019-06-28 14:16:00.000000000,BEST_ASK,"JPM,99883,428"
2019-06-28 14:16:00.000000000,LAST_TRADE,"5,$99592.0000"
2019-06-28 14:16:00.000000000,QUERY_SPREAD,85
2019-06-28 14:16:00.000000000,BEST_BID,"JPM,99592,385"
2019-06-28 14:16:00.000000000,BEST_ASK,"JPM,99883,428"
2019-06-28 14:16:00.000000000,LAST_TRADE,"5,$99592.0000"
2019-06-28 14:16:00.000000000,QUERY_SPREAD,86
2019-06-28 14:16:00.000000000,BEST_BID,"JPM,99592,376"
2019-06-28 14:16:00.000000000,BEST_ASK,"JPM,99883,428"
2019-06-28 14:16:00.000000000,LAST_TRADE,"9,$99592.0000"
2019-06-28 14:16:00.000000000,QUERY_SPREAD,87
2019-06-28 14:16:00.000000000,BEST_BID,"JPM,99592,374"
2019-06-28 14:16:00.000000000,BEST_ASK,"JPM,99883,428"
2019-06-28 14:16:00.000000000,LAST_TRADE,"2,$99592.0000"
2019-06-28 14:16:00.000000000,QUERY_SPREAD,88
2019-06-28 14:16:00.000000000,BEST_BID,"JPM,99592,366"
2019-06-28 14:16:00.000000000,BEST_ASK,"JPM,99883,428"
2019-06-28 14:16:00.000000000,LAST_TRADE,"8,$99592.0000"
2019-06-28 14:16:00.000000000,QUERY_SPREAD,89
2019-06-28 14:16:00.000000000,BEST_BID,"JPM,99592,359"
2019-06-28 14:16:00.000000000,BEST_ASK,"JPM,99883,428"
2019-06-28 14:16:00.000000000,LAST_TRADE,"7,$99592.0000"
2019-06-28 14:16:00.000000000,QUERY_SPREAD,90
2019-06-28 14:16:00.000000000,BEST_BID,"JPM,99592,353"
2019-06-28 14:16:00.000000000,BEST_ASK,"JPM,99883,428"
2019-06-28 14:16:00.000000000,LAST_TRADE,"6,$99592.0000"
2019-06-28 14:16:00.000000000,QUERY_SPREAD,91
2019-06-28 14:16:00.000000000,BEST_BID,"JPM,99592,348"
2019-06-28 14:16:00.000000000,BEST_ASK,"JPM,99883,428"
2019-06-28 14:16:00.000000000,LAST_TRADE,"5,$99592.0000"
2019-06-28 14:16:00.000000000,QUERY_SPREAD,92
2019-06-28 14:16:00.000000000,BEST_BID,"JPM,99592,347"
2019-06-28 14:16:00.000000000,BEST_ASK,"JPM,99883,428"
2019-06-28 14:16:00.000000000,LAST_TRADE,"1,$99592.0000"
2019-06-28 14:16:00.000000000,QUERY_SPREAD,93
2019-06-28 14:16:00.000000000,BEST_BID,"JPM,99592,345"
2019-06-28 14:16:00.000000000,BEST_ASK,"JPM,99883,428"
2019-06-28 14:16:00.000000000,LAST_TRADE,"2,$99592.0000"
2019-06-28 14:16:00.000000000,QUERY_SPREAD,94
2019-06-28 14:16:00.000000000,BEST_BID,"JPM,99592,343"
2019-06-28 14:16:00.000000000,BEST_ASK,"JPM,99883,428"
2019-06-28 14:16:00.000000000,LAST_TRADE,"2,$99592.0000"
2019-06-28 14:16:00.000000000,QUERY_SPREAD,95
2019-06-28 14:16:00.000000000,BEST_BID,"JPM,99592,336"
2019-06-28 14:16:00.000000000,BEST_ASK,"JPM,99883,428"
2019-06-28 14:16:00.000000000,LAST_TRADE,"7,$99592.0000"
2019-06-28 14:16:00.000000000,QUERY_SPREAD,96
2019-06-28 14:16:00.000000000,BEST_BID,"JPM,99592,329"
2019-06-28 14:16:00.000000000,BEST_ASK,"JPM,99883,428"
2019-06-28 14:16:00.000000000,LAST_TRADE,"7,$99592.0000"
2019-06-28 14:16:00.000000000,QUERY_SPREAD,97
2019-06-28 14:16:00.000000000,BEST_BID,"JPM,99592,323"
2019-06-28 14:16:00.000000000,BEST_ASK,"JPM,99883,428"
2019-06-28 14:16:00.000000000,LAST_TRADE,"6,$99592.0000"
2019-06-28 14:16:00.000000000,QUERY_SPREAD,98
2019-06-28 14:16:00.000000000,BEST_BID,"JPM,99592,319"
2019-06-28 14:16:00.000000000,BEST_ASK,"JPM,99883,428"
2019-06-28 14:16:00.000000000,LAST_TRADE,"4,$99592.0000"
2019-06-28 14:16:00.000000000,QUERY_SPREAD,99
2019-06-28 14:16:00.000000000,BEST_BID,"JPM,99592,317"
2019-06-28 14:16:00.000000000,BEST_ASK,"JPM,99883,428"
2019-06-28 14:16:00.000000000,LAST_TRADE,"2,$99592.0000"
2019-06-28 14:16:00.000000000,QUERY_SPREAD,100
2019-06-28 14:16:00.000000000,BEST_BID,"JPM,99592,311"
2019-06-28 14:16:00.000000000,BEST_ASK,"JPM,99883,428"
2019-06-28 14:16:00.000000000,LAST_TRADE,"6,$99592.0000"
2019-06-28 14:16:00.000000000,QUERY_SPREAD,101
2019-06-28 14:16:00.000000000,QUERY_ORDER_STREAM,101
2019-06-28 14:16:02.375985141,QUERY_SPREAD,24
2019-06-28 14:16:02.375985141,BEST_BID,"JPM,99592,311"
2019-06-28 14:16:02.375985141,BEST_ASK,"JPM,99883,428"
2019-06-28 14:16:10.000000000,QUERY_SPREAD,1
2019-06-28 14:16:10.000000000,BEST_BID,"JPM,99588,366"
2019-06-28 14:16:10.000000000,BEST_ASK,"JPM,99883,100"
2019-06-28 14:16:10.000000000,BEST_BID,"JPM,99588,366"
2019-06-28 14:16:10.000000000,BEST_ASK,"JPM,99883,100"
2019-06-28 14:16:10.000000000,BEST_BID,"JPM,99588,366"
2019-06-28 14:16:10.000000000,BEST_ASK,"JPM,99883,100"
2019-06-28 14:16:10.000000000,BEST_BID,"JPM,99588,366"
2019-06-28 14:16:10.000000000,BEST_ASK,"JPM,99883,100"
2019-06-28 14:16:10.000000000,BEST_BID,"JPM,99588,366"
2019-06-28 14:16:10.000000000,BEST_ASK,"JPM,99883,100"
2019-06-28 14:16:10.000000000,BEST_BID,"JPM,99588,366"
2019-06-28 14:16:10.000000000,BEST_ASK,"JPM,99883,166"
2019-06-28 14:16:10.000000000,BEST_BID,"JPM,99588,366"
2019-06-28 14:16:10.000000000,BEST_ASK,"JPM,99883,166"
2019-06-28 14:16:10.000000000,BEST_BID,"JPM,99588,366"
2019-06-28 14:16:10.000000000,BEST_ASK,"JPM,99883,166"
2019-06-28 14:16:10.000000000,BEST_BID,"JPM,99588,366"
2019-06-28 14:16:10.000000000,BEST_ASK,"JPM,99883,166"
2019-06-28 14:16:10.000000000,BEST_BID,"JPM,99588,366"
2019-06-28 14:16:10.000000000,BEST_ASK,"JPM,99883,166"
2019-06-28 14:16:20.000000000,QUERY_SPREAD,1
2019-06-28 14:16:20.000000000,BEST_BID,"JPM,99588,464"
2019-06-28 14:16:20.000000000,BEST_ASK,"JPM,99883,100"
2019-06-28 14:16:20.000000000,BEST_BID,"JPM,99588,464"
2019-06-28 14:16:20.000000000,BEST_ASK,"JPM,99883,100"
2019-06-28 14:16:20.000000000,BEST_BID,"JPM,99588,464"
2019-06-28 14:16:20.000000000,BEST_ASK,"JPM,99883,264"
2019-06-28 14:16:20.000000000,BEST_BID,"JPM,99588,464"
2019-06-28 14:16:20.000000000,BEST_ASK,"JPM,99883,264"
2019-06-28 14:16:29.712133847,QUERY_SPREAD,32
2019-06-28 14:16:29.712133847,BEST_BID,"JPM,99588,464"
2019-06-28 14:16:29.712133847,BEST_ASK,"JPM,99883,164"
2019-06-28 14:16:29.712133847,LAST_TRADE,"100,$99883.0000"
2019-06-28 14:16:30.000000000,QUERY_SPREAD,1
2019-06-28 14:16:30.000000000,BEST_BID,"JPM,99588,628"
2019-06-28 14:16:30.000000000,BEST_ASK,"JPM,99951,100"
2019-06-28 14:16:30.000000000,BEST_BID,"JPM,99588,628"
2019-06-28 14:16:30.000000000,BEST_ASK,"JPM,99951,428"
2019-06-28 14:16:40.000000000,QUERY_SPREAD,1
2019-06-28 14:16:40.000000000,BEST_BID,"JPM,99588,382"
2019-06-28 14:16:40.000000000,BEST_ASK,"JPM,99951,100"
2019-06-28 14:16:40.000000000,BEST_BID,"JPM,99588,382"
2019-06-28 14:16:40.000000000,BEST_ASK,"JPM,99951,100"
2019-06-28 14:16:40.000000000,BEST_BID,"JPM,99588,382"
2019-06-28 14:16:40.000000000,BEST_ASK,"JPM,99951,100"
2019-06-28 14:16:40.000000000,BEST_BID,"JPM,99588,382"
2019-06-28 14:16:40.000000000,BEST_ASK,"JPM,99951,100"
2019-06-28 14:16:40.000000000,BEST_BID,"JPM,99588,382"
2019-06-28 14:16:40.000000000,BEST_ASK,"JPM,99951,182"
2019-06-28 14:16:40.000000000,BEST_BID,"JPM,99588,382"
2019-06-28 14:16:40.000000000,BEST_ASK,"JPM,99951,182"
2019-06-28 14:16:40.000000000,BEST_BID,"JPM,99588,382"
2019-06-28 14:16:40.000000000,BEST_ASK,"JPM,99951,182"
2019-06-28 14:16:40.000000000,BEST_BID,"JPM,99588,382"
2019-06-28 14:16:40.000000000,BEST_ASK,"JPM,99951,182"
2019-06-28 14:16:50.000000000,QUERY_SPREAD,1
2019-06-28 14:16:50.000000000,BEST_BID,"JPM,99588,412"
2019-06-28 14:16:50.000000000,BEST_ASK,"JPM,99951,100"
2019-06-28 14:16:50.000000000,BEST_BID,"JPM,99588,412"
2019-06-28 14:16:50.000000000,BEST_ASK,"JPM,99951,100"
2019-06-28 14:16:50.000000000,BEST_BID,"JPM,99588,412"
2019-06-28 14:16:50.000000000,BEST_ASK,"JPM,99951,100"
2019-06-28 14:16:50.000000000,BEST_BID,"JPM,99588,412"
2019-06-28 14:16:50.000000000,BEST_ASK,"JPM,99951,212"
2019-06-28 14:16:50.000000000,BEST_BID,"JPM,99588,412"
2019-06-28 14:16:50.000000000,BEST_ASK,"JPM,99951,212"
2019-06-28 14:16:50.000000000,BEST_BID,"JPM,99588,412"
2019-06-28 14:16:50.000000000,BEST_ASK,"JPM,99951,212"
2019-06-28 14:17:00.000000000,QUERY_SPREAD,1
2019-06-28 14:17:00.000000000,BEST_BID,"JPM,99588,464"
2019-06-28 14:17:00.000000000,BEST_ASK,"JPM,99951,100"
2019-06-28 14:17:00.000000000,BEST_BID,"JPM,99588,464"
2019-06-28 14:17:00.000000000,BEST_ASK,"JPM,99951,100"
2019-06-28 14:17:00.000000000,BEST_BID,"JPM,99588,464"
2019-06-28 14:17:00.000000000,BEST_ASK,"JPM,99951,264"
2019-06-28 14:17:00.000000000,BEST_BID,"JPM,99588,464"
2019-06-28 14:17:00.000000000,BEST_ASK,"JPM,99951,264"
2019-06-28 14:17:00.000000000,QUERY_SPREAD,77
2019-06-28 14:17:00.000000000,BEST_BID,"JPM,99588,460"
2019-06-28 14:17:00.000000000,BEST_ASK,"JPM,99951,264"
2019-06-28 14:17:00.000000000,LAST_TRADE,"4,$99588.0000"
2019-06-28 14:17:00.000000000,QUERY_SPREAD,78
2019-06-28 14:17:00.000000000,BEST_BID,"JPM,99588,452"
2019-06-28 14:17:00.000000000,BEST_ASK,"JPM,99951,264"
2019-06-28 14:17:00.000000000,LAST_TRADE,"8,$99588.0000"
2019-06-28 14:17:00.000000000,QUERY_SPREAD,79
2019-06-28 14:17:00.000000000,BEST_BID,"JPM,99588,451"
2019-06-28 14:17:00.000000000,BEST_ASK,"JPM,99951,264"
2019-06-28 14:17:00.000000000,LAST_TRADE,"1,$99588.0000"
2019-06-28 14:17:00.000000000,QUERY_SPREAD,80
2019-06-28 14:17:00.000000000,BEST_BID,"JPM,99588,446"
2019-06-28 14:17:00.000000000,BEST_ASK,"JPM,99951,264"
2019-06-28 14:17:00.000000000,LAST_TRADE,"5,$99588.0000"
2019-06-28 14:17:00.000000000,QUERY_SPREAD,81
2019-06-28 14:17:00.000000000,BEST_BID,"JPM,99588,441"
2019-06-28 14:17:00.000000000,BEST_ASK,"JPM,99951,264"
2019-06-28 14:17:00.000000000,LAST_TRADE,"5,$99588.0000"
2019-06-28 14:17:00.000000000,QUERY_SPREAD,82
2019-06-28 14:17:00.000000000,BEST_BID,"JPM,99588,435"
2019-06-28 14:17:00.000000000,BEST_ASK,"JPM,99951,264"
2019-06-28 14:17:00.000000000,LAST_TRADE,"6,$99588.0000"
2019-06-28 14:17:00.000000000,QUERY_SPREAD,83
2019-06-28 14:17:00.000000000,BEST_BID,"JPM,99588,431"
2019-06-28 14:17:00.000000000,BEST_ASK,"JPM,99951,264"
2019-06-28 14:17:00.000000000,LAST_TRADE,"4,$99588.0000"
2019-06-28 14:17:00.000000000,QUERY_SPREAD,84
2019-06-28 14:17:00.000000000,BEST_BID,"JPM,99588,426"
2019-06-28 14:17:00.000000000,BEST_ASK,"JPM,99951,264"
2019-06-28 14:17:00.000000000,LAST_TRADE,"5,$99588.0000"
2019-06-28 14:17:00.000000000,QUERY_SPREAD,85
2019-06-28 14:17:00.000000000,BEST_BID,"JPM,99588,421"
2019-06-28 14:17:00.000000000,BEST_ASK,"JPM,99951,264"
2019-06-28 14:17:00.000000000,LAST_TRADE,"5,$99588.0000"
2019-06-28 14:17:00.000000000,QUERY_SPREAD,86
2019-06-28 14:17:00.000000000,BEST_BID,"JPM,99588,412"
2019-06-28 14:17:00.000000000,BEST_ASK,"JPM,99951,264"
2019-06-28 14:17:00.000000000,LAST_TRADE,"9,$99588.0000"
2019-06-28 14:17:00.000000000,QUERY_SPREAD,87
2019-06-28 14:17:00.000000000,BEST_BID,"JPM,99588,410"
2019-06-28 14:17:00.000000000,BEST_ASK,"JPM,99951,264"
2019-06-28 14:17:00.000000000,LAST_TRADE,"2,$99588.0000"
2019-06-28 14:17:00.000000000,QUERY_SPREAD,88
2019-06-28 14:17:00.000000000,BEST_BID,"JPM,99588,402"
2019-06-28 14:17:00.000000000,BEST_ASK,"JPM,99951,264"
2019-06-28 14:17:00.000000000,LAST_TRADE,"8,$99588.0000"
2019-06-28 14:17:00.000000000,QUERY_SPREAD,89
2019-06-28 14:17:00.000000000,BEST_BID,"JPM,99588,395"
2019-06-28 14:17:00.000000000,BEST_ASK,"JPM,99951,264"
2019-06-28 14:17:00.000000000,LAST_TRADE,"7,$99588.0000"
2019-06-28 14:17:00.000000000,QUERY_SPREAD,90
2019-06-28 14:17:00.000000000,BEST_BID,"JPM,99588,389"
2019-06-28 14:17:00.000000000,BEST_ASK,"JPM,99951,264"
2019-06-28 14:17:00.000000000,LAST_TRADE,"6,$99588.0000"
2019-06-28 14:17:00.000000000,QUERY_SPREAD,91
2019-06-28 14:17:00.000000000,BEST_BID,"JPM,99588,384"
2019-06-28 14:17:00.000000000,BEST_ASK,"JPM,99951,264"
2019-06-28 14:17:00.000000000,LAST_TRADE,"5,$99588.0000"
2019-06-28 14:17:00.000000000,QUERY_SPREAD,92
2019-06-28 14:17:00.000000000,BEST_BID,"JPM,99588,383"
2019-06-28 14:17:00.000000000,BEST_ASK,"JPM,99951,264"
2019-06-28 14:17:00.000000000,LAST_TRADE,"1,$99588.0000"
2019-06-28 14:17:00.000000000,QUERY_SPREAD,93
2019-06-28 14:17:00.000000000,BEST_BID,"JPM,99588,381"
2019-06-28 14:17:00.000000000,BEST_ASK,"JPM,99951,264"
2019-06-28 14:17:00.000000000,LAST_TRADE,"2,$99588.0000"
2019-06-28 14:17:00.000000000,QUERY_SPREAD,94
2019-06-28 14:17:00.000000000,BEST_BID,"JPM,99588,379"
2019-06-28 14:17:00.000000000,BEST_ASK,"JPM,99951,264"
2019-06-28 14:17:00.000000000,LAST_TRADE,"2,$99588.0000"
2019-06-28 14:17:00.000000000,QUERY_SPREAD,95
2019-06-28 14:17:00.000000000,BEST_BID,"JPM,99588,372"
2019-06-28 14:17:00.000000000,BEST_ASK,"JPM,99951,264"
2019-06-28 14:17:00.000000000,LAST_TRADE,"7,$99588.0000"
2019-06-28 14:17:00.000000000,QUERY_SPREAD,96
2019-06-28 14:17:00.000000000,BEST_BID,"JPM,99588,365"
2019-06-28 14:17:00.000000000,BEST_ASK,"JPM,99951,264"
2019-06-28 14:17:00.000000000,LAST_TRADE,"7,$99588.0000"
2019-06-28 14:17:00.000000000,QUERY_SPREAD,97
2019-06-28 14:17:00.000000000,BEST_BID,"JPM,99588,359"
2019-06-28 14:17:00.000000000,BEST_ASK,"JPM,99951,264"
2019-06-28 14:17:00.000000000,LAST_TRADE,"6,$99588.0000"
2019-06-28 14:17:00.000000000,QUERY_SPREAD,98
2019-06-28 14:17:00.000000000,BEST_BID,"JPM,99588,355"
2019-06-28 14:17:00.000000000,BEST_ASK,"JPM,99951,264"
2019-06-28 14:17:00.000000000,LAST_TRADE,"4,$99588.0000"
2019-06-28 14:17:00.000000000,QUERY_SPREAD,99
2019-06-28 14:17:00.000000000,BEST_BID,"JPM,99588,353"
2019-06-28 14:17:00.000000000,BEST_ASK,"JPM,99951,264"
2019-06-28 14:17:00.000000000,LAST_TRADE,"2,$99588.0000"
2019-06-28 14:17:00.000000000,QUERY_SPREAD,100
2019-06-28 14:17:00.000000000,BEST_BID,"JPM,99588,347"
2019-06-28 14:17:00.000000000,BEST_ASK,"JPM,99951,264"
2019-06-28 14:17:00.000000000,LAST_TRADE,"6,$99588.0000"
2019-06-28 14:17:00.000000000,QUERY_SPREAD,101
2019-06-28 14:17:00.000000000,QUERY_ORDER_STREAM,101
2019-06-28 14:17:08.213779527,QUERY_ORDER_STREAM,62
2019-06-28 14:17:08.213779527,QUERY_SPREAD,62
2019-06-28 14:17:10.000000000,QUERY_SPREAD,1
2019-06-28 14:17:10.000000000,BEST_BID,"JPM,99588,265"
2019-06-28 14:17:10.000000000,BEST_ASK,"JPM,99951,100"
2019-06-28 14:17:10.000000000,BEST_BID,"JPM,99588,265"
2019-06-28 14:17:10.000000000,BEST_ASK,"JPM,99951,100"
2019-06-28 14:17:10.000000000,BEST_BID,"JPM,99588,265"
2019-06-28 14:17:10.000000000,BEST_ASK,"JPM,99951,100"
2019-06-28 14:17:10.000000000,BEST_BID,"JPM,99588,265"
2019-06-28 14:17:10.000000000,BEST_ASK,"JPM,99951,100"
2019-06-28 14:17:10.000000000,BEST_BID,"JPM,99588,265"
2019-06-28 14:17:10.000000000,BEST_ASK,"JPM,99951,182"
2019-06-28 14:17:10.000000000,BEST_BID,"JPM,99588,265"
2019-06-28 14:17:10.000000000,BEST_ASK,"JPM,99951,182"
2019-06-28 14:17:10.000000000,BEST_BID,"JPM,99588,265"
2019-06-28 14:17:10.000000000,BEST_ASK,"JPM,99951,182"
2019-06-28 14:17:10.000000000,BEST_BID,"JPM,99588,265"
2019-06-28 14:17:10.000000000,BEST_ASK,"JPM,99951,182"
2019-06-28 14:17:13.949156126,QUERY_SPREAD,16
2019-06-28 14:17:13.949156126,BEST_BID,"JPM,99588,265"
2019-06-28 14:17:13.949156126,BEST_ASK,"JPM,99951,82"
2019-06-28 14:17:13.949156126,LAST_TRADE,"100,$99951.0000"
2019-06-28 14:17:20.000000000,QUERY_SPREAD,1
2019-06-28 14:17:20.000000000,BEST_BID,"JPM,99588,249"
2019-06-28 14:17:20.000000000,BEST_ASK,"JPM,100090,100"
2019-06-28 14:17:20.000000000,BEST_BID,"JPM,99588,249"
2019-06-28 14:17:20.000000000,BEST_ASK,"JPM,100090,100"
2019-06-28 14:17:20.000000000,BEST_BID,"JPM,99588,249"
2019-06-28 14:17:20.000000000,BEST_ASK,"JPM,100090,100"
2019-06-28 14:17:20.000000000,BEST_BID,"JPM,99588,249"
2019-06-28 14:17:20.000000000,BEST_ASK,"JPM,100090,100"
2019-06-28 14:17:20.000000000,BEST_BID,"JPM,99588,249"
2019-06-28 14:17:20.000000000,BEST_ASK,"JPM,100090,100"
2019-06-28 14:17:20.000000000,BEST_BID,"JPM,99588,249"
2019-06-28 14:17:20.000000000,BEST_ASK,"JPM,100090,166"
2019-06-28 14:17:20.000000000,BEST_BID,"JPM,99588,249"
2019-06-28 14:17:20.000000000,BEST_ASK,"JPM,100090,166"
2019-06-28 14:17:20.000000000,BEST_BID,"JPM,99588,249"
2019-06-28 14:17:20.000000000,BEST_ASK,"JPM,100090,166"
2019-06-28 14:17:20.000000000,BEST_BID,"JPM,99588,249"
2019-06-28 14:17:20.000000000,BEST_ASK,"JPM,100090,166"
2019-06-28 14:17:20.000000000,BEST_BID,"JPM,99588,249"
2019-06-28 14:17:20.000000000,BEST_ASK,"JPM,100090,166"
2019-06-28 14:17:29.045747912,QUERY_SPREAD,22
2019-06-28 14:17:29.045747912,BEST_BID,"JPM,99588,249"
2019-06-28 14:17:29.045747912,BEST_ASK,"JPM,100090,166"
2019-06-28 14:17:30.000000000,QUERY_SPREAD,1
2019-06-28 14:17:30.000000000,BEST_BID,"JPM,99588,249"
2019-06-28 14:17:30.000000000,BEST_ASK,"JPM,100090,100"
2019-06-28 14:17:30.000000000,BEST_BID,"JPM,99588,249"
2019-06-28 14:17:30.000000000,BEST_ASK,"JPM,100090,100"
2019-06-28 14:17:30.000000000,BEST_BID,"JPM,99588,249"
2019-06-28 14:17:30.000000000,BEST_ASK,"JPM,100090,100"
2019-06-28 14:17:30.000000000,BEST_BID,"JPM,99588,249"
2019-06-28 14:17:30.000000000,BEST_ASK,"JPM,100090,100"
2019-06-28 14:17:30.000000000,BEST_BID,"JPM,99588,249"
2019-06-28 14:17:30.000000000,BEST_ASK,"JPM,100090,100"
2019-06-28 14:17:30.000000000,BEST_BID,"JPM,99588,249"
2019-06-28 14:17:30.000000000,BEST_ASK,"JPM,100090,166"
2019-06-28 14:17:30.000000000,BEST_BID,"JPM,99588,249"
2019-06-28 14:17:30.000000000,BEST_ASK,"JPM,100090,166"
2019-06-28 14:17:30.000000000,BEST_BID,"JPM,99588,249"
2019-06-28 14:17:30.000000000,BEST_ASK,"JPM,100090,166"
2019-06-28 14:17:30.000000000,BEST_BID,"JPM,99588,249"
2019-06-28 14:17:30.000000000,BEST_ASK,"JPM,100090,166"
2019-06-28 14:17:30.000000000,BEST_BID,"JPM,99588,249"
2019-06-28 14:17:30.000000000,BEST_ASK,"JPM,100090,166"
2019-06-28 14:17:39.332285581,QUERY_ORDER_STREAM,57
2019-06-28 14:17:39.332285581,QUERY_SPREAD,57
2019-06-28 14:17:39.332285581,BEST_BID,"JPM,99589,100"
2019-06-28 14:17:39.332285581,BEST_ASK,"JPM,100090,166"
2019-06-28 14:17:40.000000000,QUERY_SPREAD,1
2019-06-28 14:17:40.000000000,BEST_BID,"JPM,99589,212"
2019-06-28 14:17:40.000000000,BEST_ASK,"JPM,100090,100"
2019-06-28 14:17:40.000000000,BEST_BID,"JPM,99589,212"
2019-06-28 14:17:40.000000000,BEST_ASK,"JPM,100090,100"
2019-06-28 14:17:40.000000000,BEST_BID,"JPM,99589,212"
2019-06-28 14:17:40.000000000,BEST_ASK,"JPM,100090,100"
2019-06-28 14:17:40.000000000,BEST_BID,"JPM,99589,212"
2019-06-28 14:17:40.000000000,BEST_ASK,"JPM,100090,212"
2019-06-28 14:17:40.000000000,BEST_BID,"JPM,99589,212"
2019-06-28 14:17:40.000000000,BEST_ASK,"JPM,100090,212"
2019-06-28 14:17:40.000000000,BEST_BID,"JPM,99589,212"
2019-06-28 14:17:40.000000000,BEST_ASK,"JPM,100090,212"
2019-06-28 14:17:50.000000000,QUERY_SPREAD,1
2019-06-28 14:17:50.000000000,BEST_BID,"JPM,99589,166"
2019-06-28 14:17:50.000000000,BEST_ASK,"JPM,100090,100"
2019-06-28 14:17:50.000000000,BEST_BID,"JPM,99589,166"
2019-06-28 14:17:50.000000000,BEST_ASK,"JPM,100090,100"
2019-06-28 14:17:50.000000000,BEST_BID,"JPM,99589,166"
2019-06-28 14:17:50.000000000,BEST_ASK,"JPM,100090,100"
2019-06-28 14:17:50.000000000,BEST_BID,"JPM,99589,166"
2019-06-28 14:17:50.000000000,BEST_ASK,"JPM,100090,100"
2019-06-28 14:17:50.000000000,BEST_BID,"JPM,99589,166"
2019-06-28 14:17:50.000000000,BEST_ASK,"JPM,100090,100"
2019-06-28 14:17:50.000000000,BEST_BID,"JPM,99589,166"
2019-06-28 14:17:50.000000000,BEST_ASK,"JPM,100090,166"
2019-06-28 14:17:50.000000000,BEST_BID,"JPM,99589,166"
2019-06-28 14:17:50.000000000,BEST_ASK,"JPM,100090,166"
2019-06-28 14:17:50.000000000,BEST_BID,"JPM,99589,166"
2019-06-28 14:17:50.000000000,BEST_ASK,"JPM,100090,166"
2019-06-28 14:17:50.000000000,BEST_BID,"JPM,99589,166"
2019-06-28 14:17:50.000000000,BEST_ASK,"JPM,100090,166"
2019-06-28 14:17:50.000000000,BEST_BID,"JPM,99589,166"
2019-06-28 14:17:50.000000000,BEST_ASK,"JPM,100090,166"
2019-06-28 14:17:58.029637403,QUERY_SPREAD,25
2019-06-28 14:17:58.029637403,BEST_BID,"JPM,99589,166"
2019-06-28 14:17:58.029637403,BEST_ASK,"JPM,100090,166"
2019-06-28 14:18:00.000000000,QUERY_SPREAD,1
2019-06-28 14:18:00.000000000,BEST_BID,"JPM,99589,428"
2019-06-28 14:18:00.000000000,BEST_ASK,"JPM,100090,100"
2019-06-28 14:18:00.000000000,BEST_BID,"JPM,99589,428"
2019-06-28 14:18:00.000000000,BEST_ASK,"JPM,100090,428"
2019-06-28 14:18:00.000000000,QUERY_SPREAD,77
2019-06-28 14:18:00.000000000,BEST_BID,"JPM,99589,424"
2019-06-28 14:18:00.000000000,BEST_ASK,"JPM,100090,428"
2019-06-28 14:18:00.000000000,LAST_TRADE,"4,$99589.0000"
2019-06-28 14:18:00.000000000,QUERY_SPREAD,78
2019-06-28 14:18:00.000000000,BEST_BID,"JPM,99589,416"
2019-06-28 14:18:00.000000000,BEST_ASK,"JPM,100090,428"
2019-06-28 14:18:00.000000000,LAST_TRADE,"8,$99589.0000"
2019-06-28 14:18:00.000000000,QUERY_SPREAD,79
2019-06-28 14:18:00.000000000,BEST_BID,"JPM,99589,415"
2019-06-28 14:18:00.000000000,BEST_ASK,"JPM,100090,428"
2019-06-28 14:18:00.000000000,LAST_TRADE,"1,$99589.0000"
2019-06-28 14:18:00.000000000,QUERY_SPREAD,80
2019-06-28 14:18:00.000000000,BEST_BID,"JPM,99589,410"
2019-06-28 14:18:00.000000000,BEST_ASK,"JPM,100090,428"
2019-06-28 14:18:00.000000000,LAST_TRADE,"5,$99589.0000"
2019-06-28 14:18:00.000000000,QUERY_SPREAD,81
2019-06-28 14:18:00.000000000,BEST_BID,"JPM,99589,405"
2019-06-28 14:18:00.000000000,BEST_ASK,"JPM,100090,428"
2019-06-28 14:18:00.000000000,LAST_TRADE,"5,$99589.0000"
2019-06-28 14:18:00.000000000,QUERY_SPREAD,82
2019-06-28 14:18:00.000000000,BEST_BID,"JPM,99589,399"
2019-06-28 14:18:00.000000000,BEST_ASK,"JPM,100090,428"
2019-06-28 14:18:00.000000000,LAST_TRADE,"6,$99589.0000"
2019-06-28 14:18:00.000000000,QUERY_SPREAD,83
2019-06-28 14:18:00.000000000,BEST_BID,"JPM,99589,395"
2019-06-28 14:18:00.000000000,BEST_ASK,"JPM,100090,428"
2019-06-28 14:18:00.000000000,LAST_TRADE,"4,$99589.0000"
2019-06-28 14:18:00.000000000,QUERY_SPREAD,84
2019-06-28 14:18:00.000000000,BEST_BID,"JPM,99589,390"
2019-06-28 14:18:00.000000000,BEST_ASK,"JPM,100090,428"
2019-06-28 14:18:00.000000000,LAST_TRADE,"5,$99589.0000"
2019-06-28 14:18:00.000000000,QUERY_SPREAD,85
2019-06-28 14:18:00.000000000,BEST_BID,"JPM,99589,385"
2019-06-28 14:18:00.000000000,BEST_ASK,"JPM,100090,428"
2019-06-28 14:18:00.000000000,LAST_TRADE,"5,$99589.0000"
2019-06-28 14:18:00.000000000,QUERY_SPREAD,86
2019-06-28 14:18:00.000000000,BEST_BID,"JPM,99589,376"
2019-06-28 14:18:00.000000000,BEST_ASK,"JPM,100090,428"
2019-06-28 14:18:00.000000000,LAST_TRADE,"9,$99589.0000"
2019-06-28 14:18:00.000000000,QUERY_SPREAD,87
2019-06-28 14:18:00.000000000,BEST_BID,"JPM,99589,374"
2019-06-28 14:18:00.000000000,BEST_ASK,"JPM,100090,428"
2019-06-28 14:18:00.000000000,LAST_TRADE,"2,$99589.0000"
2019-06-28 14:18:00.000000000,QUERY_SPREAD,88
2019-06-28 14:18:00.000000000,BEST_BID,"JPM,99589,366"
2019-06-28 14:18:00.000000000,BEST_ASK,"JPM,100090,428"
2019-06-28 14:18:00.000000000,LAST_TRADE,"8,$99589.0000"
2019-06-28 14:18:00.000000000,QUERY_SPREAD,89
2019-06-28 14:18:00.000000000,BEST_BID,"JPM,99589,359"
2019-06-28 14:18:00.000000000,BEST_ASK,"JPM,100090,428"
2019-06-28 14:18:00.000000000,LAST_TRADE,"7,$99589.0000"
2019-06-28 14:18:00.000000000,QUERY_SPREAD,90
2019-06-28 14:18:00.000000000,BEST_BID,"JPM,99589,353"
2019-06-28 14:18:00.000000000,BEST_ASK,"JPM,100090,428"
2019-06-28 14:18:00.000000000,LAST_TRADE,"6,$99589.0000"
2019-06-28 14:18:00.000000000,QUERY_SPREAD,91
2019-06-28 14:18:00.000000000,BEST_BID,"JPM,99589,348"
2019-06-28 14:18:00.000000000,BEST_ASK,"JPM,100090,428"
2019-06-28 14:18:00.000000000,LAST_TRADE,"5,$99589.0000"
2019-06-28 14:18:00.000000000,QUERY_SPREAD,92
2019-06-28 14:18:00.000000000,BEST_BID,"JPM,99589,347"
2019-06-28 14:18:00.000000000,BEST_ASK,"JPM,100090,428"
2019-06-28 14:18:00.000000000,LAST_TRADE,"1,$99589.0000"
2019-06-28 14:18:00.000000000,QUERY_SPREAD,93
2019-06-28 14:18:00.000000000,BEST_BID,"JPM,99589,345"
2019-06-28 14:18:00.000000000,BEST_ASK,"JPM,100090,428"
2019-06-28 14:18:00.000000000,LAST_TRADE,"2,$99589.0000"
2019-06-28 14:18:00.000000000,QUERY_SPREAD,94
2019-06-28 14:18:00.000000000,BEST_BID,"JPM,99589,343"
2019-06-28 14:18:00.000000000,BEST_ASK,"JPM,100090,428"
2019-06-28 14:18:00.000000000,LAST_TRADE,"2,$99589.0000"
2019-06-28 14:18:00.000000000,QUERY_SPREAD,95
2019-06-28 14:18:00.000000000,BEST_BID,"JPM,99589,336"
2019-06-28 14:18:00.000000000,BEST_ASK,"JPM,100090,428"
2019-06-28 14:18:00.000000000,LAST_TRADE,"7,$99589.0000"
2019-06-28 14:18:00.000000000,QUERY_SPREAD,96
2019-06-28 14:18:00.000000000,BEST_BID,"JPM,99589,329"
2019-06-28 14:18:00.000000000,BEST_ASK,"JPM,100090,428"
2019-06-28 14:18:00.000000000,LAST_TRADE,"7,$99589.0000"
2019-06-28 14:18:00.000000000,QUERY_SPREAD,97
2019-06-28 14:18:00.000000000,BEST_BID,"JPM,99589,323"
2019-06-28 14:18:00.000000000,BEST_ASK,"JPM,100090,428"
2019-06-28 14:18:00.000000000,LAST_TRADE,"6,$99589.0000"
2019-06-28 14:18:00.000000000,QUERY_SPREAD,98
2019-06-28 14:18:00.000000000,BEST_BID,"JPM,99589,319"
2019-06-28 14:18:00.000000000,BEST_ASK,"JPM,100090,428"
2019-06-28 14:18:00.000000000,LAST_TRADE,"4,$99589.0000"
2019-06-28 14:18:00.000000000,QUERY_SPREAD,99
2019-06-28 14:18:00.000000000,BEST_BID,"JPM,99589,317"
2019-06-28 14:18:00.000000000,BEST_ASK,"JPM,100090,428"
2019-06-28 14:18:00.000000000,LAST_TRADE,"2,$99589.0000"
2019-06-28 14:18:00.000000000,QUERY_SPREAD,100
2019-06-28 14:18:00.000000000,BEST_BID,"JPM,99589,311"
2019-06-28 14:18:00.000000000,BEST_ASK,"JPM,100090,428"
2019-06-28 14:18:00.000000000,LAST_TRADE,"6,$99589.0000"
2019-06-28 14:18:00.000000000,QUERY_SPREAD,101
2019-06-28 14:18:00.000000000,QUERY_ORDER_STREAM,101
2019-06-28 14:18:10.000000000,QUERY_SPREAD,1
2019-06-28 14:18:10.000000000,BEST_BID,"JPM,99588,347"
2019-06-28 14:18:10.000000000,BEST_ASK,"JPM,100090,100"
2019-06-28 14:18:10.000000000,BEST_BID,"JPM,99588,347"
2019-06-28 14:18:10.000000000,BEST_ASK,"JPM,100090,100"
2019-06-28 14:18:10.000000000,BEST_BID,"JPM,99588,347"
2019-06-28 14:18:10.000000000,BEST_ASK,"JPM,100090,264"
2019-06-28 14:18:10.000000000,BEST_BID,"JPM,99588,347"
2019-06-28 14:18:10.000000000,BEST_ASK,"JPM,100090,264"
2019-06-28 14:18:11.993345135,QUERY_SPREAD,31
2019-06-28 14:18:11.993345135,BEST_BID,"JPM,99588,347"
2019-06-28 14:18:11.993345135,BEST_ASK,"JPM,100090,164"
2019-06-28 14:18:11.993345135,LAST_TRADE,"100,$100090.0000"
2019-06-28 14:18:20.000000000,QUERY_SPREAD,1
2019-06-28 14:18:20.000000000,BEST_BID,"JPM,99588,249"
2019-06-28 14:18:20.000000000,BEST_ASK,"JPM,100236,100"
2019-06-28 14:18:20.000000000,BEST_BID,"JPM,99588,249"
2019-06-28 14:18:20.000000000,BEST_ASK,"JPM,100236,100"
2019-06-28 14:18:20.000000000,BEST_BID,"JPM,99588,249"
2019-06-28 14:18:20.000000000,BEST_ASK,"JPM,100236,100"
2019-06-28 14:18:20.000000000,BEST_BID,"JPM,99588,249"
2019-06-28 14:18:20.000000000,BEST_ASK,"JPM,100236,100"
2019-06-28 14:18:20.000000000,BEST_BID,"JPM,99588,249"
2019-06-28 14:18:20.000000000,BEST_ASK,"JPM,100236,100"
2019-06-28 14:18:20.000000000,BEST_BID,"JPM,99588,249"
2019-06-28 14:18:20.000000000,BEST_ASK,"JPM,100236,166"
2019-06-28 14:18:20.000000000,BEST_BID,"JPM,99588,249"
2019-06-28 14:18:20.000000000,BEST_ASK,"JPM,100236,166"
2019-06-28 14:18:20.000000000,BEST_BID,"JPM,99588,249"
2019-06-28 14:18:20.000000000,BEST_ASK,"JPM,100236,166"
2019-06-28 14:18:20.000000000,BEST_BID,"JPM,99588,249"
2019-06-28 14:18:20.000000000,BEST_ASK,"JPM,100236,166"
2019-06-28 14:18:20.000000000,BEST_BID,"JPM,99588,249"
2019-06-28 14:18:20.000000000,BEST_ASK,"JPM,100236,166"
2019-06-28 14:18:26.564932706,QUERY_SPREAD,26
2019-06-28 14:18:26.564932706,BEST_BID,"JPM,99588,249"
2019-06-28 14:18:26.564932706,BEST_ASK,"JPM,100236,166"
2019-06-28 14:18:30.000000000,QUERY_SPREAD,1
2019-06-28 14:18:30.000000000,BEST_BID,"JPM,99588,295"
2019-06-28 14:18:30.000000000,BEST_ASK,"JPM,100236,100"
2019-06-28 14:18:30.000000000,BEST_BID,"JPM,99588,295"
2019-06-28 14:18:30.000000000,BEST_ASK,"JPM,100236,100"
2019-06-28 14:18:30.000000000,BEST_BID,"JPM,99588,295"
2019-06-28 14:18:30.000000000,BEST_ASK,"JPM,100236,100"
2019-06-28 14:18:30.000000000,BEST_BID,"JPM,99588,295"
2019-06-28 14:18:30.000000000,BEST_ASK,"JPM,100236,212"
2019-06-28 14:18:30.000000000,BEST_BID,"JPM,99588,295"
2019-06-28 14:18:30.000000000,BEST_ASK,"JPM,100236,212"
2019-06-28 14:18:30.000000000,BEST_BID,"JPM,99588,295"
2019-06-28 14:18:30.000000000,BEST_ASK,"JPM,100236,212"
2019-06-28 14:18:35.326180852,QUERY_ORDER_STREAM,74
2019-06-28 14:18:35.326180852,QUERY_SPREAD,74
2019-06-28 14:18:35.326180852,BEST_BID,"JPM,99589,100"
2019-06-28 14:18:35.326180852,BEST_ASK,"JPM,100236,212"
2019-06-28 14:18:40.000000000,QUERY_SPREAD,1
2019-06-28 14:18:40.000000000,BEST_BID,"JPM,99589,428"
2019-06-28 14:18:40.000000000,BEST_ASK,"JPM,100236,100"
2019-06-28 14:18:40.000000000,BEST_BID,"JPM,99589,428"
2019-06-28 14:18:40.000000000,BEST_ASK,"JPM,100236,428"
2019-06-28 14:18:46.070677887,QUERY_ORDER_STREAM,65
2019-06-28 14:18:46.070677887,QUERY_SPREAD,65
2019-06-28 14:18:46.925652020,QUERY_ORDER_STREAM,75
2019-06-28 14:18:46.925652020,QUERY_SPREAD,75
2019-06-28 14:18:47.021775527,QUERY_ORDER_STREAM,69
2019-06-28 14:18:47.021775527,QUERY_SPREAD,69
2019-06-28 14:18:50.000000000,QUERY_SPREAD,1
2019-06-28 14:18:50.000000000,BEST_BID,"JPM,99589,166"
2019-06-28 14:18:50.000000000,BEST_ASK,"JPM,100236,100"
2019-06-28 14:18:50.000000000,BEST_BID,"JPM,99589,166"
2019-06-28 14:18:50.000000000,BEST_ASK,"JPM,100236,100"
2019-06-28 14:18:50.000000000,BEST_BID,"JPM,99589,166"
2019-06-28 14:18:50.000000000,BEST_ASK,"JPM,100236,100"
2019-06-28 14:18:50.000000000,BEST_BID,"JPM,99589,166"
2019-06-28 14:18:50.000000000,BEST_ASK,"JPM,100236,100"
2019-06-28 14:18:50.000000000,BEST_BID,"JPM,99589,166"
2019-06-28 14:18:50.000000000,BEST_ASK,"JPM,100236,100"
2019-06-28 14:18:50.000000000,BEST_BID,"JPM,99589,166"
2019-06-28 14:18:50.000000000,BEST_ASK,"JPM,100236,166"
2019-06-28 14:18:50.000000000,BEST_BID,"JPM,99589,166"
2019-06-28 14:18:50.000000000,BEST_ASK,"JPM,100236,166"
2019-06-28 14:18:50.000000000,BEST_BID,"JPM,99589,166"
2019-06-28 14:18:50.000000000,BEST_ASK,"JPM,100236,166"
2019-06-28 14:18:50.000000000,BEST_BID,"JPM,99589,166"
2019-06-28 14:18:50.000000000,BEST_ASK,"JPM,100236,166"
2019-06-28 14:18:50.000000000,BEST_BID,"JPM,99589,166"
2019-06-28 14:18:50.000000000,BEST_ASK,"JPM,100236,166"
2019-06-28 14:19:00.000000000,QUERY_SPREAD,1
2019-06-28 14:19:00.000000000,BEST_BID,"JPM,99589,166"
2019-06-28 14:19:00.000000000,BEST_ASK,"JPM,100236,100"
2019-06-28 14:19:00.000000000,BEST_BID,"JPM,99589,166"
2019-06-28 14:19:00.000000000,BEST_ASK,"JPM,100236,100"
2019-06-28 14:19:00.000000000,BEST_BID,"JPM,99589,166"
2019-06-28 14:19:00.000000000,BEST_ASK,"JPM,100236,100"
2019-06-28 14:19:00.000000000,BEST_BID,"JPM,99589,166"
2019-06-28 14:19:00.000000000,BEST_ASK,"JPM,100236,100"
2019-06-28 14:19:00.000000000,BEST_BID,"JPM,99589,166"
2019-06-28 14:19:00.000000000,BEST_ASK,"JPM,100236,100"
2019-06-28 14:19:00.000000000,BEST_BID,"JPM,99589,166"
2019-06-28 14:19:00.000000000,BEST_ASK,"JPM,100236,166"
2019-06-28 14:19:00.000000000,BEST_BID,"JPM,99589,166"
2019-06-28 14:19:00.000000000,BEST_ASK,"JPM,100236,166"
2019-06-28 14:19:00.000000000,BEST_BID,"JPM,99589,166"
2019-06-28 14:19:00.000000000,BEST_ASK,"JPM,100236,166"
2019-06-28 14:19:00.000000000,BEST_BID,"JPM,99589,166"
2019-06-28 14:19:00.000000000,BEST_ASK,"JPM,100236,166"
2019-06-28 14:19:00.000000000,BEST_BID,"JPM,99589,166"
2019-06-28 14:19:00.000000000,BEST_ASK,"JPM,100236,166"
2019-06-28 14:19:00.000000000,QUERY_SPREAD,77
2019-06-28 14:19:00.000000000,BEST_BID,"JPM,99589,162"
2019-06-28 14:19:00.000000000,BEST_ASK,"JPM,100236,166"
2019-06-28 14:19:00.000000000,LAST_TRADE,"4,$99589.0000"
2019-06-28 14:19:00.000000000,QUERY_SPREAD,78
2019-06-28 14:19:00.000000000,BEST_BID,"JPM,99589,154"
2019-06-28 14:19:00.000000000,BEST_ASK,"JPM,100236,166"
2019-06-28 14:19:00.000000000,LAST_TRADE,"8,$99589.0000"
2019-06-28 14:19:00.000000000,QUERY_SPREAD,79
2019-06-28 14:19:00.000000000,BEST_BID,"JPM,99589,153"
2019-06-28 14:19:00.000000000,BEST_ASK,"JPM,100236,166"
2019-06-28 14:19:00.000000000,LAST_TRADE,"1,$99589.0000"
2019-06-28 14:19:00.000000000,QUERY_SPREAD,80
2019-06-28 14:19:00.000000000,BEST_BID,"JPM,99589,148"
2019-06-28 14:19:00.000000000,BEST_ASK,"JPM,100236,166"
2019-06-28 14:19:00.000000000,LAST_TRADE,"5,$99589.0000"
2019-06-28 14:19:00.000000000,QUERY_SPREAD,81
2019-06-28 14:19:00.000000000,BEST_BID,"JPM,99589,143"
2019-06-28 14:19:00.000000000,BEST_ASK,"JPM,100236,166"
2019-06-28 14:19:00.000000000,LAST_TRADE,"5,$99589.0000"
2019-06-28 14:19:00.000000000,QUERY_SPREAD,82
2019-06-28 14:19:00.000000000,BEST_BID,"JPM,99589,137"
2019-06-28 14:19:00.000000000,BEST_ASK,"JPM,100236,166"
2019-06-28 14:19:00.000000000,LAST_TRADE,"6,$99589.0000"
2019-06-28 14:19:00.000000000,QUERY_SPREAD,83
2019-06-28 14:19:00.000000000,BEST_BID,"JPM,99589,133"
2019-06-28 14:19:00.000000000,BEST_ASK,"JPM,100236,166"
2019-06-28 14:19:00.000000000,LAST_TRADE,"4,$99589.0000"
2019-06-28 14:19:00.000000000,QUERY_SPREAD,84
2019-06-28 14:19:00.000000000,BEST_BID,"JPM,99589,128"
2019-06-28 14:19:00.000000000,BEST_ASK,"JPM,100236,166"
2019-06-28 14:19:00.000000000,LAST_TRADE,"5,$99589.0000"
2019-06-28 14:19:00.000000000,QUERY_SPREAD,85
2019-06-28 14:19:00.000000000,BEST_BID,"JPM,99589,123"
2019-06-28 14:19:00.000000000,BEST_ASK,"JPM,100236,166"
2019-06-28 14:19:00.000000000,LAST_TRADE,"5,$99589.0000"
2019-06-28 14:19:00.000000000,QUERY_SPREAD,86
2019-06-28 14:19:00.000000000,BEST_BID,"JPM,99589,114"
2019-06-28 14:19:00.000000000,BEST_ASK,"JPM,100236,166"
2019-06-28 14:19:00.000000000,LAST_TRADE,"9,$99589.0000"
2019-06-28 14:19:00.000000000,QUERY_SPREAD,87
2019-06-28 14:19:00.000000000,BEST_BID,"JPM,99589,112"
2019-06-28 14:19:00.000000000,BEST_ASK,"JPM,100236,166"
2019-06-28 14:19:00.000000000,LAST_TRADE,"2,$99589.0000"
2019-06-28 14:19:00.000000000,QUERY_SPREAD,88
2019-06-28 14:19:00.000000000,BEST_BID,"JPM,99589,104"
2019-06-28 14:19:00.000000000,BEST_ASK,"JPM,100236,166"
2019-06-28 14:19:00.000000000,LAST_TRADE,"8,$99589.0000"
2019-06-28 14:19:00.000000000,QUERY_SPREAD,89
2019-06-28 14:19:00.000000000,BEST_BID,"JPM,99589,97"
2019-06-28 14:19:00.000000000,BEST_ASK,"JPM,100236,166"
2019-06-28 14:19:00.000000000,LAST_TRADE,"7,$99589.0000"
2019-06-28 14:19:00.000000000,QUERY_SPREAD,90
2019-06-28 14:19:00.000000000,BEST_BID,"JPM,99589,91"
2019-06-28 14:19:00.000000000,BEST_ASK,"JPM,100236,166"
2019-06-28 14:19:00.000000000,LAST_TRADE,"6,$99589.0000"
2019-06-28 14:19:00.000000000,QUERY_SPREAD,91
2019-06-28 14:19:00.000000000,BEST_BID,"JPM,99589,86"
2019-06-28 14:19:00.000000000,BEST_ASK,"JPM,100236,166"
2019-06-28 14:19:00.000000000,LAST_TRADE,"5,$99589.0000"
2019-06-28 14:19:00.000000000,QUERY_SPREAD,92
2019-06-28 14:19:00.000000000,BEST_BID,"JPM,99589,85"
2019-06-28 14:19:00.000000000,BEST_ASK,"JPM,100236,166"
2019-06-28 14:19:00.000000000,LAST_TRADE,"1,$99589.0000"
2019-06-28 14:19:00.000000000,QUERY_SPREAD,93
2019-06-28 14:19:00.000000000,BEST_BID,"JPM,99589,83"
2019-06-28 14:19:00.000000000,BEST_ASK,"JPM,100236,166"
2019-06-28 14:19:00.000000000,LAST_TRADE,"2,$99589.0000"
2019-06-28 14:19:00.000000000,QUERY_SPREAD,94
2019-06-28 14:19:00.000000000,BEST_BID,"JPM,99589,81"
2019-06-28 14:19:00.000000000,BEST_ASK,"JPM,100236,166"
2019-06-28 14:19:00.000000000,LAST_TRADE,"2,$99589.0000"
2019-06-28 14:19:00.000000000,QUERY_SPREAD,95
2019-06-28 14:19:00.000000000,BEST_BID,"JPM,99589,74"
2019-06-28 14:19:00.000000000,BEST_ASK,"JPM,100236,166"
2019-06-28 14:19:00.000000000,LAST_TRADE,"7,$99589.0000"
2019-06-28 14:19:00.000000000,QUERY_SPREAD,96
2019-06-28 14:19:00.000000000,BEST_BID,"JPM,99589,67"
2019-06-28 14:19:00.000000000,BEST_ASK,"JPM,100236,166"
2019-06-28 14:19:00.000000000,LAST_TRADE,"7,$99589.0000"
2019-06-28 14:19:00.000000000,QUERY_SPREAD,97
2019-06-28 14:19:00.000000000,BEST_BID,"JPM,99589,61"
2019-06-28 14:19:00.000000000,BEST_ASK,"JPM,100236,166"
2019-06-28 14:19:00.000000000,LAST_TRADE,"6,$99589.0000"
2019-06-28 14:19:00.000000000,QUERY_SPREAD,98
2019-06-28 14:19:00.000000000,BEST_BID,"JPM,99589,57"
2019-06-28 14:19:00.000000000,BEST_ASK,"JPM,100236,166"
2019-06-28 14:19:00.000000000,LAST_TRADE,"4,$99589.0000"
2019-06-28 14:19:00.000000000,QUERY_SPREAD,99
2019-06-28 14:19:00.000000000,BEST_BID,"JPM,99589,55"
2019-06-28 14:19:00.000000000,BEST_ASK,"JPM,100236,166"
2019-06-28 14:19:00.000000000,LAST_TRADE,"2,$99589.0000"
2019-06-28 14:19:00.000000000,QUERY_SPREAD,100
2019-06-28 14:19:00.000000000,BEST_BID,"JPM,99589,49"
2019-06-28 14:19:00.000000000,BEST_ASK,"JPM,100236,166"
2019-06-28 14:19:00.000000000,LAST_TRADE,"6,$99589.0000"
2019-06-28 14:19:00.000000000,QUERY_SPREAD,101
2019-06-28 14:19:00.000000000,QUERY_ORDER_STREAM,101
2019-06-28 14:19:10.000000000,QUERY_SPREAD,1
2019-06-28 14:19:10.000000000,BEST_BID,"JPM,99588,347"
2019-06-28 14:19:10.000000000,BEST_ASK,"JPM,100236,100"
2019-06-28 14:19:10.000000000,BEST_BID,"JPM,99588,347"
2019-06-28 14:19:10.000000000,BEST_ASK,"JPM,100236,100"
2019-06-28 14:19:10.000000000,BEST_BID,"JPM,99588,347"
2019-06-28 14:19:10.000000000,BEST_ASK,"JPM,100236,264"
2019-06-28 14:19:10.000000000,BEST_BID,"JPM,99588,347"
2019-06-28 14:19:10.000000000,BEST_ASK,"JPM,100236,264"
2019-06-28 14:19:20.000000000,QUERY_SPREAD,1
2019-06-28 14:19:20.000000000,BEST_BID,"JPM,99588,347"
2019-06-28 14:19:20.000000000,BEST_ASK,"JPM,100236,100"
2019-06-28 14:19:20.000000000,BEST_BID,"JPM,99588,347"
2019-06-28 14:19:20.000000000,BEST_ASK,"JPM,100236,100"
2019-06-28 14:19:20.000000000,BEST_BID,"JPM,99588,347"
2019-06-28 14:19:20.000000000,BEST_ASK,"JPM,100236,264"
2019-06-28 14:19:20.000000000,BEST_BID,"JPM,99588,347"
2019-06-28 14:19:20.000000000,BEST_ASK,"JPM,100236,264"
2019-06-28 14:19:20.450242163,QUERY_SPREAD,35
2019-06-28 14:19:20.450242163,BEST_BID,"JPM,99588,347"
2019-06-28 14:19:20.450242163,BEST_ASK,"JPM,100236,164"
2019-06-28 14:19:20.450242163,LAST_TRADE,"100,$100236.0000"
2019-06-28 14:19:24.932223008,QUERY_SPREAD,32
2019-06-28 14:19:24.932223008,BEST_BID,"JPM,99588,347"
2019-06-28 14:19:24.932223008,BEST_ASK,"JPM,100236,164"
2019-06-28 14:19:29.273147566,QUERY_SPREAD,35
2019-06-28 14:19:29.273147566,BEST_BID,"JPM,99588,347"
2019-06-28 14:19:29.273147566,BEST_ASK,"JPM,100236,164"
2019-06-28 14:19:30.000000000,QUERY_SPREAD,1
2019-06-28 14:19:30.000000000,BEST_BID,"JPM,99588,511"
2019-06-28 14:19:30.000000000,BEST_ASK,"JPM,100259,100"
2019-06-28 14:19:30.000000000,BEST_BID,"JPM,99588,511"
2019-06-28 14:19:30.000000000,BEST_ASK,"JPM,100259,428"
2019-06-28 14:19:35.081155202,QUERY_ORDER_STREAM,65
2019-06-28 14:19:35.081155202,QUERY_SPREAD,65
2019-06-28 14:19:35.081155202,BEST_BID,"JPM,99589,100"
2019-06-28 14:19:35.081155202,BEST_ASK,"JPM,100259,428"
2019-06-28 14:19:40.000000000,QUERY_SPREAD,1
2019-06-28 14:19:40.000000000,BEST_BID,"JPM,99589,212"
2019-06-28 14:19:40.000000000,BEST_ASK,"JPM,100259,100"
2019-06-28 14:19:40.000000000,BEST_BID,"JPM,99589,212"
2019-06-28 14:19:40.000000000,BEST_ASK,"JPM,100259,100"
2019-06-28 14:19:40.000000000,BEST_BID,"JPM,99589,212"
2019-06-28 14:19:40.000000000,BEST_ASK,"JPM,100259,100"
2019-06-28 14:19:40.000000000,BEST_BID,"JPM,99589,212"
2019-06-28 14:19:40.000000000,BEST_ASK,"JPM,100259,212"
2019-06-28 14:19:40.000000000,BEST_BID,"JPM,99589,212"
2019-06-28 14:19:40.000000000,BEST_ASK,"JPM,100259,212"
2019-06-28 14:19:40.000000000,BEST_BID,"JPM,99589,212"
2019-06-28 14:19:40.000000000,BEST_ASK,"JPM,100259,212"
2019-06-28 14:19:40.597877834,QUERY_ORDER_STREAM,52
2019-06-28 14:19:40.597877834,QUERY_SPREAD,52
2019-06-28 14:19:40.597877834,BEST_BID,"JPM,99589,312"
2019-06-28 14:19:40.597877834,BEST_ASK,"JPM,100259,212"
2019-06-28 14:19:43.039512179,QUERY_ORDER_STREAM,70
2019-06-28 14:19:43.039512179,QUERY_SPREAD,70
2019-06-28 14:19:43.039512179,BEST_BID,"JPM,99589,412"
2019-06-28 14:19:43.039512179,BEST_ASK,"JPM,100259,212"
2019-06-28 14:19:50.000000000,QUERY_SPREAD,1
2019-06-28 14:19:50.000000000,BEST_BID,"JPM,99589,366"
2019-06-28 14:19:50.000000000,BEST_ASK,"JPM,100259,100"
2019-06-28 14:19:50.000000000,BEST_BID,"JPM,99589,366"
2019-06-28 14:19:50.000000000,BEST_ASK,"JPM,100259,100"
2019-06-28 14:19:50.000000000,BEST_BID,"JPM,99589,366"
2019-06-28 14:19:50.000000000,BEST_ASK,"JPM,100259,100"
2019-06-28 14:19:50.000000000,BEST_BID,"JPM,99589,366"
2019-06-28 14:19:50.000000000,BEST_ASK,"JPM,100259,100"
2019-06-28 14:19:50.000000000,BEST_BID,"JPM,99589,366"
2019-06-28 14:19:50.000000000,BEST_ASK,"JPM,100259,100"
2019-06-28 14:19:50.000000000,BEST_BID,"JPM,99589,366"
2019-06-28 14:19:50.000000000,BEST_ASK,"JPM,100259,166"
2019-06-28 14:19:50.000000000,BEST_BID,"JPM,99589,366"
2019-06-28 14:19:50.000000000,BEST_ASK,"JPM,100259,166"
2019-06-28 14:19:50.000000000,BEST_BID,"JPM,99589,366"
2019-06-28 14:19:50.000000000,BEST_ASK,"JPM,100259,166"
2019-06-28 14:19:50.000000000,BEST_BID,"JPM,99589,366"
2019-06-28 14:19:50.000000000,BEST_ASK,"JPM,100259,166"
2019-06-28 14:19:50.000000000,BEST_BID,"JPM,99589,366"
2019-06-28 14:19:50.000000000,BEST_ASK,"JPM,100259,166"
2019-06-28 14:20:00.000000000,QUERY_SPREAD,1
2019-06-28 14:20:00.000000000,BEST_BID,"JPM,99589,464"
2019-06-28 14:20:00.000000000,BEST_ASK,"JPM,100259,100"
2019-06-28 14:20:00.000000000,BEST_BID,"JPM,99589,464"
2019-06-28 14:20:00.000000000,BEST_ASK,"JPM,100259,100"
2019-06-28 14:20:00.000000000,BEST_BID,"JPM,99589,464"
2019-06-28 14:20:00.000000000,BEST_ASK,"JPM,100259,264"
2019-06-28 14:20:00.000000000,BEST_BID,"JPM,99589,464"
2019-06-28 14:20:00.000000000,BEST_ASK,"JPM,100259,264"
2019-06-28 14:20:00.000000000,QUERY_SPREAD,77
2019-06-28 14:20:00.000000000,BEST_BID,"JPM,99589,460"
2019-06-28 14:20:00.000000000,BEST_ASK,"JPM,100259,264"
2019-06-28 14:20:00.000000000,LAST_TRADE,"4,$99589.0000"
2019-06-28 14:20:00.000000000,QUERY_SPREAD,78
2019-06-28 14:20:00.000000000,BEST_BID,"JPM,99589,452"
2019-06-28 14:20:00.000000000,BEST_ASK,"JPM,100259,264"
2019-06-28 14:20:00.000000000,LAST_TRADE,"8,$99589.0000"
2019-06-28 14:20:00.000000000,QUERY_SPREAD,79
2019-06-28 14:20:00.000000000,BEST_BID,"JPM,99589,451"
2019-06-28 14:20:00.000000000,BEST_ASK,"JPM,100259,264"
2019-06-28 14:20:00.000000000,LAST_TRADE,"1,$99589.0000"
2019-06-28 14:20:00.000000000,QUERY_SPREAD,80
2019-06-28 14:20:00.000000000,BEST_BID,"JPM,99589,446"
2019-06-28 14:20:00.000000000,BEST_ASK,"JPM,100259,264"
2019-06-28 14:20:00.000000000,LAST_TRADE,"5,$99589.0000"
2019-06-28 14:20:00.000000000,QUERY_SPREAD,81
2019-06-28 14:20:00.000000000,BEST_BID,"JPM,99589,441"
2019-06-28 14:20:00.000000000,BEST_ASK,"JPM,100259,264"
2019-06-28 14:20:00.000000000,LAST_TRADE,"5,$99589.0000"
2019-06-28 14:20:00.000000000,QUERY_SPREAD,82
2019-06-28 14:20:00.000000000,BEST_BID,"JPM,99589,435"
2019-06-28 14:20:00.000000000,BEST_ASK,"JPM,100259,264"
2019-06-28 14:20:00.000000000,LAST_TRADE,"6,$99589.0000"
2019-06-28 14:20:00.000000000,QUERY_SPREAD,83
2019-06-28 14:20:00.000000000,BEST_BID,"JPM,99589,431"
2019-06-28 14:20:00.000000000,BEST_ASK,"JPM,100259,264"
2019-06-28 14:20:00.000000000,LAST_TRADE,"4,$99589.0000"
2019-06-28 14:20:00.000000000,QUERY_SPREAD,84
2019-06-28 14:20:00.000000000,BEST_BID,"JPM,99589,426"
2019-06-28 14:20:00.000000000,BEST_ASK,"JPM,100259,264"
2019-06-28 14:20:00.000000000,LAST_TRADE,"5,$99589.0000"
2019-06-28 14:20:00.000000000,QUERY_SPREAD,85
2019-06-28 14:20:00.000000000,BEST_BID,"JPM,99589,421"
2019-06-28 14:20:00.000000000,BEST_ASK,"JPM,100259,264"
2019-06-28 14:20:00.000000000,LAST_TRADE,"5,$99589.0000"
2019-06-28 14:20:00.000000000,QUERY_SPREAD,86
2019-06-28 14:20:00.000000000,BEST_BID,"JPM,99589,412"
2019-06-28 14:20:00.000000000,BEST_ASK,"JPM,100259,264"
2019-06-28 14:20:00.000000000,LAST_TRADE,"9,$99589.0000"
2019-06-28 14:20:00.000000000,QUERY_SPREAD,87
2019-06-28 14:20:00.000000000,BEST_BID,"JPM,99589,410"
2019-06-28 14:20:00.000000000,BEST_ASK,"JPM,100259,264"
2019-06-28 14:20:00.000000000,LAST_TRADE,"2,$99589.0000"
2019-06-28 14:20:00.000000000,QUERY_SPREAD,88
2019-06-28 14:20:00.000000000,BEST_BID,"JPM,99589,402"
2019-06-28 14:20:00.000000000,BEST_ASK,"JPM,100259,264"
2019-06-28 14:20:00.000000000,LAST_TRADE,"8,$99589.0000"
2019-06-28 14:20:00.000000000,QUERY_SPREAD,89
2019-06-28 14:20:00.000000000,BEST_BID,"JPM,99589,395"
2019-06-28 14:20:00.000000000,BEST_ASK,"JPM,100259,264"
2019-06-28 14:20:00.000000000,LAST_TRADE,"7,$99589.0000"
2019-06-28 14:20:00.000000000,QUERY_SPREAD,90
2019-06-28 14:20:00.000000000,BEST_BID,"JPM,99589,389"
2019-06-28 14:20:00.000000000,BEST_ASK,"JPM,100259,264"
2019-06-28 14:20:00.000000000,LAST_TRADE,"6,$99589.0000"
2019-06-28 14:20:00.000000000,QUERY_SPREAD,91
2019-06-28 14:20:00.000000000,BEST_BID,"JPM,99589,384"
2019-06-28 14:20:00.000000000,BEST_ASK,"JPM,100259,264"
2019-06-28 14:20:00.000000000,LAST_TRADE,"5,$99589.0000"
2019-06-28 14:20:00.000000000,QUERY_SPREAD,92
2019-06-28 14:20:00.000000000,BEST_BID,"JPM,99589,383"
2019-06-28 14:20:00.000000000,BEST_ASK,"JPM,100259,264"
2019-06-28 14:20:00.000000000,LAST_TRADE,"1,$99589.0000"
2019-06-28 14:20:00.000000000,QUERY_SPREAD,93
2019-06-28 14:20:00.000000000,BEST_BID,"JPM,99589,381"
2019-06-28 14:20:00.000000000,BEST_ASK,"JPM,100259,264"
2019-06-28 14:20:00.000000000,LAST_TRADE,"2,$99589.0000"
2019-06-28 14:20:00.000000000,QUERY_SPREAD,94
2019-06-28 14:20:00.000000000,BEST_BID,"JPM,99589,379"
2019-06-28 14:20:00.000000000,BEST_ASK,"JPM,100259,264"
2019-06-28 14:20:00.000000000,LAST_TRADE,"2,$99589.0000"
2019-06-28 14:20:00.000000000,QUERY_SPREAD,95
2019-06-28 14:20:00.000000000,BEST_BID,"JPM,99589,372"
2019-06-28 14:20:00.000000000,BEST_ASK,"JPM,100259,264"
2019-06-28 14:20:00.000000000,LAST_TRADE,"7,$99589.0000"
2019-06-28 14:20:00.000000000,QUERY_SPREAD,96
2019-06-28 14:20:00.000000000,BEST_BID,"JPM,99589,365"
2019-06-28 14:20:00.000000000,BEST_ASK,"JPM,100259,264"
2019-06-28 14:20:00.000000000,LAST_TRADE,"7,$99589.0000"
2019-06-28 14:20:00.000000000,QUERY_SPREAD,97
2019-06-28 14:20:00.000000000,BEST_BID,"JPM,99589,359"
2019-06-28 14:20:00.000000000,BEST_ASK,"JPM,100259,264"
2019-06-28 14:20:00.000000000,LAST_TRADE,"6,$99589.0000"
2019-06-28 14:20:00.000000000,QUERY_SPREAD,98
2019-06-28 14:20:00.000000000,BEST_BID,"JPM,99589,355"
2019-06-28 14:20:00.000000000,BEST_ASK,"JPM,100259,264"
2019-06-28 14:20:00.000000000,LAST_TRADE,"4,$99589.0000"
2019-06-28 14:20:00.000000000,QUERY_SPREAD,99
2019-06-28 14:20:00.000000000,BEST_BID,"JPM,99589,353"
2019-06-28 14:20:00.000000000,BEST_ASK,"JPM,100259,264"
2019-06-28 14:20:00.000000000,LAST_TRADE,"2,$99589.0000"
2019-06-28 14:20:00.000000000,QUERY_SPREAD,100
2019-06-28 14:20:00.000000000,BEST_BID,"JPM,99589,347"
2019-06-28 14:20:00.000000000,BEST_ASK,"JPM,100259,264"
2019-06-28 14:20:00.000000000,LAST_TRADE,"6,$99589.0000"
2019-06-28 14:20:00.000000000,QUERY_SPREAD,101
2019-06-28 14:20:00.000000000,QUERY_ORDER_STREAM,101
2019-06-28 14:20:03.372791629,QUERY_SPREAD,33
2019-06-28 14:20:03.372791629,BEST_BID,"JPM,99589,347"
2019-06-28 14:20:03.372791629,BEST_ASK,"JPM,100259,264"
2019-06-28 14:20:10.000000000,QUERY_SPREAD,1
2019-06-28 14:20:10.000000000,BEST_BID,"JPM,99589,295"
2019-06-28 14:20:10.000000000,BEST_ASK,"JPM,100259,100"
2019-06-28 14:20:10.000000000,BEST_BID,"JPM,99589,295"
2019-06-28 14:20:10.000000000,BEST_ASK,"JPM,100259,100"
2019-06-28 14:20:10.000000000,BEST_BID,"JPM,99589,295"
2019-06-28 14:20:10.000000000,BEST_ASK,"JPM,100259,100"
2019-06-28 14:20:10.000000000,BEST_BID,"JPM,99589,295"
2019-06-28 14:20:10.000000000,BEST_ASK,"JPM,100259,212"
2019-06-28 14:20:10.000000000,BEST_BID,"JPM,99589,295"
2019-06-28 14:20:10.000000000,BEST_ASK,"JPM,100259,212"
2019-06-28 14:20:10.000000000,BEST_BID,"JPM,99589,295"
2019-06-28 14:20:10.000000000,BEST_ASK,"JPM,100259,212"
2019-06-28 14:20:14.603423694,QUERY_SPREAD,5
2019-06-28 14:20:14.603423694,BEST_BID,"JPM,99589,295"
2019-06-28 14:20:14.603423694,BEST_ASK,"JPM,100259,212"
2019-06-28 14:20:20.000000000,QUERY_SPREAD,1
2019-06-28 14:20:20.000000000,BEST_BID,"JPM,99589,295"
2019-06-28 14:20:20.000000000,BEST_ASK,"JPM,100259,100"
2019-06-28 14:20:20.000000000,BEST_BID,"JPM,99589,295"
2019-06-28 14:20:20.000000000,BEST_ASK,"JPM,100259,100"
2019-06-28 14:20:20.000000000,BEST_BID,"JPM,99589,295"
2019-06-28 14:20:20.000000000,BEST_ASK,"JPM,100259,100"
2019-06-28 14:20:20.000000000,BEST_BID,"JPM,99589,295"
2019-06-28 14:20:20.000000000,BEST_ASK,"JPM,100259,212"
2019-06-28 14:20:20.000000000,BEST_BID,"JPM,99589,295"
2019-06-28 14:20:20.000000000,BEST_ASK,"JPM,100259,212"
2019-06-28 14:20:20.000000000,BEST_BID,"JPM,99589,295"
2019-06-28 14:20:20.000000000,BEST_ASK,"JPM,100259,212"
2019-06-28 14:20:22.970436775,QUERY_SPREAD,42
2019-06-28 14:20:22.970436775,BEST_BID,"JPM,99589,295"
2019-06-28 14:20:22.970436775,BEST_ASK,"JPM,100259,212"
2019-06-28 14:20:29.191868338,QUERY_SPREAD,43
2019-06-28 14:20:29.191868338,BEST_BID,"JPM,99589,295"
2019-06-28 14:20:29.191868338,BEST_ASK,"JPM,100259,112"
2019-06-28 14:20:29.191868338,LAST_TRADE,"100,$100259.0000"
2019-06-28 14:20:30.000000000,QUERY_SPREAD,1
2019-06-28 14:20:30.000000000,BEST_BID,"JPM,99589,511"
2019-06-28 14:20:30.000000000,BEST_ASK,"JPM,100261,100"
2019-06-28 14:20:30.000000000,BEST_BID,"JPM,99589,511"
2019-06-28 14:20:30.000000000,BEST_ASK,"JPM,100261,428"
2019-06-28 14:20:40.000000000,QUERY_SPREAD,1
2019-06-28 14:20:40.000000000,BEST_BID,"JPM,99589,347"
2019-06-28 14:20:40.000000000,BEST_ASK,"JPM,100261,100"
2019-06-28 14:20:40.000000000,BEST_BID,"JPM,99589,347"
2019-06-28 14:20:40.000000000,BEST_ASK,"JPM,100261,100"
2019-06-28 14:20:40.000000000,BEST_BID,"JPM,99589,347"
2019-06-28 14:20:40.000000000,BEST_ASK,"JPM,100261,264"
2019-06-28 14:20:40.000000000,BEST_BID,"JPM,99589,347"
2019-06-28 14:20:40.000000000,BEST_ASK,"JPM,100261,264"
2019-06-28 14:20:48.480175107,QUERY_ORDER_STREAM,70
2019-06-28 14:20:48.480175107,QUERY_SPREAD,70
2019-06-28 14:20:48.480175107,BEST_BID,"JPM,99590,100"
2019-06-28 14:20:48.480175107,BEST_ASK,"JPM,100261,264"
2019-06-28 14:20:50.000000000,QUERY_SPREAD,1
2019-06-28 14:20:50.000000000,BEST_BID,"JPM,99590,166"
2019-06-28 14:20:50.000000000,BEST_ASK,"JPM,100261,100"
2019-06-28 14:20:50.000000000,BEST_BID,"JPM,99590,166"
2019-06-28 14:20:50.000000000,BEST_ASK,"JPM,100261,100"
2019-06-28 14:20:50.000000000,BEST_BID,"JPM,99590,166"
2019-06-28 14:20:50.000000000,BEST_ASK,"JPM,100261,100"
2019-06-28 14:20:50.000000000,BEST_BID,"JPM,99590,166"
2019-06-28 14:20:50.000000000,BEST_ASK,"JPM,100261,100"
2019-06-28 14:20:50.000000000,BEST_BID,"JPM,99590,166"
2019-06-28 14:20:50.000000000,BEST_ASK,"JPM,100261,100"
2019-06-28 14:20:50.000000000,BEST_BID,"JPM,99590,166"
2019-06-28 14:20:50.000000000,BEST_ASK,"JPM,100261,166"
2019-06-28 14:20:50.000000000,BEST_BID,"JPM,99590,166"
2019-06-28 14:20:50.000000000,BEST_ASK,"JPM,100261,166"
2019-06-28 14:20:50.000000000,BEST_BID,"JPM,99590,166"
2019-06-28 14:20:50.000000000,BEST_ASK,"JPM,100261,166"
2019-06-28 14:20:50.000000000,BEST_BID,"JPM,99590,166"
2019-06-28 14:20:50.000000000,BEST_ASK,"JPM,100261,166"
2019-06-28 14:20:50.000000000,BEST_BID,"JPM,99590,166"
2019-06-28 14:20:50.000000000,BEST_ASK,"JPM,100261,166"
2019-06-28 14:20:51.002752147,QUERY_ORDER_STREAM,76
2019-06-28 14:20:51.002752147,QUERY_SPREAD,76
2019-06-28 14:20:51.002752147,BEST_BID,"JPM,99590,266"
2019-06-28 14:20:51.002752147,BEST_ASK,"JPM,100261,166"
2019-06-28 14:20:59.207655805,QUERY_SPREAD,13
2019-06-28 14:20:59.207655805,BEST_BID,"JPM,100261,34"
2019-06-28 14:20:59.207655805,BEST_ASK,"JPM,100275,166"
2019-06-28 14:20:59.207655805,LAST_TRADE,"66,$100261.0000"
2019-06-28 14:21:00.000000000,QUERY_SPREAD,1
2019-06-28 14:21:00.000000000,BEST_BID,"JPM,100261,146"
2019-06-28 14:21:00.000000000,BEST_ASK,"JPM,100275,100"
2019-06-28 14:21:00.000000000,BEST_BID,"JPM,100261,146"
2019-06-28 14:21:00.000000000,BEST_ASK,"JPM,100275,100"
2019-06-28 14:21:00.000000000,BEST_BID,"JPM,100261,146"
2019-06-28 14:21:00.000000000,BEST_ASK,"JPM,100275,100"
2019-06-28 14:21:00.000000000,BEST_BID,"JPM,100261,146"
2019-06-28 14:21:00.000000000,BEST_ASK,"JPM,100275,212"
2019-06-28 14:21:00.000000000,BEST_BID,"JPM,100261,146"
2019-06-28 14:21:00.000000000,BEST_ASK,"JPM,100275,212"
2019-06-28 14:21:00.000000000,BEST_BID,"JPM,100261,146"
2019-06-28 14:21:00.000000000,BEST_ASK,"JPM,100275,212"
2019-06-28 14:21:00.000000000,QUERY_SPREAD,77
2019-06-28 14:21:00.000000000,BEST_BID,"JPM,100261,142"
2019-06-28 14:21:00.000000000,BEST_ASK,"JPM,100275,212"
2019-06-28 14:21:00.000000000,LAST_TRADE,"4,$100261.0000"
2019-06-28 14:21:00.000000000,QUERY_SPREAD,78
2019-06-28 14:21:00.000000000,BEST_BID,"JPM,100261,134"
2019-06-28 14:21:00.000000000,BEST_ASK,"JPM,100275,212"
2019-06-28 14:21:00.000000000,LAST_TRADE,"8,$100261.0000"
2019-06-28 14:21:00.000000000,QUERY_SPREAD,79
2019-06-28 14:21:00.000000000,BEST_BID,"JPM,100261,133"
2019-06-28 14:21:00.000000000,BEST_ASK,"JPM,100275,212"
2019-06-28 14:21:00.000000000,LAST_TRADE,"1,$100261.0000"
2019-06-28 14:21:00.000000000,QUERY_SPREAD,80
2019-06-28 14:21:00.000000000,BEST_BID,"JPM,100261,128"
2019-06-28 14:21:00.000000000,BEST_ASK,"JPM,100275,212"
2019-06-28 14:21:00.000000000,LAST_TRADE,"5,$100261.0000"
2019-06-28 14:21:00.000000000,QUERY_SPREAD,81
2019-06-28 14:21:00.000000000,BEST_BID,"JPM,100261,123"
2019-06-28 14:21:00.000000000,BEST_ASK,"JPM,100275,212"
2019-06-28 14:21:00.000000000,LAST_TRADE,"5,$100261.0000"
2019-06-28 14:21:00.000000000,QUERY_SPREAD,82
2019-06-28 14:21:00.000000000,BEST_BID,"JPM,100261,117"
2019-06-28 14:21:00.000000000,BEST_ASK,"JPM,100275,212"
2019-06-28 14:21:00.000000000,LAST_TRADE,"6,$100261.0000"
2019-06-28 14:21:00.000000000,QUERY_SPREAD,83
2019-06-28 14:21:00.000000000,BEST_BID,"JPM,100261,113"
2019-06-28 14:21:00.000000000,BEST_ASK,"JPM,100275,212"
2019-06-28 14:21:00.000000000,LAST_TRADE,"4,$100261.0000"
2019-06-28 14:21:00.000000000,QUERY_SPREAD,84
2019-06-28 14:21:00.000000000,BEST_BID,"JPM,100261,108"
2019-06-28 14:21:00.000000000,BEST_ASK,"JPM,100275,212"
2019-06-28 14:21:00.000000000,LAST_TRADE,"5,$100261.0000"
2019-06-28 14:21:00.000000000,QUERY_SPREAD,85
2019-06-28 14:21:00.000000000,BEST_BID,"JPM,100261,103"
2019-06-28 14:21:00.000000000,BEST_ASK,"JPM,100275,212"
2019-06-28 14:21:00.000000000,LAST_TRADE,"5,$100261.0000"
2019-06-28 14:21:00.000000000,QUERY_SPREAD,86
2019-06-28 14:21:00.000000000,BEST_BID,"JPM,100261,94"
2019-06-28 14:21:00.000000000,BEST_ASK,"JPM,100275,212"
2019-06-28 14:21:00.000000000,LAST_TRADE,"9,$100261.0000"
2019-06-28 14:21:00.000000000,QUERY_SPREAD,87
2019-06-28 14:21:00.000000000,BEST_BID,"JPM,100261,92"
2019-06-28 14:21:00.000000000,BEST_ASK,"JPM,100275,212"
2019-06-28 14:21:00.000000000,LAST_TRADE,"2,$100261.0000"
2019-06-28 14:21:00.000000000,QUERY_SPREAD,88
2019-06-28 14:21:00.000000000,BEST_BID,"JPM,100261,84"
2019-06-28 14:21:00.000000000,BEST_ASK,"JPM,100275,212"
2019-06-28 14:21:00.000000000,LAST_TRADE,"8,$100261.0000"
2019-06-28 14:21:00.000000000,QUERY_SPREAD,89
2019-06-28 14:21:00.000000000,BEST_BID,"JPM,100261,77"
2019-06-28 14:21:00.000000000,BEST_ASK,"JPM,100275,212"
2019-06-28 14:21:00.000000000,LAST_TRADE,"7,$100261.0000"
2019-06-28 14:21:00.000000000,QUERY_SPREAD,90
2019-06-28 14:21:00.000000000,BEST_BID,"JPM,100261,71"
2019-06-28 14:21:00.000000000,BEST_ASK,"JPM,100275,212"
2019-06-28 14:21:00.000000000,LAST_TRADE,"6,$100261.0000"
2019-06-28 14:21:00.000000000,QUERY_SPREAD,91
2019-06-28 14:21:00.000000000,BEST_BID,"JPM,100261,66"
2019-06-28 14:21:00.000000000,BEST_ASK,"JPM,100275,212"
2019-06-28 14:21:00.000000000,LAST_TRADE,"5,$100261.0000"
2019-06-28 14:21:00.000000000,QUERY_SPREAD,92
2019-06-28 14:21:00.000000000,BEST_BID,"JPM,100261,65"
2019-06-28 14:21:00.000000000,BEST_ASK,"JPM,100275,212"
2019-06-28 14:21:00.000000000,LAST_TRADE,"1,$100261.0000"
2019-06-28 14:21:00.000000000,QUERY_SPREAD,93
2019-06-28 14:21:00.000000000,BEST_BID,"JPM,100261,63"
2019-06-28 14:21:00.000000000,BEST_ASK,"JPM,100275,212"
2019-06-28 14:21:00.000000000,LAST_TRADE,"2,$100261.0000"
2019-06-28 14:21:00.000000000,QUERY_SPREAD,94
2019-06-28 14:21:00.000000000,BEST_BID,"JPM,100261,61"
2019-06-28 14:21:00.000000000,BEST_ASK,"JPM,100275,212"
2019-06-28 14:21:00.000000000,LAST_TRADE,"2,$100261.0000"
2019-06-28 14:21:00.000000000,QUERY_SPREAD,95
2019-06-28 14:21:00.000000000,BEST_BID,"JPM,100261,54"
2019-06-28 14:21:00.000000000,BEST_ASK,"JPM,100275,212"
2019-06-28 14:21:00.000000000,LAST_TRADE,"7,$100261.0000"
2019-06-28 14:21:00.000000000,QUERY_SPREAD,96
2019-06-28 14:21:00.000000000,BEST_BID,"JPM,100261,47"
2019-06-28 14:21:00.000000000,BEST_ASK,"JPM,100275,212"
2019-06-28 14:21:00.000000000,LAST_TRADE,"7,$100261.0000"
2019-06-28 14:21:00.000000000,QUERY_SPREAD,97
2019-06-28 14:21:00.000000000,BEST_BID,"JPM,100261,41"
2019-06-28 14:21:00.000000000,BEST_ASK,"JPM,100275,212"
2019-06-28 14:21:00.000000000,LAST_TRADE,"6,$100261.0000"
2019-06-28 14:21:00.000000000,QUERY_SPREAD,98
2019-06-28 14:21:00.000000000,BEST_BID,"JPM,100261,37"
2019-06-28 14:21:00.000000000,BEST_ASK,"JPM,100275,212"
2019-06-28 14:21:00.000000000,LAST_TRADE,"4,$100261.0000"
2019-06-28 14:21:00.000000000,QUERY_SPREAD,99
2019-06-28 14:21:00.000000000,BEST_BID,"JPM,100261,35"
2019-06-28 14:21:00.000000000,BEST_ASK,"JPM,100275,212"
2019-06-28 14:21:00.000000000,LAST_TRADE,"2,$100261.0000"
2019-06-28 14:21:00.000000000,QUERY_SPREAD,100
2019-06-28 14:21:00.000000000,BEST_BID,"JPM,100261,29"
2019-06-28 14:21:00.000000000,BEST_ASK,"JPM,100275,212"
2019-06-28 14:21:00.000000000,LAST_TRADE,"6,$100261.0000"
2019-06-28 14:21:00.000000000,QUERY_SPREAD,101
2019-06-28 14:21:00.000000000,QUERY_ORDER_STREAM,101
2019-06-28 14:21:10.000000000,QUERY_SPREAD,1
2019-06-28 14:21:10.000000000,BEST_BID,"JPM,99590,266"
2019-06-28 14:21:10.000000000,BEST_ASK,"JPM,100275,100"
2019-06-28 14:21:10.000000000,BEST_BID,"JPM,99590,266"
2019-06-28 14:21:10.000000000,BEST_ASK,"JPM,100275,100"
2019-06-28 14:21:10.000000000,BEST_BID,"JPM,99590,266"
2019-06-28 14:21:10.000000000,BEST_ASK,"JPM,100275,100"
2019-06-28 14:21:10.000000000,BEST_BID,"JPM,99590,266"
2019-06-28 14:21:10.000000000,BEST_ASK,"JPM,100275,100"
2019-06-28 14:21:10.000000000,BEST_BID,"JPM,99590,266"
2019-06-28 14:21:10.000000000,BEST_ASK,"JPM,100275,100"
2019-06-28 14:21:10.000000000,BEST_BID,"JPM,99590,266"
2019-06-28 14:21:10.000000000,BEST_ASK,"JPM,100275,166"
2019-06-28 14:21:10.000000000,BEST_BID,"JPM,99590,266"
2019-06-28 14:21:10.000000000,BEST_ASK,"JPM,100275,166"
2019-06-28 14:21:10.000000000,BEST_BID,"JPM,99590,266"
2019-06-28 14:21:10.000000000,BEST_ASK,"JPM,100275,166"
2019-06-28 14:21:10.000000000,BEST_BID,"JPM,99590,266"
2019-06-28 14:21:10.000000000,BEST_ASK,"JPM,100275,166"
2019-06-28 14:21:10.000000000,BEST_BID,"JPM,99590,266"
2019-06-28 14:21:10.000000000,BEST_ASK,"JPM,100275,166"
2019-06-28 14:21:20.000000000,QUERY_SPREAD,1
2019-06-28 14:21:20.000000000,BEST_BID,"JPM,99590,528"
2019-06-28 14:21:20.000000000,BEST_ASK,"JPM,100275,100"
2019-06-28 14:21:20.000000000,BEST_BID,"JPM,99590,528"
2019-06-28 14:21:20.000000000,BEST_ASK,"JPM,100275,428"
2019-06-28 14:21:30.000000000,QUERY_SPREAD,1
2019-06-28 14:21:30.000000000,BEST_BID,"JPM,99590,528"
2019-06-28 14:21:30.000000000,BEST_ASK,"JPM,100275,100"
2019-06-28 14:21:30.000000000,BEST_BID,"JPM,99590,528"
2019-06-28 14:21:30.000000000,BEST_ASK,"JPM,100275,428"
2019-06-28 14:21:35.143901896,QUERY_ORDER_STREAM,65
2019-06-28 14:21:35.143901896,QUERY_SPREAD,65
2019-06-28 14:21:35.143901896,BEST_BID,"JPM,100261,100"
2019-06-28 14:21:35.143901896,BEST_ASK,"JPM,100275,428"
2019-06-28 14:21:40.000000000,QUERY_SPREAD,1
2019-06-28 14:21:40.000000000,BEST_BID,"JPM,100261,428"
2019-06-28 14:21:40.000000000,BEST_ASK,"JPM,100275,100"
2019-06-28 14:21:40.000000000,BEST_BID,"JPM,100261,428"
2019-06-28 14:21:40.000000000,BEST_ASK,"JPM,100275,428"
2019-06-28 14:21:50.000000000,QUERY_SPREAD,1
2019-06-28 14:21:50.000000000,BEST_BID,"JPM,100261,264"
2019-06-28 14:21:50.000000000,BEST_ASK,"JPM,100275,100"
2019-06-28 14:21:50.000000000,BEST_BID,"JPM,100261,264"
2019-06-28 14:21:50.000000000,BEST_ASK,"JPM,100275,100"
2019-06-28 14:21:50.000000000,BEST_BID,"JPM,100261,264"
2019-06-28 14:21:50.000000000,BEST_ASK,"JPM,100275,264"
2019-06-28 14:21:50.000000000,BEST_BID,"JPM,100261,264"
2019-06-28 14:21:50.000000000,BEST_ASK,"JPM,100275,264"
2019-06-28 14:21:52.167482871,QUERY_SPREAD,32
2019-06-28 14:21:52.167482871,BEST_BID,"JPM,100261,164"
2019-06-28 14:21:52.167482871,BEST_ASK,"JPM,100275,264"
2019-06-28 14:21:52.167482871,LAST_TRADE,"100,$100261.0000"
2019-06-28 14:21:53.451160279,QUERY_SPREAD,49
2019-06-28 14:21:53.451160279,BEST_BID,"JPM,100261,164"
2019-06-28 14:21:53.451160279,BEST_ASK,"JPM,100275,264"
2019-06-28 14:22:00.000000000,QUERY_SPREAD,1
2019-06-28 14:22:00.000000000,BEST_BID,"JPM,99948,166"
2019-06-28 14:22:00.000000000,BEST_ASK,"JPM,100275,100"
2019-06-28 14:22:00.000000000,BEST_BID,"JPM,99948,166"
2019-06-28 14:22:00.000000000,BEST_ASK,"JPM,100275,100"
2019-06-28 14:22:00.000000000,BEST_BID,"JPM,99948,166"
2019-06-28 14:22:00.000000000,BEST_ASK,"JPM,100275,100"
2019-06-28 14:22:00.000000000,BEST_BID,"JPM,99948,166"
2019-06-28 14:22:00.000000000,BEST_ASK,"JPM,100275,100"
2019-06-28 14:22:00.000000000,BEST_BID,"JPM,99948,166"
2019-06-28 14:22:00.000000000,BEST_ASK,"JPM,100275,100"
2019-06-28 14:22:00.000000000,BEST_BID,"JPM,99948,166"
2019-06-28 14:22:00.000000000,BEST_ASK,"JPM,100275,166"
2019-06-28 14:22:00.000000000,BEST_BID,"JPM,99948,166"
2019-06-28 14:22:00.000000000,BEST_ASK,"JPM,100275,166"
2019-06-28 14:22:00.000000000,BEST_BID,"JPM,99948,166"
2019-06-28 14:22:00.000000000,BEST_ASK,"JPM,100275,166"
2019-06-28 14:22:00.000000000,BEST_BID,"JPM,99948,166"
2019-06-28 14:22:00.000000000,BEST_ASK,"JPM,100275,166"
2019-06-28 14:22:00.000000000,BEST_BID,"JPM,99948,166"
2019-06-28 14:22:00.000000000,BEST_ASK,"JPM,100275,166"
2019-06-28 14:22:00.000000000,QUERY_SPREAD,77
2019-06-28 14:22:00.000000000,BEST_BID,"JPM,99948,162"
2019-06-28 14:22:00.000000000,BEST_ASK,"JPM,100275,166"
2019-06-28 14:22:00.000000000,LAST_TRADE,"4,$99948.0000"
2019-06-28 14:22:00.000000000,QUERY_SPREAD,78
2019-06-28 14:22:00.000000000,BEST_BID,"JPM,99948,154"
2019-06-28 14:22:00.000000000,BEST_ASK,"JPM,100275,166"
2019-06-28 14:22:00.000000000,LAST_TRADE,"8,$99948.0000"
2019-06-28 14:22:00.000000000,QUERY_SPREAD,79
2019-06-28 14:22:00.000000000,BEST_BID,"JPM,99948,153"
2019-06-28 14:22:00.000000000,BEST_ASK,"JPM,100275,166"
2019-06-28 14:22:00.000000000,LAST_TRADE,"1,$99948.0000"
2019-06-28 14:22:00.000000000,QUERY_SPREAD,80
2019-06-28 14:22:00.000000000,BEST_BID,"JPM,99948,148"
2019-06-28 14:22:00.000000000,BEST_ASK,"JPM,100275,166"
2019-06-28 14:22:00.000000000,LAST_TRADE,"5,$99948.0000"
2019-06-28 14:22:00.000000000,QUERY_SPREAD,81
2019-06-28 14:22:00.000000000,BEST_BID,"JPM,99948,143"
2019-06-28 14:22:00.000000000,BEST_ASK,"JPM,100275,166"
2019-06-28 14:22:00.000000000,LAST_TRADE,"5,$99948.0000"
2019-06-28 14:22:00.000000000,QUERY_SPREAD,82
2019-06-28 14:22:00.000000000,BEST_BID,"JPM,99948,137"
2019-06-28 14:22:00.000000000,BEST_ASK,"JPM,100275,166"
2019-06-28 14:22:00.000000000,LAST_TRADE,"6,$99948.0000"
2019-06-28 14:22:00.000000000,QUERY_SPREAD,83
2019-06-28 14:22:00.000000000,BEST_BID,"JPM,99948,133"
2019-06-28 14:22:00.000000000,BEST_ASK,"JPM,100275,166"
2019-06-28 14:22:00.000000000,LAST_TRADE,"4,$99948.0000"
2019-06-28 14:22:00.000000000,QUERY_SPREAD,84
2019-06-28 14:22:00.000000000,BEST_BID,"JPM,99948,128"
2019-06-28 14:22:00.000000000,BEST_ASK,"JPM,100275,166"
2019-06-28 14:22:00.000000000,LAST_TRADE,"5,$99948.0000"
2019-06-28 14:22:00.000000000,QUERY_SPREAD,85
2019-06-28 14:22:00.000000000,BEST_BID,"JPM,99948,123"
2019-06-28 14:22:00.000000000,BEST_ASK,"JPM,100275,166"
2019-06-28 14:22:00.000000000,LAST_TRADE,"5,$99948.0000"
2019-06-28 14:22:00.000000000,QUERY_SPREAD,86
2019-06-28 14:22:00.000000000,BEST_BID,"JPM,99948,114"
2019-06-28 14:22:00.000000000,BEST_ASK,"JPM,100275,166"
2019-06-28 14:22:00.000000000,LAST_TRADE,"9,$99948.0000"
2019-06-28 14:22:00.000000000,QUERY_SPREAD,87
2019-06-28 14:22:00.000000000,BEST_BID,"JPM,99948,112"
2019-06-28 14:22:00.000000000,BEST_ASK,"JPM,100275,166"
2019-06-28 14:22:00.000000000,LAST_TRADE,"2,$99948.0000"
2019-06-28 14:22:00.000000000,QUERY_SPREAD,88
2019-06-28 14:22:00.000000000,BEST_BID,"JPM,99948,104"
2019-06-28 14:22:00.000000000,BEST_ASK,"JPM,100275,166"
2019-06-28 14:22:00.000000000,LAST_TRADE,"8,$99948.0000"
2019-06-28 14:22:00.000000000,QUERY_SPREAD,89
2019-06-28 14:22:00.000000000,BEST_BID,"JPM,99948,97"
2019-06-28 14:22:00.000000000,BEST_ASK,"JPM,100275,166"
2019-06-28 14:22:00.000000000,LAST_TRADE,"7,$99948.0000"
2019-06-28 14:22:00.000000000,QUERY_SPREAD,90
2019-06-28 14:22:00.000000000,BEST_BID,"JPM,99948,91"
2019-06-28 14:22:00.000000000,BEST_ASK,"JPM,100275,166"
2019-06-28 14:22:00.000000000,LAST_TRADE,"6,$99948.0000"
2019-06-28 14:22:00.000000000,QUERY_SPREAD,91
2019-06-28 14:22:00.000000000,BEST_BID,"JPM,99948,86"
2019-06-28 14:22:00.000000000,BEST_ASK,"JPM,100275,166"
2019-06-28 14:22:00.000000000,LAST_TRADE,"5,$99948.0000"
2019-06-28 14:22:00.000000000,QUERY_SPREAD,92
2019-06-28 14:22:00.000000000,BEST_BID,"JPM,99948,85"
2019-06-28 14:22:00.000000000,BEST_ASK,"JPM,100275,166"
2019-06-28 14:22:00.000000000,LAST_TRADE,"1,$99948.0000"
2019-06-28 14:22:00.000000000,QUERY_SPREAD,93
2019-06-28 14:22:00.000000000,BEST_BID,"JPM,99948,83"
2019-06-28 14:22:00.000000000,BEST_ASK,"JPM,100275,166"
2019-06-28 14:22:00.000000000,LAST_TRADE,"2,$99948.0000"
2019-06-28 14:22:00.000000000,QUERY_SPREAD,94
2019-06-28 14:22:00.000000000,BEST_BID,"JPM,99948,81"
2019-06-28 14:22:00.000000000,BEST_ASK,"JPM,100275,166"
2019-06-28 14:22:00.000000000,LAST_TRADE,"2,$99948.0000"
2019-06-28 14:22:00.000000000,QUERY_SPREAD,95
2019-06-28 14:22:00.000000000,BEST_BID,"JPM,99948,74"
2019-06-28 14:22:00.000000000,BEST_ASK,"JPM,100275,166"
2019-06-28 14:22:00.000000000,LAST_TRADE,"7,$99948.0000"
2019-06-28 14:22:00.000000000,QUERY_SPREAD,96
2019-06-28 14:22:00.000000000,BEST_BID,"JPM,99948,67"
2019-06-28 14:22:00.000000000,BEST_ASK,"JPM,100275,166"
2019-06-28 14:22:00.000000000,LAST_TRADE,"7,$99948.0000"
2019-06-28 14:22:00.000000000,QUERY_SPREAD,97
2019-06-28 14:22:00.000000000,BEST_BID,"JPM,99948,61"
2019-06-28 14:22:00.000000000,BEST_ASK,"JPM,100275,166"
2019-06-28 14:22:00.000000000,LAST_TRADE,"6,$99948.0000"
2019-06-28 14:22:00.000000000,QUERY_SPREAD,98
2019-06-28 14:22:00.000000000,BEST_BID,"JPM,99948,57"
2019-06-28 14:22:00.000000000,BEST_ASK,"JPM,100275,166"
2019-06-28 14:22:00.000000000,LAST_TRADE,"4,$99948.0000"
2019-06-28 14:22:00.000000000,QUERY_SPREAD,99
2019-06-28 14:22:00.000000000,BEST_BID,"JPM,99948,55"
2019-06-28 14:22:00.000000000,BEST_ASK,"JPM,100275,166"
2019-06-28 14:22:00.000000000,LAST_TRADE,"2,$99948.0000"
2019-06-28 14:22:00.000000000,QUERY_SPREAD,100
2019-06-28 14:22:00.000000000,BEST_BID,"JPM,99948,49"
2019-06-28 14:22:00.000000000,BEST_ASK,"JPM,100275,166"
2019-06-28 14:22:00.000000000,LAST_TRADE,"6,$99948.0000"
2019-06-28 14:22:00.000000000,QUERY_SPREAD,101
2019-06-28 14:22:00.000000000,QUERY_ORDER_STREAM,101
2019-06-28 14:22:03.881990386,QUERY_SPREAD,9
2019-06-28 14:22:03.881990386,BEST_BID,"JPM,100070,100"
2019-06-28 14:22:03.881990386,BEST_ASK,"JPM,100275,166"
2019-06-28 14:22:07.396676854,QUERY_SPREAD,43
2019-06-28 14:22:07.396676854,BEST_BID,"JPM,100070,100"
2019-06-28 14:22:07.396676854,BEST_ASK,"JPM,100275,166"
2019-06-28 14:22:10.000000000,QUERY_SPREAD,1
2019-06-28 14:22:10.000000000,BEST_BID,"JPM,100070,182"
2019-06-28 14:22:10.000000000,BEST_ASK,"JPM,100275,100"
2019-06-28 14:22:10.000000000,BEST_BID,"JPM,100070,182"
2019-06-28 14:22:10.000000000,BEST_ASK,"JPM,100275,100"
2019-06-28 14:22:10.000000000,BEST_BID,"JPM,100070,182"
2019-06-28 14:22:10.000000000,BEST_ASK,"JPM,100275,100"
2019-06-28 14:22:10.000000000,BEST_BID,"JPM,100070,182"
2019-06-28 14:22:10.000000000,BEST_ASK,"JPM,100275,100"
2019-06-28 14:22:10.000000000,BEST_BID,"JPM,100070,182"
2019-06-28 14:22:10.000000000,BEST_ASK,"JPM,100275,182"
2019-06-28 14:22:10.000000000,BEST_BID,"JPM,100070,182"
2019-06-28 14:22:10.000000000,BEST_ASK,"JPM,100275,182"
2019-06-28 14:22:10.000000000,BEST_BID,"JPM,100070,182"
2019-06-28 14:22:10.000000000,BEST_ASK,"JPM,100275,182"
2019-06-28 14:22:10.000000000,BEST_BID,"JPM,100070,182"
2019-06-28 14:22:10.000000000,BEST_ASK,"JPM,100275,182"
2019-06-28 14:22:20.000000000,QUERY_SPREAD,1
2019-06-28 14:22:20.000000000,BEST_BID,"JPM,100070,212"
2019-06-28 14:22:20.000000000,BEST_ASK,"JPM,100275,100"
2019-06-28 14:22:20.000000000,BEST_BID,"JPM,100070,212"
2019-06-28 14:22:20.000000000,BEST_ASK,"JPM,100275,100"
2019-06-28 14:22:20.000000000,BEST_BID,"JPM,100070,212"
2019-06-28 14:22:20.000000000,BEST_ASK,"JPM,100275,100"
2019-06-28 14:22:20.000000000,BEST_BID,"JPM,100070,212"
2019-06-28 14:22:20.000000000,BEST_ASK,"JPM,100275,212"
2019-06-28 14:22:20.000000000,BEST_BID,"JPM,100070,212"
2019-06-28 14:22:20.000000000,BEST_ASK,"JPM,100275,212"
2019-06-28 14:22:20.000000000,BEST_BID,"JPM,100070,212"
2019-06-28 14:22:20.000000000,BEST_ASK,"JPM,100275,212"
2019-06-28 14:22:30.000000000,QUERY_SPREAD,1
2019-06-28 14:22:30.000000000,BEST_BID,"JPM,100070,264"
2019-06-28 14:22:30.000000000,BEST_ASK,"JPM,100275,100"
2019-06-28 14:22:30.000000000,BEST_BID,"JPM,100070,264"
2019-06-28 14:22:30.000000000,BEST_ASK,"JPM,100275,100"
2019-06-28 14:22:30.000000000,BEST_BID,"JPM,100070,264"
2019-06-28 14:22:30.000000000,BEST_ASK,"JPM,100275,264"
2019-06-28 14:22:30.000000000,BEST_BID,"JPM,100070,264"
2019-06-28 14:22:30.000000000,BEST_ASK,"JPM,100275,264"
2019-06-28 14:22:34.605530535,QUERY_ORDER_STREAM,67
2019-06-28 14:22:34.605530535,QUERY_SPREAD,67
2019-06-28 14:22:34.605530535,BEST_BID,"JPM,100070,264"
2019-06-28 14:22:34.605530535,BEST_ASK,"JPM,100275,264"
2019-06-28 14:22:36.774239844,QUERY_SPREAD,19
2019-06-28 14:22:36.774239844,BEST_BID,"JPM,100193,100"
2019-06-28 14:22:36.774239844,BEST_ASK,"JPM,100275,264"
2019-06-28 14:22:40.000000000,QUERY_SPREAD,1
2019-06-28 14:22:40.000000000,BEST_BID,"JPM,100193,166"
2019-06-28 14:22:40.000000000,BEST_ASK,"JPM,100275,100"
2019-06-28 14:22:40.000000000,BEST_BID,"JPM,100193,166"
2019-06-28 14:22:40.000000000,BEST_ASK,"JPM,100275,100"
2019-06-28 14:22:40.000000000,BEST_BID,"JPM,100193,166"
2019-06-28 14:22:40.000000000,BEST_ASK,"JPM,100275,100"
2019-06-28 14:22:40.000000000,BEST_BID,"JPM,100193,166"
2019-06-28 14:22:40.000000000,BEST_ASK,"JPM,100275,100"
2019-06-28 14:22:40.000000000,BEST_BID,"JPM,100193,166"
2019-06-28 14:22:40.000000000,BEST_ASK,"JPM,100275,100"
2019-06-28 14:22:40.000000000,BEST_BID,"JPM,100193,166"
2019-06-28 14:22:40.000000000,BEST_ASK,"JPM,100275,166"
2019-06-28 14:22:40.000000000,BEST_BID,"JPM,100193,166"
2019-06-28 14:22:40.000000000,BEST_ASK,"JPM,100275,166"
2019-06-28 14:22:40.000000000,BEST_BID,"JPM,100193,166"
2019-06-28 14:22:40.000000000,BEST_ASK,"JPM,100275,166"
2019-06-28 14:22:40.000000000,BEST_BID,"JPM,100193,166"
2019-06-28 14:22:40.000000000,BEST_ASK,"JPM,100275,166"
2019-06-28 14:22:40.000000000,BEST_BID,"JPM,100193,166"
2019-06-28 14:22:40.000000000,BEST_ASK,"JPM,100275,166"
2019-06-28 14:22:43.581495752,QUERY_SPREAD,23
2019-06-28 14:22:43.581495752,BEST_BID,"JPM,100193,166"
2019-06-28 14:22:43.581495752,BEST_ASK,"JPM,100275,166"
2019-06-28 14:22:50.000000000,QUERY_SPREAD,1
2019-06-28 14:22:50.000000000,BEST_BID,"JPM,100193,182"
2019-06-28 14:22:50.000000000,BEST_ASK,"JPM,100275,100"
2019-06-28 14:22:50.000000000,BEST_BID,"JPM,100193,182"
2019-06-28 14:22:50.000000000,BEST_ASK,"JPM,100275,100"
2019-06-28 14:22:50.000000000,BEST_BID,"JPM,100193,182"
2019-06-28 14:22:50.000000000,BEST_ASK,"JPM,100275,100"
2019-06-28 14:22:50.000000000,BEST_BID,"JPM,100193,182"
2019-06-28 14:22:50.000000000,BEST_ASK,"JPM,100275,100"
2019-06-28 14:22:50.000000000,BEST_BID,"JPM,100193,182"
2019-06-28 14:22:50.000000000,BEST_ASK,"JPM,100275,182"
2019-06-28 14:22:50.000000000,BEST_BID,"JPM,100193,182"
2019-06-28 14:22:50.000000000,BEST_ASK,"JPM,100275,182"
2019-06-28 14:22:50.000000000,BEST_BID,"JPM,100193,182"
2019-06-28 14:22:50.000000000,BEST_ASK,"JPM,100275,182"
2019-06-28 14:22:50.000000000,BEST_BID,"JPM,100193,182"
2019-06-28 14:22:50.000000000,BEST_ASK,"JPM,100275,182"
2019-06-28 14:23:00.000000000,QUERY_SPREAD,1
2019-06-28 14:23:00.000000000,BEST_BID,"JPM,100193,212"
2019-06-28 14:23:00.000000000,BEST_ASK,"JPM,100275,100"
2019-06-28 14:23:00.000000000,BEST_BID,"JPM,100193,212"
2019-06-28 14:23:00.000000000,BEST_ASK,"JPM,100275,100"
2019-06-28 14:23:00.000000000,BEST_BID,"JPM,100193,212"
2019-06-28 14:23:00.000000000,BEST_ASK,"JPM,100275,100"
2019-06-28 14:23:00.000000000,BEST_BID,"JPM,100193,212"
2019-06-28 14:23:00.000000000,BEST_ASK,"JPM,100275,212"
2019-06-28 14:23:00.000000000,BEST_BID,"JPM,100193,212"
2019-06-28 14:23:00.000000000,BEST_ASK,"JPM,100275,212"
2019-06-28 14:23:00.000000000,BEST_BID,"JPM,100193,212"
2019-06-28 14:23:00.000000000,BEST_ASK,"JPM,100275,212"
2019-06-28 14:23:00.000000000,QUERY_SPREAD,77
2019-06-28 14:23:00.000000000,BEST_BID,"JPM,100193,208"
2019-06-28 14:23:00.000000000,BEST_ASK,"JPM,100275,212"
2019-06-28 14:23:00.000000000,LAST_TRADE,"4,$100193.0000"
2019-06-28 14:23:00.000000000,QUERY_SPREAD,78
2019-06-28 14:23:00.000000000,BEST_BID,"JPM,100193,200"
2019-06-28 14:23:00.000000000,BEST_ASK,"JPM,100275,212"
2019-06-28 14:23:00.000000000,LAST_TRADE,"8,$100193.0000"
2019-06-28 14:23:00.000000000,QUERY_SPREAD,79
2019-06-28 14:23:00.000000000,BEST_BID,"JPM,100193,199"
2019-06-28 14:23:00.000000000,BEST_ASK,"JPM,100275,212"
2019-06-28 14:23:00.000000000,LAST_TRADE,"1,$100193.0000"
2019-06-28 14:23:00.000000000,QUERY_SPREAD,80
2019-06-28 14:23:00.000000000,BEST_BID,"JPM,100193,194"
2019-06-28 14:23:00.000000000,BEST_ASK,"JPM,100275,212"
2019-06-28 14:23:00.000000000,LAST_TRADE,"5,$100193.0000"
2019-06-28 14:23:00.000000000,QUERY_SPREAD,81
2019-06-28 14:23:00.000000000,BEST_BID,"JPM,100193,189"
2019-06-28 14:23:00.000000000,BEST_ASK,"JPM,100275,212"
2019-06-28 14:23:00.000000000,LAST_TRADE,"5,$100193.0000"
2019-06-28 14:23:00.000000000,QUERY_SPREAD,82
2019-06-28 14:23:00.000000000,BEST_BID,"JPM,100193,183"
2019-06-28 14:23:00.000000000,BEST_ASK,"JPM,100275,212"
2019-06-28 14:23:00.000000000,LAST_TRADE,"6,$100193.0000"
2019-06-28 14:23:00.000000000,QUERY_SPREAD,83
2019-06-28 14:23:00.000000000,BEST_BID,"JPM,100193,179"
2019-06-28 14:23:00.000000000,BEST_ASK,"JPM,100275,212"
2019-06-28 14:23:00.000000000,LAST_TRADE,"4,$100193.0000"
2019-06-28 14:23:00.000000000,QUERY_SPREAD,84
2019-06-28 14:23:00.000000000,BEST_BID,"JPM,100193,174"
2019-06-28 14:23:00.000000000,BEST_ASK,"JPM,100275,212"
2019-06-28 14:23:00.000000000,LAST_TRADE,"5,$100193.0000"
2019-06-28 14:23:00.000000000,QUERY_SPREAD,85
2019-06-28 14:23:00.000000000,BEST_BID,"JPM,100193,169"
2019-06-28 14:23:00.000000000,BEST_ASK,"JPM,100275,212"
2019-06-28 14:23:00.000000000,LAST_TRADE,"5,$100193.0000"
2019-06-28 14:23:00.000000000,QUERY_SPREAD,86
2019-06-28 14:23:00.000000000,BEST_BID,"JPM,100193,160"
2019-06-28 14:23:00.000000000,BEST_ASK,"JPM,100275,212"
2019-06-28 14:23:00.000000000,LAST_TRADE,"9,$100193.0000"
2019-06-28 14:23:00.000000000,QUERY_SPREAD,87
2019-06-28 14:23:00.000000000,BEST_BID,"JPM,100193,158"
2019-06-28 14:23:00.000000000,BEST_ASK,"JPM,100275,212"
2019-06-28 14:23:00.000000000,LAST_TRADE,"2,$100193.0000"
2019-06-28 14:23:00.000000000,QUERY_SPREAD,88
2019-06-28 14:23:00.000000000,BEST_BID,"JPM,100193,150"
2019-06-28 14:23:00.000000000,BEST_ASK,"JPM,100275,212"
2019-06-28 14:23:00.000000000,LAST_TRADE,"8,$100193.0000"
2019-06-28 14:23:00.000000000,QUERY_SPREAD,89
2019-06-28 14:23:00.000000000,BEST_BID,"JPM,100193,143"
2019-06-28 14:23:00.000000000,BEST_ASK,"JPM,100275,212"
2019-06-28 14:23:00.000000000,LAST_TRADE,"7,$100193.0000"
2019-06-28 14:23:00.000000000,QUERY_SPREAD,90
2019-06-28 14:23:00.000000000,BEST_BID,"JPM,100193,137"
2019-06-28 14:23:00.000000000,BEST_ASK,"JPM,100275,212"
2019-06-28 14:23:00.000000000,LAST_TRADE,"6,$100193.0000"
2019-06-28 14:23:00.000000000,QUERY_SPREAD,91
2019-06-28 14:23:00.000000000,BEST_BID,"JPM,100193,132"
2019-06-28 14:23:00.000000000,BEST_ASK,"JPM,100275,212"
2019-06-28 14:23:00.000000000,LAST_TRADE,"5,$100193.0000"
2019-06-28 14:23:00.000000000,QUERY_SPREAD,92
2019-06-28 14:23:00.000000000,BEST_BID,"JPM,100193,131"
2019-06-28 14:23:00.000000000,BEST_ASK,"JPM,100275,212"
2019-06-28 14:23:00.000000000,LAST_TRADE,"1,$100193.0000"
2019-06-28 14:23:00.000000000,QUERY_SPREAD,93
2019-06-28 14:23:00.000000000,BEST_BID,"JPM,100193,129"
2019-06-28 14:23:00.000000000,BEST_ASK,"JPM,100275,212"
2019-06-28 14:23:00.000000000,LAST_TRADE,"2,$100193.0000"
2019-06-28 14:23:00.000000000,QUERY_SPREAD,94
2019-06-28 14:23:00.000000000,BEST_BID,"JPM,100193,127"
2019-06-28 14:23:00.000000000,BEST_ASK,"JPM,100275,212"
2019-06-28 14:23:00.000000000,LAST_TRADE,"2,$100193.0000"
2019-06-28 14:23:00.000000000,QUERY_SPREAD,95
2019-06-28 14:23:00.000000000,BEST_BID,"JPM,100193,120"
2019-06-28 14:23:00.000000000,BEST_ASK,"JPM,100275,212"
2019-06-28 14:23:00.000000000,LAST_TRADE,"7,$100193.0000"
2019-06-28 14:23:00.000000000,QUERY_SPREAD,96
2019-06-28 14:23:00.000000000,BEST_BID,"JPM,100193,113"
2019-06-28 14:23:00.000000000,BEST_ASK,"JPM,100275,212"
2019-06-28 14:23:00.000000000,LAST_TRADE,"7,$100193.0000"
2019-06-28 14:23:00.000000000,QUERY_SPREAD,97
2019-06-28 14:23:00.000000000,BEST_BID,"JPM,100193,107"
2019-06-28 14:23:00.000000000,BEST_ASK,"JPM,100275,212"
2019-06-28 14:23:00.000000000,LAST_TRADE,"6,$100193.0000"
2019-06-28 14:23:00.000000000,QUERY_SPREAD,98
2019-06-28 14:23:00.000000000,BEST_BID,"JPM,100193,103"
2019-06-28 14:23:00.000000000,BEST_ASK,"JPM,100275,212"
2019-06-28 14:23:00.000000000,LAST_TRADE,"4,$100193.0000"
2019-06-28 14:23:00.000000000,QUERY_SPREAD,99
2019-06-28 14:23:00.000000000,BEST_BID,"JPM,100193,101"
2019-06-28 14:23:00.000000000,BEST_ASK,"JPM,100275,212"
2019-06-28 14:23:00.000000000,LAST_TRADE,"2,$100193.0000"
2019-06-28 14:23:00.000000000,QUERY_SPREAD,100
2019-06-28 14:23:00.000000000,BEST_BID,"JPM,100193,95"
2019-06-28 14:23:00.000000000,BEST_ASK,"JPM,100275,212"
2019-06-28 14:23:00.000000000,LAST_TRADE,"6,$100193.0000"
2019-06-28 14:23:00.000000000,QUERY_SPREAD,101
2019-06-28 14:23:00.000000000,QUERY_ORDER_STREAM,101
2019-06-28 14:23:10.000000000,QUERY_SPREAD,1
2019-06-28 14:23:10.000000000,BEST_BID,"JPM,100070,182"
2019-06-28 14:23:10.000000000,BEST_ASK,"JPM,100275,100"
2019-06-28 14:23:10.000000000,BEST_BID,"JPM,100070,182"
2019-06-28 14:23:10.000000000,BEST_ASK,"JPM,100275,100"
2019-06-28 14:23:10.000000000,BEST_BID,"JPM,100070,182"
2019-06-28 14:23:10.000000000,BEST_ASK,"JPM,100275,100"
2019-06-28 14:23:10.000000000,BEST_BID,"JPM,100070,182"
2019-06-28 14:23:10.000000000,BEST_ASK,"JPM,100275,100"
2019-06-28 14:23:10.000000000,BEST_BID,"JPM,100070,182"
2019-06-28 14:23:10.000000000,BEST_ASK,"JPM,100275,182"
2019-06-28 14:23:10.000000000,BEST_BID,"JPM,100070,182"
2019-06-28 14:23:10.000000000,BEST_ASK,"JPM,100275,182"
2019-06-28 14:23:10.000000000,BEST_BID,"JPM,100070,182"
2019-06-28 14:23:10.000000000,BEST_ASK,"JPM,100275,182"
2019-06-28 14:23:10.000000000,BEST_BID,"JPM,100070,182"
2019-06-28 14:23:10.000000000,BEST_ASK,"JPM,100275,182"
2019-06-28 14:23:20.000000000,QUERY_SPREAD,1
2019-06-28 14:23:20.000000000,BEST_BID,"JPM,100070,166"
2019-06-28 14:23:20.000000000,BEST_ASK,"JPM,100275,100"
2019-06-28 14:23:20.000000000,BEST_BID,"JPM,100070,166"
2019-06-28 14:23:20.000000000,BEST_ASK,"JPM,100275,100"
2019-06-28 14:23:20.000000000,BEST_BID,"JPM,100070,166"
2019-06-28 14:23:20.000000000,BEST_ASK,"JPM,100275,100"
2019-06-28 14:23:20.000000000,BEST_BID,"JPM,100070,166"
2019-06-28 14:23:20.000000000,BEST_ASK,"JPM,100275,100"
2019-06-28 14:23:20.000000000,BEST_BID,"JPM,100070,166"
2019-06-28 14:23:20.000000000,BEST_ASK,"JPM,100275,100"
2019-06-28 14:23:20.000000000,BEST_BID,"JPM,100070,166"
2019-06-28 14:23:20.000000000,BEST_ASK,"JPM,100275,166"
2019-06-28 14:23:20.000000000,BEST_BID,"JPM,100070,166"
2019-06-28 14:23:20.000000000,BEST_ASK,"JPM,100275,166"
2019-06-28 14:23:20.000000000,BEST_BID,"JPM,100070,166"
2019-06-28 14:23:20.000000000,BEST_ASK,"JPM,100275,166"
2019-06-28 14:23:20.000000000,BEST_BID,"JPM,100070,166"
2019-06-28 14:23:20.000000000,BEST_ASK,"JPM,100275,166"
2019-06-28 14:23:20.000000000,BEST_BID,"JPM,100070,166"
2019-06-28 14:23:20.000000000,BEST_ASK,"JPM,100275,166"
2019-06-28 14:23:27.471454689,QUERY_SPREAD,27
2019-06-28 14:23:27.471454689,BEST_BID,"JPM,100070,166"
2019-06-28 14:23:27.471454689,BEST_ASK,"JPM,100275,166"
2019-06-28 14:23:30.000000000,QUERY_SPREAD,1
2019-06-28 14:23:30.000000000,BEST_BID,"JPM,100070,182"
2019-06-28 14:23:30.000000000,BEST_ASK,"JPM,100275,100"
2019-06-28 14:23:30.000000000,BEST_BID,"JPM,100070,182"
2019-06-28 14:23:30.000000000,BEST_ASK,"JPM,100275,100"
2019-06-28 14:23:30.000000000,BEST_BID,"JPM,100070,182"
2019-06-28 14:23:30.000000000,BEST_ASK,"JPM,100275,100"
2019-06-28 14:23:30.000000000,BEST_BID,"JPM,100070,182"
2019-06-28 14:23:30.000000000,BEST_ASK,"JPM,100275,100"
2019-06-28 14:23:30.000000000,BEST_BID,"JPM,100070,182"
2019-06-28 14:23:30.000000000,BEST_ASK,"JPM,100275,182"
2019-06-28 14:23:30.000000000,BEST_BID,"JPM,100070,182"
2019-06-28 14:23:30.000000000,BEST_ASK,"JPM,100275,182"
2019-06-28 14:23:30.000000000,BEST_BID,"JPM,100070,182"
2019-06-28 14:23:30.000000000,BEST_ASK,"JPM,100275,182"
2019-06-28 14:23:30.000000000,BEST_BID,"JPM,100070,182"
2019-06-28 14:23:30.000000000,BEST_ASK,"JPM,100275,182"
2019-06-28 14:23:30.319569088,QUERY_SPREAD,7
2019-06-28 14:23:30.319569088,BEST_BID,"JPM,100070,182"
2019-06-28 14:23:30.319569088,BEST_ASK,"JPM,100275,82"
2019-06-28 14:23:30.319569088,LAST_TRADE,"100,$100275.0000"
2019-06-28 14:23:32.215083528,QUERY_SPREAD,3
2019-06-28 14:23:32.215083528,BEST_BID,"JPM,100275,18"
2019-06-28 14:23:32.215083528,BEST_ASK,"JPM,100323,182"
2019-06-28 14:23:32.215083528,LAST_TRADE,"82,$100275.0000"
2019-06-28 14:23:37.853476073,QUERY_SPREAD,22
2019-06-28 14:23:37.853476073,BEST_BID,"JPM,100275,18"
2019-06-28 14:23:37.853476073,BEST_ASK,"JPM,100323,82"
2019-06-28 14:23:37.853476073,LAST_TRADE,"100,$100323.0000"
2019-06-28 14:23:40.000000000,QUERY_SPREAD,1
2019-06-28 14:23:40.000000000,BEST_BID,"JPM,100275,100"
2019-06-28 14:23:40.000000000,BEST_ASK,"JPM,100335,100"
2019-06-28 14:23:40.000000000,BEST_BID,"JPM,100275,100"
2019-06-28 14:23:40.000000000,BEST_ASK,"JPM,100335,100"
2019-06-28 14:23:40.000000000,BEST_BID,"JPM,100275,100"
2019-06-28 14:23:40.000000000,BEST_ASK,"JPM,100335,100"
2019-06-28 14:23:40.000000000,BEST_BID,"JPM,100275,100"
2019-06-28 14:23:40.000000000,BEST_ASK,"JPM,100335,100"
2019-06-28 14:23:40.000000000,BEST_BID,"JPM,100275,100"
2019-06-28 14:23:40.000000000,BEST_ASK,"JPM,100335,182"
2019-06-28 14:23:40.000000000,BEST_BID,"JPM,100275,100"
2019-06-28 14:23:40.000000000,BEST_ASK,"JPM,100335,182"
2019-06-28 14:23:40.000000000,BEST_BID,"JPM,100275,100"
2019-06-28 14:23:40.000000000,BEST_ASK,"JPM,100335,182"
2019-06-28 14:23:40.000000000,BEST_BID,"JPM,100275,100"
2019-06-28 14:23:40.000000000,BEST_ASK,"JPM,100335,182"
2019-06-28 14:23:49.430090064,QUERY_SPREAD,42
2019-06-28 14:23:49.430090064,BEST_BID,"JPM,100275,100"
2019-06-28 14:23:49.430090064,BEST_ASK,"JPM,100335,182"
2019-06-28 14:23:50.000000000,QUERY_SPREAD,1
2019-06-28 14:23:50.000000000,BEST_BID,"JPM,100275,130"
2019-06-28 14:23:50.000000000,BEST_ASK,"JPM,100335,100"
2019-06-28 14:23:50.000000000,BEST_BID,"JPM,100275,130"
2019-06-28 14:23:50.000000000,BEST_ASK,"JPM,100335,100"
2019-06-28 14:23:50.000000000,BEST_BID,"JPM,100275,130"
2019-06-28 14:23:50.000000000,BEST_ASK,"JPM,100335,100"
2019-06-28 14:23:50.000000000,BEST_BID,"JPM,100275,130"
2019-06-28 14:23:50.000000000,BEST_ASK,"JPM,100335,212"
2019-06-28 14:23:50.000000000,BEST_BID,"JPM,100275,130"
2019-06-28 14:23:50.000000000,BEST_ASK,"JPM,100335,212"
2019-06-28 14:23:50.000000000,BEST_BID,"JPM,100275,130"
2019-06-28 14:23:50.000000000,BEST_ASK,"JPM,100335,212"
2019-06-28 14:23:51.364505329,QUERY_SPREAD,42
2019-06-28 14:23:51.364505329,BEST_BID,"JPM,100275,130"
2019-06-28 14:23:51.364505329,BEST_ASK,"JPM,100335,112"
2019-06-28 14:23:51.364505329,LAST_TRADE,"100,$100335.0000"
2019-06-28 14:24:00.000000000,QUERY_SPREAD,1
2019-06-28 14:24:00.000000000,BEST_BID,"JPM,100275,100"
2019-06-28 14:24:00.000000000,BEST_ASK,"JPM,100501,100"
2019-06-28 14:24:00.000000000,BEST_BID,"JPM,100275,100"
2019-06-28 14:24:00.000000000,BEST_ASK,"JPM,100501,100"
2019-06-28 14:24:00.000000000,BEST_BID,"JPM,100275,100"
2019-06-28 14:24:00.000000000,BEST_ASK,"JPM,100501,100"
2019-06-28 14:24:00.000000000,BEST_BID,"JPM,100275,100"
2019-06-28 14:24:00.000000000,BEST_ASK,"JPM,100501,100"
2019-06-28 14:24:00.000000000,BEST_BID,"JPM,100275,100"
2019-06-28 14:24:00.000000000,BEST_ASK,"JPM,100501,182"
2019-06-28 14:24:00.000000000,BEST_BID,"JPM,100275,100"
2019-06-28 14:24:00.000000000,BEST_ASK,"JPM,100501,182"
2019-06-28 14:24:00.000000000,BEST_BID,"JPM,100275,100"
2019-06-28 14:24:00.000000000,BEST_ASK,"JPM,100501,182"
2019-06-28 14:24:00.000000000,BEST_BID,"JPM,100275,100"
2019-06-28 14:24:00.000000000,BEST_ASK,"JPM,100501,182"
2019-06-28 14:24:00.000000000,QUERY_SPREAD,77
2019-06-28 14:24:00.000000000,BEST_BID,"JPM,100275,96"
2019-06-28 14:24:00.000000000,BEST_ASK,"JPM,100501,182"
2019-06-28 14:24:00.000000000,LAST_TRADE,"4,$100275.0000"
2019-06-28 14:24:00.000000000,QUERY_SPREAD,78
2019-06-28 14:24:00.000000000,BEST_BID,"JPM,100275,88"
2019-06-28 14:24:00.000000000,BEST_ASK,"JPM,100501,182"
2019-06-28 14:24:00.000000000,LAST_TRADE,"8,$100275.0000"
2019-06-28 14:24:00.000000000,QUERY_SPREAD,79
2019-06-28 14:24:00.000000000,BEST_BID,"JPM,100275,87"
2019-06-28 14:24:00.000000000,BEST_ASK,"JPM,100501,182"
2019-06-28 14:24:00.000000000,LAST_TRADE,"1,$100275.0000"
2019-06-28 14:24:00.000000000,QUERY_SPREAD,80
2019-06-28 14:24:00.000000000,BEST_BID,"JPM,100275,82"
2019-06-28 14:24:00.000000000,BEST_ASK,"JPM,100501,182"
2019-06-28 14:24:00.000000000,LAST_TRADE,"5,$100275.0000"
2019-06-28 14:24:00.000000000,QUERY_SPREAD,81
2019-06-28 14:24:00.000000000,BEST_BID,"JPM,100275,77"
2019-06-28 14:24:00.000000000,BEST_ASK,"JPM,100501,182"
2019-06-28 14:24:00.000000000,LAST_TRADE,"5,$100275.0000"
2019-06-28 14:24:00.000000000,QUERY_SPREAD,82
2019-06-28 14:24:00.000000000,BEST_BID,"JPM,100275,71"
2019-06-28 14:24:00.000000000,BEST_ASK,"JPM,100501,182"
2019-06-28 14:24:00.000000000,LAST_TRADE,"6,$100275.0000"
2019-06-28 14:24:00.000000000,QUERY_SPREAD,83
2019-06-28 14:24:00.000000000,BEST_BID,"JPM,100275,67"
2019-06-28 14:24:00.000000000,BEST_ASK,"JPM,100501,182"
2019-06-28 14:24:00.000000000,LAST_TRADE,"4,$100275.0000"
2019-06-28 14:24:00.000000000,QUERY_SPREAD,84
2019-06-28 14:24:00.000000000,BEST_BID,"JPM,100275,62"
2019-06-28 14:24:00.000000000,BEST_ASK,"JPM,100501,182"
2019-06-28 14:24:00.000000000,LAST_TRADE,"5,$100275.0000"
2019-06-28 14:24:00.000000000,QUERY_SPREAD,85
2019-06-28 14:24:00.000000000,BEST_BID,"JPM,100275,57"
2019-06-28 14:24:00.000000000,BEST_ASK,"JPM,100501,182"
2019-06-28 14:24:00.000000000,LAST_TRADE,"5,$100275.0000"
2019-06-28 14:24:00.000000000,QUERY_SPREAD,86
2019-06-28 14:24:00.000000000,BEST_BID,"JPM,100275,48"
2019-06-28 14:24:00.000000000,BEST_ASK,"JPM,100501,182"
2019-06-28 14:24:00.000000000,LAST_TRADE,"9,$100275.0000"
2019-06-28 14:24:00.000000000,QUERY_SPREAD,87
2019-06-28 14:24:00.000000000,BEST_BID,"JPM,100275,46"
2019-06-28 14:24:00.000000000,BEST_ASK,"JPM,100501,182"
2019-06-28 14:24:00.000000000,LAST_TRADE,"2,$100275.0000"
2019-06-28 14:24:00.000000000,QUERY_SPREAD,88
2019-06-28 14:24:00.000000000,BEST_BID,"JPM,100275,38"
2019-06-28 14:24:00.000000000,BEST_ASK,"JPM,100501,182"
2019-06-28 14:24:00.000000000,LAST_TRADE,"8,$100275.0000"
2019-06-28 14:24:00.000000000,QUERY_SPREAD,89
2019-06-28 14:24:00.000000000,BEST_BID,"JPM,100275,31"
2019-06-28 14:24:00.000000000,BEST_ASK,"JPM,100501,182"
2019-06-28 14:24:00.000000000,LAST_TRADE,"7,$100275.0000"
2019-06-28 14:24:00.000000000,QUERY_SPREAD,90
2019-06-28 14:24:00.000000000,BEST_BID,"JPM,100275,25"
2019-06-28 14:24:00.000000000,BEST_ASK,"JPM,100501,182"
2019-06-28 14:24:00.000000000,LAST_TRADE,"6,$100275.0000"
2019-06-28 14:24:00.000000000,QUERY_SPREAD,91
2019-06-28 14:24:00.000000000,BEST_BID,"JPM,100275,20"
2019-06-28 14:24:00.000000000,BEST_ASK,"JPM,100501,182"
2019-06-28 14:24:00.000000000,LAST_TRADE,"5,$100275.0000"
2019-06-28 14:24:00.000000000,QUERY_SPREAD,92
2019-06-28 14:24:00.000000000,BEST_BID,"JPM,100275,19"
2019-06-28 14:24:00.000000000,BEST_ASK,"JPM,100501,182"
2019-06-28 14:24:00.000000000,LAST_TRADE,"1,$100275.0000"
2019-06-28 14:24:00.000000000,QUERY_SPREAD,93
2019-06-28 14:24:00.000000000,BEST_BID,"JPM,100275,17"
2019-06-28 14:24:00.000000000,BEST_ASK,"JPM,100501,182"
2019-06-28 14:24:00.000000000,LAST_TRADE,"2,$100275.0000"
2019-06-28 14:24:00.000000000,QUERY_SPREAD,94
2019-06-28 14:24:00.000000000,BEST_BID,"JPM,100275,15"
2019-06-28 14:24:00.000000000,BEST_ASK,"JPM,100501,182"
2019-06-28 14:24:00.000000000,LAST_TRADE,"2,$100275.0000"
2019-06-28 14:24:00.000000000,QUERY_SPREAD,95
2019-06-28 14:24:00.000000000,BEST_BID,"JPM,100275,8"
2019-06-28 14:24:00.000000000,BEST_ASK,"JPM,100501,182"
2019-06-28 14:24:00.000000000,LAST_TRADE,"7,$100275.0000"
2019-06-28 14:24:00.000000000,QUERY_SPREAD,96
2019-06-28 14:24:00.000000000,BEST_BID,"JPM,100275,1"
2019-06-28 14:24:00.000000000,BEST_ASK,"JPM,100501,182"
2019-06-28 14:24:00.000000000,LAST_TRADE,"7,$100275.0000"
2019-06-28 14:24:00.000000000,QUERY_SPREAD,97
2019-06-28 14:24:00.000000000,BEST_BID,"JPM,100070,182"
2019-06-28 14:24:00.000000000,BEST_ASK,"JPM,100275,5"
2019-06-28 14:24:00.000000000,LAST_TRADE,"1,$100275.0000"
2019-06-28 14:24:00.000000000,QUERY_SPREAD,98
2019-06-28 14:24:00.000000000,BEST_BID,"JPM,100070,178"
2019-06-28 14:24:00.000000000,BEST_ASK,"JPM,100275,5"
2019-06-28 14:24:00.000000000,LAST_TRADE,"4,$100070.0000"
2019-06-28 14:24:00.000000000,QUERY_SPREAD,99
2019-06-28 14:24:00.000000000,BEST_BID,"JPM,100070,176"
2019-06-28 14:24:00.000000000,BEST_ASK,"JPM,100275,5"
2019-06-28 14:24:00.000000000,LAST_TRADE,"2,$100070.0000"
2019-06-28 14:24:00.000000000,QUERY_SPREAD,100
2019-06-28 14:24:00.000000000,BEST_BID,"JPM,100070,170"
2019-06-28 14:24:00.000000000,BEST_ASK,"JPM,100275,5"
2019-06-28 14:24:00.000000000,LAST_TRADE,"6,$100070.0000"
2019-06-28 14:24:00.000000000,QUERY_SPREAD,101
2019-06-28 14:24:00.000000000,QUERY_ORDER_STREAM,101
2019-06-28 14:24:10.000000000,QUERY_SPREAD,1
2019-06-28 14:24:10.000000000,BEST_BID,"JPM,100070,416"
2019-06-28 14:24:10.000000000,BEST_ASK,"JPM,100275,5"
2019-06-28 14:24:10.000000000,BEST_BID,"JPM,100070,416"
2019-06-28 14:24:10.000000000,BEST_ASK,"JPM,100275,333"
2019-06-28 14:24:20.000000000,QUERY_SPREAD,1
2019-06-28 14:24:20.000000000,BEST_BID,"JPM,100070,154"
2019-06-28 14:24:20.000000000,BEST_ASK,"JPM,100275,5"
2019-06-28 14:24:20.000000000,BEST_BID,"JPM,100070,154"
2019-06-28 14:24:20.000000000,BEST_ASK,"JPM,100275,5"
2019-06-28 14:24:20.000000000,BEST_BID,"JPM,100070,154"
2019-06-28 14:24:20.000000000,BEST_ASK,"JPM,100275,5"
2019-06-28 14:24:20.000000000,BEST_BID,"JPM,100070,154"
2019-06-28 14:24:20.000000000,BEST_ASK,"JPM,100275,5"
2019-06-28 14:24:20.000000000,BEST_BID,"JPM,100070,154"
2019-06-28 14:24:20.000000000,BEST_ASK,"JPM,100275,5"
2019-06-28 14:24:20.000000000,BEST_BID,"JPM,100070,154"
2019-06-28 14:24:20.000000000,BEST_ASK,"JPM,100275,71"
2019-06-28 14:24:20.000000000,BEST_BID,"JPM,100070,154"
2019-06-28 14:24:20.000000000,BEST_ASK,"JPM,100275,71"
2019-06-28 14:24:20.000000000,BEST_BID,"JPM,100070,154"
2019-06-28 14:24:20.000000000,BEST_ASK,"JPM,100275,71"
2019-06-28 14:24:20.000000000,BEST_BID,"JPM,100070,154"
2019-06-28 14:24:20.000000000,BEST_ASK,"JPM,100275,71"
2019-06-28 14:24:20.000000000,BEST_BID,"JPM,100070,154"
2019-06-28 14:24:20.000000000,BEST_ASK,"JPM,100275,71"
2019-06-28 14:24:29.310099937,QUERY_SPREAD,27
2019-06-28 14:24:29.310099937,BEST_BID,"JPM,100070,54"
2019-06-28 14:24:29.310099937,BEST_ASK,"JPM,100275,71"
2019-06-28 14:24:29.310099937,LAST_TRADE,"100,$100070.0000"
2019-06-28 14:24:30.000000000,QUERY_SPREAD,1
2019-06-28 14:24:30.000000000,BEST_BID,"JPM,99948,182"
2019-06-28 14:24:30.000000000,BEST_ASK,"JPM,100275,5"
2019-06-28 14:24:30.000000000,BEST_BID,"JPM,99948,182"
2019-06-28 14:24:30.000000000,BEST_ASK,"JPM,100275,5"
2019-06-28 14:24:30.000000000,BEST_BID,"JPM,99948,182"
2019-06-28 14:24:30.000000000,BEST_ASK,"JPM,100275,5"
2019-06-28 14:24:30.000000000,BEST_BID,"JPM,99948,182"
2019-06-28 14:24:30.000000000,BEST_ASK,"JPM,100275,5"
2019-06-28 14:24:30.000000000,BEST_BID,"JPM,99948,182"
2019-06-28 14:24:30.000000000,BEST_ASK,"JPM,100275,87"
2019-06-28 14:24:30.000000000,BEST_BID,"JPM,99948,182"
2019-06-28 14:24:30.000000000,BEST_ASK,"JPM,100275,87"
2019-06-28 14:24:30.000000000,BEST_BID,"JPM,99948,182"
2019-06-28 14:24:30.000000000,BEST_ASK,"JPM,100275,87"
2019-06-28 14:24:30.000000000,BEST_BID,"JPM,99948,182"
2019-06-28 14:24:30.000000000,BEST_ASK,"JPM,100275,87"
2019-06-28 14:24:32.298378845,QUERY_SPREAD,9
2019-06-28 14:24:32.298378845,BEST_BID,"JPM,99948,182"
2019-06-28 14:24:32.298378845,BEST_ASK,"JPM,100275,87"
2019-06-28 14:24:38.551605987,QUERY_SPREAD,19
2019-06-28 14:24:38.551605987,BEST_BID,"JPM,99948,182"
2019-06-28 14:24:38.551605987,BEST_ASK,"JPM,100275,87"
2019-06-28 14:24:40.000000000,QUERY_SPREAD,1
2019-06-28 14:24:40.000000000,BEST_BID,"JPM,99948,182"
2019-06-28 14:24:40.000000000,BEST_ASK,"JPM,100275,5"
2019-06-28 14:24:40.000000000,BEST_BID,"JPM,99948,182"
2019-06-28 14:24:40.000000000,BEST_ASK,"JPM,100275,5"
2019-06-28 14:24:40.000000000,BEST_BID,"JPM,99948,182"
2019-06-28 14:24:40.000000000,BEST_ASK,"JPM,100275,5"
2019-06-28 14:24:40.000000000,BEST_BID,"JPM,99948,182"
2019-06-28 14:24:40.000000000,BEST_ASK,"JPM,100275,5"
2019-06-28 14:24:40.000000000,BEST_BID,"JPM,99948,182"
2019-06-28 14:24:40.000000000,BEST_ASK,"JPM,100275,87"
2019-06-28 14:24:40.000000000,BEST_BID,"JPM,99948,182"
2019-06-28 14:24:40.000000000,BEST_ASK,"JPM,100275,87"
2019-06-28 14:24:40.000000000,BEST_BID,"JPM,99948,182"
2019-06-28 14:24:40.000000000,BEST_ASK,"JPM,100275,87"
2019-06-28 14:24:40.000000000,BEST_BID,"JPM,99948,182"
2019-06-28 14:24:40.000000000,BEST_ASK,"JPM,100275,87"
2019-06-28 14:24:50.000000000,QUERY_SPREAD,1
2019-06-28 14:24:50.000000000,BEST_BID,"JPM,99948,428"
2019-06-28 14:24:50.000000000,BEST_ASK,"JPM,100275,5"
2019-06-28 14:24:50.000000000,BEST_BID,"JPM,99948,428"
2019-06-28 14:24:50.000000000,BEST_ASK,"JPM,100275,333"
2019-06-28 14:25:00.000000000,QUERY_SPREAD,1
2019-06-28 14:25:00.000000000,BEST_BID,"JPM,99948,166"
2019-06-28 14:25:00.000000000,BEST_ASK,"JPM,100275,5"
2019-06-28 14:25:00.000000000,BEST_BID,"JPM,99948,166"
2019-06-28 14:25:00.000000000,BEST_ASK,"JPM,100275,5"
2019-06-28 14:25:00.000000000,BEST_BID,"JPM,99948,166"
2019-06-28 14:25:00.000000000,BEST_ASK,"JPM,100275,5"
2019-06-28 14:25:00.000000000,BEST_BID,"JPM,99948,166"
2019-06-28 14:25:00.000000000,BEST_ASK,"JPM,100275,5"
2019-06-28 14:25:00.000000000,BEST_BID,"JPM,99948,166"
2019-06-28 14:25:00.000000000,BEST_ASK,"JPM,100275,5"
2019-06-28 14:25:00.000000000,BEST_BID,"JPM,99948,166"
2019-06-28 14:25:00.000000000,BEST_ASK,"JPM,100275,71"
2019-06-28 14:25:00.000000000,BEST_BID,"JPM,99948,166"
2019-06-28 14:25:00.000000000,BEST_ASK,"JPM,100275,71"
2019-06-28 14:25:00.000000000,BEST_BID,"JPM,99948,166"
2019-06-28 14:25:00.000000000,BEST_ASK,"JPM,100275,71"
2019-06-28 14:25:00.000000000,BEST_BID,"JPM,99948,166"
2019-06-28 14:25:00.000000000,BEST_ASK,"JPM,100275,71"
2019-06-28 14:25:00.000000000,BEST_BID,"JPM,99948,166"
2019-06-28 14:25:00.000000000,BEST_ASK,"JPM,100275,71"
2019-06-28 14:25:00.000000000,QUERY_SPREAD,77
2019-06-28 14:25:00.000000000,BEST_BID,"JPM,99948,162"
2019-06-28 14:25:00.000000000,BEST_ASK,"JPM,100275,71"
2019-06-28 14:25:00.000000000,LAST_TRADE,"4,$99948.0000"
2019-06-28 14:25:00.000000000,QUERY_SPREAD,78
2019-06-28 14:25:00.000000000,BEST_BID,"JPM,99948,154"
2019-06-28 14:25:00.000000000,BEST_ASK,"JPM,100275,71"
2019-06-28 14:25:00.000000000,LAST_TRADE,"8,$99948.0000"
2019-06-28 14:25:00.000000000,QUERY_SPREAD,79
2019-06-28 14:25:00.000000000,BEST_BID,"JPM,99948,153"
2019-06-28 14:25:00.000000000,BEST_ASK,"JPM,100275,71"
2019-06-28 14:25:00.000000000,LAST_TRADE,"1,$99948.0000"
2019-06-28 14:25:00.000000000,QUERY_SPREAD,80
2019-06-28 14:25:00.000000000,BEST_BID,"JPM,99948,148"
2019-06-28 14:25:00.000000000,BEST_ASK,"JPM,100275,71"
2019-06-28 14:25:00.000000000,LAST_TRADE,"5,$99948.0000"
2019-06-28 14:25:00.000000000,QUERY_SPREAD,81
2019-06-28 14:25:00.000000000,BEST_BID,"JPM,99948,143"
2019-06-28 14:25:00.000000000,BEST_ASK,"JPM,100275,71"
2019-06-28 14:25:00.000000000,LAST_TRADE,"5,$99948.0000"
2019-06-28 14:25:00.000000000,QUERY_SPREAD,82
2019-06-28 14:25:00.000000000,BEST_BID,"JPM,99948,137"
2019-06-28 14:25:00.000000000,BEST_ASK,"JPM,100275,71"
2019-06-28 14:25:00.000000000,LAST_TRADE,"6,$99948.0000"
2019-06-28 14:25:00.000000000,QUERY_SPREAD,83
2019-06-28 14:25:00.000000000,BEST_BID,"JPM,99948,133"
2019-06-28 14:25:00.000000000,BEST_ASK,"JPM,100275,71"
2019-06-28 14:25:00.000000000,LAST_TRADE,"4,$99948.0000"
2019-06-28 14:25:00.000000000,QUERY_SPREAD,84
2019-06-28 14:25:00.000000000,BEST_BID,"JPM,99948,128"
2019-06-28 14:25:00.000000000,BEST_ASK,"JPM,100275,71"
2019-06-28 14:25:00.000000000,LAST_TRADE,"5,$99948.0000"
2019-06-28 14:25:00.000000000,QUERY_SPREAD,85
2019-06-28 14:25:00.000000000,BEST_BID,"JPM,99948,123"
2019-06-28 14:25:00.000000000,BEST_ASK,"JPM,100275,71"
2019-06-28 14:25:00.000000000,LAST_TRADE,"5,$99948.0000"
2019-06-28 14:25:00.000000000,QUERY_SPREAD,86
2019-06-28 14:25:00.000000000,BEST_BID,"JPM,99948,114"
2019-06-28 14:25:00.000000000,BEST_ASK,"JPM,100275,71"
2019-06-28 14:25:00.000000000,LAST_TRADE,"9,$99948.0000"
2019-06-28 14:25:00.000000000,QUERY_SPREAD,87
2019-06-28 14:25:00.000000000,BEST_BID,"JPM,99948,112"
2019-06-28 14:25:00.000000000,BEST_ASK,"JPM,100275,71"
2019-06-28 14:25:00.000000000,LAST_TRADE,"2,$99948.0000"
2019-06-28 14:25:00.000000000,QUERY_SPREAD,88
2019-06-28 14:25:00.000000000,BEST_BID,"JPM,99948,104"
2019-06-28 14:25:00.000000000,BEST_ASK,"JPM,100275,71"
2019-06-28 14:25:00.000000000,LAST_TRADE,"8,$99948.0000"
2019-06-28 14:25:00.000000000,QUERY_SPREAD,89
2019-06-28 14:25:00.000000000,BEST_BID,"JPM,99948,97"
2019-06-28 14:25:00.000000000,BEST_ASK,"JPM,100275,71"
2019-06-28 14:25:00.000000000,LAST_TRADE,"7,$99948.0000"
2019-06-28 14:25:00.000000000,QUERY_SPREAD,90
2019-06-28 14:25:00.000000000,BEST_BID,"JPM,99948,91"
2019-06-28 14:25:00.000000000,BEST_ASK,"JPM,100275,71"
2019-06-28 14:25:00.000000000,LAST_TRADE,"6,$99948.0000"
2019-06-28 14:25:00.000000000,QUERY_SPREAD,91
2019-06-28 14:25:00.000000000,BEST_BID,"JPM,99948,86"
2019-06-28 14:25:00.000000000,BEST_ASK,"JPM,100275,71"
2019-06-28 14:25:00.000000000,LAST_TRADE,"5,$99948.0000"
2019-06-28 14:25:00.000000000,QUERY_SPREAD,92
2019-06-28 14:25:00.000000000,BEST_BID,"JPM,99948,85"
2019-06-28 14:25:00.000000000,BEST_ASK,"JPM,100275,71"
2019-06-28 14:25:00.000000000,LAST_TRADE,"1,$99948.0000"
2019-06-28 14:25:00.000000000,QUERY_SPREAD,93
2019-06-28 14:25:00.000000000,BEST_BID,"JPM,99948,83"
2019-06-28 14:25:00.000000000,BEST_ASK,"JPM,100275,71"
2019-06-28 14:25:00.000000000,LAST_TRADE,"2,$99948.0000"
2019-06-28 14:25:00.000000000,QUERY_SPREAD,94
2019-06-28 14:25:00.000000000,BEST_BID,"JPM,99948,81"
2019-06-28 14:25:00.000000000,BEST_ASK,"JPM,100275,71"
2019-06-28 14:25:00.000000000,LAST_TRADE,"2,$99948.0000"
2019-06-28 14:25:00.000000000,QUERY_SPREAD,95
2019-06-28 14:25:00.000000000,BEST_BID,"JPM,99948,74"
2019-06-28 14:25:00.000000000,BEST_ASK,"JPM,100275,71"
2019-06-28 14:25:00.000000000,LAST_TRADE,"7,$99948.0000"
2019-06-28 14:25:00.000000000,QUERY_SPREAD,96
2019-06-28 14:25:00.000000000,BEST_BID,"JPM,99948,67"
2019-06-28 14:25:00.000000000,BEST_ASK,"JPM,100275,71"
2019-06-28 14:25:00.000000000,LAST_TRADE,"7,$99948.0000"
2019-06-28 14:25:00.000000000,QUERY_SPREAD,97
2019-06-28 14:25:00.000000000,BEST_BID,"JPM,99948,61"
2019-06-28 14:25:00.000000000,BEST_ASK,"JPM,100275,71"
2019-06-28 14:25:00.000000000,LAST_TRADE,"6,$99948.0000"
2019-06-28 14:25:00.000000000,QUERY_SPREAD,98
2019-06-28 14:25:00.000000000,BEST_BID,"JPM,99948,57"
2019-06-28 14:25:00.000000000,BEST_ASK,"JPM,100275,71"
2019-06-28 14:25:00.000000000,LAST_TRADE,"4,$99948.0000"
2019-06-28 14:25:00.000000000,QUERY_SPREAD,99
2019-06-28 14:25:00.000000000,BEST_BID,"JPM,99948,55"
2019-06-28 14:25:00.000000000,BEST_ASK,"JPM,100275,71"
2019-06-28 14:25:00.000000000,LAST_TRADE,"2,$99948.0000"
2019-06-28 14:25:00.000000000,QUERY_SPREAD,100
2019-06-28 14:25:00.000000000,BEST_BID,"JPM,99948,49"
2019-06-28 14:25:00.000000000,BEST_ASK,"JPM,100275,71"
2019-06-28 14:25:00.000000000,LAST_TRADE,"6,$99948.0000"
2019-06-28 14:25:00.000000000,QUERY_SPREAD,101
2019-06-28 14:25:00.000000000,QUERY_ORDER_STREAM,101
2019-06-28 14:25:04.836396130,QUERY_ORDER_STREAM,72
2019-06-28 14:25:04.836396130,QUERY_SPREAD,72
2019-06-28 14:25:10.000000000,QUERY_SPREAD,1
2019-06-28 14:25:10.000000000,BEST_BID,"JPM,99906,428"
2019-06-28 14:25:10.000000000,BEST_ASK,"JPM,100275,5"
2019-06-28 14:25:10.000000000,BEST_BID,"JPM,99906,428"
2019-06-28 14:25:10.000000000,BEST_ASK,"JPM,100275,333"
2019-06-28 14:25:20.000000000,QUERY_SPREAD,1
2019-06-28 14:25:20.000000000,BEST_BID,"JPM,99906,182"
2019-06-28 14:25:20.000000000,BEST_ASK,"JPM,100275,5"
2019-06-28 14:25:20.000000000,BEST_BID,"JPM,99906,182"
2019-06-28 14:25:20.000000000,BEST_ASK,"JPM,100275,5"
2019-06-28 14:25:20.000000000,BEST_BID,"JPM,99906,182"
2019-06-28 14:25:20.000000000,BEST_ASK,"JPM,100275,5"
2019-06-28 14:25:20.000000000,BEST_BID,"JPM,99906,182"
2019-06-28 14:25:20.000000000,BEST_ASK,"JPM,100275,5"
2019-06-28 14:25:20.000000000,BEST_BID,"JPM,99906,182"
2019-06-28 14:25:20.000000000,BEST_ASK,"JPM,100275,87"
2019-06-28 14:25:20.000000000,BEST_BID,"JPM,99906,182"
2019-06-28 14:25:20.000000000,BEST_ASK,"JPM,100275,87"
2019-06-28 14:25:20.000000000,BEST_BID,"JPM,99906,182"
2019-06-28 14:25:20.000000000,BEST_ASK,"JPM,100275,87"
2019-06-28 14:25:20.000000000,BEST_BID,"JPM,99906,182"
2019-06-28 14:25:20.000000000,BEST_ASK,"JPM,100275,87"
2019-06-28 14:25:23.054598201,QUERY_SPREAD,14
2019-06-28 14:25:23.054598201,BEST_BID,"JPM,99906,82"
2019-06-28 14:25:23.054598201,BEST_ASK,"JPM,100275,87"
2019-06-28 14:25:23.054598201,LAST_TRADE,"100,$99906.0000"
2019-06-28 14:25:28.093145354,QUERY_SPREAD,17
2019-06-28 14:25:28.093145354,BEST_BID,"JPM,99906,82"
2019-06-28 14:25:28.093145354,BEST_ASK,"JPM,100275,87"
2019-06-28 14:25:30.000000000,QUERY_SPREAD,1
2019-06-28 14:25:30.000000000,BEST_BID,"JPM,99783,166"
2019-06-28 14:25:30.000000000,BEST_ASK,"JPM,100275,5"
2019-06-28 14:25:30.000000000,BEST_BID,"JPM,99783,166"
2019-06-28 14:25:30.000000000,BEST_ASK,"JPM,100275,5"
2019-06-28 14:25:30.000000000,BEST_BID,"JPM,99783,166"
2019-06-28 14:25:30.000000000,BEST_ASK,"JPM,100275,5"
2019-06-28 14:25:30.000000000,BEST_BID,"JPM,99783,166"
2019-06-28 14:25:30.000000000,BEST_ASK,"JPM,100275,5"
2019-06-28 14:25:30.000000000,BEST_BID,"JPM,99783,166"
2019-06-28 14:25:30.000000000,BEST_ASK,"JPM,100275,5"
2019-06-28 14:25:30.000000000,BEST_BID,"JPM,99783,166"
2019-06-28 14:25:30.000000000,BEST_ASK,"JPM,100275,71"
2019-06-28 14:25:30.000000000,BEST_BID,"JPM,99783,166"
2019-06-28 14:25:30.000000000,BEST_ASK,"JPM,100275,71"
2019-06-28 14:25:30.000000000,BEST_BID,"JPM,99783,166"
2019-06-28 14:25:30.000000000,BEST_ASK,"JPM,100275,71"
2019-06-28 14:25:30.000000000,BEST_BID,"JPM,99783,166"
2019-06-28 14:25:30.000000000,BEST_ASK,"JPM,100275,71"
2019-06-28 14:25:30.000000000,BEST_BID,"JPM,99783,166"
2019-06-28 14:25:30.000000000,BEST_ASK,"JPM,100275,71"
2019-06-28 14:25:32.575514582,QUERY_SPREAD,42
2019-06-28 14:25:32.575514582,BEST_BID,"JPM,99783,166"
2019-06-28 14:25:32.575514582,BEST_ASK,"JPM,100275,71"
2019-06-28 14:25:40.000000000,QUERY_SPREAD,1
2019-06-28 14:25:40.000000000,BEST_BID,"JPM,99783,212"
2019-06-28 14:25:40.000000000,BEST_ASK,"JPM,100275,5"
2019-06-28 14:25:40.000000000,BEST_BID,"JPM,99783,212"
2019-06-28 14:25:40.000000000,BEST_ASK,"JPM,100275,5"
2019-06-28 14:25:40.000000000,BEST_BID,"JPM,99783,212"
2019-06-28 14:25:40.000000000,BEST_ASK,"JPM,100275,5"
2019-06-28 14:25:40.000000000,BEST_BID,"JPM,99783,212"
2019-06-28 14:25:40.000000000,BEST_ASK,"JPM,100275,117"
2019-06-28 14:25:40.000000000,BEST_BID,"JPM,99783,212"
2019-06-28 14:25:40.000000000,BEST_ASK,"JPM,100275,117"
2019-06-28 14:25:40.000000000,BEST_BID,"JPM,99783,212"
2019-06-28 14:25:40.000000000,BEST_ASK,"JPM,100275,117"
2019-06-28 14:25:50.000000000,QUERY_SPREAD,1
2019-06-28 14:25:50.000000000,BEST_BID,"JPM,99783,212"
2019-06-28 14:25:50.000000000,BEST_ASK,"JPM,100275,5"
2019-06-28 14:25:50.000000000,BEST_BID,"JPM,99783,212"
2019-06-28 14:25:50.000000000,BEST_ASK,"JPM,100275,5"
2019-06-28 14:25:50.000000000,BEST_BID,"JPM,99783,212"
2019-06-28 14:25:50.000000000,BEST_ASK,"JPM,100275,5"
2019-06-28 14:25:50.000000000,BEST_BID,"JPM,99783,212"
2019-06-28 14:25:50.000000000,BEST_ASK,"JPM,100275,117"
2019-06-28 14:25:50.000000000,BEST_BID,"JPM,99783,212"
2019-06-28 14:25:50.000000000,BEST_ASK,"JPM,100275,117"
2019-06-28 14:25:50.000000000,BEST_BID,"JPM,99783,212"
2019-06-28 14:25:50.000000000,BEST_ASK,"JPM,100275,117"
2019-06-28 14:26:00.000000000,QUERY_SPREAD,1
2019-06-28 14:26:00.000000000,BEST_BID,"JPM,99783,264"
2019-06-28 14:26:00.000000000,BEST_ASK,"JPM,100275,5"
2019-06-28 14:26:00.000000000,BEST_BID,"JPM,99783,264"
2019-06-28 14:26:00.000000000,BEST_ASK,"JPM,100275,5"
2019-06-28 14:26:00.000000000,BEST_BID,"JPM,99783,264"
2019-06-28 14:26:00.000000000,BEST_ASK,"JPM,100275,169"
2019-06-28 14:26:00.000000000,BEST_BID,"JPM,99783,264"
2019-06-28 14:26:00.000000000,BEST_ASK,"JPM,100275,169"
2019-06-28 14:26:00.000000000,QUERY_SPREAD,77
2019-06-28 14:26:00.000000000,BEST_BID,"JPM,99783,260"
2019-06-28 14:26:00.000000000,BEST_ASK,"JPM,100275,169"
2019-06-28 14:26:00.000000000,LAST_TRADE,"4,$99783.0000"
2019-06-28 14:26:00.000000000,QUERY_SPREAD,78
2019-06-28 14:26:00.000000000,BEST_BID,"JPM,99783,252"
2019-06-28 14:26:00.000000000,BEST_ASK,"JPM,100275,169"
2019-06-28 14:26:00.000000000,LAST_TRADE,"8,$99783.0000"
2019-06-28 14:26:00.000000000,QUERY_SPREAD,79
2019-06-28 14:26:00.000000000,BEST_BID,"JPM,99783,251"
2019-06-28 14:26:00.000000000,BEST_ASK,"JPM,100275,169"
2019-06-28 14:26:00.000000000,LAST_TRADE,"1,$99783.0000"
2019-06-28 14:26:00.000000000,QUERY_SPREAD,80
2019-06-28 14:26:00.000000000,BEST_BID,"JPM,99783,246"
2019-06-28 14:26:00.000000000,BEST_ASK,"JPM,100275,169"
2019-06-28 14:26:00.000000000,LAST_TRADE,"5,$99783.0000"
2019-06-28 14:26:00.000000000,QUERY_SPREAD,81
2019-06-28 14:26:00.000000000,BEST_BID,"JPM,99783,241"
2019-06-28 14:26:00.000000000,BEST_ASK,"JPM,100275,169"
2019-06-28 14:26:00.000000000,LAST_TRADE,"5,$99783.0000"
2019-06-28 14:26:00.000000000,QUERY_SPREAD,82
2019-06-28 14:26:00.000000000,BEST_BID,"JPM,99783,235"
2019-06-28 14:26:00.000000000,BEST_ASK,"JPM,100275,169"
2019-06-28 14:26:00.000000000,LAST_TRADE,"6,$99783.0000"
2019-06-28 14:26:00.000000000,QUERY_SPREAD,83
2019-06-28 14:26:00.000000000,BEST_BID,"JPM,99783,231"
2019-06-28 14:26:00.000000000,BEST_ASK,"JPM,100275,169"
2019-06-28 14:26:00.000000000,LAST_TRADE,"4,$99783.0000"
2019-06-28 14:26:00.000000000,QUERY_SPREAD,84
2019-06-28 14:26:00.000000000,BEST_BID,"JPM,99783,226"
2019-06-28 14:26:00.000000000,BEST_ASK,"JPM,100275,169"
2019-06-28 14:26:00.000000000,LAST_TRADE,"5,$99783.0000"
2019-06-28 14:26:00.000000000,QUERY_SPREAD,85
2019-06-28 14:26:00.000000000,BEST_BID,"JPM,99783,221"
2019-06-28 14:26:00.000000000,BEST_ASK,"JPM,100275,169"
2019-06-28 14:26:00.000000000,LAST_TRADE,"5,$99783.0000"
2019-06-28 14:26:00.000000000,QUERY_SPREAD,86
2019-06-28 14:26:00.000000000,BEST_BID,"JPM,99783,212"
2019-06-28 14:26:00.000000000,BEST_ASK,"JPM,100275,169"
2019-06-28 14:26:00.000000000,LAST_TRADE,"9,$99783.0000"
2019-06-28 14:26:00.000000000,QUERY_SPREAD,87
2019-06-28 14:26:00.000000000,BEST_BID,"JPM,99783,210"
2019-06-28 14:26:00.000000000,BEST_ASK,"JPM,100275,169"
2019-06-28 14:26:00.000000000,LAST_TRADE,"2,$99783.0000"
2019-06-28 14:26:00.000000000,QUERY_SPREAD,88
2019-06-28 14:26:00.000000000,BEST_BID,"JPM,99783,202"
2019-06-28 14:26:00.000000000,BEST_ASK,"JPM,100275,169"
2019-06-28 14:26:00.000000000,LAST_TRADE,"8,$99783.0000"
2019-06-28 14:26:00.000000000,QUERY_SPREAD,89
2019-06-28 14:26:00.000000000,BEST_BID,"JPM,99783,195"
2019-06-28 14:26:00.000000000,BEST_ASK,"JPM,100275,169"
2019-06-28 14:26:00.000000000,LAST_TRADE,"7,$99783.0000"
2019-06-28 14:26:00.000000000,QUERY_SPREAD,90
2019-06-28 14:26:00.000000000,BEST_BID,"JPM,99783,189"
2019-06-28 14:26:00.000000000,BEST_ASK,"JPM,100275,169"
2019-06-28 14:26:00.000000000,LAST_TRADE,"6,$99783.0000"
2019-06-28 14:26:00.000000000,QUERY_SPREAD,91
2019-06-28 14:26:00.000000000,BEST_BID,"JPM,99783,184"
2019-06-28 14:26:00.000000000,BEST_ASK,"JPM,100275,169"
2019-06-28 14:26:00.000000000,LAST_TRADE,"5,$99783.0000"
2019-06-28 14:26:00.000000000,QUERY_SPREAD,92
2019-06-28 14:26:00.000000000,BEST_BID,"JPM,99783,183"
2019-06-28 14:26:00.000000000,BEST_ASK,"JPM,100275,169"
2019-06-28 14:26:00.000000000,LAST_TRADE,"1,$99783.0000"
2019-06-28 14:26:00.000000000,QUERY_SPREAD,93
2019-06-28 14:26:00.000000000,BEST_BID,"JPM,99783,181"
2019-06-28 14:26:00.000000000,BEST_ASK,"JPM,100275,169"
2019-06-28 14:26:00.000000000,LAST_TRADE,"2,$99783.0000"
2019-06-28 14:26:00.000000000,QUERY_SPREAD,94
2019-06-28 14:26:00.000000000,BEST_BID,"JPM,99783,179"
2019-06-28 14:26:00.000000000,BEST_ASK,"JPM,100275,169"
2019-06-28 14:26:00.000000000,LAST_TRADE,"2,$99783.0000"
2019-06-28 14:26:00.000000000,QUERY_SPREAD,95
2019-06-28 14:26:00.000000000,BEST_BID,"JPM,99783,172"
2019-06-28 14:26:00.000000000,BEST_ASK,"JPM,100275,169"
2019-06-28 14:26:00.000000000,LAST_TRADE,"7,$99783.0000"
2019-06-28 14:26:00.000000000,QUERY_SPREAD,96
2019-06-28 14:26:00.000000000,BEST_BID,"JPM,99783,165"
2019-06-28 14:26:00.000000000,BEST_ASK,"JPM,100275,169"
2019-06-28 14:26:00.000000000,LAST_TRADE,"7,$99783.0000"
2019-06-28 14:26:00.000000000,QUERY_SPREAD,97
2019-06-28 14:26:00.000000000,BEST_BID,"JPM,99783,159"
2019-06-28 14:26:00.000000000,BEST_ASK,"JPM,100275,169"
2019-06-28 14:26:00.000000000,LAST_TRADE,"6,$99783.0000"
2019-06-28 14:26:00.000000000,QUERY_SPREAD,98
2019-06-28 14:26:00.000000000,BEST_BID,"JPM,99783,155"
2019-06-28 14:26:00.000000000,BEST_ASK,"JPM,100275,169"
2019-06-28 14:26:00.000000000,LAST_TRADE,"4,$99783.0000"
2019-06-28 14:26:00.000000000,QUERY_SPREAD,99
2019-06-28 14:26:00.000000000,BEST_BID,"JPM,99783,153"
2019-06-28 14:26:00.000000000,BEST_ASK,"JPM,100275,169"
2019-06-28 14:26:00.000000000,LAST_TRADE,"2,$99783.0000"
2019-06-28 14:26:00.000000000,QUERY_SPREAD,100
2019-06-28 14:26:00.000000000,BEST_BID,"JPM,99783,147"
2019-06-28 14:26:00.000000000,BEST_ASK,"JPM,100275,169"
2019-06-28 14:26:00.000000000,LAST_TRADE,"6,$99783.0000"
2019-06-28 14:26:00.000000000,QUERY_SPREAD,101
2019-06-28 14:26:00.000000000,QUERY_ORDER_STREAM,101
2019-06-28 14:26:10.000000000,QUERY_SPREAD,1
2019-06-28 14:26:10.000000000,BEST_BID,"JPM,99772,212"
2019-06-28 14:26:10.000000000,BEST_ASK,"JPM,100275,5"
2019-06-28 14:26:10.000000000,BEST_BID,"JPM,99772,212"
2019-06-28 14:26:10.000000000,BEST_ASK,"JPM,100275,5"
2019-06-28 14:26:10.000000000,BEST_BID,"JPM,99772,212"
2019-06-28 14:26:10.000000000,BEST_ASK,"JPM,100275,5"
2019-06-28 14:26:10.000000000,BEST_BID,"JPM,99772,212"
2019-06-28 14:26:10.000000000,BEST_ASK,"JPM,100275,117"
2019-06-28 14:26:10.000000000,BEST_BID,"JPM,99772,212"
2019-06-28 14:26:10.000000000,BEST_ASK,"JPM,100275,117"
2019-06-28 14:26:10.000000000,BEST_BID,"JPM,99772,212"
2019-06-28 14:26:10.000000000,BEST_ASK,"JPM,100275,117"
2019-06-28 14:26:14.820991042,QUERY_SPREAD,10
2019-06-28 14:26:14.820991042,BEST_BID,"JPM,99772,112"
2019-06-28 14:26:14.820991042,BEST_ASK,"JPM,100275,117"
2019-06-28 14:26:14.820991042,LAST_TRADE,"100,$99772.0000"
2019-06-28 14:26:20.000000000,QUERY_SPREAD,1
2019-06-28 14:26:20.000000000,BEST_BID,"JPM,99695,428"
2019-06-28 14:26:20.000000000,BEST_ASK,"JPM,100275,5"
2019-06-28 14:26:20.000000000,BEST_BID,"JPM,99695,428"
2019-06-28 14:26:20.000000000,BEST_ASK,"JPM,100275,333"
2019-06-28 14:26:24.432929923,QUERY_ORDER_STREAM,60
2019-06-28 14:26:24.432929923,QUERY_SPREAD,60
2019-06-28 14:26:24.432929923,BEST_BID,"JPM,99695,428"
2019-06-28 14:26:24.432929923,BEST_ASK,"JPM,99783,100"
2019-06-28 14:26:24.936664540,QUERY_SPREAD,30
2019-06-28 14:26:24.936664540,BEST_BID,"JPM,99695,428"
2019-06-28 14:26:24.936664540,BEST_ASK,"JPM,99783,100"
2019-06-28 14:26:28.611029269,QUERY_SPREAD,48
2019-06-28 14:26:28.611029269,BEST_BID,"JPM,99695,428"
2019-06-28 14:26:28.611029269,BEST_ASK,"JPM,99783,100"
2019-06-28 14:26:30.000000000,QUERY_SPREAD,1
2019-06-28 14:26:30.000000000,BEST_BID,"JPM,99695,166"
2019-06-28 14:26:30.000000000,BEST_ASK,"JPM,99783,100"
2019-06-28 14:26:30.000000000,BEST_BID,"JPM,99695,166"
2019-06-28 14:26:30.000000000,BEST_ASK,"JPM,99783,100"
2019-06-28 14:26:30.000000000,BEST_BID,"JPM,99695,166"
2019-06-28 14:26:30.000000000,BEST_ASK,"JPM,99783,100"
2019-06-28 14:26:30.000000000,BEST_BID,"JPM,99695,166"
2019-06-28 14:26:30.000000000,BEST_ASK,"JPM,99783,100"
2019-06-28 14:26:30.000000000,BEST_BID,"JPM,99695,166"
2019-06-28 14:26:30.000000000,BEST_ASK,"JPM,99783,100"
2019-06-28 14:26:30.000000000,BEST_BID,"JPM,99695,166"
2019-06-28 14:26:30.000000000,BEST_ASK,"JPM,99783,166"
2019-06-28 14:26:30.000000000,BEST_BID,"JPM,99695,166"
2019-06-28 14:26:30.000000000,BEST_ASK,"JPM,99783,166"
2019-06-28 14:26:30.000000000,BEST_BID,"JPM,99695,166"
2019-06-28 14:26:30.000000000,BEST_ASK,"JPM,99783,166"
2019-06-28 14:26:30.000000000,BEST_BID,"JPM,99695,166"
2019-06-28 14:26:30.000000000,BEST_ASK,"JPM,99783,166"
2019-06-28 14:26:30.000000000,BEST_BID,"JPM,99695,166"
2019-06-28 14:26:30.000000000,BEST_ASK,"JPM,99783,166"
2019-06-28 14:26:40.000000000,QUERY_SPREAD,1
2019-06-28 14:26:40.000000000,BEST_BID,"JPM,99695,166"
2019-06-28 14:26:40.000000000,BEST_ASK,"JPM,99783,100"
2019-06-28 14:26:40.000000000,BEST_BID,"JPM,99695,166"
2019-06-28 14:26:40.000000000,BEST_ASK,"JPM,99783,100"
2019-06-28 14:26:40.000000000,BEST_BID,"JPM,99695,166"
2019-06-28 14:26:40.000000000,BEST_ASK,"JPM,99783,100"
2019-06-28 14:26:40.000000000,BEST_BID,"JPM,99695,166"
2019-06-28 14:26:40.000000000,BEST_ASK,"JPM,99783,100"
2019-06-28 14:26:40.000000000,BEST_BID,"JPM,99695,166"
2019-06-28 14:26:40.000000000,BEST_ASK,"JPM,99783,100"
2019-06-28 14:26:40.000000000,BEST_BID,"JPM,99695,166"
2019-06-28 14:26:40.000000000,BEST_ASK,"JPM,99783,166"
2019-06-28 14:26:40.000000000,BEST_BID,"JPM,99695,166"
2019-06-28 14:26:40.000000000,BEST_ASK,"JPM,99783,166"
2019-06-28 14:26:40.000000000,BEST_BID,"JPM,99695,166"
2019-06-28 14:26:40.000000000,BEST_ASK,"JPM,99783,166"
2019-06-28 14:26:40.000000000,BEST_BID,"JPM,99695,166"
2019-06-28 14:26:40.000000000,BEST_ASK,"JPM,99783,166"
2019-06-28 14:26:40.000000000,BEST_BID,"JPM,99695,166"
2019-06-28 14:26:40.000000000,BEST_ASK,"JPM,99783,166"
2019-06-28 14:26:50.000000000,QUERY_SPREAD,1
2019-06-28 14:26:50.000000000,BEST_BID,"JPM,99695,428"
2019-06-28 14:26:50.000000000,BEST_ASK,"JPM,99783,100"
2019-06-28 14:26:50.000000000,BEST_BID,"JPM,99695,428"
2019-06-28 14:26:50.000000000,BEST_ASK,"JPM,99783,428"
2019-06-28 14:26:56.178333086,QUERY_SPREAD,44
2019-06-28 14:26:56.178333086,BEST_BID,"JPM,99695,428"
2019-06-28 14:26:56.178333086,BEST_ASK,"JPM,99783,428"
2019-06-28 14:27:00.000000000,QUERY_SPREAD,1
2019-06-28 14:27:00.000000000,BEST_BID,"JPM,99695,428"
2019-06-28 14:27:00.000000000,BEST_ASK,"JPM,99783,100"
2019-06-28 14:27:00.000000000,BEST_BID,"JPM,99695,428"
2019-06-28 14:27:00.000000000,BEST_ASK,"JPM,99783,428"
2019-06-28 14:27:00.000000000,QUERY_SPREAD,77
2019-06-28 14:27:00.000000000,BEST_BID,"JPM,99695,424"
2019-06-28 14:27:00.000000000,BEST_ASK,"JPM,99783,428"
2019-06-28 14:27:00.000000000,LAST_TRADE,"4,$99695.0000"
2019-06-28 14:27:00.000000000,QUERY_SPREAD,78
2019-06-28 14:27:00.000000000,BEST_BID,"JPM,99695,416"
2019-06-28 14:27:00.000000000,BEST_ASK,"JPM,99783,428"
2019-06-28 14:27:00.000000000,LAST_TRADE,"8,$99695.0000"
2019-06-28 14:27:00.000000000,QUERY_SPREAD,79
2019-06-28 14:27:00.000000000,BEST_BID,"JPM,99695,415"
2019-06-28 14:27:00.000000000,BEST_ASK,"JPM,99783,428"
2019-06-28 14:27:00.000000000,LAST_TRADE,"1,$99695.0000"
2019-06-28 14:27:00.000000000,QUERY_SPREAD,80
2019-06-28 14:27:00.000000000,BEST_BID,"JPM,99695,410"
2019-06-28 14:27:00.000000000,BEST_ASK,"JPM,99783,428"
2019-06-28 14:27:00.000000000,LAST_TRADE,"5,$99695.0000"
2019-06-28 14:27:00.000000000,QUERY_SPREAD,81
2019-06-28 14:27:00.000000000,BEST_BID,"JPM,99695,405"
2019-06-28 14:27:00.000000000,BEST_ASK,"JPM,99783,428"
2019-06-28 14:27:00.000000000,LAST_TRADE,"5,$99695.0000"
2019-06-28 14:27:00.000000000,QUERY_SPREAD,82
2019-06-28 14:27:00.000000000,BEST_BID,"JPM,99695,399"
2019-06-28 14:27:00.000000000,BEST_ASK,"JPM,99783,428"
2019-06-28 14:27:00.000000000,LAST_TRADE,"6,$99695.0000"
2019-06-28 14:27:00.000000000,QUERY_SPREAD,83
2019-06-28 14:27:00.000000000,BEST_BID,"JPM,99695,395"
2019-06-28 14:27:00.000000000,BEST_ASK,"JPM,99783,428"
2019-06-28 14:27:00.000000000,LAST_TRADE,"4,$99695.0000"
2019-06-28 14:27:00.000000000,QUERY_SPREAD,84
2019-06-28 14:27:00.000000000,BEST_BID,"JPM,99695,390"
2019-06-28 14:27:00.000000000,BEST_ASK,"JPM,99783,428"
2019-06-28 14:27:00.000000000,LAST_TRADE,"5,$99695.0000"
2019-06-28 14:27:00.000000000,QUERY_SPREAD,85
2019-06-28 14:27:00.000000000,BEST_BID,"JPM,99695,385"
2019-06-28 14:27:00.000000000,BEST_ASK,"JPM,99783,428"
2019-06-28 14:27:00.000000000,LAST_TRADE,"5,$99695.0000"
2019-06-28 14:27:00.000000000,QUERY_SPREAD,86
2019-06-28 14:27:00.000000000,BEST_BID,"JPM,99695,376"
2019-06-28 14:27:00.000000000,BEST_ASK,"JPM,99783,428"
2019-06-28 14:27:00.000000000,LAST_TRADE,"9,$99695.0000"
2019-06-28 14:27:00.000000000,QUERY_SPREAD,87
2019-06-28 14:27:00.000000000,BEST_BID,"JPM,99695,374"
2019-06-28 14:27:00.000000000,BEST_ASK,"JPM,99783,428"
2019-06-28 14:27:00.000000000,LAST_TRADE,"2,$99695.0000"
2019-06-28 14:27:00.000000000,QUERY_SPREAD,88
2019-06-28 14:27:00.000000000,BEST_BID,"JPM,99695,366"
2019-06-28 14:27:00.000000000,BEST_ASK,"JPM,99783,428"
2019-06-28 14:27:00.000000000,LAST_TRADE,"8,$99695.0000"
2019-06-28 14:27:00.000000000,QUERY_SPREAD,89
2019-06-28 14:27:00.000000000,BEST_BID,"JPM,99695,359"
2019-06-28 14:27:00.000000000,BEST_ASK,"JPM,99783,428"
2019-06-28 14:27:00.000000000,LAST_TRADE,"7,$99695.0000"
2019-06-28 14:27:00.000000000,QUERY_SPREAD,90
2019-06-28 14:27:00.000000000,BEST_BID,"JPM,99695,353"
2019-06-28 14:27:00.000000000,BEST_ASK,"JPM,99783,428"
2019-06-28 14:27:00.000000000,LAST_TRADE,"6,$99695.0000"
2019-06-28 14:27:00.000000000,QUERY_SPREAD,91
2019-06-28 14:27:00.000000000,BEST_BID,"JPM,99695,348"
2019-06-28 14:27:00.000000000,BEST_ASK,"JPM,99783,428"
2019-06-28 14:27:00.000000000,LAST_TRADE,"5,$99695.0000"
2019-06-28 14:27:00.000000000,QUERY_SPREAD,92
2019-06-28 14:27:00.000000000,BEST_BID,"JPM,99695,347"
2019-06-28 14:27:00.000000000,BEST_ASK,"JPM,99783,428"
2019-06-28 14:27:00.000000000,LAST_TRADE,"1,$99695.0000"
2019-06-28 14:27:00.000000000,QUERY_SPREAD,93
2019-06-28 14:27:00.000000000,BEST_BID,"JPM,99695,345"
2019-06-28 14:27:00.000000000,BEST_ASK,"JPM,99783,428"
2019-06-28 14:27:00.000000000,LAST_TRADE,"2,$99695.0000"
2019-06-28 14:27:00.000000000,QUERY_SPREAD,94
2019-06-28 14:27:00.000000000,BEST_BID,"JPM,99695,343"
2019-06-28 14:27:00.000000000,BEST_ASK,"JPM,99783,428"
2019-06-28 14:27:00.000000000,LAST_TRADE,"2,$99695.0000"
2019-06-28 14:27:00.000000000,QUERY_SPREAD,95
2019-06-28 14:27:00.000000000,BEST_BID,"JPM,99695,336"
2019-06-28 14:27:00.000000000,BEST_ASK,"JPM,99783,428"
2019-06-28 14:27:00.000000000,LAST_TRADE,"7,$99695.0000"
2019-06-28 14:27:00.000000000,QUERY_SPREAD,96
2019-06-28 14:27:00.000000000,BEST_BID,"JPM,99695,329"
2019-06-28 14:27:00.000000000,BEST_ASK,"JPM,99783,428"
2019-06-28 14:27:00.000000000,LAST_TRADE,"7,$99695.0000"
2019-06-28 14:27:00.000000000,QUERY_SPREAD,97
2019-06-28 14:27:00.000000000,BEST_BID,"JPM,99695,323"
2019-06-28 14:27:00.000000000,BEST_ASK,"JPM,99783,428"
2019-06-28 14:27:00.000000000,LAST_TRADE,"6,$99695.0000"
2019-06-28 14:27:00.000000000,QUERY_SPREAD,98
2019-06-28 14:27:00.000000000,BEST_BID,"JPM,99695,319"
2019-06-28 14:27:00.000000000,BEST_ASK,"JPM,99783,428"
2019-06-28 14:27:00.000000000,LAST_TRADE,"4,$99695.0000"
2019-06-28 14:27:00.000000000,QUERY_SPREAD,99
2019-06-28 14:27:00.000000000,BEST_BID,"JPM,99695,317"
2019-06-28 14:27:00.000000000,BEST_ASK,"JPM,99783,428"
2019-06-28 14:27:00.000000000,LAST_TRADE,"2,$99695.0000"
2019-06-28 14:27:00.000000000,QUERY_SPREAD,100
2019-06-28 14:27:00.000000000,BEST_BID,"JPM,99695,311"
2019-06-28 14:27:00.000000000,BEST_ASK,"JPM,99783,428"
2019-06-28 14:27:00.000000000,LAST_TRADE,"6,$99695.0000"
2019-06-28 14:27:00.000000000,QUERY_SPREAD,101
2019-06-28 14:27:00.000000000,QUERY_ORDER_STREAM,101
2019-06-28 14:27:10.000000000,QUERY_SPREAD,1
2019-06-28 14:27:10.000000000,BEST_BID,"JPM,99605,212"
2019-06-28 14:27:10.000000000,BEST_ASK,"JPM,99783,100"
2019-06-28 14:27:10.000000000,BEST_BID,"JPM,99605,212"
2019-06-28 14:27:10.000000000,BEST_ASK,"JPM,99783,100"
2019-06-28 14:27:10.000000000,BEST_BID,"JPM,99605,212"
2019-06-28 14:27:10.000000000,BEST_ASK,"JPM,99783,100"
2019-06-28 14:27:10.000000000,BEST_BID,"JPM,99605,212"
2019-06-28 14:27:10.000000000,BEST_ASK,"JPM,99783,212"
2019-06-28 14:27:10.000000000,BEST_BID,"JPM,99605,212"
2019-06-28 14:27:10.000000000,BEST_ASK,"JPM,99783,212"
2019-06-28 14:27:10.000000000,BEST_BID,"JPM,99605,212"
2019-06-28 14:27:10.000000000,BEST_ASK,"JPM,99783,212"
2019-06-28 14:27:15.943355516,QUERY_ORDER_STREAM,59
2019-06-28 14:27:15.943355516,QUERY_SPREAD,59
2019-06-28 14:27:15.943355516,BEST_BID,"JPM,99605,212"
2019-06-28 14:27:15.943355516,BEST_ASK,"JPM,99695,100"
2019-06-28 14:27:20.000000000,QUERY_SPREAD,1
2019-06-28 14:27:20.000000000,BEST_BID,"JPM,99605,166"
2019-06-28 14:27:20.000000000,BEST_ASK,"JPM,99695,100"
2019-06-28 14:27:20.000000000,BEST_BID,"JPM,99605,166"
2019-06-28 14:27:20.000000000,BEST_ASK,"JPM,99695,100"
2019-06-28 14:27:20.000000000,BEST_BID,"JPM,99605,166"
2019-06-28 14:27:20.000000000,BEST_ASK,"JPM,99695,100"
2019-06-28 14:27:20.000000000,BEST_BID,"JPM,99605,166"
2019-06-28 14:27:20.000000000,BEST_ASK,"JPM,99695,100"
2019-06-28 14:27:20.000000000,BEST_BID,"JPM,99605,166"
2019-06-28 14:27:20.000000000,BEST_ASK,"JPM,99695,100"
2019-06-28 14:27:20.000000000,BEST_BID,"JPM,99605,166"
2019-06-28 14:27:20.000000000,BEST_ASK,"JPM,99695,166"
2019-06-28 14:27:20.000000000,BEST_BID,"JPM,99605,166"
2019-06-28 14:27:20.000000000,BEST_ASK,"JPM,99695,166"
2019-06-28 14:27:20.000000000,BEST_BID,"JPM,99605,166"
2019-06-28 14:27:20.000000000,BEST_ASK,"JPM,99695,166"
2019-06-28 14:27:20.000000000,BEST_BID,"JPM,99605,166"
2019-06-28 14:27:20.000000000,BEST_ASK,"JPM,99695,166"
2019-06-28 14:27:20.000000000,BEST_BID,"JPM,99605,166"
2019-06-28 14:27:20.000000000,BEST_ASK,"JPM,99695,166"
2019-06-28 14:27:30.000000000,QUERY_SPREAD,1
2019-06-28 14:27:30.000000000,BEST_BID,"JPM,99605,166"
2019-06-28 14:27:30.000000000,BEST_ASK,"JPM,99695,100"
2019-06-28 14:27:30.000000000,BEST_BID,"JPM,99605,166"
2019-06-28 14:27:30.000000000,BEST_ASK,"JPM,99695,100"
2019-06-28 14:27:30.000000000,BEST_BID,"JPM,99605,166"
2019-06-28 14:27:30.000000000,BEST_ASK,"JPM,99695,100"
2019-06-28 14:27:30.000000000,BEST_BID,"JPM,99605,166"
2019-06-28 14:27:30.000000000,BEST_ASK,"JPM,99695,100"
2019-06-28 14:27:30.000000000,BEST_BID,"JPM,99605,166"
2019-06-28 14:27:30.000000000,BEST_ASK,"JPM,99695,100"
2019-06-28 14:27:30.000000000,BEST_BID,"JPM,99605,166"
2019-06-28 14:27:30.000000000,BEST_ASK,"JPM,99695,166"
2019-06-28 14:27:30.000000000,BEST_BID,"JPM,99605,166"
2019-06-28 14:27:30.000000000,BEST_ASK,"JPM,99695,166"
2019-06-28 14:27:30.000000000,BEST_BID,"JPM,99605,166"
2019-06-28 14:27:30.000000000,BEST_ASK,"JPM,99695,166"
2019-06-28 14:27:30.000000000,BEST_BID,"JPM,99605,166"
2019-06-28 14:27:30.000000000,BEST_ASK,"JPM,99695,166"
2019-06-28 14:27:30.000000000,BEST_BID,"JPM,99605,166"
2019-06-28 14:27:30.000000000,BEST_ASK,"JPM,99695,166"
2019-06-28 14:27:40.000000000,QUERY_SPREAD,1
2019-06-28 14:27:40.000000000,BEST_BID,"JPM,99605,212"
2019-06-28 14:27:40.000000000,BEST_ASK,"JPM,99695,100"
2019-06-28 14:27:40.000000000,BEST_BID,"JPM,99605,212"
2019-06-28 14:27:40.000000000,BEST_ASK,"JPM,99695,100"
2019-06-28 14:27:40.000000000,BEST_BID,"JPM,99605,212"
2019-06-28 14:27:40.000000000,BEST_ASK,"JPM,99695,100"
2019-06-28 14:27:40.000000000,BEST_BID,"JPM,99605,212"
2019-06-28 14:27:40.000000000,BEST_ASK,"JPM,99695,212"
2019-06-28 14:27:40.000000000,BEST_BID,"JPM,99605,212"
2019-06-28 14:27:40.000000000,BEST_ASK,"JPM,99695,212"
2019-06-28 14:27:40.000000000,BEST_BID,"JPM,99605,212"
2019-06-28 14:27:40.000000000,BEST_ASK,"JPM,99695,212"
2019-06-28 14:27:50.000000000,QUERY_SPREAD,1
2019-06-28 14:27:50.000000000,BEST_BID,"JPM,99605,428"
2019-06-28 14:27:50.000000000,BEST_ASK,"JPM,99695,100"
2019-06-28 14:27:50.000000000,BEST_BID,"JPM,99605,428"
2019-06-28 14:27:50.000000000,BEST_ASK,"JPM,99695,428"
2019-06-28 14:28:00.000000000,QUERY_SPREAD,1
2019-06-28 14:28:00.000000000,BEST_BID,"JPM,99605,264"
2019-06-28 14:28:00.000000000,BEST_ASK,"JPM,99695,100"
2019-06-28 14:28:00.000000000,BEST_BID,"JPM,99605,264"
2019-06-28 14:28:00.000000000,BEST_ASK,"JPM,99695,100"
2019-06-28 14:28:00.000000000,BEST_BID,"JPM,99605,264"
2019-06-28 14:28:00.000000000,BEST_ASK,"JPM,99695,264"
2019-06-28 14:28:00.000000000,BEST_BID,"JPM,99605,264"
2019-06-28 14:28:00.000000000,BEST_ASK,"JPM,99695,264"
2019-06-28 14:28:00.000000000,QUERY_SPREAD,77
2019-06-28 14:28:00.000000000,BEST_BID,"JPM,99605,264"
2019-06-28 14:28:00.000000000,BEST_ASK,"JPM,99695,260"
2019-06-28 14:28:00.000000000,LAST_TRADE,"4,$99695.0000"
2019-06-28 14:28:00.000000000,QUERY_SPREAD,78
2019-06-28 14:28:00.000000000,BEST_BID,"JPM,99605,264"
2019-06-28 14:28:00.000000000,BEST_ASK,"JPM,99695,252"
2019-06-28 14:28:00.000000000,LAST_TRADE,"8,$99695.0000"
2019-06-28 14:28:00.000000000,QUERY_SPREAD,79
2019-06-28 14:28:00.000000000,BEST_BID,"JPM,99605,264"
2019-06-28 14:28:00.000000000,BEST_ASK,"JPM,99695,251"
2019-06-28 14:28:00.000000000,LAST_TRADE,"1,$99695.0000"
2019-06-28 14:28:00.000000000,QUERY_SPREAD,80
2019-06-28 14:28:00.000000000,BEST_BID,"JPM,99605,264"
2019-06-28 14:28:00.000000000,BEST_ASK,"JPM,99695,246"
2019-06-28 14:28:00.000000000,LAST_TRADE,"5,$99695.0000"
2019-06-28 14:28:00.000000000,QUERY_SPREAD,81
2019-06-28 14:28:00.000000000,BEST_BID,"JPM,99605,264"
2019-06-28 14:28:00.000000000,BEST_ASK,"JPM,99695,241"
2019-06-28 14:28:00.000000000,LAST_TRADE,"5,$99695.0000"
2019-06-28 14:28:00.000000000,QUERY_SPREAD,82
2019-06-28 14:28:00.000000000,BEST_BID,"JPM,99605,264"
2019-06-28 14:28:00.000000000,BEST_ASK,"JPM,99695,235"
2019-06-28 14:28:00.000000000,LAST_TRADE,"6,$99695.0000"
2019-06-28 14:28:00.000000000,QUERY_SPREAD,83
2019-06-28 14:28:00.000000000,BEST_BID,"JPM,99605,264"
2019-06-28 14:28:00.000000000,BEST_ASK,"JPM,99695,231"
2019-06-28 14:28:00.000000000,LAST_TRADE,"4,$99695.0000"
2019-06-28 14:28:00.000000000,QUERY_SPREAD,84
2019-06-28 14:28:00.000000000,BEST_BID,"JPM,99605,264"
2019-06-28 14:28:00.000000000,BEST_ASK,"JPM,99695,226"
2019-06-28 14:28:00.000000000,LAST_TRADE,"5,$99695.0000"
2019-06-28 14:28:00.000000000,QUERY_SPREAD,85
2019-06-28 14:28:00.000000000,BEST_BID,"JPM,99605,264"
2019-06-28 14:28:00.000000000,BEST_ASK,"JPM,99695,221"
2019-06-28 14:28:00.000000000,LAST_TRADE,"5,$99695.0000"
2019-06-28 14:28:00.000000000,QUERY_SPREAD,86
2019-06-28 14:28:00.000000000,BEST_BID,"JPM,99605,264"
2019-06-28 14:28:00.000000000,BEST_ASK,"JPM,99695,212"
2019-06-28 14:28:00.000000000,LAST_TRADE,"9,$99695.0000"
2019-06-28 14:28:00.000000000,QUERY_SPREAD,87
2019-06-28 14:28:00.000000000,BEST_BID,"JPM,99605,264"
2019-06-28 14:28:00.000000000,BEST_ASK,"JPM,99695,210"
2019-06-28 14:28:00.000000000,LAST_TRADE,"2,$99695.0000"
2019-06-28 14:28:00.000000000,QUERY_SPREAD,88
2019-06-28 14:28:00.000000000,BEST_BID,"JPM,99605,264"
2019-06-28 14:28:00.000000000,BEST_ASK,"JPM,99695,202"
2019-06-28 14:28:00.000000000,LAST_TRADE,"8,$99695.0000"
2019-06-28 14:28:00.000000000,QUERY_SPREAD,89
2019-06-28 14:28:00.000000000,BEST_BID,"JPM,99605,264"
2019-06-28 14:28:00.000000000,BEST_ASK,"JPM,99695,195"
2019-06-28 14:28:00.000000000,LAST_TRADE,"7,$99695.0000"
2019-06-28 14:28:00.000000000,QUERY_SPREAD,90
2019-06-28 14:28:00.000000000,BEST_BID,"JPM,99605,264"
2019-06-28 14:28:00.000000000,BEST_ASK,"JPM,99695,189"
2019-06-28 14:28:00.000000000,LAST_TRADE,"6,$99695.0000"
2019-06-28 14:28:00.000000000,QUERY_SPREAD,91
2019-06-28 14:28:00.000000000,BEST_BID,"JPM,99605,264"
2019-06-28 14:28:00.000000000,BEST_ASK,"JPM,99695,184"
2019-06-28 14:28:00.000000000,LAST_TRADE,"5,$99695.0000"
2019-06-28 14:28:00.000000000,QUERY_SPREAD,92
2019-06-28 14:28:00.000000000,BEST_BID,"JPM,99605,264"
2019-06-28 14:28:00.000000000,BEST_ASK,"JPM,99695,183"
2019-06-28 14:28:00.000000000,LAST_TRADE,"1,$99695.0000"
2019-06-28 14:28:00.000000000,QUERY_SPREAD,93
2019-06-28 14:28:00.000000000,BEST_BID,"JPM,99605,264"
2019-06-28 14:28:00.000000000,BEST_ASK,"JPM,99695,181"
2019-06-28 14:28:00.000000000,LAST_TRADE,"2,$99695.0000"
2019-06-28 14:28:00.000000000,QUERY_SPREAD,94
2019-06-28 14:28:00.000000000,BEST_BID,"JPM,99605,264"
2019-06-28 14:28:00.000000000,BEST_ASK,"JPM,99695,179"
2019-06-28 14:28:00.000000000,LAST_TRADE,"2,$99695.0000"
2019-06-28 14:28:00.000000000,QUERY_SPREAD,95
2019-06-28 14:28:00.000000000,BEST_BID,"JPM,99605,264"
2019-06-28 14:28:00.000000000,BEST_ASK,"JPM,99695,172"
2019-06-28 14:28:00.000000000,LAST_TRADE,"7,$99695.0000"
2019-06-28 14:28:00.000000000,QUERY_SPREAD,96
2019-06-28 14:28:00.000000000,BEST_BID,"JPM,99605,264"
2019-06-28 14:28:00.000000000,BEST_ASK,"JPM,99695,165"
2019-06-28 14:28:00.000000000,LAST_TRADE,"7,$99695.0000"
2019-06-28 14:28:00.000000000,QUERY_SPREAD,97
2019-06-28 14:28:00.000000000,BEST_BID,"JPM,99605,264"
2019-06-28 14:28:00.000000000,BEST_ASK,"JPM,99695,159"
2019-06-28 14:28:00.000000000,LAST_TRADE,"6,$99695.0000"
2019-06-28 14:28:00.000000000,QUERY_SPREAD,98
2019-06-28 14:28:00.000000000,BEST_BID,"JPM,99605,264"
2019-06-28 14:28:00.000000000,BEST_ASK,"JPM,99695,155"
2019-06-28 14:28:00.000000000,LAST_TRADE,"4,$99695.0000"
2019-06-28 14:28:00.000000000,QUERY_SPREAD,99
2019-06-28 14:28:00.000000000,BEST_BID,"JPM,99605,264"
2019-06-28 14:28:00.000000000,BEST_ASK,"JPM,99695,153"
2019-06-28 14:28:00.000000000,LAST_TRADE,"2,$99695.0000"
2019-06-28 14:28:00.000000000,QUERY_SPREAD,100
2019-06-28 14:28:00.000000000,BEST_BID,"JPM,99605,264"
2019-06-28 14:28:00.000000000,BEST_ASK,"JPM,99695,147"
2019-06-28 14:28:00.000000000,LAST_TRADE,"6,$99695.0000"
2019-06-28 14:28:00.000000000,QUERY_SPREAD,101
2019-06-28 14:28:00.000000000,QUERY_ORDER_STREAM,101
2019-06-28 14:28:07.577259972,QUERY_ORDER_STREAM,75
2019-06-28 14:28:07.577259972,QUERY_SPREAD,75
2019-06-28 14:28:10.000000000,QUERY_SPREAD,1
2019-06-28 14:28:10.000000000,BEST_BID,"JPM,99605,182"
2019-06-28 14:28:10.000000000,BEST_ASK,"JPM,99783,100"
2019-06-28 14:28:10.000000000,BEST_BID,"JPM,99605,182"
2019-06-28 14:28:10.000000000,BEST_ASK,"JPM,99783,100"
2019-06-28 14:28:10.000000000,BEST_BID,"JPM,99605,182"
2019-06-28 14:28:10.000000000,BEST_ASK,"JPM,99783,100"
2019-06-28 14:28:10.000000000,BEST_BID,"JPM,99605,182"
2019-06-28 14:28:10.000000000,BEST_ASK,"JPM,99783,100"
2019-06-28 14:28:10.000000000,BEST_BID,"JPM,99605,182"
2019-06-28 14:28:10.000000000,BEST_ASK,"JPM,99783,182"
2019-06-28 14:28:10.000000000,BEST_BID,"JPM,99605,182"
2019-06-28 14:28:10.000000000,BEST_ASK,"JPM,99783,182"
2019-06-28 14:28:10.000000000,BEST_BID,"JPM,99605,182"
2019-06-28 14:28:10.000000000,BEST_ASK,"JPM,99783,182"
2019-06-28 14:28:10.000000000,BEST_BID,"JPM,99605,182"
2019-06-28 14:28:10.000000000,BEST_ASK,"JPM,99783,182"
2019-06-28 14:28:14.114299539,QUERY_SPREAD,9
2019-06-28 14:28:14.114299539,BEST_BID,"JPM,99605,182"
2019-06-28 14:28:14.114299539,BEST_ASK,"JPM,99783,182"
2019-06-28 14:28:20.000000000,QUERY_SPREAD,1
2019-06-28 14:28:20.000000000,BEST_BID,"JPM,99605,212"
2019-06-28 14:28:20.000000000,BEST_ASK,"JPM,99783,100"
2019-06-28 14:28:20.000000000,BEST_BID,"JPM,99605,212"
2019-06-28 14:28:20.000000000,BEST_ASK,"JPM,99783,100"
2019-06-28 14:28:20.000000000,BEST_BID,"JPM,99605,212"
2019-06-28 14:28:20.000000000,BEST_ASK,"JPM,99783,100"
2019-06-28 14:28:20.000000000,BEST_BID,"JPM,99605,212"
2019-06-28 14:28:20.000000000,BEST_ASK,"JPM,99783,212"
2019-06-28 14:28:20.000000000,BEST_BID,"JPM,99605,212"
2019-06-28 14:28:20.000000000,BEST_ASK,"JPM,99783,212"
2019-06-28 14:28:20.000000000,BEST_BID,"JPM,99605,212"
2019-06-28 14:28:20.000000000,BEST_ASK,"JPM,99783,212"
2019-06-28 14:28:25.992498391,QUERY_SPREAD,41
2019-06-28 14:28:25.992498391,BEST_BID,"JPM,99605,112"
2019-06-28 14:28:25.992498391,BEST_ASK,"JPM,99783,212"
2019-06-28 14:28:25.992498391,LAST_TRADE,"100,$99605.0000"
2019-06-28 14:28:30.000000000,QUERY_SPREAD,1
2019-06-28 14:28:30.000000000,BEST_BID,"JPM,99590,528"
2019-06-28 14:28:30.000000000,BEST_ASK,"JPM,99783,100"
2019-06-28 14:28:30.000000000,BEST_BID,"JPM,99590,528"
2019-06-28 14:28:30.000000000,BEST_ASK,"JPM,99783,428"
2019-06-28 14:28:33.544003065,QUERY_SPREAD,40
2019-06-28 14:28:33.544003065,BEST_BID,"JPM,99590,528"
2019-06-28 14:28:33.544003065,BEST_ASK,"JPM,99783,428"
2019-06-28 14:28:40.000000000,QUERY_SPREAD,1
2019-06-28 14:28:40.000000000,BEST_BID,"JPM,99590,312"
2019-06-28 14:28:40.000000000,BEST_ASK,"JPM,99783,100"
2019-06-28 14:28:40.000000000,BEST_BID,"JPM,99590,312"
2019-06-28 14:28:40.000000000,BEST_ASK,"JPM,99783,100"
2019-06-28 14:28:40.000000000,BEST_BID,"JPM,99590,312"
2019-06-28 14:28:40.000000000,BEST_ASK,"JPM,99783,100"
2019-06-28 14:28:40.000000000,BEST_BID,"JPM,99590,312"
2019-06-28 14:28:40.000000000,BEST_ASK,"JPM,99783,212"
2019-06-28 14:28:40.000000000,BEST_BID,"JPM,99590,312"
2019-06-28 14:28:40.000000000,BEST_ASK,"JPM,99783,212"
2019-06-28 14:28:40.000000000,BEST_BID,"JPM,99590,312"
2019-06-28 14:28:40.000000000,BEST_ASK,"JPM,99783,212"
2019-06-28 14:28:50.000000000,QUERY_SPREAD,1
2019-06-28 14:28:50.000000000,BEST_BID,"JPM,99590,312"
2019-06-28 14:28:50.000000000,BEST_ASK,"JPM,99783,100"
2019-06-28 14:28:50.000000000,BEST_BID,"JPM,99590,312"
2019-06-28 14:28:50.000000000,BEST_ASK,"JPM,99783,100"
2019-06-28 14:28:50.000000000,BEST_BID,"JPM,99590,312"
2019-06-28 14:28:50.000000000,BEST_ASK,"JPM,99783,100"
2019-06-28 14:28:50.000000000,BEST_BID,"JPM,99590,312"
2019-06-28 14:28:50.000000000,BEST_ASK,"JPM,99783,212"
2019-06-28 14:28:50.000000000,BEST_BID,"JPM,99590,312"
2019-06-28 14:28:50.000000000,BEST_ASK,"JPM,99783,212"
2019-06-28 14:28:50.000000000,BEST_BID,"JPM,99590,312"
2019-06-28 14:28:50.000000000,BEST_ASK,"JPM,99783,212"
2019-06-28 14:28:53.728310758,QUERY_SPREAD,8
2019-06-28 14:28:53.728310758,BEST_BID,"JPM,99590,312"
2019-06-28 14:28:53.728310758,BEST_ASK,"JPM,99783,212"
2019-06-28 14:29:00.000000000,QUERY_SPREAD,1
2019-06-28 14:29:00.000000000,BEST_BID,"JPM,99590,528"
2019-06-28 14:29:00.000000000,BEST_ASK,"JPM,99783,100"
2019-06-28 14:29:00.000000000,BEST_BID,"JPM,99590,528"
2019-06-28 14:29:00.000000000,BEST_ASK,"JPM,99783,428"
2019-06-28 14:29:00.000000000,QUERY_SPREAD,77
2019-06-28 14:29:00.000000000,BEST_BID,"JPM,99590,528"
2019-06-28 14:29:00.000000000,BEST_ASK,"JPM,99783,424"
2019-06-28 14:29:00.000000000,LAST_TRADE,"4,$99783.0000"
2019-06-28 14:29:00.000000000,QUERY_SPREAD,78
2019-06-28 14:29:00.000000000,BEST_BID,"JPM,99590,528"
2019-06-28 14:29:00.000000000,BEST_ASK,"JPM,99783,416"
2019-06-28 14:29:00.000000000,LAST_TRADE,"8,$99783.0000"
2019-06-28 14:29:00.000000000,QUERY_SPREAD,79
2019-06-28 14:29:00.000000000,BEST_BID,"JPM,99590,528"
2019-06-28 14:29:00.000000000,BEST_ASK,"JPM,99783,415"
2019-06-28 14:29:00.000000000,LAST_TRADE,"1,$99783.0000"
2019-06-28 14:29:00.000000000,QUERY_SPREAD,80
2019-06-28 14:29:00.000000000,BEST_BID,"JPM,99590,528"
2019-06-28 14:29:00.000000000,BEST_ASK,"JPM,99783,410"
2019-06-28 14:29:00.000000000,LAST_TRADE,"5,$99783.0000"
2019-06-28 14:29:00.000000000,QUERY_SPREAD,81
2019-06-28 14:29:00.000000000,BEST_BID,"JPM,99590,528"
2019-06-28 14:29:00.000000000,BEST_ASK,"JPM,99783,405"
2019-06-28 14:29:00.000000000,LAST_TRADE,"5,$99783.0000"
2019-06-28 14:29:00.000000000,QUERY_SPREAD,82
2019-06-28 14:29:00.000000000,BEST_BID,"JPM,99590,528"
2019-06-28 14:29:00.000000000,BEST_ASK,"JPM,99783,399"
2019-06-28 14:29:00.000000000,LAST_TRADE,"6,$99783.0000"
2019-06-28 14:29:00.000000000,QUERY_SPREAD,83
2019-06-28 14:29:00.000000000,BEST_BID,"JPM,99590,528"
2019-06-28 14:29:00.000000000,BEST_ASK,"JPM,99783,395"
2019-06-28 14:29:00.000000000,LAST_TRADE,"4,$99783.0000"
2019-06-28 14:29:00.000000000,QUERY_SPREAD,84
2019-06-28 14:29:00.000000000,BEST_BID,"JPM,99590,528"
2019-06-28 14:29:00.000000000,BEST_ASK,"JPM,99783,390"
2019-06-28 14:29:00.000000000,LAST_TRADE,"5,$99783.0000"
2019-06-28 14:29:00.000000000,QUERY_SPREAD,85
2019-06-28 14:29:00.000000000,BEST_BID,"JPM,99590,528"
2019-06-28 14:29:00.000000000,BEST_ASK,"JPM,99783,385"
2019-06-28 14:29:00.000000000,LAST_TRADE,"5,$99783.0000"
2019-06-28 14:29:00.000000000,QUERY_SPREAD,86
2019-06-28 14:29:00.000000000,BEST_BID,"JPM,99590,528"
2019-06-28 14:29:00.000000000,BEST_ASK,"JPM,99783,376"
2019-06-28 14:29:00.000000000,LAST_TRADE,"9,$99783.0000"
2019-06-28 14:29:00.000000000,QUERY_SPREAD,87
2019-06-28 14:29:00.000000000,BEST_BID,"JPM,99590,528"
2019-06-28 14:29:00.000000000,BEST_ASK,"JPM,99783,374"
2019-06-28 14:29:00.000000000,LAST_TRADE,"2,$99783.0000"
2019-06-28 14:29:00.000000000,QUERY_SPREAD,88
2019-06-28 14:29:00.000000000,BEST_BID,"JPM,99590,528"
2019-06-28 14:29:00.000000000,BEST_ASK,"JPM,99783,366"
2019-06-28 14:29:00.000000000,LAST_TRADE,"8,$99783.0000"
2019-06-28 14:29:00.000000000,QUERY_SPREAD,89
2019-06-28 14:29:00.000000000,BEST_BID,"JPM,99590,528"
2019-06-28 14:29:00.000000000,BEST_ASK,"JPM,99783,359"
2019-06-28 14:29:00.000000000,LAST_TRADE,"7,$99783.0000"
2019-06-28 14:29:00.000000000,QUERY_SPREAD,90
2019-06-28 14:29:00.000000000,BEST_BID,"JPM,99590,528"
2019-06-28 14:29:00.000000000,BEST_ASK,"JPM,99783,353"
2019-06-28 14:29:00.000000000,LAST_TRADE,"6,$99783.0000"
2019-06-28 14:29:00.000000000,QUERY_SPREAD,91
2019-06-28 14:29:00.000000000,BEST_BID,"JPM,99590,528"
2019-06-28 14:29:00.000000000,BEST_ASK,"JPM,99783,348"
2019-06-28 14:29:00.000000000,LAST_TRADE,"5,$99783.0000"
2019-06-28 14:29:00.000000000,QUERY_SPREAD,92
2019-06-28 14:29:00.000000000,BEST_BID,"JPM,99590,528"
2019-06-28 14:29:00.000000000,BEST_ASK,"JPM,99783,347"
2019-06-28 14:29:00.000000000,LAST_TRADE,"1,$99783.0000"
2019-06-28 14:29:00.000000000,QUERY_SPREAD,93
2019-06-28 14:29:00.000000000,BEST_BID,"JPM,99590,528"
2019-06-28 14:29:00.000000000,BEST_ASK,"JPM,99783,345"
2019-06-28 14:29:00.000000000,LAST_TRADE,"2,$99783.0000"
2019-06-28 14:29:00.000000000,QUERY_SPREAD,94
2019-06-28 14:29:00.000000000,BEST_BID,"JPM,99590,528"
2019-06-28 14:29:00.000000000,BEST_ASK,"JPM,99783,343"
2019-06-28 14:29:00.000000000,LAST_TRADE,"2,$99783.0000"
2019-06-28 14:29:00.000000000,QUERY_SPREAD,95
2019-06-28 14:29:00.000000000,BEST_BID,"JPM,99590,528"
2019-06-28 14:29:00.000000000,BEST_ASK,"JPM,99783,336"
2019-06-28 14:29:00.000000000,LAST_TRADE,"7,$99783.0000"
2019-06-28 14:29:00.000000000,QUERY_SPREAD,96
2019-06-28 14:29:00.000000000,BEST_BID,"JPM,99590,528"
2019-06-28 14:29:00.000000000,BEST_ASK,"JPM,99783,329"
2019-06-28 14:29:00.000000000,LAST_TRADE,"7,$99783.0000"
2019-06-28 14:29:00.000000000,QUERY_SPREAD,97
2019-06-28 14:29:00.000000000,BEST_BID,"JPM,99590,528"
2019-06-28 14:29:00.000000000,BEST_ASK,"JPM,99783,323"
2019-06-28 14:29:00.000000000,LAST_TRADE,"6,$99783.0000"
2019-06-28 14:29:00.000000000,QUERY_SPREAD,98
2019-06-28 14:29:00.000000000,BEST_BID,"JPM,99590,528"
2019-06-28 14:29:00.000000000,BEST_ASK,"JPM,99783,319"
2019-06-28 14:29:00.000000000,LAST_TRADE,"4,$99783.0000"
2019-06-28 14:29:00.000000000,QUERY_SPREAD,99
2019-06-28 14:29:00.000000000,BEST_BID,"JPM,99590,528"
2019-06-28 14:29:00.000000000,BEST_ASK,"JPM,99783,317"
2019-06-28 14:29:00.000000000,LAST_TRADE,"2,$99783.0000"
2019-06-28 14:29:00.000000000,QUERY_SPREAD,100
2019-06-28 14:29:00.000000000,BEST_BID,"JPM,99590,528"
2019-06-28 14:29:00.000000000,BEST_ASK,"JPM,99783,311"
2019-06-28 14:29:00.000000000,LAST_TRADE,"6,$99783.0000"
2019-06-28 14:29:00.000000000,QUERY_SPREAD,101
2019-06-28 14:29:00.000000000,QUERY_ORDER_STREAM,101
2019-06-28 14:29:05.060079914,QUERY_SPREAD,40
2019-06-28 14:29:05.060079914,BEST_BID,"JPM,99590,528"
2019-06-28 14:29:05.060079914,BEST_ASK,"JPM,99783,311"
2019-06-28 14:29:10.000000000,QUERY_SPREAD,1
2019-06-28 14:29:10.000000000,BEST_BID,"JPM,99590,528"
2019-06-28 14:29:10.000000000,BEST_ASK,"JPM,100275,5"
2019-06-28 14:29:10.000000000,BEST_BID,"JPM,99590,528"
2019-06-28 14:29:10.000000000,BEST_ASK,"JPM,100275,333"
2019-06-28 14:29:17.481587235,QUERY_SPREAD,9
2019-06-28 14:29:17.481587235,BEST_BID,"JPM,99590,528"
2019-06-28 14:29:17.481587235,BEST_ASK,"JPM,100275,333"
2019-06-28 14:29:20.000000000,QUERY_SPREAD,1
2019-06-28 14:29:20.000000000,BEST_BID,"JPM,99590,266"
2019-06-28 14:29:20.000000000,BEST_ASK,"JPM,100275,5"
2019-06-28 14:29:20.000000000,BEST_BID,"JPM,99590,266"
2019-06-28 14:29:20.000000000,BEST_ASK,"JPM,100275,5"
2019-06-28 14:29:20.000000000,BEST_BID,"JPM,99590,266"
2019-06-28 14:29:20.000000000,BEST_ASK,"JPM,100275,5"
2019-06-28 14:29:20.000000000,BEST_BID,"JPM,99590,266"
2019-06-28 14:29:20.000000000,BEST_ASK,"JPM,100275,5"
2019-06-28 14:29:20.000000000,BEST_BID,"JPM,99590,266"
2019-06-28 14:29:20.000000000,BEST_ASK,"JPM,100275,5"
2019-06-28 14:29:20.000000000,BEST_BID,"JPM,99590,266"
2019-06-28 14:29:20.000000000,BEST_ASK,"JPM,100275,71"
2019-06-28 14:29:20.000000000,BEST_BID,"JPM,99590,266"
2019-06-28 14:29:20.000000000,BEST_ASK,"JPM,100275,71"
2019-06-28 14:29:20.000000000,BEST_BID,"JPM,99590,266"
2019-06-28 14:29:20.000000000,BEST_ASK,"JPM,100275,71"
2019-06-28 14:29:20.000000000,BEST_BID,"JPM,99590,266"
2019-06-28 14:29:20.000000000,BEST_ASK,"JPM,100275,71"
2019-06-28 14:29:20.000000000,BEST_BID,"JPM,99590,266"
2019-06-28 14:29:20.000000000,BEST_ASK,"JPM,100275,71"
2019-06-28 14:29:27.613480736,QUERY_SPREAD,17
2019-06-28 14:29:27.613480736,BEST_BID,"JPM,99590,266"
2019-06-28 14:29:27.613480736,BEST_ASK,"JPM,100275,71"
2019-06-28 14:29:30.000000000,QUERY_SPREAD,1
2019-06-28 14:29:30.000000000,BEST_BID,"JPM,99590,312"
2019-06-28 14:29:30.000000000,BEST_ASK,"JPM,100275,5"
2019-06-28 14:29:30.000000000,BEST_BID,"JPM,99590,312"
2019-06-28 14:29:30.000000000,BEST_ASK,"JPM,100275,5"
2019-06-28 14:29:30.000000000,BEST_BID,"JPM,99590,312"
2019-06-28 14:29:30.000000000,BEST_ASK,"JPM,100275,5"
2019-06-28 14:29:30.000000000,BEST_BID,"JPM,99590,312"
2019-06-28 14:29:30.000000000,BEST_ASK,"JPM,100275,117"
2019-06-28 14:29:30.000000000,BEST_BID,"JPM,99590,312"
2019-06-28 14:29:30.000000000,BEST_ASK,"JPM,100275,117"
2019-06-28 14:29:30.000000000,BEST_BID,"JPM,99590,312"
2019-06-28 14:29:30.000000000,BEST_ASK,"JPM,100275,117"
2019-06-28 14:29:31.229415309,QUERY_SPREAD,18
2019-06-28 14:29:31.229415309,BEST_BID,"JPM,99590,312"
2019-06-28 14:29:31.229415309,BEST_ASK,"JPM,100275,117"
2019-06-28 14:29:40.000000000,QUERY_SPREAD,1
2019-06-28 14:29:40.000000000,BEST_BID,"JPM,99590,282"
2019-06-28 14:29:40.000000000,BEST_ASK,"JPM,100275,5"
2019-06-28 14:29:40.000000000,BEST_BID,"JPM,99590,282"
2019-06-28 14:29:40.000000000,BEST_ASK,"JPM,100275,5"
2019-06-28 14:29:40.000000000,BEST_BID,"JPM,99590,282"
2019-06-28 14:29:40.000000000,BEST_ASK,"JPM,100275,5"
2019-06-28 14:29:40.000000000,BEST_BID,"JPM,99590,282"
2019-06-28 14:29:40.000000000,BEST_ASK,"JPM,100275,5"
2019-06-28 14:29:40.000000000,BEST_BID,"JPM,99590,282"
2019-06-28 14:29:40.000000000,BEST_ASK,"JPM,100275,87"
2019-06-28 14:29:40.000000000,BEST_BID,"JPM,99590,282"
2019-06-28 14:29:40.000000000,BEST_ASK,"JPM,100275,87"
2019-06-28 14:29:40.000000000,BEST_BID,"JPM,99590,282"
2019-06-28 14:29:40.000000000,BEST_ASK,"JPM,100275,87"
2019-06-28 14:29:40.000000000,BEST_BID,"JPM,99590,282"
2019-06-28 14:29:40.000000000,BEST_ASK,"JPM,100275,87"
2019-06-28 14:29:40.664909736,QUERY_SPREAD,48
2019-06-28 14:29:40.664909736,BEST_BID,"JPM,99590,182"
2019-06-28 14:29:40.664909736,BEST_ASK,"JPM,100275,87"
2019-06-28 14:29:40.664909736,LAST_TRADE,"100,$99590.0000"
2019-06-28 14:29:46.833932765,QUERY_ORDER_STREAM,61
2019-06-28 14:29:46.833932765,QUERY_SPREAD,61
2019-06-28 14:29:47.041014971,QUERY_SPREAD,46
2019-06-28 14:29:47.041014971,BEST_BID,"JPM,99590,82"
2019-06-28 14:29:47.041014971,BEST_ASK,"JPM,100275,87"
2019-06-28 14:29:47.041014971,LAST_TRADE,"100,$99590.0000"
2019-06-28 14:29:50.000000000,QUERY_SPREAD,1
2019-06-28 14:29:50.000000000,BEST_BID,"JPM,99589,195"
2019-06-28 14:29:50.000000000,BEST_ASK,"JPM,100275,5"
2019-06-28 14:29:50.000000000,BEST_BID,"JPM,99589,195"
2019-06-28 14:29:50.000000000,BEST_ASK,"JPM,100275,5"
2019-06-28 14:29:50.000000000,BEST_BID,"JPM,99589,195"
2019-06-28 14:29:50.000000000,BEST_ASK,"JPM,100275,5"
2019-06-28 14:29:50.000000000,BEST_BID,"JPM,99589,195"
2019-06-28 14:29:50.000000000,BEST_ASK,"JPM,100275,117"
2019-06-28 14:29:50.000000000,BEST_BID,"JPM,99589,195"
2019-06-28 14:29:50.000000000,BEST_ASK,"JPM,100275,117"
2019-06-28 14:29:50.000000000,BEST_BID,"JPM,99589,195"
2019-06-28 14:29:50.000000000,BEST_ASK,"JPM,100275,117"
2019-06-28 14:30:00.000000000,QUERY_SPREAD,1
2019-06-28 14:30:00.000000000,BEST_BID,"JPM,99589,195"
2019-06-28 14:30:00.000000000,BEST_ASK,"JPM,100275,5"
2019-06-28 14:30:00.000000000,BEST_BID,"JPM,99589,195"
2019-06-28 14:30:00.000000000,BEST_ASK,"JPM,100275,5"
2019-06-28 14:30:00.000000000,BEST_BID,"JPM,99589,195"
2019-06-28 14:30:00.000000000,BEST_ASK,"JPM,100275,5"
2019-06-28 14:30:00.000000000,BEST_BID,"JPM,99589,195"
2019-06-28 14:30:00.000000000,BEST_ASK,"JPM,100275,117"
2019-06-28 14:30:00.000000000,BEST_BID,"JPM,99589,195"
2019-06-28 14:30:00.000000000,BEST_ASK,"JPM,100275,117"
2019-06-28 14:30:00.000000000,BEST_BID,"JPM,99589,195"
2019-06-28 14:30:00.000000000,BEST_ASK,"JPM,100275,117"
2019-06-28 14:30:00.000000000,QUERY_SPREAD,77
2019-06-28 14:30:00.000000000,BEST_BID,"JPM,99589,195"
2019-06-28 14:30:00.000000000,BEST_ASK,"JPM,100275,113"
2019-06-28 14:30:00.000000000,LAST_TRADE,"4,$100275.0000"
2019-06-28 14:30:00.000000000,QUERY_SPREAD,78
2019-06-28 14:30:00.000000000,BEST_BID,"JPM,99589,195"
2019-06-28 14:30:00.000000000,BEST_ASK,"JPM,100275,105"
2019-06-28 14:30:00.000000000,LAST_TRADE,"8,$100275.0000"
2019-06-28 14:30:00.000000000,QUERY_SPREAD,79
2019-06-28 14:30:00.000000000,BEST_BID,"JPM,99589,195"
2019-06-28 14:30:00.000000000,BEST_ASK,"JPM,100275,104"
2019-06-28 14:30:00.000000000,LAST_TRADE,"1,$100275.0000"
2019-06-28 14:30:00.000000000,QUERY_SPREAD,80
2019-06-28 14:30:00.000000000,BEST_BID,"JPM,99589,195"
2019-06-28 14:30:00.000000000,BEST_ASK,"JPM,100275,99"
2019-06-28 14:30:00.000000000,LAST_TRADE,"5,$100275.0000"
2019-06-28 14:30:00.000000000,QUERY_SPREAD,81
2019-06-28 14:30:00.000000000,BEST_BID,"JPM,99589,195"
2019-06-28 14:30:00.000000000,BEST_ASK,"JPM,100275,94"
2019-06-28 14:30:00.000000000,LAST_TRADE,"5,$100275.0000"
2019-06-28 14:30:00.000000000,QUERY_SPREAD,82
2019-06-28 14:30:00.000000000,BEST_BID,"JPM,99589,195"
2019-06-28 14:30:00.000000000,BEST_ASK,"JPM,100275,88"
2019-06-28 14:30:00.000000000,LAST_TRADE,"6,$100275.0000"
2019-06-28 14:30:00.000000000,QUERY_SPREAD,83
2019-06-28 14:30:00.000000000,BEST_BID,"JPM,99589,195"
2019-06-28 14:30:00.000000000,BEST_ASK,"JPM,100275,84"
2019-06-28 14:30:00.000000000,LAST_TRADE,"4,$100275.0000"
2019-06-28 14:30:00.000000000,QUERY_SPREAD,84
2019-06-28 14:30:00.000000000,BEST_BID,"JPM,99589,195"
2019-06-28 14:30:00.000000000,BEST_ASK,"JPM,100275,79"
2019-06-28 14:30:00.000000000,LAST_TRADE,"5,$100275.0000"
2019-06-28 14:30:00.000000000,QUERY_SPREAD,85
2019-06-28 14:30:00.000000000,BEST_BID,"JPM,99589,195"
2019-06-28 14:30:00.000000000,BEST_ASK,"JPM,100275,74"
2019-06-28 14:30:00.000000000,LAST_TRADE,"5,$100275.0000"
2019-06-28 14:30:00.000000000,QUERY_SPREAD,86
2019-06-28 14:30:00.000000000,BEST_BID,"JPM,99589,195"
2019-06-28 14:30:00.000000000,BEST_ASK,"JPM,100275,65"
2019-06-28 14:30:00.000000000,LAST_TRADE,"9,$100275.0000"
2019-06-28 14:30:00.000000000,QUERY_SPREAD,87
2019-06-28 14:30:00.000000000,BEST_BID,"JPM,99589,195"
2019-06-28 14:30:00.000000000,BEST_ASK,"JPM,100275,63"
2019-06-28 14:30:00.000000000,LAST_TRADE,"2,$100275.0000"
2019-06-28 14:30:00.000000000,QUERY_SPREAD,88
2019-06-28 14:30:00.000000000,BEST_BID,"JPM,99589,195"
2019-06-28 14:30:00.000000000,BEST_ASK,"JPM,100275,55"
2019-06-28 14:30:00.000000000,LAST_TRADE,"8,$100275.0000"
2019-06-28 14:30:00.000000000,QUERY_SPREAD,89
2019-06-28 14:30:00.000000000,BEST_BID,"JPM,99589,195"
2019-06-28 14:30:00.000000000,BEST_ASK,"JPM,100275,48"
2019-06-28 14:30:00.000000000,LAST_TRADE,"7,$100275.0000"
2019-06-28 14:30:00.000000000,QUERY_SPREAD,90
2019-06-28 14:30:00.000000000,BEST_BID,"JPM,99589,195"
2019-06-28 14:30:00.000000000,BEST_ASK,"JPM,100275,42"
2019-06-28 14:30:00.000000000,LAST_TRADE,"6,$100275.0000"
2019-06-28 14:30:00.000000000,QUERY_SPREAD,91
2019-06-28 14:30:00.000000000,BEST_BID,"JPM,99589,195"
2019-06-28 14:30:00.000000000,BEST_ASK,"JPM,100275,37"
2019-06-28 14:30:00.000000000,LAST_TRADE,"5,$100275.0000"
2019-06-28 14:30:00.000000000,QUERY_SPREAD,92
2019-06-28 14:30:00.000000000,BEST_BID,"JPM,99589,195"
2019-06-28 14:30:00.000000000,BEST_ASK,"JPM,100275,36"
2019-06-28 14:30:00.000000000,LAST_TRADE,"1,$100275.0000"
2019-06-28 14:30:00.000000000,QUERY_SPREAD,93
2019-06-28 14:30:00.000000000,BEST_BID,"JPM,99589,195"
2019-06-28 14:30:00.000000000,BEST_ASK,"JPM,100275,34"
2019-06-28 14:30:00.000000000,LAST_TRADE,"2,$100275.0000"
2019-06-28 14:30:00.000000000,QUERY_SPREAD,94
2019-06-28 14:30:00.000000000,BEST_BID,"JPM,99589,195"
2019-06-28 14:30:00.000000000,BEST_ASK,"JPM,100275,32"
2019-06-28 14:30:00.000000000,LAST_TRADE,"2,$100275.0000"
2019-06-28 14:30:00.000000000,QUERY_SPREAD,95
2019-06-28 14:30:00.000000000,BEST_BID,"JPM,99589,195"
2019-06-28 14:30:00.000000000,BEST_ASK,"JPM,100275,25"
2019-06-28 14:30:00.000000000,LAST_TRADE,"7,$100275.0000"
2019-06-28 14:30:00.000000000,QUERY_SPREAD,96
2019-06-28 14:30:00.000000000,BEST_BID,"JPM,99589,195"
2019-06-28 14:30:00.000000000,BEST_ASK,"JPM,100275,18"
2019-06-28 14:30:00.000000000,LAST_TRADE,"7,$100275.0000"
2019-06-28 14:30:00.000000000,QUERY_SPREAD,97
2019-06-28 14:30:00.000000000,BEST_BID,"JPM,99589,195"
2019-06-28 14:30:00.000000000,BEST_ASK,"JPM,100275,12"
2019-06-28 14:30:00.000000000,LAST_TRADE,"6,$100275.0000"
2019-06-28 14:30:00.000000000,QUERY_SPREAD,98
2019-06-28 14:30:00.000000000,BEST_BID,"JPM,99589,195"
2019-06-28 14:30:00.000000000,BEST_ASK,"JPM,100275,8"
2019-06-28 14:30:00.000000000,LAST_TRADE,"4,$100275.0000"
2019-06-28 14:30:00.000000000,QUERY_SPREAD,99
2019-06-28 14:30:00.000000000,BEST_BID,"JPM,99589,195"
2019-06-28 14:30:00.000000000,BEST_ASK,"JPM,100275,6"
2019-06-28 14:30:00.000000000,LAST_TRADE,"2,$100275.0000"
2019-06-28 14:30:00.000000000,QUERY_SPREAD,100
2019-06-28 14:30:00.000000000,BEST_BID,"JPM,99589,195"
2019-06-28 14:30:00.000000000,BEST_ASK,"JPM,100501,208"
2019-06-28 14:30:00.000000000,LAST_TRADE,"6,$100275.0000"
2019-06-28 14:30:00.000000000,QUERY_SPREAD,101
2019-06-28 14:30:00.000000000,QUERY_ORDER_STREAM,101
2019-06-28 14:30:02.337905456,QUERY_SPREAD,30
2019-06-28 14:30:02.337905456,BEST_BID,"JPM,99589,95"
2019-06-28 14:30:02.337905456,BEST_ASK,"JPM,100501,208"
2019-06-28 14:30:02.337905456,LAST_TRADE,"100,$99589.0000"
2019-06-28 14:30:10.000000000,QUERY_SPREAD,1
2019-06-28 14:30:10.000000000,BEST_BID,"JPM,99588,411"
2019-06-28 14:30:10.000000000,BEST_ASK,"JPM,100501,100"
2019-06-28 14:30:10.000000000,BEST_BID,"JPM,99588,411"
2019-06-28 14:30:10.000000000,BEST_ASK,"JPM,100501,428"
2019-06-28 14:30:20.000000000,QUERY_SPREAD,1
2019-06-28 14:30:20.000000000,BEST_BID,"JPM,99588,165"
2019-06-28 14:30:20.000000000,BEST_ASK,"JPM,100501,100"
2019-06-28 14:30:20.000000000,BEST_BID,"JPM,99588,165"
2019-06-28 14:30:20.000000000,BEST_ASK,"JPM,100501,100"
2019-06-28 14:30:20.000000000,BEST_BID,"JPM,99588,165"
2019-06-28 14:30:20.000000000,BEST_ASK,"JPM,100501,100"
2019-06-28 14:30:20.000000000,BEST_BID,"JPM,99588,165"
2019-06-28 14:30:20.000000000,BEST_ASK,"JPM,100501,100"
2019-06-28 14:30:20.000000000,BEST_BID,"JPM,99588,165"
2019-06-28 14:30:20.000000000,BEST_ASK,"JPM,100501,182"
2019-06-28 14:30:20.000000000,BEST_BID,"JPM,99588,165"
2019-06-28 14:30:20.000000000,BEST_ASK,"JPM,100501,182"
2019-06-28 14:30:20.000000000,BEST_BID,"JPM,99588,165"
2019-06-28 14:30:20.000000000,BEST_ASK,"JPM,100501,182"
2019-06-28 14:30:20.000000000,BEST_BID,"JPM,99588,165"
2019-06-28 14:30:20.000000000,BEST_ASK,"JPM,100501,182"
2019-06-28 14:30:25.992196912,QUERY_ORDER_STREAM,64
2019-06-28 14:30:25.992196912,QUERY_SPREAD,64
2019-06-28 14:30:30.000000000,QUERY_SPREAD,1
2019-06-28 14:30:30.000000000,BEST_BID,"JPM,99588,247"
2019-06-28 14:30:30.000000000,BEST_ASK,"JPM,100501,100"
2019-06-28 14:30:30.000000000,BEST_BID,"JPM,99588,247"
2019-06-28 14:30:30.000000000,BEST_ASK,"JPM,100501,100"
2019-06-28 14:30:30.000000000,BEST_BID,"JPM,99588,247"
2019-06-28 14:30:30.000000000,BEST_ASK,"JPM,100501,264"
2019-06-28 14:30:30.000000000,BEST_BID,"JPM,99588,247"
2019-06-28 14:30:30.000000000,BEST_ASK,"JPM,100501,264"
2019-06-28 14:30:40.000000000,QUERY_SPREAD,1
2019-06-28 14:30:40.000000000,BEST_BID,"JPM,99588,411"
2019-06-28 14:30:40.000000000,BEST_ASK,"JPM,100501,100"
2019-06-28 14:30:40.000000000,BEST_BID,"JPM,99588,411"
2019-06-28 14:30:40.000000000,BEST_ASK,"JPM,100501,428"
2019-06-28 14:30:44.294247959,QUERY_SPREAD,16
2019-06-28 14:30:44.294247959,BEST_BID,"JPM,99588,311"
2019-06-28 14:30:44.294247959,BEST_ASK,"JPM,100501,428"
2019-06-28 14:30:44.294247959,LAST_TRADE,"100,$99588.0000"
2019-06-28 14:30:50.000000000,QUERY_SPREAD,1
2019-06-28 14:30:50.000000000,BEST_BID,"JPM,99541,212"
2019-06-28 14:30:50.000000000,BEST_ASK,"JPM,100501,100"
2019-06-28 14:30:50.000000000,BEST_BID,"JPM,99541,212"
2019-06-28 14:30:50.000000000,BEST_ASK,"JPM,100501,100"
2019-06-28 14:30:50.000000000,BEST_BID,"JPM,99541,212"
2019-06-28 14:30:50.000000000,BEST_ASK,"JPM,100501,100"
2019-06-28 14:30:50.000000000,BEST_BID,"JPM,99541,212"
2019-06-28 14:30:50.000000000,BEST_ASK,"JPM,100501,212"
2019-06-28 14:30:50.000000000,BEST_BID,"JPM,99541,212"
2019-06-28 14:30:50.000000000,BEST_ASK,"JPM,100501,212"
2019-06-28 14:30:50.000000000,BEST_BID,"JPM,99541,212"
2019-06-28 14:30:50.000000000,BEST_ASK,"JPM,100501,212"
2019-06-28 14:30:50.921415040,QUERY_SPREAD,24
2019-06-28 14:30:50.921415040,BEST_BID,"JPM,99541,212"
2019-06-28 14:30:50.921415040,BEST_ASK,"JPM,100501,212"
2019-06-28 14:31:00.000000000,QUERY_SPREAD,1
2019-06-28 14:31:00.000000000,BEST_BID,"JPM,99541,212"
2019-06-28 14:31:00.000000000,BEST_ASK,"JPM,100501,100"
2019-06-28 14:31:00.000000000,BEST_BID,"JPM,99541,212"
2019-06-28 14:31:00.000000000,BEST_ASK,"JPM,100501,100"
2019-06-28 14:31:00.000000000,BEST_BID,"JPM,99541,212"
2019-06-28 14:31:00.000000000,BEST_ASK,"JPM,100501,100"
2019-06-28 14:31:00.000000000,BEST_BID,"JPM,99541,212"
2019-06-28 14:31:00.000000000,BEST_ASK,"JPM,100501,212"
2019-06-28 14:31:00.000000000,BEST_BID,"JPM,99541,212"
2019-06-28 14:31:00.000000000,BEST_ASK,"JPM,100501,212"
2019-06-28 14:31:00.000000000,BEST_BID,"JPM,99541,212"
2019-06-28 14:31:00.000000000,BEST_ASK,"JPM,100501,212"
2019-06-28 14:31:00.000000000,QUERY_SPREAD,77
2019-06-28 14:31:00.000000000,BEST_BID,"JPM,99541,212"
2019-06-28 14:31:00.000000000,BEST_ASK,"JPM,100501,208"
2019-06-28 14:31:00.000000000,LAST_TRADE,"4,$100501.0000"
2019-06-28 14:31:00.000000000,QUERY_SPREAD,78
2019-06-28 14:31:00.000000000,BEST_BID,"JPM,99541,212"
2019-06-28 14:31:00.000000000,BEST_ASK,"JPM,100501,200"
2019-06-28 14:31:00.000000000,LAST_TRADE,"8,$100501.0000"
2019-06-28 14:31:00.000000000,QUERY_SPREAD,79
2019-06-28 14:31:00.000000000,BEST_BID,"JPM,99541,212"
2019-06-28 14:31:00.000000000,BEST_ASK,"JPM,100501,199"
2019-06-28 14:31:00.000000000,LAST_TRADE,"1,$100501.0000"
2019-06-28 14:31:00.000000000,QUERY_SPREAD,80
2019-06-28 14:31:00.000000000,BEST_BID,"JPM,99541,212"
2019-06-28 14:31:00.000000000,BEST_ASK,"JPM,100501,194"
2019-06-28 14:31:00.000000000,LAST_TRADE,"5,$100501.0000"
2019-06-28 14:31:00.000000000,QUERY_SPREAD,81
2019-06-28 14:31:00.000000000,BEST_BID,"JPM,99541,212"
2019-06-28 14:31:00.000000000,BEST_ASK,"JPM,100501,189"
2019-06-28 14:31:00.000000000,LAST_TRADE,"5,$100501.0000"
2019-06-28 14:31:00.000000000,QUERY_SPREAD,82
2019-06-28 14:31:00.000000000,BEST_BID,"JPM,99541,212"
2019-06-28 14:31:00.000000000,BEST_ASK,"JPM,100501,183"
2019-06-28 14:31:00.000000000,LAST_TRADE,"6,$100501.0000"
2019-06-28 14:31:00.000000000,QUERY_SPREAD,83
2019-06-28 14:31:00.000000000,BEST_BID,"JPM,99541,212"
2019-06-28 14:31:00.000000000,BEST_ASK,"JPM,100501,179"
2019-06-28 14:31:00.000000000,LAST_TRADE,"4,$100501.0000"
2019-06-28 14:31:00.000000000,QUERY_SPREAD,84
2019-06-28 14:31:00.000000000,BEST_BID,"JPM,99541,212"
2019-06-28 14:31:00.000000000,BEST_ASK,"JPM,100501,174"
2019-06-28 14:31:00.000000000,LAST_TRADE,"5,$100501.0000"
2019-06-28 14:31:00.000000000,QUERY_SPREAD,85
2019-06-28 14:31:00.000000000,BEST_BID,"JPM,99541,212"
2019-06-28 14:31:00.000000000,BEST_ASK,"JPM,100501,169"
2019-06-28 14:31:00.000000000,LAST_TRADE,"5,$100501.0000"
2019-06-28 14:31:00.000000000,QUERY_SPREAD,86
2019-06-28 14:31:00.000000000,BEST_BID,"JPM,99541,212"
2019-06-28 14:31:00.000000000,BEST_ASK,"JPM,100501,160"
2019-06-28 14:31:00.000000000,LAST_TRADE,"9,$100501.0000"
2019-06-28 14:31:00.000000000,QUERY_SPREAD,87
2019-06-28 14:31:00.000000000,BEST_BID,"JPM,99541,212"
2019-06-28 14:31:00.000000000,BEST_ASK,"JPM,100501,158"
2019-06-28 14:31:00.000000000,LAST_TRADE,"2,$100501.0000"
2019-06-28 14:31:00.000000000,QUERY_SPREAD,88
2019-06-28 14:31:00.000000000,BEST_BID,"JPM,99541,212"
2019-06-28 14:31:00.000000000,BEST_ASK,"JPM,100501,150"
2019-06-28 14:31:00.000000000,LAST_TRADE,"8,$100501.0000"
2019-06-28 14:31:00.000000000,QUERY_SPREAD,89
2019-06-28 14:31:00.000000000,BEST_BID,"JPM,99541,212"
2019-06-28 14:31:00.000000000,BEST_ASK,"JPM,100501,143"
2019-06-28 14:31:00.000000000,LAST_TRADE,"7,$100501.0000"
2019-06-28 14:31:00.000000000,QUERY_SPREAD,90
2019-06-28 14:31:00.000000000,BEST_BID,"JPM,99541,212"
2019-06-28 14:31:00.000000000,BEST_ASK,"JPM,100501,137"
2019-06-28 14:31:00.000000000,LAST_TRADE,"6,$100501.0000"
2019-06-28 14:31:00.000000000,QUERY_SPREAD,91
2019-06-28 14:31:00.000000000,BEST_BID,"JPM,99541,212"
2019-06-28 14:31:00.000000000,BEST_ASK,"JPM,100501,132"
2019-06-28 14:31:00.000000000,LAST_TRADE,"5,$100501.0000"
2019-06-28 14:31:00.000000000,QUERY_SPREAD,92
2019-06-28 14:31:00.000000000,BEST_BID,"JPM,99541,212"
2019-06-28 14:31:00.000000000,BEST_ASK,"JPM,100501,131"
2019-06-28 14:31:00.000000000,LAST_TRADE,"1,$100501.0000"
2019-06-28 14:31:00.000000000,QUERY_SPREAD,93
2019-06-28 14:31:00.000000000,BEST_BID,"JPM,99541,212"
2019-06-28 14:31:00.000000000,BEST_ASK,"JPM,100501,129"
2019-06-28 14:31:00.000000000,LAST_TRADE,"2,$100501.0000"
2019-06-28 14:31:00.000000000,QUERY_SPREAD,94
2019-06-28 14:31:00.000000000,BEST_BID,"JPM,99541,212"
2019-06-28 14:31:00.000000000,BEST_ASK,"JPM,100501,127"
2019-06-28 14:31:00.000000000,LAST_TRADE,"2,$100501.0000"
2019-06-28 14:31:00.000000000,QUERY_SPREAD,95
2019-06-28 14:31:00.000000000,BEST_BID,"JPM,99541,212"
2019-06-28 14:31:00.000000000,BEST_ASK,"JPM,100501,120"
2019-06-28 14:31:00.000000000,LAST_TRADE,"7,$100501.0000"
2019-06-28 14:31:00.000000000,QUERY_SPREAD,96
2019-06-28 14:31:00.000000000,BEST_BID,"JPM,99541,212"
2019-06-28 14:31:00.000000000,BEST_ASK,"JPM,100501,113"
2019-06-28 14:31:00.000000000,LAST_TRADE,"7,$100501.0000"
2019-06-28 14:31:00.000000000,QUERY_SPREAD,97
2019-06-28 14:31:00.000000000,BEST_BID,"JPM,99541,212"
2019-06-28 14:31:00.000000000,BEST_ASK,"JPM,100501,107"
2019-06-28 14:31:00.000000000,LAST_TRADE,"6,$100501.0000"
2019-06-28 14:31:00.000000000,QUERY_SPREAD,98
2019-06-28 14:31:00.000000000,BEST_BID,"JPM,99541,212"
2019-06-28 14:31:00.000000000,BEST_ASK,"JPM,100501,103"
2019-06-28 14:31:00.000000000,LAST_TRADE,"4,$100501.0000"
2019-06-28 14:31:00.000000000,QUERY_SPREAD,99
2019-06-28 14:31:00.000000000,BEST_BID,"JPM,99541,212"
2019-06-28 14:31:00.000000000,BEST_ASK,"JPM,100501,101"
2019-06-28 14:31:00.000000000,LAST_TRADE,"2,$100501.0000"
2019-06-28 14:31:00.000000000,QUERY_SPREAD,100
2019-06-28 14:31:00.000000000,BEST_BID,"JPM,99541,212"
2019-06-28 14:31:00.000000000,BEST_ASK,"JPM,100501,95"
2019-06-28 14:31:00.000000000,LAST_TRADE,"6,$100501.0000"
2019-06-28 14:31:00.000000000,QUERY_SPREAD,101
2019-06-28 14:31:00.000000000,QUERY_ORDER_STREAM,101
2019-06-28 14:31:05.800350728,QUERY_ORDER_STREAM,71
2019-06-28 14:31:05.800350728,QUERY_SPREAD,71
2019-06-28 14:31:05.800350728,BEST_BID,"JPM,99541,212"
2019-06-28 14:31:05.800350728,BEST_ASK,"JPM,100501,195"
2019-06-28 14:31:06.763808219,QUERY_ORDER_STREAM,55
2019-06-28 14:31:06.763808219,QUERY_SPREAD,55
2019-06-28 14:31:08.858444198,QUERY_ORDER_STREAM,75
2019-06-28 14:31:08.858444198,QUERY_SPREAD,75
2019-06-28 14:31:10.000000000,QUERY_SPREAD,1
2019-06-28 14:31:10.000000000,BEST_BID,"JPM,99541,166"
2019-06-28 14:31:10.000000000,BEST_ASK,"JPM,100501,100"
2019-06-28 14:31:10.000000000,BEST_BID,"JPM,99541,166"
2019-06-28 14:31:10.000000000,BEST_ASK,"JPM,100501,100"
2019-06-28 14:31:10.000000000,BEST_BID,"JPM,99541,166"
2019-06-28 14:31:10.000000000,BEST_ASK,"JPM,100501,100"
2019-06-28 14:31:10.000000000,BEST_BID,"JPM,99541,166"
2019-06-28 14:31:10.000000000,BEST_ASK,"JPM,100501,100"
2019-06-28 14:31:10.000000000,BEST_BID,"JPM,99541,166"
2019-06-28 14:31:10.000000000,BEST_ASK,"JPM,100501,100"
2019-06-28 14:31:10.000000000,BEST_BID,"JPM,99541,166"
2019-06-28 14:31:10.000000000,BEST_ASK,"JPM,100501,166"
2019-06-28 14:31:10.000000000,BEST_BID,"JPM,99541,166"
2019-06-28 14:31:10.000000000,BEST_ASK,"JPM,100501,166"
2019-06-28 14:31:10.000000000,BEST_BID,"JPM,99541,166"
2019-06-28 14:31:10.000000000,BEST_ASK,"JPM,100501,166"
2019-06-28 14:31:10.000000000,BEST_BID,"JPM,99541,166"
2019-06-28 14:31:10.000000000,BEST_ASK,"JPM,100501,166"
2019-06-28 14:31:10.000000000,BEST_BID,"JPM,99541,166"
2019-06-28 14:31:10.000000000,BEST_ASK,"JPM,100501,166"
2019-06-28 14:31:12.636062310,QUERY_ORDER_STREAM,61
2019-06-28 14:31:12.636062310,QUERY_SPREAD,61
2019-06-28 14:31:12.636062310,BEST_BID,"JPM,99541,166"
2019-06-28 14:31:12.636062310,BEST_ASK,"JPM,100501,266"
2019-06-28 14:31:20.000000000,QUERY_SPREAD,1
2019-06-28 14:31:20.000000000,BEST_BID,"JPM,99541,182"
2019-06-28 14:31:20.000000000,BEST_ASK,"JPM,100501,200"
2019-06-28 14:31:20.000000000,BEST_BID,"JPM,99541,182"
2019-06-28 14:31:20.000000000,BEST_ASK,"JPM,100501,200"
2019-06-28 14:31:20.000000000,BEST_BID,"JPM,99541,182"
2019-06-28 14:31:20.000000000,BEST_ASK,"JPM,100501,200"
2019-06-28 14:31:20.000000000,BEST_BID,"JPM,99541,182"
2019-06-28 14:31:20.000000000,BEST_ASK,"JPM,100501,200"
2019-06-28 14:31:20.000000000,BEST_BID,"JPM,99541,182"
2019-06-28 14:31:20.000000000,BEST_ASK,"JPM,100501,282"
2019-06-28 14:31:20.000000000,BEST_BID,"JPM,99541,182"
2019-06-28 14:31:20.000000000,BEST_ASK,"JPM,100501,282"
2019-06-28 14:31:20.000000000,BEST_BID,"JPM,99541,182"
2019-06-28 14:31:20.000000000,BEST_ASK,"JPM,100501,282"
2019-06-28 14:31:20.000000000,BEST_BID,"JPM,99541,182"
2019-06-28 14:31:20.000000000,BEST_ASK,"JPM,100501,282"
2019-06-28 14:31:30.000000000,QUERY_SPREAD,1
2019-06-28 14:31:30.000000000,BEST_BID,"JPM,99541,166"
2019-06-28 14:31:30.000000000,BEST_ASK,"JPM,100501,200"
2019-06-28 14:31:30.000000000,BEST_BID,"JPM,99541,166"
2019-06-28 14:31:30.000000000,BEST_ASK,"JPM,100501,200"
2019-06-28 14:31:30.000000000,BEST_BID,"JPM,99541,166"
2019-06-28 14:31:30.000000000,BEST_ASK,"JPM,100501,200"
2019-06-28 14:31:30.000000000,BEST_BID,"JPM,99541,166"
2019-06-28 14:31:30.000000000,BEST_ASK,"JPM,100501,200"
2019-06-28 14:31:30.000000000,BEST_BID,"JPM,99541,166"
2019-06-28 14:31:30.000000000,BEST_ASK,"JPM,100501,200"
2019-06-28 14:31:30.000000000,BEST_BID,"JPM,99541,166"
2019-06-28 14:31:30.000000000,BEST_ASK,"JPM,100501,266"
2019-06-28 14:31:30.000000000,BEST_BID,"JPM,99541,166"
2019-06-28 14:31:30.000000000,BEST_ASK,"JPM,100501,266"
2019-06-28 14:31:30.000000000,BEST_BID,"JPM,99541,166"
2019-06-28 14:31:30.000000000,BEST_ASK,"JPM,100501,266"
2019-06-28 14:31:30.000000000,BEST_BID,"JPM,99541,166"
2019-06-28 14:31:30.000000000,BEST_ASK,"JPM,100501,266"
2019-06-28 14:31:30.000000000,BEST_BID,"JPM,99541,166"
2019-06-28 14:31:30.000000000,BEST_ASK,"JPM,100501,266"
2019-06-28 14:31:31.876612156,QUERY_SPREAD,48
2019-06-28 14:31:31.876612156,BEST_BID,"JPM,99541,66"
2019-06-28 14:31:31.876612156,BEST_ASK,"JPM,100501,266"
2019-06-28 14:31:31.876612156,LAST_TRADE,"100,$99541.0000"
2019-06-28 14:31:40.000000000,QUERY_SPREAD,1
2019-06-28 14:31:40.000000000,BEST_BID,"JPM,99505,212"
2019-06-28 14:31:40.000000000,BEST_ASK,"JPM,100501,200"
2019-06-28 14:31:40.000000000,BEST_BID,"JPM,99505,212"
2019-06-28 14:31:40.000000000,BEST_ASK,"JPM,100501,200"
2019-06-28 14:31:40.000000000,BEST_BID,"JPM,99505,212"
2019-06-28 14:31:40.000000000,BEST_ASK,"JPM,100501,200"
2019-06-28 14:31:40.000000000,BEST_BID,"JPM,99505,212"
2019-06-28 14:31:40.000000000,BEST_ASK,"JPM,100501,312"
2019-06-28 14:31:40.000000000,BEST_BID,"JPM,99505,212"
2019-06-28 14:31:40.000000000,BEST_ASK,"JPM,100501,312"
2019-06-28 14:31:40.000000000,BEST_BID,"JPM,99505,212"
2019-06-28 14:31:40.000000000,BEST_ASK,"JPM,100501,312"
2019-06-28 14:31:48.136179632,QUERY_ORDER_STREAM,76
2019-06-28 14:31:48.136179632,QUERY_SPREAD,76
2019-06-28 14:31:50.000000000,QUERY_SPREAD,1
2019-06-28 14:31:50.000000000,BEST_BID,"JPM,99505,166"
2019-06-28 14:31:50.000000000,BEST_ASK,"JPM,100501,200"
2019-06-28 14:31:50.000000000,BEST_BID,"JPM,99505,166"
2019-06-28 14:31:50.000000000,BEST_ASK,"JPM,100501,200"
2019-06-28 14:31:50.000000000,BEST_BID,"JPM,99505,166"
2019-06-28 14:31:50.000000000,BEST_ASK,"JPM,100501,200"
2019-06-28 14:31:50.000000000,BEST_BID,"JPM,99505,166"
2019-06-28 14:31:50.000000000,BEST_ASK,"JPM,100501,200"
2019-06-28 14:31:50.000000000,BEST_BID,"JPM,99505,166"
2019-06-28 14:31:50.000000000,BEST_ASK,"JPM,100501,200"
2019-06-28 14:31:50.000000000,BEST_BID,"JPM,99505,166"
2019-06-28 14:31:50.000000000,BEST_ASK,"JPM,100501,266"
2019-06-28 14:31:50.000000000,BEST_BID,"JPM,99505,166"
2019-06-28 14:31:50.000000000,BEST_ASK,"JPM,100501,266"
2019-06-28 14:31:50.000000000,BEST_BID,"JPM,99505,166"
2019-06-28 14:31:50.000000000,BEST_ASK,"JPM,100501,266"
2019-06-28 14:31:50.000000000,BEST_BID,"JPM,99505,166"
2019-06-28 14:31:50.000000000,BEST_ASK,"JPM,100501,266"
2019-06-28 14:31:50.000000000,BEST_BID,"JPM,99505,166"
2019-06-28 14:31:50.000000000,BEST_ASK,"JPM,100501,266"
2019-06-28 14:32:00.000000000,QUERY_SPREAD,1
2019-06-28 14:32:00.000000000,BEST_BID,"JPM,99505,166"
2019-06-28 14:32:00.000000000,BEST_ASK,"JPM,100501,200"
2019-06-28 14:32:00.000000000,BEST_BID,"JPM,99505,166"
2019-06-28 14:32:00.000000000,BEST_ASK,"JPM,100501,200"
2019-06-28 14:32:00.000000000,BEST_BID,"JPM,99505,166"
2019-06-28 14:32:00.000000000,BEST_ASK,"JPM,100501,200"
2019-06-28 14:32:00.000000000,BEST_BID,"JPM,99505,166"
2019-06-28 14:32:00.000000000,BEST_ASK,"JPM,100501,200"
2019-06-28 14:32:00.000000000,BEST_BID,"JPM,99505,166"
2019-06-28 14:32:00.000000000,BEST_ASK,"JPM,100501,200"
2019-06-28 14:32:00.000000000,BEST_BID,"JPM,99505,166"
2019-06-28 14:32:00.000000000,BEST_ASK,"JPM,100501,266"
2019-06-28 14:32:00.000000000,BEST_BID,"JPM,99505,166"
2019-06-28 14:32:00.000000000,BEST_ASK,"JPM,100501,266"
2019-06-28 14:32:00.000000000,BEST_BID,"JPM,99505,166"
2019-06-28 14:32:00.000000000,BEST_ASK,"JPM,100501,266"
2019-06-28 14:32:00.000000000,BEST_BID,"JPM,99505,166"
2019-06-28 14:32:00.000000000,BEST_ASK,"JPM,100501,266"
2019-06-28 14:32:00.000000000,BEST_BID,"JPM,99505,166"
2019-06-28 14:32:00.000000000,BEST_ASK,"JPM,100501,266"
2019-06-28 14:32:00.000000000,QUERY_SPREAD,77
2019-06-28 14:32:00.000000000,BEST_BID,"JPM,99505,166"
2019-06-28 14:32:00.000000000,BEST_ASK,"JPM,100501,262"
2019-06-28 14:32:00.000000000,LAST_TRADE,"4,$100501.0000"
2019-06-28 14:32:00.000000000,QUERY_SPREAD,78
2019-06-28 14:32:00.000000000,BEST_BID,"JPM,99505,166"
2019-06-28 14:32:00.000000000,BEST_ASK,"JPM,100501,254"
2019-06-28 14:32:00.000000000,LAST_TRADE,"8,$100501.0000"
2019-06-28 14:32:00.000000000,QUERY_SPREAD,79
2019-06-28 14:32:00.000000000,BEST_BID,"JPM,99505,166"
2019-06-28 14:32:00.000000000,BEST_ASK,"JPM,100501,253"
2019-06-28 14:32:00.000000000,LAST_TRADE,"1,$100501.0000"
2019-06-28 14:32:00.000000000,QUERY_SPREAD,80
2019-06-28 14:32:00.000000000,BEST_BID,"JPM,99505,166"
2019-06-28 14:32:00.000000000,BEST_ASK,"JPM,100501,248"
2019-06-28 14:32:00.000000000,LAST_TRADE,"5,$100501.0000"
2019-06-28 14:32:00.000000000,QUERY_SPREAD,81
2019-06-28 14:32:00.000000000,BEST_BID,"JPM,99505,166"
2019-06-28 14:32:00.000000000,BEST_ASK,"JPM,100501,243"
2019-06-28 14:32:00.000000000,LAST_TRADE,"5,$100501.0000"
2019-06-28 14:32:00.000000000,QUERY_SPREAD,82
2019-06-28 14:32:00.000000000,BEST_BID,"JPM,99505,166"
2019-06-28 14:32:00.000000000,BEST_ASK,"JPM,100501,237"
2019-06-28 14:32:00.000000000,LAST_TRADE,"6,$100501.0000"
2019-06-28 14:32:00.000000000,QUERY_SPREAD,83
2019-06-28 14:32:00.000000000,BEST_BID,"JPM,99505,166"
2019-06-28 14:32:00.000000000,BEST_ASK,"JPM,100501,233"
2019-06-28 14:32:00.000000000,LAST_TRADE,"4,$100501.0000"
2019-06-28 14:32:00.000000000,QUERY_SPREAD,84
2019-06-28 14:32:00.000000000,BEST_BID,"JPM,99505,166"
2019-06-28 14:32:00.000000000,BEST_ASK,"JPM,100501,228"
2019-06-28 14:32:00.000000000,LAST_TRADE,"5,$100501.0000"
2019-06-28 14:32:00.000000000,QUERY_SPREAD,85
2019-06-28 14:32:00.000000000,BEST_BID,"JPM,99505,166"
2019-06-28 14:32:00.000000000,BEST_ASK,"JPM,100501,223"
2019-06-28 14:32:00.000000000,LAST_TRADE,"5,$100501.0000"
2019-06-28 14:32:00.000000000,QUERY_SPREAD,86
2019-06-28 14:32:00.000000000,BEST_BID,"JPM,99505,166"
2019-06-28 14:32:00.000000000,BEST_ASK,"JPM,100501,214"
2019-06-28 14:32:00.000000000,LAST_TRADE,"9,$100501.0000"
2019-06-28 14:32:00.000000000,QUERY_SPREAD,87
2019-06-28 14:32:00.000000000,BEST_BID,"JPM,99505,166"
2019-06-28 14:32:00.000000000,BEST_ASK,"JPM,100501,212"
2019-06-28 14:32:00.000000000,LAST_TRADE,"2,$100501.0000"
2019-06-28 14:32:00.000000000,QUERY_SPREAD,88
2019-06-28 14:32:00.000000000,BEST_BID,"JPM,99505,166"
2019-06-28 14:32:00.000000000,BEST_ASK,"JPM,100501,204"
2019-06-28 14:32:00.000000000,LAST_TRADE,"8,$100501.0000"
2019-06-28 14:32:00.000000000,QUERY_SPREAD,89
2019-06-28 14:32:00.000000000,BEST_BID,"JPM,99505,166"
2019-06-28 14:32:00.000000000,BEST_ASK,"JPM,100501,197"
2019-06-28 14:32:00.000000000,LAST_TRADE,"7,$100501.0000"
2019-06-28 14:32:00.000000000,QUERY_SPREAD,90
2019-06-28 14:32:00.000000000,BEST_BID,"JPM,99505,166"
2019-06-28 14:32:00.000000000,BEST_ASK,"JPM,100501,191"
2019-06-28 14:32:00.000000000,LAST_TRADE,"6,$100501.0000"
2019-06-28 14:32:00.000000000,QUERY_SPREAD,91
2019-06-28 14:32:00.000000000,BEST_BID,"JPM,99505,166"
2019-06-28 14:32:00.000000000,BEST_ASK,"JPM,100501,186"
2019-06-28 14:32:00.000000000,LAST_TRADE,"5,$100501.0000"
2019-06-28 14:32:00.000000000,QUERY_SPREAD,92
2019-06-28 14:32:00.000000000,BEST_BID,"JPM,99505,166"
2019-06-28 14:32:00.000000000,BEST_ASK,"JPM,100501,185"
2019-06-28 14:32:00.000000000,LAST_TRADE,"1,$100501.0000"
2019-06-28 14:32:00.000000000,QUERY_SPREAD,93
2019-06-28 14:32:00.000000000,BEST_BID,"JPM,99505,166"
2019-06-28 14:32:00.000000000,BEST_ASK,"JPM,100501,183"
2019-06-28 14:32:00.000000000,LAST_TRADE,"2,$100501.0000"
2019-06-28 14:32:00.000000000,QUERY_SPREAD,94
2019-06-28 14:32:00.000000000,BEST_BID,"JPM,99505,166"
2019-06-28 14:32:00.000000000,BEST_ASK,"JPM,100501,181"
2019-06-28 14:32:00.000000000,LAST_TRADE,"2,$100501.0000"
2019-06-28 14:32:00.000000000,QUERY_SPREAD,95
2019-06-28 14:32:00.000000000,BEST_BID,"JPM,99505,166"
2019-06-28 14:32:00.000000000,BEST_ASK,"JPM,100501,174"
2019-06-28 14:32:00.000000000,LAST_TRADE,"7,$100501.0000"
2019-06-28 14:32:00.000000000,QUERY_SPREAD,96
2019-06-28 14:32:00.000000000,BEST_BID,"JPM,99505,166"
2019-06-28 14:32:00.000000000,BEST_ASK,"JPM,100501,167"
2019-06-28 14:32:00.000000000,LAST_TRADE,"7,$100501.0000"
2019-06-28 14:32:00.000000000,QUERY_SPREAD,97
2019-06-28 14:32:00.000000000,BEST_BID,"JPM,99505,166"
2019-06-28 14:32:00.000000000,BEST_ASK,"JPM,100501,161"
2019-06-28 14:32:00.000000000,LAST_TRADE,"6,$100501.0000"
2019-06-28 14:32:00.000000000,QUERY_SPREAD,98
2019-06-28 14:32:00.000000000,BEST_BID,"JPM,99505,166"
2019-06-28 14:32:00.000000000,BEST_ASK,"JPM,100501,157"
2019-06-28 14:32:00.000000000,LAST_TRADE,"4,$100501.0000"
2019-06-28 14:32:00.000000000,QUERY_SPREAD,99
2019-06-28 14:32:00.000000000,BEST_BID,"JPM,99505,166"
2019-06-28 14:32:00.000000000,BEST_ASK,"JPM,100501,155"
2019-06-28 14:32:00.000000000,LAST_TRADE,"2,$100501.0000"
2019-06-28 14:32:00.000000000,QUERY_SPREAD,100
2019-06-28 14:32:00.000000000,BEST_BID,"JPM,99505,166"
2019-06-28 14:32:00.000000000,BEST_ASK,"JPM,100501,149"
2019-06-28 14:32:00.000000000,LAST_TRADE,"6,$100501.0000"
2019-06-28 14:32:00.000000000,QUERY_SPREAD,101
2019-06-28 14:32:00.000000000,QUERY_ORDER_STREAM,101
2019-06-28 14:32:03.298119905,QUERY_SPREAD,3
2019-06-28 14:32:03.298119905,BEST_BID,"JPM,99505,66"
2019-06-28 14:32:03.298119905,BEST_ASK,"JPM,100501,149"
2019-06-28 14:32:03.298119905,LAST_TRADE,"100,$99505.0000"
2019-06-28 14:32:10.000000000,QUERY_SPREAD,1
2019-06-28 14:32:10.000000000,BEST_BID,"JPM,99498,212"
2019-06-28 14:32:10.000000000,BEST_ASK,"JPM,100501,83"
2019-06-28 14:32:10.000000000,BEST_BID,"JPM,99498,212"
2019-06-28 14:32:10.000000000,BEST_ASK,"JPM,100501,83"
2019-06-28 14:32:10.000000000,BEST_BID,"JPM,99498,212"
2019-06-28 14:32:10.000000000,BEST_ASK,"JPM,100501,83"
2019-06-28 14:32:10.000000000,BEST_BID,"JPM,99498,212"
2019-06-28 14:32:10.000000000,BEST_ASK,"JPM,100501,195"
2019-06-28 14:32:10.000000000,BEST_BID,"JPM,99498,212"
2019-06-28 14:32:10.000000000,BEST_ASK,"JPM,100501,195"
2019-06-28 14:32:10.000000000,BEST_BID,"JPM,99498,212"
2019-06-28 14:32:10.000000000,BEST_ASK,"JPM,100501,195"
2019-06-28 14:32:20.000000000,QUERY_SPREAD,1
2019-06-28 14:32:20.000000000,BEST_BID,"JPM,99498,182"
2019-06-28 14:32:20.000000000,BEST_ASK,"JPM,100501,83"
2019-06-28 14:32:20.000000000,BEST_BID,"JPM,99498,182"
2019-06-28 14:32:20.000000000,BEST_ASK,"JPM,100501,83"
2019-06-28 14:32:20.000000000,BEST_BID,"JPM,99498,182"
2019-06-28 14:32:20.000000000,BEST_ASK,"JPM,100501,83"
2019-06-28 14:32:20.000000000,BEST_BID,"JPM,99498,182"
2019-06-28 14:32:20.000000000,BEST_ASK,"JPM,100501,83"
2019-06-28 14:32:20.000000000,BEST_BID,"JPM,99498,182"
2019-06-28 14:32:20.000000000,BEST_ASK,"JPM,100501,165"
2019-06-28 14:32:20.000000000,BEST_BID,"JPM,99498,182"
2019-06-28 14:32:20.000000000,BEST_ASK,"JPM,100501,165"
2019-06-28 14:32:20.000000000,BEST_BID,"JPM,99498,182"
2019-06-28 14:32:20.000000000,BEST_ASK,"JPM,100501,165"
2019-06-28 14:32:20.000000000,BEST_BID,"JPM,99498,182"
2019-06-28 14:32:20.000000000,BEST_ASK,"JPM,100501,165"
2019-06-28 14:32:23.195634036,QUERY_SPREAD,36
2019-06-28 14:32:23.195634036,BEST_BID,"JPM,99498,182"
2019-06-28 14:32:23.195634036,BEST_ASK,"JPM,100501,165"
2019-06-28 14:32:24.095541966,QUERY_SPREAD,19
2019-06-28 14:32:24.095541966,BEST_BID,"JPM,99498,82"
2019-06-28 14:32:24.095541966,BEST_ASK,"JPM,100501,165"
2019-06-28 14:32:24.095541966,LAST_TRADE,"100,$99498.0000"
2019-06-28 14:32:26.391685605,QUERY_SPREAD,37
2019-06-28 14:32:26.391685605,BEST_BID,"JPM,99498,82"
2019-06-28 14:32:26.391685605,BEST_ASK,"JPM,100501,165"
2019-06-28 14:32:30.000000000,QUERY_SPREAD,1
2019-06-28 14:32:30.000000000,BEST_BID,"JPM,99350,264"
2019-06-28 14:32:30.000000000,BEST_ASK,"JPM,100501,83"
2019-06-28 14:32:30.000000000,BEST_BID,"JPM,99350,264"
2019-06-28 14:32:30.000000000,BEST_ASK,"JPM,100501,83"
2019-06-28 14:32:30.000000000,BEST_BID,"JPM,99350,264"
2019-06-28 14:32:30.000000000,BEST_ASK,"JPM,100501,247"
2019-06-28 14:32:30.000000000,BEST_BID,"JPM,99350,264"
2019-06-28 14:32:30.000000000,BEST_ASK,"JPM,100501,247"
2019-06-28 14:32:37.351254561,QUERY_SPREAD,9
2019-06-28 14:32:37.351254561,BEST_BID,"JPM,99350,264"
2019-06-28 14:32:37.351254561,BEST_ASK,"JPM,100501,247"
2019-06-28 14:32:40.000000000,QUERY_SPREAD,1
2019-06-28 14:32:40.000000000,BEST_BID,"JPM,99350,264"
2019-06-28 14:32:40.000000000,BEST_ASK,"JPM,100501,83"
2019-06-28 14:32:40.000000000,BEST_BID,"JPM,99350,264"
2019-06-28 14:32:40.000000000,BEST_ASK,"JPM,100501,83"
2019-06-28 14:32:40.000000000,BEST_BID,"JPM,99350,264"
2019-06-28 14:32:40.000000000,BEST_ASK,"JPM,100501,247"
2019-06-28 14:32:40.000000000,BEST_BID,"JPM,99350,264"
2019-06-28 14:32:40.000000000,BEST_ASK,"JPM,100501,247"
2019-06-28 14:32:50.000000000,QUERY_SPREAD,1
2019-06-28 14:32:50.000000000,BEST_BID,"JPM,99350,166"
2019-06-28 14:32:50.000000000,BEST_ASK,"JPM,100501,83"
2019-06-28 14:32:50.000000000,BEST_BID,"JPM,99350,166"
2019-06-28 14:32:50.000000000,BEST_ASK,"JPM,100501,83"
2019-06-28 14:32:50.000000000,BEST_BID,"JPM,99350,166"
2019-06-28 14:32:50.000000000,BEST_ASK,"JPM,100501,83"
2019-06-28 14:32:50.000000000,BEST_BID,"JPM,99350,166"
2019-06-28 14:32:50.000000000,BEST_ASK,"JPM,100501,83"
2019-06-28 14:32:50.000000000,BEST_BID,"JPM,99350,166"
2019-06-28 14:32:50.000000000,BEST_ASK,"JPM,100501,83"
2019-06-28 14:32:50.000000000,BEST_BID,"JPM,99350,166"
2019-06-28 14:32:50.000000000,BEST_ASK,"JPM,100501,149"
2019-06-28 14:32:50.000000000,BEST_BID,"JPM,99350,166"
2019-06-28 14:32:50.000000000,BEST_ASK,"JPM,100501,149"
2019-06-28 14:32:50.000000000,BEST_BID,"JPM,99350,166"
2019-06-28 14:32:50.000000000,BEST_ASK,"JPM,100501,149"
2019-06-28 14:32:50.000000000,BEST_BID,"JPM,99350,166"
2019-06-28 14:32:50.000000000,BEST_ASK,"JPM,100501,149"
2019-06-28 14:32:50.000000000,BEST_BID,"JPM,99350,166"
2019-06-28 14:32:50.000000000,BEST_ASK,"JPM,100501,149"
2019-06-28 14:32:53.495916971,QUERY_SPREAD,22
2019-06-28 14:32:53.495916971,BEST_BID,"JPM,99566,100"
2019-06-28 14:32:53.495916971,BEST_ASK,"JPM,100501,149"
2019-06-28 14:33:00.000000000,QUERY_SPREAD,1
2019-06-28 14:33:00.000000000,BEST_BID,"JPM,99566,166"
2019-06-28 14:33:00.000000000,BEST_ASK,"JPM,100501,83"
2019-06-28 14:33:00.000000000,BEST_BID,"JPM,99566,166"
2019-06-28 14:33:00.000000000,BEST_ASK,"JPM,100501,83"
2019-06-28 14:33:00.000000000,BEST_BID,"JPM,99566,166"
2019-06-28 14:33:00.000000000,BEST_ASK,"JPM,100501,83"
2019-06-28 14:33:00.000000000,BEST_BID,"JPM,99566,166"
2019-06-28 14:33:00.000000000,BEST_ASK,"JPM,100501,83"
2019-06-28 14:33:00.000000000,BEST_BID,"JPM,99566,166"
2019-06-28 14:33:00.000000000,BEST_ASK,"JPM,100501,83"
2019-06-28 14:33:00.000000000,BEST_BID,"JPM,99566,166"
2019-06-28 14:33:00.000000000,BEST_ASK,"JPM,100501,149"
2019-06-28 14:33:00.000000000,BEST_BID,"JPM,99566,166"
2019-06-28 14:33:00.000000000,BEST_ASK,"JPM,100501,149"
2019-06-28 14:33:00.000000000,BEST_BID,"JPM,99566,166"
2019-06-28 14:33:00.000000000,BEST_ASK,"JPM,100501,149"
2019-06-28 14:33:00.000000000,BEST_BID,"JPM,99566,166"
2019-06-28 14:33:00.000000000,BEST_ASK,"JPM,100501,149"
2019-06-28 14:33:00.000000000,BEST_BID,"JPM,99566,166"
2019-06-28 14:33:00.000000000,BEST_ASK,"JPM,100501,149"
2019-06-28 14:33:00.000000000,QUERY_SPREAD,77
2019-06-28 14:33:00.000000000,BEST_BID,"JPM,99566,166"
2019-06-28 14:33:00.000000000,BEST_ASK,"JPM,100501,145"
2019-06-28 14:33:00.000000000,LAST_TRADE,"4,$100501.0000"
2019-06-28 14:33:00.000000000,QUERY_SPREAD,78
2019-06-28 14:33:00.000000000,BEST_BID,"JPM,99566,166"
2019-06-28 14:33:00.000000000,BEST_ASK,"JPM,100501,137"
2019-06-28 14:33:00.000000000,LAST_TRADE,"8,$100501.0000"
2019-06-28 14:33:00.000000000,QUERY_SPREAD,79
2019-06-28 14:33:00.000000000,BEST_BID,"JPM,99566,166"
2019-06-28 14:33:00.000000000,BEST_ASK,"JPM,100501,136"
2019-06-28 14:33:00.000000000,LAST_TRADE,"1,$100501.0000"
2019-06-28 14:33:00.000000000,QUERY_SPREAD,80
2019-06-28 14:33:00.000000000,BEST_BID,"JPM,99566,166"
2019-06-28 14:33:00.000000000,BEST_ASK,"JPM,100501,131"
2019-06-28 14:33:00.000000000,LAST_TRADE,"5,$100501.0000"
2019-06-28 14:33:00.000000000,QUERY_SPREAD,81
2019-06-28 14:33:00.000000000,BEST_BID,"JPM,99566,166"
2019-06-28 14:33:00.000000000,BEST_ASK,"JPM,100501,126"
2019-06-28 14:33:00.000000000,LAST_TRADE,"5,$100501.0000"
2019-06-28 14:33:00.000000000,QUERY_SPREAD,82
2019-06-28 14:33:00.000000000,BEST_BID,"JPM,99566,166"
2019-06-28 14:33:00.000000000,BEST_ASK,"JPM,100501,120"
2019-06-28 14:33:00.000000000,LAST_TRADE,"6,$100501.0000"
2019-06-28 14:33:00.000000000,QUERY_SPREAD,83
2019-06-28 14:33:00.000000000,BEST_BID,"JPM,99566,166"
2019-06-28 14:33:00.000000000,BEST_ASK,"JPM,100501,116"
2019-06-28 14:33:00.000000000,LAST_TRADE,"4,$100501.0000"
2019-06-28 14:33:00.000000000,QUERY_SPREAD,84
2019-06-28 14:33:00.000000000,BEST_BID,"JPM,99566,166"
2019-06-28 14:33:00.000000000,BEST_ASK,"JPM,100501,111"
2019-06-28 14:33:00.000000000,LAST_TRADE,"5,$100501.0000"
2019-06-28 14:33:00.000000000,QUERY_SPREAD,85
2019-06-28 14:33:00.000000000,BEST_BID,"JPM,99566,166"
2019-06-28 14:33:00.000000000,BEST_ASK,"JPM,100501,106"
2019-06-28 14:33:00.000000000,LAST_TRADE,"5,$100501.0000"
2019-06-28 14:33:00.000000000,QUERY_SPREAD,86
2019-06-28 14:33:00.000000000,BEST_BID,"JPM,99566,166"
2019-06-28 14:33:00.000000000,BEST_ASK,"JPM,100501,97"
2019-06-28 14:33:00.000000000,LAST_TRADE,"9,$100501.0000"
2019-06-28 14:33:00.000000000,QUERY_SPREAD,87
2019-06-28 14:33:00.000000000,BEST_BID,"JPM,99566,166"
2019-06-28 14:33:00.000000000,BEST_ASK,"JPM,100501,95"
2019-06-28 14:33:00.000000000,LAST_TRADE,"2,$100501.0000"
2019-06-28 14:33:00.000000000,QUERY_SPREAD,88
2019-06-28 14:33:00.000000000,BEST_BID,"JPM,99566,166"
2019-06-28 14:33:00.000000000,BEST_ASK,"JPM,100501,87"
2019-06-28 14:33:00.000000000,LAST_TRADE,"8,$100501.0000"
2019-06-28 14:33:00.000000000,QUERY_SPREAD,89
2019-06-28 14:33:00.000000000,BEST_BID,"JPM,99566,166"
2019-06-28 14:33:00.000000000,BEST_ASK,"JPM,100501,80"
2019-06-28 14:33:00.000000000,LAST_TRADE,"7,$100501.0000"
2019-06-28 14:33:00.000000000,QUERY_SPREAD,90
2019-06-28 14:33:00.000000000,BEST_BID,"JPM,99566,166"
2019-06-28 14:33:00.000000000,BEST_ASK,"JPM,100501,74"
2019-06-28 14:33:00.000000000,LAST_TRADE,"6,$100501.0000"
2019-06-28 14:33:00.000000000,QUERY_SPREAD,91
2019-06-28 14:33:00.000000000,BEST_BID,"JPM,99566,166"
2019-06-28 14:33:00.000000000,BEST_ASK,"JPM,100501,69"
2019-06-28 14:33:00.000000000,LAST_TRADE,"5,$100501.0000"
2019-06-28 14:33:00.000000000,QUERY_SPREAD,92
2019-06-28 14:33:00.000000000,BEST_BID,"JPM,99566,166"
2019-06-28 14:33:00.000000000,BEST_ASK,"JPM,100501,68"
2019-06-28 14:33:00.000000000,LAST_TRADE,"1,$100501.0000"
2019-06-28 14:33:00.000000000,QUERY_SPREAD,93
2019-06-28 14:33:00.000000000,BEST_BID,"JPM,99566,166"
2019-06-28 14:33:00.000000000,BEST_ASK,"JPM,100501,66"
2019-06-28 14:33:00.000000000,LAST_TRADE,"2,$100501.0000"
2019-06-28 14:33:00.000000000,QUERY_SPREAD,94
2019-06-28 14:33:00.000000000,BEST_BID,"JPM,99566,166"
2019-06-28 14:33:00.000000000,BEST_ASK,"JPM,100501,64"
2019-06-28 14:33:00.000000000,LAST_TRADE,"2,$100501.0000"
2019-06-28 14:33:00.000000000,QUERY_SPREAD,95
2019-06-28 14:33:00.000000000,BEST_BID,"JPM,99566,166"
2019-06-28 14:33:00.000000000,BEST_ASK,"JPM,100501,57"
2019-06-28 14:33:00.000000000,LAST_TRADE,"7,$100501.0000"
2019-06-28 14:33:00.000000000,QUERY_SPREAD,96
2019-06-28 14:33:00.000000000,BEST_BID,"JPM,99566,166"
2019-06-28 14:33:00.000000000,BEST_ASK,"JPM,100501,50"
2019-06-28 14:33:00.000000000,LAST_TRADE,"7,$100501.0000"
2019-06-28 14:33:00.000000000,QUERY_SPREAD,97
2019-06-28 14:33:00.000000000,BEST_BID,"JPM,99566,166"
2019-06-28 14:33:00.000000000,BEST_ASK,"JPM,100501,44"
2019-06-28 14:33:00.000000000,LAST_TRADE,"6,$100501.0000"
2019-06-28 14:33:00.000000000,QUERY_SPREAD,98
2019-06-28 14:33:00.000000000,BEST_BID,"JPM,99566,166"
2019-06-28 14:33:00.000000000,BEST_ASK,"JPM,100501,40"
2019-06-28 14:33:00.000000000,LAST_TRADE,"4,$100501.0000"
2019-06-28 14:33:00.000000000,QUERY_SPREAD,99
2019-06-28 14:33:00.000000000,BEST_BID,"JPM,99566,166"
2019-06-28 14:33:00.000000000,BEST_ASK,"JPM,100501,38"
2019-06-28 14:33:00.000000000,LAST_TRADE,"2,$100501.0000"
2019-06-28 14:33:00.000000000,QUERY_SPREAD,100
2019-06-28 14:33:00.000000000,BEST_BID,"JPM,99566,166"
2019-06-28 14:33:00.000000000,BEST_ASK,"JPM,100501,32"
2019-06-28 14:33:00.000000000,LAST_TRADE,"6,$100501.0000"
2019-06-28 14:33:00.000000000,QUERY_SPREAD,101
2019-06-28 14:33:00.000000000,QUERY_ORDER_STREAM,101
2019-06-28 14:33:10.000000000,QUERY_SPREAD,1
2019-06-28 14:33:10.000000000,BEST_BID,"JPM,99566,428"
2019-06-28 14:33:10.000000000,BEST_ASK,"JPM,100530,100"
2019-06-28 14:33:10.000000000,BEST_BID,"JPM,99566,428"
2019-06-28 14:33:10.000000000,BEST_ASK,"JPM,100530,428"
2019-06-28 14:33:20.000000000,QUERY_SPREAD,1
2019-06-28 14:33:20.000000000,BEST_BID,"JPM,99566,212"
2019-06-28 14:33:20.000000000,BEST_ASK,"JPM,100530,100"
2019-06-28 14:33:20.000000000,BEST_BID,"JPM,99566,212"
2019-06-28 14:33:20.000000000,BEST_ASK,"JPM,100530,100"
2019-06-28 14:33:20.000000000,BEST_BID,"JPM,99566,212"
2019-06-28 14:33:20.000000000,BEST_ASK,"JPM,100530,100"
2019-06-28 14:33:20.000000000,BEST_BID,"JPM,99566,212"
2019-06-28 14:33:20.000000000,BEST_ASK,"JPM,100530,212"
2019-06-28 14:33:20.000000000,BEST_BID,"JPM,99566,212"
2019-06-28 14:33:20.000000000,BEST_ASK,"JPM,100530,212"
2019-06-28 14:33:20.000000000,BEST_BID,"JPM,99566,212"
2019-06-28 14:33:20.000000000,BEST_ASK,"JPM,100530,212"
2019-06-28 14:33:30.000000000,QUERY_SPREAD,1
2019-06-28 14:33:30.000000000,BEST_BID,"JPM,99566,264"
2019-06-28 14:33:30.000000000,BEST_ASK,"JPM,100530,100"
2019-06-28 14:33:30.000000000,BEST_BID,"JPM,99566,264"
2019-06-28 14:33:30.000000000,BEST_ASK,"JPM,100530,100"
2019-06-28 14:33:30.000000000,BEST_BID,"JPM,99566,264"
2019-06-28 14:33:30.000000000,BEST_ASK,"JPM,100530,264"
2019-06-28 14:33:30.000000000,BEST_BID,"JPM,99566,264"
2019-06-28 14:33:30.000000000,BEST_ASK,"JPM,100530,264"
2019-06-28 14:33:40.000000000,QUERY_SPREAD,1
2019-06-28 14:33:40.000000000,BEST_BID,"JPM,99566,166"
2019-06-28 14:33:40.000000000,BEST_ASK,"JPM,100530,100"
2019-06-28 14:33:40.000000000,BEST_BID,"JPM,99566,166"
2019-06-28 14:33:40.000000000,BEST_ASK,"JPM,100530,100"
2019-06-28 14:33:40.000000000,BEST_BID,"JPM,99566,166"
2019-06-28 14:33:40.000000000,BEST_ASK,"JPM,100530,100"
2019-06-28 14:33:40.000000000,BEST_BID,"JPM,99566,166"
2019-06-28 14:33:40.000000000,BEST_ASK,"JPM,100530,100"
2019-06-28 14:33:40.000000000,BEST_BID,"JPM,99566,166"
2019-06-28 14:33:40.000000000,BEST_ASK,"JPM,100530,100"
2019-06-28 14:33:40.000000000,BEST_BID,"JPM,99566,166"
2019-06-28 14:33:40.000000000,BEST_ASK,"JPM,100530,166"
2019-06-28 14:33:40.000000000,BEST_BID,"JPM,99566,166"
2019-06-28 14:33:40.000000000,BEST_ASK,"JPM,100530,166"
2019-06-28 14:33:40.000000000,BEST_BID,"JPM,99566,166"
2019-06-28 14:33:40.000000000,BEST_ASK,"JPM,100530,166"
2019-06-28 14:33:40.000000000,BEST_BID,"JPM,99566,166"
2019-06-28 14:33:40.000000000,BEST_ASK,"JPM,100530,166"
2019-06-28 14:33:40.000000000,BEST_BID,"JPM,99566,166"
2019-06-28 14:33:40.000000000,BEST_ASK,"JPM,100530,166"
2019-06-28 14:33:47.544983390,QUERY_SPREAD,43
2019-06-28 14:33:47.544983390,BEST_BID,"JPM,99566,166"
2019-06-28 14:33:47.544983390,BEST_ASK,"JPM,100530,166"
2019-06-28 14:33:50.000000000,QUERY_SPREAD,1
2019-06-28 14:33:50.000000000,BEST_BID,"JPM,99566,166"
2019-06-28 14:33:50.000000000,BEST_ASK,"JPM,100530,100"
2019-06-28 14:33:50.000000000,BEST_BID,"JPM,99566,166"
2019-06-28 14:33:50.000000000,BEST_ASK,"JPM,100530,100"
2019-06-28 14:33:50.000000000,BEST_BID,"JPM,99566,166"
2019-06-28 14:33:50.000000000,BEST_ASK,"JPM,100530,100"
2019-06-28 14:33:50.000000000,BEST_BID,"JPM,99566,166"
2019-06-28 14:33:50.000000000,BEST_ASK,"JPM,100530,100"
2019-06-28 14:33:50.000000000,BEST_BID,"JPM,99566,166"
2019-06-28 14:33:50.000000000,BEST_ASK,"JPM,100530,100"
2019-06-28 14:33:50.000000000,BEST_BID,"JPM,99566,166"
2019-06-28 14:33:50.000000000,BEST_ASK,"JPM,100530,166"
2019-06-28 14:33:50.000000000,BEST_BID,"JPM,99566,166"
2019-06-28 14:33:50.000000000,BEST_ASK,"JPM,100530,166"
2019-06-28 14:33:50.000000000,BEST_BID,"JPM,99566,166"
2019-06-28 14:33:50.000000000,BEST_ASK,"JPM,100530,166"
2019-06-28 14:33:50.000000000,BEST_BID,"JPM,99566,166"
2019-06-28 14:33:50.000000000,BEST_ASK,"JPM,100530,166"
2019-06-28 14:33:50.000000000,BEST_BID,"JPM,99566,166"
2019-06-28 14:33:50.000000000,BEST_ASK,"JPM,100530,166"
2019-06-28 14:33:55.970107642,QUERY_ORDER_STREAM,71
2019-06-28 14:33:55.970107642,QUERY_SPREAD,71
2019-06-28 14:33:55.970107642,BEST_BID,"JPM,99566,166"
2019-06-28 14:33:55.970107642,BEST_ASK,"JPM,100501,100"
2019-06-28 14:34:00.000000000,QUERY_SPREAD,1
2019-06-28 14:34:00.000000000,BEST_BID,"JPM,99566,212"
2019-06-28 14:34:00.000000000,BEST_ASK,"JPM,100501,100"
2019-06-28 14:34:00.000000000,BEST_BID,"JPM,99566,212"
2019-06-28 14:34:00.000000000,BEST_ASK,"JPM,100501,100"
2019-06-28 14:34:00.000000000,BEST_BID,"JPM,99566,212"
2019-06-28 14:34:00.000000000,BEST_ASK,"JPM,100501,100"
2019-06-28 14:34:00.000000000,BEST_BID,"JPM,99566,212"
2019-06-28 14:34:00.000000000,BEST_ASK,"JPM,100501,212"
2019-06-28 14:34:00.000000000,BEST_BID,"JPM,99566,212"
2019-06-28 14:34:00.000000000,BEST_ASK,"JPM,100501,212"
2019-06-28 14:34:00.000000000,BEST_BID,"JPM,99566,212"
2019-06-28 14:34:00.000000000,BEST_ASK,"JPM,100501,212"
2019-06-28 14:34:00.000000000,QUERY_SPREAD,77
2019-06-28 14:34:00.000000000,BEST_BID,"JPM,99566,212"
2019-06-28 14:34:00.000000000,BEST_ASK,"JPM,100501,208"
2019-06-28 14:34:00.000000000,LAST_TRADE,"4,$100501.0000"
2019-06-28 14:34:00.000000000,QUERY_SPREAD,78
2019-06-28 14:34:00.000000000,BEST_BID,"JPM,99566,212"
2019-06-28 14:34:00.000000000,BEST_ASK,"JPM,100501,200"
2019-06-28 14:34:00.000000000,LAST_TRADE,"8,$100501.0000"
2019-06-28 14:34:00.000000000,QUERY_SPREAD,79
2019-06-28 14:34:00.000000000,BEST_BID,"JPM,99566,212"
2019-06-28 14:34:00.000000000,BEST_ASK,"JPM,100501,199"
2019-06-28 14:34:00.000000000,LAST_TRADE,"1,$100501.0000"
2019-06-28 14:34:00.000000000,QUERY_SPREAD,80
2019-06-28 14:34:00.000000000,BEST_BID,"JPM,99566,212"
2019-06-28 14:34:00.000000000,BEST_ASK,"JPM,100501,194"
2019-06-28 14:34:00.000000000,LAST_TRADE,"5,$100501.0000"
2019-06-28 14:34:00.000000000,QUERY_SPREAD,81
2019-06-28 14:34:00.000000000,BEST_BID,"JPM,99566,212"
2019-06-28 14:34:00.000000000,BEST_ASK,"JPM,100501,189"
2019-06-28 14:34:00.000000000,LAST_TRADE,"5,$100501.0000"
2019-06-28 14:34:00.000000000,QUERY_SPREAD,82
2019-06-28 14:34:00.000000000,BEST_BID,"JPM,99566,212"
2019-06-28 14:34:00.000000000,BEST_ASK,"JPM,100501,183"
2019-06-28 14:34:00.000000000,LAST_TRADE,"6,$100501.0000"
2019-06-28 14:34:00.000000000,QUERY_SPREAD,83
2019-06-28 14:34:00.000000000,BEST_BID,"JPM,99566,212"
2019-06-28 14:34:00.000000000,BEST_ASK,"JPM,100501,179"
2019-06-28 14:34:00.000000000,LAST_TRADE,"4,$100501.0000"
2019-06-28 14:34:00.000000000,QUERY_SPREAD,84
2019-06-28 14:34:00.000000000,BEST_BID,"JPM,99566,212"
2019-06-28 14:34:00.000000000,BEST_ASK,"JPM,100501,174"
2019-06-28 14:34:00.000000000,LAST_TRADE,"5,$100501.0000"
2019-06-28 14:34:00.000000000,QUERY_SPREAD,85
2019-06-28 14:34:00.000000000,BEST_BID,"JPM,99566,212"
2019-06-28 14:34:00.000000000,BEST_ASK,"JPM,100501,169"
2019-06-28 14:34:00.000000000,LAST_TRADE,"5,$100501.0000"
2019-06-28 14:34:00.000000000,QUERY_SPREAD,86
2019-06-28 14:34:00.000000000,BEST_BID,"JPM,99566,212"
2019-06-28 14:34:00.000000000,BEST_ASK,"JPM,100501,160"
2019-06-28 14:34:00.000000000,LAST_TRADE,"9,$100501.0000"
2019-06-28 14:34:00.000000000,QUERY_SPREAD,87
2019-06-28 14:34:00.000000000,BEST_BID,"JPM,99566,212"
2019-06-28 14:34:00.000000000,BEST_ASK,"JPM,100501,158"
2019-06-28 14:34:00.000000000,LAST_TRADE,"2,$100501.0000"
2019-06-28 14:34:00.000000000,QUERY_SPREAD,88
2019-06-28 14:34:00.000000000,BEST_BID,"JPM,99566,212"
2019-06-28 14:34:00.000000000,BEST_ASK,"JPM,100501,150"
2019-06-28 14:34:00.000000000,LAST_TRADE,"8,$100501.0000"
2019-06-28 14:34:00.000000000,QUERY_SPREAD,89
2019-06-28 14:34:00.000000000,BEST_BID,"JPM,99566,212"
2019-06-28 14:34:00.000000000,BEST_ASK,"JPM,100501,143"
2019-06-28 14:34:00.000000000,LAST_TRADE,"7,$100501.0000"
2019-06-28 14:34:00.000000000,QUERY_SPREAD,90
2019-06-28 14:34:00.000000000,BEST_BID,"JPM,99566,212"
2019-06-28 14:34:00.000000000,BEST_ASK,"JPM,100501,137"
2019-06-28 14:34:00.000000000,LAST_TRADE,"6,$100501.0000"
2019-06-28 14:34:00.000000000,QUERY_SPREAD,91
2019-06-28 14:34:00.000000000,BEST_BID,"JPM,99566,212"
2019-06-28 14:34:00.000000000,BEST_ASK,"JPM,100501,132"
2019-06-28 14:34:00.000000000,LAST_TRADE,"5,$100501.0000"
2019-06-28 14:34:00.000000000,QUERY_SPREAD,92
2019-06-28 14:34:00.000000000,BEST_BID,"JPM,99566,212"
2019-06-28 14:34:00.000000000,BEST_ASK,"JPM,100501,131"
2019-06-28 14:34:00.000000000,LAST_TRADE,"1,$100501.0000"
2019-06-28 14:34:00.000000000,QUERY_SPREAD,93
2019-06-28 14:34:00.000000000,BEST_BID,"JPM,99566,212"
2019-06-28 14:34:00.000000000,BEST_ASK,"JPM,100501,129"
2019-06-28 14:34:00.000000000,LAST_TRADE,"2,$100501.0000"
2019-06-28 14:34:00.000000000,QUERY_SPREAD,94
2019-06-28 14:34:00.000000000,BEST_BID,"JPM,99566,212"
2019-06-28 14:34:00.000000000,BEST_ASK,"JPM,100501,127"
2019-06-28 14:34:00.000000000,LAST_TRADE,"2,$100501.0000"
2019-06-28 14:34:00.000000000,QUERY_SPREAD,95
2019-06-28 14:34:00.000000000,BEST_BID,"JPM,99566,212"
2019-06-28 14:34:00.000000000,BEST_ASK,"JPM,100501,120"
2019-06-28 14:34:00.000000000,LAST_TRADE,"7,$100501.0000"
2019-06-28 14:34:00.000000000,QUERY_SPREAD,96
2019-06-28 14:34:00.000000000,BEST_BID,"JPM,99566,212"
2019-06-28 14:34:00.000000000,BEST_ASK,"JPM,100501,113"
2019-06-28 14:34:00.000000000,LAST_TRADE,"7,$100501.0000"
2019-06-28 14:34:00.000000000,QUERY_SPREAD,97
2019-06-28 14:34:00.000000000,BEST_BID,"JPM,99566,212"
2019-06-28 14:34:00.000000000,BEST_ASK,"JPM,100501,107"
2019-06-28 14:34:00.000000000,LAST_TRADE,"6,$100501.0000"
2019-06-28 14:34:00.000000000,QUERY_SPREAD,98
2019-06-28 14:34:00.000000000,BEST_BID,"JPM,99566,212"
2019-06-28 14:34:00.000000000,BEST_ASK,"JPM,100501,103"
2019-06-28 14:34:00.000000000,LAST_TRADE,"4,$100501.0000"
2019-06-28 14:34:00.000000000,QUERY_SPREAD,99
2019-06-28 14:34:00.000000000,BEST_BID,"JPM,99566,212"
2019-06-28 14:34:00.000000000,BEST_ASK,"JPM,100501,101"
2019-06-28 14:34:00.000000000,LAST_TRADE,"2,$100501.0000"
2019-06-28 14:34:00.000000000,QUERY_SPREAD,100
2019-06-28 14:34:00.000000000,BEST_BID,"JPM,99566,212"
2019-06-28 14:34:00.000000000,BEST_ASK,"JPM,100501,95"
2019-06-28 14:34:00.000000000,LAST_TRADE,"6,$100501.0000"
2019-06-28 14:34:00.000000000,QUERY_SPREAD,101
2019-06-28 14:34:00.000000000,QUERY_ORDER_STREAM,101
2019-06-28 14:34:08.437500475,QUERY_ORDER_STREAM,52
2019-06-28 14:34:08.437500475,QUERY_SPREAD,52
2019-06-28 14:34:10.000000000,QUERY_SPREAD,1
2019-06-28 14:34:10.000000000,BEST_BID,"JPM,99566,264"
2019-06-28 14:34:10.000000000,BEST_ASK,"JPM,100530,100"
2019-06-28 14:34:10.000000000,BEST_BID,"JPM,99566,264"
2019-06-28 14:34:10.000000000,BEST_ASK,"JPM,100530,100"
2019-06-28 14:34:10.000000000,BEST_BID,"JPM,99566,264"
2019-06-28 14:34:10.000000000,BEST_ASK,"JPM,100530,264"
2019-06-28 14:34:10.000000000,BEST_BID,"JPM,99566,264"
2019-06-28 14:34:10.000000000,BEST_ASK,"JPM,100530,264"
2019-06-28 14:34:16.008195822,QUERY_SPREAD,47
2019-06-28 14:34:16.008195822,BEST_BID,"JPM,99566,264"
2019-06-28 14:34:16.008195822,BEST_ASK,"JPM,100530,264"
2019-06-28 14:34:19.151683053,QUERY_SPREAD,37
2019-06-28 14:34:19.151683053,BEST_BID,"JPM,99566,164"
2019-06-28 14:34:19.151683053,BEST_ASK,"JPM,100530,264"
2019-06-28 14:34:19.151683053,LAST_TRADE,"100,$99566.0000"
2019-06-28 14:34:20.000000000,QUERY_SPREAD,1
2019-06-28 14:34:20.000000000,BEST_BID,"JPM,99350,166"
2019-06-28 14:34:20.000000000,BEST_ASK,"JPM,100530,100"
2019-06-28 14:34:20.000000000,BEST_BID,"JPM,99350,166"
2019-06-28 14:34:20.000000000,BEST_ASK,"JPM,100530,100"
2019-06-28 14:34:20.000000000,BEST_BID,"JPM,99350,166"
2019-06-28 14:34:20.000000000,BEST_ASK,"JPM,100530,100"
2019-06-28 14:34:20.000000000,BEST_BID,"JPM,99350,166"
2019-06-28 14:34:20.000000000,BEST_ASK,"JPM,100530,100"
2019-06-28 14:34:20.000000000,BEST_BID,"JPM,99350,166"
2019-06-28 14:34:20.000000000,BEST_ASK,"JPM,100530,100"
2019-06-28 14:34:20.000000000,BEST_BID,"JPM,99350,166"
2019-06-28 14:34:20.000000000,BEST_ASK,"JPM,100530,166"
2019-06-28 14:34:20.000000000,BEST_BID,"JPM,99350,166"
2019-06-28 14:34:20.000000000,BEST_ASK,"JPM,100530,166"
2019-06-28 14:34:20.000000000,BEST_BID,"JPM,99350,166"
2019-06-28 14:34:20.000000000,BEST_ASK,"JPM,100530,166"
2019-06-28 14:34:20.000000000,BEST_BID,"JPM,99350,166"
2019-06-28 14:34:20.000000000,BEST_ASK,"JPM,100530,166"
2019-06-28 14:34:20.000000000,BEST_BID,"JPM,99350,166"
2019-06-28 14:34:20.000000000,BEST_ASK,"JPM,100530,166"
2019-06-28 14:34:30.000000000,QUERY_SPREAD,1
2019-06-28 14:34:30.000000000,BEST_BID,"JPM,99350,166"
2019-06-28 14:34:30.000000000,BEST_ASK,"JPM,100530,100"
2019-06-28 14:34:30.000000000,BEST_BID,"JPM,99350,166"
2019-06-28 14:34:30.000000000,BEST_ASK,"JPM,100530,100"
2019-06-28 14:34:30.000000000,BEST_BID,"JPM,99350,166"
2019-06-28 14:34:30.000000000,BEST_ASK,"JPM,100530,100"
2019-06-28 14:34:30.000000000,BEST_BID,"JPM,99350,166"
2019-06-28 14:34:30.000000000,BEST_ASK,"JPM,100530,100"
2019-06-28 14:34:30.000000000,BEST_BID,"JPM,99350,166"
2019-06-28 14:34:30.000000000,BEST_ASK,"JPM,100530,100"
2019-06-28 14:34:30.000000000,BEST_BID,"JPM,99350,166"
2019-06-28 14:34:30.000000000,BEST_ASK,"JPM,100530,166"
2019-06-28 14:34:30.000000000,BEST_BID,"JPM,99350,166"
2019-06-28 14:34:30.000000000,BEST_ASK,"JPM,100530,166"
2019-06-28 14:34:30.000000000,BEST_BID,"JPM,99350,166"
2019-06-28 14:34:30.000000000,BEST_ASK,"JPM,100530,166"
2019-06-28 14:34:30.000000000,BEST_BID,"JPM,99350,166"
2019-06-28 14:34:30.000000000,BEST_ASK,"JPM,100530,166"
2019-06-28 14:34:30.000000000,BEST_BID,"JPM,99350,166"
2019-06-28 14:34:30.000000000,BEST_ASK,"JPM,100530,166"
2019-06-28 14:34:40.000000000,QUERY_SPREAD,1
2019-06-28 14:34:40.000000000,BEST_BID,"JPM,99350,264"
2019-06-28 14:34:40.000000000,BEST_ASK,"JPM,100530,100"
2019-06-28 14:34:40.000000000,BEST_BID,"JPM,99350,264"
2019-06-28 14:34:40.000000000,BEST_ASK,"JPM,100530,100"
2019-06-28 14:34:40.000000000,BEST_BID,"JPM,99350,264"
2019-06-28 14:34:40.000000000,BEST_ASK,"JPM,100530,264"
2019-06-28 14:34:40.000000000,BEST_BID,"JPM,99350,264"
2019-06-28 14:34:40.000000000,BEST_ASK,"JPM,100530,264"
2019-06-28 14:34:43.679477790,QUERY_SPREAD,14
2019-06-28 14:34:43.679477790,BEST_BID,"JPM,99350,264"
2019-06-28 14:34:43.679477790,BEST_ASK,"JPM,99643,100"
2019-06-28 14:34:50.000000000,QUERY_SPREAD,1
2019-06-28 14:34:50.000000000,BEST_BID,"JPM,99350,182"
2019-06-28 14:34:50.000000000,BEST_ASK,"JPM,99643,100"
2019-06-28 14:34:50.000000000,BEST_BID,"JPM,99350,182"
2019-06-28 14:34:50.000000000,BEST_ASK,"JPM,99643,100"
2019-06-28 14:34:50.000000000,BEST_BID,"JPM,99350,182"
2019-06-28 14:34:50.000000000,BEST_ASK,"JPM,99643,100"
2019-06-28 14:34:50.000000000,BEST_BID,"JPM,99350,182"
2019-06-28 14:34:50.000000000,BEST_ASK,"JPM,99643,100"
2019-06-28 14:34:50.000000000,BEST_BID,"JPM,99350,182"
2019-06-28 14:34:50.000000000,BEST_ASK,"JPM,99643,182"
2019-06-28 14:34:50.000000000,BEST_BID,"JPM,99350,182"
2019-06-28 14:34:50.000000000,BEST_ASK,"JPM,99643,182"
2019-06-28 14:34:50.000000000,BEST_BID,"JPM,99350,182"
2019-06-28 14:34:50.000000000,BEST_ASK,"JPM,99643,182"
2019-06-28 14:34:50.000000000,BEST_BID,"JPM,99350,182"
2019-06-28 14:34:50.000000000,BEST_ASK,"JPM,99643,182"
2019-06-28 14:34:56.241863687,QUERY_ORDER_STREAM,55
2019-06-28 14:34:56.241863687,QUERY_SPREAD,55
2019-06-28 14:34:56.241863687,BEST_BID,"JPM,99350,182"
2019-06-28 14:34:56.241863687,BEST_ASK,"JPM,99643,182"
2019-06-28 14:35:00.000000000,QUERY_SPREAD,1
2019-06-28 14:35:00.000000000,BEST_BID,"JPM,99350,264"
2019-06-28 14:35:00.000000000,BEST_ASK,"JPM,99643,100"
2019-06-28 14:35:00.000000000,BEST_BID,"JPM,99350,264"
2019-06-28 14:35:00.000000000,BEST_ASK,"JPM,99643,100"
2019-06-28 14:35:00.000000000,BEST_BID,"JPM,99350,264"
2019-06-28 14:35:00.000000000,BEST_ASK,"JPM,99643,264"
2019-06-28 14:35:00.000000000,BEST_BID,"JPM,99350,264"
2019-06-28 14:35:00.000000000,BEST_ASK,"JPM,99643,264"
2019-06-28 14:35:00.000000000,QUERY_SPREAD,77
2019-06-28 14:35:00.000000000,BEST_BID,"JPM,99350,264"
2019-06-28 14:35:00.000000000,BEST_ASK,"JPM,99643,260"
2019-06-28 14:35:00.000000000,LAST_TRADE,"4,$99643.0000"
2019-06-28 14:35:00.000000000,QUERY_SPREAD,78
2019-06-28 14:35:00.000000000,BEST_BID,"JPM,99350,264"
2019-06-28 14:35:00.000000000,BEST_ASK,"JPM,99643,252"
2019-06-28 14:35:00.000000000,LAST_TRADE,"8,$99643.0000"
2019-06-28 14:35:00.000000000,QUERY_SPREAD,79
2019-06-28 14:35:00.000000000,BEST_BID,"JPM,99350,264"
2019-06-28 14:35:00.000000000,BEST_ASK,"JPM,99643,251"
2019-06-28 14:35:00.000000000,LAST_TRADE,"1,$99643.0000"
2019-06-28 14:35:00.000000000,QUERY_SPREAD,80
2019-06-28 14:35:00.000000000,BEST_BID,"JPM,99350,264"
2019-06-28 14:35:00.000000000,BEST_ASK,"JPM,99643,246"
2019-06-28 14:35:00.000000000,LAST_TRADE,"5,$99643.0000"
2019-06-28 14:35:00.000000000,QUERY_SPREAD,81
2019-06-28 14:35:00.000000000,BEST_BID,"JPM,99350,264"
2019-06-28 14:35:00.000000000,BEST_ASK,"JPM,99643,241"
2019-06-28 14:35:00.000000000,LAST_TRADE,"5,$99643.0000"
2019-06-28 14:35:00.000000000,QUERY_SPREAD,82
2019-06-28 14:35:00.000000000,BEST_BID,"JPM,99350,264"
2019-06-28 14:35:00.000000000,BEST_ASK,"JPM,99643,235"
2019-06-28 14:35:00.000000000,LAST_TRADE,"6,$99643.0000"
2019-06-28 14:35:00.000000000,QUERY_SPREAD,83
2019-06-28 14:35:00.000000000,BEST_BID,"JPM,99350,264"
2019-06-28 14:35:00.000000000,BEST_ASK,"JPM,99643,231"
2019-06-28 14:35:00.000000000,LAST_TRADE,"4,$99643.0000"
2019-06-28 14:35:00.000000000,QUERY_SPREAD,84
2019-06-28 14:35:00.000000000,BEST_BID,"JPM,99350,264"
2019-06-28 14:35:00.000000000,BEST_ASK,"JPM,99643,226"
2019-06-28 14:35:00.000000000,LAST_TRADE,"5,$99643.0000"
2019-06-28 14:35:00.000000000,QUERY_SPREAD,85
2019-06-28 14:35:00.000000000,BEST_BID,"JPM,99350,264"
2019-06-28 14:35:00.000000000,BEST_ASK,"JPM,99643,221"
2019-06-28 14:35:00.000000000,LAST_TRADE,"5,$99643.0000"
2019-06-28 14:35:00.000000000,QUERY_SPREAD,86
2019-06-28 14:35:00.000000000,BEST_BID,"JPM,99350,264"
2019-06-28 14:35:00.000000000,BEST_ASK,"JPM,99643,212"
2019-06-28 14:35:00.000000000,LAST_TRADE,"9,$99643.0000"
2019-06-28 14:35:00.000000000,QUERY_SPREAD,87
2019-06-28 14:35:00.000000000,BEST_BID,"JPM,99350,264"
2019-06-28 14:35:00.000000000,BEST_ASK,"JPM,99643,210"
2019-06-28 14:35:00.000000000,LAST_TRADE,"2,$99643.0000"
2019-06-28 14:35:00.000000000,QUERY_SPREAD,88
2019-06-28 14:35:00.000000000,BEST_BID,"JPM,99350,264"
2019-06-28 14:35:00.000000000,BEST_ASK,"JPM,99643,202"
2019-06-28 14:35:00.000000000,LAST_TRADE,"8,$99643.0000"
2019-06-28 14:35:00.000000000,QUERY_SPREAD,89
2019-06-28 14:35:00.000000000,BEST_BID,"JPM,99350,264"
2019-06-28 14:35:00.000000000,BEST_ASK,"JPM,99643,195"
2019-06-28 14:35:00.000000000,LAST_TRADE,"7,$99643.0000"
2019-06-28 14:35:00.000000000,QUERY_SPREAD,90
2019-06-28 14:35:00.000000000,BEST_BID,"JPM,99350,264"
2019-06-28 14:35:00.000000000,BEST_ASK,"JPM,99643,189"
2019-06-28 14:35:00.000000000,LAST_TRADE,"6,$99643.0000"
2019-06-28 14:35:00.000000000,QUERY_SPREAD,91
2019-06-28 14:35:00.000000000,BEST_BID,"JPM,99350,264"
2019-06-28 14:35:00.000000000,BEST_ASK,"JPM,99643,184"
2019-06-28 14:35:00.000000000,LAST_TRADE,"5,$99643.0000"
2019-06-28 14:35:00.000000000,QUERY_SPREAD,92
2019-06-28 14:35:00.000000000,BEST_BID,"JPM,99350,264"
2019-06-28 14:35:00.000000000,BEST_ASK,"JPM,99643,183"
2019-06-28 14:35:00.000000000,LAST_TRADE,"1,$99643.0000"
2019-06-28 14:35:00.000000000,QUERY_SPREAD,93
2019-06-28 14:35:00.000000000,BEST_BID,"JPM,99350,264"
2019-06-28 14:35:00.000000000,BEST_ASK,"JPM,99643,181"
2019-06-28 14:35:00.000000000,LAST_TRADE,"2,$99643.0000"
2019-06-28 14:35:00.000000000,QUERY_SPREAD,94
2019-06-28 14:35:00.000000000,BEST_BID,"JPM,99350,264"
2019-06-28 14:35:00.000000000,BEST_ASK,"JPM,99643,179"
2019-06-28 14:35:00.000000000,LAST_TRADE,"2,$99643.0000"
2019-06-28 14:35:00.000000000,QUERY_SPREAD,95
2019-06-28 14:35:00.000000000,BEST_BID,"JPM,99350,264"
2019-06-28 14:35:00.000000000,BEST_ASK,"JPM,99643,172"
2019-06-28 14:35:00.000000000,LAST_TRADE,"7,$99643.0000"
2019-06-28 14:35:00.000000000,QUERY_SPREAD,96
2019-06-28 14:35:00.000000000,BEST_BID,"JPM,99350,264"
2019-06-28 14:35:00.000000000,BEST_ASK,"JPM,99643,165"
2019-06-28 14:35:00.000000000,LAST_TRADE,"7,$99643.0000"
2019-06-28 14:35:00.000000000,QUERY_SPREAD,97
2019-06-28 14:35:00.000000000,BEST_BID,"JPM,99350,264"
2019-06-28 14:35:00.000000000,BEST_ASK,"JPM,99643,159"
2019-06-28 14:35:00.000000000,LAST_TRADE,"6,$99643.0000"
2019-06-28 14:35:00.000000000,QUERY_SPREAD,98
2019-06-28 14:35:00.000000000,BEST_BID,"JPM,99350,264"
2019-06-28 14:35:00.000000000,BEST_ASK,"JPM,99643,155"
2019-06-28 14:35:00.000000000,LAST_TRADE,"4,$99643.0000"
2019-06-28 14:35:00.000000000,QUERY_SPREAD,99
2019-06-28 14:35:00.000000000,BEST_BID,"JPM,99350,264"
2019-06-28 14:35:00.000000000,BEST_ASK,"JPM,99643,153"
2019-06-28 14:35:00.000000000,LAST_TRADE,"2,$99643.0000"
2019-06-28 14:35:00.000000000,QUERY_SPREAD,100
2019-06-28 14:35:00.000000000,BEST_BID,"JPM,99350,264"
2019-06-28 14:35:00.000000000,BEST_ASK,"JPM,99643,147"
2019-06-28 14:35:00.000000000,LAST_TRADE,"6,$99643.0000"
2019-06-28 14:35:00.000000000,QUERY_SPREAD,101
2019-06-28 14:35:00.000000000,QUERY_ORDER_STREAM,101
2019-06-28 14:35:00.000000000,BEST_BID,"JPM,99350,264"
2019-06-28 14:35:00.000000000,BEST_ASK,"JPM,99643,139"
2019-06-28 14:35:00.000000000,LAST_TRADE,"8,$99643.0000"
2019-06-28 14:35:07.858975208,QUERY_ORDER_STREAM,52
2019-06-28 14:35:07.858975208,QUERY_SPREAD,52
2019-06-28 14:35:07.858975208,BEST_BID,"JPM,99350,264"
2019-06-28 14:35:07.858975208,BEST_ASK,"JPM,99643,239"
2019-06-28 14:35:10.000000000,QUERY_SPREAD,1
2019-06-28 14:35:10.000000000,BEST_BID,"JPM,99350,428"
2019-06-28 14:35:10.000000000,BEST_ASK,"JPM,99643,100"
2019-06-28 14:35:10.000000000,BEST_BID,"JPM,99350,428"
2019-06-28 14:35:10.000000000,BEST_ASK,"JPM,99643,428"
2019-06-28 14:35:10.299882812,QUERY_SPREAD,42
2019-06-28 14:35:10.299882812,BEST_BID,"JPM,99393,100"
2019-06-28 14:35:10.299882812,BEST_ASK,"JPM,99643,428"
2019-06-28 14:35:11.001750015,QUERY_SPREAD,37
2019-06-28 14:35:11.001750015,BEST_BID,"JPM,99393,100"
2019-06-28 14:35:11.001750015,BEST_ASK,"JPM,99460,100"
2019-06-28 14:35:20.000000000,QUERY_SPREAD,1
2019-06-28 14:35:20.000000000,BEST_BID,"JPM,99393,212"
2019-06-28 14:35:20.000000000,BEST_ASK,"JPM,99460,100"
2019-06-28 14:35:20.000000000,BEST_BID,"JPM,99393,212"
2019-06-28 14:35:20.000000000,BEST_ASK,"JPM,99460,100"
2019-06-28 14:35:20.000000000,BEST_BID,"JPM,99393,212"
2019-06-28 14:35:20.000000000,BEST_ASK,"JPM,99460,100"
2019-06-28 14:35:20.000000000,BEST_BID,"JPM,99393,212"
2019-06-28 14:35:20.000000000,BEST_ASK,"JPM,99460,212"
2019-06-28 14:35:20.000000000,BEST_BID,"JPM,99393,212"
2019-06-28 14:35:20.000000000,BEST_ASK,"JPM,99460,212"
2019-06-28 14:35:20.000000000,BEST_BID,"JPM,99393,212"
2019-06-28 14:35:20.000000000,BEST_ASK,"JPM,99460,212"
2019-06-28 14:35:21.906145411,QUERY_SPREAD,16
2019-06-28 14:35:21.906145411,BEST_BID,"JPM,99393,212"
2019-06-28 14:35:21.906145411,BEST_ASK,"JPM,99460,212"
2019-06-28 14:35:30.000000000,QUERY_SPREAD,1
2019-06-28 14:35:30.000000000,BEST_BID,"JPM,99393,264"
2019-06-28 14:35:30.000000000,BEST_ASK,"JPM,99460,100"
2019-06-28 14:35:30.000000000,BEST_BID,"JPM,99393,264"
2019-06-28 14:35:30.000000000,BEST_ASK,"JPM,99460,100"
2019-06-28 14:35:30.000000000,BEST_BID,"JPM,99393,264"
2019-06-28 14:35:30.000000000,BEST_ASK,"JPM,99460,264"
2019-06-28 14:35:30.000000000,BEST_BID,"JPM,99393,264"
2019-06-28 14:35:30.000000000,BEST_ASK,"JPM,99460,264"
2019-06-28 14:35:40.000000000,QUERY_SPREAD,1
2019-06-28 14:35:40.000000000,BEST_BID,"JPM,99393,166"
2019-06-28 14:35:40.000000000,BEST_ASK,"JPM,99460,100"
2019-06-28 14:35:40.000000000,BEST_BID,"JPM,99393,166"
2019-06-28 14:35:40.000000000,BEST_ASK,"JPM,99460,100"
2019-06-28 14:35:40.000000000,BEST_BID,"JPM,99393,166"
2019-06-28 14:35:40.000000000,BEST_ASK,"JPM,99460,100"
2019-06-28 14:35:40.000000000,BEST_BID,"JPM,99393,166"
2019-06-28 14:35:40.000000000,BEST_ASK,"JPM,99460,100"
2019-06-28 14:35:40.000000000,BEST_BID,"JPM,99393,166"
2019-06-28 14:35:40.000000000,BEST_ASK,"JPM,99460,100"
2019-06-28 14:35:40.000000000,BEST_BID,"JPM,99393,166"
2019-06-28 14:35:40.000000000,BEST_ASK,"JPM,99460,166"
2019-06-28 14:35:40.000000000,BEST_BID,"JPM,99393,166"
2019-06-28 14:35:40.000000000,BEST_ASK,"JPM,99460,166"
2019-06-28 14:35:40.000000000,BEST_BID,"JPM,99393,166"
2019-06-28 14:35:40.000000000,BEST_ASK,"JPM,99460,166"
2019-06-28 14:35:40.000000000,BEST_BID,"JPM,99393,166"
2019-06-28 14:35:40.000000000,BEST_ASK,"JPM,99460,166"
2019-06-28 14:35:40.000000000,BEST_BID,"JPM,99393,166"
2019-06-28 14:35:40.000000000,BEST_ASK,"JPM,99460,166"
2019-06-28 14:35:47.465774595,QUERY_SPREAD,46
2019-06-28 14:35:47.465774595,BEST_BID,"JPM,99423,100"
2019-06-28 14:35:47.465774595,BEST_ASK,"JPM,99460,166"
2019-06-28 14:35:50.000000000,QUERY_SPREAD,1
2019-06-28 14:35:50.000000000,BEST_BID,"JPM,99423,212"
2019-06-28 14:35:50.000000000,BEST_ASK,"JPM,99460,100"
2019-06-28 14:35:50.000000000,BEST_BID,"JPM,99423,212"
2019-06-28 14:35:50.000000000,BEST_ASK,"JPM,99460,100"
2019-06-28 14:35:50.000000000,BEST_BID,"JPM,99423,212"
2019-06-28 14:35:50.000000000,BEST_ASK,"JPM,99460,100"
2019-06-28 14:35:50.000000000,BEST_BID,"JPM,99423,212"
2019-06-28 14:35:50.000000000,BEST_ASK,"JPM,99460,212"
2019-06-28 14:35:50.000000000,BEST_BID,"JPM,99423,212"
2019-06-28 14:35:50.000000000,BEST_ASK,"JPM,99460,212"
2019-06-28 14:35:50.000000000,BEST_BID,"JPM,99423,212"
2019-06-28 14:35:50.000000000,BEST_ASK,"JPM,99460,212"
2019-06-28 14:35:51.428812417,QUERY_SPREAD,30
2019-06-28 14:35:51.428812417,BEST_BID,"JPM,99423,212"
2019-06-28 14:35:51.428812417,BEST_ASK,"JPM,99460,212"
2019-06-28 14:36:00.000000000,QUERY_SPREAD,1
2019-06-28 14:36:00.000000000,BEST_BID,"JPM,99423,212"
2019-06-28 14:36:00.000000000,BEST_ASK,"JPM,99460,100"
2019-06-28 14:36:00.000000000,BEST_BID,"JPM,99423,212"
2019-06-28 14:36:00.000000000,BEST_ASK,"JPM,99460,100"
2019-06-28 14:36:00.000000000,BEST_BID,"JPM,99423,212"
2019-06-28 14:36:00.000000000,BEST_ASK,"JPM,99460,100"
2019-06-28 14:36:00.000000000,BEST_BID,"JPM,99423,212"
2019-06-28 14:36:00.000000000,BEST_ASK,"JPM,99460,212"
2019-06-28 14:36:00.000000000,BEST_BID,"JPM,99423,212"
2019-06-28 14:36:00.000000000,BEST_ASK,"JPM,99460,212"
2019-06-28 14:36:00.000000000,BEST_BID,"JPM,99423,212"
2019-06-28 14:36:00.000000000,BEST_ASK,"JPM,99460,212"
2019-06-28 14:36:00.000000000,QUERY_SPREAD,77
2019-06-28 14:36:00.000000000,BEST_BID,"JPM,99423,212"
2019-06-28 14:36:00.000000000,BEST_ASK,"JPM,99460,208"
2019-06-28 14:36:00.000000000,LAST_TRADE,"4,$99460.0000"
2019-06-28 14:36:00.000000000,QUERY_SPREAD,78
2019-06-28 14:36:00.000000000,BEST_BID,"JPM,99423,212"
2019-06-28 14:36:00.000000000,BEST_ASK,"JPM,99460,200"
2019-06-28 14:36:00.000000000,LAST_TRADE,"8,$99460.0000"
2019-06-28 14:36:00.000000000,QUERY_SPREAD,79
2019-06-28 14:36:00.000000000,BEST_BID,"JPM,99423,212"
2019-06-28 14:36:00.000000000,BEST_ASK,"JPM,99460,199"
2019-06-28 14:36:00.000000000,LAST_TRADE,"1,$99460.0000"
2019-06-28 14:36:00.000000000,QUERY_SPREAD,80
2019-06-28 14:36:00.000000000,BEST_BID,"JPM,99423,212"
2019-06-28 14:36:00.000000000,BEST_ASK,"JPM,99460,194"
2019-06-28 14:36:00.000000000,LAST_TRADE,"5,$99460.0000"
2019-06-28 14:36:00.000000000,QUERY_SPREAD,81
2019-06-28 14:36:00.000000000,BEST_BID,"JPM,99423,212"
2019-06-28 14:36:00.000000000,BEST_ASK,"JPM,99460,189"
2019-06-28 14:36:00.000000000,LAST_TRADE,"5,$99460.0000"
2019-06-28 14:36:00.000000000,QUERY_SPREAD,82
2019-06-28 14:36:00.000000000,BEST_BID,"JPM,99423,212"
2019-06-28 14:36:00.000000000,BEST_ASK,"JPM,99460,183"
2019-06-28 14:36:00.000000000,LAST_TRADE,"6,$99460.0000"
2019-06-28 14:36:00.000000000,QUERY_SPREAD,83
2019-06-28 14:36:00.000000000,BEST_BID,"JPM,99423,212"
2019-06-28 14:36:00.000000000,BEST_ASK,"JPM,99460,179"
2019-06-28 14:36:00.000000000,LAST_TRADE,"4,$99460.0000"
2019-06-28 14:36:00.000000000,QUERY_SPREAD,84
2019-06-28 14:36:00.000000000,BEST_BID,"JPM,99423,212"
2019-06-28 14:36:00.000000000,BEST_ASK,"JPM,99460,174"
2019-06-28 14:36:00.000000000,LAST_TRADE,"5,$99460.0000"
2019-06-28 14:36:00.000000000,QUERY_SPREAD,85
2019-06-28 14:36:00.000000000,BEST_BID,"JPM,99423,212"
2019-06-28 14:36:00.000000000,BEST_ASK,"JPM,99460,169"
2019-06-28 14:36:00.000000000,LAST_TRADE,"5,$99460.0000"
2019-06-28 14:36:00.000000000,QUERY_SPREAD,86
2019-06-28 14:36:00.000000000,BEST_BID,"JPM,99423,212"
2019-06-28 14:36:00.000000000,BEST_ASK,"JPM,99460,160"
2019-06-28 14:36:00.000000000,LAST_TRADE,"9,$99460.0000"
2019-06-28 14:36:00.000000000,QUERY_SPREAD,87
2019-06-28 14:36:00.000000000,BEST_BID,"JPM,99423,212"
2019-06-28 14:36:00.000000000,BEST_ASK,"JPM,99460,158"
2019-06-28 14:36:00.000000000,LAST_TRADE,"2,$99460.0000"
2019-06-28 14:36:00.000000000,QUERY_SPREAD,88
2019-06-28 14:36:00.000000000,BEST_BID,"JPM,99423,212"
2019-06-28 14:36:00.000000000,BEST_ASK,"JPM,99460,150"
2019-06-28 14:36:00.000000000,LAST_TRADE,"8,$99460.0000"
2019-06-28 14:36:00.000000000,QUERY_SPREAD,89
2019-06-28 14:36:00.000000000,BEST_BID,"JPM,99423,212"
2019-06-28 14:36:00.000000000,BEST_ASK,"JPM,99460,143"
2019-06-28 14:36:00.000000000,LAST_TRADE,"7,$99460.0000"
2019-06-28 14:36:00.000000000,QUERY_SPREAD,90
2019-06-28 14:36:00.000000000,BEST_BID,"JPM,99423,212"
2019-06-28 14:36:00.000000000,BEST_ASK,"JPM,99460,137"
2019-06-28 14:36:00.000000000,LAST_TRADE,"6,$99460.0000"
2019-06-28 14:36:00.000000000,QUERY_SPREAD,91
2019-06-28 14:36:00.000000000,BEST_BID,"JPM,99423,212"
2019-06-28 14:36:00.000000000,BEST_ASK,"JPM,99460,132"
2019-06-28 14:36:00.000000000,LAST_TRADE,"5,$99460.0000"
2019-06-28 14:36:00.000000000,QUERY_SPREAD,92
2019-06-28 14:36:00.000000000,BEST_BID,"JPM,99423,212"
2019-06-28 14:36:00.000000000,BEST_ASK,"JPM,99460,131"
2019-06-28 14:36:00.000000000,LAST_TRADE,"1,$99460.0000"
2019-06-28 14:36:00.000000000,QUERY_SPREAD,93
2019-06-28 14:36:00.000000000,BEST_BID,"JPM,99423,212"
2019-06-28 14:36:00.000000000,BEST_ASK,"JPM,99460,129"
2019-06-28 14:36:00.000000000,LAST_TRADE,"2,$99460.0000"
2019-06-28 14:36:00.000000000,QUERY_SPREAD,94
2019-06-28 14:36:00.000000000,BEST_BID,"JPM,99423,212"
2019-06-28 14:36:00.000000000,BEST_ASK,"JPM,99460,127"
2019-06-28 14:36:00.000000000,LAST_TRADE,"2,$99460.0000"
2019-06-28 14:36:00.000000000,QUERY_SPREAD,95
2019-06-28 14:36:00.000000000,BEST_BID,"JPM,99423,212"
2019-06-28 14:36:00.000000000,BEST_ASK,"JPM,99460,120"
2019-06-28 14:36:00.000000000,LAST_TRADE,"7,$99460.0000"
2019-06-28 14:36:00.000000000,QUERY_SPREAD,96
2019-06-28 14:36:00.000000000,BEST_BID,"JPM,99423,212"
2019-06-28 14:36:00.000000000,BEST_ASK,"JPM,99460,113"
2019-06-28 14:36:00.000000000,LAST_TRADE,"7,$99460.0000"
2019-06-28 14:36:00.000000000,QUERY_SPREAD,97
2019-06-28 14:36:00.000000000,BEST_BID,"JPM,99423,212"
2019-06-28 14:36:00.000000000,BEST_ASK,"JPM,99460,107"
2019-06-28 14:36:00.000000000,LAST_TRADE,"6,$99460.0000"
2019-06-28 14:36:00.000000000,QUERY_SPREAD,98
2019-06-28 14:36:00.000000000,BEST_BID,"JPM,99423,212"
2019-06-28 14:36:00.000000000,BEST_ASK,"JPM,99460,103"
2019-06-28 14:36:00.000000000,LAST_TRADE,"4,$99460.0000"
2019-06-28 14:36:00.000000000,QUERY_SPREAD,99
2019-06-28 14:36:00.000000000,BEST_BID,"JPM,99423,212"
2019-06-28 14:36:00.000000000,BEST_ASK,"JPM,99460,101"
2019-06-28 14:36:00.000000000,LAST_TRADE,"2,$99460.0000"
2019-06-28 14:36:00.000000000,QUERY_SPREAD,100
2019-06-28 14:36:00.000000000,BEST_BID,"JPM,99423,212"
2019-06-28 14:36:00.000000000,BEST_ASK,"JPM,99460,95"
2019-06-28 14:36:00.000000000,LAST_TRADE,"6,$99460.0000"
2019-06-28 14:36:00.000000000,QUERY_SPREAD,101
2019-06-28 14:36:00.000000000,QUERY_ORDER_STREAM,101
2019-06-28 14:36:00.000000000,BEST_BID,"JPM,99423,212"
2019-06-28 14:36:00.000000000,BEST_ASK,"JPM,99460,87"
2019-06-28 14:36:00.000000000,LAST_TRADE,"8,$99460.0000"
2019-06-28 14:36:02.592936672,QUERY_ORDER_STREAM,74
2019-06-28 14:36:02.592936672,QUERY_SPREAD,74
2019-06-28 14:36:02.592936672,BEST_BID,"JPM,99423,212"
2019-06-28 14:36:02.592936672,BEST_ASK,"JPM,99460,187"
2019-06-28 14:36:05.392308918,QUERY_SPREAD,34
2019-06-28 14:36:05.392308918,BEST_BID,"JPM,99423,112"
2019-06-28 14:36:05.392308918,BEST_ASK,"JPM,99460,187"
2019-06-28 14:36:05.392308918,LAST_TRADE,"100,$99423.0000"
2019-06-28 14:36:06.959053047,QUERY_SPREAD,24
2019-06-28 14:36:06.959053047,BEST_BID,"JPM,99423,112"
2019-06-28 14:36:06.959053047,BEST_ASK,"JPM,99460,187"
2019-06-28 14:36:10.000000000,QUERY_SPREAD,1
2019-06-28 14:36:10.000000000,BEST_BID,"JPM,99393,182"
2019-06-28 14:36:10.000000000,BEST_ASK,"JPM,99460,100"
2019-06-28 14:36:10.000000000,BEST_BID,"JPM,99393,182"
2019-06-28 14:36:10.000000000,BEST_ASK,"JPM,99460,100"
2019-06-28 14:36:10.000000000,BEST_BID,"JPM,99393,182"
2019-06-28 14:36:10.000000000,BEST_ASK,"JPM,99460,100"
2019-06-28 14:36:10.000000000,BEST_BID,"JPM,99393,182"
2019-06-28 14:36:10.000000000,BEST_ASK,"JPM,99460,100"
2019-06-28 14:36:10.000000000,BEST_BID,"JPM,99393,182"
2019-06-28 14:36:10.000000000,BEST_ASK,"JPM,99460,182"
2019-06-28 14:36:10.000000000,BEST_BID,"JPM,99393,182"
2019-06-28 14:36:10.000000000,BEST_ASK,"JPM,99460,182"
2019-06-28 14:36:10.000000000,BEST_BID,"JPM,99393,182"
2019-06-28 14:36:10.000000000,BEST_ASK,"JPM,99460,182"
2019-06-28 14:36:10.000000000,BEST_BID,"JPM,99393,182"
2019-06-28 14:36:10.000000000,BEST_ASK,"JPM,99460,182"
2019-06-28 14:36:20.000000000,QUERY_SPREAD,1
2019-06-28 14:36:20.000000000,BEST_BID,"JPM,99393,264"
2019-06-28 14:36:20.000000000,BEST_ASK,"JPM,99460,100"
2019-06-28 14:36:20.000000000,BEST_BID,"JPM,99393,264"
2019-06-28 14:36:20.000000000,BEST_ASK,"JPM,99460,100"
2019-06-28 14:36:20.000000000,BEST_BID,"JPM,99393,264"
2019-06-28 14:36:20.000000000,BEST_ASK,"JPM,99460,264"
2019-06-28 14:36:20.000000000,BEST_BID,"JPM,99393,264"
2019-06-28 14:36:20.000000000,BEST_ASK,"JPM,99460,264"
2019-06-28 14:36:30.000000000,QUERY_SPREAD,1
2019-06-28 14:36:30.000000000,BEST_BID,"JPM,99393,264"
2019-06-28 14:36:30.000000000,BEST_ASK,"JPM,99460,100"
2019-06-28 14:36:30.000000000,BEST_BID,"JPM,99393,264"
2019-06-28 14:36:30.000000000,BEST_ASK,"JPM,99460,100"
2019-06-28 14:36:30.000000000,BEST_BID,"JPM,99393,264"
2019-06-28 14:36:30.000000000,BEST_ASK,"JPM,99460,264"
2019-06-28 14:36:30.000000000,BEST_BID,"JPM,99393,264"
2019-06-28 14:36:30.000000000,BEST_ASK,"JPM,99460,264"
2019-06-28 14:36:32.666672544,QUERY_SPREAD,40
2019-06-28 14:36:32.666672544,BEST_BID,"JPM,99393,264"
2019-06-28 14:36:32.666672544,BEST_ASK,"JPM,99460,264"
2019-06-28 14:36:35.359877192,QUERY_SPREAD,9
2019-06-28 14:36:35.359877192,BEST_BID,"JPM,99393,264"
2019-06-28 14:36:35.359877192,BEST_ASK,"JPM,99460,264"
2019-06-28 14:36:40.000000000,QUERY_SPREAD,1
2019-06-28 14:36:40.000000000,BEST_BID,"JPM,99393,182"
2019-06-28 14:36:40.000000000,BEST_ASK,"JPM,99460,100"
2019-06-28 14:36:40.000000000,BEST_BID,"JPM,99393,182"
2019-06-28 14:36:40.000000000,BEST_ASK,"JPM,99460,100"
2019-06-28 14:36:40.000000000,BEST_BID,"JPM,99393,182"
2019-06-28 14:36:40.000000000,BEST_ASK,"JPM,99460,100"
2019-06-28 14:36:40.000000000,BEST_BID,"JPM,99393,182"
2019-06-28 14:36:40.000000000,BEST_ASK,"JPM,99460,100"
2019-06-28 14:36:40.000000000,BEST_BID,"JPM,99393,182"
2019-06-28 14:36:40.000000000,BEST_ASK,"JPM,99460,182"
2019-06-28 14:36:40.000000000,BEST_BID,"JPM,99393,182"
2019-06-28 14:36:40.000000000,BEST_ASK,"JPM,99460,182"
2019-06-28 14:36:40.000000000,BEST_BID,"JPM,99393,182"
2019-06-28 14:36:40.000000000,BEST_ASK,"JPM,99460,182"
2019-06-28 14:36:40.000000000,BEST_BID,"JPM,99393,182"
2019-06-28 14:36:40.000000000,BEST_ASK,"JPM,99460,182"
2019-06-28 14:36:50.000000000,QUERY_SPREAD,1
2019-06-28 14:36:50.000000000,BEST_BID,"JPM,99393,264"
2019-06-28 14:36:50.000000000,BEST_ASK,"JPM,99460,100"
2019-06-28 14:36:50.000000000,BEST_BID,"JPM,99393,264"
2019-06-28 14:36:50.000000000,BEST_ASK,"JPM,99460,100"
2019-06-28 14:36:50.000000000,BEST_BID,"JPM,99393,264"
2019-06-28 14:36:50.000000000,BEST_ASK,"JPM,99460,264"
2019-06-28 14:36:50.000000000,BEST_BID,"JPM,99393,264"
2019-06-28 14:36:50.000000000,BEST_ASK,"JPM,99460,264"
2019-06-28 14:36:54.105537657,QUERY_ORDER_STREAM,68
2019-06-28 14:36:54.105537657,QUERY_SPREAD,68
2019-06-28 14:37:00.000000000,QUERY_SPREAD,1
2019-06-28 14:37:00.000000000,BEST_BID,"JPM,99393,166"
2019-06-28 14:37:00.000000000,BEST_ASK,"JPM,99460,100"
2019-06-28 14:37:00.000000000,BEST_BID,"JPM,99393,166"
2019-06-28 14:37:00.000000000,BEST_ASK,"JPM,99460,100"
2019-06-28 14:37:00.000000000,BEST_BID,"JPM,99393,166"
2019-06-28 14:37:00.000000000,BEST_ASK,"JPM,99460,100"
2019-06-28 14:37:00.000000000,BEST_BID,"JPM,99393,166"
2019-06-28 14:37:00.000000000,BEST_ASK,"JPM,99460,100"
2019-06-28 14:37:00.000000000,BEST_BID,"JPM,99393,166"
2019-06-28 14:37:00.000000000,BEST_ASK,"JPM,99460,100"
2019-06-28 14:37:00.000000000,BEST_BID,"JPM,99393,166"
2019-06-28 14:37:00.000000000,BEST_ASK,"JPM,99460,166"
2019-06-28 14:37:00.000000000,BEST_BID,"JPM,99393,166"
2019-06-28 14:37:00.000000000,BEST_ASK,"JPM,99460,166"
2019-06-28 14:37:00.000000000,BEST_BID,"JPM,99393,166"
2019-06-28 14:37:00.000000000,BEST_ASK,"JPM,99460,166"
2019-06-28 14:37:00.000000000,BEST_BID,"JPM,99393,166"
2019-06-28 14:37:00.000000000,BEST_ASK,"JPM,99460,166"
2019-06-28 14:37:00.000000000,BEST_BID,"JPM,99393,166"
2019-06-28 14:37:00.000000000,BEST_ASK,"JPM,99460,166"
2019-06-28 14:37:00.000000000,QUERY_SPREAD,77
2019-06-28 14:37:00.000000000,BEST_BID,"JPM,99393,166"
2019-06-28 14:37:00.000000000,BEST_ASK,"JPM,99460,162"
2019-06-28 14:37:00.000000000,LAST_TRADE,"4,$99460.0000"
2019-06-28 14:37:00.000000000,QUERY_SPREAD,78
2019-06-28 14:37:00.000000000,BEST_BID,"JPM,99393,166"
2019-06-28 14:37:00.000000000,BEST_ASK,"JPM,99460,154"
2019-06-28 14:37:00.000000000,LAST_TRADE,"8,$99460.0000"
2019-06-28 14:37:00.000000000,QUERY_SPREAD,79
2019-06-28 14:37:00.000000000,BEST_BID,"JPM,99393,166"
2019-06-28 14:37:00.000000000,BEST_ASK,"JPM,99460,153"
2019-06-28 14:37:00.000000000,LAST_TRADE,"1,$99460.0000"
2019-06-28 14:37:00.000000000,QUERY_SPREAD,80
2019-06-28 14:37:00.000000000,BEST_BID,"JPM,99393,166"
2019-06-28 14:37:00.000000000,BEST_ASK,"JPM,99460,148"
2019-06-28 14:37:00.000000000,LAST_TRADE,"5,$99460.0000"
2019-06-28 14:37:00.000000000,QUERY_SPREAD,81
2019-06-28 14:37:00.000000000,BEST_BID,"JPM,99393,166"
2019-06-28 14:37:00.000000000,BEST_ASK,"JPM,99460,143"
2019-06-28 14:37:00.000000000,LAST_TRADE,"5,$99460.0000"
2019-06-28 14:37:00.000000000,QUERY_SPREAD,82
2019-06-28 14:37:00.000000000,BEST_BID,"JPM,99393,166"
2019-06-28 14:37:00.000000000,BEST_ASK,"JPM,99460,137"
2019-06-28 14:37:00.000000000,LAST_TRADE,"6,$99460.0000"
2019-06-28 14:37:00.000000000,QUERY_SPREAD,83
2019-06-28 14:37:00.000000000,BEST_BID,"JPM,99393,166"
2019-06-28 14:37:00.000000000,BEST_ASK,"JPM,99460,133"
2019-06-28 14:37:00.000000000,LAST_TRADE,"4,$99460.0000"
2019-06-28 14:37:00.000000000,QUERY_SPREAD,84
2019-06-28 14:37:00.000000000,BEST_BID,"JPM,99393,166"
2019-06-28 14:37:00.000000000,BEST_ASK,"JPM,99460,128"
2019-06-28 14:37:00.000000000,LAST_TRADE,"5,$99460.0000"
2019-06-28 14:37:00.000000000,QUERY_SPREAD,85
2019-06-28 14:37:00.000000000,BEST_BID,"JPM,99393,166"
2019-06-28 14:37:00.000000000,BEST_ASK,"JPM,99460,123"
2019-06-28 14:37:00.000000000,LAST_TRADE,"5,$99460.0000"
2019-06-28 14:37:00.000000000,QUERY_SPREAD,86
2019-06-28 14:37:00.000000000,BEST_BID,"JPM,99393,166"
2019-06-28 14:37:00.000000000,BEST_ASK,"JPM,99460,114"
2019-06-28 14:37:00.000000000,LAST_TRADE,"9,$99460.0000"
2019-06-28 14:37:00.000000000,QUERY_SPREAD,87
2019-06-28 14:37:00.000000000,BEST_BID,"JPM,99393,166"
2019-06-28 14:37:00.000000000,BEST_ASK,"JPM,99460,112"
2019-06-28 14:37:00.000000000,LAST_TRADE,"2,$99460.0000"
2019-06-28 14:37:00.000000000,QUERY_SPREAD,88
2019-06-28 14:37:00.000000000,BEST_BID,"JPM,99393,166"
2019-06-28 14:37:00.000000000,BEST_ASK,"JPM,99460,104"
2019-06-28 14:37:00.000000000,LAST_TRADE,"8,$99460.0000"
2019-06-28 14:37:00.000000000,QUERY_SPREAD,89
2019-06-28 14:37:00.000000000,BEST_BID,"JPM,99393,166"
2019-06-28 14:37:00.000000000,BEST_ASK,"JPM,99460,97"
2019-06-28 14:37:00.000000000,LAST_TRADE,"7,$99460.0000"
2019-06-28 14:37:00.000000000,QUERY_SPREAD,90
2019-06-28 14:37:00.000000000,BEST_BID,"JPM,99393,166"
2019-06-28 14:37:00.000000000,BEST_ASK,"JPM,99460,91"
2019-06-28 14:37:00.000000000,LAST_TRADE,"6,$99460.0000"
2019-06-28 14:37:00.000000000,QUERY_SPREAD,91
2019-06-28 14:37:00.000000000,BEST_BID,"JPM,99393,166"
2019-06-28 14:37:00.000000000,BEST_ASK,"JPM,99460,86"
2019-06-28 14:37:00.000000000,LAST_TRADE,"5,$99460.0000"
2019-06-28 14:37:00.000000000,QUERY_SPREAD,92
2019-06-28 14:37:00.000000000,BEST_BID,"JPM,99393,166"
2019-06-28 14:37:00.000000000,BEST_ASK,"JPM,99460,85"
2019-06-28 14:37:00.000000000,LAST_TRADE,"1,$99460.0000"
2019-06-28 14:37:00.000000000,QUERY_SPREAD,93
2019-06-28 14:37:00.000000000,BEST_BID,"JPM,99393,166"
2019-06-28 14:37:00.000000000,BEST_ASK,"JPM,99460,83"
2019-06-28 14:37:00.000000000,LAST_TRADE,"2,$99460.0000"
2019-06-28 14:37:00.000000000,QUERY_SPREAD,94
2019-06-28 14:37:00.000000000,BEST_BID,"JPM,99393,166"
2019-06-28 14:37:00.000000000,BEST_ASK,"JPM,99460,81"
2019-06-28 14:37:00.000000000,LAST_TRADE,"2,$99460.0000"
2019-06-28 14:37:00.000000000,QUERY_SPREAD,95
2019-06-28 14:37:00.000000000,BEST_BID,"JPM,99393,166"
2019-06-28 14:37:00.000000000,BEST_ASK,"JPM,99460,74"
2019-06-28 14:37:00.000000000,LAST_TRADE,"7,$99460.0000"
2019-06-28 14:37:00.000000000,QUERY_SPREAD,96
2019-06-28 14:37:00.000000000,BEST_BID,"JPM,99393,166"
2019-06-28 14:37:00.000000000,BEST_ASK,"JPM,99460,67"
2019-06-28 14:37:00.000000000,LAST_TRADE,"7,$99460.0000"
2019-06-28 14:37:00.000000000,QUERY_SPREAD,97
2019-06-28 14:37:00.000000000,BEST_BID,"JPM,99393,166"
2019-06-28 14:37:00.000000000,BEST_ASK,"JPM,99460,61"
2019-06-28 14:37:00.000000000,LAST_TRADE,"6,$99460.0000"
2019-06-28 14:37:00.000000000,QUERY_SPREAD,98
2019-06-28 14:37:00.000000000,BEST_BID,"JPM,99393,166"
2019-06-28 14:37:00.000000000,BEST_ASK,"JPM,99460,57"
2019-06-28 14:37:00.000000000,LAST_TRADE,"4,$99460.0000"
2019-06-28 14:37:00.000000000,QUERY_SPREAD,99
2019-06-28 14:37:00.000000000,BEST_BID,"JPM,99393,166"
2019-06-28 14:37:00.000000000,BEST_ASK,"JPM,99460,55"
2019-06-28 14:37:00.000000000,LAST_TRADE,"2,$99460.0000"
2019-06-28 14:37:00.000000000,QUERY_SPREAD,100
2019-06-28 14:37:00.000000000,BEST_BID,"JPM,99393,166"
2019-06-28 14:37:00.000000000,BEST_ASK,"JPM,99460,49"
2019-06-28 14:37:00.000000000,LAST_TRADE,"6,$99460.0000"
2019-06-28 14:37:00.000000000,QUERY_SPREAD,101
2019-06-28 14:37:00.000000000,QUERY_ORDER_STREAM,101
2019-06-28 14:37:00.000000000,BEST_BID,"JPM,99393,166"
2019-06-28 14:37:00.000000000,BEST_ASK,"JPM,99460,41"
2019-06-28 14:37:00.000000000,LAST_TRADE,"8,$99460.0000"
2019-06-28 14:37:10.000000000,QUERY_SPREAD,1
2019-06-28 14:37:10.000000000,BEST_BID,"JPM,99393,182"
2019-06-28 14:37:10.000000000,BEST_ASK,"JPM,99501,100"
2019-06-28 14:37:10.000000000,BEST_BID,"JPM,99393,182"
2019-06-28 14:37:10.000000000,BEST_ASK,"JPM,99501,100"
2019-06-28 14:37:10.000000000,BEST_BID,"JPM,99393,182"
2019-06-28 14:37:10.000000000,BEST_ASK,"JPM,99501,100"
2019-06-28 14:37:10.000000000,BEST_BID,"JPM,99393,182"
2019-06-28 14:37:10.000000000,BEST_ASK,"JPM,99501,100"
2019-06-28 14:37:10.000000000,BEST_BID,"JPM,99393,182"
2019-06-28 14:37:10.000000000,BEST_ASK,"JPM,99501,182"
2019-06-28 14:37:10.000000000,BEST_BID,"JPM,99393,182"
2019-06-28 14:37:10.000000000,BEST_ASK,"JPM,99501,182"
2019-06-28 14:37:10.000000000,BEST_BID,"JPM,99393,182"
2019-06-28 14:37:10.000000000,BEST_ASK,"JPM,99501,182"
2019-06-28 14:37:10.000000000,BEST_BID,"JPM,99393,182"
2019-06-28 14:37:10.000000000,BEST_ASK,"JPM,99501,182"
2019-06-28 14:37:13.661030299,QUERY_SPREAD,50
2019-06-28 14:37:13.661030299,BEST_BID,"JPM,99393,182"
2019-06-28 14:37:13.661030299,BEST_ASK,"JPM,99501,182"
2019-06-28 14:37:16.207242430,QUERY_SPREAD,50
2019-06-28 14:37:16.207242430,BEST_BID,"JPM,99393,182"
2019-06-28 14:37:16.207242430,BEST_ASK,"JPM,99501,82"
2019-06-28 14:37:16.207242430,LAST_TRADE,"100,$99501.0000"
2019-06-28 14:37:20.000000000,QUERY_SPREAD,1
2019-06-28 14:37:20.000000000,BEST_BID,"JPM,99393,212"
2019-06-28 14:37:20.000000000,BEST_ASK,"JPM,99514,100"
2019-06-28 14:37:20.000000000,BEST_BID,"JPM,99393,212"
2019-06-28 14:37:20.000000000,BEST_ASK,"JPM,99514,100"
2019-06-28 14:37:20.000000000,BEST_BID,"JPM,99393,212"
2019-06-28 14:37:20.000000000,BEST_ASK,"JPM,99514,100"
2019-06-28 14:37:20.000000000,BEST_BID,"JPM,99393,212"
2019-06-28 14:37:20.000000000,BEST_ASK,"JPM,99514,212"
2019-06-28 14:37:20.000000000,BEST_BID,"JPM,99393,212"
2019-06-28 14:37:20.000000000,BEST_ASK,"JPM,99514,212"
2019-06-28 14:37:20.000000000,BEST_BID,"JPM,99393,212"
2019-06-28 14:37:20.000000000,BEST_ASK,"JPM,99514,212"
2019-06-28 14:37:22.812101918,QUERY_SPREAD,2
2019-06-28 14:37:22.812101918,BEST_BID,"JPM,99393,212"
2019-06-28 14:37:22.812101918,BEST_ASK,"JPM,99514,212"
2019-06-28 14:37:24.662047761,QUERY_ORDER_STREAM,64
2019-06-28 14:37:24.662047761,QUERY_SPREAD,64
2019-06-28 14:37:30.000000000,QUERY_SPREAD,1
2019-06-28 14:37:30.000000000,BEST_BID,"JPM,99393,212"
2019-06-28 14:37:30.000000000,BEST_ASK,"JPM,99514,100"
2019-06-28 14:37:30.000000000,BEST_BID,"JPM,99393,212"
2019-06-28 14:37:30.000000000,BEST_ASK,"JPM,99514,100"
2019-06-28 14:37:30.000000000,BEST_BID,"JPM,99393,212"
2019-06-28 14:37:30.000000000,BEST_ASK,"JPM,99514,100"
2019-06-28 14:37:30.000000000,BEST_BID,"JPM,99393,212"
2019-06-28 14:37:30.000000000,BEST_ASK,"JPM,99514,212"
2019-06-28 14:37:30.000000000,BEST_BID,"JPM,99393,212"
2019-06-28 14:37:30.000000000,BEST_ASK,"JPM,99514,212"
2019-06-28 14:37:30.000000000,BEST_BID,"JPM,99393,212"
2019-06-28 14:37:30.000000000,BEST_ASK,"JPM,99514,212"
2019-06-28 14:37:34.813931443,QUERY_SPREAD,51
2019-06-28 14:37:34.813931443,BEST_BID,"JPM,99393,212"
2019-06-28 14:37:34.813931443,BEST_ASK,"JPM,99514,112"
2019-06-28 14:37:34.813931443,LAST_TRADE,"100,$99514.0000"
2019-06-28 14:37:39.931954851,QUERY_SPREAD,8
2019-06-28 14:37:39.931954851,BEST_BID,"JPM,99393,212"
2019-06-28 14:37:39.931954851,BEST_ASK,"JPM,99514,12"
2019-06-28 14:37:39.931954851,LAST_TRADE,"100,$99514.0000"
2019-06-28 14:37:40.000000000,QUERY_SPREAD,1
2019-06-28 14:37:40.000000000,BEST_BID,"JPM,99393,182"
2019-06-28 14:37:40.000000000,BEST_ASK,"JPM,99643,100"
2019-06-28 14:37:40.000000000,BEST_BID,"JPM,99393,182"
2019-06-28 14:37:40.000000000,BEST_ASK,"JPM,99643,100"
2019-06-28 14:37:40.000000000,BEST_BID,"JPM,99393,182"
2019-06-28 14:37:40.000000000,BEST_ASK,"JPM,99643,100"
2019-06-28 14:37:40.000000000,BEST_BID,"JPM,99393,182"
2019-06-28 14:37:40.000000000,BEST_ASK,"JPM,99643,100"
2019-06-28 14:37:40.000000000,BEST_BID,"JPM,99393,182"
2019-06-28 14:37:40.000000000,BEST_ASK,"JPM,99643,182"
2019-06-28 14:37:40.000000000,BEST_BID,"JPM,99393,182"
2019-06-28 14:37:40.000000000,BEST_ASK,"JPM,99643,182"
2019-06-28 14:37:40.000000000,BEST_BID,"JPM,99393,182"
2019-06-28 14:37:40.000000000,BEST_ASK,"JPM,99643,182"
2019-06-28 14:37:40.000000000,BEST_BID,"JPM,99393,182"
2019-06-28 14:37:40.000000000,BEST_ASK,"JPM,99643,182"
2019-06-28 14:37:41.447518131,QUERY_ORDER_STREAM,58
2019-06-28 14:37:41.447518131,QUERY_SPREAD,58
2019-06-28 14:37:50.000000000,QUERY_SPREAD,1
2019-06-28 14:37:50.000000000,BEST_BID,"JPM,99393,212"
2019-06-28 14:37:50.000000000,BEST_ASK,"JPM,99643,100"
2019-06-28 14:37:50.000000000,BEST_BID,"JPM,99393,212"
2019-06-28 14:37:50.000000000,BEST_ASK,"JPM,99643,100"
2019-06-28 14:37:50.000000000,BEST_BID,"JPM,99393,212"
2019-06-28 14:37:50.000000000,BEST_ASK,"JPM,99643,100"
2019-06-28 14:37:50.000000000,BEST_BID,"JPM,99393,212"
2019-06-28 14:37:50.000000000,BEST_ASK,"JPM,99643,212"
2019-06-28 14:37:50.000000000,BEST_BID,"JPM,99393,212"
2019-06-28 14:37:50.000000000,BEST_ASK,"JPM,99643,212"
2019-06-28 14:37:50.000000000,BEST_BID,"JPM,99393,212"
2019-06-28 14:37:50.000000000,BEST_ASK,"JPM,99643,212"
2019-06-28 14:38:00.000000000,QUERY_SPREAD,1
2019-06-28 14:38:00.000000000,BEST_BID,"JPM,99393,166"
2019-06-28 14:38:00.000000000,BEST_ASK,"JPM,99643,100"
2019-06-28 14:38:00.000000000,BEST_BID,"JPM,99393,166"
2019-06-28 14:38:00.000000000,BEST_ASK,"JPM,99643,100"
2019-06-28 14:38:00.000000000,BEST_BID,"JPM,99393,166"
2019-06-28 14:38:00.000000000,BEST_ASK,"JPM,99643,100"
2019-06-28 14:38:00.000000000,BEST_BID,"JPM,99393,166"
2019-06-28 14:38:00.000000000,BEST_ASK,"JPM,99643,100"
2019-06-28 14:38:00.000000000,BEST_BID,"JPM,99393,166"
2019-06-28 14:38:00.000000000,BEST_ASK,"JPM,99643,100"
2019-06-28 14:38:00.000000000,BEST_BID,"JPM,99393,166"
2019-06-28 14:38:00.000000000,BEST_ASK,"JPM,99643,166"
2019-06-28 14:38:00.000000000,BEST_BID,"JPM,99393,166"
2019-06-28 14:38:00.000000000,BEST_ASK,"JPM,99643,166"
2019-06-28 14:38:00.000000000,BEST_BID,"JPM,99393,166"
2019-06-28 14:38:00.000000000,BEST_ASK,"JPM,99643,166"
2019-06-28 14:38:00.000000000,BEST_BID,"JPM,99393,166"
2019-06-28 14:38:00.000000000,BEST_ASK,"JPM,99643,166"
2019-06-28 14:38:00.000000000,BEST_BID,"JPM,99393,166"
2019-06-28 14:38:00.000000000,BEST_ASK,"JPM,99643,166"
2019-06-28 14:38:00.000000000,QUERY_SPREAD,77
2019-06-28 14:38:00.000000000,BEST_BID,"JPM,99393,166"
2019-06-28 14:38:00.000000000,BEST_ASK,"JPM,99643,162"
2019-06-28 14:38:00.000000000,LAST_TRADE,"4,$99643.0000"
2019-06-28 14:38:00.000000000,QUERY_SPREAD,78
2019-06-28 14:38:00.000000000,BEST_BID,"JPM,99393,166"
2019-06-28 14:38:00.000000000,BEST_ASK,"JPM,99643,154"
2019-06-28 14:38:00.000000000,LAST_TRADE,"8,$99643.0000"
2019-06-28 14:38:00.000000000,QUERY_SPREAD,79
2019-06-28 14:38:00.000000000,BEST_BID,"JPM,99393,166"
2019-06-28 14:38:00.000000000,BEST_ASK,"JPM,99643,153"
2019-06-28 14:38:00.000000000,LAST_TRADE,"1,$99643.0000"
2019-06-28 14:38:00.000000000,QUERY_SPREAD,80
2019-06-28 14:38:00.000000000,BEST_BID,"JPM,99393,166"
2019-06-28 14:38:00.000000000,BEST_ASK,"JPM,99643,148"
2019-06-28 14:38:00.000000000,LAST_TRADE,"5,$99643.0000"
2019-06-28 14:38:00.000000000,QUERY_SPREAD,81
2019-06-28 14:38:00.000000000,BEST_BID,"JPM,99393,166"
2019-06-28 14:38:00.000000000,BEST_ASK,"JPM,99643,143"
2019-06-28 14:38:00.000000000,LAST_TRADE,"5,$99643.0000"
2019-06-28 14:38:00.000000000,QUERY_SPREAD,82
2019-06-28 14:38:00.000000000,BEST_BID,"JPM,99393,166"
2019-06-28 14:38:00.000000000,BEST_ASK,"JPM,99643,137"
2019-06-28 14:38:00.000000000,LAST_TRADE,"6,$99643.0000"
2019-06-28 14:38:00.000000000,QUERY_SPREAD,83
2019-06-28 14:38:00.000000000,BEST_BID,"JPM,99393,166"
2019-06-28 14:38:00.000000000,BEST_ASK,"JPM,99643,133"
2019-06-28 14:38:00.000000000,LAST_TRADE,"4,$99643.0000"
2019-06-28 14:38:00.000000000,QUERY_SPREAD,84
2019-06-28 14:38:00.000000000,BEST_BID,"JPM,99393,166"
2019-06-28 14:38:00.000000000,BEST_ASK,"JPM,99643,128"
2019-06-28 14:38:00.000000000,LAST_TRADE,"5,$99643.0000"
2019-06-28 14:38:00.000000000,QUERY_SPREAD,85
2019-06-28 14:38:00.000000000,BEST_BID,"JPM,99393,166"
2019-06-28 14:38:00.000000000,BEST_ASK,"JPM,99643,123"
2019-06-28 14:38:00.000000000,LAST_TRADE,"5,$99643.0000"
2019-06-28 14:38:00.000000000,QUERY_SPREAD,86
2019-06-28 14:38:00.000000000,BEST_BID,"JPM,99393,166"
2019-06-28 14:38:00.000000000,BEST_ASK,"JPM,99643,114"
2019-06-28 14:38:00.000000000,LAST_TRADE,"9,$99643.0000"
2019-06-28 14:38:00.000000000,QUERY_SPREAD,87
2019-06-28 14:38:00.000000000,BEST_BID,"JPM,99393,166"
2019-06-28 14:38:00.000000000,BEST_ASK,"JPM,99643,112"
2019-06-28 14:38:00.000000000,LAST_TRADE,"2,$99643.0000"
2019-06-28 14:38:00.000000000,QUERY_SPREAD,88
2019-06-28 14:38:00.000000000,BEST_BID,"JPM,99393,166"
2019-06-28 14:38:00.000000000,BEST_ASK,"JPM,99643,104"
2019-06-28 14:38:00.000000000,LAST_TRADE,"8,$99643.0000"
2019-06-28 14:38:00.000000000,QUERY_SPREAD,89
2019-06-28 14:38:00.000000000,BEST_BID,"JPM,99393,166"
2019-06-28 14:38:00.000000000,BEST_ASK,"JPM,99643,97"
2019-06-28 14:38:00.000000000,LAST_TRADE,"7,$99643.0000"
2019-06-28 14:38:00.000000000,QUERY_SPREAD,90
2019-06-28 14:38:00.000000000,BEST_BID,"JPM,99393,166"
2019-06-28 14:38:00.000000000,BEST_ASK,"JPM,99643,91"
2019-06-28 14:38:00.000000000,LAST_TRADE,"6,$99643.0000"
2019-06-28 14:38:00.000000000,QUERY_SPREAD,91
2019-06-28 14:38:00.000000000,BEST_BID,"JPM,99393,166"
2019-06-28 14:38:00.000000000,BEST_ASK,"JPM,99643,86"
2019-06-28 14:38:00.000000000,LAST_TRADE,"5,$99643.0000"
2019-06-28 14:38:00.000000000,QUERY_SPREAD,92
2019-06-28 14:38:00.000000000,BEST_BID,"JPM,99393,166"
2019-06-28 14:38:00.000000000,BEST_ASK,"JPM,99643,85"
2019-06-28 14:38:00.000000000,LAST_TRADE,"1,$99643.0000"
2019-06-28 14:38:00.000000000,QUERY_SPREAD,93
2019-06-28 14:38:00.000000000,BEST_BID,"JPM,99393,166"
2019-06-28 14:38:00.000000000,BEST_ASK,"JPM,99643,83"
2019-06-28 14:38:00.000000000,LAST_TRADE,"2,$99643.0000"
2019-06-28 14:38:00.000000000,QUERY_SPREAD,94
2019-06-28 14:38:00.000000000,BEST_BID,"JPM,99393,166"
2019-06-28 14:38:00.000000000,BEST_ASK,"JPM,99643,81"
2019-06-28 14:38:00.000000000,LAST_TRADE,"2,$99643.0000"
2019-06-28 14:38:00.000000000,QUERY_SPREAD,95
2019-06-28 14:38:00.000000000,BEST_BID,"JPM,99393,166"
2019-06-28 14:38:00.000000000,BEST_ASK,"JPM,99643,74"
2019-06-28 14:38:00.000000000,LAST_TRADE,"7,$99643.0000"
2019-06-28 14:38:00.000000000,QUERY_SPREAD,96
2019-06-28 14:38:00.000000000,BEST_BID,"JPM,99393,166"
2019-06-28 14:38:00.000000000,BEST_ASK,"JPM,99643,67"
2019-06-28 14:38:00.000000000,LAST_TRADE,"7,$99643.0000"
2019-06-28 14:38:00.000000000,QUERY_SPREAD,97
2019-06-28 14:38:00.000000000,BEST_BID,"JPM,99393,166"
2019-06-28 14:38:00.000000000,BEST_ASK,"JPM,99643,61"
2019-06-28 14:38:00.000000000,LAST_TRADE,"6,$99643.0000"
2019-06-28 14:38:00.000000000,QUERY_SPREAD,98
2019-06-28 14:38:00.000000000,BEST_BID,"JPM,99393,166"
2019-06-28 14:38:00.000000000,BEST_ASK,"JPM,99643,57"
2019-06-28 14:38:00.000000000,LAST_TRADE,"4,$99643.0000"
2019-06-28 14:38:00.000000000,QUERY_SPREAD,99
2019-06-28 14:38:00.000000000,BEST_BID,"JPM,99393,166"
2019-06-28 14:38:00.000000000,BEST_ASK,"JPM,99643,55"
2019-06-28 14:38:00.000000000,LAST_TRADE,"2,$99643.0000"
2019-06-28 14:38:00.000000000,QUERY_SPREAD,100
2019-06-28 14:38:00.000000000,BEST_BID,"JPM,99393,166"
2019-06-28 14:38:00.000000000,BEST_ASK,"JPM,99643,49"
2019-06-28 14:38:00.000000000,LAST_TRADE,"6,$99643.0000"
2019-06-28 14:38:00.000000000,QUERY_SPREAD,101
2019-06-28 14:38:00.000000000,QUERY_ORDER_STREAM,101
2019-06-28 14:38:10.000000000,QUERY_SPREAD,1
2019-06-28 14:38:10.000000000,BEST_BID,"JPM,99393,264"
2019-06-28 14:38:10.000000000,BEST_ASK,"JPM,99651,100"
2019-06-28 14:38:10.000000000,BEST_BID,"JPM,99393,264"
2019-06-28 14:38:10.000000000,BEST_ASK,"JPM,99651,100"
2019-06-28 14:38:10.000000000,BEST_BID,"JPM,99393,264"
2019-06-28 14:38:10.000000000,BEST_ASK,"JPM,99651,264"
2019-06-28 14:38:10.000000000,BEST_BID,"JPM,99393,264"
2019-06-28 14:38:10.000000000,BEST_ASK,"JPM,99651,264"
2019-06-28 14:38:20.000000000,QUERY_SPREAD,1
2019-06-28 14:38:20.000000000,BEST_BID,"JPM,99393,166"
2019-06-28 14:38:20.000000000,BEST_ASK,"JPM,99651,100"
2019-06-28 14:38:20.000000000,BEST_BID,"JPM,99393,166"
2019-06-28 14:38:20.000000000,BEST_ASK,"JPM,99651,100"
2019-06-28 14:38:20.000000000,BEST_BID,"JPM,99393,166"
2019-06-28 14:38:20.000000000,BEST_ASK,"JPM,99651,100"
2019-06-28 14:38:20.000000000,BEST_BID,"JPM,99393,166"
2019-06-28 14:38:20.000000000,BEST_ASK,"JPM,99651,100"
2019-06-28 14:38:20.000000000,BEST_BID,"JPM,99393,166"
2019-06-28 14:38:20.000000000,BEST_ASK,"JPM,99651,100"
2019-06-28 14:38:20.000000000,BEST_BID,"JPM,99393,166"
2019-06-28 14:38:20.000000000,BEST_ASK,"JPM,99651,166"
2019-06-28 14:38:20.000000000,BEST_BID,"JPM,99393,166"
2019-06-28 14:38:20.000000000,BEST_ASK,"JPM,99651,166"
2019-06-28 14:38:20.000000000,BEST_BID,"JPM,99393,166"
2019-06-28 14:38:20.000000000,BEST_ASK,"JPM,99651,166"
2019-06-28 14:38:20.000000000,BEST_BID,"JPM,99393,166"
2019-06-28 14:38:20.000000000,BEST_ASK,"JPM,99651,166"
2019-06-28 14:38:20.000000000,BEST_BID,"JPM,99393,166"
2019-06-28 14:38:20.000000000,BEST_ASK,"JPM,99651,166"
2019-06-28 14:38:30.000000000,QUERY_SPREAD,1
2019-06-28 14:38:30.000000000,BEST_BID,"JPM,99393,264"
2019-06-28 14:38:30.000000000,BEST_ASK,"JPM,99651,100"
2019-06-28 14:38:30.000000000,BEST_BID,"JPM,99393,264"
2019-06-28 14:38:30.000000000,BEST_ASK,"JPM,99651,100"
2019-06-28 14:38:30.000000000,BEST_BID,"JPM,99393,264"
2019-06-28 14:38:30.000000000,BEST_ASK,"JPM,99651,264"
2019-06-28 14:38:30.000000000,BEST_BID,"JPM,99393,264"
2019-06-28 14:38:30.000000000,BEST_ASK,"JPM,99651,264"
2019-06-28 14:38:40.000000000,QUERY_SPREAD,1
2019-06-28 14:38:40.000000000,BEST_BID,"JPM,99393,182"
2019-06-28 14:38:40.000000000,BEST_ASK,"JPM,99651,100"
2019-06-28 14:38:40.000000000,BEST_BID,"JPM,99393,182"
2019-06-28 14:38:40.000000000,BEST_ASK,"JPM,99651,100"
2019-06-28 14:38:40.000000000,BEST_BID,"JPM,99393,182"
2019-06-28 14:38:40.000000000,BEST_ASK,"JPM,99651,100"
2019-06-28 14:38:40.000000000,BEST_BID,"JPM,99393,182"
2019-06-28 14:38:40.000000000,BEST_ASK,"JPM,99651,100"
2019-06-28 14:38:40.000000000,BEST_BID,"JPM,99393,182"
2019-06-28 14:38:40.000000000,BEST_ASK,"JPM,99651,182"
2019-06-28 14:38:40.000000000,BEST_BID,"JPM,99393,182"
2019-06-28 14:38:40.000000000,BEST_ASK,"JPM,99651,182"
2019-06-28 14:38:40.000000000,BEST_BID,"JPM,99393,182"
2019-06-28 14:38:40.000000000,BEST_ASK,"JPM,99651,182"
2019-06-28 14:38:40.000000000,BEST_BID,"JPM,99393,182"
2019-06-28 14:38:40.000000000,BEST_ASK,"JPM,99651,182"
2019-06-28 14:38:50.000000000,QUERY_SPREAD,1
2019-06-28 14:38:50.000000000,BEST_BID,"JPM,99393,212"
2019-06-28 14:38:50.000000000,BEST_ASK,"JPM,99651,100"
2019-06-28 14:38:50.000000000,BEST_BID,"JPM,99393,212"
2019-06-28 14:38:50.000000000,BEST_ASK,"JPM,99651,100"
2019-06-28 14:38:50.000000000,BEST_BID,"JPM,99393,212"
2019-06-28 14:38:50.000000000,BEST_ASK,"JPM,99651,100"
2019-06-28 14:38:50.000000000,BEST_BID,"JPM,99393,212"
2019-06-28 14:38:50.000000000,BEST_ASK,"JPM,99651,212"
2019-06-28 14:38:50.000000000,BEST_BID,"JPM,99393,212"
2019-06-28 14:38:50.000000000,BEST_ASK,"JPM,99651,212"
2019-06-28 14:38:50.000000000,BEST_BID,"JPM,99393,212"
2019-06-28 14:38:50.000000000,BEST_ASK,"JPM,99651,212"
2019-06-28 14:38:52.772180722,QUERY_SPREAD,5
2019-06-28 14:38:52.772180722,BEST_BID,"JPM,99393,212"
2019-06-28 14:38:52.772180722,BEST_ASK,"JPM,99651,212"
2019-06-28 14:39:00.000000000,QUERY_SPREAD,1
2019-06-28 14:39:00.000000000,BEST_BID,"JPM,99393,428"
2019-06-28 14:39:00.000000000,BEST_ASK,"JPM,99651,100"
2019-06-28 14:39:00.000000000,BEST_BID,"JPM,99393,428"
2019-06-28 14:39:00.000000000,BEST_ASK,"JPM,99651,428"
2019-06-28 14:39:00.000000000,QUERY_SPREAD,77
2019-06-28 14:39:00.000000000,BEST_BID,"JPM,99393,428"
2019-06-28 14:39:00.000000000,BEST_ASK,"JPM,99651,424"
2019-06-28 14:39:00.000000000,LAST_TRADE,"4,$99651.0000"
2019-06-28 14:39:00.000000000,QUERY_SPREAD,78
2019-06-28 14:39:00.000000000,BEST_BID,"JPM,99393,428"
2019-06-28 14:39:00.000000000,BEST_ASK,"JPM,99651,416"
2019-06-28 14:39:00.000000000,LAST_TRADE,"8,$99651.0000"
2019-06-28 14:39:00.000000000,QUERY_SPREAD,79
2019-06-28 14:39:00.000000000,BEST_BID,"JPM,99393,428"
2019-06-28 14:39:00.000000000,BEST_ASK,"JPM,99651,415"
2019-06-28 14:39:00.000000000,LAST_TRADE,"1,$99651.0000"
2019-06-28 14:39:00.000000000,QUERY_SPREAD,80
2019-06-28 14:39:00.000000000,BEST_BID,"JPM,99393,428"
2019-06-28 14:39:00.000000000,BEST_ASK,"JPM,99651,410"
2019-06-28 14:39:00.000000000,LAST_TRADE,"5,$99651.0000"
2019-06-28 14:39:00.000000000,QUERY_SPREAD,81
2019-06-28 14:39:00.000000000,BEST_BID,"JPM,99393,428"
2019-06-28 14:39:00.000000000,BEST_ASK,"JPM,99651,405"
2019-06-28 14:39:00.000000000,LAST_TRADE,"5,$99651.0000"
2019-06-28 14:39:00.000000000,QUERY_SPREAD,82
2019-06-28 14:39:00.000000000,BEST_BID,"JPM,99393,428"
2019-06-28 14:39:00.000000000,BEST_ASK,"JPM,99651,399"
2019-06-28 14:39:00.000000000,LAST_TRADE,"6,$99651.0000"
2019-06-28 14:39:00.000000000,QUERY_SPREAD,83
2019-06-28 14:39:00.000000000,BEST_BID,"JPM,99393,428"
2019-06-28 14:39:00.000000000,BEST_ASK,"JPM,99651,395"
2019-06-28 14:39:00.000000000,LAST_TRADE,"4,$99651.0000"
2019-06-28 14:39:00.000000000,QUERY_SPREAD,84
2019-06-28 14:39:00.000000000,BEST_BID,"JPM,99393,428"
2019-06-28 14:39:00.000000000,BEST_ASK,"JPM,99651,390"
2019-06-28 14:39:00.000000000,LAST_TRADE,"5,$99651.0000"
2019-06-28 14:39:00.000000000,QUERY_SPREAD,85
2019-06-28 14:39:00.000000000,BEST_BID,"JPM,99393,428"
2019-06-28 14:39:00.000000000,BEST_ASK,"JPM,99651,385"
2019-06-28 14:39:00.000000000,LAST_TRADE,"5,$99651.0000"
2019-06-28 14:39:00.000000000,QUERY_SPREAD,86
2019-06-28 14:39:00.000000000,BEST_BID,"JPM,99393,428"
2019-06-28 14:39:00.000000000,BEST_ASK,"JPM,99651,376"
2019-06-28 14:39:00.000000000,LAST_TRADE,"9,$99651.0000"
2019-06-28 14:39:00.000000000,QUERY_SPREAD,87
2019-06-28 14:39:00.000000000,BEST_BID,"JPM,99393,428"
2019-06-28 14:39:00.000000000,BEST_ASK,"JPM,99651,374"
2019-06-28 14:39:00.000000000,LAST_TRADE,"2,$99651.0000"
2019-06-28 14:39:00.000000000,QUERY_SPREAD,88
2019-06-28 14:39:00.000000000,BEST_BID,"JPM,99393,428"
2019-06-28 14:39:00.000000000,BEST_ASK,"JPM,99651,366"
2019-06-28 14:39:00.000000000,LAST_TRADE,"8,$99651.0000"
2019-06-28 14:39:00.000000000,QUERY_SPREAD,89
2019-06-28 14:39:00.000000000,BEST_BID,"JPM,99393,428"
2019-06-28 14:39:00.000000000,BEST_ASK,"JPM,99651,359"
2019-06-28 14:39:00.000000000,LAST_TRADE,"7,$99651.0000"
2019-06-28 14:39:00.000000000,QUERY_SPREAD,90
2019-06-28 14:39:00.000000000,BEST_BID,"JPM,99393,428"
2019-06-28 14:39:00.000000000,BEST_ASK,"JPM,99651,353"
2019-06-28 14:39:00.000000000,LAST_TRADE,"6,$99651.0000"
2019-06-28 14:39:00.000000000,QUERY_SPREAD,91
2019-06-28 14:39:00.000000000,BEST_BID,"JPM,99393,428"
2019-06-28 14:39:00.000000000,BEST_ASK,"JPM,99651,348"
2019-06-28 14:39:00.000000000,LAST_TRADE,"5,$99651.0000"
2019-06-28 14:39:00.000000000,QUERY_SPREAD,92
2019-06-28 14:39:00.000000000,BEST_BID,"JPM,99393,428"
2019-06-28 14:39:00.000000000,BEST_ASK,"JPM,99651,347"
2019-06-28 14:39:00.000000000,LAST_TRADE,"1,$99651.0000"
2019-06-28 14:39:00.000000000,QUERY_SPREAD,93
2019-06-28 14:39:00.000000000,BEST_BID,"JPM,99393,428"
2019-06-28 14:39:00.000000000,BEST_ASK,"JPM,99651,345"
2019-06-28 14:39:00.000000000,LAST_TRADE,"2,$99651.0000"
2019-06-28 14:39:00.000000000,QUERY_SPREAD,94
2019-06-28 14:39:00.000000000,BEST_BID,"JPM,99393,428"
2019-06-28 14:39:00.000000000,BEST_ASK,"JPM,99651,343"
2019-06-28 14:39:00.000000000,LAST_TRADE,"2,$99651.0000"
2019-06-28 14:39:00.000000000,QUERY_SPREAD,95
2019-06-28 14:39:00.000000000,BEST_BID,"JPM,99393,428"
2019-06-28 14:39:00.000000000,BEST_ASK,"JPM,99651,336"
2019-06-28 14:39:00.000000000,LAST_TRADE,"7,$99651.0000"
2019-06-28 14:39:00.000000000,QUERY_SPREAD,96
2019-06-28 14:39:00.000000000,BEST_BID,"JPM,99393,428"
2019-06-28 14:39:00.000000000,BEST_ASK,"JPM,99651,329"
2019-06-28 14:39:00.000000000,LAST_TRADE,"7,$99651.0000"
2019-06-28 14:39:00.000000000,QUERY_SPREAD,97
2019-06-28 14:39:00.000000000,BEST_BID,"JPM,99393,428"
2019-06-28 14:39:00.000000000,BEST_ASK,"JPM,99651,323"
2019-06-28 14:39:00.000000000,LAST_TRADE,"6,$99651.0000"
2019-06-28 14:39:00.000000000,QUERY_SPREAD,98
2019-06-28 14:39:00.000000000,BEST_BID,"JPM,99393,428"
2019-06-28 14:39:00.000000000,BEST_ASK,"JPM,99651,319"
2019-06-28 14:39:00.000000000,LAST_TRADE,"4,$99651.0000"
2019-06-28 14:39:00.000000000,QUERY_SPREAD,99
2019-06-28 14:39:00.000000000,BEST_BID,"JPM,99393,428"
2019-06-28 14:39:00.000000000,BEST_ASK,"JPM,99651,317"
2019-06-28 14:39:00.000000000,LAST_TRADE,"2,$99651.0000"
2019-06-28 14:39:00.000000000,QUERY_SPREAD,100
2019-06-28 14:39:00.000000000,BEST_BID,"JPM,99393,428"
2019-06-28 14:39:00.000000000,BEST_ASK,"JPM,99651,311"
2019-06-28 14:39:00.000000000,LAST_TRADE,"6,$99651.0000"
2019-06-28 14:39:00.000000000,QUERY_SPREAD,101
2019-06-28 14:39:00.000000000,QUERY_ORDER_STREAM,101
2019-06-28 14:39:02.839237460,QUERY_SPREAD,18
2019-06-28 14:39:02.839237460,BEST_BID,"JPM,99393,428"
2019-06-28 14:39:02.839237460,BEST_ASK,"JPM,99651,311"
2019-06-28 14:39:10.000000000,QUERY_SPREAD,1
2019-06-28 14:39:10.000000000,BEST_BID,"JPM,99393,264"
2019-06-28 14:39:10.000000000,BEST_ASK,"JPM,99910,100"
2019-06-28 14:39:10.000000000,BEST_BID,"JPM,99393,264"
2019-06-28 14:39:10.000000000,BEST_ASK,"JPM,99910,100"
2019-06-28 14:39:10.000000000,BEST_BID,"JPM,99393,264"
2019-06-28 14:39:10.000000000,BEST_ASK,"JPM,99910,264"
2019-06-28 14:39:10.000000000,BEST_BID,"JPM,99393,264"
2019-06-28 14:39:10.000000000,BEST_ASK,"JPM,99910,264"
2019-06-28 14:39:11.048194884,QUERY_SPREAD,18
2019-06-28 14:39:11.048194884,BEST_BID,"JPM,99393,164"
2019-06-28 14:39:11.048194884,BEST_ASK,"JPM,99910,264"
2019-06-28 14:39:11.048194884,LAST_TRADE,"100,$99393.0000"
2019-06-28 14:39:20.000000000,QUERY_SPREAD,1
2019-06-28 14:39:20.000000000,BEST_BID,"JPM,99350,264"
2019-06-28 14:39:20.000000000,BEST_ASK,"JPM,99910,100"
2019-06-28 14:39:20.000000000,BEST_BID,"JPM,99350,264"
2019-06-28 14:39:20.000000000,BEST_ASK,"JPM,99910,100"
2019-06-28 14:39:20.000000000,BEST_BID,"JPM,99350,264"
2019-06-28 14:39:20.000000000,BEST_ASK,"JPM,99910,264"
2019-06-28 14:39:20.000000000,BEST_BID,"JPM,99350,264"
2019-06-28 14:39:20.000000000,BEST_ASK,"JPM,99910,264"
2019-06-28 14:39:24.482053793,QUERY_SPREAD,11
2019-06-28 14:39:24.482053793,BEST_BID,"JPM,99350,164"
2019-06-28 14:39:24.482053793,BEST_ASK,"JPM,99910,264"
2019-06-28 14:39:24.482053793,LAST_TRADE,"100,$99350.0000"
2019-06-28 14:39:28.577126057,QUERY_SPREAD,49
2019-06-28 14:39:28.577126057,BEST_BID,"JPM,99350,64"
2019-06-28 14:39:28.577126057,BEST_ASK,"JPM,99910,264"
2019-06-28 14:39:28.577126057,LAST_TRADE,"100,$99350.0000"
2019-06-28 14:39:29.139591272,QUERY_SPREAD,5
2019-06-28 14:39:29.139591272,BEST_BID,"JPM,99133,264"
2019-06-28 14:39:29.139591272,BEST_ASK,"JPM,99350,36"
2019-06-28 14:39:29.139591272,LAST_TRADE,"64,$99350.0000"
2019-06-28 14:39:29.452687344,QUERY_ORDER_STREAM,75
2019-06-28 14:39:29.452687344,QUERY_SPREAD,75
2019-06-28 14:39:29.452687344,BEST_BID,"JPM,99133,264"
2019-06-28 14:39:29.452687344,BEST_ASK,"JPM,99350,136"
2019-06-28 14:39:30.000000000,QUERY_SPREAD,1
2019-06-28 14:39:30.000000000,BEST_BID,"JPM,99133,264"
2019-06-28 14:39:30.000000000,BEST_ASK,"JPM,99350,136"
2019-06-28 14:39:30.000000000,BEST_BID,"JPM,99133,264"
2019-06-28 14:39:30.000000000,BEST_ASK,"JPM,99350,136"
2019-06-28 14:39:30.000000000,BEST_BID,"JPM,99133,264"
2019-06-28 14:39:30.000000000,BEST_ASK,"JPM,99350,300"
2019-06-28 14:39:30.000000000,BEST_BID,"JPM,99133,264"
2019-06-28 14:39:30.000000000,BEST_ASK,"JPM,99350,300"
2019-06-28 14:39:39.784141098,QUERY_SPREAD,17
2019-06-28 14:39:39.784141098,BEST_BID,"JPM,99133,164"
2019-06-28 14:39:39.784141098,BEST_ASK,"JPM,99350,300"
2019-06-28 14:39:39.784141098,LAST_TRADE,"100,$99133.0000"
2019-06-28 14:39:40.000000000,QUERY_SPREAD,1
2019-06-28 14:39:40.000000000,BEST_BID,"JPM,99102,182"
2019-06-28 14:39:40.000000000,BEST_ASK,"JPM,99350,136"
2019-06-28 14:39:40.000000000,BEST_BID,"JPM,99102,182"
2019-06-28 14:39:40.000000000,BEST_ASK,"JPM,99350,136"
2019-06-28 14:39:40.000000000,BEST_BID,"JPM,99102,182"
2019-06-28 14:39:40.000000000,BEST_ASK,"JPM,99350,136"
2019-06-28 14:39:40.000000000,BEST_BID,"JPM,99102,182"
2019-06-28 14:39:40.000000000,BEST_ASK,"JPM,99350,136"
2019-06-28 14:39:40.000000000,BEST_BID,"JPM,99102,182"
2019-06-28 14:39:40.000000000,BEST_ASK,"JPM,99350,218"
2019-06-28 14:39:40.000000000,BEST_BID,"JPM,99102,182"
2019-06-28 14:39:40.000000000,BEST_ASK,"JPM,99350,218"
2019-06-28 14:39:40.000000000,BEST_BID,"JPM,99102,182"
2019-06-28 14:39:40.000000000,BEST_ASK,"JPM,99350,218"
2019-06-28 14:39:40.000000000,BEST_BID,"JPM,99102,182"
2019-06-28 14:39:40.000000000,BEST_ASK,"JPM,99350,218"
2019-06-28 14:39:50.000000000,QUERY_SPREAD,1
2019-06-28 14:39:50.000000000,BEST_BID,"JPM,99102,182"
2019-06-28 14:39:50.000000000,BEST_ASK,"JPM,99350,136"
2019-06-28 14:39:50.000000000,BEST_BID,"JPM,99102,182"
2019-06-28 14:39:50.000000000,BEST_ASK,"JPM,99350,136"
2019-06-28 14:39:50.000000000,BEST_BID,"JPM,99102,182"
2019-06-28 14:39:50.000000000,BEST_ASK,"JPM,99350,136"
2019-06-28 14:39:50.000000000,BEST_BID,"JPM,99102,182"
2019-06-28 14:39:50.000000000,BEST_ASK,"JPM,99350,136"
2019-06-28 14:39:50.000000000,BEST_BID,"JPM,99102,182"
2019-06-28 14:39:50.000000000,BEST_ASK,"JPM,99350,218"
2019-06-28 14:39:50.000000000,BEST_BID,"JPM,99102,182"
2019-06-28 14:39:50.000000000,BEST_ASK,"JPM,99350,218"
2019-06-28 14:39:50.000000000,BEST_BID,"JPM,99102,182"
2019-06-28 14:39:50.000000000,BEST_ASK,"JPM,99350,218"
2019-06-28 14:39:50.000000000,BEST_BID,"JPM,99102,182"
2019-06-28 14:39:50.000000000,BEST_ASK,"JPM,99350,218"
2019-06-28 14:39:51.199988975,QUERY_SPREAD,9
2019-06-28 14:39:51.199988975,BEST_BID,"JPM,99102,82"
2019-06-28 14:39:51.199988975,BEST_ASK,"JPM,99350,218"
2019-06-28 14:39:51.199988975,LAST_TRADE,"100,$99102.0000"
2019-06-28 14:40:00.000000000,QUERY_SPREAD,1
2019-06-28 14:40:00.000000000,BEST_BID,"JPM,98888,166"
2019-06-28 14:40:00.000000000,BEST_ASK,"JPM,99350,136"
2019-06-28 14:40:00.000000000,BEST_BID,"JPM,98888,166"
2019-06-28 14:40:00.000000000,BEST_ASK,"JPM,99350,136"
2019-06-28 14:40:00.000000000,BEST_BID,"JPM,98888,166"
2019-06-28 14:40:00.000000000,BEST_ASK,"JPM,99350,136"
2019-06-28 14:40:00.000000000,BEST_BID,"JPM,98888,166"
2019-06-28 14:40:00.000000000,BEST_ASK,"JPM,99350,202"
2019-06-28 14:40:00.000000000,BEST_BID,"JPM,98888,166"
2019-06-28 14:40:00.000000000,BEST_ASK,"JPM,99350,202"
2019-06-28 14:40:00.000000000,BEST_BID,"JPM,98888,166"
2019-06-28 14:40:00.000000000,BEST_ASK,"JPM,99350,202"
2019-06-28 14:40:00.000000000,BEST_BID,"JPM,98888,166"
2019-06-28 14:40:00.000000000,BEST_ASK,"JPM,99350,202"
2019-06-28 14:40:00.000000000,BEST_BID,"JPM,98888,166"
2019-06-28 14:40:00.000000000,BEST_ASK,"JPM,99350,202"
2019-06-28 14:40:00.000000000,QUERY_SPREAD,77
2019-06-28 14:40:00.000000000,BEST_BID,"JPM,98888,166"
2019-06-28 14:40:00.000000000,BEST_ASK,"JPM,99350,198"
2019-06-28 14:40:00.000000000,LAST_TRADE,"4,$99350.0000"
2019-06-28 14:40:00.000000000,QUERY_SPREAD,78
2019-06-28 14:40:00.000000000,BEST_BID,"JPM,98888,166"
2019-06-28 14:40:00.000000000,BEST_ASK,"JPM,99350,190"
2019-06-28 14:40:00.000000000,LAST_TRADE,"8,$99350.0000"
2019-06-28 14:40:00.000000000,QUERY_SPREAD,79
2019-06-28 14:40:00.000000000,BEST_BID,"JPM,98888,166"
2019-06-28 14:40:00.000000000,BEST_ASK,"JPM,99350,189"
2019-06-28 14:40:00.000000000,LAST_TRADE,"1,$99350.0000"
2019-06-28 14:40:00.000000000,QUERY_SPREAD,80
2019-06-28 14:40:00.000000000,BEST_BID,"JPM,98888,166"
2019-06-28 14:40:00.000000000,BEST_ASK,"JPM,99350,184"
2019-06-28 14:40:00.000000000,LAST_TRADE,"5,$99350.0000"
2019-06-28 14:40:00.000000000,QUERY_SPREAD,81
2019-06-28 14:40:00.000000000,BEST_BID,"JPM,98888,166"
2019-06-28 14:40:00.000000000,BEST_ASK,"JPM,99350,179"
2019-06-28 14:40:00.000000000,LAST_TRADE,"5,$99350.0000"
2019-06-28 14:40:00.000000000,QUERY_SPREAD,82
2019-06-28 14:40:00.000000000,BEST_BID,"JPM,98888,166"
2019-06-28 14:40:00.000000000,BEST_ASK,"JPM,99350,173"
2019-06-28 14:40:00.000000000,LAST_TRADE,"6,$99350.0000"
2019-06-28 14:40:00.000000000,QUERY_SPREAD,83
2019-06-28 14:40:00.000000000,BEST_BID,"JPM,98888,166"
2019-06-28 14:40:00.000000000,BEST_ASK,"JPM,99350,169"
2019-06-28 14:40:00.000000000,LAST_TRADE,"4,$99350.0000"
2019-06-28 14:40:00.000000000,QUERY_SPREAD,84
2019-06-28 14:40:00.000000000,BEST_BID,"JPM,98888,166"
2019-06-28 14:40:00.000000000,BEST_ASK,"JPM,99350,164"
2019-06-28 14:40:00.000000000,LAST_TRADE,"5,$99350.0000"
2019-06-28 14:40:00.000000000,QUERY_SPREAD,85
2019-06-28 14:40:00.000000000,BEST_BID,"JPM,98888,166"
2019-06-28 14:40:00.000000000,BEST_ASK,"JPM,99350,159"
2019-06-28 14:40:00.000000000,LAST_TRADE,"5,$99350.0000"
2019-06-28 14:40:00.000000000,QUERY_SPREAD,86
2019-06-28 14:40:00.000000000,BEST_BID,"JPM,98888,166"
2019-06-28 14:40:00.000000000,BEST_ASK,"JPM,99350,150"
2019-06-28 14:40:00.000000000,LAST_TRADE,"9,$99350.0000"
2019-06-28 14:40:00.000000000,QUERY_SPREAD,87
2019-06-28 14:40:00.000000000,BEST_BID,"JPM,98888,166"
2019-06-28 14:40:00.000000000,BEST_ASK,"JPM,99350,148"
2019-06-28 14:40:00.000000000,LAST_TRADE,"2,$99350.0000"
2019-06-28 14:40:00.000000000,QUERY_SPREAD,88
2019-06-28 14:40:00.000000000,BEST_BID,"JPM,98888,166"
2019-06-28 14:40:00.000000000,BEST_ASK,"JPM,99350,140"
2019-06-28 14:40:00.000000000,LAST_TRADE,"8,$99350.0000"
2019-06-28 14:40:00.000000000,QUERY_SPREAD,89
2019-06-28 14:40:00.000000000,BEST_BID,"JPM,98888,166"
2019-06-28 14:40:00.000000000,BEST_ASK,"JPM,99350,133"
2019-06-28 14:40:00.000000000,LAST_TRADE,"7,$99350.0000"
2019-06-28 14:40:00.000000000,QUERY_SPREAD,90
2019-06-28 14:40:00.000000000,BEST_BID,"JPM,98888,166"
2019-06-28 14:40:00.000000000,BEST_ASK,"JPM,99350,127"
2019-06-28 14:40:00.000000000,LAST_TRADE,"6,$99350.0000"
2019-06-28 14:40:00.000000000,QUERY_SPREAD,91
2019-06-28 14:40:00.000000000,BEST_BID,"JPM,98888,166"
2019-06-28 14:40:00.000000000,BEST_ASK,"JPM,99350,122"
2019-06-28 14:40:00.000000000,LAST_TRADE,"5,$99350.0000"
2019-06-28 14:40:00.000000000,QUERY_SPREAD,92
2019-06-28 14:40:00.000000000,BEST_BID,"JPM,98888,166"
2019-06-28 14:40:00.000000000,BEST_ASK,"JPM,99350,121"
2019-06-28 14:40:00.000000000,LAST_TRADE,"1,$99350.0000"
2019-06-28 14:40:00.000000000,QUERY_SPREAD,93
2019-06-28 14:40:00.000000000,BEST_BID,"JPM,98888,166"
2019-06-28 14:40:00.000000000,BEST_ASK,"JPM,99350,119"
2019-06-28 14:40:00.000000000,LAST_TRADE,"2,$99350.0000"
2019-06-28 14:40:00.000000000,QUERY_SPREAD,94
2019-06-28 14:40:00.000000000,BEST_BID,"JPM,98888,166"
2019-06-28 14:40:00.000000000,BEST_ASK,"JPM,99350,117"
2019-06-28 14:40:00.000000000,LAST_TRADE,"2,$99350.0000"
2019-06-28 14:40:00.000000000,QUERY_SPREAD,95
2019-06-28 14:40:00.000000000,BEST_BID,"JPM,98888,166"
2019-06-28 14:40:00.000000000,BEST_ASK,"JPM,99350,110"
2019-06-28 14:40:00.000000000,LAST_TRADE,"7,$99350.0000"
2019-06-28 14:40:00.000000000,QUERY_SPREAD,96
2019-06-28 14:40:00.000000000,BEST_BID,"JPM,98888,166"
2019-06-28 14:40:00.000000000,BEST_ASK,"JPM,99350,103"
2019-06-28 14:40:00.000000000,LAST_TRADE,"7,$99350.0000"
2019-06-28 14:40:00.000000000,QUERY_SPREAD,97
2019-06-28 14:40:00.000000000,BEST_BID,"JPM,98888,166"
2019-06-28 14:40:00.000000000,BEST_ASK,"JPM,99350,97"
2019-06-28 14:40:00.000000000,LAST_TRADE,"6,$99350.0000"
2019-06-28 14:40:00.000000000,QUERY_SPREAD,98
2019-06-28 14:40:00.000000000,BEST_BID,"JPM,98888,166"
2019-06-28 14:40:00.000000000,BEST_ASK,"JPM,99350,93"
2019-06-28 14:40:00.000000000,LAST_TRADE,"4,$99350.0000"
2019-06-28 14:40:00.000000000,QUERY_SPREAD,99
2019-06-28 14:40:00.000000000,BEST_BID,"JPM,98888,166"
2019-06-28 14:40:00.000000000,BEST_ASK,"JPM,99350,91"
2019-06-28 14:40:00.000000000,LAST_TRADE,"2,$99350.0000"
2019-06-28 14:40:00.000000000,QUERY_SPREAD,100
2019-06-28 14:40:00.000000000,BEST_BID,"JPM,98888,166"
2019-06-28 14:40:00.000000000,BEST_ASK,"JPM,99350,85"
2019-06-28 14:40:00.000000000,LAST_TRADE,"6,$99350.0000"
2019-06-28 14:40:00.000000000,QUERY_SPREAD,101
2019-06-28 14:40:00.000000000,QUERY_ORDER_STREAM,101
2019-06-28 14:40:00.000000000,BEST_BID,"JPM,98888,166"
2019-06-28 14:40:00.000000000,BEST_ASK,"JPM,99350,77"
2019-06-28 14:40:00.000000000,LAST_TRADE,"8,$99350.0000"
2019-06-28 14:40:10.000000000,QUERY_SPREAD,1
2019-06-28 14:40:10.000000000,BEST_BID,"JPM,98888,166"
2019-06-28 14:40:10.000000000,BEST_ASK,"JPM,99350,11"
2019-06-28 14:40:10.000000000,BEST_BID,"JPM,98888,166"
2019-06-28 14:40:10.000000000,BEST_ASK,"JPM,99350,11"
2019-06-28 14:40:10.000000000,BEST_BID,"JPM,98888,166"
2019-06-28 14:40:10.000000000,BEST_ASK,"JPM,99350,11"
2019-06-28 14:40:10.000000000,BEST_BID,"JPM,98888,166"
2019-06-28 14:40:10.000000000,BEST_ASK,"JPM,99350,77"
2019-06-28 14:40:10.000000000,BEST_BID,"JPM,98888,166"
2019-06-28 14:40:10.000000000,BEST_ASK,"JPM,99350,77"
2019-06-28 14:40:10.000000000,BEST_BID,"JPM,98888,166"
2019-06-28 14:40:10.000000000,BEST_ASK,"JPM,99350,77"
2019-06-28 14:40:10.000000000,BEST_BID,"JPM,98888,166"
2019-06-28 14:40:10.000000000,BEST_ASK,"JPM,99350,77"
2019-06-28 14:40:10.000000000,BEST_BID,"JPM,98888,166"
2019-06-28 14:40:10.000000000,BEST_ASK,"JPM,99350,77"
2019-06-28 14:40:20.000000000,QUERY_SPREAD,1
2019-06-28 14:40:20.000000000,BEST_BID,"JPM,98888,428"
2019-06-28 14:40:20.000000000,BEST_ASK,"JPM,99350,11"
2019-06-28 14:40:20.000000000,BEST_BID,"JPM,98888,428"
2019-06-28 14:40:20.000000000,BEST_ASK,"JPM,99350,339"
2019-06-28 14:40:24.194704274,QUERY_ORDER_STREAM,54
2019-06-28 14:40:24.194704274,QUERY_SPREAD,54
2019-06-28 14:40:24.194704274,BEST_BID,"JPM,98888,428"
2019-06-28 14:40:24.194704274,BEST_ASK,"JPM,99350,439"
2019-06-28 14:40:27.730942590,QUERY_ORDER_STREAM,66
2019-06-28 14:40:27.730942590,QUERY_SPREAD,66
2019-06-28 14:40:27.730942590,BEST_BID,"JPM,98888,428"
2019-06-28 14:40:27.730942590,BEST_ASK,"JPM,99350,539"
2019-06-28 14:40:30.000000000,QUERY_SPREAD,1
2019-06-28 14:40:30.000000000,BEST_BID,"JPM,98888,166"
2019-06-28 14:40:30.000000000,BEST_ASK,"JPM,99350,211"
2019-06-28 14:40:30.000000000,BEST_BID,"JPM,98888,166"
2019-06-28 14:40:30.000000000,BEST_ASK,"JPM,99350,211"
2019-06-28 14:40:30.000000000,BEST_BID,"JPM,98888,166"
2019-06-28 14:40:30.000000000,BEST_ASK,"JPM,99350,211"
2019-06-28 14:40:30.000000000,BEST_BID,"JPM,98888,166"
2019-06-28 14:40:30.000000000,BEST_ASK,"JPM,99350,277"
2019-06-28 14:40:30.000000000,BEST_BID,"JPM,98888,166"
2019-06-28 14:40:30.000000000,BEST_ASK,"JPM,99350,277"
2019-06-28 14:40:30.000000000,BEST_BID,"JPM,98888,166"
2019-06-28 14:40:30.000000000,BEST_ASK,"JPM,99350,277"
2019-06-28 14:40:30.000000000,BEST_BID,"JPM,98888,166"
2019-06-28 14:40:30.000000000,BEST_ASK,"JPM,99350,277"
2019-06-28 14:40:30.000000000,BEST_BID,"JPM,98888,166"
2019-06-28 14:40:30.000000000,BEST_ASK,"JPM,99350,277"
2019-06-28 14:40:40.000000000,QUERY_SPREAD,1
2019-06-28 14:40:40.000000000,BEST_BID,"JPM,98888,182"
2019-06-28 14:40:40.000000000,BEST_ASK,"JPM,99350,211"
2019-06-28 14:40:40.000000000,BEST_BID,"JPM,98888,182"
2019-06-28 14:40:40.000000000,BEST_ASK,"JPM,99350,211"
2019-06-28 14:40:40.000000000,BEST_BID,"JPM,98888,182"
2019-06-28 14:40:40.000000000,BEST_ASK,"JPM,99350,211"
2019-06-28 14:40:40.000000000,BEST_BID,"JPM,98888,182"
2019-06-28 14:40:40.000000000,BEST_ASK,"JPM,99350,293"
2019-06-28 14:40:40.000000000,BEST_BID,"JPM,98888,182"
2019-06-28 14:40:40.000000000,BEST_ASK,"JPM,99350,293"
2019-06-28 14:40:40.000000000,BEST_BID,"JPM,98888,182"
2019-06-28 14:40:40.000000000,BEST_ASK,"JPM,99350,293"
2019-06-28 14:40:40.000000000,BEST_BID,"JPM,98888,182"
2019-06-28 14:40:40.000000000,BEST_ASK,"JPM,99350,293"
2019-06-28 14:40:40.050767979,QUERY_SPREAD,45
2019-06-28 14:40:40.050767979,BEST_BID,"JPM,98888,182"
2019-06-28 14:40:40.050767979,BEST_ASK,"JPM,99350,293"
2019-06-28 14:40:50.000000000,QUERY_SPREAD,1
2019-06-28 14:40:50.000000000,BEST_BID,"JPM,98888,182"
2019-06-28 14:40:50.000000000,BEST_ASK,"JPM,99350,211"
2019-06-28 14:40:50.000000000,BEST_BID,"JPM,98888,182"
2019-06-28 14:40:50.000000000,BEST_ASK,"JPM,99350,211"
2019-06-28 14:40:50.000000000,BEST_BID,"JPM,98888,182"
2019-06-28 14:40:50.000000000,BEST_ASK,"JPM,99350,211"
2019-06-28 14:40:50.000000000,BEST_BID,"JPM,98888,182"
2019-06-28 14:40:50.000000000,BEST_ASK,"JPM,99350,211"
2019-06-28 14:40:50.000000000,BEST_BID,"JPM,98888,182"
2019-06-28 14:40:50.000000000,BEST_ASK,"JPM,99350,293"
2019-06-28 14:40:50.000000000,BEST_BID,"JPM,98888,182"
2019-06-28 14:40:50.000000000,BEST_ASK,"JPM,99350,293"
2019-06-28 14:40:50.000000000,BEST_BID,"JPM,98888,182"
2019-06-28 14:40:50.000000000,BEST_ASK,"JPM,99350,293"
2019-06-28 14:40:50.000000000,BEST_BID,"JPM,98888,182"
2019-06-28 14:40:50.000000000,BEST_ASK,"JPM,99350,293"
2019-06-28 14:41:00.000000000,QUERY_SPREAD,1
2019-06-28 14:41:00.000000000,BEST_BID,"JPM,98888,428"
2019-06-28 14:41:00.000000000,BEST_ASK,"JPM,99350,211"
2019-06-28 14:41:00.000000000,BEST_BID,"JPM,98888,428"
2019-06-28 14:41:00.000000000,BEST_ASK,"JPM,99350,539"
2019-06-28 14:41:00.000000000,QUERY_SPREAD,77
2019-06-28 14:41:00.000000000,BEST_BID,"JPM,98888,428"
2019-06-28 14:41:00.000000000,BEST_ASK,"JPM,99350,535"
2019-06-28 14:41:00.000000000,LAST_TRADE,"4,$99350.0000"
2019-06-28 14:41:00.000000000,QUERY_SPREAD,78
2019-06-28 14:41:00.000000000,BEST_BID,"JPM,98888,428"
2019-06-28 14:41:00.000000000,BEST_ASK,"JPM,99350,527"
2019-06-28 14:41:00.000000000,LAST_TRADE,"8,$99350.0000"
2019-06-28 14:41:00.000000000,QUERY_SPREAD,79
2019-06-28 14:41:00.000000000,BEST_BID,"JPM,98888,428"
2019-06-28 14:41:00.000000000,BEST_ASK,"JPM,99350,526"
2019-06-28 14:41:00.000000000,LAST_TRADE,"1,$99350.0000"
2019-06-28 14:41:00.000000000,QUERY_SPREAD,80
2019-06-28 14:41:00.000000000,BEST_BID,"JPM,98888,428"
2019-06-28 14:41:00.000000000,BEST_ASK,"JPM,99350,521"
2019-06-28 14:41:00.000000000,LAST_TRADE,"5,$99350.0000"
2019-06-28 14:41:00.000000000,QUERY_SPREAD,81
2019-06-28 14:41:00.000000000,BEST_BID,"JPM,98888,428"
2019-06-28 14:41:00.000000000,BEST_ASK,"JPM,99350,516"
2019-06-28 14:41:00.000000000,LAST_TRADE,"5,$99350.0000"
2019-06-28 14:41:00.000000000,QUERY_SPREAD,82
2019-06-28 14:41:00.000000000,BEST_BID,"JPM,98888,428"
2019-06-28 14:41:00.000000000,BEST_ASK,"JPM,99350,510"
2019-06-28 14:41:00.000000000,LAST_TRADE,"6,$99350.0000"
2019-06-28 14:41:00.000000000,QUERY_SPREAD,83
2019-06-28 14:41:00.000000000,BEST_BID,"JPM,98888,428"
2019-06-28 14:41:00.000000000,BEST_ASK,"JPM,99350,506"
2019-06-28 14:41:00.000000000,LAST_TRADE,"4,$99350.0000"
2019-06-28 14:41:00.000000000,QUERY_SPREAD,84
2019-06-28 14:41:00.000000000,BEST_BID,"JPM,98888,428"
2019-06-28 14:41:00.000000000,BEST_ASK,"JPM,99350,501"
2019-06-28 14:41:00.000000000,LAST_TRADE,"5,$99350.0000"
2019-06-28 14:41:00.000000000,QUERY_SPREAD,85
2019-06-28 14:41:00.000000000,BEST_BID,"JPM,98888,428"
2019-06-28 14:41:00.000000000,BEST_ASK,"JPM,99350,496"
2019-06-28 14:41:00.000000000,LAST_TRADE,"5,$99350.0000"
2019-06-28 14:41:00.000000000,QUERY_SPREAD,86
2019-06-28 14:41:00.000000000,BEST_BID,"JPM,98888,428"
2019-06-28 14:41:00.000000000,BEST_ASK,"JPM,99350,487"
2019-06-28 14:41:00.000000000,LAST_TRADE,"9,$99350.0000"
2019-06-28 14:41:00.000000000,QUERY_SPREAD,87
2019-06-28 14:41:00.000000000,BEST_BID,"JPM,98888,428"
2019-06-28 14:41:00.000000000,BEST_ASK,"JPM,99350,485"
2019-06-28 14:41:00.000000000,LAST_TRADE,"2,$99350.0000"
2019-06-28 14:41:00.000000000,QUERY_SPREAD,88
2019-06-28 14:41:00.000000000,BEST_BID,"JPM,98888,428"
2019-06-28 14:41:00.000000000,BEST_ASK,"JPM,99350,477"
2019-06-28 14:41:00.000000000,LAST_TRADE,"8,$99350.0000"
2019-06-28 14:41:00.000000000,QUERY_SPREAD,89
2019-06-28 14:41:00.000000000,BEST_BID,"JPM,98888,428"
2019-06-28 14:41:00.000000000,BEST_ASK,"JPM,99350,470"
2019-06-28 14:41:00.000000000,LAST_TRADE,"7,$99350.0000"
2019-06-28 14:41:00.000000000,QUERY_SPREAD,90
2019-06-28 14:41:00.000000000,BEST_BID,"JPM,98888,428"
2019-06-28 14:41:00.000000000,BEST_ASK,"JPM,99350,464"
2019-06-28 14:41:00.000000000,LAST_TRADE,"6,$99350.0000"
2019-06-28 14:41:00.000000000,QUERY_SPREAD,91
2019-06-28 14:41:00.000000000,BEST_BID,"JPM,98888,428"
2019-06-28 14:41:00.000000000,BEST_ASK,"JPM,99350,459"
2019-06-28 14:41:00.000000000,LAST_TRADE,"5,$99350.0000"
2019-06-28 14:41:00.000000000,QUERY_SPREAD,92
2019-06-28 14:41:00.000000000,BEST_BID,"JPM,98888,428"
2019-06-28 14:41:00.000000000,BEST_ASK,"JPM,99350,458"
2019-06-28 14:41:00.000000000,LAST_TRADE,"1,$99350.0000"
2019-06-28 14:41:00.000000000,QUERY_SPREAD,93
2019-06-28 14:41:00.000000000,BEST_BID,"JPM,98888,428"
2019-06-28 14:41:00.000000000,BEST_ASK,"JPM,99350,456"
2019-06-28 14:41:00.000000000,LAST_TRADE,"2,$99350.0000"
2019-06-28 14:41:00.000000000,QUERY_SPREAD,94
2019-06-28 14:41:00.000000000,BEST_BID,"JPM,98888,428"
2019-06-28 14:41:00.000000000,BEST_ASK,"JPM,99350,454"
2019-06-28 14:41:00.000000000,LAST_TRADE,"2,$99350.0000"
2019-06-28 14:41:00.000000000,QUERY_SPREAD,95
2019-06-28 14:41:00.000000000,BEST_BID,"JPM,98888,428"
2019-06-28 14:41:00.000000000,BEST_ASK,"JPM,99350,447"
2019-06-28 14:41:00.000000000,LAST_TRADE,"7,$99350.0000"
2019-06-28 14:41:00.000000000,QUERY_SPREAD,96
2019-06-28 14:41:00.000000000,BEST_BID,"JPM,98888,428"
2019-06-28 14:41:00.000000000,BEST_ASK,"JPM,99350,440"
2019-06-28 14:41:00.000000000,LAST_TRADE,"7,$99350.0000"
2019-06-28 14:41:00.000000000,QUERY_SPREAD,97
2019-06-28 14:41:00.000000000,BEST_BID,"JPM,98888,428"
2019-06-28 14:41:00.000000000,BEST_ASK,"JPM,99350,434"
2019-06-28 14:41:00.000000000,LAST_TRADE,"6,$99350.0000"
2019-06-28 14:41:00.000000000,QUERY_SPREAD,98
2019-06-28 14:41:00.000000000,BEST_BID,"JPM,98888,428"
2019-06-28 14:41:00.000000000,BEST_ASK,"JPM,99350,430"
2019-06-28 14:41:00.000000000,LAST_TRADE,"4,$99350.0000"
2019-06-28 14:41:00.000000000,QUERY_SPREAD,99
2019-06-28 14:41:00.000000000,BEST_BID,"JPM,98888,428"
2019-06-28 14:41:00.000000000,BEST_ASK,"JPM,99350,428"
2019-06-28 14:41:00.000000000,LAST_TRADE,"2,$99350.0000"
2019-06-28 14:41:00.000000000,QUERY_SPREAD,100
2019-06-28 14:41:00.000000000,BEST_BID,"JPM,98888,428"
2019-06-28 14:41:00.000000000,BEST_ASK,"JPM,99350,422"
2019-06-28 14:41:00.000000000,LAST_TRADE,"6,$99350.0000"
2019-06-28 14:41:00.000000000,QUERY_SPREAD,101
2019-06-28 14:41:00.000000000,QUERY_ORDER_STREAM,101
2019-06-28 14:41:00.000000000,BEST_BID,"JPM,98888,428"
2019-06-28 14:41:00.000000000,BEST_ASK,"JPM,99350,414"
2019-06-28 14:41:00.000000000,LAST_TRADE,"8,$99350.0000"
2019-06-28 14:41:06.377863047,QUERY_ORDER_STREAM,64
2019-06-28 14:41:06.377863047,QUERY_SPREAD,64
2019-06-28 14:41:06.377863047,BEST_BID,"JPM,98888,428"
2019-06-28 14:41:06.377863047,BEST_ASK,"JPM,99350,514"
2019-06-28 14:41:10.000000000,QUERY_SPREAD,1
2019-06-28 14:41:10.000000000,BEST_BID,"JPM,98888,264"
2019-06-28 14:41:10.000000000,BEST_ASK,"JPM,99350,186"
2019-06-28 14:41:10.000000000,BEST_BID,"JPM,98888,264"
2019-06-28 14:41:10.000000000,BEST_ASK,"JPM,99350,186"
2019-06-28 14:41:10.000000000,BEST_BID,"JPM,98888,264"
2019-06-28 14:41:10.000000000,BEST_ASK,"JPM,99350,350"
2019-06-28 14:41:10.000000000,BEST_BID,"JPM,98888,264"
2019-06-28 14:41:10.000000000,BEST_ASK,"JPM,99350,350"
2019-06-28 14:41:20.000000000,QUERY_SPREAD,1
2019-06-28 14:41:20.000000000,BEST_BID,"JPM,98888,264"
2019-06-28 14:41:20.000000000,BEST_ASK,"JPM,99350,186"
2019-06-28 14:41:20.000000000,BEST_BID,"JPM,98888,264"
2019-06-28 14:41:20.000000000,BEST_ASK,"JPM,99350,186"
2019-06-28 14:41:20.000000000,BEST_BID,"JPM,98888,264"
2019-06-28 14:41:20.000000000,BEST_ASK,"JPM,99350,350"
2019-06-28 14:41:20.000000000,BEST_BID,"JPM,98888,264"
2019-06-28 14:41:20.000000000,BEST_ASK,"JPM,99350,350"
2019-06-28 14:41:30.000000000,QUERY_SPREAD,1
2019-06-28 14:41:30.000000000,BEST_BID,"JPM,98888,264"
2019-06-28 14:41:30.000000000,BEST_ASK,"JPM,99350,186"
2019-06-28 14:41:30.000000000,BEST_BID,"JPM,98888,264"
2019-06-28 14:41:30.000000000,BEST_ASK,"JPM,99350,186"
2019-06-28 14:41:30.000000000,BEST_BID,"JPM,98888,264"
2019-06-28 14:41:30.000000000,BEST_ASK,"JPM,99350,350"
2019-06-28 14:41:30.000000000,BEST_BID,"JPM,98888,264"
2019-06-28 14:41:30.000000000,BEST_ASK,"JPM,99350,350"
2019-06-28 14:41:39.522327993,QUERY_SPREAD,6
2019-06-28 14:41:39.522327993,BEST_BID,"JPM,98888,164"
2019-06-28 14:41:39.522327993,BEST_ASK,"JPM,99350,350"
2019-06-28 14:41:39.522327993,LAST_TRADE,"100,$98888.0000"
2019-06-28 14:41:40.000000000,QUERY_SPREAD,1
2019-06-28 14:41:40.000000000,BEST_BID,"JPM,98841,264"
2019-06-28 14:41:40.000000000,BEST_ASK,"JPM,99350,186"
2019-06-28 14:41:40.000000000,BEST_BID,"JPM,98841,264"
2019-06-28 14:41:40.000000000,BEST_ASK,"JPM,99350,186"
2019-06-28 14:41:40.000000000,BEST_BID,"JPM,98841,264"
2019-06-28 14:41:40.000000000,BEST_ASK,"JPM,99350,350"
2019-06-28 14:41:40.000000000,BEST_BID,"JPM,98841,264"
2019-06-28 14:41:40.000000000,BEST_ASK,"JPM,99350,350"
2019-06-28 14:41:50.000000000,QUERY_SPREAD,1
2019-06-28 14:41:50.000000000,BEST_BID,"JPM,98841,428"
2019-06-28 14:41:50.000000000,BEST_ASK,"JPM,99350,186"
2019-06-28 14:41:50.000000000,BEST_BID,"JPM,98841,428"
2019-06-28 14:41:50.000000000,BEST_ASK,"JPM,99350,514"
2019-06-28 14:41:55.466743193,QUERY_SPREAD,6
2019-06-28 14:41:55.466743193,BEST_BID,"JPM,98841,328"
2019-06-28 14:41:55.466743193,BEST_ASK,"JPM,99350,514"
2019-06-28 14:41:55.466743193,LAST_TRADE,"100,$98841.0000"
2019-06-28 14:42:00.000000000,QUERY_SPREAD,1
2019-06-28 14:42:00.000000000,BEST_BID,"JPM,98327,264"
2019-06-28 14:42:00.000000000,BEST_ASK,"JPM,99350,186"
2019-06-28 14:42:00.000000000,BEST_BID,"JPM,98327,264"
2019-06-28 14:42:00.000000000,BEST_ASK,"JPM,99350,186"
2019-06-28 14:42:00.000000000,BEST_BID,"JPM,98327,264"
2019-06-28 14:42:00.000000000,BEST_ASK,"JPM,99350,350"
2019-06-28 14:42:00.000000000,BEST_BID,"JPM,98327,264"
2019-06-28 14:42:00.000000000,BEST_ASK,"JPM,99350,350"
2019-06-28 14:42:00.000000000,QUERY_SPREAD,77
2019-06-28 14:42:00.000000000,BEST_BID,"JPM,98327,260"
2019-06-28 14:42:00.000000000,BEST_ASK,"JPM,99350,350"
2019-06-28 14:42:00.000000000,LAST_TRADE,"4,$98327.0000"
2019-06-28 14:42:00.000000000,QUERY_SPREAD,78
2019-06-28 14:42:00.000000000,BEST_BID,"JPM,98327,252"
2019-06-28 14:42:00.000000000,BEST_ASK,"JPM,99350,350"
2019-06-28 14:42:00.000000000,LAST_TRADE,"8,$98327.0000"
2019-06-28 14:42:00.000000000,QUERY_SPREAD,79
2019-06-28 14:42:00.000000000,BEST_BID,"JPM,98327,251"
2019-06-28 14:42:00.000000000,BEST_ASK,"JPM,99350,350"
2019-06-28 14:42:00.000000000,LAST_TRADE,"1,$98327.0000"
2019-06-28 14:42:00.000000000,QUERY_SPREAD,80
2019-06-28 14:42:00.000000000,BEST_BID,"JPM,98327,246"
2019-06-28 14:42:00.000000000,BEST_ASK,"JPM,99350,350"
2019-06-28 14:42:00.000000000,LAST_TRADE,"5,$98327.0000"
2019-06-28 14:42:00.000000000,QUERY_SPREAD,81
2019-06-28 14:42:00.000000000,BEST_BID,"JPM,98327,241"
2019-06-28 14:42:00.000000000,BEST_ASK,"JPM,99350,350"
2019-06-28 14:42:00.000000000,LAST_TRADE,"5,$98327.0000"
2019-06-28 14:42:00.000000000,QUERY_SPREAD,82
2019-06-28 14:42:00.000000000,BEST_BID,"JPM,98327,235"
2019-06-28 14:42:00.000000000,BEST_ASK,"JPM,99350,350"
2019-06-28 14:42:00.000000000,LAST_TRADE,"6,$98327.0000"
2019-06-28 14:42:00.000000000,QUERY_SPREAD,83
2019-06-28 14:42:00.000000000,BEST_BID,"JPM,98327,231"
2019-06-28 14:42:00.000000000,BEST_ASK,"JPM,99350,350"
2019-06-28 14:42:00.000000000,LAST_TRADE,"4,$98327.0000"
2019-06-28 14:42:00.000000000,QUERY_SPREAD,84
2019-06-28 14:42:00.000000000,BEST_BID,"JPM,98327,226"
2019-06-28 14:42:00.000000000,BEST_ASK,"JPM,99350,350"
2019-06-28 14:42:00.000000000,LAST_TRADE,"5,$98327.0000"
2019-06-28 14:42:00.000000000,QUERY_SPREAD,85
2019-06-28 14:42:00.000000000,BEST_BID,"JPM,98327,221"
2019-06-28 14:42:00.000000000,BEST_ASK,"JPM,99350,350"
2019-06-28 14:42:00.000000000,LAST_TRADE,"5,$98327.0000"
2019-06-28 14:42:00.000000000,QUERY_SPREAD,86
2019-06-28 14:42:00.000000000,BEST_BID,"JPM,98327,212"
2019-06-28 14:42:00.000000000,BEST_ASK,"JPM,99350,350"
2019-06-28 14:42:00.000000000,LAST_TRADE,"9,$98327.0000"
2019-06-28 14:42:00.000000000,QUERY_SPREAD,87
2019-06-28 14:42:00.000000000,BEST_BID,"JPM,98327,210"
2019-06-28 14:42:00.000000000,BEST_ASK,"JPM,99350,350"
2019-06-28 14:42:00.000000000,LAST_TRADE,"2,$98327.0000"
2019-06-28 14:42:00.000000000,QUERY_SPREAD,88
2019-06-28 14:42:00.000000000,BEST_BID,"JPM,98327,202"
2019-06-28 14:42:00.000000000,BEST_ASK,"JPM,99350,350"
2019-06-28 14:42:00.000000000,LAST_TRADE,"8,$98327.0000"
2019-06-28 14:42:00.000000000,QUERY_SPREAD,89
2019-06-28 14:42:00.000000000,BEST_BID,"JPM,98327,195"
2019-06-28 14:42:00.000000000,BEST_ASK,"JPM,99350,350"
2019-06-28 14:42:00.000000000,LAST_TRADE,"7,$98327.0000"
2019-06-28 14:42:00.000000000,QUERY_SPREAD,90
2019-06-28 14:42:00.000000000,BEST_BID,"JPM,98327,189"
2019-06-28 14:42:00.000000000,BEST_ASK,"JPM,99350,350"
2019-06-28 14:42:00.000000000,LAST_TRADE,"6,$98327.0000"
2019-06-28 14:42:00.000000000,QUERY_SPREAD,91
2019-06-28 14:42:00.000000000,BEST_BID,"JPM,98327,184"
2019-06-28 14:42:00.000000000,BEST_ASK,"JPM,99350,350"
2019-06-28 14:42:00.000000000,LAST_TRADE,"5,$98327.0000"
2019-06-28 14:42:00.000000000,QUERY_SPREAD,92
2019-06-28 14:42:00.000000000,BEST_BID,"JPM,98327,183"
2019-06-28 14:42:00.000000000,BEST_ASK,"JPM,99350,350"
2019-06-28 14:42:00.000000000,LAST_TRADE,"1,$98327.0000"
2019-06-28 14:42:00.000000000,QUERY_SPREAD,93
2019-06-28 14:42:00.000000000,BEST_BID,"JPM,98327,181"
2019-06-28 14:42:00.000000000,BEST_ASK,"JPM,99350,350"
2019-06-28 14:42:00.000000000,LAST_TRADE,"2,$98327.0000"
2019-06-28 14:42:00.000000000,QUERY_SPREAD,94
2019-06-28 14:42:00.000000000,BEST_BID,"JPM,98327,179"
2019-06-28 14:42:00.000000000,BEST_ASK,"JPM,99350,350"
2019-06-28 14:42:00.000000000,LAST_TRADE,"2,$98327.0000"
2019-06-28 14:42:00.000000000,QUERY_SPREAD,95
2019-06-28 14:42:00.000000000,BEST_BID,"JPM,98327,172"
2019-06-28 14:42:00.000000000,BEST_ASK,"JPM,99350,350"
2019-06-28 14:42:00.000000000,LAST_TRADE,"7,$98327.0000"
2019-06-28 14:42:00.000000000,QUERY_SPREAD,96
2019-06-28 14:42:00.000000000,BEST_BID,"JPM,98327,165"
2019-06-28 14:42:00.000000000,BEST_ASK,"JPM,99350,350"
2019-06-28 14:42:00.000000000,LAST_TRADE,"7,$98327.0000"
2019-06-28 14:42:00.000000000,QUERY_SPREAD,97
2019-06-28 14:42:00.000000000,BEST_BID,"JPM,98327,159"
2019-06-28 14:42:00.000000000,BEST_ASK,"JPM,99350,350"
2019-06-28 14:42:00.000000000,LAST_TRADE,"6,$98327.0000"
2019-06-28 14:42:00.000000000,QUERY_SPREAD,98
2019-06-28 14:42:00.000000000,BEST_BID,"JPM,98327,155"
2019-06-28 14:42:00.000000000,BEST_ASK,"JPM,99350,350"
2019-06-28 14:42:00.000000000,LAST_TRADE,"4,$98327.0000"
2019-06-28 14:42:00.000000000,QUERY_SPREAD,99
2019-06-28 14:42:00.000000000,BEST_BID,"JPM,98327,153"
2019-06-28 14:42:00.000000000,BEST_ASK,"JPM,99350,350"
2019-06-28 14:42:00.000000000,LAST_TRADE,"2,$98327.0000"
2019-06-28 14:42:00.000000000,QUERY_SPREAD,100
2019-06-28 14:42:00.000000000,BEST_BID,"JPM,98327,147"
2019-06-28 14:42:00.000000000,BEST_ASK,"JPM,99350,350"
2019-06-28 14:42:00.000000000,LAST_TRADE,"6,$98327.0000"
2019-06-28 14:42:00.000000000,QUERY_SPREAD,101
2019-06-28 14:42:00.000000000,QUERY_ORDER_STREAM,101
2019-06-28 14:42:00.000000000,BEST_BID,"JPM,98327,155"
2019-06-28 14:42:00.000000000,BEST_ASK,"JPM,99350,350"
2019-06-28 14:42:10.000000000,QUERY_SPREAD,1
2019-06-28 14:42:10.000000000,BEST_BID,"JPM,98327,336"
2019-06-28 14:42:10.000000000,BEST_ASK,"JPM,99350,186"
2019-06-28 14:42:10.000000000,BEST_BID,"JPM,98327,336"
2019-06-28 14:42:10.000000000,BEST_ASK,"JPM,99350,514"
2019-06-28 14:42:13.905474334,QUERY_SPREAD,30
2019-06-28 14:42:13.905474334,BEST_BID,"JPM,98327,336"
2019-06-28 14:42:13.905474334,BEST_ASK,"JPM,98335,100"
2019-06-28 14:42:20.000000000,QUERY_SPREAD,1
2019-06-28 14:42:20.000000000,BEST_BID,"JPM,98327,120"
2019-06-28 14:42:20.000000000,BEST_ASK,"JPM,98335,100"
2019-06-28 14:42:20.000000000,BEST_BID,"JPM,98327,120"
2019-06-28 14:42:20.000000000,BEST_ASK,"JPM,98335,100"
2019-06-28 14:42:20.000000000,BEST_BID,"JPM,98327,120"
2019-06-28 14:42:20.000000000,BEST_ASK,"JPM,98335,212"
2019-06-28 14:42:20.000000000,BEST_BID,"JPM,98327,120"
2019-06-28 14:42:20.000000000,BEST_ASK,"JPM,98335,212"
2019-06-28 14:42:20.000000000,BEST_BID,"JPM,98327,120"
2019-06-28 14:42:20.000000000,BEST_ASK,"JPM,98335,212"
2019-06-28 14:42:30.000000000,QUERY_SPREAD,1
2019-06-28 14:42:30.000000000,BEST_BID,"JPM,98327,172"
2019-06-28 14:42:30.000000000,BEST_ASK,"JPM,98335,100"
2019-06-28 14:42:30.000000000,BEST_BID,"JPM,98327,172"
2019-06-28 14:42:30.000000000,BEST_ASK,"JPM,98335,100"
2019-06-28 14:42:30.000000000,BEST_BID,"JPM,98327,172"
2019-06-28 14:42:30.000000000,BEST_ASK,"JPM,98335,264"
2019-06-28 14:42:30.000000000,BEST_BID,"JPM,98327,172"
2019-06-28 14:42:30.000000000,BEST_ASK,"JPM,98335,264"
2019-06-28 14:42:40.000000000,QUERY_SPREAD,1
2019-06-28 14:42:40.000000000,BEST_BID,"JPM,98327,120"
2019-06-28 14:42:40.000000000,BEST_ASK,"JPM,98335,100"
2019-06-28 14:42:40.000000000,BEST_BID,"JPM,98327,120"
2019-06-28 14:42:40.000000000,BEST_ASK,"JPM,98335,100"
2019-06-28 14:42:40.000000000,BEST_BID,"JPM,98327,120"
2019-06-28 14:42:40.000000000,BEST_ASK,"JPM,98335,212"
2019-06-28 14:42:40.000000000,BEST_BID,"JPM,98327,120"
2019-06-28 14:42:40.000000000,BEST_ASK,"JPM,98335,212"
2019-06-28 14:42:40.000000000,BEST_BID,"JPM,98327,120"
2019-06-28 14:42:40.000000000,BEST_ASK,"JPM,98335,212"
2019-06-28 14:42:50.000000000,QUERY_SPREAD,1
2019-06-28 14:42:50.000000000,BEST_BID,"JPM,98327,172"
2019-06-28 14:42:50.000000000,BEST_ASK,"JPM,98335,100"
2019-06-28 14:42:50.000000000,BEST_BID,"JPM,98327,172"
2019-06-28 14:42:50.000000000,BEST_ASK,"JPM,98335,100"
2019-06-28 14:42:50.000000000,BEST_BID,"JPM,98327,172"
2019-06-28 14:42:50.000000000,BEST_ASK,"JPM,98335,264"
2019-06-28 14:42:50.000000000,BEST_BID,"JPM,98327,172"
2019-06-28 14:42:50.000000000,BEST_ASK,"JPM,98335,264"
2019-06-28 14:42:56.423328710,QUERY_SPREAD,25
2019-06-28 14:42:56.423328710,BEST_BID,"JPM,98327,172"
2019-06-28 14:42:56.423328710,BEST_ASK,"JPM,98335,264"
2019-06-28 14:43:00.000000000,QUERY_SPREAD,1
2019-06-28 14:43:00.000000000,BEST_BID,"JPM,98327,172"
2019-06-28 14:43:00.000000000,BEST_ASK,"JPM,98335,100"
2019-06-28 14:43:00.000000000,BEST_BID,"JPM,98327,172"
2019-06-28 14:43:00.000000000,BEST_ASK,"JPM,98335,100"
2019-06-28 14:43:00.000000000,BEST_BID,"JPM,98327,172"
2019-06-28 14:43:00.000000000,BEST_ASK,"JPM,98335,264"
2019-06-28 14:43:00.000000000,BEST_BID,"JPM,98327,172"
2019-06-28 14:43:00.000000000,BEST_ASK,"JPM,98335,264"
2019-06-28 14:43:00.000000000,QUERY_SPREAD,77
2019-06-28 14:43:00.000000000,BEST_BID,"JPM,98327,168"
2019-06-28 14:43:00.000000000,BEST_ASK,"JPM,98335,264"
2019-06-28 14:43:00.000000000,LAST_TRADE,"4,$98327.0000"
2019-06-28 14:43:00.000000000,QUERY_SPREAD,78
2019-06-28 14:43:00.000000000,BEST_BID,"JPM,98327,160"
2019-06-28 14:43:00.000000000,BEST_ASK,"JPM,98335,264"
2019-06-28 14:43:00.000000000,LAST_TRADE,"8,$98327.0000"
2019-06-28 14:43:00.000000000,QUERY_SPREAD,79
2019-06-28 14:43:00.000000000,BEST_BID,"JPM,98327,159"
2019-06-28 14:43:00.000000000,BEST_ASK,"JPM,98335,264"
2019-06-28 14:43:00.000000000,LAST_TRADE,"1,$98327.0000"
2019-06-28 14:43:00.000000000,QUERY_SPREAD,80
2019-06-28 14:43:00.000000000,BEST_BID,"JPM,98327,154"
2019-06-28 14:43:00.000000000,BEST_ASK,"JPM,98335,264"
2019-06-28 14:43:00.000000000,LAST_TRADE,"5,$98327.0000"
2019-06-28 14:43:00.000000000,QUERY_SPREAD,81
2019-06-28 14:43:00.000000000,BEST_BID,"JPM,98327,149"
2019-06-28 14:43:00.000000000,BEST_ASK,"JPM,98335,264"
2019-06-28 14:43:00.000000000,LAST_TRADE,"5,$98327.0000"
2019-06-28 14:43:00.000000000,QUERY_SPREAD,82
2019-06-28 14:43:00.000000000,BEST_BID,"JPM,98327,143"
2019-06-28 14:43:00.000000000,BEST_ASK,"JPM,98335,264"
2019-06-28 14:43:00.000000000,LAST_TRADE,"6,$98327.0000"
2019-06-28 14:43:00.000000000,QUERY_SPREAD,83
2019-06-28 14:43:00.000000000,BEST_BID,"JPM,98327,139"
2019-06-28 14:43:00.000000000,BEST_ASK,"JPM,98335,264"
2019-06-28 14:43:00.000000000,LAST_TRADE,"4,$98327.0000"
2019-06-28 14:43:00.000000000,QUERY_SPREAD,84
2019-06-28 14:43:00.000000000,BEST_BID,"JPM,98327,134"
2019-06-28 14:43:00.000000000,BEST_ASK,"JPM,98335,264"
2019-06-28 14:43:00.000000000,LAST_TRADE,"5,$98327.0000"
2019-06-28 14:43:00.000000000,QUERY_SPREAD,85
2019-06-28 14:43:00.000000000,BEST_BID,"JPM,98327,129"
2019-06-28 14:43:00.000000000,BEST_ASK,"JPM,98335,264"
2019-06-28 14:43:00.000000000,LAST_TRADE,"5,$98327.0000"
2019-06-28 14:43:00.000000000,QUERY_SPREAD,86
2019-06-28 14:43:00.000000000,BEST_BID,"JPM,98327,120"
2019-06-28 14:43:00.000000000,BEST_ASK,"JPM,98335,264"
2019-06-28 14:43:00.000000000,LAST_TRADE,"9,$98327.0000"
2019-06-28 14:43:00.000000000,QUERY_SPREAD,87
2019-06-28 14:43:00.000000000,BEST_BID,"JPM,98327,118"
2019-06-28 14:43:00.000000000,BEST_ASK,"JPM,98335,264"
2019-06-28 14:43:00.000000000,LAST_TRADE,"2,$98327.0000"
2019-06-28 14:43:00.000000000,QUERY_SPREAD,88
2019-06-28 14:43:00.000000000,BEST_BID,"JPM,98327,110"
2019-06-28 14:43:00.000000000,BEST_ASK,"JPM,98335,264"
2019-06-28 14:43:00.000000000,LAST_TRADE,"8,$98327.0000"
2019-06-28 14:43:00.000000000,QUERY_SPREAD,89
2019-06-28 14:43:00.000000000,BEST_BID,"JPM,98327,103"
2019-06-28 14:43:00.000000000,BEST_ASK,"JPM,98335,264"
2019-06-28 14:43:00.000000000,LAST_TRADE,"7,$98327.0000"
2019-06-28 14:43:00.000000000,QUERY_SPREAD,90
2019-06-28 14:43:00.000000000,BEST_BID,"JPM,98327,97"
2019-06-28 14:43:00.000000000,BEST_ASK,"JPM,98335,264"
2019-06-28 14:43:00.000000000,LAST_TRADE,"6,$98327.0000"
2019-06-28 14:43:00.000000000,QUERY_SPREAD,91
2019-06-28 14:43:00.000000000,BEST_BID,"JPM,98327,92"
2019-06-28 14:43:00.000000000,BEST_ASK,"JPM,98335,264"
2019-06-28 14:43:00.000000000,LAST_TRADE,"5,$98327.0000"
2019-06-28 14:43:00.000000000,QUERY_SPREAD,92
2019-06-28 14:43:00.000000000,BEST_BID,"JPM,98327,91"
2019-06-28 14:43:00.000000000,BEST_ASK,"JPM,98335,264"
2019-06-28 14:43:00.000000000,LAST_TRADE,"1,$98327.0000"
2019-06-28 14:43:00.000000000,QUERY_SPREAD,93
2019-06-28 14:43:00.000000000,BEST_BID,"JPM,98327,89"
2019-06-28 14:43:00.000000000,BEST_ASK,"JPM,98335,264"
2019-06-28 14:43:00.000000000,LAST_TRADE,"2,$98327.0000"
2019-06-28 14:43:00.000000000,QUERY_SPREAD,94
2019-06-28 14:43:00.000000000,BEST_BID,"JPM,98327,87"
2019-06-28 14:43:00.000000000,BEST_ASK,"JPM,98335,264"
2019-06-28 14:43:00.000000000,LAST_TRADE,"2,$98327.0000"
2019-06-28 14:43:00.000000000,QUERY_SPREAD,95
2019-06-28 14:43:00.000000000,BEST_BID,"JPM,98327,80"
2019-06-28 14:43:00.000000000,BEST_ASK,"JPM,98335,264"
2019-06-28 14:43:00.000000000,LAST_TRADE,"7,$98327.0000"
2019-06-28 14:43:00.000000000,QUERY_SPREAD,96
2019-06-28 14:43:00.000000000,BEST_BID,"JPM,98327,73"
2019-06-28 14:43:00.000000000,BEST_ASK,"JPM,98335,264"
2019-06-28 14:43:00.000000000,LAST_TRADE,"7,$98327.0000"
2019-06-28 14:43:00.000000000,QUERY_SPREAD,97
2019-06-28 14:43:00.000000000,BEST_BID,"JPM,98327,67"
2019-06-28 14:43:00.000000000,BEST_ASK,"JPM,98335,264"
2019-06-28 14:43:00.000000000,LAST_TRADE,"6,$98327.0000"
2019-06-28 14:43:00.000000000,QUERY_SPREAD,98
2019-06-28 14:43:00.000000000,BEST_BID,"JPM,98327,63"
2019-06-28 14:43:00.000000000,BEST_ASK,"JPM,98335,264"
2019-06-28 14:43:00.000000000,LAST_TRADE,"4,$98327.0000"
2019-06-28 14:43:00.000000000,QUERY_SPREAD,99
2019-06-28 14:43:00.000000000,BEST_BID,"JPM,98327,61"
2019-06-28 14:43:00.000000000,BEST_ASK,"JPM,98335,264"
2019-06-28 14:43:00.000000000,LAST_TRADE,"2,$98327.0000"
2019-06-28 14:43:00.000000000,QUERY_SPREAD,100
2019-06-28 14:43:00.000000000,BEST_BID,"JPM,98327,55"
2019-06-28 14:43:00.000000000,BEST_ASK,"JPM,98335,264"
2019-06-28 14:43:00.000000000,LAST_TRADE,"6,$98327.0000"
2019-06-28 14:43:00.000000000,QUERY_SPREAD,101
2019-06-28 14:43:00.000000000,QUERY_ORDER_STREAM,101
2019-06-28 14:43:00.000000000,BEST_BID,"JPM,98327,63"
2019-06-28 14:43:00.000000000,BEST_ASK,"JPM,98335,264"
2019-06-28 14:43:04.997699757,QUERY_SPREAD,18
2019-06-28 14:43:04.997699757,BEST_BID,"JPM,98327,63"
2019-06-28 14:43:04.997699757,BEST_ASK,"JPM,98335,264"
2019-06-28 14:43:05.749156295,QUERY_ORDER_STREAM,55
2019-06-28 14:43:05.749156295,QUERY_SPREAD,55
2019-06-28 14:43:05.749156295,BEST_BID,"JPM,98326,164"
2019-06-28 14:43:05.749156295,BEST_ASK,"JPM,98327,37"
2019-06-28 14:43:05.749156295,LAST_TRADE,"63,$98327.0000"
2019-06-28 14:43:07.314098135,QUERY_SPREAD,26
2019-06-28 14:43:07.314098135,BEST_BID,"JPM,98327,63"
2019-06-28 14:43:07.314098135,BEST_ASK,"JPM,98335,264"
2019-06-28 14:43:07.314098135,LAST_TRADE,"37,$98327.0000"
2019-06-28 14:43:10.000000000,QUERY_SPREAD,1
2019-06-28 14:43:10.000000000,BEST_BID,"JPM,98327,391"
2019-06-28 14:43:10.000000000,BEST_ASK,"JPM,98335,100"
2019-06-28 14:43:10.000000000,BEST_BID,"JPM,98327,391"
2019-06-28 14:43:10.000000000,BEST_ASK,"JPM,98335,428"
2019-06-28 14:43:20.000000000,QUERY_SPREAD,1
2019-06-28 14:43:20.000000000,BEST_BID,"JPM,98327,391"
2019-06-28 14:43:20.000000000,BEST_ASK,"JPM,98335,100"
2019-06-28 14:43:20.000000000,BEST_BID,"JPM,98327,391"
2019-06-28 14:43:20.000000000,BEST_ASK,"JPM,98335,428"
2019-06-28 14:43:25.672656305,QUERY_ORDER_STREAM,60
2019-06-28 14:43:25.672656305,QUERY_SPREAD,60
2019-06-28 14:43:25.672656305,BEST_BID,"JPM,98327,491"
2019-06-28 14:43:25.672656305,BEST_ASK,"JPM,98335,428"
2019-06-28 14:43:26.609916328,QUERY_SPREAD,49
2019-06-28 14:43:26.609916328,BEST_BID,"JPM,98327,491"
2019-06-28 14:43:26.609916328,BEST_ASK,"JPM,98335,328"
2019-06-28 14:43:26.609916328,LAST_TRADE,"100,$98335.0000"
2019-06-28 14:43:30.000000000,QUERY_SPREAD,1
2019-06-28 14:43:30.000000000,BEST_BID,"JPM,98327,491"
2019-06-28 14:43:30.000000000,BEST_ASK,"JPM,98372,100"
2019-06-28 14:43:30.000000000,BEST_BID,"JPM,98327,491"
2019-06-28 14:43:30.000000000,BEST_ASK,"JPM,98372,428"
2019-06-28 14:43:40.000000000,QUERY_SPREAD,1
2019-06-28 14:43:40.000000000,BEST_BID,"JPM,98327,229"
2019-06-28 14:43:40.000000000,BEST_ASK,"JPM,98372,100"
2019-06-28 14:43:40.000000000,BEST_BID,"JPM,98327,229"
2019-06-28 14:43:40.000000000,BEST_ASK,"JPM,98372,100"
2019-06-28 14:43:40.000000000,BEST_BID,"JPM,98327,229"
2019-06-28 14:43:40.000000000,BEST_ASK,"JPM,98372,166"
2019-06-28 14:43:40.000000000,BEST_BID,"JPM,98327,229"
2019-06-28 14:43:40.000000000,BEST_ASK,"JPM,98372,166"
2019-06-28 14:43:40.000000000,BEST_BID,"JPM,98327,229"
2019-06-28 14:43:40.000000000,BEST_ASK,"JPM,98372,166"
2019-06-28 14:43:40.000000000,BEST_BID,"JPM,98327,229"
2019-06-28 14:43:40.000000000,BEST_ASK,"JPM,98372,166"
2019-06-28 14:43:40.000000000,BEST_BID,"JPM,98327,229"
2019-06-28 14:43:40.000000000,BEST_ASK,"JPM,98372,166"
2019-06-28 14:43:50.000000000,QUERY_SPREAD,1
2019-06-28 14:43:50.000000000,BEST_BID,"JPM,98327,491"
2019-06-28 14:43:50.000000000,BEST_ASK,"JPM,98372,100"
2019-06-28 14:43:50.000000000,BEST_BID,"JPM,98327,491"
2019-06-28 14:43:50.000000000,BEST_ASK,"JPM,98372,428"
2019-06-28 14:44:00.000000000,QUERY_SPREAD,1
2019-06-28 14:44:00.000000000,BEST_BID,"JPM,98327,327"
2019-06-28 14:44:00.000000000,BEST_ASK,"JPM,98372,100"
2019-06-28 14:44:00.000000000,BEST_BID,"JPM,98327,327"
2019-06-28 14:44:00.000000000,BEST_ASK,"JPM,98372,100"
2019-06-28 14:44:00.000000000,BEST_BID,"JPM,98327,327"
2019-06-28 14:44:00.000000000,BEST_ASK,"JPM,98372,264"
2019-06-28 14:44:00.000000000,BEST_BID,"JPM,98327,327"
2019-06-28 14:44:00.000000000,BEST_ASK,"JPM,98372,264"
2019-06-28 14:44:00.000000000,QUERY_SPREAD,77
2019-06-28 14:44:00.000000000,BEST_BID,"JPM,98327,323"
2019-06-28 14:44:00.000000000,BEST_ASK,"JPM,98372,264"
2019-06-28 14:44:00.000000000,LAST_TRADE,"4,$98327.0000"
2019-06-28 14:44:00.000000000,QUERY_SPREAD,78
2019-06-28 14:44:00.000000000,BEST_BID,"JPM,98327,315"
2019-06-28 14:44:00.000000000,BEST_ASK,"JPM,98372,264"
2019-06-28 14:44:00.000000000,LAST_TRADE,"8,$98327.0000"
2019-06-28 14:44:00.000000000,QUERY_SPREAD,79
2019-06-28 14:44:00.000000000,BEST_BID,"JPM,98327,314"
2019-06-28 14:44:00.000000000,BEST_ASK,"JPM,98372,264"
2019-06-28 14:44:00.000000000,LAST_TRADE,"1,$98327.0000"
2019-06-28 14:44:00.000000000,QUERY_SPREAD,80
2019-06-28 14:44:00.000000000,BEST_BID,"JPM,98327,309"
2019-06-28 14:44:00.000000000,BEST_ASK,"JPM,98372,264"
2019-06-28 14:44:00.000000000,LAST_TRADE,"5,$98327.0000"
2019-06-28 14:44:00.000000000,QUERY_SPREAD,81
2019-06-28 14:44:00.000000000,BEST_BID,"JPM,98327,304"
2019-06-28 14:44:00.000000000,BEST_ASK,"JPM,98372,264"
2019-06-28 14:44:00.000000000,LAST_TRADE,"5,$98327.0000"
2019-06-28 14:44:00.000000000,QUERY_SPREAD,82
2019-06-28 14:44:00.000000000,BEST_BID,"JPM,98327,298"
2019-06-28 14:44:00.000000000,BEST_ASK,"JPM,98372,264"
2019-06-28 14:44:00.000000000,LAST_TRADE,"6,$98327.0000"
2019-06-28 14:44:00.000000000,QUERY_SPREAD,83
2019-06-28 14:44:00.000000000,BEST_BID,"JPM,98327,294"
2019-06-28 14:44:00.000000000,BEST_ASK,"JPM,98372,264"
2019-06-28 14:44:00.000000000,LAST_TRADE,"4,$98327.0000"
2019-06-28 14:44:00.000000000,QUERY_SPREAD,84
2019-06-28 14:44:00.000000000,BEST_BID,"JPM,98327,289"
2019-06-28 14:44:00.000000000,BEST_ASK,"JPM,98372,264"
2019-06-28 14:44:00.000000000,LAST_TRADE,"5,$98327.0000"
2019-06-28 14:44:00.000000000,QUERY_SPREAD,85
2019-06-28 14:44:00.000000000,BEST_BID,"JPM,98327,284"
2019-06-28 14:44:00.000000000,BEST_ASK,"JPM,98372,264"
2019-06-28 14:44:00.000000000,LAST_TRADE,"5,$98327.0000"
2019-06-28 14:44:00.000000000,QUERY_SPREAD,86
2019-06-28 14:44:00.000000000,BEST_BID,"JPM,98327,275"
2019-06-28 14:44:00.000000000,BEST_ASK,"JPM,98372,264"
2019-06-28 14:44:00.000000000,LAST_TRADE,"9,$98327.0000"
2019-06-28 14:44:00.000000000,QUERY_SPREAD,87
2019-06-28 14:44:00.000000000,BEST_BID,"JPM,98327,273"
2019-06-28 14:44:00.000000000,BEST_ASK,"JPM,98372,264"
2019-06-28 14:44:00.000000000,LAST_TRADE,"2,$98327.0000"
2019-06-28 14:44:00.000000000,QUERY_SPREAD,88
2019-06-28 14:44:00.000000000,BEST_BID,"JPM,98327,265"
2019-06-28 14:44:00.000000000,BEST_ASK,"JPM,98372,264"
2019-06-28 14:44:00.000000000,LAST_TRADE,"8,$98327.0000"
2019-06-28 14:44:00.000000000,QUERY_SPREAD,89
2019-06-28 14:44:00.000000000,BEST_BID,"JPM,98327,258"
2019-06-28 14:44:00.000000000,BEST_ASK,"JPM,98372,264"
2019-06-28 14:44:00.000000000,LAST_TRADE,"7,$98327.0000"
2019-06-28 14:44:00.000000000,QUERY_SPREAD,90
2019-06-28 14:44:00.000000000,BEST_BID,"JPM,98327,252"
2019-06-28 14:44:00.000000000,BEST_ASK,"JPM,98372,264"
2019-06-28 14:44:00.000000000,LAST_TRADE,"6,$98327.0000"
2019-06-28 14:44:00.000000000,QUERY_SPREAD,91
2019-06-28 14:44:00.000000000,BEST_BID,"JPM,98327,247"
2019-06-28 14:44:00.000000000,BEST_ASK,"JPM,98372,264"
2019-06-28 14:44:00.000000000,LAST_TRADE,"5,$98327.0000"
2019-06-28 14:44:00.000000000,QUERY_SPREAD,92
2019-06-28 14:44:00.000000000,BEST_BID,"JPM,98327,246"
2019-06-28 14:44:00.000000000,BEST_ASK,"JPM,98372,264"
2019-06-28 14:44:00.000000000,LAST_TRADE,"1,$98327.0000"
2019-06-28 14:44:00.000000000,QUERY_SPREAD,93
2019-06-28 14:44:00.000000000,BEST_BID,"JPM,98327,244"
2019-06-28 14:44:00.000000000,BEST_ASK,"JPM,98372,264"
2019-06-28 14:44:00.000000000,LAST_TRADE,"2,$98327.0000"
2019-06-28 14:44:00.000000000,QUERY_SPREAD,94
2019-06-28 14:44:00.000000000,BEST_BID,"JPM,98327,242"
2019-06-28 14:44:00.000000000,BEST_ASK,"JPM,98372,264"
2019-06-28 14:44:00.000000000,LAST_TRADE,"2,$98327.0000"
2019-06-28 14:44:00.000000000,QUERY_SPREAD,95
2019-06-28 14:44:00.000000000,BEST_BID,"JPM,98327,235"
2019-06-28 14:44:00.000000000,BEST_ASK,"JPM,98372,264"
2019-06-28 14:44:00.000000000,LAST_TRADE,"7,$98327.0000"
2019-06-28 14:44:00.000000000,QUERY_SPREAD,96
2019-06-28 14:44:00.000000000,BEST_BID,"JPM,98327,228"
2019-06-28 14:44:00.000000000,BEST_ASK,"JPM,98372,264"
2019-06-28 14:44:00.000000000,LAST_TRADE,"7,$98327.0000"
2019-06-28 14:44:00.000000000,QUERY_SPREAD,97
2019-06-28 14:44:00.000000000,BEST_BID,"JPM,98327,222"
2019-06-28 14:44:00.000000000,BEST_ASK,"JPM,98372,264"
2019-06-28 14:44:00.000000000,LAST_TRADE,"6,$98327.0000"
2019-06-28 14:44:00.000000000,QUERY_SPREAD,98
2019-06-28 14:44:00.000000000,BEST_BID,"JPM,98327,218"
2019-06-28 14:44:00.000000000,BEST_ASK,"JPM,98372,264"
2019-06-28 14:44:00.000000000,LAST_TRADE,"4,$98327.0000"
2019-06-28 14:44:00.000000000,QUERY_SPREAD,99
2019-06-28 14:44:00.000000000,BEST_BID,"JPM,98327,216"
2019-06-28 14:44:00.000000000,BEST_ASK,"JPM,98372,264"
2019-06-28 14:44:00.000000000,LAST_TRADE,"2,$98327.0000"
2019-06-28 14:44:00.000000000,QUERY_SPREAD,100
2019-06-28 14:44:00.000000000,BEST_BID,"JPM,98327,210"
2019-06-28 14:44:00.000000000,BEST_ASK,"JPM,98372,264"
2019-06-28 14:44:00.000000000,LAST_TRADE,"6,$98327.0000"
2019-06-28 14:44:00.000000000,QUERY_SPREAD,101
2019-06-28 14:44:00.000000000,QUERY_ORDER_STREAM,101
2019-06-28 14:44:00.000000000,BEST_BID,"JPM,98327,218"
2019-06-28 14:44:00.000000000,BEST_ASK,"JPM,98372,264"
2019-06-28 14:44:07.245355410,QUERY_SPREAD,36
2019-06-28 14:44:07.245355410,BEST_BID,"JPM,98327,218"
2019-06-28 14:44:07.245355410,BEST_ASK,"JPM,98372,164"
2019-06-28 14:44:07.245355410,LAST_TRADE,"100,$98372.0000"
2019-06-28 14:44:10.000000000,QUERY_SPREAD,1
2019-06-28 14:44:10.000000000,BEST_BID,"JPM,98327,166"
2019-06-28 14:44:10.000000000,BEST_ASK,"JPM,98495,100"
2019-06-28 14:44:10.000000000,BEST_BID,"JPM,98327,166"
2019-06-28 14:44:10.000000000,BEST_ASK,"JPM,98495,100"
2019-06-28 14:44:10.000000000,BEST_BID,"JPM,98327,166"
2019-06-28 14:44:10.000000000,BEST_ASK,"JPM,98495,212"
2019-06-28 14:44:10.000000000,BEST_BID,"JPM,98327,166"
2019-06-28 14:44:10.000000000,BEST_ASK,"JPM,98495,212"
2019-06-28 14:44:10.000000000,BEST_BID,"JPM,98327,166"
2019-06-28 14:44:10.000000000,BEST_ASK,"JPM,98495,212"
2019-06-28 14:44:10.123250383,QUERY_SPREAD,33
2019-06-28 14:44:10.123250383,BEST_BID,"JPM,98327,166"
2019-06-28 14:44:10.123250383,BEST_ASK,"JPM,98495,112"
2019-06-28 14:44:10.123250383,LAST_TRADE,"100,$98495.0000"
2019-06-28 14:44:15.718080934,QUERY_ORDER_STREAM,68
2019-06-28 14:44:15.718080934,QUERY_SPREAD,68
2019-06-28 14:44:20.000000000,QUERY_SPREAD,1
2019-06-28 14:44:20.000000000,BEST_BID,"JPM,98327,218"
2019-06-28 14:44:20.000000000,BEST_ASK,"JPM,99350,186"
2019-06-28 14:44:20.000000000,BEST_BID,"JPM,98327,218"
2019-06-28 14:44:20.000000000,BEST_ASK,"JPM,99350,186"
2019-06-28 14:44:20.000000000,BEST_BID,"JPM,98327,218"
2019-06-28 14:44:20.000000000,BEST_ASK,"JPM,99350,350"
2019-06-28 14:44:20.000000000,BEST_BID,"JPM,98327,218"
2019-06-28 14:44:20.000000000,BEST_ASK,"JPM,99350,350"
2019-06-28 14:44:23.982048250,QUERY_ORDER_STREAM,72
2019-06-28 14:44:23.982048250,QUERY_SPREAD,72
2019-06-28 14:44:30.000000000,QUERY_SPREAD,1
2019-06-28 14:44:30.000000000,BEST_BID,"JPM,98327,136"
2019-06-28 14:44:30.000000000,BEST_ASK,"JPM,99350,186"
2019-06-28 14:44:30.000000000,BEST_BID,"JPM,98327,136"
2019-06-28 14:44:30.000000000,BEST_ASK,"JPM,99350,186"
2019-06-28 14:44:30.000000000,BEST_BID,"JPM,98327,136"
2019-06-28 14:44:30.000000000,BEST_ASK,"JPM,99350,268"
2019-06-28 14:44:30.000000000,BEST_BID,"JPM,98327,136"
2019-06-28 14:44:30.000000000,BEST_ASK,"JPM,99350,268"
2019-06-28 14:44:30.000000000,BEST_BID,"JPM,98327,136"
2019-06-28 14:44:30.000000000,BEST_ASK,"JPM,99350,268"
2019-06-28 14:44:30.000000000,BEST_BID,"JPM,98327,136"
2019-06-28 14:44:30.000000000,BEST_ASK,"JPM,99350,268"
2019-06-28 14:44:34.060888947,QUERY_SPREAD,18
2019-06-28 14:44:34.060888947,BEST_BID,"JPM,98989,100"
2019-06-28 14:44:34.060888947,BEST_ASK,"JPM,99350,268"
2019-06-28 14:44:40.000000000,QUERY_SPREAD,1
2019-06-28 14:44:40.000000000,BEST_BID,"JPM,98989,212"
2019-06-28 14:44:40.000000000,BEST_ASK,"JPM,99350,186"
2019-06-28 14:44:40.000000000,BEST_BID,"JPM,98989,212"
2019-06-28 14:44:40.000000000,BEST_ASK,"JPM,99350,186"
2019-06-28 14:44:40.000000000,BEST_BID,"JPM,98989,212"
2019-06-28 14:44:40.000000000,BEST_ASK,"JPM,99350,186"
2019-06-28 14:44:40.000000000,BEST_BID,"JPM,98989,212"
2019-06-28 14:44:40.000000000,BEST_ASK,"JPM,99350,298"
2019-06-28 14:44:40.000000000,BEST_BID,"JPM,98989,212"
2019-06-28 14:44:40.000000000,BEST_ASK,"JPM,99350,298"
2019-06-28 14:44:40.000000000,BEST_BID,"JPM,98989,212"
2019-06-28 14:44:40.000000000,BEST_ASK,"JPM,99350,298"
2019-06-28 14:44:50.000000000,QUERY_SPREAD,1
2019-06-28 14:44:50.000000000,BEST_BID,"JPM,98989,212"
2019-06-28 14:44:50.000000000,BEST_ASK,"JPM,99350,186"
2019-06-28 14:44:50.000000000,BEST_BID,"JPM,98989,212"
2019-06-28 14:44:50.000000000,BEST_ASK,"JPM,99350,186"
2019-06-28 14:44:50.000000000,BEST_BID,"JPM,98989,212"
2019-06-28 14:44:50.000000000,BEST_ASK,"JPM,99350,186"
2019-06-28 14:44:50.000000000,BEST_BID,"JPM,98989,212"
2019-06-28 14:44:50.000000000,BEST_ASK,"JPM,99350,298"
2019-06-28 14:44:50.000000000,BEST_BID,"JPM,98989,212"
2019-06-28 14:44:50.000000000,BEST_ASK,"JPM,99350,298"
2019-06-28 14:44:50.000000000,BEST_BID,"JPM,98989,212"
2019-06-28 14:44:50.000000000,BEST_ASK,"JPM,99350,298"
2019-06-28 14:44:50.129155825,QUERY_SPREAD,47
2019-06-28 14:44:50.129155825,BEST_BID,"JPM,98989,212"
2019-06-28 14:44:50.129155825,BEST_ASK,"JPM,99350,298"
2019-06-28 14:44:55.506551583,QUERY_SPREAD,12
2019-06-28 14:44:55.506551583,BEST_BID,"JPM,98989,212"
2019-06-28 14:44:55.506551583,BEST_ASK,"JPM,99350,298"
2019-06-28 14:45:00.000000000,QUERY_SPREAD,1
2019-06-28 14:45:00.000000000,BEST_BID,"JPM,98989,264"
2019-06-28 14:45:00.000000000,BEST_ASK,"JPM,99350,186"
2019-06-28 14:45:00.000000000,BEST_BID,"JPM,98989,264"
2019-06-28 14:45:00.000000000,BEST_ASK,"JPM,99350,186"
2019-06-28 14:45:00.000000000,BEST_BID,"JPM,98989,264"
2019-06-28 14:45:00.000000000,BEST_ASK,"JPM,99350,350"
2019-06-28 14:45:00.000000000,BEST_BID,"JPM,98989,264"
2019-06-28 14:45:00.000000000,BEST_ASK,"JPM,99350,350"
2019-06-28 14:45:00.000000000,QUERY_SPREAD,77
2019-06-28 14:45:00.000000000,BEST_BID,"JPM,98989,260"
2019-06-28 14:45:00.000000000,BEST_ASK,"JPM,99350,350"
2019-06-28 14:45:00.000000000,LAST_TRADE,"4,$98989.0000"
2019-06-28 14:45:00.000000000,QUERY_SPREAD,78
2019-06-28 14:45:00.000000000,BEST_BID,"JPM,98989,252"
2019-06-28 14:45:00.000000000,BEST_ASK,"JPM,99350,350"
2019-06-28 14:45:00.000000000,LAST_TRADE,"8,$98989.0000"
2019-06-28 14:45:00.000000000,QUERY_SPREAD,79
2019-06-28 14:45:00.000000000,BEST_BID,"JPM,98989,251"
2019-06-28 14:45:00.000000000,BEST_ASK,"JPM,99350,350"
2019-06-28 14:45:00.000000000,LAST_TRADE,"1,$98989.0000"
2019-06-28 14:45:00.000000000,QUERY_SPREAD,80
2019-06-28 14:45:00.000000000,BEST_BID,"JPM,98989,246"
2019-06-28 14:45:00.000000000,BEST_ASK,"JPM,99350,350"
2019-06-28 14:45:00.000000000,LAST_TRADE,"5,$98989.0000"
2019-06-28 14:45:00.000000000,QUERY_SPREAD,81
2019-06-28 14:45:00.000000000,BEST_BID,"JPM,98989,241"
2019-06-28 14:45:00.000000000,BEST_ASK,"JPM,99350,350"
2019-06-28 14:45:00.000000000,LAST_TRADE,"5,$98989.0000"
2019-06-28 14:45:00.000000000,QUERY_SPREAD,82
2019-06-28 14:45:00.000000000,BEST_BID,"JPM,98989,235"
2019-06-28 14:45:00.000000000,BEST_ASK,"JPM,99350,350"
2019-06-28 14:45:00.000000000,LAST_TRADE,"6,$98989.0000"
2019-06-28 14:45:00.000000000,QUERY_SPREAD,83
2019-06-28 14:45:00.000000000,BEST_BID,"JPM,98989,231"
2019-06-28 14:45:00.000000000,BEST_ASK,"JPM,99350,350"
2019-06-28 14:45:00.000000000,LAST_TRADE,"4,$98989.0000"
2019-06-28 14:45:00.000000000,QUERY_SPREAD,84
2019-06-28 14:45:00.000000000,BEST_BID,"JPM,98989,226"
2019-06-28 14:45:00.000000000,BEST_ASK,"JPM,99350,350"
2019-06-28 14:45:00.000000000,LAST_TRADE,"5,$98989.0000"
2019-06-28 14:45:00.000000000,QUERY_SPREAD,85
2019-06-28 14:45:00.000000000,BEST_BID,"JPM,98989,221"
2019-06-28 14:45:00.000000000,BEST_ASK,"JPM,99350,350"
2019-06-28 14:45:00.000000000,LAST_TRADE,"5,$98989.0000"
2019-06-28 14:45:00.000000000,QUERY_SPREAD,86
2019-06-28 14:45:00.000000000,BEST_BID,"JPM,98989,212"
2019-06-28 14:45:00.000000000,BEST_ASK,"JPM,99350,350"
2019-06-28 14:45:00.000000000,LAST_TRADE,"9,$98989.0000"
2019-06-28 14:45:00.000000000,QUERY_SPREAD,87
2019-06-28 14:45:00.000000000,BEST_BID,"JPM,98989,210"
2019-06-28 14:45:00.000000000,BEST_ASK,"JPM,99350,350"
2019-06-28 14:45:00.000000000,LAST_TRADE,"2,$98989.0000"
2019-06-28 14:45:00.000000000,QUERY_SPREAD,88
2019-06-28 14:45:00.000000000,BEST_BID,"JPM,98989,202"
2019-06-28 14:45:00.000000000,BEST_ASK,"JPM,99350,350"
2019-06-28 14:45:00.000000000,LAST_TRADE,"8,$98989.0000"
2019-06-28 14:45:00.000000000,QUERY_SPREAD,89
2019-06-28 14:45:00.000000000,BEST_BID,"JPM,98989,195"
2019-06-28 14:45:00.000000000,BEST_ASK,"JPM,99350,350"
2019-06-28 14:45:00.000000000,LAST_TRADE,"7,$98989.0000"
2019-06-28 14:45:00.000000000,QUERY_SPREAD,90
2019-06-28 14:45:00.000000000,BEST_BID,"JPM,98989,189"
2019-06-28 14:45:00.000000000,BEST_ASK,"JPM,99350,350"
2019-06-28 14:45:00.000000000,LAST_TRADE,"6,$98989.0000"
2019-06-28 14:45:00.000000000,QUERY_SPREAD,91
2019-06-28 14:45:00.000000000,BEST_BID,"JPM,98989,184"
2019-06-28 14:45:00.000000000,BEST_ASK,"JPM,99350,350"
2019-06-28 14:45:00.000000000,LAST_TRADE,"5,$98989.0000"
2019-06-28 14:45:00.000000000,QUERY_SPREAD,92
2019-06-28 14:45:00.000000000,BEST_BID,"JPM,98989,183"
2019-06-28 14:45:00.000000000,BEST_ASK,"JPM,99350,350"
2019-06-28 14:45:00.000000000,LAST_TRADE,"1,$98989.0000"
2019-06-28 14:45:00.000000000,QUERY_SPREAD,93
2019-06-28 14:45:00.000000000,BEST_BID,"JPM,98989,181"
2019-06-28 14:45:00.000000000,BEST_ASK,"JPM,99350,350"
2019-06-28 14:45:00.000000000,LAST_TRADE,"2,$98989.0000"
2019-06-28 14:45:00.000000000,QUERY_SPREAD,94
2019-06-28 14:45:00.000000000,BEST_BID,"JPM,98989,179"
2019-06-28 14:45:00.000000000,BEST_ASK,"JPM,99350,350"
2019-06-28 14:45:00.000000000,LAST_TRADE,"2,$98989.0000"
2019-06-28 14:45:00.000000000,QUERY_SPREAD,95
2019-06-28 14:45:00.000000000,BEST_BID,"JPM,98989,172"
2019-06-28 14:45:00.000000000,BEST_ASK,"JPM,99350,350"
2019-06-28 14:45:00.000000000,LAST_TRADE,"7,$98989.0000"
2019-06-28 14:45:00.000000000,QUERY_SPREAD,96
2019-06-28 14:45:00.000000000,BEST_BID,"JPM,98989,165"
2019-06-28 14:45:00.000000000,BEST_ASK,"JPM,99350,350"
2019-06-28 14:45:00.000000000,LAST_TRADE,"7,$98989.0000"
2019-06-28 14:45:00.000000000,QUERY_SPREAD,97
2019-06-28 14:45:00.000000000,BEST_BID,"JPM,98989,159"
2019-06-28 14:45:00.000000000,BEST_ASK,"JPM,99350,350"
2019-06-28 14:45:00.000000000,LAST_TRADE,"6,$98989.0000"
2019-06-28 14:45:00.000000000,QUERY_SPREAD,98
2019-06-28 14:45:00.000000000,BEST_BID,"JPM,98989,155"
2019-06-28 14:45:00.000000000,BEST_ASK,"JPM,99350,350"
2019-06-28 14:45:00.000000000,LAST_TRADE,"4,$98989.0000"
2019-06-28 14:45:00.000000000,QUERY_SPREAD,99
2019-06-28 14:45:00.000000000,BEST_BID,"JPM,98989,153"
2019-06-28 14:45:00.000000000,BEST_ASK,"JPM,99350,350"
2019-06-28 14:45:00.000000000,LAST_TRADE,"2,$98989.0000"
2019-06-28 14:45:00.000000000,QUERY_SPREAD,100
2019-06-28 14:45:00.000000000,BEST_BID,"JPM,98989,147"
2019-06-28 14:45:00.000000000,BEST_ASK,"JPM,99350,350"
2019-06-28 14:45:00.000000000,LAST_TRADE,"6,$98989.0000"
2019-06-28 14:45:00.000000000,QUERY_SPREAD,101
2019-06-28 14:45:00.000000000,QUERY_ORDER_STREAM,101
2019-06-28 14:45:03.138681638,QUERY_SPREAD,38
2019-06-28 14:45:03.138681638,BEST_BID,"JPM,99133,100"
2019-06-28 14:45:03.138681638,BEST_ASK,"JPM,99350,350"
2019-06-28 14:45:10.000000000,QUERY_SPREAD,1
2019-06-28 14:45:10.000000000,BEST_BID,"JPM,99133,212"
2019-06-28 14:45:10.000000000,BEST_ASK,"JPM,99350,186"
2019-06-28 14:45:10.000000000,BEST_BID,"JPM,99133,212"
2019-06-28 14:45:10.000000000,BEST_ASK,"JPM,99350,186"
2019-06-28 14:45:10.000000000,BEST_BID,"JPM,99133,212"
2019-06-28 14:45:10.000000000,BEST_ASK,"JPM,99350,186"
2019-06-28 14:45:10.000000000,BEST_BID,"JPM,99133,212"
2019-06-28 14:45:10.000000000,BEST_ASK,"JPM,99350,298"
2019-06-28 14:45:10.000000000,BEST_BID,"JPM,99133,212"
2019-06-28 14:45:10.000000000,BEST_ASK,"JPM,99350,298"
2019-06-28 14:45:10.000000000,BEST_BID,"JPM,99133,212"
2019-06-28 14:45:10.000000000,BEST_ASK,"JPM,99350,298"
2019-06-28 14:45:20.000000000,QUERY_SPREAD,1
2019-06-28 14:45:20.000000000,BEST_BID,"JPM,99133,428"
2019-06-28 14:45:20.000000000,BEST_ASK,"JPM,99350,186"
2019-06-28 14:45:20.000000000,BEST_BID,"JPM,99133,428"
2019-06-28 14:45:20.000000000,BEST_ASK,"JPM,99350,514"
2019-06-28 14:45:30.000000000,QUERY_SPREAD,1
2019-06-28 14:45:30.000000000,BEST_BID,"JPM,99133,212"
2019-06-28 14:45:30.000000000,BEST_ASK,"JPM,99350,186"
2019-06-28 14:45:30.000000000,BEST_BID,"JPM,99133,212"
2019-06-28 14:45:30.000000000,BEST_ASK,"JPM,99350,186"
2019-06-28 14:45:30.000000000,BEST_BID,"JPM,99133,212"
2019-06-28 14:45:30.000000000,BEST_ASK,"JPM,99350,186"
2019-06-28 14:45:30.000000000,BEST_BID,"JPM,99133,212"
2019-06-28 14:45:30.000000000,BEST_ASK,"JPM,99350,298"
2019-06-28 14:45:30.000000000,BEST_BID,"JPM,99133,212"
2019-06-28 14:45:30.000000000,BEST_ASK,"JPM,99350,298"
2019-06-28 14:45:30.000000000,BEST_BID,"JPM,99133,212"
2019-06-28 14:45:30.000000000,BEST_ASK,"JPM,99350,298"
2019-06-28 14:45:32.286321971,QUERY_ORDER_STREAM,63
2019-06-28 14:45:32.286321971,QUERY_SPREAD,63
2019-06-28 14:45:34.083290965,QUERY_ORDER_STREAM,72
2019-06-28 14:45:34.083290965,QUERY_SPREAD,72
2019-06-28 14:45:39.412060412,QUERY_ORDER_STREAM,65
2019-06-28 14:45:39.412060412,QUERY_SPREAD,65
2019-06-28 14:45:40.000000000,QUERY_SPREAD,1
2019-06-28 14:45:40.000000000,BEST_BID,"JPM,99133,428"
2019-06-28 14:45:40.000000000,BEST_ASK,"JPM,99350,186"
2019-06-28 14:45:40.000000000,BEST_BID,"JPM,99133,428"
2019-06-28 14:45:40.000000000,BEST_ASK,"JPM,99350,514"
2019-06-28 14:45:40.702459819,QUERY_SPREAD,5
2019-06-28 14:45:40.702459819,BEST_BID,"JPM,99133,428"
2019-06-28 14:45:40.702459819,BEST_ASK,"JPM,99350,514"
2019-06-28 14:45:50.000000000,QUERY_SPREAD,1
2019-06-28 14:45:50.000000000,BEST_BID,"JPM,99133,212"
2019-06-28 14:45:50.000000000,BEST_ASK,"JPM,99350,186"
2019-06-28 14:45:50.000000000,BEST_BID,"JPM,99133,212"
2019-06-28 14:45:50.000000000,BEST_ASK,"JPM,99350,186"
2019-06-28 14:45:50.000000000,BEST_BID,"JPM,99133,212"
2019-06-28 14:45:50.000000000,BEST_ASK,"JPM,99350,186"
2019-06-28 14:45:50.000000000,BEST_BID,"JPM,99133,212"
2019-06-28 14:45:50.000000000,BEST_ASK,"JPM,99350,298"
2019-06-28 14:45:50.000000000,BEST_BID,"JPM,99133,212"
2019-06-28 14:45:50.000000000,BEST_ASK,"JPM,99350,298"
2019-06-28 14:45:50.000000000,BEST_BID,"JPM,99133,212"
2019-06-28 14:45:50.000000000,BEST_ASK,"JPM,99350,298"
2019-06-28 14:46:00.000000000,QUERY_SPREAD,1
2019-06-28 14:46:00.000000000,BEST_BID,"JPM,99133,264"
2019-06-28 14:46:00.000000000,BEST_ASK,"JPM,99350,186"
2019-06-28 14:46:00.000000000,BEST_BID,"JPM,99133,264"
2019-06-28 14:46:00.000000000,BEST_ASK,"JPM,99350,186"
2019-06-28 14:46:00.000000000,BEST_BID,"JPM,99133,264"
2019-06-28 14:46:00.000000000,BEST_ASK,"JPM,99350,350"
2019-06-28 14:46:00.000000000,BEST_BID,"JPM,99133,264"
2019-06-28 14:46:00.000000000,BEST_ASK,"JPM,99350,350"
2019-06-28 14:46:00.000000000,QUERY_SPREAD,77
2019-06-28 14:46:00.000000000,BEST_BID,"JPM,99133,260"
2019-06-28 14:46:00.000000000,BEST_ASK,"JPM,99350,350"
2019-06-28 14:46:00.000000000,LAST_TRADE,"4,$99133.0000"
2019-06-28 14:46:00.000000000,QUERY_SPREAD,78
2019-06-28 14:46:00.000000000,BEST_BID,"JPM,99133,252"
2019-06-28 14:46:00.000000000,BEST_ASK,"JPM,99350,350"
2019-06-28 14:46:00.000000000,LAST_TRADE,"8,$99133.0000"
2019-06-28 14:46:00.000000000,QUERY_SPREAD,79
2019-06-28 14:46:00.000000000,BEST_BID,"JPM,99133,251"
2019-06-28 14:46:00.000000000,BEST_ASK,"JPM,99350,350"
2019-06-28 14:46:00.000000000,LAST_TRADE,"1,$99133.0000"
2019-06-28 14:46:00.000000000,QUERY_SPREAD,80
2019-06-28 14:46:00.000000000,BEST_BID,"JPM,99133,246"
2019-06-28 14:46:00.000000000,BEST_ASK,"JPM,99350,350"
2019-06-28 14:46:00.000000000,LAST_TRADE,"5,$99133.0000"
2019-06-28 14:46:00.000000000,QUERY_SPREAD,81
2019-06-28 14:46:00.000000000,BEST_BID,"JPM,99133,241"
2019-06-28 14:46:00.000000000,BEST_ASK,"JPM,99350,350"
2019-06-28 14:46:00.000000000,LAST_TRADE,"5,$99133.0000"
2019-06-28 14:46:00.000000000,QUERY_SPREAD,82
2019-06-28 14:46:00.000000000,BEST_BID,"JPM,99133,235"
2019-06-28 14:46:00.000000000,BEST_ASK,"JPM,99350,350"
2019-06-28 14:46:00.000000000,LAST_TRADE,"6,$99133.0000"
2019-06-28 14:46:00.000000000,QUERY_SPREAD,83
2019-06-28 14:46:00.000000000,BEST_BID,"JPM,99133,231"
2019-06-28 14:46:00.000000000,BEST_ASK,"JPM,99350,350"
2019-06-28 14:46:00.000000000,LAST_TRADE,"4,$99133.0000"
2019-06-28 14:46:00.000000000,QUERY_SPREAD,84
2019-06-28 14:46:00.000000000,BEST_BID,"JPM,99133,226"
2019-06-28 14:46:00.000000000,BEST_ASK,"JPM,99350,350"
2019-06-28 14:46:00.000000000,LAST_TRADE,"5,$99133.0000"
2019-06-28 14:46:00.000000000,QUERY_SPREAD,85
2019-06-28 14:46:00.000000000,BEST_BID,"JPM,99133,221"
2019-06-28 14:46:00.000000000,BEST_ASK,"JPM,99350,350"
2019-06-28 14:46:00.000000000,LAST_TRADE,"5,$99133.0000"
2019-06-28 14:46:00.000000000,QUERY_SPREAD,86
2019-06-28 14:46:00.000000000,BEST_BID,"JPM,99133,212"
2019-06-28 14:46:00.000000000,BEST_ASK,"JPM,99350,350"
2019-06-28 14:46:00.000000000,LAST_TRADE,"9,$99133.0000"
2019-06-28 14:46:00.000000000,QUERY_SPREAD,87
2019-06-28 14:46:00.000000000,BEST_BID,"JPM,99133,210"
2019-06-28 14:46:00.000000000,BEST_ASK,"JPM,99350,350"
2019-06-28 14:46:00.000000000,LAST_TRADE,"2,$99133.0000"
2019-06-28 14:46:00.000000000,QUERY_SPREAD,88
2019-06-28 14:46:00.000000000,BEST_BID,"JPM,99133,202"
2019-06-28 14:46:00.000000000,BEST_ASK,"JPM,99350,350"
2019-06-28 14:46:00.000000000,LAST_TRADE,"8,$99133.0000"
2019-06-28 14:46:00.000000000,QUERY_SPREAD,89
2019-06-28 14:46:00.000000000,BEST_BID,"JPM,99133,195"
2019-06-28 14:46:00.000000000,BEST_ASK,"JPM,99350,350"
2019-06-28 14:46:00.000000000,LAST_TRADE,"7,$99133.0000"
2019-06-28 14:46:00.000000000,QUERY_SPREAD,90
2019-06-28 14:46:00.000000000,BEST_BID,"JPM,99133,189"
2019-06-28 14:46:00.000000000,BEST_ASK,"JPM,99350,350"
2019-06-28 14:46:00.000000000,LAST_TRADE,"6,$99133.0000"
2019-06-28 14:46:00.000000000,QUERY_SPREAD,91
2019-06-28 14:46:00.000000000,BEST_BID,"JPM,99133,184"
2019-06-28 14:46:00.000000000,BEST_ASK,"JPM,99350,350"
2019-06-28 14:46:00.000000000,LAST_TRADE,"5,$99133.0000"
2019-06-28 14:46:00.000000000,QUERY_SPREAD,92
2019-06-28 14:46:00.000000000,BEST_BID,"JPM,99133,183"
2019-06-28 14:46:00.000000000,BEST_ASK,"JPM,99350,350"
2019-06-28 14:46:00.000000000,LAST_TRADE,"1,$99133.0000"
2019-06-28 14:46:00.000000000,QUERY_SPREAD,93
2019-06-28 14:46:00.000000000,BEST_BID,"JPM,99133,181"
2019-06-28 14:46:00.000000000,BEST_ASK,"JPM,99350,350"
2019-06-28 14:46:00.000000000,LAST_TRADE,"2,$99133.0000"
2019-06-28 14:46:00.000000000,QUERY_SPREAD,94
2019-06-28 14:46:00.000000000,BEST_BID,"JPM,99133,179"
2019-06-28 14:46:00.000000000,BEST_ASK,"JPM,99350,350"
2019-06-28 14:46:00.000000000,LAST_TRADE,"2,$99133.0000"
2019-06-28 14:46:00.000000000,QUERY_SPREAD,95
2019-06-28 14:46:00.000000000,BEST_BID,"JPM,99133,172"
2019-06-28 14:46:00.000000000,BEST_ASK,"JPM,99350,350"
2019-06-28 14:46:00.000000000,LAST_TRADE,"7,$99133.0000"
2019-06-28 14:46:00.000000000,QUERY_SPREAD,96
2019-06-28 14:46:00.000000000,BEST_BID,"JPM,99133,165"
2019-06-28 14:46:00.000000000,BEST_ASK,"JPM,99350,350"
2019-06-28 14:46:00.000000000,LAST_TRADE,"7,$99133.0000"
2019-06-28 14:46:00.000000000,QUERY_SPREAD,97
2019-06-28 14:46:00.000000000,BEST_BID,"JPM,99133,159"
2019-06-28 14:46:00.000000000,BEST_ASK,"JPM,99350,350"
2019-06-28 14:46:00.000000000,LAST_TRADE,"6,$99133.0000"
2019-06-28 14:46:00.000000000,QUERY_SPREAD,98
2019-06-28 14:46:00.000000000,BEST_BID,"JPM,99133,155"
2019-06-28 14:46:00.000000000,BEST_ASK,"JPM,99350,350"
2019-06-28 14:46:00.000000000,LAST_TRADE,"4,$99133.0000"
2019-06-28 14:46:00.000000000,QUERY_SPREAD,99
2019-06-28 14:46:00.000000000,BEST_BID,"JPM,99133,153"
2019-06-28 14:46:00.000000000,BEST_ASK,"JPM,99350,350"
2019-06-28 14:46:00.000000000,LAST_TRADE,"2,$99133.0000"
2019-06-28 14:46:00.000000000,QUERY_SPREAD,100
2019-06-28 14:46:00.000000000,BEST_BID,"JPM,99133,147"
2019-06-28 14:46:00.000000000,BEST_ASK,"JPM,99350,350"
2019-06-28 14:46:00.000000000,LAST_TRADE,"6,$99133.0000"
2019-06-28 14:46:00.000000000,QUERY_SPREAD,101
2019-06-28 14:46:00.000000000,QUERY_ORDER_STREAM,101
2019-06-28 14:46:10.000000000,QUERY_SPREAD,1
2019-06-28 14:46:10.000000000,BEST_BID,"JPM,98886,212"
2019-06-28 14:46:10.000000000,BEST_ASK,"JPM,99350,186"
2019-06-28 14:46:10.000000000,BEST_BID,"JPM,98886,212"
2019-06-28 14:46:10.000000000,BEST_ASK,"JPM,99350,186"
2019-06-28 14:46:10.000000000,BEST_BID,"JPM,98886,212"
2019-06-28 14:46:10.000000000,BEST_ASK,"JPM,99350,186"
2019-06-28 14:46:10.000000000,BEST_BID,"JPM,98886,212"
2019-06-28 14:46:10.000000000,BEST_ASK,"JPM,99350,298"
2019-06-28 14:46:10.000000000,BEST_BID,"JPM,98886,212"
2019-06-28 14:46:10.000000000,BEST_ASK,"JPM,99350,298"
2019-06-28 14:46:10.000000000,BEST_BID,"JPM,98886,212"
2019-06-28 14:46:10.000000000,BEST_ASK,"JPM,99350,298"
2019-06-28 14:46:20.000000000,QUERY_SPREAD,1
2019-06-28 14:46:20.000000000,BEST_BID,"JPM,98886,182"
2019-06-28 14:46:20.000000000,BEST_ASK,"JPM,99350,186"
2019-06-28 14:46:20.000000000,BEST_BID,"JPM,98886,182"
2019-06-28 14:46:20.000000000,BEST_ASK,"JPM,99350,186"
2019-06-28 14:46:20.000000000,BEST_BID,"JPM,98886,182"
2019-06-28 14:46:20.000000000,BEST_ASK,"JPM,99350,186"
2019-06-28 14:46:20.000000000,BEST_BID,"JPM,98886,182"
2019-06-28 14:46:20.000000000,BEST_ASK,"JPM,99350,186"
2019-06-28 14:46:20.000000000,BEST_BID,"JPM,98886,182"
2019-06-28 14:46:20.000000000,BEST_ASK,"JPM,99350,268"
2019-06-28 14:46:20.000000000,BEST_BID,"JPM,98886,182"
2019-06-28 14:46:20.000000000,BEST_ASK,"JPM,99350,268"
2019-06-28 14:46:20.000000000,BEST_BID,"JPM,98886,182"
2019-06-28 14:46:20.000000000,BEST_ASK,"JPM,99350,268"
2019-06-28 14:46:20.000000000,BEST_BID,"JPM,98886,182"
2019-06-28 14:46:20.000000000,BEST_ASK,"JPM,99350,268"
2019-06-28 14:46:30.000000000,QUERY_SPREAD,1
2019-06-28 14:46:30.000000000,BEST_BID,"JPM,98886,166"
2019-06-28 14:46:30.000000000,BEST_ASK,"JPM,99350,186"
2019-06-28 14:46:30.000000000,BEST_BID,"JPM,98886,166"
2019-06-28 14:46:30.000000000,BEST_ASK,"JPM,99350,186"
2019-06-28 14:46:30.000000000,BEST_BID,"JPM,98886,166"
2019-06-28 14:46:30.000000000,BEST_ASK,"JPM,99350,186"
2019-06-28 14:46:30.000000000,BEST_BID,"JPM,98886,166"
2019-06-28 14:46:30.000000000,BEST_ASK,"JPM,99350,186"
2019-06-28 14:46:30.000000000,BEST_BID,"JPM,98886,166"
2019-06-28 14:46:30.000000000,BEST_ASK,"JPM,99350,252"
2019-06-28 14:46:30.000000000,BEST_BID,"JPM,98886,166"
2019-06-28 14:46:30.000000000,BEST_ASK,"JPM,99350,252"
2019-06-28 14:46:30.000000000,BEST_BID,"JPM,98886,166"
2019-06-28 14:46:30.000000000,BEST_ASK,"JPM,99350,252"
2019-06-28 14:46:30.000000000,BEST_BID,"JPM,98886,166"
2019-06-28 14:46:30.000000000,BEST_ASK,"JPM,99350,252"
2019-06-28 14:46:30.000000000,BEST_BID,"JPM,98886,166"
2019-06-28 14:46:30.000000000,BEST_ASK,"JPM,99350,252"
2019-06-28 14:46:35.226511804,QUERY_SPREAD,34
2019-06-28 14:46:35.226511804,BEST_BID,"JPM,98886,166"
2019-06-28 14:46:35.226511804,BEST_ASK,"JPM,99350,152"
2019-06-28 14:46:35.226511804,LAST_TRADE,"100,$99350.0000"
2019-06-28 14:46:37.294503711,QUERY_SPREAD,5
2019-06-28 14:46:37.294503711,BEST_BID,"JPM,98886,166"
2019-06-28 14:46:37.294503711,BEST_ASK,"JPM,99350,152"
2019-06-28 14:46:40.000000000,QUERY_SPREAD,1
2019-06-28 14:46:40.000000000,BEST_BID,"JPM,98886,264"
2019-06-28 14:46:40.000000000,BEST_ASK,"JPM,99350,86"
2019-06-28 14:46:40.000000000,BEST_BID,"JPM,98886,264"
2019-06-28 14:46:40.000000000,BEST_ASK,"JPM,99350,86"
2019-06-28 14:46:40.000000000,BEST_BID,"JPM,98886,264"
2019-06-28 14:46:40.000000000,BEST_ASK,"JPM,99350,250"
2019-06-28 14:46:40.000000000,BEST_BID,"JPM,98886,264"
2019-06-28 14:46:40.000000000,BEST_ASK,"JPM,99350,250"
2019-06-28 14:46:46.221481445,QUERY_SPREAD,32
2019-06-28 14:46:46.221481445,BEST_BID,"JPM,98886,264"
2019-06-28 14:46:46.221481445,BEST_ASK,"JPM,99350,150"
2019-06-28 14:46:46.221481445,LAST_TRADE,"100,$99350.0000"
2019-06-28 14:46:50.000000000,QUERY_SPREAD,1
2019-06-28 14:46:50.000000000,BEST_BID,"JPM,98886,166"
2019-06-28 14:46:50.000000000,BEST_ASK,"JPM,99664,100"
2019-06-28 14:46:50.000000000,BEST_BID,"JPM,98886,166"
2019-06-28 14:46:50.000000000,BEST_ASK,"JPM,99664,100"
2019-06-28 14:46:50.000000000,BEST_BID,"JPM,98886,166"
2019-06-28 14:46:50.000000000,BEST_ASK,"JPM,99664,100"
2019-06-28 14:46:50.000000000,BEST_BID,"JPM,98886,166"
2019-06-28 14:46:50.000000000,BEST_ASK,"JPM,99664,100"
2019-06-28 14:46:50.000000000,BEST_BID,"JPM,98886,166"
2019-06-28 14:46:50.000000000,BEST_ASK,"JPM,99664,166"
2019-06-28 14:46:50.000000000,BEST_BID,"JPM,98886,166"
2019-06-28 14:46:50.000000000,BEST_ASK,"JPM,99664,166"
2019-06-28 14:46:50.000000000,BEST_BID,"JPM,98886,166"
2019-06-28 14:46:50.000000000,BEST_ASK,"JPM,99664,166"
2019-06-28 14:46:50.000000000,BEST_BID,"JPM,98886,166"
2019-06-28 14:46:50.000000000,BEST_ASK,"JPM,99664,166"
2019-06-28 14:46:50.000000000,BEST_BID,"JPM,98886,166"
2019-06-28 14:46:50.000000000,BEST_ASK,"JPM,99664,166"
2019-06-28 14:47:00.000000000,QUERY_SPREAD,1
2019-06-28 14:47:00.000000000,BEST_BID,"JPM,98886,212"
2019-06-28 14:47:00.000000000,BEST_ASK,"JPM,99664,100"
2019-06-28 14:47:00.000000000,BEST_BID,"JPM,98886,212"
2019-06-28 14:47:00.000000000,BEST_ASK,"JPM,99664,100"
2019-06-28 14:47:00.000000000,BEST_BID,"JPM,98886,212"
2019-06-28 14:47:00.000000000,BEST_ASK,"JPM,99664,100"
2019-06-28 14:47:00.000000000,BEST_BID,"JPM,98886,212"
2019-06-28 14:47:00.000000000,BEST_ASK,"JPM,99664,212"
2019-06-28 14:47:00.000000000,BEST_BID,"JPM,98886,212"
2019-06-28 14:47:00.000000000,BEST_ASK,"JPM,99664,212"
2019-06-28 14:47:00.000000000,BEST_BID,"JPM,98886,212"
2019-06-28 14:47:00.000000000,BEST_ASK,"JPM,99664,212"
2019-06-28 14:47:00.000000000,QUERY_SPREAD,77
2019-06-28 14:47:00.000000000,BEST_BID,"JPM,98886,208"
2019-06-28 14:47:00.000000000,BEST_ASK,"JPM,99664,212"
2019-06-28 14:47:00.000000000,LAST_TRADE,"4,$98886.0000"
2019-06-28 14:47:00.000000000,QUERY_SPREAD,78
2019-06-28 14:47:00.000000000,BEST_BID,"JPM,98886,200"
2019-06-28 14:47:00.000000000,BEST_ASK,"JPM,99664,212"
2019-06-28 14:47:00.000000000,LAST_TRADE,"8,$98886.0000"
2019-06-28 14:47:00.000000000,QUERY_SPREAD,79
2019-06-28 14:47:00.000000000,BEST_BID,"JPM,98886,199"
2019-06-28 14:47:00.000000000,BEST_ASK,"JPM,99664,212"
2019-06-28 14:47:00.000000000,LAST_TRADE,"1,$98886.0000"
2019-06-28 14:47:00.000000000,QUERY_SPREAD,80
2019-06-28 14:47:00.000000000,BEST_BID,"JPM,98886,194"
2019-06-28 14:47:00.000000000,BEST_ASK,"JPM,99664,212"
2019-06-28 14:47:00.000000000,LAST_TRADE,"5,$98886.0000"
2019-06-28 14:47:00.000000000,QUERY_SPREAD,81
2019-06-28 14:47:00.000000000,BEST_BID,"JPM,98886,189"
2019-06-28 14:47:00.000000000,BEST_ASK,"JPM,99664,212"
2019-06-28 14:47:00.000000000,LAST_TRADE,"5,$98886.0000"
2019-06-28 14:47:00.000000000,QUERY_SPREAD,82
2019-06-28 14:47:00.000000000,BEST_BID,"JPM,98886,183"
2019-06-28 14:47:00.000000000,BEST_ASK,"JPM,99664,212"
2019-06-28 14:47:00.000000000,LAST_TRADE,"6,$98886.0000"
2019-06-28 14:47:00.000000000,QUERY_SPREAD,83
2019-06-28 14:47:00.000000000,BEST_BID,"JPM,98886,179"
2019-06-28 14:47:00.000000000,BEST_ASK,"JPM,99664,212"
2019-06-28 14:47:00.000000000,LAST_TRADE,"4,$98886.0000"
2019-06-28 14:47:00.000000000,QUERY_SPREAD,84
2019-06-28 14:47:00.000000000,BEST_BID,"JPM,98886,174"
2019-06-28 14:47:00.000000000,BEST_ASK,"JPM,99664,212"
2019-06-28 14:47:00.000000000,LAST_TRADE,"5,$98886.0000"
2019-06-28 14:47:00.000000000,QUERY_SPREAD,85
2019-06-28 14:47:00.000000000,BEST_BID,"JPM,98886,169"
2019-06-28 14:47:00.000000000,BEST_ASK,"JPM,99664,212"
2019-06-28 14:47:00.000000000,LAST_TRADE,"5,$98886.0000"
2019-06-28 14:47:00.000000000,QUERY_SPREAD,86
2019-06-28 14:47:00.000000000,BEST_BID,"JPM,98886,160"
2019-06-28 14:47:00.000000000,BEST_ASK,"JPM,99664,212"
2019-06-28 14:47:00.000000000,LAST_TRADE,"9,$98886.0000"
2019-06-28 14:47:00.000000000,QUERY_SPREAD,87
2019-06-28 14:47:00.000000000,BEST_BID,"JPM,98886,158"
2019-06-28 14:47:00.000000000,BEST_ASK,"JPM,99664,212"
2019-06-28 14:47:00.000000000,LAST_TRADE,"2,$98886.0000"
2019-06-28 14:47:00.000000000,QUERY_SPREAD,88
2019-06-28 14:47:00.000000000,BEST_BID,"JPM,98886,150"
2019-06-28 14:47:00.000000000,BEST_ASK,"JPM,99664,212"
2019-06-28 14:47:00.000000000,LAST_TRADE,"8,$98886.0000"
2019-06-28 14:47:00.000000000,QUERY_SPREAD,89
2019-06-28 14:47:00.000000000,BEST_BID,"JPM,98886,143"
2019-06-28 14:47:00.000000000,BEST_ASK,"JPM,99664,212"
2019-06-28 14:47:00.000000000,LAST_TRADE,"7,$98886.0000"
2019-06-28 14:47:00.000000000,QUERY_SPREAD,90
2019-06-28 14:47:00.000000000,BEST_BID,"JPM,98886,137"
2019-06-28 14:47:00.000000000,BEST_ASK,"JPM,99664,212"
2019-06-28 14:47:00.000000000,LAST_TRADE,"6,$98886.0000"
2019-06-28 14:47:00.000000000,QUERY_SPREAD,91
2019-06-28 14:47:00.000000000,BEST_BID,"JPM,98886,132"
2019-06-28 14:47:00.000000000,BEST_ASK,"JPM,99664,212"
2019-06-28 14:47:00.000000000,LAST_TRADE,"5,$98886.0000"
2019-06-28 14:47:00.000000000,QUERY_SPREAD,92
2019-06-28 14:47:00.000000000,BEST_BID,"JPM,98886,131"
2019-06-28 14:47:00.000000000,BEST_ASK,"JPM,99664,212"
2019-06-28 14:47:00.000000000,LAST_TRADE,"1,$98886.0000"
2019-06-28 14:47:00.000000000,QUERY_SPREAD,93
2019-06-28 14:47:00.000000000,BEST_BID,"JPM,98886,129"
2019-06-28 14:47:00.000000000,BEST_ASK,"JPM,99664,212"
2019-06-28 14:47:00.000000000,LAST_TRADE,"2,$98886.0000"
2019-06-28 14:47:00.000000000,QUERY_SPREAD,94
2019-06-28 14:47:00.000000000,BEST_BID,"JPM,98886,127"
2019-06-28 14:47:00.000000000,BEST_ASK,"JPM,99664,212"
2019-06-28 14:47:00.000000000,LAST_TRADE,"2,$98886.0000"
2019-06-28 14:47:00.000000000,QUERY_SPREAD,95
2019-06-28 14:47:00.000000000,BEST_BID,"JPM,98886,120"
2019-06-28 14:47:00.000000000,BEST_ASK,"JPM,99664,212"
2019-06-28 14:47:00.000000000,LAST_TRADE,"7,$98886.0000"
2019-06-28 14:47:00.000000000,QUERY_SPREAD,96
2019-06-28 14:47:00.000000000,BEST_BID,"JPM,98886,113"
2019-06-28 14:47:00.000000000,BEST_ASK,"JPM,99664,212"
2019-06-28 14:47:00.000000000,LAST_TRADE,"7,$98886.0000"
2019-06-28 14:47:00.000000000,QUERY_SPREAD,97
2019-06-28 14:47:00.000000000,BEST_BID,"JPM,98886,107"
2019-06-28 14:47:00.000000000,BEST_ASK,"JPM,99664,212"
2019-06-28 14:47:00.000000000,LAST_TRADE,"6,$98886.0000"
2019-06-28 14:47:00.000000000,QUERY_SPREAD,98
2019-06-28 14:47:00.000000000,BEST_BID,"JPM,98886,103"
2019-06-28 14:47:00.000000000,BEST_ASK,"JPM,99664,212"
2019-06-28 14:47:00.000000000,LAST_TRADE,"4,$98886.0000"
2019-06-28 14:47:00.000000000,QUERY_SPREAD,99
2019-06-28 14:47:00.000000000,BEST_BID,"JPM,98886,101"
2019-06-28 14:47:00.000000000,BEST_ASK,"JPM,99664,212"
2019-06-28 14:47:00.000000000,LAST_TRADE,"2,$98886.0000"
2019-06-28 14:47:00.000000000,QUERY_SPREAD,100
2019-06-28 14:47:00.000000000,BEST_BID,"JPM,98886,95"
2019-06-28 14:47:00.000000000,BEST_ASK,"JPM,99664,212"
2019-06-28 14:47:00.000000000,LAST_TRADE,"6,$98886.0000"
2019-06-28 14:47:00.000000000,QUERY_SPREAD,101
2019-06-28 14:47:00.000000000,QUERY_ORDER_STREAM,101
2019-06-28 14:47:04.159725687,QUERY_SPREAD,10
2019-06-28 14:47:04.159725687,BEST_BID,"JPM,98886,95"
2019-06-28 14:47:04.159725687,BEST_ASK,"JPM,99597,100"
2019-06-28 14:47:10.000000000,QUERY_SPREAD,1
2019-06-28 14:47:10.000000000,BEST_BID,"JPM,98885,166"
2019-06-28 14:47:10.000000000,BEST_ASK,"JPM,99597,100"
2019-06-28 14:47:10.000000000,BEST_BID,"JPM,98885,166"
2019-06-28 14:47:10.000000000,BEST_ASK,"JPM,99597,100"
2019-06-28 14:47:10.000000000,BEST_BID,"JPM,98885,166"
2019-06-28 14:47:10.000000000,BEST_ASK,"JPM,99597,100"
2019-06-28 14:47:10.000000000,BEST_BID,"JPM,98885,166"
2019-06-28 14:47:10.000000000,BEST_ASK,"JPM,99597,166"
2019-06-28 14:47:10.000000000,BEST_BID,"JPM,98885,166"
2019-06-28 14:47:10.000000000,BEST_ASK,"JPM,99597,166"
2019-06-28 14:47:10.000000000,BEST_BID,"JPM,98885,166"
2019-06-28 14:47:10.000000000,BEST_ASK,"JPM,99597,166"
2019-06-28 14:47:10.000000000,BEST_BID,"JPM,98885,166"
2019-06-28 14:47:10.000000000,BEST_ASK,"JPM,99597,166"
2019-06-28 14:47:10.000000000,BEST_BID,"JPM,98885,166"
2019-06-28 14:47:10.000000000,BEST_ASK,"JPM,99597,166"
2019-06-28 14:47:11.285638021,QUERY_ORDER_STREAM,56
2019-06-28 14:47:11.285638021,QUERY_SPREAD,56
2019-06-28 14:47:14.672885326,QUERY_SPREAD,16
2019-06-28 14:47:14.672885326,BEST_BID,"JPM,98885,166"
2019-06-28 14:47:14.672885326,BEST_ASK,"JPM,99577,100"
2019-06-28 14:47:15.240054945,QUERY_ORDER_STREAM,74
2019-06-28 14:47:15.240054945,QUERY_SPREAD,74
2019-06-28 14:47:15.240054945,BEST_BID,"JPM,98886,100"
2019-06-28 14:47:15.240054945,BEST_ASK,"JPM,99577,100"
2019-06-28 14:47:20.000000000,QUERY_SPREAD,1
2019-06-28 14:47:20.000000000,BEST_BID,"JPM,98886,212"
2019-06-28 14:47:20.000000000,BEST_ASK,"JPM,99577,100"
2019-06-28 14:47:20.000000000,BEST_BID,"JPM,98886,212"
2019-06-28 14:47:20.000000000,BEST_ASK,"JPM,99577,100"
2019-06-28 14:47:20.000000000,BEST_BID,"JPM,98886,212"
2019-06-28 14:47:20.000000000,BEST_ASK,"JPM,99577,100"
2019-06-28 14:47:20.000000000,BEST_BID,"JPM,98886,212"
2019-06-28 14:47:20.000000000,BEST_ASK,"JPM,99577,212"
2019-06-28 14:47:20.000000000,BEST_BID,"JPM,98886,212"
2019-06-28 14:47:20.000000000,BEST_ASK,"JPM,99577,212"
2019-06-28 14:47:20.000000000,BEST_BID,"JPM,98886,212"
2019-06-28 14:47:20.000000000,BEST_ASK,"JPM,99577,212"
2019-06-28 14:47:30.000000000,QUERY_SPREAD,1
2019-06-28 14:47:30.000000000,BEST_BID,"JPM,98886,166"
2019-06-28 14:47:30.000000000,BEST_ASK,"JPM,99577,100"
2019-06-28 14:47:30.000000000,BEST_BID,"JPM,98886,166"
2019-06-28 14:47:30.000000000,BEST_ASK,"JPM,99577,100"
2019-06-28 14:47:30.000000000,BEST_BID,"JPM,98886,166"
2019-06-28 14:47:30.000000000,BEST_ASK,"JPM,99577,100"
2019-06-28 14:47:30.000000000,BEST_BID,"JPM,98886,166"
2019-06-28 14:47:30.000000000,BEST_ASK,"JPM,99577,100"
2019-06-28 14:47:30.000000000,BEST_BID,"JPM,98886,166"
2019-06-28 14:47:30.000000000,BEST_ASK,"JPM,99577,166"
2019-06-28 14:47:30.000000000,BEST_BID,"JPM,98886,166"
2019-06-28 14:47:30.000000000,BEST_ASK,"JPM,99577,166"
2019-06-28 14:47:30.000000000,BEST_BID,"JPM,98886,166"
2019-06-28 14:47:30.000000000,BEST_ASK,"JPM,99577,166"
2019-06-28 14:47:30.000000000,BEST_BID,"JPM,98886,166"
2019-06-28 14:47:30.000000000,BEST_ASK,"JPM,99577,166"
2019-06-28 14:47:30.000000000,BEST_BID,"JPM,98886,166"
2019-06-28 14:47:30.000000000,BEST_ASK,"JPM,99577,166"
2019-06-28 14:47:40.000000000,QUERY_SPREAD,1
2019-06-28 14:47:40.000000000,BEST_BID,"JPM,98886,182"
2019-06-28 14:47:40.000000000,BEST_ASK,"JPM,99577,100"
2019-06-28 14:47:40.000000000,BEST_BID,"JPM,98886,182"
2019-06-28 14:47:40.000000000,BEST_ASK,"JPM,99577,100"
2019-06-28 14:47:40.000000000,BEST_BID,"JPM,98886,182"
2019-06-28 14:47:40.000000000,BEST_ASK,"JPM,99577,100"
2019-06-28 14:47:40.000000000,BEST_BID,"JPM,98886,182"
2019-06-28 14:47:40.000000000,BEST_ASK,"JPM,99577,100"
2019-06-28 14:47:40.000000000,BEST_BID,"JPM,98886,182"
2019-06-28 14:47:40.000000000,BEST_ASK,"JPM,99577,182"
2019-06-28 14:47:40.000000000,BEST_BID,"JPM,98886,182"
2019-06-28 14:47:40.000000000,BEST_ASK,"JPM,99577,182"
2019-06-28 14:47:40.000000000,BEST_BID,"JPM,98886,182"
2019-06-28 14:47:40.000000000,BEST_ASK,"JPM,99577,182"
2019-06-28 14:47:40.000000000,BEST_BID,"JPM,98886,182"
2019-06-28 14:47:40.000000000,BEST_ASK,"JPM,99577,182"
2019-06-28 14:47:50.000000000,QUERY_SPREAD,1
2019-06-28 14:47:50.000000000,BEST_BID,"JPM,98886,428"
2019-06-28 14:47:50.000000000,BEST_ASK,"JPM,99577,100"
2019-06-28 14:47:50.000000000,BEST_BID,"JPM,98886,428"
2019-06-28 14:47:50.000000000,BEST_ASK,"JPM,99577,428"
2019-06-28 14:48:00.000000000,QUERY_SPREAD,1
2019-06-28 14:48:00.000000000,BEST_BID,"JPM,98886,182"
2019-06-28 14:48:00.000000000,BEST_ASK,"JPM,99577,100"
2019-06-28 14:48:00.000000000,BEST_BID,"JPM,98886,182"
2019-06-28 14:48:00.000000000,BEST_ASK,"JPM,99577,100"
2019-06-28 14:48:00.000000000,BEST_BID,"JPM,98886,182"
2019-06-28 14:48:00.000000000,BEST_ASK,"JPM,99577,100"
2019-06-28 14:48:00.000000000,BEST_BID,"JPM,98886,182"
2019-06-28 14:48:00.000000000,BEST_ASK,"JPM,99577,100"
2019-06-28 14:48:00.000000000,BEST_BID,"JPM,98886,182"
2019-06-28 14:48:00.000000000,BEST_ASK,"JPM,99577,182"
2019-06-28 14:48:00.000000000,BEST_BID,"JPM,98886,182"
2019-06-28 14:48:00.000000000,BEST_ASK,"JPM,99577,182"
2019-06-28 14:48:00.000000000,BEST_BID,"JPM,98886,182"
2019-06-28 14:48:00.000000000,BEST_ASK,"JPM,99577,182"
2019-06-28 14:48:00.000000000,BEST_BID,"JPM,98886,182"
2019-06-28 14:48:00.000000000,BEST_ASK,"JPM,99577,182"
2019-06-28 14:48:00.000000000,QUERY_SPREAD,77
2019-06-28 14:48:00.000000000,BEST_BID,"JPM,98886,178"
2019-06-28 14:48:00.000000000,BEST_ASK,"JPM,99577,182"
2019-06-28 14:48:00.000000000,LAST_TRADE,"4,$98886.0000"
2019-06-28 14:48:00.000000000,QUERY_SPREAD,78
2019-06-28 14:48:00.000000000,BEST_BID,"JPM,98886,170"
2019-06-28 14:48:00.000000000,BEST_ASK,"JPM,99577,182"
2019-06-28 14:48:00.000000000,LAST_TRADE,"8,$98886.0000"
2019-06-28 14:48:00.000000000,QUERY_SPREAD,79
2019-06-28 14:48:00.000000000,BEST_BID,"JPM,98886,169"
2019-06-28 14:48:00.000000000,BEST_ASK,"JPM,99577,182"
2019-06-28 14:48:00.000000000,LAST_TRADE,"1,$98886.0000"
2019-06-28 14:48:00.000000000,QUERY_SPREAD,80
2019-06-28 14:48:00.000000000,BEST_BID,"JPM,98886,164"
2019-06-28 14:48:00.000000000,BEST_ASK,"JPM,99577,182"
2019-06-28 14:48:00.000000000,LAST_TRADE,"5,$98886.0000"
2019-06-28 14:48:00.000000000,QUERY_SPREAD,81
2019-06-28 14:48:00.000000000,BEST_BID,"JPM,98886,159"
2019-06-28 14:48:00.000000000,BEST_ASK,"JPM,99577,182"
2019-06-28 14:48:00.000000000,LAST_TRADE,"5,$98886.0000"
2019-06-28 14:48:00.000000000,QUERY_SPREAD,82
2019-06-28 14:48:00.000000000,BEST_BID,"JPM,98886,153"
2019-06-28 14:48:00.000000000,BEST_ASK,"JPM,99577,182"
2019-06-28 14:48:00.000000000,LAST_TRADE,"6,$98886.0000"
2019-06-28 14:48:00.000000000,QUERY_SPREAD,83
2019-06-28 14:48:00.000000000,BEST_BID,"JPM,98886,149"
2019-06-28 14:48:00.000000000,BEST_ASK,"JPM,99577,182"
2019-06-28 14:48:00.000000000,LAST_TRADE,"4,$98886.0000"
2019-06-28 14:48:00.000000000,QUERY_SPREAD,84
2019-06-28 14:48:00.000000000,BEST_BID,"JPM,98886,144"
2019-06-28 14:48:00.000000000,BEST_ASK,"JPM,99577,182"
2019-06-28 14:48:00.000000000,LAST_TRADE,"5,$98886.0000"
2019-06-28 14:48:00.000000000,QUERY_SPREAD,85
2019-06-28 14:48:00.000000000,BEST_BID,"JPM,98886,139"
2019-06-28 14:48:00.000000000,BEST_ASK,"JPM,99577,182"
2019-06-28 14:48:00.000000000,LAST_TRADE,"5,$98886.0000"
2019-06-28 14:48:00.000000000,QUERY_SPREAD,86
2019-06-28 14:48:00.000000000,BEST_BID,"JPM,98886,130"
2019-06-28 14:48:00.000000000,BEST_ASK,"JPM,99577,182"
2019-06-28 14:48:00.000000000,LAST_TRADE,"9,$98886.0000"
2019-06-28 14:48:00.000000000,QUERY_SPREAD,87
2019-06-28 14:48:00.000000000,BEST_BID,"JPM,98886,128"
2019-06-28 14:48:00.000000000,BEST_ASK,"JPM,99577,182"
2019-06-28 14:48:00.000000000,LAST_TRADE,"2,$98886.0000"
2019-06-28 14:48:00.000000000,QUERY_SPREAD,88
2019-06-28 14:48:00.000000000,BEST_BID,"JPM,98886,120"
2019-06-28 14:48:00.000000000,BEST_ASK,"JPM,99577,182"
2019-06-28 14:48:00.000000000,LAST_TRADE,"8,$98886.0000"
2019-06-28 14:48:00.000000000,QUERY_SPREAD,89
2019-06-28 14:48:00.000000000,BEST_BID,"JPM,98886,113"
2019-06-28 14:48:00.000000000,BEST_ASK,"JPM,99577,182"
2019-06-28 14:48:00.000000000,LAST_TRADE,"7,$98886.0000"
2019-06-28 14:48:00.000000000,QUERY_SPREAD,90
2019-06-28 14:48:00.000000000,BEST_BID,"JPM,98886,107"
2019-06-28 14:48:00.000000000,BEST_ASK,"JPM,99577,182"
2019-06-28 14:48:00.000000000,LAST_TRADE,"6,$98886.0000"
2019-06-28 14:48:00.000000000,QUERY_SPREAD,91
2019-06-28 14:48:00.000000000,BEST_BID,"JPM,98886,102"
2019-06-28 14:48:00.000000000,BEST_ASK,"JPM,99577,182"
2019-06-28 14:48:00.000000000,LAST_TRADE,"5,$98886.0000"
2019-06-28 14:48:00.000000000,QUERY_SPREAD,92
2019-06-28 14:48:00.000000000,BEST_BID,"JPM,98886,101"
2019-06-28 14:48:00.000000000,BEST_ASK,"JPM,99577,182"
2019-06-28 14:48:00.000000000,LAST_TRADE,"1,$98886.0000"
2019-06-28 14:48:00.000000000,QUERY_SPREAD,93
2019-06-28 14:48:00.000000000,BEST_BID,"JPM,98886,99"
2019-06-28 14:48:00.000000000,BEST_ASK,"JPM,99577,182"
2019-06-28 14:48:00.000000000,LAST_TRADE,"2,$98886.0000"
2019-06-28 14:48:00.000000000,QUERY_SPREAD,94
2019-06-28 14:48:00.000000000,BEST_BID,"JPM,98886,97"
2019-06-28 14:48:00.000000000,BEST_ASK,"JPM,99577,182"
2019-06-28 14:48:00.000000000,LAST_TRADE,"2,$98886.0000"
2019-06-28 14:48:00.000000000,QUERY_SPREAD,95
2019-06-28 14:48:00.000000000,BEST_BID,"JPM,98886,90"
2019-06-28 14:48:00.000000000,BEST_ASK,"JPM,99577,182"
2019-06-28 14:48:00.000000000,LAST_TRADE,"7,$98886.0000"
2019-06-28 14:48:00.000000000,QUERY_SPREAD,96
2019-06-28 14:48:00.000000000,BEST_BID,"JPM,98886,83"
2019-06-28 14:48:00.000000000,BEST_ASK,"JPM,99577,182"
2019-06-28 14:48:00.000000000,LAST_TRADE,"7,$98886.0000"
2019-06-28 14:48:00.000000000,QUERY_SPREAD,97
2019-06-28 14:48:00.000000000,BEST_BID,"JPM,98886,77"
2019-06-28 14:48:00.000000000,BEST_ASK,"JPM,99577,182"
2019-06-28 14:48:00.000000000,LAST_TRADE,"6,$98886.0000"
2019-06-28 14:48:00.000000000,QUERY_SPREAD,98
2019-06-28 14:48:00.000000000,BEST_BID,"JPM,98886,73"
2019-06-28 14:48:00.000000000,BEST_ASK,"JPM,99577,182"
2019-06-28 14:48:00.000000000,LAST_TRADE,"4,$98886.0000"
2019-06-28 14:48:00.000000000,QUERY_SPREAD,99
2019-06-28 14:48:00.000000000,BEST_BID,"JPM,98886,71"
2019-06-28 14:48:00.000000000,BEST_ASK,"JPM,99577,182"
2019-06-28 14:48:00.000000000,LAST_TRADE,"2,$98886.0000"
2019-06-28 14:48:00.000000000,QUERY_SPREAD,100
2019-06-28 14:48:00.000000000,BEST_BID,"JPM,98886,65"
2019-06-28 14:48:00.000000000,BEST_ASK,"JPM,99577,182"
2019-06-28 14:48:00.000000000,LAST_TRADE,"6,$98886.0000"
2019-06-28 14:48:00.000000000,QUERY_SPREAD,101
2019-06-28 14:48:00.000000000,QUERY_ORDER_STREAM,101
2019-06-28 14:48:10.000000000,QUERY_SPREAD,1
2019-06-28 14:48:10.000000000,BEST_BID,"JPM,98885,182"
2019-06-28 14:48:10.000000000,BEST_ASK,"JPM,99577,100"
2019-06-28 14:48:10.000000000,BEST_BID,"JPM,98885,182"
2019-06-28 14:48:10.000000000,BEST_ASK,"JPM,99577,100"
2019-06-28 14:48:10.000000000,BEST_BID,"JPM,98885,182"
2019-06-28 14:48:10.000000000,BEST_ASK,"JPM,99577,100"
2019-06-28 14:48:10.000000000,BEST_BID,"JPM,98885,182"
2019-06-28 14:48:10.000000000,BEST_ASK,"JPM,99577,182"
2019-06-28 14:48:10.000000000,BEST_BID,"JPM,98885,182"
2019-06-28 14:48:10.000000000,BEST_ASK,"JPM,99577,182"
2019-06-28 14:48:10.000000000,BEST_BID,"JPM,98885,182"
2019-06-28 14:48:10.000000000,BEST_ASK,"JPM,99577,182"
2019-06-28 14:48:10.000000000,BEST_BID,"JPM,98885,182"
2019-06-28 14:48:10.000000000,BEST_ASK,"JPM,99577,182"
2019-06-28 14:48:20.000000000,QUERY_SPREAD,1
2019-06-28 14:48:20.000000000,BEST_BID,"JPM,98885,166"
2019-06-28 14:48:20.000000000,BEST_ASK,"JPM,99577,100"
2019-06-28 14:48:20.000000000,BEST_BID,"JPM,98885,166"
2019-06-28 14:48:20.000000000,BEST_ASK,"JPM,99577,100"
2019-06-28 14:48:20.000000000,BEST_BID,"JPM,98885,166"
2019-06-28 14:48:20.000000000,BEST_ASK,"JPM,99577,100"
2019-06-28 14:48:20.000000000,BEST_BID,"JPM,98885,166"
2019-06-28 14:48:20.000000000,BEST_ASK,"JPM,99577,166"
2019-06-28 14:48:20.000000000,BEST_BID,"JPM,98885,166"
2019-06-28 14:48:20.000000000,BEST_ASK,"JPM,99577,166"
2019-06-28 14:48:20.000000000,BEST_BID,"JPM,98885,166"
2019-06-28 14:48:20.000000000,BEST_ASK,"JPM,99577,166"
2019-06-28 14:48:20.000000000,BEST_BID,"JPM,98885,166"
2019-06-28 14:48:20.000000000,BEST_ASK,"JPM,99577,166"
2019-06-28 14:48:20.000000000,BEST_BID,"JPM,98885,166"
2019-06-28 14:48:20.000000000,BEST_ASK,"JPM,99577,166"
2019-06-28 14:48:20.789738399,QUERY_SPREAD,41
2019-06-28 14:48:20.789738399,BEST_BID,"JPM,98885,166"
2019-06-28 14:48:20.789738399,BEST_ASK,"JPM,99577,66"
2019-06-28 14:48:20.789738399,LAST_TRADE,"100,$99577.0000"
2019-06-28 14:48:27.304036623,QUERY_SPREAD,30
2019-06-28 14:48:27.304036623,BEST_BID,"JPM,98885,166"
2019-06-28 14:48:27.304036623,BEST_ASK,"JPM,99577,66"
2019-06-28 14:48:30.000000000,QUERY_SPREAD,1
2019-06-28 14:48:30.000000000,BEST_BID,"JPM,98885,264"
2019-06-28 14:48:30.000000000,BEST_ASK,"JPM,99597,100"
2019-06-28 14:48:30.000000000,BEST_BID,"JPM,98885,264"
2019-06-28 14:48:30.000000000,BEST_ASK,"JPM,99597,100"
2019-06-28 14:48:30.000000000,BEST_BID,"JPM,98885,264"
2019-06-28 14:48:30.000000000,BEST_ASK,"JPM,99597,264"
2019-06-28 14:48:30.000000000,BEST_BID,"JPM,98885,264"
2019-06-28 14:48:30.000000000,BEST_ASK,"JPM,99597,264"
2019-06-28 14:48:40.000000000,QUERY_SPREAD,1
2019-06-28 14:48:40.000000000,BEST_BID,"JPM,98885,166"
2019-06-28 14:48:40.000000000,BEST_ASK,"JPM,99597,100"
2019-06-28 14:48:40.000000000,BEST_BID,"JPM,98885,166"
2019-06-28 14:48:40.000000000,BEST_ASK,"JPM,99597,100"
2019-06-28 14:48:40.000000000,BEST_BID,"JPM,98885,166"
2019-06-28 14:48:40.000000000,BEST_ASK,"JPM,99597,100"
2019-06-28 14:48:40.000000000,BEST_BID,"JPM,98885,166"
2019-06-28 14:48:40.000000000,BEST_ASK,"JPM,99597,166"
2019-06-28 14:48:40.000000000,BEST_BID,"JPM,98885,166"
2019-06-28 14:48:40.000000000,BEST_ASK,"JPM,99597,166"
2019-06-28 14:48:40.000000000,BEST_BID,"JPM,98885,166"
2019-06-28 14:48:40.000000000,BEST_ASK,"JPM,99597,166"
2019-06-28 14:48:40.000000000,BEST_BID,"JPM,98885,166"
2019-06-28 14:48:40.000000000,BEST_ASK,"JPM,99597,166"
2019-06-28 14:48:40.000000000,BEST_BID,"JPM,98885,166"
2019-06-28 14:48:40.000000000,BEST_ASK,"JPM,99597,166"
2019-06-28 14:48:44.873409957,QUERY_SPREAD,33
2019-06-28 14:48:44.873409957,BEST_BID,"JPM,98885,166"
2019-06-28 14:48:44.873409957,BEST_ASK,"JPM,99597,66"
2019-06-28 14:48:44.873409957,LAST_TRADE,"100,$99597.0000"
2019-06-28 14:48:47.045925819,QUERY_ORDER_STREAM,55
2019-06-28 14:48:47.045925819,QUERY_SPREAD,55
2019-06-28 14:48:47.045925819,BEST_BID,"JPM,99577,100"
2019-06-28 14:48:47.045925819,BEST_ASK,"JPM,99597,66"
2019-06-28 14:48:50.000000000,QUERY_SPREAD,1
2019-06-28 14:48:50.000000000,BEST_BID,"JPM,99577,264"
2019-06-28 14:48:50.000000000,BEST_ASK,"JPM,99664,100"
2019-06-28 14:48:50.000000000,BEST_BID,"JPM,99577,264"
2019-06-28 14:48:50.000000000,BEST_ASK,"JPM,99664,100"
2019-06-28 14:48:50.000000000,BEST_BID,"JPM,99577,264"
2019-06-28 14:48:50.000000000,BEST_ASK,"JPM,99664,264"
2019-06-28 14:48:50.000000000,BEST_BID,"JPM,99577,264"
2019-06-28 14:48:50.000000000,BEST_ASK,"JPM,99664,264"
2019-06-28 14:48:50.409919247,QUERY_ORDER_STREAM,57
2019-06-28 14:48:50.409919247,QUERY_SPREAD,57
2019-06-28 14:49:00.000000000,QUERY_SPREAD,1
2019-06-28 14:49:00.000000000,BEST_BID,"JPM,99577,166"
2019-06-28 14:49:00.000000000,BEST_ASK,"JPM,99664,100"
2019-06-28 14:49:00.000000000,BEST_BID,"JPM,99577,166"
2019-06-28 14:49:00.000000000,BEST_ASK,"JPM,99664,100"
2019-06-28 14:49:00.000000000,BEST_BID,"JPM,99577,166"
2019-06-28 14:49:00.000000000,BEST_ASK,"JPM,99664,100"
2019-06-28 14:49:00.000000000,BEST_BID,"JPM,99577,166"
2019-06-28 14:49:00.000000000,BEST_ASK,"JPM,99664,100"
2019-06-28 14:49:00.000000000,BEST_BID,"JPM,99577,166"
2019-06-28 14:49:00.000000000,BEST_ASK,"JPM,99664,166"
2019-06-28 14:49:00.000000000,BEST_BID,"JPM,99577,166"
2019-06-28 14:49:00.000000000,BEST_ASK,"JPM,99664,166"
2019-06-28 14:49:00.000000000,BEST_BID,"JPM,99577,166"
2019-06-28 14:49:00.000000000,BEST_ASK,"JPM,99664,166"
2019-06-28 14:49:00.000000000,BEST_BID,"JPM,99577,166"
2019-06-28 14:49:00.000000000,BEST_ASK,"JPM,99664,166"
2019-06-28 14:49:00.000000000,BEST_BID,"JPM,99577,166"
2019-06-28 14:49:00.000000000,BEST_ASK,"JPM,99664,166"
2019-06-28 14:49:00.000000000,QUERY_SPREAD,77
2019-06-28 14:49:00.000000000,BEST_BID,"JPM,99577,162"
2019-06-28 14:49:00.000000000,BEST_ASK,"JPM,99664,166"
2019-06-28 14:49:00.000000000,LAST_TRADE,"4,$99577.0000"
2019-06-28 14:49:00.000000000,QUERY_SPREAD,78
2019-06-28 14:49:00.000000000,BEST_BID,"JPM,99577,154"
2019-06-28 14:49:00.000000000,BEST_ASK,"JPM,99664,166"
2019-06-28 14:49:00.000000000,LAST_TRADE,"8,$99577.0000"
2019-06-28 14:49:00.000000000,QUERY_SPREAD,79
2019-06-28 14:49:00.000000000,BEST_BID,"JPM,99577,153"
2019-06-28 14:49:00.000000000,BEST_ASK,"JPM,99664,166"
2019-06-28 14:49:00.000000000,LAST_TRADE,"1,$99577.0000"
2019-06-28 14:49:00.000000000,QUERY_SPREAD,80
2019-06-28 14:49:00.000000000,BEST_BID,"JPM,99577,148"
2019-06-28 14:49:00.000000000,BEST_ASK,"JPM,99664,166"
2019-06-28 14:49:00.000000000,LAST_TRADE,"5,$99577.0000"
2019-06-28 14:49:00.000000000,QUERY_SPREAD,81
2019-06-28 14:49:00.000000000,BEST_BID,"JPM,99577,143"
2019-06-28 14:49:00.000000000,BEST_ASK,"JPM,99664,166"
2019-06-28 14:49:00.000000000,LAST_TRADE,"5,$99577.0000"
2019-06-28 14:49:00.000000000,QUERY_SPREAD,82
2019-06-28 14:49:00.000000000,BEST_BID,"JPM,99577,137"
2019-06-28 14:49:00.000000000,BEST_ASK,"JPM,99664,166"
2019-06-28 14:49:00.000000000,LAST_TRADE,"6,$99577.0000"
2019-06-28 14:49:00.000000000,QUERY_SPREAD,83
2019-06-28 14:49:00.000000000,BEST_BID,"JPM,99577,133"
2019-06-28 14:49:00.000000000,BEST_ASK,"JPM,99664,166"
2019-06-28 14:49:00.000000000,LAST_TRADE,"4,$99577.0000"
2019-06-28 14:49:00.000000000,QUERY_SPREAD,84
2019-06-28 14:49:00.000000000,BEST_BID,"JPM,99577,128"
2019-06-28 14:49:00.000000000,BEST_ASK,"JPM,99664,166"
2019-06-28 14:49:00.000000000,LAST_TRADE,"5,$99577.0000"
2019-06-28 14:49:00.000000000,QUERY_SPREAD,85
2019-06-28 14:49:00.000000000,BEST_BID,"JPM,99577,123"
2019-06-28 14:49:00.000000000,BEST_ASK,"JPM,99664,166"
2019-06-28 14:49:00.000000000,LAST_TRADE,"5,$99577.0000"
2019-06-28 14:49:00.000000000,QUERY_SPREAD,86
2019-06-28 14:49:00.000000000,BEST_BID,"JPM,99577,114"
2019-06-28 14:49:00.000000000,BEST_ASK,"JPM,99664,166"
2019-06-28 14:49:00.000000000,LAST_TRADE,"9,$99577.0000"
2019-06-28 14:49:00.000000000,QUERY_SPREAD,87
2019-06-28 14:49:00.000000000,BEST_BID,"JPM,99577,112"
2019-06-28 14:49:00.000000000,BEST_ASK,"JPM,99664,166"
2019-06-28 14:49:00.000000000,LAST_TRADE,"2,$99577.0000"
2019-06-28 14:49:00.000000000,QUERY_SPREAD,88
2019-06-28 14:49:00.000000000,BEST_BID,"JPM,99577,104"
2019-06-28 14:49:00.000000000,BEST_ASK,"JPM,99664,166"
2019-06-28 14:49:00.000000000,LAST_TRADE,"8,$99577.0000"
2019-06-28 14:49:00.000000000,QUERY_SPREAD,89
2019-06-28 14:49:00.000000000,BEST_BID,"JPM,99577,97"
2019-06-28 14:49:00.000000000,BEST_ASK,"JPM,99664,166"
2019-06-28 14:49:00.000000000,LAST_TRADE,"7,$99577.0000"
2019-06-28 14:49:00.000000000,QUERY_SPREAD,90
2019-06-28 14:49:00.000000000,BEST_BID,"JPM,99577,91"
2019-06-28 14:49:00.000000000,BEST_ASK,"JPM,99664,166"
2019-06-28 14:49:00.000000000,LAST_TRADE,"6,$99577.0000"
2019-06-28 14:49:00.000000000,QUERY_SPREAD,91
2019-06-28 14:49:00.000000000,BEST_BID,"JPM,99577,86"
2019-06-28 14:49:00.000000000,BEST_ASK,"JPM,99664,166"
2019-06-28 14:49:00.000000000,LAST_TRADE,"5,$99577.0000"
2019-06-28 14:49:00.000000000,QUERY_SPREAD,92
2019-06-28 14:49:00.000000000,BEST_BID,"JPM,99577,85"
2019-06-28 14:49:00.000000000,BEST_ASK,"JPM,99664,166"
2019-06-28 14:49:00.000000000,LAST_TRADE,"1,$99577.0000"
2019-06-28 14:49:00.000000000,QUERY_SPREAD,93
2019-06-28 14:49:00.000000000,BEST_BID,"JPM,99577,83"
2019-06-28 14:49:00.000000000,BEST_ASK,"JPM,99664,166"
2019-06-28 14:49:00.000000000,LAST_TRADE,"2,$99577.0000"
2019-06-28 14:49:00.000000000,QUERY_SPREAD,94
2019-06-28 14:49:00.000000000,BEST_BID,"JPM,99577,81"
2019-06-28 14:49:00.000000000,BEST_ASK,"JPM,99664,166"
2019-06-28 14:49:00.000000000,LAST_TRADE,"2,$99577.0000"
2019-06-28 14:49:00.000000000,QUERY_SPREAD,95
2019-06-28 14:49:00.000000000,BEST_BID,"JPM,99577,74"
2019-06-28 14:49:00.000000000,BEST_ASK,"JPM,99664,166"
2019-06-28 14:49:00.000000000,LAST_TRADE,"7,$99577.0000"
2019-06-28 14:49:00.000000000,QUERY_SPREAD,96
2019-06-28 14:49:00.000000000,BEST_BID,"JPM,99577,67"
2019-06-28 14:49:00.000000000,BEST_ASK,"JPM,99664,166"
2019-06-28 14:49:00.000000000,LAST_TRADE,"7,$99577.0000"
2019-06-28 14:49:00.000000000,QUERY_SPREAD,97
2019-06-28 14:49:00.000000000,BEST_BID,"JPM,99577,61"
2019-06-28 14:49:00.000000000,BEST_ASK,"JPM,99664,166"
2019-06-28 14:49:00.000000000,LAST_TRADE,"6,$99577.0000"
2019-06-28 14:49:00.000000000,QUERY_SPREAD,98
2019-06-28 14:49:00.000000000,BEST_BID,"JPM,99577,57"
2019-06-28 14:49:00.000000000,BEST_ASK,"JPM,99664,166"
2019-06-28 14:49:00.000000000,LAST_TRADE,"4,$99577.0000"
2019-06-28 14:49:00.000000000,QUERY_SPREAD,99
2019-06-28 14:49:00.000000000,BEST_BID,"JPM,99577,55"
2019-06-28 14:49:00.000000000,BEST_ASK,"JPM,99664,166"
2019-06-28 14:49:00.000000000,LAST_TRADE,"2,$99577.0000"
2019-06-28 14:49:00.000000000,QUERY_SPREAD,100
2019-06-28 14:49:00.000000000,BEST_BID,"JPM,99577,49"
2019-06-28 14:49:00.000000000,BEST_ASK,"JPM,99664,166"
2019-06-28 14:49:00.000000000,LAST_TRADE,"6,$99577.0000"
2019-06-28 14:49:00.000000000,QUERY_SPREAD,101
2019-06-28 14:49:00.000000000,QUERY_ORDER_STREAM,101
2019-06-28 14:49:03.262986893,QUERY_SPREAD,41
2019-06-28 14:49:03.262986893,BEST_BID,"JPM,99577,49"
2019-06-28 14:49:03.262986893,BEST_ASK,"JPM,99664,166"
2019-06-28 14:49:10.000000000,QUERY_SPREAD,1
2019-06-28 14:49:10.000000000,BEST_BID,"JPM,98885,166"
2019-06-28 14:49:10.000000000,BEST_ASK,"JPM,99664,100"
2019-06-28 14:49:10.000000000,BEST_BID,"JPM,98885,166"
2019-06-28 14:49:10.000000000,BEST_ASK,"JPM,99664,100"
2019-06-28 14:49:10.000000000,BEST_BID,"JPM,98885,166"
2019-06-28 14:49:10.000000000,BEST_ASK,"JPM,99664,100"
2019-06-28 14:49:10.000000000,BEST_BID,"JPM,98885,166"
2019-06-28 14:49:10.000000000,BEST_ASK,"JPM,99664,166"
2019-06-28 14:49:10.000000000,BEST_BID,"JPM,98885,166"
2019-06-28 14:49:10.000000000,BEST_ASK,"JPM,99664,166"
2019-06-28 14:49:10.000000000,BEST_BID,"JPM,98885,166"
2019-06-28 14:49:10.000000000,BEST_ASK,"JPM,99664,166"
2019-06-28 14:49:10.000000000,BEST_BID,"JPM,98885,166"
2019-06-28 14:49:10.000000000,BEST_ASK,"JPM,99664,166"
2019-06-28 14:49:10.000000000,BEST_BID,"JPM,98885,166"
2019-06-28 14:49:10.000000000,BEST_ASK,"JPM,99664,166"
2019-06-28 14:49:10.315988181,QUERY_SPREAD,7
2019-06-28 14:49:10.315988181,BEST_BID,"JPM,98885,166"
2019-06-28 14:49:10.315988181,BEST_ASK,"JPM,99664,66"
2019-06-28 14:49:10.315988181,LAST_TRADE,"100,$99664.0000"
2019-06-28 14:49:17.715550625,QUERY_ORDER_STREAM,65
2019-06-28 14:49:17.715550625,QUERY_SPREAD,65
2019-06-28 14:49:20.000000000,QUERY_SPREAD,1
2019-06-28 14:49:20.000000000,BEST_BID,"JPM,98885,212"
2019-06-28 14:49:20.000000000,BEST_ASK,"JPM,99910,100"
2019-06-28 14:49:20.000000000,BEST_BID,"JPM,98885,212"
2019-06-28 14:49:20.000000000,BEST_ASK,"JPM,99910,100"
2019-06-28 14:49:20.000000000,BEST_BID,"JPM,98885,212"
2019-06-28 14:49:20.000000000,BEST_ASK,"JPM,99910,100"
2019-06-28 14:49:20.000000000,BEST_BID,"JPM,98885,212"
2019-06-28 14:49:20.000000000,BEST_ASK,"JPM,99910,212"
2019-06-28 14:49:20.000000000,BEST_BID,"JPM,98885,212"
2019-06-28 14:49:20.000000000,BEST_ASK,"JPM,99910,212"
2019-06-28 14:49:20.000000000,BEST_BID,"JPM,98885,212"
2019-06-28 14:49:20.000000000,BEST_ASK,"JPM,99910,212"
2019-06-28 14:49:26.983346179,QUERY_ORDER_STREAM,64
2019-06-28 14:49:26.983346179,QUERY_SPREAD,64
2019-06-28 14:49:28.065043508,QUERY_SPREAD,50
2019-06-28 14:49:28.065043508,BEST_BID,"JPM,98885,212"
2019-06-28 14:49:28.065043508,BEST_ASK,"JPM,99910,212"
2019-06-28 14:49:30.000000000,QUERY_SPREAD,1
2019-06-28 14:49:30.000000000,BEST_BID,"JPM,98885,166"
2019-06-28 14:49:30.000000000,BEST_ASK,"JPM,99910,100"
2019-06-28 14:49:30.000000000,BEST_BID,"JPM,98885,166"
2019-06-28 14:49:30.000000000,BEST_ASK,"JPM,99910,100"
2019-06-28 14:49:30.000000000,BEST_BID,"JPM,98885,166"
2019-06-28 14:49:30.000000000,BEST_ASK,"JPM,99910,100"
2019-06-28 14:49:30.000000000,BEST_BID,"JPM,98885,166"
2019-06-28 14:49:30.000000000,BEST_ASK,"JPM,99910,166"
2019-06-28 14:49:30.000000000,BEST_BID,"JPM,98885,166"
2019-06-28 14:49:30.000000000,BEST_ASK,"JPM,99910,166"
2019-06-28 14:49:30.000000000,BEST_BID,"JPM,98885,166"
2019-06-28 14:49:30.000000000,BEST_ASK,"JPM,99910,166"
2019-06-28 14:49:30.000000000,BEST_BID,"JPM,98885,166"
2019-06-28 14:49:30.000000000,BEST_ASK,"JPM,99910,166"
2019-06-28 14:49:30.000000000,BEST_BID,"JPM,98885,166"
2019-06-28 14:49:30.000000000,BEST_ASK,"JPM,99910,166"
2019-06-28 14:49:32.385893262,QUERY_SPREAD,8
2019-06-28 14:49:32.385893262,BEST_BID,"JPM,98885,166"
2019-06-28 14:49:32.385893262,BEST_ASK,"JPM,99910,66"
2019-06-28 14:49:32.385893262,LAST_TRADE,"100,$99910.0000"
2019-06-28 14:49:40.000000000,QUERY_SPREAD,1
2019-06-28 14:49:40.000000000,BEST_BID,"JPM,98885,182"
2019-06-28 14:49:40.000000000,BEST_ASK,"JPM,100530,100"
2019-06-28 14:49:40.000000000,BEST_BID,"JPM,98885,182"
2019-06-28 14:49:40.000000000,BEST_ASK,"JPM,100530,100"
2019-06-28 14:49:40.000000000,BEST_BID,"JPM,98885,182"
2019-06-28 14:49:40.000000000,BEST_ASK,"JPM,100530,100"
2019-06-28 14:49:40.000000000,BEST_BID,"JPM,98885,182"
2019-06-28 14:49:40.000000000,BEST_ASK,"JPM,100530,182"
2019-06-28 14:49:40.000000000,BEST_BID,"JPM,98885,182"
2019-06-28 14:49:40.000000000,BEST_ASK,"JPM,100530,182"
2019-06-28 14:49:40.000000000,BEST_BID,"JPM,98885,182"
2019-06-28 14:49:40.000000000,BEST_ASK,"JPM,100530,182"
2019-06-28 14:49:40.000000000,BEST_BID,"JPM,98885,182"
2019-06-28 14:49:40.000000000,BEST_ASK,"JPM,100530,182"
2019-06-28 14:49:45.212073829,QUERY_SPREAD,37
2019-06-28 14:49:45.212073829,BEST_BID,"JPM,98885,182"
2019-06-28 14:49:45.212073829,BEST_ASK,"JPM,100530,182"
2019-06-28 14:49:50.000000000,QUERY_SPREAD,1
2019-06-28 14:49:50.000000000,BEST_BID,"JPM,98885,264"
2019-06-28 14:49:50.000000000,BEST_ASK,"JPM,100530,100"
2019-06-28 14:49:50.000000000,BEST_BID,"JPM,98885,264"
2019-06-28 14:49:50.000000000,BEST_ASK,"JPM,100530,100"
2019-06-28 14:49:50.000000000,BEST_BID,"JPM,98885,264"
2019-06-28 14:49:50.000000000,BEST_ASK,"JPM,100530,264"
2019-06-28 14:49:50.000000000,BEST_BID,"JPM,98885,264"
2019-06-28 14:49:50.000000000,BEST_ASK,"JPM,100530,264"
2019-06-28 14:49:58.332645380,QUERY_SPREAD,11
2019-06-28 14:49:58.332645380,BEST_BID,"JPM,98885,264"
2019-06-28 14:49:58.332645380,BEST_ASK,"JPM,100530,164"
2019-06-28 14:49:58.332645380,LAST_TRADE,"100,$100530.0000"
2019-06-28 14:50:00.000000000,QUERY_SPREAD,1
2019-06-28 14:50:00.000000000,BEST_BID,"JPM,98885,212"
2019-06-28 14:50:00.000000000,BEST_ASK,"JPM,101108,100"
2019-06-28 14:50:00.000000000,BEST_BID,"JPM,98885,212"
2019-06-28 14:50:00.000000000,BEST_ASK,"JPM,101108,100"
2019-06-28 14:50:00.000000000,BEST_BID,"JPM,98885,212"
2019-06-28 14:50:00.000000000,BEST_ASK,"JPM,101108,100"
2019-06-28 14:50:00.000000000,BEST_BID,"JPM,98885,212"
2019-06-28 14:50:00.000000000,BEST_ASK,"JPM,101108,212"
2019-06-28 14:50:00.000000000,BEST_BID,"JPM,98885,212"
2019-06-28 14:50:00.000000000,BEST_ASK,"JPM,101108,212"
2019-06-28 14:50:00.000000000,BEST_BID,"JPM,98885,212"
2019-06-28 14:50:00.000000000,BEST_ASK,"JPM,101108,212"
2019-06-28 14:50:00.000000000,QUERY_SPREAD,77
2019-06-28 14:50:00.000000000,BEST_BID,"JPM,98885,208"
2019-06-28 14:50:00.000000000,BEST_ASK,"JPM,101108,212"
2019-06-28 14:50:00.000000000,LAST_TRADE,"4,$98885.0000"
2019-06-28 14:50:00.000000000,QUERY_SPREAD,78
2019-06-28 14:50:00.000000000,BEST_BID,"JPM,98885,200"
2019-06-28 14:50:00.000000000,BEST_ASK,"JPM,101108,212"
2019-06-28 14:50:00.000000000,LAST_TRADE,"8,$98885.0000"
2019-06-28 14:50:00.000000000,QUERY_SPREAD,79
2019-06-28 14:50:00.000000000,BEST_BID,"JPM,98885,199"
2019-06-28 14:50:00.000000000,BEST_ASK,"JPM,101108,212"
2019-06-28 14:50:00.000000000,LAST_TRADE,"1,$98885.0000"
2019-06-28 14:50:00.000000000,QUERY_SPREAD,80
2019-06-28 14:50:00.000000000,BEST_BID,"JPM,98885,194"
2019-06-28 14:50:00.000000000,BEST_ASK,"JPM,101108,212"
2019-06-28 14:50:00.000000000,LAST_TRADE,"5,$98885.0000"
2019-06-28 14:50:00.000000000,QUERY_SPREAD,81
2019-06-28 14:50:00.000000000,BEST_BID,"JPM,98885,189"
2019-06-28 14:50:00.000000000,BEST_ASK,"JPM,101108,212"
2019-06-28 14:50:00.000000000,LAST_TRADE,"5,$98885.0000"
2019-06-28 14:50:00.000000000,QUERY_SPREAD,82
2019-06-28 14:50:00.000000000,BEST_BID,"JPM,98885,183"
2019-06-28 14:50:00.000000000,BEST_ASK,"JPM,101108,212"
2019-06-28 14:50:00.000000000,LAST_TRADE,"6,$98885.0000"
2019-06-28 14:50:00.000000000,QUERY_SPREAD,83
2019-06-28 14:50:00.000000000,BEST_BID,"JPM,98885,179"
2019-06-28 14:50:00.000000000,BEST_ASK,"JPM,101108,212"
2019-06-28 14:50:00.000000000,LAST_TRADE,"4,$98885.0000"
2019-06-28 14:50:00.000000000,QUERY_SPREAD,84
2019-06-28 14:50:00.000000000,BEST_BID,"JPM,98885,174"
2019-06-28 14:50:00.000000000,BEST_ASK,"JPM,101108,212"
2019-06-28 14:50:00.000000000,LAST_TRADE,"5,$98885.0000"
2019-06-28 14:50:00.000000000,QUERY_SPREAD,85
2019-06-28 14:50:00.000000000,BEST_BID,"JPM,98885,169"
2019-06-28 14:50:00.000000000,BEST_ASK,"JPM,101108,212"
2019-06-28 14:50:00.000000000,LAST_TRADE,"5,$98885.0000"
2019-06-28 14:50:00.000000000,QUERY_SPREAD,86
2019-06-28 14:50:00.000000000,BEST_BID,"JPM,98885,160"
2019-06-28 14:50:00.000000000,BEST_ASK,"JPM,101108,212"
2019-06-28 14:50:00.000000000,LAST_TRADE,"9,$98885.0000"
2019-06-28 14:50:00.000000000,QUERY_SPREAD,87
2019-06-28 14:50:00.000000000,BEST_BID,"JPM,98885,158"
2019-06-28 14:50:00.000000000,BEST_ASK,"JPM,101108,212"
2019-06-28 14:50:00.000000000,LAST_TRADE,"2,$98885.0000"
2019-06-28 14:50:00.000000000,QUERY_SPREAD,88
2019-06-28 14:50:00.000000000,BEST_BID,"JPM,98885,150"
2019-06-28 14:50:00.000000000,BEST_ASK,"JPM,101108,212"
2019-06-28 14:50:00.000000000,LAST_TRADE,"8,$98885.0000"
2019-06-28 14:50:00.000000000,QUERY_SPREAD,89
2019-06-28 14:50:00.000000000,BEST_BID,"JPM,98885,143"
2019-06-28 14:50:00.000000000,BEST_ASK,"JPM,101108,212"
2019-06-28 14:50:00.000000000,LAST_TRADE,"7,$98885.0000"
2019-06-28 14:50:00.000000000,QUERY_SPREAD,90
2019-06-28 14:50:00.000000000,BEST_BID,"JPM,98885,137"
2019-06-28 14:50:00.000000000,BEST_ASK,"JPM,101108,212"
2019-06-28 14:50:00.000000000,LAST_TRADE,"6,$98885.0000"
2019-06-28 14:50:00.000000000,QUERY_SPREAD,91
2019-06-28 14:50:00.000000000,BEST_BID,"JPM,98885,132"
2019-06-28 14:50:00.000000000,BEST_ASK,"JPM,101108,212"
2019-06-28 14:50:00.000000000,LAST_TRADE,"5,$98885.0000"
2019-06-28 14:50:00.000000000,QUERY_SPREAD,92
2019-06-28 14:50:00.000000000,BEST_BID,"JPM,98885,131"
2019-06-28 14:50:00.000000000,BEST_ASK,"JPM,101108,212"
2019-06-28 14:50:00.000000000,LAST_TRADE,"1,$98885.0000"
2019-06-28 14:50:00.000000000,QUERY_SPREAD,93
2019-06-28 14:50:00.000000000,BEST_BID,"JPM,98885,129"
2019-06-28 14:50:00.000000000,BEST_ASK,"JPM,101108,212"
2019-06-28 14:50:00.000000000,LAST_TRADE,"2,$98885.0000"
2019-06-28 14:50:00.000000000,QUERY_SPREAD,94
2019-06-28 14:50:00.000000000,BEST_BID,"JPM,98885,127"
2019-06-28 14:50:00.000000000,BEST_ASK,"JPM,101108,212"
2019-06-28 14:50:00.000000000,LAST_TRADE,"2,$98885.0000"
2019-06-28 14:50:00.000000000,QUERY_SPREAD,95
2019-06-28 14:50:00.000000000,BEST_BID,"JPM,98885,120"
2019-06-28 14:50:00.000000000,BEST_ASK,"JPM,101108,212"
2019-06-28 14:50:00.000000000,LAST_TRADE,"7,$98885.0000"
2019-06-28 14:50:00.000000000,QUERY_SPREAD,96
2019-06-28 14:50:00.000000000,BEST_BID,"JPM,98885,113"
2019-06-28 14:50:00.000000000,BEST_ASK,"JPM,101108,212"
2019-06-28 14:50:00.000000000,LAST_TRADE,"7,$98885.0000"
2019-06-28 14:50:00.000000000,QUERY_SPREAD,97
2019-06-28 14:50:00.000000000,BEST_BID,"JPM,98885,107"
2019-06-28 14:50:00.000000000,BEST_ASK,"JPM,101108,212"
2019-06-28 14:50:00.000000000,LAST_TRADE,"6,$98885.0000"
2019-06-28 14:50:00.000000000,QUERY_SPREAD,98
2019-06-28 14:50:00.000000000,BEST_BID,"JPM,98885,103"
2019-06-28 14:50:00.000000000,BEST_ASK,"JPM,101108,212"
2019-06-28 14:50:00.000000000,LAST_TRADE,"4,$98885.0000"
2019-06-28 14:50:00.000000000,QUERY_SPREAD,99
2019-06-28 14:50:00.000000000,BEST_BID,"JPM,98885,101"
2019-06-28 14:50:00.000000000,BEST_ASK,"JPM,101108,212"
2019-06-28 14:50:00.000000000,LAST_TRADE,"2,$98885.0000"
2019-06-28 14:50:00.000000000,QUERY_SPREAD,100
2019-06-28 14:50:00.000000000,BEST_BID,"JPM,98885,95"
2019-06-28 14:50:00.000000000,BEST_ASK,"JPM,101108,212"
2019-06-28 14:50:00.000000000,LAST_TRADE,"6,$98885.0000"
2019-06-28 14:50:00.000000000,QUERY_SPREAD,101
2019-06-28 14:50:00.000000000,QUERY_ORDER_STREAM,101
2019-06-28 14:50:10.000000000,QUERY_SPREAD,1
2019-06-28 14:50:10.000000000,BEST_BID,"JPM,98327,218"
2019-06-28 14:50:10.000000000,BEST_ASK,"JPM,101108,100"
2019-06-28 14:50:10.000000000,BEST_BID,"JPM,98327,218"
2019-06-28 14:50:10.000000000,BEST_ASK,"JPM,101108,100"
2019-06-28 14:50:10.000000000,BEST_BID,"JPM,98327,218"
2019-06-28 14:50:10.000000000,BEST_ASK,"JPM,101108,264"
2019-06-28 14:50:10.000000000,BEST_BID,"JPM,98327,218"
2019-06-28 14:50:10.000000000,BEST_ASK,"JPM,101108,264"
2019-06-28 14:50:20.000000000,QUERY_SPREAD,1
2019-06-28 14:50:20.000000000,BEST_BID,"JPM,98327,120"
2019-06-28 14:50:20.000000000,BEST_ASK,"JPM,101108,100"
2019-06-28 14:50:20.000000000,BEST_BID,"JPM,98327,120"
2019-06-28 14:50:20.000000000,BEST_ASK,"JPM,101108,100"
2019-06-28 14:50:20.000000000,BEST_BID,"JPM,98327,120"
2019-06-28 14:50:20.000000000,BEST_ASK,"JPM,101108,166"
2019-06-28 14:50:20.000000000,BEST_BID,"JPM,98327,120"
2019-06-28 14:50:20.000000000,BEST_ASK,"JPM,101108,166"
2019-06-28 14:50:20.000000000,BEST_BID,"JPM,98327,120"
2019-06-28 14:50:20.000000000,BEST_ASK,"JPM,101108,166"
2019-06-28 14:50:20.000000000,BEST_BID,"JPM,98327,120"
2019-06-28 14:50:20.000000000,BEST_ASK,"JPM,101108,166"
2019-06-28 14:50:20.000000000,BEST_BID,"JPM,98327,120"
2019-06-28 14:50:20.000000000,BEST_ASK,"JPM,101108,166"
2019-06-28 14:50:24.856911825,QUERY_SPREAD,2
2019-06-28 14:50:24.856911825,BEST_BID,"JPM,98327,120"
2019-06-28 14:50:24.856911825,BEST_ASK,"JPM,101108,166"
2019-06-28 14:50:30.000000000,QUERY_SPREAD,1
2019-06-28 14:50:30.000000000,BEST_BID,"JPM,98327,382"
2019-06-28 14:50:30.000000000,BEST_ASK,"JPM,101108,100"
2019-06-28 14:50:30.000000000,BEST_BID,"JPM,98327,382"
2019-06-28 14:50:30.000000000,BEST_ASK,"JPM,101108,428"
2019-06-28 14:50:39.977798294,QUERY_SPREAD,12
2019-06-28 14:50:39.977798294,BEST_BID,"JPM,101029,100"
2019-06-28 14:50:39.977798294,BEST_ASK,"JPM,101108,428"
2019-06-28 14:50:40.000000000,QUERY_SPREAD,1
2019-06-28 14:50:40.000000000,BEST_BID,"JPM,101029,212"
2019-06-28 14:50:40.000000000,BEST_ASK,"JPM,101108,100"
2019-06-28 14:50:40.000000000,BEST_BID,"JPM,101029,212"
2019-06-28 14:50:40.000000000,BEST_ASK,"JPM,101108,100"
2019-06-28 14:50:40.000000000,BEST_BID,"JPM,101029,212"
2019-06-28 14:50:40.000000000,BEST_ASK,"JPM,101108,100"
2019-06-28 14:50:40.000000000,BEST_BID,"JPM,101029,212"
2019-06-28 14:50:40.000000000,BEST_ASK,"JPM,101108,212"
2019-06-28 14:50:40.000000000,BEST_BID,"JPM,101029,212"
2019-06-28 14:50:40.000000000,BEST_ASK,"JPM,101108,212"
2019-06-28 14:50:40.000000000,BEST_BID,"JPM,101029,212"
2019-06-28 14:50:40.000000000,BEST_ASK,"JPM,101108,212"
2019-06-28 14:50:50.000000000,QUERY_SPREAD,1
2019-06-28 14:50:50.000000000,BEST_BID,"JPM,101029,264"
2019-06-28 14:50:50.000000000,BEST_ASK,"JPM,101108,100"
2019-06-28 14:50:50.000000000,BEST_BID,"JPM,101029,264"
2019-06-28 14:50:50.000000000,BEST_ASK,"JPM,101108,100"
2019-06-28 14:50:50.000000000,BEST_BID,"JPM,101029,264"
2019-06-28 14:50:50.000000000,BEST_ASK,"JPM,101108,264"
2019-06-28 14:50:50.000000000,BEST_BID,"JPM,101029,264"
2019-06-28 14:50:50.000000000,BEST_ASK,"JPM,101108,264"
2019-06-28 14:51:00.000000000,QUERY_SPREAD,1
2019-06-28 14:51:00.000000000,BEST_BID,"JPM,101029,264"
2019-06-28 14:51:00.000000000,BEST_ASK,"JPM,101108,100"
2019-06-28 14:51:00.000000000,BEST_BID,"JPM,101029,264"
2019-06-28 14:51:00.000000000,BEST_ASK,"JPM,101108,100"
2019-06-28 14:51:00.000000000,BEST_BID,"JPM,101029,264"
2019-06-28 14:51:00.000000000,BEST_ASK,"JPM,101108,264"
2019-06-28 14:51:00.000000000,BEST_BID,"JPM,101029,264"
2019-06-28 14:51:00.000000000,BEST_ASK,"JPM,101108,264"
2019-06-28 14:51:00.000000000,QUERY_SPREAD,77
2019-06-28 14:51:00.000000000,BEST_BID,"JPM,101029,260"
2019-06-28 14:51:00.000000000,BEST_ASK,"JPM,101108,264"
2019-06-28 14:51:00.000000000,LAST_TRADE,"4,$101029.0000"
2019-06-28 14:51:00.000000000,QUERY_SPREAD,78
2019-06-28 14:51:00.000000000,BEST_BID,"JPM,101029,252"
2019-06-28 14:51:00.000000000,BEST_ASK,"JPM,101108,264"
2019-06-28 14:51:00.000000000,LAST_TRADE,"8,$101029.0000"
2019-06-28 14:51:00.000000000,QUERY_SPREAD,79
2019-06-28 14:51:00.000000000,BEST_BID,"JPM,101029,251"
2019-06-28 14:51:00.000000000,BEST_ASK,"JPM,101108,264"
2019-06-28 14:51:00.000000000,LAST_TRADE,"1,$101029.0000"
2019-06-28 14:51:00.000000000,QUERY_SPREAD,80
2019-06-28 14:51:00.000000000,BEST_BID,"JPM,101029,246"
2019-06-28 14:51:00.000000000,BEST_ASK,"JPM,101108,264"
2019-06-28 14:51:00.000000000,LAST_TRADE,"5,$101029.0000"
2019-06-28 14:51:00.000000000,QUERY_SPREAD,81
2019-06-28 14:51:00.000000000,BEST_BID,"JPM,101029,241"
2019-06-28 14:51:00.000000000,BEST_ASK,"JPM,101108,264"
2019-06-28 14:51:00.000000000,LAST_TRADE,"5,$101029.0000"
2019-06-28 14:51:00.000000000,QUERY_SPREAD,82
2019-06-28 14:51:00.000000000,BEST_BID,"JPM,101029,235"
2019-06-28 14:51:00.000000000,BEST_ASK,"JPM,101108,264"
2019-06-28 14:51:00.000000000,LAST_TRADE,"6,$101029.0000"
2019-06-28 14:51:00.000000000,QUERY_SPREAD,83
2019-06-28 14:51:00.000000000,BEST_BID,"JPM,101029,231"
2019-06-28 14:51:00.000000000,BEST_ASK,"JPM,101108,264"
2019-06-28 14:51:00.000000000,LAST_TRADE,"4,$101029.0000"
2019-06-28 14:51:00.000000000,QUERY_SPREAD,84
2019-06-28 14:51:00.000000000,BEST_BID,"JPM,101029,226"
2019-06-28 14:51:00.000000000,BEST_ASK,"JPM,101108,264"
2019-06-28 14:51:00.000000000,LAST_TRADE,"5,$101029.0000"
2019-06-28 14:51:00.000000000,QUERY_SPREAD,85
2019-06-28 14:51:00.000000000,BEST_BID,"JPM,101029,221"
2019-06-28 14:51:00.000000000,BEST_ASK,"JPM,101108,264"
2019-06-28 14:51:00.000000000,LAST_TRADE,"5,$101029.0000"
2019-06-28 14:51:00.000000000,QUERY_SPREAD,86
2019-06-28 14:51:00.000000000,BEST_BID,"JPM,101029,212"
2019-06-28 14:51:00.000000000,BEST_ASK,"JPM,101108,264"
2019-06-28 14:51:00.000000000,LAST_TRADE,"9,$101029.0000"
2019-06-28 14:51:00.000000000,QUERY_SPREAD,87
2019-06-28 14:51:00.000000000,BEST_BID,"JPM,101029,210"
2019-06-28 14:51:00.000000000,BEST_ASK,"JPM,101108,264"
2019-06-28 14:51:00.000000000,LAST_TRADE,"2,$101029.0000"
2019-06-28 14:51:00.000000000,QUERY_SPREAD,88
2019-06-28 14:51:00.000000000,BEST_BID,"JPM,101029,202"
2019-06-28 14:51:00.000000000,BEST_ASK,"JPM,101108,264"
2019-06-28 14:51:00.000000000,LAST_TRADE,"8,$101029.0000"
2019-06-28 14:51:00.000000000,QUERY_SPREAD,89
2019-06-28 14:51:00.000000000,BEST_BID,"JPM,101029,195"
2019-06-28 14:51:00.000000000,BEST_ASK,"JPM,101108,264"
2019-06-28 14:51:00.000000000,LAST_TRADE,"7,$101029.0000"
2019-06-28 14:51:00.000000000,QUERY_SPREAD,90
2019-06-28 14:51:00.000000000,BEST_BID,"JPM,101029,189"
2019-06-28 14:51:00.000000000,BEST_ASK,"JPM,101108,264"
2019-06-28 14:51:00.000000000,LAST_TRADE,"6,$101029.0000"
2019-06-28 14:51:00.000000000,QUERY_SPREAD,91
2019-06-28 14:51:00.000000000,BEST_BID,"JPM,101029,184"
2019-06-28 14:51:00.000000000,BEST_ASK,"JPM,101108,264"
2019-06-28 14:51:00.000000000,LAST_TRADE,"5,$101029.0000"
2019-06-28 14:51:00.000000000,QUERY_SPREAD,92
2019-06-28 14:51:00.000000000,BEST_BID,"JPM,101029,183"
2019-06-28 14:51:00.000000000,BEST_ASK,"JPM,101108,264"
2019-06-28 14:51:00.000000000,LAST_TRADE,"1,$101029.0000"
2019-06-28 14:51:00.000000000,QUERY_SPREAD,93
2019-06-28 14:51:00.000000000,BEST_BID,"JPM,101029,181"
2019-06-28 14:51:00.000000000,BEST_ASK,"JPM,101108,264"
2019-06-28 14:51:00.000000000,LAST_TRADE,"2,$101029.0000"
2019-06-28 14:51:00.000000000,QUERY_SPREAD,94
2019-06-28 14:51:00.000000000,BEST_BID,"JPM,101029,179"
2019-06-28 14:51:00.000000000,BEST_ASK,"JPM,101108,264"
2019-06-28 14:51:00.000000000,LAST_TRADE,"2,$101029.0000"
2019-06-28 14:51:00.000000000,QUERY_SPREAD,95
2019-06-28 14:51:00.000000000,BEST_BID,"JPM,101029,172"
2019-06-28 14:51:00.000000000,BEST_ASK,"JPM,101108,264"
2019-06-28 14:51:00.000000000,LAST_TRADE,"7,$101029.0000"
2019-06-28 14:51:00.000000000,QUERY_SPREAD,96
2019-06-28 14:51:00.000000000,BEST_BID,"JPM,101029,165"
2019-06-28 14:51:00.000000000,BEST_ASK,"JPM,101108,264"
2019-06-28 14:51:00.000000000,LAST_TRADE,"7,$101029.0000"
2019-06-28 14:51:00.000000000,QUERY_SPREAD,97
2019-06-28 14:51:00.000000000,BEST_BID,"JPM,101029,159"
2019-06-28 14:51:00.000000000,BEST_ASK,"JPM,101108,264"
2019-06-28 14:51:00.000000000,LAST_TRADE,"6,$101029.0000"
2019-06-28 14:51:00.000000000,QUERY_SPREAD,98
2019-06-28 14:51:00.000000000,BEST_BID,"JPM,101029,155"
2019-06-28 14:51:00.000000000,BEST_ASK,"JPM,101108,264"
2019-06-28 14:51:00.000000000,LAST_TRADE,"4,$101029.0000"
2019-06-28 14:51:00.000000000,QUERY_SPREAD,99
2019-06-28 14:51:00.000000000,BEST_BID,"JPM,101029,153"
2019-06-28 14:51:00.000000000,BEST_ASK,"JPM,101108,264"
2019-06-28 14:51:00.000000000,LAST_TRADE,"2,$101029.0000"
2019-06-28 14:51:00.000000000,QUERY_SPREAD,100
2019-06-28 14:51:00.000000000,BEST_BID,"JPM,101029,147"
2019-06-28 14:51:00.000000000,BEST_ASK,"JPM,101108,264"
2019-06-28 14:51:00.000000000,LAST_TRADE,"6,$101029.0000"
2019-06-28 14:51:00.000000000,QUERY_SPREAD,101
2019-06-28 14:51:00.000000000,QUERY_ORDER_STREAM,101
2019-06-28 14:51:00.000000000,BEST_BID,"JPM,101029,139"
2019-06-28 14:51:00.000000000,BEST_ASK,"JPM,101108,264"
2019-06-28 14:51:00.000000000,LAST_TRADE,"8,$101029.0000"
2019-06-28 14:51:10.000000000,QUERY_SPREAD,1
2019-06-28 14:51:10.000000000,BEST_BID,"JPM,98327,120"
2019-06-28 14:51:10.000000000,BEST_ASK,"JPM,101108,100"
2019-06-28 14:51:10.000000000,BEST_BID,"JPM,98327,120"
2019-06-28 14:51:10.000000000,BEST_ASK,"JPM,101108,100"
2019-06-28 14:51:10.000000000,BEST_BID,"JPM,98327,120"
2019-06-28 14:51:10.000000000,BEST_ASK,"JPM,101108,166"
2019-06-28 14:51:10.000000000,BEST_BID,"JPM,98327,120"
2019-06-28 14:51:10.000000000,BEST_ASK,"JPM,101108,166"
2019-06-28 14:51:10.000000000,BEST_BID,"JPM,98327,120"
2019-06-28 14:51:10.000000000,BEST_ASK,"JPM,101108,166"
2019-06-28 14:51:10.000000000,BEST_BID,"JPM,98327,120"
2019-06-28 14:51:10.000000000,BEST_ASK,"JPM,101108,166"
2019-06-28 14:51:10.000000000,BEST_BID,"JPM,98327,120"
2019-06-28 14:51:10.000000000,BEST_ASK,"JPM,101108,166"
2019-06-28 14:51:11.604986027,QUERY_ORDER_STREAM,70
2019-06-28 14:51:11.604986027,QUERY_SPREAD,70
2019-06-28 14:51:20.000000000,QUERY_SPREAD,1
2019-06-28 14:51:20.000000000,BEST_BID,"JPM,98327,136"
2019-06-28 14:51:20.000000000,BEST_ASK,"JPM,101108,100"
2019-06-28 14:51:20.000000000,BEST_BID,"JPM,98327,136"
2019-06-28 14:51:20.000000000,BEST_ASK,"JPM,101108,100"
2019-06-28 14:51:20.000000000,BEST_BID,"JPM,98327,136"
2019-06-28 14:51:20.000000000,BEST_ASK,"JPM,101108,182"
2019-06-28 14:51:20.000000000,BEST_BID,"JPM,98327,136"
2019-06-28 14:51:20.000000000,BEST_ASK,"JPM,101108,182"
2019-06-28 14:51:20.000000000,BEST_BID,"JPM,98327,136"
2019-06-28 14:51:20.000000000,BEST_ASK,"JPM,101108,182"
2019-06-28 14:51:20.000000000,BEST_BID,"JPM,98327,136"
2019-06-28 14:51:20.000000000,BEST_ASK,"JPM,101108,182"
2019-06-28 14:51:30.000000000,QUERY_SPREAD,1
2019-06-28 14:51:30.000000000,BEST_BID,"JPM,98327,382"
2019-06-28 14:51:30.000000000,BEST_ASK,"JPM,101108,100"
2019-06-28 14:51:30.000000000,BEST_BID,"JPM,98327,382"
2019-06-28 14:51:30.000000000,BEST_ASK,"JPM,101108,428"
2019-06-28 14:51:40.000000000,QUERY_SPREAD,1
2019-06-28 14:51:40.000000000,BEST_BID,"JPM,98327,218"
2019-06-28 14:51:40.000000000,BEST_ASK,"JPM,101108,100"
2019-06-28 14:51:40.000000000,BEST_BID,"JPM,98327,218"
2019-06-28 14:51:40.000000000,BEST_ASK,"JPM,101108,100"
2019-06-28 14:51:40.000000000,BEST_BID,"JPM,98327,218"
2019-06-28 14:51:40.000000000,BEST_ASK,"JPM,101108,264"
2019-06-28 14:51:40.000000000,BEST_BID,"JPM,98327,218"
2019-06-28 14:51:40.000000000,BEST_ASK,"JPM,101108,264"
2019-06-28 14:51:50.000000000,QUERY_SPREAD,1
2019-06-28 14:51:50.000000000,BEST_BID,"JPM,98327,120"
2019-06-28 14:51:50.000000000,BEST_ASK,"JPM,101108,100"
2019-06-28 14:51:50.000000000,BEST_BID,"JPM,98327,120"
2019-06-28 14:51:50.000000000,BEST_ASK,"JPM,101108,100"
2019-06-28 14:51:50.000000000,BEST_BID,"JPM,98327,120"
2019-06-28 14:51:50.000000000,BEST_ASK,"JPM,101108,166"
2019-06-28 14:51:50.000000000,BEST_BID,"JPM,98327,120"
2019-06-28 14:51:50.000000000,BEST_ASK,"JPM,101108,166"
2019-06-28 14:51:50.000000000,BEST_BID,"JPM,98327,120"
2019-06-28 14:51:50.000000000,BEST_ASK,"JPM,101108,166"
2019-06-28 14:51:50.000000000,BEST_BID,"JPM,98327,120"
2019-06-28 14:51:50.000000000,BEST_ASK,"JPM,101108,166"
2019-06-28 14:51:50.000000000,BEST_BID,"JPM,98327,120"
2019-06-28 14:51:50.000000000,BEST_ASK,"JPM,101108,166"
2019-06-28 14:52:00.000000000,QUERY_SPREAD,1
2019-06-28 14:52:00.000000000,BEST_BID,"JPM,98327,166"
2019-06-28 14:52:00.000000000,BEST_ASK,"JPM,101108,100"
2019-06-28 14:52:00.000000000,BEST_BID,"JPM,98327,166"
2019-06-28 14:52:00.000000000,BEST_ASK,"JPM,101108,100"
2019-06-28 14:52:00.000000000,BEST_BID,"JPM,98327,166"
2019-06-28 14:52:00.000000000,BEST_ASK,"JPM,101108,212"
2019-06-28 14:52:00.000000000,BEST_BID,"JPM,98327,166"
2019-06-28 14:52:00.000000000,BEST_ASK,"JPM,101108,212"
2019-06-28 14:52:00.000000000,BEST_BID,"JPM,98327,166"
2019-06-28 14:52:00.000000000,BEST_ASK,"JPM,101108,212"
2019-06-28 14:52:00.000000000,QUERY_SPREAD,77
2019-06-28 14:52:00.000000000,BEST_BID,"JPM,98327,162"
2019-06-28 14:52:00.000000000,BEST_ASK,"JPM,101108,212"
2019-06-28 14:52:00.000000000,LAST_TRADE,"4,$98327.0000"
2019-06-28 14:52:00.000000000,QUERY_SPREAD,78
2019-06-28 14:52:00.000000000,BEST_BID,"JPM,98327,154"
2019-06-28 14:52:00.000000000,BEST_ASK,"JPM,101108,212"
2019-06-28 14:52:00.000000000,LAST_TRADE,"8,$98327.0000"
2019-06-28 14:52:00.000000000,QUERY_SPREAD,79
2019-06-28 14:52:00.000000000,BEST_BID,"JPM,98327,153"
2019-06-28 14:52:00.000000000,BEST_ASK,"JPM,101108,212"
2019-06-28 14:52:00.000000000,LAST_TRADE,"1,$98327.0000"
2019-06-28 14:52:00.000000000,QUERY_SPREAD,80
2019-06-28 14:52:00.000000000,BEST_BID,"JPM,98327,148"
2019-06-28 14:52:00.000000000,BEST_ASK,"JPM,101108,212"
2019-06-28 14:52:00.000000000,LAST_TRADE,"5,$98327.0000"
2019-06-28 14:52:00.000000000,QUERY_SPREAD,81
2019-06-28 14:52:00.000000000,BEST_BID,"JPM,98327,143"
2019-06-28 14:52:00.000000000,BEST_ASK,"JPM,101108,212"
2019-06-28 14:52:00.000000000,LAST_TRADE,"5,$98327.0000"
2019-06-28 14:52:00.000000000,QUERY_SPREAD,82
2019-06-28 14:52:00.000000000,BEST_BID,"JPM,98327,137"
2019-06-28 14:52:00.000000000,BEST_ASK,"JPM,101108,212"
2019-06-28 14:52:00.000000000,LAST_TRADE,"6,$98327.0000"
2019-06-28 14:52:00.000000000,QUERY_SPREAD,83
2019-06-28 14:52:00.000000000,BEST_BID,"JPM,98327,133"
2019-06-28 14:52:00.000000000,BEST_ASK,"JPM,101108,212"
2019-06-28 14:52:00.000000000,LAST_TRADE,"4,$98327.0000"
2019-06-28 14:52:00.000000000,QUERY_SPREAD,84
2019-06-28 14:52:00.000000000,BEST_BID,"JPM,98327,128"
2019-06-28 14:52:00.000000000,BEST_ASK,"JPM,101108,212"
2019-06-28 14:52:00.000000000,LAST_TRADE,"5,$98327.0000"
2019-06-28 14:52:00.000000000,QUERY_SPREAD,85
2019-06-28 14:52:00.000000000,BEST_BID,"JPM,98327,123"
2019-06-28 14:52:00.000000000,BEST_ASK,"JPM,101108,212"
2019-06-28 14:52:00.000000000,LAST_TRADE,"5,$98327.0000"
2019-06-28 14:52:00.000000000,QUERY_SPREAD,86
2019-06-28 14:52:00.000000000,BEST_BID,"JPM,98327,114"
2019-06-28 14:52:00.000000000,BEST_ASK,"JPM,101108,212"
2019-06-28 14:52:00.000000000,LAST_TRADE,"9,$98327.0000"
2019-06-28 14:52:00.000000000,QUERY_SPREAD,87
2019-06-28 14:52:00.000000000,BEST_BID,"JPM,98327,112"
2019-06-28 14:52:00.000000000,BEST_ASK,"JPM,101108,212"
2019-06-28 14:52:00.000000000,LAST_TRADE,"2,$98327.0000"
2019-06-28 14:52:00.000000000,QUERY_SPREAD,88
2019-06-28 14:52:00.000000000,BEST_BID,"JPM,98327,104"
2019-06-28 14:52:00.000000000,BEST_ASK,"JPM,101108,212"
2019-06-28 14:52:00.000000000,LAST_TRADE,"8,$98327.0000"
2019-06-28 14:52:00.000000000,QUERY_SPREAD,89
2019-06-28 14:52:00.000000000,BEST_BID,"JPM,98327,97"
2019-06-28 14:52:00.000000000,BEST_ASK,"JPM,101108,212"
2019-06-28 14:52:00.000000000,LAST_TRADE,"7,$98327.0000"
2019-06-28 14:52:00.000000000,QUERY_SPREAD,90
2019-06-28 14:52:00.000000000,BEST_BID,"JPM,98327,91"
2019-06-28 14:52:00.000000000,BEST_ASK,"JPM,101108,212"
2019-06-28 14:52:00.000000000,LAST_TRADE,"6,$98327.0000"
2019-06-28 14:52:00.000000000,QUERY_SPREAD,91
2019-06-28 14:52:00.000000000,BEST_BID,"JPM,98327,86"
2019-06-28 14:52:00.000000000,BEST_ASK,"JPM,101108,212"
2019-06-28 14:52:00.000000000,LAST_TRADE,"5,$98327.0000"
2019-06-28 14:52:00.000000000,QUERY_SPREAD,92
2019-06-28 14:52:00.000000000,BEST_BID,"JPM,98327,85"
2019-06-28 14:52:00.000000000,BEST_ASK,"JPM,101108,212"
2019-06-28 14:52:00.000000000,LAST_TRADE,"1,$98327.0000"
2019-06-28 14:52:00.000000000,QUERY_SPREAD,93
2019-06-28 14:52:00.000000000,BEST_BID,"JPM,98327,83"
2019-06-28 14:52:00.000000000,BEST_ASK,"JPM,101108,212"
2019-06-28 14:52:00.000000000,LAST_TRADE,"2,$98327.0000"
2019-06-28 14:52:00.000000000,QUERY_SPREAD,94
2019-06-28 14:52:00.000000000,BEST_BID,"JPM,98327,81"
2019-06-28 14:52:00.000000000,BEST_ASK,"JPM,101108,212"
2019-06-28 14:52:00.000000000,LAST_TRADE,"2,$98327.0000"
2019-06-28 14:52:00.000000000,QUERY_SPREAD,95
2019-06-28 14:52:00.000000000,BEST_BID,"JPM,98327,74"
2019-06-28 14:52:00.000000000,BEST_ASK,"JPM,101108,212"
2019-06-28 14:52:00.000000000,LAST_TRADE,"7,$98327.0000"
2019-06-28 14:52:00.000000000,QUERY_SPREAD,96
2019-06-28 14:52:00.000000000,BEST_BID,"JPM,98327,67"
2019-06-28 14:52:00.000000000,BEST_ASK,"JPM,101108,212"
2019-06-28 14:52:00.000000000,LAST_TRADE,"7,$98327.0000"
2019-06-28 14:52:00.000000000,QUERY_SPREAD,97
2019-06-28 14:52:00.000000000,BEST_BID,"JPM,98327,61"
2019-06-28 14:52:00.000000000,BEST_ASK,"JPM,101108,212"
2019-06-28 14:52:00.000000000,LAST_TRADE,"6,$98327.0000"
2019-06-28 14:52:00.000000000,QUERY_SPREAD,98
2019-06-28 14:52:00.000000000,BEST_BID,"JPM,98327,57"
2019-06-28 14:52:00.000000000,BEST_ASK,"JPM,101108,212"
2019-06-28 14:52:00.000000000,LAST_TRADE,"4,$98327.0000"
2019-06-28 14:52:00.000000000,QUERY_SPREAD,99
2019-06-28 14:52:00.000000000,BEST_BID,"JPM,98327,55"
2019-06-28 14:52:00.000000000,BEST_ASK,"JPM,101108,212"
2019-06-28 14:52:00.000000000,LAST_TRADE,"2,$98327.0000"
2019-06-28 14:52:00.000000000,QUERY_SPREAD,100
2019-06-28 14:52:00.000000000,BEST_BID,"JPM,98327,49"
2019-06-28 14:52:00.000000000,BEST_ASK,"JPM,101108,212"
2019-06-28 14:52:00.000000000,LAST_TRADE,"6,$98327.0000"
2019-06-28 14:52:00.000000000,QUERY_SPREAD,101
2019-06-28 14:52:00.000000000,QUERY_ORDER_STREAM,101
2019-06-28 14:52:01.275776481,QUERY_ORDER_STREAM,72
2019-06-28 14:52:01.275776481,QUERY_SPREAD,72
2019-06-28 14:52:01.275776481,BEST_BID,"JPM,98327,149"
2019-06-28 14:52:01.275776481,BEST_ASK,"JPM,101108,212"
2019-06-28 14:52:03.819702354,QUERY_SPREAD,51
2019-06-28 14:52:03.819702354,BEST_BID,"JPM,98327,149"
2019-06-28 14:52:03.819702354,BEST_ASK,"JPM,100432,100"
2019-06-28 14:52:10.000000000,QUERY_SPREAD,1
2019-06-28 14:52:10.000000000,BEST_BID,"JPM,98327,166"
2019-06-28 14:52:10.000000000,BEST_ASK,"JPM,100432,100"
2019-06-28 14:52:10.000000000,BEST_BID,"JPM,98327,166"
2019-06-28 14:52:10.000000000,BEST_ASK,"JPM,100432,100"
2019-06-28 14:52:10.000000000,BEST_BID,"JPM,98327,166"
2019-06-28 14:52:10.000000000,BEST_ASK,"JPM,100432,166"
2019-06-28 14:52:10.000000000,BEST_BID,"JPM,98327,166"
2019-06-28 14:52:10.000000000,BEST_ASK,"JPM,100432,166"
2019-06-28 14:52:10.000000000,BEST_BID,"JPM,98327,166"
2019-06-28 14:52:10.000000000,BEST_ASK,"JPM,100432,166"
2019-06-28 14:52:10.000000000,BEST_BID,"JPM,98327,166"
2019-06-28 14:52:10.000000000,BEST_ASK,"JPM,100432,166"
2019-06-28 14:52:10.000000000,BEST_BID,"JPM,98327,166"
2019-06-28 14:52:10.000000000,BEST_ASK,"JPM,100432,166"
2019-06-28 14:52:15.233946851,QUERY_ORDER_STREAM,55
2019-06-28 14:52:15.233946851,QUERY_SPREAD,55
2019-06-28 14:52:15.233946851,BEST_BID,"JPM,98327,266"
2019-06-28 14:52:15.233946851,BEST_ASK,"JPM,100432,166"
2019-06-28 14:52:20.000000000,QUERY_SPREAD,1
2019-06-28 14:52:20.000000000,BEST_BID,"JPM,98327,364"
2019-06-28 14:52:20.000000000,BEST_ASK,"JPM,100432,100"
2019-06-28 14:52:20.000000000,BEST_BID,"JPM,98327,364"
2019-06-28 14:52:20.000000000,BEST_ASK,"JPM,100432,100"
2019-06-28 14:52:20.000000000,BEST_BID,"JPM,98327,364"
2019-06-28 14:52:20.000000000,BEST_ASK,"JPM,100432,264"
2019-06-28 14:52:20.000000000,BEST_BID,"JPM,98327,364"
2019-06-28 14:52:20.000000000,BEST_ASK,"JPM,100432,264"
2019-06-28 14:52:30.000000000,QUERY_SPREAD,1
2019-06-28 14:52:30.000000000,BEST_BID,"JPM,98327,312"
2019-06-28 14:52:30.000000000,BEST_ASK,"JPM,100432,100"
2019-06-28 14:52:30.000000000,BEST_BID,"JPM,98327,312"
2019-06-28 14:52:30.000000000,BEST_ASK,"JPM,100432,100"
2019-06-28 14:52:30.000000000,BEST_BID,"JPM,98327,312"
2019-06-28 14:52:30.000000000,BEST_ASK,"JPM,100432,212"
2019-06-28 14:52:30.000000000,BEST_BID,"JPM,98327,312"
2019-06-28 14:52:30.000000000,BEST_ASK,"JPM,100432,212"
2019-06-28 14:52:30.000000000,BEST_BID,"JPM,98327,312"
2019-06-28 14:52:30.000000000,BEST_ASK,"JPM,100432,212"
2019-06-28 14:52:37.843229438,QUERY_SPREAD,33
2019-06-28 14:52:37.843229438,BEST_BID,"JPM,98327,312"
2019-06-28 14:52:37.843229438,BEST_ASK,"JPM,100432,112"
2019-06-28 14:52:37.843229438,LAST_TRADE,"100,$100432.0000"
2019-06-28 14:52:40.000000000,QUERY_SPREAD,1
2019-06-28 14:52:40.000000000,BEST_BID,"JPM,98327,312"
2019-06-28 14:52:40.000000000,BEST_ASK,"JPM,101108,100"
2019-06-28 14:52:40.000000000,BEST_BID,"JPM,98327,312"
2019-06-28 14:52:40.000000000,BEST_ASK,"JPM,101108,100"
2019-06-28 14:52:40.000000000,BEST_BID,"JPM,98327,312"
2019-06-28 14:52:40.000000000,BEST_ASK,"JPM,101108,212"
2019-06-28 14:52:40.000000000,BEST_BID,"JPM,98327,312"
2019-06-28 14:52:40.000000000,BEST_ASK,"JPM,101108,212"
2019-06-28 14:52:40.000000000,BEST_BID,"JPM,98327,312"
2019-06-28 14:52:40.000000000,BEST_ASK,"JPM,101108,212"
2019-06-28 14:52:50.000000000,QUERY_SPREAD,1
2019-06-28 14:52:50.000000000,BEST_BID,"JPM,98327,528"
2019-06-28 14:52:50.000000000,BEST_ASK,"JPM,101108,100"
2019-06-28 14:52:50.000000000,BEST_BID,"JPM,98327,528"
2019-06-28 14:52:50.000000000,BEST_ASK,"JPM,101108,428"
2019-06-28 14:52:50.204361650,QUERY_SPREAD,32
2019-06-28 14:52:50.204361650,BEST_BID,"JPM,100766,100"
2019-06-28 14:52:50.204361650,BEST_ASK,"JPM,101108,428"
2019-06-28 14:53:00.000000000,QUERY_SPREAD,1
2019-06-28 14:53:00.000000000,BEST_BID,"JPM,100766,264"
2019-06-28 14:53:00.000000000,BEST_ASK,"JPM,101108,100"
2019-06-28 14:53:00.000000000,BEST_BID,"JPM,100766,264"
2019-06-28 14:53:00.000000000,BEST_ASK,"JPM,101108,100"
2019-06-28 14:53:00.000000000,BEST_BID,"JPM,100766,264"
2019-06-28 14:53:00.000000000,BEST_ASK,"JPM,101108,264"
2019-06-28 14:53:00.000000000,BEST_BID,"JPM,100766,264"
2019-06-28 14:53:00.000000000,BEST_ASK,"JPM,101108,264"
2019-06-28 14:53:00.000000000,QUERY_SPREAD,77
2019-06-28 14:53:00.000000000,BEST_BID,"JPM,100766,260"
2019-06-28 14:53:00.000000000,BEST_ASK,"JPM,101108,264"
2019-06-28 14:53:00.000000000,LAST_TRADE,"4,$100766.0000"
2019-06-28 14:53:00.000000000,QUERY_SPREAD,78
2019-06-28 14:53:00.000000000,BEST_BID,"JPM,100766,252"
2019-06-28 14:53:00.000000000,BEST_ASK,"JPM,101108,264"
2019-06-28 14:53:00.000000000,LAST_TRADE,"8,$100766.0000"
2019-06-28 14:53:00.000000000,QUERY_SPREAD,79
2019-06-28 14:53:00.000000000,BEST_BID,"JPM,100766,251"
2019-06-28 14:53:00.000000000,BEST_ASK,"JPM,101108,264"
2019-06-28 14:53:00.000000000,LAST_TRADE,"1,$100766.0000"
2019-06-28 14:53:00.000000000,QUERY_SPREAD,80
2019-06-28 14:53:00.000000000,BEST_BID,"JPM,100766,246"
2019-06-28 14:53:00.000000000,BEST_ASK,"JPM,101108,264"
2019-06-28 14:53:00.000000000,LAST_TRADE,"5,$100766.0000"
2019-06-28 14:53:00.000000000,QUERY_SPREAD,81
2019-06-28 14:53:00.000000000,BEST_BID,"JPM,100766,241"
2019-06-28 14:53:00.000000000,BEST_ASK,"JPM,101108,264"
2019-06-28 14:53:00.000000000,LAST_TRADE,"5,$100766.0000"
2019-06-28 14:53:00.000000000,QUERY_SPREAD,82
2019-06-28 14:53:00.000000000,BEST_BID,"JPM,100766,235"
2019-06-28 14:53:00.000000000,BEST_ASK,"JPM,101108,264"
2019-06-28 14:53:00.000000000,LAST_TRADE,"6,$100766.0000"
2019-06-28 14:53:00.000000000,QUERY_SPREAD,83
2019-06-28 14:53:00.000000000,BEST_BID,"JPM,100766,231"
2019-06-28 14:53:00.000000000,BEST_ASK,"JPM,101108,264"
2019-06-28 14:53:00.000000000,LAST_TRADE,"4,$100766.0000"
2019-06-28 14:53:00.000000000,QUERY_SPREAD,84
2019-06-28 14:53:00.000000000,BEST_BID,"JPM,100766,226"
2019-06-28 14:53:00.000000000,BEST_ASK,"JPM,101108,264"
2019-06-28 14:53:00.000000000,LAST_TRADE,"5,$100766.0000"
2019-06-28 14:53:00.000000000,QUERY_SPREAD,85
2019-06-28 14:53:00.000000000,BEST_BID,"JPM,100766,221"
2019-06-28 14:53:00.000000000,BEST_ASK,"JPM,101108,264"
2019-06-28 14:53:00.000000000,LAST_TRADE,"5,$100766.0000"
2019-06-28 14:53:00.000000000,QUERY_SPREAD,86
2019-06-28 14:53:00.000000000,BEST_BID,"JPM,100766,212"
2019-06-28 14:53:00.000000000,BEST_ASK,"JPM,101108,264"
2019-06-28 14:53:00.000000000,LAST_TRADE,"9,$100766.0000"
2019-06-28 14:53:00.000000000,QUERY_SPREAD,87
2019-06-28 14:53:00.000000000,BEST_BID,"JPM,100766,210"
2019-06-28 14:53:00.000000000,BEST_ASK,"JPM,101108,264"
2019-06-28 14:53:00.000000000,LAST_TRADE,"2,$100766.0000"
2019-06-28 14:53:00.000000000,QUERY_SPREAD,88
2019-06-28 14:53:00.000000000,BEST_BID,"JPM,100766,202"
2019-06-28 14:53:00.000000000,BEST_ASK,"JPM,101108,264"
2019-06-28 14:53:00.000000000,LAST_TRADE,"8,$100766.0000"
2019-06-28 14:53:00.000000000,QUERY_SPREAD,89
2019-06-28 14:53:00.000000000,BEST_BID,"JPM,100766,195"
2019-06-28 14:53:00.000000000,BEST_ASK,"JPM,101108,264"
2019-06-28 14:53:00.000000000,LAST_TRADE,"7,$100766.0000"
2019-06-28 14:53:00.000000000,QUERY_SPREAD,90
2019-06-28 14:53:00.000000000,BEST_BID,"JPM,100766,189"
2019-06-28 14:53:00.000000000,BEST_ASK,"JPM,101108,264"
2019-06-28 14:53:00.000000000,LAST_TRADE,"6,$100766.0000"
2019-06-28 14:53:00.000000000,QUERY_SPREAD,91
2019-06-28 14:53:00.000000000,BEST_BID,"JPM,100766,184"
2019-06-28 14:53:00.000000000,BEST_ASK,"JPM,101108,264"
2019-06-28 14:53:00.000000000,LAST_TRADE,"5,$100766.0000"
2019-06-28 14:53:00.000000000,QUERY_SPREAD,92
2019-06-28 14:53:00.000000000,BEST_BID,"JPM,100766,183"
2019-06-28 14:53:00.000000000,BEST_ASK,"JPM,101108,264"
2019-06-28 14:53:00.000000000,LAST_TRADE,"1,$100766.0000"
2019-06-28 14:53:00.000000000,QUERY_SPREAD,93
2019-06-28 14:53:00.000000000,BEST_BID,"JPM,100766,181"
2019-06-28 14:53:00.000000000,BEST_ASK,"JPM,101108,264"
2019-06-28 14:53:00.000000000,LAST_TRADE,"2,$100766.0000"
2019-06-28 14:53:00.000000000,QUERY_SPREAD,94
2019-06-28 14:53:00.000000000,BEST_BID,"JPM,100766,179"
2019-06-28 14:53:00.000000000,BEST_ASK,"JPM,101108,264"
2019-06-28 14:53:00.000000000,LAST_TRADE,"2,$100766.0000"
2019-06-28 14:53:00.000000000,QUERY_SPREAD,95
2019-06-28 14:53:00.000000000,BEST_BID,"JPM,100766,172"
2019-06-28 14:53:00.000000000,BEST_ASK,"JPM,101108,264"
2019-06-28 14:53:00.000000000,LAST_TRADE,"7,$100766.0000"
2019-06-28 14:53:00.000000000,QUERY_SPREAD,96
2019-06-28 14:53:00.000000000,BEST_BID,"JPM,100766,165"
2019-06-28 14:53:00.000000000,BEST_ASK,"JPM,101108,264"
2019-06-28 14:53:00.000000000,LAST_TRADE,"7,$100766.0000"
2019-06-28 14:53:00.000000000,QUERY_SPREAD,97
2019-06-28 14:53:00.000000000,BEST_BID,"JPM,100766,159"
2019-06-28 14:53:00.000000000,BEST_ASK,"JPM,101108,264"
2019-06-28 14:53:00.000000000,LAST_TRADE,"6,$100766.0000"
2019-06-28 14:53:00.000000000,QUERY_SPREAD,98
2019-06-28 14:53:00.000000000,BEST_BID,"JPM,100766,155"
2019-06-28 14:53:00.000000000,BEST_ASK,"JPM,101108,264"
2019-06-28 14:53:00.000000000,LAST_TRADE,"4,$100766.0000"
2019-06-28 14:53:00.000000000,QUERY_SPREAD,99
2019-06-28 14:53:00.000000000,BEST_BID,"JPM,100766,153"
2019-06-28 14:53:00.000000000,BEST_ASK,"JPM,101108,264"
2019-06-28 14:53:00.000000000,LAST_TRADE,"2,$100766.0000"
2019-06-28 14:53:00.000000000,QUERY_SPREAD,100
2019-06-28 14:53:00.000000000,BEST_BID,"JPM,100766,147"
2019-06-28 14:53:00.000000000,BEST_ASK,"JPM,101108,264"
2019-06-28 14:53:00.000000000,LAST_TRADE,"6,$100766.0000"
2019-06-28 14:53:00.000000000,QUERY_SPREAD,101
2019-06-28 14:53:00.000000000,QUERY_ORDER_STREAM,101
2019-06-28 14:53:00.000000000,BEST_BID,"JPM,100766,139"
2019-06-28 14:53:00.000000000,BEST_ASK,"JPM,101108,264"
2019-06-28 14:53:00.000000000,LAST_TRADE,"8,$100766.0000"
2019-06-28 14:53:10.000000000,QUERY_SPREAD,1
2019-06-28 14:53:10.000000000,BEST_BID,"JPM,98327,266"
2019-06-28 14:53:10.000000000,BEST_ASK,"JPM,101108,100"
2019-06-28 14:53:10.000000000,BEST_BID,"JPM,98327,266"
2019-06-28 14:53:10.000000000,BEST_ASK,"JPM,101108,100"
2019-06-28 14:53:10.000000000,BEST_BID,"JPM,98327,266"
2019-06-28 14:53:10.000000000,BEST_ASK,"JPM,101108,166"
2019-06-28 14:53:10.000000000,BEST_BID,"JPM,98327,266"
2019-06-28 14:53:10.000000000,BEST_ASK,"JPM,101108,166"
2019-06-28 14:53:10.000000000,BEST_BID,"JPM,98327,266"
2019-06-28 14:53:10.000000000,BEST_ASK,"JPM,101108,166"
2019-06-28 14:53:10.000000000,BEST_BID,"JPM,98327,266"
2019-06-28 14:53:10.000000000,BEST_ASK,"JPM,101108,166"
2019-06-28 14:53:10.000000000,BEST_BID,"JPM,98327,266"
2019-06-28 14:53:10.000000000,BEST_ASK,"JPM,101108,166"
2019-06-28 14:53:14.609329305,QUERY_SPREAD,5
2019-06-28 14:53:14.609329305,BEST_BID,"JPM,98327,266"
2019-06-28 14:53:14.609329305,BEST_ASK,"JPM,100607,100"
2019-06-28 14:53:20.000000000,QUERY_SPREAD,1
2019-06-28 14:53:20.000000000,BEST_BID,"JPM,98327,312"
2019-06-28 14:53:20.000000000,BEST_ASK,"JPM,100607,100"
2019-06-28 14:53:20.000000000,BEST_BID,"JPM,98327,312"
2019-06-28 14:53:20.000000000,BEST_ASK,"JPM,100607,100"
2019-06-28 14:53:20.000000000,BEST_BID,"JPM,98327,312"
2019-06-28 14:53:20.000000000,BEST_ASK,"JPM,100607,212"
2019-06-28 14:53:20.000000000,BEST_BID,"JPM,98327,312"
2019-06-28 14:53:20.000000000,BEST_ASK,"JPM,100607,212"
2019-06-28 14:53:20.000000000,BEST_BID,"JPM,98327,312"
2019-06-28 14:53:20.000000000,BEST_ASK,"JPM,100607,212"
2019-06-28 14:53:24.507151784,QUERY_ORDER_STREAM,70
2019-06-28 14:53:24.507151784,QUERY_SPREAD,70
2019-06-28 14:53:24.507151784,BEST_BID,"JPM,98327,312"
2019-06-28 14:53:24.507151784,BEST_ASK,"JPM,100607,212"
2019-06-28 14:53:30.000000000,QUERY_SPREAD,1
2019-06-28 14:53:30.000000000,BEST_BID,"JPM,98327,312"
2019-06-28 14:53:30.000000000,BEST_ASK,"JPM,100607,100"
2019-06-28 14:53:30.000000000,BEST_BID,"JPM,98327,312"
2019-06-28 14:53:30.000000000,BEST_ASK,"JPM,100607,100"
2019-06-28 14:53:30.000000000,BEST_BID,"JPM,98327,312"
2019-06-28 14:53:30.000000000,BEST_ASK,"JPM,100607,212"
2019-06-28 14:53:30.000000000,BEST_BID,"JPM,98327,312"
2019-06-28 14:53:30.000000000,BEST_ASK,"JPM,100607,212"
2019-06-28 14:53:30.000000000,BEST_BID,"JPM,98327,312"
2019-06-28 14:53:30.000000000,BEST_ASK,"JPM,100607,212"
2019-06-28 14:53:38.792008754,QUERY_SPREAD,51
2019-06-28 14:53:38.792008754,BEST_BID,"JPM,98327,312"
2019-06-28 14:53:38.792008754,BEST_ASK,"JPM,100596,100"
2019-06-28 14:53:40.000000000,QUERY_SPREAD,1
2019-06-28 14:53:40.000000000,BEST_BID,"JPM,98327,528"
2019-06-28 14:53:40.000000000,BEST_ASK,"JPM,100596,100"
2019-06-28 14:53:40.000000000,BEST_BID,"JPM,98327,528"
2019-06-28 14:53:40.000000000,BEST_ASK,"JPM,100596,428"
2019-06-28 14:53:40.453996702,QUERY_SPREAD,30
2019-06-28 14:53:40.453996702,BEST_BID,"JPM,98327,528"
2019-06-28 14:53:40.453996702,BEST_ASK,"JPM,100272,100"
2019-06-28 14:53:41.559765617,QUERY_SPREAD,8
2019-06-28 14:53:41.559765617,BEST_BID,"JPM,98327,528"
2019-06-28 14:53:41.559765617,BEST_ASK,"JPM,100596,428"
2019-06-28 14:53:41.559765617,LAST_TRADE,"100,$100272.0000"
2019-06-28 14:53:46.420185403,QUERY_SPREAD,12
2019-06-28 14:53:46.420185403,BEST_BID,"JPM,98327,528"
2019-06-28 14:53:46.420185403,BEST_ASK,"JPM,100495,100"
2019-06-28 14:53:50.000000000,QUERY_SPREAD,1
2019-06-28 14:53:50.000000000,BEST_BID,"JPM,98327,312"
2019-06-28 14:53:50.000000000,BEST_ASK,"JPM,100495,100"
2019-06-28 14:53:50.000000000,BEST_BID,"JPM,98327,312"
2019-06-28 14:53:50.000000000,BEST_ASK,"JPM,100495,100"
2019-06-28 14:53:50.000000000,BEST_BID,"JPM,98327,312"
2019-06-28 14:53:50.000000000,BEST_ASK,"JPM,100495,212"
2019-06-28 14:53:50.000000000,BEST_BID,"JPM,98327,312"
2019-06-28 14:53:50.000000000,BEST_ASK,"JPM,100495,212"
2019-06-28 14:53:50.000000000,BEST_BID,"JPM,98327,312"
2019-06-28 14:53:50.000000000,BEST_ASK,"JPM,100495,212"
2019-06-28 14:53:56.604616597,QUERY_SPREAD,31
2019-06-28 14:53:56.604616597,BEST_BID,"JPM,100355,100"
2019-06-28 14:53:56.604616597,BEST_ASK,"JPM,100495,212"
2019-06-28 14:54:00.000000000,QUERY_SPREAD,1
2019-06-28 14:54:00.000000000,BEST_BID,"JPM,100355,264"
2019-06-28 14:54:00.000000000,BEST_ASK,"JPM,100495,100"
2019-06-28 14:54:00.000000000,BEST_BID,"JPM,100355,264"
2019-06-28 14:54:00.000000000,BEST_ASK,"JPM,100495,100"
2019-06-28 14:54:00.000000000,BEST_BID,"JPM,100355,264"
2019-06-28 14:54:00.000000000,BEST_ASK,"JPM,100495,264"
2019-06-28 14:54:00.000000000,BEST_BID,"JPM,100355,264"
2019-06-28 14:54:00.000000000,BEST_ASK,"JPM,100495,264"
2019-06-28 14:54:00.000000000,QUERY_SPREAD,77
2019-06-28 14:54:00.000000000,BEST_BID,"JPM,100355,260"
2019-06-28 14:54:00.000000000,BEST_ASK,"JPM,100495,264"
2019-06-28 14:54:00.000000000,LAST_TRADE,"4,$100355.0000"
2019-06-28 14:54:00.000000000,QUERY_SPREAD,78
2019-06-28 14:54:00.000000000,BEST_BID,"JPM,100355,252"
2019-06-28 14:54:00.000000000,BEST_ASK,"JPM,100495,264"
2019-06-28 14:54:00.000000000,LAST_TRADE,"8,$100355.0000"
2019-06-28 14:54:00.000000000,QUERY_SPREAD,79
2019-06-28 14:54:00.000000000,BEST_BID,"JPM,100355,251"
2019-06-28 14:54:00.000000000,BEST_ASK,"JPM,100495,264"
2019-06-28 14:54:00.000000000,LAST_TRADE,"1,$100355.0000"
2019-06-28 14:54:00.000000000,QUERY_SPREAD,80
2019-06-28 14:54:00.000000000,BEST_BID,"JPM,100355,246"
2019-06-28 14:54:00.000000000,BEST_ASK,"JPM,100495,264"
2019-06-28 14:54:00.000000000,LAST_TRADE,"5,$100355.0000"
2019-06-28 14:54:00.000000000,QUERY_SPREAD,81
2019-06-28 14:54:00.000000000,BEST_BID,"JPM,100355,241"
2019-06-28 14:54:00.000000000,BEST_ASK,"JPM,100495,264"
2019-06-28 14:54:00.000000000,LAST_TRADE,"5,$100355.0000"
2019-06-28 14:54:00.000000000,QUERY_SPREAD,82
2019-06-28 14:54:00.000000000,BEST_BID,"JPM,100355,235"
2019-06-28 14:54:00.000000000,BEST_ASK,"JPM,100495,264"
2019-06-28 14:54:00.000000000,LAST_TRADE,"6,$100355.0000"
2019-06-28 14:54:00.000000000,QUERY_SPREAD,83
2019-06-28 14:54:00.000000000,BEST_BID,"JPM,100355,231"
2019-06-28 14:54:00.000000000,BEST_ASK,"JPM,100495,264"
2019-06-28 14:54:00.000000000,LAST_TRADE,"4,$100355.0000"
2019-06-28 14:54:00.000000000,QUERY_SPREAD,84
2019-06-28 14:54:00.000000000,BEST_BID,"JPM,100355,226"
2019-06-28 14:54:00.000000000,BEST_ASK,"JPM,100495,264"
2019-06-28 14:54:00.000000000,LAST_TRADE,"5,$100355.0000"
2019-06-28 14:54:00.000000000,QUERY_SPREAD,85
2019-06-28 14:54:00.000000000,BEST_BID,"JPM,100355,221"
2019-06-28 14:54:00.000000000,BEST_ASK,"JPM,100495,264"
2019-06-28 14:54:00.000000000,LAST_TRADE,"5,$100355.0000"
2019-06-28 14:54:00.000000000,QUERY_SPREAD,86
2019-06-28 14:54:00.000000000,BEST_BID,"JPM,100355,212"
2019-06-28 14:54:00.000000000,BEST_ASK,"JPM,100495,264"
2019-06-28 14:54:00.000000000,LAST_TRADE,"9,$100355.0000"
2019-06-28 14:54:00.000000000,QUERY_SPREAD,87
2019-06-28 14:54:00.000000000,BEST_BID,"JPM,100355,210"
2019-06-28 14:54:00.000000000,BEST_ASK,"JPM,100495,264"
2019-06-28 14:54:00.000000000,LAST_TRADE,"2,$100355.0000"
2019-06-28 14:54:00.000000000,QUERY_SPREAD,88
2019-06-28 14:54:00.000000000,BEST_BID,"JPM,100355,202"
2019-06-28 14:54:00.000000000,BEST_ASK,"JPM,100495,264"
2019-06-28 14:54:00.000000000,LAST_TRADE,"8,$100355.0000"
2019-06-28 14:54:00.000000000,QUERY_SPREAD,89
2019-06-28 14:54:00.000000000,BEST_BID,"JPM,100355,195"
2019-06-28 14:54:00.000000000,BEST_ASK,"JPM,100495,264"
2019-06-28 14:54:00.000000000,LAST_TRADE,"7,$100355.0000"
2019-06-28 14:54:00.000000000,QUERY_SPREAD,90
2019-06-28 14:54:00.000000000,BEST_BID,"JPM,100355,189"
2019-06-28 14:54:00.000000000,BEST_ASK,"JPM,100495,264"
2019-06-28 14:54:00.000000000,LAST_TRADE,"6,$100355.0000"
2019-06-28 14:54:00.000000000,QUERY_SPREAD,91
2019-06-28 14:54:00.000000000,BEST_BID,"JPM,100355,184"
2019-06-28 14:54:00.000000000,BEST_ASK,"JPM,100495,264"
2019-06-28 14:54:00.000000000,LAST_TRADE,"5,$100355.0000"
2019-06-28 14:54:00.000000000,QUERY_SPREAD,92
2019-06-28 14:54:00.000000000,BEST_BID,"JPM,100355,183"
2019-06-28 14:54:00.000000000,BEST_ASK,"JPM,100495,264"
2019-06-28 14:54:00.000000000,LAST_TRADE,"1,$100355.0000"
2019-06-28 14:54:00.000000000,QUERY_SPREAD,93
2019-06-28 14:54:00.000000000,BEST_BID,"JPM,100355,181"
2019-06-28 14:54:00.000000000,BEST_ASK,"JPM,100495,264"
2019-06-28 14:54:00.000000000,LAST_TRADE,"2,$100355.0000"
2019-06-28 14:54:00.000000000,QUERY_SPREAD,94
2019-06-28 14:54:00.000000000,BEST_BID,"JPM,100355,179"
2019-06-28 14:54:00.000000000,BEST_ASK,"JPM,100495,264"
2019-06-28 14:54:00.000000000,LAST_TRADE,"2,$100355.0000"
2019-06-28 14:54:00.000000000,QUERY_SPREAD,95
2019-06-28 14:54:00.000000000,BEST_BID,"JPM,100355,172"
2019-06-28 14:54:00.000000000,BEST_ASK,"JPM,100495,264"
2019-06-28 14:54:00.000000000,LAST_TRADE,"7,$100355.0000"
2019-06-28 14:54:00.000000000,QUERY_SPREAD,96
2019-06-28 14:54:00.000000000,BEST_BID,"JPM,100355,165"
2019-06-28 14:54:00.000000000,BEST_ASK,"JPM,100495,264"
2019-06-28 14:54:00.000000000,LAST_TRADE,"7,$100355.0000"
2019-06-28 14:54:00.000000000,QUERY_SPREAD,97
2019-06-28 14:54:00.000000000,BEST_BID,"JPM,100355,159"
2019-06-28 14:54:00.000000000,BEST_ASK,"JPM,100495,264"
2019-06-28 14:54:00.000000000,LAST_TRADE,"6,$100355.0000"
2019-06-28 14:54:00.000000000,QUERY_SPREAD,98
2019-06-28 14:54:00.000000000,BEST_BID,"JPM,100355,155"
2019-06-28 14:54:00.000000000,BEST_ASK,"JPM,100495,264"
2019-06-28 14:54:00.000000000,LAST_TRADE,"4,$100355.0000"
2019-06-28 14:54:00.000000000,QUERY_SPREAD,99
2019-06-28 14:54:00.000000000,BEST_BID,"JPM,100355,153"
2019-06-28 14:54:00.000000000,BEST_ASK,"JPM,100495,264"
2019-06-28 14:54:00.000000000,LAST_TRADE,"2,$100355.0000"
2019-06-28 14:54:00.000000000,QUERY_SPREAD,100
2019-06-28 14:54:00.000000000,BEST_BID,"JPM,100355,147"
2019-06-28 14:54:00.000000000,BEST_ASK,"JPM,100495,264"
2019-06-28 14:54:00.000000000,LAST_TRADE,"6,$100355.0000"
2019-06-28 14:54:00.000000000,QUERY_SPREAD,101
2019-06-28 14:54:00.000000000,QUERY_ORDER_STREAM,101
2019-06-28 14:54:10.000000000,QUERY_SPREAD,1
2019-06-28 14:54:10.000000000,BEST_BID,"JPM,98327,266"
2019-06-28 14:54:10.000000000,BEST_ASK,"JPM,100495,100"
2019-06-28 14:54:10.000000000,BEST_BID,"JPM,98327,266"
2019-06-28 14:54:10.000000000,BEST_ASK,"JPM,100495,100"
2019-06-28 14:54:10.000000000,BEST_BID,"JPM,98327,266"
2019-06-28 14:54:10.000000000,BEST_ASK,"JPM,100495,166"
2019-06-28 14:54:10.000000000,BEST_BID,"JPM,98327,266"
2019-06-28 14:54:10.000000000,BEST_ASK,"JPM,100495,166"
2019-06-28 14:54:10.000000000,BEST_BID,"JPM,98327,266"
2019-06-28 14:54:10.000000000,BEST_ASK,"JPM,100495,166"
2019-06-28 14:54:10.000000000,BEST_BID,"JPM,98327,266"
2019-06-28 14:54:10.000000000,BEST_ASK,"JPM,100495,166"
2019-06-28 14:54:10.000000000,BEST_BID,"JPM,98327,266"
2019-06-28 14:54:10.000000000,BEST_ASK,"JPM,100495,166"
2019-06-28 14:54:18.155312853,QUERY_SPREAD,51
2019-06-28 14:54:18.155312853,BEST_BID,"JPM,100434,100"
2019-06-28 14:54:18.155312853,BEST_ASK,"JPM,100495,166"
2019-06-28 14:54:20.000000000,QUERY_SPREAD,1
2019-06-28 14:54:20.000000000,BEST_BID,"JPM,100434,166"
2019-06-28 14:54:20.000000000,BEST_ASK,"JPM,100495,100"
2019-06-28 14:54:20.000000000,BEST_BID,"JPM,100434,166"
2019-06-28 14:54:20.000000000,BEST_ASK,"JPM,100495,100"
2019-06-28 14:54:20.000000000,BEST_BID,"JPM,100434,166"
2019-06-28 14:54:20.000000000,BEST_ASK,"JPM,100495,100"
2019-06-28 14:54:20.000000000,BEST_BID,"JPM,100434,166"
2019-06-28 14:54:20.000000000,BEST_ASK,"JPM,100495,166"
2019-06-28 14:54:20.000000000,BEST_BID,"JPM,100434,166"
2019-06-28 14:54:20.000000000,BEST_ASK,"JPM,100495,166"
2019-06-28 14:54:20.000000000,BEST_BID,"JPM,100434,166"
2019-06-28 14:54:20.000000000,BEST_ASK,"JPM,100495,166"
2019-06-28 14:54:20.000000000,BEST_BID,"JPM,100434,166"
2019-06-28 14:54:20.000000000,BEST_ASK,"JPM,100495,166"
2019-06-28 14:54:20.000000000,BEST_BID,"JPM,100434,166"
2019-06-28 14:54:20.000000000,BEST_ASK,"JPM,100495,166"
2019-06-28 14:54:30.000000000,QUERY_SPREAD,1
2019-06-28 14:54:30.000000000,BEST_BID,"JPM,100434,428"
2019-06-28 14:54:30.000000000,BEST_ASK,"JPM,100495,100"
2019-06-28 14:54:30.000000000,BEST_BID,"JPM,100434,428"
2019-06-28 14:54:30.000000000,BEST_ASK,"JPM,100495,428"
2019-06-28 14:54:40.000000000,QUERY_SPREAD,1
2019-06-28 14:54:40.000000000,BEST_BID,"JPM,100434,212"
2019-06-28 14:54:40.000000000,BEST_ASK,"JPM,100495,100"
2019-06-28 14:54:40.000000000,BEST_BID,"JPM,100434,212"
2019-06-28 14:54:40.000000000,BEST_ASK,"JPM,100495,100"
2019-06-28 14:54:40.000000000,BEST_BID,"JPM,100434,212"
2019-06-28 14:54:40.000000000,BEST_ASK,"JPM,100495,100"
2019-06-28 14:54:40.000000000,BEST_BID,"JPM,100434,212"
2019-06-28 14:54:40.000000000,BEST_ASK,"JPM,100495,212"
2019-06-28 14:54:40.000000000,BEST_BID,"JPM,100434,212"
2019-06-28 14:54:40.000000000,BEST_ASK,"JPM,100495,212"
2019-06-28 14:54:40.000000000,BEST_BID,"JPM,100434,212"
2019-06-28 14:54:40.000000000,BEST_ASK,"JPM,100495,212"
2019-06-28 14:54:42.527589411,QUERY_ORDER_STREAM,64
2019-06-28 14:54:42.527589411,QUERY_SPREAD,64
2019-06-28 14:54:42.527589411,BEST_BID,"JPM,100434,212"
2019-06-28 14:54:42.527589411,BEST_ASK,"JPM,100495,212"
2019-06-28 14:54:50.000000000,QUERY_SPREAD,1
2019-06-28 14:54:50.000000000,BEST_BID,"JPM,100434,428"
2019-06-28 14:54:50.000000000,BEST_ASK,"JPM,100495,100"
2019-06-28 14:54:50.000000000,BEST_BID,"JPM,100434,428"
2019-06-28 14:54:50.000000000,BEST_ASK,"JPM,100495,428"
2019-06-28 14:54:52.841377968,QUERY_SPREAD,17
2019-06-28 14:54:52.841377968,BEST_BID,"JPM,100434,428"
2019-06-28 14:54:52.841377968,BEST_ASK,"JPM,100471,100"
2019-06-28 14:54:59.180697482,QUERY_ORDER_STREAM,64
2019-06-28 14:54:59.180697482,QUERY_SPREAD,64
2019-06-28 14:55:00.000000000,QUERY_SPREAD,1
2019-06-28 14:55:00.000000000,BEST_BID,"JPM,100434,428"
2019-06-28 14:55:00.000000000,BEST_ASK,"JPM,100471,100"
2019-06-28 14:55:00.000000000,BEST_BID,"JPM,100434,428"
2019-06-28 14:55:00.000000000,BEST_ASK,"JPM,100471,428"
2019-06-28 14:55:00.000000000,QUERY_SPREAD,77
2019-06-28 14:55:00.000000000,BEST_BID,"JPM,100434,424"
2019-06-28 14:55:00.000000000,BEST_ASK,"JPM,100471,428"
2019-06-28 14:55:00.000000000,LAST_TRADE,"4,$100434.0000"
2019-06-28 14:55:00.000000000,QUERY_SPREAD,78
2019-06-28 14:55:00.000000000,BEST_BID,"JPM,100434,416"
2019-06-28 14:55:00.000000000,BEST_ASK,"JPM,100471,428"
2019-06-28 14:55:00.000000000,LAST_TRADE,"8,$100434.0000"
2019-06-28 14:55:00.000000000,QUERY_SPREAD,79
2019-06-28 14:55:00.000000000,BEST_BID,"JPM,100434,415"
2019-06-28 14:55:00.000000000,BEST_ASK,"JPM,100471,428"
2019-06-28 14:55:00.000000000,LAST_TRADE,"1,$100434.0000"
2019-06-28 14:55:00.000000000,QUERY_SPREAD,80
2019-06-28 14:55:00.000000000,BEST_BID,"JPM,100434,410"
2019-06-28 14:55:00.000000000,BEST_ASK,"JPM,100471,428"
2019-06-28 14:55:00.000000000,LAST_TRADE,"5,$100434.0000"
2019-06-28 14:55:00.000000000,QUERY_SPREAD,81
2019-06-28 14:55:00.000000000,BEST_BID,"JPM,100434,405"
2019-06-28 14:55:00.000000000,BEST_ASK,"JPM,100471,428"
2019-06-28 14:55:00.000000000,LAST_TRADE,"5,$100434.0000"
2019-06-28 14:55:00.000000000,QUERY_SPREAD,82
2019-06-28 14:55:00.000000000,BEST_BID,"JPM,100434,399"
2019-06-28 14:55:00.000000000,BEST_ASK,"JPM,100471,428"
2019-06-28 14:55:00.000000000,LAST_TRADE,"6,$100434.0000"
2019-06-28 14:55:00.000000000,QUERY_SPREAD,83
2019-06-28 14:55:00.000000000,BEST_BID,"JPM,100434,395"
2019-06-28 14:55:00.000000000,BEST_ASK,"JPM,100471,428"
2019-06-28 14:55:00.000000000,LAST_TRADE,"4,$100434.0000"
2019-06-28 14:55:00.000000000,QUERY_SPREAD,84
2019-06-28 14:55:00.000000000,BEST_BID,"JPM,100434,390"
2019-06-28 14:55:00.000000000,BEST_ASK,"JPM,100471,428"
2019-06-28 14:55:00.000000000,LAST_TRADE,"5,$100434.0000"
2019-06-28 14:55:00.000000000,QUERY_SPREAD,85
2019-06-28 14:55:00.000000000,BEST_BID,"JPM,100434,385"
2019-06-28 14:55:00.000000000,BEST_ASK,"JPM,100471,428"
2019-06-28 14:55:00.000000000,LAST_TRADE,"5,$100434.0000"
2019-06-28 14:55:00.000000000,QUERY_SPREAD,86
2019-06-28 14:55:00.000000000,BEST_BID,"JPM,100434,376"
2019-06-28 14:55:00.000000000,BEST_ASK,"JPM,100471,428"
2019-06-28 14:55:00.000000000,LAST_TRADE,"9,$100434.0000"
2019-06-28 14:55:00.000000000,QUERY_SPREAD,87
2019-06-28 14:55:00.000000000,BEST_BID,"JPM,100434,374"
2019-06-28 14:55:00.000000000,BEST_ASK,"JPM,100471,428"
2019-06-28 14:55:00.000000000,LAST_TRADE,"2,$100434.0000"
2019-06-28 14:55:00.000000000,QUERY_SPREAD,88
2019-06-28 14:55:00.000000000,BEST_BID,"JPM,100434,366"
2019-06-28 14:55:00.000000000,BEST_ASK,"JPM,100471,428"
2019-06-28 14:55:00.000000000,LAST_TRADE,"8,$100434.0000"
2019-06-28 14:55:00.000000000,QUERY_SPREAD,89
2019-06-28 14:55:00.000000000,BEST_BID,"JPM,100434,359"
2019-06-28 14:55:00.000000000,BEST_ASK,"JPM,100471,428"
2019-06-28 14:55:00.000000000,LAST_TRADE,"7,$100434.0000"
2019-06-28 14:55:00.000000000,QUERY_SPREAD,90
2019-06-28 14:55:00.000000000,BEST_BID,"JPM,100434,353"
2019-06-28 14:55:00.000000000,BEST_ASK,"JPM,100471,428"
2019-06-28 14:55:00.000000000,LAST_TRADE,"6,$100434.0000"
2019-06-28 14:55:00.000000000,QUERY_SPREAD,91
2019-06-28 14:55:00.000000000,BEST_BID,"JPM,100434,348"
2019-06-28 14:55:00.000000000,BEST_ASK,"JPM,100471,428"
2019-06-28 14:55:00.000000000,LAST_TRADE,"5,$100434.0000"
2019-06-28 14:55:00.000000000,QUERY_SPREAD,92
2019-06-28 14:55:00.000000000,BEST_BID,"JPM,100434,347"
2019-06-28 14:55:00.000000000,BEST_ASK,"JPM,100471,428"
2019-06-28 14:55:00.000000000,LAST_TRADE,"1,$100434.0000"
2019-06-28 14:55:00.000000000,QUERY_SPREAD,93
2019-06-28 14:55:00.000000000,BEST_BID,"JPM,100434,345"
2019-06-28 14:55:00.000000000,BEST_ASK,"JPM,100471,428"
2019-06-28 14:55:00.000000000,LAST_TRADE,"2,$100434.0000"
2019-06-28 14:55:00.000000000,QUERY_SPREAD,94
2019-06-28 14:55:00.000000000,BEST_BID,"JPM,100434,343"
2019-06-28 14:55:00.000000000,BEST_ASK,"JPM,100471,428"
2019-06-28 14:55:00.000000000,LAST_TRADE,"2,$100434.0000"
2019-06-28 14:55:00.000000000,QUERY_SPREAD,95
2019-06-28 14:55:00.000000000,BEST_BID,"JPM,100434,336"
2019-06-28 14:55:00.000000000,BEST_ASK,"JPM,100471,428"
2019-06-28 14:55:00.000000000,LAST_TRADE,"7,$100434.0000"
2019-06-28 14:55:00.000000000,QUERY_SPREAD,96
2019-06-28 14:55:00.000000000,BEST_BID,"JPM,100434,329"
2019-06-28 14:55:00.000000000,BEST_ASK,"JPM,100471,428"
2019-06-28 14:55:00.000000000,LAST_TRADE,"7,$100434.0000"
2019-06-28 14:55:00.000000000,QUERY_SPREAD,97
2019-06-28 14:55:00.000000000,BEST_BID,"JPM,100434,323"
2019-06-28 14:55:00.000000000,BEST_ASK,"JPM,100471,428"
2019-06-28 14:55:00.000000000,LAST_TRADE,"6,$100434.0000"
2019-06-28 14:55:00.000000000,QUERY_SPREAD,98
2019-06-28 14:55:00.000000000,BEST_BID,"JPM,100434,319"
2019-06-28 14:55:00.000000000,BEST_ASK,"JPM,100471,428"
2019-06-28 14:55:00.000000000,LAST_TRADE,"4,$100434.0000"
2019-06-28 14:55:00.000000000,QUERY_SPREAD,99
2019-06-28 14:55:00.000000000,BEST_BID,"JPM,100434,317"
2019-06-28 14:55:00.000000000,BEST_ASK,"JPM,100471,428"
2019-06-28 14:55:00.000000000,LAST_TRADE,"2,$100434.0000"
2019-06-28 14:55:00.000000000,QUERY_SPREAD,100
2019-06-28 14:55:00.000000000,BEST_BID,"JPM,100434,311"
2019-06-28 14:55:00.000000000,BEST_ASK,"JPM,100471,428"
2019-06-28 14:55:00.000000000,LAST_TRADE,"6,$100434.0000"
2019-06-28 14:55:00.000000000,QUERY_SPREAD,101
2019-06-28 14:55:00.000000000,QUERY_ORDER_STREAM,101
2019-06-28 14:55:10.000000000,QUERY_SPREAD,1
2019-06-28 14:55:10.000000000,BEST_BID,"JPM,98327,312"
2019-06-28 14:55:10.000000000,BEST_ASK,"JPM,100471,100"
2019-06-28 14:55:10.000000000,BEST_BID,"JPM,98327,312"
2019-06-28 14:55:10.000000000,BEST_ASK,"JPM,100471,100"
2019-06-28 14:55:10.000000000,BEST_BID,"JPM,98327,312"
2019-06-28 14:55:10.000000000,BEST_ASK,"JPM,100471,212"
2019-06-28 14:55:10.000000000,BEST_BID,"JPM,98327,312"
2019-06-28 14:55:10.000000000,BEST_ASK,"JPM,100471,212"
2019-06-28 14:55:10.000000000,BEST_BID,"JPM,98327,312"
2019-06-28 14:55:10.000000000,BEST_ASK,"JPM,100471,212"
2019-06-28 14:55:20.000000000,QUERY_SPREAD,1
2019-06-28 14:55:20.000000000,BEST_BID,"JPM,98327,364"
2019-06-28 14:55:20.000000000,BEST_ASK,"JPM,100471,100"
2019-06-28 14:55:20.000000000,BEST_BID,"JPM,98327,364"
2019-06-28 14:55:20.000000000,BEST_ASK,"JPM,100471,100"
2019-06-28 14:55:20.000000000,BEST_BID,"JPM,98327,364"
2019-06-28 14:55:20.000000000,BEST_ASK,"JPM,100471,264"
2019-06-28 14:55:20.000000000,BEST_BID,"JPM,98327,364"
2019-06-28 14:55:20.000000000,BEST_ASK,"JPM,100471,264"
2019-06-28 14:55:30.000000000,QUERY_SPREAD,1
2019-06-28 14:55:30.000000000,BEST_BID,"JPM,98327,312"
2019-06-28 14:55:30.000000000,BEST_ASK,"JPM,100471,100"
2019-06-28 14:55:30.000000000,BEST_BID,"JPM,98327,312"
2019-06-28 14:55:30.000000000,BEST_ASK,"JPM,100471,100"
2019-06-28 14:55:30.000000000,BEST_BID,"JPM,98327,312"
2019-06-28 14:55:30.000000000,BEST_ASK,"JPM,100471,212"
2019-06-28 14:55:30.000000000,BEST_BID,"JPM,98327,312"
2019-06-28 14:55:30.000000000,BEST_ASK,"JPM,100471,212"
2019-06-28 14:55:30.000000000,BEST_BID,"JPM,98327,312"
2019-06-28 14:55:30.000000000,BEST_ASK,"JPM,100471,212"
2019-06-28 14:55:34.556304003,QUERY_SPREAD,36
2019-06-28 14:55:34.556304003,BEST_BID,"JPM,98327,312"
2019-06-28 14:55:34.556304003,BEST_ASK,"JPM,100471,212"
2019-06-28 14:55:40.000000000,QUERY_SPREAD,1
2019-06-28 14:55:40.000000000,BEST_BID,"JPM,98327,528"
2019-06-28 14:55:40.000000000,BEST_ASK,"JPM,100471,100"
2019-06-28 14:55:40.000000000,BEST_BID,"JPM,98327,528"
2019-06-28 14:55:40.000000000,BEST_ASK,"JPM,100471,428"
2019-06-28 14:55:46.644636110,QUERY_SPREAD,8
2019-06-28 14:55:46.644636110,BEST_BID,"JPM,98327,528"
2019-06-28 14:55:46.644636110,BEST_ASK,"JPM,100471,428"
2019-06-28 14:55:50.000000000,QUERY_SPREAD,1
2019-06-28 14:55:50.000000000,BEST_BID,"JPM,98327,312"
2019-06-28 14:55:50.000000000,BEST_ASK,"JPM,100471,100"
2019-06-28 14:55:50.000000000,BEST_BID,"JPM,98327,312"
2019-06-28 14:55:50.000000000,BEST_ASK,"JPM,100471,100"
2019-06-28 14:55:50.000000000,BEST_BID,"JPM,98327,312"
2019-06-28 14:55:50.000000000,BEST_ASK,"JPM,100471,212"
2019-06-28 14:55:50.000000000,BEST_BID,"JPM,98327,312"
2019-06-28 14:55:50.000000000,BEST_ASK,"JPM,100471,212"
2019-06-28 14:55:50.000000000,BEST_BID,"JPM,98327,312"
2019-06-28 14:55:50.000000000,BEST_ASK,"JPM,100471,212"
2019-06-28 14:56:00.000000000,QUERY_SPREAD,1
2019-06-28 14:56:00.000000000,BEST_BID,"JPM,98327,312"
2019-06-28 14:56:00.000000000,BEST_ASK,"JPM,100471,100"
2019-06-28 14:56:00.000000000,BEST_BID,"JPM,98327,312"
2019-06-28 14:56:00.000000000,BEST_ASK,"JPM,100471,100"
2019-06-28 14:56:00.000000000,BEST_BID,"JPM,98327,312"
2019-06-28 14:56:00.000000000,BEST_ASK,"JPM,100471,212"
2019-06-28 14:56:00.000000000,BEST_BID,"JPM,98327,312"
2019-06-28 14:56:00.000000000,BEST_ASK,"JPM,100471,212"
2019-06-28 14:56:00.000000000,BEST_BID,"JPM,98327,312"
2019-06-28 14:56:00.000000000,BEST_ASK,"JPM,100471,212"
2019-06-28 14:56:00.000000000,QUERY_SPREAD,77
2019-06-28 14:56:00.000000000,BEST_BID,"JPM,98327,308"
2019-06-28 14:56:00.000000000,BEST_ASK,"JPM,100471,212"
2019-06-28 14:56:00.000000000,LAST_TRADE,"4,$98327.0000"
2019-06-28 14:56:00.000000000,QUERY_SPREAD,78
2019-06-28 14:56:00.000000000,BEST_BID,"JPM,98327,300"
2019-06-28 14:56:00.000000000,BEST_ASK,"JPM,100471,212"
2019-06-28 14:56:00.000000000,LAST_TRADE,"8,$98327.0000"
2019-06-28 14:56:00.000000000,QUERY_SPREAD,79
2019-06-28 14:56:00.000000000,BEST_BID,"JPM,98327,299"
2019-06-28 14:56:00.000000000,BEST_ASK,"JPM,100471,212"
2019-06-28 14:56:00.000000000,LAST_TRADE,"1,$98327.0000"
2019-06-28 14:56:00.000000000,QUERY_SPREAD,80
2019-06-28 14:56:00.000000000,BEST_BID,"JPM,98327,294"
2019-06-28 14:56:00.000000000,BEST_ASK,"JPM,100471,212"
2019-06-28 14:56:00.000000000,LAST_TRADE,"5,$98327.0000"
2019-06-28 14:56:00.000000000,QUERY_SPREAD,81
2019-06-28 14:56:00.000000000,BEST_BID,"JPM,98327,289"
2019-06-28 14:56:00.000000000,BEST_ASK,"JPM,100471,212"
2019-06-28 14:56:00.000000000,LAST_TRADE,"5,$98327.0000"
2019-06-28 14:56:00.000000000,QUERY_SPREAD,82
2019-06-28 14:56:00.000000000,BEST_BID,"JPM,98327,283"
2019-06-28 14:56:00.000000000,BEST_ASK,"JPM,100471,212"
2019-06-28 14:56:00.000000000,LAST_TRADE,"6,$98327.0000"
2019-06-28 14:56:00.000000000,QUERY_SPREAD,83
2019-06-28 14:56:00.000000000,BEST_BID,"JPM,98327,279"
2019-06-28 14:56:00.000000000,BEST_ASK,"JPM,100471,212"
2019-06-28 14:56:00.000000000,LAST_TRADE,"4,$98327.0000"
2019-06-28 14:56:00.000000000,QUERY_SPREAD,84
2019-06-28 14:56:00.000000000,BEST_BID,"JPM,98327,274"
2019-06-28 14:56:00.000000000,BEST_ASK,"JPM,100471,212"
2019-06-28 14:56:00.000000000,LAST_TRADE,"5,$98327.0000"
2019-06-28 14:56:00.000000000,QUERY_SPREAD,85
2019-06-28 14:56:00.000000000,BEST_BID,"JPM,98327,269"
2019-06-28 14:56:00.000000000,BEST_ASK,"JPM,100471,212"
2019-06-28 14:56:00.000000000,LAST_TRADE,"5,$98327.0000"
2019-06-28 14:56:00.000000000,QUERY_SPREAD,86
2019-06-28 14:56:00.000000000,BEST_BID,"JPM,98327,260"
2019-06-28 14:56:00.000000000,BEST_ASK,"JPM,100471,212"
2019-06-28 14:56:00.000000000,LAST_TRADE,"9,$98327.0000"
2019-06-28 14:56:00.000000000,QUERY_SPREAD,87
2019-06-28 14:56:00.000000000,BEST_BID,"JPM,98327,258"
2019-06-28 14:56:00.000000000,BEST_ASK,"JPM,100471,212"
2019-06-28 14:56:00.000000000,LAST_TRADE,"2,$98327.0000"
2019-06-28 14:56:00.000000000,QUERY_SPREAD,88
2019-06-28 14:56:00.000000000,BEST_BID,"JPM,98327,250"
2019-06-28 14:56:00.000000000,BEST_ASK,"JPM,100471,212"
2019-06-28 14:56:00.000000000,LAST_TRADE,"8,$98327.0000"
2019-06-28 14:56:00.000000000,QUERY_SPREAD,89
2019-06-28 14:56:00.000000000,BEST_BID,"JPM,98327,243"
2019-06-28 14:56:00.000000000,BEST_ASK,"JPM,100471,212"
2019-06-28 14:56:00.000000000,LAST_TRADE,"7,$98327.0000"
2019-06-28 14:56:00.000000000,QUERY_SPREAD,90
2019-06-28 14:56:00.000000000,BEST_BID,"JPM,98327,237"
2019-06-28 14:56:00.000000000,BEST_ASK,"JPM,100471,212"
2019-06-28 14:56:00.000000000,LAST_TRADE,"6,$98327.0000"
2019-06-28 14:56:00.000000000,QUERY_SPREAD,91
2019-06-28 14:56:00.000000000,BEST_BID,"JPM,98327,232"
2019-06-28 14:56:00.000000000,BEST_ASK,"JPM,100471,212"
2019-06-28 14:56:00.000000000,LAST_TRADE,"5,$98327.0000"
2019-06-28 14:56:00.000000000,QUERY_SPREAD,92
2019-06-28 14:56:00.000000000,BEST_BID,"JPM,98327,231"
2019-06-28 14:56:00.000000000,BEST_ASK,"JPM,100471,212"
2019-06-28 14:56:00.000000000,LAST_TRADE,"1,$98327.0000"
2019-06-28 14:56:00.000000000,QUERY_SPREAD,93
2019-06-28 14:56:00.000000000,BEST_BID,"JPM,98327,229"
2019-06-28 14:56:00.000000000,BEST_ASK,"JPM,100471,212"
2019-06-28 14:56:00.000000000,LAST_TRADE,"2,$98327.0000"
2019-06-28 14:56:00.000000000,QUERY_SPREAD,94
2019-06-28 14:56:00.000000000,BEST_BID,"JPM,98327,227"
2019-06-28 14:56:00.000000000,BEST_ASK,"JPM,100471,212"
2019-06-28 14:56:00.000000000,LAST_TRADE,"2,$98327.0000"
2019-06-28 14:56:00.000000000,QUERY_SPREAD,95
2019-06-28 14:56:00.000000000,BEST_BID,"JPM,98327,220"
2019-06-28 14:56:00.000000000,BEST_ASK,"JPM,100471,212"
2019-06-28 14:56:00.000000000,LAST_TRADE,"7,$98327.0000"
2019-06-28 14:56:00.000000000,QUERY_SPREAD,96
2019-06-28 14:56:00.000000000,BEST_BID,"JPM,98327,213"
2019-06-28 14:56:00.000000000,BEST_ASK,"JPM,100471,212"
2019-06-28 14:56:00.000000000,LAST_TRADE,"7,$98327.0000"
2019-06-28 14:56:00.000000000,QUERY_SPREAD,97
2019-06-28 14:56:00.000000000,BEST_BID,"JPM,98327,207"
2019-06-28 14:56:00.000000000,BEST_ASK,"JPM,100471,212"
2019-06-28 14:56:00.000000000,LAST_TRADE,"6,$98327.0000"
2019-06-28 14:56:00.000000000,QUERY_SPREAD,98
2019-06-28 14:56:00.000000000,BEST_BID,"JPM,98327,203"
2019-06-28 14:56:00.000000000,BEST_ASK,"JPM,100471,212"
2019-06-28 14:56:00.000000000,LAST_TRADE,"4,$98327.0000"
2019-06-28 14:56:00.000000000,QUERY_SPREAD,99
2019-06-28 14:56:00.000000000,BEST_BID,"JPM,98327,201"
2019-06-28 14:56:00.000000000,BEST_ASK,"JPM,100471,212"
2019-06-28 14:56:00.000000000,LAST_TRADE,"2,$98327.0000"
2019-06-28 14:56:00.000000000,QUERY_SPREAD,100
2019-06-28 14:56:00.000000000,BEST_BID,"JPM,98327,195"
2019-06-28 14:56:00.000000000,BEST_ASK,"JPM,100471,212"
2019-06-28 14:56:00.000000000,LAST_TRADE,"6,$98327.0000"
2019-06-28 14:56:00.000000000,QUERY_SPREAD,101
2019-06-28 14:56:00.000000000,QUERY_ORDER_STREAM,101
2019-06-28 14:56:08.007110755,QUERY_SPREAD,50
2019-06-28 14:56:08.007110755,BEST_BID,"JPM,98327,195"
2019-06-28 14:56:08.007110755,BEST_ASK,"JPM,100471,212"
2019-06-28 14:56:10.000000000,QUERY_SPREAD,1
2019-06-28 14:56:10.000000000,BEST_BID,"JPM,98327,195"
2019-06-28 14:56:10.000000000,BEST_ASK,"JPM,100471,100"
2019-06-28 14:56:10.000000000,BEST_BID,"JPM,98327,195"
2019-06-28 14:56:10.000000000,BEST_ASK,"JPM,100471,100"
2019-06-28 14:56:10.000000000,BEST_BID,"JPM,98327,195"
2019-06-28 14:56:10.000000000,BEST_ASK,"JPM,100471,212"
2019-06-28 14:56:10.000000000,BEST_BID,"JPM,98327,195"
2019-06-28 14:56:10.000000000,BEST_ASK,"JPM,100471,212"
2019-06-28 14:56:10.000000000,BEST_BID,"JPM,98327,195"
2019-06-28 14:56:10.000000000,BEST_ASK,"JPM,100471,212"
2019-06-28 14:56:20.000000000,QUERY_SPREAD,1
2019-06-28 14:56:20.000000000,BEST_BID,"JPM,98327,195"
2019-06-28 14:56:20.000000000,BEST_ASK,"JPM,100471,100"
2019-06-28 14:56:20.000000000,BEST_BID,"JPM,98327,195"
2019-06-28 14:56:20.000000000,BEST_ASK,"JPM,100471,100"
2019-06-28 14:56:20.000000000,BEST_BID,"JPM,98327,195"
2019-06-28 14:56:20.000000000,BEST_ASK,"JPM,100471,212"
2019-06-28 14:56:20.000000000,BEST_BID,"JPM,98327,195"
2019-06-28 14:56:20.000000000,BEST_ASK,"JPM,100471,212"
2019-06-28 14:56:20.000000000,BEST_BID,"JPM,98327,195"
2019-06-28 14:56:20.000000000,BEST_ASK,"JPM,100471,212"
2019-06-28 14:56:25.198747674,QUERY_SPREAD,44
2019-06-28 14:56:25.198747674,BEST_BID,"JPM,98327,195"
2019-06-28 14:56:25.198747674,BEST_ASK,"JPM,100471,212"
2019-06-28 14:56:27.183483392,QUERY_SPREAD,20
2019-06-28 14:56:27.183483392,BEST_BID,"JPM,98327,195"
2019-06-28 14:56:27.183483392,BEST_ASK,"JPM,100471,212"
2019-06-28 14:56:27.908717250,QUERY_SPREAD,37
2019-06-28 14:56:27.908717250,BEST_BID,"JPM,98327,195"
2019-06-28 14:56:27.908717250,BEST_ASK,"JPM,100471,212"
2019-06-28 14:56:30.000000000,QUERY_SPREAD,1
2019-06-28 14:56:30.000000000,BEST_BID,"JPM,98327,247"
2019-06-28 14:56:30.000000000,BEST_ASK,"JPM,100471,100"
2019-06-28 14:56:30.000000000,BEST_BID,"JPM,98327,247"
2019-06-28 14:56:30.000000000,BEST_ASK,"JPM,100471,100"
2019-06-28 14:56:30.000000000,BEST_BID,"JPM,98327,247"
2019-06-28 14:56:30.000000000,BEST_ASK,"JPM,100471,264"
2019-06-28 14:56:30.000000000,BEST_BID,"JPM,98327,247"
2019-06-28 14:56:30.000000000,BEST_ASK,"JPM,100471,264"
2019-06-28 14:56:40.000000000,QUERY_SPREAD,1
2019-06-28 14:56:40.000000000,BEST_BID,"JPM,98327,165"
2019-06-28 14:56:40.000000000,BEST_ASK,"JPM,100471,100"
2019-06-28 14:56:40.000000000,BEST_BID,"JPM,98327,165"
2019-06-28 14:56:40.000000000,BEST_ASK,"JPM,100471,100"
2019-06-28 14:56:40.000000000,BEST_BID,"JPM,98327,165"
2019-06-28 14:56:40.000000000,BEST_ASK,"JPM,100471,182"
2019-06-28 14:56:40.000000000,BEST_BID,"JPM,98327,165"
2019-06-28 14:56:40.000000000,BEST_ASK,"JPM,100471,182"
2019-06-28 14:56:40.000000000,BEST_BID,"JPM,98327,165"
2019-06-28 14:56:40.000000000,BEST_ASK,"JPM,100471,182"
2019-06-28 14:56:40.000000000,BEST_BID,"JPM,98327,165"
2019-06-28 14:56:40.000000000,BEST_ASK,"JPM,100471,182"
2019-06-28 14:56:50.000000000,QUERY_SPREAD,1
2019-06-28 14:56:50.000000000,BEST_BID,"JPM,98327,149"
2019-06-28 14:56:50.000000000,BEST_ASK,"JPM,100471,100"
2019-06-28 14:56:50.000000000,BEST_BID,"JPM,98327,149"
2019-06-28 14:56:50.000000000,BEST_ASK,"JPM,100471,100"
2019-06-28 14:56:50.000000000,BEST_BID,"JPM,98327,149"
2019-06-28 14:56:50.000000000,BEST_ASK,"JPM,100471,166"
2019-06-28 14:56:50.000000000,BEST_BID,"JPM,98327,149"
2019-06-28 14:56:50.000000000,BEST_ASK,"JPM,100471,166"
2019-06-28 14:56:50.000000000,BEST_BID,"JPM,98327,149"
2019-06-28 14:56:50.000000000,BEST_ASK,"JPM,100471,166"
2019-06-28 14:56:50.000000000,BEST_BID,"JPM,98327,149"
2019-06-28 14:56:50.000000000,BEST_ASK,"JPM,100471,166"
2019-06-28 14:56:50.000000000,BEST_BID,"JPM,98327,149"
2019-06-28 14:56:50.000000000,BEST_ASK,"JPM,100471,166"
2019-06-28 14:56:51.405875103,QUERY_ORDER_STREAM,65
2019-06-28 14:56:51.405875103,QUERY_SPREAD,65
2019-06-28 14:56:51.405875103,BEST_BID,"JPM,98327,249"
2019-06-28 14:56:51.405875103,BEST_ASK,"JPM,100471,166"
2019-06-28 14:57:00.000000000,QUERY_SPREAD,1
2019-06-28 14:57:00.000000000,BEST_BID,"JPM,98327,265"
2019-06-28 14:57:00.000000000,BEST_ASK,"JPM,100471,100"
2019-06-28 14:57:00.000000000,BEST_BID,"JPM,98327,265"
2019-06-28 14:57:00.000000000,BEST_ASK,"JPM,100471,100"
2019-06-28 14:57:00.000000000,BEST_BID,"JPM,98327,265"
2019-06-28 14:57:00.000000000,BEST_ASK,"JPM,100471,182"
2019-06-28 14:57:00.000000000,BEST_BID,"JPM,98327,265"
2019-06-28 14:57:00.000000000,BEST_ASK,"JPM,100471,182"
2019-06-28 14:57:00.000000000,BEST_BID,"JPM,98327,265"
2019-06-28 14:57:00.000000000,BEST_ASK,"JPM,100471,182"
2019-06-28 14:57:00.000000000,BEST_BID,"JPM,98327,265"
2019-06-28 14:57:00.000000000,BEST_ASK,"JPM,100471,182"
2019-06-28 14:57:00.000000000,QUERY_SPREAD,77
2019-06-28 14:57:00.000000000,BEST_BID,"JPM,98327,261"
2019-06-28 14:57:00.000000000,BEST_ASK,"JPM,100471,182"
2019-06-28 14:57:00.000000000,LAST_TRADE,"4,$98327.0000"
2019-06-28 14:57:00.000000000,QUERY_SPREAD,78
2019-06-28 14:57:00.000000000,BEST_BID,"JPM,98327,253"
2019-06-28 14:57:00.000000000,BEST_ASK,"JPM,100471,182"
2019-06-28 14:57:00.000000000,LAST_TRADE,"8,$98327.0000"
2019-06-28 14:57:00.000000000,QUERY_SPREAD,79
2019-06-28 14:57:00.000000000,BEST_BID,"JPM,98327,252"
2019-06-28 14:57:00.000000000,BEST_ASK,"JPM,100471,182"
2019-06-28 14:57:00.000000000,LAST_TRADE,"1,$98327.0000"
2019-06-28 14:57:00.000000000,QUERY_SPREAD,80
2019-06-28 14:57:00.000000000,BEST_BID,"JPM,98327,247"
2019-06-28 14:57:00.000000000,BEST_ASK,"JPM,100471,182"
2019-06-28 14:57:00.000000000,LAST_TRADE,"5,$98327.0000"
2019-06-28 14:57:00.000000000,QUERY_SPREAD,81
2019-06-28 14:57:00.000000000,BEST_BID,"JPM,98327,242"
2019-06-28 14:57:00.000000000,BEST_ASK,"JPM,100471,182"
2019-06-28 14:57:00.000000000,LAST_TRADE,"5,$98327.0000"
2019-06-28 14:57:00.000000000,QUERY_SPREAD,82
2019-06-28 14:57:00.000000000,BEST_BID,"JPM,98327,236"
2019-06-28 14:57:00.000000000,BEST_ASK,"JPM,100471,182"
2019-06-28 14:57:00.000000000,LAST_TRADE,"6,$98327.0000"
2019-06-28 14:57:00.000000000,QUERY_SPREAD,83
2019-06-28 14:57:00.000000000,BEST_BID,"JPM,98327,232"
2019-06-28 14:57:00.000000000,BEST_ASK,"JPM,100471,182"
2019-06-28 14:57:00.000000000,LAST_TRADE,"4,$98327.0000"
2019-06-28 14:57:00.000000000,QUERY_SPREAD,84
2019-06-28 14:57:00.000000000,BEST_BID,"JPM,98327,227"
2019-06-28 14:57:00.000000000,BEST_ASK,"JPM,100471,182"
2019-06-28 14:57:00.000000000,LAST_TRADE,"5,$98327.0000"
2019-06-28 14:57:00.000000000,QUERY_SPREAD,85
2019-06-28 14:57:00.000000000,BEST_BID,"JPM,98327,222"
2019-06-28 14:57:00.000000000,BEST_ASK,"JPM,100471,182"
2019-06-28 14:57:00.000000000,LAST_TRADE,"5,$98327.0000"
2019-06-28 14:57:00.000000000,QUERY_SPREAD,86
2019-06-28 14:57:00.000000000,BEST_BID,"JPM,98327,213"
2019-06-28 14:57:00.000000000,BEST_ASK,"JPM,100471,182"
2019-06-28 14:57:00.000000000,LAST_TRADE,"9,$98327.0000"
2019-06-28 14:57:00.000000000,QUERY_SPREAD,87
2019-06-28 14:57:00.000000000,BEST_BID,"JPM,98327,211"
2019-06-28 14:57:00.000000000,BEST_ASK,"JPM,100471,182"
2019-06-28 14:57:00.000000000,LAST_TRADE,"2,$98327.0000"
2019-06-28 14:57:00.000000000,QUERY_SPREAD,88
2019-06-28 14:57:00.000000000,BEST_BID,"JPM,98327,203"
2019-06-28 14:57:00.000000000,BEST_ASK,"JPM,100471,182"
2019-06-28 14:57:00.000000000,LAST_TRADE,"8,$98327.0000"
2019-06-28 14:57:00.000000000,QUERY_SPREAD,89
2019-06-28 14:57:00.000000000,BEST_BID,"JPM,98327,196"
2019-06-28 14:57:00.000000000,BEST_ASK,"JPM,100471,182"
2019-06-28 14:57:00.000000000,LAST_TRADE,"7,$98327.0000"
2019-06-28 14:57:00.000000000,QUERY_SPREAD,90
2019-06-28 14:57:00.000000000,BEST_BID,"JPM,98327,190"
2019-06-28 14:57:00.000000000,BEST_ASK,"JPM,100471,182"
2019-06-28 14:57:00.000000000,LAST_TRADE,"6,$98327.0000"
2019-06-28 14:57:00.000000000,QUERY_SPREAD,91
2019-06-28 14:57:00.000000000,BEST_BID,"JPM,98327,185"
2019-06-28 14:57:00.000000000,BEST_ASK,"JPM,100471,182"
2019-06-28 14:57:00.000000000,LAST_TRADE,"5,$98327.0000"
2019-06-28 14:57:00.000000000,QUERY_SPREAD,92
2019-06-28 14:57:00.000000000,BEST_BID,"JPM,98327,184"
2019-06-28 14:57:00.000000000,BEST_ASK,"JPM,100471,182"
2019-06-28 14:57:00.000000000,LAST_TRADE,"1,$98327.0000"
2019-06-28 14:57:00.000000000,QUERY_SPREAD,93
2019-06-28 14:57:00.000000000,BEST_BID,"JPM,98327,182"
2019-06-28 14:57:00.000000000,BEST_ASK,"JPM,100471,182"
2019-06-28 14:57:00.000000000,LAST_TRADE,"2,$98327.0000"
2019-06-28 14:57:00.000000000,QUERY_SPREAD,94
2019-06-28 14:57:00.000000000,BEST_BID,"JPM,98327,180"
2019-06-28 14:57:00.000000000,BEST_ASK,"JPM,100471,182"
2019-06-28 14:57:00.000000000,LAST_TRADE,"2,$98327.0000"
2019-06-28 14:57:00.000000000,QUERY_SPREAD,95
2019-06-28 14:57:00.000000000,BEST_BID,"JPM,98327,173"
2019-06-28 14:57:00.000000000,BEST_ASK,"JPM,100471,182"
2019-06-28 14:57:00.000000000,LAST_TRADE,"7,$98327.0000"
2019-06-28 14:57:00.000000000,QUERY_SPREAD,96
2019-06-28 14:57:00.000000000,BEST_BID,"JPM,98327,166"
2019-06-28 14:57:00.000000000,BEST_ASK,"JPM,100471,182"
2019-06-28 14:57:00.000000000,LAST_TRADE,"7,$98327.0000"
2019-06-28 14:57:00.000000000,QUERY_SPREAD,97
2019-06-28 14:57:00.000000000,BEST_BID,"JPM,98327,160"
2019-06-28 14:57:00.000000000,BEST_ASK,"JPM,100471,182"
2019-06-28 14:57:00.000000000,LAST_TRADE,"6,$98327.0000"
2019-06-28 14:57:00.000000000,QUERY_SPREAD,98
2019-06-28 14:57:00.000000000,BEST_BID,"JPM,98327,156"
2019-06-28 14:57:00.000000000,BEST_ASK,"JPM,100471,182"
2019-06-28 14:57:00.000000000,LAST_TRADE,"4,$98327.0000"
2019-06-28 14:57:00.000000000,QUERY_SPREAD,99
2019-06-28 14:57:00.000000000,BEST_BID,"JPM,98327,154"
2019-06-28 14:57:00.000000000,BEST_ASK,"JPM,100471,182"
2019-06-28 14:57:00.000000000,LAST_TRADE,"2,$98327.0000"
2019-06-28 14:57:00.000000000,QUERY_SPREAD,100
2019-06-28 14:57:00.000000000,BEST_BID,"JPM,98327,148"
2019-06-28 14:57:00.000000000,BEST_ASK,"JPM,100471,182"
2019-06-28 14:57:00.000000000,LAST_TRADE,"6,$98327.0000"
2019-06-28 14:57:00.000000000,QUERY_SPREAD,101
2019-06-28 14:57:00.000000000,QUERY_ORDER_STREAM,101
2019-06-28 14:57:08.621099193,QUERY_SPREAD,25
2019-06-28 14:57:08.621099193,BEST_BID,"JPM,98327,148"
2019-06-28 14:57:08.621099193,BEST_ASK,"JPM,100471,182"
2019-06-28 14:57:10.000000000,QUERY_SPREAD,1
2019-06-28 14:57:10.000000000,BEST_BID,"JPM,98327,178"
2019-06-28 14:57:10.000000000,BEST_ASK,"JPM,100471,100"
2019-06-28 14:57:10.000000000,BEST_BID,"JPM,98327,178"
2019-06-28 14:57:10.000000000,BEST_ASK,"JPM,100471,100"
2019-06-28 14:57:10.000000000,BEST_BID,"JPM,98327,178"
2019-06-28 14:57:10.000000000,BEST_ASK,"JPM,100471,212"
2019-06-28 14:57:10.000000000,BEST_BID,"JPM,98327,178"
2019-06-28 14:57:10.000000000,BEST_ASK,"JPM,100471,212"
2019-06-28 14:57:10.000000000,BEST_BID,"JPM,98327,178"
2019-06-28 14:57:10.000000000,BEST_ASK,"JPM,100471,212"
2019-06-28 14:57:20.000000000,QUERY_SPREAD,1
2019-06-28 14:57:20.000000000,BEST_BID,"JPM,98327,394"
2019-06-28 14:57:20.000000000,BEST_ASK,"JPM,100471,100"
2019-06-28 14:57:20.000000000,BEST_BID,"JPM,98327,394"
2019-06-28 14:57:20.000000000,BEST_ASK,"JPM,100471,428"
2019-06-28 14:57:30.000000000,QUERY_SPREAD,1
2019-06-28 14:57:30.000000000,BEST_BID,"JPM,98327,178"
2019-06-28 14:57:30.000000000,BEST_ASK,"JPM,100471,100"
2019-06-28 14:57:30.000000000,BEST_BID,"JPM,98327,178"
2019-06-28 14:57:30.000000000,BEST_ASK,"JPM,100471,100"
2019-06-28 14:57:30.000000000,BEST_BID,"JPM,98327,178"
2019-06-28 14:57:30.000000000,BEST_ASK,"JPM,100471,212"
2019-06-28 14:57:30.000000000,BEST_BID,"JPM,98327,178"
2019-06-28 14:57:30.000000000,BEST_ASK,"JPM,100471,212"
2019-06-28 14:57:30.000000000,BEST_BID,"JPM,98327,178"
2019-06-28 14:57:30.000000000,BEST_ASK,"JPM,100471,212"
2019-06-28 14:57:40.000000000,QUERY_SPREAD,1
2019-06-28 14:57:40.000000000,BEST_BID,"JPM,98327,394"
2019-06-28 14:57:40.000000000,BEST_ASK,"JPM,100471,100"
2019-06-28 14:57:40.000000000,BEST_BID,"JPM,98327,394"
2019-06-28 14:57:40.000000000,BEST_ASK,"JPM,100471,428"
2019-06-28 14:57:50.000000000,QUERY_SPREAD,1
2019-06-28 14:57:50.000000000,BEST_BID,"JPM,98327,230"
2019-06-28 14:57:50.000000000,BEST_ASK,"JPM,100471,100"
2019-06-28 14:57:50.000000000,BEST_BID,"JPM,98327,230"
2019-06-28 14:57:50.000000000,BEST_ASK,"JPM,100471,100"
2019-06-28 14:57:50.000000000,BEST_BID,"JPM,98327,230"
2019-06-28 14:57:50.000000000,BEST_ASK,"JPM,100471,264"
2019-06-28 14:57:50.000000000,BEST_BID,"JPM,98327,230"
2019-06-28 14:57:50.000000000,BEST_ASK,"JPM,100471,264"
2019-06-28 14:57:58.701738627,QUERY_SPREAD,26
2019-06-28 14:57:58.701738627,BEST_BID,"JPM,98327,230"
2019-06-28 14:57:58.701738627,BEST_ASK,"JPM,100471,264"
2019-06-28 14:57:59.579025347,QUERY_SPREAD,35
2019-06-28 14:57:59.579025347,BEST_BID,"JPM,98327,230"
2019-06-28 14:57:59.579025347,BEST_ASK,"JPM,100471,264"
2019-06-28 14:58:00.000000000,QUERY_SPREAD,1
2019-06-28 14:58:00.000000000,BEST_BID,"JPM,98327,148"
2019-06-28 14:58:00.000000000,BEST_ASK,"JPM,100471,100"
2019-06-28 14:58:00.000000000,BEST_BID,"JPM,98327,148"
2019-06-28 14:58:00.000000000,BEST_ASK,"JPM,100471,100"
2019-06-28 14:58:00.000000000,BEST_BID,"JPM,98327,148"
2019-06-28 14:58:00.000000000,BEST_ASK,"JPM,100471,182"
2019-06-28 14:58:00.000000000,BEST_BID,"JPM,98327,148"
2019-06-28 14:58:00.000000000,BEST_ASK,"JPM,100471,182"
2019-06-28 14:58:00.000000000,BEST_BID,"JPM,98327,148"
2019-06-28 14:58:00.000000000,BEST_ASK,"JPM,100471,182"
2019-06-28 14:58:00.000000000,BEST_BID,"JPM,98327,148"
2019-06-28 14:58:00.000000000,BEST_ASK,"JPM,100471,182"
2019-06-28 14:58:00.000000000,QUERY_SPREAD,77
2019-06-28 14:58:00.000000000,BEST_BID,"JPM,98327,144"
2019-06-28 14:58:00.000000000,BEST_ASK,"JPM,100471,182"
2019-06-28 14:58:00.000000000,LAST_TRADE,"4,$98327.0000"
2019-06-28 14:58:00.000000000,QUERY_SPREAD,78
2019-06-28 14:58:00.000000000,BEST_BID,"JPM,98327,136"
2019-06-28 14:58:00.000000000,BEST_ASK,"JPM,100471,182"
2019-06-28 14:58:00.000000000,LAST_TRADE,"8,$98327.0000"
2019-06-28 14:58:00.000000000,QUERY_SPREAD,79
2019-06-28 14:58:00.000000000,BEST_BID,"JPM,98327,135"
2019-06-28 14:58:00.000000000,BEST_ASK,"JPM,100471,182"
2019-06-28 14:58:00.000000000,LAST_TRADE,"1,$98327.0000"
2019-06-28 14:58:00.000000000,QUERY_SPREAD,80
2019-06-28 14:58:00.000000000,BEST_BID,"JPM,98327,130"
2019-06-28 14:58:00.000000000,BEST_ASK,"JPM,100471,182"
2019-06-28 14:58:00.000000000,LAST_TRADE,"5,$98327.0000"
2019-06-28 14:58:00.000000000,QUERY_SPREAD,81
2019-06-28 14:58:00.000000000,BEST_BID,"JPM,98327,125"
2019-06-28 14:58:00.000000000,BEST_ASK,"JPM,100471,182"
2019-06-28 14:58:00.000000000,LAST_TRADE,"5,$98327.0000"
2019-06-28 14:58:00.000000000,QUERY_SPREAD,82
2019-06-28 14:58:00.000000000,BEST_BID,"JPM,98327,119"
2019-06-28 14:58:00.000000000,BEST_ASK,"JPM,100471,182"
2019-06-28 14:58:00.000000000,LAST_TRADE,"6,$98327.0000"
2019-06-28 14:58:00.000000000,QUERY_SPREAD,83
2019-06-28 14:58:00.000000000,BEST_BID,"JPM,98327,115"
2019-06-28 14:58:00.000000000,BEST_ASK,"JPM,100471,182"
2019-06-28 14:58:00.000000000,LAST_TRADE,"4,$98327.0000"
2019-06-28 14:58:00.000000000,QUERY_SPREAD,84
2019-06-28 14:58:00.000000000,BEST_BID,"JPM,98327,110"
2019-06-28 14:58:00.000000000,BEST_ASK,"JPM,100471,182"
2019-06-28 14:58:00.000000000,LAST_TRADE,"5,$98327.0000"
2019-06-28 14:58:00.000000000,QUERY_SPREAD,85
2019-06-28 14:58:00.000000000,BEST_BID,"JPM,98327,105"
2019-06-28 14:58:00.000000000,BEST_ASK,"JPM,100471,182"
2019-06-28 14:58:00.000000000,LAST_TRADE,"5,$98327.0000"
2019-06-28 14:58:00.000000000,QUERY_SPREAD,86
2019-06-28 14:58:00.000000000,BEST_BID,"JPM,98327,96"
2019-06-28 14:58:00.000000000,BEST_ASK,"JPM,100471,182"
2019-06-28 14:58:00.000000000,LAST_TRADE,"9,$98327.0000"
2019-06-28 14:58:00.000000000,QUERY_SPREAD,87
2019-06-28 14:58:00.000000000,BEST_BID,"JPM,98327,94"
2019-06-28 14:58:00.000000000,BEST_ASK,"JPM,100471,182"
2019-06-28 14:58:00.000000000,LAST_TRADE,"2,$98327.0000"
2019-06-28 14:58:00.000000000,QUERY_SPREAD,88
2019-06-28 14:58:00.000000000,BEST_BID,"JPM,98327,86"
2019-06-28 14:58:00.000000000,BEST_ASK,"JPM,100471,182"
2019-06-28 14:58:00.000000000,LAST_TRADE,"8,$98327.0000"
2019-06-28 14:58:00.000000000,QUERY_SPREAD,89
2019-06-28 14:58:00.000000000,BEST_BID,"JPM,98327,79"
2019-06-28 14:58:00.000000000,BEST_ASK,"JPM,100471,182"
2019-06-28 14:58:00.000000000,LAST_TRADE,"7,$98327.0000"
2019-06-28 14:58:00.000000000,QUERY_SPREAD,90
2019-06-28 14:58:00.000000000,BEST_BID,"JPM,98327,73"
2019-06-28 14:58:00.000000000,BEST_ASK,"JPM,100471,182"
2019-06-28 14:58:00.000000000,LAST_TRADE,"6,$98327.0000"
2019-06-28 14:58:00.000000000,QUERY_SPREAD,91
2019-06-28 14:58:00.000000000,BEST_BID,"JPM,98327,68"
2019-06-28 14:58:00.000000000,BEST_ASK,"JPM,100471,182"
2019-06-28 14:58:00.000000000,LAST_TRADE,"5,$98327.0000"
2019-06-28 14:58:00.000000000,QUERY_SPREAD,92
2019-06-28 14:58:00.000000000,BEST_BID,"JPM,98327,67"
2019-06-28 14:58:00.000000000,BEST_ASK,"JPM,100471,182"
2019-06-28 14:58:00.000000000,LAST_TRADE,"1,$98327.0000"
2019-06-28 14:58:00.000000000,QUERY_SPREAD,93
2019-06-28 14:58:00.000000000,BEST_BID,"JPM,98327,65"
2019-06-28 14:58:00.000000000,BEST_ASK,"JPM,100471,182"
2019-06-28 14:58:00.000000000,LAST_TRADE,"2,$98327.0000"
2019-06-28 14:58:00.000000000,QUERY_SPREAD,94
2019-06-28 14:58:00.000000000,BEST_BID,"JPM,98327,63"
2019-06-28 14:58:00.000000000,BEST_ASK,"JPM,100471,182"
2019-06-28 14:58:00.000000000,LAST_TRADE,"2,$98327.0000"
2019-06-28 14:58:00.000000000,QUERY_SPREAD,95
2019-06-28 14:58:00.000000000,BEST_BID,"JPM,98327,56"
2019-06-28 14:58:00.000000000,BEST_ASK,"JPM,100471,182"
2019-06-28 14:58:00.000000000,LAST_TRADE,"7,$98327.0000"
2019-06-28 14:58:00.000000000,QUERY_SPREAD,96
2019-06-28 14:58:00.000000000,BEST_BID,"JPM,98327,49"
2019-06-28 14:58:00.000000000,BEST_ASK,"JPM,100471,182"
2019-06-28 14:58:00.000000000,LAST_TRADE,"7,$98327.0000"
2019-06-28 14:58:00.000000000,QUERY_SPREAD,97
2019-06-28 14:58:00.000000000,BEST_BID,"JPM,98327,43"
2019-06-28 14:58:00.000000000,BEST_ASK,"JPM,100471,182"
2019-06-28 14:58:00.000000000,LAST_TRADE,"6,$98327.0000"
2019-06-28 14:58:00.000000000,QUERY_SPREAD,98
2019-06-28 14:58:00.000000000,BEST_BID,"JPM,98327,39"
2019-06-28 14:58:00.000000000,BEST_ASK,"JPM,100471,182"
2019-06-28 14:58:00.000000000,LAST_TRADE,"4,$98327.0000"
2019-06-28 14:58:00.000000000,QUERY_SPREAD,99
2019-06-28 14:58:00.000000000,BEST_BID,"JPM,98327,37"
2019-06-28 14:58:00.000000000,BEST_ASK,"JPM,100471,182"
2019-06-28 14:58:00.000000000,LAST_TRADE,"2,$98327.0000"
2019-06-28 14:58:00.000000000,QUERY_SPREAD,100
2019-06-28 14:58:00.000000000,BEST_BID,"JPM,98327,31"
2019-06-28 14:58:00.000000000,BEST_ASK,"JPM,100471,182"
2019-06-28 14:58:00.000000000,LAST_TRADE,"6,$98327.0000"
2019-06-28 14:58:00.000000000,QUERY_SPREAD,101
2019-06-28 14:58:00.000000000,QUERY_ORDER_STREAM,101
2019-06-28 14:58:10.000000000,QUERY_SPREAD,1
2019-06-28 14:58:20.000000000,QUERY_SPREAD,1
2019-06-28 14:58:21.929704721,QUERY_ORDER_STREAM,54
2019-06-28 14:58:21.929704721,QUERY_SPREAD,54
2019-06-28 14:58:21.929704721,BEST_BID,"JPM,98327,100"
2019-06-28 14:58:21.929704721,BEST_ASK,"JPM,100471,100"
2019-06-28 14:58:30.000000000,QUERY_SPREAD,1
2019-06-28 14:58:30.000000000,BEST_BID,"JPM,98327,428"
2019-06-28 14:58:30.000000000,BEST_ASK,"JPM,100471,100"
2019-06-28 14:58:30.000000000,BEST_BID,"JPM,98327,428"
2019-06-28 14:58:30.000000000,BEST_ASK,"JPM,100471,428"
2019-06-28 14:58:32.708361818,QUERY_SPREAD,36
2019-06-28 14:58:32.708361818,BEST_BID,"JPM,98327,428"
2019-06-28 14:58:32.708361818,BEST_ASK,"JPM,100471,428"
2019-06-28 14:58:38.512542901,QUERY_SPREAD,32
2019-06-28 14:58:38.512542901,BEST_BID,"JPM,98327,428"
2019-06-28 14:58:38.512542901,BEST_ASK,"JPM,100471,328"
2019-06-28 14:58:38.512542901,LAST_TRADE,"100,$100471.0000"
2019-06-28 14:58:40.000000000,QUERY_SPREAD,1
2019-06-28 14:58:40.000000000,BEST_BID,"JPM,98327,166"
2019-06-28 14:58:40.000000000,BEST_ASK,"JPM,100495,100"
2019-06-28 14:58:40.000000000,BEST_BID,"JPM,98327,166"
2019-06-28 14:58:40.000000000,BEST_ASK,"JPM,100495,100"
2019-06-28 14:58:40.000000000,BEST_BID,"JPM,98327,166"
2019-06-28 14:58:40.000000000,BEST_ASK,"JPM,100495,166"
2019-06-28 14:58:40.000000000,BEST_BID,"JPM,98327,166"
2019-06-28 14:58:40.000000000,BEST_ASK,"JPM,100495,166"
2019-06-28 14:58:40.000000000,BEST_BID,"JPM,98327,166"
2019-06-28 14:58:40.000000000,BEST_ASK,"JPM,100495,166"
2019-06-28 14:58:40.000000000,BEST_BID,"JPM,98327,166"
2019-06-28 14:58:40.000000000,BEST_ASK,"JPM,100495,166"
2019-06-28 14:58:40.000000000,BEST_BID,"JPM,98327,166"
2019-06-28 14:58:40.000000000,BEST_ASK,"JPM,100495,166"
2019-06-28 14:58:50.000000000,QUERY_SPREAD,1
2019-06-28 14:58:50.000000000,BEST_BID,"JPM,98327,212"
2019-06-28 14:58:50.000000000,BEST_ASK,"JPM,100495,100"
2019-06-28 14:58:50.000000000,BEST_BID,"JPM,98327,212"
2019-06-28 14:58:50.000000000,BEST_ASK,"JPM,100495,100"
2019-06-28 14:58:50.000000000,BEST_BID,"JPM,98327,212"
2019-06-28 14:58:50.000000000,BEST_ASK,"JPM,100495,212"
2019-06-28 14:58:50.000000000,BEST_BID,"JPM,98327,212"
2019-06-28 14:58:50.000000000,BEST_ASK,"JPM,100495,212"
2019-06-28 14:58:50.000000000,BEST_BID,"JPM,98327,212"
2019-06-28 14:58:50.000000000,BEST_ASK,"JPM,100495,212"
2019-06-28 14:59:00.000000000,QUERY_SPREAD,1
2019-06-28 14:59:00.000000000,BEST_BID,"JPM,98327,182"
2019-06-28 14:59:00.000000000,BEST_ASK,"JPM,100495,100"
2019-06-28 14:59:00.000000000,BEST_BID,"JPM,98327,182"
2019-06-28 14:59:00.000000000,BEST_ASK,"JPM,100495,100"
2019-06-28 14:59:00.000000000,BEST_BID,"JPM,98327,182"
2019-06-28 14:59:00.000000000,BEST_ASK,"JPM,100495,182"
2019-06-28 14:59:00.000000000,BEST_BID,"JPM,98327,182"
2019-06-28 14:59:00.000000000,BEST_ASK,"JPM,100495,182"
2019-06-28 14:59:00.000000000,BEST_BID,"JPM,98327,182"
2019-06-28 14:59:00.000000000,BEST_ASK,"JPM,100495,182"
2019-06-28 14:59:00.000000000,BEST_BID,"JPM,98327,182"
2019-06-28 14:59:00.000000000,BEST_ASK,"JPM,100495,182"
2019-06-28 14:59:00.000000000,QUERY_SPREAD,77
2019-06-28 14:59:00.000000000,BEST_BID,"JPM,98327,178"
2019-06-28 14:59:00.000000000,BEST_ASK,"JPM,100495,182"
2019-06-28 14:59:00.000000000,LAST_TRADE,"4,$98327.0000"
2019-06-28 14:59:00.000000000,QUERY_SPREAD,78
2019-06-28 14:59:00.000000000,BEST_BID,"JPM,98327,170"
2019-06-28 14:59:00.000000000,BEST_ASK,"JPM,100495,182"
2019-06-28 14:59:00.000000000,LAST_TRADE,"8,$98327.0000"
2019-06-28 14:59:00.000000000,QUERY_SPREAD,79
2019-06-28 14:59:00.000000000,BEST_BID,"JPM,98327,169"
2019-06-28 14:59:00.000000000,BEST_ASK,"JPM,100495,182"
2019-06-28 14:59:00.000000000,LAST_TRADE,"1,$98327.0000"
2019-06-28 14:59:00.000000000,QUERY_SPREAD,80
2019-06-28 14:59:00.000000000,BEST_BID,"JPM,98327,164"
2019-06-28 14:59:00.000000000,BEST_ASK,"JPM,100495,182"
2019-06-28 14:59:00.000000000,LAST_TRADE,"5,$98327.0000"
2019-06-28 14:59:00.000000000,QUERY_SPREAD,81
2019-06-28 14:59:00.000000000,BEST_BID,"JPM,98327,159"
2019-06-28 14:59:00.000000000,BEST_ASK,"JPM,100495,182"
2019-06-28 14:59:00.000000000,LAST_TRADE,"5,$98327.0000"
2019-06-28 14:59:00.000000000,QUERY_SPREAD,82
2019-06-28 14:59:00.000000000,BEST_BID,"JPM,98327,153"
2019-06-28 14:59:00.000000000,BEST_ASK,"JPM,100495,182"
2019-06-28 14:59:00.000000000,LAST_TRADE,"6,$98327.0000"
2019-06-28 14:59:00.000000000,QUERY_SPREAD,83
2019-06-28 14:59:00.000000000,BEST_BID,"JPM,98327,149"
2019-06-28 14:59:00.000000000,BEST_ASK,"JPM,100495,182"
2019-06-28 14:59:00.000000000,LAST_TRADE,"4,$98327.0000"
2019-06-28 14:59:00.000000000,QUERY_SPREAD,84
2019-06-28 14:59:00.000000000,BEST_BID,"JPM,98327,144"
2019-06-28 14:59:00.000000000,BEST_ASK,"JPM,100495,182"
2019-06-28 14:59:00.000000000,LAST_TRADE,"5,$98327.0000"
2019-06-28 14:59:00.000000000,QUERY_SPREAD,85
2019-06-28 14:59:00.000000000,BEST_BID,"JPM,98327,139"
2019-06-28 14:59:00.000000000,BEST_ASK,"JPM,100495,182"
2019-06-28 14:59:00.000000000,LAST_TRADE,"5,$98327.0000"
2019-06-28 14:59:00.000000000,QUERY_SPREAD,86
2019-06-28 14:59:00.000000000,BEST_BID,"JPM,98327,130"
2019-06-28 14:59:00.000000000,BEST_ASK,"JPM,100495,182"
2019-06-28 14:59:00.000000000,LAST_TRADE,"9,$98327.0000"
2019-06-28 14:59:00.000000000,QUERY_SPREAD,87
2019-06-28 14:59:00.000000000,BEST_BID,"JPM,98327,128"
2019-06-28 14:59:00.000000000,BEST_ASK,"JPM,100495,182"
2019-06-28 14:59:00.000000000,LAST_TRADE,"2,$98327.0000"
2019-06-28 14:59:00.000000000,QUERY_SPREAD,88
2019-06-28 14:59:00.000000000,BEST_BID,"JPM,98327,120"
2019-06-28 14:59:00.000000000,BEST_ASK,"JPM,100495,182"
2019-06-28 14:59:00.000000000,LAST_TRADE,"8,$98327.0000"
2019-06-28 14:59:00.000000000,QUERY_SPREAD,89
2019-06-28 14:59:00.000000000,BEST_BID,"JPM,98327,113"
2019-06-28 14:59:00.000000000,BEST_ASK,"JPM,100495,182"
2019-06-28 14:59:00.000000000,LAST_TRADE,"7,$98327.0000"
2019-06-28 14:59:00.000000000,QUERY_SPREAD,90
2019-06-28 14:59:00.000000000,BEST_BID,"JPM,98327,107"
2019-06-28 14:59:00.000000000,BEST_ASK,"JPM,100495,182"
2019-06-28 14:59:00.000000000,LAST_TRADE,"6,$98327.0000"
2019-06-28 14:59:00.000000000,QUERY_SPREAD,91
2019-06-28 14:59:00.000000000,BEST_BID,"JPM,98327,102"
2019-06-28 14:59:00.000000000,BEST_ASK,"JPM,100495,182"
2019-06-28 14:59:00.000000000,LAST_TRADE,"5,$98327.0000"
2019-06-28 14:59:00.000000000,QUERY_SPREAD,92
2019-06-28 14:59:00.000000000,BEST_BID,"JPM,98327,101"
2019-06-28 14:59:00.000000000,BEST_ASK,"JPM,100495,182"
2019-06-28 14:59:00.000000000,LAST_TRADE,"1,$98327.0000"
2019-06-28 14:59:00.000000000,QUERY_SPREAD,93
2019-06-28 14:59:00.000000000,BEST_BID,"JPM,98327,99"
2019-06-28 14:59:00.000000000,BEST_ASK,"JPM,100495,182"
2019-06-28 14:59:00.000000000,LAST_TRADE,"2,$98327.0000"
2019-06-28 14:59:00.000000000,QUERY_SPREAD,94
2019-06-28 14:59:00.000000000,BEST_BID,"JPM,98327,97"
2019-06-28 14:59:00.000000000,BEST_ASK,"JPM,100495,182"
2019-06-28 14:59:00.000000000,LAST_TRADE,"2,$98327.0000"
2019-06-28 14:59:00.000000000,QUERY_SPREAD,95
2019-06-28 14:59:00.000000000,BEST_BID,"JPM,98327,90"
2019-06-28 14:59:00.000000000,BEST_ASK,"JPM,100495,182"
2019-06-28 14:59:00.000000000,LAST_TRADE,"7,$98327.0000"
2019-06-28 14:59:00.000000000,QUERY_SPREAD,96
2019-06-28 14:59:00.000000000,BEST_BID,"JPM,98327,83"
2019-06-28 14:59:00.000000000,BEST_ASK,"JPM,100495,182"
2019-06-28 14:59:00.000000000,LAST_TRADE,"7,$98327.0000"
2019-06-28 14:59:00.000000000,QUERY_SPREAD,97
2019-06-28 14:59:00.000000000,BEST_BID,"JPM,98327,77"
2019-06-28 14:59:00.000000000,BEST_ASK,"JPM,100495,182"
2019-06-28 14:59:00.000000000,LAST_TRADE,"6,$98327.0000"
2019-06-28 14:59:00.000000000,QUERY_SPREAD,98
2019-06-28 14:59:00.000000000,BEST_BID,"JPM,98327,73"
2019-06-28 14:59:00.000000000,BEST_ASK,"JPM,100495,182"
2019-06-28 14:59:00.000000000,LAST_TRADE,"4,$98327.0000"
2019-06-28 14:59:00.000000000,QUERY_SPREAD,99
2019-06-28 14:59:00.000000000,BEST_BID,"JPM,98327,71"
2019-06-28 14:59:00.000000000,BEST_ASK,"JPM,100495,182"
2019-06-28 14:59:00.000000000,LAST_TRADE,"2,$98327.0000"
2019-06-28 14:59:00.000000000,QUERY_SPREAD,100
2019-06-28 14:59:00.000000000,BEST_BID,"JPM,98327,65"
2019-06-28 14:59:00.000000000,BEST_ASK,"JPM,100495,182"
2019-06-28 14:59:00.000000000,LAST_TRADE,"6,$98327.0000"
2019-06-28 14:59:00.000000000,QUERY_SPREAD,101
2019-06-28 14:59:00.000000000,QUERY_ORDER_STREAM,101
2019-06-28 14:59:10.000000000,QUERY_SPREAD,1
2019-06-28 14:59:20.000000000,QUERY_SPREAD,1
2019-06-28 14:59:28.264599593,QUERY_SPREAD,35
2019-06-28 14:59:28.264599593,BEST_ASK,"JPM,100495,100"
2019-06-28 14:59:30.000000000,QUERY_SPREAD,1
2019-06-28 14:59:35.452548316,QUERY_SPREAD,43
2019-06-28 14:59:35.452548316,BEST_ASK,"JPM,100495,100"
2019-06-28 14:59:40.000000000,QUERY_SPREAD,1
2019-06-28 14:59:42.761731347,QUERY_ORDER_STREAM,66
2019-06-28 14:59:42.761731347,QUERY_SPREAD,66
2019-06-28 14:59:50.000000000,QUERY_SPREAD,1
2019-06-28 14:59:50.462361990,QUERY_SPREAD,39
2019-06-28 14:59:50.462361990,BEST_ASK,"JPM,100495,100"
2019-06-28 14:59:53.901038679,QUERY_SPREAD,2
2019-06-28 14:59:53.901038679,BEST_ASK,"JPM,100495,100"
2019-06-28 14:59:54.348921440,QUERY_SPREAD,36
2019-06-28 14:59:54.348921440,BEST_ASK,"JPM,100495,100"
2019-06-28 15:00:00.000000000,QUERY_SPREAD,1
2019-06-28 15:00:00.000000000,QUERY_SPREAD,77
2019-06-28 15:00:00.000000000,QUERY_SPREAD,78
2019-06-28 15:00:00.000000000,QUERY_SPREAD,79
2019-06-28 15:00:00.000000000,QUERY_SPREAD,80
2019-06-28 15:00:00.000000000,QUERY_SPREAD,81
2019-06-28 15:00:00.000000000,QUERY_SPREAD,82
2019-06-28 15:00:00.000000000,QUERY_SPREAD,83
2019-06-28 15:00:00.000000000,QUERY_SPREAD,84
2019-06-28 15:00:00.000000000,QUERY_SPREAD,85
2019-06-28 15:00:00.000000000,QUERY_SPREAD,86
2019-06-28 15:00:00.000000000,QUERY_SPREAD,87
2019-06-28 15:00:00.000000000,QUERY_SPREAD,88
2019-06-28 15:00:00.000000000,QUERY_SPREAD,89
2019-06-28 15:00:00.000000000,QUERY_SPREAD,90
2019-06-28 15:00:00.000000000,QUERY_SPREAD,91
2019-06-28 15:00:00.000000000,QUERY_SPREAD,92
2019-06-28 15:00:00.000000000,QUERY_SPREAD,93
2019-06-28 15:00:00.000000000,QUERY_SPREAD,94
2019-06-28 15:00:00.000000000,QUERY_SPREAD,95
2019-06-28 15:00:00.000000000,QUERY_SPREAD,96
2019-06-28 15:00:00.000000000,QUERY_SPREAD,97
2019-06-28 15:00:00.000000000,QUERY_SPREAD,98
2019-06-28 15:00:00.000000000,QUERY_SPREAD,99
2019-06-28 15:00:00.000000000,QUERY_SPREAD,100
2019-06-28 15:00:00.000000000,QUERY_SPREAD,101
2019-06-28 15:00:00.000000000,QUERY_ORDER_STREAM,101
2019-06-28 15:00:07.796486922,QUERY_SPREAD,20
2019-06-28 15:00:07.796486922,BEST_ASK,"JPM,100495,100"
2019-06-28 15:00:10.000000000,QUERY_SPREAD,1
2019-06-28 15:00:15.393136610,QUERY_SPREAD,44
2019-06-28 15:00:15.393136610,BEST_ASK,"JPM,100557,100"
2019-06-28 15:00:15.393136610,LAST_TRADE,"100,$100495.0000"
2019-06-28 15:00:20.000000000,QUERY_SPREAD,1
2019-06-28 15:00:29.704145508,QUERY_SPREAD,36
2019-06-28 15:00:29.704145508,BEST_ASK,"JPM,100607,100"
2019-06-28 15:00:29.704145508,LAST_TRADE,"100,$100557.0000"
2019-06-28 15:00:30.000000000,QUERY_SPREAD,1
2019-06-28 15:00:37.679263655,QUERY_ORDER_STREAM,53
2019-06-28 15:00:37.679263655,QUERY_SPREAD,53
2019-06-28 15:00:39.202151366,QUERY_ORDER_STREAM,66
2019-06-28 15:00:39.202151366,QUERY_SPREAD,66
2019-06-28 15:00:40.000000000,QUERY_SPREAD,1
2019-06-28 15:00:50.000000000,QUERY_SPREAD,1
2019-06-28 15:01:00.000000000,QUERY_SPREAD,1
2019-06-28 15:01:00.000000000,QUERY_SPREAD,77
2019-06-28 15:01:00.000000000,QUERY_SPREAD,78
2019-06-28 15:01:00.000000000,QUERY_SPREAD,79
2019-06-28 15:01:00.000000000,QUERY_SPREAD,80
2019-06-28 15:01:00.000000000,QUERY_SPREAD,81
2019-06-28 15:01:00.000000000,QUERY_SPREAD,82
2019-06-28 15:01:00.000000000,QUERY_SPREAD,83
2019-06-28 15:01:00.000000000,QUERY_SPREAD,84
2019-06-28 15:01:00.000000000,QUERY_SPREAD,85
2019-06-28 15:01:00.000000000,QUERY_SPREAD,86
2019-06-28 15:01:00.000000000,QUERY_SPREAD,87
2019-06-28 15:01:00.000000000,QUERY_SPREAD,88
2019-06-28 15:01:00.000000000,QUERY_SPREAD,89
2019-06-28 15:01:00.000000000,QUERY_SPREAD,90
2019-06-28 15:01:00.000000000,QUERY_SPREAD,91
2019-06-28 15:01:00.000000000,QUERY_SPREAD,92
2019-06-28 15:01:00.000000000,QUERY_SPREAD,93
2019-06-28 15:01:00.000000000,QUERY_SPREAD,94
2019-06-28 15:01:00.000000000,QUERY_SPREAD,95
2019-06-28 15:01:00.000000000,QUERY_SPREAD,96
2019-06-28 15:01:00.000000000,QUERY_SPREAD,97
2019-06-28 15:01:00.000000000,QUERY_SPREAD,98
2019-06-28 15:01:00.000000000,QUERY_SPREAD,99
2019-06-28 15:01:00.000000000,QUERY_SPREAD,100
2019-06-28 15:01:00.000000000,QUERY_SPREAD,101
2019-06-28 15:01:00.000000000,QUERY_ORDER_STREAM,101
2019-06-28 15:01:10.000000000,QUERY_SPREAD,1
2019-06-28 15:01:20.000000000,QUERY_SPREAD,1
2019-06-28 15:01:30.000000000,QUERY_SPREAD,1
2019-06-28 15:01:40.000000000,QUERY_SPREAD,1
2019-06-28 15:01:48.792653454,QUERY_ORDER_STREAM,60
2019-06-28 15:01:48.792653454,QUERY_SPREAD,60
2019-06-28 15:01:50.000000000,QUERY_SPREAD,1
2019-06-28 15:02:00.000000000,QUERY_SPREAD,1
2019-06-28 15:02:00.000000000,QUERY_SPREAD,77
2019-06-28 15:02:00.000000000,QUERY_SPREAD,78
2019-06-28 15:02:00.000000000,QUERY_SPREAD,79
2019-06-28 15:02:00.000000000,QUERY_SPREAD,80
2019-06-28 15:02:00.000000000,QUERY_SPREAD,81
2019-06-28 15:02:00.000000000,QUERY_SPREAD,82
2019-06-28 15:02:00.000000000,QUERY_SPREAD,83
2019-06-28 15:02:00.000000000,QUERY_SPREAD,84
2019-06-28 15:02:00.000000000,QUERY_SPREAD,85
2019-06-28 15:02:00.000000000,QUERY_SPREAD,86
2019-06-28 15:02:00.000000000,QUERY_SPREAD,87
2019-06-28 15:02:00.000000000,QUERY_SPREAD,88
2019-06-28 15:02:00.000000000,QUERY_SPREAD,89
2019-06-28 15:02:00.000000000,QUERY_SPREAD,90
2019-06-28 15:02:00.000000000,QUERY_SPREAD,91
2019-06-28 15:02:00.000000000,QUERY_SPREAD,92
2019-06-28 15:02:00.000000000,QUERY_SPREAD,93
2019-06-28 15:02:00.000000000,QUERY_SPREAD,94
2019-06-28 15:02:00.000000000,QUERY_SPREAD,95
2019-06-28 15:02:00.000000000,QUERY_SPREAD,96
2019-06-28 15:02:00.000000000,QUERY_SPREAD,97
2019-06-28 15:02:00.000000000,QUERY_SPREAD,98
2019-06-28 15:02:00.000000000,QUERY_SPREAD,99
2019-06-28 15:02:00.000000000,QUERY_SPREAD,100
2019-06-28 15:02:00.000000000,QUERY_SPREAD,101
2019-06-28 15:02:00.000000000,QUERY_ORDER_STREAM,101
2019-06-28 15:02:10.000000000,QUERY_SPREAD,1
2019-06-28 15:02:14.509728288,QUERY_SPREAD,12
2019-06-28 15:02:14.509728288,BEST_ASK,"JPM,100738,100"
2019-06-28 15:02:14.509728288,LAST_TRADE,"100,$100607.0000"
2019-06-28 15:02:15.893833666,QUERY_SPREAD,13
2019-06-28 15:02:15.893833666,BEST_ASK,"JPM,100766,100"
2019-06-28 15:02:15.893833666,LAST_TRADE,"100,$100738.0000"
2019-06-28 15:02:20.000000000,QUERY_SPREAD,1
2019-06-28 15:02:30.000000000,QUERY_SPREAD,1
2019-06-28 15:02:40.000000000,QUERY_SPREAD,1
2019-06-28 15:02:41.470238712,QUERY_ORDER_STREAM,66
2019-06-28 15:02:41.470238712,QUERY_SPREAD,66
2019-06-28 15:02:50.000000000,QUERY_SPREAD,1
2019-06-28 15:02:57.959045491,QUERY_ORDER_STREAM,54
2019-06-28 15:02:57.959045491,QUERY_SPREAD,54
2019-06-28 15:02:57.959045491,BEST_ASK,"JPM,100738,100"
2019-06-28 15:03:00.000000000,QUERY_SPREAD,1
2019-06-28 15:03:00.000000000,QUERY_SPREAD,77
2019-06-28 15:03:00.000000000,QUERY_SPREAD,78
2019-06-28 15:03:00.000000000,QUERY_SPREAD,79
2019-06-28 15:03:00.000000000,QUERY_SPREAD,80
2019-06-28 15:03:00.000000000,QUERY_SPREAD,81
2019-06-28 15:03:00.000000000,QUERY_SPREAD,82
2019-06-28 15:03:00.000000000,QUERY_SPREAD,83
2019-06-28 15:03:00.000000000,QUERY_SPREAD,84
2019-06-28 15:03:00.000000000,QUERY_SPREAD,85
2019-06-28 15:03:00.000000000,QUERY_SPREAD,86
2019-06-28 15:03:00.000000000,QUERY_SPREAD,87
2019-06-28 15:03:00.000000000,QUERY_SPREAD,88
2019-06-28 15:03:00.000000000,QUERY_SPREAD,89
2019-06-28 15:03:00.000000000,QUERY_SPREAD,90
2019-06-28 15:03:00.000000000,QUERY_SPREAD,91
2019-06-28 15:03:00.000000000,QUERY_SPREAD,92
2019-06-28 15:03:00.000000000,QUERY_SPREAD,93
2019-06-28 15:03:00.000000000,QUERY_SPREAD,94
2019-06-28 15:03:00.000000000,QUERY_SPREAD,95
2019-06-28 15:03:00.000000000,QUERY_SPREAD,96
2019-06-28 15:03:00.000000000,QUERY_SPREAD,97
2019-06-28 15:03:00.000000000,QUERY_SPREAD,98
2019-06-28 15:03:00.000000000,QUERY_SPREAD,99
2019-06-28 15:03:00.000000000,QUERY_SPREAD,100
2019-06-28 15:03:00.000000000,QUERY_SPREAD,101
2019-06-28 15:03:00.000000000,QUERY_ORDER_STREAM,101
2019-06-28 15:03:10.000000000,QUERY_SPREAD,1
2019-06-28 15:03:16.604227983,QUERY_SPREAD,25
2019-06-28 15:03:16.604227983,BEST_BID,"JPM,100356,100"
2019-06-28 15:03:16.604227983,BEST_ASK,"JPM,100738,100"
2019-06-28 15:03:20.000000000,QUERY_SPREAD,1
2019-06-28 15:03:20.000000000,BEST_BID,"JPM,100356,166"
2019-06-28 15:03:20.000000000,BEST_ASK,"JPM,100738,100"
2019-06-28 15:03:20.000000000,BEST_BID,"JPM,100356,166"
2019-06-28 15:03:20.000000000,BEST_ASK,"JPM,100738,100"
2019-06-28 15:03:20.000000000,BEST_BID,"JPM,100356,166"
2019-06-28 15:03:20.000000000,BEST_ASK,"JPM,100738,166"
2019-06-28 15:03:20.000000000,BEST_BID,"JPM,100356,166"
2019-06-28 15:03:20.000000000,BEST_ASK,"JPM,100738,166"
2019-06-28 15:03:20.000000000,BEST_BID,"JPM,100356,166"
2019-06-28 15:03:20.000000000,BEST_ASK,"JPM,100738,166"
2019-06-28 15:03:20.000000000,BEST_BID,"JPM,100356,166"
2019-06-28 15:03:20.000000000,BEST_ASK,"JPM,100738,166"
2019-06-28 15:03:20.000000000,BEST_BID,"JPM,100356,166"
2019-06-28 15:03:20.000000000,BEST_ASK,"JPM,100738,166"
2019-06-28 15:03:29.970758148,QUERY_ORDER_STREAM,61
2019-06-28 15:03:29.970758148,QUERY_SPREAD,61
2019-06-28 15:03:29.970758148,BEST_BID,"JPM,100356,166"
2019-06-28 15:03:29.970758148,BEST_ASK,"JPM,100738,266"
2019-06-28 15:03:30.000000000,QUERY_SPREAD,1
2019-06-28 15:03:30.000000000,BEST_BID,"JPM,100356,264"
2019-06-28 15:03:30.000000000,BEST_ASK,"JPM,100738,200"
2019-06-28 15:03:30.000000000,BEST_BID,"JPM,100356,264"
2019-06-28 15:03:30.000000000,BEST_ASK,"JPM,100738,200"
2019-06-28 15:03:30.000000000,BEST_BID,"JPM,100356,264"
2019-06-28 15:03:30.000000000,BEST_ASK,"JPM,100738,364"
2019-06-28 15:03:30.000000000,BEST_BID,"JPM,100356,264"
2019-06-28 15:03:30.000000000,BEST_ASK,"JPM,100738,364"
2019-06-28 15:03:40.000000000,QUERY_SPREAD,1
2019-06-28 15:03:40.000000000,BEST_BID,"JPM,100356,182"
2019-06-28 15:03:40.000000000,BEST_ASK,"JPM,100738,200"
2019-06-28 15:03:40.000000000,BEST_BID,"JPM,100356,182"
2019-06-28 15:03:40.000000000,BEST_ASK,"JPM,100738,200"
2019-06-28 15:03:40.000000000,BEST_BID,"JPM,100356,182"
2019-06-28 15:03:40.000000000,BEST_ASK,"JPM,100738,282"
2019-06-28 15:03:40.000000000,BEST_BID,"JPM,100356,182"
2019-06-28 15:03:40.000000000,BEST_ASK,"JPM,100738,282"
2019-06-28 15:03:40.000000000,BEST_BID,"JPM,100356,182"
2019-06-28 15:03:40.000000000,BEST_ASK,"JPM,100738,282"
2019-06-28 15:03:40.000000000,BEST_BID,"JPM,100356,182"
2019-06-28 15:03:40.000000000,BEST_ASK,"JPM,100738,282"
2019-06-28 15:03:41.083844651,QUERY_SPREAD,45
2019-06-28 15:03:41.083844651,BEST_BID,"JPM,100356,82"
2019-06-28 15:03:41.083844651,BEST_ASK,"JPM,100738,282"
2019-06-28 15:03:41.083844651,LAST_TRADE,"100,$100356.0000"
2019-06-28 15:03:50.000000000,QUERY_SPREAD,1
2019-06-28 15:03:55.156437187,QUERY_SPREAD,18
2019-06-28 15:03:55.156437187,BEST_ASK,"JPM,100101,100"
2019-06-28 15:04:00.000000000,QUERY_SPREAD,1
2019-06-28 15:04:00.000000000,QUERY_SPREAD,77
2019-06-28 15:04:00.000000000,QUERY_SPREAD,78
2019-06-28 15:04:00.000000000,QUERY_SPREAD,79
2019-06-28 15:04:00.000000000,QUERY_SPREAD,80
2019-06-28 15:04:00.000000000,QUERY_SPREAD,81
2019-06-28 15:04:00.000000000,QUERY_SPREAD,82
2019-06-28 15:04:00.000000000,QUERY_SPREAD,83
2019-06-28 15:04:00.000000000,QUERY_SPREAD,84
2019-06-28 15:04:00.000000000,QUERY_SPREAD,85
2019-06-28 15:04:00.000000000,QUERY_SPREAD,86
2019-06-28 15:04:00.000000000,QUERY_SPREAD,87
2019-06-28 15:04:00.000000000,QUERY_SPREAD,88
2019-06-28 15:04:00.000000000,QUERY_SPREAD,89
2019-06-28 15:04:00.000000000,QUERY_SPREAD,90
2019-06-28 15:04:00.000000000,QUERY_SPREAD,91
2019-06-28 15:04:00.000000000,QUERY_SPREAD,92
2019-06-28 15:04:00.000000000,QUERY_SPREAD,93
2019-06-28 15:04:00.000000000,QUERY_SPREAD,94
2019-06-28 15:04:00.000000000,QUERY_SPREAD,95
2019-06-28 15:04:00.000000000,QUERY_SPREAD,96
2019-06-28 15:04:00.000000000,QUERY_SPREAD,97
2019-06-28 15:04:00.000000000,QUERY_SPREAD,98
2019-06-28 15:04:00.000000000,QUERY_SPREAD,99
2019-06-28 15:04:00.000000000,QUERY_SPREAD,100
2019-06-28 15:04:00.000000000,QUERY_SPREAD,101
2019-06-28 15:04:00.000000000,QUERY_ORDER_STREAM,101
2019-06-28 15:04:10.000000000,QUERY_SPREAD,1
2019-06-28 15:04:12.656092982,QUERY_SPREAD,7
2019-06-28 15:04:12.656092982,BEST_ASK,"JPM,100014,100"
2019-06-28 15:04:15.000165330,QUERY_ORDER_STREAM,67
2019-06-28 15:04:15.000165330,QUERY_SPREAD,67
2019-06-28 15:04:15.000165330,BEST_ASK,"JPM,100014,100"
2019-06-28 15:04:20.000000000,QUERY_SPREAD,1
2019-06-28 15:04:29.487157124,QUERY_SPREAD,13
2019-06-28 15:04:29.487157124,BEST_ASK,"JPM,100014,100"
2019-06-28 15:04:30.000000000,QUERY_SPREAD,1
2019-06-28 15:04:40.000000000,QUERY_SPREAD,1
2019-06-28 15:04:50.000000000,QUERY_SPREAD,1
2019-06-28 15:05:00.000000000,QUERY_SPREAD,1
2019-06-28 15:05:00.000000000,QUERY_SPREAD,77
2019-06-28 15:05:00.000000000,QUERY_SPREAD,78
2019-06-28 15:05:00.000000000,QUERY_SPREAD,79
2019-06-28 15:05:00.000000000,QUERY_SPREAD,80
2019-06-28 15:05:00.000000000,QUERY_SPREAD,81
2019-06-28 15:05:00.000000000,QUERY_SPREAD,82
2019-06-28 15:05:00.000000000,QUERY_SPREAD,83
2019-06-28 15:05:00.000000000,QUERY_SPREAD,84
2019-06-28 15:05:00.000000000,QUERY_SPREAD,85
2019-06-28 15:05:00.000000000,QUERY_SPREAD,86
2019-06-28 15:05:00.000000000,QUERY_SPREAD,87
2019-06-28 15:05:00.000000000,QUERY_SPREAD,88
2019-06-28 15:05:00.000000000,QUERY_SPREAD,89
2019-06-28 15:05:00.000000000,QUERY_SPREAD,90
2019-06-28 15:05:00.000000000,QUERY_SPREAD,91
2019-06-28 15:05:00.000000000,QUERY_SPREAD,92
2019-06-28 15:05:00.000000000,QUERY_SPREAD,93
2019-06-28 15:05:00.000000000,QUERY_SPREAD,94
2019-06-28 15:05:00.000000000,QUERY_SPREAD,95
2019-06-28 15:05:00.000000000,QUERY_SPREAD,96
2019-06-28 15:05:00.000000000,QUERY_SPREAD,97
2019-06-28 15:05:00.000000000,QUERY_SPREAD,98
2019-06-28 15:05:00.000000000,QUERY_SPREAD,99
2019-06-28 15:05:00.000000000,QUERY_SPREAD,100
2019-06-28 15:05:00.000000000,QUERY_SPREAD,101
2019-06-28 15:05:00.000000000,QUERY_ORDER_STREAM,101
2019-06-28 15:05:10.000000000,QUERY_SPREAD,1
2019-06-28 15:05:20.000000000,QUERY_SPREAD,1
2019-06-28 15:05:26.439124138,QUERY_ORDER_STREAM,66
2019-06-28 15:05:26.439124138,QUERY_SPREAD,66
2019-06-28 15:05:27.413271292,QUERY_SPREAD,3
2019-06-28 15:05:27.413271292,BEST_BID,"JPM,99850,100"
2019-06-28 15:05:27.413271292,BEST_ASK,"JPM,100014,100"
2019-06-28 15:05:30.000000000,QUERY_SPREAD,1
2019-06-28 15:05:30.000000000,BEST_BID,"JPM,99850,428"
2019-06-28 15:05:30.000000000,BEST_ASK,"JPM,100014,100"
2019-06-28 15:05:30.000000000,BEST_BID,"JPM,99850,428"
2019-06-28 15:05:30.000000000,BEST_ASK,"JPM,100014,428"
2019-06-28 15:05:31.451160517,QUERY_SPREAD,9
2019-06-28 15:05:31.451160517,BEST_BID,"JPM,99850,528"
2019-06-28 15:05:31.451160517,BEST_ASK,"JPM,100014,428"
2019-06-28 15:05:38.507931252,QUERY_SPREAD,8
2019-06-28 15:05:38.507931252,BEST_BID,"JPM,99850,528"
2019-06-28 15:05:38.507931252,BEST_ASK,"JPM,100004,100"
2019-06-28 15:05:39.595424520,QUERY_SPREAD,29
2019-06-28 15:05:39.595424520,BEST_BID,"JPM,99850,428"
2019-06-28 15:05:39.595424520,BEST_ASK,"JPM,100004,100"
2019-06-28 15:05:39.595424520,LAST_TRADE,"100,$99850.0000"
2019-06-28 15:05:40.000000000,QUERY_SPREAD,1
2019-06-28 15:05:40.000000000,BEST_BID,"JPM,99850,212"
2019-06-28 15:05:40.000000000,BEST_ASK,"JPM,100004,100"
2019-06-28 15:05:40.000000000,BEST_BID,"JPM,99850,212"
2019-06-28 15:05:40.000000000,BEST_ASK,"JPM,100004,100"
2019-06-28 15:05:40.000000000,BEST_BID,"JPM,99850,212"
2019-06-28 15:05:40.000000000,BEST_ASK,"JPM,100004,212"
2019-06-28 15:05:40.000000000,BEST_BID,"JPM,99850,212"
2019-06-28 15:05:40.000000000,BEST_ASK,"JPM,100004,212"
2019-06-28 15:05:40.000000000,BEST_BID,"JPM,99850,212"
2019-06-28 15:05:40.000000000,BEST_ASK,"JPM,100004,212"
2019-06-28 15:05:50.000000000,QUERY_SPREAD,1
2019-06-28 15:05:50.000000000,BEST_BID,"JPM,99850,212"
2019-06-28 15:05:50.000000000,BEST_ASK,"JPM,100004,100"
2019-06-28 15:05:50.000000000,BEST_BID,"JPM,99850,212"
2019-06-28 15:05:50.000000000,BEST_ASK,"JPM,100004,100"
2019-06-28 15:05:50.000000000,BEST_BID,"JPM,99850,212"
2019-06-28 15:05:50.000000000,BEST_ASK,"JPM,100004,212"
2019-06-28 15:05:50.000000000,BEST_BID,"JPM,99850,212"
2019-06-28 15:05:50.000000000,BEST_ASK,"JPM,100004,212"
2019-06-28 15:05:50.000000000,BEST_BID,"JPM,99850,212"
2019-06-28 15:05:50.000000000,BEST_ASK,"JPM,100004,212"
2019-06-28 15:05:52.108490951,QUERY_SPREAD,4
2019-06-28 15:05:52.108490951,BEST_BID,"JPM,99850,212"
2019-06-28 15:05:52.108490951,BEST_ASK,"JPM,100004,212"
2019-06-28 15:05:53.886385244,QUERY_SPREAD,37
2019-06-28 15:05:53.886385244,BEST_BID,"JPM,99897,100"
2019-06-28 15:05:53.886385244,BEST_ASK,"JPM,100004,212"
2019-06-28 15:05:58.427510063,QUERY_SPREAD,16
2019-06-28 15:05:58.427510063,BEST_BID,"JPM,99897,100"
2019-06-28 15:05:58.427510063,BEST_ASK,"JPM,100004,212"
2019-06-28 15:06:00.000000000,QUERY_SPREAD,1
2019-06-28 15:06:00.000000000,BEST_BID,"JPM,99897,264"
2019-06-28 15:06:00.000000000,BEST_ASK,"JPM,100004,100"
2019-06-28 15:06:00.000000000,BEST_BID,"JPM,99897,264"
2019-06-28 15:06:00.000000000,BEST_ASK,"JPM,100004,100"
2019-06-28 15:06:00.000000000,BEST_BID,"JPM,99897,264"
2019-06-28 15:06:00.000000000,BEST_ASK,"JPM,100004,264"
2019-06-28 15:06:00.000000000,BEST_BID,"JPM,99897,264"
2019-06-28 15:06:00.000000000,BEST_ASK,"JPM,100004,264"
2019-06-28 15:06:00.000000000,QUERY_SPREAD,77
2019-06-28 15:06:00.000000000,BEST_BID,"JPM,99897,260"
2019-06-28 15:06:00.000000000,BEST_ASK,"JPM,100004,264"
2019-06-28 15:06:00.000000000,LAST_TRADE,"4,$99897.0000"
2019-06-28 15:06:00.000000000,QUERY_SPREAD,78
2019-06-28 15:06:00.000000000,BEST_BID,"JPM,99897,252"
2019-06-28 15:06:00.000000000,BEST_ASK,"JPM,100004,264"
2019-06-28 15:06:00.000000000,LAST_TRADE,"8,$99897.0000"
2019-06-28 15:06:00.000000000,QUERY_SPREAD,79
2019-06-28 15:06:00.000000000,BEST_BID,"JPM,99897,251"
2019-06-28 15:06:00.000000000,BEST_ASK,"JPM,100004,264"
2019-06-28 15:06:00.000000000,LAST_TRADE,"1,$99897.0000"
2019-06-28 15:06:00.000000000,QUERY_SPREAD,80
2019-06-28 15:06:00.000000000,BEST_BID,"JPM,99897,246"
2019-06-28 15:06:00.000000000,BEST_ASK,"JPM,100004,264"
2019-06-28 15:06:00.000000000,LAST_TRADE,"5,$99897.0000"
2019-06-28 15:06:00.000000000,QUERY_SPREAD,81
2019-06-28 15:06:00.000000000,BEST_BID,"JPM,99897,241"
2019-06-28 15:06:00.000000000,BEST_ASK,"JPM,100004,264"
2019-06-28 15:06:00.000000000,LAST_TRADE,"5,$99897.0000"
2019-06-28 15:06:00.000000000,QUERY_SPREAD,82
2019-06-28 15:06:00.000000000,BEST_BID,"JPM,99897,235"
2019-06-28 15:06:00.000000000,BEST_ASK,"JPM,100004,264"
2019-06-28 15:06:00.000000000,LAST_TRADE,"6,$99897.0000"
2019-06-28 15:06:00.000000000,QUERY_SPREAD,83
2019-06-28 15:06:00.000000000,BEST_BID,"JPM,99897,231"
2019-06-28 15:06:00.000000000,BEST_ASK,"JPM,100004,264"
2019-06-28 15:06:00.000000000,LAST_TRADE,"4,$99897.0000"
2019-06-28 15:06:00.000000000,QUERY_SPREAD,84
2019-06-28 15:06:00.000000000,BEST_BID,"JPM,99897,226"
2019-06-28 15:06:00.000000000,BEST_ASK,"JPM,100004,264"
2019-06-28 15:06:00.000000000,LAST_TRADE,"5,$99897.0000"
2019-06-28 15:06:00.000000000,QUERY_SPREAD,85
2019-06-28 15:06:00.000000000,BEST_BID,"JPM,99897,221"
2019-06-28 15:06:00.000000000,BEST_ASK,"JPM,100004,264"
2019-06-28 15:06:00.000000000,LAST_TRADE,"5,$99897.0000"
2019-06-28 15:06:00.000000000,QUERY_SPREAD,86
2019-06-28 15:06:00.000000000,BEST_BID,"JPM,99897,212"
2019-06-28 15:06:00.000000000,BEST_ASK,"JPM,100004,264"
2019-06-28 15:06:00.000000000,LAST_TRADE,"9,$99897.0000"
2019-06-28 15:06:00.000000000,QUERY_SPREAD,87
2019-06-28 15:06:00.000000000,BEST_BID,"JPM,99897,210"
2019-06-28 15:06:00.000000000,BEST_ASK,"JPM,100004,264"
2019-06-28 15:06:00.000000000,LAST_TRADE,"2,$99897.0000"
2019-06-28 15:06:00.000000000,QUERY_SPREAD,88
2019-06-28 15:06:00.000000000,BEST_BID,"JPM,99897,202"
2019-06-28 15:06:00.000000000,BEST_ASK,"JPM,100004,264"
2019-06-28 15:06:00.000000000,LAST_TRADE,"8,$99897.0000"
2019-06-28 15:06:00.000000000,QUERY_SPREAD,89
2019-06-28 15:06:00.000000000,BEST_BID,"JPM,99897,195"
2019-06-28 15:06:00.000000000,BEST_ASK,"JPM,100004,264"
2019-06-28 15:06:00.000000000,LAST_TRADE,"7,$99897.0000"
2019-06-28 15:06:00.000000000,QUERY_SPREAD,90
2019-06-28 15:06:00.000000000,BEST_BID,"JPM,99897,189"
2019-06-28 15:06:00.000000000,BEST_ASK,"JPM,100004,264"
2019-06-28 15:06:00.000000000,LAST_TRADE,"6,$99897.0000"
2019-06-28 15:06:00.000000000,QUERY_SPREAD,91
2019-06-28 15:06:00.000000000,BEST_BID,"JPM,99897,184"
2019-06-28 15:06:00.000000000,BEST_ASK,"JPM,100004,264"
2019-06-28 15:06:00.000000000,LAST_TRADE,"5,$99897.0000"
2019-06-28 15:06:00.000000000,QUERY_SPREAD,92
2019-06-28 15:06:00.000000000,BEST_BID,"JPM,99897,183"
2019-06-28 15:06:00.000000000,BEST_ASK,"JPM,100004,264"
2019-06-28 15:06:00.000000000,LAST_TRADE,"1,$99897.0000"
2019-06-28 15:06:00.000000000,QUERY_SPREAD,93
2019-06-28 15:06:00.000000000,BEST_BID,"JPM,99897,181"
2019-06-28 15:06:00.000000000,BEST_ASK,"JPM,100004,264"
2019-06-28 15:06:00.000000000,LAST_TRADE,"2,$99897.0000"
2019-06-28 15:06:00.000000000,QUERY_SPREAD,94
2019-06-28 15:06:00.000000000,BEST_BID,"JPM,99897,179"
2019-06-28 15:06:00.000000000,BEST_ASK,"JPM,100004,264"
2019-06-28 15:06:00.000000000,LAST_TRADE,"2,$99897.0000"
2019-06-28 15:06:00.000000000,QUERY_SPREAD,95
2019-06-28 15:06:00.000000000,BEST_BID,"JPM,99897,172"
2019-06-28 15:06:00.000000000,BEST_ASK,"JPM,100004,264"
2019-06-28 15:06:00.000000000,LAST_TRADE,"7,$99897.0000"
2019-06-28 15:06:00.000000000,QUERY_SPREAD,96
2019-06-28 15:06:00.000000000,BEST_BID,"JPM,99897,165"
2019-06-28 15:06:00.000000000,BEST_ASK,"JPM,100004,264"
2019-06-28 15:06:00.000000000,LAST_TRADE,"7,$99897.0000"
2019-06-28 15:06:00.000000000,QUERY_SPREAD,97
2019-06-28 15:06:00.000000000,BEST_BID,"JPM,99897,159"
2019-06-28 15:06:00.000000000,BEST_ASK,"JPM,100004,264"
2019-06-28 15:06:00.000000000,LAST_TRADE,"6,$99897.0000"
2019-06-28 15:06:00.000000000,QUERY_SPREAD,98
2019-06-28 15:06:00.000000000,BEST_BID,"JPM,99897,155"
2019-06-28 15:06:00.000000000,BEST_ASK,"JPM,100004,264"
2019-06-28 15:06:00.000000000,LAST_TRADE,"4,$99897.0000"
2019-06-28 15:06:00.000000000,QUERY_SPREAD,99
2019-06-28 15:06:00.000000000,BEST_BID,"JPM,99897,153"
2019-06-28 15:06:00.000000000,BEST_ASK,"JPM,100004,264"
2019-06-28 15:06:00.000000000,LAST_TRADE,"2,$99897.0000"
2019-06-28 15:06:00.000000000,QUERY_SPREAD,100
2019-06-28 15:06:00.000000000,BEST_BID,"JPM,99897,147"
2019-06-28 15:06:00.000000000,BEST_ASK,"JPM,100004,264"
2019-06-28 15:06:00.000000000,LAST_TRADE,"6,$99897.0000"
2019-06-28 15:06:00.000000000,QUERY_SPREAD,101
2019-06-28 15:06:00.000000000,QUERY_ORDER_STREAM,101
2019-06-28 15:06:03.340429325,QUERY_SPREAD,26
2019-06-28 15:06:03.340429325,BEST_BID,"JPM,99897,147"
2019-06-28 15:06:03.340429325,BEST_ASK,"JPM,100004,164"
2019-06-28 15:06:03.340429325,LAST_TRADE,"100,$100004.0000"
2019-06-28 15:06:10.000000000,QUERY_SPREAD,1
2019-06-28 15:06:10.000000000,BEST_BID,"JPM,99850,166"
2019-06-28 15:06:10.000000000,BEST_ASK,"JPM,100014,100"
2019-06-28 15:06:10.000000000,BEST_BID,"JPM,99850,166"
2019-06-28 15:06:10.000000000,BEST_ASK,"JPM,100014,100"
2019-06-28 15:06:10.000000000,BEST_BID,"JPM,99850,166"
2019-06-28 15:06:10.000000000,BEST_ASK,"JPM,100014,166"
2019-06-28 15:06:10.000000000,BEST_BID,"JPM,99850,166"
2019-06-28 15:06:10.000000000,BEST_ASK,"JPM,100014,166"
2019-06-28 15:06:10.000000000,BEST_BID,"JPM,99850,166"
2019-06-28 15:06:10.000000000,BEST_ASK,"JPM,100014,166"
2019-06-28 15:06:10.000000000,BEST_BID,"JPM,99850,166"
2019-06-28 15:06:10.000000000,BEST_ASK,"JPM,100014,166"
2019-06-28 15:06:10.000000000,BEST_BID,"JPM,99850,166"
2019-06-28 15:06:10.000000000,BEST_ASK,"JPM,100014,166"
2019-06-28 15:06:20.000000000,QUERY_SPREAD,1
2019-06-28 15:06:20.000000000,BEST_BID,"JPM,99850,264"
2019-06-28 15:06:20.000000000,BEST_ASK,"JPM,100014,100"
2019-06-28 15:06:20.000000000,BEST_BID,"JPM,99850,264"
2019-06-28 15:06:20.000000000,BEST_ASK,"JPM,100014,100"
2019-06-28 15:06:20.000000000,BEST_BID,"JPM,99850,264"
2019-06-28 15:06:20.000000000,BEST_ASK,"JPM,100014,264"
2019-06-28 15:06:20.000000000,BEST_BID,"JPM,99850,264"
2019-06-28 15:06:20.000000000,BEST_ASK,"JPM,100014,264"
2019-06-28 15:06:30.000000000,QUERY_SPREAD,1
2019-06-28 15:06:30.000000000,BEST_BID,"JPM,99850,264"
2019-06-28 15:06:30.000000000,BEST_ASK,"JPM,100014,100"
2019-06-28 15:06:30.000000000,BEST_BID,"JPM,99850,264"
2019-06-28 15:06:30.000000000,BEST_ASK,"JPM,100014,100"
2019-06-28 15:06:30.000000000,BEST_BID,"JPM,99850,264"
2019-06-28 15:06:30.000000000,BEST_ASK,"JPM,100014,264"
2019-06-28 15:06:30.000000000,BEST_BID,"JPM,99850,264"
2019-06-28 15:06:30.000000000,BEST_ASK,"JPM,100014,264"
2019-06-28 15:06:40.000000000,QUERY_SPREAD,1
2019-06-28 15:06:40.000000000,BEST_BID,"JPM,99850,428"
2019-06-28 15:06:40.000000000,BEST_ASK,"JPM,100014,100"
2019-06-28 15:06:40.000000000,BEST_BID,"JPM,99850,428"
2019-06-28 15:06:40.000000000,BEST_ASK,"JPM,100014,428"
2019-06-28 15:06:48.626615662,QUERY_SPREAD,16
2019-06-28 15:06:48.626615662,BEST_BID,"JPM,99850,428"
2019-06-28 15:06:48.626615662,BEST_ASK,"JPM,100014,428"
2019-06-28 15:06:50.000000000,QUERY_SPREAD,1
2019-06-28 15:06:50.000000000,BEST_BID,"JPM,99850,264"
2019-06-28 15:06:50.000000000,BEST_ASK,"JPM,100014,100"
2019-06-28 15:06:50.000000000,BEST_BID,"JPM,99850,264"
2019-06-28 15:06:50.000000000,BEST_ASK,"JPM,100014,100"
2019-06-28 15:06:50.000000000,BEST_BID,"JPM,99850,264"
2019-06-28 15:06:50.000000000,BEST_ASK,"JPM,100014,264"
2019-06-28 15:06:50.000000000,BEST_BID,"JPM,99850,264"
2019-06-28 15:06:50.000000000,BEST_ASK,"JPM,100014,264"
2019-06-28 15:06:50.546040925,QUERY_SPREAD,21
2019-06-28 15:06:50.546040925,BEST_BID,"JPM,99850,264"
2019-06-28 15:06:50.546040925,BEST_ASK,"JPM,100014,164"
2019-06-28 15:06:50.546040925,LAST_TRADE,"100,$100014.0000"
2019-06-28 15:07:00.000000000,QUERY_SPREAD,1
2019-06-28 15:07:00.000000000,BEST_BID,"JPM,99850,428"
2019-06-28 15:07:00.000000000,BEST_ASK,"JPM,100026,100"
2019-06-28 15:07:00.000000000,BEST_BID,"JPM,99850,428"
2019-06-28 15:07:00.000000000,BEST_ASK,"JPM,100026,428"
2019-06-28 15:07:00.000000000,QUERY_SPREAD,77
2019-06-28 15:07:00.000000000,BEST_BID,"JPM,99850,424"
2019-06-28 15:07:00.000000000,BEST_ASK,"JPM,100026,428"
2019-06-28 15:07:00.000000000,LAST_TRADE,"4,$99850.0000"
2019-06-28 15:07:00.000000000,QUERY_SPREAD,78
2019-06-28 15:07:00.000000000,BEST_BID,"JPM,99850,416"
2019-06-28 15:07:00.000000000,BEST_ASK,"JPM,100026,428"
2019-06-28 15:07:00.000000000,LAST_TRADE,"8,$99850.0000"
2019-06-28 15:07:00.000000000,QUERY_SPREAD,79
2019-06-28 15:07:00.000000000,BEST_BID,"JPM,99850,415"
2019-06-28 15:07:00.000000000,BEST_ASK,"JPM,100026,428"
2019-06-28 15:07:00.000000000,LAST_TRADE,"1,$99850.0000"
2019-06-28 15:07:00.000000000,QUERY_SPREAD,80
2019-06-28 15:07:00.000000000,BEST_BID,"JPM,99850,410"
2019-06-28 15:07:00.000000000,BEST_ASK,"JPM,100026,428"
2019-06-28 15:07:00.000000000,LAST_TRADE,"5,$99850.0000"
2019-06-28 15:07:00.000000000,QUERY_SPREAD,81
2019-06-28 15:07:00.000000000,BEST_BID,"JPM,99850,405"
2019-06-28 15:07:00.000000000,BEST_ASK,"JPM,100026,428"
2019-06-28 15:07:00.000000000,LAST_TRADE,"5,$99850.0000"
2019-06-28 15:07:00.000000000,QUERY_SPREAD,82
2019-06-28 15:07:00.000000000,BEST_BID,"JPM,99850,399"
2019-06-28 15:07:00.000000000,BEST_ASK,"JPM,100026,428"
2019-06-28 15:07:00.000000000,LAST_TRADE,"6,$99850.0000"
2019-06-28 15:07:00.000000000,QUERY_SPREAD,83
2019-06-28 15:07:00.000000000,BEST_BID,"JPM,99850,395"
2019-06-28 15:07:00.000000000,BEST_ASK,"JPM,100026,428"
2019-06-28 15:07:00.000000000,LAST_TRADE,"4,$99850.0000"
2019-06-28 15:07:00.000000000,QUERY_SPREAD,84
2019-06-28 15:07:00.000000000,BEST_BID,"JPM,99850,390"
2019-06-28 15:07:00.000000000,BEST_ASK,"JPM,100026,428"
2019-06-28 15:07:00.000000000,LAST_TRADE,"5,$99850.0000"
2019-06-28 15:07:00.000000000,QUERY_SPREAD,85
2019-06-28 15:07:00.000000000,BEST_BID,"JPM,99850,385"
2019-06-28 15:07:00.000000000,BEST_ASK,"JPM,100026,428"
2019-06-28 15:07:00.000000000,LAST_TRADE,"5,$99850.0000"
2019-06-28 15:07:00.000000000,QUERY_SPREAD,86
2019-06-28 15:07:00.000000000,BEST_BID,"JPM,99850,376"
2019-06-28 15:07:00.000000000,BEST_ASK,"JPM,100026,428"
2019-06-28 15:07:00.000000000,LAST_TRADE,"9,$99850.0000"
2019-06-28 15:07:00.000000000,QUERY_SPREAD,87
2019-06-28 15:07:00.000000000,BEST_BID,"JPM,99850,374"
2019-06-28 15:07:00.000000000,BEST_ASK,"JPM,100026,428"
2019-06-28 15:07:00.000000000,LAST_TRADE,"2,$99850.0000"
2019-06-28 15:07:00.000000000,QUERY_SPREAD,88
2019-06-28 15:07:00.000000000,BEST_BID,"JPM,99850,366"
2019-06-28 15:07:00.000000000,BEST_ASK,"JPM,100026,428"
2019-06-28 15:07:00.000000000,LAST_TRADE,"8,$99850.0000"
2019-06-28 15:07:00.000000000,QUERY_SPREAD,89
2019-06-28 15:07:00.000000000,BEST_BID,"JPM,99850,359"
2019-06-28 15:07:00.000000000,BEST_ASK,"JPM,100026,428"
2019-06-28 15:07:00.000000000,LAST_TRADE,"7,$99850.0000"
2019-06-28 15:07:00.000000000,QUERY_SPREAD,90
2019-06-28 15:07:00.000000000,BEST_BID,"JPM,99850,353"
2019-06-28 15:07:00.000000000,BEST_ASK,"JPM,100026,428"
2019-06-28 15:07:00.000000000,LAST_TRADE,"6,$99850.0000"
2019-06-28 15:07:00.000000000,QUERY_SPREAD,91
2019-06-28 15:07:00.000000000,BEST_BID,"JPM,99850,348"
2019-06-28 15:07:00.000000000,BEST_ASK,"JPM,100026,428"
2019-06-28 15:07:00.000000000,LAST_TRADE,"5,$99850.0000"
2019-06-28 15:07:00.000000000,QUERY_SPREAD,92
2019-06-28 15:07:00.000000000,BEST_BID,"JPM,99850,347"
2019-06-28 15:07:00.000000000,BEST_ASK,"JPM,100026,428"
2019-06-28 15:07:00.000000000,LAST_TRADE,"1,$99850.0000"
2019-06-28 15:07:00.000000000,QUERY_SPREAD,93
2019-06-28 15:07:00.000000000,BEST_BID,"JPM,99850,345"
2019-06-28 15:07:00.000000000,BEST_ASK,"JPM,100026,428"
2019-06-28 15:07:00.000000000,LAST_TRADE,"2,$99850.0000"
2019-06-28 15:07:00.000000000,QUERY_SPREAD,94
2019-06-28 15:07:00.000000000,BEST_BID,"JPM,99850,343"
2019-06-28 15:07:00.000000000,BEST_ASK,"JPM,100026,428"
2019-06-28 15:07:00.000000000,LAST_TRADE,"2,$99850.0000"
2019-06-28 15:07:00.000000000,QUERY_SPREAD,95
2019-06-28 15:07:00.000000000,BEST_BID,"JPM,99850,336"
2019-06-28 15:07:00.000000000,BEST_ASK,"JPM,100026,428"
2019-06-28 15:07:00.000000000,LAST_TRADE,"7,$99850.0000"
2019-06-28 15:07:00.000000000,QUERY_SPREAD,96
2019-06-28 15:07:00.000000000,BEST_BID,"JPM,99850,329"
2019-06-28 15:07:00.000000000,BEST_ASK,"JPM,100026,428"
2019-06-28 15:07:00.000000000,LAST_TRADE,"7,$99850.0000"
2019-06-28 15:07:00.000000000,QUERY_SPREAD,97
2019-06-28 15:07:00.000000000,BEST_BID,"JPM,99850,323"
2019-06-28 15:07:00.000000000,BEST_ASK,"JPM,100026,428"
2019-06-28 15:07:00.000000000,LAST_TRADE,"6,$99850.0000"
2019-06-28 15:07:00.000000000,QUERY_SPREAD,98
2019-06-28 15:07:00.000000000,BEST_BID,"JPM,99850,319"
2019-06-28 15:07:00.000000000,BEST_ASK,"JPM,100026,428"
2019-06-28 15:07:00.000000000,LAST_TRADE,"4,$99850.0000"
2019-06-28 15:07:00.000000000,QUERY_SPREAD,99
2019-06-28 15:07:00.000000000,BEST_BID,"JPM,99850,317"
2019-06-28 15:07:00.000000000,BEST_ASK,"JPM,100026,428"
2019-06-28 15:07:00.000000000,LAST_TRADE,"2,$99850.0000"
2019-06-28 15:07:00.000000000,QUERY_SPREAD,100
2019-06-28 15:07:00.000000000,BEST_BID,"JPM,99850,311"
2019-06-28 15:07:00.000000000,BEST_ASK,"JPM,100026,428"
2019-06-28 15:07:00.000000000,LAST_TRADE,"6,$99850.0000"
2019-06-28 15:07:00.000000000,QUERY_SPREAD,101
2019-06-28 15:07:00.000000000,QUERY_ORDER_STREAM,101
2019-06-28 15:07:01.322896152,QUERY_SPREAD,41
2019-06-28 15:07:01.322896152,BEST_BID,"JPM,99850,311"
2019-06-28 15:07:01.322896152,BEST_ASK,"JPM,100026,428"
2019-06-28 15:07:10.000000000,QUERY_SPREAD,1
2019-06-28 15:07:10.000000000,BEST_BID,"JPM,99835,166"
2019-06-28 15:07:10.000000000,BEST_ASK,"JPM,100026,100"
2019-06-28 15:07:10.000000000,BEST_BID,"JPM,99835,166"
2019-06-28 15:07:10.000000000,BEST_ASK,"JPM,100026,100"
2019-06-28 15:07:10.000000000,BEST_BID,"JPM,99835,166"
2019-06-28 15:07:10.000000000,BEST_ASK,"JPM,100026,100"
2019-06-28 15:07:10.000000000,BEST_BID,"JPM,99835,166"
2019-06-28 15:07:10.000000000,BEST_ASK,"JPM,100026,166"
2019-06-28 15:07:10.000000000,BEST_BID,"JPM,99835,166"
2019-06-28 15:07:10.000000000,BEST_ASK,"JPM,100026,166"
2019-06-28 15:07:10.000000000,BEST_BID,"JPM,99835,166"
2019-06-28 15:07:10.000000000,BEST_ASK,"JPM,100026,166"
2019-06-28 15:07:10.000000000,BEST_BID,"JPM,99835,166"
2019-06-28 15:07:10.000000000,BEST_ASK,"JPM,100026,166"
2019-06-28 15:07:10.000000000,BEST_BID,"JPM,99835,166"
2019-06-28 15:07:10.000000000,BEST_ASK,"JPM,100026,166"
2019-06-28 15:07:10.579776954,QUERY_SPREAD,25
2019-06-28 15:07:10.579776954,BEST_BID,"JPM,99835,166"
2019-06-28 15:07:10.579776954,BEST_ASK,"JPM,100026,66"
2019-06-28 15:07:10.579776954,LAST_TRADE,"100,$100026.0000"
2019-06-28 15:07:20.000000000,QUERY_SPREAD,1
2019-06-28 15:07:20.000000000,BEST_BID,"JPM,99835,182"
2019-06-28 15:07:20.000000000,BEST_ASK,"JPM,100101,100"
2019-06-28 15:07:20.000000000,BEST_BID,"JPM,99835,182"
2019-06-28 15:07:20.000000000,BEST_ASK,"JPM,100101,100"
2019-06-28 15:07:20.000000000,BEST_BID,"JPM,99835,182"
2019-06-28 15:07:20.000000000,BEST_ASK,"JPM,100101,100"
2019-06-28 15:07:20.000000000,BEST_BID,"JPM,99835,182"
2019-06-28 15:07:20.000000000,BEST_ASK,"JPM,100101,182"
2019-06-28 15:07:20.000000000,BEST_BID,"JPM,99835,182"
2019-06-28 15:07:20.000000000,BEST_ASK,"JPM,100101,182"
2019-06-28 15:07:20.000000000,BEST_BID,"JPM,99835,182"
2019-06-28 15:07:20.000000000,BEST_ASK,"JPM,100101,182"
2019-06-28 15:07:20.000000000,BEST_BID,"JPM,99835,182"
2019-06-28 15:07:20.000000000,BEST_ASK,"JPM,100101,182"
2019-06-28 15:07:30.000000000,QUERY_SPREAD,1
2019-06-28 15:07:30.000000000,BEST_BID,"JPM,99835,182"
2019-06-28 15:07:30.000000000,BEST_ASK,"JPM,100101,100"
2019-06-28 15:07:30.000000000,BEST_BID,"JPM,99835,182"
2019-06-28 15:07:30.000000000,BEST_ASK,"JPM,100101,100"
2019-06-28 15:07:30.000000000,BEST_BID,"JPM,99835,182"
2019-06-28 15:07:30.000000000,BEST_ASK,"JPM,100101,100"
2019-06-28 15:07:30.000000000,BEST_BID,"JPM,99835,182"
2019-06-28 15:07:30.000000000,BEST_ASK,"JPM,100101,182"
2019-06-28 15:07:30.000000000,BEST_BID,"JPM,99835,182"
2019-06-28 15:07:30.000000000,BEST_ASK,"JPM,100101,182"
2019-06-28 15:07:30.000000000,BEST_BID,"JPM,99835,182"
2019-06-28 15:07:30.000000000,BEST_ASK,"JPM,100101,182"
2019-06-28 15:07:30.000000000,BEST_BID,"JPM,99835,182"
2019-06-28 15:07:30.000000000,BEST_ASK,"JPM,100101,182"
2019-06-28 15:07:40.000000000,QUERY_SPREAD,1
2019-06-28 15:07:40.000000000,BEST_BID,"JPM,99835,264"
2019-06-28 15:07:40.000000000,BEST_ASK,"JPM,100101,100"
2019-06-28 15:07:40.000000000,BEST_BID,"JPM,99835,264"
2019-06-28 15:07:40.000000000,BEST_ASK,"JPM,100101,100"
2019-06-28 15:07:40.000000000,BEST_BID,"JPM,99835,264"
2019-06-28 15:07:40.000000000,BEST_ASK,"JPM,100101,264"
2019-06-28 15:07:40.000000000,BEST_BID,"JPM,99835,264"
2019-06-28 15:07:40.000000000,BEST_ASK,"JPM,100101,264"
2019-06-28 15:07:49.952489450,QUERY_ORDER_STREAM,66
2019-06-28 15:07:49.952489450,QUERY_SPREAD,66
2019-06-28 15:07:50.000000000,QUERY_SPREAD,1
2019-06-28 15:07:50.000000000,BEST_BID,"JPM,99835,264"
2019-06-28 15:07:50.000000000,BEST_ASK,"JPM,100101,100"
2019-06-28 15:07:50.000000000,BEST_BID,"JPM,99835,264"
2019-06-28 15:07:50.000000000,BEST_ASK,"JPM,100101,100"
2019-06-28 15:07:50.000000000,BEST_BID,"JPM,99835,264"
2019-06-28 15:07:50.000000000,BEST_ASK,"JPM,100101,264"
2019-06-28 15:07:50.000000000,BEST_BID,"JPM,99835,264"
2019-06-28 15:07:50.000000000,BEST_ASK,"JPM,100101,264"
2019-06-28 15:08:00.000000000,QUERY_SPREAD,1
2019-06-28 15:08:00.000000000,BEST_BID,"JPM,99835,166"
2019-06-28 15:08:00.000000000,BEST_ASK,"JPM,100101,100"
2019-06-28 15:08:00.000000000,BEST_BID,"JPM,99835,166"
2019-06-28 15:08:00.000000000,BEST_ASK,"JPM,100101,100"
2019-06-28 15:08:00.000000000,BEST_BID,"JPM,99835,166"
2019-06-28 15:08:00.000000000,BEST_ASK,"JPM,100101,100"
2019-06-28 15:08:00.000000000,BEST_BID,"JPM,99835,166"
2019-06-28 15:08:00.000000000,BEST_ASK,"JPM,100101,166"
2019-06-28 15:08:00.000000000,BEST_BID,"JPM,99835,166"
2019-06-28 15:08:00.000000000,BEST_ASK,"JPM,100101,166"
2019-06-28 15:08:00.000000000,BEST_BID,"JPM,99835,166"
2019-06-28 15:08:00.000000000,BEST_ASK,"JPM,100101,166"
2019-06-28 15:08:00.000000000,BEST_BID,"JPM,99835,166"
2019-06-28 15:08:00.000000000,BEST_ASK,"JPM,100101,166"
2019-06-28 15:08:00.000000000,BEST_BID,"JPM,99835,166"
2019-06-28 15:08:00.000000000,BEST_ASK,"JPM,100101,166"
2019-06-28 15:08:00.000000000,QUERY_SPREAD,77
2019-06-28 15:08:00.000000000,BEST_BID,"JPM,99835,162"
2019-06-28 15:08:00.000000000,BEST_ASK,"JPM,100101,166"
2019-06-28 15:08:00.000000000,LAST_TRADE,"4,$99835.0000"
2019-06-28 15:08:00.000000000,QUERY_SPREAD,78
2019-06-28 15:08:00.000000000,BEST_BID,"JPM,99835,154"
2019-06-28 15:08:00.000000000,BEST_ASK,"JPM,100101,166"
2019-06-28 15:08:00.000000000,LAST_TRADE,"8,$99835.0000"
2019-06-28 15:08:00.000000000,QUERY_SPREAD,79
2019-06-28 15:08:00.000000000,BEST_BID,"JPM,99835,153"
2019-06-28 15:08:00.000000000,BEST_ASK,"JPM,100101,166"
2019-06-28 15:08:00.000000000,LAST_TRADE,"1,$99835.0000"
2019-06-28 15:08:00.000000000,QUERY_SPREAD,80
2019-06-28 15:08:00.000000000,BEST_BID,"JPM,99835,148"
2019-06-28 15:08:00.000000000,BEST_ASK,"JPM,100101,166"
2019-06-28 15:08:00.000000000,LAST_TRADE,"5,$99835.0000"
2019-06-28 15:08:00.000000000,QUERY_SPREAD,81
2019-06-28 15:08:00.000000000,BEST_BID,"JPM,99835,143"
2019-06-28 15:08:00.000000000,BEST_ASK,"JPM,100101,166"
2019-06-28 15:08:00.000000000,LAST_TRADE,"5,$99835.0000"
2019-06-28 15:08:00.000000000,QUERY_SPREAD,82
2019-06-28 15:08:00.000000000,BEST_BID,"JPM,99835,137"
2019-06-28 15:08:00.000000000,BEST_ASK,"JPM,100101,166"
2019-06-28 15:08:00.000000000,LAST_TRADE,"6,$99835.0000"
2019-06-28 15:08:00.000000000,QUERY_SPREAD,83
2019-06-28 15:08:00.000000000,BEST_BID,"JPM,99835,133"
2019-06-28 15:08:00.000000000,BEST_ASK,"JPM,100101,166"
2019-06-28 15:08:00.000000000,LAST_TRADE,"4,$99835.0000"
2019-06-28 15:08:00.000000000,QUERY_SPREAD,84
2019-06-28 15:08:00.000000000,BEST_BID,"JPM,99835,128"
2019-06-28 15:08:00.000000000,BEST_ASK,"JPM,100101,166"
2019-06-28 15:08:00.000000000,LAST_TRADE,"5,$99835.0000"
2019-06-28 15:08:00.000000000,QUERY_SPREAD,85
2019-06-28 15:08:00.000000000,BEST_BID,"JPM,99835,123"
2019-06-28 15:08:00.000000000,BEST_ASK,"JPM,100101,166"
2019-06-28 15:08:00.000000000,LAST_TRADE,"5,$99835.0000"
2019-06-28 15:08:00.000000000,QUERY_SPREAD,86
2019-06-28 15:08:00.000000000,BEST_BID,"JPM,99835,114"
2019-06-28 15:08:00.000000000,BEST_ASK,"JPM,100101,166"
2019-06-28 15:08:00.000000000,LAST_TRADE,"9,$99835.0000"
2019-06-28 15:08:00.000000000,QUERY_SPREAD,87
2019-06-28 15:08:00.000000000,BEST_BID,"JPM,99835,112"
2019-06-28 15:08:00.000000000,BEST_ASK,"JPM,100101,166"
2019-06-28 15:08:00.000000000,LAST_TRADE,"2,$99835.0000"
2019-06-28 15:08:00.000000000,QUERY_SPREAD,88
2019-06-28 15:08:00.000000000,BEST_BID,"JPM,99835,104"
2019-06-28 15:08:00.000000000,BEST_ASK,"JPM,100101,166"
2019-06-28 15:08:00.000000000,LAST_TRADE,"8,$99835.0000"
2019-06-28 15:08:00.000000000,QUERY_SPREAD,89
2019-06-28 15:08:00.000000000,BEST_BID,"JPM,99835,97"
2019-06-28 15:08:00.000000000,BEST_ASK,"JPM,100101,166"
2019-06-28 15:08:00.000000000,LAST_TRADE,"7,$99835.0000"
2019-06-28 15:08:00.000000000,QUERY_SPREAD,90
2019-06-28 15:08:00.000000000,BEST_BID,"JPM,99835,91"
2019-06-28 15:08:00.000000000,BEST_ASK,"JPM,100101,166"
2019-06-28 15:08:00.000000000,LAST_TRADE,"6,$99835.0000"
2019-06-28 15:08:00.000000000,QUERY_SPREAD,91
2019-06-28 15:08:00.000000000,BEST_BID,"JPM,99835,86"
2019-06-28 15:08:00.000000000,BEST_ASK,"JPM,100101,166"
2019-06-28 15:08:00.000000000,LAST_TRADE,"5,$99835.0000"
2019-06-28 15:08:00.000000000,QUERY_SPREAD,92
2019-06-28 15:08:00.000000000,BEST_BID,"JPM,99835,85"
2019-06-28 15:08:00.000000000,BEST_ASK,"JPM,100101,166"
2019-06-28 15:08:00.000000000,LAST_TRADE,"1,$99835.0000"
2019-06-28 15:08:00.000000000,QUERY_SPREAD,93
2019-06-28 15:08:00.000000000,BEST_BID,"JPM,99835,83"
2019-06-28 15:08:00.000000000,BEST_ASK,"JPM,100101,166"
2019-06-28 15:08:00.000000000,LAST_TRADE,"2,$99835.0000"
2019-06-28 15:08:00.000000000,QUERY_SPREAD,94
2019-06-28 15:08:00.000000000,BEST_BID,"JPM,99835,81"
2019-06-28 15:08:00.000000000,BEST_ASK,"JPM,100101,166"
2019-06-28 15:08:00.000000000,LAST_TRADE,"2,$99835.0000"
2019-06-28 15:08:00.000000000,QUERY_SPREAD,95
2019-06-28 15:08:00.000000000,BEST_BID,"JPM,99835,74"
2019-06-28 15:08:00.000000000,BEST_ASK,"JPM,100101,166"
2019-06-28 15:08:00.000000000,LAST_TRADE,"7,$99835.0000"
2019-06-28 15:08:00.000000000,QUERY_SPREAD,96
2019-06-28 15:08:00.000000000,BEST_BID,"JPM,99835,67"
2019-06-28 15:08:00.000000000,BEST_ASK,"JPM,100101,166"
2019-06-28 15:08:00.000000000,LAST_TRADE,"7,$99835.0000"
2019-06-28 15:08:00.000000000,QUERY_SPREAD,97
2019-06-28 15:08:00.000000000,BEST_BID,"JPM,99835,61"
2019-06-28 15:08:00.000000000,BEST_ASK,"JPM,100101,166"
2019-06-28 15:08:00.000000000,LAST_TRADE,"6,$99835.0000"
2019-06-28 15:08:00.000000000,QUERY_SPREAD,98
2019-06-28 15:08:00.000000000,BEST_BID,"JPM,99835,57"
2019-06-28 15:08:00.000000000,BEST_ASK,"JPM,100101,166"
2019-06-28 15:08:00.000000000,LAST_TRADE,"4,$99835.0000"
2019-06-28 15:08:00.000000000,QUERY_SPREAD,99
2019-06-28 15:08:00.000000000,BEST_BID,"JPM,99835,55"
2019-06-28 15:08:00.000000000,BEST_ASK,"JPM,100101,166"
2019-06-28 15:08:00.000000000,LAST_TRADE,"2,$99835.0000"
2019-06-28 15:08:00.000000000,QUERY_SPREAD,100
2019-06-28 15:08:00.000000000,BEST_BID,"JPM,99835,49"
2019-06-28 15:08:00.000000000,BEST_ASK,"JPM,100101,166"
2019-06-28 15:08:00.000000000,LAST_TRADE,"6,$99835.0000"
2019-06-28 15:08:00.000000000,QUERY_SPREAD,101
2019-06-28 15:08:00.000000000,QUERY_ORDER_STREAM,101
2019-06-28 15:08:06.109832530,QUERY_ORDER_STREAM,73
2019-06-28 15:08:06.109832530,QUERY_SPREAD,73
2019-06-28 15:08:06.109832530,BEST_BID,"JPM,99835,149"
2019-06-28 15:08:06.109832530,BEST_ASK,"JPM,100101,166"
2019-06-28 15:08:08.495548142,QUERY_SPREAD,51
2019-06-28 15:08:08.495548142,BEST_BID,"JPM,99835,149"
2019-06-28 15:08:08.495548142,BEST_ASK,"JPM,100101,166"
2019-06-28 15:08:10.000000000,QUERY_SPREAD,1
2019-06-28 15:08:10.000000000,BEST_BID,"JPM,99835,166"
2019-06-28 15:08:10.000000000,BEST_ASK,"JPM,100101,100"
2019-06-28 15:08:10.000000000,BEST_BID,"JPM,99835,166"
2019-06-28 15:08:10.000000000,BEST_ASK,"JPM,100101,100"
2019-06-28 15:08:10.000000000,BEST_BID,"JPM,99835,166"
2019-06-28 15:08:10.000000000,BEST_ASK,"JPM,100101,100"
2019-06-28 15:08:10.000000000,BEST_BID,"JPM,99835,166"
2019-06-28 15:08:10.000000000,BEST_ASK,"JPM,100101,100"
2019-06-28 15:08:10.000000000,BEST_BID,"JPM,99835,166"
2019-06-28 15:08:10.000000000,BEST_ASK,"JPM,100101,166"
2019-06-28 15:08:10.000000000,BEST_BID,"JPM,99835,166"
2019-06-28 15:08:10.000000000,BEST_ASK,"JPM,100101,166"
2019-06-28 15:08:10.000000000,BEST_BID,"JPM,99835,166"
2019-06-28 15:08:10.000000000,BEST_ASK,"JPM,100101,166"
2019-06-28 15:08:10.000000000,BEST_BID,"JPM,99835,166"
2019-06-28 15:08:10.000000000,BEST_ASK,"JPM,100101,166"
2019-06-28 15:08:10.000000000,BEST_BID,"JPM,99835,166"
2019-06-28 15:08:10.000000000,BEST_ASK,"JPM,100101,166"
2019-06-28 15:08:15.066644156,QUERY_SPREAD,38
2019-06-28 15:08:15.066644156,BEST_BID,"JPM,99835,166"
2019-06-28 15:08:15.066644156,BEST_ASK,"JPM,99953,100"
2019-06-28 15:08:20.000000000,QUERY_SPREAD,1
2019-06-28 15:08:20.000000000,BEST_BID,"JPM,99835,212"
2019-06-28 15:08:20.000000000,BEST_ASK,"JPM,99953,100"
2019-06-28 15:08:20.000000000,BEST_BID,"JPM,99835,212"
2019-06-28 15:08:20.000000000,BEST_ASK,"JPM,99953,100"
2019-06-28 15:08:20.000000000,BEST_BID,"JPM,99835,212"
2019-06-28 15:08:20.000000000,BEST_ASK,"JPM,99953,100"
2019-06-28 15:08:20.000000000,BEST_BID,"JPM,99835,212"
2019-06-28 15:08:20.000000000,BEST_ASK,"JPM,99953,212"
2019-06-28 15:08:20.000000000,BEST_BID,"JPM,99835,212"
2019-06-28 15:08:20.000000000,BEST_ASK,"JPM,99953,212"
2019-06-28 15:08:20.000000000,BEST_BID,"JPM,99835,212"
2019-06-28 15:08:20.000000000,BEST_ASK,"JPM,99953,212"
2019-06-28 15:08:23.363979117,QUERY_SPREAD,21
2019-06-28 15:08:23.363979117,BEST_BID,"JPM,99835,212"
2019-06-28 15:08:23.363979117,BEST_ASK,"JPM,99953,112"
2019-06-28 15:08:23.363979117,LAST_TRADE,"100,$99953.0000"
2019-06-28 15:08:30.000000000,QUERY_SPREAD,1
2019-06-28 15:08:30.000000000,BEST_BID,"JPM,99835,166"
2019-06-28 15:08:30.000000000,BEST_ASK,"JPM,100101,100"
2019-06-28 15:08:30.000000000,BEST_BID,"JPM,99835,166"
2019-06-28 15:08:30.000000000,BEST_ASK,"JPM,100101,100"
2019-06-28 15:08:30.000000000,BEST_BID,"JPM,99835,166"
2019-06-28 15:08:30.000000000,BEST_ASK,"JPM,100101,100"
2019-06-28 15:08:30.000000000,BEST_BID,"JPM,99835,166"
2019-06-28 15:08:30.000000000,BEST_ASK,"JPM,100101,100"
2019-06-28 15:08:30.000000000,BEST_BID,"JPM,99835,166"
2019-06-28 15:08:30.000000000,BEST_ASK,"JPM,100101,166"
2019-06-28 15:08:30.000000000,BEST_BID,"JPM,99835,166"
2019-06-28 15:08:30.000000000,BEST_ASK,"JPM,100101,166"
2019-06-28 15:08:30.000000000,BEST_BID,"JPM,99835,166"
2019-06-28 15:08:30.000000000,BEST_ASK,"JPM,100101,166"
2019-06-28 15:08:30.000000000,BEST_BID,"JPM,99835,166"
2019-06-28 15:08:30.000000000,BEST_ASK,"JPM,100101,166"
2019-06-28 15:08:30.000000000,BEST_BID,"JPM,99835,166"
2019-06-28 15:08:30.000000000,BEST_ASK,"JPM,100101,166"
2019-06-28 15:08:34.402425194,QUERY_ORDER_STREAM,53
2019-06-28 15:08:34.402425194,QUERY_SPREAD,53
2019-06-28 15:08:34.402425194,BEST_BID,"JPM,99836,100"
2019-06-28 15:08:34.402425194,BEST_ASK,"JPM,100101,166"
2019-06-28 15:08:40.000000000,QUERY_SPREAD,1
2019-06-28 15:08:40.000000000,BEST_BID,"JPM,99836,166"
2019-06-28 15:08:40.000000000,BEST_ASK,"JPM,100101,100"
2019-06-28 15:08:40.000000000,BEST_BID,"JPM,99836,166"
2019-06-28 15:08:40.000000000,BEST_ASK,"JPM,100101,100"
2019-06-28 15:08:40.000000000,BEST_BID,"JPM,99836,166"
2019-06-28 15:08:40.000000000,BEST_ASK,"JPM,100101,100"
2019-06-28 15:08:40.000000000,BEST_BID,"JPM,99836,166"
2019-06-28 15:08:40.000000000,BEST_ASK,"JPM,100101,100"
2019-06-28 15:08:40.000000000,BEST_BID,"JPM,99836,166"
2019-06-28 15:08:40.000000000,BEST_ASK,"JPM,100101,100"
2019-06-28 15:08:40.000000000,BEST_BID,"JPM,99836,166"
2019-06-28 15:08:40.000000000,BEST_ASK,"JPM,100101,166"
2019-06-28 15:08:40.000000000,BEST_BID,"JPM,99836,166"
2019-06-28 15:08:40.000000000,BEST_ASK,"JPM,100101,166"
2019-06-28 15:08:40.000000000,BEST_BID,"JPM,99836,166"
2019-06-28 15:08:40.000000000,BEST_ASK,"JPM,100101,166"
2019-06-28 15:08:40.000000000,BEST_BID,"JPM,99836,166"
2019-06-28 15:08:40.000000000,BEST_ASK,"JPM,100101,166"
2019-06-28 15:08:40.000000000,BEST_BID,"JPM,99836,166"
2019-06-28 15:08:40.000000000,BEST_ASK,"JPM,100101,166"
2019-06-28 15:08:50.000000000,QUERY_SPREAD,1
2019-06-28 15:08:50.000000000,BEST_BID,"JPM,99836,166"
2019-06-28 15:08:50.000000000,BEST_ASK,"JPM,100101,100"
2019-06-28 15:08:50.000000000,BEST_BID,"JPM,99836,166"
2019-06-28 15:08:50.000000000,BEST_ASK,"JPM,100101,100"
2019-06-28 15:08:50.000000000,BEST_BID,"JPM,99836,166"
2019-06-28 15:08:50.000000000,BEST_ASK,"JPM,100101,100"
2019-06-28 15:08:50.000000000,BEST_BID,"JPM,99836,166"
2019-06-28 15:08:50.000000000,BEST_ASK,"JPM,100101,100"
2019-06-28 15:08:50.000000000,BEST_BID,"JPM,99836,166"
2019-06-28 15:08:50.000000000,BEST_ASK,"JPM,100101,100"
2019-06-28 15:08:50.000000000,BEST_BID,"JPM,99836,166"
2019-06-28 15:08:50.000000000,BEST_ASK,"JPM,100101,166"
2019-06-28 15:08:50.000000000,BEST_BID,"JPM,99836,166"
2019-06-28 15:08:50.000000000,BEST_ASK,"JPM,100101,166"
2019-06-28 15:08:50.000000000,BEST_BID,"JPM,99836,166"
2019-06-28 15:08:50.000000000,BEST_ASK,"JPM,100101,166"
2019-06-28 15:08:50.000000000,BEST_BID,"JPM,99836,166"
2019-06-28 15:08:50.000000000,BEST_ASK,"JPM,100101,166"
2019-06-28 15:08:50.000000000,BEST_BID,"JPM,99836,166"
2019-06-28 15:08:50.000000000,BEST_ASK,"JPM,100101,166"
2019-06-28 15:09:00.000000000,QUERY_SPREAD,1
2019-06-28 15:09:00.000000000,BEST_BID,"JPM,99836,182"
2019-06-28 15:09:00.000000000,BEST_ASK,"JPM,100101,100"
2019-06-28 15:09:00.000000000,BEST_BID,"JPM,99836,182"
2019-06-28 15:09:00.000000000,BEST_ASK,"JPM,100101,100"
2019-06-28 15:09:00.000000000,BEST_BID,"JPM,99836,182"
2019-06-28 15:09:00.000000000,BEST_ASK,"JPM,100101,100"
2019-06-28 15:09:00.000000000,BEST_BID,"JPM,99836,182"
2019-06-28 15:09:00.000000000,BEST_ASK,"JPM,100101,100"
2019-06-28 15:09:00.000000000,BEST_BID,"JPM,99836,182"
2019-06-28 15:09:00.000000000,BEST_ASK,"JPM,100101,182"
2019-06-28 15:09:00.000000000,BEST_BID,"JPM,99836,182"
2019-06-28 15:09:00.000000000,BEST_ASK,"JPM,100101,182"
2019-06-28 15:09:00.000000000,BEST_BID,"JPM,99836,182"
2019-06-28 15:09:00.000000000,BEST_ASK,"JPM,100101,182"
2019-06-28 15:09:00.000000000,BEST_BID,"JPM,99836,182"
2019-06-28 15:09:00.000000000,BEST_ASK,"JPM,100101,182"
2019-06-28 15:09:00.000000000,QUERY_SPREAD,77
2019-06-28 15:09:00.000000000,BEST_BID,"JPM,99836,182"
2019-06-28 15:09:00.000000000,BEST_ASK,"JPM,100101,178"
2019-06-28 15:09:00.000000000,LAST_TRADE,"4,$100101.0000"
2019-06-28 15:09:00.000000000,QUERY_SPREAD,78
2019-06-28 15:09:00.000000000,BEST_BID,"JPM,99836,182"
2019-06-28 15:09:00.000000000,BEST_ASK,"JPM,100101,170"
2019-06-28 15:09:00.000000000,LAST_TRADE,"8,$100101.0000"
2019-06-28 15:09:00.000000000,QUERY_SPREAD,79
2019-06-28 15:09:00.000000000,BEST_BID,"JPM,99836,182"
2019-06-28 15:09:00.000000000,BEST_ASK,"JPM,100101,169"
2019-06-28 15:09:00.000000000,LAST_TRADE,"1,$100101.0000"
2019-06-28 15:09:00.000000000,QUERY_SPREAD,80
2019-06-28 15:09:00.000000000,BEST_BID,"JPM,99836,182"
2019-06-28 15:09:00.000000000,BEST_ASK,"JPM,100101,164"
2019-06-28 15:09:00.000000000,LAST_TRADE,"5,$100101.0000"
2019-06-28 15:09:00.000000000,QUERY_SPREAD,81
2019-06-28 15:09:00.000000000,BEST_BID,"JPM,99836,182"
2019-06-28 15:09:00.000000000,BEST_ASK,"JPM,100101,159"
2019-06-28 15:09:00.000000000,LAST_TRADE,"5,$100101.0000"
2019-06-28 15:09:00.000000000,QUERY_SPREAD,82
2019-06-28 15:09:00.000000000,BEST_BID,"JPM,99836,182"
2019-06-28 15:09:00.000000000,BEST_ASK,"JPM,100101,153"
2019-06-28 15:09:00.000000000,LAST_TRADE,"6,$100101.0000"
2019-06-28 15:09:00.000000000,QUERY_SPREAD,83
2019-06-28 15:09:00.000000000,BEST_BID,"JPM,99836,182"
2019-06-28 15:09:00.000000000,BEST_ASK,"JPM,100101,149"
2019-06-28 15:09:00.000000000,LAST_TRADE,"4,$100101.0000"
2019-06-28 15:09:00.000000000,QUERY_SPREAD,84
2019-06-28 15:09:00.000000000,BEST_BID,"JPM,99836,182"
2019-06-28 15:09:00.000000000,BEST_ASK,"JPM,100101,144"
2019-06-28 15:09:00.000000000,LAST_TRADE,"5,$100101.0000"
2019-06-28 15:09:00.000000000,QUERY_SPREAD,85
2019-06-28 15:09:00.000000000,BEST_BID,"JPM,99836,182"
2019-06-28 15:09:00.000000000,BEST_ASK,"JPM,100101,139"
2019-06-28 15:09:00.000000000,LAST_TRADE,"5,$100101.0000"
2019-06-28 15:09:00.000000000,QUERY_SPREAD,86
2019-06-28 15:09:00.000000000,BEST_BID,"JPM,99836,182"
2019-06-28 15:09:00.000000000,BEST_ASK,"JPM,100101,130"
2019-06-28 15:09:00.000000000,LAST_TRADE,"9,$100101.0000"
2019-06-28 15:09:00.000000000,QUERY_SPREAD,87
2019-06-28 15:09:00.000000000,BEST_BID,"JPM,99836,182"
2019-06-28 15:09:00.000000000,BEST_ASK,"JPM,100101,128"
2019-06-28 15:09:00.000000000,LAST_TRADE,"2,$100101.0000"
2019-06-28 15:09:00.000000000,QUERY_SPREAD,88
2019-06-28 15:09:00.000000000,BEST_BID,"JPM,99836,182"
2019-06-28 15:09:00.000000000,BEST_ASK,"JPM,100101,120"
2019-06-28 15:09:00.000000000,LAST_TRADE,"8,$100101.0000"
2019-06-28 15:09:00.000000000,QUERY_SPREAD,89
2019-06-28 15:09:00.000000000,BEST_BID,"JPM,99836,182"
2019-06-28 15:09:00.000000000,BEST_ASK,"JPM,100101,113"
2019-06-28 15:09:00.000000000,LAST_TRADE,"7,$100101.0000"
2019-06-28 15:09:00.000000000,QUERY_SPREAD,90
2019-06-28 15:09:00.000000000,BEST_BID,"JPM,99836,182"
2019-06-28 15:09:00.000000000,BEST_ASK,"JPM,100101,107"
2019-06-28 15:09:00.000000000,LAST_TRADE,"6,$100101.0000"
2019-06-28 15:09:00.000000000,QUERY_SPREAD,91
2019-06-28 15:09:00.000000000,BEST_BID,"JPM,99836,182"
2019-06-28 15:09:00.000000000,BEST_ASK,"JPM,100101,102"
2019-06-28 15:09:00.000000000,LAST_TRADE,"5,$100101.0000"
2019-06-28 15:09:00.000000000,QUERY_SPREAD,92
2019-06-28 15:09:00.000000000,BEST_BID,"JPM,99836,182"
2019-06-28 15:09:00.000000000,BEST_ASK,"JPM,100101,101"
2019-06-28 15:09:00.000000000,LAST_TRADE,"1,$100101.0000"
2019-06-28 15:09:00.000000000,QUERY_SPREAD,93
2019-06-28 15:09:00.000000000,BEST_BID,"JPM,99836,182"
2019-06-28 15:09:00.000000000,BEST_ASK,"JPM,100101,99"
2019-06-28 15:09:00.000000000,LAST_TRADE,"2,$100101.0000"
2019-06-28 15:09:00.000000000,QUERY_SPREAD,94
2019-06-28 15:09:00.000000000,BEST_BID,"JPM,99836,182"
2019-06-28 15:09:00.000000000,BEST_ASK,"JPM,100101,97"
2019-06-28 15:09:00.000000000,LAST_TRADE,"2,$100101.0000"
2019-06-28 15:09:00.000000000,QUERY_SPREAD,95
2019-06-28 15:09:00.000000000,BEST_BID,"JPM,99836,182"
2019-06-28 15:09:00.000000000,BEST_ASK,"JPM,100101,90"
2019-06-28 15:09:00.000000000,LAST_TRADE,"7,$100101.0000"
2019-06-28 15:09:00.000000000,QUERY_SPREAD,96
2019-06-28 15:09:00.000000000,BEST_BID,"JPM,99836,182"
2019-06-28 15:09:00.000000000,BEST_ASK,"JPM,100101,83"
2019-06-28 15:09:00.000000000,LAST_TRADE,"7,$100101.0000"
2019-06-28 15:09:00.000000000,QUERY_SPREAD,97
2019-06-28 15:09:00.000000000,BEST_BID,"JPM,99836,182"
2019-06-28 15:09:00.000000000,BEST_ASK,"JPM,100101,77"
2019-06-28 15:09:00.000000000,LAST_TRADE,"6,$100101.0000"
2019-06-28 15:09:00.000000000,QUERY_SPREAD,98
2019-06-28 15:09:00.000000000,BEST_BID,"JPM,99836,182"
2019-06-28 15:09:00.000000000,BEST_ASK,"JPM,100101,73"
2019-06-28 15:09:00.000000000,LAST_TRADE,"4,$100101.0000"
2019-06-28 15:09:00.000000000,QUERY_SPREAD,99
2019-06-28 15:09:00.000000000,BEST_BID,"JPM,99836,182"
2019-06-28 15:09:00.000000000,BEST_ASK,"JPM,100101,71"
2019-06-28 15:09:00.000000000,LAST_TRADE,"2,$100101.0000"
2019-06-28 15:09:00.000000000,QUERY_SPREAD,100
2019-06-28 15:09:00.000000000,BEST_BID,"JPM,99836,182"
2019-06-28 15:09:00.000000000,BEST_ASK,"JPM,100101,65"
2019-06-28 15:09:00.000000000,LAST_TRADE,"6,$100101.0000"
2019-06-28 15:09:00.000000000,QUERY_SPREAD,101
2019-06-28 15:09:00.000000000,QUERY_ORDER_STREAM,101
2019-06-28 15:09:10.000000000,QUERY_SPREAD,1
2019-06-28 15:09:10.000000000,BEST_BID,"JPM,99836,264"
2019-06-28 15:09:10.000000000,BEST_ASK,"JPM,100218,100"
2019-06-28 15:09:10.000000000,BEST_BID,"JPM,99836,264"
2019-06-28 15:09:10.000000000,BEST_ASK,"JPM,100218,100"
2019-06-28 15:09:10.000000000,BEST_BID,"JPM,99836,264"
2019-06-28 15:09:10.000000000,BEST_ASK,"JPM,100218,264"
2019-06-28 15:09:10.000000000,BEST_BID,"JPM,99836,264"
2019-06-28 15:09:10.000000000,BEST_ASK,"JPM,100218,264"
2019-06-28 15:09:16.559211382,QUERY_SPREAD,13
2019-06-28 15:09:16.559211382,BEST_BID,"JPM,99836,264"
2019-06-28 15:09:16.559211382,BEST_ASK,"JPM,99870,100"
2019-06-28 15:09:20.000000000,QUERY_SPREAD,1
2019-06-28 15:09:20.000000000,BEST_BID,"JPM,99836,182"
2019-06-28 15:09:20.000000000,BEST_ASK,"JPM,99870,100"
2019-06-28 15:09:20.000000000,BEST_BID,"JPM,99836,182"
2019-06-28 15:09:20.000000000,BEST_ASK,"JPM,99870,100"
2019-06-28 15:09:20.000000000,BEST_BID,"JPM,99836,182"
2019-06-28 15:09:20.000000000,BEST_ASK,"JPM,99870,100"
2019-06-28 15:09:20.000000000,BEST_BID,"JPM,99836,182"
2019-06-28 15:09:20.000000000,BEST_ASK,"JPM,99870,100"
2019-06-28 15:09:20.000000000,BEST_BID,"JPM,99836,182"
2019-06-28 15:09:20.000000000,BEST_ASK,"JPM,99870,182"
2019-06-28 15:09:20.000000000,BEST_BID,"JPM,99836,182"
2019-06-28 15:09:20.000000000,BEST_ASK,"JPM,99870,182"
2019-06-28 15:09:20.000000000,BEST_BID,"JPM,99836,182"
2019-06-28 15:09:20.000000000,BEST_ASK,"JPM,99870,182"
2019-06-28 15:09:20.000000000,BEST_BID,"JPM,99836,182"
2019-06-28 15:09:20.000000000,BEST_ASK,"JPM,99870,182"
2019-06-28 15:09:30.000000000,QUERY_SPREAD,1
2019-06-28 15:09:30.000000000,BEST_BID,"JPM,99836,428"
2019-06-28 15:09:30.000000000,BEST_ASK,"JPM,99870,100"
2019-06-28 15:09:30.000000000,BEST_BID,"JPM,99836,428"
2019-06-28 15:09:30.000000000,BEST_ASK,"JPM,99870,428"
2019-06-28 15:09:40.000000000,QUERY_SPREAD,1
2019-06-28 15:09:40.000000000,BEST_BID,"JPM,99836,428"
2019-06-28 15:09:40.000000000,BEST_ASK,"JPM,99870,100"
2019-06-28 15:09:40.000000000,BEST_BID,"JPM,99836,428"
2019-06-28 15:09:40.000000000,BEST_ASK,"JPM,99870,428"
2019-06-28 15:09:48.345089636,QUERY_SPREAD,6
2019-06-28 15:09:48.345089636,BEST_BID,"JPM,99836,328"
2019-06-28 15:09:48.345089636,BEST_ASK,"JPM,99870,428"
2019-06-28 15:09:48.345089636,LAST_TRADE,"100,$99836.0000"
2019-06-28 15:09:50.000000000,QUERY_SPREAD,1
2019-06-28 15:09:50.000000000,BEST_BID,"JPM,99835,264"
2019-06-28 15:09:50.000000000,BEST_ASK,"JPM,99870,100"
2019-06-28 15:09:50.000000000,BEST_BID,"JPM,99835,264"
2019-06-28 15:09:50.000000000,BEST_ASK,"JPM,99870,100"
2019-06-28 15:09:50.000000000,BEST_BID,"JPM,99835,264"
2019-06-28 15:09:50.000000000,BEST_ASK,"JPM,99870,264"
2019-06-28 15:09:50.000000000,BEST_BID,"JPM,99835,264"
2019-06-28 15:09:50.000000000,BEST_ASK,"JPM,99870,264"
2019-06-28 15:10:00.000000000,QUERY_SPREAD,1
2019-06-28 15:10:00.000000000,BEST_BID,"JPM,99835,182"
2019-06-28 15:10:00.000000000,BEST_ASK,"JPM,99870,100"
2019-06-28 15:10:00.000000000,BEST_BID,"JPM,99835,182"
2019-06-28 15:10:00.000000000,BEST_ASK,"JPM,99870,100"
2019-06-28 15:10:00.000000000,BEST_BID,"JPM,99835,182"
2019-06-28 15:10:00.000000000,BEST_ASK,"JPM,99870,100"
2019-06-28 15:10:00.000000000,BEST_BID,"JPM,99835,182"
2019-06-28 15:10:00.000000000,BEST_ASK,"JPM,99870,100"
2019-06-28 15:10:00.000000000,BEST_BID,"JPM,99835,182"
2019-06-28 15:10:00.000000000,BEST_ASK,"JPM,99870,182"
2019-06-28 15:10:00.000000000,BEST_BID,"JPM,99835,182"
2019-06-28 15:10:00.000000000,BEST_ASK,"JPM,99870,182"
2019-06-28 15:10:00.000000000,BEST_BID,"JPM,99835,182"
2019-06-28 15:10:00.000000000,BEST_ASK,"JPM,99870,182"
2019-06-28 15:10:00.000000000,BEST_BID,"JPM,99835,182"
2019-06-28 15:10:00.000000000,BEST_ASK,"JPM,99870,182"
2019-06-28 15:10:00.000000000,QUERY_SPREAD,77
2019-06-28 15:10:00.000000000,BEST_BID,"JPM,99835,182"
2019-06-28 15:10:00.000000000,BEST_ASK,"JPM,99870,178"
2019-06-28 15:10:00.000000000,LAST_TRADE,"4,$99870.0000"
2019-06-28 15:10:00.000000000,QUERY_SPREAD,78
2019-06-28 15:10:00.000000000,BEST_BID,"JPM,99835,182"
2019-06-28 15:10:00.000000000,BEST_ASK,"JPM,99870,170"
2019-06-28 15:10:00.000000000,LAST_TRADE,"8,$99870.0000"
2019-06-28 15:10:00.000000000,QUERY_SPREAD,79
2019-06-28 15:10:00.000000000,BEST_BID,"JPM,99835,182"
2019-06-28 15:10:00.000000000,BEST_ASK,"JPM,99870,169"
2019-06-28 15:10:00.000000000,LAST_TRADE,"1,$99870.0000"
2019-06-28 15:10:00.000000000,QUERY_SPREAD,80
2019-06-28 15:10:00.000000000,BEST_BID,"JPM,99835,182"
2019-06-28 15:10:00.000000000,BEST_ASK,"JPM,99870,164"
2019-06-28 15:10:00.000000000,LAST_TRADE,"5,$99870.0000"
2019-06-28 15:10:00.000000000,QUERY_SPREAD,81
2019-06-28 15:10:00.000000000,BEST_BID,"JPM,99835,182"
2019-06-28 15:10:00.000000000,BEST_ASK,"JPM,99870,159"
2019-06-28 15:10:00.000000000,LAST_TRADE,"5,$99870.0000"
2019-06-28 15:10:00.000000000,QUERY_SPREAD,82
2019-06-28 15:10:00.000000000,BEST_BID,"JPM,99835,182"
2019-06-28 15:10:00.000000000,BEST_ASK,"JPM,99870,153"
2019-06-28 15:10:00.000000000,LAST_TRADE,"6,$99870.0000"
2019-06-28 15:10:00.000000000,QUERY_SPREAD,83
2019-06-28 15:10:00.000000000,BEST_BID,"JPM,99835,182"
2019-06-28 15:10:00.000000000,BEST_ASK,"JPM,99870,149"
2019-06-28 15:10:00.000000000,LAST_TRADE,"4,$99870.0000"
2019-06-28 15:10:00.000000000,QUERY_SPREAD,84
2019-06-28 15:10:00.000000000,BEST_BID,"JPM,99835,182"
2019-06-28 15:10:00.000000000,BEST_ASK,"JPM,99870,144"
2019-06-28 15:10:00.000000000,LAST_TRADE,"5,$99870.0000"
2019-06-28 15:10:00.000000000,QUERY_SPREAD,85
2019-06-28 15:10:00.000000000,BEST_BID,"JPM,99835,182"
2019-06-28 15:10:00.000000000,BEST_ASK,"JPM,99870,139"
2019-06-28 15:10:00.000000000,LAST_TRADE,"5,$99870.0000"
2019-06-28 15:10:00.000000000,QUERY_SPREAD,86
2019-06-28 15:10:00.000000000,BEST_BID,"JPM,99835,182"
2019-06-28 15:10:00.000000000,BEST_ASK,"JPM,99870,130"
2019-06-28 15:10:00.000000000,LAST_TRADE,"9,$99870.0000"
2019-06-28 15:10:00.000000000,QUERY_SPREAD,87
2019-06-28 15:10:00.000000000,BEST_BID,"JPM,99835,182"
2019-06-28 15:10:00.000000000,BEST_ASK,"JPM,99870,128"
2019-06-28 15:10:00.000000000,LAST_TRADE,"2,$99870.0000"
2019-06-28 15:10:00.000000000,QUERY_SPREAD,88
2019-06-28 15:10:00.000000000,BEST_BID,"JPM,99835,182"
2019-06-28 15:10:00.000000000,BEST_ASK,"JPM,99870,120"
2019-06-28 15:10:00.000000000,LAST_TRADE,"8,$99870.0000"
2019-06-28 15:10:00.000000000,QUERY_SPREAD,89
2019-06-28 15:10:00.000000000,BEST_BID,"JPM,99835,182"
2019-06-28 15:10:00.000000000,BEST_ASK,"JPM,99870,113"
2019-06-28 15:10:00.000000000,LAST_TRADE,"7,$99870.0000"
2019-06-28 15:10:00.000000000,QUERY_SPREAD,90
2019-06-28 15:10:00.000000000,BEST_BID,"JPM,99835,182"
2019-06-28 15:10:00.000000000,BEST_ASK,"JPM,99870,107"
2019-06-28 15:10:00.000000000,LAST_TRADE,"6,$99870.0000"
2019-06-28 15:10:00.000000000,QUERY_SPREAD,91
2019-06-28 15:10:00.000000000,BEST_BID,"JPM,99835,182"
2019-06-28 15:10:00.000000000,BEST_ASK,"JPM,99870,102"
2019-06-28 15:10:00.000000000,LAST_TRADE,"5,$99870.0000"
2019-06-28 15:10:00.000000000,QUERY_SPREAD,92
2019-06-28 15:10:00.000000000,BEST_BID,"JPM,99835,182"
2019-06-28 15:10:00.000000000,BEST_ASK,"JPM,99870,101"
2019-06-28 15:10:00.000000000,LAST_TRADE,"1,$99870.0000"
2019-06-28 15:10:00.000000000,QUERY_SPREAD,93
2019-06-28 15:10:00.000000000,BEST_BID,"JPM,99835,182"
2019-06-28 15:10:00.000000000,BEST_ASK,"JPM,99870,99"
2019-06-28 15:10:00.000000000,LAST_TRADE,"2,$99870.0000"
2019-06-28 15:10:00.000000000,QUERY_SPREAD,94
2019-06-28 15:10:00.000000000,BEST_BID,"JPM,99835,182"
2019-06-28 15:10:00.000000000,BEST_ASK,"JPM,99870,97"
2019-06-28 15:10:00.000000000,LAST_TRADE,"2,$99870.0000"
2019-06-28 15:10:00.000000000,QUERY_SPREAD,95
2019-06-28 15:10:00.000000000,BEST_BID,"JPM,99835,182"
2019-06-28 15:10:00.000000000,BEST_ASK,"JPM,99870,90"
2019-06-28 15:10:00.000000000,LAST_TRADE,"7,$99870.0000"
2019-06-28 15:10:00.000000000,QUERY_SPREAD,96
2019-06-28 15:10:00.000000000,BEST_BID,"JPM,99835,182"
2019-06-28 15:10:00.000000000,BEST_ASK,"JPM,99870,83"
2019-06-28 15:10:00.000000000,LAST_TRADE,"7,$99870.0000"
2019-06-28 15:10:00.000000000,QUERY_SPREAD,97
2019-06-28 15:10:00.000000000,BEST_BID,"JPM,99835,182"
2019-06-28 15:10:00.000000000,BEST_ASK,"JPM,99870,77"
2019-06-28 15:10:00.000000000,LAST_TRADE,"6,$99870.0000"
2019-06-28 15:10:00.000000000,QUERY_SPREAD,98
2019-06-28 15:10:00.000000000,BEST_BID,"JPM,99835,182"
2019-06-28 15:10:00.000000000,BEST_ASK,"JPM,99870,73"
2019-06-28 15:10:00.000000000,LAST_TRADE,"4,$99870.0000"
2019-06-28 15:10:00.000000000,QUERY_SPREAD,99
2019-06-28 15:10:00.000000000,BEST_BID,"JPM,99835,182"
2019-06-28 15:10:00.000000000,BEST_ASK,"JPM,99870,71"
2019-06-28 15:10:00.000000000,LAST_TRADE,"2,$99870.0000"
2019-06-28 15:10:00.000000000,QUERY_SPREAD,100
2019-06-28 15:10:00.000000000,BEST_BID,"JPM,99835,182"
2019-06-28 15:10:00.000000000,BEST_ASK,"JPM,99870,65"
2019-06-28 15:10:00.000000000,LAST_TRADE,"6,$99870.0000"
2019-06-28 15:10:00.000000000,QUERY_SPREAD,101
2019-06-28 15:10:00.000000000,QUERY_ORDER_STREAM,101
2019-06-28 15:10:10.000000000,QUERY_SPREAD,1
2019-06-28 15:10:10.000000000,BEST_BID,"JPM,99835,166"
2019-06-28 15:10:10.000000000,BEST_ASK,"JPM,100737,100"
2019-06-28 15:10:10.000000000,BEST_BID,"JPM,99835,166"
2019-06-28 15:10:10.000000000,BEST_ASK,"JPM,100737,100"
2019-06-28 15:10:10.000000000,BEST_BID,"JPM,99835,166"
2019-06-28 15:10:10.000000000,BEST_ASK,"JPM,100737,100"
2019-06-28 15:10:10.000000000,BEST_BID,"JPM,99835,166"
2019-06-28 15:10:10.000000000,BEST_ASK,"JPM,100737,100"
2019-06-28 15:10:10.000000000,BEST_BID,"JPM,99835,166"
2019-06-28 15:10:10.000000000,BEST_ASK,"JPM,100737,166"
2019-06-28 15:10:10.000000000,BEST_BID,"JPM,99835,166"
2019-06-28 15:10:10.000000000,BEST_ASK,"JPM,100737,166"
2019-06-28 15:10:10.000000000,BEST_BID,"JPM,99835,166"
2019-06-28 15:10:10.000000000,BEST_ASK,"JPM,100737,166"
2019-06-28 15:10:10.000000000,BEST_BID,"JPM,99835,166"
2019-06-28 15:10:10.000000000,BEST_ASK,"JPM,100737,166"
2019-06-28 15:10:10.000000000,BEST_BID,"JPM,99835,166"
2019-06-28 15:10:10.000000000,BEST_ASK,"JPM,100737,166"
2019-06-28 15:10:20.000000000,QUERY_SPREAD,1
2019-06-28 15:10:20.000000000,BEST_BID,"JPM,99835,428"
2019-06-28 15:10:20.000000000,BEST_ASK,"JPM,100737,100"
2019-06-28 15:10:20.000000000,BEST_BID,"JPM,99835,428"
2019-06-28 15:10:20.000000000,BEST_ASK,"JPM,100737,428"
2019-06-28 15:10:25.142544693,QUERY_SPREAD,42
2019-06-28 15:10:25.142544693,BEST_BID,"JPM,99835,328"
2019-06-28 15:10:25.142544693,BEST_ASK,"JPM,100737,428"
2019-06-28 15:10:25.142544693,LAST_TRADE,"100,$99835.0000"
2019-06-28 15:10:30.000000000,QUERY_SPREAD,1
2019-06-28 15:10:30.000000000,BEST_BID,"JPM,99817,182"
2019-06-28 15:10:30.000000000,BEST_ASK,"JPM,100737,100"
2019-06-28 15:10:30.000000000,BEST_BID,"JPM,99817,182"
2019-06-28 15:10:30.000000000,BEST_ASK,"JPM,100737,100"
2019-06-28 15:10:30.000000000,BEST_BID,"JPM,99817,182"
2019-06-28 15:10:30.000000000,BEST_ASK,"JPM,100737,100"
2019-06-28 15:10:30.000000000,BEST_BID,"JPM,99817,182"
2019-06-28 15:10:30.000000000,BEST_ASK,"JPM,100737,182"
2019-06-28 15:10:30.000000000,BEST_BID,"JPM,99817,182"
2019-06-28 15:10:30.000000000,BEST_ASK,"JPM,100737,182"
2019-06-28 15:10:30.000000000,BEST_BID,"JPM,99817,182"
2019-06-28 15:10:30.000000000,BEST_ASK,"JPM,100737,182"
2019-06-28 15:10:30.000000000,BEST_BID,"JPM,99817,182"
2019-06-28 15:10:30.000000000,BEST_ASK,"JPM,100737,182"
2019-06-28 15:10:38.198731200,QUERY_SPREAD,32
2019-06-28 15:10:38.198731200,BEST_BID,"JPM,99817,82"
2019-06-28 15:10:38.198731200,BEST_ASK,"JPM,100737,182"
2019-06-28 15:10:38.198731200,LAST_TRADE,"100,$99817.0000"
2019-06-28 15:10:40.000000000,QUERY_SPREAD,1
2019-06-28 15:10:40.000000000,BEST_BID,"JPM,99744,182"
2019-06-28 15:10:40.000000000,BEST_ASK,"JPM,100737,100"
2019-06-28 15:10:40.000000000,BEST_BID,"JPM,99744,182"
2019-06-28 15:10:40.000000000,BEST_ASK,"JPM,100737,100"
2019-06-28 15:10:40.000000000,BEST_BID,"JPM,99744,182"
2019-06-28 15:10:40.000000000,BEST_ASK,"JPM,100737,182"
2019-06-28 15:10:40.000000000,BEST_BID,"JPM,99744,182"
2019-06-28 15:10:40.000000000,BEST_ASK,"JPM,100737,182"
2019-06-28 15:10:40.000000000,BEST_BID,"JPM,99744,182"
2019-06-28 15:10:40.000000000,BEST_ASK,"JPM,100737,182"
2019-06-28 15:10:40.000000000,BEST_BID,"JPM,99744,182"
2019-06-28 15:10:40.000000000,BEST_ASK,"JPM,100737,182"
2019-06-28 15:10:41.092139114,QUERY_SPREAD,21
2019-06-28 15:10:41.092139114,BEST_BID,"JPM,99744,82"
2019-06-28 15:10:41.092139114,BEST_ASK,"JPM,100737,182"
2019-06-28 15:10:41.092139114,LAST_TRADE,"100,$99744.0000"
2019-06-28 15:10:50.000000000,QUERY_SPREAD,1
2019-06-28 15:10:56.684522954,QUERY_SPREAD,43
2019-06-28 15:10:56.684522954,BEST_ASK,"JPM,99453,100"
2019-06-28 15:11:00.000000000,QUERY_SPREAD,1
2019-06-28 15:11:00.000000000,QUERY_SPREAD,77
2019-06-28 15:11:00.000000000,QUERY_SPREAD,78
2019-06-28 15:11:00.000000000,QUERY_SPREAD,79
2019-06-28 15:11:00.000000000,QUERY_SPREAD,80
2019-06-28 15:11:00.000000000,QUERY_SPREAD,81
2019-06-28 15:11:00.000000000,QUERY_SPREAD,82
2019-06-28 15:11:00.000000000,QUERY_SPREAD,83
2019-06-28 15:11:00.000000000,QUERY_SPREAD,84
2019-06-28 15:11:00.000000000,QUERY_SPREAD,85
2019-06-28 15:11:00.000000000,QUERY_SPREAD,86
2019-06-28 15:11:00.000000000,QUERY_SPREAD,87
2019-06-28 15:11:00.000000000,QUERY_SPREAD,88
2019-06-28 15:11:00.000000000,QUERY_SPREAD,89
2019-06-28 15:11:00.000000000,QUERY_SPREAD,90
2019-06-28 15:11:00.000000000,QUERY_SPREAD,91
2019-06-28 15:11:00.000000000,QUERY_SPREAD,92
2019-06-28 15:11:00.000000000,QUERY_SPREAD,93
2019-06-28 15:11:00.000000000,QUERY_SPREAD,94
2019-06-28 15:11:00.000000000,QUERY_SPREAD,95
2019-06-28 15:11:00.000000000,QUERY_SPREAD,96
2019-06-28 15:11:00.000000000,QUERY_SPREAD,97
2019-06-28 15:11:00.000000000,QUERY_SPREAD,98
2019-06-28 15:11:00.000000000,QUERY_SPREAD,99
2019-06-28 15:11:00.000000000,QUERY_SPREAD,100
2019-06-28 15:11:00.000000000,QUERY_SPREAD,101
2019-06-28 15:11:00.000000000,QUERY_ORDER_STREAM,101
2019-06-28 15:11:05.077376794,QUERY_ORDER_STREAM,61
2019-06-28 15:11:05.077376794,QUERY_SPREAD,61
2019-06-28 15:11:06.216179083,QUERY_SPREAD,28
2019-06-28 15:11:06.216179083,BEST_ASK,"JPM,100737,100"
2019-06-28 15:11:06.216179083,LAST_TRADE,"100,$99453.0000"
2019-06-28 15:11:10.000000000,QUERY_SPREAD,1
2019-06-28 15:11:16.275137636,QUERY_ORDER_STREAM,66
2019-06-28 15:11:16.275137636,QUERY_SPREAD,66
2019-06-28 15:11:16.275137636,BEST_ASK,"JPM,99744,100"
2019-06-28 15:11:20.000000000,QUERY_SPREAD,1
2019-06-28 15:11:24.543018787,QUERY_ORDER_STREAM,73
2019-06-28 15:11:24.543018787,QUERY_SPREAD,73
2019-06-28 15:11:24.543018787,BEST_ASK,"JPM,99744,200"
2019-06-28 15:11:30.000000000,QUERY_SPREAD,1
2019-06-28 15:11:38.309091607,QUERY_SPREAD,15
2019-06-28 15:11:38.309091607,BEST_ASK,"JPM,99276,100"
2019-06-28 15:11:40.000000000,QUERY_SPREAD,1
2019-06-28 15:11:50.000000000,QUERY_SPREAD,1
2019-06-28 15:11:50.784820570,QUERY_ORDER_STREAM,60
2019-06-28 15:11:50.784820570,QUERY_SPREAD,60
2019-06-28 15:11:50.784820570,BEST_ASK,"JPM,99276,100"
2019-06-28 15:11:52.372543407,QUERY_ORDER_STREAM,75
2019-06-28 15:11:52.372543407,QUERY_SPREAD,75
2019-06-28 15:11:54.675932136,QUERY_ORDER_STREAM,74
2019-06-28 15:11:54.675932136,QUERY_SPREAD,74
2019-06-28 15:11:54.675932136,BEST_ASK,"JPM,99276,100"
2019-06-28 15:12:00.000000000,QUERY_SPREAD,1
2019-06-28 15:12:00.000000000,QUERY_SPREAD,77
2019-06-28 15:12:00.000000000,QUERY_SPREAD,78
2019-06-28 15:12:00.000000000,QUERY_SPREAD,79
2019-06-28 15:12:00.000000000,QUERY_SPREAD,80
2019-06-28 15:12:00.000000000,QUERY_SPREAD,81
2019-06-28 15:12:00.000000000,QUERY_SPREAD,82
2019-06-28 15:12:00.000000000,QUERY_SPREAD,83
2019-06-28 15:12:00.000000000,QUERY_SPREAD,84
2019-06-28 15:12:00.000000000,QUERY_SPREAD,85
2019-06-28 15:12:00.000000000,QUERY_SPREAD,86
2019-06-28 15:12:00.000000000,QUERY_SPREAD,87
2019-06-28 15:12:00.000000000,QUERY_SPREAD,88
2019-06-28 15:12:00.000000000,QUERY_SPREAD,89
2019-06-28 15:12:00.000000000,QUERY_SPREAD,90
2019-06-28 15:12:00.000000000,QUERY_SPREAD,91
2019-06-28 15:12:00.000000000,QUERY_SPREAD,92
2019-06-28 15:12:00.000000000,QUERY_SPREAD,93
2019-06-28 15:12:00.000000000,QUERY_SPREAD,94
2019-06-28 15:12:00.000000000,QUERY_SPREAD,95
2019-06-28 15:12:00.000000000,QUERY_SPREAD,96
2019-06-28 15:12:00.000000000,QUERY_SPREAD,97
2019-06-28 15:12:00.000000000,QUERY_SPREAD,98
2019-06-28 15:12:00.000000000,QUERY_SPREAD,99
2019-06-28 15:12:00.000000000,QUERY_SPREAD,100
2019-06-28 15:12:00.000000000,QUERY_SPREAD,101
2019-06-28 15:12:00.000000000,QUERY_ORDER_STREAM,101
2019-06-28 15:12:02.014792081,QUERY_SPREAD,5
2019-06-28 15:12:02.014792081,BEST_ASK,"JPM,99276,100"
2019-06-28 15:12:10.000000000,QUERY_SPREAD,1
2019-06-28 15:12:16.754319032,QUERY_SPREAD,27
2019-06-28 15:12:16.754319032,BEST_BID,"JPM,99003,100"
2019-06-28 15:12:16.754319032,BEST_ASK,"JPM,99276,100"
2019-06-28 15:12:20.000000000,QUERY_SPREAD,1
2019-06-28 15:12:20.000000000,BEST_BID,"JPM,99003,264"
2019-06-28 15:12:20.000000000,BEST_ASK,"JPM,99276,100"
2019-06-28 15:12:20.000000000,BEST_BID,"JPM,99003,264"
2019-06-28 15:12:20.000000000,BEST_ASK,"JPM,99276,100"
2019-06-28 15:12:20.000000000,BEST_BID,"JPM,99003,264"
2019-06-28 15:12:20.000000000,BEST_ASK,"JPM,99276,264"
2019-06-28 15:12:20.000000000,BEST_BID,"JPM,99003,264"
2019-06-28 15:12:20.000000000,BEST_ASK,"JPM,99276,264"
2019-06-28 15:12:30.000000000,QUERY_SPREAD,1
2019-06-28 15:12:30.000000000,BEST_BID,"JPM,99003,212"
2019-06-28 15:12:30.000000000,BEST_ASK,"JPM,99276,100"
2019-06-28 15:12:30.000000000,BEST_BID,"JPM,99003,212"
2019-06-28 15:12:30.000000000,BEST_ASK,"JPM,99276,100"
2019-06-28 15:12:30.000000000,BEST_BID,"JPM,99003,212"
2019-06-28 15:12:30.000000000,BEST_ASK,"JPM,99276,212"
2019-06-28 15:12:30.000000000,BEST_BID,"JPM,99003,212"
2019-06-28 15:12:30.000000000,BEST_ASK,"JPM,99276,212"
2019-06-28 15:12:30.000000000,BEST_BID,"JPM,99003,212"
2019-06-28 15:12:30.000000000,BEST_ASK,"JPM,99276,212"
2019-06-28 15:12:33.916216519,QUERY_ORDER_STREAM,57
2019-06-28 15:12:33.916216519,QUERY_SPREAD,57
2019-06-28 15:12:33.916216519,BEST_BID,"JPM,99003,212"
2019-06-28 15:12:33.916216519,BEST_ASK,"JPM,99276,212"
2019-06-28 15:12:40.000000000,QUERY_SPREAD,1
2019-06-28 15:12:40.000000000,BEST_BID,"JPM,99003,166"
2019-06-28 15:12:40.000000000,BEST_ASK,"JPM,99276,100"
2019-06-28 15:12:40.000000000,BEST_BID,"JPM,99003,166"
2019-06-28 15:12:40.000000000,BEST_ASK,"JPM,99276,100"
2019-06-28 15:12:40.000000000,BEST_BID,"JPM,99003,166"
2019-06-28 15:12:40.000000000,BEST_ASK,"JPM,99276,166"
2019-06-28 15:12:40.000000000,BEST_BID,"JPM,99003,166"
2019-06-28 15:12:40.000000000,BEST_ASK,"JPM,99276,166"
2019-06-28 15:12:40.000000000,BEST_BID,"JPM,99003,166"
2019-06-28 15:12:40.000000000,BEST_ASK,"JPM,99276,166"
2019-06-28 15:12:40.000000000,BEST_BID,"JPM,99003,166"
2019-06-28 15:12:40.000000000,BEST_ASK,"JPM,99276,166"
2019-06-28 15:12:40.000000000,BEST_BID,"JPM,99003,166"
2019-06-28 15:12:40.000000000,BEST_ASK,"JPM,99276,166"
2019-06-28 15:12:49.914001454,QUERY_SPREAD,16
2019-06-28 15:12:49.914001454,BEST_BID,"JPM,99003,166"
2019-06-28 15:12:49.914001454,BEST_ASK,"JPM,99276,166"
2019-06-28 15:12:50.000000000,QUERY_SPREAD,1
2019-06-28 15:12:50.000000000,BEST_BID,"JPM,99003,264"
2019-06-28 15:12:50.000000000,BEST_ASK,"JPM,99276,100"
2019-06-28 15:12:50.000000000,BEST_BID,"JPM,99003,264"
2019-06-28 15:12:50.000000000,BEST_ASK,"JPM,99276,100"
2019-06-28 15:12:50.000000000,BEST_BID,"JPM,99003,264"
2019-06-28 15:12:50.000000000,BEST_ASK,"JPM,99276,264"
2019-06-28 15:12:50.000000000,BEST_BID,"JPM,99003,264"
2019-06-28 15:12:50.000000000,BEST_ASK,"JPM,99276,264"
2019-06-28 15:12:50.194420261,QUERY_SPREAD,27
2019-06-28 15:12:50.194420261,BEST_BID,"JPM,99003,164"
2019-06-28 15:12:50.194420261,BEST_ASK,"JPM,99276,264"
2019-06-28 15:12:51.840419693,QUERY_SPREAD,22
2019-06-28 15:12:51.840419693,BEST_BID,"JPM,99003,164"
2019-06-28 15:12:51.840419693,BEST_ASK,"JPM,99276,264"
2019-06-28 15:12:58.182461969,QUERY_ORDER_STREAM,67
2019-06-28 15:12:58.182461969,QUERY_SPREAD,67
2019-06-28 15:13:00.000000000,QUERY_SPREAD,1
2019-06-28 15:13:00.000000000,QUERY_SPREAD,77
2019-06-28 15:13:00.000000000,QUERY_SPREAD,78
2019-06-28 15:13:00.000000000,QUERY_SPREAD,79
2019-06-28 15:13:00.000000000,QUERY_SPREAD,80
2019-06-28 15:13:00.000000000,QUERY_SPREAD,81
2019-06-28 15:13:00.000000000,QUERY_SPREAD,82
2019-06-28 15:13:00.000000000,QUERY_SPREAD,83
2019-06-28 15:13:00.000000000,QUERY_SPREAD,84
2019-06-28 15:13:00.000000000,QUERY_SPREAD,85
2019-06-28 15:13:00.000000000,QUERY_SPREAD,86
2019-06-28 15:13:00.000000000,QUERY_SPREAD,87
2019-06-28 15:13:00.000000000,QUERY_SPREAD,88
2019-06-28 15:13:00.000000000,QUERY_SPREAD,89
2019-06-28 15:13:00.000000000,QUERY_SPREAD,90
2019-06-28 15:13:00.000000000,QUERY_SPREAD,91
2019-06-28 15:13:00.000000000,QUERY_SPREAD,92
2019-06-28 15:13:00.000000000,QUERY_SPREAD,93
2019-06-28 15:13:00.000000000,QUERY_SPREAD,94
2019-06-28 15:13:00.000000000,QUERY_SPREAD,95
2019-06-28 15:13:00.000000000,QUERY_SPREAD,96
2019-06-28 15:13:00.000000000,QUERY_SPREAD,97
2019-06-28 15:13:00.000000000,QUERY_SPREAD,98
2019-06-28 15:13:00.000000000,QUERY_SPREAD,99
2019-06-28 15:13:00.000000000,QUERY_SPREAD,100
2019-06-28 15:13:00.000000000,QUERY_SPREAD,101
2019-06-28 15:13:00.000000000,QUERY_ORDER_STREAM,101
2019-06-28 15:13:01.821441682,QUERY_SPREAD,27
2019-06-28 15:13:01.821441682,BEST_ASK,"JPM,99351,100"
2019-06-28 15:13:01.821441682,LAST_TRADE,"100,$99276.0000"
2019-06-28 15:13:10.000000000,QUERY_SPREAD,1
2019-06-28 15:13:18.586533167,QUERY_SPREAD,14
2019-06-28 15:13:18.586533167,BEST_ASK,"JPM,99385,100"
2019-06-28 15:13:18.586533167,LAST_TRADE,"100,$99351.0000"
2019-06-28 15:13:20.000000000,QUERY_SPREAD,1
2019-06-28 15:13:30.000000000,QUERY_SPREAD,1
2019-06-28 15:13:32.546947462,QUERY_SPREAD,9
2019-06-28 15:13:32.546947462,BEST_ASK,"JPM,99471,100"
2019-06-28 15:13:32.546947462,LAST_TRADE,"100,$99385.0000"
2019-06-28 15:13:40.000000000,QUERY_SPREAD,1
2019-06-28 15:13:40.872919352,QUERY_SPREAD,26
2019-06-28 15:13:40.872919352,BEST_ASK,"JPM,99744,500"
2019-06-28 15:13:40.872919352,LAST_TRADE,"100,$99471.0000"
2019-06-28 15:13:44.457757525,QUERY_SPREAD,8
2019-06-28 15:13:44.457757525,BEST_ASK,"JPM,99744,400"
2019-06-28 15:13:44.457757525,LAST_TRADE,"100,$99744.0000"
2019-06-28 15:13:50.000000000,QUERY_SPREAD,1
2019-06-28 15:14:00.000000000,QUERY_SPREAD,1
2019-06-28 15:14:00.000000000,QUERY_SPREAD,77
2019-06-28 15:14:00.000000000,QUERY_SPREAD,78
2019-06-28 15:14:00.000000000,QUERY_SPREAD,79
2019-06-28 15:14:00.000000000,QUERY_SPREAD,80
2019-06-28 15:14:00.000000000,QUERY_SPREAD,81
2019-06-28 15:14:00.000000000,QUERY_SPREAD,82
2019-06-28 15:14:00.000000000,QUERY_SPREAD,83
2019-06-28 15:14:00.000000000,QUERY_SPREAD,84
2019-06-28 15:14:00.000000000,QUERY_SPREAD,85
2019-06-28 15:14:00.000000000,QUERY_SPREAD,86
2019-06-28 15:14:00.000000000,QUERY_SPREAD,87
2019-06-28 15:14:00.000000000,QUERY_SPREAD,88
2019-06-28 15:14:00.000000000,QUERY_SPREAD,89
2019-06-28 15:14:00.000000000,QUERY_SPREAD,90
2019-06-28 15:14:00.000000000,QUERY_SPREAD,91
2019-06-28 15:14:00.000000000,QUERY_SPREAD,92
2019-06-28 15:14:00.000000000,QUERY_SPREAD,93
2019-06-28 15:14:00.000000000,QUERY_SPREAD,94
2019-06-28 15:14:00.000000000,QUERY_SPREAD,95
2019-06-28 15:14:00.000000000,QUERY_SPREAD,96
2019-06-28 15:14:00.000000000,QUERY_SPREAD,97
2019-06-28 15:14:00.000000000,QUERY_SPREAD,98
2019-06-28 15:14:00.000000000,QUERY_SPREAD,99
2019-06-28 15:14:00.000000000,QUERY_SPREAD,100
2019-06-28 15:14:00.000000000,QUERY_SPREAD,101
2019-06-28 15:14:00.000000000,QUERY_ORDER_STREAM,101
2019-06-28 15:14:10.000000000,QUERY_SPREAD,1
2019-06-28 15:14:17.325432179,QUERY_SPREAD,24
2019-06-28 15:14:17.325432179,BEST_ASK,"JPM,99744,300"
2019-06-28 15:14:17.325432179,LAST_TRADE,"100,$99744.0000"
2019-06-28 15:14:20.000000000,QUERY_SPREAD,1
2019-06-28 15:14:21.778600222,QUERY_ORDER_STREAM,60
2019-06-28 15:14:21.778600222,QUERY_SPREAD,60
2019-06-28 15:14:30.000000000,QUERY_SPREAD,1
2019-06-28 15:14:37.675359252,QUERY_ORDER_STREAM,65
2019-06-28 15:14:37.675359252,QUERY_SPREAD,65
2019-06-28 15:14:40.000000000,QUERY_SPREAD,1
2019-06-28 15:14:40.461693000,QUERY_ORDER_STREAM,66
2019-06-28 15:14:40.461693000,QUERY_SPREAD,66
2019-06-28 15:14:40.461693000,BEST_ASK,"JPM,99744,100"
2019-06-28 15:14:40.461693000,LAST_TRADE,"100,$99744.0000"
2019-06-28 15:14:50.000000000,QUERY_SPREAD,1
2019-06-28 15:14:52.525552439,QUERY_SPREAD,4
2019-06-28 15:14:52.525552439,BEST_ASK,"JPM,100738,100"
2019-06-28 15:14:52.525552439,LAST_TRADE,"100,$99744.0000"
2019-06-28 15:14:57.582074575,QUERY_SPREAD,22
2019-06-28 15:14:57.582074575,BEST_BID,"JPM,99980,100"
2019-06-28 15:14:57.582074575,BEST_ASK,"JPM,100738,100"
2019-06-28 15:15:00.000000000,QUERY_SPREAD,1
2019-06-28 15:15:00.000000000,BEST_BID,"JPM,99980,264"
2019-06-28 15:15:00.000000000,BEST_ASK,"JPM,100738,100"
2019-06-28 15:15:00.000000000,BEST_BID,"JPM,99980,264"
2019-06-28 15:15:00.000000000,BEST_ASK,"JPM,100738,100"
2019-06-28 15:15:00.000000000,BEST_BID,"JPM,99980,264"
2019-06-28 15:15:00.000000000,BEST_ASK,"JPM,100738,264"
2019-06-28 15:15:00.000000000,BEST_BID,"JPM,99980,264"
2019-06-28 15:15:00.000000000,BEST_ASK,"JPM,100738,264"
2019-06-28 15:15:00.000000000,QUERY_SPREAD,77
2019-06-28 15:15:00.000000000,BEST_BID,"JPM,99980,264"
2019-06-28 15:15:00.000000000,BEST_ASK,"JPM,100738,260"
2019-06-28 15:15:00.000000000,LAST_TRADE,"4,$100738.0000"
2019-06-28 15:15:00.000000000,QUERY_SPREAD,78
2019-06-28 15:15:00.000000000,BEST_BID,"JPM,99980,264"
2019-06-28 15:15:00.000000000,BEST_ASK,"JPM,100738,252"
2019-06-28 15:15:00.000000000,LAST_TRADE,"8,$100738.0000"
2019-06-28 15:15:00.000000000,QUERY_SPREAD,79
2019-06-28 15:15:00.000000000,BEST_BID,"JPM,99980,264"
2019-06-28 15:15:00.000000000,BEST_ASK,"JPM,100738,251"
2019-06-28 15:15:00.000000000,LAST_TRADE,"1,$100738.0000"
2019-06-28 15:15:00.000000000,QUERY_SPREAD,80
2019-06-28 15:15:00.000000000,BEST_BID,"JPM,99980,264"
2019-06-28 15:15:00.000000000,BEST_ASK,"JPM,100738,246"
2019-06-28 15:15:00.000000000,LAST_TRADE,"5,$100738.0000"
2019-06-28 15:15:00.000000000,QUERY_SPREAD,81
2019-06-28 15:15:00.000000000,BEST_BID,"JPM,99980,264"
2019-06-28 15:15:00.000000000,BEST_ASK,"JPM,100738,241"
2019-06-28 15:15:00.000000000,LAST_TRADE,"5,$100738.0000"
2019-06-28 15:15:00.000000000,QUERY_SPREAD,82
2019-06-28 15:15:00.000000000,BEST_BID,"JPM,99980,264"
2019-06-28 15:15:00.000000000,BEST_ASK,"JPM,100738,235"
2019-06-28 15:15:00.000000000,LAST_TRADE,"6,$100738.0000"
2019-06-28 15:15:00.000000000,QUERY_SPREAD,83
2019-06-28 15:15:00.000000000,BEST_BID,"JPM,99980,264"
2019-06-28 15:15:00.000000000,BEST_ASK,"JPM,100738,231"
2019-06-28 15:15:00.000000000,LAST_TRADE,"4,$100738.0000"
2019-06-28 15:15:00.000000000,QUERY_SPREAD,84
2019-06-28 15:15:00.000000000,BEST_BID,"JPM,99980,264"
2019-06-28 15:15:00.000000000,BEST_ASK,"JPM,100738,226"
2019-06-28 15:15:00.000000000,LAST_TRADE,"5,$100738.0000"
2019-06-28 15:15:00.000000000,QUERY_SPREAD,85
2019-06-28 15:15:00.000000000,BEST_BID,"JPM,99980,264"
2019-06-28 15:15:00.000000000,BEST_ASK,"JPM,100738,221"
2019-06-28 15:15:00.000000000,LAST_TRADE,"5,$100738.0000"
2019-06-28 15:15:00.000000000,QUERY_SPREAD,86
2019-06-28 15:15:00.000000000,BEST_BID,"JPM,99980,264"
2019-06-28 15:15:00.000000000,BEST_ASK,"JPM,100738,212"
2019-06-28 15:15:00.000000000,LAST_TRADE,"9,$100738.0000"
2019-06-28 15:15:00.000000000,QUERY_SPREAD,87
2019-06-28 15:15:00.000000000,BEST_BID,"JPM,99980,264"
2019-06-28 15:15:00.000000000,BEST_ASK,"JPM,100738,210"
2019-06-28 15:15:00.000000000,LAST_TRADE,"2,$100738.0000"
2019-06-28 15:15:00.000000000,QUERY_SPREAD,88
2019-06-28 15:15:00.000000000,BEST_BID,"JPM,99980,264"
2019-06-28 15:15:00.000000000,BEST_ASK,"JPM,100738,202"
2019-06-28 15:15:00.000000000,LAST_TRADE,"8,$100738.0000"
2019-06-28 15:15:00.000000000,QUERY_SPREAD,89
2019-06-28 15:15:00.000000000,BEST_BID,"JPM,99980,264"
2019-06-28 15:15:00.000000000,BEST_ASK,"JPM,100738,195"
2019-06-28 15:15:00.000000000,LAST_TRADE,"7,$100738.0000"
2019-06-28 15:15:00.000000000,QUERY_SPREAD,90
2019-06-28 15:15:00.000000000,BEST_BID,"JPM,99980,264"
2019-06-28 15:15:00.000000000,BEST_ASK,"JPM,100738,189"
2019-06-28 15:15:00.000000000,LAST_TRADE,"6,$100738.0000"
2019-06-28 15:15:00.000000000,QUERY_SPREAD,91
2019-06-28 15:15:00.000000000,BEST_BID,"JPM,99980,264"
2019-06-28 15:15:00.000000000,BEST_ASK,"JPM,100738,184"
2019-06-28 15:15:00.000000000,LAST_TRADE,"5,$100738.0000"
2019-06-28 15:15:00.000000000,QUERY_SPREAD,92
2019-06-28 15:15:00.000000000,BEST_BID,"JPM,99980,264"
2019-06-28 15:15:00.000000000,BEST_ASK,"JPM,100738,183"
2019-06-28 15:15:00.000000000,LAST_TRADE,"1,$100738.0000"
2019-06-28 15:15:00.000000000,QUERY_SPREAD,93
2019-06-28 15:15:00.000000000,BEST_BID,"JPM,99980,264"
2019-06-28 15:15:00.000000000,BEST_ASK,"JPM,100738,181"
2019-06-28 15:15:00.000000000,LAST_TRADE,"2,$100738.0000"
2019-06-28 15:15:00.000000000,QUERY_SPREAD,94
2019-06-28 15:15:00.000000000,BEST_BID,"JPM,99980,264"
2019-06-28 15:15:00.000000000,BEST_ASK,"JPM,100738,179"
2019-06-28 15:15:00.000000000,LAST_TRADE,"2,$100738.0000"
2019-06-28 15:15:00.000000000,QUERY_SPREAD,95
2019-06-28 15:15:00.000000000,BEST_BID,"JPM,99980,264"
2019-06-28 15:15:00.000000000,BEST_ASK,"JPM,100738,172"
2019-06-28 15:15:00.000000000,LAST_TRADE,"7,$100738.0000"
2019-06-28 15:15:00.000000000,QUERY_SPREAD,96
2019-06-28 15:15:00.000000000,BEST_BID,"JPM,99980,264"
2019-06-28 15:15:00.000000000,BEST_ASK,"JPM,100738,165"
2019-06-28 15:15:00.000000000,LAST_TRADE,"7,$100738.0000"
2019-06-28 15:15:00.000000000,QUERY_SPREAD,97
2019-06-28 15:15:00.000000000,BEST_BID,"JPM,99980,264"
2019-06-28 15:15:00.000000000,BEST_ASK,"JPM,100738,159"
2019-06-28 15:15:00.000000000,LAST_TRADE,"6,$100738.0000"
2019-06-28 15:15:00.000000000,QUERY_SPREAD,98
2019-06-28 15:15:00.000000000,BEST_BID,"JPM,99980,264"
2019-06-28 15:15:00.000000000,BEST_ASK,"JPM,100738,155"
2019-06-28 15:15:00.000000000,LAST_TRADE,"4,$100738.0000"
2019-06-28 15:15:00.000000000,QUERY_SPREAD,99
2019-06-28 15:15:00.000000000,BEST_BID,"JPM,99980,264"
2019-06-28 15:15:00.000000000,BEST_ASK,"JPM,100738,153"
2019-06-28 15:15:00.000000000,LAST_TRADE,"2,$100738.0000"
2019-06-28 15:15:00.000000000,QUERY_SPREAD,100
2019-06-28 15:15:00.000000000,BEST_BID,"JPM,99980,264"
2019-06-28 15:15:00.000000000,BEST_ASK,"JPM,100738,147"
2019-06-28 15:15:00.000000000,LAST_TRADE,"6,$100738.0000"
2019-06-28 15:15:00.000000000,QUERY_SPREAD,101
2019-06-28 15:15:00.000000000,QUERY_ORDER_STREAM,101
2019-06-28 15:15:10.000000000,QUERY_SPREAD,1
2019-06-28 15:15:10.000000000,BEST_BID,"JPM,99980,428"
2019-06-28 15:15:10.000000000,BEST_ASK,"JPM,100766,100"
2019-06-28 15:15:10.000000000,BEST_BID,"JPM,99980,428"
2019-06-28 15:15:10.000000000,BEST_ASK,"JPM,100766,428"
2019-06-28 15:15:13.370708173,QUERY_ORDER_STREAM,68
2019-06-28 15:15:13.370708173,QUERY_SPREAD,68
2019-06-28 15:15:20.000000000,QUERY_SPREAD,1
2019-06-28 15:15:20.000000000,BEST_BID,"JPM,99980,212"
2019-06-28 15:15:20.000000000,BEST_ASK,"JPM,100766,100"
2019-06-28 15:15:20.000000000,BEST_BID,"JPM,99980,212"
2019-06-28 15:15:20.000000000,BEST_ASK,"JPM,100766,100"
2019-06-28 15:15:20.000000000,BEST_BID,"JPM,99980,212"
2019-06-28 15:15:20.000000000,BEST_ASK,"JPM,100766,212"
2019-06-28 15:15:20.000000000,BEST_BID,"JPM,99980,212"
2019-06-28 15:15:20.000000000,BEST_ASK,"JPM,100766,212"
2019-06-28 15:15:20.000000000,BEST_BID,"JPM,99980,212"
2019-06-28 15:15:20.000000000,BEST_ASK,"JPM,100766,212"
2019-06-28 15:15:30.000000000,QUERY_SPREAD,1
2019-06-28 15:15:30.000000000,BEST_BID,"JPM,99980,212"
2019-06-28 15:15:30.000000000,BEST_ASK,"JPM,100766,100"
2019-06-28 15:15:30.000000000,BEST_BID,"JPM,99980,212"
2019-06-28 15:15:30.000000000,BEST_ASK,"JPM,100766,100"
2019-06-28 15:15:30.000000000,BEST_BID,"JPM,99980,212"
2019-06-28 15:15:30.000000000,BEST_ASK,"JPM,100766,212"
2019-06-28 15:15:30.000000000,BEST_BID,"JPM,99980,212"
2019-06-28 15:15:30.000000000,BEST_ASK,"JPM,100766,212"
2019-06-28 15:15:30.000000000,BEST_BID,"JPM,99980,212"
2019-06-28 15:15:30.000000000,BEST_ASK,"JPM,100766,212"
2019-06-28 15:15:40.000000000,QUERY_SPREAD,1
2019-06-28 15:15:40.000000000,BEST_BID,"JPM,99980,428"
2019-06-28 15:15:40.000000000,BEST_ASK,"JPM,100766,100"
2019-06-28 15:15:40.000000000,BEST_BID,"JPM,99980,428"
2019-06-28 15:15:40.000000000,BEST_ASK,"JPM,100766,428"
2019-06-28 15:15:50.000000000,QUERY_SPREAD,1
2019-06-28 15:15:50.000000000,BEST_BID,"JPM,99980,182"
2019-06-28 15:15:50.000000000,BEST_ASK,"JPM,100766,100"
2019-06-28 15:15:50.000000000,BEST_BID,"JPM,99980,182"
2019-06-28 15:15:50.000000000,BEST_ASK,"JPM,100766,100"
2019-06-28 15:15:50.000000000,BEST_BID,"JPM,99980,182"
2019-06-28 15:15:50.000000000,BEST_ASK,"JPM,100766,182"
2019-06-28 15:15:50.000000000,BEST_BID,"JPM,99980,182"
2019-06-28 15:15:50.000000000,BEST_ASK,"JPM,100766,182"
2019-06-28 15:15:50.000000000,BEST_BID,"JPM,99980,182"
2019-06-28 15:15:50.000000000,BEST_ASK,"JPM,100766,182"
2019-06-28 15:15:50.000000000,BEST_BID,"JPM,99980,182"
2019-06-28 15:15:50.000000000,BEST_ASK,"JPM,100766,182"
2019-06-28 15:15:50.547350304,QUERY_SPREAD,37
2019-06-28 15:15:50.547350304,BEST_BID,"JPM,99980,182"
2019-06-28 15:15:50.547350304,BEST_ASK,"JPM,100766,182"
2019-06-28 15:16:00.000000000,QUERY_SPREAD,1
2019-06-28 15:16:00.000000000,BEST_BID,"JPM,99980,212"
2019-06-28 15:16:00.000000000,BEST_ASK,"JPM,100766,100"
2019-06-28 15:16:00.000000000,BEST_BID,"JPM,99980,212"
2019-06-28 15:16:00.000000000,BEST_ASK,"JPM,100766,100"
2019-06-28 15:16:00.000000000,BEST_BID,"JPM,99980,212"
2019-06-28 15:16:00.000000000,BEST_ASK,"JPM,100766,100"
2019-06-28 15:16:00.000000000,BEST_BID,"JPM,99980,212"
2019-06-28 15:16:00.000000000,BEST_ASK,"JPM,100766,212"
2019-06-28 15:16:00.000000000,BEST_BID,"JPM,99980,212"
2019-06-28 15:16:00.000000000,BEST_ASK,"JPM,100766,212"
2019-06-28 15:16:00.000000000,BEST_BID,"JPM,99980,212"
2019-06-28 15:16:00.000000000,BEST_ASK,"JPM,100766,212"
2019-06-28 15:16:00.000000000,QUERY_SPREAD,77
2019-06-28 15:16:00.000000000,BEST_BID,"JPM,99980,212"
2019-06-28 15:16:00.000000000,BEST_ASK,"JPM,100766,208"
2019-06-28 15:16:00.000000000,LAST_TRADE,"4,$100766.0000"
2019-06-28 15:16:00.000000000,QUERY_SPREAD,78
2019-06-28 15:16:00.000000000,BEST_BID,"JPM,99980,212"
2019-06-28 15:16:00.000000000,BEST_ASK,"JPM,100766,200"
2019-06-28 15:16:00.000000000,LAST_TRADE,"8,$100766.0000"
2019-06-28 15:16:00.000000000,QUERY_SPREAD,79
2019-06-28 15:16:00.000000000,BEST_BID,"JPM,99980,212"
2019-06-28 15:16:00.000000000,BEST_ASK,"JPM,100766,199"
2019-06-28 15:16:00.000000000,LAST_TRADE,"1,$100766.0000"
2019-06-28 15:16:00.000000000,QUERY_SPREAD,80
2019-06-28 15:16:00.000000000,BEST_BID,"JPM,99980,212"
2019-06-28 15:16:00.000000000,BEST_ASK,"JPM,100766,194"
2019-06-28 15:16:00.000000000,LAST_TRADE,"5,$100766.0000"
2019-06-28 15:16:00.000000000,QUERY_SPREAD,81
2019-06-28 15:16:00.000000000,BEST_BID,"JPM,99980,212"
2019-06-28 15:16:00.000000000,BEST_ASK,"JPM,100766,189"
2019-06-28 15:16:00.000000000,LAST_TRADE,"5,$100766.0000"
2019-06-28 15:16:00.000000000,QUERY_SPREAD,82
2019-06-28 15:16:00.000000000,BEST_BID,"JPM,99980,212"
2019-06-28 15:16:00.000000000,BEST_ASK,"JPM,100766,183"
2019-06-28 15:16:00.000000000,LAST_TRADE,"6,$100766.0000"
2019-06-28 15:16:00.000000000,QUERY_SPREAD,83
2019-06-28 15:16:00.000000000,BEST_BID,"JPM,99980,212"
2019-06-28 15:16:00.000000000,BEST_ASK,"JPM,100766,179"
2019-06-28 15:16:00.000000000,LAST_TRADE,"4,$100766.0000"
2019-06-28 15:16:00.000000000,QUERY_SPREAD,84
2019-06-28 15:16:00.000000000,BEST_BID,"JPM,99980,212"
2019-06-28 15:16:00.000000000,BEST_ASK,"JPM,100766,174"
2019-06-28 15:16:00.000000000,LAST_TRADE,"5,$100766.0000"
2019-06-28 15:16:00.000000000,QUERY_SPREAD,85
2019-06-28 15:16:00.000000000,BEST_BID,"JPM,99980,212"
2019-06-28 15:16:00.000000000,BEST_ASK,"JPM,100766,169"
2019-06-28 15:16:00.000000000,LAST_TRADE,"5,$100766.0000"
2019-06-28 15:16:00.000000000,QUERY_SPREAD,86
2019-06-28 15:16:00.000000000,BEST_BID,"JPM,99980,212"
2019-06-28 15:16:00.000000000,BEST_ASK,"JPM,100766,160"
2019-06-28 15:16:00.000000000,LAST_TRADE,"9,$100766.0000"
2019-06-28 15:16:00.000000000,QUERY_SPREAD,87
2019-06-28 15:16:00.000000000,BEST_BID,"JPM,99980,212"
2019-06-28 15:16:00.000000000,BEST_ASK,"JPM,100766,158"
2019-06-28 15:16:00.000000000,LAST_TRADE,"2,$100766.0000"
2019-06-28 15:16:00.000000000,QUERY_SPREAD,88
2019-06-28 15:16:00.000000000,BEST_BID,"JPM,99980,212"
2019-06-28 15:16:00.000000000,BEST_ASK,"JPM,100766,150"
2019-06-28 15:16:00.000000000,LAST_TRADE,"8,$100766.0000"
2019-06-28 15:16:00.000000000,QUERY_SPREAD,89
2019-06-28 15:16:00.000000000,BEST_BID,"JPM,99980,212"
2019-06-28 15:16:00.000000000,BEST_ASK,"JPM,100766,143"
2019-06-28 15:16:00.000000000,LAST_TRADE,"7,$100766.0000"
2019-06-28 15:16:00.000000000,QUERY_SPREAD,90
2019-06-28 15:16:00.000000000,BEST_BID,"JPM,99980,212"
2019-06-28 15:16:00.000000000,BEST_ASK,"JPM,100766,137"
2019-06-28 15:16:00.000000000,LAST_TRADE,"6,$100766.0000"
2019-06-28 15:16:00.000000000,QUERY_SPREAD,91
2019-06-28 15:16:00.000000000,BEST_BID,"JPM,99980,212"
2019-06-28 15:16:00.000000000,BEST_ASK,"JPM,100766,132"
2019-06-28 15:16:00.000000000,LAST_TRADE,"5,$100766.0000"
2019-06-28 15:16:00.000000000,QUERY_SPREAD,92
2019-06-28 15:16:00.000000000,BEST_BID,"JPM,99980,212"
2019-06-28 15:16:00.000000000,BEST_ASK,"JPM,100766,131"
2019-06-28 15:16:00.000000000,LAST_TRADE,"1,$100766.0000"
2019-06-28 15:16:00.000000000,QUERY_SPREAD,93
2019-06-28 15:16:00.000000000,BEST_BID,"JPM,99980,212"
2019-06-28 15:16:00.000000000,BEST_ASK,"JPM,100766,129"
2019-06-28 15:16:00.000000000,LAST_TRADE,"2,$100766.0000"
2019-06-28 15:16:00.000000000,QUERY_SPREAD,94
2019-06-28 15:16:00.000000000,BEST_BID,"JPM,99980,212"
2019-06-28 15:16:00.000000000,BEST_ASK,"JPM,100766,127"
2019-06-28 15:16:00.000000000,LAST_TRADE,"2,$100766.0000"
2019-06-28 15:16:00.000000000,QUERY_SPREAD,95
2019-06-28 15:16:00.000000000,BEST_BID,"JPM,99980,212"
2019-06-28 15:16:00.000000000,BEST_ASK,"JPM,100766,120"
2019-06-28 15:16:00.000000000,LAST_TRADE,"7,$100766.0000"
2019-06-28 15:16:00.000000000,QUERY_SPREAD,96
2019-06-28 15:16:00.000000000,BEST_BID,"JPM,99980,212"
2019-06-28 15:16:00.000000000,BEST_ASK,"JPM,100766,113"
2019-06-28 15:16:00.000000000,LAST_TRADE,"7,$100766.0000"
2019-06-28 15:16:00.000000000,QUERY_SPREAD,97
2019-06-28 15:16:00.000000000,BEST_BID,"JPM,99980,212"
2019-06-28 15:16:00.000000000,BEST_ASK,"JPM,100766,107"
2019-06-28 15:16:00.000000000,LAST_TRADE,"6,$100766.0000"
2019-06-28 15:16:00.000000000,QUERY_SPREAD,98
2019-06-28 15:16:00.000000000,BEST_BID,"JPM,99980,212"
2019-06-28 15:16:00.000000000,BEST_ASK,"JPM,100766,103"
2019-06-28 15:16:00.000000000,LAST_TRADE,"4,$100766.0000"
2019-06-28 15:16:00.000000000,QUERY_SPREAD,99
2019-06-28 15:16:00.000000000,BEST_BID,"JPM,99980,212"
2019-06-28 15:16:00.000000000,BEST_ASK,"JPM,100766,101"
2019-06-28 15:16:00.000000000,LAST_TRADE,"2,$100766.0000"
2019-06-28 15:16:00.000000000,QUERY_SPREAD,100
2019-06-28 15:16:00.000000000,BEST_BID,"JPM,99980,212"
2019-06-28 15:16:00.000000000,BEST_ASK,"JPM,100766,95"
2019-06-28 15:16:00.000000000,LAST_TRADE,"6,$100766.0000"
2019-06-28 15:16:00.000000000,QUERY_SPREAD,101
2019-06-28 15:16:00.000000000,QUERY_ORDER_STREAM,101
2019-06-28 15:16:05.664846337,QUERY_SPREAD,27
2019-06-28 15:16:05.664846337,BEST_BID,"JPM,99980,212"
2019-06-28 15:16:05.664846337,BEST_ASK,"JPM,100027,100"
2019-06-28 15:16:10.000000000,QUERY_SPREAD,1
2019-06-28 15:16:10.000000000,BEST_BID,"JPM,99980,182"
2019-06-28 15:16:10.000000000,BEST_ASK,"JPM,100027,100"
2019-06-28 15:16:10.000000000,BEST_BID,"JPM,99980,182"
2019-06-28 15:16:10.000000000,BEST_ASK,"JPM,100027,100"
2019-06-28 15:16:10.000000000,BEST_BID,"JPM,99980,182"
2019-06-28 15:16:10.000000000,BEST_ASK,"JPM,100027,100"
2019-06-28 15:16:10.000000000,BEST_BID,"JPM,99980,182"
2019-06-28 15:16:10.000000000,BEST_ASK,"JPM,100027,182"
2019-06-28 15:16:10.000000000,BEST_BID,"JPM,99980,182"
2019-06-28 15:16:10.000000000,BEST_ASK,"JPM,100027,182"
2019-06-28 15:16:10.000000000,BEST_BID,"JPM,99980,182"
2019-06-28 15:16:10.000000000,BEST_ASK,"JPM,100027,182"
2019-06-28 15:16:10.000000000,BEST_BID,"JPM,99980,182"
2019-06-28 15:16:10.000000000,BEST_ASK,"JPM,100027,182"
2019-06-28 15:16:20.000000000,QUERY_SPREAD,1
2019-06-28 15:16:20.000000000,BEST_BID,"JPM,99980,166"
2019-06-28 15:16:20.000000000,BEST_ASK,"JPM,100027,100"
2019-06-28 15:16:20.000000000,BEST_BID,"JPM,99980,166"
2019-06-28 15:16:20.000000000,BEST_ASK,"JPM,100027,100"
2019-06-28 15:16:20.000000000,BEST_BID,"JPM,99980,166"
2019-06-28 15:16:20.000000000,BEST_ASK,"JPM,100027,100"
2019-06-28 15:16:20.000000000,BEST_BID,"JPM,99980,166"
2019-06-28 15:16:20.000000000,BEST_ASK,"JPM,100027,166"
2019-06-28 15:16:20.000000000,BEST_BID,"JPM,99980,166"
2019-06-28 15:16:20.000000000,BEST_ASK,"JPM,100027,166"
2019-06-28 15:16:20.000000000,BEST_BID,"JPM,99980,166"
2019-06-28 15:16:20.000000000,BEST_ASK,"JPM,100027,166"
2019-06-28 15:16:20.000000000,BEST_BID,"JPM,99980,166"
2019-06-28 15:16:20.000000000,BEST_ASK,"JPM,100027,166"
2019-06-28 15:16:20.000000000,BEST_BID,"JPM,99980,166"
2019-06-28 15:16:20.000000000,BEST_ASK,"JPM,100027,166"
2019-06-28 15:16:30.000000000,QUERY_SPREAD,1
2019-06-28 15:16:30.000000000,BEST_BID,"JPM,99980,428"
2019-06-28 15:16:30.000000000,BEST_ASK,"JPM,100027,100"
2019-06-28 15:16:30.000000000,BEST_BID,"JPM,99980,428"
2019-06-28 15:16:30.000000000,BEST_ASK,"JPM,100027,428"
2019-06-28 15:16:39.583753529,QUERY_SPREAD,28
2019-06-28 15:16:39.583753529,BEST_BID,"JPM,99980,428"
2019-06-28 15:16:39.583753529,BEST_ASK,"JPM,100027,428"
2019-06-28 15:16:40.000000000,QUERY_SPREAD,1
2019-06-28 15:16:40.000000000,BEST_BID,"JPM,99980,264"
2019-06-28 15:16:40.000000000,BEST_ASK,"JPM,100027,100"
2019-06-28 15:16:40.000000000,BEST_BID,"JPM,99980,264"
2019-06-28 15:16:40.000000000,BEST_ASK,"JPM,100027,100"
2019-06-28 15:16:40.000000000,BEST_BID,"JPM,99980,264"
2019-06-28 15:16:40.000000000,BEST_ASK,"JPM,100027,264"
2019-06-28 15:16:40.000000000,BEST_BID,"JPM,99980,264"
2019-06-28 15:16:40.000000000,BEST_ASK,"JPM,100027,264"
2019-06-28 15:16:50.000000000,QUERY_SPREAD,1
2019-06-28 15:16:50.000000000,BEST_BID,"JPM,99980,264"
2019-06-28 15:16:50.000000000,BEST_ASK,"JPM,100027,100"
2019-06-28 15:16:50.000000000,BEST_BID,"JPM,99980,264"
2019-06-28 15:16:50.000000000,BEST_ASK,"JPM,100027,100"
2019-06-28 15:16:50.000000000,BEST_BID,"JPM,99980,264"
2019-06-28 15:16:50.000000000,BEST_ASK,"JPM,100027,264"
2019-06-28 15:16:50.000000000,BEST_BID,"JPM,99980,264"
2019-06-28 15:16:50.000000000,BEST_ASK,"JPM,100027,264"
2019-06-28 15:16:53.281783712,QUERY_ORDER_STREAM,60
2019-06-28 15:16:53.281783712,QUERY_SPREAD,60
2019-06-28 15:16:53.281783712,BEST_BID,"JPM,99980,264"
2019-06-28 15:16:53.281783712,BEST_ASK,"JPM,100027,264"
2019-06-28 15:16:55.427995006,QUERY_ORDER_STREAM,67
2019-06-28 15:16:55.427995006,QUERY_SPREAD,67
2019-06-28 15:17:00.000000000,QUERY_SPREAD,1
2019-06-28 15:17:00.000000000,BEST_BID,"JPM,99980,428"
2019-06-28 15:17:00.000000000,BEST_ASK,"JPM,100027,100"
2019-06-28 15:17:00.000000000,BEST_BID,"JPM,99980,428"
2019-06-28 15:17:00.000000000,BEST_ASK,"JPM,100027,428"
2019-06-28 15:17:00.000000000,QUERY_SPREAD,77
2019-06-28 15:17:00.000000000,BEST_BID,"JPM,99980,428"
2019-06-28 15:17:00.000000000,BEST_ASK,"JPM,100027,424"
2019-06-28 15:17:00.000000000,LAST_TRADE,"4,$100027.0000"
2019-06-28 15:17:00.000000000,QUERY_SPREAD,78
2019-06-28 15:17:00.000000000,BEST_BID,"JPM,99980,428"
2019-06-28 15:17:00.000000000,BEST_ASK,"JPM,100027,416"
2019-06-28 15:17:00.000000000,LAST_TRADE,"8,$100027.0000"
2019-06-28 15:17:00.000000000,QUERY_SPREAD,79
2019-06-28 15:17:00.000000000,BEST_BID,"JPM,99980,428"
2019-06-28 15:17:00.000000000,BEST_ASK,"JPM,100027,415"
2019-06-28 15:17:00.000000000,LAST_TRADE,"1,$100027.0000"
2019-06-28 15:17:00.000000000,QUERY_SPREAD,80
2019-06-28 15:17:00.000000000,BEST_BID,"JPM,99980,428"
2019-06-28 15:17:00.000000000,BEST_ASK,"JPM,100027,410"
2019-06-28 15:17:00.000000000,LAST_TRADE,"5,$100027.0000"
2019-06-28 15:17:00.000000000,QUERY_SPREAD,81
2019-06-28 15:17:00.000000000,BEST_BID,"JPM,99980,428"
2019-06-28 15:17:00.000000000,BEST_ASK,"JPM,100027,405"
2019-06-28 15:17:00.000000000,LAST_TRADE,"5,$100027.0000"
2019-06-28 15:17:00.000000000,QUERY_SPREAD,82
2019-06-28 15:17:00.000000000,BEST_BID,"JPM,99980,428"
2019-06-28 15:17:00.000000000,BEST_ASK,"JPM,100027,399"
2019-06-28 15:17:00.000000000,LAST_TRADE,"6,$100027.0000"
2019-06-28 15:17:00.000000000,QUERY_SPREAD,83
2019-06-28 15:17:00.000000000,BEST_BID,"JPM,99980,428"
2019-06-28 15:17:00.000000000,BEST_ASK,"JPM,100027,395"
2019-06-28 15:17:00.000000000,LAST_TRADE,"4,$100027.0000"
2019-06-28 15:17:00.000000000,QUERY_SPREAD,84
2019-06-28 15:17:00.000000000,BEST_BID,"JPM,99980,428"
2019-06-28 15:17:00.000000000,BEST_ASK,"JPM,100027,390"
2019-06-28 15:17:00.000000000,LAST_TRADE,"5,$100027.0000"
2019-06-28 15:17:00.000000000,QUERY_SPREAD,85
2019-06-28 15:17:00.000000000,BEST_BID,"JPM,99980,428"
2019-06-28 15:17:00.000000000,BEST_ASK,"JPM,100027,385"
2019-06-28 15:17:00.000000000,LAST_TRADE,"5,$100027.0000"
2019-06-28 15:17:00.000000000,QUERY_SPREAD,86
2019-06-28 15:17:00.000000000,BEST_BID,"JPM,99980,428"
2019-06-28 15:17:00.000000000,BEST_ASK,"JPM,100027,376"
2019-06-28 15:17:00.000000000,LAST_TRADE,"9,$100027.0000"
2019-06-28 15:17:00.000000000,QUERY_SPREAD,87
2019-06-28 15:17:00.000000000,BEST_BID,"JPM,99980,428"
2019-06-28 15:17:00.000000000,BEST_ASK,"JPM,100027,374"
2019-06-28 15:17:00.000000000,LAST_TRADE,"2,$100027.0000"
2019-06-28 15:17:00.000000000,QUERY_SPREAD,88
2019-06-28 15:17:00.000000000,BEST_BID,"JPM,99980,428"
2019-06-28 15:17:00.000000000,BEST_ASK,"JPM,100027,366"
2019-06-28 15:17:00.000000000,LAST_TRADE,"8,$100027.0000"
2019-06-28 15:17:00.000000000,QUERY_SPREAD,89
2019-06-28 15:17:00.000000000,BEST_BID,"JPM,99980,428"
2019-06-28 15:17:00.000000000,BEST_ASK,"JPM,100027,359"
2019-06-28 15:17:00.000000000,LAST_TRADE,"7,$100027.0000"
2019-06-28 15:17:00.000000000,QUERY_SPREAD,90
2019-06-28 15:17:00.000000000,BEST_BID,"JPM,99980,428"
2019-06-28 15:17:00.000000000,BEST_ASK,"JPM,100027,353"
2019-06-28 15:17:00.000000000,LAST_TRADE,"6,$100027.0000"
2019-06-28 15:17:00.000000000,QUERY_SPREAD,91
2019-06-28 15:17:00.000000000,BEST_BID,"JPM,99980,428"
2019-06-28 15:17:00.000000000,BEST_ASK,"JPM,100027,348"
2019-06-28 15:17:00.000000000,LAST_TRADE,"5,$100027.0000"
2019-06-28 15:17:00.000000000,QUERY_SPREAD,92
2019-06-28 15:17:00.000000000,BEST_BID,"JPM,99980,428"
2019-06-28 15:17:00.000000000,BEST_ASK,"JPM,100027,347"
2019-06-28 15:17:00.000000000,LAST_TRADE,"1,$100027.0000"
2019-06-28 15:17:00.000000000,QUERY_SPREAD,93
2019-06-28 15:17:00.000000000,BEST_BID,"JPM,99980,428"
2019-06-28 15:17:00.000000000,BEST_ASK,"JPM,100027,345"
2019-06-28 15:17:00.000000000,LAST_TRADE,"2,$100027.0000"
2019-06-28 15:17:00.000000000,QUERY_SPREAD,94
2019-06-28 15:17:00.000000000,BEST_BID,"JPM,99980,428"
2019-06-28 15:17:00.000000000,BEST_ASK,"JPM,100027,343"
2019-06-28 15:17:00.000000000,LAST_TRADE,"2,$100027.0000"
2019-06-28 15:17:00.000000000,QUERY_SPREAD,95
2019-06-28 15:17:00.000000000,BEST_BID,"JPM,99980,428"
2019-06-28 15:17:00.000000000,BEST_ASK,"JPM,100027,336"
2019-06-28 15:17:00.000000000,LAST_TRADE,"7,$100027.0000"
2019-06-28 15:17:00.000000000,QUERY_SPREAD,96
2019-06-28 15:17:00.000000000,BEST_BID,"JPM,99980,428"
2019-06-28 15:17:00.000000000,BEST_ASK,"JPM,100027,329"
2019-06-28 15:17:00.000000000,LAST_TRADE,"7,$100027.0000"
2019-06-28 15:17:00.000000000,QUERY_SPREAD,97
2019-06-28 15:17:00.000000000,BEST_BID,"JPM,99980,428"
2019-06-28 15:17:00.000000000,BEST_ASK,"JPM,100027,323"
2019-06-28 15:17:00.000000000,LAST_TRADE,"6,$100027.0000"
2019-06-28 15:17:00.000000000,QUERY_SPREAD,98
2019-06-28 15:17:00.000000000,BEST_BID,"JPM,99980,428"
2019-06-28 15:17:00.000000000,BEST_ASK,"JPM,100027,319"
2019-06-28 15:17:00.000000000,LAST_TRADE,"4,$100027.0000"
2019-06-28 15:17:00.000000000,QUERY_SPREAD,99
2019-06-28 15:17:00.000000000,BEST_BID,"JPM,99980,428"
2019-06-28 15:17:00.000000000,BEST_ASK,"JPM,100027,317"
2019-06-28 15:17:00.000000000,LAST_TRADE,"2,$100027.0000"
2019-06-28 15:17:00.000000000,QUERY_SPREAD,100
2019-06-28 15:17:00.000000000,BEST_BID,"JPM,99980,428"
2019-06-28 15:17:00.000000000,BEST_ASK,"JPM,100027,311"
2019-06-28 15:17:00.000000000,LAST_TRADE,"6,$100027.0000"
2019-06-28 15:17:00.000000000,QUERY_SPREAD,101
2019-06-28 15:17:00.000000000,QUERY_ORDER_STREAM,101
2019-06-28 15:17:04.913633381,QUERY_ORDER_STREAM,64
2019-06-28 15:17:04.913633381,QUERY_SPREAD,64
2019-06-28 15:17:04.913633381,BEST_BID,"JPM,99980,428"
2019-06-28 15:17:04.913633381,BEST_ASK,"JPM,100027,411"
2019-06-28 15:17:10.000000000,QUERY_SPREAD,1
2019-06-28 15:17:10.000000000,BEST_BID,"JPM,99980,212"
2019-06-28 15:17:10.000000000,BEST_ASK,"JPM,100027,100"
2019-06-28 15:17:10.000000000,BEST_BID,"JPM,99980,212"
2019-06-28 15:17:10.000000000,BEST_ASK,"JPM,100027,100"
2019-06-28 15:17:10.000000000,BEST_BID,"JPM,99980,212"
2019-06-28 15:17:10.000000000,BEST_ASK,"JPM,100027,100"
2019-06-28 15:17:10.000000000,BEST_BID,"JPM,99980,212"
2019-06-28 15:17:10.000000000,BEST_ASK,"JPM,100027,212"
2019-06-28 15:17:10.000000000,BEST_BID,"JPM,99980,212"
2019-06-28 15:17:10.000000000,BEST_ASK,"JPM,100027,212"
2019-06-28 15:17:10.000000000,BEST_BID,"JPM,99980,212"
2019-06-28 15:17:10.000000000,BEST_ASK,"JPM,100027,212"
2019-06-28 15:17:20.000000000,QUERY_SPREAD,1
2019-06-28 15:17:20.000000000,BEST_BID,"JPM,99980,428"
2019-06-28 15:17:20.000000000,BEST_ASK,"JPM,100027,100"
2019-06-28 15:17:20.000000000,BEST_BID,"JPM,99980,428"
2019-06-28 15:17:20.000000000,BEST_ASK,"JPM,100027,428"
2019-06-28 15:17:30.000000000,QUERY_SPREAD,1
2019-06-28 15:17:30.000000000,BEST_BID,"JPM,99980,264"
2019-06-28 15:17:30.000000000,BEST_ASK,"JPM,100027,100"
2019-06-28 15:17:30.000000000,BEST_BID,"JPM,99980,264"
2019-06-28 15:17:30.000000000,BEST_ASK,"JPM,100027,100"
2019-06-28 15:17:30.000000000,BEST_BID,"JPM,99980,264"
2019-06-28 15:17:30.000000000,BEST_ASK,"JPM,100027,264"
2019-06-28 15:17:30.000000000,BEST_BID,"JPM,99980,264"
2019-06-28 15:17:30.000000000,BEST_ASK,"JPM,100027,264"
2019-06-28 15:17:40.000000000,QUERY_SPREAD,1
2019-06-28 15:17:40.000000000,BEST_BID,"JPM,99980,428"
2019-06-28 15:17:40.000000000,BEST_ASK,"JPM,100027,100"
2019-06-28 15:17:40.000000000,BEST_BID,"JPM,99980,428"
2019-06-28 15:17:40.000000000,BEST_ASK,"JPM,100027,428"
2019-06-28 15:17:48.980612813,QUERY_ORDER_STREAM,75
2019-06-28 15:17:48.980612813,QUERY_SPREAD,75
2019-06-28 15:17:50.000000000,QUERY_SPREAD,1
2019-06-28 15:17:50.000000000,BEST_BID,"JPM,99980,212"
2019-06-28 15:17:50.000000000,BEST_ASK,"JPM,100027,100"
2019-06-28 15:17:50.000000000,BEST_BID,"JPM,99980,212"
2019-06-28 15:17:50.000000000,BEST_ASK,"JPM,100027,100"
2019-06-28 15:17:50.000000000,BEST_BID,"JPM,99980,212"
2019-06-28 15:17:50.000000000,BEST_ASK,"JPM,100027,100"
2019-06-28 15:17:50.000000000,BEST_BID,"JPM,99980,212"
2019-06-28 15:17:50.000000000,BEST_ASK,"JPM,100027,212"
2019-06-28 15:17:50.000000000,BEST_BID,"JPM,99980,212"
2019-06-28 15:17:50.000000000,BEST_ASK,"JPM,100027,212"
2019-06-28 15:17:50.000000000,BEST_BID,"JPM,99980,212"
2019-06-28 15:17:50.000000000,BEST_ASK,"JPM,100027,212"
2019-06-28 15:18:00.000000000,QUERY_SPREAD,1
2019-06-28 15:18:00.000000000,BEST_BID,"JPM,99980,182"
2019-06-28 15:18:00.000000000,BEST_ASK,"JPM,100027,100"
2019-06-28 15:18:00.000000000,BEST_BID,"JPM,99980,182"
2019-06-28 15:18:00.000000000,BEST_ASK,"JPM,100027,100"
2019-06-28 15:18:00.000000000,BEST_BID,"JPM,99980,182"
2019-06-28 15:18:00.000000000,BEST_ASK,"JPM,100027,100"
2019-06-28 15:18:00.000000000,BEST_BID,"JPM,99980,182"
2019-06-28 15:18:00.000000000,BEST_ASK,"JPM,100027,100"
2019-06-28 15:18:00.000000000,BEST_BID,"JPM,99980,182"
2019-06-28 15:18:00.000000000,BEST_ASK,"JPM,100027,182"
2019-06-28 15:18:00.000000000,BEST_BID,"JPM,99980,182"
2019-06-28 15:18:00.000000000,BEST_ASK,"JPM,100027,182"
2019-06-28 15:18:00.000000000,BEST_BID,"JPM,99980,182"
2019-06-28 15:18:00.000000000,BEST_ASK,"JPM,100027,182"
2019-06-28 15:18:00.000000000,BEST_BID,"JPM,99980,182"
2019-06-28 15:18:00.000000000,BEST_ASK,"JPM,100027,182"
2019-06-28 15:18:00.000000000,QUERY_SPREAD,77
2019-06-28 15:18:00.000000000,BEST_BID,"JPM,99980,182"
2019-06-28 15:18:00.000000000,BEST_ASK,"JPM,100027,178"
2019-06-28 15:18:00.000000000,LAST_TRADE,"4,$100027.0000"
2019-06-28 15:18:00.000000000,QUERY_SPREAD,78
2019-06-28 15:18:00.000000000,BEST_BID,"JPM,99980,182"
2019-06-28 15:18:00.000000000,BEST_ASK,"JPM,100027,170"
2019-06-28 15:18:00.000000000,LAST_TRADE,"8,$100027.0000"
2019-06-28 15:18:00.000000000,QUERY_SPREAD,79
2019-06-28 15:18:00.000000000,BEST_BID,"JPM,99980,182"
2019-06-28 15:18:00.000000000,BEST_ASK,"JPM,100027,169"
2019-06-28 15:18:00.000000000,LAST_TRADE,"1,$100027.0000"
2019-06-28 15:18:00.000000000,QUERY_SPREAD,80
2019-06-28 15:18:00.000000000,BEST_BID,"JPM,99980,182"
2019-06-28 15:18:00.000000000,BEST_ASK,"JPM,100027,164"
2019-06-28 15:18:00.000000000,LAST_TRADE,"5,$100027.0000"
2019-06-28 15:18:00.000000000,QUERY_SPREAD,81
2019-06-28 15:18:00.000000000,BEST_BID,"JPM,99980,182"
2019-06-28 15:18:00.000000000,BEST_ASK,"JPM,100027,159"
2019-06-28 15:18:00.000000000,LAST_TRADE,"5,$100027.0000"
2019-06-28 15:18:00.000000000,QUERY_SPREAD,82
2019-06-28 15:18:00.000000000,BEST_BID,"JPM,99980,182"
2019-06-28 15:18:00.000000000,BEST_ASK,"JPM,100027,153"
2019-06-28 15:18:00.000000000,LAST_TRADE,"6,$100027.0000"
2019-06-28 15:18:00.000000000,QUERY_SPREAD,83
2019-06-28 15:18:00.000000000,BEST_BID,"JPM,99980,182"
2019-06-28 15:18:00.000000000,BEST_ASK,"JPM,100027,149"
2019-06-28 15:18:00.000000000,LAST_TRADE,"4,$100027.0000"
2019-06-28 15:18:00.000000000,QUERY_SPREAD,84
2019-06-28 15:18:00.000000000,BEST_BID,"JPM,99980,182"
2019-06-28 15:18:00.000000000,BEST_ASK,"JPM,100027,144"
2019-06-28 15:18:00.000000000,LAST_TRADE,"5,$100027.0000"
2019-06-28 15:18:00.000000000,QUERY_SPREAD,85
2019-06-28 15:18:00.000000000,BEST_BID,"JPM,99980,182"
2019-06-28 15:18:00.000000000,BEST_ASK,"JPM,100027,139"
2019-06-28 15:18:00.000000000,LAST_TRADE,"5,$100027.0000"
2019-06-28 15:18:00.000000000,QUERY_SPREAD,86
2019-06-28 15:18:00.000000000,BEST_BID,"JPM,99980,182"
2019-06-28 15:18:00.000000000,BEST_ASK,"JPM,100027,130"
2019-06-28 15:18:00.000000000,LAST_TRADE,"9,$100027.0000"
2019-06-28 15:18:00.000000000,QUERY_SPREAD,87
2019-06-28 15:18:00.000000000,BEST_BID,"JPM,99980,182"
2019-06-28 15:18:00.000000000,BEST_ASK,"JPM,100027,128"
2019-06-28 15:18:00.000000000,LAST_TRADE,"2,$100027.0000"
2019-06-28 15:18:00.000000000,QUERY_SPREAD,88
2019-06-28 15:18:00.000000000,BEST_BID,"JPM,99980,182"
2019-06-28 15:18:00.000000000,BEST_ASK,"JPM,100027,120"
2019-06-28 15:18:00.000000000,LAST_TRADE,"8,$100027.0000"
2019-06-28 15:18:00.000000000,QUERY_SPREAD,89
2019-06-28 15:18:00.000000000,BEST_BID,"JPM,99980,182"
2019-06-28 15:18:00.000000000,BEST_ASK,"JPM,100027,113"
2019-06-28 15:18:00.000000000,LAST_TRADE,"7,$100027.0000"
2019-06-28 15:18:00.000000000,QUERY_SPREAD,90
2019-06-28 15:18:00.000000000,BEST_BID,"JPM,99980,182"
2019-06-28 15:18:00.000000000,BEST_ASK,"JPM,100027,107"
2019-06-28 15:18:00.000000000,LAST_TRADE,"6,$100027.0000"
2019-06-28 15:18:00.000000000,QUERY_SPREAD,91
2019-06-28 15:18:00.000000000,BEST_BID,"JPM,99980,182"
2019-06-28 15:18:00.000000000,BEST_ASK,"JPM,100027,102"
2019-06-28 15:18:00.000000000,LAST_TRADE,"5,$100027.0000"
2019-06-28 15:18:00.000000000,QUERY_SPREAD,92
2019-06-28 15:18:00.000000000,BEST_BID,"JPM,99980,182"
2019-06-28 15:18:00.000000000,BEST_ASK,"JPM,100027,101"
2019-06-28 15:18:00.000000000,LAST_TRADE,"1,$100027.0000"
2019-06-28 15:18:00.000000000,QUERY_SPREAD,93
2019-06-28 15:18:00.000000000,BEST_BID,"JPM,99980,182"
2019-06-28 15:18:00.000000000,BEST_ASK,"JPM,100027,99"
2019-06-28 15:18:00.000000000,LAST_TRADE,"2,$100027.0000"
2019-06-28 15:18:00.000000000,QUERY_SPREAD,94
2019-06-28 15:18:00.000000000,BEST_BID,"JPM,99980,182"
2019-06-28 15:18:00.000000000,BEST_ASK,"JPM,100027,97"
2019-06-28 15:18:00.000000000,LAST_TRADE,"2,$100027.0000"
2019-06-28 15:18:00.000000000,QUERY_SPREAD,95
2019-06-28 15:18:00.000000000,BEST_BID,"JPM,99980,182"
2019-06-28 15:18:00.000000000,BEST_ASK,"JPM,100027,90"
2019-06-28 15:18:00.000000000,LAST_TRADE,"7,$100027.0000"
2019-06-28 15:18:00.000000000,QUERY_SPREAD,96
2019-06-28 15:18:00.000000000,BEST_BID,"JPM,99980,182"
2019-06-28 15:18:00.000000000,BEST_ASK,"JPM,100027,83"
2019-06-28 15:18:00.000000000,LAST_TRADE,"7,$100027.0000"
2019-06-28 15:18:00.000000000,QUERY_SPREAD,97
2019-06-28 15:18:00.000000000,BEST_BID,"JPM,99980,182"
2019-06-28 15:18:00.000000000,BEST_ASK,"JPM,100027,77"
2019-06-28 15:18:00.000000000,LAST_TRADE,"6,$100027.0000"
2019-06-28 15:18:00.000000000,QUERY_SPREAD,98
2019-06-28 15:18:00.000000000,BEST_BID,"JPM,99980,182"
2019-06-28 15:18:00.000000000,BEST_ASK,"JPM,100027,73"
2019-06-28 15:18:00.000000000,LAST_TRADE,"4,$100027.0000"
2019-06-28 15:18:00.000000000,QUERY_SPREAD,99
2019-06-28 15:18:00.000000000,BEST_BID,"JPM,99980,182"
2019-06-28 15:18:00.000000000,BEST_ASK,"JPM,100027,71"
2019-06-28 15:18:00.000000000,LAST_TRADE,"2,$100027.0000"
2019-06-28 15:18:00.000000000,QUERY_SPREAD,100
2019-06-28 15:18:00.000000000,BEST_BID,"JPM,99980,182"
2019-06-28 15:18:00.000000000,BEST_ASK,"JPM,100027,65"
2019-06-28 15:18:00.000000000,LAST_TRADE,"6,$100027.0000"
2019-06-28 15:18:00.000000000,QUERY_SPREAD,101
2019-06-28 15:18:00.000000000,QUERY_ORDER_STREAM,101
2019-06-28 15:18:00.270180054,QUERY_ORDER_STREAM,62
2019-06-28 15:18:00.270180054,QUERY_SPREAD,62
2019-06-28 15:18:00.270180054,BEST_BID,"JPM,99980,182"
2019-06-28 15:18:00.270180054,BEST_ASK,"JPM,100027,165"
2019-06-28 15:18:10.000000000,QUERY_SPREAD,1
2019-06-28 15:18:10.000000000,BEST_BID,"JPM,99980,182"
2019-06-28 15:18:10.000000000,BEST_ASK,"JPM,100027,100"
2019-06-28 15:18:10.000000000,BEST_BID,"JPM,99980,182"
2019-06-28 15:18:10.000000000,BEST_ASK,"JPM,100027,100"
2019-06-28 15:18:10.000000000,BEST_BID,"JPM,99980,182"
2019-06-28 15:18:10.000000000,BEST_ASK,"JPM,100027,100"
2019-06-28 15:18:10.000000000,BEST_BID,"JPM,99980,182"
2019-06-28 15:18:10.000000000,BEST_ASK,"JPM,100027,100"
2019-06-28 15:18:10.000000000,BEST_BID,"JPM,99980,182"
2019-06-28 15:18:10.000000000,BEST_ASK,"JPM,100027,182"
2019-06-28 15:18:10.000000000,BEST_BID,"JPM,99980,182"
2019-06-28 15:18:10.000000000,BEST_ASK,"JPM,100027,182"
2019-06-28 15:18:10.000000000,BEST_BID,"JPM,99980,182"
2019-06-28 15:18:10.000000000,BEST_ASK,"JPM,100027,182"
2019-06-28 15:18:10.000000000,BEST_BID,"JPM,99980,182"
2019-06-28 15:18:10.000000000,BEST_ASK,"JPM,100027,182"
2019-06-28 15:18:20.000000000,QUERY_SPREAD,1
2019-06-28 15:18:20.000000000,BEST_BID,"JPM,99980,182"
2019-06-28 15:18:20.000000000,BEST_ASK,"JPM,100027,100"
2019-06-28 15:18:20.000000000,BEST_BID,"JPM,99980,182"
2019-06-28 15:18:20.000000000,BEST_ASK,"JPM,100027,100"
2019-06-28 15:18:20.000000000,BEST_BID,"JPM,99980,182"
2019-06-28 15:18:20.000000000,BEST_ASK,"JPM,100027,100"
2019-06-28 15:18:20.000000000,BEST_BID,"JPM,99980,182"
2019-06-28 15:18:20.000000000,BEST_ASK,"JPM,100027,100"
2019-06-28 15:18:20.000000000,BEST_BID,"JPM,99980,182"
2019-06-28 15:18:20.000000000,BEST_ASK,"JPM,100027,182"
2019-06-28 15:18:20.000000000,BEST_BID,"JPM,99980,182"
2019-06-28 15:18:20.000000000,BEST_ASK,"JPM,100027,182"
2019-06-28 15:18:20.000000000,BEST_BID,"JPM,99980,182"
2019-06-28 15:18:20.000000000,BEST_ASK,"JPM,100027,182"
2019-06-28 15:18:20.000000000,BEST_BID,"JPM,99980,182"
2019-06-28 15:18:20.000000000,BEST_ASK,"JPM,100027,182"
2019-06-28 15:18:30.000000000,QUERY_SPREAD,1
2019-06-28 15:18:30.000000000,BEST_BID,"JPM,99980,166"
2019-06-28 15:18:30.000000000,BEST_ASK,"JPM,100027,100"
2019-06-28 15:18:30.000000000,BEST_BID,"JPM,99980,166"
2019-06-28 15:18:30.000000000,BEST_ASK,"JPM,100027,100"
2019-06-28 15:18:30.000000000,BEST_BID,"JPM,99980,166"
2019-06-28 15:18:30.000000000,BEST_ASK,"JPM,100027,100"
2019-06-28 15:18:30.000000000,BEST_BID,"JPM,99980,166"
2019-06-28 15:18:30.000000000,BEST_ASK,"JPM,100027,100"
2019-06-28 15:18:30.000000000,BEST_BID,"JPM,99980,166"
2019-06-28 15:18:30.000000000,BEST_ASK,"JPM,100027,166"
2019-06-28 15:18:30.000000000,BEST_BID,"JPM,99980,166"
2019-06-28 15:18:30.000000000,BEST_ASK,"JPM,100027,166"
2019-06-28 15:18:30.000000000,BEST_BID,"JPM,99980,166"
2019-06-28 15:18:30.000000000,BEST_ASK,"JPM,100027,166"
2019-06-28 15:18:30.000000000,BEST_BID,"JPM,99980,166"
2019-06-28 15:18:30.000000000,BEST_ASK,"JPM,100027,166"
2019-06-28 15:18:30.000000000,BEST_BID,"JPM,99980,166"
2019-06-28 15:18:30.000000000,BEST_ASK,"JPM,100027,166"
2019-06-28 15:18:37.352146936,QUERY_SPREAD,51
2019-06-28 15:18:37.352146936,BEST_BID,"JPM,99980,166"
2019-06-28 15:18:37.352146936,BEST_ASK,"JPM,100027,166"
2019-06-28 15:18:40.000000000,QUERY_SPREAD,1
2019-06-28 15:18:40.000000000,BEST_BID,"JPM,99980,264"
2019-06-28 15:18:40.000000000,BEST_ASK,"JPM,100027,100"
2019-06-28 15:18:40.000000000,BEST_BID,"JPM,99980,264"
2019-06-28 15:18:40.000000000,BEST_ASK,"JPM,100027,100"
2019-06-28 15:18:40.000000000,BEST_BID,"JPM,99980,264"
2019-06-28 15:18:40.000000000,BEST_ASK,"JPM,100027,264"
2019-06-28 15:18:40.000000000,BEST_BID,"JPM,99980,264"
2019-06-28 15:18:40.000000000,BEST_ASK,"JPM,100027,264"
2019-06-28 15:18:50.000000000,QUERY_SPREAD,1
2019-06-28 15:18:50.000000000,BEST_BID,"JPM,99980,264"
2019-06-28 15:18:50.000000000,BEST_ASK,"JPM,100027,100"
2019-06-28 15:18:50.000000000,BEST_BID,"JPM,99980,264"
2019-06-28 15:18:50.000000000,BEST_ASK,"JPM,100027,100"
2019-06-28 15:18:50.000000000,BEST_BID,"JPM,99980,264"
2019-06-28 15:18:50.000000000,BEST_ASK,"JPM,100027,264"
2019-06-28 15:18:50.000000000,BEST_BID,"JPM,99980,264"
2019-06-28 15:18:50.000000000,BEST_ASK,"JPM,100027,264"
2019-06-28 15:18:56.680370607,QUERY_SPREAD,16
2019-06-28 15:18:56.680370607,BEST_BID,"JPM,99980,264"
2019-06-28 15:18:56.680370607,BEST_ASK,"JPM,100027,264"
2019-06-28 15:19:00.000000000,QUERY_SPREAD,1
2019-06-28 15:19:00.000000000,BEST_BID,"JPM,99980,212"
2019-06-28 15:19:00.000000000,BEST_ASK,"JPM,100027,100"
2019-06-28 15:19:00.000000000,BEST_BID,"JPM,99980,212"
2019-06-28 15:19:00.000000000,BEST_ASK,"JPM,100027,100"
2019-06-28 15:19:00.000000000,BEST_BID,"JPM,99980,212"
2019-06-28 15:19:00.000000000,BEST_ASK,"JPM,100027,100"
2019-06-28 15:19:00.000000000,BEST_BID,"JPM,99980,212"
2019-06-28 15:19:00.000000000,BEST_ASK,"JPM,100027,212"
2019-06-28 15:19:00.000000000,BEST_BID,"JPM,99980,212"
2019-06-28 15:19:00.000000000,BEST_ASK,"JPM,100027,212"
2019-06-28 15:19:00.000000000,BEST_BID,"JPM,99980,212"
2019-06-28 15:19:00.000000000,BEST_ASK,"JPM,100027,212"
2019-06-28 15:19:00.000000000,QUERY_SPREAD,77
2019-06-28 15:19:00.000000000,BEST_BID,"JPM,99980,212"
2019-06-28 15:19:00.000000000,BEST_ASK,"JPM,100027,208"
2019-06-28 15:19:00.000000000,LAST_TRADE,"4,$100027.0000"
2019-06-28 15:19:00.000000000,QUERY_SPREAD,78
2019-06-28 15:19:00.000000000,BEST_BID,"JPM,99980,212"
2019-06-28 15:19:00.000000000,BEST_ASK,"JPM,100027,200"
2019-06-28 15:19:00.000000000,LAST_TRADE,"8,$100027.0000"
2019-06-28 15:19:00.000000000,QUERY_SPREAD,79
2019-06-28 15:19:00.000000000,BEST_BID,"JPM,99980,212"
2019-06-28 15:19:00.000000000,BEST_ASK,"JPM,100027,199"
2019-06-28 15:19:00.000000000,LAST_TRADE,"1,$100027.0000"
2019-06-28 15:19:00.000000000,QUERY_SPREAD,80
2019-06-28 15:19:00.000000000,BEST_BID,"JPM,99980,212"
2019-06-28 15:19:00.000000000,BEST_ASK,"JPM,100027,194"
2019-06-28 15:19:00.000000000,LAST_TRADE,"5,$100027.0000"
2019-06-28 15:19:00.000000000,QUERY_SPREAD,81
2019-06-28 15:19:00.000000000,BEST_BID,"JPM,99980,212"
2019-06-28 15:19:00.000000000,BEST_ASK,"JPM,100027,189"
2019-06-28 15:19:00.000000000,LAST_TRADE,"5,$100027.0000"
2019-06-28 15:19:00.000000000,QUERY_SPREAD,82
2019-06-28 15:19:00.000000000,BEST_BID,"JPM,99980,212"
2019-06-28 15:19:00.000000000,BEST_ASK,"JPM,100027,183"
2019-06-28 15:19:00.000000000,LAST_TRADE,"6,$100027.0000"
2019-06-28 15:19:00.000000000,QUERY_SPREAD,83
2019-06-28 15:19:00.000000000,BEST_BID,"JPM,99980,212"
2019-06-28 15:19:00.000000000,BEST_ASK,"JPM,100027,179"
2019-06-28 15:19:00.000000000,LAST_TRADE,"4,$100027.0000"
2019-06-28 15:19:00.000000000,QUERY_SPREAD,84
2019-06-28 15:19:00.000000000,BEST_BID,"JPM,99980,212"
2019-06-28 15:19:00.000000000,BEST_ASK,"JPM,100027,174"
2019-06-28 15:19:00.000000000,LAST_TRADE,"5,$100027.0000"
2019-06-28 15:19:00.000000000,QUERY_SPREAD,85
2019-06-28 15:19:00.000000000,BEST_BID,"JPM,99980,212"
2019-06-28 15:19:00.000000000,BEST_ASK,"JPM,100027,169"
2019-06-28 15:19:00.000000000,LAST_TRADE,"5,$100027.0000"
2019-06-28 15:19:00.000000000,QUERY_SPREAD,86
2019-06-28 15:19:00.000000000,BEST_BID,"JPM,99980,212"
2019-06-28 15:19:00.000000000,BEST_ASK,"JPM,100027,160"
2019-06-28 15:19:00.000000000,LAST_TRADE,"9,$100027.0000"
2019-06-28 15:19:00.000000000,QUERY_SPREAD,87
2019-06-28 15:19:00.000000000,BEST_BID,"JPM,99980,212"
2019-06-28 15:19:00.000000000,BEST_ASK,"JPM,100027,158"
2019-06-28 15:19:00.000000000,LAST_TRADE,"2,$100027.0000"
2019-06-28 15:19:00.000000000,QUERY_SPREAD,88
2019-06-28 15:19:00.000000000,BEST_BID,"JPM,99980,212"
2019-06-28 15:19:00.000000000,BEST_ASK,"JPM,100027,150"
2019-06-28 15:19:00.000000000,LAST_TRADE,"8,$100027.0000"
2019-06-28 15:19:00.000000000,QUERY_SPREAD,89
2019-06-28 15:19:00.000000000,BEST_BID,"JPM,99980,212"
2019-06-28 15:19:00.000000000,BEST_ASK,"JPM,100027,143"
2019-06-28 15:19:00.000000000,LAST_TRADE,"7,$100027.0000"
2019-06-28 15:19:00.000000000,QUERY_SPREAD,90
2019-06-28 15:19:00.000000000,BEST_BID,"JPM,99980,212"
2019-06-28 15:19:00.000000000,BEST_ASK,"JPM,100027,137"
2019-06-28 15:19:00.000000000,LAST_TRADE,"6,$100027.0000"
2019-06-28 15:19:00.000000000,QUERY_SPREAD,91
2019-06-28 15:19:00.000000000,BEST_BID,"JPM,99980,212"
2019-06-28 15:19:00.000000000,BEST_ASK,"JPM,100027,132"
2019-06-28 15:19:00.000000000,LAST_TRADE,"5,$100027.0000"
2019-06-28 15:19:00.000000000,QUERY_SPREAD,92
2019-06-28 15:19:00.000000000,BEST_BID,"JPM,99980,212"
2019-06-28 15:19:00.000000000,BEST_ASK,"JPM,100027,131"
2019-06-28 15:19:00.000000000,LAST_TRADE,"1,$100027.0000"
2019-06-28 15:19:00.000000000,QUERY_SPREAD,93
2019-06-28 15:19:00.000000000,BEST_BID,"JPM,99980,212"
2019-06-28 15:19:00.000000000,BEST_ASK,"JPM,100027,129"
2019-06-28 15:19:00.000000000,LAST_TRADE,"2,$100027.0000"
2019-06-28 15:19:00.000000000,QUERY_SPREAD,94
2019-06-28 15:19:00.000000000,BEST_BID,"JPM,99980,212"
2019-06-28 15:19:00.000000000,BEST_ASK,"JPM,100027,127"
2019-06-28 15:19:00.000000000,LAST_TRADE,"2,$100027.0000"
2019-06-28 15:19:00.000000000,QUERY_SPREAD,95
2019-06-28 15:19:00.000000000,BEST_BID,"JPM,99980,212"
2019-06-28 15:19:00.000000000,BEST_ASK,"JPM,100027,120"
2019-06-28 15:19:00.000000000,LAST_TRADE,"7,$100027.0000"
2019-06-28 15:19:00.000000000,QUERY_SPREAD,96
2019-06-28 15:19:00.000000000,BEST_BID,"JPM,99980,212"
2019-06-28 15:19:00.000000000,BEST_ASK,"JPM,100027,113"
2019-06-28 15:19:00.000000000,LAST_TRADE,"7,$100027.0000"
2019-06-28 15:19:00.000000000,QUERY_SPREAD,97
2019-06-28 15:19:00.000000000,BEST_BID,"JPM,99980,212"
2019-06-28 15:19:00.000000000,BEST_ASK,"JPM,100027,107"
2019-06-28 15:19:00.000000000,LAST_TRADE,"6,$100027.0000"
2019-06-28 15:19:00.000000000,QUERY_SPREAD,98
2019-06-28 15:19:00.000000000,BEST_BID,"JPM,99980,212"
2019-06-28 15:19:00.000000000,BEST_ASK,"JPM,100027,103"
2019-06-28 15:19:00.000000000,LAST_TRADE,"4,$100027.0000"
2019-06-28 15:19:00.000000000,QUERY_SPREAD,99
2019-06-28 15:19:00.000000000,BEST_BID,"JPM,99980,212"
2019-06-28 15:19:00.000000000,BEST_ASK,"JPM,100027,101"
2019-06-28 15:19:00.000000000,LAST_TRADE,"2,$100027.0000"
2019-06-28 15:19:00.000000000,QUERY_SPREAD,100
2019-06-28 15:19:00.000000000,BEST_BID,"JPM,99980,212"
2019-06-28 15:19:00.000000000,BEST_ASK,"JPM,100027,95"
2019-06-28 15:19:00.000000000,LAST_TRADE,"6,$100027.0000"
2019-06-28 15:19:00.000000000,QUERY_SPREAD,101
2019-06-28 15:19:00.000000000,QUERY_ORDER_STREAM,101
2019-06-28 15:19:02.937254683,QUERY_SPREAD,18
2019-06-28 15:19:02.937254683,BEST_BID,"JPM,99980,212"
2019-06-28 15:19:02.937254683,BEST_ASK,"JPM,100027,95"
2019-06-28 15:19:09.182134769,QUERY_ORDER_STREAM,55
2019-06-28 15:19:09.182134769,QUERY_SPREAD,55
2019-06-28 15:19:09.182134769,BEST_BID,"JPM,99980,212"
2019-06-28 15:19:09.182134769,BEST_ASK,"JPM,100027,195"
2019-06-28 15:19:10.000000000,QUERY_SPREAD,1
2019-06-28 15:19:10.000000000,BEST_BID,"JPM,99980,166"
2019-06-28 15:19:10.000000000,BEST_ASK,"JPM,100027,100"
2019-06-28 15:19:10.000000000,BEST_BID,"JPM,99980,166"
2019-06-28 15:19:10.000000000,BEST_ASK,"JPM,100027,100"
2019-06-28 15:19:10.000000000,BEST_BID,"JPM,99980,166"
2019-06-28 15:19:10.000000000,BEST_ASK,"JPM,100027,100"
2019-06-28 15:19:10.000000000,BEST_BID,"JPM,99980,166"
2019-06-28 15:19:10.000000000,BEST_ASK,"JPM,100027,100"
2019-06-28 15:19:10.000000000,BEST_BID,"JPM,99980,166"
2019-06-28 15:19:10.000000000,BEST_ASK,"JPM,100027,100"
2019-06-28 15:19:10.000000000,BEST_BID,"JPM,99980,166"
2019-06-28 15:19:10.000000000,BEST_ASK,"JPM,100027,166"
2019-06-28 15:19:10.000000000,BEST_BID,"JPM,99980,166"
2019-06-28 15:19:10.000000000,BEST_ASK,"JPM,100027,166"
2019-06-28 15:19:10.000000000,BEST_BID,"JPM,99980,166"
2019-06-28 15:19:10.000000000,BEST_ASK,"JPM,100027,166"
2019-06-28 15:19:10.000000000,BEST_BID,"JPM,99980,166"
2019-06-28 15:19:10.000000000,BEST_ASK,"JPM,100027,166"
2019-06-28 15:19:10.000000000,BEST_BID,"JPM,99980,166"
2019-06-28 15:19:10.000000000,BEST_ASK,"JPM,100027,166"
2019-06-28 15:19:15.389564788,QUERY_SPREAD,5
2019-06-28 15:19:15.389564788,BEST_BID,"JPM,99980,166"
2019-06-28 15:19:15.389564788,BEST_ASK,"JPM,100027,166"
2019-06-28 15:19:19.143788785,QUERY_SPREAD,21
2019-06-28 15:19:19.143788785,BEST_BID,"JPM,99980,66"
2019-06-28 15:19:19.143788785,BEST_ASK,"JPM,100027,166"
2019-06-28 15:19:19.143788785,LAST_TRADE,"100,$99980.0000"
2019-06-28 15:19:20.000000000,QUERY_SPREAD,1
2019-06-28 15:19:20.000000000,BEST_BID,"JPM,99946,212"
2019-06-28 15:19:20.000000000,BEST_ASK,"JPM,100027,100"
2019-06-28 15:19:20.000000000,BEST_BID,"JPM,99946,212"
2019-06-28 15:19:20.000000000,BEST_ASK,"JPM,100027,100"
2019-06-28 15:19:20.000000000,BEST_BID,"JPM,99946,212"
2019-06-28 15:19:20.000000000,BEST_ASK,"JPM,100027,100"
2019-06-28 15:19:20.000000000,BEST_BID,"JPM,99946,212"
2019-06-28 15:19:20.000000000,BEST_ASK,"JPM,100027,212"
2019-06-28 15:19:20.000000000,BEST_BID,"JPM,99946,212"
2019-06-28 15:19:20.000000000,BEST_ASK,"JPM,100027,212"
2019-06-28 15:19:20.000000000,BEST_BID,"JPM,99946,212"
2019-06-28 15:19:20.000000000,BEST_ASK,"JPM,100027,212"
2019-06-28 15:19:21.007947276,QUERY_ORDER_STREAM,58
2019-06-28 15:19:21.007947276,QUERY_SPREAD,58
2019-06-28 15:19:21.007947276,BEST_BID,"JPM,99946,212"
2019-06-28 15:19:21.007947276,BEST_ASK,"JPM,100026,100"
2019-06-28 15:19:28.136160101,QUERY_ORDER_STREAM,56
2019-06-28 15:19:28.136160101,QUERY_SPREAD,56
2019-06-28 15:19:28.136160101,BEST_BID,"JPM,99946,212"
2019-06-28 15:19:28.136160101,BEST_ASK,"JPM,100026,200"
2019-06-28 15:19:30.000000000,QUERY_SPREAD,1
2019-06-28 15:19:30.000000000,BEST_BID,"JPM,99946,182"
2019-06-28 15:19:30.000000000,BEST_ASK,"JPM,100026,200"
2019-06-28 15:19:30.000000000,BEST_BID,"JPM,99946,182"
2019-06-28 15:19:30.000000000,BEST_ASK,"JPM,100026,200"
2019-06-28 15:19:30.000000000,BEST_BID,"JPM,99946,182"
2019-06-28 15:19:30.000000000,BEST_ASK,"JPM,100026,200"
2019-06-28 15:19:30.000000000,BEST_BID,"JPM,99946,182"
2019-06-28 15:19:30.000000000,BEST_ASK,"JPM,100026,200"
2019-06-28 15:19:30.000000000,BEST_BID,"JPM,99946,182"
2019-06-28 15:19:30.000000000,BEST_ASK,"JPM,100026,282"
2019-06-28 15:19:30.000000000,BEST_BID,"JPM,99946,182"
2019-06-28 15:19:30.000000000,BEST_ASK,"JPM,100026,282"
2019-06-28 15:19:30.000000000,BEST_BID,"JPM,99946,182"
2019-06-28 15:19:30.000000000,BEST_ASK,"JPM,100026,282"
2019-06-28 15:19:30.000000000,BEST_BID,"JPM,99946,182"
2019-06-28 15:19:30.000000000,BEST_ASK,"JPM,100026,282"
2019-06-28 15:19:35.442844681,QUERY_ORDER_STREAM,56
2019-06-28 15:19:35.442844681,QUERY_SPREAD,56
2019-06-28 15:19:36.365184406,QUERY_SPREAD,6
2019-06-28 15:19:36.365184406,BEST_BID,"JPM,99946,82"
2019-06-28 15:19:36.365184406,BEST_ASK,"JPM,100026,182"
2019-06-28 15:19:36.365184406,LAST_TRADE,"100,$99946.0000"
2019-06-28 15:19:39.680678035,QUERY_SPREAD,14
2019-06-28 15:19:39.680678035,BEST_BID,"JPM,99919,182"
2019-06-28 15:19:39.680678035,BEST_ASK,"JPM,99946,18"
2019-06-28 15:19:39.680678035,LAST_TRADE,"82,$99946.0000"
2019-06-28 15:19:40.000000000,QUERY_SPREAD,1
2019-06-28 15:19:40.000000000,BEST_BID,"JPM,99919,166"
2019-06-28 15:19:40.000000000,BEST_ASK,"JPM,99946,18"
2019-06-28 15:19:40.000000000,BEST_BID,"JPM,99919,166"
2019-06-28 15:19:40.000000000,BEST_ASK,"JPM,99946,18"
2019-06-28 15:19:40.000000000,BEST_BID,"JPM,99919,166"
2019-06-28 15:19:40.000000000,BEST_ASK,"JPM,99946,18"
2019-06-28 15:19:40.000000000,BEST_BID,"JPM,99919,166"
2019-06-28 15:19:40.000000000,BEST_ASK,"JPM,99946,18"
2019-06-28 15:19:40.000000000,BEST_BID,"JPM,99919,166"
2019-06-28 15:19:40.000000000,BEST_ASK,"JPM,99946,18"
2019-06-28 15:19:40.000000000,BEST_BID,"JPM,99919,166"
2019-06-28 15:19:40.000000000,BEST_ASK,"JPM,99946,84"
2019-06-28 15:19:40.000000000,BEST_BID,"JPM,99919,166"
2019-06-28 15:19:40.000000000,BEST_ASK,"JPM,99946,84"
2019-06-28 15:19:40.000000000,BEST_BID,"JPM,99919,166"
2019-06-28 15:19:40.000000000,BEST_ASK,"JPM,99946,84"
2019-06-28 15:19:40.000000000,BEST_BID,"JPM,99919,166"
2019-06-28 15:19:40.000000000,BEST_ASK,"JPM,99946,84"
2019-06-28 15:19:40.000000000,BEST_BID,"JPM,99919,166"
2019-06-28 15:19:40.000000000,BEST_ASK,"JPM,99946,84"
2019-06-28 15:19:43.956981604,QUERY_SPREAD,34
2019-06-28 15:19:43.956981604,BEST_BID,"JPM,99919,166"
2019-06-28 15:19:43.956981604,BEST_ASK,"JPM,99946,84"
2019-06-28 15:19:50.000000000,QUERY_SPREAD,1
2019-06-28 15:19:50.000000000,BEST_BID,"JPM,99919,182"
2019-06-28 15:19:50.000000000,BEST_ASK,"JPM,99946,18"
2019-06-28 15:19:50.000000000,BEST_BID,"JPM,99919,182"
2019-06-28 15:19:50.000000000,BEST_ASK,"JPM,99946,18"
2019-06-28 15:19:50.000000000,BEST_BID,"JPM,99919,182"
2019-06-28 15:19:50.000000000,BEST_ASK,"JPM,99946,18"
2019-06-28 15:19:50.000000000,BEST_BID,"JPM,99919,182"
2019-06-28 15:19:50.000000000,BEST_ASK,"JPM,99946,18"
2019-06-28 15:19:50.000000000,BEST_BID,"JPM,99919,182"
2019-06-28 15:19:50.000000000,BEST_ASK,"JPM,99946,100"
2019-06-28 15:19:50.000000000,BEST_BID,"JPM,99919,182"
2019-06-28 15:19:50.000000000,BEST_ASK,"JPM,99946,100"
2019-06-28 15:19:50.000000000,BEST_BID,"JPM,99919,182"
2019-06-28 15:19:50.000000000,BEST_ASK,"JPM,99946,100"
2019-06-28 15:19:50.000000000,BEST_BID,"JPM,99919,182"
2019-06-28 15:19:50.000000000,BEST_ASK,"JPM,99946,100"
2019-06-28 15:19:58.103373656,QUERY_ORDER_STREAM,75
2019-06-28 15:19:58.103373656,QUERY_SPREAD,75
2019-06-28 15:20:00.000000000,QUERY_SPREAD,1
2019-06-28 15:20:00.000000000,BEST_BID,"JPM,99919,428"
2019-06-28 15:20:00.000000000,BEST_ASK,"JPM,99946,18"
2019-06-28 15:20:00.000000000,BEST_BID,"JPM,99919,428"
2019-06-28 15:20:00.000000000,BEST_ASK,"JPM,99946,346"
2019-06-28 15:20:00.000000000,QUERY_SPREAD,77
2019-06-28 15:20:00.000000000,BEST_BID,"JPM,99919,428"
2019-06-28 15:20:00.000000000,BEST_ASK,"JPM,99946,342"
2019-06-28 15:20:00.000000000,LAST_TRADE,"4,$99946.0000"
2019-06-28 15:20:00.000000000,QUERY_SPREAD,78
2019-06-28 15:20:00.000000000,BEST_BID,"JPM,99919,428"
2019-06-28 15:20:00.000000000,BEST_ASK,"JPM,99946,334"
2019-06-28 15:20:00.000000000,LAST_TRADE,"8,$99946.0000"
2019-06-28 15:20:00.000000000,QUERY_SPREAD,79
2019-06-28 15:20:00.000000000,BEST_BID,"JPM,99919,428"
2019-06-28 15:20:00.000000000,BEST_ASK,"JPM,99946,333"
2019-06-28 15:20:00.000000000,LAST_TRADE,"1,$99946.0000"
2019-06-28 15:20:00.000000000,QUERY_SPREAD,80
2019-06-28 15:20:00.000000000,BEST_BID,"JPM,99919,428"
2019-06-28 15:20:00.000000000,BEST_ASK,"JPM,99946,328"
2019-06-28 15:20:00.000000000,LAST_TRADE,"5,$99946.0000"
2019-06-28 15:20:00.000000000,QUERY_SPREAD,81
2019-06-28 15:20:00.000000000,BEST_BID,"JPM,99919,428"
2019-06-28 15:20:00.000000000,BEST_ASK,"JPM,99946,323"
2019-06-28 15:20:00.000000000,LAST_TRADE,"5,$99946.0000"
2019-06-28 15:20:00.000000000,QUERY_SPREAD,82
2019-06-28 15:20:00.000000000,BEST_BID,"JPM,99919,428"
2019-06-28 15:20:00.000000000,BEST_ASK,"JPM,99946,317"
2019-06-28 15:20:00.000000000,LAST_TRADE,"6,$99946.0000"
2019-06-28 15:20:00.000000000,QUERY_SPREAD,83
2019-06-28 15:20:00.000000000,BEST_BID,"JPM,99919,428"
2019-06-28 15:20:00.000000000,BEST_ASK,"JPM,99946,313"
2019-06-28 15:20:00.000000000,LAST_TRADE,"4,$99946.0000"
2019-06-28 15:20:00.000000000,QUERY_SPREAD,84
2019-06-28 15:20:00.000000000,BEST_BID,"JPM,99919,428"
2019-06-28 15:20:00.000000000,BEST_ASK,"JPM,99946,308"
2019-06-28 15:20:00.000000000,LAST_TRADE,"5,$99946.0000"
2019-06-28 15:20:00.000000000,QUERY_SPREAD,85
2019-06-28 15:20:00.000000000,BEST_BID,"JPM,99919,428"
2019-06-28 15:20:00.000000000,BEST_ASK,"JPM,99946,303"
2019-06-28 15:20:00.000000000,LAST_TRADE,"5,$99946.0000"
2019-06-28 15:20:00.000000000,QUERY_SPREAD,86
2019-06-28 15:20:00.000000000,BEST_BID,"JPM,99919,428"
2019-06-28 15:20:00.000000000,BEST_ASK,"JPM,99946,294"
2019-06-28 15:20:00.000000000,LAST_TRADE,"9,$99946.0000"
2019-06-28 15:20:00.000000000,QUERY_SPREAD,87
2019-06-28 15:20:00.000000000,BEST_BID,"JPM,99919,428"
2019-06-28 15:20:00.000000000,BEST_ASK,"JPM,99946,292"
2019-06-28 15:20:00.000000000,LAST_TRADE,"2,$99946.0000"
2019-06-28 15:20:00.000000000,QUERY_SPREAD,88
2019-06-28 15:20:00.000000000,BEST_BID,"JPM,99919,428"
2019-06-28 15:20:00.000000000,BEST_ASK,"JPM,99946,284"
2019-06-28 15:20:00.000000000,LAST_TRADE,"8,$99946.0000"
2019-06-28 15:20:00.000000000,QUERY_SPREAD,89
2019-06-28 15:20:00.000000000,BEST_BID,"JPM,99919,428"
2019-06-28 15:20:00.000000000,BEST_ASK,"JPM,99946,277"
2019-06-28 15:20:00.000000000,LAST_TRADE,"7,$99946.0000"
2019-06-28 15:20:00.000000000,QUERY_SPREAD,90
2019-06-28 15:20:00.000000000,BEST_BID,"JPM,99919,428"
2019-06-28 15:20:00.000000000,BEST_ASK,"JPM,99946,271"
2019-06-28 15:20:00.000000000,LAST_TRADE,"6,$99946.0000"
2019-06-28 15:20:00.000000000,QUERY_SPREAD,91
2019-06-28 15:20:00.000000000,BEST_BID,"JPM,99919,428"
2019-06-28 15:20:00.000000000,BEST_ASK,"JPM,99946,266"
2019-06-28 15:20:00.000000000,LAST_TRADE,"5,$99946.0000"
2019-06-28 15:20:00.000000000,QUERY_SPREAD,92
2019-06-28 15:20:00.000000000,BEST_BID,"JPM,99919,428"
2019-06-28 15:20:00.000000000,BEST_ASK,"JPM,99946,265"
2019-06-28 15:20:00.000000000,LAST_TRADE,"1,$99946.0000"
2019-06-28 15:20:00.000000000,QUERY_SPREAD,93
2019-06-28 15:20:00.000000000,BEST_BID,"JPM,99919,428"
2019-06-28 15:20:00.000000000,BEST_ASK,"JPM,99946,263"
2019-06-28 15:20:00.000000000,LAST_TRADE,"2,$99946.0000"
2019-06-28 15:20:00.000000000,QUERY_SPREAD,94
2019-06-28 15:20:00.000000000,BEST_BID,"JPM,99919,428"
2019-06-28 15:20:00.000000000,BEST_ASK,"JPM,99946,261"
2019-06-28 15:20:00.000000000,LAST_TRADE,"2,$99946.0000"
2019-06-28 15:20:00.000000000,QUERY_SPREAD,95
2019-06-28 15:20:00.000000000,BEST_BID,"JPM,99919,428"
2019-06-28 15:20:00.000000000,BEST_ASK,"JPM,99946,254"
2019-06-28 15:20:00.000000000,LAST_TRADE,"7,$99946.0000"
2019-06-28 15:20:00.000000000,QUERY_SPREAD,96
2019-06-28 15:20:00.000000000,BEST_BID,"JPM,99919,428"
2019-06-28 15:20:00.000000000,BEST_ASK,"JPM,99946,247"
2019-06-28 15:20:00.000000000,LAST_TRADE,"7,$99946.0000"
2019-06-28 15:20:00.000000000,QUERY_SPREAD,97
2019-06-28 15:20:00.000000000,BEST_BID,"JPM,99919,428"
2019-06-28 15:20:00.000000000,BEST_ASK,"JPM,99946,241"
2019-06-28 15:20:00.000000000,LAST_TRADE,"6,$99946.0000"
2019-06-28 15:20:00.000000000,QUERY_SPREAD,98
2019-06-28 15:20:00.000000000,BEST_BID,"JPM,99919,428"
2019-06-28 15:20:00.000000000,BEST_ASK,"JPM,99946,237"
2019-06-28 15:20:00.000000000,LAST_TRADE,"4,$99946.0000"
2019-06-28 15:20:00.000000000,QUERY_SPREAD,99
2019-06-28 15:20:00.000000000,BEST_BID,"JPM,99919,428"
2019-06-28 15:20:00.000000000,BEST_ASK,"JPM,99946,235"
2019-06-28 15:20:00.000000000,LAST_TRADE,"2,$99946.0000"
2019-06-28 15:20:00.000000000,QUERY_SPREAD,100
2019-06-28 15:20:00.000000000,BEST_BID,"JPM,99919,428"
2019-06-28 15:20:00.000000000,BEST_ASK,"JPM,99946,229"
2019-06-28 15:20:00.000000000,LAST_TRADE,"6,$99946.0000"
2019-06-28 15:20:00.000000000,QUERY_SPREAD,101
2019-06-28 15:20:00.000000000,QUERY_ORDER_STREAM,101
2019-06-28 15:20:09.418523836,QUERY_SPREAD,48
2019-06-28 15:20:09.418523836,BEST_BID,"JPM,99919,428"
2019-06-28 15:20:09.418523836,BEST_ASK,"JPM,99946,229"
2019-06-28 15:20:09.896593838,QUERY_ORDER_STREAM,70
2019-06-28 15:20:09.896593838,QUERY_SPREAD,70
2019-06-28 15:20:10.000000000,QUERY_SPREAD,1
2019-06-28 15:20:10.000000000,BEST_BID,"JPM,99919,182"
2019-06-28 15:20:10.000000000,BEST_ASK,"JPM,100026,100"
2019-06-28 15:20:10.000000000,BEST_BID,"JPM,99919,182"
2019-06-28 15:20:10.000000000,BEST_ASK,"JPM,100026,100"
2019-06-28 15:20:10.000000000,BEST_BID,"JPM,99919,182"
2019-06-28 15:20:10.000000000,BEST_ASK,"JPM,100026,100"
2019-06-28 15:20:10.000000000,BEST_BID,"JPM,99919,182"
2019-06-28 15:20:10.000000000,BEST_ASK,"JPM,100026,100"
2019-06-28 15:20:10.000000000,BEST_BID,"JPM,99919,182"
2019-06-28 15:20:10.000000000,BEST_ASK,"JPM,100026,182"
2019-06-28 15:20:10.000000000,BEST_BID,"JPM,99919,182"
2019-06-28 15:20:10.000000000,BEST_ASK,"JPM,100026,182"
2019-06-28 15:20:10.000000000,BEST_BID,"JPM,99919,182"
2019-06-28 15:20:10.000000000,BEST_ASK,"JPM,100026,182"
2019-06-28 15:20:10.000000000,BEST_BID,"JPM,99919,182"
2019-06-28 15:20:10.000000000,BEST_ASK,"JPM,100026,182"
2019-06-28 15:20:14.831168552,QUERY_SPREAD,6
2019-06-28 15:20:14.831168552,BEST_BID,"JPM,99919,182"
2019-06-28 15:20:14.831168552,BEST_ASK,"JPM,100026,82"
2019-06-28 15:20:14.831168552,LAST_TRADE,"100,$100026.0000"
2019-06-28 15:20:15.097412021,QUERY_SPREAD,13
2019-06-28 15:20:15.097412021,BEST_BID,"JPM,100026,18"
2019-06-28 15:20:15.097412021,BEST_ASK,"JPM,100027,182"
2019-06-28 15:20:15.097412021,LAST_TRADE,"82,$100026.0000"
2019-06-28 15:20:20.000000000,QUERY_SPREAD,1
2019-06-28 15:20:20.000000000,BEST_BID,"JPM,100026,130"
2019-06-28 15:20:20.000000000,BEST_ASK,"JPM,100027,100"
2019-06-28 15:20:20.000000000,BEST_BID,"JPM,100026,130"
2019-06-28 15:20:20.000000000,BEST_ASK,"JPM,100027,100"
2019-06-28 15:20:20.000000000,BEST_BID,"JPM,100026,130"
2019-06-28 15:20:20.000000000,BEST_ASK,"JPM,100027,100"
2019-06-28 15:20:20.000000000,BEST_BID,"JPM,100026,130"
2019-06-28 15:20:20.000000000,BEST_ASK,"JPM,100027,212"
2019-06-28 15:20:20.000000000,BEST_BID,"JPM,100026,130"
2019-06-28 15:20:20.000000000,BEST_ASK,"JPM,100027,212"
2019-06-28 15:20:20.000000000,BEST_BID,"JPM,100026,130"
2019-06-28 15:20:20.000000000,BEST_ASK,"JPM,100027,212"
2019-06-28 15:20:23.057540838,QUERY_SPREAD,47
2019-06-28 15:20:23.057540838,BEST_BID,"JPM,100026,130"
2019-06-28 15:20:23.057540838,BEST_ASK,"JPM,100027,212"
2019-06-28 15:20:30.000000000,QUERY_SPREAD,1
2019-06-28 15:20:30.000000000,BEST_BID,"JPM,100026,100"
2019-06-28 15:20:30.000000000,BEST_ASK,"JPM,100027,100"
2019-06-28 15:20:30.000000000,BEST_BID,"JPM,100026,100"
2019-06-28 15:20:30.000000000,BEST_ASK,"JPM,100027,100"
2019-06-28 15:20:30.000000000,BEST_BID,"JPM,100026,100"
2019-06-28 15:20:30.000000000,BEST_ASK,"JPM,100027,100"
2019-06-28 15:20:30.000000000,BEST_BID,"JPM,100026,100"
2019-06-28 15:20:30.000000000,BEST_ASK,"JPM,100027,100"
2019-06-28 15:20:30.000000000,BEST_BID,"JPM,100026,100"
2019-06-28 15:20:30.000000000,BEST_ASK,"JPM,100027,182"
2019-06-28 15:20:30.000000000,BEST_BID,"JPM,100026,100"
2019-06-28 15:20:30.000000000,BEST_ASK,"JPM,100027,182"
2019-06-28 15:20:30.000000000,BEST_BID,"JPM,100026,100"
2019-06-28 15:20:30.000000000,BEST_ASK,"JPM,100027,182"
2019-06-28 15:20:30.000000000,BEST_BID,"JPM,100026,100"
2019-06-28 15:20:30.000000000,BEST_ASK,"JPM,100027,182"
2019-06-28 15:20:40.000000000,QUERY_SPREAD,1
2019-06-28 15:20:40.000000000,BEST_BID,"JPM,100026,346"
2019-06-28 15:20:40.000000000,BEST_ASK,"JPM,100027,100"
2019-06-28 15:20:40.000000000,BEST_BID,"JPM,100026,346"
2019-06-28 15:20:40.000000000,BEST_ASK,"JPM,100027,428"
2019-06-28 15:20:44.108646867,QUERY_SPREAD,35
2019-06-28 15:20:44.108646867,BEST_BID,"JPM,100026,246"
2019-06-28 15:20:44.108646867,BEST_ASK,"JPM,100027,428"
2019-06-28 15:20:44.108646867,LAST_TRADE,"100,$100026.0000"
2019-06-28 15:20:50.000000000,QUERY_SPREAD,1
2019-06-28 15:20:50.000000000,BEST_BID,"JPM,99919,264"
2019-06-28 15:20:50.000000000,BEST_ASK,"JPM,100027,100"
2019-06-28 15:20:50.000000000,BEST_BID,"JPM,99919,264"
2019-06-28 15:20:50.000000000,BEST_ASK,"JPM,100027,100"
2019-06-28 15:20:50.000000000,BEST_BID,"JPM,99919,264"
2019-06-28 15:20:50.000000000,BEST_ASK,"JPM,100027,264"
2019-06-28 15:20:50.000000000,BEST_BID,"JPM,99919,264"
2019-06-28 15:20:50.000000000,BEST_ASK,"JPM,100027,264"
2019-06-28 15:20:51.593445842,QUERY_ORDER_STREAM,69
2019-06-28 15:20:51.593445842,QUERY_SPREAD,69
2019-06-28 15:21:00.000000000,QUERY_SPREAD,1
2019-06-28 15:21:00.000000000,BEST_BID,"JPM,99919,166"
2019-06-28 15:21:00.000000000,BEST_ASK,"JPM,100027,100"
2019-06-28 15:21:00.000000000,BEST_BID,"JPM,99919,166"
2019-06-28 15:21:00.000000000,BEST_ASK,"JPM,100027,100"
2019-06-28 15:21:00.000000000,BEST_BID,"JPM,99919,166"
2019-06-28 15:21:00.000000000,BEST_ASK,"JPM,100027,100"
2019-06-28 15:21:00.000000000,BEST_BID,"JPM,99919,166"
2019-06-28 15:21:00.000000000,BEST_ASK,"JPM,100027,100"
2019-06-28 15:21:00.000000000,BEST_BID,"JPM,99919,166"
2019-06-28 15:21:00.000000000,BEST_ASK,"JPM,100027,100"
2019-06-28 15:21:00.000000000,BEST_BID,"JPM,99919,166"
2019-06-28 15:21:00.000000000,BEST_ASK,"JPM,100027,166"
2019-06-28 15:21:00.000000000,BEST_BID,"JPM,99919,166"
2019-06-28 15:21:00.000000000,BEST_ASK,"JPM,100027,166"
2019-06-28 15:21:00.000000000,BEST_BID,"JPM,99919,166"
2019-06-28 15:21:00.000000000,BEST_ASK,"JPM,100027,166"
2019-06-28 15:21:00.000000000,BEST_BID,"JPM,99919,166"
2019-06-28 15:21:00.000000000,BEST_ASK,"JPM,100027,166"
2019-06-28 15:21:00.000000000,BEST_BID,"JPM,99919,166"
2019-06-28 15:21:00.000000000,BEST_ASK,"JPM,100027,166"
2019-06-28 15:21:00.000000000,QUERY_SPREAD,77
2019-06-28 15:21:00.000000000,BEST_BID,"JPM,99919,166"
2019-06-28 15:21:00.000000000,BEST_ASK,"JPM,100027,162"
2019-06-28 15:21:00.000000000,LAST_TRADE,"4,$100027.0000"
2019-06-28 15:21:00.000000000,QUERY_SPREAD,78
2019-06-28 15:21:00.000000000,BEST_BID,"JPM,99919,166"
2019-06-28 15:21:00.000000000,BEST_ASK,"JPM,100027,154"
2019-06-28 15:21:00.000000000,LAST_TRADE,"8,$100027.0000"
2019-06-28 15:21:00.000000000,QUERY_SPREAD,79
2019-06-28 15:21:00.000000000,BEST_BID,"JPM,99919,166"
2019-06-28 15:21:00.000000000,BEST_ASK,"JPM,100027,153"
2019-06-28 15:21:00.000000000,LAST_TRADE,"1,$100027.0000"
2019-06-28 15:21:00.000000000,QUERY_SPREAD,80
2019-06-28 15:21:00.000000000,BEST_BID,"JPM,99919,166"
2019-06-28 15:21:00.000000000,BEST_ASK,"JPM,100027,148"
2019-06-28 15:21:00.000000000,LAST_TRADE,"5,$100027.0000"
2019-06-28 15:21:00.000000000,QUERY_SPREAD,81
2019-06-28 15:21:00.000000000,BEST_BID,"JPM,99919,166"
2019-06-28 15:21:00.000000000,BEST_ASK,"JPM,100027,143"
2019-06-28 15:21:00.000000000,LAST_TRADE,"5,$100027.0000"
2019-06-28 15:21:00.000000000,QUERY_SPREAD,82
2019-06-28 15:21:00.000000000,BEST_BID,"JPM,99919,166"
2019-06-28 15:21:00.000000000,BEST_ASK,"JPM,100027,137"
2019-06-28 15:21:00.000000000,LAST_TRADE,"6,$100027.0000"
2019-06-28 15:21:00.000000000,QUERY_SPREAD,83
2019-06-28 15:21:00.000000000,BEST_BID,"JPM,99919,166"
2019-06-28 15:21:00.000000000,BEST_ASK,"JPM,100027,133"
2019-06-28 15:21:00.000000000,LAST_TRADE,"4,$100027.0000"
2019-06-28 15:21:00.000000000,QUERY_SPREAD,84
2019-06-28 15:21:00.000000000,BEST_BID,"JPM,99919,166"
2019-06-28 15:21:00.000000000,BEST_ASK,"JPM,100027,128"
2019-06-28 15:21:00.000000000,LAST_TRADE,"5,$100027.0000"
2019-06-28 15:21:00.000000000,QUERY_SPREAD,85
2019-06-28 15:21:00.000000000,BEST_BID,"JPM,99919,166"
2019-06-28 15:21:00.000000000,BEST_ASK,"JPM,100027,123"
2019-06-28 15:21:00.000000000,LAST_TRADE,"5,$100027.0000"
2019-06-28 15:21:00.000000000,QUERY_SPREAD,86
2019-06-28 15:21:00.000000000,BEST_BID,"JPM,99919,166"
2019-06-28 15:21:00.000000000,BEST_ASK,"JPM,100027,114"
2019-06-28 15:21:00.000000000,LAST_TRADE,"9,$100027.0000"
2019-06-28 15:21:00.000000000,QUERY_SPREAD,87
2019-06-28 15:21:00.000000000,BEST_BID,"JPM,99919,166"
2019-06-28 15:21:00.000000000,BEST_ASK,"JPM,100027,112"
2019-06-28 15:21:00.000000000,LAST_TRADE,"2,$100027.0000"
2019-06-28 15:21:00.000000000,QUERY_SPREAD,88
2019-06-28 15:21:00.000000000,BEST_BID,"JPM,99919,166"
2019-06-28 15:21:00.000000000,BEST_ASK,"JPM,100027,104"
2019-06-28 15:21:00.000000000,LAST_TRADE,"8,$100027.0000"
2019-06-28 15:21:00.000000000,QUERY_SPREAD,89
2019-06-28 15:21:00.000000000,BEST_BID,"JPM,99919,166"
2019-06-28 15:21:00.000000000,BEST_ASK,"JPM,100027,97"
2019-06-28 15:21:00.000000000,LAST_TRADE,"7,$100027.0000"
2019-06-28 15:21:00.000000000,QUERY_SPREAD,90
2019-06-28 15:21:00.000000000,BEST_BID,"JPM,99919,166"
2019-06-28 15:21:00.000000000,BEST_ASK,"JPM,100027,91"
2019-06-28 15:21:00.000000000,LAST_TRADE,"6,$100027.0000"
2019-06-28 15:21:00.000000000,QUERY_SPREAD,91
2019-06-28 15:21:00.000000000,BEST_BID,"JPM,99919,166"
2019-06-28 15:21:00.000000000,BEST_ASK,"JPM,100027,86"
2019-06-28 15:21:00.000000000,LAST_TRADE,"5,$100027.0000"
2019-06-28 15:21:00.000000000,QUERY_SPREAD,92
2019-06-28 15:21:00.000000000,BEST_BID,"JPM,99919,166"
2019-06-28 15:21:00.000000000,BEST_ASK,"JPM,100027,85"
2019-06-28 15:21:00.000000000,LAST_TRADE,"1,$100027.0000"
2019-06-28 15:21:00.000000000,QUERY_SPREAD,93
2019-06-28 15:21:00.000000000,BEST_BID,"JPM,99919,166"
2019-06-28 15:21:00.000000000,BEST_ASK,"JPM,100027,83"
2019-06-28 15:21:00.000000000,LAST_TRADE,"2,$100027.0000"
2019-06-28 15:21:00.000000000,QUERY_SPREAD,94
2019-06-28 15:21:00.000000000,BEST_BID,"JPM,99919,166"
2019-06-28 15:21:00.000000000,BEST_ASK,"JPM,100027,81"
2019-06-28 15:21:00.000000000,LAST_TRADE,"2,$100027.0000"
2019-06-28 15:21:00.000000000,QUERY_SPREAD,95
2019-06-28 15:21:00.000000000,BEST_BID,"JPM,99919,166"
2019-06-28 15:21:00.000000000,BEST_ASK,"JPM,100027,74"
2019-06-28 15:21:00.000000000,LAST_TRADE,"7,$100027.0000"
2019-06-28 15:21:00.000000000,QUERY_SPREAD,96
2019-06-28 15:21:00.000000000,BEST_BID,"JPM,99919,166"
2019-06-28 15:21:00.000000000,BEST_ASK,"JPM,100027,67"
2019-06-28 15:21:00.000000000,LAST_TRADE,"7,$100027.0000"
2019-06-28 15:21:00.000000000,QUERY_SPREAD,97
2019-06-28 15:21:00.000000000,BEST_BID,"JPM,99919,166"
2019-06-28 15:21:00.000000000,BEST_ASK,"JPM,100027,61"
2019-06-28 15:21:00.000000000,LAST_TRADE,"6,$100027.0000"
2019-06-28 15:21:00.000000000,QUERY_SPREAD,98
2019-06-28 15:21:00.000000000,BEST_BID,"JPM,99919,166"
2019-06-28 15:21:00.000000000,BEST_ASK,"JPM,100027,57"
2019-06-28 15:21:00.000000000,LAST_TRADE,"4,$100027.0000"
2019-06-28 15:21:00.000000000,QUERY_SPREAD,99
2019-06-28 15:21:00.000000000,BEST_BID,"JPM,99919,166"
2019-06-28 15:21:00.000000000,BEST_ASK,"JPM,100027,55"
2019-06-28 15:21:00.000000000,LAST_TRADE,"2,$100027.0000"
2019-06-28 15:21:00.000000000,QUERY_SPREAD,100
2019-06-28 15:21:00.000000000,BEST_BID,"JPM,99919,166"
2019-06-28 15:21:00.000000000,BEST_ASK,"JPM,100027,49"
2019-06-28 15:21:00.000000000,LAST_TRADE,"6,$100027.0000"
2019-06-28 15:21:00.000000000,QUERY_SPREAD,101
2019-06-28 15:21:00.000000000,QUERY_ORDER_STREAM,101
2019-06-28 15:21:04.806683000,QUERY_SPREAD,36
2019-06-28 15:21:04.806683000,BEST_BID,"JPM,99919,166"
2019-06-28 15:21:04.806683000,BEST_ASK,"JPM,99927,100"
2019-06-28 15:21:10.000000000,QUERY_SPREAD,1
2019-06-28 15:21:10.000000000,BEST_BID,"JPM,99919,212"
2019-06-28 15:21:10.000000000,BEST_ASK,"JPM,99927,100"
2019-06-28 15:21:10.000000000,BEST_BID,"JPM,99919,212"
2019-06-28 15:21:10.000000000,BEST_ASK,"JPM,99927,100"
2019-06-28 15:21:10.000000000,BEST_BID,"JPM,99919,212"
2019-06-28 15:21:10.000000000,BEST_ASK,"JPM,99927,100"
2019-06-28 15:21:10.000000000,BEST_BID,"JPM,99919,212"
2019-06-28 15:21:10.000000000,BEST_ASK,"JPM,99927,212"
2019-06-28 15:21:10.000000000,BEST_BID,"JPM,99919,212"
2019-06-28 15:21:10.000000000,BEST_ASK,"JPM,99927,212"
2019-06-28 15:21:10.000000000,BEST_BID,"JPM,99919,212"
2019-06-28 15:21:10.000000000,BEST_ASK,"JPM,99927,212"
2019-06-28 15:21:16.154701192,QUERY_ORDER_STREAM,74
2019-06-28 15:21:16.154701192,QUERY_SPREAD,74
2019-06-28 15:21:16.154701192,BEST_BID,"JPM,99919,212"
2019-06-28 15:21:16.154701192,BEST_ASK,"JPM,99927,212"
2019-06-28 15:21:20.000000000,QUERY_SPREAD,1
2019-06-28 15:21:20.000000000,BEST_BID,"JPM,99919,212"
2019-06-28 15:21:20.000000000,BEST_ASK,"JPM,99927,100"
2019-06-28 15:21:20.000000000,BEST_BID,"JPM,99919,212"
2019-06-28 15:21:20.000000000,BEST_ASK,"JPM,99927,100"
2019-06-28 15:21:20.000000000,BEST_BID,"JPM,99919,212"
2019-06-28 15:21:20.000000000,BEST_ASK,"JPM,99927,100"
2019-06-28 15:21:20.000000000,BEST_BID,"JPM,99919,212"
2019-06-28 15:21:20.000000000,BEST_ASK,"JPM,99927,212"
2019-06-28 15:21:20.000000000,BEST_BID,"JPM,99919,212"
2019-06-28 15:21:20.000000000,BEST_ASK,"JPM,99927,212"
2019-06-28 15:21:20.000000000,BEST_BID,"JPM,99919,212"
2019-06-28 15:21:20.000000000,BEST_ASK,"JPM,99927,212"
2019-06-28 15:21:26.268019223,QUERY_SPREAD,10
2019-06-28 15:21:26.268019223,BEST_BID,"JPM,99919,212"
2019-06-28 15:21:26.268019223,BEST_ASK,"JPM,99927,212"
2019-06-28 15:21:30.000000000,QUERY_SPREAD,1
2019-06-28 15:21:30.000000000,BEST_BID,"JPM,99919,212"
2019-06-28 15:21:30.000000000,BEST_ASK,"JPM,99927,100"
2019-06-28 15:21:30.000000000,BEST_BID,"JPM,99919,212"
2019-06-28 15:21:30.000000000,BEST_ASK,"JPM,99927,100"
2019-06-28 15:21:30.000000000,BEST_BID,"JPM,99919,212"
2019-06-28 15:21:30.000000000,BEST_ASK,"JPM,99927,100"
2019-06-28 15:21:30.000000000,BEST_BID,"JPM,99919,212"
2019-06-28 15:21:30.000000000,BEST_ASK,"JPM,99927,212"
2019-06-28 15:21:30.000000000,BEST_BID,"JPM,99919,212"
2019-06-28 15:21:30.000000000,BEST_ASK,"JPM,99927,212"
2019-06-28 15:21:30.000000000,BEST_BID,"JPM,99919,212"
2019-06-28 15:21:30.000000000,BEST_ASK,"JPM,99927,212"
2019-06-28 15:21:40.000000000,QUERY_SPREAD,1
2019-06-28 15:21:40.000000000,BEST_BID,"JPM,99919,182"
2019-06-28 15:21:40.000000000,BEST_ASK,"JPM,99927,100"
2019-06-28 15:21:40.000000000,BEST_BID,"JPM,99919,182"
2019-06-28 15:21:40.000000000,BEST_ASK,"JPM,99927,100"
2019-06-28 15:21:40.000000000,BEST_BID,"JPM,99919,182"
2019-06-28 15:21:40.000000000,BEST_ASK,"JPM,99927,100"
2019-06-28 15:21:40.000000000,BEST_BID,"JPM,99919,182"
2019-06-28 15:21:40.000000000,BEST_ASK,"JPM,99927,100"
2019-06-28 15:21:40.000000000,BEST_BID,"JPM,99919,182"
2019-06-28 15:21:40.000000000,BEST_ASK,"JPM,99927,182"
2019-06-28 15:21:40.000000000,BEST_BID,"JPM,99919,182"
2019-06-28 15:21:40.000000000,BEST_ASK,"JPM,99927,182"
2019-06-28 15:21:40.000000000,BEST_BID,"JPM,99919,182"
2019-06-28 15:21:40.000000000,BEST_ASK,"JPM,99927,182"
2019-06-28 15:21:40.000000000,BEST_BID,"JPM,99919,182"
2019-06-28 15:21:40.000000000,BEST_ASK,"JPM,99927,182"
2019-06-28 15:21:40.338623489,QUERY_SPREAD,8
2019-06-28 15:21:40.338623489,BEST_BID,"JPM,99919,82"
2019-06-28 15:21:40.338623489,BEST_ASK,"JPM,99927,182"
2019-06-28 15:21:40.338623489,LAST_TRADE,"100,$99919.0000"
2019-06-28 15:21:43.826417779,QUERY_SPREAD,17
2019-06-28 15:21:43.826417779,BEST_BID,"JPM,99919,82"
2019-06-28 15:21:43.826417779,BEST_ASK,"JPM,99927,182"
2019-06-28 15:21:50.000000000,QUERY_SPREAD,1
2019-06-28 15:21:50.000000000,BEST_BID,"JPM,99767,166"
2019-06-28 15:21:50.000000000,BEST_ASK,"JPM,99927,100"
2019-06-28 15:21:50.000000000,BEST_BID,"JPM,99767,166"
2019-06-28 15:21:50.000000000,BEST_ASK,"JPM,99927,100"
2019-06-28 15:21:50.000000000,BEST_BID,"JPM,99767,166"
2019-06-28 15:21:50.000000000,BEST_ASK,"JPM,99927,100"
2019-06-28 15:21:50.000000000,BEST_BID,"JPM,99767,166"
2019-06-28 15:21:50.000000000,BEST_ASK,"JPM,99927,100"
2019-06-28 15:21:50.000000000,BEST_BID,"JPM,99767,166"
2019-06-28 15:21:50.000000000,BEST_ASK,"JPM,99927,100"
2019-06-28 15:21:50.000000000,BEST_BID,"JPM,99767,166"
2019-06-28 15:21:50.000000000,BEST_ASK,"JPM,99927,166"
2019-06-28 15:21:50.000000000,BEST_BID,"JPM,99767,166"
2019-06-28 15:21:50.000000000,BEST_ASK,"JPM,99927,166"
2019-06-28 15:21:50.000000000,BEST_BID,"JPM,99767,166"
2019-06-28 15:21:50.000000000,BEST_ASK,"JPM,99927,166"
2019-06-28 15:21:50.000000000,BEST_BID,"JPM,99767,166"
2019-06-28 15:21:50.000000000,BEST_ASK,"JPM,99927,166"
2019-06-28 15:21:50.000000000,BEST_BID,"JPM,99767,166"
2019-06-28 15:21:50.000000000,BEST_ASK,"JPM,99927,166"
2019-06-28 15:22:00.000000000,QUERY_SPREAD,1
2019-06-28 15:22:00.000000000,BEST_BID,"JPM,99767,264"
2019-06-28 15:22:00.000000000,BEST_ASK,"JPM,99927,100"
2019-06-28 15:22:00.000000000,BEST_BID,"JPM,99767,264"
2019-06-28 15:22:00.000000000,BEST_ASK,"JPM,99927,100"
2019-06-28 15:22:00.000000000,BEST_BID,"JPM,99767,264"
2019-06-28 15:22:00.000000000,BEST_ASK,"JPM,99927,264"
2019-06-28 15:22:00.000000000,BEST_BID,"JPM,99767,264"
2019-06-28 15:22:00.000000000,BEST_ASK,"JPM,99927,264"
2019-06-28 15:22:00.000000000,QUERY_SPREAD,77
2019-06-28 15:22:00.000000000,BEST_BID,"JPM,99767,264"
2019-06-28 15:22:00.000000000,BEST_ASK,"JPM,99927,260"
2019-06-28 15:22:00.000000000,LAST_TRADE,"4,$99927.0000"
2019-06-28 15:22:00.000000000,QUERY_SPREAD,78
2019-06-28 15:22:00.000000000,BEST_BID,"JPM,99767,264"
2019-06-28 15:22:00.000000000,BEST_ASK,"JPM,99927,252"
2019-06-28 15:22:00.000000000,LAST_TRADE,"8,$99927.0000"
2019-06-28 15:22:00.000000000,QUERY_SPREAD,79
2019-06-28 15:22:00.000000000,BEST_BID,"JPM,99767,264"
2019-06-28 15:22:00.000000000,BEST_ASK,"JPM,99927,251"
2019-06-28 15:22:00.000000000,LAST_TRADE,"1,$99927.0000"
2019-06-28 15:22:00.000000000,QUERY_SPREAD,80
2019-06-28 15:22:00.000000000,BEST_BID,"JPM,99767,264"
2019-06-28 15:22:00.000000000,BEST_ASK,"JPM,99927,246"
2019-06-28 15:22:00.000000000,LAST_TRADE,"5,$99927.0000"
2019-06-28 15:22:00.000000000,QUERY_SPREAD,81
2019-06-28 15:22:00.000000000,BEST_BID,"JPM,99767,264"
2019-06-28 15:22:00.000000000,BEST_ASK,"JPM,99927,241"
2019-06-28 15:22:00.000000000,LAST_TRADE,"5,$99927.0000"
2019-06-28 15:22:00.000000000,QUERY_SPREAD,82
2019-06-28 15:22:00.000000000,BEST_BID,"JPM,99767,264"
2019-06-28 15:22:00.000000000,BEST_ASK,"JPM,99927,235"
2019-06-28 15:22:00.000000000,LAST_TRADE,"6,$99927.0000"
2019-06-28 15:22:00.000000000,QUERY_SPREAD,83
2019-06-28 15:22:00.000000000,BEST_BID,"JPM,99767,264"
2019-06-28 15:22:00.000000000,BEST_ASK,"JPM,99927,231"
2019-06-28 15:22:00.000000000,LAST_TRADE,"4,$99927.0000"
2019-06-28 15:22:00.000000000,QUERY_SPREAD,84
2019-06-28 15:22:00.000000000,BEST_BID,"JPM,99767,264"
2019-06-28 15:22:00.000000000,BEST_ASK,"JPM,99927,226"
2019-06-28 15:22:00.000000000,LAST_TRADE,"5,$99927.0000"
2019-06-28 15:22:00.000000000,QUERY_SPREAD,85
2019-06-28 15:22:00.000000000,BEST_BID,"JPM,99767,264"
2019-06-28 15:22:00.000000000,BEST_ASK,"JPM,99927,221"
2019-06-28 15:22:00.000000000,LAST_TRADE,"5,$99927.0000"
2019-06-28 15:22:00.000000000,QUERY_SPREAD,86
2019-06-28 15:22:00.000000000,BEST_BID,"JPM,99767,264"
2019-06-28 15:22:00.000000000,BEST_ASK,"JPM,99927,212"
2019-06-28 15:22:00.000000000,LAST_TRADE,"9,$99927.0000"
2019-06-28 15:22:00.000000000,QUERY_SPREAD,87
2019-06-28 15:22:00.000000000,BEST_BID,"JPM,99767,264"
2019-06-28 15:22:00.000000000,BEST_ASK,"JPM,99927,210"
2019-06-28 15:22:00.000000000,LAST_TRADE,"2,$99927.0000"
2019-06-28 15:22:00.000000000,QUERY_SPREAD,88
2019-06-28 15:22:00.000000000,BEST_BID,"JPM,99767,264"
2019-06-28 15:22:00.000000000,BEST_ASK,"JPM,99927,202"
2019-06-28 15:22:00.000000000,LAST_TRADE,"8,$99927.0000"
2019-06-28 15:22:00.000000000,QUERY_SPREAD,89
2019-06-28 15:22:00.000000000,BEST_BID,"JPM,99767,264"
2019-06-28 15:22:00.000000000,BEST_ASK,"JPM,99927,195"
2019-06-28 15:22:00.000000000,LAST_TRADE,"7,$99927.0000"
2019-06-28 15:22:00.000000000,QUERY_SPREAD,90
2019-06-28 15:22:00.000000000,BEST_BID,"JPM,99767,264"
2019-06-28 15:22:00.000000000,BEST_ASK,"JPM,99927,189"
2019-06-28 15:22:00.000000000,LAST_TRADE,"6,$99927.0000"
2019-06-28 15:22:00.000000000,QUERY_SPREAD,91
2019-06-28 15:22:00.000000000,BEST_BID,"JPM,99767,264"
2019-06-28 15:22:00.000000000,BEST_ASK,"JPM,99927,184"
2019-06-28 15:22:00.000000000,LAST_TRADE,"5,$99927.0000"
2019-06-28 15:22:00.000000000,QUERY_SPREAD,92
2019-06-28 15:22:00.000000000,BEST_BID,"JPM,99767,264"
2019-06-28 15:22:00.000000000,BEST_ASK,"JPM,99927,183"
2019-06-28 15:22:00.000000000,LAST_TRADE,"1,$99927.0000"
2019-06-28 15:22:00.000000000,QUERY_SPREAD,93
2019-06-28 15:22:00.000000000,BEST_BID,"JPM,99767,264"
2019-06-28 15:22:00.000000000,BEST_ASK,"JPM,99927,181"
2019-06-28 15:22:00.000000000,LAST_TRADE,"2,$99927.0000"
2019-06-28 15:22:00.000000000,QUERY_SPREAD,94
2019-06-28 15:22:00.000000000,BEST_BID,"JPM,99767,264"
2019-06-28 15:22:00.000000000,BEST_ASK,"JPM,99927,179"
2019-06-28 15:22:00.000000000,LAST_TRADE,"2,$99927.0000"
2019-06-28 15:22:00.000000000,QUERY_SPREAD,95
2019-06-28 15:22:00.000000000,BEST_BID,"JPM,99767,264"
2019-06-28 15:22:00.000000000,BEST_ASK,"JPM,99927,172"
2019-06-28 15:22:00.000000000,LAST_TRADE,"7,$99927.0000"
2019-06-28 15:22:00.000000000,QUERY_SPREAD,96
2019-06-28 15:22:00.000000000,BEST_BID,"JPM,99767,264"
2019-06-28 15:22:00.000000000,BEST_ASK,"JPM,99927,165"
2019-06-28 15:22:00.000000000,LAST_TRADE,"7,$99927.0000"
2019-06-28 15:22:00.000000000,QUERY_SPREAD,97
2019-06-28 15:22:00.000000000,BEST_BID,"JPM,99767,264"
2019-06-28 15:22:00.000000000,BEST_ASK,"JPM,99927,159"
2019-06-28 15:22:00.000000000,LAST_TRADE,"6,$99927.0000"
2019-06-28 15:22:00.000000000,QUERY_SPREAD,98
2019-06-28 15:22:00.000000000,BEST_BID,"JPM,99767,264"
2019-06-28 15:22:00.000000000,BEST_ASK,"JPM,99927,155"
2019-06-28 15:22:00.000000000,LAST_TRADE,"4,$99927.0000"
2019-06-28 15:22:00.000000000,QUERY_SPREAD,99
2019-06-28 15:22:00.000000000,BEST_BID,"JPM,99767,264"
2019-06-28 15:22:00.000000000,BEST_ASK,"JPM,99927,153"
2019-06-28 15:22:00.000000000,LAST_TRADE,"2,$99927.0000"
2019-06-28 15:22:00.000000000,QUERY_SPREAD,100
2019-06-28 15:22:00.000000000,BEST_BID,"JPM,99767,264"
2019-06-28 15:22:00.000000000,BEST_ASK,"JPM,99927,147"
2019-06-28 15:22:00.000000000,LAST_TRADE,"6,$99927.0000"
2019-06-28 15:22:00.000000000,QUERY_SPREAD,101
2019-06-28 15:22:00.000000000,QUERY_ORDER_STREAM,101
2019-06-28 15:22:02.719298673,QUERY_ORDER_STREAM,61
2019-06-28 15:22:02.719298673,QUERY_SPREAD,61
2019-06-28 15:22:02.719298673,BEST_BID,"JPM,99767,264"
2019-06-28 15:22:02.719298673,BEST_ASK,"JPM,99927,47"
2019-06-28 15:22:02.719298673,LAST_TRADE,"100,$99927.0000"
2019-06-28 15:22:04.636429213,QUERY_SPREAD,41
2019-06-28 15:22:04.636429213,BEST_BID,"JPM,99767,164"
2019-06-28 15:22:04.636429213,BEST_ASK,"JPM,99927,47"
2019-06-28 15:22:04.636429213,LAST_TRADE,"100,$99767.0000"
2019-06-28 15:22:10.000000000,QUERY_SPREAD,1
2019-06-28 15:22:10.000000000,BEST_BID,"JPM,99742,428"
2019-06-28 15:22:10.000000000,BEST_ASK,"JPM,100027,100"
2019-06-28 15:22:10.000000000,BEST_BID,"JPM,99742,428"
2019-06-28 15:22:10.000000000,BEST_ASK,"JPM,100027,428"
2019-06-28 15:22:10.274503822,QUERY_SPREAD,2
2019-06-28 15:22:10.274503822,BEST_BID,"JPM,100002,100"
2019-06-28 15:22:10.274503822,BEST_ASK,"JPM,100027,428"
2019-06-28 15:22:17.661103236,QUERY_SPREAD,21
2019-06-28 15:22:17.661103236,BEST_BID,"JPM,100002,100"
2019-06-28 15:22:17.661103236,BEST_ASK,"JPM,100027,428"
2019-06-28 15:22:20.000000000,QUERY_SPREAD,1
2019-06-28 15:22:20.000000000,BEST_BID,"JPM,100002,264"
2019-06-28 15:22:20.000000000,BEST_ASK,"JPM,100027,100"
2019-06-28 15:22:20.000000000,BEST_BID,"JPM,100002,264"
2019-06-28 15:22:20.000000000,BEST_ASK,"JPM,100027,100"
2019-06-28 15:22:20.000000000,BEST_BID,"JPM,100002,264"
2019-06-28 15:22:20.000000000,BEST_ASK,"JPM,100027,264"
2019-06-28 15:22:20.000000000,BEST_BID,"JPM,100002,264"
2019-06-28 15:22:20.000000000,BEST_ASK,"JPM,100027,264"
2019-06-28 15:22:30.000000000,QUERY_SPREAD,1
2019-06-28 15:22:30.000000000,BEST_BID,"JPM,100002,182"
2019-06-28 15:22:30.000000000,BEST_ASK,"JPM,100027,100"
2019-06-28 15:22:30.000000000,BEST_BID,"JPM,100002,182"
2019-06-28 15:22:30.000000000,BEST_ASK,"JPM,100027,100"
2019-06-28 15:22:30.000000000,BEST_BID,"JPM,100002,182"
2019-06-28 15:22:30.000000000,BEST_ASK,"JPM,100027,100"
2019-06-28 15:22:30.000000000,BEST_BID,"JPM,100002,182"
2019-06-28 15:22:30.000000000,BEST_ASK,"JPM,100027,100"
2019-06-28 15:22:30.000000000,BEST_BID,"JPM,100002,182"
2019-06-28 15:22:30.000000000,BEST_ASK,"JPM,100027,182"
2019-06-28 15:22:30.000000000,BEST_BID,"JPM,100002,182"
2019-06-28 15:22:30.000000000,BEST_ASK,"JPM,100027,182"
2019-06-28 15:22:30.000000000,BEST_BID,"JPM,100002,182"
2019-06-28 15:22:30.000000000,BEST_ASK,"JPM,100027,182"
2019-06-28 15:22:30.000000000,BEST_BID,"JPM,100002,182"
2019-06-28 15:22:30.000000000,BEST_ASK,"JPM,100027,182"
2019-06-28 15:22:35.688305469,QUERY_ORDER_STREAM,58
2019-06-28 15:22:35.688305469,QUERY_SPREAD,58
2019-06-28 15:22:35.688305469,BEST_BID,"JPM,100002,82"
2019-06-28 15:22:35.688305469,BEST_ASK,"JPM,100027,182"
2019-06-28 15:22:35.688305469,LAST_TRADE,"100,$100002.0000"
2019-06-28 15:22:37.014833033,QUERY_ORDER_STREAM,76
2019-06-28 15:22:37.014833033,QUERY_SPREAD,76
2019-06-28 15:22:37.014833033,BEST_BID,"JPM,99871,182"
2019-06-28 15:22:37.014833033,BEST_ASK,"JPM,100002,18"
2019-06-28 15:22:37.014833033,LAST_TRADE,"82,$100002.0000"
2019-06-28 15:22:40.000000000,QUERY_SPREAD,1
2019-06-28 15:22:40.000000000,BEST_BID,"JPM,99871,166"
2019-06-28 15:22:40.000000000,BEST_ASK,"JPM,100002,18"
2019-06-28 15:22:40.000000000,BEST_BID,"JPM,99871,166"
2019-06-28 15:22:40.000000000,BEST_ASK,"JPM,100002,18"
2019-06-28 15:22:40.000000000,BEST_BID,"JPM,99871,166"
2019-06-28 15:22:40.000000000,BEST_ASK,"JPM,100002,18"
2019-06-28 15:22:40.000000000,BEST_BID,"JPM,99871,166"
2019-06-28 15:22:40.000000000,BEST_ASK,"JPM,100002,18"
2019-06-28 15:22:40.000000000,BEST_BID,"JPM,99871,166"
2019-06-28 15:22:40.000000000,BEST_ASK,"JPM,100002,18"
2019-06-28 15:22:40.000000000,BEST_BID,"JPM,99871,166"
2019-06-28 15:22:40.000000000,BEST_ASK,"JPM,100002,84"
2019-06-28 15:22:40.000000000,BEST_BID,"JPM,99871,166"
2019-06-28 15:22:40.000000000,BEST_ASK,"JPM,100002,84"
2019-06-28 15:22:40.000000000,BEST_BID,"JPM,99871,166"
2019-06-28 15:22:40.000000000,BEST_ASK,"JPM,100002,84"
2019-06-28 15:22:40.000000000,BEST_BID,"JPM,99871,166"
2019-06-28 15:22:40.000000000,BEST_ASK,"JPM,100002,84"
2019-06-28 15:22:40.000000000,BEST_BID,"JPM,99871,166"
2019-06-28 15:22:40.000000000,BEST_ASK,"JPM,100002,84"
2019-06-28 15:22:50.000000000,QUERY_SPREAD,1
2019-06-28 15:22:50.000000000,BEST_BID,"JPM,99871,428"
2019-06-28 15:22:50.000000000,BEST_ASK,"JPM,100002,18"
2019-06-28 15:22:50.000000000,BEST_BID,"JPM,99871,428"
2019-06-28 15:22:50.000000000,BEST_ASK,"JPM,100002,346"
2019-06-28 15:22:54.381074057,QUERY_SPREAD,29
2019-06-28 15:22:54.381074057,BEST_BID,"JPM,99871,428"
2019-06-28 15:22:54.381074057,BEST_ASK,"JPM,100002,346"
2019-06-28 15:22:57.610600847,QUERY_ORDER_STREAM,69
2019-06-28 15:22:57.610600847,QUERY_SPREAD,69
2019-06-28 15:22:57.610600847,BEST_BID,"JPM,99871,428"
2019-06-28 15:22:57.610600847,BEST_ASK,"JPM,100002,246"
2019-06-28 15:22:57.610600847,LAST_TRADE,"100,$100002.0000"
2019-06-28 15:23:00.000000000,QUERY_SPREAD,1
2019-06-28 15:23:00.000000000,BEST_BID,"JPM,99871,428"
2019-06-28 15:23:00.000000000,BEST_ASK,"JPM,100027,100"
2019-06-28 15:23:00.000000000,BEST_BID,"JPM,99871,428"
2019-06-28 15:23:00.000000000,BEST_ASK,"JPM,100027,428"
2019-06-28 15:23:00.000000000,QUERY_SPREAD,77
2019-06-28 15:23:00.000000000,BEST_BID,"JPM,99871,428"
2019-06-28 15:23:00.000000000,BEST_ASK,"JPM,100027,424"
2019-06-28 15:23:00.000000000,LAST_TRADE,"4,$100027.0000"
2019-06-28 15:23:00.000000000,QUERY_SPREAD,78
2019-06-28 15:23:00.000000000,BEST_BID,"JPM,99871,428"
2019-06-28 15:23:00.000000000,BEST_ASK,"JPM,100027,416"
2019-06-28 15:23:00.000000000,LAST_TRADE,"8,$100027.0000"
2019-06-28 15:23:00.000000000,QUERY_SPREAD,79
2019-06-28 15:23:00.000000000,BEST_BID,"JPM,99871,428"
2019-06-28 15:23:00.000000000,BEST_ASK,"JPM,100027,415"
2019-06-28 15:23:00.000000000,LAST_TRADE,"1,$100027.0000"
2019-06-28 15:23:00.000000000,QUERY_SPREAD,80
2019-06-28 15:23:00.000000000,BEST_BID,"JPM,99871,428"
2019-06-28 15:23:00.000000000,BEST_ASK,"JPM,100027,410"
2019-06-28 15:23:00.000000000,LAST_TRADE,"5,$100027.0000"
2019-06-28 15:23:00.000000000,QUERY_SPREAD,81
2019-06-28 15:23:00.000000000,BEST_BID,"JPM,99871,428"
2019-06-28 15:23:00.000000000,BEST_ASK,"JPM,100027,405"
2019-06-28 15:23:00.000000000,LAST_TRADE,"5,$100027.0000"
2019-06-28 15:23:00.000000000,QUERY_SPREAD,82
2019-06-28 15:23:00.000000000,BEST_BID,"JPM,99871,428"
2019-06-28 15:23:00.000000000,BEST_ASK,"JPM,100027,399"
2019-06-28 15:23:00.000000000,LAST_TRADE,"6,$100027.0000"
2019-06-28 15:23:00.000000000,QUERY_SPREAD,83
2019-06-28 15:23:00.000000000,BEST_BID,"JPM,99871,428"
2019-06-28 15:23:00.000000000,BEST_ASK,"JPM,100027,395"
2019-06-28 15:23:00.000000000,LAST_TRADE,"4,$100027.0000"
2019-06-28 15:23:00.000000000,QUERY_SPREAD,84
2019-06-28 15:23:00.000000000,BEST_BID,"JPM,99871,428"
2019-06-28 15:23:00.000000000,BEST_ASK,"JPM,100027,390"
2019-06-28 15:23:00.000000000,LAST_TRADE,"5,$100027.0000"
2019-06-28 15:23:00.000000000,QUERY_SPREAD,85
2019-06-28 15:23:00.000000000,BEST_BID,"JPM,99871,428"
2019-06-28 15:23:00.000000000,BEST_ASK,"JPM,100027,385"
2019-06-28 15:23:00.000000000,LAST_TRADE,"5,$100027.0000"
2019-06-28 15:23:00.000000000,QUERY_SPREAD,86
2019-06-28 15:23:00.000000000,BEST_BID,"JPM,99871,428"
2019-06-28 15:23:00.000000000,BEST_ASK,"JPM,100027,376"
2019-06-28 15:23:00.000000000,LAST_TRADE,"9,$100027.0000"
2019-06-28 15:23:00.000000000,QUERY_SPREAD,87
2019-06-28 15:23:00.000000000,BEST_BID,"JPM,99871,428"
2019-06-28 15:23:00.000000000,BEST_ASK,"JPM,100027,374"
2019-06-28 15:23:00.000000000,LAST_TRADE,"2,$100027.0000"
2019-06-28 15:23:00.000000000,QUERY_SPREAD,88
2019-06-28 15:23:00.000000000,BEST_BID,"JPM,99871,428"
2019-06-28 15:23:00.000000000,BEST_ASK,"JPM,100027,366"
2019-06-28 15:23:00.000000000,LAST_TRADE,"8,$100027.0000"
2019-06-28 15:23:00.000000000,QUERY_SPREAD,89
2019-06-28 15:23:00.000000000,BEST_BID,"JPM,99871,428"
2019-06-28 15:23:00.000000000,BEST_ASK,"JPM,100027,359"
2019-06-28 15:23:00.000000000,LAST_TRADE,"7,$100027.0000"
2019-06-28 15:23:00.000000000,QUERY_SPREAD,90
2019-06-28 15:23:00.000000000,BEST_BID,"JPM,99871,428"
2019-06-28 15:23:00.000000000,BEST_ASK,"JPM,100027,353"
2019-06-28 15:23:00.000000000,LAST_TRADE,"6,$100027.0000"
2019-06-28 15:23:00.000000000,QUERY_SPREAD,91
2019-06-28 15:23:00.000000000,BEST_BID,"JPM,99871,428"
2019-06-28 15:23:00.000000000,BEST_ASK,"JPM,100027,348"
2019-06-28 15:23:00.000000000,LAST_TRADE,"5,$100027.0000"
2019-06-28 15:23:00.000000000,QUERY_SPREAD,92
2019-06-28 15:23:00.000000000,BEST_BID,"JPM,99871,428"
2019-06-28 15:23:00.000000000,BEST_ASK,"JPM,100027,347"
2019-06-28 15:23:00.000000000,LAST_TRADE,"1,$100027.0000"
2019-06-28 15:23:00.000000000,QUERY_SPREAD,93
2019-06-28 15:23:00.000000000,BEST_BID,"JPM,99871,428"
2019-06-28 15:23:00.000000000,BEST_ASK,"JPM,100027,345"
2019-06-28 15:23:00.000000000,LAST_TRADE,"2,$100027.0000"
2019-06-28 15:23:00.000000000,QUERY_SPREAD,94
2019-06-28 15:23:00.000000000,BEST_BID,"JPM,99871,428"
2019-06-28 15:23:00.000000000,BEST_ASK,"JPM,100027,343"
2019-06-28 15:23:00.000000000,LAST_TRADE,"2,$100027.0000"
2019-06-28 15:23:00.000000000,QUERY_SPREAD,95
2019-06-28 15:23:00.000000000,BEST_BID,"JPM,99871,428"
2019-06-28 15:23:00.000000000,BEST_ASK,"JPM,100027,336"
2019-06-28 15:23:00.000000000,LAST_TRADE,"7,$100027.0000"
2019-06-28 15:23:00.000000000,QUERY_SPREAD,96
2019-06-28 15:23:00.000000000,BEST_BID,"JPM,99871,428"
2019-06-28 15:23:00.000000000,BEST_ASK,"JPM,100027,329"
2019-06-28 15:23:00.000000000,LAST_TRADE,"7,$100027.0000"
2019-06-28 15:23:00.000000000,QUERY_SPREAD,97
2019-06-28 15:23:00.000000000,BEST_BID,"JPM,99871,428"
2019-06-28 15:23:00.000000000,BEST_ASK,"JPM,100027,323"
2019-06-28 15:23:00.000000000,LAST_TRADE,"6,$100027.0000"
2019-06-28 15:23:00.000000000,QUERY_SPREAD,98
2019-06-28 15:23:00.000000000,BEST_BID,"JPM,99871,428"
2019-06-28 15:23:00.000000000,BEST_ASK,"JPM,100027,319"
2019-06-28 15:23:00.000000000,LAST_TRADE,"4,$100027.0000"
2019-06-28 15:23:00.000000000,QUERY_SPREAD,99
2019-06-28 15:23:00.000000000,BEST_BID,"JPM,99871,428"
2019-06-28 15:23:00.000000000,BEST_ASK,"JPM,100027,317"
2019-06-28 15:23:00.000000000,LAST_TRADE,"2,$100027.0000"
2019-06-28 15:23:00.000000000,QUERY_SPREAD,100
2019-06-28 15:23:00.000000000,BEST_BID,"JPM,99871,428"
2019-06-28 15:23:00.000000000,BEST_ASK,"JPM,100027,311"
2019-06-28 15:23:00.000000000,LAST_TRADE,"6,$100027.0000"
2019-06-28 15:23:00.000000000,QUERY_SPREAD,101
2019-06-28 15:23:00.000000000,QUERY_ORDER_STREAM,101
2019-06-28 15:23:10.000000000,QUERY_SPREAD,1
2019-06-28 15:23:10.000000000,BEST_BID,"JPM,99871,428"
2019-06-28 15:23:10.000000000,BEST_ASK,"JPM,100083,100"
2019-06-28 15:23:10.000000000,BEST_BID,"JPM,99871,428"
2019-06-28 15:23:10.000000000,BEST_ASK,"JPM,100083,428"
2019-06-28 15:23:20.000000000,QUERY_SPREAD,1
2019-06-28 15:23:20.000000000,BEST_BID,"JPM,99871,428"
2019-06-28 15:23:20.000000000,BEST_ASK,"JPM,100083,100"
2019-06-28 15:23:20.000000000,BEST_BID,"JPM,99871,428"
2019-06-28 15:23:20.000000000,BEST_ASK,"JPM,100083,428"
2019-06-28 15:23:30.000000000,QUERY_SPREAD,1
2019-06-28 15:23:30.000000000,BEST_BID,"JPM,99871,428"
2019-06-28 15:23:30.000000000,BEST_ASK,"JPM,100083,100"
2019-06-28 15:23:30.000000000,BEST_BID,"JPM,99871,428"
2019-06-28 15:23:30.000000000,BEST_ASK,"JPM,100083,428"
2019-06-28 15:23:40.000000000,QUERY_SPREAD,1
2019-06-28 15:23:40.000000000,BEST_BID,"JPM,99871,264"
2019-06-28 15:23:40.000000000,BEST_ASK,"JPM,100083,100"
2019-06-28 15:23:40.000000000,BEST_BID,"JPM,99871,264"
2019-06-28 15:23:40.000000000,BEST_ASK,"JPM,100083,100"
2019-06-28 15:23:40.000000000,BEST_BID,"JPM,99871,264"
2019-06-28 15:23:40.000000000,BEST_ASK,"JPM,100083,264"
2019-06-28 15:23:40.000000000,BEST_BID,"JPM,99871,264"
2019-06-28 15:23:40.000000000,BEST_ASK,"JPM,100083,264"
2019-06-28 15:23:50.000000000,QUERY_SPREAD,1
2019-06-28 15:23:50.000000000,BEST_BID,"JPM,99871,212"
2019-06-28 15:23:50.000000000,BEST_ASK,"JPM,100083,100"
2019-06-28 15:23:50.000000000,BEST_BID,"JPM,99871,212"
2019-06-28 15:23:50.000000000,BEST_ASK,"JPM,100083,100"
2019-06-28 15:23:50.000000000,BEST_BID,"JPM,99871,212"
2019-06-28 15:23:50.000000000,BEST_ASK,"JPM,100083,100"
2019-06-28 15:23:50.000000000,BEST_BID,"JPM,99871,212"
2019-06-28 15:23:50.000000000,BEST_ASK,"JPM,100083,212"
2019-06-28 15:23:50.000000000,BEST_BID,"JPM,99871,212"
2019-06-28 15:23:50.000000000,BEST_ASK,"JPM,100083,212"
2019-06-28 15:23:50.000000000,BEST_BID,"JPM,99871,212"
2019-06-28 15:23:50.000000000,BEST_ASK,"JPM,100083,212"
2019-06-28 15:24:00.000000000,QUERY_SPREAD,1
2019-06-28 15:24:00.000000000,BEST_BID,"JPM,99871,166"
2019-06-28 15:24:00.000000000,BEST_ASK,"JPM,100083,100"
2019-06-28 15:24:00.000000000,BEST_BID,"JPM,99871,166"
2019-06-28 15:24:00.000000000,BEST_ASK,"JPM,100083,100"
2019-06-28 15:24:00.000000000,BEST_BID,"JPM,99871,166"
2019-06-28 15:24:00.000000000,BEST_ASK,"JPM,100083,100"
2019-06-28 15:24:00.000000000,BEST_BID,"JPM,99871,166"
2019-06-28 15:24:00.000000000,BEST_ASK,"JPM,100083,100"
2019-06-28 15:24:00.000000000,BEST_BID,"JPM,99871,166"
2019-06-28 15:24:00.000000000,BEST_ASK,"JPM,100083,100"
2019-06-28 15:24:00.000000000,BEST_BID,"JPM,99871,166"
2019-06-28 15:24:00.000000000,BEST_ASK,"JPM,100083,166"
2019-06-28 15:24:00.000000000,BEST_BID,"JPM,99871,166"
2019-06-28 15:24:00.000000000,BEST_ASK,"JPM,100083,166"
2019-06-28 15:24:00.000000000,BEST_BID,"JPM,99871,166"
2019-06-28 15:24:00.000000000,BEST_ASK,"JPM,100083,166"
2019-06-28 15:24:00.000000000,BEST_BID,"JPM,99871,166"
2019-06-28 15:24:00.000000000,BEST_ASK,"JPM,100083,166"
2019-06-28 15:24:00.000000000,BEST_BID,"JPM,99871,166"
2019-06-28 15:24:00.000000000,BEST_ASK,"JPM,100083,166"
2019-06-28 15:24:00.000000000,QUERY_SPREAD,77
2019-06-28 15:24:00.000000000,BEST_BID,"JPM,99871,166"
2019-06-28 15:24:00.000000000,BEST_ASK,"JPM,100083,162"
2019-06-28 15:24:00.000000000,LAST_TRADE,"4,$100083.0000"
2019-06-28 15:24:00.000000000,QUERY_SPREAD,78
2019-06-28 15:24:00.000000000,BEST_BID,"JPM,99871,166"
2019-06-28 15:24:00.000000000,BEST_ASK,"JPM,100083,154"
2019-06-28 15:24:00.000000000,LAST_TRADE,"8,$100083.0000"
2019-06-28 15:24:00.000000000,QUERY_SPREAD,79
2019-06-28 15:24:00.000000000,BEST_BID,"JPM,99871,166"
2019-06-28 15:24:00.000000000,BEST_ASK,"JPM,100083,153"
2019-06-28 15:24:00.000000000,LAST_TRADE,"1,$100083.0000"
2019-06-28 15:24:00.000000000,QUERY_SPREAD,80
2019-06-28 15:24:00.000000000,BEST_BID,"JPM,99871,166"
2019-06-28 15:24:00.000000000,BEST_ASK,"JPM,100083,148"
2019-06-28 15:24:00.000000000,LAST_TRADE,"5,$100083.0000"
2019-06-28 15:24:00.000000000,QUERY_SPREAD,81
2019-06-28 15:24:00.000000000,BEST_BID,"JPM,99871,166"
2019-06-28 15:24:00.000000000,BEST_ASK,"JPM,100083,143"
2019-06-28 15:24:00.000000000,LAST_TRADE,"5,$100083.0000"
2019-06-28 15:24:00.000000000,QUERY_SPREAD,82
2019-06-28 15:24:00.000000000,BEST_BID,"JPM,99871,166"
2019-06-28 15:24:00.000000000,BEST_ASK,"JPM,100083,137"
2019-06-28 15:24:00.000000000,LAST_TRADE,"6,$100083.0000"
2019-06-28 15:24:00.000000000,QUERY_SPREAD,83
2019-06-28 15:24:00.000000000,BEST_BID,"JPM,99871,166"
2019-06-28 15:24:00.000000000,BEST_ASK,"JPM,100083,133"
2019-06-28 15:24:00.000000000,LAST_TRADE,"4,$100083.0000"
2019-06-28 15:24:00.000000000,QUERY_SPREAD,84
2019-06-28 15:24:00.000000000,BEST_BID,"JPM,99871,166"
2019-06-28 15:24:00.000000000,BEST_ASK,"JPM,100083,128"
2019-06-28 15:24:00.000000000,LAST_TRADE,"5,$100083.0000"
2019-06-28 15:24:00.000000000,QUERY_SPREAD,85
2019-06-28 15:24:00.000000000,BEST_BID,"JPM,99871,166"
2019-06-28 15:24:00.000000000,BEST_ASK,"JPM,100083,123"
2019-06-28 15:24:00.000000000,LAST_TRADE,"5,$100083.0000"
2019-06-28 15:24:00.000000000,QUERY_SPREAD,86
2019-06-28 15:24:00.000000000,BEST_BID,"JPM,99871,166"
2019-06-28 15:24:00.000000000,BEST_ASK,"JPM,100083,114"
2019-06-28 15:24:00.000000000,LAST_TRADE,"9,$100083.0000"
2019-06-28 15:24:00.000000000,QUERY_SPREAD,87
2019-06-28 15:24:00.000000000,BEST_BID,"JPM,99871,166"
2019-06-28 15:24:00.000000000,BEST_ASK,"JPM,100083,112"
2019-06-28 15:24:00.000000000,LAST_TRADE,"2,$100083.0000"
2019-06-28 15:24:00.000000000,QUERY_SPREAD,88
2019-06-28 15:24:00.000000000,BEST_BID,"JPM,99871,166"
2019-06-28 15:24:00.000000000,BEST_ASK,"JPM,100083,104"
2019-06-28 15:24:00.000000000,LAST_TRADE,"8,$100083.0000"
2019-06-28 15:24:00.000000000,QUERY_SPREAD,89
2019-06-28 15:24:00.000000000,BEST_BID,"JPM,99871,166"
2019-06-28 15:24:00.000000000,BEST_ASK,"JPM,100083,97"
2019-06-28 15:24:00.000000000,LAST_TRADE,"7,$100083.0000"
2019-06-28 15:24:00.000000000,QUERY_SPREAD,90
2019-06-28 15:24:00.000000000,BEST_BID,"JPM,99871,166"
2019-06-28 15:24:00.000000000,BEST_ASK,"JPM,100083,91"
2019-06-28 15:24:00.000000000,LAST_TRADE,"6,$100083.0000"
2019-06-28 15:24:00.000000000,QUERY_SPREAD,91
2019-06-28 15:24:00.000000000,BEST_BID,"JPM,99871,166"
2019-06-28 15:24:00.000000000,BEST_ASK,"JPM,100083,86"
2019-06-28 15:24:00.000000000,LAST_TRADE,"5,$100083.0000"
2019-06-28 15:24:00.000000000,QUERY_SPREAD,92
2019-06-28 15:24:00.000000000,BEST_BID,"JPM,99871,166"
2019-06-28 15:24:00.000000000,BEST_ASK,"JPM,100083,85"
2019-06-28 15:24:00.000000000,LAST_TRADE,"1,$100083.0000"
2019-06-28 15:24:00.000000000,QUERY_SPREAD,93
2019-06-28 15:24:00.000000000,BEST_BID,"JPM,99871,166"
2019-06-28 15:24:00.000000000,BEST_ASK,"JPM,100083,83"
2019-06-28 15:24:00.000000000,LAST_TRADE,"2,$100083.0000"
2019-06-28 15:24:00.000000000,QUERY_SPREAD,94
2019-06-28 15:24:00.000000000,BEST_BID,"JPM,99871,166"
2019-06-28 15:24:00.000000000,BEST_ASK,"JPM,100083,81"
2019-06-28 15:24:00.000000000,LAST_TRADE,"2,$100083.0000"
2019-06-28 15:24:00.000000000,QUERY_SPREAD,95
2019-06-28 15:24:00.000000000,BEST_BID,"JPM,99871,166"
2019-06-28 15:24:00.000000000,BEST_ASK,"JPM,100083,74"
2019-06-28 15:24:00.000000000,LAST_TRADE,"7,$100083.0000"
2019-06-28 15:24:00.000000000,QUERY_SPREAD,96
2019-06-28 15:24:00.000000000,BEST_BID,"JPM,99871,166"
2019-06-28 15:24:00.000000000,BEST_ASK,"JPM,100083,67"
2019-06-28 15:24:00.000000000,LAST_TRADE,"7,$100083.0000"
2019-06-28 15:24:00.000000000,QUERY_SPREAD,97
2019-06-28 15:24:00.000000000,BEST_BID,"JPM,99871,166"
2019-06-28 15:24:00.000000000,BEST_ASK,"JPM,100083,61"
2019-06-28 15:24:00.000000000,LAST_TRADE,"6,$100083.0000"
2019-06-28 15:24:00.000000000,QUERY_SPREAD,98
2019-06-28 15:24:00.000000000,BEST_BID,"JPM,99871,166"
2019-06-28 15:24:00.000000000,BEST_ASK,"JPM,100083,57"
2019-06-28 15:24:00.000000000,LAST_TRADE,"4,$100083.0000"
2019-06-28 15:24:00.000000000,QUERY_SPREAD,99
2019-06-28 15:24:00.000000000,BEST_BID,"JPM,99871,166"
2019-06-28 15:24:00.000000000,BEST_ASK,"JPM,100083,55"
2019-06-28 15:24:00.000000000,LAST_TRADE,"2,$100083.0000"
2019-06-28 15:24:00.000000000,QUERY_SPREAD,100
2019-06-28 15:24:00.000000000,BEST_BID,"JPM,99871,166"
2019-06-28 15:24:00.000000000,BEST_ASK,"JPM,100083,49"
2019-06-28 15:24:00.000000000,LAST_TRADE,"6,$100083.0000"
2019-06-28 15:24:00.000000000,QUERY_SPREAD,101
2019-06-28 15:24:00.000000000,QUERY_ORDER_STREAM,101
2019-06-28 15:24:10.000000000,QUERY_SPREAD,1
2019-06-28 15:24:10.000000000,BEST_BID,"JPM,99871,212"
2019-06-28 15:24:10.000000000,BEST_ASK,"JPM,100102,100"
2019-06-28 15:24:10.000000000,BEST_BID,"JPM,99871,212"
2019-06-28 15:24:10.000000000,BEST_ASK,"JPM,100102,100"
2019-06-28 15:24:10.000000000,BEST_BID,"JPM,99871,212"
2019-06-28 15:24:10.000000000,BEST_ASK,"JPM,100102,100"
2019-06-28 15:24:10.000000000,BEST_BID,"JPM,99871,212"
2019-06-28 15:24:10.000000000,BEST_ASK,"JPM,100102,212"
2019-06-28 15:24:10.000000000,BEST_BID,"JPM,99871,212"
2019-06-28 15:24:10.000000000,BEST_ASK,"JPM,100102,212"
2019-06-28 15:24:10.000000000,BEST_BID,"JPM,99871,212"
2019-06-28 15:24:10.000000000,BEST_ASK,"JPM,100102,212"
2019-06-28 15:24:20.000000000,QUERY_SPREAD,1
2019-06-28 15:24:20.000000000,BEST_BID,"JPM,99871,166"
2019-06-28 15:24:20.000000000,BEST_ASK,"JPM,100102,100"
2019-06-28 15:24:20.000000000,BEST_BID,"JPM,99871,166"
2019-06-28 15:24:20.000000000,BEST_ASK,"JPM,100102,100"
2019-06-28 15:24:20.000000000,BEST_BID,"JPM,99871,166"
2019-06-28 15:24:20.000000000,BEST_ASK,"JPM,100102,100"
2019-06-28 15:24:20.000000000,BEST_BID,"JPM,99871,166"
2019-06-28 15:24:20.000000000,BEST_ASK,"JPM,100102,100"
2019-06-28 15:24:20.000000000,BEST_BID,"JPM,99871,166"
2019-06-28 15:24:20.000000000,BEST_ASK,"JPM,100102,100"
2019-06-28 15:24:20.000000000,BEST_BID,"JPM,99871,166"
2019-06-28 15:24:20.000000000,BEST_ASK,"JPM,100102,166"
2019-06-28 15:24:20.000000000,BEST_BID,"JPM,99871,166"
2019-06-28 15:24:20.000000000,BEST_ASK,"JPM,100102,166"
2019-06-28 15:24:20.000000000,BEST_BID,"JPM,99871,166"
2019-06-28 15:24:20.000000000,BEST_ASK,"JPM,100102,166"
2019-06-28 15:24:20.000000000,BEST_BID,"JPM,99871,166"
2019-06-28 15:24:20.000000000,BEST_ASK,"JPM,100102,166"
2019-06-28 15:24:20.000000000,BEST_BID,"JPM,99871,166"
2019-06-28 15:24:20.000000000,BEST_ASK,"JPM,100102,166"
2019-06-28 15:24:25.215510917,QUERY_SPREAD,51
2019-06-28 15:24:25.215510917,BEST_BID,"JPM,99871,66"
2019-06-28 15:24:25.215510917,BEST_ASK,"JPM,100102,166"
2019-06-28 15:24:25.215510917,LAST_TRADE,"100,$99871.0000"
2019-06-28 15:24:30.000000000,QUERY_SPREAD,1
2019-06-28 15:24:30.000000000,BEST_BID,"JPM,99742,428"
2019-06-28 15:24:30.000000000,BEST_ASK,"JPM,100102,100"
2019-06-28 15:24:30.000000000,BEST_BID,"JPM,99742,428"
2019-06-28 15:24:30.000000000,BEST_ASK,"JPM,100102,428"
2019-06-28 15:24:40.000000000,QUERY_SPREAD,1
2019-06-28 15:24:40.000000000,BEST_BID,"JPM,99742,182"
2019-06-28 15:24:40.000000000,BEST_ASK,"JPM,100102,100"
2019-06-28 15:24:40.000000000,BEST_BID,"JPM,99742,182"
2019-06-28 15:24:40.000000000,BEST_ASK,"JPM,100102,100"
2019-06-28 15:24:40.000000000,BEST_BID,"JPM,99742,182"
2019-06-28 15:24:40.000000000,BEST_ASK,"JPM,100102,100"
2019-06-28 15:24:40.000000000,BEST_BID,"JPM,99742,182"
2019-06-28 15:24:40.000000000,BEST_ASK,"JPM,100102,100"
2019-06-28 15:24:40.000000000,BEST_BID,"JPM,99742,182"
2019-06-28 15:24:40.000000000,BEST_ASK,"JPM,100102,182"
2019-06-28 15:24:40.000000000,BEST_BID,"JPM,99742,182"
2019-06-28 15:24:40.000000000,BEST_ASK,"JPM,100102,182"
2019-06-28 15:24:40.000000000,BEST_BID,"JPM,99742,182"
2019-06-28 15:24:40.000000000,BEST_ASK,"JPM,100102,182"
2019-06-28 15:24:40.000000000,BEST_BID,"JPM,99742,182"
2019-06-28 15:24:40.000000000,BEST_ASK,"JPM,100102,182"
2019-06-28 15:24:50.000000000,QUERY_SPREAD,1
2019-06-28 15:24:50.000000000,BEST_BID,"JPM,99742,212"
2019-06-28 15:24:50.000000000,BEST_ASK,"JPM,100102,100"
2019-06-28 15:24:50.000000000,BEST_BID,"JPM,99742,212"
2019-06-28 15:24:50.000000000,BEST_ASK,"JPM,100102,100"
2019-06-28 15:24:50.000000000,BEST_BID,"JPM,99742,212"
2019-06-28 15:24:50.000000000,BEST_ASK,"JPM,100102,100"
2019-06-28 15:24:50.000000000,BEST_BID,"JPM,99742,212"
2019-06-28 15:24:50.000000000,BEST_ASK,"JPM,100102,212"
2019-06-28 15:24:50.000000000,BEST_BID,"JPM,99742,212"
2019-06-28 15:24:50.000000000,BEST_ASK,"JPM,100102,212"
2019-06-28 15:24:50.000000000,BEST_BID,"JPM,99742,212"
2019-06-28 15:24:50.000000000,BEST_ASK,"JPM,100102,212"
2019-06-28 15:25:00.000000000,QUERY_SPREAD,1
2019-06-28 15:25:00.000000000,BEST_BID,"JPM,99742,182"
2019-06-28 15:25:00.000000000,BEST_ASK,"JPM,100102,100"
2019-06-28 15:25:00.000000000,BEST_BID,"JPM,99742,182"
2019-06-28 15:25:00.000000000,BEST_ASK,"JPM,100102,100"
2019-06-28 15:25:00.000000000,BEST_BID,"JPM,99742,182"
2019-06-28 15:25:00.000000000,BEST_ASK,"JPM,100102,100"
2019-06-28 15:25:00.000000000,BEST_BID,"JPM,99742,182"
2019-06-28 15:25:00.000000000,BEST_ASK,"JPM,100102,100"
2019-06-28 15:25:00.000000000,BEST_BID,"JPM,99742,182"
2019-06-28 15:25:00.000000000,BEST_ASK,"JPM,100102,182"
2019-06-28 15:25:00.000000000,BEST_BID,"JPM,99742,182"
2019-06-28 15:25:00.000000000,BEST_ASK,"JPM,100102,182"
2019-06-28 15:25:00.000000000,BEST_BID,"JPM,99742,182"
2019-06-28 15:25:00.000000000,BEST_ASK,"JPM,100102,182"
2019-06-28 15:25:00.000000000,BEST_BID,"JPM,99742,182"
2019-06-28 15:25:00.000000000,BEST_ASK,"JPM,100102,182"
2019-06-28 15:25:00.000000000,QUERY_SPREAD,77
2019-06-28 15:25:00.000000000,BEST_BID,"JPM,99742,182"
2019-06-28 15:25:00.000000000,BEST_ASK,"JPM,100102,178"
2019-06-28 15:25:00.000000000,LAST_TRADE,"4,$100102.0000"
2019-06-28 15:25:00.000000000,QUERY_SPREAD,78
2019-06-28 15:25:00.000000000,BEST_BID,"JPM,99742,182"
2019-06-28 15:25:00.000000000,BEST_ASK,"JPM,100102,170"
2019-06-28 15:25:00.000000000,LAST_TRADE,"8,$100102.0000"
2019-06-28 15:25:00.000000000,QUERY_SPREAD,79
2019-06-28 15:25:00.000000000,BEST_BID,"JPM,99742,182"
2019-06-28 15:25:00.000000000,BEST_ASK,"JPM,100102,169"
2019-06-28 15:25:00.000000000,LAST_TRADE,"1,$100102.0000"
2019-06-28 15:25:00.000000000,QUERY_SPREAD,80
2019-06-28 15:25:00.000000000,BEST_BID,"JPM,99742,182"
2019-06-28 15:25:00.000000000,BEST_ASK,"JPM,100102,164"
2019-06-28 15:25:00.000000000,LAST_TRADE,"5,$100102.0000"
2019-06-28 15:25:00.000000000,QUERY_SPREAD,81
2019-06-28 15:25:00.000000000,BEST_BID,"JPM,99742,182"
2019-06-28 15:25:00.000000000,BEST_ASK,"JPM,100102,159"
2019-06-28 15:25:00.000000000,LAST_TRADE,"5,$100102.0000"
2019-06-28 15:25:00.000000000,QUERY_SPREAD,82
2019-06-28 15:25:00.000000000,BEST_BID,"JPM,99742,182"
2019-06-28 15:25:00.000000000,BEST_ASK,"JPM,100102,153"
2019-06-28 15:25:00.000000000,LAST_TRADE,"6,$100102.0000"
2019-06-28 15:25:00.000000000,QUERY_SPREAD,83
2019-06-28 15:25:00.000000000,BEST_BID,"JPM,99742,182"
2019-06-28 15:25:00.000000000,BEST_ASK,"JPM,100102,149"
2019-06-28 15:25:00.000000000,LAST_TRADE,"4,$100102.0000"
2019-06-28 15:25:00.000000000,QUERY_SPREAD,84
2019-06-28 15:25:00.000000000,BEST_BID,"JPM,99742,182"
2019-06-28 15:25:00.000000000,BEST_ASK,"JPM,100102,144"
2019-06-28 15:25:00.000000000,LAST_TRADE,"5,$100102.0000"
2019-06-28 15:25:00.000000000,QUERY_SPREAD,85
2019-06-28 15:25:00.000000000,BEST_BID,"JPM,99742,182"
2019-06-28 15:25:00.000000000,BEST_ASK,"JPM,100102,139"
2019-06-28 15:25:00.000000000,LAST_TRADE,"5,$100102.0000"
2019-06-28 15:25:00.000000000,QUERY_SPREAD,86
2019-06-28 15:25:00.000000000,BEST_BID,"JPM,99742,182"
2019-06-28 15:25:00.000000000,BEST_ASK,"JPM,100102,130"
2019-06-28 15:25:00.000000000,LAST_TRADE,"9,$100102.0000"
2019-06-28 15:25:00.000000000,QUERY_SPREAD,87
2019-06-28 15:25:00.000000000,BEST_BID,"JPM,99742,182"
2019-06-28 15:25:00.000000000,BEST_ASK,"JPM,100102,128"
2019-06-28 15:25:00.000000000,LAST_TRADE,"2,$100102.0000"
2019-06-28 15:25:00.000000000,QUERY_SPREAD,88
2019-06-28 15:25:00.000000000,BEST_BID,"JPM,99742,182"
2019-06-28 15:25:00.000000000,BEST_ASK,"JPM,100102,120"
2019-06-28 15:25:00.000000000,LAST_TRADE,"8,$100102.0000"
2019-06-28 15:25:00.000000000,QUERY_SPREAD,89
2019-06-28 15:25:00.000000000,BEST_BID,"JPM,99742,182"
2019-06-28 15:25:00.000000000,BEST_ASK,"JPM,100102,113"
2019-06-28 15:25:00.000000000,LAST_TRADE,"7,$100102.0000"
2019-06-28 15:25:00.000000000,QUERY_SPREAD,90
2019-06-28 15:25:00.000000000,BEST_BID,"JPM,99742,182"
2019-06-28 15:25:00.000000000,BEST_ASK,"JPM,100102,107"
2019-06-28 15:25:00.000000000,LAST_TRADE,"6,$100102.0000"
2019-06-28 15:25:00.000000000,QUERY_SPREAD,91
2019-06-28 15:25:00.000000000,BEST_BID,"JPM,99742,182"
2019-06-28 15:25:00.000000000,BEST_ASK,"JPM,100102,102"
2019-06-28 15:25:00.000000000,LAST_TRADE,"5,$100102.0000"
2019-06-28 15:25:00.000000000,QUERY_SPREAD,92
2019-06-28 15:25:00.000000000,BEST_BID,"JPM,99742,182"
2019-06-28 15:25:00.000000000,BEST_ASK,"JPM,100102,101"
2019-06-28 15:25:00.000000000,LAST_TRADE,"1,$100102.0000"
2019-06-28 15:25:00.000000000,QUERY_SPREAD,93
2019-06-28 15:25:00.000000000,BEST_BID,"JPM,99742,182"
2019-06-28 15:25:00.000000000,BEST_ASK,"JPM,100102,99"
2019-06-28 15:25:00.000000000,LAST_TRADE,"2,$100102.0000"
2019-06-28 15:25:00.000000000,QUERY_SPREAD,94
2019-06-28 15:25:00.000000000,BEST_BID,"JPM,99742,182"
2019-06-28 15:25:00.000000000,BEST_ASK,"JPM,100102,97"
2019-06-28 15:25:00.000000000,LAST_TRADE,"2,$100102.0000"
2019-06-28 15:25:00.000000000,QUERY_SPREAD,95
2019-06-28 15:25:00.000000000,BEST_BID,"JPM,99742,182"
2019-06-28 15:25:00.000000000,BEST_ASK,"JPM,100102,90"
2019-06-28 15:25:00.000000000,LAST_TRADE,"7,$100102.0000"
2019-06-28 15:25:00.000000000,QUERY_SPREAD,96
2019-06-28 15:25:00.000000000,BEST_BID,"JPM,99742,182"
2019-06-28 15:25:00.000000000,BEST_ASK,"JPM,100102,83"
2019-06-28 15:25:00.000000000,LAST_TRADE,"7,$100102.0000"
2019-06-28 15:25:00.000000000,QUERY_SPREAD,97
2019-06-28 15:25:00.000000000,BEST_BID,"JPM,99742,182"
2019-06-28 15:25:00.000000000,BEST_ASK,"JPM,100102,77"
2019-06-28 15:25:00.000000000,LAST_TRADE,"6,$100102.0000"
2019-06-28 15:25:00.000000000,QUERY_SPREAD,98
2019-06-28 15:25:00.000000000,BEST_BID,"JPM,99742,182"
2019-06-28 15:25:00.000000000,BEST_ASK,"JPM,100102,73"
2019-06-28 15:25:00.000000000,LAST_TRADE,"4,$100102.0000"
2019-06-28 15:25:00.000000000,QUERY_SPREAD,99
2019-06-28 15:25:00.000000000,BEST_BID,"JPM,99742,182"
2019-06-28 15:25:00.000000000,BEST_ASK,"JPM,100102,71"
2019-06-28 15:25:00.000000000,LAST_TRADE,"2,$100102.0000"
2019-06-28 15:25:00.000000000,QUERY_SPREAD,100
2019-06-28 15:25:00.000000000,BEST_BID,"JPM,99742,182"
2019-06-28 15:25:00.000000000,BEST_ASK,"JPM,100102,65"
2019-06-28 15:25:00.000000000,LAST_TRADE,"6,$100102.0000"
2019-06-28 15:25:00.000000000,QUERY_SPREAD,101
2019-06-28 15:25:00.000000000,QUERY_ORDER_STREAM,101
2019-06-28 15:25:09.432499071,QUERY_SPREAD,13
2019-06-28 15:25:09.432499071,BEST_BID,"JPM,99742,82"
2019-06-28 15:25:09.432499071,BEST_ASK,"JPM,100102,65"
2019-06-28 15:25:09.432499071,LAST_TRADE,"100,$99742.0000"
2019-06-28 15:25:10.000000000,QUERY_SPREAD,1
2019-06-28 15:25:10.000000000,BEST_BID,"JPM,99646,428"
2019-06-28 15:25:10.000000000,BEST_ASK,"JPM,100216,100"
2019-06-28 15:25:10.000000000,BEST_BID,"JPM,99646,428"
2019-06-28 15:25:10.000000000,BEST_ASK,"JPM,100216,428"
2019-06-28 15:25:20.000000000,QUERY_SPREAD,1
2019-06-28 15:25:20.000000000,BEST_BID,"JPM,99646,428"
2019-06-28 15:25:20.000000000,BEST_ASK,"JPM,100216,100"
2019-06-28 15:25:20.000000000,BEST_BID,"JPM,99646,428"
2019-06-28 15:25:20.000000000,BEST_ASK,"JPM,100216,428"
2019-06-28 15:25:20.579509407,QUERY_SPREAD,31
2019-06-28 15:25:20.579509407,BEST_BID,"JPM,99646,428"
2019-06-28 15:25:20.579509407,BEST_ASK,"JPM,99841,100"
2019-06-28 15:25:23.477684244,QUERY_SPREAD,36
2019-06-28 15:25:23.477684244,BEST_BID,"JPM,99646,428"
2019-06-28 15:25:23.477684244,BEST_ASK,"JPM,99800,100"
2019-06-28 15:25:24.730850959,QUERY_SPREAD,10
2019-06-28 15:25:24.730850959,BEST_BID,"JPM,99646,428"
2019-06-28 15:25:24.730850959,BEST_ASK,"JPM,99800,100"
2019-06-28 15:25:30.000000000,QUERY_SPREAD,1
2019-06-28 15:25:30.000000000,BEST_BID,"JPM,99646,166"
2019-06-28 15:25:30.000000000,BEST_ASK,"JPM,99800,100"
2019-06-28 15:25:30.000000000,BEST_BID,"JPM,99646,166"
2019-06-28 15:25:30.000000000,BEST_ASK,"JPM,99800,100"
2019-06-28 15:25:30.000000000,BEST_BID,"JPM,99646,166"
2019-06-28 15:25:30.000000000,BEST_ASK,"JPM,99800,100"
2019-06-28 15:25:30.000000000,BEST_BID,"JPM,99646,166"
2019-06-28 15:25:30.000000000,BEST_ASK,"JPM,99800,100"
2019-06-28 15:25:30.000000000,BEST_BID,"JPM,99646,166"
2019-06-28 15:25:30.000000000,BEST_ASK,"JPM,99800,100"
2019-06-28 15:25:30.000000000,BEST_BID,"JPM,99646,166"
2019-06-28 15:25:30.000000000,BEST_ASK,"JPM,99800,166"
2019-06-28 15:25:30.000000000,BEST_BID,"JPM,99646,166"
2019-06-28 15:25:30.000000000,BEST_ASK,"JPM,99800,166"
2019-06-28 15:25:30.000000000,BEST_BID,"JPM,99646,166"
2019-06-28 15:25:30.000000000,BEST_ASK,"JPM,99800,166"
2019-06-28 15:25:30.000000000,BEST_BID,"JPM,99646,166"
2019-06-28 15:25:30.000000000,BEST_ASK,"JPM,99800,166"
2019-06-28 15:25:30.000000000,BEST_BID,"JPM,99646,166"
2019-06-28 15:25:30.000000000,BEST_ASK,"JPM,99800,166"
2019-06-28 15:25:40.000000000,QUERY_SPREAD,1
2019-06-28 15:25:40.000000000,BEST_BID,"JPM,99646,212"
2019-06-28 15:25:40.000000000,BEST_ASK,"JPM,99800,100"
2019-06-28 15:25:40.000000000,BEST_BID,"JPM,99646,212"
2019-06-28 15:25:40.000000000,BEST_ASK,"JPM,99800,100"
2019-06-28 15:25:40.000000000,BEST_BID,"JPM,99646,212"
2019-06-28 15:25:40.000000000,BEST_ASK,"JPM,99800,100"
2019-06-28 15:25:40.000000000,BEST_BID,"JPM,99646,212"
2019-06-28 15:25:40.000000000,BEST_ASK,"JPM,99800,212"
2019-06-28 15:25:40.000000000,BEST_BID,"JPM,99646,212"
2019-06-28 15:25:40.000000000,BEST_ASK,"JPM,99800,212"
2019-06-28 15:25:40.000000000,BEST_BID,"JPM,99646,212"
2019-06-28 15:25:40.000000000,BEST_ASK,"JPM,99800,212"
2019-06-28 15:25:48.719903847,QUERY_SPREAD,11
2019-06-28 15:25:48.719903847,BEST_BID,"JPM,99646,212"
2019-06-28 15:25:48.719903847,BEST_ASK,"JPM,99800,212"
2019-06-28 15:25:50.000000000,QUERY_SPREAD,1
2019-06-28 15:25:50.000000000,BEST_BID,"JPM,99646,428"
2019-06-28 15:25:50.000000000,BEST_ASK,"JPM,99800,100"
2019-06-28 15:25:50.000000000,BEST_BID,"JPM,99646,428"
2019-06-28 15:25:50.000000000,BEST_ASK,"JPM,99800,428"
2019-06-28 15:25:50.091792567,QUERY_SPREAD,31
2019-06-28 15:25:50.091792567,BEST_BID,"JPM,99646,428"
2019-06-28 15:25:50.091792567,BEST_ASK,"JPM,99800,428"
2019-06-28 15:25:57.018980866,QUERY_SPREAD,30
2019-06-28 15:25:57.018980866,BEST_BID,"JPM,99646,428"
2019-06-28 15:25:57.018980866,BEST_ASK,"JPM,99800,428"
2019-06-28 15:25:57.836514386,QUERY_SPREAD,13
2019-06-28 15:25:57.836514386,BEST_BID,"JPM,99646,428"
2019-06-28 15:25:57.836514386,BEST_ASK,"JPM,99800,428"
2019-06-28 15:26:00.000000000,QUERY_SPREAD,1
2019-06-28 15:26:00.000000000,BEST_BID,"JPM,99646,264"
2019-06-28 15:26:00.000000000,BEST_ASK,"JPM,99800,100"
2019-06-28 15:26:00.000000000,BEST_BID,"JPM,99646,264"
2019-06-28 15:26:00.000000000,BEST_ASK,"JPM,99800,100"
2019-06-28 15:26:00.000000000,BEST_BID,"JPM,99646,264"
2019-06-28 15:26:00.000000000,BEST_ASK,"JPM,99800,264"
2019-06-28 15:26:00.000000000,BEST_BID,"JPM,99646,264"
2019-06-28 15:26:00.000000000,BEST_ASK,"JPM,99800,264"
2019-06-28 15:26:00.000000000,QUERY_SPREAD,77
2019-06-28 15:26:00.000000000,BEST_BID,"JPM,99646,264"
2019-06-28 15:26:00.000000000,BEST_ASK,"JPM,99800,260"
2019-06-28 15:26:00.000000000,LAST_TRADE,"4,$99800.0000"
2019-06-28 15:26:00.000000000,QUERY_SPREAD,78
2019-06-28 15:26:00.000000000,BEST_BID,"JPM,99646,264"
2019-06-28 15:26:00.000000000,BEST_ASK,"JPM,99800,252"
2019-06-28 15:26:00.000000000,LAST_TRADE,"8,$99800.0000"
2019-06-28 15:26:00.000000000,QUERY_SPREAD,79
2019-06-28 15:26:00.000000000,BEST_BID,"JPM,99646,264"
2019-06-28 15:26:00.000000000,BEST_ASK,"JPM,99800,251"
2019-06-28 15:26:00.000000000,LAST_TRADE,"1,$99800.0000"
2019-06-28 15:26:00.000000000,QUERY_SPREAD,80
2019-06-28 15:26:00.000000000,BEST_BID,"JPM,99646,264"
2019-06-28 15:26:00.000000000,BEST_ASK,"JPM,99800,246"
2019-06-28 15:26:00.000000000,LAST_TRADE,"5,$99800.0000"
2019-06-28 15:26:00.000000000,QUERY_SPREAD,81
2019-06-28 15:26:00.000000000,BEST_BID,"JPM,99646,264"
2019-06-28 15:26:00.000000000,BEST_ASK,"JPM,99800,241"
2019-06-28 15:26:00.000000000,LAST_TRADE,"5,$99800.0000"
2019-06-28 15:26:00.000000000,QUERY_SPREAD,82
2019-06-28 15:26:00.000000000,BEST_BID,"JPM,99646,264"
2019-06-28 15:26:00.000000000,BEST_ASK,"JPM,99800,235"
2019-06-28 15:26:00.000000000,LAST_TRADE,"6,$99800.0000"
2019-06-28 15:26:00.000000000,QUERY_SPREAD,83
2019-06-28 15:26:00.000000000,BEST_BID,"JPM,99646,264"
2019-06-28 15:26:00.000000000,BEST_ASK,"JPM,99800,231"
2019-06-28 15:26:00.000000000,LAST_TRADE,"4,$99800.0000"
2019-06-28 15:26:00.000000000,QUERY_SPREAD,84
2019-06-28 15:26:00.000000000,BEST_BID,"JPM,99646,264"
2019-06-28 15:26:00.000000000,BEST_ASK,"JPM,99800,226"
2019-06-28 15:26:00.000000000,LAST_TRADE,"5,$99800.0000"
2019-06-28 15:26:00.000000000,QUERY_SPREAD,85
2019-06-28 15:26:00.000000000,BEST_BID,"JPM,99646,264"
2019-06-28 15:26:00.000000000,BEST_ASK,"JPM,99800,221"
2019-06-28 15:26:00.000000000,LAST_TRADE,"5,$99800.0000"
2019-06-28 15:26:00.000000000,QUERY_SPREAD,86
2019-06-28 15:26:00.000000000,BEST_BID,"JPM,99646,264"
2019-06-28 15:26:00.000000000,BEST_ASK,"JPM,99800,212"
2019-06-28 15:26:00.000000000,LAST_TRADE,"9,$99800.0000"
2019-06-28 15:26:00.000000000,QUERY_SPREAD,87
2019-06-28 15:26:00.000000000,BEST_BID,"JPM,99646,264"
2019-06-28 15:26:00.000000000,BEST_ASK,"JPM,99800,210"
2019-06-28 15:26:00.000000000,LAST_TRADE,"2,$99800.0000"
2019-06-28 15:26:00.000000000,QUERY_SPREAD,88
2019-06-28 15:26:00.000000000,BEST_BID,"JPM,99646,264"
2019-06-28 15:26:00.000000000,BEST_ASK,"JPM,99800,202"
2019-06-28 15:26:00.000000000,LAST_TRADE,"8,$99800.0000"
2019-06-28 15:26:00.000000000,QUERY_SPREAD,89
2019-06-28 15:26:00.000000000,BEST_BID,"JPM,99646,264"
2019-06-28 15:26:00.000000000,BEST_ASK,"JPM,99800,195"
2019-06-28 15:26:00.000000000,LAST_TRADE,"7,$99800.0000"
2019-06-28 15:26:00.000000000,QUERY_SPREAD,90
2019-06-28 15:26:00.000000000,BEST_BID,"JPM,99646,264"
2019-06-28 15:26:00.000000000,BEST_ASK,"JPM,99800,189"
2019-06-28 15:26:00.000000000,LAST_TRADE,"6,$99800.0000"
2019-06-28 15:26:00.000000000,QUERY_SPREAD,91
2019-06-28 15:26:00.000000000,BEST_BID,"JPM,99646,264"
2019-06-28 15:26:00.000000000,BEST_ASK,"JPM,99800,184"
2019-06-28 15:26:00.000000000,LAST_TRADE,"5,$99800.0000"
2019-06-28 15:26:00.000000000,QUERY_SPREAD,92
2019-06-28 15:26:00.000000000,BEST_BID,"JPM,99646,264"
2019-06-28 15:26:00.000000000,BEST_ASK,"JPM,99800,183"
2019-06-28 15:26:00.000000000,LAST_TRADE,"1,$99800.0000"
2019-06-28 15:26:00.000000000,QUERY_SPREAD,93
2019-06-28 15:26:00.000000000,BEST_BID,"JPM,99646,264"
2019-06-28 15:26:00.000000000,BEST_ASK,"JPM,99800,181"
2019-06-28 15:26:00.000000000,LAST_TRADE,"2,$99800.0000"
2019-06-28 15:26:00.000000000,QUERY_SPREAD,94
2019-06-28 15:26:00.000000000,BEST_BID,"JPM,99646,264"
2019-06-28 15:26:00.000000000,BEST_ASK,"JPM,99800,179"
2019-06-28 15:26:00.000000000,LAST_TRADE,"2,$99800.0000"
2019-06-28 15:26:00.000000000,QUERY_SPREAD,95
2019-06-28 15:26:00.000000000,BEST_BID,"JPM,99646,264"
2019-06-28 15:26:00.000000000,BEST_ASK,"JPM,99800,172"
2019-06-28 15:26:00.000000000,LAST_TRADE,"7,$99800.0000"
2019-06-28 15:26:00.000000000,QUERY_SPREAD,96
2019-06-28 15:26:00.000000000,BEST_BID,"JPM,99646,264"
2019-06-28 15:26:00.000000000,BEST_ASK,"JPM,99800,165"
2019-06-28 15:26:00.000000000,LAST_TRADE,"7,$99800.0000"
2019-06-28 15:26:00.000000000,QUERY_SPREAD,97
2019-06-28 15:26:00.000000000,BEST_BID,"JPM,99646,264"
2019-06-28 15:26:00.000000000,BEST_ASK,"JPM,99800,159"
2019-06-28 15:26:00.000000000,LAST_TRADE,"6,$99800.0000"
2019-06-28 15:26:00.000000000,QUERY_SPREAD,98
2019-06-28 15:26:00.000000000,BEST_BID,"JPM,99646,264"
2019-06-28 15:26:00.000000000,BEST_ASK,"JPM,99800,155"
2019-06-28 15:26:00.000000000,LAST_TRADE,"4,$99800.0000"
2019-06-28 15:26:00.000000000,QUERY_SPREAD,99
2019-06-28 15:26:00.000000000,BEST_BID,"JPM,99646,264"
2019-06-28 15:26:00.000000000,BEST_ASK,"JPM,99800,153"
2019-06-28 15:26:00.000000000,LAST_TRADE,"2,$99800.0000"
2019-06-28 15:26:00.000000000,QUERY_SPREAD,100
2019-06-28 15:26:00.000000000,BEST_BID,"JPM,99646,264"
2019-06-28 15:26:00.000000000,BEST_ASK,"JPM,99800,147"
2019-06-28 15:26:00.000000000,LAST_TRADE,"6,$99800.0000"
2019-06-28 15:26:00.000000000,QUERY_SPREAD,101
2019-06-28 15:26:00.000000000,QUERY_ORDER_STREAM,101
2019-06-28 15:26:03.177425279,QUERY_ORDER_STREAM,59
2019-06-28 15:26:03.177425279,QUERY_SPREAD,59
2019-06-28 15:26:03.177425279,BEST_BID,"JPM,99646,264"
2019-06-28 15:26:03.177425279,BEST_ASK,"JPM,99800,47"
2019-06-28 15:26:03.177425279,LAST_TRADE,"100,$99800.0000"
2019-06-28 15:26:10.000000000,QUERY_SPREAD,1
2019-06-28 15:26:10.000000000,BEST_BID,"JPM,99646,212"
2019-06-28 15:26:10.000000000,BEST_ASK,"JPM,99836,100"
2019-06-28 15:26:10.000000000,BEST_BID,"JPM,99646,212"
2019-06-28 15:26:10.000000000,BEST_ASK,"JPM,99836,100"
2019-06-28 15:26:10.000000000,BEST_BID,"JPM,99646,212"
2019-06-28 15:26:10.000000000,BEST_ASK,"JPM,99836,100"
2019-06-28 15:26:10.000000000,BEST_BID,"JPM,99646,212"
2019-06-28 15:26:10.000000000,BEST_ASK,"JPM,99836,212"
2019-06-28 15:26:10.000000000,BEST_BID,"JPM,99646,212"
2019-06-28 15:26:10.000000000,BEST_ASK,"JPM,99836,212"
2019-06-28 15:26:10.000000000,BEST_BID,"JPM,99646,212"
2019-06-28 15:26:10.000000000,BEST_ASK,"JPM,99836,212"
2019-06-28 15:26:20.000000000,QUERY_SPREAD,1
2019-06-28 15:26:20.000000000,BEST_BID,"JPM,99646,212"
2019-06-28 15:26:20.000000000,BEST_ASK,"JPM,99836,100"
2019-06-28 15:26:20.000000000,BEST_BID,"JPM,99646,212"
2019-06-28 15:26:20.000000000,BEST_ASK,"JPM,99836,100"
2019-06-28 15:26:20.000000000,BEST_BID,"JPM,99646,212"
2019-06-28 15:26:20.000000000,BEST_ASK,"JPM,99836,100"
2019-06-28 15:26:20.000000000,BEST_BID,"JPM,99646,212"
2019-06-28 15:26:20.000000000,BEST_ASK,"JPM,99836,212"
2019-06-28 15:26:20.000000000,BEST_BID,"JPM,99646,212"
2019-06-28 15:26:20.000000000,BEST_ASK,"JPM,99836,212"
2019-06-28 15:26:20.000000000,BEST_BID,"JPM,99646,212"
2019-06-28 15:26:20.000000000,BEST_ASK,"JPM,99836,212"
2019-06-28 15:26:21.804756024,QUERY_SPREAD,51
2019-06-28 15:26:21.804756024,BEST_BID,"JPM,99646,212"
2019-06-28 15:26:21.804756024,BEST_ASK,"JPM,99836,112"
2019-06-28 15:26:21.804756024,LAST_TRADE,"100,$99836.0000"
2019-06-28 15:26:30.000000000,QUERY_SPREAD,1
2019-06-28 15:26:30.000000000,BEST_BID,"JPM,99646,264"
2019-06-28 15:26:30.000000000,BEST_ASK,"JPM,99916,100"
2019-06-28 15:26:30.000000000,BEST_BID,"JPM,99646,264"
2019-06-28 15:26:30.000000000,BEST_ASK,"JPM,99916,100"
2019-06-28 15:26:30.000000000,BEST_BID,"JPM,99646,264"
2019-06-28 15:26:30.000000000,BEST_ASK,"JPM,99916,264"
2019-06-28 15:26:30.000000000,BEST_BID,"JPM,99646,264"
2019-06-28 15:26:30.000000000,BEST_ASK,"JPM,99916,264"
2019-06-28 15:26:31.664220523,QUERY_ORDER_STREAM,62
2019-06-28 15:26:31.664220523,QUERY_SPREAD,62
2019-06-28 15:26:31.664220523,BEST_BID,"JPM,99800,100"
2019-06-28 15:26:31.664220523,BEST_ASK,"JPM,99916,264"
2019-06-28 15:26:32.003908059,QUERY_SPREAD,11
2019-06-28 15:26:32.003908059,BEST_BID,"JPM,99800,100"
2019-06-28 15:26:32.003908059,BEST_ASK,"JPM,99916,64"
2019-06-28 15:26:32.003908059,LAST_TRADE,"100,$99916.0000"
2019-06-28 15:26:36.995244060,QUERY_SPREAD,42
2019-06-28 15:26:36.995244060,BEST_BID,"JPM,99800,100"
2019-06-28 15:26:36.995244060,BEST_ASK,"JPM,99916,64"
2019-06-28 15:26:40.000000000,QUERY_SPREAD,1
2019-06-28 15:26:40.000000000,BEST_BID,"JPM,99800,428"
2019-06-28 15:26:40.000000000,BEST_ASK,"JPM,99928,100"
2019-06-28 15:26:40.000000000,BEST_BID,"JPM,99800,428"
2019-06-28 15:26:40.000000000,BEST_ASK,"JPM,99928,428"
2019-06-28 15:26:44.989497103,QUERY_ORDER_STREAM,60
2019-06-28 15:26:44.989497103,QUERY_SPREAD,60
2019-06-28 15:26:44.989497103,BEST_BID,"JPM,99836,100"
2019-06-28 15:26:44.989497103,BEST_ASK,"JPM,99928,428"
2019-06-28 15:26:46.313834021,QUERY_SPREAD,14
2019-06-28 15:26:46.313834021,BEST_BID,"JPM,99836,100"
2019-06-28 15:26:46.313834021,BEST_ASK,"JPM,99928,328"
2019-06-28 15:26:46.313834021,LAST_TRADE,"100,$99928.0000"
2019-06-28 15:26:46.884639354,QUERY_SPREAD,11
2019-06-28 15:26:46.884639354,BEST_BID,"JPM,99836,100"
2019-06-28 15:26:46.884639354,BEST_ASK,"JPM,99928,228"
2019-06-28 15:26:46.884639354,LAST_TRADE,"100,$99928.0000"
2019-06-28 15:26:50.000000000,QUERY_SPREAD,1
2019-06-28 15:26:50.000000000,BEST_BID,"JPM,99836,428"
2019-06-28 15:26:50.000000000,BEST_ASK,"JPM,99981,100"
2019-06-28 15:26:50.000000000,BEST_BID,"JPM,99836,428"
2019-06-28 15:26:50.000000000,BEST_ASK,"JPM,99981,428"
2019-06-28 15:26:52.837622381,QUERY_ORDER_STREAM,68
2019-06-28 15:26:52.837622381,QUERY_SPREAD,68
2019-06-28 15:26:52.837622381,BEST_BID,"JPM,99836,428"
2019-06-28 15:26:52.837622381,BEST_ASK,"JPM,99928,100"
2019-06-28 15:27:00.000000000,QUERY_SPREAD,1
2019-06-28 15:27:00.000000000,BEST_BID,"JPM,99836,212"
2019-06-28 15:27:00.000000000,BEST_ASK,"JPM,99928,100"
2019-06-28 15:27:00.000000000,BEST_BID,"JPM,99836,212"
2019-06-28 15:27:00.000000000,BEST_ASK,"JPM,99928,100"
2019-06-28 15:27:00.000000000,BEST_BID,"JPM,99836,212"
2019-06-28 15:27:00.000000000,BEST_ASK,"JPM,99928,100"
2019-06-28 15:27:00.000000000,BEST_BID,"JPM,99836,212"
2019-06-28 15:27:00.000000000,BEST_ASK,"JPM,99928,212"
2019-06-28 15:27:00.000000000,BEST_BID,"JPM,99836,212"
2019-06-28 15:27:00.000000000,BEST_ASK,"JPM,99928,212"
2019-06-28 15:27:00.000000000,BEST_BID,"JPM,99836,212"
2019-06-28 15:27:00.000000000,BEST_ASK,"JPM,99928,212"
2019-06-28 15:27:00.000000000,QUERY_SPREAD,77
2019-06-28 15:27:00.000000000,BEST_BID,"JPM,99836,212"
2019-06-28 15:27:00.000000000,BEST_ASK,"JPM,99928,208"
2019-06-28 15:27:00.000000000,LAST_TRADE,"4,$99928.0000"
2019-06-28 15:27:00.000000000,QUERY_SPREAD,78
2019-06-28 15:27:00.000000000,BEST_BID,"JPM,99836,212"
2019-06-28 15:27:00.000000000,BEST_ASK,"JPM,99928,200"
2019-06-28 15:27:00.000000000,LAST_TRADE,"8,$99928.0000"
2019-06-28 15:27:00.000000000,QUERY_SPREAD,79
2019-06-28 15:27:00.000000000,BEST_BID,"JPM,99836,212"
2019-06-28 15:27:00.000000000,BEST_ASK,"JPM,99928,199"
2019-06-28 15:27:00.000000000,LAST_TRADE,"1,$99928.0000"
2019-06-28 15:27:00.000000000,QUERY_SPREAD,80
2019-06-28 15:27:00.000000000,BEST_BID,"JPM,99836,212"
2019-06-28 15:27:00.000000000,BEST_ASK,"JPM,99928,194"
2019-06-28 15:27:00.000000000,LAST_TRADE,"5,$99928.0000"
2019-06-28 15:27:00.000000000,QUERY_SPREAD,81
2019-06-28 15:27:00.000000000,BEST_BID,"JPM,99836,212"
2019-06-28 15:27:00.000000000,BEST_ASK,"JPM,99928,189"
2019-06-28 15:27:00.000000000,LAST_TRADE,"5,$99928.0000"
2019-06-28 15:27:00.000000000,QUERY_SPREAD,82
2019-06-28 15:27:00.000000000,BEST_BID,"JPM,99836,212"
2019-06-28 15:27:00.000000000,BEST_ASK,"JPM,99928,183"
2019-06-28 15:27:00.000000000,LAST_TRADE,"6,$99928.0000"
2019-06-28 15:27:00.000000000,QUERY_SPREAD,83
2019-06-28 15:27:00.000000000,BEST_BID,"JPM,99836,212"
2019-06-28 15:27:00.000000000,BEST_ASK,"JPM,99928,179"
2019-06-28 15:27:00.000000000,LAST_TRADE,"4,$99928.0000"
2019-06-28 15:27:00.000000000,QUERY_SPREAD,84
2019-06-28 15:27:00.000000000,BEST_BID,"JPM,99836,212"
2019-06-28 15:27:00.000000000,BEST_ASK,"JPM,99928,174"
2019-06-28 15:27:00.000000000,LAST_TRADE,"5,$99928.0000"
2019-06-28 15:27:00.000000000,QUERY_SPREAD,85
2019-06-28 15:27:00.000000000,BEST_BID,"JPM,99836,212"
2019-06-28 15:27:00.000000000,BEST_ASK,"JPM,99928,169"
2019-06-28 15:27:00.000000000,LAST_TRADE,"5,$99928.0000"
2019-06-28 15:27:00.000000000,QUERY_SPREAD,86
2019-06-28 15:27:00.000000000,BEST_BID,"JPM,99836,212"
2019-06-28 15:27:00.000000000,BEST_ASK,"JPM,99928,160"
2019-06-28 15:27:00.000000000,LAST_TRADE,"9,$99928.0000"
2019-06-28 15:27:00.000000000,QUERY_SPREAD,87
2019-06-28 15:27:00.000000000,BEST_BID,"JPM,99836,212"
2019-06-28 15:27:00.000000000,BEST_ASK,"JPM,99928,158"
2019-06-28 15:27:00.000000000,LAST_TRADE,"2,$99928.0000"
2019-06-28 15:27:00.000000000,QUERY_SPREAD,88
2019-06-28 15:27:00.000000000,BEST_BID,"JPM,99836,212"
2019-06-28 15:27:00.000000000,BEST_ASK,"JPM,99928,150"
2019-06-28 15:27:00.000000000,LAST_TRADE,"8,$99928.0000"
2019-06-28 15:27:00.000000000,QUERY_SPREAD,89
2019-06-28 15:27:00.000000000,BEST_BID,"JPM,99836,212"
2019-06-28 15:27:00.000000000,BEST_ASK,"JPM,99928,143"
2019-06-28 15:27:00.000000000,LAST_TRADE,"7,$99928.0000"
2019-06-28 15:27:00.000000000,QUERY_SPREAD,90
2019-06-28 15:27:00.000000000,BEST_BID,"JPM,99836,212"
2019-06-28 15:27:00.000000000,BEST_ASK,"JPM,99928,137"
2019-06-28 15:27:00.000000000,LAST_TRADE,"6,$99928.0000"
2019-06-28 15:27:00.000000000,QUERY_SPREAD,91
2019-06-28 15:27:00.000000000,BEST_BID,"JPM,99836,212"
2019-06-28 15:27:00.000000000,BEST_ASK,"JPM,99928,132"
2019-06-28 15:27:00.000000000,LAST_TRADE,"5,$99928.0000"
2019-06-28 15:27:00.000000000,QUERY_SPREAD,92
2019-06-28 15:27:00.000000000,BEST_BID,"JPM,99836,212"
2019-06-28 15:27:00.000000000,BEST_ASK,"JPM,99928,131"
2019-06-28 15:27:00.000000000,LAST_TRADE,"1,$99928.0000"
2019-06-28 15:27:00.000000000,QUERY_SPREAD,93
2019-06-28 15:27:00.000000000,BEST_BID,"JPM,99836,212"
2019-06-28 15:27:00.000000000,BEST_ASK,"JPM,99928,129"
2019-06-28 15:27:00.000000000,LAST_TRADE,"2,$99928.0000"
2019-06-28 15:27:00.000000000,QUERY_SPREAD,94
2019-06-28 15:27:00.000000000,BEST_BID,"JPM,99836,212"
2019-06-28 15:27:00.000000000,BEST_ASK,"JPM,99928,127"
2019-06-28 15:27:00.000000000,LAST_TRADE,"2,$99928.0000"
2019-06-28 15:27:00.000000000,QUERY_SPREAD,95
2019-06-28 15:27:00.000000000,BEST_BID,"JPM,99836,212"
2019-06-28 15:27:00.000000000,BEST_ASK,"JPM,99928,120"
2019-06-28 15:27:00.000000000,LAST_TRADE,"7,$99928.0000"
2019-06-28 15:27:00.000000000,QUERY_SPREAD,96
2019-06-28 15:27:00.000000000,BEST_BID,"JPM,99836,212"
2019-06-28 15:27:00.000000000,BEST_ASK,"JPM,99928,113"
2019-06-28 15:27:00.000000000,LAST_TRADE,"7,$99928.0000"
2019-06-28 15:27:00.000000000,QUERY_SPREAD,97
2019-06-28 15:27:00.000000000,BEST_BID,"JPM,99836,212"
2019-06-28 15:27:00.000000000,BEST_ASK,"JPM,99928,107"
2019-06-28 15:27:00.000000000,LAST_TRADE,"6,$99928.0000"
2019-06-28 15:27:00.000000000,QUERY_SPREAD,98
2019-06-28 15:27:00.000000000,BEST_BID,"JPM,99836,212"
2019-06-28 15:27:00.000000000,BEST_ASK,"JPM,99928,103"
2019-06-28 15:27:00.000000000,LAST_TRADE,"4,$99928.0000"
2019-06-28 15:27:00.000000000,QUERY_SPREAD,99
2019-06-28 15:27:00.000000000,BEST_BID,"JPM,99836,212"
2019-06-28 15:27:00.000000000,BEST_ASK,"JPM,99928,101"
2019-06-28 15:27:00.000000000,LAST_TRADE,"2,$99928.0000"
2019-06-28 15:27:00.000000000,QUERY_SPREAD,100
2019-06-28 15:27:00.000000000,BEST_BID,"JPM,99836,212"
2019-06-28 15:27:00.000000000,BEST_ASK,"JPM,99928,95"
2019-06-28 15:27:00.000000000,LAST_TRADE,"6,$99928.0000"
2019-06-28 15:27:00.000000000,QUERY_SPREAD,101
2019-06-28 15:27:00.000000000,QUERY_ORDER_STREAM,101
2019-06-28 15:27:03.600848239,QUERY_SPREAD,3
2019-06-28 15:27:03.600848239,BEST_BID,"JPM,99836,212"
2019-06-28 15:27:03.600848239,BEST_ASK,"JPM,99928,95"
2019-06-28 15:27:10.000000000,QUERY_SPREAD,1
2019-06-28 15:27:10.000000000,BEST_BID,"JPM,99836,166"
2019-06-28 15:27:10.000000000,BEST_ASK,"JPM,99981,100"
2019-06-28 15:27:10.000000000,BEST_BID,"JPM,99836,166"
2019-06-28 15:27:10.000000000,BEST_ASK,"JPM,99981,100"
2019-06-28 15:27:10.000000000,BEST_BID,"JPM,99836,166"
2019-06-28 15:27:10.000000000,BEST_ASK,"JPM,99981,100"
2019-06-28 15:27:10.000000000,BEST_BID,"JPM,99836,166"
2019-06-28 15:27:10.000000000,BEST_ASK,"JPM,99981,100"
2019-06-28 15:27:10.000000000,BEST_BID,"JPM,99836,166"
2019-06-28 15:27:10.000000000,BEST_ASK,"JPM,99981,100"
2019-06-28 15:27:10.000000000,BEST_BID,"JPM,99836,166"
2019-06-28 15:27:10.000000000,BEST_ASK,"JPM,99981,166"
2019-06-28 15:27:10.000000000,BEST_BID,"JPM,99836,166"
2019-06-28 15:27:10.000000000,BEST_ASK,"JPM,99981,166"
2019-06-28 15:27:10.000000000,BEST_BID,"JPM,99836,166"
2019-06-28 15:27:10.000000000,BEST_ASK,"JPM,99981,166"
2019-06-28 15:27:10.000000000,BEST_BID,"JPM,99836,166"
2019-06-28 15:27:10.000000000,BEST_ASK,"JPM,99981,166"
2019-06-28 15:27:10.000000000,BEST_BID,"JPM,99836,166"
2019-06-28 15:27:10.000000000,BEST_ASK,"JPM,99981,166"
2019-06-28 15:27:20.000000000,QUERY_SPREAD,1
2019-06-28 15:27:20.000000000,BEST_BID,"JPM,99836,212"
2019-06-28 15:27:20.000000000,BEST_ASK,"JPM,99981,100"
2019-06-28 15:27:20.000000000,BEST_BID,"JPM,99836,212"
2019-06-28 15:27:20.000000000,BEST_ASK,"JPM,99981,100"
2019-06-28 15:27:20.000000000,BEST_BID,"JPM,99836,212"
2019-06-28 15:27:20.000000000,BEST_ASK,"JPM,99981,100"
2019-06-28 15:27:20.000000000,BEST_BID,"JPM,99836,212"
2019-06-28 15:27:20.000000000,BEST_ASK,"JPM,99981,212"
2019-06-28 15:27:20.000000000,BEST_BID,"JPM,99836,212"
2019-06-28 15:27:20.000000000,BEST_ASK,"JPM,99981,212"
2019-06-28 15:27:20.000000000,BEST_BID,"JPM,99836,212"
2019-06-28 15:27:20.000000000,BEST_ASK,"JPM,99981,212"
2019-06-28 15:27:30.000000000,QUERY_SPREAD,1
2019-06-28 15:27:30.000000000,BEST_BID,"JPM,99836,182"
2019-06-28 15:27:30.000000000,BEST_ASK,"JPM,99981,100"
2019-06-28 15:27:30.000000000,BEST_BID,"JPM,99836,182"
2019-06-28 15:27:30.000000000,BEST_ASK,"JPM,99981,100"
2019-06-28 15:27:30.000000000,BEST_BID,"JPM,99836,182"
2019-06-28 15:27:30.000000000,BEST_ASK,"JPM,99981,100"
2019-06-28 15:27:30.000000000,BEST_BID,"JPM,99836,182"
2019-06-28 15:27:30.000000000,BEST_ASK,"JPM,99981,100"
2019-06-28 15:27:30.000000000,BEST_BID,"JPM,99836,182"
2019-06-28 15:27:30.000000000,BEST_ASK,"JPM,99981,182"
2019-06-28 15:27:30.000000000,BEST_BID,"JPM,99836,182"
2019-06-28 15:27:30.000000000,BEST_ASK,"JPM,99981,182"
2019-06-28 15:27:30.000000000,BEST_BID,"JPM,99836,182"
2019-06-28 15:27:30.000000000,BEST_ASK,"JPM,99981,182"
2019-06-28 15:27:30.000000000,BEST_BID,"JPM,99836,182"
2019-06-28 15:27:30.000000000,BEST_ASK,"JPM,99981,182"
2019-06-28 15:27:40.000000000,QUERY_SPREAD,1
2019-06-28 15:27:40.000000000,BEST_BID,"JPM,99836,264"
2019-06-28 15:27:40.000000000,BEST_ASK,"JPM,99981,100"
2019-06-28 15:27:40.000000000,BEST_BID,"JPM,99836,264"
2019-06-28 15:27:40.000000000,BEST_ASK,"JPM,99981,100"
2019-06-28 15:27:40.000000000,BEST_BID,"JPM,99836,264"
2019-06-28 15:27:40.000000000,BEST_ASK,"JPM,99981,264"
2019-06-28 15:27:40.000000000,BEST_BID,"JPM,99836,264"
2019-06-28 15:27:40.000000000,BEST_ASK,"JPM,99981,264"
2019-06-28 15:27:50.000000000,QUERY_SPREAD,1
2019-06-28 15:27:50.000000000,BEST_BID,"JPM,99836,428"
2019-06-28 15:27:50.000000000,BEST_ASK,"JPM,99981,100"
2019-06-28 15:27:50.000000000,BEST_BID,"JPM,99836,428"
2019-06-28 15:27:50.000000000,BEST_ASK,"JPM,99981,428"
2019-06-28 15:28:00.000000000,QUERY_SPREAD,1
2019-06-28 15:28:00.000000000,BEST_BID,"JPM,99836,166"
2019-06-28 15:28:00.000000000,BEST_ASK,"JPM,99981,100"
2019-06-28 15:28:00.000000000,BEST_BID,"JPM,99836,166"
2019-06-28 15:28:00.000000000,BEST_ASK,"JPM,99981,100"
2019-06-28 15:28:00.000000000,BEST_BID,"JPM,99836,166"
2019-06-28 15:28:00.000000000,BEST_ASK,"JPM,99981,100"
2019-06-28 15:28:00.000000000,BEST_BID,"JPM,99836,166"
2019-06-28 15:28:00.000000000,BEST_ASK,"JPM,99981,100"
2019-06-28 15:28:00.000000000,BEST_BID,"JPM,99836,166"
2019-06-28 15:28:00.000000000,BEST_ASK,"JPM,99981,100"
2019-06-28 15:28:00.000000000,BEST_BID,"JPM,99836,166"
2019-06-28 15:28:00.000000000,BEST_ASK,"JPM,99981,166"
2019-06-28 15:28:00.000000000,BEST_BID,"JPM,99836,166"
2019-06-28 15:28:00.000000000,BEST_ASK,"JPM,99981,166"
2019-06-28 15:28:00.000000000,BEST_BID,"JPM,99836,166"
2019-06-28 15:28:00.000000000,BEST_ASK,"JPM,99981,166"
2019-06-28 15:28:00.000000000,BEST_BID,"JPM,99836,166"
2019-06-28 15:28:00.000000000,BEST_ASK,"JPM,99981,166"
2019-06-28 15:28:00.000000000,BEST_BID,"JPM,99836,166"
2019-06-28 15:28:00.000000000,BEST_ASK,"JPM,99981,166"
2019-06-28 15:28:00.000000000,QUERY_SPREAD,77
2019-06-28 15:28:00.000000000,BEST_BID,"JPM,99836,166"
2019-06-28 15:28:00.000000000,BEST_ASK,"JPM,99981,162"
2019-06-28 15:28:00.000000000,LAST_TRADE,"4,$99981.0000"
2019-06-28 15:28:00.000000000,QUERY_SPREAD,78
2019-06-28 15:28:00.000000000,BEST_BID,"JPM,99836,166"
2019-06-28 15:28:00.000000000,BEST_ASK,"JPM,99981,154"
2019-06-28 15:28:00.000000000,LAST_TRADE,"8,$99981.0000"
2019-06-28 15:28:00.000000000,QUERY_SPREAD,79
2019-06-28 15:28:00.000000000,BEST_BID,"JPM,99836,166"
2019-06-28 15:28:00.000000000,BEST_ASK,"JPM,99981,153"
2019-06-28 15:28:00.000000000,LAST_TRADE,"1,$99981.0000"
2019-06-28 15:28:00.000000000,QUERY_SPREAD,80
2019-06-28 15:28:00.000000000,BEST_BID,"JPM,99836,166"
2019-06-28 15:28:00.000000000,BEST_ASK,"JPM,99981,148"
2019-06-28 15:28:00.000000000,LAST_TRADE,"5,$99981.0000"
2019-06-28 15:28:00.000000000,QUERY_SPREAD,81
2019-06-28 15:28:00.000000000,BEST_BID,"JPM,99836,166"
2019-06-28 15:28:00.000000000,BEST_ASK,"JPM,99981,143"
2019-06-28 15:28:00.000000000,LAST_TRADE,"5,$99981.0000"
2019-06-28 15:28:00.000000000,QUERY_SPREAD,82
2019-06-28 15:28:00.000000000,BEST_BID,"JPM,99836,166"
2019-06-28 15:28:00.000000000,BEST_ASK,"JPM,99981,137"
2019-06-28 15:28:00.000000000,LAST_TRADE,"6,$99981.0000"
2019-06-28 15:28:00.000000000,QUERY_SPREAD,83
2019-06-28 15:28:00.000000000,BEST_BID,"JPM,99836,166"
2019-06-28 15:28:00.000000000,BEST_ASK,"JPM,99981,133"
2019-06-28 15:28:00.000000000,LAST_TRADE,"4,$99981.0000"
2019-06-28 15:28:00.000000000,QUERY_SPREAD,84
2019-06-28 15:28:00.000000000,BEST_BID,"JPM,99836,166"
2019-06-28 15:28:00.000000000,BEST_ASK,"JPM,99981,128"
2019-06-28 15:28:00.000000000,LAST_TRADE,"5,$99981.0000"
2019-06-28 15:28:00.000000000,QUERY_SPREAD,85
2019-06-28 15:28:00.000000000,BEST_BID,"JPM,99836,166"
2019-06-28 15:28:00.000000000,BEST_ASK,"JPM,99981,123"
2019-06-28 15:28:00.000000000,LAST_TRADE,"5,$99981.0000"
2019-06-28 15:28:00.000000000,QUERY_SPREAD,86
2019-06-28 15:28:00.000000000,BEST_BID,"JPM,99836,166"
2019-06-28 15:28:00.000000000,BEST_ASK,"JPM,99981,114"
2019-06-28 15:28:00.000000000,LAST_TRADE,"9,$99981.0000"
2019-06-28 15:28:00.000000000,QUERY_SPREAD,87
2019-06-28 15:28:00.000000000,BEST_BID,"JPM,99836,166"
2019-06-28 15:28:00.000000000,BEST_ASK,"JPM,99981,112"
2019-06-28 15:28:00.000000000,LAST_TRADE,"2,$99981.0000"
2019-06-28 15:28:00.000000000,QUERY_SPREAD,88
2019-06-28 15:28:00.000000000,BEST_BID,"JPM,99836,166"
2019-06-28 15:28:00.000000000,BEST_ASK,"JPM,99981,104"
2019-06-28 15:28:00.000000000,LAST_TRADE,"8,$99981.0000"
2019-06-28 15:28:00.000000000,QUERY_SPREAD,89
2019-06-28 15:28:00.000000000,BEST_BID,"JPM,99836,166"
2019-06-28 15:28:00.000000000,BEST_ASK,"JPM,99981,97"
2019-06-28 15:28:00.000000000,LAST_TRADE,"7,$99981.0000"
2019-06-28 15:28:00.000000000,QUERY_SPREAD,90
2019-06-28 15:28:00.000000000,BEST_BID,"JPM,99836,166"
2019-06-28 15:28:00.000000000,BEST_ASK,"JPM,99981,91"
2019-06-28 15:28:00.000000000,LAST_TRADE,"6,$99981.0000"
2019-06-28 15:28:00.000000000,QUERY_SPREAD,91
2019-06-28 15:28:00.000000000,BEST_BID,"JPM,99836,166"
2019-06-28 15:28:00.000000000,BEST_ASK,"JPM,99981,86"
2019-06-28 15:28:00.000000000,LAST_TRADE,"5,$99981.0000"
2019-06-28 15:28:00.000000000,QUERY_SPREAD,92
2019-06-28 15:28:00.000000000,BEST_BID,"JPM,99836,166"
2019-06-28 15:28:00.000000000,BEST_ASK,"JPM,99981,85"
2019-06-28 15:28:00.000000000,LAST_TRADE,"1,$99981.0000"
2019-06-28 15:28:00.000000000,QUERY_SPREAD,93
2019-06-28 15:28:00.000000000,BEST_BID,"JPM,99836,166"
2019-06-28 15:28:00.000000000,BEST_ASK,"JPM,99981,83"
2019-06-28 15:28:00.000000000,LAST_TRADE,"2,$99981.0000"
2019-06-28 15:28:00.000000000,QUERY_SPREAD,94
2019-06-28 15:28:00.000000000,BEST_BID,"JPM,99836,166"
2019-06-28 15:28:00.000000000,BEST_ASK,"JPM,99981,81"
2019-06-28 15:28:00.000000000,LAST_TRADE,"2,$99981.0000"
2019-06-28 15:28:00.000000000,QUERY_SPREAD,95
2019-06-28 15:28:00.000000000,BEST_BID,"JPM,99836,166"
2019-06-28 15:28:00.000000000,BEST_ASK,"JPM,99981,74"
2019-06-28 15:28:00.000000000,LAST_TRADE,"7,$99981.0000"
2019-06-28 15:28:00.000000000,QUERY_SPREAD,96
2019-06-28 15:28:00.000000000,BEST_BID,"JPM,99836,166"
2019-06-28 15:28:00.000000000,BEST_ASK,"JPM,99981,67"
2019-06-28 15:28:00.000000000,LAST_TRADE,"7,$99981.0000"
2019-06-28 15:28:00.000000000,QUERY_SPREAD,97
2019-06-28 15:28:00.000000000,BEST_BID,"JPM,99836,166"
2019-06-28 15:28:00.000000000,BEST_ASK,"JPM,99981,61"
2019-06-28 15:28:00.000000000,LAST_TRADE,"6,$99981.0000"
2019-06-28 15:28:00.000000000,QUERY_SPREAD,98
2019-06-28 15:28:00.000000000,BEST_BID,"JPM,99836,166"
2019-06-28 15:28:00.000000000,BEST_ASK,"JPM,99981,57"
2019-06-28 15:28:00.000000000,LAST_TRADE,"4,$99981.0000"
2019-06-28 15:28:00.000000000,QUERY_SPREAD,99
2019-06-28 15:28:00.000000000,BEST_BID,"JPM,99836,166"
2019-06-28 15:28:00.000000000,BEST_ASK,"JPM,99981,55"
2019-06-28 15:28:00.000000000,LAST_TRADE,"2,$99981.0000"
2019-06-28 15:28:00.000000000,QUERY_SPREAD,100
2019-06-28 15:28:00.000000000,BEST_BID,"JPM,99836,166"
2019-06-28 15:28:00.000000000,BEST_ASK,"JPM,99981,49"
2019-06-28 15:28:00.000000000,LAST_TRADE,"6,$99981.0000"
2019-06-28 15:28:00.000000000,QUERY_SPREAD,101
2019-06-28 15:28:00.000000000,QUERY_ORDER_STREAM,101
2019-06-28 15:28:07.604337386,QUERY_ORDER_STREAM,71
2019-06-28 15:28:07.604337386,QUERY_SPREAD,71
2019-06-28 15:28:08.221469745,QUERY_SPREAD,15
2019-06-28 15:28:08.221469745,BEST_BID,"JPM,99836,166"
2019-06-28 15:28:08.221469745,BEST_ASK,"JPM,99981,49"
2019-06-28 15:28:10.000000000,QUERY_SPREAD,1
2019-06-28 15:28:10.000000000,BEST_BID,"JPM,99836,428"
2019-06-28 15:28:10.000000000,BEST_ASK,"JPM,100046,100"
2019-06-28 15:28:10.000000000,BEST_BID,"JPM,99836,428"
2019-06-28 15:28:10.000000000,BEST_ASK,"JPM,100046,428"
2019-06-28 15:28:20.000000000,QUERY_SPREAD,1
2019-06-28 15:28:20.000000000,BEST_BID,"JPM,99836,264"
2019-06-28 15:28:20.000000000,BEST_ASK,"JPM,100046,100"
2019-06-28 15:28:20.000000000,BEST_BID,"JPM,99836,264"
2019-06-28 15:28:20.000000000,BEST_ASK,"JPM,100046,100"
2019-06-28 15:28:20.000000000,BEST_BID,"JPM,99836,264"
2019-06-28 15:28:20.000000000,BEST_ASK,"JPM,100046,264"
2019-06-28 15:28:20.000000000,BEST_BID,"JPM,99836,264"
2019-06-28 15:28:20.000000000,BEST_ASK,"JPM,100046,264"
2019-06-28 15:28:28.409743280,QUERY_SPREAD,27
2019-06-28 15:28:28.409743280,BEST_BID,"JPM,99836,264"
2019-06-28 15:28:28.409743280,BEST_ASK,"JPM,100046,264"
2019-06-28 15:28:30.000000000,QUERY_SPREAD,1
2019-06-28 15:28:30.000000000,BEST_BID,"JPM,99836,182"
2019-06-28 15:28:30.000000000,BEST_ASK,"JPM,100046,100"
2019-06-28 15:28:30.000000000,BEST_BID,"JPM,99836,182"
2019-06-28 15:28:30.000000000,BEST_ASK,"JPM,100046,100"
2019-06-28 15:28:30.000000000,BEST_BID,"JPM,99836,182"
2019-06-28 15:28:30.000000000,BEST_ASK,"JPM,100046,100"
2019-06-28 15:28:30.000000000,BEST_BID,"JPM,99836,182"
2019-06-28 15:28:30.000000000,BEST_ASK,"JPM,100046,100"
2019-06-28 15:28:30.000000000,BEST_BID,"JPM,99836,182"
2019-06-28 15:28:30.000000000,BEST_ASK,"JPM,100046,182"
2019-06-28 15:28:30.000000000,BEST_BID,"JPM,99836,182"
2019-06-28 15:28:30.000000000,BEST_ASK,"JPM,100046,182"
2019-06-28 15:28:30.000000000,BEST_BID,"JPM,99836,182"
2019-06-28 15:28:30.000000000,BEST_ASK,"JPM,100046,182"
2019-06-28 15:28:30.000000000,BEST_BID,"JPM,99836,182"
2019-06-28 15:28:30.000000000,BEST_ASK,"JPM,100046,182"
2019-06-28 15:28:40.000000000,QUERY_SPREAD,1
2019-06-28 15:28:40.000000000,BEST_BID,"JPM,99836,166"
2019-06-28 15:28:40.000000000,BEST_ASK,"JPM,100046,100"
2019-06-28 15:28:40.000000000,BEST_BID,"JPM,99836,166"
2019-06-28 15:28:40.000000000,BEST_ASK,"JPM,100046,100"
2019-06-28 15:28:40.000000000,BEST_BID,"JPM,99836,166"
2019-06-28 15:28:40.000000000,BEST_ASK,"JPM,100046,100"
2019-06-28 15:28:40.000000000,BEST_BID,"JPM,99836,166"
2019-06-28 15:28:40.000000000,BEST_ASK,"JPM,100046,100"
2019-06-28 15:28:40.000000000,BEST_BID,"JPM,99836,166"
2019-06-28 15:28:40.000000000,BEST_ASK,"JPM,100046,100"
2019-06-28 15:28:40.000000000,BEST_BID,"JPM,99836,166"
2019-06-28 15:28:40.000000000,BEST_ASK,"JPM,100046,166"
2019-06-28 15:28:40.000000000,BEST_BID,"JPM,99836,166"
2019-06-28 15:28:40.000000000,BEST_ASK,"JPM,100046,166"
2019-06-28 15:28:40.000000000,BEST_BID,"JPM,99836,166"
2019-06-28 15:28:40.000000000,BEST_ASK,"JPM,100046,166"
2019-06-28 15:28:40.000000000,BEST_BID,"JPM,99836,166"
2019-06-28 15:28:40.000000000,BEST_ASK,"JPM,100046,166"
2019-06-28 15:28:40.000000000,BEST_BID,"JPM,99836,166"
2019-06-28 15:28:40.000000000,BEST_ASK,"JPM,100046,166"
2019-06-28 15:28:50.000000000,QUERY_SPREAD,1
2019-06-28 15:28:50.000000000,BEST_BID,"JPM,99836,182"
2019-06-28 15:28:50.000000000,BEST_ASK,"JPM,100046,100"
2019-06-28 15:28:50.000000000,BEST_BID,"JPM,99836,182"
2019-06-28 15:28:50.000000000,BEST_ASK,"JPM,100046,100"
2019-06-28 15:28:50.000000000,BEST_BID,"JPM,99836,182"
2019-06-28 15:28:50.000000000,BEST_ASK,"JPM,100046,100"
2019-06-28 15:28:50.000000000,BEST_BID,"JPM,99836,182"
2019-06-28 15:28:50.000000000,BEST_ASK,"JPM,100046,100"
2019-06-28 15:28:50.000000000,BEST_BID,"JPM,99836,182"
2019-06-28 15:28:50.000000000,BEST_ASK,"JPM,100046,182"
2019-06-28 15:28:50.000000000,BEST_BID,"JPM,99836,182"
2019-06-28 15:28:50.000000000,BEST_ASK,"JPM,100046,182"
2019-06-28 15:28:50.000000000,BEST_BID,"JPM,99836,182"
2019-06-28 15:28:50.000000000,BEST_ASK,"JPM,100046,182"
2019-06-28 15:28:50.000000000,BEST_BID,"JPM,99836,182"
2019-06-28 15:28:50.000000000,BEST_ASK,"JPM,100046,182"
2019-06-28 15:28:58.578936874,QUERY_SPREAD,38
2019-06-28 15:28:58.578936874,BEST_BID,"JPM,99836,182"
2019-06-28 15:28:58.578936874,BEST_ASK,"JPM,100046,182"
2019-06-28 15:29:00.000000000,QUERY_SPREAD,1
2019-06-28 15:29:00.000000000,BEST_BID,"JPM,99836,182"
2019-06-28 15:29:00.000000000,BEST_ASK,"JPM,100046,100"
2019-06-28 15:29:00.000000000,BEST_BID,"JPM,99836,182"
2019-06-28 15:29:00.000000000,BEST_ASK,"JPM,100046,100"
2019-06-28 15:29:00.000000000,BEST_BID,"JPM,99836,182"
2019-06-28 15:29:00.000000000,BEST_ASK,"JPM,100046,100"
2019-06-28 15:29:00.000000000,BEST_BID,"JPM,99836,182"
2019-06-28 15:29:00.000000000,BEST_ASK,"JPM,100046,100"
2019-06-28 15:29:00.000000000,BEST_BID,"JPM,99836,182"
2019-06-28 15:29:00.000000000,BEST_ASK,"JPM,100046,182"
2019-06-28 15:29:00.000000000,BEST_BID,"JPM,99836,182"
2019-06-28 15:29:00.000000000,BEST_ASK,"JPM,100046,182"
2019-06-28 15:29:00.000000000,BEST_BID,"JPM,99836,182"
2019-06-28 15:29:00.000000000,BEST_ASK,"JPM,100046,182"
2019-06-28 15:29:00.000000000,BEST_BID,"JPM,99836,182"
2019-06-28 15:29:00.000000000,BEST_ASK,"JPM,100046,182"
2019-06-28 15:29:00.000000000,QUERY_SPREAD,77
2019-06-28 15:29:00.000000000,BEST_BID,"JPM,99836,182"
2019-06-28 15:29:00.000000000,BEST_ASK,"JPM,100046,178"
2019-06-28 15:29:00.000000000,LAST_TRADE,"4,$100046.0000"
2019-06-28 15:29:00.000000000,QUERY_SPREAD,78
2019-06-28 15:29:00.000000000,BEST_BID,"JPM,99836,182"
2019-06-28 15:29:00.000000000,BEST_ASK,"JPM,100046,170"
2019-06-28 15:29:00.000000000,LAST_TRADE,"8,$100046.0000"
2019-06-28 15:29:00.000000000,QUERY_SPREAD,79
2019-06-28 15:29:00.000000000,BEST_BID,"JPM,99836,182"
2019-06-28 15:29:00.000000000,BEST_ASK,"JPM,100046,169"
2019-06-28 15:29:00.000000000,LAST_TRADE,"1,$100046.0000"
2019-06-28 15:29:00.000000000,QUERY_SPREAD,80
2019-06-28 15:29:00.000000000,BEST_BID,"JPM,99836,182"
2019-06-28 15:29:00.000000000,BEST_ASK,"JPM,100046,164"
2019-06-28 15:29:00.000000000,LAST_TRADE,"5,$100046.0000"
2019-06-28 15:29:00.000000000,QUERY_SPREAD,81
2019-06-28 15:29:00.000000000,BEST_BID,"JPM,99836,182"
2019-06-28 15:29:00.000000000,BEST_ASK,"JPM,100046,159"
2019-06-28 15:29:00.000000000,LAST_TRADE,"5,$100046.0000"
2019-06-28 15:29:00.000000000,QUERY_SPREAD,82
2019-06-28 15:29:00.000000000,BEST_BID,"JPM,99836,182"
2019-06-28 15:29:00.000000000,BEST_ASK,"JPM,100046,153"
2019-06-28 15:29:00.000000000,LAST_TRADE,"6,$100046.0000"
2019-06-28 15:29:00.000000000,QUERY_SPREAD,83
2019-06-28 15:29:00.000000000,BEST_BID,"JPM,99836,182"
2019-06-28 15:29:00.000000000,BEST_ASK,"JPM,100046,149"
2019-06-28 15:29:00.000000000,LAST_TRADE,"4,$100046.0000"
2019-06-28 15:29:00.000000000,QUERY_SPREAD,84
2019-06-28 15:29:00.000000000,BEST_BID,"JPM,99836,182"
2019-06-28 15:29:00.000000000,BEST_ASK,"JPM,100046,144"
2019-06-28 15:29:00.000000000,LAST_TRADE,"5,$100046.0000"
2019-06-28 15:29:00.000000000,QUERY_SPREAD,85
2019-06-28 15:29:00.000000000,BEST_BID,"JPM,99836,182"
2019-06-28 15:29:00.000000000,BEST_ASK,"JPM,100046,139"
2019-06-28 15:29:00.000000000,LAST_TRADE,"5,$100046.0000"
2019-06-28 15:29:00.000000000,QUERY_SPREAD,86
2019-06-28 15:29:00.000000000,BEST_BID,"JPM,99836,182"
2019-06-28 15:29:00.000000000,BEST_ASK,"JPM,100046,130"
2019-06-28 15:29:00.000000000,LAST_TRADE,"9,$100046.0000"
2019-06-28 15:29:00.000000000,QUERY_SPREAD,87
2019-06-28 15:29:00.000000000,BEST_BID,"JPM,99836,182"
2019-06-28 15:29:00.000000000,BEST_ASK,"JPM,100046,128"
2019-06-28 15:29:00.000000000,LAST_TRADE,"2,$100046.0000"
2019-06-28 15:29:00.000000000,QUERY_SPREAD,88
2019-06-28 15:29:00.000000000,BEST_BID,"JPM,99836,182"
2019-06-28 15:29:00.000000000,BEST_ASK,"JPM,100046,120"
2019-06-28 15:29:00.000000000,LAST_TRADE,"8,$100046.0000"
2019-06-28 15:29:00.000000000,QUERY_SPREAD,89
2019-06-28 15:29:00.000000000,BEST_BID,"JPM,99836,182"
2019-06-28 15:29:00.000000000,BEST_ASK,"JPM,100046,113"
2019-06-28 15:29:00.000000000,LAST_TRADE,"7,$100046.0000"
2019-06-28 15:29:00.000000000,QUERY_SPREAD,90
2019-06-28 15:29:00.000000000,BEST_BID,"JPM,99836,182"
2019-06-28 15:29:00.000000000,BEST_ASK,"JPM,100046,107"
2019-06-28 15:29:00.000000000,LAST_TRADE,"6,$100046.0000"
2019-06-28 15:29:00.000000000,QUERY_SPREAD,91
2019-06-28 15:29:00.000000000,BEST_BID,"JPM,99836,182"
2019-06-28 15:29:00.000000000,BEST_ASK,"JPM,100046,102"
2019-06-28 15:29:00.000000000,LAST_TRADE,"5,$100046.0000"
2019-06-28 15:29:00.000000000,QUERY_SPREAD,92
2019-06-28 15:29:00.000000000,BEST_BID,"JPM,99836,182"
2019-06-28 15:29:00.000000000,BEST_ASK,"JPM,100046,101"
2019-06-28 15:29:00.000000000,LAST_TRADE,"1,$100046.0000"
2019-06-28 15:29:00.000000000,QUERY_SPREAD,93
2019-06-28 15:29:00.000000000,BEST_BID,"JPM,99836,182"
2019-06-28 15:29:00.000000000,BEST_ASK,"JPM,100046,99"
2019-06-28 15:29:00.000000000,LAST_TRADE,"2,$100046.0000"
2019-06-28 15:29:00.000000000,QUERY_SPREAD,94
2019-06-28 15:29:00.000000000,BEST_BID,"JPM,99836,182"
2019-06-28 15:29:00.000000000,BEST_ASK,"JPM,100046,97"
2019-06-28 15:29:00.000000000,LAST_TRADE,"2,$100046.0000"
2019-06-28 15:29:00.000000000,QUERY_SPREAD,95
2019-06-28 15:29:00.000000000,BEST_BID,"JPM,99836,182"
2019-06-28 15:29:00.000000000,BEST_ASK,"JPM,100046,90"
2019-06-28 15:29:00.000000000,LAST_TRADE,"7,$100046.0000"
2019-06-28 15:29:00.000000000,QUERY_SPREAD,96
2019-06-28 15:29:00.000000000,BEST_BID,"JPM,99836,182"
2019-06-28 15:29:00.000000000,BEST_ASK,"JPM,100046,83"
2019-06-28 15:29:00.000000000,LAST_TRADE,"7,$100046.0000"
2019-06-28 15:29:00.000000000,QUERY_SPREAD,97
2019-06-28 15:29:00.000000000,BEST_BID,"JPM,99836,182"
2019-06-28 15:29:00.000000000,BEST_ASK,"JPM,100046,77"
2019-06-28 15:29:00.000000000,LAST_TRADE,"6,$100046.0000"
2019-06-28 15:29:00.000000000,QUERY_SPREAD,98
2019-06-28 15:29:00.000000000,BEST_BID,"JPM,99836,182"
2019-06-28 15:29:00.000000000,BEST_ASK,"JPM,100046,73"
2019-06-28 15:29:00.000000000,LAST_TRADE,"4,$100046.0000"
2019-06-28 15:29:00.000000000,QUERY_SPREAD,99
2019-06-28 15:29:00.000000000,BEST_BID,"JPM,99836,182"
2019-06-28 15:29:00.000000000,BEST_ASK,"JPM,100046,71"
2019-06-28 15:29:00.000000000,LAST_TRADE,"2,$100046.0000"
2019-06-28 15:29:00.000000000,QUERY_SPREAD,100
2019-06-28 15:29:00.000000000,BEST_BID,"JPM,99836,182"
2019-06-28 15:29:00.000000000,BEST_ASK,"JPM,100046,65"
2019-06-28 15:29:00.000000000,LAST_TRADE,"6,$100046.0000"
2019-06-28 15:29:00.000000000,QUERY_SPREAD,101
2019-06-28 15:29:00.000000000,QUERY_ORDER_STREAM,101
2019-06-28 15:29:01.734617364,QUERY_SPREAD,9
2019-06-28 15:29:01.734617364,BEST_BID,"JPM,99836,182"
2019-06-28 15:29:01.734617364,BEST_ASK,"JPM,100046,65"
2019-06-28 15:29:10.000000000,QUERY_SPREAD,1
2019-06-28 15:29:10.000000000,BEST_BID,"JPM,99836,166"
2019-06-28 15:29:10.000000000,BEST_ASK,"JPM,100191,100"
2019-06-28 15:29:10.000000000,BEST_BID,"JPM,99836,166"
2019-06-28 15:29:10.000000000,BEST_ASK,"JPM,100191,100"
2019-06-28 15:29:10.000000000,BEST_BID,"JPM,99836,166"
2019-06-28 15:29:10.000000000,BEST_ASK,"JPM,100191,100"
2019-06-28 15:29:10.000000000,BEST_BID,"JPM,99836,166"
2019-06-28 15:29:10.000000000,BEST_ASK,"JPM,100191,100"
2019-06-28 15:29:10.000000000,BEST_BID,"JPM,99836,166"
2019-06-28 15:29:10.000000000,BEST_ASK,"JPM,100191,100"
2019-06-28 15:29:10.000000000,BEST_BID,"JPM,99836,166"
2019-06-28 15:29:10.000000000,BEST_ASK,"JPM,100191,166"
2019-06-28 15:29:10.000000000,BEST_BID,"JPM,99836,166"
2019-06-28 15:29:10.000000000,BEST_ASK,"JPM,100191,166"
2019-06-28 15:29:10.000000000,BEST_BID,"JPM,99836,166"
2019-06-28 15:29:10.000000000,BEST_ASK,"JPM,100191,166"
2019-06-28 15:29:10.000000000,BEST_BID,"JPM,99836,166"
2019-06-28 15:29:10.000000000,BEST_ASK,"JPM,100191,166"
2019-06-28 15:29:10.000000000,BEST_BID,"JPM,99836,166"
2019-06-28 15:29:10.000000000,BEST_ASK,"JPM,100191,166"
2019-06-28 15:29:13.495844844,QUERY_SPREAD,48
2019-06-28 15:29:13.495844844,BEST_BID,"JPM,99836,166"
2019-06-28 15:29:13.495844844,BEST_ASK,"JPM,100191,66"
2019-06-28 15:29:13.495844844,LAST_TRADE,"100,$100191.0000"
2019-06-28 15:29:20.000000000,QUERY_SPREAD,1
2019-06-28 15:29:20.000000000,BEST_BID,"JPM,99836,212"
2019-06-28 15:29:20.000000000,BEST_ASK,"JPM,100216,100"
2019-06-28 15:29:20.000000000,BEST_BID,"JPM,99836,212"
2019-06-28 15:29:20.000000000,BEST_ASK,"JPM,100216,100"
2019-06-28 15:29:20.000000000,BEST_BID,"JPM,99836,212"
2019-06-28 15:29:20.000000000,BEST_ASK,"JPM,100216,100"
2019-06-28 15:29:20.000000000,BEST_BID,"JPM,99836,212"
2019-06-28 15:29:20.000000000,BEST_ASK,"JPM,100216,212"
2019-06-28 15:29:20.000000000,BEST_BID,"JPM,99836,212"
2019-06-28 15:29:20.000000000,BEST_ASK,"JPM,100216,212"
2019-06-28 15:29:20.000000000,BEST_BID,"JPM,99836,212"
2019-06-28 15:29:20.000000000,BEST_ASK,"JPM,100216,212"
2019-06-28 15:29:23.267590139,QUERY_SPREAD,49
2019-06-28 15:29:23.267590139,BEST_BID,"JPM,99836,212"
2019-06-28 15:29:23.267590139,BEST_ASK,"JPM,100216,212"
2019-06-28 15:29:28.650364448,QUERY_ORDER_STREAM,55
2019-06-28 15:29:28.650364448,QUERY_SPREAD,55
2019-06-28 15:29:30.000000000,QUERY_SPREAD,1
2019-06-28 15:29:30.000000000,BEST_BID,"JPM,99836,166"
2019-06-28 15:29:30.000000000,BEST_ASK,"JPM,100216,100"
2019-06-28 15:29:30.000000000,BEST_BID,"JPM,99836,166"
2019-06-28 15:29:30.000000000,BEST_ASK,"JPM,100216,100"
2019-06-28 15:29:30.000000000,BEST_BID,"JPM,99836,166"
2019-06-28 15:29:30.000000000,BEST_ASK,"JPM,100216,100"
2019-06-28 15:29:30.000000000,BEST_BID,"JPM,99836,166"
2019-06-28 15:29:30.000000000,BEST_ASK,"JPM,100216,100"
2019-06-28 15:29:30.000000000,BEST_BID,"JPM,99836,166"
2019-06-28 15:29:30.000000000,BEST_ASK,"JPM,100216,100"
2019-06-28 15:29:30.000000000,BEST_BID,"JPM,99836,166"
2019-06-28 15:29:30.000000000,BEST_ASK,"JPM,100216,166"
2019-06-28 15:29:30.000000000,BEST_BID,"JPM,99836,166"
2019-06-28 15:29:30.000000000,BEST_ASK,"JPM,100216,166"
2019-06-28 15:29:30.000000000,BEST_BID,"JPM,99836,166"
2019-06-28 15:29:30.000000000,BEST_ASK,"JPM,100216,166"
2019-06-28 15:29:30.000000000,BEST_BID,"JPM,99836,166"
2019-06-28 15:29:30.000000000,BEST_ASK,"JPM,100216,166"
2019-06-28 15:29:30.000000000,BEST_BID,"JPM,99836,166"
2019-06-28 15:29:30.000000000,BEST_ASK,"JPM,100216,166"
2019-06-28 15:29:31.965948373,QUERY_ORDER_STREAM,70
2019-06-28 15:29:31.965948373,QUERY_SPREAD,70
2019-06-28 15:29:31.965948373,BEST_BID,"JPM,100046,100"
2019-06-28 15:29:31.965948373,BEST_ASK,"JPM,100216,166"
2019-06-28 15:29:40.000000000,QUERY_SPREAD,1
2019-06-28 15:29:40.000000000,BEST_BID,"JPM,100046,428"
2019-06-28 15:29:40.000000000,BEST_ASK,"JPM,100216,100"
2019-06-28 15:29:40.000000000,BEST_BID,"JPM,100046,428"
2019-06-28 15:29:40.000000000,BEST_ASK,"JPM,100216,428"
2019-06-28 15:29:42.652254382,QUERY_SPREAD,19
2019-06-28 15:29:42.652254382,BEST_BID,"JPM,100046,428"
2019-06-28 15:29:42.652254382,BEST_ASK,"JPM,100216,428"
2019-06-28 15:29:48.851495103,QUERY_SPREAD,7
2019-06-28 15:29:48.851495103,BEST_BID,"JPM,100046,428"
2019-06-28 15:29:48.851495103,BEST_ASK,"JPM,100216,428"
2019-06-28 15:29:50.000000000,QUERY_SPREAD,1
2019-06-28 15:29:50.000000000,BEST_BID,"JPM,100046,166"
2019-06-28 15:29:50.000000000,BEST_ASK,"JPM,100216,100"
2019-06-28 15:29:50.000000000,BEST_BID,"JPM,100046,166"
2019-06-28 15:29:50.000000000,BEST_ASK,"JPM,100216,100"
2019-06-28 15:29:50.000000000,BEST_BID,"JPM,100046,166"
2019-06-28 15:29:50.000000000,BEST_ASK,"JPM,100216,100"
2019-06-28 15:29:50.000000000,BEST_BID,"JPM,100046,166"
2019-06-28 15:29:50.000000000,BEST_ASK,"JPM,100216,100"
2019-06-28 15:29:50.000000000,BEST_BID,"JPM,100046,166"
2019-06-28 15:29:50.000000000,BEST_ASK,"JPM,100216,100"
2019-06-28 15:29:50.000000000,BEST_BID,"JPM,100046,166"
2019-06-28 15:29:50.000000000,BEST_ASK,"JPM,100216,166"
2019-06-28 15:29:50.000000000,BEST_BID,"JPM,100046,166"
2019-06-28 15:29:50.000000000,BEST_ASK,"JPM,100216,166"
2019-06-28 15:29:50.000000000,BEST_BID,"JPM,100046,166"
2019-06-28 15:29:50.000000000,BEST_ASK,"JPM,100216,166"
2019-06-28 15:29:50.000000000,BEST_BID,"JPM,100046,166"
2019-06-28 15:29:50.000000000,BEST_ASK,"JPM,100216,166"
2019-06-28 15:29:50.000000000,BEST_BID,"JPM,100046,166"
2019-06-28 15:29:50.000000000,BEST_ASK,"JPM,100216,166"
2019-06-28 15:30:00.000000000,QUERY_SPREAD,1
2019-06-28 15:30:00.000000000,BEST_BID,"JPM,100046,166"
2019-06-28 15:30:00.000000000,BEST_ASK,"JPM,100216,100"
2019-06-28 15:30:00.000000000,BEST_BID,"JPM,100046,166"
2019-06-28 15:30:00.000000000,BEST_ASK,"JPM,100216,100"
2019-06-28 15:30:00.000000000,BEST_BID,"JPM,100046,166"
2019-06-28 15:30:00.000000000,BEST_ASK,"JPM,100216,100"
2019-06-28 15:30:00.000000000,BEST_BID,"JPM,100046,166"
2019-06-28 15:30:00.000000000,BEST_ASK,"JPM,100216,100"
2019-06-28 15:30:00.000000000,BEST_BID,"JPM,100046,166"
2019-06-28 15:30:00.000000000,BEST_ASK,"JPM,100216,100"
2019-06-28 15:30:00.000000000,BEST_BID,"JPM,100046,166"
2019-06-28 15:30:00.000000000,BEST_ASK,"JPM,100216,166"
2019-06-28 15:30:00.000000000,BEST_BID,"JPM,100046,166"
2019-06-28 15:30:00.000000000,BEST_ASK,"JPM,100216,166"
2019-06-28 15:30:00.000000000,BEST_BID,"JPM,100046,166"
2019-06-28 15:30:00.000000000,BEST_ASK,"JPM,100216,166"
2019-06-28 15:30:00.000000000,BEST_BID,"JPM,100046,166"
2019-06-28 15:30:00.000000000,BEST_ASK,"JPM,100216,166"
2019-06-28 15:30:00.000000000,BEST_BID,"JPM,100046,166"
2019-06-28 15:30:00.000000000,BEST_ASK,"JPM,100216,166"
2019-06-28 15:30:00.000000000,QUERY_SPREAD,77
2019-06-28 15:30:00.000000000,BEST_BID,"JPM,100046,166"
2019-06-28 15:30:00.000000000,BEST_ASK,"JPM,100216,162"
2019-06-28 15:30:00.000000000,LAST_TRADE,"4,$100216.0000"
2019-06-28 15:30:00.000000000,QUERY_SPREAD,78
2019-06-28 15:30:00.000000000,BEST_BID,"JPM,100046,166"
2019-06-28 15:30:00.000000000,BEST_ASK,"JPM,100216,154"
2019-06-28 15:30:00.000000000,LAST_TRADE,"8,$100216.0000"
2019-06-28 15:30:00.000000000,QUERY_SPREAD,79
2019-06-28 15:30:00.000000000,BEST_BID,"JPM,100046,166"
2019-06-28 15:30:00.000000000,BEST_ASK,"JPM,100216,153"
2019-06-28 15:30:00.000000000,LAST_TRADE,"1,$100216.0000"
2019-06-28 15:30:00.000000000,QUERY_SPREAD,80
2019-06-28 15:30:00.000000000,BEST_BID,"JPM,100046,166"
2019-06-28 15:30:00.000000000,BEST_ASK,"JPM,100216,148"
2019-06-28 15:30:00.000000000,LAST_TRADE,"5,$100216.0000"
2019-06-28 15:30:00.000000000,QUERY_SPREAD,81
2019-06-28 15:30:00.000000000,BEST_BID,"JPM,100046,166"
2019-06-28 15:30:00.000000000,BEST_ASK,"JPM,100216,143"
2019-06-28 15:30:00.000000000,LAST_TRADE,"5,$100216.0000"
2019-06-28 15:30:00.000000000,QUERY_SPREAD,82
2019-06-28 15:30:00.000000000,BEST_BID,"JPM,100046,166"
2019-06-28 15:30:00.000000000,BEST_ASK,"JPM,100216,137"
2019-06-28 15:30:00.000000000,LAST_TRADE,"6,$100216.0000"
2019-06-28 15:30:00.000000000,QUERY_SPREAD,83
2019-06-28 15:30:00.000000000,BEST_BID,"JPM,100046,166"
2019-06-28 15:30:00.000000000,BEST_ASK,"JPM,100216,133"
2019-06-28 15:30:00.000000000,LAST_TRADE,"4,$100216.0000"
2019-06-28 15:30:00.000000000,QUERY_SPREAD,84
2019-06-28 15:30:00.000000000,BEST_BID,"JPM,100046,166"
2019-06-28 15:30:00.000000000,BEST_ASK,"JPM,100216,128"
2019-06-28 15:30:00.000000000,LAST_TRADE,"5,$100216.0000"
2019-06-28 15:30:00.000000000,QUERY_SPREAD,85
2019-06-28 15:30:00.000000000,BEST_BID,"JPM,100046,166"
2019-06-28 15:30:00.000000000,BEST_ASK,"JPM,100216,123"
2019-06-28 15:30:00.000000000,LAST_TRADE,"5,$100216.0000"
2019-06-28 15:30:00.000000000,QUERY_SPREAD,86
2019-06-28 15:30:00.000000000,BEST_BID,"JPM,100046,166"
2019-06-28 15:30:00.000000000,BEST_ASK,"JPM,100216,114"
2019-06-28 15:30:00.000000000,LAST_TRADE,"9,$100216.0000"
2019-06-28 15:30:00.000000000,QUERY_SPREAD,87
2019-06-28 15:30:00.000000000,BEST_BID,"JPM,100046,166"
2019-06-28 15:30:00.000000000,BEST_ASK,"JPM,100216,112"
2019-06-28 15:30:00.000000000,LAST_TRADE,"2,$100216.0000"
2019-06-28 15:30:00.000000000,QUERY_SPREAD,88
2019-06-28 15:30:00.000000000,BEST_BID,"JPM,100046,166"
2019-06-28 15:30:00.000000000,BEST_ASK,"JPM,100216,104"
2019-06-28 15:30:00.000000000,LAST_TRADE,"8,$100216.0000"
2019-06-28 15:30:00.000000000,QUERY_SPREAD,89
2019-06-28 15:30:00.000000000,BEST_BID,"JPM,100046,166"
2019-06-28 15:30:00.000000000,BEST_ASK,"JPM,100216,97"
2019-06-28 15:30:00.000000000,LAST_TRADE,"7,$100216.0000"
2019-06-28 15:30:00.000000000,QUERY_SPREAD,90
2019-06-28 15:30:00.000000000,BEST_BID,"JPM,100046,166"
2019-06-28 15:30:00.000000000,BEST_ASK,"JPM,100216,91"
2019-06-28 15:30:00.000000000,LAST_TRADE,"6,$100216.0000"
2019-06-28 15:30:00.000000000,QUERY_SPREAD,91
2019-06-28 15:30:00.000000000,BEST_BID,"JPM,100046,166"
2019-06-28 15:30:00.000000000,BEST_ASK,"JPM,100216,86"
2019-06-28 15:30:00.000000000,LAST_TRADE,"5,$100216.0000"
2019-06-28 15:30:00.000000000,QUERY_SPREAD,92
2019-06-28 15:30:00.000000000,BEST_BID,"JPM,100046,166"
2019-06-28 15:30:00.000000000,BEST_ASK,"JPM,100216,85"
2019-06-28 15:30:00.000000000,LAST_TRADE,"1,$100216.0000"
2019-06-28 15:30:00.000000000,QUERY_SPREAD,93
2019-06-28 15:30:00.000000000,BEST_BID,"JPM,100046,166"
2019-06-28 15:30:00.000000000,BEST_ASK,"JPM,100216,83"
2019-06-28 15:30:00.000000000,LAST_TRADE,"2,$100216.0000"
2019-06-28 15:30:00.000000000,QUERY_SPREAD,94
2019-06-28 15:30:00.000000000,BEST_BID,"JPM,100046,166"
2019-06-28 15:30:00.000000000,BEST_ASK,"JPM,100216,81"
2019-06-28 15:30:00.000000000,LAST_TRADE,"2,$100216.0000"
2019-06-28 15:30:00.000000000,QUERY_SPREAD,95
2019-06-28 15:30:00.000000000,BEST_BID,"JPM,100046,166"
2019-06-28 15:30:00.000000000,BEST_ASK,"JPM,100216,74"
2019-06-28 15:30:00.000000000,LAST_TRADE,"7,$100216.0000"
2019-06-28 15:30:00.000000000,QUERY_SPREAD,96
2019-06-28 15:30:00.000000000,BEST_BID,"JPM,100046,166"
2019-06-28 15:30:00.000000000,BEST_ASK,"JPM,100216,67"
2019-06-28 15:30:00.000000000,LAST_TRADE,"7,$100216.0000"
2019-06-28 15:30:00.000000000,QUERY_SPREAD,97
2019-06-28 15:30:00.000000000,BEST_BID,"JPM,100046,166"
2019-06-28 15:30:00.000000000,BEST_ASK,"JPM,100216,61"
2019-06-28 15:30:00.000000000,LAST_TRADE,"6,$100216.0000"
2019-06-28 15:30:00.000000000,QUERY_SPREAD,98
2019-06-28 15:30:00.000000000,BEST_BID,"JPM,100046,166"
2019-06-28 15:30:00.000000000,BEST_ASK,"JPM,100216,57"
2019-06-28 15:30:00.000000000,LAST_TRADE,"4,$100216.0000"
2019-06-28 15:30:00.000000000,QUERY_SPREAD,99
2019-06-28 15:30:00.000000000,BEST_BID,"JPM,100046,166"
2019-06-28 15:30:00.000000000,BEST_ASK,"JPM,100216,55"
2019-06-28 15:30:00.000000000,LAST_TRADE,"2,$100216.0000"
2019-06-28 15:30:00.000000000,QUERY_SPREAD,100
2019-06-28 15:30:00.000000000,BEST_BID,"JPM,100046,166"
2019-06-28 15:30:00.000000000,BEST_ASK,"JPM,100216,49"
2019-06-28 15:30:00.000000000,LAST_TRADE,"6,$100216.0000"
2019-06-28 15:30:00.000000000,QUERY_SPREAD,101
2019-06-28 15:30:00.000000000,QUERY_ORDER_STREAM,101
2019-06-28 15:30:08.890948797,QUERY_SPREAD,39
2019-06-28 15:30:08.890948797,BEST_BID,"JPM,100216,51"
2019-06-28 15:30:08.890948797,BEST_ASK,"JPM,100858,166"
2019-06-28 15:30:08.890948797,LAST_TRADE,"49,$100216.0000"
2019-06-28 15:30:10.000000000,QUERY_SPREAD,1
2019-06-28 15:30:10.000000000,BEST_BID,"JPM,100216,163"
2019-06-28 15:30:10.000000000,BEST_ASK,"JPM,100858,100"
2019-06-28 15:30:10.000000000,BEST_BID,"JPM,100216,163"
2019-06-28 15:30:10.000000000,BEST_ASK,"JPM,100858,100"
2019-06-28 15:30:10.000000000,BEST_BID,"JPM,100216,163"
2019-06-28 15:30:10.000000000,BEST_ASK,"JPM,100858,100"
2019-06-28 15:30:10.000000000,BEST_BID,"JPM,100216,163"
2019-06-28 15:30:10.000000000,BEST_ASK,"JPM,100858,212"
2019-06-28 15:30:10.000000000,BEST_BID,"JPM,100216,163"
2019-06-28 15:30:10.000000000,BEST_ASK,"JPM,100858,212"
2019-06-28 15:30:10.000000000,BEST_BID,"JPM,100216,163"
2019-06-28 15:30:10.000000000,BEST_ASK,"JPM,100858,212"
2019-06-28 15:30:20.000000000,QUERY_SPREAD,1
2019-06-28 15:30:20.000000000,BEST_BID,"JPM,100216,133"
2019-06-28 15:30:20.000000000,BEST_ASK,"JPM,100858,100"
2019-06-28 15:30:20.000000000,BEST_BID,"JPM,100216,133"
2019-06-28 15:30:20.000000000,BEST_ASK,"JPM,100858,100"
2019-06-28 15:30:20.000000000,BEST_BID,"JPM,100216,133"
2019-06-28 15:30:20.000000000,BEST_ASK,"JPM,100858,100"
2019-06-28 15:30:20.000000000,BEST_BID,"JPM,100216,133"
2019-06-28 15:30:20.000000000,BEST_ASK,"JPM,100858,100"
2019-06-28 15:30:20.000000000,BEST_BID,"JPM,100216,133"
2019-06-28 15:30:20.000000000,BEST_ASK,"JPM,100858,182"
2019-06-28 15:30:20.000000000,BEST_BID,"JPM,100216,133"
2019-06-28 15:30:20.000000000,BEST_ASK,"JPM,100858,182"
2019-06-28 15:30:20.000000000,BEST_BID,"JPM,100216,133"
2019-06-28 15:30:20.000000000,BEST_ASK,"JPM,100858,182"
2019-06-28 15:30:20.000000000,BEST_BID,"JPM,100216,133"
2019-06-28 15:30:20.000000000,BEST_ASK,"JPM,100858,182"
2019-06-28 15:30:28.899572955,QUERY_SPREAD,48
2019-06-28 15:30:28.899572955,BEST_BID,"JPM,100216,133"
2019-06-28 15:30:28.899572955,BEST_ASK,"JPM,100858,182"
2019-06-28 15:30:30.000000000,QUERY_SPREAD,1
2019-06-28 15:30:30.000000000,BEST_BID,"JPM,100216,117"
2019-06-28 15:30:30.000000000,BEST_ASK,"JPM,100858,100"
2019-06-28 15:30:30.000000000,BEST_BID,"JPM,100216,117"
2019-06-28 15:30:30.000000000,BEST_ASK,"JPM,100858,100"
2019-06-28 15:30:30.000000000,BEST_BID,"JPM,100216,117"
2019-06-28 15:30:30.000000000,BEST_ASK,"JPM,100858,100"
2019-06-28 15:30:30.000000000,BEST_BID,"JPM,100216,117"
2019-06-28 15:30:30.000000000,BEST_ASK,"JPM,100858,100"
2019-06-28 15:30:30.000000000,BEST_BID,"JPM,100216,117"
2019-06-28 15:30:30.000000000,BEST_ASK,"JPM,100858,100"
2019-06-28 15:30:30.000000000,BEST_BID,"JPM,100216,117"
2019-06-28 15:30:30.000000000,BEST_ASK,"JPM,100858,166"
2019-06-28 15:30:30.000000000,BEST_BID,"JPM,100216,117"
2019-06-28 15:30:30.000000000,BEST_ASK,"JPM,100858,166"
2019-06-28 15:30:30.000000000,BEST_BID,"JPM,100216,117"
2019-06-28 15:30:30.000000000,BEST_ASK,"JPM,100858,166"
2019-06-28 15:30:30.000000000,BEST_BID,"JPM,100216,117"
2019-06-28 15:30:30.000000000,BEST_ASK,"JPM,100858,166"
2019-06-28 15:30:30.000000000,BEST_BID,"JPM,100216,117"
2019-06-28 15:30:30.000000000,BEST_ASK,"JPM,100858,166"
2019-06-28 15:30:40.000000000,QUERY_SPREAD,1
2019-06-28 15:30:40.000000000,BEST_BID,"JPM,100216,379"
2019-06-28 15:30:40.000000000,BEST_ASK,"JPM,100858,100"
2019-06-28 15:30:40.000000000,BEST_BID,"JPM,100216,379"
2019-06-28 15:30:40.000000000,BEST_ASK,"JPM,100858,428"
2019-06-28 15:30:44.692291450,QUERY_SPREAD,46
2019-06-28 15:30:44.692291450,BEST_BID,"JPM,100216,379"
2019-06-28 15:30:44.692291450,BEST_ASK,"JPM,100858,428"
2019-06-28 15:30:50.000000000,QUERY_SPREAD,1
2019-06-28 15:30:50.000000000,BEST_BID,"JPM,100216,163"
2019-06-28 15:30:50.000000000,BEST_ASK,"JPM,100858,100"
2019-06-28 15:30:50.000000000,BEST_BID,"JPM,100216,163"
2019-06-28 15:30:50.000000000,BEST_ASK,"JPM,100858,100"
2019-06-28 15:30:50.000000000,BEST_BID,"JPM,100216,163"
2019-06-28 15:30:50.000000000,BEST_ASK,"JPM,100858,100"
2019-06-28 15:30:50.000000000,BEST_BID,"JPM,100216,163"
2019-06-28 15:30:50.000000000,BEST_ASK,"JPM,100858,212"
2019-06-28 15:30:50.000000000,BEST_BID,"JPM,100216,163"
2019-06-28 15:30:50.000000000,BEST_ASK,"JPM,100858,212"
2019-06-28 15:30:50.000000000,BEST_BID,"JPM,100216,163"
2019-06-28 15:30:50.000000000,BEST_ASK,"JPM,100858,212"
2019-06-28 15:30:55.724356065,QUERY_ORDER_STREAM,61
2019-06-28 15:30:55.724356065,QUERY_SPREAD,61
2019-06-28 15:31:00.000000000,QUERY_SPREAD,1
2019-06-28 15:31:00.000000000,BEST_BID,"JPM,100216,133"
2019-06-28 15:31:00.000000000,BEST_ASK,"JPM,100858,100"
2019-06-28 15:31:00.000000000,BEST_BID,"JPM,100216,133"
2019-06-28 15:31:00.000000000,BEST_ASK,"JPM,100858,100"
2019-06-28 15:31:00.000000000,BEST_BID,"JPM,100216,133"
2019-06-28 15:31:00.000000000,BEST_ASK,"JPM,100858,100"
2019-06-28 15:31:00.000000000,BEST_BID,"JPM,100216,133"
2019-06-28 15:31:00.000000000,BEST_ASK,"JPM,100858,100"
2019-06-28 15:31:00.000000000,BEST_BID,"JPM,100216,133"
2019-06-28 15:31:00.000000000,BEST_ASK,"JPM,100858,182"
2019-06-28 15:31:00.000000000,BEST_BID,"JPM,100216,133"
2019-06-28 15:31:00.000000000,BEST_ASK,"JPM,100858,182"
2019-06-28 15:31:00.000000000,BEST_BID,"JPM,100216,133"
2019-06-28 15:31:00.000000000,BEST_ASK,"JPM,100858,182"
2019-06-28 15:31:00.000000000,BEST_BID,"JPM,100216,133"
2019-06-28 15:31:00.000000000,BEST_ASK,"JPM,100858,182"
2019-06-28 15:31:00.000000000,QUERY_SPREAD,77
2019-06-28 15:31:00.000000000,BEST_BID,"JPM,100216,133"
2019-06-28 15:31:00.000000000,BEST_ASK,"JPM,100858,178"
2019-06-28 15:31:00.000000000,LAST_TRADE,"4,$100858.0000"
2019-06-28 15:31:00.000000000,QUERY_SPREAD,78
2019-06-28 15:31:00.000000000,BEST_BID,"JPM,100216,133"
2019-06-28 15:31:00.000000000,BEST_ASK,"JPM,100858,170"
2019-06-28 15:31:00.000000000,LAST_TRADE,"8,$100858.0000"
2019-06-28 15:31:00.000000000,QUERY_SPREAD,79
2019-06-28 15:31:00.000000000,BEST_BID,"JPM,100216,133"
2019-06-28 15:31:00.000000000,BEST_ASK,"JPM,100858,169"
2019-06-28 15:31:00.000000000,LAST_TRADE,"1,$100858.0000"
2019-06-28 15:31:00.000000000,QUERY_SPREAD,80
2019-06-28 15:31:00.000000000,BEST_BID,"JPM,100216,133"
2019-06-28 15:31:00.000000000,BEST_ASK,"JPM,100858,164"
2019-06-28 15:31:00.000000000,LAST_TRADE,"5,$100858.0000"
2019-06-28 15:31:00.000000000,QUERY_SPREAD,81
2019-06-28 15:31:00.000000000,BEST_BID,"JPM,100216,133"
2019-06-28 15:31:00.000000000,BEST_ASK,"JPM,100858,159"
2019-06-28 15:31:00.000000000,LAST_TRADE,"5,$100858.0000"
2019-06-28 15:31:00.000000000,QUERY_SPREAD,82
2019-06-28 15:31:00.000000000,BEST_BID,"JPM,100216,133"
2019-06-28 15:31:00.000000000,BEST_ASK,"JPM,100858,153"
2019-06-28 15:31:00.000000000,LAST_TRADE,"6,$100858.0000"
2019-06-28 15:31:00.000000000,QUERY_SPREAD,83
2019-06-28 15:31:00.000000000,BEST_BID,"JPM,100216,133"
2019-06-28 15:31:00.000000000,BEST_ASK,"JPM,100858,149"
2019-06-28 15:31:00.000000000,LAST_TRADE,"4,$100858.0000"
2019-06-28 15:31:00.000000000,QUERY_SPREAD,84
2019-06-28 15:31:00.000000000,BEST_BID,"JPM,100216,133"
2019-06-28 15:31:00.000000000,BEST_ASK,"JPM,100858,144"
2019-06-28 15:31:00.000000000,LAST_TRADE,"5,$100858.0000"
2019-06-28 15:31:00.000000000,QUERY_SPREAD,85
2019-06-28 15:31:00.000000000,BEST_BID,"JPM,100216,133"
2019-06-28 15:31:00.000000000,BEST_ASK,"JPM,100858,139"
2019-06-28 15:31:00.000000000,LAST_TRADE,"5,$100858.0000"
2019-06-28 15:31:00.000000000,QUERY_SPREAD,86
2019-06-28 15:31:00.000000000,BEST_BID,"JPM,100216,133"
2019-06-28 15:31:00.000000000,BEST_ASK,"JPM,100858,130"
2019-06-28 15:31:00.000000000,LAST_TRADE,"9,$100858.0000"
2019-06-28 15:31:00.000000000,QUERY_SPREAD,87
2019-06-28 15:31:00.000000000,BEST_BID,"JPM,100216,133"
2019-06-28 15:31:00.000000000,BEST_ASK,"JPM,100858,128"
2019-06-28 15:31:00.000000000,LAST_TRADE,"2,$100858.0000"
2019-06-28 15:31:00.000000000,QUERY_SPREAD,88
2019-06-28 15:31:00.000000000,BEST_BID,"JPM,100216,133"
2019-06-28 15:31:00.000000000,BEST_ASK,"JPM,100858,120"
2019-06-28 15:31:00.000000000,LAST_TRADE,"8,$100858.0000"
2019-06-28 15:31:00.000000000,QUERY_SPREAD,89
2019-06-28 15:31:00.000000000,BEST_BID,"JPM,100216,133"
2019-06-28 15:31:00.000000000,BEST_ASK,"JPM,100858,113"
2019-06-28 15:31:00.000000000,LAST_TRADE,"7,$100858.0000"
2019-06-28 15:31:00.000000000,QUERY_SPREAD,90
2019-06-28 15:31:00.000000000,BEST_BID,"JPM,100216,133"
2019-06-28 15:31:00.000000000,BEST_ASK,"JPM,100858,107"
2019-06-28 15:31:00.000000000,LAST_TRADE,"6,$100858.0000"
2019-06-28 15:31:00.000000000,QUERY_SPREAD,91
2019-06-28 15:31:00.000000000,BEST_BID,"JPM,100216,133"
2019-06-28 15:31:00.000000000,BEST_ASK,"JPM,100858,102"
2019-06-28 15:31:00.000000000,LAST_TRADE,"5,$100858.0000"
2019-06-28 15:31:00.000000000,QUERY_SPREAD,92
2019-06-28 15:31:00.000000000,BEST_BID,"JPM,100216,133"
2019-06-28 15:31:00.000000000,BEST_ASK,"JPM,100858,101"
2019-06-28 15:31:00.000000000,LAST_TRADE,"1,$100858.0000"
2019-06-28 15:31:00.000000000,QUERY_SPREAD,93
2019-06-28 15:31:00.000000000,BEST_BID,"JPM,100216,133"
2019-06-28 15:31:00.000000000,BEST_ASK,"JPM,100858,99"
2019-06-28 15:31:00.000000000,LAST_TRADE,"2,$100858.0000"
2019-06-28 15:31:00.000000000,QUERY_SPREAD,94
2019-06-28 15:31:00.000000000,BEST_BID,"JPM,100216,133"
2019-06-28 15:31:00.000000000,BEST_ASK,"JPM,100858,97"
2019-06-28 15:31:00.000000000,LAST_TRADE,"2,$100858.0000"
2019-06-28 15:31:00.000000000,QUERY_SPREAD,95
2019-06-28 15:31:00.000000000,BEST_BID,"JPM,100216,133"
2019-06-28 15:31:00.000000000,BEST_ASK,"JPM,100858,90"
2019-06-28 15:31:00.000000000,LAST_TRADE,"7,$100858.0000"
2019-06-28 15:31:00.000000000,QUERY_SPREAD,96
2019-06-28 15:31:00.000000000,BEST_BID,"JPM,100216,133"
2019-06-28 15:31:00.000000000,BEST_ASK,"JPM,100858,83"
2019-06-28 15:31:00.000000000,LAST_TRADE,"7,$100858.0000"
2019-06-28 15:31:00.000000000,QUERY_SPREAD,97
2019-06-28 15:31:00.000000000,BEST_BID,"JPM,100216,133"
2019-06-28 15:31:00.000000000,BEST_ASK,"JPM,100858,77"
2019-06-28 15:31:00.000000000,LAST_TRADE,"6,$100858.0000"
2019-06-28 15:31:00.000000000,QUERY_SPREAD,98
2019-06-28 15:31:00.000000000,BEST_BID,"JPM,100216,133"
2019-06-28 15:31:00.000000000,BEST_ASK,"JPM,100858,73"
2019-06-28 15:31:00.000000000,LAST_TRADE,"4,$100858.0000"
2019-06-28 15:31:00.000000000,QUERY_SPREAD,99
2019-06-28 15:31:00.000000000,BEST_BID,"JPM,100216,133"
2019-06-28 15:31:00.000000000,BEST_ASK,"JPM,100858,71"
2019-06-28 15:31:00.000000000,LAST_TRADE,"2,$100858.0000"
2019-06-28 15:31:00.000000000,QUERY_SPREAD,100
2019-06-28 15:31:00.000000000,BEST_BID,"JPM,100216,133"
2019-06-28 15:31:00.000000000,BEST_ASK,"JPM,100858,65"
2019-06-28 15:31:00.000000000,LAST_TRADE,"6,$100858.0000"
2019-06-28 15:31:00.000000000,QUERY_SPREAD,101
2019-06-28 15:31:00.000000000,QUERY_ORDER_STREAM,101
2019-06-28 15:31:10.000000000,QUERY_SPREAD,1
2019-06-28 15:31:10.000000000,BEST_BID,"JPM,100216,163"
2019-06-28 15:31:10.000000000,BEST_ASK,"JPM,101034,100"
2019-06-28 15:31:10.000000000,BEST_BID,"JPM,100216,163"
2019-06-28 15:31:10.000000000,BEST_ASK,"JPM,101034,100"
2019-06-28 15:31:10.000000000,BEST_BID,"JPM,100216,163"
2019-06-28 15:31:10.000000000,BEST_ASK,"JPM,101034,100"
2019-06-28 15:31:10.000000000,BEST_BID,"JPM,100216,163"
2019-06-28 15:31:10.000000000,BEST_ASK,"JPM,101034,212"
2019-06-28 15:31:10.000000000,BEST_BID,"JPM,100216,163"
2019-06-28 15:31:10.000000000,BEST_ASK,"JPM,101034,212"
2019-06-28 15:31:10.000000000,BEST_BID,"JPM,100216,163"
2019-06-28 15:31:10.000000000,BEST_ASK,"JPM,101034,212"
2019-06-28 15:31:11.005854915,QUERY_ORDER_STREAM,55
2019-06-28 15:31:11.005854915,QUERY_SPREAD,55
2019-06-28 15:31:11.005854915,BEST_BID,"JPM,100858,100"
2019-06-28 15:31:11.005854915,BEST_ASK,"JPM,101034,212"
2019-06-28 15:31:20.000000000,QUERY_SPREAD,1
2019-06-28 15:31:20.000000000,BEST_BID,"JPM,100858,428"
2019-06-28 15:31:20.000000000,BEST_ASK,"JPM,101034,100"
2019-06-28 15:31:20.000000000,BEST_BID,"JPM,100858,428"
2019-06-28 15:31:20.000000000,BEST_ASK,"JPM,101034,428"
2019-06-28 15:31:23.402359676,QUERY_SPREAD,14
2019-06-28 15:31:23.402359676,BEST_BID,"JPM,100858,328"
2019-06-28 15:31:23.402359676,BEST_ASK,"JPM,101034,428"
2019-06-28 15:31:23.402359676,LAST_TRADE,"100,$100858.0000"
2019-06-28 15:31:27.306478721,QUERY_SPREAD,24
2019-06-28 15:31:27.306478721,BEST_BID,"JPM,100868,100"
2019-06-28 15:31:27.306478721,BEST_ASK,"JPM,101034,428"
2019-06-28 15:31:30.000000000,QUERY_SPREAD,1
2019-06-28 15:31:30.000000000,BEST_BID,"JPM,100868,166"
2019-06-28 15:31:30.000000000,BEST_ASK,"JPM,101034,100"
2019-06-28 15:31:30.000000000,BEST_BID,"JPM,100868,166"
2019-06-28 15:31:30.000000000,BEST_ASK,"JPM,101034,100"
2019-06-28 15:31:30.000000000,BEST_BID,"JPM,100868,166"
2019-06-28 15:31:30.000000000,BEST_ASK,"JPM,101034,100"
2019-06-28 15:31:30.000000000,BEST_BID,"JPM,100868,166"
2019-06-28 15:31:30.000000000,BEST_ASK,"JPM,101034,100"
2019-06-28 15:31:30.000000000,BEST_BID,"JPM,100868,166"
2019-06-28 15:31:30.000000000,BEST_ASK,"JPM,101034,100"
2019-06-28 15:31:30.000000000,BEST_BID,"JPM,100868,166"
2019-06-28 15:31:30.000000000,BEST_ASK,"JPM,101034,166"
2019-06-28 15:31:30.000000000,BEST_BID,"JPM,100868,166"
2019-06-28 15:31:30.000000000,BEST_ASK,"JPM,101034,166"
2019-06-28 15:31:30.000000000,BEST_BID,"JPM,100868,166"
2019-06-28 15:31:30.000000000,BEST_ASK,"JPM,101034,166"
2019-06-28 15:31:30.000000000,BEST_BID,"JPM,100868,166"
2019-06-28 15:31:30.000000000,BEST_ASK,"JPM,101034,166"
2019-06-28 15:31:30.000000000,BEST_BID,"JPM,100868,166"
2019-06-28 15:31:30.000000000,BEST_ASK,"JPM,101034,166"
2019-06-28 15:31:40.000000000,QUERY_SPREAD,1
2019-06-28 15:31:40.000000000,BEST_BID,"JPM,100868,182"
2019-06-28 15:31:40.000000000,BEST_ASK,"JPM,101034,100"
2019-06-28 15:31:40.000000000,BEST_BID,"JPM,100868,182"
2019-06-28 15:31:40.000000000,BEST_ASK,"JPM,101034,100"
2019-06-28 15:31:40.000000000,BEST_BID,"JPM,100868,182"
2019-06-28 15:31:40.000000000,BEST_ASK,"JPM,101034,100"
2019-06-28 15:31:40.000000000,BEST_BID,"JPM,100868,182"
2019-06-28 15:31:40.000000000,BEST_ASK,"JPM,101034,100"
2019-06-28 15:31:40.000000000,BEST_BID,"JPM,100868,182"
2019-06-28 15:31:40.000000000,BEST_ASK,"JPM,101034,182"
2019-06-28 15:31:40.000000000,BEST_BID,"JPM,100868,182"
2019-06-28 15:31:40.000000000,BEST_ASK,"JPM,101034,182"
2019-06-28 15:31:40.000000000,BEST_BID,"JPM,100868,182"
2019-06-28 15:31:40.000000000,BEST_ASK,"JPM,101034,182"
2019-06-28 15:31:40.000000000,BEST_BID,"JPM,100868,182"
2019-06-28 15:31:40.000000000,BEST_ASK,"JPM,101034,182"
2019-06-28 15:31:45.575442901,QUERY_ORDER_STREAM,74
2019-06-28 15:31:45.575442901,QUERY_SPREAD,74
2019-06-28 15:31:50.000000000,QUERY_SPREAD,1
2019-06-28 15:31:50.000000000,BEST_BID,"JPM,100868,212"
2019-06-28 15:31:50.000000000,BEST_ASK,"JPM,101034,100"
2019-06-28 15:31:50.000000000,BEST_BID,"JPM,100868,212"
2019-06-28 15:31:50.000000000,BEST_ASK,"JPM,101034,100"
2019-06-28 15:31:50.000000000,BEST_BID,"JPM,100868,212"
2019-06-28 15:31:50.000000000,BEST_ASK,"JPM,101034,100"
2019-06-28 15:31:50.000000000,BEST_BID,"JPM,100868,212"
2019-06-28 15:31:50.000000000,BEST_ASK,"JPM,101034,212"
2019-06-28 15:31:50.000000000,BEST_BID,"JPM,100868,212"
2019-06-28 15:31:50.000000000,BEST_ASK,"JPM,101034,212"
2019-06-28 15:31:50.000000000,BEST_BID,"JPM,100868,212"
2019-06-28 15:31:50.000000000,BEST_ASK,"JPM,101034,212"
2019-06-28 15:32:00.000000000,QUERY_SPREAD,1
2019-06-28 15:32:00.000000000,BEST_BID,"JPM,100868,166"
2019-06-28 15:32:00.000000000,BEST_ASK,"JPM,101034,100"
2019-06-28 15:32:00.000000000,BEST_BID,"JPM,100868,166"
2019-06-28 15:32:00.000000000,BEST_ASK,"JPM,101034,100"
2019-06-28 15:32:00.000000000,BEST_BID,"JPM,100868,166"
2019-06-28 15:32:00.000000000,BEST_ASK,"JPM,101034,100"
2019-06-28 15:32:00.000000000,BEST_BID,"JPM,100868,166"
2019-06-28 15:32:00.000000000,BEST_ASK,"JPM,101034,100"
2019-06-28 15:32:00.000000000,BEST_BID,"JPM,100868,166"
2019-06-28 15:32:00.000000000,BEST_ASK,"JPM,101034,100"
2019-06-28 15:32:00.000000000,BEST_BID,"JPM,100868,166"
2019-06-28 15:32:00.000000000,BEST_ASK,"JPM,101034,166"
2019-06-28 15:32:00.000000000,BEST_BID,"JPM,100868,166"
2019-06-28 15:32:00.000000000,BEST_ASK,"JPM,101034,166"
2019-06-28 15:32:00.000000000,BEST_BID,"JPM,100868,166"
2019-06-28 15:32:00.000000000,BEST_ASK,"JPM,101034,166"
2019-06-28 15:32:00.000000000,BEST_BID,"JPM,100868,166"
2019-06-28 15:32:00.000000000,BEST_ASK,"JPM,101034,166"
2019-06-28 15:32:00.000000000,BEST_BID,"JPM,100868,166"
2019-06-28 15:32:00.000000000,BEST_ASK,"JPM,101034,166"
2019-06-28 15:32:00.000000000,QUERY_SPREAD,77
2019-06-28 15:32:00.000000000,BEST_BID,"JPM,100868,166"
2019-06-28 15:32:00.000000000,BEST_ASK,"JPM,101034,162"
2019-06-28 15:32:00.000000000,LAST_TRADE,"4,$101034.0000"
2019-06-28 15:32:00.000000000,QUERY_SPREAD,78
2019-06-28 15:32:00.000000000,BEST_BID,"JPM,100868,166"
2019-06-28 15:32:00.000000000,BEST_ASK,"JPM,101034,154"
2019-06-28 15:32:00.000000000,LAST_TRADE,"8,$101034.0000"
2019-06-28 15:32:00.000000000,QUERY_SPREAD,79
2019-06-28 15:32:00.000000000,BEST_BID,"JPM,100868,166"
2019-06-28 15:32:00.000000000,BEST_ASK,"JPM,101034,153"
2019-06-28 15:32:00.000000000,LAST_TRADE,"1,$101034.0000"
2019-06-28 15:32:00.000000000,QUERY_SPREAD,80
2019-06-28 15:32:00.000000000,BEST_BID,"JPM,100868,166"
2019-06-28 15:32:00.000000000,BEST_ASK,"JPM,101034,148"
2019-06-28 15:32:00.000000000,LAST_TRADE,"5,$101034.0000"
2019-06-28 15:32:00.000000000,QUERY_SPREAD,81
2019-06-28 15:32:00.000000000,BEST_BID,"JPM,100868,166"
2019-06-28 15:32:00.000000000,BEST_ASK,"JPM,101034,143"
2019-06-28 15:32:00.000000000,LAST_TRADE,"5,$101034.0000"
2019-06-28 15:32:00.000000000,QUERY_SPREAD,82
2019-06-28 15:32:00.000000000,BEST_BID,"JPM,100868,166"
2019-06-28 15:32:00.000000000,BEST_ASK,"JPM,101034,137"
2019-06-28 15:32:00.000000000,LAST_TRADE,"6,$101034.0000"
2019-06-28 15:32:00.000000000,QUERY_SPREAD,83
2019-06-28 15:32:00.000000000,BEST_BID,"JPM,100868,166"
2019-06-28 15:32:00.000000000,BEST_ASK,"JPM,101034,133"
2019-06-28 15:32:00.000000000,LAST_TRADE,"4,$101034.0000"
2019-06-28 15:32:00.000000000,QUERY_SPREAD,84
2019-06-28 15:32:00.000000000,BEST_BID,"JPM,100868,166"
2019-06-28 15:32:00.000000000,BEST_ASK,"JPM,101034,128"
2019-06-28 15:32:00.000000000,LAST_TRADE,"5,$101034.0000"
2019-06-28 15:32:00.000000000,QUERY_SPREAD,85
2019-06-28 15:32:00.000000000,BEST_BID,"JPM,100868,166"
2019-06-28 15:32:00.000000000,BEST_ASK,"JPM,101034,123"
2019-06-28 15:32:00.000000000,LAST_TRADE,"5,$101034.0000"
2019-06-28 15:32:00.000000000,QUERY_SPREAD,86
2019-06-28 15:32:00.000000000,BEST_BID,"JPM,100868,166"
2019-06-28 15:32:00.000000000,BEST_ASK,"JPM,101034,114"
2019-06-28 15:32:00.000000000,LAST_TRADE,"9,$101034.0000"
2019-06-28 15:32:00.000000000,QUERY_SPREAD,87
2019-06-28 15:32:00.000000000,BEST_BID,"JPM,100868,166"
2019-06-28 15:32:00.000000000,BEST_ASK,"JPM,101034,112"
2019-06-28 15:32:00.000000000,LAST_TRADE,"2,$101034.0000"
2019-06-28 15:32:00.000000000,QUERY_SPREAD,88
2019-06-28 15:32:00.000000000,BEST_BID,"JPM,100868,166"
2019-06-28 15:32:00.000000000,BEST_ASK,"JPM,101034,104"
2019-06-28 15:32:00.000000000,LAST_TRADE,"8,$101034.0000"
2019-06-28 15:32:00.000000000,QUERY_SPREAD,89
2019-06-28 15:32:00.000000000,BEST_BID,"JPM,100868,166"
2019-06-28 15:32:00.000000000,BEST_ASK,"JPM,101034,97"
2019-06-28 15:32:00.000000000,LAST_TRADE,"7,$101034.0000"
2019-06-28 15:32:00.000000000,QUERY_SPREAD,90
2019-06-28 15:32:00.000000000,BEST_BID,"JPM,100868,166"
2019-06-28 15:32:00.000000000,BEST_ASK,"JPM,101034,91"
2019-06-28 15:32:00.000000000,LAST_TRADE,"6,$101034.0000"
2019-06-28 15:32:00.000000000,QUERY_SPREAD,91
2019-06-28 15:32:00.000000000,BEST_BID,"JPM,100868,166"
2019-06-28 15:32:00.000000000,BEST_ASK,"JPM,101034,86"
2019-06-28 15:32:00.000000000,LAST_TRADE,"5,$101034.0000"
2019-06-28 15:32:00.000000000,QUERY_SPREAD,92
2019-06-28 15:32:00.000000000,BEST_BID,"JPM,100868,166"
2019-06-28 15:32:00.000000000,BEST_ASK,"JPM,101034,85"
2019-06-28 15:32:00.000000000,LAST_TRADE,"1,$101034.0000"
2019-06-28 15:32:00.000000000,QUERY_SPREAD,93
2019-06-28 15:32:00.000000000,BEST_BID,"JPM,100868,166"
2019-06-28 15:32:00.000000000,BEST_ASK,"JPM,101034,83"
2019-06-28 15:32:00.000000000,LAST_TRADE,"2,$101034.0000"
2019-06-28 15:32:00.000000000,QUERY_SPREAD,94
2019-06-28 15:32:00.000000000,BEST_BID,"JPM,100868,166"
2019-06-28 15:32:00.000000000,BEST_ASK,"JPM,101034,81"
2019-06-28 15:32:00.000000000,LAST_TRADE,"2,$101034.0000"
2019-06-28 15:32:00.000000000,QUERY_SPREAD,95
2019-06-28 15:32:00.000000000,BEST_BID,"JPM,100868,166"
2019-06-28 15:32:00.000000000,BEST_ASK,"JPM,101034,74"
2019-06-28 15:32:00.000000000,LAST_TRADE,"7,$101034.0000"
2019-06-28 15:32:00.000000000,QUERY_SPREAD,96
2019-06-28 15:32:00.000000000,BEST_BID,"JPM,100868,166"
2019-06-28 15:32:00.000000000,BEST_ASK,"JPM,101034,67"
2019-06-28 15:32:00.000000000,LAST_TRADE,"7,$101034.0000"
2019-06-28 15:32:00.000000000,QUERY_SPREAD,97
2019-06-28 15:32:00.000000000,BEST_BID,"JPM,100868,166"
2019-06-28 15:32:00.000000000,BEST_ASK,"JPM,101034,61"
2019-06-28 15:32:00.000000000,LAST_TRADE,"6,$101034.0000"
2019-06-28 15:32:00.000000000,QUERY_SPREAD,98
2019-06-28 15:32:00.000000000,BEST_BID,"JPM,100868,166"
2019-06-28 15:32:00.000000000,BEST_ASK,"JPM,101034,57"
2019-06-28 15:32:00.000000000,LAST_TRADE,"4,$101034.0000"
2019-06-28 15:32:00.000000000,QUERY_SPREAD,99
2019-06-28 15:32:00.000000000,BEST_BID,"JPM,100868,166"
2019-06-28 15:32:00.000000000,BEST_ASK,"JPM,101034,55"
2019-06-28 15:32:00.000000000,LAST_TRADE,"2,$101034.0000"
2019-06-28 15:32:00.000000000,QUERY_SPREAD,100
2019-06-28 15:32:00.000000000,BEST_BID,"JPM,100868,166"
2019-06-28 15:32:00.000000000,BEST_ASK,"JPM,101034,49"
2019-06-28 15:32:00.000000000,LAST_TRADE,"6,$101034.0000"
2019-06-28 15:32:00.000000000,QUERY_SPREAD,101
2019-06-28 15:32:00.000000000,QUERY_ORDER_STREAM,101
2019-06-28 15:32:00.000000000,BEST_BID,"JPM,100868,166"
2019-06-28 15:32:00.000000000,BEST_ASK,"JPM,101034,57"
2019-06-28 15:32:00.056230375,QUERY_SPREAD,12
2019-06-28 15:32:00.056230375,BEST_BID,"JPM,101034,43"
2019-06-28 15:32:00.056230375,BEST_ASK,"JPM,101039,166"
2019-06-28 15:32:00.056230375,LAST_TRADE,"57,$101034.0000"
2019-06-28 15:32:04.931659711,QUERY_SPREAD,34
2019-06-28 15:32:04.931659711,BEST_BID,"JPM,101034,43"
2019-06-28 15:32:04.931659711,BEST_ASK,"JPM,101039,166"
2019-06-28 15:32:10.000000000,QUERY_SPREAD,1
2019-06-28 15:32:10.000000000,BEST_BID,"JPM,101034,125"
2019-06-28 15:32:10.000000000,BEST_ASK,"JPM,101039,100"
2019-06-28 15:32:10.000000000,BEST_BID,"JPM,101034,125"
2019-06-28 15:32:10.000000000,BEST_ASK,"JPM,101039,100"
2019-06-28 15:32:10.000000000,BEST_BID,"JPM,101034,125"
2019-06-28 15:32:10.000000000,BEST_ASK,"JPM,101039,100"
2019-06-28 15:32:10.000000000,BEST_BID,"JPM,101034,125"
2019-06-28 15:32:10.000000000,BEST_ASK,"JPM,101039,100"
2019-06-28 15:32:10.000000000,BEST_BID,"JPM,101034,125"
2019-06-28 15:32:10.000000000,BEST_ASK,"JPM,101039,182"
2019-06-28 15:32:10.000000000,BEST_BID,"JPM,101034,125"
2019-06-28 15:32:10.000000000,BEST_ASK,"JPM,101039,182"
2019-06-28 15:32:10.000000000,BEST_BID,"JPM,101034,125"
2019-06-28 15:32:10.000000000,BEST_ASK,"JPM,101039,182"
2019-06-28 15:32:10.000000000,BEST_BID,"JPM,101034,125"
2019-06-28 15:32:10.000000000,BEST_ASK,"JPM,101039,182"
2019-06-28 15:32:20.000000000,QUERY_SPREAD,1
2019-06-28 15:32:20.000000000,BEST_BID,"JPM,101034,155"
2019-06-28 15:32:20.000000000,BEST_ASK,"JPM,101039,100"
2019-06-28 15:32:20.000000000,BEST_BID,"JPM,101034,155"
2019-06-28 15:32:20.000000000,BEST_ASK,"JPM,101039,100"
2019-06-28 15:32:20.000000000,BEST_BID,"JPM,101034,155"
2019-06-28 15:32:20.000000000,BEST_ASK,"JPM,101039,100"
2019-06-28 15:32:20.000000000,BEST_BID,"JPM,101034,155"
2019-06-28 15:32:20.000000000,BEST_ASK,"JPM,101039,212"
2019-06-28 15:32:20.000000000,BEST_BID,"JPM,101034,155"
2019-06-28 15:32:20.000000000,BEST_ASK,"JPM,101039,212"
2019-06-28 15:32:20.000000000,BEST_BID,"JPM,101034,155"
2019-06-28 15:32:20.000000000,BEST_ASK,"JPM,101039,212"
2019-06-28 15:32:30.000000000,QUERY_SPREAD,1
2019-06-28 15:32:30.000000000,BEST_BID,"JPM,101034,371"
2019-06-28 15:32:30.000000000,BEST_ASK,"JPM,101039,100"
2019-06-28 15:32:30.000000000,BEST_BID,"JPM,101034,371"
2019-06-28 15:32:30.000000000,BEST_ASK,"JPM,101039,428"
2019-06-28 15:32:40.000000000,QUERY_SPREAD,1
2019-06-28 15:32:40.000000000,BEST_BID,"JPM,101034,155"
2019-06-28 15:32:40.000000000,BEST_ASK,"JPM,101039,100"
2019-06-28 15:32:40.000000000,BEST_BID,"JPM,101034,155"
2019-06-28 15:32:40.000000000,BEST_ASK,"JPM,101039,100"
2019-06-28 15:32:40.000000000,BEST_BID,"JPM,101034,155"
2019-06-28 15:32:40.000000000,BEST_ASK,"JPM,101039,100"
2019-06-28 15:32:40.000000000,BEST_BID,"JPM,101034,155"
2019-06-28 15:32:40.000000000,BEST_ASK,"JPM,101039,212"
2019-06-28 15:32:40.000000000,BEST_BID,"JPM,101034,155"
2019-06-28 15:32:40.000000000,BEST_ASK,"JPM,101039,212"
2019-06-28 15:32:40.000000000,BEST_BID,"JPM,101034,155"
2019-06-28 15:32:40.000000000,BEST_ASK,"JPM,101039,212"
2019-06-28 15:32:42.905236579,QUERY_SPREAD,4
2019-06-28 15:32:42.905236579,BEST_BID,"JPM,101034,155"
2019-06-28 15:32:42.905236579,BEST_ASK,"JPM,101039,112"
2019-06-28 15:32:42.905236579,LAST_TRADE,"100,$101039.0000"
2019-06-28 15:32:50.000000000,QUERY_SPREAD,1
2019-06-28 15:32:50.000000000,BEST_BID,"JPM,101034,109"
2019-06-28 15:32:50.000000000,BEST_ASK,"JPM,101110,100"
2019-06-28 15:32:50.000000000,BEST_BID,"JPM,101034,109"
2019-06-28 15:32:50.000000000,BEST_ASK,"JPM,101110,100"
2019-06-28 15:32:50.000000000,BEST_BID,"JPM,101034,109"
2019-06-28 15:32:50.000000000,BEST_ASK,"JPM,101110,100"
2019-06-28 15:32:50.000000000,BEST_BID,"JPM,101034,109"
2019-06-28 15:32:50.000000000,BEST_ASK,"JPM,101110,100"
2019-06-28 15:32:50.000000000,BEST_BID,"JPM,101034,109"
2019-06-28 15:32:50.000000000,BEST_ASK,"JPM,101110,100"
2019-06-28 15:32:50.000000000,BEST_BID,"JPM,101034,109"
2019-06-28 15:32:50.000000000,BEST_ASK,"JPM,101110,166"
2019-06-28 15:32:50.000000000,BEST_BID,"JPM,101034,109"
2019-06-28 15:32:50.000000000,BEST_ASK,"JPM,101110,166"
2019-06-28 15:32:50.000000000,BEST_BID,"JPM,101034,109"
2019-06-28 15:32:50.000000000,BEST_ASK,"JPM,101110,166"
2019-06-28 15:32:50.000000000,BEST_BID,"JPM,101034,109"
2019-06-28 15:32:50.000000000,BEST_ASK,"JPM,101110,166"
2019-06-28 15:32:50.000000000,BEST_BID,"JPM,101034,109"
2019-06-28 15:32:50.000000000,BEST_ASK,"JPM,101110,166"
2019-06-28 15:32:55.004453131,QUERY_ORDER_STREAM,57
2019-06-28 15:32:55.004453131,QUERY_SPREAD,57
2019-06-28 15:33:00.000000000,QUERY_SPREAD,1
2019-06-28 15:33:00.000000000,BEST_BID,"JPM,101034,125"
2019-06-28 15:33:00.000000000,BEST_ASK,"JPM,101110,100"
2019-06-28 15:33:00.000000000,BEST_BID,"JPM,101034,125"
2019-06-28 15:33:00.000000000,BEST_ASK,"JPM,101110,100"
2019-06-28 15:33:00.000000000,BEST_BID,"JPM,101034,125"
2019-06-28 15:33:00.000000000,BEST_ASK,"JPM,101110,100"
2019-06-28 15:33:00.000000000,BEST_BID,"JPM,101034,125"
2019-06-28 15:33:00.000000000,BEST_ASK,"JPM,101110,100"
2019-06-28 15:33:00.000000000,BEST_BID,"JPM,101034,125"
2019-06-28 15:33:00.000000000,BEST_ASK,"JPM,101110,182"
2019-06-28 15:33:00.000000000,BEST_BID,"JPM,101034,125"
2019-06-28 15:33:00.000000000,BEST_ASK,"JPM,101110,182"
2019-06-28 15:33:00.000000000,BEST_BID,"JPM,101034,125"
2019-06-28 15:33:00.000000000,BEST_ASK,"JPM,101110,182"
2019-06-28 15:33:00.000000000,BEST_BID,"JPM,101034,125"
2019-06-28 15:33:00.000000000,BEST_ASK,"JPM,101110,182"
2019-06-28 15:33:00.000000000,QUERY_SPREAD,77
2019-06-28 15:33:00.000000000,BEST_BID,"JPM,101034,125"
2019-06-28 15:33:00.000000000,BEST_ASK,"JPM,101110,178"
2019-06-28 15:33:00.000000000,LAST_TRADE,"4,$101110.0000"
2019-06-28 15:33:00.000000000,QUERY_SPREAD,78
2019-06-28 15:33:00.000000000,BEST_BID,"JPM,101034,125"
2019-06-28 15:33:00.000000000,BEST_ASK,"JPM,101110,170"
2019-06-28 15:33:00.000000000,LAST_TRADE,"8,$101110.0000"
2019-06-28 15:33:00.000000000,QUERY_SPREAD,79
2019-06-28 15:33:00.000000000,BEST_BID,"JPM,101034,125"
2019-06-28 15:33:00.000000000,BEST_ASK,"JPM,101110,169"
2019-06-28 15:33:00.000000000,LAST_TRADE,"1,$101110.0000"
2019-06-28 15:33:00.000000000,QUERY_SPREAD,80
2019-06-28 15:33:00.000000000,BEST_BID,"JPM,101034,125"
2019-06-28 15:33:00.000000000,BEST_ASK,"JPM,101110,164"
2019-06-28 15:33:00.000000000,LAST_TRADE,"5,$101110.0000"
2019-06-28 15:33:00.000000000,QUERY_SPREAD,81
2019-06-28 15:33:00.000000000,BEST_BID,"JPM,101034,125"
2019-06-28 15:33:00.000000000,BEST_ASK,"JPM,101110,159"
2019-06-28 15:33:00.000000000,LAST_TRADE,"5,$101110.0000"
2019-06-28 15:33:00.000000000,QUERY_SPREAD,82
2019-06-28 15:33:00.000000000,BEST_BID,"JPM,101034,125"
2019-06-28 15:33:00.000000000,BEST_ASK,"JPM,101110,153"
2019-06-28 15:33:00.000000000,LAST_TRADE,"6,$101110.0000"
2019-06-28 15:33:00.000000000,QUERY_SPREAD,83
2019-06-28 15:33:00.000000000,BEST_BID,"JPM,101034,125"
2019-06-28 15:33:00.000000000,BEST_ASK,"JPM,101110,149"
2019-06-28 15:33:00.000000000,LAST_TRADE,"4,$101110.0000"
2019-06-28 15:33:00.000000000,QUERY_SPREAD,84
2019-06-28 15:33:00.000000000,BEST_BID,"JPM,101034,125"
2019-06-28 15:33:00.000000000,BEST_ASK,"JPM,101110,144"
2019-06-28 15:33:00.000000000,LAST_TRADE,"5,$101110.0000"
2019-06-28 15:33:00.000000000,QUERY_SPREAD,85
2019-06-28 15:33:00.000000000,BEST_BID,"JPM,101034,125"
2019-06-28 15:33:00.000000000,BEST_ASK,"JPM,101110,139"
2019-06-28 15:33:00.000000000,LAST_TRADE,"5,$101110.0000"
2019-06-28 15:33:00.000000000,QUERY_SPREAD,86
2019-06-28 15:33:00.000000000,BEST_BID,"JPM,101034,125"
2019-06-28 15:33:00.000000000,BEST_ASK,"JPM,101110,130"
2019-06-28 15:33:00.000000000,LAST_TRADE,"9,$101110.0000"
2019-06-28 15:33:00.000000000,QUERY_SPREAD,87
2019-06-28 15:33:00.000000000,BEST_BID,"JPM,101034,125"
2019-06-28 15:33:00.000000000,BEST_ASK,"JPM,101110,128"
2019-06-28 15:33:00.000000000,LAST_TRADE,"2,$101110.0000"
2019-06-28 15:33:00.000000000,QUERY_SPREAD,88
2019-06-28 15:33:00.000000000,BEST_BID,"JPM,101034,125"
2019-06-28 15:33:00.000000000,BEST_ASK,"JPM,101110,120"
2019-06-28 15:33:00.000000000,LAST_TRADE,"8,$101110.0000"
2019-06-28 15:33:00.000000000,QUERY_SPREAD,89
2019-06-28 15:33:00.000000000,BEST_BID,"JPM,101034,125"
2019-06-28 15:33:00.000000000,BEST_ASK,"JPM,101110,113"
2019-06-28 15:33:00.000000000,LAST_TRADE,"7,$101110.0000"
2019-06-28 15:33:00.000000000,QUERY_SPREAD,90
2019-06-28 15:33:00.000000000,BEST_BID,"JPM,101034,125"
2019-06-28 15:33:00.000000000,BEST_ASK,"JPM,101110,107"
2019-06-28 15:33:00.000000000,LAST_TRADE,"6,$101110.0000"
2019-06-28 15:33:00.000000000,QUERY_SPREAD,91
2019-06-28 15:33:00.000000000,BEST_BID,"JPM,101034,125"
2019-06-28 15:33:00.000000000,BEST_ASK,"JPM,101110,102"
2019-06-28 15:33:00.000000000,LAST_TRADE,"5,$101110.0000"
2019-06-28 15:33:00.000000000,QUERY_SPREAD,92
2019-06-28 15:33:00.000000000,BEST_BID,"JPM,101034,125"
2019-06-28 15:33:00.000000000,BEST_ASK,"JPM,101110,101"
2019-06-28 15:33:00.000000000,LAST_TRADE,"1,$101110.0000"
2019-06-28 15:33:00.000000000,QUERY_SPREAD,93
2019-06-28 15:33:00.000000000,BEST_BID,"JPM,101034,125"
2019-06-28 15:33:00.000000000,BEST_ASK,"JPM,101110,99"
2019-06-28 15:33:00.000000000,LAST_TRADE,"2,$101110.0000"
2019-06-28 15:33:00.000000000,QUERY_SPREAD,94
2019-06-28 15:33:00.000000000,BEST_BID,"JPM,101034,125"
2019-06-28 15:33:00.000000000,BEST_ASK,"JPM,101110,97"
2019-06-28 15:33:00.000000000,LAST_TRADE,"2,$101110.0000"
2019-06-28 15:33:00.000000000,QUERY_SPREAD,95
2019-06-28 15:33:00.000000000,BEST_BID,"JPM,101034,125"
2019-06-28 15:33:00.000000000,BEST_ASK,"JPM,101110,90"
2019-06-28 15:33:00.000000000,LAST_TRADE,"7,$101110.0000"
2019-06-28 15:33:00.000000000,QUERY_SPREAD,96
2019-06-28 15:33:00.000000000,BEST_BID,"JPM,101034,125"
2019-06-28 15:33:00.000000000,BEST_ASK,"JPM,101110,83"
2019-06-28 15:33:00.000000000,LAST_TRADE,"7,$101110.0000"
2019-06-28 15:33:00.000000000,QUERY_SPREAD,97
2019-06-28 15:33:00.000000000,BEST_BID,"JPM,101034,125"
2019-06-28 15:33:00.000000000,BEST_ASK,"JPM,101110,77"
2019-06-28 15:33:00.000000000,LAST_TRADE,"6,$101110.0000"
2019-06-28 15:33:00.000000000,QUERY_SPREAD,98
2019-06-28 15:33:00.000000000,BEST_BID,"JPM,101034,125"
2019-06-28 15:33:00.000000000,BEST_ASK,"JPM,101110,73"
2019-06-28 15:33:00.000000000,LAST_TRADE,"4,$101110.0000"
2019-06-28 15:33:00.000000000,QUERY_SPREAD,99
2019-06-28 15:33:00.000000000,BEST_BID,"JPM,101034,125"
2019-06-28 15:33:00.000000000,BEST_ASK,"JPM,101110,71"
2019-06-28 15:33:00.000000000,LAST_TRADE,"2,$101110.0000"
2019-06-28 15:33:00.000000000,QUERY_SPREAD,100
2019-06-28 15:33:00.000000000,BEST_BID,"JPM,101034,125"
2019-06-28 15:33:00.000000000,BEST_ASK,"JPM,101110,65"
2019-06-28 15:33:00.000000000,LAST_TRADE,"6,$101110.0000"
2019-06-28 15:33:00.000000000,QUERY_SPREAD,101
2019-06-28 15:33:00.000000000,QUERY_ORDER_STREAM,101
2019-06-28 15:33:00.000000000,BEST_BID,"JPM,101034,125"
2019-06-28 15:33:00.000000000,BEST_ASK,"JPM,101110,73"
2019-06-28 15:33:10.000000000,QUERY_SPREAD,1
2019-06-28 15:33:10.000000000,BEST_BID,"JPM,101034,207"
2019-06-28 15:33:10.000000000,BEST_ASK,"JPM,101110,8"
2019-06-28 15:33:10.000000000,BEST_BID,"JPM,101034,207"
2019-06-28 15:33:10.000000000,BEST_ASK,"JPM,101110,8"
2019-06-28 15:33:10.000000000,BEST_BID,"JPM,101034,207"
2019-06-28 15:33:10.000000000,BEST_ASK,"JPM,101110,172"
2019-06-28 15:33:10.000000000,BEST_BID,"JPM,101034,207"
2019-06-28 15:33:10.000000000,BEST_ASK,"JPM,101110,172"
2019-06-28 15:33:19.038177659,QUERY_SPREAD,33
2019-06-28 15:33:19.038177659,BEST_BID,"JPM,101034,207"
2019-06-28 15:33:19.038177659,BEST_ASK,"JPM,101110,72"
2019-06-28 15:33:19.038177659,LAST_TRADE,"100,$101110.0000"
2019-06-28 15:33:20.000000000,QUERY_SPREAD,1
2019-06-28 15:33:20.000000000,BEST_BID,"JPM,101034,207"
2019-06-28 15:33:20.000000000,BEST_ASK,"JPM,101129,100"
2019-06-28 15:33:20.000000000,BEST_BID,"JPM,101034,207"
2019-06-28 15:33:20.000000000,BEST_ASK,"JPM,101129,100"
2019-06-28 15:33:20.000000000,BEST_BID,"JPM,101034,207"
2019-06-28 15:33:20.000000000,BEST_ASK,"JPM,101129,264"
2019-06-28 15:33:20.000000000,BEST_BID,"JPM,101034,207"
2019-06-28 15:33:20.000000000,BEST_ASK,"JPM,101129,264"
2019-06-28 15:33:30.000000000,QUERY_SPREAD,1
2019-06-28 15:33:30.000000000,BEST_BID,"JPM,101034,371"
2019-06-28 15:33:30.000000000,BEST_ASK,"JPM,101129,100"
2019-06-28 15:33:30.000000000,BEST_BID,"JPM,101034,371"
2019-06-28 15:33:30.000000000,BEST_ASK,"JPM,101129,428"
2019-06-28 15:33:31.260130228,QUERY_ORDER_STREAM,62
2019-06-28 15:33:31.260130228,QUERY_SPREAD,62
2019-06-28 15:33:31.568759013,QUERY_SPREAD,23
2019-06-28 15:33:31.568759013,BEST_BID,"JPM,101034,371"
2019-06-28 15:33:31.568759013,BEST_ASK,"JPM,101129,428"
2019-06-28 15:33:36.141078783,QUERY_ORDER_STREAM,65
2019-06-28 15:33:36.141078783,QUERY_SPREAD,65
2019-06-28 15:33:40.000000000,QUERY_SPREAD,1
2019-06-28 15:33:40.000000000,BEST_BID,"JPM,101034,155"
2019-06-28 15:33:40.000000000,BEST_ASK,"JPM,101129,100"
2019-06-28 15:33:40.000000000,BEST_BID,"JPM,101034,155"
2019-06-28 15:33:40.000000000,BEST_ASK,"JPM,101129,100"
2019-06-28 15:33:40.000000000,BEST_BID,"JPM,101034,155"
2019-06-28 15:33:40.000000000,BEST_ASK,"JPM,101129,100"
2019-06-28 15:33:40.000000000,BEST_BID,"JPM,101034,155"
2019-06-28 15:33:40.000000000,BEST_ASK,"JPM,101129,212"
2019-06-28 15:33:40.000000000,BEST_BID,"JPM,101034,155"
2019-06-28 15:33:40.000000000,BEST_ASK,"JPM,101129,212"
2019-06-28 15:33:40.000000000,BEST_BID,"JPM,101034,155"
2019-06-28 15:33:40.000000000,BEST_ASK,"JPM,101129,212"
2019-06-28 15:33:50.000000000,QUERY_SPREAD,1
2019-06-28 15:33:50.000000000,BEST_BID,"JPM,101034,207"
2019-06-28 15:33:50.000000000,BEST_ASK,"JPM,101129,100"
2019-06-28 15:33:50.000000000,BEST_BID,"JPM,101034,207"
2019-06-28 15:33:50.000000000,BEST_ASK,"JPM,101129,100"
2019-06-28 15:33:50.000000000,BEST_BID,"JPM,101034,207"
2019-06-28 15:33:50.000000000,BEST_ASK,"JPM,101129,264"
2019-06-28 15:33:50.000000000,BEST_BID,"JPM,101034,207"
2019-06-28 15:33:50.000000000,BEST_ASK,"JPM,101129,264"
2019-06-28 15:33:54.453040531,QUERY_SPREAD,36
2019-06-28 15:33:54.453040531,BEST_BID,"JPM,101034,207"
2019-06-28 15:33:54.453040531,BEST_ASK,"JPM,101129,164"
2019-06-28 15:33:54.453040531,LAST_TRADE,"100,$101129.0000"
2019-06-28 15:34:00.000000000,QUERY_SPREAD,1
2019-06-28 15:34:00.000000000,BEST_BID,"JPM,101034,371"
2019-06-28 15:34:00.000000000,BEST_ASK,"JPM,101166,100"
2019-06-28 15:34:00.000000000,BEST_BID,"JPM,101034,371"
2019-06-28 15:34:00.000000000,BEST_ASK,"JPM,101166,428"
2019-06-28 15:34:00.000000000,QUERY_SPREAD,77
2019-06-28 15:34:00.000000000,BEST_BID,"JPM,101034,371"
2019-06-28 15:34:00.000000000,BEST_ASK,"JPM,101166,424"
2019-06-28 15:34:00.000000000,LAST_TRADE,"4,$101166.0000"
2019-06-28 15:34:00.000000000,QUERY_SPREAD,78
2019-06-28 15:34:00.000000000,BEST_BID,"JPM,101034,371"
2019-06-28 15:34:00.000000000,BEST_ASK,"JPM,101166,416"
2019-06-28 15:34:00.000000000,LAST_TRADE,"8,$101166.0000"
2019-06-28 15:34:00.000000000,QUERY_SPREAD,79
2019-06-28 15:34:00.000000000,BEST_BID,"JPM,101034,371"
2019-06-28 15:34:00.000000000,BEST_ASK,"JPM,101166,415"
2019-06-28 15:34:00.000000000,LAST_TRADE,"1,$101166.0000"
2019-06-28 15:34:00.000000000,QUERY_SPREAD,80
2019-06-28 15:34:00.000000000,BEST_BID,"JPM,101034,371"
2019-06-28 15:34:00.000000000,BEST_ASK,"JPM,101166,410"
2019-06-28 15:34:00.000000000,LAST_TRADE,"5,$101166.0000"
2019-06-28 15:34:00.000000000,QUERY_SPREAD,81
2019-06-28 15:34:00.000000000,BEST_BID,"JPM,101034,371"
2019-06-28 15:34:00.000000000,BEST_ASK,"JPM,101166,405"
2019-06-28 15:34:00.000000000,LAST_TRADE,"5,$101166.0000"
2019-06-28 15:34:00.000000000,QUERY_SPREAD,82
2019-06-28 15:34:00.000000000,BEST_BID,"JPM,101034,371"
2019-06-28 15:34:00.000000000,BEST_ASK,"JPM,101166,399"
2019-06-28 15:34:00.000000000,LAST_TRADE,"6,$101166.0000"
2019-06-28 15:34:00.000000000,QUERY_SPREAD,83
2019-06-28 15:34:00.000000000,BEST_BID,"JPM,101034,371"
2019-06-28 15:34:00.000000000,BEST_ASK,"JPM,101166,395"
2019-06-28 15:34:00.000000000,LAST_TRADE,"4,$101166.0000"
2019-06-28 15:34:00.000000000,QUERY_SPREAD,84
2019-06-28 15:34:00.000000000,BEST_BID,"JPM,101034,371"
2019-06-28 15:34:00.000000000,BEST_ASK,"JPM,101166,390"
2019-06-28 15:34:00.000000000,LAST_TRADE,"5,$101166.0000"
2019-06-28 15:34:00.000000000,QUERY_SPREAD,85
2019-06-28 15:34:00.000000000,BEST_BID,"JPM,101034,371"
2019-06-28 15:34:00.000000000,BEST_ASK,"JPM,101166,385"
2019-06-28 15:34:00.000000000,LAST_TRADE,"5,$101166.0000"
2019-06-28 15:34:00.000000000,QUERY_SPREAD,86
2019-06-28 15:34:00.000000000,BEST_BID,"JPM,101034,371"
2019-06-28 15:34:00.000000000,BEST_ASK,"JPM,101166,376"
2019-06-28 15:34:00.000000000,LAST_TRADE,"9,$101166.0000"
2019-06-28 15:34:00.000000000,QUERY_SPREAD,87
2019-06-28 15:34:00.000000000,BEST_BID,"JPM,101034,371"
2019-06-28 15:34:00.000000000,BEST_ASK,"JPM,101166,374"
2019-06-28 15:34:00.000000000,LAST_TRADE,"2,$101166.0000"
2019-06-28 15:34:00.000000000,QUERY_SPREAD,88
2019-06-28 15:34:00.000000000,BEST_BID,"JPM,101034,371"
2019-06-28 15:34:00.000000000,BEST_ASK,"JPM,101166,366"
2019-06-28 15:34:00.000000000,LAST_TRADE,"8,$101166.0000"
2019-06-28 15:34:00.000000000,QUERY_SPREAD,89
2019-06-28 15:34:00.000000000,BEST_BID,"JPM,101034,371"
2019-06-28 15:34:00.000000000,BEST_ASK,"JPM,101166,359"
2019-06-28 15:34:00.000000000,LAST_TRADE,"7,$101166.0000"
2019-06-28 15:34:00.000000000,QUERY_SPREAD,90
2019-06-28 15:34:00.000000000,BEST_BID,"JPM,101034,371"
2019-06-28 15:34:00.000000000,BEST_ASK,"JPM,101166,353"
2019-06-28 15:34:00.000000000,LAST_TRADE,"6,$101166.0000"
2019-06-28 15:34:00.000000000,QUERY_SPREAD,91
2019-06-28 15:34:00.000000000,BEST_BID,"JPM,101034,371"
2019-06-28 15:34:00.000000000,BEST_ASK,"JPM,101166,348"
2019-06-28 15:34:00.000000000,LAST_TRADE,"5,$101166.0000"
2019-06-28 15:34:00.000000000,QUERY_SPREAD,92
2019-06-28 15:34:00.000000000,BEST_BID,"JPM,101034,371"
2019-06-28 15:34:00.000000000,BEST_ASK,"JPM,101166,347"
2019-06-28 15:34:00.000000000,LAST_TRADE,"1,$101166.0000"
2019-06-28 15:34:00.000000000,QUERY_SPREAD,93
2019-06-28 15:34:00.000000000,BEST_BID,"JPM,101034,371"
2019-06-28 15:34:00.000000000,BEST_ASK,"JPM,101166,345"
2019-06-28 15:34:00.000000000,LAST_TRADE,"2,$101166.0000"
2019-06-28 15:34:00.000000000,QUERY_SPREAD,94
2019-06-28 15:34:00.000000000,BEST_BID,"JPM,101034,371"
2019-06-28 15:34:00.000000000,BEST_ASK,"JPM,101166,343"
2019-06-28 15:34:00.000000000,LAST_TRADE,"2,$101166.0000"
2019-06-28 15:34:00.000000000,QUERY_SPREAD,95
2019-06-28 15:34:00.000000000,BEST_BID,"JPM,101034,371"
2019-06-28 15:34:00.000000000,BEST_ASK,"JPM,101166,336"
2019-06-28 15:34:00.000000000,LAST_TRADE,"7,$101166.0000"
2019-06-28 15:34:00.000000000,QUERY_SPREAD,96
2019-06-28 15:34:00.000000000,BEST_BID,"JPM,101034,371"
2019-06-28 15:34:00.000000000,BEST_ASK,"JPM,101166,329"
2019-06-28 15:34:00.000000000,LAST_TRADE,"7,$101166.0000"
2019-06-28 15:34:00.000000000,QUERY_SPREAD,97
2019-06-28 15:34:00.000000000,BEST_BID,"JPM,101034,371"
2019-06-28 15:34:00.000000000,BEST_ASK,"JPM,101166,323"
2019-06-28 15:34:00.000000000,LAST_TRADE,"6,$101166.0000"
2019-06-28 15:34:00.000000000,QUERY_SPREAD,98
2019-06-28 15:34:00.000000000,BEST_BID,"JPM,101034,371"
2019-06-28 15:34:00.000000000,BEST_ASK,"JPM,101166,319"
2019-06-28 15:34:00.000000000,LAST_TRADE,"4,$101166.0000"
2019-06-28 15:34:00.000000000,QUERY_SPREAD,99
2019-06-28 15:34:00.000000000,BEST_BID,"JPM,101034,371"
2019-06-28 15:34:00.000000000,BEST_ASK,"JPM,101166,317"
2019-06-28 15:34:00.000000000,LAST_TRADE,"2,$101166.0000"
2019-06-28 15:34:00.000000000,QUERY_SPREAD,100
2019-06-28 15:34:00.000000000,BEST_BID,"JPM,101034,371"
2019-06-28 15:34:00.000000000,BEST_ASK,"JPM,101166,311"
2019-06-28 15:34:00.000000000,LAST_TRADE,"6,$101166.0000"
2019-06-28 15:34:00.000000000,QUERY_SPREAD,101
2019-06-28 15:34:00.000000000,QUERY_ORDER_STREAM,101
2019-06-28 15:34:00.000000000,BEST_BID,"JPM,101034,371"
2019-06-28 15:34:00.000000000,BEST_ASK,"JPM,101166,319"
2019-06-28 15:34:04.744148708,QUERY_ORDER_STREAM,69
2019-06-28 15:34:04.744148708,QUERY_SPREAD,69
2019-06-28 15:34:10.000000000,QUERY_SPREAD,1
2019-06-28 15:34:10.000000000,BEST_BID,"JPM,101034,371"
2019-06-28 15:34:10.000000000,BEST_ASK,"JPM,101166,8"
2019-06-28 15:34:10.000000000,BEST_BID,"JPM,101034,371"
2019-06-28 15:34:10.000000000,BEST_ASK,"JPM,101166,336"
2019-06-28 15:34:13.666330903,QUERY_SPREAD,25
2019-06-28 15:34:13.666330903,BEST_BID,"JPM,101034,371"
2019-06-28 15:34:13.666330903,BEST_ASK,"JPM,101166,236"
2019-06-28 15:34:13.666330903,LAST_TRADE,"100,$101166.0000"
2019-06-28 15:34:20.000000000,QUERY_SPREAD,1
2019-06-28 15:34:20.000000000,BEST_BID,"JPM,101034,155"
2019-06-28 15:34:20.000000000,BEST_ASK,"JPM,101174,100"
2019-06-28 15:34:20.000000000,BEST_BID,"JPM,101034,155"
2019-06-28 15:34:20.000000000,BEST_ASK,"JPM,101174,100"
2019-06-28 15:34:20.000000000,BEST_BID,"JPM,101034,155"
2019-06-28 15:34:20.000000000,BEST_ASK,"JPM,101174,100"
2019-06-28 15:34:20.000000000,BEST_BID,"JPM,101034,155"
2019-06-28 15:34:20.000000000,BEST_ASK,"JPM,101174,212"
2019-06-28 15:34:20.000000000,BEST_BID,"JPM,101034,155"
2019-06-28 15:34:20.000000000,BEST_ASK,"JPM,101174,212"
2019-06-28 15:34:20.000000000,BEST_BID,"JPM,101034,155"
2019-06-28 15:34:20.000000000,BEST_ASK,"JPM,101174,212"
2019-06-28 15:34:30.000000000,QUERY_SPREAD,1
2019-06-28 15:34:30.000000000,BEST_BID,"JPM,101034,371"
2019-06-28 15:34:30.000000000,BEST_ASK,"JPM,101174,100"
2019-06-28 15:34:30.000000000,BEST_BID,"JPM,101034,371"
2019-06-28 15:34:30.000000000,BEST_ASK,"JPM,101174,428"
2019-06-28 15:34:36.753626597,QUERY_ORDER_STREAM,54
2019-06-28 15:34:36.753626597,QUERY_SPREAD,54
2019-06-28 15:34:36.753626597,BEST_BID,"JPM,101166,100"
2019-06-28 15:34:36.753626597,BEST_ASK,"JPM,101174,428"
2019-06-28 15:34:40.000000000,QUERY_SPREAD,1
2019-06-28 15:34:40.000000000,BEST_BID,"JPM,101166,264"
2019-06-28 15:34:40.000000000,BEST_ASK,"JPM,101174,100"
2019-06-28 15:34:40.000000000,BEST_BID,"JPM,101166,264"
2019-06-28 15:34:40.000000000,BEST_ASK,"JPM,101174,100"
2019-06-28 15:34:40.000000000,BEST_BID,"JPM,101166,264"
2019-06-28 15:34:40.000000000,BEST_ASK,"JPM,101174,264"
2019-06-28 15:34:40.000000000,BEST_BID,"JPM,101166,264"
2019-06-28 15:34:40.000000000,BEST_ASK,"JPM,101174,264"
2019-06-28 15:34:50.000000000,QUERY_SPREAD,1
2019-06-28 15:34:50.000000000,BEST_BID,"JPM,101166,212"
2019-06-28 15:34:50.000000000,BEST_ASK,"JPM,101174,100"
2019-06-28 15:34:50.000000000,BEST_BID,"JPM,101166,212"
2019-06-28 15:34:50.000000000,BEST_ASK,"JPM,101174,100"
2019-06-28 15:34:50.000000000,BEST_BID,"JPM,101166,212"
2019-06-28 15:34:50.000000000,BEST_ASK,"JPM,101174,100"
2019-06-28 15:34:50.000000000,BEST_BID,"JPM,101166,212"
2019-06-28 15:34:50.000000000,BEST_ASK,"JPM,101174,212"
2019-06-28 15:34:50.000000000,BEST_BID,"JPM,101166,212"
2019-06-28 15:34:50.000000000,BEST_ASK,"JPM,101174,212"
2019-06-28 15:34:50.000000000,BEST_BID,"JPM,101166,212"
2019-06-28 15:34:50.000000000,BEST_ASK,"JPM,101174,212"
2019-06-28 15:34:51.269955510,QUERY_SPREAD,29
2019-06-28 15:34:51.269955510,BEST_BID,"JPM,101166,212"
2019-06-28 15:34:51.269955510,BEST_ASK,"JPM,101174,112"
2019-06-28 15:34:51.269955510,LAST_TRADE,"100,$101174.0000"
2019-06-28 15:35:00.000000000,QUERY_SPREAD,1
2019-06-28 15:35:00.000000000,BEST_BID,"JPM,101166,182"
2019-06-28 15:35:00.000000000,BEST_ASK,"JPM,101239,100"
2019-06-28 15:35:00.000000000,BEST_BID,"JPM,101166,182"
2019-06-28 15:35:00.000000000,BEST_ASK,"JPM,101239,100"
2019-06-28 15:35:00.000000000,BEST_BID,"JPM,101166,182"
2019-06-28 15:35:00.000000000,BEST_ASK,"JPM,101239,100"
2019-06-28 15:35:00.000000000,BEST_BID,"JPM,101166,182"
2019-06-28 15:35:00.000000000,BEST_ASK,"JPM,101239,100"
2019-06-28 15:35:00.000000000,BEST_BID,"JPM,101166,182"
2019-06-28 15:35:00.000000000,BEST_ASK,"JPM,101239,182"
2019-06-28 15:35:00.000000000,BEST_BID,"JPM,101166,182"
2019-06-28 15:35:00.000000000,BEST_ASK,"JPM,101239,182"
2019-06-28 15:35:00.000000000,BEST_BID,"JPM,101166,182"
2019-06-28 15:35:00.000000000,BEST_ASK,"JPM,101239,182"
2019-06-28 15:35:00.000000000,BEST_BID,"JPM,101166,182"
2019-06-28 15:35:00.000000000,BEST_ASK,"JPM,101239,182"
2019-06-28 15:35:00.000000000,QUERY_SPREAD,77
2019-06-28 15:35:00.000000000,BEST_BID,"JPM,101166,182"
2019-06-28 15:35:00.000000000,BEST_ASK,"JPM,101239,178"
2019-06-28 15:35:00.000000000,LAST_TRADE,"4,$101239.0000"
2019-06-28 15:35:00.000000000,QUERY_SPREAD,78
2019-06-28 15:35:00.000000000,BEST_BID,"JPM,101166,182"
2019-06-28 15:35:00.000000000,BEST_ASK,"JPM,101239,170"
2019-06-28 15:35:00.000000000,LAST_TRADE,"8,$101239.0000"
2019-06-28 15:35:00.000000000,QUERY_SPREAD,79
2019-06-28 15:35:00.000000000,BEST_BID,"JPM,101166,182"
2019-06-28 15:35:00.000000000,BEST_ASK,"JPM,101239,169"
2019-06-28 15:35:00.000000000,LAST_TRADE,"1,$101239.0000"
2019-06-28 15:35:00.000000000,QUERY_SPREAD,80
2019-06-28 15:35:00.000000000,BEST_BID,"JPM,101166,182"
2019-06-28 15:35:00.000000000,BEST_ASK,"JPM,101239,164"
2019-06-28 15:35:00.000000000,LAST_TRADE,"5,$101239.0000"
2019-06-28 15:35:00.000000000,QUERY_SPREAD,81
2019-06-28 15:35:00.000000000,BEST_BID,"JPM,101166,182"
2019-06-28 15:35:00.000000000,BEST_ASK,"JPM,101239,159"
2019-06-28 15:35:00.000000000,LAST_TRADE,"5,$101239.0000"
2019-06-28 15:35:00.000000000,QUERY_SPREAD,82
2019-06-28 15:35:00.000000000,BEST_BID,"JPM,101166,182"
2019-06-28 15:35:00.000000000,BEST_ASK,"JPM,101239,153"
2019-06-28 15:35:00.000000000,LAST_TRADE,"6,$101239.0000"
2019-06-28 15:35:00.000000000,QUERY_SPREAD,83
2019-06-28 15:35:00.000000000,BEST_BID,"JPM,101166,182"
2019-06-28 15:35:00.000000000,BEST_ASK,"JPM,101239,149"
2019-06-28 15:35:00.000000000,LAST_TRADE,"4,$101239.0000"
2019-06-28 15:35:00.000000000,QUERY_SPREAD,84
2019-06-28 15:35:00.000000000,BEST_BID,"JPM,101166,182"
2019-06-28 15:35:00.000000000,BEST_ASK,"JPM,101239,144"
2019-06-28 15:35:00.000000000,LAST_TRADE,"5,$101239.0000"
2019-06-28 15:35:00.000000000,QUERY_SPREAD,85
2019-06-28 15:35:00.000000000,BEST_BID,"JPM,101166,182"
2019-06-28 15:35:00.000000000,BEST_ASK,"JPM,101239,139"
2019-06-28 15:35:00.000000000,LAST_TRADE,"5,$101239.0000"
2019-06-28 15:35:00.000000000,QUERY_SPREAD,86
2019-06-28 15:35:00.000000000,BEST_BID,"JPM,101166,182"
2019-06-28 15:35:00.000000000,BEST_ASK,"JPM,101239,130"
2019-06-28 15:35:00.000000000,LAST_TRADE,"9,$101239.0000"
2019-06-28 15:35:00.000000000,QUERY_SPREAD,87
2019-06-28 15:35:00.000000000,BEST_BID,"JPM,101166,182"
2019-06-28 15:35:00.000000000,BEST_ASK,"JPM,101239,128"
2019-06-28 15:35:00.000000000,LAST_TRADE,"2,$101239.0000"
2019-06-28 15:35:00.000000000,QUERY_SPREAD,88
2019-06-28 15:35:00.000000000,BEST_BID,"JPM,101166,182"
2019-06-28 15:35:00.000000000,BEST_ASK,"JPM,101239,120"
2019-06-28 15:35:00.000000000,LAST_TRADE,"8,$101239.0000"
2019-06-28 15:35:00.000000000,QUERY_SPREAD,89
2019-06-28 15:35:00.000000000,BEST_BID,"JPM,101166,182"
2019-06-28 15:35:00.000000000,BEST_ASK,"JPM,101239,113"
2019-06-28 15:35:00.000000000,LAST_TRADE,"7,$101239.0000"
2019-06-28 15:35:00.000000000,QUERY_SPREAD,90
2019-06-28 15:35:00.000000000,BEST_BID,"JPM,101166,182"
2019-06-28 15:35:00.000000000,BEST_ASK,"JPM,101239,107"
2019-06-28 15:35:00.000000000,LAST_TRADE,"6,$101239.0000"
2019-06-28 15:35:00.000000000,QUERY_SPREAD,91
2019-06-28 15:35:00.000000000,BEST_BID,"JPM,101166,182"
2019-06-28 15:35:00.000000000,BEST_ASK,"JPM,101239,102"
2019-06-28 15:35:00.000000000,LAST_TRADE,"5,$101239.0000"
2019-06-28 15:35:00.000000000,QUERY_SPREAD,92
2019-06-28 15:35:00.000000000,BEST_BID,"JPM,101166,182"
2019-06-28 15:35:00.000000000,BEST_ASK,"JPM,101239,101"
2019-06-28 15:35:00.000000000,LAST_TRADE,"1,$101239.0000"
2019-06-28 15:35:00.000000000,QUERY_SPREAD,93
2019-06-28 15:35:00.000000000,BEST_BID,"JPM,101166,182"
2019-06-28 15:35:00.000000000,BEST_ASK,"JPM,101239,99"
2019-06-28 15:35:00.000000000,LAST_TRADE,"2,$101239.0000"
2019-06-28 15:35:00.000000000,QUERY_SPREAD,94
2019-06-28 15:35:00.000000000,BEST_BID,"JPM,101166,182"
2019-06-28 15:35:00.000000000,BEST_ASK,"JPM,101239,97"
2019-06-28 15:35:00.000000000,LAST_TRADE,"2,$101239.0000"
2019-06-28 15:35:00.000000000,QUERY_SPREAD,95
2019-06-28 15:35:00.000000000,BEST_BID,"JPM,101166,182"
2019-06-28 15:35:00.000000000,BEST_ASK,"JPM,101239,90"
2019-06-28 15:35:00.000000000,LAST_TRADE,"7,$101239.0000"
2019-06-28 15:35:00.000000000,QUERY_SPREAD,96
2019-06-28 15:35:00.000000000,BEST_BID,"JPM,101166,182"
2019-06-28 15:35:00.000000000,BEST_ASK,"JPM,101239,83"
2019-06-28 15:35:00.000000000,LAST_TRADE,"7,$101239.0000"
2019-06-28 15:35:00.000000000,QUERY_SPREAD,97
2019-06-28 15:35:00.000000000,BEST_BID,"JPM,101166,182"
2019-06-28 15:35:00.000000000,BEST_ASK,"JPM,101239,77"
2019-06-28 15:35:00.000000000,LAST_TRADE,"6,$101239.0000"
2019-06-28 15:35:00.000000000,QUERY_SPREAD,98
2019-06-28 15:35:00.000000000,BEST_BID,"JPM,101166,182"
2019-06-28 15:35:00.000000000,BEST_ASK,"JPM,101239,73"
2019-06-28 15:35:00.000000000,LAST_TRADE,"4,$101239.0000"
2019-06-28 15:35:00.000000000,QUERY_SPREAD,99
2019-06-28 15:35:00.000000000,BEST_BID,"JPM,101166,182"
2019-06-28 15:35:00.000000000,BEST_ASK,"JPM,101239,71"
2019-06-28 15:35:00.000000000,LAST_TRADE,"2,$101239.0000"
2019-06-28 15:35:00.000000000,QUERY_SPREAD,100
2019-06-28 15:35:00.000000000,BEST_BID,"JPM,101166,182"
2019-06-28 15:35:00.000000000,BEST_ASK,"JPM,101239,65"
2019-06-28 15:35:00.000000000,LAST_TRADE,"6,$101239.0000"
2019-06-28 15:35:00.000000000,QUERY_SPREAD,101
2019-06-28 15:35:00.000000000,QUERY_ORDER_STREAM,101
2019-06-28 15:35:00.000000000,BEST_BID,"JPM,101166,182"
2019-06-28 15:35:00.000000000,BEST_ASK,"JPM,101239,73"
2019-06-28 15:35:04.632746768,QUERY_ORDER_STREAM,76
2019-06-28 15:35:04.632746768,QUERY_SPREAD,76
2019-06-28 15:35:04.632746768,BEST_BID,"JPM,101239,27"
2019-06-28 15:35:04.632746768,BEST_ASK,"JPM,101474,182"
2019-06-28 15:35:04.632746768,LAST_TRADE,"73,$101239.0000"
2019-06-28 15:35:10.000000000,QUERY_SPREAD,1
2019-06-28 15:35:10.000000000,BEST_BID,"JPM,101239,93"
2019-06-28 15:35:10.000000000,BEST_ASK,"JPM,101474,100"
2019-06-28 15:35:10.000000000,BEST_BID,"JPM,101239,93"
2019-06-28 15:35:10.000000000,BEST_ASK,"JPM,101474,100"
2019-06-28 15:35:10.000000000,BEST_BID,"JPM,101239,93"
2019-06-28 15:35:10.000000000,BEST_ASK,"JPM,101474,100"
2019-06-28 15:35:10.000000000,BEST_BID,"JPM,101239,93"
2019-06-28 15:35:10.000000000,BEST_ASK,"JPM,101474,100"
2019-06-28 15:35:10.000000000,BEST_BID,"JPM,101239,93"
2019-06-28 15:35:10.000000000,BEST_ASK,"JPM,101474,100"
2019-06-28 15:35:10.000000000,BEST_BID,"JPM,101239,93"
2019-06-28 15:35:10.000000000,BEST_ASK,"JPM,101474,166"
2019-06-28 15:35:10.000000000,BEST_BID,"JPM,101239,93"
2019-06-28 15:35:10.000000000,BEST_ASK,"JPM,101474,166"
2019-06-28 15:35:10.000000000,BEST_BID,"JPM,101239,93"
2019-06-28 15:35:10.000000000,BEST_ASK,"JPM,101474,166"
2019-06-28 15:35:10.000000000,BEST_BID,"JPM,101239,93"
2019-06-28 15:35:10.000000000,BEST_ASK,"JPM,101474,166"
2019-06-28 15:35:10.000000000,BEST_BID,"JPM,101239,93"
2019-06-28 15:35:10.000000000,BEST_ASK,"JPM,101474,166"
2019-06-28 15:35:20.000000000,QUERY_SPREAD,1
2019-06-28 15:35:20.000000000,BEST_BID,"JPM,101239,191"
2019-06-28 15:35:20.000000000,BEST_ASK,"JPM,101474,100"
2019-06-28 15:35:20.000000000,BEST_BID,"JPM,101239,191"
2019-06-28 15:35:20.000000000,BEST_ASK,"JPM,101474,100"
2019-06-28 15:35:20.000000000,BEST_BID,"JPM,101239,191"
2019-06-28 15:35:20.000000000,BEST_ASK,"JPM,101474,264"
2019-06-28 15:35:20.000000000,BEST_BID,"JPM,101239,191"
2019-06-28 15:35:20.000000000,BEST_ASK,"JPM,101474,264"
2019-06-28 15:35:20.942392103,QUERY_ORDER_STREAM,65
2019-06-28 15:35:20.942392103,QUERY_SPREAD,65
2019-06-28 15:35:30.000000000,QUERY_SPREAD,1
2019-06-28 15:35:30.000000000,BEST_BID,"JPM,101239,355"
2019-06-28 15:35:30.000000000,BEST_ASK,"JPM,101474,100"
2019-06-28 15:35:30.000000000,BEST_BID,"JPM,101239,355"
2019-06-28 15:35:30.000000000,BEST_ASK,"JPM,101474,428"
2019-06-28 15:35:31.494039433,QUERY_ORDER_STREAM,59
2019-06-28 15:35:31.494039433,QUERY_SPREAD,59
2019-06-28 15:35:31.494039433,BEST_BID,"JPM,101239,455"
2019-06-28 15:35:31.494039433,BEST_ASK,"JPM,101474,428"
2019-06-28 15:35:39.872309130,QUERY_SPREAD,32
2019-06-28 15:35:39.872309130,BEST_BID,"JPM,101347,100"
2019-06-28 15:35:39.872309130,BEST_ASK,"JPM,101474,428"
2019-06-28 15:35:40.000000000,QUERY_SPREAD,1
2019-06-28 15:35:40.000000000,BEST_BID,"JPM,101347,264"
2019-06-28 15:35:40.000000000,BEST_ASK,"JPM,101474,100"
2019-06-28 15:35:40.000000000,BEST_BID,"JPM,101347,264"
2019-06-28 15:35:40.000000000,BEST_ASK,"JPM,101474,100"
2019-06-28 15:35:40.000000000,BEST_BID,"JPM,101347,264"
2019-06-28 15:35:40.000000000,BEST_ASK,"JPM,101474,264"
2019-06-28 15:35:40.000000000,BEST_BID,"JPM,101347,264"
2019-06-28 15:35:40.000000000,BEST_ASK,"JPM,101474,264"
2019-06-28 15:35:50.000000000,QUERY_SPREAD,1
2019-06-28 15:35:50.000000000,BEST_BID,"JPM,101347,212"
2019-06-28 15:35:50.000000000,BEST_ASK,"JPM,101474,100"
2019-06-28 15:35:50.000000000,BEST_BID,"JPM,101347,212"
2019-06-28 15:35:50.000000000,BEST_ASK,"JPM,101474,100"
2019-06-28 15:35:50.000000000,BEST_BID,"JPM,101347,212"
2019-06-28 15:35:50.000000000,BEST_ASK,"JPM,101474,100"
2019-06-28 15:35:50.000000000,BEST_BID,"JPM,101347,212"
2019-06-28 15:35:50.000000000,BEST_ASK,"JPM,101474,212"
2019-06-28 15:35:50.000000000,BEST_BID,"JPM,101347,212"
2019-06-28 15:35:50.000000000,BEST_ASK,"JPM,101474,212"
2019-06-28 15:35:50.000000000,BEST_BID,"JPM,101347,212"
2019-06-28 15:35:50.000000000,BEST_ASK,"JPM,101474,212"
2019-06-28 15:36:00.000000000,QUERY_SPREAD,1
2019-06-28 15:36:00.000000000,BEST_BID,"JPM,101347,166"
2019-06-28 15:36:00.000000000,BEST_ASK,"JPM,101474,100"
2019-06-28 15:36:00.000000000,BEST_BID,"JPM,101347,166"
2019-06-28 15:36:00.000000000,BEST_ASK,"JPM,101474,100"
2019-06-28 15:36:00.000000000,BEST_BID,"JPM,101347,166"
2019-06-28 15:36:00.000000000,BEST_ASK,"JPM,101474,100"
2019-06-28 15:36:00.000000000,BEST_BID,"JPM,101347,166"
2019-06-28 15:36:00.000000000,BEST_ASK,"JPM,101474,100"
2019-06-28 15:36:00.000000000,BEST_BID,"JPM,101347,166"
2019-06-28 15:36:00.000000000,BEST_ASK,"JPM,101474,100"
2019-06-28 15:36:00.000000000,BEST_BID,"JPM,101347,166"
2019-06-28 15:36:00.000000000,BEST_ASK,"JPM,101474,166"
2019-06-28 15:36:00.000000000,BEST_BID,"JPM,101347,166"
2019-06-28 15:36:00.000000000,BEST_ASK,"JPM,101474,166"
2019-06-28 15:36:00.000000000,BEST_BID,"JPM,101347,166"
2019-06-28 15:36:00.000000000,BEST_ASK,"JPM,101474,166"
2019-06-28 15:36:00.000000000,BEST_BID,"JPM,101347,166"
2019-06-28 15:36:00.000000000,BEST_ASK,"JPM,101474,166"
2019-06-28 15:36:00.000000000,BEST_BID,"JPM,101347,166"
2019-06-28 15:36:00.000000000,BEST_ASK,"JPM,101474,166"
2019-06-28 15:36:00.000000000,QUERY_SPREAD,77
2019-06-28 15:36:00.000000000,BEST_BID,"JPM,101347,166"
2019-06-28 15:36:00.000000000,BEST_ASK,"JPM,101474,162"
2019-06-28 15:36:00.000000000,LAST_TRADE,"4,$101474.0000"
2019-06-28 15:36:00.000000000,QUERY_SPREAD,78
2019-06-28 15:36:00.000000000,BEST_BID,"JPM,101347,166"
2019-06-28 15:36:00.000000000,BEST_ASK,"JPM,101474,154"
2019-06-28 15:36:00.000000000,LAST_TRADE,"8,$101474.0000"
2019-06-28 15:36:00.000000000,QUERY_SPREAD,79
2019-06-28 15:36:00.000000000,BEST_BID,"JPM,101347,166"
2019-06-28 15:36:00.000000000,BEST_ASK,"JPM,101474,153"
2019-06-28 15:36:00.000000000,LAST_TRADE,"1,$101474.0000"
2019-06-28 15:36:00.000000000,QUERY_SPREAD,80
2019-06-28 15:36:00.000000000,BEST_BID,"JPM,101347,166"
2019-06-28 15:36:00.000000000,BEST_ASK,"JPM,101474,148"
2019-06-28 15:36:00.000000000,LAST_TRADE,"5,$101474.0000"
2019-06-28 15:36:00.000000000,QUERY_SPREAD,81
2019-06-28 15:36:00.000000000,BEST_BID,"JPM,101347,166"
2019-06-28 15:36:00.000000000,BEST_ASK,"JPM,101474,143"
2019-06-28 15:36:00.000000000,LAST_TRADE,"5,$101474.0000"
2019-06-28 15:36:00.000000000,QUERY_SPREAD,82
2019-06-28 15:36:00.000000000,BEST_BID,"JPM,101347,166"
2019-06-28 15:36:00.000000000,BEST_ASK,"JPM,101474,137"
2019-06-28 15:36:00.000000000,LAST_TRADE,"6,$101474.0000"
2019-06-28 15:36:00.000000000,QUERY_SPREAD,83
2019-06-28 15:36:00.000000000,BEST_BID,"JPM,101347,166"
2019-06-28 15:36:00.000000000,BEST_ASK,"JPM,101474,133"
2019-06-28 15:36:00.000000000,LAST_TRADE,"4,$101474.0000"
2019-06-28 15:36:00.000000000,QUERY_SPREAD,84
2019-06-28 15:36:00.000000000,BEST_BID,"JPM,101347,166"
2019-06-28 15:36:00.000000000,BEST_ASK,"JPM,101474,128"
2019-06-28 15:36:00.000000000,LAST_TRADE,"5,$101474.0000"
2019-06-28 15:36:00.000000000,QUERY_SPREAD,85
2019-06-28 15:36:00.000000000,BEST_BID,"JPM,101347,166"
2019-06-28 15:36:00.000000000,BEST_ASK,"JPM,101474,123"
2019-06-28 15:36:00.000000000,LAST_TRADE,"5,$101474.0000"
2019-06-28 15:36:00.000000000,QUERY_SPREAD,86
2019-06-28 15:36:00.000000000,BEST_BID,"JPM,101347,166"
2019-06-28 15:36:00.000000000,BEST_ASK,"JPM,101474,114"
2019-06-28 15:36:00.000000000,LAST_TRADE,"9,$101474.0000"
2019-06-28 15:36:00.000000000,QUERY_SPREAD,87
2019-06-28 15:36:00.000000000,BEST_BID,"JPM,101347,166"
2019-06-28 15:36:00.000000000,BEST_ASK,"JPM,101474,112"
2019-06-28 15:36:00.000000000,LAST_TRADE,"2,$101474.0000"
2019-06-28 15:36:00.000000000,QUERY_SPREAD,88
2019-06-28 15:36:00.000000000,BEST_BID,"JPM,101347,166"
2019-06-28 15:36:00.000000000,BEST_ASK,"JPM,101474,104"
2019-06-28 15:36:00.000000000,LAST_TRADE,"8,$101474.0000"
2019-06-28 15:36:00.000000000,QUERY_SPREAD,89
2019-06-28 15:36:00.000000000,BEST_BID,"JPM,101347,166"
2019-06-28 15:36:00.000000000,BEST_ASK,"JPM,101474,97"
2019-06-28 15:36:00.000000000,LAST_TRADE,"7,$101474.0000"
2019-06-28 15:36:00.000000000,QUERY_SPREAD,90
2019-06-28 15:36:00.000000000,BEST_BID,"JPM,101347,166"
2019-06-28 15:36:00.000000000,BEST_ASK,"JPM,101474,91"
2019-06-28 15:36:00.000000000,LAST_TRADE,"6,$101474.0000"
2019-06-28 15:36:00.000000000,QUERY_SPREAD,91
2019-06-28 15:36:00.000000000,BEST_BID,"JPM,101347,166"
2019-06-28 15:36:00.000000000,BEST_ASK,"JPM,101474,86"
2019-06-28 15:36:00.000000000,LAST_TRADE,"5,$101474.0000"
2019-06-28 15:36:00.000000000,QUERY_SPREAD,92
2019-06-28 15:36:00.000000000,BEST_BID,"JPM,101347,166"
2019-06-28 15:36:00.000000000,BEST_ASK,"JPM,101474,85"
2019-06-28 15:36:00.000000000,LAST_TRADE,"1,$101474.0000"
2019-06-28 15:36:00.000000000,QUERY_SPREAD,93
2019-06-28 15:36:00.000000000,BEST_BID,"JPM,101347,166"
2019-06-28 15:36:00.000000000,BEST_ASK,"JPM,101474,83"
2019-06-28 15:36:00.000000000,LAST_TRADE,"2,$101474.0000"
2019-06-28 15:36:00.000000000,QUERY_SPREAD,94
2019-06-28 15:36:00.000000000,BEST_BID,"JPM,101347,166"
2019-06-28 15:36:00.000000000,BEST_ASK,"JPM,101474,81"
2019-06-28 15:36:00.000000000,LAST_TRADE,"2,$101474.0000"
2019-06-28 15:36:00.000000000,QUERY_SPREAD,95
2019-06-28 15:36:00.000000000,BEST_BID,"JPM,101347,166"
2019-06-28 15:36:00.000000000,BEST_ASK,"JPM,101474,74"
2019-06-28 15:36:00.000000000,LAST_TRADE,"7,$101474.0000"
2019-06-28 15:36:00.000000000,QUERY_SPREAD,96
2019-06-28 15:36:00.000000000,BEST_BID,"JPM,101347,166"
2019-06-28 15:36:00.000000000,BEST_ASK,"JPM,101474,67"
2019-06-28 15:36:00.000000000,LAST_TRADE,"7,$101474.0000"
2019-06-28 15:36:00.000000000,QUERY_SPREAD,97
2019-06-28 15:36:00.000000000,BEST_BID,"JPM,101347,166"
2019-06-28 15:36:00.000000000,BEST_ASK,"JPM,101474,61"
2019-06-28 15:36:00.000000000,LAST_TRADE,"6,$101474.0000"
2019-06-28 15:36:00.000000000,QUERY_SPREAD,98
2019-06-28 15:36:00.000000000,BEST_BID,"JPM,101347,166"
2019-06-28 15:36:00.000000000,BEST_ASK,"JPM,101474,57"
2019-06-28 15:36:00.000000000,LAST_TRADE,"4,$101474.0000"
2019-06-28 15:36:00.000000000,QUERY_SPREAD,99
2019-06-28 15:36:00.000000000,BEST_BID,"JPM,101347,166"
2019-06-28 15:36:00.000000000,BEST_ASK,"JPM,101474,55"
2019-06-28 15:36:00.000000000,LAST_TRADE,"2,$101474.0000"
2019-06-28 15:36:00.000000000,QUERY_SPREAD,100
2019-06-28 15:36:00.000000000,BEST_BID,"JPM,101347,166"
2019-06-28 15:36:00.000000000,BEST_ASK,"JPM,101474,49"
2019-06-28 15:36:00.000000000,LAST_TRADE,"6,$101474.0000"
2019-06-28 15:36:00.000000000,QUERY_SPREAD,101
2019-06-28 15:36:00.000000000,QUERY_ORDER_STREAM,101
2019-06-28 15:36:00.000000000,BEST_BID,"JPM,101347,166"
2019-06-28 15:36:00.000000000,BEST_ASK,"JPM,101474,57"
2019-06-28 15:36:00.714810290,QUERY_SPREAD,33
2019-06-28 15:36:00.714810290,BEST_BID,"JPM,101347,166"
2019-06-28 15:36:00.714810290,BEST_ASK,"JPM,101474,57"
2019-06-28 15:36:04.044677405,QUERY_SPREAD,43
2019-06-28 15:36:04.044677405,BEST_BID,"JPM,101398,100"
2019-06-28 15:36:04.044677405,BEST_ASK,"JPM,101474,57"
2019-06-28 15:36:10.000000000,QUERY_SPREAD,1
2019-06-28 15:36:10.000000000,BEST_BID,"JPM,101398,212"
2019-06-28 15:36:10.000000000,BEST_ASK,"JPM,101474,8"
2019-06-28 15:36:10.000000000,BEST_BID,"JPM,101398,212"
2019-06-28 15:36:10.000000000,BEST_ASK,"JPM,101474,8"
2019-06-28 15:36:10.000000000,BEST_BID,"JPM,101398,212"
2019-06-28 15:36:10.000000000,BEST_ASK,"JPM,101474,8"
2019-06-28 15:36:10.000000000,BEST_BID,"JPM,101398,212"
2019-06-28 15:36:10.000000000,BEST_ASK,"JPM,101474,120"
2019-06-28 15:36:10.000000000,BEST_BID,"JPM,101398,212"
2019-06-28 15:36:10.000000000,BEST_ASK,"JPM,101474,120"
2019-06-28 15:36:10.000000000,BEST_BID,"JPM,101398,212"
2019-06-28 15:36:10.000000000,BEST_ASK,"JPM,101474,120"
2019-06-28 15:36:15.660811572,QUERY_SPREAD,32
2019-06-28 15:36:15.660811572,BEST_BID,"JPM,101398,212"
2019-06-28 15:36:15.660811572,BEST_ASK,"JPM,101474,20"
2019-06-28 15:36:15.660811572,LAST_TRADE,"100,$101474.0000"
2019-06-28 15:36:19.487837010,QUERY_SPREAD,42
2019-06-28 15:36:19.487837010,BEST_BID,"JPM,101474,80"
2019-06-28 15:36:19.487837010,BEST_ASK,"JPM,101579,208"
2019-06-28 15:36:19.487837010,LAST_TRADE,"20,$101474.0000"
2019-06-28 15:36:20.000000000,QUERY_SPREAD,1
2019-06-28 15:36:20.000000000,BEST_BID,"JPM,101474,192"
2019-06-28 15:36:20.000000000,BEST_ASK,"JPM,101579,100"
2019-06-28 15:36:20.000000000,BEST_BID,"JPM,101474,192"
2019-06-28 15:36:20.000000000,BEST_ASK,"JPM,101579,100"
2019-06-28 15:36:20.000000000,BEST_BID,"JPM,101474,192"
2019-06-28 15:36:20.000000000,BEST_ASK,"JPM,101579,100"
2019-06-28 15:36:20.000000000,BEST_BID,"JPM,101474,192"
2019-06-28 15:36:20.000000000,BEST_ASK,"JPM,101579,212"
2019-06-28 15:36:20.000000000,BEST_BID,"JPM,101474,192"
2019-06-28 15:36:20.000000000,BEST_ASK,"JPM,101579,212"
2019-06-28 15:36:20.000000000,BEST_BID,"JPM,101474,192"
2019-06-28 15:36:20.000000000,BEST_ASK,"JPM,101579,212"
2019-06-28 15:36:30.000000000,QUERY_SPREAD,1
2019-06-28 15:36:30.000000000,BEST_BID,"JPM,101474,408"
2019-06-28 15:36:30.000000000,BEST_ASK,"JPM,101579,100"
2019-06-28 15:36:30.000000000,BEST_BID,"JPM,101474,408"
2019-06-28 15:36:30.000000000,BEST_ASK,"JPM,101579,428"
2019-06-28 15:36:40.000000000,QUERY_SPREAD,1
2019-06-28 15:36:40.000000000,BEST_BID,"JPM,101474,244"
2019-06-28 15:36:40.000000000,BEST_ASK,"JPM,101579,100"
2019-06-28 15:36:40.000000000,BEST_BID,"JPM,101474,244"
2019-06-28 15:36:40.000000000,BEST_ASK,"JPM,101579,100"
2019-06-28 15:36:40.000000000,BEST_BID,"JPM,101474,244"
2019-06-28 15:36:40.000000000,BEST_ASK,"JPM,101579,264"
2019-06-28 15:36:40.000000000,BEST_BID,"JPM,101474,244"
2019-06-28 15:36:40.000000000,BEST_ASK,"JPM,101579,264"
2019-06-28 15:36:48.268183449,QUERY_SPREAD,39
2019-06-28 15:36:48.268183449,BEST_BID,"JPM,101474,244"
2019-06-28 15:36:48.268183449,BEST_ASK,"JPM,101579,164"
2019-06-28 15:36:48.268183449,LAST_TRADE,"100,$101579.0000"
2019-06-28 15:36:50.000000000,QUERY_SPREAD,1
2019-06-28 15:36:50.000000000,BEST_BID,"JPM,101474,162"
2019-06-28 15:36:50.000000000,BEST_ASK,"JPM,101628,100"
2019-06-28 15:36:50.000000000,BEST_BID,"JPM,101474,162"
2019-06-28 15:36:50.000000000,BEST_ASK,"JPM,101628,100"
2019-06-28 15:36:50.000000000,BEST_BID,"JPM,101474,162"
2019-06-28 15:36:50.000000000,BEST_ASK,"JPM,101628,100"
2019-06-28 15:36:50.000000000,BEST_BID,"JPM,101474,162"
2019-06-28 15:36:50.000000000,BEST_ASK,"JPM,101628,100"
2019-06-28 15:36:50.000000000,BEST_BID,"JPM,101474,162"
2019-06-28 15:36:50.000000000,BEST_ASK,"JPM,101628,182"
2019-06-28 15:36:50.000000000,BEST_BID,"JPM,101474,162"
2019-06-28 15:36:50.000000000,BEST_ASK,"JPM,101628,182"
2019-06-28 15:36:50.000000000,BEST_BID,"JPM,101474,162"
2019-06-28 15:36:50.000000000,BEST_ASK,"JPM,101628,182"
2019-06-28 15:36:50.000000000,BEST_BID,"JPM,101474,162"
2019-06-28 15:36:50.000000000,BEST_ASK,"JPM,101628,182"
2019-06-28 15:37:00.000000000,QUERY_SPREAD,1
2019-06-28 15:37:00.000000000,BEST_BID,"JPM,101474,408"
2019-06-28 15:37:00.000000000,BEST_ASK,"JPM,101628,100"
2019-06-28 15:37:00.000000000,BEST_BID,"JPM,101474,408"
2019-06-28 15:37:00.000000000,BEST_ASK,"JPM,101628,428"
2019-06-28 15:37:00.000000000,QUERY_SPREAD,77
2019-06-28 15:37:00.000000000,BEST_BID,"JPM,101474,408"
2019-06-28 15:37:00.000000000,BEST_ASK,"JPM,101628,424"
2019-06-28 15:37:00.000000000,LAST_TRADE,"4,$101628.0000"
2019-06-28 15:37:00.000000000,QUERY_SPREAD,78
2019-06-28 15:37:00.000000000,BEST_BID,"JPM,101474,408"
2019-06-28 15:37:00.000000000,BEST_ASK,"JPM,101628,416"
2019-06-28 15:37:00.000000000,LAST_TRADE,"8,$101628.0000"
2019-06-28 15:37:00.000000000,QUERY_SPREAD,79
2019-06-28 15:37:00.000000000,BEST_BID,"JPM,101474,408"
2019-06-28 15:37:00.000000000,BEST_ASK,"JPM,101628,415"
2019-06-28 15:37:00.000000000,LAST_TRADE,"1,$101628.0000"
2019-06-28 15:37:00.000000000,QUERY_SPREAD,80
2019-06-28 15:37:00.000000000,BEST_BID,"JPM,101474,408"
2019-06-28 15:37:00.000000000,BEST_ASK,"JPM,101628,410"
2019-06-28 15:37:00.000000000,LAST_TRADE,"5,$101628.0000"
2019-06-28 15:37:00.000000000,QUERY_SPREAD,81
2019-06-28 15:37:00.000000000,BEST_BID,"JPM,101474,408"
2019-06-28 15:37:00.000000000,BEST_ASK,"JPM,101628,405"
2019-06-28 15:37:00.000000000,LAST_TRADE,"5,$101628.0000"
2019-06-28 15:37:00.000000000,QUERY_SPREAD,82
2019-06-28 15:37:00.000000000,BEST_BID,"JPM,101474,408"
2019-06-28 15:37:00.000000000,BEST_ASK,"JPM,101628,399"
2019-06-28 15:37:00.000000000,LAST_TRADE,"6,$101628.0000"
2019-06-28 15:37:00.000000000,QUERY_SPREAD,83
2019-06-28 15:37:00.000000000,BEST_BID,"JPM,101474,408"
2019-06-28 15:37:00.000000000,BEST_ASK,"JPM,101628,395"
2019-06-28 15:37:00.000000000,LAST_TRADE,"4,$101628.0000"
2019-06-28 15:37:00.000000000,QUERY_SPREAD,84
2019-06-28 15:37:00.000000000,BEST_BID,"JPM,101474,408"
2019-06-28 15:37:00.000000000,BEST_ASK,"JPM,101628,390"
2019-06-28 15:37:00.000000000,LAST_TRADE,"5,$101628.0000"
2019-06-28 15:37:00.000000000,QUERY_SPREAD,85
2019-06-28 15:37:00.000000000,BEST_BID,"JPM,101474,408"
2019-06-28 15:37:00.000000000,BEST_ASK,"JPM,101628,385"
2019-06-28 15:37:00.000000000,LAST_TRADE,"5,$101628.0000"
2019-06-28 15:37:00.000000000,QUERY_SPREAD,86
2019-06-28 15:37:00.000000000,BEST_BID,"JPM,101474,408"
2019-06-28 15:37:00.000000000,BEST_ASK,"JPM,101628,376"
2019-06-28 15:37:00.000000000,LAST_TRADE,"9,$101628.0000"
2019-06-28 15:37:00.000000000,QUERY_SPREAD,87
2019-06-28 15:37:00.000000000,BEST_BID,"JPM,101474,408"
2019-06-28 15:37:00.000000000,BEST_ASK,"JPM,101628,374"
2019-06-28 15:37:00.000000000,LAST_TRADE,"2,$101628.0000"
2019-06-28 15:37:00.000000000,QUERY_SPREAD,88
2019-06-28 15:37:00.000000000,BEST_BID,"JPM,101474,408"
2019-06-28 15:37:00.000000000,BEST_ASK,"JPM,101628,366"
2019-06-28 15:37:00.000000000,LAST_TRADE,"8,$101628.0000"
2019-06-28 15:37:00.000000000,QUERY_SPREAD,89
2019-06-28 15:37:00.000000000,BEST_BID,"JPM,101474,408"
2019-06-28 15:37:00.000000000,BEST_ASK,"JPM,101628,359"
2019-06-28 15:37:00.000000000,LAST_TRADE,"7,$101628.0000"
2019-06-28 15:37:00.000000000,QUERY_SPREAD,90
2019-06-28 15:37:00.000000000,BEST_BID,"JPM,101474,408"
2019-06-28 15:37:00.000000000,BEST_ASK,"JPM,101628,353"
2019-06-28 15:37:00.000000000,LAST_TRADE,"6,$101628.0000"
2019-06-28 15:37:00.000000000,QUERY_SPREAD,91
2019-06-28 15:37:00.000000000,BEST_BID,"JPM,101474,408"
2019-06-28 15:37:00.000000000,BEST_ASK,"JPM,101628,348"
2019-06-28 15:37:00.000000000,LAST_TRADE,"5,$101628.0000"
2019-06-28 15:37:00.000000000,QUERY_SPREAD,92
2019-06-28 15:37:00.000000000,BEST_BID,"JPM,101474,408"
2019-06-28 15:37:00.000000000,BEST_ASK,"JPM,101628,347"
2019-06-28 15:37:00.000000000,LAST_TRADE,"1,$101628.0000"
2019-06-28 15:37:00.000000000,QUERY_SPREAD,93
2019-06-28 15:37:00.000000000,BEST_BID,"JPM,101474,408"
2019-06-28 15:37:00.000000000,BEST_ASK,"JPM,101628,345"
2019-06-28 15:37:00.000000000,LAST_TRADE,"2,$101628.0000"
2019-06-28 15:37:00.000000000,QUERY_SPREAD,94
2019-06-28 15:37:00.000000000,BEST_BID,"JPM,101474,408"
2019-06-28 15:37:00.000000000,BEST_ASK,"JPM,101628,343"
2019-06-28 15:37:00.000000000,LAST_TRADE,"2,$101628.0000"
2019-06-28 15:37:00.000000000,QUERY_SPREAD,95
2019-06-28 15:37:00.000000000,BEST_BID,"JPM,101474,408"
2019-06-28 15:37:00.000000000,BEST_ASK,"JPM,101628,336"
2019-06-28 15:37:00.000000000,LAST_TRADE,"7,$101628.0000"
2019-06-28 15:37:00.000000000,QUERY_SPREAD,96
2019-06-28 15:37:00.000000000,BEST_BID,"JPM,101474,408"
2019-06-28 15:37:00.000000000,BEST_ASK,"JPM,101628,329"
2019-06-28 15:37:00.000000000,LAST_TRADE,"7,$101628.0000"
2019-06-28 15:37:00.000000000,QUERY_SPREAD,97
2019-06-28 15:37:00.000000000,BEST_BID,"JPM,101474,408"
2019-06-28 15:37:00.000000000,BEST_ASK,"JPM,101628,323"
2019-06-28 15:37:00.000000000,LAST_TRADE,"6,$101628.0000"
2019-06-28 15:37:00.000000000,QUERY_SPREAD,98
2019-06-28 15:37:00.000000000,BEST_BID,"JPM,101474,408"
2019-06-28 15:37:00.000000000,BEST_ASK,"JPM,101628,319"
2019-06-28 15:37:00.000000000,LAST_TRADE,"4,$101628.0000"
2019-06-28 15:37:00.000000000,QUERY_SPREAD,99
2019-06-28 15:37:00.000000000,BEST_BID,"JPM,101474,408"
2019-06-28 15:37:00.000000000,BEST_ASK,"JPM,101628,317"
2019-06-28 15:37:00.000000000,LAST_TRADE,"2,$101628.0000"
2019-06-28 15:37:00.000000000,QUERY_SPREAD,100
2019-06-28 15:37:00.000000000,BEST_BID,"JPM,101474,408"
2019-06-28 15:37:00.000000000,BEST_ASK,"JPM,101628,311"
2019-06-28 15:37:00.000000000,LAST_TRADE,"6,$101628.0000"
2019-06-28 15:37:00.000000000,QUERY_SPREAD,101
2019-06-28 15:37:00.000000000,QUERY_ORDER_STREAM,101
2019-06-28 15:37:00.000000000,BEST_BID,"JPM,101474,408"
2019-06-28 15:37:00.000000000,BEST_ASK,"JPM,101628,319"
2019-06-28 15:37:10.000000000,QUERY_SPREAD,1
2019-06-28 15:37:10.000000000,BEST_BID,"JPM,101474,146"
2019-06-28 15:37:10.000000000,BEST_ASK,"JPM,101628,8"
2019-06-28 15:37:10.000000000,BEST_BID,"JPM,101474,146"
2019-06-28 15:37:10.000000000,BEST_ASK,"JPM,101628,8"
2019-06-28 15:37:10.000000000,BEST_BID,"JPM,101474,146"
2019-06-28 15:37:10.000000000,BEST_ASK,"JPM,101628,8"
2019-06-28 15:37:10.000000000,BEST_BID,"JPM,101474,146"
2019-06-28 15:37:10.000000000,BEST_ASK,"JPM,101628,8"
2019-06-28 15:37:10.000000000,BEST_BID,"JPM,101474,146"
2019-06-28 15:37:10.000000000,BEST_ASK,"JPM,101628,8"
2019-06-28 15:37:10.000000000,BEST_BID,"JPM,101474,146"
2019-06-28 15:37:10.000000000,BEST_ASK,"JPM,101628,74"
2019-06-28 15:37:10.000000000,BEST_BID,"JPM,101474,146"
2019-06-28 15:37:10.000000000,BEST_ASK,"JPM,101628,74"
2019-06-28 15:37:10.000000000,BEST_BID,"JPM,101474,146"
2019-06-28 15:37:10.000000000,BEST_ASK,"JPM,101628,74"
2019-06-28 15:37:10.000000000,BEST_BID,"JPM,101474,146"
2019-06-28 15:37:10.000000000,BEST_ASK,"JPM,101628,74"
2019-06-28 15:37:20.000000000,QUERY_SPREAD,1
2019-06-28 15:37:20.000000000,BEST_BID,"JPM,101474,192"
2019-06-28 15:37:20.000000000,BEST_ASK,"JPM,101628,8"
2019-06-28 15:37:20.000000000,BEST_BID,"JPM,101474,192"
2019-06-28 15:37:20.000000000,BEST_ASK,"JPM,101628,8"
2019-06-28 15:37:20.000000000,BEST_BID,"JPM,101474,192"
2019-06-28 15:37:20.000000000,BEST_ASK,"JPM,101628,8"
2019-06-28 15:37:20.000000000,BEST_BID,"JPM,101474,192"
2019-06-28 15:37:20.000000000,BEST_ASK,"JPM,101628,120"
2019-06-28 15:37:20.000000000,BEST_BID,"JPM,101474,192"
2019-06-28 15:37:20.000000000,BEST_ASK,"JPM,101628,120"
2019-06-28 15:37:20.000000000,BEST_BID,"JPM,101474,192"
2019-06-28 15:37:20.000000000,BEST_ASK,"JPM,101628,120"
2019-06-28 15:37:30.000000000,QUERY_SPREAD,1
2019-06-28 15:37:30.000000000,BEST_BID,"JPM,101474,408"
2019-06-28 15:37:30.000000000,BEST_ASK,"JPM,101628,8"
2019-06-28 15:37:30.000000000,BEST_BID,"JPM,101474,408"
2019-06-28 15:37:30.000000000,BEST_ASK,"JPM,101628,336"
2019-06-28 15:37:40.000000000,QUERY_SPREAD,1
2019-06-28 15:37:40.000000000,BEST_BID,"JPM,101474,146"
2019-06-28 15:37:40.000000000,BEST_ASK,"JPM,101628,8"
2019-06-28 15:37:40.000000000,BEST_BID,"JPM,101474,146"
2019-06-28 15:37:40.000000000,BEST_ASK,"JPM,101628,8"
2019-06-28 15:37:40.000000000,BEST_BID,"JPM,101474,146"
2019-06-28 15:37:40.000000000,BEST_ASK,"JPM,101628,8"
2019-06-28 15:37:40.000000000,BEST_BID,"JPM,101474,146"
2019-06-28 15:37:40.000000000,BEST_ASK,"JPM,101628,8"
2019-06-28 15:37:40.000000000,BEST_BID,"JPM,101474,146"
2019-06-28 15:37:40.000000000,BEST_ASK,"JPM,101628,8"
2019-06-28 15:37:40.000000000,BEST_BID,"JPM,101474,146"
2019-06-28 15:37:40.000000000,BEST_ASK,"JPM,101628,74"
2019-06-28 15:37:40.000000000,BEST_BID,"JPM,101474,146"
2019-06-28 15:37:40.000000000,BEST_ASK,"JPM,101628,74"
2019-06-28 15:37:40.000000000,BEST_BID,"JPM,101474,146"
2019-06-28 15:37:40.000000000,BEST_ASK,"JPM,101628,74"
2019-06-28 15:37:40.000000000,BEST_BID,"JPM,101474,146"
2019-06-28 15:37:40.000000000,BEST_ASK,"JPM,101628,74"
2019-06-28 15:37:47.357568154,QUERY_SPREAD,47
2019-06-28 15:37:47.357568154,BEST_BID,"JPM,101474,146"
2019-06-28 15:37:47.357568154,BEST_ASK,"JPM,101628,74"
2019-06-28 15:37:49.951277079,QUERY_ORDER_STREAM,76
2019-06-28 15:37:49.951277079,QUERY_SPREAD,76
2019-06-28 15:37:49.951277079,BEST_BID,"JPM,101628,26"
2019-06-28 15:37:49.951277079,BEST_ASK,"JPM,101826,166"
2019-06-28 15:37:49.951277079,LAST_TRADE,"74,$101628.0000"
2019-06-28 15:37:50.000000000,QUERY_SPREAD,1
2019-06-28 15:37:50.000000000,BEST_BID,"JPM,101628,108"
2019-06-28 15:37:50.000000000,BEST_ASK,"JPM,101826,100"
2019-06-28 15:37:50.000000000,BEST_BID,"JPM,101628,108"
2019-06-28 15:37:50.000000000,BEST_ASK,"JPM,101826,100"
2019-06-28 15:37:50.000000000,BEST_BID,"JPM,101628,108"
2019-06-28 15:37:50.000000000,BEST_ASK,"JPM,101826,100"
2019-06-28 15:37:50.000000000,BEST_BID,"JPM,101628,108"
2019-06-28 15:37:50.000000000,BEST_ASK,"JPM,101826,100"
2019-06-28 15:37:50.000000000,BEST_BID,"JPM,101628,108"
2019-06-28 15:37:50.000000000,BEST_ASK,"JPM,101826,182"
2019-06-28 15:37:50.000000000,BEST_BID,"JPM,101628,108"
2019-06-28 15:37:50.000000000,BEST_ASK,"JPM,101826,182"
2019-06-28 15:37:50.000000000,BEST_BID,"JPM,101628,108"
2019-06-28 15:37:50.000000000,BEST_ASK,"JPM,101826,182"
2019-06-28 15:37:50.000000000,BEST_BID,"JPM,101628,108"
2019-06-28 15:37:50.000000000,BEST_ASK,"JPM,101826,182"
2019-06-28 15:37:52.672808648,QUERY_ORDER_STREAM,65
2019-06-28 15:37:52.672808648,QUERY_SPREAD,65
2019-06-28 15:37:53.786612014,QUERY_SPREAD,12
2019-06-28 15:37:53.786612014,BEST_BID,"JPM,101628,108"
2019-06-28 15:37:53.786612014,BEST_ASK,"JPM,101826,182"
2019-06-28 15:37:54.996957115,QUERY_SPREAD,23
2019-06-28 15:37:54.996957115,BEST_BID,"JPM,101650,100"
2019-06-28 15:37:54.996957115,BEST_ASK,"JPM,101826,182"
2019-06-28 15:38:00.000000000,QUERY_SPREAD,1
2019-06-28 15:38:00.000000000,BEST_BID,"JPM,101650,166"
2019-06-28 15:38:00.000000000,BEST_ASK,"JPM,101826,100"
2019-06-28 15:38:00.000000000,BEST_BID,"JPM,101650,166"
2019-06-28 15:38:00.000000000,BEST_ASK,"JPM,101826,100"
2019-06-28 15:38:00.000000000,BEST_BID,"JPM,101650,166"
2019-06-28 15:38:00.000000000,BEST_ASK,"JPM,101826,100"
2019-06-28 15:38:00.000000000,BEST_BID,"JPM,101650,166"
2019-06-28 15:38:00.000000000,BEST_ASK,"JPM,101826,100"
2019-06-28 15:38:00.000000000,BEST_BID,"JPM,101650,166"
2019-06-28 15:38:00.000000000,BEST_ASK,"JPM,101826,100"
2019-06-28 15:38:00.000000000,BEST_BID,"JPM,101650,166"
2019-06-28 15:38:00.000000000,BEST_ASK,"JPM,101826,166"
2019-06-28 15:38:00.000000000,BEST_BID,"JPM,101650,166"
2019-06-28 15:38:00.000000000,BEST_ASK,"JPM,101826,166"
2019-06-28 15:38:00.000000000,BEST_BID,"JPM,101650,166"
2019-06-28 15:38:00.000000000,BEST_ASK,"JPM,101826,166"
2019-06-28 15:38:00.000000000,BEST_BID,"JPM,101650,166"
2019-06-28 15:38:00.000000000,BEST_ASK,"JPM,101826,166"
2019-06-28 15:38:00.000000000,QUERY_SPREAD,77
2019-06-28 15:38:00.000000000,BEST_BID,"JPM,101650,166"
2019-06-28 15:38:00.000000000,BEST_ASK,"JPM,101826,162"
2019-06-28 15:38:00.000000000,LAST_TRADE,"4,$101826.0000"
2019-06-28 15:38:00.000000000,QUERY_SPREAD,78
2019-06-28 15:38:00.000000000,BEST_BID,"JPM,101650,166"
2019-06-28 15:38:00.000000000,BEST_ASK,"JPM,101826,154"
2019-06-28 15:38:00.000000000,LAST_TRADE,"8,$101826.0000"
2019-06-28 15:38:00.000000000,QUERY_SPREAD,79
2019-06-28 15:38:00.000000000,BEST_BID,"JPM,101650,166"
2019-06-28 15:38:00.000000000,BEST_ASK,"JPM,101826,153"
2019-06-28 15:38:00.000000000,LAST_TRADE,"1,$101826.0000"
2019-06-28 15:38:00.000000000,QUERY_SPREAD,80
2019-06-28 15:38:00.000000000,BEST_BID,"JPM,101650,166"
2019-06-28 15:38:00.000000000,BEST_ASK,"JPM,101826,148"
2019-06-28 15:38:00.000000000,LAST_TRADE,"5,$101826.0000"
2019-06-28 15:38:00.000000000,QUERY_SPREAD,81
2019-06-28 15:38:00.000000000,BEST_BID,"JPM,101650,166"
2019-06-28 15:38:00.000000000,BEST_ASK,"JPM,101826,143"
2019-06-28 15:38:00.000000000,LAST_TRADE,"5,$101826.0000"
2019-06-28 15:38:00.000000000,QUERY_SPREAD,82
2019-06-28 15:38:00.000000000,BEST_BID,"JPM,101650,166"
2019-06-28 15:38:00.000000000,BEST_ASK,"JPM,101826,137"
2019-06-28 15:38:00.000000000,LAST_TRADE,"6,$101826.0000"
2019-06-28 15:38:00.000000000,QUERY_SPREAD,83
2019-06-28 15:38:00.000000000,BEST_BID,"JPM,101650,166"
2019-06-28 15:38:00.000000000,BEST_ASK,"JPM,101826,133"
2019-06-28 15:38:00.000000000,LAST_TRADE,"4,$101826.0000"
2019-06-28 15:38:00.000000000,QUERY_SPREAD,84
2019-06-28 15:38:00.000000000,BEST_BID,"JPM,101650,166"
2019-06-28 15:38:00.000000000,BEST_ASK,"JPM,101826,128"
2019-06-28 15:38:00.000000000,LAST_TRADE,"5,$101826.0000"
2019-06-28 15:38:00.000000000,QUERY_SPREAD,85
2019-06-28 15:38:00.000000000,BEST_BID,"JPM,101650,166"
2019-06-28 15:38:00.000000000,BEST_ASK,"JPM,101826,123"
2019-06-28 15:38:00.000000000,LAST_TRADE,"5,$101826.0000"
2019-06-28 15:38:00.000000000,QUERY_SPREAD,86
2019-06-28 15:38:00.000000000,BEST_BID,"JPM,101650,166"
2019-06-28 15:38:00.000000000,BEST_ASK,"JPM,101826,114"
2019-06-28 15:38:00.000000000,LAST_TRADE,"9,$101826.0000"
2019-06-28 15:38:00.000000000,QUERY_SPREAD,87
2019-06-28 15:38:00.000000000,BEST_BID,"JPM,101650,166"
2019-06-28 15:38:00.000000000,BEST_ASK,"JPM,101826,112"
2019-06-28 15:38:00.000000000,LAST_TRADE,"2,$101826.0000"
2019-06-28 15:38:00.000000000,QUERY_SPREAD,88
2019-06-28 15:38:00.000000000,BEST_BID,"JPM,101650,166"
2019-06-28 15:38:00.000000000,BEST_ASK,"JPM,101826,104"
2019-06-28 15:38:00.000000000,LAST_TRADE,"8,$101826.0000"
2019-06-28 15:38:00.000000000,QUERY_SPREAD,89
2019-06-28 15:38:00.000000000,BEST_BID,"JPM,101650,166"
2019-06-28 15:38:00.000000000,BEST_ASK,"JPM,101826,97"
2019-06-28 15:38:00.000000000,LAST_TRADE,"7,$101826.0000"
2019-06-28 15:38:00.000000000,QUERY_SPREAD,90
2019-06-28 15:38:00.000000000,BEST_BID,"JPM,101650,166"
2019-06-28 15:38:00.000000000,BEST_ASK,"JPM,101826,91"
2019-06-28 15:38:00.000000000,LAST_TRADE,"6,$101826.0000"
2019-06-28 15:38:00.000000000,QUERY_SPREAD,91
2019-06-28 15:38:00.000000000,BEST_BID,"JPM,101650,166"
2019-06-28 15:38:00.000000000,BEST_ASK,"JPM,101826,86"
2019-06-28 15:38:00.000000000,LAST_TRADE,"5,$101826.0000"
2019-06-28 15:38:00.000000000,QUERY_SPREAD,92
2019-06-28 15:38:00.000000000,BEST_BID,"JPM,101650,166"
2019-06-28 15:38:00.000000000,BEST_ASK,"JPM,101826,85"
2019-06-28 15:38:00.000000000,LAST_TRADE,"1,$101826.0000"
2019-06-28 15:38:00.000000000,QUERY_SPREAD,93
2019-06-28 15:38:00.000000000,BEST_BID,"JPM,101650,166"
2019-06-28 15:38:00.000000000,BEST_ASK,"JPM,101826,83"
2019-06-28 15:38:00.000000000,LAST_TRADE,"2,$101826.0000"
2019-06-28 15:38:00.000000000,QUERY_SPREAD,94
2019-06-28 15:38:00.000000000,BEST_BID,"JPM,101650,166"
2019-06-28 15:38:00.000000000,BEST_ASK,"JPM,101826,81"
2019-06-28 15:38:00.000000000,LAST_TRADE,"2,$101826.0000"
2019-06-28 15:38:00.000000000,QUERY_SPREAD,95
2019-06-28 15:38:00.000000000,BEST_BID,"JPM,101650,166"
2019-06-28 15:38:00.000000000,BEST_ASK,"JPM,101826,74"
2019-06-28 15:38:00.000000000,LAST_TRADE,"7,$101826.0000"
2019-06-28 15:38:00.000000000,QUERY_SPREAD,96
2019-06-28 15:38:00.000000000,BEST_BID,"JPM,101650,166"
2019-06-28 15:38:00.000000000,BEST_ASK,"JPM,101826,67"
2019-06-28 15:38:00.000000000,LAST_TRADE,"7,$101826.0000"
2019-06-28 15:38:00.000000000,QUERY_SPREAD,97
2019-06-28 15:38:00.000000000,BEST_BID,"JPM,101650,166"
2019-06-28 15:38:00.000000000,BEST_ASK,"JPM,101826,61"
2019-06-28 15:38:00.000000000,LAST_TRADE,"6,$101826.0000"
2019-06-28 15:38:00.000000000,QUERY_SPREAD,98
2019-06-28 15:38:00.000000000,BEST_BID,"JPM,101650,166"
2019-06-28 15:38:00.000000000,BEST_ASK,"JPM,101826,57"
2019-06-28 15:38:00.000000000,LAST_TRADE,"4,$101826.0000"
2019-06-28 15:38:00.000000000,QUERY_SPREAD,99
2019-06-28 15:38:00.000000000,BEST_BID,"JPM,101650,166"
2019-06-28 15:38:00.000000000,BEST_ASK,"JPM,101826,55"
2019-06-28 15:38:00.000000000,LAST_TRADE,"2,$101826.0000"
2019-06-28 15:38:00.000000000,QUERY_SPREAD,100
2019-06-28 15:38:00.000000000,BEST_BID,"JPM,101650,166"
2019-06-28 15:38:00.000000000,BEST_ASK,"JPM,101826,49"
2019-06-28 15:38:00.000000000,LAST_TRADE,"6,$101826.0000"
2019-06-28 15:38:00.000000000,QUERY_SPREAD,101
2019-06-28 15:38:00.000000000,QUERY_ORDER_STREAM,101
2019-06-28 15:38:00.000000000,BEST_BID,"JPM,101650,166"
2019-06-28 15:38:00.000000000,BEST_ASK,"JPM,101826,57"
2019-06-28 15:38:10.000000000,QUERY_SPREAD,1
2019-06-28 15:38:10.000000000,BEST_BID,"JPM,101650,264"
2019-06-28 15:38:10.000000000,BEST_ASK,"JPM,101826,8"
2019-06-28 15:38:10.000000000,BEST_BID,"JPM,101650,264"
2019-06-28 15:38:10.000000000,BEST_ASK,"JPM,101826,8"
2019-06-28 15:38:10.000000000,BEST_BID,"JPM,101650,264"
2019-06-28 15:38:10.000000000,BEST_ASK,"JPM,101826,172"
2019-06-28 15:38:10.000000000,BEST_BID,"JPM,101650,264"
2019-06-28 15:38:10.000000000,BEST_ASK,"JPM,101826,172"
2019-06-28 15:38:14.686212141,QUERY_SPREAD,33
2019-06-28 15:38:14.686212141,BEST_BID,"JPM,101650,164"
2019-06-28 15:38:14.686212141,BEST_ASK,"JPM,101826,172"
2019-06-28 15:38:14.686212141,LAST_TRADE,"100,$101650.0000"
2019-06-28 15:38:18.946703508,QUERY_SPREAD,13
2019-06-28 15:38:18.946703508,BEST_BID,"JPM,101650,164"
2019-06-28 15:38:18.946703508,BEST_ASK,"JPM,101826,172"
2019-06-28 15:38:20.000000000,QUERY_SPREAD,1
2019-06-28 15:38:20.000000000,BEST_BID,"JPM,101628,108"
2019-06-28 15:38:20.000000000,BEST_ASK,"JPM,101826,8"
2019-06-28 15:38:20.000000000,BEST_BID,"JPM,101628,108"
2019-06-28 15:38:20.000000000,BEST_ASK,"JPM,101826,8"
2019-06-28 15:38:20.000000000,BEST_BID,"JPM,101628,108"
2019-06-28 15:38:20.000000000,BEST_ASK,"JPM,101826,8"
2019-06-28 15:38:20.000000000,BEST_BID,"JPM,101628,108"
2019-06-28 15:38:20.000000000,BEST_ASK,"JPM,101826,8"
2019-06-28 15:38:20.000000000,BEST_BID,"JPM,101628,108"
2019-06-28 15:38:20.000000000,BEST_ASK,"JPM,101826,90"
2019-06-28 15:38:20.000000000,BEST_BID,"JPM,101628,108"
2019-06-28 15:38:20.000000000,BEST_ASK,"JPM,101826,90"
2019-06-28 15:38:20.000000000,BEST_BID,"JPM,101628,108"
2019-06-28 15:38:20.000000000,BEST_ASK,"JPM,101826,90"
2019-06-28 15:38:20.000000000,BEST_BID,"JPM,101628,108"
2019-06-28 15:38:20.000000000,BEST_ASK,"JPM,101826,90"
2019-06-28 15:38:21.270782433,QUERY_ORDER_STREAM,59
2019-06-28 15:38:21.270782433,QUERY_SPREAD,59
2019-06-28 15:38:30.000000000,QUERY_SPREAD,1
2019-06-28 15:38:30.000000000,BEST_BID,"JPM,101628,108"
2019-06-28 15:38:30.000000000,BEST_ASK,"JPM,101826,8"
2019-06-28 15:38:30.000000000,BEST_BID,"JPM,101628,108"
2019-06-28 15:38:30.000000000,BEST_ASK,"JPM,101826,8"
2019-06-28 15:38:30.000000000,BEST_BID,"JPM,101628,108"
2019-06-28 15:38:30.000000000,BEST_ASK,"JPM,101826,8"
2019-06-28 15:38:30.000000000,BEST_BID,"JPM,101628,108"
2019-06-28 15:38:30.000000000,BEST_ASK,"JPM,101826,8"
2019-06-28 15:38:30.000000000,BEST_BID,"JPM,101628,108"
2019-06-28 15:38:30.000000000,BEST_ASK,"JPM,101826,90"
2019-06-28 15:38:30.000000000,BEST_BID,"JPM,101628,108"
2019-06-28 15:38:30.000000000,BEST_ASK,"JPM,101826,90"
2019-06-28 15:38:30.000000000,BEST_BID,"JPM,101628,108"
2019-06-28 15:38:30.000000000,BEST_ASK,"JPM,101826,90"
2019-06-28 15:38:30.000000000,BEST_BID,"JPM,101628,108"
2019-06-28 15:38:30.000000000,BEST_ASK,"JPM,101826,90"
2019-06-28 15:38:30.520078947,QUERY_SPREAD,3
2019-06-28 15:38:30.520078947,BEST_BID,"JPM,101628,108"
2019-06-28 15:38:30.520078947,BEST_ASK,"JPM,101826,90"
2019-06-28 15:38:40.000000000,QUERY_SPREAD,1
2019-06-28 15:38:40.000000000,BEST_BID,"JPM,101628,138"
2019-06-28 15:38:40.000000000,BEST_ASK,"JPM,101826,8"
2019-06-28 15:38:40.000000000,BEST_BID,"JPM,101628,138"
2019-06-28 15:38:40.000000000,BEST_ASK,"JPM,101826,8"
2019-06-28 15:38:40.000000000,BEST_BID,"JPM,101628,138"
2019-06-28 15:38:40.000000000,BEST_ASK,"JPM,101826,8"
2019-06-28 15:38:40.000000000,BEST_BID,"JPM,101628,138"
2019-06-28 15:38:40.000000000,BEST_ASK,"JPM,101826,120"
2019-06-28 15:38:40.000000000,BEST_BID,"JPM,101628,138"
2019-06-28 15:38:40.000000000,BEST_ASK,"JPM,101826,120"
2019-06-28 15:38:40.000000000,BEST_BID,"JPM,101628,138"
2019-06-28 15:38:40.000000000,BEST_ASK,"JPM,101826,120"
2019-06-28 15:38:50.000000000,QUERY_SPREAD,1
2019-06-28 15:38:50.000000000,BEST_BID,"JPM,101628,190"
2019-06-28 15:38:50.000000000,BEST_ASK,"JPM,101826,8"
2019-06-28 15:38:50.000000000,BEST_BID,"JPM,101628,190"
2019-06-28 15:38:50.000000000,BEST_ASK,"JPM,101826,8"
2019-06-28 15:38:50.000000000,BEST_BID,"JPM,101628,190"
2019-06-28 15:38:50.000000000,BEST_ASK,"JPM,101826,172"
2019-06-28 15:38:50.000000000,BEST_BID,"JPM,101628,190"
2019-06-28 15:38:50.000000000,BEST_ASK,"JPM,101826,172"
2019-06-28 15:38:56.395671406,QUERY_SPREAD,40
2019-06-28 15:38:56.395671406,BEST_BID,"JPM,101628,90"
2019-06-28 15:38:56.395671406,BEST_ASK,"JPM,101826,172"
2019-06-28 15:38:56.395671406,LAST_TRADE,"100,$101628.0000"
2019-06-28 15:39:00.000000000,QUERY_SPREAD,1
2019-06-28 15:39:00.000000000,BEST_BID,"JPM,101474,408"
2019-06-28 15:39:00.000000000,BEST_ASK,"JPM,101826,8"
2019-06-28 15:39:00.000000000,BEST_BID,"JPM,101474,408"
2019-06-28 15:39:00.000000000,BEST_ASK,"JPM,101826,336"
2019-06-28 15:39:00.000000000,QUERY_SPREAD,77
2019-06-28 15:39:00.000000000,BEST_BID,"JPM,101474,408"
2019-06-28 15:39:00.000000000,BEST_ASK,"JPM,101826,332"
2019-06-28 15:39:00.000000000,LAST_TRADE,"4,$101826.0000"
2019-06-28 15:39:00.000000000,QUERY_SPREAD,78
2019-06-28 15:39:00.000000000,BEST_BID,"JPM,101474,408"
2019-06-28 15:39:00.000000000,BEST_ASK,"JPM,101826,324"
2019-06-28 15:39:00.000000000,LAST_TRADE,"8,$101826.0000"
2019-06-28 15:39:00.000000000,QUERY_SPREAD,79
2019-06-28 15:39:00.000000000,BEST_BID,"JPM,101474,408"
2019-06-28 15:39:00.000000000,BEST_ASK,"JPM,101826,323"
2019-06-28 15:39:00.000000000,LAST_TRADE,"1,$101826.0000"
2019-06-28 15:39:00.000000000,QUERY_SPREAD,80
2019-06-28 15:39:00.000000000,BEST_BID,"JPM,101474,408"
2019-06-28 15:39:00.000000000,BEST_ASK,"JPM,101826,318"
2019-06-28 15:39:00.000000000,LAST_TRADE,"5,$101826.0000"
2019-06-28 15:39:00.000000000,QUERY_SPREAD,81
2019-06-28 15:39:00.000000000,BEST_BID,"JPM,101474,408"
2019-06-28 15:39:00.000000000,BEST_ASK,"JPM,101826,313"
2019-06-28 15:39:00.000000000,LAST_TRADE,"5,$101826.0000"
2019-06-28 15:39:00.000000000,QUERY_SPREAD,82
2019-06-28 15:39:00.000000000,BEST_BID,"JPM,101474,408"
2019-06-28 15:39:00.000000000,BEST_ASK,"JPM,101826,307"
2019-06-28 15:39:00.000000000,LAST_TRADE,"6,$101826.0000"
2019-06-28 15:39:00.000000000,QUERY_SPREAD,83
2019-06-28 15:39:00.000000000,BEST_BID,"JPM,101474,408"
2019-06-28 15:39:00.000000000,BEST_ASK,"JPM,101826,303"
2019-06-28 15:39:00.000000000,LAST_TRADE,"4,$101826.0000"
2019-06-28 15:39:00.000000000,QUERY_SPREAD,84
2019-06-28 15:39:00.000000000,BEST_BID,"JPM,101474,408"
2019-06-28 15:39:00.000000000,BEST_ASK,"JPM,101826,298"
2019-06-28 15:39:00.000000000,LAST_TRADE,"5,$101826.0000"
2019-06-28 15:39:00.000000000,QUERY_SPREAD,85
2019-06-28 15:39:00.000000000,BEST_BID,"JPM,101474,408"
2019-06-28 15:39:00.000000000,BEST_ASK,"JPM,101826,293"
2019-06-28 15:39:00.000000000,LAST_TRADE,"5,$101826.0000"
2019-06-28 15:39:00.000000000,QUERY_SPREAD,86
2019-06-28 15:39:00.000000000,BEST_BID,"JPM,101474,408"
2019-06-28 15:39:00.000000000,BEST_ASK,"JPM,101826,284"
2019-06-28 15:39:00.000000000,LAST_TRADE,"9,$101826.0000"
2019-06-28 15:39:00.000000000,QUERY_SPREAD,87
2019-06-28 15:39:00.000000000,BEST_BID,"JPM,101474,408"
2019-06-28 15:39:00.000000000,BEST_ASK,"JPM,101826,282"
2019-06-28 15:39:00.000000000,LAST_TRADE,"2,$101826.0000"
2019-06-28 15:39:00.000000000,QUERY_SPREAD,88
2019-06-28 15:39:00.000000000,BEST_BID,"JPM,101474,408"
2019-06-28 15:39:00.000000000,BEST_ASK,"JPM,101826,274"
2019-06-28 15:39:00.000000000,LAST_TRADE,"8,$101826.0000"
2019-06-28 15:39:00.000000000,QUERY_SPREAD,89
2019-06-28 15:39:00.000000000,BEST_BID,"JPM,101474,408"
2019-06-28 15:39:00.000000000,BEST_ASK,"JPM,101826,267"
2019-06-28 15:39:00.000000000,LAST_TRADE,"7,$101826.0000"
2019-06-28 15:39:00.000000000,QUERY_SPREAD,90
2019-06-28 15:39:00.000000000,BEST_BID,"JPM,101474,408"
2019-06-28 15:39:00.000000000,BEST_ASK,"JPM,101826,261"
2019-06-28 15:39:00.000000000,LAST_TRADE,"6,$101826.0000"
2019-06-28 15:39:00.000000000,QUERY_SPREAD,91
2019-06-28 15:39:00.000000000,BEST_BID,"JPM,101474,408"
2019-06-28 15:39:00.000000000,BEST_ASK,"JPM,101826,256"
2019-06-28 15:39:00.000000000,LAST_TRADE,"5,$101826.0000"
2019-06-28 15:39:00.000000000,QUERY_SPREAD,92
2019-06-28 15:39:00.000000000,BEST_BID,"JPM,101474,408"
2019-06-28 15:39:00.000000000,BEST_ASK,"JPM,101826,255"
2019-06-28 15:39:00.000000000,LAST_TRADE,"1,$101826.0000"
2019-06-28 15:39:00.000000000,QUERY_SPREAD,93
2019-06-28 15:39:00.000000000,BEST_BID,"JPM,101474,408"
2019-06-28 15:39:00.000000000,BEST_ASK,"JPM,101826,253"
2019-06-28 15:39:00.000000000,LAST_TRADE,"2,$101826.0000"
2019-06-28 15:39:00.000000000,QUERY_SPREAD,94
2019-06-28 15:39:00.000000000,BEST_BID,"JPM,101474,408"
2019-06-28 15:39:00.000000000,BEST_ASK,"JPM,101826,251"
2019-06-28 15:39:00.000000000,LAST_TRADE,"2,$101826.0000"
2019-06-28 15:39:00.000000000,QUERY_SPREAD,95
2019-06-28 15:39:00.000000000,BEST_BID,"JPM,101474,408"
2019-06-28 15:39:00.000000000,BEST_ASK,"JPM,101826,244"
2019-06-28 15:39:00.000000000,LAST_TRADE,"7,$101826.0000"
2019-06-28 15:39:00.000000000,QUERY_SPREAD,96
2019-06-28 15:39:00.000000000,BEST_BID,"JPM,101474,408"
2019-06-28 15:39:00.000000000,BEST_ASK,"JPM,101826,237"
2019-06-28 15:39:00.000000000,LAST_TRADE,"7,$101826.0000"
2019-06-28 15:39:00.000000000,QUERY_SPREAD,97
2019-06-28 15:39:00.000000000,BEST_BID,"JPM,101474,408"
2019-06-28 15:39:00.000000000,BEST_ASK,"JPM,101826,231"
2019-06-28 15:39:00.000000000,LAST_TRADE,"6,$101826.0000"
2019-06-28 15:39:00.000000000,QUERY_SPREAD,98
2019-06-28 15:39:00.000000000,BEST_BID,"JPM,101474,408"
2019-06-28 15:39:00.000000000,BEST_ASK,"JPM,101826,227"
2019-06-28 15:39:00.000000000,LAST_TRADE,"4,$101826.0000"
2019-06-28 15:39:00.000000000,QUERY_SPREAD,99
2019-06-28 15:39:00.000000000,BEST_BID,"JPM,101474,408"
2019-06-28 15:39:00.000000000,BEST_ASK,"JPM,101826,225"
2019-06-28 15:39:00.000000000,LAST_TRADE,"2,$101826.0000"
2019-06-28 15:39:00.000000000,QUERY_SPREAD,100
2019-06-28 15:39:00.000000000,BEST_BID,"JPM,101474,408"
2019-06-28 15:39:00.000000000,BEST_ASK,"JPM,101826,219"
2019-06-28 15:39:00.000000000,LAST_TRADE,"6,$101826.0000"
2019-06-28 15:39:00.000000000,QUERY_SPREAD,101
2019-06-28 15:39:00.000000000,QUERY_ORDER_STREAM,101
2019-06-28 15:39:00.000000000,BEST_BID,"JPM,101474,408"
2019-06-28 15:39:00.000000000,BEST_ASK,"JPM,101826,227"
2019-06-28 15:39:10.000000000,QUERY_SPREAD,1
2019-06-28 15:39:10.000000000,BEST_BID,"JPM,101474,162"
2019-06-28 15:39:10.000000000,BEST_ASK,"JPM,101826,8"
2019-06-28 15:39:10.000000000,BEST_BID,"JPM,101474,162"
2019-06-28 15:39:10.000000000,BEST_ASK,"JPM,101826,8"
2019-06-28 15:39:10.000000000,BEST_BID,"JPM,101474,162"
2019-06-28 15:39:10.000000000,BEST_ASK,"JPM,101826,8"
2019-06-28 15:39:10.000000000,BEST_BID,"JPM,101474,162"
2019-06-28 15:39:10.000000000,BEST_ASK,"JPM,101826,8"
2019-06-28 15:39:10.000000000,BEST_BID,"JPM,101474,162"
2019-06-28 15:39:10.000000000,BEST_ASK,"JPM,101826,90"
2019-06-28 15:39:10.000000000,BEST_BID,"JPM,101474,162"
2019-06-28 15:39:10.000000000,BEST_ASK,"JPM,101826,90"
2019-06-28 15:39:10.000000000,BEST_BID,"JPM,101474,162"
2019-06-28 15:39:10.000000000,BEST_ASK,"JPM,101826,90"
2019-06-28 15:39:10.000000000,BEST_BID,"JPM,101474,162"
2019-06-28 15:39:10.000000000,BEST_ASK,"JPM,101826,90"
2019-06-28 15:39:20.000000000,QUERY_SPREAD,1
2019-06-28 15:39:20.000000000,BEST_BID,"JPM,101474,146"
2019-06-28 15:39:20.000000000,BEST_ASK,"JPM,101826,8"
2019-06-28 15:39:20.000000000,BEST_BID,"JPM,101474,146"
2019-06-28 15:39:20.000000000,BEST_ASK,"JPM,101826,8"
2019-06-28 15:39:20.000000000,BEST_BID,"JPM,101474,146"
2019-06-28 15:39:20.000000000,BEST_ASK,"JPM,101826,8"
2019-06-28 15:39:20.000000000,BEST_BID,"JPM,101474,146"
2019-06-28 15:39:20.000000000,BEST_ASK,"JPM,101826,8"
2019-06-28 15:39:20.000000000,BEST_BID,"JPM,101474,146"
2019-06-28 15:39:20.000000000,BEST_ASK,"JPM,101826,8"
2019-06-28 15:39:20.000000000,BEST_BID,"JPM,101474,146"
2019-06-28 15:39:20.000000000,BEST_ASK,"JPM,101826,74"
2019-06-28 15:39:20.000000000,BEST_BID,"JPM,101474,146"
2019-06-28 15:39:20.000000000,BEST_ASK,"JPM,101826,74"
2019-06-28 15:39:20.000000000,BEST_BID,"JPM,101474,146"
2019-06-28 15:39:20.000000000,BEST_ASK,"JPM,101826,74"
2019-06-28 15:39:20.000000000,BEST_BID,"JPM,101474,146"
2019-06-28 15:39:20.000000000,BEST_ASK,"JPM,101826,74"
2019-06-28 15:39:28.058373707,QUERY_ORDER_STREAM,74
2019-06-28 15:39:28.058373707,QUERY_SPREAD,74
2019-06-28 15:39:30.000000000,QUERY_SPREAD,1
2019-06-28 15:39:30.000000000,BEST_BID,"JPM,101474,408"
2019-06-28 15:39:30.000000000,BEST_ASK,"JPM,101826,8"
2019-06-28 15:39:30.000000000,BEST_BID,"JPM,101474,408"
2019-06-28 15:39:30.000000000,BEST_ASK,"JPM,101826,336"
2019-06-28 15:39:31.766303416,QUERY_SPREAD,18
2019-06-28 15:39:31.766303416,BEST_BID,"JPM,101574,100"
2019-06-28 15:39:31.766303416,BEST_ASK,"JPM,101826,336"
2019-06-28 15:39:35.122012097,QUERY_ORDER_STREAM,61
2019-06-28 15:39:35.122012097,QUERY_SPREAD,61
2019-06-28 15:39:40.000000000,QUERY_SPREAD,1
2019-06-28 15:39:40.000000000,BEST_BID,"JPM,101574,264"
2019-06-28 15:39:40.000000000,BEST_ASK,"JPM,101826,8"
2019-06-28 15:39:40.000000000,BEST_BID,"JPM,101574,264"
2019-06-28 15:39:40.000000000,BEST_ASK,"JPM,101826,8"
2019-06-28 15:39:40.000000000,BEST_BID,"JPM,101574,264"
2019-06-28 15:39:40.000000000,BEST_ASK,"JPM,101826,172"
2019-06-28 15:39:40.000000000,BEST_BID,"JPM,101574,264"
2019-06-28 15:39:40.000000000,BEST_ASK,"JPM,101826,172"
2019-06-28 15:39:45.673081408,QUERY_ORDER_STREAM,64
2019-06-28 15:39:45.673081408,QUERY_SPREAD,64
2019-06-28 15:39:50.000000000,QUERY_SPREAD,1
2019-06-28 15:39:50.000000000,BEST_BID,"JPM,101574,428"
2019-06-28 15:39:50.000000000,BEST_ASK,"JPM,101826,8"
2019-06-28 15:39:50.000000000,BEST_BID,"JPM,101574,428"
2019-06-28 15:39:50.000000000,BEST_ASK,"JPM,101826,336"
2019-06-28 15:39:52.488324609,QUERY_SPREAD,39
2019-06-28 15:39:52.488324609,BEST_BID,"JPM,101574,428"
2019-06-28 15:39:52.488324609,BEST_ASK,"JPM,101826,336"
2019-06-28 15:40:00.000000000,QUERY_SPREAD,1
2019-06-28 15:40:00.000000000,BEST_BID,"JPM,101574,264"
2019-06-28 15:40:00.000000000,BEST_ASK,"JPM,101826,8"
2019-06-28 15:40:00.000000000,BEST_BID,"JPM,101574,264"
2019-06-28 15:40:00.000000000,BEST_ASK,"JPM,101826,8"
2019-06-28 15:40:00.000000000,BEST_BID,"JPM,101574,264"
2019-06-28 15:40:00.000000000,BEST_ASK,"JPM,101826,172"
2019-06-28 15:40:00.000000000,BEST_BID,"JPM,101574,264"
2019-06-28 15:40:00.000000000,BEST_ASK,"JPM,101826,172"
2019-06-28 15:40:00.000000000,QUERY_SPREAD,77
2019-06-28 15:40:00.000000000,BEST_BID,"JPM,101574,264"
2019-06-28 15:40:00.000000000,BEST_ASK,"JPM,101826,168"
2019-06-28 15:40:00.000000000,LAST_TRADE,"4,$101826.0000"
2019-06-28 15:40:00.000000000,QUERY_SPREAD,78
2019-06-28 15:40:00.000000000,BEST_BID,"JPM,101574,264"
2019-06-28 15:40:00.000000000,BEST_ASK,"JPM,101826,160"
2019-06-28 15:40:00.000000000,LAST_TRADE,"8,$101826.0000"
2019-06-28 15:40:00.000000000,QUERY_SPREAD,79
2019-06-28 15:40:00.000000000,BEST_BID,"JPM,101574,264"
2019-06-28 15:40:00.000000000,BEST_ASK,"JPM,101826,159"
2019-06-28 15:40:00.000000000,LAST_TRADE,"1,$101826.0000"
2019-06-28 15:40:00.000000000,QUERY_SPREAD,80
2019-06-28 15:40:00.000000000,BEST_BID,"JPM,101574,264"
2019-06-28 15:40:00.000000000,BEST_ASK,"JPM,101826,154"
2019-06-28 15:40:00.000000000,LAST_TRADE,"5,$101826.0000"
2019-06-28 15:40:00.000000000,QUERY_SPREAD,81
2019-06-28 15:40:00.000000000,BEST_BID,"JPM,101574,264"
2019-06-28 15:40:00.000000000,BEST_ASK,"JPM,101826,149"
2019-06-28 15:40:00.000000000,LAST_TRADE,"5,$101826.0000"
2019-06-28 15:40:00.000000000,QUERY_SPREAD,82
2019-06-28 15:40:00.000000000,BEST_BID,"JPM,101574,264"
2019-06-28 15:40:00.000000000,BEST_ASK,"JPM,101826,143"
2019-06-28 15:40:00.000000000,LAST_TRADE,"6,$101826.0000"
2019-06-28 15:40:00.000000000,QUERY_SPREAD,83
2019-06-28 15:40:00.000000000,BEST_BID,"JPM,101574,264"
2019-06-28 15:40:00.000000000,BEST_ASK,"JPM,101826,139"
2019-06-28 15:40:00.000000000,LAST_TRADE,"4,$101826.0000"
2019-06-28 15:40:00.000000000,QUERY_SPREAD,84
2019-06-28 15:40:00.000000000,BEST_BID,"JPM,101574,264"
2019-06-28 15:40:00.000000000,BEST_ASK,"JPM,101826,134"
2019-06-28 15:40:00.000000000,LAST_TRADE,"5,$101826.0000"
2019-06-28 15:40:00.000000000,QUERY_SPREAD,85
2019-06-28 15:40:00.000000000,BEST_BID,"JPM,101574,264"
2019-06-28 15:40:00.000000000,BEST_ASK,"JPM,101826,129"
2019-06-28 15:40:00.000000000,LAST_TRADE,"5,$101826.0000"
2019-06-28 15:40:00.000000000,QUERY_SPREAD,86
2019-06-28 15:40:00.000000000,BEST_BID,"JPM,101574,264"
2019-06-28 15:40:00.000000000,BEST_ASK,"JPM,101826,120"
2019-06-28 15:40:00.000000000,LAST_TRADE,"9,$101826.0000"
2019-06-28 15:40:00.000000000,QUERY_SPREAD,87
2019-06-28 15:40:00.000000000,BEST_BID,"JPM,101574,264"
2019-06-28 15:40:00.000000000,BEST_ASK,"JPM,101826,118"
2019-06-28 15:40:00.000000000,LAST_TRADE,"2,$101826.0000"
2019-06-28 15:40:00.000000000,QUERY_SPREAD,88
2019-06-28 15:40:00.000000000,BEST_BID,"JPM,101574,264"
2019-06-28 15:40:00.000000000,BEST_ASK,"JPM,101826,110"
2019-06-28 15:40:00.000000000,LAST_TRADE,"8,$101826.0000"
2019-06-28 15:40:00.000000000,QUERY_SPREAD,89
2019-06-28 15:40:00.000000000,BEST_BID,"JPM,101574,264"
2019-06-28 15:40:00.000000000,BEST_ASK,"JPM,101826,103"
2019-06-28 15:40:00.000000000,LAST_TRADE,"7,$101826.0000"
2019-06-28 15:40:00.000000000,QUERY_SPREAD,90
2019-06-28 15:40:00.000000000,BEST_BID,"JPM,101574,264"
2019-06-28 15:40:00.000000000,BEST_ASK,"JPM,101826,97"
2019-06-28 15:40:00.000000000,LAST_TRADE,"6,$101826.0000"
2019-06-28 15:40:00.000000000,QUERY_SPREAD,91
2019-06-28 15:40:00.000000000,BEST_BID,"JPM,101574,264"
2019-06-28 15:40:00.000000000,BEST_ASK,"JPM,101826,92"
2019-06-28 15:40:00.000000000,LAST_TRADE,"5,$101826.0000"
2019-06-28 15:40:00.000000000,QUERY_SPREAD,92
2019-06-28 15:40:00.000000000,BEST_BID,"JPM,101574,264"
2019-06-28 15:40:00.000000000,BEST_ASK,"JPM,101826,91"
2019-06-28 15:40:00.000000000,LAST_TRADE,"1,$101826.0000"
2019-06-28 15:40:00.000000000,QUERY_SPREAD,93
2019-06-28 15:40:00.000000000,BEST_BID,"JPM,101574,264"
2019-06-28 15:40:00.000000000,BEST_ASK,"JPM,101826,89"
2019-06-28 15:40:00.000000000,LAST_TRADE,"2,$101826.0000"
2019-06-28 15:40:00.000000000,QUERY_SPREAD,94
2019-06-28 15:40:00.000000000,BEST_BID,"JPM,101574,264"
2019-06-28 15:40:00.000000000,BEST_ASK,"JPM,101826,87"
2019-06-28 15:40:00.000000000,LAST_TRADE,"2,$101826.0000"
2019-06-28 15:40:00.000000000,QUERY_SPREAD,95
2019-06-28 15:40:00.000000000,BEST_BID,"JPM,101574,264"
2019-06-28 15:40:00.000000000,BEST_ASK,"JPM,101826,80"
2019-06-28 15:40:00.000000000,LAST_TRADE,"7,$101826.0000"
2019-06-28 15:40:00.000000000,QUERY_SPREAD,96
2019-06-28 15:40:00.000000000,BEST_BID,"JPM,101574,264"
2019-06-28 15:40:00.000000000,BEST_ASK,"JPM,101826,73"
2019-06-28 15:40:00.000000000,LAST_TRADE,"7,$101826.0000"
2019-06-28 15:40:00.000000000,QUERY_SPREAD,97
2019-06-28 15:40:00.000000000,BEST_BID,"JPM,101574,264"
2019-06-28 15:40:00.000000000,BEST_ASK,"JPM,101826,67"
2019-06-28 15:40:00.000000000,LAST_TRADE,"6,$101826.0000"
2019-06-28 15:40:00.000000000,QUERY_SPREAD,98
2019-06-28 15:40:00.000000000,BEST_BID,"JPM,101574,264"
2019-06-28 15:40:00.000000000,BEST_ASK,"JPM,101826,63"
2019-06-28 15:40:00.000000000,LAST_TRADE,"4,$101826.0000"
2019-06-28 15:40:00.000000000,QUERY_SPREAD,99
2019-06-28 15:40:00.000000000,BEST_BID,"JPM,101574,264"
2019-06-28 15:40:00.000000000,BEST_ASK,"JPM,101826,61"
2019-06-28 15:40:00.000000000,LAST_TRADE,"2,$101826.0000"
2019-06-28 15:40:00.000000000,QUERY_SPREAD,100
2019-06-28 15:40:00.000000000,BEST_BID,"JPM,101574,264"
2019-06-28 15:40:00.000000000,BEST_ASK,"JPM,101826,55"
2019-06-28 15:40:00.000000000,LAST_TRADE,"6,$101826.0000"
2019-06-28 15:40:00.000000000,QUERY_SPREAD,101
2019-06-28 15:40:00.000000000,QUERY_ORDER_STREAM,101
2019-06-28 15:40:00.000000000,BEST_BID,"JPM,101574,264"
2019-06-28 15:40:00.000000000,BEST_ASK,"JPM,101826,63"
2019-06-28 15:40:10.000000000,QUERY_SPREAD,1
2019-06-28 15:40:10.000000000,BEST_BID,"JPM,101574,166"
2019-06-28 15:40:10.000000000,BEST_ASK,"JPM,101826,8"
2019-06-28 15:40:10.000000000,BEST_BID,"JPM,101574,166"
2019-06-28 15:40:10.000000000,BEST_ASK,"JPM,101826,8"
2019-06-28 15:40:10.000000000,BEST_BID,"JPM,101574,166"
2019-06-28 15:40:10.000000000,BEST_ASK,"JPM,101826,8"
2019-06-28 15:40:10.000000000,BEST_BID,"JPM,101574,166"
2019-06-28 15:40:10.000000000,BEST_ASK,"JPM,101826,8"
2019-06-28 15:40:10.000000000,BEST_BID,"JPM,101574,166"
2019-06-28 15:40:10.000000000,BEST_ASK,"JPM,101826,8"
2019-06-28 15:40:10.000000000,BEST_BID,"JPM,101574,166"
2019-06-28 15:40:10.000000000,BEST_ASK,"JPM,101826,74"
2019-06-28 15:40:10.000000000,BEST_BID,"JPM,101574,166"
2019-06-28 15:40:10.000000000,BEST_ASK,"JPM,101826,74"
2019-06-28 15:40:10.000000000,BEST_BID,"JPM,101574,166"
2019-06-28 15:40:10.000000000,BEST_ASK,"JPM,101826,74"
2019-06-28 15:40:10.000000000,BEST_BID,"JPM,101574,166"
2019-06-28 15:40:10.000000000,BEST_ASK,"JPM,101826,74"
2019-06-28 15:40:17.094173961,QUERY_ORDER_STREAM,72
2019-06-28 15:40:17.094173961,QUERY_SPREAD,72
2019-06-28 15:40:17.094173961,BEST_BID,"JPM,101574,166"
2019-06-28 15:40:17.094173961,BEST_ASK,"JPM,101826,174"
2019-06-28 15:40:19.509480200,QUERY_SPREAD,21
2019-06-28 15:40:19.509480200,BEST_BID,"JPM,101664,100"
2019-06-28 15:40:19.509480200,BEST_ASK,"JPM,101826,174"
2019-06-28 15:40:20.000000000,QUERY_SPREAD,1
2019-06-28 15:40:20.000000000,BEST_BID,"JPM,101664,212"
2019-06-28 15:40:20.000000000,BEST_ASK,"JPM,101826,108"
2019-06-28 15:40:20.000000000,BEST_BID,"JPM,101664,212"
2019-06-28 15:40:20.000000000,BEST_ASK,"JPM,101826,108"
2019-06-28 15:40:20.000000000,BEST_BID,"JPM,101664,212"
2019-06-28 15:40:20.000000000,BEST_ASK,"JPM,101826,108"
2019-06-28 15:40:20.000000000,BEST_BID,"JPM,101664,212"
2019-06-28 15:40:20.000000000,BEST_ASK,"JPM,101826,220"
2019-06-28 15:40:20.000000000,BEST_BID,"JPM,101664,212"
2019-06-28 15:40:20.000000000,BEST_ASK,"JPM,101826,220"
2019-06-28 15:40:20.000000000,BEST_BID,"JPM,101664,212"
2019-06-28 15:40:20.000000000,BEST_ASK,"JPM,101826,220"
2019-06-28 15:40:28.990125740,QUERY_SPREAD,33
2019-06-28 15:40:28.990125740,BEST_BID,"JPM,101664,112"
2019-06-28 15:40:28.990125740,BEST_ASK,"JPM,101826,220"
2019-06-28 15:40:28.990125740,LAST_TRADE,"100,$101664.0000"
2019-06-28 15:40:30.000000000,QUERY_SPREAD,1
2019-06-28 15:40:30.000000000,BEST_BID,"JPM,101574,428"
2019-06-28 15:40:30.000000000,BEST_ASK,"JPM,101826,108"
2019-06-28 15:40:30.000000000,BEST_BID,"JPM,101574,428"
2019-06-28 15:40:30.000000000,BEST_ASK,"JPM,101826,436"
2019-06-28 15:40:40.000000000,QUERY_SPREAD,1
2019-06-28 15:40:40.000000000,BEST_BID,"JPM,101574,428"
2019-06-28 15:40:40.000000000,BEST_ASK,"JPM,101826,108"
2019-06-28 15:40:40.000000000,BEST_BID,"JPM,101574,428"
2019-06-28 15:40:40.000000000,BEST_ASK,"JPM,101826,436"
2019-06-28 15:40:47.007327436,QUERY_ORDER_STREAM,56
2019-06-28 15:40:47.007327436,QUERY_SPREAD,56
2019-06-28 15:40:47.007327436,BEST_BID,"JPM,101574,428"
2019-06-28 15:40:47.007327436,BEST_ASK,"JPM,101825,100"
2019-06-28 15:40:50.000000000,QUERY_SPREAD,1
2019-06-28 15:40:50.000000000,BEST_BID,"JPM,101574,182"
2019-06-28 15:40:50.000000000,BEST_ASK,"JPM,101825,100"
2019-06-28 15:40:50.000000000,BEST_BID,"JPM,101574,182"
2019-06-28 15:40:50.000000000,BEST_ASK,"JPM,101825,100"
2019-06-28 15:40:50.000000000,BEST_BID,"JPM,101574,182"
2019-06-28 15:40:50.000000000,BEST_ASK,"JPM,101825,100"
2019-06-28 15:40:50.000000000,BEST_BID,"JPM,101574,182"
2019-06-28 15:40:50.000000000,BEST_ASK,"JPM,101825,100"
2019-06-28 15:40:50.000000000,BEST_BID,"JPM,101574,182"
2019-06-28 15:40:50.000000000,BEST_ASK,"JPM,101825,182"
2019-06-28 15:40:50.000000000,BEST_BID,"JPM,101574,182"
2019-06-28 15:40:50.000000000,BEST_ASK,"JPM,101825,182"
2019-06-28 15:40:50.000000000,BEST_BID,"JPM,101574,182"
2019-06-28 15:40:50.000000000,BEST_ASK,"JPM,101825,182"
2019-06-28 15:40:50.000000000,BEST_BID,"JPM,101574,182"
2019-06-28 15:40:50.000000000,BEST_ASK,"JPM,101825,182"
2019-06-28 15:41:00.000000000,QUERY_SPREAD,1
2019-06-28 15:41:00.000000000,BEST_BID,"JPM,101574,166"
2019-06-28 15:41:00.000000000,BEST_ASK,"JPM,101825,100"
2019-06-28 15:41:00.000000000,BEST_BID,"JPM,101574,166"
2019-06-28 15:41:00.000000000,BEST_ASK,"JPM,101825,100"
2019-06-28 15:41:00.000000000,BEST_BID,"JPM,101574,166"
2019-06-28 15:41:00.000000000,BEST_ASK,"JPM,101825,100"
2019-06-28 15:41:00.000000000,BEST_BID,"JPM,101574,166"
2019-06-28 15:41:00.000000000,BEST_ASK,"JPM,101825,100"
2019-06-28 15:41:00.000000000,BEST_BID,"JPM,101574,166"
2019-06-28 15:41:00.000000000,BEST_ASK,"JPM,101825,100"
2019-06-28 15:41:00.000000000,BEST_BID,"JPM,101574,166"
2019-06-28 15:41:00.000000000,BEST_ASK,"JPM,101825,166"
2019-06-28 15:41:00.000000000,BEST_BID,"JPM,101574,166"
2019-06-28 15:41:00.000000000,BEST_ASK,"JPM,101825,166"
2019-06-28 15:41:00.000000000,BEST_BID,"JPM,101574,166"
2019-06-28 15:41:00.000000000,BEST_ASK,"JPM,101825,166"
2019-06-28 15:41:00.000000000,BEST_BID,"JPM,101574,166"
2019-06-28 15:41:00.000000000,BEST_ASK,"JPM,101825,166"
2019-06-28 15:41:00.000000000,BEST_BID,"JPM,101574,166"
2019-06-28 15:41:00.000000000,BEST_ASK,"JPM,101825,166"
2019-06-28 15:41:00.000000000,QUERY_SPREAD,77
2019-06-28 15:41:00.000000000,BEST_BID,"JPM,101574,166"
2019-06-28 15:41:00.000000000,BEST_ASK,"JPM,101825,162"
2019-06-28 15:41:00.000000000,LAST_TRADE,"4,$101825.0000"
2019-06-28 15:41:00.000000000,QUERY_SPREAD,78
2019-06-28 15:41:00.000000000,BEST_BID,"JPM,101574,166"
2019-06-28 15:41:00.000000000,BEST_ASK,"JPM,101825,154"
2019-06-28 15:41:00.000000000,LAST_TRADE,"8,$101825.0000"
2019-06-28 15:41:00.000000000,QUERY_SPREAD,79
2019-06-28 15:41:00.000000000,BEST_BID,"JPM,101574,166"
2019-06-28 15:41:00.000000000,BEST_ASK,"JPM,101825,153"
2019-06-28 15:41:00.000000000,LAST_TRADE,"1,$101825.0000"
2019-06-28 15:41:00.000000000,QUERY_SPREAD,80
2019-06-28 15:41:00.000000000,BEST_BID,"JPM,101574,166"
2019-06-28 15:41:00.000000000,BEST_ASK,"JPM,101825,148"
2019-06-28 15:41:00.000000000,LAST_TRADE,"5,$101825.0000"
2019-06-28 15:41:00.000000000,QUERY_SPREAD,81
2019-06-28 15:41:00.000000000,BEST_BID,"JPM,101574,166"
2019-06-28 15:41:00.000000000,BEST_ASK,"JPM,101825,143"
2019-06-28 15:41:00.000000000,LAST_TRADE,"5,$101825.0000"
2019-06-28 15:41:00.000000000,QUERY_SPREAD,82
2019-06-28 15:41:00.000000000,BEST_BID,"JPM,101574,166"
2019-06-28 15:41:00.000000000,BEST_ASK,"JPM,101825,137"
2019-06-28 15:41:00.000000000,LAST_TRADE,"6,$101825.0000"
2019-06-28 15:41:00.000000000,QUERY_SPREAD,83
2019-06-28 15:41:00.000000000,BEST_BID,"JPM,101574,166"
2019-06-28 15:41:00.000000000,BEST_ASK,"JPM,101825,133"
2019-06-28 15:41:00.000000000,LAST_TRADE,"4,$101825.0000"
2019-06-28 15:41:00.000000000,QUERY_SPREAD,84
2019-06-28 15:41:00.000000000,BEST_BID,"JPM,101574,166"
2019-06-28 15:41:00.000000000,BEST_ASK,"JPM,101825,128"
2019-06-28 15:41:00.000000000,LAST_TRADE,"5,$101825.0000"
2019-06-28 15:41:00.000000000,QUERY_SPREAD,85
2019-06-28 15:41:00.000000000,BEST_BID,"JPM,101574,166"
2019-06-28 15:41:00.000000000,BEST_ASK,"JPM,101825,123"
2019-06-28 15:41:00.000000000,LAST_TRADE,"5,$101825.0000"
2019-06-28 15:41:00.000000000,QUERY_SPREAD,86
2019-06-28 15:41:00.000000000,BEST_BID,"JPM,101574,166"
2019-06-28 15:41:00.000000000,BEST_ASK,"JPM,101825,114"
2019-06-28 15:41:00.000000000,LAST_TRADE,"9,$101825.0000"
2019-06-28 15:41:00.000000000,QUERY_SPREAD,87
2019-06-28 15:41:00.000000000,BEST_BID,"JPM,101574,166"
2019-06-28 15:41:00.000000000,BEST_ASK,"JPM,101825,112"
2019-06-28 15:41:00.000000000,LAST_TRADE,"2,$101825.0000"
2019-06-28 15:41:00.000000000,QUERY_SPREAD,88
2019-06-28 15:41:00.000000000,BEST_BID,"JPM,101574,166"
2019-06-28 15:41:00.000000000,BEST_ASK,"JPM,101825,104"
2019-06-28 15:41:00.000000000,LAST_TRADE,"8,$101825.0000"
2019-06-28 15:41:00.000000000,QUERY_SPREAD,89
2019-06-28 15:41:00.000000000,BEST_BID,"JPM,101574,166"
2019-06-28 15:41:00.000000000,BEST_ASK,"JPM,101825,97"
2019-06-28 15:41:00.000000000,LAST_TRADE,"7,$101825.0000"
2019-06-28 15:41:00.000000000,QUERY_SPREAD,90
2019-06-28 15:41:00.000000000,BEST_BID,"JPM,101574,166"
2019-06-28 15:41:00.000000000,BEST_ASK,"JPM,101825,91"
2019-06-28 15:41:00.000000000,LAST_TRADE,"6,$101825.0000"
2019-06-28 15:41:00.000000000,QUERY_SPREAD,91
2019-06-28 15:41:00.000000000,BEST_BID,"JPM,101574,166"
2019-06-28 15:41:00.000000000,BEST_ASK,"JPM,101825,86"
2019-06-28 15:41:00.000000000,LAST_TRADE,"5,$101825.0000"
2019-06-28 15:41:00.000000000,QUERY_SPREAD,92
2019-06-28 15:41:00.000000000,BEST_BID,"JPM,101574,166"
2019-06-28 15:41:00.000000000,BEST_ASK,"JPM,101825,85"
2019-06-28 15:41:00.000000000,LAST_TRADE,"1,$101825.0000"
2019-06-28 15:41:00.000000000,QUERY_SPREAD,93
2019-06-28 15:41:00.000000000,BEST_BID,"JPM,101574,166"
2019-06-28 15:41:00.000000000,BEST_ASK,"JPM,101825,83"
2019-06-28 15:41:00.000000000,LAST_TRADE,"2,$101825.0000"
2019-06-28 15:41:00.000000000,QUERY_SPREAD,94
2019-06-28 15:41:00.000000000,BEST_BID,"JPM,101574,166"
2019-06-28 15:41:00.000000000,BEST_ASK,"JPM,101825,81"
2019-06-28 15:41:00.000000000,LAST_TRADE,"2,$101825.0000"
2019-06-28 15:41:00.000000000,QUERY_SPREAD,95
2019-06-28 15:41:00.000000000,BEST_BID,"JPM,101574,166"
2019-06-28 15:41:00.000000000,BEST_ASK,"JPM,101825,74"
2019-06-28 15:41:00.000000000,LAST_TRADE,"7,$101825.0000"
2019-06-28 15:41:00.000000000,QUERY_SPREAD,96
2019-06-28 15:41:00.000000000,BEST_BID,"JPM,101574,166"
2019-06-28 15:41:00.000000000,BEST_ASK,"JPM,101825,67"
2019-06-28 15:41:00.000000000,LAST_TRADE,"7,$101825.0000"
2019-06-28 15:41:00.000000000,QUERY_SPREAD,97
2019-06-28 15:41:00.000000000,BEST_BID,"JPM,101574,166"
2019-06-28 15:41:00.000000000,BEST_ASK,"JPM,101825,61"
2019-06-28 15:41:00.000000000,LAST_TRADE,"6,$101825.0000"
2019-06-28 15:41:00.000000000,QUERY_SPREAD,98
2019-06-28 15:41:00.000000000,BEST_BID,"JPM,101574,166"
2019-06-28 15:41:00.000000000,BEST_ASK,"JPM,101825,57"
2019-06-28 15:41:00.000000000,LAST_TRADE,"4,$101825.0000"
2019-06-28 15:41:00.000000000,QUERY_SPREAD,99
2019-06-28 15:41:00.000000000,BEST_BID,"JPM,101574,166"
2019-06-28 15:41:00.000000000,BEST_ASK,"JPM,101825,55"
2019-06-28 15:41:00.000000000,LAST_TRADE,"2,$101825.0000"
2019-06-28 15:41:00.000000000,QUERY_SPREAD,100
2019-06-28 15:41:00.000000000,BEST_BID,"JPM,101574,166"
2019-06-28 15:41:00.000000000,BEST_ASK,"JPM,101825,49"
2019-06-28 15:41:00.000000000,LAST_TRADE,"6,$101825.0000"
2019-06-28 15:41:00.000000000,QUERY_SPREAD,101
2019-06-28 15:41:00.000000000,QUERY_ORDER_STREAM,101
2019-06-28 15:41:00.000000000,BEST_BID,"JPM,101574,166"
2019-06-28 15:41:00.000000000,BEST_ASK,"JPM,101825,57"
2019-06-28 15:41:00.999608192,QUERY_SPREAD,25
2019-06-28 15:41:00.999608192,BEST_BID,"JPM,101574,166"
2019-06-28 15:41:00.999608192,BEST_ASK,"JPM,101825,57"
2019-06-28 15:41:10.000000000,QUERY_SPREAD,1
2019-06-28 15:41:10.000000000,BEST_BID,"JPM,101574,264"
2019-06-28 15:41:10.000000000,BEST_ASK,"JPM,101825,8"
2019-06-28 15:41:10.000000000,BEST_BID,"JPM,101574,264"
2019-06-28 15:41:10.000000000,BEST_ASK,"JPM,101825,8"
2019-06-28 15:41:10.000000000,BEST_BID,"JPM,101574,264"
2019-06-28 15:41:10.000000000,BEST_ASK,"JPM,101825,172"
2019-06-28 15:41:10.000000000,BEST_BID,"JPM,101574,264"
2019-06-28 15:41:10.000000000,BEST_ASK,"JPM,101825,172"
2019-06-28 15:41:20.000000000,QUERY_SPREAD,1
2019-06-28 15:41:20.000000000,BEST_BID,"JPM,101574,166"
2019-06-28 15:41:20.000000000,BEST_ASK,"JPM,101825,8"
2019-06-28 15:41:20.000000000,BEST_BID,"JPM,101574,166"
2019-06-28 15:41:20.000000000,BEST_ASK,"JPM,101825,8"
2019-06-28 15:41:20.000000000,BEST_BID,"JPM,101574,166"
2019-06-28 15:41:20.000000000,BEST_ASK,"JPM,101825,8"
2019-06-28 15:41:20.000000000,BEST_BID,"JPM,101574,166"
2019-06-28 15:41:20.000000000,BEST_ASK,"JPM,101825,8"
2019-06-28 15:41:20.000000000,BEST_BID,"JPM,101574,166"
2019-06-28 15:41:20.000000000,BEST_ASK,"JPM,101825,8"
2019-06-28 15:41:20.000000000,BEST_BID,"JPM,101574,166"
2019-06-28 15:41:20.000000000,BEST_ASK,"JPM,101825,74"
2019-06-28 15:41:20.000000000,BEST_BID,"JPM,101574,166"
2019-06-28 15:41:20.000000000,BEST_ASK,"JPM,101825,74"
2019-06-28 15:41:20.000000000,BEST_BID,"JPM,101574,166"
2019-06-28 15:41:20.000000000,BEST_ASK,"JPM,101825,74"
2019-06-28 15:41:20.000000000,BEST_BID,"JPM,101574,166"
2019-06-28 15:41:20.000000000,BEST_ASK,"JPM,101825,74"
2019-06-28 15:41:20.000000000,BEST_BID,"JPM,101574,166"
2019-06-28 15:41:20.000000000,BEST_ASK,"JPM,101825,74"
2019-06-28 15:41:26.242457974,QUERY_ORDER_STREAM,56
2019-06-28 15:41:26.242457974,QUERY_SPREAD,56
2019-06-28 15:41:26.242457974,BEST_BID,"JPM,101574,166"
2019-06-28 15:41:26.242457974,BEST_ASK,"JPM,101825,174"
2019-06-28 15:41:30.000000000,QUERY_SPREAD,1
2019-06-28 15:41:30.000000000,BEST_BID,"JPM,101574,264"
2019-06-28 15:41:30.000000000,BEST_ASK,"JPM,101825,108"
2019-06-28 15:41:30.000000000,BEST_BID,"JPM,101574,264"
2019-06-28 15:41:30.000000000,BEST_ASK,"JPM,101825,108"
2019-06-28 15:41:30.000000000,BEST_BID,"JPM,101574,264"
2019-06-28 15:41:30.000000000,BEST_ASK,"JPM,101825,272"
2019-06-28 15:41:30.000000000,BEST_BID,"JPM,101574,264"
2019-06-28 15:41:30.000000000,BEST_ASK,"JPM,101825,272"
2019-06-28 15:41:30.129850803,QUERY_SPREAD,13
2019-06-28 15:41:30.129850803,BEST_BID,"JPM,101574,264"
2019-06-28 15:41:30.129850803,BEST_ASK,"JPM,101723,100"
2019-06-28 15:41:40.000000000,QUERY_SPREAD,1
2019-06-28 15:41:40.000000000,BEST_BID,"JPM,101574,166"
2019-06-28 15:41:40.000000000,BEST_ASK,"JPM,101723,100"
2019-06-28 15:41:40.000000000,BEST_BID,"JPM,101574,166"
2019-06-28 15:41:40.000000000,BEST_ASK,"JPM,101723,100"
2019-06-28 15:41:40.000000000,BEST_BID,"JPM,101574,166"
2019-06-28 15:41:40.000000000,BEST_ASK,"JPM,101723,100"
2019-06-28 15:41:40.000000000,BEST_BID,"JPM,101574,166"
2019-06-28 15:41:40.000000000,BEST_ASK,"JPM,101723,100"
2019-06-28 15:41:40.000000000,BEST_BID,"JPM,101574,166"
2019-06-28 15:41:40.000000000,BEST_ASK,"JPM,101723,100"
2019-06-28 15:41:40.000000000,BEST_BID,"JPM,101574,166"
2019-06-28 15:41:40.000000000,BEST_ASK,"JPM,101723,166"
2019-06-28 15:41:40.000000000,BEST_BID,"JPM,101574,166"
2019-06-28 15:41:40.000000000,BEST_ASK,"JPM,101723,166"
2019-06-28 15:41:40.000000000,BEST_BID,"JPM,101574,166"
2019-06-28 15:41:40.000000000,BEST_ASK,"JPM,101723,166"
2019-06-28 15:41:40.000000000,BEST_BID,"JPM,101574,166"
2019-06-28 15:41:40.000000000,BEST_ASK,"JPM,101723,166"
2019-06-28 15:41:40.000000000,BEST_BID,"JPM,101574,166"
2019-06-28 15:41:40.000000000,BEST_ASK,"JPM,101723,166"
2019-06-28 15:41:40.865756858,QUERY_SPREAD,48
2019-06-28 15:41:40.865756858,BEST_BID,"JPM,101574,166"
2019-06-28 15:41:40.865756858,BEST_ASK,"JPM,101723,166"
2019-06-28 15:41:44.480976725,QUERY_ORDER_STREAM,70
2019-06-28 15:41:44.480976725,QUERY_SPREAD,70
2019-06-28 15:41:44.480976725,BEST_BID,"JPM,101574,166"
2019-06-28 15:41:44.480976725,BEST_ASK,"JPM,101723,166"
2019-06-28 15:41:50.000000000,QUERY_SPREAD,1
2019-06-28 15:41:50.000000000,BEST_BID,"JPM,101574,264"
2019-06-28 15:41:50.000000000,BEST_ASK,"JPM,101723,100"
2019-06-28 15:41:50.000000000,BEST_BID,"JPM,101574,264"
2019-06-28 15:41:50.000000000,BEST_ASK,"JPM,101723,100"
2019-06-28 15:41:50.000000000,BEST_BID,"JPM,101574,264"
2019-06-28 15:41:50.000000000,BEST_ASK,"JPM,101723,264"
2019-06-28 15:41:50.000000000,BEST_BID,"JPM,101574,264"
2019-06-28 15:41:50.000000000,BEST_ASK,"JPM,101723,264"
2019-06-28 15:41:52.503907973,QUERY_ORDER_STREAM,65
2019-06-28 15:41:52.503907973,QUERY_SPREAD,65
2019-06-28 15:42:00.000000000,QUERY_SPREAD,1
2019-06-28 15:42:00.000000000,BEST_BID,"JPM,101574,182"
2019-06-28 15:42:00.000000000,BEST_ASK,"JPM,101723,100"
2019-06-28 15:42:00.000000000,BEST_BID,"JPM,101574,182"
2019-06-28 15:42:00.000000000,BEST_ASK,"JPM,101723,100"
2019-06-28 15:42:00.000000000,BEST_BID,"JPM,101574,182"
2019-06-28 15:42:00.000000000,BEST_ASK,"JPM,101723,100"
2019-06-28 15:42:00.000000000,BEST_BID,"JPM,101574,182"
2019-06-28 15:42:00.000000000,BEST_ASK,"JPM,101723,100"
2019-06-28 15:42:00.000000000,BEST_BID,"JPM,101574,182"
2019-06-28 15:42:00.000000000,BEST_ASK,"JPM,101723,182"
2019-06-28 15:42:00.000000000,BEST_BID,"JPM,101574,182"
2019-06-28 15:42:00.000000000,BEST_ASK,"JPM,101723,182"
2019-06-28 15:42:00.000000000,BEST_BID,"JPM,101574,182"
2019-06-28 15:42:00.000000000,BEST_ASK,"JPM,101723,182"
2019-06-28 15:42:00.000000000,BEST_BID,"JPM,101574,182"
2019-06-28 15:42:00.000000000,BEST_ASK,"JPM,101723,182"
2019-06-28 15:42:00.000000000,QUERY_SPREAD,77
2019-06-28 15:42:00.000000000,BEST_BID,"JPM,101574,182"
2019-06-28 15:42:00.000000000,BEST_ASK,"JPM,101723,178"
2019-06-28 15:42:00.000000000,LAST_TRADE,"4,$101723.0000"
2019-06-28 15:42:00.000000000,QUERY_SPREAD,78
2019-06-28 15:42:00.000000000,BEST_BID,"JPM,101574,182"
2019-06-28 15:42:00.000000000,BEST_ASK,"JPM,101723,170"
2019-06-28 15:42:00.000000000,LAST_TRADE,"8,$101723.0000"
2019-06-28 15:42:00.000000000,QUERY_SPREAD,79
2019-06-28 15:42:00.000000000,BEST_BID,"JPM,101574,182"
2019-06-28 15:42:00.000000000,BEST_ASK,"JPM,101723,169"
2019-06-28 15:42:00.000000000,LAST_TRADE,"1,$101723.0000"
2019-06-28 15:42:00.000000000,QUERY_SPREAD,80
2019-06-28 15:42:00.000000000,BEST_BID,"JPM,101574,182"
2019-06-28 15:42:00.000000000,BEST_ASK,"JPM,101723,164"
2019-06-28 15:42:00.000000000,LAST_TRADE,"5,$101723.0000"
2019-06-28 15:42:00.000000000,QUERY_SPREAD,81
2019-06-28 15:42:00.000000000,BEST_BID,"JPM,101574,182"
2019-06-28 15:42:00.000000000,BEST_ASK,"JPM,101723,159"
2019-06-28 15:42:00.000000000,LAST_TRADE,"5,$101723.0000"
2019-06-28 15:42:00.000000000,QUERY_SPREAD,82
2019-06-28 15:42:00.000000000,BEST_BID,"JPM,101574,182"
2019-06-28 15:42:00.000000000,BEST_ASK,"JPM,101723,153"
2019-06-28 15:42:00.000000000,LAST_TRADE,"6,$101723.0000"
2019-06-28 15:42:00.000000000,QUERY_SPREAD,83
2019-06-28 15:42:00.000000000,BEST_BID,"JPM,101574,182"
2019-06-28 15:42:00.000000000,BEST_ASK,"JPM,101723,149"
2019-06-28 15:42:00.000000000,LAST_TRADE,"4,$101723.0000"
2019-06-28 15:42:00.000000000,QUERY_SPREAD,84
2019-06-28 15:42:00.000000000,BEST_BID,"JPM,101574,182"
2019-06-28 15:42:00.000000000,BEST_ASK,"JPM,101723,144"
2019-06-28 15:42:00.000000000,LAST_TRADE,"5,$101723.0000"
2019-06-28 15:42:00.000000000,QUERY_SPREAD,85
2019-06-28 15:42:00.000000000,BEST_BID,"JPM,101574,182"
2019-06-28 15:42:00.000000000,BEST_ASK,"JPM,101723,139"
2019-06-28 15:42:00.000000000,LAST_TRADE,"5,$101723.0000"
2019-06-28 15:42:00.000000000,QUERY_SPREAD,86
2019-06-28 15:42:00.000000000,BEST_BID,"JPM,101574,182"
2019-06-28 15:42:00.000000000,BEST_ASK,"JPM,101723,130"
2019-06-28 15:42:00.000000000,LAST_TRADE,"9,$101723.0000"
2019-06-28 15:42:00.000000000,QUERY_SPREAD,87
2019-06-28 15:42:00.000000000,BEST_BID,"JPM,101574,182"
2019-06-28 15:42:00.000000000,BEST_ASK,"JPM,101723,128"
2019-06-28 15:42:00.000000000,LAST_TRADE,"2,$101723.0000"
2019-06-28 15:42:00.000000000,QUERY_SPREAD,88
2019-06-28 15:42:00.000000000,BEST_BID,"JPM,101574,182"
2019-06-28 15:42:00.000000000,BEST_ASK,"JPM,101723,120"
2019-06-28 15:42:00.000000000,LAST_TRADE,"8,$101723.0000"
2019-06-28 15:42:00.000000000,QUERY_SPREAD,89
2019-06-28 15:42:00.000000000,BEST_BID,"JPM,101574,182"
2019-06-28 15:42:00.000000000,BEST_ASK,"JPM,101723,113"
2019-06-28 15:42:00.000000000,LAST_TRADE,"7,$101723.0000"
2019-06-28 15:42:00.000000000,QUERY_SPREAD,90
2019-06-28 15:42:00.000000000,BEST_BID,"JPM,101574,182"
2019-06-28 15:42:00.000000000,BEST_ASK,"JPM,101723,107"
2019-06-28 15:42:00.000000000,LAST_TRADE,"6,$101723.0000"
2019-06-28 15:42:00.000000000,QUERY_SPREAD,91
2019-06-28 15:42:00.000000000,BEST_BID,"JPM,101574,182"
2019-06-28 15:42:00.000000000,BEST_ASK,"JPM,101723,102"
2019-06-28 15:42:00.000000000,LAST_TRADE,"5,$101723.0000"
2019-06-28 15:42:00.000000000,QUERY_SPREAD,92
2019-06-28 15:42:00.000000000,BEST_BID,"JPM,101574,182"
2019-06-28 15:42:00.000000000,BEST_ASK,"JPM,101723,101"
2019-06-28 15:42:00.000000000,LAST_TRADE,"1,$101723.0000"
2019-06-28 15:42:00.000000000,QUERY_SPREAD,93
2019-06-28 15:42:00.000000000,BEST_BID,"JPM,101574,182"
2019-06-28 15:42:00.000000000,BEST_ASK,"JPM,101723,99"
2019-06-28 15:42:00.000000000,LAST_TRADE,"2,$101723.0000"
2019-06-28 15:42:00.000000000,QUERY_SPREAD,94
2019-06-28 15:42:00.000000000,BEST_BID,"JPM,101574,182"
2019-06-28 15:42:00.000000000,BEST_ASK,"JPM,101723,97"
2019-06-28 15:42:00.000000000,LAST_TRADE,"2,$101723.0000"
2019-06-28 15:42:00.000000000,QUERY_SPREAD,95
2019-06-28 15:42:00.000000000,BEST_BID,"JPM,101574,182"
2019-06-28 15:42:00.000000000,BEST_ASK,"JPM,101723,90"
2019-06-28 15:42:00.000000000,LAST_TRADE,"7,$101723.0000"
2019-06-28 15:42:00.000000000,QUERY_SPREAD,96
2019-06-28 15:42:00.000000000,BEST_BID,"JPM,101574,182"
2019-06-28 15:42:00.000000000,BEST_ASK,"JPM,101723,83"
2019-06-28 15:42:00.000000000,LAST_TRADE,"7,$101723.0000"
2019-06-28 15:42:00.000000000,QUERY_SPREAD,97
2019-06-28 15:42:00.000000000,BEST_BID,"JPM,101574,182"
2019-06-28 15:42:00.000000000,BEST_ASK,"JPM,101723,77"
2019-06-28 15:42:00.000000000,LAST_TRADE,"6,$101723.0000"
2019-06-28 15:42:00.000000000,QUERY_SPREAD,98
2019-06-28 15:42:00.000000000,BEST_BID,"JPM,101574,182"
2019-06-28 15:42:00.000000000,BEST_ASK,"JPM,101723,73"
2019-06-28 15:42:00.000000000,LAST_TRADE,"4,$101723.0000"
2019-06-28 15:42:00.000000000,QUERY_SPREAD,99
2019-06-28 15:42:00.000000000,BEST_BID,"JPM,101574,182"
2019-06-28 15:42:00.000000000,BEST_ASK,"JPM,101723,71"
2019-06-28 15:42:00.000000000,LAST_TRADE,"2,$101723.0000"
2019-06-28 15:42:00.000000000,QUERY_SPREAD,100
2019-06-28 15:42:00.000000000,BEST_BID,"JPM,101574,182"
2019-06-28 15:42:00.000000000,BEST_ASK,"JPM,101723,65"
2019-06-28 15:42:00.000000000,LAST_TRADE,"6,$101723.0000"
2019-06-28 15:42:00.000000000,QUERY_SPREAD,101
2019-06-28 15:42:00.000000000,QUERY_ORDER_STREAM,101
2019-06-28 15:42:00.000000000,BEST_BID,"JPM,101574,182"
2019-06-28 15:42:00.000000000,BEST_ASK,"JPM,101723,73"
2019-06-28 15:42:10.000000000,QUERY_SPREAD,1
2019-06-28 15:42:10.000000000,BEST_BID,"JPM,101574,264"
2019-06-28 15:42:10.000000000,BEST_ASK,"JPM,101723,8"
2019-06-28 15:42:10.000000000,BEST_BID,"JPM,101574,264"
2019-06-28 15:42:10.000000000,BEST_ASK,"JPM,101723,8"
2019-06-28 15:42:10.000000000,BEST_BID,"JPM,101574,264"
2019-06-28 15:42:10.000000000,BEST_ASK,"JPM,101723,172"
2019-06-28 15:42:10.000000000,BEST_BID,"JPM,101574,264"
2019-06-28 15:42:10.000000000,BEST_ASK,"JPM,101723,172"
2019-06-28 15:42:17.452418753,QUERY_SPREAD,16
2019-06-28 15:42:17.452418753,BEST_BID,"JPM,101653,100"
2019-06-28 15:42:17.452418753,BEST_ASK,"JPM,101723,172"
2019-06-28 15:42:19.615177352,QUERY_SPREAD,35
2019-06-28 15:42:19.615177352,BEST_BID,"JPM,101653,100"
2019-06-28 15:42:19.615177352,BEST_ASK,"JPM,101680,100"
2019-06-28 15:42:20.000000000,QUERY_SPREAD,1
2019-06-28 15:42:20.000000000,BEST_BID,"JPM,101653,264"
2019-06-28 15:42:20.000000000,BEST_ASK,"JPM,101680,100"
2019-06-28 15:42:20.000000000,BEST_BID,"JPM,101653,264"
2019-06-28 15:42:20.000000000,BEST_ASK,"JPM,101680,100"
2019-06-28 15:42:20.000000000,BEST_BID,"JPM,101653,264"
2019-06-28 15:42:20.000000000,BEST_ASK,"JPM,101680,264"
2019-06-28 15:42:20.000000000,BEST_BID,"JPM,101653,264"
2019-06-28 15:42:20.000000000,BEST_ASK,"JPM,101680,264"
2019-06-28 15:42:27.989348348,QUERY_SPREAD,11
2019-06-28 15:42:27.989348348,BEST_BID,"JPM,101653,264"
2019-06-28 15:42:27.989348348,BEST_ASK,"JPM,101680,264"
2019-06-28 15:42:30.000000000,QUERY_SPREAD,1
2019-06-28 15:42:30.000000000,BEST_BID,"JPM,101653,212"
2019-06-28 15:42:30.000000000,BEST_ASK,"JPM,101680,100"
2019-06-28 15:42:30.000000000,BEST_BID,"JPM,101653,212"
2019-06-28 15:42:30.000000000,BEST_ASK,"JPM,101680,100"
2019-06-28 15:42:30.000000000,BEST_BID,"JPM,101653,212"
2019-06-28 15:42:30.000000000,BEST_ASK,"JPM,101680,100"
2019-06-28 15:42:30.000000000,BEST_BID,"JPM,101653,212"
2019-06-28 15:42:30.000000000,BEST_ASK,"JPM,101680,212"
2019-06-28 15:42:30.000000000,BEST_BID,"JPM,101653,212"
2019-06-28 15:42:30.000000000,BEST_ASK,"JPM,101680,212"
2019-06-28 15:42:30.000000000,BEST_BID,"JPM,101653,212"
2019-06-28 15:42:30.000000000,BEST_ASK,"JPM,101680,212"
2019-06-28 15:42:31.088510391,QUERY_ORDER_STREAM,76
2019-06-28 15:42:31.088510391,QUERY_SPREAD,76
2019-06-28 15:42:31.088510391,BEST_BID,"JPM,101653,212"
2019-06-28 15:42:31.088510391,BEST_ASK,"JPM,101680,212"
2019-06-28 15:42:40.000000000,QUERY_SPREAD,1
2019-06-28 15:42:40.000000000,BEST_BID,"JPM,101653,166"
2019-06-28 15:42:40.000000000,BEST_ASK,"JPM,101680,100"
2019-06-28 15:42:40.000000000,BEST_BID,"JPM,101653,166"
2019-06-28 15:42:40.000000000,BEST_ASK,"JPM,101680,100"
2019-06-28 15:42:40.000000000,BEST_BID,"JPM,101653,166"
2019-06-28 15:42:40.000000000,BEST_ASK,"JPM,101680,100"
2019-06-28 15:42:40.000000000,BEST_BID,"JPM,101653,166"
2019-06-28 15:42:40.000000000,BEST_ASK,"JPM,101680,100"
2019-06-28 15:42:40.000000000,BEST_BID,"JPM,101653,166"
2019-06-28 15:42:40.000000000,BEST_ASK,"JPM,101680,100"
2019-06-28 15:42:40.000000000,BEST_BID,"JPM,101653,166"
2019-06-28 15:42:40.000000000,BEST_ASK,"JPM,101680,166"
2019-06-28 15:42:40.000000000,BEST_BID,"JPM,101653,166"
2019-06-28 15:42:40.000000000,BEST_ASK,"JPM,101680,166"
2019-06-28 15:42:40.000000000,BEST_BID,"JPM,101653,166"
2019-06-28 15:42:40.000000000,BEST_ASK,"JPM,101680,166"
2019-06-28 15:42:40.000000000,BEST_BID,"JPM,101653,166"
2019-06-28 15:42:40.000000000,BEST_ASK,"JPM,101680,166"
2019-06-28 15:42:40.000000000,BEST_BID,"JPM,101653,166"
2019-06-28 15:42:40.000000000,BEST_ASK,"JPM,101680,166"
2019-06-28 15:42:50.000000000,QUERY_SPREAD,1
2019-06-28 15:42:50.000000000,BEST_BID,"JPM,101653,264"
2019-06-28 15:42:50.000000000,BEST_ASK,"JPM,101680,100"
2019-06-28 15:42:50.000000000,BEST_BID,"JPM,101653,264"
2019-06-28 15:42:50.000000000,BEST_ASK,"JPM,101680,100"
2019-06-28 15:42:50.000000000,BEST_BID,"JPM,101653,264"
2019-06-28 15:42:50.000000000,BEST_ASK,"JPM,101680,264"
2019-06-28 15:42:50.000000000,BEST_BID,"JPM,101653,264"
2019-06-28 15:42:50.000000000,BEST_ASK,"JPM,101680,264"
2019-06-28 15:42:59.664434851,QUERY_SPREAD,26
2019-06-28 15:42:59.664434851,BEST_BID,"JPM,101653,264"
2019-06-28 15:42:59.664434851,BEST_ASK,"JPM,101680,264"
2019-06-28 15:43:00.000000000,QUERY_SPREAD,1
2019-06-28 15:43:00.000000000,BEST_BID,"JPM,101653,264"
2019-06-28 15:43:00.000000000,BEST_ASK,"JPM,101680,100"
2019-06-28 15:43:00.000000000,BEST_BID,"JPM,101653,264"
2019-06-28 15:43:00.000000000,BEST_ASK,"JPM,101680,100"
2019-06-28 15:43:00.000000000,BEST_BID,"JPM,101653,264"
2019-06-28 15:43:00.000000000,BEST_ASK,"JPM,101680,264"
2019-06-28 15:43:00.000000000,BEST_BID,"JPM,101653,264"
2019-06-28 15:43:00.000000000,BEST_ASK,"JPM,101680,264"
2019-06-28 15:43:00.000000000,QUERY_SPREAD,77
2019-06-28 15:43:00.000000000,BEST_BID,"JPM,101653,264"
2019-06-28 15:43:00.000000000,BEST_ASK,"JPM,101680,260"
2019-06-28 15:43:00.000000000,LAST_TRADE,"4,$101680.0000"
2019-06-28 15:43:00.000000000,QUERY_SPREAD,78
2019-06-28 15:43:00.000000000,BEST_BID,"JPM,101653,264"
2019-06-28 15:43:00.000000000,BEST_ASK,"JPM,101680,252"
2019-06-28 15:43:00.000000000,LAST_TRADE,"8,$101680.0000"
2019-06-28 15:43:00.000000000,QUERY_SPREAD,79
2019-06-28 15:43:00.000000000,BEST_BID,"JPM,101653,264"
2019-06-28 15:43:00.000000000,BEST_ASK,"JPM,101680,251"
2019-06-28 15:43:00.000000000,LAST_TRADE,"1,$101680.0000"
2019-06-28 15:43:00.000000000,QUERY_SPREAD,80
2019-06-28 15:43:00.000000000,BEST_BID,"JPM,101653,264"
2019-06-28 15:43:00.000000000,BEST_ASK,"JPM,101680,246"
2019-06-28 15:43:00.000000000,LAST_TRADE,"5,$101680.0000"
2019-06-28 15:43:00.000000000,QUERY_SPREAD,81
2019-06-28 15:43:00.000000000,BEST_BID,"JPM,101653,264"
2019-06-28 15:43:00.000000000,BEST_ASK,"JPM,101680,241"
2019-06-28 15:43:00.000000000,LAST_TRADE,"5,$101680.0000"
2019-06-28 15:43:00.000000000,QUERY_SPREAD,82
2019-06-28 15:43:00.000000000,BEST_BID,"JPM,101653,264"
2019-06-28 15:43:00.000000000,BEST_ASK,"JPM,101680,235"
2019-06-28 15:43:00.000000000,LAST_TRADE,"6,$101680.0000"
2019-06-28 15:43:00.000000000,QUERY_SPREAD,83
2019-06-28 15:43:00.000000000,BEST_BID,"JPM,101653,264"
2019-06-28 15:43:00.000000000,BEST_ASK,"JPM,101680,231"
2019-06-28 15:43:00.000000000,LAST_TRADE,"4,$101680.0000"
2019-06-28 15:43:00.000000000,QUERY_SPREAD,84
2019-06-28 15:43:00.000000000,BEST_BID,"JPM,101653,264"
2019-06-28 15:43:00.000000000,BEST_ASK,"JPM,101680,226"
2019-06-28 15:43:00.000000000,LAST_TRADE,"5,$101680.0000"
2019-06-28 15:43:00.000000000,QUERY_SPREAD,85
2019-06-28 15:43:00.000000000,BEST_BID,"JPM,101653,264"
2019-06-28 15:43:00.000000000,BEST_ASK,"JPM,101680,221"
2019-06-28 15:43:00.000000000,LAST_TRADE,"5,$101680.0000"
2019-06-28 15:43:00.000000000,QUERY_SPREAD,86
2019-06-28 15:43:00.000000000,BEST_BID,"JPM,101653,264"
2019-06-28 15:43:00.000000000,BEST_ASK,"JPM,101680,212"
2019-06-28 15:43:00.000000000,LAST_TRADE,"9,$101680.0000"
2019-06-28 15:43:00.000000000,QUERY_SPREAD,87
2019-06-28 15:43:00.000000000,BEST_BID,"JPM,101653,264"
2019-06-28 15:43:00.000000000,BEST_ASK,"JPM,101680,210"
2019-06-28 15:43:00.000000000,LAST_TRADE,"2,$101680.0000"
2019-06-28 15:43:00.000000000,QUERY_SPREAD,88
2019-06-28 15:43:00.000000000,BEST_BID,"JPM,101653,264"
2019-06-28 15:43:00.000000000,BEST_ASK,"JPM,101680,202"
2019-06-28 15:43:00.000000000,LAST_TRADE,"8,$101680.0000"
2019-06-28 15:43:00.000000000,QUERY_SPREAD,89
2019-06-28 15:43:00.000000000,BEST_BID,"JPM,101653,264"
2019-06-28 15:43:00.000000000,BEST_ASK,"JPM,101680,195"
2019-06-28 15:43:00.000000000,LAST_TRADE,"7,$101680.0000"
2019-06-28 15:43:00.000000000,QUERY_SPREAD,90
2019-06-28 15:43:00.000000000,BEST_BID,"JPM,101653,264"
2019-06-28 15:43:00.000000000,BEST_ASK,"JPM,101680,189"
2019-06-28 15:43:00.000000000,LAST_TRADE,"6,$101680.0000"
2019-06-28 15:43:00.000000000,QUERY_SPREAD,91
2019-06-28 15:43:00.000000000,BEST_BID,"JPM,101653,264"
2019-06-28 15:43:00.000000000,BEST_ASK,"JPM,101680,184"
2019-06-28 15:43:00.000000000,LAST_TRADE,"5,$101680.0000"
2019-06-28 15:43:00.000000000,QUERY_SPREAD,92
2019-06-28 15:43:00.000000000,BEST_BID,"JPM,101653,264"
2019-06-28 15:43:00.000000000,BEST_ASK,"JPM,101680,183"
2019-06-28 15:43:00.000000000,LAST_TRADE,"1,$101680.0000"
2019-06-28 15:43:00.000000000,QUERY_SPREAD,93
2019-06-28 15:43:00.000000000,BEST_BID,"JPM,101653,264"
2019-06-28 15:43:00.000000000,BEST_ASK,"JPM,101680,181"
2019-06-28 15:43:00.000000000,LAST_TRADE,"2,$101680.0000"
2019-06-28 15:43:00.000000000,QUERY_SPREAD,94
2019-06-28 15:43:00.000000000,BEST_BID,"JPM,101653,264"
2019-06-28 15:43:00.000000000,BEST_ASK,"JPM,101680,179"
2019-06-28 15:43:00.000000000,LAST_TRADE,"2,$101680.0000"
2019-06-28 15:43:00.000000000,QUERY_SPREAD,95
2019-06-28 15:43:00.000000000,BEST_BID,"JPM,101653,264"
2019-06-28 15:43:00.000000000,BEST_ASK,"JPM,101680,172"
2019-06-28 15:43:00.000000000,LAST_TRADE,"7,$101680.0000"
2019-06-28 15:43:00.000000000,QUERY_SPREAD,96
2019-06-28 15:43:00.000000000,BEST_BID,"JPM,101653,264"
2019-06-28 15:43:00.000000000,BEST_ASK,"JPM,101680,165"
2019-06-28 15:43:00.000000000,LAST_TRADE,"7,$101680.0000"
2019-06-28 15:43:00.000000000,QUERY_SPREAD,97
2019-06-28 15:43:00.000000000,BEST_BID,"JPM,101653,264"
2019-06-28 15:43:00.000000000,BEST_ASK,"JPM,101680,159"
2019-06-28 15:43:00.000000000,LAST_TRADE,"6,$101680.0000"
2019-06-28 15:43:00.000000000,QUERY_SPREAD,98
2019-06-28 15:43:00.000000000,BEST_BID,"JPM,101653,264"
2019-06-28 15:43:00.000000000,BEST_ASK,"JPM,101680,155"
2019-06-28 15:43:00.000000000,LAST_TRADE,"4,$101680.0000"
2019-06-28 15:43:00.000000000,QUERY_SPREAD,99
2019-06-28 15:43:00.000000000,BEST_BID,"JPM,101653,264"
2019-06-28 15:43:00.000000000,BEST_ASK,"JPM,101680,153"
2019-06-28 15:43:00.000000000,LAST_TRADE,"2,$101680.0000"
2019-06-28 15:43:00.000000000,QUERY_SPREAD,100
2019-06-28 15:43:00.000000000,BEST_BID,"JPM,101653,264"
2019-06-28 15:43:00.000000000,BEST_ASK,"JPM,101680,147"
2019-06-28 15:43:00.000000000,LAST_TRADE,"6,$101680.0000"
2019-06-28 15:43:00.000000000,QUERY_SPREAD,101
2019-06-28 15:43:00.000000000,QUERY_ORDER_STREAM,101
2019-06-28 15:43:00.000000000,BEST_BID,"JPM,101653,264"
2019-06-28 15:43:00.000000000,BEST_ASK,"JPM,101680,155"
2019-06-28 15:43:10.000000000,QUERY_SPREAD,1
2019-06-28 15:43:10.000000000,BEST_BID,"JPM,101653,428"
2019-06-28 15:43:10.000000000,BEST_ASK,"JPM,101680,8"
2019-06-28 15:43:10.000000000,BEST_BID,"JPM,101653,428"
2019-06-28 15:43:10.000000000,BEST_ASK,"JPM,101680,336"
2019-06-28 15:43:20.000000000,QUERY_SPREAD,1
2019-06-28 15:43:20.000000000,BEST_BID,"JPM,101653,166"
2019-06-28 15:43:20.000000000,BEST_ASK,"JPM,101680,8"
2019-06-28 15:43:20.000000000,BEST_BID,"JPM,101653,166"
2019-06-28 15:43:20.000000000,BEST_ASK,"JPM,101680,8"
2019-06-28 15:43:20.000000000,BEST_BID,"JPM,101653,166"
2019-06-28 15:43:20.000000000,BEST_ASK,"JPM,101680,8"
2019-06-28 15:43:20.000000000,BEST_BID,"JPM,101653,166"
2019-06-28 15:43:20.000000000,BEST_ASK,"JPM,101680,8"
2019-06-28 15:43:20.000000000,BEST_BID,"JPM,101653,166"
2019-06-28 15:43:20.000000000,BEST_ASK,"JPM,101680,8"
2019-06-28 15:43:20.000000000,BEST_BID,"JPM,101653,166"
2019-06-28 15:43:20.000000000,BEST_ASK,"JPM,101680,74"
2019-06-28 15:43:20.000000000,BEST_BID,"JPM,101653,166"
2019-06-28 15:43:20.000000000,BEST_ASK,"JPM,101680,74"
2019-06-28 15:43:20.000000000,BEST_BID,"JPM,101653,166"
2019-06-28 15:43:20.000000000,BEST_ASK,"JPM,101680,74"
2019-06-28 15:43:20.000000000,BEST_BID,"JPM,101653,166"
2019-06-28 15:43:20.000000000,BEST_ASK,"JPM,101680,74"
2019-06-28 15:43:20.000000000,BEST_BID,"JPM,101653,166"
2019-06-28 15:43:20.000000000,BEST_ASK,"JPM,101680,74"
2019-06-28 15:43:30.000000000,QUERY_SPREAD,1
2019-06-28 15:43:30.000000000,BEST_BID,"JPM,101653,182"
2019-06-28 15:43:30.000000000,BEST_ASK,"JPM,101680,8"
2019-06-28 15:43:30.000000000,BEST_BID,"JPM,101653,182"
2019-06-28 15:43:30.000000000,BEST_ASK,"JPM,101680,8"
2019-06-28 15:43:30.000000000,BEST_BID,"JPM,101653,182"
2019-06-28 15:43:30.000000000,BEST_ASK,"JPM,101680,8"
2019-06-28 15:43:30.000000000,BEST_BID,"JPM,101653,182"
2019-06-28 15:43:30.000000000,BEST_ASK,"JPM,101680,8"
2019-06-28 15:43:30.000000000,BEST_BID,"JPM,101653,182"
2019-06-28 15:43:30.000000000,BEST_ASK,"JPM,101680,90"
2019-06-28 15:43:30.000000000,BEST_BID,"JPM,101653,182"
2019-06-28 15:43:30.000000000,BEST_ASK,"JPM,101680,90"
2019-06-28 15:43:30.000000000,BEST_BID,"JPM,101653,182"
2019-06-28 15:43:30.000000000,BEST_ASK,"JPM,101680,90"
2019-06-28 15:43:30.000000000,BEST_BID,"JPM,101653,182"
2019-06-28 15:43:30.000000000,BEST_ASK,"JPM,101680,90"
2019-06-28 15:43:36.436091219,QUERY_SPREAD,26
2019-06-28 15:43:36.436091219,BEST_BID,"JPM,101653,82"
2019-06-28 15:43:36.436091219,BEST_ASK,"JPM,101680,90"
2019-06-28 15:43:36.436091219,LAST_TRADE,"100,$101653.0000"
2019-06-28 15:43:40.000000000,QUERY_SPREAD,1
2019-06-28 15:43:40.000000000,BEST_BID,"JPM,101574,264"
2019-06-28 15:43:40.000000000,BEST_ASK,"JPM,101680,8"
2019-06-28 15:43:40.000000000,BEST_BID,"JPM,101574,264"
2019-06-28 15:43:40.000000000,BEST_ASK,"JPM,101680,8"
2019-06-28 15:43:40.000000000,BEST_BID,"JPM,101574,264"
2019-06-28 15:43:40.000000000,BEST_ASK,"JPM,101680,172"
2019-06-28 15:43:40.000000000,BEST_BID,"JPM,101574,264"
2019-06-28 15:43:40.000000000,BEST_ASK,"JPM,101680,172"
2019-06-28 15:43:50.000000000,QUERY_SPREAD,1
2019-06-28 15:43:50.000000000,BEST_BID,"JPM,101574,212"
2019-06-28 15:43:50.000000000,BEST_ASK,"JPM,101680,8"
2019-06-28 15:43:50.000000000,BEST_BID,"JPM,101574,212"
2019-06-28 15:43:50.000000000,BEST_ASK,"JPM,101680,8"
2019-06-28 15:43:50.000000000,BEST_BID,"JPM,101574,212"
2019-06-28 15:43:50.000000000,BEST_ASK,"JPM,101680,8"
2019-06-28 15:43:50.000000000,BEST_BID,"JPM,101574,212"
2019-06-28 15:43:50.000000000,BEST_ASK,"JPM,101680,120"
2019-06-28 15:43:50.000000000,BEST_BID,"JPM,101574,212"
2019-06-28 15:43:50.000000000,BEST_ASK,"JPM,101680,120"
2019-06-28 15:43:50.000000000,BEST_BID,"JPM,101574,212"
2019-06-28 15:43:50.000000000,BEST_ASK,"JPM,101680,120"
2019-06-28 15:43:57.564799264,QUERY_SPREAD,32
2019-06-28 15:43:57.564799264,BEST_BID,"JPM,101574,112"
2019-06-28 15:43:57.564799264,BEST_ASK,"JPM,101680,120"
2019-06-28 15:43:57.564799264,LAST_TRADE,"100,$101574.0000"
2019-06-28 15:44:00.000000000,QUERY_SPREAD,1
2019-06-28 15:44:00.000000000,BEST_BID,"JPM,101517,166"
2019-06-28 15:44:00.000000000,BEST_ASK,"JPM,101680,8"
2019-06-28 15:44:00.000000000,BEST_BID,"JPM,101517,166"
2019-06-28 15:44:00.000000000,BEST_ASK,"JPM,101680,8"
2019-06-28 15:44:00.000000000,BEST_BID,"JPM,101517,166"
2019-06-28 15:44:00.000000000,BEST_ASK,"JPM,101680,8"
2019-06-28 15:44:00.000000000,BEST_BID,"JPM,101517,166"
2019-06-28 15:44:00.000000000,BEST_ASK,"JPM,101680,8"
2019-06-28 15:44:00.000000000,BEST_BID,"JPM,101517,166"
2019-06-28 15:44:00.000000000,BEST_ASK,"JPM,101680,8"
2019-06-28 15:44:00.000000000,BEST_BID,"JPM,101517,166"
2019-06-28 15:44:00.000000000,BEST_ASK,"JPM,101680,74"
2019-06-28 15:44:00.000000000,BEST_BID,"JPM,101517,166"
2019-06-28 15:44:00.000000000,BEST_ASK,"JPM,101680,74"
2019-06-28 15:44:00.000000000,BEST_BID,"JPM,101517,166"
2019-06-28 15:44:00.000000000,BEST_ASK,"JPM,101680,74"
2019-06-28 15:44:00.000000000,BEST_BID,"JPM,101517,166"
2019-06-28 15:44:00.000000000,BEST_ASK,"JPM,101680,74"
2019-06-28 15:44:00.000000000,BEST_BID,"JPM,101517,166"
2019-06-28 15:44:00.000000000,BEST_ASK,"JPM,101680,74"
2019-06-28 15:44:00.000000000,QUERY_SPREAD,77
2019-06-28 15:44:00.000000000,BEST_BID,"JPM,101517,166"
2019-06-28 15:44:00.000000000,BEST_ASK,"JPM,101680,70"
2019-06-28 15:44:00.000000000,LAST_TRADE,"4,$101680.0000"
2019-06-28 15:44:00.000000000,QUERY_SPREAD,78
2019-06-28 15:44:00.000000000,BEST_BID,"JPM,101517,166"
2019-06-28 15:44:00.000000000,BEST_ASK,"JPM,101680,62"
2019-06-28 15:44:00.000000000,LAST_TRADE,"8,$101680.0000"
2019-06-28 15:44:00.000000000,QUERY_SPREAD,79
2019-06-28 15:44:00.000000000,BEST_BID,"JPM,101517,166"
2019-06-28 15:44:00.000000000,BEST_ASK,"JPM,101680,61"
2019-06-28 15:44:00.000000000,LAST_TRADE,"1,$101680.0000"
2019-06-28 15:44:00.000000000,QUERY_SPREAD,80
2019-06-28 15:44:00.000000000,BEST_BID,"JPM,101517,166"
2019-06-28 15:44:00.000000000,BEST_ASK,"JPM,101680,56"
2019-06-28 15:44:00.000000000,LAST_TRADE,"5,$101680.0000"
2019-06-28 15:44:00.000000000,QUERY_SPREAD,81
2019-06-28 15:44:00.000000000,BEST_BID,"JPM,101517,166"
2019-06-28 15:44:00.000000000,BEST_ASK,"JPM,101680,51"
2019-06-28 15:44:00.000000000,LAST_TRADE,"5,$101680.0000"
2019-06-28 15:44:00.000000000,QUERY_SPREAD,82
2019-06-28 15:44:00.000000000,BEST_BID,"JPM,101517,166"
2019-06-28 15:44:00.000000000,BEST_ASK,"JPM,101680,45"
2019-06-28 15:44:00.000000000,LAST_TRADE,"6,$101680.0000"
2019-06-28 15:44:00.000000000,QUERY_SPREAD,83
2019-06-28 15:44:00.000000000,BEST_BID,"JPM,101517,166"
2019-06-28 15:44:00.000000000,BEST_ASK,"JPM,101680,41"
2019-06-28 15:44:00.000000000,LAST_TRADE,"4,$101680.0000"
2019-06-28 15:44:00.000000000,QUERY_SPREAD,84
2019-06-28 15:44:00.000000000,BEST_BID,"JPM,101517,166"
2019-06-28 15:44:00.000000000,BEST_ASK,"JPM,101680,36"
2019-06-28 15:44:00.000000000,LAST_TRADE,"5,$101680.0000"
2019-06-28 15:44:00.000000000,QUERY_SPREAD,85
2019-06-28 15:44:00.000000000,BEST_BID,"JPM,101517,166"
2019-06-28 15:44:00.000000000,BEST_ASK,"JPM,101680,31"
2019-06-28 15:44:00.000000000,LAST_TRADE,"5,$101680.0000"
2019-06-28 15:44:00.000000000,QUERY_SPREAD,86
2019-06-28 15:44:00.000000000,BEST_BID,"JPM,101517,166"
2019-06-28 15:44:00.000000000,BEST_ASK,"JPM,101680,22"
2019-06-28 15:44:00.000000000,LAST_TRADE,"9,$101680.0000"
2019-06-28 15:44:00.000000000,QUERY_SPREAD,87
2019-06-28 15:44:00.000000000,BEST_BID,"JPM,101517,166"
2019-06-28 15:44:00.000000000,BEST_ASK,"JPM,101680,20"
2019-06-28 15:44:00.000000000,LAST_TRADE,"2,$101680.0000"
2019-06-28 15:44:00.000000000,QUERY_SPREAD,88
2019-06-28 15:44:00.000000000,BEST_BID,"JPM,101517,166"
2019-06-28 15:44:00.000000000,BEST_ASK,"JPM,101680,12"
2019-06-28 15:44:00.000000000,LAST_TRADE,"8,$101680.0000"
2019-06-28 15:44:00.000000000,QUERY_SPREAD,89
2019-06-28 15:44:00.000000000,BEST_BID,"JPM,101517,166"
2019-06-28 15:44:00.000000000,BEST_ASK,"JPM,101680,5"
2019-06-28 15:44:00.000000000,LAST_TRADE,"7,$101680.0000"
2019-06-28 15:44:00.000000000,QUERY_SPREAD,90
2019-06-28 15:44:00.000000000,BEST_BID,"JPM,101680,1"
2019-06-28 15:44:00.000000000,BEST_ASK,"JPM,101688,166"
2019-06-28 15:44:00.000000000,LAST_TRADE,"5,$101680.0000"
2019-06-28 15:44:00.000000000,QUERY_SPREAD,91
2019-06-28 15:44:00.000000000,BEST_BID,"JPM,101680,1"
2019-06-28 15:44:00.000000000,BEST_ASK,"JPM,101688,161"
2019-06-28 15:44:00.000000000,LAST_TRADE,"5,$101688.0000"
2019-06-28 15:44:00.000000000,QUERY_SPREAD,92
2019-06-28 15:44:00.000000000,BEST_BID,"JPM,101680,1"
2019-06-28 15:44:00.000000000,BEST_ASK,"JPM,101688,160"
2019-06-28 15:44:00.000000000,LAST_TRADE,"1,$101688.0000"
2019-06-28 15:44:00.000000000,QUERY_SPREAD,93
2019-06-28 15:44:00.000000000,BEST_BID,"JPM,101680,1"
2019-06-28 15:44:00.000000000,BEST_ASK,"JPM,101688,158"
2019-06-28 15:44:00.000000000,LAST_TRADE,"2,$101688.0000"
2019-06-28 15:44:00.000000000,QUERY_SPREAD,94
2019-06-28 15:44:00.000000000,BEST_BID,"JPM,101680,1"
2019-06-28 15:44:00.000000000,BEST_ASK,"JPM,101688,156"
2019-06-28 15:44:00.000000000,LAST_TRADE,"2,$101688.0000"
2019-06-28 15:44:00.000000000,QUERY_SPREAD,95
2019-06-28 15:44:00.000000000,BEST_BID,"JPM,101680,1"
2019-06-28 15:44:00.000000000,BEST_ASK,"JPM,101688,149"
2019-06-28 15:44:00.000000000,LAST_TRADE,"7,$101688.0000"
2019-06-28 15:44:00.000000000,QUERY_SPREAD,96
2019-06-28 15:44:00.000000000,BEST_BID,"JPM,101680,1"
2019-06-28 15:44:00.000000000,BEST_ASK,"JPM,101688,142"
2019-06-28 15:44:00.000000000,LAST_TRADE,"7,$101688.0000"
2019-06-28 15:44:00.000000000,QUERY_SPREAD,97
2019-06-28 15:44:00.000000000,BEST_BID,"JPM,101680,1"
2019-06-28 15:44:00.000000000,BEST_ASK,"JPM,101688,136"
2019-06-28 15:44:00.000000000,LAST_TRADE,"6,$101688.0000"
2019-06-28 15:44:00.000000000,QUERY_SPREAD,98
2019-06-28 15:44:00.000000000,BEST_BID,"JPM,101680,1"
2019-06-28 15:44:00.000000000,BEST_ASK,"JPM,101688,132"
2019-06-28 15:44:00.000000000,LAST_TRADE,"4,$101688.0000"
2019-06-28 15:44:00.000000000,QUERY_SPREAD,99
2019-06-28 15:44:00.000000000,BEST_BID,"JPM,101680,1"
2019-06-28 15:44:00.000000000,BEST_ASK,"JPM,101688,130"
2019-06-28 15:44:00.000000000,LAST_TRADE,"2,$101688.0000"
2019-06-28 15:44:00.000000000,QUERY_SPREAD,100
2019-06-28 15:44:00.000000000,BEST_BID,"JPM,101680,1"
2019-06-28 15:44:00.000000000,BEST_ASK,"JPM,101688,124"
2019-06-28 15:44:00.000000000,LAST_TRADE,"6,$101688.0000"
2019-06-28 15:44:00.000000000,QUERY_SPREAD,101
2019-06-28 15:44:00.000000000,QUERY_ORDER_STREAM,101
2019-06-28 15:44:00.000000000,BEST_BID,"JPM,101680,1"
2019-06-28 15:44:00.000000000,BEST_ASK,"JPM,101688,132"
2019-06-28 15:44:05.926317108,QUERY_SPREAD,19
2019-06-28 15:44:05.926317108,BEST_BID,"JPM,101517,166"
2019-06-28 15:44:05.926317108,BEST_ASK,"JPM,101680,99"
2019-06-28 15:44:05.926317108,LAST_TRADE,"1,$101680.0000"
2019-06-28 15:44:10.000000000,QUERY_SPREAD,1
2019-06-28 15:44:10.000000000,BEST_BID,"JPM,101517,166"
2019-06-28 15:44:10.000000000,BEST_ASK,"JPM,101680,99"
2019-06-28 15:44:10.000000000,BEST_BID,"JPM,101517,166"
2019-06-28 15:44:10.000000000,BEST_ASK,"JPM,101680,99"
2019-06-28 15:44:10.000000000,BEST_BID,"JPM,101517,166"
2019-06-28 15:44:10.000000000,BEST_ASK,"JPM,101680,99"
2019-06-28 15:44:10.000000000,BEST_BID,"JPM,101517,166"
2019-06-28 15:44:10.000000000,BEST_ASK,"JPM,101680,99"
2019-06-28 15:44:10.000000000,BEST_BID,"JPM,101517,166"
2019-06-28 15:44:10.000000000,BEST_ASK,"JPM,101680,99"
2019-06-28 15:44:10.000000000,BEST_BID,"JPM,101517,166"
2019-06-28 15:44:10.000000000,BEST_ASK,"JPM,101680,165"
2019-06-28 15:44:10.000000000,BEST_BID,"JPM,101517,166"
2019-06-28 15:44:10.000000000,BEST_ASK,"JPM,101680,165"
2019-06-28 15:44:10.000000000,BEST_BID,"JPM,101517,166"
2019-06-28 15:44:10.000000000,BEST_ASK,"JPM,101680,165"
2019-06-28 15:44:10.000000000,BEST_BID,"JPM,101517,166"
2019-06-28 15:44:10.000000000,BEST_ASK,"JPM,101680,165"
2019-06-28 15:44:10.000000000,BEST_BID,"JPM,101517,166"
2019-06-28 15:44:10.000000000,BEST_ASK,"JPM,101680,165"
2019-06-28 15:44:20.000000000,QUERY_SPREAD,1
2019-06-28 15:44:20.000000000,BEST_BID,"JPM,101517,182"
2019-06-28 15:44:20.000000000,BEST_ASK,"JPM,101680,99"
2019-06-28 15:44:20.000000000,BEST_BID,"JPM,101517,182"
2019-06-28 15:44:20.000000000,BEST_ASK,"JPM,101680,99"
2019-06-28 15:44:20.000000000,BEST_BID,"JPM,101517,182"
2019-06-28 15:44:20.000000000,BEST_ASK,"JPM,101680,99"
2019-06-28 15:44:20.000000000,BEST_BID,"JPM,101517,182"
2019-06-28 15:44:20.000000000,BEST_ASK,"JPM,101680,99"
2019-06-28 15:44:20.000000000,BEST_BID,"JPM,101517,182"
2019-06-28 15:44:20.000000000,BEST_ASK,"JPM,101680,181"
2019-06-28 15:44:20.000000000,BEST_BID,"JPM,101517,182"
2019-06-28 15:44:20.000000000,BEST_ASK,"JPM,101680,181"
2019-06-28 15:44:20.000000000,BEST_BID,"JPM,101517,182"
2019-06-28 15:44:20.000000000,BEST_ASK,"JPM,101680,181"
2019-06-28 15:44:20.000000000,BEST_BID,"JPM,101517,182"
2019-06-28 15:44:20.000000000,BEST_ASK,"JPM,101680,181"
2019-06-28 15:44:30.000000000,QUERY_SPREAD,1
2019-06-28 15:44:30.000000000,BEST_BID,"JPM,101517,428"
2019-06-28 15:44:30.000000000,BEST_ASK,"JPM,101680,99"
2019-06-28 15:44:30.000000000,BEST_BID,"JPM,101517,428"
2019-06-28 15:44:30.000000000,BEST_ASK,"JPM,101680,427"
2019-06-28 15:44:30.003978192,QUERY_SPREAD,32
2019-06-28 15:44:30.003978192,BEST_BID,"JPM,101517,428"
2019-06-28 15:44:30.003978192,BEST_ASK,"JPM,101680,427"
2019-06-28 15:44:35.262912133,QUERY_ORDER_STREAM,58
2019-06-28 15:44:35.262912133,QUERY_SPREAD,58
2019-06-28 15:44:40.000000000,QUERY_SPREAD,1
2019-06-28 15:44:40.000000000,BEST_BID,"JPM,101517,166"
2019-06-28 15:44:40.000000000,BEST_ASK,"JPM,101680,99"
2019-06-28 15:44:40.000000000,BEST_BID,"JPM,101517,166"
2019-06-28 15:44:40.000000000,BEST_ASK,"JPM,101680,99"
2019-06-28 15:44:40.000000000,BEST_BID,"JPM,101517,166"
2019-06-28 15:44:40.000000000,BEST_ASK,"JPM,101680,99"
2019-06-28 15:44:40.000000000,BEST_BID,"JPM,101517,166"
2019-06-28 15:44:40.000000000,BEST_ASK,"JPM,101680,99"
2019-06-28 15:44:40.000000000,BEST_BID,"JPM,101517,166"
2019-06-28 15:44:40.000000000,BEST_ASK,"JPM,101680,99"
2019-06-28 15:44:40.000000000,BEST_BID,"JPM,101517,166"
2019-06-28 15:44:40.000000000,BEST_ASK,"JPM,101680,165"
2019-06-28 15:44:40.000000000,BEST_BID,"JPM,101517,166"
2019-06-28 15:44:40.000000000,BEST_ASK,"JPM,101680,165"
2019-06-28 15:44:40.000000000,BEST_BID,"JPM,101517,166"
2019-06-28 15:44:40.000000000,BEST_ASK,"JPM,101680,165"
2019-06-28 15:44:40.000000000,BEST_BID,"JPM,101517,166"
2019-06-28 15:44:40.000000000,BEST_ASK,"JPM,101680,165"
2019-06-28 15:44:40.000000000,BEST_BID,"JPM,101517,166"
2019-06-28 15:44:40.000000000,BEST_ASK,"JPM,101680,165"
2019-06-28 15:44:50.000000000,QUERY_SPREAD,1
2019-06-28 15:44:50.000000000,BEST_BID,"JPM,101517,428"
2019-06-28 15:44:50.000000000,BEST_ASK,"JPM,101680,99"
2019-06-28 15:44:50.000000000,BEST_BID,"JPM,101517,428"
2019-06-28 15:44:50.000000000,BEST_ASK,"JPM,101680,427"
2019-06-28 15:45:00.000000000,QUERY_SPREAD,1
2019-06-28 15:45:00.000000000,BEST_BID,"JPM,101517,264"
2019-06-28 15:45:00.000000000,BEST_ASK,"JPM,101680,99"
2019-06-28 15:45:00.000000000,BEST_BID,"JPM,101517,264"
2019-06-28 15:45:00.000000000,BEST_ASK,"JPM,101680,99"
2019-06-28 15:45:00.000000000,BEST_BID,"JPM,101517,264"
2019-06-28 15:45:00.000000000,BEST_ASK,"JPM,101680,263"
2019-06-28 15:45:00.000000000,BEST_BID,"JPM,101517,264"
2019-06-28 15:45:00.000000000,BEST_ASK,"JPM,101680,263"
2019-06-28 15:45:00.000000000,QUERY_SPREAD,77
2019-06-28 15:45:00.000000000,BEST_BID,"JPM,101517,264"
2019-06-28 15:45:00.000000000,BEST_ASK,"JPM,101680,259"
2019-06-28 15:45:00.000000000,LAST_TRADE,"4,$101680.0000"
2019-06-28 15:45:00.000000000,QUERY_SPREAD,78
2019-06-28 15:45:00.000000000,BEST_BID,"JPM,101517,264"
2019-06-28 15:45:00.000000000,BEST_ASK,"JPM,101680,251"
2019-06-28 15:45:00.000000000,LAST_TRADE,"8,$101680.0000"
2019-06-28 15:45:00.000000000,QUERY_SPREAD,79
2019-06-28 15:45:00.000000000,BEST_BID,"JPM,101517,264"
2019-06-28 15:45:00.000000000,BEST_ASK,"JPM,101680,250"
2019-06-28 15:45:00.000000000,LAST_TRADE,"1,$101680.0000"
2019-06-28 15:45:00.000000000,QUERY_SPREAD,80
2019-06-28 15:45:00.000000000,BEST_BID,"JPM,101517,264"
2019-06-28 15:45:00.000000000,BEST_ASK,"JPM,101680,245"
2019-06-28 15:45:00.000000000,LAST_TRADE,"5,$101680.0000"
2019-06-28 15:45:00.000000000,QUERY_SPREAD,81
2019-06-28 15:45:00.000000000,BEST_BID,"JPM,101517,264"
2019-06-28 15:45:00.000000000,BEST_ASK,"JPM,101680,240"
2019-06-28 15:45:00.000000000,LAST_TRADE,"5,$101680.0000"
2019-06-28 15:45:00.000000000,QUERY_SPREAD,82
2019-06-28 15:45:00.000000000,BEST_BID,"JPM,101517,264"
2019-06-28 15:45:00.000000000,BEST_ASK,"JPM,101680,234"
2019-06-28 15:45:00.000000000,LAST_TRADE,"6,$101680.0000"
2019-06-28 15:45:00.000000000,QUERY_SPREAD,83
2019-06-28 15:45:00.000000000,BEST_BID,"JPM,101517,264"
2019-06-28 15:45:00.000000000,BEST_ASK,"JPM,101680,230"
2019-06-28 15:45:00.000000000,LAST_TRADE,"4,$101680.0000"
2019-06-28 15:45:00.000000000,QUERY_SPREAD,84
2019-06-28 15:45:00.000000000,BEST_BID,"JPM,101517,264"
2019-06-28 15:45:00.000000000,BEST_ASK,"JPM,101680,225"
2019-06-28 15:45:00.000000000,LAST_TRADE,"5,$101680.0000"
2019-06-28 15:45:00.000000000,QUERY_SPREAD,85
2019-06-28 15:45:00.000000000,BEST_BID,"JPM,101517,264"
2019-06-28 15:45:00.000000000,BEST_ASK,"JPM,101680,220"
2019-06-28 15:45:00.000000000,LAST_TRADE,"5,$101680.0000"
2019-06-28 15:45:00.000000000,QUERY_SPREAD,86
2019-06-28 15:45:00.000000000,BEST_BID,"JPM,101517,264"
2019-06-28 15:45:00.000000000,BEST_ASK,"JPM,101680,211"
2019-06-28 15:45:00.000000000,LAST_TRADE,"9,$101680.0000"
2019-06-28 15:45:00.000000000,QUERY_SPREAD,87
2019-06-28 15:45:00.000000000,BEST_BID,"JPM,101517,264"
2019-06-28 15:45:00.000000000,BEST_ASK,"JPM,101680,209"
2019-06-28 15:45:00.000000000,LAST_TRADE,"2,$101680.0000"
2019-06-28 15:45:00.000000000,QUERY_SPREAD,88
2019-06-28 15:45:00.000000000,BEST_BID,"JPM,101517,264"
2019-06-28 15:45:00.000000000,BEST_ASK,"JPM,101680,201"
2019-06-28 15:45:00.000000000,LAST_TRADE,"8,$101680.0000"
2019-06-28 15:45:00.000000000,QUERY_SPREAD,89
2019-06-28 15:45:00.000000000,BEST_BID,"JPM,101517,264"
2019-06-28 15:45:00.000000000,BEST_ASK,"JPM,101680,194"
2019-06-28 15:45:00.000000000,LAST_TRADE,"7,$101680.0000"
2019-06-28 15:45:00.000000000,QUERY_SPREAD,90
2019-06-28 15:45:00.000000000,BEST_BID,"JPM,101517,264"
2019-06-28 15:45:00.000000000,BEST_ASK,"JPM,101680,188"
2019-06-28 15:45:00.000000000,LAST_TRADE,"6,$101680.0000"
2019-06-28 15:45:00.000000000,QUERY_SPREAD,91
2019-06-28 15:45:00.000000000,BEST_BID,"JPM,101517,264"
2019-06-28 15:45:00.000000000,BEST_ASK,"JPM,101680,183"
2019-06-28 15:45:00.000000000,LAST_TRADE,"5,$101680.0000"
2019-06-28 15:45:00.000000000,QUERY_SPREAD,92
2019-06-28 15:45:00.000000000,BEST_BID,"JPM,101517,264"
2019-06-28 15:45:00.000000000,BEST_ASK,"JPM,101680,182"
2019-06-28 15:45:00.000000000,LAST_TRADE,"1,$101680.0000"
2019-06-28 15:45:00.000000000,QUERY_SPREAD,93
2019-06-28 15:45:00.000000000,BEST_BID,"JPM,101517,264"
2019-06-28 15:45:00.000000000,BEST_ASK,"JPM,101680,180"
2019-06-28 15:45:00.000000000,LAST_TRADE,"2,$101680.0000"
2019-06-28 15:45:00.000000000,QUERY_SPREAD,94
2019-06-28 15:45:00.000000000,BEST_BID,"JPM,101517,264"
2019-06-28 15:45:00.000000000,BEST_ASK,"JPM,101680,178"
2019-06-28 15:45:00.000000000,LAST_TRADE,"2,$101680.0000"
2019-06-28 15:45:00.000000000,QUERY_SPREAD,95
2019-06-28 15:45:00.000000000,BEST_BID,"JPM,101517,264"
2019-06-28 15:45:00.000000000,BEST_ASK,"JPM,101680,171"
2019-06-28 15:45:00.000000000,LAST_TRADE,"7,$101680.0000"
2019-06-28 15:45:00.000000000,QUERY_SPREAD,96
2019-06-28 15:45:00.000000000,BEST_BID,"JPM,101517,264"
2019-06-28 15:45:00.000000000,BEST_ASK,"JPM,101680,164"
2019-06-28 15:45:00.000000000,LAST_TRADE,"7,$101680.0000"
2019-06-28 15:45:00.000000000,QUERY_SPREAD,97
2019-06-28 15:45:00.000000000,BEST_BID,"JPM,101517,264"
2019-06-28 15:45:00.000000000,BEST_ASK,"JPM,101680,158"
2019-06-28 15:45:00.000000000,LAST_TRADE,"6,$101680.0000"
2019-06-28 15:45:00.000000000,QUERY_SPREAD,98
2019-06-28 15:45:00.000000000,BEST_BID,"JPM,101517,264"
2019-06-28 15:45:00.000000000,BEST_ASK,"JPM,101680,154"
2019-06-28 15:45:00.000000000,LAST_TRADE,"4,$101680.0000"
2019-06-28 15:45:00.000000000,QUERY_SPREAD,99
2019-06-28 15:45:00.000000000,BEST_BID,"JPM,101517,264"
2019-06-28 15:45:00.000000000,BEST_ASK,"JPM,101680,152"
2019-06-28 15:45:00.000000000,LAST_TRADE,"2,$101680.0000"
2019-06-28 15:45:00.000000000,QUERY_SPREAD,100
2019-06-28 15:45:00.000000000,BEST_BID,"JPM,101517,264"
2019-06-28 15:45:00.000000000,BEST_ASK,"JPM,101680,146"
2019-06-28 15:45:00.000000000,LAST_TRADE,"6,$101680.0000"
2019-06-28 15:45:00.000000000,QUERY_SPREAD,101
2019-06-28 15:45:00.000000000,QUERY_ORDER_STREAM,101
2019-06-28 15:45:00.000000000,BEST_BID,"JPM,101517,264"
2019-06-28 15:45:00.000000000,BEST_ASK,"JPM,101680,154"
2019-06-28 15:45:10.000000000,QUERY_SPREAD,1
2019-06-28 15:45:10.000000000,BEST_BID,"JPM,101517,212"
2019-06-28 15:45:10.000000000,BEST_ASK,"JPM,101680,8"
2019-06-28 15:45:10.000000000,BEST_BID,"JPM,101517,212"
2019-06-28 15:45:10.000000000,BEST_ASK,"JPM,101680,8"
2019-06-28 15:45:10.000000000,BEST_BID,"JPM,101517,212"
2019-06-28 15:45:10.000000000,BEST_ASK,"JPM,101680,8"
2019-06-28 15:45:10.000000000,BEST_BID,"JPM,101517,212"
2019-06-28 15:45:10.000000000,BEST_ASK,"JPM,101680,120"
2019-06-28 15:45:10.000000000,BEST_BID,"JPM,101517,212"
2019-06-28 15:45:10.000000000,BEST_ASK,"JPM,101680,120"
2019-06-28 15:45:10.000000000,BEST_BID,"JPM,101517,212"
2019-06-28 15:45:10.000000000,BEST_ASK,"JPM,101680,120"
2019-06-28 15:45:20.000000000,QUERY_SPREAD,1
2019-06-28 15:45:20.000000000,BEST_BID,"JPM,101517,264"
2019-06-28 15:45:20.000000000,BEST_ASK,"JPM,101680,8"
2019-06-28 15:45:20.000000000,BEST_BID,"JPM,101517,264"
2019-06-28 15:45:20.000000000,BEST_ASK,"JPM,101680,8"
2019-06-28 15:45:20.000000000,BEST_BID,"JPM,101517,264"
2019-06-28 15:45:20.000000000,BEST_ASK,"JPM,101680,172"
2019-06-28 15:45:20.000000000,BEST_BID,"JPM,101517,264"
2019-06-28 15:45:20.000000000,BEST_ASK,"JPM,101680,172"
2019-06-28 15:45:21.053273011,QUERY_SPREAD,44
2019-06-28 15:45:21.053273011,BEST_BID,"JPM,101517,264"
2019-06-28 15:45:21.053273011,BEST_ASK,"JPM,101680,172"
2019-06-28 15:45:30.000000000,QUERY_SPREAD,1
2019-06-28 15:45:30.000000000,BEST_BID,"JPM,101517,212"
2019-06-28 15:45:30.000000000,BEST_ASK,"JPM,101680,8"
2019-06-28 15:45:30.000000000,BEST_BID,"JPM,101517,212"
2019-06-28 15:45:30.000000000,BEST_ASK,"JPM,101680,8"
2019-06-28 15:45:30.000000000,BEST_BID,"JPM,101517,212"
2019-06-28 15:45:30.000000000,BEST_ASK,"JPM,101680,8"
2019-06-28 15:45:30.000000000,BEST_BID,"JPM,101517,212"
2019-06-28 15:45:30.000000000,BEST_ASK,"JPM,101680,120"
2019-06-28 15:45:30.000000000,BEST_BID,"JPM,101517,212"
2019-06-28 15:45:30.000000000,BEST_ASK,"JPM,101680,120"
2019-06-28 15:45:30.000000000,BEST_BID,"JPM,101517,212"
2019-06-28 15:45:30.000000000,BEST_ASK,"JPM,101680,120"
2019-06-28 15:45:40.000000000,QUERY_SPREAD,1
2019-06-28 15:45:40.000000000,BEST_BID,"JPM,101517,264"
2019-06-28 15:45:40.000000000,BEST_ASK,"JPM,101680,8"
2019-06-28 15:45:40.000000000,BEST_BID,"JPM,101517,264"
2019-06-28 15:45:40.000000000,BEST_ASK,"JPM,101680,8"
2019-06-28 15:45:40.000000000,BEST_BID,"JPM,101517,264"
2019-06-28 15:45:40.000000000,BEST_ASK,"JPM,101680,172"
2019-06-28 15:45:40.000000000,BEST_BID,"JPM,101517,264"
2019-06-28 15:45:40.000000000,BEST_ASK,"JPM,101680,172"
2019-06-28 15:45:50.000000000,QUERY_SPREAD,1
2019-06-28 15:45:50.000000000,BEST_BID,"JPM,101517,212"
2019-06-28 15:45:50.000000000,BEST_ASK,"JPM,101680,8"
2019-06-28 15:45:50.000000000,BEST_BID,"JPM,101517,212"
2019-06-28 15:45:50.000000000,BEST_ASK,"JPM,101680,8"
2019-06-28 15:45:50.000000000,BEST_BID,"JPM,101517,212"
2019-06-28 15:45:50.000000000,BEST_ASK,"JPM,101680,8"
2019-06-28 15:45:50.000000000,BEST_BID,"JPM,101517,212"
2019-06-28 15:45:50.000000000,BEST_ASK,"JPM,101680,120"
2019-06-28 15:45:50.000000000,BEST_BID,"JPM,101517,212"
2019-06-28 15:45:50.000000000,BEST_ASK,"JPM,101680,120"
2019-06-28 15:45:50.000000000,BEST_BID,"JPM,101517,212"
2019-06-28 15:45:50.000000000,BEST_ASK,"JPM,101680,120"
2019-06-28 15:45:55.298808783,QUERY_SPREAD,28
2019-06-28 15:45:55.298808783,BEST_BID,"JPM,101517,212"
2019-06-28 15:45:55.298808783,BEST_ASK,"JPM,101680,120"
2019-06-28 15:46:00.000000000,QUERY_SPREAD,1
2019-06-28 15:46:00.000000000,BEST_BID,"JPM,101517,166"
2019-06-28 15:46:00.000000000,BEST_ASK,"JPM,101680,8"
2019-06-28 15:46:00.000000000,BEST_BID,"JPM,101517,166"
2019-06-28 15:46:00.000000000,BEST_ASK,"JPM,101680,8"
2019-06-28 15:46:00.000000000,BEST_BID,"JPM,101517,166"
2019-06-28 15:46:00.000000000,BEST_ASK,"JPM,101680,8"
2019-06-28 15:46:00.000000000,BEST_BID,"JPM,101517,166"
2019-06-28 15:46:00.000000000,BEST_ASK,"JPM,101680,8"
2019-06-28 15:46:00.000000000,BEST_BID,"JPM,101517,166"
2019-06-28 15:46:00.000000000,BEST_ASK,"JPM,101680,8"
2019-06-28 15:46:00.000000000,BEST_BID,"JPM,101517,166"
2019-06-28 15:46:00.000000000,BEST_ASK,"JPM,101680,74"
2019-06-28 15:46:00.000000000,BEST_BID,"JPM,101517,166"
2019-06-28 15:46:00.000000000,BEST_ASK,"JPM,101680,74"
2019-06-28 15:46:00.000000000,BEST_BID,"JPM,101517,166"
2019-06-28 15:46:00.000000000,BEST_ASK,"JPM,101680,74"
2019-06-28 15:46:00.000000000,BEST_BID,"JPM,101517,166"
2019-06-28 15:46:00.000000000,BEST_ASK,"JPM,101680,74"
2019-06-28 15:46:00.000000000,BEST_BID,"JPM,101517,166"
2019-06-28 15:46:00.000000000,BEST_ASK,"JPM,101680,74"
2019-06-28 15:46:00.000000000,QUERY_SPREAD,77
2019-06-28 15:46:00.000000000,BEST_BID,"JPM,101517,166"
2019-06-28 15:46:00.000000000,BEST_ASK,"JPM,101680,70"
2019-06-28 15:46:00.000000000,LAST_TRADE,"4,$101680.0000"
2019-06-28 15:46:00.000000000,QUERY_SPREAD,78
2019-06-28 15:46:00.000000000,BEST_BID,"JPM,101517,166"
2019-06-28 15:46:00.000000000,BEST_ASK,"JPM,101680,62"
2019-06-28 15:46:00.000000000,LAST_TRADE,"8,$101680.0000"
2019-06-28 15:46:00.000000000,QUERY_SPREAD,79
2019-06-28 15:46:00.000000000,BEST_BID,"JPM,101517,166"
2019-06-28 15:46:00.000000000,BEST_ASK,"JPM,101680,61"
2019-06-28 15:46:00.000000000,LAST_TRADE,"1,$101680.0000"
2019-06-28 15:46:00.000000000,QUERY_SPREAD,80
2019-06-28 15:46:00.000000000,BEST_BID,"JPM,101517,166"
2019-06-28 15:46:00.000000000,BEST_ASK,"JPM,101680,56"
2019-06-28 15:46:00.000000000,LAST_TRADE,"5,$101680.0000"
2019-06-28 15:46:00.000000000,QUERY_SPREAD,81
2019-06-28 15:46:00.000000000,BEST_BID,"JPM,101517,166"
2019-06-28 15:46:00.000000000,BEST_ASK,"JPM,101680,51"
2019-06-28 15:46:00.000000000,LAST_TRADE,"5,$101680.0000"
2019-06-28 15:46:00.000000000,QUERY_SPREAD,82
2019-06-28 15:46:00.000000000,BEST_BID,"JPM,101517,166"
2019-06-28 15:46:00.000000000,BEST_ASK,"JPM,101680,45"
2019-06-28 15:46:00.000000000,LAST_TRADE,"6,$101680.0000"
2019-06-28 15:46:00.000000000,QUERY_SPREAD,83
2019-06-28 15:46:00.000000000,BEST_BID,"JPM,101517,166"
2019-06-28 15:46:00.000000000,BEST_ASK,"JPM,101680,41"
2019-06-28 15:46:00.000000000,LAST_TRADE,"4,$101680.0000"
2019-06-28 15:46:00.000000000,QUERY_SPREAD,84
2019-06-28 15:46:00.000000000,BEST_BID,"JPM,101517,166"
2019-06-28 15:46:00.000000000,BEST_ASK,"JPM,101680,36"
2019-06-28 15:46:00.000000000,LAST_TRADE,"5,$101680.0000"
2019-06-28 15:46:00.000000000,QUERY_SPREAD,85
2019-06-28 15:46:00.000000000,BEST_BID,"JPM,101517,166"
2019-06-28 15:46:00.000000000,BEST_ASK,"JPM,101680,31"
2019-06-28 15:46:00.000000000,LAST_TRADE,"5,$101680.0000"
2019-06-28 15:46:00.000000000,QUERY_SPREAD,86
2019-06-28 15:46:00.000000000,BEST_BID,"JPM,101517,166"
2019-06-28 15:46:00.000000000,BEST_ASK,"JPM,101680,22"
2019-06-28 15:46:00.000000000,LAST_TRADE,"9,$101680.0000"
2019-06-28 15:46:00.000000000,QUERY_SPREAD,87
2019-06-28 15:46:00.000000000,BEST_BID,"JPM,101517,166"
2019-06-28 15:46:00.000000000,BEST_ASK,"JPM,101680,20"
2019-06-28 15:46:00.000000000,LAST_TRADE,"2,$101680.0000"
2019-06-28 15:46:00.000000000,QUERY_SPREAD,88
2019-06-28 15:46:00.000000000,BEST_BID,"JPM,101517,166"
2019-06-28 15:46:00.000000000,BEST_ASK,"JPM,101680,12"
2019-06-28 15:46:00.000000000,LAST_TRADE,"8,$101680.0000"
2019-06-28 15:46:00.000000000,QUERY_SPREAD,89
2019-06-28 15:46:00.000000000,BEST_BID,"JPM,101517,166"
2019-06-28 15:46:00.000000000,BEST_ASK,"JPM,101680,5"
2019-06-28 15:46:00.000000000,LAST_TRADE,"7,$101680.0000"
2019-06-28 15:46:00.000000000,QUERY_SPREAD,90
2019-06-28 15:46:00.000000000,BEST_BID,"JPM,101680,1"
2019-06-28 15:46:00.000000000,BEST_ASK,"JPM,101688,132"
2019-06-28 15:46:00.000000000,LAST_TRADE,"5,$101680.0000"
2019-06-28 15:46:00.000000000,QUERY_SPREAD,91
2019-06-28 15:46:00.000000000,BEST_BID,"JPM,101680,1"
2019-06-28 15:46:00.000000000,BEST_ASK,"JPM,101688,127"
2019-06-28 15:46:00.000000000,LAST_TRADE,"5,$101688.0000"
2019-06-28 15:46:00.000000000,QUERY_SPREAD,92
2019-06-28 15:46:00.000000000,BEST_BID,"JPM,101680,1"
2019-06-28 15:46:00.000000000,BEST_ASK,"JPM,101688,126"
2019-06-28 15:46:00.000000000,LAST_TRADE,"1,$101688.0000"
2019-06-28 15:46:00.000000000,QUERY_SPREAD,93
2019-06-28 15:46:00.000000000,BEST_BID,"JPM,101680,1"
2019-06-28 15:46:00.000000000,BEST_ASK,"JPM,101688,124"
2019-06-28 15:46:00.000000000,LAST_TRADE,"2,$101688.0000"
2019-06-28 15:46:00.000000000,QUERY_SPREAD,94
2019-06-28 15:46:00.000000000,BEST_BID,"JPM,101680,1"
2019-06-28 15:46:00.000000000,BEST_ASK,"JPM,101688,122"
2019-06-28 15:46:00.000000000,LAST_TRADE,"2,$101688.0000"
2019-06-28 15:46:00.000000000,QUERY_SPREAD,95
2019-06-28 15:46:00.000000000,BEST_BID,"JPM,101680,1"
2019-06-28 15:46:00.000000000,BEST_ASK,"JPM,101688,115"
2019-06-28 15:46:00.000000000,LAST_TRADE,"7,$101688.0000"
2019-06-28 15:46:00.000000000,QUERY_SPREAD,96
2019-06-28 15:46:00.000000000,BEST_BID,"JPM,101680,1"
2019-06-28 15:46:00.000000000,BEST_ASK,"JPM,101688,108"
2019-06-28 15:46:00.000000000,LAST_TRADE,"7,$101688.0000"
2019-06-28 15:46:00.000000000,QUERY_SPREAD,97
2019-06-28 15:46:00.000000000,BEST_BID,"JPM,101680,1"
2019-06-28 15:46:00.000000000,BEST_ASK,"JPM,101688,102"
2019-06-28 15:46:00.000000000,LAST_TRADE,"6,$101688.0000"
2019-06-28 15:46:00.000000000,QUERY_SPREAD,98
2019-06-28 15:46:00.000000000,BEST_BID,"JPM,101680,1"
2019-06-28 15:46:00.000000000,BEST_ASK,"JPM,101688,98"
2019-06-28 15:46:00.000000000,LAST_TRADE,"4,$101688.0000"
2019-06-28 15:46:00.000000000,QUERY_SPREAD,99
2019-06-28 15:46:00.000000000,BEST_BID,"JPM,101680,1"
2019-06-28 15:46:00.000000000,BEST_ASK,"JPM,101688,96"
2019-06-28 15:46:00.000000000,LAST_TRADE,"2,$101688.0000"
2019-06-28 15:46:00.000000000,QUERY_SPREAD,100
2019-06-28 15:46:00.000000000,BEST_BID,"JPM,101680,1"
2019-06-28 15:46:00.000000000,BEST_ASK,"JPM,101688,90"
2019-06-28 15:46:00.000000000,LAST_TRADE,"6,$101688.0000"
2019-06-28 15:46:00.000000000,QUERY_SPREAD,101
2019-06-28 15:46:00.000000000,QUERY_ORDER_STREAM,101
2019-06-28 15:46:00.000000000,BEST_BID,"JPM,101680,1"
2019-06-28 15:46:00.000000000,BEST_ASK,"JPM,101688,98"
2019-06-28 15:46:10.000000000,QUERY_SPREAD,1
2019-06-28 15:46:10.000000000,BEST_BID,"JPM,101680,113"
2019-06-28 15:46:10.000000000,BEST_ASK,"JPM,101688,32"
2019-06-28 15:46:10.000000000,BEST_BID,"JPM,101680,113"
2019-06-28 15:46:10.000000000,BEST_ASK,"JPM,101688,32"
2019-06-28 15:46:10.000000000,BEST_BID,"JPM,101680,113"
2019-06-28 15:46:10.000000000,BEST_ASK,"JPM,101688,32"
2019-06-28 15:46:10.000000000,BEST_BID,"JPM,101680,113"
2019-06-28 15:46:10.000000000,BEST_ASK,"JPM,101688,144"
2019-06-28 15:46:10.000000000,BEST_BID,"JPM,101680,113"
2019-06-28 15:46:10.000000000,BEST_ASK,"JPM,101688,144"
2019-06-28 15:46:10.000000000,BEST_BID,"JPM,101680,113"
2019-06-28 15:46:10.000000000,BEST_ASK,"JPM,101688,144"
2019-06-28 15:46:20.000000000,QUERY_SPREAD,1
2019-06-28 15:46:20.000000000,BEST_BID,"JPM,101680,113"
2019-06-28 15:46:20.000000000,BEST_ASK,"JPM,101688,32"
2019-06-28 15:46:20.000000000,BEST_BID,"JPM,101680,113"
2019-06-28 15:46:20.000000000,BEST_ASK,"JPM,101688,32"
2019-06-28 15:46:20.000000000,BEST_BID,"JPM,101680,113"
2019-06-28 15:46:20.000000000,BEST_ASK,"JPM,101688,32"
2019-06-28 15:46:20.000000000,BEST_BID,"JPM,101680,113"
2019-06-28 15:46:20.000000000,BEST_ASK,"JPM,101688,144"
2019-06-28 15:46:20.000000000,BEST_BID,"JPM,101680,113"
2019-06-28 15:46:20.000000000,BEST_ASK,"JPM,101688,144"
2019-06-28 15:46:20.000000000,BEST_BID,"JPM,101680,113"
2019-06-28 15:46:20.000000000,BEST_ASK,"JPM,101688,144"
2019-06-28 15:46:30.000000000,QUERY_SPREAD,1
2019-06-28 15:46:30.000000000,BEST_BID,"JPM,101680,83"
2019-06-28 15:46:30.000000000,BEST_ASK,"JPM,101688,32"
2019-06-28 15:46:30.000000000,BEST_BID,"JPM,101680,83"
2019-06-28 15:46:30.000000000,BEST_ASK,"JPM,101688,32"
2019-06-28 15:46:30.000000000,BEST_BID,"JPM,101680,83"
2019-06-28 15:46:30.000000000,BEST_ASK,"JPM,101688,32"
2019-06-28 15:46:30.000000000,BEST_BID,"JPM,101680,83"
2019-06-28 15:46:30.000000000,BEST_ASK,"JPM,101688,32"
2019-06-28 15:46:30.000000000,BEST_BID,"JPM,101680,83"
2019-06-28 15:46:30.000000000,BEST_ASK,"JPM,101688,114"
2019-06-28 15:46:30.000000000,BEST_BID,"JPM,101680,83"
2019-06-28 15:46:30.000000000,BEST_ASK,"JPM,101688,114"
2019-06-28 15:46:30.000000000,BEST_BID,"JPM,101680,83"
2019-06-28 15:46:30.000000000,BEST_ASK,"JPM,101688,114"
2019-06-28 15:46:30.000000000,BEST_BID,"JPM,101680,83"
2019-06-28 15:46:30.000000000,BEST_ASK,"JPM,101688,114"
2019-06-28 15:46:34.778010286,QUERY_SPREAD,20
2019-06-28 15:46:34.778010286,BEST_BID,"JPM,101517,182"
2019-06-28 15:46:34.778010286,BEST_ASK,"JPM,101680,17"
2019-06-28 15:46:34.778010286,LAST_TRADE,"83,$101680.0000"
2019-06-28 15:46:37.823446860,QUERY_SPREAD,27
2019-06-28 15:46:37.823446860,BEST_BID,"JPM,101517,182"
2019-06-28 15:46:37.823446860,BEST_ASK,"JPM,101680,17"
2019-06-28 15:46:40.000000000,QUERY_SPREAD,1
2019-06-28 15:46:40.000000000,BEST_BID,"JPM,101517,166"
2019-06-28 15:46:40.000000000,BEST_ASK,"JPM,101680,17"
2019-06-28 15:46:40.000000000,BEST_BID,"JPM,101517,166"
2019-06-28 15:46:40.000000000,BEST_ASK,"JPM,101680,17"
2019-06-28 15:46:40.000000000,BEST_BID,"JPM,101517,166"
2019-06-28 15:46:40.000000000,BEST_ASK,"JPM,101680,17"
2019-06-28 15:46:40.000000000,BEST_BID,"JPM,101517,166"
2019-06-28 15:46:40.000000000,BEST_ASK,"JPM,101680,17"
2019-06-28 15:46:40.000000000,BEST_BID,"JPM,101517,166"
2019-06-28 15:46:40.000000000,BEST_ASK,"JPM,101680,17"
2019-06-28 15:46:40.000000000,BEST_BID,"JPM,101517,166"
2019-06-28 15:46:40.000000000,BEST_ASK,"JPM,101680,83"
2019-06-28 15:46:40.000000000,BEST_BID,"JPM,101517,166"
2019-06-28 15:46:40.000000000,BEST_ASK,"JPM,101680,83"
2019-06-28 15:46:40.000000000,BEST_BID,"JPM,101517,166"
2019-06-28 15:46:40.000000000,BEST_ASK,"JPM,101680,83"
2019-06-28 15:46:40.000000000,BEST_BID,"JPM,101517,166"
2019-06-28 15:46:40.000000000,BEST_ASK,"JPM,101680,83"
2019-06-28 15:46:40.000000000,BEST_BID,"JPM,101517,166"
2019-06-28 15:46:40.000000000,BEST_ASK,"JPM,101680,83"
2019-06-28 15:46:45.643114633,QUERY_SPREAD,29
2019-06-28 15:46:45.643114633,BEST_BID,"JPM,101517,66"
2019-06-28 15:46:45.643114633,BEST_ASK,"JPM,101680,83"
2019-06-28 15:46:45.643114633,LAST_TRADE,"100,$101517.0000"
2019-06-28 15:46:48.553015121,QUERY_SPREAD,13
2019-06-28 15:46:48.553015121,BEST_BID,"JPM,101517,66"
2019-06-28 15:46:48.553015121,BEST_ASK,"JPM,101680,83"
2019-06-28 15:46:50.000000000,QUERY_SPREAD,1
2019-06-28 15:46:50.000000000,BEST_BID,"JPM,101474,192"
2019-06-28 15:46:50.000000000,BEST_ASK,"JPM,101680,17"
2019-06-28 15:46:50.000000000,BEST_BID,"JPM,101474,192"
2019-06-28 15:46:50.000000000,BEST_ASK,"JPM,101680,17"
2019-06-28 15:46:50.000000000,BEST_BID,"JPM,101474,192"
2019-06-28 15:46:50.000000000,BEST_ASK,"JPM,101680,17"
2019-06-28 15:46:50.000000000,BEST_BID,"JPM,101474,192"
2019-06-28 15:46:50.000000000,BEST_ASK,"JPM,101680,129"
2019-06-28 15:46:50.000000000,BEST_BID,"JPM,101474,192"
2019-06-28 15:46:50.000000000,BEST_ASK,"JPM,101680,129"
2019-06-28 15:46:50.000000000,BEST_BID,"JPM,101474,192"
2019-06-28 15:46:50.000000000,BEST_ASK,"JPM,101680,129"
2019-06-28 15:47:00.000000000,QUERY_SPREAD,1
2019-06-28 15:47:00.000000000,BEST_BID,"JPM,101474,162"
2019-06-28 15:47:00.000000000,BEST_ASK,"JPM,101680,17"
2019-06-28 15:47:00.000000000,BEST_BID,"JPM,101474,162"
2019-06-28 15:47:00.000000000,BEST_ASK,"JPM,101680,17"
2019-06-28 15:47:00.000000000,BEST_BID,"JPM,101474,162"
2019-06-28 15:47:00.000000000,BEST_ASK,"JPM,101680,17"
2019-06-28 15:47:00.000000000,BEST_BID,"JPM,101474,162"
2019-06-28 15:47:00.000000000,BEST_ASK,"JPM,101680,17"
2019-06-28 15:47:00.000000000,BEST_BID,"JPM,101474,162"
2019-06-28 15:47:00.000000000,BEST_ASK,"JPM,101680,99"
2019-06-28 15:47:00.000000000,BEST_BID,"JPM,101474,162"
2019-06-28 15:47:00.000000000,BEST_ASK,"JPM,101680,99"
2019-06-28 15:47:00.000000000,BEST_BID,"JPM,101474,162"
2019-06-28 15:47:00.000000000,BEST_ASK,"JPM,101680,99"
2019-06-28 15:47:00.000000000,BEST_BID,"JPM,101474,162"
2019-06-28 15:47:00.000000000,BEST_ASK,"JPM,101680,99"
2019-06-28 15:47:00.000000000,QUERY_SPREAD,77
2019-06-28 15:47:00.000000000,BEST_BID,"JPM,101474,162"
2019-06-28 15:47:00.000000000,BEST_ASK,"JPM,101680,95"
2019-06-28 15:47:00.000000000,LAST_TRADE,"4,$101680.0000"
2019-06-28 15:47:00.000000000,QUERY_SPREAD,78
2019-06-28 15:47:00.000000000,BEST_BID,"JPM,101474,162"
2019-06-28 15:47:00.000000000,BEST_ASK,"JPM,101680,87"
2019-06-28 15:47:00.000000000,LAST_TRADE,"8,$101680.0000"
2019-06-28 15:47:00.000000000,QUERY_SPREAD,79
2019-06-28 15:47:00.000000000,BEST_BID,"JPM,101474,162"
2019-06-28 15:47:00.000000000,BEST_ASK,"JPM,101680,86"
2019-06-28 15:47:00.000000000,LAST_TRADE,"1,$101680.0000"
2019-06-28 15:47:00.000000000,QUERY_SPREAD,80
2019-06-28 15:47:00.000000000,BEST_BID,"JPM,101474,162"
2019-06-28 15:47:00.000000000,BEST_ASK,"JPM,101680,81"
2019-06-28 15:47:00.000000000,LAST_TRADE,"5,$101680.0000"
2019-06-28 15:47:00.000000000,QUERY_SPREAD,81
2019-06-28 15:47:00.000000000,BEST_BID,"JPM,101474,162"
2019-06-28 15:47:00.000000000,BEST_ASK,"JPM,101680,76"
2019-06-28 15:47:00.000000000,LAST_TRADE,"5,$101680.0000"
2019-06-28 15:47:00.000000000,QUERY_SPREAD,82
2019-06-28 15:47:00.000000000,BEST_BID,"JPM,101474,162"
2019-06-28 15:47:00.000000000,BEST_ASK,"JPM,101680,70"
2019-06-28 15:47:00.000000000,LAST_TRADE,"6,$101680.0000"
2019-06-28 15:47:00.000000000,QUERY_SPREAD,83
2019-06-28 15:47:00.000000000,BEST_BID,"JPM,101474,162"
2019-06-28 15:47:00.000000000,BEST_ASK,"JPM,101680,66"
2019-06-28 15:47:00.000000000,LAST_TRADE,"4,$101680.0000"
2019-06-28 15:47:00.000000000,QUERY_SPREAD,84
2019-06-28 15:47:00.000000000,BEST_BID,"JPM,101474,162"
2019-06-28 15:47:00.000000000,BEST_ASK,"JPM,101680,61"
2019-06-28 15:47:00.000000000,LAST_TRADE,"5,$101680.0000"
2019-06-28 15:47:00.000000000,QUERY_SPREAD,85
2019-06-28 15:47:00.000000000,BEST_BID,"JPM,101474,162"
2019-06-28 15:47:00.000000000,BEST_ASK,"JPM,101680,56"
2019-06-28 15:47:00.000000000,LAST_TRADE,"5,$101680.0000"
2019-06-28 15:47:00.000000000,QUERY_SPREAD,86
2019-06-28 15:47:00.000000000,BEST_BID,"JPM,101474,162"
2019-06-28 15:47:00.000000000,BEST_ASK,"JPM,101680,47"
2019-06-28 15:47:00.000000000,LAST_TRADE,"9,$101680.0000"
2019-06-28 15:47:00.000000000,QUERY_SPREAD,87
2019-06-28 15:47:00.000000000,BEST_BID,"JPM,101474,162"
2019-06-28 15:47:00.000000000,BEST_ASK,"JPM,101680,45"
2019-06-28 15:47:00.000000000,LAST_TRADE,"2,$101680.0000"
2019-06-28 15:47:00.000000000,QUERY_SPREAD,88
2019-06-28 15:47:00.000000000,BEST_BID,"JPM,101474,162"
2019-06-28 15:47:00.000000000,BEST_ASK,"JPM,101680,37"
2019-06-28 15:47:00.000000000,LAST_TRADE,"8,$101680.0000"
2019-06-28 15:47:00.000000000,QUERY_SPREAD,89
2019-06-28 15:47:00.000000000,BEST_BID,"JPM,101474,162"
2019-06-28 15:47:00.000000000,BEST_ASK,"JPM,101680,30"
2019-06-28 15:47:00.000000000,LAST_TRADE,"7,$101680.0000"
2019-06-28 15:47:00.000000000,QUERY_SPREAD,90
2019-06-28 15:47:00.000000000,BEST_BID,"JPM,101474,162"
2019-06-28 15:47:00.000000000,BEST_ASK,"JPM,101680,24"
2019-06-28 15:47:00.000000000,LAST_TRADE,"6,$101680.0000"
2019-06-28 15:47:00.000000000,QUERY_SPREAD,91
2019-06-28 15:47:00.000000000,BEST_BID,"JPM,101474,162"
2019-06-28 15:47:00.000000000,BEST_ASK,"JPM,101680,19"
2019-06-28 15:47:00.000000000,LAST_TRADE,"5,$101680.0000"
2019-06-28 15:47:00.000000000,QUERY_SPREAD,92
2019-06-28 15:47:00.000000000,BEST_BID,"JPM,101474,162"
2019-06-28 15:47:00.000000000,BEST_ASK,"JPM,101680,18"
2019-06-28 15:47:00.000000000,LAST_TRADE,"1,$101680.0000"
2019-06-28 15:47:00.000000000,QUERY_SPREAD,93
2019-06-28 15:47:00.000000000,BEST_BID,"JPM,101474,162"
2019-06-28 15:47:00.000000000,BEST_ASK,"JPM,101680,16"
2019-06-28 15:47:00.000000000,LAST_TRADE,"2,$101680.0000"
2019-06-28 15:47:00.000000000,QUERY_SPREAD,94
2019-06-28 15:47:00.000000000,BEST_BID,"JPM,101474,162"
2019-06-28 15:47:00.000000000,BEST_ASK,"JPM,101680,14"
2019-06-28 15:47:00.000000000,LAST_TRADE,"2,$101680.0000"
2019-06-28 15:47:00.000000000,QUERY_SPREAD,95
2019-06-28 15:47:00.000000000,BEST_BID,"JPM,101474,162"
2019-06-28 15:47:00.000000000,BEST_ASK,"JPM,101680,7"
2019-06-28 15:47:00.000000000,LAST_TRADE,"7,$101680.0000"
2019-06-28 15:47:00.000000000,QUERY_SPREAD,96
2019-06-28 15:47:00.000000000,BEST_BID,"JPM,101474,162"
2019-06-28 15:47:00.000000000,BEST_ASK,"JPM,101688,114"
2019-06-28 15:47:00.000000000,LAST_TRADE,"7,$101680.0000"
2019-06-28 15:47:00.000000000,QUERY_SPREAD,97
2019-06-28 15:47:00.000000000,BEST_BID,"JPM,101474,162"
2019-06-28 15:47:00.000000000,BEST_ASK,"JPM,101688,108"
2019-06-28 15:47:00.000000000,LAST_TRADE,"6,$101688.0000"
2019-06-28 15:47:00.000000000,QUERY_SPREAD,98
2019-06-28 15:47:00.000000000,BEST_BID,"JPM,101474,162"
2019-06-28 15:47:00.000000000,BEST_ASK,"JPM,101688,104"
2019-06-28 15:47:00.000000000,LAST_TRADE,"4,$101688.0000"
2019-06-28 15:47:00.000000000,QUERY_SPREAD,99
2019-06-28 15:47:00.000000000,BEST_BID,"JPM,101474,162"
2019-06-28 15:47:00.000000000,BEST_ASK,"JPM,101688,102"
2019-06-28 15:47:00.000000000,LAST_TRADE,"2,$101688.0000"
2019-06-28 15:47:00.000000000,QUERY_SPREAD,100
2019-06-28 15:47:00.000000000,BEST_BID,"JPM,101474,162"
2019-06-28 15:47:00.000000000,BEST_ASK,"JPM,101688,96"
2019-06-28 15:47:00.000000000,LAST_TRADE,"6,$101688.0000"
2019-06-28 15:47:00.000000000,QUERY_SPREAD,101
2019-06-28 15:47:00.000000000,QUERY_ORDER_STREAM,101
2019-06-28 15:47:10.000000000,QUERY_SPREAD,1
2019-06-28 15:47:10.000000000,BEST_BID,"JPM,101474,162"
2019-06-28 15:47:10.000000000,BEST_ASK,"JPM,101688,14"
2019-06-28 15:47:10.000000000,BEST_BID,"JPM,101474,162"
2019-06-28 15:47:10.000000000,BEST_ASK,"JPM,101688,14"
2019-06-28 15:47:10.000000000,BEST_BID,"JPM,101474,162"
2019-06-28 15:47:10.000000000,BEST_ASK,"JPM,101688,14"
2019-06-28 15:47:10.000000000,BEST_BID,"JPM,101474,162"
2019-06-28 15:47:10.000000000,BEST_ASK,"JPM,101688,14"
2019-06-28 15:47:10.000000000,BEST_BID,"JPM,101474,162"
2019-06-28 15:47:10.000000000,BEST_ASK,"JPM,101688,96"
2019-06-28 15:47:10.000000000,BEST_BID,"JPM,101474,162"
2019-06-28 15:47:10.000000000,BEST_ASK,"JPM,101688,96"
2019-06-28 15:47:10.000000000,BEST_BID,"JPM,101474,162"
2019-06-28 15:47:10.000000000,BEST_ASK,"JPM,101688,96"
2019-06-28 15:47:10.000000000,BEST_BID,"JPM,101474,162"
2019-06-28 15:47:10.000000000,BEST_ASK,"JPM,101688,96"
2019-06-28 15:47:20.000000000,QUERY_SPREAD,1
2019-06-28 15:47:20.000000000,BEST_BID,"JPM,101474,192"
2019-06-28 15:47:20.000000000,BEST_ASK,"JPM,101688,14"
2019-06-28 15:47:20.000000000,BEST_BID,"JPM,101474,192"
2019-06-28 15:47:20.000000000,BEST_ASK,"JPM,101688,14"
2019-06-28 15:47:20.000000000,BEST_BID,"JPM,101474,192"
2019-06-28 15:47:20.000000000,BEST_ASK,"JPM,101688,14"
2019-06-28 15:47:20.000000000,BEST_BID,"JPM,101474,192"
2019-06-28 15:47:20.000000000,BEST_ASK,"JPM,101688,126"
2019-06-28 15:47:20.000000000,BEST_BID,"JPM,101474,192"
2019-06-28 15:47:20.000000000,BEST_ASK,"JPM,101688,126"
2019-06-28 15:47:20.000000000,BEST_BID,"JPM,101474,192"
2019-06-28 15:47:20.000000000,BEST_ASK,"JPM,101688,126"
2019-06-28 15:47:29.784600137,QUERY_ORDER_STREAM,59
2019-06-28 15:47:29.784600137,QUERY_SPREAD,59
2019-06-28 15:47:30.000000000,QUERY_SPREAD,1
2019-06-28 15:47:30.000000000,BEST_BID,"JPM,101474,192"
2019-06-28 15:47:30.000000000,BEST_ASK,"JPM,101688,14"
2019-06-28 15:47:30.000000000,BEST_BID,"JPM,101474,192"
2019-06-28 15:47:30.000000000,BEST_ASK,"JPM,101688,14"
2019-06-28 15:47:30.000000000,BEST_BID,"JPM,101474,192"
2019-06-28 15:47:30.000000000,BEST_ASK,"JPM,101688,14"
2019-06-28 15:47:30.000000000,BEST_BID,"JPM,101474,192"
2019-06-28 15:47:30.000000000,BEST_ASK,"JPM,101688,126"
2019-06-28 15:47:30.000000000,BEST_BID,"JPM,101474,192"
2019-06-28 15:47:30.000000000,BEST_ASK,"JPM,101688,126"
2019-06-28 15:47:30.000000000,BEST_BID,"JPM,101474,192"
2019-06-28 15:47:30.000000000,BEST_ASK,"JPM,101688,126"
2019-06-28 15:47:37.119717801,QUERY_ORDER_STREAM,67
2019-06-28 15:47:37.119717801,QUERY_SPREAD,67
2019-06-28 15:47:40.000000000,QUERY_SPREAD,1
2019-06-28 15:47:40.000000000,BEST_BID,"JPM,101474,146"
2019-06-28 15:47:40.000000000,BEST_ASK,"JPM,101688,14"
2019-06-28 15:47:40.000000000,BEST_BID,"JPM,101474,146"
2019-06-28 15:47:40.000000000,BEST_ASK,"JPM,101688,14"
2019-06-28 15:47:40.000000000,BEST_BID,"JPM,101474,146"
2019-06-28 15:47:40.000000000,BEST_ASK,"JPM,101688,14"
2019-06-28 15:47:40.000000000,BEST_BID,"JPM,101474,146"
2019-06-28 15:47:40.000000000,BEST_ASK,"JPM,101688,14"
2019-06-28 15:47:40.000000000,BEST_BID,"JPM,101474,146"
2019-06-28 15:47:40.000000000,BEST_ASK,"JPM,101688,14"
2019-06-28 15:47:40.000000000,BEST_BID,"JPM,101474,146"
2019-06-28 15:47:40.000000000,BEST_ASK,"JPM,101688,80"
2019-06-28 15:47:40.000000000,BEST_BID,"JPM,101474,146"
2019-06-28 15:47:40.000000000,BEST_ASK,"JPM,101688,80"
2019-06-28 15:47:40.000000000,BEST_BID,"JPM,101474,146"
2019-06-28 15:47:40.000000000,BEST_ASK,"JPM,101688,80"
2019-06-28 15:47:40.000000000,BEST_BID,"JPM,101474,146"
2019-06-28 15:47:40.000000000,BEST_ASK,"JPM,101688,80"
2019-06-28 15:47:40.000000000,BEST_BID,"JPM,101474,146"
2019-06-28 15:47:40.000000000,BEST_ASK,"JPM,101688,80"
2019-06-28 15:47:43.133849948,QUERY_SPREAD,27
2019-06-28 15:47:43.133849948,BEST_BID,"JPM,101474,46"
2019-06-28 15:47:43.133849948,BEST_ASK,"JPM,101688,80"
2019-06-28 15:47:43.133849948,LAST_TRADE,"100,$101474.0000"
2019-06-28 15:47:50.000000000,QUERY_SPREAD,1
2019-06-28 15:47:50.000000000,BEST_BID,"JPM,101470,182"
2019-06-28 15:47:50.000000000,BEST_ASK,"JPM,101688,14"
2019-06-28 15:47:50.000000000,BEST_BID,"JPM,101470,182"
2019-06-28 15:47:50.000000000,BEST_ASK,"JPM,101688,14"
2019-06-28 15:47:50.000000000,BEST_BID,"JPM,101470,182"
2019-06-28 15:47:50.000000000,BEST_ASK,"JPM,101688,14"
2019-06-28 15:47:50.000000000,BEST_BID,"JPM,101470,182"
2019-06-28 15:47:50.000000000,BEST_ASK,"JPM,101688,14"
2019-06-28 15:47:50.000000000,BEST_BID,"JPM,101470,182"
2019-06-28 15:47:50.000000000,BEST_ASK,"JPM,101688,96"
2019-06-28 15:47:50.000000000,BEST_BID,"JPM,101470,182"
2019-06-28 15:47:50.000000000,BEST_ASK,"JPM,101688,96"
2019-06-28 15:47:50.000000000,BEST_BID,"JPM,101470,182"
2019-06-28 15:47:50.000000000,BEST_ASK,"JPM,101688,96"
2019-06-28 15:47:50.000000000,BEST_BID,"JPM,101470,182"
2019-06-28 15:47:50.000000000,BEST_ASK,"JPM,101688,96"
2019-06-28 15:48:00.000000000,QUERY_SPREAD,1
2019-06-28 15:48:00.000000000,BEST_BID,"JPM,101470,212"
2019-06-28 15:48:00.000000000,BEST_ASK,"JPM,101688,14"
2019-06-28 15:48:00.000000000,BEST_BID,"JPM,101470,212"
2019-06-28 15:48:00.000000000,BEST_ASK,"JPM,101688,14"
2019-06-28 15:48:00.000000000,BEST_BID,"JPM,101470,212"
2019-06-28 15:48:00.000000000,BEST_ASK,"JPM,101688,14"
2019-06-28 15:48:00.000000000,BEST_BID,"JPM,101470,212"
2019-06-28 15:48:00.000000000,BEST_ASK,"JPM,101688,126"
2019-06-28 15:48:00.000000000,BEST_BID,"JPM,101470,212"
2019-06-28 15:48:00.000000000,BEST_ASK,"JPM,101688,126"
2019-06-28 15:48:00.000000000,BEST_BID,"JPM,101470,212"
2019-06-28 15:48:00.000000000,BEST_ASK,"JPM,101688,126"
2019-06-28 15:48:00.000000000,QUERY_SPREAD,77
2019-06-28 15:48:00.000000000,BEST_BID,"JPM,101470,212"
2019-06-28 15:48:00.000000000,BEST_ASK,"JPM,101688,122"
2019-06-28 15:48:00.000000000,LAST_TRADE,"4,$101688.0000"
2019-06-28 15:48:00.000000000,QUERY_SPREAD,78
2019-06-28 15:48:00.000000000,BEST_BID,"JPM,101470,212"
2019-06-28 15:48:00.000000000,BEST_ASK,"JPM,101688,114"
2019-06-28 15:48:00.000000000,LAST_TRADE,"8,$101688.0000"
2019-06-28 15:48:00.000000000,QUERY_SPREAD,79
2019-06-28 15:48:00.000000000,BEST_BID,"JPM,101470,212"
2019-06-28 15:48:00.000000000,BEST_ASK,"JPM,101688,113"
2019-06-28 15:48:00.000000000,LAST_TRADE,"1,$101688.0000"
2019-06-28 15:48:00.000000000,QUERY_SPREAD,80
2019-06-28 15:48:00.000000000,BEST_BID,"JPM,101470,212"
2019-06-28 15:48:00.000000000,BEST_ASK,"JPM,101688,108"
2019-06-28 15:48:00.000000000,LAST_TRADE,"5,$101688.0000"
2019-06-28 15:48:00.000000000,QUERY_SPREAD,81
2019-06-28 15:48:00.000000000,BEST_BID,"JPM,101470,212"
2019-06-28 15:48:00.000000000,BEST_ASK,"JPM,101688,103"
2019-06-28 15:48:00.000000000,LAST_TRADE,"5,$101688.0000"
2019-06-28 15:48:00.000000000,QUERY_SPREAD,82
2019-06-28 15:48:00.000000000,BEST_BID,"JPM,101470,212"
2019-06-28 15:48:00.000000000,BEST_ASK,"JPM,101688,97"
2019-06-28 15:48:00.000000000,LAST_TRADE,"6,$101688.0000"
2019-06-28 15:48:00.000000000,QUERY_SPREAD,83
2019-06-28 15:48:00.000000000,BEST_BID,"JPM,101470,212"
2019-06-28 15:48:00.000000000,BEST_ASK,"JPM,101688,93"
2019-06-28 15:48:00.000000000,LAST_TRADE,"4,$101688.0000"
2019-06-28 15:48:00.000000000,QUERY_SPREAD,84
2019-06-28 15:48:00.000000000,BEST_BID,"JPM,101470,212"
2019-06-28 15:48:00.000000000,BEST_ASK,"JPM,101688,88"
2019-06-28 15:48:00.000000000,LAST_TRADE,"5,$101688.0000"
2019-06-28 15:48:00.000000000,QUERY_SPREAD,85
2019-06-28 15:48:00.000000000,BEST_BID,"JPM,101470,212"
2019-06-28 15:48:00.000000000,BEST_ASK,"JPM,101688,83"
2019-06-28 15:48:00.000000000,LAST_TRADE,"5,$101688.0000"
2019-06-28 15:48:00.000000000,QUERY_SPREAD,86
2019-06-28 15:48:00.000000000,BEST_BID,"JPM,101470,212"
2019-06-28 15:48:00.000000000,BEST_ASK,"JPM,101688,74"
2019-06-28 15:48:00.000000000,LAST_TRADE,"9,$101688.0000"
2019-06-28 15:48:00.000000000,QUERY_SPREAD,87
2019-06-28 15:48:00.000000000,BEST_BID,"JPM,101470,212"
2019-06-28 15:48:00.000000000,BEST_ASK,"JPM,101688,72"
2019-06-28 15:48:00.000000000,LAST_TRADE,"2,$101688.0000"
2019-06-28 15:48:00.000000000,QUERY_SPREAD,88
2019-06-28 15:48:00.000000000,BEST_BID,"JPM,101470,212"
2019-06-28 15:48:00.000000000,BEST_ASK,"JPM,101688,64"
2019-06-28 15:48:00.000000000,LAST_TRADE,"8,$101688.0000"
2019-06-28 15:48:00.000000000,QUERY_SPREAD,89
2019-06-28 15:48:00.000000000,BEST_BID,"JPM,101470,212"
2019-06-28 15:48:00.000000000,BEST_ASK,"JPM,101688,57"
2019-06-28 15:48:00.000000000,LAST_TRADE,"7,$101688.0000"
2019-06-28 15:48:00.000000000,QUERY_SPREAD,90
2019-06-28 15:48:00.000000000,BEST_BID,"JPM,101470,212"
2019-06-28 15:48:00.000000000,BEST_ASK,"JPM,101688,51"
2019-06-28 15:48:00.000000000,LAST_TRADE,"6,$101688.0000"
2019-06-28 15:48:00.000000000,QUERY_SPREAD,91
2019-06-28 15:48:00.000000000,BEST_BID,"JPM,101470,212"
2019-06-28 15:48:00.000000000,BEST_ASK,"JPM,101688,46"
2019-06-28 15:48:00.000000000,LAST_TRADE,"5,$101688.0000"
2019-06-28 15:48:00.000000000,QUERY_SPREAD,92
2019-06-28 15:48:00.000000000,BEST_BID,"JPM,101470,212"
2019-06-28 15:48:00.000000000,BEST_ASK,"JPM,101688,45"
2019-06-28 15:48:00.000000000,LAST_TRADE,"1,$101688.0000"
2019-06-28 15:48:00.000000000,QUERY_SPREAD,93
2019-06-28 15:48:00.000000000,BEST_BID,"JPM,101470,212"
2019-06-28 15:48:00.000000000,BEST_ASK,"JPM,101688,43"
2019-06-28 15:48:00.000000000,LAST_TRADE,"2,$101688.0000"
2019-06-28 15:48:00.000000000,QUERY_SPREAD,94
2019-06-28 15:48:00.000000000,BEST_BID,"JPM,101470,212"
2019-06-28 15:48:00.000000000,BEST_ASK,"JPM,101688,41"
2019-06-28 15:48:00.000000000,LAST_TRADE,"2,$101688.0000"
2019-06-28 15:48:00.000000000,QUERY_SPREAD,95
2019-06-28 15:48:00.000000000,BEST_BID,"JPM,101470,212"
2019-06-28 15:48:00.000000000,BEST_ASK,"JPM,101688,34"
2019-06-28 15:48:00.000000000,LAST_TRADE,"7,$101688.0000"
2019-06-28 15:48:00.000000000,QUERY_SPREAD,96
2019-06-28 15:48:00.000000000,BEST_BID,"JPM,101470,212"
2019-06-28 15:48:00.000000000,BEST_ASK,"JPM,101688,27"
2019-06-28 15:48:00.000000000,LAST_TRADE,"7,$101688.0000"
2019-06-28 15:48:00.000000000,QUERY_SPREAD,97
2019-06-28 15:48:00.000000000,BEST_BID,"JPM,101470,212"
2019-06-28 15:48:00.000000000,BEST_ASK,"JPM,101688,21"
2019-06-28 15:48:00.000000000,LAST_TRADE,"6,$101688.0000"
2019-06-28 15:48:00.000000000,QUERY_SPREAD,98
2019-06-28 15:48:00.000000000,BEST_BID,"JPM,101470,212"
2019-06-28 15:48:00.000000000,BEST_ASK,"JPM,101688,17"
2019-06-28 15:48:00.000000000,LAST_TRADE,"4,$101688.0000"
2019-06-28 15:48:00.000000000,QUERY_SPREAD,99
2019-06-28 15:48:00.000000000,BEST_BID,"JPM,101470,212"
2019-06-28 15:48:00.000000000,BEST_ASK,"JPM,101688,15"
2019-06-28 15:48:00.000000000,LAST_TRADE,"2,$101688.0000"
2019-06-28 15:48:00.000000000,QUERY_SPREAD,100
2019-06-28 15:48:00.000000000,BEST_BID,"JPM,101470,212"
2019-06-28 15:48:00.000000000,BEST_ASK,"JPM,101688,9"
2019-06-28 15:48:00.000000000,LAST_TRADE,"6,$101688.0000"
2019-06-28 15:48:00.000000000,QUERY_SPREAD,101
2019-06-28 15:48:00.000000000,QUERY_ORDER_STREAM,101
2019-06-28 15:48:10.000000000,QUERY_SPREAD,1
2019-06-28 15:48:10.000000000,BEST_BID,"JPM,101470,166"
2019-06-28 15:48:10.000000000,BEST_ASK,"JPM,101723,108"
2019-06-28 15:48:10.000000000,BEST_BID,"JPM,101470,166"
2019-06-28 15:48:10.000000000,BEST_ASK,"JPM,101723,108"
2019-06-28 15:48:10.000000000,BEST_BID,"JPM,101470,166"
2019-06-28 15:48:10.000000000,BEST_ASK,"JPM,101723,108"
2019-06-28 15:48:10.000000000,BEST_BID,"JPM,101470,166"
2019-06-28 15:48:10.000000000,BEST_ASK,"JPM,101723,108"
2019-06-28 15:48:10.000000000,BEST_BID,"JPM,101470,166"
2019-06-28 15:48:10.000000000,BEST_ASK,"JPM,101723,108"
2019-06-28 15:48:10.000000000,BEST_BID,"JPM,101470,166"
2019-06-28 15:48:10.000000000,BEST_ASK,"JPM,101723,174"
2019-06-28 15:48:10.000000000,BEST_BID,"JPM,101470,166"
2019-06-28 15:48:10.000000000,BEST_ASK,"JPM,101723,174"
2019-06-28 15:48:10.000000000,BEST_BID,"JPM,101470,166"
2019-06-28 15:48:10.000000000,BEST_ASK,"JPM,101723,174"
2019-06-28 15:48:10.000000000,BEST_BID,"JPM,101470,166"
2019-06-28 15:48:10.000000000,BEST_ASK,"JPM,101723,174"
2019-06-28 15:48:10.000000000,BEST_BID,"JPM,101470,166"
2019-06-28 15:48:10.000000000,BEST_ASK,"JPM,101723,174"
2019-06-28 15:48:16.533226509,QUERY_SPREAD,51
2019-06-28 15:48:16.533226509,BEST_BID,"JPM,101470,66"
2019-06-28 15:48:16.533226509,BEST_ASK,"JPM,101723,174"
2019-06-28 15:48:16.533226509,LAST_TRADE,"100,$101470.0000"
2019-06-28 15:48:20.000000000,QUERY_SPREAD,1
2019-06-28 15:48:20.000000000,BEST_BID,"JPM,101398,212"
2019-06-28 15:48:20.000000000,BEST_ASK,"JPM,101723,108"
2019-06-28 15:48:20.000000000,BEST_BID,"JPM,101398,212"
2019-06-28 15:48:20.000000000,BEST_ASK,"JPM,101723,108"
2019-06-28 15:48:20.000000000,BEST_BID,"JPM,101398,212"
2019-06-28 15:48:20.000000000,BEST_ASK,"JPM,101723,108"
2019-06-28 15:48:20.000000000,BEST_BID,"JPM,101398,212"
2019-06-28 15:48:20.000000000,BEST_ASK,"JPM,101723,220"
2019-06-28 15:48:20.000000000,BEST_BID,"JPM,101398,212"
2019-06-28 15:48:20.000000000,BEST_ASK,"JPM,101723,220"
2019-06-28 15:48:20.000000000,BEST_BID,"JPM,101398,212"
2019-06-28 15:48:20.000000000,BEST_ASK,"JPM,101723,220"
2019-06-28 15:48:21.959898061,QUERY_ORDER_STREAM,65
2019-06-28 15:48:21.959898061,QUERY_SPREAD,65
2019-06-28 15:48:21.959898061,BEST_BID,"JPM,101398,212"
2019-06-28 15:48:21.959898061,BEST_ASK,"JPM,101688,100"
2019-06-28 15:48:30.000000000,QUERY_SPREAD,1
2019-06-28 15:48:30.000000000,BEST_BID,"JPM,101398,212"
2019-06-28 15:48:30.000000000,BEST_ASK,"JPM,101688,100"
2019-06-28 15:48:30.000000000,BEST_BID,"JPM,101398,212"
2019-06-28 15:48:30.000000000,BEST_ASK,"JPM,101688,100"
2019-06-28 15:48:30.000000000,BEST_BID,"JPM,101398,212"
2019-06-28 15:48:30.000000000,BEST_ASK,"JPM,101688,100"
2019-06-28 15:48:30.000000000,BEST_BID,"JPM,101398,212"
2019-06-28 15:48:30.000000000,BEST_ASK,"JPM,101688,212"
2019-06-28 15:48:30.000000000,BEST_BID,"JPM,101398,212"
2019-06-28 15:48:30.000000000,BEST_ASK,"JPM,101688,212"
2019-06-28 15:48:30.000000000,BEST_BID,"JPM,101398,212"
2019-06-28 15:48:30.000000000,BEST_ASK,"JPM,101688,212"
2019-06-28 15:48:30.278437351,QUERY_SPREAD,46
2019-06-28 15:48:30.278437351,BEST_BID,"JPM,101398,212"
2019-06-28 15:48:30.278437351,BEST_ASK,"JPM,101688,212"
2019-06-28 15:48:40.000000000,QUERY_SPREAD,1
2019-06-28 15:48:40.000000000,BEST_BID,"JPM,101398,428"
2019-06-28 15:48:40.000000000,BEST_ASK,"JPM,101688,100"
2019-06-28 15:48:40.000000000,BEST_BID,"JPM,101398,428"
2019-06-28 15:48:40.000000000,BEST_ASK,"JPM,101688,428"
2019-06-28 15:48:46.079222902,QUERY_ORDER_STREAM,52
2019-06-28 15:48:46.079222902,QUERY_SPREAD,52
2019-06-28 15:48:46.079222902,BEST_BID,"JPM,101398,428"
2019-06-28 15:48:46.079222902,BEST_ASK,"JPM,101688,528"
2019-06-28 15:48:50.000000000,QUERY_SPREAD,1
2019-06-28 15:48:50.000000000,BEST_BID,"JPM,101398,166"
2019-06-28 15:48:50.000000000,BEST_ASK,"JPM,101688,200"
2019-06-28 15:48:50.000000000,BEST_BID,"JPM,101398,166"
2019-06-28 15:48:50.000000000,BEST_ASK,"JPM,101688,200"
2019-06-28 15:48:50.000000000,BEST_BID,"JPM,101398,166"
2019-06-28 15:48:50.000000000,BEST_ASK,"JPM,101688,200"
2019-06-28 15:48:50.000000000,BEST_BID,"JPM,101398,166"
2019-06-28 15:48:50.000000000,BEST_ASK,"JPM,101688,200"
2019-06-28 15:48:50.000000000,BEST_BID,"JPM,101398,166"
2019-06-28 15:48:50.000000000,BEST_ASK,"JPM,101688,200"
2019-06-28 15:48:50.000000000,BEST_BID,"JPM,101398,166"
2019-06-28 15:48:50.000000000,BEST_ASK,"JPM,101688,266"
2019-06-28 15:48:50.000000000,BEST_BID,"JPM,101398,166"
2019-06-28 15:48:50.000000000,BEST_ASK,"JPM,101688,266"
2019-06-28 15:48:50.000000000,BEST_BID,"JPM,101398,166"
2019-06-28 15:48:50.000000000,BEST_ASK,"JPM,101688,266"
2019-06-28 15:48:50.000000000,BEST_BID,"JPM,101398,166"
2019-06-28 15:48:50.000000000,BEST_ASK,"JPM,101688,266"
2019-06-28 15:48:50.000000000,BEST_BID,"JPM,101398,166"
2019-06-28 15:48:50.000000000,BEST_ASK,"JPM,101688,266"
2019-06-28 15:48:52.565899477,QUERY_SPREAD,29
2019-06-28 15:48:52.565899477,BEST_BID,"JPM,101398,66"
2019-06-28 15:48:52.565899477,BEST_ASK,"JPM,101688,266"
2019-06-28 15:48:52.565899477,LAST_TRADE,"100,$101398.0000"
2019-06-28 15:49:00.000000000,QUERY_SPREAD,1
2019-06-28 15:49:00.000000000,BEST_BID,"JPM,101370,264"
2019-06-28 15:49:00.000000000,BEST_ASK,"JPM,101688,200"
2019-06-28 15:49:00.000000000,BEST_BID,"JPM,101370,264"
2019-06-28 15:49:00.000000000,BEST_ASK,"JPM,101688,200"
2019-06-28 15:49:00.000000000,BEST_BID,"JPM,101370,264"
2019-06-28 15:49:00.000000000,BEST_ASK,"JPM,101688,364"
2019-06-28 15:49:00.000000000,BEST_BID,"JPM,101370,264"
2019-06-28 15:49:00.000000000,BEST_ASK,"JPM,101688,364"
2019-06-28 15:49:00.000000000,QUERY_SPREAD,77
2019-06-28 15:49:00.000000000,BEST_BID,"JPM,101370,264"
2019-06-28 15:49:00.000000000,BEST_ASK,"JPM,101688,360"
2019-06-28 15:49:00.000000000,LAST_TRADE,"4,$101688.0000"
2019-06-28 15:49:00.000000000,QUERY_SPREAD,78
2019-06-28 15:49:00.000000000,BEST_BID,"JPM,101370,264"
2019-06-28 15:49:00.000000000,BEST_ASK,"JPM,101688,352"
2019-06-28 15:49:00.000000000,LAST_TRADE,"8,$101688.0000"
2019-06-28 15:49:00.000000000,QUERY_SPREAD,79
2019-06-28 15:49:00.000000000,BEST_BID,"JPM,101370,264"
2019-06-28 15:49:00.000000000,BEST_ASK,"JPM,101688,351"
2019-06-28 15:49:00.000000000,LAST_TRADE,"1,$101688.0000"
2019-06-28 15:49:00.000000000,QUERY_SPREAD,80
2019-06-28 15:49:00.000000000,BEST_BID,"JPM,101370,264"
2019-06-28 15:49:00.000000000,BEST_ASK,"JPM,101688,346"
2019-06-28 15:49:00.000000000,LAST_TRADE,"5,$101688.0000"
2019-06-28 15:49:00.000000000,QUERY_SPREAD,81
2019-06-28 15:49:00.000000000,BEST_BID,"JPM,101370,264"
2019-06-28 15:49:00.000000000,BEST_ASK,"JPM,101688,341"
2019-06-28 15:49:00.000000000,LAST_TRADE,"5,$101688.0000"
2019-06-28 15:49:00.000000000,QUERY_SPREAD,82
2019-06-28 15:49:00.000000000,BEST_BID,"JPM,101370,264"
2019-06-28 15:49:00.000000000,BEST_ASK,"JPM,101688,335"
2019-06-28 15:49:00.000000000,LAST_TRADE,"6,$101688.0000"
2019-06-28 15:49:00.000000000,QUERY_SPREAD,83
2019-06-28 15:49:00.000000000,BEST_BID,"JPM,101370,264"
2019-06-28 15:49:00.000000000,BEST_ASK,"JPM,101688,331"
2019-06-28 15:49:00.000000000,LAST_TRADE,"4,$101688.0000"
2019-06-28 15:49:00.000000000,QUERY_SPREAD,84
2019-06-28 15:49:00.000000000,BEST_BID,"JPM,101370,264"
2019-06-28 15:49:00.000000000,BEST_ASK,"JPM,101688,326"
2019-06-28 15:49:00.000000000,LAST_TRADE,"5,$101688.0000"
2019-06-28 15:49:00.000000000,QUERY_SPREAD,85
2019-06-28 15:49:00.000000000,BEST_BID,"JPM,101370,264"
2019-06-28 15:49:00.000000000,BEST_ASK,"JPM,101688,321"
2019-06-28 15:49:00.000000000,LAST_TRADE,"5,$101688.0000"
2019-06-28 15:49:00.000000000,QUERY_SPREAD,86
2019-06-28 15:49:00.000000000,BEST_BID,"JPM,101370,264"
2019-06-28 15:49:00.000000000,BEST_ASK,"JPM,101688,312"
2019-06-28 15:49:00.000000000,LAST_TRADE,"9,$101688.0000"
2019-06-28 15:49:00.000000000,QUERY_SPREAD,87
2019-06-28 15:49:00.000000000,BEST_BID,"JPM,101370,264"
2019-06-28 15:49:00.000000000,BEST_ASK,"JPM,101688,310"
2019-06-28 15:49:00.000000000,LAST_TRADE,"2,$101688.0000"
2019-06-28 15:49:00.000000000,QUERY_SPREAD,88
2019-06-28 15:49:00.000000000,BEST_BID,"JPM,101370,264"
2019-06-28 15:49:00.000000000,BEST_ASK,"JPM,101688,302"
2019-06-28 15:49:00.000000000,LAST_TRADE,"8,$101688.0000"
2019-06-28 15:49:00.000000000,QUERY_SPREAD,89
2019-06-28 15:49:00.000000000,BEST_BID,"JPM,101370,264"
2019-06-28 15:49:00.000000000,BEST_ASK,"JPM,101688,295"
2019-06-28 15:49:00.000000000,LAST_TRADE,"7,$101688.0000"
2019-06-28 15:49:00.000000000,QUERY_SPREAD,90
2019-06-28 15:49:00.000000000,BEST_BID,"JPM,101370,264"
2019-06-28 15:49:00.000000000,BEST_ASK,"JPM,101688,289"
2019-06-28 15:49:00.000000000,LAST_TRADE,"6,$101688.0000"
2019-06-28 15:49:00.000000000,QUERY_SPREAD,91
2019-06-28 15:49:00.000000000,BEST_BID,"JPM,101370,264"
2019-06-28 15:49:00.000000000,BEST_ASK,"JPM,101688,284"
2019-06-28 15:49:00.000000000,LAST_TRADE,"5,$101688.0000"
2019-06-28 15:49:00.000000000,QUERY_SPREAD,92
2019-06-28 15:49:00.000000000,BEST_BID,"JPM,101370,264"
2019-06-28 15:49:00.000000000,BEST_ASK,"JPM,101688,283"
2019-06-28 15:49:00.000000000,LAST_TRADE,"1,$101688.0000"
2019-06-28 15:49:00.000000000,QUERY_SPREAD,93
2019-06-28 15:49:00.000000000,BEST_BID,"JPM,101370,264"
2019-06-28 15:49:00.000000000,BEST_ASK,"JPM,101688,281"
2019-06-28 15:49:00.000000000,LAST_TRADE,"2,$101688.0000"
2019-06-28 15:49:00.000000000,QUERY_SPREAD,94
2019-06-28 15:49:00.000000000,BEST_BID,"JPM,101370,264"
2019-06-28 15:49:00.000000000,BEST_ASK,"JPM,101688,279"
2019-06-28 15:49:00.000000000,LAST_TRADE,"2,$101688.0000"
2019-06-28 15:49:00.000000000,QUERY_SPREAD,95
2019-06-28 15:49:00.000000000,BEST_BID,"JPM,101370,264"
2019-06-28 15:49:00.000000000,BEST_ASK,"JPM,101688,272"
2019-06-28 15:49:00.000000000,LAST_TRADE,"7,$101688.0000"
2019-06-28 15:49:00.000000000,QUERY_SPREAD,96
2019-06-28 15:49:00.000000000,BEST_BID,"JPM,101370,264"
2019-06-28 15:49:00.000000000,BEST_ASK,"JPM,101688,265"
2019-06-28 15:49:00.000000000,LAST_TRADE,"7,$101688.0000"
2019-06-28 15:49:00.000000000,QUERY_SPREAD,97
2019-06-28 15:49:00.000000000,BEST_BID,"JPM,101370,264"
2019-06-28 15:49:00.000000000,BEST_ASK,"JPM,101688,259"
2019-06-28 15:49:00.000000000,LAST_TRADE,"6,$101688.0000"
2019-06-28 15:49:00.000000000,QUERY_SPREAD,98
2019-06-28 15:49:00.000000000,BEST_BID,"JPM,101370,264"
2019-06-28 15:49:00.000000000,BEST_ASK,"JPM,101688,255"
2019-06-28 15:49:00.000000000,LAST_TRADE,"4,$101688.0000"
2019-06-28 15:49:00.000000000,QUERY_SPREAD,99
2019-06-28 15:49:00.000000000,BEST_BID,"JPM,101370,264"
2019-06-28 15:49:00.000000000,BEST_ASK,"JPM,101688,253"
2019-06-28 15:49:00.000000000,LAST_TRADE,"2,$101688.0000"
2019-06-28 15:49:00.000000000,QUERY_SPREAD,100
2019-06-28 15:49:00.000000000,BEST_BID,"JPM,101370,264"
2019-06-28 15:49:00.000000000,BEST_ASK,"JPM,101688,247"
2019-06-28 15:49:00.000000000,LAST_TRADE,"6,$101688.0000"
2019-06-28 15:49:00.000000000,QUERY_SPREAD,101
2019-06-28 15:49:00.000000000,QUERY_ORDER_STREAM,101
2019-06-28 15:49:10.000000000,QUERY_SPREAD,1
2019-06-28 15:49:10.000000000,BEST_BID,"JPM,101370,166"
2019-06-28 15:49:10.000000000,BEST_ASK,"JPM,101688,83"
2019-06-28 15:49:10.000000000,BEST_BID,"JPM,101370,166"
2019-06-28 15:49:10.000000000,BEST_ASK,"JPM,101688,83"
2019-06-28 15:49:10.000000000,BEST_BID,"JPM,101370,166"
2019-06-28 15:49:10.000000000,BEST_ASK,"JPM,101688,83"
2019-06-28 15:49:10.000000000,BEST_BID,"JPM,101370,166"
2019-06-28 15:49:10.000000000,BEST_ASK,"JPM,101688,83"
2019-06-28 15:49:10.000000000,BEST_BID,"JPM,101370,166"
2019-06-28 15:49:10.000000000,BEST_ASK,"JPM,101688,83"
2019-06-28 15:49:10.000000000,BEST_BID,"JPM,101370,166"
2019-06-28 15:49:10.000000000,BEST_ASK,"JPM,101688,149"
2019-06-28 15:49:10.000000000,BEST_BID,"JPM,101370,166"
2019-06-28 15:49:10.000000000,BEST_ASK,"JPM,101688,149"
2019-06-28 15:49:10.000000000,BEST_BID,"JPM,101370,166"
2019-06-28 15:49:10.000000000,BEST_ASK,"JPM,101688,149"
2019-06-28 15:49:10.000000000,BEST_BID,"JPM,101370,166"
2019-06-28 15:49:10.000000000,BEST_ASK,"JPM,101688,149"
2019-06-28 15:49:10.000000000,BEST_BID,"JPM,101370,166"
2019-06-28 15:49:10.000000000,BEST_ASK,"JPM,101688,149"
2019-06-28 15:49:20.000000000,QUERY_SPREAD,1
2019-06-28 15:49:20.000000000,BEST_BID,"JPM,101370,212"
2019-06-28 15:49:20.000000000,BEST_ASK,"JPM,101688,83"
2019-06-28 15:49:20.000000000,BEST_BID,"JPM,101370,212"
2019-06-28 15:49:20.000000000,BEST_ASK,"JPM,101688,83"
2019-06-28 15:49:20.000000000,BEST_BID,"JPM,101370,212"
2019-06-28 15:49:20.000000000,BEST_ASK,"JPM,101688,83"
2019-06-28 15:49:20.000000000,BEST_BID,"JPM,101370,212"
2019-06-28 15:49:20.000000000,BEST_ASK,"JPM,101688,195"
2019-06-28 15:49:20.000000000,BEST_BID,"JPM,101370,212"
2019-06-28 15:49:20.000000000,BEST_ASK,"JPM,101688,195"
2019-06-28 15:49:20.000000000,BEST_BID,"JPM,101370,212"
2019-06-28 15:49:20.000000000,BEST_ASK,"JPM,101688,195"
2019-06-28 15:49:24.146685307,QUERY_SPREAD,39
2019-06-28 15:49:24.146685307,BEST_BID,"JPM,101370,112"
2019-06-28 15:49:24.146685307,BEST_ASK,"JPM,101688,195"
2019-06-28 15:49:24.146685307,LAST_TRADE,"100,$101370.0000"
2019-06-28 15:49:30.000000000,QUERY_SPREAD,1
2019-06-28 15:49:30.000000000,BEST_BID,"JPM,101284,212"
2019-06-28 15:49:30.000000000,BEST_ASK,"JPM,101688,83"
2019-06-28 15:49:30.000000000,BEST_BID,"JPM,101284,212"
2019-06-28 15:49:30.000000000,BEST_ASK,"JPM,101688,83"
2019-06-28 15:49:30.000000000,BEST_BID,"JPM,101284,212"
2019-06-28 15:49:30.000000000,BEST_ASK,"JPM,101688,83"
2019-06-28 15:49:30.000000000,BEST_BID,"JPM,101284,212"
2019-06-28 15:49:30.000000000,BEST_ASK,"JPM,101688,195"
2019-06-28 15:49:30.000000000,BEST_BID,"JPM,101284,212"
2019-06-28 15:49:30.000000000,BEST_ASK,"JPM,101688,195"
2019-06-28 15:49:30.000000000,BEST_BID,"JPM,101284,212"
2019-06-28 15:49:30.000000000,BEST_ASK,"JPM,101688,195"
2019-06-28 15:49:32.721817606,QUERY_SPREAD,17
2019-06-28 15:49:32.721817606,BEST_BID,"JPM,101284,112"
2019-06-28 15:49:32.721817606,BEST_ASK,"JPM,101688,195"
2019-06-28 15:49:32.721817606,LAST_TRADE,"100,$101284.0000"
2019-06-28 15:49:33.273492831,QUERY_SPREAD,48
2019-06-28 15:49:33.273492831,BEST_BID,"JPM,101284,12"
2019-06-28 15:49:33.273492831,BEST_ASK,"JPM,101688,195"
2019-06-28 15:49:33.273492831,LAST_TRADE,"100,$101284.0000"
2019-06-28 15:49:40.000000000,QUERY_SPREAD,1
2019-06-28 15:49:40.000000000,BEST_BID,"JPM,101166,428"
2019-06-28 15:49:40.000000000,BEST_ASK,"JPM,101688,83"
2019-06-28 15:49:40.000000000,BEST_BID,"JPM,101166,428"
2019-06-28 15:49:40.000000000,BEST_ASK,"JPM,101688,411"
2019-06-28 15:49:50.000000000,QUERY_SPREAD,1
2019-06-28 15:49:50.000000000,BEST_BID,"JPM,101166,428"
2019-06-28 15:49:50.000000000,BEST_ASK,"JPM,101688,83"
2019-06-28 15:49:50.000000000,BEST_BID,"JPM,101166,428"
2019-06-28 15:49:50.000000000,BEST_ASK,"JPM,101688,411"
2019-06-28 15:50:00.000000000,QUERY_SPREAD,1
2019-06-28 15:50:00.000000000,BEST_BID,"JPM,101166,166"
2019-06-28 15:50:00.000000000,BEST_ASK,"JPM,101688,83"
2019-06-28 15:50:00.000000000,BEST_BID,"JPM,101166,166"
2019-06-28 15:50:00.000000000,BEST_ASK,"JPM,101688,83"
2019-06-28 15:50:00.000000000,BEST_BID,"JPM,101166,166"
2019-06-28 15:50:00.000000000,BEST_ASK,"JPM,101688,83"
2019-06-28 15:50:00.000000000,BEST_BID,"JPM,101166,166"
2019-06-28 15:50:00.000000000,BEST_ASK,"JPM,101688,83"
2019-06-28 15:50:00.000000000,BEST_BID,"JPM,101166,166"
2019-06-28 15:50:00.000000000,BEST_ASK,"JPM,101688,83"
2019-06-28 15:50:00.000000000,BEST_BID,"JPM,101166,166"
2019-06-28 15:50:00.000000000,BEST_ASK,"JPM,101688,149"
2019-06-28 15:50:00.000000000,BEST_BID,"JPM,101166,166"
2019-06-28 15:50:00.000000000,BEST_ASK,"JPM,101688,149"
2019-06-28 15:50:00.000000000,BEST_BID,"JPM,101166,166"
2019-06-28 15:50:00.000000000,BEST_ASK,"JPM,101688,149"
2019-06-28 15:50:00.000000000,BEST_BID,"JPM,101166,166"
2019-06-28 15:50:00.000000000,BEST_ASK,"JPM,101688,149"
2019-06-28 15:50:00.000000000,BEST_BID,"JPM,101166,166"
2019-06-28 15:50:00.000000000,BEST_ASK,"JPM,101688,149"
2019-06-28 15:50:00.000000000,QUERY_SPREAD,77
2019-06-28 15:50:00.000000000,BEST_BID,"JPM,101166,166"
2019-06-28 15:50:00.000000000,BEST_ASK,"JPM,101688,145"
2019-06-28 15:50:00.000000000,LAST_TRADE,"4,$101688.0000"
2019-06-28 15:50:00.000000000,QUERY_SPREAD,78
2019-06-28 15:50:00.000000000,BEST_BID,"JPM,101166,166"
2019-06-28 15:50:00.000000000,BEST_ASK,"JPM,101688,137"
2019-06-28 15:50:00.000000000,LAST_TRADE,"8,$101688.0000"
2019-06-28 15:50:00.000000000,QUERY_SPREAD,79
2019-06-28 15:50:00.000000000,BEST_BID,"JPM,101166,166"
2019-06-28 15:50:00.000000000,BEST_ASK,"JPM,101688,136"
2019-06-28 15:50:00.000000000,LAST_TRADE,"1,$101688.0000"
2019-06-28 15:50:00.000000000,QUERY_SPREAD,80
2019-06-28 15:50:00.000000000,BEST_BID,"JPM,101166,166"
2019-06-28 15:50:00.000000000,BEST_ASK,"JPM,101688,131"
2019-06-28 15:50:00.000000000,LAST_TRADE,"5,$101688.0000"
2019-06-28 15:50:00.000000000,QUERY_SPREAD,81
2019-06-28 15:50:00.000000000,BEST_BID,"JPM,101166,166"
2019-06-28 15:50:00.000000000,BEST_ASK,"JPM,101688,126"
2019-06-28 15:50:00.000000000,LAST_TRADE,"5,$101688.0000"
2019-06-28 15:50:00.000000000,QUERY_SPREAD,82
2019-06-28 15:50:00.000000000,BEST_BID,"JPM,101166,166"
2019-06-28 15:50:00.000000000,BEST_ASK,"JPM,101688,120"
2019-06-28 15:50:00.000000000,LAST_TRADE,"6,$101688.0000"
2019-06-28 15:50:00.000000000,QUERY_SPREAD,83
2019-06-28 15:50:00.000000000,BEST_BID,"JPM,101166,166"
2019-06-28 15:50:00.000000000,BEST_ASK,"JPM,101688,116"
2019-06-28 15:50:00.000000000,LAST_TRADE,"4,$101688.0000"
2019-06-28 15:50:00.000000000,QUERY_SPREAD,84
2019-06-28 15:50:00.000000000,BEST_BID,"JPM,101166,166"
2019-06-28 15:50:00.000000000,BEST_ASK,"JPM,101688,111"
2019-06-28 15:50:00.000000000,LAST_TRADE,"5,$101688.0000"
2019-06-28 15:50:00.000000000,QUERY_SPREAD,85
2019-06-28 15:50:00.000000000,BEST_BID,"JPM,101166,166"
2019-06-28 15:50:00.000000000,BEST_ASK,"JPM,101688,106"
2019-06-28 15:50:00.000000000,LAST_TRADE,"5,$101688.0000"
2019-06-28 15:50:00.000000000,QUERY_SPREAD,86
2019-06-28 15:50:00.000000000,BEST_BID,"JPM,101166,166"
2019-06-28 15:50:00.000000000,BEST_ASK,"JPM,101688,97"
2019-06-28 15:50:00.000000000,LAST_TRADE,"9,$101688.0000"
2019-06-28 15:50:00.000000000,QUERY_SPREAD,87
2019-06-28 15:50:00.000000000,BEST_BID,"JPM,101166,166"
2019-06-28 15:50:00.000000000,BEST_ASK,"JPM,101688,95"
2019-06-28 15:50:00.000000000,LAST_TRADE,"2,$101688.0000"
2019-06-28 15:50:00.000000000,QUERY_SPREAD,88
2019-06-28 15:50:00.000000000,BEST_BID,"JPM,101166,166"
2019-06-28 15:50:00.000000000,BEST_ASK,"JPM,101688,87"
2019-06-28 15:50:00.000000000,LAST_TRADE,"8,$101688.0000"
2019-06-28 15:50:00.000000000,QUERY_SPREAD,89
2019-06-28 15:50:00.000000000,BEST_BID,"JPM,101166,166"
2019-06-28 15:50:00.000000000,BEST_ASK,"JPM,101688,80"
2019-06-28 15:50:00.000000000,LAST_TRADE,"7,$101688.0000"
2019-06-28 15:50:00.000000000,QUERY_SPREAD,90
2019-06-28 15:50:00.000000000,BEST_BID,"JPM,101166,166"
2019-06-28 15:50:00.000000000,BEST_ASK,"JPM,101688,74"
2019-06-28 15:50:00.000000000,LAST_TRADE,"6,$101688.0000"
2019-06-28 15:50:00.000000000,QUERY_SPREAD,91
2019-06-28 15:50:00.000000000,BEST_BID,"JPM,101166,166"
2019-06-28 15:50:00.000000000,BEST_ASK,"JPM,101688,69"
2019-06-28 15:50:00.000000000,LAST_TRADE,"5,$101688.0000"
2019-06-28 15:50:00.000000000,QUERY_SPREAD,92
2019-06-28 15:50:00.000000000,BEST_BID,"JPM,101166,166"
2019-06-28 15:50:00.000000000,BEST_ASK,"JPM,101688,68"
2019-06-28 15:50:00.000000000,LAST_TRADE,"1,$101688.0000"
2019-06-28 15:50:00.000000000,QUERY_SPREAD,93
2019-06-28 15:50:00.000000000,BEST_BID,"JPM,101166,166"
2019-06-28 15:50:00.000000000,BEST_ASK,"JPM,101688,66"
2019-06-28 15:50:00.000000000,LAST_TRADE,"2,$101688.0000"
2019-06-28 15:50:00.000000000,QUERY_SPREAD,94
2019-06-28 15:50:00.000000000,BEST_BID,"JPM,101166,166"
2019-06-28 15:50:00.000000000,BEST_ASK,"JPM,101688,64"
2019-06-28 15:50:00.000000000,LAST_TRADE,"2,$101688.0000"
2019-06-28 15:50:00.000000000,QUERY_SPREAD,95
2019-06-28 15:50:00.000000000,BEST_BID,"JPM,101166,166"
2019-06-28 15:50:00.000000000,BEST_ASK,"JPM,101688,57"
2019-06-28 15:50:00.000000000,LAST_TRADE,"7,$101688.0000"
2019-06-28 15:50:00.000000000,QUERY_SPREAD,96
2019-06-28 15:50:00.000000000,BEST_BID,"JPM,101166,166"
2019-06-28 15:50:00.000000000,BEST_ASK,"JPM,101688,50"
2019-06-28 15:50:00.000000000,LAST_TRADE,"7,$101688.0000"
2019-06-28 15:50:00.000000000,QUERY_SPREAD,97
2019-06-28 15:50:00.000000000,BEST_BID,"JPM,101166,166"
2019-06-28 15:50:00.000000000,BEST_ASK,"JPM,101688,44"
2019-06-28 15:50:00.000000000,LAST_TRADE,"6,$101688.0000"
2019-06-28 15:50:00.000000000,QUERY_SPREAD,98
2019-06-28 15:50:00.000000000,BEST_BID,"JPM,101166,166"
2019-06-28 15:50:00.000000000,BEST_ASK,"JPM,101688,40"
2019-06-28 15:50:00.000000000,LAST_TRADE,"4,$101688.0000"
2019-06-28 15:50:00.000000000,QUERY_SPREAD,99
2019-06-28 15:50:00.000000000,BEST_BID,"JPM,101166,166"
2019-06-28 15:50:00.000000000,BEST_ASK,"JPM,101688,38"
2019-06-28 15:50:00.000000000,LAST_TRADE,"2,$101688.0000"
2019-06-28 15:50:00.000000000,QUERY_SPREAD,100
2019-06-28 15:50:00.000000000,BEST_BID,"JPM,101166,166"
2019-06-28 15:50:00.000000000,BEST_ASK,"JPM,101688,32"
2019-06-28 15:50:00.000000000,LAST_TRADE,"6,$101688.0000"
2019-06-28 15:50:00.000000000,QUERY_SPREAD,101
2019-06-28 15:50:00.000000000,QUERY_ORDER_STREAM,101
2019-06-28 15:50:10.000000000,QUERY_SPREAD,1
2019-06-28 15:50:10.000000000,BEST_BID,"JPM,101166,212"
2019-06-28 15:50:10.000000000,BEST_ASK,"JPM,101723,108"
2019-06-28 15:50:10.000000000,BEST_BID,"JPM,101166,212"
2019-06-28 15:50:10.000000000,BEST_ASK,"JPM,101723,108"
2019-06-28 15:50:10.000000000,BEST_BID,"JPM,101166,212"
2019-06-28 15:50:10.000000000,BEST_ASK,"JPM,101723,108"
2019-06-28 15:50:10.000000000,BEST_BID,"JPM,101166,212"
2019-06-28 15:50:10.000000000,BEST_ASK,"JPM,101723,220"
2019-06-28 15:50:10.000000000,BEST_BID,"JPM,101166,212"
2019-06-28 15:50:10.000000000,BEST_ASK,"JPM,101723,220"
2019-06-28 15:50:10.000000000,BEST_BID,"JPM,101166,212"
2019-06-28 15:50:10.000000000,BEST_ASK,"JPM,101723,220"
2019-06-28 15:50:10.743224335,QUERY_ORDER_STREAM,52
2019-06-28 15:50:10.743224335,QUERY_SPREAD,52
2019-06-28 15:50:15.781308057,QUERY_SPREAD,46
2019-06-28 15:50:15.781308057,BEST_BID,"JPM,101166,112"
2019-06-28 15:50:15.781308057,BEST_ASK,"JPM,101723,220"
2019-06-28 15:50:15.781308057,LAST_TRADE,"100,$101166.0000"
2019-06-28 15:50:20.000000000,QUERY_SPREAD,1
2019-06-28 15:50:20.000000000,BEST_BID,"JPM,100948,166"
2019-06-28 15:50:20.000000000,BEST_ASK,"JPM,101723,108"
2019-06-28 15:50:20.000000000,BEST_BID,"JPM,100948,166"
2019-06-28 15:50:20.000000000,BEST_ASK,"JPM,101723,108"
2019-06-28 15:50:20.000000000,BEST_BID,"JPM,100948,166"
2019-06-28 15:50:20.000000000,BEST_ASK,"JPM,101723,108"
2019-06-28 15:50:20.000000000,BEST_BID,"JPM,100948,166"
2019-06-28 15:50:20.000000000,BEST_ASK,"JPM,101723,108"
2019-06-28 15:50:20.000000000,BEST_BID,"JPM,100948,166"
2019-06-28 15:50:20.000000000,BEST_ASK,"JPM,101723,108"
2019-06-28 15:50:20.000000000,BEST_BID,"JPM,100948,166"
2019-06-28 15:50:20.000000000,BEST_ASK,"JPM,101723,174"
2019-06-28 15:50:20.000000000,BEST_BID,"JPM,100948,166"
2019-06-28 15:50:20.000000000,BEST_ASK,"JPM,101723,174"
2019-06-28 15:50:20.000000000,BEST_BID,"JPM,100948,166"
2019-06-28 15:50:20.000000000,BEST_ASK,"JPM,101723,174"
2019-06-28 15:50:20.000000000,BEST_BID,"JPM,100948,166"
2019-06-28 15:50:20.000000000,BEST_ASK,"JPM,101723,174"
2019-06-28 15:50:20.000000000,BEST_BID,"JPM,100948,166"
2019-06-28 15:50:20.000000000,BEST_ASK,"JPM,101723,174"
2019-06-28 15:50:30.000000000,QUERY_SPREAD,1
2019-06-28 15:50:30.000000000,BEST_BID,"JPM,100948,182"
2019-06-28 15:50:30.000000000,BEST_ASK,"JPM,101723,108"
2019-06-28 15:50:30.000000000,BEST_BID,"JPM,100948,182"
2019-06-28 15:50:30.000000000,BEST_ASK,"JPM,101723,108"
2019-06-28 15:50:30.000000000,BEST_BID,"JPM,100948,182"
2019-06-28 15:50:30.000000000,BEST_ASK,"JPM,101723,108"
2019-06-28 15:50:30.000000000,BEST_BID,"JPM,100948,182"
2019-06-28 15:50:30.000000000,BEST_ASK,"JPM,101723,108"
2019-06-28 15:50:30.000000000,BEST_BID,"JPM,100948,182"
2019-06-28 15:50:30.000000000,BEST_ASK,"JPM,101723,190"
2019-06-28 15:50:30.000000000,BEST_BID,"JPM,100948,182"
2019-06-28 15:50:30.000000000,BEST_ASK,"JPM,101723,190"
2019-06-28 15:50:30.000000000,BEST_BID,"JPM,100948,182"
2019-06-28 15:50:30.000000000,BEST_ASK,"JPM,101723,190"
2019-06-28 15:50:30.000000000,BEST_BID,"JPM,100948,182"
2019-06-28 15:50:30.000000000,BEST_ASK,"JPM,101723,190"
2019-06-28 15:50:40.000000000,QUERY_SPREAD,1
2019-06-28 15:50:40.000000000,BEST_BID,"JPM,100948,182"
2019-06-28 15:50:40.000000000,BEST_ASK,"JPM,101723,108"
2019-06-28 15:50:40.000000000,BEST_BID,"JPM,100948,182"
2019-06-28 15:50:40.000000000,BEST_ASK,"JPM,101723,108"
2019-06-28 15:50:40.000000000,BEST_BID,"JPM,100948,182"
2019-06-28 15:50:40.000000000,BEST_ASK,"JPM,101723,108"
2019-06-28 15:50:40.000000000,BEST_BID,"JPM,100948,182"
2019-06-28 15:50:40.000000000,BEST_ASK,"JPM,101723,108"
2019-06-28 15:50:40.000000000,BEST_BID,"JPM,100948,182"
2019-06-28 15:50:40.000000000,BEST_ASK,"JPM,101723,190"
2019-06-28 15:50:40.000000000,BEST_BID,"JPM,100948,182"
2019-06-28 15:50:40.000000000,BEST_ASK,"JPM,101723,190"
2019-06-28 15:50:40.000000000,BEST_BID,"JPM,100948,182"
2019-06-28 15:50:40.000000000,BEST_ASK,"JPM,101723,190"
2019-06-28 15:50:40.000000000,BEST_BID,"JPM,100948,182"
2019-06-28 15:50:40.000000000,BEST_ASK,"JPM,101723,190"
2019-06-28 15:50:48.234228903,QUERY_SPREAD,6
2019-06-28 15:50:48.234228903,BEST_BID,"JPM,100948,82"
2019-06-28 15:50:48.234228903,BEST_ASK,"JPM,101723,190"
2019-06-28 15:50:48.234228903,LAST_TRADE,"100,$100948.0000"
2019-06-28 15:50:50.000000000,QUERY_SPREAD,1
2019-06-28 15:50:50.000000000,BEST_BID,"JPM,100883,212"
2019-06-28 15:50:50.000000000,BEST_ASK,"JPM,101723,108"
2019-06-28 15:50:50.000000000,BEST_BID,"JPM,100883,212"
2019-06-28 15:50:50.000000000,BEST_ASK,"JPM,101723,108"
2019-06-28 15:50:50.000000000,BEST_BID,"JPM,100883,212"
2019-06-28 15:50:50.000000000,BEST_ASK,"JPM,101723,108"
2019-06-28 15:50:50.000000000,BEST_BID,"JPM,100883,212"
2019-06-28 15:50:50.000000000,BEST_ASK,"JPM,101723,220"
2019-06-28 15:50:50.000000000,BEST_BID,"JPM,100883,212"
2019-06-28 15:50:50.000000000,BEST_ASK,"JPM,101723,220"
2019-06-28 15:50:50.000000000,BEST_BID,"JPM,100883,212"
2019-06-28 15:50:50.000000000,BEST_ASK,"JPM,101723,220"
2019-06-28 15:50:50.980222263,QUERY_SPREAD,30
2019-06-28 15:50:50.980222263,BEST_BID,"JPM,100883,212"
2019-06-28 15:50:50.980222263,BEST_ASK,"JPM,101723,220"
2019-06-28 15:50:53.284259527,QUERY_SPREAD,26
2019-06-28 15:50:53.284259527,BEST_BID,"JPM,100883,112"
2019-06-28 15:50:53.284259527,BEST_ASK,"JPM,101723,220"
2019-06-28 15:50:53.284259527,LAST_TRADE,"100,$100883.0000"
2019-06-28 15:51:00.000000000,QUERY_SPREAD,1
2019-06-28 15:51:00.000000000,BEST_BID,"JPM,100868,182"
2019-06-28 15:51:00.000000000,BEST_ASK,"JPM,101723,108"
2019-06-28 15:51:00.000000000,BEST_BID,"JPM,100868,182"
2019-06-28 15:51:00.000000000,BEST_ASK,"JPM,101723,108"
2019-06-28 15:51:00.000000000,BEST_BID,"JPM,100868,182"
2019-06-28 15:51:00.000000000,BEST_ASK,"JPM,101723,108"
2019-06-28 15:51:00.000000000,BEST_BID,"JPM,100868,182"
2019-06-28 15:51:00.000000000,BEST_ASK,"JPM,101723,108"
2019-06-28 15:51:00.000000000,BEST_BID,"JPM,100868,182"
2019-06-28 15:51:00.000000000,BEST_ASK,"JPM,101723,190"
2019-06-28 15:51:00.000000000,BEST_BID,"JPM,100868,182"
2019-06-28 15:51:00.000000000,BEST_ASK,"JPM,101723,190"
2019-06-28 15:51:00.000000000,BEST_BID,"JPM,100868,182"
2019-06-28 15:51:00.000000000,BEST_ASK,"JPM,101723,190"
2019-06-28 15:51:00.000000000,BEST_BID,"JPM,100868,182"
2019-06-28 15:51:00.000000000,BEST_ASK,"JPM,101723,190"
2019-06-28 15:51:00.000000000,QUERY_SPREAD,77
2019-06-28 15:51:00.000000000,BEST_BID,"JPM,100868,182"
2019-06-28 15:51:00.000000000,BEST_ASK,"JPM,101723,186"
2019-06-28 15:51:00.000000000,LAST_TRADE,"4,$101723.0000"
2019-06-28 15:51:00.000000000,QUERY_SPREAD,78
2019-06-28 15:51:00.000000000,BEST_BID,"JPM,100868,182"
2019-06-28 15:51:00.000000000,BEST_ASK,"JPM,101723,178"
2019-06-28 15:51:00.000000000,LAST_TRADE,"8,$101723.0000"
2019-06-28 15:51:00.000000000,QUERY_SPREAD,79
2019-06-28 15:51:00.000000000,BEST_BID,"JPM,100868,182"
2019-06-28 15:51:00.000000000,BEST_ASK,"JPM,101723,177"
2019-06-28 15:51:00.000000000,LAST_TRADE,"1,$101723.0000"
2019-06-28 15:51:00.000000000,QUERY_SPREAD,80
2019-06-28 15:51:00.000000000,BEST_BID,"JPM,100868,182"
2019-06-28 15:51:00.000000000,BEST_ASK,"JPM,101723,172"
2019-06-28 15:51:00.000000000,LAST_TRADE,"5,$101723.0000"
2019-06-28 15:51:00.000000000,QUERY_SPREAD,81
2019-06-28 15:51:00.000000000,BEST_BID,"JPM,100868,182"
2019-06-28 15:51:00.000000000,BEST_ASK,"JPM,101723,167"
2019-06-28 15:51:00.000000000,LAST_TRADE,"5,$101723.0000"
2019-06-28 15:51:00.000000000,QUERY_SPREAD,82
2019-06-28 15:51:00.000000000,BEST_BID,"JPM,100868,182"
2019-06-28 15:51:00.000000000,BEST_ASK,"JPM,101723,161"
2019-06-28 15:51:00.000000000,LAST_TRADE,"6,$101723.0000"
2019-06-28 15:51:00.000000000,QUERY_SPREAD,83
2019-06-28 15:51:00.000000000,BEST_BID,"JPM,100868,182"
2019-06-28 15:51:00.000000000,BEST_ASK,"JPM,101723,157"
2019-06-28 15:51:00.000000000,LAST_TRADE,"4,$101723.0000"
2019-06-28 15:51:00.000000000,QUERY_SPREAD,84
2019-06-28 15:51:00.000000000,BEST_BID,"JPM,100868,182"
2019-06-28 15:51:00.000000000,BEST_ASK,"JPM,101723,152"
2019-06-28 15:51:00.000000000,LAST_TRADE,"5,$101723.0000"
2019-06-28 15:51:00.000000000,QUERY_SPREAD,85
2019-06-28 15:51:00.000000000,BEST_BID,"JPM,100868,182"
2019-06-28 15:51:00.000000000,BEST_ASK,"JPM,101723,147"
2019-06-28 15:51:00.000000000,LAST_TRADE,"5,$101723.0000"
2019-06-28 15:51:00.000000000,QUERY_SPREAD,86
2019-06-28 15:51:00.000000000,BEST_BID,"JPM,100868,182"
2019-06-28 15:51:00.000000000,BEST_ASK,"JPM,101723,138"
2019-06-28 15:51:00.000000000,LAST_TRADE,"9,$101723.0000"
2019-06-28 15:51:00.000000000,QUERY_SPREAD,87
2019-06-28 15:51:00.000000000,BEST_BID,"JPM,100868,182"
2019-06-28 15:51:00.000000000,BEST_ASK,"JPM,101723,136"
2019-06-28 15:51:00.000000000,LAST_TRADE,"2,$101723.0000"
2019-06-28 15:51:00.000000000,QUERY_SPREAD,88
2019-06-28 15:51:00.000000000,BEST_BID,"JPM,100868,182"
2019-06-28 15:51:00.000000000,BEST_ASK,"JPM,101723,128"
2019-06-28 15:51:00.000000000,LAST_TRADE,"8,$101723.0000"
2019-06-28 15:51:00.000000000,QUERY_SPREAD,89
2019-06-28 15:51:00.000000000,BEST_BID,"JPM,100868,182"
2019-06-28 15:51:00.000000000,BEST_ASK,"JPM,101723,121"
2019-06-28 15:51:00.000000000,LAST_TRADE,"7,$101723.0000"
2019-06-28 15:51:00.000000000,QUERY_SPREAD,90
2019-06-28 15:51:00.000000000,BEST_BID,"JPM,100868,182"
2019-06-28 15:51:00.000000000,BEST_ASK,"JPM,101723,115"
2019-06-28 15:51:00.000000000,LAST_TRADE,"6,$101723.0000"
2019-06-28 15:51:00.000000000,QUERY_SPREAD,91
2019-06-28 15:51:00.000000000,BEST_BID,"JPM,100868,182"
2019-06-28 15:51:00.000000000,BEST_ASK,"JPM,101723,110"
2019-06-28 15:51:00.000000000,LAST_TRADE,"5,$101723.0000"
2019-06-28 15:51:00.000000000,QUERY_SPREAD,92
2019-06-28 15:51:00.000000000,BEST_BID,"JPM,100868,182"
2019-06-28 15:51:00.000000000,BEST_ASK,"JPM,101723,109"
2019-06-28 15:51:00.000000000,LAST_TRADE,"1,$101723.0000"
2019-06-28 15:51:00.000000000,QUERY_SPREAD,93
2019-06-28 15:51:00.000000000,BEST_BID,"JPM,100868,182"
2019-06-28 15:51:00.000000000,BEST_ASK,"JPM,101723,107"
2019-06-28 15:51:00.000000000,LAST_TRADE,"2,$101723.0000"
2019-06-28 15:51:00.000000000,QUERY_SPREAD,94
2019-06-28 15:51:00.000000000,BEST_BID,"JPM,100868,182"
2019-06-28 15:51:00.000000000,BEST_ASK,"JPM,101723,105"
2019-06-28 15:51:00.000000000,LAST_TRADE,"2,$101723.0000"
2019-06-28 15:51:00.000000000,QUERY_SPREAD,95
2019-06-28 15:51:00.000000000,BEST_BID,"JPM,100868,182"
2019-06-28 15:51:00.000000000,BEST_ASK,"JPM,101723,98"
2019-06-28 15:51:00.000000000,LAST_TRADE,"7,$101723.0000"
2019-06-28 15:51:00.000000000,QUERY_SPREAD,96
2019-06-28 15:51:00.000000000,BEST_BID,"JPM,100868,182"
2019-06-28 15:51:00.000000000,BEST_ASK,"JPM,101723,91"
2019-06-28 15:51:00.000000000,LAST_TRADE,"7,$101723.0000"
2019-06-28 15:51:00.000000000,QUERY_SPREAD,97
2019-06-28 15:51:00.000000000,BEST_BID,"JPM,100868,182"
2019-06-28 15:51:00.000000000,BEST_ASK,"JPM,101723,85"
2019-06-28 15:51:00.000000000,LAST_TRADE,"6,$101723.0000"
2019-06-28 15:51:00.000000000,QUERY_SPREAD,98
2019-06-28 15:51:00.000000000,BEST_BID,"JPM,100868,182"
2019-06-28 15:51:00.000000000,BEST_ASK,"JPM,101723,81"
2019-06-28 15:51:00.000000000,LAST_TRADE,"4,$101723.0000"
2019-06-28 15:51:00.000000000,QUERY_SPREAD,99
2019-06-28 15:51:00.000000000,BEST_BID,"JPM,100868,182"
2019-06-28 15:51:00.000000000,BEST_ASK,"JPM,101723,79"
2019-06-28 15:51:00.000000000,LAST_TRADE,"2,$101723.0000"
2019-06-28 15:51:00.000000000,QUERY_SPREAD,100
2019-06-28 15:51:00.000000000,BEST_BID,"JPM,100868,182"
2019-06-28 15:51:00.000000000,BEST_ASK,"JPM,101723,73"
2019-06-28 15:51:00.000000000,LAST_TRADE,"6,$101723.0000"
2019-06-28 15:51:00.000000000,QUERY_SPREAD,101
2019-06-28 15:51:00.000000000,QUERY_ORDER_STREAM,101
2019-06-28 15:51:04.826109107,QUERY_SPREAD,33
2019-06-28 15:51:04.826109107,BEST_BID,"JPM,100868,182"
2019-06-28 15:51:04.826109107,BEST_ASK,"JPM,101723,73"
2019-06-28 15:51:09.108911748,QUERY_ORDER_STREAM,68
2019-06-28 15:51:09.108911748,QUERY_SPREAD,68
2019-06-28 15:51:10.000000000,QUERY_SPREAD,1
2019-06-28 15:51:10.000000000,BEST_BID,"JPM,100868,428"
2019-06-28 15:51:10.000000000,BEST_ASK,"JPM,101825,208"
2019-06-28 15:51:10.000000000,BEST_BID,"JPM,100868,428"
2019-06-28 15:51:10.000000000,BEST_ASK,"JPM,101825,536"
2019-06-28 15:51:14.234890092,QUERY_SPREAD,6
2019-06-28 15:51:14.234890092,BEST_BID,"JPM,100868,428"
2019-06-28 15:51:14.234890092,BEST_ASK,"JPM,101825,536"
2019-06-28 15:51:20.000000000,QUERY_SPREAD,1
2019-06-28 15:51:20.000000000,BEST_BID,"JPM,100868,264"
2019-06-28 15:51:20.000000000,BEST_ASK,"JPM,101825,208"
2019-06-28 15:51:20.000000000,BEST_BID,"JPM,100868,264"
2019-06-28 15:51:20.000000000,BEST_ASK,"JPM,101825,208"
2019-06-28 15:51:20.000000000,BEST_BID,"JPM,100868,264"
2019-06-28 15:51:20.000000000,BEST_ASK,"JPM,101825,372"
2019-06-28 15:51:20.000000000,BEST_BID,"JPM,100868,264"
2019-06-28 15:51:20.000000000,BEST_ASK,"JPM,101825,372"
2019-06-28 15:51:30.000000000,QUERY_SPREAD,1
2019-06-28 15:51:30.000000000,BEST_BID,"JPM,100868,166"
2019-06-28 15:51:30.000000000,BEST_ASK,"JPM,101825,208"
2019-06-28 15:51:30.000000000,BEST_BID,"JPM,100868,166"
2019-06-28 15:51:30.000000000,BEST_ASK,"JPM,101825,208"
2019-06-28 15:51:30.000000000,BEST_BID,"JPM,100868,166"
2019-06-28 15:51:30.000000000,BEST_ASK,"JPM,101825,208"
2019-06-28 15:51:30.000000000,BEST_BID,"JPM,100868,166"
2019-06-28 15:51:30.000000000,BEST_ASK,"JPM,101825,208"
2019-06-28 15:51:30.000000000,BEST_BID,"JPM,100868,166"
2019-06-28 15:51:30.000000000,BEST_ASK,"JPM,101825,208"
2019-06-28 15:51:30.000000000,BEST_BID,"JPM,100868,166"
2019-06-28 15:51:30.000000000,BEST_ASK,"JPM,101825,274"
2019-06-28 15:51:30.000000000,BEST_BID,"JPM,100868,166"
2019-06-28 15:51:30.000000000,BEST_ASK,"JPM,101825,274"
2019-06-28 15:51:30.000000000,BEST_BID,"JPM,100868,166"
2019-06-28 15:51:30.000000000,BEST_ASK,"JPM,101825,274"
2019-06-28 15:51:30.000000000,BEST_BID,"JPM,100868,166"
2019-06-28 15:51:30.000000000,BEST_ASK,"JPM,101825,274"
2019-06-28 15:51:30.000000000,BEST_BID,"JPM,100868,166"
2019-06-28 15:51:30.000000000,BEST_ASK,"JPM,101825,274"
2019-06-28 15:51:36.406267185,QUERY_SPREAD,30
2019-06-28 15:51:36.406267185,BEST_BID,"JPM,100868,166"
2019-06-28 15:51:36.406267185,BEST_ASK,"JPM,101825,274"
2019-06-28 15:51:40.000000000,QUERY_SPREAD,1
2019-06-28 15:51:40.000000000,BEST_BID,"JPM,100868,182"
2019-06-28 15:51:40.000000000,BEST_ASK,"JPM,101825,208"
2019-06-28 15:51:40.000000000,BEST_BID,"JPM,100868,182"
2019-06-28 15:51:40.000000000,BEST_ASK,"JPM,101825,208"
2019-06-28 15:51:40.000000000,BEST_BID,"JPM,100868,182"
2019-06-28 15:51:40.000000000,BEST_ASK,"JPM,101825,208"
2019-06-28 15:51:40.000000000,BEST_BID,"JPM,100868,182"
2019-06-28 15:51:40.000000000,BEST_ASK,"JPM,101825,208"
2019-06-28 15:51:40.000000000,BEST_BID,"JPM,100868,182"
2019-06-28 15:51:40.000000000,BEST_ASK,"JPM,101825,290"
2019-06-28 15:51:40.000000000,BEST_BID,"JPM,100868,182"
2019-06-28 15:51:40.000000000,BEST_ASK,"JPM,101825,290"
2019-06-28 15:51:40.000000000,BEST_BID,"JPM,100868,182"
2019-06-28 15:51:40.000000000,BEST_ASK,"JPM,101825,290"
2019-06-28 15:51:40.000000000,BEST_BID,"JPM,100868,182"
2019-06-28 15:51:40.000000000,BEST_ASK,"JPM,101825,290"
2019-06-28 15:51:50.000000000,QUERY_SPREAD,1
2019-06-28 15:51:50.000000000,BEST_BID,"JPM,100868,212"
2019-06-28 15:51:50.000000000,BEST_ASK,"JPM,101825,208"
2019-06-28 15:51:50.000000000,BEST_BID,"JPM,100868,212"
2019-06-28 15:51:50.000000000,BEST_ASK,"JPM,101825,208"
2019-06-28 15:51:50.000000000,BEST_BID,"JPM,100868,212"
2019-06-28 15:51:50.000000000,BEST_ASK,"JPM,101825,208"
2019-06-28 15:51:50.000000000,BEST_BID,"JPM,100868,212"
2019-06-28 15:51:50.000000000,BEST_ASK,"JPM,101825,320"
2019-06-28 15:51:50.000000000,BEST_BID,"JPM,100868,212"
2019-06-28 15:51:50.000000000,BEST_ASK,"JPM,101825,320"
2019-06-28 15:51:50.000000000,BEST_BID,"JPM,100868,212"
2019-06-28 15:51:50.000000000,BEST_ASK,"JPM,101825,320"
2019-06-28 15:51:59.036789353,QUERY_SPREAD,50
2019-06-28 15:51:59.036789353,BEST_BID,"JPM,100868,112"
2019-06-28 15:51:59.036789353,BEST_ASK,"JPM,101825,320"
2019-06-28 15:51:59.036789353,LAST_TRADE,"100,$100868.0000"
2019-06-28 15:52:00.000000000,QUERY_SPREAD,1
2019-06-28 15:52:00.000000000,BEST_BID,"JPM,100386,428"
2019-06-28 15:52:00.000000000,BEST_ASK,"JPM,101825,208"
2019-06-28 15:52:00.000000000,BEST_BID,"JPM,100386,428"
2019-06-28 15:52:00.000000000,BEST_ASK,"JPM,101825,536"
2019-06-28 15:52:00.000000000,QUERY_SPREAD,77
2019-06-28 15:52:00.000000000,BEST_BID,"JPM,100386,428"
2019-06-28 15:52:00.000000000,BEST_ASK,"JPM,101825,532"
2019-06-28 15:52:00.000000000,LAST_TRADE,"4,$101825.0000"
2019-06-28 15:52:00.000000000,QUERY_SPREAD,78
2019-06-28 15:52:00.000000000,BEST_BID,"JPM,100386,428"
2019-06-28 15:52:00.000000000,BEST_ASK,"JPM,101825,524"
2019-06-28 15:52:00.000000000,LAST_TRADE,"8,$101825.0000"
2019-06-28 15:52:00.000000000,QUERY_SPREAD,79
2019-06-28 15:52:00.000000000,BEST_BID,"JPM,100386,428"
2019-06-28 15:52:00.000000000,BEST_ASK,"JPM,101825,523"
2019-06-28 15:52:00.000000000,LAST_TRADE,"1,$101825.0000"
2019-06-28 15:52:00.000000000,QUERY_SPREAD,80
2019-06-28 15:52:00.000000000,BEST_BID,"JPM,100386,428"
2019-06-28 15:52:00.000000000,BEST_ASK,"JPM,101825,518"
2019-06-28 15:52:00.000000000,LAST_TRADE,"5,$101825.0000"
2019-06-28 15:52:00.000000000,QUERY_SPREAD,81
2019-06-28 15:52:00.000000000,BEST_BID,"JPM,100386,428"
2019-06-28 15:52:00.000000000,BEST_ASK,"JPM,101825,513"
2019-06-28 15:52:00.000000000,LAST_TRADE,"5,$101825.0000"
2019-06-28 15:52:00.000000000,QUERY_SPREAD,82
2019-06-28 15:52:00.000000000,BEST_BID,"JPM,100386,428"
2019-06-28 15:52:00.000000000,BEST_ASK,"JPM,101825,507"
2019-06-28 15:52:00.000000000,LAST_TRADE,"6,$101825.0000"
2019-06-28 15:52:00.000000000,QUERY_SPREAD,83
2019-06-28 15:52:00.000000000,BEST_BID,"JPM,100386,428"
2019-06-28 15:52:00.000000000,BEST_ASK,"JPM,101825,503"
2019-06-28 15:52:00.000000000,LAST_TRADE,"4,$101825.0000"
2019-06-28 15:52:00.000000000,QUERY_SPREAD,84
2019-06-28 15:52:00.000000000,BEST_BID,"JPM,100386,428"
2019-06-28 15:52:00.000000000,BEST_ASK,"JPM,101825,498"
2019-06-28 15:52:00.000000000,LAST_TRADE,"5,$101825.0000"
2019-06-28 15:52:00.000000000,QUERY_SPREAD,85
2019-06-28 15:52:00.000000000,BEST_BID,"JPM,100386,428"
2019-06-28 15:52:00.000000000,BEST_ASK,"JPM,101825,493"
2019-06-28 15:52:00.000000000,LAST_TRADE,"5,$101825.0000"
2019-06-28 15:52:00.000000000,QUERY_SPREAD,86
2019-06-28 15:52:00.000000000,BEST_BID,"JPM,100386,428"
2019-06-28 15:52:00.000000000,BEST_ASK,"JPM,101825,484"
2019-06-28 15:52:00.000000000,LAST_TRADE,"9,$101825.0000"
2019-06-28 15:52:00.000000000,QUERY_SPREAD,87
2019-06-28 15:52:00.000000000,BEST_BID,"JPM,100386,428"
2019-06-28 15:52:00.000000000,BEST_ASK,"JPM,101825,482"
2019-06-28 15:52:00.000000000,LAST_TRADE,"2,$101825.0000"
2019-06-28 15:52:00.000000000,QUERY_SPREAD,88
2019-06-28 15:52:00.000000000,BEST_BID,"JPM,100386,428"
2019-06-28 15:52:00.000000000,BEST_ASK,"JPM,101825,474"
2019-06-28 15:52:00.000000000,LAST_TRADE,"8,$101825.0000"
2019-06-28 15:52:00.000000000,QUERY_SPREAD,89
2019-06-28 15:52:00.000000000,BEST_BID,"JPM,100386,428"
2019-06-28 15:52:00.000000000,BEST_ASK,"JPM,101825,467"
2019-06-28 15:52:00.000000000,LAST_TRADE,"7,$101825.0000"
2019-06-28 15:52:00.000000000,QUERY_SPREAD,90
2019-06-28 15:52:00.000000000,BEST_BID,"JPM,100386,428"
2019-06-28 15:52:00.000000000,BEST_ASK,"JPM,101825,461"
2019-06-28 15:52:00.000000000,LAST_TRADE,"6,$101825.0000"
2019-06-28 15:52:00.000000000,QUERY_SPREAD,91
2019-06-28 15:52:00.000000000,BEST_BID,"JPM,100386,428"
2019-06-28 15:52:00.000000000,BEST_ASK,"JPM,101825,456"
2019-06-28 15:52:00.000000000,LAST_TRADE,"5,$101825.0000"
2019-06-28 15:52:00.000000000,QUERY_SPREAD,92
2019-06-28 15:52:00.000000000,BEST_BID,"JPM,100386,428"
2019-06-28 15:52:00.000000000,BEST_ASK,"JPM,101825,455"
2019-06-28 15:52:00.000000000,LAST_TRADE,"1,$101825.0000"
2019-06-28 15:52:00.000000000,QUERY_SPREAD,93
2019-06-28 15:52:00.000000000,BEST_BID,"JPM,100386,428"
2019-06-28 15:52:00.000000000,BEST_ASK,"JPM,101825,453"
2019-06-28 15:52:00.000000000,LAST_TRADE,"2,$101825.0000"
2019-06-28 15:52:00.000000000,QUERY_SPREAD,94
2019-06-28 15:52:00.000000000,BEST_BID,"JPM,100386,428"
2019-06-28 15:52:00.000000000,BEST_ASK,"JPM,101825,451"
2019-06-28 15:52:00.000000000,LAST_TRADE,"2,$101825.0000"
2019-06-28 15:52:00.000000000,QUERY_SPREAD,95
2019-06-28 15:52:00.000000000,BEST_BID,"JPM,100386,428"
2019-06-28 15:52:00.000000000,BEST_ASK,"JPM,101825,444"
2019-06-28 15:52:00.000000000,LAST_TRADE,"7,$101825.0000"
2019-06-28 15:52:00.000000000,QUERY_SPREAD,96
2019-06-28 15:52:00.000000000,BEST_BID,"JPM,100386,428"
2019-06-28 15:52:00.000000000,BEST_ASK,"JPM,101825,437"
2019-06-28 15:52:00.000000000,LAST_TRADE,"7,$101825.0000"
2019-06-28 15:52:00.000000000,QUERY_SPREAD,97
2019-06-28 15:52:00.000000000,BEST_BID,"JPM,100386,428"
2019-06-28 15:52:00.000000000,BEST_ASK,"JPM,101825,431"
2019-06-28 15:52:00.000000000,LAST_TRADE,"6,$101825.0000"
2019-06-28 15:52:00.000000000,QUERY_SPREAD,98
2019-06-28 15:52:00.000000000,BEST_BID,"JPM,100386,428"
2019-06-28 15:52:00.000000000,BEST_ASK,"JPM,101825,427"
2019-06-28 15:52:00.000000000,LAST_TRADE,"4,$101825.0000"
2019-06-28 15:52:00.000000000,QUERY_SPREAD,99
2019-06-28 15:52:00.000000000,BEST_BID,"JPM,100386,428"
2019-06-28 15:52:00.000000000,BEST_ASK,"JPM,101825,425"
2019-06-28 15:52:00.000000000,LAST_TRADE,"2,$101825.0000"
2019-06-28 15:52:00.000000000,QUERY_SPREAD,100
2019-06-28 15:52:00.000000000,BEST_BID,"JPM,100386,428"
2019-06-28 15:52:00.000000000,BEST_ASK,"JPM,101825,419"
2019-06-28 15:52:00.000000000,LAST_TRADE,"6,$101825.0000"
2019-06-28 15:52:00.000000000,QUERY_SPREAD,101
2019-06-28 15:52:00.000000000,QUERY_ORDER_STREAM,101
2019-06-28 15:52:10.000000000,QUERY_SPREAD,1
2019-06-28 15:52:10.000000000,BEST_BID,"JPM,100386,182"
2019-06-28 15:52:10.000000000,BEST_ASK,"JPM,101825,91"
2019-06-28 15:52:10.000000000,BEST_BID,"JPM,100386,182"
2019-06-28 15:52:10.000000000,BEST_ASK,"JPM,101825,91"
2019-06-28 15:52:10.000000000,BEST_BID,"JPM,100386,182"
2019-06-28 15:52:10.000000000,BEST_ASK,"JPM,101825,91"
2019-06-28 15:52:10.000000000,BEST_BID,"JPM,100386,182"
2019-06-28 15:52:10.000000000,BEST_ASK,"JPM,101825,91"
2019-06-28 15:52:10.000000000,BEST_BID,"JPM,100386,182"
2019-06-28 15:52:10.000000000,BEST_ASK,"JPM,101825,173"
2019-06-28 15:52:10.000000000,BEST_BID,"JPM,100386,182"
2019-06-28 15:52:10.000000000,BEST_ASK,"JPM,101825,173"
2019-06-28 15:52:10.000000000,BEST_BID,"JPM,100386,182"
2019-06-28 15:52:10.000000000,BEST_ASK,"JPM,101825,173"
2019-06-28 15:52:10.000000000,BEST_BID,"JPM,100386,182"
2019-06-28 15:52:10.000000000,BEST_ASK,"JPM,101825,173"
2019-06-28 15:52:19.608594686,QUERY_SPREAD,17
2019-06-28 15:52:19.608594686,BEST_BID,"JPM,100398,100"
2019-06-28 15:52:19.608594686,BEST_ASK,"JPM,101825,173"
2019-06-28 15:52:20.000000000,QUERY_SPREAD,1
2019-06-28 15:52:20.000000000,BEST_BID,"JPM,100398,166"
2019-06-28 15:52:20.000000000,BEST_ASK,"JPM,101825,91"
2019-06-28 15:52:20.000000000,BEST_BID,"JPM,100398,166"
2019-06-28 15:52:20.000000000,BEST_ASK,"JPM,101825,91"
2019-06-28 15:52:20.000000000,BEST_BID,"JPM,100398,166"
2019-06-28 15:52:20.000000000,BEST_ASK,"JPM,101825,91"
2019-06-28 15:52:20.000000000,BEST_BID,"JPM,100398,166"
2019-06-28 15:52:20.000000000,BEST_ASK,"JPM,101825,91"
2019-06-28 15:52:20.000000000,BEST_BID,"JPM,100398,166"
2019-06-28 15:52:20.000000000,BEST_ASK,"JPM,101825,91"
2019-06-28 15:52:20.000000000,BEST_BID,"JPM,100398,166"
2019-06-28 15:52:20.000000000,BEST_ASK,"JPM,101825,157"
2019-06-28 15:52:20.000000000,BEST_BID,"JPM,100398,166"
2019-06-28 15:52:20.000000000,BEST_ASK,"JPM,101825,157"
2019-06-28 15:52:20.000000000,BEST_BID,"JPM,100398,166"
2019-06-28 15:52:20.000000000,BEST_ASK,"JPM,101825,157"
2019-06-28 15:52:20.000000000,BEST_BID,"JPM,100398,166"
2019-06-28 15:52:20.000000000,BEST_ASK,"JPM,101825,157"
2019-06-28 15:52:20.000000000,BEST_BID,"JPM,100398,166"
2019-06-28 15:52:20.000000000,BEST_ASK,"JPM,101825,157"
2019-06-28 15:52:23.769628797,QUERY_SPREAD,49
2019-06-28 15:52:23.769628797,BEST_BID,"JPM,100398,66"
2019-06-28 15:52:23.769628797,BEST_ASK,"JPM,101825,157"
2019-06-28 15:52:23.769628797,LAST_TRADE,"100,$100398.0000"
2019-06-28 15:52:26.296401782,QUERY_ORDER_STREAM,53
2019-06-28 15:52:26.296401782,QUERY_SPREAD,53
2019-06-28 15:52:26.296401782,BEST_BID,"JPM,100398,66"
2019-06-28 15:52:26.296401782,BEST_ASK,"JPM,101824,100"
2019-06-28 15:52:30.000000000,QUERY_SPREAD,1
2019-06-28 15:52:30.000000000,BEST_BID,"JPM,100386,182"
2019-06-28 15:52:30.000000000,BEST_ASK,"JPM,101824,100"
2019-06-28 15:52:30.000000000,BEST_BID,"JPM,100386,182"
2019-06-28 15:52:30.000000000,BEST_ASK,"JPM,101824,100"
2019-06-28 15:52:30.000000000,BEST_BID,"JPM,100386,182"
2019-06-28 15:52:30.000000000,BEST_ASK,"JPM,101824,100"
2019-06-28 15:52:30.000000000,BEST_BID,"JPM,100386,182"
2019-06-28 15:52:30.000000000,BEST_ASK,"JPM,101824,100"
2019-06-28 15:52:30.000000000,BEST_BID,"JPM,100386,182"
2019-06-28 15:52:30.000000000,BEST_ASK,"JPM,101824,182"
2019-06-28 15:52:30.000000000,BEST_BID,"JPM,100386,182"
2019-06-28 15:52:30.000000000,BEST_ASK,"JPM,101824,182"
2019-06-28 15:52:30.000000000,BEST_BID,"JPM,100386,182"
2019-06-28 15:52:30.000000000,BEST_ASK,"JPM,101824,182"
2019-06-28 15:52:30.000000000,BEST_BID,"JPM,100386,182"
2019-06-28 15:52:30.000000000,BEST_ASK,"JPM,101824,182"
2019-06-28 15:52:40.000000000,QUERY_SPREAD,1
2019-06-28 15:52:40.000000000,BEST_BID,"JPM,100386,182"
2019-06-28 15:52:40.000000000,BEST_ASK,"JPM,101824,100"
2019-06-28 15:52:40.000000000,BEST_BID,"JPM,100386,182"
2019-06-28 15:52:40.000000000,BEST_ASK,"JPM,101824,100"
2019-06-28 15:52:40.000000000,BEST_BID,"JPM,100386,182"
2019-06-28 15:52:40.000000000,BEST_ASK,"JPM,101824,100"
2019-06-28 15:52:40.000000000,BEST_BID,"JPM,100386,182"
2019-06-28 15:52:40.000000000,BEST_ASK,"JPM,101824,100"
2019-06-28 15:52:40.000000000,BEST_BID,"JPM,100386,182"
2019-06-28 15:52:40.000000000,BEST_ASK,"JPM,101824,182"
2019-06-28 15:52:40.000000000,BEST_BID,"JPM,100386,182"
2019-06-28 15:52:40.000000000,BEST_ASK,"JPM,101824,182"
2019-06-28 15:52:40.000000000,BEST_BID,"JPM,100386,182"
2019-06-28 15:52:40.000000000,BEST_ASK,"JPM,101824,182"
2019-06-28 15:52:40.000000000,BEST_BID,"JPM,100386,182"
2019-06-28 15:52:40.000000000,BEST_ASK,"JPM,101824,182"
2019-06-28 15:52:46.169060499,QUERY_ORDER_STREAM,53
2019-06-28 15:52:46.169060499,QUERY_SPREAD,53
2019-06-28 15:52:46.169060499,BEST_BID,"JPM,100386,182"
2019-06-28 15:52:46.169060499,BEST_ASK,"JPM,101824,182"
2019-06-28 15:52:50.000000000,QUERY_SPREAD,1
2019-06-28 15:52:50.000000000,BEST_BID,"JPM,100386,182"
2019-06-28 15:52:50.000000000,BEST_ASK,"JPM,101824,100"
2019-06-28 15:52:50.000000000,BEST_BID,"JPM,100386,182"
2019-06-28 15:52:50.000000000,BEST_ASK,"JPM,101824,100"
2019-06-28 15:52:50.000000000,BEST_BID,"JPM,100386,182"
2019-06-28 15:52:50.000000000,BEST_ASK,"JPM,101824,100"
2019-06-28 15:52:50.000000000,BEST_BID,"JPM,100386,182"
2019-06-28 15:52:50.000000000,BEST_ASK,"JPM,101824,100"
2019-06-28 15:52:50.000000000,BEST_BID,"JPM,100386,182"
2019-06-28 15:52:50.000000000,BEST_ASK,"JPM,101824,182"
2019-06-28 15:52:50.000000000,BEST_BID,"JPM,100386,182"
2019-06-28 15:52:50.000000000,BEST_ASK,"JPM,101824,182"
2019-06-28 15:52:50.000000000,BEST_BID,"JPM,100386,182"
2019-06-28 15:52:50.000000000,BEST_ASK,"JPM,101824,182"
2019-06-28 15:52:50.000000000,BEST_BID,"JPM,100386,182"
2019-06-28 15:52:50.000000000,BEST_ASK,"JPM,101824,182"
2019-06-28 15:53:00.000000000,QUERY_SPREAD,1
2019-06-28 15:53:00.000000000,BEST_BID,"JPM,100386,428"
2019-06-28 15:53:00.000000000,BEST_ASK,"JPM,101824,100"
2019-06-28 15:53:00.000000000,BEST_BID,"JPM,100386,428"
2019-06-28 15:53:00.000000000,BEST_ASK,"JPM,101824,428"
2019-06-28 15:53:00.000000000,QUERY_SPREAD,77
2019-06-28 15:53:00.000000000,BEST_BID,"JPM,100386,428"
2019-06-28 15:53:00.000000000,BEST_ASK,"JPM,101824,424"
2019-06-28 15:53:00.000000000,LAST_TRADE,"4,$101824.0000"
2019-06-28 15:53:00.000000000,QUERY_SPREAD,78
2019-06-28 15:53:00.000000000,BEST_BID,"JPM,100386,428"
2019-06-28 15:53:00.000000000,BEST_ASK,"JPM,101824,416"
2019-06-28 15:53:00.000000000,LAST_TRADE,"8,$101824.0000"
2019-06-28 15:53:00.000000000,QUERY_SPREAD,79
2019-06-28 15:53:00.000000000,BEST_BID,"JPM,100386,428"
2019-06-28 15:53:00.000000000,BEST_ASK,"JPM,101824,415"
2019-06-28 15:53:00.000000000,LAST_TRADE,"1,$101824.0000"
2019-06-28 15:53:00.000000000,QUERY_SPREAD,80
2019-06-28 15:53:00.000000000,BEST_BID,"JPM,100386,428"
2019-06-28 15:53:00.000000000,BEST_ASK,"JPM,101824,410"
2019-06-28 15:53:00.000000000,LAST_TRADE,"5,$101824.0000"
2019-06-28 15:53:00.000000000,QUERY_SPREAD,81
2019-06-28 15:53:00.000000000,BEST_BID,"JPM,100386,428"
2019-06-28 15:53:00.000000000,BEST_ASK,"JPM,101824,405"
2019-06-28 15:53:00.000000000,LAST_TRADE,"5,$101824.0000"
2019-06-28 15:53:00.000000000,QUERY_SPREAD,82
2019-06-28 15:53:00.000000000,BEST_BID,"JPM,100386,428"
2019-06-28 15:53:00.000000000,BEST_ASK,"JPM,101824,399"
2019-06-28 15:53:00.000000000,LAST_TRADE,"6,$101824.0000"
2019-06-28 15:53:00.000000000,QUERY_SPREAD,83
2019-06-28 15:53:00.000000000,BEST_BID,"JPM,100386,428"
2019-06-28 15:53:00.000000000,BEST_ASK,"JPM,101824,395"
2019-06-28 15:53:00.000000000,LAST_TRADE,"4,$101824.0000"
2019-06-28 15:53:00.000000000,QUERY_SPREAD,84
2019-06-28 15:53:00.000000000,BEST_BID,"JPM,100386,428"
2019-06-28 15:53:00.000000000,BEST_ASK,"JPM,101824,390"
2019-06-28 15:53:00.000000000,LAST_TRADE,"5,$101824.0000"
2019-06-28 15:53:00.000000000,QUERY_SPREAD,85
2019-06-28 15:53:00.000000000,BEST_BID,"JPM,100386,428"
2019-06-28 15:53:00.000000000,BEST_ASK,"JPM,101824,385"
2019-06-28 15:53:00.000000000,LAST_TRADE,"5,$101824.0000"
2019-06-28 15:53:00.000000000,QUERY_SPREAD,86
2019-06-28 15:53:00.000000000,BEST_BID,"JPM,100386,428"
2019-06-28 15:53:00.000000000,BEST_ASK,"JPM,101824,376"
2019-06-28 15:53:00.000000000,LAST_TRADE,"9,$101824.0000"
2019-06-28 15:53:00.000000000,QUERY_SPREAD,87
2019-06-28 15:53:00.000000000,BEST_BID,"JPM,100386,428"
2019-06-28 15:53:00.000000000,BEST_ASK,"JPM,101824,374"
2019-06-28 15:53:00.000000000,LAST_TRADE,"2,$101824.0000"
2019-06-28 15:53:00.000000000,QUERY_SPREAD,88
2019-06-28 15:53:00.000000000,BEST_BID,"JPM,100386,428"
2019-06-28 15:53:00.000000000,BEST_ASK,"JPM,101824,366"
2019-06-28 15:53:00.000000000,LAST_TRADE,"8,$101824.0000"
2019-06-28 15:53:00.000000000,QUERY_SPREAD,89
2019-06-28 15:53:00.000000000,BEST_BID,"JPM,100386,428"
2019-06-28 15:53:00.000000000,BEST_ASK,"JPM,101824,359"
2019-06-28 15:53:00.000000000,LAST_TRADE,"7,$101824.0000"
2019-06-28 15:53:00.000000000,QUERY_SPREAD,90
2019-06-28 15:53:00.000000000,BEST_BID,"JPM,100386,428"
2019-06-28 15:53:00.000000000,BEST_ASK,"JPM,101824,353"
2019-06-28 15:53:00.000000000,LAST_TRADE,"6,$101824.0000"
2019-06-28 15:53:00.000000000,QUERY_SPREAD,91
2019-06-28 15:53:00.000000000,BEST_BID,"JPM,100386,428"
2019-06-28 15:53:00.000000000,BEST_ASK,"JPM,101824,348"
2019-06-28 15:53:00.000000000,LAST_TRADE,"5,$101824.0000"
2019-06-28 15:53:00.000000000,QUERY_SPREAD,92
2019-06-28 15:53:00.000000000,BEST_BID,"JPM,100386,428"
2019-06-28 15:53:00.000000000,BEST_ASK,"JPM,101824,347"
2019-06-28 15:53:00.000000000,LAST_TRADE,"1,$101824.0000"
2019-06-28 15:53:00.000000000,QUERY_SPREAD,93
2019-06-28 15:53:00.000000000,BEST_BID,"JPM,100386,428"
2019-06-28 15:53:00.000000000,BEST_ASK,"JPM,101824,345"
2019-06-28 15:53:00.000000000,LAST_TRADE,"2,$101824.0000"
2019-06-28 15:53:00.000000000,QUERY_SPREAD,94
2019-06-28 15:53:00.000000000,BEST_BID,"JPM,100386,428"
2019-06-28 15:53:00.000000000,BEST_ASK,"JPM,101824,343"
2019-06-28 15:53:00.000000000,LAST_TRADE,"2,$101824.0000"
2019-06-28 15:53:00.000000000,QUERY_SPREAD,95
2019-06-28 15:53:00.000000000,BEST_BID,"JPM,100386,428"
2019-06-28 15:53:00.000000000,BEST_ASK,"JPM,101824,336"
2019-06-28 15:53:00.000000000,LAST_TRADE,"7,$101824.0000"
2019-06-28 15:53:00.000000000,QUERY_SPREAD,96
2019-06-28 15:53:00.000000000,BEST_BID,"JPM,100386,428"
2019-06-28 15:53:00.000000000,BEST_ASK,"JPM,101824,329"
2019-06-28 15:53:00.000000000,LAST_TRADE,"7,$101824.0000"
2019-06-28 15:53:00.000000000,QUERY_SPREAD,97
2019-06-28 15:53:00.000000000,BEST_BID,"JPM,100386,428"
2019-06-28 15:53:00.000000000,BEST_ASK,"JPM,101824,323"
2019-06-28 15:53:00.000000000,LAST_TRADE,"6,$101824.0000"
2019-06-28 15:53:00.000000000,QUERY_SPREAD,98
2019-06-28 15:53:00.000000000,BEST_BID,"JPM,100386,428"
2019-06-28 15:53:00.000000000,BEST_ASK,"JPM,101824,319"
2019-06-28 15:53:00.000000000,LAST_TRADE,"4,$101824.0000"
2019-06-28 15:53:00.000000000,QUERY_SPREAD,99
2019-06-28 15:53:00.000000000,BEST_BID,"JPM,100386,428"
2019-06-28 15:53:00.000000000,BEST_ASK,"JPM,101824,317"
2019-06-28 15:53:00.000000000,LAST_TRADE,"2,$101824.0000"
2019-06-28 15:53:00.000000000,QUERY_SPREAD,100
2019-06-28 15:53:00.000000000,BEST_BID,"JPM,100386,428"
2019-06-28 15:53:00.000000000,BEST_ASK,"JPM,101824,311"
2019-06-28 15:53:00.000000000,LAST_TRADE,"6,$101824.0000"
2019-06-28 15:53:00.000000000,QUERY_SPREAD,101
2019-06-28 15:53:00.000000000,QUERY_ORDER_STREAM,101
2019-06-28 15:53:03.054506601,QUERY_ORDER_STREAM,65
2019-06-28 15:53:03.054506601,QUERY_SPREAD,65
2019-06-28 15:53:03.054506601,BEST_BID,"JPM,100386,428"
2019-06-28 15:53:03.054506601,BEST_ASK,"JPM,101824,411"
2019-06-28 15:53:10.000000000,QUERY_SPREAD,1
2019-06-28 15:53:10.000000000,BEST_BID,"JPM,100386,264"
2019-06-28 15:53:10.000000000,BEST_ASK,"JPM,101824,100"
2019-06-28 15:53:10.000000000,BEST_BID,"JPM,100386,264"
2019-06-28 15:53:10.000000000,BEST_ASK,"JPM,101824,100"
2019-06-28 15:53:10.000000000,BEST_BID,"JPM,100386,264"
2019-06-28 15:53:10.000000000,BEST_ASK,"JPM,101824,264"
2019-06-28 15:53:10.000000000,BEST_BID,"JPM,100386,264"
2019-06-28 15:53:10.000000000,BEST_ASK,"JPM,101824,264"
2019-06-28 15:53:20.000000000,QUERY_SPREAD,1
2019-06-28 15:53:20.000000000,BEST_BID,"JPM,100386,212"
2019-06-28 15:53:20.000000000,BEST_ASK,"JPM,101824,100"
2019-06-28 15:53:20.000000000,BEST_BID,"JPM,100386,212"
2019-06-28 15:53:20.000000000,BEST_ASK,"JPM,101824,100"
2019-06-28 15:53:20.000000000,BEST_BID,"JPM,100386,212"
2019-06-28 15:53:20.000000000,BEST_ASK,"JPM,101824,100"
2019-06-28 15:53:20.000000000,BEST_BID,"JPM,100386,212"
2019-06-28 15:53:20.000000000,BEST_ASK,"JPM,101824,212"
2019-06-28 15:53:20.000000000,BEST_BID,"JPM,100386,212"
2019-06-28 15:53:20.000000000,BEST_ASK,"JPM,101824,212"
2019-06-28 15:53:20.000000000,BEST_BID,"JPM,100386,212"
2019-06-28 15:53:20.000000000,BEST_ASK,"JPM,101824,212"
2019-06-28 15:53:27.399896604,QUERY_SPREAD,12
2019-06-28 15:53:27.399896604,BEST_BID,"JPM,100386,212"
2019-06-28 15:53:27.399896604,BEST_ASK,"JPM,101824,212"
2019-06-28 15:53:28.267026300,QUERY_SPREAD,19
2019-06-28 15:53:28.267026300,BEST_BID,"JPM,100386,112"
2019-06-28 15:53:28.267026300,BEST_ASK,"JPM,101824,212"
2019-06-28 15:53:28.267026300,LAST_TRADE,"100,$100386.0000"
2019-06-28 15:53:30.000000000,QUERY_SPREAD,1
2019-06-28 15:53:30.000000000,BEST_BID,"JPM,100208,212"
2019-06-28 15:53:30.000000000,BEST_ASK,"JPM,101824,100"
2019-06-28 15:53:30.000000000,BEST_BID,"JPM,100208,212"
2019-06-28 15:53:30.000000000,BEST_ASK,"JPM,101824,100"
2019-06-28 15:53:30.000000000,BEST_BID,"JPM,100208,212"
2019-06-28 15:53:30.000000000,BEST_ASK,"JPM,101824,100"
2019-06-28 15:53:30.000000000,BEST_BID,"JPM,100208,212"
2019-06-28 15:53:30.000000000,BEST_ASK,"JPM,101824,212"
2019-06-28 15:53:30.000000000,BEST_BID,"JPM,100208,212"
2019-06-28 15:53:30.000000000,BEST_ASK,"JPM,101824,212"
2019-06-28 15:53:30.000000000,BEST_BID,"JPM,100208,212"
2019-06-28 15:53:30.000000000,BEST_ASK,"JPM,101824,212"
2019-06-28 15:53:34.735703156,QUERY_ORDER_STREAM,69
2019-06-28 15:53:34.735703156,QUERY_SPREAD,69
2019-06-28 15:53:34.735703156,BEST_BID,"JPM,100208,212"
2019-06-28 15:53:34.735703156,BEST_ASK,"JPM,101823,100"
2019-06-28 15:53:37.130686772,QUERY_SPREAD,13
2019-06-28 15:53:37.130686772,BEST_BID,"JPM,100208,212"
2019-06-28 15:53:37.130686772,BEST_ASK,"JPM,100261,100"
2019-06-28 15:53:40.000000000,QUERY_SPREAD,1
2019-06-28 15:53:40.000000000,BEST_BID,"JPM,100208,166"
2019-06-28 15:53:40.000000000,BEST_ASK,"JPM,100261,100"
2019-06-28 15:53:40.000000000,BEST_BID,"JPM,100208,166"
2019-06-28 15:53:40.000000000,BEST_ASK,"JPM,100261,100"
2019-06-28 15:53:40.000000000,BEST_BID,"JPM,100208,166"
2019-06-28 15:53:40.000000000,BEST_ASK,"JPM,100261,100"
2019-06-28 15:53:40.000000000,BEST_BID,"JPM,100208,166"
2019-06-28 15:53:40.000000000,BEST_ASK,"JPM,100261,100"
2019-06-28 15:53:40.000000000,BEST_BID,"JPM,100208,166"
2019-06-28 15:53:40.000000000,BEST_ASK,"JPM,100261,100"
2019-06-28 15:53:40.000000000,BEST_BID,"JPM,100208,166"
2019-06-28 15:53:40.000000000,BEST_ASK,"JPM,100261,166"
2019-06-28 15:53:40.000000000,BEST_BID,"JPM,100208,166"
2019-06-28 15:53:40.000000000,BEST_ASK,"JPM,100261,166"
2019-06-28 15:53:40.000000000,BEST_BID,"JPM,100208,166"
2019-06-28 15:53:40.000000000,BEST_ASK,"JPM,100261,166"
2019-06-28 15:53:40.000000000,BEST_BID,"JPM,100208,166"
2019-06-28 15:53:40.000000000,BEST_ASK,"JPM,100261,166"
2019-06-28 15:53:40.000000000,BEST_BID,"JPM,100208,166"
2019-06-28 15:53:40.000000000,BEST_ASK,"JPM,100261,166"
2019-06-28 15:53:47.335893094,QUERY_SPREAD,49
2019-06-28 15:53:47.335893094,BEST_BID,"JPM,100208,166"
2019-06-28 15:53:47.335893094,BEST_ASK,"JPM,100261,166"
2019-06-28 15:53:50.000000000,QUERY_SPREAD,1
2019-06-28 15:53:50.000000000,BEST_BID,"JPM,100208,212"
2019-06-28 15:53:50.000000000,BEST_ASK,"JPM,100261,100"
2019-06-28 15:53:50.000000000,BEST_BID,"JPM,100208,212"
2019-06-28 15:53:50.000000000,BEST_ASK,"JPM,100261,100"
2019-06-28 15:53:50.000000000,BEST_BID,"JPM,100208,212"
2019-06-28 15:53:50.000000000,BEST_ASK,"JPM,100261,100"
2019-06-28 15:53:50.000000000,BEST_BID,"JPM,100208,212"
2019-06-28 15:53:50.000000000,BEST_ASK,"JPM,100261,212"
2019-06-28 15:53:50.000000000,BEST_BID,"JPM,100208,212"
2019-06-28 15:53:50.000000000,BEST_ASK,"JPM,100261,212"
2019-06-28 15:53:50.000000000,BEST_BID,"JPM,100208,212"
2019-06-28 15:53:50.000000000,BEST_ASK,"JPM,100261,212"
2019-06-28 15:53:51.316867072,QUERY_SPREAD,24
2019-06-28 15:53:51.316867072,BEST_BID,"JPM,100208,212"
2019-06-28 15:53:51.316867072,BEST_ASK,"JPM,100261,212"
2019-06-28 15:54:00.000000000,QUERY_SPREAD,1
2019-06-28 15:54:00.000000000,BEST_BID,"JPM,100208,166"
2019-06-28 15:54:00.000000000,BEST_ASK,"JPM,100261,100"
2019-06-28 15:54:00.000000000,BEST_BID,"JPM,100208,166"
2019-06-28 15:54:00.000000000,BEST_ASK,"JPM,100261,100"
2019-06-28 15:54:00.000000000,BEST_BID,"JPM,100208,166"
2019-06-28 15:54:00.000000000,BEST_ASK,"JPM,100261,100"
2019-06-28 15:54:00.000000000,BEST_BID,"JPM,100208,166"
2019-06-28 15:54:00.000000000,BEST_ASK,"JPM,100261,100"
2019-06-28 15:54:00.000000000,BEST_BID,"JPM,100208,166"
2019-06-28 15:54:00.000000000,BEST_ASK,"JPM,100261,100"
2019-06-28 15:54:00.000000000,BEST_BID,"JPM,100208,166"
2019-06-28 15:54:00.000000000,BEST_ASK,"JPM,100261,166"
2019-06-28 15:54:00.000000000,BEST_BID,"JPM,100208,166"
2019-06-28 15:54:00.000000000,BEST_ASK,"JPM,100261,166"
2019-06-28 15:54:00.000000000,BEST_BID,"JPM,100208,166"
2019-06-28 15:54:00.000000000,BEST_ASK,"JPM,100261,166"
2019-06-28 15:54:00.000000000,BEST_BID,"JPM,100208,166"
2019-06-28 15:54:00.000000000,BEST_ASK,"JPM,100261,166"
2019-06-28 15:54:00.000000000,BEST_BID,"JPM,100208,166"
2019-06-28 15:54:00.000000000,BEST_ASK,"JPM,100261,166"
2019-06-28 15:54:00.000000000,QUERY_SPREAD,77
2019-06-28 15:54:00.000000000,BEST_BID,"JPM,100208,166"
2019-06-28 15:54:00.000000000,BEST_ASK,"JPM,100261,162"
2019-06-28 15:54:00.000000000,LAST_TRADE,"4,$100261.0000"
2019-06-28 15:54:00.000000000,QUERY_SPREAD,78
2019-06-28 15:54:00.000000000,BEST_BID,"JPM,100208,166"
2019-06-28 15:54:00.000000000,BEST_ASK,"JPM,100261,154"
2019-06-28 15:54:00.000000000,LAST_TRADE,"8,$100261.0000"
2019-06-28 15:54:00.000000000,QUERY_SPREAD,79
2019-06-28 15:54:00.000000000,BEST_BID,"JPM,100208,166"
2019-06-28 15:54:00.000000000,BEST_ASK,"JPM,100261,153"
2019-06-28 15:54:00.000000000,LAST_TRADE,"1,$100261.0000"
2019-06-28 15:54:00.000000000,QUERY_SPREAD,80
2019-06-28 15:54:00.000000000,BEST_BID,"JPM,100208,166"
2019-06-28 15:54:00.000000000,BEST_ASK,"JPM,100261,148"
2019-06-28 15:54:00.000000000,LAST_TRADE,"5,$100261.0000"
2019-06-28 15:54:00.000000000,QUERY_SPREAD,81
2019-06-28 15:54:00.000000000,BEST_BID,"JPM,100208,166"
2019-06-28 15:54:00.000000000,BEST_ASK,"JPM,100261,143"
2019-06-28 15:54:00.000000000,LAST_TRADE,"5,$100261.0000"
2019-06-28 15:54:00.000000000,QUERY_SPREAD,82
2019-06-28 15:54:00.000000000,BEST_BID,"JPM,100208,166"
2019-06-28 15:54:00.000000000,BEST_ASK,"JPM,100261,137"
2019-06-28 15:54:00.000000000,LAST_TRADE,"6,$100261.0000"
2019-06-28 15:54:00.000000000,QUERY_SPREAD,83
2019-06-28 15:54:00.000000000,BEST_BID,"JPM,100208,166"
2019-06-28 15:54:00.000000000,BEST_ASK,"JPM,100261,133"
2019-06-28 15:54:00.000000000,LAST_TRADE,"4,$100261.0000"
2019-06-28 15:54:00.000000000,QUERY_SPREAD,84
2019-06-28 15:54:00.000000000,BEST_BID,"JPM,100208,166"
2019-06-28 15:54:00.000000000,BEST_ASK,"JPM,100261,128"
2019-06-28 15:54:00.000000000,LAST_TRADE,"5,$100261.0000"
2019-06-28 15:54:00.000000000,QUERY_SPREAD,85
2019-06-28 15:54:00.000000000,BEST_BID,"JPM,100208,166"
2019-06-28 15:54:00.000000000,BEST_ASK,"JPM,100261,123"
2019-06-28 15:54:00.000000000,LAST_TRADE,"5,$100261.0000"
2019-06-28 15:54:00.000000000,QUERY_SPREAD,86
2019-06-28 15:54:00.000000000,BEST_BID,"JPM,100208,166"
2019-06-28 15:54:00.000000000,BEST_ASK,"JPM,100261,114"
2019-06-28 15:54:00.000000000,LAST_TRADE,"9,$100261.0000"
2019-06-28 15:54:00.000000000,QUERY_SPREAD,87
2019-06-28 15:54:00.000000000,BEST_BID,"JPM,100208,166"
2019-06-28 15:54:00.000000000,BEST_ASK,"JPM,100261,112"
2019-06-28 15:54:00.000000000,LAST_TRADE,"2,$100261.0000"
2019-06-28 15:54:00.000000000,QUERY_SPREAD,88
2019-06-28 15:54:00.000000000,BEST_BID,"JPM,100208,166"
2019-06-28 15:54:00.000000000,BEST_ASK,"JPM,100261,104"
2019-06-28 15:54:00.000000000,LAST_TRADE,"8,$100261.0000"
2019-06-28 15:54:00.000000000,QUERY_SPREAD,89
2019-06-28 15:54:00.000000000,BEST_BID,"JPM,100208,166"
2019-06-28 15:54:00.000000000,BEST_ASK,"JPM,100261,97"
2019-06-28 15:54:00.000000000,LAST_TRADE,"7,$100261.0000"
2019-06-28 15:54:00.000000000,QUERY_SPREAD,90
2019-06-28 15:54:00.000000000,BEST_BID,"JPM,100208,166"
2019-06-28 15:54:00.000000000,BEST_ASK,"JPM,100261,91"
2019-06-28 15:54:00.000000000,LAST_TRADE,"6,$100261.0000"
2019-06-28 15:54:00.000000000,QUERY_SPREAD,91
2019-06-28 15:54:00.000000000,BEST_BID,"JPM,100208,166"
2019-06-28 15:54:00.000000000,BEST_ASK,"JPM,100261,86"
2019-06-28 15:54:00.000000000,LAST_TRADE,"5,$100261.0000"
2019-06-28 15:54:00.000000000,QUERY_SPREAD,92
2019-06-28 15:54:00.000000000,BEST_BID,"JPM,100208,166"
2019-06-28 15:54:00.000000000,BEST_ASK,"JPM,100261,85"
2019-06-28 15:54:00.000000000,LAST_TRADE,"1,$100261.0000"
2019-06-28 15:54:00.000000000,QUERY_SPREAD,93
2019-06-28 15:54:00.000000000,BEST_BID,"JPM,100208,166"
2019-06-28 15:54:00.000000000,BEST_ASK,"JPM,100261,83"
2019-06-28 15:54:00.000000000,LAST_TRADE,"2,$100261.0000"
2019-06-28 15:54:00.000000000,QUERY_SPREAD,94
2019-06-28 15:54:00.000000000,BEST_BID,"JPM,100208,166"
2019-06-28 15:54:00.000000000,BEST_ASK,"JPM,100261,81"
2019-06-28 15:54:00.000000000,LAST_TRADE,"2,$100261.0000"
2019-06-28 15:54:00.000000000,QUERY_SPREAD,95
2019-06-28 15:54:00.000000000,BEST_BID,"JPM,100208,166"
2019-06-28 15:54:00.000000000,BEST_ASK,"JPM,100261,74"
2019-06-28 15:54:00.000000000,LAST_TRADE,"7,$100261.0000"
2019-06-28 15:54:00.000000000,QUERY_SPREAD,96
2019-06-28 15:54:00.000000000,BEST_BID,"JPM,100208,166"
2019-06-28 15:54:00.000000000,BEST_ASK,"JPM,100261,67"
2019-06-28 15:54:00.000000000,LAST_TRADE,"7,$100261.0000"
2019-06-28 15:54:00.000000000,QUERY_SPREAD,97
2019-06-28 15:54:00.000000000,BEST_BID,"JPM,100208,166"
2019-06-28 15:54:00.000000000,BEST_ASK,"JPM,100261,61"
2019-06-28 15:54:00.000000000,LAST_TRADE,"6,$100261.0000"
2019-06-28 15:54:00.000000000,QUERY_SPREAD,98
2019-06-28 15:54:00.000000000,BEST_BID,"JPM,100208,166"
2019-06-28 15:54:00.000000000,BEST_ASK,"JPM,100261,57"
2019-06-28 15:54:00.000000000,LAST_TRADE,"4,$100261.0000"
2019-06-28 15:54:00.000000000,QUERY_SPREAD,99
2019-06-28 15:54:00.000000000,BEST_BID,"JPM,100208,166"
2019-06-28 15:54:00.000000000,BEST_ASK,"JPM,100261,55"
2019-06-28 15:54:00.000000000,LAST_TRADE,"2,$100261.0000"
2019-06-28 15:54:00.000000000,QUERY_SPREAD,100
2019-06-28 15:54:00.000000000,BEST_BID,"JPM,100208,166"
2019-06-28 15:54:00.000000000,BEST_ASK,"JPM,100261,49"
2019-06-28 15:54:00.000000000,LAST_TRADE,"6,$100261.0000"
2019-06-28 15:54:00.000000000,QUERY_SPREAD,101
2019-06-28 15:54:00.000000000,QUERY_ORDER_STREAM,101
2019-06-28 15:54:10.000000000,QUERY_SPREAD,1
2019-06-28 15:54:10.000000000,BEST_BID,"JPM,100208,428"
2019-06-28 15:54:10.000000000,BEST_ASK,"JPM,100318,100"
2019-06-28 15:54:10.000000000,BEST_BID,"JPM,100208,428"
2019-06-28 15:54:10.000000000,BEST_ASK,"JPM,100318,428"
2019-06-28 15:54:15.859787663,QUERY_SPREAD,34
2019-06-28 15:54:15.859787663,BEST_BID,"JPM,100208,428"
2019-06-28 15:54:15.859787663,BEST_ASK,"JPM,100318,428"
2019-06-28 15:54:20.000000000,QUERY_SPREAD,1
2019-06-28 15:54:20.000000000,BEST_BID,"JPM,100208,212"
2019-06-28 15:54:20.000000000,BEST_ASK,"JPM,100318,100"
2019-06-28 15:54:20.000000000,BEST_BID,"JPM,100208,212"
2019-06-28 15:54:20.000000000,BEST_ASK,"JPM,100318,100"
2019-06-28 15:54:20.000000000,BEST_BID,"JPM,100208,212"
2019-06-28 15:54:20.000000000,BEST_ASK,"JPM,100318,100"
2019-06-28 15:54:20.000000000,BEST_BID,"JPM,100208,212"
2019-06-28 15:54:20.000000000,BEST_ASK,"JPM,100318,212"
2019-06-28 15:54:20.000000000,BEST_BID,"JPM,100208,212"
2019-06-28 15:54:20.000000000,BEST_ASK,"JPM,100318,212"
2019-06-28 15:54:20.000000000,BEST_BID,"JPM,100208,212"
2019-06-28 15:54:20.000000000,BEST_ASK,"JPM,100318,212"
2019-06-28 15:54:20.025146634,QUERY_ORDER_STREAM,53
2019-06-28 15:54:20.025146634,QUERY_SPREAD,53
2019-06-28 15:54:20.025146634,BEST_BID,"JPM,100261,100"
2019-06-28 15:54:20.025146634,BEST_ASK,"JPM,100318,212"
2019-06-28 15:54:30.000000000,QUERY_SPREAD,1
2019-06-28 15:54:30.000000000,BEST_BID,"JPM,100261,166"
2019-06-28 15:54:30.000000000,BEST_ASK,"JPM,100318,100"
2019-06-28 15:54:30.000000000,BEST_BID,"JPM,100261,166"
2019-06-28 15:54:30.000000000,BEST_ASK,"JPM,100318,100"
2019-06-28 15:54:30.000000000,BEST_BID,"JPM,100261,166"
2019-06-28 15:54:30.000000000,BEST_ASK,"JPM,100318,100"
2019-06-28 15:54:30.000000000,BEST_BID,"JPM,100261,166"
2019-06-28 15:54:30.000000000,BEST_ASK,"JPM,100318,100"
2019-06-28 15:54:30.000000000,BEST_BID,"JPM,100261,166"
2019-06-28 15:54:30.000000000,BEST_ASK,"JPM,100318,100"
2019-06-28 15:54:30.000000000,BEST_BID,"JPM,100261,166"
2019-06-28 15:54:30.000000000,BEST_ASK,"JPM,100318,166"
2019-06-28 15:54:30.000000000,BEST_BID,"JPM,100261,166"
2019-06-28 15:54:30.000000000,BEST_ASK,"JPM,100318,166"
2019-06-28 15:54:30.000000000,BEST_BID,"JPM,100261,166"
2019-06-28 15:54:30.000000000,BEST_ASK,"JPM,100318,166"
2019-06-28 15:54:30.000000000,BEST_BID,"JPM,100261,166"
2019-06-28 15:54:30.000000000,BEST_ASK,"JPM,100318,166"
2019-06-28 15:54:30.000000000,BEST_BID,"JPM,100261,166"
2019-06-28 15:54:30.000000000,BEST_ASK,"JPM,100318,166"
2019-06-28 15:54:31.414357712,QUERY_ORDER_STREAM,57
2019-06-28 15:54:31.414357712,QUERY_SPREAD,57
2019-06-28 15:54:40.000000000,QUERY_SPREAD,1
2019-06-28 15:54:40.000000000,BEST_BID,"JPM,100261,212"
2019-06-28 15:54:40.000000000,BEST_ASK,"JPM,100318,100"
2019-06-28 15:54:40.000000000,BEST_BID,"JPM,100261,212"
2019-06-28 15:54:40.000000000,BEST_ASK,"JPM,100318,100"
2019-06-28 15:54:40.000000000,BEST_BID,"JPM,100261,212"
2019-06-28 15:54:40.000000000,BEST_ASK,"JPM,100318,100"
2019-06-28 15:54:40.000000000,BEST_BID,"JPM,100261,212"
2019-06-28 15:54:40.000000000,BEST_ASK,"JPM,100318,212"
2019-06-28 15:54:40.000000000,BEST_BID,"JPM,100261,212"
2019-06-28 15:54:40.000000000,BEST_ASK,"JPM,100318,212"
2019-06-28 15:54:40.000000000,BEST_BID,"JPM,100261,212"
2019-06-28 15:54:40.000000000,BEST_ASK,"JPM,100318,212"
2019-06-28 15:54:50.000000000,QUERY_SPREAD,1
2019-06-28 15:54:50.000000000,BEST_BID,"JPM,100261,166"
2019-06-28 15:54:50.000000000,BEST_ASK,"JPM,100318,100"
2019-06-28 15:54:50.000000000,BEST_BID,"JPM,100261,166"
2019-06-28 15:54:50.000000000,BEST_ASK,"JPM,100318,100"
2019-06-28 15:54:50.000000000,BEST_BID,"JPM,100261,166"
2019-06-28 15:54:50.000000000,BEST_ASK,"JPM,100318,100"
2019-06-28 15:54:50.000000000,BEST_BID,"JPM,100261,166"
2019-06-28 15:54:50.000000000,BEST_ASK,"JPM,100318,100"
2019-06-28 15:54:50.000000000,BEST_BID,"JPM,100261,166"
2019-06-28 15:54:50.000000000,BEST_ASK,"JPM,100318,100"
2019-06-28 15:54:50.000000000,BEST_BID,"JPM,100261,166"
2019-06-28 15:54:50.000000000,BEST_ASK,"JPM,100318,166"
2019-06-28 15:54:50.000000000,BEST_BID,"JPM,100261,166"
2019-06-28 15:54:50.000000000,BEST_ASK,"JPM,100318,166"
2019-06-28 15:54:50.000000000,BEST_BID,"JPM,100261,166"
2019-06-28 15:54:50.000000000,BEST_ASK,"JPM,100318,166"
2019-06-28 15:54:50.000000000,BEST_BID,"JPM,100261,166"
2019-06-28 15:54:50.000000000,BEST_ASK,"JPM,100318,166"
2019-06-28 15:54:50.000000000,BEST_BID,"JPM,100261,166"
2019-06-28 15:54:50.000000000,BEST_ASK,"JPM,100318,166"
2019-06-28 15:55:00.000000000,QUERY_SPREAD,1
2019-06-28 15:55:00.000000000,BEST_BID,"JPM,100261,166"
2019-06-28 15:55:00.000000000,BEST_ASK,"JPM,100318,100"
2019-06-28 15:55:00.000000000,BEST_BID,"JPM,100261,166"
2019-06-28 15:55:00.000000000,BEST_ASK,"JPM,100318,100"
2019-06-28 15:55:00.000000000,BEST_BID,"JPM,100261,166"
2019-06-28 15:55:00.000000000,BEST_ASK,"JPM,100318,100"
2019-06-28 15:55:00.000000000,BEST_BID,"JPM,100261,166"
2019-06-28 15:55:00.000000000,BEST_ASK,"JPM,100318,100"
2019-06-28 15:55:00.000000000,BEST_BID,"JPM,100261,166"
2019-06-28 15:55:00.000000000,BEST_ASK,"JPM,100318,100"
2019-06-28 15:55:00.000000000,BEST_BID,"JPM,100261,166"
2019-06-28 15:55:00.000000000,BEST_ASK,"JPM,100318,166"
2019-06-28 15:55:00.000000000,BEST_BID,"JPM,100261,166"
2019-06-28 15:55:00.000000000,BEST_ASK,"JPM,100318,166"
2019-06-28 15:55:00.000000000,BEST_BID,"JPM,100261,166"
2019-06-28 15:55:00.000000000,BEST_ASK,"JPM,100318,166"
2019-06-28 15:55:00.000000000,BEST_BID,"JPM,100261,166"
2019-06-28 15:55:00.000000000,BEST_ASK,"JPM,100318,166"
2019-06-28 15:55:00.000000000,BEST_BID,"JPM,100261,166"
2019-06-28 15:55:00.000000000,BEST_ASK,"JPM,100318,166"
2019-06-28 15:55:00.000000000,QUERY_SPREAD,77
2019-06-28 15:55:00.000000000,BEST_BID,"JPM,100261,166"
2019-06-28 15:55:00.000000000,BEST_ASK,"JPM,100318,162"
2019-06-28 15:55:00.000000000,LAST_TRADE,"4,$100318.0000"
2019-06-28 15:55:00.000000000,QUERY_SPREAD,78
2019-06-28 15:55:00.000000000,BEST_BID,"JPM,100261,166"
2019-06-28 15:55:00.000000000,BEST_ASK,"JPM,100318,154"
2019-06-28 15:55:00.000000000,LAST_TRADE,"8,$100318.0000"
2019-06-28 15:55:00.000000000,QUERY_SPREAD,79
2019-06-28 15:55:00.000000000,BEST_BID,"JPM,100261,166"
2019-06-28 15:55:00.000000000,BEST_ASK,"JPM,100318,153"
2019-06-28 15:55:00.000000000,LAST_TRADE,"1,$100318.0000"
2019-06-28 15:55:00.000000000,QUERY_SPREAD,80
2019-06-28 15:55:00.000000000,BEST_BID,"JPM,100261,166"
2019-06-28 15:55:00.000000000,BEST_ASK,"JPM,100318,148"
2019-06-28 15:55:00.000000000,LAST_TRADE,"5,$100318.0000"
2019-06-28 15:55:00.000000000,QUERY_SPREAD,81
2019-06-28 15:55:00.000000000,BEST_BID,"JPM,100261,166"
2019-06-28 15:55:00.000000000,BEST_ASK,"JPM,100318,143"
2019-06-28 15:55:00.000000000,LAST_TRADE,"5,$100318.0000"
2019-06-28 15:55:00.000000000,QUERY_SPREAD,82
2019-06-28 15:55:00.000000000,BEST_BID,"JPM,100261,166"
2019-06-28 15:55:00.000000000,BEST_ASK,"JPM,100318,137"
2019-06-28 15:55:00.000000000,LAST_TRADE,"6,$100318.0000"
2019-06-28 15:55:00.000000000,QUERY_SPREAD,83
2019-06-28 15:55:00.000000000,BEST_BID,"JPM,100261,166"
2019-06-28 15:55:00.000000000,BEST_ASK,"JPM,100318,133"
2019-06-28 15:55:00.000000000,LAST_TRADE,"4,$100318.0000"
2019-06-28 15:55:00.000000000,QUERY_SPREAD,84
2019-06-28 15:55:00.000000000,BEST_BID,"JPM,100261,166"
2019-06-28 15:55:00.000000000,BEST_ASK,"JPM,100318,128"
2019-06-28 15:55:00.000000000,LAST_TRADE,"5,$100318.0000"
2019-06-28 15:55:00.000000000,QUERY_SPREAD,85
2019-06-28 15:55:00.000000000,BEST_BID,"JPM,100261,166"
2019-06-28 15:55:00.000000000,BEST_ASK,"JPM,100318,123"
2019-06-28 15:55:00.000000000,LAST_TRADE,"5,$100318.0000"
2019-06-28 15:55:00.000000000,QUERY_SPREAD,86
2019-06-28 15:55:00.000000000,BEST_BID,"JPM,100261,166"
2019-06-28 15:55:00.000000000,BEST_ASK,"JPM,100318,114"
2019-06-28 15:55:00.000000000,LAST_TRADE,"9,$100318.0000"
2019-06-28 15:55:00.000000000,QUERY_SPREAD,87
2019-06-28 15:55:00.000000000,BEST_BID,"JPM,100261,166"
2019-06-28 15:55:00.000000000,BEST_ASK,"JPM,100318,112"
2019-06-28 15:55:00.000000000,LAST_TRADE,"2,$100318.0000"
2019-06-28 15:55:00.000000000,QUERY_SPREAD,88
2019-06-28 15:55:00.000000000,BEST_BID,"JPM,100261,166"
2019-06-28 15:55:00.000000000,BEST_ASK,"JPM,100318,104"
2019-06-28 15:55:00.000000000,LAST_TRADE,"8,$100318.0000"
2019-06-28 15:55:00.000000000,QUERY_SPREAD,89
2019-06-28 15:55:00.000000000,BEST_BID,"JPM,100261,166"
2019-06-28 15:55:00.000000000,BEST_ASK,"JPM,100318,97"
2019-06-28 15:55:00.000000000,LAST_TRADE,"7,$100318.0000"
2019-06-28 15:55:00.000000000,QUERY_SPREAD,90
2019-06-28 15:55:00.000000000,BEST_BID,"JPM,100261,166"
2019-06-28 15:55:00.000000000,BEST_ASK,"JPM,100318,91"
2019-06-28 15:55:00.000000000,LAST_TRADE,"6,$100318.0000"
2019-06-28 15:55:00.000000000,QUERY_SPREAD,91
2019-06-28 15:55:00.000000000,BEST_BID,"JPM,100261,166"
2019-06-28 15:55:00.000000000,BEST_ASK,"JPM,100318,86"
2019-06-28 15:55:00.000000000,LAST_TRADE,"5,$100318.0000"
2019-06-28 15:55:00.000000000,QUERY_SPREAD,92
2019-06-28 15:55:00.000000000,BEST_BID,"JPM,100261,166"
2019-06-28 15:55:00.000000000,BEST_ASK,"JPM,100318,85"
2019-06-28 15:55:00.000000000,LAST_TRADE,"1,$100318.0000"
2019-06-28 15:55:00.000000000,QUERY_SPREAD,93
2019-06-28 15:55:00.000000000,BEST_BID,"JPM,100261,166"
2019-06-28 15:55:00.000000000,BEST_ASK,"JPM,100318,83"
2019-06-28 15:55:00.000000000,LAST_TRADE,"2,$100318.0000"
2019-06-28 15:55:00.000000000,QUERY_SPREAD,94
2019-06-28 15:55:00.000000000,BEST_BID,"JPM,100261,166"
2019-06-28 15:55:00.000000000,BEST_ASK,"JPM,100318,81"
2019-06-28 15:55:00.000000000,LAST_TRADE,"2,$100318.0000"
2019-06-28 15:55:00.000000000,QUERY_SPREAD,95
2019-06-28 15:55:00.000000000,BEST_BID,"JPM,100261,166"
2019-06-28 15:55:00.000000000,BEST_ASK,"JPM,100318,74"
2019-06-28 15:55:00.000000000,LAST_TRADE,"7,$100318.0000"
2019-06-28 15:55:00.000000000,QUERY_SPREAD,96
2019-06-28 15:55:00.000000000,BEST_BID,"JPM,100261,166"
2019-06-28 15:55:00.000000000,BEST_ASK,"JPM,100318,67"
2019-06-28 15:55:00.000000000,LAST_TRADE,"7,$100318.0000"
2019-06-28 15:55:00.000000000,QUERY_SPREAD,97
2019-06-28 15:55:00.000000000,BEST_BID,"JPM,100261,166"
2019-06-28 15:55:00.000000000,BEST_ASK,"JPM,100318,61"
2019-06-28 15:55:00.000000000,LAST_TRADE,"6,$100318.0000"
2019-06-28 15:55:00.000000000,QUERY_SPREAD,98
2019-06-28 15:55:00.000000000,BEST_BID,"JPM,100261,166"
2019-06-28 15:55:00.000000000,BEST_ASK,"JPM,100318,57"
2019-06-28 15:55:00.000000000,LAST_TRADE,"4,$100318.0000"
2019-06-28 15:55:00.000000000,QUERY_SPREAD,99
2019-06-28 15:55:00.000000000,BEST_BID,"JPM,100261,166"
2019-06-28 15:55:00.000000000,BEST_ASK,"JPM,100318,55"
2019-06-28 15:55:00.000000000,LAST_TRADE,"2,$100318.0000"
2019-06-28 15:55:00.000000000,QUERY_SPREAD,100
2019-06-28 15:55:00.000000000,BEST_BID,"JPM,100261,166"
2019-06-28 15:55:00.000000000,BEST_ASK,"JPM,100318,49"
2019-06-28 15:55:00.000000000,LAST_TRADE,"6,$100318.0000"
2019-06-28 15:55:00.000000000,QUERY_SPREAD,101
2019-06-28 15:55:00.000000000,QUERY_ORDER_STREAM,101
2019-06-28 15:55:04.449803210,QUERY_ORDER_STREAM,59
2019-06-28 15:55:04.449803210,QUERY_SPREAD,59
2019-06-28 15:55:10.000000000,QUERY_SPREAD,1
2019-06-28 15:55:10.000000000,BEST_BID,"JPM,100261,264"
2019-06-28 15:55:10.000000000,BEST_ASK,"JPM,101823,100"
2019-06-28 15:55:10.000000000,BEST_BID,"JPM,100261,264"
2019-06-28 15:55:10.000000000,BEST_ASK,"JPM,101823,100"
2019-06-28 15:55:10.000000000,BEST_BID,"JPM,100261,264"
2019-06-28 15:55:10.000000000,BEST_ASK,"JPM,101823,264"
2019-06-28 15:55:10.000000000,BEST_BID,"JPM,100261,264"
2019-06-28 15:55:10.000000000,BEST_ASK,"JPM,101823,264"
2019-06-28 15:55:20.000000000,QUERY_SPREAD,1
2019-06-28 15:55:20.000000000,BEST_BID,"JPM,100261,166"
2019-06-28 15:55:20.000000000,BEST_ASK,"JPM,101823,100"
2019-06-28 15:55:20.000000000,BEST_BID,"JPM,100261,166"
2019-06-28 15:55:20.000000000,BEST_ASK,"JPM,101823,100"
2019-06-28 15:55:20.000000000,BEST_BID,"JPM,100261,166"
2019-06-28 15:55:20.000000000,BEST_ASK,"JPM,101823,100"
2019-06-28 15:55:20.000000000,BEST_BID,"JPM,100261,166"
2019-06-28 15:55:20.000000000,BEST_ASK,"JPM,101823,100"
2019-06-28 15:55:20.000000000,BEST_BID,"JPM,100261,166"
2019-06-28 15:55:20.000000000,BEST_ASK,"JPM,101823,100"
2019-06-28 15:55:20.000000000,BEST_BID,"JPM,100261,166"
2019-06-28 15:55:20.000000000,BEST_ASK,"JPM,101823,166"
2019-06-28 15:55:20.000000000,BEST_BID,"JPM,100261,166"
2019-06-28 15:55:20.000000000,BEST_ASK,"JPM,101823,166"
2019-06-28 15:55:20.000000000,BEST_BID,"JPM,100261,166"
2019-06-28 15:55:20.000000000,BEST_ASK,"JPM,101823,166"
2019-06-28 15:55:20.000000000,BEST_BID,"JPM,100261,166"
2019-06-28 15:55:20.000000000,BEST_ASK,"JPM,101823,166"
2019-06-28 15:55:20.000000000,BEST_BID,"JPM,100261,166"
2019-06-28 15:55:20.000000000,BEST_ASK,"JPM,101823,166"
2019-06-28 15:55:30.000000000,QUERY_SPREAD,1
2019-06-28 15:55:30.000000000,BEST_BID,"JPM,100261,212"
2019-06-28 15:55:30.000000000,BEST_ASK,"JPM,101823,100"
2019-06-28 15:55:30.000000000,BEST_BID,"JPM,100261,212"
2019-06-28 15:55:30.000000000,BEST_ASK,"JPM,101823,100"
2019-06-28 15:55:30.000000000,BEST_BID,"JPM,100261,212"
2019-06-28 15:55:30.000000000,BEST_ASK,"JPM,101823,100"
2019-06-28 15:55:30.000000000,BEST_BID,"JPM,100261,212"
2019-06-28 15:55:30.000000000,BEST_ASK,"JPM,101823,212"
2019-06-28 15:55:30.000000000,BEST_BID,"JPM,100261,212"
2019-06-28 15:55:30.000000000,BEST_ASK,"JPM,101823,212"
2019-06-28 15:55:30.000000000,BEST_BID,"JPM,100261,212"
2019-06-28 15:55:30.000000000,BEST_ASK,"JPM,101823,212"
2019-06-28 15:55:36.255157498,QUERY_ORDER_STREAM,55
2019-06-28 15:55:36.255157498,QUERY_SPREAD,55
2019-06-28 15:55:36.255157498,BEST_BID,"JPM,100261,212"
2019-06-28 15:55:36.255157498,BEST_ASK,"JPM,100318,100"
2019-06-28 15:55:40.000000000,QUERY_SPREAD,1
2019-06-28 15:55:40.000000000,BEST_BID,"JPM,100261,264"
2019-06-28 15:55:40.000000000,BEST_ASK,"JPM,100318,100"
2019-06-28 15:55:40.000000000,BEST_BID,"JPM,100261,264"
2019-06-28 15:55:40.000000000,BEST_ASK,"JPM,100318,100"
2019-06-28 15:55:40.000000000,BEST_BID,"JPM,100261,264"
2019-06-28 15:55:40.000000000,BEST_ASK,"JPM,100318,264"
2019-06-28 15:55:40.000000000,BEST_BID,"JPM,100261,264"
2019-06-28 15:55:40.000000000,BEST_ASK,"JPM,100318,264"
2019-06-28 15:55:40.191428085,QUERY_SPREAD,9
2019-06-28 15:55:40.191428085,BEST_BID,"JPM,100261,264"
2019-06-28 15:55:40.191428085,BEST_ASK,"JPM,100318,264"
2019-06-28 15:55:50.000000000,QUERY_SPREAD,1
2019-06-28 15:55:50.000000000,BEST_BID,"JPM,100261,166"
2019-06-28 15:55:50.000000000,BEST_ASK,"JPM,100318,100"
2019-06-28 15:55:50.000000000,BEST_BID,"JPM,100261,166"
2019-06-28 15:55:50.000000000,BEST_ASK,"JPM,100318,100"
2019-06-28 15:55:50.000000000,BEST_BID,"JPM,100261,166"
2019-06-28 15:55:50.000000000,BEST_ASK,"JPM,100318,100"
2019-06-28 15:55:50.000000000,BEST_BID,"JPM,100261,166"
2019-06-28 15:55:50.000000000,BEST_ASK,"JPM,100318,100"
2019-06-28 15:55:50.000000000,BEST_BID,"JPM,100261,166"
2019-06-28 15:55:50.000000000,BEST_ASK,"JPM,100318,100"
2019-06-28 15:55:50.000000000,BEST_BID,"JPM,100261,166"
2019-06-28 15:55:50.000000000,BEST_ASK,"JPM,100318,166"
2019-06-28 15:55:50.000000000,BEST_BID,"JPM,100261,166"
2019-06-28 15:55:50.000000000,BEST_ASK,"JPM,100318,166"
2019-06-28 15:55:50.000000000,BEST_BID,"JPM,100261,166"
2019-06-28 15:55:50.000000000,BEST_ASK,"JPM,100318,166"
2019-06-28 15:55:50.000000000,BEST_BID,"JPM,100261,166"
2019-06-28 15:55:50.000000000,BEST_ASK,"JPM,100318,166"
2019-06-28 15:55:50.000000000,BEST_BID,"JPM,100261,166"
2019-06-28 15:55:50.000000000,BEST_ASK,"JPM,100318,166"
2019-06-28 15:55:59.118214631,QUERY_ORDER_STREAM,69
2019-06-28 15:55:59.118214631,QUERY_SPREAD,69
2019-06-28 15:55:59.118214631,BEST_BID,"JPM,100261,166"
2019-06-28 15:55:59.118214631,BEST_ASK,"JPM,100318,266"
2019-06-28 15:56:00.000000000,QUERY_SPREAD,1
2019-06-28 15:56:00.000000000,BEST_BID,"JPM,100261,264"
2019-06-28 15:56:00.000000000,BEST_ASK,"JPM,100318,200"
2019-06-28 15:56:00.000000000,BEST_BID,"JPM,100261,264"
2019-06-28 15:56:00.000000000,BEST_ASK,"JPM,100318,200"
2019-06-28 15:56:00.000000000,BEST_BID,"JPM,100261,264"
2019-06-28 15:56:00.000000000,BEST_ASK,"JPM,100318,364"
2019-06-28 15:56:00.000000000,BEST_BID,"JPM,100261,264"
2019-06-28 15:56:00.000000000,BEST_ASK,"JPM,100318,364"
2019-06-28 15:56:00.000000000,QUERY_SPREAD,77
2019-06-28 15:56:00.000000000,BEST_BID,"JPM,100261,264"
2019-06-28 15:56:00.000000000,BEST_ASK,"JPM,100318,360"
2019-06-28 15:56:00.000000000,LAST_TRADE,"4,$100318.0000"
2019-06-28 15:56:00.000000000,QUERY_SPREAD,78
2019-06-28 15:56:00.000000000,BEST_BID,"JPM,100261,264"
2019-06-28 15:56:00.000000000,BEST_ASK,"JPM,100318,352"
2019-06-28 15:56:00.000000000,LAST_TRADE,"8,$100318.0000"
2019-06-28 15:56:00.000000000,QUERY_SPREAD,79
2019-06-28 15:56:00.000000000,BEST_BID,"JPM,100261,264"
2019-06-28 15:56:00.000000000,BEST_ASK,"JPM,100318,351"
2019-06-28 15:56:00.000000000,LAST_TRADE,"1,$100318.0000"
2019-06-28 15:56:00.000000000,QUERY_SPREAD,80
2019-06-28 15:56:00.000000000,BEST_BID,"JPM,100261,264"
2019-06-28 15:56:00.000000000,BEST_ASK,"JPM,100318,346"
2019-06-28 15:56:00.000000000,LAST_TRADE,"5,$100318.0000"
2019-06-28 15:56:00.000000000,QUERY_SPREAD,81
2019-06-28 15:56:00.000000000,BEST_BID,"JPM,100261,264"
2019-06-28 15:56:00.000000000,BEST_ASK,"JPM,100318,341"
2019-06-28 15:56:00.000000000,LAST_TRADE,"5,$100318.0000"
2019-06-28 15:56:00.000000000,QUERY_SPREAD,82
2019-06-28 15:56:00.000000000,BEST_BID,"JPM,100261,264"
2019-06-28 15:56:00.000000000,BEST_ASK,"JPM,100318,335"
2019-06-28 15:56:00.000000000,LAST_TRADE,"6,$100318.0000"
2019-06-28 15:56:00.000000000,QUERY_SPREAD,83
2019-06-28 15:56:00.000000000,BEST_BID,"JPM,100261,264"
2019-06-28 15:56:00.000000000,BEST_ASK,"JPM,100318,331"
2019-06-28 15:56:00.000000000,LAST_TRADE,"4,$100318.0000"
2019-06-28 15:56:00.000000000,QUERY_SPREAD,84
2019-06-28 15:56:00.000000000,BEST_BID,"JPM,100261,264"
2019-06-28 15:56:00.000000000,BEST_ASK,"JPM,100318,326"
2019-06-28 15:56:00.000000000,LAST_TRADE,"5,$100318.0000"
2019-06-28 15:56:00.000000000,QUERY_SPREAD,85
2019-06-28 15:56:00.000000000,BEST_BID,"JPM,100261,264"
2019-06-28 15:56:00.000000000,BEST_ASK,"JPM,100318,321"
2019-06-28 15:56:00.000000000,LAST_TRADE,"5,$100318.0000"
2019-06-28 15:56:00.000000000,QUERY_SPREAD,86
2019-06-28 15:56:00.000000000,BEST_BID,"JPM,100261,264"
2019-06-28 15:56:00.000000000,BEST_ASK,"JPM,100318,312"
2019-06-28 15:56:00.000000000,LAST_TRADE,"9,$100318.0000"
2019-06-28 15:56:00.000000000,QUERY_SPREAD,87
2019-06-28 15:56:00.000000000,BEST_BID,"JPM,100261,264"
2019-06-28 15:56:00.000000000,BEST_ASK,"JPM,100318,310"
2019-06-28 15:56:00.000000000,LAST_TRADE,"2,$100318.0000"
2019-06-28 15:56:00.000000000,QUERY_SPREAD,88
2019-06-28 15:56:00.000000000,BEST_BID,"JPM,100261,264"
2019-06-28 15:56:00.000000000,BEST_ASK,"JPM,100318,302"
2019-06-28 15:56:00.000000000,LAST_TRADE,"8,$100318.0000"
2019-06-28 15:56:00.000000000,QUERY_SPREAD,89
2019-06-28 15:56:00.000000000,BEST_BID,"JPM,100261,264"
2019-06-28 15:56:00.000000000,BEST_ASK,"JPM,100318,295"
2019-06-28 15:56:00.000000000,LAST_TRADE,"7,$100318.0000"
2019-06-28 15:56:00.000000000,QUERY_SPREAD,90
2019-06-28 15:56:00.000000000,BEST_BID,"JPM,100261,264"
2019-06-28 15:56:00.000000000,BEST_ASK,"JPM,100318,289"
2019-06-28 15:56:00.000000000,LAST_TRADE,"6,$100318.0000"
2019-06-28 15:56:00.000000000,QUERY_SPREAD,91
2019-06-28 15:56:00.000000000,BEST_BID,"JPM,100261,264"
2019-06-28 15:56:00.000000000,BEST_ASK,"JPM,100318,284"
2019-06-28 15:56:00.000000000,LAST_TRADE,"5,$100318.0000"
2019-06-28 15:56:00.000000000,QUERY_SPREAD,92
2019-06-28 15:56:00.000000000,BEST_BID,"JPM,100261,264"
2019-06-28 15:56:00.000000000,BEST_ASK,"JPM,100318,283"
2019-06-28 15:56:00.000000000,LAST_TRADE,"1,$100318.0000"
2019-06-28 15:56:00.000000000,QUERY_SPREAD,93
2019-06-28 15:56:00.000000000,BEST_BID,"JPM,100261,264"
2019-06-28 15:56:00.000000000,BEST_ASK,"JPM,100318,281"
2019-06-28 15:56:00.000000000,LAST_TRADE,"2,$100318.0000"
2019-06-28 15:56:00.000000000,QUERY_SPREAD,94
2019-06-28 15:56:00.000000000,BEST_BID,"JPM,100261,264"
2019-06-28 15:56:00.000000000,BEST_ASK,"JPM,100318,279"
2019-06-28 15:56:00.000000000,LAST_TRADE,"2,$100318.0000"
2019-06-28 15:56:00.000000000,QUERY_SPREAD,95
2019-06-28 15:56:00.000000000,BEST_BID,"JPM,100261,264"
2019-06-28 15:56:00.000000000,BEST_ASK,"JPM,100318,272"
2019-06-28 15:56:00.000000000,LAST_TRADE,"7,$100318.0000"
2019-06-28 15:56:00.000000000,QUERY_SPREAD,96
2019-06-28 15:56:00.000000000,BEST_BID,"JPM,100261,264"
2019-06-28 15:56:00.000000000,BEST_ASK,"JPM,100318,265"
2019-06-28 15:56:00.000000000,LAST_TRADE,"7,$100318.0000"
2019-06-28 15:56:00.000000000,QUERY_SPREAD,97
2019-06-28 15:56:00.000000000,BEST_BID,"JPM,100261,264"
2019-06-28 15:56:00.000000000,BEST_ASK,"JPM,100318,259"
2019-06-28 15:56:00.000000000,LAST_TRADE,"6,$100318.0000"
2019-06-28 15:56:00.000000000,QUERY_SPREAD,98
2019-06-28 15:56:00.000000000,BEST_BID,"JPM,100261,264"
2019-06-28 15:56:00.000000000,BEST_ASK,"JPM,100318,255"
2019-06-28 15:56:00.000000000,LAST_TRADE,"4,$100318.0000"
2019-06-28 15:56:00.000000000,QUERY_SPREAD,99
2019-06-28 15:56:00.000000000,BEST_BID,"JPM,100261,264"
2019-06-28 15:56:00.000000000,BEST_ASK,"JPM,100318,253"
2019-06-28 15:56:00.000000000,LAST_TRADE,"2,$100318.0000"
2019-06-28 15:56:00.000000000,QUERY_SPREAD,100
2019-06-28 15:56:00.000000000,BEST_BID,"JPM,100261,264"
2019-06-28 15:56:00.000000000,BEST_ASK,"JPM,100318,247"
2019-06-28 15:56:00.000000000,LAST_TRADE,"6,$100318.0000"
2019-06-28 15:56:00.000000000,QUERY_SPREAD,101
2019-06-28 15:56:00.000000000,QUERY_ORDER_STREAM,101
2019-06-28 15:56:10.000000000,QUERY_SPREAD,1
2019-06-28 15:56:10.000000000,BEST_BID,"JPM,100261,212"
2019-06-28 15:56:10.000000000,BEST_ASK,"JPM,100318,83"
2019-06-28 15:56:10.000000000,BEST_BID,"JPM,100261,212"
2019-06-28 15:56:10.000000000,BEST_ASK,"JPM,100318,83"
2019-06-28 15:56:10.000000000,BEST_BID,"JPM,100261,212"
2019-06-28 15:56:10.000000000,BEST_ASK,"JPM,100318,83"
2019-06-28 15:56:10.000000000,BEST_BID,"JPM,100261,212"
2019-06-28 15:56:10.000000000,BEST_ASK,"JPM,100318,195"
2019-06-28 15:56:10.000000000,BEST_BID,"JPM,100261,212"
2019-06-28 15:56:10.000000000,BEST_ASK,"JPM,100318,195"
2019-06-28 15:56:10.000000000,BEST_BID,"JPM,100261,212"
2019-06-28 15:56:10.000000000,BEST_ASK,"JPM,100318,195"
2019-06-28 15:56:20.000000000,QUERY_SPREAD,1
2019-06-28 15:56:20.000000000,BEST_BID,"JPM,100261,428"
2019-06-28 15:56:20.000000000,BEST_ASK,"JPM,100318,83"
2019-06-28 15:56:20.000000000,BEST_BID,"JPM,100261,428"
2019-06-28 15:56:20.000000000,BEST_ASK,"JPM,100318,411"
2019-06-28 15:56:30.000000000,QUERY_SPREAD,1
2019-06-28 15:56:30.000000000,BEST_BID,"JPM,100261,182"
2019-06-28 15:56:30.000000000,BEST_ASK,"JPM,100318,83"
2019-06-28 15:56:30.000000000,BEST_BID,"JPM,100261,182"
2019-06-28 15:56:30.000000000,BEST_ASK,"JPM,100318,83"
2019-06-28 15:56:30.000000000,BEST_BID,"JPM,100261,182"
2019-06-28 15:56:30.000000000,BEST_ASK,"JPM,100318,83"
2019-06-28 15:56:30.000000000,BEST_BID,"JPM,100261,182"
2019-06-28 15:56:30.000000000,BEST_ASK,"JPM,100318,83"
2019-06-28 15:56:30.000000000,BEST_BID,"JPM,100261,182"
2019-06-28 15:56:30.000000000,BEST_ASK,"JPM,100318,165"
2019-06-28 15:56:30.000000000,BEST_BID,"JPM,100261,182"
2019-06-28 15:56:30.000000000,BEST_ASK,"JPM,100318,165"
2019-06-28 15:56:30.000000000,BEST_BID,"JPM,100261,182"
2019-06-28 15:56:30.000000000,BEST_ASK,"JPM,100318,165"
2019-06-28 15:56:30.000000000,BEST_BID,"JPM,100261,182"
2019-06-28 15:56:30.000000000,BEST_ASK,"JPM,100318,165"
2019-06-28 15:56:40.000000000,QUERY_SPREAD,1
2019-06-28 15:56:40.000000000,BEST_BID,"JPM,100261,166"
2019-06-28 15:56:40.000000000,BEST_ASK,"JPM,100318,83"
2019-06-28 15:56:40.000000000,BEST_BID,"JPM,100261,166"
2019-06-28 15:56:40.000000000,BEST_ASK,"JPM,100318,83"
2019-06-28 15:56:40.000000000,BEST_BID,"JPM,100261,166"
2019-06-28 15:56:40.000000000,BEST_ASK,"JPM,100318,83"
2019-06-28 15:56:40.000000000,BEST_BID,"JPM,100261,166"
2019-06-28 15:56:40.000000000,BEST_ASK,"JPM,100318,83"
2019-06-28 15:56:40.000000000,BEST_BID,"JPM,100261,166"
2019-06-28 15:56:40.000000000,BEST_ASK,"JPM,100318,83"
2019-06-28 15:56:40.000000000,BEST_BID,"JPM,100261,166"
2019-06-28 15:56:40.000000000,BEST_ASK,"JPM,100318,149"
2019-06-28 15:56:40.000000000,BEST_BID,"JPM,100261,166"
2019-06-28 15:56:40.000000000,BEST_ASK,"JPM,100318,149"
2019-06-28 15:56:40.000000000,BEST_BID,"JPM,100261,166"
2019-06-28 15:56:40.000000000,BEST_ASK,"JPM,100318,149"
2019-06-28 15:56:40.000000000,BEST_BID,"JPM,100261,166"
2019-06-28 15:56:40.000000000,BEST_ASK,"JPM,100318,149"
2019-06-28 15:56:40.000000000,BEST_BID,"JPM,100261,166"
2019-06-28 15:56:40.000000000,BEST_ASK,"JPM,100318,149"
2019-06-28 15:56:48.021885778,QUERY_SPREAD,19
2019-06-28 15:56:48.021885778,BEST_BID,"JPM,100261,66"
2019-06-28 15:56:48.021885778,BEST_ASK,"JPM,100318,149"
2019-06-28 15:56:48.021885778,LAST_TRADE,"100,$100261.0000"
2019-06-28 15:56:50.000000000,QUERY_SPREAD,1
2019-06-28 15:56:50.000000000,BEST_BID,"JPM,100208,264"
2019-06-28 15:56:50.000000000,BEST_ASK,"JPM,100318,83"
2019-06-28 15:56:50.000000000,BEST_BID,"JPM,100208,264"
2019-06-28 15:56:50.000000000,BEST_ASK,"JPM,100318,83"
2019-06-28 15:56:50.000000000,BEST_BID,"JPM,100208,264"
2019-06-28 15:56:50.000000000,BEST_ASK,"JPM,100318,247"
2019-06-28 15:56:50.000000000,BEST_BID,"JPM,100208,264"
2019-06-28 15:56:50.000000000,BEST_ASK,"JPM,100318,247"
2019-06-28 15:56:53.794189316,QUERY_ORDER_STREAM,57
2019-06-28 15:56:53.794189316,QUERY_SPREAD,57
2019-06-28 15:57:00.000000000,QUERY_SPREAD,1
2019-06-28 15:57:00.000000000,BEST_BID,"JPM,100208,182"
2019-06-28 15:57:00.000000000,BEST_ASK,"JPM,100318,83"
2019-06-28 15:57:00.000000000,BEST_BID,"JPM,100208,182"
2019-06-28 15:57:00.000000000,BEST_ASK,"JPM,100318,83"
2019-06-28 15:57:00.000000000,BEST_BID,"JPM,100208,182"
2019-06-28 15:57:00.000000000,BEST_ASK,"JPM,100318,83"
2019-06-28 15:57:00.000000000,BEST_BID,"JPM,100208,182"
2019-06-28 15:57:00.000000000,BEST_ASK,"JPM,100318,83"
2019-06-28 15:57:00.000000000,BEST_BID,"JPM,100208,182"
2019-06-28 15:57:00.000000000,BEST_ASK,"JPM,100318,165"
2019-06-28 15:57:00.000000000,BEST_BID,"JPM,100208,182"
2019-06-28 15:57:00.000000000,BEST_ASK,"JPM,100318,165"
2019-06-28 15:57:00.000000000,BEST_BID,"JPM,100208,182"
2019-06-28 15:57:00.000000000,BEST_ASK,"JPM,100318,165"
2019-06-28 15:57:00.000000000,BEST_BID,"JPM,100208,182"
2019-06-28 15:57:00.000000000,BEST_ASK,"JPM,100318,165"
2019-06-28 15:57:00.000000000,QUERY_SPREAD,77
2019-06-28 15:57:00.000000000,BEST_BID,"JPM,100208,182"
2019-06-28 15:57:00.000000000,BEST_ASK,"JPM,100318,161"
2019-06-28 15:57:00.000000000,LAST_TRADE,"4,$100318.0000"
2019-06-28 15:57:00.000000000,QUERY_SPREAD,78
2019-06-28 15:57:00.000000000,BEST_BID,"JPM,100208,182"
2019-06-28 15:57:00.000000000,BEST_ASK,"JPM,100318,153"
2019-06-28 15:57:00.000000000,LAST_TRADE,"8,$100318.0000"
2019-06-28 15:57:00.000000000,QUERY_SPREAD,79
2019-06-28 15:57:00.000000000,BEST_BID,"JPM,100208,182"
2019-06-28 15:57:00.000000000,BEST_ASK,"JPM,100318,152"
2019-06-28 15:57:00.000000000,LAST_TRADE,"1,$100318.0000"
2019-06-28 15:57:00.000000000,QUERY_SPREAD,80
2019-06-28 15:57:00.000000000,BEST_BID,"JPM,100208,182"
2019-06-28 15:57:00.000000000,BEST_ASK,"JPM,100318,147"
2019-06-28 15:57:00.000000000,LAST_TRADE,"5,$100318.0000"
2019-06-28 15:57:00.000000000,QUERY_SPREAD,81
2019-06-28 15:57:00.000000000,BEST_BID,"JPM,100208,182"
2019-06-28 15:57:00.000000000,BEST_ASK,"JPM,100318,142"
2019-06-28 15:57:00.000000000,LAST_TRADE,"5,$100318.0000"
2019-06-28 15:57:00.000000000,QUERY_SPREAD,82
2019-06-28 15:57:00.000000000,BEST_BID,"JPM,100208,182"
2019-06-28 15:57:00.000000000,BEST_ASK,"JPM,100318,136"
2019-06-28 15:57:00.000000000,LAST_TRADE,"6,$100318.0000"
2019-06-28 15:57:00.000000000,QUERY_SPREAD,83
2019-06-28 15:57:00.000000000,BEST_BID,"JPM,100208,182"
2019-06-28 15:57:00.000000000,BEST_ASK,"JPM,100318,132"
2019-06-28 15:57:00.000000000,LAST_TRADE,"4,$100318.0000"
2019-06-28 15:57:00.000000000,QUERY_SPREAD,84
2019-06-28 15:57:00.000000000,BEST_BID,"JPM,100208,182"
2019-06-28 15:57:00.000000000,BEST_ASK,"JPM,100318,127"
2019-06-28 15:57:00.000000000,LAST_TRADE,"5,$100318.0000"
2019-06-28 15:57:00.000000000,QUERY_SPREAD,85
2019-06-28 15:57:00.000000000,BEST_BID,"JPM,100208,182"
2019-06-28 15:57:00.000000000,BEST_ASK,"JPM,100318,122"
2019-06-28 15:57:00.000000000,LAST_TRADE,"5,$100318.0000"
2019-06-28 15:57:00.000000000,QUERY_SPREAD,86
2019-06-28 15:57:00.000000000,BEST_BID,"JPM,100208,182"
2019-06-28 15:57:00.000000000,BEST_ASK,"JPM,100318,113"
2019-06-28 15:57:00.000000000,LAST_TRADE,"9,$100318.0000"
2019-06-28 15:57:00.000000000,QUERY_SPREAD,87
2019-06-28 15:57:00.000000000,BEST_BID,"JPM,100208,182"
2019-06-28 15:57:00.000000000,BEST_ASK,"JPM,100318,111"
2019-06-28 15:57:00.000000000,LAST_TRADE,"2,$100318.0000"
2019-06-28 15:57:00.000000000,QUERY_SPREAD,88
2019-06-28 15:57:00.000000000,BEST_BID,"JPM,100208,182"
2019-06-28 15:57:00.000000000,BEST_ASK,"JPM,100318,103"
2019-06-28 15:57:00.000000000,LAST_TRADE,"8,$100318.0000"
2019-06-28 15:57:00.000000000,QUERY_SPREAD,89
2019-06-28 15:57:00.000000000,BEST_BID,"JPM,100208,182"
2019-06-28 15:57:00.000000000,BEST_ASK,"JPM,100318,96"
2019-06-28 15:57:00.000000000,LAST_TRADE,"7,$100318.0000"
2019-06-28 15:57:00.000000000,QUERY_SPREAD,90
2019-06-28 15:57:00.000000000,BEST_BID,"JPM,100208,182"
2019-06-28 15:57:00.000000000,BEST_ASK,"JPM,100318,90"
2019-06-28 15:57:00.000000000,LAST_TRADE,"6,$100318.0000"
2019-06-28 15:57:00.000000000,QUERY_SPREAD,91
2019-06-28 15:57:00.000000000,BEST_BID,"JPM,100208,182"
2019-06-28 15:57:00.000000000,BEST_ASK,"JPM,100318,85"
2019-06-28 15:57:00.000000000,LAST_TRADE,"5,$100318.0000"
2019-06-28 15:57:00.000000000,QUERY_SPREAD,92
2019-06-28 15:57:00.000000000,BEST_BID,"JPM,100208,182"
2019-06-28 15:57:00.000000000,BEST_ASK,"JPM,100318,84"
2019-06-28 15:57:00.000000000,LAST_TRADE,"1,$100318.0000"
2019-06-28 15:57:00.000000000,QUERY_SPREAD,93
2019-06-28 15:57:00.000000000,BEST_BID,"JPM,100208,182"
2019-06-28 15:57:00.000000000,BEST_ASK,"JPM,100318,82"
2019-06-28 15:57:00.000000000,LAST_TRADE,"2,$100318.0000"
2019-06-28 15:57:00.000000000,QUERY_SPREAD,94
2019-06-28 15:57:00.000000000,BEST_BID,"JPM,100208,182"
2019-06-28 15:57:00.000000000,BEST_ASK,"JPM,100318,80"
2019-06-28 15:57:00.000000000,LAST_TRADE,"2,$100318.0000"
2019-06-28 15:57:00.000000000,QUERY_SPREAD,95
2019-06-28 15:57:00.000000000,BEST_BID,"JPM,100208,182"
2019-06-28 15:57:00.000000000,BEST_ASK,"JPM,100318,73"
2019-06-28 15:57:00.000000000,LAST_TRADE,"7,$100318.0000"
2019-06-28 15:57:00.000000000,QUERY_SPREAD,96
2019-06-28 15:57:00.000000000,BEST_BID,"JPM,100208,182"
2019-06-28 15:57:00.000000000,BEST_ASK,"JPM,100318,66"
2019-06-28 15:57:00.000000000,LAST_TRADE,"7,$100318.0000"
2019-06-28 15:57:00.000000000,QUERY_SPREAD,97
2019-06-28 15:57:00.000000000,BEST_BID,"JPM,100208,182"
2019-06-28 15:57:00.000000000,BEST_ASK,"JPM,100318,60"
2019-06-28 15:57:00.000000000,LAST_TRADE,"6,$100318.0000"
2019-06-28 15:57:00.000000000,QUERY_SPREAD,98
2019-06-28 15:57:00.000000000,BEST_BID,"JPM,100208,182"
2019-06-28 15:57:00.000000000,BEST_ASK,"JPM,100318,56"
2019-06-28 15:57:00.000000000,LAST_TRADE,"4,$100318.0000"
2019-06-28 15:57:00.000000000,QUERY_SPREAD,99
2019-06-28 15:57:00.000000000,BEST_BID,"JPM,100208,182"
2019-06-28 15:57:00.000000000,BEST_ASK,"JPM,100318,54"
2019-06-28 15:57:00.000000000,LAST_TRADE,"2,$100318.0000"
2019-06-28 15:57:00.000000000,QUERY_SPREAD,100
2019-06-28 15:57:00.000000000,BEST_BID,"JPM,100208,182"
2019-06-28 15:57:00.000000000,BEST_ASK,"JPM,100318,48"
2019-06-28 15:57:00.000000000,LAST_TRADE,"6,$100318.0000"
2019-06-28 15:57:00.000000000,QUERY_SPREAD,101
2019-06-28 15:57:00.000000000,QUERY_ORDER_STREAM,101
2019-06-28 15:57:00.908123893,QUERY_SPREAD,42
2019-06-28 15:57:00.908123893,BEST_BID,"JPM,100208,182"
2019-06-28 15:57:00.908123893,BEST_ASK,"JPM,100318,48"
2019-06-28 15:57:10.000000000,QUERY_SPREAD,1
2019-06-28 15:57:10.000000000,BEST_BID,"JPM,100208,182"
2019-06-28 15:57:10.000000000,BEST_ASK,"JPM,101824,100"
2019-06-28 15:57:10.000000000,BEST_BID,"JPM,100208,182"
2019-06-28 15:57:10.000000000,BEST_ASK,"JPM,101824,100"
2019-06-28 15:57:10.000000000,BEST_BID,"JPM,100208,182"
2019-06-28 15:57:10.000000000,BEST_ASK,"JPM,101824,100"
2019-06-28 15:57:10.000000000,BEST_BID,"JPM,100208,182"
2019-06-28 15:57:10.000000000,BEST_ASK,"JPM,101824,100"
2019-06-28 15:57:10.000000000,BEST_BID,"JPM,100208,182"
2019-06-28 15:57:10.000000000,BEST_ASK,"JPM,101824,182"
2019-06-28 15:57:10.000000000,BEST_BID,"JPM,100208,182"
2019-06-28 15:57:10.000000000,BEST_ASK,"JPM,101824,182"
2019-06-28 15:57:10.000000000,BEST_BID,"JPM,100208,182"
2019-06-28 15:57:10.000000000,BEST_ASK,"JPM,101824,182"
2019-06-28 15:57:10.000000000,BEST_BID,"JPM,100208,182"
2019-06-28 15:57:10.000000000,BEST_ASK,"JPM,101824,182"
2019-06-28 15:57:16.439366199,QUERY_SPREAD,26
2019-06-28 15:57:16.439366199,BEST_BID,"JPM,100208,82"
2019-06-28 15:57:16.439366199,BEST_ASK,"JPM,101824,182"
2019-06-28 15:57:16.439366199,LAST_TRADE,"100,$100208.0000"
2019-06-28 15:57:20.000000000,QUERY_SPREAD,1
2019-06-28 15:57:20.000000000,BEST_BID,"JPM,100140,212"
2019-06-28 15:57:20.000000000,BEST_ASK,"JPM,101824,100"
2019-06-28 15:57:20.000000000,BEST_BID,"JPM,100140,212"
2019-06-28 15:57:20.000000000,BEST_ASK,"JPM,101824,100"
2019-06-28 15:57:20.000000000,BEST_BID,"JPM,100140,212"
2019-06-28 15:57:20.000000000,BEST_ASK,"JPM,101824,100"
2019-06-28 15:57:20.000000000,BEST_BID,"JPM,100140,212"
2019-06-28 15:57:20.000000000,BEST_ASK,"JPM,101824,212"
2019-06-28 15:57:20.000000000,BEST_BID,"JPM,100140,212"
2019-06-28 15:57:20.000000000,BEST_ASK,"JPM,101824,212"
2019-06-28 15:57:20.000000000,BEST_BID,"JPM,100140,212"
2019-06-28 15:57:20.000000000,BEST_ASK,"JPM,101824,212"
2019-06-28 15:57:30.000000000,QUERY_SPREAD,1
2019-06-28 15:57:30.000000000,BEST_BID,"JPM,100140,182"
2019-06-28 15:57:30.000000000,BEST_ASK,"JPM,101824,100"
2019-06-28 15:57:30.000000000,BEST_BID,"JPM,100140,182"
2019-06-28 15:57:30.000000000,BEST_ASK,"JPM,101824,100"
2019-06-28 15:57:30.000000000,BEST_BID,"JPM,100140,182"
2019-06-28 15:57:30.000000000,BEST_ASK,"JPM,101824,100"
2019-06-28 15:57:30.000000000,BEST_BID,"JPM,100140,182"
2019-06-28 15:57:30.000000000,BEST_ASK,"JPM,101824,100"
2019-06-28 15:57:30.000000000,BEST_BID,"JPM,100140,182"
2019-06-28 15:57:30.000000000,BEST_ASK,"JPM,101824,182"
2019-06-28 15:57:30.000000000,BEST_BID,"JPM,100140,182"
2019-06-28 15:57:30.000000000,BEST_ASK,"JPM,101824,182"
2019-06-28 15:57:30.000000000,BEST_BID,"JPM,100140,182"
2019-06-28 15:57:30.000000000,BEST_ASK,"JPM,101824,182"
2019-06-28 15:57:30.000000000,BEST_BID,"JPM,100140,182"
2019-06-28 15:57:30.000000000,BEST_ASK,"JPM,101824,182"
2019-06-28 15:57:40.000000000,QUERY_SPREAD,1
2019-06-28 15:57:40.000000000,BEST_BID,"JPM,100140,264"
2019-06-28 15:57:40.000000000,BEST_ASK,"JPM,101824,100"
2019-06-28 15:57:40.000000000,BEST_BID,"JPM,100140,264"
2019-06-28 15:57:40.000000000,BEST_ASK,"JPM,101824,100"
2019-06-28 15:57:40.000000000,BEST_BID,"JPM,100140,264"
2019-06-28 15:57:40.000000000,BEST_ASK,"JPM,101824,264"
2019-06-28 15:57:40.000000000,BEST_BID,"JPM,100140,264"
2019-06-28 15:57:40.000000000,BEST_ASK,"JPM,101824,264"
2019-06-28 15:57:42.651056967,QUERY_SPREAD,19
2019-06-28 15:57:42.651056967,BEST_BID,"JPM,100140,264"
2019-06-28 15:57:42.651056967,BEST_ASK,"JPM,100753,100"
2019-06-28 15:57:50.000000000,QUERY_SPREAD,1
2019-06-28 15:57:50.000000000,BEST_BID,"JPM,100140,166"
2019-06-28 15:57:50.000000000,BEST_ASK,"JPM,100753,100"
2019-06-28 15:57:50.000000000,BEST_BID,"JPM,100140,166"
2019-06-28 15:57:50.000000000,BEST_ASK,"JPM,100753,100"
2019-06-28 15:57:50.000000000,BEST_BID,"JPM,100140,166"
2019-06-28 15:57:50.000000000,BEST_ASK,"JPM,100753,100"
2019-06-28 15:57:50.000000000,BEST_BID,"JPM,100140,166"
2019-06-28 15:57:50.000000000,BEST_ASK,"JPM,100753,100"
2019-06-28 15:57:50.000000000,BEST_BID,"JPM,100140,166"
2019-06-28 15:57:50.000000000,BEST_ASK,"JPM,100753,100"
2019-06-28 15:57:50.000000000,BEST_BID,"JPM,100140,166"
2019-06-28 15:57:50.000000000,BEST_ASK,"JPM,100753,166"
2019-06-28 15:57:50.000000000,BEST_BID,"JPM,100140,166"
2019-06-28 15:57:50.000000000,BEST_ASK,"JPM,100753,166"
2019-06-28 15:57:50.000000000,BEST_BID,"JPM,100140,166"
2019-06-28 15:57:50.000000000,BEST_ASK,"JPM,100753,166"
2019-06-28 15:57:50.000000000,BEST_BID,"JPM,100140,166"
2019-06-28 15:57:50.000000000,BEST_ASK,"JPM,100753,166"
2019-06-28 15:57:50.000000000,BEST_BID,"JPM,100140,166"
2019-06-28 15:57:50.000000000,BEST_ASK,"JPM,100753,166"
2019-06-28 15:58:00.000000000,QUERY_SPREAD,1
2019-06-28 15:58:00.000000000,BEST_BID,"JPM,100140,182"
2019-06-28 15:58:00.000000000,BEST_ASK,"JPM,100753,100"
2019-06-28 15:58:00.000000000,BEST_BID,"JPM,100140,182"
2019-06-28 15:58:00.000000000,BEST_ASK,"JPM,100753,100"
2019-06-28 15:58:00.000000000,BEST_BID,"JPM,100140,182"
2019-06-28 15:58:00.000000000,BEST_ASK,"JPM,100753,100"
2019-06-28 15:58:00.000000000,BEST_BID,"JPM,100140,182"
2019-06-28 15:58:00.000000000,BEST_ASK,"JPM,100753,100"
2019-06-28 15:58:00.000000000,BEST_BID,"JPM,100140,182"
2019-06-28 15:58:00.000000000,BEST_ASK,"JPM,100753,182"
2019-06-28 15:58:00.000000000,BEST_BID,"JPM,100140,182"
2019-06-28 15:58:00.000000000,BEST_ASK,"JPM,100753,182"
2019-06-28 15:58:00.000000000,BEST_BID,"JPM,100140,182"
2019-06-28 15:58:00.000000000,BEST_ASK,"JPM,100753,182"
2019-06-28 15:58:00.000000000,BEST_BID,"JPM,100140,182"
2019-06-28 15:58:00.000000000,BEST_ASK,"JPM,100753,182"
2019-06-28 15:58:00.000000000,QUERY_SPREAD,77
2019-06-28 15:58:00.000000000,BEST_BID,"JPM,100140,182"
2019-06-28 15:58:00.000000000,BEST_ASK,"JPM,100753,178"
2019-06-28 15:58:00.000000000,LAST_TRADE,"4,$100753.0000"
2019-06-28 15:58:00.000000000,QUERY_SPREAD,78
2019-06-28 15:58:00.000000000,BEST_BID,"JPM,100140,182"
2019-06-28 15:58:00.000000000,BEST_ASK,"JPM,100753,170"
2019-06-28 15:58:00.000000000,LAST_TRADE,"8,$100753.0000"
2019-06-28 15:58:00.000000000,QUERY_SPREAD,79
2019-06-28 15:58:00.000000000,BEST_BID,"JPM,100140,182"
2019-06-28 15:58:00.000000000,BEST_ASK,"JPM,100753,169"
2019-06-28 15:58:00.000000000,LAST_TRADE,"1,$100753.0000"
2019-06-28 15:58:00.000000000,QUERY_SPREAD,80
2019-06-28 15:58:00.000000000,BEST_BID,"JPM,100140,182"
2019-06-28 15:58:00.000000000,BEST_ASK,"JPM,100753,164"
2019-06-28 15:58:00.000000000,LAST_TRADE,"5,$100753.0000"
2019-06-28 15:58:00.000000000,QUERY_SPREAD,81
2019-06-28 15:58:00.000000000,BEST_BID,"JPM,100140,182"
2019-06-28 15:58:00.000000000,BEST_ASK,"JPM,100753,159"
2019-06-28 15:58:00.000000000,LAST_TRADE,"5,$100753.0000"
2019-06-28 15:58:00.000000000,QUERY_SPREAD,82
2019-06-28 15:58:00.000000000,BEST_BID,"JPM,100140,182"
2019-06-28 15:58:00.000000000,BEST_ASK,"JPM,100753,153"
2019-06-28 15:58:00.000000000,LAST_TRADE,"6,$100753.0000"
2019-06-28 15:58:00.000000000,QUERY_SPREAD,83
2019-06-28 15:58:00.000000000,BEST_BID,"JPM,100140,182"
2019-06-28 15:58:00.000000000,BEST_ASK,"JPM,100753,149"
2019-06-28 15:58:00.000000000,LAST_TRADE,"4,$100753.0000"
2019-06-28 15:58:00.000000000,QUERY_SPREAD,84
2019-06-28 15:58:00.000000000,BEST_BID,"JPM,100140,182"
2019-06-28 15:58:00.000000000,BEST_ASK,"JPM,100753,144"
2019-06-28 15:58:00.000000000,LAST_TRADE,"5,$100753.0000"
2019-06-28 15:58:00.000000000,QUERY_SPREAD,85
2019-06-28 15:58:00.000000000,BEST_BID,"JPM,100140,182"
2019-06-28 15:58:00.000000000,BEST_ASK,"JPM,100753,139"
2019-06-28 15:58:00.000000000,LAST_TRADE,"5,$100753.0000"
2019-06-28 15:58:00.000000000,QUERY_SPREAD,86
2019-06-28 15:58:00.000000000,BEST_BID,"JPM,100140,182"
2019-06-28 15:58:00.000000000,BEST_ASK,"JPM,100753,130"
2019-06-28 15:58:00.000000000,LAST_TRADE,"9,$100753.0000"
2019-06-28 15:58:00.000000000,QUERY_SPREAD,87
2019-06-28 15:58:00.000000000,BEST_BID,"JPM,100140,182"
2019-06-28 15:58:00.000000000,BEST_ASK,"JPM,100753,128"
2019-06-28 15:58:00.000000000,LAST_TRADE,"2,$100753.0000"
2019-06-28 15:58:00.000000000,QUERY_SPREAD,88
2019-06-28 15:58:00.000000000,BEST_BID,"JPM,100140,182"
2019-06-28 15:58:00.000000000,BEST_ASK,"JPM,100753,120"
2019-06-28 15:58:00.000000000,LAST_TRADE,"8,$100753.0000"
2019-06-28 15:58:00.000000000,QUERY_SPREAD,89
2019-06-28 15:58:00.000000000,BEST_BID,"JPM,100140,182"
2019-06-28 15:58:00.000000000,BEST_ASK,"JPM,100753,113"
2019-06-28 15:58:00.000000000,LAST_TRADE,"7,$100753.0000"
2019-06-28 15:58:00.000000000,QUERY_SPREAD,90
2019-06-28 15:58:00.000000000,BEST_BID,"JPM,100140,182"
2019-06-28 15:58:00.000000000,BEST_ASK,"JPM,100753,107"
2019-06-28 15:58:00.000000000,LAST_TRADE,"6,$100753.0000"
2019-06-28 15:58:00.000000000,QUERY_SPREAD,91
2019-06-28 15:58:00.000000000,BEST_BID,"JPM,100140,182"
2019-06-28 15:58:00.000000000,BEST_ASK,"JPM,100753,102"
2019-06-28 15:58:00.000000000,LAST_TRADE,"5,$100753.0000"
2019-06-28 15:58:00.000000000,QUERY_SPREAD,92
2019-06-28 15:58:00.000000000,BEST_BID,"JPM,100140,182"
2019-06-28 15:58:00.000000000,BEST_ASK,"JPM,100753,101"
2019-06-28 15:58:00.000000000,LAST_TRADE,"1,$100753.0000"
2019-06-28 15:58:00.000000000,QUERY_SPREAD,93
2019-06-28 15:58:00.000000000,BEST_BID,"JPM,100140,182"
2019-06-28 15:58:00.000000000,BEST_ASK,"JPM,100753,99"
2019-06-28 15:58:00.000000000,LAST_TRADE,"2,$100753.0000"
2019-06-28 15:58:00.000000000,QUERY_SPREAD,94
2019-06-28 15:58:00.000000000,BEST_BID,"JPM,100140,182"
2019-06-28 15:58:00.000000000,BEST_ASK,"JPM,100753,97"
2019-06-28 15:58:00.000000000,LAST_TRADE,"2,$100753.0000"
2019-06-28 15:58:00.000000000,QUERY_SPREAD,95
2019-06-28 15:58:00.000000000,BEST_BID,"JPM,100140,182"
2019-06-28 15:58:00.000000000,BEST_ASK,"JPM,100753,90"
2019-06-28 15:58:00.000000000,LAST_TRADE,"7,$100753.0000"
2019-06-28 15:58:00.000000000,QUERY_SPREAD,96
2019-06-28 15:58:00.000000000,BEST_BID,"JPM,100140,182"
2019-06-28 15:58:00.000000000,BEST_ASK,"JPM,100753,83"
2019-06-28 15:58:00.000000000,LAST_TRADE,"7,$100753.0000"
2019-06-28 15:58:00.000000000,QUERY_SPREAD,97
2019-06-28 15:58:00.000000000,BEST_BID,"JPM,100140,182"
2019-06-28 15:58:00.000000000,BEST_ASK,"JPM,100753,77"
2019-06-28 15:58:00.000000000,LAST_TRADE,"6,$100753.0000"
2019-06-28 15:58:00.000000000,QUERY_SPREAD,98
2019-06-28 15:58:00.000000000,BEST_BID,"JPM,100140,182"
2019-06-28 15:58:00.000000000,BEST_ASK,"JPM,100753,73"
2019-06-28 15:58:00.000000000,LAST_TRADE,"4,$100753.0000"
2019-06-28 15:58:00.000000000,QUERY_SPREAD,99
2019-06-28 15:58:00.000000000,BEST_BID,"JPM,100140,182"
2019-06-28 15:58:00.000000000,BEST_ASK,"JPM,100753,71"
2019-06-28 15:58:00.000000000,LAST_TRADE,"2,$100753.0000"
2019-06-28 15:58:00.000000000,QUERY_SPREAD,100
2019-06-28 15:58:00.000000000,BEST_BID,"JPM,100140,182"
2019-06-28 15:58:00.000000000,BEST_ASK,"JPM,100753,65"
2019-06-28 15:58:00.000000000,LAST_TRADE,"6,$100753.0000"
2019-06-28 15:58:00.000000000,QUERY_SPREAD,101
2019-06-28 15:58:00.000000000,QUERY_ORDER_STREAM,101
2019-06-28 15:58:04.734496400,QUERY_SPREAD,21
2019-06-28 15:58:04.734496400,BEST_BID,"JPM,100140,182"
2019-06-28 15:58:04.734496400,BEST_ASK,"JPM,100638,100"
2019-06-28 15:58:10.000000000,QUERY_SPREAD,1
2019-06-28 15:58:10.000000000,BEST_BID,"JPM,100140,212"
2019-06-28 15:58:10.000000000,BEST_ASK,"JPM,100638,100"
2019-06-28 15:58:10.000000000,BEST_BID,"JPM,100140,212"
2019-06-28 15:58:10.000000000,BEST_ASK,"JPM,100638,100"
2019-06-28 15:58:10.000000000,BEST_BID,"JPM,100140,212"
2019-06-28 15:58:10.000000000,BEST_ASK,"JPM,100638,100"
2019-06-28 15:58:10.000000000,BEST_BID,"JPM,100140,212"
2019-06-28 15:58:10.000000000,BEST_ASK,"JPM,100638,212"
2019-06-28 15:58:10.000000000,BEST_BID,"JPM,100140,212"
2019-06-28 15:58:10.000000000,BEST_ASK,"JPM,100638,212"
2019-06-28 15:58:10.000000000,BEST_BID,"JPM,100140,212"
2019-06-28 15:58:10.000000000,BEST_ASK,"JPM,100638,212"
2019-06-28 15:58:20.000000000,QUERY_SPREAD,1
2019-06-28 15:58:20.000000000,BEST_BID,"JPM,100140,182"
2019-06-28 15:58:20.000000000,BEST_ASK,"JPM,100638,100"
2019-06-28 15:58:20.000000000,BEST_BID,"JPM,100140,182"
2019-06-28 15:58:20.000000000,BEST_ASK,"JPM,100638,100"
2019-06-28 15:58:20.000000000,BEST_BID,"JPM,100140,182"
2019-06-28 15:58:20.000000000,BEST_ASK,"JPM,100638,100"
2019-06-28 15:58:20.000000000,BEST_BID,"JPM,100140,182"
2019-06-28 15:58:20.000000000,BEST_ASK,"JPM,100638,100"
2019-06-28 15:58:20.000000000,BEST_BID,"JPM,100140,182"
2019-06-28 15:58:20.000000000,BEST_ASK,"JPM,100638,182"
2019-06-28 15:58:20.000000000,BEST_BID,"JPM,100140,182"
2019-06-28 15:58:20.000000000,BEST_ASK,"JPM,100638,182"
2019-06-28 15:58:20.000000000,BEST_BID,"JPM,100140,182"
2019-06-28 15:58:20.000000000,BEST_ASK,"JPM,100638,182"
2019-06-28 15:58:20.000000000,BEST_BID,"JPM,100140,182"
2019-06-28 15:58:20.000000000,BEST_ASK,"JPM,100638,182"
2019-06-28 15:58:30.000000000,QUERY_SPREAD,1
2019-06-28 15:58:30.000000000,BEST_BID,"JPM,100140,264"
2019-06-28 15:58:30.000000000,BEST_ASK,"JPM,100638,100"
2019-06-28 15:58:30.000000000,BEST_BID,"JPM,100140,264"
2019-06-28 15:58:30.000000000,BEST_ASK,"JPM,100638,100"
2019-06-28 15:58:30.000000000,BEST_BID,"JPM,100140,264"
2019-06-28 15:58:30.000000000,BEST_ASK,"JPM,100638,264"
2019-06-28 15:58:30.000000000,BEST_BID,"JPM,100140,264"
2019-06-28 15:58:30.000000000,BEST_ASK,"JPM,100638,264"
2019-06-28 15:58:40.000000000,QUERY_SPREAD,1
2019-06-28 15:58:40.000000000,BEST_BID,"JPM,100140,166"
2019-06-28 15:58:40.000000000,BEST_ASK,"JPM,100638,100"
2019-06-28 15:58:40.000000000,BEST_BID,"JPM,100140,166"
2019-06-28 15:58:40.000000000,BEST_ASK,"JPM,100638,100"
2019-06-28 15:58:40.000000000,BEST_BID,"JPM,100140,166"
2019-06-28 15:58:40.000000000,BEST_ASK,"JPM,100638,100"
2019-06-28 15:58:40.000000000,BEST_BID,"JPM,100140,166"
2019-06-28 15:58:40.000000000,BEST_ASK,"JPM,100638,100"
2019-06-28 15:58:40.000000000,BEST_BID,"JPM,100140,166"
2019-06-28 15:58:40.000000000,BEST_ASK,"JPM,100638,100"
2019-06-28 15:58:40.000000000,BEST_BID,"JPM,100140,166"
2019-06-28 15:58:40.000000000,BEST_ASK,"JPM,100638,166"
2019-06-28 15:58:40.000000000,BEST_BID,"JPM,100140,166"
2019-06-28 15:58:40.000000000,BEST_ASK,"JPM,100638,166"
2019-06-28 15:58:40.000000000,BEST_BID,"JPM,100140,166"
2019-06-28 15:58:40.000000000,BEST_ASK,"JPM,100638,166"
2019-06-28 15:58:40.000000000,BEST_BID,"JPM,100140,166"
2019-06-28 15:58:40.000000000,BEST_ASK,"JPM,100638,166"
2019-06-28 15:58:40.000000000,BEST_BID,"JPM,100140,166"
2019-06-28 15:58:40.000000000,BEST_ASK,"JPM,100638,166"
2019-06-28 15:58:40.134381129,QUERY_SPREAD,36
2019-06-28 15:58:40.134381129,BEST_BID,"JPM,100140,166"
2019-06-28 15:58:40.134381129,BEST_ASK,"JPM,100638,66"
2019-06-28 15:58:40.134381129,LAST_TRADE,"100,$100638.0000"
2019-06-28 15:58:40.685441195,QUERY_SPREAD,49
2019-06-28 15:58:40.685441195,BEST_BID,"JPM,100638,34"
2019-06-28 15:58:40.685441195,BEST_ASK,"JPM,101824,166"
2019-06-28 15:58:40.685441195,LAST_TRADE,"66,$100638.0000"
2019-06-28 15:58:50.000000000,QUERY_SPREAD,1
2019-06-28 15:58:50.000000000,BEST_BID,"JPM,100638,146"
2019-06-28 15:58:50.000000000,BEST_ASK,"JPM,101824,100"
2019-06-28 15:58:50.000000000,BEST_BID,"JPM,100638,146"
2019-06-28 15:58:50.000000000,BEST_ASK,"JPM,101824,100"
2019-06-28 15:58:50.000000000,BEST_BID,"JPM,100638,146"
2019-06-28 15:58:50.000000000,BEST_ASK,"JPM,101824,100"
2019-06-28 15:58:50.000000000,BEST_BID,"JPM,100638,146"
2019-06-28 15:58:50.000000000,BEST_ASK,"JPM,101824,212"
2019-06-28 15:58:50.000000000,BEST_BID,"JPM,100638,146"
2019-06-28 15:58:50.000000000,BEST_ASK,"JPM,101824,212"
2019-06-28 15:58:50.000000000,BEST_BID,"JPM,100638,146"
2019-06-28 15:58:50.000000000,BEST_ASK,"JPM,101824,212"
2019-06-28 15:59:00.000000000,QUERY_SPREAD,1
2019-06-28 15:59:00.000000000,BEST_BID,"JPM,100638,146"
2019-06-28 15:59:00.000000000,BEST_ASK,"JPM,101824,100"
2019-06-28 15:59:00.000000000,BEST_BID,"JPM,100638,146"
2019-06-28 15:59:00.000000000,BEST_ASK,"JPM,101824,100"
2019-06-28 15:59:00.000000000,BEST_BID,"JPM,100638,146"
2019-06-28 15:59:00.000000000,BEST_ASK,"JPM,101824,100"
2019-06-28 15:59:00.000000000,BEST_BID,"JPM,100638,146"
2019-06-28 15:59:00.000000000,BEST_ASK,"JPM,101824,212"
2019-06-28 15:59:00.000000000,BEST_BID,"JPM,100638,146"
2019-06-28 15:59:00.000000000,BEST_ASK,"JPM,101824,212"
2019-06-28 15:59:00.000000000,BEST_BID,"JPM,100638,146"
2019-06-28 15:59:00.000000000,BEST_ASK,"JPM,101824,212"
2019-06-28 15:59:00.000000000,QUERY_SPREAD,77
2019-06-28 15:59:00.000000000,BEST_BID,"JPM,100638,146"
2019-06-28 15:59:00.000000000,BEST_ASK,"JPM,101824,208"
2019-06-28 15:59:00.000000000,LAST_TRADE,"4,$101824.0000"
2019-06-28 15:59:00.000000000,QUERY_SPREAD,78
2019-06-28 15:59:00.000000000,BEST_BID,"JPM,100638,146"
2019-06-28 15:59:00.000000000,BEST_ASK,"JPM,101824,200"
2019-06-28 15:59:00.000000000,LAST_TRADE,"8,$101824.0000"
2019-06-28 15:59:00.000000000,QUERY_SPREAD,79
2019-06-28 15:59:00.000000000,BEST_BID,"JPM,100638,146"
2019-06-28 15:59:00.000000000,BEST_ASK,"JPM,101824,199"
2019-06-28 15:59:00.000000000,LAST_TRADE,"1,$101824.0000"
2019-06-28 15:59:00.000000000,QUERY_SPREAD,80
2019-06-28 15:59:00.000000000,BEST_BID,"JPM,100638,146"
2019-06-28 15:59:00.000000000,BEST_ASK,"JPM,101824,194"
2019-06-28 15:59:00.000000000,LAST_TRADE,"5,$101824.0000"
2019-06-28 15:59:00.000000000,QUERY_SPREAD,81
2019-06-28 15:59:00.000000000,BEST_BID,"JPM,100638,146"
2019-06-28 15:59:00.000000000,BEST_ASK,"JPM,101824,189"
2019-06-28 15:59:00.000000000,LAST_TRADE,"5,$101824.0000"
2019-06-28 15:59:00.000000000,QUERY_SPREAD,82
2019-06-28 15:59:00.000000000,BEST_BID,"JPM,100638,146"
2019-06-28 15:59:00.000000000,BEST_ASK,"JPM,101824,183"
2019-06-28 15:59:00.000000000,LAST_TRADE,"6,$101824.0000"
2019-06-28 15:59:00.000000000,QUERY_SPREAD,83
2019-06-28 15:59:00.000000000,BEST_BID,"JPM,100638,146"
2019-06-28 15:59:00.000000000,BEST_ASK,"JPM,101824,179"
2019-06-28 15:59:00.000000000,LAST_TRADE,"4,$101824.0000"
2019-06-28 15:59:00.000000000,QUERY_SPREAD,84
2019-06-28 15:59:00.000000000,BEST_BID,"JPM,100638,146"
2019-06-28 15:59:00.000000000,BEST_ASK,"JPM,101824,174"
2019-06-28 15:59:00.000000000,LAST_TRADE,"5,$101824.0000"
2019-06-28 15:59:00.000000000,QUERY_SPREAD,85
2019-06-28 15:59:00.000000000,BEST_BID,"JPM,100638,146"
2019-06-28 15:59:00.000000000,BEST_ASK,"JPM,101824,169"
2019-06-28 15:59:00.000000000,LAST_TRADE,"5,$101824.0000"
2019-06-28 15:59:00.000000000,QUERY_SPREAD,86
2019-06-28 15:59:00.000000000,BEST_BID,"JPM,100638,146"
2019-06-28 15:59:00.000000000,BEST_ASK,"JPM,101824,160"
2019-06-28 15:59:00.000000000,LAST_TRADE,"9,$101824.0000"
2019-06-28 15:59:00.000000000,QUERY_SPREAD,87
2019-06-28 15:59:00.000000000,BEST_BID,"JPM,100638,146"
2019-06-28 15:59:00.000000000,BEST_ASK,"JPM,101824,158"
2019-06-28 15:59:00.000000000,LAST_TRADE,"2,$101824.0000"
2019-06-28 15:59:00.000000000,QUERY_SPREAD,88
2019-06-28 15:59:00.000000000,BEST_BID,"JPM,100638,146"
2019-06-28 15:59:00.000000000,BEST_ASK,"JPM,101824,150"
2019-06-28 15:59:00.000000000,LAST_TRADE,"8,$101824.0000"
2019-06-28 15:59:00.000000000,QUERY_SPREAD,89
2019-06-28 15:59:00.000000000,BEST_BID,"JPM,100638,146"
2019-06-28 15:59:00.000000000,BEST_ASK,"JPM,101824,143"
2019-06-28 15:59:00.000000000,LAST_TRADE,"7,$101824.0000"
2019-06-28 15:59:00.000000000,QUERY_SPREAD,90
2019-06-28 15:59:00.000000000,BEST_BID,"JPM,100638,146"
2019-06-28 15:59:00.000000000,BEST_ASK,"JPM,101824,137"
2019-06-28 15:59:00.000000000,LAST_TRADE,"6,$101824.0000"
2019-06-28 15:59:00.000000000,QUERY_SPREAD,91
2019-06-28 15:59:00.000000000,BEST_BID,"JPM,100638,146"
2019-06-28 15:59:00.000000000,BEST_ASK,"JPM,101824,132"
2019-06-28 15:59:00.000000000,LAST_TRADE,"5,$101824.0000"
2019-06-28 15:59:00.000000000,QUERY_SPREAD,92
2019-06-28 15:59:00.000000000,BEST_BID,"JPM,100638,146"
2019-06-28 15:59:00.000000000,BEST_ASK,"JPM,101824,131"
2019-06-28 15:59:00.000000000,LAST_TRADE,"1,$101824.0000"
2019-06-28 15:59:00.000000000,QUERY_SPREAD,93
2019-06-28 15:59:00.000000000,BEST_BID,"JPM,100638,146"
2019-06-28 15:59:00.000000000,BEST_ASK,"JPM,101824,129"
2019-06-28 15:59:00.000000000,LAST_TRADE,"2,$101824.0000"
2019-06-28 15:59:00.000000000,QUERY_SPREAD,94
2019-06-28 15:59:00.000000000,BEST_BID,"JPM,100638,146"
2019-06-28 15:59:00.000000000,BEST_ASK,"JPM,101824,127"
2019-06-28 15:59:00.000000000,LAST_TRADE,"2,$101824.0000"
2019-06-28 15:59:00.000000000,QUERY_SPREAD,95
2019-06-28 15:59:00.000000000,BEST_BID,"JPM,100638,146"
2019-06-28 15:59:00.000000000,BEST_ASK,"JPM,101824,120"
2019-06-28 15:59:00.000000000,LAST_TRADE,"7,$101824.0000"
2019-06-28 15:59:00.000000000,QUERY_SPREAD,96
2019-06-28 15:59:00.000000000,BEST_BID,"JPM,100638,146"
2019-06-28 15:59:00.000000000,BEST_ASK,"JPM,101824,113"
2019-06-28 15:59:00.000000000,LAST_TRADE,"7,$101824.0000"
2019-06-28 15:59:00.000000000,QUERY_SPREAD,97
2019-06-28 15:59:00.000000000,BEST_BID,"JPM,100638,146"
2019-06-28 15:59:00.000000000,BEST_ASK,"JPM,101824,107"
2019-06-28 15:59:00.000000000,LAST_TRADE,"6,$101824.0000"
2019-06-28 15:59:00.000000000,QUERY_SPREAD,98
2019-06-28 15:59:00.000000000,BEST_BID,"JPM,100638,146"
2019-06-28 15:59:00.000000000,BEST_ASK,"JPM,101824,103"
2019-06-28 15:59:00.000000000,LAST_TRADE,"4,$101824.0000"
2019-06-28 15:59:00.000000000,QUERY_SPREAD,99
2019-06-28 15:59:00.000000000,BEST_BID,"JPM,100638,146"
2019-06-28 15:59:00.000000000,BEST_ASK,"JPM,101824,101"
2019-06-28 15:59:00.000000000,LAST_TRADE,"2,$101824.0000"
2019-06-28 15:59:00.000000000,QUERY_SPREAD,100
2019-06-28 15:59:00.000000000,BEST_BID,"JPM,100638,146"
2019-06-28 15:59:00.000000000,BEST_ASK,"JPM,101824,95"
2019-06-28 15:59:00.000000000,LAST_TRADE,"6,$101824.0000"
2019-06-28 15:59:00.000000000,QUERY_SPREAD,101
2019-06-28 15:59:00.000000000,QUERY_ORDER_STREAM,101
2019-06-28 15:59:10.000000000,QUERY_SPREAD,1
2019-06-28 15:59:10.000000000,BEST_BID,"JPM,100638,116"
2019-06-28 15:59:10.000000000,BEST_ASK,"JPM,101825,91"
2019-06-28 15:59:10.000000000,BEST_BID,"JPM,100638,116"
2019-06-28 15:59:10.000000000,BEST_ASK,"JPM,101825,91"
2019-06-28 15:59:10.000000000,BEST_BID,"JPM,100638,116"
2019-06-28 15:59:10.000000000,BEST_ASK,"JPM,101825,91"
2019-06-28 15:59:10.000000000,BEST_BID,"JPM,100638,116"
2019-06-28 15:59:10.000000000,BEST_ASK,"JPM,101825,91"
2019-06-28 15:59:10.000000000,BEST_BID,"JPM,100638,116"
2019-06-28 15:59:10.000000000,BEST_ASK,"JPM,101825,173"
2019-06-28 15:59:10.000000000,BEST_BID,"JPM,100638,116"
2019-06-28 15:59:10.000000000,BEST_ASK,"JPM,101825,173"
2019-06-28 15:59:10.000000000,BEST_BID,"JPM,100638,116"
2019-06-28 15:59:10.000000000,BEST_ASK,"JPM,101825,173"
2019-06-28 15:59:10.000000000,BEST_BID,"JPM,100638,116"
2019-06-28 15:59:10.000000000,BEST_ASK,"JPM,101825,173"
2019-06-28 15:59:20.000000000,QUERY_SPREAD,1
2019-06-28 15:59:20.000000000,BEST_BID,"JPM,100638,362"
2019-06-28 15:59:20.000000000,BEST_ASK,"JPM,101825,91"
2019-06-28 15:59:20.000000000,BEST_BID,"JPM,100638,362"
2019-06-28 15:59:20.000000000,BEST_ASK,"JPM,101825,419"
2019-06-28 15:59:21.085259033,QUERY_SPREAD,9
2019-06-28 15:59:21.085259033,BEST_BID,"JPM,100638,362"
2019-06-28 15:59:21.085259033,BEST_ASK,"JPM,101825,419"
2019-06-28 15:59:30.000000000,QUERY_SPREAD,1
2019-06-28 15:59:30.000000000,BEST_BID,"JPM,100638,116"
2019-06-28 15:59:30.000000000,BEST_ASK,"JPM,101825,91"
2019-06-28 15:59:30.000000000,BEST_BID,"JPM,100638,116"
2019-06-28 15:59:30.000000000,BEST_ASK,"JPM,101825,91"
2019-06-28 15:59:30.000000000,BEST_BID,"JPM,100638,116"
2019-06-28 15:59:30.000000000,BEST_ASK,"JPM,101825,91"
2019-06-28 15:59:30.000000000,BEST_BID,"JPM,100638,116"
2019-06-28 15:59:30.000000000,BEST_ASK,"JPM,101825,91"
2019-06-28 15:59:30.000000000,BEST_BID,"JPM,100638,116"
2019-06-28 15:59:30.000000000,BEST_ASK,"JPM,101825,173"
2019-06-28 15:59:30.000000000,BEST_BID,"JPM,100638,116"
2019-06-28 15:59:30.000000000,BEST_ASK,"JPM,101825,173"
2019-06-28 15:59:30.000000000,BEST_BID,"JPM,100638,116"
2019-06-28 15:59:30.000000000,BEST_ASK,"JPM,101825,173"
2019-06-28 15:59:30.000000000,BEST_BID,"JPM,100638,116"
2019-06-28 15:59:30.000000000,BEST_ASK,"JPM,101825,173"
2019-06-28 15:59:40.000000000,QUERY_SPREAD,1
2019-06-28 15:59:40.000000000,BEST_BID,"JPM,100638,146"
2019-06-28 15:59:40.000000000,BEST_ASK,"JPM,101825,91"
2019-06-28 15:59:40.000000000,BEST_BID,"JPM,100638,146"
2019-06-28 15:59:40.000000000,BEST_ASK,"JPM,101825,91"
2019-06-28 15:59:40.000000000,BEST_BID,"JPM,100638,146"
2019-06-28 15:59:40.000000000,BEST_ASK,"JPM,101825,91"
2019-06-28 15:59:40.000000000,BEST_BID,"JPM,100638,146"
2019-06-28 15:59:40.000000000,BEST_ASK,"JPM,101825,203"
2019-06-28 15:59:40.000000000,BEST_BID,"JPM,100638,146"
2019-06-28 15:59:40.000000000,BEST_ASK,"JPM,101825,203"
2019-06-28 15:59:40.000000000,BEST_BID,"JPM,100638,146"
2019-06-28 15:59:40.000000000,BEST_ASK,"JPM,101825,203"
2019-06-28 15:59:41.904233128,QUERY_SPREAD,13
2019-06-28 15:59:41.904233128,BEST_BID,"JPM,100638,46"
2019-06-28 15:59:41.904233128,BEST_ASK,"JPM,101825,203"
2019-06-28 15:59:41.904233128,LAST_TRADE,"100,$100638.0000"
2019-06-28 15:59:50.000000000,QUERY_SPREAD,1
2019-06-28 15:59:50.000000000,BEST_BID,"JPM,100265,166"
2019-06-28 15:59:50.000000000,BEST_ASK,"JPM,101825,91"
2019-06-28 15:59:50.000000000,BEST_BID,"JPM,100265,166"
2019-06-28 15:59:50.000000000,BEST_ASK,"JPM,101825,91"
2019-06-28 15:59:50.000000000,BEST_BID,"JPM,100265,166"
2019-06-28 15:59:50.000000000,BEST_ASK,"JPM,101825,91"
2019-06-28 15:59:50.000000000,BEST_BID,"JPM,100265,166"
2019-06-28 15:59:50.000000000,BEST_ASK,"JPM,101825,91"
2019-06-28 15:59:50.000000000,BEST_BID,"JPM,100265,166"
2019-06-28 15:59:50.000000000,BEST_ASK,"JPM,101825,91"
2019-06-28 15:59:50.000000000,BEST_BID,"JPM,100265,166"
2019-06-28 15:59:50.000000000,BEST_ASK,"JPM,101825,157"
2019-06-28 15:59:50.000000000,BEST_BID,"JPM,100265,166"
2019-06-28 15:59:50.000000000,BEST_ASK,"JPM,101825,157"
2019-06-28 15:59:50.000000000,BEST_BID,"JPM,100265,166"
2019-06-28 15:59:50.000000000,BEST_ASK,"JPM,101825,157"
2019-06-28 15:59:50.000000000,BEST_BID,"JPM,100265,166"
2019-06-28 15:59:50.000000000,BEST_ASK,"JPM,101825,157"
2019-06-28 15:59:58.772667556,QUERY_SPREAD,19
2019-06-28 15:59:58.772667556,BEST_BID,"JPM,100265,166"
2019-06-28 15:59:58.772667556,BEST_ASK,"JPM,100689,100"
2019-06-28 15:59:59.151553541,QUERY_SPREAD,19
2019-06-28 15:59:59.151553541,BEST_BID,"JPM,100643,100"
2019-06-28 15:59:59.151553541,BEST_ASK,"JPM,101825,157"
2019-06-28 16:00:00.000000000,QUERY_SPREAD,1
2019-06-28 16:00:00.000000000,BEST_BID,"JPM,100643,182"
2019-06-28 16:00:00.000000000,BEST_ASK,"JPM,101825,91"
2019-06-28 16:00:00.000000000,BEST_BID,"JPM,100643,182"
2019-06-28 16:00:00.000000000,BEST_ASK,"JPM,101825,91"
2019-06-28 16:00:00.000000000,BEST_BID,"JPM,100643,182"
2019-06-28 16:00:00.000000000,BEST_ASK,"JPM,101825,91"
2019-06-28 16:00:00.000000000,BEST_BID,"JPM,100643,182"
2019-06-28 16:00:00.000000000,BEST_ASK,"JPM,101825,91"
2019-06-28 16:00:00.000000000,BEST_BID,"JPM,100643,182"
2019-06-28 16:00:00.000000000,BEST_ASK,"JPM,101825,173"
2019-06-28 16:00:00.000000000,BEST_BID,"JPM,100643,182"
2019-06-28 16:00:00.000000000,BEST_ASK,"JPM,101825,173"
2019-06-28 16:00:00.000000000,BEST_BID,"JPM,100643,182"
2019-06-28 16:00:00.000000000,BEST_ASK,"JPM,101825,173"
2019-06-28 16:00:00.000000000,BEST_BID,"JPM,100643,182"
2019-06-28 16:00:00.000000000,BEST_ASK,"JPM,101825,173"
2019-06-28 16:00:00.000000000,QUERY_SPREAD,77
2019-06-28 16:00:00.000000000,BEST_BID,"JPM,100643,182"
2019-06-28 16:00:00.000000000,BEST_ASK,"JPM,101825,169"
2019-06-28 16:00:00.000000000,LAST_TRADE,"4,$101825.0000"
2019-06-28 16:00:00.000000000,QUERY_SPREAD,78
2019-06-28 16:00:00.000000000,BEST_BID,"JPM,100643,182"
2019-06-28 16:00:00.000000000,BEST_ASK,"JPM,101825,161"
2019-06-28 16:00:00.000000000,LAST_TRADE,"8,$101825.0000"
2019-06-28 16:00:00.000000000,QUERY_SPREAD,79
2019-06-28 16:00:00.000000000,BEST_BID,"JPM,100643,182"
2019-06-28 16:00:00.000000000,BEST_ASK,"JPM,101825,160"
2019-06-28 16:00:00.000000000,LAST_TRADE,"1,$101825.0000"
2019-06-28 16:00:00.000000000,QUERY_SPREAD,80
2019-06-28 16:00:00.000000000,BEST_BID,"JPM,100643,182"
2019-06-28 16:00:00.000000000,BEST_ASK,"JPM,101825,155"
2019-06-28 16:00:00.000000000,LAST_TRADE,"5,$101825.0000"
2019-06-28 16:00:00.000000000,QUERY_SPREAD,81
2019-06-28 16:00:00.000000000,BEST_BID,"JPM,100643,182"
2019-06-28 16:00:00.000000000,BEST_ASK,"JPM,101825,150"
2019-06-28 16:00:00.000000000,LAST_TRADE,"5,$101825.0000"
2019-06-28 16:00:00.000000000,QUERY_SPREAD,82
2019-06-28 16:00:00.000000000,BEST_BID,"JPM,100643,182"
2019-06-28 16:00:00.000000000,BEST_ASK,"JPM,101825,144"
2019-06-28 16:00:00.000000000,LAST_TRADE,"6,$101825.0000"
2019-06-28 16:00:00.000000000,QUERY_SPREAD,83
2019-06-28 16:00:00.000000000,BEST_BID,"JPM,100643,182"
2019-06-28 16:00:00.000000000,BEST_ASK,"JPM,101825,140"
2019-06-28 16:00:00.000000000,LAST_TRADE,"4,$101825.0000"
2019-06-28 16:00:00.000000000,QUERY_SPREAD,84
2019-06-28 16:00:00.000000000,BEST_BID,"JPM,100643,182"
2019-06-28 16:00:00.000000000,BEST_ASK,"JPM,101825,135"
2019-06-28 16:00:00.000000000,LAST_TRADE,"5,$101825.0000"
2019-06-28 16:00:00.000000000,QUERY_SPREAD,85
2019-06-28 16:00:00.000000000,BEST_BID,"JPM,100643,182"
2019-06-28 16:00:00.000000000,BEST_ASK,"JPM,101825,130"
2019-06-28 16:00:00.000000000,LAST_TRADE,"5,$101825.0000"
2019-06-28 16:00:00.000000000,QUERY_SPREAD,86
2019-06-28 16:00:00.000000000,BEST_BID,"JPM,100643,182"
2019-06-28 16:00:00.000000000,BEST_ASK,"JPM,101825,121"
2019-06-28 16:00:00.000000000,LAST_TRADE,"9,$101825.0000"
2019-06-28 16:00:00.000000000,QUERY_SPREAD,87
2019-06-28 16:00:00.000000000,BEST_BID,"JPM,100643,182"
2019-06-28 16:00:00.000000000,BEST_ASK,"JPM,101825,119"
2019-06-28 16:00:00.000000000,LAST_TRADE,"2,$101825.0000"
2019-06-28 16:00:00.000000000,QUERY_SPREAD,88
2019-06-28 16:00:00.000000000,BEST_BID,"JPM,100643,182"
2019-06-28 16:00:00.000000000,BEST_ASK,"JPM,101825,111"
2019-06-28 16:00:00.000000000,LAST_TRADE,"8,$101825.0000"
2019-06-28 16:00:00.000000000,QUERY_SPREAD,89
2019-06-28 16:00:00.000000000,BEST_BID,"JPM,100643,182"
2019-06-28 16:00:00.000000000,BEST_ASK,"JPM,101825,104"
2019-06-28 16:00:00.000000000,LAST_TRADE,"7,$101825.0000"
2019-06-28 16:00:00.000000000,QUERY_SPREAD,90
2019-06-28 16:00:00.000000000,BEST_BID,"JPM,100643,182"
2019-06-28 16:00:00.000000000,BEST_ASK,"JPM,101825,98"
2019-06-28 16:00:00.000000000,LAST_TRADE,"6,$101825.0000"
2019-06-28 16:00:00.000000000,QUERY_SPREAD,91
2019-06-28 16:00:00.000000000,BEST_BID,"JPM,100643,182"
2019-06-28 16:00:00.000000000,BEST_ASK,"JPM,101825,93"
2019-06-28 16:00:00.000000000,LAST_TRADE,"5,$101825.0000"
2019-06-28 16:00:00.000000000,QUERY_SPREAD,92
2019-06-28 16:00:00.000000000,BEST_BID,"JPM,100643,182"
2019-06-28 16:00:00.000000000,BEST_ASK,"JPM,101825,92"
2019-06-28 16:00:00.000000000,LAST_TRADE,"1,$101825.0000"
2019-06-28 16:00:00.000000000,QUERY_SPREAD,93
2019-06-28 16:00:00.000000000,BEST_BID,"JPM,100643,182"
2019-06-28 16:00:00.000000000,BEST_ASK,"JPM,101825,90"
2019-06-28 16:00:00.000000000,LAST_TRADE,"2,$101825.0000"
2019-06-28 16:00:00.000000000,QUERY_SPREAD,94
2019-06-28 16:00:00.000000000,BEST_BID,"JPM,100643,182"
2019-06-28 16:00:00.000000000,BEST_ASK,"JPM,101825,88"
2019-06-28 16:00:00.000000000,LAST_TRADE,"2,$101825.0000"
2019-06-28 16:00:00.000000000,QUERY_SPREAD,95
2019-06-28 16:00:00.000000000,BEST_BID,"JPM,100643,182"
2019-06-28 16:00:00.000000000,BEST_ASK,"JPM,101825,81"
2019-06-28 16:00:00.000000000,LAST_TRADE,"7,$101825.0000"
2019-06-28 16:00:00.000000000,QUERY_SPREAD,96
2019-06-28 16:00:00.000000000,BEST_BID,"JPM,100643,182"
2019-06-28 16:00:00.000000000,BEST_ASK,"JPM,101825,74"
2019-06-28 16:00:00.000000000,LAST_TRADE,"7,$101825.0000"
2019-06-28 16:00:00.000000000,QUERY_SPREAD,97
2019-06-28 16:00:00.000000000,BEST_BID,"JPM,100643,182"
2019-06-28 16:00:00.000000000,BEST_ASK,"JPM,101825,68"
2019-06-28 16:00:00.000000000,LAST_TRADE,"6,$101825.0000"
2019-06-28 16:00:00.000000000,QUERY_SPREAD,98
2019-06-28 16:00:00.000000000,BEST_BID,"JPM,100643,182"
2019-06-28 16:00:00.000000000,BEST_ASK,"JPM,101825,64"
2019-06-28 16:00:00.000000000,LAST_TRADE,"4,$101825.0000"
2019-06-28 16:00:00.000000000,QUERY_SPREAD,99
2019-06-28 16:00:00.000000000,BEST_BID,"JPM,100643,182"
2019-06-28 16:00:00.000000000,BEST_ASK,"JPM,101825,62"
2019-06-28 16:00:00.000000000,LAST_TRADE,"2,$101825.0000"
2019-06-28 16:00:00.000000000,QUERY_SPREAD,100
2019-06-28 16:00:00.000000000,BEST_BID,"JPM,100643,182"
2019-06-28 16:00:00.000000000,BEST_ASK,"JPM,101825,56"
2019-06-28 16:00:00.000000000,LAST_TRADE,"6,$101825.0000"
2019-06-28 16:00:00.000000000,QUERY_SPREAD,101
2019-06-28 16:00:00.000000000,QUERY_ORDER_STREAM,101
2019-06-28 16:00:10.000000000,QUERY_SPREAD,1
2019-06-28 16:00:12.144885536,QUERY_ORDER_STREAM,71
2019-06-28 16:00:23.259251605,QUERY_SPREAD,30
2019-06-28 16:00:34.136400787,QUERY_ORDER_STREAM,65
2019-06-28 16:01:00.000000000,QUERY_SPREAD,77
2019-06-28 16:01:00.000000000,QUERY_SPREAD,78
2019-06-28 16:01:00.000000000,QUERY_SPREAD,79
2019-06-28 16:01:00.000000000,QUERY_SPREAD,80
2019-06-28 16:01:00.000000000,QUERY_SPREAD,81
2019-06-28 16:01:00.000000000,QUERY_SPREAD,82
2019-06-28 16:01:00.000000000,QUERY_SPREAD,83
2019-06-28 16:01:00.000000000,QUERY_SPREAD,84
2019-06-28 16:01:00.000000000,QUERY_SPREAD,85
2019-06-28 16:01:00.000000000,QUERY_SPREAD,86
2019-06-28 16:01:00.000000000,QUERY_SPREAD,87
2019-06-28 16:01:00.000000000,QUERY_SPREAD,88
2019-06-28 16:01:00.000000000,QUERY_SPREAD,89
2019-06-28 16:01:00.000000000,QUERY_SPREAD,90
2019-06-28 16:01:00.000000000,QUERY_SPREAD,91
2019-06-28 16:01:00.000000000,QUERY_SPREAD,92
2019-06-28 16:01:00.000000000,QUERY_SPREAD,93
2019-06-28 16:01:00.000000000,QUERY_SPREAD,94
2019-06-28 16:01:00.000000000,QUERY_SPREAD,95
2019-06-28 16:01:00.000000000,QUERY_SPREAD,96
2019-06-28 16:01:00.000000000,QUERY_SPREAD,97
2019-06-28 16:01:00.000000000,QUERY_SPREAD,98
2019-06-28 16:01:00.000000000,QUERY_SPREAD,99
2019-06-28 16:01:00.000000000,QUERY_SPREAD,100
2019-06-28 16:01:00.000000000,QUERY_SPREAD,101
2019-06-28 16:01:00.000000000,QUERY_ORDER_STREAM,101
