EventTime,EventType,Event
,AGENT_TYPE,MomentumAgent
,STARTING_CASH,10000000
2019-06-28 09:30:00,HOLDINGS_UPDATED,{'CASH': 10000000}
2019-06-28 09:31:00,BID_DEPTH,"[(99979, 264)]"
2019-06-28 09:31:00,ASK_DEPTH,"[(99994, 364)]"
2019-06-28 09:31:00,IMBALANCE,"[264, 364]"
2019-06-28 09:32:00,BID_DEPTH,"[(99978, 382)]"
2019-06-28 09:32:00,ASK_DEPTH,"[(99994, 182)]"
2019-06-28 09:32:00,IMBALANCE,"[382, 182]"
2019-06-28 09:33:00,BID_DEPTH,"[(99978, 382)]"
2019-06-28 09:33:00,ASK_DEPTH,"[(100003, 182)]"
2019-06-28 09:33:00,IMBALANCE,"[382, 182]"
2019-06-28 09:34:00,BID_DEPTH,"[(99978, 382)]"
2019-06-28 09:34:00,ASK_DEPTH,"[(100015, 182)]"
2019-06-28 09:34:00,IMBALANCE,"[382, 182]"
2019-06-28 09:35:00,BID_DEPTH,"[(99994, 211)]"
2019-06-28 09:35:00,ASK_DEPTH,"[(100015, 211)]"
2019-06-28 09:35:00,IMBALANCE,"[211, 211]"
2019-06-28 09:36:00,BID_DEPTH,"[(100015, 211)]"
2019-06-28 09:36:00,ASK_DEPTH,"[(100016, 211)]"
2019-06-28 09:36:00,IMBALANCE,"[211, 211]"
2019-06-28 09:37:00,BID_DEPTH,"[(100015, 311)]"
2019-06-28 09:37:00,ASK_DEPTH,"[(100016, 211)]"
2019-06-28 09:37:00,IMBALANCE,"[311, 211]"
2019-06-28 09:38:00,BID_DEPTH,"[(100059, 362)]"
2019-06-28 09:38:00,ASK_DEPTH,"[(100103, 427)]"
2019-06-28 09:38:00,IMBALANCE,"[362, 427]"
2019-06-28 09:39:00,BID_DEPTH,"[(100059, 462)]"
2019-06-28 09:39:00,ASK_DEPTH,"[(100107, 427)]"
2019-06-28 09:39:00,IMBALANCE,"[462, 427]"
2019-06-28 09:40:00,BID_DEPTH,"[(100016, 427)]"
2019-06-28 09:40:00,ASK_DEPTH,"[(100107, 427)]"
2019-06-28 09:40:00,IMBALANCE,"[427, 427]"
2019-06-28 09:41:00,BID_DEPTH,"[(99994, 165)]"
2019-06-28 09:41:00,ASK_DEPTH,"[(100107, 165)]"
2019-06-28 09:41:00,IMBALANCE,"[165, 165]"
2019-06-28 09:42:00,BID_DEPTH,"[(99994, 427)]"
2019-06-28 09:42:00,ASK_DEPTH,"[(100015, 427)]"
2019-06-28 09:42:00,IMBALANCE,"[427, 427]"
2019-06-28 09:43:00,BID_DEPTH,"[(99978, 211)]"
2019-06-28 09:43:00,ASK_DEPTH,"[(100015, 211)]"
2019-06-28 09:43:00,IMBALANCE,"[211, 211]"
2019-06-28 09:44:00,BID_DEPTH,"[(99936, 427)]"
2019-06-28 09:44:00,ASK_DEPTH,"[(100015, 427)]"
2019-06-28 09:44:00,IMBALANCE,"[427, 427]"
2019-06-28 09:45:00,BID_DEPTH,"[(99936, 264)]"
2019-06-28 09:45:00,ASK_DEPTH,"[(99949, 264)]"
2019-06-28 09:45:00,IMBALANCE,"[264, 264]"
2019-06-28 09:46:00,BID_DEPTH,"[(99931, 264)]"
2019-06-28 09:46:00,ASK_DEPTH,"[(99949, 264)]"
2019-06-28 09:46:00,IMBALANCE,"[264, 264]"
2019-06-28 09:47:00,BID_DEPTH,"[(99890, 165)]"
2019-06-28 09:47:00,ASK_DEPTH,"[(99949, 165)]"
2019-06-28 09:47:00,IMBALANCE,"[165, 165]"
2019-06-28 09:48:00,BID_DEPTH,"[(99932, 182)]"
2019-06-28 09:48:00,ASK_DEPTH,"[(99948, 182)]"
2019-06-28 09:48:00,IMBALANCE,"[182, 182]"
2019-06-28 09:49:00,BID_DEPTH,"[(99932, 382)]"
2019-06-28 09:49:00,ASK_DEPTH,"[(100015, 182)]"
2019-06-28 09:49:00,IMBALANCE,"[382, 182]"
2019-06-28 09:50:00,BID_DEPTH,"[(100015, 282)]"
2019-06-28 09:50:00,ASK_DEPTH,"[(100121, 182)]"
2019-06-28 09:50:00,IMBALANCE,"[282, 182]"
2019-06-28 09:51:00,BID_DEPTH,"[(100104, 264)]"
2019-06-28 09:51:00,ASK_DEPTH,"[(100159, 264)]"
2019-06-28 09:51:00,IMBALANCE,"[264, 264]"
2019-06-28 09:52:00,BID_DEPTH,"[(100015, 264)]"
2019-06-28 09:52:00,ASK_DEPTH,"[(100159, 264)]"
2019-06-28 09:52:00,IMBALANCE,"[264, 264]"
2019-06-28 09:53:00,BID_DEPTH,"[(99877, 165)]"
2019-06-28 09:53:00,ASK_DEPTH,"[(99957, 165)]"
2019-06-28 09:53:00,IMBALANCE,"[165, 165]"
2019-06-28 09:54:00,BID_DEPTH,"[(99933, 264)]"
2019-06-28 09:54:00,ASK_DEPTH,"[(99972, 264)]"
2019-06-28 09:54:00,IMBALANCE,"[264, 264]"
2019-06-28 09:55:00,BID_DEPTH,"[(99933, 427)]"
2019-06-28 09:55:00,ASK_DEPTH,"[(100104, 427)]"
2019-06-28 09:55:00,IMBALANCE,"[427, 427]"
2019-06-28 09:56:00,BID_DEPTH,"[(100104, 427)]"
2019-06-28 09:56:00,ASK_DEPTH,"[(100178, 427)]"
2019-06-28 09:56:00,IMBALANCE,"[427, 427]"
2019-06-28 09:57:00,BID_DEPTH,"[(100104, 427)]"
2019-06-28 09:57:00,ASK_DEPTH,"[(100112, 427)]"
2019-06-28 09:57:00,IMBALANCE,"[427, 427]"
2019-06-28 09:58:00,BID_DEPTH,"[(100104, 427)]"
2019-06-28 09:58:00,ASK_DEPTH,"[(100112, 427)]"
2019-06-28 09:58:00,IMBALANCE,"[427, 427]"
2019-06-28 09:59:00,BID_DEPTH,"[(100104, 165)]"
2019-06-28 09:59:00,ASK_DEPTH,"[(100139, 165)]"
2019-06-28 09:59:00,IMBALANCE,"[165, 165]"
2019-06-28 10:00:00,BID_DEPTH,"[(100104, 264)]"
2019-06-28 10:00:00,ASK_DEPTH,"[(100139, 264)]"
2019-06-28 10:00:00,IMBALANCE,"[264, 264]"
2019-06-28 10:01:00,BID_DEPTH,"[(99992, 427)]"
2019-06-28 10:01:00,ASK_DEPTH,"[(100041, 427)]"
2019-06-28 10:01:00,IMBALANCE,"[427, 427]"
2019-06-28 10:02:00,BID_DEPTH,"[(99992, 211)]"
2019-06-28 10:02:00,ASK_DEPTH,"[(100139, 211)]"
2019-06-28 10:02:00,IMBALANCE,"[211, 211]"
2019-06-28 10:03:00,BID_DEPTH,"[(100041, 364)]"
2019-06-28 10:03:00,ASK_DEPTH,"[(100139, 264)]"
2019-06-28 10:03:00,IMBALANCE,"[364, 264]"
2019-06-28 10:04:00,BID_DEPTH,"[(100041, 211)]"
2019-06-28 10:04:00,ASK_DEPTH,"[(100137, 211)]"
2019-06-28 10:04:00,IMBALANCE,"[211, 211]"
2019-06-28 10:05:00,BID_DEPTH,"[(100042, 165)]"
2019-06-28 10:05:00,ASK_DEPTH,"[(100137, 165)]"
2019-06-28 10:05:00,IMBALANCE,"[165, 165]"
2019-06-28 10:06:00,BID_DEPTH,"[(100097, 211)]"
2019-06-28 10:06:00,ASK_DEPTH,"[(100139, 211)]"
2019-06-28 10:06:00,IMBALANCE,"[211, 211]"
2019-06-28 10:07:00,BID_DEPTH,"[(100097, 427)]"
2019-06-28 10:07:00,ASK_DEPTH,"[(100148, 427)]"
2019-06-28 10:07:00,IMBALANCE,"[427, 427]"
2019-06-28 10:08:00,BID_DEPTH,"[(100097, 427)]"
2019-06-28 10:08:00,ASK_DEPTH,"[(100262, 427)]"
2019-06-28 10:08:00,IMBALANCE,"[427, 427]"
2019-06-28 10:09:00,BID_DEPTH,"[(100262, 427)]"
2019-06-28 10:09:00,ASK_DEPTH,"[(100419, 427)]"
2019-06-28 10:09:00,IMBALANCE,"[427, 427]"
2019-06-28 10:10:00,BID_DEPTH,"[(100262, 264)]"
2019-06-28 10:10:00,ASK_DEPTH,"[(100501, 264)]"
2019-06-28 10:10:00,IMBALANCE,"[264, 264]"
2019-06-28 10:11:00,BID_DEPTH,"[(100501, 182)]"
2019-06-28 10:11:00,ASK_DEPTH,"[(100609, 182)]"
2019-06-28 10:11:00,IMBALANCE,"[182, 182]"
2019-06-28 10:12:00,BID_DEPTH,"[(100604, 427)]"
2019-06-28 10:12:00,ASK_DEPTH,"[(100609, 427)]"
2019-06-28 10:12:00,IMBALANCE,"[427, 427]"
2019-06-28 10:13:00,BID_DEPTH,"[(100604, 311)]"
2019-06-28 10:13:00,ASK_DEPTH,"[(100609, 211)]"
2019-06-28 10:13:00,IMBALANCE,"[311, 211]"
2019-06-28 10:14:00,BID_DEPTH,"[(100609, 165)]"
2019-06-28 10:14:00,ASK_DEPTH,"[(100703, 165)]"
2019-06-28 10:14:00,IMBALANCE,"[165, 165]"
2019-06-28 10:15:00,BID_DEPTH,"[(100609, 182)]"
2019-06-28 10:15:00,ASK_DEPTH,"[(100661, 282)]"
2019-06-28 10:15:00,IMBALANCE,"[182, 282]"
2019-06-28 10:16:00,BID_DEPTH,"[(100610, 211)]"
2019-06-28 10:16:00,ASK_DEPTH,"[(100661, 411)]"
2019-06-28 10:16:00,IMBALANCE,"[211, 411]"
2019-06-28 10:17:00,BID_DEPTH,"[(100610, 165)]"
2019-06-28 10:17:00,ASK_DEPTH,"[(100646, 165)]"
2019-06-28 10:17:00,IMBALANCE,"[165, 165]"
2019-06-28 10:18:00,BID_DEPTH,"[(100604, 527)]"
2019-06-28 10:18:00,ASK_DEPTH,"[(100646, 427)]"
2019-06-28 10:18:00,IMBALANCE,"[527, 427]"
2019-06-28 10:19:00,BID_DEPTH,"[(100611, 182)]"
2019-06-28 10:19:00,ASK_DEPTH,"[(100661, 382)]"
2019-06-28 10:19:00,IMBALANCE,"[182, 382]"
2019-06-28 10:20:00,BID_DEPTH,"[(100661, 100)]"
2019-06-28 10:20:00,ASK_DEPTH,"[(100703, 165)]"
2019-06-28 10:20:00,IMBALANCE,"[100, 165]"
2019-06-28 10:21:00,BID_DEPTH,"[(100661, 146)]"
2019-06-28 10:21:00,ASK_DEPTH,"[(100680, 276)]"
2019-06-28 10:21:00,IMBALANCE,"[146, 276]"
2019-06-28 10:21:00,HOLDINGS_UPDATED,"{'CASH': 9194560, 'JPM': 8}"
2019-06-28 10:22:00,BID_DEPTH,"[(100611, 427)]"
2019-06-28 10:22:00,ASK_DEPTH,"[(100680, 361)]"
2019-06-28 10:22:00,IMBALANCE,"[427, 361]"
2019-06-28 10:22:00,HOLDINGS_UPDATED,"{'CASH': 8389120, 'JPM': 16}"
2019-06-28 10:23:00,BID_DEPTH,"[(100514, 165)]"
2019-06-28 10:23:00,ASK_DEPTH,"[(100679, 230)]"
2019-06-28 10:23:00,IMBALANCE,"[165, 230]"
2019-06-28 10:23:00,HOLDINGS_UPDATED,"{'CASH': 7583688, 'JPM': 24}"
2019-06-28 10:24:00,BID_DEPTH,"[(100514, 427)]"
2019-06-28 10:24:00,ASK_DEPTH,"[(100679, 357)]"
2019-06-28 10:24:00,IMBALANCE,"[427, 357]"
2019-06-28 10:24:00,HOLDINGS_UPDATED,"{'CASH': 6778256, 'JPM': 32}"
2019-06-28 10:25:00,BID_DEPTH,"[(100466, 182)]"
2019-06-28 10:25:00,ASK_DEPTH,"[(100679, 147)]"
2019-06-28 10:25:00,IMBALANCE,"[182, 147]"
2019-06-28 10:25:00,HOLDINGS_UPDATED,"{'CASH': 5972824, 'JPM': 40}"
2019-06-28 10:26:00,BID_DEPTH,"[(100466, 182)]"
2019-06-28 10:26:00,ASK_DEPTH,"[(100679, 147)]"
2019-06-28 10:26:00,IMBALANCE,"[182, 147]"
2019-06-28 10:26:00,HOLDINGS_UPDATED,"{'CASH': 5167392, 'JPM': 48}"
2019-06-28 10:27:00,BID_DEPTH,"[(100400, 165)]"
2019-06-28 10:27:00,ASK_DEPTH,"[(100572, 130)]"
2019-06-28 10:27:00,IMBALANCE,"[165, 130]"
2019-06-28 10:27:00,HOLDINGS_UPDATED,"{'CASH': 4362816, 'JPM': 56}"
2019-06-28 10:28:00,BID_DEPTH,"[(100400, 211)]"
2019-06-28 10:28:00,ASK_DEPTH,"[(100425, 176)]"
2019-06-28 10:28:00,IMBALANCE,"[211, 176]"
2019-06-28 10:28:00,HOLDINGS_UPDATED,"{'CASH': 3559416, 'JPM': 64}"
2019-06-28 10:29:00,BID_DEPTH,"[(100559, 264)]"
2019-06-28 10:29:00,ASK_DEPTH,"[(100680, 133)]"
2019-06-28 10:29:00,IMBALANCE,"[264, 133]"
2019-06-28 10:29:00,HOLDINGS_UPDATED,"{'CASH': 2753976, 'JPM': 72}"
2019-06-28 10:30:00,BID_DEPTH,"[(100425, 211)]"
2019-06-28 10:30:00,ASK_DEPTH,"[(100721, 176)]"
2019-06-28 10:30:00,IMBALANCE,"[211, 176]"
2019-06-28 10:30:00,HOLDINGS_UPDATED,"{'CASH': 1948208, 'JPM': 80}"
2019-06-28 10:31:00,BID_DEPTH,"[(100624, 211)]"
2019-06-28 10:31:00,ASK_DEPTH,"[(100717, 176)]"
2019-06-28 10:31:00,IMBALANCE,"[211, 176]"
2019-06-28 10:31:00,HOLDINGS_UPDATED,"{'CASH': 1142472, 'JPM': 88}"
2019-06-28 10:32:00,BID_DEPTH,"[(100425, 165)]"
2019-06-28 10:32:00,ASK_DEPTH,"[(100759, 130)]"
2019-06-28 10:32:00,IMBALANCE,"[165, 130]"
2019-06-28 10:32:00,HOLDINGS_UPDATED,"{'CASH': 336400, 'JPM': 96}"
2019-06-28 10:33:00,BID_DEPTH,"[(100466, 182)]"
2019-06-28 10:33:00,ASK_DEPTH,"[(100759, 147)]"
2019-06-28 10:33:00,IMBALANCE,"[182, 147]"
2019-06-28 10:33:00,HOLDINGS_UPDATED,"{'CASH': -469672, 'JPM': 104}"
2019-06-28 10:34:00,BID_DEPTH,"[(100466, 165)]"
2019-06-28 10:34:00,ASK_DEPTH,"[(100759, 130)]"
2019-06-28 10:34:00,IMBALANCE,"[165, 130]"
2019-06-28 10:34:00,HOLDINGS_UPDATED,"{'CASH': -1275744, 'JPM': 112}"
2019-06-28 10:35:00,BID_DEPTH,"[(100425, 264)]"
2019-06-28 10:35:00,ASK_DEPTH,"[(100759, 229)]"
2019-06-28 10:35:00,IMBALANCE,"[264, 229]"
2019-06-28 10:35:00,HOLDINGS_UPDATED,"{'CASH': -2081816, 'JPM': 120}"
2019-06-28 10:36:00,BID_DEPTH,"[(100260, 427)]"
2019-06-28 10:36:00,ASK_DEPTH,"[(100774, 392)]"
2019-06-28 10:36:00,IMBALANCE,"[427, 392]"
2019-06-28 10:36:00,HOLDINGS_UPDATED,"{'CASH': -2888008, 'JPM': 128}"
2019-06-28 10:37:00,BID_DEPTH,"[(100187, 165)]"
2019-06-28 10:37:00,ASK_DEPTH,"[(100774, 130)]"
2019-06-28 10:37:00,IMBALANCE,"[165, 130]"
2019-06-28 10:37:00,HOLDINGS_UPDATED,"{'CASH': -3694200, 'JPM': 136}"
2019-06-28 10:38:00,BID_DEPTH,"[(100187, 264)]"
2019-06-28 10:38:00,ASK_DEPTH,"[(100774, 229)]"
2019-06-28 10:38:00,IMBALANCE,"[264, 229]"
2019-06-28 10:38:00,HOLDINGS_UPDATED,"{'CASH': -4500392, 'JPM': 144}"
2019-06-28 10:39:00,BID_DEPTH,"[(100134, 182)]"
2019-06-28 10:39:00,ASK_DEPTH,"[(100774, 147)]"
2019-06-28 10:39:00,IMBALANCE,"[182, 147]"
2019-06-28 10:39:00,HOLDINGS_UPDATED,"{'CASH': -5306584, 'JPM': 152}"
2019-06-28 10:40:00,BID_DEPTH,"[(100134, 182)]"
2019-06-28 10:40:00,ASK_DEPTH,"[(100774, 147)]"
2019-06-28 10:40:00,IMBALANCE,"[182, 147]"
2019-06-28 10:40:00,HOLDINGS_UPDATED,"{'CASH': -6112776, 'JPM': 160}"
2019-06-28 10:41:00,BID_DEPTH,"[(99825, 264)]"
2019-06-28 10:41:00,ASK_DEPTH,"[(100134, 229)]"
2019-06-28 10:41:00,IMBALANCE,"[264, 229]"
2019-06-28 10:41:00,HOLDINGS_UPDATED,"{'CASH': -6913848, 'JPM': 168}"
2019-06-28 10:42:00,BID_DEPTH,"[(99825, 264)]"
2019-06-28 10:42:00,ASK_DEPTH,"[(100070, 229)]"
2019-06-28 10:42:00,IMBALANCE,"[264, 229]"
2019-06-28 10:42:00,HOLDINGS_UPDATED,"{'CASH': -7714408, 'JPM': 176}"
2019-06-28 10:43:00,BID_DEPTH,"[(100070, 427)]"
2019-06-28 10:43:00,ASK_DEPTH,"[(100218, 492)]"
2019-06-28 10:43:00,IMBALANCE,"[427, 492]"
2019-06-28 10:43:00,HOLDINGS_UPDATED,"{'CASH': -8516152, 'JPM': 184}"
2019-06-28 10:44:00,BID_DEPTH,"[(100070, 211)]"
2019-06-28 10:44:00,ASK_DEPTH,"[(100774, 176)]"
2019-06-28 10:44:00,IMBALANCE,"[211, 176]"
2019-06-28 10:44:00,HOLDINGS_UPDATED,"{'CASH': -9322344, 'JPM': 192}"
2019-06-28 10:45:00,BID_DEPTH,"[(100118, 427)]"
2019-06-28 10:45:00,ASK_DEPTH,"[(100401, 392)]"
2019-06-28 10:45:00,IMBALANCE,"[427, 392]"
2019-06-28 10:45:00,HOLDINGS_UPDATED,"{'CASH': -10125552, 'JPM': 200}"
2019-06-28 10:46:00,BID_DEPTH,"[(100118, 182)]"
2019-06-28 10:46:00,ASK_DEPTH,"[(100562, 147)]"
2019-06-28 10:46:00,IMBALANCE,"[182, 147]"
2019-06-28 10:46:00,HOLDINGS_UPDATED,"{'CASH': -10930048, 'JPM': 208}"
2019-06-28 10:47:00,BID_DEPTH,"[(100562, 165)]"
2019-06-28 10:47:00,ASK_DEPTH,"[(100775, 130)]"
2019-06-28 10:47:00,IMBALANCE,"[165, 130]"
2019-06-28 10:47:00,HOLDINGS_UPDATED,"{'CASH': -11736248, 'JPM': 216}"
2019-06-28 10:48:00,BID_DEPTH,"[(100609, 427)]"
2019-06-28 10:48:00,ASK_DEPTH,"[(100837, 392)]"
2019-06-28 10:48:00,IMBALANCE,"[427, 392]"
2019-06-28 10:48:00,HOLDINGS_UPDATED,"{'CASH': -12542944, 'JPM': 224}"
2019-06-28 10:49:00,BID_DEPTH,"[(100664, 182)]"
2019-06-28 10:49:00,ASK_DEPTH,"[(100796, 147)]"
2019-06-28 10:49:00,IMBALANCE,"[182, 147]"
2019-06-28 10:49:00,HOLDINGS_UPDATED,"{'CASH': -13349312, 'JPM': 232}"
2019-06-28 10:50:00,BID_DEPTH,"[(100529, 165)]"
2019-06-28 10:50:00,ASK_DEPTH,"[(100676, 130)]"
2019-06-28 10:50:00,IMBALANCE,"[165, 130]"
2019-06-28 10:50:00,HOLDINGS_UPDATED,"{'CASH': -14154720, 'JPM': 240}"
2019-06-28 10:51:00,BID_DEPTH,"[(100822, 211)]"
2019-06-28 10:51:00,ASK_DEPTH,"[(100935, 176)]"
2019-06-28 10:51:00,IMBALANCE,"[211, 176]"
2019-06-28 10:51:00,HOLDINGS_UPDATED,"{'CASH': -14962200, 'JPM': 248}"
2019-06-28 10:52:00,BID_DEPTH,"[(100900, 211)]"
2019-06-28 10:52:00,ASK_DEPTH,"[(101200, 176)]"
2019-06-28 10:52:00,IMBALANCE,"[211, 176]"
2019-06-28 10:52:00,HOLDINGS_UPDATED,"{'CASH': -15771800, 'JPM': 256}"
2019-06-28 10:53:00,BID_DEPTH,"[(100840, 182)]"
2019-06-28 10:53:00,ASK_DEPTH,"[(101200, 51)]"
2019-06-28 10:53:00,IMBALANCE,"[182, 51]"
2019-06-28 10:53:00,HOLDINGS_UPDATED,"{'CASH': -16581400, 'JPM': 264}"
2019-06-28 10:54:00,BID_DEPTH,"[(101200, 67)]"
2019-06-28 10:54:00,ASK_DEPTH,"[(101244, 87)]"
2019-06-28 10:54:00,IMBALANCE,"[67, 87]"
2019-06-28 10:54:00,HOLDINGS_UPDATED,"{'CASH': -17391352, 'JPM': 272}"
2019-06-28 10:55:00,BID_DEPTH,"[(101244, 83)]"
2019-06-28 10:55:00,ASK_DEPTH,"[(101263, 239)]"
2019-06-28 10:55:00,IMBALANCE,"[83, 239]"
2019-06-28 10:55:00,HOLDINGS_UPDATED,"{'CASH': -18201456, 'JPM': 280}"
2019-06-28 10:56:00,BID_DEPTH,"[(101200, 113)]"
2019-06-28 10:56:00,ASK_DEPTH,"[(101263, 237)]"
2019-06-28 10:56:00,IMBALANCE,"[113, 237]"
2019-06-28 10:56:00,HOLDINGS_UPDATED,"{'CASH': -19011560, 'JPM': 288}"
2019-06-28 10:57:00,BID_DEPTH,"[(100758, 165)]"
2019-06-28 10:57:00,ASK_DEPTH,"[(101262, 130)]"
2019-06-28 10:57:00,IMBALANCE,"[165, 130]"
2019-06-28 10:57:00,HOLDINGS_UPDATED,"{'CASH': -19821656, 'JPM': 296}"
2019-06-28 10:58:00,BID_DEPTH,"[(100529, 165)]"
2019-06-28 10:58:00,ASK_DEPTH,"[(100758, 265)]"
2019-06-28 10:58:00,IMBALANCE,"[165, 265]"
2019-06-28 10:58:00,HOLDINGS_UPDATED,"{'CASH': -20627720, 'JPM': 304}"
2019-06-28 10:59:00,BID_DEPTH,"[(100113, 211)]"
2019-06-28 10:59:00,ASK_DEPTH,"[(100758, 176)]"
2019-06-28 10:59:00,IMBALANCE,"[211, 176]"
2019-06-28 10:59:00,HOLDINGS_UPDATED,"{'CASH': -21433784, 'JPM': 312}"
2019-06-28 11:00:00,BID_DEPTH,"[(100070, 264)]"
2019-06-28 11:00:00,ASK_DEPTH,"[(100758, 229)]"
2019-06-28 11:00:00,IMBALANCE,"[264, 229]"
2019-06-28 11:00:00,HOLDINGS_UPDATED,"{'CASH': -22239848, 'JPM': 320}"
2019-06-28 11:01:00,BID_DEPTH,"[(99475, 182)]"
2019-06-28 11:01:00,ASK_DEPTH,"[(99511, 147)]"
2019-06-28 11:01:00,IMBALANCE,"[182, 147]"
2019-06-28 11:01:00,HOLDINGS_UPDATED,"{'CASH': -23035936, 'JPM': 328}"
2019-06-28 11:02:00,BID_DEPTH,"[(99558, 165)]"
2019-06-28 11:02:00,ASK_DEPTH,"[(100194, 130)]"
2019-06-28 11:02:00,IMBALANCE,"[165, 130]"
2019-06-28 11:02:00,HOLDINGS_UPDATED,"{'CASH': -23837488, 'JPM': 336}"
2019-06-28 11:03:00,BID_DEPTH,"[(99680, 182)]"
2019-06-28 11:03:00,ASK_DEPTH,"[(99778, 147)]"
2019-06-28 11:03:00,IMBALANCE,"[182, 147]"
2019-06-28 11:03:00,HOLDINGS_UPDATED,"{'CASH': -24635712, 'JPM': 344}"
2019-06-28 11:04:00,BID_DEPTH,"[(99680, 211)]"
2019-06-28 11:04:00,ASK_DEPTH,"[(99778, 276)]"
2019-06-28 11:04:00,IMBALANCE,"[211, 276]"
2019-06-28 11:04:00,HOLDINGS_UPDATED,"{'CASH': -25433936, 'JPM': 352}"
2019-06-28 11:05:00,BID_DEPTH,"[(99511, 211)]"
2019-06-28 11:05:00,ASK_DEPTH,"[(99778, 137)]"
2019-06-28 11:05:00,IMBALANCE,"[211, 137]"
2019-06-28 11:05:00,HOLDINGS_UPDATED,"{'CASH': -26232160, 'JPM': 360}"
2019-06-28 11:06:00,BID_DEPTH,"[(99475, 264)]"
2019-06-28 11:06:00,ASK_DEPTH,"[(99778, 229)]"
2019-06-28 11:06:00,IMBALANCE,"[264, 229]"
2019-06-28 11:06:00,HOLDINGS_UPDATED,"{'CASH': -27030384, 'JPM': 368}"
2019-06-28 11:07:00,BID_DEPTH,"[(99475, 147)]"
2019-06-28 11:07:00,ASK_DEPTH,"[(101263, 186)]"
2019-06-28 11:07:00,IMBALANCE,"[147, 186]"
2019-06-28 11:07:00,HOLDINGS_UPDATED,"{'CASH': -26234584, 'JPM': 360}"
2019-06-28 11:08:00,BID_DEPTH,"[(99346, 229)]"
2019-06-28 11:08:00,ASK_DEPTH,"[(99417, 264)]"
2019-06-28 11:08:00,IMBALANCE,"[229, 264]"
2019-06-28 11:08:00,HOLDINGS_UPDATED,"{'CASH': -25439816, 'JPM': 352}"
2019-06-28 11:09:00,BID_DEPTH,"[(99274, 147)]"
2019-06-28 11:09:00,ASK_DEPTH,"[(99345, 182)]"
2019-06-28 11:09:00,IMBALANCE,"[147, 182]"
2019-06-28 11:09:00,HOLDINGS_UPDATED,"{'CASH': -24645624, 'JPM': 344}"
2019-06-28 11:10:00,BID_DEPTH,"[(99112, 130)]"
2019-06-28 11:10:00,ASK_DEPTH,"[(99345, 165)]"
2019-06-28 11:10:00,IMBALANCE,"[130, 165]"
2019-06-28 11:10:00,HOLDINGS_UPDATED,"{'CASH': -23852728, 'JPM': 336}"
2019-06-28 11:11:00,BID_DEPTH,"[(99112, 51)]"
2019-06-28 11:11:00,ASK_DEPTH,"[(99346, 96)]"
2019-06-28 11:11:00,IMBALANCE,"[51, 96]"
2019-06-28 11:11:00,HOLDINGS_UPDATED,"{'CASH': -23059832, 'JPM': 328}"
2019-06-28 11:12:00,BID_DEPTH,"[(99346, 51)]"
2019-06-28 11:12:00,ASK_DEPTH,"[(99416, 182)]"
2019-06-28 11:12:00,IMBALANCE,"[51, 182]"
2019-06-28 11:12:00,HOLDINGS_UPDATED,"{'CASH': -22265064, 'JPM': 320}"
2019-06-28 11:13:00,BID_DEPTH,"[(99357, 176)]"
2019-06-28 11:13:00,ASK_DEPTH,"[(99416, 211)]"
2019-06-28 11:13:00,IMBALANCE,"[176, 211]"
2019-06-28 11:13:00,HOLDINGS_UPDATED,"{'CASH': -21470208, 'JPM': 312}"
2019-06-28 11:14:00,BID_DEPTH,"[(99346, 80)]"
2019-06-28 11:14:00,ASK_DEPTH,"[(99394, 182)]"
2019-06-28 11:14:00,IMBALANCE,"[80, 182]"
2019-06-28 11:14:00,HOLDINGS_UPDATED,"{'CASH': -20675440, 'JPM': 304}"
2019-06-28 11:15:00,BID_DEPTH,"[(99346, 57)]"
2019-06-28 11:15:00,ASK_DEPTH,"[(99394, 165)]"
2019-06-28 11:15:00,IMBALANCE,"[57, 165]"
2019-06-28 11:15:00,HOLDINGS_UPDATED,"{'CASH': -19880672, 'JPM': 296}"
2019-06-28 11:16:00,BID_DEPTH,"[(99346, 143)]"
2019-06-28 11:16:00,ASK_DEPTH,"[(99394, 264)]"
2019-06-28 11:16:00,IMBALANCE,"[143, 264]"
2019-06-28 11:16:00,HOLDINGS_UPDATED,"{'CASH': -19085904, 'JPM': 288}"
2019-06-28 11:17:00,BID_DEPTH,"[(99113, 130)]"
2019-06-28 11:17:00,ASK_DEPTH,"[(99416, 165)]"
2019-06-28 11:17:00,IMBALANCE,"[130, 165]"
2019-06-28 11:17:00,HOLDINGS_UPDATED,"{'CASH': -18293000, 'JPM': 280}"
2019-06-28 11:18:00,BID_DEPTH,"[(99469, 229)]"
2019-06-28 11:18:00,ASK_DEPTH,"[(99519, 264)]"
2019-06-28 11:18:00,IMBALANCE,"[229, 264]"
2019-06-28 11:18:00,HOLDINGS_UPDATED,"{'CASH': -17497248, 'JPM': 272}"
2019-06-28 11:19:00,BID_DEPTH,"[(99395, 130)]"
2019-06-28 11:19:00,ASK_DEPTH,"[(99469, 136)]"
2019-06-28 11:19:00,IMBALANCE,"[130, 136]"
2019-06-28 11:19:00,HOLDINGS_UPDATED,"{'CASH': -16702088, 'JPM': 264}"
2019-06-28 11:20:00,BID_DEPTH,"[(99469, 193)]"
2019-06-28 11:20:00,ASK_DEPTH,"[(99519, 264)]"
2019-06-28 11:20:00,IMBALANCE,"[193, 264]"
2019-06-28 11:20:00,HOLDINGS_UPDATED,"{'CASH': -15906336, 'JPM': 256}"
2019-06-28 11:21:00,BID_DEPTH,"[(99519, 229)]"
2019-06-28 11:21:00,ASK_DEPTH,"[(99730, 264)]"
2019-06-28 11:21:00,IMBALANCE,"[229, 264]"
2019-06-28 11:21:00,HOLDINGS_UPDATED,"{'CASH': -15110184, 'JPM': 248}"
2019-06-28 11:22:00,BID_DEPTH,"[(100126, 147)]"
2019-06-28 11:22:00,ASK_DEPTH,"[(100194, 182)]"
2019-06-28 11:22:00,IMBALANCE,"[147, 182]"
2019-06-28 11:22:00,HOLDINGS_UPDATED,"{'CASH': -14309176, 'JPM': 240}"
2019-06-28 11:23:00,BID_DEPTH,"[(99895, 392)]"
2019-06-28 11:23:00,ASK_DEPTH,"[(100005, 427)]"
2019-06-28 11:23:00,IMBALANCE,"[392, 427]"
2019-06-28 11:23:00,HOLDINGS_UPDATED,"{'CASH': -13510016, 'JPM': 232}"
2019-06-28 11:24:00,BID_DEPTH,"[(99874, 229)]"
2019-06-28 11:24:00,ASK_DEPTH,"[(100193, 264)]"
2019-06-28 11:24:00,IMBALANCE,"[229, 264]"
2019-06-28 11:24:00,HOLDINGS_UPDATED,"{'CASH': -12711024, 'JPM': 224}"
2019-06-28 11:25:00,BID_DEPTH,"[(100133, 147)]"
2019-06-28 11:25:00,ASK_DEPTH,"[(100173, 182)]"
2019-06-28 11:25:00,IMBALANCE,"[147, 182]"
2019-06-28 11:25:00,HOLDINGS_UPDATED,"{'CASH': -11909960, 'JPM': 216}"
2019-06-28 11:26:00,BID_DEPTH,"[(99874, 130)]"
2019-06-28 11:26:00,ASK_DEPTH,"[(100173, 165)]"
2019-06-28 11:26:00,IMBALANCE,"[130, 165]"
2019-06-28 11:26:00,HOLDINGS_UPDATED,"{'CASH': -11110968, 'JPM': 208}"
2019-06-28 11:27:00,BID_DEPTH,"[(99874, 147)]"
2019-06-28 11:27:00,ASK_DEPTH,"[(100173, 182)]"
2019-06-28 11:27:00,IMBALANCE,"[147, 182]"
2019-06-28 11:27:00,HOLDINGS_UPDATED,"{'CASH': -10311976, 'JPM': 200}"
2019-06-28 11:28:00,BID_DEPTH,"[(99874, 147)]"
2019-06-28 11:28:00,ASK_DEPTH,"[(100173, 182)]"
2019-06-28 11:28:00,IMBALANCE,"[147, 182]"
2019-06-28 11:28:00,HOLDINGS_UPDATED,"{'CASH': -9512984, 'JPM': 192}"
2019-06-28 11:29:00,BID_DEPTH,"[(99828, 130)]"
2019-06-28 11:29:00,ASK_DEPTH,"[(100489, 165)]"
2019-06-28 11:29:00,IMBALANCE,"[130, 165]"
2019-06-28 11:29:00,HOLDINGS_UPDATED,"{'CASH': -8714360, 'JPM': 184}"
2019-06-28 11:30:00,BID_DEPTH,"[(99828, 392)]"
2019-06-28 11:30:00,ASK_DEPTH,"[(100373, 427)]"
2019-06-28 11:30:00,IMBALANCE,"[392, 427]"
2019-06-28 11:30:00,HOLDINGS_UPDATED,"{'CASH': -7915736, 'JPM': 176}"
2019-06-28 11:31:00,BID_DEPTH,"[(99828, 147)]"
2019-06-28 11:31:00,ASK_DEPTH,"[(100373, 182)]"
2019-06-28 11:31:00,IMBALANCE,"[147, 182]"
2019-06-28 11:31:00,HOLDINGS_UPDATED,"{'CASH': -7117112, 'JPM': 168}"
2019-06-28 11:32:00,BID_DEPTH,"[(100121, 229)]"
2019-06-28 11:32:00,ASK_DEPTH,"[(101069, 264)]"
2019-06-28 11:32:00,IMBALANCE,"[229, 264]"
2019-06-28 11:32:00,HOLDINGS_UPDATED,"{'CASH': -6316144, 'JPM': 160}"
2019-06-28 11:33:00,BID_DEPTH,"[(100121, 229)]"
2019-06-28 11:33:00,ASK_DEPTH,"[(101069, 264)]"
2019-06-28 11:33:00,IMBALANCE,"[229, 264]"
2019-06-28 11:33:00,HOLDINGS_UPDATED,"{'CASH': -5515176, 'JPM': 152}"
2019-06-28 11:34:00,BID_DEPTH,"[(100121, 130)]"
2019-06-28 11:34:00,ASK_DEPTH,"[(100396, 165)]"
2019-06-28 11:34:00,IMBALANCE,"[130, 165]"
2019-06-28 11:34:00,HOLDINGS_UPDATED,"{'CASH': -4714208, 'JPM': 144}"
2019-06-28 11:35:00,BID_DEPTH,"[(100177, 130)]"
2019-06-28 11:35:00,ASK_DEPTH,"[(100396, 165)]"
2019-06-28 11:35:00,IMBALANCE,"[130, 165]"
2019-06-28 11:35:00,HOLDINGS_UPDATED,"{'CASH': -3912792, 'JPM': 136}"
2019-06-28 11:36:00,BID_DEPTH,"[(100177, 176)]"
2019-06-28 11:36:00,ASK_DEPTH,"[(100396, 211)]"
2019-06-28 11:36:00,IMBALANCE,"[176, 211]"
2019-06-28 11:36:00,HOLDINGS_UPDATED,"{'CASH': -3111376, 'JPM': 128}"
2019-06-28 11:37:00,BID_DEPTH,"[(100102, 130)]"
2019-06-28 11:37:00,ASK_DEPTH,"[(100150, 165)]"
2019-06-28 11:37:00,IMBALANCE,"[130, 165]"
2019-06-28 11:37:00,HOLDINGS_UPDATED,"{'CASH': -2310560, 'JPM': 120}"
2019-06-28 11:38:00,BID_DEPTH,"[(100097, 211)]"
2019-06-28 11:38:00,ASK_DEPTH,"[(100396, 176)]"
2019-06-28 11:38:00,IMBALANCE,"[211, 176]"
2019-06-28 11:38:00,HOLDINGS_UPDATED,"{'CASH': -3113728, 'JPM': 128}"
2019-06-28 11:39:00,BID_DEPTH,"[(100396, 264)]"
2019-06-28 11:39:00,ASK_DEPTH,"[(100492, 229)]"
2019-06-28 11:39:00,IMBALANCE,"[264, 229]"
2019-06-28 11:39:00,HOLDINGS_UPDATED,"{'CASH': -3917664, 'JPM': 136}"
2019-06-28 11:40:00,BID_DEPTH,"[(100877, 264)]"
2019-06-28 11:40:00,ASK_DEPTH,"[(101170, 229)]"
2019-06-28 11:40:00,IMBALANCE,"[264, 229]"
2019-06-28 11:40:00,HOLDINGS_UPDATED,"{'CASH': -4727024, 'JPM': 144}"
2019-06-28 11:41:00,BID_DEPTH,"[(100877, 182)]"
2019-06-28 11:41:00,ASK_DEPTH,"[(101197, 147)]"
2019-06-28 11:41:00,IMBALANCE,"[182, 147]"
2019-06-28 11:41:00,HOLDINGS_UPDATED,"{'CASH': -5536600, 'JPM': 152}"
2019-06-28 11:42:00,BID_DEPTH,"[(100877, 182)]"
2019-06-28 11:42:00,ASK_DEPTH,"[(101197, 51)]"
2019-06-28 11:42:00,IMBALANCE,"[182, 51]"
2019-06-28 11:42:00,HOLDINGS_UPDATED,"{'CASH': -6346176, 'JPM': 160}"
2019-06-28 11:43:00,BID_DEPTH,"[(101197, 84)]"
2019-06-28 11:43:00,ASK_DEPTH,"[(101288, 147)]"
2019-06-28 11:43:00,IMBALANCE,"[84, 147]"
2019-06-28 11:43:00,HOLDINGS_UPDATED,"{'CASH': -7156480, 'JPM': 168}"
2019-06-28 11:44:00,BID_DEPTH,"[(101197, 67)]"
2019-06-28 11:44:00,ASK_DEPTH,"[(101322, 130)]"
2019-06-28 11:44:00,IMBALANCE,"[67, 130]"
2019-06-28 11:44:00,HOLDINGS_UPDATED,"{'CASH': -7967056, 'JPM': 176}"
2019-06-28 11:45:00,BID_DEPTH,"[(100877, 427)]"
2019-06-28 11:45:00,ASK_DEPTH,"[(101197, 325)]"
2019-06-28 11:45:00,IMBALANCE,"[427, 325]"
2019-06-28 11:45:00,HOLDINGS_UPDATED,"{'CASH': -8776632, 'JPM': 184}"
2019-06-28 11:46:00,BID_DEPTH,"[(101197, 213)]"
2019-06-28 11:46:00,ASK_DEPTH,"[(101418, 147)]"
2019-06-28 11:46:00,IMBALANCE,"[213, 147]"
2019-06-28 11:46:00,HOLDINGS_UPDATED,"{'CASH': -9587976, 'JPM': 192}"
2019-06-28 11:47:00,BID_DEPTH,"[(101475, 100)]"
2019-06-28 11:47:00,ASK_DEPTH,"[(101589, 147)]"
2019-06-28 11:47:00,IMBALANCE,"[100, 147]"
2019-06-28 11:47:00,HOLDINGS_UPDATED,"{'CASH': -10400688, 'JPM': 200}"
2019-06-28 11:48:00,BID_DEPTH,"[(101475, 83)]"
2019-06-28 11:48:00,ASK_DEPTH,"[(101589, 34)]"
2019-06-28 11:48:00,IMBALANCE,"[83, 34]"
2019-06-28 11:48:00,HOLDINGS_UPDATED,"{'CASH': -11213400, 'JPM': 208}"
2019-06-28 11:49:00,BID_DEPTH,"[(101589, 166)]"
2019-06-28 11:49:00,ASK_DEPTH,"[(101773, 169)]"
2019-06-28 11:49:00,IMBALANCE,"[166, 169]"
2019-06-28 11:49:00,HOLDINGS_UPDATED,"{'CASH': -11315173, 'JPM': 209}"
2019-06-28 11:49:00,HOLDINGS_UPDATED,"{'CASH': -11722265, 'JPM': 213}"
2019-06-28 11:49:00,HOLDINGS_UPDATED,"{'CASH': -12027584, 'JPM': 216}"
2019-06-28 11:50:00,BID_DEPTH,"[(101773, 195)]"
2019-06-28 11:50:00,ASK_DEPTH,"[(101831, 229)]"
2019-06-28 11:50:00,IMBALANCE,"[195, 229]"
2019-06-28 11:50:00,HOLDINGS_UPDATED,"{'CASH': -12842232, 'JPM': 224}"
2019-06-28 11:51:00,BID_DEPTH,"[(101774, 260)]"
2019-06-28 11:51:00,ASK_DEPTH,"[(101871, 229)]"
2019-06-28 11:51:00,IMBALANCE,"[260, 229]"
2019-06-28 11:51:00,HOLDINGS_UPDATED,"{'CASH': -13657200, 'JPM': 232}"
2019-06-28 11:52:00,BID_DEPTH,"[(101774, 260)]"
2019-06-28 11:52:00,ASK_DEPTH,"[(101871, 233)]"
2019-06-28 11:52:00,IMBALANCE,"[260, 233]"
2019-06-28 11:52:00,HOLDINGS_UPDATED,"{'CASH': -14472168, 'JPM': 240}"
2019-06-28 11:53:00,BID_DEPTH,"[(101661, 264)]"
2019-06-28 11:53:00,ASK_DEPTH,"[(101756, 164)]"
2019-06-28 11:53:00,IMBALANCE,"[264, 164]"
2019-06-28 11:53:00,HOLDINGS_UPDATED,"{'CASH': -15286216, 'JPM': 248}"
2019-06-28 11:54:00,BID_DEPTH,"[(101599, 182)]"
2019-06-28 11:54:00,ASK_DEPTH,"[(101661, 147)]"
2019-06-28 11:54:00,IMBALANCE,"[182, 147]"
2019-06-28 11:54:00,HOLDINGS_UPDATED,"{'CASH': -16099504, 'JPM': 256}"
2019-06-28 11:55:00,BID_DEPTH,"[(101599, 211)]"
2019-06-28 11:55:00,ASK_DEPTH,"[(101661, 280)]"
2019-06-28 11:55:00,IMBALANCE,"[211, 280]"
2019-06-28 11:55:00,HOLDINGS_UPDATED,"{'CASH': -16912792, 'JPM': 264}"
2019-06-28 11:56:00,BID_DEPTH,"[(101589, 329)]"
2019-06-28 11:56:00,ASK_DEPTH,"[(101660, 492)]"
2019-06-28 11:56:00,IMBALANCE,"[329, 492]"
2019-06-28 11:56:00,HOLDINGS_UPDATED,"{'CASH': -17726072, 'JPM': 272}"
2019-06-28 11:57:00,BID_DEPTH,"[(101404, 165)]"
2019-06-28 11:57:00,ASK_DEPTH,"[(101589, 46)]"
2019-06-28 11:57:00,IMBALANCE,"[165, 46]"
2019-06-28 11:57:00,HOLDINGS_UPDATED,"{'CASH': -18538784, 'JPM': 280}"
2019-06-28 11:58:00,BID_DEPTH,"[(101600, 182)]"
2019-06-28 11:58:00,ASK_DEPTH,"[(101661, 116)]"
2019-06-28 11:58:00,IMBALANCE,"[182, 116]"
2019-06-28 11:58:00,HOLDINGS_UPDATED,"{'CASH': -19352072, 'JPM': 288}"
2019-06-28 11:59:00,BID_DEPTH,"[(101600, 211)]"
2019-06-28 11:59:00,ASK_DEPTH,"[(101689, 176)]"
2019-06-28 11:59:00,IMBALANCE,"[211, 176]"
2019-06-28 11:59:00,HOLDINGS_UPDATED,"{'CASH': -20165584, 'JPM': 296}"
2019-06-28 12:00:00,BID_DEPTH,"[(101589, 171)]"
2019-06-28 12:00:00,ASK_DEPTH,"[(101710, 229)]"
2019-06-28 12:00:00,IMBALANCE,"[171, 229]"
2019-06-28 12:00:00,HOLDINGS_UPDATED,"{'CASH': -20979264, 'JPM': 304}"
2019-06-28 12:01:00,BID_DEPTH,"[(101694, 211)]"
2019-06-28 12:01:00,ASK_DEPTH,"[(101756, 80)]"
2019-06-28 12:01:00,IMBALANCE,"[211, 80]"
2019-06-28 12:01:00,HOLDINGS_UPDATED,"{'CASH': -21793312, 'JPM': 312}"
2019-06-28 12:02:00,BID_DEPTH,"[(101340, 182)]"
2019-06-28 12:02:00,ASK_DEPTH,"[(101694, 147)]"
2019-06-28 12:02:00,IMBALANCE,"[182, 147]"
2019-06-28 12:02:00,HOLDINGS_UPDATED,"{'CASH': -22606864, 'JPM': 320}"
2019-06-28 12:03:00,BID_DEPTH,"[(101335, 264)]"
2019-06-28 12:03:00,ASK_DEPTH,"[(101693, 229)]"
2019-06-28 12:03:00,IMBALANCE,"[264, 229]"
2019-06-28 12:03:00,HOLDINGS_UPDATED,"{'CASH': -23420408, 'JPM': 328}"
2019-06-28 12:04:00,BID_DEPTH,"[(101335, 264)]"
2019-06-28 12:04:00,ASK_DEPTH,"[(101694, 229)]"
2019-06-28 12:04:00,IMBALANCE,"[264, 229]"
2019-06-28 12:04:00,HOLDINGS_UPDATED,"{'CASH': -24233960, 'JPM': 336}"
2019-06-28 12:05:00,BID_DEPTH,"[(101335, 427)]"
2019-06-28 12:05:00,ASK_DEPTH,"[(101587, 392)]"
2019-06-28 12:05:00,IMBALANCE,"[427, 392]"
2019-06-28 12:05:00,HOLDINGS_UPDATED,"{'CASH': -25046656, 'JPM': 344}"
2019-06-28 12:06:00,BID_DEPTH,"[(101197, 182)]"
2019-06-28 12:06:00,ASK_DEPTH,"[(101756, 239)]"
2019-06-28 12:06:00,IMBALANCE,"[182, 239]"
2019-06-28 12:06:00,HOLDINGS_UPDATED,"{'CASH': -25860704, 'JPM': 352}"
2019-06-28 12:07:00,BID_DEPTH,"[(101146, 165)]"
2019-06-28 12:07:00,ASK_DEPTH,"[(101755, 130)]"
2019-06-28 12:07:00,IMBALANCE,"[165, 130]"
2019-06-28 12:07:00,HOLDINGS_UPDATED,"{'CASH': -26674744, 'JPM': 360}"
2019-06-28 12:08:00,BID_DEPTH,"[(101146, 264)]"
2019-06-28 12:08:00,ASK_DEPTH,"[(101329, 229)]"
2019-06-28 12:08:00,IMBALANCE,"[264, 229]"
2019-06-28 12:08:00,HOLDINGS_UPDATED,"{'CASH': -27485376, 'JPM': 368}"
2019-06-28 12:09:00,BID_DEPTH,"[(101060, 427)]"
2019-06-28 12:09:00,ASK_DEPTH,"[(101191, 392)]"
2019-06-28 12:09:00,IMBALANCE,"[427, 392]"
2019-06-28 12:09:00,HOLDINGS_UPDATED,"{'CASH': -28294904, 'JPM': 376}"
2019-06-28 12:10:00,BID_DEPTH,"[(101121, 165)]"
2019-06-28 12:10:00,ASK_DEPTH,"[(101297, 130)]"
2019-06-28 12:10:00,IMBALANCE,"[165, 130]"
2019-06-28 12:10:00,HOLDINGS_UPDATED,"{'CASH': -29105280, 'JPM': 384}"
2019-06-28 12:11:00,BID_DEPTH,"[(101121, 264)]"
2019-06-28 12:11:00,ASK_DEPTH,"[(101310, 229)]"
2019-06-28 12:11:00,IMBALANCE,"[264, 229]"
2019-06-28 12:11:00,HOLDINGS_UPDATED,"{'CASH': -29915760, 'JPM': 392}"
2019-06-28 12:12:00,BID_DEPTH,"[(101121, 427)]"
2019-06-28 12:12:00,ASK_DEPTH,"[(101755, 392)]"
2019-06-28 12:12:00,IMBALANCE,"[427, 392]"
2019-06-28 12:12:00,HOLDINGS_UPDATED,"{'CASH': -30729800, 'JPM': 400}"
2019-06-28 12:13:00,BID_DEPTH,"[(101755, 165)]"
2019-06-28 12:13:00,ASK_DEPTH,"[(101756, 87)]"
2019-06-28 12:13:00,IMBALANCE,"[165, 87]"
2019-06-28 12:13:00,HOLDINGS_UPDATED,"{'CASH': -31543848, 'JPM': 408}"
2019-06-28 12:14:00,BID_DEPTH,"[(101755, 264)]"
2019-06-28 12:14:00,ASK_DEPTH,"[(101756, 146)]"
2019-06-28 12:14:00,IMBALANCE,"[264, 146]"
2019-06-28 12:14:00,HOLDINGS_UPDATED,"{'CASH': -32357896, 'JPM': 416}"
2019-06-28 12:15:00,BID_DEPTH,"[(101755, 211)]"
2019-06-28 12:15:00,ASK_DEPTH,"[(101879, 164)]"
2019-06-28 12:15:00,IMBALANCE,"[211, 164]"
2019-06-28 12:15:00,HOLDINGS_UPDATED,"{'CASH': -33172928, 'JPM': 424}"
2019-06-28 12:16:00,BID_DEPTH,"[(101733, 182)]"
2019-06-28 12:16:00,ASK_DEPTH,"[(101879, 147)]"
2019-06-28 12:16:00,IMBALANCE,"[182, 147]"
2019-06-28 12:16:00,HOLDINGS_UPDATED,"{'CASH': -33987960, 'JPM': 432}"
2019-06-28 12:17:00,BID_DEPTH,"[(101316, 427)]"
2019-06-28 12:17:00,ASK_DEPTH,"[(101733, 492)]"
2019-06-28 12:17:00,IMBALANCE,"[427, 492]"
2019-06-28 12:17:00,HOLDINGS_UPDATED,"{'CASH': -34801824, 'JPM': 440}"
2019-06-28 12:18:00,BID_DEPTH,"[(101316, 165)]"
2019-06-28 12:18:00,ASK_DEPTH,"[(101733, 95)]"
2019-06-28 12:18:00,IMBALANCE,"[165, 95]"
2019-06-28 12:18:00,HOLDINGS_UPDATED,"{'CASH': -35615688, 'JPM': 448}"
2019-06-28 12:19:00,BID_DEPTH,"[(100981, 264)]"
2019-06-28 12:19:00,ASK_DEPTH,"[(101183, 229)]"
2019-06-28 12:19:00,IMBALANCE,"[264, 229]"
2019-06-28 12:19:00,HOLDINGS_UPDATED,"{'CASH': -36425152, 'JPM': 456}"
2019-06-28 12:20:00,BID_DEPTH,"[(100955, 211)]"
2019-06-28 12:20:00,ASK_DEPTH,"[(101733, 171)]"
2019-06-28 12:20:00,IMBALANCE,"[211, 171]"
2019-06-28 12:20:00,HOLDINGS_UPDATED,"{'CASH': -37239016, 'JPM': 464}"
2019-06-28 12:21:00,BID_DEPTH,"[(100922, 182)]"
2019-06-28 12:21:00,ASK_DEPTH,"[(101879, 147)]"
2019-06-28 12:21:00,IMBALANCE,"[182, 147]"
2019-06-28 12:21:00,HOLDINGS_UPDATED,"{'CASH': -38054048, 'JPM': 472}"
2019-06-28 12:22:00,BID_DEPTH,"[(100883, 182)]"
2019-06-28 12:22:00,ASK_DEPTH,"[(101879, 147)]"
2019-06-28 12:22:00,IMBALANCE,"[182, 147]"
2019-06-28 12:22:00,HOLDINGS_UPDATED,"{'CASH': -38869080, 'JPM': 480}"
2019-06-28 12:23:00,BID_DEPTH,"[(100883, 165)]"
2019-06-28 12:23:00,ASK_DEPTH,"[(101963, 130)]"
2019-06-28 12:23:00,IMBALANCE,"[165, 130]"
2019-06-28 12:23:00,HOLDINGS_UPDATED,"{'CASH': -39684784, 'JPM': 488}"
2019-06-28 12:24:00,BID_DEPTH,"[(100883, 182)]"
2019-06-28 12:24:00,ASK_DEPTH,"[(100954, 147)]"
2019-06-28 12:24:00,IMBALANCE,"[182, 147]"
2019-06-28 12:24:00,HOLDINGS_UPDATED,"{'CASH': -40492416, 'JPM': 496}"
2019-06-28 12:25:00,BID_DEPTH,"[(100954, 118)]"
2019-06-28 12:25:00,ASK_DEPTH,"[(101963, 130)]"
2019-06-28 12:25:00,IMBALANCE,"[118, 130]"
2019-06-28 12:25:00,HOLDINGS_UPDATED,"{'CASH': -41308120, 'JPM': 504}"
2019-06-28 12:26:00,BID_DEPTH,"[(101007, 165)]"
2019-06-28 12:26:00,ASK_DEPTH,"[(101013, 130)]"
2019-06-28 12:26:00,IMBALANCE,"[165, 130]"
2019-06-28 12:26:00,HOLDINGS_UPDATED,"{'CASH': -42116224, 'JPM': 512}"
2019-06-28 12:27:00,BID_DEPTH,"[(101007, 229)]"
2019-06-28 12:27:00,ASK_DEPTH,"[(101013, 264)]"
2019-06-28 12:27:00,IMBALANCE,"[229, 264]"
2019-06-28 12:27:00,HOLDINGS_UPDATED,"{'CASH': -41308168, 'JPM': 504}"
2019-06-28 12:28:00,BID_DEPTH,"[(100956, 229)]"
2019-06-28 12:28:00,ASK_DEPTH,"[(101007, 264)]"
2019-06-28 12:28:00,IMBALANCE,"[229, 264]"
2019-06-28 12:28:00,HOLDINGS_UPDATED,"{'CASH': -40500520, 'JPM': 496}"
2019-06-28 12:29:00,BID_DEPTH,"[(100853, 130)]"
2019-06-28 12:29:00,ASK_DEPTH,"[(101007, 165)]"
2019-06-28 12:29:00,IMBALANCE,"[130, 165]"
2019-06-28 12:29:00,HOLDINGS_UPDATED,"{'CASH': -39693696, 'JPM': 488}"
2019-06-28 12:30:00,BID_DEPTH,"[(100553, 65)]"
2019-06-28 12:30:00,ASK_DEPTH,"[(100853, 165)]"
2019-06-28 12:30:00,IMBALANCE,"[65, 165]"
2019-06-28 12:30:00,HOLDINGS_UPDATED,"{'CASH': -38889272, 'JPM': 480}"
2019-06-28 12:31:00,BID_DEPTH,"[(100432, 147)]"
2019-06-28 12:31:00,ASK_DEPTH,"[(100553, 83)]"
2019-06-28 12:31:00,IMBALANCE,"[147, 83]"
2019-06-28 12:31:00,HOLDINGS_UPDATED,"{'CASH': -38085816, 'JPM': 472}"
2019-06-28 12:32:00,BID_DEPTH,"[(100553, 81)]"
2019-06-28 12:32:00,ASK_DEPTH,"[(100853, 182)]"
2019-06-28 12:32:00,IMBALANCE,"[81, 182]"
2019-06-28 12:32:00,HOLDINGS_UPDATED,"{'CASH': -37281392, 'JPM': 464}"
2019-06-28 12:33:00,BID_DEPTH,"[(100214, 392)]"
2019-06-28 12:33:00,ASK_DEPTH,"[(100277, 345)]"
2019-06-28 12:33:00,IMBALANCE,"[392, 345]"
2019-06-28 12:33:00,HOLDINGS_UPDATED,"{'CASH': -36479680, 'JPM': 456}"
2019-06-28 12:34:00,BID_DEPTH,"[(100157, 229)]"
2019-06-28 12:34:00,ASK_DEPTH,"[(100277, 182)]"
2019-06-28 12:34:00,IMBALANCE,"[229, 182]"
2019-06-28 12:34:00,HOLDINGS_UPDATED,"{'CASH': -35678424, 'JPM': 448}"
2019-06-28 12:35:00,BID_DEPTH,"[(100157, 296)]"
2019-06-28 12:35:00,ASK_DEPTH,"[(100173, 427)]"
2019-06-28 12:35:00,IMBALANCE,"[296, 427]"
2019-06-28 12:35:00,HOLDINGS_UPDATED,"{'CASH': -34877168, 'JPM': 440}"
2019-06-28 12:36:00,BID_DEPTH,"[(100147, 392)]"
2019-06-28 12:36:00,ASK_DEPTH,"[(100173, 427)]"
2019-06-28 12:36:00,IMBALANCE,"[392, 427]"
2019-06-28 12:36:00,HOLDINGS_UPDATED,"{'CASH': -34075992, 'JPM': 432}"
2019-06-28 12:37:00,BID_DEPTH,"[(100016, 176)]"
2019-06-28 12:37:00,ASK_DEPTH,"[(100147, 311)]"
2019-06-28 12:37:00,IMBALANCE,"[176, 311]"
2019-06-28 12:37:00,HOLDINGS_UPDATED,"{'CASH': -33275864, 'JPM': 424}"
2019-06-28 12:38:00,BID_DEPTH,"[(99906, 176)]"
2019-06-28 12:38:00,ASK_DEPTH,"[(100147, 311)]"
2019-06-28 12:38:00,IMBALANCE,"[176, 311]"
2019-06-28 12:38:00,HOLDINGS_UPDATED,"{'CASH': -32476616, 'JPM': 416}"
2019-06-28 12:39:00,BID_DEPTH,"[(99688, 392)]"
2019-06-28 12:39:00,ASK_DEPTH,"[(99906, 358)]"
2019-06-28 12:39:00,IMBALANCE,"[392, 358]"
2019-06-28 12:39:00,HOLDINGS_UPDATED,"{'CASH': -31679112, 'JPM': 408}"
2019-06-28 12:40:00,BID_DEPTH,"[(99688, 180)]"
2019-06-28 12:40:00,ASK_DEPTH,"[(99906, 142)]"
2019-06-28 12:40:00,IMBALANCE,"[180, 142]"
2019-06-28 12:40:00,HOLDINGS_UPDATED,"{'CASH': -30881608, 'JPM': 400}"
2019-06-28 12:41:00,BID_DEPTH,"[(99560, 392)]"
2019-06-28 12:41:00,ASK_DEPTH,"[(99814, 427)]"
2019-06-28 12:41:00,IMBALANCE,"[392, 427]"
2019-06-28 12:41:00,HOLDINGS_UPDATED,"{'CASH': -30085128, 'JPM': 392}"
2019-06-28 12:42:00,BID_DEPTH,"[(99755, 176)]"
2019-06-28 12:42:00,ASK_DEPTH,"[(99814, 211)]"
2019-06-28 12:42:00,IMBALANCE,"[176, 211]"
2019-06-28 12:42:00,HOLDINGS_UPDATED,"{'CASH': -29287088, 'JPM': 384}"
2019-06-28 12:43:00,BID_DEPTH,"[(99560, 296)]"
2019-06-28 12:43:00,ASK_DEPTH,"[(99814, 427)]"
2019-06-28 12:43:00,IMBALANCE,"[296, 427]"
2019-06-28 12:43:00,HOLDINGS_UPDATED,"{'CASH': -28490608, 'JPM': 376}"
2019-06-28 12:44:00,BID_DEPTH,"[(99454, 176)]"
2019-06-28 12:44:00,ASK_DEPTH,"[(99559, 211)]"
2019-06-28 12:44:00,IMBALANCE,"[176, 211]"
2019-06-28 12:44:00,HOLDINGS_UPDATED,"{'CASH': -27694976, 'JPM': 368}"
2019-06-28 12:45:00,BID_DEPTH,"[(99454, 34)]"
2019-06-28 12:45:00,ASK_DEPTH,"[(99559, 165)]"
2019-06-28 12:45:00,IMBALANCE,"[34, 165]"
2019-06-28 12:45:00,HOLDINGS_UPDATED,"{'CASH': -26899344, 'JPM': 360}"
2019-06-28 12:46:00,BID_DEPTH,"[(99333, 332)]"
2019-06-28 12:46:00,ASK_DEPTH,"[(99454, 329)]"
2019-06-28 12:46:00,IMBALANCE,"[332, 329]"
2019-06-28 12:46:00,HOLDINGS_UPDATED,"{'CASH': -26402679, 'JPM': 355}"
2019-06-28 12:46:00,HOLDINGS_UPDATED,"{'CASH': -26104680, 'JPM': 352}"
2019-06-28 12:47:00,BID_DEPTH,"[(99211, 176)]"
2019-06-28 12:47:00,ASK_DEPTH,"[(99235, 211)]"
2019-06-28 12:47:00,IMBALANCE,"[176, 211]"
2019-06-28 12:47:00,HOLDINGS_UPDATED,"{'CASH': -25310992, 'JPM': 344}"
2019-06-28 12:48:00,BID_DEPTH,"[(99211, 133)]"
2019-06-28 12:48:00,ASK_DEPTH,"[(99235, 264)]"
2019-06-28 12:48:00,IMBALANCE,"[133, 264]"
2019-06-28 12:48:00,HOLDINGS_UPDATED,"{'CASH': -24517304, 'JPM': 336}"
2019-06-28 12:49:00,BID_DEPTH,"[(99113, 34)]"
2019-06-28 12:49:00,ASK_DEPTH,"[(99211, 179)]"
2019-06-28 12:49:00,IMBALANCE,"[34, 179]"
2019-06-28 12:49:00,HOLDINGS_UPDATED,"{'CASH': -23724400, 'JPM': 328}"
2019-06-28 12:50:00,BID_DEPTH,"[(99000, 392)]"
2019-06-28 12:50:00,ASK_DEPTH,"[(99112, 518)]"
2019-06-28 12:50:00,IMBALANCE,"[392, 518]"
2019-06-28 12:50:00,HOLDINGS_UPDATED,"{'CASH': -22932400, 'JPM': 320}"
2019-06-28 12:51:00,BID_DEPTH,"[(99109, 176)]"
2019-06-28 12:51:00,ASK_DEPTH,"[(99112, 211)]"
2019-06-28 12:51:00,IMBALANCE,"[176, 211]"
2019-06-28 12:51:00,HOLDINGS_UPDATED,"{'CASH': -22139528, 'JPM': 312}"
2019-06-28 12:52:00,BID_DEPTH,"[(99109, 133)]"
2019-06-28 12:52:00,ASK_DEPTH,"[(99129, 264)]"
2019-06-28 12:52:00,IMBALANCE,"[133, 264]"
2019-06-28 12:52:00,HOLDINGS_UPDATED,"{'CASH': -21346656, 'JPM': 304}"
2019-06-28 12:53:00,BID_DEPTH,"[(99069, 130)]"
2019-06-28 12:53:00,ASK_DEPTH,"[(99129, 165)]"
2019-06-28 12:53:00,IMBALANCE,"[130, 165]"
2019-06-28 12:53:00,HOLDINGS_UPDATED,"{'CASH': -20554104, 'JPM': 296}"
2019-06-28 12:54:00,BID_DEPTH,"[(99070, 147)]"
2019-06-28 12:54:00,ASK_DEPTH,"[(99211, 96)]"
2019-06-28 12:54:00,IMBALANCE,"[147, 96]"
2019-06-28 12:54:00,HOLDINGS_UPDATED,"{'CASH': -19761544, 'JPM': 288}"
2019-06-28 12:55:00,BID_DEPTH,"[(99071, 229)]"
2019-06-28 12:55:00,ASK_DEPTH,"[(99246, 264)]"
2019-06-28 12:55:00,IMBALANCE,"[229, 264]"
2019-06-28 12:55:00,HOLDINGS_UPDATED,"{'CASH': -18968976, 'JPM': 280}"
2019-06-28 12:56:00,BID_DEPTH,"[(99069, 51)]"
2019-06-28 12:56:00,ASK_DEPTH,"[(99208, 182)]"
2019-06-28 12:56:00,IMBALANCE,"[51, 182]"
2019-06-28 12:56:00,HOLDINGS_UPDATED,"{'CASH': -18176424, 'JPM': 272}"
2019-06-28 12:57:00,BID_DEPTH,"[(99021, 229)]"
2019-06-28 12:57:00,ASK_DEPTH,"[(99069, 113)]"
2019-06-28 12:57:00,IMBALANCE,"[229, 113]"
2019-06-28 12:57:00,HOLDINGS_UPDATED,"{'CASH': -17384256, 'JPM': 264}"
2019-06-28 12:58:00,BID_DEPTH,"[(99000, 396)]"
2019-06-28 12:58:00,ASK_DEPTH,"[(99069, 329)]"
2019-06-28 12:58:00,IMBALANCE,"[396, 329]"
2019-06-28 12:58:00,HOLDINGS_UPDATED,"{'CASH': -16592256, 'JPM': 256}"
2019-06-28 12:59:00,BID_DEPTH,"[(98845, 229)]"
2019-06-28 12:59:00,ASK_DEPTH,"[(98913, 199)]"
2019-06-28 12:59:00,IMBALANCE,"[229, 199]"
2019-06-28 12:59:00,HOLDINGS_UPDATED,"{'CASH': -15801496, 'JPM': 248}"
2019-06-28 13:00:00,BID_DEPTH,"[(98845, 147)]"
2019-06-28 13:00:00,ASK_DEPTH,"[(98913, 117)]"
2019-06-28 13:00:00,IMBALANCE,"[147, 117]"
2019-06-28 13:00:00,HOLDINGS_UPDATED,"{'CASH': -15010736, 'JPM': 240}"
2019-06-28 13:01:00,BID_DEPTH,"[(98845, 329)]"
2019-06-28 13:01:00,ASK_DEPTH,"[(99069, 166)]"
2019-06-28 13:01:00,IMBALANCE,"[329, 166]"
2019-06-28 13:01:00,HOLDINGS_UPDATED,"{'CASH': -14219976, 'JPM': 232}"
2019-06-28 13:02:00,BID_DEPTH,"[(98845, 141)]"
2019-06-28 13:02:00,ASK_DEPTH,"[(99208, 211)]"
2019-06-28 13:02:00,IMBALANCE,"[141, 211]"
2019-06-28 13:02:00,HOLDINGS_UPDATED,"{'CASH': -13429216, 'JPM': 224}"
2019-06-28 13:03:00,BID_DEPTH,"[(98491, 147)]"
2019-06-28 13:03:00,ASK_DEPTH,"[(99208, 182)]"
2019-06-28 13:03:00,IMBALANCE,"[147, 182]"
2019-06-28 13:03:00,HOLDINGS_UPDATED,"{'CASH': -12641288, 'JPM': 216}"
2019-06-28 13:04:00,BID_DEPTH,"[(98717, 130)]"
2019-06-28 13:04:00,ASK_DEPTH,"[(98778, 165)]"
2019-06-28 13:04:00,IMBALANCE,"[130, 165]"
2019-06-28 13:04:00,HOLDINGS_UPDATED,"{'CASH': -11851552, 'JPM': 208}"
2019-06-28 13:05:00,BID_DEPTH,"[(98712, 147)]"
2019-06-28 13:05:00,ASK_DEPTH,"[(98778, 182)]"
2019-06-28 13:05:00,IMBALANCE,"[147, 182]"
2019-06-28 13:05:00,HOLDINGS_UPDATED,"{'CASH': -11061856, 'JPM': 200}"
2019-06-28 13:06:00,BID_DEPTH,"[(98633, 392)]"
2019-06-28 13:06:00,ASK_DEPTH,"[(98732, 427)]"
2019-06-28 13:06:00,IMBALANCE,"[392, 427]"
2019-06-28 13:06:00,HOLDINGS_UPDATED,"{'CASH': -10272792, 'JPM': 192}"
2019-06-28 13:07:00,BID_DEPTH,[]
2019-06-28 13:07:00,ASK_DEPTH,"[(98732, 100)]"
2019-06-28 13:07:00,IMBALANCE,"[0, 100]"
2019-06-28 13:08:00,BID_DEPTH,"[(98726, 176)]"
2019-06-28 13:08:00,ASK_DEPTH,"[(98844, 211)]"
2019-06-28 13:08:00,IMBALANCE,"[176, 211]"
2019-06-28 13:08:00,HOLDINGS_UPDATED,"{'CASH': -9482984, 'JPM': 184}"
2019-06-28 13:09:00,BID_DEPTH,"[(98633, 247)]"
2019-06-28 13:09:00,ASK_DEPTH,"[(98903, 182)]"
2019-06-28 13:09:00,IMBALANCE,"[247, 182]"
2019-06-28 13:09:00,HOLDINGS_UPDATED,"{'CASH': -8693920, 'JPM': 176}"
2019-06-28 13:10:00,BID_DEPTH,"[(98903, 247)]"
2019-06-28 13:10:00,ASK_DEPTH,"[(99141, 182)]"
2019-06-28 13:10:00,IMBALANCE,"[247, 182]"
2019-06-28 13:10:00,HOLDINGS_UPDATED,"{'CASH': -7902696, 'JPM': 168}"
2019-06-28 13:11:00,BID_DEPTH,"[(99141, 130)]"
2019-06-28 13:11:00,ASK_DEPTH,"[(99249, 165)]"
2019-06-28 13:11:00,IMBALANCE,"[130, 165]"
2019-06-28 13:11:00,HOLDINGS_UPDATED,"{'CASH': -7109568, 'JPM': 160}"
2019-06-28 13:12:00,BID_DEPTH,"[(99141, 130)]"
2019-06-28 13:12:00,ASK_DEPTH,"[(99393, 165)]"
2019-06-28 13:12:00,IMBALANCE,"[130, 165]"
2019-06-28 13:12:00,HOLDINGS_UPDATED,"{'CASH': -6316440, 'JPM': 152}"
2019-06-28 13:13:00,BID_DEPTH,"[(99454, 80)]"
2019-06-28 13:13:00,ASK_DEPTH,"[(99583, 182)]"
2019-06-28 13:13:00,IMBALANCE,"[80, 182]"
2019-06-28 13:13:00,HOLDINGS_UPDATED,"{'CASH': -5520808, 'JPM': 144}"
2019-06-28 13:14:00,BID_DEPTH,"[(98903, 182)]"
2019-06-28 13:14:00,ASK_DEPTH,"[(99583, 264)]"
2019-06-28 13:14:00,IMBALANCE,"[182, 264]"
2019-06-28 13:14:00,HOLDINGS_UPDATED,"{'CASH': -4729584, 'JPM': 136}"
2019-06-28 13:15:00,BID_DEPTH,"[(99583, 130)]"
2019-06-28 13:15:00,ASK_DEPTH,"[(100143, 165)]"
2019-06-28 13:15:00,IMBALANCE,"[130, 165]"
2019-06-28 13:15:00,HOLDINGS_UPDATED,"{'CASH': -3932920, 'JPM': 128}"
2019-06-28 13:16:00,BID_DEPTH,"[(99942, 147)]"
2019-06-28 13:16:00,ASK_DEPTH,"[(100143, 182)]"
2019-06-28 13:16:00,IMBALANCE,"[147, 182]"
2019-06-28 13:16:00,HOLDINGS_UPDATED,"{'CASH': -3133384, 'JPM': 120}"
2019-06-28 13:17:00,BID_DEPTH,"[(99942, 492)]"
2019-06-28 13:17:00,ASK_DEPTH,"[(100143, 427)]"
2019-06-28 13:17:00,IMBALANCE,"[492, 427]"
2019-06-28 13:17:00,HOLDINGS_UPDATED,"{'CASH': -2333848, 'JPM': 112}"
2019-06-28 13:18:00,BID_DEPTH,"[(99942, 112)]"
2019-06-28 13:18:00,ASK_DEPTH,"[(100143, 182)]"
2019-06-28 13:18:00,IMBALANCE,"[112, 182]"
2019-06-28 13:18:00,HOLDINGS_UPDATED,"{'CASH': -1534312, 'JPM': 104}"
2019-06-28 13:19:00,BID_DEPTH,"[(98633, 212)]"
2019-06-28 13:19:00,ASK_DEPTH,"[(100143, 182)]"
2019-06-28 13:19:00,IMBALANCE,"[212, 182]"
2019-06-28 13:19:00,HOLDINGS_UPDATED,"{'CASH': -745248, 'JPM': 96}"
2019-06-28 13:20:00,BID_DEPTH,"[(99907, 229)]"
2019-06-28 13:20:00,ASK_DEPTH,"[(99981, 264)]"
2019-06-28 13:20:00,IMBALANCE,"[229, 264]"
2019-06-28 13:20:00,HOLDINGS_UPDATED,"{'CASH': 54008, 'JPM': 88}"
2019-06-28 13:21:00,BID_DEPTH,"[(99976, 229)]"
2019-06-28 13:21:00,ASK_DEPTH,"[(100186, 264)]"
2019-06-28 13:21:00,IMBALANCE,"[229, 264]"
2019-06-28 13:21:00,HOLDINGS_UPDATED,"{'CASH': 853816, 'JPM': 80}"
2019-06-28 13:22:00,BID_DEPTH,"[(100178, 392)]"
2019-06-28 13:22:00,ASK_DEPTH,"[(100186, 427)]"
2019-06-28 13:22:00,IMBALANCE,"[392, 427]"
2019-06-28 13:22:00,HOLDINGS_UPDATED,"{'CASH': 1655240, 'JPM': 72}"
2019-06-28 13:23:00,BID_DEPTH,"[(100144, 392)]"
2019-06-28 13:23:00,ASK_DEPTH,"[(100186, 427)]"
2019-06-28 13:23:00,IMBALANCE,"[392, 427]"
2019-06-28 13:23:00,HOLDINGS_UPDATED,"{'CASH': 2456392, 'JPM': 64}"
2019-06-28 13:24:00,BID_DEPTH,"[(100066, 264)]"
2019-06-28 13:24:00,ASK_DEPTH,"[(100327, 229)]"
2019-06-28 13:24:00,IMBALANCE,"[264, 229]"
2019-06-28 13:24:00,HOLDINGS_UPDATED,"{'CASH': 1653776, 'JPM': 72}"
2019-06-28 13:25:00,BID_DEPTH,"[(99847, 427)]"
2019-06-28 13:25:00,ASK_DEPTH,"[(100327, 296)]"
2019-06-28 13:25:00,IMBALANCE,"[427, 296]"
2019-06-28 13:25:00,HOLDINGS_UPDATED,"{'CASH': 851160, 'JPM': 80}"
2019-06-28 13:26:00,BID_DEPTH,"[(99847, 182)]"
2019-06-28 13:26:00,ASK_DEPTH,"[(100327, 147)]"
2019-06-28 13:26:00,IMBALANCE,"[182, 147]"
2019-06-28 13:26:00,HOLDINGS_UPDATED,"{'CASH': 48544, 'JPM': 88}"
2019-06-28 13:27:00,BID_DEPTH,"[(99847, 182)]"
2019-06-28 13:27:00,ASK_DEPTH,"[(100363, 147)]"
2019-06-28 13:27:00,IMBALANCE,"[182, 147]"
2019-06-28 13:27:00,HOLDINGS_UPDATED,"{'CASH': -754360, 'JPM': 96}"
2019-06-28 13:28:00,BID_DEPTH,"[(99651, 165)]"
2019-06-28 13:28:00,ASK_DEPTH,"[(99847, 130)]"
2019-06-28 13:28:00,IMBALANCE,"[165, 130]"
2019-06-28 13:28:00,HOLDINGS_UPDATED,"{'CASH': -1553136, 'JPM': 104}"
2019-06-28 13:29:00,BID_DEPTH,"[(99454, 211)]"
2019-06-28 13:29:00,ASK_DEPTH,"[(99847, 176)]"
2019-06-28 13:29:00,IMBALANCE,"[211, 176]"
2019-06-28 13:29:00,HOLDINGS_UPDATED,"{'CASH': -2351912, 'JPM': 112}"
2019-06-28 13:30:00,BID_DEPTH,"[(99752, 211)]"
2019-06-28 13:30:00,ASK_DEPTH,"[(99859, 176)]"
2019-06-28 13:30:00,IMBALANCE,"[211, 176]"
2019-06-28 13:30:00,HOLDINGS_UPDATED,"{'CASH': -3150784, 'JPM': 120}"
2019-06-28 13:31:00,BID_DEPTH,"[(99752, 211)]"
2019-06-28 13:31:00,ASK_DEPTH,"[(100159, 176)]"
2019-06-28 13:31:00,IMBALANCE,"[211, 176]"
2019-06-28 13:31:00,HOLDINGS_UPDATED,"{'CASH': -3952056, 'JPM': 128}"
2019-06-28 13:32:00,BID_DEPTH,"[(100251, 182)]"
2019-06-28 13:32:00,ASK_DEPTH,"[(100363, 147)]"
2019-06-28 13:32:00,IMBALANCE,"[182, 147]"
2019-06-28 13:32:00,HOLDINGS_UPDATED,"{'CASH': -4754960, 'JPM': 136}"
2019-06-28 13:33:00,BID_DEPTH,"[(100251, 427)]"
2019-06-28 13:33:00,ASK_DEPTH,"[(100363, 396)]"
2019-06-28 13:33:00,IMBALANCE,"[427, 396]"
2019-06-28 13:33:00,HOLDINGS_UPDATED,"{'CASH': -5557864, 'JPM': 144}"
2019-06-28 13:34:00,BID_DEPTH,"[(100363, 113)]"
2019-06-28 13:34:00,ASK_DEPTH,"[(100446, 147)]"
2019-06-28 13:34:00,IMBALANCE,"[113, 147]"
2019-06-28 13:34:00,HOLDINGS_UPDATED,"{'CASH': -6361432, 'JPM': 152}"
2019-06-28 13:35:00,BID_DEPTH,"[(100340, 211)]"
2019-06-28 13:35:00,ASK_DEPTH,"[(100446, 180)]"
2019-06-28 13:35:00,IMBALANCE,"[211, 180]"
2019-06-28 13:35:00,HOLDINGS_UPDATED,"{'CASH': -7165000, 'JPM': 160}"
2019-06-28 13:36:00,BID_DEPTH,"[(100218, 182)]"
2019-06-28 13:36:00,ASK_DEPTH,"[(100327, 147)]"
2019-06-28 13:36:00,IMBALANCE,"[182, 147]"
2019-06-28 13:36:00,HOLDINGS_UPDATED,"{'CASH': -7967616, 'JPM': 168}"
2019-06-28 13:37:00,BID_DEPTH,"[(100218, 211)]"
2019-06-28 13:37:00,ASK_DEPTH,"[(100446, 80)]"
2019-06-28 13:37:00,IMBALANCE,"[211, 80]"
2019-06-28 13:37:00,HOLDINGS_UPDATED,"{'CASH': -8771184, 'JPM': 176}"
2019-06-28 13:38:00,BID_DEPTH,"[(100218, 427)]"
2019-06-28 13:38:00,ASK_DEPTH,"[(100453, 384)]"
2019-06-28 13:38:00,IMBALANCE,"[427, 384]"
2019-06-28 13:38:00,HOLDINGS_UPDATED,"{'CASH': -9574808, 'JPM': 184}"
2019-06-28 13:39:00,BID_DEPTH,"[(100159, 165)]"
2019-06-28 13:39:00,ASK_DEPTH,"[(100453, 130)]"
2019-06-28 13:39:00,IMBALANCE,"[165, 130]"
2019-06-28 13:39:00,HOLDINGS_UPDATED,"{'CASH': -10378432, 'JPM': 192}"
2019-06-28 13:40:00,BID_DEPTH,"[(100101, 182)]"
2019-06-28 13:40:00,ASK_DEPTH,"[(100142, 65)]"
2019-06-28 13:40:00,IMBALANCE,"[182, 65]"
2019-06-28 13:40:00,HOLDINGS_UPDATED,"{'CASH': -11179568, 'JPM': 200}"
2019-06-28 13:41:00,BID_DEPTH,"[(100101, 211)]"
2019-06-28 13:41:00,ASK_DEPTH,"[(100142, 164)]"
2019-06-28 13:41:00,IMBALANCE,"[211, 164]"
2019-06-28 13:41:00,HOLDINGS_UPDATED,"{'CASH': -11980704, 'JPM': 208}"
2019-06-28 13:42:00,BID_DEPTH,"[(100046, 427)]"
2019-06-28 13:42:00,ASK_DEPTH,"[(100498, 358)]"
2019-06-28 13:42:00,IMBALANCE,"[427, 358]"
2019-06-28 13:42:00,HOLDINGS_UPDATED,"{'CASH': -12784688, 'JPM': 216}"
2019-06-28 13:43:00,BID_DEPTH,"[(99676, 264)]"
2019-06-28 13:43:00,ASK_DEPTH,"[(100553, 136)]"
2019-06-28 13:43:00,IMBALANCE,"[264, 136]"
2019-06-28 13:43:00,HOLDINGS_UPDATED,"{'CASH': -13589112, 'JPM': 224}"
2019-06-28 13:44:00,BID_DEPTH,"[(99676, 165)]"
2019-06-28 13:44:00,ASK_DEPTH,"[(99691, 130)]"
2019-06-28 13:44:00,IMBALANCE,"[165, 130]"
2019-06-28 13:44:00,HOLDINGS_UPDATED,"{'CASH': -14386640, 'JPM': 232}"
2019-06-28 13:45:00,BID_DEPTH,"[(99676, 182)]"
2019-06-28 13:45:00,ASK_DEPTH,"[(99850, 147)]"
2019-06-28 13:45:00,IMBALANCE,"[182, 147]"
2019-06-28 13:45:00,HOLDINGS_UPDATED,"{'CASH': -15185440, 'JPM': 240}"
2019-06-28 13:46:00,BID_DEPTH,"[(99676, 427)]"
2019-06-28 13:46:00,ASK_DEPTH,"[(100043, 392)]"
2019-06-28 13:46:00,IMBALANCE,"[427, 392]"
2019-06-28 13:46:00,HOLDINGS_UPDATED,"{'CASH': -15985784, 'JPM': 248}"
2019-06-28 13:47:00,BID_DEPTH,"[(99676, 211)]"
2019-06-28 13:47:00,ASK_DEPTH,"[(100107, 176)]"
2019-06-28 13:47:00,IMBALANCE,"[211, 176]"
2019-06-28 13:47:00,HOLDINGS_UPDATED,"{'CASH': -16786640, 'JPM': 256}"
2019-06-28 13:48:00,BID_DEPTH,"[(100229, 182)]"
2019-06-28 13:48:00,ASK_DEPTH,"[(100376, 147)]"
2019-06-28 13:48:00,IMBALANCE,"[182, 147]"
2019-06-28 13:48:00,HOLDINGS_UPDATED,"{'CASH': -17589648, 'JPM': 264}"
2019-06-28 13:49:00,BID_DEPTH,"[(100229, 427)]"
2019-06-28 13:49:00,ASK_DEPTH,"[(100475, 392)]"
2019-06-28 13:49:00,IMBALANCE,"[427, 392]"
2019-06-28 13:49:00,HOLDINGS_UPDATED,"{'CASH': -18393448, 'JPM': 272}"
2019-06-28 13:50:00,BID_DEPTH,"[(100229, 264)]"
2019-06-28 13:50:00,ASK_DEPTH,"[(100475, 229)]"
2019-06-28 13:50:00,IMBALANCE,"[264, 229]"
2019-06-28 13:50:00,HOLDINGS_UPDATED,"{'CASH': -19197248, 'JPM': 280}"
2019-06-28 13:51:00,BID_DEPTH,"[(99477, 165)]"
2019-06-28 13:51:00,ASK_DEPTH,"[(100107, 41)]"
2019-06-28 13:51:00,IMBALANCE,"[165, 41]"
2019-06-28 13:51:00,HOLDINGS_UPDATED,"{'CASH': -19998104, 'JPM': 288}"
2019-06-28 13:52:00,BID_DEPTH,"[(100107, 329)]"
2019-06-28 13:52:00,ASK_DEPTH,"[(100884, 735)]"
2019-06-28 13:52:00,IMBALANCE,"[329, 735]"
2019-06-28 13:52:00,HOLDINGS_UPDATED,"{'CASH': -20805176, 'JPM': 296}"
2019-06-28 13:53:00,BID_DEPTH,"[(99422, 211)]"
2019-06-28 13:53:00,ASK_DEPTH,"[(100107, 109)]"
2019-06-28 13:53:00,IMBALANCE,"[211, 109]"
2019-06-28 13:53:00,HOLDINGS_UPDATED,"{'CASH': -21606032, 'JPM': 304}"
2019-06-28 13:54:00,BID_DEPTH,"[(99401, 165)]"
2019-06-28 13:54:00,ASK_DEPTH,"[(100107, 130)]"
2019-06-28 13:54:00,IMBALANCE,"[165, 130]"
2019-06-28 13:54:00,HOLDINGS_UPDATED,"{'CASH': -22406888, 'JPM': 312}"
2019-06-28 13:55:00,BID_DEPTH,"[(99220, 427)]"
2019-06-28 13:55:00,ASK_DEPTH,"[(100107, 392)]"
2019-06-28 13:55:00,IMBALANCE,"[427, 392]"
2019-06-28 13:55:00,HOLDINGS_UPDATED,"{'CASH': -23207744, 'JPM': 320}"
2019-06-28 13:56:00,BID_DEPTH,"[(99115, 182)]"
2019-06-28 13:56:00,ASK_DEPTH,"[(100107, 147)]"
2019-06-28 13:56:00,IMBALANCE,"[182, 147]"
2019-06-28 13:56:00,HOLDINGS_UPDATED,"{'CASH': -24008600, 'JPM': 328}"
2019-06-28 13:57:00,BID_DEPTH,"[(98718, 165)]"
2019-06-28 13:57:00,ASK_DEPTH,"[(100107, 130)]"
2019-06-28 13:57:00,IMBALANCE,"[165, 130]"
2019-06-28 13:57:00,HOLDINGS_UPDATED,"{'CASH': -24809456, 'JPM': 336}"
2019-06-28 13:58:00,BID_DEPTH,"[(98855, 427)]"
2019-06-28 13:58:00,ASK_DEPTH,"[(99143, 392)]"
2019-06-28 13:58:00,IMBALANCE,"[427, 392]"
2019-06-28 13:58:00,HOLDINGS_UPDATED,"{'CASH': -25602600, 'JPM': 344}"
2019-06-28 13:59:00,BID_DEPTH,"[(99079, 130)]"
2019-06-28 13:59:00,ASK_DEPTH,"[(99143, 165)]"
2019-06-28 13:59:00,IMBALANCE,"[130, 165]"
2019-06-28 13:59:00,HOLDINGS_UPDATED,"{'CASH': -24809968, 'JPM': 336}"
2019-06-28 14:00:00,BID_DEPTH,"[(99079, 296)]"
2019-06-28 14:00:00,ASK_DEPTH,"[(99213, 427)]"
2019-06-28 14:00:00,IMBALANCE,"[296, 427]"
2019-06-28 14:00:00,HOLDINGS_UPDATED,"{'CASH': -24017336, 'JPM': 328}"
2019-06-28 14:01:00,BID_DEPTH,"[(98877, 392)]"
2019-06-28 14:01:00,ASK_DEPTH,"[(99079, 427)]"
2019-06-28 14:01:00,IMBALANCE,"[392, 427]"
2019-06-28 14:01:00,HOLDINGS_UPDATED,"{'CASH': -23226320, 'JPM': 320}"
2019-06-28 14:02:00,BID_DEPTH,"[(98962, 392)]"
2019-06-28 14:02:00,ASK_DEPTH,"[(99079, 427)]"
2019-06-28 14:02:00,IMBALANCE,"[392, 427]"
2019-06-28 14:02:00,HOLDINGS_UPDATED,"{'CASH': -22434624, 'JPM': 312}"
2019-06-28 14:03:00,BID_DEPTH,"[(99160, 392)]"
2019-06-28 14:03:00,ASK_DEPTH,"[(99227, 427)]"
2019-06-28 14:03:00,IMBALANCE,"[392, 427]"
2019-06-28 14:03:00,HOLDINGS_UPDATED,"{'CASH': -21641344, 'JPM': 304}"
2019-06-28 14:04:00,BID_DEPTH,"[(99160, 51)]"
2019-06-28 14:04:00,ASK_DEPTH,"[(99360, 182)]"
2019-06-28 14:04:00,IMBALANCE,"[51, 182]"
2019-06-28 14:04:00,HOLDINGS_UPDATED,"{'CASH': -20848064, 'JPM': 296}"
2019-06-28 14:05:00,BID_DEPTH,"[(99160, 128)]"
2019-06-28 14:05:00,ASK_DEPTH,"[(99544, 165)]"
2019-06-28 14:05:00,IMBALANCE,"[128, 165]"
2019-06-28 14:05:00,HOLDINGS_UPDATED,"{'CASH': -20054784, 'JPM': 288}"
2019-06-28 14:06:00,BID_DEPTH,"[(99368, 147)]"
2019-06-28 14:06:00,ASK_DEPTH,"[(99544, 182)]"
2019-06-28 14:06:00,IMBALANCE,"[147, 182]"
2019-06-28 14:06:00,HOLDINGS_UPDATED,"{'CASH': -19259840, 'JPM': 280}"
2019-06-28 14:07:00,BID_DEPTH,"[(99834, 147)]"
2019-06-28 14:07:00,ASK_DEPTH,"[(99841, 182)]"
2019-06-28 14:07:00,IMBALANCE,"[147, 182]"
2019-06-28 14:07:00,HOLDINGS_UPDATED,"{'CASH': -18461168, 'JPM': 272}"
2019-06-28 14:08:00,BID_DEPTH,"[(99747, 229)]"
2019-06-28 14:08:00,ASK_DEPTH,"[(99840, 264)]"
2019-06-28 14:08:00,IMBALANCE,"[229, 264]"
2019-06-28 14:08:00,HOLDINGS_UPDATED,"{'CASH': -17663192, 'JPM': 264}"
2019-06-28 14:09:00,BID_DEPTH,"[(99801, 130)]"
2019-06-28 14:09:00,ASK_DEPTH,"[(99840, 165)]"
2019-06-28 14:09:00,IMBALANCE,"[130, 165]"
2019-06-28 14:09:00,HOLDINGS_UPDATED,"{'CASH': -16864784, 'JPM': 256}"
2019-06-28 14:10:00,BID_DEPTH,"[(99368, 347)]"
2019-06-28 14:10:00,ASK_DEPTH,"[(100071, 182)]"
2019-06-28 14:10:00,IMBALANCE,"[347, 182]"
2019-06-28 14:10:00,HOLDINGS_UPDATED,"{'CASH': -16069840, 'JPM': 248}"
2019-06-28 14:11:00,BID_DEPTH,"[(99955, 392)]"
2019-06-28 14:11:00,ASK_DEPTH,"[(100229, 427)]"
2019-06-28 14:11:00,IMBALANCE,"[392, 427]"
2019-06-28 14:11:00,HOLDINGS_UPDATED,"{'CASH': -15270200, 'JPM': 240}"
2019-06-28 14:12:00,BID_DEPTH,"[(99655, 147)]"
2019-06-28 14:12:00,ASK_DEPTH,"[(99995, 182)]"
2019-06-28 14:12:00,IMBALANCE,"[147, 182]"
2019-06-28 14:12:00,HOLDINGS_UPDATED,"{'CASH': -14472960, 'JPM': 232}"
2019-06-28 14:13:00,BID_DEPTH,"[(99882, 176)]"
2019-06-28 14:13:00,ASK_DEPTH,"[(100006, 211)]"
2019-06-28 14:13:00,IMBALANCE,"[176, 211]"
2019-06-28 14:13:00,HOLDINGS_UPDATED,"{'CASH': -13673904, 'JPM': 224}"
2019-06-28 14:14:00,BID_DEPTH,"[(99883, 176)]"
2019-06-28 14:14:00,ASK_DEPTH,"[(100007, 211)]"
2019-06-28 14:14:00,IMBALANCE,"[176, 211]"
2019-06-28 14:14:00,HOLDINGS_UPDATED,"{'CASH': -12874840, 'JPM': 216}"
2019-06-28 14:15:00,BID_DEPTH,"[(99883, 492)]"
2019-06-28 14:15:00,ASK_DEPTH,"[(100007, 427)]"
2019-06-28 14:15:00,IMBALANCE,"[492, 427]"
2019-06-28 14:15:00,HOLDINGS_UPDATED,"{'CASH': -12075776, 'JPM': 208}"
2019-06-28 14:16:00,BID_DEPTH,"[(99883, 241)]"
2019-06-28 14:16:00,ASK_DEPTH,"[(100007, 211)]"
2019-06-28 14:16:00,IMBALANCE,"[241, 211]"
2019-06-28 14:16:00,HOLDINGS_UPDATED,"{'CASH': -11276712, 'JPM': 200}"
2019-06-28 14:17:00,BID_DEPTH,"[(99883, 159)]"
2019-06-28 14:17:00,ASK_DEPTH,"[(100143, 264)]"
2019-06-28 14:17:00,IMBALANCE,"[159, 264]"
2019-06-28 14:17:00,HOLDINGS_UPDATED,"{'CASH': -10477648, 'JPM': 192}"
2019-06-28 14:18:00,BID_DEPTH,"[(99883, 147)]"
2019-06-28 14:18:00,ASK_DEPTH,"[(100299, 182)]"
2019-06-28 14:18:00,IMBALANCE,"[147, 182]"
2019-06-28 14:18:00,HOLDINGS_UPDATED,"{'CASH': -9678584, 'JPM': 184}"
2019-06-28 14:19:00,BID_DEPTH,"[(99369, 176)]"
2019-06-28 14:19:00,ASK_DEPTH,"[(101266, 211)]"
2019-06-28 14:19:00,IMBALANCE,"[176, 211]"
2019-06-28 14:19:00,HOLDINGS_UPDATED,"{'CASH': -8883632, 'JPM': 176}"
2019-06-28 14:20:00,BID_DEPTH,"[(100701, 229)]"
2019-06-28 14:20:00,ASK_DEPTH,"[(100961, 264)]"
2019-06-28 14:20:00,IMBALANCE,"[229, 264]"
2019-06-28 14:20:00,HOLDINGS_UPDATED,"{'CASH': -8078024, 'JPM': 168}"
2019-06-28 14:21:00,BID_DEPTH,"[(99369, 247)]"
2019-06-28 14:21:00,ASK_DEPTH,"[(100165, 182)]"
2019-06-28 14:21:00,IMBALANCE,"[247, 182]"
2019-06-28 14:21:00,HOLDINGS_UPDATED,"{'CASH': -7283072, 'JPM': 160}"
2019-06-28 14:22:00,BID_DEPTH,"[(100165, 147)]"
2019-06-28 14:22:00,ASK_DEPTH,"[(100602, 182)]"
2019-06-28 14:22:00,IMBALANCE,"[147, 182]"
2019-06-28 14:22:00,HOLDINGS_UPDATED,"{'CASH': -6481752, 'JPM': 152}"
2019-06-28 14:23:00,BID_DEPTH,"[(100165, 311)]"
2019-06-28 14:23:00,ASK_DEPTH,"[(100602, 176)]"
2019-06-28 14:23:00,IMBALANCE,"[311, 176]"
2019-06-28 14:23:00,HOLDINGS_UPDATED,"{'CASH': -7286568, 'JPM': 160}"
2019-06-28 14:24:00,BID_DEPTH,"[(100296, 427)]"
2019-06-28 14:24:00,ASK_DEPTH,"[(100809, 392)]"
2019-06-28 14:24:00,IMBALANCE,"[427, 392]"
2019-06-28 14:24:00,HOLDINGS_UPDATED,"{'CASH': -8093040, 'JPM': 168}"
2019-06-28 14:25:00,BID_DEPTH,"[(100165, 265)]"
2019-06-28 14:25:00,ASK_DEPTH,"[(100830, 130)]"
2019-06-28 14:25:00,IMBALANCE,"[265, 130]"
2019-06-28 14:25:00,HOLDINGS_UPDATED,"{'CASH': -8899680, 'JPM': 176}"
2019-06-28 14:26:00,BID_DEPTH,"[(100165, 265)]"
2019-06-28 14:26:00,ASK_DEPTH,"[(100910, 130)]"
2019-06-28 14:26:00,IMBALANCE,"[265, 130]"
2019-06-28 14:26:00,HOLDINGS_UPDATED,"{'CASH': -9706960, 'JPM': 184}"
2019-06-28 14:27:00,BID_DEPTH,"[(100165, 311)]"
2019-06-28 14:27:00,ASK_DEPTH,"[(100940, 176)]"
2019-06-28 14:27:00,IMBALANCE,"[311, 176]"
2019-06-28 14:27:00,HOLDINGS_UPDATED,"{'CASH': -10514480, 'JPM': 192}"
2019-06-28 14:28:00,BID_DEPTH,"[(100574, 264)]"
2019-06-28 14:28:00,ASK_DEPTH,"[(100583, 229)]"
2019-06-28 14:28:00,IMBALANCE,"[264, 229]"
2019-06-28 14:28:00,HOLDINGS_UPDATED,"{'CASH': -11319144, 'JPM': 200}"
2019-06-28 14:29:00,BID_DEPTH,"[(100574, 264)]"
2019-06-28 14:29:00,ASK_DEPTH,"[(100940, 229)]"
2019-06-28 14:29:00,IMBALANCE,"[264, 229]"
2019-06-28 14:29:00,HOLDINGS_UPDATED,"{'CASH': -12126664, 'JPM': 208}"
2019-06-28 14:30:00,BID_DEPTH,"[(100891, 264)]"
2019-06-28 14:30:00,ASK_DEPTH,"[(100940, 133)]"
2019-06-28 14:30:00,IMBALANCE,"[264, 133]"
2019-06-28 14:30:00,HOLDINGS_UPDATED,"{'CASH': -12934184, 'JPM': 216}"
2019-06-28 14:31:00,BID_DEPTH,"[(100891, 427)]"
2019-06-28 14:31:00,ASK_DEPTH,"[(100940, 296)]"
2019-06-28 14:31:00,IMBALANCE,"[427, 296]"
2019-06-28 14:31:00,HOLDINGS_UPDATED,"{'CASH': -13741704, 'JPM': 224}"
2019-06-28 14:32:00,BID_DEPTH,"[(100940, 458)]"
2019-06-28 14:32:00,ASK_DEPTH,"[(101180, 392)]"
2019-06-28 14:32:00,IMBALANCE,"[458, 392]"
2019-06-28 14:32:00,HOLDINGS_UPDATED,"{'CASH': -14551144, 'JPM': 232}"
2019-06-28 14:33:00,BID_DEPTH,"[(100798, 117)]"
2019-06-28 14:33:00,ASK_DEPTH,"[(101180, 151)]"
2019-06-28 14:33:00,IMBALANCE,"[117, 151]"
2019-06-28 14:33:00,HOLDINGS_UPDATED,"{'CASH': -15360584, 'JPM': 240}"
2019-06-28 14:34:00,BID_DEPTH,"[(100663, 264)]"
2019-06-28 14:34:00,ASK_DEPTH,"[(101180, 133)]"
2019-06-28 14:34:00,IMBALANCE,"[264, 133]"
2019-06-28 14:34:00,HOLDINGS_UPDATED,"{'CASH': -16170024, 'JPM': 248}"
2019-06-28 14:35:00,BID_DEPTH,"[(100574, 427)]"
2019-06-28 14:35:00,ASK_DEPTH,"[(101180, 396)]"
2019-06-28 14:35:00,IMBALANCE,"[427, 396]"
2019-06-28 14:35:00,HOLDINGS_UPDATED,"{'CASH': -16979464, 'JPM': 256}"
2019-06-28 14:36:00,BID_DEPTH,"[(100562, 264)]"
2019-06-28 14:36:00,ASK_DEPTH,"[(100574, 164)]"
2019-06-28 14:36:00,IMBALANCE,"[264, 164]"
2019-06-28 14:36:00,HOLDINGS_UPDATED,"{'CASH': -17784056, 'JPM': 264}"
2019-06-28 14:37:00,BID_DEPTH,"[(100486, 182)]"
2019-06-28 14:37:00,ASK_DEPTH,"[(100574, 147)]"
2019-06-28 14:37:00,IMBALANCE,"[182, 147]"
2019-06-28 14:37:00,HOLDINGS_UPDATED,"{'CASH': -18588648, 'JPM': 272}"
2019-06-28 14:38:00,BID_DEPTH,"[(100165, 265)]"
2019-06-28 14:38:00,ASK_DEPTH,"[(101180, 130)]"
2019-06-28 14:38:00,IMBALANCE,"[265, 130]"
2019-06-28 14:38:00,HOLDINGS_UPDATED,"{'CASH': -19398088, 'JPM': 280}"
2019-06-28 14:39:00,BID_DEPTH,"[(100165, 100)]"
2019-06-28 14:39:00,ASK_DEPTH,[]
2019-06-28 14:39:00,IMBALANCE,"[100, 0]"
2019-06-28 14:40:00,BID_DEPTH,"[(99918, 182)]"
2019-06-28 14:40:00,ASK_DEPTH,"[(100147, 147)]"
2019-06-28 14:40:00,IMBALANCE,"[182, 147]"
2019-06-28 14:40:00,HOLDINGS_UPDATED,"{'CASH': -20199264, 'JPM': 288}"
2019-06-28 14:41:00,BID_DEPTH,"[(99791, 165)]"
2019-06-28 14:41:00,ASK_DEPTH,"[(99860, 130)]"
2019-06-28 14:41:00,IMBALANCE,"[165, 130]"
2019-06-28 14:41:00,HOLDINGS_UPDATED,"{'CASH': -20998144, 'JPM': 296}"
2019-06-28 14:42:00,BID_DEPTH,"[(99761, 427)]"
2019-06-28 14:42:00,ASK_DEPTH,"[(99860, 392)]"
2019-06-28 14:42:00,IMBALANCE,"[427, 392]"
2019-06-28 14:42:00,HOLDINGS_UPDATED,"{'CASH': -21797024, 'JPM': 304}"
2019-06-28 14:43:00,BID_DEPTH,"[(99668, 165)]"
2019-06-28 14:43:00,ASK_DEPTH,"[(99859, 130)]"
2019-06-28 14:43:00,IMBALANCE,"[165, 130]"
2019-06-28 14:43:00,HOLDINGS_UPDATED,"{'CASH': -22595896, 'JPM': 312}"
2019-06-28 14:44:00,BID_DEPTH,"[(99489, 427)]"
2019-06-28 14:44:00,ASK_DEPTH,"[(99860, 392)]"
2019-06-28 14:44:00,IMBALANCE,"[427, 392]"
2019-06-28 14:44:00,HOLDINGS_UPDATED,"{'CASH': -23394776, 'JPM': 320}"
2019-06-28 14:45:00,BID_DEPTH,"[(99109, 211)]"
2019-06-28 14:45:00,ASK_DEPTH,"[(99860, 176)]"
2019-06-28 14:45:00,IMBALANCE,"[211, 176]"
2019-06-28 14:45:00,HOLDINGS_UPDATED,"{'CASH': -24193656, 'JPM': 328}"
2019-06-28 14:46:00,BID_DEPTH,"[(98962, 331)]"
2019-06-28 14:46:00,ASK_DEPTH,"[(98998, 392)]"
2019-06-28 14:46:00,IMBALANCE,"[331, 392]"
2019-06-28 14:46:00,HOLDINGS_UPDATED,"{'CASH': -24985640, 'JPM': 336}"
2019-06-28 14:47:00,BID_DEPTH,"[(98962, 115)]"
2019-06-28 14:47:00,ASK_DEPTH,"[(99959, 176)]"
2019-06-28 14:47:00,IMBALANCE,"[115, 176]"
2019-06-28 14:47:00,HOLDINGS_UPDATED,"{'CASH': -25785312, 'JPM': 344}"
2019-06-28 14:48:00,BID_DEPTH,"[(98961, 427)]"
2019-06-28 14:48:00,ASK_DEPTH,"[(98962, 324)]"
2019-06-28 14:48:00,IMBALANCE,"[427, 324]"
2019-06-28 14:48:00,HOLDINGS_UPDATED,"{'CASH': -26577008, 'JPM': 352}"
2019-06-28 14:49:00,BID_DEPTH,"[(98961, 182)]"
2019-06-28 14:49:00,ASK_DEPTH,"[(98962, 147)]"
2019-06-28 14:49:00,IMBALANCE,"[182, 147]"
2019-06-28 14:49:00,HOLDINGS_UPDATED,"{'CASH': -27368704, 'JPM': 360}"
2019-06-28 14:50:00,BID_DEPTH,"[(98877, 331)]"
2019-06-28 14:50:00,ASK_DEPTH,"[(99959, 392)]"
2019-06-28 14:50:00,IMBALANCE,"[331, 392]"
2019-06-28 14:50:00,HOLDINGS_UPDATED,"{'CASH': -28168376, 'JPM': 368}"
2019-06-28 14:51:00,BID_DEPTH,"[(98595, 182)]"
2019-06-28 14:51:00,ASK_DEPTH,"[(100007, 147)]"
2019-06-28 14:51:00,IMBALANCE,"[182, 147]"
2019-06-28 14:51:00,HOLDINGS_UPDATED,"{'CASH': -28968432, 'JPM': 376}"
2019-06-28 14:52:00,BID_DEPTH,"[(98178, 176)]"
2019-06-28 14:52:00,ASK_DEPTH,"[(98296, 211)]"
2019-06-28 14:52:00,IMBALANCE,"[176, 211]"
2019-06-28 14:52:00,HOLDINGS_UPDATED,"{'CASH': -28183008, 'JPM': 368}"
2019-06-28 14:53:00,BID_DEPTH,"[(98178, 134)]"
2019-06-28 14:53:00,ASK_DEPTH,"[(98701, 165)]"
2019-06-28 14:53:00,IMBALANCE,"[134, 165]"
2019-06-28 14:53:00,HOLDINGS_UPDATED,"{'CASH': -27397584, 'JPM': 360}"
2019-06-28 14:54:00,BID_DEPTH,"[(98779, 392)]"
2019-06-28 14:54:00,ASK_DEPTH,"[(98975, 427)]"
2019-06-28 14:54:00,IMBALANCE,"[392, 427]"
2019-06-28 14:54:00,HOLDINGS_UPDATED,"{'CASH': -26607352, 'JPM': 352}"
2019-06-28 14:55:00,BID_DEPTH,"[(98779, 233)]"
2019-06-28 14:55:00,ASK_DEPTH,"[(99018, 264)]"
2019-06-28 14:55:00,IMBALANCE,"[233, 264]"
2019-06-28 14:55:00,HOLDINGS_UPDATED,"{'CASH': -25817120, 'JPM': 344}"
2019-06-28 14:56:00,BID_DEPTH,"[(98812, 176)]"
2019-06-28 14:56:00,ASK_DEPTH,"[(99018, 211)]"
2019-06-28 14:56:00,IMBALANCE,"[176, 211]"
2019-06-28 14:56:00,HOLDINGS_UPDATED,"{'CASH': -25026624, 'JPM': 336}"
2019-06-28 14:57:00,BID_DEPTH,"[(98752, 392)]"
2019-06-28 14:57:00,ASK_DEPTH,"[(98779, 412)]"
2019-06-28 14:57:00,IMBALANCE,"[392, 412]"
2019-06-28 14:57:00,HOLDINGS_UPDATED,"{'CASH': -24236608, 'JPM': 328}"
2019-06-28 14:58:00,BID_DEPTH,"[(98752, 80)]"
2019-06-28 14:58:00,ASK_DEPTH,"[(98779, 196)]"
2019-06-28 14:58:00,IMBALANCE,"[80, 196]"
2019-06-28 14:58:00,HOLDINGS_UPDATED,"{'CASH': -23446592, 'JPM': 320}"
2019-06-28 14:59:00,BID_DEPTH,"[(98648, 229)]"
2019-06-28 14:59:00,ASK_DEPTH,"[(98719, 264)]"
2019-06-28 14:59:00,IMBALANCE,"[229, 264]"
2019-06-28 14:59:00,HOLDINGS_UPDATED,"{'CASH': -22657408, 'JPM': 312}"
2019-06-28 15:00:00,BID_DEPTH,"[(98648, 51)]"
2019-06-28 15:00:00,ASK_DEPTH,"[(98719, 182)]"
2019-06-28 15:00:00,IMBALANCE,"[51, 182]"
2019-06-28 15:00:00,HOLDINGS_UPDATED,"{'CASH': -21868224, 'JPM': 304}"
2019-06-28 15:01:00,BID_DEPTH,"[(98647, 396)]"
2019-06-28 15:01:00,ASK_DEPTH,"[(98648, 329)]"
2019-06-28 15:01:00,IMBALANCE,"[396, 329]"
2019-06-28 15:01:00,HOLDINGS_UPDATED,"{'CASH': -21079048, 'JPM': 296}"
2019-06-28 15:02:00,BID_DEPTH,"[(98647, 233)]"
2019-06-28 15:02:00,ASK_DEPTH,"[(98736, 264)]"
2019-06-28 15:02:00,IMBALANCE,"[233, 264]"
2019-06-28 15:02:00,HOLDINGS_UPDATED,"{'CASH': -20289872, 'JPM': 288}"
2019-06-28 15:03:00,BID_DEPTH,"[(98635, 229)]"
2019-06-28 15:03:00,ASK_DEPTH,"[(98752, 172)]"
2019-06-28 15:03:00,IMBALANCE,"[229, 172]"
2019-06-28 15:03:00,HOLDINGS_UPDATED,"{'CASH': -19500792, 'JPM': 280}"
2019-06-28 15:04:00,BID_DEPTH,"[(98626, 392)]"
2019-06-28 15:04:00,ASK_DEPTH,"[(98752, 335)]"
2019-06-28 15:04:00,IMBALANCE,"[392, 335]"
2019-06-28 15:04:00,HOLDINGS_UPDATED,"{'CASH': -18711784, 'JPM': 272}"
2019-06-28 15:05:00,BID_DEPTH,"[(98548, 229)]"
2019-06-28 15:05:00,ASK_DEPTH,"[(98757, 264)]"
2019-06-28 15:05:00,IMBALANCE,"[229, 264]"
2019-06-28 15:05:00,HOLDINGS_UPDATED,"{'CASH': -17923400, 'JPM': 264}"
2019-06-28 15:06:00,BID_DEPTH,"[(98548, 329)]"
2019-06-28 15:06:00,ASK_DEPTH,"[(98779, 249)]"
2019-06-28 15:06:00,IMBALANCE,"[329, 249]"
2019-06-28 15:06:00,HOLDINGS_UPDATED,"{'CASH': -17135016, 'JPM': 256}"
2019-06-28 15:07:00,BID_DEPTH,"[(98548, 312)]"
2019-06-28 15:07:00,ASK_DEPTH,"[(98848, 182)]"
2019-06-28 15:07:00,IMBALANCE,"[312, 182]"
2019-06-28 15:07:00,HOLDINGS_UPDATED,"{'CASH': -16346632, 'JPM': 248}"
2019-06-28 15:08:00,BID_DEPTH,"[(98548, 359)]"
2019-06-28 15:08:00,ASK_DEPTH,"[(98868, 264)]"
2019-06-28 15:08:00,IMBALANCE,"[359, 264]"
2019-06-28 15:08:00,HOLDINGS_UPDATED,"{'CASH': -15558248, 'JPM': 240}"
2019-06-28 15:09:00,BID_DEPTH,"[(98548, 125)]"
2019-06-28 15:09:00,ASK_DEPTH,"[(99067, 165)]"
2019-06-28 15:09:00,IMBALANCE,"[125, 165]"
2019-06-28 15:09:00,HOLDINGS_UPDATED,"{'CASH': -14769864, 'JPM': 232}"
2019-06-28 15:10:00,BID_DEPTH,"[(98528, 229)]"
2019-06-28 15:10:00,ASK_DEPTH,"[(99147, 264)]"
2019-06-28 15:10:00,IMBALANCE,"[229, 264]"
2019-06-28 15:10:00,HOLDINGS_UPDATED,"{'CASH': -13981640, 'JPM': 224}"
2019-06-28 15:11:00,BID_DEPTH,"[(98528, 392)]"
2019-06-28 15:11:00,ASK_DEPTH,"[(99147, 427)]"
2019-06-28 15:11:00,IMBALANCE,"[392, 427]"
2019-06-28 15:11:00,HOLDINGS_UPDATED,"{'CASH': -13193416, 'JPM': 216}"
2019-06-28 15:12:00,BID_DEPTH,"[(98528, 130)]"
2019-06-28 15:12:00,ASK_DEPTH,"[(99320, 165)]"
2019-06-28 15:12:00,IMBALANCE,"[130, 165]"
2019-06-28 15:12:00,HOLDINGS_UPDATED,"{'CASH': -12405192, 'JPM': 208}"
2019-06-28 15:13:00,BID_DEPTH,"[(98529, 392)]"
2019-06-28 15:13:00,ASK_DEPTH,"[(99504, 427)]"
2019-06-28 15:13:00,IMBALANCE,"[392, 427]"
2019-06-28 15:13:00,HOLDINGS_UPDATED,"{'CASH': -11616960, 'JPM': 200}"
2019-06-28 15:14:00,BID_DEPTH,"[(98529, 130)]"
2019-06-28 15:14:00,ASK_DEPTH,"[(99504, 165)]"
2019-06-28 15:14:00,IMBALANCE,"[130, 165]"
2019-06-28 15:14:00,HOLDINGS_UPDATED,"{'CASH': -10828728, 'JPM': 192}"
2019-06-28 15:15:00,BID_DEPTH,"[(98530, 130)]"
2019-06-28 15:15:00,ASK_DEPTH,"[(100084, 165)]"
2019-06-28 15:15:00,IMBALANCE,"[130, 165]"
2019-06-28 15:15:00,HOLDINGS_UPDATED,"{'CASH': -10040488, 'JPM': 184}"
2019-06-28 15:16:00,BID_DEPTH,"[(98529, 392)]"
2019-06-28 15:16:00,ASK_DEPTH,"[(100263, 427)]"
2019-06-28 15:16:00,IMBALANCE,"[392, 427]"
2019-06-28 15:16:00,HOLDINGS_UPDATED,"{'CASH': -9252256, 'JPM': 176}"
2019-06-28 15:17:00,BID_DEPTH,"[(98529, 229)]"
2019-06-28 15:17:00,ASK_DEPTH,"[(100402, 264)]"
2019-06-28 15:17:00,IMBALANCE,"[229, 264]"
2019-06-28 15:17:00,HOLDINGS_UPDATED,"{'CASH': -8464024, 'JPM': 168}"
2019-06-28 15:18:00,BID_DEPTH,"[(100286, 176)]"
2019-06-28 15:18:00,ASK_DEPTH,"[(100402, 211)]"
2019-06-28 15:18:00,IMBALANCE,"[176, 211]"
2019-06-28 15:18:00,HOLDINGS_UPDATED,"{'CASH': -7661736, 'JPM': 160}"
2019-06-28 15:19:00,BID_DEPTH,"[(100241, 130)]"
2019-06-28 15:19:00,ASK_DEPTH,"[(100402, 165)]"
2019-06-28 15:19:00,IMBALANCE,"[130, 165]"
2019-06-28 15:19:00,HOLDINGS_UPDATED,"{'CASH': -6859808, 'JPM': 152}"
2019-06-28 15:20:00,BID_DEPTH,"[(100159, 229)]"
2019-06-28 15:20:00,ASK_DEPTH,"[(100241, 334)]"
2019-06-28 15:20:00,IMBALANCE,"[229, 334]"
2019-06-28 15:20:00,HOLDINGS_UPDATED,"{'CASH': -6058536, 'JPM': 144}"
2019-06-28 15:21:00,BID_DEPTH,"[(98528, 147)]"
2019-06-28 15:21:00,ASK_DEPTH,"[(100241, 252)]"
2019-06-28 15:21:00,IMBALANCE,"[147, 252]"
2019-06-28 15:21:00,HOLDINGS_UPDATED,"{'CASH': -5270312, 'JPM': 136}"
2019-06-28 15:22:00,BID_DEPTH,"[(99367, 229)]"
2019-06-28 15:22:00,ASK_DEPTH,"[(99561, 264)]"
2019-06-28 15:22:00,IMBALANCE,"[229, 264]"
2019-06-28 15:22:00,HOLDINGS_UPDATED,"{'CASH': -4475376, 'JPM': 128}"
2019-06-28 15:23:00,BID_DEPTH,"[(98528, 329)]"
2019-06-28 15:23:00,ASK_DEPTH,"[(99375, 264)]"
2019-06-28 15:23:00,IMBALANCE,"[329, 264]"
2019-06-28 15:23:00,HOLDINGS_UPDATED,"{'CASH': -3687152, 'JPM': 120}"
2019-06-28 15:24:00,BID_DEPTH,"[(98528, 457)]"
2019-06-28 15:24:00,ASK_DEPTH,"[(99561, 427)]"
2019-06-28 15:24:00,IMBALANCE,"[457, 427]"
2019-06-28 15:24:00,HOLDINGS_UPDATED,"{'CASH': -2898928, 'JPM': 112}"
2019-06-28 15:25:00,BID_DEPTH,"[(98528, 259)]"
2019-06-28 15:25:00,ASK_DEPTH,"[(99561, 264)]"
2019-06-28 15:25:00,IMBALANCE,"[259, 264]"
2019-06-28 15:25:00,HOLDINGS_UPDATED,"{'CASH': -2110704, 'JPM': 104}"
2019-06-28 15:26:00,BID_DEPTH,"[(98472, 165)]"
2019-06-28 15:26:00,ASK_DEPTH,"[(99985, 130)]"
2019-06-28 15:26:00,IMBALANCE,"[165, 130]"
2019-06-28 15:26:00,HOLDINGS_UPDATED,"{'CASH': -2910584, 'JPM': 112}"
2019-06-28 15:27:00,BID_DEPTH,"[(98472, 427)]"
2019-06-28 15:27:00,ASK_DEPTH,"[(100393, 392)]"
2019-06-28 15:27:00,IMBALANCE,"[427, 392]"
2019-06-28 15:27:00,HOLDINGS_UPDATED,"{'CASH': -3713728, 'JPM': 120}"
2019-06-28 15:28:00,BID_DEPTH,"[(98472, 264)]"
2019-06-28 15:28:00,ASK_DEPTH,"[(100571, 229)]"
2019-06-28 15:28:00,IMBALANCE,"[264, 229]"
2019-06-28 15:28:00,HOLDINGS_UPDATED,"{'CASH': -4518296, 'JPM': 128}"
2019-06-28 15:29:00,BID_DEPTH,"[(100696, 182)]"
2019-06-28 15:29:00,ASK_DEPTH,"[(100714, 147)]"
2019-06-28 15:29:00,IMBALANCE,"[182, 147]"
2019-06-28 15:29:00,HOLDINGS_UPDATED,"{'CASH': -5324008, 'JPM': 136}"
2019-06-28 15:30:00,BID_DEPTH,"[(100696, 427)]"
2019-06-28 15:30:00,ASK_DEPTH,"[(100714, 296)]"
2019-06-28 15:30:00,IMBALANCE,"[427, 296]"
2019-06-28 15:30:00,HOLDINGS_UPDATED,"{'CASH': -6129720, 'JPM': 144}"
2019-06-28 15:31:00,BID_DEPTH,"[(98384, 211)]"
2019-06-28 15:31:00,ASK_DEPTH,"[(100116, 176)]"
2019-06-28 15:31:00,IMBALANCE,"[211, 176]"
2019-06-28 15:31:00,HOLDINGS_UPDATED,"{'CASH': -6930648, 'JPM': 152}"
2019-06-28 15:32:00,BID_DEPTH,"[(99910, 264)]"
2019-06-28 15:32:00,ASK_DEPTH,"[(100084, 229)]"
2019-06-28 15:32:00,IMBALANCE,"[264, 229]"
2019-06-28 15:32:00,HOLDINGS_UPDATED,"{'CASH': -7731320, 'JPM': 160}"
2019-06-28 15:33:00,BID_DEPTH,"[(99910, 211)]"
2019-06-28 15:33:00,ASK_DEPTH,"[(100084, 276)]"
2019-06-28 15:33:00,IMBALANCE,"[211, 276]"
2019-06-28 15:33:00,HOLDINGS_UPDATED,"{'CASH': -8531992, 'JPM': 168}"
2019-06-28 15:34:00,BID_DEPTH,"[(99938, 211)]"
2019-06-28 15:34:00,ASK_DEPTH,"[(100141, 176)]"
2019-06-28 15:34:00,IMBALANCE,"[211, 176]"
2019-06-28 15:34:00,HOLDINGS_UPDATED,"{'CASH': -9333120, 'JPM': 176}"
2019-06-28 15:35:00,BID_DEPTH,"[(99947, 211)]"
2019-06-28 15:35:00,ASK_DEPTH,"[(100188, 176)]"
2019-06-28 15:35:00,IMBALANCE,"[211, 176]"
2019-06-28 15:35:00,HOLDINGS_UPDATED,"{'CASH': -10134624, 'JPM': 184}"
2019-06-28 15:36:00,BID_DEPTH,"[(99948, 182)]"
2019-06-28 15:36:00,ASK_DEPTH,"[(100235, 147)]"
2019-06-28 15:36:00,IMBALANCE,"[182, 147]"
2019-06-28 15:36:00,HOLDINGS_UPDATED,"{'CASH': -10936504, 'JPM': 192}"
2019-06-28 15:37:00,BID_DEPTH,"[(99959, 165)]"
2019-06-28 15:37:00,ASK_DEPTH,"[(100243, 130)]"
2019-06-28 15:37:00,IMBALANCE,"[165, 130]"
2019-06-28 15:37:00,HOLDINGS_UPDATED,"{'CASH': -11738448, 'JPM': 200}"
2019-06-28 15:38:00,BID_DEPTH,"[(99959, 165)]"
2019-06-28 15:38:00,ASK_DEPTH,"[(100249, 130)]"
2019-06-28 15:38:00,IMBALANCE,"[165, 130]"
2019-06-28 15:38:00,HOLDINGS_UPDATED,"{'CASH': -12540440, 'JPM': 208}"
2019-06-28 15:39:00,BID_DEPTH,"[(99985, 264)]"
2019-06-28 15:39:00,ASK_DEPTH,"[(100249, 229)]"
2019-06-28 15:39:00,IMBALANCE,"[264, 229]"
2019-06-28 15:39:00,HOLDINGS_UPDATED,"{'CASH': -13342432, 'JPM': 216}"
2019-06-28 15:40:00,BID_DEPTH,"[(99985, 264)]"
2019-06-28 15:40:00,ASK_DEPTH,"[(99991, 229)]"
2019-06-28 15:40:00,IMBALANCE,"[264, 229]"
2019-06-28 15:40:00,HOLDINGS_UPDATED,"{'CASH': -14142360, 'JPM': 224}"
2019-06-28 15:41:00,BID_DEPTH,"[(99985, 427)]"
2019-06-28 15:41:00,ASK_DEPTH,"[(100249, 392)]"
2019-06-28 15:41:00,IMBALANCE,"[427, 392]"
2019-06-28 15:41:00,HOLDINGS_UPDATED,"{'CASH': -14944352, 'JPM': 232}"
2019-06-28 15:42:00,BID_DEPTH,"[(100249, 165)]"
2019-06-28 15:42:00,ASK_DEPTH,"[(100252, 130)]"
2019-06-28 15:42:00,IMBALANCE,"[165, 130]"
2019-06-28 15:42:00,HOLDINGS_UPDATED,"{'CASH': -15746368, 'JPM': 240}"
2019-06-28 15:43:00,BID_DEPTH,"[(100252, 152)]"
2019-06-28 15:43:00,ASK_DEPTH,"[(100402, 147)]"
2019-06-28 15:43:00,IMBALANCE,"[152, 147]"
2019-06-28 15:43:00,HOLDINGS_UPDATED,"{'CASH': -16549584, 'JPM': 248}"
2019-06-28 15:44:00,BID_DEPTH,"[(100402, 182)]"
2019-06-28 15:44:00,ASK_DEPTH,"[(100458, 147)]"
2019-06-28 15:44:00,IMBALANCE,"[182, 147]"
2019-06-28 15:44:00,HOLDINGS_UPDATED,"{'CASH': -17353248, 'JPM': 256}"
2019-06-28 15:45:00,BID_DEPTH,"[(100458, 376)]"
2019-06-28 15:45:00,ASK_DEPTH,"[(100503, 392)]"
2019-06-28 15:45:00,IMBALANCE,"[376, 392]"
2019-06-28 15:45:00,HOLDINGS_UPDATED,"{'CASH': -18157272, 'JPM': 264}"
2019-06-28 15:46:00,BID_DEPTH,"[(100458, 213)]"
2019-06-28 15:46:00,ASK_DEPTH,"[(100627, 229)]"
2019-06-28 15:46:00,IMBALANCE,"[213, 229]"
2019-06-28 15:46:00,HOLDINGS_UPDATED,"{'CASH': -18962288, 'JPM': 272}"
2019-06-28 15:47:00,BID_DEPTH,"[(100458, 213)]"
2019-06-28 15:47:00,ASK_DEPTH,"[(100627, 233)]"
2019-06-28 15:47:00,IMBALANCE,"[213, 233]"
2019-06-28 15:47:00,HOLDINGS_UPDATED,"{'CASH': -19767304, 'JPM': 280}"
2019-06-28 15:48:00,BID_DEPTH,"[(100252, 397)]"
2019-06-28 15:48:00,ASK_DEPTH,"[(100672, 392)]"
2019-06-28 15:48:00,IMBALANCE,"[397, 392]"
2019-06-28 15:48:00,HOLDINGS_UPDATED,"{'CASH': -20572680, 'JPM': 288}"
2019-06-28 15:49:00,BID_DEPTH,"[(100252, 135)]"
2019-06-28 15:49:00,ASK_DEPTH,"[(100714, 34)]"
2019-06-28 15:49:00,IMBALANCE,"[135, 34]"
2019-06-28 15:49:00,HOLDINGS_UPDATED,"{'CASH': -21378392, 'JPM': 296}"
2019-06-28 15:50:00,BID_DEPTH,"[(100714, 67)]"
2019-06-28 15:50:00,ASK_DEPTH,"[(100742, 70)]"
2019-06-28 15:50:00,IMBALANCE,"[67, 70]"
2019-06-28 15:50:00,HOLDINGS_UPDATED,"{'CASH': -21479134, 'JPM': 297}"
2019-06-28 15:50:00,HOLDINGS_UPDATED,"{'CASH': -21882102, 'JPM': 301}"
2019-06-28 15:50:00,HOLDINGS_UPDATED,"{'CASH': -22184328, 'JPM': 304}"
2019-06-28 15:51:00,BID_DEPTH,"[(100742, 7)]"
2019-06-28 15:51:00,ASK_DEPTH,[]
2019-06-28 15:51:00,IMBALANCE,"[7, 0]"
2019-06-28 15:52:00,BID_DEPTH,"[(101175, 100)]"
2019-06-28 15:52:00,ASK_DEPTH,[]
2019-06-28 15:52:00,IMBALANCE,"[100, 0]"
2019-06-28 15:53:00,BID_DEPTH,"[(101309, 182)]"
2019-06-28 15:53:00,ASK_DEPTH,"[(101343, 147)]"
2019-06-28 15:53:00,IMBALANCE,"[182, 147]"
2019-06-28 15:53:00,HOLDINGS_UPDATED,"{'CASH': -22995072, 'JPM': 312}"
2019-06-28 15:54:00,BID_DEPTH,"[(101309, 165)]"
2019-06-28 15:54:00,ASK_DEPTH,"[(101555, 130)]"
2019-06-28 15:54:00,IMBALANCE,"[165, 130]"
2019-06-28 15:54:00,HOLDINGS_UPDATED,"{'CASH': -23807512, 'JPM': 320}"
2019-06-28 15:55:00,BID_DEPTH,"[(101555, 66)]"
2019-06-28 15:55:00,ASK_DEPTH,[]
2019-06-28 15:55:00,IMBALANCE,"[66, 0]"
2019-06-28 15:56:00,BID_DEPTH,"[(101546, 165)]"
2019-06-28 15:56:00,ASK_DEPTH,"[(101555, 224)]"
2019-06-28 15:56:00,IMBALANCE,"[165, 224]"
2019-06-28 15:56:00,HOLDINGS_UPDATED,"{'CASH': -24619952, 'JPM': 328}"
2019-06-28 15:57:00,BID_DEPTH,"[(101555, 457)]"
2019-06-28 15:57:00,ASK_DEPTH,"[(101803, 392)]"
2019-06-28 15:57:00,IMBALANCE,"[457, 392]"
2019-06-28 15:57:00,HOLDINGS_UPDATED,"{'CASH': -25434376, 'JPM': 336}"
2019-06-28 15:58:00,BID_DEPTH,"[(101613, 182)]"
2019-06-28 15:58:00,ASK_DEPTH,"[(101763, 147)]"
2019-06-28 15:58:00,IMBALANCE,"[182, 147]"
2019-06-28 15:58:00,HOLDINGS_UPDATED,"{'CASH': -26248480, 'JPM': 344}"
2019-06-28 15:59:00,BID_DEPTH,"[(101719, 165)]"
2019-06-28 15:59:00,ASK_DEPTH,"[(101722, 130)]"
2019-06-28 15:59:00,IMBALANCE,"[165, 130]"
2019-06-28 15:59:00,HOLDINGS_UPDATED,"{'CASH': -27062256, 'JPM': 352}"
2019-06-28 16:00:00,BID_DEPTH,"[(101613, 264)]"
2019-06-28 16:00:00,ASK_DEPTH,"[(101722, 329)]"
2019-06-28 16:00:00,IMBALANCE,"[264, 329]"
2019-06-28 16:00:00,HOLDINGS_UPDATED,"{'CASH': -27876032, 'JPM': 360}"
2019-06-28 16:01:00,BID_DEPTH,"[(101613, 264)]"
2019-06-28 16:01:00,ASK_DEPTH,"[(101722, 229)]"
2019-06-28 16:01:00,IMBALANCE,"[264, 229]"
2019-06-28 16:01:00,MKT_CLOSED,
2019-06-28 16:01:00,FINAL_HOLDINGS,"{ JPM: 360, CASH: -27876032 }"
2019-06-28 16:01:00,FINAL_CASH_POSITION,-27876032
2019-06-28 16:01:00,MARK_TO_MARKET,360 JPM @ 101722 == 36619920
2019-06-28 16:01:00,MARKED_TO_MARKET,8743888
2019-06-28 16:01:00,ENDING_CASH,8743888
