EventTime,EventType,Event
,AGENT_TYPE,ExchangeAgent
2019-06-28 09:30:00.000000000,WHEN_MKT_OPEN,1
2019-06-28 09:30:00.000000000,WHEN_MKT_CLOSE,1
2019-06-28 09:30:00.000000000,WHEN_MKT_OPEN,2
2019-06-28 09:30:00.000000000,WHEN_MKT_CLOSE,2
2019-06-28 09:30:00.000000000,WHEN_MKT_OPEN,3
2019-06-28 09:30:00.000000000,WHEN_MKT_CLOSE,3
2019-06-28 09:30:00.000000000,WHEN_MKT_OPEN,4
2019-06-28 09:30:00.000000000,WHEN_MKT_CLOSE,4
2019-06-28 09:30:00.000000000,WHEN_MKT_OPEN,5
2019-06-28 09:30:00.000000000,WHEN_MKT_CLOSE,5
2019-06-28 09:30:00.000000000,WHEN_MKT_OPEN,6
2019-06-28 09:30:00.000000000,WHEN_MKT_CLOSE,6
2019-06-28 09:30:00.000000000,WHEN_MKT_OPEN,7
2019-06-28 09:30:00.000000000,WHEN_MKT_CLOSE,7
2019-06-28 09:30:00.000000000,WHEN_MKT_OPEN,8
2019-06-28 09:30:00.000000000,WHEN_MKT_CLOSE,8
2019-06-28 09:30:00.000000000,WHEN_MKT_OPEN,9
2019-06-28 09:30:00.000000000,WHEN_MKT_CLOSE,9
2019-06-28 09:30:00.000000000,WHEN_MKT_OPEN,10
2019-06-28 09:30:00.000000000,WHEN_MKT_CLOSE,10
2019-06-28 09:30:00.000000000,WHEN_MKT_OPEN,11
2019-06-28 09:30:00.000000000,WHEN_MKT_CLOSE,11
2019-06-28 09:30:00.000000000,WHEN_MKT_OPEN,12
2019-06-28 09:30:00.000000000,WHEN_MKT_CLOSE,12
2019-06-28 09:30:00.000000000,WHEN_MKT_OPEN,13
2019-06-28 09:30:00.000000000,WHEN_MKT_CLOSE,13
2019-06-28 09:30:00.000000000,WHEN_MKT_OPEN,14
2019-06-28 09:30:00.000000000,WHEN_MKT_CLOSE,14
2019-06-28 09:30:00.000000000,WHEN_MKT_OPEN,15
2019-06-28 09:30:00.000000000,WHEN_MKT_CLOSE,15
2019-06-28 09:30:00.000000000,WHEN_MKT_OPEN,16
2019-06-28 09:30:00.000000000,WHEN_MKT_CLOSE,16
2019-06-28 09:30:00.000000000,WHEN_MKT_OPEN,17
2019-06-28 09:30:00.000000000,WHEN_MKT_CLOSE,17
2019-06-28 09:30:00.000000000,WHEN_MKT_OPEN,18
2019-06-28 09:30:00.000000000,WHEN_MKT_CLOSE,18
2019-06-28 09:30:00.000000000,WHEN_MKT_OPEN,19
2019-06-28 09:30:00.000000000,WHEN_MKT_CLOSE,19
2019-06-28 09:30:00.000000000,WHEN_MKT_OPEN,20
2019-06-28 09:30:00.000000000,WHEN_MKT_CLOSE,20
2019-06-28 09:30:00.000000000,WHEN_MKT_OPEN,21
2019-06-28 09:30:00.000000000,WHEN_MKT_CLOSE,21
2019-06-28 09:30:00.000000000,WHEN_MKT_OPEN,22
2019-06-28 09:30:00.000000000,WHEN_MKT_CLOSE,22
2019-06-28 09:30:00.000000000,WHEN_MKT_OPEN,23
2019-06-28 09:30:00.000000000,WHEN_MKT_CLOSE,23
2019-06-28 09:30:00.000000000,WHEN_MKT_OPEN,24
2019-06-28 09:30:00.000000000,WHEN_MKT_CLOSE,24
2019-06-28 09:30:00.000000000,WHEN_MKT_OPEN,25
2019-06-28 09:30:00.000000000,WHEN_MKT_CLOSE,25
2019-06-28 09:30:00.000000000,WHEN_MKT_OPEN,26
2019-06-28 09:30:00.000000000,WHEN_MKT_CLOSE,26
2019-06-28 09:30:00.000000000,WHEN_MKT_OPEN,27
2019-06-28 09:30:00.000000000,WHEN_MKT_CLOSE,27
2019-06-28 09:30:00.000000000,WHEN_MKT_OPEN,28
2019-06-28 09:30:00.000000000,WHEN_MKT_CLOSE,28
2019-06-28 09:30:00.000000000,WHEN_MKT_OPEN,29
2019-06-28 09:30:00.000000000,WHEN_MKT_CLOSE,29
2019-06-28 09:30:00.000000000,WHEN_MKT_OPEN,30
2019-06-28 09:30:00.000000000,WHEN_MKT_CLOSE,30
2019-06-28 09:30:00.000000000,WHEN_MKT_OPEN,31
2019-06-28 09:30:00.000000000,WHEN_MKT_CLOSE,31
2019-06-28 09:30:00.000000000,WHEN_MKT_OPEN,32
2019-06-28 09:30:00.000000000,WHEN_MKT_CLOSE,32
2019-06-28 09:30:00.000000000,WHEN_MKT_OPEN,33
2019-06-28 09:30:00.000000000,WHEN_MKT_CLOSE,33
2019-06-28 09:30:00.000000000,WHEN_MKT_OPEN,34
2019-06-28 09:30:00.000000000,WHEN_MKT_CLOSE,34
2019-06-28 09:30:00.000000000,WHEN_MKT_OPEN,35
2019-06-28 09:30:00.000000000,WHEN_MKT_CLOSE,35
2019-06-28 09:30:00.000000000,WHEN_MKT_OPEN,36
2019-06-28 09:30:00.000000000,WHEN_MKT_CLOSE,36
2019-06-28 09:30:00.000000000,WHEN_MKT_OPEN,37
2019-06-28 09:30:00.000000000,WHEN_MKT_CLOSE,37
2019-06-28 09:30:00.000000000,WHEN_MKT_OPEN,38
2019-06-28 09:30:00.000000000,WHEN_MKT_CLOSE,38
2019-06-28 09:30:00.000000000,WHEN_MKT_OPEN,39
2019-06-28 09:30:00.000000000,WHEN_MKT_CLOSE,39
2019-06-28 09:30:00.000000000,WHEN_MKT_OPEN,40
2019-06-28 09:30:00.000000000,WHEN_MKT_CLOSE,40
2019-06-28 09:30:00.000000000,WHEN_MKT_OPEN,41
2019-06-28 09:30:00.000000000,WHEN_MKT_CLOSE,41
2019-06-28 09:30:00.000000000,WHEN_MKT_OPEN,42
2019-06-28 09:30:00.000000000,WHEN_MKT_CLOSE,42
2019-06-28 09:30:00.000000000,WHEN_MKT_OPEN,43
2019-06-28 09:30:00.000000000,WHEN_MKT_CLOSE,43
2019-06-28 09:30:00.000000000,WHEN_MKT_OPEN,44
2019-06-28 09:30:00.000000000,WHEN_MKT_CLOSE,44
2019-06-28 09:30:00.000000000,WHEN_MKT_OPEN,45
2019-06-28 09:30:00.000000000,WHEN_MKT_CLOSE,45
2019-06-28 09:30:00.000000000,WHEN_MKT_OPEN,46
2019-06-28 09:30:00.000000000,WHEN_MKT_CLOSE,46
2019-06-28 09:30:00.000000000,WHEN_MKT_OPEN,47
2019-06-28 09:30:00.000000000,WHEN_MKT_CLOSE,47
2019-06-28 09:30:00.000000000,WHEN_MKT_OPEN,48
2019-06-28 09:30:00.000000000,WHEN_MKT_CLOSE,48
2019-06-28 09:30:00.000000000,WHEN_MKT_OPEN,49
2019-06-28 09:30:00.000000000,WHEN_MKT_CLOSE,49
2019-06-28 09:30:00.000000000,WHEN_MKT_OPEN,50
2019-06-28 09:30:00.000000000,WHEN_MKT_CLOSE,50
2019-06-28 09:30:00.000000000,WHEN_MKT_OPEN,51
2019-06-28 09:30:00.000000000,WHEN_MKT_CLOSE,51
2019-06-28 09:30:00.000000000,WHEN_MKT_OPEN,52
2019-06-28 09:30:00.000000000,WHEN_MKT_CLOSE,52
2019-06-28 09:30:00.000000000,WHEN_MKT_OPEN,53
2019-06-28 09:30:00.000000000,WHEN_MKT_CLOSE,53
2019-06-28 09:30:00.000000000,WHEN_MKT_OPEN,54
2019-06-28 09:30:00.000000000,WHEN_MKT_CLOSE,54
2019-06-28 09:30:00.000000000,WHEN_MKT_OPEN,55
2019-06-28 09:30:00.000000000,WHEN_MKT_CLOSE,55
2019-06-28 09:30:00.000000000,WHEN_MKT_OPEN,56
2019-06-28 09:30:00.000000000,WHEN_MKT_CLOSE,56
2019-06-28 09:30:00.000000000,WHEN_MKT_OPEN,57
2019-06-28 09:30:00.000000000,WHEN_MKT_CLOSE,57
2019-06-28 09:30:00.000000000,WHEN_MKT_OPEN,58
2019-06-28 09:30:00.000000000,WHEN_MKT_CLOSE,58
2019-06-28 09:30:00.000000000,WHEN_MKT_OPEN,59
2019-06-28 09:30:00.000000000,WHEN_MKT_CLOSE,59
2019-06-28 09:30:00.000000000,WHEN_MKT_OPEN,60
2019-06-28 09:30:00.000000000,WHEN_MKT_CLOSE,60
2019-06-28 09:30:00.000000000,WHEN_MKT_OPEN,61
2019-06-28 09:30:00.000000000,WHEN_MKT_CLOSE,61
2019-06-28 09:30:00.000000000,WHEN_MKT_OPEN,62
2019-06-28 09:30:00.000000000,WHEN_MKT_CLOSE,62
2019-06-28 09:30:00.000000000,WHEN_MKT_OPEN,63
2019-06-28 09:30:00.000000000,WHEN_MKT_CLOSE,63
2019-06-28 09:30:00.000000000,WHEN_MKT_OPEN,64
2019-06-28 09:30:00.000000000,WHEN_MKT_CLOSE,64
2019-06-28 09:30:00.000000000,WHEN_MKT_OPEN,65
2019-06-28 09:30:00.000000000,WHEN_MKT_CLOSE,65
2019-06-28 09:30:00.000000000,WHEN_MKT_OPEN,66
2019-06-28 09:30:00.000000000,WHEN_MKT_CLOSE,66
2019-06-28 09:30:00.000000000,WHEN_MKT_OPEN,67
2019-06-28 09:30:00.000000000,WHEN_MKT_CLOSE,67
2019-06-28 09:30:00.000000000,WHEN_MKT_OPEN,68
2019-06-28 09:30:00.000000000,WHEN_MKT_CLOSE,68
2019-06-28 09:30:00.000000000,WHEN_MKT_OPEN,69
2019-06-28 09:30:00.000000000,WHEN_MKT_CLOSE,69
2019-06-28 09:30:00.000000000,WHEN_MKT_OPEN,70
2019-06-28 09:30:00.000000000,WHEN_MKT_CLOSE,70
2019-06-28 09:30:00.000000000,WHEN_MKT_OPEN,71
2019-06-28 09:30:00.000000000,WHEN_MKT_CLOSE,71
2019-06-28 09:30:00.000000000,WHEN_MKT_OPEN,72
2019-06-28 09:30:00.000000000,WHEN_MKT_CLOSE,72
2019-06-28 09:30:00.000000000,WHEN_MKT_OPEN,73
2019-06-28 09:30:00.000000000,WHEN_MKT_CLOSE,73
2019-06-28 09:30:00.000000000,WHEN_MKT_OPEN,74
2019-06-28 09:30:00.000000000,WHEN_MKT_CLOSE,74
2019-06-28 09:30:00.000000000,WHEN_MKT_OPEN,75
2019-06-28 09:30:00.000000000,WHEN_MKT_CLOSE,75
2019-06-28 09:30:00.000000000,WHEN_MKT_OPEN,76
2019-06-28 09:30:00.000000000,WHEN_MKT_CLOSE,76
2019-06-28 09:30:00.000000000,WHEN_MKT_OPEN,77
2019-06-28 09:30:00.000000000,WHEN_MKT_CLOSE,77
2019-06-28 09:30:00.000000000,WHEN_MKT_OPEN,78
2019-06-28 09:30:00.000000000,WHEN_MKT_CLOSE,78
2019-06-28 09:30:00.000000000,WHEN_MKT_OPEN,79
2019-06-28 09:30:00.000000000,WHEN_MKT_CLOSE,79
2019-06-28 09:30:00.000000000,WHEN_MKT_OPEN,80
2019-06-28 09:30:00.000000000,WHEN_MKT_CLOSE,80
2019-06-28 09:30:00.000000000,WHEN_MKT_OPEN,81
2019-06-28 09:30:00.000000000,WHEN_MKT_CLOSE,81
2019-06-28 09:30:00.000000000,WHEN_MKT_OPEN,82
2019-06-28 09:30:00.000000000,WHEN_MKT_CLOSE,82
2019-06-28 09:30:00.000000000,WHEN_MKT_OPEN,83
2019-06-28 09:30:00.000000000,WHEN_MKT_CLOSE,83
2019-06-28 09:30:00.000000000,WHEN_MKT_OPEN,84
2019-06-28 09:30:00.000000000,WHEN_MKT_CLOSE,84
2019-06-28 09:30:00.000000000,WHEN_MKT_OPEN,85
2019-06-28 09:30:00.000000000,WHEN_MKT_CLOSE,85
2019-06-28 09:30:00.000000000,WHEN_MKT_OPEN,86
2019-06-28 09:30:00.000000000,WHEN_MKT_CLOSE,86
2019-06-28 09:30:00.000000000,WHEN_MKT_OPEN,87
2019-06-28 09:30:00.000000000,WHEN_MKT_CLOSE,87
2019-06-28 09:30:00.000000000,WHEN_MKT_OPEN,88
2019-06-28 09:30:00.000000000,WHEN_MKT_CLOSE,88
2019-06-28 09:30:00.000000000,WHEN_MKT_OPEN,89
2019-06-28 09:30:00.000000000,WHEN_MKT_CLOSE,89
2019-06-28 09:30:00.000000000,WHEN_MKT_OPEN,90
2019-06-28 09:30:00.000000000,WHEN_MKT_CLOSE,90
2019-06-28 09:30:00.000000000,WHEN_MKT_OPEN,91
2019-06-28 09:30:00.000000000,WHEN_MKT_CLOSE,91
2019-06-28 09:30:00.000000000,WHEN_MKT_OPEN,92
2019-06-28 09:30:00.000000000,WHEN_MKT_CLOSE,92
2019-06-28 09:30:00.000000000,WHEN_MKT_OPEN,93
2019-06-28 09:30:00.000000000,WHEN_MKT_CLOSE,93
2019-06-28 09:30:00.000000000,WHEN_MKT_OPEN,94
2019-06-28 09:30:00.000000000,WHEN_MKT_CLOSE,94
2019-06-28 09:30:00.000000000,WHEN_MKT_OPEN,95
2019-06-28 09:30:00.000000000,WHEN_MKT_CLOSE,95
2019-06-28 09:30:00.000000000,WHEN_MKT_OPEN,96
2019-06-28 09:30:00.000000000,WHEN_MKT_CLOSE,96
2019-06-28 09:30:00.000000000,WHEN_MKT_OPEN,97
2019-06-28 09:30:00.000000000,WHEN_MKT_CLOSE,97
2019-06-28 09:30:00.000000000,WHEN_MKT_OPEN,98
2019-06-28 09:30:00.000000000,WHEN_MKT_CLOSE,98
2019-06-28 09:30:00.000000000,WHEN_MKT_OPEN,99
2019-06-28 09:30:00.000000000,WHEN_MKT_CLOSE,99
2019-06-28 09:30:00.000000000,WHEN_MKT_OPEN,100
2019-06-28 09:30:00.000000000,WHEN_MKT_CLOSE,100
2019-06-28 09:30:00.000000000,WHEN_MKT_OPEN,101
2019-06-28 09:30:00.000000000,WHEN_MKT_CLOSE,101
2019-06-28 09:30:00.000000001,QUERY_SPREAD,29
2019-06-28 09:30:00.000000001,BEST_ASK,"JPM,100106,100"
2019-06-28 09:30:00.000000001,QUERY_SPREAD,50
2019-06-28 09:30:00.000000001,BEST_BID,"JPM,99952,100"
2019-06-28 09:30:00.000000001,BEST_ASK,"JPM,100106,100"
2019-06-28 09:30:00.000000003,QUERY_SPREAD,36
2019-06-28 09:30:00.000000003,BEST_BID,"JPM,99952,100"
2019-06-28 09:30:00.000000003,BEST_ASK,"JPM,100106,100"
2019-06-28 09:30:00.000000003,QUERY_ORDER_STREAM,76
2019-06-28 09:30:00.000000003,QUERY_SPREAD,76
2019-06-28 09:30:00.000000003,BEST_BID,"JPM,99954,100"
2019-06-28 09:30:00.000000003,BEST_ASK,"JPM,100106,100"
2019-06-28 09:30:00.000000004,QUERY_SPREAD,32
2019-06-28 09:30:00.000000004,BEST_BID,"JPM,99954,100"
2019-06-28 09:30:00.000000004,BEST_ASK,"JPM,100106,100"
2019-06-28 09:30:00.000000006,QUERY_SPREAD,4
2019-06-28 09:30:00.000000006,BEST_BID,"JPM,99954,100"
2019-06-28 09:30:00.000000006,BEST_ASK,"JPM,100106,100"
2019-06-28 09:30:00.000000008,QUERY_ORDER_STREAM,66
2019-06-28 09:30:00.000000008,QUERY_SPREAD,66
2019-06-28 09:30:00.000000008,BEST_BID,"JPM,99954,100"
2019-06-28 09:30:00.000000008,BEST_ASK,"JPM,99964,100"
2019-06-28 09:30:00.000000009,QUERY_SPREAD,6
2019-06-28 09:30:00.000000009,BEST_BID,"JPM,99954,100"
2019-06-28 09:30:00.000000009,BEST_ASK,"JPM,99964,100"
2019-06-28 09:30:00.000000009,QUERY_SPREAD,40
2019-06-28 09:30:00.000000009,BEST_BID,"JPM,99954,100"
2019-06-28 09:30:00.000000009,BEST_ASK,"JPM,100106,100"
2019-06-28 09:30:00.000000009,LAST_TRADE,"100,$99964.0000"
2019-06-28 09:30:00.000000012,QUERY_SPREAD,16
2019-06-28 09:30:00.000000012,BEST_BID,"JPM,99954,100"
2019-06-28 09:30:00.000000012,BEST_ASK,"JPM,99984,100"
2019-06-28 09:30:00.000000012,QUERY_ORDER_STREAM,71
2019-06-28 09:30:00.000000012,QUERY_SPREAD,71
2019-06-28 09:30:00.000000012,BEST_BID,"JPM,99977,100"
2019-06-28 09:30:00.000000012,BEST_ASK,"JPM,99984,100"
2019-06-28 09:30:00.000000015,QUERY_SPREAD,45
2019-06-28 09:30:00.000000015,BEST_BID,"JPM,99977,100"
2019-06-28 09:30:00.000000015,BEST_ASK,"JPM,99984,100"
2019-06-28 09:30:00.000000016,QUERY_SPREAD,15
2019-06-28 09:30:00.000000016,BEST_BID,"JPM,99977,100"
2019-06-28 09:30:00.000000016,BEST_ASK,"JPM,99984,100"
2019-06-28 09:30:00.000000016,QUERY_SPREAD,25
2019-06-28 09:30:00.000000016,BEST_BID,"JPM,99977,100"
2019-06-28 09:30:00.000000016,BEST_ASK,"JPM,99984,100"
2019-06-28 09:30:00.000000018,QUERY_ORDER_STREAM,72
2019-06-28 09:30:00.000000018,QUERY_SPREAD,72
2019-06-28 09:30:00.000000018,BEST_BID,"JPM,99977,100"
2019-06-28 09:30:00.000000018,BEST_ASK,"JPM,99984,100"
2019-06-28 09:30:00.000000021,QUERY_ORDER_STREAM,64
2019-06-28 09:30:00.000000021,QUERY_SPREAD,64
2019-06-28 09:30:00.000000021,BEST_BID,"JPM,99977,100"
2019-06-28 09:30:00.000000021,BEST_ASK,"JPM,99984,100"
2019-06-28 09:30:00.000000023,QUERY_SPREAD,13
2019-06-28 09:30:00.000000023,BEST_BID,"JPM,99977,100"
2019-06-28 09:30:00.000000023,BEST_ASK,"JPM,99984,100"
2019-06-28 09:30:00.000000023,QUERY_ORDER_STREAM,63
2019-06-28 09:30:00.000000023,QUERY_SPREAD,63
2019-06-28 09:30:00.000000023,BEST_BID,"JPM,99977,100"
2019-06-28 09:30:00.000000023,BEST_ASK,"JPM,99984,100"
2019-06-28 09:30:00.000000024,QUERY_SPREAD,14
2019-06-28 09:30:00.000000024,BEST_BID,"JPM,99977,100"
2019-06-28 09:30:00.000000024,BEST_ASK,"JPM,99984,100"
2019-06-28 09:30:00.000000025,QUERY_ORDER_STREAM,65
2019-06-28 09:30:00.000000025,QUERY_SPREAD,65
2019-06-28 09:30:00.000000025,BEST_BID,"JPM,99977,100"
2019-06-28 09:30:00.000000025,BEST_ASK,"JPM,99984,100"
2019-06-28 09:30:00.000000027,QUERY_SPREAD,41
2019-06-28 09:30:00.000000027,BEST_BID,"JPM,99977,100"
2019-06-28 09:30:00.000000027,BEST_ASK,"JPM,99984,100"
2019-06-28 09:30:00.000000028,QUERY_SPREAD,9
2019-06-28 09:30:00.000000028,BEST_BID,"JPM,99977,100"
2019-06-28 09:30:00.000000028,BEST_ASK,"JPM,99984,100"
2019-06-28 09:30:00.000000028,QUERY_SPREAD,39
2019-06-28 09:30:00.000000028,BEST_BID,"JPM,99977,100"
2019-06-28 09:30:00.000000028,BEST_ASK,"JPM,99984,100"
2019-06-28 09:30:00.000000031,QUERY_SPREAD,2
2019-06-28 09:30:00.000000031,BEST_BID,"JPM,99977,100"
2019-06-28 09:30:00.000000031,BEST_ASK,"JPM,99984,100"
2019-06-28 09:30:00.000000031,QUERY_SPREAD,8
2019-06-28 09:30:00.000000031,BEST_BID,"JPM,99977,100"
2019-06-28 09:30:00.000000031,BEST_ASK,"JPM,99984,100"
2019-06-28 09:30:00.000000036,QUERY_SPREAD,47
2019-06-28 09:30:00.000000036,BEST_BID,"JPM,99977,100"
2019-06-28 09:30:00.000000036,BEST_ASK,"JPM,99984,100"
2019-06-28 09:30:00.000000038,QUERY_SPREAD,33
2019-06-28 09:30:00.000000038,BEST_BID,"JPM,99977,100"
2019-06-28 09:30:00.000000038,BEST_ASK,"JPM,99984,100"
2019-06-28 09:30:00.000000040,QUERY_SPREAD,34
2019-06-28 09:30:00.000000040,BEST_BID,"JPM,99977,100"
2019-06-28 09:30:00.000000040,BEST_ASK,"JPM,99984,100"
2019-06-28 09:30:00.000000041,QUERY_SPREAD,18
2019-06-28 09:30:00.000000041,BEST_BID,"JPM,99977,100"
2019-06-28 09:30:00.000000041,BEST_ASK,"JPM,100000,100"
2019-06-28 09:30:00.000000041,LAST_TRADE,"100,$99984.0000"
2019-06-28 09:30:00.000000041,QUERY_SPREAD,31
2019-06-28 09:30:00.000000041,BEST_BID,"JPM,99977,100"
2019-06-28 09:30:00.000000041,BEST_ASK,"JPM,100000,100"
2019-06-28 09:30:00.000000043,QUERY_SPREAD,42
2019-06-28 09:30:00.000000043,BEST_BID,"JPM,99977,100"
2019-06-28 09:30:00.000000043,BEST_ASK,"JPM,100001,100"
2019-06-28 09:30:00.000000043,LAST_TRADE,"100,$100000.0000"
2019-06-28 09:30:00.000000045,QUERY_ORDER_STREAM,74
2019-06-28 09:30:00.000000045,QUERY_SPREAD,74
2019-06-28 09:30:00.000000045,BEST_BID,"JPM,99977,100"
2019-06-28 09:30:00.000000045,BEST_ASK,"JPM,100000,100"
2019-06-28 09:30:00.000000046,QUERY_SPREAD,3
2019-06-28 09:30:00.000000046,BEST_BID,"JPM,99977,100"
2019-06-28 09:30:00.000000046,BEST_ASK,"JPM,100000,100"
2019-06-28 09:30:00.000000046,QUERY_ORDER_STREAM,57
2019-06-28 09:30:00.000000046,QUERY_SPREAD,57
2019-06-28 09:30:00.000000046,BEST_BID,"JPM,99977,100"
2019-06-28 09:30:00.000000046,BEST_ASK,"JPM,100000,200"
2019-06-28 09:30:00.000000046,QUERY_ORDER_STREAM,62
2019-06-28 09:30:00.000000046,QUERY_SPREAD,62
2019-06-28 09:30:00.000000047,QUERY_ORDER_STREAM,58
2019-06-28 09:30:00.000000047,QUERY_SPREAD,58
2019-06-28 09:30:00.000000047,BEST_BID,"JPM,99984,100"
2019-06-28 09:30:00.000000047,BEST_ASK,"JPM,100000,200"
2019-06-28 09:30:00.000000049,QUERY_SPREAD,12
2019-06-28 09:30:00.000000049,BEST_BID,"JPM,99984,100"
2019-06-28 09:30:00.000000049,BEST_ASK,"JPM,100000,200"
2019-06-28 09:30:00.000000051,QUERY_SPREAD,37
2019-06-28 09:30:00.000000051,BEST_BID,"JPM,99984,100"
2019-06-28 09:30:00.000000051,BEST_ASK,"JPM,100000,100"
2019-06-28 09:30:00.000000051,LAST_TRADE,"100,$100000.0000"
2019-06-28 09:30:00.000000052,QUERY_ORDER_STREAM,70
2019-06-28 09:30:00.000000052,QUERY_SPREAD,70
2019-06-28 09:30:00.000000052,BEST_BID,"JPM,99984,100"
2019-06-28 09:30:00.000000052,BEST_ASK,"JPM,100001,100"
2019-06-28 09:30:00.000000052,LAST_TRADE,"100,$100000.0000"
2019-06-28 09:30:00.000000053,QUERY_SPREAD,17
2019-06-28 09:30:00.000000053,BEST_BID,"JPM,99984,100"
2019-06-28 09:30:00.000000053,BEST_ASK,"JPM,100001,100"
2019-06-28 09:30:00.000000055,QUERY_SPREAD,46
2019-06-28 09:30:00.000000055,BEST_BID,"JPM,99977,100"
2019-06-28 09:30:00.000000055,BEST_ASK,"JPM,100001,100"
2019-06-28 09:30:00.000000055,LAST_TRADE,"100,$99984.0000"
2019-06-28 09:30:00.000000055,QUERY_ORDER_STREAM,59
2019-06-28 09:30:00.000000055,QUERY_SPREAD,59
2019-06-28 09:30:00.000000055,BEST_BID,"JPM,99984,100"
2019-06-28 09:30:00.000000055,BEST_ASK,"JPM,100001,100"
2019-06-28 09:30:00.000000057,QUERY_ORDER_STREAM,61
2019-06-28 09:30:00.000000057,QUERY_SPREAD,61
2019-06-28 09:30:00.000000057,BEST_BID,"JPM,99984,200"
2019-06-28 09:30:00.000000057,BEST_ASK,"JPM,100001,100"
2019-06-28 09:30:00.000000058,QUERY_ORDER_STREAM,56
2019-06-28 09:30:00.000000058,QUERY_SPREAD,56
2019-06-28 09:30:00.000000060,QUERY_ORDER_STREAM,75
2019-06-28 09:30:00.000000060,QUERY_SPREAD,75
2019-06-28 09:30:00.000000060,BEST_BID,"JPM,99984,300"
2019-06-28 09:30:00.000000060,BEST_ASK,"JPM,100001,100"
2019-06-28 09:30:00.000000061,QUERY_SPREAD,21
2019-06-28 09:30:00.000000061,BEST_BID,"JPM,99984,300"
2019-06-28 09:30:00.000000061,BEST_ASK,"JPM,100001,100"
2019-06-28 09:30:00.000000061,QUERY_SPREAD,28
2019-06-28 09:30:00.000000061,BEST_BID,"JPM,99984,300"
2019-06-28 09:30:00.000000061,BEST_ASK,"JPM,100001,100"
2019-06-28 09:30:00.000000063,QUERY_SPREAD,19
2019-06-28 09:30:00.000000063,BEST_BID,"JPM,99984,300"
2019-06-28 09:30:00.000000063,BEST_ASK,"JPM,100001,100"
2019-06-28 09:30:00.000000063,QUERY_SPREAD,24
2019-06-28 09:30:00.000000063,BEST_BID,"JPM,99984,300"
2019-06-28 09:30:00.000000063,BEST_ASK,"JPM,100001,100"
2019-06-28 09:30:00.000000063,QUERY_ORDER_STREAM,67
2019-06-28 09:30:00.000000063,QUERY_SPREAD,67
2019-06-28 09:30:00.000000064,QUERY_ORDER_STREAM,69
2019-06-28 09:30:00.000000064,QUERY_SPREAD,69
2019-06-28 09:30:00.000000064,BEST_BID,"JPM,99984,300"
2019-06-28 09:30:00.000000064,BEST_ASK,"JPM,100000,100"
2019-06-28 09:30:00.000000065,QUERY_SPREAD,10
2019-06-28 09:30:00.000000065,BEST_BID,"JPM,99984,300"
2019-06-28 09:30:00.000000065,BEST_ASK,"JPM,100000,100"
2019-06-28 09:30:00.000000065,QUERY_SPREAD,38
2019-06-28 09:30:00.000000065,BEST_BID,"JPM,99984,300"
2019-06-28 09:30:00.000000065,BEST_ASK,"JPM,100000,100"
2019-06-28 09:30:00.000000066,QUERY_ORDER_STREAM,53
2019-06-28 09:30:00.000000066,QUERY_SPREAD,53
2019-06-28 09:30:00.000000066,BEST_BID,"JPM,99984,400"
2019-06-28 09:30:00.000000066,BEST_ASK,"JPM,100000,100"
2019-06-28 09:30:00.000000067,QUERY_ORDER_STREAM,52
2019-06-28 09:30:00.000000067,QUERY_SPREAD,52
2019-06-28 09:30:00.000000067,BEST_BID,"JPM,99984,500"
2019-06-28 09:30:00.000000067,BEST_ASK,"JPM,100000,100"
2019-06-28 09:30:00.000000069,QUERY_SPREAD,35
2019-06-28 09:30:00.000000069,BEST_BID,"JPM,99984,500"
2019-06-28 09:30:00.000000069,BEST_ASK,"JPM,100000,100"
2019-06-28 09:30:00.000000069,QUERY_SPREAD,44
2019-06-28 09:30:00.000000069,BEST_BID,"JPM,99984,500"
2019-06-28 09:30:00.000000069,BEST_ASK,"JPM,100000,100"
2019-06-28 09:30:00.000000069,QUERY_SPREAD,48
2019-06-28 09:30:00.000000069,BEST_BID,"JPM,99984,500"
2019-06-28 09:30:00.000000069,BEST_ASK,"JPM,100000,100"
2019-06-28 09:30:00.000000070,QUERY_ORDER_STREAM,55
2019-06-28 09:30:00.000000070,QUERY_SPREAD,55
2019-06-28 09:30:00.000000070,BEST_BID,"JPM,99984,600"
2019-06-28 09:30:00.000000070,BEST_ASK,"JPM,100000,100"
2019-06-28 09:30:00.000000071,QUERY_SPREAD,23
2019-06-28 09:30:00.000000071,BEST_BID,"JPM,99984,600"
2019-06-28 09:30:00.000000071,BEST_ASK,"JPM,100000,100"
2019-06-28 09:30:00.000000071,QUERY_SPREAD,43
2019-06-28 09:30:00.000000071,BEST_BID,"JPM,99999,100"
2019-06-28 09:30:00.000000071,BEST_ASK,"JPM,100000,100"
2019-06-28 09:30:00.000000072,QUERY_SPREAD,20
2019-06-28 09:30:00.000000072,BEST_BID,"JPM,99999,100"
2019-06-28 09:30:00.000000072,BEST_ASK,"JPM,100000,100"
2019-06-28 09:30:00.000000072,QUERY_ORDER_STREAM,68
2019-06-28 09:30:00.000000072,QUERY_SPREAD,68
2019-06-28 09:30:00.000000072,BEST_BID,"JPM,99999,100"
2019-06-28 09:30:00.000000072,BEST_ASK,"JPM,100000,200"
2019-06-28 09:30:00.000000077,QUERY_ORDER_STREAM,54
2019-06-28 09:30:00.000000077,QUERY_SPREAD,54
2019-06-28 09:30:00.000000078,QUERY_SPREAD,30
2019-06-28 09:30:00.000000078,BEST_BID,"JPM,99999,100"
2019-06-28 09:30:00.000000078,BEST_ASK,"JPM,100000,200"
2019-06-28 09:30:00.000000078,QUERY_ORDER_STREAM,73
2019-06-28 09:30:00.000000078,QUERY_SPREAD,73
2019-06-28 09:30:00.000000081,QUERY_SPREAD,26
2019-06-28 09:30:00.000000081,BEST_BID,"JPM,99999,100"
2019-06-28 09:30:00.000000081,BEST_ASK,"JPM,100000,200"
2019-06-28 09:30:00.000000083,QUERY_SPREAD,22
2019-06-28 09:30:00.000000083,BEST_BID,"JPM,99999,100"
2019-06-28 09:30:00.000000083,BEST_ASK,"JPM,100000,100"
2019-06-28 09:30:00.000000083,LAST_TRADE,"100,$100000.0000"
2019-06-28 09:30:00.000000084,QUERY_ORDER_STREAM,60
2019-06-28 09:30:00.000000084,QUERY_SPREAD,60
2019-06-28 09:30:00.000000084,BEST_BID,"JPM,99984,600"
2019-06-28 09:30:00.000000084,BEST_ASK,"JPM,100000,100"
2019-06-28 09:30:00.000000084,LAST_TRADE,"100,$99999.0000"
2019-06-28 09:30:00.000000085,QUERY_SPREAD,5
2019-06-28 09:30:00.000000085,BEST_BID,"JPM,99984,600"
2019-06-28 09:30:00.000000085,BEST_ASK,"JPM,100000,100"
2019-06-28 09:30:00.000000088,QUERY_SPREAD,27
2019-06-28 09:30:00.000000088,BEST_BID,"JPM,99991,100"
2019-06-28 09:30:00.000000088,BEST_ASK,"JPM,100000,100"
2019-06-28 09:30:00.000000089,QUERY_SPREAD,7
2019-06-28 09:30:00.000000089,BEST_BID,"JPM,99984,600"
2019-06-28 09:30:00.000000089,BEST_ASK,"JPM,100000,100"
2019-06-28 09:30:00.000000089,LAST_TRADE,"100,$99991.0000"
2019-06-28 09:30:00.000000094,QUERY_SPREAD,49
2019-06-28 09:30:00.000000094,BEST_BID,"JPM,99984,600"
2019-06-28 09:30:00.000000094,BEST_ASK,"JPM,100000,100"
2019-06-28 09:30:00.000000094,QUERY_SPREAD,51
2019-06-28 09:30:00.000000094,BEST_BID,"JPM,99984,600"
2019-06-28 09:30:00.000000094,BEST_ASK,"JPM,100000,100"
2019-06-28 09:30:00.000000096,QUERY_SPREAD,11
2019-06-28 09:30:00.000000096,BEST_BID,"JPM,99984,600"
2019-06-28 09:30:00.000000096,BEST_ASK,"JPM,100000,100"
2019-06-28 09:30:10.000000000,QUERY_SPREAD,1
2019-06-28 09:30:10.000000000,BEST_BID,"JPM,99984,693"
2019-06-28 09:30:10.000000000,BEST_ASK,"JPM,100000,100"
2019-06-28 09:30:10.000000000,BEST_BID,"JPM,99984,693"
2019-06-28 09:30:10.000000000,BEST_ASK,"JPM,100000,100"
2019-06-28 09:30:10.000000000,BEST_BID,"JPM,99984,693"
2019-06-28 09:30:10.000000000,BEST_ASK,"JPM,100000,100"
2019-06-28 09:30:10.000000000,BEST_BID,"JPM,99984,693"
2019-06-28 09:30:10.000000000,BEST_ASK,"JPM,100000,100"
2019-06-28 09:30:10.000000000,BEST_BID,"JPM,99984,693"
2019-06-28 09:30:10.000000000,BEST_ASK,"JPM,100000,193"
2019-06-28 09:30:10.000000000,BEST_BID,"JPM,99984,693"
2019-06-28 09:30:10.000000000,BEST_ASK,"JPM,100000,193"
2019-06-28 09:30:10.000000000,BEST_BID,"JPM,99984,693"
2019-06-28 09:30:10.000000000,BEST_ASK,"JPM,100000,193"
2019-06-28 09:30:10.000000000,BEST_BID,"JPM,99984,693"
2019-06-28 09:30:10.000000000,BEST_ASK,"JPM,100000,193"
2019-06-28 09:30:20.000000000,QUERY_SPREAD,1
2019-06-28 09:30:20.000000000,BEST_BID,"JPM,99984,674"
2019-06-28 09:30:20.000000000,BEST_ASK,"JPM,100000,100"
2019-06-28 09:30:20.000000000,BEST_BID,"JPM,99984,674"
2019-06-28 09:30:20.000000000,BEST_ASK,"JPM,100000,100"
2019-06-28 09:30:20.000000000,BEST_BID,"JPM,99984,674"
2019-06-28 09:30:20.000000000,BEST_ASK,"JPM,100000,100"
2019-06-28 09:30:20.000000000,BEST_BID,"JPM,99984,674"
2019-06-28 09:30:20.000000000,BEST_ASK,"JPM,100000,100"
2019-06-28 09:30:20.000000000,BEST_BID,"JPM,99984,674"
2019-06-28 09:30:20.000000000,BEST_ASK,"JPM,100000,100"
2019-06-28 09:30:20.000000000,BEST_BID,"JPM,99984,674"
2019-06-28 09:30:20.000000000,BEST_ASK,"JPM,100000,174"
2019-06-28 09:30:20.000000000,BEST_BID,"JPM,99984,674"
2019-06-28 09:30:20.000000000,BEST_ASK,"JPM,100000,174"
2019-06-28 09:30:20.000000000,BEST_BID,"JPM,99984,674"
2019-06-28 09:30:20.000000000,BEST_ASK,"JPM,100000,174"
2019-06-28 09:30:20.000000000,BEST_BID,"JPM,99984,674"
2019-06-28 09:30:20.000000000,BEST_ASK,"JPM,100000,174"
2019-06-28 09:30:20.000000000,BEST_BID,"JPM,99984,674"
2019-06-28 09:30:20.000000000,BEST_ASK,"JPM,100000,174"
2019-06-28 09:30:23.515540120,QUERY_ORDER_STREAM,70
2019-06-28 09:30:23.515540120,QUERY_SPREAD,70
2019-06-28 09:30:23.515540120,BEST_BID,"JPM,99984,674"
2019-06-28 09:30:23.515540120,BEST_ASK,"JPM,99999,100"
2019-06-28 09:30:30.000000000,QUERY_SPREAD,1
2019-06-28 09:30:30.000000000,BEST_BID,"JPM,99984,693"
2019-06-28 09:30:30.000000000,BEST_ASK,"JPM,99999,100"
2019-06-28 09:30:30.000000000,BEST_BID,"JPM,99984,693"
2019-06-28 09:30:30.000000000,BEST_ASK,"JPM,99999,100"
2019-06-28 09:30:30.000000000,BEST_BID,"JPM,99984,693"
2019-06-28 09:30:30.000000000,BEST_ASK,"JPM,99999,100"
2019-06-28 09:30:30.000000000,BEST_BID,"JPM,99984,693"
2019-06-28 09:30:30.000000000,BEST_ASK,"JPM,99999,100"
2019-06-28 09:30:30.000000000,BEST_BID,"JPM,99984,693"
2019-06-28 09:30:30.000000000,BEST_ASK,"JPM,99999,193"
2019-06-28 09:30:30.000000000,BEST_BID,"JPM,99984,693"
2019-06-28 09:30:30.000000000,BEST_ASK,"JPM,99999,193"
2019-06-28 09:30:30.000000000,BEST_BID,"JPM,99984,693"
2019-06-28 09:30:30.000000000,BEST_ASK,"JPM,99999,193"
2019-06-28 09:30:30.000000000,BEST_BID,"JPM,99984,693"
2019-06-28 09:30:30.000000000,BEST_ASK,"JPM,99999,193"
2019-06-28 09:30:40.000000000,QUERY_SPREAD,1
2019-06-28 09:30:40.000000000,BEST_BID,"JPM,99984,971"
2019-06-28 09:30:40.000000000,BEST_ASK,"JPM,99999,100"
2019-06-28 09:30:40.000000000,BEST_BID,"JPM,99984,971"
2019-06-28 09:30:40.000000000,BEST_ASK,"JPM,99999,471"
2019-06-28 09:30:50.000000000,QUERY_SPREAD,1
2019-06-28 09:30:50.000000000,BEST_BID,"JPM,99984,693"
2019-06-28 09:30:50.000000000,BEST_ASK,"JPM,99999,100"
2019-06-28 09:30:50.000000000,BEST_BID,"JPM,99984,693"
2019-06-28 09:30:50.000000000,BEST_ASK,"JPM,99999,100"
2019-06-28 09:30:50.000000000,BEST_BID,"JPM,99984,693"
2019-06-28 09:30:50.000000000,BEST_ASK,"JPM,99999,100"
2019-06-28 09:30:50.000000000,BEST_BID,"JPM,99984,693"
2019-06-28 09:30:50.000000000,BEST_ASK,"JPM,99999,100"
2019-06-28 09:30:50.000000000,BEST_BID,"JPM,99984,693"
2019-06-28 09:30:50.000000000,BEST_ASK,"JPM,99999,193"
2019-06-28 09:30:50.000000000,BEST_BID,"JPM,99984,693"
2019-06-28 09:30:50.000000000,BEST_ASK,"JPM,99999,193"
2019-06-28 09:30:50.000000000,BEST_BID,"JPM,99984,693"
2019-06-28 09:30:50.000000000,BEST_ASK,"JPM,99999,193"
2019-06-28 09:30:50.000000000,BEST_BID,"JPM,99984,693"
2019-06-28 09:30:50.000000000,BEST_ASK,"JPM,99999,193"
2019-06-28 09:30:54.861839307,QUERY_SPREAD,9
2019-06-28 09:30:54.861839307,BEST_BID,"JPM,99984,593"
2019-06-28 09:30:54.861839307,BEST_ASK,"JPM,99999,193"
2019-06-28 09:30:54.861839307,LAST_TRADE,"100,$99984.0000"
2019-06-28 09:31:00.000000000,QUERY_SPREAD,1
2019-06-28 09:31:00.000000000,BEST_BID,"JPM,99984,574"
2019-06-28 09:31:00.000000000,BEST_ASK,"JPM,99999,100"
2019-06-28 09:31:00.000000000,BEST_BID,"JPM,99984,574"
2019-06-28 09:31:00.000000000,BEST_ASK,"JPM,99999,100"
2019-06-28 09:31:00.000000000,BEST_BID,"JPM,99984,574"
2019-06-28 09:31:00.000000000,BEST_ASK,"JPM,99999,100"
2019-06-28 09:31:00.000000000,BEST_BID,"JPM,99984,574"
2019-06-28 09:31:00.000000000,BEST_ASK,"JPM,99999,100"
2019-06-28 09:31:00.000000000,BEST_BID,"JPM,99984,574"
2019-06-28 09:31:00.000000000,BEST_ASK,"JPM,99999,100"
2019-06-28 09:31:00.000000000,BEST_BID,"JPM,99984,574"
2019-06-28 09:31:00.000000000,BEST_ASK,"JPM,99999,174"
2019-06-28 09:31:00.000000000,BEST_BID,"JPM,99984,574"
2019-06-28 09:31:00.000000000,BEST_ASK,"JPM,99999,174"
2019-06-28 09:31:00.000000000,BEST_BID,"JPM,99984,574"
2019-06-28 09:31:00.000000000,BEST_ASK,"JPM,99999,174"
2019-06-28 09:31:00.000000000,BEST_BID,"JPM,99984,574"
2019-06-28 09:31:00.000000000,BEST_ASK,"JPM,99999,174"
2019-06-28 09:31:00.000000000,BEST_BID,"JPM,99984,574"
2019-06-28 09:31:00.000000000,BEST_ASK,"JPM,99999,174"
2019-06-28 09:31:00.000000000,QUERY_SPREAD,77
2019-06-28 09:31:00.000000000,QUERY_SPREAD,78
2019-06-28 09:31:00.000000000,QUERY_SPREAD,79
2019-06-28 09:31:00.000000000,QUERY_SPREAD,80
2019-06-28 09:31:00.000000000,QUERY_SPREAD,81
2019-06-28 09:31:00.000000000,QUERY_SPREAD,82
2019-06-28 09:31:00.000000000,QUERY_SPREAD,83
2019-06-28 09:31:00.000000000,QUERY_SPREAD,84
2019-06-28 09:31:00.000000000,QUERY_SPREAD,85
2019-06-28 09:31:00.000000000,QUERY_SPREAD,86
2019-06-28 09:31:00.000000000,QUERY_SPREAD,87
2019-06-28 09:31:00.000000000,QUERY_SPREAD,88
2019-06-28 09:31:00.000000000,QUERY_SPREAD,89
2019-06-28 09:31:00.000000000,QUERY_SPREAD,90
2019-06-28 09:31:00.000000000,QUERY_SPREAD,91
2019-06-28 09:31:00.000000000,QUERY_SPREAD,92
2019-06-28 09:31:00.000000000,QUERY_SPREAD,93
2019-06-28 09:31:00.000000000,QUERY_SPREAD,94
2019-06-28 09:31:00.000000000,QUERY_SPREAD,95
2019-06-28 09:31:00.000000000,QUERY_SPREAD,96
2019-06-28 09:31:00.000000000,QUERY_SPREAD,97
2019-06-28 09:31:00.000000000,QUERY_SPREAD,98
2019-06-28 09:31:00.000000000,QUERY_SPREAD,99
2019-06-28 09:31:00.000000000,QUERY_SPREAD,100
2019-06-28 09:31:00.000000000,QUERY_SPREAD,101
2019-06-28 09:31:09.132917026,QUERY_SPREAD,46
2019-06-28 09:31:09.132917026,BEST_BID,"JPM,99984,574"
2019-06-28 09:31:09.132917026,BEST_ASK,"JPM,99999,174"
2019-06-28 09:31:10.000000000,QUERY_SPREAD,1
2019-06-28 09:31:10.000000000,BEST_BID,"JPM,99984,593"
2019-06-28 09:31:10.000000000,BEST_ASK,"JPM,99999,100"
2019-06-28 09:31:10.000000000,BEST_BID,"JPM,99984,593"
2019-06-28 09:31:10.000000000,BEST_ASK,"JPM,99999,100"
2019-06-28 09:31:10.000000000,BEST_BID,"JPM,99984,593"
2019-06-28 09:31:10.000000000,BEST_ASK,"JPM,99999,100"
2019-06-28 09:31:10.000000000,BEST_BID,"JPM,99984,593"
2019-06-28 09:31:10.000000000,BEST_ASK,"JPM,99999,100"
2019-06-28 09:31:10.000000000,BEST_BID,"JPM,99984,593"
2019-06-28 09:31:10.000000000,BEST_ASK,"JPM,99999,193"
2019-06-28 09:31:10.000000000,BEST_BID,"JPM,99984,593"
2019-06-28 09:31:10.000000000,BEST_ASK,"JPM,99999,193"
2019-06-28 09:31:10.000000000,BEST_BID,"JPM,99984,593"
2019-06-28 09:31:10.000000000,BEST_ASK,"JPM,99999,193"
2019-06-28 09:31:10.000000000,BEST_BID,"JPM,99984,593"
2019-06-28 09:31:10.000000000,BEST_ASK,"JPM,99999,193"
2019-06-28 09:31:20.000000000,QUERY_SPREAD,1
2019-06-28 09:31:20.000000000,BEST_BID,"JPM,99984,686"
2019-06-28 09:31:20.000000000,BEST_ASK,"JPM,99999,100"
2019-06-28 09:31:20.000000000,BEST_BID,"JPM,99984,686"
2019-06-28 09:31:20.000000000,BEST_ASK,"JPM,99999,100"
2019-06-28 09:31:20.000000000,BEST_BID,"JPM,99984,686"
2019-06-28 09:31:20.000000000,BEST_ASK,"JPM,99999,286"
2019-06-28 09:31:20.000000000,BEST_BID,"JPM,99984,686"
2019-06-28 09:31:20.000000000,BEST_ASK,"JPM,99999,286"
2019-06-28 09:31:25.218105351,QUERY_SPREAD,50
2019-06-28 09:31:25.218105351,BEST_BID,"JPM,99984,686"
2019-06-28 09:31:25.218105351,BEST_ASK,"JPM,99999,286"
2019-06-28 09:31:30.000000000,QUERY_SPREAD,1
2019-06-28 09:31:30.000000000,BEST_BID,"JPM,99984,871"
2019-06-28 09:31:30.000000000,BEST_ASK,"JPM,99999,100"
2019-06-28 09:31:30.000000000,BEST_BID,"JPM,99984,871"
2019-06-28 09:31:30.000000000,BEST_ASK,"JPM,99999,471"
2019-06-28 09:31:40.000000000,QUERY_SPREAD,1
2019-06-28 09:31:40.000000000,BEST_BID,"JPM,99984,593"
2019-06-28 09:31:40.000000000,BEST_ASK,"JPM,99999,100"
2019-06-28 09:31:40.000000000,BEST_BID,"JPM,99984,593"
2019-06-28 09:31:40.000000000,BEST_ASK,"JPM,99999,100"
2019-06-28 09:31:40.000000000,BEST_BID,"JPM,99984,593"
2019-06-28 09:31:40.000000000,BEST_ASK,"JPM,99999,100"
2019-06-28 09:31:40.000000000,BEST_BID,"JPM,99984,593"
2019-06-28 09:31:40.000000000,BEST_ASK,"JPM,99999,100"
2019-06-28 09:31:40.000000000,BEST_BID,"JPM,99984,593"
2019-06-28 09:31:40.000000000,BEST_ASK,"JPM,99999,193"
2019-06-28 09:31:40.000000000,BEST_BID,"JPM,99984,593"
2019-06-28 09:31:40.000000000,BEST_ASK,"JPM,99999,193"
2019-06-28 09:31:40.000000000,BEST_BID,"JPM,99984,593"
2019-06-28 09:31:40.000000000,BEST_ASK,"JPM,99999,193"
2019-06-28 09:31:40.000000000,BEST_BID,"JPM,99984,593"
2019-06-28 09:31:40.000000000,BEST_ASK,"JPM,99999,193"
2019-06-28 09:31:41.215011938,QUERY_SPREAD,41
2019-06-28 09:31:41.215011938,BEST_BID,"JPM,99984,593"
2019-06-28 09:31:41.215011938,BEST_ASK,"JPM,99999,193"
2019-06-28 09:31:50.000000000,QUERY_SPREAD,1
2019-06-28 09:31:50.000000000,BEST_BID,"JPM,99984,686"
2019-06-28 09:31:50.000000000,BEST_ASK,"JPM,99999,100"
2019-06-28 09:31:50.000000000,BEST_BID,"JPM,99984,686"
2019-06-28 09:31:50.000000000,BEST_ASK,"JPM,99999,100"
2019-06-28 09:31:50.000000000,BEST_BID,"JPM,99984,686"
2019-06-28 09:31:50.000000000,BEST_ASK,"JPM,99999,286"
2019-06-28 09:31:50.000000000,BEST_BID,"JPM,99984,686"
2019-06-28 09:31:50.000000000,BEST_ASK,"JPM,99999,286"
2019-06-28 09:32:00.000000000,QUERY_SPREAD,1
2019-06-28 09:32:00.000000000,BEST_BID,"JPM,99984,593"
2019-06-28 09:32:00.000000000,BEST_ASK,"JPM,99999,100"
2019-06-28 09:32:00.000000000,BEST_BID,"JPM,99984,593"
2019-06-28 09:32:00.000000000,BEST_ASK,"JPM,99999,100"
2019-06-28 09:32:00.000000000,BEST_BID,"JPM,99984,593"
2019-06-28 09:32:00.000000000,BEST_ASK,"JPM,99999,100"
2019-06-28 09:32:00.000000000,BEST_BID,"JPM,99984,593"
2019-06-28 09:32:00.000000000,BEST_ASK,"JPM,99999,100"
2019-06-28 09:32:00.000000000,BEST_BID,"JPM,99984,593"
2019-06-28 09:32:00.000000000,BEST_ASK,"JPM,99999,193"
2019-06-28 09:32:00.000000000,BEST_BID,"JPM,99984,593"
2019-06-28 09:32:00.000000000,BEST_ASK,"JPM,99999,193"
2019-06-28 09:32:00.000000000,BEST_BID,"JPM,99984,593"
2019-06-28 09:32:00.000000000,BEST_ASK,"JPM,99999,193"
2019-06-28 09:32:00.000000000,BEST_BID,"JPM,99984,593"
2019-06-28 09:32:00.000000000,BEST_ASK,"JPM,99999,193"
2019-06-28 09:32:00.000000000,QUERY_SPREAD,77
2019-06-28 09:32:00.000000000,QUERY_SPREAD,78
2019-06-28 09:32:00.000000000,QUERY_SPREAD,79
2019-06-28 09:32:00.000000000,QUERY_SPREAD,80
2019-06-28 09:32:00.000000000,QUERY_SPREAD,81
2019-06-28 09:32:00.000000000,QUERY_SPREAD,82
2019-06-28 09:32:00.000000000,QUERY_SPREAD,83
2019-06-28 09:32:00.000000000,QUERY_SPREAD,84
2019-06-28 09:32:00.000000000,QUERY_SPREAD,85
2019-06-28 09:32:00.000000000,QUERY_SPREAD,86
2019-06-28 09:32:00.000000000,QUERY_SPREAD,87
2019-06-28 09:32:00.000000000,QUERY_SPREAD,88
2019-06-28 09:32:00.000000000,QUERY_SPREAD,89
2019-06-28 09:32:00.000000000,QUERY_SPREAD,90
2019-06-28 09:32:00.000000000,QUERY_SPREAD,91
2019-06-28 09:32:00.000000000,QUERY_SPREAD,92
2019-06-28 09:32:00.000000000,QUERY_SPREAD,93
2019-06-28 09:32:00.000000000,QUERY_SPREAD,94
2019-06-28 09:32:00.000000000,QUERY_SPREAD,95
2019-06-28 09:32:00.000000000,QUERY_SPREAD,96
2019-06-28 09:32:00.000000000,QUERY_SPREAD,97
2019-06-28 09:32:00.000000000,QUERY_SPREAD,98
2019-06-28 09:32:00.000000000,QUERY_SPREAD,99
2019-06-28 09:32:00.000000000,QUERY_SPREAD,100
2019-06-28 09:32:00.000000000,QUERY_SPREAD,101
2019-06-28 09:32:03.055341800,QUERY_SPREAD,36
2019-06-28 09:32:03.055341800,BEST_BID,"JPM,99984,593"
2019-06-28 09:32:03.055341800,BEST_ASK,"JPM,99999,193"
2019-06-28 09:32:10.000000000,QUERY_SPREAD,1
2019-06-28 09:32:10.000000000,BEST_BID,"JPM,99984,626"
2019-06-28 09:32:10.000000000,BEST_ASK,"JPM,99999,100"
2019-06-28 09:32:10.000000000,BEST_BID,"JPM,99984,626"
2019-06-28 09:32:10.000000000,BEST_ASK,"JPM,99999,100"
2019-06-28 09:32:10.000000000,BEST_BID,"JPM,99984,626"
2019-06-28 09:32:10.000000000,BEST_ASK,"JPM,99999,100"
2019-06-28 09:32:10.000000000,BEST_BID,"JPM,99984,626"
2019-06-28 09:32:10.000000000,BEST_ASK,"JPM,99999,226"
2019-06-28 09:32:10.000000000,BEST_BID,"JPM,99984,626"
2019-06-28 09:32:10.000000000,BEST_ASK,"JPM,99999,226"
2019-06-28 09:32:10.000000000,BEST_BID,"JPM,99984,626"
2019-06-28 09:32:10.000000000,BEST_ASK,"JPM,99999,226"
2019-06-28 09:32:15.665392409,QUERY_SPREAD,30
2019-06-28 09:32:15.665392409,BEST_BID,"JPM,99984,626"
2019-06-28 09:32:15.665392409,BEST_ASK,"JPM,99999,226"
2019-06-28 09:32:20.000000000,QUERY_SPREAD,1
2019-06-28 09:32:20.000000000,BEST_BID,"JPM,99984,686"
2019-06-28 09:32:20.000000000,BEST_ASK,"JPM,99999,100"
2019-06-28 09:32:20.000000000,BEST_BID,"JPM,99984,686"
2019-06-28 09:32:20.000000000,BEST_ASK,"JPM,99999,100"
2019-06-28 09:32:20.000000000,BEST_BID,"JPM,99984,686"
2019-06-28 09:32:20.000000000,BEST_ASK,"JPM,99999,286"
2019-06-28 09:32:20.000000000,BEST_BID,"JPM,99984,686"
2019-06-28 09:32:20.000000000,BEST_ASK,"JPM,99999,286"
2019-06-28 09:32:30.000000000,QUERY_SPREAD,1
2019-06-28 09:32:30.000000000,BEST_BID,"JPM,99984,871"
2019-06-28 09:32:30.000000000,BEST_ASK,"JPM,99999,100"
2019-06-28 09:32:30.000000000,BEST_BID,"JPM,99984,871"
2019-06-28 09:32:30.000000000,BEST_ASK,"JPM,99999,471"
2019-06-28 09:32:40.000000000,QUERY_SPREAD,1
2019-06-28 09:32:40.000000000,BEST_BID,"JPM,99984,626"
2019-06-28 09:32:40.000000000,BEST_ASK,"JPM,99999,100"
2019-06-28 09:32:40.000000000,BEST_BID,"JPM,99984,626"
2019-06-28 09:32:40.000000000,BEST_ASK,"JPM,99999,100"
2019-06-28 09:32:40.000000000,BEST_BID,"JPM,99984,626"
2019-06-28 09:32:40.000000000,BEST_ASK,"JPM,99999,100"
2019-06-28 09:32:40.000000000,BEST_BID,"JPM,99984,626"
2019-06-28 09:32:40.000000000,BEST_ASK,"JPM,99999,226"
2019-06-28 09:32:40.000000000,BEST_BID,"JPM,99984,626"
2019-06-28 09:32:40.000000000,BEST_ASK,"JPM,99999,226"
2019-06-28 09:32:40.000000000,BEST_BID,"JPM,99984,626"
2019-06-28 09:32:40.000000000,BEST_ASK,"JPM,99999,226"
2019-06-28 09:32:50.000000000,QUERY_SPREAD,1
2019-06-28 09:32:50.000000000,BEST_BID,"JPM,99984,574"
2019-06-28 09:32:50.000000000,BEST_ASK,"JPM,99999,100"
2019-06-28 09:32:50.000000000,BEST_BID,"JPM,99984,574"
2019-06-28 09:32:50.000000000,BEST_ASK,"JPM,99999,100"
2019-06-28 09:32:50.000000000,BEST_BID,"JPM,99984,574"
2019-06-28 09:32:50.000000000,BEST_ASK,"JPM,99999,100"
2019-06-28 09:32:50.000000000,BEST_BID,"JPM,99984,574"
2019-06-28 09:32:50.000000000,BEST_ASK,"JPM,99999,100"
2019-06-28 09:32:50.000000000,BEST_BID,"JPM,99984,574"
2019-06-28 09:32:50.000000000,BEST_ASK,"JPM,99999,100"
2019-06-28 09:32:50.000000000,BEST_BID,"JPM,99984,574"
2019-06-28 09:32:50.000000000,BEST_ASK,"JPM,99999,174"
2019-06-28 09:32:50.000000000,BEST_BID,"JPM,99984,574"
2019-06-28 09:32:50.000000000,BEST_ASK,"JPM,99999,174"
2019-06-28 09:32:50.000000000,BEST_BID,"JPM,99984,574"
2019-06-28 09:32:50.000000000,BEST_ASK,"JPM,99999,174"
2019-06-28 09:32:50.000000000,BEST_BID,"JPM,99984,574"
2019-06-28 09:32:50.000000000,BEST_ASK,"JPM,99999,174"
2019-06-28 09:32:50.000000000,BEST_BID,"JPM,99984,574"
2019-06-28 09:32:50.000000000,BEST_ASK,"JPM,99999,174"
2019-06-28 09:33:00.000000000,QUERY_SPREAD,1
2019-06-28 09:33:00.000000000,BEST_BID,"JPM,99984,626"
2019-06-28 09:33:00.000000000,BEST_ASK,"JPM,99999,100"
2019-06-28 09:33:00.000000000,BEST_BID,"JPM,99984,626"
2019-06-28 09:33:00.000000000,BEST_ASK,"JPM,99999,100"
2019-06-28 09:33:00.000000000,BEST_BID,"JPM,99984,626"
2019-06-28 09:33:00.000000000,BEST_ASK,"JPM,99999,100"
2019-06-28 09:33:00.000000000,BEST_BID,"JPM,99984,626"
2019-06-28 09:33:00.000000000,BEST_ASK,"JPM,99999,226"
2019-06-28 09:33:00.000000000,BEST_BID,"JPM,99984,626"
2019-06-28 09:33:00.000000000,BEST_ASK,"JPM,99999,226"
2019-06-28 09:33:00.000000000,BEST_BID,"JPM,99984,626"
2019-06-28 09:33:00.000000000,BEST_ASK,"JPM,99999,226"
2019-06-28 09:33:00.000000000,QUERY_SPREAD,77
2019-06-28 09:33:00.000000000,QUERY_SPREAD,78
2019-06-28 09:33:00.000000000,QUERY_SPREAD,79
2019-06-28 09:33:00.000000000,QUERY_SPREAD,80
2019-06-28 09:33:00.000000000,QUERY_SPREAD,81
2019-06-28 09:33:00.000000000,QUERY_SPREAD,82
2019-06-28 09:33:00.000000000,QUERY_SPREAD,83
2019-06-28 09:33:00.000000000,QUERY_SPREAD,84
2019-06-28 09:33:00.000000000,QUERY_SPREAD,85
2019-06-28 09:33:00.000000000,QUERY_SPREAD,86
2019-06-28 09:33:00.000000000,QUERY_SPREAD,87
2019-06-28 09:33:00.000000000,QUERY_SPREAD,88
2019-06-28 09:33:00.000000000,QUERY_SPREAD,89
2019-06-28 09:33:00.000000000,QUERY_SPREAD,90
2019-06-28 09:33:00.000000000,QUERY_SPREAD,91
2019-06-28 09:33:00.000000000,QUERY_SPREAD,92
2019-06-28 09:33:00.000000000,QUERY_SPREAD,93
2019-06-28 09:33:00.000000000,QUERY_SPREAD,94
2019-06-28 09:33:00.000000000,QUERY_SPREAD,95
2019-06-28 09:33:00.000000000,QUERY_SPREAD,96
2019-06-28 09:33:00.000000000,QUERY_SPREAD,97
2019-06-28 09:33:00.000000000,QUERY_SPREAD,98
2019-06-28 09:33:00.000000000,QUERY_SPREAD,99
2019-06-28 09:33:00.000000000,QUERY_SPREAD,100
2019-06-28 09:33:00.000000000,QUERY_SPREAD,101
2019-06-28 09:33:10.000000000,QUERY_SPREAD,1
2019-06-28 09:33:10.000000000,BEST_BID,"JPM,99984,626"
2019-06-28 09:33:10.000000000,BEST_ASK,"JPM,99999,100"
2019-06-28 09:33:10.000000000,BEST_BID,"JPM,99984,626"
2019-06-28 09:33:10.000000000,BEST_ASK,"JPM,99999,100"
2019-06-28 09:33:10.000000000,BEST_BID,"JPM,99984,626"
2019-06-28 09:33:10.000000000,BEST_ASK,"JPM,99999,100"
2019-06-28 09:33:10.000000000,BEST_BID,"JPM,99984,626"
2019-06-28 09:33:10.000000000,BEST_ASK,"JPM,99999,226"
2019-06-28 09:33:10.000000000,BEST_BID,"JPM,99984,626"
2019-06-28 09:33:10.000000000,BEST_ASK,"JPM,99999,226"
2019-06-28 09:33:10.000000000,BEST_BID,"JPM,99984,626"
2019-06-28 09:33:10.000000000,BEST_ASK,"JPM,99999,226"
2019-06-28 09:33:20.000000000,QUERY_SPREAD,1
2019-06-28 09:33:20.000000000,BEST_BID,"JPM,99984,686"
2019-06-28 09:33:20.000000000,BEST_ASK,"JPM,99999,100"
2019-06-28 09:33:20.000000000,BEST_BID,"JPM,99984,686"
2019-06-28 09:33:20.000000000,BEST_ASK,"JPM,99999,100"
2019-06-28 09:33:20.000000000,BEST_BID,"JPM,99984,686"
2019-06-28 09:33:20.000000000,BEST_ASK,"JPM,99999,286"
2019-06-28 09:33:20.000000000,BEST_BID,"JPM,99984,686"
2019-06-28 09:33:20.000000000,BEST_ASK,"JPM,99999,286"
2019-06-28 09:33:20.811065969,QUERY_SPREAD,5
2019-06-28 09:33:20.811065969,BEST_BID,"JPM,99984,586"
2019-06-28 09:33:20.811065969,BEST_ASK,"JPM,99999,286"
2019-06-28 09:33:20.811065969,LAST_TRADE,"100,$99984.0000"
2019-06-28 09:33:24.447722019,QUERY_ORDER_STREAM,73
2019-06-28 09:33:24.447722019,QUERY_SPREAD,73
2019-06-28 09:33:30.000000000,QUERY_SPREAD,1
2019-06-28 09:33:30.000000000,BEST_BID,"JPM,99984,771"
2019-06-28 09:33:30.000000000,BEST_ASK,"JPM,99999,100"
2019-06-28 09:33:30.000000000,BEST_BID,"JPM,99984,771"
2019-06-28 09:33:30.000000000,BEST_ASK,"JPM,99999,471"
2019-06-28 09:33:40.000000000,QUERY_SPREAD,1
2019-06-28 09:33:40.000000000,BEST_BID,"JPM,99984,586"
2019-06-28 09:33:40.000000000,BEST_ASK,"JPM,99999,100"
2019-06-28 09:33:40.000000000,BEST_BID,"JPM,99984,586"
2019-06-28 09:33:40.000000000,BEST_ASK,"JPM,99999,100"
2019-06-28 09:33:40.000000000,BEST_BID,"JPM,99984,586"
2019-06-28 09:33:40.000000000,BEST_ASK,"JPM,99999,286"
2019-06-28 09:33:40.000000000,BEST_BID,"JPM,99984,586"
2019-06-28 09:33:40.000000000,BEST_ASK,"JPM,99999,286"
2019-06-28 09:33:50.000000000,QUERY_SPREAD,1
2019-06-28 09:33:50.000000000,BEST_BID,"JPM,99984,493"
2019-06-28 09:33:50.000000000,BEST_ASK,"JPM,99999,100"
2019-06-28 09:33:50.000000000,BEST_BID,"JPM,99984,493"
2019-06-28 09:33:50.000000000,BEST_ASK,"JPM,99999,100"
2019-06-28 09:33:50.000000000,BEST_BID,"JPM,99984,493"
2019-06-28 09:33:50.000000000,BEST_ASK,"JPM,99999,100"
2019-06-28 09:33:50.000000000,BEST_BID,"JPM,99984,493"
2019-06-28 09:33:50.000000000,BEST_ASK,"JPM,99999,100"
2019-06-28 09:33:50.000000000,BEST_BID,"JPM,99984,493"
2019-06-28 09:33:50.000000000,BEST_ASK,"JPM,99999,193"
2019-06-28 09:33:50.000000000,BEST_BID,"JPM,99984,493"
2019-06-28 09:33:50.000000000,BEST_ASK,"JPM,99999,193"
2019-06-28 09:33:50.000000000,BEST_BID,"JPM,99984,493"
2019-06-28 09:33:50.000000000,BEST_ASK,"JPM,99999,193"
2019-06-28 09:33:50.000000000,BEST_BID,"JPM,99984,493"
2019-06-28 09:33:50.000000000,BEST_ASK,"JPM,99999,193"
2019-06-28 09:33:50.834181223,QUERY_ORDER_STREAM,59
2019-06-28 09:33:50.834181223,QUERY_SPREAD,59
2019-06-28 09:33:51.256921192,QUERY_ORDER_STREAM,52
2019-06-28 09:33:51.256921192,QUERY_SPREAD,52
2019-06-28 09:33:51.256921192,BEST_BID,"JPM,99984,293"
2019-06-28 09:33:51.256921192,BEST_ASK,"JPM,99999,193"
2019-06-28 09:33:51.256921192,LAST_TRADE,"100,$99984.0000"
2019-06-28 09:33:58.986271051,QUERY_SPREAD,24
2019-06-28 09:33:58.986271051,BEST_BID,"JPM,99984,293"
2019-06-28 09:33:58.986271051,BEST_ASK,"JPM,99999,193"
2019-06-28 09:34:00.000000000,QUERY_SPREAD,1
2019-06-28 09:34:00.000000000,BEST_BID,"JPM,99984,326"
2019-06-28 09:34:00.000000000,BEST_ASK,"JPM,99999,100"
2019-06-28 09:34:00.000000000,BEST_BID,"JPM,99984,326"
2019-06-28 09:34:00.000000000,BEST_ASK,"JPM,99999,100"
2019-06-28 09:34:00.000000000,BEST_BID,"JPM,99984,326"
2019-06-28 09:34:00.000000000,BEST_ASK,"JPM,99999,100"
2019-06-28 09:34:00.000000000,BEST_BID,"JPM,99984,326"
2019-06-28 09:34:00.000000000,BEST_ASK,"JPM,99999,226"
2019-06-28 09:34:00.000000000,BEST_BID,"JPM,99984,326"
2019-06-28 09:34:00.000000000,BEST_ASK,"JPM,99999,226"
2019-06-28 09:34:00.000000000,BEST_BID,"JPM,99984,326"
2019-06-28 09:34:00.000000000,BEST_ASK,"JPM,99999,226"
2019-06-28 09:34:00.000000000,QUERY_SPREAD,77
2019-06-28 09:34:00.000000000,QUERY_SPREAD,78
2019-06-28 09:34:00.000000000,QUERY_SPREAD,79
2019-06-28 09:34:00.000000000,QUERY_SPREAD,80
2019-06-28 09:34:00.000000000,QUERY_SPREAD,81
2019-06-28 09:34:00.000000000,QUERY_SPREAD,82
2019-06-28 09:34:00.000000000,QUERY_SPREAD,83
2019-06-28 09:34:00.000000000,QUERY_SPREAD,84
2019-06-28 09:34:00.000000000,QUERY_SPREAD,85
2019-06-28 09:34:00.000000000,QUERY_SPREAD,86
2019-06-28 09:34:00.000000000,QUERY_SPREAD,87
2019-06-28 09:34:00.000000000,QUERY_SPREAD,88
2019-06-28 09:34:00.000000000,QUERY_SPREAD,89
2019-06-28 09:34:00.000000000,QUERY_SPREAD,90
2019-06-28 09:34:00.000000000,QUERY_SPREAD,91
2019-06-28 09:34:00.000000000,QUERY_SPREAD,92
2019-06-28 09:34:00.000000000,QUERY_SPREAD,93
2019-06-28 09:34:00.000000000,QUERY_SPREAD,94
2019-06-28 09:34:00.000000000,QUERY_SPREAD,95
2019-06-28 09:34:00.000000000,QUERY_SPREAD,96
2019-06-28 09:34:00.000000000,QUERY_SPREAD,97
2019-06-28 09:34:00.000000000,QUERY_SPREAD,98
2019-06-28 09:34:00.000000000,QUERY_SPREAD,99
2019-06-28 09:34:00.000000000,QUERY_SPREAD,100
2019-06-28 09:34:00.000000000,QUERY_SPREAD,101
2019-06-28 09:34:10.000000000,QUERY_SPREAD,1
2019-06-28 09:34:10.000000000,BEST_BID,"JPM,99984,274"
2019-06-28 09:34:10.000000000,BEST_ASK,"JPM,99999,100"
2019-06-28 09:34:10.000000000,BEST_BID,"JPM,99984,274"
2019-06-28 09:34:10.000000000,BEST_ASK,"JPM,99999,100"
2019-06-28 09:34:10.000000000,BEST_BID,"JPM,99984,274"
2019-06-28 09:34:10.000000000,BEST_ASK,"JPM,99999,100"
2019-06-28 09:34:10.000000000,BEST_BID,"JPM,99984,274"
2019-06-28 09:34:10.000000000,BEST_ASK,"JPM,99999,100"
2019-06-28 09:34:10.000000000,BEST_BID,"JPM,99984,274"
2019-06-28 09:34:10.000000000,BEST_ASK,"JPM,99999,100"
2019-06-28 09:34:10.000000000,BEST_BID,"JPM,99984,274"
2019-06-28 09:34:10.000000000,BEST_ASK,"JPM,99999,174"
2019-06-28 09:34:10.000000000,BEST_BID,"JPM,99984,274"
2019-06-28 09:34:10.000000000,BEST_ASK,"JPM,99999,174"
2019-06-28 09:34:10.000000000,BEST_BID,"JPM,99984,274"
2019-06-28 09:34:10.000000000,BEST_ASK,"JPM,99999,174"
2019-06-28 09:34:10.000000000,BEST_BID,"JPM,99984,274"
2019-06-28 09:34:10.000000000,BEST_ASK,"JPM,99999,174"
2019-06-28 09:34:10.000000000,BEST_BID,"JPM,99984,274"
2019-06-28 09:34:10.000000000,BEST_ASK,"JPM,99999,174"
2019-06-28 09:34:20.000000000,QUERY_SPREAD,1
2019-06-28 09:34:20.000000000,BEST_BID,"JPM,99984,274"
2019-06-28 09:34:20.000000000,BEST_ASK,"JPM,99999,100"
2019-06-28 09:34:20.000000000,BEST_BID,"JPM,99984,274"
2019-06-28 09:34:20.000000000,BEST_ASK,"JPM,99999,100"
2019-06-28 09:34:20.000000000,BEST_BID,"JPM,99984,274"
2019-06-28 09:34:20.000000000,BEST_ASK,"JPM,99999,100"
2019-06-28 09:34:20.000000000,BEST_BID,"JPM,99984,274"
2019-06-28 09:34:20.000000000,BEST_ASK,"JPM,99999,100"
2019-06-28 09:34:20.000000000,BEST_BID,"JPM,99984,274"
2019-06-28 09:34:20.000000000,BEST_ASK,"JPM,99999,100"
2019-06-28 09:34:20.000000000,BEST_BID,"JPM,99984,274"
2019-06-28 09:34:20.000000000,BEST_ASK,"JPM,99999,174"
2019-06-28 09:34:20.000000000,BEST_BID,"JPM,99984,274"
2019-06-28 09:34:20.000000000,BEST_ASK,"JPM,99999,174"
2019-06-28 09:34:20.000000000,BEST_BID,"JPM,99984,274"
2019-06-28 09:34:20.000000000,BEST_ASK,"JPM,99999,174"
2019-06-28 09:34:20.000000000,BEST_BID,"JPM,99984,274"
2019-06-28 09:34:20.000000000,BEST_ASK,"JPM,99999,174"
2019-06-28 09:34:20.000000000,BEST_BID,"JPM,99984,274"
2019-06-28 09:34:20.000000000,BEST_ASK,"JPM,99999,174"
2019-06-28 09:34:21.780338086,QUERY_SPREAD,45
2019-06-28 09:34:21.780338086,BEST_BID,"JPM,99984,274"
2019-06-28 09:34:21.780338086,BEST_ASK,"JPM,99999,74"
2019-06-28 09:34:21.780338086,LAST_TRADE,"100,$99999.0000"
2019-06-28 09:34:30.000000000,QUERY_SPREAD,1
2019-06-28 09:34:30.000000000,BEST_BID,"JPM,99984,571"
2019-06-28 09:34:30.000000000,BEST_ASK,"JPM,100000,100"
2019-06-28 09:34:30.000000000,BEST_BID,"JPM,99984,571"
2019-06-28 09:34:30.000000000,BEST_ASK,"JPM,100000,471"
2019-06-28 09:34:30.500074368,QUERY_ORDER_STREAM,68
2019-06-28 09:34:30.500074368,QUERY_SPREAD,68
2019-06-28 09:34:40.000000000,QUERY_SPREAD,1
2019-06-28 09:34:40.000000000,BEST_BID,"JPM,99984,293"
2019-06-28 09:34:40.000000000,BEST_ASK,"JPM,100001,100"
2019-06-28 09:34:40.000000000,BEST_BID,"JPM,99984,293"
2019-06-28 09:34:40.000000000,BEST_ASK,"JPM,100001,100"
2019-06-28 09:34:40.000000000,BEST_BID,"JPM,99984,293"
2019-06-28 09:34:40.000000000,BEST_ASK,"JPM,100001,100"
2019-06-28 09:34:40.000000000,BEST_BID,"JPM,99984,293"
2019-06-28 09:34:40.000000000,BEST_ASK,"JPM,100001,100"
2019-06-28 09:34:40.000000000,BEST_BID,"JPM,99984,293"
2019-06-28 09:34:40.000000000,BEST_ASK,"JPM,100001,193"
2019-06-28 09:34:40.000000000,BEST_BID,"JPM,99984,293"
2019-06-28 09:34:40.000000000,BEST_ASK,"JPM,100001,193"
2019-06-28 09:34:40.000000000,BEST_BID,"JPM,99984,293"
2019-06-28 09:34:40.000000000,BEST_ASK,"JPM,100001,193"
2019-06-28 09:34:40.000000000,BEST_BID,"JPM,99984,293"
2019-06-28 09:34:40.000000000,BEST_ASK,"JPM,100001,193"
2019-06-28 09:34:50.000000000,QUERY_SPREAD,1
2019-06-28 09:34:50.000000000,BEST_BID,"JPM,99984,386"
2019-06-28 09:34:50.000000000,BEST_ASK,"JPM,100001,100"
2019-06-28 09:34:50.000000000,BEST_BID,"JPM,99984,386"
2019-06-28 09:34:50.000000000,BEST_ASK,"JPM,100001,100"
2019-06-28 09:34:50.000000000,BEST_BID,"JPM,99984,386"
2019-06-28 09:34:50.000000000,BEST_ASK,"JPM,100001,286"
2019-06-28 09:34:50.000000000,BEST_BID,"JPM,99984,386"
2019-06-28 09:34:50.000000000,BEST_ASK,"JPM,100001,286"
2019-06-28 09:34:58.183597145,QUERY_SPREAD,33
2019-06-28 09:34:58.183597145,BEST_BID,"JPM,99984,386"
2019-06-28 09:34:58.183597145,BEST_ASK,"JPM,100001,286"
2019-06-28 09:34:59.771000380,QUERY_SPREAD,45
2019-06-28 09:34:59.771000380,BEST_BID,"JPM,99984,386"
2019-06-28 09:34:59.771000380,BEST_ASK,"JPM,100001,286"
2019-06-28 09:35:00.000000000,QUERY_SPREAD,1
2019-06-28 09:35:00.000000000,BEST_BID,"JPM,99984,326"
2019-06-28 09:35:00.000000000,BEST_ASK,"JPM,100001,100"
2019-06-28 09:35:00.000000000,BEST_BID,"JPM,99984,326"
2019-06-28 09:35:00.000000000,BEST_ASK,"JPM,100001,100"
2019-06-28 09:35:00.000000000,BEST_BID,"JPM,99984,326"
2019-06-28 09:35:00.000000000,BEST_ASK,"JPM,100001,100"
2019-06-28 09:35:00.000000000,BEST_BID,"JPM,99984,326"
2019-06-28 09:35:00.000000000,BEST_ASK,"JPM,100001,226"
2019-06-28 09:35:00.000000000,BEST_BID,"JPM,99984,326"
2019-06-28 09:35:00.000000000,BEST_ASK,"JPM,100001,226"
2019-06-28 09:35:00.000000000,BEST_BID,"JPM,99984,326"
2019-06-28 09:35:00.000000000,BEST_ASK,"JPM,100001,226"
2019-06-28 09:35:00.000000000,QUERY_SPREAD,77
2019-06-28 09:35:00.000000000,QUERY_SPREAD,78
2019-06-28 09:35:00.000000000,QUERY_SPREAD,79
2019-06-28 09:35:00.000000000,QUERY_SPREAD,80
2019-06-28 09:35:00.000000000,QUERY_SPREAD,81
2019-06-28 09:35:00.000000000,QUERY_SPREAD,82
2019-06-28 09:35:00.000000000,QUERY_SPREAD,83
2019-06-28 09:35:00.000000000,QUERY_SPREAD,84
2019-06-28 09:35:00.000000000,QUERY_SPREAD,85
2019-06-28 09:35:00.000000000,QUERY_SPREAD,86
2019-06-28 09:35:00.000000000,QUERY_SPREAD,87
2019-06-28 09:35:00.000000000,QUERY_SPREAD,88
2019-06-28 09:35:00.000000000,QUERY_SPREAD,89
2019-06-28 09:35:00.000000000,QUERY_SPREAD,90
2019-06-28 09:35:00.000000000,QUERY_SPREAD,91
2019-06-28 09:35:00.000000000,QUERY_SPREAD,92
2019-06-28 09:35:00.000000000,QUERY_SPREAD,93
2019-06-28 09:35:00.000000000,QUERY_SPREAD,94
2019-06-28 09:35:00.000000000,QUERY_SPREAD,95
2019-06-28 09:35:00.000000000,QUERY_SPREAD,96
2019-06-28 09:35:00.000000000,QUERY_SPREAD,97
2019-06-28 09:35:00.000000000,QUERY_SPREAD,98
2019-06-28 09:35:00.000000000,QUERY_SPREAD,99
2019-06-28 09:35:00.000000000,QUERY_SPREAD,100
2019-06-28 09:35:00.000000000,QUERY_SPREAD,101
2019-06-28 09:35:10.000000000,QUERY_SPREAD,1
2019-06-28 09:35:10.000000000,BEST_BID,"JPM,99984,386"
2019-06-28 09:35:10.000000000,BEST_ASK,"JPM,100001,100"
2019-06-28 09:35:10.000000000,BEST_BID,"JPM,99984,386"
2019-06-28 09:35:10.000000000,BEST_ASK,"JPM,100001,100"
2019-06-28 09:35:10.000000000,BEST_BID,"JPM,99984,386"
2019-06-28 09:35:10.000000000,BEST_ASK,"JPM,100001,286"
2019-06-28 09:35:10.000000000,BEST_BID,"JPM,99984,386"
2019-06-28 09:35:10.000000000,BEST_ASK,"JPM,100001,286"
2019-06-28 09:35:20.000000000,QUERY_SPREAD,1
2019-06-28 09:35:20.000000000,BEST_BID,"JPM,99984,326"
2019-06-28 09:35:20.000000000,BEST_ASK,"JPM,100001,100"
2019-06-28 09:35:20.000000000,BEST_BID,"JPM,99984,326"
2019-06-28 09:35:20.000000000,BEST_ASK,"JPM,100001,100"
2019-06-28 09:35:20.000000000,BEST_BID,"JPM,99984,326"
2019-06-28 09:35:20.000000000,BEST_ASK,"JPM,100001,100"
2019-06-28 09:35:20.000000000,BEST_BID,"JPM,99984,326"
2019-06-28 09:35:20.000000000,BEST_ASK,"JPM,100001,226"
2019-06-28 09:35:20.000000000,BEST_BID,"JPM,99984,326"
2019-06-28 09:35:20.000000000,BEST_ASK,"JPM,100001,226"
2019-06-28 09:35:20.000000000,BEST_BID,"JPM,99984,326"
2019-06-28 09:35:20.000000000,BEST_ASK,"JPM,100001,226"
2019-06-28 09:35:30.000000000,QUERY_SPREAD,1
2019-06-28 09:35:30.000000000,BEST_BID,"JPM,99984,386"
2019-06-28 09:35:30.000000000,BEST_ASK,"JPM,100001,100"
2019-06-28 09:35:30.000000000,BEST_BID,"JPM,99984,386"
2019-06-28 09:35:30.000000000,BEST_ASK,"JPM,100001,100"
2019-06-28 09:35:30.000000000,BEST_BID,"JPM,99984,386"
2019-06-28 09:35:30.000000000,BEST_ASK,"JPM,100001,286"
2019-06-28 09:35:30.000000000,BEST_BID,"JPM,99984,386"
2019-06-28 09:35:30.000000000,BEST_ASK,"JPM,100001,286"
2019-06-28 09:35:40.000000000,QUERY_SPREAD,1
2019-06-28 09:35:40.000000000,BEST_BID,"JPM,99984,326"
2019-06-28 09:35:40.000000000,BEST_ASK,"JPM,100001,100"
2019-06-28 09:35:40.000000000,BEST_BID,"JPM,99984,326"
2019-06-28 09:35:40.000000000,BEST_ASK,"JPM,100001,100"
2019-06-28 09:35:40.000000000,BEST_BID,"JPM,99984,326"
2019-06-28 09:35:40.000000000,BEST_ASK,"JPM,100001,100"
2019-06-28 09:35:40.000000000,BEST_BID,"JPM,99984,326"
2019-06-28 09:35:40.000000000,BEST_ASK,"JPM,100001,226"
2019-06-28 09:35:40.000000000,BEST_BID,"JPM,99984,326"
2019-06-28 09:35:40.000000000,BEST_ASK,"JPM,100001,226"
2019-06-28 09:35:40.000000000,BEST_BID,"JPM,99984,326"
2019-06-28 09:35:40.000000000,BEST_ASK,"JPM,100001,226"
2019-06-28 09:35:50.000000000,QUERY_SPREAD,1
2019-06-28 09:35:50.000000000,BEST_BID,"JPM,99984,571"
2019-06-28 09:35:50.000000000,BEST_ASK,"JPM,100001,100"
2019-06-28 09:35:50.000000000,BEST_BID,"JPM,99984,571"
2019-06-28 09:35:50.000000000,BEST_ASK,"JPM,100001,471"
2019-06-28 09:35:51.217067914,QUERY_ORDER_STREAM,69
2019-06-28 09:35:51.217067914,QUERY_SPREAD,69
2019-06-28 09:35:51.217067914,BEST_BID,"JPM,99985,100"
2019-06-28 09:35:51.217067914,BEST_ASK,"JPM,100001,471"
2019-06-28 09:36:00.000000000,QUERY_SPREAD,1
2019-06-28 09:36:00.000000000,BEST_BID,"JPM,99985,286"
2019-06-28 09:36:00.000000000,BEST_ASK,"JPM,100001,100"
2019-06-28 09:36:00.000000000,BEST_BID,"JPM,99985,286"
2019-06-28 09:36:00.000000000,BEST_ASK,"JPM,100001,100"
2019-06-28 09:36:00.000000000,BEST_BID,"JPM,99985,286"
2019-06-28 09:36:00.000000000,BEST_ASK,"JPM,100001,286"
2019-06-28 09:36:00.000000000,BEST_BID,"JPM,99985,286"
2019-06-28 09:36:00.000000000,BEST_ASK,"JPM,100001,286"
2019-06-28 09:36:00.000000000,QUERY_SPREAD,77
2019-06-28 09:36:00.000000000,QUERY_SPREAD,78
2019-06-28 09:36:00.000000000,QUERY_SPREAD,79
2019-06-28 09:36:00.000000000,QUERY_SPREAD,80
2019-06-28 09:36:00.000000000,QUERY_SPREAD,81
2019-06-28 09:36:00.000000000,QUERY_SPREAD,82
2019-06-28 09:36:00.000000000,QUERY_SPREAD,83
2019-06-28 09:36:00.000000000,QUERY_SPREAD,84
2019-06-28 09:36:00.000000000,QUERY_SPREAD,85
2019-06-28 09:36:00.000000000,QUERY_SPREAD,86
2019-06-28 09:36:00.000000000,QUERY_SPREAD,87
2019-06-28 09:36:00.000000000,QUERY_SPREAD,88
2019-06-28 09:36:00.000000000,QUERY_SPREAD,89
2019-06-28 09:36:00.000000000,QUERY_SPREAD,90
2019-06-28 09:36:00.000000000,QUERY_SPREAD,91
2019-06-28 09:36:00.000000000,QUERY_SPREAD,92
2019-06-28 09:36:00.000000000,QUERY_SPREAD,93
2019-06-28 09:36:00.000000000,QUERY_SPREAD,94
2019-06-28 09:36:00.000000000,QUERY_SPREAD,95
2019-06-28 09:36:00.000000000,QUERY_SPREAD,96
2019-06-28 09:36:00.000000000,QUERY_SPREAD,97
2019-06-28 09:36:00.000000000,QUERY_SPREAD,98
2019-06-28 09:36:00.000000000,QUERY_SPREAD,99
2019-06-28 09:36:00.000000000,QUERY_SPREAD,100
2019-06-28 09:36:00.000000000,QUERY_SPREAD,101
2019-06-28 09:36:05.301379862,QUERY_ORDER_STREAM,70
2019-06-28 09:36:05.301379862,QUERY_SPREAD,70
2019-06-28 09:36:06.820646316,QUERY_SPREAD,18
2019-06-28 09:36:06.820646316,BEST_BID,"JPM,99985,286"
2019-06-28 09:36:06.820646316,BEST_ASK,"JPM,100001,186"
2019-06-28 09:36:06.820646316,LAST_TRADE,"100,$100001.0000"
2019-06-28 09:36:10.000000000,QUERY_SPREAD,1
2019-06-28 09:36:10.000000000,BEST_BID,"JPM,99985,471"
2019-06-28 09:36:10.000000000,BEST_ASK,"JPM,100021,100"
2019-06-28 09:36:10.000000000,BEST_BID,"JPM,99985,471"
2019-06-28 09:36:10.000000000,BEST_ASK,"JPM,100021,471"
2019-06-28 09:36:13.733503605,QUERY_SPREAD,47
2019-06-28 09:36:13.733503605,BEST_BID,"JPM,99985,471"
2019-06-28 09:36:13.733503605,BEST_ASK,"JPM,100021,371"
2019-06-28 09:36:13.733503605,LAST_TRADE,"100,$100021.0000"
2019-06-28 09:36:15.524400125,QUERY_ORDER_STREAM,73
2019-06-28 09:36:15.524400125,QUERY_SPREAD,73
2019-06-28 09:36:20.000000000,QUERY_SPREAD,1
2019-06-28 09:36:20.000000000,BEST_BID,"JPM,99985,226"
2019-06-28 09:36:20.000000000,BEST_ASK,"JPM,100055,100"
2019-06-28 09:36:20.000000000,BEST_BID,"JPM,99985,226"
2019-06-28 09:36:20.000000000,BEST_ASK,"JPM,100055,100"
2019-06-28 09:36:20.000000000,BEST_BID,"JPM,99985,226"
2019-06-28 09:36:20.000000000,BEST_ASK,"JPM,100055,100"
2019-06-28 09:36:20.000000000,BEST_BID,"JPM,99985,226"
2019-06-28 09:36:20.000000000,BEST_ASK,"JPM,100055,226"
2019-06-28 09:36:20.000000000,BEST_BID,"JPM,99985,226"
2019-06-28 09:36:20.000000000,BEST_ASK,"JPM,100055,226"
2019-06-28 09:36:20.000000000,BEST_BID,"JPM,99985,226"
2019-06-28 09:36:20.000000000,BEST_ASK,"JPM,100055,226"
2019-06-28 09:36:24.306657019,QUERY_SPREAD,28
2019-06-28 09:36:24.306657019,BEST_BID,"JPM,99985,226"
2019-06-28 09:36:24.306657019,BEST_ASK,"JPM,100055,226"
2019-06-28 09:36:30.000000000,QUERY_SPREAD,1
2019-06-28 09:36:30.000000000,BEST_BID,"JPM,99985,226"
2019-06-28 09:36:30.000000000,BEST_ASK,"JPM,100055,100"
2019-06-28 09:36:30.000000000,BEST_BID,"JPM,99985,226"
2019-06-28 09:36:30.000000000,BEST_ASK,"JPM,100055,100"
2019-06-28 09:36:30.000000000,BEST_BID,"JPM,99985,226"
2019-06-28 09:36:30.000000000,BEST_ASK,"JPM,100055,100"
2019-06-28 09:36:30.000000000,BEST_BID,"JPM,99985,226"
2019-06-28 09:36:30.000000000,BEST_ASK,"JPM,100055,226"
2019-06-28 09:36:30.000000000,BEST_BID,"JPM,99985,226"
2019-06-28 09:36:30.000000000,BEST_ASK,"JPM,100055,226"
2019-06-28 09:36:30.000000000,BEST_BID,"JPM,99985,226"
2019-06-28 09:36:30.000000000,BEST_ASK,"JPM,100055,226"
2019-06-28 09:36:40.000000000,QUERY_SPREAD,1
2019-06-28 09:36:40.000000000,BEST_BID,"JPM,99985,174"
2019-06-28 09:36:40.000000000,BEST_ASK,"JPM,100055,100"
2019-06-28 09:36:40.000000000,BEST_BID,"JPM,99985,174"
2019-06-28 09:36:40.000000000,BEST_ASK,"JPM,100055,100"
2019-06-28 09:36:40.000000000,BEST_BID,"JPM,99985,174"
2019-06-28 09:36:40.000000000,BEST_ASK,"JPM,100055,100"
2019-06-28 09:36:40.000000000,BEST_BID,"JPM,99985,174"
2019-06-28 09:36:40.000000000,BEST_ASK,"JPM,100055,100"
2019-06-28 09:36:40.000000000,BEST_BID,"JPM,99985,174"
2019-06-28 09:36:40.000000000,BEST_ASK,"JPM,100055,100"
2019-06-28 09:36:40.000000000,BEST_BID,"JPM,99985,174"
2019-06-28 09:36:40.000000000,BEST_ASK,"JPM,100055,174"
2019-06-28 09:36:40.000000000,BEST_BID,"JPM,99985,174"
2019-06-28 09:36:40.000000000,BEST_ASK,"JPM,100055,174"
2019-06-28 09:36:40.000000000,BEST_BID,"JPM,99985,174"
2019-06-28 09:36:40.000000000,BEST_ASK,"JPM,100055,174"
2019-06-28 09:36:40.000000000,BEST_BID,"JPM,99985,174"
2019-06-28 09:36:40.000000000,BEST_ASK,"JPM,100055,174"
2019-06-28 09:36:40.000000000,BEST_BID,"JPM,99985,174"
2019-06-28 09:36:40.000000000,BEST_ASK,"JPM,100055,174"
2019-06-28 09:36:50.000000000,QUERY_SPREAD,1
2019-06-28 09:36:50.000000000,BEST_BID,"JPM,99985,471"
2019-06-28 09:36:50.000000000,BEST_ASK,"JPM,100055,100"
2019-06-28 09:36:50.000000000,BEST_BID,"JPM,99985,471"
2019-06-28 09:36:50.000000000,BEST_ASK,"JPM,100055,471"
2019-06-28 09:36:57.474545013,QUERY_SPREAD,2
2019-06-28 09:36:57.474545013,BEST_BID,"JPM,99985,471"
2019-06-28 09:36:57.474545013,BEST_ASK,"JPM,100055,471"
2019-06-28 09:37:00.000000000,QUERY_SPREAD,1
2019-06-28 09:37:00.000000000,BEST_BID,"JPM,99985,174"
2019-06-28 09:37:00.000000000,BEST_ASK,"JPM,100055,100"
2019-06-28 09:37:00.000000000,BEST_BID,"JPM,99985,174"
2019-06-28 09:37:00.000000000,BEST_ASK,"JPM,100055,100"
2019-06-28 09:37:00.000000000,BEST_BID,"JPM,99985,174"
2019-06-28 09:37:00.000000000,BEST_ASK,"JPM,100055,100"
2019-06-28 09:37:00.000000000,BEST_BID,"JPM,99985,174"
2019-06-28 09:37:00.000000000,BEST_ASK,"JPM,100055,100"
2019-06-28 09:37:00.000000000,BEST_BID,"JPM,99985,174"
2019-06-28 09:37:00.000000000,BEST_ASK,"JPM,100055,100"
2019-06-28 09:37:00.000000000,BEST_BID,"JPM,99985,174"
2019-06-28 09:37:00.000000000,BEST_ASK,"JPM,100055,174"
2019-06-28 09:37:00.000000000,BEST_BID,"JPM,99985,174"
2019-06-28 09:37:00.000000000,BEST_ASK,"JPM,100055,174"
2019-06-28 09:37:00.000000000,BEST_BID,"JPM,99985,174"
2019-06-28 09:37:00.000000000,BEST_ASK,"JPM,100055,174"
2019-06-28 09:37:00.000000000,BEST_BID,"JPM,99985,174"
2019-06-28 09:37:00.000000000,BEST_ASK,"JPM,100055,174"
2019-06-28 09:37:00.000000000,BEST_BID,"JPM,99985,174"
2019-06-28 09:37:00.000000000,BEST_ASK,"JPM,100055,174"
2019-06-28 09:37:00.000000000,QUERY_SPREAD,77
2019-06-28 09:37:00.000000000,QUERY_SPREAD,78
2019-06-28 09:37:00.000000000,QUERY_SPREAD,79
2019-06-28 09:37:00.000000000,QUERY_SPREAD,80
2019-06-28 09:37:00.000000000,QUERY_SPREAD,81
2019-06-28 09:37:00.000000000,QUERY_SPREAD,82
2019-06-28 09:37:00.000000000,QUERY_SPREAD,83
2019-06-28 09:37:00.000000000,QUERY_SPREAD,84
2019-06-28 09:37:00.000000000,QUERY_SPREAD,85
2019-06-28 09:37:00.000000000,QUERY_SPREAD,86
2019-06-28 09:37:00.000000000,QUERY_SPREAD,87
2019-06-28 09:37:00.000000000,QUERY_SPREAD,88
2019-06-28 09:37:00.000000000,QUERY_SPREAD,89
2019-06-28 09:37:00.000000000,QUERY_SPREAD,90
2019-06-28 09:37:00.000000000,QUERY_SPREAD,91
2019-06-28 09:37:00.000000000,QUERY_SPREAD,92
2019-06-28 09:37:00.000000000,QUERY_SPREAD,93
2019-06-28 09:37:00.000000000,QUERY_SPREAD,94
2019-06-28 09:37:00.000000000,QUERY_SPREAD,95
2019-06-28 09:37:00.000000000,QUERY_SPREAD,96
2019-06-28 09:37:00.000000000,QUERY_SPREAD,97
2019-06-28 09:37:00.000000000,QUERY_SPREAD,98
2019-06-28 09:37:00.000000000,QUERY_SPREAD,99
2019-06-28 09:37:00.000000000,QUERY_SPREAD,100
2019-06-28 09:37:00.000000000,QUERY_SPREAD,101
2019-06-28 09:37:00.906510224,QUERY_ORDER_STREAM,75
2019-06-28 09:37:00.906510224,QUERY_SPREAD,75
2019-06-28 09:37:00.906510224,BEST_BID,"JPM,100000,100"
2019-06-28 09:37:00.906510224,BEST_ASK,"JPM,100055,174"
2019-06-28 09:37:10.000000000,QUERY_SPREAD,1
2019-06-28 09:37:10.000000000,BEST_BID,"JPM,100000,226"
2019-06-28 09:37:10.000000000,BEST_ASK,"JPM,100055,100"
2019-06-28 09:37:10.000000000,BEST_BID,"JPM,100000,226"
2019-06-28 09:37:10.000000000,BEST_ASK,"JPM,100055,100"
2019-06-28 09:37:10.000000000,BEST_BID,"JPM,100000,226"
2019-06-28 09:37:10.000000000,BEST_ASK,"JPM,100055,100"
2019-06-28 09:37:10.000000000,BEST_BID,"JPM,100000,226"
2019-06-28 09:37:10.000000000,BEST_ASK,"JPM,100055,226"
2019-06-28 09:37:10.000000000,BEST_BID,"JPM,100000,226"
2019-06-28 09:37:10.000000000,BEST_ASK,"JPM,100055,226"
2019-06-28 09:37:10.000000000,BEST_BID,"JPM,100000,226"
2019-06-28 09:37:10.000000000,BEST_ASK,"JPM,100055,226"
2019-06-28 09:37:20.000000000,QUERY_SPREAD,1
2019-06-28 09:37:20.000000000,BEST_BID,"JPM,100000,193"
2019-06-28 09:37:20.000000000,BEST_ASK,"JPM,100055,100"
2019-06-28 09:37:20.000000000,BEST_BID,"JPM,100000,193"
2019-06-28 09:37:20.000000000,BEST_ASK,"JPM,100055,100"
2019-06-28 09:37:20.000000000,BEST_BID,"JPM,100000,193"
2019-06-28 09:37:20.000000000,BEST_ASK,"JPM,100055,100"
2019-06-28 09:37:20.000000000,BEST_BID,"JPM,100000,193"
2019-06-28 09:37:20.000000000,BEST_ASK,"JPM,100055,100"
2019-06-28 09:37:20.000000000,BEST_BID,"JPM,100000,193"
2019-06-28 09:37:20.000000000,BEST_ASK,"JPM,100055,193"
2019-06-28 09:37:20.000000000,BEST_BID,"JPM,100000,193"
2019-06-28 09:37:20.000000000,BEST_ASK,"JPM,100055,193"
2019-06-28 09:37:20.000000000,BEST_BID,"JPM,100000,193"
2019-06-28 09:37:20.000000000,BEST_ASK,"JPM,100055,193"
2019-06-28 09:37:20.000000000,BEST_BID,"JPM,100000,193"
2019-06-28 09:37:20.000000000,BEST_ASK,"JPM,100055,193"
2019-06-28 09:37:25.068506707,QUERY_SPREAD,46
2019-06-28 09:37:25.068506707,BEST_BID,"JPM,100000,193"
2019-06-28 09:37:25.068506707,BEST_ASK,"JPM,100055,93"
2019-06-28 09:37:25.068506707,LAST_TRADE,"100,$100055.0000"
2019-06-28 09:37:30.000000000,QUERY_SPREAD,1
2019-06-28 09:37:30.000000000,BEST_BID,"JPM,100000,193"
2019-06-28 09:37:30.000000000,BEST_ASK,"JPM,100064,200"
2019-06-28 09:37:30.000000000,BEST_BID,"JPM,100000,193"
2019-06-28 09:37:30.000000000,BEST_ASK,"JPM,100064,200"
2019-06-28 09:37:30.000000000,BEST_BID,"JPM,100000,193"
2019-06-28 09:37:30.000000000,BEST_ASK,"JPM,100064,200"
2019-06-28 09:37:30.000000000,BEST_BID,"JPM,100000,193"
2019-06-28 09:37:30.000000000,BEST_ASK,"JPM,100064,200"
2019-06-28 09:37:30.000000000,BEST_BID,"JPM,100000,193"
2019-06-28 09:37:30.000000000,BEST_ASK,"JPM,100064,293"
2019-06-28 09:37:30.000000000,BEST_BID,"JPM,100000,193"
2019-06-28 09:37:30.000000000,BEST_ASK,"JPM,100064,293"
2019-06-28 09:37:30.000000000,BEST_BID,"JPM,100000,193"
2019-06-28 09:37:30.000000000,BEST_ASK,"JPM,100064,293"
2019-06-28 09:37:30.000000000,BEST_BID,"JPM,100000,193"
2019-06-28 09:37:30.000000000,BEST_ASK,"JPM,100064,293"
2019-06-28 09:37:30.109369188,QUERY_SPREAD,25
2019-06-28 09:37:30.109369188,BEST_BID,"JPM,100000,193"
2019-06-28 09:37:30.109369188,BEST_ASK,"JPM,100064,293"
2019-06-28 09:37:30.570109675,QUERY_SPREAD,9
2019-06-28 09:37:30.570109675,BEST_BID,"JPM,100000,193"
2019-06-28 09:37:30.570109675,BEST_ASK,"JPM,100064,293"
2019-06-28 09:37:32.463641561,QUERY_SPREAD,20
2019-06-28 09:37:32.463641561,BEST_BID,"JPM,100000,193"
2019-06-28 09:37:32.463641561,BEST_ASK,"JPM,100064,293"
2019-06-28 09:37:40.000000000,QUERY_SPREAD,1
2019-06-28 09:37:40.000000000,BEST_BID,"JPM,100000,471"
2019-06-28 09:37:40.000000000,BEST_ASK,"JPM,100064,200"
2019-06-28 09:37:40.000000000,BEST_BID,"JPM,100000,471"
2019-06-28 09:37:40.000000000,BEST_ASK,"JPM,100064,571"
2019-06-28 09:37:50.000000000,QUERY_SPREAD,1
2019-06-28 09:37:50.000000000,BEST_BID,"JPM,100000,471"
2019-06-28 09:37:50.000000000,BEST_ASK,"JPM,100064,200"
2019-06-28 09:37:50.000000000,BEST_BID,"JPM,100000,471"
2019-06-28 09:37:50.000000000,BEST_ASK,"JPM,100064,571"
2019-06-28 09:38:00.000000000,QUERY_SPREAD,1
2019-06-28 09:38:00.000000000,BEST_BID,"JPM,100000,286"
2019-06-28 09:38:00.000000000,BEST_ASK,"JPM,100064,200"
2019-06-28 09:38:00.000000000,BEST_BID,"JPM,100000,286"
2019-06-28 09:38:00.000000000,BEST_ASK,"JPM,100064,200"
2019-06-28 09:38:00.000000000,BEST_BID,"JPM,100000,286"
2019-06-28 09:38:00.000000000,BEST_ASK,"JPM,100064,386"
2019-06-28 09:38:00.000000000,BEST_BID,"JPM,100000,286"
2019-06-28 09:38:00.000000000,BEST_ASK,"JPM,100064,386"
2019-06-28 09:38:00.000000000,QUERY_SPREAD,77
2019-06-28 09:38:00.000000000,QUERY_SPREAD,78
2019-06-28 09:38:00.000000000,QUERY_SPREAD,79
2019-06-28 09:38:00.000000000,QUERY_SPREAD,80
2019-06-28 09:38:00.000000000,QUERY_SPREAD,81
2019-06-28 09:38:00.000000000,QUERY_SPREAD,82
2019-06-28 09:38:00.000000000,QUERY_SPREAD,83
2019-06-28 09:38:00.000000000,QUERY_SPREAD,84
2019-06-28 09:38:00.000000000,QUERY_SPREAD,85
2019-06-28 09:38:00.000000000,QUERY_SPREAD,86
2019-06-28 09:38:00.000000000,QUERY_SPREAD,87
2019-06-28 09:38:00.000000000,QUERY_SPREAD,88
2019-06-28 09:38:00.000000000,QUERY_SPREAD,89
2019-06-28 09:38:00.000000000,QUERY_SPREAD,90
2019-06-28 09:38:00.000000000,QUERY_SPREAD,91
2019-06-28 09:38:00.000000000,QUERY_SPREAD,92
2019-06-28 09:38:00.000000000,QUERY_SPREAD,93
2019-06-28 09:38:00.000000000,QUERY_SPREAD,94
2019-06-28 09:38:00.000000000,QUERY_SPREAD,95
2019-06-28 09:38:00.000000000,QUERY_SPREAD,96
2019-06-28 09:38:00.000000000,QUERY_SPREAD,97
2019-06-28 09:38:00.000000000,QUERY_SPREAD,98
2019-06-28 09:38:00.000000000,QUERY_SPREAD,99
2019-06-28 09:38:00.000000000,QUERY_SPREAD,100
2019-06-28 09:38:00.000000000,QUERY_SPREAD,101
2019-06-28 09:38:10.000000000,QUERY_SPREAD,1
2019-06-28 09:38:10.000000000,BEST_BID,"JPM,100000,286"
2019-06-28 09:38:10.000000000,BEST_ASK,"JPM,100064,200"
2019-06-28 09:38:10.000000000,BEST_BID,"JPM,100000,286"
2019-06-28 09:38:10.000000000,BEST_ASK,"JPM,100064,200"
2019-06-28 09:38:10.000000000,BEST_BID,"JPM,100000,286"
2019-06-28 09:38:10.000000000,BEST_ASK,"JPM,100064,386"
2019-06-28 09:38:10.000000000,BEST_BID,"JPM,100000,286"
2019-06-28 09:38:10.000000000,BEST_ASK,"JPM,100064,386"
2019-06-28 09:38:12.677787333,QUERY_ORDER_STREAM,75
2019-06-28 09:38:12.677787333,QUERY_SPREAD,75
2019-06-28 09:38:15.528530860,QUERY_ORDER_STREAM,76
2019-06-28 09:38:15.528530860,QUERY_SPREAD,76
2019-06-28 09:38:20.000000000,QUERY_SPREAD,1
2019-06-28 09:38:20.000000000,BEST_BID,"JPM,99985,193"
2019-06-28 09:38:20.000000000,BEST_ASK,"JPM,100064,200"
2019-06-28 09:38:20.000000000,BEST_BID,"JPM,99985,193"
2019-06-28 09:38:20.000000000,BEST_ASK,"JPM,100064,200"
2019-06-28 09:38:20.000000000,BEST_BID,"JPM,99985,193"
2019-06-28 09:38:20.000000000,BEST_ASK,"JPM,100064,200"
2019-06-28 09:38:20.000000000,BEST_BID,"JPM,99985,193"
2019-06-28 09:38:20.000000000,BEST_ASK,"JPM,100064,200"
2019-06-28 09:38:20.000000000,BEST_BID,"JPM,99985,193"
2019-06-28 09:38:20.000000000,BEST_ASK,"JPM,100064,293"
2019-06-28 09:38:20.000000000,BEST_BID,"JPM,99985,193"
2019-06-28 09:38:20.000000000,BEST_ASK,"JPM,100064,293"
2019-06-28 09:38:20.000000000,BEST_BID,"JPM,99985,193"
2019-06-28 09:38:20.000000000,BEST_ASK,"JPM,100064,293"
2019-06-28 09:38:20.000000000,BEST_BID,"JPM,99985,193"
2019-06-28 09:38:20.000000000,BEST_ASK,"JPM,100064,293"
2019-06-28 09:38:30.000000000,QUERY_SPREAD,1
2019-06-28 09:38:30.000000000,BEST_BID,"JPM,99985,286"
2019-06-28 09:38:30.000000000,BEST_ASK,"JPM,100064,200"
2019-06-28 09:38:30.000000000,BEST_BID,"JPM,99985,286"
2019-06-28 09:38:30.000000000,BEST_ASK,"JPM,100064,200"
2019-06-28 09:38:30.000000000,BEST_BID,"JPM,99985,286"
2019-06-28 09:38:30.000000000,BEST_ASK,"JPM,100064,386"
2019-06-28 09:38:30.000000000,BEST_BID,"JPM,99985,286"
2019-06-28 09:38:30.000000000,BEST_ASK,"JPM,100064,386"
2019-06-28 09:38:40.000000000,QUERY_SPREAD,1
2019-06-28 09:38:40.000000000,BEST_BID,"JPM,99985,193"
2019-06-28 09:38:40.000000000,BEST_ASK,"JPM,100064,200"
2019-06-28 09:38:40.000000000,BEST_BID,"JPM,99985,193"
2019-06-28 09:38:40.000000000,BEST_ASK,"JPM,100064,200"
2019-06-28 09:38:40.000000000,BEST_BID,"JPM,99985,193"
2019-06-28 09:38:40.000000000,BEST_ASK,"JPM,100064,200"
2019-06-28 09:38:40.000000000,BEST_BID,"JPM,99985,193"
2019-06-28 09:38:40.000000000,BEST_ASK,"JPM,100064,200"
2019-06-28 09:38:40.000000000,BEST_BID,"JPM,99985,193"
2019-06-28 09:38:40.000000000,BEST_ASK,"JPM,100064,293"
2019-06-28 09:38:40.000000000,BEST_BID,"JPM,99985,193"
2019-06-28 09:38:40.000000000,BEST_ASK,"JPM,100064,293"
2019-06-28 09:38:40.000000000,BEST_BID,"JPM,99985,193"
2019-06-28 09:38:40.000000000,BEST_ASK,"JPM,100064,293"
2019-06-28 09:38:40.000000000,BEST_BID,"JPM,99985,193"
2019-06-28 09:38:40.000000000,BEST_ASK,"JPM,100064,293"
2019-06-28 09:38:43.173861158,QUERY_SPREAD,33
2019-06-28 09:38:43.173861158,BEST_BID,"JPM,99985,193"
2019-06-28 09:38:43.173861158,BEST_ASK,"JPM,100064,293"
2019-06-28 09:38:50.000000000,QUERY_SPREAD,1
2019-06-28 09:38:50.000000000,BEST_BID,"JPM,99985,286"
2019-06-28 09:38:50.000000000,BEST_ASK,"JPM,100064,200"
2019-06-28 09:38:50.000000000,BEST_BID,"JPM,99985,286"
2019-06-28 09:38:50.000000000,BEST_ASK,"JPM,100064,200"
2019-06-28 09:38:50.000000000,BEST_BID,"JPM,99985,286"
2019-06-28 09:38:50.000000000,BEST_ASK,"JPM,100064,386"
2019-06-28 09:38:50.000000000,BEST_BID,"JPM,99985,286"
2019-06-28 09:38:50.000000000,BEST_ASK,"JPM,100064,386"
2019-06-28 09:38:51.175557318,QUERY_SPREAD,7
2019-06-28 09:38:51.175557318,BEST_BID,"JPM,99985,286"
2019-06-28 09:38:51.175557318,BEST_ASK,"JPM,100064,286"
2019-06-28 09:38:51.175557318,LAST_TRADE,"100,$100064.0000"
2019-06-28 09:38:57.850241090,QUERY_SPREAD,14
2019-06-28 09:38:57.850241090,BEST_BID,"JPM,99985,286"
2019-06-28 09:38:57.850241090,BEST_ASK,"JPM,100064,186"
2019-06-28 09:38:57.850241090,LAST_TRADE,"100,$100064.0000"
2019-06-28 09:38:58.273805171,QUERY_SPREAD,39
2019-06-28 09:38:58.273805171,BEST_BID,"JPM,99985,286"
2019-06-28 09:38:58.273805171,BEST_ASK,"JPM,100064,186"
2019-06-28 09:39:00.000000000,QUERY_SPREAD,1
2019-06-28 09:39:00.000000000,BEST_BID,"JPM,99985,193"
2019-06-28 09:39:00.000000000,BEST_ASK,"JPM,100065,200"
2019-06-28 09:39:00.000000000,BEST_BID,"JPM,99985,193"
2019-06-28 09:39:00.000000000,BEST_ASK,"JPM,100065,200"
2019-06-28 09:39:00.000000000,BEST_BID,"JPM,99985,193"
2019-06-28 09:39:00.000000000,BEST_ASK,"JPM,100065,200"
2019-06-28 09:39:00.000000000,BEST_BID,"JPM,99985,193"
2019-06-28 09:39:00.000000000,BEST_ASK,"JPM,100065,200"
2019-06-28 09:39:00.000000000,BEST_BID,"JPM,99985,193"
2019-06-28 09:39:00.000000000,BEST_ASK,"JPM,100065,293"
2019-06-28 09:39:00.000000000,BEST_BID,"JPM,99985,193"
2019-06-28 09:39:00.000000000,BEST_ASK,"JPM,100065,293"
2019-06-28 09:39:00.000000000,BEST_BID,"JPM,99985,193"
2019-06-28 09:39:00.000000000,BEST_ASK,"JPM,100065,293"
2019-06-28 09:39:00.000000000,BEST_BID,"JPM,99985,193"
2019-06-28 09:39:00.000000000,BEST_ASK,"JPM,100065,293"
2019-06-28 09:39:00.000000000,QUERY_SPREAD,77
2019-06-28 09:39:00.000000000,QUERY_SPREAD,78
2019-06-28 09:39:00.000000000,QUERY_SPREAD,79
2019-06-28 09:39:00.000000000,QUERY_SPREAD,80
2019-06-28 09:39:00.000000000,QUERY_SPREAD,81
2019-06-28 09:39:00.000000000,QUERY_SPREAD,82
2019-06-28 09:39:00.000000000,QUERY_SPREAD,83
2019-06-28 09:39:00.000000000,QUERY_SPREAD,84
2019-06-28 09:39:00.000000000,QUERY_SPREAD,85
2019-06-28 09:39:00.000000000,QUERY_SPREAD,86
2019-06-28 09:39:00.000000000,QUERY_SPREAD,87
2019-06-28 09:39:00.000000000,QUERY_SPREAD,88
2019-06-28 09:39:00.000000000,QUERY_SPREAD,89
2019-06-28 09:39:00.000000000,QUERY_SPREAD,90
2019-06-28 09:39:00.000000000,QUERY_SPREAD,91
2019-06-28 09:39:00.000000000,QUERY_SPREAD,92
2019-06-28 09:39:00.000000000,QUERY_SPREAD,93
2019-06-28 09:39:00.000000000,QUERY_SPREAD,94
2019-06-28 09:39:00.000000000,QUERY_SPREAD,95
2019-06-28 09:39:00.000000000,QUERY_SPREAD,96
2019-06-28 09:39:00.000000000,QUERY_SPREAD,97
2019-06-28 09:39:00.000000000,QUERY_SPREAD,98
2019-06-28 09:39:00.000000000,QUERY_SPREAD,99
2019-06-28 09:39:00.000000000,QUERY_SPREAD,100
2019-06-28 09:39:00.000000000,QUERY_SPREAD,101
2019-06-28 09:39:10.000000000,QUERY_SPREAD,1
2019-06-28 09:39:10.000000000,BEST_BID,"JPM,99985,226"
2019-06-28 09:39:10.000000000,BEST_ASK,"JPM,100065,200"
2019-06-28 09:39:10.000000000,BEST_BID,"JPM,99985,226"
2019-06-28 09:39:10.000000000,BEST_ASK,"JPM,100065,200"
2019-06-28 09:39:10.000000000,BEST_BID,"JPM,99985,226"
2019-06-28 09:39:10.000000000,BEST_ASK,"JPM,100065,200"
2019-06-28 09:39:10.000000000,BEST_BID,"JPM,99985,226"
2019-06-28 09:39:10.000000000,BEST_ASK,"JPM,100065,326"
2019-06-28 09:39:10.000000000,BEST_BID,"JPM,99985,226"
2019-06-28 09:39:10.000000000,BEST_ASK,"JPM,100065,326"
2019-06-28 09:39:10.000000000,BEST_BID,"JPM,99985,226"
2019-06-28 09:39:10.000000000,BEST_ASK,"JPM,100065,326"
2019-06-28 09:39:20.000000000,QUERY_SPREAD,1
2019-06-28 09:39:20.000000000,BEST_BID,"JPM,99985,286"
2019-06-28 09:39:20.000000000,BEST_ASK,"JPM,100065,200"
2019-06-28 09:39:20.000000000,BEST_BID,"JPM,99985,286"
2019-06-28 09:39:20.000000000,BEST_ASK,"JPM,100065,200"
2019-06-28 09:39:20.000000000,BEST_BID,"JPM,99985,286"
2019-06-28 09:39:20.000000000,BEST_ASK,"JPM,100065,386"
2019-06-28 09:39:20.000000000,BEST_BID,"JPM,99985,286"
2019-06-28 09:39:20.000000000,BEST_ASK,"JPM,100065,386"
2019-06-28 09:39:30.000000000,QUERY_SPREAD,1
2019-06-28 09:39:30.000000000,BEST_BID,"JPM,99985,286"
2019-06-28 09:39:30.000000000,BEST_ASK,"JPM,100065,200"
2019-06-28 09:39:30.000000000,BEST_BID,"JPM,99985,286"
2019-06-28 09:39:30.000000000,BEST_ASK,"JPM,100065,200"
2019-06-28 09:39:30.000000000,BEST_BID,"JPM,99985,286"
2019-06-28 09:39:30.000000000,BEST_ASK,"JPM,100065,386"
2019-06-28 09:39:30.000000000,BEST_BID,"JPM,99985,286"
2019-06-28 09:39:30.000000000,BEST_ASK,"JPM,100065,386"
2019-06-28 09:39:40.000000000,QUERY_SPREAD,1
2019-06-28 09:39:40.000000000,BEST_BID,"JPM,99985,174"
2019-06-28 09:39:40.000000000,BEST_ASK,"JPM,100065,200"
2019-06-28 09:39:40.000000000,BEST_BID,"JPM,99985,174"
2019-06-28 09:39:40.000000000,BEST_ASK,"JPM,100065,200"
2019-06-28 09:39:40.000000000,BEST_BID,"JPM,99985,174"
2019-06-28 09:39:40.000000000,BEST_ASK,"JPM,100065,200"
2019-06-28 09:39:40.000000000,BEST_BID,"JPM,99985,174"
2019-06-28 09:39:40.000000000,BEST_ASK,"JPM,100065,200"
2019-06-28 09:39:40.000000000,BEST_BID,"JPM,99985,174"
2019-06-28 09:39:40.000000000,BEST_ASK,"JPM,100065,200"
2019-06-28 09:39:40.000000000,BEST_BID,"JPM,99985,174"
2019-06-28 09:39:40.000000000,BEST_ASK,"JPM,100065,274"
2019-06-28 09:39:40.000000000,BEST_BID,"JPM,99985,174"
2019-06-28 09:39:40.000000000,BEST_ASK,"JPM,100065,274"
2019-06-28 09:39:40.000000000,BEST_BID,"JPM,99985,174"
2019-06-28 09:39:40.000000000,BEST_ASK,"JPM,100065,274"
2019-06-28 09:39:40.000000000,BEST_BID,"JPM,99985,174"
2019-06-28 09:39:40.000000000,BEST_ASK,"JPM,100065,274"
2019-06-28 09:39:40.000000000,BEST_BID,"JPM,99985,174"
2019-06-28 09:39:40.000000000,BEST_ASK,"JPM,100065,274"
2019-06-28 09:39:50.000000000,QUERY_SPREAD,1
2019-06-28 09:39:50.000000000,BEST_BID,"JPM,99985,193"
2019-06-28 09:39:50.000000000,BEST_ASK,"JPM,100065,200"
2019-06-28 09:39:50.000000000,BEST_BID,"JPM,99985,193"
2019-06-28 09:39:50.000000000,BEST_ASK,"JPM,100065,200"
2019-06-28 09:39:50.000000000,BEST_BID,"JPM,99985,193"
2019-06-28 09:39:50.000000000,BEST_ASK,"JPM,100065,200"
2019-06-28 09:39:50.000000000,BEST_BID,"JPM,99985,193"
2019-06-28 09:39:50.000000000,BEST_ASK,"JPM,100065,200"
2019-06-28 09:39:50.000000000,BEST_BID,"JPM,99985,193"
2019-06-28 09:39:50.000000000,BEST_ASK,"JPM,100065,293"
2019-06-28 09:39:50.000000000,BEST_BID,"JPM,99985,193"
2019-06-28 09:39:50.000000000,BEST_ASK,"JPM,100065,293"
2019-06-28 09:39:50.000000000,BEST_BID,"JPM,99985,193"
2019-06-28 09:39:50.000000000,BEST_ASK,"JPM,100065,293"
2019-06-28 09:39:50.000000000,BEST_BID,"JPM,99985,193"
2019-06-28 09:39:50.000000000,BEST_ASK,"JPM,100065,293"
2019-06-28 09:40:00.000000000,QUERY_SPREAD,1
2019-06-28 09:40:00.000000000,BEST_BID,"JPM,99985,471"
2019-06-28 09:40:00.000000000,BEST_ASK,"JPM,100065,200"
2019-06-28 09:40:00.000000000,BEST_BID,"JPM,99985,471"
2019-06-28 09:40:00.000000000,BEST_ASK,"JPM,100065,571"
2019-06-28 09:40:00.000000000,QUERY_SPREAD,77
2019-06-28 09:40:00.000000000,QUERY_SPREAD,78
2019-06-28 09:40:00.000000000,QUERY_SPREAD,79
2019-06-28 09:40:00.000000000,QUERY_SPREAD,80
2019-06-28 09:40:00.000000000,QUERY_SPREAD,81
2019-06-28 09:40:00.000000000,QUERY_SPREAD,82
2019-06-28 09:40:00.000000000,QUERY_SPREAD,83
2019-06-28 09:40:00.000000000,QUERY_SPREAD,84
2019-06-28 09:40:00.000000000,QUERY_SPREAD,85
2019-06-28 09:40:00.000000000,QUERY_SPREAD,86
2019-06-28 09:40:00.000000000,QUERY_SPREAD,87
2019-06-28 09:40:00.000000000,QUERY_SPREAD,88
2019-06-28 09:40:00.000000000,QUERY_SPREAD,89
2019-06-28 09:40:00.000000000,QUERY_SPREAD,90
2019-06-28 09:40:00.000000000,QUERY_SPREAD,91
2019-06-28 09:40:00.000000000,QUERY_SPREAD,92
2019-06-28 09:40:00.000000000,QUERY_SPREAD,93
2019-06-28 09:40:00.000000000,QUERY_SPREAD,94
2019-06-28 09:40:00.000000000,QUERY_SPREAD,95
2019-06-28 09:40:00.000000000,QUERY_SPREAD,96
2019-06-28 09:40:00.000000000,QUERY_SPREAD,97
2019-06-28 09:40:00.000000000,QUERY_SPREAD,98
2019-06-28 09:40:00.000000000,QUERY_SPREAD,99
2019-06-28 09:40:00.000000000,QUERY_SPREAD,100
2019-06-28 09:40:00.000000000,QUERY_SPREAD,101
2019-06-28 09:40:00.539147130,QUERY_SPREAD,17
2019-06-28 09:40:00.539147130,BEST_BID,"JPM,99985,471"
2019-06-28 09:40:00.539147130,BEST_ASK,"JPM,100065,471"
2019-06-28 09:40:00.539147130,LAST_TRADE,"100,$100065.0000"
2019-06-28 09:40:02.961549500,QUERY_SPREAD,22
2019-06-28 09:40:02.961549500,BEST_BID,"JPM,99985,471"
2019-06-28 09:40:02.961549500,BEST_ASK,"JPM,100065,371"
2019-06-28 09:40:02.961549500,LAST_TRADE,"100,$100065.0000"
2019-06-28 09:40:10.000000000,QUERY_SPREAD,1
2019-06-28 09:40:10.000000000,BEST_BID,"JPM,99985,471"
2019-06-28 09:40:10.000000000,BEST_ASK,"JPM,100078,100"
2019-06-28 09:40:10.000000000,BEST_BID,"JPM,99985,471"
2019-06-28 09:40:10.000000000,BEST_ASK,"JPM,100078,471"
2019-06-28 09:40:20.000000000,QUERY_SPREAD,1
2019-06-28 09:40:20.000000000,BEST_BID,"JPM,99985,193"
2019-06-28 09:40:20.000000000,BEST_ASK,"JPM,100078,100"
2019-06-28 09:40:20.000000000,BEST_BID,"JPM,99985,193"
2019-06-28 09:40:20.000000000,BEST_ASK,"JPM,100078,100"
2019-06-28 09:40:20.000000000,BEST_BID,"JPM,99985,193"
2019-06-28 09:40:20.000000000,BEST_ASK,"JPM,100078,100"
2019-06-28 09:40:20.000000000,BEST_BID,"JPM,99985,193"
2019-06-28 09:40:20.000000000,BEST_ASK,"JPM,100078,100"
2019-06-28 09:40:20.000000000,BEST_BID,"JPM,99985,193"
2019-06-28 09:40:20.000000000,BEST_ASK,"JPM,100078,193"
2019-06-28 09:40:20.000000000,BEST_BID,"JPM,99985,193"
2019-06-28 09:40:20.000000000,BEST_ASK,"JPM,100078,193"
2019-06-28 09:40:20.000000000,BEST_BID,"JPM,99985,193"
2019-06-28 09:40:20.000000000,BEST_ASK,"JPM,100078,193"
2019-06-28 09:40:20.000000000,BEST_BID,"JPM,99985,193"
2019-06-28 09:40:20.000000000,BEST_ASK,"JPM,100078,193"
2019-06-28 09:40:30.000000000,QUERY_SPREAD,1
2019-06-28 09:40:30.000000000,BEST_BID,"JPM,99985,174"
2019-06-28 09:40:30.000000000,BEST_ASK,"JPM,100078,100"
2019-06-28 09:40:30.000000000,BEST_BID,"JPM,99985,174"
2019-06-28 09:40:30.000000000,BEST_ASK,"JPM,100078,100"
2019-06-28 09:40:30.000000000,BEST_BID,"JPM,99985,174"
2019-06-28 09:40:30.000000000,BEST_ASK,"JPM,100078,100"
2019-06-28 09:40:30.000000000,BEST_BID,"JPM,99985,174"
2019-06-28 09:40:30.000000000,BEST_ASK,"JPM,100078,100"
2019-06-28 09:40:30.000000000,BEST_BID,"JPM,99985,174"
2019-06-28 09:40:30.000000000,BEST_ASK,"JPM,100078,100"
2019-06-28 09:40:30.000000000,BEST_BID,"JPM,99985,174"
2019-06-28 09:40:30.000000000,BEST_ASK,"JPM,100078,174"
2019-06-28 09:40:30.000000000,BEST_BID,"JPM,99985,174"
2019-06-28 09:40:30.000000000,BEST_ASK,"JPM,100078,174"
2019-06-28 09:40:30.000000000,BEST_BID,"JPM,99985,174"
2019-06-28 09:40:30.000000000,BEST_ASK,"JPM,100078,174"
2019-06-28 09:40:30.000000000,BEST_BID,"JPM,99985,174"
2019-06-28 09:40:30.000000000,BEST_ASK,"JPM,100078,174"
2019-06-28 09:40:30.000000000,BEST_BID,"JPM,99985,174"
2019-06-28 09:40:30.000000000,BEST_ASK,"JPM,100078,174"
2019-06-28 09:40:40.000000000,QUERY_SPREAD,1
2019-06-28 09:40:40.000000000,BEST_BID,"JPM,99985,226"
2019-06-28 09:40:40.000000000,BEST_ASK,"JPM,100078,100"
2019-06-28 09:40:40.000000000,BEST_BID,"JPM,99985,226"
2019-06-28 09:40:40.000000000,BEST_ASK,"JPM,100078,100"
2019-06-28 09:40:40.000000000,BEST_BID,"JPM,99985,226"
2019-06-28 09:40:40.000000000,BEST_ASK,"JPM,100078,100"
2019-06-28 09:40:40.000000000,BEST_BID,"JPM,99985,226"
2019-06-28 09:40:40.000000000,BEST_ASK,"JPM,100078,226"
2019-06-28 09:40:40.000000000,BEST_BID,"JPM,99985,226"
2019-06-28 09:40:40.000000000,BEST_ASK,"JPM,100078,226"
2019-06-28 09:40:40.000000000,BEST_BID,"JPM,99985,226"
2019-06-28 09:40:40.000000000,BEST_ASK,"JPM,100078,226"
2019-06-28 09:40:42.223994735,QUERY_SPREAD,16
2019-06-28 09:40:42.223994735,BEST_BID,"JPM,99985,226"
2019-06-28 09:40:42.223994735,BEST_ASK,"JPM,100078,126"
2019-06-28 09:40:42.223994735,LAST_TRADE,"100,$100078.0000"
2019-06-28 09:40:50.000000000,QUERY_SPREAD,1
2019-06-28 09:40:50.000000000,BEST_BID,"JPM,99985,193"
2019-06-28 09:40:50.000000000,BEST_ASK,"JPM,100081,200"
2019-06-28 09:40:50.000000000,BEST_BID,"JPM,99985,193"
2019-06-28 09:40:50.000000000,BEST_ASK,"JPM,100081,200"
2019-06-28 09:40:50.000000000,BEST_BID,"JPM,99985,193"
2019-06-28 09:40:50.000000000,BEST_ASK,"JPM,100081,200"
2019-06-28 09:40:50.000000000,BEST_BID,"JPM,99985,193"
2019-06-28 09:40:50.000000000,BEST_ASK,"JPM,100081,200"
2019-06-28 09:40:50.000000000,BEST_BID,"JPM,99985,193"
2019-06-28 09:40:50.000000000,BEST_ASK,"JPM,100081,293"
2019-06-28 09:40:50.000000000,BEST_BID,"JPM,99985,193"
2019-06-28 09:40:50.000000000,BEST_ASK,"JPM,100081,293"
2019-06-28 09:40:50.000000000,BEST_BID,"JPM,99985,193"
2019-06-28 09:40:50.000000000,BEST_ASK,"JPM,100081,293"
2019-06-28 09:40:50.000000000,BEST_BID,"JPM,99985,193"
2019-06-28 09:40:50.000000000,BEST_ASK,"JPM,100081,293"
2019-06-28 09:41:00.000000000,QUERY_SPREAD,1
2019-06-28 09:41:00.000000000,BEST_BID,"JPM,99985,193"
2019-06-28 09:41:00.000000000,BEST_ASK,"JPM,100081,200"
2019-06-28 09:41:00.000000000,BEST_BID,"JPM,99985,193"
2019-06-28 09:41:00.000000000,BEST_ASK,"JPM,100081,200"
2019-06-28 09:41:00.000000000,BEST_BID,"JPM,99985,193"
2019-06-28 09:41:00.000000000,BEST_ASK,"JPM,100081,200"
2019-06-28 09:41:00.000000000,BEST_BID,"JPM,99985,193"
2019-06-28 09:41:00.000000000,BEST_ASK,"JPM,100081,200"
2019-06-28 09:41:00.000000000,BEST_BID,"JPM,99985,193"
2019-06-28 09:41:00.000000000,BEST_ASK,"JPM,100081,293"
2019-06-28 09:41:00.000000000,BEST_BID,"JPM,99985,193"
2019-06-28 09:41:00.000000000,BEST_ASK,"JPM,100081,293"
2019-06-28 09:41:00.000000000,BEST_BID,"JPM,99985,193"
2019-06-28 09:41:00.000000000,BEST_ASK,"JPM,100081,293"
2019-06-28 09:41:00.000000000,BEST_BID,"JPM,99985,193"
2019-06-28 09:41:00.000000000,BEST_ASK,"JPM,100081,293"
2019-06-28 09:41:00.000000000,QUERY_SPREAD,77
2019-06-28 09:41:00.000000000,QUERY_SPREAD,78
2019-06-28 09:41:00.000000000,QUERY_SPREAD,79
2019-06-28 09:41:00.000000000,QUERY_SPREAD,80
2019-06-28 09:41:00.000000000,QUERY_SPREAD,81
2019-06-28 09:41:00.000000000,QUERY_SPREAD,82
2019-06-28 09:41:00.000000000,QUERY_SPREAD,83
2019-06-28 09:41:00.000000000,QUERY_SPREAD,84
2019-06-28 09:41:00.000000000,QUERY_SPREAD,85
2019-06-28 09:41:00.000000000,QUERY_SPREAD,86
2019-06-28 09:41:00.000000000,QUERY_SPREAD,87
2019-06-28 09:41:00.000000000,QUERY_SPREAD,88
2019-06-28 09:41:00.000000000,QUERY_SPREAD,89
2019-06-28 09:41:00.000000000,QUERY_SPREAD,90
2019-06-28 09:41:00.000000000,QUERY_SPREAD,91
2019-06-28 09:41:00.000000000,QUERY_SPREAD,92
2019-06-28 09:41:00.000000000,QUERY_SPREAD,93
2019-06-28 09:41:00.000000000,QUERY_SPREAD,94
2019-06-28 09:41:00.000000000,QUERY_SPREAD,95
2019-06-28 09:41:00.000000000,QUERY_SPREAD,96
2019-06-28 09:41:00.000000000,QUERY_SPREAD,97
2019-06-28 09:41:00.000000000,QUERY_SPREAD,98
2019-06-28 09:41:00.000000000,QUERY_SPREAD,99
2019-06-28 09:41:00.000000000,QUERY_SPREAD,100
2019-06-28 09:41:00.000000000,QUERY_SPREAD,101
2019-06-28 09:41:03.613625364,QUERY_SPREAD,24
2019-06-28 09:41:03.613625364,BEST_BID,"JPM,99985,193"
2019-06-28 09:41:03.613625364,BEST_ASK,"JPM,100081,293"
2019-06-28 09:41:03.901267592,QUERY_SPREAD,38
2019-06-28 09:41:03.901267592,BEST_BID,"JPM,99985,193"
2019-06-28 09:41:03.901267592,BEST_ASK,"JPM,100081,193"
2019-06-28 09:41:03.901267592,LAST_TRADE,"100,$100081.0000"
2019-06-28 09:41:07.798559582,QUERY_SPREAD,18
2019-06-28 09:41:07.798559582,BEST_BID,"JPM,99985,193"
2019-06-28 09:41:07.798559582,BEST_ASK,"JPM,100081,193"
2019-06-28 09:41:10.000000000,QUERY_SPREAD,1
2019-06-28 09:41:10.000000000,BEST_BID,"JPM,99985,286"
2019-06-28 09:41:10.000000000,BEST_ASK,"JPM,100081,100"
2019-06-28 09:41:10.000000000,BEST_BID,"JPM,99985,286"
2019-06-28 09:41:10.000000000,BEST_ASK,"JPM,100081,100"
2019-06-28 09:41:10.000000000,BEST_BID,"JPM,99985,286"
2019-06-28 09:41:10.000000000,BEST_ASK,"JPM,100081,286"
2019-06-28 09:41:10.000000000,BEST_BID,"JPM,99985,286"
2019-06-28 09:41:10.000000000,BEST_ASK,"JPM,100081,286"
2019-06-28 09:41:20.000000000,QUERY_SPREAD,1
2019-06-28 09:41:20.000000000,BEST_BID,"JPM,99985,286"
2019-06-28 09:41:20.000000000,BEST_ASK,"JPM,100081,100"
2019-06-28 09:41:20.000000000,BEST_BID,"JPM,99985,286"
2019-06-28 09:41:20.000000000,BEST_ASK,"JPM,100081,100"
2019-06-28 09:41:20.000000000,BEST_BID,"JPM,99985,286"
2019-06-28 09:41:20.000000000,BEST_ASK,"JPM,100081,286"
2019-06-28 09:41:20.000000000,BEST_BID,"JPM,99985,286"
2019-06-28 09:41:20.000000000,BEST_ASK,"JPM,100081,286"
2019-06-28 09:41:30.000000000,QUERY_SPREAD,1
2019-06-28 09:41:30.000000000,BEST_BID,"JPM,99985,174"
2019-06-28 09:41:30.000000000,BEST_ASK,"JPM,100081,100"
2019-06-28 09:41:30.000000000,BEST_BID,"JPM,99985,174"
2019-06-28 09:41:30.000000000,BEST_ASK,"JPM,100081,100"
2019-06-28 09:41:30.000000000,BEST_BID,"JPM,99985,174"
2019-06-28 09:41:30.000000000,BEST_ASK,"JPM,100081,100"
2019-06-28 09:41:30.000000000,BEST_BID,"JPM,99985,174"
2019-06-28 09:41:30.000000000,BEST_ASK,"JPM,100081,100"
2019-06-28 09:41:30.000000000,BEST_BID,"JPM,99985,174"
2019-06-28 09:41:30.000000000,BEST_ASK,"JPM,100081,100"
2019-06-28 09:41:30.000000000,BEST_BID,"JPM,99985,174"
2019-06-28 09:41:30.000000000,BEST_ASK,"JPM,100081,174"
2019-06-28 09:41:30.000000000,BEST_BID,"JPM,99985,174"
2019-06-28 09:41:30.000000000,BEST_ASK,"JPM,100081,174"
2019-06-28 09:41:30.000000000,BEST_BID,"JPM,99985,174"
2019-06-28 09:41:30.000000000,BEST_ASK,"JPM,100081,174"
2019-06-28 09:41:30.000000000,BEST_BID,"JPM,99985,174"
2019-06-28 09:41:30.000000000,BEST_ASK,"JPM,100081,174"
2019-06-28 09:41:30.000000000,BEST_BID,"JPM,99985,174"
2019-06-28 09:41:30.000000000,BEST_ASK,"JPM,100081,174"
2019-06-28 09:41:35.685603453,QUERY_SPREAD,51
2019-06-28 09:41:35.685603453,BEST_BID,"JPM,99985,174"
2019-06-28 09:41:35.685603453,BEST_ASK,"JPM,100081,174"
2019-06-28 09:41:37.268319226,QUERY_SPREAD,41
2019-06-28 09:41:37.268319226,BEST_BID,"JPM,99985,174"
2019-06-28 09:41:37.268319226,BEST_ASK,"JPM,100081,74"
2019-06-28 09:41:37.268319226,LAST_TRADE,"100,$100081.0000"
2019-06-28 09:41:37.804454036,QUERY_ORDER_STREAM,68
2019-06-28 09:41:37.804454036,QUERY_SPREAD,68
2019-06-28 09:41:40.000000000,QUERY_SPREAD,1
2019-06-28 09:41:40.000000000,BEST_BID,"JPM,99985,471"
2019-06-28 09:41:40.000000000,BEST_ASK,"JPM,100106,100"
2019-06-28 09:41:40.000000000,BEST_BID,"JPM,99985,471"
2019-06-28 09:41:40.000000000,BEST_ASK,"JPM,100106,471"
2019-06-28 09:41:47.810135764,QUERY_SPREAD,45
2019-06-28 09:41:47.810135764,BEST_BID,"JPM,99985,471"
2019-06-28 09:41:47.810135764,BEST_ASK,"JPM,100106,471"
2019-06-28 09:41:50.000000000,QUERY_SPREAD,1
2019-06-28 09:41:50.000000000,BEST_BID,"JPM,99985,471"
2019-06-28 09:41:50.000000000,BEST_ASK,"JPM,100106,100"
2019-06-28 09:41:50.000000000,BEST_BID,"JPM,99985,471"
2019-06-28 09:41:50.000000000,BEST_ASK,"JPM,100106,471"
2019-06-28 09:41:59.660230197,QUERY_SPREAD,27
2019-06-28 09:41:59.660230197,BEST_BID,"JPM,99985,471"
2019-06-28 09:41:59.660230197,BEST_ASK,"JPM,100106,471"
2019-06-28 09:42:00.000000000,QUERY_SPREAD,1
2019-06-28 09:42:00.000000000,BEST_BID,"JPM,99985,174"
2019-06-28 09:42:00.000000000,BEST_ASK,"JPM,100106,100"
2019-06-28 09:42:00.000000000,BEST_BID,"JPM,99985,174"
2019-06-28 09:42:00.000000000,BEST_ASK,"JPM,100106,100"
2019-06-28 09:42:00.000000000,BEST_BID,"JPM,99985,174"
2019-06-28 09:42:00.000000000,BEST_ASK,"JPM,100106,100"
2019-06-28 09:42:00.000000000,BEST_BID,"JPM,99985,174"
2019-06-28 09:42:00.000000000,BEST_ASK,"JPM,100106,100"
2019-06-28 09:42:00.000000000,BEST_BID,"JPM,99985,174"
2019-06-28 09:42:00.000000000,BEST_ASK,"JPM,100106,100"
2019-06-28 09:42:00.000000000,BEST_BID,"JPM,99985,174"
2019-06-28 09:42:00.000000000,BEST_ASK,"JPM,100106,174"
2019-06-28 09:42:00.000000000,BEST_BID,"JPM,99985,174"
2019-06-28 09:42:00.000000000,BEST_ASK,"JPM,100106,174"
2019-06-28 09:42:00.000000000,BEST_BID,"JPM,99985,174"
2019-06-28 09:42:00.000000000,BEST_ASK,"JPM,100106,174"
2019-06-28 09:42:00.000000000,BEST_BID,"JPM,99985,174"
2019-06-28 09:42:00.000000000,BEST_ASK,"JPM,100106,174"
2019-06-28 09:42:00.000000000,BEST_BID,"JPM,99985,174"
2019-06-28 09:42:00.000000000,BEST_ASK,"JPM,100106,174"
2019-06-28 09:42:00.000000000,QUERY_SPREAD,77
2019-06-28 09:42:00.000000000,QUERY_SPREAD,78
2019-06-28 09:42:00.000000000,QUERY_SPREAD,79
2019-06-28 09:42:00.000000000,QUERY_SPREAD,80
2019-06-28 09:42:00.000000000,QUERY_SPREAD,81
2019-06-28 09:42:00.000000000,QUERY_SPREAD,82
2019-06-28 09:42:00.000000000,QUERY_SPREAD,83
2019-06-28 09:42:00.000000000,QUERY_SPREAD,84
2019-06-28 09:42:00.000000000,QUERY_SPREAD,85
2019-06-28 09:42:00.000000000,QUERY_SPREAD,86
2019-06-28 09:42:00.000000000,QUERY_SPREAD,87
2019-06-28 09:42:00.000000000,QUERY_SPREAD,88
2019-06-28 09:42:00.000000000,QUERY_SPREAD,89
2019-06-28 09:42:00.000000000,QUERY_SPREAD,90
2019-06-28 09:42:00.000000000,QUERY_SPREAD,91
2019-06-28 09:42:00.000000000,QUERY_SPREAD,92
2019-06-28 09:42:00.000000000,QUERY_SPREAD,93
2019-06-28 09:42:00.000000000,QUERY_SPREAD,94
2019-06-28 09:42:00.000000000,QUERY_SPREAD,95
2019-06-28 09:42:00.000000000,QUERY_SPREAD,96
2019-06-28 09:42:00.000000000,QUERY_SPREAD,97
2019-06-28 09:42:00.000000000,QUERY_SPREAD,98
2019-06-28 09:42:00.000000000,QUERY_SPREAD,99
2019-06-28 09:42:00.000000000,QUERY_SPREAD,100
2019-06-28 09:42:00.000000000,QUERY_SPREAD,101
2019-06-28 09:42:10.000000000,QUERY_SPREAD,1
2019-06-28 09:42:10.000000000,BEST_BID,"JPM,99985,193"
2019-06-28 09:42:10.000000000,BEST_ASK,"JPM,100106,100"
2019-06-28 09:42:10.000000000,BEST_BID,"JPM,99985,193"
2019-06-28 09:42:10.000000000,BEST_ASK,"JPM,100106,100"
2019-06-28 09:42:10.000000000,BEST_BID,"JPM,99985,193"
2019-06-28 09:42:10.000000000,BEST_ASK,"JPM,100106,100"
2019-06-28 09:42:10.000000000,BEST_BID,"JPM,99985,193"
2019-06-28 09:42:10.000000000,BEST_ASK,"JPM,100106,100"
2019-06-28 09:42:10.000000000,BEST_BID,"JPM,99985,193"
2019-06-28 09:42:10.000000000,BEST_ASK,"JPM,100106,193"
2019-06-28 09:42:10.000000000,BEST_BID,"JPM,99985,193"
2019-06-28 09:42:10.000000000,BEST_ASK,"JPM,100106,193"
2019-06-28 09:42:10.000000000,BEST_BID,"JPM,99985,193"
2019-06-28 09:42:10.000000000,BEST_ASK,"JPM,100106,193"
2019-06-28 09:42:10.000000000,BEST_BID,"JPM,99985,193"
2019-06-28 09:42:10.000000000,BEST_ASK,"JPM,100106,193"
2019-06-28 09:42:20.000000000,QUERY_SPREAD,1
2019-06-28 09:42:20.000000000,BEST_BID,"JPM,99985,226"
2019-06-28 09:42:20.000000000,BEST_ASK,"JPM,100106,100"
2019-06-28 09:42:20.000000000,BEST_BID,"JPM,99985,226"
2019-06-28 09:42:20.000000000,BEST_ASK,"JPM,100106,100"
2019-06-28 09:42:20.000000000,BEST_BID,"JPM,99985,226"
2019-06-28 09:42:20.000000000,BEST_ASK,"JPM,100106,100"
2019-06-28 09:42:20.000000000,BEST_BID,"JPM,99985,226"
2019-06-28 09:42:20.000000000,BEST_ASK,"JPM,100106,226"
2019-06-28 09:42:20.000000000,BEST_BID,"JPM,99985,226"
2019-06-28 09:42:20.000000000,BEST_ASK,"JPM,100106,226"
2019-06-28 09:42:20.000000000,BEST_BID,"JPM,99985,226"
2019-06-28 09:42:20.000000000,BEST_ASK,"JPM,100106,226"
2019-06-28 09:42:25.830244919,QUERY_SPREAD,2
2019-06-28 09:42:25.830244919,BEST_BID,"JPM,99985,226"
2019-06-28 09:42:25.830244919,BEST_ASK,"JPM,100106,226"
2019-06-28 09:42:28.922585763,QUERY_SPREAD,10
2019-06-28 09:42:28.922585763,BEST_BID,"JPM,99985,226"
2019-06-28 09:42:28.922585763,BEST_ASK,"JPM,100106,126"
2019-06-28 09:42:28.922585763,LAST_TRADE,"100,$100106.0000"
2019-06-28 09:42:30.000000000,QUERY_SPREAD,1
2019-06-28 09:42:30.000000000,BEST_BID,"JPM,99985,174"
2019-06-28 09:42:30.000000000,BEST_ASK,"JPM,100115,100"
2019-06-28 09:42:30.000000000,BEST_BID,"JPM,99985,174"
2019-06-28 09:42:30.000000000,BEST_ASK,"JPM,100115,100"
2019-06-28 09:42:30.000000000,BEST_BID,"JPM,99985,174"
2019-06-28 09:42:30.000000000,BEST_ASK,"JPM,100115,100"
2019-06-28 09:42:30.000000000,BEST_BID,"JPM,99985,174"
2019-06-28 09:42:30.000000000,BEST_ASK,"JPM,100115,100"
2019-06-28 09:42:30.000000000,BEST_BID,"JPM,99985,174"
2019-06-28 09:42:30.000000000,BEST_ASK,"JPM,100115,100"
2019-06-28 09:42:30.000000000,BEST_BID,"JPM,99985,174"
2019-06-28 09:42:30.000000000,BEST_ASK,"JPM,100115,174"
2019-06-28 09:42:30.000000000,BEST_BID,"JPM,99985,174"
2019-06-28 09:42:30.000000000,BEST_ASK,"JPM,100115,174"
2019-06-28 09:42:30.000000000,BEST_BID,"JPM,99985,174"
2019-06-28 09:42:30.000000000,BEST_ASK,"JPM,100115,174"
2019-06-28 09:42:30.000000000,BEST_BID,"JPM,99985,174"
2019-06-28 09:42:30.000000000,BEST_ASK,"JPM,100115,174"
2019-06-28 09:42:30.000000000,BEST_BID,"JPM,99985,174"
2019-06-28 09:42:30.000000000,BEST_ASK,"JPM,100115,174"
2019-06-28 09:42:40.000000000,QUERY_SPREAD,1
2019-06-28 09:42:40.000000000,BEST_BID,"JPM,99985,471"
2019-06-28 09:42:40.000000000,BEST_ASK,"JPM,100115,100"
2019-06-28 09:42:40.000000000,BEST_BID,"JPM,99985,471"
2019-06-28 09:42:40.000000000,BEST_ASK,"JPM,100115,471"
2019-06-28 09:42:41.637653800,QUERY_SPREAD,15
2019-06-28 09:42:41.637653800,BEST_BID,"JPM,99985,471"
2019-06-28 09:42:41.637653800,BEST_ASK,"JPM,100115,371"
2019-06-28 09:42:41.637653800,LAST_TRADE,"100,$100115.0000"
2019-06-28 09:42:50.000000000,QUERY_SPREAD,1
2019-06-28 09:42:50.000000000,BEST_BID,"JPM,99985,174"
2019-06-28 09:42:50.000000000,BEST_ASK,"JPM,100145,100"
2019-06-28 09:42:50.000000000,BEST_BID,"JPM,99985,174"
2019-06-28 09:42:50.000000000,BEST_ASK,"JPM,100145,100"
2019-06-28 09:42:50.000000000,BEST_BID,"JPM,99985,174"
2019-06-28 09:42:50.000000000,BEST_ASK,"JPM,100145,100"
2019-06-28 09:42:50.000000000,BEST_BID,"JPM,99985,174"
2019-06-28 09:42:50.000000000,BEST_ASK,"JPM,100145,100"
2019-06-28 09:42:50.000000000,BEST_BID,"JPM,99985,174"
2019-06-28 09:42:50.000000000,BEST_ASK,"JPM,100145,100"
2019-06-28 09:42:50.000000000,BEST_BID,"JPM,99985,174"
2019-06-28 09:42:50.000000000,BEST_ASK,"JPM,100145,174"
2019-06-28 09:42:50.000000000,BEST_BID,"JPM,99985,174"
2019-06-28 09:42:50.000000000,BEST_ASK,"JPM,100145,174"
2019-06-28 09:42:50.000000000,BEST_BID,"JPM,99985,174"
2019-06-28 09:42:50.000000000,BEST_ASK,"JPM,100145,174"
2019-06-28 09:42:50.000000000,BEST_BID,"JPM,99985,174"
2019-06-28 09:42:50.000000000,BEST_ASK,"JPM,100145,174"
2019-06-28 09:42:50.000000000,BEST_BID,"JPM,99985,174"
2019-06-28 09:42:50.000000000,BEST_ASK,"JPM,100145,174"
2019-06-28 09:43:00.000000000,QUERY_SPREAD,1
2019-06-28 09:43:00.000000000,BEST_BID,"JPM,99985,174"
2019-06-28 09:43:00.000000000,BEST_ASK,"JPM,100145,100"
2019-06-28 09:43:00.000000000,BEST_BID,"JPM,99985,174"
2019-06-28 09:43:00.000000000,BEST_ASK,"JPM,100145,100"
2019-06-28 09:43:00.000000000,BEST_BID,"JPM,99985,174"
2019-06-28 09:43:00.000000000,BEST_ASK,"JPM,100145,100"
2019-06-28 09:43:00.000000000,BEST_BID,"JPM,99985,174"
2019-06-28 09:43:00.000000000,BEST_ASK,"JPM,100145,100"
2019-06-28 09:43:00.000000000,BEST_BID,"JPM,99985,174"
2019-06-28 09:43:00.000000000,BEST_ASK,"JPM,100145,100"
2019-06-28 09:43:00.000000000,BEST_BID,"JPM,99985,174"
2019-06-28 09:43:00.000000000,BEST_ASK,"JPM,100145,174"
2019-06-28 09:43:00.000000000,BEST_BID,"JPM,99985,174"
2019-06-28 09:43:00.000000000,BEST_ASK,"JPM,100145,174"
2019-06-28 09:43:00.000000000,BEST_BID,"JPM,99985,174"
2019-06-28 09:43:00.000000000,BEST_ASK,"JPM,100145,174"
2019-06-28 09:43:00.000000000,BEST_BID,"JPM,99985,174"
2019-06-28 09:43:00.000000000,BEST_ASK,"JPM,100145,174"
2019-06-28 09:43:00.000000000,BEST_BID,"JPM,99985,174"
2019-06-28 09:43:00.000000000,BEST_ASK,"JPM,100145,174"
2019-06-28 09:43:00.000000000,QUERY_SPREAD,77
2019-06-28 09:43:00.000000000,QUERY_SPREAD,78
2019-06-28 09:43:00.000000000,QUERY_SPREAD,79
2019-06-28 09:43:00.000000000,QUERY_SPREAD,80
2019-06-28 09:43:00.000000000,QUERY_SPREAD,81
2019-06-28 09:43:00.000000000,QUERY_SPREAD,82
2019-06-28 09:43:00.000000000,QUERY_SPREAD,83
2019-06-28 09:43:00.000000000,QUERY_SPREAD,84
2019-06-28 09:43:00.000000000,QUERY_SPREAD,85
2019-06-28 09:43:00.000000000,QUERY_SPREAD,86
2019-06-28 09:43:00.000000000,QUERY_SPREAD,87
2019-06-28 09:43:00.000000000,QUERY_SPREAD,88
2019-06-28 09:43:00.000000000,QUERY_SPREAD,89
2019-06-28 09:43:00.000000000,QUERY_SPREAD,90
2019-06-28 09:43:00.000000000,QUERY_SPREAD,91
2019-06-28 09:43:00.000000000,QUERY_SPREAD,92
2019-06-28 09:43:00.000000000,QUERY_SPREAD,93
2019-06-28 09:43:00.000000000,QUERY_SPREAD,94
2019-06-28 09:43:00.000000000,QUERY_SPREAD,95
2019-06-28 09:43:00.000000000,QUERY_SPREAD,96
2019-06-28 09:43:00.000000000,QUERY_SPREAD,97
2019-06-28 09:43:00.000000000,QUERY_SPREAD,98
2019-06-28 09:43:00.000000000,QUERY_SPREAD,99
2019-06-28 09:43:00.000000000,QUERY_SPREAD,100
2019-06-28 09:43:00.000000000,QUERY_SPREAD,101
2019-06-28 09:43:10.000000000,QUERY_SPREAD,1
2019-06-28 09:43:10.000000000,BEST_BID,"JPM,99985,286"
2019-06-28 09:43:10.000000000,BEST_ASK,"JPM,100145,100"
2019-06-28 09:43:10.000000000,BEST_BID,"JPM,99985,286"
2019-06-28 09:43:10.000000000,BEST_ASK,"JPM,100145,100"
2019-06-28 09:43:10.000000000,BEST_BID,"JPM,99985,286"
2019-06-28 09:43:10.000000000,BEST_ASK,"JPM,100145,286"
2019-06-28 09:43:10.000000000,BEST_BID,"JPM,99985,286"
2019-06-28 09:43:10.000000000,BEST_ASK,"JPM,100145,286"
2019-06-28 09:43:14.294385638,QUERY_SPREAD,48
2019-06-28 09:43:14.294385638,BEST_BID,"JPM,99985,186"
2019-06-28 09:43:14.294385638,BEST_ASK,"JPM,100145,286"
2019-06-28 09:43:14.294385638,LAST_TRADE,"100,$99985.0000"
2019-06-28 09:43:20.000000000,QUERY_SPREAD,1
2019-06-28 09:43:20.000000000,BEST_BID,"JPM,99984,274"
2019-06-28 09:43:20.000000000,BEST_ASK,"JPM,100145,100"
2019-06-28 09:43:20.000000000,BEST_BID,"JPM,99984,274"
2019-06-28 09:43:20.000000000,BEST_ASK,"JPM,100145,100"
2019-06-28 09:43:20.000000000,BEST_BID,"JPM,99984,274"
2019-06-28 09:43:20.000000000,BEST_ASK,"JPM,100145,100"
2019-06-28 09:43:20.000000000,BEST_BID,"JPM,99984,274"
2019-06-28 09:43:20.000000000,BEST_ASK,"JPM,100145,100"
2019-06-28 09:43:20.000000000,BEST_BID,"JPM,99984,274"
2019-06-28 09:43:20.000000000,BEST_ASK,"JPM,100145,100"
2019-06-28 09:43:20.000000000,BEST_BID,"JPM,99984,274"
2019-06-28 09:43:20.000000000,BEST_ASK,"JPM,100145,174"
2019-06-28 09:43:20.000000000,BEST_BID,"JPM,99984,274"
2019-06-28 09:43:20.000000000,BEST_ASK,"JPM,100145,174"
2019-06-28 09:43:20.000000000,BEST_BID,"JPM,99984,274"
2019-06-28 09:43:20.000000000,BEST_ASK,"JPM,100145,174"
2019-06-28 09:43:20.000000000,BEST_BID,"JPM,99984,274"
2019-06-28 09:43:20.000000000,BEST_ASK,"JPM,100145,174"
2019-06-28 09:43:20.000000000,BEST_BID,"JPM,99984,274"
2019-06-28 09:43:20.000000000,BEST_ASK,"JPM,100145,174"
2019-06-28 09:43:20.437837355,QUERY_SPREAD,39
2019-06-28 09:43:20.437837355,BEST_BID,"JPM,99984,274"
2019-06-28 09:43:20.437837355,BEST_ASK,"JPM,100145,174"
2019-06-28 09:43:30.000000000,QUERY_SPREAD,1
2019-06-28 09:43:30.000000000,BEST_BID,"JPM,99984,326"
2019-06-28 09:43:30.000000000,BEST_ASK,"JPM,100145,100"
2019-06-28 09:43:30.000000000,BEST_BID,"JPM,99984,326"
2019-06-28 09:43:30.000000000,BEST_ASK,"JPM,100145,100"
2019-06-28 09:43:30.000000000,BEST_BID,"JPM,99984,326"
2019-06-28 09:43:30.000000000,BEST_ASK,"JPM,100145,100"
2019-06-28 09:43:30.000000000,BEST_BID,"JPM,99984,326"
2019-06-28 09:43:30.000000000,BEST_ASK,"JPM,100145,226"
2019-06-28 09:43:30.000000000,BEST_BID,"JPM,99984,326"
2019-06-28 09:43:30.000000000,BEST_ASK,"JPM,100145,226"
2019-06-28 09:43:30.000000000,BEST_BID,"JPM,99984,326"
2019-06-28 09:43:30.000000000,BEST_ASK,"JPM,100145,226"
2019-06-28 09:43:37.637384251,QUERY_SPREAD,51
2019-06-28 09:43:37.637384251,BEST_BID,"JPM,99984,326"
2019-06-28 09:43:37.637384251,BEST_ASK,"JPM,100145,226"
2019-06-28 09:43:40.000000000,QUERY_SPREAD,1
2019-06-28 09:43:40.000000000,BEST_BID,"JPM,99984,293"
2019-06-28 09:43:40.000000000,BEST_ASK,"JPM,100145,100"
2019-06-28 09:43:40.000000000,BEST_BID,"JPM,99984,293"
2019-06-28 09:43:40.000000000,BEST_ASK,"JPM,100145,100"
2019-06-28 09:43:40.000000000,BEST_BID,"JPM,99984,293"
2019-06-28 09:43:40.000000000,BEST_ASK,"JPM,100145,100"
2019-06-28 09:43:40.000000000,BEST_BID,"JPM,99984,293"
2019-06-28 09:43:40.000000000,BEST_ASK,"JPM,100145,100"
2019-06-28 09:43:40.000000000,BEST_BID,"JPM,99984,293"
2019-06-28 09:43:40.000000000,BEST_ASK,"JPM,100145,193"
2019-06-28 09:43:40.000000000,BEST_BID,"JPM,99984,293"
2019-06-28 09:43:40.000000000,BEST_ASK,"JPM,100145,193"
2019-06-28 09:43:40.000000000,BEST_BID,"JPM,99984,293"
2019-06-28 09:43:40.000000000,BEST_ASK,"JPM,100145,193"
2019-06-28 09:43:40.000000000,BEST_BID,"JPM,99984,293"
2019-06-28 09:43:40.000000000,BEST_ASK,"JPM,100145,193"
2019-06-28 09:43:45.248827224,QUERY_SPREAD,22
2019-06-28 09:43:45.248827224,BEST_BID,"JPM,99984,293"
2019-06-28 09:43:45.248827224,BEST_ASK,"JPM,100000,100"
2019-06-28 09:43:50.000000000,QUERY_SPREAD,1
2019-06-28 09:43:50.000000000,BEST_BID,"JPM,99984,571"
2019-06-28 09:43:50.000000000,BEST_ASK,"JPM,100000,100"
2019-06-28 09:43:50.000000000,BEST_BID,"JPM,99984,571"
2019-06-28 09:43:50.000000000,BEST_ASK,"JPM,100000,471"
2019-06-28 09:43:56.769653096,QUERY_SPREAD,42
2019-06-28 09:43:56.769653096,BEST_BID,"JPM,99984,471"
2019-06-28 09:43:56.769653096,BEST_ASK,"JPM,100000,471"
2019-06-28 09:43:56.769653096,LAST_TRADE,"100,$99984.0000"
2019-06-28 09:43:56.896255157,QUERY_ORDER_STREAM,76
2019-06-28 09:43:56.896255157,QUERY_SPREAD,76
2019-06-28 09:43:56.896255157,BEST_BID,"JPM,99984,471"
2019-06-28 09:43:56.896255157,BEST_ASK,"JPM,99985,100"
2019-06-28 09:44:00.000000000,QUERY_SPREAD,1
2019-06-28 09:44:00.000000000,BEST_BID,"JPM,99984,286"
2019-06-28 09:44:00.000000000,BEST_ASK,"JPM,99985,100"
2019-06-28 09:44:00.000000000,BEST_BID,"JPM,99984,286"
2019-06-28 09:44:00.000000000,BEST_ASK,"JPM,99985,100"
2019-06-28 09:44:00.000000000,BEST_BID,"JPM,99984,286"
2019-06-28 09:44:00.000000000,BEST_ASK,"JPM,99985,286"
2019-06-28 09:44:00.000000000,BEST_BID,"JPM,99984,286"
2019-06-28 09:44:00.000000000,BEST_ASK,"JPM,99985,286"
2019-06-28 09:44:00.000000000,QUERY_SPREAD,77
2019-06-28 09:44:00.000000000,QUERY_SPREAD,78
2019-06-28 09:44:00.000000000,QUERY_SPREAD,79
2019-06-28 09:44:00.000000000,QUERY_SPREAD,80
2019-06-28 09:44:00.000000000,QUERY_SPREAD,81
2019-06-28 09:44:00.000000000,QUERY_SPREAD,82
2019-06-28 09:44:00.000000000,QUERY_SPREAD,83
2019-06-28 09:44:00.000000000,QUERY_SPREAD,84
2019-06-28 09:44:00.000000000,QUERY_SPREAD,85
2019-06-28 09:44:00.000000000,QUERY_SPREAD,86
2019-06-28 09:44:00.000000000,QUERY_SPREAD,87
2019-06-28 09:44:00.000000000,QUERY_SPREAD,88
2019-06-28 09:44:00.000000000,QUERY_SPREAD,89
2019-06-28 09:44:00.000000000,QUERY_SPREAD,90
2019-06-28 09:44:00.000000000,QUERY_SPREAD,91
2019-06-28 09:44:00.000000000,QUERY_SPREAD,92
2019-06-28 09:44:00.000000000,QUERY_SPREAD,93
2019-06-28 09:44:00.000000000,QUERY_SPREAD,94
2019-06-28 09:44:00.000000000,QUERY_SPREAD,95
2019-06-28 09:44:00.000000000,QUERY_SPREAD,96
2019-06-28 09:44:00.000000000,QUERY_SPREAD,97
2019-06-28 09:44:00.000000000,QUERY_SPREAD,98
2019-06-28 09:44:00.000000000,QUERY_SPREAD,99
2019-06-28 09:44:00.000000000,QUERY_SPREAD,100
2019-06-28 09:44:00.000000000,QUERY_SPREAD,101
2019-06-28 09:44:06.645311033,QUERY_ORDER_STREAM,63
2019-06-28 09:44:06.645311033,QUERY_SPREAD,63
2019-06-28 09:44:06.645311033,BEST_BID,"JPM,99984,286"
2019-06-28 09:44:06.645311033,BEST_ASK,"JPM,99985,386"
2019-06-28 09:44:10.000000000,QUERY_SPREAD,1
2019-06-28 09:44:10.000000000,BEST_BID,"JPM,99984,226"
2019-06-28 09:44:10.000000000,BEST_ASK,"JPM,99985,200"
2019-06-28 09:44:10.000000000,BEST_BID,"JPM,99984,226"
2019-06-28 09:44:10.000000000,BEST_ASK,"JPM,99985,200"
2019-06-28 09:44:10.000000000,BEST_BID,"JPM,99984,226"
2019-06-28 09:44:10.000000000,BEST_ASK,"JPM,99985,200"
2019-06-28 09:44:10.000000000,BEST_BID,"JPM,99984,226"
2019-06-28 09:44:10.000000000,BEST_ASK,"JPM,99985,326"
2019-06-28 09:44:10.000000000,BEST_BID,"JPM,99984,226"
2019-06-28 09:44:10.000000000,BEST_ASK,"JPM,99985,326"
2019-06-28 09:44:10.000000000,BEST_BID,"JPM,99984,226"
2019-06-28 09:44:10.000000000,BEST_ASK,"JPM,99985,326"
2019-06-28 09:44:20.000000000,QUERY_SPREAD,1
2019-06-28 09:44:20.000000000,BEST_BID,"JPM,99984,226"
2019-06-28 09:44:20.000000000,BEST_ASK,"JPM,99985,200"
2019-06-28 09:44:20.000000000,BEST_BID,"JPM,99984,226"
2019-06-28 09:44:20.000000000,BEST_ASK,"JPM,99985,200"
2019-06-28 09:44:20.000000000,BEST_BID,"JPM,99984,226"
2019-06-28 09:44:20.000000000,BEST_ASK,"JPM,99985,200"
2019-06-28 09:44:20.000000000,BEST_BID,"JPM,99984,226"
2019-06-28 09:44:20.000000000,BEST_ASK,"JPM,99985,326"
2019-06-28 09:44:20.000000000,BEST_BID,"JPM,99984,226"
2019-06-28 09:44:20.000000000,BEST_ASK,"JPM,99985,326"
2019-06-28 09:44:20.000000000,BEST_BID,"JPM,99984,226"
2019-06-28 09:44:20.000000000,BEST_ASK,"JPM,99985,326"
2019-06-28 09:44:30.000000000,QUERY_SPREAD,1
2019-06-28 09:44:30.000000000,BEST_BID,"JPM,99984,226"
2019-06-28 09:44:30.000000000,BEST_ASK,"JPM,99985,200"
2019-06-28 09:44:30.000000000,BEST_BID,"JPM,99984,226"
2019-06-28 09:44:30.000000000,BEST_ASK,"JPM,99985,200"
2019-06-28 09:44:30.000000000,BEST_BID,"JPM,99984,226"
2019-06-28 09:44:30.000000000,BEST_ASK,"JPM,99985,200"
2019-06-28 09:44:30.000000000,BEST_BID,"JPM,99984,226"
2019-06-28 09:44:30.000000000,BEST_ASK,"JPM,99985,326"
2019-06-28 09:44:30.000000000,BEST_BID,"JPM,99984,226"
2019-06-28 09:44:30.000000000,BEST_ASK,"JPM,99985,326"
2019-06-28 09:44:30.000000000,BEST_BID,"JPM,99984,226"
2019-06-28 09:44:30.000000000,BEST_ASK,"JPM,99985,326"
2019-06-28 09:44:33.880608254,QUERY_ORDER_STREAM,55
2019-06-28 09:44:33.880608254,QUERY_SPREAD,55
2019-06-28 09:44:33.880608254,BEST_BID,"JPM,99984,126"
2019-06-28 09:44:33.880608254,BEST_ASK,"JPM,99985,426"
2019-06-28 09:44:40.000000000,QUERY_SPREAD,1
2019-06-28 09:44:40.000000000,BEST_BID,"JPM,99979,193"
2019-06-28 09:44:40.000000000,BEST_ASK,"JPM,99985,300"
2019-06-28 09:44:40.000000000,BEST_BID,"JPM,99979,193"
2019-06-28 09:44:40.000000000,BEST_ASK,"JPM,99985,300"
2019-06-28 09:44:40.000000000,BEST_BID,"JPM,99979,193"
2019-06-28 09:44:40.000000000,BEST_ASK,"JPM,99985,300"
2019-06-28 09:44:40.000000000,BEST_BID,"JPM,99979,193"
2019-06-28 09:44:40.000000000,BEST_ASK,"JPM,99985,300"
2019-06-28 09:44:40.000000000,BEST_BID,"JPM,99979,193"
2019-06-28 09:44:40.000000000,BEST_ASK,"JPM,99985,393"
2019-06-28 09:44:40.000000000,BEST_BID,"JPM,99979,193"
2019-06-28 09:44:40.000000000,BEST_ASK,"JPM,99985,393"
2019-06-28 09:44:40.000000000,BEST_BID,"JPM,99979,193"
2019-06-28 09:44:40.000000000,BEST_ASK,"JPM,99985,393"
2019-06-28 09:44:40.000000000,BEST_BID,"JPM,99979,193"
2019-06-28 09:44:40.000000000,BEST_ASK,"JPM,99985,393"
2019-06-28 09:44:50.000000000,QUERY_SPREAD,1
2019-06-28 09:44:50.000000000,BEST_BID,"JPM,99979,471"
2019-06-28 09:44:50.000000000,BEST_ASK,"JPM,99985,300"
2019-06-28 09:44:50.000000000,BEST_BID,"JPM,99979,471"
2019-06-28 09:44:50.000000000,BEST_ASK,"JPM,99985,671"
2019-06-28 09:45:00.000000000,QUERY_SPREAD,1
2019-06-28 09:45:00.000000000,BEST_BID,"JPM,99979,174"
2019-06-28 09:45:00.000000000,BEST_ASK,"JPM,99985,300"
2019-06-28 09:45:00.000000000,BEST_BID,"JPM,99979,174"
2019-06-28 09:45:00.000000000,BEST_ASK,"JPM,99985,300"
2019-06-28 09:45:00.000000000,BEST_BID,"JPM,99979,174"
2019-06-28 09:45:00.000000000,BEST_ASK,"JPM,99985,300"
2019-06-28 09:45:00.000000000,BEST_BID,"JPM,99979,174"
2019-06-28 09:45:00.000000000,BEST_ASK,"JPM,99985,300"
2019-06-28 09:45:00.000000000,BEST_BID,"JPM,99979,174"
2019-06-28 09:45:00.000000000,BEST_ASK,"JPM,99985,300"
2019-06-28 09:45:00.000000000,BEST_BID,"JPM,99979,174"
2019-06-28 09:45:00.000000000,BEST_ASK,"JPM,99985,374"
2019-06-28 09:45:00.000000000,BEST_BID,"JPM,99979,174"
2019-06-28 09:45:00.000000000,BEST_ASK,"JPM,99985,374"
2019-06-28 09:45:00.000000000,BEST_BID,"JPM,99979,174"
2019-06-28 09:45:00.000000000,BEST_ASK,"JPM,99985,374"
2019-06-28 09:45:00.000000000,BEST_BID,"JPM,99979,174"
2019-06-28 09:45:00.000000000,BEST_ASK,"JPM,99985,374"
2019-06-28 09:45:00.000000000,BEST_BID,"JPM,99979,174"
2019-06-28 09:45:00.000000000,BEST_ASK,"JPM,99985,374"
2019-06-28 09:45:00.000000000,QUERY_SPREAD,77
2019-06-28 09:45:00.000000000,QUERY_SPREAD,78
2019-06-28 09:45:00.000000000,QUERY_SPREAD,79
2019-06-28 09:45:00.000000000,QUERY_SPREAD,80
2019-06-28 09:45:00.000000000,QUERY_SPREAD,81
2019-06-28 09:45:00.000000000,QUERY_SPREAD,82
2019-06-28 09:45:00.000000000,QUERY_SPREAD,83
2019-06-28 09:45:00.000000000,QUERY_SPREAD,84
2019-06-28 09:45:00.000000000,QUERY_SPREAD,85
2019-06-28 09:45:00.000000000,QUERY_SPREAD,86
2019-06-28 09:45:00.000000000,QUERY_SPREAD,87
2019-06-28 09:45:00.000000000,QUERY_SPREAD,88
2019-06-28 09:45:00.000000000,QUERY_SPREAD,89
2019-06-28 09:45:00.000000000,QUERY_SPREAD,90
2019-06-28 09:45:00.000000000,QUERY_SPREAD,91
2019-06-28 09:45:00.000000000,QUERY_SPREAD,92
2019-06-28 09:45:00.000000000,QUERY_SPREAD,93
2019-06-28 09:45:00.000000000,QUERY_SPREAD,94
2019-06-28 09:45:00.000000000,QUERY_SPREAD,95
2019-06-28 09:45:00.000000000,QUERY_SPREAD,96
2019-06-28 09:45:00.000000000,QUERY_SPREAD,97
2019-06-28 09:45:00.000000000,QUERY_SPREAD,98
2019-06-28 09:45:00.000000000,QUERY_SPREAD,99
2019-06-28 09:45:00.000000000,QUERY_SPREAD,100
2019-06-28 09:45:00.000000000,QUERY_SPREAD,101
2019-06-28 09:45:04.388709201,QUERY_ORDER_STREAM,71
2019-06-28 09:45:04.388709201,QUERY_SPREAD,71
2019-06-28 09:45:04.388709201,BEST_BID,"JPM,99979,174"
2019-06-28 09:45:04.388709201,BEST_ASK,"JPM,99985,474"
2019-06-28 09:45:08.119686336,QUERY_SPREAD,30
2019-06-28 09:45:08.119686336,BEST_BID,"JPM,99979,74"
2019-06-28 09:45:08.119686336,BEST_ASK,"JPM,99985,474"
2019-06-28 09:45:08.119686336,LAST_TRADE,"100,$99979.0000"
2019-06-28 09:45:10.000000000,QUERY_SPREAD,1
2019-06-28 09:45:10.000000000,BEST_BID,"JPM,99974,193"
2019-06-28 09:45:10.000000000,BEST_ASK,"JPM,99985,400"
2019-06-28 09:45:10.000000000,BEST_BID,"JPM,99974,193"
2019-06-28 09:45:10.000000000,BEST_ASK,"JPM,99985,400"
2019-06-28 09:45:10.000000000,BEST_BID,"JPM,99974,193"
2019-06-28 09:45:10.000000000,BEST_ASK,"JPM,99985,400"
2019-06-28 09:45:10.000000000,BEST_BID,"JPM,99974,193"
2019-06-28 09:45:10.000000000,BEST_ASK,"JPM,99985,400"
2019-06-28 09:45:10.000000000,BEST_BID,"JPM,99974,193"
2019-06-28 09:45:10.000000000,BEST_ASK,"JPM,99985,493"
2019-06-28 09:45:10.000000000,BEST_BID,"JPM,99974,193"
2019-06-28 09:45:10.000000000,BEST_ASK,"JPM,99985,493"
2019-06-28 09:45:10.000000000,BEST_BID,"JPM,99974,193"
2019-06-28 09:45:10.000000000,BEST_ASK,"JPM,99985,493"
2019-06-28 09:45:10.000000000,BEST_BID,"JPM,99974,193"
2019-06-28 09:45:10.000000000,BEST_ASK,"JPM,99985,493"
2019-06-28 09:45:16.931948580,QUERY_SPREAD,49
2019-06-28 09:45:16.931948580,BEST_BID,"JPM,99974,193"
2019-06-28 09:45:16.931948580,BEST_ASK,"JPM,99985,593"
2019-06-28 09:45:20.000000000,QUERY_SPREAD,1
2019-06-28 09:45:20.000000000,BEST_BID,"JPM,99974,286"
2019-06-28 09:45:20.000000000,BEST_ASK,"JPM,99985,500"
2019-06-28 09:45:20.000000000,BEST_BID,"JPM,99974,286"
2019-06-28 09:45:20.000000000,BEST_ASK,"JPM,99985,500"
2019-06-28 09:45:20.000000000,BEST_BID,"JPM,99974,286"
2019-06-28 09:45:20.000000000,BEST_ASK,"JPM,99985,686"
2019-06-28 09:45:20.000000000,BEST_BID,"JPM,99974,286"
2019-06-28 09:45:20.000000000,BEST_ASK,"JPM,99985,686"
2019-06-28 09:45:30.000000000,QUERY_SPREAD,1
2019-06-28 09:45:30.000000000,BEST_BID,"JPM,99974,471"
2019-06-28 09:45:30.000000000,BEST_ASK,"JPM,99985,500"
2019-06-28 09:45:30.000000000,BEST_BID,"JPM,99974,471"
2019-06-28 09:45:30.000000000,BEST_ASK,"JPM,99985,871"
2019-06-28 09:45:32.852480459,QUERY_ORDER_STREAM,71
2019-06-28 09:45:32.852480459,QUERY_SPREAD,71
2019-06-28 09:45:33.625236103,QUERY_ORDER_STREAM,72
2019-06-28 09:45:33.625236103,QUERY_SPREAD,72
2019-06-28 09:45:33.625236103,BEST_BID,"JPM,99974,471"
2019-06-28 09:45:33.625236103,BEST_ASK,"JPM,99985,671"
2019-06-28 09:45:33.625236103,LAST_TRADE,"100,$99985.0000"
2019-06-28 09:45:40.000000000,QUERY_SPREAD,1
2019-06-28 09:45:40.000000000,BEST_BID,"JPM,99974,471"
2019-06-28 09:45:40.000000000,BEST_ASK,"JPM,99985,300"
2019-06-28 09:45:40.000000000,BEST_BID,"JPM,99974,471"
2019-06-28 09:45:40.000000000,BEST_ASK,"JPM,99985,671"
2019-06-28 09:45:50.000000000,QUERY_SPREAD,1
2019-06-28 09:45:50.000000000,BEST_BID,"JPM,99974,193"
2019-06-28 09:45:50.000000000,BEST_ASK,"JPM,99985,300"
2019-06-28 09:45:50.000000000,BEST_BID,"JPM,99974,193"
2019-06-28 09:45:50.000000000,BEST_ASK,"JPM,99985,300"
2019-06-28 09:45:50.000000000,BEST_BID,"JPM,99974,193"
2019-06-28 09:45:50.000000000,BEST_ASK,"JPM,99985,300"
2019-06-28 09:45:50.000000000,BEST_BID,"JPM,99974,193"
2019-06-28 09:45:50.000000000,BEST_ASK,"JPM,99985,300"
2019-06-28 09:45:50.000000000,BEST_BID,"JPM,99974,193"
2019-06-28 09:45:50.000000000,BEST_ASK,"JPM,99985,393"
2019-06-28 09:45:50.000000000,BEST_BID,"JPM,99974,193"
2019-06-28 09:45:50.000000000,BEST_ASK,"JPM,99985,393"
2019-06-28 09:45:50.000000000,BEST_BID,"JPM,99974,193"
2019-06-28 09:45:50.000000000,BEST_ASK,"JPM,99985,393"
2019-06-28 09:45:50.000000000,BEST_BID,"JPM,99974,193"
2019-06-28 09:45:50.000000000,BEST_ASK,"JPM,99985,393"
2019-06-28 09:45:52.302984435,QUERY_SPREAD,45
2019-06-28 09:45:52.302984435,BEST_BID,"JPM,99974,193"
2019-06-28 09:45:52.302984435,BEST_ASK,"JPM,99985,293"
2019-06-28 09:45:52.302984435,LAST_TRADE,"100,$99985.0000"
2019-06-28 09:46:00.000000000,QUERY_SPREAD,1
2019-06-28 09:46:00.000000000,BEST_BID,"JPM,99974,174"
2019-06-28 09:46:00.000000000,BEST_ASK,"JPM,99985,200"
2019-06-28 09:46:00.000000000,BEST_BID,"JPM,99974,174"
2019-06-28 09:46:00.000000000,BEST_ASK,"JPM,99985,200"
2019-06-28 09:46:00.000000000,BEST_BID,"JPM,99974,174"
2019-06-28 09:46:00.000000000,BEST_ASK,"JPM,99985,200"
2019-06-28 09:46:00.000000000,BEST_BID,"JPM,99974,174"
2019-06-28 09:46:00.000000000,BEST_ASK,"JPM,99985,200"
2019-06-28 09:46:00.000000000,BEST_BID,"JPM,99974,174"
2019-06-28 09:46:00.000000000,BEST_ASK,"JPM,99985,200"
2019-06-28 09:46:00.000000000,BEST_BID,"JPM,99974,174"
2019-06-28 09:46:00.000000000,BEST_ASK,"JPM,99985,274"
2019-06-28 09:46:00.000000000,BEST_BID,"JPM,99974,174"
2019-06-28 09:46:00.000000000,BEST_ASK,"JPM,99985,274"
2019-06-28 09:46:00.000000000,BEST_BID,"JPM,99974,174"
2019-06-28 09:46:00.000000000,BEST_ASK,"JPM,99985,274"
2019-06-28 09:46:00.000000000,BEST_BID,"JPM,99974,174"
2019-06-28 09:46:00.000000000,BEST_ASK,"JPM,99985,274"
2019-06-28 09:46:00.000000000,BEST_BID,"JPM,99974,174"
2019-06-28 09:46:00.000000000,BEST_ASK,"JPM,99985,274"
2019-06-28 09:46:00.000000000,QUERY_SPREAD,77
2019-06-28 09:46:00.000000000,QUERY_SPREAD,78
2019-06-28 09:46:00.000000000,QUERY_SPREAD,79
2019-06-28 09:46:00.000000000,QUERY_SPREAD,80
2019-06-28 09:46:00.000000000,QUERY_SPREAD,81
2019-06-28 09:46:00.000000000,QUERY_SPREAD,82
2019-06-28 09:46:00.000000000,QUERY_SPREAD,83
2019-06-28 09:46:00.000000000,QUERY_SPREAD,84
2019-06-28 09:46:00.000000000,QUERY_SPREAD,85
2019-06-28 09:46:00.000000000,QUERY_SPREAD,86
2019-06-28 09:46:00.000000000,QUERY_SPREAD,87
2019-06-28 09:46:00.000000000,QUERY_SPREAD,88
2019-06-28 09:46:00.000000000,QUERY_SPREAD,89
2019-06-28 09:46:00.000000000,QUERY_SPREAD,90
2019-06-28 09:46:00.000000000,QUERY_SPREAD,91
2019-06-28 09:46:00.000000000,QUERY_SPREAD,92
2019-06-28 09:46:00.000000000,QUERY_SPREAD,93
2019-06-28 09:46:00.000000000,QUERY_SPREAD,94
2019-06-28 09:46:00.000000000,QUERY_SPREAD,95
2019-06-28 09:46:00.000000000,QUERY_SPREAD,96
2019-06-28 09:46:00.000000000,QUERY_SPREAD,97
2019-06-28 09:46:00.000000000,QUERY_SPREAD,98
2019-06-28 09:46:00.000000000,QUERY_SPREAD,99
2019-06-28 09:46:00.000000000,QUERY_SPREAD,100
2019-06-28 09:46:00.000000000,QUERY_SPREAD,101
2019-06-28 09:46:07.534298686,QUERY_ORDER_STREAM,73
2019-06-28 09:46:07.534298686,QUERY_SPREAD,73
2019-06-28 09:46:10.000000000,QUERY_SPREAD,1
2019-06-28 09:46:10.000000000,BEST_BID,"JPM,99974,193"
2019-06-28 09:46:10.000000000,BEST_ASK,"JPM,99985,200"
2019-06-28 09:46:10.000000000,BEST_BID,"JPM,99974,193"
2019-06-28 09:46:10.000000000,BEST_ASK,"JPM,99985,200"
2019-06-28 09:46:10.000000000,BEST_BID,"JPM,99974,193"
2019-06-28 09:46:10.000000000,BEST_ASK,"JPM,99985,200"
2019-06-28 09:46:10.000000000,BEST_BID,"JPM,99974,193"
2019-06-28 09:46:10.000000000,BEST_ASK,"JPM,99985,200"
2019-06-28 09:46:10.000000000,BEST_BID,"JPM,99974,193"
2019-06-28 09:46:10.000000000,BEST_ASK,"JPM,99985,293"
2019-06-28 09:46:10.000000000,BEST_BID,"JPM,99974,193"
2019-06-28 09:46:10.000000000,BEST_ASK,"JPM,99985,293"
2019-06-28 09:46:10.000000000,BEST_BID,"JPM,99974,193"
2019-06-28 09:46:10.000000000,BEST_ASK,"JPM,99985,293"
2019-06-28 09:46:10.000000000,BEST_BID,"JPM,99974,193"
2019-06-28 09:46:10.000000000,BEST_ASK,"JPM,99985,293"
2019-06-28 09:46:18.275356921,QUERY_SPREAD,24
2019-06-28 09:46:18.275356921,BEST_BID,"JPM,99974,193"
2019-06-28 09:46:18.275356921,BEST_ASK,"JPM,99985,293"
2019-06-28 09:46:20.000000000,QUERY_SPREAD,1
2019-06-28 09:46:20.000000000,BEST_BID,"JPM,99974,286"
2019-06-28 09:46:20.000000000,BEST_ASK,"JPM,99985,200"
2019-06-28 09:46:20.000000000,BEST_BID,"JPM,99974,286"
2019-06-28 09:46:20.000000000,BEST_ASK,"JPM,99985,200"
2019-06-28 09:46:20.000000000,BEST_BID,"JPM,99974,286"
2019-06-28 09:46:20.000000000,BEST_ASK,"JPM,99985,386"
2019-06-28 09:46:20.000000000,BEST_BID,"JPM,99974,286"
2019-06-28 09:46:20.000000000,BEST_ASK,"JPM,99985,386"
2019-06-28 09:46:30.000000000,QUERY_SPREAD,1
2019-06-28 09:46:30.000000000,BEST_BID,"JPM,99974,193"
2019-06-28 09:46:30.000000000,BEST_ASK,"JPM,99985,200"
2019-06-28 09:46:30.000000000,BEST_BID,"JPM,99974,193"
2019-06-28 09:46:30.000000000,BEST_ASK,"JPM,99985,200"
2019-06-28 09:46:30.000000000,BEST_BID,"JPM,99974,193"
2019-06-28 09:46:30.000000000,BEST_ASK,"JPM,99985,200"
2019-06-28 09:46:30.000000000,BEST_BID,"JPM,99974,193"
2019-06-28 09:46:30.000000000,BEST_ASK,"JPM,99985,200"
2019-06-28 09:46:30.000000000,BEST_BID,"JPM,99974,193"
2019-06-28 09:46:30.000000000,BEST_ASK,"JPM,99985,293"
2019-06-28 09:46:30.000000000,BEST_BID,"JPM,99974,193"
2019-06-28 09:46:30.000000000,BEST_ASK,"JPM,99985,293"
2019-06-28 09:46:30.000000000,BEST_BID,"JPM,99974,193"
2019-06-28 09:46:30.000000000,BEST_ASK,"JPM,99985,293"
2019-06-28 09:46:30.000000000,BEST_BID,"JPM,99974,193"
2019-06-28 09:46:30.000000000,BEST_ASK,"JPM,99985,293"
2019-06-28 09:46:40.000000000,QUERY_SPREAD,1
2019-06-28 09:46:40.000000000,BEST_BID,"JPM,99974,226"
2019-06-28 09:46:40.000000000,BEST_ASK,"JPM,99985,200"
2019-06-28 09:46:40.000000000,BEST_BID,"JPM,99974,226"
2019-06-28 09:46:40.000000000,BEST_ASK,"JPM,99985,200"
2019-06-28 09:46:40.000000000,BEST_BID,"JPM,99974,226"
2019-06-28 09:46:40.000000000,BEST_ASK,"JPM,99985,200"
2019-06-28 09:46:40.000000000,BEST_BID,"JPM,99974,226"
2019-06-28 09:46:40.000000000,BEST_ASK,"JPM,99985,326"
2019-06-28 09:46:40.000000000,BEST_BID,"JPM,99974,226"
2019-06-28 09:46:40.000000000,BEST_ASK,"JPM,99985,326"
2019-06-28 09:46:40.000000000,BEST_BID,"JPM,99974,226"
2019-06-28 09:46:40.000000000,BEST_ASK,"JPM,99985,326"
2019-06-28 09:46:41.318920358,QUERY_ORDER_STREAM,58
2019-06-28 09:46:41.318920358,QUERY_SPREAD,58
2019-06-28 09:46:48.574392513,QUERY_ORDER_STREAM,73
2019-06-28 09:46:48.574392513,QUERY_SPREAD,73
2019-06-28 09:46:48.574392513,BEST_BID,"JPM,99974,226"
2019-06-28 09:46:48.574392513,BEST_ASK,"JPM,99984,100"
2019-06-28 09:46:50.000000000,QUERY_SPREAD,1
2019-06-28 09:46:50.000000000,BEST_BID,"JPM,99974,471"
2019-06-28 09:46:50.000000000,BEST_ASK,"JPM,99984,100"
2019-06-28 09:46:50.000000000,BEST_BID,"JPM,99974,471"
2019-06-28 09:46:50.000000000,BEST_ASK,"JPM,99984,471"
2019-06-28 09:47:00.000000000,QUERY_SPREAD,1
2019-06-28 09:47:00.000000000,BEST_BID,"JPM,99974,193"
2019-06-28 09:47:00.000000000,BEST_ASK,"JPM,99984,100"
2019-06-28 09:47:00.000000000,BEST_BID,"JPM,99974,193"
2019-06-28 09:47:00.000000000,BEST_ASK,"JPM,99984,100"
2019-06-28 09:47:00.000000000,BEST_BID,"JPM,99974,193"
2019-06-28 09:47:00.000000000,BEST_ASK,"JPM,99984,100"
2019-06-28 09:47:00.000000000,BEST_BID,"JPM,99974,193"
2019-06-28 09:47:00.000000000,BEST_ASK,"JPM,99984,100"
2019-06-28 09:47:00.000000000,BEST_BID,"JPM,99974,193"
2019-06-28 09:47:00.000000000,BEST_ASK,"JPM,99984,193"
2019-06-28 09:47:00.000000000,BEST_BID,"JPM,99974,193"
2019-06-28 09:47:00.000000000,BEST_ASK,"JPM,99984,193"
2019-06-28 09:47:00.000000000,BEST_BID,"JPM,99974,193"
2019-06-28 09:47:00.000000000,BEST_ASK,"JPM,99984,193"
2019-06-28 09:47:00.000000000,BEST_BID,"JPM,99974,193"
2019-06-28 09:47:00.000000000,BEST_ASK,"JPM,99984,193"
2019-06-28 09:47:00.000000000,QUERY_SPREAD,77
2019-06-28 09:47:00.000000000,QUERY_SPREAD,78
2019-06-28 09:47:00.000000000,QUERY_SPREAD,79
2019-06-28 09:47:00.000000000,QUERY_SPREAD,80
2019-06-28 09:47:00.000000000,QUERY_SPREAD,81
2019-06-28 09:47:00.000000000,QUERY_SPREAD,82
2019-06-28 09:47:00.000000000,QUERY_SPREAD,83
2019-06-28 09:47:00.000000000,QUERY_SPREAD,84
2019-06-28 09:47:00.000000000,QUERY_SPREAD,85
2019-06-28 09:47:00.000000000,QUERY_SPREAD,86
2019-06-28 09:47:00.000000000,QUERY_SPREAD,87
2019-06-28 09:47:00.000000000,QUERY_SPREAD,88
2019-06-28 09:47:00.000000000,QUERY_SPREAD,89
2019-06-28 09:47:00.000000000,QUERY_SPREAD,90
2019-06-28 09:47:00.000000000,QUERY_SPREAD,91
2019-06-28 09:47:00.000000000,QUERY_SPREAD,92
2019-06-28 09:47:00.000000000,QUERY_SPREAD,93
2019-06-28 09:47:00.000000000,QUERY_SPREAD,94
2019-06-28 09:47:00.000000000,QUERY_SPREAD,95
2019-06-28 09:47:00.000000000,QUERY_SPREAD,96
2019-06-28 09:47:00.000000000,QUERY_SPREAD,97
2019-06-28 09:47:00.000000000,QUERY_SPREAD,98
2019-06-28 09:47:00.000000000,QUERY_SPREAD,99
2019-06-28 09:47:00.000000000,QUERY_SPREAD,100
2019-06-28 09:47:00.000000000,QUERY_SPREAD,101
2019-06-28 09:47:01.858709218,QUERY_SPREAD,4
2019-06-28 09:47:01.858709218,BEST_BID,"JPM,99974,93"
2019-06-28 09:47:01.858709218,BEST_ASK,"JPM,99984,193"
2019-06-28 09:47:01.858709218,LAST_TRADE,"100,$99974.0000"
2019-06-28 09:47:03.563942227,QUERY_ORDER_STREAM,68
2019-06-28 09:47:03.563942227,QUERY_SPREAD,68
2019-06-28 09:47:09.018361582,QUERY_ORDER_STREAM,72
2019-06-28 09:47:09.018361582,QUERY_SPREAD,72
2019-06-28 09:47:09.018361582,BEST_BID,"JPM,99974,93"
2019-06-28 09:47:09.018361582,BEST_ASK,"JPM,99983,100"
2019-06-28 09:47:09.747082624,QUERY_SPREAD,48
2019-06-28 09:47:09.747082624,BEST_BID,"JPM,99974,93"
2019-06-28 09:47:09.747082624,BEST_ASK,"JPM,99984,193"
2019-06-28 09:47:09.747082624,LAST_TRADE,"100,$99983.0000"
2019-06-28 09:47:10.000000000,QUERY_SPREAD,1
2019-06-28 09:47:10.000000000,BEST_BID,"JPM,99955,286"
2019-06-28 09:47:10.000000000,BEST_ASK,"JPM,99984,100"
2019-06-28 09:47:10.000000000,BEST_BID,"JPM,99955,286"
2019-06-28 09:47:10.000000000,BEST_ASK,"JPM,99984,100"
2019-06-28 09:47:10.000000000,BEST_BID,"JPM,99955,286"
2019-06-28 09:47:10.000000000,BEST_ASK,"JPM,99984,286"
2019-06-28 09:47:10.000000000,BEST_BID,"JPM,99955,286"
2019-06-28 09:47:10.000000000,BEST_ASK,"JPM,99984,286"
2019-06-28 09:47:20.000000000,QUERY_SPREAD,1
2019-06-28 09:47:20.000000000,BEST_BID,"JPM,99955,286"
2019-06-28 09:47:20.000000000,BEST_ASK,"JPM,99984,100"
2019-06-28 09:47:20.000000000,BEST_BID,"JPM,99955,286"
2019-06-28 09:47:20.000000000,BEST_ASK,"JPM,99984,100"
2019-06-28 09:47:20.000000000,BEST_BID,"JPM,99955,286"
2019-06-28 09:47:20.000000000,BEST_ASK,"JPM,99984,286"
2019-06-28 09:47:20.000000000,BEST_BID,"JPM,99955,286"
2019-06-28 09:47:20.000000000,BEST_ASK,"JPM,99984,286"
2019-06-28 09:47:23.184985999,QUERY_SPREAD,18
2019-06-28 09:47:23.184985999,BEST_BID,"JPM,99955,286"
2019-06-28 09:47:23.184985999,BEST_ASK,"JPM,99984,286"
2019-06-28 09:47:24.048190845,QUERY_ORDER_STREAM,68
2019-06-28 09:47:24.048190845,QUERY_SPREAD,68
2019-06-28 09:47:28.986646611,QUERY_SPREAD,49
2019-06-28 09:47:28.986646611,BEST_BID,"JPM,99955,286"
2019-06-28 09:47:28.986646611,BEST_ASK,"JPM,99984,286"
2019-06-28 09:47:30.000000000,QUERY_SPREAD,1
2019-06-28 09:47:30.000000000,BEST_BID,"JPM,99955,174"
2019-06-28 09:47:30.000000000,BEST_ASK,"JPM,99984,100"
2019-06-28 09:47:30.000000000,BEST_BID,"JPM,99955,174"
2019-06-28 09:47:30.000000000,BEST_ASK,"JPM,99984,100"
2019-06-28 09:47:30.000000000,BEST_BID,"JPM,99955,174"
2019-06-28 09:47:30.000000000,BEST_ASK,"JPM,99984,100"
2019-06-28 09:47:30.000000000,BEST_BID,"JPM,99955,174"
2019-06-28 09:47:30.000000000,BEST_ASK,"JPM,99984,100"
2019-06-28 09:47:30.000000000,BEST_BID,"JPM,99955,174"
2019-06-28 09:47:30.000000000,BEST_ASK,"JPM,99984,100"
2019-06-28 09:47:30.000000000,BEST_BID,"JPM,99955,174"
2019-06-28 09:47:30.000000000,BEST_ASK,"JPM,99984,174"
2019-06-28 09:47:30.000000000,BEST_BID,"JPM,99955,174"
2019-06-28 09:47:30.000000000,BEST_ASK,"JPM,99984,174"
2019-06-28 09:47:30.000000000,BEST_BID,"JPM,99955,174"
2019-06-28 09:47:30.000000000,BEST_ASK,"JPM,99984,174"
2019-06-28 09:47:30.000000000,BEST_BID,"JPM,99955,174"
2019-06-28 09:47:30.000000000,BEST_ASK,"JPM,99984,174"
2019-06-28 09:47:30.000000000,BEST_BID,"JPM,99955,174"
2019-06-28 09:47:30.000000000,BEST_ASK,"JPM,99984,174"
2019-06-28 09:47:37.584008789,QUERY_SPREAD,46
2019-06-28 09:47:37.584008789,BEST_BID,"JPM,99955,174"
2019-06-28 09:47:37.584008789,BEST_ASK,"JPM,99984,174"
2019-06-28 09:47:39.103663759,QUERY_SPREAD,42
2019-06-28 09:47:39.103663759,BEST_BID,"JPM,99955,174"
2019-06-28 09:47:39.103663759,BEST_ASK,"JPM,99984,74"
2019-06-28 09:47:39.103663759,LAST_TRADE,"100,$99984.0000"
2019-06-28 09:47:40.000000000,QUERY_SPREAD,1
2019-06-28 09:47:40.000000000,BEST_BID,"JPM,99955,471"
2019-06-28 09:47:40.000000000,BEST_ASK,"JPM,99985,100"
2019-06-28 09:47:40.000000000,BEST_BID,"JPM,99955,471"
2019-06-28 09:47:40.000000000,BEST_ASK,"JPM,99985,471"
2019-06-28 09:47:41.931903979,QUERY_SPREAD,23
2019-06-28 09:47:41.931903979,BEST_BID,"JPM,99955,471"
2019-06-28 09:47:41.931903979,BEST_ASK,"JPM,99985,471"
2019-06-28 09:47:50.000000000,QUERY_SPREAD,1
2019-06-28 09:47:50.000000000,BEST_BID,"JPM,99955,471"
2019-06-28 09:47:50.000000000,BEST_ASK,"JPM,99985,100"
2019-06-28 09:47:50.000000000,BEST_BID,"JPM,99955,471"
2019-06-28 09:47:50.000000000,BEST_ASK,"JPM,99985,471"
2019-06-28 09:48:00.000000000,QUERY_SPREAD,1
2019-06-28 09:48:00.000000000,BEST_BID,"JPM,99955,471"
2019-06-28 09:48:00.000000000,BEST_ASK,"JPM,99985,100"
2019-06-28 09:48:00.000000000,BEST_BID,"JPM,99955,471"
2019-06-28 09:48:00.000000000,BEST_ASK,"JPM,99985,471"
2019-06-28 09:48:00.000000000,QUERY_SPREAD,77
2019-06-28 09:48:00.000000000,QUERY_SPREAD,78
2019-06-28 09:48:00.000000000,QUERY_SPREAD,79
2019-06-28 09:48:00.000000000,QUERY_SPREAD,80
2019-06-28 09:48:00.000000000,QUERY_SPREAD,81
2019-06-28 09:48:00.000000000,QUERY_SPREAD,82
2019-06-28 09:48:00.000000000,QUERY_SPREAD,83
2019-06-28 09:48:00.000000000,QUERY_SPREAD,84
2019-06-28 09:48:00.000000000,QUERY_SPREAD,85
2019-06-28 09:48:00.000000000,QUERY_SPREAD,86
2019-06-28 09:48:00.000000000,QUERY_SPREAD,87
2019-06-28 09:48:00.000000000,QUERY_SPREAD,88
2019-06-28 09:48:00.000000000,QUERY_SPREAD,89
2019-06-28 09:48:00.000000000,QUERY_SPREAD,90
2019-06-28 09:48:00.000000000,QUERY_SPREAD,91
2019-06-28 09:48:00.000000000,QUERY_SPREAD,92
2019-06-28 09:48:00.000000000,QUERY_SPREAD,93
2019-06-28 09:48:00.000000000,QUERY_SPREAD,94
2019-06-28 09:48:00.000000000,QUERY_SPREAD,95
2019-06-28 09:48:00.000000000,QUERY_SPREAD,96
2019-06-28 09:48:00.000000000,QUERY_SPREAD,97
2019-06-28 09:48:00.000000000,QUERY_SPREAD,98
2019-06-28 09:48:00.000000000,QUERY_SPREAD,99
2019-06-28 09:48:00.000000000,QUERY_SPREAD,100
2019-06-28 09:48:00.000000000,QUERY_SPREAD,101
2019-06-28 09:48:01.611941307,QUERY_SPREAD,27
2019-06-28 09:48:01.611941307,BEST_BID,"JPM,99955,471"
2019-06-28 09:48:01.611941307,BEST_ASK,"JPM,99985,371"
2019-06-28 09:48:01.611941307,LAST_TRADE,"100,$99985.0000"
2019-06-28 09:48:04.404532504,QUERY_ORDER_STREAM,54
2019-06-28 09:48:04.404532504,QUERY_SPREAD,54
2019-06-28 09:48:07.996477720,QUERY_ORDER_STREAM,65
2019-06-28 09:48:07.996477720,QUERY_SPREAD,65
2019-06-28 09:48:07.996477720,BEST_BID,"JPM,99984,100"
2019-06-28 09:48:07.996477720,BEST_ASK,"JPM,99985,371"
2019-06-28 09:48:10.000000000,QUERY_SPREAD,1
2019-06-28 09:48:10.000000000,BEST_BID,"JPM,99984,226"
2019-06-28 09:48:10.000000000,BEST_ASK,"JPM,100000,100"
2019-06-28 09:48:10.000000000,BEST_BID,"JPM,99984,226"
2019-06-28 09:48:10.000000000,BEST_ASK,"JPM,100000,100"
2019-06-28 09:48:10.000000000,BEST_BID,"JPM,99984,226"
2019-06-28 09:48:10.000000000,BEST_ASK,"JPM,100000,100"
2019-06-28 09:48:10.000000000,BEST_BID,"JPM,99984,226"
2019-06-28 09:48:10.000000000,BEST_ASK,"JPM,100000,226"
2019-06-28 09:48:10.000000000,BEST_BID,"JPM,99984,226"
2019-06-28 09:48:10.000000000,BEST_ASK,"JPM,100000,226"
2019-06-28 09:48:10.000000000,BEST_BID,"JPM,99984,226"
2019-06-28 09:48:10.000000000,BEST_ASK,"JPM,100000,226"
2019-06-28 09:48:20.000000000,QUERY_SPREAD,1
2019-06-28 09:48:20.000000000,BEST_BID,"JPM,99984,471"
2019-06-28 09:48:20.000000000,BEST_ASK,"JPM,100000,100"
2019-06-28 09:48:20.000000000,BEST_BID,"JPM,99984,471"
2019-06-28 09:48:20.000000000,BEST_ASK,"JPM,100000,471"
2019-06-28 09:48:30.000000000,QUERY_SPREAD,1
2019-06-28 09:48:30.000000000,BEST_BID,"JPM,99984,471"
2019-06-28 09:48:30.000000000,BEST_ASK,"JPM,100000,100"
2019-06-28 09:48:30.000000000,BEST_BID,"JPM,99984,471"
2019-06-28 09:48:30.000000000,BEST_ASK,"JPM,100000,471"
2019-06-28 09:48:34.135424674,QUERY_SPREAD,16
2019-06-28 09:48:34.135424674,BEST_BID,"JPM,99984,471"
2019-06-28 09:48:34.135424674,BEST_ASK,"JPM,100000,471"
2019-06-28 09:48:40.000000000,QUERY_SPREAD,1
2019-06-28 09:48:40.000000000,BEST_BID,"JPM,99984,471"
2019-06-28 09:48:40.000000000,BEST_ASK,"JPM,100000,100"
2019-06-28 09:48:40.000000000,BEST_BID,"JPM,99984,471"
2019-06-28 09:48:40.000000000,BEST_ASK,"JPM,100000,471"
2019-06-28 09:48:45.522659274,QUERY_SPREAD,6
2019-06-28 09:48:45.522659274,BEST_BID,"JPM,99984,471"
2019-06-28 09:48:45.522659274,BEST_ASK,"JPM,100000,371"
2019-06-28 09:48:45.522659274,LAST_TRADE,"100,$100000.0000"
2019-06-28 09:48:50.000000000,QUERY_SPREAD,1
2019-06-28 09:48:50.000000000,BEST_BID,"JPM,99984,174"
2019-06-28 09:48:50.000000000,BEST_ASK,"JPM,100005,100"
2019-06-28 09:48:50.000000000,BEST_BID,"JPM,99984,174"
2019-06-28 09:48:50.000000000,BEST_ASK,"JPM,100005,100"
2019-06-28 09:48:50.000000000,BEST_BID,"JPM,99984,174"
2019-06-28 09:48:50.000000000,BEST_ASK,"JPM,100005,100"
2019-06-28 09:48:50.000000000,BEST_BID,"JPM,99984,174"
2019-06-28 09:48:50.000000000,BEST_ASK,"JPM,100005,100"
2019-06-28 09:48:50.000000000,BEST_BID,"JPM,99984,174"
2019-06-28 09:48:50.000000000,BEST_ASK,"JPM,100005,100"
2019-06-28 09:48:50.000000000,BEST_BID,"JPM,99984,174"
2019-06-28 09:48:50.000000000,BEST_ASK,"JPM,100005,174"
2019-06-28 09:48:50.000000000,BEST_BID,"JPM,99984,174"
2019-06-28 09:48:50.000000000,BEST_ASK,"JPM,100005,174"
2019-06-28 09:48:50.000000000,BEST_BID,"JPM,99984,174"
2019-06-28 09:48:50.000000000,BEST_ASK,"JPM,100005,174"
2019-06-28 09:48:50.000000000,BEST_BID,"JPM,99984,174"
2019-06-28 09:48:50.000000000,BEST_ASK,"JPM,100005,174"
2019-06-28 09:48:50.000000000,BEST_BID,"JPM,99984,174"
2019-06-28 09:48:50.000000000,BEST_ASK,"JPM,100005,174"
2019-06-28 09:49:00.000000000,QUERY_SPREAD,1
2019-06-28 09:49:00.000000000,BEST_BID,"JPM,99984,226"
2019-06-28 09:49:00.000000000,BEST_ASK,"JPM,100005,100"
2019-06-28 09:49:00.000000000,BEST_BID,"JPM,99984,226"
2019-06-28 09:49:00.000000000,BEST_ASK,"JPM,100005,100"
2019-06-28 09:49:00.000000000,BEST_BID,"JPM,99984,226"
2019-06-28 09:49:00.000000000,BEST_ASK,"JPM,100005,100"
2019-06-28 09:49:00.000000000,BEST_BID,"JPM,99984,226"
2019-06-28 09:49:00.000000000,BEST_ASK,"JPM,100005,226"
2019-06-28 09:49:00.000000000,BEST_BID,"JPM,99984,226"
2019-06-28 09:49:00.000000000,BEST_ASK,"JPM,100005,226"
2019-06-28 09:49:00.000000000,BEST_BID,"JPM,99984,226"
2019-06-28 09:49:00.000000000,BEST_ASK,"JPM,100005,226"
2019-06-28 09:49:00.000000000,QUERY_SPREAD,77
2019-06-28 09:49:00.000000000,QUERY_SPREAD,78
2019-06-28 09:49:00.000000000,QUERY_SPREAD,79
2019-06-28 09:49:00.000000000,QUERY_SPREAD,80
2019-06-28 09:49:00.000000000,QUERY_SPREAD,81
2019-06-28 09:49:00.000000000,QUERY_SPREAD,82
2019-06-28 09:49:00.000000000,QUERY_SPREAD,83
2019-06-28 09:49:00.000000000,QUERY_SPREAD,84
2019-06-28 09:49:00.000000000,QUERY_SPREAD,85
2019-06-28 09:49:00.000000000,QUERY_SPREAD,86
2019-06-28 09:49:00.000000000,QUERY_SPREAD,87
2019-06-28 09:49:00.000000000,QUERY_SPREAD,88
2019-06-28 09:49:00.000000000,QUERY_SPREAD,89
2019-06-28 09:49:00.000000000,QUERY_SPREAD,90
2019-06-28 09:49:00.000000000,QUERY_SPREAD,91
2019-06-28 09:49:00.000000000,QUERY_SPREAD,92
2019-06-28 09:49:00.000000000,QUERY_SPREAD,93
2019-06-28 09:49:00.000000000,QUERY_SPREAD,94
2019-06-28 09:49:00.000000000,QUERY_SPREAD,95
2019-06-28 09:49:00.000000000,QUERY_SPREAD,96
2019-06-28 09:49:00.000000000,QUERY_SPREAD,97
2019-06-28 09:49:00.000000000,QUERY_SPREAD,98
2019-06-28 09:49:00.000000000,QUERY_SPREAD,99
2019-06-28 09:49:00.000000000,QUERY_SPREAD,100
2019-06-28 09:49:00.000000000,QUERY_SPREAD,101
2019-06-28 09:49:00.055181556,QUERY_SPREAD,42
2019-06-28 09:49:00.055181556,BEST_BID,"JPM,99984,226"
2019-06-28 09:49:00.055181556,BEST_ASK,"JPM,100005,126"
2019-06-28 09:49:00.055181556,LAST_TRADE,"100,$100005.0000"
2019-06-28 09:49:03.418472484,QUERY_SPREAD,51
2019-06-28 09:49:03.418472484,BEST_BID,"JPM,99984,226"
2019-06-28 09:49:03.418472484,BEST_ASK,"JPM,100005,126"
2019-06-28 09:49:10.000000000,QUERY_SPREAD,1
2019-06-28 09:49:10.000000000,BEST_BID,"JPM,99984,471"
2019-06-28 09:49:10.000000000,BEST_ASK,"JPM,100026,100"
2019-06-28 09:49:10.000000000,BEST_BID,"JPM,99984,471"
2019-06-28 09:49:10.000000000,BEST_ASK,"JPM,100026,471"
2019-06-28 09:49:16.158313154,QUERY_SPREAD,42
2019-06-28 09:49:16.158313154,BEST_BID,"JPM,100025,100"
2019-06-28 09:49:16.158313154,BEST_ASK,"JPM,100026,471"
2019-06-28 09:49:18.851395118,QUERY_SPREAD,6
2019-06-28 09:49:18.851395118,BEST_BID,"JPM,100025,100"
2019-06-28 09:49:18.851395118,BEST_ASK,"JPM,100026,471"
2019-06-28 09:49:20.000000000,QUERY_SPREAD,1
2019-06-28 09:49:20.000000000,BEST_BID,"JPM,100025,174"
2019-06-28 09:49:20.000000000,BEST_ASK,"JPM,100026,100"
2019-06-28 09:49:20.000000000,BEST_BID,"JPM,100025,174"
2019-06-28 09:49:20.000000000,BEST_ASK,"JPM,100026,100"
2019-06-28 09:49:20.000000000,BEST_BID,"JPM,100025,174"
2019-06-28 09:49:20.000000000,BEST_ASK,"JPM,100026,100"
2019-06-28 09:49:20.000000000,BEST_BID,"JPM,100025,174"
2019-06-28 09:49:20.000000000,BEST_ASK,"JPM,100026,100"
2019-06-28 09:49:20.000000000,BEST_BID,"JPM,100025,174"
2019-06-28 09:49:20.000000000,BEST_ASK,"JPM,100026,100"
2019-06-28 09:49:20.000000000,BEST_BID,"JPM,100025,174"
2019-06-28 09:49:20.000000000,BEST_ASK,"JPM,100026,174"
2019-06-28 09:49:20.000000000,BEST_BID,"JPM,100025,174"
2019-06-28 09:49:20.000000000,BEST_ASK,"JPM,100026,174"
2019-06-28 09:49:20.000000000,BEST_BID,"JPM,100025,174"
2019-06-28 09:49:20.000000000,BEST_ASK,"JPM,100026,174"
2019-06-28 09:49:20.000000000,BEST_BID,"JPM,100025,174"
2019-06-28 09:49:20.000000000,BEST_ASK,"JPM,100026,174"
2019-06-28 09:49:20.000000000,BEST_BID,"JPM,100025,174"
2019-06-28 09:49:20.000000000,BEST_ASK,"JPM,100026,174"
2019-06-28 09:49:30.000000000,QUERY_SPREAD,1
2019-06-28 09:49:30.000000000,BEST_BID,"JPM,100025,193"
2019-06-28 09:49:30.000000000,BEST_ASK,"JPM,100026,100"
2019-06-28 09:49:30.000000000,BEST_BID,"JPM,100025,193"
2019-06-28 09:49:30.000000000,BEST_ASK,"JPM,100026,100"
2019-06-28 09:49:30.000000000,BEST_BID,"JPM,100025,193"
2019-06-28 09:49:30.000000000,BEST_ASK,"JPM,100026,100"
2019-06-28 09:49:30.000000000,BEST_BID,"JPM,100025,193"
2019-06-28 09:49:30.000000000,BEST_ASK,"JPM,100026,100"
2019-06-28 09:49:30.000000000,BEST_BID,"JPM,100025,193"
2019-06-28 09:49:30.000000000,BEST_ASK,"JPM,100026,193"
2019-06-28 09:49:30.000000000,BEST_BID,"JPM,100025,193"
2019-06-28 09:49:30.000000000,BEST_ASK,"JPM,100026,193"
2019-06-28 09:49:30.000000000,BEST_BID,"JPM,100025,193"
2019-06-28 09:49:30.000000000,BEST_ASK,"JPM,100026,193"
2019-06-28 09:49:30.000000000,BEST_BID,"JPM,100025,193"
2019-06-28 09:49:30.000000000,BEST_ASK,"JPM,100026,193"
2019-06-28 09:49:40.000000000,QUERY_SPREAD,1
2019-06-28 09:49:40.000000000,BEST_BID,"JPM,100025,193"
2019-06-28 09:49:40.000000000,BEST_ASK,"JPM,100026,100"
2019-06-28 09:49:40.000000000,BEST_BID,"JPM,100025,193"
2019-06-28 09:49:40.000000000,BEST_ASK,"JPM,100026,100"
2019-06-28 09:49:40.000000000,BEST_BID,"JPM,100025,193"
2019-06-28 09:49:40.000000000,BEST_ASK,"JPM,100026,100"
2019-06-28 09:49:40.000000000,BEST_BID,"JPM,100025,193"
2019-06-28 09:49:40.000000000,BEST_ASK,"JPM,100026,100"
2019-06-28 09:49:40.000000000,BEST_BID,"JPM,100025,193"
2019-06-28 09:49:40.000000000,BEST_ASK,"JPM,100026,193"
2019-06-28 09:49:40.000000000,BEST_BID,"JPM,100025,193"
2019-06-28 09:49:40.000000000,BEST_ASK,"JPM,100026,193"
2019-06-28 09:49:40.000000000,BEST_BID,"JPM,100025,193"
2019-06-28 09:49:40.000000000,BEST_ASK,"JPM,100026,193"
2019-06-28 09:49:40.000000000,BEST_BID,"JPM,100025,193"
2019-06-28 09:49:40.000000000,BEST_ASK,"JPM,100026,193"
2019-06-28 09:49:50.000000000,QUERY_SPREAD,1
2019-06-28 09:49:50.000000000,BEST_BID,"JPM,100025,226"
2019-06-28 09:49:50.000000000,BEST_ASK,"JPM,100026,100"
2019-06-28 09:49:50.000000000,BEST_BID,"JPM,100025,226"
2019-06-28 09:49:50.000000000,BEST_ASK,"JPM,100026,100"
2019-06-28 09:49:50.000000000,BEST_BID,"JPM,100025,226"
2019-06-28 09:49:50.000000000,BEST_ASK,"JPM,100026,100"
2019-06-28 09:49:50.000000000,BEST_BID,"JPM,100025,226"
2019-06-28 09:49:50.000000000,BEST_ASK,"JPM,100026,226"
2019-06-28 09:49:50.000000000,BEST_BID,"JPM,100025,226"
2019-06-28 09:49:50.000000000,BEST_ASK,"JPM,100026,226"
2019-06-28 09:49:50.000000000,BEST_BID,"JPM,100025,226"
2019-06-28 09:49:50.000000000,BEST_ASK,"JPM,100026,226"
2019-06-28 09:50:00.000000000,QUERY_SPREAD,1
2019-06-28 09:50:00.000000000,BEST_BID,"JPM,100025,471"
2019-06-28 09:50:00.000000000,BEST_ASK,"JPM,100026,100"
2019-06-28 09:50:00.000000000,BEST_BID,"JPM,100025,471"
2019-06-28 09:50:00.000000000,BEST_ASK,"JPM,100026,471"
2019-06-28 09:50:00.000000000,QUERY_SPREAD,77
2019-06-28 09:50:00.000000000,QUERY_SPREAD,78
2019-06-28 09:50:00.000000000,QUERY_SPREAD,79
2019-06-28 09:50:00.000000000,QUERY_SPREAD,80
2019-06-28 09:50:00.000000000,QUERY_SPREAD,81
2019-06-28 09:50:00.000000000,QUERY_SPREAD,82
2019-06-28 09:50:00.000000000,QUERY_SPREAD,83
2019-06-28 09:50:00.000000000,QUERY_SPREAD,84
2019-06-28 09:50:00.000000000,QUERY_SPREAD,85
2019-06-28 09:50:00.000000000,QUERY_SPREAD,86
2019-06-28 09:50:00.000000000,QUERY_SPREAD,87
2019-06-28 09:50:00.000000000,QUERY_SPREAD,88
2019-06-28 09:50:00.000000000,QUERY_SPREAD,89
2019-06-28 09:50:00.000000000,QUERY_SPREAD,90
2019-06-28 09:50:00.000000000,QUERY_SPREAD,91
2019-06-28 09:50:00.000000000,QUERY_SPREAD,92
2019-06-28 09:50:00.000000000,QUERY_SPREAD,93
2019-06-28 09:50:00.000000000,QUERY_SPREAD,94
2019-06-28 09:50:00.000000000,QUERY_SPREAD,95
2019-06-28 09:50:00.000000000,QUERY_SPREAD,96
2019-06-28 09:50:00.000000000,QUERY_SPREAD,97
2019-06-28 09:50:00.000000000,QUERY_SPREAD,98
2019-06-28 09:50:00.000000000,QUERY_SPREAD,99
2019-06-28 09:50:00.000000000,QUERY_SPREAD,100
2019-06-28 09:50:00.000000000,QUERY_SPREAD,101
2019-06-28 09:50:02.486018125,QUERY_SPREAD,5
2019-06-28 09:50:02.486018125,BEST_BID,"JPM,100025,471"
2019-06-28 09:50:02.486018125,BEST_ASK,"JPM,100026,471"
2019-06-28 09:50:10.000000000,QUERY_SPREAD,1
2019-06-28 09:50:10.000000000,BEST_BID,"JPM,100025,174"
2019-06-28 09:50:10.000000000,BEST_ASK,"JPM,100026,100"
2019-06-28 09:50:10.000000000,BEST_BID,"JPM,100025,174"
2019-06-28 09:50:10.000000000,BEST_ASK,"JPM,100026,100"
2019-06-28 09:50:10.000000000,BEST_BID,"JPM,100025,174"
2019-06-28 09:50:10.000000000,BEST_ASK,"JPM,100026,100"
2019-06-28 09:50:10.000000000,BEST_BID,"JPM,100025,174"
2019-06-28 09:50:10.000000000,BEST_ASK,"JPM,100026,100"
2019-06-28 09:50:10.000000000,BEST_BID,"JPM,100025,174"
2019-06-28 09:50:10.000000000,BEST_ASK,"JPM,100026,100"
2019-06-28 09:50:10.000000000,BEST_BID,"JPM,100025,174"
2019-06-28 09:50:10.000000000,BEST_ASK,"JPM,100026,174"
2019-06-28 09:50:10.000000000,BEST_BID,"JPM,100025,174"
2019-06-28 09:50:10.000000000,BEST_ASK,"JPM,100026,174"
2019-06-28 09:50:10.000000000,BEST_BID,"JPM,100025,174"
2019-06-28 09:50:10.000000000,BEST_ASK,"JPM,100026,174"
2019-06-28 09:50:10.000000000,BEST_BID,"JPM,100025,174"
2019-06-28 09:50:10.000000000,BEST_ASK,"JPM,100026,174"
2019-06-28 09:50:10.000000000,BEST_BID,"JPM,100025,174"
2019-06-28 09:50:10.000000000,BEST_ASK,"JPM,100026,174"
2019-06-28 09:50:12.317079996,QUERY_SPREAD,43
2019-06-28 09:50:12.317079996,BEST_BID,"JPM,100025,174"
2019-06-28 09:50:12.317079996,BEST_ASK,"JPM,100026,174"
2019-06-28 09:50:20.000000000,QUERY_SPREAD,1
2019-06-28 09:50:20.000000000,BEST_BID,"JPM,100025,193"
2019-06-28 09:50:20.000000000,BEST_ASK,"JPM,100026,100"
2019-06-28 09:50:20.000000000,BEST_BID,"JPM,100025,193"
2019-06-28 09:50:20.000000000,BEST_ASK,"JPM,100026,100"
2019-06-28 09:50:20.000000000,BEST_BID,"JPM,100025,193"
2019-06-28 09:50:20.000000000,BEST_ASK,"JPM,100026,100"
2019-06-28 09:50:20.000000000,BEST_BID,"JPM,100025,193"
2019-06-28 09:50:20.000000000,BEST_ASK,"JPM,100026,100"
2019-06-28 09:50:20.000000000,BEST_BID,"JPM,100025,193"
2019-06-28 09:50:20.000000000,BEST_ASK,"JPM,100026,193"
2019-06-28 09:50:20.000000000,BEST_BID,"JPM,100025,193"
2019-06-28 09:50:20.000000000,BEST_ASK,"JPM,100026,193"
2019-06-28 09:50:20.000000000,BEST_BID,"JPM,100025,193"
2019-06-28 09:50:20.000000000,BEST_ASK,"JPM,100026,193"
2019-06-28 09:50:20.000000000,BEST_BID,"JPM,100025,193"
2019-06-28 09:50:20.000000000,BEST_ASK,"JPM,100026,193"
2019-06-28 09:50:30.000000000,QUERY_SPREAD,1
2019-06-28 09:50:30.000000000,BEST_BID,"JPM,100025,174"
2019-06-28 09:50:30.000000000,BEST_ASK,"JPM,100026,100"
2019-06-28 09:50:30.000000000,BEST_BID,"JPM,100025,174"
2019-06-28 09:50:30.000000000,BEST_ASK,"JPM,100026,100"
2019-06-28 09:50:30.000000000,BEST_BID,"JPM,100025,174"
2019-06-28 09:50:30.000000000,BEST_ASK,"JPM,100026,100"
2019-06-28 09:50:30.000000000,BEST_BID,"JPM,100025,174"
2019-06-28 09:50:30.000000000,BEST_ASK,"JPM,100026,100"
2019-06-28 09:50:30.000000000,BEST_BID,"JPM,100025,174"
2019-06-28 09:50:30.000000000,BEST_ASK,"JPM,100026,100"
2019-06-28 09:50:30.000000000,BEST_BID,"JPM,100025,174"
2019-06-28 09:50:30.000000000,BEST_ASK,"JPM,100026,174"
2019-06-28 09:50:30.000000000,BEST_BID,"JPM,100025,174"
2019-06-28 09:50:30.000000000,BEST_ASK,"JPM,100026,174"
2019-06-28 09:50:30.000000000,BEST_BID,"JPM,100025,174"
2019-06-28 09:50:30.000000000,BEST_ASK,"JPM,100026,174"
2019-06-28 09:50:30.000000000,BEST_BID,"JPM,100025,174"
2019-06-28 09:50:30.000000000,BEST_ASK,"JPM,100026,174"
2019-06-28 09:50:30.000000000,BEST_BID,"JPM,100025,174"
2019-06-28 09:50:30.000000000,BEST_ASK,"JPM,100026,174"
2019-06-28 09:50:40.000000000,QUERY_SPREAD,1
2019-06-28 09:50:40.000000000,BEST_BID,"JPM,100025,193"
2019-06-28 09:50:40.000000000,BEST_ASK,"JPM,100026,100"
2019-06-28 09:50:40.000000000,BEST_BID,"JPM,100025,193"
2019-06-28 09:50:40.000000000,BEST_ASK,"JPM,100026,100"
2019-06-28 09:50:40.000000000,BEST_BID,"JPM,100025,193"
2019-06-28 09:50:40.000000000,BEST_ASK,"JPM,100026,100"
2019-06-28 09:50:40.000000000,BEST_BID,"JPM,100025,193"
2019-06-28 09:50:40.000000000,BEST_ASK,"JPM,100026,100"
2019-06-28 09:50:40.000000000,BEST_BID,"JPM,100025,193"
2019-06-28 09:50:40.000000000,BEST_ASK,"JPM,100026,193"
2019-06-28 09:50:40.000000000,BEST_BID,"JPM,100025,193"
2019-06-28 09:50:40.000000000,BEST_ASK,"JPM,100026,193"
2019-06-28 09:50:40.000000000,BEST_BID,"JPM,100025,193"
2019-06-28 09:50:40.000000000,BEST_ASK,"JPM,100026,193"
2019-06-28 09:50:40.000000000,BEST_BID,"JPM,100025,193"
2019-06-28 09:50:40.000000000,BEST_ASK,"JPM,100026,193"
2019-06-28 09:50:50.000000000,QUERY_SPREAD,1
2019-06-28 09:50:50.000000000,BEST_BID,"JPM,100025,471"
2019-06-28 09:50:50.000000000,BEST_ASK,"JPM,100026,100"
2019-06-28 09:50:50.000000000,BEST_BID,"JPM,100025,471"
2019-06-28 09:50:50.000000000,BEST_ASK,"JPM,100026,471"
2019-06-28 09:51:00.000000000,QUERY_SPREAD,1
2019-06-28 09:51:00.000000000,BEST_BID,"JPM,100025,174"
2019-06-28 09:51:00.000000000,BEST_ASK,"JPM,100026,100"
2019-06-28 09:51:00.000000000,BEST_BID,"JPM,100025,174"
2019-06-28 09:51:00.000000000,BEST_ASK,"JPM,100026,100"
2019-06-28 09:51:00.000000000,BEST_BID,"JPM,100025,174"
2019-06-28 09:51:00.000000000,BEST_ASK,"JPM,100026,100"
2019-06-28 09:51:00.000000000,BEST_BID,"JPM,100025,174"
2019-06-28 09:51:00.000000000,BEST_ASK,"JPM,100026,100"
2019-06-28 09:51:00.000000000,BEST_BID,"JPM,100025,174"
2019-06-28 09:51:00.000000000,BEST_ASK,"JPM,100026,100"
2019-06-28 09:51:00.000000000,BEST_BID,"JPM,100025,174"
2019-06-28 09:51:00.000000000,BEST_ASK,"JPM,100026,174"
2019-06-28 09:51:00.000000000,BEST_BID,"JPM,100025,174"
2019-06-28 09:51:00.000000000,BEST_ASK,"JPM,100026,174"
2019-06-28 09:51:00.000000000,BEST_BID,"JPM,100025,174"
2019-06-28 09:51:00.000000000,BEST_ASK,"JPM,100026,174"
2019-06-28 09:51:00.000000000,BEST_BID,"JPM,100025,174"
2019-06-28 09:51:00.000000000,BEST_ASK,"JPM,100026,174"
2019-06-28 09:51:00.000000000,BEST_BID,"JPM,100025,174"
2019-06-28 09:51:00.000000000,BEST_ASK,"JPM,100026,174"
2019-06-28 09:51:00.000000000,QUERY_SPREAD,77
2019-06-28 09:51:00.000000000,QUERY_SPREAD,78
2019-06-28 09:51:00.000000000,QUERY_SPREAD,79
2019-06-28 09:51:00.000000000,QUERY_SPREAD,80
2019-06-28 09:51:00.000000000,QUERY_SPREAD,81
2019-06-28 09:51:00.000000000,QUERY_SPREAD,82
2019-06-28 09:51:00.000000000,QUERY_SPREAD,83
2019-06-28 09:51:00.000000000,QUERY_SPREAD,84
2019-06-28 09:51:00.000000000,QUERY_SPREAD,85
2019-06-28 09:51:00.000000000,QUERY_SPREAD,86
2019-06-28 09:51:00.000000000,QUERY_SPREAD,87
2019-06-28 09:51:00.000000000,QUERY_SPREAD,88
2019-06-28 09:51:00.000000000,QUERY_SPREAD,89
2019-06-28 09:51:00.000000000,QUERY_SPREAD,90
2019-06-28 09:51:00.000000000,QUERY_SPREAD,91
2019-06-28 09:51:00.000000000,QUERY_SPREAD,92
2019-06-28 09:51:00.000000000,QUERY_SPREAD,93
2019-06-28 09:51:00.000000000,QUERY_SPREAD,94
2019-06-28 09:51:00.000000000,QUERY_SPREAD,95
2019-06-28 09:51:00.000000000,QUERY_SPREAD,96
2019-06-28 09:51:00.000000000,QUERY_SPREAD,97
2019-06-28 09:51:00.000000000,QUERY_SPREAD,98
2019-06-28 09:51:00.000000000,QUERY_SPREAD,99
2019-06-28 09:51:00.000000000,QUERY_SPREAD,100
2019-06-28 09:51:00.000000000,QUERY_SPREAD,101
2019-06-28 09:51:06.118760463,QUERY_SPREAD,10
2019-06-28 09:51:06.118760463,BEST_BID,"JPM,100025,74"
2019-06-28 09:51:06.118760463,BEST_ASK,"JPM,100026,174"
2019-06-28 09:51:06.118760463,LAST_TRADE,"100,$100025.0000"
2019-06-28 09:51:10.000000000,QUERY_SPREAD,1
2019-06-28 09:51:10.000000000,BEST_BID,"JPM,99984,286"
2019-06-28 09:51:10.000000000,BEST_ASK,"JPM,100026,100"
2019-06-28 09:51:10.000000000,BEST_BID,"JPM,99984,286"
2019-06-28 09:51:10.000000000,BEST_ASK,"JPM,100026,100"
2019-06-28 09:51:10.000000000,BEST_BID,"JPM,99984,286"
2019-06-28 09:51:10.000000000,BEST_ASK,"JPM,100026,286"
2019-06-28 09:51:10.000000000,BEST_BID,"JPM,99984,286"
2019-06-28 09:51:10.000000000,BEST_ASK,"JPM,100026,286"
2019-06-28 09:51:11.176533416,QUERY_SPREAD,9
2019-06-28 09:51:11.176533416,BEST_BID,"JPM,99984,286"
2019-06-28 09:51:11.176533416,BEST_ASK,"JPM,100026,286"
2019-06-28 09:51:12.649846389,QUERY_SPREAD,38
2019-06-28 09:51:12.649846389,BEST_BID,"JPM,99984,286"
2019-06-28 09:51:12.649846389,BEST_ASK,"JPM,100026,286"
2019-06-28 09:51:13.816142594,QUERY_SPREAD,31
2019-06-28 09:51:13.816142594,BEST_BID,"JPM,99984,286"
2019-06-28 09:51:13.816142594,BEST_ASK,"JPM,100026,286"
2019-06-28 09:51:20.000000000,QUERY_SPREAD,1
2019-06-28 09:51:20.000000000,BEST_BID,"JPM,99984,471"
2019-06-28 09:51:20.000000000,BEST_ASK,"JPM,100026,100"
2019-06-28 09:51:20.000000000,BEST_BID,"JPM,99984,471"
2019-06-28 09:51:20.000000000,BEST_ASK,"JPM,100026,471"
2019-06-28 09:51:25.447744989,QUERY_ORDER_STREAM,62
2019-06-28 09:51:25.447744989,QUERY_SPREAD,62
2019-06-28 09:51:29.461316178,QUERY_SPREAD,28
2019-06-28 09:51:29.461316178,BEST_BID,"JPM,99984,471"
2019-06-28 09:51:29.461316178,BEST_ASK,"JPM,100026,471"
2019-06-28 09:51:30.000000000,QUERY_SPREAD,1
2019-06-28 09:51:30.000000000,BEST_BID,"JPM,99984,471"
2019-06-28 09:51:30.000000000,BEST_ASK,"JPM,100026,100"
2019-06-28 09:51:30.000000000,BEST_BID,"JPM,99984,471"
2019-06-28 09:51:30.000000000,BEST_ASK,"JPM,100026,471"
2019-06-28 09:51:34.353803631,QUERY_SPREAD,25
2019-06-28 09:51:34.353803631,BEST_BID,"JPM,99984,471"
2019-06-28 09:51:34.353803631,BEST_ASK,"JPM,100026,471"
2019-06-28 09:51:40.000000000,QUERY_SPREAD,1
2019-06-28 09:51:40.000000000,BEST_BID,"JPM,99984,286"
2019-06-28 09:51:40.000000000,BEST_ASK,"JPM,100026,100"
2019-06-28 09:51:40.000000000,BEST_BID,"JPM,99984,286"
2019-06-28 09:51:40.000000000,BEST_ASK,"JPM,100026,100"
2019-06-28 09:51:40.000000000,BEST_BID,"JPM,99984,286"
2019-06-28 09:51:40.000000000,BEST_ASK,"JPM,100026,286"
2019-06-28 09:51:40.000000000,BEST_BID,"JPM,99984,286"
2019-06-28 09:51:40.000000000,BEST_ASK,"JPM,100026,286"
2019-06-28 09:51:50.000000000,QUERY_SPREAD,1
2019-06-28 09:51:50.000000000,BEST_BID,"JPM,99984,193"
2019-06-28 09:51:50.000000000,BEST_ASK,"JPM,100026,100"
2019-06-28 09:51:50.000000000,BEST_BID,"JPM,99984,193"
2019-06-28 09:51:50.000000000,BEST_ASK,"JPM,100026,100"
2019-06-28 09:51:50.000000000,BEST_BID,"JPM,99984,193"
2019-06-28 09:51:50.000000000,BEST_ASK,"JPM,100026,100"
2019-06-28 09:51:50.000000000,BEST_BID,"JPM,99984,193"
2019-06-28 09:51:50.000000000,BEST_ASK,"JPM,100026,100"
2019-06-28 09:51:50.000000000,BEST_BID,"JPM,99984,193"
2019-06-28 09:51:50.000000000,BEST_ASK,"JPM,100026,193"
2019-06-28 09:51:50.000000000,BEST_BID,"JPM,99984,193"
2019-06-28 09:51:50.000000000,BEST_ASK,"JPM,100026,193"
2019-06-28 09:51:50.000000000,BEST_BID,"JPM,99984,193"
2019-06-28 09:51:50.000000000,BEST_ASK,"JPM,100026,193"
2019-06-28 09:51:50.000000000,BEST_BID,"JPM,99984,193"
2019-06-28 09:51:50.000000000,BEST_ASK,"JPM,100026,193"
2019-06-28 09:52:00.000000000,QUERY_SPREAD,1
2019-06-28 09:52:00.000000000,BEST_BID,"JPM,99984,471"
2019-06-28 09:52:00.000000000,BEST_ASK,"JPM,100026,100"
2019-06-28 09:52:00.000000000,BEST_BID,"JPM,99984,471"
2019-06-28 09:52:00.000000000,BEST_ASK,"JPM,100026,471"
2019-06-28 09:52:00.000000000,QUERY_SPREAD,77
2019-06-28 09:52:00.000000000,QUERY_SPREAD,78
2019-06-28 09:52:00.000000000,QUERY_SPREAD,79
2019-06-28 09:52:00.000000000,QUERY_SPREAD,80
2019-06-28 09:52:00.000000000,QUERY_SPREAD,81
2019-06-28 09:52:00.000000000,QUERY_SPREAD,82
2019-06-28 09:52:00.000000000,QUERY_SPREAD,83
2019-06-28 09:52:00.000000000,QUERY_SPREAD,84
2019-06-28 09:52:00.000000000,QUERY_SPREAD,85
2019-06-28 09:52:00.000000000,QUERY_SPREAD,86
2019-06-28 09:52:00.000000000,QUERY_SPREAD,87
2019-06-28 09:52:00.000000000,QUERY_SPREAD,88
2019-06-28 09:52:00.000000000,QUERY_SPREAD,89
2019-06-28 09:52:00.000000000,QUERY_SPREAD,90
2019-06-28 09:52:00.000000000,QUERY_SPREAD,91
2019-06-28 09:52:00.000000000,QUERY_SPREAD,92
2019-06-28 09:52:00.000000000,QUERY_SPREAD,93
2019-06-28 09:52:00.000000000,QUERY_SPREAD,94
2019-06-28 09:52:00.000000000,QUERY_SPREAD,95
2019-06-28 09:52:00.000000000,QUERY_SPREAD,96
2019-06-28 09:52:00.000000000,QUERY_SPREAD,97
2019-06-28 09:52:00.000000000,QUERY_SPREAD,98
2019-06-28 09:52:00.000000000,QUERY_SPREAD,99
2019-06-28 09:52:00.000000000,QUERY_SPREAD,100
2019-06-28 09:52:00.000000000,QUERY_SPREAD,101
2019-06-28 09:52:10.000000000,QUERY_SPREAD,1
2019-06-28 09:52:10.000000000,BEST_BID,"JPM,99984,471"
2019-06-28 09:52:10.000000000,BEST_ASK,"JPM,100026,100"
2019-06-28 09:52:10.000000000,BEST_BID,"JPM,99984,471"
2019-06-28 09:52:10.000000000,BEST_ASK,"JPM,100026,471"
2019-06-28 09:52:10.772951018,QUERY_SPREAD,50
2019-06-28 09:52:10.772951018,BEST_BID,"JPM,99984,471"
2019-06-28 09:52:10.772951018,BEST_ASK,"JPM,100026,471"
2019-06-28 09:52:20.000000000,QUERY_SPREAD,1
2019-06-28 09:52:20.000000000,BEST_BID,"JPM,99984,226"
2019-06-28 09:52:20.000000000,BEST_ASK,"JPM,100026,100"
2019-06-28 09:52:20.000000000,BEST_BID,"JPM,99984,226"
2019-06-28 09:52:20.000000000,BEST_ASK,"JPM,100026,100"
2019-06-28 09:52:20.000000000,BEST_BID,"JPM,99984,226"
2019-06-28 09:52:20.000000000,BEST_ASK,"JPM,100026,100"
2019-06-28 09:52:20.000000000,BEST_BID,"JPM,99984,226"
2019-06-28 09:52:20.000000000,BEST_ASK,"JPM,100026,226"
2019-06-28 09:52:20.000000000,BEST_BID,"JPM,99984,226"
2019-06-28 09:52:20.000000000,BEST_ASK,"JPM,100026,226"
2019-06-28 09:52:20.000000000,BEST_BID,"JPM,99984,226"
2019-06-28 09:52:20.000000000,BEST_ASK,"JPM,100026,226"
2019-06-28 09:52:22.372691751,QUERY_ORDER_STREAM,67
2019-06-28 09:52:22.372691751,QUERY_SPREAD,67
2019-06-28 09:52:25.205702203,QUERY_ORDER_STREAM,57
2019-06-28 09:52:25.205702203,QUERY_SPREAD,57
2019-06-28 09:52:30.000000000,QUERY_SPREAD,1
2019-06-28 09:52:30.000000000,BEST_BID,"JPM,99984,226"
2019-06-28 09:52:30.000000000,BEST_ASK,"JPM,100026,100"
2019-06-28 09:52:30.000000000,BEST_BID,"JPM,99984,226"
2019-06-28 09:52:30.000000000,BEST_ASK,"JPM,100026,100"
2019-06-28 09:52:30.000000000,BEST_BID,"JPM,99984,226"
2019-06-28 09:52:30.000000000,BEST_ASK,"JPM,100026,100"
2019-06-28 09:52:30.000000000,BEST_BID,"JPM,99984,226"
2019-06-28 09:52:30.000000000,BEST_ASK,"JPM,100026,226"
2019-06-28 09:52:30.000000000,BEST_BID,"JPM,99984,226"
2019-06-28 09:52:30.000000000,BEST_ASK,"JPM,100026,226"
2019-06-28 09:52:30.000000000,BEST_BID,"JPM,99984,226"
2019-06-28 09:52:30.000000000,BEST_ASK,"JPM,100026,226"
2019-06-28 09:52:40.000000000,QUERY_SPREAD,1
2019-06-28 09:52:40.000000000,BEST_BID,"JPM,99984,286"
2019-06-28 09:52:40.000000000,BEST_ASK,"JPM,100026,100"
2019-06-28 09:52:40.000000000,BEST_BID,"JPM,99984,286"
2019-06-28 09:52:40.000000000,BEST_ASK,"JPM,100026,100"
2019-06-28 09:52:40.000000000,BEST_BID,"JPM,99984,286"
2019-06-28 09:52:40.000000000,BEST_ASK,"JPM,100026,286"
2019-06-28 09:52:40.000000000,BEST_BID,"JPM,99984,286"
2019-06-28 09:52:40.000000000,BEST_ASK,"JPM,100026,286"
2019-06-28 09:52:50.000000000,QUERY_SPREAD,1
2019-06-28 09:52:50.000000000,BEST_BID,"JPM,99984,286"
2019-06-28 09:52:50.000000000,BEST_ASK,"JPM,100026,100"
2019-06-28 09:52:50.000000000,BEST_BID,"JPM,99984,286"
2019-06-28 09:52:50.000000000,BEST_ASK,"JPM,100026,100"
2019-06-28 09:52:50.000000000,BEST_BID,"JPM,99984,286"
2019-06-28 09:52:50.000000000,BEST_ASK,"JPM,100026,286"
2019-06-28 09:52:50.000000000,BEST_BID,"JPM,99984,286"
2019-06-28 09:52:50.000000000,BEST_ASK,"JPM,100026,286"
2019-06-28 09:52:57.893339114,QUERY_ORDER_STREAM,53
2019-06-28 09:52:57.893339114,QUERY_SPREAD,53
2019-06-28 09:53:00.000000000,QUERY_SPREAD,1
2019-06-28 09:53:00.000000000,BEST_BID,"JPM,99984,286"
2019-06-28 09:53:00.000000000,BEST_ASK,"JPM,100026,100"
2019-06-28 09:53:00.000000000,BEST_BID,"JPM,99984,286"
2019-06-28 09:53:00.000000000,BEST_ASK,"JPM,100026,100"
2019-06-28 09:53:00.000000000,BEST_BID,"JPM,99984,286"
2019-06-28 09:53:00.000000000,BEST_ASK,"JPM,100026,286"
2019-06-28 09:53:00.000000000,BEST_BID,"JPM,99984,286"
2019-06-28 09:53:00.000000000,BEST_ASK,"JPM,100026,286"
2019-06-28 09:53:00.000000000,QUERY_SPREAD,77
2019-06-28 09:53:00.000000000,QUERY_SPREAD,78
2019-06-28 09:53:00.000000000,QUERY_SPREAD,79
2019-06-28 09:53:00.000000000,QUERY_SPREAD,80
2019-06-28 09:53:00.000000000,QUERY_SPREAD,81
2019-06-28 09:53:00.000000000,QUERY_SPREAD,82
2019-06-28 09:53:00.000000000,QUERY_SPREAD,83
2019-06-28 09:53:00.000000000,QUERY_SPREAD,84
2019-06-28 09:53:00.000000000,QUERY_SPREAD,85
2019-06-28 09:53:00.000000000,QUERY_SPREAD,86
2019-06-28 09:53:00.000000000,QUERY_SPREAD,87
2019-06-28 09:53:00.000000000,QUERY_SPREAD,88
2019-06-28 09:53:00.000000000,QUERY_SPREAD,89
2019-06-28 09:53:00.000000000,QUERY_SPREAD,90
2019-06-28 09:53:00.000000000,QUERY_SPREAD,91
2019-06-28 09:53:00.000000000,QUERY_SPREAD,92
2019-06-28 09:53:00.000000000,QUERY_SPREAD,93
2019-06-28 09:53:00.000000000,QUERY_SPREAD,94
2019-06-28 09:53:00.000000000,QUERY_SPREAD,95
2019-06-28 09:53:00.000000000,QUERY_SPREAD,96
2019-06-28 09:53:00.000000000,QUERY_SPREAD,97
2019-06-28 09:53:00.000000000,QUERY_SPREAD,98
2019-06-28 09:53:00.000000000,QUERY_SPREAD,99
2019-06-28 09:53:00.000000000,QUERY_SPREAD,100
2019-06-28 09:53:00.000000000,QUERY_SPREAD,101
2019-06-28 09:53:10.000000000,QUERY_SPREAD,1
2019-06-28 09:53:10.000000000,BEST_BID,"JPM,99984,193"
2019-06-28 09:53:10.000000000,BEST_ASK,"JPM,100026,100"
2019-06-28 09:53:10.000000000,BEST_BID,"JPM,99984,193"
2019-06-28 09:53:10.000000000,BEST_ASK,"JPM,100026,100"
2019-06-28 09:53:10.000000000,BEST_BID,"JPM,99984,193"
2019-06-28 09:53:10.000000000,BEST_ASK,"JPM,100026,100"
2019-06-28 09:53:10.000000000,BEST_BID,"JPM,99984,193"
2019-06-28 09:53:10.000000000,BEST_ASK,"JPM,100026,100"
2019-06-28 09:53:10.000000000,BEST_BID,"JPM,99984,193"
2019-06-28 09:53:10.000000000,BEST_ASK,"JPM,100026,193"
2019-06-28 09:53:10.000000000,BEST_BID,"JPM,99984,193"
2019-06-28 09:53:10.000000000,BEST_ASK,"JPM,100026,193"
2019-06-28 09:53:10.000000000,BEST_BID,"JPM,99984,193"
2019-06-28 09:53:10.000000000,BEST_ASK,"JPM,100026,193"
2019-06-28 09:53:10.000000000,BEST_BID,"JPM,99984,193"
2019-06-28 09:53:10.000000000,BEST_ASK,"JPM,100026,193"
2019-06-28 09:53:20.000000000,QUERY_SPREAD,1
2019-06-28 09:53:20.000000000,BEST_BID,"JPM,99984,226"
2019-06-28 09:53:20.000000000,BEST_ASK,"JPM,100026,100"
2019-06-28 09:53:20.000000000,BEST_BID,"JPM,99984,226"
2019-06-28 09:53:20.000000000,BEST_ASK,"JPM,100026,100"
2019-06-28 09:53:20.000000000,BEST_BID,"JPM,99984,226"
2019-06-28 09:53:20.000000000,BEST_ASK,"JPM,100026,100"
2019-06-28 09:53:20.000000000,BEST_BID,"JPM,99984,226"
2019-06-28 09:53:20.000000000,BEST_ASK,"JPM,100026,226"
2019-06-28 09:53:20.000000000,BEST_BID,"JPM,99984,226"
2019-06-28 09:53:20.000000000,BEST_ASK,"JPM,100026,226"
2019-06-28 09:53:20.000000000,BEST_BID,"JPM,99984,226"
2019-06-28 09:53:20.000000000,BEST_ASK,"JPM,100026,226"
2019-06-28 09:53:30.000000000,QUERY_SPREAD,1
2019-06-28 09:53:30.000000000,BEST_BID,"JPM,99984,286"
2019-06-28 09:53:30.000000000,BEST_ASK,"JPM,100026,100"
2019-06-28 09:53:30.000000000,BEST_BID,"JPM,99984,286"
2019-06-28 09:53:30.000000000,BEST_ASK,"JPM,100026,100"
2019-06-28 09:53:30.000000000,BEST_BID,"JPM,99984,286"
2019-06-28 09:53:30.000000000,BEST_ASK,"JPM,100026,286"
2019-06-28 09:53:30.000000000,BEST_BID,"JPM,99984,286"
2019-06-28 09:53:30.000000000,BEST_ASK,"JPM,100026,286"
2019-06-28 09:53:30.195017867,QUERY_SPREAD,42
2019-06-28 09:53:30.195017867,BEST_BID,"JPM,99984,186"
2019-06-28 09:53:30.195017867,BEST_ASK,"JPM,100026,286"
2019-06-28 09:53:30.195017867,LAST_TRADE,"100,$99984.0000"
2019-06-28 09:53:40.000000000,QUERY_SPREAD,1
2019-06-28 09:53:40.000000000,BEST_BID,"JPM,99955,286"
2019-06-28 09:53:40.000000000,BEST_ASK,"JPM,100026,100"
2019-06-28 09:53:40.000000000,BEST_BID,"JPM,99955,286"
2019-06-28 09:53:40.000000000,BEST_ASK,"JPM,100026,100"
2019-06-28 09:53:40.000000000,BEST_BID,"JPM,99955,286"
2019-06-28 09:53:40.000000000,BEST_ASK,"JPM,100026,286"
2019-06-28 09:53:40.000000000,BEST_BID,"JPM,99955,286"
2019-06-28 09:53:40.000000000,BEST_ASK,"JPM,100026,286"
2019-06-28 09:53:42.146422492,QUERY_SPREAD,19
2019-06-28 09:53:42.146422492,BEST_BID,"JPM,99955,186"
2019-06-28 09:53:42.146422492,BEST_ASK,"JPM,100026,286"
2019-06-28 09:53:42.146422492,LAST_TRADE,"100,$99955.0000"
2019-06-28 09:53:50.000000000,QUERY_SPREAD,1
2019-06-28 09:53:50.000000000,BEST_BID,"JPM,99949,471"
2019-06-28 09:53:50.000000000,BEST_ASK,"JPM,100026,100"
2019-06-28 09:53:50.000000000,BEST_BID,"JPM,99949,471"
2019-06-28 09:53:50.000000000,BEST_ASK,"JPM,100026,471"
2019-06-28 09:53:58.061728471,QUERY_SPREAD,38
2019-06-28 09:53:58.061728471,BEST_BID,"JPM,99949,371"
2019-06-28 09:53:58.061728471,BEST_ASK,"JPM,100026,471"
2019-06-28 09:53:58.061728471,LAST_TRADE,"100,$99949.0000"
2019-06-28 09:54:00.000000000,QUERY_SPREAD,1
2019-06-28 09:54:00.000000000,BEST_BID,"JPM,99938,274"
2019-06-28 09:54:00.000000000,BEST_ASK,"JPM,100026,100"
2019-06-28 09:54:00.000000000,BEST_BID,"JPM,99938,274"
2019-06-28 09:54:00.000000000,BEST_ASK,"JPM,100026,100"
2019-06-28 09:54:00.000000000,BEST_BID,"JPM,99938,274"
2019-06-28 09:54:00.000000000,BEST_ASK,"JPM,100026,100"
2019-06-28 09:54:00.000000000,BEST_BID,"JPM,99938,274"
2019-06-28 09:54:00.000000000,BEST_ASK,"JPM,100026,100"
2019-06-28 09:54:00.000000000,BEST_BID,"JPM,99938,274"
2019-06-28 09:54:00.000000000,BEST_ASK,"JPM,100026,100"
2019-06-28 09:54:00.000000000,BEST_BID,"JPM,99938,274"
2019-06-28 09:54:00.000000000,BEST_ASK,"JPM,100026,174"
2019-06-28 09:54:00.000000000,BEST_BID,"JPM,99938,274"
2019-06-28 09:54:00.000000000,BEST_ASK,"JPM,100026,174"
2019-06-28 09:54:00.000000000,BEST_BID,"JPM,99938,274"
2019-06-28 09:54:00.000000000,BEST_ASK,"JPM,100026,174"
2019-06-28 09:54:00.000000000,BEST_BID,"JPM,99938,274"
2019-06-28 09:54:00.000000000,BEST_ASK,"JPM,100026,174"
2019-06-28 09:54:00.000000000,BEST_BID,"JPM,99938,274"
2019-06-28 09:54:00.000000000,BEST_ASK,"JPM,100026,174"
2019-06-28 09:54:00.000000000,QUERY_SPREAD,77
2019-06-28 09:54:00.000000000,QUERY_SPREAD,78
2019-06-28 09:54:00.000000000,QUERY_SPREAD,79
2019-06-28 09:54:00.000000000,QUERY_SPREAD,80
2019-06-28 09:54:00.000000000,QUERY_SPREAD,81
2019-06-28 09:54:00.000000000,QUERY_SPREAD,82
2019-06-28 09:54:00.000000000,QUERY_SPREAD,83
2019-06-28 09:54:00.000000000,QUERY_SPREAD,84
2019-06-28 09:54:00.000000000,QUERY_SPREAD,85
2019-06-28 09:54:00.000000000,QUERY_SPREAD,86
2019-06-28 09:54:00.000000000,QUERY_SPREAD,87
2019-06-28 09:54:00.000000000,QUERY_SPREAD,88
2019-06-28 09:54:00.000000000,QUERY_SPREAD,89
2019-06-28 09:54:00.000000000,QUERY_SPREAD,90
2019-06-28 09:54:00.000000000,QUERY_SPREAD,91
2019-06-28 09:54:00.000000000,QUERY_SPREAD,92
2019-06-28 09:54:00.000000000,QUERY_SPREAD,93
2019-06-28 09:54:00.000000000,QUERY_SPREAD,94
2019-06-28 09:54:00.000000000,QUERY_SPREAD,95
2019-06-28 09:54:00.000000000,QUERY_SPREAD,96
2019-06-28 09:54:00.000000000,QUERY_SPREAD,97
2019-06-28 09:54:00.000000000,QUERY_SPREAD,98
2019-06-28 09:54:00.000000000,QUERY_SPREAD,99
2019-06-28 09:54:00.000000000,QUERY_SPREAD,100
2019-06-28 09:54:00.000000000,QUERY_SPREAD,101
2019-06-28 09:54:10.000000000,QUERY_SPREAD,1
2019-06-28 09:54:10.000000000,BEST_BID,"JPM,99938,274"
2019-06-28 09:54:10.000000000,BEST_ASK,"JPM,100026,100"
2019-06-28 09:54:10.000000000,BEST_BID,"JPM,99938,274"
2019-06-28 09:54:10.000000000,BEST_ASK,"JPM,100026,100"
2019-06-28 09:54:10.000000000,BEST_BID,"JPM,99938,274"
2019-06-28 09:54:10.000000000,BEST_ASK,"JPM,100026,100"
2019-06-28 09:54:10.000000000,BEST_BID,"JPM,99938,274"
2019-06-28 09:54:10.000000000,BEST_ASK,"JPM,100026,100"
2019-06-28 09:54:10.000000000,BEST_BID,"JPM,99938,274"
2019-06-28 09:54:10.000000000,BEST_ASK,"JPM,100026,100"
2019-06-28 09:54:10.000000000,BEST_BID,"JPM,99938,274"
2019-06-28 09:54:10.000000000,BEST_ASK,"JPM,100026,174"
2019-06-28 09:54:10.000000000,BEST_BID,"JPM,99938,274"
2019-06-28 09:54:10.000000000,BEST_ASK,"JPM,100026,174"
2019-06-28 09:54:10.000000000,BEST_BID,"JPM,99938,274"
2019-06-28 09:54:10.000000000,BEST_ASK,"JPM,100026,174"
2019-06-28 09:54:10.000000000,BEST_BID,"JPM,99938,274"
2019-06-28 09:54:10.000000000,BEST_ASK,"JPM,100026,174"
2019-06-28 09:54:10.000000000,BEST_BID,"JPM,99938,274"
2019-06-28 09:54:10.000000000,BEST_ASK,"JPM,100026,174"
2019-06-28 09:54:19.865261190,QUERY_SPREAD,39
2019-06-28 09:54:19.865261190,BEST_BID,"JPM,99938,274"
2019-06-28 09:54:19.865261190,BEST_ASK,"JPM,100026,174"
2019-06-28 09:54:20.000000000,QUERY_SPREAD,1
2019-06-28 09:54:20.000000000,BEST_BID,"JPM,99938,326"
2019-06-28 09:54:20.000000000,BEST_ASK,"JPM,100026,100"
2019-06-28 09:54:20.000000000,BEST_BID,"JPM,99938,326"
2019-06-28 09:54:20.000000000,BEST_ASK,"JPM,100026,100"
2019-06-28 09:54:20.000000000,BEST_BID,"JPM,99938,326"
2019-06-28 09:54:20.000000000,BEST_ASK,"JPM,100026,100"
2019-06-28 09:54:20.000000000,BEST_BID,"JPM,99938,326"
2019-06-28 09:54:20.000000000,BEST_ASK,"JPM,100026,226"
2019-06-28 09:54:20.000000000,BEST_BID,"JPM,99938,326"
2019-06-28 09:54:20.000000000,BEST_ASK,"JPM,100026,226"
2019-06-28 09:54:20.000000000,BEST_BID,"JPM,99938,326"
2019-06-28 09:54:20.000000000,BEST_ASK,"JPM,100026,226"
2019-06-28 09:54:26.569677231,QUERY_ORDER_STREAM,64
2019-06-28 09:54:26.569677231,QUERY_SPREAD,64
2019-06-28 09:54:30.000000000,QUERY_SPREAD,1
2019-06-28 09:54:30.000000000,BEST_BID,"JPM,99938,386"
2019-06-28 09:54:30.000000000,BEST_ASK,"JPM,100026,100"
2019-06-28 09:54:30.000000000,BEST_BID,"JPM,99938,386"
2019-06-28 09:54:30.000000000,BEST_ASK,"JPM,100026,100"
2019-06-28 09:54:30.000000000,BEST_BID,"JPM,99938,386"
2019-06-28 09:54:30.000000000,BEST_ASK,"JPM,100026,286"
2019-06-28 09:54:30.000000000,BEST_BID,"JPM,99938,386"
2019-06-28 09:54:30.000000000,BEST_ASK,"JPM,100026,286"
2019-06-28 09:54:40.000000000,QUERY_SPREAD,1
2019-06-28 09:54:40.000000000,BEST_BID,"JPM,99938,571"
2019-06-28 09:54:40.000000000,BEST_ASK,"JPM,100026,100"
2019-06-28 09:54:40.000000000,BEST_BID,"JPM,99938,571"
2019-06-28 09:54:40.000000000,BEST_ASK,"JPM,100026,471"
2019-06-28 09:54:40.870511409,QUERY_SPREAD,29
2019-06-28 09:54:40.870511409,BEST_BID,"JPM,99938,471"
2019-06-28 09:54:40.870511409,BEST_ASK,"JPM,100026,471"
2019-06-28 09:54:40.870511409,LAST_TRADE,"100,$99938.0000"
2019-06-28 09:54:50.000000000,QUERY_SPREAD,1
2019-06-28 09:54:50.000000000,BEST_BID,"JPM,99938,286"
2019-06-28 09:54:50.000000000,BEST_ASK,"JPM,100026,100"
2019-06-28 09:54:50.000000000,BEST_BID,"JPM,99938,286"
2019-06-28 09:54:50.000000000,BEST_ASK,"JPM,100026,100"
2019-06-28 09:54:50.000000000,BEST_BID,"JPM,99938,286"
2019-06-28 09:54:50.000000000,BEST_ASK,"JPM,100026,286"
2019-06-28 09:54:50.000000000,BEST_BID,"JPM,99938,286"
2019-06-28 09:54:50.000000000,BEST_ASK,"JPM,100026,286"
2019-06-28 09:55:00.000000000,QUERY_SPREAD,1
2019-06-28 09:55:00.000000000,BEST_BID,"JPM,99938,174"
2019-06-28 09:55:00.000000000,BEST_ASK,"JPM,100026,100"
2019-06-28 09:55:00.000000000,BEST_BID,"JPM,99938,174"
2019-06-28 09:55:00.000000000,BEST_ASK,"JPM,100026,100"
2019-06-28 09:55:00.000000000,BEST_BID,"JPM,99938,174"
2019-06-28 09:55:00.000000000,BEST_ASK,"JPM,100026,100"
2019-06-28 09:55:00.000000000,BEST_BID,"JPM,99938,174"
2019-06-28 09:55:00.000000000,BEST_ASK,"JPM,100026,100"
2019-06-28 09:55:00.000000000,BEST_BID,"JPM,99938,174"
2019-06-28 09:55:00.000000000,BEST_ASK,"JPM,100026,100"
2019-06-28 09:55:00.000000000,BEST_BID,"JPM,99938,174"
2019-06-28 09:55:00.000000000,BEST_ASK,"JPM,100026,174"
2019-06-28 09:55:00.000000000,BEST_BID,"JPM,99938,174"
2019-06-28 09:55:00.000000000,BEST_ASK,"JPM,100026,174"
2019-06-28 09:55:00.000000000,BEST_BID,"JPM,99938,174"
2019-06-28 09:55:00.000000000,BEST_ASK,"JPM,100026,174"
2019-06-28 09:55:00.000000000,BEST_BID,"JPM,99938,174"
2019-06-28 09:55:00.000000000,BEST_ASK,"JPM,100026,174"
2019-06-28 09:55:00.000000000,BEST_BID,"JPM,99938,174"
2019-06-28 09:55:00.000000000,BEST_ASK,"JPM,100026,174"
2019-06-28 09:55:00.000000000,QUERY_SPREAD,77
2019-06-28 09:55:00.000000000,QUERY_SPREAD,78
2019-06-28 09:55:00.000000000,QUERY_SPREAD,79
2019-06-28 09:55:00.000000000,QUERY_SPREAD,80
2019-06-28 09:55:00.000000000,QUERY_SPREAD,81
2019-06-28 09:55:00.000000000,QUERY_SPREAD,82
2019-06-28 09:55:00.000000000,QUERY_SPREAD,83
2019-06-28 09:55:00.000000000,QUERY_SPREAD,84
2019-06-28 09:55:00.000000000,QUERY_SPREAD,85
2019-06-28 09:55:00.000000000,QUERY_SPREAD,86
2019-06-28 09:55:00.000000000,QUERY_SPREAD,87
2019-06-28 09:55:00.000000000,QUERY_SPREAD,88
2019-06-28 09:55:00.000000000,QUERY_SPREAD,89
2019-06-28 09:55:00.000000000,QUERY_SPREAD,90
2019-06-28 09:55:00.000000000,QUERY_SPREAD,91
2019-06-28 09:55:00.000000000,QUERY_SPREAD,92
2019-06-28 09:55:00.000000000,QUERY_SPREAD,93
2019-06-28 09:55:00.000000000,QUERY_SPREAD,94
2019-06-28 09:55:00.000000000,QUERY_SPREAD,95
2019-06-28 09:55:00.000000000,QUERY_SPREAD,96
2019-06-28 09:55:00.000000000,QUERY_SPREAD,97
2019-06-28 09:55:00.000000000,QUERY_SPREAD,98
2019-06-28 09:55:00.000000000,QUERY_SPREAD,99
2019-06-28 09:55:00.000000000,QUERY_SPREAD,100
2019-06-28 09:55:00.000000000,QUERY_SPREAD,101
2019-06-28 09:55:03.060187577,QUERY_SPREAD,3
2019-06-28 09:55:03.060187577,BEST_BID,"JPM,99938,74"
2019-06-28 09:55:03.060187577,BEST_ASK,"JPM,100026,174"
2019-06-28 09:55:03.060187577,LAST_TRADE,"100,$99938.0000"
2019-06-28 09:55:04.386718809,QUERY_ORDER_STREAM,56
2019-06-28 09:55:04.386718809,QUERY_SPREAD,56
2019-06-28 09:55:04.386718809,BEST_BID,"JPM,99930,174"
2019-06-28 09:55:04.386718809,BEST_ASK,"JPM,99938,26"
2019-06-28 09:55:04.386718809,LAST_TRADE,"74,$99938.0000"
2019-06-28 09:55:10.000000000,QUERY_SPREAD,1
2019-06-28 09:55:10.000000000,BEST_BID,"JPM,99930,471"
2019-06-28 09:55:10.000000000,BEST_ASK,"JPM,99938,26"
2019-06-28 09:55:10.000000000,BEST_BID,"JPM,99930,471"
2019-06-28 09:55:10.000000000,BEST_ASK,"JPM,99938,397"
2019-06-28 09:55:11.998851592,QUERY_SPREAD,9
2019-06-28 09:55:11.998851592,BEST_BID,"JPM,99930,371"
2019-06-28 09:55:11.998851592,BEST_ASK,"JPM,99938,397"
2019-06-28 09:55:11.998851592,LAST_TRADE,"100,$99930.0000"
2019-06-28 09:55:14.989782548,QUERY_SPREAD,10
2019-06-28 09:55:14.989782548,BEST_BID,"JPM,99930,271"
2019-06-28 09:55:14.989782548,BEST_ASK,"JPM,99938,397"
2019-06-28 09:55:14.989782548,LAST_TRADE,"100,$99930.0000"
2019-06-28 09:55:20.000000000,QUERY_SPREAD,1
2019-06-28 09:55:20.000000000,BEST_BID,"JPM,99923,471"
2019-06-28 09:55:20.000000000,BEST_ASK,"JPM,99938,26"
2019-06-28 09:55:20.000000000,BEST_BID,"JPM,99923,471"
2019-06-28 09:55:20.000000000,BEST_ASK,"JPM,99938,397"
2019-06-28 09:55:23.402333965,QUERY_SPREAD,44
2019-06-28 09:55:23.402333965,BEST_BID,"JPM,99923,371"
2019-06-28 09:55:23.402333965,BEST_ASK,"JPM,99938,397"
2019-06-28 09:55:23.402333965,LAST_TRADE,"100,$99923.0000"
2019-06-28 09:55:30.000000000,QUERY_SPREAD,1
2019-06-28 09:55:30.000000000,BEST_BID,"JPM,99917,286"
2019-06-28 09:55:30.000000000,BEST_ASK,"JPM,99938,26"
2019-06-28 09:55:30.000000000,BEST_BID,"JPM,99917,286"
2019-06-28 09:55:30.000000000,BEST_ASK,"JPM,99938,26"
2019-06-28 09:55:30.000000000,BEST_BID,"JPM,99917,286"
2019-06-28 09:55:30.000000000,BEST_ASK,"JPM,99938,212"
2019-06-28 09:55:30.000000000,BEST_BID,"JPM,99917,286"
2019-06-28 09:55:30.000000000,BEST_ASK,"JPM,99938,212"
2019-06-28 09:55:40.000000000,QUERY_SPREAD,1
2019-06-28 09:55:40.000000000,BEST_BID,"JPM,99917,174"
2019-06-28 09:55:40.000000000,BEST_ASK,"JPM,99938,26"
2019-06-28 09:55:40.000000000,BEST_BID,"JPM,99917,174"
2019-06-28 09:55:40.000000000,BEST_ASK,"JPM,99938,26"
2019-06-28 09:55:40.000000000,BEST_BID,"JPM,99917,174"
2019-06-28 09:55:40.000000000,BEST_ASK,"JPM,99938,26"
2019-06-28 09:55:40.000000000,BEST_BID,"JPM,99917,174"
2019-06-28 09:55:40.000000000,BEST_ASK,"JPM,99938,26"
2019-06-28 09:55:40.000000000,BEST_BID,"JPM,99917,174"
2019-06-28 09:55:40.000000000,BEST_ASK,"JPM,99938,26"
2019-06-28 09:55:40.000000000,BEST_BID,"JPM,99917,174"
2019-06-28 09:55:40.000000000,BEST_ASK,"JPM,99938,100"
2019-06-28 09:55:40.000000000,BEST_BID,"JPM,99917,174"
2019-06-28 09:55:40.000000000,BEST_ASK,"JPM,99938,100"
2019-06-28 09:55:40.000000000,BEST_BID,"JPM,99917,174"
2019-06-28 09:55:40.000000000,BEST_ASK,"JPM,99938,100"
2019-06-28 09:55:40.000000000,BEST_BID,"JPM,99917,174"
2019-06-28 09:55:40.000000000,BEST_ASK,"JPM,99938,100"
2019-06-28 09:55:40.000000000,BEST_BID,"JPM,99917,174"
2019-06-28 09:55:40.000000000,BEST_ASK,"JPM,99938,100"
2019-06-28 09:55:47.917516551,QUERY_SPREAD,27
2019-06-28 09:55:47.917516551,BEST_BID,"JPM,99917,74"
2019-06-28 09:55:47.917516551,BEST_ASK,"JPM,99938,100"
2019-06-28 09:55:47.917516551,LAST_TRADE,"100,$99917.0000"
2019-06-28 09:55:50.000000000,QUERY_SPREAD,1
2019-06-28 09:55:50.000000000,BEST_BID,"JPM,99916,174"
2019-06-28 09:55:50.000000000,BEST_ASK,"JPM,99938,26"
2019-06-28 09:55:50.000000000,BEST_BID,"JPM,99916,174"
2019-06-28 09:55:50.000000000,BEST_ASK,"JPM,99938,26"
2019-06-28 09:55:50.000000000,BEST_BID,"JPM,99916,174"
2019-06-28 09:55:50.000000000,BEST_ASK,"JPM,99938,26"
2019-06-28 09:55:50.000000000,BEST_BID,"JPM,99916,174"
2019-06-28 09:55:50.000000000,BEST_ASK,"JPM,99938,26"
2019-06-28 09:55:50.000000000,BEST_BID,"JPM,99916,174"
2019-06-28 09:55:50.000000000,BEST_ASK,"JPM,99938,26"
2019-06-28 09:55:50.000000000,BEST_BID,"JPM,99916,174"
2019-06-28 09:55:50.000000000,BEST_ASK,"JPM,99938,100"
2019-06-28 09:55:50.000000000,BEST_BID,"JPM,99916,174"
2019-06-28 09:55:50.000000000,BEST_ASK,"JPM,99938,100"
2019-06-28 09:55:50.000000000,BEST_BID,"JPM,99916,174"
2019-06-28 09:55:50.000000000,BEST_ASK,"JPM,99938,100"
2019-06-28 09:55:50.000000000,BEST_BID,"JPM,99916,174"
2019-06-28 09:55:50.000000000,BEST_ASK,"JPM,99938,100"
2019-06-28 09:55:50.000000000,BEST_BID,"JPM,99916,174"
2019-06-28 09:55:50.000000000,BEST_ASK,"JPM,99938,100"
2019-06-28 09:56:00.000000000,QUERY_SPREAD,1
2019-06-28 09:56:00.000000000,BEST_BID,"JPM,99916,471"
2019-06-28 09:56:00.000000000,BEST_ASK,"JPM,99938,26"
2019-06-28 09:56:00.000000000,BEST_BID,"JPM,99916,471"
2019-06-28 09:56:00.000000000,BEST_ASK,"JPM,99938,397"
2019-06-28 09:56:00.000000000,QUERY_SPREAD,77
2019-06-28 09:56:00.000000000,QUERY_SPREAD,78
2019-06-28 09:56:00.000000000,QUERY_SPREAD,79
2019-06-28 09:56:00.000000000,QUERY_SPREAD,80
2019-06-28 09:56:00.000000000,QUERY_SPREAD,81
2019-06-28 09:56:00.000000000,QUERY_SPREAD,82
2019-06-28 09:56:00.000000000,QUERY_SPREAD,83
2019-06-28 09:56:00.000000000,QUERY_SPREAD,84
2019-06-28 09:56:00.000000000,QUERY_SPREAD,85
2019-06-28 09:56:00.000000000,QUERY_SPREAD,86
2019-06-28 09:56:00.000000000,QUERY_SPREAD,87
2019-06-28 09:56:00.000000000,QUERY_SPREAD,88
2019-06-28 09:56:00.000000000,QUERY_SPREAD,89
2019-06-28 09:56:00.000000000,QUERY_SPREAD,90
2019-06-28 09:56:00.000000000,QUERY_SPREAD,91
2019-06-28 09:56:00.000000000,QUERY_SPREAD,92
2019-06-28 09:56:00.000000000,QUERY_SPREAD,93
2019-06-28 09:56:00.000000000,QUERY_SPREAD,94
2019-06-28 09:56:00.000000000,QUERY_SPREAD,95
2019-06-28 09:56:00.000000000,QUERY_SPREAD,96
2019-06-28 09:56:00.000000000,QUERY_SPREAD,97
2019-06-28 09:56:00.000000000,QUERY_SPREAD,98
2019-06-28 09:56:00.000000000,QUERY_SPREAD,99
2019-06-28 09:56:00.000000000,QUERY_SPREAD,100
2019-06-28 09:56:00.000000000,QUERY_SPREAD,101
2019-06-28 09:56:10.000000000,QUERY_SPREAD,1
2019-06-28 09:56:10.000000000,BEST_BID,"JPM,99916,226"
2019-06-28 09:56:10.000000000,BEST_ASK,"JPM,99938,26"
2019-06-28 09:56:10.000000000,BEST_BID,"JPM,99916,226"
2019-06-28 09:56:10.000000000,BEST_ASK,"JPM,99938,26"
2019-06-28 09:56:10.000000000,BEST_BID,"JPM,99916,226"
2019-06-28 09:56:10.000000000,BEST_ASK,"JPM,99938,26"
2019-06-28 09:56:10.000000000,BEST_BID,"JPM,99916,226"
2019-06-28 09:56:10.000000000,BEST_ASK,"JPM,99938,152"
2019-06-28 09:56:10.000000000,BEST_BID,"JPM,99916,226"
2019-06-28 09:56:10.000000000,BEST_ASK,"JPM,99938,152"
2019-06-28 09:56:10.000000000,BEST_BID,"JPM,99916,226"
2019-06-28 09:56:10.000000000,BEST_ASK,"JPM,99938,152"
2019-06-28 09:56:20.000000000,QUERY_SPREAD,1
2019-06-28 09:56:20.000000000,BEST_BID,"JPM,99916,471"
2019-06-28 09:56:20.000000000,BEST_ASK,"JPM,99938,26"
2019-06-28 09:56:20.000000000,BEST_BID,"JPM,99916,471"
2019-06-28 09:56:20.000000000,BEST_ASK,"JPM,99938,397"
2019-06-28 09:56:20.518276719,QUERY_ORDER_STREAM,69
2019-06-28 09:56:20.518276719,QUERY_SPREAD,69
2019-06-28 09:56:30.000000000,QUERY_SPREAD,1
2019-06-28 09:56:30.000000000,BEST_BID,"JPM,99916,286"
2019-06-28 09:56:30.000000000,BEST_ASK,"JPM,99938,26"
2019-06-28 09:56:30.000000000,BEST_BID,"JPM,99916,286"
2019-06-28 09:56:30.000000000,BEST_ASK,"JPM,99938,26"
2019-06-28 09:56:30.000000000,BEST_BID,"JPM,99916,286"
2019-06-28 09:56:30.000000000,BEST_ASK,"JPM,99938,212"
2019-06-28 09:56:30.000000000,BEST_BID,"JPM,99916,286"
2019-06-28 09:56:30.000000000,BEST_ASK,"JPM,99938,212"
2019-06-28 09:56:40.000000000,QUERY_SPREAD,1
2019-06-28 09:56:40.000000000,BEST_BID,"JPM,99916,193"
2019-06-28 09:56:40.000000000,BEST_ASK,"JPM,99938,26"
2019-06-28 09:56:40.000000000,BEST_BID,"JPM,99916,193"
2019-06-28 09:56:40.000000000,BEST_ASK,"JPM,99938,26"
2019-06-28 09:56:40.000000000,BEST_BID,"JPM,99916,193"
2019-06-28 09:56:40.000000000,BEST_ASK,"JPM,99938,26"
2019-06-28 09:56:40.000000000,BEST_BID,"JPM,99916,193"
2019-06-28 09:56:40.000000000,BEST_ASK,"JPM,99938,26"
2019-06-28 09:56:40.000000000,BEST_BID,"JPM,99916,193"
2019-06-28 09:56:40.000000000,BEST_ASK,"JPM,99938,119"
2019-06-28 09:56:40.000000000,BEST_BID,"JPM,99916,193"
2019-06-28 09:56:40.000000000,BEST_ASK,"JPM,99938,119"
2019-06-28 09:56:40.000000000,BEST_BID,"JPM,99916,193"
2019-06-28 09:56:40.000000000,BEST_ASK,"JPM,99938,119"
2019-06-28 09:56:40.000000000,BEST_BID,"JPM,99916,193"
2019-06-28 09:56:40.000000000,BEST_ASK,"JPM,99938,119"
2019-06-28 09:56:40.039454778,QUERY_ORDER_STREAM,61
2019-06-28 09:56:40.039454778,QUERY_SPREAD,61
2019-06-28 09:56:50.000000000,QUERY_SPREAD,1
2019-06-28 09:56:50.000000000,BEST_BID,"JPM,99916,226"
2019-06-28 09:56:50.000000000,BEST_ASK,"JPM,99938,26"
2019-06-28 09:56:50.000000000,BEST_BID,"JPM,99916,226"
2019-06-28 09:56:50.000000000,BEST_ASK,"JPM,99938,26"
2019-06-28 09:56:50.000000000,BEST_BID,"JPM,99916,226"
2019-06-28 09:56:50.000000000,BEST_ASK,"JPM,99938,26"
2019-06-28 09:56:50.000000000,BEST_BID,"JPM,99916,226"
2019-06-28 09:56:50.000000000,BEST_ASK,"JPM,99938,152"
2019-06-28 09:56:50.000000000,BEST_BID,"JPM,99916,226"
2019-06-28 09:56:50.000000000,BEST_ASK,"JPM,99938,152"
2019-06-28 09:56:50.000000000,BEST_BID,"JPM,99916,226"
2019-06-28 09:56:50.000000000,BEST_ASK,"JPM,99938,152"
2019-06-28 09:57:00.000000000,QUERY_SPREAD,1
2019-06-28 09:57:00.000000000,BEST_BID,"JPM,99916,226"
2019-06-28 09:57:00.000000000,BEST_ASK,"JPM,99938,26"
2019-06-28 09:57:00.000000000,BEST_BID,"JPM,99916,226"
2019-06-28 09:57:00.000000000,BEST_ASK,"JPM,99938,26"
2019-06-28 09:57:00.000000000,BEST_BID,"JPM,99916,226"
2019-06-28 09:57:00.000000000,BEST_ASK,"JPM,99938,26"
2019-06-28 09:57:00.000000000,BEST_BID,"JPM,99916,226"
2019-06-28 09:57:00.000000000,BEST_ASK,"JPM,99938,152"
2019-06-28 09:57:00.000000000,BEST_BID,"JPM,99916,226"
2019-06-28 09:57:00.000000000,BEST_ASK,"JPM,99938,152"
2019-06-28 09:57:00.000000000,BEST_BID,"JPM,99916,226"
2019-06-28 09:57:00.000000000,BEST_ASK,"JPM,99938,152"
2019-06-28 09:57:00.000000000,QUERY_SPREAD,77
2019-06-28 09:57:00.000000000,QUERY_SPREAD,78
2019-06-28 09:57:00.000000000,QUERY_SPREAD,79
2019-06-28 09:57:00.000000000,QUERY_SPREAD,80
2019-06-28 09:57:00.000000000,QUERY_SPREAD,81
2019-06-28 09:57:00.000000000,QUERY_SPREAD,82
2019-06-28 09:57:00.000000000,QUERY_SPREAD,83
2019-06-28 09:57:00.000000000,QUERY_SPREAD,84
2019-06-28 09:57:00.000000000,QUERY_SPREAD,85
2019-06-28 09:57:00.000000000,QUERY_SPREAD,86
2019-06-28 09:57:00.000000000,QUERY_SPREAD,87
2019-06-28 09:57:00.000000000,QUERY_SPREAD,88
2019-06-28 09:57:00.000000000,QUERY_SPREAD,89
2019-06-28 09:57:00.000000000,QUERY_SPREAD,90
2019-06-28 09:57:00.000000000,QUERY_SPREAD,91
2019-06-28 09:57:00.000000000,QUERY_SPREAD,92
2019-06-28 09:57:00.000000000,QUERY_SPREAD,93
2019-06-28 09:57:00.000000000,QUERY_SPREAD,94
2019-06-28 09:57:00.000000000,QUERY_SPREAD,95
2019-06-28 09:57:00.000000000,QUERY_SPREAD,96
2019-06-28 09:57:00.000000000,QUERY_SPREAD,97
2019-06-28 09:57:00.000000000,QUERY_SPREAD,98
2019-06-28 09:57:00.000000000,QUERY_SPREAD,99
2019-06-28 09:57:00.000000000,QUERY_SPREAD,100
2019-06-28 09:57:00.000000000,QUERY_SPREAD,101
2019-06-28 09:57:10.000000000,QUERY_SPREAD,1
2019-06-28 09:57:10.000000000,BEST_BID,"JPM,99916,286"
2019-06-28 09:57:10.000000000,BEST_ASK,"JPM,99938,26"
2019-06-28 09:57:10.000000000,BEST_BID,"JPM,99916,286"
2019-06-28 09:57:10.000000000,BEST_ASK,"JPM,99938,26"
2019-06-28 09:57:10.000000000,BEST_BID,"JPM,99916,286"
2019-06-28 09:57:10.000000000,BEST_ASK,"JPM,99938,212"
2019-06-28 09:57:10.000000000,BEST_BID,"JPM,99916,286"
2019-06-28 09:57:10.000000000,BEST_ASK,"JPM,99938,212"
2019-06-28 09:57:20.000000000,QUERY_SPREAD,1
2019-06-28 09:57:20.000000000,BEST_BID,"JPM,99916,286"
2019-06-28 09:57:20.000000000,BEST_ASK,"JPM,99938,26"
2019-06-28 09:57:20.000000000,BEST_BID,"JPM,99916,286"
2019-06-28 09:57:20.000000000,BEST_ASK,"JPM,99938,26"
2019-06-28 09:57:20.000000000,BEST_BID,"JPM,99916,286"
2019-06-28 09:57:20.000000000,BEST_ASK,"JPM,99938,212"
2019-06-28 09:57:20.000000000,BEST_BID,"JPM,99916,286"
2019-06-28 09:57:20.000000000,BEST_ASK,"JPM,99938,212"
2019-06-28 09:57:27.951600503,QUERY_SPREAD,33
2019-06-28 09:57:27.951600503,BEST_BID,"JPM,99916,286"
2019-06-28 09:57:27.951600503,BEST_ASK,"JPM,99938,212"
2019-06-28 09:57:30.000000000,QUERY_SPREAD,1
2019-06-28 09:57:30.000000000,BEST_BID,"JPM,99916,193"
2019-06-28 09:57:30.000000000,BEST_ASK,"JPM,99938,26"
2019-06-28 09:57:30.000000000,BEST_BID,"JPM,99916,193"
2019-06-28 09:57:30.000000000,BEST_ASK,"JPM,99938,26"
2019-06-28 09:57:30.000000000,BEST_BID,"JPM,99916,193"
2019-06-28 09:57:30.000000000,BEST_ASK,"JPM,99938,26"
2019-06-28 09:57:30.000000000,BEST_BID,"JPM,99916,193"
2019-06-28 09:57:30.000000000,BEST_ASK,"JPM,99938,26"
2019-06-28 09:57:30.000000000,BEST_BID,"JPM,99916,193"
2019-06-28 09:57:30.000000000,BEST_ASK,"JPM,99938,119"
2019-06-28 09:57:30.000000000,BEST_BID,"JPM,99916,193"
2019-06-28 09:57:30.000000000,BEST_ASK,"JPM,99938,119"
2019-06-28 09:57:30.000000000,BEST_BID,"JPM,99916,193"
2019-06-28 09:57:30.000000000,BEST_ASK,"JPM,99938,119"
2019-06-28 09:57:30.000000000,BEST_BID,"JPM,99916,193"
2019-06-28 09:57:30.000000000,BEST_ASK,"JPM,99938,119"
2019-06-28 09:57:37.407041558,QUERY_SPREAD,7
2019-06-28 09:57:37.407041558,BEST_BID,"JPM,99916,193"
2019-06-28 09:57:37.407041558,BEST_ASK,"JPM,99938,119"
2019-06-28 09:57:40.000000000,QUERY_SPREAD,1
2019-06-28 09:57:40.000000000,BEST_BID,"JPM,99916,174"
2019-06-28 09:57:40.000000000,BEST_ASK,"JPM,99938,26"
2019-06-28 09:57:40.000000000,BEST_BID,"JPM,99916,174"
2019-06-28 09:57:40.000000000,BEST_ASK,"JPM,99938,26"
2019-06-28 09:57:40.000000000,BEST_BID,"JPM,99916,174"
2019-06-28 09:57:40.000000000,BEST_ASK,"JPM,99938,26"
2019-06-28 09:57:40.000000000,BEST_BID,"JPM,99916,174"
2019-06-28 09:57:40.000000000,BEST_ASK,"JPM,99938,26"
2019-06-28 09:57:40.000000000,BEST_BID,"JPM,99916,174"
2019-06-28 09:57:40.000000000,BEST_ASK,"JPM,99938,26"
2019-06-28 09:57:40.000000000,BEST_BID,"JPM,99916,174"
2019-06-28 09:57:40.000000000,BEST_ASK,"JPM,99938,100"
2019-06-28 09:57:40.000000000,BEST_BID,"JPM,99916,174"
2019-06-28 09:57:40.000000000,BEST_ASK,"JPM,99938,100"
2019-06-28 09:57:40.000000000,BEST_BID,"JPM,99916,174"
2019-06-28 09:57:40.000000000,BEST_ASK,"JPM,99938,100"
2019-06-28 09:57:40.000000000,BEST_BID,"JPM,99916,174"
2019-06-28 09:57:40.000000000,BEST_ASK,"JPM,99938,100"
2019-06-28 09:57:40.000000000,BEST_BID,"JPM,99916,174"
2019-06-28 09:57:40.000000000,BEST_ASK,"JPM,99938,100"
2019-06-28 09:57:45.624617245,QUERY_SPREAD,18
2019-06-28 09:57:45.624617245,BEST_BID,"JPM,99916,74"
2019-06-28 09:57:45.624617245,BEST_ASK,"JPM,99938,100"
2019-06-28 09:57:45.624617245,LAST_TRADE,"100,$99916.0000"
2019-06-28 09:57:50.000000000,QUERY_SPREAD,1
2019-06-28 09:57:50.000000000,BEST_BID,"JPM,99911,286"
2019-06-28 09:57:50.000000000,BEST_ASK,"JPM,99938,26"
2019-06-28 09:57:50.000000000,BEST_BID,"JPM,99911,286"
2019-06-28 09:57:50.000000000,BEST_ASK,"JPM,99938,26"
2019-06-28 09:57:50.000000000,BEST_BID,"JPM,99911,286"
2019-06-28 09:57:50.000000000,BEST_ASK,"JPM,99938,212"
2019-06-28 09:57:50.000000000,BEST_BID,"JPM,99911,286"
2019-06-28 09:57:50.000000000,BEST_ASK,"JPM,99938,212"
2019-06-28 09:58:00.000000000,QUERY_SPREAD,1
2019-06-28 09:58:00.000000000,BEST_BID,"JPM,99911,286"
2019-06-28 09:58:00.000000000,BEST_ASK,"JPM,99938,26"
2019-06-28 09:58:00.000000000,BEST_BID,"JPM,99911,286"
2019-06-28 09:58:00.000000000,BEST_ASK,"JPM,99938,26"
2019-06-28 09:58:00.000000000,BEST_BID,"JPM,99911,286"
2019-06-28 09:58:00.000000000,BEST_ASK,"JPM,99938,212"
2019-06-28 09:58:00.000000000,BEST_BID,"JPM,99911,286"
2019-06-28 09:58:00.000000000,BEST_ASK,"JPM,99938,212"
2019-06-28 09:58:00.000000000,QUERY_SPREAD,77
2019-06-28 09:58:00.000000000,QUERY_SPREAD,78
2019-06-28 09:58:00.000000000,QUERY_SPREAD,79
2019-06-28 09:58:00.000000000,QUERY_SPREAD,80
2019-06-28 09:58:00.000000000,QUERY_SPREAD,81
2019-06-28 09:58:00.000000000,QUERY_SPREAD,82
2019-06-28 09:58:00.000000000,QUERY_SPREAD,83
2019-06-28 09:58:00.000000000,QUERY_SPREAD,84
2019-06-28 09:58:00.000000000,QUERY_SPREAD,85
2019-06-28 09:58:00.000000000,QUERY_SPREAD,86
2019-06-28 09:58:00.000000000,QUERY_SPREAD,87
2019-06-28 09:58:00.000000000,QUERY_SPREAD,88
2019-06-28 09:58:00.000000000,QUERY_SPREAD,89
2019-06-28 09:58:00.000000000,QUERY_SPREAD,90
2019-06-28 09:58:00.000000000,QUERY_SPREAD,91
2019-06-28 09:58:00.000000000,QUERY_SPREAD,92
2019-06-28 09:58:00.000000000,QUERY_SPREAD,93
2019-06-28 09:58:00.000000000,QUERY_SPREAD,94
2019-06-28 09:58:00.000000000,QUERY_SPREAD,95
2019-06-28 09:58:00.000000000,QUERY_SPREAD,96
2019-06-28 09:58:00.000000000,QUERY_SPREAD,97
2019-06-28 09:58:00.000000000,QUERY_SPREAD,98
2019-06-28 09:58:00.000000000,QUERY_SPREAD,99
2019-06-28 09:58:00.000000000,QUERY_SPREAD,100
2019-06-28 09:58:00.000000000,QUERY_SPREAD,101
2019-06-28 09:58:06.999823984,QUERY_SPREAD,36
2019-06-28 09:58:06.999823984,BEST_BID,"JPM,99911,186"
2019-06-28 09:58:06.999823984,BEST_ASK,"JPM,99938,212"
2019-06-28 09:58:06.999823984,LAST_TRADE,"100,$99911.0000"
2019-06-28 09:58:10.000000000,QUERY_SPREAD,1
2019-06-28 09:58:10.000000000,BEST_BID,"JPM,99909,471"
2019-06-28 09:58:10.000000000,BEST_ASK,"JPM,99938,26"
2019-06-28 09:58:10.000000000,BEST_BID,"JPM,99909,471"
2019-06-28 09:58:10.000000000,BEST_ASK,"JPM,99938,397"
2019-06-28 09:58:13.740307240,QUERY_ORDER_STREAM,52
2019-06-28 09:58:13.740307240,QUERY_SPREAD,52
2019-06-28 09:58:19.882706322,QUERY_SPREAD,38
2019-06-28 09:58:19.882706322,BEST_BID,"JPM,99909,371"
2019-06-28 09:58:19.882706322,BEST_ASK,"JPM,99938,397"
2019-06-28 09:58:19.882706322,LAST_TRADE,"100,$99909.0000"
2019-06-28 09:58:20.000000000,QUERY_SPREAD,1
2019-06-28 09:58:20.000000000,BEST_BID,"JPM,99859,286"
2019-06-28 09:58:20.000000000,BEST_ASK,"JPM,99938,26"
2019-06-28 09:58:20.000000000,BEST_BID,"JPM,99859,286"
2019-06-28 09:58:20.000000000,BEST_ASK,"JPM,99938,26"
2019-06-28 09:58:20.000000000,BEST_BID,"JPM,99859,286"
2019-06-28 09:58:20.000000000,BEST_ASK,"JPM,99938,212"
2019-06-28 09:58:20.000000000,BEST_BID,"JPM,99859,286"
2019-06-28 09:58:20.000000000,BEST_ASK,"JPM,99938,212"
2019-06-28 09:58:30.000000000,QUERY_SPREAD,1
2019-06-28 09:58:30.000000000,BEST_BID,"JPM,99859,174"
2019-06-28 09:58:30.000000000,BEST_ASK,"JPM,99938,26"
2019-06-28 09:58:30.000000000,BEST_BID,"JPM,99859,174"
2019-06-28 09:58:30.000000000,BEST_ASK,"JPM,99938,26"
2019-06-28 09:58:30.000000000,BEST_BID,"JPM,99859,174"
2019-06-28 09:58:30.000000000,BEST_ASK,"JPM,99938,26"
2019-06-28 09:58:30.000000000,BEST_BID,"JPM,99859,174"
2019-06-28 09:58:30.000000000,BEST_ASK,"JPM,99938,26"
2019-06-28 09:58:30.000000000,BEST_BID,"JPM,99859,174"
2019-06-28 09:58:30.000000000,BEST_ASK,"JPM,99938,26"
2019-06-28 09:58:30.000000000,BEST_BID,"JPM,99859,174"
2019-06-28 09:58:30.000000000,BEST_ASK,"JPM,99938,100"
2019-06-28 09:58:30.000000000,BEST_BID,"JPM,99859,174"
2019-06-28 09:58:30.000000000,BEST_ASK,"JPM,99938,100"
2019-06-28 09:58:30.000000000,BEST_BID,"JPM,99859,174"
2019-06-28 09:58:30.000000000,BEST_ASK,"JPM,99938,100"
2019-06-28 09:58:30.000000000,BEST_BID,"JPM,99859,174"
2019-06-28 09:58:30.000000000,BEST_ASK,"JPM,99938,100"
2019-06-28 09:58:30.000000000,BEST_BID,"JPM,99859,174"
2019-06-28 09:58:30.000000000,BEST_ASK,"JPM,99938,100"
2019-06-28 09:58:32.504644326,QUERY_SPREAD,47
2019-06-28 09:58:32.504644326,BEST_BID,"JPM,99859,174"
2019-06-28 09:58:32.504644326,BEST_ASK,"JPM,99938,100"
2019-06-28 09:58:34.287742615,QUERY_ORDER_STREAM,69
2019-06-28 09:58:34.287742615,QUERY_SPREAD,69
2019-06-28 09:58:40.000000000,QUERY_SPREAD,1
2019-06-28 09:58:40.000000000,BEST_BID,"JPM,99859,193"
2019-06-28 09:58:40.000000000,BEST_ASK,"JPM,99938,26"
2019-06-28 09:58:40.000000000,BEST_BID,"JPM,99859,193"
2019-06-28 09:58:40.000000000,BEST_ASK,"JPM,99938,26"
2019-06-28 09:58:40.000000000,BEST_BID,"JPM,99859,193"
2019-06-28 09:58:40.000000000,BEST_ASK,"JPM,99938,26"
2019-06-28 09:58:40.000000000,BEST_BID,"JPM,99859,193"
2019-06-28 09:58:40.000000000,BEST_ASK,"JPM,99938,26"
2019-06-28 09:58:40.000000000,BEST_BID,"JPM,99859,193"
2019-06-28 09:58:40.000000000,BEST_ASK,"JPM,99938,119"
2019-06-28 09:58:40.000000000,BEST_BID,"JPM,99859,193"
2019-06-28 09:58:40.000000000,BEST_ASK,"JPM,99938,119"
2019-06-28 09:58:40.000000000,BEST_BID,"JPM,99859,193"
2019-06-28 09:58:40.000000000,BEST_ASK,"JPM,99938,119"
2019-06-28 09:58:40.000000000,BEST_BID,"JPM,99859,193"
2019-06-28 09:58:40.000000000,BEST_ASK,"JPM,99938,119"
2019-06-28 09:58:44.468926309,QUERY_ORDER_STREAM,56
2019-06-28 09:58:44.468926309,QUERY_SPREAD,56
2019-06-28 09:58:44.468926309,BEST_BID,"JPM,99912,100"
2019-06-28 09:58:44.468926309,BEST_ASK,"JPM,99938,93"
2019-06-28 09:58:44.836647440,QUERY_SPREAD,35
2019-06-28 09:58:44.836647440,BEST_BID,"JPM,99912,100"
2019-06-28 09:58:44.836647440,BEST_ASK,"JPM,99938,93"
2019-06-28 09:58:50.000000000,QUERY_SPREAD,1
2019-06-28 09:58:50.000000000,BEST_BID,"JPM,99912,193"
2019-06-28 09:58:50.000000000,BEST_ASK,"JPM,100014,100"
2019-06-28 09:58:50.000000000,BEST_BID,"JPM,99912,193"
2019-06-28 09:58:50.000000000,BEST_ASK,"JPM,100014,100"
2019-06-28 09:58:50.000000000,BEST_BID,"JPM,99912,193"
2019-06-28 09:58:50.000000000,BEST_ASK,"JPM,100014,100"
2019-06-28 09:58:50.000000000,BEST_BID,"JPM,99912,193"
2019-06-28 09:58:50.000000000,BEST_ASK,"JPM,100014,100"
2019-06-28 09:58:50.000000000,BEST_BID,"JPM,99912,193"
2019-06-28 09:58:50.000000000,BEST_ASK,"JPM,100014,193"
2019-06-28 09:58:50.000000000,BEST_BID,"JPM,99912,193"
2019-06-28 09:58:50.000000000,BEST_ASK,"JPM,100014,193"
2019-06-28 09:58:50.000000000,BEST_BID,"JPM,99912,193"
2019-06-28 09:58:50.000000000,BEST_ASK,"JPM,100014,193"
2019-06-28 09:58:50.000000000,BEST_BID,"JPM,99912,193"
2019-06-28 09:58:50.000000000,BEST_ASK,"JPM,100014,193"
2019-06-28 09:59:00.000000000,QUERY_SPREAD,1
2019-06-28 09:59:00.000000000,BEST_BID,"JPM,99912,193"
2019-06-28 09:59:00.000000000,BEST_ASK,"JPM,100014,100"
2019-06-28 09:59:00.000000000,BEST_BID,"JPM,99912,193"
2019-06-28 09:59:00.000000000,BEST_ASK,"JPM,100014,100"
2019-06-28 09:59:00.000000000,BEST_BID,"JPM,99912,193"
2019-06-28 09:59:00.000000000,BEST_ASK,"JPM,100014,100"
2019-06-28 09:59:00.000000000,BEST_BID,"JPM,99912,193"
2019-06-28 09:59:00.000000000,BEST_ASK,"JPM,100014,100"
2019-06-28 09:59:00.000000000,BEST_BID,"JPM,99912,193"
2019-06-28 09:59:00.000000000,BEST_ASK,"JPM,100014,193"
2019-06-28 09:59:00.000000000,BEST_BID,"JPM,99912,193"
2019-06-28 09:59:00.000000000,BEST_ASK,"JPM,100014,193"
2019-06-28 09:59:00.000000000,BEST_BID,"JPM,99912,193"
2019-06-28 09:59:00.000000000,BEST_ASK,"JPM,100014,193"
2019-06-28 09:59:00.000000000,BEST_BID,"JPM,99912,193"
2019-06-28 09:59:00.000000000,BEST_ASK,"JPM,100014,193"
2019-06-28 09:59:00.000000000,QUERY_SPREAD,77
2019-06-28 09:59:00.000000000,QUERY_SPREAD,78
2019-06-28 09:59:00.000000000,QUERY_SPREAD,79
2019-06-28 09:59:00.000000000,QUERY_SPREAD,80
2019-06-28 09:59:00.000000000,QUERY_SPREAD,81
2019-06-28 09:59:00.000000000,QUERY_SPREAD,82
2019-06-28 09:59:00.000000000,QUERY_SPREAD,83
2019-06-28 09:59:00.000000000,QUERY_SPREAD,84
2019-06-28 09:59:00.000000000,QUERY_SPREAD,85
2019-06-28 09:59:00.000000000,QUERY_SPREAD,86
2019-06-28 09:59:00.000000000,QUERY_SPREAD,87
2019-06-28 09:59:00.000000000,QUERY_SPREAD,88
2019-06-28 09:59:00.000000000,QUERY_SPREAD,89
2019-06-28 09:59:00.000000000,QUERY_SPREAD,90
2019-06-28 09:59:00.000000000,QUERY_SPREAD,91
2019-06-28 09:59:00.000000000,QUERY_SPREAD,92
2019-06-28 09:59:00.000000000,QUERY_SPREAD,93
2019-06-28 09:59:00.000000000,QUERY_SPREAD,94
2019-06-28 09:59:00.000000000,QUERY_SPREAD,95
2019-06-28 09:59:00.000000000,QUERY_SPREAD,96
2019-06-28 09:59:00.000000000,QUERY_SPREAD,97
2019-06-28 09:59:00.000000000,QUERY_SPREAD,98
2019-06-28 09:59:00.000000000,QUERY_SPREAD,99
2019-06-28 09:59:00.000000000,QUERY_SPREAD,100
2019-06-28 09:59:00.000000000,QUERY_SPREAD,101
2019-06-28 09:59:10.000000000,QUERY_SPREAD,1
2019-06-28 09:59:10.000000000,BEST_BID,"JPM,99912,286"
2019-06-28 09:59:10.000000000,BEST_ASK,"JPM,100014,100"
2019-06-28 09:59:10.000000000,BEST_BID,"JPM,99912,286"
2019-06-28 09:59:10.000000000,BEST_ASK,"JPM,100014,100"
2019-06-28 09:59:10.000000000,BEST_BID,"JPM,99912,286"
2019-06-28 09:59:10.000000000,BEST_ASK,"JPM,100014,286"
2019-06-28 09:59:10.000000000,BEST_BID,"JPM,99912,286"
2019-06-28 09:59:10.000000000,BEST_ASK,"JPM,100014,286"
2019-06-28 09:59:20.000000000,QUERY_SPREAD,1
2019-06-28 09:59:20.000000000,BEST_BID,"JPM,99912,471"
2019-06-28 09:59:20.000000000,BEST_ASK,"JPM,100014,100"
2019-06-28 09:59:20.000000000,BEST_BID,"JPM,99912,471"
2019-06-28 09:59:20.000000000,BEST_ASK,"JPM,100014,471"
2019-06-28 09:59:23.504928855,QUERY_SPREAD,3
2019-06-28 09:59:23.504928855,BEST_BID,"JPM,99912,471"
2019-06-28 09:59:23.504928855,BEST_ASK,"JPM,99922,100"
2019-06-28 09:59:29.562660709,QUERY_ORDER_STREAM,66
2019-06-28 09:59:29.562660709,QUERY_SPREAD,66
2019-06-28 09:59:29.562660709,BEST_BID,"JPM,99912,371"
2019-06-28 09:59:29.562660709,BEST_ASK,"JPM,99922,100"
2019-06-28 09:59:29.562660709,LAST_TRADE,"100,$99912.0000"
2019-06-28 09:59:30.000000000,QUERY_SPREAD,1
2019-06-28 09:59:30.000000000,BEST_BID,"JPM,99859,226"
2019-06-28 09:59:30.000000000,BEST_ASK,"JPM,99922,100"
2019-06-28 09:59:30.000000000,BEST_BID,"JPM,99859,226"
2019-06-28 09:59:30.000000000,BEST_ASK,"JPM,99922,100"
2019-06-28 09:59:30.000000000,BEST_BID,"JPM,99859,226"
2019-06-28 09:59:30.000000000,BEST_ASK,"JPM,99922,100"
2019-06-28 09:59:30.000000000,BEST_BID,"JPM,99859,226"
2019-06-28 09:59:30.000000000,BEST_ASK,"JPM,99922,226"
2019-06-28 09:59:30.000000000,BEST_BID,"JPM,99859,226"
2019-06-28 09:59:30.000000000,BEST_ASK,"JPM,99922,226"
2019-06-28 09:59:30.000000000,BEST_BID,"JPM,99859,226"
2019-06-28 09:59:30.000000000,BEST_ASK,"JPM,99922,226"
2019-06-28 09:59:40.000000000,QUERY_SPREAD,1
2019-06-28 09:59:40.000000000,BEST_BID,"JPM,99859,174"
2019-06-28 09:59:40.000000000,BEST_ASK,"JPM,99922,100"
2019-06-28 09:59:40.000000000,BEST_BID,"JPM,99859,174"
2019-06-28 09:59:40.000000000,BEST_ASK,"JPM,99922,100"
2019-06-28 09:59:40.000000000,BEST_BID,"JPM,99859,174"
2019-06-28 09:59:40.000000000,BEST_ASK,"JPM,99922,100"
2019-06-28 09:59:40.000000000,BEST_BID,"JPM,99859,174"
2019-06-28 09:59:40.000000000,BEST_ASK,"JPM,99922,100"
2019-06-28 09:59:40.000000000,BEST_BID,"JPM,99859,174"
2019-06-28 09:59:40.000000000,BEST_ASK,"JPM,99922,100"
2019-06-28 09:59:40.000000000,BEST_BID,"JPM,99859,174"
2019-06-28 09:59:40.000000000,BEST_ASK,"JPM,99922,174"
2019-06-28 09:59:40.000000000,BEST_BID,"JPM,99859,174"
2019-06-28 09:59:40.000000000,BEST_ASK,"JPM,99922,174"
2019-06-28 09:59:40.000000000,BEST_BID,"JPM,99859,174"
2019-06-28 09:59:40.000000000,BEST_ASK,"JPM,99922,174"
2019-06-28 09:59:40.000000000,BEST_BID,"JPM,99859,174"
2019-06-28 09:59:40.000000000,BEST_ASK,"JPM,99922,174"
2019-06-28 09:59:40.000000000,BEST_BID,"JPM,99859,174"
2019-06-28 09:59:40.000000000,BEST_ASK,"JPM,99922,174"
2019-06-28 09:59:50.000000000,QUERY_SPREAD,1
2019-06-28 09:59:50.000000000,BEST_BID,"JPM,99859,174"
2019-06-28 09:59:50.000000000,BEST_ASK,"JPM,99922,100"
2019-06-28 09:59:50.000000000,BEST_BID,"JPM,99859,174"
2019-06-28 09:59:50.000000000,BEST_ASK,"JPM,99922,100"
2019-06-28 09:59:50.000000000,BEST_BID,"JPM,99859,174"
2019-06-28 09:59:50.000000000,BEST_ASK,"JPM,99922,100"
2019-06-28 09:59:50.000000000,BEST_BID,"JPM,99859,174"
2019-06-28 09:59:50.000000000,BEST_ASK,"JPM,99922,100"
2019-06-28 09:59:50.000000000,BEST_BID,"JPM,99859,174"
2019-06-28 09:59:50.000000000,BEST_ASK,"JPM,99922,100"
2019-06-28 09:59:50.000000000,BEST_BID,"JPM,99859,174"
2019-06-28 09:59:50.000000000,BEST_ASK,"JPM,99922,174"
2019-06-28 09:59:50.000000000,BEST_BID,"JPM,99859,174"
2019-06-28 09:59:50.000000000,BEST_ASK,"JPM,99922,174"
2019-06-28 09:59:50.000000000,BEST_BID,"JPM,99859,174"
2019-06-28 09:59:50.000000000,BEST_ASK,"JPM,99922,174"
2019-06-28 09:59:50.000000000,BEST_BID,"JPM,99859,174"
2019-06-28 09:59:50.000000000,BEST_ASK,"JPM,99922,174"
2019-06-28 09:59:50.000000000,BEST_BID,"JPM,99859,174"
2019-06-28 09:59:50.000000000,BEST_ASK,"JPM,99922,174"
2019-06-28 09:59:54.313068243,QUERY_SPREAD,13
2019-06-28 09:59:54.313068243,BEST_BID,"JPM,99859,174"
2019-06-28 09:59:54.313068243,BEST_ASK,"JPM,99922,174"
2019-06-28 10:00:00.000000000,QUERY_SPREAD,1
2019-06-28 10:00:00.000000000,BEST_BID,"JPM,99859,174"
2019-06-28 10:00:00.000000000,BEST_ASK,"JPM,99922,100"
2019-06-28 10:00:00.000000000,BEST_BID,"JPM,99859,174"
2019-06-28 10:00:00.000000000,BEST_ASK,"JPM,99922,100"
2019-06-28 10:00:00.000000000,BEST_BID,"JPM,99859,174"
2019-06-28 10:00:00.000000000,BEST_ASK,"JPM,99922,100"
2019-06-28 10:00:00.000000000,BEST_BID,"JPM,99859,174"
2019-06-28 10:00:00.000000000,BEST_ASK,"JPM,99922,100"
2019-06-28 10:00:00.000000000,BEST_BID,"JPM,99859,174"
2019-06-28 10:00:00.000000000,BEST_ASK,"JPM,99922,100"
2019-06-28 10:00:00.000000000,BEST_BID,"JPM,99859,174"
2019-06-28 10:00:00.000000000,BEST_ASK,"JPM,99922,174"
2019-06-28 10:00:00.000000000,BEST_BID,"JPM,99859,174"
2019-06-28 10:00:00.000000000,BEST_ASK,"JPM,99922,174"
2019-06-28 10:00:00.000000000,BEST_BID,"JPM,99859,174"
2019-06-28 10:00:00.000000000,BEST_ASK,"JPM,99922,174"
2019-06-28 10:00:00.000000000,BEST_BID,"JPM,99859,174"
2019-06-28 10:00:00.000000000,BEST_ASK,"JPM,99922,174"
2019-06-28 10:00:00.000000000,BEST_BID,"JPM,99859,174"
2019-06-28 10:00:00.000000000,BEST_ASK,"JPM,99922,174"
2019-06-28 10:00:00.000000000,QUERY_SPREAD,77
2019-06-28 10:00:00.000000000,QUERY_SPREAD,78
2019-06-28 10:00:00.000000000,QUERY_SPREAD,79
2019-06-28 10:00:00.000000000,QUERY_SPREAD,80
2019-06-28 10:00:00.000000000,QUERY_SPREAD,81
2019-06-28 10:00:00.000000000,QUERY_SPREAD,82
2019-06-28 10:00:00.000000000,QUERY_SPREAD,83
2019-06-28 10:00:00.000000000,QUERY_SPREAD,84
2019-06-28 10:00:00.000000000,QUERY_SPREAD,85
2019-06-28 10:00:00.000000000,QUERY_SPREAD,86
2019-06-28 10:00:00.000000000,QUERY_SPREAD,87
2019-06-28 10:00:00.000000000,QUERY_SPREAD,88
2019-06-28 10:00:00.000000000,QUERY_SPREAD,89
2019-06-28 10:00:00.000000000,QUERY_SPREAD,90
2019-06-28 10:00:00.000000000,QUERY_SPREAD,91
2019-06-28 10:00:00.000000000,QUERY_SPREAD,92
2019-06-28 10:00:00.000000000,QUERY_SPREAD,93
2019-06-28 10:00:00.000000000,QUERY_SPREAD,94
2019-06-28 10:00:00.000000000,QUERY_SPREAD,95
2019-06-28 10:00:00.000000000,QUERY_SPREAD,96
2019-06-28 10:00:00.000000000,QUERY_SPREAD,97
2019-06-28 10:00:00.000000000,QUERY_SPREAD,98
2019-06-28 10:00:00.000000000,QUERY_SPREAD,99
2019-06-28 10:00:00.000000000,QUERY_SPREAD,100
2019-06-28 10:00:00.000000000,QUERY_SPREAD,101
2019-06-28 10:00:00.685064794,QUERY_SPREAD,11
2019-06-28 10:00:00.685064794,BEST_BID,"JPM,99859,174"
2019-06-28 10:00:00.685064794,BEST_ASK,"JPM,99922,174"
2019-06-28 10:00:10.000000000,QUERY_SPREAD,1
2019-06-28 10:00:10.000000000,BEST_BID,"JPM,99859,174"
2019-06-28 10:00:10.000000000,BEST_ASK,"JPM,99922,100"
2019-06-28 10:00:10.000000000,BEST_BID,"JPM,99859,174"
2019-06-28 10:00:10.000000000,BEST_ASK,"JPM,99922,100"
2019-06-28 10:00:10.000000000,BEST_BID,"JPM,99859,174"
2019-06-28 10:00:10.000000000,BEST_ASK,"JPM,99922,100"
2019-06-28 10:00:10.000000000,BEST_BID,"JPM,99859,174"
2019-06-28 10:00:10.000000000,BEST_ASK,"JPM,99922,100"
2019-06-28 10:00:10.000000000,BEST_BID,"JPM,99859,174"
2019-06-28 10:00:10.000000000,BEST_ASK,"JPM,99922,100"
2019-06-28 10:00:10.000000000,BEST_BID,"JPM,99859,174"
2019-06-28 10:00:10.000000000,BEST_ASK,"JPM,99922,174"
2019-06-28 10:00:10.000000000,BEST_BID,"JPM,99859,174"
2019-06-28 10:00:10.000000000,BEST_ASK,"JPM,99922,174"
2019-06-28 10:00:10.000000000,BEST_BID,"JPM,99859,174"
2019-06-28 10:00:10.000000000,BEST_ASK,"JPM,99922,174"
2019-06-28 10:00:10.000000000,BEST_BID,"JPM,99859,174"
2019-06-28 10:00:10.000000000,BEST_ASK,"JPM,99922,174"
2019-06-28 10:00:10.000000000,BEST_BID,"JPM,99859,174"
2019-06-28 10:00:10.000000000,BEST_ASK,"JPM,99922,174"
2019-06-28 10:00:20.000000000,QUERY_SPREAD,1
2019-06-28 10:00:20.000000000,BEST_BID,"JPM,99859,226"
2019-06-28 10:00:20.000000000,BEST_ASK,"JPM,99922,100"
2019-06-28 10:00:20.000000000,BEST_BID,"JPM,99859,226"
2019-06-28 10:00:20.000000000,BEST_ASK,"JPM,99922,100"
2019-06-28 10:00:20.000000000,BEST_BID,"JPM,99859,226"
2019-06-28 10:00:20.000000000,BEST_ASK,"JPM,99922,100"
2019-06-28 10:00:20.000000000,BEST_BID,"JPM,99859,226"
2019-06-28 10:00:20.000000000,BEST_ASK,"JPM,99922,226"
2019-06-28 10:00:20.000000000,BEST_BID,"JPM,99859,226"
2019-06-28 10:00:20.000000000,BEST_ASK,"JPM,99922,226"
2019-06-28 10:00:20.000000000,BEST_BID,"JPM,99859,226"
2019-06-28 10:00:20.000000000,BEST_ASK,"JPM,99922,226"
2019-06-28 10:00:26.495831445,QUERY_ORDER_STREAM,53
2019-06-28 10:00:26.495831445,QUERY_SPREAD,53
2019-06-28 10:00:26.495831445,BEST_BID,"JPM,99859,226"
2019-06-28 10:00:26.495831445,BEST_ASK,"JPM,99912,100"
2019-06-28 10:00:30.000000000,QUERY_SPREAD,1
2019-06-28 10:00:30.000000000,BEST_BID,"JPM,99859,226"
2019-06-28 10:00:30.000000000,BEST_ASK,"JPM,99912,100"
2019-06-28 10:00:30.000000000,BEST_BID,"JPM,99859,226"
2019-06-28 10:00:30.000000000,BEST_ASK,"JPM,99912,100"
2019-06-28 10:00:30.000000000,BEST_BID,"JPM,99859,226"
2019-06-28 10:00:30.000000000,BEST_ASK,"JPM,99912,100"
2019-06-28 10:00:30.000000000,BEST_BID,"JPM,99859,226"
2019-06-28 10:00:30.000000000,BEST_ASK,"JPM,99912,226"
2019-06-28 10:00:30.000000000,BEST_BID,"JPM,99859,226"
2019-06-28 10:00:30.000000000,BEST_ASK,"JPM,99912,226"
2019-06-28 10:00:30.000000000,BEST_BID,"JPM,99859,226"
2019-06-28 10:00:30.000000000,BEST_ASK,"JPM,99912,226"
2019-06-28 10:00:38.520196870,QUERY_ORDER_STREAM,62
2019-06-28 10:00:38.520196870,QUERY_SPREAD,62
2019-06-28 10:00:38.520196870,BEST_BID,"JPM,99859,226"
2019-06-28 10:00:38.520196870,BEST_ASK,"JPM,99912,326"
2019-06-28 10:00:40.000000000,QUERY_SPREAD,1
2019-06-28 10:00:40.000000000,BEST_BID,"JPM,99859,226"
2019-06-28 10:00:40.000000000,BEST_ASK,"JPM,99912,200"
2019-06-28 10:00:40.000000000,BEST_BID,"JPM,99859,226"
2019-06-28 10:00:40.000000000,BEST_ASK,"JPM,99912,200"
2019-06-28 10:00:40.000000000,BEST_BID,"JPM,99859,226"
2019-06-28 10:00:40.000000000,BEST_ASK,"JPM,99912,200"
2019-06-28 10:00:40.000000000,BEST_BID,"JPM,99859,226"
2019-06-28 10:00:40.000000000,BEST_ASK,"JPM,99912,326"
2019-06-28 10:00:40.000000000,BEST_BID,"JPM,99859,226"
2019-06-28 10:00:40.000000000,BEST_ASK,"JPM,99912,326"
2019-06-28 10:00:40.000000000,BEST_BID,"JPM,99859,226"
2019-06-28 10:00:40.000000000,BEST_ASK,"JPM,99912,326"
2019-06-28 10:00:50.000000000,QUERY_SPREAD,1
2019-06-28 10:00:50.000000000,BEST_BID,"JPM,99859,471"
2019-06-28 10:00:50.000000000,BEST_ASK,"JPM,99912,200"
2019-06-28 10:00:50.000000000,BEST_BID,"JPM,99859,471"
2019-06-28 10:00:50.000000000,BEST_ASK,"JPM,99912,571"
2019-06-28 10:00:53.646706666,QUERY_ORDER_STREAM,68
2019-06-28 10:00:53.646706666,QUERY_SPREAD,68
2019-06-28 10:00:53.646706666,BEST_BID,"JPM,99859,471"
2019-06-28 10:00:53.646706666,BEST_ASK,"JPM,99912,671"
2019-06-28 10:00:58.352859718,QUERY_ORDER_STREAM,76
2019-06-28 10:00:58.352859718,QUERY_SPREAD,76
2019-06-28 10:00:58.352859718,BEST_BID,"JPM,99859,471"
2019-06-28 10:00:58.352859718,BEST_ASK,"JPM,99912,771"
2019-06-28 10:01:00.000000000,QUERY_SPREAD,1
2019-06-28 10:01:00.000000000,BEST_BID,"JPM,99859,193"
2019-06-28 10:01:00.000000000,BEST_ASK,"JPM,99912,400"
2019-06-28 10:01:00.000000000,BEST_BID,"JPM,99859,193"
2019-06-28 10:01:00.000000000,BEST_ASK,"JPM,99912,400"
2019-06-28 10:01:00.000000000,BEST_BID,"JPM,99859,193"
2019-06-28 10:01:00.000000000,BEST_ASK,"JPM,99912,400"
2019-06-28 10:01:00.000000000,BEST_BID,"JPM,99859,193"
2019-06-28 10:01:00.000000000,BEST_ASK,"JPM,99912,400"
2019-06-28 10:01:00.000000000,BEST_BID,"JPM,99859,193"
2019-06-28 10:01:00.000000000,BEST_ASK,"JPM,99912,493"
2019-06-28 10:01:00.000000000,BEST_BID,"JPM,99859,193"
2019-06-28 10:01:00.000000000,BEST_ASK,"JPM,99912,493"
2019-06-28 10:01:00.000000000,BEST_BID,"JPM,99859,193"
2019-06-28 10:01:00.000000000,BEST_ASK,"JPM,99912,493"
2019-06-28 10:01:00.000000000,BEST_BID,"JPM,99859,193"
2019-06-28 10:01:00.000000000,BEST_ASK,"JPM,99912,493"
2019-06-28 10:01:00.000000000,QUERY_SPREAD,77
2019-06-28 10:01:00.000000000,QUERY_SPREAD,78
2019-06-28 10:01:00.000000000,QUERY_SPREAD,79
2019-06-28 10:01:00.000000000,QUERY_SPREAD,80
2019-06-28 10:01:00.000000000,QUERY_SPREAD,81
2019-06-28 10:01:00.000000000,QUERY_SPREAD,82
2019-06-28 10:01:00.000000000,QUERY_SPREAD,83
2019-06-28 10:01:00.000000000,QUERY_SPREAD,84
2019-06-28 10:01:00.000000000,QUERY_SPREAD,85
2019-06-28 10:01:00.000000000,QUERY_SPREAD,86
2019-06-28 10:01:00.000000000,QUERY_SPREAD,87
2019-06-28 10:01:00.000000000,QUERY_SPREAD,88
2019-06-28 10:01:00.000000000,QUERY_SPREAD,89
2019-06-28 10:01:00.000000000,QUERY_SPREAD,90
2019-06-28 10:01:00.000000000,QUERY_SPREAD,91
2019-06-28 10:01:00.000000000,QUERY_SPREAD,92
2019-06-28 10:01:00.000000000,QUERY_SPREAD,93
2019-06-28 10:01:00.000000000,QUERY_SPREAD,94
2019-06-28 10:01:00.000000000,QUERY_SPREAD,95
2019-06-28 10:01:00.000000000,QUERY_SPREAD,96
2019-06-28 10:01:00.000000000,QUERY_SPREAD,97
2019-06-28 10:01:00.000000000,QUERY_SPREAD,98
2019-06-28 10:01:00.000000000,QUERY_SPREAD,99
2019-06-28 10:01:00.000000000,QUERY_SPREAD,100
2019-06-28 10:01:00.000000000,QUERY_SPREAD,101
2019-06-28 10:01:10.000000000,QUERY_SPREAD,1
2019-06-28 10:01:10.000000000,BEST_BID,"JPM,99859,226"
2019-06-28 10:01:10.000000000,BEST_ASK,"JPM,99912,400"
2019-06-28 10:01:10.000000000,BEST_BID,"JPM,99859,226"
2019-06-28 10:01:10.000000000,BEST_ASK,"JPM,99912,400"
2019-06-28 10:01:10.000000000,BEST_BID,"JPM,99859,226"
2019-06-28 10:01:10.000000000,BEST_ASK,"JPM,99912,400"
2019-06-28 10:01:10.000000000,BEST_BID,"JPM,99859,226"
2019-06-28 10:01:10.000000000,BEST_ASK,"JPM,99912,526"
2019-06-28 10:01:10.000000000,BEST_BID,"JPM,99859,226"
2019-06-28 10:01:10.000000000,BEST_ASK,"JPM,99912,526"
2019-06-28 10:01:10.000000000,BEST_BID,"JPM,99859,226"
2019-06-28 10:01:10.000000000,BEST_ASK,"JPM,99912,526"
2019-06-28 10:01:14.281227877,QUERY_SPREAD,6
2019-06-28 10:01:14.281227877,BEST_BID,"JPM,99859,226"
2019-06-28 10:01:14.281227877,BEST_ASK,"JPM,99912,526"
2019-06-28 10:01:14.610939757,QUERY_SPREAD,41
2019-06-28 10:01:14.610939757,BEST_BID,"JPM,99859,226"
2019-06-28 10:01:14.610939757,BEST_ASK,"JPM,99912,526"
2019-06-28 10:01:18.812464239,QUERY_SPREAD,41
2019-06-28 10:01:18.812464239,BEST_BID,"JPM,99859,226"
2019-06-28 10:01:18.812464239,BEST_ASK,"JPM,99912,526"
2019-06-28 10:01:20.000000000,QUERY_SPREAD,1
2019-06-28 10:01:20.000000000,BEST_BID,"JPM,99859,286"
2019-06-28 10:01:20.000000000,BEST_ASK,"JPM,99912,400"
2019-06-28 10:01:20.000000000,BEST_BID,"JPM,99859,286"
2019-06-28 10:01:20.000000000,BEST_ASK,"JPM,99912,400"
2019-06-28 10:01:20.000000000,BEST_BID,"JPM,99859,286"
2019-06-28 10:01:20.000000000,BEST_ASK,"JPM,99912,586"
2019-06-28 10:01:20.000000000,BEST_BID,"JPM,99859,286"
2019-06-28 10:01:20.000000000,BEST_ASK,"JPM,99912,586"
2019-06-28 10:01:26.929391311,QUERY_SPREAD,8
2019-06-28 10:01:26.929391311,BEST_BID,"JPM,99859,286"
2019-06-28 10:01:26.929391311,BEST_ASK,"JPM,99912,586"
2019-06-28 10:01:30.000000000,QUERY_SPREAD,1
2019-06-28 10:01:30.000000000,BEST_BID,"JPM,99859,174"
2019-06-28 10:01:30.000000000,BEST_ASK,"JPM,99912,400"
2019-06-28 10:01:30.000000000,BEST_BID,"JPM,99859,174"
2019-06-28 10:01:30.000000000,BEST_ASK,"JPM,99912,400"
2019-06-28 10:01:30.000000000,BEST_BID,"JPM,99859,174"
2019-06-28 10:01:30.000000000,BEST_ASK,"JPM,99912,400"
2019-06-28 10:01:30.000000000,BEST_BID,"JPM,99859,174"
2019-06-28 10:01:30.000000000,BEST_ASK,"JPM,99912,400"
2019-06-28 10:01:30.000000000,BEST_BID,"JPM,99859,174"
2019-06-28 10:01:30.000000000,BEST_ASK,"JPM,99912,400"
2019-06-28 10:01:30.000000000,BEST_BID,"JPM,99859,174"
2019-06-28 10:01:30.000000000,BEST_ASK,"JPM,99912,474"
2019-06-28 10:01:30.000000000,BEST_BID,"JPM,99859,174"
2019-06-28 10:01:30.000000000,BEST_ASK,"JPM,99912,474"
2019-06-28 10:01:30.000000000,BEST_BID,"JPM,99859,174"
2019-06-28 10:01:30.000000000,BEST_ASK,"JPM,99912,474"
2019-06-28 10:01:30.000000000,BEST_BID,"JPM,99859,174"
2019-06-28 10:01:30.000000000,BEST_ASK,"JPM,99912,474"
2019-06-28 10:01:30.000000000,BEST_BID,"JPM,99859,174"
2019-06-28 10:01:30.000000000,BEST_ASK,"JPM,99912,474"
2019-06-28 10:01:31.471677462,QUERY_SPREAD,36
2019-06-28 10:01:31.471677462,BEST_BID,"JPM,99859,74"
2019-06-28 10:01:31.471677462,BEST_ASK,"JPM,99912,474"
2019-06-28 10:01:31.471677462,LAST_TRADE,"100,$99859.0000"
2019-06-28 10:01:40.000000000,QUERY_SPREAD,1
2019-06-28 10:01:40.000000000,BEST_BID,"JPM,99781,471"
2019-06-28 10:01:40.000000000,BEST_ASK,"JPM,99912,400"
2019-06-28 10:01:40.000000000,BEST_BID,"JPM,99781,471"
2019-06-28 10:01:40.000000000,BEST_ASK,"JPM,99912,771"
2019-06-28 10:01:50.000000000,QUERY_SPREAD,1
2019-06-28 10:01:50.000000000,BEST_BID,"JPM,99781,193"
2019-06-28 10:01:50.000000000,BEST_ASK,"JPM,99912,400"
2019-06-28 10:01:50.000000000,BEST_BID,"JPM,99781,193"
2019-06-28 10:01:50.000000000,BEST_ASK,"JPM,99912,400"
2019-06-28 10:01:50.000000000,BEST_BID,"JPM,99781,193"
2019-06-28 10:01:50.000000000,BEST_ASK,"JPM,99912,400"
2019-06-28 10:01:50.000000000,BEST_BID,"JPM,99781,193"
2019-06-28 10:01:50.000000000,BEST_ASK,"JPM,99912,400"
2019-06-28 10:01:50.000000000,BEST_BID,"JPM,99781,193"
2019-06-28 10:01:50.000000000,BEST_ASK,"JPM,99912,493"
2019-06-28 10:01:50.000000000,BEST_BID,"JPM,99781,193"
2019-06-28 10:01:50.000000000,BEST_ASK,"JPM,99912,493"
2019-06-28 10:01:50.000000000,BEST_BID,"JPM,99781,193"
2019-06-28 10:01:50.000000000,BEST_ASK,"JPM,99912,493"
2019-06-28 10:01:50.000000000,BEST_BID,"JPM,99781,193"
2019-06-28 10:01:50.000000000,BEST_ASK,"JPM,99912,493"
2019-06-28 10:02:00.000000000,QUERY_SPREAD,1
2019-06-28 10:02:00.000000000,BEST_BID,"JPM,99781,174"
2019-06-28 10:02:00.000000000,BEST_ASK,"JPM,99912,400"
2019-06-28 10:02:00.000000000,BEST_BID,"JPM,99781,174"
2019-06-28 10:02:00.000000000,BEST_ASK,"JPM,99912,400"
2019-06-28 10:02:00.000000000,BEST_BID,"JPM,99781,174"
2019-06-28 10:02:00.000000000,BEST_ASK,"JPM,99912,400"
2019-06-28 10:02:00.000000000,BEST_BID,"JPM,99781,174"
2019-06-28 10:02:00.000000000,BEST_ASK,"JPM,99912,400"
2019-06-28 10:02:00.000000000,BEST_BID,"JPM,99781,174"
2019-06-28 10:02:00.000000000,BEST_ASK,"JPM,99912,400"
2019-06-28 10:02:00.000000000,BEST_BID,"JPM,99781,174"
2019-06-28 10:02:00.000000000,BEST_ASK,"JPM,99912,474"
2019-06-28 10:02:00.000000000,BEST_BID,"JPM,99781,174"
2019-06-28 10:02:00.000000000,BEST_ASK,"JPM,99912,474"
2019-06-28 10:02:00.000000000,BEST_BID,"JPM,99781,174"
2019-06-28 10:02:00.000000000,BEST_ASK,"JPM,99912,474"
2019-06-28 10:02:00.000000000,BEST_BID,"JPM,99781,174"
2019-06-28 10:02:00.000000000,BEST_ASK,"JPM,99912,474"
2019-06-28 10:02:00.000000000,BEST_BID,"JPM,99781,174"
2019-06-28 10:02:00.000000000,BEST_ASK,"JPM,99912,474"
2019-06-28 10:02:00.000000000,QUERY_SPREAD,77
2019-06-28 10:02:00.000000000,QUERY_SPREAD,78
2019-06-28 10:02:00.000000000,QUERY_SPREAD,79
2019-06-28 10:02:00.000000000,QUERY_SPREAD,80
2019-06-28 10:02:00.000000000,QUERY_SPREAD,81
2019-06-28 10:02:00.000000000,QUERY_SPREAD,82
2019-06-28 10:02:00.000000000,QUERY_SPREAD,83
2019-06-28 10:02:00.000000000,QUERY_SPREAD,84
2019-06-28 10:02:00.000000000,QUERY_SPREAD,85
2019-06-28 10:02:00.000000000,QUERY_SPREAD,86
2019-06-28 10:02:00.000000000,QUERY_SPREAD,87
2019-06-28 10:02:00.000000000,QUERY_SPREAD,88
2019-06-28 10:02:00.000000000,QUERY_SPREAD,89
2019-06-28 10:02:00.000000000,QUERY_SPREAD,90
2019-06-28 10:02:00.000000000,QUERY_SPREAD,91
2019-06-28 10:02:00.000000000,QUERY_SPREAD,92
2019-06-28 10:02:00.000000000,QUERY_SPREAD,93
2019-06-28 10:02:00.000000000,QUERY_SPREAD,94
2019-06-28 10:02:00.000000000,QUERY_SPREAD,95
2019-06-28 10:02:00.000000000,QUERY_SPREAD,96
2019-06-28 10:02:00.000000000,QUERY_SPREAD,97
2019-06-28 10:02:00.000000000,QUERY_SPREAD,98
2019-06-28 10:02:00.000000000,QUERY_SPREAD,99
2019-06-28 10:02:00.000000000,QUERY_SPREAD,100
2019-06-28 10:02:00.000000000,QUERY_SPREAD,101
2019-06-28 10:02:10.000000000,QUERY_SPREAD,1
2019-06-28 10:02:10.000000000,BEST_BID,"JPM,99781,471"
2019-06-28 10:02:10.000000000,BEST_ASK,"JPM,99912,400"
2019-06-28 10:02:10.000000000,BEST_BID,"JPM,99781,471"
2019-06-28 10:02:10.000000000,BEST_ASK,"JPM,99912,771"
2019-06-28 10:02:13.746771819,QUERY_ORDER_STREAM,58
2019-06-28 10:02:13.746771819,QUERY_SPREAD,58
2019-06-28 10:02:18.250762621,QUERY_ORDER_STREAM,54
2019-06-28 10:02:18.250762621,QUERY_SPREAD,54
2019-06-28 10:02:20.000000000,QUERY_SPREAD,1
2019-06-28 10:02:20.000000000,BEST_BID,"JPM,99781,193"
2019-06-28 10:02:20.000000000,BEST_ASK,"JPM,99912,400"
2019-06-28 10:02:20.000000000,BEST_BID,"JPM,99781,193"
2019-06-28 10:02:20.000000000,BEST_ASK,"JPM,99912,400"
2019-06-28 10:02:20.000000000,BEST_BID,"JPM,99781,193"
2019-06-28 10:02:20.000000000,BEST_ASK,"JPM,99912,400"
2019-06-28 10:02:20.000000000,BEST_BID,"JPM,99781,193"
2019-06-28 10:02:20.000000000,BEST_ASK,"JPM,99912,400"
2019-06-28 10:02:20.000000000,BEST_BID,"JPM,99781,193"
2019-06-28 10:02:20.000000000,BEST_ASK,"JPM,99912,493"
2019-06-28 10:02:20.000000000,BEST_BID,"JPM,99781,193"
2019-06-28 10:02:20.000000000,BEST_ASK,"JPM,99912,493"
2019-06-28 10:02:20.000000000,BEST_BID,"JPM,99781,193"
2019-06-28 10:02:20.000000000,BEST_ASK,"JPM,99912,493"
2019-06-28 10:02:20.000000000,BEST_BID,"JPM,99781,193"
2019-06-28 10:02:20.000000000,BEST_ASK,"JPM,99912,493"
2019-06-28 10:02:23.169086913,QUERY_SPREAD,19
2019-06-28 10:02:23.169086913,BEST_BID,"JPM,99781,93"
2019-06-28 10:02:23.169086913,BEST_ASK,"JPM,99912,493"
2019-06-28 10:02:23.169086913,LAST_TRADE,"100,$99781.0000"
2019-06-28 10:02:30.000000000,QUERY_SPREAD,1
2019-06-28 10:02:30.000000000,BEST_BID,"JPM,99735,226"
2019-06-28 10:02:30.000000000,BEST_ASK,"JPM,99912,400"
2019-06-28 10:02:30.000000000,BEST_BID,"JPM,99735,226"
2019-06-28 10:02:30.000000000,BEST_ASK,"JPM,99912,400"
2019-06-28 10:02:30.000000000,BEST_BID,"JPM,99735,226"
2019-06-28 10:02:30.000000000,BEST_ASK,"JPM,99912,400"
2019-06-28 10:02:30.000000000,BEST_BID,"JPM,99735,226"
2019-06-28 10:02:30.000000000,BEST_ASK,"JPM,99912,526"
2019-06-28 10:02:30.000000000,BEST_BID,"JPM,99735,226"
2019-06-28 10:02:30.000000000,BEST_ASK,"JPM,99912,526"
2019-06-28 10:02:30.000000000,BEST_BID,"JPM,99735,226"
2019-06-28 10:02:30.000000000,BEST_ASK,"JPM,99912,526"
2019-06-28 10:02:38.104225377,QUERY_ORDER_STREAM,54
2019-06-28 10:02:38.104225377,QUERY_SPREAD,54
2019-06-28 10:02:38.104225377,BEST_BID,"JPM,99735,226"
2019-06-28 10:02:38.104225377,BEST_ASK,"JPM,99859,100"
2019-06-28 10:02:40.000000000,QUERY_SPREAD,1
2019-06-28 10:02:40.000000000,BEST_BID,"JPM,99735,174"
2019-06-28 10:02:40.000000000,BEST_ASK,"JPM,99859,100"
2019-06-28 10:02:40.000000000,BEST_BID,"JPM,99735,174"
2019-06-28 10:02:40.000000000,BEST_ASK,"JPM,99859,100"
2019-06-28 10:02:40.000000000,BEST_BID,"JPM,99735,174"
2019-06-28 10:02:40.000000000,BEST_ASK,"JPM,99859,100"
2019-06-28 10:02:40.000000000,BEST_BID,"JPM,99735,174"
2019-06-28 10:02:40.000000000,BEST_ASK,"JPM,99859,100"
2019-06-28 10:02:40.000000000,BEST_BID,"JPM,99735,174"
2019-06-28 10:02:40.000000000,BEST_ASK,"JPM,99859,100"
2019-06-28 10:02:40.000000000,BEST_BID,"JPM,99735,174"
2019-06-28 10:02:40.000000000,BEST_ASK,"JPM,99859,174"
2019-06-28 10:02:40.000000000,BEST_BID,"JPM,99735,174"
2019-06-28 10:02:40.000000000,BEST_ASK,"JPM,99859,174"
2019-06-28 10:02:40.000000000,BEST_BID,"JPM,99735,174"
2019-06-28 10:02:40.000000000,BEST_ASK,"JPM,99859,174"
2019-06-28 10:02:40.000000000,BEST_BID,"JPM,99735,174"
2019-06-28 10:02:40.000000000,BEST_ASK,"JPM,99859,174"
2019-06-28 10:02:40.000000000,BEST_BID,"JPM,99735,174"
2019-06-28 10:02:40.000000000,BEST_ASK,"JPM,99859,174"
2019-06-28 10:02:50.000000000,QUERY_SPREAD,1
2019-06-28 10:02:50.000000000,BEST_BID,"JPM,99735,226"
2019-06-28 10:02:50.000000000,BEST_ASK,"JPM,99859,100"
2019-06-28 10:02:50.000000000,BEST_BID,"JPM,99735,226"
2019-06-28 10:02:50.000000000,BEST_ASK,"JPM,99859,100"
2019-06-28 10:02:50.000000000,BEST_BID,"JPM,99735,226"
2019-06-28 10:02:50.000000000,BEST_ASK,"JPM,99859,100"
2019-06-28 10:02:50.000000000,BEST_BID,"JPM,99735,226"
2019-06-28 10:02:50.000000000,BEST_ASK,"JPM,99859,226"
2019-06-28 10:02:50.000000000,BEST_BID,"JPM,99735,226"
2019-06-28 10:02:50.000000000,BEST_ASK,"JPM,99859,226"
2019-06-28 10:02:50.000000000,BEST_BID,"JPM,99735,226"
2019-06-28 10:02:50.000000000,BEST_ASK,"JPM,99859,226"
2019-06-28 10:02:55.039715011,QUERY_SPREAD,48
2019-06-28 10:02:55.039715011,BEST_BID,"JPM,99735,226"
2019-06-28 10:02:55.039715011,BEST_ASK,"JPM,99859,226"
2019-06-28 10:03:00.000000000,QUERY_SPREAD,1
2019-06-28 10:03:00.000000000,BEST_BID,"JPM,99735,471"
2019-06-28 10:03:00.000000000,BEST_ASK,"JPM,99859,100"
2019-06-28 10:03:00.000000000,BEST_BID,"JPM,99735,471"
2019-06-28 10:03:00.000000000,BEST_ASK,"JPM,99859,471"
2019-06-28 10:03:00.000000000,QUERY_SPREAD,77
2019-06-28 10:03:00.000000000,QUERY_SPREAD,78
2019-06-28 10:03:00.000000000,QUERY_SPREAD,79
2019-06-28 10:03:00.000000000,QUERY_SPREAD,80
2019-06-28 10:03:00.000000000,QUERY_SPREAD,81
2019-06-28 10:03:00.000000000,QUERY_SPREAD,82
2019-06-28 10:03:00.000000000,QUERY_SPREAD,83
2019-06-28 10:03:00.000000000,QUERY_SPREAD,84
2019-06-28 10:03:00.000000000,QUERY_SPREAD,85
2019-06-28 10:03:00.000000000,QUERY_SPREAD,86
2019-06-28 10:03:00.000000000,QUERY_SPREAD,87
2019-06-28 10:03:00.000000000,QUERY_SPREAD,88
2019-06-28 10:03:00.000000000,QUERY_SPREAD,89
2019-06-28 10:03:00.000000000,QUERY_SPREAD,90
2019-06-28 10:03:00.000000000,QUERY_SPREAD,91
2019-06-28 10:03:00.000000000,QUERY_SPREAD,92
2019-06-28 10:03:00.000000000,QUERY_SPREAD,93
2019-06-28 10:03:00.000000000,QUERY_SPREAD,94
2019-06-28 10:03:00.000000000,QUERY_SPREAD,95
2019-06-28 10:03:00.000000000,QUERY_SPREAD,96
2019-06-28 10:03:00.000000000,QUERY_SPREAD,97
2019-06-28 10:03:00.000000000,QUERY_SPREAD,98
2019-06-28 10:03:00.000000000,QUERY_SPREAD,99
2019-06-28 10:03:00.000000000,QUERY_SPREAD,100
2019-06-28 10:03:00.000000000,QUERY_SPREAD,101
2019-06-28 10:03:06.981571577,QUERY_SPREAD,22
2019-06-28 10:03:06.981571577,BEST_BID,"JPM,99735,471"
2019-06-28 10:03:06.981571577,BEST_ASK,"JPM,99859,471"
2019-06-28 10:03:07.897020033,QUERY_SPREAD,5
2019-06-28 10:03:07.897020033,BEST_BID,"JPM,99735,471"
2019-06-28 10:03:07.897020033,BEST_ASK,"JPM,99859,471"
2019-06-28 10:03:10.000000000,QUERY_SPREAD,1
2019-06-28 10:03:10.000000000,BEST_BID,"JPM,99735,174"
2019-06-28 10:03:10.000000000,BEST_ASK,"JPM,99859,100"
2019-06-28 10:03:10.000000000,BEST_BID,"JPM,99735,174"
2019-06-28 10:03:10.000000000,BEST_ASK,"JPM,99859,100"
2019-06-28 10:03:10.000000000,BEST_BID,"JPM,99735,174"
2019-06-28 10:03:10.000000000,BEST_ASK,"JPM,99859,100"
2019-06-28 10:03:10.000000000,BEST_BID,"JPM,99735,174"
2019-06-28 10:03:10.000000000,BEST_ASK,"JPM,99859,100"
2019-06-28 10:03:10.000000000,BEST_BID,"JPM,99735,174"
2019-06-28 10:03:10.000000000,BEST_ASK,"JPM,99859,100"
2019-06-28 10:03:10.000000000,BEST_BID,"JPM,99735,174"
2019-06-28 10:03:10.000000000,BEST_ASK,"JPM,99859,174"
2019-06-28 10:03:10.000000000,BEST_BID,"JPM,99735,174"
2019-06-28 10:03:10.000000000,BEST_ASK,"JPM,99859,174"
2019-06-28 10:03:10.000000000,BEST_BID,"JPM,99735,174"
2019-06-28 10:03:10.000000000,BEST_ASK,"JPM,99859,174"
2019-06-28 10:03:10.000000000,BEST_BID,"JPM,99735,174"
2019-06-28 10:03:10.000000000,BEST_ASK,"JPM,99859,174"
2019-06-28 10:03:10.000000000,BEST_BID,"JPM,99735,174"
2019-06-28 10:03:10.000000000,BEST_ASK,"JPM,99859,174"
2019-06-28 10:03:11.572602589,QUERY_ORDER_STREAM,66
2019-06-28 10:03:11.572602589,QUERY_SPREAD,66
2019-06-28 10:03:11.572602589,BEST_BID,"JPM,99782,100"
2019-06-28 10:03:11.572602589,BEST_ASK,"JPM,99859,174"
2019-06-28 10:03:20.000000000,QUERY_SPREAD,1
2019-06-28 10:03:20.000000000,BEST_BID,"JPM,99782,193"
2019-06-28 10:03:20.000000000,BEST_ASK,"JPM,99859,100"
2019-06-28 10:03:20.000000000,BEST_BID,"JPM,99782,193"
2019-06-28 10:03:20.000000000,BEST_ASK,"JPM,99859,100"
2019-06-28 10:03:20.000000000,BEST_BID,"JPM,99782,193"
2019-06-28 10:03:20.000000000,BEST_ASK,"JPM,99859,100"
2019-06-28 10:03:20.000000000,BEST_BID,"JPM,99782,193"
2019-06-28 10:03:20.000000000,BEST_ASK,"JPM,99859,100"
2019-06-28 10:03:20.000000000,BEST_BID,"JPM,99782,193"
2019-06-28 10:03:20.000000000,BEST_ASK,"JPM,99859,193"
2019-06-28 10:03:20.000000000,BEST_BID,"JPM,99782,193"
2019-06-28 10:03:20.000000000,BEST_ASK,"JPM,99859,193"
2019-06-28 10:03:20.000000000,BEST_BID,"JPM,99782,193"
2019-06-28 10:03:20.000000000,BEST_ASK,"JPM,99859,193"
2019-06-28 10:03:20.000000000,BEST_BID,"JPM,99782,193"
2019-06-28 10:03:20.000000000,BEST_ASK,"JPM,99859,193"
2019-06-28 10:03:23.183506498,QUERY_SPREAD,9
2019-06-28 10:03:23.183506498,BEST_BID,"JPM,99782,193"
2019-06-28 10:03:23.183506498,BEST_ASK,"JPM,99859,93"
2019-06-28 10:03:23.183506498,LAST_TRADE,"100,$99859.0000"
2019-06-28 10:03:30.000000000,QUERY_SPREAD,1
2019-06-28 10:03:30.000000000,BEST_BID,"JPM,99782,193"
2019-06-28 10:03:30.000000000,BEST_ASK,"JPM,99896,100"
2019-06-28 10:03:30.000000000,BEST_BID,"JPM,99782,193"
2019-06-28 10:03:30.000000000,BEST_ASK,"JPM,99896,100"
2019-06-28 10:03:30.000000000,BEST_BID,"JPM,99782,193"
2019-06-28 10:03:30.000000000,BEST_ASK,"JPM,99896,100"
2019-06-28 10:03:30.000000000,BEST_BID,"JPM,99782,193"
2019-06-28 10:03:30.000000000,BEST_ASK,"JPM,99896,100"
2019-06-28 10:03:30.000000000,BEST_BID,"JPM,99782,193"
2019-06-28 10:03:30.000000000,BEST_ASK,"JPM,99896,193"
2019-06-28 10:03:30.000000000,BEST_BID,"JPM,99782,193"
2019-06-28 10:03:30.000000000,BEST_ASK,"JPM,99896,193"
2019-06-28 10:03:30.000000000,BEST_BID,"JPM,99782,193"
2019-06-28 10:03:30.000000000,BEST_ASK,"JPM,99896,193"
2019-06-28 10:03:30.000000000,BEST_BID,"JPM,99782,193"
2019-06-28 10:03:30.000000000,BEST_ASK,"JPM,99896,193"
2019-06-28 10:03:40.000000000,QUERY_SPREAD,1
2019-06-28 10:03:40.000000000,BEST_BID,"JPM,99782,193"
2019-06-28 10:03:40.000000000,BEST_ASK,"JPM,99896,100"
2019-06-28 10:03:40.000000000,BEST_BID,"JPM,99782,193"
2019-06-28 10:03:40.000000000,BEST_ASK,"JPM,99896,100"
2019-06-28 10:03:40.000000000,BEST_BID,"JPM,99782,193"
2019-06-28 10:03:40.000000000,BEST_ASK,"JPM,99896,100"
2019-06-28 10:03:40.000000000,BEST_BID,"JPM,99782,193"
2019-06-28 10:03:40.000000000,BEST_ASK,"JPM,99896,100"
2019-06-28 10:03:40.000000000,BEST_BID,"JPM,99782,193"
2019-06-28 10:03:40.000000000,BEST_ASK,"JPM,99896,193"
2019-06-28 10:03:40.000000000,BEST_BID,"JPM,99782,193"
2019-06-28 10:03:40.000000000,BEST_ASK,"JPM,99896,193"
2019-06-28 10:03:40.000000000,BEST_BID,"JPM,99782,193"
2019-06-28 10:03:40.000000000,BEST_ASK,"JPM,99896,193"
2019-06-28 10:03:40.000000000,BEST_BID,"JPM,99782,193"
2019-06-28 10:03:40.000000000,BEST_ASK,"JPM,99896,193"
2019-06-28 10:03:50.000000000,QUERY_SPREAD,1
2019-06-28 10:03:50.000000000,BEST_BID,"JPM,99782,471"
2019-06-28 10:03:50.000000000,BEST_ASK,"JPM,99896,100"
2019-06-28 10:03:50.000000000,BEST_BID,"JPM,99782,471"
2019-06-28 10:03:50.000000000,BEST_ASK,"JPM,99896,471"
2019-06-28 10:04:00.000000000,QUERY_SPREAD,1
2019-06-28 10:04:00.000000000,BEST_BID,"JPM,99782,286"
2019-06-28 10:04:00.000000000,BEST_ASK,"JPM,99896,100"
2019-06-28 10:04:00.000000000,BEST_BID,"JPM,99782,286"
2019-06-28 10:04:00.000000000,BEST_ASK,"JPM,99896,100"
2019-06-28 10:04:00.000000000,BEST_BID,"JPM,99782,286"
2019-06-28 10:04:00.000000000,BEST_ASK,"JPM,99896,286"
2019-06-28 10:04:00.000000000,BEST_BID,"JPM,99782,286"
2019-06-28 10:04:00.000000000,BEST_ASK,"JPM,99896,286"
2019-06-28 10:04:00.000000000,QUERY_SPREAD,77
2019-06-28 10:04:00.000000000,QUERY_SPREAD,78
2019-06-28 10:04:00.000000000,QUERY_SPREAD,79
2019-06-28 10:04:00.000000000,QUERY_SPREAD,80
2019-06-28 10:04:00.000000000,QUERY_SPREAD,81
2019-06-28 10:04:00.000000000,QUERY_SPREAD,82
2019-06-28 10:04:00.000000000,QUERY_SPREAD,83
2019-06-28 10:04:00.000000000,QUERY_SPREAD,84
2019-06-28 10:04:00.000000000,QUERY_SPREAD,85
2019-06-28 10:04:00.000000000,QUERY_SPREAD,86
2019-06-28 10:04:00.000000000,QUERY_SPREAD,87
2019-06-28 10:04:00.000000000,QUERY_SPREAD,88
2019-06-28 10:04:00.000000000,QUERY_SPREAD,89
2019-06-28 10:04:00.000000000,QUERY_SPREAD,90
2019-06-28 10:04:00.000000000,QUERY_SPREAD,91
2019-06-28 10:04:00.000000000,QUERY_SPREAD,92
2019-06-28 10:04:00.000000000,QUERY_SPREAD,93
2019-06-28 10:04:00.000000000,QUERY_SPREAD,94
2019-06-28 10:04:00.000000000,QUERY_SPREAD,95
2019-06-28 10:04:00.000000000,QUERY_SPREAD,96
2019-06-28 10:04:00.000000000,QUERY_SPREAD,97
2019-06-28 10:04:00.000000000,QUERY_SPREAD,98
2019-06-28 10:04:00.000000000,QUERY_SPREAD,99
2019-06-28 10:04:00.000000000,QUERY_SPREAD,100
2019-06-28 10:04:00.000000000,QUERY_SPREAD,101
2019-06-28 10:04:01.089647948,QUERY_SPREAD,12
2019-06-28 10:04:01.089647948,BEST_BID,"JPM,99782,286"
2019-06-28 10:04:01.089647948,BEST_ASK,"JPM,99896,286"
2019-06-28 10:04:10.000000000,QUERY_SPREAD,1
2019-06-28 10:04:10.000000000,BEST_BID,"JPM,99782,471"
2019-06-28 10:04:10.000000000,BEST_ASK,"JPM,99896,100"
2019-06-28 10:04:10.000000000,BEST_BID,"JPM,99782,471"
2019-06-28 10:04:10.000000000,BEST_ASK,"JPM,99896,471"
2019-06-28 10:04:20.000000000,QUERY_SPREAD,1
2019-06-28 10:04:20.000000000,BEST_BID,"JPM,99782,471"
2019-06-28 10:04:20.000000000,BEST_ASK,"JPM,99896,100"
2019-06-28 10:04:20.000000000,BEST_BID,"JPM,99782,471"
2019-06-28 10:04:20.000000000,BEST_ASK,"JPM,99896,471"
2019-06-28 10:04:30.000000000,QUERY_SPREAD,1
2019-06-28 10:04:30.000000000,BEST_BID,"JPM,99782,174"
2019-06-28 10:04:30.000000000,BEST_ASK,"JPM,99896,100"
2019-06-28 10:04:30.000000000,BEST_BID,"JPM,99782,174"
2019-06-28 10:04:30.000000000,BEST_ASK,"JPM,99896,100"
2019-06-28 10:04:30.000000000,BEST_BID,"JPM,99782,174"
2019-06-28 10:04:30.000000000,BEST_ASK,"JPM,99896,100"
2019-06-28 10:04:30.000000000,BEST_BID,"JPM,99782,174"
2019-06-28 10:04:30.000000000,BEST_ASK,"JPM,99896,100"
2019-06-28 10:04:30.000000000,BEST_BID,"JPM,99782,174"
2019-06-28 10:04:30.000000000,BEST_ASK,"JPM,99896,100"
2019-06-28 10:04:30.000000000,BEST_BID,"JPM,99782,174"
2019-06-28 10:04:30.000000000,BEST_ASK,"JPM,99896,174"
2019-06-28 10:04:30.000000000,BEST_BID,"JPM,99782,174"
2019-06-28 10:04:30.000000000,BEST_ASK,"JPM,99896,174"
2019-06-28 10:04:30.000000000,BEST_BID,"JPM,99782,174"
2019-06-28 10:04:30.000000000,BEST_ASK,"JPM,99896,174"
2019-06-28 10:04:30.000000000,BEST_BID,"JPM,99782,174"
2019-06-28 10:04:30.000000000,BEST_ASK,"JPM,99896,174"
2019-06-28 10:04:30.000000000,BEST_BID,"JPM,99782,174"
2019-06-28 10:04:30.000000000,BEST_ASK,"JPM,99896,174"
2019-06-28 10:04:35.540001383,QUERY_SPREAD,46
2019-06-28 10:04:35.540001383,BEST_BID,"JPM,99782,74"
2019-06-28 10:04:35.540001383,BEST_ASK,"JPM,99896,174"
2019-06-28 10:04:35.540001383,LAST_TRADE,"100,$99782.0000"
2019-06-28 10:04:37.689158536,QUERY_SPREAD,35
2019-06-28 10:04:37.689158536,BEST_BID,"JPM,99735,174"
2019-06-28 10:04:37.689158536,BEST_ASK,"JPM,99782,26"
2019-06-28 10:04:37.689158536,LAST_TRADE,"74,$99782.0000"
2019-06-28 10:04:40.000000000,QUERY_SPREAD,1
2019-06-28 10:04:40.000000000,BEST_BID,"JPM,99735,226"
2019-06-28 10:04:40.000000000,BEST_ASK,"JPM,99782,26"
2019-06-28 10:04:40.000000000,BEST_BID,"JPM,99735,226"
2019-06-28 10:04:40.000000000,BEST_ASK,"JPM,99782,26"
2019-06-28 10:04:40.000000000,BEST_BID,"JPM,99735,226"
2019-06-28 10:04:40.000000000,BEST_ASK,"JPM,99782,26"
2019-06-28 10:04:40.000000000,BEST_BID,"JPM,99735,226"
2019-06-28 10:04:40.000000000,BEST_ASK,"JPM,99782,152"
2019-06-28 10:04:40.000000000,BEST_BID,"JPM,99735,226"
2019-06-28 10:04:40.000000000,BEST_ASK,"JPM,99782,152"
2019-06-28 10:04:40.000000000,BEST_BID,"JPM,99735,226"
2019-06-28 10:04:40.000000000,BEST_ASK,"JPM,99782,152"
2019-06-28 10:04:50.000000000,QUERY_SPREAD,1
2019-06-28 10:04:50.000000000,BEST_BID,"JPM,99735,226"
2019-06-28 10:04:50.000000000,BEST_ASK,"JPM,99782,26"
2019-06-28 10:04:50.000000000,BEST_BID,"JPM,99735,226"
2019-06-28 10:04:50.000000000,BEST_ASK,"JPM,99782,26"
2019-06-28 10:04:50.000000000,BEST_BID,"JPM,99735,226"
2019-06-28 10:04:50.000000000,BEST_ASK,"JPM,99782,26"
2019-06-28 10:04:50.000000000,BEST_BID,"JPM,99735,226"
2019-06-28 10:04:50.000000000,BEST_ASK,"JPM,99782,152"
2019-06-28 10:04:50.000000000,BEST_BID,"JPM,99735,226"
2019-06-28 10:04:50.000000000,BEST_ASK,"JPM,99782,152"
2019-06-28 10:04:50.000000000,BEST_BID,"JPM,99735,226"
2019-06-28 10:04:50.000000000,BEST_ASK,"JPM,99782,152"
2019-06-28 10:05:00.000000000,QUERY_SPREAD,1
2019-06-28 10:05:00.000000000,BEST_BID,"JPM,99735,174"
2019-06-28 10:05:00.000000000,BEST_ASK,"JPM,99782,26"
2019-06-28 10:05:00.000000000,BEST_BID,"JPM,99735,174"
2019-06-28 10:05:00.000000000,BEST_ASK,"JPM,99782,26"
2019-06-28 10:05:00.000000000,BEST_BID,"JPM,99735,174"
2019-06-28 10:05:00.000000000,BEST_ASK,"JPM,99782,26"
2019-06-28 10:05:00.000000000,BEST_BID,"JPM,99735,174"
2019-06-28 10:05:00.000000000,BEST_ASK,"JPM,99782,26"
2019-06-28 10:05:00.000000000,BEST_BID,"JPM,99735,174"
2019-06-28 10:05:00.000000000,BEST_ASK,"JPM,99782,26"
2019-06-28 10:05:00.000000000,BEST_BID,"JPM,99735,174"
2019-06-28 10:05:00.000000000,BEST_ASK,"JPM,99782,100"
2019-06-28 10:05:00.000000000,BEST_BID,"JPM,99735,174"
2019-06-28 10:05:00.000000000,BEST_ASK,"JPM,99782,100"
2019-06-28 10:05:00.000000000,BEST_BID,"JPM,99735,174"
2019-06-28 10:05:00.000000000,BEST_ASK,"JPM,99782,100"
2019-06-28 10:05:00.000000000,BEST_BID,"JPM,99735,174"
2019-06-28 10:05:00.000000000,BEST_ASK,"JPM,99782,100"
2019-06-28 10:05:00.000000000,BEST_BID,"JPM,99735,174"
2019-06-28 10:05:00.000000000,BEST_ASK,"JPM,99782,100"
2019-06-28 10:05:00.000000000,QUERY_SPREAD,77
2019-06-28 10:05:00.000000000,QUERY_SPREAD,78
2019-06-28 10:05:00.000000000,QUERY_SPREAD,79
2019-06-28 10:05:00.000000000,QUERY_SPREAD,80
2019-06-28 10:05:00.000000000,QUERY_SPREAD,81
2019-06-28 10:05:00.000000000,QUERY_SPREAD,82
2019-06-28 10:05:00.000000000,QUERY_SPREAD,83
2019-06-28 10:05:00.000000000,QUERY_SPREAD,84
2019-06-28 10:05:00.000000000,QUERY_SPREAD,85
2019-06-28 10:05:00.000000000,QUERY_SPREAD,86
2019-06-28 10:05:00.000000000,QUERY_SPREAD,87
2019-06-28 10:05:00.000000000,QUERY_SPREAD,88
2019-06-28 10:05:00.000000000,QUERY_SPREAD,89
2019-06-28 10:05:00.000000000,QUERY_SPREAD,90
2019-06-28 10:05:00.000000000,QUERY_SPREAD,91
2019-06-28 10:05:00.000000000,QUERY_SPREAD,92
2019-06-28 10:05:00.000000000,QUERY_SPREAD,93
2019-06-28 10:05:00.000000000,QUERY_SPREAD,94
2019-06-28 10:05:00.000000000,QUERY_SPREAD,95
2019-06-28 10:05:00.000000000,QUERY_SPREAD,96
2019-06-28 10:05:00.000000000,QUERY_SPREAD,97
2019-06-28 10:05:00.000000000,QUERY_SPREAD,98
2019-06-28 10:05:00.000000000,QUERY_SPREAD,99
2019-06-28 10:05:00.000000000,QUERY_SPREAD,100
2019-06-28 10:05:00.000000000,QUERY_SPREAD,101
2019-06-28 10:05:10.000000000,QUERY_SPREAD,1
2019-06-28 10:05:10.000000000,BEST_BID,"JPM,99735,193"
2019-06-28 10:05:10.000000000,BEST_ASK,"JPM,99782,26"
2019-06-28 10:05:10.000000000,BEST_BID,"JPM,99735,193"
2019-06-28 10:05:10.000000000,BEST_ASK,"JPM,99782,26"
2019-06-28 10:05:10.000000000,BEST_BID,"JPM,99735,193"
2019-06-28 10:05:10.000000000,BEST_ASK,"JPM,99782,26"
2019-06-28 10:05:10.000000000,BEST_BID,"JPM,99735,193"
2019-06-28 10:05:10.000000000,BEST_ASK,"JPM,99782,26"
2019-06-28 10:05:10.000000000,BEST_BID,"JPM,99735,193"
2019-06-28 10:05:10.000000000,BEST_ASK,"JPM,99782,119"
2019-06-28 10:05:10.000000000,BEST_BID,"JPM,99735,193"
2019-06-28 10:05:10.000000000,BEST_ASK,"JPM,99782,119"
2019-06-28 10:05:10.000000000,BEST_BID,"JPM,99735,193"
2019-06-28 10:05:10.000000000,BEST_ASK,"JPM,99782,119"
2019-06-28 10:05:10.000000000,BEST_BID,"JPM,99735,193"
2019-06-28 10:05:10.000000000,BEST_ASK,"JPM,99782,119"
2019-06-28 10:05:10.060088997,QUERY_SPREAD,24
2019-06-28 10:05:10.060088997,BEST_BID,"JPM,99735,193"
2019-06-28 10:05:10.060088997,BEST_ASK,"JPM,99782,119"
2019-06-28 10:05:11.236123188,QUERY_SPREAD,9
2019-06-28 10:05:11.236123188,BEST_BID,"JPM,99735,193"
2019-06-28 10:05:11.236123188,BEST_ASK,"JPM,99782,19"
2019-06-28 10:05:11.236123188,LAST_TRADE,"100,$99782.0000"
2019-06-28 10:05:12.600080267,QUERY_SPREAD,11
2019-06-28 10:05:12.600080267,BEST_BID,"JPM,99735,93"
2019-06-28 10:05:12.600080267,BEST_ASK,"JPM,99782,19"
2019-06-28 10:05:20.000000000,QUERY_SPREAD,1
2019-06-28 10:05:20.000000000,BEST_BID,"JPM,99727,174"
2019-06-28 10:05:20.000000000,BEST_ASK,"JPM,99896,100"
2019-06-28 10:05:20.000000000,BEST_BID,"JPM,99727,174"
2019-06-28 10:05:20.000000000,BEST_ASK,"JPM,99896,100"
2019-06-28 10:05:20.000000000,BEST_BID,"JPM,99727,174"
2019-06-28 10:05:20.000000000,BEST_ASK,"JPM,99896,100"
2019-06-28 10:05:20.000000000,BEST_BID,"JPM,99727,174"
2019-06-28 10:05:20.000000000,BEST_ASK,"JPM,99896,100"
2019-06-28 10:05:20.000000000,BEST_BID,"JPM,99727,174"
2019-06-28 10:05:20.000000000,BEST_ASK,"JPM,99896,100"
2019-06-28 10:05:20.000000000,BEST_BID,"JPM,99727,174"
2019-06-28 10:05:20.000000000,BEST_ASK,"JPM,99896,174"
2019-06-28 10:05:20.000000000,BEST_BID,"JPM,99727,174"
2019-06-28 10:05:20.000000000,BEST_ASK,"JPM,99896,174"
2019-06-28 10:05:20.000000000,BEST_BID,"JPM,99727,174"
2019-06-28 10:05:20.000000000,BEST_ASK,"JPM,99896,174"
2019-06-28 10:05:20.000000000,BEST_BID,"JPM,99727,174"
2019-06-28 10:05:20.000000000,BEST_ASK,"JPM,99896,174"
2019-06-28 10:05:20.000000000,BEST_BID,"JPM,99727,174"
2019-06-28 10:05:20.000000000,BEST_ASK,"JPM,99896,174"
2019-06-28 10:05:26.434813689,QUERY_ORDER_STREAM,63
2019-06-28 10:05:26.434813689,QUERY_SPREAD,63
2019-06-28 10:05:26.434813689,BEST_BID,"JPM,99782,100"
2019-06-28 10:05:26.434813689,BEST_ASK,"JPM,99896,174"
2019-06-28 10:05:30.000000000,QUERY_SPREAD,1
2019-06-28 10:05:30.000000000,BEST_BID,"JPM,99782,286"
2019-06-28 10:05:30.000000000,BEST_ASK,"JPM,99896,100"
2019-06-28 10:05:30.000000000,BEST_BID,"JPM,99782,286"
2019-06-28 10:05:30.000000000,BEST_ASK,"JPM,99896,100"
2019-06-28 10:05:30.000000000,BEST_BID,"JPM,99782,286"
2019-06-28 10:05:30.000000000,BEST_ASK,"JPM,99896,286"
2019-06-28 10:05:30.000000000,BEST_BID,"JPM,99782,286"
2019-06-28 10:05:30.000000000,BEST_ASK,"JPM,99896,286"
2019-06-28 10:05:40.000000000,QUERY_SPREAD,1
2019-06-28 10:05:40.000000000,BEST_BID,"JPM,99782,174"
2019-06-28 10:05:40.000000000,BEST_ASK,"JPM,99896,100"
2019-06-28 10:05:40.000000000,BEST_BID,"JPM,99782,174"
2019-06-28 10:05:40.000000000,BEST_ASK,"JPM,99896,100"
2019-06-28 10:05:40.000000000,BEST_BID,"JPM,99782,174"
2019-06-28 10:05:40.000000000,BEST_ASK,"JPM,99896,100"
2019-06-28 10:05:40.000000000,BEST_BID,"JPM,99782,174"
2019-06-28 10:05:40.000000000,BEST_ASK,"JPM,99896,100"
2019-06-28 10:05:40.000000000,BEST_BID,"JPM,99782,174"
2019-06-28 10:05:40.000000000,BEST_ASK,"JPM,99896,100"
2019-06-28 10:05:40.000000000,BEST_BID,"JPM,99782,174"
2019-06-28 10:05:40.000000000,BEST_ASK,"JPM,99896,174"
2019-06-28 10:05:40.000000000,BEST_BID,"JPM,99782,174"
2019-06-28 10:05:40.000000000,BEST_ASK,"JPM,99896,174"
2019-06-28 10:05:40.000000000,BEST_BID,"JPM,99782,174"
2019-06-28 10:05:40.000000000,BEST_ASK,"JPM,99896,174"
2019-06-28 10:05:40.000000000,BEST_BID,"JPM,99782,174"
2019-06-28 10:05:40.000000000,BEST_ASK,"JPM,99896,174"
2019-06-28 10:05:40.000000000,BEST_BID,"JPM,99782,174"
2019-06-28 10:05:40.000000000,BEST_ASK,"JPM,99896,174"
2019-06-28 10:05:42.760773685,QUERY_SPREAD,6
2019-06-28 10:05:42.760773685,BEST_BID,"JPM,99782,174"
2019-06-28 10:05:42.760773685,BEST_ASK,"JPM,99840,100"
2019-06-28 10:05:46.380253694,QUERY_SPREAD,26
2019-06-28 10:05:46.380253694,BEST_BID,"JPM,99782,174"
2019-06-28 10:05:46.380253694,BEST_ASK,"JPM,99840,100"
2019-06-28 10:05:49.976961025,QUERY_SPREAD,46
2019-06-28 10:05:49.976961025,BEST_BID,"JPM,99782,174"
2019-06-28 10:05:49.976961025,BEST_ASK,"JPM,99812,100"
2019-06-28 10:05:50.000000000,QUERY_SPREAD,1
2019-06-28 10:05:50.000000000,BEST_BID,"JPM,99782,226"
2019-06-28 10:05:50.000000000,BEST_ASK,"JPM,99812,100"
2019-06-28 10:05:50.000000000,BEST_BID,"JPM,99782,226"
2019-06-28 10:05:50.000000000,BEST_ASK,"JPM,99812,100"
2019-06-28 10:05:50.000000000,BEST_BID,"JPM,99782,226"
2019-06-28 10:05:50.000000000,BEST_ASK,"JPM,99812,100"
2019-06-28 10:05:50.000000000,BEST_BID,"JPM,99782,226"
2019-06-28 10:05:50.000000000,BEST_ASK,"JPM,99812,226"
2019-06-28 10:05:50.000000000,BEST_BID,"JPM,99782,226"
2019-06-28 10:05:50.000000000,BEST_ASK,"JPM,99812,226"
2019-06-28 10:05:50.000000000,BEST_BID,"JPM,99782,226"
2019-06-28 10:05:50.000000000,BEST_ASK,"JPM,99812,226"
2019-06-28 10:06:00.000000000,QUERY_SPREAD,1
2019-06-28 10:06:00.000000000,BEST_BID,"JPM,99782,226"
2019-06-28 10:06:00.000000000,BEST_ASK,"JPM,99812,100"
2019-06-28 10:06:00.000000000,BEST_BID,"JPM,99782,226"
2019-06-28 10:06:00.000000000,BEST_ASK,"JPM,99812,100"
2019-06-28 10:06:00.000000000,BEST_BID,"JPM,99782,226"
2019-06-28 10:06:00.000000000,BEST_ASK,"JPM,99812,100"
2019-06-28 10:06:00.000000000,BEST_BID,"JPM,99782,226"
2019-06-28 10:06:00.000000000,BEST_ASK,"JPM,99812,226"
2019-06-28 10:06:00.000000000,BEST_BID,"JPM,99782,226"
2019-06-28 10:06:00.000000000,BEST_ASK,"JPM,99812,226"
2019-06-28 10:06:00.000000000,BEST_BID,"JPM,99782,226"
2019-06-28 10:06:00.000000000,BEST_ASK,"JPM,99812,226"
2019-06-28 10:06:00.000000000,QUERY_SPREAD,77
2019-06-28 10:06:00.000000000,QUERY_SPREAD,78
2019-06-28 10:06:00.000000000,QUERY_SPREAD,79
2019-06-28 10:06:00.000000000,QUERY_SPREAD,80
2019-06-28 10:06:00.000000000,QUERY_SPREAD,81
2019-06-28 10:06:00.000000000,QUERY_SPREAD,82
2019-06-28 10:06:00.000000000,QUERY_SPREAD,83
2019-06-28 10:06:00.000000000,QUERY_SPREAD,84
2019-06-28 10:06:00.000000000,QUERY_SPREAD,85
2019-06-28 10:06:00.000000000,QUERY_SPREAD,86
2019-06-28 10:06:00.000000000,QUERY_SPREAD,87
2019-06-28 10:06:00.000000000,QUERY_SPREAD,88
2019-06-28 10:06:00.000000000,QUERY_SPREAD,89
2019-06-28 10:06:00.000000000,QUERY_SPREAD,90
2019-06-28 10:06:00.000000000,QUERY_SPREAD,91
2019-06-28 10:06:00.000000000,QUERY_SPREAD,92
2019-06-28 10:06:00.000000000,QUERY_SPREAD,93
2019-06-28 10:06:00.000000000,QUERY_SPREAD,94
2019-06-28 10:06:00.000000000,QUERY_SPREAD,95
2019-06-28 10:06:00.000000000,QUERY_SPREAD,96
2019-06-28 10:06:00.000000000,QUERY_SPREAD,97
2019-06-28 10:06:00.000000000,QUERY_SPREAD,98
2019-06-28 10:06:00.000000000,QUERY_SPREAD,99
2019-06-28 10:06:00.000000000,QUERY_SPREAD,100
2019-06-28 10:06:00.000000000,QUERY_SPREAD,101
2019-06-28 10:06:03.751167014,QUERY_SPREAD,2
2019-06-28 10:06:03.751167014,BEST_BID,"JPM,99782,226"
2019-06-28 10:06:03.751167014,BEST_ASK,"JPM,99812,226"
2019-06-28 10:06:10.000000000,QUERY_SPREAD,1
2019-06-28 10:06:10.000000000,BEST_BID,"JPM,99782,226"
2019-06-28 10:06:10.000000000,BEST_ASK,"JPM,99812,100"
2019-06-28 10:06:10.000000000,BEST_BID,"JPM,99782,226"
2019-06-28 10:06:10.000000000,BEST_ASK,"JPM,99812,100"
2019-06-28 10:06:10.000000000,BEST_BID,"JPM,99782,226"
2019-06-28 10:06:10.000000000,BEST_ASK,"JPM,99812,100"
2019-06-28 10:06:10.000000000,BEST_BID,"JPM,99782,226"
2019-06-28 10:06:10.000000000,BEST_ASK,"JPM,99812,226"
2019-06-28 10:06:10.000000000,BEST_BID,"JPM,99782,226"
2019-06-28 10:06:10.000000000,BEST_ASK,"JPM,99812,226"
2019-06-28 10:06:10.000000000,BEST_BID,"JPM,99782,226"
2019-06-28 10:06:10.000000000,BEST_ASK,"JPM,99812,226"
2019-06-28 10:06:20.000000000,QUERY_SPREAD,1
2019-06-28 10:06:20.000000000,BEST_BID,"JPM,99782,471"
2019-06-28 10:06:20.000000000,BEST_ASK,"JPM,99812,100"
2019-06-28 10:06:20.000000000,BEST_BID,"JPM,99782,471"
2019-06-28 10:06:20.000000000,BEST_ASK,"JPM,99812,471"
2019-06-28 10:06:30.000000000,QUERY_SPREAD,1
2019-06-28 10:06:30.000000000,BEST_BID,"JPM,99782,193"
2019-06-28 10:06:30.000000000,BEST_ASK,"JPM,99812,100"
2019-06-28 10:06:30.000000000,BEST_BID,"JPM,99782,193"
2019-06-28 10:06:30.000000000,BEST_ASK,"JPM,99812,100"
2019-06-28 10:06:30.000000000,BEST_BID,"JPM,99782,193"
2019-06-28 10:06:30.000000000,BEST_ASK,"JPM,99812,100"
2019-06-28 10:06:30.000000000,BEST_BID,"JPM,99782,193"
2019-06-28 10:06:30.000000000,BEST_ASK,"JPM,99812,100"
2019-06-28 10:06:30.000000000,BEST_BID,"JPM,99782,193"
2019-06-28 10:06:30.000000000,BEST_ASK,"JPM,99812,193"
2019-06-28 10:06:30.000000000,BEST_BID,"JPM,99782,193"
2019-06-28 10:06:30.000000000,BEST_ASK,"JPM,99812,193"
2019-06-28 10:06:30.000000000,BEST_BID,"JPM,99782,193"
2019-06-28 10:06:30.000000000,BEST_ASK,"JPM,99812,193"
2019-06-28 10:06:30.000000000,BEST_BID,"JPM,99782,193"
2019-06-28 10:06:30.000000000,BEST_ASK,"JPM,99812,193"
2019-06-28 10:06:40.000000000,QUERY_SPREAD,1
2019-06-28 10:06:40.000000000,BEST_BID,"JPM,99782,286"
2019-06-28 10:06:40.000000000,BEST_ASK,"JPM,99812,100"
2019-06-28 10:06:40.000000000,BEST_BID,"JPM,99782,286"
2019-06-28 10:06:40.000000000,BEST_ASK,"JPM,99812,100"
2019-06-28 10:06:40.000000000,BEST_BID,"JPM,99782,286"
2019-06-28 10:06:40.000000000,BEST_ASK,"JPM,99812,286"
2019-06-28 10:06:40.000000000,BEST_BID,"JPM,99782,286"
2019-06-28 10:06:40.000000000,BEST_ASK,"JPM,99812,286"
2019-06-28 10:06:50.000000000,QUERY_SPREAD,1
2019-06-28 10:06:50.000000000,BEST_BID,"JPM,99782,471"
2019-06-28 10:06:50.000000000,BEST_ASK,"JPM,99812,100"
2019-06-28 10:06:50.000000000,BEST_BID,"JPM,99782,471"
2019-06-28 10:06:50.000000000,BEST_ASK,"JPM,99812,471"
2019-06-28 10:07:00.000000000,QUERY_SPREAD,1
2019-06-28 10:07:00.000000000,BEST_BID,"JPM,99782,286"
2019-06-28 10:07:00.000000000,BEST_ASK,"JPM,99812,100"
2019-06-28 10:07:00.000000000,BEST_BID,"JPM,99782,286"
2019-06-28 10:07:00.000000000,BEST_ASK,"JPM,99812,100"
2019-06-28 10:07:00.000000000,BEST_BID,"JPM,99782,286"
2019-06-28 10:07:00.000000000,BEST_ASK,"JPM,99812,286"
2019-06-28 10:07:00.000000000,BEST_BID,"JPM,99782,286"
2019-06-28 10:07:00.000000000,BEST_ASK,"JPM,99812,286"
2019-06-28 10:07:00.000000000,QUERY_SPREAD,77
2019-06-28 10:07:00.000000000,QUERY_SPREAD,78
2019-06-28 10:07:00.000000000,QUERY_SPREAD,79
2019-06-28 10:07:00.000000000,QUERY_SPREAD,80
2019-06-28 10:07:00.000000000,QUERY_SPREAD,81
2019-06-28 10:07:00.000000000,QUERY_SPREAD,82
2019-06-28 10:07:00.000000000,QUERY_SPREAD,83
2019-06-28 10:07:00.000000000,QUERY_SPREAD,84
2019-06-28 10:07:00.000000000,QUERY_SPREAD,85
2019-06-28 10:07:00.000000000,QUERY_SPREAD,86
2019-06-28 10:07:00.000000000,QUERY_SPREAD,87
2019-06-28 10:07:00.000000000,QUERY_SPREAD,88
2019-06-28 10:07:00.000000000,QUERY_SPREAD,89
2019-06-28 10:07:00.000000000,QUERY_SPREAD,90
2019-06-28 10:07:00.000000000,QUERY_SPREAD,91
2019-06-28 10:07:00.000000000,QUERY_SPREAD,92
2019-06-28 10:07:00.000000000,QUERY_SPREAD,93
2019-06-28 10:07:00.000000000,QUERY_SPREAD,94
2019-06-28 10:07:00.000000000,QUERY_SPREAD,95
2019-06-28 10:07:00.000000000,QUERY_SPREAD,96
2019-06-28 10:07:00.000000000,QUERY_SPREAD,97
2019-06-28 10:07:00.000000000,QUERY_SPREAD,98
2019-06-28 10:07:00.000000000,QUERY_SPREAD,99
2019-06-28 10:07:00.000000000,QUERY_SPREAD,100
2019-06-28 10:07:00.000000000,QUERY_SPREAD,101
2019-06-28 10:07:04.678753758,QUERY_ORDER_STREAM,58
2019-06-28 10:07:04.678753758,QUERY_SPREAD,58
2019-06-28 10:07:04.678753758,BEST_BID,"JPM,99782,186"
2019-06-28 10:07:04.678753758,BEST_ASK,"JPM,99812,286"
2019-06-28 10:07:04.678753758,LAST_TRADE,"100,$99782.0000"
2019-06-28 10:07:10.000000000,QUERY_SPREAD,1
2019-06-28 10:07:10.000000000,BEST_BID,"JPM,99727,193"
2019-06-28 10:07:10.000000000,BEST_ASK,"JPM,99812,100"
2019-06-28 10:07:10.000000000,BEST_BID,"JPM,99727,193"
2019-06-28 10:07:10.000000000,BEST_ASK,"JPM,99812,100"
2019-06-28 10:07:10.000000000,BEST_BID,"JPM,99727,193"
2019-06-28 10:07:10.000000000,BEST_ASK,"JPM,99812,100"
2019-06-28 10:07:10.000000000,BEST_BID,"JPM,99727,193"
2019-06-28 10:07:10.000000000,BEST_ASK,"JPM,99812,100"
2019-06-28 10:07:10.000000000,BEST_BID,"JPM,99727,193"
2019-06-28 10:07:10.000000000,BEST_ASK,"JPM,99812,193"
2019-06-28 10:07:10.000000000,BEST_BID,"JPM,99727,193"
2019-06-28 10:07:10.000000000,BEST_ASK,"JPM,99812,193"
2019-06-28 10:07:10.000000000,BEST_BID,"JPM,99727,193"
2019-06-28 10:07:10.000000000,BEST_ASK,"JPM,99812,193"
2019-06-28 10:07:10.000000000,BEST_BID,"JPM,99727,193"
2019-06-28 10:07:10.000000000,BEST_ASK,"JPM,99812,193"
2019-06-28 10:07:20.000000000,QUERY_SPREAD,1
2019-06-28 10:07:20.000000000,BEST_BID,"JPM,99727,226"
2019-06-28 10:07:20.000000000,BEST_ASK,"JPM,99812,100"
2019-06-28 10:07:20.000000000,BEST_BID,"JPM,99727,226"
2019-06-28 10:07:20.000000000,BEST_ASK,"JPM,99812,100"
2019-06-28 10:07:20.000000000,BEST_BID,"JPM,99727,226"
2019-06-28 10:07:20.000000000,BEST_ASK,"JPM,99812,100"
2019-06-28 10:07:20.000000000,BEST_BID,"JPM,99727,226"
2019-06-28 10:07:20.000000000,BEST_ASK,"JPM,99812,226"
2019-06-28 10:07:20.000000000,BEST_BID,"JPM,99727,226"
2019-06-28 10:07:20.000000000,BEST_ASK,"JPM,99812,226"
2019-06-28 10:07:20.000000000,BEST_BID,"JPM,99727,226"
2019-06-28 10:07:20.000000000,BEST_ASK,"JPM,99812,226"
2019-06-28 10:07:30.000000000,QUERY_SPREAD,1
2019-06-28 10:07:30.000000000,BEST_BID,"JPM,99727,174"
2019-06-28 10:07:30.000000000,BEST_ASK,"JPM,99812,100"
2019-06-28 10:07:30.000000000,BEST_BID,"JPM,99727,174"
2019-06-28 10:07:30.000000000,BEST_ASK,"JPM,99812,100"
2019-06-28 10:07:30.000000000,BEST_BID,"JPM,99727,174"
2019-06-28 10:07:30.000000000,BEST_ASK,"JPM,99812,100"
2019-06-28 10:07:30.000000000,BEST_BID,"JPM,99727,174"
2019-06-28 10:07:30.000000000,BEST_ASK,"JPM,99812,100"
2019-06-28 10:07:30.000000000,BEST_BID,"JPM,99727,174"
2019-06-28 10:07:30.000000000,BEST_ASK,"JPM,99812,100"
2019-06-28 10:07:30.000000000,BEST_BID,"JPM,99727,174"
2019-06-28 10:07:30.000000000,BEST_ASK,"JPM,99812,174"
2019-06-28 10:07:30.000000000,BEST_BID,"JPM,99727,174"
2019-06-28 10:07:30.000000000,BEST_ASK,"JPM,99812,174"
2019-06-28 10:07:30.000000000,BEST_BID,"JPM,99727,174"
2019-06-28 10:07:30.000000000,BEST_ASK,"JPM,99812,174"
2019-06-28 10:07:30.000000000,BEST_BID,"JPM,99727,174"
2019-06-28 10:07:30.000000000,BEST_ASK,"JPM,99812,174"
2019-06-28 10:07:30.000000000,BEST_BID,"JPM,99727,174"
2019-06-28 10:07:30.000000000,BEST_ASK,"JPM,99812,174"
2019-06-28 10:07:40.000000000,QUERY_SPREAD,1
2019-06-28 10:07:40.000000000,BEST_BID,"JPM,99727,471"
2019-06-28 10:07:40.000000000,BEST_ASK,"JPM,99812,100"
2019-06-28 10:07:40.000000000,BEST_BID,"JPM,99727,471"
2019-06-28 10:07:40.000000000,BEST_ASK,"JPM,99812,471"
2019-06-28 10:07:45.622060013,QUERY_SPREAD,30
2019-06-28 10:07:45.622060013,BEST_BID,"JPM,99727,471"
2019-06-28 10:07:45.622060013,BEST_ASK,"JPM,99812,471"
2019-06-28 10:07:50.000000000,QUERY_SPREAD,1
2019-06-28 10:07:50.000000000,BEST_BID,"JPM,99727,471"
2019-06-28 10:07:50.000000000,BEST_ASK,"JPM,99812,100"
2019-06-28 10:07:50.000000000,BEST_BID,"JPM,99727,471"
2019-06-28 10:07:50.000000000,BEST_ASK,"JPM,99812,471"
2019-06-28 10:08:00.000000000,QUERY_SPREAD,1
2019-06-28 10:08:00.000000000,BEST_BID,"JPM,99727,226"
2019-06-28 10:08:00.000000000,BEST_ASK,"JPM,99812,100"
2019-06-28 10:08:00.000000000,BEST_BID,"JPM,99727,226"
2019-06-28 10:08:00.000000000,BEST_ASK,"JPM,99812,100"
2019-06-28 10:08:00.000000000,BEST_BID,"JPM,99727,226"
2019-06-28 10:08:00.000000000,BEST_ASK,"JPM,99812,100"
2019-06-28 10:08:00.000000000,BEST_BID,"JPM,99727,226"
2019-06-28 10:08:00.000000000,BEST_ASK,"JPM,99812,226"
2019-06-28 10:08:00.000000000,BEST_BID,"JPM,99727,226"
2019-06-28 10:08:00.000000000,BEST_ASK,"JPM,99812,226"
2019-06-28 10:08:00.000000000,BEST_BID,"JPM,99727,226"
2019-06-28 10:08:00.000000000,BEST_ASK,"JPM,99812,226"
2019-06-28 10:08:00.000000000,QUERY_SPREAD,77
2019-06-28 10:08:00.000000000,QUERY_SPREAD,78
2019-06-28 10:08:00.000000000,QUERY_SPREAD,79
2019-06-28 10:08:00.000000000,QUERY_SPREAD,80
2019-06-28 10:08:00.000000000,QUERY_SPREAD,81
2019-06-28 10:08:00.000000000,QUERY_SPREAD,82
2019-06-28 10:08:00.000000000,QUERY_SPREAD,83
2019-06-28 10:08:00.000000000,QUERY_SPREAD,84
2019-06-28 10:08:00.000000000,QUERY_SPREAD,85
2019-06-28 10:08:00.000000000,QUERY_SPREAD,86
2019-06-28 10:08:00.000000000,QUERY_SPREAD,87
2019-06-28 10:08:00.000000000,QUERY_SPREAD,88
2019-06-28 10:08:00.000000000,QUERY_SPREAD,89
2019-06-28 10:08:00.000000000,QUERY_SPREAD,90
2019-06-28 10:08:00.000000000,QUERY_SPREAD,91
2019-06-28 10:08:00.000000000,QUERY_SPREAD,92
2019-06-28 10:08:00.000000000,QUERY_SPREAD,93
2019-06-28 10:08:00.000000000,QUERY_SPREAD,94
2019-06-28 10:08:00.000000000,QUERY_SPREAD,95
2019-06-28 10:08:00.000000000,QUERY_SPREAD,96
2019-06-28 10:08:00.000000000,QUERY_SPREAD,97
2019-06-28 10:08:00.000000000,QUERY_SPREAD,98
2019-06-28 10:08:00.000000000,QUERY_SPREAD,99
2019-06-28 10:08:00.000000000,QUERY_SPREAD,100
2019-06-28 10:08:00.000000000,QUERY_SPREAD,101
2019-06-28 10:08:01.561118588,QUERY_ORDER_STREAM,60
2019-06-28 10:08:01.561118588,QUERY_SPREAD,60
2019-06-28 10:08:01.561118588,BEST_BID,"JPM,99727,226"
2019-06-28 10:08:01.561118588,BEST_ASK,"JPM,99781,100"
2019-06-28 10:08:02.025350410,QUERY_ORDER_STREAM,73
2019-06-28 10:08:02.025350410,QUERY_SPREAD,73
2019-06-28 10:08:08.604957094,QUERY_SPREAD,32
2019-06-28 10:08:08.604957094,BEST_BID,"JPM,99727,226"
2019-06-28 10:08:08.604957094,BEST_ASK,"JPM,99781,100"
2019-06-28 10:08:09.336878615,QUERY_SPREAD,31
2019-06-28 10:08:09.336878615,BEST_BID,"JPM,99727,126"
2019-06-28 10:08:09.336878615,BEST_ASK,"JPM,99781,100"
2019-06-28 10:08:10.000000000,QUERY_SPREAD,1
2019-06-28 10:08:10.000000000,BEST_BID,"JPM,99625,226"
2019-06-28 10:08:10.000000000,BEST_ASK,"JPM,99781,100"
2019-06-28 10:08:10.000000000,BEST_BID,"JPM,99625,226"
2019-06-28 10:08:10.000000000,BEST_ASK,"JPM,99781,100"
2019-06-28 10:08:10.000000000,BEST_BID,"JPM,99625,226"
2019-06-28 10:08:10.000000000,BEST_ASK,"JPM,99781,100"
2019-06-28 10:08:10.000000000,BEST_BID,"JPM,99625,226"
2019-06-28 10:08:10.000000000,BEST_ASK,"JPM,99781,226"
2019-06-28 10:08:10.000000000,BEST_BID,"JPM,99625,226"
2019-06-28 10:08:10.000000000,BEST_ASK,"JPM,99781,226"
2019-06-28 10:08:10.000000000,BEST_BID,"JPM,99625,226"
2019-06-28 10:08:10.000000000,BEST_ASK,"JPM,99781,226"
2019-06-28 10:08:16.534199685,QUERY_ORDER_STREAM,64
2019-06-28 10:08:16.534199685,QUERY_SPREAD,64
2019-06-28 10:08:17.745818374,QUERY_SPREAD,15
2019-06-28 10:08:17.745818374,BEST_BID,"JPM,99625,226"
2019-06-28 10:08:17.745818374,BEST_ASK,"JPM,99637,100"
2019-06-28 10:08:20.000000000,QUERY_SPREAD,1
2019-06-28 10:08:20.000000000,BEST_BID,"JPM,99625,286"
2019-06-28 10:08:20.000000000,BEST_ASK,"JPM,99637,100"
2019-06-28 10:08:20.000000000,BEST_BID,"JPM,99625,286"
2019-06-28 10:08:20.000000000,BEST_ASK,"JPM,99637,100"
2019-06-28 10:08:20.000000000,BEST_BID,"JPM,99625,286"
2019-06-28 10:08:20.000000000,BEST_ASK,"JPM,99637,286"
2019-06-28 10:08:20.000000000,BEST_BID,"JPM,99625,286"
2019-06-28 10:08:20.000000000,BEST_ASK,"JPM,99637,286"
2019-06-28 10:08:30.000000000,QUERY_SPREAD,1
2019-06-28 10:08:30.000000000,BEST_BID,"JPM,99625,193"
2019-06-28 10:08:30.000000000,BEST_ASK,"JPM,99637,100"
2019-06-28 10:08:30.000000000,BEST_BID,"JPM,99625,193"
2019-06-28 10:08:30.000000000,BEST_ASK,"JPM,99637,100"
2019-06-28 10:08:30.000000000,BEST_BID,"JPM,99625,193"
2019-06-28 10:08:30.000000000,BEST_ASK,"JPM,99637,100"
2019-06-28 10:08:30.000000000,BEST_BID,"JPM,99625,193"
2019-06-28 10:08:30.000000000,BEST_ASK,"JPM,99637,100"
2019-06-28 10:08:30.000000000,BEST_BID,"JPM,99625,193"
2019-06-28 10:08:30.000000000,BEST_ASK,"JPM,99637,193"
2019-06-28 10:08:30.000000000,BEST_BID,"JPM,99625,193"
2019-06-28 10:08:30.000000000,BEST_ASK,"JPM,99637,193"
2019-06-28 10:08:30.000000000,BEST_BID,"JPM,99625,193"
2019-06-28 10:08:30.000000000,BEST_ASK,"JPM,99637,193"
2019-06-28 10:08:30.000000000,BEST_BID,"JPM,99625,193"
2019-06-28 10:08:30.000000000,BEST_ASK,"JPM,99637,193"
2019-06-28 10:08:36.958521457,QUERY_ORDER_STREAM,60
2019-06-28 10:08:36.958521457,QUERY_SPREAD,60
2019-06-28 10:08:36.958521457,BEST_BID,"JPM,99625,193"
2019-06-28 10:08:36.958521457,BEST_ASK,"JPM,99637,193"
2019-06-28 10:08:40.000000000,QUERY_SPREAD,1
2019-06-28 10:08:40.000000000,BEST_BID,"JPM,99625,286"
2019-06-28 10:08:40.000000000,BEST_ASK,"JPM,99637,100"
2019-06-28 10:08:40.000000000,BEST_BID,"JPM,99625,286"
2019-06-28 10:08:40.000000000,BEST_ASK,"JPM,99637,100"
2019-06-28 10:08:40.000000000,BEST_BID,"JPM,99625,286"
2019-06-28 10:08:40.000000000,BEST_ASK,"JPM,99637,286"
2019-06-28 10:08:40.000000000,BEST_BID,"JPM,99625,286"
2019-06-28 10:08:40.000000000,BEST_ASK,"JPM,99637,286"
2019-06-28 10:08:50.000000000,QUERY_SPREAD,1
2019-06-28 10:08:50.000000000,BEST_BID,"JPM,99625,286"
2019-06-28 10:08:50.000000000,BEST_ASK,"JPM,99637,100"
2019-06-28 10:08:50.000000000,BEST_BID,"JPM,99625,286"
2019-06-28 10:08:50.000000000,BEST_ASK,"JPM,99637,100"
2019-06-28 10:08:50.000000000,BEST_BID,"JPM,99625,286"
2019-06-28 10:08:50.000000000,BEST_ASK,"JPM,99637,286"
2019-06-28 10:08:50.000000000,BEST_BID,"JPM,99625,286"
2019-06-28 10:08:50.000000000,BEST_ASK,"JPM,99637,286"
2019-06-28 10:09:00.000000000,QUERY_SPREAD,1
2019-06-28 10:09:00.000000000,BEST_BID,"JPM,99625,471"
2019-06-28 10:09:00.000000000,BEST_ASK,"JPM,99637,100"
2019-06-28 10:09:00.000000000,BEST_BID,"JPM,99625,471"
2019-06-28 10:09:00.000000000,BEST_ASK,"JPM,99637,471"
2019-06-28 10:09:00.000000000,QUERY_SPREAD,77
2019-06-28 10:09:00.000000000,QUERY_SPREAD,78
2019-06-28 10:09:00.000000000,QUERY_SPREAD,79
2019-06-28 10:09:00.000000000,QUERY_SPREAD,80
2019-06-28 10:09:00.000000000,QUERY_SPREAD,81
2019-06-28 10:09:00.000000000,QUERY_SPREAD,82
2019-06-28 10:09:00.000000000,QUERY_SPREAD,83
2019-06-28 10:09:00.000000000,QUERY_SPREAD,84
2019-06-28 10:09:00.000000000,QUERY_SPREAD,85
2019-06-28 10:09:00.000000000,QUERY_SPREAD,86
2019-06-28 10:09:00.000000000,QUERY_SPREAD,87
2019-06-28 10:09:00.000000000,QUERY_SPREAD,88
2019-06-28 10:09:00.000000000,QUERY_SPREAD,89
2019-06-28 10:09:00.000000000,QUERY_SPREAD,90
2019-06-28 10:09:00.000000000,QUERY_SPREAD,91
2019-06-28 10:09:00.000000000,QUERY_SPREAD,92
2019-06-28 10:09:00.000000000,QUERY_SPREAD,93
2019-06-28 10:09:00.000000000,QUERY_SPREAD,94
2019-06-28 10:09:00.000000000,QUERY_SPREAD,95
2019-06-28 10:09:00.000000000,QUERY_SPREAD,96
2019-06-28 10:09:00.000000000,QUERY_SPREAD,97
2019-06-28 10:09:00.000000000,QUERY_SPREAD,98
2019-06-28 10:09:00.000000000,QUERY_SPREAD,99
2019-06-28 10:09:00.000000000,QUERY_SPREAD,100
2019-06-28 10:09:00.000000000,QUERY_SPREAD,101
2019-06-28 10:09:02.306684301,QUERY_SPREAD,46
2019-06-28 10:09:02.306684301,BEST_BID,"JPM,99625,471"
2019-06-28 10:09:02.306684301,BEST_ASK,"JPM,99637,471"
2019-06-28 10:09:10.000000000,QUERY_SPREAD,1
2019-06-28 10:09:10.000000000,BEST_BID,"JPM,99625,226"
2019-06-28 10:09:10.000000000,BEST_ASK,"JPM,99637,100"
2019-06-28 10:09:10.000000000,BEST_BID,"JPM,99625,226"
2019-06-28 10:09:10.000000000,BEST_ASK,"JPM,99637,100"
2019-06-28 10:09:10.000000000,BEST_BID,"JPM,99625,226"
2019-06-28 10:09:10.000000000,BEST_ASK,"JPM,99637,100"
2019-06-28 10:09:10.000000000,BEST_BID,"JPM,99625,226"
2019-06-28 10:09:10.000000000,BEST_ASK,"JPM,99637,226"
2019-06-28 10:09:10.000000000,BEST_BID,"JPM,99625,226"
2019-06-28 10:09:10.000000000,BEST_ASK,"JPM,99637,226"
2019-06-28 10:09:10.000000000,BEST_BID,"JPM,99625,226"
2019-06-28 10:09:10.000000000,BEST_ASK,"JPM,99637,226"
2019-06-28 10:09:20.000000000,QUERY_SPREAD,1
2019-06-28 10:09:20.000000000,BEST_BID,"JPM,99625,174"
2019-06-28 10:09:20.000000000,BEST_ASK,"JPM,99637,100"
2019-06-28 10:09:20.000000000,BEST_BID,"JPM,99625,174"
2019-06-28 10:09:20.000000000,BEST_ASK,"JPM,99637,100"
2019-06-28 10:09:20.000000000,BEST_BID,"JPM,99625,174"
2019-06-28 10:09:20.000000000,BEST_ASK,"JPM,99637,100"
2019-06-28 10:09:20.000000000,BEST_BID,"JPM,99625,174"
2019-06-28 10:09:20.000000000,BEST_ASK,"JPM,99637,100"
2019-06-28 10:09:20.000000000,BEST_BID,"JPM,99625,174"
2019-06-28 10:09:20.000000000,BEST_ASK,"JPM,99637,100"
2019-06-28 10:09:20.000000000,BEST_BID,"JPM,99625,174"
2019-06-28 10:09:20.000000000,BEST_ASK,"JPM,99637,174"
2019-06-28 10:09:20.000000000,BEST_BID,"JPM,99625,174"
2019-06-28 10:09:20.000000000,BEST_ASK,"JPM,99637,174"
2019-06-28 10:09:20.000000000,BEST_BID,"JPM,99625,174"
2019-06-28 10:09:20.000000000,BEST_ASK,"JPM,99637,174"
2019-06-28 10:09:20.000000000,BEST_BID,"JPM,99625,174"
2019-06-28 10:09:20.000000000,BEST_ASK,"JPM,99637,174"
2019-06-28 10:09:20.000000000,BEST_BID,"JPM,99625,174"
2019-06-28 10:09:20.000000000,BEST_ASK,"JPM,99637,174"
2019-06-28 10:09:30.000000000,QUERY_SPREAD,1
2019-06-28 10:09:30.000000000,BEST_BID,"JPM,99625,226"
2019-06-28 10:09:30.000000000,BEST_ASK,"JPM,99637,100"
2019-06-28 10:09:30.000000000,BEST_BID,"JPM,99625,226"
2019-06-28 10:09:30.000000000,BEST_ASK,"JPM,99637,100"
2019-06-28 10:09:30.000000000,BEST_BID,"JPM,99625,226"
2019-06-28 10:09:30.000000000,BEST_ASK,"JPM,99637,100"
2019-06-28 10:09:30.000000000,BEST_BID,"JPM,99625,226"
2019-06-28 10:09:30.000000000,BEST_ASK,"JPM,99637,226"
2019-06-28 10:09:30.000000000,BEST_BID,"JPM,99625,226"
2019-06-28 10:09:30.000000000,BEST_ASK,"JPM,99637,226"
2019-06-28 10:09:30.000000000,BEST_BID,"JPM,99625,226"
2019-06-28 10:09:30.000000000,BEST_ASK,"JPM,99637,226"
2019-06-28 10:09:40.000000000,QUERY_SPREAD,1
2019-06-28 10:09:40.000000000,BEST_BID,"JPM,99625,193"
2019-06-28 10:09:40.000000000,BEST_ASK,"JPM,99637,100"
2019-06-28 10:09:40.000000000,BEST_BID,"JPM,99625,193"
2019-06-28 10:09:40.000000000,BEST_ASK,"JPM,99637,100"
2019-06-28 10:09:40.000000000,BEST_BID,"JPM,99625,193"
2019-06-28 10:09:40.000000000,BEST_ASK,"JPM,99637,100"
2019-06-28 10:09:40.000000000,BEST_BID,"JPM,99625,193"
2019-06-28 10:09:40.000000000,BEST_ASK,"JPM,99637,100"
2019-06-28 10:09:40.000000000,BEST_BID,"JPM,99625,193"
2019-06-28 10:09:40.000000000,BEST_ASK,"JPM,99637,193"
2019-06-28 10:09:40.000000000,BEST_BID,"JPM,99625,193"
2019-06-28 10:09:40.000000000,BEST_ASK,"JPM,99637,193"
2019-06-28 10:09:40.000000000,BEST_BID,"JPM,99625,193"
2019-06-28 10:09:40.000000000,BEST_ASK,"JPM,99637,193"
2019-06-28 10:09:40.000000000,BEST_BID,"JPM,99625,193"
2019-06-28 10:09:40.000000000,BEST_ASK,"JPM,99637,193"
2019-06-28 10:09:50.000000000,QUERY_SPREAD,1
2019-06-28 10:09:50.000000000,BEST_BID,"JPM,99625,286"
2019-06-28 10:09:50.000000000,BEST_ASK,"JPM,99637,100"
2019-06-28 10:09:50.000000000,BEST_BID,"JPM,99625,286"
2019-06-28 10:09:50.000000000,BEST_ASK,"JPM,99637,100"
2019-06-28 10:09:50.000000000,BEST_BID,"JPM,99625,286"
2019-06-28 10:09:50.000000000,BEST_ASK,"JPM,99637,286"
2019-06-28 10:09:50.000000000,BEST_BID,"JPM,99625,286"
2019-06-28 10:09:50.000000000,BEST_ASK,"JPM,99637,286"
2019-06-28 10:09:50.129517262,QUERY_SPREAD,40
2019-06-28 10:09:50.129517262,BEST_BID,"JPM,99625,286"
2019-06-28 10:09:50.129517262,BEST_ASK,"JPM,99637,186"
2019-06-28 10:09:50.129517262,LAST_TRADE,"100,$99637.0000"
2019-06-28 10:10:00.000000000,QUERY_SPREAD,1
2019-06-28 10:10:00.000000000,BEST_BID,"JPM,99625,193"
2019-06-28 10:10:00.000000000,BEST_ASK,"JPM,99728,100"
2019-06-28 10:10:00.000000000,BEST_BID,"JPM,99625,193"
2019-06-28 10:10:00.000000000,BEST_ASK,"JPM,99728,100"
2019-06-28 10:10:00.000000000,BEST_BID,"JPM,99625,193"
2019-06-28 10:10:00.000000000,BEST_ASK,"JPM,99728,100"
2019-06-28 10:10:00.000000000,BEST_BID,"JPM,99625,193"
2019-06-28 10:10:00.000000000,BEST_ASK,"JPM,99728,100"
2019-06-28 10:10:00.000000000,BEST_BID,"JPM,99625,193"
2019-06-28 10:10:00.000000000,BEST_ASK,"JPM,99728,193"
2019-06-28 10:10:00.000000000,BEST_BID,"JPM,99625,193"
2019-06-28 10:10:00.000000000,BEST_ASK,"JPM,99728,193"
2019-06-28 10:10:00.000000000,BEST_BID,"JPM,99625,193"
2019-06-28 10:10:00.000000000,BEST_ASK,"JPM,99728,193"
2019-06-28 10:10:00.000000000,BEST_BID,"JPM,99625,193"
2019-06-28 10:10:00.000000000,BEST_ASK,"JPM,99728,193"
2019-06-28 10:10:00.000000000,QUERY_SPREAD,77
2019-06-28 10:10:00.000000000,QUERY_SPREAD,78
2019-06-28 10:10:00.000000000,QUERY_SPREAD,79
2019-06-28 10:10:00.000000000,QUERY_SPREAD,80
2019-06-28 10:10:00.000000000,QUERY_SPREAD,81
2019-06-28 10:10:00.000000000,QUERY_SPREAD,82
2019-06-28 10:10:00.000000000,QUERY_SPREAD,83
2019-06-28 10:10:00.000000000,QUERY_SPREAD,84
2019-06-28 10:10:00.000000000,QUERY_SPREAD,85
2019-06-28 10:10:00.000000000,QUERY_SPREAD,86
2019-06-28 10:10:00.000000000,QUERY_SPREAD,87
2019-06-28 10:10:00.000000000,QUERY_SPREAD,88
2019-06-28 10:10:00.000000000,QUERY_SPREAD,89
2019-06-28 10:10:00.000000000,QUERY_SPREAD,90
2019-06-28 10:10:00.000000000,QUERY_SPREAD,91
2019-06-28 10:10:00.000000000,QUERY_SPREAD,92
2019-06-28 10:10:00.000000000,QUERY_SPREAD,93
2019-06-28 10:10:00.000000000,QUERY_SPREAD,94
2019-06-28 10:10:00.000000000,QUERY_SPREAD,95
2019-06-28 10:10:00.000000000,QUERY_SPREAD,96
2019-06-28 10:10:00.000000000,QUERY_SPREAD,97
2019-06-28 10:10:00.000000000,QUERY_SPREAD,98
2019-06-28 10:10:00.000000000,QUERY_SPREAD,99
2019-06-28 10:10:00.000000000,QUERY_SPREAD,100
2019-06-28 10:10:00.000000000,QUERY_SPREAD,101
2019-06-28 10:10:10.000000000,QUERY_SPREAD,1
2019-06-28 10:10:10.000000000,BEST_BID,"JPM,99625,471"
2019-06-28 10:10:10.000000000,BEST_ASK,"JPM,99728,100"
2019-06-28 10:10:10.000000000,BEST_BID,"JPM,99625,471"
2019-06-28 10:10:10.000000000,BEST_ASK,"JPM,99728,471"
2019-06-28 10:10:12.540957312,QUERY_ORDER_STREAM,59
2019-06-28 10:10:12.540957312,QUERY_SPREAD,59
2019-06-28 10:10:20.000000000,QUERY_SPREAD,1
2019-06-28 10:10:20.000000000,BEST_BID,"JPM,99625,193"
2019-06-28 10:10:20.000000000,BEST_ASK,"JPM,99728,100"
2019-06-28 10:10:20.000000000,BEST_BID,"JPM,99625,193"
2019-06-28 10:10:20.000000000,BEST_ASK,"JPM,99728,100"
2019-06-28 10:10:20.000000000,BEST_BID,"JPM,99625,193"
2019-06-28 10:10:20.000000000,BEST_ASK,"JPM,99728,100"
2019-06-28 10:10:20.000000000,BEST_BID,"JPM,99625,193"
2019-06-28 10:10:20.000000000,BEST_ASK,"JPM,99728,100"
2019-06-28 10:10:20.000000000,BEST_BID,"JPM,99625,193"
2019-06-28 10:10:20.000000000,BEST_ASK,"JPM,99728,193"
2019-06-28 10:10:20.000000000,BEST_BID,"JPM,99625,193"
2019-06-28 10:10:20.000000000,BEST_ASK,"JPM,99728,193"
2019-06-28 10:10:20.000000000,BEST_BID,"JPM,99625,193"
2019-06-28 10:10:20.000000000,BEST_ASK,"JPM,99728,193"
2019-06-28 10:10:20.000000000,BEST_BID,"JPM,99625,193"
2019-06-28 10:10:20.000000000,BEST_ASK,"JPM,99728,193"
2019-06-28 10:10:30.000000000,QUERY_SPREAD,1
2019-06-28 10:10:30.000000000,BEST_BID,"JPM,99625,193"
2019-06-28 10:10:30.000000000,BEST_ASK,"JPM,99728,100"
2019-06-28 10:10:30.000000000,BEST_BID,"JPM,99625,193"
2019-06-28 10:10:30.000000000,BEST_ASK,"JPM,99728,100"
2019-06-28 10:10:30.000000000,BEST_BID,"JPM,99625,193"
2019-06-28 10:10:30.000000000,BEST_ASK,"JPM,99728,100"
2019-06-28 10:10:30.000000000,BEST_BID,"JPM,99625,193"
2019-06-28 10:10:30.000000000,BEST_ASK,"JPM,99728,100"
2019-06-28 10:10:30.000000000,BEST_BID,"JPM,99625,193"
2019-06-28 10:10:30.000000000,BEST_ASK,"JPM,99728,193"
2019-06-28 10:10:30.000000000,BEST_BID,"JPM,99625,193"
2019-06-28 10:10:30.000000000,BEST_ASK,"JPM,99728,193"
2019-06-28 10:10:30.000000000,BEST_BID,"JPM,99625,193"
2019-06-28 10:10:30.000000000,BEST_ASK,"JPM,99728,193"
2019-06-28 10:10:30.000000000,BEST_BID,"JPM,99625,193"
2019-06-28 10:10:30.000000000,BEST_ASK,"JPM,99728,193"
2019-06-28 10:10:40.000000000,QUERY_SPREAD,1
2019-06-28 10:10:40.000000000,BEST_BID,"JPM,99625,174"
2019-06-28 10:10:40.000000000,BEST_ASK,"JPM,99728,100"
2019-06-28 10:10:40.000000000,BEST_BID,"JPM,99625,174"
2019-06-28 10:10:40.000000000,BEST_ASK,"JPM,99728,100"
2019-06-28 10:10:40.000000000,BEST_BID,"JPM,99625,174"
2019-06-28 10:10:40.000000000,BEST_ASK,"JPM,99728,100"
2019-06-28 10:10:40.000000000,BEST_BID,"JPM,99625,174"
2019-06-28 10:10:40.000000000,BEST_ASK,"JPM,99728,100"
2019-06-28 10:10:40.000000000,BEST_BID,"JPM,99625,174"
2019-06-28 10:10:40.000000000,BEST_ASK,"JPM,99728,100"
2019-06-28 10:10:40.000000000,BEST_BID,"JPM,99625,174"
2019-06-28 10:10:40.000000000,BEST_ASK,"JPM,99728,174"
2019-06-28 10:10:40.000000000,BEST_BID,"JPM,99625,174"
2019-06-28 10:10:40.000000000,BEST_ASK,"JPM,99728,174"
2019-06-28 10:10:40.000000000,BEST_BID,"JPM,99625,174"
2019-06-28 10:10:40.000000000,BEST_ASK,"JPM,99728,174"
2019-06-28 10:10:40.000000000,BEST_BID,"JPM,99625,174"
2019-06-28 10:10:40.000000000,BEST_ASK,"JPM,99728,174"
2019-06-28 10:10:40.000000000,BEST_BID,"JPM,99625,174"
2019-06-28 10:10:40.000000000,BEST_ASK,"JPM,99728,174"
2019-06-28 10:10:41.773100111,QUERY_ORDER_STREAM,59
2019-06-28 10:10:41.773100111,QUERY_SPREAD,59
2019-06-28 10:10:49.626872593,QUERY_SPREAD,26
2019-06-28 10:10:49.626872593,BEST_BID,"JPM,99625,174"
2019-06-28 10:10:49.626872593,BEST_ASK,"JPM,99728,74"
2019-06-28 10:10:49.626872593,LAST_TRADE,"100,$99728.0000"
2019-06-28 10:10:50.000000000,QUERY_SPREAD,1
2019-06-28 10:10:50.000000000,BEST_BID,"JPM,99625,193"
2019-06-28 10:10:50.000000000,BEST_ASK,"JPM,99781,100"
2019-06-28 10:10:50.000000000,BEST_BID,"JPM,99625,193"
2019-06-28 10:10:50.000000000,BEST_ASK,"JPM,99781,100"
2019-06-28 10:10:50.000000000,BEST_BID,"JPM,99625,193"
2019-06-28 10:10:50.000000000,BEST_ASK,"JPM,99781,100"
2019-06-28 10:10:50.000000000,BEST_BID,"JPM,99625,193"
2019-06-28 10:10:50.000000000,BEST_ASK,"JPM,99781,100"
2019-06-28 10:10:50.000000000,BEST_BID,"JPM,99625,193"
2019-06-28 10:10:50.000000000,BEST_ASK,"JPM,99781,193"
2019-06-28 10:10:50.000000000,BEST_BID,"JPM,99625,193"
2019-06-28 10:10:50.000000000,BEST_ASK,"JPM,99781,193"
2019-06-28 10:10:50.000000000,BEST_BID,"JPM,99625,193"
2019-06-28 10:10:50.000000000,BEST_ASK,"JPM,99781,193"
2019-06-28 10:10:50.000000000,BEST_BID,"JPM,99625,193"
2019-06-28 10:10:50.000000000,BEST_ASK,"JPM,99781,193"
2019-06-28 10:10:59.976792722,QUERY_ORDER_STREAM,69
2019-06-28 10:10:59.976792722,QUERY_SPREAD,69
2019-06-28 10:10:59.976792722,BEST_BID,"JPM,99728,100"
2019-06-28 10:10:59.976792722,BEST_ASK,"JPM,99781,193"
2019-06-28 10:11:00.000000000,QUERY_SPREAD,1
2019-06-28 10:11:00.000000000,BEST_BID,"JPM,99728,286"
2019-06-28 10:11:00.000000000,BEST_ASK,"JPM,99781,100"
2019-06-28 10:11:00.000000000,BEST_BID,"JPM,99728,286"
2019-06-28 10:11:00.000000000,BEST_ASK,"JPM,99781,100"
2019-06-28 10:11:00.000000000,BEST_BID,"JPM,99728,286"
2019-06-28 10:11:00.000000000,BEST_ASK,"JPM,99781,286"
2019-06-28 10:11:00.000000000,BEST_BID,"JPM,99728,286"
2019-06-28 10:11:00.000000000,BEST_ASK,"JPM,99781,286"
2019-06-28 10:11:00.000000000,QUERY_SPREAD,77
2019-06-28 10:11:00.000000000,QUERY_SPREAD,78
2019-06-28 10:11:00.000000000,QUERY_SPREAD,79
2019-06-28 10:11:00.000000000,QUERY_SPREAD,80
2019-06-28 10:11:00.000000000,QUERY_SPREAD,81
2019-06-28 10:11:00.000000000,QUERY_SPREAD,82
2019-06-28 10:11:00.000000000,QUERY_SPREAD,83
2019-06-28 10:11:00.000000000,QUERY_SPREAD,84
2019-06-28 10:11:00.000000000,QUERY_SPREAD,85
2019-06-28 10:11:00.000000000,QUERY_SPREAD,86
2019-06-28 10:11:00.000000000,QUERY_SPREAD,87
2019-06-28 10:11:00.000000000,QUERY_SPREAD,88
2019-06-28 10:11:00.000000000,QUERY_SPREAD,89
2019-06-28 10:11:00.000000000,QUERY_SPREAD,90
2019-06-28 10:11:00.000000000,QUERY_SPREAD,91
2019-06-28 10:11:00.000000000,QUERY_SPREAD,92
2019-06-28 10:11:00.000000000,QUERY_SPREAD,93
2019-06-28 10:11:00.000000000,QUERY_SPREAD,94
2019-06-28 10:11:00.000000000,QUERY_SPREAD,95
2019-06-28 10:11:00.000000000,QUERY_SPREAD,96
2019-06-28 10:11:00.000000000,QUERY_SPREAD,97
2019-06-28 10:11:00.000000000,QUERY_SPREAD,98
2019-06-28 10:11:00.000000000,QUERY_SPREAD,99
2019-06-28 10:11:00.000000000,QUERY_SPREAD,100
2019-06-28 10:11:00.000000000,QUERY_SPREAD,101
2019-06-28 10:11:10.000000000,QUERY_SPREAD,1
2019-06-28 10:11:10.000000000,BEST_BID,"JPM,99728,193"
2019-06-28 10:11:10.000000000,BEST_ASK,"JPM,99781,100"
2019-06-28 10:11:10.000000000,BEST_BID,"JPM,99728,193"
2019-06-28 10:11:10.000000000,BEST_ASK,"JPM,99781,100"
2019-06-28 10:11:10.000000000,BEST_BID,"JPM,99728,193"
2019-06-28 10:11:10.000000000,BEST_ASK,"JPM,99781,100"
2019-06-28 10:11:10.000000000,BEST_BID,"JPM,99728,193"
2019-06-28 10:11:10.000000000,BEST_ASK,"JPM,99781,100"
2019-06-28 10:11:10.000000000,BEST_BID,"JPM,99728,193"
2019-06-28 10:11:10.000000000,BEST_ASK,"JPM,99781,193"
2019-06-28 10:11:10.000000000,BEST_BID,"JPM,99728,193"
2019-06-28 10:11:10.000000000,BEST_ASK,"JPM,99781,193"
2019-06-28 10:11:10.000000000,BEST_BID,"JPM,99728,193"
2019-06-28 10:11:10.000000000,BEST_ASK,"JPM,99781,193"
2019-06-28 10:11:10.000000000,BEST_BID,"JPM,99728,193"
2019-06-28 10:11:10.000000000,BEST_ASK,"JPM,99781,193"
2019-06-28 10:11:20.000000000,QUERY_SPREAD,1
2019-06-28 10:11:20.000000000,BEST_BID,"JPM,99728,226"
2019-06-28 10:11:20.000000000,BEST_ASK,"JPM,99781,100"
2019-06-28 10:11:20.000000000,BEST_BID,"JPM,99728,226"
2019-06-28 10:11:20.000000000,BEST_ASK,"JPM,99781,100"
2019-06-28 10:11:20.000000000,BEST_BID,"JPM,99728,226"
2019-06-28 10:11:20.000000000,BEST_ASK,"JPM,99781,100"
2019-06-28 10:11:20.000000000,BEST_BID,"JPM,99728,226"
2019-06-28 10:11:20.000000000,BEST_ASK,"JPM,99781,226"
2019-06-28 10:11:20.000000000,BEST_BID,"JPM,99728,226"
2019-06-28 10:11:20.000000000,BEST_ASK,"JPM,99781,226"
2019-06-28 10:11:20.000000000,BEST_BID,"JPM,99728,226"
2019-06-28 10:11:20.000000000,BEST_ASK,"JPM,99781,226"
2019-06-28 10:11:30.000000000,QUERY_SPREAD,1
2019-06-28 10:11:30.000000000,BEST_BID,"JPM,99728,174"
2019-06-28 10:11:30.000000000,BEST_ASK,"JPM,99781,100"
2019-06-28 10:11:30.000000000,BEST_BID,"JPM,99728,174"
2019-06-28 10:11:30.000000000,BEST_ASK,"JPM,99781,100"
2019-06-28 10:11:30.000000000,BEST_BID,"JPM,99728,174"
2019-06-28 10:11:30.000000000,BEST_ASK,"JPM,99781,100"
2019-06-28 10:11:30.000000000,BEST_BID,"JPM,99728,174"
2019-06-28 10:11:30.000000000,BEST_ASK,"JPM,99781,100"
2019-06-28 10:11:30.000000000,BEST_BID,"JPM,99728,174"
2019-06-28 10:11:30.000000000,BEST_ASK,"JPM,99781,100"
2019-06-28 10:11:30.000000000,BEST_BID,"JPM,99728,174"
2019-06-28 10:11:30.000000000,BEST_ASK,"JPM,99781,174"
2019-06-28 10:11:30.000000000,BEST_BID,"JPM,99728,174"
2019-06-28 10:11:30.000000000,BEST_ASK,"JPM,99781,174"
2019-06-28 10:11:30.000000000,BEST_BID,"JPM,99728,174"
2019-06-28 10:11:30.000000000,BEST_ASK,"JPM,99781,174"
2019-06-28 10:11:30.000000000,BEST_BID,"JPM,99728,174"
2019-06-28 10:11:30.000000000,BEST_ASK,"JPM,99781,174"
2019-06-28 10:11:30.000000000,BEST_BID,"JPM,99728,174"
2019-06-28 10:11:30.000000000,BEST_ASK,"JPM,99781,174"
2019-06-28 10:11:40.000000000,QUERY_SPREAD,1
2019-06-28 10:11:40.000000000,BEST_BID,"JPM,99728,193"
2019-06-28 10:11:40.000000000,BEST_ASK,"JPM,99781,100"
2019-06-28 10:11:40.000000000,BEST_BID,"JPM,99728,193"
2019-06-28 10:11:40.000000000,BEST_ASK,"JPM,99781,100"
2019-06-28 10:11:40.000000000,BEST_BID,"JPM,99728,193"
2019-06-28 10:11:40.000000000,BEST_ASK,"JPM,99781,100"
2019-06-28 10:11:40.000000000,BEST_BID,"JPM,99728,193"
2019-06-28 10:11:40.000000000,BEST_ASK,"JPM,99781,100"
2019-06-28 10:11:40.000000000,BEST_BID,"JPM,99728,193"
2019-06-28 10:11:40.000000000,BEST_ASK,"JPM,99781,193"
2019-06-28 10:11:40.000000000,BEST_BID,"JPM,99728,193"
2019-06-28 10:11:40.000000000,BEST_ASK,"JPM,99781,193"
2019-06-28 10:11:40.000000000,BEST_BID,"JPM,99728,193"
2019-06-28 10:11:40.000000000,BEST_ASK,"JPM,99781,193"
2019-06-28 10:11:40.000000000,BEST_BID,"JPM,99728,193"
2019-06-28 10:11:40.000000000,BEST_ASK,"JPM,99781,193"
2019-06-28 10:11:50.000000000,QUERY_SPREAD,1
2019-06-28 10:11:50.000000000,BEST_BID,"JPM,99728,286"
2019-06-28 10:11:50.000000000,BEST_ASK,"JPM,99781,100"
2019-06-28 10:11:50.000000000,BEST_BID,"JPM,99728,286"
2019-06-28 10:11:50.000000000,BEST_ASK,"JPM,99781,100"
2019-06-28 10:11:50.000000000,BEST_BID,"JPM,99728,286"
2019-06-28 10:11:50.000000000,BEST_ASK,"JPM,99781,286"
2019-06-28 10:11:50.000000000,BEST_BID,"JPM,99728,286"
2019-06-28 10:11:50.000000000,BEST_ASK,"JPM,99781,286"
2019-06-28 10:12:00.000000000,QUERY_SPREAD,1
2019-06-28 10:12:00.000000000,BEST_BID,"JPM,99728,286"
2019-06-28 10:12:00.000000000,BEST_ASK,"JPM,99781,100"
2019-06-28 10:12:00.000000000,BEST_BID,"JPM,99728,286"
2019-06-28 10:12:00.000000000,BEST_ASK,"JPM,99781,100"
2019-06-28 10:12:00.000000000,BEST_BID,"JPM,99728,286"
2019-06-28 10:12:00.000000000,BEST_ASK,"JPM,99781,286"
2019-06-28 10:12:00.000000000,BEST_BID,"JPM,99728,286"
2019-06-28 10:12:00.000000000,BEST_ASK,"JPM,99781,286"
2019-06-28 10:12:00.000000000,QUERY_SPREAD,77
2019-06-28 10:12:00.000000000,QUERY_SPREAD,78
2019-06-28 10:12:00.000000000,QUERY_SPREAD,79
2019-06-28 10:12:00.000000000,QUERY_SPREAD,80
2019-06-28 10:12:00.000000000,QUERY_SPREAD,81
2019-06-28 10:12:00.000000000,QUERY_SPREAD,82
2019-06-28 10:12:00.000000000,QUERY_SPREAD,83
2019-06-28 10:12:00.000000000,QUERY_SPREAD,84
2019-06-28 10:12:00.000000000,QUERY_SPREAD,85
2019-06-28 10:12:00.000000000,QUERY_SPREAD,86
2019-06-28 10:12:00.000000000,QUERY_SPREAD,87
2019-06-28 10:12:00.000000000,QUERY_SPREAD,88
2019-06-28 10:12:00.000000000,QUERY_SPREAD,89
2019-06-28 10:12:00.000000000,QUERY_SPREAD,90
2019-06-28 10:12:00.000000000,QUERY_SPREAD,91
2019-06-28 10:12:00.000000000,QUERY_SPREAD,92
2019-06-28 10:12:00.000000000,QUERY_SPREAD,93
2019-06-28 10:12:00.000000000,QUERY_SPREAD,94
2019-06-28 10:12:00.000000000,QUERY_SPREAD,95
2019-06-28 10:12:00.000000000,QUERY_SPREAD,96
2019-06-28 10:12:00.000000000,QUERY_SPREAD,97
2019-06-28 10:12:00.000000000,QUERY_SPREAD,98
2019-06-28 10:12:00.000000000,QUERY_SPREAD,99
2019-06-28 10:12:00.000000000,QUERY_SPREAD,100
2019-06-28 10:12:00.000000000,QUERY_SPREAD,101
2019-06-28 10:12:04.817987686,QUERY_SPREAD,14
2019-06-28 10:12:04.817987686,BEST_BID,"JPM,99728,286"
2019-06-28 10:12:04.817987686,BEST_ASK,"JPM,99781,286"
2019-06-28 10:12:08.312139615,QUERY_SPREAD,34
2019-06-28 10:12:08.312139615,BEST_BID,"JPM,99728,286"
2019-06-28 10:12:08.312139615,BEST_ASK,"JPM,99781,186"
2019-06-28 10:12:08.312139615,LAST_TRADE,"100,$99781.0000"
2019-06-28 10:12:09.704356823,QUERY_SPREAD,34
2019-06-28 10:12:09.704356823,BEST_BID,"JPM,99728,286"
2019-06-28 10:12:09.704356823,BEST_ASK,"JPM,99781,86"
2019-06-28 10:12:09.704356823,LAST_TRADE,"100,$99781.0000"
2019-06-28 10:12:10.000000000,QUERY_SPREAD,1
2019-06-28 10:12:10.000000000,BEST_BID,"JPM,99728,471"
2019-06-28 10:12:10.000000000,BEST_ASK,"JPM,99829,100"
2019-06-28 10:12:10.000000000,BEST_BID,"JPM,99728,471"
2019-06-28 10:12:10.000000000,BEST_ASK,"JPM,99829,471"
2019-06-28 10:12:20.000000000,QUERY_SPREAD,1
2019-06-28 10:12:20.000000000,BEST_BID,"JPM,99728,286"
2019-06-28 10:12:20.000000000,BEST_ASK,"JPM,99829,100"
2019-06-28 10:12:20.000000000,BEST_BID,"JPM,99728,286"
2019-06-28 10:12:20.000000000,BEST_ASK,"JPM,99829,100"
2019-06-28 10:12:20.000000000,BEST_BID,"JPM,99728,286"
2019-06-28 10:12:20.000000000,BEST_ASK,"JPM,99829,286"
2019-06-28 10:12:20.000000000,BEST_BID,"JPM,99728,286"
2019-06-28 10:12:20.000000000,BEST_ASK,"JPM,99829,286"
2019-06-28 10:12:26.726115757,QUERY_ORDER_STREAM,64
2019-06-28 10:12:26.726115757,QUERY_SPREAD,64
2019-06-28 10:12:26.726115757,BEST_BID,"JPM,99781,100"
2019-06-28 10:12:26.726115757,BEST_ASK,"JPM,99829,286"
2019-06-28 10:12:30.000000000,QUERY_SPREAD,1
2019-06-28 10:12:30.000000000,BEST_BID,"JPM,99781,471"
2019-06-28 10:12:30.000000000,BEST_ASK,"JPM,99829,100"
2019-06-28 10:12:30.000000000,BEST_BID,"JPM,99781,471"
2019-06-28 10:12:30.000000000,BEST_ASK,"JPM,99829,471"
2019-06-28 10:12:39.702048373,QUERY_SPREAD,47
2019-06-28 10:12:39.702048373,BEST_BID,"JPM,99781,471"
2019-06-28 10:12:39.702048373,BEST_ASK,"JPM,99829,471"
2019-06-28 10:12:40.000000000,QUERY_SPREAD,1
2019-06-28 10:12:40.000000000,BEST_BID,"JPM,99781,471"
2019-06-28 10:12:40.000000000,BEST_ASK,"JPM,99829,100"
2019-06-28 10:12:40.000000000,BEST_BID,"JPM,99781,471"
2019-06-28 10:12:40.000000000,BEST_ASK,"JPM,99829,471"
2019-06-28 10:12:50.000000000,QUERY_SPREAD,1
2019-06-28 10:12:50.000000000,BEST_BID,"JPM,99781,226"
2019-06-28 10:12:50.000000000,BEST_ASK,"JPM,99829,100"
2019-06-28 10:12:50.000000000,BEST_BID,"JPM,99781,226"
2019-06-28 10:12:50.000000000,BEST_ASK,"JPM,99829,100"
2019-06-28 10:12:50.000000000,BEST_BID,"JPM,99781,226"
2019-06-28 10:12:50.000000000,BEST_ASK,"JPM,99829,100"
2019-06-28 10:12:50.000000000,BEST_BID,"JPM,99781,226"
2019-06-28 10:12:50.000000000,BEST_ASK,"JPM,99829,226"
2019-06-28 10:12:50.000000000,BEST_BID,"JPM,99781,226"
2019-06-28 10:12:50.000000000,BEST_ASK,"JPM,99829,226"
2019-06-28 10:12:50.000000000,BEST_BID,"JPM,99781,226"
2019-06-28 10:12:50.000000000,BEST_ASK,"JPM,99829,226"
2019-06-28 10:13:00.000000000,QUERY_SPREAD,1
2019-06-28 10:13:00.000000000,BEST_BID,"JPM,99781,193"
2019-06-28 10:13:00.000000000,BEST_ASK,"JPM,99829,100"
2019-06-28 10:13:00.000000000,BEST_BID,"JPM,99781,193"
2019-06-28 10:13:00.000000000,BEST_ASK,"JPM,99829,100"
2019-06-28 10:13:00.000000000,BEST_BID,"JPM,99781,193"
2019-06-28 10:13:00.000000000,BEST_ASK,"JPM,99829,100"
2019-06-28 10:13:00.000000000,BEST_BID,"JPM,99781,193"
2019-06-28 10:13:00.000000000,BEST_ASK,"JPM,99829,100"
2019-06-28 10:13:00.000000000,BEST_BID,"JPM,99781,193"
2019-06-28 10:13:00.000000000,BEST_ASK,"JPM,99829,193"
2019-06-28 10:13:00.000000000,BEST_BID,"JPM,99781,193"
2019-06-28 10:13:00.000000000,BEST_ASK,"JPM,99829,193"
2019-06-28 10:13:00.000000000,BEST_BID,"JPM,99781,193"
2019-06-28 10:13:00.000000000,BEST_ASK,"JPM,99829,193"
2019-06-28 10:13:00.000000000,BEST_BID,"JPM,99781,193"
2019-06-28 10:13:00.000000000,BEST_ASK,"JPM,99829,193"
2019-06-28 10:13:00.000000000,QUERY_SPREAD,77
2019-06-28 10:13:00.000000000,QUERY_SPREAD,78
2019-06-28 10:13:00.000000000,QUERY_SPREAD,79
2019-06-28 10:13:00.000000000,QUERY_SPREAD,80
2019-06-28 10:13:00.000000000,QUERY_SPREAD,81
2019-06-28 10:13:00.000000000,QUERY_SPREAD,82
2019-06-28 10:13:00.000000000,QUERY_SPREAD,83
2019-06-28 10:13:00.000000000,QUERY_SPREAD,84
2019-06-28 10:13:00.000000000,QUERY_SPREAD,85
2019-06-28 10:13:00.000000000,QUERY_SPREAD,86
2019-06-28 10:13:00.000000000,QUERY_SPREAD,87
2019-06-28 10:13:00.000000000,QUERY_SPREAD,88
2019-06-28 10:13:00.000000000,QUERY_SPREAD,89
2019-06-28 10:13:00.000000000,QUERY_SPREAD,90
2019-06-28 10:13:00.000000000,QUERY_SPREAD,91
2019-06-28 10:13:00.000000000,QUERY_SPREAD,92
2019-06-28 10:13:00.000000000,QUERY_SPREAD,93
2019-06-28 10:13:00.000000000,QUERY_SPREAD,94
2019-06-28 10:13:00.000000000,QUERY_SPREAD,95
2019-06-28 10:13:00.000000000,QUERY_SPREAD,96
2019-06-28 10:13:00.000000000,QUERY_SPREAD,97
2019-06-28 10:13:00.000000000,QUERY_SPREAD,98
2019-06-28 10:13:00.000000000,QUERY_SPREAD,99
2019-06-28 10:13:00.000000000,QUERY_SPREAD,100
2019-06-28 10:13:00.000000000,QUERY_SPREAD,101
2019-06-28 10:13:04.811456678,QUERY_SPREAD,14
2019-06-28 10:13:04.811456678,BEST_BID,"JPM,99781,193"
2019-06-28 10:13:04.811456678,BEST_ASK,"JPM,99829,193"
2019-06-28 10:13:10.000000000,QUERY_SPREAD,1
2019-06-28 10:13:10.000000000,BEST_BID,"JPM,99781,226"
2019-06-28 10:13:10.000000000,BEST_ASK,"JPM,99829,100"
2019-06-28 10:13:10.000000000,BEST_BID,"JPM,99781,226"
2019-06-28 10:13:10.000000000,BEST_ASK,"JPM,99829,100"
2019-06-28 10:13:10.000000000,BEST_BID,"JPM,99781,226"
2019-06-28 10:13:10.000000000,BEST_ASK,"JPM,99829,100"
2019-06-28 10:13:10.000000000,BEST_BID,"JPM,99781,226"
2019-06-28 10:13:10.000000000,BEST_ASK,"JPM,99829,226"
2019-06-28 10:13:10.000000000,BEST_BID,"JPM,99781,226"
2019-06-28 10:13:10.000000000,BEST_ASK,"JPM,99829,226"
2019-06-28 10:13:10.000000000,BEST_BID,"JPM,99781,226"
2019-06-28 10:13:10.000000000,BEST_ASK,"JPM,99829,226"
2019-06-28 10:13:16.636864029,QUERY_SPREAD,18
2019-06-28 10:13:16.636864029,BEST_BID,"JPM,99781,226"
2019-06-28 10:13:16.636864029,BEST_ASK,"JPM,99829,226"
2019-06-28 10:13:20.000000000,QUERY_SPREAD,1
2019-06-28 10:13:20.000000000,BEST_BID,"JPM,99781,226"
2019-06-28 10:13:20.000000000,BEST_ASK,"JPM,99829,100"
2019-06-28 10:13:20.000000000,BEST_BID,"JPM,99781,226"
2019-06-28 10:13:20.000000000,BEST_ASK,"JPM,99829,100"
2019-06-28 10:13:20.000000000,BEST_BID,"JPM,99781,226"
2019-06-28 10:13:20.000000000,BEST_ASK,"JPM,99829,100"
2019-06-28 10:13:20.000000000,BEST_BID,"JPM,99781,226"
2019-06-28 10:13:20.000000000,BEST_ASK,"JPM,99829,226"
2019-06-28 10:13:20.000000000,BEST_BID,"JPM,99781,226"
2019-06-28 10:13:20.000000000,BEST_ASK,"JPM,99829,226"
2019-06-28 10:13:20.000000000,BEST_BID,"JPM,99781,226"
2019-06-28 10:13:20.000000000,BEST_ASK,"JPM,99829,226"
2019-06-28 10:13:30.000000000,QUERY_SPREAD,1
2019-06-28 10:13:30.000000000,BEST_BID,"JPM,99781,286"
2019-06-28 10:13:30.000000000,BEST_ASK,"JPM,99829,100"
2019-06-28 10:13:30.000000000,BEST_BID,"JPM,99781,286"
2019-06-28 10:13:30.000000000,BEST_ASK,"JPM,99829,100"
2019-06-28 10:13:30.000000000,BEST_BID,"JPM,99781,286"
2019-06-28 10:13:30.000000000,BEST_ASK,"JPM,99829,286"
2019-06-28 10:13:30.000000000,BEST_BID,"JPM,99781,286"
2019-06-28 10:13:30.000000000,BEST_ASK,"JPM,99829,286"
2019-06-28 10:13:31.990809613,QUERY_SPREAD,15
2019-06-28 10:13:31.990809613,BEST_BID,"JPM,99781,286"
2019-06-28 10:13:31.990809613,BEST_ASK,"JPM,99829,186"
2019-06-28 10:13:31.990809613,LAST_TRADE,"100,$99829.0000"
2019-06-28 10:13:40.000000000,QUERY_SPREAD,1
2019-06-28 10:13:40.000000000,BEST_BID,"JPM,99781,286"
2019-06-28 10:13:40.000000000,BEST_ASK,"JPM,99840,100"
2019-06-28 10:13:40.000000000,BEST_BID,"JPM,99781,286"
2019-06-28 10:13:40.000000000,BEST_ASK,"JPM,99840,100"
2019-06-28 10:13:40.000000000,BEST_BID,"JPM,99781,286"
2019-06-28 10:13:40.000000000,BEST_ASK,"JPM,99840,286"
2019-06-28 10:13:40.000000000,BEST_BID,"JPM,99781,286"
2019-06-28 10:13:40.000000000,BEST_ASK,"JPM,99840,286"
2019-06-28 10:13:40.911031818,QUERY_SPREAD,31
2019-06-28 10:13:40.911031818,BEST_BID,"JPM,99781,286"
2019-06-28 10:13:40.911031818,BEST_ASK,"JPM,99840,286"
2019-06-28 10:13:43.161626505,QUERY_ORDER_STREAM,56
2019-06-28 10:13:43.161626505,QUERY_SPREAD,56
2019-06-28 10:13:50.000000000,QUERY_SPREAD,1
2019-06-28 10:13:50.000000000,BEST_BID,"JPM,99781,226"
2019-06-28 10:13:50.000000000,BEST_ASK,"JPM,99840,100"
2019-06-28 10:13:50.000000000,BEST_BID,"JPM,99781,226"
2019-06-28 10:13:50.000000000,BEST_ASK,"JPM,99840,100"
2019-06-28 10:13:50.000000000,BEST_BID,"JPM,99781,226"
2019-06-28 10:13:50.000000000,BEST_ASK,"JPM,99840,100"
2019-06-28 10:13:50.000000000,BEST_BID,"JPM,99781,226"
2019-06-28 10:13:50.000000000,BEST_ASK,"JPM,99840,226"
2019-06-28 10:13:50.000000000,BEST_BID,"JPM,99781,226"
2019-06-28 10:13:50.000000000,BEST_ASK,"JPM,99840,226"
2019-06-28 10:13:50.000000000,BEST_BID,"JPM,99781,226"
2019-06-28 10:13:50.000000000,BEST_ASK,"JPM,99840,226"
2019-06-28 10:13:56.282715584,QUERY_ORDER_STREAM,74
2019-06-28 10:13:56.282715584,QUERY_SPREAD,74
2019-06-28 10:13:56.282715584,BEST_BID,"JPM,99782,100"
2019-06-28 10:13:56.282715584,BEST_ASK,"JPM,99840,226"
2019-06-28 10:14:00.000000000,QUERY_SPREAD,1
2019-06-28 10:14:00.000000000,BEST_BID,"JPM,99782,174"
2019-06-28 10:14:00.000000000,BEST_ASK,"JPM,99840,100"
2019-06-28 10:14:00.000000000,BEST_BID,"JPM,99782,174"
2019-06-28 10:14:00.000000000,BEST_ASK,"JPM,99840,100"
2019-06-28 10:14:00.000000000,BEST_BID,"JPM,99782,174"
2019-06-28 10:14:00.000000000,BEST_ASK,"JPM,99840,100"
2019-06-28 10:14:00.000000000,BEST_BID,"JPM,99782,174"
2019-06-28 10:14:00.000000000,BEST_ASK,"JPM,99840,100"
2019-06-28 10:14:00.000000000,BEST_BID,"JPM,99782,174"
2019-06-28 10:14:00.000000000,BEST_ASK,"JPM,99840,100"
2019-06-28 10:14:00.000000000,BEST_BID,"JPM,99782,174"
2019-06-28 10:14:00.000000000,BEST_ASK,"JPM,99840,174"
2019-06-28 10:14:00.000000000,BEST_BID,"JPM,99782,174"
2019-06-28 10:14:00.000000000,BEST_ASK,"JPM,99840,174"
2019-06-28 10:14:00.000000000,BEST_BID,"JPM,99782,174"
2019-06-28 10:14:00.000000000,BEST_ASK,"JPM,99840,174"
2019-06-28 10:14:00.000000000,BEST_BID,"JPM,99782,174"
2019-06-28 10:14:00.000000000,BEST_ASK,"JPM,99840,174"
2019-06-28 10:14:00.000000000,BEST_BID,"JPM,99782,174"
2019-06-28 10:14:00.000000000,BEST_ASK,"JPM,99840,174"
2019-06-28 10:14:00.000000000,QUERY_SPREAD,77
2019-06-28 10:14:00.000000000,QUERY_SPREAD,78
2019-06-28 10:14:00.000000000,QUERY_SPREAD,79
2019-06-28 10:14:00.000000000,QUERY_SPREAD,80
2019-06-28 10:14:00.000000000,QUERY_SPREAD,81
2019-06-28 10:14:00.000000000,QUERY_SPREAD,82
2019-06-28 10:14:00.000000000,QUERY_SPREAD,83
2019-06-28 10:14:00.000000000,QUERY_SPREAD,84
2019-06-28 10:14:00.000000000,QUERY_SPREAD,85
2019-06-28 10:14:00.000000000,QUERY_SPREAD,86
2019-06-28 10:14:00.000000000,QUERY_SPREAD,87
2019-06-28 10:14:00.000000000,QUERY_SPREAD,88
2019-06-28 10:14:00.000000000,QUERY_SPREAD,89
2019-06-28 10:14:00.000000000,QUERY_SPREAD,90
2019-06-28 10:14:00.000000000,QUERY_SPREAD,91
2019-06-28 10:14:00.000000000,QUERY_SPREAD,92
2019-06-28 10:14:00.000000000,QUERY_SPREAD,93
2019-06-28 10:14:00.000000000,QUERY_SPREAD,94
2019-06-28 10:14:00.000000000,QUERY_SPREAD,95
2019-06-28 10:14:00.000000000,QUERY_SPREAD,96
2019-06-28 10:14:00.000000000,QUERY_SPREAD,97
2019-06-28 10:14:00.000000000,QUERY_SPREAD,98
2019-06-28 10:14:00.000000000,QUERY_SPREAD,99
2019-06-28 10:14:00.000000000,QUERY_SPREAD,100
2019-06-28 10:14:00.000000000,QUERY_SPREAD,101
2019-06-28 10:14:00.689397516,QUERY_ORDER_STREAM,73
2019-06-28 10:14:00.689397516,QUERY_SPREAD,73
2019-06-28 10:14:05.044695830,QUERY_ORDER_STREAM,72
2019-06-28 10:14:05.044695830,QUERY_SPREAD,72
2019-06-28 10:14:10.000000000,QUERY_SPREAD,1
2019-06-28 10:14:10.000000000,BEST_BID,"JPM,99782,174"
2019-06-28 10:14:10.000000000,BEST_ASK,"JPM,99840,100"
2019-06-28 10:14:10.000000000,BEST_BID,"JPM,99782,174"
2019-06-28 10:14:10.000000000,BEST_ASK,"JPM,99840,100"
2019-06-28 10:14:10.000000000,BEST_BID,"JPM,99782,174"
2019-06-28 10:14:10.000000000,BEST_ASK,"JPM,99840,100"
2019-06-28 10:14:10.000000000,BEST_BID,"JPM,99782,174"
2019-06-28 10:14:10.000000000,BEST_ASK,"JPM,99840,100"
2019-06-28 10:14:10.000000000,BEST_BID,"JPM,99782,174"
2019-06-28 10:14:10.000000000,BEST_ASK,"JPM,99840,100"
2019-06-28 10:14:10.000000000,BEST_BID,"JPM,99782,174"
2019-06-28 10:14:10.000000000,BEST_ASK,"JPM,99840,174"
2019-06-28 10:14:10.000000000,BEST_BID,"JPM,99782,174"
2019-06-28 10:14:10.000000000,BEST_ASK,"JPM,99840,174"
2019-06-28 10:14:10.000000000,BEST_BID,"JPM,99782,174"
2019-06-28 10:14:10.000000000,BEST_ASK,"JPM,99840,174"
2019-06-28 10:14:10.000000000,BEST_BID,"JPM,99782,174"
2019-06-28 10:14:10.000000000,BEST_ASK,"JPM,99840,174"
2019-06-28 10:14:10.000000000,BEST_BID,"JPM,99782,174"
2019-06-28 10:14:10.000000000,BEST_ASK,"JPM,99840,174"
2019-06-28 10:14:17.478544260,QUERY_SPREAD,26
2019-06-28 10:14:17.478544260,BEST_BID,"JPM,99782,174"
2019-06-28 10:14:17.478544260,BEST_ASK,"JPM,99840,74"
2019-06-28 10:14:17.478544260,LAST_TRADE,"100,$99840.0000"
2019-06-28 10:14:20.000000000,QUERY_SPREAD,1
2019-06-28 10:14:20.000000000,BEST_BID,"JPM,99782,174"
2019-06-28 10:14:20.000000000,BEST_ASK,"JPM,99896,100"
2019-06-28 10:14:20.000000000,BEST_BID,"JPM,99782,174"
2019-06-28 10:14:20.000000000,BEST_ASK,"JPM,99896,100"
2019-06-28 10:14:20.000000000,BEST_BID,"JPM,99782,174"
2019-06-28 10:14:20.000000000,BEST_ASK,"JPM,99896,100"
2019-06-28 10:14:20.000000000,BEST_BID,"JPM,99782,174"
2019-06-28 10:14:20.000000000,BEST_ASK,"JPM,99896,100"
2019-06-28 10:14:20.000000000,BEST_BID,"JPM,99782,174"
2019-06-28 10:14:20.000000000,BEST_ASK,"JPM,99896,100"
2019-06-28 10:14:20.000000000,BEST_BID,"JPM,99782,174"
2019-06-28 10:14:20.000000000,BEST_ASK,"JPM,99896,174"
2019-06-28 10:14:20.000000000,BEST_BID,"JPM,99782,174"
2019-06-28 10:14:20.000000000,BEST_ASK,"JPM,99896,174"
2019-06-28 10:14:20.000000000,BEST_BID,"JPM,99782,174"
2019-06-28 10:14:20.000000000,BEST_ASK,"JPM,99896,174"
2019-06-28 10:14:20.000000000,BEST_BID,"JPM,99782,174"
2019-06-28 10:14:20.000000000,BEST_ASK,"JPM,99896,174"
2019-06-28 10:14:20.000000000,BEST_BID,"JPM,99782,174"
2019-06-28 10:14:20.000000000,BEST_ASK,"JPM,99896,174"
2019-06-28 10:14:29.731638232,QUERY_SPREAD,44
2019-06-28 10:14:29.731638232,BEST_BID,"JPM,99782,174"
2019-06-28 10:14:29.731638232,BEST_ASK,"JPM,99896,174"
2019-06-28 10:14:30.000000000,QUERY_SPREAD,1
2019-06-28 10:14:30.000000000,BEST_BID,"JPM,99782,193"
2019-06-28 10:14:30.000000000,BEST_ASK,"JPM,99896,100"
2019-06-28 10:14:30.000000000,BEST_BID,"JPM,99782,193"
2019-06-28 10:14:30.000000000,BEST_ASK,"JPM,99896,100"
2019-06-28 10:14:30.000000000,BEST_BID,"JPM,99782,193"
2019-06-28 10:14:30.000000000,BEST_ASK,"JPM,99896,100"
2019-06-28 10:14:30.000000000,BEST_BID,"JPM,99782,193"
2019-06-28 10:14:30.000000000,BEST_ASK,"JPM,99896,100"
2019-06-28 10:14:30.000000000,BEST_BID,"JPM,99782,193"
2019-06-28 10:14:30.000000000,BEST_ASK,"JPM,99896,193"
2019-06-28 10:14:30.000000000,BEST_BID,"JPM,99782,193"
2019-06-28 10:14:30.000000000,BEST_ASK,"JPM,99896,193"
2019-06-28 10:14:30.000000000,BEST_BID,"JPM,99782,193"
2019-06-28 10:14:30.000000000,BEST_ASK,"JPM,99896,193"
2019-06-28 10:14:30.000000000,BEST_BID,"JPM,99782,193"
2019-06-28 10:14:30.000000000,BEST_ASK,"JPM,99896,193"
2019-06-28 10:14:30.165234286,QUERY_SPREAD,12
2019-06-28 10:14:30.165234286,BEST_BID,"JPM,99782,193"
2019-06-28 10:14:30.165234286,BEST_ASK,"JPM,99896,193"
2019-06-28 10:14:37.883484835,QUERY_SPREAD,10
2019-06-28 10:14:37.883484835,BEST_BID,"JPM,99782,193"
2019-06-28 10:14:37.883484835,BEST_ASK,"JPM,99896,93"
2019-06-28 10:14:37.883484835,LAST_TRADE,"100,$99896.0000"
2019-06-28 10:14:40.000000000,QUERY_SPREAD,1
2019-06-28 10:14:40.000000000,BEST_BID,"JPM,99782,286"
2019-06-28 10:14:40.000000000,BEST_ASK,"JPM,99902,100"
2019-06-28 10:14:40.000000000,BEST_BID,"JPM,99782,286"
2019-06-28 10:14:40.000000000,BEST_ASK,"JPM,99902,100"
2019-06-28 10:14:40.000000000,BEST_BID,"JPM,99782,286"
2019-06-28 10:14:40.000000000,BEST_ASK,"JPM,99902,286"
2019-06-28 10:14:40.000000000,BEST_BID,"JPM,99782,286"
2019-06-28 10:14:40.000000000,BEST_ASK,"JPM,99902,286"
2019-06-28 10:14:50.000000000,QUERY_SPREAD,1
2019-06-28 10:14:50.000000000,BEST_BID,"JPM,99782,286"
2019-06-28 10:14:50.000000000,BEST_ASK,"JPM,99902,100"
2019-06-28 10:14:50.000000000,BEST_BID,"JPM,99782,286"
2019-06-28 10:14:50.000000000,BEST_ASK,"JPM,99902,100"
2019-06-28 10:14:50.000000000,BEST_BID,"JPM,99782,286"
2019-06-28 10:14:50.000000000,BEST_ASK,"JPM,99902,286"
2019-06-28 10:14:50.000000000,BEST_BID,"JPM,99782,286"
2019-06-28 10:14:50.000000000,BEST_ASK,"JPM,99902,286"
2019-06-28 10:15:00.000000000,QUERY_SPREAD,1
2019-06-28 10:15:00.000000000,BEST_BID,"JPM,99782,193"
2019-06-28 10:15:00.000000000,BEST_ASK,"JPM,99902,100"
2019-06-28 10:15:00.000000000,BEST_BID,"JPM,99782,193"
2019-06-28 10:15:00.000000000,BEST_ASK,"JPM,99902,100"
2019-06-28 10:15:00.000000000,BEST_BID,"JPM,99782,193"
2019-06-28 10:15:00.000000000,BEST_ASK,"JPM,99902,100"
2019-06-28 10:15:00.000000000,BEST_BID,"JPM,99782,193"
2019-06-28 10:15:00.000000000,BEST_ASK,"JPM,99902,100"
2019-06-28 10:15:00.000000000,BEST_BID,"JPM,99782,193"
2019-06-28 10:15:00.000000000,BEST_ASK,"JPM,99902,193"
2019-06-28 10:15:00.000000000,BEST_BID,"JPM,99782,193"
2019-06-28 10:15:00.000000000,BEST_ASK,"JPM,99902,193"
2019-06-28 10:15:00.000000000,BEST_BID,"JPM,99782,193"
2019-06-28 10:15:00.000000000,BEST_ASK,"JPM,99902,193"
2019-06-28 10:15:00.000000000,BEST_BID,"JPM,99782,193"
2019-06-28 10:15:00.000000000,BEST_ASK,"JPM,99902,193"
2019-06-28 10:15:00.000000000,QUERY_SPREAD,77
2019-06-28 10:15:00.000000000,QUERY_SPREAD,78
2019-06-28 10:15:00.000000000,QUERY_SPREAD,79
2019-06-28 10:15:00.000000000,QUERY_SPREAD,80
2019-06-28 10:15:00.000000000,QUERY_SPREAD,81
2019-06-28 10:15:00.000000000,QUERY_SPREAD,82
2019-06-28 10:15:00.000000000,QUERY_SPREAD,83
2019-06-28 10:15:00.000000000,QUERY_SPREAD,84
2019-06-28 10:15:00.000000000,QUERY_SPREAD,85
2019-06-28 10:15:00.000000000,QUERY_SPREAD,86
2019-06-28 10:15:00.000000000,QUERY_SPREAD,87
2019-06-28 10:15:00.000000000,QUERY_SPREAD,88
2019-06-28 10:15:00.000000000,QUERY_SPREAD,89
2019-06-28 10:15:00.000000000,QUERY_SPREAD,90
2019-06-28 10:15:00.000000000,QUERY_SPREAD,91
2019-06-28 10:15:00.000000000,QUERY_SPREAD,92
2019-06-28 10:15:00.000000000,QUERY_SPREAD,93
2019-06-28 10:15:00.000000000,QUERY_SPREAD,94
2019-06-28 10:15:00.000000000,QUERY_SPREAD,95
2019-06-28 10:15:00.000000000,QUERY_SPREAD,96
2019-06-28 10:15:00.000000000,QUERY_SPREAD,97
2019-06-28 10:15:00.000000000,QUERY_SPREAD,98
2019-06-28 10:15:00.000000000,QUERY_SPREAD,99
2019-06-28 10:15:00.000000000,QUERY_SPREAD,100
2019-06-28 10:15:00.000000000,QUERY_SPREAD,101
2019-06-28 10:15:06.392195155,QUERY_ORDER_STREAM,62
2019-06-28 10:15:06.392195155,QUERY_SPREAD,62
2019-06-28 10:15:10.000000000,QUERY_SPREAD,1
2019-06-28 10:15:10.000000000,BEST_BID,"JPM,99782,286"
2019-06-28 10:15:10.000000000,BEST_ASK,"JPM,99902,100"
2019-06-28 10:15:10.000000000,BEST_BID,"JPM,99782,286"
2019-06-28 10:15:10.000000000,BEST_ASK,"JPM,99902,100"
2019-06-28 10:15:10.000000000,BEST_BID,"JPM,99782,286"
2019-06-28 10:15:10.000000000,BEST_ASK,"JPM,99902,286"
2019-06-28 10:15:10.000000000,BEST_BID,"JPM,99782,286"
2019-06-28 10:15:10.000000000,BEST_ASK,"JPM,99902,286"
2019-06-28 10:15:15.571423173,QUERY_SPREAD,29
2019-06-28 10:15:15.571423173,BEST_BID,"JPM,99782,286"
2019-06-28 10:15:15.571423173,BEST_ASK,"JPM,99902,186"
2019-06-28 10:15:15.571423173,LAST_TRADE,"100,$99902.0000"
2019-06-28 10:15:20.000000000,QUERY_SPREAD,1
2019-06-28 10:15:20.000000000,BEST_BID,"JPM,99782,174"
2019-06-28 10:15:20.000000000,BEST_ASK,"JPM,99912,300"
2019-06-28 10:15:20.000000000,BEST_BID,"JPM,99782,174"
2019-06-28 10:15:20.000000000,BEST_ASK,"JPM,99912,300"
2019-06-28 10:15:20.000000000,BEST_BID,"JPM,99782,174"
2019-06-28 10:15:20.000000000,BEST_ASK,"JPM,99912,300"
2019-06-28 10:15:20.000000000,BEST_BID,"JPM,99782,174"
2019-06-28 10:15:20.000000000,BEST_ASK,"JPM,99912,300"
2019-06-28 10:15:20.000000000,BEST_BID,"JPM,99782,174"
2019-06-28 10:15:20.000000000,BEST_ASK,"JPM,99912,300"
2019-06-28 10:15:20.000000000,BEST_BID,"JPM,99782,174"
2019-06-28 10:15:20.000000000,BEST_ASK,"JPM,99912,374"
2019-06-28 10:15:20.000000000,BEST_BID,"JPM,99782,174"
2019-06-28 10:15:20.000000000,BEST_ASK,"JPM,99912,374"
2019-06-28 10:15:20.000000000,BEST_BID,"JPM,99782,174"
2019-06-28 10:15:20.000000000,BEST_ASK,"JPM,99912,374"
2019-06-28 10:15:20.000000000,BEST_BID,"JPM,99782,174"
2019-06-28 10:15:20.000000000,BEST_ASK,"JPM,99912,374"
2019-06-28 10:15:20.000000000,BEST_BID,"JPM,99782,174"
2019-06-28 10:15:20.000000000,BEST_ASK,"JPM,99912,374"
2019-06-28 10:15:27.463502906,QUERY_SPREAD,25
2019-06-28 10:15:27.463502906,BEST_BID,"JPM,99782,174"
2019-06-28 10:15:27.463502906,BEST_ASK,"JPM,99912,374"
2019-06-28 10:15:30.000000000,QUERY_SPREAD,1
2019-06-28 10:15:30.000000000,BEST_BID,"JPM,99782,226"
2019-06-28 10:15:30.000000000,BEST_ASK,"JPM,99912,300"
2019-06-28 10:15:30.000000000,BEST_BID,"JPM,99782,226"
2019-06-28 10:15:30.000000000,BEST_ASK,"JPM,99912,300"
2019-06-28 10:15:30.000000000,BEST_BID,"JPM,99782,226"
2019-06-28 10:15:30.000000000,BEST_ASK,"JPM,99912,300"
2019-06-28 10:15:30.000000000,BEST_BID,"JPM,99782,226"
2019-06-28 10:15:30.000000000,BEST_ASK,"JPM,99912,426"
2019-06-28 10:15:30.000000000,BEST_BID,"JPM,99782,226"
2019-06-28 10:15:30.000000000,BEST_ASK,"JPM,99912,426"
2019-06-28 10:15:30.000000000,BEST_BID,"JPM,99782,226"
2019-06-28 10:15:30.000000000,BEST_ASK,"JPM,99912,426"
2019-06-28 10:15:40.000000000,QUERY_SPREAD,1
2019-06-28 10:15:40.000000000,BEST_BID,"JPM,99782,193"
2019-06-28 10:15:40.000000000,BEST_ASK,"JPM,99912,300"
2019-06-28 10:15:40.000000000,BEST_BID,"JPM,99782,193"
2019-06-28 10:15:40.000000000,BEST_ASK,"JPM,99912,300"
2019-06-28 10:15:40.000000000,BEST_BID,"JPM,99782,193"
2019-06-28 10:15:40.000000000,BEST_ASK,"JPM,99912,300"
2019-06-28 10:15:40.000000000,BEST_BID,"JPM,99782,193"
2019-06-28 10:15:40.000000000,BEST_ASK,"JPM,99912,300"
2019-06-28 10:15:40.000000000,BEST_BID,"JPM,99782,193"
2019-06-28 10:15:40.000000000,BEST_ASK,"JPM,99912,393"
2019-06-28 10:15:40.000000000,BEST_BID,"JPM,99782,193"
2019-06-28 10:15:40.000000000,BEST_ASK,"JPM,99912,393"
2019-06-28 10:15:40.000000000,BEST_BID,"JPM,99782,193"
2019-06-28 10:15:40.000000000,BEST_ASK,"JPM,99912,393"
2019-06-28 10:15:40.000000000,BEST_BID,"JPM,99782,193"
2019-06-28 10:15:40.000000000,BEST_ASK,"JPM,99912,393"
2019-06-28 10:15:41.589219031,QUERY_SPREAD,39
2019-06-28 10:15:41.589219031,BEST_BID,"JPM,99782,193"
2019-06-28 10:15:41.589219031,BEST_ASK,"JPM,99912,393"
2019-06-28 10:15:47.484305395,QUERY_SPREAD,51
2019-06-28 10:15:47.484305395,BEST_BID,"JPM,99782,193"
2019-06-28 10:15:47.484305395,BEST_ASK,"JPM,99912,293"
2019-06-28 10:15:47.484305395,LAST_TRADE,"100,$99912.0000"
2019-06-28 10:15:50.000000000,QUERY_SPREAD,1
2019-06-28 10:15:50.000000000,BEST_BID,"JPM,99782,471"
2019-06-28 10:15:50.000000000,BEST_ASK,"JPM,99912,200"
2019-06-28 10:15:50.000000000,BEST_BID,"JPM,99782,471"
2019-06-28 10:15:50.000000000,BEST_ASK,"JPM,99912,571"
2019-06-28 10:15:57.590251905,QUERY_SPREAD,32
2019-06-28 10:15:57.590251905,BEST_BID,"JPM,99782,471"
2019-06-28 10:15:57.590251905,BEST_ASK,"JPM,99912,571"
2019-06-28 10:16:00.000000000,QUERY_SPREAD,1
2019-06-28 10:16:00.000000000,BEST_BID,"JPM,99782,286"
2019-06-28 10:16:00.000000000,BEST_ASK,"JPM,99912,200"
2019-06-28 10:16:00.000000000,BEST_BID,"JPM,99782,286"
2019-06-28 10:16:00.000000000,BEST_ASK,"JPM,99912,200"
2019-06-28 10:16:00.000000000,BEST_BID,"JPM,99782,286"
2019-06-28 10:16:00.000000000,BEST_ASK,"JPM,99912,386"
2019-06-28 10:16:00.000000000,BEST_BID,"JPM,99782,286"
2019-06-28 10:16:00.000000000,BEST_ASK,"JPM,99912,386"
2019-06-28 10:16:00.000000000,QUERY_SPREAD,77
2019-06-28 10:16:00.000000000,QUERY_SPREAD,78
2019-06-28 10:16:00.000000000,QUERY_SPREAD,79
2019-06-28 10:16:00.000000000,QUERY_SPREAD,80
2019-06-28 10:16:00.000000000,QUERY_SPREAD,81
2019-06-28 10:16:00.000000000,QUERY_SPREAD,82
2019-06-28 10:16:00.000000000,QUERY_SPREAD,83
2019-06-28 10:16:00.000000000,QUERY_SPREAD,84
2019-06-28 10:16:00.000000000,QUERY_SPREAD,85
2019-06-28 10:16:00.000000000,QUERY_SPREAD,86
2019-06-28 10:16:00.000000000,QUERY_SPREAD,87
2019-06-28 10:16:00.000000000,QUERY_SPREAD,88
2019-06-28 10:16:00.000000000,QUERY_SPREAD,89
2019-06-28 10:16:00.000000000,QUERY_SPREAD,90
2019-06-28 10:16:00.000000000,QUERY_SPREAD,91
2019-06-28 10:16:00.000000000,QUERY_SPREAD,92
2019-06-28 10:16:00.000000000,QUERY_SPREAD,93
2019-06-28 10:16:00.000000000,QUERY_SPREAD,94
2019-06-28 10:16:00.000000000,QUERY_SPREAD,95
2019-06-28 10:16:00.000000000,QUERY_SPREAD,96
2019-06-28 10:16:00.000000000,QUERY_SPREAD,97
2019-06-28 10:16:00.000000000,QUERY_SPREAD,98
2019-06-28 10:16:00.000000000,QUERY_SPREAD,99
2019-06-28 10:16:00.000000000,QUERY_SPREAD,100
2019-06-28 10:16:00.000000000,QUERY_SPREAD,101
2019-06-28 10:16:10.000000000,QUERY_SPREAD,1
2019-06-28 10:16:10.000000000,BEST_BID,"JPM,99782,286"
2019-06-28 10:16:10.000000000,BEST_ASK,"JPM,99912,200"
2019-06-28 10:16:10.000000000,BEST_BID,"JPM,99782,286"
2019-06-28 10:16:10.000000000,BEST_ASK,"JPM,99912,200"
2019-06-28 10:16:10.000000000,BEST_BID,"JPM,99782,286"
2019-06-28 10:16:10.000000000,BEST_ASK,"JPM,99912,386"
2019-06-28 10:16:10.000000000,BEST_BID,"JPM,99782,286"
2019-06-28 10:16:10.000000000,BEST_ASK,"JPM,99912,386"
2019-06-28 10:16:20.000000000,QUERY_SPREAD,1
2019-06-28 10:16:20.000000000,BEST_BID,"JPM,99782,286"
2019-06-28 10:16:20.000000000,BEST_ASK,"JPM,99912,200"
2019-06-28 10:16:20.000000000,BEST_BID,"JPM,99782,286"
2019-06-28 10:16:20.000000000,BEST_ASK,"JPM,99912,200"
2019-06-28 10:16:20.000000000,BEST_BID,"JPM,99782,286"
2019-06-28 10:16:20.000000000,BEST_ASK,"JPM,99912,386"
2019-06-28 10:16:20.000000000,BEST_BID,"JPM,99782,286"
2019-06-28 10:16:20.000000000,BEST_ASK,"JPM,99912,386"
2019-06-28 10:16:21.555427500,QUERY_SPREAD,8
2019-06-28 10:16:21.555427500,BEST_BID,"JPM,99782,286"
2019-06-28 10:16:21.555427500,BEST_ASK,"JPM,99912,286"
2019-06-28 10:16:21.555427500,LAST_TRADE,"100,$99912.0000"
2019-06-28 10:16:30.000000000,QUERY_SPREAD,1
2019-06-28 10:16:30.000000000,BEST_BID,"JPM,99782,226"
2019-06-28 10:16:30.000000000,BEST_ASK,"JPM,99912,100"
2019-06-28 10:16:30.000000000,BEST_BID,"JPM,99782,226"
2019-06-28 10:16:30.000000000,BEST_ASK,"JPM,99912,100"
2019-06-28 10:16:30.000000000,BEST_BID,"JPM,99782,226"
2019-06-28 10:16:30.000000000,BEST_ASK,"JPM,99912,100"
2019-06-28 10:16:30.000000000,BEST_BID,"JPM,99782,226"
2019-06-28 10:16:30.000000000,BEST_ASK,"JPM,99912,226"
2019-06-28 10:16:30.000000000,BEST_BID,"JPM,99782,226"
2019-06-28 10:16:30.000000000,BEST_ASK,"JPM,99912,226"
2019-06-28 10:16:30.000000000,BEST_BID,"JPM,99782,226"
2019-06-28 10:16:30.000000000,BEST_ASK,"JPM,99912,226"
2019-06-28 10:16:34.855221244,QUERY_SPREAD,46
2019-06-28 10:16:34.855221244,BEST_BID,"JPM,99782,226"
2019-06-28 10:16:34.855221244,BEST_ASK,"JPM,99912,226"
2019-06-28 10:16:40.000000000,QUERY_SPREAD,1
2019-06-28 10:16:40.000000000,BEST_BID,"JPM,99782,226"
2019-06-28 10:16:40.000000000,BEST_ASK,"JPM,99912,100"
2019-06-28 10:16:40.000000000,BEST_BID,"JPM,99782,226"
2019-06-28 10:16:40.000000000,BEST_ASK,"JPM,99912,100"
2019-06-28 10:16:40.000000000,BEST_BID,"JPM,99782,226"
2019-06-28 10:16:40.000000000,BEST_ASK,"JPM,99912,100"
2019-06-28 10:16:40.000000000,BEST_BID,"JPM,99782,226"
2019-06-28 10:16:40.000000000,BEST_ASK,"JPM,99912,226"
2019-06-28 10:16:40.000000000,BEST_BID,"JPM,99782,226"
2019-06-28 10:16:40.000000000,BEST_ASK,"JPM,99912,226"
2019-06-28 10:16:40.000000000,BEST_BID,"JPM,99782,226"
2019-06-28 10:16:40.000000000,BEST_ASK,"JPM,99912,226"
2019-06-28 10:16:50.000000000,QUERY_SPREAD,1
2019-06-28 10:16:50.000000000,BEST_BID,"JPM,99782,193"
2019-06-28 10:16:50.000000000,BEST_ASK,"JPM,99912,100"
2019-06-28 10:16:50.000000000,BEST_BID,"JPM,99782,193"
2019-06-28 10:16:50.000000000,BEST_ASK,"JPM,99912,100"
2019-06-28 10:16:50.000000000,BEST_BID,"JPM,99782,193"
2019-06-28 10:16:50.000000000,BEST_ASK,"JPM,99912,100"
2019-06-28 10:16:50.000000000,BEST_BID,"JPM,99782,193"
2019-06-28 10:16:50.000000000,BEST_ASK,"JPM,99912,100"
2019-06-28 10:16:50.000000000,BEST_BID,"JPM,99782,193"
2019-06-28 10:16:50.000000000,BEST_ASK,"JPM,99912,193"
2019-06-28 10:16:50.000000000,BEST_BID,"JPM,99782,193"
2019-06-28 10:16:50.000000000,BEST_ASK,"JPM,99912,193"
2019-06-28 10:16:50.000000000,BEST_BID,"JPM,99782,193"
2019-06-28 10:16:50.000000000,BEST_ASK,"JPM,99912,193"
2019-06-28 10:16:50.000000000,BEST_BID,"JPM,99782,193"
2019-06-28 10:16:50.000000000,BEST_ASK,"JPM,99912,193"
2019-06-28 10:17:00.000000000,QUERY_SPREAD,1
2019-06-28 10:17:00.000000000,BEST_BID,"JPM,99782,286"
2019-06-28 10:17:00.000000000,BEST_ASK,"JPM,99912,100"
2019-06-28 10:17:00.000000000,BEST_BID,"JPM,99782,286"
2019-06-28 10:17:00.000000000,BEST_ASK,"JPM,99912,100"
2019-06-28 10:17:00.000000000,BEST_BID,"JPM,99782,286"
2019-06-28 10:17:00.000000000,BEST_ASK,"JPM,99912,286"
2019-06-28 10:17:00.000000000,BEST_BID,"JPM,99782,286"
2019-06-28 10:17:00.000000000,BEST_ASK,"JPM,99912,286"
2019-06-28 10:17:00.000000000,QUERY_SPREAD,77
2019-06-28 10:17:00.000000000,QUERY_SPREAD,78
2019-06-28 10:17:00.000000000,QUERY_SPREAD,79
2019-06-28 10:17:00.000000000,QUERY_SPREAD,80
2019-06-28 10:17:00.000000000,QUERY_SPREAD,81
2019-06-28 10:17:00.000000000,QUERY_SPREAD,82
2019-06-28 10:17:00.000000000,QUERY_SPREAD,83
2019-06-28 10:17:00.000000000,QUERY_SPREAD,84
2019-06-28 10:17:00.000000000,QUERY_SPREAD,85
2019-06-28 10:17:00.000000000,QUERY_SPREAD,86
2019-06-28 10:17:00.000000000,QUERY_SPREAD,87
2019-06-28 10:17:00.000000000,QUERY_SPREAD,88
2019-06-28 10:17:00.000000000,QUERY_SPREAD,89
2019-06-28 10:17:00.000000000,QUERY_SPREAD,90
2019-06-28 10:17:00.000000000,QUERY_SPREAD,91
2019-06-28 10:17:00.000000000,QUERY_SPREAD,92
2019-06-28 10:17:00.000000000,QUERY_SPREAD,93
2019-06-28 10:17:00.000000000,QUERY_SPREAD,94
2019-06-28 10:17:00.000000000,QUERY_SPREAD,95
2019-06-28 10:17:00.000000000,QUERY_SPREAD,96
2019-06-28 10:17:00.000000000,QUERY_SPREAD,97
2019-06-28 10:17:00.000000000,QUERY_SPREAD,98
2019-06-28 10:17:00.000000000,QUERY_SPREAD,99
2019-06-28 10:17:00.000000000,QUERY_SPREAD,100
2019-06-28 10:17:00.000000000,QUERY_SPREAD,101
2019-06-28 10:17:01.102849121,QUERY_ORDER_STREAM,54
2019-06-28 10:17:01.102849121,QUERY_SPREAD,54
2019-06-28 10:17:01.102849121,BEST_BID,"JPM,99782,286"
2019-06-28 10:17:01.102849121,BEST_ASK,"JPM,99912,186"
2019-06-28 10:17:01.102849121,LAST_TRADE,"100,$99912.0000"
2019-06-28 10:17:10.000000000,QUERY_SPREAD,1
2019-06-28 10:17:10.000000000,BEST_BID,"JPM,99782,226"
2019-06-28 10:17:10.000000000,BEST_ASK,"JPM,99922,100"
2019-06-28 10:17:10.000000000,BEST_BID,"JPM,99782,226"
2019-06-28 10:17:10.000000000,BEST_ASK,"JPM,99922,100"
2019-06-28 10:17:10.000000000,BEST_BID,"JPM,99782,226"
2019-06-28 10:17:10.000000000,BEST_ASK,"JPM,99922,100"
2019-06-28 10:17:10.000000000,BEST_BID,"JPM,99782,226"
2019-06-28 10:17:10.000000000,BEST_ASK,"JPM,99922,226"
2019-06-28 10:17:10.000000000,BEST_BID,"JPM,99782,226"
2019-06-28 10:17:10.000000000,BEST_ASK,"JPM,99922,226"
2019-06-28 10:17:10.000000000,BEST_BID,"JPM,99782,226"
2019-06-28 10:17:10.000000000,BEST_ASK,"JPM,99922,226"
2019-06-28 10:17:20.000000000,QUERY_SPREAD,1
2019-06-28 10:17:20.000000000,BEST_BID,"JPM,99782,193"
2019-06-28 10:17:20.000000000,BEST_ASK,"JPM,99922,100"
2019-06-28 10:17:20.000000000,BEST_BID,"JPM,99782,193"
2019-06-28 10:17:20.000000000,BEST_ASK,"JPM,99922,100"
2019-06-28 10:17:20.000000000,BEST_BID,"JPM,99782,193"
2019-06-28 10:17:20.000000000,BEST_ASK,"JPM,99922,100"
2019-06-28 10:17:20.000000000,BEST_BID,"JPM,99782,193"
2019-06-28 10:17:20.000000000,BEST_ASK,"JPM,99922,100"
2019-06-28 10:17:20.000000000,BEST_BID,"JPM,99782,193"
2019-06-28 10:17:20.000000000,BEST_ASK,"JPM,99922,193"
2019-06-28 10:17:20.000000000,BEST_BID,"JPM,99782,193"
2019-06-28 10:17:20.000000000,BEST_ASK,"JPM,99922,193"
2019-06-28 10:17:20.000000000,BEST_BID,"JPM,99782,193"
2019-06-28 10:17:20.000000000,BEST_ASK,"JPM,99922,193"
2019-06-28 10:17:20.000000000,BEST_BID,"JPM,99782,193"
2019-06-28 10:17:20.000000000,BEST_ASK,"JPM,99922,193"
2019-06-28 10:17:20.500190758,QUERY_SPREAD,30
2019-06-28 10:17:20.500190758,BEST_BID,"JPM,99782,193"
2019-06-28 10:17:20.500190758,BEST_ASK,"JPM,99922,93"
2019-06-28 10:17:20.500190758,LAST_TRADE,"100,$99922.0000"
2019-06-28 10:17:20.690968051,QUERY_ORDER_STREAM,57
2019-06-28 10:17:20.690968051,QUERY_SPREAD,57
2019-06-28 10:17:30.000000000,QUERY_SPREAD,1
2019-06-28 10:17:30.000000000,BEST_BID,"JPM,99782,226"
2019-06-28 10:17:30.000000000,BEST_ASK,"JPM,99965,100"
2019-06-28 10:17:30.000000000,BEST_BID,"JPM,99782,226"
2019-06-28 10:17:30.000000000,BEST_ASK,"JPM,99965,100"
2019-06-28 10:17:30.000000000,BEST_BID,"JPM,99782,226"
2019-06-28 10:17:30.000000000,BEST_ASK,"JPM,99965,100"
2019-06-28 10:17:30.000000000,BEST_BID,"JPM,99782,226"
2019-06-28 10:17:30.000000000,BEST_ASK,"JPM,99965,226"
2019-06-28 10:17:30.000000000,BEST_BID,"JPM,99782,226"
2019-06-28 10:17:30.000000000,BEST_ASK,"JPM,99965,226"
2019-06-28 10:17:30.000000000,BEST_BID,"JPM,99782,226"
2019-06-28 10:17:30.000000000,BEST_ASK,"JPM,99965,226"
2019-06-28 10:17:40.000000000,QUERY_SPREAD,1
2019-06-28 10:17:40.000000000,BEST_BID,"JPM,99782,286"
2019-06-28 10:17:40.000000000,BEST_ASK,"JPM,99965,100"
2019-06-28 10:17:40.000000000,BEST_BID,"JPM,99782,286"
2019-06-28 10:17:40.000000000,BEST_ASK,"JPM,99965,100"
2019-06-28 10:17:40.000000000,BEST_BID,"JPM,99782,286"
2019-06-28 10:17:40.000000000,BEST_ASK,"JPM,99965,286"
2019-06-28 10:17:40.000000000,BEST_BID,"JPM,99782,286"
2019-06-28 10:17:40.000000000,BEST_ASK,"JPM,99965,286"
2019-06-28 10:17:50.000000000,QUERY_SPREAD,1
2019-06-28 10:17:50.000000000,BEST_BID,"JPM,99782,226"
2019-06-28 10:17:50.000000000,BEST_ASK,"JPM,99965,100"
2019-06-28 10:17:50.000000000,BEST_BID,"JPM,99782,226"
2019-06-28 10:17:50.000000000,BEST_ASK,"JPM,99965,100"
2019-06-28 10:17:50.000000000,BEST_BID,"JPM,99782,226"
2019-06-28 10:17:50.000000000,BEST_ASK,"JPM,99965,100"
2019-06-28 10:17:50.000000000,BEST_BID,"JPM,99782,226"
2019-06-28 10:17:50.000000000,BEST_ASK,"JPM,99965,226"
2019-06-28 10:17:50.000000000,BEST_BID,"JPM,99782,226"
2019-06-28 10:17:50.000000000,BEST_ASK,"JPM,99965,226"
2019-06-28 10:17:50.000000000,BEST_BID,"JPM,99782,226"
2019-06-28 10:17:50.000000000,BEST_ASK,"JPM,99965,226"
2019-06-28 10:18:00.000000000,QUERY_SPREAD,1
2019-06-28 10:18:00.000000000,BEST_BID,"JPM,99782,193"
2019-06-28 10:18:00.000000000,BEST_ASK,"JPM,99965,100"
2019-06-28 10:18:00.000000000,BEST_BID,"JPM,99782,193"
2019-06-28 10:18:00.000000000,BEST_ASK,"JPM,99965,100"
2019-06-28 10:18:00.000000000,BEST_BID,"JPM,99782,193"
2019-06-28 10:18:00.000000000,BEST_ASK,"JPM,99965,100"
2019-06-28 10:18:00.000000000,BEST_BID,"JPM,99782,193"
2019-06-28 10:18:00.000000000,BEST_ASK,"JPM,99965,100"
2019-06-28 10:18:00.000000000,BEST_BID,"JPM,99782,193"
2019-06-28 10:18:00.000000000,BEST_ASK,"JPM,99965,193"
2019-06-28 10:18:00.000000000,BEST_BID,"JPM,99782,193"
2019-06-28 10:18:00.000000000,BEST_ASK,"JPM,99965,193"
2019-06-28 10:18:00.000000000,BEST_BID,"JPM,99782,193"
2019-06-28 10:18:00.000000000,BEST_ASK,"JPM,99965,193"
2019-06-28 10:18:00.000000000,BEST_BID,"JPM,99782,193"
2019-06-28 10:18:00.000000000,BEST_ASK,"JPM,99965,193"
2019-06-28 10:18:00.000000000,QUERY_SPREAD,77
2019-06-28 10:18:00.000000000,QUERY_SPREAD,78
2019-06-28 10:18:00.000000000,QUERY_SPREAD,79
2019-06-28 10:18:00.000000000,QUERY_SPREAD,80
2019-06-28 10:18:00.000000000,QUERY_SPREAD,81
2019-06-28 10:18:00.000000000,QUERY_SPREAD,82
2019-06-28 10:18:00.000000000,QUERY_SPREAD,83
2019-06-28 10:18:00.000000000,QUERY_SPREAD,84
2019-06-28 10:18:00.000000000,QUERY_SPREAD,85
2019-06-28 10:18:00.000000000,QUERY_SPREAD,86
2019-06-28 10:18:00.000000000,QUERY_SPREAD,87
2019-06-28 10:18:00.000000000,QUERY_SPREAD,88
2019-06-28 10:18:00.000000000,QUERY_SPREAD,89
2019-06-28 10:18:00.000000000,QUERY_SPREAD,90
2019-06-28 10:18:00.000000000,QUERY_SPREAD,91
2019-06-28 10:18:00.000000000,QUERY_SPREAD,92
2019-06-28 10:18:00.000000000,QUERY_SPREAD,93
2019-06-28 10:18:00.000000000,QUERY_SPREAD,94
2019-06-28 10:18:00.000000000,QUERY_SPREAD,95
2019-06-28 10:18:00.000000000,QUERY_SPREAD,96
2019-06-28 10:18:00.000000000,QUERY_SPREAD,97
2019-06-28 10:18:00.000000000,QUERY_SPREAD,98
2019-06-28 10:18:00.000000000,QUERY_SPREAD,99
2019-06-28 10:18:00.000000000,QUERY_SPREAD,100
2019-06-28 10:18:00.000000000,QUERY_SPREAD,101
2019-06-28 10:18:07.141982314,QUERY_ORDER_STREAM,71
2019-06-28 10:18:07.141982314,QUERY_SPREAD,71
2019-06-28 10:18:07.141982314,BEST_BID,"JPM,99912,100"
2019-06-28 10:18:07.141982314,BEST_ASK,"JPM,99965,193"
2019-06-28 10:18:10.000000000,QUERY_SPREAD,1
2019-06-28 10:18:10.000000000,BEST_BID,"JPM,99912,174"
2019-06-28 10:18:10.000000000,BEST_ASK,"JPM,99965,100"
2019-06-28 10:18:10.000000000,BEST_BID,"JPM,99912,174"
2019-06-28 10:18:10.000000000,BEST_ASK,"JPM,99965,100"
2019-06-28 10:18:10.000000000,BEST_BID,"JPM,99912,174"
2019-06-28 10:18:10.000000000,BEST_ASK,"JPM,99965,100"
2019-06-28 10:18:10.000000000,BEST_BID,"JPM,99912,174"
2019-06-28 10:18:10.000000000,BEST_ASK,"JPM,99965,100"
2019-06-28 10:18:10.000000000,BEST_BID,"JPM,99912,174"
2019-06-28 10:18:10.000000000,BEST_ASK,"JPM,99965,100"
2019-06-28 10:18:10.000000000,BEST_BID,"JPM,99912,174"
2019-06-28 10:18:10.000000000,BEST_ASK,"JPM,99965,174"
2019-06-28 10:18:10.000000000,BEST_BID,"JPM,99912,174"
2019-06-28 10:18:10.000000000,BEST_ASK,"JPM,99965,174"
2019-06-28 10:18:10.000000000,BEST_BID,"JPM,99912,174"
2019-06-28 10:18:10.000000000,BEST_ASK,"JPM,99965,174"
2019-06-28 10:18:10.000000000,BEST_BID,"JPM,99912,174"
2019-06-28 10:18:10.000000000,BEST_ASK,"JPM,99965,174"
2019-06-28 10:18:10.000000000,BEST_BID,"JPM,99912,174"
2019-06-28 10:18:10.000000000,BEST_ASK,"JPM,99965,174"
2019-06-28 10:18:18.213585387,QUERY_ORDER_STREAM,56
2019-06-28 10:18:18.213585387,QUERY_SPREAD,56
2019-06-28 10:18:18.213585387,BEST_BID,"JPM,99912,274"
2019-06-28 10:18:18.213585387,BEST_ASK,"JPM,99965,174"
2019-06-28 10:18:20.000000000,QUERY_SPREAD,1
2019-06-28 10:18:20.000000000,BEST_BID,"JPM,99912,386"
2019-06-28 10:18:20.000000000,BEST_ASK,"JPM,99965,100"
2019-06-28 10:18:20.000000000,BEST_BID,"JPM,99912,386"
2019-06-28 10:18:20.000000000,BEST_ASK,"JPM,99965,100"
2019-06-28 10:18:20.000000000,BEST_BID,"JPM,99912,386"
2019-06-28 10:18:20.000000000,BEST_ASK,"JPM,99965,286"
2019-06-28 10:18:20.000000000,BEST_BID,"JPM,99912,386"
2019-06-28 10:18:20.000000000,BEST_ASK,"JPM,99965,286"
2019-06-28 10:18:30.000000000,QUERY_SPREAD,1
2019-06-28 10:18:30.000000000,BEST_BID,"JPM,99912,274"
2019-06-28 10:18:30.000000000,BEST_ASK,"JPM,99965,100"
2019-06-28 10:18:30.000000000,BEST_BID,"JPM,99912,274"
2019-06-28 10:18:30.000000000,BEST_ASK,"JPM,99965,100"
2019-06-28 10:18:30.000000000,BEST_BID,"JPM,99912,274"
2019-06-28 10:18:30.000000000,BEST_ASK,"JPM,99965,100"
2019-06-28 10:18:30.000000000,BEST_BID,"JPM,99912,274"
2019-06-28 10:18:30.000000000,BEST_ASK,"JPM,99965,100"
2019-06-28 10:18:30.000000000,BEST_BID,"JPM,99912,274"
2019-06-28 10:18:30.000000000,BEST_ASK,"JPM,99965,100"
2019-06-28 10:18:30.000000000,BEST_BID,"JPM,99912,274"
2019-06-28 10:18:30.000000000,BEST_ASK,"JPM,99965,174"
2019-06-28 10:18:30.000000000,BEST_BID,"JPM,99912,274"
2019-06-28 10:18:30.000000000,BEST_ASK,"JPM,99965,174"
2019-06-28 10:18:30.000000000,BEST_BID,"JPM,99912,274"
2019-06-28 10:18:30.000000000,BEST_ASK,"JPM,99965,174"
2019-06-28 10:18:30.000000000,BEST_BID,"JPM,99912,274"
2019-06-28 10:18:30.000000000,BEST_ASK,"JPM,99965,174"
2019-06-28 10:18:30.000000000,BEST_BID,"JPM,99912,274"
2019-06-28 10:18:30.000000000,BEST_ASK,"JPM,99965,174"
2019-06-28 10:18:34.190075061,QUERY_ORDER_STREAM,61
2019-06-28 10:18:34.190075061,QUERY_SPREAD,61
2019-06-28 10:18:35.692890339,QUERY_ORDER_STREAM,73
2019-06-28 10:18:35.692890339,QUERY_SPREAD,73
2019-06-28 10:18:35.692890339,BEST_BID,"JPM,99912,374"
2019-06-28 10:18:35.692890339,BEST_ASK,"JPM,99965,174"
2019-06-28 10:18:40.000000000,QUERY_SPREAD,1
2019-06-28 10:18:40.000000000,BEST_BID,"JPM,99912,671"
2019-06-28 10:18:40.000000000,BEST_ASK,"JPM,99965,100"
2019-06-28 10:18:40.000000000,BEST_BID,"JPM,99912,671"
2019-06-28 10:18:40.000000000,BEST_ASK,"JPM,99965,471"
2019-06-28 10:18:50.000000000,QUERY_SPREAD,1
2019-06-28 10:18:50.000000000,BEST_BID,"JPM,99912,374"
2019-06-28 10:18:50.000000000,BEST_ASK,"JPM,99965,100"
2019-06-28 10:18:50.000000000,BEST_BID,"JPM,99912,374"
2019-06-28 10:18:50.000000000,BEST_ASK,"JPM,99965,100"
2019-06-28 10:18:50.000000000,BEST_BID,"JPM,99912,374"
2019-06-28 10:18:50.000000000,BEST_ASK,"JPM,99965,100"
2019-06-28 10:18:50.000000000,BEST_BID,"JPM,99912,374"
2019-06-28 10:18:50.000000000,BEST_ASK,"JPM,99965,100"
2019-06-28 10:18:50.000000000,BEST_BID,"JPM,99912,374"
2019-06-28 10:18:50.000000000,BEST_ASK,"JPM,99965,100"
2019-06-28 10:18:50.000000000,BEST_BID,"JPM,99912,374"
2019-06-28 10:18:50.000000000,BEST_ASK,"JPM,99965,174"
2019-06-28 10:18:50.000000000,BEST_BID,"JPM,99912,374"
2019-06-28 10:18:50.000000000,BEST_ASK,"JPM,99965,174"
2019-06-28 10:18:50.000000000,BEST_BID,"JPM,99912,374"
2019-06-28 10:18:50.000000000,BEST_ASK,"JPM,99965,174"
2019-06-28 10:18:50.000000000,BEST_BID,"JPM,99912,374"
2019-06-28 10:18:50.000000000,BEST_ASK,"JPM,99965,174"
2019-06-28 10:18:50.000000000,BEST_BID,"JPM,99912,374"
2019-06-28 10:18:50.000000000,BEST_ASK,"JPM,99965,174"
2019-06-28 10:18:55.816021990,QUERY_ORDER_STREAM,71
2019-06-28 10:18:55.816021990,QUERY_SPREAD,71
2019-06-28 10:18:55.816021990,BEST_BID,"JPM,99912,374"
2019-06-28 10:18:55.816021990,BEST_ASK,"JPM,99965,174"
2019-06-28 10:19:00.000000000,QUERY_SPREAD,1
2019-06-28 10:19:00.000000000,BEST_BID,"JPM,99912,393"
2019-06-28 10:19:00.000000000,BEST_ASK,"JPM,99965,100"
2019-06-28 10:19:00.000000000,BEST_BID,"JPM,99912,393"
2019-06-28 10:19:00.000000000,BEST_ASK,"JPM,99965,100"
2019-06-28 10:19:00.000000000,BEST_BID,"JPM,99912,393"
2019-06-28 10:19:00.000000000,BEST_ASK,"JPM,99965,100"
2019-06-28 10:19:00.000000000,BEST_BID,"JPM,99912,393"
2019-06-28 10:19:00.000000000,BEST_ASK,"JPM,99965,100"
2019-06-28 10:19:00.000000000,BEST_BID,"JPM,99912,393"
2019-06-28 10:19:00.000000000,BEST_ASK,"JPM,99965,193"
2019-06-28 10:19:00.000000000,BEST_BID,"JPM,99912,393"
2019-06-28 10:19:00.000000000,BEST_ASK,"JPM,99965,193"
2019-06-28 10:19:00.000000000,BEST_BID,"JPM,99912,393"
2019-06-28 10:19:00.000000000,BEST_ASK,"JPM,99965,193"
2019-06-28 10:19:00.000000000,BEST_BID,"JPM,99912,393"
2019-06-28 10:19:00.000000000,BEST_ASK,"JPM,99965,193"
2019-06-28 10:19:00.000000000,QUERY_SPREAD,77
2019-06-28 10:19:00.000000000,QUERY_SPREAD,78
2019-06-28 10:19:00.000000000,QUERY_SPREAD,79
2019-06-28 10:19:00.000000000,QUERY_SPREAD,80
2019-06-28 10:19:00.000000000,QUERY_SPREAD,81
2019-06-28 10:19:00.000000000,QUERY_SPREAD,82
2019-06-28 10:19:00.000000000,QUERY_SPREAD,83
2019-06-28 10:19:00.000000000,QUERY_SPREAD,84
2019-06-28 10:19:00.000000000,QUERY_SPREAD,85
2019-06-28 10:19:00.000000000,QUERY_SPREAD,86
2019-06-28 10:19:00.000000000,QUERY_SPREAD,87
2019-06-28 10:19:00.000000000,QUERY_SPREAD,88
2019-06-28 10:19:00.000000000,QUERY_SPREAD,89
2019-06-28 10:19:00.000000000,QUERY_SPREAD,90
2019-06-28 10:19:00.000000000,QUERY_SPREAD,91
2019-06-28 10:19:00.000000000,QUERY_SPREAD,92
2019-06-28 10:19:00.000000000,QUERY_SPREAD,93
2019-06-28 10:19:00.000000000,QUERY_SPREAD,94
2019-06-28 10:19:00.000000000,QUERY_SPREAD,95
2019-06-28 10:19:00.000000000,QUERY_SPREAD,96
2019-06-28 10:19:00.000000000,QUERY_SPREAD,97
2019-06-28 10:19:00.000000000,QUERY_SPREAD,98
2019-06-28 10:19:00.000000000,QUERY_SPREAD,99
2019-06-28 10:19:00.000000000,QUERY_SPREAD,100
2019-06-28 10:19:00.000000000,QUERY_SPREAD,101
2019-06-28 10:19:10.000000000,QUERY_SPREAD,1
2019-06-28 10:19:10.000000000,BEST_BID,"JPM,99912,393"
2019-06-28 10:19:10.000000000,BEST_ASK,"JPM,99965,100"
2019-06-28 10:19:10.000000000,BEST_BID,"JPM,99912,393"
2019-06-28 10:19:10.000000000,BEST_ASK,"JPM,99965,100"
2019-06-28 10:19:10.000000000,BEST_BID,"JPM,99912,393"
2019-06-28 10:19:10.000000000,BEST_ASK,"JPM,99965,100"
2019-06-28 10:19:10.000000000,BEST_BID,"JPM,99912,393"
2019-06-28 10:19:10.000000000,BEST_ASK,"JPM,99965,100"
2019-06-28 10:19:10.000000000,BEST_BID,"JPM,99912,393"
2019-06-28 10:19:10.000000000,BEST_ASK,"JPM,99965,193"
2019-06-28 10:19:10.000000000,BEST_BID,"JPM,99912,393"
2019-06-28 10:19:10.000000000,BEST_ASK,"JPM,99965,193"
2019-06-28 10:19:10.000000000,BEST_BID,"JPM,99912,393"
2019-06-28 10:19:10.000000000,BEST_ASK,"JPM,99965,193"
2019-06-28 10:19:10.000000000,BEST_BID,"JPM,99912,393"
2019-06-28 10:19:10.000000000,BEST_ASK,"JPM,99965,193"
2019-06-28 10:19:14.946651764,QUERY_SPREAD,16
2019-06-28 10:19:14.946651764,BEST_BID,"JPM,99912,393"
2019-06-28 10:19:14.946651764,BEST_ASK,"JPM,99965,193"
2019-06-28 10:19:20.000000000,QUERY_SPREAD,1
2019-06-28 10:19:20.000000000,BEST_BID,"JPM,99912,426"
2019-06-28 10:19:20.000000000,BEST_ASK,"JPM,99965,100"
2019-06-28 10:19:20.000000000,BEST_BID,"JPM,99912,426"
2019-06-28 10:19:20.000000000,BEST_ASK,"JPM,99965,100"
2019-06-28 10:19:20.000000000,BEST_BID,"JPM,99912,426"
2019-06-28 10:19:20.000000000,BEST_ASK,"JPM,99965,100"
2019-06-28 10:19:20.000000000,BEST_BID,"JPM,99912,426"
2019-06-28 10:19:20.000000000,BEST_ASK,"JPM,99965,226"
2019-06-28 10:19:20.000000000,BEST_BID,"JPM,99912,426"
2019-06-28 10:19:20.000000000,BEST_ASK,"JPM,99965,226"
2019-06-28 10:19:20.000000000,BEST_BID,"JPM,99912,426"
2019-06-28 10:19:20.000000000,BEST_ASK,"JPM,99965,226"
2019-06-28 10:19:30.000000000,QUERY_SPREAD,1
2019-06-28 10:19:30.000000000,BEST_BID,"JPM,99912,671"
2019-06-28 10:19:30.000000000,BEST_ASK,"JPM,99965,100"
2019-06-28 10:19:30.000000000,BEST_BID,"JPM,99912,671"
2019-06-28 10:19:30.000000000,BEST_ASK,"JPM,99965,471"
2019-06-28 10:19:32.617617325,QUERY_SPREAD,35
2019-06-28 10:19:32.617617325,BEST_BID,"JPM,99912,671"
2019-06-28 10:19:32.617617325,BEST_ASK,"JPM,99965,371"
2019-06-28 10:19:32.617617325,LAST_TRADE,"100,$99965.0000"
2019-06-28 10:19:40.000000000,QUERY_SPREAD,1
2019-06-28 10:19:40.000000000,BEST_BID,"JPM,99912,671"
2019-06-28 10:19:40.000000000,BEST_ASK,"JPM,99996,100"
2019-06-28 10:19:40.000000000,BEST_BID,"JPM,99912,671"
2019-06-28 10:19:40.000000000,BEST_ASK,"JPM,99996,471"
2019-06-28 10:19:45.642594302,QUERY_SPREAD,5
2019-06-28 10:19:45.642594302,BEST_BID,"JPM,99912,671"
2019-06-28 10:19:45.642594302,BEST_ASK,"JPM,99996,371"
2019-06-28 10:19:45.642594302,LAST_TRADE,"100,$99996.0000"
2019-06-28 10:19:50.000000000,QUERY_SPREAD,1
2019-06-28 10:19:50.000000000,BEST_BID,"JPM,99912,426"
2019-06-28 10:19:50.000000000,BEST_ASK,"JPM,100128,100"
2019-06-28 10:19:50.000000000,BEST_BID,"JPM,99912,426"
2019-06-28 10:19:50.000000000,BEST_ASK,"JPM,100128,100"
2019-06-28 10:19:50.000000000,BEST_BID,"JPM,99912,426"
2019-06-28 10:19:50.000000000,BEST_ASK,"JPM,100128,100"
2019-06-28 10:19:50.000000000,BEST_BID,"JPM,99912,426"
2019-06-28 10:19:50.000000000,BEST_ASK,"JPM,100128,226"
2019-06-28 10:19:50.000000000,BEST_BID,"JPM,99912,426"
2019-06-28 10:19:50.000000000,BEST_ASK,"JPM,100128,226"
2019-06-28 10:19:50.000000000,BEST_BID,"JPM,99912,426"
2019-06-28 10:19:50.000000000,BEST_ASK,"JPM,100128,226"
2019-06-28 10:20:00.000000000,QUERY_SPREAD,1
2019-06-28 10:20:00.000000000,BEST_BID,"JPM,99912,393"
2019-06-28 10:20:00.000000000,BEST_ASK,"JPM,100128,100"
2019-06-28 10:20:00.000000000,BEST_BID,"JPM,99912,393"
2019-06-28 10:20:00.000000000,BEST_ASK,"JPM,100128,100"
2019-06-28 10:20:00.000000000,BEST_BID,"JPM,99912,393"
2019-06-28 10:20:00.000000000,BEST_ASK,"JPM,100128,100"
2019-06-28 10:20:00.000000000,BEST_BID,"JPM,99912,393"
2019-06-28 10:20:00.000000000,BEST_ASK,"JPM,100128,100"
2019-06-28 10:20:00.000000000,BEST_BID,"JPM,99912,393"
2019-06-28 10:20:00.000000000,BEST_ASK,"JPM,100128,193"
2019-06-28 10:20:00.000000000,BEST_BID,"JPM,99912,393"
2019-06-28 10:20:00.000000000,BEST_ASK,"JPM,100128,193"
2019-06-28 10:20:00.000000000,BEST_BID,"JPM,99912,393"
2019-06-28 10:20:00.000000000,BEST_ASK,"JPM,100128,193"
2019-06-28 10:20:00.000000000,BEST_BID,"JPM,99912,393"
2019-06-28 10:20:00.000000000,BEST_ASK,"JPM,100128,193"
2019-06-28 10:20:00.000000000,QUERY_SPREAD,77
2019-06-28 10:20:00.000000000,QUERY_SPREAD,78
2019-06-28 10:20:00.000000000,QUERY_SPREAD,79
2019-06-28 10:20:00.000000000,QUERY_SPREAD,80
2019-06-28 10:20:00.000000000,QUERY_SPREAD,81
2019-06-28 10:20:00.000000000,QUERY_SPREAD,82
2019-06-28 10:20:00.000000000,QUERY_SPREAD,83
2019-06-28 10:20:00.000000000,QUERY_SPREAD,84
2019-06-28 10:20:00.000000000,QUERY_SPREAD,85
2019-06-28 10:20:00.000000000,QUERY_SPREAD,86
2019-06-28 10:20:00.000000000,QUERY_SPREAD,87
2019-06-28 10:20:00.000000000,QUERY_SPREAD,88
2019-06-28 10:20:00.000000000,QUERY_SPREAD,89
2019-06-28 10:20:00.000000000,QUERY_SPREAD,90
2019-06-28 10:20:00.000000000,QUERY_SPREAD,91
2019-06-28 10:20:00.000000000,QUERY_SPREAD,92
2019-06-28 10:20:00.000000000,QUERY_SPREAD,93
2019-06-28 10:20:00.000000000,QUERY_SPREAD,94
2019-06-28 10:20:00.000000000,QUERY_SPREAD,95
2019-06-28 10:20:00.000000000,QUERY_SPREAD,96
2019-06-28 10:20:00.000000000,QUERY_SPREAD,97
2019-06-28 10:20:00.000000000,QUERY_SPREAD,98
2019-06-28 10:20:00.000000000,QUERY_SPREAD,99
2019-06-28 10:20:00.000000000,QUERY_SPREAD,100
2019-06-28 10:20:00.000000000,QUERY_SPREAD,101
2019-06-28 10:20:07.318776779,QUERY_SPREAD,19
2019-06-28 10:20:07.318776779,BEST_BID,"JPM,99912,393"
2019-06-28 10:20:07.318776779,BEST_ASK,"JPM,100128,93"
2019-06-28 10:20:07.318776779,LAST_TRADE,"100,$100128.0000"
2019-06-28 10:20:10.000000000,QUERY_SPREAD,1
2019-06-28 10:20:10.000000000,BEST_BID,"JPM,99912,486"
2019-06-28 10:20:10.000000000,BEST_ASK,"JPM,100194,100"
2019-06-28 10:20:10.000000000,BEST_BID,"JPM,99912,486"
2019-06-28 10:20:10.000000000,BEST_ASK,"JPM,100194,100"
2019-06-28 10:20:10.000000000,BEST_BID,"JPM,99912,486"
2019-06-28 10:20:10.000000000,BEST_ASK,"JPM,100194,286"
2019-06-28 10:20:10.000000000,BEST_BID,"JPM,99912,486"
2019-06-28 10:20:10.000000000,BEST_ASK,"JPM,100194,286"
2019-06-28 10:20:20.000000000,QUERY_SPREAD,1
2019-06-28 10:20:20.000000000,BEST_BID,"JPM,99912,671"
2019-06-28 10:20:20.000000000,BEST_ASK,"JPM,100194,100"
2019-06-28 10:20:20.000000000,BEST_BID,"JPM,99912,671"
2019-06-28 10:20:20.000000000,BEST_ASK,"JPM,100194,471"
2019-06-28 10:20:20.062356836,QUERY_SPREAD,51
2019-06-28 10:20:20.062356836,BEST_BID,"JPM,99912,671"
2019-06-28 10:20:20.062356836,BEST_ASK,"JPM,100194,471"
2019-06-28 10:20:23.720798452,QUERY_ORDER_STREAM,75
2019-06-28 10:20:23.720798452,QUERY_SPREAD,75
2019-06-28 10:20:29.137467439,QUERY_SPREAD,14
2019-06-28 10:20:29.137467439,BEST_BID,"JPM,99912,671"
2019-06-28 10:20:29.137467439,BEST_ASK,"JPM,100194,371"
2019-06-28 10:20:29.137467439,LAST_TRADE,"100,$100194.0000"
2019-06-28 10:20:29.450528032,QUERY_SPREAD,5
2019-06-28 10:20:29.450528032,BEST_BID,"JPM,99912,671"
2019-06-28 10:20:29.450528032,BEST_ASK,"JPM,100194,371"
2019-06-28 10:20:30.000000000,QUERY_SPREAD,1
2019-06-28 10:20:30.000000000,BEST_BID,"JPM,99912,393"
2019-06-28 10:20:30.000000000,BEST_ASK,"JPM,100198,100"
2019-06-28 10:20:30.000000000,BEST_BID,"JPM,99912,393"
2019-06-28 10:20:30.000000000,BEST_ASK,"JPM,100198,100"
2019-06-28 10:20:30.000000000,BEST_BID,"JPM,99912,393"
2019-06-28 10:20:30.000000000,BEST_ASK,"JPM,100198,100"
2019-06-28 10:20:30.000000000,BEST_BID,"JPM,99912,393"
2019-06-28 10:20:30.000000000,BEST_ASK,"JPM,100198,100"
2019-06-28 10:20:30.000000000,BEST_BID,"JPM,99912,393"
2019-06-28 10:20:30.000000000,BEST_ASK,"JPM,100198,193"
2019-06-28 10:20:30.000000000,BEST_BID,"JPM,99912,393"
2019-06-28 10:20:30.000000000,BEST_ASK,"JPM,100198,193"
2019-06-28 10:20:30.000000000,BEST_BID,"JPM,99912,393"
2019-06-28 10:20:30.000000000,BEST_ASK,"JPM,100198,193"
2019-06-28 10:20:30.000000000,BEST_BID,"JPM,99912,393"
2019-06-28 10:20:30.000000000,BEST_ASK,"JPM,100198,193"
2019-06-28 10:20:38.954659365,QUERY_SPREAD,16
2019-06-28 10:20:38.954659365,BEST_BID,"JPM,99912,393"
2019-06-28 10:20:38.954659365,BEST_ASK,"JPM,100198,193"
2019-06-28 10:20:40.000000000,QUERY_SPREAD,1
2019-06-28 10:20:40.000000000,BEST_BID,"JPM,99912,374"
2019-06-28 10:20:40.000000000,BEST_ASK,"JPM,100198,100"
2019-06-28 10:20:40.000000000,BEST_BID,"JPM,99912,374"
2019-06-28 10:20:40.000000000,BEST_ASK,"JPM,100198,100"
2019-06-28 10:20:40.000000000,BEST_BID,"JPM,99912,374"
2019-06-28 10:20:40.000000000,BEST_ASK,"JPM,100198,100"
2019-06-28 10:20:40.000000000,BEST_BID,"JPM,99912,374"
2019-06-28 10:20:40.000000000,BEST_ASK,"JPM,100198,100"
2019-06-28 10:20:40.000000000,BEST_BID,"JPM,99912,374"
2019-06-28 10:20:40.000000000,BEST_ASK,"JPM,100198,100"
2019-06-28 10:20:40.000000000,BEST_BID,"JPM,99912,374"
2019-06-28 10:20:40.000000000,BEST_ASK,"JPM,100198,174"
2019-06-28 10:20:40.000000000,BEST_BID,"JPM,99912,374"
2019-06-28 10:20:40.000000000,BEST_ASK,"JPM,100198,174"
2019-06-28 10:20:40.000000000,BEST_BID,"JPM,99912,374"
2019-06-28 10:20:40.000000000,BEST_ASK,"JPM,100198,174"
2019-06-28 10:20:40.000000000,BEST_BID,"JPM,99912,374"
2019-06-28 10:20:40.000000000,BEST_ASK,"JPM,100198,174"
2019-06-28 10:20:40.000000000,BEST_BID,"JPM,99912,374"
2019-06-28 10:20:40.000000000,BEST_ASK,"JPM,100198,174"
2019-06-28 10:20:49.042913452,QUERY_SPREAD,51
2019-06-28 10:20:49.042913452,BEST_BID,"JPM,99912,374"
2019-06-28 10:20:49.042913452,BEST_ASK,"JPM,100198,174"
2019-06-28 10:20:50.000000000,QUERY_SPREAD,1
2019-06-28 10:20:50.000000000,BEST_BID,"JPM,99912,374"
2019-06-28 10:20:50.000000000,BEST_ASK,"JPM,100198,100"
2019-06-28 10:20:50.000000000,BEST_BID,"JPM,99912,374"
2019-06-28 10:20:50.000000000,BEST_ASK,"JPM,100198,100"
2019-06-28 10:20:50.000000000,BEST_BID,"JPM,99912,374"
2019-06-28 10:20:50.000000000,BEST_ASK,"JPM,100198,100"
2019-06-28 10:20:50.000000000,BEST_BID,"JPM,99912,374"
2019-06-28 10:20:50.000000000,BEST_ASK,"JPM,100198,100"
2019-06-28 10:20:50.000000000,BEST_BID,"JPM,99912,374"
2019-06-28 10:20:50.000000000,BEST_ASK,"JPM,100198,100"
2019-06-28 10:20:50.000000000,BEST_BID,"JPM,99912,374"
2019-06-28 10:20:50.000000000,BEST_ASK,"JPM,100198,174"
2019-06-28 10:20:50.000000000,BEST_BID,"JPM,99912,374"
2019-06-28 10:20:50.000000000,BEST_ASK,"JPM,100198,174"
2019-06-28 10:20:50.000000000,BEST_BID,"JPM,99912,374"
2019-06-28 10:20:50.000000000,BEST_ASK,"JPM,100198,174"
2019-06-28 10:20:50.000000000,BEST_BID,"JPM,99912,374"
2019-06-28 10:20:50.000000000,BEST_ASK,"JPM,100198,174"
2019-06-28 10:20:50.000000000,BEST_BID,"JPM,99912,374"
2019-06-28 10:20:50.000000000,BEST_ASK,"JPM,100198,174"
2019-06-28 10:21:00.000000000,QUERY_SPREAD,1
2019-06-28 10:21:00.000000000,BEST_BID,"JPM,99912,393"
2019-06-28 10:21:00.000000000,BEST_ASK,"JPM,100198,100"
2019-06-28 10:21:00.000000000,BEST_BID,"JPM,99912,393"
2019-06-28 10:21:00.000000000,BEST_ASK,"JPM,100198,100"
2019-06-28 10:21:00.000000000,BEST_BID,"JPM,99912,393"
2019-06-28 10:21:00.000000000,BEST_ASK,"JPM,100198,100"
2019-06-28 10:21:00.000000000,BEST_BID,"JPM,99912,393"
2019-06-28 10:21:00.000000000,BEST_ASK,"JPM,100198,100"
2019-06-28 10:21:00.000000000,BEST_BID,"JPM,99912,393"
2019-06-28 10:21:00.000000000,BEST_ASK,"JPM,100198,193"
2019-06-28 10:21:00.000000000,BEST_BID,"JPM,99912,393"
2019-06-28 10:21:00.000000000,BEST_ASK,"JPM,100198,193"
2019-06-28 10:21:00.000000000,BEST_BID,"JPM,99912,393"
2019-06-28 10:21:00.000000000,BEST_ASK,"JPM,100198,193"
2019-06-28 10:21:00.000000000,BEST_BID,"JPM,99912,393"
2019-06-28 10:21:00.000000000,BEST_ASK,"JPM,100198,193"
2019-06-28 10:21:00.000000000,QUERY_SPREAD,77
2019-06-28 10:21:00.000000000,BEST_BID,"JPM,99912,388"
2019-06-28 10:21:00.000000000,BEST_ASK,"JPM,100198,193"
2019-06-28 10:21:00.000000000,LAST_TRADE,"5,$99912.0000"
2019-06-28 10:21:00.000000000,QUERY_SPREAD,78
2019-06-28 10:21:00.000000000,BEST_BID,"JPM,99912,380"
2019-06-28 10:21:00.000000000,BEST_ASK,"JPM,100198,193"
2019-06-28 10:21:00.000000000,LAST_TRADE,"8,$99912.0000"
2019-06-28 10:21:00.000000000,QUERY_SPREAD,79
2019-06-28 10:21:00.000000000,BEST_BID,"JPM,99912,375"
2019-06-28 10:21:00.000000000,BEST_ASK,"JPM,100198,193"
2019-06-28 10:21:00.000000000,LAST_TRADE,"5,$99912.0000"
2019-06-28 10:21:00.000000000,QUERY_SPREAD,80
2019-06-28 10:21:00.000000000,BEST_BID,"JPM,99912,367"
2019-06-28 10:21:00.000000000,BEST_ASK,"JPM,100198,193"
2019-06-28 10:21:00.000000000,LAST_TRADE,"8,$99912.0000"
2019-06-28 10:21:00.000000000,QUERY_SPREAD,81
2019-06-28 10:21:00.000000000,BEST_BID,"JPM,99912,358"
2019-06-28 10:21:00.000000000,BEST_ASK,"JPM,100198,193"
2019-06-28 10:21:00.000000000,LAST_TRADE,"9,$99912.0000"
2019-06-28 10:21:00.000000000,QUERY_SPREAD,82
2019-06-28 10:21:00.000000000,BEST_BID,"JPM,99912,355"
2019-06-28 10:21:00.000000000,BEST_ASK,"JPM,100198,193"
2019-06-28 10:21:00.000000000,LAST_TRADE,"3,$99912.0000"
2019-06-28 10:21:00.000000000,QUERY_SPREAD,83
2019-06-28 10:21:00.000000000,BEST_BID,"JPM,99912,347"
2019-06-28 10:21:00.000000000,BEST_ASK,"JPM,100198,193"
2019-06-28 10:21:00.000000000,LAST_TRADE,"8,$99912.0000"
2019-06-28 10:21:00.000000000,QUERY_SPREAD,84
2019-06-28 10:21:00.000000000,BEST_BID,"JPM,99912,343"
2019-06-28 10:21:00.000000000,BEST_ASK,"JPM,100198,193"
2019-06-28 10:21:00.000000000,LAST_TRADE,"4,$99912.0000"
2019-06-28 10:21:00.000000000,QUERY_SPREAD,85
2019-06-28 10:21:00.000000000,BEST_BID,"JPM,99912,338"
2019-06-28 10:21:00.000000000,BEST_ASK,"JPM,100198,193"
2019-06-28 10:21:00.000000000,LAST_TRADE,"5,$99912.0000"
2019-06-28 10:21:00.000000000,QUERY_SPREAD,86
2019-06-28 10:21:00.000000000,BEST_BID,"JPM,99912,336"
2019-06-28 10:21:00.000000000,BEST_ASK,"JPM,100198,193"
2019-06-28 10:21:00.000000000,LAST_TRADE,"2,$99912.0000"
2019-06-28 10:21:00.000000000,QUERY_SPREAD,87
2019-06-28 10:21:00.000000000,BEST_BID,"JPM,99912,329"
2019-06-28 10:21:00.000000000,BEST_ASK,"JPM,100198,193"
2019-06-28 10:21:00.000000000,LAST_TRADE,"7,$99912.0000"
2019-06-28 10:21:00.000000000,QUERY_SPREAD,88
2019-06-28 10:21:00.000000000,BEST_BID,"JPM,99912,321"
2019-06-28 10:21:00.000000000,BEST_ASK,"JPM,100198,193"
2019-06-28 10:21:00.000000000,LAST_TRADE,"8,$99912.0000"
2019-06-28 10:21:00.000000000,QUERY_SPREAD,89
2019-06-28 10:21:00.000000000,BEST_BID,"JPM,99912,316"
2019-06-28 10:21:00.000000000,BEST_ASK,"JPM,100198,193"
2019-06-28 10:21:00.000000000,LAST_TRADE,"5,$99912.0000"
2019-06-28 10:21:00.000000000,QUERY_SPREAD,90
2019-06-28 10:21:00.000000000,BEST_BID,"JPM,99912,312"
2019-06-28 10:21:00.000000000,BEST_ASK,"JPM,100198,193"
2019-06-28 10:21:00.000000000,LAST_TRADE,"4,$99912.0000"
2019-06-28 10:21:00.000000000,QUERY_SPREAD,91
2019-06-28 10:21:00.000000000,BEST_BID,"JPM,99912,309"
2019-06-28 10:21:00.000000000,BEST_ASK,"JPM,100198,193"
2019-06-28 10:21:00.000000000,LAST_TRADE,"3,$99912.0000"
2019-06-28 10:21:00.000000000,QUERY_SPREAD,92
2019-06-28 10:21:00.000000000,BEST_BID,"JPM,99912,304"
2019-06-28 10:21:00.000000000,BEST_ASK,"JPM,100198,193"
2019-06-28 10:21:00.000000000,LAST_TRADE,"5,$99912.0000"
2019-06-28 10:21:00.000000000,QUERY_SPREAD,93
2019-06-28 10:21:00.000000000,BEST_BID,"JPM,99912,297"
2019-06-28 10:21:00.000000000,BEST_ASK,"JPM,100198,193"
2019-06-28 10:21:00.000000000,LAST_TRADE,"7,$99912.0000"
2019-06-28 10:21:00.000000000,QUERY_SPREAD,94
2019-06-28 10:21:00.000000000,BEST_BID,"JPM,99912,296"
2019-06-28 10:21:00.000000000,BEST_ASK,"JPM,100198,193"
2019-06-28 10:21:00.000000000,LAST_TRADE,"1,$99912.0000"
2019-06-28 10:21:00.000000000,QUERY_SPREAD,95
2019-06-28 10:21:00.000000000,BEST_BID,"JPM,99912,295"
2019-06-28 10:21:00.000000000,BEST_ASK,"JPM,100198,193"
2019-06-28 10:21:00.000000000,LAST_TRADE,"1,$99912.0000"
2019-06-28 10:21:00.000000000,QUERY_SPREAD,96
2019-06-28 10:21:00.000000000,BEST_BID,"JPM,99912,291"
2019-06-28 10:21:00.000000000,BEST_ASK,"JPM,100198,193"
2019-06-28 10:21:00.000000000,LAST_TRADE,"4,$99912.0000"
2019-06-28 10:21:00.000000000,QUERY_SPREAD,97
2019-06-28 10:21:00.000000000,BEST_BID,"JPM,99912,288"
2019-06-28 10:21:00.000000000,BEST_ASK,"JPM,100198,193"
2019-06-28 10:21:00.000000000,LAST_TRADE,"3,$99912.0000"
2019-06-28 10:21:00.000000000,QUERY_SPREAD,98
2019-06-28 10:21:00.000000000,BEST_BID,"JPM,99912,283"
2019-06-28 10:21:00.000000000,BEST_ASK,"JPM,100198,193"
2019-06-28 10:21:00.000000000,LAST_TRADE,"5,$99912.0000"
2019-06-28 10:21:00.000000000,QUERY_SPREAD,99
2019-06-28 10:21:00.000000000,BEST_BID,"JPM,99912,279"
2019-06-28 10:21:00.000000000,BEST_ASK,"JPM,100198,193"
2019-06-28 10:21:00.000000000,LAST_TRADE,"4,$99912.0000"
2019-06-28 10:21:00.000000000,QUERY_SPREAD,100
2019-06-28 10:21:00.000000000,BEST_BID,"JPM,99912,274"
2019-06-28 10:21:00.000000000,BEST_ASK,"JPM,100198,193"
2019-06-28 10:21:00.000000000,LAST_TRADE,"5,$99912.0000"
2019-06-28 10:21:00.000000000,QUERY_SPREAD,101
2019-06-28 10:21:09.357137721,QUERY_ORDER_STREAM,59
2019-06-28 10:21:09.357137721,QUERY_SPREAD,59
2019-06-28 10:21:10.000000000,QUERY_SPREAD,1
2019-06-28 10:21:10.000000000,BEST_BID,"JPM,99912,307"
2019-06-28 10:21:10.000000000,BEST_ASK,"JPM,100198,100"
2019-06-28 10:21:10.000000000,BEST_BID,"JPM,99912,307"
2019-06-28 10:21:10.000000000,BEST_ASK,"JPM,100198,100"
2019-06-28 10:21:10.000000000,BEST_BID,"JPM,99912,307"
2019-06-28 10:21:10.000000000,BEST_ASK,"JPM,100198,100"
2019-06-28 10:21:10.000000000,BEST_BID,"JPM,99912,307"
2019-06-28 10:21:10.000000000,BEST_ASK,"JPM,100198,226"
2019-06-28 10:21:10.000000000,BEST_BID,"JPM,99912,307"
2019-06-28 10:21:10.000000000,BEST_ASK,"JPM,100198,226"
2019-06-28 10:21:10.000000000,BEST_BID,"JPM,99912,307"
2019-06-28 10:21:10.000000000,BEST_ASK,"JPM,100198,226"
2019-06-28 10:21:13.092448917,QUERY_SPREAD,7
2019-06-28 10:21:13.092448917,BEST_BID,"JPM,99912,307"
2019-06-28 10:21:13.092448917,BEST_ASK,"JPM,100198,126"
2019-06-28 10:21:13.092448917,LAST_TRADE,"100,$100198.0000"
2019-06-28 10:21:20.000000000,QUERY_SPREAD,1
2019-06-28 10:21:20.000000000,BEST_BID,"JPM,99912,552"
2019-06-28 10:21:20.000000000,BEST_ASK,"JPM,100403,100"
2019-06-28 10:21:20.000000000,BEST_BID,"JPM,99912,552"
2019-06-28 10:21:20.000000000,BEST_ASK,"JPM,100403,471"
2019-06-28 10:21:28.581851279,QUERY_SPREAD,41
2019-06-28 10:21:28.581851279,BEST_BID,"JPM,99912,552"
2019-06-28 10:21:28.581851279,BEST_ASK,"JPM,100403,371"
2019-06-28 10:21:28.581851279,LAST_TRADE,"100,$100403.0000"
2019-06-28 10:21:30.000000000,QUERY_SPREAD,1
2019-06-28 10:21:30.000000000,BEST_BID,"JPM,99912,552"
2019-06-28 10:21:30.000000000,BEST_ASK,"JPM,100581,100"
2019-06-28 10:21:30.000000000,BEST_BID,"JPM,99912,552"
2019-06-28 10:21:30.000000000,BEST_ASK,"JPM,100581,471"
2019-06-28 10:21:33.728618422,QUERY_ORDER_STREAM,67
2019-06-28 10:21:33.728618422,QUERY_SPREAD,67
2019-06-28 10:21:38.600765164,QUERY_SPREAD,33
2019-06-28 10:21:38.600765164,BEST_BID,"JPM,99912,552"
2019-06-28 10:21:38.600765164,BEST_ASK,"JPM,100581,471"
2019-06-28 10:21:40.000000000,QUERY_SPREAD,1
2019-06-28 10:21:40.000000000,BEST_BID,"JPM,99912,367"
2019-06-28 10:21:40.000000000,BEST_ASK,"JPM,100581,100"
2019-06-28 10:21:40.000000000,BEST_BID,"JPM,99912,367"
2019-06-28 10:21:40.000000000,BEST_ASK,"JPM,100581,100"
2019-06-28 10:21:40.000000000,BEST_BID,"JPM,99912,367"
2019-06-28 10:21:40.000000000,BEST_ASK,"JPM,100581,286"
2019-06-28 10:21:40.000000000,BEST_BID,"JPM,99912,367"
2019-06-28 10:21:40.000000000,BEST_ASK,"JPM,100581,286"
2019-06-28 10:21:50.000000000,QUERY_SPREAD,1
2019-06-28 10:21:50.000000000,BEST_BID,"JPM,99912,274"
2019-06-28 10:21:50.000000000,BEST_ASK,"JPM,100581,100"
2019-06-28 10:21:50.000000000,BEST_BID,"JPM,99912,274"
2019-06-28 10:21:50.000000000,BEST_ASK,"JPM,100581,100"
2019-06-28 10:21:50.000000000,BEST_BID,"JPM,99912,274"
2019-06-28 10:21:50.000000000,BEST_ASK,"JPM,100581,100"
2019-06-28 10:21:50.000000000,BEST_BID,"JPM,99912,274"
2019-06-28 10:21:50.000000000,BEST_ASK,"JPM,100581,100"
2019-06-28 10:21:50.000000000,BEST_BID,"JPM,99912,274"
2019-06-28 10:21:50.000000000,BEST_ASK,"JPM,100581,193"
2019-06-28 10:21:50.000000000,BEST_BID,"JPM,99912,274"
2019-06-28 10:21:50.000000000,BEST_ASK,"JPM,100581,193"
2019-06-28 10:21:50.000000000,BEST_BID,"JPM,99912,274"
2019-06-28 10:21:50.000000000,BEST_ASK,"JPM,100581,193"
2019-06-28 10:21:50.000000000,BEST_BID,"JPM,99912,274"
2019-06-28 10:21:50.000000000,BEST_ASK,"JPM,100581,193"
2019-06-28 10:21:57.262957018,QUERY_ORDER_STREAM,56
2019-06-28 10:21:57.262957018,QUERY_SPREAD,56
2019-06-28 10:21:57.262957018,BEST_BID,"JPM,100198,100"
2019-06-28 10:21:57.262957018,BEST_ASK,"JPM,100581,193"
2019-06-28 10:22:00.000000000,QUERY_SPREAD,1
2019-06-28 10:22:00.000000000,BEST_BID,"JPM,100198,471"
2019-06-28 10:22:00.000000000,BEST_ASK,"JPM,100581,100"
2019-06-28 10:22:00.000000000,BEST_BID,"JPM,100198,471"
2019-06-28 10:22:00.000000000,BEST_ASK,"JPM,100581,471"
2019-06-28 10:22:00.000000000,QUERY_SPREAD,77
2019-06-28 10:22:00.000000000,BEST_BID,"JPM,100198,466"
2019-06-28 10:22:00.000000000,BEST_ASK,"JPM,100581,471"
2019-06-28 10:22:00.000000000,LAST_TRADE,"5,$100198.0000"
2019-06-28 10:22:00.000000000,QUERY_SPREAD,78
2019-06-28 10:22:00.000000000,BEST_BID,"JPM,100198,458"
2019-06-28 10:22:00.000000000,BEST_ASK,"JPM,100581,471"
2019-06-28 10:22:00.000000000,LAST_TRADE,"8,$100198.0000"
2019-06-28 10:22:00.000000000,QUERY_SPREAD,79
2019-06-28 10:22:00.000000000,BEST_BID,"JPM,100198,453"
2019-06-28 10:22:00.000000000,BEST_ASK,"JPM,100581,471"
2019-06-28 10:22:00.000000000,LAST_TRADE,"5,$100198.0000"
2019-06-28 10:22:00.000000000,QUERY_SPREAD,80
2019-06-28 10:22:00.000000000,BEST_BID,"JPM,100198,445"
2019-06-28 10:22:00.000000000,BEST_ASK,"JPM,100581,471"
2019-06-28 10:22:00.000000000,LAST_TRADE,"8,$100198.0000"
2019-06-28 10:22:00.000000000,QUERY_SPREAD,81
2019-06-28 10:22:00.000000000,BEST_BID,"JPM,100198,436"
2019-06-28 10:22:00.000000000,BEST_ASK,"JPM,100581,471"
2019-06-28 10:22:00.000000000,LAST_TRADE,"9,$100198.0000"
2019-06-28 10:22:00.000000000,QUERY_SPREAD,82
2019-06-28 10:22:00.000000000,BEST_BID,"JPM,100198,433"
2019-06-28 10:22:00.000000000,BEST_ASK,"JPM,100581,471"
2019-06-28 10:22:00.000000000,LAST_TRADE,"3,$100198.0000"
2019-06-28 10:22:00.000000000,QUERY_SPREAD,83
2019-06-28 10:22:00.000000000,BEST_BID,"JPM,100198,425"
2019-06-28 10:22:00.000000000,BEST_ASK,"JPM,100581,471"
2019-06-28 10:22:00.000000000,LAST_TRADE,"8,$100198.0000"
2019-06-28 10:22:00.000000000,QUERY_SPREAD,84
2019-06-28 10:22:00.000000000,BEST_BID,"JPM,100198,421"
2019-06-28 10:22:00.000000000,BEST_ASK,"JPM,100581,471"
2019-06-28 10:22:00.000000000,LAST_TRADE,"4,$100198.0000"
2019-06-28 10:22:00.000000000,QUERY_SPREAD,85
2019-06-28 10:22:00.000000000,BEST_BID,"JPM,100198,416"
2019-06-28 10:22:00.000000000,BEST_ASK,"JPM,100581,471"
2019-06-28 10:22:00.000000000,LAST_TRADE,"5,$100198.0000"
2019-06-28 10:22:00.000000000,QUERY_SPREAD,86
2019-06-28 10:22:00.000000000,BEST_BID,"JPM,100198,414"
2019-06-28 10:22:00.000000000,BEST_ASK,"JPM,100581,471"
2019-06-28 10:22:00.000000000,LAST_TRADE,"2,$100198.0000"
2019-06-28 10:22:00.000000000,QUERY_SPREAD,87
2019-06-28 10:22:00.000000000,BEST_BID,"JPM,100198,407"
2019-06-28 10:22:00.000000000,BEST_ASK,"JPM,100581,471"
2019-06-28 10:22:00.000000000,LAST_TRADE,"7,$100198.0000"
2019-06-28 10:22:00.000000000,QUERY_SPREAD,88
2019-06-28 10:22:00.000000000,BEST_BID,"JPM,100198,399"
2019-06-28 10:22:00.000000000,BEST_ASK,"JPM,100581,471"
2019-06-28 10:22:00.000000000,LAST_TRADE,"8,$100198.0000"
2019-06-28 10:22:00.000000000,QUERY_SPREAD,89
2019-06-28 10:22:00.000000000,BEST_BID,"JPM,100198,394"
2019-06-28 10:22:00.000000000,BEST_ASK,"JPM,100581,471"
2019-06-28 10:22:00.000000000,LAST_TRADE,"5,$100198.0000"
2019-06-28 10:22:00.000000000,QUERY_SPREAD,90
2019-06-28 10:22:00.000000000,BEST_BID,"JPM,100198,390"
2019-06-28 10:22:00.000000000,BEST_ASK,"JPM,100581,471"
2019-06-28 10:22:00.000000000,LAST_TRADE,"4,$100198.0000"
2019-06-28 10:22:00.000000000,QUERY_SPREAD,91
2019-06-28 10:22:00.000000000,BEST_BID,"JPM,100198,387"
2019-06-28 10:22:00.000000000,BEST_ASK,"JPM,100581,471"
2019-06-28 10:22:00.000000000,LAST_TRADE,"3,$100198.0000"
2019-06-28 10:22:00.000000000,QUERY_SPREAD,92
2019-06-28 10:22:00.000000000,BEST_BID,"JPM,100198,382"
2019-06-28 10:22:00.000000000,BEST_ASK,"JPM,100581,471"
2019-06-28 10:22:00.000000000,LAST_TRADE,"5,$100198.0000"
2019-06-28 10:22:00.000000000,QUERY_SPREAD,93
2019-06-28 10:22:00.000000000,BEST_BID,"JPM,100198,375"
2019-06-28 10:22:00.000000000,BEST_ASK,"JPM,100581,471"
2019-06-28 10:22:00.000000000,LAST_TRADE,"7,$100198.0000"
2019-06-28 10:22:00.000000000,QUERY_SPREAD,94
2019-06-28 10:22:00.000000000,BEST_BID,"JPM,100198,374"
2019-06-28 10:22:00.000000000,BEST_ASK,"JPM,100581,471"
2019-06-28 10:22:00.000000000,LAST_TRADE,"1,$100198.0000"
2019-06-28 10:22:00.000000000,QUERY_SPREAD,95
2019-06-28 10:22:00.000000000,BEST_BID,"JPM,100198,373"
2019-06-28 10:22:00.000000000,BEST_ASK,"JPM,100581,471"
2019-06-28 10:22:00.000000000,LAST_TRADE,"1,$100198.0000"
2019-06-28 10:22:00.000000000,QUERY_SPREAD,96
2019-06-28 10:22:00.000000000,BEST_BID,"JPM,100198,369"
2019-06-28 10:22:00.000000000,BEST_ASK,"JPM,100581,471"
2019-06-28 10:22:00.000000000,LAST_TRADE,"4,$100198.0000"
2019-06-28 10:22:00.000000000,QUERY_SPREAD,97
2019-06-28 10:22:00.000000000,BEST_BID,"JPM,100198,366"
2019-06-28 10:22:00.000000000,BEST_ASK,"JPM,100581,471"
2019-06-28 10:22:00.000000000,LAST_TRADE,"3,$100198.0000"
2019-06-28 10:22:00.000000000,QUERY_SPREAD,98
2019-06-28 10:22:00.000000000,BEST_BID,"JPM,100198,361"
2019-06-28 10:22:00.000000000,BEST_ASK,"JPM,100581,471"
2019-06-28 10:22:00.000000000,LAST_TRADE,"5,$100198.0000"
2019-06-28 10:22:00.000000000,QUERY_SPREAD,99
2019-06-28 10:22:00.000000000,BEST_BID,"JPM,100198,357"
2019-06-28 10:22:00.000000000,BEST_ASK,"JPM,100581,471"
2019-06-28 10:22:00.000000000,LAST_TRADE,"4,$100198.0000"
2019-06-28 10:22:00.000000000,QUERY_SPREAD,100
2019-06-28 10:22:00.000000000,BEST_BID,"JPM,100198,352"
2019-06-28 10:22:00.000000000,BEST_ASK,"JPM,100581,471"
2019-06-28 10:22:00.000000000,LAST_TRADE,"5,$100198.0000"
2019-06-28 10:22:00.000000000,QUERY_SPREAD,101
2019-06-28 10:22:00.840768244,QUERY_ORDER_STREAM,70
2019-06-28 10:22:00.840768244,QUERY_SPREAD,70
2019-06-28 10:22:00.840768244,BEST_BID,"JPM,100198,452"
2019-06-28 10:22:00.840768244,BEST_ASK,"JPM,100581,471"
2019-06-28 10:22:04.089864715,QUERY_SPREAD,29
2019-06-28 10:22:04.089864715,BEST_BID,"JPM,100198,452"
2019-06-28 10:22:04.089864715,BEST_ASK,"JPM,100581,371"
2019-06-28 10:22:04.089864715,LAST_TRADE,"100,$100581.0000"
2019-06-28 10:22:10.000000000,QUERY_SPREAD,1
2019-06-28 10:22:10.000000000,BEST_BID,"JPM,100198,471"
2019-06-28 10:22:10.000000000,BEST_ASK,"JPM,100728,100"
2019-06-28 10:22:10.000000000,BEST_BID,"JPM,100198,471"
2019-06-28 10:22:10.000000000,BEST_ASK,"JPM,100728,471"
2019-06-28 10:22:20.000000000,QUERY_SPREAD,1
2019-06-28 10:22:20.000000000,BEST_BID,"JPM,100198,286"
2019-06-28 10:22:20.000000000,BEST_ASK,"JPM,100728,100"
2019-06-28 10:22:20.000000000,BEST_BID,"JPM,100198,286"
2019-06-28 10:22:20.000000000,BEST_ASK,"JPM,100728,100"
2019-06-28 10:22:20.000000000,BEST_BID,"JPM,100198,286"
2019-06-28 10:22:20.000000000,BEST_ASK,"JPM,100728,286"
2019-06-28 10:22:20.000000000,BEST_BID,"JPM,100198,286"
2019-06-28 10:22:20.000000000,BEST_ASK,"JPM,100728,286"
2019-06-28 10:22:30.000000000,QUERY_SPREAD,1
2019-06-28 10:22:30.000000000,BEST_BID,"JPM,100198,286"
2019-06-28 10:22:30.000000000,BEST_ASK,"JPM,100728,100"
2019-06-28 10:22:30.000000000,BEST_BID,"JPM,100198,286"
2019-06-28 10:22:30.000000000,BEST_ASK,"JPM,100728,100"
2019-06-28 10:22:30.000000000,BEST_BID,"JPM,100198,286"
2019-06-28 10:22:30.000000000,BEST_ASK,"JPM,100728,286"
2019-06-28 10:22:30.000000000,BEST_BID,"JPM,100198,286"
2019-06-28 10:22:30.000000000,BEST_ASK,"JPM,100728,286"
2019-06-28 10:22:36.054651895,QUERY_SPREAD,36
2019-06-28 10:22:36.054651895,BEST_BID,"JPM,100198,286"
2019-06-28 10:22:36.054651895,BEST_ASK,"JPM,100728,186"
2019-06-28 10:22:36.054651895,LAST_TRADE,"100,$100728.0000"
2019-06-28 10:22:37.463831539,QUERY_SPREAD,15
2019-06-28 10:22:37.463831539,BEST_BID,"JPM,100724,100"
2019-06-28 10:22:37.463831539,BEST_ASK,"JPM,100728,186"
2019-06-28 10:22:40.000000000,QUERY_SPREAD,1
2019-06-28 10:22:40.000000000,BEST_BID,"JPM,100724,471"
2019-06-28 10:22:40.000000000,BEST_ASK,"JPM,100783,100"
2019-06-28 10:22:40.000000000,BEST_BID,"JPM,100724,471"
2019-06-28 10:22:40.000000000,BEST_ASK,"JPM,100783,471"
2019-06-28 10:22:50.000000000,QUERY_SPREAD,1
2019-06-28 10:22:50.000000000,BEST_BID,"JPM,100724,286"
2019-06-28 10:22:50.000000000,BEST_ASK,"JPM,100783,100"
2019-06-28 10:22:50.000000000,BEST_BID,"JPM,100724,286"
2019-06-28 10:22:50.000000000,BEST_ASK,"JPM,100783,100"
2019-06-28 10:22:50.000000000,BEST_BID,"JPM,100724,286"
2019-06-28 10:22:50.000000000,BEST_ASK,"JPM,100783,286"
2019-06-28 10:22:50.000000000,BEST_BID,"JPM,100724,286"
2019-06-28 10:22:50.000000000,BEST_ASK,"JPM,100783,286"
2019-06-28 10:22:55.735383399,QUERY_SPREAD,37
2019-06-28 10:22:55.735383399,BEST_BID,"JPM,100724,286"
2019-06-28 10:22:55.735383399,BEST_ASK,"JPM,100783,286"
2019-06-28 10:23:00.000000000,QUERY_SPREAD,1
2019-06-28 10:23:00.000000000,BEST_BID,"JPM,100724,471"
2019-06-28 10:23:00.000000000,BEST_ASK,"JPM,100783,100"
2019-06-28 10:23:00.000000000,BEST_BID,"JPM,100724,471"
2019-06-28 10:23:00.000000000,BEST_ASK,"JPM,100783,471"
2019-06-28 10:23:00.000000000,QUERY_SPREAD,77
2019-06-28 10:23:00.000000000,BEST_BID,"JPM,100724,466"
2019-06-28 10:23:00.000000000,BEST_ASK,"JPM,100783,471"
2019-06-28 10:23:00.000000000,LAST_TRADE,"5,$100724.0000"
2019-06-28 10:23:00.000000000,QUERY_SPREAD,78
2019-06-28 10:23:00.000000000,BEST_BID,"JPM,100724,458"
2019-06-28 10:23:00.000000000,BEST_ASK,"JPM,100783,471"
2019-06-28 10:23:00.000000000,LAST_TRADE,"8,$100724.0000"
2019-06-28 10:23:00.000000000,QUERY_SPREAD,79
2019-06-28 10:23:00.000000000,BEST_BID,"JPM,100724,453"
2019-06-28 10:23:00.000000000,BEST_ASK,"JPM,100783,471"
2019-06-28 10:23:00.000000000,LAST_TRADE,"5,$100724.0000"
2019-06-28 10:23:00.000000000,QUERY_SPREAD,80
2019-06-28 10:23:00.000000000,BEST_BID,"JPM,100724,445"
2019-06-28 10:23:00.000000000,BEST_ASK,"JPM,100783,471"
2019-06-28 10:23:00.000000000,LAST_TRADE,"8,$100724.0000"
2019-06-28 10:23:00.000000000,QUERY_SPREAD,81
2019-06-28 10:23:00.000000000,BEST_BID,"JPM,100724,436"
2019-06-28 10:23:00.000000000,BEST_ASK,"JPM,100783,471"
2019-06-28 10:23:00.000000000,LAST_TRADE,"9,$100724.0000"
2019-06-28 10:23:00.000000000,QUERY_SPREAD,82
2019-06-28 10:23:00.000000000,BEST_BID,"JPM,100724,433"
2019-06-28 10:23:00.000000000,BEST_ASK,"JPM,100783,471"
2019-06-28 10:23:00.000000000,LAST_TRADE,"3,$100724.0000"
2019-06-28 10:23:00.000000000,QUERY_SPREAD,83
2019-06-28 10:23:00.000000000,BEST_BID,"JPM,100724,425"
2019-06-28 10:23:00.000000000,BEST_ASK,"JPM,100783,471"
2019-06-28 10:23:00.000000000,LAST_TRADE,"8,$100724.0000"
2019-06-28 10:23:00.000000000,QUERY_SPREAD,84
2019-06-28 10:23:00.000000000,BEST_BID,"JPM,100724,421"
2019-06-28 10:23:00.000000000,BEST_ASK,"JPM,100783,471"
2019-06-28 10:23:00.000000000,LAST_TRADE,"4,$100724.0000"
2019-06-28 10:23:00.000000000,QUERY_SPREAD,85
2019-06-28 10:23:00.000000000,BEST_BID,"JPM,100724,416"
2019-06-28 10:23:00.000000000,BEST_ASK,"JPM,100783,471"
2019-06-28 10:23:00.000000000,LAST_TRADE,"5,$100724.0000"
2019-06-28 10:23:00.000000000,QUERY_SPREAD,86
2019-06-28 10:23:00.000000000,BEST_BID,"JPM,100724,414"
2019-06-28 10:23:00.000000000,BEST_ASK,"JPM,100783,471"
2019-06-28 10:23:00.000000000,LAST_TRADE,"2,$100724.0000"
2019-06-28 10:23:00.000000000,QUERY_SPREAD,87
2019-06-28 10:23:00.000000000,BEST_BID,"JPM,100724,407"
2019-06-28 10:23:00.000000000,BEST_ASK,"JPM,100783,471"
2019-06-28 10:23:00.000000000,LAST_TRADE,"7,$100724.0000"
2019-06-28 10:23:00.000000000,QUERY_SPREAD,88
2019-06-28 10:23:00.000000000,BEST_BID,"JPM,100724,399"
2019-06-28 10:23:00.000000000,BEST_ASK,"JPM,100783,471"
2019-06-28 10:23:00.000000000,LAST_TRADE,"8,$100724.0000"
2019-06-28 10:23:00.000000000,QUERY_SPREAD,89
2019-06-28 10:23:00.000000000,BEST_BID,"JPM,100724,394"
2019-06-28 10:23:00.000000000,BEST_ASK,"JPM,100783,471"
2019-06-28 10:23:00.000000000,LAST_TRADE,"5,$100724.0000"
2019-06-28 10:23:00.000000000,QUERY_SPREAD,90
2019-06-28 10:23:00.000000000,BEST_BID,"JPM,100724,390"
2019-06-28 10:23:00.000000000,BEST_ASK,"JPM,100783,471"
2019-06-28 10:23:00.000000000,LAST_TRADE,"4,$100724.0000"
2019-06-28 10:23:00.000000000,QUERY_SPREAD,91
2019-06-28 10:23:00.000000000,BEST_BID,"JPM,100724,387"
2019-06-28 10:23:00.000000000,BEST_ASK,"JPM,100783,471"
2019-06-28 10:23:00.000000000,LAST_TRADE,"3,$100724.0000"
2019-06-28 10:23:00.000000000,QUERY_SPREAD,92
2019-06-28 10:23:00.000000000,BEST_BID,"JPM,100724,382"
2019-06-28 10:23:00.000000000,BEST_ASK,"JPM,100783,471"
2019-06-28 10:23:00.000000000,LAST_TRADE,"5,$100724.0000"
2019-06-28 10:23:00.000000000,QUERY_SPREAD,93
2019-06-28 10:23:00.000000000,BEST_BID,"JPM,100724,375"
2019-06-28 10:23:00.000000000,BEST_ASK,"JPM,100783,471"
2019-06-28 10:23:00.000000000,LAST_TRADE,"7,$100724.0000"
2019-06-28 10:23:00.000000000,QUERY_SPREAD,94
2019-06-28 10:23:00.000000000,BEST_BID,"JPM,100724,374"
2019-06-28 10:23:00.000000000,BEST_ASK,"JPM,100783,471"
2019-06-28 10:23:00.000000000,LAST_TRADE,"1,$100724.0000"
2019-06-28 10:23:00.000000000,QUERY_SPREAD,95
2019-06-28 10:23:00.000000000,BEST_BID,"JPM,100724,373"
2019-06-28 10:23:00.000000000,BEST_ASK,"JPM,100783,471"
2019-06-28 10:23:00.000000000,LAST_TRADE,"1,$100724.0000"
2019-06-28 10:23:00.000000000,QUERY_SPREAD,96
2019-06-28 10:23:00.000000000,BEST_BID,"JPM,100724,369"
2019-06-28 10:23:00.000000000,BEST_ASK,"JPM,100783,471"
2019-06-28 10:23:00.000000000,LAST_TRADE,"4,$100724.0000"
2019-06-28 10:23:00.000000000,QUERY_SPREAD,97
2019-06-28 10:23:00.000000000,BEST_BID,"JPM,100724,366"
2019-06-28 10:23:00.000000000,BEST_ASK,"JPM,100783,471"
2019-06-28 10:23:00.000000000,LAST_TRADE,"3,$100724.0000"
2019-06-28 10:23:00.000000000,QUERY_SPREAD,98
2019-06-28 10:23:00.000000000,BEST_BID,"JPM,100724,361"
2019-06-28 10:23:00.000000000,BEST_ASK,"JPM,100783,471"
2019-06-28 10:23:00.000000000,LAST_TRADE,"5,$100724.0000"
2019-06-28 10:23:00.000000000,QUERY_SPREAD,99
2019-06-28 10:23:00.000000000,BEST_BID,"JPM,100724,357"
2019-06-28 10:23:00.000000000,BEST_ASK,"JPM,100783,471"
2019-06-28 10:23:00.000000000,LAST_TRADE,"4,$100724.0000"
2019-06-28 10:23:00.000000000,QUERY_SPREAD,100
2019-06-28 10:23:00.000000000,BEST_BID,"JPM,100724,352"
2019-06-28 10:23:00.000000000,BEST_ASK,"JPM,100783,471"
2019-06-28 10:23:00.000000000,LAST_TRADE,"5,$100724.0000"
2019-06-28 10:23:00.000000000,QUERY_SPREAD,101
2019-06-28 10:23:10.000000000,QUERY_SPREAD,1
2019-06-28 10:23:10.000000000,BEST_BID,"JPM,100198,226"
2019-06-28 10:23:10.000000000,BEST_ASK,"JPM,100783,100"
2019-06-28 10:23:10.000000000,BEST_BID,"JPM,100198,226"
2019-06-28 10:23:10.000000000,BEST_ASK,"JPM,100783,100"
2019-06-28 10:23:10.000000000,BEST_BID,"JPM,100198,226"
2019-06-28 10:23:10.000000000,BEST_ASK,"JPM,100783,100"
2019-06-28 10:23:10.000000000,BEST_BID,"JPM,100198,226"
2019-06-28 10:23:10.000000000,BEST_ASK,"JPM,100783,226"
2019-06-28 10:23:10.000000000,BEST_BID,"JPM,100198,226"
2019-06-28 10:23:10.000000000,BEST_ASK,"JPM,100783,226"
2019-06-28 10:23:10.000000000,BEST_BID,"JPM,100198,226"
2019-06-28 10:23:10.000000000,BEST_ASK,"JPM,100783,226"
2019-06-28 10:23:20.000000000,QUERY_SPREAD,1
2019-06-28 10:23:20.000000000,BEST_BID,"JPM,100198,193"
2019-06-28 10:23:20.000000000,BEST_ASK,"JPM,100783,100"
2019-06-28 10:23:20.000000000,BEST_BID,"JPM,100198,193"
2019-06-28 10:23:20.000000000,BEST_ASK,"JPM,100783,100"
2019-06-28 10:23:20.000000000,BEST_BID,"JPM,100198,193"
2019-06-28 10:23:20.000000000,BEST_ASK,"JPM,100783,100"
2019-06-28 10:23:20.000000000,BEST_BID,"JPM,100198,193"
2019-06-28 10:23:20.000000000,BEST_ASK,"JPM,100783,100"
2019-06-28 10:23:20.000000000,BEST_BID,"JPM,100198,193"
2019-06-28 10:23:20.000000000,BEST_ASK,"JPM,100783,193"
2019-06-28 10:23:20.000000000,BEST_BID,"JPM,100198,193"
2019-06-28 10:23:20.000000000,BEST_ASK,"JPM,100783,193"
2019-06-28 10:23:20.000000000,BEST_BID,"JPM,100198,193"
2019-06-28 10:23:20.000000000,BEST_ASK,"JPM,100783,193"
2019-06-28 10:23:20.000000000,BEST_BID,"JPM,100198,193"
2019-06-28 10:23:20.000000000,BEST_ASK,"JPM,100783,193"
2019-06-28 10:23:22.218178903,QUERY_SPREAD,31
2019-06-28 10:23:22.218178903,BEST_BID,"JPM,100739,100"
2019-06-28 10:23:22.218178903,BEST_ASK,"JPM,100783,93"
2019-06-28 10:23:30.000000000,QUERY_SPREAD,1
2019-06-28 10:23:30.000000000,BEST_BID,"JPM,100739,286"
2019-06-28 10:23:30.000000000,BEST_ASK,"JPM,100947,100"
2019-06-28 10:23:30.000000000,BEST_BID,"JPM,100739,286"
2019-06-28 10:23:30.000000000,BEST_ASK,"JPM,100947,100"
2019-06-28 10:23:30.000000000,BEST_BID,"JPM,100739,286"
2019-06-28 10:23:30.000000000,BEST_ASK,"JPM,100947,286"
2019-06-28 10:23:30.000000000,BEST_BID,"JPM,100739,286"
2019-06-28 10:23:30.000000000,BEST_ASK,"JPM,100947,286"
2019-06-28 10:23:33.512516534,QUERY_SPREAD,44
2019-06-28 10:23:33.512516534,BEST_BID,"JPM,100739,286"
2019-06-28 10:23:33.512516534,BEST_ASK,"JPM,100868,100"
2019-06-28 10:23:35.614060667,QUERY_ORDER_STREAM,72
2019-06-28 10:23:35.614060667,QUERY_SPREAD,72
2019-06-28 10:23:36.142757744,QUERY_SPREAD,18
2019-06-28 10:23:36.142757744,BEST_BID,"JPM,100739,286"
2019-06-28 10:23:36.142757744,BEST_ASK,"JPM,100868,100"
2019-06-28 10:23:40.000000000,QUERY_SPREAD,1
2019-06-28 10:23:40.000000000,BEST_BID,"JPM,100739,471"
2019-06-28 10:23:40.000000000,BEST_ASK,"JPM,100868,100"
2019-06-28 10:23:40.000000000,BEST_BID,"JPM,100739,471"
2019-06-28 10:23:40.000000000,BEST_ASK,"JPM,100868,471"
2019-06-28 10:23:50.000000000,QUERY_SPREAD,1
2019-06-28 10:23:50.000000000,BEST_BID,"JPM,100739,226"
2019-06-28 10:23:50.000000000,BEST_ASK,"JPM,100868,100"
2019-06-28 10:23:50.000000000,BEST_BID,"JPM,100739,226"
2019-06-28 10:23:50.000000000,BEST_ASK,"JPM,100868,100"
2019-06-28 10:23:50.000000000,BEST_BID,"JPM,100739,226"
2019-06-28 10:23:50.000000000,BEST_ASK,"JPM,100868,100"
2019-06-28 10:23:50.000000000,BEST_BID,"JPM,100739,226"
2019-06-28 10:23:50.000000000,BEST_ASK,"JPM,100868,226"
2019-06-28 10:23:50.000000000,BEST_BID,"JPM,100739,226"
2019-06-28 10:23:50.000000000,BEST_ASK,"JPM,100868,226"
2019-06-28 10:23:50.000000000,BEST_BID,"JPM,100739,226"
2019-06-28 10:23:50.000000000,BEST_ASK,"JPM,100868,226"
2019-06-28 10:23:58.303809353,QUERY_SPREAD,21
2019-06-28 10:23:58.303809353,BEST_BID,"JPM,100739,226"
2019-06-28 10:23:58.303809353,BEST_ASK,"JPM,100868,226"
2019-06-28 10:24:00.000000000,QUERY_SPREAD,1
2019-06-28 10:24:00.000000000,BEST_BID,"JPM,100739,471"
2019-06-28 10:24:00.000000000,BEST_ASK,"JPM,100868,100"
2019-06-28 10:24:00.000000000,BEST_BID,"JPM,100739,471"
2019-06-28 10:24:00.000000000,BEST_ASK,"JPM,100868,471"
2019-06-28 10:24:00.000000000,QUERY_SPREAD,77
2019-06-28 10:24:00.000000000,BEST_BID,"JPM,100739,466"
2019-06-28 10:24:00.000000000,BEST_ASK,"JPM,100868,471"
2019-06-28 10:24:00.000000000,LAST_TRADE,"5,$100739.0000"
2019-06-28 10:24:00.000000000,QUERY_SPREAD,78
2019-06-28 10:24:00.000000000,BEST_BID,"JPM,100739,458"
2019-06-28 10:24:00.000000000,BEST_ASK,"JPM,100868,471"
2019-06-28 10:24:00.000000000,LAST_TRADE,"8,$100739.0000"
2019-06-28 10:24:00.000000000,QUERY_SPREAD,79
2019-06-28 10:24:00.000000000,BEST_BID,"JPM,100739,453"
2019-06-28 10:24:00.000000000,BEST_ASK,"JPM,100868,471"
2019-06-28 10:24:00.000000000,LAST_TRADE,"5,$100739.0000"
2019-06-28 10:24:00.000000000,QUERY_SPREAD,80
2019-06-28 10:24:00.000000000,BEST_BID,"JPM,100739,445"
2019-06-28 10:24:00.000000000,BEST_ASK,"JPM,100868,471"
2019-06-28 10:24:00.000000000,LAST_TRADE,"8,$100739.0000"
2019-06-28 10:24:00.000000000,QUERY_SPREAD,81
2019-06-28 10:24:00.000000000,BEST_BID,"JPM,100739,436"
2019-06-28 10:24:00.000000000,BEST_ASK,"JPM,100868,471"
2019-06-28 10:24:00.000000000,LAST_TRADE,"9,$100739.0000"
2019-06-28 10:24:00.000000000,QUERY_SPREAD,82
2019-06-28 10:24:00.000000000,BEST_BID,"JPM,100739,433"
2019-06-28 10:24:00.000000000,BEST_ASK,"JPM,100868,471"
2019-06-28 10:24:00.000000000,LAST_TRADE,"3,$100739.0000"
2019-06-28 10:24:00.000000000,QUERY_SPREAD,83
2019-06-28 10:24:00.000000000,BEST_BID,"JPM,100739,425"
2019-06-28 10:24:00.000000000,BEST_ASK,"JPM,100868,471"
2019-06-28 10:24:00.000000000,LAST_TRADE,"8,$100739.0000"
2019-06-28 10:24:00.000000000,QUERY_SPREAD,84
2019-06-28 10:24:00.000000000,BEST_BID,"JPM,100739,421"
2019-06-28 10:24:00.000000000,BEST_ASK,"JPM,100868,471"
2019-06-28 10:24:00.000000000,LAST_TRADE,"4,$100739.0000"
2019-06-28 10:24:00.000000000,QUERY_SPREAD,85
2019-06-28 10:24:00.000000000,BEST_BID,"JPM,100739,416"
2019-06-28 10:24:00.000000000,BEST_ASK,"JPM,100868,471"
2019-06-28 10:24:00.000000000,LAST_TRADE,"5,$100739.0000"
2019-06-28 10:24:00.000000000,QUERY_SPREAD,86
2019-06-28 10:24:00.000000000,BEST_BID,"JPM,100739,414"
2019-06-28 10:24:00.000000000,BEST_ASK,"JPM,100868,471"
2019-06-28 10:24:00.000000000,LAST_TRADE,"2,$100739.0000"
2019-06-28 10:24:00.000000000,QUERY_SPREAD,87
2019-06-28 10:24:00.000000000,BEST_BID,"JPM,100739,407"
2019-06-28 10:24:00.000000000,BEST_ASK,"JPM,100868,471"
2019-06-28 10:24:00.000000000,LAST_TRADE,"7,$100739.0000"
2019-06-28 10:24:00.000000000,QUERY_SPREAD,88
2019-06-28 10:24:00.000000000,BEST_BID,"JPM,100739,399"
2019-06-28 10:24:00.000000000,BEST_ASK,"JPM,100868,471"
2019-06-28 10:24:00.000000000,LAST_TRADE,"8,$100739.0000"
2019-06-28 10:24:00.000000000,QUERY_SPREAD,89
2019-06-28 10:24:00.000000000,BEST_BID,"JPM,100739,394"
2019-06-28 10:24:00.000000000,BEST_ASK,"JPM,100868,471"
2019-06-28 10:24:00.000000000,LAST_TRADE,"5,$100739.0000"
2019-06-28 10:24:00.000000000,QUERY_SPREAD,90
2019-06-28 10:24:00.000000000,BEST_BID,"JPM,100739,390"
2019-06-28 10:24:00.000000000,BEST_ASK,"JPM,100868,471"
2019-06-28 10:24:00.000000000,LAST_TRADE,"4,$100739.0000"
2019-06-28 10:24:00.000000000,QUERY_SPREAD,91
2019-06-28 10:24:00.000000000,BEST_BID,"JPM,100739,387"
2019-06-28 10:24:00.000000000,BEST_ASK,"JPM,100868,471"
2019-06-28 10:24:00.000000000,LAST_TRADE,"3,$100739.0000"
2019-06-28 10:24:00.000000000,QUERY_SPREAD,92
2019-06-28 10:24:00.000000000,BEST_BID,"JPM,100739,382"
2019-06-28 10:24:00.000000000,BEST_ASK,"JPM,100868,471"
2019-06-28 10:24:00.000000000,LAST_TRADE,"5,$100739.0000"
2019-06-28 10:24:00.000000000,QUERY_SPREAD,93
2019-06-28 10:24:00.000000000,BEST_BID,"JPM,100739,375"
2019-06-28 10:24:00.000000000,BEST_ASK,"JPM,100868,471"
2019-06-28 10:24:00.000000000,LAST_TRADE,"7,$100739.0000"
2019-06-28 10:24:00.000000000,QUERY_SPREAD,94
2019-06-28 10:24:00.000000000,BEST_BID,"JPM,100739,374"
2019-06-28 10:24:00.000000000,BEST_ASK,"JPM,100868,471"
2019-06-28 10:24:00.000000000,LAST_TRADE,"1,$100739.0000"
2019-06-28 10:24:00.000000000,QUERY_SPREAD,95
2019-06-28 10:24:00.000000000,BEST_BID,"JPM,100739,373"
2019-06-28 10:24:00.000000000,BEST_ASK,"JPM,100868,471"
2019-06-28 10:24:00.000000000,LAST_TRADE,"1,$100739.0000"
2019-06-28 10:24:00.000000000,QUERY_SPREAD,96
2019-06-28 10:24:00.000000000,BEST_BID,"JPM,100739,369"
2019-06-28 10:24:00.000000000,BEST_ASK,"JPM,100868,471"
2019-06-28 10:24:00.000000000,LAST_TRADE,"4,$100739.0000"
2019-06-28 10:24:00.000000000,QUERY_SPREAD,97
2019-06-28 10:24:00.000000000,BEST_BID,"JPM,100739,366"
2019-06-28 10:24:00.000000000,BEST_ASK,"JPM,100868,471"
2019-06-28 10:24:00.000000000,LAST_TRADE,"3,$100739.0000"
2019-06-28 10:24:00.000000000,QUERY_SPREAD,98
2019-06-28 10:24:00.000000000,BEST_BID,"JPM,100739,361"
2019-06-28 10:24:00.000000000,BEST_ASK,"JPM,100868,471"
2019-06-28 10:24:00.000000000,LAST_TRADE,"5,$100739.0000"
2019-06-28 10:24:00.000000000,QUERY_SPREAD,99
2019-06-28 10:24:00.000000000,BEST_BID,"JPM,100739,357"
2019-06-28 10:24:00.000000000,BEST_ASK,"JPM,100868,471"
2019-06-28 10:24:00.000000000,LAST_TRADE,"4,$100739.0000"
2019-06-28 10:24:00.000000000,QUERY_SPREAD,100
2019-06-28 10:24:00.000000000,BEST_BID,"JPM,100739,352"
2019-06-28 10:24:00.000000000,BEST_ASK,"JPM,100868,471"
2019-06-28 10:24:00.000000000,LAST_TRADE,"5,$100739.0000"
2019-06-28 10:24:00.000000000,QUERY_SPREAD,101
2019-06-28 10:24:10.000000000,QUERY_SPREAD,1
2019-06-28 10:24:10.000000000,BEST_BID,"JPM,100729,193"
2019-06-28 10:24:10.000000000,BEST_ASK,"JPM,100868,100"
2019-06-28 10:24:10.000000000,BEST_BID,"JPM,100729,193"
2019-06-28 10:24:10.000000000,BEST_ASK,"JPM,100868,100"
2019-06-28 10:24:10.000000000,BEST_BID,"JPM,100729,193"
2019-06-28 10:24:10.000000000,BEST_ASK,"JPM,100868,100"
2019-06-28 10:24:10.000000000,BEST_BID,"JPM,100729,193"
2019-06-28 10:24:10.000000000,BEST_ASK,"JPM,100868,100"
2019-06-28 10:24:10.000000000,BEST_BID,"JPM,100729,193"
2019-06-28 10:24:10.000000000,BEST_ASK,"JPM,100868,193"
2019-06-28 10:24:10.000000000,BEST_BID,"JPM,100729,193"
2019-06-28 10:24:10.000000000,BEST_ASK,"JPM,100868,193"
2019-06-28 10:24:10.000000000,BEST_BID,"JPM,100729,193"
2019-06-28 10:24:10.000000000,BEST_ASK,"JPM,100868,193"
2019-06-28 10:24:10.000000000,BEST_BID,"JPM,100729,193"
2019-06-28 10:24:10.000000000,BEST_ASK,"JPM,100868,193"
2019-06-28 10:24:20.000000000,QUERY_SPREAD,1
2019-06-28 10:24:20.000000000,BEST_BID,"JPM,100729,471"
2019-06-28 10:24:20.000000000,BEST_ASK,"JPM,100868,100"
2019-06-28 10:24:20.000000000,BEST_BID,"JPM,100729,471"
2019-06-28 10:24:20.000000000,BEST_ASK,"JPM,100868,471"
2019-06-28 10:24:24.599081569,QUERY_SPREAD,5
2019-06-28 10:24:24.599081569,BEST_BID,"JPM,100729,371"
2019-06-28 10:24:24.599081569,BEST_ASK,"JPM,100868,471"
2019-06-28 10:24:24.599081569,LAST_TRADE,"100,$100729.0000"
2019-06-28 10:24:30.000000000,QUERY_SPREAD,1
2019-06-28 10:24:30.000000000,BEST_BID,"JPM,100281,286"
2019-06-28 10:24:30.000000000,BEST_ASK,"JPM,100868,100"
2019-06-28 10:24:30.000000000,BEST_BID,"JPM,100281,286"
2019-06-28 10:24:30.000000000,BEST_ASK,"JPM,100868,100"
2019-06-28 10:24:30.000000000,BEST_BID,"JPM,100281,286"
2019-06-28 10:24:30.000000000,BEST_ASK,"JPM,100868,286"
2019-06-28 10:24:30.000000000,BEST_BID,"JPM,100281,286"
2019-06-28 10:24:30.000000000,BEST_ASK,"JPM,100868,286"
2019-06-28 10:24:40.000000000,QUERY_SPREAD,1
2019-06-28 10:24:40.000000000,BEST_BID,"JPM,100281,471"
2019-06-28 10:24:40.000000000,BEST_ASK,"JPM,100868,100"
2019-06-28 10:24:40.000000000,BEST_BID,"JPM,100281,471"
2019-06-28 10:24:40.000000000,BEST_ASK,"JPM,100868,471"
2019-06-28 10:24:50.000000000,QUERY_SPREAD,1
2019-06-28 10:24:50.000000000,BEST_BID,"JPM,100281,174"
2019-06-28 10:24:50.000000000,BEST_ASK,"JPM,100868,100"
2019-06-28 10:24:50.000000000,BEST_BID,"JPM,100281,174"
2019-06-28 10:24:50.000000000,BEST_ASK,"JPM,100868,100"
2019-06-28 10:24:50.000000000,BEST_BID,"JPM,100281,174"
2019-06-28 10:24:50.000000000,BEST_ASK,"JPM,100868,100"
2019-06-28 10:24:50.000000000,BEST_BID,"JPM,100281,174"
2019-06-28 10:24:50.000000000,BEST_ASK,"JPM,100868,100"
2019-06-28 10:24:50.000000000,BEST_BID,"JPM,100281,174"
2019-06-28 10:24:50.000000000,BEST_ASK,"JPM,100868,100"
2019-06-28 10:24:50.000000000,BEST_BID,"JPM,100281,174"
2019-06-28 10:24:50.000000000,BEST_ASK,"JPM,100868,174"
2019-06-28 10:24:50.000000000,BEST_BID,"JPM,100281,174"
2019-06-28 10:24:50.000000000,BEST_ASK,"JPM,100868,174"
2019-06-28 10:24:50.000000000,BEST_BID,"JPM,100281,174"
2019-06-28 10:24:50.000000000,BEST_ASK,"JPM,100868,174"
2019-06-28 10:24:50.000000000,BEST_BID,"JPM,100281,174"
2019-06-28 10:24:50.000000000,BEST_ASK,"JPM,100868,174"
2019-06-28 10:24:50.000000000,BEST_BID,"JPM,100281,174"
2019-06-28 10:24:50.000000000,BEST_ASK,"JPM,100868,174"
2019-06-28 10:24:57.613369691,QUERY_ORDER_STREAM,71
2019-06-28 10:24:57.613369691,QUERY_SPREAD,71
2019-06-28 10:24:57.613369691,BEST_BID,"JPM,100281,174"
2019-06-28 10:24:57.613369691,BEST_ASK,"JPM,100739,100"
2019-06-28 10:25:00.000000000,QUERY_SPREAD,1
2019-06-28 10:25:00.000000000,BEST_BID,"JPM,100281,174"
2019-06-28 10:25:00.000000000,BEST_ASK,"JPM,100739,100"
2019-06-28 10:25:00.000000000,BEST_BID,"JPM,100281,174"
2019-06-28 10:25:00.000000000,BEST_ASK,"JPM,100739,100"
2019-06-28 10:25:00.000000000,BEST_BID,"JPM,100281,174"
2019-06-28 10:25:00.000000000,BEST_ASK,"JPM,100739,100"
2019-06-28 10:25:00.000000000,BEST_BID,"JPM,100281,174"
2019-06-28 10:25:00.000000000,BEST_ASK,"JPM,100739,100"
2019-06-28 10:25:00.000000000,BEST_BID,"JPM,100281,174"
2019-06-28 10:25:00.000000000,BEST_ASK,"JPM,100739,100"
2019-06-28 10:25:00.000000000,BEST_BID,"JPM,100281,174"
2019-06-28 10:25:00.000000000,BEST_ASK,"JPM,100739,174"
2019-06-28 10:25:00.000000000,BEST_BID,"JPM,100281,174"
2019-06-28 10:25:00.000000000,BEST_ASK,"JPM,100739,174"
2019-06-28 10:25:00.000000000,BEST_BID,"JPM,100281,174"
2019-06-28 10:25:00.000000000,BEST_ASK,"JPM,100739,174"
2019-06-28 10:25:00.000000000,BEST_BID,"JPM,100281,174"
2019-06-28 10:25:00.000000000,BEST_ASK,"JPM,100739,174"
2019-06-28 10:25:00.000000000,BEST_BID,"JPM,100281,174"
2019-06-28 10:25:00.000000000,BEST_ASK,"JPM,100739,174"
2019-06-28 10:25:00.000000000,QUERY_SPREAD,77
2019-06-28 10:25:00.000000000,BEST_BID,"JPM,100281,174"
2019-06-28 10:25:00.000000000,BEST_ASK,"JPM,100739,169"
2019-06-28 10:25:00.000000000,LAST_TRADE,"5,$100739.0000"
2019-06-28 10:25:00.000000000,QUERY_SPREAD,78
2019-06-28 10:25:00.000000000,BEST_BID,"JPM,100281,174"
2019-06-28 10:25:00.000000000,BEST_ASK,"JPM,100739,161"
2019-06-28 10:25:00.000000000,LAST_TRADE,"8,$100739.0000"
2019-06-28 10:25:00.000000000,QUERY_SPREAD,79
2019-06-28 10:25:00.000000000,BEST_BID,"JPM,100281,174"
2019-06-28 10:25:00.000000000,BEST_ASK,"JPM,100739,156"
2019-06-28 10:25:00.000000000,LAST_TRADE,"5,$100739.0000"
2019-06-28 10:25:00.000000000,QUERY_SPREAD,80
2019-06-28 10:25:00.000000000,BEST_BID,"JPM,100281,174"
2019-06-28 10:25:00.000000000,BEST_ASK,"JPM,100739,148"
2019-06-28 10:25:00.000000000,LAST_TRADE,"8,$100739.0000"
2019-06-28 10:25:00.000000000,QUERY_SPREAD,81
2019-06-28 10:25:00.000000000,BEST_BID,"JPM,100281,174"
2019-06-28 10:25:00.000000000,BEST_ASK,"JPM,100739,139"
2019-06-28 10:25:00.000000000,LAST_TRADE,"9,$100739.0000"
2019-06-28 10:25:00.000000000,QUERY_SPREAD,82
2019-06-28 10:25:00.000000000,BEST_BID,"JPM,100281,174"
2019-06-28 10:25:00.000000000,BEST_ASK,"JPM,100739,136"
2019-06-28 10:25:00.000000000,LAST_TRADE,"3,$100739.0000"
2019-06-28 10:25:00.000000000,QUERY_SPREAD,83
2019-06-28 10:25:00.000000000,BEST_BID,"JPM,100281,174"
2019-06-28 10:25:00.000000000,BEST_ASK,"JPM,100739,128"
2019-06-28 10:25:00.000000000,LAST_TRADE,"8,$100739.0000"
2019-06-28 10:25:00.000000000,QUERY_SPREAD,84
2019-06-28 10:25:00.000000000,BEST_BID,"JPM,100281,174"
2019-06-28 10:25:00.000000000,BEST_ASK,"JPM,100739,124"
2019-06-28 10:25:00.000000000,LAST_TRADE,"4,$100739.0000"
2019-06-28 10:25:00.000000000,QUERY_SPREAD,85
2019-06-28 10:25:00.000000000,BEST_BID,"JPM,100281,174"
2019-06-28 10:25:00.000000000,BEST_ASK,"JPM,100739,119"
2019-06-28 10:25:00.000000000,LAST_TRADE,"5,$100739.0000"
2019-06-28 10:25:00.000000000,QUERY_SPREAD,86
2019-06-28 10:25:00.000000000,BEST_BID,"JPM,100281,174"
2019-06-28 10:25:00.000000000,BEST_ASK,"JPM,100739,117"
2019-06-28 10:25:00.000000000,LAST_TRADE,"2,$100739.0000"
2019-06-28 10:25:00.000000000,QUERY_SPREAD,87
2019-06-28 10:25:00.000000000,BEST_BID,"JPM,100281,174"
2019-06-28 10:25:00.000000000,BEST_ASK,"JPM,100739,110"
2019-06-28 10:25:00.000000000,LAST_TRADE,"7,$100739.0000"
2019-06-28 10:25:00.000000000,QUERY_SPREAD,88
2019-06-28 10:25:00.000000000,BEST_BID,"JPM,100281,174"
2019-06-28 10:25:00.000000000,BEST_ASK,"JPM,100739,102"
2019-06-28 10:25:00.000000000,LAST_TRADE,"8,$100739.0000"
2019-06-28 10:25:00.000000000,QUERY_SPREAD,89
2019-06-28 10:25:00.000000000,BEST_BID,"JPM,100281,174"
2019-06-28 10:25:00.000000000,BEST_ASK,"JPM,100739,97"
2019-06-28 10:25:00.000000000,LAST_TRADE,"5,$100739.0000"
2019-06-28 10:25:00.000000000,QUERY_SPREAD,90
2019-06-28 10:25:00.000000000,BEST_BID,"JPM,100281,174"
2019-06-28 10:25:00.000000000,BEST_ASK,"JPM,100739,93"
2019-06-28 10:25:00.000000000,LAST_TRADE,"4,$100739.0000"
2019-06-28 10:25:00.000000000,QUERY_SPREAD,91
2019-06-28 10:25:00.000000000,BEST_BID,"JPM,100281,174"
2019-06-28 10:25:00.000000000,BEST_ASK,"JPM,100739,90"
2019-06-28 10:25:00.000000000,LAST_TRADE,"3,$100739.0000"
2019-06-28 10:25:00.000000000,QUERY_SPREAD,92
2019-06-28 10:25:00.000000000,BEST_BID,"JPM,100281,174"
2019-06-28 10:25:00.000000000,BEST_ASK,"JPM,100739,85"
2019-06-28 10:25:00.000000000,LAST_TRADE,"5,$100739.0000"
2019-06-28 10:25:00.000000000,QUERY_SPREAD,93
2019-06-28 10:25:00.000000000,BEST_BID,"JPM,100281,174"
2019-06-28 10:25:00.000000000,BEST_ASK,"JPM,100739,78"
2019-06-28 10:25:00.000000000,LAST_TRADE,"7,$100739.0000"
2019-06-28 10:25:00.000000000,QUERY_SPREAD,94
2019-06-28 10:25:00.000000000,BEST_BID,"JPM,100281,174"
2019-06-28 10:25:00.000000000,BEST_ASK,"JPM,100739,77"
2019-06-28 10:25:00.000000000,LAST_TRADE,"1,$100739.0000"
2019-06-28 10:25:00.000000000,QUERY_SPREAD,95
2019-06-28 10:25:00.000000000,BEST_BID,"JPM,100281,174"
2019-06-28 10:25:00.000000000,BEST_ASK,"JPM,100739,76"
2019-06-28 10:25:00.000000000,LAST_TRADE,"1,$100739.0000"
2019-06-28 10:25:00.000000000,QUERY_SPREAD,96
2019-06-28 10:25:00.000000000,BEST_BID,"JPM,100281,174"
2019-06-28 10:25:00.000000000,BEST_ASK,"JPM,100739,72"
2019-06-28 10:25:00.000000000,LAST_TRADE,"4,$100739.0000"
2019-06-28 10:25:00.000000000,QUERY_SPREAD,97
2019-06-28 10:25:00.000000000,BEST_BID,"JPM,100281,174"
2019-06-28 10:25:00.000000000,BEST_ASK,"JPM,100739,69"
2019-06-28 10:25:00.000000000,LAST_TRADE,"3,$100739.0000"
2019-06-28 10:25:00.000000000,QUERY_SPREAD,98
2019-06-28 10:25:00.000000000,BEST_BID,"JPM,100281,174"
2019-06-28 10:25:00.000000000,BEST_ASK,"JPM,100739,64"
2019-06-28 10:25:00.000000000,LAST_TRADE,"5,$100739.0000"
2019-06-28 10:25:00.000000000,QUERY_SPREAD,99
2019-06-28 10:25:00.000000000,BEST_BID,"JPM,100281,174"
2019-06-28 10:25:00.000000000,BEST_ASK,"JPM,100739,60"
2019-06-28 10:25:00.000000000,LAST_TRADE,"4,$100739.0000"
2019-06-28 10:25:00.000000000,QUERY_SPREAD,100
2019-06-28 10:25:00.000000000,BEST_BID,"JPM,100281,174"
2019-06-28 10:25:00.000000000,BEST_ASK,"JPM,100739,55"
2019-06-28 10:25:00.000000000,LAST_TRADE,"5,$100739.0000"
2019-06-28 10:25:00.000000000,QUERY_SPREAD,101
2019-06-28 10:25:04.741994182,QUERY_SPREAD,28
2019-06-28 10:25:04.741994182,BEST_BID,"JPM,100369,100"
2019-06-28 10:25:04.741994182,BEST_ASK,"JPM,100739,55"
2019-06-28 10:25:10.000000000,QUERY_SPREAD,1
2019-06-28 10:25:10.000000000,BEST_BID,"JPM,100369,174"
2019-06-28 10:25:10.000000000,BEST_ASK,"JPM,100868,100"
2019-06-28 10:25:10.000000000,BEST_BID,"JPM,100369,174"
2019-06-28 10:25:10.000000000,BEST_ASK,"JPM,100868,100"
2019-06-28 10:25:10.000000000,BEST_BID,"JPM,100369,174"
2019-06-28 10:25:10.000000000,BEST_ASK,"JPM,100868,100"
2019-06-28 10:25:10.000000000,BEST_BID,"JPM,100369,174"
2019-06-28 10:25:10.000000000,BEST_ASK,"JPM,100868,100"
2019-06-28 10:25:10.000000000,BEST_BID,"JPM,100369,174"
2019-06-28 10:25:10.000000000,BEST_ASK,"JPM,100868,100"
2019-06-28 10:25:10.000000000,BEST_BID,"JPM,100369,174"
2019-06-28 10:25:10.000000000,BEST_ASK,"JPM,100868,174"
2019-06-28 10:25:10.000000000,BEST_BID,"JPM,100369,174"
2019-06-28 10:25:10.000000000,BEST_ASK,"JPM,100868,174"
2019-06-28 10:25:10.000000000,BEST_BID,"JPM,100369,174"
2019-06-28 10:25:10.000000000,BEST_ASK,"JPM,100868,174"
2019-06-28 10:25:10.000000000,BEST_BID,"JPM,100369,174"
2019-06-28 10:25:10.000000000,BEST_ASK,"JPM,100868,174"
2019-06-28 10:25:10.000000000,BEST_BID,"JPM,100369,174"
2019-06-28 10:25:10.000000000,BEST_ASK,"JPM,100868,174"
2019-06-28 10:25:12.845006212,QUERY_SPREAD,23
2019-06-28 10:25:12.845006212,BEST_BID,"JPM,100409,100"
2019-06-28 10:25:12.845006212,BEST_ASK,"JPM,100868,174"
2019-06-28 10:25:20.000000000,QUERY_SPREAD,1
2019-06-28 10:25:20.000000000,BEST_BID,"JPM,100409,471"
2019-06-28 10:25:20.000000000,BEST_ASK,"JPM,100868,100"
2019-06-28 10:25:20.000000000,BEST_BID,"JPM,100409,471"
2019-06-28 10:25:20.000000000,BEST_ASK,"JPM,100868,471"
2019-06-28 10:25:30.000000000,QUERY_SPREAD,1
2019-06-28 10:25:30.000000000,BEST_BID,"JPM,100409,226"
2019-06-28 10:25:30.000000000,BEST_ASK,"JPM,100868,100"
2019-06-28 10:25:30.000000000,BEST_BID,"JPM,100409,226"
2019-06-28 10:25:30.000000000,BEST_ASK,"JPM,100868,100"
2019-06-28 10:25:30.000000000,BEST_BID,"JPM,100409,226"
2019-06-28 10:25:30.000000000,BEST_ASK,"JPM,100868,100"
2019-06-28 10:25:30.000000000,BEST_BID,"JPM,100409,226"
2019-06-28 10:25:30.000000000,BEST_ASK,"JPM,100868,226"
2019-06-28 10:25:30.000000000,BEST_BID,"JPM,100409,226"
2019-06-28 10:25:30.000000000,BEST_ASK,"JPM,100868,226"
2019-06-28 10:25:30.000000000,BEST_BID,"JPM,100409,226"
2019-06-28 10:25:30.000000000,BEST_ASK,"JPM,100868,226"
2019-06-28 10:25:38.437980360,QUERY_SPREAD,11
2019-06-28 10:25:38.437980360,BEST_BID,"JPM,100409,126"
2019-06-28 10:25:38.437980360,BEST_ASK,"JPM,100868,226"
2019-06-28 10:25:38.437980360,LAST_TRADE,"100,$100409.0000"
2019-06-28 10:25:40.000000000,QUERY_SPREAD,1
2019-06-28 10:25:40.000000000,BEST_BID,"JPM,100369,174"
2019-06-28 10:25:40.000000000,BEST_ASK,"JPM,100868,100"
2019-06-28 10:25:40.000000000,BEST_BID,"JPM,100369,174"
2019-06-28 10:25:40.000000000,BEST_ASK,"JPM,100868,100"
2019-06-28 10:25:40.000000000,BEST_BID,"JPM,100369,174"
2019-06-28 10:25:40.000000000,BEST_ASK,"JPM,100868,100"
2019-06-28 10:25:40.000000000,BEST_BID,"JPM,100369,174"
2019-06-28 10:25:40.000000000,BEST_ASK,"JPM,100868,100"
2019-06-28 10:25:40.000000000,BEST_BID,"JPM,100369,174"
2019-06-28 10:25:40.000000000,BEST_ASK,"JPM,100868,100"
2019-06-28 10:25:40.000000000,BEST_BID,"JPM,100369,174"
2019-06-28 10:25:40.000000000,BEST_ASK,"JPM,100868,174"
2019-06-28 10:25:40.000000000,BEST_BID,"JPM,100369,174"
2019-06-28 10:25:40.000000000,BEST_ASK,"JPM,100868,174"
2019-06-28 10:25:40.000000000,BEST_BID,"JPM,100369,174"
2019-06-28 10:25:40.000000000,BEST_ASK,"JPM,100868,174"
2019-06-28 10:25:40.000000000,BEST_BID,"JPM,100369,174"
2019-06-28 10:25:40.000000000,BEST_ASK,"JPM,100868,174"
2019-06-28 10:25:40.000000000,BEST_BID,"JPM,100369,174"
2019-06-28 10:25:40.000000000,BEST_ASK,"JPM,100868,174"
2019-06-28 10:25:50.000000000,QUERY_SPREAD,1
2019-06-28 10:25:50.000000000,BEST_BID,"JPM,100369,471"
2019-06-28 10:25:50.000000000,BEST_ASK,"JPM,100868,100"
2019-06-28 10:25:50.000000000,BEST_BID,"JPM,100369,471"
2019-06-28 10:25:50.000000000,BEST_ASK,"JPM,100868,471"
2019-06-28 10:26:00.000000000,QUERY_SPREAD,1
2019-06-28 10:26:00.000000000,BEST_BID,"JPM,100369,471"
2019-06-28 10:26:00.000000000,BEST_ASK,"JPM,100868,100"
2019-06-28 10:26:00.000000000,BEST_BID,"JPM,100369,471"
2019-06-28 10:26:00.000000000,BEST_ASK,"JPM,100868,471"
2019-06-28 10:26:00.000000000,QUERY_SPREAD,77
2019-06-28 10:26:00.000000000,BEST_BID,"JPM,100369,471"
2019-06-28 10:26:00.000000000,BEST_ASK,"JPM,100868,466"
2019-06-28 10:26:00.000000000,LAST_TRADE,"5,$100868.0000"
2019-06-28 10:26:00.000000000,QUERY_SPREAD,78
2019-06-28 10:26:00.000000000,BEST_BID,"JPM,100369,471"
2019-06-28 10:26:00.000000000,BEST_ASK,"JPM,100868,458"
2019-06-28 10:26:00.000000000,LAST_TRADE,"8,$100868.0000"
2019-06-28 10:26:00.000000000,QUERY_SPREAD,79
2019-06-28 10:26:00.000000000,BEST_BID,"JPM,100369,471"
2019-06-28 10:26:00.000000000,BEST_ASK,"JPM,100868,453"
2019-06-28 10:26:00.000000000,LAST_TRADE,"5,$100868.0000"
2019-06-28 10:26:00.000000000,QUERY_SPREAD,80
2019-06-28 10:26:00.000000000,BEST_BID,"JPM,100369,471"
2019-06-28 10:26:00.000000000,BEST_ASK,"JPM,100868,445"
2019-06-28 10:26:00.000000000,LAST_TRADE,"8,$100868.0000"
2019-06-28 10:26:00.000000000,QUERY_SPREAD,81
2019-06-28 10:26:00.000000000,BEST_BID,"JPM,100369,471"
2019-06-28 10:26:00.000000000,BEST_ASK,"JPM,100868,436"
2019-06-28 10:26:00.000000000,LAST_TRADE,"9,$100868.0000"
2019-06-28 10:26:00.000000000,QUERY_SPREAD,82
2019-06-28 10:26:00.000000000,BEST_BID,"JPM,100369,471"
2019-06-28 10:26:00.000000000,BEST_ASK,"JPM,100868,433"
2019-06-28 10:26:00.000000000,LAST_TRADE,"3,$100868.0000"
2019-06-28 10:26:00.000000000,QUERY_SPREAD,83
2019-06-28 10:26:00.000000000,BEST_BID,"JPM,100369,471"
2019-06-28 10:26:00.000000000,BEST_ASK,"JPM,100868,425"
2019-06-28 10:26:00.000000000,LAST_TRADE,"8,$100868.0000"
2019-06-28 10:26:00.000000000,QUERY_SPREAD,84
2019-06-28 10:26:00.000000000,BEST_BID,"JPM,100369,471"
2019-06-28 10:26:00.000000000,BEST_ASK,"JPM,100868,421"
2019-06-28 10:26:00.000000000,LAST_TRADE,"4,$100868.0000"
2019-06-28 10:26:00.000000000,QUERY_SPREAD,85
2019-06-28 10:26:00.000000000,BEST_BID,"JPM,100369,471"
2019-06-28 10:26:00.000000000,BEST_ASK,"JPM,100868,416"
2019-06-28 10:26:00.000000000,LAST_TRADE,"5,$100868.0000"
2019-06-28 10:26:00.000000000,QUERY_SPREAD,86
2019-06-28 10:26:00.000000000,BEST_BID,"JPM,100369,471"
2019-06-28 10:26:00.000000000,BEST_ASK,"JPM,100868,414"
2019-06-28 10:26:00.000000000,LAST_TRADE,"2,$100868.0000"
2019-06-28 10:26:00.000000000,QUERY_SPREAD,87
2019-06-28 10:26:00.000000000,BEST_BID,"JPM,100369,471"
2019-06-28 10:26:00.000000000,BEST_ASK,"JPM,100868,407"
2019-06-28 10:26:00.000000000,LAST_TRADE,"7,$100868.0000"
2019-06-28 10:26:00.000000000,QUERY_SPREAD,88
2019-06-28 10:26:00.000000000,BEST_BID,"JPM,100369,471"
2019-06-28 10:26:00.000000000,BEST_ASK,"JPM,100868,399"
2019-06-28 10:26:00.000000000,LAST_TRADE,"8,$100868.0000"
2019-06-28 10:26:00.000000000,QUERY_SPREAD,89
2019-06-28 10:26:00.000000000,BEST_BID,"JPM,100369,471"
2019-06-28 10:26:00.000000000,BEST_ASK,"JPM,100868,394"
2019-06-28 10:26:00.000000000,LAST_TRADE,"5,$100868.0000"
2019-06-28 10:26:00.000000000,QUERY_SPREAD,90
2019-06-28 10:26:00.000000000,BEST_BID,"JPM,100369,471"
2019-06-28 10:26:00.000000000,BEST_ASK,"JPM,100868,390"
2019-06-28 10:26:00.000000000,LAST_TRADE,"4,$100868.0000"
2019-06-28 10:26:00.000000000,QUERY_SPREAD,91
2019-06-28 10:26:00.000000000,BEST_BID,"JPM,100369,471"
2019-06-28 10:26:00.000000000,BEST_ASK,"JPM,100868,387"
2019-06-28 10:26:00.000000000,LAST_TRADE,"3,$100868.0000"
2019-06-28 10:26:00.000000000,QUERY_SPREAD,92
2019-06-28 10:26:00.000000000,BEST_BID,"JPM,100369,471"
2019-06-28 10:26:00.000000000,BEST_ASK,"JPM,100868,382"
2019-06-28 10:26:00.000000000,LAST_TRADE,"5,$100868.0000"
2019-06-28 10:26:00.000000000,QUERY_SPREAD,93
2019-06-28 10:26:00.000000000,BEST_BID,"JPM,100369,471"
2019-06-28 10:26:00.000000000,BEST_ASK,"JPM,100868,375"
2019-06-28 10:26:00.000000000,LAST_TRADE,"7,$100868.0000"
2019-06-28 10:26:00.000000000,QUERY_SPREAD,94
2019-06-28 10:26:00.000000000,BEST_BID,"JPM,100369,471"
2019-06-28 10:26:00.000000000,BEST_ASK,"JPM,100868,374"
2019-06-28 10:26:00.000000000,LAST_TRADE,"1,$100868.0000"
2019-06-28 10:26:00.000000000,QUERY_SPREAD,95
2019-06-28 10:26:00.000000000,BEST_BID,"JPM,100369,471"
2019-06-28 10:26:00.000000000,BEST_ASK,"JPM,100868,373"
2019-06-28 10:26:00.000000000,LAST_TRADE,"1,$100868.0000"
2019-06-28 10:26:00.000000000,QUERY_SPREAD,96
2019-06-28 10:26:00.000000000,BEST_BID,"JPM,100369,471"
2019-06-28 10:26:00.000000000,BEST_ASK,"JPM,100868,369"
2019-06-28 10:26:00.000000000,LAST_TRADE,"4,$100868.0000"
2019-06-28 10:26:00.000000000,QUERY_SPREAD,97
2019-06-28 10:26:00.000000000,BEST_BID,"JPM,100369,471"
2019-06-28 10:26:00.000000000,BEST_ASK,"JPM,100868,366"
2019-06-28 10:26:00.000000000,LAST_TRADE,"3,$100868.0000"
2019-06-28 10:26:00.000000000,QUERY_SPREAD,98
2019-06-28 10:26:00.000000000,BEST_BID,"JPM,100369,471"
2019-06-28 10:26:00.000000000,BEST_ASK,"JPM,100868,361"
2019-06-28 10:26:00.000000000,LAST_TRADE,"5,$100868.0000"
2019-06-28 10:26:00.000000000,QUERY_SPREAD,99
2019-06-28 10:26:00.000000000,BEST_BID,"JPM,100369,471"
2019-06-28 10:26:00.000000000,BEST_ASK,"JPM,100868,357"
2019-06-28 10:26:00.000000000,LAST_TRADE,"4,$100868.0000"
2019-06-28 10:26:00.000000000,QUERY_SPREAD,100
2019-06-28 10:26:00.000000000,BEST_BID,"JPM,100369,471"
2019-06-28 10:26:00.000000000,BEST_ASK,"JPM,100868,352"
2019-06-28 10:26:00.000000000,LAST_TRADE,"5,$100868.0000"
2019-06-28 10:26:00.000000000,QUERY_SPREAD,101
2019-06-28 10:26:03.512256367,QUERY_SPREAD,47
2019-06-28 10:26:03.512256367,BEST_BID,"JPM,100369,371"
2019-06-28 10:26:03.512256367,BEST_ASK,"JPM,100868,352"
2019-06-28 10:26:03.512256367,LAST_TRADE,"100,$100369.0000"
2019-06-28 10:26:07.076113648,QUERY_SPREAD,50
2019-06-28 10:26:07.076113648,BEST_BID,"JPM,100369,371"
2019-06-28 10:26:07.076113648,BEST_ASK,"JPM,100868,352"
2019-06-28 10:26:10.000000000,QUERY_SPREAD,1
2019-06-28 10:26:10.000000000,BEST_BID,"JPM,100281,193"
2019-06-28 10:26:10.000000000,BEST_ASK,"JPM,100994,100"
2019-06-28 10:26:10.000000000,BEST_BID,"JPM,100281,193"
2019-06-28 10:26:10.000000000,BEST_ASK,"JPM,100994,100"
2019-06-28 10:26:10.000000000,BEST_BID,"JPM,100281,193"
2019-06-28 10:26:10.000000000,BEST_ASK,"JPM,100994,100"
2019-06-28 10:26:10.000000000,BEST_BID,"JPM,100281,193"
2019-06-28 10:26:10.000000000,BEST_ASK,"JPM,100994,100"
2019-06-28 10:26:10.000000000,BEST_BID,"JPM,100281,193"
2019-06-28 10:26:10.000000000,BEST_ASK,"JPM,100994,193"
2019-06-28 10:26:10.000000000,BEST_BID,"JPM,100281,193"
2019-06-28 10:26:10.000000000,BEST_ASK,"JPM,100994,193"
2019-06-28 10:26:10.000000000,BEST_BID,"JPM,100281,193"
2019-06-28 10:26:10.000000000,BEST_ASK,"JPM,100994,193"
2019-06-28 10:26:10.000000000,BEST_BID,"JPM,100281,193"
2019-06-28 10:26:10.000000000,BEST_ASK,"JPM,100994,193"
2019-06-28 10:26:20.000000000,QUERY_SPREAD,1
2019-06-28 10:26:20.000000000,BEST_BID,"JPM,100281,193"
2019-06-28 10:26:20.000000000,BEST_ASK,"JPM,100994,100"
2019-06-28 10:26:20.000000000,BEST_BID,"JPM,100281,193"
2019-06-28 10:26:20.000000000,BEST_ASK,"JPM,100994,100"
2019-06-28 10:26:20.000000000,BEST_BID,"JPM,100281,193"
2019-06-28 10:26:20.000000000,BEST_ASK,"JPM,100994,100"
2019-06-28 10:26:20.000000000,BEST_BID,"JPM,100281,193"
2019-06-28 10:26:20.000000000,BEST_ASK,"JPM,100994,100"
2019-06-28 10:26:20.000000000,BEST_BID,"JPM,100281,193"
2019-06-28 10:26:20.000000000,BEST_ASK,"JPM,100994,193"
2019-06-28 10:26:20.000000000,BEST_BID,"JPM,100281,193"
2019-06-28 10:26:20.000000000,BEST_ASK,"JPM,100994,193"
2019-06-28 10:26:20.000000000,BEST_BID,"JPM,100281,193"
2019-06-28 10:26:20.000000000,BEST_ASK,"JPM,100994,193"
2019-06-28 10:26:20.000000000,BEST_BID,"JPM,100281,193"
2019-06-28 10:26:20.000000000,BEST_ASK,"JPM,100994,193"
2019-06-28 10:26:28.180362084,QUERY_ORDER_STREAM,53
2019-06-28 10:26:28.180362084,QUERY_SPREAD,53
2019-06-28 10:26:28.180362084,BEST_BID,"JPM,100281,193"
2019-06-28 10:26:28.180362084,BEST_ASK,"JPM,100868,100"
2019-06-28 10:26:30.000000000,QUERY_SPREAD,1
2019-06-28 10:26:30.000000000,BEST_BID,"JPM,100281,286"
2019-06-28 10:26:30.000000000,BEST_ASK,"JPM,100868,100"
2019-06-28 10:26:30.000000000,BEST_BID,"JPM,100281,286"
2019-06-28 10:26:30.000000000,BEST_ASK,"JPM,100868,100"
2019-06-28 10:26:30.000000000,BEST_BID,"JPM,100281,286"
2019-06-28 10:26:30.000000000,BEST_ASK,"JPM,100868,286"
2019-06-28 10:26:30.000000000,BEST_BID,"JPM,100281,286"
2019-06-28 10:26:30.000000000,BEST_ASK,"JPM,100868,286"
2019-06-28 10:26:32.221502627,QUERY_SPREAD,34
2019-06-28 10:26:32.221502627,BEST_BID,"JPM,100281,286"
2019-06-28 10:26:32.221502627,BEST_ASK,"JPM,100868,286"
2019-06-28 10:26:32.257505492,QUERY_ORDER_STREAM,73
2019-06-28 10:26:32.257505492,QUERY_SPREAD,73
2019-06-28 10:26:35.050662719,QUERY_SPREAD,26
2019-06-28 10:26:35.050662719,BEST_BID,"JPM,100281,186"
2019-06-28 10:26:35.050662719,BEST_ASK,"JPM,100868,286"
2019-06-28 10:26:35.050662719,LAST_TRADE,"100,$100281.0000"
2019-06-28 10:26:40.000000000,QUERY_SPREAD,1
2019-06-28 10:26:40.000000000,BEST_BID,"JPM,100239,226"
2019-06-28 10:26:40.000000000,BEST_ASK,"JPM,100868,100"
2019-06-28 10:26:40.000000000,BEST_BID,"JPM,100239,226"
2019-06-28 10:26:40.000000000,BEST_ASK,"JPM,100868,100"
2019-06-28 10:26:40.000000000,BEST_BID,"JPM,100239,226"
2019-06-28 10:26:40.000000000,BEST_ASK,"JPM,100868,100"
2019-06-28 10:26:40.000000000,BEST_BID,"JPM,100239,226"
2019-06-28 10:26:40.000000000,BEST_ASK,"JPM,100868,226"
2019-06-28 10:26:40.000000000,BEST_BID,"JPM,100239,226"
2019-06-28 10:26:40.000000000,BEST_ASK,"JPM,100868,226"
2019-06-28 10:26:40.000000000,BEST_BID,"JPM,100239,226"
2019-06-28 10:26:40.000000000,BEST_ASK,"JPM,100868,226"
2019-06-28 10:26:48.504169098,QUERY_SPREAD,23
2019-06-28 10:26:48.504169098,BEST_BID,"JPM,100239,226"
2019-06-28 10:26:48.504169098,BEST_ASK,"JPM,100868,226"
2019-06-28 10:26:50.000000000,QUERY_SPREAD,1
2019-06-28 10:26:50.000000000,BEST_BID,"JPM,100239,193"
2019-06-28 10:26:50.000000000,BEST_ASK,"JPM,100868,100"
2019-06-28 10:26:50.000000000,BEST_BID,"JPM,100239,193"
2019-06-28 10:26:50.000000000,BEST_ASK,"JPM,100868,100"
2019-06-28 10:26:50.000000000,BEST_BID,"JPM,100239,193"
2019-06-28 10:26:50.000000000,BEST_ASK,"JPM,100868,100"
2019-06-28 10:26:50.000000000,BEST_BID,"JPM,100239,193"
2019-06-28 10:26:50.000000000,BEST_ASK,"JPM,100868,100"
2019-06-28 10:26:50.000000000,BEST_BID,"JPM,100239,193"
2019-06-28 10:26:50.000000000,BEST_ASK,"JPM,100868,193"
2019-06-28 10:26:50.000000000,BEST_BID,"JPM,100239,193"
2019-06-28 10:26:50.000000000,BEST_ASK,"JPM,100868,193"
2019-06-28 10:26:50.000000000,BEST_BID,"JPM,100239,193"
2019-06-28 10:26:50.000000000,BEST_ASK,"JPM,100868,193"
2019-06-28 10:26:50.000000000,BEST_BID,"JPM,100239,193"
2019-06-28 10:26:50.000000000,BEST_ASK,"JPM,100868,193"
2019-06-28 10:26:56.664928622,QUERY_ORDER_STREAM,59
2019-06-28 10:26:56.664928622,QUERY_SPREAD,59
2019-06-28 10:26:56.664928622,BEST_BID,"JPM,100239,193"
2019-06-28 10:26:56.664928622,BEST_ASK,"JPM,100369,100"
2019-06-28 10:27:00.000000000,QUERY_SPREAD,1
2019-06-28 10:27:00.000000000,BEST_BID,"JPM,100239,471"
2019-06-28 10:27:00.000000000,BEST_ASK,"JPM,100369,100"
2019-06-28 10:27:00.000000000,BEST_BID,"JPM,100239,471"
2019-06-28 10:27:00.000000000,BEST_ASK,"JPM,100369,471"
2019-06-28 10:27:00.000000000,QUERY_SPREAD,77
2019-06-28 10:27:00.000000000,BEST_BID,"JPM,100239,471"
2019-06-28 10:27:00.000000000,BEST_ASK,"JPM,100369,466"
2019-06-28 10:27:00.000000000,LAST_TRADE,"5,$100369.0000"
2019-06-28 10:27:00.000000000,QUERY_SPREAD,78
2019-06-28 10:27:00.000000000,BEST_BID,"JPM,100239,471"
2019-06-28 10:27:00.000000000,BEST_ASK,"JPM,100369,458"
2019-06-28 10:27:00.000000000,LAST_TRADE,"8,$100369.0000"
2019-06-28 10:27:00.000000000,QUERY_SPREAD,79
2019-06-28 10:27:00.000000000,BEST_BID,"JPM,100239,471"
2019-06-28 10:27:00.000000000,BEST_ASK,"JPM,100369,453"
2019-06-28 10:27:00.000000000,LAST_TRADE,"5,$100369.0000"
2019-06-28 10:27:00.000000000,QUERY_SPREAD,80
2019-06-28 10:27:00.000000000,BEST_BID,"JPM,100239,471"
2019-06-28 10:27:00.000000000,BEST_ASK,"JPM,100369,445"
2019-06-28 10:27:00.000000000,LAST_TRADE,"8,$100369.0000"
2019-06-28 10:27:00.000000000,QUERY_SPREAD,81
2019-06-28 10:27:00.000000000,BEST_BID,"JPM,100239,471"
2019-06-28 10:27:00.000000000,BEST_ASK,"JPM,100369,436"
2019-06-28 10:27:00.000000000,LAST_TRADE,"9,$100369.0000"
2019-06-28 10:27:00.000000000,QUERY_SPREAD,82
2019-06-28 10:27:00.000000000,BEST_BID,"JPM,100239,471"
2019-06-28 10:27:00.000000000,BEST_ASK,"JPM,100369,433"
2019-06-28 10:27:00.000000000,LAST_TRADE,"3,$100369.0000"
2019-06-28 10:27:00.000000000,QUERY_SPREAD,83
2019-06-28 10:27:00.000000000,BEST_BID,"JPM,100239,471"
2019-06-28 10:27:00.000000000,BEST_ASK,"JPM,100369,425"
2019-06-28 10:27:00.000000000,LAST_TRADE,"8,$100369.0000"
2019-06-28 10:27:00.000000000,QUERY_SPREAD,84
2019-06-28 10:27:00.000000000,BEST_BID,"JPM,100239,471"
2019-06-28 10:27:00.000000000,BEST_ASK,"JPM,100369,421"
2019-06-28 10:27:00.000000000,LAST_TRADE,"4,$100369.0000"
2019-06-28 10:27:00.000000000,QUERY_SPREAD,85
2019-06-28 10:27:00.000000000,BEST_BID,"JPM,100239,471"
2019-06-28 10:27:00.000000000,BEST_ASK,"JPM,100369,416"
2019-06-28 10:27:00.000000000,LAST_TRADE,"5,$100369.0000"
2019-06-28 10:27:00.000000000,QUERY_SPREAD,86
2019-06-28 10:27:00.000000000,BEST_BID,"JPM,100239,471"
2019-06-28 10:27:00.000000000,BEST_ASK,"JPM,100369,414"
2019-06-28 10:27:00.000000000,LAST_TRADE,"2,$100369.0000"
2019-06-28 10:27:00.000000000,QUERY_SPREAD,87
2019-06-28 10:27:00.000000000,BEST_BID,"JPM,100239,471"
2019-06-28 10:27:00.000000000,BEST_ASK,"JPM,100369,407"
2019-06-28 10:27:00.000000000,LAST_TRADE,"7,$100369.0000"
2019-06-28 10:27:00.000000000,QUERY_SPREAD,88
2019-06-28 10:27:00.000000000,BEST_BID,"JPM,100239,471"
2019-06-28 10:27:00.000000000,BEST_ASK,"JPM,100369,399"
2019-06-28 10:27:00.000000000,LAST_TRADE,"8,$100369.0000"
2019-06-28 10:27:00.000000000,QUERY_SPREAD,89
2019-06-28 10:27:00.000000000,BEST_BID,"JPM,100239,471"
2019-06-28 10:27:00.000000000,BEST_ASK,"JPM,100369,394"
2019-06-28 10:27:00.000000000,LAST_TRADE,"5,$100369.0000"
2019-06-28 10:27:00.000000000,QUERY_SPREAD,90
2019-06-28 10:27:00.000000000,BEST_BID,"JPM,100239,471"
2019-06-28 10:27:00.000000000,BEST_ASK,"JPM,100369,390"
2019-06-28 10:27:00.000000000,LAST_TRADE,"4,$100369.0000"
2019-06-28 10:27:00.000000000,QUERY_SPREAD,91
2019-06-28 10:27:00.000000000,BEST_BID,"JPM,100239,471"
2019-06-28 10:27:00.000000000,BEST_ASK,"JPM,100369,387"
2019-06-28 10:27:00.000000000,LAST_TRADE,"3,$100369.0000"
2019-06-28 10:27:00.000000000,QUERY_SPREAD,92
2019-06-28 10:27:00.000000000,BEST_BID,"JPM,100239,471"
2019-06-28 10:27:00.000000000,BEST_ASK,"JPM,100369,382"
2019-06-28 10:27:00.000000000,LAST_TRADE,"5,$100369.0000"
2019-06-28 10:27:00.000000000,QUERY_SPREAD,93
2019-06-28 10:27:00.000000000,BEST_BID,"JPM,100239,471"
2019-06-28 10:27:00.000000000,BEST_ASK,"JPM,100369,375"
2019-06-28 10:27:00.000000000,LAST_TRADE,"7,$100369.0000"
2019-06-28 10:27:00.000000000,QUERY_SPREAD,94
2019-06-28 10:27:00.000000000,BEST_BID,"JPM,100239,471"
2019-06-28 10:27:00.000000000,BEST_ASK,"JPM,100369,374"
2019-06-28 10:27:00.000000000,LAST_TRADE,"1,$100369.0000"
2019-06-28 10:27:00.000000000,QUERY_SPREAD,95
2019-06-28 10:27:00.000000000,BEST_BID,"JPM,100239,471"
2019-06-28 10:27:00.000000000,BEST_ASK,"JPM,100369,373"
2019-06-28 10:27:00.000000000,LAST_TRADE,"1,$100369.0000"
2019-06-28 10:27:00.000000000,QUERY_SPREAD,96
2019-06-28 10:27:00.000000000,BEST_BID,"JPM,100239,471"
2019-06-28 10:27:00.000000000,BEST_ASK,"JPM,100369,369"
2019-06-28 10:27:00.000000000,LAST_TRADE,"4,$100369.0000"
2019-06-28 10:27:00.000000000,QUERY_SPREAD,97
2019-06-28 10:27:00.000000000,BEST_BID,"JPM,100239,471"
2019-06-28 10:27:00.000000000,BEST_ASK,"JPM,100369,366"
2019-06-28 10:27:00.000000000,LAST_TRADE,"3,$100369.0000"
2019-06-28 10:27:00.000000000,QUERY_SPREAD,98
2019-06-28 10:27:00.000000000,BEST_BID,"JPM,100239,471"
2019-06-28 10:27:00.000000000,BEST_ASK,"JPM,100369,361"
2019-06-28 10:27:00.000000000,LAST_TRADE,"5,$100369.0000"
2019-06-28 10:27:00.000000000,QUERY_SPREAD,99
2019-06-28 10:27:00.000000000,BEST_BID,"JPM,100239,471"
2019-06-28 10:27:00.000000000,BEST_ASK,"JPM,100369,357"
2019-06-28 10:27:00.000000000,LAST_TRADE,"4,$100369.0000"
2019-06-28 10:27:00.000000000,QUERY_SPREAD,100
2019-06-28 10:27:00.000000000,BEST_BID,"JPM,100239,471"
2019-06-28 10:27:00.000000000,BEST_ASK,"JPM,100369,352"
2019-06-28 10:27:00.000000000,LAST_TRADE,"5,$100369.0000"
2019-06-28 10:27:00.000000000,QUERY_SPREAD,101
2019-06-28 10:27:06.637754948,QUERY_SPREAD,4
2019-06-28 10:27:06.637754948,BEST_BID,"JPM,100239,471"
2019-06-28 10:27:06.637754948,BEST_ASK,"JPM,100369,352"
2019-06-28 10:27:10.000000000,QUERY_SPREAD,1
2019-06-28 10:27:10.000000000,BEST_BID,"JPM,100239,226"
2019-06-28 10:27:10.000000000,BEST_ASK,"JPM,100868,100"
2019-06-28 10:27:10.000000000,BEST_BID,"JPM,100239,226"
2019-06-28 10:27:10.000000000,BEST_ASK,"JPM,100868,100"
2019-06-28 10:27:10.000000000,BEST_BID,"JPM,100239,226"
2019-06-28 10:27:10.000000000,BEST_ASK,"JPM,100868,100"
2019-06-28 10:27:10.000000000,BEST_BID,"JPM,100239,226"
2019-06-28 10:27:10.000000000,BEST_ASK,"JPM,100868,226"
2019-06-28 10:27:10.000000000,BEST_BID,"JPM,100239,226"
2019-06-28 10:27:10.000000000,BEST_ASK,"JPM,100868,226"
2019-06-28 10:27:10.000000000,BEST_BID,"JPM,100239,226"
2019-06-28 10:27:10.000000000,BEST_ASK,"JPM,100868,226"
2019-06-28 10:27:20.000000000,QUERY_SPREAD,1
2019-06-28 10:27:20.000000000,BEST_BID,"JPM,100239,174"
2019-06-28 10:27:20.000000000,BEST_ASK,"JPM,100868,100"
2019-06-28 10:27:20.000000000,BEST_BID,"JPM,100239,174"
2019-06-28 10:27:20.000000000,BEST_ASK,"JPM,100868,100"
2019-06-28 10:27:20.000000000,BEST_BID,"JPM,100239,174"
2019-06-28 10:27:20.000000000,BEST_ASK,"JPM,100868,100"
2019-06-28 10:27:20.000000000,BEST_BID,"JPM,100239,174"
2019-06-28 10:27:20.000000000,BEST_ASK,"JPM,100868,100"
2019-06-28 10:27:20.000000000,BEST_BID,"JPM,100239,174"
2019-06-28 10:27:20.000000000,BEST_ASK,"JPM,100868,100"
2019-06-28 10:27:20.000000000,BEST_BID,"JPM,100239,174"
2019-06-28 10:27:20.000000000,BEST_ASK,"JPM,100868,174"
2019-06-28 10:27:20.000000000,BEST_BID,"JPM,100239,174"
2019-06-28 10:27:20.000000000,BEST_ASK,"JPM,100868,174"
2019-06-28 10:27:20.000000000,BEST_BID,"JPM,100239,174"
2019-06-28 10:27:20.000000000,BEST_ASK,"JPM,100868,174"
2019-06-28 10:27:20.000000000,BEST_BID,"JPM,100239,174"
2019-06-28 10:27:20.000000000,BEST_ASK,"JPM,100868,174"
2019-06-28 10:27:20.000000000,BEST_BID,"JPM,100239,174"
2019-06-28 10:27:20.000000000,BEST_ASK,"JPM,100868,174"
2019-06-28 10:27:30.000000000,QUERY_SPREAD,1
2019-06-28 10:27:30.000000000,BEST_BID,"JPM,100239,286"
2019-06-28 10:27:30.000000000,BEST_ASK,"JPM,100868,100"
2019-06-28 10:27:30.000000000,BEST_BID,"JPM,100239,286"
2019-06-28 10:27:30.000000000,BEST_ASK,"JPM,100868,100"
2019-06-28 10:27:30.000000000,BEST_BID,"JPM,100239,286"
2019-06-28 10:27:30.000000000,BEST_ASK,"JPM,100868,286"
2019-06-28 10:27:30.000000000,BEST_BID,"JPM,100239,286"
2019-06-28 10:27:30.000000000,BEST_ASK,"JPM,100868,286"
2019-06-28 10:27:40.000000000,QUERY_SPREAD,1
2019-06-28 10:27:40.000000000,BEST_BID,"JPM,100239,286"
2019-06-28 10:27:40.000000000,BEST_ASK,"JPM,100868,100"
2019-06-28 10:27:40.000000000,BEST_BID,"JPM,100239,286"
2019-06-28 10:27:40.000000000,BEST_ASK,"JPM,100868,100"
2019-06-28 10:27:40.000000000,BEST_BID,"JPM,100239,286"
2019-06-28 10:27:40.000000000,BEST_ASK,"JPM,100868,286"
2019-06-28 10:27:40.000000000,BEST_BID,"JPM,100239,286"
2019-06-28 10:27:40.000000000,BEST_ASK,"JPM,100868,286"
2019-06-28 10:27:46.394676065,QUERY_SPREAD,12
2019-06-28 10:27:46.394676065,BEST_BID,"JPM,100239,286"
2019-06-28 10:27:46.394676065,BEST_ASK,"JPM,100868,286"
2019-06-28 10:27:50.000000000,QUERY_SPREAD,1
2019-06-28 10:27:50.000000000,BEST_BID,"JPM,100239,471"
2019-06-28 10:27:50.000000000,BEST_ASK,"JPM,100868,100"
2019-06-28 10:27:50.000000000,BEST_BID,"JPM,100239,471"
2019-06-28 10:27:50.000000000,BEST_ASK,"JPM,100868,471"
2019-06-28 10:27:50.728478032,QUERY_SPREAD,50
2019-06-28 10:27:50.728478032,BEST_BID,"JPM,100239,271"
2019-06-28 10:27:50.728478032,BEST_ASK,"JPM,100868,471"
2019-06-28 10:27:50.728478032,LAST_TRADE,"100,$100239.0000"
2019-06-28 10:28:00.000000000,QUERY_SPREAD,1
2019-06-28 10:28:00.000000000,BEST_BID,"JPM,100198,226"
2019-06-28 10:28:00.000000000,BEST_ASK,"JPM,100868,100"
2019-06-28 10:28:00.000000000,BEST_BID,"JPM,100198,226"
2019-06-28 10:28:00.000000000,BEST_ASK,"JPM,100868,100"
2019-06-28 10:28:00.000000000,BEST_BID,"JPM,100198,226"
2019-06-28 10:28:00.000000000,BEST_ASK,"JPM,100868,100"
2019-06-28 10:28:00.000000000,BEST_BID,"JPM,100198,226"
2019-06-28 10:28:00.000000000,BEST_ASK,"JPM,100868,226"
2019-06-28 10:28:00.000000000,BEST_BID,"JPM,100198,226"
2019-06-28 10:28:00.000000000,BEST_ASK,"JPM,100868,226"
2019-06-28 10:28:00.000000000,BEST_BID,"JPM,100198,226"
2019-06-28 10:28:00.000000000,BEST_ASK,"JPM,100868,226"
2019-06-28 10:28:00.000000000,QUERY_SPREAD,77
2019-06-28 10:28:00.000000000,BEST_BID,"JPM,100198,226"
2019-06-28 10:28:00.000000000,BEST_ASK,"JPM,100868,221"
2019-06-28 10:28:00.000000000,LAST_TRADE,"5,$100868.0000"
2019-06-28 10:28:00.000000000,QUERY_SPREAD,78
2019-06-28 10:28:00.000000000,BEST_BID,"JPM,100198,226"
2019-06-28 10:28:00.000000000,BEST_ASK,"JPM,100868,213"
2019-06-28 10:28:00.000000000,LAST_TRADE,"8,$100868.0000"
2019-06-28 10:28:00.000000000,QUERY_SPREAD,79
2019-06-28 10:28:00.000000000,BEST_BID,"JPM,100198,226"
2019-06-28 10:28:00.000000000,BEST_ASK,"JPM,100868,208"
2019-06-28 10:28:00.000000000,LAST_TRADE,"5,$100868.0000"
2019-06-28 10:28:00.000000000,QUERY_SPREAD,80
2019-06-28 10:28:00.000000000,BEST_BID,"JPM,100198,226"
2019-06-28 10:28:00.000000000,BEST_ASK,"JPM,100868,200"
2019-06-28 10:28:00.000000000,LAST_TRADE,"8,$100868.0000"
2019-06-28 10:28:00.000000000,QUERY_SPREAD,81
2019-06-28 10:28:00.000000000,BEST_BID,"JPM,100198,226"
2019-06-28 10:28:00.000000000,BEST_ASK,"JPM,100868,191"
2019-06-28 10:28:00.000000000,LAST_TRADE,"9,$100868.0000"
2019-06-28 10:28:00.000000000,QUERY_SPREAD,82
2019-06-28 10:28:00.000000000,BEST_BID,"JPM,100198,226"
2019-06-28 10:28:00.000000000,BEST_ASK,"JPM,100868,188"
2019-06-28 10:28:00.000000000,LAST_TRADE,"3,$100868.0000"
2019-06-28 10:28:00.000000000,QUERY_SPREAD,83
2019-06-28 10:28:00.000000000,BEST_BID,"JPM,100198,226"
2019-06-28 10:28:00.000000000,BEST_ASK,"JPM,100868,180"
2019-06-28 10:28:00.000000000,LAST_TRADE,"8,$100868.0000"
2019-06-28 10:28:00.000000000,QUERY_SPREAD,84
2019-06-28 10:28:00.000000000,BEST_BID,"JPM,100198,226"
2019-06-28 10:28:00.000000000,BEST_ASK,"JPM,100868,176"
2019-06-28 10:28:00.000000000,LAST_TRADE,"4,$100868.0000"
2019-06-28 10:28:00.000000000,QUERY_SPREAD,85
2019-06-28 10:28:00.000000000,BEST_BID,"JPM,100198,226"
2019-06-28 10:28:00.000000000,BEST_ASK,"JPM,100868,171"
2019-06-28 10:28:00.000000000,LAST_TRADE,"5,$100868.0000"
2019-06-28 10:28:00.000000000,QUERY_SPREAD,86
2019-06-28 10:28:00.000000000,BEST_BID,"JPM,100198,226"
2019-06-28 10:28:00.000000000,BEST_ASK,"JPM,100868,169"
2019-06-28 10:28:00.000000000,LAST_TRADE,"2,$100868.0000"
2019-06-28 10:28:00.000000000,QUERY_SPREAD,87
2019-06-28 10:28:00.000000000,BEST_BID,"JPM,100198,226"
2019-06-28 10:28:00.000000000,BEST_ASK,"JPM,100868,162"
2019-06-28 10:28:00.000000000,LAST_TRADE,"7,$100868.0000"
2019-06-28 10:28:00.000000000,QUERY_SPREAD,88
2019-06-28 10:28:00.000000000,BEST_BID,"JPM,100198,226"
2019-06-28 10:28:00.000000000,BEST_ASK,"JPM,100868,154"
2019-06-28 10:28:00.000000000,LAST_TRADE,"8,$100868.0000"
2019-06-28 10:28:00.000000000,QUERY_SPREAD,89
2019-06-28 10:28:00.000000000,BEST_BID,"JPM,100198,226"
2019-06-28 10:28:00.000000000,BEST_ASK,"JPM,100868,149"
2019-06-28 10:28:00.000000000,LAST_TRADE,"5,$100868.0000"
2019-06-28 10:28:00.000000000,QUERY_SPREAD,90
2019-06-28 10:28:00.000000000,BEST_BID,"JPM,100198,226"
2019-06-28 10:28:00.000000000,BEST_ASK,"JPM,100868,145"
2019-06-28 10:28:00.000000000,LAST_TRADE,"4,$100868.0000"
2019-06-28 10:28:00.000000000,QUERY_SPREAD,91
2019-06-28 10:28:00.000000000,BEST_BID,"JPM,100198,226"
2019-06-28 10:28:00.000000000,BEST_ASK,"JPM,100868,142"
2019-06-28 10:28:00.000000000,LAST_TRADE,"3,$100868.0000"
2019-06-28 10:28:00.000000000,QUERY_SPREAD,92
2019-06-28 10:28:00.000000000,BEST_BID,"JPM,100198,226"
2019-06-28 10:28:00.000000000,BEST_ASK,"JPM,100868,137"
2019-06-28 10:28:00.000000000,LAST_TRADE,"5,$100868.0000"
2019-06-28 10:28:00.000000000,QUERY_SPREAD,93
2019-06-28 10:28:00.000000000,BEST_BID,"JPM,100198,226"
2019-06-28 10:28:00.000000000,BEST_ASK,"JPM,100868,130"
2019-06-28 10:28:00.000000000,LAST_TRADE,"7,$100868.0000"
2019-06-28 10:28:00.000000000,QUERY_SPREAD,94
2019-06-28 10:28:00.000000000,BEST_BID,"JPM,100198,226"
2019-06-28 10:28:00.000000000,BEST_ASK,"JPM,100868,129"
2019-06-28 10:28:00.000000000,LAST_TRADE,"1,$100868.0000"
2019-06-28 10:28:00.000000000,QUERY_SPREAD,95
2019-06-28 10:28:00.000000000,BEST_BID,"JPM,100198,226"
2019-06-28 10:28:00.000000000,BEST_ASK,"JPM,100868,128"
2019-06-28 10:28:00.000000000,LAST_TRADE,"1,$100868.0000"
2019-06-28 10:28:00.000000000,QUERY_SPREAD,96
2019-06-28 10:28:00.000000000,BEST_BID,"JPM,100198,226"
2019-06-28 10:28:00.000000000,BEST_ASK,"JPM,100868,124"
2019-06-28 10:28:00.000000000,LAST_TRADE,"4,$100868.0000"
2019-06-28 10:28:00.000000000,QUERY_SPREAD,97
2019-06-28 10:28:00.000000000,BEST_BID,"JPM,100198,226"
2019-06-28 10:28:00.000000000,BEST_ASK,"JPM,100868,121"
2019-06-28 10:28:00.000000000,LAST_TRADE,"3,$100868.0000"
2019-06-28 10:28:00.000000000,QUERY_SPREAD,98
2019-06-28 10:28:00.000000000,BEST_BID,"JPM,100198,226"
2019-06-28 10:28:00.000000000,BEST_ASK,"JPM,100868,116"
2019-06-28 10:28:00.000000000,LAST_TRADE,"5,$100868.0000"
2019-06-28 10:28:00.000000000,QUERY_SPREAD,99
2019-06-28 10:28:00.000000000,BEST_BID,"JPM,100198,226"
2019-06-28 10:28:00.000000000,BEST_ASK,"JPM,100868,112"
2019-06-28 10:28:00.000000000,LAST_TRADE,"4,$100868.0000"
2019-06-28 10:28:00.000000000,QUERY_SPREAD,100
2019-06-28 10:28:00.000000000,BEST_BID,"JPM,100198,226"
2019-06-28 10:28:00.000000000,BEST_ASK,"JPM,100868,107"
2019-06-28 10:28:00.000000000,LAST_TRADE,"5,$100868.0000"
2019-06-28 10:28:00.000000000,QUERY_SPREAD,101
2019-06-28 10:28:01.208516088,QUERY_SPREAD,18
2019-06-28 10:28:01.208516088,BEST_BID,"JPM,100198,126"
2019-06-28 10:28:01.208516088,BEST_ASK,"JPM,100868,107"
2019-06-28 10:28:01.208516088,LAST_TRADE,"100,$100198.0000"
2019-06-28 10:28:03.640005925,QUERY_ORDER_STREAM,70
2019-06-28 10:28:03.640005925,QUERY_SPREAD,70
2019-06-28 10:28:03.734131079,QUERY_SPREAD,37
2019-06-28 10:28:03.734131079,BEST_BID,"JPM,100198,26"
2019-06-28 10:28:03.734131079,BEST_ASK,"JPM,100868,107"
2019-06-28 10:28:03.734131079,LAST_TRADE,"100,$100198.0000"
2019-06-28 10:28:10.000000000,QUERY_SPREAD,1
2019-06-28 10:28:10.000000000,BEST_BID,"JPM,100115,193"
2019-06-28 10:28:10.000000000,BEST_ASK,"JPM,100994,100"
2019-06-28 10:28:10.000000000,BEST_BID,"JPM,100115,193"
2019-06-28 10:28:10.000000000,BEST_ASK,"JPM,100994,100"
2019-06-28 10:28:10.000000000,BEST_BID,"JPM,100115,193"
2019-06-28 10:28:10.000000000,BEST_ASK,"JPM,100994,100"
2019-06-28 10:28:10.000000000,BEST_BID,"JPM,100115,193"
2019-06-28 10:28:10.000000000,BEST_ASK,"JPM,100994,100"
2019-06-28 10:28:10.000000000,BEST_BID,"JPM,100115,193"
2019-06-28 10:28:10.000000000,BEST_ASK,"JPM,100994,193"
2019-06-28 10:28:10.000000000,BEST_BID,"JPM,100115,193"
2019-06-28 10:28:10.000000000,BEST_ASK,"JPM,100994,193"
2019-06-28 10:28:10.000000000,BEST_BID,"JPM,100115,193"
2019-06-28 10:28:10.000000000,BEST_ASK,"JPM,100994,193"
2019-06-28 10:28:10.000000000,BEST_BID,"JPM,100115,193"
2019-06-28 10:28:10.000000000,BEST_ASK,"JPM,100994,193"
2019-06-28 10:28:10.211691572,QUERY_SPREAD,49
2019-06-28 10:28:10.211691572,BEST_BID,"JPM,100115,93"
2019-06-28 10:28:10.211691572,BEST_ASK,"JPM,100994,193"
2019-06-28 10:28:10.211691572,LAST_TRADE,"100,$100115.0000"
2019-06-28 10:28:10.923142935,QUERY_SPREAD,37
2019-06-28 10:28:10.923142935,BEST_BID,"JPM,100115,93"
2019-06-28 10:28:10.923142935,BEST_ASK,"JPM,100994,193"
2019-06-28 10:28:13.253664356,QUERY_SPREAD,16
2019-06-28 10:28:13.253664356,BEST_BID,"JPM,100115,93"
2019-06-28 10:28:13.253664356,BEST_ASK,"JPM,100994,193"
2019-06-28 10:28:20.000000000,QUERY_SPREAD,1
2019-06-28 10:28:20.000000000,BEST_BID,"JPM,100045,193"
2019-06-28 10:28:20.000000000,BEST_ASK,"JPM,100994,100"
2019-06-28 10:28:20.000000000,BEST_BID,"JPM,100045,193"
2019-06-28 10:28:20.000000000,BEST_ASK,"JPM,100994,100"
2019-06-28 10:28:20.000000000,BEST_BID,"JPM,100045,193"
2019-06-28 10:28:20.000000000,BEST_ASK,"JPM,100994,100"
2019-06-28 10:28:20.000000000,BEST_BID,"JPM,100045,193"
2019-06-28 10:28:20.000000000,BEST_ASK,"JPM,100994,100"
2019-06-28 10:28:20.000000000,BEST_BID,"JPM,100045,193"
2019-06-28 10:28:20.000000000,BEST_ASK,"JPM,100994,193"
2019-06-28 10:28:20.000000000,BEST_BID,"JPM,100045,193"
2019-06-28 10:28:20.000000000,BEST_ASK,"JPM,100994,193"
2019-06-28 10:28:20.000000000,BEST_BID,"JPM,100045,193"
2019-06-28 10:28:20.000000000,BEST_ASK,"JPM,100994,193"
2019-06-28 10:28:20.000000000,BEST_BID,"JPM,100045,193"
2019-06-28 10:28:20.000000000,BEST_ASK,"JPM,100994,193"
2019-06-28 10:28:30.000000000,QUERY_SPREAD,1
2019-06-28 10:28:30.000000000,BEST_BID,"JPM,100045,226"
2019-06-28 10:28:30.000000000,BEST_ASK,"JPM,100994,100"
2019-06-28 10:28:30.000000000,BEST_BID,"JPM,100045,226"
2019-06-28 10:28:30.000000000,BEST_ASK,"JPM,100994,100"
2019-06-28 10:28:30.000000000,BEST_BID,"JPM,100045,226"
2019-06-28 10:28:30.000000000,BEST_ASK,"JPM,100994,100"
2019-06-28 10:28:30.000000000,BEST_BID,"JPM,100045,226"
2019-06-28 10:28:30.000000000,BEST_ASK,"JPM,100994,226"
2019-06-28 10:28:30.000000000,BEST_BID,"JPM,100045,226"
2019-06-28 10:28:30.000000000,BEST_ASK,"JPM,100994,226"
2019-06-28 10:28:30.000000000,BEST_BID,"JPM,100045,226"
2019-06-28 10:28:30.000000000,BEST_ASK,"JPM,100994,226"
2019-06-28 10:28:31.985971783,QUERY_SPREAD,8
2019-06-28 10:28:31.985971783,BEST_BID,"JPM,100045,126"
2019-06-28 10:28:31.985971783,BEST_ASK,"JPM,100994,226"
2019-06-28 10:28:31.985971783,LAST_TRADE,"100,$100045.0000"
2019-06-28 10:28:33.291970446,QUERY_SPREAD,21
2019-06-28 10:28:33.291970446,BEST_BID,"JPM,100045,126"
2019-06-28 10:28:33.291970446,BEST_ASK,"JPM,100994,226"
2019-06-28 10:28:35.749708522,QUERY_SPREAD,31
2019-06-28 10:28:35.749708522,BEST_BID,"JPM,100045,126"
2019-06-28 10:28:35.749708522,BEST_ASK,"JPM,100061,100"
2019-06-28 10:28:40.000000000,QUERY_SPREAD,1
2019-06-28 10:28:40.000000000,BEST_BID,"JPM,100043,193"
2019-06-28 10:28:40.000000000,BEST_ASK,"JPM,100061,100"
2019-06-28 10:28:40.000000000,BEST_BID,"JPM,100043,193"
2019-06-28 10:28:40.000000000,BEST_ASK,"JPM,100061,100"
2019-06-28 10:28:40.000000000,BEST_BID,"JPM,100043,193"
2019-06-28 10:28:40.000000000,BEST_ASK,"JPM,100061,100"
2019-06-28 10:28:40.000000000,BEST_BID,"JPM,100043,193"
2019-06-28 10:28:40.000000000,BEST_ASK,"JPM,100061,100"
2019-06-28 10:28:40.000000000,BEST_BID,"JPM,100043,193"
2019-06-28 10:28:40.000000000,BEST_ASK,"JPM,100061,193"
2019-06-28 10:28:40.000000000,BEST_BID,"JPM,100043,193"
2019-06-28 10:28:40.000000000,BEST_ASK,"JPM,100061,193"
2019-06-28 10:28:40.000000000,BEST_BID,"JPM,100043,193"
2019-06-28 10:28:40.000000000,BEST_ASK,"JPM,100061,193"
2019-06-28 10:28:40.000000000,BEST_BID,"JPM,100043,193"
2019-06-28 10:28:40.000000000,BEST_ASK,"JPM,100061,193"
2019-06-28 10:28:50.000000000,QUERY_SPREAD,1
2019-06-28 10:28:50.000000000,BEST_BID,"JPM,100043,193"
2019-06-28 10:28:50.000000000,BEST_ASK,"JPM,100061,100"
2019-06-28 10:28:50.000000000,BEST_BID,"JPM,100043,193"
2019-06-28 10:28:50.000000000,BEST_ASK,"JPM,100061,100"
2019-06-28 10:28:50.000000000,BEST_BID,"JPM,100043,193"
2019-06-28 10:28:50.000000000,BEST_ASK,"JPM,100061,100"
2019-06-28 10:28:50.000000000,BEST_BID,"JPM,100043,193"
2019-06-28 10:28:50.000000000,BEST_ASK,"JPM,100061,100"
2019-06-28 10:28:50.000000000,BEST_BID,"JPM,100043,193"
2019-06-28 10:28:50.000000000,BEST_ASK,"JPM,100061,193"
2019-06-28 10:28:50.000000000,BEST_BID,"JPM,100043,193"
2019-06-28 10:28:50.000000000,BEST_ASK,"JPM,100061,193"
2019-06-28 10:28:50.000000000,BEST_BID,"JPM,100043,193"
2019-06-28 10:28:50.000000000,BEST_ASK,"JPM,100061,193"
2019-06-28 10:28:50.000000000,BEST_BID,"JPM,100043,193"
2019-06-28 10:28:50.000000000,BEST_ASK,"JPM,100061,193"
2019-06-28 10:28:54.035360101,QUERY_ORDER_STREAM,53
2019-06-28 10:28:54.035360101,QUERY_SPREAD,53
2019-06-28 10:28:58.406327374,QUERY_SPREAD,26
2019-06-28 10:28:58.406327374,BEST_BID,"JPM,100043,193"
2019-06-28 10:28:58.406327374,BEST_ASK,"JPM,100061,193"
2019-06-28 10:29:00.000000000,QUERY_SPREAD,1
2019-06-28 10:29:00.000000000,BEST_BID,"JPM,100043,471"
2019-06-28 10:29:00.000000000,BEST_ASK,"JPM,100061,100"
2019-06-28 10:29:00.000000000,BEST_BID,"JPM,100043,471"
2019-06-28 10:29:00.000000000,BEST_ASK,"JPM,100061,471"
2019-06-28 10:29:00.000000000,QUERY_SPREAD,77
2019-06-28 10:29:00.000000000,BEST_BID,"JPM,100043,471"
2019-06-28 10:29:00.000000000,BEST_ASK,"JPM,100061,466"
2019-06-28 10:29:00.000000000,LAST_TRADE,"5,$100061.0000"
2019-06-28 10:29:00.000000000,QUERY_SPREAD,78
2019-06-28 10:29:00.000000000,BEST_BID,"JPM,100043,471"
2019-06-28 10:29:00.000000000,BEST_ASK,"JPM,100061,458"
2019-06-28 10:29:00.000000000,LAST_TRADE,"8,$100061.0000"
2019-06-28 10:29:00.000000000,QUERY_SPREAD,79
2019-06-28 10:29:00.000000000,BEST_BID,"JPM,100043,471"
2019-06-28 10:29:00.000000000,BEST_ASK,"JPM,100061,453"
2019-06-28 10:29:00.000000000,LAST_TRADE,"5,$100061.0000"
2019-06-28 10:29:00.000000000,QUERY_SPREAD,80
2019-06-28 10:29:00.000000000,BEST_BID,"JPM,100043,471"
2019-06-28 10:29:00.000000000,BEST_ASK,"JPM,100061,445"
2019-06-28 10:29:00.000000000,LAST_TRADE,"8,$100061.0000"
2019-06-28 10:29:00.000000000,QUERY_SPREAD,81
2019-06-28 10:29:00.000000000,BEST_BID,"JPM,100043,471"
2019-06-28 10:29:00.000000000,BEST_ASK,"JPM,100061,436"
2019-06-28 10:29:00.000000000,LAST_TRADE,"9,$100061.0000"
2019-06-28 10:29:00.000000000,QUERY_SPREAD,82
2019-06-28 10:29:00.000000000,BEST_BID,"JPM,100043,471"
2019-06-28 10:29:00.000000000,BEST_ASK,"JPM,100061,433"
2019-06-28 10:29:00.000000000,LAST_TRADE,"3,$100061.0000"
2019-06-28 10:29:00.000000000,QUERY_SPREAD,83
2019-06-28 10:29:00.000000000,BEST_BID,"JPM,100043,471"
2019-06-28 10:29:00.000000000,BEST_ASK,"JPM,100061,425"
2019-06-28 10:29:00.000000000,LAST_TRADE,"8,$100061.0000"
2019-06-28 10:29:00.000000000,QUERY_SPREAD,84
2019-06-28 10:29:00.000000000,BEST_BID,"JPM,100043,471"
2019-06-28 10:29:00.000000000,BEST_ASK,"JPM,100061,421"
2019-06-28 10:29:00.000000000,LAST_TRADE,"4,$100061.0000"
2019-06-28 10:29:00.000000000,QUERY_SPREAD,85
2019-06-28 10:29:00.000000000,BEST_BID,"JPM,100043,471"
2019-06-28 10:29:00.000000000,BEST_ASK,"JPM,100061,416"
2019-06-28 10:29:00.000000000,LAST_TRADE,"5,$100061.0000"
2019-06-28 10:29:00.000000000,QUERY_SPREAD,86
2019-06-28 10:29:00.000000000,BEST_BID,"JPM,100043,471"
2019-06-28 10:29:00.000000000,BEST_ASK,"JPM,100061,414"
2019-06-28 10:29:00.000000000,LAST_TRADE,"2,$100061.0000"
2019-06-28 10:29:00.000000000,QUERY_SPREAD,87
2019-06-28 10:29:00.000000000,BEST_BID,"JPM,100043,471"
2019-06-28 10:29:00.000000000,BEST_ASK,"JPM,100061,407"
2019-06-28 10:29:00.000000000,LAST_TRADE,"7,$100061.0000"
2019-06-28 10:29:00.000000000,QUERY_SPREAD,88
2019-06-28 10:29:00.000000000,BEST_BID,"JPM,100043,471"
2019-06-28 10:29:00.000000000,BEST_ASK,"JPM,100061,399"
2019-06-28 10:29:00.000000000,LAST_TRADE,"8,$100061.0000"
2019-06-28 10:29:00.000000000,QUERY_SPREAD,89
2019-06-28 10:29:00.000000000,BEST_BID,"JPM,100043,471"
2019-06-28 10:29:00.000000000,BEST_ASK,"JPM,100061,394"
2019-06-28 10:29:00.000000000,LAST_TRADE,"5,$100061.0000"
2019-06-28 10:29:00.000000000,QUERY_SPREAD,90
2019-06-28 10:29:00.000000000,BEST_BID,"JPM,100043,471"
2019-06-28 10:29:00.000000000,BEST_ASK,"JPM,100061,390"
2019-06-28 10:29:00.000000000,LAST_TRADE,"4,$100061.0000"
2019-06-28 10:29:00.000000000,QUERY_SPREAD,91
2019-06-28 10:29:00.000000000,BEST_BID,"JPM,100043,471"
2019-06-28 10:29:00.000000000,BEST_ASK,"JPM,100061,387"
2019-06-28 10:29:00.000000000,LAST_TRADE,"3,$100061.0000"
2019-06-28 10:29:00.000000000,QUERY_SPREAD,92
2019-06-28 10:29:00.000000000,BEST_BID,"JPM,100043,471"
2019-06-28 10:29:00.000000000,BEST_ASK,"JPM,100061,382"
2019-06-28 10:29:00.000000000,LAST_TRADE,"5,$100061.0000"
2019-06-28 10:29:00.000000000,QUERY_SPREAD,93
2019-06-28 10:29:00.000000000,BEST_BID,"JPM,100043,471"
2019-06-28 10:29:00.000000000,BEST_ASK,"JPM,100061,375"
2019-06-28 10:29:00.000000000,LAST_TRADE,"7,$100061.0000"
2019-06-28 10:29:00.000000000,QUERY_SPREAD,94
2019-06-28 10:29:00.000000000,BEST_BID,"JPM,100043,471"
2019-06-28 10:29:00.000000000,BEST_ASK,"JPM,100061,374"
2019-06-28 10:29:00.000000000,LAST_TRADE,"1,$100061.0000"
2019-06-28 10:29:00.000000000,QUERY_SPREAD,95
2019-06-28 10:29:00.000000000,BEST_BID,"JPM,100043,471"
2019-06-28 10:29:00.000000000,BEST_ASK,"JPM,100061,373"
2019-06-28 10:29:00.000000000,LAST_TRADE,"1,$100061.0000"
2019-06-28 10:29:00.000000000,QUERY_SPREAD,96
2019-06-28 10:29:00.000000000,BEST_BID,"JPM,100043,471"
2019-06-28 10:29:00.000000000,BEST_ASK,"JPM,100061,369"
2019-06-28 10:29:00.000000000,LAST_TRADE,"4,$100061.0000"
2019-06-28 10:29:00.000000000,QUERY_SPREAD,97
2019-06-28 10:29:00.000000000,BEST_BID,"JPM,100043,471"
2019-06-28 10:29:00.000000000,BEST_ASK,"JPM,100061,366"
2019-06-28 10:29:00.000000000,LAST_TRADE,"3,$100061.0000"
2019-06-28 10:29:00.000000000,QUERY_SPREAD,98
2019-06-28 10:29:00.000000000,BEST_BID,"JPM,100043,471"
2019-06-28 10:29:00.000000000,BEST_ASK,"JPM,100061,361"
2019-06-28 10:29:00.000000000,LAST_TRADE,"5,$100061.0000"
2019-06-28 10:29:00.000000000,QUERY_SPREAD,99
2019-06-28 10:29:00.000000000,BEST_BID,"JPM,100043,471"
2019-06-28 10:29:00.000000000,BEST_ASK,"JPM,100061,357"
2019-06-28 10:29:00.000000000,LAST_TRADE,"4,$100061.0000"
2019-06-28 10:29:00.000000000,QUERY_SPREAD,100
2019-06-28 10:29:00.000000000,BEST_BID,"JPM,100043,471"
2019-06-28 10:29:00.000000000,BEST_ASK,"JPM,100061,352"
2019-06-28 10:29:00.000000000,LAST_TRADE,"5,$100061.0000"
2019-06-28 10:29:00.000000000,QUERY_SPREAD,101
2019-06-28 10:29:07.667818359,QUERY_SPREAD,36
2019-06-28 10:29:07.667818359,BEST_BID,"JPM,100043,471"
2019-06-28 10:29:07.667818359,BEST_ASK,"JPM,100061,352"
2019-06-28 10:29:10.000000000,QUERY_SPREAD,1
2019-06-28 10:29:10.000000000,BEST_BID,"JPM,100043,286"
2019-06-28 10:29:10.000000000,BEST_ASK,"JPM,100994,100"
2019-06-28 10:29:10.000000000,BEST_BID,"JPM,100043,286"
2019-06-28 10:29:10.000000000,BEST_ASK,"JPM,100994,100"
2019-06-28 10:29:10.000000000,BEST_BID,"JPM,100043,286"
2019-06-28 10:29:10.000000000,BEST_ASK,"JPM,100994,286"
2019-06-28 10:29:10.000000000,BEST_BID,"JPM,100043,286"
2019-06-28 10:29:10.000000000,BEST_ASK,"JPM,100994,286"
2019-06-28 10:29:10.221704656,QUERY_SPREAD,43
2019-06-28 10:29:10.221704656,BEST_BID,"JPM,100085,100"
2019-06-28 10:29:10.221704656,BEST_ASK,"JPM,100994,286"
2019-06-28 10:29:10.319208098,QUERY_ORDER_STREAM,53
2019-06-28 10:29:10.319208098,QUERY_SPREAD,53
2019-06-28 10:29:10.319208098,BEST_BID,"JPM,100085,100"
2019-06-28 10:29:10.319208098,BEST_ASK,"JPM,100994,286"
2019-06-28 10:29:20.000000000,QUERY_SPREAD,1
2019-06-28 10:29:20.000000000,BEST_BID,"JPM,100085,286"
2019-06-28 10:29:20.000000000,BEST_ASK,"JPM,100994,100"
2019-06-28 10:29:20.000000000,BEST_BID,"JPM,100085,286"
2019-06-28 10:29:20.000000000,BEST_ASK,"JPM,100994,100"
2019-06-28 10:29:20.000000000,BEST_BID,"JPM,100085,286"
2019-06-28 10:29:20.000000000,BEST_ASK,"JPM,100994,286"
2019-06-28 10:29:20.000000000,BEST_BID,"JPM,100085,286"
2019-06-28 10:29:20.000000000,BEST_ASK,"JPM,100994,286"
2019-06-28 10:29:30.000000000,QUERY_SPREAD,1
2019-06-28 10:29:30.000000000,BEST_BID,"JPM,100085,286"
2019-06-28 10:29:30.000000000,BEST_ASK,"JPM,100994,100"
2019-06-28 10:29:30.000000000,BEST_BID,"JPM,100085,286"
2019-06-28 10:29:30.000000000,BEST_ASK,"JPM,100994,100"
2019-06-28 10:29:30.000000000,BEST_BID,"JPM,100085,286"
2019-06-28 10:29:30.000000000,BEST_ASK,"JPM,100994,286"
2019-06-28 10:29:30.000000000,BEST_BID,"JPM,100085,286"
2019-06-28 10:29:30.000000000,BEST_ASK,"JPM,100994,286"
2019-06-28 10:29:36.519225499,QUERY_SPREAD,35
2019-06-28 10:29:36.519225499,BEST_BID,"JPM,100085,286"
2019-06-28 10:29:36.519225499,BEST_ASK,"JPM,100780,100"
2019-06-28 10:29:40.000000000,QUERY_SPREAD,1
2019-06-28 10:29:40.000000000,BEST_BID,"JPM,100085,174"
2019-06-28 10:29:40.000000000,BEST_ASK,"JPM,100780,100"
2019-06-28 10:29:40.000000000,BEST_BID,"JPM,100085,174"
2019-06-28 10:29:40.000000000,BEST_ASK,"JPM,100780,100"
2019-06-28 10:29:40.000000000,BEST_BID,"JPM,100085,174"
2019-06-28 10:29:40.000000000,BEST_ASK,"JPM,100780,100"
2019-06-28 10:29:40.000000000,BEST_BID,"JPM,100085,174"
2019-06-28 10:29:40.000000000,BEST_ASK,"JPM,100780,100"
2019-06-28 10:29:40.000000000,BEST_BID,"JPM,100085,174"
2019-06-28 10:29:40.000000000,BEST_ASK,"JPM,100780,100"
2019-06-28 10:29:40.000000000,BEST_BID,"JPM,100085,174"
2019-06-28 10:29:40.000000000,BEST_ASK,"JPM,100780,174"
2019-06-28 10:29:40.000000000,BEST_BID,"JPM,100085,174"
2019-06-28 10:29:40.000000000,BEST_ASK,"JPM,100780,174"
2019-06-28 10:29:40.000000000,BEST_BID,"JPM,100085,174"
2019-06-28 10:29:40.000000000,BEST_ASK,"JPM,100780,174"
2019-06-28 10:29:40.000000000,BEST_BID,"JPM,100085,174"
2019-06-28 10:29:40.000000000,BEST_ASK,"JPM,100780,174"
2019-06-28 10:29:40.000000000,BEST_BID,"JPM,100085,174"
2019-06-28 10:29:40.000000000,BEST_ASK,"JPM,100780,174"
2019-06-28 10:29:50.000000000,QUERY_SPREAD,1
2019-06-28 10:29:50.000000000,BEST_BID,"JPM,100085,226"
2019-06-28 10:29:50.000000000,BEST_ASK,"JPM,100780,100"
2019-06-28 10:29:50.000000000,BEST_BID,"JPM,100085,226"
2019-06-28 10:29:50.000000000,BEST_ASK,"JPM,100780,100"
2019-06-28 10:29:50.000000000,BEST_BID,"JPM,100085,226"
2019-06-28 10:29:50.000000000,BEST_ASK,"JPM,100780,100"
2019-06-28 10:29:50.000000000,BEST_BID,"JPM,100085,226"
2019-06-28 10:29:50.000000000,BEST_ASK,"JPM,100780,226"
2019-06-28 10:29:50.000000000,BEST_BID,"JPM,100085,226"
2019-06-28 10:29:50.000000000,BEST_ASK,"JPM,100780,226"
2019-06-28 10:29:50.000000000,BEST_BID,"JPM,100085,226"
2019-06-28 10:29:50.000000000,BEST_ASK,"JPM,100780,226"
2019-06-28 10:30:00.000000000,QUERY_SPREAD,1
2019-06-28 10:30:00.000000000,BEST_BID,"JPM,100085,226"
2019-06-28 10:30:00.000000000,BEST_ASK,"JPM,100780,100"
2019-06-28 10:30:00.000000000,BEST_BID,"JPM,100085,226"
2019-06-28 10:30:00.000000000,BEST_ASK,"JPM,100780,100"
2019-06-28 10:30:00.000000000,BEST_BID,"JPM,100085,226"
2019-06-28 10:30:00.000000000,BEST_ASK,"JPM,100780,100"
2019-06-28 10:30:00.000000000,BEST_BID,"JPM,100085,226"
2019-06-28 10:30:00.000000000,BEST_ASK,"JPM,100780,226"
2019-06-28 10:30:00.000000000,BEST_BID,"JPM,100085,226"
2019-06-28 10:30:00.000000000,BEST_ASK,"JPM,100780,226"
2019-06-28 10:30:00.000000000,BEST_BID,"JPM,100085,226"
2019-06-28 10:30:00.000000000,BEST_ASK,"JPM,100780,226"
2019-06-28 10:30:00.000000000,QUERY_SPREAD,77
2019-06-28 10:30:00.000000000,BEST_BID,"JPM,100085,226"
2019-06-28 10:30:00.000000000,BEST_ASK,"JPM,100780,221"
2019-06-28 10:30:00.000000000,LAST_TRADE,"5,$100780.0000"
2019-06-28 10:30:00.000000000,QUERY_SPREAD,78
2019-06-28 10:30:00.000000000,BEST_BID,"JPM,100085,226"
2019-06-28 10:30:00.000000000,BEST_ASK,"JPM,100780,213"
2019-06-28 10:30:00.000000000,LAST_TRADE,"8,$100780.0000"
2019-06-28 10:30:00.000000000,QUERY_SPREAD,79
2019-06-28 10:30:00.000000000,BEST_BID,"JPM,100085,226"
2019-06-28 10:30:00.000000000,BEST_ASK,"JPM,100780,208"
2019-06-28 10:30:00.000000000,LAST_TRADE,"5,$100780.0000"
2019-06-28 10:30:00.000000000,QUERY_SPREAD,80
2019-06-28 10:30:00.000000000,BEST_BID,"JPM,100085,226"
2019-06-28 10:30:00.000000000,BEST_ASK,"JPM,100780,200"
2019-06-28 10:30:00.000000000,LAST_TRADE,"8,$100780.0000"
2019-06-28 10:30:00.000000000,QUERY_SPREAD,81
2019-06-28 10:30:00.000000000,BEST_BID,"JPM,100085,226"
2019-06-28 10:30:00.000000000,BEST_ASK,"JPM,100780,191"
2019-06-28 10:30:00.000000000,LAST_TRADE,"9,$100780.0000"
2019-06-28 10:30:00.000000000,QUERY_SPREAD,82
2019-06-28 10:30:00.000000000,BEST_BID,"JPM,100085,226"
2019-06-28 10:30:00.000000000,BEST_ASK,"JPM,100780,188"
2019-06-28 10:30:00.000000000,LAST_TRADE,"3,$100780.0000"
2019-06-28 10:30:00.000000000,QUERY_SPREAD,83
2019-06-28 10:30:00.000000000,BEST_BID,"JPM,100085,226"
2019-06-28 10:30:00.000000000,BEST_ASK,"JPM,100780,180"
2019-06-28 10:30:00.000000000,LAST_TRADE,"8,$100780.0000"
2019-06-28 10:30:00.000000000,QUERY_SPREAD,84
2019-06-28 10:30:00.000000000,BEST_BID,"JPM,100085,226"
2019-06-28 10:30:00.000000000,BEST_ASK,"JPM,100780,176"
2019-06-28 10:30:00.000000000,LAST_TRADE,"4,$100780.0000"
2019-06-28 10:30:00.000000000,QUERY_SPREAD,85
2019-06-28 10:30:00.000000000,BEST_BID,"JPM,100085,226"
2019-06-28 10:30:00.000000000,BEST_ASK,"JPM,100780,171"
2019-06-28 10:30:00.000000000,LAST_TRADE,"5,$100780.0000"
2019-06-28 10:30:00.000000000,QUERY_SPREAD,86
2019-06-28 10:30:00.000000000,BEST_BID,"JPM,100085,226"
2019-06-28 10:30:00.000000000,BEST_ASK,"JPM,100780,169"
2019-06-28 10:30:00.000000000,LAST_TRADE,"2,$100780.0000"
2019-06-28 10:30:00.000000000,QUERY_SPREAD,87
2019-06-28 10:30:00.000000000,BEST_BID,"JPM,100085,226"
2019-06-28 10:30:00.000000000,BEST_ASK,"JPM,100780,162"
2019-06-28 10:30:00.000000000,LAST_TRADE,"7,$100780.0000"
2019-06-28 10:30:00.000000000,QUERY_SPREAD,88
2019-06-28 10:30:00.000000000,BEST_BID,"JPM,100085,226"
2019-06-28 10:30:00.000000000,BEST_ASK,"JPM,100780,154"
2019-06-28 10:30:00.000000000,LAST_TRADE,"8,$100780.0000"
2019-06-28 10:30:00.000000000,QUERY_SPREAD,89
2019-06-28 10:30:00.000000000,BEST_BID,"JPM,100085,226"
2019-06-28 10:30:00.000000000,BEST_ASK,"JPM,100780,149"
2019-06-28 10:30:00.000000000,LAST_TRADE,"5,$100780.0000"
2019-06-28 10:30:00.000000000,QUERY_SPREAD,90
2019-06-28 10:30:00.000000000,BEST_BID,"JPM,100085,226"
2019-06-28 10:30:00.000000000,BEST_ASK,"JPM,100780,145"
2019-06-28 10:30:00.000000000,LAST_TRADE,"4,$100780.0000"
2019-06-28 10:30:00.000000000,QUERY_SPREAD,91
2019-06-28 10:30:00.000000000,BEST_BID,"JPM,100085,226"
2019-06-28 10:30:00.000000000,BEST_ASK,"JPM,100780,142"
2019-06-28 10:30:00.000000000,LAST_TRADE,"3,$100780.0000"
2019-06-28 10:30:00.000000000,QUERY_SPREAD,92
2019-06-28 10:30:00.000000000,BEST_BID,"JPM,100085,226"
2019-06-28 10:30:00.000000000,BEST_ASK,"JPM,100780,137"
2019-06-28 10:30:00.000000000,LAST_TRADE,"5,$100780.0000"
2019-06-28 10:30:00.000000000,QUERY_SPREAD,93
2019-06-28 10:30:00.000000000,BEST_BID,"JPM,100085,226"
2019-06-28 10:30:00.000000000,BEST_ASK,"JPM,100780,130"
2019-06-28 10:30:00.000000000,LAST_TRADE,"7,$100780.0000"
2019-06-28 10:30:00.000000000,QUERY_SPREAD,94
2019-06-28 10:30:00.000000000,BEST_BID,"JPM,100085,226"
2019-06-28 10:30:00.000000000,BEST_ASK,"JPM,100780,129"
2019-06-28 10:30:00.000000000,LAST_TRADE,"1,$100780.0000"
2019-06-28 10:30:00.000000000,QUERY_SPREAD,95
2019-06-28 10:30:00.000000000,BEST_BID,"JPM,100085,226"
2019-06-28 10:30:00.000000000,BEST_ASK,"JPM,100780,128"
2019-06-28 10:30:00.000000000,LAST_TRADE,"1,$100780.0000"
2019-06-28 10:30:00.000000000,QUERY_SPREAD,96
2019-06-28 10:30:00.000000000,BEST_BID,"JPM,100085,226"
2019-06-28 10:30:00.000000000,BEST_ASK,"JPM,100780,124"
2019-06-28 10:30:00.000000000,LAST_TRADE,"4,$100780.0000"
2019-06-28 10:30:00.000000000,QUERY_SPREAD,97
2019-06-28 10:30:00.000000000,BEST_BID,"JPM,100085,226"
2019-06-28 10:30:00.000000000,BEST_ASK,"JPM,100780,121"
2019-06-28 10:30:00.000000000,LAST_TRADE,"3,$100780.0000"
2019-06-28 10:30:00.000000000,QUERY_SPREAD,98
2019-06-28 10:30:00.000000000,BEST_BID,"JPM,100085,226"
2019-06-28 10:30:00.000000000,BEST_ASK,"JPM,100780,116"
2019-06-28 10:30:00.000000000,LAST_TRADE,"5,$100780.0000"
2019-06-28 10:30:00.000000000,QUERY_SPREAD,99
2019-06-28 10:30:00.000000000,BEST_BID,"JPM,100085,226"
2019-06-28 10:30:00.000000000,BEST_ASK,"JPM,100780,112"
2019-06-28 10:30:00.000000000,LAST_TRADE,"4,$100780.0000"
2019-06-28 10:30:00.000000000,QUERY_SPREAD,100
2019-06-28 10:30:00.000000000,BEST_BID,"JPM,100085,226"
2019-06-28 10:30:00.000000000,BEST_ASK,"JPM,100780,107"
2019-06-28 10:30:00.000000000,LAST_TRADE,"5,$100780.0000"
2019-06-28 10:30:00.000000000,QUERY_SPREAD,101
2019-06-28 10:30:01.200037945,QUERY_ORDER_STREAM,76
2019-06-28 10:30:01.200037945,QUERY_SPREAD,76
2019-06-28 10:30:01.200037945,BEST_BID,"JPM,100085,226"
2019-06-28 10:30:01.200037945,BEST_ASK,"JPM,100780,207"
2019-06-28 10:30:10.000000000,QUERY_SPREAD,1
2019-06-28 10:30:10.000000000,BEST_BID,"JPM,100085,286"
2019-06-28 10:30:10.000000000,BEST_ASK,"JPM,100780,100"
2019-06-28 10:30:10.000000000,BEST_BID,"JPM,100085,286"
2019-06-28 10:30:10.000000000,BEST_ASK,"JPM,100780,100"
2019-06-28 10:30:10.000000000,BEST_BID,"JPM,100085,286"
2019-06-28 10:30:10.000000000,BEST_ASK,"JPM,100780,286"
2019-06-28 10:30:10.000000000,BEST_BID,"JPM,100085,286"
2019-06-28 10:30:10.000000000,BEST_ASK,"JPM,100780,286"
2019-06-28 10:30:17.025446527,QUERY_SPREAD,24
2019-06-28 10:30:17.025446527,BEST_BID,"JPM,100085,286"
2019-06-28 10:30:17.025446527,BEST_ASK,"JPM,100404,100"
2019-06-28 10:30:20.000000000,QUERY_SPREAD,1
2019-06-28 10:30:20.000000000,BEST_BID,"JPM,100085,226"
2019-06-28 10:30:20.000000000,BEST_ASK,"JPM,100404,100"
2019-06-28 10:30:20.000000000,BEST_BID,"JPM,100085,226"
2019-06-28 10:30:20.000000000,BEST_ASK,"JPM,100404,100"
2019-06-28 10:30:20.000000000,BEST_BID,"JPM,100085,226"
2019-06-28 10:30:20.000000000,BEST_ASK,"JPM,100404,100"
2019-06-28 10:30:20.000000000,BEST_BID,"JPM,100085,226"
2019-06-28 10:30:20.000000000,BEST_ASK,"JPM,100404,226"
2019-06-28 10:30:20.000000000,BEST_BID,"JPM,100085,226"
2019-06-28 10:30:20.000000000,BEST_ASK,"JPM,100404,226"
2019-06-28 10:30:20.000000000,BEST_BID,"JPM,100085,226"
2019-06-28 10:30:20.000000000,BEST_ASK,"JPM,100404,226"
2019-06-28 10:30:30.000000000,QUERY_SPREAD,1
2019-06-28 10:30:30.000000000,BEST_BID,"JPM,100085,226"
2019-06-28 10:30:30.000000000,BEST_ASK,"JPM,100404,100"
2019-06-28 10:30:30.000000000,BEST_BID,"JPM,100085,226"
2019-06-28 10:30:30.000000000,BEST_ASK,"JPM,100404,100"
2019-06-28 10:30:30.000000000,BEST_BID,"JPM,100085,226"
2019-06-28 10:30:30.000000000,BEST_ASK,"JPM,100404,100"
2019-06-28 10:30:30.000000000,BEST_BID,"JPM,100085,226"
2019-06-28 10:30:30.000000000,BEST_ASK,"JPM,100404,226"
2019-06-28 10:30:30.000000000,BEST_BID,"JPM,100085,226"
2019-06-28 10:30:30.000000000,BEST_ASK,"JPM,100404,226"
2019-06-28 10:30:30.000000000,BEST_BID,"JPM,100085,226"
2019-06-28 10:30:30.000000000,BEST_ASK,"JPM,100404,226"
2019-06-28 10:30:32.200558391,QUERY_ORDER_STREAM,53
2019-06-28 10:30:32.200558391,QUERY_SPREAD,53
2019-06-28 10:30:40.000000000,QUERY_SPREAD,1
2019-06-28 10:30:40.000000000,BEST_BID,"JPM,100085,471"
2019-06-28 10:30:40.000000000,BEST_ASK,"JPM,100404,100"
2019-06-28 10:30:40.000000000,BEST_BID,"JPM,100085,471"
2019-06-28 10:30:40.000000000,BEST_ASK,"JPM,100404,471"
2019-06-28 10:30:43.327819436,QUERY_SPREAD,44
2019-06-28 10:30:43.327819436,BEST_BID,"JPM,100168,100"
2019-06-28 10:30:43.327819436,BEST_ASK,"JPM,100404,471"
2019-06-28 10:30:50.000000000,QUERY_SPREAD,1
2019-06-28 10:30:50.000000000,BEST_BID,"JPM,100168,286"
2019-06-28 10:30:50.000000000,BEST_ASK,"JPM,100404,100"
2019-06-28 10:30:50.000000000,BEST_BID,"JPM,100168,286"
2019-06-28 10:30:50.000000000,BEST_ASK,"JPM,100404,100"
2019-06-28 10:30:50.000000000,BEST_BID,"JPM,100168,286"
2019-06-28 10:30:50.000000000,BEST_ASK,"JPM,100404,286"
2019-06-28 10:30:50.000000000,BEST_BID,"JPM,100168,286"
2019-06-28 10:30:50.000000000,BEST_ASK,"JPM,100404,286"
2019-06-28 10:31:00.000000000,QUERY_SPREAD,1
2019-06-28 10:31:00.000000000,BEST_BID,"JPM,100168,471"
2019-06-28 10:31:00.000000000,BEST_ASK,"JPM,100404,100"
2019-06-28 10:31:00.000000000,BEST_BID,"JPM,100168,471"
2019-06-28 10:31:00.000000000,BEST_ASK,"JPM,100404,471"
2019-06-28 10:31:00.000000000,QUERY_SPREAD,77
2019-06-28 10:31:00.000000000,BEST_BID,"JPM,100168,471"
2019-06-28 10:31:00.000000000,BEST_ASK,"JPM,100404,466"
2019-06-28 10:31:00.000000000,LAST_TRADE,"5,$100404.0000"
2019-06-28 10:31:00.000000000,QUERY_SPREAD,78
2019-06-28 10:31:00.000000000,BEST_BID,"JPM,100168,471"
2019-06-28 10:31:00.000000000,BEST_ASK,"JPM,100404,458"
2019-06-28 10:31:00.000000000,LAST_TRADE,"8,$100404.0000"
2019-06-28 10:31:00.000000000,QUERY_SPREAD,79
2019-06-28 10:31:00.000000000,BEST_BID,"JPM,100168,471"
2019-06-28 10:31:00.000000000,BEST_ASK,"JPM,100404,453"
2019-06-28 10:31:00.000000000,LAST_TRADE,"5,$100404.0000"
2019-06-28 10:31:00.000000000,QUERY_SPREAD,80
2019-06-28 10:31:00.000000000,BEST_BID,"JPM,100168,471"
2019-06-28 10:31:00.000000000,BEST_ASK,"JPM,100404,445"
2019-06-28 10:31:00.000000000,LAST_TRADE,"8,$100404.0000"
2019-06-28 10:31:00.000000000,QUERY_SPREAD,81
2019-06-28 10:31:00.000000000,BEST_BID,"JPM,100168,471"
2019-06-28 10:31:00.000000000,BEST_ASK,"JPM,100404,436"
2019-06-28 10:31:00.000000000,LAST_TRADE,"9,$100404.0000"
2019-06-28 10:31:00.000000000,QUERY_SPREAD,82
2019-06-28 10:31:00.000000000,BEST_BID,"JPM,100168,471"
2019-06-28 10:31:00.000000000,BEST_ASK,"JPM,100404,433"
2019-06-28 10:31:00.000000000,LAST_TRADE,"3,$100404.0000"
2019-06-28 10:31:00.000000000,QUERY_SPREAD,83
2019-06-28 10:31:00.000000000,BEST_BID,"JPM,100168,471"
2019-06-28 10:31:00.000000000,BEST_ASK,"JPM,100404,425"
2019-06-28 10:31:00.000000000,LAST_TRADE,"8,$100404.0000"
2019-06-28 10:31:00.000000000,QUERY_SPREAD,84
2019-06-28 10:31:00.000000000,BEST_BID,"JPM,100168,471"
2019-06-28 10:31:00.000000000,BEST_ASK,"JPM,100404,421"
2019-06-28 10:31:00.000000000,LAST_TRADE,"4,$100404.0000"
2019-06-28 10:31:00.000000000,QUERY_SPREAD,85
2019-06-28 10:31:00.000000000,BEST_BID,"JPM,100168,471"
2019-06-28 10:31:00.000000000,BEST_ASK,"JPM,100404,416"
2019-06-28 10:31:00.000000000,LAST_TRADE,"5,$100404.0000"
2019-06-28 10:31:00.000000000,QUERY_SPREAD,86
2019-06-28 10:31:00.000000000,BEST_BID,"JPM,100168,471"
2019-06-28 10:31:00.000000000,BEST_ASK,"JPM,100404,414"
2019-06-28 10:31:00.000000000,LAST_TRADE,"2,$100404.0000"
2019-06-28 10:31:00.000000000,QUERY_SPREAD,87
2019-06-28 10:31:00.000000000,BEST_BID,"JPM,100168,471"
2019-06-28 10:31:00.000000000,BEST_ASK,"JPM,100404,407"
2019-06-28 10:31:00.000000000,LAST_TRADE,"7,$100404.0000"
2019-06-28 10:31:00.000000000,QUERY_SPREAD,88
2019-06-28 10:31:00.000000000,BEST_BID,"JPM,100168,471"
2019-06-28 10:31:00.000000000,BEST_ASK,"JPM,100404,399"
2019-06-28 10:31:00.000000000,LAST_TRADE,"8,$100404.0000"
2019-06-28 10:31:00.000000000,QUERY_SPREAD,89
2019-06-28 10:31:00.000000000,BEST_BID,"JPM,100168,471"
2019-06-28 10:31:00.000000000,BEST_ASK,"JPM,100404,394"
2019-06-28 10:31:00.000000000,LAST_TRADE,"5,$100404.0000"
2019-06-28 10:31:00.000000000,QUERY_SPREAD,90
2019-06-28 10:31:00.000000000,BEST_BID,"JPM,100168,471"
2019-06-28 10:31:00.000000000,BEST_ASK,"JPM,100404,390"
2019-06-28 10:31:00.000000000,LAST_TRADE,"4,$100404.0000"
2019-06-28 10:31:00.000000000,QUERY_SPREAD,91
2019-06-28 10:31:00.000000000,BEST_BID,"JPM,100168,471"
2019-06-28 10:31:00.000000000,BEST_ASK,"JPM,100404,387"
2019-06-28 10:31:00.000000000,LAST_TRADE,"3,$100404.0000"
2019-06-28 10:31:00.000000000,QUERY_SPREAD,92
2019-06-28 10:31:00.000000000,BEST_BID,"JPM,100168,471"
2019-06-28 10:31:00.000000000,BEST_ASK,"JPM,100404,382"
2019-06-28 10:31:00.000000000,LAST_TRADE,"5,$100404.0000"
2019-06-28 10:31:00.000000000,QUERY_SPREAD,93
2019-06-28 10:31:00.000000000,BEST_BID,"JPM,100168,471"
2019-06-28 10:31:00.000000000,BEST_ASK,"JPM,100404,375"
2019-06-28 10:31:00.000000000,LAST_TRADE,"7,$100404.0000"
2019-06-28 10:31:00.000000000,QUERY_SPREAD,94
2019-06-28 10:31:00.000000000,BEST_BID,"JPM,100168,471"
2019-06-28 10:31:00.000000000,BEST_ASK,"JPM,100404,374"
2019-06-28 10:31:00.000000000,LAST_TRADE,"1,$100404.0000"
2019-06-28 10:31:00.000000000,QUERY_SPREAD,95
2019-06-28 10:31:00.000000000,BEST_BID,"JPM,100168,471"
2019-06-28 10:31:00.000000000,BEST_ASK,"JPM,100404,373"
2019-06-28 10:31:00.000000000,LAST_TRADE,"1,$100404.0000"
2019-06-28 10:31:00.000000000,QUERY_SPREAD,96
2019-06-28 10:31:00.000000000,BEST_BID,"JPM,100168,471"
2019-06-28 10:31:00.000000000,BEST_ASK,"JPM,100404,369"
2019-06-28 10:31:00.000000000,LAST_TRADE,"4,$100404.0000"
2019-06-28 10:31:00.000000000,QUERY_SPREAD,97
2019-06-28 10:31:00.000000000,BEST_BID,"JPM,100168,471"
2019-06-28 10:31:00.000000000,BEST_ASK,"JPM,100404,366"
2019-06-28 10:31:00.000000000,LAST_TRADE,"3,$100404.0000"
2019-06-28 10:31:00.000000000,QUERY_SPREAD,98
2019-06-28 10:31:00.000000000,BEST_BID,"JPM,100168,471"
2019-06-28 10:31:00.000000000,BEST_ASK,"JPM,100404,361"
2019-06-28 10:31:00.000000000,LAST_TRADE,"5,$100404.0000"
2019-06-28 10:31:00.000000000,QUERY_SPREAD,99
2019-06-28 10:31:00.000000000,BEST_BID,"JPM,100168,471"
2019-06-28 10:31:00.000000000,BEST_ASK,"JPM,100404,357"
2019-06-28 10:31:00.000000000,LAST_TRADE,"4,$100404.0000"
2019-06-28 10:31:00.000000000,QUERY_SPREAD,100
2019-06-28 10:31:00.000000000,BEST_BID,"JPM,100168,471"
2019-06-28 10:31:00.000000000,BEST_ASK,"JPM,100404,352"
2019-06-28 10:31:00.000000000,LAST_TRADE,"5,$100404.0000"
2019-06-28 10:31:00.000000000,QUERY_SPREAD,101
2019-06-28 10:31:00.566557583,QUERY_SPREAD,50
2019-06-28 10:31:00.566557583,BEST_BID,"JPM,100168,471"
2019-06-28 10:31:00.566557583,BEST_ASK,"JPM,100345,100"
2019-06-28 10:31:10.000000000,QUERY_SPREAD,1
2019-06-28 10:31:10.000000000,BEST_BID,"JPM,100168,193"
2019-06-28 10:31:10.000000000,BEST_ASK,"JPM,100345,100"
2019-06-28 10:31:10.000000000,BEST_BID,"JPM,100168,193"
2019-06-28 10:31:10.000000000,BEST_ASK,"JPM,100345,100"
2019-06-28 10:31:10.000000000,BEST_BID,"JPM,100168,193"
2019-06-28 10:31:10.000000000,BEST_ASK,"JPM,100345,100"
2019-06-28 10:31:10.000000000,BEST_BID,"JPM,100168,193"
2019-06-28 10:31:10.000000000,BEST_ASK,"JPM,100345,100"
2019-06-28 10:31:10.000000000,BEST_BID,"JPM,100168,193"
2019-06-28 10:31:10.000000000,BEST_ASK,"JPM,100345,193"
2019-06-28 10:31:10.000000000,BEST_BID,"JPM,100168,193"
2019-06-28 10:31:10.000000000,BEST_ASK,"JPM,100345,193"
2019-06-28 10:31:10.000000000,BEST_BID,"JPM,100168,193"
2019-06-28 10:31:10.000000000,BEST_ASK,"JPM,100345,193"
2019-06-28 10:31:10.000000000,BEST_BID,"JPM,100168,193"
2019-06-28 10:31:10.000000000,BEST_ASK,"JPM,100345,193"
2019-06-28 10:31:20.000000000,QUERY_SPREAD,1
2019-06-28 10:31:20.000000000,BEST_BID,"JPM,100168,286"
2019-06-28 10:31:20.000000000,BEST_ASK,"JPM,100345,100"
2019-06-28 10:31:20.000000000,BEST_BID,"JPM,100168,286"
2019-06-28 10:31:20.000000000,BEST_ASK,"JPM,100345,100"
2019-06-28 10:31:20.000000000,BEST_BID,"JPM,100168,286"
2019-06-28 10:31:20.000000000,BEST_ASK,"JPM,100345,286"
2019-06-28 10:31:20.000000000,BEST_BID,"JPM,100168,286"
2019-06-28 10:31:20.000000000,BEST_ASK,"JPM,100345,286"
2019-06-28 10:31:20.804573481,QUERY_SPREAD,18
2019-06-28 10:31:20.804573481,BEST_BID,"JPM,100168,286"
2019-06-28 10:31:20.804573481,BEST_ASK,"JPM,100334,100"
2019-06-28 10:31:23.020066024,QUERY_SPREAD,50
2019-06-28 10:31:23.020066024,BEST_BID,"JPM,100168,286"
2019-06-28 10:31:23.020066024,BEST_ASK,"JPM,100334,100"
2019-06-28 10:31:30.000000000,QUERY_SPREAD,1
2019-06-28 10:31:30.000000000,BEST_BID,"JPM,100168,286"
2019-06-28 10:31:30.000000000,BEST_ASK,"JPM,100334,100"
2019-06-28 10:31:30.000000000,BEST_BID,"JPM,100168,286"
2019-06-28 10:31:30.000000000,BEST_ASK,"JPM,100334,100"
2019-06-28 10:31:30.000000000,BEST_BID,"JPM,100168,286"
2019-06-28 10:31:30.000000000,BEST_ASK,"JPM,100334,286"
2019-06-28 10:31:30.000000000,BEST_BID,"JPM,100168,286"
2019-06-28 10:31:30.000000000,BEST_ASK,"JPM,100334,286"
2019-06-28 10:31:40.000000000,QUERY_SPREAD,1
2019-06-28 10:31:40.000000000,BEST_BID,"JPM,100168,471"
2019-06-28 10:31:40.000000000,BEST_ASK,"JPM,100334,100"
2019-06-28 10:31:40.000000000,BEST_BID,"JPM,100168,471"
2019-06-28 10:31:40.000000000,BEST_ASK,"JPM,100334,471"
2019-06-28 10:31:42.252840128,QUERY_SPREAD,12
2019-06-28 10:31:42.252840128,BEST_BID,"JPM,100168,471"
2019-06-28 10:31:42.252840128,BEST_ASK,"JPM,100334,471"
2019-06-28 10:31:47.829350054,QUERY_ORDER_STREAM,61
2019-06-28 10:31:47.829350054,QUERY_SPREAD,61
2019-06-28 10:31:47.829350054,BEST_BID,"JPM,100168,471"
2019-06-28 10:31:47.829350054,BEST_ASK,"JPM,100334,471"
2019-06-28 10:31:50.000000000,QUERY_SPREAD,1
2019-06-28 10:31:50.000000000,BEST_BID,"JPM,100168,193"
2019-06-28 10:31:50.000000000,BEST_ASK,"JPM,100334,100"
2019-06-28 10:31:50.000000000,BEST_BID,"JPM,100168,193"
2019-06-28 10:31:50.000000000,BEST_ASK,"JPM,100334,100"
2019-06-28 10:31:50.000000000,BEST_BID,"JPM,100168,193"
2019-06-28 10:31:50.000000000,BEST_ASK,"JPM,100334,100"
2019-06-28 10:31:50.000000000,BEST_BID,"JPM,100168,193"
2019-06-28 10:31:50.000000000,BEST_ASK,"JPM,100334,100"
2019-06-28 10:31:50.000000000,BEST_BID,"JPM,100168,193"
2019-06-28 10:31:50.000000000,BEST_ASK,"JPM,100334,193"
2019-06-28 10:31:50.000000000,BEST_BID,"JPM,100168,193"
2019-06-28 10:31:50.000000000,BEST_ASK,"JPM,100334,193"
2019-06-28 10:31:50.000000000,BEST_BID,"JPM,100168,193"
2019-06-28 10:31:50.000000000,BEST_ASK,"JPM,100334,193"
2019-06-28 10:31:50.000000000,BEST_BID,"JPM,100168,193"
2019-06-28 10:31:50.000000000,BEST_ASK,"JPM,100334,193"
2019-06-28 10:32:00.000000000,QUERY_SPREAD,1
2019-06-28 10:32:00.000000000,BEST_BID,"JPM,100168,286"
2019-06-28 10:32:00.000000000,BEST_ASK,"JPM,100334,100"
2019-06-28 10:32:00.000000000,BEST_BID,"JPM,100168,286"
2019-06-28 10:32:00.000000000,BEST_ASK,"JPM,100334,100"
2019-06-28 10:32:00.000000000,BEST_BID,"JPM,100168,286"
2019-06-28 10:32:00.000000000,BEST_ASK,"JPM,100334,286"
2019-06-28 10:32:00.000000000,BEST_BID,"JPM,100168,286"
2019-06-28 10:32:00.000000000,BEST_ASK,"JPM,100334,286"
2019-06-28 10:32:00.000000000,QUERY_SPREAD,77
2019-06-28 10:32:00.000000000,BEST_BID,"JPM,100168,286"
2019-06-28 10:32:00.000000000,BEST_ASK,"JPM,100334,281"
2019-06-28 10:32:00.000000000,LAST_TRADE,"5,$100334.0000"
2019-06-28 10:32:00.000000000,QUERY_SPREAD,78
2019-06-28 10:32:00.000000000,BEST_BID,"JPM,100168,286"
2019-06-28 10:32:00.000000000,BEST_ASK,"JPM,100334,273"
2019-06-28 10:32:00.000000000,LAST_TRADE,"8,$100334.0000"
2019-06-28 10:32:00.000000000,QUERY_SPREAD,79
2019-06-28 10:32:00.000000000,BEST_BID,"JPM,100168,286"
2019-06-28 10:32:00.000000000,BEST_ASK,"JPM,100334,268"
2019-06-28 10:32:00.000000000,LAST_TRADE,"5,$100334.0000"
2019-06-28 10:32:00.000000000,QUERY_SPREAD,80
2019-06-28 10:32:00.000000000,BEST_BID,"JPM,100168,286"
2019-06-28 10:32:00.000000000,BEST_ASK,"JPM,100334,260"
2019-06-28 10:32:00.000000000,LAST_TRADE,"8,$100334.0000"
2019-06-28 10:32:00.000000000,QUERY_SPREAD,81
2019-06-28 10:32:00.000000000,BEST_BID,"JPM,100168,286"
2019-06-28 10:32:00.000000000,BEST_ASK,"JPM,100334,251"
2019-06-28 10:32:00.000000000,LAST_TRADE,"9,$100334.0000"
2019-06-28 10:32:00.000000000,QUERY_SPREAD,82
2019-06-28 10:32:00.000000000,BEST_BID,"JPM,100168,286"
2019-06-28 10:32:00.000000000,BEST_ASK,"JPM,100334,248"
2019-06-28 10:32:00.000000000,LAST_TRADE,"3,$100334.0000"
2019-06-28 10:32:00.000000000,QUERY_SPREAD,83
2019-06-28 10:32:00.000000000,BEST_BID,"JPM,100168,286"
2019-06-28 10:32:00.000000000,BEST_ASK,"JPM,100334,240"
2019-06-28 10:32:00.000000000,LAST_TRADE,"8,$100334.0000"
2019-06-28 10:32:00.000000000,QUERY_SPREAD,84
2019-06-28 10:32:00.000000000,BEST_BID,"JPM,100168,286"
2019-06-28 10:32:00.000000000,BEST_ASK,"JPM,100334,236"
2019-06-28 10:32:00.000000000,LAST_TRADE,"4,$100334.0000"
2019-06-28 10:32:00.000000000,QUERY_SPREAD,85
2019-06-28 10:32:00.000000000,BEST_BID,"JPM,100168,286"
2019-06-28 10:32:00.000000000,BEST_ASK,"JPM,100334,231"
2019-06-28 10:32:00.000000000,LAST_TRADE,"5,$100334.0000"
2019-06-28 10:32:00.000000000,QUERY_SPREAD,86
2019-06-28 10:32:00.000000000,BEST_BID,"JPM,100168,286"
2019-06-28 10:32:00.000000000,BEST_ASK,"JPM,100334,229"
2019-06-28 10:32:00.000000000,LAST_TRADE,"2,$100334.0000"
2019-06-28 10:32:00.000000000,QUERY_SPREAD,87
2019-06-28 10:32:00.000000000,BEST_BID,"JPM,100168,286"
2019-06-28 10:32:00.000000000,BEST_ASK,"JPM,100334,222"
2019-06-28 10:32:00.000000000,LAST_TRADE,"7,$100334.0000"
2019-06-28 10:32:00.000000000,QUERY_SPREAD,88
2019-06-28 10:32:00.000000000,BEST_BID,"JPM,100168,286"
2019-06-28 10:32:00.000000000,BEST_ASK,"JPM,100334,214"
2019-06-28 10:32:00.000000000,LAST_TRADE,"8,$100334.0000"
2019-06-28 10:32:00.000000000,QUERY_SPREAD,89
2019-06-28 10:32:00.000000000,BEST_BID,"JPM,100168,286"
2019-06-28 10:32:00.000000000,BEST_ASK,"JPM,100334,209"
2019-06-28 10:32:00.000000000,LAST_TRADE,"5,$100334.0000"
2019-06-28 10:32:00.000000000,QUERY_SPREAD,90
2019-06-28 10:32:00.000000000,BEST_BID,"JPM,100168,286"
2019-06-28 10:32:00.000000000,BEST_ASK,"JPM,100334,205"
2019-06-28 10:32:00.000000000,LAST_TRADE,"4,$100334.0000"
2019-06-28 10:32:00.000000000,QUERY_SPREAD,91
2019-06-28 10:32:00.000000000,BEST_BID,"JPM,100168,286"
2019-06-28 10:32:00.000000000,BEST_ASK,"JPM,100334,202"
2019-06-28 10:32:00.000000000,LAST_TRADE,"3,$100334.0000"
2019-06-28 10:32:00.000000000,QUERY_SPREAD,92
2019-06-28 10:32:00.000000000,BEST_BID,"JPM,100168,286"
2019-06-28 10:32:00.000000000,BEST_ASK,"JPM,100334,197"
2019-06-28 10:32:00.000000000,LAST_TRADE,"5,$100334.0000"
2019-06-28 10:32:00.000000000,QUERY_SPREAD,93
2019-06-28 10:32:00.000000000,BEST_BID,"JPM,100168,286"
2019-06-28 10:32:00.000000000,BEST_ASK,"JPM,100334,190"
2019-06-28 10:32:00.000000000,LAST_TRADE,"7,$100334.0000"
2019-06-28 10:32:00.000000000,QUERY_SPREAD,94
2019-06-28 10:32:00.000000000,BEST_BID,"JPM,100168,286"
2019-06-28 10:32:00.000000000,BEST_ASK,"JPM,100334,189"
2019-06-28 10:32:00.000000000,LAST_TRADE,"1,$100334.0000"
2019-06-28 10:32:00.000000000,QUERY_SPREAD,95
2019-06-28 10:32:00.000000000,BEST_BID,"JPM,100168,286"
2019-06-28 10:32:00.000000000,BEST_ASK,"JPM,100334,188"
2019-06-28 10:32:00.000000000,LAST_TRADE,"1,$100334.0000"
2019-06-28 10:32:00.000000000,QUERY_SPREAD,96
2019-06-28 10:32:00.000000000,BEST_BID,"JPM,100168,286"
2019-06-28 10:32:00.000000000,BEST_ASK,"JPM,100334,184"
2019-06-28 10:32:00.000000000,LAST_TRADE,"4,$100334.0000"
2019-06-28 10:32:00.000000000,QUERY_SPREAD,97
2019-06-28 10:32:00.000000000,BEST_BID,"JPM,100168,286"
2019-06-28 10:32:00.000000000,BEST_ASK,"JPM,100334,181"
2019-06-28 10:32:00.000000000,LAST_TRADE,"3,$100334.0000"
2019-06-28 10:32:00.000000000,QUERY_SPREAD,98
2019-06-28 10:32:00.000000000,BEST_BID,"JPM,100168,286"
2019-06-28 10:32:00.000000000,BEST_ASK,"JPM,100334,176"
2019-06-28 10:32:00.000000000,LAST_TRADE,"5,$100334.0000"
2019-06-28 10:32:00.000000000,QUERY_SPREAD,99
2019-06-28 10:32:00.000000000,BEST_BID,"JPM,100168,286"
2019-06-28 10:32:00.000000000,BEST_ASK,"JPM,100334,172"
2019-06-28 10:32:00.000000000,LAST_TRADE,"4,$100334.0000"
2019-06-28 10:32:00.000000000,QUERY_SPREAD,100
2019-06-28 10:32:00.000000000,BEST_BID,"JPM,100168,286"
2019-06-28 10:32:00.000000000,BEST_ASK,"JPM,100334,167"
2019-06-28 10:32:00.000000000,LAST_TRADE,"5,$100334.0000"
2019-06-28 10:32:00.000000000,QUERY_SPREAD,101
2019-06-28 10:32:10.000000000,QUERY_SPREAD,1
2019-06-28 10:32:10.000000000,BEST_BID,"JPM,100168,286"
2019-06-28 10:32:10.000000000,BEST_ASK,"JPM,100379,100"
2019-06-28 10:32:10.000000000,BEST_BID,"JPM,100168,286"
2019-06-28 10:32:10.000000000,BEST_ASK,"JPM,100379,100"
2019-06-28 10:32:10.000000000,BEST_BID,"JPM,100168,286"
2019-06-28 10:32:10.000000000,BEST_ASK,"JPM,100379,286"
2019-06-28 10:32:10.000000000,BEST_BID,"JPM,100168,286"
2019-06-28 10:32:10.000000000,BEST_ASK,"JPM,100379,286"
2019-06-28 10:32:20.000000000,QUERY_SPREAD,1
2019-06-28 10:32:20.000000000,BEST_BID,"JPM,100168,471"
2019-06-28 10:32:20.000000000,BEST_ASK,"JPM,100379,100"
2019-06-28 10:32:20.000000000,BEST_BID,"JPM,100168,471"
2019-06-28 10:32:20.000000000,BEST_ASK,"JPM,100379,471"
2019-06-28 10:32:30.000000000,QUERY_SPREAD,1
2019-06-28 10:32:30.000000000,BEST_BID,"JPM,100168,174"
2019-06-28 10:32:30.000000000,BEST_ASK,"JPM,100379,100"
2019-06-28 10:32:30.000000000,BEST_BID,"JPM,100168,174"
2019-06-28 10:32:30.000000000,BEST_ASK,"JPM,100379,100"
2019-06-28 10:32:30.000000000,BEST_BID,"JPM,100168,174"
2019-06-28 10:32:30.000000000,BEST_ASK,"JPM,100379,100"
2019-06-28 10:32:30.000000000,BEST_BID,"JPM,100168,174"
2019-06-28 10:32:30.000000000,BEST_ASK,"JPM,100379,100"
2019-06-28 10:32:30.000000000,BEST_BID,"JPM,100168,174"
2019-06-28 10:32:30.000000000,BEST_ASK,"JPM,100379,100"
2019-06-28 10:32:30.000000000,BEST_BID,"JPM,100168,174"
2019-06-28 10:32:30.000000000,BEST_ASK,"JPM,100379,174"
2019-06-28 10:32:30.000000000,BEST_BID,"JPM,100168,174"
2019-06-28 10:32:30.000000000,BEST_ASK,"JPM,100379,174"
2019-06-28 10:32:30.000000000,BEST_BID,"JPM,100168,174"
2019-06-28 10:32:30.000000000,BEST_ASK,"JPM,100379,174"
2019-06-28 10:32:30.000000000,BEST_BID,"JPM,100168,174"
2019-06-28 10:32:30.000000000,BEST_ASK,"JPM,100379,174"
2019-06-28 10:32:30.000000000,BEST_BID,"JPM,100168,174"
2019-06-28 10:32:30.000000000,BEST_ASK,"JPM,100379,174"
2019-06-28 10:32:40.000000000,QUERY_SPREAD,1
2019-06-28 10:32:40.000000000,BEST_BID,"JPM,100168,193"
2019-06-28 10:32:40.000000000,BEST_ASK,"JPM,100379,100"
2019-06-28 10:32:40.000000000,BEST_BID,"JPM,100168,193"
2019-06-28 10:32:40.000000000,BEST_ASK,"JPM,100379,100"
2019-06-28 10:32:40.000000000,BEST_BID,"JPM,100168,193"
2019-06-28 10:32:40.000000000,BEST_ASK,"JPM,100379,100"
2019-06-28 10:32:40.000000000,BEST_BID,"JPM,100168,193"
2019-06-28 10:32:40.000000000,BEST_ASK,"JPM,100379,100"
2019-06-28 10:32:40.000000000,BEST_BID,"JPM,100168,193"
2019-06-28 10:32:40.000000000,BEST_ASK,"JPM,100379,193"
2019-06-28 10:32:40.000000000,BEST_BID,"JPM,100168,193"
2019-06-28 10:32:40.000000000,BEST_ASK,"JPM,100379,193"
2019-06-28 10:32:40.000000000,BEST_BID,"JPM,100168,193"
2019-06-28 10:32:40.000000000,BEST_ASK,"JPM,100379,193"
2019-06-28 10:32:40.000000000,BEST_BID,"JPM,100168,193"
2019-06-28 10:32:40.000000000,BEST_ASK,"JPM,100379,193"
2019-06-28 10:32:46.659142430,QUERY_SPREAD,50
2019-06-28 10:32:46.659142430,BEST_BID,"JPM,100168,193"
2019-06-28 10:32:46.659142430,BEST_ASK,"JPM,100379,193"
2019-06-28 10:32:50.000000000,QUERY_SPREAD,1
2019-06-28 10:32:50.000000000,BEST_BID,"JPM,100168,174"
2019-06-28 10:32:50.000000000,BEST_ASK,"JPM,100379,100"
2019-06-28 10:32:50.000000000,BEST_BID,"JPM,100168,174"
2019-06-28 10:32:50.000000000,BEST_ASK,"JPM,100379,100"
2019-06-28 10:32:50.000000000,BEST_BID,"JPM,100168,174"
2019-06-28 10:32:50.000000000,BEST_ASK,"JPM,100379,100"
2019-06-28 10:32:50.000000000,BEST_BID,"JPM,100168,174"
2019-06-28 10:32:50.000000000,BEST_ASK,"JPM,100379,100"
2019-06-28 10:32:50.000000000,BEST_BID,"JPM,100168,174"
2019-06-28 10:32:50.000000000,BEST_ASK,"JPM,100379,100"
2019-06-28 10:32:50.000000000,BEST_BID,"JPM,100168,174"
2019-06-28 10:32:50.000000000,BEST_ASK,"JPM,100379,174"
2019-06-28 10:32:50.000000000,BEST_BID,"JPM,100168,174"
2019-06-28 10:32:50.000000000,BEST_ASK,"JPM,100379,174"
2019-06-28 10:32:50.000000000,BEST_BID,"JPM,100168,174"
2019-06-28 10:32:50.000000000,BEST_ASK,"JPM,100379,174"
2019-06-28 10:32:50.000000000,BEST_BID,"JPM,100168,174"
2019-06-28 10:32:50.000000000,BEST_ASK,"JPM,100379,174"
2019-06-28 10:32:50.000000000,BEST_BID,"JPM,100168,174"
2019-06-28 10:32:50.000000000,BEST_ASK,"JPM,100379,174"
2019-06-28 10:32:59.223632333,QUERY_SPREAD,7
2019-06-28 10:32:59.223632333,BEST_BID,"JPM,100168,174"
2019-06-28 10:32:59.223632333,BEST_ASK,"JPM,100246,100"
2019-06-28 10:33:00.000000000,QUERY_SPREAD,1
2019-06-28 10:33:00.000000000,BEST_BID,"JPM,100168,286"
2019-06-28 10:33:00.000000000,BEST_ASK,"JPM,100246,100"
2019-06-28 10:33:00.000000000,BEST_BID,"JPM,100168,286"
2019-06-28 10:33:00.000000000,BEST_ASK,"JPM,100246,100"
2019-06-28 10:33:00.000000000,BEST_BID,"JPM,100168,286"
2019-06-28 10:33:00.000000000,BEST_ASK,"JPM,100246,286"
2019-06-28 10:33:00.000000000,BEST_BID,"JPM,100168,286"
2019-06-28 10:33:00.000000000,BEST_ASK,"JPM,100246,286"
2019-06-28 10:33:00.000000000,QUERY_SPREAD,77
2019-06-28 10:33:00.000000000,BEST_BID,"JPM,100168,286"
2019-06-28 10:33:00.000000000,BEST_ASK,"JPM,100246,281"
2019-06-28 10:33:00.000000000,LAST_TRADE,"5,$100246.0000"
2019-06-28 10:33:00.000000000,QUERY_SPREAD,78
2019-06-28 10:33:00.000000000,BEST_BID,"JPM,100168,286"
2019-06-28 10:33:00.000000000,BEST_ASK,"JPM,100246,273"
2019-06-28 10:33:00.000000000,LAST_TRADE,"8,$100246.0000"
2019-06-28 10:33:00.000000000,QUERY_SPREAD,79
2019-06-28 10:33:00.000000000,BEST_BID,"JPM,100168,286"
2019-06-28 10:33:00.000000000,BEST_ASK,"JPM,100246,268"
2019-06-28 10:33:00.000000000,LAST_TRADE,"5,$100246.0000"
2019-06-28 10:33:00.000000000,QUERY_SPREAD,80
2019-06-28 10:33:00.000000000,BEST_BID,"JPM,100168,286"
2019-06-28 10:33:00.000000000,BEST_ASK,"JPM,100246,260"
2019-06-28 10:33:00.000000000,LAST_TRADE,"8,$100246.0000"
2019-06-28 10:33:00.000000000,QUERY_SPREAD,81
2019-06-28 10:33:00.000000000,BEST_BID,"JPM,100168,286"
2019-06-28 10:33:00.000000000,BEST_ASK,"JPM,100246,251"
2019-06-28 10:33:00.000000000,LAST_TRADE,"9,$100246.0000"
2019-06-28 10:33:00.000000000,QUERY_SPREAD,82
2019-06-28 10:33:00.000000000,BEST_BID,"JPM,100168,286"
2019-06-28 10:33:00.000000000,BEST_ASK,"JPM,100246,248"
2019-06-28 10:33:00.000000000,LAST_TRADE,"3,$100246.0000"
2019-06-28 10:33:00.000000000,QUERY_SPREAD,83
2019-06-28 10:33:00.000000000,BEST_BID,"JPM,100168,286"
2019-06-28 10:33:00.000000000,BEST_ASK,"JPM,100246,240"
2019-06-28 10:33:00.000000000,LAST_TRADE,"8,$100246.0000"
2019-06-28 10:33:00.000000000,QUERY_SPREAD,84
2019-06-28 10:33:00.000000000,BEST_BID,"JPM,100168,286"
2019-06-28 10:33:00.000000000,BEST_ASK,"JPM,100246,236"
2019-06-28 10:33:00.000000000,LAST_TRADE,"4,$100246.0000"
2019-06-28 10:33:00.000000000,QUERY_SPREAD,85
2019-06-28 10:33:00.000000000,BEST_BID,"JPM,100168,286"
2019-06-28 10:33:00.000000000,BEST_ASK,"JPM,100246,231"
2019-06-28 10:33:00.000000000,LAST_TRADE,"5,$100246.0000"
2019-06-28 10:33:00.000000000,QUERY_SPREAD,86
2019-06-28 10:33:00.000000000,BEST_BID,"JPM,100168,286"
2019-06-28 10:33:00.000000000,BEST_ASK,"JPM,100246,229"
2019-06-28 10:33:00.000000000,LAST_TRADE,"2,$100246.0000"
2019-06-28 10:33:00.000000000,QUERY_SPREAD,87
2019-06-28 10:33:00.000000000,BEST_BID,"JPM,100168,286"
2019-06-28 10:33:00.000000000,BEST_ASK,"JPM,100246,222"
2019-06-28 10:33:00.000000000,LAST_TRADE,"7,$100246.0000"
2019-06-28 10:33:00.000000000,QUERY_SPREAD,88
2019-06-28 10:33:00.000000000,BEST_BID,"JPM,100168,286"
2019-06-28 10:33:00.000000000,BEST_ASK,"JPM,100246,214"
2019-06-28 10:33:00.000000000,LAST_TRADE,"8,$100246.0000"
2019-06-28 10:33:00.000000000,QUERY_SPREAD,89
2019-06-28 10:33:00.000000000,BEST_BID,"JPM,100168,286"
2019-06-28 10:33:00.000000000,BEST_ASK,"JPM,100246,209"
2019-06-28 10:33:00.000000000,LAST_TRADE,"5,$100246.0000"
2019-06-28 10:33:00.000000000,QUERY_SPREAD,90
2019-06-28 10:33:00.000000000,BEST_BID,"JPM,100168,286"
2019-06-28 10:33:00.000000000,BEST_ASK,"JPM,100246,205"
2019-06-28 10:33:00.000000000,LAST_TRADE,"4,$100246.0000"
2019-06-28 10:33:00.000000000,QUERY_SPREAD,91
2019-06-28 10:33:00.000000000,BEST_BID,"JPM,100168,286"
2019-06-28 10:33:00.000000000,BEST_ASK,"JPM,100246,202"
2019-06-28 10:33:00.000000000,LAST_TRADE,"3,$100246.0000"
2019-06-28 10:33:00.000000000,QUERY_SPREAD,92
2019-06-28 10:33:00.000000000,BEST_BID,"JPM,100168,286"
2019-06-28 10:33:00.000000000,BEST_ASK,"JPM,100246,197"
2019-06-28 10:33:00.000000000,LAST_TRADE,"5,$100246.0000"
2019-06-28 10:33:00.000000000,QUERY_SPREAD,93
2019-06-28 10:33:00.000000000,BEST_BID,"JPM,100168,286"
2019-06-28 10:33:00.000000000,BEST_ASK,"JPM,100246,190"
2019-06-28 10:33:00.000000000,LAST_TRADE,"7,$100246.0000"
2019-06-28 10:33:00.000000000,QUERY_SPREAD,94
2019-06-28 10:33:00.000000000,BEST_BID,"JPM,100168,286"
2019-06-28 10:33:00.000000000,BEST_ASK,"JPM,100246,189"
2019-06-28 10:33:00.000000000,LAST_TRADE,"1,$100246.0000"
2019-06-28 10:33:00.000000000,QUERY_SPREAD,95
2019-06-28 10:33:00.000000000,BEST_BID,"JPM,100168,286"
2019-06-28 10:33:00.000000000,BEST_ASK,"JPM,100246,188"
2019-06-28 10:33:00.000000000,LAST_TRADE,"1,$100246.0000"
2019-06-28 10:33:00.000000000,QUERY_SPREAD,96
2019-06-28 10:33:00.000000000,BEST_BID,"JPM,100168,286"
2019-06-28 10:33:00.000000000,BEST_ASK,"JPM,100246,184"
2019-06-28 10:33:00.000000000,LAST_TRADE,"4,$100246.0000"
2019-06-28 10:33:00.000000000,QUERY_SPREAD,97
2019-06-28 10:33:00.000000000,BEST_BID,"JPM,100168,286"
2019-06-28 10:33:00.000000000,BEST_ASK,"JPM,100246,181"
2019-06-28 10:33:00.000000000,LAST_TRADE,"3,$100246.0000"
2019-06-28 10:33:00.000000000,QUERY_SPREAD,98
2019-06-28 10:33:00.000000000,BEST_BID,"JPM,100168,286"
2019-06-28 10:33:00.000000000,BEST_ASK,"JPM,100246,176"
2019-06-28 10:33:00.000000000,LAST_TRADE,"5,$100246.0000"
2019-06-28 10:33:00.000000000,QUERY_SPREAD,99
2019-06-28 10:33:00.000000000,BEST_BID,"JPM,100168,286"
2019-06-28 10:33:00.000000000,BEST_ASK,"JPM,100246,172"
2019-06-28 10:33:00.000000000,LAST_TRADE,"4,$100246.0000"
2019-06-28 10:33:00.000000000,QUERY_SPREAD,100
2019-06-28 10:33:00.000000000,BEST_BID,"JPM,100168,286"
2019-06-28 10:33:00.000000000,BEST_ASK,"JPM,100246,167"
2019-06-28 10:33:00.000000000,LAST_TRADE,"5,$100246.0000"
2019-06-28 10:33:00.000000000,QUERY_SPREAD,101
2019-06-28 10:33:01.818803451,QUERY_SPREAD,19
2019-06-28 10:33:01.818803451,BEST_BID,"JPM,100168,286"
2019-06-28 10:33:01.818803451,BEST_ASK,"JPM,100246,67"
2019-06-28 10:33:01.818803451,LAST_TRADE,"100,$100246.0000"
2019-06-28 10:33:10.000000000,QUERY_SPREAD,1
2019-06-28 10:33:10.000000000,BEST_BID,"JPM,100168,174"
2019-06-28 10:33:10.000000000,BEST_ASK,"JPM,100379,100"
2019-06-28 10:33:10.000000000,BEST_BID,"JPM,100168,174"
2019-06-28 10:33:10.000000000,BEST_ASK,"JPM,100379,100"
2019-06-28 10:33:10.000000000,BEST_BID,"JPM,100168,174"
2019-06-28 10:33:10.000000000,BEST_ASK,"JPM,100379,100"
2019-06-28 10:33:10.000000000,BEST_BID,"JPM,100168,174"
2019-06-28 10:33:10.000000000,BEST_ASK,"JPM,100379,100"
2019-06-28 10:33:10.000000000,BEST_BID,"JPM,100168,174"
2019-06-28 10:33:10.000000000,BEST_ASK,"JPM,100379,100"
2019-06-28 10:33:10.000000000,BEST_BID,"JPM,100168,174"
2019-06-28 10:33:10.000000000,BEST_ASK,"JPM,100379,174"
2019-06-28 10:33:10.000000000,BEST_BID,"JPM,100168,174"
2019-06-28 10:33:10.000000000,BEST_ASK,"JPM,100379,174"
2019-06-28 10:33:10.000000000,BEST_BID,"JPM,100168,174"
2019-06-28 10:33:10.000000000,BEST_ASK,"JPM,100379,174"
2019-06-28 10:33:10.000000000,BEST_BID,"JPM,100168,174"
2019-06-28 10:33:10.000000000,BEST_ASK,"JPM,100379,174"
2019-06-28 10:33:10.000000000,BEST_BID,"JPM,100168,174"
2019-06-28 10:33:10.000000000,BEST_ASK,"JPM,100379,174"
2019-06-28 10:33:10.753382906,QUERY_SPREAD,23
2019-06-28 10:33:10.753382906,BEST_BID,"JPM,100168,174"
2019-06-28 10:33:10.753382906,BEST_ASK,"JPM,100379,74"
2019-06-28 10:33:10.753382906,LAST_TRADE,"100,$100379.0000"
2019-06-28 10:33:20.000000000,QUERY_SPREAD,1
2019-06-28 10:33:20.000000000,BEST_BID,"JPM,100168,286"
2019-06-28 10:33:20.000000000,BEST_ASK,"JPM,100404,100"
2019-06-28 10:33:20.000000000,BEST_BID,"JPM,100168,286"
2019-06-28 10:33:20.000000000,BEST_ASK,"JPM,100404,100"
2019-06-28 10:33:20.000000000,BEST_BID,"JPM,100168,286"
2019-06-28 10:33:20.000000000,BEST_ASK,"JPM,100404,286"
2019-06-28 10:33:20.000000000,BEST_BID,"JPM,100168,286"
2019-06-28 10:33:20.000000000,BEST_ASK,"JPM,100404,286"
2019-06-28 10:33:26.965661131,QUERY_SPREAD,25
2019-06-28 10:33:26.965661131,BEST_BID,"JPM,100168,286"
2019-06-28 10:33:26.965661131,BEST_ASK,"JPM,100404,286"
2019-06-28 10:33:30.000000000,QUERY_SPREAD,1
2019-06-28 10:33:30.000000000,BEST_BID,"JPM,100168,471"
2019-06-28 10:33:30.000000000,BEST_ASK,"JPM,100404,100"
2019-06-28 10:33:30.000000000,BEST_BID,"JPM,100168,471"
2019-06-28 10:33:30.000000000,BEST_ASK,"JPM,100404,471"
2019-06-28 10:33:40.000000000,QUERY_SPREAD,1
2019-06-28 10:33:40.000000000,BEST_BID,"JPM,100168,471"
2019-06-28 10:33:40.000000000,BEST_ASK,"JPM,100404,100"
2019-06-28 10:33:40.000000000,BEST_BID,"JPM,100168,471"
2019-06-28 10:33:40.000000000,BEST_ASK,"JPM,100404,471"
2019-06-28 10:33:50.000000000,QUERY_SPREAD,1
2019-06-28 10:33:50.000000000,BEST_BID,"JPM,100168,286"
2019-06-28 10:33:50.000000000,BEST_ASK,"JPM,100404,100"
2019-06-28 10:33:50.000000000,BEST_BID,"JPM,100168,286"
2019-06-28 10:33:50.000000000,BEST_ASK,"JPM,100404,100"
2019-06-28 10:33:50.000000000,BEST_BID,"JPM,100168,286"
2019-06-28 10:33:50.000000000,BEST_ASK,"JPM,100404,286"
2019-06-28 10:33:50.000000000,BEST_BID,"JPM,100168,286"
2019-06-28 10:33:50.000000000,BEST_ASK,"JPM,100404,286"
2019-06-28 10:34:00.000000000,QUERY_SPREAD,1
2019-06-28 10:34:00.000000000,BEST_BID,"JPM,100168,286"
2019-06-28 10:34:00.000000000,BEST_ASK,"JPM,100404,100"
2019-06-28 10:34:00.000000000,BEST_BID,"JPM,100168,286"
2019-06-28 10:34:00.000000000,BEST_ASK,"JPM,100404,100"
2019-06-28 10:34:00.000000000,BEST_BID,"JPM,100168,286"
2019-06-28 10:34:00.000000000,BEST_ASK,"JPM,100404,286"
2019-06-28 10:34:00.000000000,BEST_BID,"JPM,100168,286"
2019-06-28 10:34:00.000000000,BEST_ASK,"JPM,100404,286"
2019-06-28 10:34:00.000000000,QUERY_SPREAD,77
2019-06-28 10:34:00.000000000,BEST_BID,"JPM,100168,286"
2019-06-28 10:34:00.000000000,BEST_ASK,"JPM,100404,281"
2019-06-28 10:34:00.000000000,LAST_TRADE,"5,$100404.0000"
2019-06-28 10:34:00.000000000,QUERY_SPREAD,78
2019-06-28 10:34:00.000000000,BEST_BID,"JPM,100168,286"
2019-06-28 10:34:00.000000000,BEST_ASK,"JPM,100404,273"
2019-06-28 10:34:00.000000000,LAST_TRADE,"8,$100404.0000"
2019-06-28 10:34:00.000000000,QUERY_SPREAD,79
2019-06-28 10:34:00.000000000,BEST_BID,"JPM,100168,286"
2019-06-28 10:34:00.000000000,BEST_ASK,"JPM,100404,268"
2019-06-28 10:34:00.000000000,LAST_TRADE,"5,$100404.0000"
2019-06-28 10:34:00.000000000,QUERY_SPREAD,80
2019-06-28 10:34:00.000000000,BEST_BID,"JPM,100168,286"
2019-06-28 10:34:00.000000000,BEST_ASK,"JPM,100404,260"
2019-06-28 10:34:00.000000000,LAST_TRADE,"8,$100404.0000"
2019-06-28 10:34:00.000000000,QUERY_SPREAD,81
2019-06-28 10:34:00.000000000,BEST_BID,"JPM,100168,286"
2019-06-28 10:34:00.000000000,BEST_ASK,"JPM,100404,251"
2019-06-28 10:34:00.000000000,LAST_TRADE,"9,$100404.0000"
2019-06-28 10:34:00.000000000,QUERY_SPREAD,82
2019-06-28 10:34:00.000000000,BEST_BID,"JPM,100168,286"
2019-06-28 10:34:00.000000000,BEST_ASK,"JPM,100404,248"
2019-06-28 10:34:00.000000000,LAST_TRADE,"3,$100404.0000"
2019-06-28 10:34:00.000000000,QUERY_SPREAD,83
2019-06-28 10:34:00.000000000,BEST_BID,"JPM,100168,286"
2019-06-28 10:34:00.000000000,BEST_ASK,"JPM,100404,240"
2019-06-28 10:34:00.000000000,LAST_TRADE,"8,$100404.0000"
2019-06-28 10:34:00.000000000,QUERY_SPREAD,84
2019-06-28 10:34:00.000000000,BEST_BID,"JPM,100168,286"
2019-06-28 10:34:00.000000000,BEST_ASK,"JPM,100404,236"
2019-06-28 10:34:00.000000000,LAST_TRADE,"4,$100404.0000"
2019-06-28 10:34:00.000000000,QUERY_SPREAD,85
2019-06-28 10:34:00.000000000,BEST_BID,"JPM,100168,286"
2019-06-28 10:34:00.000000000,BEST_ASK,"JPM,100404,231"
2019-06-28 10:34:00.000000000,LAST_TRADE,"5,$100404.0000"
2019-06-28 10:34:00.000000000,QUERY_SPREAD,86
2019-06-28 10:34:00.000000000,BEST_BID,"JPM,100168,286"
2019-06-28 10:34:00.000000000,BEST_ASK,"JPM,100404,229"
2019-06-28 10:34:00.000000000,LAST_TRADE,"2,$100404.0000"
2019-06-28 10:34:00.000000000,QUERY_SPREAD,87
2019-06-28 10:34:00.000000000,BEST_BID,"JPM,100168,286"
2019-06-28 10:34:00.000000000,BEST_ASK,"JPM,100404,222"
2019-06-28 10:34:00.000000000,LAST_TRADE,"7,$100404.0000"
2019-06-28 10:34:00.000000000,QUERY_SPREAD,88
2019-06-28 10:34:00.000000000,BEST_BID,"JPM,100168,286"
2019-06-28 10:34:00.000000000,BEST_ASK,"JPM,100404,214"
2019-06-28 10:34:00.000000000,LAST_TRADE,"8,$100404.0000"
2019-06-28 10:34:00.000000000,QUERY_SPREAD,89
2019-06-28 10:34:00.000000000,BEST_BID,"JPM,100168,286"
2019-06-28 10:34:00.000000000,BEST_ASK,"JPM,100404,209"
2019-06-28 10:34:00.000000000,LAST_TRADE,"5,$100404.0000"
2019-06-28 10:34:00.000000000,QUERY_SPREAD,90
2019-06-28 10:34:00.000000000,BEST_BID,"JPM,100168,286"
2019-06-28 10:34:00.000000000,BEST_ASK,"JPM,100404,205"
2019-06-28 10:34:00.000000000,LAST_TRADE,"4,$100404.0000"
2019-06-28 10:34:00.000000000,QUERY_SPREAD,91
2019-06-28 10:34:00.000000000,BEST_BID,"JPM,100168,286"
2019-06-28 10:34:00.000000000,BEST_ASK,"JPM,100404,202"
2019-06-28 10:34:00.000000000,LAST_TRADE,"3,$100404.0000"
2019-06-28 10:34:00.000000000,QUERY_SPREAD,92
2019-06-28 10:34:00.000000000,BEST_BID,"JPM,100168,286"
2019-06-28 10:34:00.000000000,BEST_ASK,"JPM,100404,197"
2019-06-28 10:34:00.000000000,LAST_TRADE,"5,$100404.0000"
2019-06-28 10:34:00.000000000,QUERY_SPREAD,93
2019-06-28 10:34:00.000000000,BEST_BID,"JPM,100168,286"
2019-06-28 10:34:00.000000000,BEST_ASK,"JPM,100404,190"
2019-06-28 10:34:00.000000000,LAST_TRADE,"7,$100404.0000"
2019-06-28 10:34:00.000000000,QUERY_SPREAD,94
2019-06-28 10:34:00.000000000,BEST_BID,"JPM,100168,286"
2019-06-28 10:34:00.000000000,BEST_ASK,"JPM,100404,189"
2019-06-28 10:34:00.000000000,LAST_TRADE,"1,$100404.0000"
2019-06-28 10:34:00.000000000,QUERY_SPREAD,95
2019-06-28 10:34:00.000000000,BEST_BID,"JPM,100168,286"
2019-06-28 10:34:00.000000000,BEST_ASK,"JPM,100404,188"
2019-06-28 10:34:00.000000000,LAST_TRADE,"1,$100404.0000"
2019-06-28 10:34:00.000000000,QUERY_SPREAD,96
2019-06-28 10:34:00.000000000,BEST_BID,"JPM,100168,286"
2019-06-28 10:34:00.000000000,BEST_ASK,"JPM,100404,184"
2019-06-28 10:34:00.000000000,LAST_TRADE,"4,$100404.0000"
2019-06-28 10:34:00.000000000,QUERY_SPREAD,97
2019-06-28 10:34:00.000000000,BEST_BID,"JPM,100168,286"
2019-06-28 10:34:00.000000000,BEST_ASK,"JPM,100404,181"
2019-06-28 10:34:00.000000000,LAST_TRADE,"3,$100404.0000"
2019-06-28 10:34:00.000000000,QUERY_SPREAD,98
2019-06-28 10:34:00.000000000,BEST_BID,"JPM,100168,286"
2019-06-28 10:34:00.000000000,BEST_ASK,"JPM,100404,176"
2019-06-28 10:34:00.000000000,LAST_TRADE,"5,$100404.0000"
2019-06-28 10:34:00.000000000,QUERY_SPREAD,99
2019-06-28 10:34:00.000000000,BEST_BID,"JPM,100168,286"
2019-06-28 10:34:00.000000000,BEST_ASK,"JPM,100404,172"
2019-06-28 10:34:00.000000000,LAST_TRADE,"4,$100404.0000"
2019-06-28 10:34:00.000000000,QUERY_SPREAD,100
2019-06-28 10:34:00.000000000,BEST_BID,"JPM,100168,286"
2019-06-28 10:34:00.000000000,BEST_ASK,"JPM,100404,167"
2019-06-28 10:34:00.000000000,LAST_TRADE,"5,$100404.0000"
2019-06-28 10:34:00.000000000,QUERY_SPREAD,101
2019-06-28 10:34:10.000000000,QUERY_SPREAD,1
2019-06-28 10:34:10.000000000,BEST_BID,"JPM,100168,174"
2019-06-28 10:34:10.000000000,BEST_ASK,"JPM,100618,100"
2019-06-28 10:34:10.000000000,BEST_BID,"JPM,100168,174"
2019-06-28 10:34:10.000000000,BEST_ASK,"JPM,100618,100"
2019-06-28 10:34:10.000000000,BEST_BID,"JPM,100168,174"
2019-06-28 10:34:10.000000000,BEST_ASK,"JPM,100618,100"
2019-06-28 10:34:10.000000000,BEST_BID,"JPM,100168,174"
2019-06-28 10:34:10.000000000,BEST_ASK,"JPM,100618,100"
2019-06-28 10:34:10.000000000,BEST_BID,"JPM,100168,174"
2019-06-28 10:34:10.000000000,BEST_ASK,"JPM,100618,100"
2019-06-28 10:34:10.000000000,BEST_BID,"JPM,100168,174"
2019-06-28 10:34:10.000000000,BEST_ASK,"JPM,100618,174"
2019-06-28 10:34:10.000000000,BEST_BID,"JPM,100168,174"
2019-06-28 10:34:10.000000000,BEST_ASK,"JPM,100618,174"
2019-06-28 10:34:10.000000000,BEST_BID,"JPM,100168,174"
2019-06-28 10:34:10.000000000,BEST_ASK,"JPM,100618,174"
2019-06-28 10:34:10.000000000,BEST_BID,"JPM,100168,174"
2019-06-28 10:34:10.000000000,BEST_ASK,"JPM,100618,174"
2019-06-28 10:34:10.000000000,BEST_BID,"JPM,100168,174"
2019-06-28 10:34:10.000000000,BEST_ASK,"JPM,100618,174"
2019-06-28 10:34:12.971527550,QUERY_ORDER_STREAM,62
2019-06-28 10:34:12.971527550,QUERY_SPREAD,62
2019-06-28 10:34:12.971527550,BEST_BID,"JPM,100168,174"
2019-06-28 10:34:12.971527550,BEST_ASK,"JPM,100404,100"
2019-06-28 10:34:20.000000000,QUERY_SPREAD,1
2019-06-28 10:34:20.000000000,BEST_BID,"JPM,100168,174"
2019-06-28 10:34:20.000000000,BEST_ASK,"JPM,100404,100"
2019-06-28 10:34:20.000000000,BEST_BID,"JPM,100168,174"
2019-06-28 10:34:20.000000000,BEST_ASK,"JPM,100404,100"
2019-06-28 10:34:20.000000000,BEST_BID,"JPM,100168,174"
2019-06-28 10:34:20.000000000,BEST_ASK,"JPM,100404,100"
2019-06-28 10:34:20.000000000,BEST_BID,"JPM,100168,174"
2019-06-28 10:34:20.000000000,BEST_ASK,"JPM,100404,100"
2019-06-28 10:34:20.000000000,BEST_BID,"JPM,100168,174"
2019-06-28 10:34:20.000000000,BEST_ASK,"JPM,100404,100"
2019-06-28 10:34:20.000000000,BEST_BID,"JPM,100168,174"
2019-06-28 10:34:20.000000000,BEST_ASK,"JPM,100404,174"
2019-06-28 10:34:20.000000000,BEST_BID,"JPM,100168,174"
2019-06-28 10:34:20.000000000,BEST_ASK,"JPM,100404,174"
2019-06-28 10:34:20.000000000,BEST_BID,"JPM,100168,174"
2019-06-28 10:34:20.000000000,BEST_ASK,"JPM,100404,174"
2019-06-28 10:34:20.000000000,BEST_BID,"JPM,100168,174"
2019-06-28 10:34:20.000000000,BEST_ASK,"JPM,100404,174"
2019-06-28 10:34:20.000000000,BEST_BID,"JPM,100168,174"
2019-06-28 10:34:20.000000000,BEST_ASK,"JPM,100404,174"
2019-06-28 10:34:30.000000000,QUERY_SPREAD,1
2019-06-28 10:34:30.000000000,BEST_BID,"JPM,100168,226"
2019-06-28 10:34:30.000000000,BEST_ASK,"JPM,100404,100"
2019-06-28 10:34:30.000000000,BEST_BID,"JPM,100168,226"
2019-06-28 10:34:30.000000000,BEST_ASK,"JPM,100404,100"
2019-06-28 10:34:30.000000000,BEST_BID,"JPM,100168,226"
2019-06-28 10:34:30.000000000,BEST_ASK,"JPM,100404,100"
2019-06-28 10:34:30.000000000,BEST_BID,"JPM,100168,226"
2019-06-28 10:34:30.000000000,BEST_ASK,"JPM,100404,226"
2019-06-28 10:34:30.000000000,BEST_BID,"JPM,100168,226"
2019-06-28 10:34:30.000000000,BEST_ASK,"JPM,100404,226"
2019-06-28 10:34:30.000000000,BEST_BID,"JPM,100168,226"
2019-06-28 10:34:30.000000000,BEST_ASK,"JPM,100404,226"
2019-06-28 10:34:40.000000000,QUERY_SPREAD,1
2019-06-28 10:34:40.000000000,BEST_BID,"JPM,100168,226"
2019-06-28 10:34:40.000000000,BEST_ASK,"JPM,100404,100"
2019-06-28 10:34:40.000000000,BEST_BID,"JPM,100168,226"
2019-06-28 10:34:40.000000000,BEST_ASK,"JPM,100404,100"
2019-06-28 10:34:40.000000000,BEST_BID,"JPM,100168,226"
2019-06-28 10:34:40.000000000,BEST_ASK,"JPM,100404,100"
2019-06-28 10:34:40.000000000,BEST_BID,"JPM,100168,226"
2019-06-28 10:34:40.000000000,BEST_ASK,"JPM,100404,226"
2019-06-28 10:34:40.000000000,BEST_BID,"JPM,100168,226"
2019-06-28 10:34:40.000000000,BEST_ASK,"JPM,100404,226"
2019-06-28 10:34:40.000000000,BEST_BID,"JPM,100168,226"
2019-06-28 10:34:40.000000000,BEST_ASK,"JPM,100404,226"
2019-06-28 10:34:50.000000000,QUERY_SPREAD,1
2019-06-28 10:34:50.000000000,BEST_BID,"JPM,100168,193"
2019-06-28 10:34:50.000000000,BEST_ASK,"JPM,100404,100"
2019-06-28 10:34:50.000000000,BEST_BID,"JPM,100168,193"
2019-06-28 10:34:50.000000000,BEST_ASK,"JPM,100404,100"
2019-06-28 10:34:50.000000000,BEST_BID,"JPM,100168,193"
2019-06-28 10:34:50.000000000,BEST_ASK,"JPM,100404,100"
2019-06-28 10:34:50.000000000,BEST_BID,"JPM,100168,193"
2019-06-28 10:34:50.000000000,BEST_ASK,"JPM,100404,100"
2019-06-28 10:34:50.000000000,BEST_BID,"JPM,100168,193"
2019-06-28 10:34:50.000000000,BEST_ASK,"JPM,100404,193"
2019-06-28 10:34:50.000000000,BEST_BID,"JPM,100168,193"
2019-06-28 10:34:50.000000000,BEST_ASK,"JPM,100404,193"
2019-06-28 10:34:50.000000000,BEST_BID,"JPM,100168,193"
2019-06-28 10:34:50.000000000,BEST_ASK,"JPM,100404,193"
2019-06-28 10:34:50.000000000,BEST_BID,"JPM,100168,193"
2019-06-28 10:34:50.000000000,BEST_ASK,"JPM,100404,193"
2019-06-28 10:34:56.502618658,QUERY_SPREAD,46
2019-06-28 10:34:56.502618658,BEST_BID,"JPM,100168,193"
2019-06-28 10:34:56.502618658,BEST_ASK,"JPM,100404,193"
2019-06-28 10:35:00.000000000,QUERY_SPREAD,1
2019-06-28 10:35:00.000000000,BEST_BID,"JPM,100168,471"
2019-06-28 10:35:00.000000000,BEST_ASK,"JPM,100404,100"
2019-06-28 10:35:00.000000000,BEST_BID,"JPM,100168,471"
2019-06-28 10:35:00.000000000,BEST_ASK,"JPM,100404,471"
2019-06-28 10:35:00.000000000,QUERY_SPREAD,77
2019-06-28 10:35:00.000000000,BEST_BID,"JPM,100168,471"
2019-06-28 10:35:00.000000000,BEST_ASK,"JPM,100404,466"
2019-06-28 10:35:00.000000000,LAST_TRADE,"5,$100404.0000"
2019-06-28 10:35:00.000000000,QUERY_SPREAD,78
2019-06-28 10:35:00.000000000,BEST_BID,"JPM,100168,471"
2019-06-28 10:35:00.000000000,BEST_ASK,"JPM,100404,458"
2019-06-28 10:35:00.000000000,LAST_TRADE,"8,$100404.0000"
2019-06-28 10:35:00.000000000,QUERY_SPREAD,79
2019-06-28 10:35:00.000000000,BEST_BID,"JPM,100168,471"
2019-06-28 10:35:00.000000000,BEST_ASK,"JPM,100404,453"
2019-06-28 10:35:00.000000000,LAST_TRADE,"5,$100404.0000"
2019-06-28 10:35:00.000000000,QUERY_SPREAD,80
2019-06-28 10:35:00.000000000,BEST_BID,"JPM,100168,471"
2019-06-28 10:35:00.000000000,BEST_ASK,"JPM,100404,445"
2019-06-28 10:35:00.000000000,LAST_TRADE,"8,$100404.0000"
2019-06-28 10:35:00.000000000,QUERY_SPREAD,81
2019-06-28 10:35:00.000000000,BEST_BID,"JPM,100168,471"
2019-06-28 10:35:00.000000000,BEST_ASK,"JPM,100404,436"
2019-06-28 10:35:00.000000000,LAST_TRADE,"9,$100404.0000"
2019-06-28 10:35:00.000000000,QUERY_SPREAD,82
2019-06-28 10:35:00.000000000,BEST_BID,"JPM,100168,471"
2019-06-28 10:35:00.000000000,BEST_ASK,"JPM,100404,433"
2019-06-28 10:35:00.000000000,LAST_TRADE,"3,$100404.0000"
2019-06-28 10:35:00.000000000,QUERY_SPREAD,83
2019-06-28 10:35:00.000000000,BEST_BID,"JPM,100168,471"
2019-06-28 10:35:00.000000000,BEST_ASK,"JPM,100404,425"
2019-06-28 10:35:00.000000000,LAST_TRADE,"8,$100404.0000"
2019-06-28 10:35:00.000000000,QUERY_SPREAD,84
2019-06-28 10:35:00.000000000,BEST_BID,"JPM,100168,471"
2019-06-28 10:35:00.000000000,BEST_ASK,"JPM,100404,421"
2019-06-28 10:35:00.000000000,LAST_TRADE,"4,$100404.0000"
2019-06-28 10:35:00.000000000,QUERY_SPREAD,85
2019-06-28 10:35:00.000000000,BEST_BID,"JPM,100168,471"
2019-06-28 10:35:00.000000000,BEST_ASK,"JPM,100404,416"
2019-06-28 10:35:00.000000000,LAST_TRADE,"5,$100404.0000"
2019-06-28 10:35:00.000000000,QUERY_SPREAD,86
2019-06-28 10:35:00.000000000,BEST_BID,"JPM,100168,471"
2019-06-28 10:35:00.000000000,BEST_ASK,"JPM,100404,414"
2019-06-28 10:35:00.000000000,LAST_TRADE,"2,$100404.0000"
2019-06-28 10:35:00.000000000,QUERY_SPREAD,87
2019-06-28 10:35:00.000000000,BEST_BID,"JPM,100168,471"
2019-06-28 10:35:00.000000000,BEST_ASK,"JPM,100404,407"
2019-06-28 10:35:00.000000000,LAST_TRADE,"7,$100404.0000"
2019-06-28 10:35:00.000000000,QUERY_SPREAD,88
2019-06-28 10:35:00.000000000,BEST_BID,"JPM,100168,471"
2019-06-28 10:35:00.000000000,BEST_ASK,"JPM,100404,399"
2019-06-28 10:35:00.000000000,LAST_TRADE,"8,$100404.0000"
2019-06-28 10:35:00.000000000,QUERY_SPREAD,89
2019-06-28 10:35:00.000000000,BEST_BID,"JPM,100168,471"
2019-06-28 10:35:00.000000000,BEST_ASK,"JPM,100404,394"
2019-06-28 10:35:00.000000000,LAST_TRADE,"5,$100404.0000"
2019-06-28 10:35:00.000000000,QUERY_SPREAD,90
2019-06-28 10:35:00.000000000,BEST_BID,"JPM,100168,471"
2019-06-28 10:35:00.000000000,BEST_ASK,"JPM,100404,390"
2019-06-28 10:35:00.000000000,LAST_TRADE,"4,$100404.0000"
2019-06-28 10:35:00.000000000,QUERY_SPREAD,91
2019-06-28 10:35:00.000000000,BEST_BID,"JPM,100168,471"
2019-06-28 10:35:00.000000000,BEST_ASK,"JPM,100404,387"
2019-06-28 10:35:00.000000000,LAST_TRADE,"3,$100404.0000"
2019-06-28 10:35:00.000000000,QUERY_SPREAD,92
2019-06-28 10:35:00.000000000,BEST_BID,"JPM,100168,471"
2019-06-28 10:35:00.000000000,BEST_ASK,"JPM,100404,382"
2019-06-28 10:35:00.000000000,LAST_TRADE,"5,$100404.0000"
2019-06-28 10:35:00.000000000,QUERY_SPREAD,93
2019-06-28 10:35:00.000000000,BEST_BID,"JPM,100168,471"
2019-06-28 10:35:00.000000000,BEST_ASK,"JPM,100404,375"
2019-06-28 10:35:00.000000000,LAST_TRADE,"7,$100404.0000"
2019-06-28 10:35:00.000000000,QUERY_SPREAD,94
2019-06-28 10:35:00.000000000,BEST_BID,"JPM,100168,471"
2019-06-28 10:35:00.000000000,BEST_ASK,"JPM,100404,374"
2019-06-28 10:35:00.000000000,LAST_TRADE,"1,$100404.0000"
2019-06-28 10:35:00.000000000,QUERY_SPREAD,95
2019-06-28 10:35:00.000000000,BEST_BID,"JPM,100168,471"
2019-06-28 10:35:00.000000000,BEST_ASK,"JPM,100404,373"
2019-06-28 10:35:00.000000000,LAST_TRADE,"1,$100404.0000"
2019-06-28 10:35:00.000000000,QUERY_SPREAD,96
2019-06-28 10:35:00.000000000,BEST_BID,"JPM,100168,471"
2019-06-28 10:35:00.000000000,BEST_ASK,"JPM,100404,369"
2019-06-28 10:35:00.000000000,LAST_TRADE,"4,$100404.0000"
2019-06-28 10:35:00.000000000,QUERY_SPREAD,97
2019-06-28 10:35:00.000000000,BEST_BID,"JPM,100168,471"
2019-06-28 10:35:00.000000000,BEST_ASK,"JPM,100404,366"
2019-06-28 10:35:00.000000000,LAST_TRADE,"3,$100404.0000"
2019-06-28 10:35:00.000000000,QUERY_SPREAD,98
2019-06-28 10:35:00.000000000,BEST_BID,"JPM,100168,471"
2019-06-28 10:35:00.000000000,BEST_ASK,"JPM,100404,361"
2019-06-28 10:35:00.000000000,LAST_TRADE,"5,$100404.0000"
2019-06-28 10:35:00.000000000,QUERY_SPREAD,99
2019-06-28 10:35:00.000000000,BEST_BID,"JPM,100168,471"
2019-06-28 10:35:00.000000000,BEST_ASK,"JPM,100404,357"
2019-06-28 10:35:00.000000000,LAST_TRADE,"4,$100404.0000"
2019-06-28 10:35:00.000000000,QUERY_SPREAD,100
2019-06-28 10:35:00.000000000,BEST_BID,"JPM,100168,471"
2019-06-28 10:35:00.000000000,BEST_ASK,"JPM,100404,352"
2019-06-28 10:35:00.000000000,LAST_TRADE,"5,$100404.0000"
2019-06-28 10:35:00.000000000,QUERY_SPREAD,101
2019-06-28 10:35:10.000000000,QUERY_SPREAD,1
2019-06-28 10:35:10.000000000,BEST_BID,"JPM,100168,174"
2019-06-28 10:35:10.000000000,BEST_ASK,"JPM,100618,100"
2019-06-28 10:35:10.000000000,BEST_BID,"JPM,100168,174"
2019-06-28 10:35:10.000000000,BEST_ASK,"JPM,100618,100"
2019-06-28 10:35:10.000000000,BEST_BID,"JPM,100168,174"
2019-06-28 10:35:10.000000000,BEST_ASK,"JPM,100618,100"
2019-06-28 10:35:10.000000000,BEST_BID,"JPM,100168,174"
2019-06-28 10:35:10.000000000,BEST_ASK,"JPM,100618,100"
2019-06-28 10:35:10.000000000,BEST_BID,"JPM,100168,174"
2019-06-28 10:35:10.000000000,BEST_ASK,"JPM,100618,100"
2019-06-28 10:35:10.000000000,BEST_BID,"JPM,100168,174"
2019-06-28 10:35:10.000000000,BEST_ASK,"JPM,100618,174"
2019-06-28 10:35:10.000000000,BEST_BID,"JPM,100168,174"
2019-06-28 10:35:10.000000000,BEST_ASK,"JPM,100618,174"
2019-06-28 10:35:10.000000000,BEST_BID,"JPM,100168,174"
2019-06-28 10:35:10.000000000,BEST_ASK,"JPM,100618,174"
2019-06-28 10:35:10.000000000,BEST_BID,"JPM,100168,174"
2019-06-28 10:35:10.000000000,BEST_ASK,"JPM,100618,174"
2019-06-28 10:35:10.000000000,BEST_BID,"JPM,100168,174"
2019-06-28 10:35:10.000000000,BEST_ASK,"JPM,100618,174"
2019-06-28 10:35:19.146415448,QUERY_ORDER_STREAM,73
2019-06-28 10:35:19.146415448,QUERY_SPREAD,73
2019-06-28 10:35:19.146415448,BEST_BID,"JPM,100168,174"
2019-06-28 10:35:19.146415448,BEST_ASK,"JPM,100404,100"
2019-06-28 10:35:20.000000000,QUERY_SPREAD,1
2019-06-28 10:35:20.000000000,BEST_BID,"JPM,100168,226"
2019-06-28 10:35:20.000000000,BEST_ASK,"JPM,100404,100"
2019-06-28 10:35:20.000000000,BEST_BID,"JPM,100168,226"
2019-06-28 10:35:20.000000000,BEST_ASK,"JPM,100404,100"
2019-06-28 10:35:20.000000000,BEST_BID,"JPM,100168,226"
2019-06-28 10:35:20.000000000,BEST_ASK,"JPM,100404,100"
2019-06-28 10:35:20.000000000,BEST_BID,"JPM,100168,226"
2019-06-28 10:35:20.000000000,BEST_ASK,"JPM,100404,226"
2019-06-28 10:35:20.000000000,BEST_BID,"JPM,100168,226"
2019-06-28 10:35:20.000000000,BEST_ASK,"JPM,100404,226"
2019-06-28 10:35:20.000000000,BEST_BID,"JPM,100168,226"
2019-06-28 10:35:20.000000000,BEST_ASK,"JPM,100404,226"
2019-06-28 10:35:30.000000000,QUERY_SPREAD,1
2019-06-28 10:35:30.000000000,BEST_BID,"JPM,100168,226"
2019-06-28 10:35:30.000000000,BEST_ASK,"JPM,100404,100"
2019-06-28 10:35:30.000000000,BEST_BID,"JPM,100168,226"
2019-06-28 10:35:30.000000000,BEST_ASK,"JPM,100404,100"
2019-06-28 10:35:30.000000000,BEST_BID,"JPM,100168,226"
2019-06-28 10:35:30.000000000,BEST_ASK,"JPM,100404,100"
2019-06-28 10:35:30.000000000,BEST_BID,"JPM,100168,226"
2019-06-28 10:35:30.000000000,BEST_ASK,"JPM,100404,226"
2019-06-28 10:35:30.000000000,BEST_BID,"JPM,100168,226"
2019-06-28 10:35:30.000000000,BEST_ASK,"JPM,100404,226"
2019-06-28 10:35:30.000000000,BEST_BID,"JPM,100168,226"
2019-06-28 10:35:30.000000000,BEST_ASK,"JPM,100404,226"
2019-06-28 10:35:34.340558868,QUERY_SPREAD,28
2019-06-28 10:35:34.340558868,BEST_BID,"JPM,100168,126"
2019-06-28 10:35:34.340558868,BEST_ASK,"JPM,100404,226"
2019-06-28 10:35:34.340558868,LAST_TRADE,"100,$100168.0000"
2019-06-28 10:35:40.000000000,QUERY_SPREAD,1
2019-06-28 10:35:40.000000000,BEST_BID,"JPM,100085,193"
2019-06-28 10:35:40.000000000,BEST_ASK,"JPM,100404,100"
2019-06-28 10:35:40.000000000,BEST_BID,"JPM,100085,193"
2019-06-28 10:35:40.000000000,BEST_ASK,"JPM,100404,100"
2019-06-28 10:35:40.000000000,BEST_BID,"JPM,100085,193"
2019-06-28 10:35:40.000000000,BEST_ASK,"JPM,100404,100"
2019-06-28 10:35:40.000000000,BEST_BID,"JPM,100085,193"
2019-06-28 10:35:40.000000000,BEST_ASK,"JPM,100404,100"
2019-06-28 10:35:40.000000000,BEST_BID,"JPM,100085,193"
2019-06-28 10:35:40.000000000,BEST_ASK,"JPM,100404,193"
2019-06-28 10:35:40.000000000,BEST_BID,"JPM,100085,193"
2019-06-28 10:35:40.000000000,BEST_ASK,"JPM,100404,193"
2019-06-28 10:35:40.000000000,BEST_BID,"JPM,100085,193"
2019-06-28 10:35:40.000000000,BEST_ASK,"JPM,100404,193"
2019-06-28 10:35:40.000000000,BEST_BID,"JPM,100085,193"
2019-06-28 10:35:40.000000000,BEST_ASK,"JPM,100404,193"
2019-06-28 10:35:45.771104451,QUERY_SPREAD,46
2019-06-28 10:35:45.771104451,BEST_BID,"JPM,100085,93"
2019-06-28 10:35:45.771104451,BEST_ASK,"JPM,100404,193"
2019-06-28 10:35:45.771104451,LAST_TRADE,"100,$100085.0000"
2019-06-28 10:35:50.000000000,QUERY_SPREAD,1
2019-06-28 10:35:50.000000000,BEST_BID,"JPM,100046,471"
2019-06-28 10:35:50.000000000,BEST_ASK,"JPM,100404,100"
2019-06-28 10:35:50.000000000,BEST_BID,"JPM,100046,471"
2019-06-28 10:35:50.000000000,BEST_ASK,"JPM,100404,471"
2019-06-28 10:36:00.000000000,QUERY_SPREAD,1
2019-06-28 10:36:00.000000000,BEST_BID,"JPM,100046,471"
2019-06-28 10:36:00.000000000,BEST_ASK,"JPM,100404,100"
2019-06-28 10:36:00.000000000,BEST_BID,"JPM,100046,471"
2019-06-28 10:36:00.000000000,BEST_ASK,"JPM,100404,471"
2019-06-28 10:36:00.000000000,QUERY_SPREAD,77
2019-06-28 10:36:00.000000000,BEST_BID,"JPM,100046,471"
2019-06-28 10:36:00.000000000,BEST_ASK,"JPM,100404,466"
2019-06-28 10:36:00.000000000,LAST_TRADE,"5,$100404.0000"
2019-06-28 10:36:00.000000000,QUERY_SPREAD,78
2019-06-28 10:36:00.000000000,BEST_BID,"JPM,100046,471"
2019-06-28 10:36:00.000000000,BEST_ASK,"JPM,100404,458"
2019-06-28 10:36:00.000000000,LAST_TRADE,"8,$100404.0000"
2019-06-28 10:36:00.000000000,QUERY_SPREAD,79
2019-06-28 10:36:00.000000000,BEST_BID,"JPM,100046,471"
2019-06-28 10:36:00.000000000,BEST_ASK,"JPM,100404,453"
2019-06-28 10:36:00.000000000,LAST_TRADE,"5,$100404.0000"
2019-06-28 10:36:00.000000000,QUERY_SPREAD,80
2019-06-28 10:36:00.000000000,BEST_BID,"JPM,100046,471"
2019-06-28 10:36:00.000000000,BEST_ASK,"JPM,100404,445"
2019-06-28 10:36:00.000000000,LAST_TRADE,"8,$100404.0000"
2019-06-28 10:36:00.000000000,QUERY_SPREAD,81
2019-06-28 10:36:00.000000000,BEST_BID,"JPM,100046,471"
2019-06-28 10:36:00.000000000,BEST_ASK,"JPM,100404,436"
2019-06-28 10:36:00.000000000,LAST_TRADE,"9,$100404.0000"
2019-06-28 10:36:00.000000000,QUERY_SPREAD,82
2019-06-28 10:36:00.000000000,BEST_BID,"JPM,100046,471"
2019-06-28 10:36:00.000000000,BEST_ASK,"JPM,100404,433"
2019-06-28 10:36:00.000000000,LAST_TRADE,"3,$100404.0000"
2019-06-28 10:36:00.000000000,QUERY_SPREAD,83
2019-06-28 10:36:00.000000000,BEST_BID,"JPM,100046,471"
2019-06-28 10:36:00.000000000,BEST_ASK,"JPM,100404,425"
2019-06-28 10:36:00.000000000,LAST_TRADE,"8,$100404.0000"
2019-06-28 10:36:00.000000000,QUERY_SPREAD,84
2019-06-28 10:36:00.000000000,BEST_BID,"JPM,100046,471"
2019-06-28 10:36:00.000000000,BEST_ASK,"JPM,100404,421"
2019-06-28 10:36:00.000000000,LAST_TRADE,"4,$100404.0000"
2019-06-28 10:36:00.000000000,QUERY_SPREAD,85
2019-06-28 10:36:00.000000000,BEST_BID,"JPM,100046,471"
2019-06-28 10:36:00.000000000,BEST_ASK,"JPM,100404,416"
2019-06-28 10:36:00.000000000,LAST_TRADE,"5,$100404.0000"
2019-06-28 10:36:00.000000000,QUERY_SPREAD,86
2019-06-28 10:36:00.000000000,BEST_BID,"JPM,100046,471"
2019-06-28 10:36:00.000000000,BEST_ASK,"JPM,100404,414"
2019-06-28 10:36:00.000000000,LAST_TRADE,"2,$100404.0000"
2019-06-28 10:36:00.000000000,QUERY_SPREAD,87
2019-06-28 10:36:00.000000000,BEST_BID,"JPM,100046,471"
2019-06-28 10:36:00.000000000,BEST_ASK,"JPM,100404,407"
2019-06-28 10:36:00.000000000,LAST_TRADE,"7,$100404.0000"
2019-06-28 10:36:00.000000000,QUERY_SPREAD,88
2019-06-28 10:36:00.000000000,BEST_BID,"JPM,100046,471"
2019-06-28 10:36:00.000000000,BEST_ASK,"JPM,100404,399"
2019-06-28 10:36:00.000000000,LAST_TRADE,"8,$100404.0000"
2019-06-28 10:36:00.000000000,QUERY_SPREAD,89
2019-06-28 10:36:00.000000000,BEST_BID,"JPM,100046,471"
2019-06-28 10:36:00.000000000,BEST_ASK,"JPM,100404,394"
2019-06-28 10:36:00.000000000,LAST_TRADE,"5,$100404.0000"
2019-06-28 10:36:00.000000000,QUERY_SPREAD,90
2019-06-28 10:36:00.000000000,BEST_BID,"JPM,100046,471"
2019-06-28 10:36:00.000000000,BEST_ASK,"JPM,100404,390"
2019-06-28 10:36:00.000000000,LAST_TRADE,"4,$100404.0000"
2019-06-28 10:36:00.000000000,QUERY_SPREAD,91
2019-06-28 10:36:00.000000000,BEST_BID,"JPM,100046,471"
2019-06-28 10:36:00.000000000,BEST_ASK,"JPM,100404,387"
2019-06-28 10:36:00.000000000,LAST_TRADE,"3,$100404.0000"
2019-06-28 10:36:00.000000000,QUERY_SPREAD,92
2019-06-28 10:36:00.000000000,BEST_BID,"JPM,100046,471"
2019-06-28 10:36:00.000000000,BEST_ASK,"JPM,100404,382"
2019-06-28 10:36:00.000000000,LAST_TRADE,"5,$100404.0000"
2019-06-28 10:36:00.000000000,QUERY_SPREAD,93
2019-06-28 10:36:00.000000000,BEST_BID,"JPM,100046,471"
2019-06-28 10:36:00.000000000,BEST_ASK,"JPM,100404,375"
2019-06-28 10:36:00.000000000,LAST_TRADE,"7,$100404.0000"
2019-06-28 10:36:00.000000000,QUERY_SPREAD,94
2019-06-28 10:36:00.000000000,BEST_BID,"JPM,100046,471"
2019-06-28 10:36:00.000000000,BEST_ASK,"JPM,100404,374"
2019-06-28 10:36:00.000000000,LAST_TRADE,"1,$100404.0000"
2019-06-28 10:36:00.000000000,QUERY_SPREAD,95
2019-06-28 10:36:00.000000000,BEST_BID,"JPM,100046,471"
2019-06-28 10:36:00.000000000,BEST_ASK,"JPM,100404,373"
2019-06-28 10:36:00.000000000,LAST_TRADE,"1,$100404.0000"
2019-06-28 10:36:00.000000000,QUERY_SPREAD,96
2019-06-28 10:36:00.000000000,BEST_BID,"JPM,100046,471"
2019-06-28 10:36:00.000000000,BEST_ASK,"JPM,100404,369"
2019-06-28 10:36:00.000000000,LAST_TRADE,"4,$100404.0000"
2019-06-28 10:36:00.000000000,QUERY_SPREAD,97
2019-06-28 10:36:00.000000000,BEST_BID,"JPM,100046,471"
2019-06-28 10:36:00.000000000,BEST_ASK,"JPM,100404,366"
2019-06-28 10:36:00.000000000,LAST_TRADE,"3,$100404.0000"
2019-06-28 10:36:00.000000000,QUERY_SPREAD,98
2019-06-28 10:36:00.000000000,BEST_BID,"JPM,100046,471"
2019-06-28 10:36:00.000000000,BEST_ASK,"JPM,100404,361"
2019-06-28 10:36:00.000000000,LAST_TRADE,"5,$100404.0000"
2019-06-28 10:36:00.000000000,QUERY_SPREAD,99
2019-06-28 10:36:00.000000000,BEST_BID,"JPM,100046,471"
2019-06-28 10:36:00.000000000,BEST_ASK,"JPM,100404,357"
2019-06-28 10:36:00.000000000,LAST_TRADE,"4,$100404.0000"
2019-06-28 10:36:00.000000000,QUERY_SPREAD,100
2019-06-28 10:36:00.000000000,BEST_BID,"JPM,100046,471"
2019-06-28 10:36:00.000000000,BEST_ASK,"JPM,100404,352"
2019-06-28 10:36:00.000000000,LAST_TRADE,"5,$100404.0000"
2019-06-28 10:36:00.000000000,QUERY_SPREAD,101
2019-06-28 10:36:02.818173456,QUERY_SPREAD,17
2019-06-28 10:36:02.818173456,BEST_BID,"JPM,100046,371"
2019-06-28 10:36:02.818173456,BEST_ASK,"JPM,100404,352"
2019-06-28 10:36:02.818173456,LAST_TRADE,"100,$100046.0000"
2019-06-28 10:36:10.000000000,QUERY_SPREAD,1
2019-06-28 10:36:10.000000000,BEST_BID,"JPM,100043,174"
2019-06-28 10:36:10.000000000,BEST_ASK,"JPM,100618,100"
2019-06-28 10:36:10.000000000,BEST_BID,"JPM,100043,174"
2019-06-28 10:36:10.000000000,BEST_ASK,"JPM,100618,100"
2019-06-28 10:36:10.000000000,BEST_BID,"JPM,100043,174"
2019-06-28 10:36:10.000000000,BEST_ASK,"JPM,100618,100"
2019-06-28 10:36:10.000000000,BEST_BID,"JPM,100043,174"
2019-06-28 10:36:10.000000000,BEST_ASK,"JPM,100618,100"
2019-06-28 10:36:10.000000000,BEST_BID,"JPM,100043,174"
2019-06-28 10:36:10.000000000,BEST_ASK,"JPM,100618,100"
2019-06-28 10:36:10.000000000,BEST_BID,"JPM,100043,174"
2019-06-28 10:36:10.000000000,BEST_ASK,"JPM,100618,174"
2019-06-28 10:36:10.000000000,BEST_BID,"JPM,100043,174"
2019-06-28 10:36:10.000000000,BEST_ASK,"JPM,100618,174"
2019-06-28 10:36:10.000000000,BEST_BID,"JPM,100043,174"
2019-06-28 10:36:10.000000000,BEST_ASK,"JPM,100618,174"
2019-06-28 10:36:10.000000000,BEST_BID,"JPM,100043,174"
2019-06-28 10:36:10.000000000,BEST_ASK,"JPM,100618,174"
2019-06-28 10:36:10.000000000,BEST_BID,"JPM,100043,174"
2019-06-28 10:36:10.000000000,BEST_ASK,"JPM,100618,174"
2019-06-28 10:36:13.665406011,QUERY_ORDER_STREAM,67
2019-06-28 10:36:13.665406011,QUERY_SPREAD,67
2019-06-28 10:36:13.665406011,BEST_BID,"JPM,100043,174"
2019-06-28 10:36:13.665406011,BEST_ASK,"JPM,100404,100"
2019-06-28 10:36:20.000000000,QUERY_SPREAD,1
2019-06-28 10:36:20.000000000,BEST_BID,"JPM,100043,226"
2019-06-28 10:36:20.000000000,BEST_ASK,"JPM,100404,100"
2019-06-28 10:36:20.000000000,BEST_BID,"JPM,100043,226"
2019-06-28 10:36:20.000000000,BEST_ASK,"JPM,100404,100"
2019-06-28 10:36:20.000000000,BEST_BID,"JPM,100043,226"
2019-06-28 10:36:20.000000000,BEST_ASK,"JPM,100404,100"
2019-06-28 10:36:20.000000000,BEST_BID,"JPM,100043,226"
2019-06-28 10:36:20.000000000,BEST_ASK,"JPM,100404,226"
2019-06-28 10:36:20.000000000,BEST_BID,"JPM,100043,226"
2019-06-28 10:36:20.000000000,BEST_ASK,"JPM,100404,226"
2019-06-28 10:36:20.000000000,BEST_BID,"JPM,100043,226"
2019-06-28 10:36:20.000000000,BEST_ASK,"JPM,100404,226"
2019-06-28 10:36:30.000000000,QUERY_SPREAD,1
2019-06-28 10:36:30.000000000,BEST_BID,"JPM,100043,193"
2019-06-28 10:36:30.000000000,BEST_ASK,"JPM,100404,100"
2019-06-28 10:36:30.000000000,BEST_BID,"JPM,100043,193"
2019-06-28 10:36:30.000000000,BEST_ASK,"JPM,100404,100"
2019-06-28 10:36:30.000000000,BEST_BID,"JPM,100043,193"
2019-06-28 10:36:30.000000000,BEST_ASK,"JPM,100404,100"
2019-06-28 10:36:30.000000000,BEST_BID,"JPM,100043,193"
2019-06-28 10:36:30.000000000,BEST_ASK,"JPM,100404,100"
2019-06-28 10:36:30.000000000,BEST_BID,"JPM,100043,193"
2019-06-28 10:36:30.000000000,BEST_ASK,"JPM,100404,193"
2019-06-28 10:36:30.000000000,BEST_BID,"JPM,100043,193"
2019-06-28 10:36:30.000000000,BEST_ASK,"JPM,100404,193"
2019-06-28 10:36:30.000000000,BEST_BID,"JPM,100043,193"
2019-06-28 10:36:30.000000000,BEST_ASK,"JPM,100404,193"
2019-06-28 10:36:30.000000000,BEST_BID,"JPM,100043,193"
2019-06-28 10:36:30.000000000,BEST_ASK,"JPM,100404,193"
2019-06-28 10:36:40.000000000,QUERY_SPREAD,1
2019-06-28 10:36:40.000000000,BEST_BID,"JPM,100043,193"
2019-06-28 10:36:40.000000000,BEST_ASK,"JPM,100404,100"
2019-06-28 10:36:40.000000000,BEST_BID,"JPM,100043,193"
2019-06-28 10:36:40.000000000,BEST_ASK,"JPM,100404,100"
2019-06-28 10:36:40.000000000,BEST_BID,"JPM,100043,193"
2019-06-28 10:36:40.000000000,BEST_ASK,"JPM,100404,100"
2019-06-28 10:36:40.000000000,BEST_BID,"JPM,100043,193"
2019-06-28 10:36:40.000000000,BEST_ASK,"JPM,100404,100"
2019-06-28 10:36:40.000000000,BEST_BID,"JPM,100043,193"
2019-06-28 10:36:40.000000000,BEST_ASK,"JPM,100404,193"
2019-06-28 10:36:40.000000000,BEST_BID,"JPM,100043,193"
2019-06-28 10:36:40.000000000,BEST_ASK,"JPM,100404,193"
2019-06-28 10:36:40.000000000,BEST_BID,"JPM,100043,193"
2019-06-28 10:36:40.000000000,BEST_ASK,"JPM,100404,193"
2019-06-28 10:36:40.000000000,BEST_BID,"JPM,100043,193"
2019-06-28 10:36:40.000000000,BEST_ASK,"JPM,100404,193"
2019-06-28 10:36:49.059137692,QUERY_SPREAD,19
2019-06-28 10:36:49.059137692,BEST_BID,"JPM,100043,93"
2019-06-28 10:36:49.059137692,BEST_ASK,"JPM,100404,193"
2019-06-28 10:36:49.059137692,LAST_TRADE,"100,$100043.0000"
2019-06-28 10:36:50.000000000,QUERY_SPREAD,1
2019-06-28 10:36:50.000000000,BEST_BID,"JPM,100006,471"
2019-06-28 10:36:50.000000000,BEST_ASK,"JPM,100404,100"
2019-06-28 10:36:50.000000000,BEST_BID,"JPM,100006,471"
2019-06-28 10:36:50.000000000,BEST_ASK,"JPM,100404,471"
2019-06-28 10:37:00.000000000,QUERY_SPREAD,1
2019-06-28 10:37:00.000000000,BEST_BID,"JPM,100006,471"
2019-06-28 10:37:00.000000000,BEST_ASK,"JPM,100404,100"
2019-06-28 10:37:00.000000000,BEST_BID,"JPM,100006,471"
2019-06-28 10:37:00.000000000,BEST_ASK,"JPM,100404,471"
2019-06-28 10:37:00.000000000,QUERY_SPREAD,77
2019-06-28 10:37:00.000000000,BEST_BID,"JPM,100006,471"
2019-06-28 10:37:00.000000000,BEST_ASK,"JPM,100404,466"
2019-06-28 10:37:00.000000000,LAST_TRADE,"5,$100404.0000"
2019-06-28 10:37:00.000000000,QUERY_SPREAD,78
2019-06-28 10:37:00.000000000,BEST_BID,"JPM,100006,471"
2019-06-28 10:37:00.000000000,BEST_ASK,"JPM,100404,458"
2019-06-28 10:37:00.000000000,LAST_TRADE,"8,$100404.0000"
2019-06-28 10:37:00.000000000,QUERY_SPREAD,79
2019-06-28 10:37:00.000000000,BEST_BID,"JPM,100006,471"
2019-06-28 10:37:00.000000000,BEST_ASK,"JPM,100404,453"
2019-06-28 10:37:00.000000000,LAST_TRADE,"5,$100404.0000"
2019-06-28 10:37:00.000000000,QUERY_SPREAD,80
2019-06-28 10:37:00.000000000,BEST_BID,"JPM,100006,471"
2019-06-28 10:37:00.000000000,BEST_ASK,"JPM,100404,445"
2019-06-28 10:37:00.000000000,LAST_TRADE,"8,$100404.0000"
2019-06-28 10:37:00.000000000,QUERY_SPREAD,81
2019-06-28 10:37:00.000000000,BEST_BID,"JPM,100006,471"
2019-06-28 10:37:00.000000000,BEST_ASK,"JPM,100404,436"
2019-06-28 10:37:00.000000000,LAST_TRADE,"9,$100404.0000"
2019-06-28 10:37:00.000000000,QUERY_SPREAD,82
2019-06-28 10:37:00.000000000,BEST_BID,"JPM,100006,471"
2019-06-28 10:37:00.000000000,BEST_ASK,"JPM,100404,433"
2019-06-28 10:37:00.000000000,LAST_TRADE,"3,$100404.0000"
2019-06-28 10:37:00.000000000,QUERY_SPREAD,83
2019-06-28 10:37:00.000000000,BEST_BID,"JPM,100006,471"
2019-06-28 10:37:00.000000000,BEST_ASK,"JPM,100404,425"
2019-06-28 10:37:00.000000000,LAST_TRADE,"8,$100404.0000"
2019-06-28 10:37:00.000000000,QUERY_SPREAD,84
2019-06-28 10:37:00.000000000,BEST_BID,"JPM,100006,471"
2019-06-28 10:37:00.000000000,BEST_ASK,"JPM,100404,421"
2019-06-28 10:37:00.000000000,LAST_TRADE,"4,$100404.0000"
2019-06-28 10:37:00.000000000,QUERY_SPREAD,85
2019-06-28 10:37:00.000000000,BEST_BID,"JPM,100006,471"
2019-06-28 10:37:00.000000000,BEST_ASK,"JPM,100404,416"
2019-06-28 10:37:00.000000000,LAST_TRADE,"5,$100404.0000"
2019-06-28 10:37:00.000000000,QUERY_SPREAD,86
2019-06-28 10:37:00.000000000,BEST_BID,"JPM,100006,471"
2019-06-28 10:37:00.000000000,BEST_ASK,"JPM,100404,414"
2019-06-28 10:37:00.000000000,LAST_TRADE,"2,$100404.0000"
2019-06-28 10:37:00.000000000,QUERY_SPREAD,87
2019-06-28 10:37:00.000000000,BEST_BID,"JPM,100006,471"
2019-06-28 10:37:00.000000000,BEST_ASK,"JPM,100404,407"
2019-06-28 10:37:00.000000000,LAST_TRADE,"7,$100404.0000"
2019-06-28 10:37:00.000000000,QUERY_SPREAD,88
2019-06-28 10:37:00.000000000,BEST_BID,"JPM,100006,471"
2019-06-28 10:37:00.000000000,BEST_ASK,"JPM,100404,399"
2019-06-28 10:37:00.000000000,LAST_TRADE,"8,$100404.0000"
2019-06-28 10:37:00.000000000,QUERY_SPREAD,89
2019-06-28 10:37:00.000000000,BEST_BID,"JPM,100006,471"
2019-06-28 10:37:00.000000000,BEST_ASK,"JPM,100404,394"
2019-06-28 10:37:00.000000000,LAST_TRADE,"5,$100404.0000"
2019-06-28 10:37:00.000000000,QUERY_SPREAD,90
2019-06-28 10:37:00.000000000,BEST_BID,"JPM,100006,471"
2019-06-28 10:37:00.000000000,BEST_ASK,"JPM,100404,390"
2019-06-28 10:37:00.000000000,LAST_TRADE,"4,$100404.0000"
2019-06-28 10:37:00.000000000,QUERY_SPREAD,91
2019-06-28 10:37:00.000000000,BEST_BID,"JPM,100006,471"
2019-06-28 10:37:00.000000000,BEST_ASK,"JPM,100404,387"
2019-06-28 10:37:00.000000000,LAST_TRADE,"3,$100404.0000"
2019-06-28 10:37:00.000000000,QUERY_SPREAD,92
2019-06-28 10:37:00.000000000,BEST_BID,"JPM,100006,471"
2019-06-28 10:37:00.000000000,BEST_ASK,"JPM,100404,382"
2019-06-28 10:37:00.000000000,LAST_TRADE,"5,$100404.0000"
2019-06-28 10:37:00.000000000,QUERY_SPREAD,93
2019-06-28 10:37:00.000000000,BEST_BID,"JPM,100006,471"
2019-06-28 10:37:00.000000000,BEST_ASK,"JPM,100404,375"
2019-06-28 10:37:00.000000000,LAST_TRADE,"7,$100404.0000"
2019-06-28 10:37:00.000000000,QUERY_SPREAD,94
2019-06-28 10:37:00.000000000,BEST_BID,"JPM,100006,471"
2019-06-28 10:37:00.000000000,BEST_ASK,"JPM,100404,374"
2019-06-28 10:37:00.000000000,LAST_TRADE,"1,$100404.0000"
2019-06-28 10:37:00.000000000,QUERY_SPREAD,95
2019-06-28 10:37:00.000000000,BEST_BID,"JPM,100006,471"
2019-06-28 10:37:00.000000000,BEST_ASK,"JPM,100404,373"
2019-06-28 10:37:00.000000000,LAST_TRADE,"1,$100404.0000"
2019-06-28 10:37:00.000000000,QUERY_SPREAD,96
2019-06-28 10:37:00.000000000,BEST_BID,"JPM,100006,471"
2019-06-28 10:37:00.000000000,BEST_ASK,"JPM,100404,369"
2019-06-28 10:37:00.000000000,LAST_TRADE,"4,$100404.0000"
2019-06-28 10:37:00.000000000,QUERY_SPREAD,97
2019-06-28 10:37:00.000000000,BEST_BID,"JPM,100006,471"
2019-06-28 10:37:00.000000000,BEST_ASK,"JPM,100404,366"
2019-06-28 10:37:00.000000000,LAST_TRADE,"3,$100404.0000"
2019-06-28 10:37:00.000000000,QUERY_SPREAD,98
2019-06-28 10:37:00.000000000,BEST_BID,"JPM,100006,471"
2019-06-28 10:37:00.000000000,BEST_ASK,"JPM,100404,361"
2019-06-28 10:37:00.000000000,LAST_TRADE,"5,$100404.0000"
2019-06-28 10:37:00.000000000,QUERY_SPREAD,99
2019-06-28 10:37:00.000000000,BEST_BID,"JPM,100006,471"
2019-06-28 10:37:00.000000000,BEST_ASK,"JPM,100404,357"
2019-06-28 10:37:00.000000000,LAST_TRADE,"4,$100404.0000"
2019-06-28 10:37:00.000000000,QUERY_SPREAD,100
2019-06-28 10:37:00.000000000,BEST_BID,"JPM,100006,471"
2019-06-28 10:37:00.000000000,BEST_ASK,"JPM,100404,352"
2019-06-28 10:37:00.000000000,LAST_TRADE,"5,$100404.0000"
2019-06-28 10:37:00.000000000,QUERY_SPREAD,101
2019-06-28 10:37:10.000000000,QUERY_SPREAD,1
2019-06-28 10:37:10.000000000,BEST_BID,"JPM,100006,286"
2019-06-28 10:37:10.000000000,BEST_ASK,"JPM,100618,100"
2019-06-28 10:37:10.000000000,BEST_BID,"JPM,100006,286"
2019-06-28 10:37:10.000000000,BEST_ASK,"JPM,100618,100"
2019-06-28 10:37:10.000000000,BEST_BID,"JPM,100006,286"
2019-06-28 10:37:10.000000000,BEST_ASK,"JPM,100618,286"
2019-06-28 10:37:10.000000000,BEST_BID,"JPM,100006,286"
2019-06-28 10:37:10.000000000,BEST_ASK,"JPM,100618,286"
2019-06-28 10:37:17.454253429,QUERY_SPREAD,24
2019-06-28 10:37:17.454253429,BEST_BID,"JPM,100006,186"
2019-06-28 10:37:17.454253429,BEST_ASK,"JPM,100618,286"
2019-06-28 10:37:17.454253429,LAST_TRADE,"100,$100006.0000"
2019-06-28 10:37:20.000000000,QUERY_SPREAD,1
2019-06-28 10:37:20.000000000,BEST_BID,"JPM,99955,174"
2019-06-28 10:37:20.000000000,BEST_ASK,"JPM,100618,100"
2019-06-28 10:37:20.000000000,BEST_BID,"JPM,99955,174"
2019-06-28 10:37:20.000000000,BEST_ASK,"JPM,100618,100"
2019-06-28 10:37:20.000000000,BEST_BID,"JPM,99955,174"
2019-06-28 10:37:20.000000000,BEST_ASK,"JPM,100618,100"
2019-06-28 10:37:20.000000000,BEST_BID,"JPM,99955,174"
2019-06-28 10:37:20.000000000,BEST_ASK,"JPM,100618,100"
2019-06-28 10:37:20.000000000,BEST_BID,"JPM,99955,174"
2019-06-28 10:37:20.000000000,BEST_ASK,"JPM,100618,100"
2019-06-28 10:37:20.000000000,BEST_BID,"JPM,99955,174"
2019-06-28 10:37:20.000000000,BEST_ASK,"JPM,100618,174"
2019-06-28 10:37:20.000000000,BEST_BID,"JPM,99955,174"
2019-06-28 10:37:20.000000000,BEST_ASK,"JPM,100618,174"
2019-06-28 10:37:20.000000000,BEST_BID,"JPM,99955,174"
2019-06-28 10:37:20.000000000,BEST_ASK,"JPM,100618,174"
2019-06-28 10:37:20.000000000,BEST_BID,"JPM,99955,174"
2019-06-28 10:37:20.000000000,BEST_ASK,"JPM,100618,174"
2019-06-28 10:37:20.000000000,BEST_BID,"JPM,99955,174"
2019-06-28 10:37:20.000000000,BEST_ASK,"JPM,100618,174"
2019-06-28 10:37:25.841433279,QUERY_ORDER_STREAM,59
2019-06-28 10:37:25.841433279,QUERY_SPREAD,59
2019-06-28 10:37:30.000000000,QUERY_SPREAD,1
2019-06-28 10:37:30.000000000,BEST_BID,"JPM,99955,193"
2019-06-28 10:37:30.000000000,BEST_ASK,"JPM,100618,100"
2019-06-28 10:37:30.000000000,BEST_BID,"JPM,99955,193"
2019-06-28 10:37:30.000000000,BEST_ASK,"JPM,100618,100"
2019-06-28 10:37:30.000000000,BEST_BID,"JPM,99955,193"
2019-06-28 10:37:30.000000000,BEST_ASK,"JPM,100618,100"
2019-06-28 10:37:30.000000000,BEST_BID,"JPM,99955,193"
2019-06-28 10:37:30.000000000,BEST_ASK,"JPM,100618,100"
2019-06-28 10:37:30.000000000,BEST_BID,"JPM,99955,193"
2019-06-28 10:37:30.000000000,BEST_ASK,"JPM,100618,193"
2019-06-28 10:37:30.000000000,BEST_BID,"JPM,99955,193"
2019-06-28 10:37:30.000000000,BEST_ASK,"JPM,100618,193"
2019-06-28 10:37:30.000000000,BEST_BID,"JPM,99955,193"
2019-06-28 10:37:30.000000000,BEST_ASK,"JPM,100618,193"
2019-06-28 10:37:30.000000000,BEST_BID,"JPM,99955,193"
2019-06-28 10:37:30.000000000,BEST_ASK,"JPM,100618,193"
2019-06-28 10:37:39.099343223,QUERY_SPREAD,33
2019-06-28 10:37:39.099343223,BEST_BID,"JPM,99955,193"
2019-06-28 10:37:39.099343223,BEST_ASK,"JPM,100618,193"
2019-06-28 10:37:40.000000000,QUERY_SPREAD,1
2019-06-28 10:37:40.000000000,BEST_BID,"JPM,99955,193"
2019-06-28 10:37:40.000000000,BEST_ASK,"JPM,100618,100"
2019-06-28 10:37:40.000000000,BEST_BID,"JPM,99955,193"
2019-06-28 10:37:40.000000000,BEST_ASK,"JPM,100618,100"
2019-06-28 10:37:40.000000000,BEST_BID,"JPM,99955,193"
2019-06-28 10:37:40.000000000,BEST_ASK,"JPM,100618,100"
2019-06-28 10:37:40.000000000,BEST_BID,"JPM,99955,193"
2019-06-28 10:37:40.000000000,BEST_ASK,"JPM,100618,100"
2019-06-28 10:37:40.000000000,BEST_BID,"JPM,99955,193"
2019-06-28 10:37:40.000000000,BEST_ASK,"JPM,100618,193"
2019-06-28 10:37:40.000000000,BEST_BID,"JPM,99955,193"
2019-06-28 10:37:40.000000000,BEST_ASK,"JPM,100618,193"
2019-06-28 10:37:40.000000000,BEST_BID,"JPM,99955,193"
2019-06-28 10:37:40.000000000,BEST_ASK,"JPM,100618,193"
2019-06-28 10:37:40.000000000,BEST_BID,"JPM,99955,193"
2019-06-28 10:37:40.000000000,BEST_ASK,"JPM,100618,193"
2019-06-28 10:37:41.185922068,QUERY_SPREAD,37
2019-06-28 10:37:41.185922068,BEST_BID,"JPM,99955,93"
2019-06-28 10:37:41.185922068,BEST_ASK,"JPM,100618,193"
2019-06-28 10:37:41.185922068,LAST_TRADE,"100,$99955.0000"
2019-06-28 10:37:41.639387464,QUERY_SPREAD,38
2019-06-28 10:37:41.639387464,BEST_BID,"JPM,99955,93"
2019-06-28 10:37:41.639387464,BEST_ASK,"JPM,100618,193"
2019-06-28 10:37:50.000000000,QUERY_SPREAD,1
2019-06-28 10:37:50.000000000,BEST_BID,"JPM,99896,471"
2019-06-28 10:37:50.000000000,BEST_ASK,"JPM,100618,100"
2019-06-28 10:37:50.000000000,BEST_BID,"JPM,99896,471"
2019-06-28 10:37:50.000000000,BEST_ASK,"JPM,100618,471"
2019-06-28 10:37:55.929346539,QUERY_SPREAD,18
2019-06-28 10:37:55.929346539,BEST_BID,"JPM,99896,371"
2019-06-28 10:37:55.929346539,BEST_ASK,"JPM,100618,471"
2019-06-28 10:37:55.929346539,LAST_TRADE,"100,$99896.0000"
2019-06-28 10:38:00.000000000,QUERY_SPREAD,1
2019-06-28 10:38:00.000000000,BEST_BID,"JPM,99873,471"
2019-06-28 10:38:00.000000000,BEST_ASK,"JPM,100618,100"
2019-06-28 10:38:00.000000000,BEST_BID,"JPM,99873,471"
2019-06-28 10:38:00.000000000,BEST_ASK,"JPM,100618,471"
2019-06-28 10:38:00.000000000,QUERY_SPREAD,77
2019-06-28 10:38:00.000000000,BEST_BID,"JPM,99873,471"
2019-06-28 10:38:00.000000000,BEST_ASK,"JPM,100618,466"
2019-06-28 10:38:00.000000000,LAST_TRADE,"5,$100618.0000"
2019-06-28 10:38:00.000000000,QUERY_SPREAD,78
2019-06-28 10:38:00.000000000,BEST_BID,"JPM,99873,471"
2019-06-28 10:38:00.000000000,BEST_ASK,"JPM,100618,458"
2019-06-28 10:38:00.000000000,LAST_TRADE,"8,$100618.0000"
2019-06-28 10:38:00.000000000,QUERY_SPREAD,79
2019-06-28 10:38:00.000000000,BEST_BID,"JPM,99873,471"
2019-06-28 10:38:00.000000000,BEST_ASK,"JPM,100618,453"
2019-06-28 10:38:00.000000000,LAST_TRADE,"5,$100618.0000"
2019-06-28 10:38:00.000000000,QUERY_SPREAD,80
2019-06-28 10:38:00.000000000,BEST_BID,"JPM,99873,471"
2019-06-28 10:38:00.000000000,BEST_ASK,"JPM,100618,445"
2019-06-28 10:38:00.000000000,LAST_TRADE,"8,$100618.0000"
2019-06-28 10:38:00.000000000,QUERY_SPREAD,81
2019-06-28 10:38:00.000000000,BEST_BID,"JPM,99873,471"
2019-06-28 10:38:00.000000000,BEST_ASK,"JPM,100618,436"
2019-06-28 10:38:00.000000000,LAST_TRADE,"9,$100618.0000"
2019-06-28 10:38:00.000000000,QUERY_SPREAD,82
2019-06-28 10:38:00.000000000,BEST_BID,"JPM,99873,471"
2019-06-28 10:38:00.000000000,BEST_ASK,"JPM,100618,433"
2019-06-28 10:38:00.000000000,LAST_TRADE,"3,$100618.0000"
2019-06-28 10:38:00.000000000,QUERY_SPREAD,83
2019-06-28 10:38:00.000000000,BEST_BID,"JPM,99873,471"
2019-06-28 10:38:00.000000000,BEST_ASK,"JPM,100618,425"
2019-06-28 10:38:00.000000000,LAST_TRADE,"8,$100618.0000"
2019-06-28 10:38:00.000000000,QUERY_SPREAD,84
2019-06-28 10:38:00.000000000,BEST_BID,"JPM,99873,471"
2019-06-28 10:38:00.000000000,BEST_ASK,"JPM,100618,421"
2019-06-28 10:38:00.000000000,LAST_TRADE,"4,$100618.0000"
2019-06-28 10:38:00.000000000,QUERY_SPREAD,85
2019-06-28 10:38:00.000000000,BEST_BID,"JPM,99873,471"
2019-06-28 10:38:00.000000000,BEST_ASK,"JPM,100618,416"
2019-06-28 10:38:00.000000000,LAST_TRADE,"5,$100618.0000"
2019-06-28 10:38:00.000000000,QUERY_SPREAD,86
2019-06-28 10:38:00.000000000,BEST_BID,"JPM,99873,471"
2019-06-28 10:38:00.000000000,BEST_ASK,"JPM,100618,414"
2019-06-28 10:38:00.000000000,LAST_TRADE,"2,$100618.0000"
2019-06-28 10:38:00.000000000,QUERY_SPREAD,87
2019-06-28 10:38:00.000000000,BEST_BID,"JPM,99873,471"
2019-06-28 10:38:00.000000000,BEST_ASK,"JPM,100618,407"
2019-06-28 10:38:00.000000000,LAST_TRADE,"7,$100618.0000"
2019-06-28 10:38:00.000000000,QUERY_SPREAD,88
2019-06-28 10:38:00.000000000,BEST_BID,"JPM,99873,471"
2019-06-28 10:38:00.000000000,BEST_ASK,"JPM,100618,399"
2019-06-28 10:38:00.000000000,LAST_TRADE,"8,$100618.0000"
2019-06-28 10:38:00.000000000,QUERY_SPREAD,89
2019-06-28 10:38:00.000000000,BEST_BID,"JPM,99873,471"
2019-06-28 10:38:00.000000000,BEST_ASK,"JPM,100618,394"
2019-06-28 10:38:00.000000000,LAST_TRADE,"5,$100618.0000"
2019-06-28 10:38:00.000000000,QUERY_SPREAD,90
2019-06-28 10:38:00.000000000,BEST_BID,"JPM,99873,471"
2019-06-28 10:38:00.000000000,BEST_ASK,"JPM,100618,390"
2019-06-28 10:38:00.000000000,LAST_TRADE,"4,$100618.0000"
2019-06-28 10:38:00.000000000,QUERY_SPREAD,91
2019-06-28 10:38:00.000000000,BEST_BID,"JPM,99873,471"
2019-06-28 10:38:00.000000000,BEST_ASK,"JPM,100618,387"
2019-06-28 10:38:00.000000000,LAST_TRADE,"3,$100618.0000"
2019-06-28 10:38:00.000000000,QUERY_SPREAD,92
2019-06-28 10:38:00.000000000,BEST_BID,"JPM,99873,471"
2019-06-28 10:38:00.000000000,BEST_ASK,"JPM,100618,382"
2019-06-28 10:38:00.000000000,LAST_TRADE,"5,$100618.0000"
2019-06-28 10:38:00.000000000,QUERY_SPREAD,93
2019-06-28 10:38:00.000000000,BEST_BID,"JPM,99873,471"
2019-06-28 10:38:00.000000000,BEST_ASK,"JPM,100618,375"
2019-06-28 10:38:00.000000000,LAST_TRADE,"7,$100618.0000"
2019-06-28 10:38:00.000000000,QUERY_SPREAD,94
2019-06-28 10:38:00.000000000,BEST_BID,"JPM,99873,471"
2019-06-28 10:38:00.000000000,BEST_ASK,"JPM,100618,374"
2019-06-28 10:38:00.000000000,LAST_TRADE,"1,$100618.0000"
2019-06-28 10:38:00.000000000,QUERY_SPREAD,95
2019-06-28 10:38:00.000000000,BEST_BID,"JPM,99873,471"
2019-06-28 10:38:00.000000000,BEST_ASK,"JPM,100618,373"
2019-06-28 10:38:00.000000000,LAST_TRADE,"1,$100618.0000"
2019-06-28 10:38:00.000000000,QUERY_SPREAD,96
2019-06-28 10:38:00.000000000,BEST_BID,"JPM,99873,471"
2019-06-28 10:38:00.000000000,BEST_ASK,"JPM,100618,369"
2019-06-28 10:38:00.000000000,LAST_TRADE,"4,$100618.0000"
2019-06-28 10:38:00.000000000,QUERY_SPREAD,97
2019-06-28 10:38:00.000000000,BEST_BID,"JPM,99873,471"
2019-06-28 10:38:00.000000000,BEST_ASK,"JPM,100618,366"
2019-06-28 10:38:00.000000000,LAST_TRADE,"3,$100618.0000"
2019-06-28 10:38:00.000000000,QUERY_SPREAD,98
2019-06-28 10:38:00.000000000,BEST_BID,"JPM,99873,471"
2019-06-28 10:38:00.000000000,BEST_ASK,"JPM,100618,361"
2019-06-28 10:38:00.000000000,LAST_TRADE,"5,$100618.0000"
2019-06-28 10:38:00.000000000,QUERY_SPREAD,99
2019-06-28 10:38:00.000000000,BEST_BID,"JPM,99873,471"
2019-06-28 10:38:00.000000000,BEST_ASK,"JPM,100618,357"
2019-06-28 10:38:00.000000000,LAST_TRADE,"4,$100618.0000"
2019-06-28 10:38:00.000000000,QUERY_SPREAD,100
2019-06-28 10:38:00.000000000,BEST_BID,"JPM,99873,471"
2019-06-28 10:38:00.000000000,BEST_ASK,"JPM,100618,352"
2019-06-28 10:38:00.000000000,LAST_TRADE,"5,$100618.0000"
2019-06-28 10:38:00.000000000,QUERY_SPREAD,101
2019-06-28 10:38:10.000000000,QUERY_SPREAD,1
2019-06-28 10:38:10.000000000,BEST_BID,"JPM,99873,226"
2019-06-28 10:38:10.000000000,BEST_ASK,"JPM,100780,100"
2019-06-28 10:38:10.000000000,BEST_BID,"JPM,99873,226"
2019-06-28 10:38:10.000000000,BEST_ASK,"JPM,100780,100"
2019-06-28 10:38:10.000000000,BEST_BID,"JPM,99873,226"
2019-06-28 10:38:10.000000000,BEST_ASK,"JPM,100780,100"
2019-06-28 10:38:10.000000000,BEST_BID,"JPM,99873,226"
2019-06-28 10:38:10.000000000,BEST_ASK,"JPM,100780,226"
2019-06-28 10:38:10.000000000,BEST_BID,"JPM,99873,226"
2019-06-28 10:38:10.000000000,BEST_ASK,"JPM,100780,226"
2019-06-28 10:38:10.000000000,BEST_BID,"JPM,99873,226"
2019-06-28 10:38:10.000000000,BEST_ASK,"JPM,100780,226"
2019-06-28 10:38:17.022797938,QUERY_SPREAD,27
2019-06-28 10:38:17.022797938,BEST_BID,"JPM,99873,226"
2019-06-28 10:38:17.022797938,BEST_ASK,"JPM,99953,100"
2019-06-28 10:38:20.000000000,QUERY_SPREAD,1
2019-06-28 10:38:20.000000000,BEST_BID,"JPM,99873,174"
2019-06-28 10:38:20.000000000,BEST_ASK,"JPM,99953,100"
2019-06-28 10:38:20.000000000,BEST_BID,"JPM,99873,174"
2019-06-28 10:38:20.000000000,BEST_ASK,"JPM,99953,100"
2019-06-28 10:38:20.000000000,BEST_BID,"JPM,99873,174"
2019-06-28 10:38:20.000000000,BEST_ASK,"JPM,99953,100"
2019-06-28 10:38:20.000000000,BEST_BID,"JPM,99873,174"
2019-06-28 10:38:20.000000000,BEST_ASK,"JPM,99953,100"
2019-06-28 10:38:20.000000000,BEST_BID,"JPM,99873,174"
2019-06-28 10:38:20.000000000,BEST_ASK,"JPM,99953,100"
2019-06-28 10:38:20.000000000,BEST_BID,"JPM,99873,174"
2019-06-28 10:38:20.000000000,BEST_ASK,"JPM,99953,174"
2019-06-28 10:38:20.000000000,BEST_BID,"JPM,99873,174"
2019-06-28 10:38:20.000000000,BEST_ASK,"JPM,99953,174"
2019-06-28 10:38:20.000000000,BEST_BID,"JPM,99873,174"
2019-06-28 10:38:20.000000000,BEST_ASK,"JPM,99953,174"
2019-06-28 10:38:20.000000000,BEST_BID,"JPM,99873,174"
2019-06-28 10:38:20.000000000,BEST_ASK,"JPM,99953,174"
2019-06-28 10:38:20.000000000,BEST_BID,"JPM,99873,174"
2019-06-28 10:38:20.000000000,BEST_ASK,"JPM,99953,174"
2019-06-28 10:38:21.508869165,QUERY_SPREAD,7
2019-06-28 10:38:21.508869165,BEST_BID,"JPM,99873,74"
2019-06-28 10:38:21.508869165,BEST_ASK,"JPM,99953,174"
2019-06-28 10:38:21.508869165,LAST_TRADE,"100,$99873.0000"
2019-06-28 10:38:28.380200986,QUERY_SPREAD,7
2019-06-28 10:38:28.380200986,BEST_BID,"JPM,99873,74"
2019-06-28 10:38:28.380200986,BEST_ASK,"JPM,99953,174"
2019-06-28 10:38:30.000000000,QUERY_SPREAD,1
2019-06-28 10:38:30.000000000,BEST_BID,"JPM,99828,174"
2019-06-28 10:38:30.000000000,BEST_ASK,"JPM,99953,100"
2019-06-28 10:38:30.000000000,BEST_BID,"JPM,99828,174"
2019-06-28 10:38:30.000000000,BEST_ASK,"JPM,99953,100"
2019-06-28 10:38:30.000000000,BEST_BID,"JPM,99828,174"
2019-06-28 10:38:30.000000000,BEST_ASK,"JPM,99953,100"
2019-06-28 10:38:30.000000000,BEST_BID,"JPM,99828,174"
2019-06-28 10:38:30.000000000,BEST_ASK,"JPM,99953,100"
2019-06-28 10:38:30.000000000,BEST_BID,"JPM,99828,174"
2019-06-28 10:38:30.000000000,BEST_ASK,"JPM,99953,100"
2019-06-28 10:38:30.000000000,BEST_BID,"JPM,99828,174"
2019-06-28 10:38:30.000000000,BEST_ASK,"JPM,99953,174"
2019-06-28 10:38:30.000000000,BEST_BID,"JPM,99828,174"
2019-06-28 10:38:30.000000000,BEST_ASK,"JPM,99953,174"
2019-06-28 10:38:30.000000000,BEST_BID,"JPM,99828,174"
2019-06-28 10:38:30.000000000,BEST_ASK,"JPM,99953,174"
2019-06-28 10:38:30.000000000,BEST_BID,"JPM,99828,174"
2019-06-28 10:38:30.000000000,BEST_ASK,"JPM,99953,174"
2019-06-28 10:38:30.000000000,BEST_BID,"JPM,99828,174"
2019-06-28 10:38:30.000000000,BEST_ASK,"JPM,99953,174"
2019-06-28 10:38:30.242129533,QUERY_SPREAD,9
2019-06-28 10:38:30.242129533,BEST_BID,"JPM,99828,174"
2019-06-28 10:38:30.242129533,BEST_ASK,"JPM,99900,100"
2019-06-28 10:38:40.000000000,QUERY_SPREAD,1
2019-06-28 10:38:40.000000000,BEST_BID,"JPM,99828,471"
2019-06-28 10:38:40.000000000,BEST_ASK,"JPM,99900,100"
2019-06-28 10:38:40.000000000,BEST_BID,"JPM,99828,471"
2019-06-28 10:38:40.000000000,BEST_ASK,"JPM,99900,471"
2019-06-28 10:38:42.470416125,QUERY_SPREAD,34
2019-06-28 10:38:42.470416125,BEST_BID,"JPM,99828,371"
2019-06-28 10:38:42.470416125,BEST_ASK,"JPM,99900,471"
2019-06-28 10:38:42.470416125,LAST_TRADE,"100,$99828.0000"
2019-06-28 10:38:50.000000000,QUERY_SPREAD,1
2019-06-28 10:38:50.000000000,BEST_BID,"JPM,99782,193"
2019-06-28 10:38:50.000000000,BEST_ASK,"JPM,99900,100"
2019-06-28 10:38:50.000000000,BEST_BID,"JPM,99782,193"
2019-06-28 10:38:50.000000000,BEST_ASK,"JPM,99900,100"
2019-06-28 10:38:50.000000000,BEST_BID,"JPM,99782,193"
2019-06-28 10:38:50.000000000,BEST_ASK,"JPM,99900,100"
2019-06-28 10:38:50.000000000,BEST_BID,"JPM,99782,193"
2019-06-28 10:38:50.000000000,BEST_ASK,"JPM,99900,100"
2019-06-28 10:38:50.000000000,BEST_BID,"JPM,99782,193"
2019-06-28 10:38:50.000000000,BEST_ASK,"JPM,99900,193"
2019-06-28 10:38:50.000000000,BEST_BID,"JPM,99782,193"
2019-06-28 10:38:50.000000000,BEST_ASK,"JPM,99900,193"
2019-06-28 10:38:50.000000000,BEST_BID,"JPM,99782,193"
2019-06-28 10:38:50.000000000,BEST_ASK,"JPM,99900,193"
2019-06-28 10:38:50.000000000,BEST_BID,"JPM,99782,193"
2019-06-28 10:38:50.000000000,BEST_ASK,"JPM,99900,193"
2019-06-28 10:38:57.031997097,QUERY_SPREAD,20
2019-06-28 10:38:57.031997097,BEST_BID,"JPM,99782,93"
2019-06-28 10:38:57.031997097,BEST_ASK,"JPM,99900,193"
2019-06-28 10:38:57.031997097,LAST_TRADE,"100,$99782.0000"
2019-06-28 10:39:00.000000000,QUERY_SPREAD,1
2019-06-28 10:39:00.000000000,BEST_BID,"JPM,99781,471"
2019-06-28 10:39:00.000000000,BEST_ASK,"JPM,99900,100"
2019-06-28 10:39:00.000000000,BEST_BID,"JPM,99781,471"
2019-06-28 10:39:00.000000000,BEST_ASK,"JPM,99900,471"
2019-06-28 10:39:00.000000000,QUERY_SPREAD,77
2019-06-28 10:39:00.000000000,BEST_BID,"JPM,99781,471"
2019-06-28 10:39:00.000000000,BEST_ASK,"JPM,99900,466"
2019-06-28 10:39:00.000000000,LAST_TRADE,"5,$99900.0000"
2019-06-28 10:39:00.000000000,QUERY_SPREAD,78
2019-06-28 10:39:00.000000000,BEST_BID,"JPM,99781,471"
2019-06-28 10:39:00.000000000,BEST_ASK,"JPM,99900,458"
2019-06-28 10:39:00.000000000,LAST_TRADE,"8,$99900.0000"
2019-06-28 10:39:00.000000000,QUERY_SPREAD,79
2019-06-28 10:39:00.000000000,BEST_BID,"JPM,99781,471"
2019-06-28 10:39:00.000000000,BEST_ASK,"JPM,99900,453"
2019-06-28 10:39:00.000000000,LAST_TRADE,"5,$99900.0000"
2019-06-28 10:39:00.000000000,QUERY_SPREAD,80
2019-06-28 10:39:00.000000000,BEST_BID,"JPM,99781,471"
2019-06-28 10:39:00.000000000,BEST_ASK,"JPM,99900,445"
2019-06-28 10:39:00.000000000,LAST_TRADE,"8,$99900.0000"
2019-06-28 10:39:00.000000000,QUERY_SPREAD,81
2019-06-28 10:39:00.000000000,BEST_BID,"JPM,99781,471"
2019-06-28 10:39:00.000000000,BEST_ASK,"JPM,99900,436"
2019-06-28 10:39:00.000000000,LAST_TRADE,"9,$99900.0000"
2019-06-28 10:39:00.000000000,QUERY_SPREAD,82
2019-06-28 10:39:00.000000000,BEST_BID,"JPM,99781,471"
2019-06-28 10:39:00.000000000,BEST_ASK,"JPM,99900,433"
2019-06-28 10:39:00.000000000,LAST_TRADE,"3,$99900.0000"
2019-06-28 10:39:00.000000000,QUERY_SPREAD,83
2019-06-28 10:39:00.000000000,BEST_BID,"JPM,99781,471"
2019-06-28 10:39:00.000000000,BEST_ASK,"JPM,99900,425"
2019-06-28 10:39:00.000000000,LAST_TRADE,"8,$99900.0000"
2019-06-28 10:39:00.000000000,QUERY_SPREAD,84
2019-06-28 10:39:00.000000000,BEST_BID,"JPM,99781,471"
2019-06-28 10:39:00.000000000,BEST_ASK,"JPM,99900,421"
2019-06-28 10:39:00.000000000,LAST_TRADE,"4,$99900.0000"
2019-06-28 10:39:00.000000000,QUERY_SPREAD,85
2019-06-28 10:39:00.000000000,BEST_BID,"JPM,99781,471"
2019-06-28 10:39:00.000000000,BEST_ASK,"JPM,99900,416"
2019-06-28 10:39:00.000000000,LAST_TRADE,"5,$99900.0000"
2019-06-28 10:39:00.000000000,QUERY_SPREAD,86
2019-06-28 10:39:00.000000000,BEST_BID,"JPM,99781,471"
2019-06-28 10:39:00.000000000,BEST_ASK,"JPM,99900,414"
2019-06-28 10:39:00.000000000,LAST_TRADE,"2,$99900.0000"
2019-06-28 10:39:00.000000000,QUERY_SPREAD,87
2019-06-28 10:39:00.000000000,BEST_BID,"JPM,99781,471"
2019-06-28 10:39:00.000000000,BEST_ASK,"JPM,99900,407"
2019-06-28 10:39:00.000000000,LAST_TRADE,"7,$99900.0000"
2019-06-28 10:39:00.000000000,QUERY_SPREAD,88
2019-06-28 10:39:00.000000000,BEST_BID,"JPM,99781,471"
2019-06-28 10:39:00.000000000,BEST_ASK,"JPM,99900,399"
2019-06-28 10:39:00.000000000,LAST_TRADE,"8,$99900.0000"
2019-06-28 10:39:00.000000000,QUERY_SPREAD,89
2019-06-28 10:39:00.000000000,BEST_BID,"JPM,99781,471"
2019-06-28 10:39:00.000000000,BEST_ASK,"JPM,99900,394"
2019-06-28 10:39:00.000000000,LAST_TRADE,"5,$99900.0000"
2019-06-28 10:39:00.000000000,QUERY_SPREAD,90
2019-06-28 10:39:00.000000000,BEST_BID,"JPM,99781,471"
2019-06-28 10:39:00.000000000,BEST_ASK,"JPM,99900,390"
2019-06-28 10:39:00.000000000,LAST_TRADE,"4,$99900.0000"
2019-06-28 10:39:00.000000000,QUERY_SPREAD,91
2019-06-28 10:39:00.000000000,BEST_BID,"JPM,99781,471"
2019-06-28 10:39:00.000000000,BEST_ASK,"JPM,99900,387"
2019-06-28 10:39:00.000000000,LAST_TRADE,"3,$99900.0000"
2019-06-28 10:39:00.000000000,QUERY_SPREAD,92
2019-06-28 10:39:00.000000000,BEST_BID,"JPM,99781,471"
2019-06-28 10:39:00.000000000,BEST_ASK,"JPM,99900,382"
2019-06-28 10:39:00.000000000,LAST_TRADE,"5,$99900.0000"
2019-06-28 10:39:00.000000000,QUERY_SPREAD,93
2019-06-28 10:39:00.000000000,BEST_BID,"JPM,99781,471"
2019-06-28 10:39:00.000000000,BEST_ASK,"JPM,99900,375"
2019-06-28 10:39:00.000000000,LAST_TRADE,"7,$99900.0000"
2019-06-28 10:39:00.000000000,QUERY_SPREAD,94
2019-06-28 10:39:00.000000000,BEST_BID,"JPM,99781,471"
2019-06-28 10:39:00.000000000,BEST_ASK,"JPM,99900,374"
2019-06-28 10:39:00.000000000,LAST_TRADE,"1,$99900.0000"
2019-06-28 10:39:00.000000000,QUERY_SPREAD,95
2019-06-28 10:39:00.000000000,BEST_BID,"JPM,99781,471"
2019-06-28 10:39:00.000000000,BEST_ASK,"JPM,99900,373"
2019-06-28 10:39:00.000000000,LAST_TRADE,"1,$99900.0000"
2019-06-28 10:39:00.000000000,QUERY_SPREAD,96
2019-06-28 10:39:00.000000000,BEST_BID,"JPM,99781,471"
2019-06-28 10:39:00.000000000,BEST_ASK,"JPM,99900,369"
2019-06-28 10:39:00.000000000,LAST_TRADE,"4,$99900.0000"
2019-06-28 10:39:00.000000000,QUERY_SPREAD,97
2019-06-28 10:39:00.000000000,BEST_BID,"JPM,99781,471"
2019-06-28 10:39:00.000000000,BEST_ASK,"JPM,99900,366"
2019-06-28 10:39:00.000000000,LAST_TRADE,"3,$99900.0000"
2019-06-28 10:39:00.000000000,QUERY_SPREAD,98
2019-06-28 10:39:00.000000000,BEST_BID,"JPM,99781,471"
2019-06-28 10:39:00.000000000,BEST_ASK,"JPM,99900,361"
2019-06-28 10:39:00.000000000,LAST_TRADE,"5,$99900.0000"
2019-06-28 10:39:00.000000000,QUERY_SPREAD,99
2019-06-28 10:39:00.000000000,BEST_BID,"JPM,99781,471"
2019-06-28 10:39:00.000000000,BEST_ASK,"JPM,99900,357"
2019-06-28 10:39:00.000000000,LAST_TRADE,"4,$99900.0000"
2019-06-28 10:39:00.000000000,QUERY_SPREAD,100
2019-06-28 10:39:00.000000000,BEST_BID,"JPM,99781,471"
2019-06-28 10:39:00.000000000,BEST_ASK,"JPM,99900,352"
2019-06-28 10:39:00.000000000,LAST_TRADE,"5,$99900.0000"
2019-06-28 10:39:00.000000000,QUERY_SPREAD,101
2019-06-28 10:39:00.215260746,QUERY_ORDER_STREAM,72
2019-06-28 10:39:00.215260746,QUERY_SPREAD,72
2019-06-28 10:39:06.059729499,QUERY_SPREAD,13
2019-06-28 10:39:06.059729499,BEST_BID,"JPM,99781,371"
2019-06-28 10:39:06.059729499,BEST_ASK,"JPM,99900,352"
2019-06-28 10:39:06.059729499,LAST_TRADE,"100,$99781.0000"
2019-06-28 10:39:06.982153867,QUERY_SPREAD,34
2019-06-28 10:39:06.982153867,BEST_BID,"JPM,99781,271"
2019-06-28 10:39:06.982153867,BEST_ASK,"JPM,99900,352"
2019-06-28 10:39:06.982153867,LAST_TRADE,"100,$99781.0000"
2019-06-28 10:39:10.000000000,QUERY_SPREAD,1
2019-06-28 10:39:10.000000000,BEST_BID,"JPM,99728,174"
2019-06-28 10:39:10.000000000,BEST_ASK,"JPM,99953,100"
2019-06-28 10:39:10.000000000,BEST_BID,"JPM,99728,174"
2019-06-28 10:39:10.000000000,BEST_ASK,"JPM,99953,100"
2019-06-28 10:39:10.000000000,BEST_BID,"JPM,99728,174"
2019-06-28 10:39:10.000000000,BEST_ASK,"JPM,99953,100"
2019-06-28 10:39:10.000000000,BEST_BID,"JPM,99728,174"
2019-06-28 10:39:10.000000000,BEST_ASK,"JPM,99953,100"
2019-06-28 10:39:10.000000000,BEST_BID,"JPM,99728,174"
2019-06-28 10:39:10.000000000,BEST_ASK,"JPM,99953,100"
2019-06-28 10:39:10.000000000,BEST_BID,"JPM,99728,174"
2019-06-28 10:39:10.000000000,BEST_ASK,"JPM,99953,174"
2019-06-28 10:39:10.000000000,BEST_BID,"JPM,99728,174"
2019-06-28 10:39:10.000000000,BEST_ASK,"JPM,99953,174"
2019-06-28 10:39:10.000000000,BEST_BID,"JPM,99728,174"
2019-06-28 10:39:10.000000000,BEST_ASK,"JPM,99953,174"
2019-06-28 10:39:10.000000000,BEST_BID,"JPM,99728,174"
2019-06-28 10:39:10.000000000,BEST_ASK,"JPM,99953,174"
2019-06-28 10:39:10.000000000,BEST_BID,"JPM,99728,174"
2019-06-28 10:39:10.000000000,BEST_ASK,"JPM,99953,174"
2019-06-28 10:39:20.000000000,QUERY_SPREAD,1
2019-06-28 10:39:20.000000000,BEST_BID,"JPM,99728,193"
2019-06-28 10:39:20.000000000,BEST_ASK,"JPM,99953,100"
2019-06-28 10:39:20.000000000,BEST_BID,"JPM,99728,193"
2019-06-28 10:39:20.000000000,BEST_ASK,"JPM,99953,100"
2019-06-28 10:39:20.000000000,BEST_BID,"JPM,99728,193"
2019-06-28 10:39:20.000000000,BEST_ASK,"JPM,99953,100"
2019-06-28 10:39:20.000000000,BEST_BID,"JPM,99728,193"
2019-06-28 10:39:20.000000000,BEST_ASK,"JPM,99953,100"
2019-06-28 10:39:20.000000000,BEST_BID,"JPM,99728,193"
2019-06-28 10:39:20.000000000,BEST_ASK,"JPM,99953,193"
2019-06-28 10:39:20.000000000,BEST_BID,"JPM,99728,193"
2019-06-28 10:39:20.000000000,BEST_ASK,"JPM,99953,193"
2019-06-28 10:39:20.000000000,BEST_BID,"JPM,99728,193"
2019-06-28 10:39:20.000000000,BEST_ASK,"JPM,99953,193"
2019-06-28 10:39:20.000000000,BEST_BID,"JPM,99728,193"
2019-06-28 10:39:20.000000000,BEST_ASK,"JPM,99953,193"
2019-06-28 10:39:21.020867978,QUERY_ORDER_STREAM,56
2019-06-28 10:39:21.020867978,QUERY_SPREAD,56
2019-06-28 10:39:30.000000000,QUERY_SPREAD,1
2019-06-28 10:39:30.000000000,BEST_BID,"JPM,99728,286"
2019-06-28 10:39:30.000000000,BEST_ASK,"JPM,99953,100"
2019-06-28 10:39:30.000000000,BEST_BID,"JPM,99728,286"
2019-06-28 10:39:30.000000000,BEST_ASK,"JPM,99953,100"
2019-06-28 10:39:30.000000000,BEST_BID,"JPM,99728,286"
2019-06-28 10:39:30.000000000,BEST_ASK,"JPM,99953,286"
2019-06-28 10:39:30.000000000,BEST_BID,"JPM,99728,286"
2019-06-28 10:39:30.000000000,BEST_ASK,"JPM,99953,286"
2019-06-28 10:39:39.896021296,QUERY_ORDER_STREAM,65
2019-06-28 10:39:39.896021296,QUERY_SPREAD,65
2019-06-28 10:39:40.000000000,QUERY_SPREAD,1
2019-06-28 10:39:40.000000000,BEST_BID,"JPM,99728,174"
2019-06-28 10:39:40.000000000,BEST_ASK,"JPM,99953,100"
2019-06-28 10:39:40.000000000,BEST_BID,"JPM,99728,174"
2019-06-28 10:39:40.000000000,BEST_ASK,"JPM,99953,100"
2019-06-28 10:39:40.000000000,BEST_BID,"JPM,99728,174"
2019-06-28 10:39:40.000000000,BEST_ASK,"JPM,99953,100"
2019-06-28 10:39:40.000000000,BEST_BID,"JPM,99728,174"
2019-06-28 10:39:40.000000000,BEST_ASK,"JPM,99953,100"
2019-06-28 10:39:40.000000000,BEST_BID,"JPM,99728,174"
2019-06-28 10:39:40.000000000,BEST_ASK,"JPM,99953,100"
2019-06-28 10:39:40.000000000,BEST_BID,"JPM,99728,174"
2019-06-28 10:39:40.000000000,BEST_ASK,"JPM,99953,174"
2019-06-28 10:39:40.000000000,BEST_BID,"JPM,99728,174"
2019-06-28 10:39:40.000000000,BEST_ASK,"JPM,99953,174"
2019-06-28 10:39:40.000000000,BEST_BID,"JPM,99728,174"
2019-06-28 10:39:40.000000000,BEST_ASK,"JPM,99953,174"
2019-06-28 10:39:40.000000000,BEST_BID,"JPM,99728,174"
2019-06-28 10:39:40.000000000,BEST_ASK,"JPM,99953,174"
2019-06-28 10:39:40.000000000,BEST_BID,"JPM,99728,174"
2019-06-28 10:39:40.000000000,BEST_ASK,"JPM,99953,174"
2019-06-28 10:39:44.698874737,QUERY_ORDER_STREAM,58
2019-06-28 10:39:44.698874737,QUERY_SPREAD,58
2019-06-28 10:39:49.595724501,QUERY_SPREAD,38
2019-06-28 10:39:49.595724501,BEST_BID,"JPM,99728,174"
2019-06-28 10:39:49.595724501,BEST_ASK,"JPM,99953,174"
2019-06-28 10:39:50.000000000,QUERY_SPREAD,1
2019-06-28 10:39:50.000000000,BEST_BID,"JPM,99728,174"
2019-06-28 10:39:50.000000000,BEST_ASK,"JPM,99953,100"
2019-06-28 10:39:50.000000000,BEST_BID,"JPM,99728,174"
2019-06-28 10:39:50.000000000,BEST_ASK,"JPM,99953,100"
2019-06-28 10:39:50.000000000,BEST_BID,"JPM,99728,174"
2019-06-28 10:39:50.000000000,BEST_ASK,"JPM,99953,100"
2019-06-28 10:39:50.000000000,BEST_BID,"JPM,99728,174"
2019-06-28 10:39:50.000000000,BEST_ASK,"JPM,99953,100"
2019-06-28 10:39:50.000000000,BEST_BID,"JPM,99728,174"
2019-06-28 10:39:50.000000000,BEST_ASK,"JPM,99953,100"
2019-06-28 10:39:50.000000000,BEST_BID,"JPM,99728,174"
2019-06-28 10:39:50.000000000,BEST_ASK,"JPM,99953,174"
2019-06-28 10:39:50.000000000,BEST_BID,"JPM,99728,174"
2019-06-28 10:39:50.000000000,BEST_ASK,"JPM,99953,174"
2019-06-28 10:39:50.000000000,BEST_BID,"JPM,99728,174"
2019-06-28 10:39:50.000000000,BEST_ASK,"JPM,99953,174"
2019-06-28 10:39:50.000000000,BEST_BID,"JPM,99728,174"
2019-06-28 10:39:50.000000000,BEST_ASK,"JPM,99953,174"
2019-06-28 10:39:50.000000000,BEST_BID,"JPM,99728,174"
2019-06-28 10:39:50.000000000,BEST_ASK,"JPM,99953,174"
2019-06-28 10:39:52.431901965,QUERY_ORDER_STREAM,62
2019-06-28 10:39:52.431901965,QUERY_SPREAD,62
2019-06-28 10:39:52.431901965,BEST_BID,"JPM,99728,174"
2019-06-28 10:39:52.431901965,BEST_ASK,"JPM,99781,100"
2019-06-28 10:39:56.704771490,QUERY_ORDER_STREAM,54
2019-06-28 10:39:56.704771490,QUERY_SPREAD,54
2019-06-28 10:39:56.704771490,BEST_BID,"JPM,99728,174"
2019-06-28 10:39:56.704771490,BEST_ASK,"JPM,99781,200"
2019-06-28 10:40:00.000000000,QUERY_SPREAD,1
2019-06-28 10:40:00.000000000,BEST_BID,"JPM,99728,174"
2019-06-28 10:40:00.000000000,BEST_ASK,"JPM,99781,200"
2019-06-28 10:40:00.000000000,BEST_BID,"JPM,99728,174"
2019-06-28 10:40:00.000000000,BEST_ASK,"JPM,99781,200"
2019-06-28 10:40:00.000000000,BEST_BID,"JPM,99728,174"
2019-06-28 10:40:00.000000000,BEST_ASK,"JPM,99781,200"
2019-06-28 10:40:00.000000000,BEST_BID,"JPM,99728,174"
2019-06-28 10:40:00.000000000,BEST_ASK,"JPM,99781,200"
2019-06-28 10:40:00.000000000,BEST_BID,"JPM,99728,174"
2019-06-28 10:40:00.000000000,BEST_ASK,"JPM,99781,200"
2019-06-28 10:40:00.000000000,BEST_BID,"JPM,99728,174"
2019-06-28 10:40:00.000000000,BEST_ASK,"JPM,99781,274"
2019-06-28 10:40:00.000000000,BEST_BID,"JPM,99728,174"
2019-06-28 10:40:00.000000000,BEST_ASK,"JPM,99781,274"
2019-06-28 10:40:00.000000000,BEST_BID,"JPM,99728,174"
2019-06-28 10:40:00.000000000,BEST_ASK,"JPM,99781,274"
2019-06-28 10:40:00.000000000,BEST_BID,"JPM,99728,174"
2019-06-28 10:40:00.000000000,BEST_ASK,"JPM,99781,274"
2019-06-28 10:40:00.000000000,BEST_BID,"JPM,99728,174"
2019-06-28 10:40:00.000000000,BEST_ASK,"JPM,99781,274"
2019-06-28 10:40:00.000000000,QUERY_SPREAD,77
2019-06-28 10:40:00.000000000,BEST_BID,"JPM,99728,174"
2019-06-28 10:40:00.000000000,BEST_ASK,"JPM,99781,269"
2019-06-28 10:40:00.000000000,LAST_TRADE,"5,$99781.0000"
2019-06-28 10:40:00.000000000,QUERY_SPREAD,78
2019-06-28 10:40:00.000000000,BEST_BID,"JPM,99728,174"
2019-06-28 10:40:00.000000000,BEST_ASK,"JPM,99781,261"
2019-06-28 10:40:00.000000000,LAST_TRADE,"8,$99781.0000"
2019-06-28 10:40:00.000000000,QUERY_SPREAD,79
2019-06-28 10:40:00.000000000,BEST_BID,"JPM,99728,174"
2019-06-28 10:40:00.000000000,BEST_ASK,"JPM,99781,256"
2019-06-28 10:40:00.000000000,LAST_TRADE,"5,$99781.0000"
2019-06-28 10:40:00.000000000,QUERY_SPREAD,80
2019-06-28 10:40:00.000000000,BEST_BID,"JPM,99728,174"
2019-06-28 10:40:00.000000000,BEST_ASK,"JPM,99781,248"
2019-06-28 10:40:00.000000000,LAST_TRADE,"8,$99781.0000"
2019-06-28 10:40:00.000000000,QUERY_SPREAD,81
2019-06-28 10:40:00.000000000,BEST_BID,"JPM,99728,174"
2019-06-28 10:40:00.000000000,BEST_ASK,"JPM,99781,239"
2019-06-28 10:40:00.000000000,LAST_TRADE,"9,$99781.0000"
2019-06-28 10:40:00.000000000,QUERY_SPREAD,82
2019-06-28 10:40:00.000000000,BEST_BID,"JPM,99728,174"
2019-06-28 10:40:00.000000000,BEST_ASK,"JPM,99781,236"
2019-06-28 10:40:00.000000000,LAST_TRADE,"3,$99781.0000"
2019-06-28 10:40:00.000000000,QUERY_SPREAD,83
2019-06-28 10:40:00.000000000,BEST_BID,"JPM,99728,174"
2019-06-28 10:40:00.000000000,BEST_ASK,"JPM,99781,228"
2019-06-28 10:40:00.000000000,LAST_TRADE,"8,$99781.0000"
2019-06-28 10:40:00.000000000,QUERY_SPREAD,84
2019-06-28 10:40:00.000000000,BEST_BID,"JPM,99728,174"
2019-06-28 10:40:00.000000000,BEST_ASK,"JPM,99781,224"
2019-06-28 10:40:00.000000000,LAST_TRADE,"4,$99781.0000"
2019-06-28 10:40:00.000000000,QUERY_SPREAD,85
2019-06-28 10:40:00.000000000,BEST_BID,"JPM,99728,174"
2019-06-28 10:40:00.000000000,BEST_ASK,"JPM,99781,219"
2019-06-28 10:40:00.000000000,LAST_TRADE,"5,$99781.0000"
2019-06-28 10:40:00.000000000,QUERY_SPREAD,86
2019-06-28 10:40:00.000000000,BEST_BID,"JPM,99728,174"
2019-06-28 10:40:00.000000000,BEST_ASK,"JPM,99781,217"
2019-06-28 10:40:00.000000000,LAST_TRADE,"2,$99781.0000"
2019-06-28 10:40:00.000000000,QUERY_SPREAD,87
2019-06-28 10:40:00.000000000,BEST_BID,"JPM,99728,174"
2019-06-28 10:40:00.000000000,BEST_ASK,"JPM,99781,210"
2019-06-28 10:40:00.000000000,LAST_TRADE,"7,$99781.0000"
2019-06-28 10:40:00.000000000,QUERY_SPREAD,88
2019-06-28 10:40:00.000000000,BEST_BID,"JPM,99728,174"
2019-06-28 10:40:00.000000000,BEST_ASK,"JPM,99781,202"
2019-06-28 10:40:00.000000000,LAST_TRADE,"8,$99781.0000"
2019-06-28 10:40:00.000000000,QUERY_SPREAD,89
2019-06-28 10:40:00.000000000,BEST_BID,"JPM,99728,174"
2019-06-28 10:40:00.000000000,BEST_ASK,"JPM,99781,197"
2019-06-28 10:40:00.000000000,LAST_TRADE,"5,$99781.0000"
2019-06-28 10:40:00.000000000,QUERY_SPREAD,90
2019-06-28 10:40:00.000000000,BEST_BID,"JPM,99728,174"
2019-06-28 10:40:00.000000000,BEST_ASK,"JPM,99781,193"
2019-06-28 10:40:00.000000000,LAST_TRADE,"4,$99781.0000"
2019-06-28 10:40:00.000000000,QUERY_SPREAD,91
2019-06-28 10:40:00.000000000,BEST_BID,"JPM,99728,174"
2019-06-28 10:40:00.000000000,BEST_ASK,"JPM,99781,190"
2019-06-28 10:40:00.000000000,LAST_TRADE,"3,$99781.0000"
2019-06-28 10:40:00.000000000,QUERY_SPREAD,92
2019-06-28 10:40:00.000000000,BEST_BID,"JPM,99728,174"
2019-06-28 10:40:00.000000000,BEST_ASK,"JPM,99781,185"
2019-06-28 10:40:00.000000000,LAST_TRADE,"5,$99781.0000"
2019-06-28 10:40:00.000000000,QUERY_SPREAD,93
2019-06-28 10:40:00.000000000,BEST_BID,"JPM,99728,174"
2019-06-28 10:40:00.000000000,BEST_ASK,"JPM,99781,178"
2019-06-28 10:40:00.000000000,LAST_TRADE,"7,$99781.0000"
2019-06-28 10:40:00.000000000,QUERY_SPREAD,94
2019-06-28 10:40:00.000000000,BEST_BID,"JPM,99728,174"
2019-06-28 10:40:00.000000000,BEST_ASK,"JPM,99781,177"
2019-06-28 10:40:00.000000000,LAST_TRADE,"1,$99781.0000"
2019-06-28 10:40:00.000000000,QUERY_SPREAD,95
2019-06-28 10:40:00.000000000,BEST_BID,"JPM,99728,174"
2019-06-28 10:40:00.000000000,BEST_ASK,"JPM,99781,176"
2019-06-28 10:40:00.000000000,LAST_TRADE,"1,$99781.0000"
2019-06-28 10:40:00.000000000,QUERY_SPREAD,96
2019-06-28 10:40:00.000000000,BEST_BID,"JPM,99728,174"
2019-06-28 10:40:00.000000000,BEST_ASK,"JPM,99781,172"
2019-06-28 10:40:00.000000000,LAST_TRADE,"4,$99781.0000"
2019-06-28 10:40:00.000000000,QUERY_SPREAD,97
2019-06-28 10:40:00.000000000,BEST_BID,"JPM,99728,174"
2019-06-28 10:40:00.000000000,BEST_ASK,"JPM,99781,169"
2019-06-28 10:40:00.000000000,LAST_TRADE,"3,$99781.0000"
2019-06-28 10:40:00.000000000,QUERY_SPREAD,98
2019-06-28 10:40:00.000000000,BEST_BID,"JPM,99728,174"
2019-06-28 10:40:00.000000000,BEST_ASK,"JPM,99781,164"
2019-06-28 10:40:00.000000000,LAST_TRADE,"5,$99781.0000"
2019-06-28 10:40:00.000000000,QUERY_SPREAD,99
2019-06-28 10:40:00.000000000,BEST_BID,"JPM,99728,174"
2019-06-28 10:40:00.000000000,BEST_ASK,"JPM,99781,160"
2019-06-28 10:40:00.000000000,LAST_TRADE,"4,$99781.0000"
2019-06-28 10:40:00.000000000,QUERY_SPREAD,100
2019-06-28 10:40:00.000000000,BEST_BID,"JPM,99728,174"
2019-06-28 10:40:00.000000000,BEST_ASK,"JPM,99781,155"
2019-06-28 10:40:00.000000000,LAST_TRADE,"5,$99781.0000"
2019-06-28 10:40:00.000000000,QUERY_SPREAD,101
2019-06-28 10:40:10.000000000,QUERY_SPREAD,1
2019-06-28 10:40:10.000000000,BEST_BID,"JPM,99728,226"
2019-06-28 10:40:10.000000000,BEST_ASK,"JPM,99781,81"
2019-06-28 10:40:10.000000000,BEST_BID,"JPM,99728,226"
2019-06-28 10:40:10.000000000,BEST_ASK,"JPM,99781,81"
2019-06-28 10:40:10.000000000,BEST_BID,"JPM,99728,226"
2019-06-28 10:40:10.000000000,BEST_ASK,"JPM,99781,81"
2019-06-28 10:40:10.000000000,BEST_BID,"JPM,99728,226"
2019-06-28 10:40:10.000000000,BEST_ASK,"JPM,99781,207"
2019-06-28 10:40:10.000000000,BEST_BID,"JPM,99728,226"
2019-06-28 10:40:10.000000000,BEST_ASK,"JPM,99781,207"
2019-06-28 10:40:10.000000000,BEST_BID,"JPM,99728,226"
2019-06-28 10:40:10.000000000,BEST_ASK,"JPM,99781,207"
2019-06-28 10:40:10.741504593,QUERY_ORDER_STREAM,75
2019-06-28 10:40:10.741504593,QUERY_SPREAD,75
2019-06-28 10:40:20.000000000,QUERY_SPREAD,1
2019-06-28 10:40:20.000000000,BEST_BID,"JPM,99728,193"
2019-06-28 10:40:20.000000000,BEST_ASK,"JPM,99781,81"
2019-06-28 10:40:20.000000000,BEST_BID,"JPM,99728,193"
2019-06-28 10:40:20.000000000,BEST_ASK,"JPM,99781,81"
2019-06-28 10:40:20.000000000,BEST_BID,"JPM,99728,193"
2019-06-28 10:40:20.000000000,BEST_ASK,"JPM,99781,81"
2019-06-28 10:40:20.000000000,BEST_BID,"JPM,99728,193"
2019-06-28 10:40:20.000000000,BEST_ASK,"JPM,99781,81"
2019-06-28 10:40:20.000000000,BEST_BID,"JPM,99728,193"
2019-06-28 10:40:20.000000000,BEST_ASK,"JPM,99781,174"
2019-06-28 10:40:20.000000000,BEST_BID,"JPM,99728,193"
2019-06-28 10:40:20.000000000,BEST_ASK,"JPM,99781,174"
2019-06-28 10:40:20.000000000,BEST_BID,"JPM,99728,193"
2019-06-28 10:40:20.000000000,BEST_ASK,"JPM,99781,174"
2019-06-28 10:40:20.000000000,BEST_BID,"JPM,99728,193"
2019-06-28 10:40:20.000000000,BEST_ASK,"JPM,99781,174"
2019-06-28 10:40:27.037743627,QUERY_SPREAD,38
2019-06-28 10:40:27.037743627,BEST_BID,"JPM,99728,193"
2019-06-28 10:40:27.037743627,BEST_ASK,"JPM,99781,74"
2019-06-28 10:40:27.037743627,LAST_TRADE,"100,$99781.0000"
2019-06-28 10:40:30.000000000,QUERY_SPREAD,1
2019-06-28 10:40:30.000000000,BEST_BID,"JPM,99728,286"
2019-06-28 10:40:30.000000000,BEST_ASK,"JPM,99953,100"
2019-06-28 10:40:30.000000000,BEST_BID,"JPM,99728,286"
2019-06-28 10:40:30.000000000,BEST_ASK,"JPM,99953,100"
2019-06-28 10:40:30.000000000,BEST_BID,"JPM,99728,286"
2019-06-28 10:40:30.000000000,BEST_ASK,"JPM,99953,286"
2019-06-28 10:40:30.000000000,BEST_BID,"JPM,99728,286"
2019-06-28 10:40:30.000000000,BEST_ASK,"JPM,99953,286"
2019-06-28 10:40:40.000000000,QUERY_SPREAD,1
2019-06-28 10:40:40.000000000,BEST_BID,"JPM,99728,174"
2019-06-28 10:40:40.000000000,BEST_ASK,"JPM,99953,100"
2019-06-28 10:40:40.000000000,BEST_BID,"JPM,99728,174"
2019-06-28 10:40:40.000000000,BEST_ASK,"JPM,99953,100"
2019-06-28 10:40:40.000000000,BEST_BID,"JPM,99728,174"
2019-06-28 10:40:40.000000000,BEST_ASK,"JPM,99953,100"
2019-06-28 10:40:40.000000000,BEST_BID,"JPM,99728,174"
2019-06-28 10:40:40.000000000,BEST_ASK,"JPM,99953,100"
2019-06-28 10:40:40.000000000,BEST_BID,"JPM,99728,174"
2019-06-28 10:40:40.000000000,BEST_ASK,"JPM,99953,100"
2019-06-28 10:40:40.000000000,BEST_BID,"JPM,99728,174"
2019-06-28 10:40:40.000000000,BEST_ASK,"JPM,99953,174"
2019-06-28 10:40:40.000000000,BEST_BID,"JPM,99728,174"
2019-06-28 10:40:40.000000000,BEST_ASK,"JPM,99953,174"
2019-06-28 10:40:40.000000000,BEST_BID,"JPM,99728,174"
2019-06-28 10:40:40.000000000,BEST_ASK,"JPM,99953,174"
2019-06-28 10:40:40.000000000,BEST_BID,"JPM,99728,174"
2019-06-28 10:40:40.000000000,BEST_ASK,"JPM,99953,174"
2019-06-28 10:40:40.000000000,BEST_BID,"JPM,99728,174"
2019-06-28 10:40:40.000000000,BEST_ASK,"JPM,99953,174"
2019-06-28 10:40:50.000000000,QUERY_SPREAD,1
2019-06-28 10:40:50.000000000,BEST_BID,"JPM,99728,174"
2019-06-28 10:40:50.000000000,BEST_ASK,"JPM,99953,100"
2019-06-28 10:40:50.000000000,BEST_BID,"JPM,99728,174"
2019-06-28 10:40:50.000000000,BEST_ASK,"JPM,99953,100"
2019-06-28 10:40:50.000000000,BEST_BID,"JPM,99728,174"
2019-06-28 10:40:50.000000000,BEST_ASK,"JPM,99953,100"
2019-06-28 10:40:50.000000000,BEST_BID,"JPM,99728,174"
2019-06-28 10:40:50.000000000,BEST_ASK,"JPM,99953,100"
2019-06-28 10:40:50.000000000,BEST_BID,"JPM,99728,174"
2019-06-28 10:40:50.000000000,BEST_ASK,"JPM,99953,100"
2019-06-28 10:40:50.000000000,BEST_BID,"JPM,99728,174"
2019-06-28 10:40:50.000000000,BEST_ASK,"JPM,99953,174"
2019-06-28 10:40:50.000000000,BEST_BID,"JPM,99728,174"
2019-06-28 10:40:50.000000000,BEST_ASK,"JPM,99953,174"
2019-06-28 10:40:50.000000000,BEST_BID,"JPM,99728,174"
2019-06-28 10:40:50.000000000,BEST_ASK,"JPM,99953,174"
2019-06-28 10:40:50.000000000,BEST_BID,"JPM,99728,174"
2019-06-28 10:40:50.000000000,BEST_ASK,"JPM,99953,174"
2019-06-28 10:40:50.000000000,BEST_BID,"JPM,99728,174"
2019-06-28 10:40:50.000000000,BEST_ASK,"JPM,99953,174"
2019-06-28 10:41:00.000000000,QUERY_SPREAD,1
2019-06-28 10:41:00.000000000,BEST_BID,"JPM,99728,174"
2019-06-28 10:41:00.000000000,BEST_ASK,"JPM,99953,100"
2019-06-28 10:41:00.000000000,BEST_BID,"JPM,99728,174"
2019-06-28 10:41:00.000000000,BEST_ASK,"JPM,99953,100"
2019-06-28 10:41:00.000000000,BEST_BID,"JPM,99728,174"
2019-06-28 10:41:00.000000000,BEST_ASK,"JPM,99953,100"
2019-06-28 10:41:00.000000000,BEST_BID,"JPM,99728,174"
2019-06-28 10:41:00.000000000,BEST_ASK,"JPM,99953,100"
2019-06-28 10:41:00.000000000,BEST_BID,"JPM,99728,174"
2019-06-28 10:41:00.000000000,BEST_ASK,"JPM,99953,100"
2019-06-28 10:41:00.000000000,BEST_BID,"JPM,99728,174"
2019-06-28 10:41:00.000000000,BEST_ASK,"JPM,99953,174"
2019-06-28 10:41:00.000000000,BEST_BID,"JPM,99728,174"
2019-06-28 10:41:00.000000000,BEST_ASK,"JPM,99953,174"
2019-06-28 10:41:00.000000000,BEST_BID,"JPM,99728,174"
2019-06-28 10:41:00.000000000,BEST_ASK,"JPM,99953,174"
2019-06-28 10:41:00.000000000,BEST_BID,"JPM,99728,174"
2019-06-28 10:41:00.000000000,BEST_ASK,"JPM,99953,174"
2019-06-28 10:41:00.000000000,BEST_BID,"JPM,99728,174"
2019-06-28 10:41:00.000000000,BEST_ASK,"JPM,99953,174"
2019-06-28 10:41:00.000000000,QUERY_SPREAD,77
2019-06-28 10:41:00.000000000,BEST_BID,"JPM,99728,174"
2019-06-28 10:41:00.000000000,BEST_ASK,"JPM,99953,169"
2019-06-28 10:41:00.000000000,LAST_TRADE,"5,$99953.0000"
2019-06-28 10:41:00.000000000,QUERY_SPREAD,78
2019-06-28 10:41:00.000000000,BEST_BID,"JPM,99728,174"
2019-06-28 10:41:00.000000000,BEST_ASK,"JPM,99953,161"
2019-06-28 10:41:00.000000000,LAST_TRADE,"8,$99953.0000"
2019-06-28 10:41:00.000000000,QUERY_SPREAD,79
2019-06-28 10:41:00.000000000,BEST_BID,"JPM,99728,174"
2019-06-28 10:41:00.000000000,BEST_ASK,"JPM,99953,156"
2019-06-28 10:41:00.000000000,LAST_TRADE,"5,$99953.0000"
2019-06-28 10:41:00.000000000,QUERY_SPREAD,80
2019-06-28 10:41:00.000000000,BEST_BID,"JPM,99728,174"
2019-06-28 10:41:00.000000000,BEST_ASK,"JPM,99953,148"
2019-06-28 10:41:00.000000000,LAST_TRADE,"8,$99953.0000"
2019-06-28 10:41:00.000000000,QUERY_SPREAD,81
2019-06-28 10:41:00.000000000,BEST_BID,"JPM,99728,174"
2019-06-28 10:41:00.000000000,BEST_ASK,"JPM,99953,139"
2019-06-28 10:41:00.000000000,LAST_TRADE,"9,$99953.0000"
2019-06-28 10:41:00.000000000,QUERY_SPREAD,82
2019-06-28 10:41:00.000000000,BEST_BID,"JPM,99728,174"
2019-06-28 10:41:00.000000000,BEST_ASK,"JPM,99953,136"
2019-06-28 10:41:00.000000000,LAST_TRADE,"3,$99953.0000"
2019-06-28 10:41:00.000000000,QUERY_SPREAD,83
2019-06-28 10:41:00.000000000,BEST_BID,"JPM,99728,174"
2019-06-28 10:41:00.000000000,BEST_ASK,"JPM,99953,128"
2019-06-28 10:41:00.000000000,LAST_TRADE,"8,$99953.0000"
2019-06-28 10:41:00.000000000,QUERY_SPREAD,84
2019-06-28 10:41:00.000000000,BEST_BID,"JPM,99728,174"
2019-06-28 10:41:00.000000000,BEST_ASK,"JPM,99953,124"
2019-06-28 10:41:00.000000000,LAST_TRADE,"4,$99953.0000"
2019-06-28 10:41:00.000000000,QUERY_SPREAD,85
2019-06-28 10:41:00.000000000,BEST_BID,"JPM,99728,174"
2019-06-28 10:41:00.000000000,BEST_ASK,"JPM,99953,119"
2019-06-28 10:41:00.000000000,LAST_TRADE,"5,$99953.0000"
2019-06-28 10:41:00.000000000,QUERY_SPREAD,86
2019-06-28 10:41:00.000000000,BEST_BID,"JPM,99728,174"
2019-06-28 10:41:00.000000000,BEST_ASK,"JPM,99953,117"
2019-06-28 10:41:00.000000000,LAST_TRADE,"2,$99953.0000"
2019-06-28 10:41:00.000000000,QUERY_SPREAD,87
2019-06-28 10:41:00.000000000,BEST_BID,"JPM,99728,174"
2019-06-28 10:41:00.000000000,BEST_ASK,"JPM,99953,110"
2019-06-28 10:41:00.000000000,LAST_TRADE,"7,$99953.0000"
2019-06-28 10:41:00.000000000,QUERY_SPREAD,88
2019-06-28 10:41:00.000000000,BEST_BID,"JPM,99728,174"
2019-06-28 10:41:00.000000000,BEST_ASK,"JPM,99953,102"
2019-06-28 10:41:00.000000000,LAST_TRADE,"8,$99953.0000"
2019-06-28 10:41:00.000000000,QUERY_SPREAD,89
2019-06-28 10:41:00.000000000,BEST_BID,"JPM,99728,174"
2019-06-28 10:41:00.000000000,BEST_ASK,"JPM,99953,97"
2019-06-28 10:41:00.000000000,LAST_TRADE,"5,$99953.0000"
2019-06-28 10:41:00.000000000,QUERY_SPREAD,90
2019-06-28 10:41:00.000000000,BEST_BID,"JPM,99728,174"
2019-06-28 10:41:00.000000000,BEST_ASK,"JPM,99953,93"
2019-06-28 10:41:00.000000000,LAST_TRADE,"4,$99953.0000"
2019-06-28 10:41:00.000000000,QUERY_SPREAD,91
2019-06-28 10:41:00.000000000,BEST_BID,"JPM,99728,174"
2019-06-28 10:41:00.000000000,BEST_ASK,"JPM,99953,90"
2019-06-28 10:41:00.000000000,LAST_TRADE,"3,$99953.0000"
2019-06-28 10:41:00.000000000,QUERY_SPREAD,92
2019-06-28 10:41:00.000000000,BEST_BID,"JPM,99728,174"
2019-06-28 10:41:00.000000000,BEST_ASK,"JPM,99953,85"
2019-06-28 10:41:00.000000000,LAST_TRADE,"5,$99953.0000"
2019-06-28 10:41:00.000000000,QUERY_SPREAD,93
2019-06-28 10:41:00.000000000,BEST_BID,"JPM,99728,174"
2019-06-28 10:41:00.000000000,BEST_ASK,"JPM,99953,78"
2019-06-28 10:41:00.000000000,LAST_TRADE,"7,$99953.0000"
2019-06-28 10:41:00.000000000,QUERY_SPREAD,94
2019-06-28 10:41:00.000000000,BEST_BID,"JPM,99728,174"
2019-06-28 10:41:00.000000000,BEST_ASK,"JPM,99953,77"
2019-06-28 10:41:00.000000000,LAST_TRADE,"1,$99953.0000"
2019-06-28 10:41:00.000000000,QUERY_SPREAD,95
2019-06-28 10:41:00.000000000,BEST_BID,"JPM,99728,174"
2019-06-28 10:41:00.000000000,BEST_ASK,"JPM,99953,76"
2019-06-28 10:41:00.000000000,LAST_TRADE,"1,$99953.0000"
2019-06-28 10:41:00.000000000,QUERY_SPREAD,96
2019-06-28 10:41:00.000000000,BEST_BID,"JPM,99728,174"
2019-06-28 10:41:00.000000000,BEST_ASK,"JPM,99953,72"
2019-06-28 10:41:00.000000000,LAST_TRADE,"4,$99953.0000"
2019-06-28 10:41:00.000000000,QUERY_SPREAD,97
2019-06-28 10:41:00.000000000,BEST_BID,"JPM,99728,174"
2019-06-28 10:41:00.000000000,BEST_ASK,"JPM,99953,69"
2019-06-28 10:41:00.000000000,LAST_TRADE,"3,$99953.0000"
2019-06-28 10:41:00.000000000,QUERY_SPREAD,98
2019-06-28 10:41:00.000000000,BEST_BID,"JPM,99728,174"
2019-06-28 10:41:00.000000000,BEST_ASK,"JPM,99953,64"
2019-06-28 10:41:00.000000000,LAST_TRADE,"5,$99953.0000"
2019-06-28 10:41:00.000000000,QUERY_SPREAD,99
2019-06-28 10:41:00.000000000,BEST_BID,"JPM,99728,174"
2019-06-28 10:41:00.000000000,BEST_ASK,"JPM,99953,60"
2019-06-28 10:41:00.000000000,LAST_TRADE,"4,$99953.0000"
2019-06-28 10:41:00.000000000,QUERY_SPREAD,100
2019-06-28 10:41:00.000000000,BEST_BID,"JPM,99728,174"
2019-06-28 10:41:00.000000000,BEST_ASK,"JPM,99953,55"
2019-06-28 10:41:00.000000000,LAST_TRADE,"5,$99953.0000"
2019-06-28 10:41:00.000000000,QUERY_SPREAD,101
2019-06-28 10:41:10.000000000,QUERY_SPREAD,1
2019-06-28 10:41:10.000000000,BEST_BID,"JPM,99728,193"
2019-06-28 10:41:10.000000000,BEST_ASK,"JPM,100780,100"
2019-06-28 10:41:10.000000000,BEST_BID,"JPM,99728,193"
2019-06-28 10:41:10.000000000,BEST_ASK,"JPM,100780,100"
2019-06-28 10:41:10.000000000,BEST_BID,"JPM,99728,193"
2019-06-28 10:41:10.000000000,BEST_ASK,"JPM,100780,100"
2019-06-28 10:41:10.000000000,BEST_BID,"JPM,99728,193"
2019-06-28 10:41:10.000000000,BEST_ASK,"JPM,100780,100"
2019-06-28 10:41:10.000000000,BEST_BID,"JPM,99728,193"
2019-06-28 10:41:10.000000000,BEST_ASK,"JPM,100780,193"
2019-06-28 10:41:10.000000000,BEST_BID,"JPM,99728,193"
2019-06-28 10:41:10.000000000,BEST_ASK,"JPM,100780,193"
2019-06-28 10:41:10.000000000,BEST_BID,"JPM,99728,193"
2019-06-28 10:41:10.000000000,BEST_ASK,"JPM,100780,193"
2019-06-28 10:41:10.000000000,BEST_BID,"JPM,99728,193"
2019-06-28 10:41:10.000000000,BEST_ASK,"JPM,100780,193"
2019-06-28 10:41:20.000000000,QUERY_SPREAD,1
2019-06-28 10:41:20.000000000,BEST_BID,"JPM,99728,174"
2019-06-28 10:41:20.000000000,BEST_ASK,"JPM,100780,100"
2019-06-28 10:41:20.000000000,BEST_BID,"JPM,99728,174"
2019-06-28 10:41:20.000000000,BEST_ASK,"JPM,100780,100"
2019-06-28 10:41:20.000000000,BEST_BID,"JPM,99728,174"
2019-06-28 10:41:20.000000000,BEST_ASK,"JPM,100780,100"
2019-06-28 10:41:20.000000000,BEST_BID,"JPM,99728,174"
2019-06-28 10:41:20.000000000,BEST_ASK,"JPM,100780,100"
2019-06-28 10:41:20.000000000,BEST_BID,"JPM,99728,174"
2019-06-28 10:41:20.000000000,BEST_ASK,"JPM,100780,100"
2019-06-28 10:41:20.000000000,BEST_BID,"JPM,99728,174"
2019-06-28 10:41:20.000000000,BEST_ASK,"JPM,100780,174"
2019-06-28 10:41:20.000000000,BEST_BID,"JPM,99728,174"
2019-06-28 10:41:20.000000000,BEST_ASK,"JPM,100780,174"
2019-06-28 10:41:20.000000000,BEST_BID,"JPM,99728,174"
2019-06-28 10:41:20.000000000,BEST_ASK,"JPM,100780,174"
2019-06-28 10:41:20.000000000,BEST_BID,"JPM,99728,174"
2019-06-28 10:41:20.000000000,BEST_ASK,"JPM,100780,174"
2019-06-28 10:41:20.000000000,BEST_BID,"JPM,99728,174"
2019-06-28 10:41:20.000000000,BEST_ASK,"JPM,100780,174"
2019-06-28 10:41:30.000000000,QUERY_SPREAD,1
2019-06-28 10:41:30.000000000,BEST_BID,"JPM,99728,286"
2019-06-28 10:41:30.000000000,BEST_ASK,"JPM,100780,100"
2019-06-28 10:41:30.000000000,BEST_BID,"JPM,99728,286"
2019-06-28 10:41:30.000000000,BEST_ASK,"JPM,100780,100"
2019-06-28 10:41:30.000000000,BEST_BID,"JPM,99728,286"
2019-06-28 10:41:30.000000000,BEST_ASK,"JPM,100780,286"
2019-06-28 10:41:30.000000000,BEST_BID,"JPM,99728,286"
2019-06-28 10:41:30.000000000,BEST_ASK,"JPM,100780,286"
2019-06-28 10:41:40.000000000,QUERY_SPREAD,1
2019-06-28 10:41:40.000000000,BEST_BID,"JPM,99728,471"
2019-06-28 10:41:40.000000000,BEST_ASK,"JPM,100780,100"
2019-06-28 10:41:40.000000000,BEST_BID,"JPM,99728,471"
2019-06-28 10:41:40.000000000,BEST_ASK,"JPM,100780,471"
2019-06-28 10:41:40.757299280,QUERY_SPREAD,17
2019-06-28 10:41:40.757299280,BEST_BID,"JPM,99728,471"
2019-06-28 10:41:40.757299280,BEST_ASK,"JPM,100164,100"
2019-06-28 10:41:50.000000000,QUERY_SPREAD,1
2019-06-28 10:41:50.000000000,BEST_BID,"JPM,99728,193"
2019-06-28 10:41:50.000000000,BEST_ASK,"JPM,100164,100"
2019-06-28 10:41:50.000000000,BEST_BID,"JPM,99728,193"
2019-06-28 10:41:50.000000000,BEST_ASK,"JPM,100164,100"
2019-06-28 10:41:50.000000000,BEST_BID,"JPM,99728,193"
2019-06-28 10:41:50.000000000,BEST_ASK,"JPM,100164,100"
2019-06-28 10:41:50.000000000,BEST_BID,"JPM,99728,193"
2019-06-28 10:41:50.000000000,BEST_ASK,"JPM,100164,100"
2019-06-28 10:41:50.000000000,BEST_BID,"JPM,99728,193"
2019-06-28 10:41:50.000000000,BEST_ASK,"JPM,100164,193"
2019-06-28 10:41:50.000000000,BEST_BID,"JPM,99728,193"
2019-06-28 10:41:50.000000000,BEST_ASK,"JPM,100164,193"
2019-06-28 10:41:50.000000000,BEST_BID,"JPM,99728,193"
2019-06-28 10:41:50.000000000,BEST_ASK,"JPM,100164,193"
2019-06-28 10:41:50.000000000,BEST_BID,"JPM,99728,193"
2019-06-28 10:41:50.000000000,BEST_ASK,"JPM,100164,193"
2019-06-28 10:42:00.000000000,QUERY_SPREAD,1
2019-06-28 10:42:00.000000000,BEST_BID,"JPM,99728,286"
2019-06-28 10:42:00.000000000,BEST_ASK,"JPM,100164,100"
2019-06-28 10:42:00.000000000,BEST_BID,"JPM,99728,286"
2019-06-28 10:42:00.000000000,BEST_ASK,"JPM,100164,100"
2019-06-28 10:42:00.000000000,BEST_BID,"JPM,99728,286"
2019-06-28 10:42:00.000000000,BEST_ASK,"JPM,100164,286"
2019-06-28 10:42:00.000000000,BEST_BID,"JPM,99728,286"
2019-06-28 10:42:00.000000000,BEST_ASK,"JPM,100164,286"
2019-06-28 10:42:00.000000000,QUERY_SPREAD,77
2019-06-28 10:42:00.000000000,BEST_BID,"JPM,99728,286"
2019-06-28 10:42:00.000000000,BEST_ASK,"JPM,100164,281"
2019-06-28 10:42:00.000000000,LAST_TRADE,"5,$100164.0000"
2019-06-28 10:42:00.000000000,QUERY_SPREAD,78
2019-06-28 10:42:00.000000000,BEST_BID,"JPM,99728,286"
2019-06-28 10:42:00.000000000,BEST_ASK,"JPM,100164,273"
2019-06-28 10:42:00.000000000,LAST_TRADE,"8,$100164.0000"
2019-06-28 10:42:00.000000000,QUERY_SPREAD,79
2019-06-28 10:42:00.000000000,BEST_BID,"JPM,99728,286"
2019-06-28 10:42:00.000000000,BEST_ASK,"JPM,100164,268"
2019-06-28 10:42:00.000000000,LAST_TRADE,"5,$100164.0000"
2019-06-28 10:42:00.000000000,QUERY_SPREAD,80
2019-06-28 10:42:00.000000000,BEST_BID,"JPM,99728,286"
2019-06-28 10:42:00.000000000,BEST_ASK,"JPM,100164,260"
2019-06-28 10:42:00.000000000,LAST_TRADE,"8,$100164.0000"
2019-06-28 10:42:00.000000000,QUERY_SPREAD,81
2019-06-28 10:42:00.000000000,BEST_BID,"JPM,99728,286"
2019-06-28 10:42:00.000000000,BEST_ASK,"JPM,100164,251"
2019-06-28 10:42:00.000000000,LAST_TRADE,"9,$100164.0000"
2019-06-28 10:42:00.000000000,QUERY_SPREAD,82
2019-06-28 10:42:00.000000000,BEST_BID,"JPM,99728,286"
2019-06-28 10:42:00.000000000,BEST_ASK,"JPM,100164,248"
2019-06-28 10:42:00.000000000,LAST_TRADE,"3,$100164.0000"
2019-06-28 10:42:00.000000000,QUERY_SPREAD,83
2019-06-28 10:42:00.000000000,BEST_BID,"JPM,99728,286"
2019-06-28 10:42:00.000000000,BEST_ASK,"JPM,100164,240"
2019-06-28 10:42:00.000000000,LAST_TRADE,"8,$100164.0000"
2019-06-28 10:42:00.000000000,QUERY_SPREAD,84
2019-06-28 10:42:00.000000000,BEST_BID,"JPM,99728,286"
2019-06-28 10:42:00.000000000,BEST_ASK,"JPM,100164,236"
2019-06-28 10:42:00.000000000,LAST_TRADE,"4,$100164.0000"
2019-06-28 10:42:00.000000000,QUERY_SPREAD,85
2019-06-28 10:42:00.000000000,BEST_BID,"JPM,99728,286"
2019-06-28 10:42:00.000000000,BEST_ASK,"JPM,100164,231"
2019-06-28 10:42:00.000000000,LAST_TRADE,"5,$100164.0000"
2019-06-28 10:42:00.000000000,QUERY_SPREAD,86
2019-06-28 10:42:00.000000000,BEST_BID,"JPM,99728,286"
2019-06-28 10:42:00.000000000,BEST_ASK,"JPM,100164,229"
2019-06-28 10:42:00.000000000,LAST_TRADE,"2,$100164.0000"
2019-06-28 10:42:00.000000000,QUERY_SPREAD,87
2019-06-28 10:42:00.000000000,BEST_BID,"JPM,99728,286"
2019-06-28 10:42:00.000000000,BEST_ASK,"JPM,100164,222"
2019-06-28 10:42:00.000000000,LAST_TRADE,"7,$100164.0000"
2019-06-28 10:42:00.000000000,QUERY_SPREAD,88
2019-06-28 10:42:00.000000000,BEST_BID,"JPM,99728,286"
2019-06-28 10:42:00.000000000,BEST_ASK,"JPM,100164,214"
2019-06-28 10:42:00.000000000,LAST_TRADE,"8,$100164.0000"
2019-06-28 10:42:00.000000000,QUERY_SPREAD,89
2019-06-28 10:42:00.000000000,BEST_BID,"JPM,99728,286"
2019-06-28 10:42:00.000000000,BEST_ASK,"JPM,100164,209"
2019-06-28 10:42:00.000000000,LAST_TRADE,"5,$100164.0000"
2019-06-28 10:42:00.000000000,QUERY_SPREAD,90
2019-06-28 10:42:00.000000000,BEST_BID,"JPM,99728,286"
2019-06-28 10:42:00.000000000,BEST_ASK,"JPM,100164,205"
2019-06-28 10:42:00.000000000,LAST_TRADE,"4,$100164.0000"
2019-06-28 10:42:00.000000000,QUERY_SPREAD,91
2019-06-28 10:42:00.000000000,BEST_BID,"JPM,99728,286"
2019-06-28 10:42:00.000000000,BEST_ASK,"JPM,100164,202"
2019-06-28 10:42:00.000000000,LAST_TRADE,"3,$100164.0000"
2019-06-28 10:42:00.000000000,QUERY_SPREAD,92
2019-06-28 10:42:00.000000000,BEST_BID,"JPM,99728,286"
2019-06-28 10:42:00.000000000,BEST_ASK,"JPM,100164,197"
2019-06-28 10:42:00.000000000,LAST_TRADE,"5,$100164.0000"
2019-06-28 10:42:00.000000000,QUERY_SPREAD,93
2019-06-28 10:42:00.000000000,BEST_BID,"JPM,99728,286"
2019-06-28 10:42:00.000000000,BEST_ASK,"JPM,100164,190"
2019-06-28 10:42:00.000000000,LAST_TRADE,"7,$100164.0000"
2019-06-28 10:42:00.000000000,QUERY_SPREAD,94
2019-06-28 10:42:00.000000000,BEST_BID,"JPM,99728,286"
2019-06-28 10:42:00.000000000,BEST_ASK,"JPM,100164,189"
2019-06-28 10:42:00.000000000,LAST_TRADE,"1,$100164.0000"
2019-06-28 10:42:00.000000000,QUERY_SPREAD,95
2019-06-28 10:42:00.000000000,BEST_BID,"JPM,99728,286"
2019-06-28 10:42:00.000000000,BEST_ASK,"JPM,100164,188"
2019-06-28 10:42:00.000000000,LAST_TRADE,"1,$100164.0000"
2019-06-28 10:42:00.000000000,QUERY_SPREAD,96
2019-06-28 10:42:00.000000000,BEST_BID,"JPM,99728,286"
2019-06-28 10:42:00.000000000,BEST_ASK,"JPM,100164,184"
2019-06-28 10:42:00.000000000,LAST_TRADE,"4,$100164.0000"
2019-06-28 10:42:00.000000000,QUERY_SPREAD,97
2019-06-28 10:42:00.000000000,BEST_BID,"JPM,99728,286"
2019-06-28 10:42:00.000000000,BEST_ASK,"JPM,100164,181"
2019-06-28 10:42:00.000000000,LAST_TRADE,"3,$100164.0000"
2019-06-28 10:42:00.000000000,QUERY_SPREAD,98
2019-06-28 10:42:00.000000000,BEST_BID,"JPM,99728,286"
2019-06-28 10:42:00.000000000,BEST_ASK,"JPM,100164,176"
2019-06-28 10:42:00.000000000,LAST_TRADE,"5,$100164.0000"
2019-06-28 10:42:00.000000000,QUERY_SPREAD,99
2019-06-28 10:42:00.000000000,BEST_BID,"JPM,99728,286"
2019-06-28 10:42:00.000000000,BEST_ASK,"JPM,100164,172"
2019-06-28 10:42:00.000000000,LAST_TRADE,"4,$100164.0000"
2019-06-28 10:42:00.000000000,QUERY_SPREAD,100
2019-06-28 10:42:00.000000000,BEST_BID,"JPM,99728,286"
2019-06-28 10:42:00.000000000,BEST_ASK,"JPM,100164,167"
2019-06-28 10:42:00.000000000,LAST_TRADE,"5,$100164.0000"
2019-06-28 10:42:00.000000000,QUERY_SPREAD,101
2019-06-28 10:42:10.000000000,QUERY_SPREAD,1
2019-06-28 10:42:10.000000000,BEST_BID,"JPM,99728,471"
2019-06-28 10:42:10.000000000,BEST_ASK,"JPM,100780,100"
2019-06-28 10:42:10.000000000,BEST_BID,"JPM,99728,471"
2019-06-28 10:42:10.000000000,BEST_ASK,"JPM,100780,471"
2019-06-28 10:42:13.488386983,QUERY_SPREAD,51
2019-06-28 10:42:13.488386983,BEST_BID,"JPM,99980,100"
2019-06-28 10:42:13.488386983,BEST_ASK,"JPM,100780,471"
2019-06-28 10:42:20.000000000,QUERY_SPREAD,1
2019-06-28 10:42:20.000000000,BEST_BID,"JPM,99980,471"
2019-06-28 10:42:20.000000000,BEST_ASK,"JPM,100780,100"
2019-06-28 10:42:20.000000000,BEST_BID,"JPM,99980,471"
2019-06-28 10:42:20.000000000,BEST_ASK,"JPM,100780,471"
2019-06-28 10:42:30.000000000,QUERY_SPREAD,1
2019-06-28 10:42:30.000000000,BEST_BID,"JPM,99980,471"
2019-06-28 10:42:30.000000000,BEST_ASK,"JPM,100780,100"
2019-06-28 10:42:30.000000000,BEST_BID,"JPM,99980,471"
2019-06-28 10:42:30.000000000,BEST_ASK,"JPM,100780,471"
2019-06-28 10:42:30.403196431,QUERY_SPREAD,7
2019-06-28 10:42:30.403196431,BEST_BID,"JPM,99980,371"
2019-06-28 10:42:30.403196431,BEST_ASK,"JPM,100780,471"
2019-06-28 10:42:30.403196431,LAST_TRADE,"100,$99980.0000"
2019-06-28 10:42:40.000000000,QUERY_SPREAD,1
2019-06-28 10:42:40.000000000,BEST_BID,"JPM,99728,174"
2019-06-28 10:42:40.000000000,BEST_ASK,"JPM,100780,100"
2019-06-28 10:42:40.000000000,BEST_BID,"JPM,99728,174"
2019-06-28 10:42:40.000000000,BEST_ASK,"JPM,100780,100"
2019-06-28 10:42:40.000000000,BEST_BID,"JPM,99728,174"
2019-06-28 10:42:40.000000000,BEST_ASK,"JPM,100780,100"
2019-06-28 10:42:40.000000000,BEST_BID,"JPM,99728,174"
2019-06-28 10:42:40.000000000,BEST_ASK,"JPM,100780,100"
2019-06-28 10:42:40.000000000,BEST_BID,"JPM,99728,174"
2019-06-28 10:42:40.000000000,BEST_ASK,"JPM,100780,100"
2019-06-28 10:42:40.000000000,BEST_BID,"JPM,99728,174"
2019-06-28 10:42:40.000000000,BEST_ASK,"JPM,100780,174"
2019-06-28 10:42:40.000000000,BEST_BID,"JPM,99728,174"
2019-06-28 10:42:40.000000000,BEST_ASK,"JPM,100780,174"
2019-06-28 10:42:40.000000000,BEST_BID,"JPM,99728,174"
2019-06-28 10:42:40.000000000,BEST_ASK,"JPM,100780,174"
2019-06-28 10:42:40.000000000,BEST_BID,"JPM,99728,174"
2019-06-28 10:42:40.000000000,BEST_ASK,"JPM,100780,174"
2019-06-28 10:42:50.000000000,QUERY_SPREAD,1
2019-06-28 10:42:50.000000000,BEST_BID,"JPM,99728,193"
2019-06-28 10:42:50.000000000,BEST_ASK,"JPM,100780,100"
2019-06-28 10:42:50.000000000,BEST_BID,"JPM,99728,193"
2019-06-28 10:42:50.000000000,BEST_ASK,"JPM,100780,100"
2019-06-28 10:42:50.000000000,BEST_BID,"JPM,99728,193"
2019-06-28 10:42:50.000000000,BEST_ASK,"JPM,100780,100"
2019-06-28 10:42:50.000000000,BEST_BID,"JPM,99728,193"
2019-06-28 10:42:50.000000000,BEST_ASK,"JPM,100780,100"
2019-06-28 10:42:50.000000000,BEST_BID,"JPM,99728,193"
2019-06-28 10:42:50.000000000,BEST_ASK,"JPM,100780,193"
2019-06-28 10:42:50.000000000,BEST_BID,"JPM,99728,193"
2019-06-28 10:42:50.000000000,BEST_ASK,"JPM,100780,193"
2019-06-28 10:42:50.000000000,BEST_BID,"JPM,99728,193"
2019-06-28 10:42:50.000000000,BEST_ASK,"JPM,100780,193"
2019-06-28 10:42:50.000000000,BEST_BID,"JPM,99728,193"
2019-06-28 10:42:50.000000000,BEST_ASK,"JPM,100780,193"
2019-06-28 10:42:56.000103072,QUERY_ORDER_STREAM,52
2019-06-28 10:42:56.000103072,QUERY_SPREAD,52
2019-06-28 10:43:00.000000000,QUERY_SPREAD,1
2019-06-28 10:43:00.000000000,BEST_BID,"JPM,99728,174"
2019-06-28 10:43:00.000000000,BEST_ASK,"JPM,100780,100"
2019-06-28 10:43:00.000000000,BEST_BID,"JPM,99728,174"
2019-06-28 10:43:00.000000000,BEST_ASK,"JPM,100780,100"
2019-06-28 10:43:00.000000000,BEST_BID,"JPM,99728,174"
2019-06-28 10:43:00.000000000,BEST_ASK,"JPM,100780,100"
2019-06-28 10:43:00.000000000,BEST_BID,"JPM,99728,174"
2019-06-28 10:43:00.000000000,BEST_ASK,"JPM,100780,100"
2019-06-28 10:43:00.000000000,BEST_BID,"JPM,99728,174"
2019-06-28 10:43:00.000000000,BEST_ASK,"JPM,100780,100"
2019-06-28 10:43:00.000000000,BEST_BID,"JPM,99728,174"
2019-06-28 10:43:00.000000000,BEST_ASK,"JPM,100780,174"
2019-06-28 10:43:00.000000000,BEST_BID,"JPM,99728,174"
2019-06-28 10:43:00.000000000,BEST_ASK,"JPM,100780,174"
2019-06-28 10:43:00.000000000,BEST_BID,"JPM,99728,174"
2019-06-28 10:43:00.000000000,BEST_ASK,"JPM,100780,174"
2019-06-28 10:43:00.000000000,BEST_BID,"JPM,99728,174"
2019-06-28 10:43:00.000000000,BEST_ASK,"JPM,100780,174"
2019-06-28 10:43:00.000000000,QUERY_SPREAD,77
2019-06-28 10:43:00.000000000,BEST_BID,"JPM,99728,174"
2019-06-28 10:43:00.000000000,BEST_ASK,"JPM,100780,169"
2019-06-28 10:43:00.000000000,LAST_TRADE,"5,$100780.0000"
2019-06-28 10:43:00.000000000,QUERY_SPREAD,78
2019-06-28 10:43:00.000000000,BEST_BID,"JPM,99728,174"
2019-06-28 10:43:00.000000000,BEST_ASK,"JPM,100780,161"
2019-06-28 10:43:00.000000000,LAST_TRADE,"8,$100780.0000"
2019-06-28 10:43:00.000000000,QUERY_SPREAD,79
2019-06-28 10:43:00.000000000,BEST_BID,"JPM,99728,174"
2019-06-28 10:43:00.000000000,BEST_ASK,"JPM,100780,156"
2019-06-28 10:43:00.000000000,LAST_TRADE,"5,$100780.0000"
2019-06-28 10:43:00.000000000,QUERY_SPREAD,80
2019-06-28 10:43:00.000000000,BEST_BID,"JPM,99728,174"
2019-06-28 10:43:00.000000000,BEST_ASK,"JPM,100780,148"
2019-06-28 10:43:00.000000000,LAST_TRADE,"8,$100780.0000"
2019-06-28 10:43:00.000000000,QUERY_SPREAD,81
2019-06-28 10:43:00.000000000,BEST_BID,"JPM,99728,174"
2019-06-28 10:43:00.000000000,BEST_ASK,"JPM,100780,139"
2019-06-28 10:43:00.000000000,LAST_TRADE,"9,$100780.0000"
2019-06-28 10:43:00.000000000,QUERY_SPREAD,82
2019-06-28 10:43:00.000000000,BEST_BID,"JPM,99728,174"
2019-06-28 10:43:00.000000000,BEST_ASK,"JPM,100780,136"
2019-06-28 10:43:00.000000000,LAST_TRADE,"3,$100780.0000"
2019-06-28 10:43:00.000000000,QUERY_SPREAD,83
2019-06-28 10:43:00.000000000,BEST_BID,"JPM,99728,174"
2019-06-28 10:43:00.000000000,BEST_ASK,"JPM,100780,128"
2019-06-28 10:43:00.000000000,LAST_TRADE,"8,$100780.0000"
2019-06-28 10:43:00.000000000,QUERY_SPREAD,84
2019-06-28 10:43:00.000000000,BEST_BID,"JPM,99728,174"
2019-06-28 10:43:00.000000000,BEST_ASK,"JPM,100780,124"
2019-06-28 10:43:00.000000000,LAST_TRADE,"4,$100780.0000"
2019-06-28 10:43:00.000000000,QUERY_SPREAD,85
2019-06-28 10:43:00.000000000,BEST_BID,"JPM,99728,174"
2019-06-28 10:43:00.000000000,BEST_ASK,"JPM,100780,119"
2019-06-28 10:43:00.000000000,LAST_TRADE,"5,$100780.0000"
2019-06-28 10:43:00.000000000,QUERY_SPREAD,86
2019-06-28 10:43:00.000000000,BEST_BID,"JPM,99728,174"
2019-06-28 10:43:00.000000000,BEST_ASK,"JPM,100780,117"
2019-06-28 10:43:00.000000000,LAST_TRADE,"2,$100780.0000"
2019-06-28 10:43:00.000000000,QUERY_SPREAD,87
2019-06-28 10:43:00.000000000,BEST_BID,"JPM,99728,174"
2019-06-28 10:43:00.000000000,BEST_ASK,"JPM,100780,110"
2019-06-28 10:43:00.000000000,LAST_TRADE,"7,$100780.0000"
2019-06-28 10:43:00.000000000,QUERY_SPREAD,88
2019-06-28 10:43:00.000000000,BEST_BID,"JPM,99728,174"
2019-06-28 10:43:00.000000000,BEST_ASK,"JPM,100780,102"
2019-06-28 10:43:00.000000000,LAST_TRADE,"8,$100780.0000"
2019-06-28 10:43:00.000000000,QUERY_SPREAD,89
2019-06-28 10:43:00.000000000,BEST_BID,"JPM,99728,174"
2019-06-28 10:43:00.000000000,BEST_ASK,"JPM,100780,97"
2019-06-28 10:43:00.000000000,LAST_TRADE,"5,$100780.0000"
2019-06-28 10:43:00.000000000,QUERY_SPREAD,90
2019-06-28 10:43:00.000000000,BEST_BID,"JPM,99728,174"
2019-06-28 10:43:00.000000000,BEST_ASK,"JPM,100780,93"
2019-06-28 10:43:00.000000000,LAST_TRADE,"4,$100780.0000"
2019-06-28 10:43:00.000000000,QUERY_SPREAD,91
2019-06-28 10:43:00.000000000,BEST_BID,"JPM,99728,174"
2019-06-28 10:43:00.000000000,BEST_ASK,"JPM,100780,90"
2019-06-28 10:43:00.000000000,LAST_TRADE,"3,$100780.0000"
2019-06-28 10:43:00.000000000,QUERY_SPREAD,92
2019-06-28 10:43:00.000000000,BEST_BID,"JPM,99728,174"
2019-06-28 10:43:00.000000000,BEST_ASK,"JPM,100780,85"
2019-06-28 10:43:00.000000000,LAST_TRADE,"5,$100780.0000"
2019-06-28 10:43:00.000000000,QUERY_SPREAD,93
2019-06-28 10:43:00.000000000,BEST_BID,"JPM,99728,174"
2019-06-28 10:43:00.000000000,BEST_ASK,"JPM,100780,78"
2019-06-28 10:43:00.000000000,LAST_TRADE,"7,$100780.0000"
2019-06-28 10:43:00.000000000,QUERY_SPREAD,94
2019-06-28 10:43:00.000000000,BEST_BID,"JPM,99728,174"
2019-06-28 10:43:00.000000000,BEST_ASK,"JPM,100780,77"
2019-06-28 10:43:00.000000000,LAST_TRADE,"1,$100780.0000"
2019-06-28 10:43:00.000000000,QUERY_SPREAD,95
2019-06-28 10:43:00.000000000,BEST_BID,"JPM,99728,174"
2019-06-28 10:43:00.000000000,BEST_ASK,"JPM,100780,76"
2019-06-28 10:43:00.000000000,LAST_TRADE,"1,$100780.0000"
2019-06-28 10:43:00.000000000,QUERY_SPREAD,96
2019-06-28 10:43:00.000000000,BEST_BID,"JPM,99728,174"
2019-06-28 10:43:00.000000000,BEST_ASK,"JPM,100780,72"
2019-06-28 10:43:00.000000000,LAST_TRADE,"4,$100780.0000"
2019-06-28 10:43:00.000000000,QUERY_SPREAD,97
2019-06-28 10:43:00.000000000,BEST_BID,"JPM,99728,174"
2019-06-28 10:43:00.000000000,BEST_ASK,"JPM,100780,69"
2019-06-28 10:43:00.000000000,LAST_TRADE,"3,$100780.0000"
2019-06-28 10:43:00.000000000,QUERY_SPREAD,98
2019-06-28 10:43:00.000000000,BEST_BID,"JPM,99728,174"
2019-06-28 10:43:00.000000000,BEST_ASK,"JPM,100780,64"
2019-06-28 10:43:00.000000000,LAST_TRADE,"5,$100780.0000"
2019-06-28 10:43:00.000000000,QUERY_SPREAD,99
2019-06-28 10:43:00.000000000,BEST_BID,"JPM,99728,174"
2019-06-28 10:43:00.000000000,BEST_ASK,"JPM,100780,60"
2019-06-28 10:43:00.000000000,LAST_TRADE,"4,$100780.0000"
2019-06-28 10:43:00.000000000,QUERY_SPREAD,100
2019-06-28 10:43:00.000000000,BEST_BID,"JPM,99728,174"
2019-06-28 10:43:00.000000000,BEST_ASK,"JPM,100780,55"
2019-06-28 10:43:00.000000000,LAST_TRADE,"5,$100780.0000"
2019-06-28 10:43:00.000000000,QUERY_SPREAD,101
2019-06-28 10:43:04.133941338,QUERY_SPREAD,36
2019-06-28 10:43:04.133941338,BEST_BID,"JPM,100771,100"
2019-06-28 10:43:04.133941338,BEST_ASK,"JPM,100780,55"
2019-06-28 10:43:10.000000000,QUERY_SPREAD,1
2019-06-28 10:43:10.000000000,BEST_BID,"JPM,100771,174"
2019-06-28 10:43:10.000000000,BEST_ASK,"JPM,101113,100"
2019-06-28 10:43:10.000000000,BEST_BID,"JPM,100771,174"
2019-06-28 10:43:10.000000000,BEST_ASK,"JPM,101113,100"
2019-06-28 10:43:10.000000000,BEST_BID,"JPM,100771,174"
2019-06-28 10:43:10.000000000,BEST_ASK,"JPM,101113,100"
2019-06-28 10:43:10.000000000,BEST_BID,"JPM,100771,174"
2019-06-28 10:43:10.000000000,BEST_ASK,"JPM,101113,100"
2019-06-28 10:43:10.000000000,BEST_BID,"JPM,100771,174"
2019-06-28 10:43:10.000000000,BEST_ASK,"JPM,101113,100"
2019-06-28 10:43:10.000000000,BEST_BID,"JPM,100771,174"
2019-06-28 10:43:10.000000000,BEST_ASK,"JPM,101113,174"
2019-06-28 10:43:10.000000000,BEST_BID,"JPM,100771,174"
2019-06-28 10:43:10.000000000,BEST_ASK,"JPM,101113,174"
2019-06-28 10:43:10.000000000,BEST_BID,"JPM,100771,174"
2019-06-28 10:43:10.000000000,BEST_ASK,"JPM,101113,174"
2019-06-28 10:43:20.000000000,QUERY_SPREAD,1
2019-06-28 10:43:20.000000000,BEST_BID,"JPM,100771,226"
2019-06-28 10:43:20.000000000,BEST_ASK,"JPM,101113,100"
2019-06-28 10:43:20.000000000,BEST_BID,"JPM,100771,226"
2019-06-28 10:43:20.000000000,BEST_ASK,"JPM,101113,100"
2019-06-28 10:43:20.000000000,BEST_BID,"JPM,100771,226"
2019-06-28 10:43:20.000000000,BEST_ASK,"JPM,101113,100"
2019-06-28 10:43:20.000000000,BEST_BID,"JPM,100771,226"
2019-06-28 10:43:20.000000000,BEST_ASK,"JPM,101113,226"
2019-06-28 10:43:20.000000000,BEST_BID,"JPM,100771,226"
2019-06-28 10:43:20.000000000,BEST_ASK,"JPM,101113,226"
2019-06-28 10:43:20.000000000,BEST_BID,"JPM,100771,226"
2019-06-28 10:43:20.000000000,BEST_ASK,"JPM,101113,226"
2019-06-28 10:43:30.000000000,QUERY_SPREAD,1
2019-06-28 10:43:30.000000000,BEST_BID,"JPM,100771,174"
2019-06-28 10:43:30.000000000,BEST_ASK,"JPM,101113,100"
2019-06-28 10:43:30.000000000,BEST_BID,"JPM,100771,174"
2019-06-28 10:43:30.000000000,BEST_ASK,"JPM,101113,100"
2019-06-28 10:43:30.000000000,BEST_BID,"JPM,100771,174"
2019-06-28 10:43:30.000000000,BEST_ASK,"JPM,101113,100"
2019-06-28 10:43:30.000000000,BEST_BID,"JPM,100771,174"
2019-06-28 10:43:30.000000000,BEST_ASK,"JPM,101113,100"
2019-06-28 10:43:30.000000000,BEST_BID,"JPM,100771,174"
2019-06-28 10:43:30.000000000,BEST_ASK,"JPM,101113,100"
2019-06-28 10:43:30.000000000,BEST_BID,"JPM,100771,174"
2019-06-28 10:43:30.000000000,BEST_ASK,"JPM,101113,174"
2019-06-28 10:43:30.000000000,BEST_BID,"JPM,100771,174"
2019-06-28 10:43:30.000000000,BEST_ASK,"JPM,101113,174"
2019-06-28 10:43:30.000000000,BEST_BID,"JPM,100771,174"
2019-06-28 10:43:30.000000000,BEST_ASK,"JPM,101113,174"
2019-06-28 10:43:40.000000000,QUERY_SPREAD,1
2019-06-28 10:43:40.000000000,BEST_BID,"JPM,100771,471"
2019-06-28 10:43:40.000000000,BEST_ASK,"JPM,101113,100"
2019-06-28 10:43:40.000000000,BEST_BID,"JPM,100771,471"
2019-06-28 10:43:40.000000000,BEST_ASK,"JPM,101113,471"
2019-06-28 10:43:50.000000000,QUERY_SPREAD,1
2019-06-28 10:43:50.000000000,BEST_BID,"JPM,100771,174"
2019-06-28 10:43:50.000000000,BEST_ASK,"JPM,101113,100"
2019-06-28 10:43:50.000000000,BEST_BID,"JPM,100771,174"
2019-06-28 10:43:50.000000000,BEST_ASK,"JPM,101113,100"
2019-06-28 10:43:50.000000000,BEST_BID,"JPM,100771,174"
2019-06-28 10:43:50.000000000,BEST_ASK,"JPM,101113,100"
2019-06-28 10:43:50.000000000,BEST_BID,"JPM,100771,174"
2019-06-28 10:43:50.000000000,BEST_ASK,"JPM,101113,100"
2019-06-28 10:43:50.000000000,BEST_BID,"JPM,100771,174"
2019-06-28 10:43:50.000000000,BEST_ASK,"JPM,101113,100"
2019-06-28 10:43:50.000000000,BEST_BID,"JPM,100771,174"
2019-06-28 10:43:50.000000000,BEST_ASK,"JPM,101113,174"
2019-06-28 10:43:50.000000000,BEST_BID,"JPM,100771,174"
2019-06-28 10:43:50.000000000,BEST_ASK,"JPM,101113,174"
2019-06-28 10:43:50.000000000,BEST_BID,"JPM,100771,174"
2019-06-28 10:43:50.000000000,BEST_ASK,"JPM,101113,174"
2019-06-28 10:44:00.000000000,QUERY_SPREAD,1
2019-06-28 10:44:00.000000000,BEST_BID,"JPM,100771,226"
2019-06-28 10:44:00.000000000,BEST_ASK,"JPM,101113,100"
2019-06-28 10:44:00.000000000,BEST_BID,"JPM,100771,226"
2019-06-28 10:44:00.000000000,BEST_ASK,"JPM,101113,100"
2019-06-28 10:44:00.000000000,BEST_BID,"JPM,100771,226"
2019-06-28 10:44:00.000000000,BEST_ASK,"JPM,101113,100"
2019-06-28 10:44:00.000000000,BEST_BID,"JPM,100771,226"
2019-06-28 10:44:00.000000000,BEST_ASK,"JPM,101113,226"
2019-06-28 10:44:00.000000000,BEST_BID,"JPM,100771,226"
2019-06-28 10:44:00.000000000,BEST_ASK,"JPM,101113,226"
2019-06-28 10:44:00.000000000,BEST_BID,"JPM,100771,226"
2019-06-28 10:44:00.000000000,BEST_ASK,"JPM,101113,226"
2019-06-28 10:44:00.000000000,QUERY_SPREAD,77
2019-06-28 10:44:00.000000000,BEST_BID,"JPM,100771,226"
2019-06-28 10:44:00.000000000,BEST_ASK,"JPM,101113,221"
2019-06-28 10:44:00.000000000,LAST_TRADE,"5,$101113.0000"
2019-06-28 10:44:00.000000000,QUERY_SPREAD,78
2019-06-28 10:44:00.000000000,BEST_BID,"JPM,100771,226"
2019-06-28 10:44:00.000000000,BEST_ASK,"JPM,101113,213"
2019-06-28 10:44:00.000000000,LAST_TRADE,"8,$101113.0000"
2019-06-28 10:44:00.000000000,QUERY_SPREAD,79
2019-06-28 10:44:00.000000000,BEST_BID,"JPM,100771,226"
2019-06-28 10:44:00.000000000,BEST_ASK,"JPM,101113,208"
2019-06-28 10:44:00.000000000,LAST_TRADE,"5,$101113.0000"
2019-06-28 10:44:00.000000000,QUERY_SPREAD,80
2019-06-28 10:44:00.000000000,BEST_BID,"JPM,100771,226"
2019-06-28 10:44:00.000000000,BEST_ASK,"JPM,101113,200"
2019-06-28 10:44:00.000000000,LAST_TRADE,"8,$101113.0000"
2019-06-28 10:44:00.000000000,QUERY_SPREAD,81
2019-06-28 10:44:00.000000000,BEST_BID,"JPM,100771,226"
2019-06-28 10:44:00.000000000,BEST_ASK,"JPM,101113,191"
2019-06-28 10:44:00.000000000,LAST_TRADE,"9,$101113.0000"
2019-06-28 10:44:00.000000000,QUERY_SPREAD,82
2019-06-28 10:44:00.000000000,BEST_BID,"JPM,100771,226"
2019-06-28 10:44:00.000000000,BEST_ASK,"JPM,101113,188"
2019-06-28 10:44:00.000000000,LAST_TRADE,"3,$101113.0000"
2019-06-28 10:44:00.000000000,QUERY_SPREAD,83
2019-06-28 10:44:00.000000000,BEST_BID,"JPM,100771,226"
2019-06-28 10:44:00.000000000,BEST_ASK,"JPM,101113,180"
2019-06-28 10:44:00.000000000,LAST_TRADE,"8,$101113.0000"
2019-06-28 10:44:00.000000000,QUERY_SPREAD,84
2019-06-28 10:44:00.000000000,BEST_BID,"JPM,100771,226"
2019-06-28 10:44:00.000000000,BEST_ASK,"JPM,101113,176"
2019-06-28 10:44:00.000000000,LAST_TRADE,"4,$101113.0000"
2019-06-28 10:44:00.000000000,QUERY_SPREAD,85
2019-06-28 10:44:00.000000000,BEST_BID,"JPM,100771,226"
2019-06-28 10:44:00.000000000,BEST_ASK,"JPM,101113,171"
2019-06-28 10:44:00.000000000,LAST_TRADE,"5,$101113.0000"
2019-06-28 10:44:00.000000000,QUERY_SPREAD,86
2019-06-28 10:44:00.000000000,BEST_BID,"JPM,100771,226"
2019-06-28 10:44:00.000000000,BEST_ASK,"JPM,101113,169"
2019-06-28 10:44:00.000000000,LAST_TRADE,"2,$101113.0000"
2019-06-28 10:44:00.000000000,QUERY_SPREAD,87
2019-06-28 10:44:00.000000000,BEST_BID,"JPM,100771,226"
2019-06-28 10:44:00.000000000,BEST_ASK,"JPM,101113,162"
2019-06-28 10:44:00.000000000,LAST_TRADE,"7,$101113.0000"
2019-06-28 10:44:00.000000000,QUERY_SPREAD,88
2019-06-28 10:44:00.000000000,BEST_BID,"JPM,100771,226"
2019-06-28 10:44:00.000000000,BEST_ASK,"JPM,101113,154"
2019-06-28 10:44:00.000000000,LAST_TRADE,"8,$101113.0000"
2019-06-28 10:44:00.000000000,QUERY_SPREAD,89
2019-06-28 10:44:00.000000000,BEST_BID,"JPM,100771,226"
2019-06-28 10:44:00.000000000,BEST_ASK,"JPM,101113,149"
2019-06-28 10:44:00.000000000,LAST_TRADE,"5,$101113.0000"
2019-06-28 10:44:00.000000000,QUERY_SPREAD,90
2019-06-28 10:44:00.000000000,BEST_BID,"JPM,100771,226"
2019-06-28 10:44:00.000000000,BEST_ASK,"JPM,101113,145"
2019-06-28 10:44:00.000000000,LAST_TRADE,"4,$101113.0000"
2019-06-28 10:44:00.000000000,QUERY_SPREAD,91
2019-06-28 10:44:00.000000000,BEST_BID,"JPM,100771,226"
2019-06-28 10:44:00.000000000,BEST_ASK,"JPM,101113,142"
2019-06-28 10:44:00.000000000,LAST_TRADE,"3,$101113.0000"
2019-06-28 10:44:00.000000000,QUERY_SPREAD,92
2019-06-28 10:44:00.000000000,BEST_BID,"JPM,100771,226"
2019-06-28 10:44:00.000000000,BEST_ASK,"JPM,101113,137"
2019-06-28 10:44:00.000000000,LAST_TRADE,"5,$101113.0000"
2019-06-28 10:44:00.000000000,QUERY_SPREAD,93
2019-06-28 10:44:00.000000000,BEST_BID,"JPM,100771,226"
2019-06-28 10:44:00.000000000,BEST_ASK,"JPM,101113,130"
2019-06-28 10:44:00.000000000,LAST_TRADE,"7,$101113.0000"
2019-06-28 10:44:00.000000000,QUERY_SPREAD,94
2019-06-28 10:44:00.000000000,BEST_BID,"JPM,100771,226"
2019-06-28 10:44:00.000000000,BEST_ASK,"JPM,101113,129"
2019-06-28 10:44:00.000000000,LAST_TRADE,"1,$101113.0000"
2019-06-28 10:44:00.000000000,QUERY_SPREAD,95
2019-06-28 10:44:00.000000000,BEST_BID,"JPM,100771,226"
2019-06-28 10:44:00.000000000,BEST_ASK,"JPM,101113,128"
2019-06-28 10:44:00.000000000,LAST_TRADE,"1,$101113.0000"
2019-06-28 10:44:00.000000000,QUERY_SPREAD,96
2019-06-28 10:44:00.000000000,BEST_BID,"JPM,100771,226"
2019-06-28 10:44:00.000000000,BEST_ASK,"JPM,101113,124"
2019-06-28 10:44:00.000000000,LAST_TRADE,"4,$101113.0000"
2019-06-28 10:44:00.000000000,QUERY_SPREAD,97
2019-06-28 10:44:00.000000000,BEST_BID,"JPM,100771,226"
2019-06-28 10:44:00.000000000,BEST_ASK,"JPM,101113,121"
2019-06-28 10:44:00.000000000,LAST_TRADE,"3,$101113.0000"
2019-06-28 10:44:00.000000000,QUERY_SPREAD,98
2019-06-28 10:44:00.000000000,BEST_BID,"JPM,100771,226"
2019-06-28 10:44:00.000000000,BEST_ASK,"JPM,101113,116"
2019-06-28 10:44:00.000000000,LAST_TRADE,"5,$101113.0000"
2019-06-28 10:44:00.000000000,QUERY_SPREAD,99
2019-06-28 10:44:00.000000000,BEST_BID,"JPM,100771,226"
2019-06-28 10:44:00.000000000,BEST_ASK,"JPM,101113,112"
2019-06-28 10:44:00.000000000,LAST_TRADE,"4,$101113.0000"
2019-06-28 10:44:00.000000000,QUERY_SPREAD,100
2019-06-28 10:44:00.000000000,BEST_BID,"JPM,100771,226"
2019-06-28 10:44:00.000000000,BEST_ASK,"JPM,101113,107"
2019-06-28 10:44:00.000000000,LAST_TRADE,"5,$101113.0000"
2019-06-28 10:44:00.000000000,QUERY_SPREAD,101
2019-06-28 10:44:10.000000000,QUERY_SPREAD,1
2019-06-28 10:44:10.000000000,BEST_BID,"JPM,100771,471"
2019-06-28 10:44:10.000000000,BEST_ASK,"JPM,101132,100"
2019-06-28 10:44:10.000000000,BEST_BID,"JPM,100771,471"
2019-06-28 10:44:10.000000000,BEST_ASK,"JPM,101132,471"
2019-06-28 10:44:20.000000000,QUERY_SPREAD,1
2019-06-28 10:44:20.000000000,BEST_BID,"JPM,100771,226"
2019-06-28 10:44:20.000000000,BEST_ASK,"JPM,101132,100"
2019-06-28 10:44:20.000000000,BEST_BID,"JPM,100771,226"
2019-06-28 10:44:20.000000000,BEST_ASK,"JPM,101132,100"
2019-06-28 10:44:20.000000000,BEST_BID,"JPM,100771,226"
2019-06-28 10:44:20.000000000,BEST_ASK,"JPM,101132,100"
2019-06-28 10:44:20.000000000,BEST_BID,"JPM,100771,226"
2019-06-28 10:44:20.000000000,BEST_ASK,"JPM,101132,226"
2019-06-28 10:44:20.000000000,BEST_BID,"JPM,100771,226"
2019-06-28 10:44:20.000000000,BEST_ASK,"JPM,101132,226"
2019-06-28 10:44:25.584080255,QUERY_ORDER_STREAM,53
2019-06-28 10:44:25.584080255,QUERY_SPREAD,53
2019-06-28 10:44:30.000000000,QUERY_SPREAD,1
2019-06-28 10:44:30.000000000,BEST_BID,"JPM,100771,471"
2019-06-28 10:44:30.000000000,BEST_ASK,"JPM,101132,100"
2019-06-28 10:44:30.000000000,BEST_BID,"JPM,100771,471"
2019-06-28 10:44:30.000000000,BEST_ASK,"JPM,101132,471"
2019-06-28 10:44:40.000000000,QUERY_SPREAD,1
2019-06-28 10:44:40.000000000,BEST_BID,"JPM,100771,193"
2019-06-28 10:44:40.000000000,BEST_ASK,"JPM,101132,100"
2019-06-28 10:44:40.000000000,BEST_BID,"JPM,100771,193"
2019-06-28 10:44:40.000000000,BEST_ASK,"JPM,101132,100"
2019-06-28 10:44:40.000000000,BEST_BID,"JPM,100771,193"
2019-06-28 10:44:40.000000000,BEST_ASK,"JPM,101132,100"
2019-06-28 10:44:40.000000000,BEST_BID,"JPM,100771,193"
2019-06-28 10:44:40.000000000,BEST_ASK,"JPM,101132,100"
2019-06-28 10:44:40.000000000,BEST_BID,"JPM,100771,193"
2019-06-28 10:44:40.000000000,BEST_ASK,"JPM,101132,193"
2019-06-28 10:44:40.000000000,BEST_BID,"JPM,100771,193"
2019-06-28 10:44:40.000000000,BEST_ASK,"JPM,101132,193"
2019-06-28 10:44:43.987397523,QUERY_ORDER_STREAM,75
2019-06-28 10:44:43.987397523,QUERY_SPREAD,75
2019-06-28 10:44:43.987397523,BEST_BID,"JPM,101113,100"
2019-06-28 10:44:43.987397523,BEST_ASK,"JPM,101132,193"
2019-06-28 10:44:50.000000000,QUERY_SPREAD,1
2019-06-28 10:44:50.000000000,BEST_BID,"JPM,101113,471"
2019-06-28 10:44:50.000000000,BEST_ASK,"JPM,101132,100"
2019-06-28 10:44:50.000000000,BEST_BID,"JPM,101113,471"
2019-06-28 10:44:50.000000000,BEST_ASK,"JPM,101132,471"
2019-06-28 10:45:00.000000000,QUERY_SPREAD,1
2019-06-28 10:45:00.000000000,BEST_BID,"JPM,101113,471"
2019-06-28 10:45:00.000000000,BEST_ASK,"JPM,101132,100"
2019-06-28 10:45:00.000000000,BEST_BID,"JPM,101113,471"
2019-06-28 10:45:00.000000000,BEST_ASK,"JPM,101132,471"
2019-06-28 10:45:00.000000000,QUERY_SPREAD,77
2019-06-28 10:45:00.000000000,BEST_BID,"JPM,101113,471"
2019-06-28 10:45:00.000000000,BEST_ASK,"JPM,101132,466"
2019-06-28 10:45:00.000000000,LAST_TRADE,"5,$101132.0000"
2019-06-28 10:45:00.000000000,QUERY_SPREAD,78
2019-06-28 10:45:00.000000000,BEST_BID,"JPM,101113,471"
2019-06-28 10:45:00.000000000,BEST_ASK,"JPM,101132,458"
2019-06-28 10:45:00.000000000,LAST_TRADE,"8,$101132.0000"
2019-06-28 10:45:00.000000000,QUERY_SPREAD,79
2019-06-28 10:45:00.000000000,BEST_BID,"JPM,101113,471"
2019-06-28 10:45:00.000000000,BEST_ASK,"JPM,101132,453"
2019-06-28 10:45:00.000000000,LAST_TRADE,"5,$101132.0000"
2019-06-28 10:45:00.000000000,QUERY_SPREAD,80
2019-06-28 10:45:00.000000000,BEST_BID,"JPM,101113,471"
2019-06-28 10:45:00.000000000,BEST_ASK,"JPM,101132,445"
2019-06-28 10:45:00.000000000,LAST_TRADE,"8,$101132.0000"
2019-06-28 10:45:00.000000000,QUERY_SPREAD,81
2019-06-28 10:45:00.000000000,BEST_BID,"JPM,101113,471"
2019-06-28 10:45:00.000000000,BEST_ASK,"JPM,101132,436"
2019-06-28 10:45:00.000000000,LAST_TRADE,"9,$101132.0000"
2019-06-28 10:45:00.000000000,QUERY_SPREAD,82
2019-06-28 10:45:00.000000000,BEST_BID,"JPM,101113,471"
2019-06-28 10:45:00.000000000,BEST_ASK,"JPM,101132,433"
2019-06-28 10:45:00.000000000,LAST_TRADE,"3,$101132.0000"
2019-06-28 10:45:00.000000000,QUERY_SPREAD,83
2019-06-28 10:45:00.000000000,BEST_BID,"JPM,101113,471"
2019-06-28 10:45:00.000000000,BEST_ASK,"JPM,101132,425"
2019-06-28 10:45:00.000000000,LAST_TRADE,"8,$101132.0000"
2019-06-28 10:45:00.000000000,QUERY_SPREAD,84
2019-06-28 10:45:00.000000000,BEST_BID,"JPM,101113,471"
2019-06-28 10:45:00.000000000,BEST_ASK,"JPM,101132,421"
2019-06-28 10:45:00.000000000,LAST_TRADE,"4,$101132.0000"
2019-06-28 10:45:00.000000000,QUERY_SPREAD,85
2019-06-28 10:45:00.000000000,BEST_BID,"JPM,101113,471"
2019-06-28 10:45:00.000000000,BEST_ASK,"JPM,101132,416"
2019-06-28 10:45:00.000000000,LAST_TRADE,"5,$101132.0000"
2019-06-28 10:45:00.000000000,QUERY_SPREAD,86
2019-06-28 10:45:00.000000000,BEST_BID,"JPM,101113,471"
2019-06-28 10:45:00.000000000,BEST_ASK,"JPM,101132,414"
2019-06-28 10:45:00.000000000,LAST_TRADE,"2,$101132.0000"
2019-06-28 10:45:00.000000000,QUERY_SPREAD,87
2019-06-28 10:45:00.000000000,BEST_BID,"JPM,101113,471"
2019-06-28 10:45:00.000000000,BEST_ASK,"JPM,101132,407"
2019-06-28 10:45:00.000000000,LAST_TRADE,"7,$101132.0000"
2019-06-28 10:45:00.000000000,QUERY_SPREAD,88
2019-06-28 10:45:00.000000000,BEST_BID,"JPM,101113,471"
2019-06-28 10:45:00.000000000,BEST_ASK,"JPM,101132,399"
2019-06-28 10:45:00.000000000,LAST_TRADE,"8,$101132.0000"
2019-06-28 10:45:00.000000000,QUERY_SPREAD,89
2019-06-28 10:45:00.000000000,BEST_BID,"JPM,101113,471"
2019-06-28 10:45:00.000000000,BEST_ASK,"JPM,101132,394"
2019-06-28 10:45:00.000000000,LAST_TRADE,"5,$101132.0000"
2019-06-28 10:45:00.000000000,QUERY_SPREAD,90
2019-06-28 10:45:00.000000000,BEST_BID,"JPM,101113,471"
2019-06-28 10:45:00.000000000,BEST_ASK,"JPM,101132,390"
2019-06-28 10:45:00.000000000,LAST_TRADE,"4,$101132.0000"
2019-06-28 10:45:00.000000000,QUERY_SPREAD,91
2019-06-28 10:45:00.000000000,BEST_BID,"JPM,101113,471"
2019-06-28 10:45:00.000000000,BEST_ASK,"JPM,101132,387"
2019-06-28 10:45:00.000000000,LAST_TRADE,"3,$101132.0000"
2019-06-28 10:45:00.000000000,QUERY_SPREAD,92
2019-06-28 10:45:00.000000000,BEST_BID,"JPM,101113,471"
2019-06-28 10:45:00.000000000,BEST_ASK,"JPM,101132,382"
2019-06-28 10:45:00.000000000,LAST_TRADE,"5,$101132.0000"
2019-06-28 10:45:00.000000000,QUERY_SPREAD,93
2019-06-28 10:45:00.000000000,BEST_BID,"JPM,101113,471"
2019-06-28 10:45:00.000000000,BEST_ASK,"JPM,101132,375"
2019-06-28 10:45:00.000000000,LAST_TRADE,"7,$101132.0000"
2019-06-28 10:45:00.000000000,QUERY_SPREAD,94
2019-06-28 10:45:00.000000000,BEST_BID,"JPM,101113,471"
2019-06-28 10:45:00.000000000,BEST_ASK,"JPM,101132,374"
2019-06-28 10:45:00.000000000,LAST_TRADE,"1,$101132.0000"
2019-06-28 10:45:00.000000000,QUERY_SPREAD,95
2019-06-28 10:45:00.000000000,BEST_BID,"JPM,101113,471"
2019-06-28 10:45:00.000000000,BEST_ASK,"JPM,101132,373"
2019-06-28 10:45:00.000000000,LAST_TRADE,"1,$101132.0000"
2019-06-28 10:45:00.000000000,QUERY_SPREAD,96
2019-06-28 10:45:00.000000000,BEST_BID,"JPM,101113,471"
2019-06-28 10:45:00.000000000,BEST_ASK,"JPM,101132,369"
2019-06-28 10:45:00.000000000,LAST_TRADE,"4,$101132.0000"
2019-06-28 10:45:00.000000000,QUERY_SPREAD,97
2019-06-28 10:45:00.000000000,BEST_BID,"JPM,101113,471"
2019-06-28 10:45:00.000000000,BEST_ASK,"JPM,101132,366"
2019-06-28 10:45:00.000000000,LAST_TRADE,"3,$101132.0000"
2019-06-28 10:45:00.000000000,QUERY_SPREAD,98
2019-06-28 10:45:00.000000000,BEST_BID,"JPM,101113,471"
2019-06-28 10:45:00.000000000,BEST_ASK,"JPM,101132,361"
2019-06-28 10:45:00.000000000,LAST_TRADE,"5,$101132.0000"
2019-06-28 10:45:00.000000000,QUERY_SPREAD,99
2019-06-28 10:45:00.000000000,BEST_BID,"JPM,101113,471"
2019-06-28 10:45:00.000000000,BEST_ASK,"JPM,101132,357"
2019-06-28 10:45:00.000000000,LAST_TRADE,"4,$101132.0000"
2019-06-28 10:45:00.000000000,QUERY_SPREAD,100
2019-06-28 10:45:00.000000000,BEST_BID,"JPM,101113,471"
2019-06-28 10:45:00.000000000,BEST_ASK,"JPM,101132,352"
2019-06-28 10:45:00.000000000,LAST_TRADE,"5,$101132.0000"
2019-06-28 10:45:00.000000000,QUERY_SPREAD,101
2019-06-28 10:45:10.000000000,QUERY_SPREAD,1
2019-06-28 10:45:16.597207182,QUERY_SPREAD,17
2019-06-28 10:45:16.597207182,BEST_BID,"JPM,101113,100"
2019-06-28 10:45:20.000000000,QUERY_SPREAD,1
2019-06-28 10:45:21.209335051,QUERY_SPREAD,32
2019-06-28 10:45:21.209335051,BEST_BID,"JPM,100820,100"
2019-06-28 10:45:21.209335051,LAST_TRADE,"100,$101113.0000"
2019-06-28 10:45:27.212671689,QUERY_SPREAD,40
2019-06-28 10:45:27.212671689,BEST_BID,"JPM,100820,100"
2019-06-28 10:45:27.212671689,BEST_ASK,"JPM,100905,100"
2019-06-28 10:45:27.275286449,QUERY_ORDER_STREAM,71
2019-06-28 10:45:27.275286449,QUERY_SPREAD,71
2019-06-28 10:45:27.275286449,BEST_BID,"JPM,100820,100"
2019-06-28 10:45:27.275286449,BEST_ASK,"JPM,100905,100"
2019-06-28 10:45:29.207969985,QUERY_SPREAD,49
2019-06-28 10:45:29.207969985,BEST_BID,"JPM,100820,100"
2019-06-28 10:45:29.207969985,BEST_ASK,"JPM,100905,100"
2019-06-28 10:45:30.000000000,QUERY_SPREAD,1
2019-06-28 10:45:30.000000000,BEST_BID,"JPM,100820,226"
2019-06-28 10:45:30.000000000,BEST_ASK,"JPM,100905,100"
2019-06-28 10:45:30.000000000,BEST_BID,"JPM,100820,226"
2019-06-28 10:45:30.000000000,BEST_ASK,"JPM,100905,100"
2019-06-28 10:45:30.000000000,BEST_BID,"JPM,100820,226"
2019-06-28 10:45:30.000000000,BEST_ASK,"JPM,100905,100"
2019-06-28 10:45:30.000000000,BEST_BID,"JPM,100820,226"
2019-06-28 10:45:30.000000000,BEST_ASK,"JPM,100905,226"
2019-06-28 10:45:30.000000000,BEST_BID,"JPM,100820,226"
2019-06-28 10:45:30.000000000,BEST_ASK,"JPM,100905,226"
2019-06-28 10:45:30.000000000,BEST_BID,"JPM,100820,226"
2019-06-28 10:45:30.000000000,BEST_ASK,"JPM,100905,226"
2019-06-28 10:45:40.000000000,QUERY_SPREAD,1
2019-06-28 10:45:40.000000000,BEST_BID,"JPM,100820,226"
2019-06-28 10:45:40.000000000,BEST_ASK,"JPM,100905,100"
2019-06-28 10:45:40.000000000,BEST_BID,"JPM,100820,226"
2019-06-28 10:45:40.000000000,BEST_ASK,"JPM,100905,100"
2019-06-28 10:45:40.000000000,BEST_BID,"JPM,100820,226"
2019-06-28 10:45:40.000000000,BEST_ASK,"JPM,100905,100"
2019-06-28 10:45:40.000000000,BEST_BID,"JPM,100820,226"
2019-06-28 10:45:40.000000000,BEST_ASK,"JPM,100905,226"
2019-06-28 10:45:40.000000000,BEST_BID,"JPM,100820,226"
2019-06-28 10:45:40.000000000,BEST_ASK,"JPM,100905,226"
2019-06-28 10:45:40.000000000,BEST_BID,"JPM,100820,226"
2019-06-28 10:45:40.000000000,BEST_ASK,"JPM,100905,226"
2019-06-28 10:45:42.141167481,QUERY_ORDER_STREAM,63
2019-06-28 10:45:42.141167481,QUERY_SPREAD,63
2019-06-28 10:45:50.000000000,QUERY_SPREAD,1
2019-06-28 10:45:50.000000000,BEST_BID,"JPM,100820,193"
2019-06-28 10:45:50.000000000,BEST_ASK,"JPM,100905,100"
2019-06-28 10:45:50.000000000,BEST_BID,"JPM,100820,193"
2019-06-28 10:45:50.000000000,BEST_ASK,"JPM,100905,100"
2019-06-28 10:45:50.000000000,BEST_BID,"JPM,100820,193"
2019-06-28 10:45:50.000000000,BEST_ASK,"JPM,100905,100"
2019-06-28 10:45:50.000000000,BEST_BID,"JPM,100820,193"
2019-06-28 10:45:50.000000000,BEST_ASK,"JPM,100905,100"
2019-06-28 10:45:50.000000000,BEST_BID,"JPM,100820,193"
2019-06-28 10:45:50.000000000,BEST_ASK,"JPM,100905,193"
2019-06-28 10:45:50.000000000,BEST_BID,"JPM,100820,193"
2019-06-28 10:45:50.000000000,BEST_ASK,"JPM,100905,193"
2019-06-28 10:45:50.000000000,BEST_BID,"JPM,100820,193"
2019-06-28 10:45:50.000000000,BEST_ASK,"JPM,100905,193"
2019-06-28 10:45:53.602397703,QUERY_SPREAD,41
2019-06-28 10:45:53.602397703,BEST_BID,"JPM,100820,193"
2019-06-28 10:45:53.602397703,BEST_ASK,"JPM,100905,93"
2019-06-28 10:45:53.602397703,LAST_TRADE,"100,$100905.0000"
2019-06-28 10:46:00.000000000,QUERY_SPREAD,1
2019-06-28 10:46:00.000000000,BEST_BID,"JPM,100820,174"
2019-06-28 10:46:00.000000000,BEST_ASK,"JPM,101132,100"
2019-06-28 10:46:00.000000000,BEST_BID,"JPM,100820,174"
2019-06-28 10:46:00.000000000,BEST_ASK,"JPM,101132,100"
2019-06-28 10:46:00.000000000,BEST_BID,"JPM,100820,174"
2019-06-28 10:46:00.000000000,BEST_ASK,"JPM,101132,100"
2019-06-28 10:46:00.000000000,BEST_BID,"JPM,100820,174"
2019-06-28 10:46:00.000000000,BEST_ASK,"JPM,101132,100"
2019-06-28 10:46:00.000000000,BEST_BID,"JPM,100820,174"
2019-06-28 10:46:00.000000000,BEST_ASK,"JPM,101132,100"
2019-06-28 10:46:00.000000000,BEST_BID,"JPM,100820,174"
2019-06-28 10:46:00.000000000,BEST_ASK,"JPM,101132,174"
2019-06-28 10:46:00.000000000,BEST_BID,"JPM,100820,174"
2019-06-28 10:46:00.000000000,BEST_ASK,"JPM,101132,174"
2019-06-28 10:46:00.000000000,QUERY_SPREAD,77
2019-06-28 10:46:00.000000000,BEST_BID,"JPM,100820,174"
2019-06-28 10:46:00.000000000,BEST_ASK,"JPM,101132,169"
2019-06-28 10:46:00.000000000,LAST_TRADE,"5,$101132.0000"
2019-06-28 10:46:00.000000000,QUERY_SPREAD,78
2019-06-28 10:46:00.000000000,BEST_BID,"JPM,100820,174"
2019-06-28 10:46:00.000000000,BEST_ASK,"JPM,101132,161"
2019-06-28 10:46:00.000000000,LAST_TRADE,"8,$101132.0000"
2019-06-28 10:46:00.000000000,QUERY_SPREAD,79
2019-06-28 10:46:00.000000000,BEST_BID,"JPM,100820,174"
2019-06-28 10:46:00.000000000,BEST_ASK,"JPM,101132,156"
2019-06-28 10:46:00.000000000,LAST_TRADE,"5,$101132.0000"
2019-06-28 10:46:00.000000000,QUERY_SPREAD,80
2019-06-28 10:46:00.000000000,BEST_BID,"JPM,100820,174"
2019-06-28 10:46:00.000000000,BEST_ASK,"JPM,101132,148"
2019-06-28 10:46:00.000000000,LAST_TRADE,"8,$101132.0000"
2019-06-28 10:46:00.000000000,QUERY_SPREAD,81
2019-06-28 10:46:00.000000000,BEST_BID,"JPM,100820,174"
2019-06-28 10:46:00.000000000,BEST_ASK,"JPM,101132,139"
2019-06-28 10:46:00.000000000,LAST_TRADE,"9,$101132.0000"
2019-06-28 10:46:00.000000000,QUERY_SPREAD,82
2019-06-28 10:46:00.000000000,BEST_BID,"JPM,100820,174"
2019-06-28 10:46:00.000000000,BEST_ASK,"JPM,101132,136"
2019-06-28 10:46:00.000000000,LAST_TRADE,"3,$101132.0000"
2019-06-28 10:46:00.000000000,QUERY_SPREAD,83
2019-06-28 10:46:00.000000000,BEST_BID,"JPM,100820,174"
2019-06-28 10:46:00.000000000,BEST_ASK,"JPM,101132,128"
2019-06-28 10:46:00.000000000,LAST_TRADE,"8,$101132.0000"
2019-06-28 10:46:00.000000000,QUERY_SPREAD,84
2019-06-28 10:46:00.000000000,BEST_BID,"JPM,100820,174"
2019-06-28 10:46:00.000000000,BEST_ASK,"JPM,101132,124"
2019-06-28 10:46:00.000000000,LAST_TRADE,"4,$101132.0000"
2019-06-28 10:46:00.000000000,QUERY_SPREAD,85
2019-06-28 10:46:00.000000000,BEST_BID,"JPM,100820,174"
2019-06-28 10:46:00.000000000,BEST_ASK,"JPM,101132,119"
2019-06-28 10:46:00.000000000,LAST_TRADE,"5,$101132.0000"
2019-06-28 10:46:00.000000000,QUERY_SPREAD,86
2019-06-28 10:46:00.000000000,BEST_BID,"JPM,100820,174"
2019-06-28 10:46:00.000000000,BEST_ASK,"JPM,101132,117"
2019-06-28 10:46:00.000000000,LAST_TRADE,"2,$101132.0000"
2019-06-28 10:46:00.000000000,QUERY_SPREAD,87
2019-06-28 10:46:00.000000000,BEST_BID,"JPM,100820,174"
2019-06-28 10:46:00.000000000,BEST_ASK,"JPM,101132,110"
2019-06-28 10:46:00.000000000,LAST_TRADE,"7,$101132.0000"
2019-06-28 10:46:00.000000000,QUERY_SPREAD,88
2019-06-28 10:46:00.000000000,BEST_BID,"JPM,100820,174"
2019-06-28 10:46:00.000000000,BEST_ASK,"JPM,101132,102"
2019-06-28 10:46:00.000000000,LAST_TRADE,"8,$101132.0000"
2019-06-28 10:46:00.000000000,QUERY_SPREAD,89
2019-06-28 10:46:00.000000000,BEST_BID,"JPM,100820,174"
2019-06-28 10:46:00.000000000,BEST_ASK,"JPM,101132,97"
2019-06-28 10:46:00.000000000,LAST_TRADE,"5,$101132.0000"
2019-06-28 10:46:00.000000000,QUERY_SPREAD,90
2019-06-28 10:46:00.000000000,BEST_BID,"JPM,100820,174"
2019-06-28 10:46:00.000000000,BEST_ASK,"JPM,101132,93"
2019-06-28 10:46:00.000000000,LAST_TRADE,"4,$101132.0000"
2019-06-28 10:46:00.000000000,QUERY_SPREAD,91
2019-06-28 10:46:00.000000000,BEST_BID,"JPM,100820,174"
2019-06-28 10:46:00.000000000,BEST_ASK,"JPM,101132,90"
2019-06-28 10:46:00.000000000,LAST_TRADE,"3,$101132.0000"
2019-06-28 10:46:00.000000000,QUERY_SPREAD,92
2019-06-28 10:46:00.000000000,BEST_BID,"JPM,100820,174"
2019-06-28 10:46:00.000000000,BEST_ASK,"JPM,101132,85"
2019-06-28 10:46:00.000000000,LAST_TRADE,"5,$101132.0000"
2019-06-28 10:46:00.000000000,QUERY_SPREAD,93
2019-06-28 10:46:00.000000000,BEST_BID,"JPM,100820,174"
2019-06-28 10:46:00.000000000,BEST_ASK,"JPM,101132,78"
2019-06-28 10:46:00.000000000,LAST_TRADE,"7,$101132.0000"
2019-06-28 10:46:00.000000000,QUERY_SPREAD,94
2019-06-28 10:46:00.000000000,BEST_BID,"JPM,100820,174"
2019-06-28 10:46:00.000000000,BEST_ASK,"JPM,101132,77"
2019-06-28 10:46:00.000000000,LAST_TRADE,"1,$101132.0000"
2019-06-28 10:46:00.000000000,QUERY_SPREAD,95
2019-06-28 10:46:00.000000000,BEST_BID,"JPM,100820,174"
2019-06-28 10:46:00.000000000,BEST_ASK,"JPM,101132,76"
2019-06-28 10:46:00.000000000,LAST_TRADE,"1,$101132.0000"
2019-06-28 10:46:00.000000000,QUERY_SPREAD,96
2019-06-28 10:46:00.000000000,BEST_BID,"JPM,100820,174"
2019-06-28 10:46:00.000000000,BEST_ASK,"JPM,101132,72"
2019-06-28 10:46:00.000000000,LAST_TRADE,"4,$101132.0000"
2019-06-28 10:46:00.000000000,QUERY_SPREAD,97
2019-06-28 10:46:00.000000000,BEST_BID,"JPM,100820,174"
2019-06-28 10:46:00.000000000,BEST_ASK,"JPM,101132,69"
2019-06-28 10:46:00.000000000,LAST_TRADE,"3,$101132.0000"
2019-06-28 10:46:00.000000000,QUERY_SPREAD,98
2019-06-28 10:46:00.000000000,BEST_BID,"JPM,100820,174"
2019-06-28 10:46:00.000000000,BEST_ASK,"JPM,101132,64"
2019-06-28 10:46:00.000000000,LAST_TRADE,"5,$101132.0000"
2019-06-28 10:46:00.000000000,QUERY_SPREAD,99
2019-06-28 10:46:00.000000000,BEST_BID,"JPM,100820,174"
2019-06-28 10:46:00.000000000,BEST_ASK,"JPM,101132,60"
2019-06-28 10:46:00.000000000,LAST_TRADE,"4,$101132.0000"
2019-06-28 10:46:00.000000000,QUERY_SPREAD,100
2019-06-28 10:46:00.000000000,BEST_BID,"JPM,100820,174"
2019-06-28 10:46:00.000000000,BEST_ASK,"JPM,101132,55"
2019-06-28 10:46:00.000000000,LAST_TRADE,"5,$101132.0000"
2019-06-28 10:46:00.000000000,QUERY_SPREAD,101
2019-06-28 10:46:10.000000000,QUERY_SPREAD,1
2019-06-28 10:46:10.895773089,QUERY_ORDER_STREAM,61
2019-06-28 10:46:10.895773089,QUERY_SPREAD,61
2019-06-28 10:46:13.046947866,QUERY_ORDER_STREAM,54
2019-06-28 10:46:13.046947866,QUERY_SPREAD,54
2019-06-28 10:46:13.046947866,BEST_BID,"JPM,100820,100"
2019-06-28 10:46:13.046947866,BEST_ASK,"JPM,101132,100"
2019-06-28 10:46:20.000000000,QUERY_SPREAD,1
2019-06-28 10:46:20.000000000,BEST_BID,"JPM,100820,193"
2019-06-28 10:46:20.000000000,BEST_ASK,"JPM,101132,100"
2019-06-28 10:46:20.000000000,BEST_BID,"JPM,100820,193"
2019-06-28 10:46:20.000000000,BEST_ASK,"JPM,101132,100"
2019-06-28 10:46:20.000000000,BEST_BID,"JPM,100820,193"
2019-06-28 10:46:20.000000000,BEST_ASK,"JPM,101132,100"
2019-06-28 10:46:20.000000000,BEST_BID,"JPM,100820,193"
2019-06-28 10:46:20.000000000,BEST_ASK,"JPM,101132,100"
2019-06-28 10:46:20.000000000,BEST_BID,"JPM,100820,193"
2019-06-28 10:46:20.000000000,BEST_ASK,"JPM,101132,193"
2019-06-28 10:46:20.000000000,BEST_BID,"JPM,100820,193"
2019-06-28 10:46:20.000000000,BEST_ASK,"JPM,101132,193"
2019-06-28 10:46:30.000000000,QUERY_SPREAD,1
2019-06-28 10:46:30.000000000,BEST_BID,"JPM,100820,174"
2019-06-28 10:46:30.000000000,BEST_ASK,"JPM,101132,100"
2019-06-28 10:46:30.000000000,BEST_BID,"JPM,100820,174"
2019-06-28 10:46:30.000000000,BEST_ASK,"JPM,101132,100"
2019-06-28 10:46:30.000000000,BEST_BID,"JPM,100820,174"
2019-06-28 10:46:30.000000000,BEST_ASK,"JPM,101132,100"
2019-06-28 10:46:30.000000000,BEST_BID,"JPM,100820,174"
2019-06-28 10:46:30.000000000,BEST_ASK,"JPM,101132,100"
2019-06-28 10:46:30.000000000,BEST_BID,"JPM,100820,174"
2019-06-28 10:46:30.000000000,BEST_ASK,"JPM,101132,100"
2019-06-28 10:46:30.000000000,BEST_BID,"JPM,100820,174"
2019-06-28 10:46:30.000000000,BEST_ASK,"JPM,101132,174"
2019-06-28 10:46:30.000000000,BEST_BID,"JPM,100820,174"
2019-06-28 10:46:30.000000000,BEST_ASK,"JPM,101132,174"
2019-06-28 10:46:40.000000000,QUERY_SPREAD,1
2019-06-28 10:46:40.000000000,BEST_BID,"JPM,100820,174"
2019-06-28 10:46:40.000000000,BEST_ASK,"JPM,101132,100"
2019-06-28 10:46:40.000000000,BEST_BID,"JPM,100820,174"
2019-06-28 10:46:40.000000000,BEST_ASK,"JPM,101132,100"
2019-06-28 10:46:40.000000000,BEST_BID,"JPM,100820,174"
2019-06-28 10:46:40.000000000,BEST_ASK,"JPM,101132,100"
2019-06-28 10:46:40.000000000,BEST_BID,"JPM,100820,174"
2019-06-28 10:46:40.000000000,BEST_ASK,"JPM,101132,100"
2019-06-28 10:46:40.000000000,BEST_BID,"JPM,100820,174"
2019-06-28 10:46:40.000000000,BEST_ASK,"JPM,101132,100"
2019-06-28 10:46:40.000000000,BEST_BID,"JPM,100820,174"
2019-06-28 10:46:40.000000000,BEST_ASK,"JPM,101132,174"
2019-06-28 10:46:40.000000000,BEST_BID,"JPM,100820,174"
2019-06-28 10:46:40.000000000,BEST_ASK,"JPM,101132,174"
2019-06-28 10:46:50.000000000,QUERY_SPREAD,1
2019-06-28 10:46:50.000000000,BEST_BID,"JPM,100820,193"
2019-06-28 10:46:50.000000000,BEST_ASK,"JPM,101132,100"
2019-06-28 10:46:50.000000000,BEST_BID,"JPM,100820,193"
2019-06-28 10:46:50.000000000,BEST_ASK,"JPM,101132,100"
2019-06-28 10:46:50.000000000,BEST_BID,"JPM,100820,193"
2019-06-28 10:46:50.000000000,BEST_ASK,"JPM,101132,100"
2019-06-28 10:46:50.000000000,BEST_BID,"JPM,100820,193"
2019-06-28 10:46:50.000000000,BEST_ASK,"JPM,101132,100"
2019-06-28 10:46:50.000000000,BEST_BID,"JPM,100820,193"
2019-06-28 10:46:50.000000000,BEST_ASK,"JPM,101132,193"
2019-06-28 10:46:50.000000000,BEST_BID,"JPM,100820,193"
2019-06-28 10:46:50.000000000,BEST_ASK,"JPM,101132,193"
2019-06-28 10:46:53.806849314,QUERY_SPREAD,12
2019-06-28 10:46:53.806849314,BEST_BID,"JPM,100820,193"
2019-06-28 10:46:53.806849314,BEST_ASK,"JPM,101132,193"
2019-06-28 10:47:00.000000000,QUERY_SPREAD,1
2019-06-28 10:47:00.000000000,BEST_BID,"JPM,100820,226"
2019-06-28 10:47:00.000000000,BEST_ASK,"JPM,101132,100"
2019-06-28 10:47:00.000000000,BEST_BID,"JPM,100820,226"
2019-06-28 10:47:00.000000000,BEST_ASK,"JPM,101132,100"
2019-06-28 10:47:00.000000000,BEST_BID,"JPM,100820,226"
2019-06-28 10:47:00.000000000,BEST_ASK,"JPM,101132,100"
2019-06-28 10:47:00.000000000,BEST_BID,"JPM,100820,226"
2019-06-28 10:47:00.000000000,BEST_ASK,"JPM,101132,226"
2019-06-28 10:47:00.000000000,BEST_BID,"JPM,100820,226"
2019-06-28 10:47:00.000000000,BEST_ASK,"JPM,101132,226"
2019-06-28 10:47:00.000000000,QUERY_SPREAD,77
2019-06-28 10:47:00.000000000,BEST_BID,"JPM,100820,226"
2019-06-28 10:47:00.000000000,BEST_ASK,"JPM,101132,221"
2019-06-28 10:47:00.000000000,LAST_TRADE,"5,$101132.0000"
2019-06-28 10:47:00.000000000,QUERY_SPREAD,78
2019-06-28 10:47:00.000000000,BEST_BID,"JPM,100820,226"
2019-06-28 10:47:00.000000000,BEST_ASK,"JPM,101132,213"
2019-06-28 10:47:00.000000000,LAST_TRADE,"8,$101132.0000"
2019-06-28 10:47:00.000000000,QUERY_SPREAD,79
2019-06-28 10:47:00.000000000,BEST_BID,"JPM,100820,226"
2019-06-28 10:47:00.000000000,BEST_ASK,"JPM,101132,208"
2019-06-28 10:47:00.000000000,LAST_TRADE,"5,$101132.0000"
2019-06-28 10:47:00.000000000,QUERY_SPREAD,80
2019-06-28 10:47:00.000000000,BEST_BID,"JPM,100820,226"
2019-06-28 10:47:00.000000000,BEST_ASK,"JPM,101132,200"
2019-06-28 10:47:00.000000000,LAST_TRADE,"8,$101132.0000"
2019-06-28 10:47:00.000000000,QUERY_SPREAD,81
2019-06-28 10:47:00.000000000,BEST_BID,"JPM,100820,226"
2019-06-28 10:47:00.000000000,BEST_ASK,"JPM,101132,191"
2019-06-28 10:47:00.000000000,LAST_TRADE,"9,$101132.0000"
2019-06-28 10:47:00.000000000,QUERY_SPREAD,82
2019-06-28 10:47:00.000000000,BEST_BID,"JPM,100820,226"
2019-06-28 10:47:00.000000000,BEST_ASK,"JPM,101132,188"
2019-06-28 10:47:00.000000000,LAST_TRADE,"3,$101132.0000"
2019-06-28 10:47:00.000000000,QUERY_SPREAD,83
2019-06-28 10:47:00.000000000,BEST_BID,"JPM,100820,226"
2019-06-28 10:47:00.000000000,BEST_ASK,"JPM,101132,180"
2019-06-28 10:47:00.000000000,LAST_TRADE,"8,$101132.0000"
2019-06-28 10:47:00.000000000,QUERY_SPREAD,84
2019-06-28 10:47:00.000000000,BEST_BID,"JPM,100820,226"
2019-06-28 10:47:00.000000000,BEST_ASK,"JPM,101132,176"
2019-06-28 10:47:00.000000000,LAST_TRADE,"4,$101132.0000"
2019-06-28 10:47:00.000000000,QUERY_SPREAD,85
2019-06-28 10:47:00.000000000,BEST_BID,"JPM,100820,226"
2019-06-28 10:47:00.000000000,BEST_ASK,"JPM,101132,171"
2019-06-28 10:47:00.000000000,LAST_TRADE,"5,$101132.0000"
2019-06-28 10:47:00.000000000,QUERY_SPREAD,86
2019-06-28 10:47:00.000000000,BEST_BID,"JPM,100820,226"
2019-06-28 10:47:00.000000000,BEST_ASK,"JPM,101132,169"
2019-06-28 10:47:00.000000000,LAST_TRADE,"2,$101132.0000"
2019-06-28 10:47:00.000000000,QUERY_SPREAD,87
2019-06-28 10:47:00.000000000,BEST_BID,"JPM,100820,226"
2019-06-28 10:47:00.000000000,BEST_ASK,"JPM,101132,162"
2019-06-28 10:47:00.000000000,LAST_TRADE,"7,$101132.0000"
2019-06-28 10:47:00.000000000,QUERY_SPREAD,88
2019-06-28 10:47:00.000000000,BEST_BID,"JPM,100820,226"
2019-06-28 10:47:00.000000000,BEST_ASK,"JPM,101132,154"
2019-06-28 10:47:00.000000000,LAST_TRADE,"8,$101132.0000"
2019-06-28 10:47:00.000000000,QUERY_SPREAD,89
2019-06-28 10:47:00.000000000,BEST_BID,"JPM,100820,226"
2019-06-28 10:47:00.000000000,BEST_ASK,"JPM,101132,149"
2019-06-28 10:47:00.000000000,LAST_TRADE,"5,$101132.0000"
2019-06-28 10:47:00.000000000,QUERY_SPREAD,90
2019-06-28 10:47:00.000000000,BEST_BID,"JPM,100820,226"
2019-06-28 10:47:00.000000000,BEST_ASK,"JPM,101132,145"
2019-06-28 10:47:00.000000000,LAST_TRADE,"4,$101132.0000"
2019-06-28 10:47:00.000000000,QUERY_SPREAD,91
2019-06-28 10:47:00.000000000,BEST_BID,"JPM,100820,226"
2019-06-28 10:47:00.000000000,BEST_ASK,"JPM,101132,142"
2019-06-28 10:47:00.000000000,LAST_TRADE,"3,$101132.0000"
2019-06-28 10:47:00.000000000,QUERY_SPREAD,92
2019-06-28 10:47:00.000000000,BEST_BID,"JPM,100820,226"
2019-06-28 10:47:00.000000000,BEST_ASK,"JPM,101132,137"
2019-06-28 10:47:00.000000000,LAST_TRADE,"5,$101132.0000"
2019-06-28 10:47:00.000000000,QUERY_SPREAD,93
2019-06-28 10:47:00.000000000,BEST_BID,"JPM,100820,226"
2019-06-28 10:47:00.000000000,BEST_ASK,"JPM,101132,130"
2019-06-28 10:47:00.000000000,LAST_TRADE,"7,$101132.0000"
2019-06-28 10:47:00.000000000,QUERY_SPREAD,94
2019-06-28 10:47:00.000000000,BEST_BID,"JPM,100820,226"
2019-06-28 10:47:00.000000000,BEST_ASK,"JPM,101132,129"
2019-06-28 10:47:00.000000000,LAST_TRADE,"1,$101132.0000"
2019-06-28 10:47:00.000000000,QUERY_SPREAD,95
2019-06-28 10:47:00.000000000,BEST_BID,"JPM,100820,226"
2019-06-28 10:47:00.000000000,BEST_ASK,"JPM,101132,128"
2019-06-28 10:47:00.000000000,LAST_TRADE,"1,$101132.0000"
2019-06-28 10:47:00.000000000,QUERY_SPREAD,96
2019-06-28 10:47:00.000000000,BEST_BID,"JPM,100820,226"
2019-06-28 10:47:00.000000000,BEST_ASK,"JPM,101132,124"
2019-06-28 10:47:00.000000000,LAST_TRADE,"4,$101132.0000"
2019-06-28 10:47:00.000000000,QUERY_SPREAD,97
2019-06-28 10:47:00.000000000,BEST_BID,"JPM,100820,226"
2019-06-28 10:47:00.000000000,BEST_ASK,"JPM,101132,121"
2019-06-28 10:47:00.000000000,LAST_TRADE,"3,$101132.0000"
2019-06-28 10:47:00.000000000,QUERY_SPREAD,98
2019-06-28 10:47:00.000000000,BEST_BID,"JPM,100820,226"
2019-06-28 10:47:00.000000000,BEST_ASK,"JPM,101132,116"
2019-06-28 10:47:00.000000000,LAST_TRADE,"5,$101132.0000"
2019-06-28 10:47:00.000000000,QUERY_SPREAD,99
2019-06-28 10:47:00.000000000,BEST_BID,"JPM,100820,226"
2019-06-28 10:47:00.000000000,BEST_ASK,"JPM,101132,112"
2019-06-28 10:47:00.000000000,LAST_TRADE,"4,$101132.0000"
2019-06-28 10:47:00.000000000,QUERY_SPREAD,100
2019-06-28 10:47:00.000000000,BEST_BID,"JPM,100820,226"
2019-06-28 10:47:00.000000000,BEST_ASK,"JPM,101132,107"
2019-06-28 10:47:00.000000000,LAST_TRADE,"5,$101132.0000"
2019-06-28 10:47:00.000000000,QUERY_SPREAD,101
2019-06-28 10:47:10.000000000,QUERY_SPREAD,1
2019-06-28 10:47:13.062439323,QUERY_ORDER_STREAM,68
2019-06-28 10:47:13.062439323,QUERY_SPREAD,68
2019-06-28 10:47:17.853382810,QUERY_ORDER_STREAM,75
2019-06-28 10:47:17.853382810,QUERY_SPREAD,75
2019-06-28 10:47:17.853382810,BEST_BID,"JPM,100820,100"
2019-06-28 10:47:17.853382810,BEST_ASK,"JPM,101132,100"
2019-06-28 10:47:17.913969216,QUERY_SPREAD,24
2019-06-28 10:47:17.913969216,BEST_BID,"JPM,100820,100"
2019-06-28 10:47:17.913969216,BEST_ASK,"JPM,101132,100"
2019-06-28 10:47:20.000000000,QUERY_SPREAD,1
2019-06-28 10:47:20.000000000,BEST_BID,"JPM,100820,174"
2019-06-28 10:47:20.000000000,BEST_ASK,"JPM,101132,100"
2019-06-28 10:47:20.000000000,BEST_BID,"JPM,100820,174"
2019-06-28 10:47:20.000000000,BEST_ASK,"JPM,101132,100"
2019-06-28 10:47:20.000000000,BEST_BID,"JPM,100820,174"
2019-06-28 10:47:20.000000000,BEST_ASK,"JPM,101132,100"
2019-06-28 10:47:20.000000000,BEST_BID,"JPM,100820,174"
2019-06-28 10:47:20.000000000,BEST_ASK,"JPM,101132,100"
2019-06-28 10:47:20.000000000,BEST_BID,"JPM,100820,174"
2019-06-28 10:47:20.000000000,BEST_ASK,"JPM,101132,100"
2019-06-28 10:47:20.000000000,BEST_BID,"JPM,100820,174"
2019-06-28 10:47:20.000000000,BEST_ASK,"JPM,101132,174"
2019-06-28 10:47:20.000000000,BEST_BID,"JPM,100820,174"
2019-06-28 10:47:20.000000000,BEST_ASK,"JPM,101132,174"
2019-06-28 10:47:20.418266116,QUERY_SPREAD,30
2019-06-28 10:47:20.418266116,BEST_BID,"JPM,100820,174"
2019-06-28 10:47:20.418266116,BEST_ASK,"JPM,101132,174"
2019-06-28 10:47:28.566572726,QUERY_SPREAD,29
2019-06-28 10:47:28.566572726,BEST_BID,"JPM,100820,174"
2019-06-28 10:47:28.566572726,BEST_ASK,"JPM,101132,174"
2019-06-28 10:47:30.000000000,QUERY_SPREAD,1
2019-06-28 10:47:30.000000000,BEST_BID,"JPM,100820,226"
2019-06-28 10:47:30.000000000,BEST_ASK,"JPM,101132,100"
2019-06-28 10:47:30.000000000,BEST_BID,"JPM,100820,226"
2019-06-28 10:47:30.000000000,BEST_ASK,"JPM,101132,100"
2019-06-28 10:47:30.000000000,BEST_BID,"JPM,100820,226"
2019-06-28 10:47:30.000000000,BEST_ASK,"JPM,101132,100"
2019-06-28 10:47:30.000000000,BEST_BID,"JPM,100820,226"
2019-06-28 10:47:30.000000000,BEST_ASK,"JPM,101132,226"
2019-06-28 10:47:30.000000000,BEST_BID,"JPM,100820,226"
2019-06-28 10:47:30.000000000,BEST_ASK,"JPM,101132,226"
2019-06-28 10:47:40.000000000,QUERY_SPREAD,1
2019-06-28 10:47:40.000000000,BEST_BID,"JPM,100820,286"
2019-06-28 10:47:40.000000000,BEST_ASK,"JPM,101132,100"
2019-06-28 10:47:40.000000000,BEST_BID,"JPM,100820,286"
2019-06-28 10:47:40.000000000,BEST_ASK,"JPM,101132,100"
2019-06-28 10:47:40.000000000,BEST_BID,"JPM,100820,286"
2019-06-28 10:47:40.000000000,BEST_ASK,"JPM,101132,286"
2019-06-28 10:47:40.000000000,BEST_BID,"JPM,100820,286"
2019-06-28 10:47:40.000000000,BEST_ASK,"JPM,101132,286"
2019-06-28 10:47:50.000000000,QUERY_SPREAD,1
2019-06-28 10:47:50.000000000,BEST_BID,"JPM,100820,226"
2019-06-28 10:47:50.000000000,BEST_ASK,"JPM,101132,100"
2019-06-28 10:47:50.000000000,BEST_BID,"JPM,100820,226"
2019-06-28 10:47:50.000000000,BEST_ASK,"JPM,101132,100"
2019-06-28 10:47:50.000000000,BEST_BID,"JPM,100820,226"
2019-06-28 10:47:50.000000000,BEST_ASK,"JPM,101132,100"
2019-06-28 10:47:50.000000000,BEST_BID,"JPM,100820,226"
2019-06-28 10:47:50.000000000,BEST_ASK,"JPM,101132,226"
2019-06-28 10:47:50.000000000,BEST_BID,"JPM,100820,226"
2019-06-28 10:47:50.000000000,BEST_ASK,"JPM,101132,226"
2019-06-28 10:47:51.272010747,QUERY_SPREAD,16
2019-06-28 10:47:51.272010747,BEST_BID,"JPM,100820,126"
2019-06-28 10:47:51.272010747,BEST_ASK,"JPM,101132,226"
2019-06-28 10:47:51.272010747,LAST_TRADE,"100,$100820.0000"
2019-06-28 10:47:53.988306571,QUERY_SPREAD,21
2019-06-28 10:47:53.988306571,BEST_BID,"JPM,100820,126"
2019-06-28 10:47:53.988306571,BEST_ASK,"JPM,101132,226"
2019-06-28 10:48:00.000000000,QUERY_SPREAD,1
2019-06-28 10:48:00.000000000,BEST_BID,"JPM,100771,286"
2019-06-28 10:48:00.000000000,BEST_ASK,"JPM,101132,100"
2019-06-28 10:48:00.000000000,BEST_BID,"JPM,100771,286"
2019-06-28 10:48:00.000000000,BEST_ASK,"JPM,101132,100"
2019-06-28 10:48:00.000000000,BEST_BID,"JPM,100771,286"
2019-06-28 10:48:00.000000000,BEST_ASK,"JPM,101132,286"
2019-06-28 10:48:00.000000000,BEST_BID,"JPM,100771,286"
2019-06-28 10:48:00.000000000,BEST_ASK,"JPM,101132,286"
2019-06-28 10:48:00.000000000,QUERY_SPREAD,77
2019-06-28 10:48:00.000000000,BEST_BID,"JPM,100771,286"
2019-06-28 10:48:00.000000000,BEST_ASK,"JPM,101132,281"
2019-06-28 10:48:00.000000000,LAST_TRADE,"5,$101132.0000"
2019-06-28 10:48:00.000000000,QUERY_SPREAD,78
2019-06-28 10:48:00.000000000,BEST_BID,"JPM,100771,286"
2019-06-28 10:48:00.000000000,BEST_ASK,"JPM,101132,273"
2019-06-28 10:48:00.000000000,LAST_TRADE,"8,$101132.0000"
2019-06-28 10:48:00.000000000,QUERY_SPREAD,79
2019-06-28 10:48:00.000000000,BEST_BID,"JPM,100771,286"
2019-06-28 10:48:00.000000000,BEST_ASK,"JPM,101132,268"
2019-06-28 10:48:00.000000000,LAST_TRADE,"5,$101132.0000"
2019-06-28 10:48:00.000000000,QUERY_SPREAD,80
2019-06-28 10:48:00.000000000,BEST_BID,"JPM,100771,286"
2019-06-28 10:48:00.000000000,BEST_ASK,"JPM,101132,260"
2019-06-28 10:48:00.000000000,LAST_TRADE,"8,$101132.0000"
2019-06-28 10:48:00.000000000,QUERY_SPREAD,81
2019-06-28 10:48:00.000000000,BEST_BID,"JPM,100771,286"
2019-06-28 10:48:00.000000000,BEST_ASK,"JPM,101132,251"
2019-06-28 10:48:00.000000000,LAST_TRADE,"9,$101132.0000"
2019-06-28 10:48:00.000000000,QUERY_SPREAD,82
2019-06-28 10:48:00.000000000,BEST_BID,"JPM,100771,286"
2019-06-28 10:48:00.000000000,BEST_ASK,"JPM,101132,248"
2019-06-28 10:48:00.000000000,LAST_TRADE,"3,$101132.0000"
2019-06-28 10:48:00.000000000,QUERY_SPREAD,83
2019-06-28 10:48:00.000000000,BEST_BID,"JPM,100771,286"
2019-06-28 10:48:00.000000000,BEST_ASK,"JPM,101132,240"
2019-06-28 10:48:00.000000000,LAST_TRADE,"8,$101132.0000"
2019-06-28 10:48:00.000000000,QUERY_SPREAD,84
2019-06-28 10:48:00.000000000,BEST_BID,"JPM,100771,286"
2019-06-28 10:48:00.000000000,BEST_ASK,"JPM,101132,236"
2019-06-28 10:48:00.000000000,LAST_TRADE,"4,$101132.0000"
2019-06-28 10:48:00.000000000,QUERY_SPREAD,85
2019-06-28 10:48:00.000000000,BEST_BID,"JPM,100771,286"
2019-06-28 10:48:00.000000000,BEST_ASK,"JPM,101132,231"
2019-06-28 10:48:00.000000000,LAST_TRADE,"5,$101132.0000"
2019-06-28 10:48:00.000000000,QUERY_SPREAD,86
2019-06-28 10:48:00.000000000,BEST_BID,"JPM,100771,286"
2019-06-28 10:48:00.000000000,BEST_ASK,"JPM,101132,229"
2019-06-28 10:48:00.000000000,LAST_TRADE,"2,$101132.0000"
2019-06-28 10:48:00.000000000,QUERY_SPREAD,87
2019-06-28 10:48:00.000000000,BEST_BID,"JPM,100771,286"
2019-06-28 10:48:00.000000000,BEST_ASK,"JPM,101132,222"
2019-06-28 10:48:00.000000000,LAST_TRADE,"7,$101132.0000"
2019-06-28 10:48:00.000000000,QUERY_SPREAD,88
2019-06-28 10:48:00.000000000,BEST_BID,"JPM,100771,286"
2019-06-28 10:48:00.000000000,BEST_ASK,"JPM,101132,214"
2019-06-28 10:48:00.000000000,LAST_TRADE,"8,$101132.0000"
2019-06-28 10:48:00.000000000,QUERY_SPREAD,89
2019-06-28 10:48:00.000000000,BEST_BID,"JPM,100771,286"
2019-06-28 10:48:00.000000000,BEST_ASK,"JPM,101132,209"
2019-06-28 10:48:00.000000000,LAST_TRADE,"5,$101132.0000"
2019-06-28 10:48:00.000000000,QUERY_SPREAD,90
2019-06-28 10:48:00.000000000,BEST_BID,"JPM,100771,286"
2019-06-28 10:48:00.000000000,BEST_ASK,"JPM,101132,205"
2019-06-28 10:48:00.000000000,LAST_TRADE,"4,$101132.0000"
2019-06-28 10:48:00.000000000,QUERY_SPREAD,91
2019-06-28 10:48:00.000000000,BEST_BID,"JPM,100771,286"
2019-06-28 10:48:00.000000000,BEST_ASK,"JPM,101132,202"
2019-06-28 10:48:00.000000000,LAST_TRADE,"3,$101132.0000"
2019-06-28 10:48:00.000000000,QUERY_SPREAD,92
2019-06-28 10:48:00.000000000,BEST_BID,"JPM,100771,286"
2019-06-28 10:48:00.000000000,BEST_ASK,"JPM,101132,197"
2019-06-28 10:48:00.000000000,LAST_TRADE,"5,$101132.0000"
2019-06-28 10:48:00.000000000,QUERY_SPREAD,93
2019-06-28 10:48:00.000000000,BEST_BID,"JPM,100771,286"
2019-06-28 10:48:00.000000000,BEST_ASK,"JPM,101132,190"
2019-06-28 10:48:00.000000000,LAST_TRADE,"7,$101132.0000"
2019-06-28 10:48:00.000000000,QUERY_SPREAD,94
2019-06-28 10:48:00.000000000,BEST_BID,"JPM,100771,286"
2019-06-28 10:48:00.000000000,BEST_ASK,"JPM,101132,189"
2019-06-28 10:48:00.000000000,LAST_TRADE,"1,$101132.0000"
2019-06-28 10:48:00.000000000,QUERY_SPREAD,95
2019-06-28 10:48:00.000000000,BEST_BID,"JPM,100771,286"
2019-06-28 10:48:00.000000000,BEST_ASK,"JPM,101132,188"
2019-06-28 10:48:00.000000000,LAST_TRADE,"1,$101132.0000"
2019-06-28 10:48:00.000000000,QUERY_SPREAD,96
2019-06-28 10:48:00.000000000,BEST_BID,"JPM,100771,286"
2019-06-28 10:48:00.000000000,BEST_ASK,"JPM,101132,184"
2019-06-28 10:48:00.000000000,LAST_TRADE,"4,$101132.0000"
2019-06-28 10:48:00.000000000,QUERY_SPREAD,97
2019-06-28 10:48:00.000000000,BEST_BID,"JPM,100771,286"
2019-06-28 10:48:00.000000000,BEST_ASK,"JPM,101132,181"
2019-06-28 10:48:00.000000000,LAST_TRADE,"3,$101132.0000"
2019-06-28 10:48:00.000000000,QUERY_SPREAD,98
2019-06-28 10:48:00.000000000,BEST_BID,"JPM,100771,286"
2019-06-28 10:48:00.000000000,BEST_ASK,"JPM,101132,176"
2019-06-28 10:48:00.000000000,LAST_TRADE,"5,$101132.0000"
2019-06-28 10:48:00.000000000,QUERY_SPREAD,99
2019-06-28 10:48:00.000000000,BEST_BID,"JPM,100771,286"
2019-06-28 10:48:00.000000000,BEST_ASK,"JPM,101132,172"
2019-06-28 10:48:00.000000000,LAST_TRADE,"4,$101132.0000"
2019-06-28 10:48:00.000000000,QUERY_SPREAD,100
2019-06-28 10:48:00.000000000,BEST_BID,"JPM,100771,286"
2019-06-28 10:48:00.000000000,BEST_ASK,"JPM,101132,167"
2019-06-28 10:48:00.000000000,LAST_TRADE,"5,$101132.0000"
2019-06-28 10:48:00.000000000,QUERY_SPREAD,101
2019-06-28 10:48:10.000000000,QUERY_SPREAD,1
2019-06-28 10:48:20.000000000,QUERY_SPREAD,1
2019-06-28 10:48:24.087224495,QUERY_SPREAD,43
2019-06-28 10:48:24.087224495,BEST_BID,"JPM,100708,100"
2019-06-28 10:48:24.087224495,LAST_TRADE,"100,$100771.0000"
2019-06-28 10:48:30.000000000,QUERY_SPREAD,1
2019-06-28 10:48:40.000000000,QUERY_SPREAD,1
2019-06-28 10:48:50.000000000,QUERY_SPREAD,1
2019-06-28 10:48:50.798111600,QUERY_ORDER_STREAM,53
2019-06-28 10:48:50.798111600,QUERY_SPREAD,53
2019-06-28 10:49:00.000000000,QUERY_SPREAD,1
2019-06-28 10:49:00.000000000,QUERY_SPREAD,77
2019-06-28 10:49:00.000000000,QUERY_SPREAD,78
2019-06-28 10:49:00.000000000,QUERY_SPREAD,79
2019-06-28 10:49:00.000000000,QUERY_SPREAD,80
2019-06-28 10:49:00.000000000,QUERY_SPREAD,81
2019-06-28 10:49:00.000000000,QUERY_SPREAD,82
2019-06-28 10:49:00.000000000,QUERY_SPREAD,83
2019-06-28 10:49:00.000000000,QUERY_SPREAD,84
2019-06-28 10:49:00.000000000,QUERY_SPREAD,85
2019-06-28 10:49:00.000000000,QUERY_SPREAD,86
2019-06-28 10:49:00.000000000,QUERY_SPREAD,87
2019-06-28 10:49:00.000000000,QUERY_SPREAD,88
2019-06-28 10:49:00.000000000,QUERY_SPREAD,89
2019-06-28 10:49:00.000000000,QUERY_SPREAD,90
2019-06-28 10:49:00.000000000,QUERY_SPREAD,91
2019-06-28 10:49:00.000000000,QUERY_SPREAD,92
2019-06-28 10:49:00.000000000,QUERY_SPREAD,93
2019-06-28 10:49:00.000000000,QUERY_SPREAD,94
2019-06-28 10:49:00.000000000,QUERY_SPREAD,95
2019-06-28 10:49:00.000000000,QUERY_SPREAD,96
2019-06-28 10:49:00.000000000,QUERY_SPREAD,97
2019-06-28 10:49:00.000000000,QUERY_SPREAD,98
2019-06-28 10:49:00.000000000,QUERY_SPREAD,99
2019-06-28 10:49:00.000000000,QUERY_SPREAD,100
2019-06-28 10:49:00.000000000,QUERY_SPREAD,101
2019-06-28 10:49:03.949682350,QUERY_ORDER_STREAM,53
2019-06-28 10:49:03.949682350,QUERY_SPREAD,53
2019-06-28 10:49:03.949682350,BEST_BID,"JPM,100708,100"
2019-06-28 10:49:03.949682350,BEST_ASK,"JPM,101132,100"
2019-06-28 10:49:04.664079313,QUERY_SPREAD,22
2019-06-28 10:49:04.664079313,BEST_BID,"JPM,100708,100"
2019-06-28 10:49:04.664079313,BEST_ASK,"JPM,100961,100"
2019-06-28 10:49:10.000000000,QUERY_SPREAD,1
2019-06-28 10:49:10.000000000,BEST_BID,"JPM,100708,471"
2019-06-28 10:49:10.000000000,BEST_ASK,"JPM,100961,100"
2019-06-28 10:49:10.000000000,BEST_BID,"JPM,100708,471"
2019-06-28 10:49:10.000000000,BEST_ASK,"JPM,100961,471"
2019-06-28 10:49:20.000000000,QUERY_SPREAD,1
2019-06-28 10:49:20.000000000,BEST_BID,"JPM,100708,286"
2019-06-28 10:49:20.000000000,BEST_ASK,"JPM,100961,100"
2019-06-28 10:49:20.000000000,BEST_BID,"JPM,100708,286"
2019-06-28 10:49:20.000000000,BEST_ASK,"JPM,100961,100"
2019-06-28 10:49:20.000000000,BEST_BID,"JPM,100708,286"
2019-06-28 10:49:20.000000000,BEST_ASK,"JPM,100961,286"
2019-06-28 10:49:20.000000000,BEST_BID,"JPM,100708,286"
2019-06-28 10:49:20.000000000,BEST_ASK,"JPM,100961,286"
2019-06-28 10:49:20.660646751,QUERY_ORDER_STREAM,58
2019-06-28 10:49:20.660646751,QUERY_SPREAD,58
2019-06-28 10:49:30.000000000,QUERY_SPREAD,1
2019-06-28 10:49:30.000000000,BEST_BID,"JPM,100708,174"
2019-06-28 10:49:30.000000000,BEST_ASK,"JPM,100961,100"
2019-06-28 10:49:30.000000000,BEST_BID,"JPM,100708,174"
2019-06-28 10:49:30.000000000,BEST_ASK,"JPM,100961,100"
2019-06-28 10:49:30.000000000,BEST_BID,"JPM,100708,174"
2019-06-28 10:49:30.000000000,BEST_ASK,"JPM,100961,100"
2019-06-28 10:49:30.000000000,BEST_BID,"JPM,100708,174"
2019-06-28 10:49:30.000000000,BEST_ASK,"JPM,100961,100"
2019-06-28 10:49:30.000000000,BEST_BID,"JPM,100708,174"
2019-06-28 10:49:30.000000000,BEST_ASK,"JPM,100961,100"
2019-06-28 10:49:30.000000000,BEST_BID,"JPM,100708,174"
2019-06-28 10:49:30.000000000,BEST_ASK,"JPM,100961,174"
2019-06-28 10:49:30.000000000,BEST_BID,"JPM,100708,174"
2019-06-28 10:49:30.000000000,BEST_ASK,"JPM,100961,174"
2019-06-28 10:49:30.000000000,BEST_BID,"JPM,100708,174"
2019-06-28 10:49:30.000000000,BEST_ASK,"JPM,100961,174"
2019-06-28 10:49:31.531420220,QUERY_SPREAD,17
2019-06-28 10:49:31.531420220,BEST_BID,"JPM,100708,174"
2019-06-28 10:49:31.531420220,BEST_ASK,"JPM,100961,174"
2019-06-28 10:49:40.000000000,QUERY_SPREAD,1
2019-06-28 10:49:40.000000000,BEST_BID,"JPM,100708,471"
2019-06-28 10:49:40.000000000,BEST_ASK,"JPM,100961,100"
2019-06-28 10:49:40.000000000,BEST_BID,"JPM,100708,471"
2019-06-28 10:49:40.000000000,BEST_ASK,"JPM,100961,471"
2019-06-28 10:49:46.389684449,QUERY_ORDER_STREAM,74
2019-06-28 10:49:46.389684449,QUERY_SPREAD,74
2019-06-28 10:49:46.389684449,BEST_BID,"JPM,100708,471"
2019-06-28 10:49:46.389684449,BEST_ASK,"JPM,100961,471"
2019-06-28 10:49:50.000000000,QUERY_SPREAD,1
2019-06-28 10:49:50.000000000,BEST_BID,"JPM,100708,471"
2019-06-28 10:49:50.000000000,BEST_ASK,"JPM,100961,100"
2019-06-28 10:49:50.000000000,BEST_BID,"JPM,100708,471"
2019-06-28 10:49:50.000000000,BEST_ASK,"JPM,100961,471"
2019-06-28 10:50:00.000000000,QUERY_SPREAD,1
2019-06-28 10:50:00.000000000,BEST_BID,"JPM,100708,193"
2019-06-28 10:50:00.000000000,BEST_ASK,"JPM,100961,100"
2019-06-28 10:50:00.000000000,BEST_BID,"JPM,100708,193"
2019-06-28 10:50:00.000000000,BEST_ASK,"JPM,100961,100"
2019-06-28 10:50:00.000000000,BEST_BID,"JPM,100708,193"
2019-06-28 10:50:00.000000000,BEST_ASK,"JPM,100961,100"
2019-06-28 10:50:00.000000000,BEST_BID,"JPM,100708,193"
2019-06-28 10:50:00.000000000,BEST_ASK,"JPM,100961,100"
2019-06-28 10:50:00.000000000,BEST_BID,"JPM,100708,193"
2019-06-28 10:50:00.000000000,BEST_ASK,"JPM,100961,193"
2019-06-28 10:50:00.000000000,BEST_BID,"JPM,100708,193"
2019-06-28 10:50:00.000000000,BEST_ASK,"JPM,100961,193"
2019-06-28 10:50:00.000000000,BEST_BID,"JPM,100708,193"
2019-06-28 10:50:00.000000000,BEST_ASK,"JPM,100961,193"
2019-06-28 10:50:00.000000000,BEST_BID,"JPM,100708,193"
2019-06-28 10:50:00.000000000,BEST_ASK,"JPM,100961,193"
2019-06-28 10:50:00.000000000,QUERY_SPREAD,77
2019-06-28 10:50:00.000000000,BEST_BID,"JPM,100708,193"
2019-06-28 10:50:00.000000000,BEST_ASK,"JPM,100961,188"
2019-06-28 10:50:00.000000000,LAST_TRADE,"5,$100961.0000"
2019-06-28 10:50:00.000000000,QUERY_SPREAD,78
2019-06-28 10:50:00.000000000,BEST_BID,"JPM,100708,193"
2019-06-28 10:50:00.000000000,BEST_ASK,"JPM,100961,180"
2019-06-28 10:50:00.000000000,LAST_TRADE,"8,$100961.0000"
2019-06-28 10:50:00.000000000,QUERY_SPREAD,79
2019-06-28 10:50:00.000000000,BEST_BID,"JPM,100708,193"
2019-06-28 10:50:00.000000000,BEST_ASK,"JPM,100961,175"
2019-06-28 10:50:00.000000000,LAST_TRADE,"5,$100961.0000"
2019-06-28 10:50:00.000000000,QUERY_SPREAD,80
2019-06-28 10:50:00.000000000,BEST_BID,"JPM,100708,193"
2019-06-28 10:50:00.000000000,BEST_ASK,"JPM,100961,167"
2019-06-28 10:50:00.000000000,LAST_TRADE,"8,$100961.0000"
2019-06-28 10:50:00.000000000,QUERY_SPREAD,81
2019-06-28 10:50:00.000000000,BEST_BID,"JPM,100708,193"
2019-06-28 10:50:00.000000000,BEST_ASK,"JPM,100961,158"
2019-06-28 10:50:00.000000000,LAST_TRADE,"9,$100961.0000"
2019-06-28 10:50:00.000000000,QUERY_SPREAD,82
2019-06-28 10:50:00.000000000,BEST_BID,"JPM,100708,193"
2019-06-28 10:50:00.000000000,BEST_ASK,"JPM,100961,155"
2019-06-28 10:50:00.000000000,LAST_TRADE,"3,$100961.0000"
2019-06-28 10:50:00.000000000,QUERY_SPREAD,83
2019-06-28 10:50:00.000000000,BEST_BID,"JPM,100708,193"
2019-06-28 10:50:00.000000000,BEST_ASK,"JPM,100961,147"
2019-06-28 10:50:00.000000000,LAST_TRADE,"8,$100961.0000"
2019-06-28 10:50:00.000000000,QUERY_SPREAD,84
2019-06-28 10:50:00.000000000,BEST_BID,"JPM,100708,193"
2019-06-28 10:50:00.000000000,BEST_ASK,"JPM,100961,143"
2019-06-28 10:50:00.000000000,LAST_TRADE,"4,$100961.0000"
2019-06-28 10:50:00.000000000,QUERY_SPREAD,85
2019-06-28 10:50:00.000000000,BEST_BID,"JPM,100708,193"
2019-06-28 10:50:00.000000000,BEST_ASK,"JPM,100961,138"
2019-06-28 10:50:00.000000000,LAST_TRADE,"5,$100961.0000"
2019-06-28 10:50:00.000000000,QUERY_SPREAD,86
2019-06-28 10:50:00.000000000,BEST_BID,"JPM,100708,193"
2019-06-28 10:50:00.000000000,BEST_ASK,"JPM,100961,136"
2019-06-28 10:50:00.000000000,LAST_TRADE,"2,$100961.0000"
2019-06-28 10:50:00.000000000,QUERY_SPREAD,87
2019-06-28 10:50:00.000000000,BEST_BID,"JPM,100708,193"
2019-06-28 10:50:00.000000000,BEST_ASK,"JPM,100961,129"
2019-06-28 10:50:00.000000000,LAST_TRADE,"7,$100961.0000"
2019-06-28 10:50:00.000000000,QUERY_SPREAD,88
2019-06-28 10:50:00.000000000,BEST_BID,"JPM,100708,193"
2019-06-28 10:50:00.000000000,BEST_ASK,"JPM,100961,121"
2019-06-28 10:50:00.000000000,LAST_TRADE,"8,$100961.0000"
2019-06-28 10:50:00.000000000,QUERY_SPREAD,89
2019-06-28 10:50:00.000000000,BEST_BID,"JPM,100708,193"
2019-06-28 10:50:00.000000000,BEST_ASK,"JPM,100961,116"
2019-06-28 10:50:00.000000000,LAST_TRADE,"5,$100961.0000"
2019-06-28 10:50:00.000000000,QUERY_SPREAD,90
2019-06-28 10:50:00.000000000,BEST_BID,"JPM,100708,193"
2019-06-28 10:50:00.000000000,BEST_ASK,"JPM,100961,112"
2019-06-28 10:50:00.000000000,LAST_TRADE,"4,$100961.0000"
2019-06-28 10:50:00.000000000,QUERY_SPREAD,91
2019-06-28 10:50:00.000000000,BEST_BID,"JPM,100708,193"
2019-06-28 10:50:00.000000000,BEST_ASK,"JPM,100961,109"
2019-06-28 10:50:00.000000000,LAST_TRADE,"3,$100961.0000"
2019-06-28 10:50:00.000000000,QUERY_SPREAD,92
2019-06-28 10:50:00.000000000,BEST_BID,"JPM,100708,193"
2019-06-28 10:50:00.000000000,BEST_ASK,"JPM,100961,104"
2019-06-28 10:50:00.000000000,LAST_TRADE,"5,$100961.0000"
2019-06-28 10:50:00.000000000,QUERY_SPREAD,93
2019-06-28 10:50:00.000000000,BEST_BID,"JPM,100708,193"
2019-06-28 10:50:00.000000000,BEST_ASK,"JPM,100961,97"
2019-06-28 10:50:00.000000000,LAST_TRADE,"7,$100961.0000"
2019-06-28 10:50:00.000000000,QUERY_SPREAD,94
2019-06-28 10:50:00.000000000,BEST_BID,"JPM,100708,193"
2019-06-28 10:50:00.000000000,BEST_ASK,"JPM,100961,96"
2019-06-28 10:50:00.000000000,LAST_TRADE,"1,$100961.0000"
2019-06-28 10:50:00.000000000,QUERY_SPREAD,95
2019-06-28 10:50:00.000000000,BEST_BID,"JPM,100708,193"
2019-06-28 10:50:00.000000000,BEST_ASK,"JPM,100961,95"
2019-06-28 10:50:00.000000000,LAST_TRADE,"1,$100961.0000"
2019-06-28 10:50:00.000000000,QUERY_SPREAD,96
2019-06-28 10:50:00.000000000,BEST_BID,"JPM,100708,193"
2019-06-28 10:50:00.000000000,BEST_ASK,"JPM,100961,91"
2019-06-28 10:50:00.000000000,LAST_TRADE,"4,$100961.0000"
2019-06-28 10:50:00.000000000,QUERY_SPREAD,97
2019-06-28 10:50:00.000000000,BEST_BID,"JPM,100708,193"
2019-06-28 10:50:00.000000000,BEST_ASK,"JPM,100961,88"
2019-06-28 10:50:00.000000000,LAST_TRADE,"3,$100961.0000"
2019-06-28 10:50:00.000000000,QUERY_SPREAD,98
2019-06-28 10:50:00.000000000,BEST_BID,"JPM,100708,193"
2019-06-28 10:50:00.000000000,BEST_ASK,"JPM,100961,83"
2019-06-28 10:50:00.000000000,LAST_TRADE,"5,$100961.0000"
2019-06-28 10:50:00.000000000,QUERY_SPREAD,99
2019-06-28 10:50:00.000000000,BEST_BID,"JPM,100708,193"
2019-06-28 10:50:00.000000000,BEST_ASK,"JPM,100961,79"
2019-06-28 10:50:00.000000000,LAST_TRADE,"4,$100961.0000"
2019-06-28 10:50:00.000000000,QUERY_SPREAD,100
2019-06-28 10:50:00.000000000,BEST_BID,"JPM,100708,193"
2019-06-28 10:50:00.000000000,BEST_ASK,"JPM,100961,74"
2019-06-28 10:50:00.000000000,LAST_TRADE,"5,$100961.0000"
2019-06-28 10:50:00.000000000,QUERY_SPREAD,101
2019-06-28 10:50:02.320358224,QUERY_SPREAD,28
2019-06-28 10:50:02.320358224,BEST_BID,"JPM,100708,193"
2019-06-28 10:50:02.320358224,BEST_ASK,"JPM,100884,100"
2019-06-28 10:50:10.000000000,QUERY_SPREAD,1
2019-06-28 10:50:10.000000000,BEST_BID,"JPM,100708,471"
2019-06-28 10:50:10.000000000,BEST_ASK,"JPM,100884,100"
2019-06-28 10:50:10.000000000,BEST_BID,"JPM,100708,471"
2019-06-28 10:50:10.000000000,BEST_ASK,"JPM,100884,471"
2019-06-28 10:50:20.000000000,QUERY_SPREAD,1
2019-06-28 10:50:20.000000000,BEST_BID,"JPM,100708,226"
2019-06-28 10:50:20.000000000,BEST_ASK,"JPM,100884,100"
2019-06-28 10:50:20.000000000,BEST_BID,"JPM,100708,226"
2019-06-28 10:50:20.000000000,BEST_ASK,"JPM,100884,100"
2019-06-28 10:50:20.000000000,BEST_BID,"JPM,100708,226"
2019-06-28 10:50:20.000000000,BEST_ASK,"JPM,100884,100"
2019-06-28 10:50:20.000000000,BEST_BID,"JPM,100708,226"
2019-06-28 10:50:20.000000000,BEST_ASK,"JPM,100884,226"
2019-06-28 10:50:20.000000000,BEST_BID,"JPM,100708,226"
2019-06-28 10:50:20.000000000,BEST_ASK,"JPM,100884,226"
2019-06-28 10:50:20.000000000,BEST_BID,"JPM,100708,226"
2019-06-28 10:50:20.000000000,BEST_ASK,"JPM,100884,226"
2019-06-28 10:50:30.000000000,QUERY_SPREAD,1
2019-06-28 10:50:30.000000000,BEST_BID,"JPM,100708,471"
2019-06-28 10:50:30.000000000,BEST_ASK,"JPM,100884,100"
2019-06-28 10:50:30.000000000,BEST_BID,"JPM,100708,471"
2019-06-28 10:50:30.000000000,BEST_ASK,"JPM,100884,471"
2019-06-28 10:50:33.804215326,QUERY_ORDER_STREAM,76
2019-06-28 10:50:33.804215326,QUERY_SPREAD,76
2019-06-28 10:50:34.827548706,QUERY_SPREAD,38
2019-06-28 10:50:34.827548706,BEST_BID,"JPM,100708,471"
2019-06-28 10:50:34.827548706,BEST_ASK,"JPM,100884,471"
2019-06-28 10:50:40.000000000,QUERY_SPREAD,1
2019-06-28 10:50:40.000000000,BEST_BID,"JPM,100708,174"
2019-06-28 10:50:40.000000000,BEST_ASK,"JPM,100884,100"
2019-06-28 10:50:40.000000000,BEST_BID,"JPM,100708,174"
2019-06-28 10:50:40.000000000,BEST_ASK,"JPM,100884,100"
2019-06-28 10:50:40.000000000,BEST_BID,"JPM,100708,174"
2019-06-28 10:50:40.000000000,BEST_ASK,"JPM,100884,100"
2019-06-28 10:50:40.000000000,BEST_BID,"JPM,100708,174"
2019-06-28 10:50:40.000000000,BEST_ASK,"JPM,100884,100"
2019-06-28 10:50:40.000000000,BEST_BID,"JPM,100708,174"
2019-06-28 10:50:40.000000000,BEST_ASK,"JPM,100884,100"
2019-06-28 10:50:40.000000000,BEST_BID,"JPM,100708,174"
2019-06-28 10:50:40.000000000,BEST_ASK,"JPM,100884,174"
2019-06-28 10:50:40.000000000,BEST_BID,"JPM,100708,174"
2019-06-28 10:50:40.000000000,BEST_ASK,"JPM,100884,174"
2019-06-28 10:50:40.000000000,BEST_BID,"JPM,100708,174"
2019-06-28 10:50:40.000000000,BEST_ASK,"JPM,100884,174"
2019-06-28 10:50:40.000000000,BEST_BID,"JPM,100708,174"
2019-06-28 10:50:40.000000000,BEST_ASK,"JPM,100884,174"
2019-06-28 10:50:42.610764451,QUERY_SPREAD,38
2019-06-28 10:50:42.610764451,BEST_BID,"JPM,100708,174"
2019-06-28 10:50:42.610764451,BEST_ASK,"JPM,100884,174"
2019-06-28 10:50:46.319392934,QUERY_SPREAD,49
2019-06-28 10:50:46.319392934,BEST_BID,"JPM,100708,74"
2019-06-28 10:50:46.319392934,BEST_ASK,"JPM,100884,174"
2019-06-28 10:50:50.000000000,QUERY_SPREAD,1
2019-06-28 10:50:50.000000000,BEST_BID,"JPM,100687,286"
2019-06-28 10:50:50.000000000,BEST_ASK,"JPM,100884,100"
2019-06-28 10:50:50.000000000,BEST_BID,"JPM,100687,286"
2019-06-28 10:50:50.000000000,BEST_ASK,"JPM,100884,100"
2019-06-28 10:50:50.000000000,BEST_BID,"JPM,100687,286"
2019-06-28 10:50:50.000000000,BEST_ASK,"JPM,100884,286"
2019-06-28 10:50:50.000000000,BEST_BID,"JPM,100687,286"
2019-06-28 10:50:50.000000000,BEST_ASK,"JPM,100884,286"
2019-06-28 10:50:51.348822602,QUERY_ORDER_STREAM,53
2019-06-28 10:50:51.348822602,QUERY_SPREAD,53
2019-06-28 10:51:00.000000000,QUERY_SPREAD,1
2019-06-28 10:51:00.000000000,BEST_BID,"JPM,100687,174"
2019-06-28 10:51:00.000000000,BEST_ASK,"JPM,100884,100"
2019-06-28 10:51:00.000000000,BEST_BID,"JPM,100687,174"
2019-06-28 10:51:00.000000000,BEST_ASK,"JPM,100884,100"
2019-06-28 10:51:00.000000000,BEST_BID,"JPM,100687,174"
2019-06-28 10:51:00.000000000,BEST_ASK,"JPM,100884,100"
2019-06-28 10:51:00.000000000,BEST_BID,"JPM,100687,174"
2019-06-28 10:51:00.000000000,BEST_ASK,"JPM,100884,100"
2019-06-28 10:51:00.000000000,BEST_BID,"JPM,100687,174"
2019-06-28 10:51:00.000000000,BEST_ASK,"JPM,100884,100"
2019-06-28 10:51:00.000000000,BEST_BID,"JPM,100687,174"
2019-06-28 10:51:00.000000000,BEST_ASK,"JPM,100884,174"
2019-06-28 10:51:00.000000000,BEST_BID,"JPM,100687,174"
2019-06-28 10:51:00.000000000,BEST_ASK,"JPM,100884,174"
2019-06-28 10:51:00.000000000,BEST_BID,"JPM,100687,174"
2019-06-28 10:51:00.000000000,BEST_ASK,"JPM,100884,174"
2019-06-28 10:51:00.000000000,BEST_BID,"JPM,100687,174"
2019-06-28 10:51:00.000000000,BEST_ASK,"JPM,100884,174"
2019-06-28 10:51:00.000000000,BEST_BID,"JPM,100687,174"
2019-06-28 10:51:00.000000000,BEST_ASK,"JPM,100884,174"
2019-06-28 10:51:00.000000000,QUERY_SPREAD,77
2019-06-28 10:51:00.000000000,BEST_BID,"JPM,100687,174"
2019-06-28 10:51:00.000000000,BEST_ASK,"JPM,100884,169"
2019-06-28 10:51:00.000000000,LAST_TRADE,"5,$100884.0000"
2019-06-28 10:51:00.000000000,QUERY_SPREAD,78
2019-06-28 10:51:00.000000000,BEST_BID,"JPM,100687,174"
2019-06-28 10:51:00.000000000,BEST_ASK,"JPM,100884,161"
2019-06-28 10:51:00.000000000,LAST_TRADE,"8,$100884.0000"
2019-06-28 10:51:00.000000000,QUERY_SPREAD,79
2019-06-28 10:51:00.000000000,BEST_BID,"JPM,100687,174"
2019-06-28 10:51:00.000000000,BEST_ASK,"JPM,100884,156"
2019-06-28 10:51:00.000000000,LAST_TRADE,"5,$100884.0000"
2019-06-28 10:51:00.000000000,QUERY_SPREAD,80
2019-06-28 10:51:00.000000000,BEST_BID,"JPM,100687,174"
2019-06-28 10:51:00.000000000,BEST_ASK,"JPM,100884,148"
2019-06-28 10:51:00.000000000,LAST_TRADE,"8,$100884.0000"
2019-06-28 10:51:00.000000000,QUERY_SPREAD,81
2019-06-28 10:51:00.000000000,BEST_BID,"JPM,100687,174"
2019-06-28 10:51:00.000000000,BEST_ASK,"JPM,100884,139"
2019-06-28 10:51:00.000000000,LAST_TRADE,"9,$100884.0000"
2019-06-28 10:51:00.000000000,QUERY_SPREAD,82
2019-06-28 10:51:00.000000000,BEST_BID,"JPM,100687,174"
2019-06-28 10:51:00.000000000,BEST_ASK,"JPM,100884,136"
2019-06-28 10:51:00.000000000,LAST_TRADE,"3,$100884.0000"
2019-06-28 10:51:00.000000000,QUERY_SPREAD,83
2019-06-28 10:51:00.000000000,BEST_BID,"JPM,100687,174"
2019-06-28 10:51:00.000000000,BEST_ASK,"JPM,100884,128"
2019-06-28 10:51:00.000000000,LAST_TRADE,"8,$100884.0000"
2019-06-28 10:51:00.000000000,QUERY_SPREAD,84
2019-06-28 10:51:00.000000000,BEST_BID,"JPM,100687,174"
2019-06-28 10:51:00.000000000,BEST_ASK,"JPM,100884,124"
2019-06-28 10:51:00.000000000,LAST_TRADE,"4,$100884.0000"
2019-06-28 10:51:00.000000000,QUERY_SPREAD,85
2019-06-28 10:51:00.000000000,BEST_BID,"JPM,100687,174"
2019-06-28 10:51:00.000000000,BEST_ASK,"JPM,100884,119"
2019-06-28 10:51:00.000000000,LAST_TRADE,"5,$100884.0000"
2019-06-28 10:51:00.000000000,QUERY_SPREAD,86
2019-06-28 10:51:00.000000000,BEST_BID,"JPM,100687,174"
2019-06-28 10:51:00.000000000,BEST_ASK,"JPM,100884,117"
2019-06-28 10:51:00.000000000,LAST_TRADE,"2,$100884.0000"
2019-06-28 10:51:00.000000000,QUERY_SPREAD,87
2019-06-28 10:51:00.000000000,BEST_BID,"JPM,100687,174"
2019-06-28 10:51:00.000000000,BEST_ASK,"JPM,100884,110"
2019-06-28 10:51:00.000000000,LAST_TRADE,"7,$100884.0000"
2019-06-28 10:51:00.000000000,QUERY_SPREAD,88
2019-06-28 10:51:00.000000000,BEST_BID,"JPM,100687,174"
2019-06-28 10:51:00.000000000,BEST_ASK,"JPM,100884,102"
2019-06-28 10:51:00.000000000,LAST_TRADE,"8,$100884.0000"
2019-06-28 10:51:00.000000000,QUERY_SPREAD,89
2019-06-28 10:51:00.000000000,BEST_BID,"JPM,100687,174"
2019-06-28 10:51:00.000000000,BEST_ASK,"JPM,100884,97"
2019-06-28 10:51:00.000000000,LAST_TRADE,"5,$100884.0000"
2019-06-28 10:51:00.000000000,QUERY_SPREAD,90
2019-06-28 10:51:00.000000000,BEST_BID,"JPM,100687,174"
2019-06-28 10:51:00.000000000,BEST_ASK,"JPM,100884,93"
2019-06-28 10:51:00.000000000,LAST_TRADE,"4,$100884.0000"
2019-06-28 10:51:00.000000000,QUERY_SPREAD,91
2019-06-28 10:51:00.000000000,BEST_BID,"JPM,100687,174"
2019-06-28 10:51:00.000000000,BEST_ASK,"JPM,100884,90"
2019-06-28 10:51:00.000000000,LAST_TRADE,"3,$100884.0000"
2019-06-28 10:51:00.000000000,QUERY_SPREAD,92
2019-06-28 10:51:00.000000000,BEST_BID,"JPM,100687,174"
2019-06-28 10:51:00.000000000,BEST_ASK,"JPM,100884,85"
2019-06-28 10:51:00.000000000,LAST_TRADE,"5,$100884.0000"
2019-06-28 10:51:00.000000000,QUERY_SPREAD,93
2019-06-28 10:51:00.000000000,BEST_BID,"JPM,100687,174"
2019-06-28 10:51:00.000000000,BEST_ASK,"JPM,100884,78"
2019-06-28 10:51:00.000000000,LAST_TRADE,"7,$100884.0000"
2019-06-28 10:51:00.000000000,QUERY_SPREAD,94
2019-06-28 10:51:00.000000000,BEST_BID,"JPM,100687,174"
2019-06-28 10:51:00.000000000,BEST_ASK,"JPM,100884,77"
2019-06-28 10:51:00.000000000,LAST_TRADE,"1,$100884.0000"
2019-06-28 10:51:00.000000000,QUERY_SPREAD,95
2019-06-28 10:51:00.000000000,BEST_BID,"JPM,100687,174"
2019-06-28 10:51:00.000000000,BEST_ASK,"JPM,100884,76"
2019-06-28 10:51:00.000000000,LAST_TRADE,"1,$100884.0000"
2019-06-28 10:51:00.000000000,QUERY_SPREAD,96
2019-06-28 10:51:00.000000000,BEST_BID,"JPM,100687,174"
2019-06-28 10:51:00.000000000,BEST_ASK,"JPM,100884,72"
2019-06-28 10:51:00.000000000,LAST_TRADE,"4,$100884.0000"
2019-06-28 10:51:00.000000000,QUERY_SPREAD,97
2019-06-28 10:51:00.000000000,BEST_BID,"JPM,100687,174"
2019-06-28 10:51:00.000000000,BEST_ASK,"JPM,100884,69"
2019-06-28 10:51:00.000000000,LAST_TRADE,"3,$100884.0000"
2019-06-28 10:51:00.000000000,QUERY_SPREAD,98
2019-06-28 10:51:00.000000000,BEST_BID,"JPM,100687,174"
2019-06-28 10:51:00.000000000,BEST_ASK,"JPM,100884,64"
2019-06-28 10:51:00.000000000,LAST_TRADE,"5,$100884.0000"
2019-06-28 10:51:00.000000000,QUERY_SPREAD,99
2019-06-28 10:51:00.000000000,BEST_BID,"JPM,100687,174"
2019-06-28 10:51:00.000000000,BEST_ASK,"JPM,100884,60"
2019-06-28 10:51:00.000000000,LAST_TRADE,"4,$100884.0000"
2019-06-28 10:51:00.000000000,QUERY_SPREAD,100
2019-06-28 10:51:00.000000000,BEST_BID,"JPM,100687,174"
2019-06-28 10:51:00.000000000,BEST_ASK,"JPM,100884,55"
2019-06-28 10:51:00.000000000,LAST_TRADE,"5,$100884.0000"
2019-06-28 10:51:00.000000000,QUERY_SPREAD,101
2019-06-28 10:51:03.791463837,QUERY_SPREAD,4
2019-06-28 10:51:03.791463837,BEST_BID,"JPM,100687,174"
2019-06-28 10:51:03.791463837,BEST_ASK,"JPM,100884,55"
2019-06-28 10:51:09.820842805,QUERY_ORDER_STREAM,74
2019-06-28 10:51:09.820842805,QUERY_SPREAD,74
2019-06-28 10:51:10.000000000,QUERY_SPREAD,1
2019-06-28 10:51:10.000000000,BEST_BID,"JPM,100687,174"
2019-06-28 10:51:10.000000000,BEST_ASK,"JPM,100944,100"
2019-06-28 10:51:10.000000000,BEST_BID,"JPM,100687,174"
2019-06-28 10:51:10.000000000,BEST_ASK,"JPM,100944,100"
2019-06-28 10:51:10.000000000,BEST_BID,"JPM,100687,174"
2019-06-28 10:51:10.000000000,BEST_ASK,"JPM,100944,100"
2019-06-28 10:51:10.000000000,BEST_BID,"JPM,100687,174"
2019-06-28 10:51:10.000000000,BEST_ASK,"JPM,100944,100"
2019-06-28 10:51:10.000000000,BEST_BID,"JPM,100687,174"
2019-06-28 10:51:10.000000000,BEST_ASK,"JPM,100944,100"
2019-06-28 10:51:10.000000000,BEST_BID,"JPM,100687,174"
2019-06-28 10:51:10.000000000,BEST_ASK,"JPM,100944,174"
2019-06-28 10:51:10.000000000,BEST_BID,"JPM,100687,174"
2019-06-28 10:51:10.000000000,BEST_ASK,"JPM,100944,174"
2019-06-28 10:51:10.000000000,BEST_BID,"JPM,100687,174"
2019-06-28 10:51:10.000000000,BEST_ASK,"JPM,100944,174"
2019-06-28 10:51:18.463723450,QUERY_SPREAD,45
2019-06-28 10:51:18.463723450,BEST_BID,"JPM,100687,74"
2019-06-28 10:51:18.463723450,BEST_ASK,"JPM,100944,174"
2019-06-28 10:51:18.463723450,LAST_TRADE,"100,$100687.0000"
2019-06-28 10:51:18.625146702,QUERY_SPREAD,39
2019-06-28 10:51:18.625146702,BEST_BID,"JPM,100478,174"
2019-06-28 10:51:18.625146702,BEST_ASK,"JPM,100687,26"
2019-06-28 10:51:18.625146702,LAST_TRADE,"74,$100687.0000"
2019-06-28 10:51:20.000000000,QUERY_SPREAD,1
2019-06-28 10:51:20.000000000,BEST_BID,"JPM,100478,286"
2019-06-28 10:51:20.000000000,BEST_ASK,"JPM,100687,26"
2019-06-28 10:51:20.000000000,BEST_BID,"JPM,100478,286"
2019-06-28 10:51:20.000000000,BEST_ASK,"JPM,100687,26"
2019-06-28 10:51:20.000000000,BEST_BID,"JPM,100478,286"
2019-06-28 10:51:20.000000000,BEST_ASK,"JPM,100687,212"
2019-06-28 10:51:20.000000000,BEST_BID,"JPM,100478,286"
2019-06-28 10:51:20.000000000,BEST_ASK,"JPM,100687,212"
2019-06-28 10:51:29.891204032,QUERY_SPREAD,11
2019-06-28 10:51:29.891204032,BEST_BID,"JPM,100478,286"
2019-06-28 10:51:29.891204032,BEST_ASK,"JPM,100517,100"
2019-06-28 10:51:30.000000000,QUERY_SPREAD,1
2019-06-28 10:51:30.000000000,BEST_BID,"JPM,100478,471"
2019-06-28 10:51:30.000000000,BEST_ASK,"JPM,100517,100"
2019-06-28 10:51:30.000000000,BEST_BID,"JPM,100478,471"
2019-06-28 10:51:30.000000000,BEST_ASK,"JPM,100517,471"
2019-06-28 10:51:40.000000000,QUERY_SPREAD,1
2019-06-28 10:51:40.000000000,BEST_BID,"JPM,100478,193"
2019-06-28 10:51:40.000000000,BEST_ASK,"JPM,100517,100"
2019-06-28 10:51:40.000000000,BEST_BID,"JPM,100478,193"
2019-06-28 10:51:40.000000000,BEST_ASK,"JPM,100517,100"
2019-06-28 10:51:40.000000000,BEST_BID,"JPM,100478,193"
2019-06-28 10:51:40.000000000,BEST_ASK,"JPM,100517,100"
2019-06-28 10:51:40.000000000,BEST_BID,"JPM,100478,193"
2019-06-28 10:51:40.000000000,BEST_ASK,"JPM,100517,100"
2019-06-28 10:51:40.000000000,BEST_BID,"JPM,100478,193"
2019-06-28 10:51:40.000000000,BEST_ASK,"JPM,100517,193"
2019-06-28 10:51:40.000000000,BEST_BID,"JPM,100478,193"
2019-06-28 10:51:40.000000000,BEST_ASK,"JPM,100517,193"
2019-06-28 10:51:40.000000000,BEST_BID,"JPM,100478,193"
2019-06-28 10:51:40.000000000,BEST_ASK,"JPM,100517,193"
2019-06-28 10:51:40.000000000,BEST_BID,"JPM,100478,193"
2019-06-28 10:51:40.000000000,BEST_ASK,"JPM,100517,193"
2019-06-28 10:51:50.000000000,QUERY_SPREAD,1
2019-06-28 10:51:50.000000000,BEST_BID,"JPM,100478,174"
2019-06-28 10:51:50.000000000,BEST_ASK,"JPM,100517,100"
2019-06-28 10:51:50.000000000,BEST_BID,"JPM,100478,174"
2019-06-28 10:51:50.000000000,BEST_ASK,"JPM,100517,100"
2019-06-28 10:51:50.000000000,BEST_BID,"JPM,100478,174"
2019-06-28 10:51:50.000000000,BEST_ASK,"JPM,100517,100"
2019-06-28 10:51:50.000000000,BEST_BID,"JPM,100478,174"
2019-06-28 10:51:50.000000000,BEST_ASK,"JPM,100517,100"
2019-06-28 10:51:50.000000000,BEST_BID,"JPM,100478,174"
2019-06-28 10:51:50.000000000,BEST_ASK,"JPM,100517,100"
2019-06-28 10:51:50.000000000,BEST_BID,"JPM,100478,174"
2019-06-28 10:51:50.000000000,BEST_ASK,"JPM,100517,174"
2019-06-28 10:51:50.000000000,BEST_BID,"JPM,100478,174"
2019-06-28 10:51:50.000000000,BEST_ASK,"JPM,100517,174"
2019-06-28 10:51:50.000000000,BEST_BID,"JPM,100478,174"
2019-06-28 10:51:50.000000000,BEST_ASK,"JPM,100517,174"
2019-06-28 10:51:50.000000000,BEST_BID,"JPM,100478,174"
2019-06-28 10:51:50.000000000,BEST_ASK,"JPM,100517,174"
2019-06-28 10:51:50.000000000,BEST_BID,"JPM,100478,174"
2019-06-28 10:51:50.000000000,BEST_ASK,"JPM,100517,174"
2019-06-28 10:52:00.000000000,QUERY_SPREAD,1
2019-06-28 10:52:00.000000000,BEST_BID,"JPM,100478,286"
2019-06-28 10:52:00.000000000,BEST_ASK,"JPM,100517,100"
2019-06-28 10:52:00.000000000,BEST_BID,"JPM,100478,286"
2019-06-28 10:52:00.000000000,BEST_ASK,"JPM,100517,100"
2019-06-28 10:52:00.000000000,BEST_BID,"JPM,100478,286"
2019-06-28 10:52:00.000000000,BEST_ASK,"JPM,100517,286"
2019-06-28 10:52:00.000000000,BEST_BID,"JPM,100478,286"
2019-06-28 10:52:00.000000000,BEST_ASK,"JPM,100517,286"
2019-06-28 10:52:00.000000000,QUERY_SPREAD,77
2019-06-28 10:52:00.000000000,BEST_BID,"JPM,100478,286"
2019-06-28 10:52:00.000000000,BEST_ASK,"JPM,100517,281"
2019-06-28 10:52:00.000000000,LAST_TRADE,"5,$100517.0000"
2019-06-28 10:52:00.000000000,QUERY_SPREAD,78
2019-06-28 10:52:00.000000000,BEST_BID,"JPM,100478,286"
2019-06-28 10:52:00.000000000,BEST_ASK,"JPM,100517,273"
2019-06-28 10:52:00.000000000,LAST_TRADE,"8,$100517.0000"
2019-06-28 10:52:00.000000000,QUERY_SPREAD,79
2019-06-28 10:52:00.000000000,BEST_BID,"JPM,100478,286"
2019-06-28 10:52:00.000000000,BEST_ASK,"JPM,100517,268"
2019-06-28 10:52:00.000000000,LAST_TRADE,"5,$100517.0000"
2019-06-28 10:52:00.000000000,QUERY_SPREAD,80
2019-06-28 10:52:00.000000000,BEST_BID,"JPM,100478,286"
2019-06-28 10:52:00.000000000,BEST_ASK,"JPM,100517,260"
2019-06-28 10:52:00.000000000,LAST_TRADE,"8,$100517.0000"
2019-06-28 10:52:00.000000000,QUERY_SPREAD,81
2019-06-28 10:52:00.000000000,BEST_BID,"JPM,100478,286"
2019-06-28 10:52:00.000000000,BEST_ASK,"JPM,100517,251"
2019-06-28 10:52:00.000000000,LAST_TRADE,"9,$100517.0000"
2019-06-28 10:52:00.000000000,QUERY_SPREAD,82
2019-06-28 10:52:00.000000000,BEST_BID,"JPM,100478,286"
2019-06-28 10:52:00.000000000,BEST_ASK,"JPM,100517,248"
2019-06-28 10:52:00.000000000,LAST_TRADE,"3,$100517.0000"
2019-06-28 10:52:00.000000000,QUERY_SPREAD,83
2019-06-28 10:52:00.000000000,BEST_BID,"JPM,100478,286"
2019-06-28 10:52:00.000000000,BEST_ASK,"JPM,100517,240"
2019-06-28 10:52:00.000000000,LAST_TRADE,"8,$100517.0000"
2019-06-28 10:52:00.000000000,QUERY_SPREAD,84
2019-06-28 10:52:00.000000000,BEST_BID,"JPM,100478,286"
2019-06-28 10:52:00.000000000,BEST_ASK,"JPM,100517,236"
2019-06-28 10:52:00.000000000,LAST_TRADE,"4,$100517.0000"
2019-06-28 10:52:00.000000000,QUERY_SPREAD,85
2019-06-28 10:52:00.000000000,BEST_BID,"JPM,100478,286"
2019-06-28 10:52:00.000000000,BEST_ASK,"JPM,100517,231"
2019-06-28 10:52:00.000000000,LAST_TRADE,"5,$100517.0000"
2019-06-28 10:52:00.000000000,QUERY_SPREAD,86
2019-06-28 10:52:00.000000000,BEST_BID,"JPM,100478,286"
2019-06-28 10:52:00.000000000,BEST_ASK,"JPM,100517,229"
2019-06-28 10:52:00.000000000,LAST_TRADE,"2,$100517.0000"
2019-06-28 10:52:00.000000000,QUERY_SPREAD,87
2019-06-28 10:52:00.000000000,BEST_BID,"JPM,100478,286"
2019-06-28 10:52:00.000000000,BEST_ASK,"JPM,100517,222"
2019-06-28 10:52:00.000000000,LAST_TRADE,"7,$100517.0000"
2019-06-28 10:52:00.000000000,QUERY_SPREAD,88
2019-06-28 10:52:00.000000000,BEST_BID,"JPM,100478,286"
2019-06-28 10:52:00.000000000,BEST_ASK,"JPM,100517,214"
2019-06-28 10:52:00.000000000,LAST_TRADE,"8,$100517.0000"
2019-06-28 10:52:00.000000000,QUERY_SPREAD,89
2019-06-28 10:52:00.000000000,BEST_BID,"JPM,100478,286"
2019-06-28 10:52:00.000000000,BEST_ASK,"JPM,100517,209"
2019-06-28 10:52:00.000000000,LAST_TRADE,"5,$100517.0000"
2019-06-28 10:52:00.000000000,QUERY_SPREAD,90
2019-06-28 10:52:00.000000000,BEST_BID,"JPM,100478,286"
2019-06-28 10:52:00.000000000,BEST_ASK,"JPM,100517,205"
2019-06-28 10:52:00.000000000,LAST_TRADE,"4,$100517.0000"
2019-06-28 10:52:00.000000000,QUERY_SPREAD,91
2019-06-28 10:52:00.000000000,BEST_BID,"JPM,100478,286"
2019-06-28 10:52:00.000000000,BEST_ASK,"JPM,100517,202"
2019-06-28 10:52:00.000000000,LAST_TRADE,"3,$100517.0000"
2019-06-28 10:52:00.000000000,QUERY_SPREAD,92
2019-06-28 10:52:00.000000000,BEST_BID,"JPM,100478,286"
2019-06-28 10:52:00.000000000,BEST_ASK,"JPM,100517,197"
2019-06-28 10:52:00.000000000,LAST_TRADE,"5,$100517.0000"
2019-06-28 10:52:00.000000000,QUERY_SPREAD,93
2019-06-28 10:52:00.000000000,BEST_BID,"JPM,100478,286"
2019-06-28 10:52:00.000000000,BEST_ASK,"JPM,100517,190"
2019-06-28 10:52:00.000000000,LAST_TRADE,"7,$100517.0000"
2019-06-28 10:52:00.000000000,QUERY_SPREAD,94
2019-06-28 10:52:00.000000000,BEST_BID,"JPM,100478,286"
2019-06-28 10:52:00.000000000,BEST_ASK,"JPM,100517,189"
2019-06-28 10:52:00.000000000,LAST_TRADE,"1,$100517.0000"
2019-06-28 10:52:00.000000000,QUERY_SPREAD,95
2019-06-28 10:52:00.000000000,BEST_BID,"JPM,100478,286"
2019-06-28 10:52:00.000000000,BEST_ASK,"JPM,100517,188"
2019-06-28 10:52:00.000000000,LAST_TRADE,"1,$100517.0000"
2019-06-28 10:52:00.000000000,QUERY_SPREAD,96
2019-06-28 10:52:00.000000000,BEST_BID,"JPM,100478,286"
2019-06-28 10:52:00.000000000,BEST_ASK,"JPM,100517,184"
2019-06-28 10:52:00.000000000,LAST_TRADE,"4,$100517.0000"
2019-06-28 10:52:00.000000000,QUERY_SPREAD,97
2019-06-28 10:52:00.000000000,BEST_BID,"JPM,100478,286"
2019-06-28 10:52:00.000000000,BEST_ASK,"JPM,100517,181"
2019-06-28 10:52:00.000000000,LAST_TRADE,"3,$100517.0000"
2019-06-28 10:52:00.000000000,QUERY_SPREAD,98
2019-06-28 10:52:00.000000000,BEST_BID,"JPM,100478,286"
2019-06-28 10:52:00.000000000,BEST_ASK,"JPM,100517,176"
2019-06-28 10:52:00.000000000,LAST_TRADE,"5,$100517.0000"
2019-06-28 10:52:00.000000000,QUERY_SPREAD,99
2019-06-28 10:52:00.000000000,BEST_BID,"JPM,100478,286"
2019-06-28 10:52:00.000000000,BEST_ASK,"JPM,100517,172"
2019-06-28 10:52:00.000000000,LAST_TRADE,"4,$100517.0000"
2019-06-28 10:52:00.000000000,QUERY_SPREAD,100
2019-06-28 10:52:00.000000000,BEST_BID,"JPM,100478,286"
2019-06-28 10:52:00.000000000,BEST_ASK,"JPM,100517,167"
2019-06-28 10:52:00.000000000,LAST_TRADE,"5,$100517.0000"
2019-06-28 10:52:00.000000000,QUERY_SPREAD,101
2019-06-28 10:52:01.123342862,QUERY_ORDER_STREAM,70
2019-06-28 10:52:01.123342862,QUERY_SPREAD,70
2019-06-28 10:52:10.000000000,QUERY_SPREAD,1
2019-06-28 10:52:10.000000000,BEST_BID,"JPM,100478,286"
2019-06-28 10:52:10.000000000,BEST_ASK,"JPM,100687,26"
2019-06-28 10:52:10.000000000,BEST_BID,"JPM,100478,286"
2019-06-28 10:52:10.000000000,BEST_ASK,"JPM,100687,26"
2019-06-28 10:52:10.000000000,BEST_BID,"JPM,100478,286"
2019-06-28 10:52:10.000000000,BEST_ASK,"JPM,100687,212"
2019-06-28 10:52:10.000000000,BEST_BID,"JPM,100478,286"
2019-06-28 10:52:10.000000000,BEST_ASK,"JPM,100687,212"
2019-06-28 10:52:20.000000000,QUERY_SPREAD,1
2019-06-28 10:52:20.000000000,BEST_BID,"JPM,100478,471"
2019-06-28 10:52:20.000000000,BEST_ASK,"JPM,100687,26"
2019-06-28 10:52:20.000000000,BEST_BID,"JPM,100478,471"
2019-06-28 10:52:20.000000000,BEST_ASK,"JPM,100687,397"
2019-06-28 10:52:22.124971956,QUERY_SPREAD,25
2019-06-28 10:52:22.124971956,BEST_BID,"JPM,100483,100"
2019-06-28 10:52:22.124971956,BEST_ASK,"JPM,100687,397"
2019-06-28 10:52:30.000000000,QUERY_SPREAD,1
2019-06-28 10:52:30.000000000,BEST_BID,"JPM,100483,193"
2019-06-28 10:52:30.000000000,BEST_ASK,"JPM,100687,26"
2019-06-28 10:52:30.000000000,BEST_BID,"JPM,100483,193"
2019-06-28 10:52:30.000000000,BEST_ASK,"JPM,100687,26"
2019-06-28 10:52:30.000000000,BEST_BID,"JPM,100483,193"
2019-06-28 10:52:30.000000000,BEST_ASK,"JPM,100687,26"
2019-06-28 10:52:30.000000000,BEST_BID,"JPM,100483,193"
2019-06-28 10:52:30.000000000,BEST_ASK,"JPM,100687,26"
2019-06-28 10:52:30.000000000,BEST_BID,"JPM,100483,193"
2019-06-28 10:52:30.000000000,BEST_ASK,"JPM,100687,119"
2019-06-28 10:52:30.000000000,BEST_BID,"JPM,100483,193"
2019-06-28 10:52:30.000000000,BEST_ASK,"JPM,100687,119"
2019-06-28 10:52:30.000000000,BEST_BID,"JPM,100483,193"
2019-06-28 10:52:30.000000000,BEST_ASK,"JPM,100687,119"
2019-06-28 10:52:30.000000000,BEST_BID,"JPM,100483,193"
2019-06-28 10:52:30.000000000,BEST_ASK,"JPM,100687,119"
2019-06-28 10:52:36.974752996,QUERY_ORDER_STREAM,61
2019-06-28 10:52:36.974752996,QUERY_SPREAD,61
2019-06-28 10:52:40.000000000,QUERY_SPREAD,1
2019-06-28 10:52:40.000000000,BEST_BID,"JPM,100483,226"
2019-06-28 10:52:40.000000000,BEST_ASK,"JPM,100687,26"
2019-06-28 10:52:40.000000000,BEST_BID,"JPM,100483,226"
2019-06-28 10:52:40.000000000,BEST_ASK,"JPM,100687,26"
2019-06-28 10:52:40.000000000,BEST_BID,"JPM,100483,226"
2019-06-28 10:52:40.000000000,BEST_ASK,"JPM,100687,26"
2019-06-28 10:52:40.000000000,BEST_BID,"JPM,100483,226"
2019-06-28 10:52:40.000000000,BEST_ASK,"JPM,100687,152"
2019-06-28 10:52:40.000000000,BEST_BID,"JPM,100483,226"
2019-06-28 10:52:40.000000000,BEST_ASK,"JPM,100687,152"
2019-06-28 10:52:40.000000000,BEST_BID,"JPM,100483,226"
2019-06-28 10:52:40.000000000,BEST_ASK,"JPM,100687,152"
2019-06-28 10:52:50.000000000,QUERY_SPREAD,1
2019-06-28 10:52:50.000000000,BEST_BID,"JPM,100483,471"
2019-06-28 10:52:50.000000000,BEST_ASK,"JPM,100687,26"
2019-06-28 10:52:50.000000000,BEST_BID,"JPM,100483,471"
2019-06-28 10:52:50.000000000,BEST_ASK,"JPM,100687,397"
2019-06-28 10:52:58.841364437,QUERY_SPREAD,23
2019-06-28 10:52:58.841364437,BEST_BID,"JPM,100483,471"
2019-06-28 10:52:58.841364437,BEST_ASK,"JPM,100640,100"
2019-06-28 10:53:00.000000000,QUERY_SPREAD,1
2019-06-28 10:53:00.000000000,BEST_BID,"JPM,100483,174"
2019-06-28 10:53:00.000000000,BEST_ASK,"JPM,100640,100"
2019-06-28 10:53:00.000000000,BEST_BID,"JPM,100483,174"
2019-06-28 10:53:00.000000000,BEST_ASK,"JPM,100640,100"
2019-06-28 10:53:00.000000000,BEST_BID,"JPM,100483,174"
2019-06-28 10:53:00.000000000,BEST_ASK,"JPM,100640,100"
2019-06-28 10:53:00.000000000,BEST_BID,"JPM,100483,174"
2019-06-28 10:53:00.000000000,BEST_ASK,"JPM,100640,100"
2019-06-28 10:53:00.000000000,BEST_BID,"JPM,100483,174"
2019-06-28 10:53:00.000000000,BEST_ASK,"JPM,100640,100"
2019-06-28 10:53:00.000000000,BEST_BID,"JPM,100483,174"
2019-06-28 10:53:00.000000000,BEST_ASK,"JPM,100640,174"
2019-06-28 10:53:00.000000000,BEST_BID,"JPM,100483,174"
2019-06-28 10:53:00.000000000,BEST_ASK,"JPM,100640,174"
2019-06-28 10:53:00.000000000,BEST_BID,"JPM,100483,174"
2019-06-28 10:53:00.000000000,BEST_ASK,"JPM,100640,174"
2019-06-28 10:53:00.000000000,BEST_BID,"JPM,100483,174"
2019-06-28 10:53:00.000000000,BEST_ASK,"JPM,100640,174"
2019-06-28 10:53:00.000000000,BEST_BID,"JPM,100483,174"
2019-06-28 10:53:00.000000000,BEST_ASK,"JPM,100640,174"
2019-06-28 10:53:00.000000000,QUERY_SPREAD,77
2019-06-28 10:53:00.000000000,BEST_BID,"JPM,100483,174"
2019-06-28 10:53:00.000000000,BEST_ASK,"JPM,100640,169"
2019-06-28 10:53:00.000000000,LAST_TRADE,"5,$100640.0000"
2019-06-28 10:53:00.000000000,QUERY_SPREAD,78
2019-06-28 10:53:00.000000000,BEST_BID,"JPM,100483,174"
2019-06-28 10:53:00.000000000,BEST_ASK,"JPM,100640,161"
2019-06-28 10:53:00.000000000,LAST_TRADE,"8,$100640.0000"
2019-06-28 10:53:00.000000000,QUERY_SPREAD,79
2019-06-28 10:53:00.000000000,BEST_BID,"JPM,100483,174"
2019-06-28 10:53:00.000000000,BEST_ASK,"JPM,100640,156"
2019-06-28 10:53:00.000000000,LAST_TRADE,"5,$100640.0000"
2019-06-28 10:53:00.000000000,QUERY_SPREAD,80
2019-06-28 10:53:00.000000000,BEST_BID,"JPM,100483,174"
2019-06-28 10:53:00.000000000,BEST_ASK,"JPM,100640,148"
2019-06-28 10:53:00.000000000,LAST_TRADE,"8,$100640.0000"
2019-06-28 10:53:00.000000000,QUERY_SPREAD,81
2019-06-28 10:53:00.000000000,BEST_BID,"JPM,100483,174"
2019-06-28 10:53:00.000000000,BEST_ASK,"JPM,100640,139"
2019-06-28 10:53:00.000000000,LAST_TRADE,"9,$100640.0000"
2019-06-28 10:53:00.000000000,QUERY_SPREAD,82
2019-06-28 10:53:00.000000000,BEST_BID,"JPM,100483,174"
2019-06-28 10:53:00.000000000,BEST_ASK,"JPM,100640,136"
2019-06-28 10:53:00.000000000,LAST_TRADE,"3,$100640.0000"
2019-06-28 10:53:00.000000000,QUERY_SPREAD,83
2019-06-28 10:53:00.000000000,BEST_BID,"JPM,100483,174"
2019-06-28 10:53:00.000000000,BEST_ASK,"JPM,100640,128"
2019-06-28 10:53:00.000000000,LAST_TRADE,"8,$100640.0000"
2019-06-28 10:53:00.000000000,QUERY_SPREAD,84
2019-06-28 10:53:00.000000000,BEST_BID,"JPM,100483,174"
2019-06-28 10:53:00.000000000,BEST_ASK,"JPM,100640,124"
2019-06-28 10:53:00.000000000,LAST_TRADE,"4,$100640.0000"
2019-06-28 10:53:00.000000000,QUERY_SPREAD,85
2019-06-28 10:53:00.000000000,BEST_BID,"JPM,100483,174"
2019-06-28 10:53:00.000000000,BEST_ASK,"JPM,100640,119"
2019-06-28 10:53:00.000000000,LAST_TRADE,"5,$100640.0000"
2019-06-28 10:53:00.000000000,QUERY_SPREAD,86
2019-06-28 10:53:00.000000000,BEST_BID,"JPM,100483,174"
2019-06-28 10:53:00.000000000,BEST_ASK,"JPM,100640,117"
2019-06-28 10:53:00.000000000,LAST_TRADE,"2,$100640.0000"
2019-06-28 10:53:00.000000000,QUERY_SPREAD,87
2019-06-28 10:53:00.000000000,BEST_BID,"JPM,100483,174"
2019-06-28 10:53:00.000000000,BEST_ASK,"JPM,100640,110"
2019-06-28 10:53:00.000000000,LAST_TRADE,"7,$100640.0000"
2019-06-28 10:53:00.000000000,QUERY_SPREAD,88
2019-06-28 10:53:00.000000000,BEST_BID,"JPM,100483,174"
2019-06-28 10:53:00.000000000,BEST_ASK,"JPM,100640,102"
2019-06-28 10:53:00.000000000,LAST_TRADE,"8,$100640.0000"
2019-06-28 10:53:00.000000000,QUERY_SPREAD,89
2019-06-28 10:53:00.000000000,BEST_BID,"JPM,100483,174"
2019-06-28 10:53:00.000000000,BEST_ASK,"JPM,100640,97"
2019-06-28 10:53:00.000000000,LAST_TRADE,"5,$100640.0000"
2019-06-28 10:53:00.000000000,QUERY_SPREAD,90
2019-06-28 10:53:00.000000000,BEST_BID,"JPM,100483,174"
2019-06-28 10:53:00.000000000,BEST_ASK,"JPM,100640,93"
2019-06-28 10:53:00.000000000,LAST_TRADE,"4,$100640.0000"
2019-06-28 10:53:00.000000000,QUERY_SPREAD,91
2019-06-28 10:53:00.000000000,BEST_BID,"JPM,100483,174"
2019-06-28 10:53:00.000000000,BEST_ASK,"JPM,100640,90"
2019-06-28 10:53:00.000000000,LAST_TRADE,"3,$100640.0000"
2019-06-28 10:53:00.000000000,QUERY_SPREAD,92
2019-06-28 10:53:00.000000000,BEST_BID,"JPM,100483,174"
2019-06-28 10:53:00.000000000,BEST_ASK,"JPM,100640,85"
2019-06-28 10:53:00.000000000,LAST_TRADE,"5,$100640.0000"
2019-06-28 10:53:00.000000000,QUERY_SPREAD,93
2019-06-28 10:53:00.000000000,BEST_BID,"JPM,100483,174"
2019-06-28 10:53:00.000000000,BEST_ASK,"JPM,100640,78"
2019-06-28 10:53:00.000000000,LAST_TRADE,"7,$100640.0000"
2019-06-28 10:53:00.000000000,QUERY_SPREAD,94
2019-06-28 10:53:00.000000000,BEST_BID,"JPM,100483,174"
2019-06-28 10:53:00.000000000,BEST_ASK,"JPM,100640,77"
2019-06-28 10:53:00.000000000,LAST_TRADE,"1,$100640.0000"
2019-06-28 10:53:00.000000000,QUERY_SPREAD,95
2019-06-28 10:53:00.000000000,BEST_BID,"JPM,100483,174"
2019-06-28 10:53:00.000000000,BEST_ASK,"JPM,100640,76"
2019-06-28 10:53:00.000000000,LAST_TRADE,"1,$100640.0000"
2019-06-28 10:53:00.000000000,QUERY_SPREAD,96
2019-06-28 10:53:00.000000000,BEST_BID,"JPM,100483,174"
2019-06-28 10:53:00.000000000,BEST_ASK,"JPM,100640,72"
2019-06-28 10:53:00.000000000,LAST_TRADE,"4,$100640.0000"
2019-06-28 10:53:00.000000000,QUERY_SPREAD,97
2019-06-28 10:53:00.000000000,BEST_BID,"JPM,100483,174"
2019-06-28 10:53:00.000000000,BEST_ASK,"JPM,100640,69"
2019-06-28 10:53:00.000000000,LAST_TRADE,"3,$100640.0000"
2019-06-28 10:53:00.000000000,QUERY_SPREAD,98
2019-06-28 10:53:00.000000000,BEST_BID,"JPM,100483,174"
2019-06-28 10:53:00.000000000,BEST_ASK,"JPM,100640,64"
2019-06-28 10:53:00.000000000,LAST_TRADE,"5,$100640.0000"
2019-06-28 10:53:00.000000000,QUERY_SPREAD,99
2019-06-28 10:53:00.000000000,BEST_BID,"JPM,100483,174"
2019-06-28 10:53:00.000000000,BEST_ASK,"JPM,100640,60"
2019-06-28 10:53:00.000000000,LAST_TRADE,"4,$100640.0000"
2019-06-28 10:53:00.000000000,QUERY_SPREAD,100
2019-06-28 10:53:00.000000000,BEST_BID,"JPM,100483,174"
2019-06-28 10:53:00.000000000,BEST_ASK,"JPM,100640,55"
2019-06-28 10:53:00.000000000,LAST_TRADE,"5,$100640.0000"
2019-06-28 10:53:00.000000000,QUERY_SPREAD,101
2019-06-28 10:53:01.202626248,QUERY_SPREAD,15
2019-06-28 10:53:01.202626248,BEST_BID,"JPM,100483,174"
2019-06-28 10:53:01.202626248,BEST_ASK,"JPM,100640,55"
2019-06-28 10:53:04.604972752,QUERY_SPREAD,7
2019-06-28 10:53:04.604972752,BEST_BID,"JPM,100483,174"
2019-06-28 10:53:04.604972752,BEST_ASK,"JPM,100564,100"
2019-06-28 10:53:05.190593131,QUERY_SPREAD,17
2019-06-28 10:53:05.190593131,BEST_BID,"JPM,100483,74"
2019-06-28 10:53:05.190593131,BEST_ASK,"JPM,100564,100"
2019-06-28 10:53:05.190593131,LAST_TRADE,"100,$100483.0000"
2019-06-28 10:53:06.324216469,QUERY_ORDER_STREAM,53
2019-06-28 10:53:06.324216469,QUERY_SPREAD,53
2019-06-28 10:53:06.324216469,BEST_BID,"JPM,100483,174"
2019-06-28 10:53:06.324216469,BEST_ASK,"JPM,100564,100"
2019-06-28 10:53:10.000000000,QUERY_SPREAD,1
2019-06-28 10:53:10.000000000,BEST_BID,"JPM,100483,174"
2019-06-28 10:53:10.000000000,BEST_ASK,"JPM,100564,100"
2019-06-28 10:53:10.000000000,BEST_BID,"JPM,100483,174"
2019-06-28 10:53:10.000000000,BEST_ASK,"JPM,100564,100"
2019-06-28 10:53:10.000000000,BEST_BID,"JPM,100483,174"
2019-06-28 10:53:10.000000000,BEST_ASK,"JPM,100564,100"
2019-06-28 10:53:10.000000000,BEST_BID,"JPM,100483,174"
2019-06-28 10:53:10.000000000,BEST_ASK,"JPM,100564,100"
2019-06-28 10:53:10.000000000,BEST_BID,"JPM,100483,174"
2019-06-28 10:53:10.000000000,BEST_ASK,"JPM,100564,100"
2019-06-28 10:53:10.000000000,BEST_BID,"JPM,100483,174"
2019-06-28 10:53:10.000000000,BEST_ASK,"JPM,100564,174"
2019-06-28 10:53:10.000000000,BEST_BID,"JPM,100483,174"
2019-06-28 10:53:10.000000000,BEST_ASK,"JPM,100564,174"
2019-06-28 10:53:10.000000000,BEST_BID,"JPM,100483,174"
2019-06-28 10:53:10.000000000,BEST_ASK,"JPM,100564,174"
2019-06-28 10:53:10.000000000,BEST_BID,"JPM,100483,174"
2019-06-28 10:53:10.000000000,BEST_ASK,"JPM,100564,174"
2019-06-28 10:53:10.886962658,QUERY_SPREAD,10
2019-06-28 10:53:10.886962658,BEST_BID,"JPM,100483,74"
2019-06-28 10:53:10.886962658,BEST_ASK,"JPM,100564,174"
2019-06-28 10:53:10.886962658,LAST_TRADE,"100,$100483.0000"
2019-06-28 10:53:15.942427792,QUERY_SPREAD,41
2019-06-28 10:53:15.942427792,BEST_BID,"JPM,100483,74"
2019-06-28 10:53:15.942427792,BEST_ASK,"JPM,100564,174"
2019-06-28 10:53:20.000000000,QUERY_SPREAD,1
2019-06-28 10:53:20.000000000,BEST_BID,"JPM,100478,286"
2019-06-28 10:53:20.000000000,BEST_ASK,"JPM,100564,100"
2019-06-28 10:53:20.000000000,BEST_BID,"JPM,100478,286"
2019-06-28 10:53:20.000000000,BEST_ASK,"JPM,100564,100"
2019-06-28 10:53:20.000000000,BEST_BID,"JPM,100478,286"
2019-06-28 10:53:20.000000000,BEST_ASK,"JPM,100564,286"
2019-06-28 10:53:20.000000000,BEST_BID,"JPM,100478,286"
2019-06-28 10:53:20.000000000,BEST_ASK,"JPM,100564,286"
2019-06-28 10:53:29.524418131,QUERY_ORDER_STREAM,58
2019-06-28 10:53:29.524418131,QUERY_SPREAD,58
2019-06-28 10:53:30.000000000,QUERY_SPREAD,1
2019-06-28 10:53:30.000000000,BEST_BID,"JPM,100478,226"
2019-06-28 10:53:30.000000000,BEST_ASK,"JPM,100564,100"
2019-06-28 10:53:30.000000000,BEST_BID,"JPM,100478,226"
2019-06-28 10:53:30.000000000,BEST_ASK,"JPM,100564,100"
2019-06-28 10:53:30.000000000,BEST_BID,"JPM,100478,226"
2019-06-28 10:53:30.000000000,BEST_ASK,"JPM,100564,100"
2019-06-28 10:53:30.000000000,BEST_BID,"JPM,100478,226"
2019-06-28 10:53:30.000000000,BEST_ASK,"JPM,100564,226"
2019-06-28 10:53:30.000000000,BEST_BID,"JPM,100478,226"
2019-06-28 10:53:30.000000000,BEST_ASK,"JPM,100564,226"
2019-06-28 10:53:30.000000000,BEST_BID,"JPM,100478,226"
2019-06-28 10:53:30.000000000,BEST_ASK,"JPM,100564,226"
2019-06-28 10:53:40.000000000,QUERY_SPREAD,1
2019-06-28 10:53:40.000000000,BEST_BID,"JPM,100478,174"
2019-06-28 10:53:40.000000000,BEST_ASK,"JPM,100564,100"
2019-06-28 10:53:40.000000000,BEST_BID,"JPM,100478,174"
2019-06-28 10:53:40.000000000,BEST_ASK,"JPM,100564,100"
2019-06-28 10:53:40.000000000,BEST_BID,"JPM,100478,174"
2019-06-28 10:53:40.000000000,BEST_ASK,"JPM,100564,100"
2019-06-28 10:53:40.000000000,BEST_BID,"JPM,100478,174"
2019-06-28 10:53:40.000000000,BEST_ASK,"JPM,100564,100"
2019-06-28 10:53:40.000000000,BEST_BID,"JPM,100478,174"
2019-06-28 10:53:40.000000000,BEST_ASK,"JPM,100564,100"
2019-06-28 10:53:40.000000000,BEST_BID,"JPM,100478,174"
2019-06-28 10:53:40.000000000,BEST_ASK,"JPM,100564,174"
2019-06-28 10:53:40.000000000,BEST_BID,"JPM,100478,174"
2019-06-28 10:53:40.000000000,BEST_ASK,"JPM,100564,174"
2019-06-28 10:53:40.000000000,BEST_BID,"JPM,100478,174"
2019-06-28 10:53:40.000000000,BEST_ASK,"JPM,100564,174"
2019-06-28 10:53:40.000000000,BEST_BID,"JPM,100478,174"
2019-06-28 10:53:40.000000000,BEST_ASK,"JPM,100564,174"
2019-06-28 10:53:50.000000000,QUERY_SPREAD,1
2019-06-28 10:53:50.000000000,BEST_BID,"JPM,100478,193"
2019-06-28 10:53:50.000000000,BEST_ASK,"JPM,100564,100"
2019-06-28 10:53:50.000000000,BEST_BID,"JPM,100478,193"
2019-06-28 10:53:50.000000000,BEST_ASK,"JPM,100564,100"
2019-06-28 10:53:50.000000000,BEST_BID,"JPM,100478,193"
2019-06-28 10:53:50.000000000,BEST_ASK,"JPM,100564,100"
2019-06-28 10:53:50.000000000,BEST_BID,"JPM,100478,193"
2019-06-28 10:53:50.000000000,BEST_ASK,"JPM,100564,100"
2019-06-28 10:53:50.000000000,BEST_BID,"JPM,100478,193"
2019-06-28 10:53:50.000000000,BEST_ASK,"JPM,100564,193"
2019-06-28 10:53:50.000000000,BEST_BID,"JPM,100478,193"
2019-06-28 10:53:50.000000000,BEST_ASK,"JPM,100564,193"
2019-06-28 10:53:50.000000000,BEST_BID,"JPM,100478,193"
2019-06-28 10:53:50.000000000,BEST_ASK,"JPM,100564,193"
2019-06-28 10:53:50.000000000,BEST_BID,"JPM,100478,193"
2019-06-28 10:53:50.000000000,BEST_ASK,"JPM,100564,193"
2019-06-28 10:53:56.517304137,QUERY_SPREAD,22
2019-06-28 10:53:56.517304137,BEST_BID,"JPM,100478,93"
2019-06-28 10:53:56.517304137,BEST_ASK,"JPM,100564,193"
2019-06-28 10:53:56.517304137,LAST_TRADE,"100,$100478.0000"
2019-06-28 10:54:00.000000000,QUERY_SPREAD,1
2019-06-28 10:54:00.000000000,BEST_BID,"JPM,100404,193"
2019-06-28 10:54:00.000000000,BEST_ASK,"JPM,100564,100"
2019-06-28 10:54:00.000000000,BEST_BID,"JPM,100404,193"
2019-06-28 10:54:00.000000000,BEST_ASK,"JPM,100564,100"
2019-06-28 10:54:00.000000000,BEST_BID,"JPM,100404,193"
2019-06-28 10:54:00.000000000,BEST_ASK,"JPM,100564,100"
2019-06-28 10:54:00.000000000,BEST_BID,"JPM,100404,193"
2019-06-28 10:54:00.000000000,BEST_ASK,"JPM,100564,100"
2019-06-28 10:54:00.000000000,BEST_BID,"JPM,100404,193"
2019-06-28 10:54:00.000000000,BEST_ASK,"JPM,100564,193"
2019-06-28 10:54:00.000000000,BEST_BID,"JPM,100404,193"
2019-06-28 10:54:00.000000000,BEST_ASK,"JPM,100564,193"
2019-06-28 10:54:00.000000000,BEST_BID,"JPM,100404,193"
2019-06-28 10:54:00.000000000,BEST_ASK,"JPM,100564,193"
2019-06-28 10:54:00.000000000,BEST_BID,"JPM,100404,193"
2019-06-28 10:54:00.000000000,BEST_ASK,"JPM,100564,193"
2019-06-28 10:54:00.000000000,QUERY_SPREAD,77
2019-06-28 10:54:00.000000000,BEST_BID,"JPM,100404,193"
2019-06-28 10:54:00.000000000,BEST_ASK,"JPM,100564,188"
2019-06-28 10:54:00.000000000,LAST_TRADE,"5,$100564.0000"
2019-06-28 10:54:00.000000000,QUERY_SPREAD,78
2019-06-28 10:54:00.000000000,BEST_BID,"JPM,100404,193"
2019-06-28 10:54:00.000000000,BEST_ASK,"JPM,100564,180"
2019-06-28 10:54:00.000000000,LAST_TRADE,"8,$100564.0000"
2019-06-28 10:54:00.000000000,QUERY_SPREAD,79
2019-06-28 10:54:00.000000000,BEST_BID,"JPM,100404,193"
2019-06-28 10:54:00.000000000,BEST_ASK,"JPM,100564,175"
2019-06-28 10:54:00.000000000,LAST_TRADE,"5,$100564.0000"
2019-06-28 10:54:00.000000000,QUERY_SPREAD,80
2019-06-28 10:54:00.000000000,BEST_BID,"JPM,100404,193"
2019-06-28 10:54:00.000000000,BEST_ASK,"JPM,100564,167"
2019-06-28 10:54:00.000000000,LAST_TRADE,"8,$100564.0000"
2019-06-28 10:54:00.000000000,QUERY_SPREAD,81
2019-06-28 10:54:00.000000000,BEST_BID,"JPM,100404,193"
2019-06-28 10:54:00.000000000,BEST_ASK,"JPM,100564,158"
2019-06-28 10:54:00.000000000,LAST_TRADE,"9,$100564.0000"
2019-06-28 10:54:00.000000000,QUERY_SPREAD,82
2019-06-28 10:54:00.000000000,BEST_BID,"JPM,100404,193"
2019-06-28 10:54:00.000000000,BEST_ASK,"JPM,100564,155"
2019-06-28 10:54:00.000000000,LAST_TRADE,"3,$100564.0000"
2019-06-28 10:54:00.000000000,QUERY_SPREAD,83
2019-06-28 10:54:00.000000000,BEST_BID,"JPM,100404,193"
2019-06-28 10:54:00.000000000,BEST_ASK,"JPM,100564,147"
2019-06-28 10:54:00.000000000,LAST_TRADE,"8,$100564.0000"
2019-06-28 10:54:00.000000000,QUERY_SPREAD,84
2019-06-28 10:54:00.000000000,BEST_BID,"JPM,100404,193"
2019-06-28 10:54:00.000000000,BEST_ASK,"JPM,100564,143"
2019-06-28 10:54:00.000000000,LAST_TRADE,"4,$100564.0000"
2019-06-28 10:54:00.000000000,QUERY_SPREAD,85
2019-06-28 10:54:00.000000000,BEST_BID,"JPM,100404,193"
2019-06-28 10:54:00.000000000,BEST_ASK,"JPM,100564,138"
2019-06-28 10:54:00.000000000,LAST_TRADE,"5,$100564.0000"
2019-06-28 10:54:00.000000000,QUERY_SPREAD,86
2019-06-28 10:54:00.000000000,BEST_BID,"JPM,100404,193"
2019-06-28 10:54:00.000000000,BEST_ASK,"JPM,100564,136"
2019-06-28 10:54:00.000000000,LAST_TRADE,"2,$100564.0000"
2019-06-28 10:54:00.000000000,QUERY_SPREAD,87
2019-06-28 10:54:00.000000000,BEST_BID,"JPM,100404,193"
2019-06-28 10:54:00.000000000,BEST_ASK,"JPM,100564,129"
2019-06-28 10:54:00.000000000,LAST_TRADE,"7,$100564.0000"
2019-06-28 10:54:00.000000000,QUERY_SPREAD,88
2019-06-28 10:54:00.000000000,BEST_BID,"JPM,100404,193"
2019-06-28 10:54:00.000000000,BEST_ASK,"JPM,100564,121"
2019-06-28 10:54:00.000000000,LAST_TRADE,"8,$100564.0000"
2019-06-28 10:54:00.000000000,QUERY_SPREAD,89
2019-06-28 10:54:00.000000000,BEST_BID,"JPM,100404,193"
2019-06-28 10:54:00.000000000,BEST_ASK,"JPM,100564,116"
2019-06-28 10:54:00.000000000,LAST_TRADE,"5,$100564.0000"
2019-06-28 10:54:00.000000000,QUERY_SPREAD,90
2019-06-28 10:54:00.000000000,BEST_BID,"JPM,100404,193"
2019-06-28 10:54:00.000000000,BEST_ASK,"JPM,100564,112"
2019-06-28 10:54:00.000000000,LAST_TRADE,"4,$100564.0000"
2019-06-28 10:54:00.000000000,QUERY_SPREAD,91
2019-06-28 10:54:00.000000000,BEST_BID,"JPM,100404,193"
2019-06-28 10:54:00.000000000,BEST_ASK,"JPM,100564,109"
2019-06-28 10:54:00.000000000,LAST_TRADE,"3,$100564.0000"
2019-06-28 10:54:00.000000000,QUERY_SPREAD,92
2019-06-28 10:54:00.000000000,BEST_BID,"JPM,100404,193"
2019-06-28 10:54:00.000000000,BEST_ASK,"JPM,100564,104"
2019-06-28 10:54:00.000000000,LAST_TRADE,"5,$100564.0000"
2019-06-28 10:54:00.000000000,QUERY_SPREAD,93
2019-06-28 10:54:00.000000000,BEST_BID,"JPM,100404,193"
2019-06-28 10:54:00.000000000,BEST_ASK,"JPM,100564,97"
2019-06-28 10:54:00.000000000,LAST_TRADE,"7,$100564.0000"
2019-06-28 10:54:00.000000000,QUERY_SPREAD,94
2019-06-28 10:54:00.000000000,BEST_BID,"JPM,100404,193"
2019-06-28 10:54:00.000000000,BEST_ASK,"JPM,100564,96"
2019-06-28 10:54:00.000000000,LAST_TRADE,"1,$100564.0000"
2019-06-28 10:54:00.000000000,QUERY_SPREAD,95
2019-06-28 10:54:00.000000000,BEST_BID,"JPM,100404,193"
2019-06-28 10:54:00.000000000,BEST_ASK,"JPM,100564,95"
2019-06-28 10:54:00.000000000,LAST_TRADE,"1,$100564.0000"
2019-06-28 10:54:00.000000000,QUERY_SPREAD,96
2019-06-28 10:54:00.000000000,BEST_BID,"JPM,100404,193"
2019-06-28 10:54:00.000000000,BEST_ASK,"JPM,100564,91"
2019-06-28 10:54:00.000000000,LAST_TRADE,"4,$100564.0000"
2019-06-28 10:54:00.000000000,QUERY_SPREAD,97
2019-06-28 10:54:00.000000000,BEST_BID,"JPM,100404,193"
2019-06-28 10:54:00.000000000,BEST_ASK,"JPM,100564,88"
2019-06-28 10:54:00.000000000,LAST_TRADE,"3,$100564.0000"
2019-06-28 10:54:00.000000000,QUERY_SPREAD,98
2019-06-28 10:54:00.000000000,BEST_BID,"JPM,100404,193"
2019-06-28 10:54:00.000000000,BEST_ASK,"JPM,100564,83"
2019-06-28 10:54:00.000000000,LAST_TRADE,"5,$100564.0000"
2019-06-28 10:54:00.000000000,QUERY_SPREAD,99
2019-06-28 10:54:00.000000000,BEST_BID,"JPM,100404,193"
2019-06-28 10:54:00.000000000,BEST_ASK,"JPM,100564,79"
2019-06-28 10:54:00.000000000,LAST_TRADE,"4,$100564.0000"
2019-06-28 10:54:00.000000000,QUERY_SPREAD,100
2019-06-28 10:54:00.000000000,BEST_BID,"JPM,100404,193"
2019-06-28 10:54:00.000000000,BEST_ASK,"JPM,100564,74"
2019-06-28 10:54:00.000000000,LAST_TRADE,"5,$100564.0000"
2019-06-28 10:54:00.000000000,QUERY_SPREAD,101
2019-06-28 10:54:00.018407234,QUERY_ORDER_STREAM,66
2019-06-28 10:54:00.018407234,QUERY_SPREAD,66
2019-06-28 10:54:00.018407234,BEST_BID,"JPM,100404,193"
2019-06-28 10:54:00.018407234,BEST_ASK,"JPM,100564,174"
2019-06-28 10:54:10.000000000,QUERY_SPREAD,1
2019-06-28 10:54:10.000000000,BEST_BID,"JPM,100404,286"
2019-06-28 10:54:10.000000000,BEST_ASK,"JPM,100564,100"
2019-06-28 10:54:10.000000000,BEST_BID,"JPM,100404,286"
2019-06-28 10:54:10.000000000,BEST_ASK,"JPM,100564,100"
2019-06-28 10:54:10.000000000,BEST_BID,"JPM,100404,286"
2019-06-28 10:54:10.000000000,BEST_ASK,"JPM,100564,286"
2019-06-28 10:54:10.000000000,BEST_BID,"JPM,100404,286"
2019-06-28 10:54:10.000000000,BEST_ASK,"JPM,100564,286"
2019-06-28 10:54:20.000000000,QUERY_SPREAD,1
2019-06-28 10:54:20.000000000,BEST_BID,"JPM,100404,471"
2019-06-28 10:54:20.000000000,BEST_ASK,"JPM,100564,100"
2019-06-28 10:54:20.000000000,BEST_BID,"JPM,100404,471"
2019-06-28 10:54:20.000000000,BEST_ASK,"JPM,100564,471"
2019-06-28 10:54:30.000000000,QUERY_SPREAD,1
2019-06-28 10:54:30.000000000,BEST_BID,"JPM,100404,286"
2019-06-28 10:54:30.000000000,BEST_ASK,"JPM,100564,100"
2019-06-28 10:54:30.000000000,BEST_BID,"JPM,100404,286"
2019-06-28 10:54:30.000000000,BEST_ASK,"JPM,100564,100"
2019-06-28 10:54:30.000000000,BEST_BID,"JPM,100404,286"
2019-06-28 10:54:30.000000000,BEST_ASK,"JPM,100564,286"
2019-06-28 10:54:30.000000000,BEST_BID,"JPM,100404,286"
2019-06-28 10:54:30.000000000,BEST_ASK,"JPM,100564,286"
2019-06-28 10:54:31.159650002,QUERY_SPREAD,29
2019-06-28 10:54:31.159650002,BEST_BID,"JPM,100404,186"
2019-06-28 10:54:31.159650002,BEST_ASK,"JPM,100564,286"
2019-06-28 10:54:38.426861160,QUERY_SPREAD,28
2019-06-28 10:54:38.426861160,BEST_BID,"JPM,100404,186"
2019-06-28 10:54:38.426861160,BEST_ASK,"JPM,100564,286"
2019-06-28 10:54:40.000000000,QUERY_SPREAD,1
2019-06-28 10:54:40.000000000,BEST_BID,"JPM,100392,174"
2019-06-28 10:54:40.000000000,BEST_ASK,"JPM,100564,100"
2019-06-28 10:54:40.000000000,BEST_BID,"JPM,100392,174"
2019-06-28 10:54:40.000000000,BEST_ASK,"JPM,100564,100"
2019-06-28 10:54:40.000000000,BEST_BID,"JPM,100392,174"
2019-06-28 10:54:40.000000000,BEST_ASK,"JPM,100564,100"
2019-06-28 10:54:40.000000000,BEST_BID,"JPM,100392,174"
2019-06-28 10:54:40.000000000,BEST_ASK,"JPM,100564,100"
2019-06-28 10:54:40.000000000,BEST_BID,"JPM,100392,174"
2019-06-28 10:54:40.000000000,BEST_ASK,"JPM,100564,100"
2019-06-28 10:54:40.000000000,BEST_BID,"JPM,100392,174"
2019-06-28 10:54:40.000000000,BEST_ASK,"JPM,100564,174"
2019-06-28 10:54:40.000000000,BEST_BID,"JPM,100392,174"
2019-06-28 10:54:40.000000000,BEST_ASK,"JPM,100564,174"
2019-06-28 10:54:40.000000000,BEST_BID,"JPM,100392,174"
2019-06-28 10:54:40.000000000,BEST_ASK,"JPM,100564,174"
2019-06-28 10:54:40.000000000,BEST_BID,"JPM,100392,174"
2019-06-28 10:54:40.000000000,BEST_ASK,"JPM,100564,174"
2019-06-28 10:54:40.479590752,QUERY_ORDER_STREAM,73
2019-06-28 10:54:40.479590752,QUERY_SPREAD,73
2019-06-28 10:54:40.479590752,BEST_BID,"JPM,100392,174"
2019-06-28 10:54:40.479590752,BEST_ASK,"JPM,100564,274"
2019-06-28 10:54:50.000000000,QUERY_SPREAD,1
2019-06-28 10:54:50.000000000,BEST_BID,"JPM,100392,226"
2019-06-28 10:54:50.000000000,BEST_ASK,"JPM,100564,200"
2019-06-28 10:54:50.000000000,BEST_BID,"JPM,100392,226"
2019-06-28 10:54:50.000000000,BEST_ASK,"JPM,100564,200"
2019-06-28 10:54:50.000000000,BEST_BID,"JPM,100392,226"
2019-06-28 10:54:50.000000000,BEST_ASK,"JPM,100564,200"
2019-06-28 10:54:50.000000000,BEST_BID,"JPM,100392,226"
2019-06-28 10:54:50.000000000,BEST_ASK,"JPM,100564,326"
2019-06-28 10:54:50.000000000,BEST_BID,"JPM,100392,226"
2019-06-28 10:54:50.000000000,BEST_ASK,"JPM,100564,326"
2019-06-28 10:54:50.000000000,BEST_BID,"JPM,100392,226"
2019-06-28 10:54:50.000000000,BEST_ASK,"JPM,100564,326"
2019-06-28 10:54:52.444895800,QUERY_SPREAD,6
2019-06-28 10:54:52.444895800,BEST_BID,"JPM,100392,126"
2019-06-28 10:54:52.444895800,BEST_ASK,"JPM,100564,326"
2019-06-28 10:54:52.444895800,LAST_TRADE,"100,$100392.0000"
2019-06-28 10:54:59.217118577,QUERY_SPREAD,17
2019-06-28 10:54:59.217118577,BEST_BID,"JPM,100392,26"
2019-06-28 10:54:59.217118577,BEST_ASK,"JPM,100564,326"
2019-06-28 10:54:59.217118577,LAST_TRADE,"100,$100392.0000"
2019-06-28 10:55:00.000000000,QUERY_SPREAD,1
2019-06-28 10:55:00.000000000,BEST_BID,"JPM,100378,226"
2019-06-28 10:55:00.000000000,BEST_ASK,"JPM,100564,200"
2019-06-28 10:55:00.000000000,BEST_BID,"JPM,100378,226"
2019-06-28 10:55:00.000000000,BEST_ASK,"JPM,100564,200"
2019-06-28 10:55:00.000000000,BEST_BID,"JPM,100378,226"
2019-06-28 10:55:00.000000000,BEST_ASK,"JPM,100564,200"
2019-06-28 10:55:00.000000000,BEST_BID,"JPM,100378,226"
2019-06-28 10:55:00.000000000,BEST_ASK,"JPM,100564,326"
2019-06-28 10:55:00.000000000,BEST_BID,"JPM,100378,226"
2019-06-28 10:55:00.000000000,BEST_ASK,"JPM,100564,326"
2019-06-28 10:55:00.000000000,BEST_BID,"JPM,100378,226"
2019-06-28 10:55:00.000000000,BEST_ASK,"JPM,100564,326"
2019-06-28 10:55:00.000000000,QUERY_SPREAD,77
2019-06-28 10:55:00.000000000,BEST_BID,"JPM,100378,226"
2019-06-28 10:55:00.000000000,BEST_ASK,"JPM,100564,321"
2019-06-28 10:55:00.000000000,LAST_TRADE,"5,$100564.0000"
2019-06-28 10:55:00.000000000,QUERY_SPREAD,78
2019-06-28 10:55:00.000000000,BEST_BID,"JPM,100378,226"
2019-06-28 10:55:00.000000000,BEST_ASK,"JPM,100564,313"
2019-06-28 10:55:00.000000000,LAST_TRADE,"8,$100564.0000"
2019-06-28 10:55:00.000000000,QUERY_SPREAD,79
2019-06-28 10:55:00.000000000,BEST_BID,"JPM,100378,226"
2019-06-28 10:55:00.000000000,BEST_ASK,"JPM,100564,308"
2019-06-28 10:55:00.000000000,LAST_TRADE,"5,$100564.0000"
2019-06-28 10:55:00.000000000,QUERY_SPREAD,80
2019-06-28 10:55:00.000000000,BEST_BID,"JPM,100378,226"
2019-06-28 10:55:00.000000000,BEST_ASK,"JPM,100564,300"
2019-06-28 10:55:00.000000000,LAST_TRADE,"8,$100564.0000"
2019-06-28 10:55:00.000000000,QUERY_SPREAD,81
2019-06-28 10:55:00.000000000,BEST_BID,"JPM,100378,226"
2019-06-28 10:55:00.000000000,BEST_ASK,"JPM,100564,291"
2019-06-28 10:55:00.000000000,LAST_TRADE,"9,$100564.0000"
2019-06-28 10:55:00.000000000,QUERY_SPREAD,82
2019-06-28 10:55:00.000000000,BEST_BID,"JPM,100378,226"
2019-06-28 10:55:00.000000000,BEST_ASK,"JPM,100564,288"
2019-06-28 10:55:00.000000000,LAST_TRADE,"3,$100564.0000"
2019-06-28 10:55:00.000000000,QUERY_SPREAD,83
2019-06-28 10:55:00.000000000,BEST_BID,"JPM,100378,226"
2019-06-28 10:55:00.000000000,BEST_ASK,"JPM,100564,280"
2019-06-28 10:55:00.000000000,LAST_TRADE,"8,$100564.0000"
2019-06-28 10:55:00.000000000,QUERY_SPREAD,84
2019-06-28 10:55:00.000000000,BEST_BID,"JPM,100378,226"
2019-06-28 10:55:00.000000000,BEST_ASK,"JPM,100564,276"
2019-06-28 10:55:00.000000000,LAST_TRADE,"4,$100564.0000"
2019-06-28 10:55:00.000000000,QUERY_SPREAD,85
2019-06-28 10:55:00.000000000,BEST_BID,"JPM,100378,226"
2019-06-28 10:55:00.000000000,BEST_ASK,"JPM,100564,271"
2019-06-28 10:55:00.000000000,LAST_TRADE,"5,$100564.0000"
2019-06-28 10:55:00.000000000,QUERY_SPREAD,86
2019-06-28 10:55:00.000000000,BEST_BID,"JPM,100378,226"
2019-06-28 10:55:00.000000000,BEST_ASK,"JPM,100564,269"
2019-06-28 10:55:00.000000000,LAST_TRADE,"2,$100564.0000"
2019-06-28 10:55:00.000000000,QUERY_SPREAD,87
2019-06-28 10:55:00.000000000,BEST_BID,"JPM,100378,226"
2019-06-28 10:55:00.000000000,BEST_ASK,"JPM,100564,262"
2019-06-28 10:55:00.000000000,LAST_TRADE,"7,$100564.0000"
2019-06-28 10:55:00.000000000,QUERY_SPREAD,88
2019-06-28 10:55:00.000000000,BEST_BID,"JPM,100378,226"
2019-06-28 10:55:00.000000000,BEST_ASK,"JPM,100564,254"
2019-06-28 10:55:00.000000000,LAST_TRADE,"8,$100564.0000"
2019-06-28 10:55:00.000000000,QUERY_SPREAD,89
2019-06-28 10:55:00.000000000,BEST_BID,"JPM,100378,226"
2019-06-28 10:55:00.000000000,BEST_ASK,"JPM,100564,249"
2019-06-28 10:55:00.000000000,LAST_TRADE,"5,$100564.0000"
2019-06-28 10:55:00.000000000,QUERY_SPREAD,90
2019-06-28 10:55:00.000000000,BEST_BID,"JPM,100378,226"
2019-06-28 10:55:00.000000000,BEST_ASK,"JPM,100564,245"
2019-06-28 10:55:00.000000000,LAST_TRADE,"4,$100564.0000"
2019-06-28 10:55:00.000000000,QUERY_SPREAD,91
2019-06-28 10:55:00.000000000,BEST_BID,"JPM,100378,226"
2019-06-28 10:55:00.000000000,BEST_ASK,"JPM,100564,242"
2019-06-28 10:55:00.000000000,LAST_TRADE,"3,$100564.0000"
2019-06-28 10:55:00.000000000,QUERY_SPREAD,92
2019-06-28 10:55:00.000000000,BEST_BID,"JPM,100378,226"
2019-06-28 10:55:00.000000000,BEST_ASK,"JPM,100564,237"
2019-06-28 10:55:00.000000000,LAST_TRADE,"5,$100564.0000"
2019-06-28 10:55:00.000000000,QUERY_SPREAD,93
2019-06-28 10:55:00.000000000,BEST_BID,"JPM,100378,226"
2019-06-28 10:55:00.000000000,BEST_ASK,"JPM,100564,230"
2019-06-28 10:55:00.000000000,LAST_TRADE,"7,$100564.0000"
2019-06-28 10:55:00.000000000,QUERY_SPREAD,94
2019-06-28 10:55:00.000000000,BEST_BID,"JPM,100378,226"
2019-06-28 10:55:00.000000000,BEST_ASK,"JPM,100564,229"
2019-06-28 10:55:00.000000000,LAST_TRADE,"1,$100564.0000"
2019-06-28 10:55:00.000000000,QUERY_SPREAD,95
2019-06-28 10:55:00.000000000,BEST_BID,"JPM,100378,226"
2019-06-28 10:55:00.000000000,BEST_ASK,"JPM,100564,228"
2019-06-28 10:55:00.000000000,LAST_TRADE,"1,$100564.0000"
2019-06-28 10:55:00.000000000,QUERY_SPREAD,96
2019-06-28 10:55:00.000000000,BEST_BID,"JPM,100378,226"
2019-06-28 10:55:00.000000000,BEST_ASK,"JPM,100564,224"
2019-06-28 10:55:00.000000000,LAST_TRADE,"4,$100564.0000"
2019-06-28 10:55:00.000000000,QUERY_SPREAD,97
2019-06-28 10:55:00.000000000,BEST_BID,"JPM,100378,226"
2019-06-28 10:55:00.000000000,BEST_ASK,"JPM,100564,221"
2019-06-28 10:55:00.000000000,LAST_TRADE,"3,$100564.0000"
2019-06-28 10:55:00.000000000,QUERY_SPREAD,98
2019-06-28 10:55:00.000000000,BEST_BID,"JPM,100378,226"
2019-06-28 10:55:00.000000000,BEST_ASK,"JPM,100564,216"
2019-06-28 10:55:00.000000000,LAST_TRADE,"5,$100564.0000"
2019-06-28 10:55:00.000000000,QUERY_SPREAD,99
2019-06-28 10:55:00.000000000,BEST_BID,"JPM,100378,226"
2019-06-28 10:55:00.000000000,BEST_ASK,"JPM,100564,212"
2019-06-28 10:55:00.000000000,LAST_TRADE,"4,$100564.0000"
2019-06-28 10:55:00.000000000,QUERY_SPREAD,100
2019-06-28 10:55:00.000000000,BEST_BID,"JPM,100378,226"
2019-06-28 10:55:00.000000000,BEST_ASK,"JPM,100564,207"
2019-06-28 10:55:00.000000000,LAST_TRADE,"5,$100564.0000"
2019-06-28 10:55:00.000000000,QUERY_SPREAD,101
2019-06-28 10:55:07.615653231,QUERY_SPREAD,29
2019-06-28 10:55:07.615653231,BEST_BID,"JPM,100378,226"
2019-06-28 10:55:07.615653231,BEST_ASK,"JPM,100564,207"
2019-06-28 10:55:10.000000000,QUERY_SPREAD,1
2019-06-28 10:55:10.000000000,BEST_BID,"JPM,100378,226"
2019-06-28 10:55:10.000000000,BEST_ASK,"JPM,100564,81"
2019-06-28 10:55:10.000000000,BEST_BID,"JPM,100378,226"
2019-06-28 10:55:10.000000000,BEST_ASK,"JPM,100564,81"
2019-06-28 10:55:10.000000000,BEST_BID,"JPM,100378,226"
2019-06-28 10:55:10.000000000,BEST_ASK,"JPM,100564,81"
2019-06-28 10:55:10.000000000,BEST_BID,"JPM,100378,226"
2019-06-28 10:55:10.000000000,BEST_ASK,"JPM,100564,207"
2019-06-28 10:55:10.000000000,BEST_BID,"JPM,100378,226"
2019-06-28 10:55:10.000000000,BEST_ASK,"JPM,100564,207"
2019-06-28 10:55:10.000000000,BEST_BID,"JPM,100378,226"
2019-06-28 10:55:10.000000000,BEST_ASK,"JPM,100564,207"
2019-06-28 10:55:20.000000000,QUERY_SPREAD,1
2019-06-28 10:55:20.000000000,BEST_BID,"JPM,100378,226"
2019-06-28 10:55:20.000000000,BEST_ASK,"JPM,100564,81"
2019-06-28 10:55:20.000000000,BEST_BID,"JPM,100378,226"
2019-06-28 10:55:20.000000000,BEST_ASK,"JPM,100564,81"
2019-06-28 10:55:20.000000000,BEST_BID,"JPM,100378,226"
2019-06-28 10:55:20.000000000,BEST_ASK,"JPM,100564,81"
2019-06-28 10:55:20.000000000,BEST_BID,"JPM,100378,226"
2019-06-28 10:55:20.000000000,BEST_ASK,"JPM,100564,207"
2019-06-28 10:55:20.000000000,BEST_BID,"JPM,100378,226"
2019-06-28 10:55:20.000000000,BEST_ASK,"JPM,100564,207"
2019-06-28 10:55:20.000000000,BEST_BID,"JPM,100378,226"
2019-06-28 10:55:20.000000000,BEST_ASK,"JPM,100564,207"
2019-06-28 10:55:20.587654754,QUERY_SPREAD,26
2019-06-28 10:55:20.587654754,BEST_BID,"JPM,100378,226"
2019-06-28 10:55:20.587654754,BEST_ASK,"JPM,100564,207"
2019-06-28 10:55:30.000000000,QUERY_SPREAD,1
2019-06-28 10:55:30.000000000,BEST_BID,"JPM,100378,226"
2019-06-28 10:55:30.000000000,BEST_ASK,"JPM,100564,81"
2019-06-28 10:55:30.000000000,BEST_BID,"JPM,100378,226"
2019-06-28 10:55:30.000000000,BEST_ASK,"JPM,100564,81"
2019-06-28 10:55:30.000000000,BEST_BID,"JPM,100378,226"
2019-06-28 10:55:30.000000000,BEST_ASK,"JPM,100564,81"
2019-06-28 10:55:30.000000000,BEST_BID,"JPM,100378,226"
2019-06-28 10:55:30.000000000,BEST_ASK,"JPM,100564,207"
2019-06-28 10:55:30.000000000,BEST_BID,"JPM,100378,226"
2019-06-28 10:55:30.000000000,BEST_ASK,"JPM,100564,207"
2019-06-28 10:55:30.000000000,BEST_BID,"JPM,100378,226"
2019-06-28 10:55:30.000000000,BEST_ASK,"JPM,100564,207"
2019-06-28 10:55:39.665381898,QUERY_ORDER_STREAM,66
2019-06-28 10:55:39.665381898,QUERY_SPREAD,66
2019-06-28 10:55:39.665381898,BEST_BID,"JPM,100378,226"
2019-06-28 10:55:39.665381898,BEST_ASK,"JPM,100564,307"
2019-06-28 10:55:40.000000000,QUERY_SPREAD,1
2019-06-28 10:55:40.000000000,BEST_BID,"JPM,100378,471"
2019-06-28 10:55:40.000000000,BEST_ASK,"JPM,100564,181"
2019-06-28 10:55:40.000000000,BEST_BID,"JPM,100378,471"
2019-06-28 10:55:40.000000000,BEST_ASK,"JPM,100564,552"
2019-06-28 10:55:46.082488842,QUERY_ORDER_STREAM,56
2019-06-28 10:55:46.082488842,QUERY_SPREAD,56
2019-06-28 10:55:50.000000000,QUERY_SPREAD,1
2019-06-28 10:55:50.000000000,BEST_BID,"JPM,100378,471"
2019-06-28 10:55:50.000000000,BEST_ASK,"JPM,100564,181"
2019-06-28 10:55:50.000000000,BEST_BID,"JPM,100378,471"
2019-06-28 10:55:50.000000000,BEST_ASK,"JPM,100564,552"
2019-06-28 10:55:52.266903030,QUERY_ORDER_STREAM,57
2019-06-28 10:55:52.266903030,QUERY_SPREAD,57
2019-06-28 10:56:00.000000000,QUERY_SPREAD,1
2019-06-28 10:56:00.000000000,BEST_BID,"JPM,100378,286"
2019-06-28 10:56:00.000000000,BEST_ASK,"JPM,100564,181"
2019-06-28 10:56:00.000000000,BEST_BID,"JPM,100378,286"
2019-06-28 10:56:00.000000000,BEST_ASK,"JPM,100564,181"
2019-06-28 10:56:00.000000000,BEST_BID,"JPM,100378,286"
2019-06-28 10:56:00.000000000,BEST_ASK,"JPM,100564,367"
2019-06-28 10:56:00.000000000,BEST_BID,"JPM,100378,286"
2019-06-28 10:56:00.000000000,BEST_ASK,"JPM,100564,367"
2019-06-28 10:56:00.000000000,QUERY_SPREAD,77
2019-06-28 10:56:00.000000000,BEST_BID,"JPM,100378,286"
2019-06-28 10:56:00.000000000,BEST_ASK,"JPM,100564,362"
2019-06-28 10:56:00.000000000,LAST_TRADE,"5,$100564.0000"
2019-06-28 10:56:00.000000000,QUERY_SPREAD,78
2019-06-28 10:56:00.000000000,BEST_BID,"JPM,100378,286"
2019-06-28 10:56:00.000000000,BEST_ASK,"JPM,100564,354"
2019-06-28 10:56:00.000000000,LAST_TRADE,"8,$100564.0000"
2019-06-28 10:56:00.000000000,QUERY_SPREAD,79
2019-06-28 10:56:00.000000000,BEST_BID,"JPM,100378,286"
2019-06-28 10:56:00.000000000,BEST_ASK,"JPM,100564,349"
2019-06-28 10:56:00.000000000,LAST_TRADE,"5,$100564.0000"
2019-06-28 10:56:00.000000000,QUERY_SPREAD,80
2019-06-28 10:56:00.000000000,BEST_BID,"JPM,100378,286"
2019-06-28 10:56:00.000000000,BEST_ASK,"JPM,100564,341"
2019-06-28 10:56:00.000000000,LAST_TRADE,"8,$100564.0000"
2019-06-28 10:56:00.000000000,QUERY_SPREAD,81
2019-06-28 10:56:00.000000000,BEST_BID,"JPM,100378,286"
2019-06-28 10:56:00.000000000,BEST_ASK,"JPM,100564,332"
2019-06-28 10:56:00.000000000,LAST_TRADE,"9,$100564.0000"
2019-06-28 10:56:00.000000000,QUERY_SPREAD,82
2019-06-28 10:56:00.000000000,BEST_BID,"JPM,100378,286"
2019-06-28 10:56:00.000000000,BEST_ASK,"JPM,100564,329"
2019-06-28 10:56:00.000000000,LAST_TRADE,"3,$100564.0000"
2019-06-28 10:56:00.000000000,QUERY_SPREAD,83
2019-06-28 10:56:00.000000000,BEST_BID,"JPM,100378,286"
2019-06-28 10:56:00.000000000,BEST_ASK,"JPM,100564,321"
2019-06-28 10:56:00.000000000,LAST_TRADE,"8,$100564.0000"
2019-06-28 10:56:00.000000000,QUERY_SPREAD,84
2019-06-28 10:56:00.000000000,BEST_BID,"JPM,100378,286"
2019-06-28 10:56:00.000000000,BEST_ASK,"JPM,100564,317"
2019-06-28 10:56:00.000000000,LAST_TRADE,"4,$100564.0000"
2019-06-28 10:56:00.000000000,QUERY_SPREAD,85
2019-06-28 10:56:00.000000000,BEST_BID,"JPM,100378,286"
2019-06-28 10:56:00.000000000,BEST_ASK,"JPM,100564,312"
2019-06-28 10:56:00.000000000,LAST_TRADE,"5,$100564.0000"
2019-06-28 10:56:00.000000000,QUERY_SPREAD,86
2019-06-28 10:56:00.000000000,BEST_BID,"JPM,100378,286"
2019-06-28 10:56:00.000000000,BEST_ASK,"JPM,100564,310"
2019-06-28 10:56:00.000000000,LAST_TRADE,"2,$100564.0000"
2019-06-28 10:56:00.000000000,QUERY_SPREAD,87
2019-06-28 10:56:00.000000000,BEST_BID,"JPM,100378,286"
2019-06-28 10:56:00.000000000,BEST_ASK,"JPM,100564,303"
2019-06-28 10:56:00.000000000,LAST_TRADE,"7,$100564.0000"
2019-06-28 10:56:00.000000000,QUERY_SPREAD,88
2019-06-28 10:56:00.000000000,BEST_BID,"JPM,100378,286"
2019-06-28 10:56:00.000000000,BEST_ASK,"JPM,100564,295"
2019-06-28 10:56:00.000000000,LAST_TRADE,"8,$100564.0000"
2019-06-28 10:56:00.000000000,QUERY_SPREAD,89
2019-06-28 10:56:00.000000000,BEST_BID,"JPM,100378,286"
2019-06-28 10:56:00.000000000,BEST_ASK,"JPM,100564,290"
2019-06-28 10:56:00.000000000,LAST_TRADE,"5,$100564.0000"
2019-06-28 10:56:00.000000000,QUERY_SPREAD,90
2019-06-28 10:56:00.000000000,BEST_BID,"JPM,100378,286"
2019-06-28 10:56:00.000000000,BEST_ASK,"JPM,100564,286"
2019-06-28 10:56:00.000000000,LAST_TRADE,"4,$100564.0000"
2019-06-28 10:56:00.000000000,QUERY_SPREAD,91
2019-06-28 10:56:00.000000000,BEST_BID,"JPM,100378,286"
2019-06-28 10:56:00.000000000,BEST_ASK,"JPM,100564,283"
2019-06-28 10:56:00.000000000,LAST_TRADE,"3,$100564.0000"
2019-06-28 10:56:00.000000000,QUERY_SPREAD,92
2019-06-28 10:56:00.000000000,BEST_BID,"JPM,100378,286"
2019-06-28 10:56:00.000000000,BEST_ASK,"JPM,100564,278"
2019-06-28 10:56:00.000000000,LAST_TRADE,"5,$100564.0000"
2019-06-28 10:56:00.000000000,QUERY_SPREAD,93
2019-06-28 10:56:00.000000000,BEST_BID,"JPM,100378,286"
2019-06-28 10:56:00.000000000,BEST_ASK,"JPM,100564,271"
2019-06-28 10:56:00.000000000,LAST_TRADE,"7,$100564.0000"
2019-06-28 10:56:00.000000000,QUERY_SPREAD,94
2019-06-28 10:56:00.000000000,BEST_BID,"JPM,100378,286"
2019-06-28 10:56:00.000000000,BEST_ASK,"JPM,100564,270"
2019-06-28 10:56:00.000000000,LAST_TRADE,"1,$100564.0000"
2019-06-28 10:56:00.000000000,QUERY_SPREAD,95
2019-06-28 10:56:00.000000000,BEST_BID,"JPM,100378,286"
2019-06-28 10:56:00.000000000,BEST_ASK,"JPM,100564,269"
2019-06-28 10:56:00.000000000,LAST_TRADE,"1,$100564.0000"
2019-06-28 10:56:00.000000000,QUERY_SPREAD,96
2019-06-28 10:56:00.000000000,BEST_BID,"JPM,100378,286"
2019-06-28 10:56:00.000000000,BEST_ASK,"JPM,100564,265"
2019-06-28 10:56:00.000000000,LAST_TRADE,"4,$100564.0000"
2019-06-28 10:56:00.000000000,QUERY_SPREAD,97
2019-06-28 10:56:00.000000000,BEST_BID,"JPM,100378,286"
2019-06-28 10:56:00.000000000,BEST_ASK,"JPM,100564,262"
2019-06-28 10:56:00.000000000,LAST_TRADE,"3,$100564.0000"
2019-06-28 10:56:00.000000000,QUERY_SPREAD,98
2019-06-28 10:56:00.000000000,BEST_BID,"JPM,100378,286"
2019-06-28 10:56:00.000000000,BEST_ASK,"JPM,100564,257"
2019-06-28 10:56:00.000000000,LAST_TRADE,"5,$100564.0000"
2019-06-28 10:56:00.000000000,QUERY_SPREAD,99
2019-06-28 10:56:00.000000000,BEST_BID,"JPM,100378,286"
2019-06-28 10:56:00.000000000,BEST_ASK,"JPM,100564,253"
2019-06-28 10:56:00.000000000,LAST_TRADE,"4,$100564.0000"
2019-06-28 10:56:00.000000000,QUERY_SPREAD,100
2019-06-28 10:56:00.000000000,BEST_BID,"JPM,100378,286"
2019-06-28 10:56:00.000000000,BEST_ASK,"JPM,100564,248"
2019-06-28 10:56:00.000000000,LAST_TRADE,"5,$100564.0000"
2019-06-28 10:56:00.000000000,QUERY_SPREAD,101
2019-06-28 10:56:10.000000000,QUERY_SPREAD,1
2019-06-28 10:56:10.000000000,BEST_BID,"JPM,100378,471"
2019-06-28 10:56:10.000000000,BEST_ASK,"JPM,100564,62"
2019-06-28 10:56:10.000000000,BEST_BID,"JPM,100378,471"
2019-06-28 10:56:10.000000000,BEST_ASK,"JPM,100564,433"
2019-06-28 10:56:20.000000000,QUERY_SPREAD,1
2019-06-28 10:56:20.000000000,BEST_BID,"JPM,100378,471"
2019-06-28 10:56:20.000000000,BEST_ASK,"JPM,100564,62"
2019-06-28 10:56:20.000000000,BEST_BID,"JPM,100378,471"
2019-06-28 10:56:20.000000000,BEST_ASK,"JPM,100564,433"
2019-06-28 10:56:30.000000000,QUERY_SPREAD,1
2019-06-28 10:56:30.000000000,BEST_BID,"JPM,100378,193"
2019-06-28 10:56:30.000000000,BEST_ASK,"JPM,100564,62"
2019-06-28 10:56:30.000000000,BEST_BID,"JPM,100378,193"
2019-06-28 10:56:30.000000000,BEST_ASK,"JPM,100564,62"
2019-06-28 10:56:30.000000000,BEST_BID,"JPM,100378,193"
2019-06-28 10:56:30.000000000,BEST_ASK,"JPM,100564,62"
2019-06-28 10:56:30.000000000,BEST_BID,"JPM,100378,193"
2019-06-28 10:56:30.000000000,BEST_ASK,"JPM,100564,62"
2019-06-28 10:56:30.000000000,BEST_BID,"JPM,100378,193"
2019-06-28 10:56:30.000000000,BEST_ASK,"JPM,100564,155"
2019-06-28 10:56:30.000000000,BEST_BID,"JPM,100378,193"
2019-06-28 10:56:30.000000000,BEST_ASK,"JPM,100564,155"
2019-06-28 10:56:30.000000000,BEST_BID,"JPM,100378,193"
2019-06-28 10:56:30.000000000,BEST_ASK,"JPM,100564,155"
2019-06-28 10:56:30.000000000,BEST_BID,"JPM,100378,193"
2019-06-28 10:56:30.000000000,BEST_ASK,"JPM,100564,155"
2019-06-28 10:56:40.000000000,QUERY_SPREAD,1
2019-06-28 10:56:40.000000000,BEST_BID,"JPM,100378,226"
2019-06-28 10:56:40.000000000,BEST_ASK,"JPM,100564,62"
2019-06-28 10:56:40.000000000,BEST_BID,"JPM,100378,226"
2019-06-28 10:56:40.000000000,BEST_ASK,"JPM,100564,62"
2019-06-28 10:56:40.000000000,BEST_BID,"JPM,100378,226"
2019-06-28 10:56:40.000000000,BEST_ASK,"JPM,100564,62"
2019-06-28 10:56:40.000000000,BEST_BID,"JPM,100378,226"
2019-06-28 10:56:40.000000000,BEST_ASK,"JPM,100564,188"
2019-06-28 10:56:40.000000000,BEST_BID,"JPM,100378,226"
2019-06-28 10:56:40.000000000,BEST_ASK,"JPM,100564,188"
2019-06-28 10:56:40.000000000,BEST_BID,"JPM,100378,226"
2019-06-28 10:56:40.000000000,BEST_ASK,"JPM,100564,188"
2019-06-28 10:56:43.600110689,QUERY_SPREAD,36
2019-06-28 10:56:43.600110689,BEST_BID,"JPM,100378,126"
2019-06-28 10:56:43.600110689,BEST_ASK,"JPM,100564,188"
2019-06-28 10:56:43.600110689,LAST_TRADE,"100,$100378.0000"
2019-06-28 10:56:46.407780238,QUERY_ORDER_STREAM,71
2019-06-28 10:56:46.407780238,QUERY_SPREAD,71
2019-06-28 10:56:46.407780238,BEST_BID,"JPM,100378,126"
2019-06-28 10:56:46.407780238,BEST_ASK,"JPM,100563,100"
2019-06-28 10:56:50.000000000,QUERY_SPREAD,1
2019-06-28 10:56:50.000000000,BEST_BID,"JPM,100370,471"
2019-06-28 10:56:50.000000000,BEST_ASK,"JPM,100563,100"
2019-06-28 10:56:50.000000000,BEST_BID,"JPM,100370,471"
2019-06-28 10:56:50.000000000,BEST_ASK,"JPM,100563,471"
2019-06-28 10:56:53.068724431,QUERY_ORDER_STREAM,57
2019-06-28 10:56:53.068724431,QUERY_SPREAD,57
2019-06-28 10:56:58.937906700,QUERY_SPREAD,9
2019-06-28 10:56:58.937906700,BEST_BID,"JPM,100370,471"
2019-06-28 10:56:58.937906700,BEST_ASK,"JPM,100563,471"
2019-06-28 10:57:00.000000000,QUERY_SPREAD,1
2019-06-28 10:57:00.000000000,BEST_BID,"JPM,100370,471"
2019-06-28 10:57:00.000000000,BEST_ASK,"JPM,100563,100"
2019-06-28 10:57:00.000000000,BEST_BID,"JPM,100370,471"
2019-06-28 10:57:00.000000000,BEST_ASK,"JPM,100563,471"
2019-06-28 10:57:00.000000000,QUERY_SPREAD,77
2019-06-28 10:57:00.000000000,BEST_BID,"JPM,100370,471"
2019-06-28 10:57:00.000000000,BEST_ASK,"JPM,100563,466"
2019-06-28 10:57:00.000000000,LAST_TRADE,"5,$100563.0000"
2019-06-28 10:57:00.000000000,QUERY_SPREAD,78
2019-06-28 10:57:00.000000000,BEST_BID,"JPM,100370,471"
2019-06-28 10:57:00.000000000,BEST_ASK,"JPM,100563,458"
2019-06-28 10:57:00.000000000,LAST_TRADE,"8,$100563.0000"
2019-06-28 10:57:00.000000000,QUERY_SPREAD,79
2019-06-28 10:57:00.000000000,BEST_BID,"JPM,100370,471"
2019-06-28 10:57:00.000000000,BEST_ASK,"JPM,100563,453"
2019-06-28 10:57:00.000000000,LAST_TRADE,"5,$100563.0000"
2019-06-28 10:57:00.000000000,QUERY_SPREAD,80
2019-06-28 10:57:00.000000000,BEST_BID,"JPM,100370,471"
2019-06-28 10:57:00.000000000,BEST_ASK,"JPM,100563,445"
2019-06-28 10:57:00.000000000,LAST_TRADE,"8,$100563.0000"
2019-06-28 10:57:00.000000000,QUERY_SPREAD,81
2019-06-28 10:57:00.000000000,BEST_BID,"JPM,100370,471"
2019-06-28 10:57:00.000000000,BEST_ASK,"JPM,100563,436"
2019-06-28 10:57:00.000000000,LAST_TRADE,"9,$100563.0000"
2019-06-28 10:57:00.000000000,QUERY_SPREAD,82
2019-06-28 10:57:00.000000000,BEST_BID,"JPM,100370,471"
2019-06-28 10:57:00.000000000,BEST_ASK,"JPM,100563,433"
2019-06-28 10:57:00.000000000,LAST_TRADE,"3,$100563.0000"
2019-06-28 10:57:00.000000000,QUERY_SPREAD,83
2019-06-28 10:57:00.000000000,BEST_BID,"JPM,100370,471"
2019-06-28 10:57:00.000000000,BEST_ASK,"JPM,100563,425"
2019-06-28 10:57:00.000000000,LAST_TRADE,"8,$100563.0000"
2019-06-28 10:57:00.000000000,QUERY_SPREAD,84
2019-06-28 10:57:00.000000000,BEST_BID,"JPM,100370,471"
2019-06-28 10:57:00.000000000,BEST_ASK,"JPM,100563,421"
2019-06-28 10:57:00.000000000,LAST_TRADE,"4,$100563.0000"
2019-06-28 10:57:00.000000000,QUERY_SPREAD,85
2019-06-28 10:57:00.000000000,BEST_BID,"JPM,100370,471"
2019-06-28 10:57:00.000000000,BEST_ASK,"JPM,100563,416"
2019-06-28 10:57:00.000000000,LAST_TRADE,"5,$100563.0000"
2019-06-28 10:57:00.000000000,QUERY_SPREAD,86
2019-06-28 10:57:00.000000000,BEST_BID,"JPM,100370,471"
2019-06-28 10:57:00.000000000,BEST_ASK,"JPM,100563,414"
2019-06-28 10:57:00.000000000,LAST_TRADE,"2,$100563.0000"
2019-06-28 10:57:00.000000000,QUERY_SPREAD,87
2019-06-28 10:57:00.000000000,BEST_BID,"JPM,100370,471"
2019-06-28 10:57:00.000000000,BEST_ASK,"JPM,100563,407"
2019-06-28 10:57:00.000000000,LAST_TRADE,"7,$100563.0000"
2019-06-28 10:57:00.000000000,QUERY_SPREAD,88
2019-06-28 10:57:00.000000000,BEST_BID,"JPM,100370,471"
2019-06-28 10:57:00.000000000,BEST_ASK,"JPM,100563,399"
2019-06-28 10:57:00.000000000,LAST_TRADE,"8,$100563.0000"
2019-06-28 10:57:00.000000000,QUERY_SPREAD,89
2019-06-28 10:57:00.000000000,BEST_BID,"JPM,100370,471"
2019-06-28 10:57:00.000000000,BEST_ASK,"JPM,100563,394"
2019-06-28 10:57:00.000000000,LAST_TRADE,"5,$100563.0000"
2019-06-28 10:57:00.000000000,QUERY_SPREAD,90
2019-06-28 10:57:00.000000000,BEST_BID,"JPM,100370,471"
2019-06-28 10:57:00.000000000,BEST_ASK,"JPM,100563,390"
2019-06-28 10:57:00.000000000,LAST_TRADE,"4,$100563.0000"
2019-06-28 10:57:00.000000000,QUERY_SPREAD,91
2019-06-28 10:57:00.000000000,BEST_BID,"JPM,100370,471"
2019-06-28 10:57:00.000000000,BEST_ASK,"JPM,100563,387"
2019-06-28 10:57:00.000000000,LAST_TRADE,"3,$100563.0000"
2019-06-28 10:57:00.000000000,QUERY_SPREAD,92
2019-06-28 10:57:00.000000000,BEST_BID,"JPM,100370,471"
2019-06-28 10:57:00.000000000,BEST_ASK,"JPM,100563,382"
2019-06-28 10:57:00.000000000,LAST_TRADE,"5,$100563.0000"
2019-06-28 10:57:00.000000000,QUERY_SPREAD,93
2019-06-28 10:57:00.000000000,BEST_BID,"JPM,100370,471"
2019-06-28 10:57:00.000000000,BEST_ASK,"JPM,100563,375"
2019-06-28 10:57:00.000000000,LAST_TRADE,"7,$100563.0000"
2019-06-28 10:57:00.000000000,QUERY_SPREAD,94
2019-06-28 10:57:00.000000000,BEST_BID,"JPM,100370,471"
2019-06-28 10:57:00.000000000,BEST_ASK,"JPM,100563,374"
2019-06-28 10:57:00.000000000,LAST_TRADE,"1,$100563.0000"
2019-06-28 10:57:00.000000000,QUERY_SPREAD,95
2019-06-28 10:57:00.000000000,BEST_BID,"JPM,100370,471"
2019-06-28 10:57:00.000000000,BEST_ASK,"JPM,100563,373"
2019-06-28 10:57:00.000000000,LAST_TRADE,"1,$100563.0000"
2019-06-28 10:57:00.000000000,QUERY_SPREAD,96
2019-06-28 10:57:00.000000000,BEST_BID,"JPM,100370,471"
2019-06-28 10:57:00.000000000,BEST_ASK,"JPM,100563,369"
2019-06-28 10:57:00.000000000,LAST_TRADE,"4,$100563.0000"
2019-06-28 10:57:00.000000000,QUERY_SPREAD,97
2019-06-28 10:57:00.000000000,BEST_BID,"JPM,100370,471"
2019-06-28 10:57:00.000000000,BEST_ASK,"JPM,100563,366"
2019-06-28 10:57:00.000000000,LAST_TRADE,"3,$100563.0000"
2019-06-28 10:57:00.000000000,QUERY_SPREAD,98
2019-06-28 10:57:00.000000000,BEST_BID,"JPM,100370,471"
2019-06-28 10:57:00.000000000,BEST_ASK,"JPM,100563,361"
2019-06-28 10:57:00.000000000,LAST_TRADE,"5,$100563.0000"
2019-06-28 10:57:00.000000000,QUERY_SPREAD,99
2019-06-28 10:57:00.000000000,BEST_BID,"JPM,100370,471"
2019-06-28 10:57:00.000000000,BEST_ASK,"JPM,100563,357"
2019-06-28 10:57:00.000000000,LAST_TRADE,"4,$100563.0000"
2019-06-28 10:57:00.000000000,QUERY_SPREAD,100
2019-06-28 10:57:00.000000000,BEST_BID,"JPM,100370,471"
2019-06-28 10:57:00.000000000,BEST_ASK,"JPM,100563,352"
2019-06-28 10:57:00.000000000,LAST_TRADE,"5,$100563.0000"
2019-06-28 10:57:00.000000000,QUERY_SPREAD,101
2019-06-28 10:57:08.430522422,QUERY_ORDER_STREAM,65
2019-06-28 10:57:08.430522422,QUERY_SPREAD,65
2019-06-28 10:57:08.430522422,BEST_BID,"JPM,100370,471"
2019-06-28 10:57:08.430522422,BEST_ASK,"JPM,100563,452"
2019-06-28 10:57:10.000000000,QUERY_SPREAD,1
2019-06-28 10:57:10.000000000,BEST_BID,"JPM,100370,193"
2019-06-28 10:57:10.000000000,BEST_ASK,"JPM,100563,100"
2019-06-28 10:57:10.000000000,BEST_BID,"JPM,100370,193"
2019-06-28 10:57:10.000000000,BEST_ASK,"JPM,100563,100"
2019-06-28 10:57:10.000000000,BEST_BID,"JPM,100370,193"
2019-06-28 10:57:10.000000000,BEST_ASK,"JPM,100563,100"
2019-06-28 10:57:10.000000000,BEST_BID,"JPM,100370,193"
2019-06-28 10:57:10.000000000,BEST_ASK,"JPM,100563,100"
2019-06-28 10:57:10.000000000,BEST_BID,"JPM,100370,193"
2019-06-28 10:57:10.000000000,BEST_ASK,"JPM,100563,193"
2019-06-28 10:57:10.000000000,BEST_BID,"JPM,100370,193"
2019-06-28 10:57:10.000000000,BEST_ASK,"JPM,100563,193"
2019-06-28 10:57:10.000000000,BEST_BID,"JPM,100370,193"
2019-06-28 10:57:10.000000000,BEST_ASK,"JPM,100563,193"
2019-06-28 10:57:10.000000000,BEST_BID,"JPM,100370,193"
2019-06-28 10:57:10.000000000,BEST_ASK,"JPM,100563,193"
2019-06-28 10:57:20.000000000,QUERY_SPREAD,1
2019-06-28 10:57:20.000000000,BEST_BID,"JPM,100370,471"
2019-06-28 10:57:20.000000000,BEST_ASK,"JPM,100563,100"
2019-06-28 10:57:20.000000000,BEST_BID,"JPM,100370,471"
2019-06-28 10:57:20.000000000,BEST_ASK,"JPM,100563,471"
2019-06-28 10:57:29.492743504,QUERY_ORDER_STREAM,60
2019-06-28 10:57:29.492743504,QUERY_SPREAD,60
2019-06-28 10:57:29.492743504,BEST_BID,"JPM,100370,471"
2019-06-28 10:57:29.492743504,BEST_ASK,"JPM,100563,371"
2019-06-28 10:57:29.492743504,LAST_TRADE,"100,$100563.0000"
2019-06-28 10:57:30.000000000,QUERY_SPREAD,1
2019-06-28 10:57:30.000000000,BEST_BID,"JPM,100370,174"
2019-06-28 10:57:30.000000000,BEST_ASK,"JPM,100564,62"
2019-06-28 10:57:30.000000000,BEST_BID,"JPM,100370,174"
2019-06-28 10:57:30.000000000,BEST_ASK,"JPM,100564,62"
2019-06-28 10:57:30.000000000,BEST_BID,"JPM,100370,174"
2019-06-28 10:57:30.000000000,BEST_ASK,"JPM,100564,62"
2019-06-28 10:57:30.000000000,BEST_BID,"JPM,100370,174"
2019-06-28 10:57:30.000000000,BEST_ASK,"JPM,100564,62"
2019-06-28 10:57:30.000000000,BEST_BID,"JPM,100370,174"
2019-06-28 10:57:30.000000000,BEST_ASK,"JPM,100564,62"
2019-06-28 10:57:30.000000000,BEST_BID,"JPM,100370,174"
2019-06-28 10:57:30.000000000,BEST_ASK,"JPM,100564,136"
2019-06-28 10:57:30.000000000,BEST_BID,"JPM,100370,174"
2019-06-28 10:57:30.000000000,BEST_ASK,"JPM,100564,136"
2019-06-28 10:57:30.000000000,BEST_BID,"JPM,100370,174"
2019-06-28 10:57:30.000000000,BEST_ASK,"JPM,100564,136"
2019-06-28 10:57:30.000000000,BEST_BID,"JPM,100370,174"
2019-06-28 10:57:30.000000000,BEST_ASK,"JPM,100564,136"
2019-06-28 10:57:30.389162492,QUERY_ORDER_STREAM,61
2019-06-28 10:57:30.389162492,QUERY_SPREAD,61
2019-06-28 10:57:39.401768563,QUERY_ORDER_STREAM,56
2019-06-28 10:57:39.401768563,QUERY_SPREAD,56
2019-06-28 10:57:40.000000000,QUERY_SPREAD,1
2019-06-28 10:57:40.000000000,BEST_BID,"JPM,100370,226"
2019-06-28 10:57:40.000000000,BEST_ASK,"JPM,100564,62"
2019-06-28 10:57:40.000000000,BEST_BID,"JPM,100370,226"
2019-06-28 10:57:40.000000000,BEST_ASK,"JPM,100564,62"
2019-06-28 10:57:40.000000000,BEST_BID,"JPM,100370,226"
2019-06-28 10:57:40.000000000,BEST_ASK,"JPM,100564,62"
2019-06-28 10:57:40.000000000,BEST_BID,"JPM,100370,226"
2019-06-28 10:57:40.000000000,BEST_ASK,"JPM,100564,188"
2019-06-28 10:57:40.000000000,BEST_BID,"JPM,100370,226"
2019-06-28 10:57:40.000000000,BEST_ASK,"JPM,100564,188"
2019-06-28 10:57:40.000000000,BEST_BID,"JPM,100370,226"
2019-06-28 10:57:40.000000000,BEST_ASK,"JPM,100564,188"
2019-06-28 10:57:50.000000000,QUERY_SPREAD,1
2019-06-28 10:57:50.000000000,BEST_BID,"JPM,100370,286"
2019-06-28 10:57:50.000000000,BEST_ASK,"JPM,100564,62"
2019-06-28 10:57:50.000000000,BEST_BID,"JPM,100370,286"
2019-06-28 10:57:50.000000000,BEST_ASK,"JPM,100564,62"
2019-06-28 10:57:50.000000000,BEST_BID,"JPM,100370,286"
2019-06-28 10:57:50.000000000,BEST_ASK,"JPM,100564,248"
2019-06-28 10:57:50.000000000,BEST_BID,"JPM,100370,286"
2019-06-28 10:57:50.000000000,BEST_ASK,"JPM,100564,248"
2019-06-28 10:57:55.147565477,QUERY_ORDER_STREAM,61
2019-06-28 10:57:55.147565477,QUERY_SPREAD,61
2019-06-28 10:58:00.000000000,QUERY_SPREAD,1
2019-06-28 10:58:00.000000000,BEST_BID,"JPM,100370,193"
2019-06-28 10:58:00.000000000,BEST_ASK,"JPM,100564,62"
2019-06-28 10:58:00.000000000,BEST_BID,"JPM,100370,193"
2019-06-28 10:58:00.000000000,BEST_ASK,"JPM,100564,62"
2019-06-28 10:58:00.000000000,BEST_BID,"JPM,100370,193"
2019-06-28 10:58:00.000000000,BEST_ASK,"JPM,100564,62"
2019-06-28 10:58:00.000000000,BEST_BID,"JPM,100370,193"
2019-06-28 10:58:00.000000000,BEST_ASK,"JPM,100564,62"
2019-06-28 10:58:00.000000000,BEST_BID,"JPM,100370,193"
2019-06-28 10:58:00.000000000,BEST_ASK,"JPM,100564,155"
2019-06-28 10:58:00.000000000,BEST_BID,"JPM,100370,193"
2019-06-28 10:58:00.000000000,BEST_ASK,"JPM,100564,155"
2019-06-28 10:58:00.000000000,BEST_BID,"JPM,100370,193"
2019-06-28 10:58:00.000000000,BEST_ASK,"JPM,100564,155"
2019-06-28 10:58:00.000000000,BEST_BID,"JPM,100370,193"
2019-06-28 10:58:00.000000000,BEST_ASK,"JPM,100564,155"
2019-06-28 10:58:00.000000000,QUERY_SPREAD,77
2019-06-28 10:58:00.000000000,BEST_BID,"JPM,100370,193"
2019-06-28 10:58:00.000000000,BEST_ASK,"JPM,100564,150"
2019-06-28 10:58:00.000000000,LAST_TRADE,"5,$100564.0000"
2019-06-28 10:58:00.000000000,QUERY_SPREAD,78
2019-06-28 10:58:00.000000000,BEST_BID,"JPM,100370,193"
2019-06-28 10:58:00.000000000,BEST_ASK,"JPM,100564,142"
2019-06-28 10:58:00.000000000,LAST_TRADE,"8,$100564.0000"
2019-06-28 10:58:00.000000000,QUERY_SPREAD,79
2019-06-28 10:58:00.000000000,BEST_BID,"JPM,100370,193"
2019-06-28 10:58:00.000000000,BEST_ASK,"JPM,100564,137"
2019-06-28 10:58:00.000000000,LAST_TRADE,"5,$100564.0000"
2019-06-28 10:58:00.000000000,QUERY_SPREAD,80
2019-06-28 10:58:00.000000000,BEST_BID,"JPM,100370,193"
2019-06-28 10:58:00.000000000,BEST_ASK,"JPM,100564,129"
2019-06-28 10:58:00.000000000,LAST_TRADE,"8,$100564.0000"
2019-06-28 10:58:00.000000000,QUERY_SPREAD,81
2019-06-28 10:58:00.000000000,BEST_BID,"JPM,100370,193"
2019-06-28 10:58:00.000000000,BEST_ASK,"JPM,100564,120"
2019-06-28 10:58:00.000000000,LAST_TRADE,"9,$100564.0000"
2019-06-28 10:58:00.000000000,QUERY_SPREAD,82
2019-06-28 10:58:00.000000000,BEST_BID,"JPM,100370,193"
2019-06-28 10:58:00.000000000,BEST_ASK,"JPM,100564,117"
2019-06-28 10:58:00.000000000,LAST_TRADE,"3,$100564.0000"
2019-06-28 10:58:00.000000000,QUERY_SPREAD,83
2019-06-28 10:58:00.000000000,BEST_BID,"JPM,100370,193"
2019-06-28 10:58:00.000000000,BEST_ASK,"JPM,100564,109"
2019-06-28 10:58:00.000000000,LAST_TRADE,"8,$100564.0000"
2019-06-28 10:58:00.000000000,QUERY_SPREAD,84
2019-06-28 10:58:00.000000000,BEST_BID,"JPM,100370,193"
2019-06-28 10:58:00.000000000,BEST_ASK,"JPM,100564,105"
2019-06-28 10:58:00.000000000,LAST_TRADE,"4,$100564.0000"
2019-06-28 10:58:00.000000000,QUERY_SPREAD,85
2019-06-28 10:58:00.000000000,BEST_BID,"JPM,100370,193"
2019-06-28 10:58:00.000000000,BEST_ASK,"JPM,100564,100"
2019-06-28 10:58:00.000000000,LAST_TRADE,"5,$100564.0000"
2019-06-28 10:58:00.000000000,QUERY_SPREAD,86
2019-06-28 10:58:00.000000000,BEST_BID,"JPM,100370,193"
2019-06-28 10:58:00.000000000,BEST_ASK,"JPM,100564,98"
2019-06-28 10:58:00.000000000,LAST_TRADE,"2,$100564.0000"
2019-06-28 10:58:00.000000000,QUERY_SPREAD,87
2019-06-28 10:58:00.000000000,BEST_BID,"JPM,100370,193"
2019-06-28 10:58:00.000000000,BEST_ASK,"JPM,100564,91"
2019-06-28 10:58:00.000000000,LAST_TRADE,"7,$100564.0000"
2019-06-28 10:58:00.000000000,QUERY_SPREAD,88
2019-06-28 10:58:00.000000000,BEST_BID,"JPM,100370,193"
2019-06-28 10:58:00.000000000,BEST_ASK,"JPM,100564,83"
2019-06-28 10:58:00.000000000,LAST_TRADE,"8,$100564.0000"
2019-06-28 10:58:00.000000000,QUERY_SPREAD,89
2019-06-28 10:58:00.000000000,BEST_BID,"JPM,100370,193"
2019-06-28 10:58:00.000000000,BEST_ASK,"JPM,100564,78"
2019-06-28 10:58:00.000000000,LAST_TRADE,"5,$100564.0000"
2019-06-28 10:58:00.000000000,QUERY_SPREAD,90
2019-06-28 10:58:00.000000000,BEST_BID,"JPM,100370,193"
2019-06-28 10:58:00.000000000,BEST_ASK,"JPM,100564,74"
2019-06-28 10:58:00.000000000,LAST_TRADE,"4,$100564.0000"
2019-06-28 10:58:00.000000000,QUERY_SPREAD,91
2019-06-28 10:58:00.000000000,BEST_BID,"JPM,100370,193"
2019-06-28 10:58:00.000000000,BEST_ASK,"JPM,100564,71"
2019-06-28 10:58:00.000000000,LAST_TRADE,"3,$100564.0000"
2019-06-28 10:58:00.000000000,QUERY_SPREAD,92
2019-06-28 10:58:00.000000000,BEST_BID,"JPM,100370,193"
2019-06-28 10:58:00.000000000,BEST_ASK,"JPM,100564,66"
2019-06-28 10:58:00.000000000,LAST_TRADE,"5,$100564.0000"
2019-06-28 10:58:00.000000000,QUERY_SPREAD,93
2019-06-28 10:58:00.000000000,BEST_BID,"JPM,100370,193"
2019-06-28 10:58:00.000000000,BEST_ASK,"JPM,100564,59"
2019-06-28 10:58:00.000000000,LAST_TRADE,"7,$100564.0000"
2019-06-28 10:58:00.000000000,QUERY_SPREAD,94
2019-06-28 10:58:00.000000000,BEST_BID,"JPM,100370,193"
2019-06-28 10:58:00.000000000,BEST_ASK,"JPM,100564,58"
2019-06-28 10:58:00.000000000,LAST_TRADE,"1,$100564.0000"
2019-06-28 10:58:00.000000000,QUERY_SPREAD,95
2019-06-28 10:58:00.000000000,BEST_BID,"JPM,100370,193"
2019-06-28 10:58:00.000000000,BEST_ASK,"JPM,100564,57"
2019-06-28 10:58:00.000000000,LAST_TRADE,"1,$100564.0000"
2019-06-28 10:58:00.000000000,QUERY_SPREAD,96
2019-06-28 10:58:00.000000000,BEST_BID,"JPM,100370,193"
2019-06-28 10:58:00.000000000,BEST_ASK,"JPM,100564,53"
2019-06-28 10:58:00.000000000,LAST_TRADE,"4,$100564.0000"
2019-06-28 10:58:00.000000000,QUERY_SPREAD,97
2019-06-28 10:58:00.000000000,BEST_BID,"JPM,100370,193"
2019-06-28 10:58:00.000000000,BEST_ASK,"JPM,100564,50"
2019-06-28 10:58:00.000000000,LAST_TRADE,"3,$100564.0000"
2019-06-28 10:58:00.000000000,QUERY_SPREAD,98
2019-06-28 10:58:00.000000000,BEST_BID,"JPM,100370,193"
2019-06-28 10:58:00.000000000,BEST_ASK,"JPM,100564,45"
2019-06-28 10:58:00.000000000,LAST_TRADE,"5,$100564.0000"
2019-06-28 10:58:00.000000000,QUERY_SPREAD,99
2019-06-28 10:58:00.000000000,BEST_BID,"JPM,100370,193"
2019-06-28 10:58:00.000000000,BEST_ASK,"JPM,100564,41"
2019-06-28 10:58:00.000000000,LAST_TRADE,"4,$100564.0000"
2019-06-28 10:58:00.000000000,QUERY_SPREAD,100
2019-06-28 10:58:00.000000000,BEST_BID,"JPM,100370,193"
2019-06-28 10:58:00.000000000,BEST_ASK,"JPM,100564,36"
2019-06-28 10:58:00.000000000,LAST_TRADE,"5,$100564.0000"
2019-06-28 10:58:00.000000000,QUERY_SPREAD,101
2019-06-28 10:58:03.628498583,QUERY_SPREAD,10
2019-06-28 10:58:03.628498583,BEST_BID,"JPM,100564,64"
2019-06-28 10:58:03.628498583,BEST_ASK,"JPM,100687,119"
2019-06-28 10:58:03.628498583,LAST_TRADE,"36,$100564.0000"
2019-06-28 10:58:04.152856371,QUERY_SPREAD,13
2019-06-28 10:58:04.152856371,BEST_BID,"JPM,100564,64"
2019-06-28 10:58:04.152856371,BEST_ASK,"JPM,100687,19"
2019-06-28 10:58:04.152856371,LAST_TRADE,"100,$100687.0000"
2019-06-28 10:58:10.000000000,QUERY_SPREAD,1
2019-06-28 10:58:10.000000000,BEST_BID,"JPM,100564,138"
2019-06-28 10:58:10.000000000,BEST_ASK,"JPM,100944,100"
2019-06-28 10:58:10.000000000,BEST_BID,"JPM,100564,138"
2019-06-28 10:58:10.000000000,BEST_ASK,"JPM,100944,100"
2019-06-28 10:58:10.000000000,BEST_BID,"JPM,100564,138"
2019-06-28 10:58:10.000000000,BEST_ASK,"JPM,100944,100"
2019-06-28 10:58:10.000000000,BEST_BID,"JPM,100564,138"
2019-06-28 10:58:10.000000000,BEST_ASK,"JPM,100944,100"
2019-06-28 10:58:10.000000000,BEST_BID,"JPM,100564,138"
2019-06-28 10:58:10.000000000,BEST_ASK,"JPM,100944,100"
2019-06-28 10:58:10.000000000,BEST_BID,"JPM,100564,138"
2019-06-28 10:58:10.000000000,BEST_ASK,"JPM,100944,174"
2019-06-28 10:58:10.000000000,BEST_BID,"JPM,100564,138"
2019-06-28 10:58:10.000000000,BEST_ASK,"JPM,100944,174"
2019-06-28 10:58:10.679348417,QUERY_SPREAD,42
2019-06-28 10:58:10.679348417,BEST_BID,"JPM,100564,138"
2019-06-28 10:58:10.679348417,BEST_ASK,"JPM,100913,100"
2019-06-28 10:58:20.000000000,QUERY_SPREAD,1
2019-06-28 10:58:20.000000000,BEST_BID,"JPM,100564,138"
2019-06-28 10:58:20.000000000,BEST_ASK,"JPM,100913,100"
2019-06-28 10:58:20.000000000,BEST_BID,"JPM,100564,138"
2019-06-28 10:58:20.000000000,BEST_ASK,"JPM,100913,100"
2019-06-28 10:58:20.000000000,BEST_BID,"JPM,100564,138"
2019-06-28 10:58:20.000000000,BEST_ASK,"JPM,100913,100"
2019-06-28 10:58:20.000000000,BEST_BID,"JPM,100564,138"
2019-06-28 10:58:20.000000000,BEST_ASK,"JPM,100913,100"
2019-06-28 10:58:20.000000000,BEST_BID,"JPM,100564,138"
2019-06-28 10:58:20.000000000,BEST_ASK,"JPM,100913,100"
2019-06-28 10:58:20.000000000,BEST_BID,"JPM,100564,138"
2019-06-28 10:58:20.000000000,BEST_ASK,"JPM,100913,174"
2019-06-28 10:58:20.000000000,BEST_BID,"JPM,100564,138"
2019-06-28 10:58:20.000000000,BEST_ASK,"JPM,100913,174"
2019-06-28 10:58:20.000000000,BEST_BID,"JPM,100564,138"
2019-06-28 10:58:20.000000000,BEST_ASK,"JPM,100913,174"
2019-06-28 10:58:23.160235816,QUERY_SPREAD,34
2019-06-28 10:58:23.160235816,BEST_BID,"JPM,100564,38"
2019-06-28 10:58:23.160235816,BEST_ASK,"JPM,100913,174"
2019-06-28 10:58:23.160235816,LAST_TRADE,"100,$100564.0000"
2019-06-28 10:58:30.000000000,QUERY_SPREAD,1
2019-06-28 10:58:30.000000000,BEST_BID,"JPM,100370,193"
2019-06-28 10:58:30.000000000,BEST_ASK,"JPM,100913,100"
2019-06-28 10:58:30.000000000,BEST_BID,"JPM,100370,193"
2019-06-28 10:58:30.000000000,BEST_ASK,"JPM,100913,100"
2019-06-28 10:58:30.000000000,BEST_BID,"JPM,100370,193"
2019-06-28 10:58:30.000000000,BEST_ASK,"JPM,100913,100"
2019-06-28 10:58:30.000000000,BEST_BID,"JPM,100370,193"
2019-06-28 10:58:30.000000000,BEST_ASK,"JPM,100913,100"
2019-06-28 10:58:30.000000000,BEST_BID,"JPM,100370,193"
2019-06-28 10:58:30.000000000,BEST_ASK,"JPM,100913,193"
2019-06-28 10:58:30.000000000,BEST_BID,"JPM,100370,193"
2019-06-28 10:58:30.000000000,BEST_ASK,"JPM,100913,193"
2019-06-28 10:58:30.000000000,BEST_BID,"JPM,100370,193"
2019-06-28 10:58:30.000000000,BEST_ASK,"JPM,100913,193"
2019-06-28 10:58:35.395975960,QUERY_ORDER_STREAM,61
2019-06-28 10:58:35.395975960,QUERY_SPREAD,61
2019-06-28 10:58:40.000000000,QUERY_SPREAD,1
2019-06-28 10:58:40.000000000,BEST_BID,"JPM,100370,226"
2019-06-28 10:58:40.000000000,BEST_ASK,"JPM,100913,100"
2019-06-28 10:58:40.000000000,BEST_BID,"JPM,100370,226"
2019-06-28 10:58:40.000000000,BEST_ASK,"JPM,100913,100"
2019-06-28 10:58:40.000000000,BEST_BID,"JPM,100370,226"
2019-06-28 10:58:40.000000000,BEST_ASK,"JPM,100913,100"
2019-06-28 10:58:40.000000000,BEST_BID,"JPM,100370,226"
2019-06-28 10:58:40.000000000,BEST_ASK,"JPM,100913,226"
2019-06-28 10:58:40.000000000,BEST_BID,"JPM,100370,226"
2019-06-28 10:58:40.000000000,BEST_ASK,"JPM,100913,226"
2019-06-28 10:58:40.000000000,BEST_BID,"JPM,100370,226"
2019-06-28 10:58:40.000000000,BEST_ASK,"JPM,100913,226"
2019-06-28 10:58:50.000000000,QUERY_SPREAD,1
2019-06-28 10:58:50.000000000,BEST_BID,"JPM,100370,226"
2019-06-28 10:58:50.000000000,BEST_ASK,"JPM,100913,100"
2019-06-28 10:58:50.000000000,BEST_BID,"JPM,100370,226"
2019-06-28 10:58:50.000000000,BEST_ASK,"JPM,100913,100"
2019-06-28 10:58:50.000000000,BEST_BID,"JPM,100370,226"
2019-06-28 10:58:50.000000000,BEST_ASK,"JPM,100913,100"
2019-06-28 10:58:50.000000000,BEST_BID,"JPM,100370,226"
2019-06-28 10:58:50.000000000,BEST_ASK,"JPM,100913,226"
2019-06-28 10:58:50.000000000,BEST_BID,"JPM,100370,226"
2019-06-28 10:58:50.000000000,BEST_ASK,"JPM,100913,226"
2019-06-28 10:58:50.000000000,BEST_BID,"JPM,100370,226"
2019-06-28 10:58:50.000000000,BEST_ASK,"JPM,100913,226"
2019-06-28 10:58:56.577508297,QUERY_ORDER_STREAM,73
2019-06-28 10:58:56.577508297,QUERY_SPREAD,73
2019-06-28 10:58:56.577508297,BEST_BID,"JPM,100370,226"
2019-06-28 10:58:56.577508297,BEST_ASK,"JPM,100687,100"
2019-06-28 10:58:56.752589647,QUERY_SPREAD,29
2019-06-28 10:58:56.752589647,BEST_BID,"JPM,100370,226"
2019-06-28 10:58:56.752589647,BEST_ASK,"JPM,100687,100"
2019-06-28 10:58:59.632396240,QUERY_SPREAD,39
2019-06-28 10:58:59.632396240,BEST_BID,"JPM,100370,226"
2019-06-28 10:58:59.632396240,BEST_ASK,"JPM,100687,100"
2019-06-28 10:59:00.000000000,QUERY_SPREAD,1
2019-06-28 10:59:00.000000000,BEST_BID,"JPM,100370,226"
2019-06-28 10:59:00.000000000,BEST_ASK,"JPM,100687,100"
2019-06-28 10:59:00.000000000,BEST_BID,"JPM,100370,226"
2019-06-28 10:59:00.000000000,BEST_ASK,"JPM,100687,100"
2019-06-28 10:59:00.000000000,BEST_BID,"JPM,100370,226"
2019-06-28 10:59:00.000000000,BEST_ASK,"JPM,100687,100"
2019-06-28 10:59:00.000000000,BEST_BID,"JPM,100370,226"
2019-06-28 10:59:00.000000000,BEST_ASK,"JPM,100687,226"
2019-06-28 10:59:00.000000000,BEST_BID,"JPM,100370,226"
2019-06-28 10:59:00.000000000,BEST_ASK,"JPM,100687,226"
2019-06-28 10:59:00.000000000,BEST_BID,"JPM,100370,226"
2019-06-28 10:59:00.000000000,BEST_ASK,"JPM,100687,226"
2019-06-28 10:59:00.000000000,QUERY_SPREAD,77
2019-06-28 10:59:00.000000000,BEST_BID,"JPM,100370,226"
2019-06-28 10:59:00.000000000,BEST_ASK,"JPM,100687,221"
2019-06-28 10:59:00.000000000,LAST_TRADE,"5,$100687.0000"
2019-06-28 10:59:00.000000000,QUERY_SPREAD,78
2019-06-28 10:59:00.000000000,BEST_BID,"JPM,100370,226"
2019-06-28 10:59:00.000000000,BEST_ASK,"JPM,100687,213"
2019-06-28 10:59:00.000000000,LAST_TRADE,"8,$100687.0000"
2019-06-28 10:59:00.000000000,QUERY_SPREAD,79
2019-06-28 10:59:00.000000000,BEST_BID,"JPM,100370,226"
2019-06-28 10:59:00.000000000,BEST_ASK,"JPM,100687,208"
2019-06-28 10:59:00.000000000,LAST_TRADE,"5,$100687.0000"
2019-06-28 10:59:00.000000000,QUERY_SPREAD,80
2019-06-28 10:59:00.000000000,BEST_BID,"JPM,100370,226"
2019-06-28 10:59:00.000000000,BEST_ASK,"JPM,100687,200"
2019-06-28 10:59:00.000000000,LAST_TRADE,"8,$100687.0000"
2019-06-28 10:59:00.000000000,QUERY_SPREAD,81
2019-06-28 10:59:00.000000000,BEST_BID,"JPM,100370,226"
2019-06-28 10:59:00.000000000,BEST_ASK,"JPM,100687,191"
2019-06-28 10:59:00.000000000,LAST_TRADE,"9,$100687.0000"
2019-06-28 10:59:00.000000000,QUERY_SPREAD,82
2019-06-28 10:59:00.000000000,BEST_BID,"JPM,100370,226"
2019-06-28 10:59:00.000000000,BEST_ASK,"JPM,100687,188"
2019-06-28 10:59:00.000000000,LAST_TRADE,"3,$100687.0000"
2019-06-28 10:59:00.000000000,QUERY_SPREAD,83
2019-06-28 10:59:00.000000000,BEST_BID,"JPM,100370,226"
2019-06-28 10:59:00.000000000,BEST_ASK,"JPM,100687,180"
2019-06-28 10:59:00.000000000,LAST_TRADE,"8,$100687.0000"
2019-06-28 10:59:00.000000000,QUERY_SPREAD,84
2019-06-28 10:59:00.000000000,BEST_BID,"JPM,100370,226"
2019-06-28 10:59:00.000000000,BEST_ASK,"JPM,100687,176"
2019-06-28 10:59:00.000000000,LAST_TRADE,"4,$100687.0000"
2019-06-28 10:59:00.000000000,QUERY_SPREAD,85
2019-06-28 10:59:00.000000000,BEST_BID,"JPM,100370,226"
2019-06-28 10:59:00.000000000,BEST_ASK,"JPM,100687,171"
2019-06-28 10:59:00.000000000,LAST_TRADE,"5,$100687.0000"
2019-06-28 10:59:00.000000000,QUERY_SPREAD,86
2019-06-28 10:59:00.000000000,BEST_BID,"JPM,100370,226"
2019-06-28 10:59:00.000000000,BEST_ASK,"JPM,100687,169"
2019-06-28 10:59:00.000000000,LAST_TRADE,"2,$100687.0000"
2019-06-28 10:59:00.000000000,QUERY_SPREAD,87
2019-06-28 10:59:00.000000000,BEST_BID,"JPM,100370,226"
2019-06-28 10:59:00.000000000,BEST_ASK,"JPM,100687,162"
2019-06-28 10:59:00.000000000,LAST_TRADE,"7,$100687.0000"
2019-06-28 10:59:00.000000000,QUERY_SPREAD,88
2019-06-28 10:59:00.000000000,BEST_BID,"JPM,100370,226"
2019-06-28 10:59:00.000000000,BEST_ASK,"JPM,100687,154"
2019-06-28 10:59:00.000000000,LAST_TRADE,"8,$100687.0000"
2019-06-28 10:59:00.000000000,QUERY_SPREAD,89
2019-06-28 10:59:00.000000000,BEST_BID,"JPM,100370,226"
2019-06-28 10:59:00.000000000,BEST_ASK,"JPM,100687,149"
2019-06-28 10:59:00.000000000,LAST_TRADE,"5,$100687.0000"
2019-06-28 10:59:00.000000000,QUERY_SPREAD,90
2019-06-28 10:59:00.000000000,BEST_BID,"JPM,100370,226"
2019-06-28 10:59:00.000000000,BEST_ASK,"JPM,100687,145"
2019-06-28 10:59:00.000000000,LAST_TRADE,"4,$100687.0000"
2019-06-28 10:59:00.000000000,QUERY_SPREAD,91
2019-06-28 10:59:00.000000000,BEST_BID,"JPM,100370,226"
2019-06-28 10:59:00.000000000,BEST_ASK,"JPM,100687,142"
2019-06-28 10:59:00.000000000,LAST_TRADE,"3,$100687.0000"
2019-06-28 10:59:00.000000000,QUERY_SPREAD,92
2019-06-28 10:59:00.000000000,BEST_BID,"JPM,100370,226"
2019-06-28 10:59:00.000000000,BEST_ASK,"JPM,100687,137"
2019-06-28 10:59:00.000000000,LAST_TRADE,"5,$100687.0000"
2019-06-28 10:59:00.000000000,QUERY_SPREAD,93
2019-06-28 10:59:00.000000000,BEST_BID,"JPM,100370,226"
2019-06-28 10:59:00.000000000,BEST_ASK,"JPM,100687,130"
2019-06-28 10:59:00.000000000,LAST_TRADE,"7,$100687.0000"
2019-06-28 10:59:00.000000000,QUERY_SPREAD,94
2019-06-28 10:59:00.000000000,BEST_BID,"JPM,100370,226"
2019-06-28 10:59:00.000000000,BEST_ASK,"JPM,100687,129"
2019-06-28 10:59:00.000000000,LAST_TRADE,"1,$100687.0000"
2019-06-28 10:59:00.000000000,QUERY_SPREAD,95
2019-06-28 10:59:00.000000000,BEST_BID,"JPM,100370,226"
2019-06-28 10:59:00.000000000,BEST_ASK,"JPM,100687,128"
2019-06-28 10:59:00.000000000,LAST_TRADE,"1,$100687.0000"
2019-06-28 10:59:00.000000000,QUERY_SPREAD,96
2019-06-28 10:59:00.000000000,BEST_BID,"JPM,100370,226"
2019-06-28 10:59:00.000000000,BEST_ASK,"JPM,100687,124"
2019-06-28 10:59:00.000000000,LAST_TRADE,"4,$100687.0000"
2019-06-28 10:59:00.000000000,QUERY_SPREAD,97
2019-06-28 10:59:00.000000000,BEST_BID,"JPM,100370,226"
2019-06-28 10:59:00.000000000,BEST_ASK,"JPM,100687,121"
2019-06-28 10:59:00.000000000,LAST_TRADE,"3,$100687.0000"
2019-06-28 10:59:00.000000000,QUERY_SPREAD,98
2019-06-28 10:59:00.000000000,BEST_BID,"JPM,100370,226"
2019-06-28 10:59:00.000000000,BEST_ASK,"JPM,100687,116"
2019-06-28 10:59:00.000000000,LAST_TRADE,"5,$100687.0000"
2019-06-28 10:59:00.000000000,QUERY_SPREAD,99
2019-06-28 10:59:00.000000000,BEST_BID,"JPM,100370,226"
2019-06-28 10:59:00.000000000,BEST_ASK,"JPM,100687,112"
2019-06-28 10:59:00.000000000,LAST_TRADE,"4,$100687.0000"
2019-06-28 10:59:00.000000000,QUERY_SPREAD,100
2019-06-28 10:59:00.000000000,BEST_BID,"JPM,100370,226"
2019-06-28 10:59:00.000000000,BEST_ASK,"JPM,100687,107"
2019-06-28 10:59:00.000000000,LAST_TRADE,"5,$100687.0000"
2019-06-28 10:59:00.000000000,QUERY_SPREAD,101
2019-06-28 10:59:02.107259448,QUERY_SPREAD,9
2019-06-28 10:59:02.107259448,BEST_BID,"JPM,100370,226"
2019-06-28 10:59:02.107259448,BEST_ASK,"JPM,100687,107"
2019-06-28 10:59:02.318565209,QUERY_SPREAD,4
2019-06-28 10:59:02.318565209,BEST_BID,"JPM,100370,126"
2019-06-28 10:59:02.318565209,BEST_ASK,"JPM,100687,107"
2019-06-28 10:59:10.000000000,QUERY_SPREAD,1
2019-06-28 10:59:10.000000000,BEST_BID,"JPM,100364,226"
2019-06-28 10:59:10.000000000,BEST_ASK,"JPM,100913,100"
2019-06-28 10:59:10.000000000,BEST_BID,"JPM,100364,226"
2019-06-28 10:59:10.000000000,BEST_ASK,"JPM,100913,100"
2019-06-28 10:59:10.000000000,BEST_BID,"JPM,100364,226"
2019-06-28 10:59:10.000000000,BEST_ASK,"JPM,100913,100"
2019-06-28 10:59:10.000000000,BEST_BID,"JPM,100364,226"
2019-06-28 10:59:10.000000000,BEST_ASK,"JPM,100913,226"
2019-06-28 10:59:10.000000000,BEST_BID,"JPM,100364,226"
2019-06-28 10:59:10.000000000,BEST_ASK,"JPM,100913,226"
2019-06-28 10:59:10.000000000,BEST_BID,"JPM,100364,226"
2019-06-28 10:59:10.000000000,BEST_ASK,"JPM,100913,226"
2019-06-28 10:59:20.000000000,QUERY_SPREAD,1
2019-06-28 10:59:20.000000000,BEST_BID,"JPM,100364,471"
2019-06-28 10:59:20.000000000,BEST_ASK,"JPM,100913,100"
2019-06-28 10:59:20.000000000,BEST_BID,"JPM,100364,471"
2019-06-28 10:59:20.000000000,BEST_ASK,"JPM,100913,471"
2019-06-28 10:59:25.745081795,QUERY_SPREAD,2
2019-06-28 10:59:25.745081795,BEST_BID,"JPM,100526,100"
2019-06-28 10:59:25.745081795,BEST_ASK,"JPM,100913,471"
2019-06-28 10:59:30.000000000,QUERY_SPREAD,1
2019-06-28 10:59:30.000000000,BEST_BID,"JPM,100526,286"
2019-06-28 10:59:30.000000000,BEST_ASK,"JPM,100913,100"
2019-06-28 10:59:30.000000000,BEST_BID,"JPM,100526,286"
2019-06-28 10:59:30.000000000,BEST_ASK,"JPM,100913,100"
2019-06-28 10:59:30.000000000,BEST_BID,"JPM,100526,286"
2019-06-28 10:59:30.000000000,BEST_ASK,"JPM,100913,286"
2019-06-28 10:59:30.000000000,BEST_BID,"JPM,100526,286"
2019-06-28 10:59:30.000000000,BEST_ASK,"JPM,100913,286"
2019-06-28 10:59:40.000000000,QUERY_SPREAD,1
2019-06-28 10:59:40.000000000,BEST_BID,"JPM,100526,193"
2019-06-28 10:59:40.000000000,BEST_ASK,"JPM,100913,100"
2019-06-28 10:59:40.000000000,BEST_BID,"JPM,100526,193"
2019-06-28 10:59:40.000000000,BEST_ASK,"JPM,100913,100"
2019-06-28 10:59:40.000000000,BEST_BID,"JPM,100526,193"
2019-06-28 10:59:40.000000000,BEST_ASK,"JPM,100913,100"
2019-06-28 10:59:40.000000000,BEST_BID,"JPM,100526,193"
2019-06-28 10:59:40.000000000,BEST_ASK,"JPM,100913,100"
2019-06-28 10:59:40.000000000,BEST_BID,"JPM,100526,193"
2019-06-28 10:59:40.000000000,BEST_ASK,"JPM,100913,193"
2019-06-28 10:59:40.000000000,BEST_BID,"JPM,100526,193"
2019-06-28 10:59:40.000000000,BEST_ASK,"JPM,100913,193"
2019-06-28 10:59:40.000000000,BEST_BID,"JPM,100526,193"
2019-06-28 10:59:40.000000000,BEST_ASK,"JPM,100913,193"
2019-06-28 10:59:50.000000000,QUERY_SPREAD,1
2019-06-28 10:59:50.000000000,BEST_BID,"JPM,100526,174"
2019-06-28 10:59:50.000000000,BEST_ASK,"JPM,100913,100"
2019-06-28 10:59:50.000000000,BEST_BID,"JPM,100526,174"
2019-06-28 10:59:50.000000000,BEST_ASK,"JPM,100913,100"
2019-06-28 10:59:50.000000000,BEST_BID,"JPM,100526,174"
2019-06-28 10:59:50.000000000,BEST_ASK,"JPM,100913,100"
2019-06-28 10:59:50.000000000,BEST_BID,"JPM,100526,174"
2019-06-28 10:59:50.000000000,BEST_ASK,"JPM,100913,100"
2019-06-28 10:59:50.000000000,BEST_BID,"JPM,100526,174"
2019-06-28 10:59:50.000000000,BEST_ASK,"JPM,100913,100"
2019-06-28 10:59:50.000000000,BEST_BID,"JPM,100526,174"
2019-06-28 10:59:50.000000000,BEST_ASK,"JPM,100913,174"
2019-06-28 10:59:50.000000000,BEST_BID,"JPM,100526,174"
2019-06-28 10:59:50.000000000,BEST_ASK,"JPM,100913,174"
2019-06-28 10:59:50.000000000,BEST_BID,"JPM,100526,174"
2019-06-28 10:59:50.000000000,BEST_ASK,"JPM,100913,174"
2019-06-28 10:59:57.767410634,QUERY_ORDER_STREAM,62
2019-06-28 10:59:57.767410634,QUERY_SPREAD,62
2019-06-28 10:59:57.767410634,BEST_BID,"JPM,100526,174"
2019-06-28 10:59:57.767410634,BEST_ASK,"JPM,100687,100"
2019-06-28 11:00:00.000000000,QUERY_SPREAD,1
2019-06-28 11:00:00.000000000,BEST_BID,"JPM,100526,286"
2019-06-28 11:00:00.000000000,BEST_ASK,"JPM,100687,100"
2019-06-28 11:00:00.000000000,BEST_BID,"JPM,100526,286"
2019-06-28 11:00:00.000000000,BEST_ASK,"JPM,100687,100"
2019-06-28 11:00:00.000000000,BEST_BID,"JPM,100526,286"
2019-06-28 11:00:00.000000000,BEST_ASK,"JPM,100687,286"
2019-06-28 11:00:00.000000000,BEST_BID,"JPM,100526,286"
2019-06-28 11:00:00.000000000,BEST_ASK,"JPM,100687,286"
2019-06-28 11:00:00.000000000,QUERY_SPREAD,77
2019-06-28 11:00:00.000000000,BEST_BID,"JPM,100526,286"
2019-06-28 11:00:00.000000000,BEST_ASK,"JPM,100687,281"
2019-06-28 11:00:00.000000000,LAST_TRADE,"5,$100687.0000"
2019-06-28 11:00:00.000000000,QUERY_SPREAD,78
2019-06-28 11:00:00.000000000,BEST_BID,"JPM,100526,286"
2019-06-28 11:00:00.000000000,BEST_ASK,"JPM,100687,273"
2019-06-28 11:00:00.000000000,LAST_TRADE,"8,$100687.0000"
2019-06-28 11:00:00.000000000,QUERY_SPREAD,79
2019-06-28 11:00:00.000000000,BEST_BID,"JPM,100526,286"
2019-06-28 11:00:00.000000000,BEST_ASK,"JPM,100687,268"
2019-06-28 11:00:00.000000000,LAST_TRADE,"5,$100687.0000"
2019-06-28 11:00:00.000000000,QUERY_SPREAD,80
2019-06-28 11:00:00.000000000,BEST_BID,"JPM,100526,286"
2019-06-28 11:00:00.000000000,BEST_ASK,"JPM,100687,260"
2019-06-28 11:00:00.000000000,LAST_TRADE,"8,$100687.0000"
2019-06-28 11:00:00.000000000,QUERY_SPREAD,81
2019-06-28 11:00:00.000000000,BEST_BID,"JPM,100526,286"
2019-06-28 11:00:00.000000000,BEST_ASK,"JPM,100687,251"
2019-06-28 11:00:00.000000000,LAST_TRADE,"9,$100687.0000"
2019-06-28 11:00:00.000000000,QUERY_SPREAD,82
2019-06-28 11:00:00.000000000,BEST_BID,"JPM,100526,286"
2019-06-28 11:00:00.000000000,BEST_ASK,"JPM,100687,248"
2019-06-28 11:00:00.000000000,LAST_TRADE,"3,$100687.0000"
2019-06-28 11:00:00.000000000,QUERY_SPREAD,83
2019-06-28 11:00:00.000000000,BEST_BID,"JPM,100526,286"
2019-06-28 11:00:00.000000000,BEST_ASK,"JPM,100687,240"
2019-06-28 11:00:00.000000000,LAST_TRADE,"8,$100687.0000"
2019-06-28 11:00:00.000000000,QUERY_SPREAD,84
2019-06-28 11:00:00.000000000,BEST_BID,"JPM,100526,286"
2019-06-28 11:00:00.000000000,BEST_ASK,"JPM,100687,236"
2019-06-28 11:00:00.000000000,LAST_TRADE,"4,$100687.0000"
2019-06-28 11:00:00.000000000,QUERY_SPREAD,85
2019-06-28 11:00:00.000000000,BEST_BID,"JPM,100526,286"
2019-06-28 11:00:00.000000000,BEST_ASK,"JPM,100687,231"
2019-06-28 11:00:00.000000000,LAST_TRADE,"5,$100687.0000"
2019-06-28 11:00:00.000000000,QUERY_SPREAD,86
2019-06-28 11:00:00.000000000,BEST_BID,"JPM,100526,286"
2019-06-28 11:00:00.000000000,BEST_ASK,"JPM,100687,229"
2019-06-28 11:00:00.000000000,LAST_TRADE,"2,$100687.0000"
2019-06-28 11:00:00.000000000,QUERY_SPREAD,87
2019-06-28 11:00:00.000000000,BEST_BID,"JPM,100526,286"
2019-06-28 11:00:00.000000000,BEST_ASK,"JPM,100687,222"
2019-06-28 11:00:00.000000000,LAST_TRADE,"7,$100687.0000"
2019-06-28 11:00:00.000000000,QUERY_SPREAD,88
2019-06-28 11:00:00.000000000,BEST_BID,"JPM,100526,286"
2019-06-28 11:00:00.000000000,BEST_ASK,"JPM,100687,214"
2019-06-28 11:00:00.000000000,LAST_TRADE,"8,$100687.0000"
2019-06-28 11:00:00.000000000,QUERY_SPREAD,89
2019-06-28 11:00:00.000000000,BEST_BID,"JPM,100526,286"
2019-06-28 11:00:00.000000000,BEST_ASK,"JPM,100687,209"
2019-06-28 11:00:00.000000000,LAST_TRADE,"5,$100687.0000"
2019-06-28 11:00:00.000000000,QUERY_SPREAD,90
2019-06-28 11:00:00.000000000,BEST_BID,"JPM,100526,286"
2019-06-28 11:00:00.000000000,BEST_ASK,"JPM,100687,205"
2019-06-28 11:00:00.000000000,LAST_TRADE,"4,$100687.0000"
2019-06-28 11:00:00.000000000,QUERY_SPREAD,91
2019-06-28 11:00:00.000000000,BEST_BID,"JPM,100526,286"
2019-06-28 11:00:00.000000000,BEST_ASK,"JPM,100687,202"
2019-06-28 11:00:00.000000000,LAST_TRADE,"3,$100687.0000"
2019-06-28 11:00:00.000000000,QUERY_SPREAD,92
2019-06-28 11:00:00.000000000,BEST_BID,"JPM,100526,286"
2019-06-28 11:00:00.000000000,BEST_ASK,"JPM,100687,197"
2019-06-28 11:00:00.000000000,LAST_TRADE,"5,$100687.0000"
2019-06-28 11:00:00.000000000,QUERY_SPREAD,93
2019-06-28 11:00:00.000000000,BEST_BID,"JPM,100526,286"
2019-06-28 11:00:00.000000000,BEST_ASK,"JPM,100687,190"
2019-06-28 11:00:00.000000000,LAST_TRADE,"7,$100687.0000"
2019-06-28 11:00:00.000000000,QUERY_SPREAD,94
2019-06-28 11:00:00.000000000,BEST_BID,"JPM,100526,286"
2019-06-28 11:00:00.000000000,BEST_ASK,"JPM,100687,189"
2019-06-28 11:00:00.000000000,LAST_TRADE,"1,$100687.0000"
2019-06-28 11:00:00.000000000,QUERY_SPREAD,95
2019-06-28 11:00:00.000000000,BEST_BID,"JPM,100526,286"
2019-06-28 11:00:00.000000000,BEST_ASK,"JPM,100687,188"
2019-06-28 11:00:00.000000000,LAST_TRADE,"1,$100687.0000"
2019-06-28 11:00:00.000000000,QUERY_SPREAD,96
2019-06-28 11:00:00.000000000,BEST_BID,"JPM,100526,286"
2019-06-28 11:00:00.000000000,BEST_ASK,"JPM,100687,184"
2019-06-28 11:00:00.000000000,LAST_TRADE,"4,$100687.0000"
2019-06-28 11:00:00.000000000,QUERY_SPREAD,97
2019-06-28 11:00:00.000000000,BEST_BID,"JPM,100526,286"
2019-06-28 11:00:00.000000000,BEST_ASK,"JPM,100687,181"
2019-06-28 11:00:00.000000000,LAST_TRADE,"3,$100687.0000"
2019-06-28 11:00:00.000000000,QUERY_SPREAD,98
2019-06-28 11:00:00.000000000,BEST_BID,"JPM,100526,286"
2019-06-28 11:00:00.000000000,BEST_ASK,"JPM,100687,176"
2019-06-28 11:00:00.000000000,LAST_TRADE,"5,$100687.0000"
2019-06-28 11:00:00.000000000,QUERY_SPREAD,99
2019-06-28 11:00:00.000000000,BEST_BID,"JPM,100526,286"
2019-06-28 11:00:00.000000000,BEST_ASK,"JPM,100687,172"
2019-06-28 11:00:00.000000000,LAST_TRADE,"4,$100687.0000"
2019-06-28 11:00:00.000000000,QUERY_SPREAD,100
2019-06-28 11:00:00.000000000,BEST_BID,"JPM,100526,286"
2019-06-28 11:00:00.000000000,BEST_ASK,"JPM,100687,167"
2019-06-28 11:00:00.000000000,LAST_TRADE,"5,$100687.0000"
2019-06-28 11:00:00.000000000,QUERY_SPREAD,101
2019-06-28 11:00:06.820498348,QUERY_SPREAD,9
2019-06-28 11:00:06.820498348,BEST_BID,"JPM,100526,186"
2019-06-28 11:00:06.820498348,BEST_ASK,"JPM,100687,167"
2019-06-28 11:00:06.820498348,LAST_TRADE,"100,$100526.0000"
2019-06-28 11:00:10.000000000,QUERY_SPREAD,1
2019-06-28 11:00:10.000000000,BEST_BID,"JPM,100364,286"
2019-06-28 11:00:10.000000000,BEST_ASK,"JPM,100913,100"
2019-06-28 11:00:10.000000000,BEST_BID,"JPM,100364,286"
2019-06-28 11:00:10.000000000,BEST_ASK,"JPM,100913,100"
2019-06-28 11:00:10.000000000,BEST_BID,"JPM,100364,286"
2019-06-28 11:00:10.000000000,BEST_ASK,"JPM,100913,286"
2019-06-28 11:00:10.000000000,BEST_BID,"JPM,100364,286"
2019-06-28 11:00:10.000000000,BEST_ASK,"JPM,100913,286"
2019-06-28 11:00:20.000000000,QUERY_SPREAD,1
2019-06-28 11:00:20.000000000,BEST_BID,"JPM,100364,286"
2019-06-28 11:00:20.000000000,BEST_ASK,"JPM,100913,100"
2019-06-28 11:00:20.000000000,BEST_BID,"JPM,100364,286"
2019-06-28 11:00:20.000000000,BEST_ASK,"JPM,100913,100"
2019-06-28 11:00:20.000000000,BEST_BID,"JPM,100364,286"
2019-06-28 11:00:20.000000000,BEST_ASK,"JPM,100913,286"
2019-06-28 11:00:20.000000000,BEST_BID,"JPM,100364,286"
2019-06-28 11:00:20.000000000,BEST_ASK,"JPM,100913,286"
2019-06-28 11:00:20.633958523,QUERY_SPREAD,43
2019-06-28 11:00:20.633958523,BEST_BID,"JPM,100364,286"
2019-06-28 11:00:20.633958523,BEST_ASK,"JPM,100913,286"
2019-06-28 11:00:30.000000000,QUERY_SPREAD,1
2019-06-28 11:00:30.000000000,BEST_BID,"JPM,100364,193"
2019-06-28 11:00:30.000000000,BEST_ASK,"JPM,100913,100"
2019-06-28 11:00:30.000000000,BEST_BID,"JPM,100364,193"
2019-06-28 11:00:30.000000000,BEST_ASK,"JPM,100913,100"
2019-06-28 11:00:30.000000000,BEST_BID,"JPM,100364,193"
2019-06-28 11:00:30.000000000,BEST_ASK,"JPM,100913,100"
2019-06-28 11:00:30.000000000,BEST_BID,"JPM,100364,193"
2019-06-28 11:00:30.000000000,BEST_ASK,"JPM,100913,100"
2019-06-28 11:00:30.000000000,BEST_BID,"JPM,100364,193"
2019-06-28 11:00:30.000000000,BEST_ASK,"JPM,100913,193"
2019-06-28 11:00:30.000000000,BEST_BID,"JPM,100364,193"
2019-06-28 11:00:30.000000000,BEST_ASK,"JPM,100913,193"
2019-06-28 11:00:30.000000000,BEST_BID,"JPM,100364,193"
2019-06-28 11:00:30.000000000,BEST_ASK,"JPM,100913,193"
2019-06-28 11:00:40.000000000,QUERY_SPREAD,1
2019-06-28 11:00:40.000000000,BEST_BID,"JPM,100364,193"
2019-06-28 11:00:40.000000000,BEST_ASK,"JPM,100913,100"
2019-06-28 11:00:40.000000000,BEST_BID,"JPM,100364,193"
2019-06-28 11:00:40.000000000,BEST_ASK,"JPM,100913,100"
2019-06-28 11:00:40.000000000,BEST_BID,"JPM,100364,193"
2019-06-28 11:00:40.000000000,BEST_ASK,"JPM,100913,100"
2019-06-28 11:00:40.000000000,BEST_BID,"JPM,100364,193"
2019-06-28 11:00:40.000000000,BEST_ASK,"JPM,100913,100"
2019-06-28 11:00:40.000000000,BEST_BID,"JPM,100364,193"
2019-06-28 11:00:40.000000000,BEST_ASK,"JPM,100913,193"
2019-06-28 11:00:40.000000000,BEST_BID,"JPM,100364,193"
2019-06-28 11:00:40.000000000,BEST_ASK,"JPM,100913,193"
2019-06-28 11:00:40.000000000,BEST_BID,"JPM,100364,193"
2019-06-28 11:00:40.000000000,BEST_ASK,"JPM,100913,193"
2019-06-28 11:00:50.000000000,QUERY_SPREAD,1
2019-06-28 11:00:50.000000000,BEST_BID,"JPM,100364,193"
2019-06-28 11:00:50.000000000,BEST_ASK,"JPM,100913,100"
2019-06-28 11:00:50.000000000,BEST_BID,"JPM,100364,193"
2019-06-28 11:00:50.000000000,BEST_ASK,"JPM,100913,100"
2019-06-28 11:00:50.000000000,BEST_BID,"JPM,100364,193"
2019-06-28 11:00:50.000000000,BEST_ASK,"JPM,100913,100"
2019-06-28 11:00:50.000000000,BEST_BID,"JPM,100364,193"
2019-06-28 11:00:50.000000000,BEST_ASK,"JPM,100913,100"
2019-06-28 11:00:50.000000000,BEST_BID,"JPM,100364,193"
2019-06-28 11:00:50.000000000,BEST_ASK,"JPM,100913,193"
2019-06-28 11:00:50.000000000,BEST_BID,"JPM,100364,193"
2019-06-28 11:00:50.000000000,BEST_ASK,"JPM,100913,193"
2019-06-28 11:00:50.000000000,BEST_BID,"JPM,100364,193"
2019-06-28 11:00:50.000000000,BEST_ASK,"JPM,100913,193"
2019-06-28 11:00:50.945519038,QUERY_ORDER_STREAM,68
2019-06-28 11:00:50.945519038,QUERY_SPREAD,68
2019-06-28 11:00:50.945519038,BEST_BID,"JPM,100364,193"
2019-06-28 11:00:50.945519038,BEST_ASK,"JPM,100687,100"
2019-06-28 11:00:57.935109006,QUERY_SPREAD,2
2019-06-28 11:00:57.935109006,BEST_BID,"JPM,100364,93"
2019-06-28 11:00:57.935109006,BEST_ASK,"JPM,100687,100"
2019-06-28 11:00:57.935109006,LAST_TRADE,"100,$100364.0000"
2019-06-28 11:01:00.000000000,QUERY_SPREAD,1
2019-06-28 11:01:00.000000000,BEST_BID,"JPM,100339,174"
2019-06-28 11:01:00.000000000,BEST_ASK,"JPM,100687,100"
2019-06-28 11:01:00.000000000,BEST_BID,"JPM,100339,174"
2019-06-28 11:01:00.000000000,BEST_ASK,"JPM,100687,100"
2019-06-28 11:01:00.000000000,BEST_BID,"JPM,100339,174"
2019-06-28 11:01:00.000000000,BEST_ASK,"JPM,100687,100"
2019-06-28 11:01:00.000000000,BEST_BID,"JPM,100339,174"
2019-06-28 11:01:00.000000000,BEST_ASK,"JPM,100687,100"
2019-06-28 11:01:00.000000000,BEST_BID,"JPM,100339,174"
2019-06-28 11:01:00.000000000,BEST_ASK,"JPM,100687,100"
2019-06-28 11:01:00.000000000,BEST_BID,"JPM,100339,174"
2019-06-28 11:01:00.000000000,BEST_ASK,"JPM,100687,174"
2019-06-28 11:01:00.000000000,BEST_BID,"JPM,100339,174"
2019-06-28 11:01:00.000000000,BEST_ASK,"JPM,100687,174"
2019-06-28 11:01:00.000000000,BEST_BID,"JPM,100339,174"
2019-06-28 11:01:00.000000000,BEST_ASK,"JPM,100687,174"
2019-06-28 11:01:00.000000000,BEST_BID,"JPM,100339,174"
2019-06-28 11:01:00.000000000,BEST_ASK,"JPM,100687,174"
2019-06-28 11:01:00.000000000,QUERY_SPREAD,77
2019-06-28 11:01:00.000000000,BEST_BID,"JPM,100339,174"
2019-06-28 11:01:00.000000000,BEST_ASK,"JPM,100687,169"
2019-06-28 11:01:00.000000000,LAST_TRADE,"5,$100687.0000"
2019-06-28 11:01:00.000000000,QUERY_SPREAD,78
2019-06-28 11:01:00.000000000,BEST_BID,"JPM,100339,174"
2019-06-28 11:01:00.000000000,BEST_ASK,"JPM,100687,161"
2019-06-28 11:01:00.000000000,LAST_TRADE,"8,$100687.0000"
2019-06-28 11:01:00.000000000,QUERY_SPREAD,79
2019-06-28 11:01:00.000000000,BEST_BID,"JPM,100339,174"
2019-06-28 11:01:00.000000000,BEST_ASK,"JPM,100687,156"
2019-06-28 11:01:00.000000000,LAST_TRADE,"5,$100687.0000"
2019-06-28 11:01:00.000000000,QUERY_SPREAD,80
2019-06-28 11:01:00.000000000,BEST_BID,"JPM,100339,174"
2019-06-28 11:01:00.000000000,BEST_ASK,"JPM,100687,148"
2019-06-28 11:01:00.000000000,LAST_TRADE,"8,$100687.0000"
2019-06-28 11:01:00.000000000,QUERY_SPREAD,81
2019-06-28 11:01:00.000000000,BEST_BID,"JPM,100339,174"
2019-06-28 11:01:00.000000000,BEST_ASK,"JPM,100687,139"
2019-06-28 11:01:00.000000000,LAST_TRADE,"9,$100687.0000"
2019-06-28 11:01:00.000000000,QUERY_SPREAD,82
2019-06-28 11:01:00.000000000,BEST_BID,"JPM,100339,174"
2019-06-28 11:01:00.000000000,BEST_ASK,"JPM,100687,136"
2019-06-28 11:01:00.000000000,LAST_TRADE,"3,$100687.0000"
2019-06-28 11:01:00.000000000,QUERY_SPREAD,83
2019-06-28 11:01:00.000000000,BEST_BID,"JPM,100339,174"
2019-06-28 11:01:00.000000000,BEST_ASK,"JPM,100687,128"
2019-06-28 11:01:00.000000000,LAST_TRADE,"8,$100687.0000"
2019-06-28 11:01:00.000000000,QUERY_SPREAD,84
2019-06-28 11:01:00.000000000,BEST_BID,"JPM,100339,174"
2019-06-28 11:01:00.000000000,BEST_ASK,"JPM,100687,124"
2019-06-28 11:01:00.000000000,LAST_TRADE,"4,$100687.0000"
2019-06-28 11:01:00.000000000,QUERY_SPREAD,85
2019-06-28 11:01:00.000000000,BEST_BID,"JPM,100339,174"
2019-06-28 11:01:00.000000000,BEST_ASK,"JPM,100687,119"
2019-06-28 11:01:00.000000000,LAST_TRADE,"5,$100687.0000"
2019-06-28 11:01:00.000000000,QUERY_SPREAD,86
2019-06-28 11:01:00.000000000,BEST_BID,"JPM,100339,174"
2019-06-28 11:01:00.000000000,BEST_ASK,"JPM,100687,117"
2019-06-28 11:01:00.000000000,LAST_TRADE,"2,$100687.0000"
2019-06-28 11:01:00.000000000,QUERY_SPREAD,87
2019-06-28 11:01:00.000000000,BEST_BID,"JPM,100339,174"
2019-06-28 11:01:00.000000000,BEST_ASK,"JPM,100687,110"
2019-06-28 11:01:00.000000000,LAST_TRADE,"7,$100687.0000"
2019-06-28 11:01:00.000000000,QUERY_SPREAD,88
2019-06-28 11:01:00.000000000,BEST_BID,"JPM,100339,174"
2019-06-28 11:01:00.000000000,BEST_ASK,"JPM,100687,102"
2019-06-28 11:01:00.000000000,LAST_TRADE,"8,$100687.0000"
2019-06-28 11:01:00.000000000,QUERY_SPREAD,89
2019-06-28 11:01:00.000000000,BEST_BID,"JPM,100339,174"
2019-06-28 11:01:00.000000000,BEST_ASK,"JPM,100687,97"
2019-06-28 11:01:00.000000000,LAST_TRADE,"5,$100687.0000"
2019-06-28 11:01:00.000000000,QUERY_SPREAD,90
2019-06-28 11:01:00.000000000,BEST_BID,"JPM,100339,174"
2019-06-28 11:01:00.000000000,BEST_ASK,"JPM,100687,93"
2019-06-28 11:01:00.000000000,LAST_TRADE,"4,$100687.0000"
2019-06-28 11:01:00.000000000,QUERY_SPREAD,91
2019-06-28 11:01:00.000000000,BEST_BID,"JPM,100339,174"
2019-06-28 11:01:00.000000000,BEST_ASK,"JPM,100687,90"
2019-06-28 11:01:00.000000000,LAST_TRADE,"3,$100687.0000"
2019-06-28 11:01:00.000000000,QUERY_SPREAD,92
2019-06-28 11:01:00.000000000,BEST_BID,"JPM,100339,174"
2019-06-28 11:01:00.000000000,BEST_ASK,"JPM,100687,85"
2019-06-28 11:01:00.000000000,LAST_TRADE,"5,$100687.0000"
2019-06-28 11:01:00.000000000,QUERY_SPREAD,93
2019-06-28 11:01:00.000000000,BEST_BID,"JPM,100339,174"
2019-06-28 11:01:00.000000000,BEST_ASK,"JPM,100687,78"
2019-06-28 11:01:00.000000000,LAST_TRADE,"7,$100687.0000"
2019-06-28 11:01:00.000000000,QUERY_SPREAD,94
2019-06-28 11:01:00.000000000,BEST_BID,"JPM,100339,174"
2019-06-28 11:01:00.000000000,BEST_ASK,"JPM,100687,77"
2019-06-28 11:01:00.000000000,LAST_TRADE,"1,$100687.0000"
2019-06-28 11:01:00.000000000,QUERY_SPREAD,95
2019-06-28 11:01:00.000000000,BEST_BID,"JPM,100339,174"
2019-06-28 11:01:00.000000000,BEST_ASK,"JPM,100687,76"
2019-06-28 11:01:00.000000000,LAST_TRADE,"1,$100687.0000"
2019-06-28 11:01:00.000000000,QUERY_SPREAD,96
2019-06-28 11:01:00.000000000,BEST_BID,"JPM,100339,174"
2019-06-28 11:01:00.000000000,BEST_ASK,"JPM,100687,72"
2019-06-28 11:01:00.000000000,LAST_TRADE,"4,$100687.0000"
2019-06-28 11:01:00.000000000,QUERY_SPREAD,97
2019-06-28 11:01:00.000000000,BEST_BID,"JPM,100339,174"
2019-06-28 11:01:00.000000000,BEST_ASK,"JPM,100687,69"
2019-06-28 11:01:00.000000000,LAST_TRADE,"3,$100687.0000"
2019-06-28 11:01:00.000000000,QUERY_SPREAD,98
2019-06-28 11:01:00.000000000,BEST_BID,"JPM,100339,174"
2019-06-28 11:01:00.000000000,BEST_ASK,"JPM,100687,64"
2019-06-28 11:01:00.000000000,LAST_TRADE,"5,$100687.0000"
2019-06-28 11:01:00.000000000,QUERY_SPREAD,99
2019-06-28 11:01:00.000000000,BEST_BID,"JPM,100339,174"
2019-06-28 11:01:00.000000000,BEST_ASK,"JPM,100687,60"
2019-06-28 11:01:00.000000000,LAST_TRADE,"4,$100687.0000"
2019-06-28 11:01:00.000000000,QUERY_SPREAD,100
2019-06-28 11:01:00.000000000,BEST_BID,"JPM,100339,174"
2019-06-28 11:01:00.000000000,BEST_ASK,"JPM,100687,55"
2019-06-28 11:01:00.000000000,LAST_TRADE,"5,$100687.0000"
2019-06-28 11:01:00.000000000,QUERY_SPREAD,101
2019-06-28 11:01:10.000000000,QUERY_SPREAD,1
2019-06-28 11:01:10.000000000,BEST_BID,"JPM,100339,471"
2019-06-28 11:01:10.000000000,BEST_ASK,"JPM,100913,100"
2019-06-28 11:01:10.000000000,BEST_BID,"JPM,100339,471"
2019-06-28 11:01:10.000000000,BEST_ASK,"JPM,100913,471"
2019-06-28 11:01:11.578566303,QUERY_SPREAD,33
2019-06-28 11:01:11.578566303,BEST_BID,"JPM,100339,371"
2019-06-28 11:01:11.578566303,BEST_ASK,"JPM,100913,471"
2019-06-28 11:01:11.578566303,LAST_TRADE,"100,$100339.0000"
2019-06-28 11:01:20.000000000,QUERY_SPREAD,1
2019-06-28 11:01:20.000000000,BEST_BID,"JPM,100300,471"
2019-06-28 11:01:20.000000000,BEST_ASK,"JPM,100913,100"
2019-06-28 11:01:20.000000000,BEST_BID,"JPM,100300,471"
2019-06-28 11:01:20.000000000,BEST_ASK,"JPM,100913,471"
2019-06-28 11:01:28.798555725,QUERY_ORDER_STREAM,52
2019-06-28 11:01:28.798555725,QUERY_SPREAD,52
2019-06-28 11:01:28.798555725,BEST_BID,"JPM,100300,471"
2019-06-28 11:01:28.798555725,BEST_ASK,"JPM,100687,100"
2019-06-28 11:01:30.000000000,QUERY_SPREAD,1
2019-06-28 11:01:30.000000000,BEST_BID,"JPM,100300,174"
2019-06-28 11:01:30.000000000,BEST_ASK,"JPM,100687,100"
2019-06-28 11:01:30.000000000,BEST_BID,"JPM,100300,174"
2019-06-28 11:01:30.000000000,BEST_ASK,"JPM,100687,100"
2019-06-28 11:01:30.000000000,BEST_BID,"JPM,100300,174"
2019-06-28 11:01:30.000000000,BEST_ASK,"JPM,100687,100"
2019-06-28 11:01:30.000000000,BEST_BID,"JPM,100300,174"
2019-06-28 11:01:30.000000000,BEST_ASK,"JPM,100687,100"
2019-06-28 11:01:30.000000000,BEST_BID,"JPM,100300,174"
2019-06-28 11:01:30.000000000,BEST_ASK,"JPM,100687,100"
2019-06-28 11:01:30.000000000,BEST_BID,"JPM,100300,174"
2019-06-28 11:01:30.000000000,BEST_ASK,"JPM,100687,174"
2019-06-28 11:01:30.000000000,BEST_BID,"JPM,100300,174"
2019-06-28 11:01:30.000000000,BEST_ASK,"JPM,100687,174"
2019-06-28 11:01:30.000000000,BEST_BID,"JPM,100300,174"
2019-06-28 11:01:30.000000000,BEST_ASK,"JPM,100687,174"
2019-06-28 11:01:30.000000000,BEST_BID,"JPM,100300,174"
2019-06-28 11:01:30.000000000,BEST_ASK,"JPM,100687,174"
2019-06-28 11:01:37.717434149,QUERY_ORDER_STREAM,55
2019-06-28 11:01:37.717434149,QUERY_SPREAD,55
2019-06-28 11:01:40.000000000,QUERY_SPREAD,1
2019-06-28 11:01:40.000000000,BEST_BID,"JPM,100300,226"
2019-06-28 11:01:40.000000000,BEST_ASK,"JPM,100687,100"
2019-06-28 11:01:40.000000000,BEST_BID,"JPM,100300,226"
2019-06-28 11:01:40.000000000,BEST_ASK,"JPM,100687,100"
2019-06-28 11:01:40.000000000,BEST_BID,"JPM,100300,226"
2019-06-28 11:01:40.000000000,BEST_ASK,"JPM,100687,100"
2019-06-28 11:01:40.000000000,BEST_BID,"JPM,100300,226"
2019-06-28 11:01:40.000000000,BEST_ASK,"JPM,100687,226"
2019-06-28 11:01:40.000000000,BEST_BID,"JPM,100300,226"
2019-06-28 11:01:40.000000000,BEST_ASK,"JPM,100687,226"
2019-06-28 11:01:40.000000000,BEST_BID,"JPM,100300,226"
2019-06-28 11:01:40.000000000,BEST_ASK,"JPM,100687,226"
2019-06-28 11:01:44.077922733,QUERY_SPREAD,10
2019-06-28 11:01:44.077922733,BEST_BID,"JPM,100300,126"
2019-06-28 11:01:44.077922733,BEST_ASK,"JPM,100687,226"
2019-06-28 11:01:44.077922733,LAST_TRADE,"100,$100300.0000"
2019-06-28 11:01:50.000000000,QUERY_SPREAD,1
2019-06-28 11:01:50.000000000,BEST_BID,"JPM,100229,471"
2019-06-28 11:01:50.000000000,BEST_ASK,"JPM,100687,100"
2019-06-28 11:01:50.000000000,BEST_BID,"JPM,100229,471"
2019-06-28 11:01:50.000000000,BEST_ASK,"JPM,100687,471"
2019-06-28 11:02:00.000000000,QUERY_SPREAD,1
2019-06-28 11:02:00.000000000,BEST_BID,"JPM,100229,471"
2019-06-28 11:02:00.000000000,BEST_ASK,"JPM,100687,100"
2019-06-28 11:02:00.000000000,BEST_BID,"JPM,100229,471"
2019-06-28 11:02:00.000000000,BEST_ASK,"JPM,100687,471"
2019-06-28 11:02:00.000000000,QUERY_SPREAD,77
2019-06-28 11:02:00.000000000,BEST_BID,"JPM,100229,471"
2019-06-28 11:02:00.000000000,BEST_ASK,"JPM,100687,466"
2019-06-28 11:02:00.000000000,LAST_TRADE,"5,$100687.0000"
2019-06-28 11:02:00.000000000,QUERY_SPREAD,78
2019-06-28 11:02:00.000000000,BEST_BID,"JPM,100229,471"
2019-06-28 11:02:00.000000000,BEST_ASK,"JPM,100687,458"
2019-06-28 11:02:00.000000000,LAST_TRADE,"8,$100687.0000"
2019-06-28 11:02:00.000000000,QUERY_SPREAD,79
2019-06-28 11:02:00.000000000,BEST_BID,"JPM,100229,471"
2019-06-28 11:02:00.000000000,BEST_ASK,"JPM,100687,453"
2019-06-28 11:02:00.000000000,LAST_TRADE,"5,$100687.0000"
2019-06-28 11:02:00.000000000,QUERY_SPREAD,80
2019-06-28 11:02:00.000000000,BEST_BID,"JPM,100229,471"
2019-06-28 11:02:00.000000000,BEST_ASK,"JPM,100687,445"
2019-06-28 11:02:00.000000000,LAST_TRADE,"8,$100687.0000"
2019-06-28 11:02:00.000000000,QUERY_SPREAD,81
2019-06-28 11:02:00.000000000,BEST_BID,"JPM,100229,471"
2019-06-28 11:02:00.000000000,BEST_ASK,"JPM,100687,436"
2019-06-28 11:02:00.000000000,LAST_TRADE,"9,$100687.0000"
2019-06-28 11:02:00.000000000,QUERY_SPREAD,82
2019-06-28 11:02:00.000000000,BEST_BID,"JPM,100229,471"
2019-06-28 11:02:00.000000000,BEST_ASK,"JPM,100687,433"
2019-06-28 11:02:00.000000000,LAST_TRADE,"3,$100687.0000"
2019-06-28 11:02:00.000000000,QUERY_SPREAD,83
2019-06-28 11:02:00.000000000,BEST_BID,"JPM,100229,471"
2019-06-28 11:02:00.000000000,BEST_ASK,"JPM,100687,425"
2019-06-28 11:02:00.000000000,LAST_TRADE,"8,$100687.0000"
2019-06-28 11:02:00.000000000,QUERY_SPREAD,84
2019-06-28 11:02:00.000000000,BEST_BID,"JPM,100229,471"
2019-06-28 11:02:00.000000000,BEST_ASK,"JPM,100687,421"
2019-06-28 11:02:00.000000000,LAST_TRADE,"4,$100687.0000"
2019-06-28 11:02:00.000000000,QUERY_SPREAD,85
2019-06-28 11:02:00.000000000,BEST_BID,"JPM,100229,471"
2019-06-28 11:02:00.000000000,BEST_ASK,"JPM,100687,416"
2019-06-28 11:02:00.000000000,LAST_TRADE,"5,$100687.0000"
2019-06-28 11:02:00.000000000,QUERY_SPREAD,86
2019-06-28 11:02:00.000000000,BEST_BID,"JPM,100229,471"
2019-06-28 11:02:00.000000000,BEST_ASK,"JPM,100687,414"
2019-06-28 11:02:00.000000000,LAST_TRADE,"2,$100687.0000"
2019-06-28 11:02:00.000000000,QUERY_SPREAD,87
2019-06-28 11:02:00.000000000,BEST_BID,"JPM,100229,471"
2019-06-28 11:02:00.000000000,BEST_ASK,"JPM,100687,407"
2019-06-28 11:02:00.000000000,LAST_TRADE,"7,$100687.0000"
2019-06-28 11:02:00.000000000,QUERY_SPREAD,88
2019-06-28 11:02:00.000000000,BEST_BID,"JPM,100229,471"
2019-06-28 11:02:00.000000000,BEST_ASK,"JPM,100687,399"
2019-06-28 11:02:00.000000000,LAST_TRADE,"8,$100687.0000"
2019-06-28 11:02:00.000000000,QUERY_SPREAD,89
2019-06-28 11:02:00.000000000,BEST_BID,"JPM,100229,471"
2019-06-28 11:02:00.000000000,BEST_ASK,"JPM,100687,394"
2019-06-28 11:02:00.000000000,LAST_TRADE,"5,$100687.0000"
2019-06-28 11:02:00.000000000,QUERY_SPREAD,90
2019-06-28 11:02:00.000000000,BEST_BID,"JPM,100229,471"
2019-06-28 11:02:00.000000000,BEST_ASK,"JPM,100687,390"
2019-06-28 11:02:00.000000000,LAST_TRADE,"4,$100687.0000"
2019-06-28 11:02:00.000000000,QUERY_SPREAD,91
2019-06-28 11:02:00.000000000,BEST_BID,"JPM,100229,471"
2019-06-28 11:02:00.000000000,BEST_ASK,"JPM,100687,387"
2019-06-28 11:02:00.000000000,LAST_TRADE,"3,$100687.0000"
2019-06-28 11:02:00.000000000,QUERY_SPREAD,92
2019-06-28 11:02:00.000000000,BEST_BID,"JPM,100229,471"
2019-06-28 11:02:00.000000000,BEST_ASK,"JPM,100687,382"
2019-06-28 11:02:00.000000000,LAST_TRADE,"5,$100687.0000"
2019-06-28 11:02:00.000000000,QUERY_SPREAD,93
2019-06-28 11:02:00.000000000,BEST_BID,"JPM,100229,471"
2019-06-28 11:02:00.000000000,BEST_ASK,"JPM,100687,375"
2019-06-28 11:02:00.000000000,LAST_TRADE,"7,$100687.0000"
2019-06-28 11:02:00.000000000,QUERY_SPREAD,94
2019-06-28 11:02:00.000000000,BEST_BID,"JPM,100229,471"
2019-06-28 11:02:00.000000000,BEST_ASK,"JPM,100687,374"
2019-06-28 11:02:00.000000000,LAST_TRADE,"1,$100687.0000"
2019-06-28 11:02:00.000000000,QUERY_SPREAD,95
2019-06-28 11:02:00.000000000,BEST_BID,"JPM,100229,471"
2019-06-28 11:02:00.000000000,BEST_ASK,"JPM,100687,373"
2019-06-28 11:02:00.000000000,LAST_TRADE,"1,$100687.0000"
2019-06-28 11:02:00.000000000,QUERY_SPREAD,96
2019-06-28 11:02:00.000000000,BEST_BID,"JPM,100229,471"
2019-06-28 11:02:00.000000000,BEST_ASK,"JPM,100687,369"
2019-06-28 11:02:00.000000000,LAST_TRADE,"4,$100687.0000"
2019-06-28 11:02:00.000000000,QUERY_SPREAD,97
2019-06-28 11:02:00.000000000,BEST_BID,"JPM,100229,471"
2019-06-28 11:02:00.000000000,BEST_ASK,"JPM,100687,366"
2019-06-28 11:02:00.000000000,LAST_TRADE,"3,$100687.0000"
2019-06-28 11:02:00.000000000,QUERY_SPREAD,98
2019-06-28 11:02:00.000000000,BEST_BID,"JPM,100229,471"
2019-06-28 11:02:00.000000000,BEST_ASK,"JPM,100687,361"
2019-06-28 11:02:00.000000000,LAST_TRADE,"5,$100687.0000"
2019-06-28 11:02:00.000000000,QUERY_SPREAD,99
2019-06-28 11:02:00.000000000,BEST_BID,"JPM,100229,471"
2019-06-28 11:02:00.000000000,BEST_ASK,"JPM,100687,357"
2019-06-28 11:02:00.000000000,LAST_TRADE,"4,$100687.0000"
2019-06-28 11:02:00.000000000,QUERY_SPREAD,100
2019-06-28 11:02:00.000000000,BEST_BID,"JPM,100229,471"
2019-06-28 11:02:00.000000000,BEST_ASK,"JPM,100687,352"
2019-06-28 11:02:00.000000000,LAST_TRADE,"5,$100687.0000"
2019-06-28 11:02:00.000000000,QUERY_SPREAD,101
2019-06-28 11:02:10.000000000,QUERY_SPREAD,1
2019-06-28 11:02:10.000000000,BEST_BID,"JPM,100229,471"
2019-06-28 11:02:10.000000000,BEST_ASK,"JPM,100913,100"
2019-06-28 11:02:10.000000000,BEST_BID,"JPM,100229,471"
2019-06-28 11:02:10.000000000,BEST_ASK,"JPM,100913,471"
2019-06-28 11:02:20.000000000,QUERY_SPREAD,1
2019-06-28 11:02:20.000000000,BEST_BID,"JPM,100229,471"
2019-06-28 11:02:20.000000000,BEST_ASK,"JPM,100913,100"
2019-06-28 11:02:20.000000000,BEST_BID,"JPM,100229,471"
2019-06-28 11:02:20.000000000,BEST_ASK,"JPM,100913,471"
2019-06-28 11:02:30.000000000,QUERY_SPREAD,1
2019-06-28 11:02:30.000000000,BEST_BID,"JPM,100229,174"
2019-06-28 11:02:30.000000000,BEST_ASK,"JPM,100913,100"
2019-06-28 11:02:30.000000000,BEST_BID,"JPM,100229,174"
2019-06-28 11:02:30.000000000,BEST_ASK,"JPM,100913,100"
2019-06-28 11:02:30.000000000,BEST_BID,"JPM,100229,174"
2019-06-28 11:02:30.000000000,BEST_ASK,"JPM,100913,100"
2019-06-28 11:02:30.000000000,BEST_BID,"JPM,100229,174"
2019-06-28 11:02:30.000000000,BEST_ASK,"JPM,100913,100"
2019-06-28 11:02:30.000000000,BEST_BID,"JPM,100229,174"
2019-06-28 11:02:30.000000000,BEST_ASK,"JPM,100913,100"
2019-06-28 11:02:30.000000000,BEST_BID,"JPM,100229,174"
2019-06-28 11:02:30.000000000,BEST_ASK,"JPM,100913,174"
2019-06-28 11:02:30.000000000,BEST_BID,"JPM,100229,174"
2019-06-28 11:02:30.000000000,BEST_ASK,"JPM,100913,174"
2019-06-28 11:02:30.000000000,BEST_BID,"JPM,100229,174"
2019-06-28 11:02:30.000000000,BEST_ASK,"JPM,100913,174"
2019-06-28 11:02:37.015132282,QUERY_ORDER_STREAM,62
2019-06-28 11:02:37.015132282,QUERY_SPREAD,62
2019-06-28 11:02:39.566203677,QUERY_SPREAD,46
2019-06-28 11:02:39.566203677,BEST_BID,"JPM,100229,174"
2019-06-28 11:02:39.566203677,BEST_ASK,"JPM,100913,174"
2019-06-28 11:02:40.000000000,QUERY_SPREAD,1
2019-06-28 11:02:40.000000000,BEST_BID,"JPM,100229,286"
2019-06-28 11:02:40.000000000,BEST_ASK,"JPM,100913,100"
2019-06-28 11:02:40.000000000,BEST_BID,"JPM,100229,286"
2019-06-28 11:02:40.000000000,BEST_ASK,"JPM,100913,100"
2019-06-28 11:02:40.000000000,BEST_BID,"JPM,100229,286"
2019-06-28 11:02:40.000000000,BEST_ASK,"JPM,100913,286"
2019-06-28 11:02:40.000000000,BEST_BID,"JPM,100229,286"
2019-06-28 11:02:40.000000000,BEST_ASK,"JPM,100913,286"
2019-06-28 11:02:42.072895402,QUERY_ORDER_STREAM,57
2019-06-28 11:02:42.072895402,QUERY_SPREAD,57
2019-06-28 11:02:49.740347334,QUERY_ORDER_STREAM,65
2019-06-28 11:02:49.740347334,QUERY_SPREAD,65
2019-06-28 11:02:49.740347334,BEST_BID,"JPM,100229,286"
2019-06-28 11:02:49.740347334,BEST_ASK,"JPM,100687,100"
2019-06-28 11:02:50.000000000,QUERY_SPREAD,1
2019-06-28 11:02:50.000000000,BEST_BID,"JPM,100229,226"
2019-06-28 11:02:50.000000000,BEST_ASK,"JPM,100687,100"
2019-06-28 11:02:50.000000000,BEST_BID,"JPM,100229,226"
2019-06-28 11:02:50.000000000,BEST_ASK,"JPM,100687,100"
2019-06-28 11:02:50.000000000,BEST_BID,"JPM,100229,226"
2019-06-28 11:02:50.000000000,BEST_ASK,"JPM,100687,100"
2019-06-28 11:02:50.000000000,BEST_BID,"JPM,100229,226"
2019-06-28 11:02:50.000000000,BEST_ASK,"JPM,100687,226"
2019-06-28 11:02:50.000000000,BEST_BID,"JPM,100229,226"
2019-06-28 11:02:50.000000000,BEST_ASK,"JPM,100687,226"
2019-06-28 11:02:50.000000000,BEST_BID,"JPM,100229,226"
2019-06-28 11:02:50.000000000,BEST_ASK,"JPM,100687,226"
2019-06-28 11:03:00.000000000,QUERY_SPREAD,1
2019-06-28 11:03:00.000000000,BEST_BID,"JPM,100229,286"
2019-06-28 11:03:00.000000000,BEST_ASK,"JPM,100687,100"
2019-06-28 11:03:00.000000000,BEST_BID,"JPM,100229,286"
2019-06-28 11:03:00.000000000,BEST_ASK,"JPM,100687,100"
2019-06-28 11:03:00.000000000,BEST_BID,"JPM,100229,286"
2019-06-28 11:03:00.000000000,BEST_ASK,"JPM,100687,286"
2019-06-28 11:03:00.000000000,BEST_BID,"JPM,100229,286"
2019-06-28 11:03:00.000000000,BEST_ASK,"JPM,100687,286"
2019-06-28 11:03:00.000000000,QUERY_SPREAD,77
2019-06-28 11:03:00.000000000,BEST_BID,"JPM,100229,286"
2019-06-28 11:03:00.000000000,BEST_ASK,"JPM,100687,281"
2019-06-28 11:03:00.000000000,LAST_TRADE,"5,$100687.0000"
2019-06-28 11:03:00.000000000,QUERY_SPREAD,78
2019-06-28 11:03:00.000000000,BEST_BID,"JPM,100229,286"
2019-06-28 11:03:00.000000000,BEST_ASK,"JPM,100687,273"
2019-06-28 11:03:00.000000000,LAST_TRADE,"8,$100687.0000"
2019-06-28 11:03:00.000000000,QUERY_SPREAD,79
2019-06-28 11:03:00.000000000,BEST_BID,"JPM,100229,286"
2019-06-28 11:03:00.000000000,BEST_ASK,"JPM,100687,268"
2019-06-28 11:03:00.000000000,LAST_TRADE,"5,$100687.0000"
2019-06-28 11:03:00.000000000,QUERY_SPREAD,80
2019-06-28 11:03:00.000000000,BEST_BID,"JPM,100229,286"
2019-06-28 11:03:00.000000000,BEST_ASK,"JPM,100687,260"
2019-06-28 11:03:00.000000000,LAST_TRADE,"8,$100687.0000"
2019-06-28 11:03:00.000000000,QUERY_SPREAD,81
2019-06-28 11:03:00.000000000,BEST_BID,"JPM,100229,286"
2019-06-28 11:03:00.000000000,BEST_ASK,"JPM,100687,251"
2019-06-28 11:03:00.000000000,LAST_TRADE,"9,$100687.0000"
2019-06-28 11:03:00.000000000,QUERY_SPREAD,82
2019-06-28 11:03:00.000000000,BEST_BID,"JPM,100229,286"
2019-06-28 11:03:00.000000000,BEST_ASK,"JPM,100687,248"
2019-06-28 11:03:00.000000000,LAST_TRADE,"3,$100687.0000"
2019-06-28 11:03:00.000000000,QUERY_SPREAD,83
2019-06-28 11:03:00.000000000,BEST_BID,"JPM,100229,286"
2019-06-28 11:03:00.000000000,BEST_ASK,"JPM,100687,240"
2019-06-28 11:03:00.000000000,LAST_TRADE,"8,$100687.0000"
2019-06-28 11:03:00.000000000,QUERY_SPREAD,84
2019-06-28 11:03:00.000000000,BEST_BID,"JPM,100229,286"
2019-06-28 11:03:00.000000000,BEST_ASK,"JPM,100687,236"
2019-06-28 11:03:00.000000000,LAST_TRADE,"4,$100687.0000"
2019-06-28 11:03:00.000000000,QUERY_SPREAD,85
2019-06-28 11:03:00.000000000,BEST_BID,"JPM,100229,286"
2019-06-28 11:03:00.000000000,BEST_ASK,"JPM,100687,231"
2019-06-28 11:03:00.000000000,LAST_TRADE,"5,$100687.0000"
2019-06-28 11:03:00.000000000,QUERY_SPREAD,86
2019-06-28 11:03:00.000000000,BEST_BID,"JPM,100229,286"
2019-06-28 11:03:00.000000000,BEST_ASK,"JPM,100687,229"
2019-06-28 11:03:00.000000000,LAST_TRADE,"2,$100687.0000"
2019-06-28 11:03:00.000000000,QUERY_SPREAD,87
2019-06-28 11:03:00.000000000,BEST_BID,"JPM,100229,286"
2019-06-28 11:03:00.000000000,BEST_ASK,"JPM,100687,222"
2019-06-28 11:03:00.000000000,LAST_TRADE,"7,$100687.0000"
2019-06-28 11:03:00.000000000,QUERY_SPREAD,88
2019-06-28 11:03:00.000000000,BEST_BID,"JPM,100229,286"
2019-06-28 11:03:00.000000000,BEST_ASK,"JPM,100687,214"
2019-06-28 11:03:00.000000000,LAST_TRADE,"8,$100687.0000"
2019-06-28 11:03:00.000000000,QUERY_SPREAD,89
2019-06-28 11:03:00.000000000,BEST_BID,"JPM,100229,286"
2019-06-28 11:03:00.000000000,BEST_ASK,"JPM,100687,209"
2019-06-28 11:03:00.000000000,LAST_TRADE,"5,$100687.0000"
2019-06-28 11:03:00.000000000,QUERY_SPREAD,90
2019-06-28 11:03:00.000000000,BEST_BID,"JPM,100229,286"
2019-06-28 11:03:00.000000000,BEST_ASK,"JPM,100687,205"
2019-06-28 11:03:00.000000000,LAST_TRADE,"4,$100687.0000"
2019-06-28 11:03:00.000000000,QUERY_SPREAD,91
2019-06-28 11:03:00.000000000,BEST_BID,"JPM,100229,286"
2019-06-28 11:03:00.000000000,BEST_ASK,"JPM,100687,202"
2019-06-28 11:03:00.000000000,LAST_TRADE,"3,$100687.0000"
2019-06-28 11:03:00.000000000,QUERY_SPREAD,92
2019-06-28 11:03:00.000000000,BEST_BID,"JPM,100229,286"
2019-06-28 11:03:00.000000000,BEST_ASK,"JPM,100687,197"
2019-06-28 11:03:00.000000000,LAST_TRADE,"5,$100687.0000"
2019-06-28 11:03:00.000000000,QUERY_SPREAD,93
2019-06-28 11:03:00.000000000,BEST_BID,"JPM,100229,286"
2019-06-28 11:03:00.000000000,BEST_ASK,"JPM,100687,190"
2019-06-28 11:03:00.000000000,LAST_TRADE,"7,$100687.0000"
2019-06-28 11:03:00.000000000,QUERY_SPREAD,94
2019-06-28 11:03:00.000000000,BEST_BID,"JPM,100229,286"
2019-06-28 11:03:00.000000000,BEST_ASK,"JPM,100687,189"
2019-06-28 11:03:00.000000000,LAST_TRADE,"1,$100687.0000"
2019-06-28 11:03:00.000000000,QUERY_SPREAD,95
2019-06-28 11:03:00.000000000,BEST_BID,"JPM,100229,286"
2019-06-28 11:03:00.000000000,BEST_ASK,"JPM,100687,188"
2019-06-28 11:03:00.000000000,LAST_TRADE,"1,$100687.0000"
2019-06-28 11:03:00.000000000,QUERY_SPREAD,96
2019-06-28 11:03:00.000000000,BEST_BID,"JPM,100229,286"
2019-06-28 11:03:00.000000000,BEST_ASK,"JPM,100687,184"
2019-06-28 11:03:00.000000000,LAST_TRADE,"4,$100687.0000"
2019-06-28 11:03:00.000000000,QUERY_SPREAD,97
2019-06-28 11:03:00.000000000,BEST_BID,"JPM,100229,286"
2019-06-28 11:03:00.000000000,BEST_ASK,"JPM,100687,181"
2019-06-28 11:03:00.000000000,LAST_TRADE,"3,$100687.0000"
2019-06-28 11:03:00.000000000,QUERY_SPREAD,98
2019-06-28 11:03:00.000000000,BEST_BID,"JPM,100229,286"
2019-06-28 11:03:00.000000000,BEST_ASK,"JPM,100687,176"
2019-06-28 11:03:00.000000000,LAST_TRADE,"5,$100687.0000"
2019-06-28 11:03:00.000000000,QUERY_SPREAD,99
2019-06-28 11:03:00.000000000,BEST_BID,"JPM,100229,286"
2019-06-28 11:03:00.000000000,BEST_ASK,"JPM,100687,172"
2019-06-28 11:03:00.000000000,LAST_TRADE,"4,$100687.0000"
2019-06-28 11:03:00.000000000,QUERY_SPREAD,100
2019-06-28 11:03:00.000000000,BEST_BID,"JPM,100229,286"
2019-06-28 11:03:00.000000000,BEST_ASK,"JPM,100687,167"
2019-06-28 11:03:00.000000000,LAST_TRADE,"5,$100687.0000"
2019-06-28 11:03:00.000000000,QUERY_SPREAD,101
2019-06-28 11:03:00.614972755,QUERY_ORDER_STREAM,65
2019-06-28 11:03:00.614972755,QUERY_SPREAD,65
2019-06-28 11:03:10.000000000,QUERY_SPREAD,1
2019-06-28 11:03:10.000000000,BEST_BID,"JPM,100229,193"
2019-06-28 11:03:10.000000000,BEST_ASK,"JPM,100913,100"
2019-06-28 11:03:10.000000000,BEST_BID,"JPM,100229,193"
2019-06-28 11:03:10.000000000,BEST_ASK,"JPM,100913,100"
2019-06-28 11:03:10.000000000,BEST_BID,"JPM,100229,193"
2019-06-28 11:03:10.000000000,BEST_ASK,"JPM,100913,100"
2019-06-28 11:03:10.000000000,BEST_BID,"JPM,100229,193"
2019-06-28 11:03:10.000000000,BEST_ASK,"JPM,100913,100"
2019-06-28 11:03:10.000000000,BEST_BID,"JPM,100229,193"
2019-06-28 11:03:10.000000000,BEST_ASK,"JPM,100913,193"
2019-06-28 11:03:10.000000000,BEST_BID,"JPM,100229,193"
2019-06-28 11:03:10.000000000,BEST_ASK,"JPM,100913,193"
2019-06-28 11:03:10.000000000,BEST_BID,"JPM,100229,193"
2019-06-28 11:03:10.000000000,BEST_ASK,"JPM,100913,193"
2019-06-28 11:03:10.849373772,QUERY_ORDER_STREAM,55
2019-06-28 11:03:10.849373772,QUERY_SPREAD,55
2019-06-28 11:03:10.849373772,BEST_BID,"JPM,100229,193"
2019-06-28 11:03:10.849373772,BEST_ASK,"JPM,100687,100"
2019-06-28 11:03:20.000000000,QUERY_SPREAD,1
2019-06-28 11:03:20.000000000,BEST_BID,"JPM,100229,471"
2019-06-28 11:03:20.000000000,BEST_ASK,"JPM,100687,100"
2019-06-28 11:03:20.000000000,BEST_BID,"JPM,100229,471"
2019-06-28 11:03:20.000000000,BEST_ASK,"JPM,100687,471"
2019-06-28 11:03:23.789123311,QUERY_SPREAD,18
2019-06-28 11:03:23.789123311,BEST_BID,"JPM,100229,371"
2019-06-28 11:03:23.789123311,BEST_ASK,"JPM,100687,471"
2019-06-28 11:03:23.789123311,LAST_TRADE,"100,$100229.0000"
2019-06-28 11:03:30.000000000,QUERY_SPREAD,1
2019-06-28 11:03:30.000000000,BEST_BID,"JPM,100146,193"
2019-06-28 11:03:30.000000000,BEST_ASK,"JPM,100687,100"
2019-06-28 11:03:30.000000000,BEST_BID,"JPM,100146,193"
2019-06-28 11:03:30.000000000,BEST_ASK,"JPM,100687,100"
2019-06-28 11:03:30.000000000,BEST_BID,"JPM,100146,193"
2019-06-28 11:03:30.000000000,BEST_ASK,"JPM,100687,100"
2019-06-28 11:03:30.000000000,BEST_BID,"JPM,100146,193"
2019-06-28 11:03:30.000000000,BEST_ASK,"JPM,100687,100"
2019-06-28 11:03:30.000000000,BEST_BID,"JPM,100146,193"
2019-06-28 11:03:30.000000000,BEST_ASK,"JPM,100687,193"
2019-06-28 11:03:30.000000000,BEST_BID,"JPM,100146,193"
2019-06-28 11:03:30.000000000,BEST_ASK,"JPM,100687,193"
2019-06-28 11:03:30.000000000,BEST_BID,"JPM,100146,193"
2019-06-28 11:03:30.000000000,BEST_ASK,"JPM,100687,193"
2019-06-28 11:03:30.000000000,BEST_BID,"JPM,100146,193"
2019-06-28 11:03:30.000000000,BEST_ASK,"JPM,100687,193"
2019-06-28 11:03:40.000000000,QUERY_SPREAD,1
2019-06-28 11:03:40.000000000,BEST_BID,"JPM,100146,174"
2019-06-28 11:03:40.000000000,BEST_ASK,"JPM,100687,100"
2019-06-28 11:03:40.000000000,BEST_BID,"JPM,100146,174"
2019-06-28 11:03:40.000000000,BEST_ASK,"JPM,100687,100"
2019-06-28 11:03:40.000000000,BEST_BID,"JPM,100146,174"
2019-06-28 11:03:40.000000000,BEST_ASK,"JPM,100687,100"
2019-06-28 11:03:40.000000000,BEST_BID,"JPM,100146,174"
2019-06-28 11:03:40.000000000,BEST_ASK,"JPM,100687,100"
2019-06-28 11:03:40.000000000,BEST_BID,"JPM,100146,174"
2019-06-28 11:03:40.000000000,BEST_ASK,"JPM,100687,100"
2019-06-28 11:03:40.000000000,BEST_BID,"JPM,100146,174"
2019-06-28 11:03:40.000000000,BEST_ASK,"JPM,100687,174"
2019-06-28 11:03:40.000000000,BEST_BID,"JPM,100146,174"
2019-06-28 11:03:40.000000000,BEST_ASK,"JPM,100687,174"
2019-06-28 11:03:40.000000000,BEST_BID,"JPM,100146,174"
2019-06-28 11:03:40.000000000,BEST_ASK,"JPM,100687,174"
2019-06-28 11:03:40.000000000,BEST_BID,"JPM,100146,174"
2019-06-28 11:03:40.000000000,BEST_ASK,"JPM,100687,174"
2019-06-28 11:03:43.462724010,QUERY_ORDER_STREAM,75
2019-06-28 11:03:43.462724010,QUERY_SPREAD,75
2019-06-28 11:03:50.000000000,QUERY_SPREAD,1
2019-06-28 11:03:50.000000000,BEST_BID,"JPM,100146,471"
2019-06-28 11:03:50.000000000,BEST_ASK,"JPM,100687,100"
2019-06-28 11:03:50.000000000,BEST_BID,"JPM,100146,471"
2019-06-28 11:03:50.000000000,BEST_ASK,"JPM,100687,471"
2019-06-28 11:04:00.000000000,QUERY_SPREAD,1
2019-06-28 11:04:00.000000000,BEST_BID,"JPM,100146,193"
2019-06-28 11:04:00.000000000,BEST_ASK,"JPM,100687,100"
2019-06-28 11:04:00.000000000,BEST_BID,"JPM,100146,193"
2019-06-28 11:04:00.000000000,BEST_ASK,"JPM,100687,100"
2019-06-28 11:04:00.000000000,BEST_BID,"JPM,100146,193"
2019-06-28 11:04:00.000000000,BEST_ASK,"JPM,100687,100"
2019-06-28 11:04:00.000000000,BEST_BID,"JPM,100146,193"
2019-06-28 11:04:00.000000000,BEST_ASK,"JPM,100687,100"
2019-06-28 11:04:00.000000000,BEST_BID,"JPM,100146,193"
2019-06-28 11:04:00.000000000,BEST_ASK,"JPM,100687,193"
2019-06-28 11:04:00.000000000,BEST_BID,"JPM,100146,193"
2019-06-28 11:04:00.000000000,BEST_ASK,"JPM,100687,193"
2019-06-28 11:04:00.000000000,BEST_BID,"JPM,100146,193"
2019-06-28 11:04:00.000000000,BEST_ASK,"JPM,100687,193"
2019-06-28 11:04:00.000000000,BEST_BID,"JPM,100146,193"
2019-06-28 11:04:00.000000000,BEST_ASK,"JPM,100687,193"
2019-06-28 11:04:00.000000000,QUERY_SPREAD,77
2019-06-28 11:04:00.000000000,BEST_BID,"JPM,100146,193"
2019-06-28 11:04:00.000000000,BEST_ASK,"JPM,100687,188"
2019-06-28 11:04:00.000000000,LAST_TRADE,"5,$100687.0000"
2019-06-28 11:04:00.000000000,QUERY_SPREAD,78
2019-06-28 11:04:00.000000000,BEST_BID,"JPM,100146,193"
2019-06-28 11:04:00.000000000,BEST_ASK,"JPM,100687,180"
2019-06-28 11:04:00.000000000,LAST_TRADE,"8,$100687.0000"
2019-06-28 11:04:00.000000000,QUERY_SPREAD,79
2019-06-28 11:04:00.000000000,BEST_BID,"JPM,100146,193"
2019-06-28 11:04:00.000000000,BEST_ASK,"JPM,100687,175"
2019-06-28 11:04:00.000000000,LAST_TRADE,"5,$100687.0000"
2019-06-28 11:04:00.000000000,QUERY_SPREAD,80
2019-06-28 11:04:00.000000000,BEST_BID,"JPM,100146,193"
2019-06-28 11:04:00.000000000,BEST_ASK,"JPM,100687,167"
2019-06-28 11:04:00.000000000,LAST_TRADE,"8,$100687.0000"
2019-06-28 11:04:00.000000000,QUERY_SPREAD,81
2019-06-28 11:04:00.000000000,BEST_BID,"JPM,100146,193"
2019-06-28 11:04:00.000000000,BEST_ASK,"JPM,100687,158"
2019-06-28 11:04:00.000000000,LAST_TRADE,"9,$100687.0000"
2019-06-28 11:04:00.000000000,QUERY_SPREAD,82
2019-06-28 11:04:00.000000000,BEST_BID,"JPM,100146,193"
2019-06-28 11:04:00.000000000,BEST_ASK,"JPM,100687,155"
2019-06-28 11:04:00.000000000,LAST_TRADE,"3,$100687.0000"
2019-06-28 11:04:00.000000000,QUERY_SPREAD,83
2019-06-28 11:04:00.000000000,BEST_BID,"JPM,100146,193"
2019-06-28 11:04:00.000000000,BEST_ASK,"JPM,100687,147"
2019-06-28 11:04:00.000000000,LAST_TRADE,"8,$100687.0000"
2019-06-28 11:04:00.000000000,QUERY_SPREAD,84
2019-06-28 11:04:00.000000000,BEST_BID,"JPM,100146,193"
2019-06-28 11:04:00.000000000,BEST_ASK,"JPM,100687,143"
2019-06-28 11:04:00.000000000,LAST_TRADE,"4,$100687.0000"
2019-06-28 11:04:00.000000000,QUERY_SPREAD,85
2019-06-28 11:04:00.000000000,BEST_BID,"JPM,100146,193"
2019-06-28 11:04:00.000000000,BEST_ASK,"JPM,100687,138"
2019-06-28 11:04:00.000000000,LAST_TRADE,"5,$100687.0000"
2019-06-28 11:04:00.000000000,QUERY_SPREAD,86
2019-06-28 11:04:00.000000000,BEST_BID,"JPM,100146,193"
2019-06-28 11:04:00.000000000,BEST_ASK,"JPM,100687,136"
2019-06-28 11:04:00.000000000,LAST_TRADE,"2,$100687.0000"
2019-06-28 11:04:00.000000000,QUERY_SPREAD,87
2019-06-28 11:04:00.000000000,BEST_BID,"JPM,100146,193"
2019-06-28 11:04:00.000000000,BEST_ASK,"JPM,100687,129"
2019-06-28 11:04:00.000000000,LAST_TRADE,"7,$100687.0000"
2019-06-28 11:04:00.000000000,QUERY_SPREAD,88
2019-06-28 11:04:00.000000000,BEST_BID,"JPM,100146,193"
2019-06-28 11:04:00.000000000,BEST_ASK,"JPM,100687,121"
2019-06-28 11:04:00.000000000,LAST_TRADE,"8,$100687.0000"
2019-06-28 11:04:00.000000000,QUERY_SPREAD,89
2019-06-28 11:04:00.000000000,BEST_BID,"JPM,100146,193"
2019-06-28 11:04:00.000000000,BEST_ASK,"JPM,100687,116"
2019-06-28 11:04:00.000000000,LAST_TRADE,"5,$100687.0000"
2019-06-28 11:04:00.000000000,QUERY_SPREAD,90
2019-06-28 11:04:00.000000000,BEST_BID,"JPM,100146,193"
2019-06-28 11:04:00.000000000,BEST_ASK,"JPM,100687,112"
2019-06-28 11:04:00.000000000,LAST_TRADE,"4,$100687.0000"
2019-06-28 11:04:00.000000000,QUERY_SPREAD,91
2019-06-28 11:04:00.000000000,BEST_BID,"JPM,100146,193"
2019-06-28 11:04:00.000000000,BEST_ASK,"JPM,100687,109"
2019-06-28 11:04:00.000000000,LAST_TRADE,"3,$100687.0000"
2019-06-28 11:04:00.000000000,QUERY_SPREAD,92
2019-06-28 11:04:00.000000000,BEST_BID,"JPM,100146,193"
2019-06-28 11:04:00.000000000,BEST_ASK,"JPM,100687,104"
2019-06-28 11:04:00.000000000,LAST_TRADE,"5,$100687.0000"
2019-06-28 11:04:00.000000000,QUERY_SPREAD,93
2019-06-28 11:04:00.000000000,BEST_BID,"JPM,100146,193"
2019-06-28 11:04:00.000000000,BEST_ASK,"JPM,100687,97"
2019-06-28 11:04:00.000000000,LAST_TRADE,"7,$100687.0000"
2019-06-28 11:04:00.000000000,QUERY_SPREAD,94
2019-06-28 11:04:00.000000000,BEST_BID,"JPM,100146,193"
2019-06-28 11:04:00.000000000,BEST_ASK,"JPM,100687,96"
2019-06-28 11:04:00.000000000,LAST_TRADE,"1,$100687.0000"
2019-06-28 11:04:00.000000000,QUERY_SPREAD,95
2019-06-28 11:04:00.000000000,BEST_BID,"JPM,100146,193"
2019-06-28 11:04:00.000000000,BEST_ASK,"JPM,100687,95"
2019-06-28 11:04:00.000000000,LAST_TRADE,"1,$100687.0000"
2019-06-28 11:04:00.000000000,QUERY_SPREAD,96
2019-06-28 11:04:00.000000000,BEST_BID,"JPM,100146,193"
2019-06-28 11:04:00.000000000,BEST_ASK,"JPM,100687,91"
2019-06-28 11:04:00.000000000,LAST_TRADE,"4,$100687.0000"
2019-06-28 11:04:00.000000000,QUERY_SPREAD,97
2019-06-28 11:04:00.000000000,BEST_BID,"JPM,100146,193"
2019-06-28 11:04:00.000000000,BEST_ASK,"JPM,100687,88"
2019-06-28 11:04:00.000000000,LAST_TRADE,"3,$100687.0000"
2019-06-28 11:04:00.000000000,QUERY_SPREAD,98
2019-06-28 11:04:00.000000000,BEST_BID,"JPM,100146,193"
2019-06-28 11:04:00.000000000,BEST_ASK,"JPM,100687,83"
2019-06-28 11:04:00.000000000,LAST_TRADE,"5,$100687.0000"
2019-06-28 11:04:00.000000000,QUERY_SPREAD,99
2019-06-28 11:04:00.000000000,BEST_BID,"JPM,100146,193"
2019-06-28 11:04:00.000000000,BEST_ASK,"JPM,100687,79"
2019-06-28 11:04:00.000000000,LAST_TRADE,"4,$100687.0000"
2019-06-28 11:04:00.000000000,QUERY_SPREAD,100
2019-06-28 11:04:00.000000000,BEST_BID,"JPM,100146,193"
2019-06-28 11:04:00.000000000,BEST_ASK,"JPM,100687,74"
2019-06-28 11:04:00.000000000,LAST_TRADE,"5,$100687.0000"
2019-06-28 11:04:00.000000000,QUERY_SPREAD,101
2019-06-28 11:04:10.000000000,QUERY_SPREAD,1
2019-06-28 11:04:10.000000000,BEST_BID,"JPM,100146,174"
2019-06-28 11:04:10.000000000,BEST_ASK,"JPM,100913,100"
2019-06-28 11:04:10.000000000,BEST_BID,"JPM,100146,174"
2019-06-28 11:04:10.000000000,BEST_ASK,"JPM,100913,100"
2019-06-28 11:04:10.000000000,BEST_BID,"JPM,100146,174"
2019-06-28 11:04:10.000000000,BEST_ASK,"JPM,100913,100"
2019-06-28 11:04:10.000000000,BEST_BID,"JPM,100146,174"
2019-06-28 11:04:10.000000000,BEST_ASK,"JPM,100913,100"
2019-06-28 11:04:10.000000000,BEST_BID,"JPM,100146,174"
2019-06-28 11:04:10.000000000,BEST_ASK,"JPM,100913,100"
2019-06-28 11:04:10.000000000,BEST_BID,"JPM,100146,174"
2019-06-28 11:04:10.000000000,BEST_ASK,"JPM,100913,174"
2019-06-28 11:04:10.000000000,BEST_BID,"JPM,100146,174"
2019-06-28 11:04:10.000000000,BEST_ASK,"JPM,100913,174"
2019-06-28 11:04:10.000000000,BEST_BID,"JPM,100146,174"
2019-06-28 11:04:10.000000000,BEST_ASK,"JPM,100913,174"
2019-06-28 11:04:11.224833519,QUERY_SPREAD,48
2019-06-28 11:04:11.224833519,BEST_BID,"JPM,100516,100"
2019-06-28 11:04:11.224833519,BEST_ASK,"JPM,100913,174"
2019-06-28 11:04:20.000000000,QUERY_SPREAD,1
2019-06-28 11:04:20.000000000,BEST_BID,"JPM,100516,226"
2019-06-28 11:04:20.000000000,BEST_ASK,"JPM,100913,100"
2019-06-28 11:04:20.000000000,BEST_BID,"JPM,100516,226"
2019-06-28 11:04:20.000000000,BEST_ASK,"JPM,100913,100"
2019-06-28 11:04:20.000000000,BEST_BID,"JPM,100516,226"
2019-06-28 11:04:20.000000000,BEST_ASK,"JPM,100913,100"
2019-06-28 11:04:20.000000000,BEST_BID,"JPM,100516,226"
2019-06-28 11:04:20.000000000,BEST_ASK,"JPM,100913,226"
2019-06-28 11:04:20.000000000,BEST_BID,"JPM,100516,226"
2019-06-28 11:04:20.000000000,BEST_ASK,"JPM,100913,226"
2019-06-28 11:04:20.000000000,BEST_BID,"JPM,100516,226"
2019-06-28 11:04:20.000000000,BEST_ASK,"JPM,100913,226"
2019-06-28 11:04:22.653610819,QUERY_SPREAD,20
2019-06-28 11:04:22.653610819,BEST_BID,"JPM,100516,226"
2019-06-28 11:04:22.653610819,BEST_ASK,"JPM,100571,100"
2019-06-28 11:04:29.169553702,QUERY_SPREAD,48
2019-06-28 11:04:29.169553702,BEST_BID,"JPM,100516,126"
2019-06-28 11:04:29.169553702,BEST_ASK,"JPM,100571,100"
2019-06-28 11:04:30.000000000,QUERY_SPREAD,1
2019-06-28 11:04:30.000000000,BEST_BID,"JPM,100146,286"
2019-06-28 11:04:30.000000000,BEST_ASK,"JPM,100571,100"
2019-06-28 11:04:30.000000000,BEST_BID,"JPM,100146,286"
2019-06-28 11:04:30.000000000,BEST_ASK,"JPM,100571,100"
2019-06-28 11:04:30.000000000,BEST_BID,"JPM,100146,286"
2019-06-28 11:04:30.000000000,BEST_ASK,"JPM,100571,286"
2019-06-28 11:04:30.000000000,BEST_BID,"JPM,100146,286"
2019-06-28 11:04:30.000000000,BEST_ASK,"JPM,100571,286"
2019-06-28 11:04:40.000000000,QUERY_SPREAD,1
2019-06-28 11:04:40.000000000,BEST_BID,"JPM,100146,471"
2019-06-28 11:04:40.000000000,BEST_ASK,"JPM,100571,100"
2019-06-28 11:04:40.000000000,BEST_BID,"JPM,100146,471"
2019-06-28 11:04:40.000000000,BEST_ASK,"JPM,100571,471"
2019-06-28 11:04:50.000000000,QUERY_SPREAD,1
2019-06-28 11:04:50.000000000,BEST_BID,"JPM,100146,471"
2019-06-28 11:04:50.000000000,BEST_ASK,"JPM,100571,100"
2019-06-28 11:04:50.000000000,BEST_BID,"JPM,100146,471"
2019-06-28 11:04:50.000000000,BEST_ASK,"JPM,100571,471"
2019-06-28 11:05:00.000000000,QUERY_SPREAD,1
2019-06-28 11:05:00.000000000,BEST_BID,"JPM,100146,286"
2019-06-28 11:05:00.000000000,BEST_ASK,"JPM,100571,100"
2019-06-28 11:05:00.000000000,BEST_BID,"JPM,100146,286"
2019-06-28 11:05:00.000000000,BEST_ASK,"JPM,100571,100"
2019-06-28 11:05:00.000000000,BEST_BID,"JPM,100146,286"
2019-06-28 11:05:00.000000000,BEST_ASK,"JPM,100571,286"
2019-06-28 11:05:00.000000000,BEST_BID,"JPM,100146,286"
2019-06-28 11:05:00.000000000,BEST_ASK,"JPM,100571,286"
2019-06-28 11:05:00.000000000,QUERY_SPREAD,77
2019-06-28 11:05:00.000000000,BEST_BID,"JPM,100146,286"
2019-06-28 11:05:00.000000000,BEST_ASK,"JPM,100571,281"
2019-06-28 11:05:00.000000000,LAST_TRADE,"5,$100571.0000"
2019-06-28 11:05:00.000000000,QUERY_SPREAD,78
2019-06-28 11:05:00.000000000,BEST_BID,"JPM,100146,286"
2019-06-28 11:05:00.000000000,BEST_ASK,"JPM,100571,273"
2019-06-28 11:05:00.000000000,LAST_TRADE,"8,$100571.0000"
2019-06-28 11:05:00.000000000,QUERY_SPREAD,79
2019-06-28 11:05:00.000000000,BEST_BID,"JPM,100146,286"
2019-06-28 11:05:00.000000000,BEST_ASK,"JPM,100571,268"
2019-06-28 11:05:00.000000000,LAST_TRADE,"5,$100571.0000"
2019-06-28 11:05:00.000000000,QUERY_SPREAD,80
2019-06-28 11:05:00.000000000,BEST_BID,"JPM,100146,286"
2019-06-28 11:05:00.000000000,BEST_ASK,"JPM,100571,260"
2019-06-28 11:05:00.000000000,LAST_TRADE,"8,$100571.0000"
2019-06-28 11:05:00.000000000,QUERY_SPREAD,81
2019-06-28 11:05:00.000000000,BEST_BID,"JPM,100146,286"
2019-06-28 11:05:00.000000000,BEST_ASK,"JPM,100571,251"
2019-06-28 11:05:00.000000000,LAST_TRADE,"9,$100571.0000"
2019-06-28 11:05:00.000000000,QUERY_SPREAD,82
2019-06-28 11:05:00.000000000,BEST_BID,"JPM,100146,286"
2019-06-28 11:05:00.000000000,BEST_ASK,"JPM,100571,248"
2019-06-28 11:05:00.000000000,LAST_TRADE,"3,$100571.0000"
2019-06-28 11:05:00.000000000,QUERY_SPREAD,83
2019-06-28 11:05:00.000000000,BEST_BID,"JPM,100146,286"
2019-06-28 11:05:00.000000000,BEST_ASK,"JPM,100571,240"
2019-06-28 11:05:00.000000000,LAST_TRADE,"8,$100571.0000"
2019-06-28 11:05:00.000000000,QUERY_SPREAD,84
2019-06-28 11:05:00.000000000,BEST_BID,"JPM,100146,286"
2019-06-28 11:05:00.000000000,BEST_ASK,"JPM,100571,236"
2019-06-28 11:05:00.000000000,LAST_TRADE,"4,$100571.0000"
2019-06-28 11:05:00.000000000,QUERY_SPREAD,85
2019-06-28 11:05:00.000000000,BEST_BID,"JPM,100146,286"
2019-06-28 11:05:00.000000000,BEST_ASK,"JPM,100571,231"
2019-06-28 11:05:00.000000000,LAST_TRADE,"5,$100571.0000"
2019-06-28 11:05:00.000000000,QUERY_SPREAD,86
2019-06-28 11:05:00.000000000,BEST_BID,"JPM,100146,286"
2019-06-28 11:05:00.000000000,BEST_ASK,"JPM,100571,229"
2019-06-28 11:05:00.000000000,LAST_TRADE,"2,$100571.0000"
2019-06-28 11:05:00.000000000,QUERY_SPREAD,87
2019-06-28 11:05:00.000000000,BEST_BID,"JPM,100146,286"
2019-06-28 11:05:00.000000000,BEST_ASK,"JPM,100571,222"
2019-06-28 11:05:00.000000000,LAST_TRADE,"7,$100571.0000"
2019-06-28 11:05:00.000000000,QUERY_SPREAD,88
2019-06-28 11:05:00.000000000,BEST_BID,"JPM,100146,286"
2019-06-28 11:05:00.000000000,BEST_ASK,"JPM,100571,214"
2019-06-28 11:05:00.000000000,LAST_TRADE,"8,$100571.0000"
2019-06-28 11:05:00.000000000,QUERY_SPREAD,89
2019-06-28 11:05:00.000000000,BEST_BID,"JPM,100146,286"
2019-06-28 11:05:00.000000000,BEST_ASK,"JPM,100571,209"
2019-06-28 11:05:00.000000000,LAST_TRADE,"5,$100571.0000"
2019-06-28 11:05:00.000000000,QUERY_SPREAD,90
2019-06-28 11:05:00.000000000,BEST_BID,"JPM,100146,286"
2019-06-28 11:05:00.000000000,BEST_ASK,"JPM,100571,205"
2019-06-28 11:05:00.000000000,LAST_TRADE,"4,$100571.0000"
2019-06-28 11:05:00.000000000,QUERY_SPREAD,91
2019-06-28 11:05:00.000000000,BEST_BID,"JPM,100146,286"
2019-06-28 11:05:00.000000000,BEST_ASK,"JPM,100571,202"
2019-06-28 11:05:00.000000000,LAST_TRADE,"3,$100571.0000"
2019-06-28 11:05:00.000000000,QUERY_SPREAD,92
2019-06-28 11:05:00.000000000,BEST_BID,"JPM,100146,286"
2019-06-28 11:05:00.000000000,BEST_ASK,"JPM,100571,197"
2019-06-28 11:05:00.000000000,LAST_TRADE,"5,$100571.0000"
2019-06-28 11:05:00.000000000,QUERY_SPREAD,93
2019-06-28 11:05:00.000000000,BEST_BID,"JPM,100146,286"
2019-06-28 11:05:00.000000000,BEST_ASK,"JPM,100571,190"
2019-06-28 11:05:00.000000000,LAST_TRADE,"7,$100571.0000"
2019-06-28 11:05:00.000000000,QUERY_SPREAD,94
2019-06-28 11:05:00.000000000,BEST_BID,"JPM,100146,286"
2019-06-28 11:05:00.000000000,BEST_ASK,"JPM,100571,189"
2019-06-28 11:05:00.000000000,LAST_TRADE,"1,$100571.0000"
2019-06-28 11:05:00.000000000,QUERY_SPREAD,95
2019-06-28 11:05:00.000000000,BEST_BID,"JPM,100146,286"
2019-06-28 11:05:00.000000000,BEST_ASK,"JPM,100571,188"
2019-06-28 11:05:00.000000000,LAST_TRADE,"1,$100571.0000"
2019-06-28 11:05:00.000000000,QUERY_SPREAD,96
2019-06-28 11:05:00.000000000,BEST_BID,"JPM,100146,286"
2019-06-28 11:05:00.000000000,BEST_ASK,"JPM,100571,184"
2019-06-28 11:05:00.000000000,LAST_TRADE,"4,$100571.0000"
2019-06-28 11:05:00.000000000,QUERY_SPREAD,97
2019-06-28 11:05:00.000000000,BEST_BID,"JPM,100146,286"
2019-06-28 11:05:00.000000000,BEST_ASK,"JPM,100571,181"
2019-06-28 11:05:00.000000000,LAST_TRADE,"3,$100571.0000"
2019-06-28 11:05:00.000000000,QUERY_SPREAD,98
2019-06-28 11:05:00.000000000,BEST_BID,"JPM,100146,286"
2019-06-28 11:05:00.000000000,BEST_ASK,"JPM,100571,176"
2019-06-28 11:05:00.000000000,LAST_TRADE,"5,$100571.0000"
2019-06-28 11:05:00.000000000,QUERY_SPREAD,99
2019-06-28 11:05:00.000000000,BEST_BID,"JPM,100146,286"
2019-06-28 11:05:00.000000000,BEST_ASK,"JPM,100571,172"
2019-06-28 11:05:00.000000000,LAST_TRADE,"4,$100571.0000"
2019-06-28 11:05:00.000000000,QUERY_SPREAD,100
2019-06-28 11:05:00.000000000,BEST_BID,"JPM,100146,286"
2019-06-28 11:05:00.000000000,BEST_ASK,"JPM,100571,167"
2019-06-28 11:05:00.000000000,LAST_TRADE,"5,$100571.0000"
2019-06-28 11:05:00.000000000,QUERY_SPREAD,101
2019-06-28 11:05:06.906900380,QUERY_ORDER_STREAM,76
2019-06-28 11:05:06.906900380,QUERY_SPREAD,76
2019-06-28 11:05:10.000000000,QUERY_SPREAD,1
2019-06-28 11:05:10.000000000,BEST_BID,"JPM,100146,174"
2019-06-28 11:05:10.000000000,BEST_ASK,"JPM,100731,100"
2019-06-28 11:05:10.000000000,BEST_BID,"JPM,100146,174"
2019-06-28 11:05:10.000000000,BEST_ASK,"JPM,100731,100"
2019-06-28 11:05:10.000000000,BEST_BID,"JPM,100146,174"
2019-06-28 11:05:10.000000000,BEST_ASK,"JPM,100731,100"
2019-06-28 11:05:10.000000000,BEST_BID,"JPM,100146,174"
2019-06-28 11:05:10.000000000,BEST_ASK,"JPM,100731,100"
2019-06-28 11:05:10.000000000,BEST_BID,"JPM,100146,174"
2019-06-28 11:05:10.000000000,BEST_ASK,"JPM,100731,100"
2019-06-28 11:05:10.000000000,BEST_BID,"JPM,100146,174"
2019-06-28 11:05:10.000000000,BEST_ASK,"JPM,100731,174"
2019-06-28 11:05:10.000000000,BEST_BID,"JPM,100146,174"
2019-06-28 11:05:10.000000000,BEST_ASK,"JPM,100731,174"
2019-06-28 11:05:10.000000000,BEST_BID,"JPM,100146,174"
2019-06-28 11:05:10.000000000,BEST_ASK,"JPM,100731,174"
2019-06-28 11:05:10.000000000,BEST_BID,"JPM,100146,174"
2019-06-28 11:05:10.000000000,BEST_ASK,"JPM,100731,174"
2019-06-28 11:05:20.000000000,QUERY_SPREAD,1
2019-06-28 11:05:20.000000000,BEST_BID,"JPM,100146,226"
2019-06-28 11:05:20.000000000,BEST_ASK,"JPM,100731,100"
2019-06-28 11:05:20.000000000,BEST_BID,"JPM,100146,226"
2019-06-28 11:05:20.000000000,BEST_ASK,"JPM,100731,100"
2019-06-28 11:05:20.000000000,BEST_BID,"JPM,100146,226"
2019-06-28 11:05:20.000000000,BEST_ASK,"JPM,100731,100"
2019-06-28 11:05:20.000000000,BEST_BID,"JPM,100146,226"
2019-06-28 11:05:20.000000000,BEST_ASK,"JPM,100731,226"
2019-06-28 11:05:20.000000000,BEST_BID,"JPM,100146,226"
2019-06-28 11:05:20.000000000,BEST_ASK,"JPM,100731,226"
2019-06-28 11:05:20.000000000,BEST_BID,"JPM,100146,226"
2019-06-28 11:05:20.000000000,BEST_ASK,"JPM,100731,226"
2019-06-28 11:05:22.749162729,QUERY_SPREAD,34
2019-06-28 11:05:22.749162729,BEST_BID,"JPM,100146,226"
2019-06-28 11:05:22.749162729,BEST_ASK,"JPM,100634,100"
2019-06-28 11:05:27.199734072,QUERY_SPREAD,8
2019-06-28 11:05:27.199734072,BEST_BID,"JPM,100146,226"
2019-06-28 11:05:27.199734072,BEST_ASK,"JPM,100582,100"
2019-06-28 11:05:30.000000000,QUERY_SPREAD,1
2019-06-28 11:05:30.000000000,BEST_BID,"JPM,100146,174"
2019-06-28 11:05:30.000000000,BEST_ASK,"JPM,100582,100"
2019-06-28 11:05:30.000000000,BEST_BID,"JPM,100146,174"
2019-06-28 11:05:30.000000000,BEST_ASK,"JPM,100582,100"
2019-06-28 11:05:30.000000000,BEST_BID,"JPM,100146,174"
2019-06-28 11:05:30.000000000,BEST_ASK,"JPM,100582,100"
2019-06-28 11:05:30.000000000,BEST_BID,"JPM,100146,174"
2019-06-28 11:05:30.000000000,BEST_ASK,"JPM,100582,100"
2019-06-28 11:05:30.000000000,BEST_BID,"JPM,100146,174"
2019-06-28 11:05:30.000000000,BEST_ASK,"JPM,100582,100"
2019-06-28 11:05:30.000000000,BEST_BID,"JPM,100146,174"
2019-06-28 11:05:30.000000000,BEST_ASK,"JPM,100582,174"
2019-06-28 11:05:30.000000000,BEST_BID,"JPM,100146,174"
2019-06-28 11:05:30.000000000,BEST_ASK,"JPM,100582,174"
2019-06-28 11:05:30.000000000,BEST_BID,"JPM,100146,174"
2019-06-28 11:05:30.000000000,BEST_ASK,"JPM,100582,174"
2019-06-28 11:05:30.000000000,BEST_BID,"JPM,100146,174"
2019-06-28 11:05:30.000000000,BEST_ASK,"JPM,100582,174"
2019-06-28 11:05:30.000000000,BEST_BID,"JPM,100146,174"
2019-06-28 11:05:30.000000000,BEST_ASK,"JPM,100582,174"
2019-06-28 11:05:33.713179012,QUERY_SPREAD,49
2019-06-28 11:05:33.713179012,BEST_BID,"JPM,100551,100"
2019-06-28 11:05:33.713179012,BEST_ASK,"JPM,100582,174"
2019-06-28 11:05:40.000000000,QUERY_SPREAD,1
2019-06-28 11:05:40.000000000,BEST_BID,"JPM,100551,174"
2019-06-28 11:05:40.000000000,BEST_ASK,"JPM,100582,100"
2019-06-28 11:05:40.000000000,BEST_BID,"JPM,100551,174"
2019-06-28 11:05:40.000000000,BEST_ASK,"JPM,100582,100"
2019-06-28 11:05:40.000000000,BEST_BID,"JPM,100551,174"
2019-06-28 11:05:40.000000000,BEST_ASK,"JPM,100582,100"
2019-06-28 11:05:40.000000000,BEST_BID,"JPM,100551,174"
2019-06-28 11:05:40.000000000,BEST_ASK,"JPM,100582,100"
2019-06-28 11:05:40.000000000,BEST_BID,"JPM,100551,174"
2019-06-28 11:05:40.000000000,BEST_ASK,"JPM,100582,100"
2019-06-28 11:05:40.000000000,BEST_BID,"JPM,100551,174"
2019-06-28 11:05:40.000000000,BEST_ASK,"JPM,100582,174"
2019-06-28 11:05:40.000000000,BEST_BID,"JPM,100551,174"
2019-06-28 11:05:40.000000000,BEST_ASK,"JPM,100582,174"
2019-06-28 11:05:40.000000000,BEST_BID,"JPM,100551,174"
2019-06-28 11:05:40.000000000,BEST_ASK,"JPM,100582,174"
2019-06-28 11:05:40.000000000,BEST_BID,"JPM,100551,174"
2019-06-28 11:05:40.000000000,BEST_ASK,"JPM,100582,174"
2019-06-28 11:05:40.000000000,BEST_BID,"JPM,100551,174"
2019-06-28 11:05:40.000000000,BEST_ASK,"JPM,100582,174"
2019-06-28 11:05:50.000000000,QUERY_SPREAD,1
2019-06-28 11:05:50.000000000,BEST_BID,"JPM,100551,226"
2019-06-28 11:05:50.000000000,BEST_ASK,"JPM,100582,100"
2019-06-28 11:05:50.000000000,BEST_BID,"JPM,100551,226"
2019-06-28 11:05:50.000000000,BEST_ASK,"JPM,100582,100"
2019-06-28 11:05:50.000000000,BEST_BID,"JPM,100551,226"
2019-06-28 11:05:50.000000000,BEST_ASK,"JPM,100582,100"
2019-06-28 11:05:50.000000000,BEST_BID,"JPM,100551,226"
2019-06-28 11:05:50.000000000,BEST_ASK,"JPM,100582,226"
2019-06-28 11:05:50.000000000,BEST_BID,"JPM,100551,226"
2019-06-28 11:05:50.000000000,BEST_ASK,"JPM,100582,226"
2019-06-28 11:05:50.000000000,BEST_BID,"JPM,100551,226"
2019-06-28 11:05:50.000000000,BEST_ASK,"JPM,100582,226"
2019-06-28 11:06:00.000000000,QUERY_SPREAD,1
2019-06-28 11:06:00.000000000,BEST_BID,"JPM,100551,226"
2019-06-28 11:06:00.000000000,BEST_ASK,"JPM,100582,100"
2019-06-28 11:06:00.000000000,BEST_BID,"JPM,100551,226"
2019-06-28 11:06:00.000000000,BEST_ASK,"JPM,100582,100"
2019-06-28 11:06:00.000000000,BEST_BID,"JPM,100551,226"
2019-06-28 11:06:00.000000000,BEST_ASK,"JPM,100582,100"
2019-06-28 11:06:00.000000000,BEST_BID,"JPM,100551,226"
2019-06-28 11:06:00.000000000,BEST_ASK,"JPM,100582,226"
2019-06-28 11:06:00.000000000,BEST_BID,"JPM,100551,226"
2019-06-28 11:06:00.000000000,BEST_ASK,"JPM,100582,226"
2019-06-28 11:06:00.000000000,BEST_BID,"JPM,100551,226"
2019-06-28 11:06:00.000000000,BEST_ASK,"JPM,100582,226"
2019-06-28 11:06:00.000000000,QUERY_SPREAD,77
2019-06-28 11:06:00.000000000,BEST_BID,"JPM,100551,226"
2019-06-28 11:06:00.000000000,BEST_ASK,"JPM,100582,221"
2019-06-28 11:06:00.000000000,LAST_TRADE,"5,$100582.0000"
2019-06-28 11:06:00.000000000,QUERY_SPREAD,78
2019-06-28 11:06:00.000000000,BEST_BID,"JPM,100551,226"
2019-06-28 11:06:00.000000000,BEST_ASK,"JPM,100582,213"
2019-06-28 11:06:00.000000000,LAST_TRADE,"8,$100582.0000"
2019-06-28 11:06:00.000000000,QUERY_SPREAD,79
2019-06-28 11:06:00.000000000,BEST_BID,"JPM,100551,226"
2019-06-28 11:06:00.000000000,BEST_ASK,"JPM,100582,208"
2019-06-28 11:06:00.000000000,LAST_TRADE,"5,$100582.0000"
2019-06-28 11:06:00.000000000,QUERY_SPREAD,80
2019-06-28 11:06:00.000000000,BEST_BID,"JPM,100551,226"
2019-06-28 11:06:00.000000000,BEST_ASK,"JPM,100582,200"
2019-06-28 11:06:00.000000000,LAST_TRADE,"8,$100582.0000"
2019-06-28 11:06:00.000000000,QUERY_SPREAD,81
2019-06-28 11:06:00.000000000,BEST_BID,"JPM,100551,226"
2019-06-28 11:06:00.000000000,BEST_ASK,"JPM,100582,191"
2019-06-28 11:06:00.000000000,LAST_TRADE,"9,$100582.0000"
2019-06-28 11:06:00.000000000,QUERY_SPREAD,82
2019-06-28 11:06:00.000000000,BEST_BID,"JPM,100551,226"
2019-06-28 11:06:00.000000000,BEST_ASK,"JPM,100582,188"
2019-06-28 11:06:00.000000000,LAST_TRADE,"3,$100582.0000"
2019-06-28 11:06:00.000000000,QUERY_SPREAD,83
2019-06-28 11:06:00.000000000,BEST_BID,"JPM,100551,226"
2019-06-28 11:06:00.000000000,BEST_ASK,"JPM,100582,180"
2019-06-28 11:06:00.000000000,LAST_TRADE,"8,$100582.0000"
2019-06-28 11:06:00.000000000,QUERY_SPREAD,84
2019-06-28 11:06:00.000000000,BEST_BID,"JPM,100551,226"
2019-06-28 11:06:00.000000000,BEST_ASK,"JPM,100582,176"
2019-06-28 11:06:00.000000000,LAST_TRADE,"4,$100582.0000"
2019-06-28 11:06:00.000000000,QUERY_SPREAD,85
2019-06-28 11:06:00.000000000,BEST_BID,"JPM,100551,226"
2019-06-28 11:06:00.000000000,BEST_ASK,"JPM,100582,171"
2019-06-28 11:06:00.000000000,LAST_TRADE,"5,$100582.0000"
2019-06-28 11:06:00.000000000,QUERY_SPREAD,86
2019-06-28 11:06:00.000000000,BEST_BID,"JPM,100551,226"
2019-06-28 11:06:00.000000000,BEST_ASK,"JPM,100582,169"
2019-06-28 11:06:00.000000000,LAST_TRADE,"2,$100582.0000"
2019-06-28 11:06:00.000000000,QUERY_SPREAD,87
2019-06-28 11:06:00.000000000,BEST_BID,"JPM,100551,226"
2019-06-28 11:06:00.000000000,BEST_ASK,"JPM,100582,162"
2019-06-28 11:06:00.000000000,LAST_TRADE,"7,$100582.0000"
2019-06-28 11:06:00.000000000,QUERY_SPREAD,88
2019-06-28 11:06:00.000000000,BEST_BID,"JPM,100551,226"
2019-06-28 11:06:00.000000000,BEST_ASK,"JPM,100582,154"
2019-06-28 11:06:00.000000000,LAST_TRADE,"8,$100582.0000"
2019-06-28 11:06:00.000000000,QUERY_SPREAD,89
2019-06-28 11:06:00.000000000,BEST_BID,"JPM,100551,226"
2019-06-28 11:06:00.000000000,BEST_ASK,"JPM,100582,149"
2019-06-28 11:06:00.000000000,LAST_TRADE,"5,$100582.0000"
2019-06-28 11:06:00.000000000,QUERY_SPREAD,90
2019-06-28 11:06:00.000000000,BEST_BID,"JPM,100551,226"
2019-06-28 11:06:00.000000000,BEST_ASK,"JPM,100582,145"
2019-06-28 11:06:00.000000000,LAST_TRADE,"4,$100582.0000"
2019-06-28 11:06:00.000000000,QUERY_SPREAD,91
2019-06-28 11:06:00.000000000,BEST_BID,"JPM,100551,226"
2019-06-28 11:06:00.000000000,BEST_ASK,"JPM,100582,142"
2019-06-28 11:06:00.000000000,LAST_TRADE,"3,$100582.0000"
2019-06-28 11:06:00.000000000,QUERY_SPREAD,92
2019-06-28 11:06:00.000000000,BEST_BID,"JPM,100551,226"
2019-06-28 11:06:00.000000000,BEST_ASK,"JPM,100582,137"
2019-06-28 11:06:00.000000000,LAST_TRADE,"5,$100582.0000"
2019-06-28 11:06:00.000000000,QUERY_SPREAD,93
2019-06-28 11:06:00.000000000,BEST_BID,"JPM,100551,226"
2019-06-28 11:06:00.000000000,BEST_ASK,"JPM,100582,130"
2019-06-28 11:06:00.000000000,LAST_TRADE,"7,$100582.0000"
2019-06-28 11:06:00.000000000,QUERY_SPREAD,94
2019-06-28 11:06:00.000000000,BEST_BID,"JPM,100551,226"
2019-06-28 11:06:00.000000000,BEST_ASK,"JPM,100582,129"
2019-06-28 11:06:00.000000000,LAST_TRADE,"1,$100582.0000"
2019-06-28 11:06:00.000000000,QUERY_SPREAD,95
2019-06-28 11:06:00.000000000,BEST_BID,"JPM,100551,226"
2019-06-28 11:06:00.000000000,BEST_ASK,"JPM,100582,128"
2019-06-28 11:06:00.000000000,LAST_TRADE,"1,$100582.0000"
2019-06-28 11:06:00.000000000,QUERY_SPREAD,96
2019-06-28 11:06:00.000000000,BEST_BID,"JPM,100551,226"
2019-06-28 11:06:00.000000000,BEST_ASK,"JPM,100582,124"
2019-06-28 11:06:00.000000000,LAST_TRADE,"4,$100582.0000"
2019-06-28 11:06:00.000000000,QUERY_SPREAD,97
2019-06-28 11:06:00.000000000,BEST_BID,"JPM,100551,226"
2019-06-28 11:06:00.000000000,BEST_ASK,"JPM,100582,121"
2019-06-28 11:06:00.000000000,LAST_TRADE,"3,$100582.0000"
2019-06-28 11:06:00.000000000,QUERY_SPREAD,98
2019-06-28 11:06:00.000000000,BEST_BID,"JPM,100551,226"
2019-06-28 11:06:00.000000000,BEST_ASK,"JPM,100582,116"
2019-06-28 11:06:00.000000000,LAST_TRADE,"5,$100582.0000"
2019-06-28 11:06:00.000000000,QUERY_SPREAD,99
2019-06-28 11:06:00.000000000,BEST_BID,"JPM,100551,226"
2019-06-28 11:06:00.000000000,BEST_ASK,"JPM,100582,112"
2019-06-28 11:06:00.000000000,LAST_TRADE,"4,$100582.0000"
2019-06-28 11:06:00.000000000,QUERY_SPREAD,100
2019-06-28 11:06:00.000000000,BEST_BID,"JPM,100551,226"
2019-06-28 11:06:00.000000000,BEST_ASK,"JPM,100582,107"
2019-06-28 11:06:00.000000000,LAST_TRADE,"5,$100582.0000"
2019-06-28 11:06:00.000000000,QUERY_SPREAD,101
2019-06-28 11:06:10.000000000,QUERY_SPREAD,1
2019-06-28 11:06:10.000000000,BEST_BID,"JPM,100551,174"
2019-06-28 11:06:10.000000000,BEST_ASK,"JPM,100634,100"
2019-06-28 11:06:10.000000000,BEST_BID,"JPM,100551,174"
2019-06-28 11:06:10.000000000,BEST_ASK,"JPM,100634,100"
2019-06-28 11:06:10.000000000,BEST_BID,"JPM,100551,174"
2019-06-28 11:06:10.000000000,BEST_ASK,"JPM,100634,100"
2019-06-28 11:06:10.000000000,BEST_BID,"JPM,100551,174"
2019-06-28 11:06:10.000000000,BEST_ASK,"JPM,100634,100"
2019-06-28 11:06:10.000000000,BEST_BID,"JPM,100551,174"
2019-06-28 11:06:10.000000000,BEST_ASK,"JPM,100634,100"
2019-06-28 11:06:10.000000000,BEST_BID,"JPM,100551,174"
2019-06-28 11:06:10.000000000,BEST_ASK,"JPM,100634,174"
2019-06-28 11:06:10.000000000,BEST_BID,"JPM,100551,174"
2019-06-28 11:06:10.000000000,BEST_ASK,"JPM,100634,174"
2019-06-28 11:06:10.000000000,BEST_BID,"JPM,100551,174"
2019-06-28 11:06:10.000000000,BEST_ASK,"JPM,100634,174"
2019-06-28 11:06:10.000000000,BEST_BID,"JPM,100551,174"
2019-06-28 11:06:10.000000000,BEST_ASK,"JPM,100634,174"
2019-06-28 11:06:10.000000000,BEST_BID,"JPM,100551,174"
2019-06-28 11:06:10.000000000,BEST_ASK,"JPM,100634,174"
2019-06-28 11:06:14.497986996,QUERY_SPREAD,11
2019-06-28 11:06:14.497986996,BEST_BID,"JPM,100551,174"
2019-06-28 11:06:14.497986996,BEST_ASK,"JPM,100634,174"
2019-06-28 11:06:20.000000000,QUERY_SPREAD,1
2019-06-28 11:06:20.000000000,BEST_BID,"JPM,100551,226"
2019-06-28 11:06:20.000000000,BEST_ASK,"JPM,100634,100"
2019-06-28 11:06:20.000000000,BEST_BID,"JPM,100551,226"
2019-06-28 11:06:20.000000000,BEST_ASK,"JPM,100634,100"
2019-06-28 11:06:20.000000000,BEST_BID,"JPM,100551,226"
2019-06-28 11:06:20.000000000,BEST_ASK,"JPM,100634,100"
2019-06-28 11:06:20.000000000,BEST_BID,"JPM,100551,226"
2019-06-28 11:06:20.000000000,BEST_ASK,"JPM,100634,226"
2019-06-28 11:06:20.000000000,BEST_BID,"JPM,100551,226"
2019-06-28 11:06:20.000000000,BEST_ASK,"JPM,100634,226"
2019-06-28 11:06:20.000000000,BEST_BID,"JPM,100551,226"
2019-06-28 11:06:20.000000000,BEST_ASK,"JPM,100634,226"
2019-06-28 11:06:30.000000000,QUERY_SPREAD,1
2019-06-28 11:06:30.000000000,BEST_BID,"JPM,100551,226"
2019-06-28 11:06:30.000000000,BEST_ASK,"JPM,100634,100"
2019-06-28 11:06:30.000000000,BEST_BID,"JPM,100551,226"
2019-06-28 11:06:30.000000000,BEST_ASK,"JPM,100634,100"
2019-06-28 11:06:30.000000000,BEST_BID,"JPM,100551,226"
2019-06-28 11:06:30.000000000,BEST_ASK,"JPM,100634,100"
2019-06-28 11:06:30.000000000,BEST_BID,"JPM,100551,226"
2019-06-28 11:06:30.000000000,BEST_ASK,"JPM,100634,226"
2019-06-28 11:06:30.000000000,BEST_BID,"JPM,100551,226"
2019-06-28 11:06:30.000000000,BEST_ASK,"JPM,100634,226"
2019-06-28 11:06:30.000000000,BEST_BID,"JPM,100551,226"
2019-06-28 11:06:30.000000000,BEST_ASK,"JPM,100634,226"
2019-06-28 11:06:40.000000000,QUERY_SPREAD,1
2019-06-28 11:06:40.000000000,BEST_BID,"JPM,100551,174"
2019-06-28 11:06:40.000000000,BEST_ASK,"JPM,100634,100"
2019-06-28 11:06:40.000000000,BEST_BID,"JPM,100551,174"
2019-06-28 11:06:40.000000000,BEST_ASK,"JPM,100634,100"
2019-06-28 11:06:40.000000000,BEST_BID,"JPM,100551,174"
2019-06-28 11:06:40.000000000,BEST_ASK,"JPM,100634,100"
2019-06-28 11:06:40.000000000,BEST_BID,"JPM,100551,174"
2019-06-28 11:06:40.000000000,BEST_ASK,"JPM,100634,100"
2019-06-28 11:06:40.000000000,BEST_BID,"JPM,100551,174"
2019-06-28 11:06:40.000000000,BEST_ASK,"JPM,100634,100"
2019-06-28 11:06:40.000000000,BEST_BID,"JPM,100551,174"
2019-06-28 11:06:40.000000000,BEST_ASK,"JPM,100634,174"
2019-06-28 11:06:40.000000000,BEST_BID,"JPM,100551,174"
2019-06-28 11:06:40.000000000,BEST_ASK,"JPM,100634,174"
2019-06-28 11:06:40.000000000,BEST_BID,"JPM,100551,174"
2019-06-28 11:06:40.000000000,BEST_ASK,"JPM,100634,174"
2019-06-28 11:06:40.000000000,BEST_BID,"JPM,100551,174"
2019-06-28 11:06:40.000000000,BEST_ASK,"JPM,100634,174"
2019-06-28 11:06:40.000000000,BEST_BID,"JPM,100551,174"
2019-06-28 11:06:40.000000000,BEST_ASK,"JPM,100634,174"
2019-06-28 11:06:47.225397237,QUERY_ORDER_STREAM,52
2019-06-28 11:06:47.225397237,QUERY_SPREAD,52
2019-06-28 11:06:47.225397237,BEST_BID,"JPM,100551,174"
2019-06-28 11:06:47.225397237,BEST_ASK,"JPM,100582,100"
2019-06-28 11:06:49.164703061,QUERY_SPREAD,12
2019-06-28 11:06:49.164703061,BEST_BID,"JPM,100551,74"
2019-06-28 11:06:49.164703061,BEST_ASK,"JPM,100582,100"
2019-06-28 11:06:49.164703061,LAST_TRADE,"100,$100551.0000"
2019-06-28 11:06:50.000000000,QUERY_SPREAD,1
2019-06-28 11:06:50.000000000,BEST_BID,"JPM,100146,174"
2019-06-28 11:06:50.000000000,BEST_ASK,"JPM,100582,100"
2019-06-28 11:06:50.000000000,BEST_BID,"JPM,100146,174"
2019-06-28 11:06:50.000000000,BEST_ASK,"JPM,100582,100"
2019-06-28 11:06:50.000000000,BEST_BID,"JPM,100146,174"
2019-06-28 11:06:50.000000000,BEST_ASK,"JPM,100582,100"
2019-06-28 11:06:50.000000000,BEST_BID,"JPM,100146,174"
2019-06-28 11:06:50.000000000,BEST_ASK,"JPM,100582,100"
2019-06-28 11:06:50.000000000,BEST_BID,"JPM,100146,174"
2019-06-28 11:06:50.000000000,BEST_ASK,"JPM,100582,100"
2019-06-28 11:06:50.000000000,BEST_BID,"JPM,100146,174"
2019-06-28 11:06:50.000000000,BEST_ASK,"JPM,100582,174"
2019-06-28 11:06:50.000000000,BEST_BID,"JPM,100146,174"
2019-06-28 11:06:50.000000000,BEST_ASK,"JPM,100582,174"
2019-06-28 11:06:50.000000000,BEST_BID,"JPM,100146,174"
2019-06-28 11:06:50.000000000,BEST_ASK,"JPM,100582,174"
2019-06-28 11:06:50.000000000,BEST_BID,"JPM,100146,174"
2019-06-28 11:06:50.000000000,BEST_ASK,"JPM,100582,174"
2019-06-28 11:06:50.000000000,BEST_BID,"JPM,100146,174"
2019-06-28 11:06:50.000000000,BEST_ASK,"JPM,100582,174"
2019-06-28 11:06:58.056460559,QUERY_SPREAD,12
2019-06-28 11:06:58.056460559,BEST_BID,"JPM,100146,174"
2019-06-28 11:06:58.056460559,BEST_ASK,"JPM,100510,100"
2019-06-28 11:07:00.000000000,QUERY_SPREAD,1
2019-06-28 11:07:00.000000000,BEST_BID,"JPM,100146,174"
2019-06-28 11:07:00.000000000,BEST_ASK,"JPM,100510,100"
2019-06-28 11:07:00.000000000,BEST_BID,"JPM,100146,174"
2019-06-28 11:07:00.000000000,BEST_ASK,"JPM,100510,100"
2019-06-28 11:07:00.000000000,BEST_BID,"JPM,100146,174"
2019-06-28 11:07:00.000000000,BEST_ASK,"JPM,100510,100"
2019-06-28 11:07:00.000000000,BEST_BID,"JPM,100146,174"
2019-06-28 11:07:00.000000000,BEST_ASK,"JPM,100510,100"
2019-06-28 11:07:00.000000000,BEST_BID,"JPM,100146,174"
2019-06-28 11:07:00.000000000,BEST_ASK,"JPM,100510,100"
2019-06-28 11:07:00.000000000,BEST_BID,"JPM,100146,174"
2019-06-28 11:07:00.000000000,BEST_ASK,"JPM,100510,174"
2019-06-28 11:07:00.000000000,BEST_BID,"JPM,100146,174"
2019-06-28 11:07:00.000000000,BEST_ASK,"JPM,100510,174"
2019-06-28 11:07:00.000000000,BEST_BID,"JPM,100146,174"
2019-06-28 11:07:00.000000000,BEST_ASK,"JPM,100510,174"
2019-06-28 11:07:00.000000000,BEST_BID,"JPM,100146,174"
2019-06-28 11:07:00.000000000,BEST_ASK,"JPM,100510,174"
2019-06-28 11:07:00.000000000,BEST_BID,"JPM,100146,174"
2019-06-28 11:07:00.000000000,BEST_ASK,"JPM,100510,174"
2019-06-28 11:07:00.000000000,QUERY_SPREAD,77
2019-06-28 11:07:00.000000000,BEST_BID,"JPM,100146,174"
2019-06-28 11:07:00.000000000,BEST_ASK,"JPM,100510,169"
2019-06-28 11:07:00.000000000,LAST_TRADE,"5,$100510.0000"
2019-06-28 11:07:00.000000000,QUERY_SPREAD,78
2019-06-28 11:07:00.000000000,BEST_BID,"JPM,100146,174"
2019-06-28 11:07:00.000000000,BEST_ASK,"JPM,100510,161"
2019-06-28 11:07:00.000000000,LAST_TRADE,"8,$100510.0000"
2019-06-28 11:07:00.000000000,QUERY_SPREAD,79
2019-06-28 11:07:00.000000000,BEST_BID,"JPM,100146,174"
2019-06-28 11:07:00.000000000,BEST_ASK,"JPM,100510,156"
2019-06-28 11:07:00.000000000,LAST_TRADE,"5,$100510.0000"
2019-06-28 11:07:00.000000000,QUERY_SPREAD,80
2019-06-28 11:07:00.000000000,BEST_BID,"JPM,100146,174"
2019-06-28 11:07:00.000000000,BEST_ASK,"JPM,100510,148"
2019-06-28 11:07:00.000000000,LAST_TRADE,"8,$100510.0000"
2019-06-28 11:07:00.000000000,QUERY_SPREAD,81
2019-06-28 11:07:00.000000000,BEST_BID,"JPM,100146,174"
2019-06-28 11:07:00.000000000,BEST_ASK,"JPM,100510,139"
2019-06-28 11:07:00.000000000,LAST_TRADE,"9,$100510.0000"
2019-06-28 11:07:00.000000000,QUERY_SPREAD,82
2019-06-28 11:07:00.000000000,BEST_BID,"JPM,100146,174"
2019-06-28 11:07:00.000000000,BEST_ASK,"JPM,100510,136"
2019-06-28 11:07:00.000000000,LAST_TRADE,"3,$100510.0000"
2019-06-28 11:07:00.000000000,QUERY_SPREAD,83
2019-06-28 11:07:00.000000000,BEST_BID,"JPM,100146,174"
2019-06-28 11:07:00.000000000,BEST_ASK,"JPM,100510,128"
2019-06-28 11:07:00.000000000,LAST_TRADE,"8,$100510.0000"
2019-06-28 11:07:00.000000000,QUERY_SPREAD,84
2019-06-28 11:07:00.000000000,BEST_BID,"JPM,100146,174"
2019-06-28 11:07:00.000000000,BEST_ASK,"JPM,100510,124"
2019-06-28 11:07:00.000000000,LAST_TRADE,"4,$100510.0000"
2019-06-28 11:07:00.000000000,QUERY_SPREAD,85
2019-06-28 11:07:00.000000000,BEST_BID,"JPM,100146,174"
2019-06-28 11:07:00.000000000,BEST_ASK,"JPM,100510,119"
2019-06-28 11:07:00.000000000,LAST_TRADE,"5,$100510.0000"
2019-06-28 11:07:00.000000000,QUERY_SPREAD,86
2019-06-28 11:07:00.000000000,BEST_BID,"JPM,100146,174"
2019-06-28 11:07:00.000000000,BEST_ASK,"JPM,100510,117"
2019-06-28 11:07:00.000000000,LAST_TRADE,"2,$100510.0000"
2019-06-28 11:07:00.000000000,QUERY_SPREAD,87
2019-06-28 11:07:00.000000000,BEST_BID,"JPM,100146,174"
2019-06-28 11:07:00.000000000,BEST_ASK,"JPM,100510,110"
2019-06-28 11:07:00.000000000,LAST_TRADE,"7,$100510.0000"
2019-06-28 11:07:00.000000000,QUERY_SPREAD,88
2019-06-28 11:07:00.000000000,BEST_BID,"JPM,100146,174"
2019-06-28 11:07:00.000000000,BEST_ASK,"JPM,100510,102"
2019-06-28 11:07:00.000000000,LAST_TRADE,"8,$100510.0000"
2019-06-28 11:07:00.000000000,QUERY_SPREAD,89
2019-06-28 11:07:00.000000000,BEST_BID,"JPM,100146,174"
2019-06-28 11:07:00.000000000,BEST_ASK,"JPM,100510,97"
2019-06-28 11:07:00.000000000,LAST_TRADE,"5,$100510.0000"
2019-06-28 11:07:00.000000000,QUERY_SPREAD,90
2019-06-28 11:07:00.000000000,BEST_BID,"JPM,100146,174"
2019-06-28 11:07:00.000000000,BEST_ASK,"JPM,100510,93"
2019-06-28 11:07:00.000000000,LAST_TRADE,"4,$100510.0000"
2019-06-28 11:07:00.000000000,QUERY_SPREAD,91
2019-06-28 11:07:00.000000000,BEST_BID,"JPM,100146,174"
2019-06-28 11:07:00.000000000,BEST_ASK,"JPM,100510,90"
2019-06-28 11:07:00.000000000,LAST_TRADE,"3,$100510.0000"
2019-06-28 11:07:00.000000000,QUERY_SPREAD,92
2019-06-28 11:07:00.000000000,BEST_BID,"JPM,100146,174"
2019-06-28 11:07:00.000000000,BEST_ASK,"JPM,100510,85"
2019-06-28 11:07:00.000000000,LAST_TRADE,"5,$100510.0000"
2019-06-28 11:07:00.000000000,QUERY_SPREAD,93
2019-06-28 11:07:00.000000000,BEST_BID,"JPM,100146,174"
2019-06-28 11:07:00.000000000,BEST_ASK,"JPM,100510,78"
2019-06-28 11:07:00.000000000,LAST_TRADE,"7,$100510.0000"
2019-06-28 11:07:00.000000000,QUERY_SPREAD,94
2019-06-28 11:07:00.000000000,BEST_BID,"JPM,100146,174"
2019-06-28 11:07:00.000000000,BEST_ASK,"JPM,100510,77"
2019-06-28 11:07:00.000000000,LAST_TRADE,"1,$100510.0000"
2019-06-28 11:07:00.000000000,QUERY_SPREAD,95
2019-06-28 11:07:00.000000000,BEST_BID,"JPM,100146,174"
2019-06-28 11:07:00.000000000,BEST_ASK,"JPM,100510,76"
2019-06-28 11:07:00.000000000,LAST_TRADE,"1,$100510.0000"
2019-06-28 11:07:00.000000000,QUERY_SPREAD,96
2019-06-28 11:07:00.000000000,BEST_BID,"JPM,100146,174"
2019-06-28 11:07:00.000000000,BEST_ASK,"JPM,100510,72"
2019-06-28 11:07:00.000000000,LAST_TRADE,"4,$100510.0000"
2019-06-28 11:07:00.000000000,QUERY_SPREAD,97
2019-06-28 11:07:00.000000000,BEST_BID,"JPM,100146,174"
2019-06-28 11:07:00.000000000,BEST_ASK,"JPM,100510,69"
2019-06-28 11:07:00.000000000,LAST_TRADE,"3,$100510.0000"
2019-06-28 11:07:00.000000000,QUERY_SPREAD,98
2019-06-28 11:07:00.000000000,BEST_BID,"JPM,100146,174"
2019-06-28 11:07:00.000000000,BEST_ASK,"JPM,100510,64"
2019-06-28 11:07:00.000000000,LAST_TRADE,"5,$100510.0000"
2019-06-28 11:07:00.000000000,QUERY_SPREAD,99
2019-06-28 11:07:00.000000000,BEST_BID,"JPM,100146,174"
2019-06-28 11:07:00.000000000,BEST_ASK,"JPM,100510,60"
2019-06-28 11:07:00.000000000,LAST_TRADE,"4,$100510.0000"
2019-06-28 11:07:00.000000000,QUERY_SPREAD,100
2019-06-28 11:07:00.000000000,BEST_BID,"JPM,100146,174"
2019-06-28 11:07:00.000000000,BEST_ASK,"JPM,100510,55"
2019-06-28 11:07:00.000000000,LAST_TRADE,"5,$100510.0000"
2019-06-28 11:07:00.000000000,QUERY_SPREAD,101
2019-06-28 11:07:07.438089623,QUERY_SPREAD,48
2019-06-28 11:07:07.438089623,BEST_BID,"JPM,100146,174"
2019-06-28 11:07:07.438089623,BEST_ASK,"JPM,100510,55"
2019-06-28 11:07:07.729693102,QUERY_ORDER_STREAM,68
2019-06-28 11:07:07.729693102,QUERY_SPREAD,68
2019-06-28 11:07:09.599175550,QUERY_SPREAD,46
2019-06-28 11:07:09.599175550,BEST_BID,"JPM,100146,174"
2019-06-28 11:07:09.599175550,BEST_ASK,"JPM,100244,100"
2019-06-28 11:07:10.000000000,QUERY_SPREAD,1
2019-06-28 11:07:10.000000000,BEST_BID,"JPM,100146,471"
2019-06-28 11:07:10.000000000,BEST_ASK,"JPM,100244,100"
2019-06-28 11:07:10.000000000,BEST_BID,"JPM,100146,471"
2019-06-28 11:07:10.000000000,BEST_ASK,"JPM,100244,471"
2019-06-28 11:07:20.000000000,QUERY_SPREAD,1
2019-06-28 11:07:20.000000000,BEST_BID,"JPM,100146,226"
2019-06-28 11:07:20.000000000,BEST_ASK,"JPM,100244,100"
2019-06-28 11:07:20.000000000,BEST_BID,"JPM,100146,226"
2019-06-28 11:07:20.000000000,BEST_ASK,"JPM,100244,100"
2019-06-28 11:07:20.000000000,BEST_BID,"JPM,100146,226"
2019-06-28 11:07:20.000000000,BEST_ASK,"JPM,100244,100"
2019-06-28 11:07:20.000000000,BEST_BID,"JPM,100146,226"
2019-06-28 11:07:20.000000000,BEST_ASK,"JPM,100244,226"
2019-06-28 11:07:20.000000000,BEST_BID,"JPM,100146,226"
2019-06-28 11:07:20.000000000,BEST_ASK,"JPM,100244,226"
2019-06-28 11:07:20.000000000,BEST_BID,"JPM,100146,226"
2019-06-28 11:07:20.000000000,BEST_ASK,"JPM,100244,226"
2019-06-28 11:07:27.080020306,QUERY_SPREAD,19
2019-06-28 11:07:27.080020306,BEST_BID,"JPM,100146,226"
2019-06-28 11:07:27.080020306,BEST_ASK,"JPM,100213,100"
2019-06-28 11:07:30.000000000,QUERY_SPREAD,1
2019-06-28 11:07:30.000000000,BEST_BID,"JPM,100146,226"
2019-06-28 11:07:30.000000000,BEST_ASK,"JPM,100213,100"
2019-06-28 11:07:30.000000000,BEST_BID,"JPM,100146,226"
2019-06-28 11:07:30.000000000,BEST_ASK,"JPM,100213,100"
2019-06-28 11:07:30.000000000,BEST_BID,"JPM,100146,226"
2019-06-28 11:07:30.000000000,BEST_ASK,"JPM,100213,100"
2019-06-28 11:07:30.000000000,BEST_BID,"JPM,100146,226"
2019-06-28 11:07:30.000000000,BEST_ASK,"JPM,100213,226"
2019-06-28 11:07:30.000000000,BEST_BID,"JPM,100146,226"
2019-06-28 11:07:30.000000000,BEST_ASK,"JPM,100213,226"
2019-06-28 11:07:30.000000000,BEST_BID,"JPM,100146,226"
2019-06-28 11:07:30.000000000,BEST_ASK,"JPM,100213,226"
2019-06-28 11:07:40.000000000,QUERY_SPREAD,1
2019-06-28 11:07:40.000000000,BEST_BID,"JPM,100146,286"
2019-06-28 11:07:40.000000000,BEST_ASK,"JPM,100213,100"
2019-06-28 11:07:40.000000000,BEST_BID,"JPM,100146,286"
2019-06-28 11:07:40.000000000,BEST_ASK,"JPM,100213,100"
2019-06-28 11:07:40.000000000,BEST_BID,"JPM,100146,286"
2019-06-28 11:07:40.000000000,BEST_ASK,"JPM,100213,286"
2019-06-28 11:07:40.000000000,BEST_BID,"JPM,100146,286"
2019-06-28 11:07:40.000000000,BEST_ASK,"JPM,100213,286"
2019-06-28 11:07:50.000000000,QUERY_SPREAD,1
2019-06-28 11:07:50.000000000,BEST_BID,"JPM,100146,174"
2019-06-28 11:07:50.000000000,BEST_ASK,"JPM,100213,100"
2019-06-28 11:07:50.000000000,BEST_BID,"JPM,100146,174"
2019-06-28 11:07:50.000000000,BEST_ASK,"JPM,100213,100"
2019-06-28 11:07:50.000000000,BEST_BID,"JPM,100146,174"
2019-06-28 11:07:50.000000000,BEST_ASK,"JPM,100213,100"
2019-06-28 11:07:50.000000000,BEST_BID,"JPM,100146,174"
2019-06-28 11:07:50.000000000,BEST_ASK,"JPM,100213,100"
2019-06-28 11:07:50.000000000,BEST_BID,"JPM,100146,174"
2019-06-28 11:07:50.000000000,BEST_ASK,"JPM,100213,100"
2019-06-28 11:07:50.000000000,BEST_BID,"JPM,100146,174"
2019-06-28 11:07:50.000000000,BEST_ASK,"JPM,100213,174"
2019-06-28 11:07:50.000000000,BEST_BID,"JPM,100146,174"
2019-06-28 11:07:50.000000000,BEST_ASK,"JPM,100213,174"
2019-06-28 11:07:50.000000000,BEST_BID,"JPM,100146,174"
2019-06-28 11:07:50.000000000,BEST_ASK,"JPM,100213,174"
2019-06-28 11:07:50.000000000,BEST_BID,"JPM,100146,174"
2019-06-28 11:07:50.000000000,BEST_ASK,"JPM,100213,174"
2019-06-28 11:07:50.000000000,BEST_BID,"JPM,100146,174"
2019-06-28 11:07:50.000000000,BEST_ASK,"JPM,100213,174"
2019-06-28 11:07:54.523900621,QUERY_SPREAD,31
2019-06-28 11:07:54.523900621,BEST_BID,"JPM,100146,174"
2019-06-28 11:07:54.523900621,BEST_ASK,"JPM,100213,174"
2019-06-28 11:08:00.000000000,QUERY_SPREAD,1
2019-06-28 11:08:00.000000000,BEST_BID,"JPM,100146,193"
2019-06-28 11:08:00.000000000,BEST_ASK,"JPM,100213,100"
2019-06-28 11:08:00.000000000,BEST_BID,"JPM,100146,193"
2019-06-28 11:08:00.000000000,BEST_ASK,"JPM,100213,100"
2019-06-28 11:08:00.000000000,BEST_BID,"JPM,100146,193"
2019-06-28 11:08:00.000000000,BEST_ASK,"JPM,100213,100"
2019-06-28 11:08:00.000000000,BEST_BID,"JPM,100146,193"
2019-06-28 11:08:00.000000000,BEST_ASK,"JPM,100213,100"
2019-06-28 11:08:00.000000000,BEST_BID,"JPM,100146,193"
2019-06-28 11:08:00.000000000,BEST_ASK,"JPM,100213,193"
2019-06-28 11:08:00.000000000,BEST_BID,"JPM,100146,193"
2019-06-28 11:08:00.000000000,BEST_ASK,"JPM,100213,193"
2019-06-28 11:08:00.000000000,BEST_BID,"JPM,100146,193"
2019-06-28 11:08:00.000000000,BEST_ASK,"JPM,100213,193"
2019-06-28 11:08:00.000000000,BEST_BID,"JPM,100146,193"
2019-06-28 11:08:00.000000000,BEST_ASK,"JPM,100213,193"
2019-06-28 11:08:00.000000000,QUERY_SPREAD,77
2019-06-28 11:08:00.000000000,BEST_BID,"JPM,100146,193"
2019-06-28 11:08:00.000000000,BEST_ASK,"JPM,100213,188"
2019-06-28 11:08:00.000000000,LAST_TRADE,"5,$100213.0000"
2019-06-28 11:08:00.000000000,QUERY_SPREAD,78
2019-06-28 11:08:00.000000000,BEST_BID,"JPM,100146,193"
2019-06-28 11:08:00.000000000,BEST_ASK,"JPM,100213,180"
2019-06-28 11:08:00.000000000,LAST_TRADE,"8,$100213.0000"
2019-06-28 11:08:00.000000000,QUERY_SPREAD,79
2019-06-28 11:08:00.000000000,BEST_BID,"JPM,100146,193"
2019-06-28 11:08:00.000000000,BEST_ASK,"JPM,100213,175"
2019-06-28 11:08:00.000000000,LAST_TRADE,"5,$100213.0000"
2019-06-28 11:08:00.000000000,QUERY_SPREAD,80
2019-06-28 11:08:00.000000000,BEST_BID,"JPM,100146,193"
2019-06-28 11:08:00.000000000,BEST_ASK,"JPM,100213,167"
2019-06-28 11:08:00.000000000,LAST_TRADE,"8,$100213.0000"
2019-06-28 11:08:00.000000000,QUERY_SPREAD,81
2019-06-28 11:08:00.000000000,BEST_BID,"JPM,100146,193"
2019-06-28 11:08:00.000000000,BEST_ASK,"JPM,100213,158"
2019-06-28 11:08:00.000000000,LAST_TRADE,"9,$100213.0000"
2019-06-28 11:08:00.000000000,QUERY_SPREAD,82
2019-06-28 11:08:00.000000000,BEST_BID,"JPM,100146,193"
2019-06-28 11:08:00.000000000,BEST_ASK,"JPM,100213,155"
2019-06-28 11:08:00.000000000,LAST_TRADE,"3,$100213.0000"
2019-06-28 11:08:00.000000000,QUERY_SPREAD,83
2019-06-28 11:08:00.000000000,BEST_BID,"JPM,100146,193"
2019-06-28 11:08:00.000000000,BEST_ASK,"JPM,100213,147"
2019-06-28 11:08:00.000000000,LAST_TRADE,"8,$100213.0000"
2019-06-28 11:08:00.000000000,QUERY_SPREAD,84
2019-06-28 11:08:00.000000000,BEST_BID,"JPM,100146,193"
2019-06-28 11:08:00.000000000,BEST_ASK,"JPM,100213,143"
2019-06-28 11:08:00.000000000,LAST_TRADE,"4,$100213.0000"
2019-06-28 11:08:00.000000000,QUERY_SPREAD,85
2019-06-28 11:08:00.000000000,BEST_BID,"JPM,100146,193"
2019-06-28 11:08:00.000000000,BEST_ASK,"JPM,100213,138"
2019-06-28 11:08:00.000000000,LAST_TRADE,"5,$100213.0000"
2019-06-28 11:08:00.000000000,QUERY_SPREAD,86
2019-06-28 11:08:00.000000000,BEST_BID,"JPM,100146,193"
2019-06-28 11:08:00.000000000,BEST_ASK,"JPM,100213,136"
2019-06-28 11:08:00.000000000,LAST_TRADE,"2,$100213.0000"
2019-06-28 11:08:00.000000000,QUERY_SPREAD,87
2019-06-28 11:08:00.000000000,BEST_BID,"JPM,100146,193"
2019-06-28 11:08:00.000000000,BEST_ASK,"JPM,100213,129"
2019-06-28 11:08:00.000000000,LAST_TRADE,"7,$100213.0000"
2019-06-28 11:08:00.000000000,QUERY_SPREAD,88
2019-06-28 11:08:00.000000000,BEST_BID,"JPM,100146,193"
2019-06-28 11:08:00.000000000,BEST_ASK,"JPM,100213,121"
2019-06-28 11:08:00.000000000,LAST_TRADE,"8,$100213.0000"
2019-06-28 11:08:00.000000000,QUERY_SPREAD,89
2019-06-28 11:08:00.000000000,BEST_BID,"JPM,100146,193"
2019-06-28 11:08:00.000000000,BEST_ASK,"JPM,100213,116"
2019-06-28 11:08:00.000000000,LAST_TRADE,"5,$100213.0000"
2019-06-28 11:08:00.000000000,QUERY_SPREAD,90
2019-06-28 11:08:00.000000000,BEST_BID,"JPM,100146,193"
2019-06-28 11:08:00.000000000,BEST_ASK,"JPM,100213,112"
2019-06-28 11:08:00.000000000,LAST_TRADE,"4,$100213.0000"
2019-06-28 11:08:00.000000000,QUERY_SPREAD,91
2019-06-28 11:08:00.000000000,BEST_BID,"JPM,100146,193"
2019-06-28 11:08:00.000000000,BEST_ASK,"JPM,100213,109"
2019-06-28 11:08:00.000000000,LAST_TRADE,"3,$100213.0000"
2019-06-28 11:08:00.000000000,QUERY_SPREAD,92
2019-06-28 11:08:00.000000000,BEST_BID,"JPM,100146,193"
2019-06-28 11:08:00.000000000,BEST_ASK,"JPM,100213,104"
2019-06-28 11:08:00.000000000,LAST_TRADE,"5,$100213.0000"
2019-06-28 11:08:00.000000000,QUERY_SPREAD,93
2019-06-28 11:08:00.000000000,BEST_BID,"JPM,100146,193"
2019-06-28 11:08:00.000000000,BEST_ASK,"JPM,100213,97"
2019-06-28 11:08:00.000000000,LAST_TRADE,"7,$100213.0000"
2019-06-28 11:08:00.000000000,QUERY_SPREAD,94
2019-06-28 11:08:00.000000000,BEST_BID,"JPM,100146,193"
2019-06-28 11:08:00.000000000,BEST_ASK,"JPM,100213,96"
2019-06-28 11:08:00.000000000,LAST_TRADE,"1,$100213.0000"
2019-06-28 11:08:00.000000000,QUERY_SPREAD,95
2019-06-28 11:08:00.000000000,BEST_BID,"JPM,100146,193"
2019-06-28 11:08:00.000000000,BEST_ASK,"JPM,100213,95"
2019-06-28 11:08:00.000000000,LAST_TRADE,"1,$100213.0000"
2019-06-28 11:08:00.000000000,QUERY_SPREAD,96
2019-06-28 11:08:00.000000000,BEST_BID,"JPM,100146,193"
2019-06-28 11:08:00.000000000,BEST_ASK,"JPM,100213,91"
2019-06-28 11:08:00.000000000,LAST_TRADE,"4,$100213.0000"
2019-06-28 11:08:00.000000000,QUERY_SPREAD,97
2019-06-28 11:08:00.000000000,BEST_BID,"JPM,100146,193"
2019-06-28 11:08:00.000000000,BEST_ASK,"JPM,100213,88"
2019-06-28 11:08:00.000000000,LAST_TRADE,"3,$100213.0000"
2019-06-28 11:08:00.000000000,QUERY_SPREAD,98
2019-06-28 11:08:00.000000000,BEST_BID,"JPM,100146,193"
2019-06-28 11:08:00.000000000,BEST_ASK,"JPM,100213,83"
2019-06-28 11:08:00.000000000,LAST_TRADE,"5,$100213.0000"
2019-06-28 11:08:00.000000000,QUERY_SPREAD,99
2019-06-28 11:08:00.000000000,BEST_BID,"JPM,100146,193"
2019-06-28 11:08:00.000000000,BEST_ASK,"JPM,100213,79"
2019-06-28 11:08:00.000000000,LAST_TRADE,"4,$100213.0000"
2019-06-28 11:08:00.000000000,QUERY_SPREAD,100
2019-06-28 11:08:00.000000000,BEST_BID,"JPM,100146,193"
2019-06-28 11:08:00.000000000,BEST_ASK,"JPM,100213,74"
2019-06-28 11:08:00.000000000,LAST_TRADE,"5,$100213.0000"
2019-06-28 11:08:00.000000000,QUERY_SPREAD,101
2019-06-28 11:08:07.444552703,QUERY_SPREAD,5
2019-06-28 11:08:07.444552703,BEST_BID,"JPM,100146,193"
2019-06-28 11:08:07.444552703,BEST_ASK,"JPM,100213,74"
2019-06-28 11:08:10.000000000,QUERY_SPREAD,1
2019-06-28 11:08:10.000000000,BEST_BID,"JPM,100146,226"
2019-06-28 11:08:10.000000000,BEST_ASK,"JPM,100244,100"
2019-06-28 11:08:10.000000000,BEST_BID,"JPM,100146,226"
2019-06-28 11:08:10.000000000,BEST_ASK,"JPM,100244,100"
2019-06-28 11:08:10.000000000,BEST_BID,"JPM,100146,226"
2019-06-28 11:08:10.000000000,BEST_ASK,"JPM,100244,100"
2019-06-28 11:08:10.000000000,BEST_BID,"JPM,100146,226"
2019-06-28 11:08:10.000000000,BEST_ASK,"JPM,100244,226"
2019-06-28 11:08:10.000000000,BEST_BID,"JPM,100146,226"
2019-06-28 11:08:10.000000000,BEST_ASK,"JPM,100244,226"
2019-06-28 11:08:10.000000000,BEST_BID,"JPM,100146,226"
2019-06-28 11:08:10.000000000,BEST_ASK,"JPM,100244,226"
2019-06-28 11:08:20.000000000,QUERY_SPREAD,1
2019-06-28 11:08:20.000000000,BEST_BID,"JPM,100146,286"
2019-06-28 11:08:20.000000000,BEST_ASK,"JPM,100244,100"
2019-06-28 11:08:20.000000000,BEST_BID,"JPM,100146,286"
2019-06-28 11:08:20.000000000,BEST_ASK,"JPM,100244,100"
2019-06-28 11:08:20.000000000,BEST_BID,"JPM,100146,286"
2019-06-28 11:08:20.000000000,BEST_ASK,"JPM,100244,286"
2019-06-28 11:08:20.000000000,BEST_BID,"JPM,100146,286"
2019-06-28 11:08:20.000000000,BEST_ASK,"JPM,100244,286"
2019-06-28 11:08:23.614051992,QUERY_SPREAD,6
2019-06-28 11:08:23.614051992,BEST_BID,"JPM,100146,286"
2019-06-28 11:08:23.614051992,BEST_ASK,"JPM,100244,286"
2019-06-28 11:08:30.000000000,QUERY_SPREAD,1
2019-06-28 11:08:30.000000000,BEST_BID,"JPM,100146,193"
2019-06-28 11:08:30.000000000,BEST_ASK,"JPM,100244,100"
2019-06-28 11:08:30.000000000,BEST_BID,"JPM,100146,193"
2019-06-28 11:08:30.000000000,BEST_ASK,"JPM,100244,100"
2019-06-28 11:08:30.000000000,BEST_BID,"JPM,100146,193"
2019-06-28 11:08:30.000000000,BEST_ASK,"JPM,100244,100"
2019-06-28 11:08:30.000000000,BEST_BID,"JPM,100146,193"
2019-06-28 11:08:30.000000000,BEST_ASK,"JPM,100244,100"
2019-06-28 11:08:30.000000000,BEST_BID,"JPM,100146,193"
2019-06-28 11:08:30.000000000,BEST_ASK,"JPM,100244,193"
2019-06-28 11:08:30.000000000,BEST_BID,"JPM,100146,193"
2019-06-28 11:08:30.000000000,BEST_ASK,"JPM,100244,193"
2019-06-28 11:08:30.000000000,BEST_BID,"JPM,100146,193"
2019-06-28 11:08:30.000000000,BEST_ASK,"JPM,100244,193"
2019-06-28 11:08:30.000000000,BEST_BID,"JPM,100146,193"
2019-06-28 11:08:30.000000000,BEST_ASK,"JPM,100244,193"
2019-06-28 11:08:39.526594454,QUERY_SPREAD,50
2019-06-28 11:08:39.526594454,BEST_BID,"JPM,100146,193"
2019-06-28 11:08:39.526594454,BEST_ASK,"JPM,100244,193"
2019-06-28 11:08:40.000000000,QUERY_SPREAD,1
2019-06-28 11:08:40.000000000,BEST_BID,"JPM,100146,226"
2019-06-28 11:08:40.000000000,BEST_ASK,"JPM,100244,100"
2019-06-28 11:08:40.000000000,BEST_BID,"JPM,100146,226"
2019-06-28 11:08:40.000000000,BEST_ASK,"JPM,100244,100"
2019-06-28 11:08:40.000000000,BEST_BID,"JPM,100146,226"
2019-06-28 11:08:40.000000000,BEST_ASK,"JPM,100244,100"
2019-06-28 11:08:40.000000000,BEST_BID,"JPM,100146,226"
2019-06-28 11:08:40.000000000,BEST_ASK,"JPM,100244,226"
2019-06-28 11:08:40.000000000,BEST_BID,"JPM,100146,226"
2019-06-28 11:08:40.000000000,BEST_ASK,"JPM,100244,226"
2019-06-28 11:08:40.000000000,BEST_BID,"JPM,100146,226"
2019-06-28 11:08:40.000000000,BEST_ASK,"JPM,100244,226"
2019-06-28 11:08:50.000000000,QUERY_SPREAD,1
2019-06-28 11:08:50.000000000,BEST_BID,"JPM,100146,471"
2019-06-28 11:08:50.000000000,BEST_ASK,"JPM,100244,100"
2019-06-28 11:08:50.000000000,BEST_BID,"JPM,100146,471"
2019-06-28 11:08:50.000000000,BEST_ASK,"JPM,100244,471"
2019-06-28 11:08:53.396634437,QUERY_SPREAD,8
2019-06-28 11:08:53.396634437,BEST_BID,"JPM,100146,471"
2019-06-28 11:08:53.396634437,BEST_ASK,"JPM,100244,371"
2019-06-28 11:08:53.396634437,LAST_TRADE,"100,$100244.0000"
2019-06-28 11:08:54.908490236,QUERY_ORDER_STREAM,55
2019-06-28 11:08:54.908490236,QUERY_SPREAD,55
2019-06-28 11:09:00.000000000,QUERY_SPREAD,1
2019-06-28 11:09:00.000000000,BEST_BID,"JPM,100146,471"
2019-06-28 11:09:00.000000000,BEST_ASK,"JPM,100487,100"
2019-06-28 11:09:00.000000000,BEST_BID,"JPM,100146,471"
2019-06-28 11:09:00.000000000,BEST_ASK,"JPM,100487,471"
2019-06-28 11:09:00.000000000,QUERY_SPREAD,77
2019-06-28 11:09:00.000000000,BEST_BID,"JPM,100146,471"
2019-06-28 11:09:00.000000000,BEST_ASK,"JPM,100487,466"
2019-06-28 11:09:00.000000000,LAST_TRADE,"5,$100487.0000"
2019-06-28 11:09:00.000000000,QUERY_SPREAD,78
2019-06-28 11:09:00.000000000,BEST_BID,"JPM,100146,471"
2019-06-28 11:09:00.000000000,BEST_ASK,"JPM,100487,458"
2019-06-28 11:09:00.000000000,LAST_TRADE,"8,$100487.0000"
2019-06-28 11:09:00.000000000,QUERY_SPREAD,79
2019-06-28 11:09:00.000000000,BEST_BID,"JPM,100146,471"
2019-06-28 11:09:00.000000000,BEST_ASK,"JPM,100487,453"
2019-06-28 11:09:00.000000000,LAST_TRADE,"5,$100487.0000"
2019-06-28 11:09:00.000000000,QUERY_SPREAD,80
2019-06-28 11:09:00.000000000,BEST_BID,"JPM,100146,471"
2019-06-28 11:09:00.000000000,BEST_ASK,"JPM,100487,445"
2019-06-28 11:09:00.000000000,LAST_TRADE,"8,$100487.0000"
2019-06-28 11:09:00.000000000,QUERY_SPREAD,81
2019-06-28 11:09:00.000000000,BEST_BID,"JPM,100146,471"
2019-06-28 11:09:00.000000000,BEST_ASK,"JPM,100487,436"
2019-06-28 11:09:00.000000000,LAST_TRADE,"9,$100487.0000"
2019-06-28 11:09:00.000000000,QUERY_SPREAD,82
2019-06-28 11:09:00.000000000,BEST_BID,"JPM,100146,471"
2019-06-28 11:09:00.000000000,BEST_ASK,"JPM,100487,433"
2019-06-28 11:09:00.000000000,LAST_TRADE,"3,$100487.0000"
2019-06-28 11:09:00.000000000,QUERY_SPREAD,83
2019-06-28 11:09:00.000000000,BEST_BID,"JPM,100146,471"
2019-06-28 11:09:00.000000000,BEST_ASK,"JPM,100487,425"
2019-06-28 11:09:00.000000000,LAST_TRADE,"8,$100487.0000"
2019-06-28 11:09:00.000000000,QUERY_SPREAD,84
2019-06-28 11:09:00.000000000,BEST_BID,"JPM,100146,471"
2019-06-28 11:09:00.000000000,BEST_ASK,"JPM,100487,421"
2019-06-28 11:09:00.000000000,LAST_TRADE,"4,$100487.0000"
2019-06-28 11:09:00.000000000,QUERY_SPREAD,85
2019-06-28 11:09:00.000000000,BEST_BID,"JPM,100146,471"
2019-06-28 11:09:00.000000000,BEST_ASK,"JPM,100487,416"
2019-06-28 11:09:00.000000000,LAST_TRADE,"5,$100487.0000"
2019-06-28 11:09:00.000000000,QUERY_SPREAD,86
2019-06-28 11:09:00.000000000,BEST_BID,"JPM,100146,471"
2019-06-28 11:09:00.000000000,BEST_ASK,"JPM,100487,414"
2019-06-28 11:09:00.000000000,LAST_TRADE,"2,$100487.0000"
2019-06-28 11:09:00.000000000,QUERY_SPREAD,87
2019-06-28 11:09:00.000000000,BEST_BID,"JPM,100146,471"
2019-06-28 11:09:00.000000000,BEST_ASK,"JPM,100487,407"
2019-06-28 11:09:00.000000000,LAST_TRADE,"7,$100487.0000"
2019-06-28 11:09:00.000000000,QUERY_SPREAD,88
2019-06-28 11:09:00.000000000,BEST_BID,"JPM,100146,471"
2019-06-28 11:09:00.000000000,BEST_ASK,"JPM,100487,399"
2019-06-28 11:09:00.000000000,LAST_TRADE,"8,$100487.0000"
2019-06-28 11:09:00.000000000,QUERY_SPREAD,89
2019-06-28 11:09:00.000000000,BEST_BID,"JPM,100146,471"
2019-06-28 11:09:00.000000000,BEST_ASK,"JPM,100487,394"
2019-06-28 11:09:00.000000000,LAST_TRADE,"5,$100487.0000"
2019-06-28 11:09:00.000000000,QUERY_SPREAD,90
2019-06-28 11:09:00.000000000,BEST_BID,"JPM,100146,471"
2019-06-28 11:09:00.000000000,BEST_ASK,"JPM,100487,390"
2019-06-28 11:09:00.000000000,LAST_TRADE,"4,$100487.0000"
2019-06-28 11:09:00.000000000,QUERY_SPREAD,91
2019-06-28 11:09:00.000000000,BEST_BID,"JPM,100146,471"
2019-06-28 11:09:00.000000000,BEST_ASK,"JPM,100487,387"
2019-06-28 11:09:00.000000000,LAST_TRADE,"3,$100487.0000"
2019-06-28 11:09:00.000000000,QUERY_SPREAD,92
2019-06-28 11:09:00.000000000,BEST_BID,"JPM,100146,471"
2019-06-28 11:09:00.000000000,BEST_ASK,"JPM,100487,382"
2019-06-28 11:09:00.000000000,LAST_TRADE,"5,$100487.0000"
2019-06-28 11:09:00.000000000,QUERY_SPREAD,93
2019-06-28 11:09:00.000000000,BEST_BID,"JPM,100146,471"
2019-06-28 11:09:00.000000000,BEST_ASK,"JPM,100487,375"
2019-06-28 11:09:00.000000000,LAST_TRADE,"7,$100487.0000"
2019-06-28 11:09:00.000000000,QUERY_SPREAD,94
2019-06-28 11:09:00.000000000,BEST_BID,"JPM,100146,471"
2019-06-28 11:09:00.000000000,BEST_ASK,"JPM,100487,374"
2019-06-28 11:09:00.000000000,LAST_TRADE,"1,$100487.0000"
2019-06-28 11:09:00.000000000,QUERY_SPREAD,95
2019-06-28 11:09:00.000000000,BEST_BID,"JPM,100146,471"
2019-06-28 11:09:00.000000000,BEST_ASK,"JPM,100487,373"
2019-06-28 11:09:00.000000000,LAST_TRADE,"1,$100487.0000"
2019-06-28 11:09:00.000000000,QUERY_SPREAD,96
2019-06-28 11:09:00.000000000,BEST_BID,"JPM,100146,471"
2019-06-28 11:09:00.000000000,BEST_ASK,"JPM,100487,369"
2019-06-28 11:09:00.000000000,LAST_TRADE,"4,$100487.0000"
2019-06-28 11:09:00.000000000,QUERY_SPREAD,97
2019-06-28 11:09:00.000000000,BEST_BID,"JPM,100146,471"
2019-06-28 11:09:00.000000000,BEST_ASK,"JPM,100487,366"
2019-06-28 11:09:00.000000000,LAST_TRADE,"3,$100487.0000"
2019-06-28 11:09:00.000000000,QUERY_SPREAD,98
2019-06-28 11:09:00.000000000,BEST_BID,"JPM,100146,471"
2019-06-28 11:09:00.000000000,BEST_ASK,"JPM,100487,361"
2019-06-28 11:09:00.000000000,LAST_TRADE,"5,$100487.0000"
2019-06-28 11:09:00.000000000,QUERY_SPREAD,99
2019-06-28 11:09:00.000000000,BEST_BID,"JPM,100146,471"
2019-06-28 11:09:00.000000000,BEST_ASK,"JPM,100487,357"
2019-06-28 11:09:00.000000000,LAST_TRADE,"4,$100487.0000"
2019-06-28 11:09:00.000000000,QUERY_SPREAD,100
2019-06-28 11:09:00.000000000,BEST_BID,"JPM,100146,471"
2019-06-28 11:09:00.000000000,BEST_ASK,"JPM,100487,352"
2019-06-28 11:09:00.000000000,LAST_TRADE,"5,$100487.0000"
2019-06-28 11:09:00.000000000,QUERY_SPREAD,101
2019-06-28 11:09:10.000000000,QUERY_SPREAD,1
2019-06-28 11:09:10.000000000,BEST_BID,"JPM,100146,174"
2019-06-28 11:09:10.000000000,BEST_ASK,"JPM,100582,100"
2019-06-28 11:09:10.000000000,BEST_BID,"JPM,100146,174"
2019-06-28 11:09:10.000000000,BEST_ASK,"JPM,100582,100"
2019-06-28 11:09:10.000000000,BEST_BID,"JPM,100146,174"
2019-06-28 11:09:10.000000000,BEST_ASK,"JPM,100582,100"
2019-06-28 11:09:10.000000000,BEST_BID,"JPM,100146,174"
2019-06-28 11:09:10.000000000,BEST_ASK,"JPM,100582,100"
2019-06-28 11:09:10.000000000,BEST_BID,"JPM,100146,174"
2019-06-28 11:09:10.000000000,BEST_ASK,"JPM,100582,100"
2019-06-28 11:09:10.000000000,BEST_BID,"JPM,100146,174"
2019-06-28 11:09:10.000000000,BEST_ASK,"JPM,100582,174"
2019-06-28 11:09:10.000000000,BEST_BID,"JPM,100146,174"
2019-06-28 11:09:10.000000000,BEST_ASK,"JPM,100582,174"
2019-06-28 11:09:10.000000000,BEST_BID,"JPM,100146,174"
2019-06-28 11:09:10.000000000,BEST_ASK,"JPM,100582,174"
2019-06-28 11:09:10.000000000,BEST_BID,"JPM,100146,174"
2019-06-28 11:09:10.000000000,BEST_ASK,"JPM,100582,174"
2019-06-28 11:09:10.000000000,BEST_BID,"JPM,100146,174"
2019-06-28 11:09:10.000000000,BEST_ASK,"JPM,100582,174"
2019-06-28 11:09:20.000000000,QUERY_SPREAD,1
2019-06-28 11:09:20.000000000,BEST_BID,"JPM,100146,286"
2019-06-28 11:09:20.000000000,BEST_ASK,"JPM,100582,100"
2019-06-28 11:09:20.000000000,BEST_BID,"JPM,100146,286"
2019-06-28 11:09:20.000000000,BEST_ASK,"JPM,100582,100"
2019-06-28 11:09:20.000000000,BEST_BID,"JPM,100146,286"
2019-06-28 11:09:20.000000000,BEST_ASK,"JPM,100582,286"
2019-06-28 11:09:20.000000000,BEST_BID,"JPM,100146,286"
2019-06-28 11:09:20.000000000,BEST_ASK,"JPM,100582,286"
2019-06-28 11:09:25.618627597,QUERY_SPREAD,40
2019-06-28 11:09:25.618627597,BEST_BID,"JPM,100146,286"
2019-06-28 11:09:25.618627597,BEST_ASK,"JPM,100582,186"
2019-06-28 11:09:25.618627597,LAST_TRADE,"100,$100582.0000"
2019-06-28 11:09:30.000000000,QUERY_SPREAD,1
2019-06-28 11:09:30.000000000,BEST_BID,"JPM,100146,471"
2019-06-28 11:09:30.000000000,BEST_ASK,"JPM,100586,100"
2019-06-28 11:09:30.000000000,BEST_BID,"JPM,100146,471"
2019-06-28 11:09:30.000000000,BEST_ASK,"JPM,100586,471"
2019-06-28 11:09:31.270668153,QUERY_ORDER_STREAM,58
2019-06-28 11:09:31.270668153,QUERY_SPREAD,58
2019-06-28 11:09:33.967511578,QUERY_ORDER_STREAM,52
2019-06-28 11:09:33.967511578,QUERY_SPREAD,52
2019-06-28 11:09:33.967511578,BEST_BID,"JPM,100487,100"
2019-06-28 11:09:33.967511578,BEST_ASK,"JPM,100586,471"
2019-06-28 11:09:35.294583439,QUERY_SPREAD,42
2019-06-28 11:09:35.294583439,BEST_BID,"JPM,100487,100"
2019-06-28 11:09:35.294583439,BEST_ASK,"JPM,100516,100"
2019-06-28 11:09:40.000000000,QUERY_SPREAD,1
2019-06-28 11:09:40.000000000,BEST_BID,"JPM,100487,193"
2019-06-28 11:09:40.000000000,BEST_ASK,"JPM,100516,100"
2019-06-28 11:09:40.000000000,BEST_BID,"JPM,100487,193"
2019-06-28 11:09:40.000000000,BEST_ASK,"JPM,100516,100"
2019-06-28 11:09:40.000000000,BEST_BID,"JPM,100487,193"
2019-06-28 11:09:40.000000000,BEST_ASK,"JPM,100516,100"
2019-06-28 11:09:40.000000000,BEST_BID,"JPM,100487,193"
2019-06-28 11:09:40.000000000,BEST_ASK,"JPM,100516,100"
2019-06-28 11:09:40.000000000,BEST_BID,"JPM,100487,193"
2019-06-28 11:09:40.000000000,BEST_ASK,"JPM,100516,193"
2019-06-28 11:09:40.000000000,BEST_BID,"JPM,100487,193"
2019-06-28 11:09:40.000000000,BEST_ASK,"JPM,100516,193"
2019-06-28 11:09:40.000000000,BEST_BID,"JPM,100487,193"
2019-06-28 11:09:40.000000000,BEST_ASK,"JPM,100516,193"
2019-06-28 11:09:40.000000000,BEST_BID,"JPM,100487,193"
2019-06-28 11:09:40.000000000,BEST_ASK,"JPM,100516,193"
2019-06-28 11:09:47.703436822,QUERY_ORDER_STREAM,55
2019-06-28 11:09:47.703436822,QUERY_SPREAD,55
2019-06-28 11:09:47.703436822,BEST_BID,"JPM,100487,293"
2019-06-28 11:09:47.703436822,BEST_ASK,"JPM,100516,193"
2019-06-28 11:09:50.000000000,QUERY_SPREAD,1
2019-06-28 11:09:50.000000000,BEST_BID,"JPM,100487,326"
2019-06-28 11:09:50.000000000,BEST_ASK,"JPM,100516,100"
2019-06-28 11:09:50.000000000,BEST_BID,"JPM,100487,326"
2019-06-28 11:09:50.000000000,BEST_ASK,"JPM,100516,100"
2019-06-28 11:09:50.000000000,BEST_BID,"JPM,100487,326"
2019-06-28 11:09:50.000000000,BEST_ASK,"JPM,100516,100"
2019-06-28 11:09:50.000000000,BEST_BID,"JPM,100487,326"
2019-06-28 11:09:50.000000000,BEST_ASK,"JPM,100516,226"
2019-06-28 11:09:50.000000000,BEST_BID,"JPM,100487,326"
2019-06-28 11:09:50.000000000,BEST_ASK,"JPM,100516,226"
2019-06-28 11:09:50.000000000,BEST_BID,"JPM,100487,326"
2019-06-28 11:09:50.000000000,BEST_ASK,"JPM,100516,226"
2019-06-28 11:09:50.372852698,QUERY_SPREAD,22
2019-06-28 11:09:50.372852698,BEST_BID,"JPM,100487,326"
2019-06-28 11:09:50.372852698,BEST_ASK,"JPM,100516,226"
2019-06-28 11:09:52.472439250,QUERY_SPREAD,2
2019-06-28 11:09:52.472439250,BEST_BID,"JPM,100487,326"
2019-06-28 11:09:52.472439250,BEST_ASK,"JPM,100516,226"
2019-06-28 11:09:55.618974788,QUERY_SPREAD,11
2019-06-28 11:09:55.618974788,BEST_BID,"JPM,100487,326"
2019-06-28 11:09:55.618974788,BEST_ASK,"JPM,100516,226"
2019-06-28 11:10:00.000000000,QUERY_SPREAD,1
2019-06-28 11:10:00.000000000,BEST_BID,"JPM,100487,571"
2019-06-28 11:10:00.000000000,BEST_ASK,"JPM,100516,100"
2019-06-28 11:10:00.000000000,BEST_BID,"JPM,100487,571"
2019-06-28 11:10:00.000000000,BEST_ASK,"JPM,100516,471"
2019-06-28 11:10:00.000000000,QUERY_SPREAD,77
2019-06-28 11:10:00.000000000,BEST_BID,"JPM,100487,571"
2019-06-28 11:10:00.000000000,BEST_ASK,"JPM,100516,466"
2019-06-28 11:10:00.000000000,LAST_TRADE,"5,$100516.0000"
2019-06-28 11:10:00.000000000,QUERY_SPREAD,78
2019-06-28 11:10:00.000000000,BEST_BID,"JPM,100487,571"
2019-06-28 11:10:00.000000000,BEST_ASK,"JPM,100516,458"
2019-06-28 11:10:00.000000000,LAST_TRADE,"8,$100516.0000"
2019-06-28 11:10:00.000000000,QUERY_SPREAD,79
2019-06-28 11:10:00.000000000,BEST_BID,"JPM,100487,571"
2019-06-28 11:10:00.000000000,BEST_ASK,"JPM,100516,453"
2019-06-28 11:10:00.000000000,LAST_TRADE,"5,$100516.0000"
2019-06-28 11:10:00.000000000,QUERY_SPREAD,80
2019-06-28 11:10:00.000000000,BEST_BID,"JPM,100487,571"
2019-06-28 11:10:00.000000000,BEST_ASK,"JPM,100516,445"
2019-06-28 11:10:00.000000000,LAST_TRADE,"8,$100516.0000"
2019-06-28 11:10:00.000000000,QUERY_SPREAD,81
2019-06-28 11:10:00.000000000,BEST_BID,"JPM,100487,571"
2019-06-28 11:10:00.000000000,BEST_ASK,"JPM,100516,436"
2019-06-28 11:10:00.000000000,LAST_TRADE,"9,$100516.0000"
2019-06-28 11:10:00.000000000,QUERY_SPREAD,82
2019-06-28 11:10:00.000000000,BEST_BID,"JPM,100487,571"
2019-06-28 11:10:00.000000000,BEST_ASK,"JPM,100516,433"
2019-06-28 11:10:00.000000000,LAST_TRADE,"3,$100516.0000"
2019-06-28 11:10:00.000000000,QUERY_SPREAD,83
2019-06-28 11:10:00.000000000,BEST_BID,"JPM,100487,571"
2019-06-28 11:10:00.000000000,BEST_ASK,"JPM,100516,425"
2019-06-28 11:10:00.000000000,LAST_TRADE,"8,$100516.0000"
2019-06-28 11:10:00.000000000,QUERY_SPREAD,84
2019-06-28 11:10:00.000000000,BEST_BID,"JPM,100487,571"
2019-06-28 11:10:00.000000000,BEST_ASK,"JPM,100516,421"
2019-06-28 11:10:00.000000000,LAST_TRADE,"4,$100516.0000"
2019-06-28 11:10:00.000000000,QUERY_SPREAD,85
2019-06-28 11:10:00.000000000,BEST_BID,"JPM,100487,571"
2019-06-28 11:10:00.000000000,BEST_ASK,"JPM,100516,416"
2019-06-28 11:10:00.000000000,LAST_TRADE,"5,$100516.0000"
2019-06-28 11:10:00.000000000,QUERY_SPREAD,86
2019-06-28 11:10:00.000000000,BEST_BID,"JPM,100487,571"
2019-06-28 11:10:00.000000000,BEST_ASK,"JPM,100516,414"
2019-06-28 11:10:00.000000000,LAST_TRADE,"2,$100516.0000"
2019-06-28 11:10:00.000000000,QUERY_SPREAD,87
2019-06-28 11:10:00.000000000,BEST_BID,"JPM,100487,571"
2019-06-28 11:10:00.000000000,BEST_ASK,"JPM,100516,407"
2019-06-28 11:10:00.000000000,LAST_TRADE,"7,$100516.0000"
2019-06-28 11:10:00.000000000,QUERY_SPREAD,88
2019-06-28 11:10:00.000000000,BEST_BID,"JPM,100487,571"
2019-06-28 11:10:00.000000000,BEST_ASK,"JPM,100516,399"
2019-06-28 11:10:00.000000000,LAST_TRADE,"8,$100516.0000"
2019-06-28 11:10:00.000000000,QUERY_SPREAD,89
2019-06-28 11:10:00.000000000,BEST_BID,"JPM,100487,571"
2019-06-28 11:10:00.000000000,BEST_ASK,"JPM,100516,394"
2019-06-28 11:10:00.000000000,LAST_TRADE,"5,$100516.0000"
2019-06-28 11:10:00.000000000,QUERY_SPREAD,90
2019-06-28 11:10:00.000000000,BEST_BID,"JPM,100487,571"
2019-06-28 11:10:00.000000000,BEST_ASK,"JPM,100516,390"
2019-06-28 11:10:00.000000000,LAST_TRADE,"4,$100516.0000"
2019-06-28 11:10:00.000000000,QUERY_SPREAD,91
2019-06-28 11:10:00.000000000,BEST_BID,"JPM,100487,571"
2019-06-28 11:10:00.000000000,BEST_ASK,"JPM,100516,387"
2019-06-28 11:10:00.000000000,LAST_TRADE,"3,$100516.0000"
2019-06-28 11:10:00.000000000,QUERY_SPREAD,92
2019-06-28 11:10:00.000000000,BEST_BID,"JPM,100487,571"
2019-06-28 11:10:00.000000000,BEST_ASK,"JPM,100516,382"
2019-06-28 11:10:00.000000000,LAST_TRADE,"5,$100516.0000"
2019-06-28 11:10:00.000000000,QUERY_SPREAD,93
2019-06-28 11:10:00.000000000,BEST_BID,"JPM,100487,571"
2019-06-28 11:10:00.000000000,BEST_ASK,"JPM,100516,375"
2019-06-28 11:10:00.000000000,LAST_TRADE,"7,$100516.0000"
2019-06-28 11:10:00.000000000,QUERY_SPREAD,94
2019-06-28 11:10:00.000000000,BEST_BID,"JPM,100487,571"
2019-06-28 11:10:00.000000000,BEST_ASK,"JPM,100516,374"
2019-06-28 11:10:00.000000000,LAST_TRADE,"1,$100516.0000"
2019-06-28 11:10:00.000000000,QUERY_SPREAD,95
2019-06-28 11:10:00.000000000,BEST_BID,"JPM,100487,571"
2019-06-28 11:10:00.000000000,BEST_ASK,"JPM,100516,373"
2019-06-28 11:10:00.000000000,LAST_TRADE,"1,$100516.0000"
2019-06-28 11:10:00.000000000,QUERY_SPREAD,96
2019-06-28 11:10:00.000000000,BEST_BID,"JPM,100487,571"
2019-06-28 11:10:00.000000000,BEST_ASK,"JPM,100516,369"
2019-06-28 11:10:00.000000000,LAST_TRADE,"4,$100516.0000"
2019-06-28 11:10:00.000000000,QUERY_SPREAD,97
2019-06-28 11:10:00.000000000,BEST_BID,"JPM,100487,571"
2019-06-28 11:10:00.000000000,BEST_ASK,"JPM,100516,366"
2019-06-28 11:10:00.000000000,LAST_TRADE,"3,$100516.0000"
2019-06-28 11:10:00.000000000,QUERY_SPREAD,98
2019-06-28 11:10:00.000000000,BEST_BID,"JPM,100487,571"
2019-06-28 11:10:00.000000000,BEST_ASK,"JPM,100516,361"
2019-06-28 11:10:00.000000000,LAST_TRADE,"5,$100516.0000"
2019-06-28 11:10:00.000000000,QUERY_SPREAD,99
2019-06-28 11:10:00.000000000,BEST_BID,"JPM,100487,571"
2019-06-28 11:10:00.000000000,BEST_ASK,"JPM,100516,357"
2019-06-28 11:10:00.000000000,LAST_TRADE,"4,$100516.0000"
2019-06-28 11:10:00.000000000,QUERY_SPREAD,100
2019-06-28 11:10:00.000000000,BEST_BID,"JPM,100487,571"
2019-06-28 11:10:00.000000000,BEST_ASK,"JPM,100516,352"
2019-06-28 11:10:00.000000000,LAST_TRADE,"5,$100516.0000"
2019-06-28 11:10:00.000000000,QUERY_SPREAD,101
2019-06-28 11:10:10.000000000,QUERY_SPREAD,1
2019-06-28 11:10:10.000000000,BEST_BID,"JPM,100487,293"
2019-06-28 11:10:10.000000000,BEST_ASK,"JPM,100586,100"
2019-06-28 11:10:10.000000000,BEST_BID,"JPM,100487,293"
2019-06-28 11:10:10.000000000,BEST_ASK,"JPM,100586,100"
2019-06-28 11:10:10.000000000,BEST_BID,"JPM,100487,293"
2019-06-28 11:10:10.000000000,BEST_ASK,"JPM,100586,100"
2019-06-28 11:10:10.000000000,BEST_BID,"JPM,100487,293"
2019-06-28 11:10:10.000000000,BEST_ASK,"JPM,100586,100"
2019-06-28 11:10:10.000000000,BEST_BID,"JPM,100487,293"
2019-06-28 11:10:10.000000000,BEST_ASK,"JPM,100586,193"
2019-06-28 11:10:10.000000000,BEST_BID,"JPM,100487,293"
2019-06-28 11:10:10.000000000,BEST_ASK,"JPM,100586,193"
2019-06-28 11:10:10.000000000,BEST_BID,"JPM,100487,293"
2019-06-28 11:10:10.000000000,BEST_ASK,"JPM,100586,193"
2019-06-28 11:10:10.000000000,BEST_BID,"JPM,100487,293"
2019-06-28 11:10:10.000000000,BEST_ASK,"JPM,100586,193"
2019-06-28 11:10:11.421789750,QUERY_SPREAD,19
2019-06-28 11:10:11.421789750,BEST_BID,"JPM,100487,293"
2019-06-28 11:10:11.421789750,BEST_ASK,"JPM,100586,93"
2019-06-28 11:10:11.421789750,LAST_TRADE,"100,$100586.0000"
2019-06-28 11:10:15.588417677,QUERY_ORDER_STREAM,76
2019-06-28 11:10:15.588417677,QUERY_SPREAD,76
2019-06-28 11:10:15.588417677,BEST_BID,"JPM,100516,100"
2019-06-28 11:10:15.588417677,BEST_ASK,"JPM,100586,93"
2019-06-28 11:10:20.000000000,QUERY_SPREAD,1
2019-06-28 11:10:20.000000000,BEST_BID,"JPM,100516,471"
2019-06-28 11:10:20.000000000,BEST_ASK,"JPM,100600,100"
2019-06-28 11:10:20.000000000,BEST_BID,"JPM,100516,471"
2019-06-28 11:10:20.000000000,BEST_ASK,"JPM,100600,471"
2019-06-28 11:10:30.000000000,QUERY_SPREAD,1
2019-06-28 11:10:30.000000000,BEST_BID,"JPM,100516,174"
2019-06-28 11:10:30.000000000,BEST_ASK,"JPM,100600,100"
2019-06-28 11:10:30.000000000,BEST_BID,"JPM,100516,174"
2019-06-28 11:10:30.000000000,BEST_ASK,"JPM,100600,100"
2019-06-28 11:10:30.000000000,BEST_BID,"JPM,100516,174"
2019-06-28 11:10:30.000000000,BEST_ASK,"JPM,100600,100"
2019-06-28 11:10:30.000000000,BEST_BID,"JPM,100516,174"
2019-06-28 11:10:30.000000000,BEST_ASK,"JPM,100600,100"
2019-06-28 11:10:30.000000000,BEST_BID,"JPM,100516,174"
2019-06-28 11:10:30.000000000,BEST_ASK,"JPM,100600,100"
2019-06-28 11:10:30.000000000,BEST_BID,"JPM,100516,174"
2019-06-28 11:10:30.000000000,BEST_ASK,"JPM,100600,174"
2019-06-28 11:10:30.000000000,BEST_BID,"JPM,100516,174"
2019-06-28 11:10:30.000000000,BEST_ASK,"JPM,100600,174"
2019-06-28 11:10:30.000000000,BEST_BID,"JPM,100516,174"
2019-06-28 11:10:30.000000000,BEST_ASK,"JPM,100600,174"
2019-06-28 11:10:30.000000000,BEST_BID,"JPM,100516,174"
2019-06-28 11:10:30.000000000,BEST_ASK,"JPM,100600,174"
2019-06-28 11:10:30.000000000,BEST_BID,"JPM,100516,174"
2019-06-28 11:10:30.000000000,BEST_ASK,"JPM,100600,174"
2019-06-28 11:10:33.875985718,QUERY_SPREAD,48
2019-06-28 11:10:33.875985718,BEST_BID,"JPM,100516,174"
2019-06-28 11:10:33.875985718,BEST_ASK,"JPM,100600,174"
2019-06-28 11:10:38.100831423,QUERY_SPREAD,44
2019-06-28 11:10:38.100831423,BEST_BID,"JPM,100524,100"
2019-06-28 11:10:38.100831423,BEST_ASK,"JPM,100600,174"
2019-06-28 11:10:40.000000000,QUERY_SPREAD,1
2019-06-28 11:10:40.000000000,BEST_BID,"JPM,100524,471"
2019-06-28 11:10:40.000000000,BEST_ASK,"JPM,100600,100"
2019-06-28 11:10:40.000000000,BEST_BID,"JPM,100524,471"
2019-06-28 11:10:40.000000000,BEST_ASK,"JPM,100600,471"
2019-06-28 11:10:44.522564058,QUERY_ORDER_STREAM,66
2019-06-28 11:10:44.522564058,QUERY_SPREAD,66
2019-06-28 11:10:50.000000000,QUERY_SPREAD,1
2019-06-28 11:10:50.000000000,BEST_BID,"JPM,100524,286"
2019-06-28 11:10:50.000000000,BEST_ASK,"JPM,100600,100"
2019-06-28 11:10:50.000000000,BEST_BID,"JPM,100524,286"
2019-06-28 11:10:50.000000000,BEST_ASK,"JPM,100600,100"
2019-06-28 11:10:50.000000000,BEST_BID,"JPM,100524,286"
2019-06-28 11:10:50.000000000,BEST_ASK,"JPM,100600,286"
2019-06-28 11:10:50.000000000,BEST_BID,"JPM,100524,286"
2019-06-28 11:10:50.000000000,BEST_ASK,"JPM,100600,286"
2019-06-28 11:10:56.060227239,QUERY_SPREAD,22
2019-06-28 11:10:56.060227239,BEST_BID,"JPM,100524,286"
2019-06-28 11:10:56.060227239,BEST_ASK,"JPM,100600,286"
2019-06-28 11:10:58.886167675,QUERY_SPREAD,39
2019-06-28 11:10:58.886167675,BEST_BID,"JPM,100524,286"
2019-06-28 11:10:58.886167675,BEST_ASK,"JPM,100527,100"
2019-06-28 11:11:00.000000000,QUERY_SPREAD,1
2019-06-28 11:11:00.000000000,BEST_BID,"JPM,100524,286"
2019-06-28 11:11:00.000000000,BEST_ASK,"JPM,100527,100"
2019-06-28 11:11:00.000000000,BEST_BID,"JPM,100524,286"
2019-06-28 11:11:00.000000000,BEST_ASK,"JPM,100527,100"
2019-06-28 11:11:00.000000000,BEST_BID,"JPM,100524,286"
2019-06-28 11:11:00.000000000,BEST_ASK,"JPM,100527,286"
2019-06-28 11:11:00.000000000,BEST_BID,"JPM,100524,286"
2019-06-28 11:11:00.000000000,BEST_ASK,"JPM,100527,286"
2019-06-28 11:11:00.000000000,QUERY_SPREAD,77
2019-06-28 11:11:00.000000000,BEST_BID,"JPM,100524,286"
2019-06-28 11:11:00.000000000,BEST_ASK,"JPM,100527,281"
2019-06-28 11:11:00.000000000,LAST_TRADE,"5,$100527.0000"
2019-06-28 11:11:00.000000000,QUERY_SPREAD,78
2019-06-28 11:11:00.000000000,BEST_BID,"JPM,100524,286"
2019-06-28 11:11:00.000000000,BEST_ASK,"JPM,100527,273"
2019-06-28 11:11:00.000000000,LAST_TRADE,"8,$100527.0000"
2019-06-28 11:11:00.000000000,QUERY_SPREAD,79
2019-06-28 11:11:00.000000000,BEST_BID,"JPM,100524,286"
2019-06-28 11:11:00.000000000,BEST_ASK,"JPM,100527,268"
2019-06-28 11:11:00.000000000,LAST_TRADE,"5,$100527.0000"
2019-06-28 11:11:00.000000000,QUERY_SPREAD,80
2019-06-28 11:11:00.000000000,BEST_BID,"JPM,100524,286"
2019-06-28 11:11:00.000000000,BEST_ASK,"JPM,100527,260"
2019-06-28 11:11:00.000000000,LAST_TRADE,"8,$100527.0000"
2019-06-28 11:11:00.000000000,QUERY_SPREAD,81
2019-06-28 11:11:00.000000000,BEST_BID,"JPM,100524,286"
2019-06-28 11:11:00.000000000,BEST_ASK,"JPM,100527,251"
2019-06-28 11:11:00.000000000,LAST_TRADE,"9,$100527.0000"
2019-06-28 11:11:00.000000000,QUERY_SPREAD,82
2019-06-28 11:11:00.000000000,BEST_BID,"JPM,100524,286"
2019-06-28 11:11:00.000000000,BEST_ASK,"JPM,100527,248"
2019-06-28 11:11:00.000000000,LAST_TRADE,"3,$100527.0000"
2019-06-28 11:11:00.000000000,QUERY_SPREAD,83
2019-06-28 11:11:00.000000000,BEST_BID,"JPM,100524,286"
2019-06-28 11:11:00.000000000,BEST_ASK,"JPM,100527,240"
2019-06-28 11:11:00.000000000,LAST_TRADE,"8,$100527.0000"
2019-06-28 11:11:00.000000000,QUERY_SPREAD,84
2019-06-28 11:11:00.000000000,BEST_BID,"JPM,100524,286"
2019-06-28 11:11:00.000000000,BEST_ASK,"JPM,100527,236"
2019-06-28 11:11:00.000000000,LAST_TRADE,"4,$100527.0000"
2019-06-28 11:11:00.000000000,QUERY_SPREAD,85
2019-06-28 11:11:00.000000000,BEST_BID,"JPM,100524,286"
2019-06-28 11:11:00.000000000,BEST_ASK,"JPM,100527,231"
2019-06-28 11:11:00.000000000,LAST_TRADE,"5,$100527.0000"
2019-06-28 11:11:00.000000000,QUERY_SPREAD,86
2019-06-28 11:11:00.000000000,BEST_BID,"JPM,100524,286"
2019-06-28 11:11:00.000000000,BEST_ASK,"JPM,100527,229"
2019-06-28 11:11:00.000000000,LAST_TRADE,"2,$100527.0000"
2019-06-28 11:11:00.000000000,QUERY_SPREAD,87
2019-06-28 11:11:00.000000000,BEST_BID,"JPM,100524,286"
2019-06-28 11:11:00.000000000,BEST_ASK,"JPM,100527,222"
2019-06-28 11:11:00.000000000,LAST_TRADE,"7,$100527.0000"
2019-06-28 11:11:00.000000000,QUERY_SPREAD,88
2019-06-28 11:11:00.000000000,BEST_BID,"JPM,100524,286"
2019-06-28 11:11:00.000000000,BEST_ASK,"JPM,100527,214"
2019-06-28 11:11:00.000000000,LAST_TRADE,"8,$100527.0000"
2019-06-28 11:11:00.000000000,QUERY_SPREAD,89
2019-06-28 11:11:00.000000000,BEST_BID,"JPM,100524,286"
2019-06-28 11:11:00.000000000,BEST_ASK,"JPM,100527,209"
2019-06-28 11:11:00.000000000,LAST_TRADE,"5,$100527.0000"
2019-06-28 11:11:00.000000000,QUERY_SPREAD,90
2019-06-28 11:11:00.000000000,BEST_BID,"JPM,100524,286"
2019-06-28 11:11:00.000000000,BEST_ASK,"JPM,100527,205"
2019-06-28 11:11:00.000000000,LAST_TRADE,"4,$100527.0000"
2019-06-28 11:11:00.000000000,QUERY_SPREAD,91
2019-06-28 11:11:00.000000000,BEST_BID,"JPM,100524,286"
2019-06-28 11:11:00.000000000,BEST_ASK,"JPM,100527,202"
2019-06-28 11:11:00.000000000,LAST_TRADE,"3,$100527.0000"
2019-06-28 11:11:00.000000000,QUERY_SPREAD,92
2019-06-28 11:11:00.000000000,BEST_BID,"JPM,100524,286"
2019-06-28 11:11:00.000000000,BEST_ASK,"JPM,100527,197"
2019-06-28 11:11:00.000000000,LAST_TRADE,"5,$100527.0000"
2019-06-28 11:11:00.000000000,QUERY_SPREAD,93
2019-06-28 11:11:00.000000000,BEST_BID,"JPM,100524,286"
2019-06-28 11:11:00.000000000,BEST_ASK,"JPM,100527,190"
2019-06-28 11:11:00.000000000,LAST_TRADE,"7,$100527.0000"
2019-06-28 11:11:00.000000000,QUERY_SPREAD,94
2019-06-28 11:11:00.000000000,BEST_BID,"JPM,100524,286"
2019-06-28 11:11:00.000000000,BEST_ASK,"JPM,100527,189"
2019-06-28 11:11:00.000000000,LAST_TRADE,"1,$100527.0000"
2019-06-28 11:11:00.000000000,QUERY_SPREAD,95
2019-06-28 11:11:00.000000000,BEST_BID,"JPM,100524,286"
2019-06-28 11:11:00.000000000,BEST_ASK,"JPM,100527,188"
2019-06-28 11:11:00.000000000,LAST_TRADE,"1,$100527.0000"
2019-06-28 11:11:00.000000000,QUERY_SPREAD,96
2019-06-28 11:11:00.000000000,BEST_BID,"JPM,100524,286"
2019-06-28 11:11:00.000000000,BEST_ASK,"JPM,100527,184"
2019-06-28 11:11:00.000000000,LAST_TRADE,"4,$100527.0000"
2019-06-28 11:11:00.000000000,QUERY_SPREAD,97
2019-06-28 11:11:00.000000000,BEST_BID,"JPM,100524,286"
2019-06-28 11:11:00.000000000,BEST_ASK,"JPM,100527,181"
2019-06-28 11:11:00.000000000,LAST_TRADE,"3,$100527.0000"
2019-06-28 11:11:00.000000000,QUERY_SPREAD,98
2019-06-28 11:11:00.000000000,BEST_BID,"JPM,100524,286"
2019-06-28 11:11:00.000000000,BEST_ASK,"JPM,100527,176"
2019-06-28 11:11:00.000000000,LAST_TRADE,"5,$100527.0000"
2019-06-28 11:11:00.000000000,QUERY_SPREAD,99
2019-06-28 11:11:00.000000000,BEST_BID,"JPM,100524,286"
2019-06-28 11:11:00.000000000,BEST_ASK,"JPM,100527,172"
2019-06-28 11:11:00.000000000,LAST_TRADE,"4,$100527.0000"
2019-06-28 11:11:00.000000000,QUERY_SPREAD,100
2019-06-28 11:11:00.000000000,BEST_BID,"JPM,100524,286"
2019-06-28 11:11:00.000000000,BEST_ASK,"JPM,100527,167"
2019-06-28 11:11:00.000000000,LAST_TRADE,"5,$100527.0000"
2019-06-28 11:11:00.000000000,QUERY_SPREAD,101
2019-06-28 11:11:04.495388445,QUERY_ORDER_STREAM,76
2019-06-28 11:11:04.495388445,QUERY_SPREAD,76
2019-06-28 11:11:04.495388445,BEST_BID,"JPM,100524,286"
2019-06-28 11:11:04.495388445,BEST_ASK,"JPM,100527,267"
2019-06-28 11:11:10.000000000,QUERY_SPREAD,1
2019-06-28 11:11:10.000000000,BEST_BID,"JPM,100524,193"
2019-06-28 11:11:10.000000000,BEST_ASK,"JPM,100527,100"
2019-06-28 11:11:10.000000000,BEST_BID,"JPM,100524,193"
2019-06-28 11:11:10.000000000,BEST_ASK,"JPM,100527,100"
2019-06-28 11:11:10.000000000,BEST_BID,"JPM,100524,193"
2019-06-28 11:11:10.000000000,BEST_ASK,"JPM,100527,100"
2019-06-28 11:11:10.000000000,BEST_BID,"JPM,100524,193"
2019-06-28 11:11:10.000000000,BEST_ASK,"JPM,100527,100"
2019-06-28 11:11:10.000000000,BEST_BID,"JPM,100524,193"
2019-06-28 11:11:10.000000000,BEST_ASK,"JPM,100527,193"
2019-06-28 11:11:10.000000000,BEST_BID,"JPM,100524,193"
2019-06-28 11:11:10.000000000,BEST_ASK,"JPM,100527,193"
2019-06-28 11:11:10.000000000,BEST_BID,"JPM,100524,193"
2019-06-28 11:11:10.000000000,BEST_ASK,"JPM,100527,193"
2019-06-28 11:11:10.000000000,BEST_BID,"JPM,100524,193"
2019-06-28 11:11:10.000000000,BEST_ASK,"JPM,100527,193"
2019-06-28 11:11:17.582512716,QUERY_SPREAD,15
2019-06-28 11:11:17.582512716,BEST_BID,"JPM,100524,93"
2019-06-28 11:11:17.582512716,BEST_ASK,"JPM,100527,193"
2019-06-28 11:11:17.582512716,LAST_TRADE,"100,$100524.0000"
2019-06-28 11:11:19.939129673,QUERY_SPREAD,19
2019-06-28 11:11:19.939129673,BEST_BID,"JPM,100524,93"
2019-06-28 11:11:19.939129673,BEST_ASK,"JPM,100527,193"
2019-06-28 11:11:20.000000000,QUERY_SPREAD,1
2019-06-28 11:11:20.000000000,BEST_BID,"JPM,100515,471"
2019-06-28 11:11:20.000000000,BEST_ASK,"JPM,100527,100"
2019-06-28 11:11:20.000000000,BEST_BID,"JPM,100515,471"
2019-06-28 11:11:20.000000000,BEST_ASK,"JPM,100527,471"
2019-06-28 11:11:23.923732858,QUERY_SPREAD,18
2019-06-28 11:11:23.923732858,BEST_BID,"JPM,100515,471"
2019-06-28 11:11:23.923732858,BEST_ASK,"JPM,100527,471"
2019-06-28 11:11:30.000000000,QUERY_SPREAD,1
2019-06-28 11:11:30.000000000,BEST_BID,"JPM,100515,226"
2019-06-28 11:11:30.000000000,BEST_ASK,"JPM,100527,100"
2019-06-28 11:11:30.000000000,BEST_BID,"JPM,100515,226"
2019-06-28 11:11:30.000000000,BEST_ASK,"JPM,100527,100"
2019-06-28 11:11:30.000000000,BEST_BID,"JPM,100515,226"
2019-06-28 11:11:30.000000000,BEST_ASK,"JPM,100527,100"
2019-06-28 11:11:30.000000000,BEST_BID,"JPM,100515,226"
2019-06-28 11:11:30.000000000,BEST_ASK,"JPM,100527,226"
2019-06-28 11:11:30.000000000,BEST_BID,"JPM,100515,226"
2019-06-28 11:11:30.000000000,BEST_ASK,"JPM,100527,226"
2019-06-28 11:11:30.000000000,BEST_BID,"JPM,100515,226"
2019-06-28 11:11:30.000000000,BEST_ASK,"JPM,100527,226"
2019-06-28 11:11:40.000000000,QUERY_SPREAD,1
2019-06-28 11:11:40.000000000,BEST_BID,"JPM,100515,286"
2019-06-28 11:11:40.000000000,BEST_ASK,"JPM,100527,100"
2019-06-28 11:11:40.000000000,BEST_BID,"JPM,100515,286"
2019-06-28 11:11:40.000000000,BEST_ASK,"JPM,100527,100"
2019-06-28 11:11:40.000000000,BEST_BID,"JPM,100515,286"
2019-06-28 11:11:40.000000000,BEST_ASK,"JPM,100527,286"
2019-06-28 11:11:40.000000000,BEST_BID,"JPM,100515,286"
2019-06-28 11:11:40.000000000,BEST_ASK,"JPM,100527,286"
2019-06-28 11:11:50.000000000,QUERY_SPREAD,1
2019-06-28 11:11:50.000000000,BEST_BID,"JPM,100515,174"
2019-06-28 11:11:50.000000000,BEST_ASK,"JPM,100527,100"
2019-06-28 11:11:50.000000000,BEST_BID,"JPM,100515,174"
2019-06-28 11:11:50.000000000,BEST_ASK,"JPM,100527,100"
2019-06-28 11:11:50.000000000,BEST_BID,"JPM,100515,174"
2019-06-28 11:11:50.000000000,BEST_ASK,"JPM,100527,100"
2019-06-28 11:11:50.000000000,BEST_BID,"JPM,100515,174"
2019-06-28 11:11:50.000000000,BEST_ASK,"JPM,100527,100"
2019-06-28 11:11:50.000000000,BEST_BID,"JPM,100515,174"
2019-06-28 11:11:50.000000000,BEST_ASK,"JPM,100527,100"
2019-06-28 11:11:50.000000000,BEST_BID,"JPM,100515,174"
2019-06-28 11:11:50.000000000,BEST_ASK,"JPM,100527,174"
2019-06-28 11:11:50.000000000,BEST_BID,"JPM,100515,174"
2019-06-28 11:11:50.000000000,BEST_ASK,"JPM,100527,174"
2019-06-28 11:11:50.000000000,BEST_BID,"JPM,100515,174"
2019-06-28 11:11:50.000000000,BEST_ASK,"JPM,100527,174"
2019-06-28 11:11:50.000000000,BEST_BID,"JPM,100515,174"
2019-06-28 11:11:50.000000000,BEST_ASK,"JPM,100527,174"
2019-06-28 11:11:50.000000000,BEST_BID,"JPM,100515,174"
2019-06-28 11:11:50.000000000,BEST_ASK,"JPM,100527,174"
2019-06-28 11:11:57.816310362,QUERY_SPREAD,24
2019-06-28 11:11:57.816310362,BEST_BID,"JPM,100515,74"
2019-06-28 11:11:57.816310362,BEST_ASK,"JPM,100527,174"
2019-06-28 11:11:57.816310362,LAST_TRADE,"100,$100515.0000"
2019-06-28 11:12:00.000000000,QUERY_SPREAD,1
2019-06-28 11:12:00.000000000,BEST_BID,"JPM,100506,471"
2019-06-28 11:12:00.000000000,BEST_ASK,"JPM,100527,100"
2019-06-28 11:12:00.000000000,BEST_BID,"JPM,100506,471"
2019-06-28 11:12:00.000000000,BEST_ASK,"JPM,100527,471"
2019-06-28 11:12:00.000000000,QUERY_SPREAD,77
2019-06-28 11:12:00.000000000,BEST_BID,"JPM,100506,471"
2019-06-28 11:12:00.000000000,BEST_ASK,"JPM,100527,466"
2019-06-28 11:12:00.000000000,LAST_TRADE,"5,$100527.0000"
2019-06-28 11:12:00.000000000,QUERY_SPREAD,78
2019-06-28 11:12:00.000000000,BEST_BID,"JPM,100506,471"
2019-06-28 11:12:00.000000000,BEST_ASK,"JPM,100527,458"
2019-06-28 11:12:00.000000000,LAST_TRADE,"8,$100527.0000"
2019-06-28 11:12:00.000000000,QUERY_SPREAD,79
2019-06-28 11:12:00.000000000,BEST_BID,"JPM,100506,471"
2019-06-28 11:12:00.000000000,BEST_ASK,"JPM,100527,453"
2019-06-28 11:12:00.000000000,LAST_TRADE,"5,$100527.0000"
2019-06-28 11:12:00.000000000,QUERY_SPREAD,80
2019-06-28 11:12:00.000000000,BEST_BID,"JPM,100506,471"
2019-06-28 11:12:00.000000000,BEST_ASK,"JPM,100527,445"
2019-06-28 11:12:00.000000000,LAST_TRADE,"8,$100527.0000"
2019-06-28 11:12:00.000000000,QUERY_SPREAD,81
2019-06-28 11:12:00.000000000,BEST_BID,"JPM,100506,471"
2019-06-28 11:12:00.000000000,BEST_ASK,"JPM,100527,436"
2019-06-28 11:12:00.000000000,LAST_TRADE,"9,$100527.0000"
2019-06-28 11:12:00.000000000,QUERY_SPREAD,82
2019-06-28 11:12:00.000000000,BEST_BID,"JPM,100506,471"
2019-06-28 11:12:00.000000000,BEST_ASK,"JPM,100527,433"
2019-06-28 11:12:00.000000000,LAST_TRADE,"3,$100527.0000"
2019-06-28 11:12:00.000000000,QUERY_SPREAD,83
2019-06-28 11:12:00.000000000,BEST_BID,"JPM,100506,471"
2019-06-28 11:12:00.000000000,BEST_ASK,"JPM,100527,425"
2019-06-28 11:12:00.000000000,LAST_TRADE,"8,$100527.0000"
2019-06-28 11:12:00.000000000,QUERY_SPREAD,84
2019-06-28 11:12:00.000000000,BEST_BID,"JPM,100506,471"
2019-06-28 11:12:00.000000000,BEST_ASK,"JPM,100527,421"
2019-06-28 11:12:00.000000000,LAST_TRADE,"4,$100527.0000"
2019-06-28 11:12:00.000000000,QUERY_SPREAD,85
2019-06-28 11:12:00.000000000,BEST_BID,"JPM,100506,471"
2019-06-28 11:12:00.000000000,BEST_ASK,"JPM,100527,416"
2019-06-28 11:12:00.000000000,LAST_TRADE,"5,$100527.0000"
2019-06-28 11:12:00.000000000,QUERY_SPREAD,86
2019-06-28 11:12:00.000000000,BEST_BID,"JPM,100506,471"
2019-06-28 11:12:00.000000000,BEST_ASK,"JPM,100527,414"
2019-06-28 11:12:00.000000000,LAST_TRADE,"2,$100527.0000"
2019-06-28 11:12:00.000000000,QUERY_SPREAD,87
2019-06-28 11:12:00.000000000,BEST_BID,"JPM,100506,471"
2019-06-28 11:12:00.000000000,BEST_ASK,"JPM,100527,407"
2019-06-28 11:12:00.000000000,LAST_TRADE,"7,$100527.0000"
2019-06-28 11:12:00.000000000,QUERY_SPREAD,88
2019-06-28 11:12:00.000000000,BEST_BID,"JPM,100506,471"
2019-06-28 11:12:00.000000000,BEST_ASK,"JPM,100527,399"
2019-06-28 11:12:00.000000000,LAST_TRADE,"8,$100527.0000"
2019-06-28 11:12:00.000000000,QUERY_SPREAD,89
2019-06-28 11:12:00.000000000,BEST_BID,"JPM,100506,471"
2019-06-28 11:12:00.000000000,BEST_ASK,"JPM,100527,394"
2019-06-28 11:12:00.000000000,LAST_TRADE,"5,$100527.0000"
2019-06-28 11:12:00.000000000,QUERY_SPREAD,90
2019-06-28 11:12:00.000000000,BEST_BID,"JPM,100506,471"
2019-06-28 11:12:00.000000000,BEST_ASK,"JPM,100527,390"
2019-06-28 11:12:00.000000000,LAST_TRADE,"4,$100527.0000"
2019-06-28 11:12:00.000000000,QUERY_SPREAD,91
2019-06-28 11:12:00.000000000,BEST_BID,"JPM,100506,471"
2019-06-28 11:12:00.000000000,BEST_ASK,"JPM,100527,387"
2019-06-28 11:12:00.000000000,LAST_TRADE,"3,$100527.0000"
2019-06-28 11:12:00.000000000,QUERY_SPREAD,92
2019-06-28 11:12:00.000000000,BEST_BID,"JPM,100506,471"
2019-06-28 11:12:00.000000000,BEST_ASK,"JPM,100527,382"
2019-06-28 11:12:00.000000000,LAST_TRADE,"5,$100527.0000"
2019-06-28 11:12:00.000000000,QUERY_SPREAD,93
2019-06-28 11:12:00.000000000,BEST_BID,"JPM,100506,471"
2019-06-28 11:12:00.000000000,BEST_ASK,"JPM,100527,375"
2019-06-28 11:12:00.000000000,LAST_TRADE,"7,$100527.0000"
2019-06-28 11:12:00.000000000,QUERY_SPREAD,94
2019-06-28 11:12:00.000000000,BEST_BID,"JPM,100506,471"
2019-06-28 11:12:00.000000000,BEST_ASK,"JPM,100527,374"
2019-06-28 11:12:00.000000000,LAST_TRADE,"1,$100527.0000"
2019-06-28 11:12:00.000000000,QUERY_SPREAD,95
2019-06-28 11:12:00.000000000,BEST_BID,"JPM,100506,471"
2019-06-28 11:12:00.000000000,BEST_ASK,"JPM,100527,373"
2019-06-28 11:12:00.000000000,LAST_TRADE,"1,$100527.0000"
2019-06-28 11:12:00.000000000,QUERY_SPREAD,96
2019-06-28 11:12:00.000000000,BEST_BID,"JPM,100506,471"
2019-06-28 11:12:00.000000000,BEST_ASK,"JPM,100527,369"
2019-06-28 11:12:00.000000000,LAST_TRADE,"4,$100527.0000"
2019-06-28 11:12:00.000000000,QUERY_SPREAD,97
2019-06-28 11:12:00.000000000,BEST_BID,"JPM,100506,471"
2019-06-28 11:12:00.000000000,BEST_ASK,"JPM,100527,366"
2019-06-28 11:12:00.000000000,LAST_TRADE,"3,$100527.0000"
2019-06-28 11:12:00.000000000,QUERY_SPREAD,98
2019-06-28 11:12:00.000000000,BEST_BID,"JPM,100506,471"
2019-06-28 11:12:00.000000000,BEST_ASK,"JPM,100527,361"
2019-06-28 11:12:00.000000000,LAST_TRADE,"5,$100527.0000"
2019-06-28 11:12:00.000000000,QUERY_SPREAD,99
2019-06-28 11:12:00.000000000,BEST_BID,"JPM,100506,471"
2019-06-28 11:12:00.000000000,BEST_ASK,"JPM,100527,357"
2019-06-28 11:12:00.000000000,LAST_TRADE,"4,$100527.0000"
2019-06-28 11:12:00.000000000,QUERY_SPREAD,100
2019-06-28 11:12:00.000000000,BEST_BID,"JPM,100506,471"
2019-06-28 11:12:00.000000000,BEST_ASK,"JPM,100527,352"
2019-06-28 11:12:00.000000000,LAST_TRADE,"5,$100527.0000"
2019-06-28 11:12:00.000000000,QUERY_SPREAD,101
2019-06-28 11:12:10.000000000,QUERY_SPREAD,1
2019-06-28 11:12:10.000000000,BEST_BID,"JPM,100506,174"
2019-06-28 11:12:10.000000000,BEST_ASK,"JPM,100600,100"
2019-06-28 11:12:10.000000000,BEST_BID,"JPM,100506,174"
2019-06-28 11:12:10.000000000,BEST_ASK,"JPM,100600,100"
2019-06-28 11:12:10.000000000,BEST_BID,"JPM,100506,174"
2019-06-28 11:12:10.000000000,BEST_ASK,"JPM,100600,100"
2019-06-28 11:12:10.000000000,BEST_BID,"JPM,100506,174"
2019-06-28 11:12:10.000000000,BEST_ASK,"JPM,100600,100"
2019-06-28 11:12:10.000000000,BEST_BID,"JPM,100506,174"
2019-06-28 11:12:10.000000000,BEST_ASK,"JPM,100600,100"
2019-06-28 11:12:10.000000000,BEST_BID,"JPM,100506,174"
2019-06-28 11:12:10.000000000,BEST_ASK,"JPM,100600,174"
2019-06-28 11:12:10.000000000,BEST_BID,"JPM,100506,174"
2019-06-28 11:12:10.000000000,BEST_ASK,"JPM,100600,174"
2019-06-28 11:12:10.000000000,BEST_BID,"JPM,100506,174"
2019-06-28 11:12:10.000000000,BEST_ASK,"JPM,100600,174"
2019-06-28 11:12:10.000000000,BEST_BID,"JPM,100506,174"
2019-06-28 11:12:10.000000000,BEST_ASK,"JPM,100600,174"
2019-06-28 11:12:10.000000000,BEST_BID,"JPM,100506,174"
2019-06-28 11:12:10.000000000,BEST_ASK,"JPM,100600,174"
2019-06-28 11:12:20.000000000,QUERY_SPREAD,1
2019-06-28 11:12:20.000000000,BEST_BID,"JPM,100506,193"
2019-06-28 11:12:20.000000000,BEST_ASK,"JPM,100600,100"
2019-06-28 11:12:20.000000000,BEST_BID,"JPM,100506,193"
2019-06-28 11:12:20.000000000,BEST_ASK,"JPM,100600,100"
2019-06-28 11:12:20.000000000,BEST_BID,"JPM,100506,193"
2019-06-28 11:12:20.000000000,BEST_ASK,"JPM,100600,100"
2019-06-28 11:12:20.000000000,BEST_BID,"JPM,100506,193"
2019-06-28 11:12:20.000000000,BEST_ASK,"JPM,100600,100"
2019-06-28 11:12:20.000000000,BEST_BID,"JPM,100506,193"
2019-06-28 11:12:20.000000000,BEST_ASK,"JPM,100600,193"
2019-06-28 11:12:20.000000000,BEST_BID,"JPM,100506,193"
2019-06-28 11:12:20.000000000,BEST_ASK,"JPM,100600,193"
2019-06-28 11:12:20.000000000,BEST_BID,"JPM,100506,193"
2019-06-28 11:12:20.000000000,BEST_ASK,"JPM,100600,193"
2019-06-28 11:12:20.000000000,BEST_BID,"JPM,100506,193"
2019-06-28 11:12:20.000000000,BEST_ASK,"JPM,100600,193"
2019-06-28 11:12:23.903537191,QUERY_SPREAD,48
2019-06-28 11:12:23.903537191,BEST_BID,"JPM,100506,193"
2019-06-28 11:12:23.903537191,BEST_ASK,"JPM,100600,193"
2019-06-28 11:12:24.791864216,QUERY_SPREAD,45
2019-06-28 11:12:24.791864216,BEST_BID,"JPM,100506,193"
2019-06-28 11:12:24.791864216,BEST_ASK,"JPM,100600,193"
2019-06-28 11:12:30.000000000,QUERY_SPREAD,1
2019-06-28 11:12:30.000000000,BEST_BID,"JPM,100506,193"
2019-06-28 11:12:30.000000000,BEST_ASK,"JPM,100600,100"
2019-06-28 11:12:30.000000000,BEST_BID,"JPM,100506,193"
2019-06-28 11:12:30.000000000,BEST_ASK,"JPM,100600,100"
2019-06-28 11:12:30.000000000,BEST_BID,"JPM,100506,193"
2019-06-28 11:12:30.000000000,BEST_ASK,"JPM,100600,100"
2019-06-28 11:12:30.000000000,BEST_BID,"JPM,100506,193"
2019-06-28 11:12:30.000000000,BEST_ASK,"JPM,100600,100"
2019-06-28 11:12:30.000000000,BEST_BID,"JPM,100506,193"
2019-06-28 11:12:30.000000000,BEST_ASK,"JPM,100600,193"
2019-06-28 11:12:30.000000000,BEST_BID,"JPM,100506,193"
2019-06-28 11:12:30.000000000,BEST_ASK,"JPM,100600,193"
2019-06-28 11:12:30.000000000,BEST_BID,"JPM,100506,193"
2019-06-28 11:12:30.000000000,BEST_ASK,"JPM,100600,193"
2019-06-28 11:12:30.000000000,BEST_BID,"JPM,100506,193"
2019-06-28 11:12:30.000000000,BEST_ASK,"JPM,100600,193"
2019-06-28 11:12:30.237057288,QUERY_SPREAD,42
2019-06-28 11:12:30.237057288,BEST_BID,"JPM,100506,93"
2019-06-28 11:12:30.237057288,BEST_ASK,"JPM,100600,193"
2019-06-28 11:12:30.237057288,LAST_TRADE,"100,$100506.0000"
2019-06-28 11:12:40.000000000,QUERY_SPREAD,1
2019-06-28 11:12:40.000000000,BEST_BID,"JPM,100487,274"
2019-06-28 11:12:40.000000000,BEST_ASK,"JPM,100600,100"
2019-06-28 11:12:40.000000000,BEST_BID,"JPM,100487,274"
2019-06-28 11:12:40.000000000,BEST_ASK,"JPM,100600,100"
2019-06-28 11:12:40.000000000,BEST_BID,"JPM,100487,274"
2019-06-28 11:12:40.000000000,BEST_ASK,"JPM,100600,100"
2019-06-28 11:12:40.000000000,BEST_BID,"JPM,100487,274"
2019-06-28 11:12:40.000000000,BEST_ASK,"JPM,100600,100"
2019-06-28 11:12:40.000000000,BEST_BID,"JPM,100487,274"
2019-06-28 11:12:40.000000000,BEST_ASK,"JPM,100600,100"
2019-06-28 11:12:40.000000000,BEST_BID,"JPM,100487,274"
2019-06-28 11:12:40.000000000,BEST_ASK,"JPM,100600,174"
2019-06-28 11:12:40.000000000,BEST_BID,"JPM,100487,274"
2019-06-28 11:12:40.000000000,BEST_ASK,"JPM,100600,174"
2019-06-28 11:12:40.000000000,BEST_BID,"JPM,100487,274"
2019-06-28 11:12:40.000000000,BEST_ASK,"JPM,100600,174"
2019-06-28 11:12:40.000000000,BEST_BID,"JPM,100487,274"
2019-06-28 11:12:40.000000000,BEST_ASK,"JPM,100600,174"
2019-06-28 11:12:40.000000000,BEST_BID,"JPM,100487,274"
2019-06-28 11:12:40.000000000,BEST_ASK,"JPM,100600,174"
2019-06-28 11:12:50.000000000,QUERY_SPREAD,1
2019-06-28 11:12:50.000000000,BEST_BID,"JPM,100487,274"
2019-06-28 11:12:50.000000000,BEST_ASK,"JPM,100600,100"
2019-06-28 11:12:50.000000000,BEST_BID,"JPM,100487,274"
2019-06-28 11:12:50.000000000,BEST_ASK,"JPM,100600,100"
2019-06-28 11:12:50.000000000,BEST_BID,"JPM,100487,274"
2019-06-28 11:12:50.000000000,BEST_ASK,"JPM,100600,100"
2019-06-28 11:12:50.000000000,BEST_BID,"JPM,100487,274"
2019-06-28 11:12:50.000000000,BEST_ASK,"JPM,100600,100"
2019-06-28 11:12:50.000000000,BEST_BID,"JPM,100487,274"
2019-06-28 11:12:50.000000000,BEST_ASK,"JPM,100600,100"
2019-06-28 11:12:50.000000000,BEST_BID,"JPM,100487,274"
2019-06-28 11:12:50.000000000,BEST_ASK,"JPM,100600,174"
2019-06-28 11:12:50.000000000,BEST_BID,"JPM,100487,274"
2019-06-28 11:12:50.000000000,BEST_ASK,"JPM,100600,174"
2019-06-28 11:12:50.000000000,BEST_BID,"JPM,100487,274"
2019-06-28 11:12:50.000000000,BEST_ASK,"JPM,100600,174"
2019-06-28 11:12:50.000000000,BEST_BID,"JPM,100487,274"
2019-06-28 11:12:50.000000000,BEST_ASK,"JPM,100600,174"
2019-06-28 11:12:50.000000000,BEST_BID,"JPM,100487,274"
2019-06-28 11:12:50.000000000,BEST_ASK,"JPM,100600,174"
2019-06-28 11:12:50.641712521,QUERY_SPREAD,38
2019-06-28 11:12:50.641712521,BEST_BID,"JPM,100487,274"
2019-06-28 11:12:50.641712521,BEST_ASK,"JPM,100600,174"
2019-06-28 11:12:58.087652949,QUERY_SPREAD,23
2019-06-28 11:12:58.087652949,BEST_BID,"JPM,100487,274"
2019-06-28 11:12:58.087652949,BEST_ASK,"JPM,100600,174"
2019-06-28 11:13:00.000000000,QUERY_SPREAD,1
2019-06-28 11:13:00.000000000,BEST_BID,"JPM,100487,326"
2019-06-28 11:13:00.000000000,BEST_ASK,"JPM,100600,100"
2019-06-28 11:13:00.000000000,BEST_BID,"JPM,100487,326"
2019-06-28 11:13:00.000000000,BEST_ASK,"JPM,100600,100"
2019-06-28 11:13:00.000000000,BEST_BID,"JPM,100487,326"
2019-06-28 11:13:00.000000000,BEST_ASK,"JPM,100600,100"
2019-06-28 11:13:00.000000000,BEST_BID,"JPM,100487,326"
2019-06-28 11:13:00.000000000,BEST_ASK,"JPM,100600,226"
2019-06-28 11:13:00.000000000,BEST_BID,"JPM,100487,326"
2019-06-28 11:13:00.000000000,BEST_ASK,"JPM,100600,226"
2019-06-28 11:13:00.000000000,BEST_BID,"JPM,100487,326"
2019-06-28 11:13:00.000000000,BEST_ASK,"JPM,100600,226"
2019-06-28 11:13:00.000000000,QUERY_SPREAD,77
2019-06-28 11:13:00.000000000,BEST_BID,"JPM,100487,326"
2019-06-28 11:13:00.000000000,BEST_ASK,"JPM,100600,221"
2019-06-28 11:13:00.000000000,LAST_TRADE,"5,$100600.0000"
2019-06-28 11:13:00.000000000,QUERY_SPREAD,78
2019-06-28 11:13:00.000000000,BEST_BID,"JPM,100487,326"
2019-06-28 11:13:00.000000000,BEST_ASK,"JPM,100600,213"
2019-06-28 11:13:00.000000000,LAST_TRADE,"8,$100600.0000"
2019-06-28 11:13:00.000000000,QUERY_SPREAD,79
2019-06-28 11:13:00.000000000,BEST_BID,"JPM,100487,326"
2019-06-28 11:13:00.000000000,BEST_ASK,"JPM,100600,208"
2019-06-28 11:13:00.000000000,LAST_TRADE,"5,$100600.0000"
2019-06-28 11:13:00.000000000,QUERY_SPREAD,80
2019-06-28 11:13:00.000000000,BEST_BID,"JPM,100487,326"
2019-06-28 11:13:00.000000000,BEST_ASK,"JPM,100600,200"
2019-06-28 11:13:00.000000000,LAST_TRADE,"8,$100600.0000"
2019-06-28 11:13:00.000000000,QUERY_SPREAD,81
2019-06-28 11:13:00.000000000,BEST_BID,"JPM,100487,326"
2019-06-28 11:13:00.000000000,BEST_ASK,"JPM,100600,191"
2019-06-28 11:13:00.000000000,LAST_TRADE,"9,$100600.0000"
2019-06-28 11:13:00.000000000,QUERY_SPREAD,82
2019-06-28 11:13:00.000000000,BEST_BID,"JPM,100487,326"
2019-06-28 11:13:00.000000000,BEST_ASK,"JPM,100600,188"
2019-06-28 11:13:00.000000000,LAST_TRADE,"3,$100600.0000"
2019-06-28 11:13:00.000000000,QUERY_SPREAD,83
2019-06-28 11:13:00.000000000,BEST_BID,"JPM,100487,326"
2019-06-28 11:13:00.000000000,BEST_ASK,"JPM,100600,180"
2019-06-28 11:13:00.000000000,LAST_TRADE,"8,$100600.0000"
2019-06-28 11:13:00.000000000,QUERY_SPREAD,84
2019-06-28 11:13:00.000000000,BEST_BID,"JPM,100487,326"
2019-06-28 11:13:00.000000000,BEST_ASK,"JPM,100600,176"
2019-06-28 11:13:00.000000000,LAST_TRADE,"4,$100600.0000"
2019-06-28 11:13:00.000000000,QUERY_SPREAD,85
2019-06-28 11:13:00.000000000,BEST_BID,"JPM,100487,326"
2019-06-28 11:13:00.000000000,BEST_ASK,"JPM,100600,171"
2019-06-28 11:13:00.000000000,LAST_TRADE,"5,$100600.0000"
2019-06-28 11:13:00.000000000,QUERY_SPREAD,86
2019-06-28 11:13:00.000000000,BEST_BID,"JPM,100487,326"
2019-06-28 11:13:00.000000000,BEST_ASK,"JPM,100600,169"
2019-06-28 11:13:00.000000000,LAST_TRADE,"2,$100600.0000"
2019-06-28 11:13:00.000000000,QUERY_SPREAD,87
2019-06-28 11:13:00.000000000,BEST_BID,"JPM,100487,326"
2019-06-28 11:13:00.000000000,BEST_ASK,"JPM,100600,162"
2019-06-28 11:13:00.000000000,LAST_TRADE,"7,$100600.0000"
2019-06-28 11:13:00.000000000,QUERY_SPREAD,88
2019-06-28 11:13:00.000000000,BEST_BID,"JPM,100487,326"
2019-06-28 11:13:00.000000000,BEST_ASK,"JPM,100600,154"
2019-06-28 11:13:00.000000000,LAST_TRADE,"8,$100600.0000"
2019-06-28 11:13:00.000000000,QUERY_SPREAD,89
2019-06-28 11:13:00.000000000,BEST_BID,"JPM,100487,326"
2019-06-28 11:13:00.000000000,BEST_ASK,"JPM,100600,149"
2019-06-28 11:13:00.000000000,LAST_TRADE,"5,$100600.0000"
2019-06-28 11:13:00.000000000,QUERY_SPREAD,90
2019-06-28 11:13:00.000000000,BEST_BID,"JPM,100487,326"
2019-06-28 11:13:00.000000000,BEST_ASK,"JPM,100600,145"
2019-06-28 11:13:00.000000000,LAST_TRADE,"4,$100600.0000"
2019-06-28 11:13:00.000000000,QUERY_SPREAD,91
2019-06-28 11:13:00.000000000,BEST_BID,"JPM,100487,326"
2019-06-28 11:13:00.000000000,BEST_ASK,"JPM,100600,142"
2019-06-28 11:13:00.000000000,LAST_TRADE,"3,$100600.0000"
2019-06-28 11:13:00.000000000,QUERY_SPREAD,92
2019-06-28 11:13:00.000000000,BEST_BID,"JPM,100487,326"
2019-06-28 11:13:00.000000000,BEST_ASK,"JPM,100600,137"
2019-06-28 11:13:00.000000000,LAST_TRADE,"5,$100600.0000"
2019-06-28 11:13:00.000000000,QUERY_SPREAD,93
2019-06-28 11:13:00.000000000,BEST_BID,"JPM,100487,326"
2019-06-28 11:13:00.000000000,BEST_ASK,"JPM,100600,130"
2019-06-28 11:13:00.000000000,LAST_TRADE,"7,$100600.0000"
2019-06-28 11:13:00.000000000,QUERY_SPREAD,94
2019-06-28 11:13:00.000000000,BEST_BID,"JPM,100487,326"
2019-06-28 11:13:00.000000000,BEST_ASK,"JPM,100600,129"
2019-06-28 11:13:00.000000000,LAST_TRADE,"1,$100600.0000"
2019-06-28 11:13:00.000000000,QUERY_SPREAD,95
2019-06-28 11:13:00.000000000,BEST_BID,"JPM,100487,326"
2019-06-28 11:13:00.000000000,BEST_ASK,"JPM,100600,128"
2019-06-28 11:13:00.000000000,LAST_TRADE,"1,$100600.0000"
2019-06-28 11:13:00.000000000,QUERY_SPREAD,96
2019-06-28 11:13:00.000000000,BEST_BID,"JPM,100487,326"
2019-06-28 11:13:00.000000000,BEST_ASK,"JPM,100600,124"
2019-06-28 11:13:00.000000000,LAST_TRADE,"4,$100600.0000"
2019-06-28 11:13:00.000000000,QUERY_SPREAD,97
2019-06-28 11:13:00.000000000,BEST_BID,"JPM,100487,326"
2019-06-28 11:13:00.000000000,BEST_ASK,"JPM,100600,121"
2019-06-28 11:13:00.000000000,LAST_TRADE,"3,$100600.0000"
2019-06-28 11:13:00.000000000,QUERY_SPREAD,98
2019-06-28 11:13:00.000000000,BEST_BID,"JPM,100487,326"
2019-06-28 11:13:00.000000000,BEST_ASK,"JPM,100600,116"
2019-06-28 11:13:00.000000000,LAST_TRADE,"5,$100600.0000"
2019-06-28 11:13:00.000000000,QUERY_SPREAD,99
2019-06-28 11:13:00.000000000,BEST_BID,"JPM,100487,326"
2019-06-28 11:13:00.000000000,BEST_ASK,"JPM,100600,112"
2019-06-28 11:13:00.000000000,LAST_TRADE,"4,$100600.0000"
2019-06-28 11:13:00.000000000,QUERY_SPREAD,100
2019-06-28 11:13:00.000000000,BEST_BID,"JPM,100487,326"
2019-06-28 11:13:00.000000000,BEST_ASK,"JPM,100600,107"
2019-06-28 11:13:00.000000000,LAST_TRADE,"5,$100600.0000"
2019-06-28 11:13:00.000000000,QUERY_SPREAD,101
2019-06-28 11:13:05.029248570,QUERY_ORDER_STREAM,76
2019-06-28 11:13:05.029248570,QUERY_SPREAD,76
2019-06-28 11:13:10.000000000,QUERY_SPREAD,1
2019-06-28 11:13:10.000000000,BEST_BID,"JPM,100487,386"
2019-06-28 11:13:10.000000000,BEST_ASK,"JPM,100610,100"
2019-06-28 11:13:10.000000000,BEST_BID,"JPM,100487,386"
2019-06-28 11:13:10.000000000,BEST_ASK,"JPM,100610,100"
2019-06-28 11:13:10.000000000,BEST_BID,"JPM,100487,386"
2019-06-28 11:13:10.000000000,BEST_ASK,"JPM,100610,286"
2019-06-28 11:13:10.000000000,BEST_BID,"JPM,100487,386"
2019-06-28 11:13:10.000000000,BEST_ASK,"JPM,100610,286"
2019-06-28 11:13:16.064971224,QUERY_SPREAD,35
2019-06-28 11:13:16.064971224,BEST_BID,"JPM,100487,386"
2019-06-28 11:13:16.064971224,BEST_ASK,"JPM,100610,286"
2019-06-28 11:13:19.580471132,QUERY_SPREAD,41
2019-06-28 11:13:19.580471132,BEST_BID,"JPM,100487,386"
2019-06-28 11:13:19.580471132,BEST_ASK,"JPM,100610,286"
2019-06-28 11:13:20.000000000,QUERY_SPREAD,1
2019-06-28 11:13:20.000000000,BEST_BID,"JPM,100487,571"
2019-06-28 11:13:20.000000000,BEST_ASK,"JPM,100610,100"
2019-06-28 11:13:20.000000000,BEST_BID,"JPM,100487,571"
2019-06-28 11:13:20.000000000,BEST_ASK,"JPM,100610,471"
2019-06-28 11:13:30.000000000,QUERY_SPREAD,1
2019-06-28 11:13:30.000000000,BEST_BID,"JPM,100487,293"
2019-06-28 11:13:30.000000000,BEST_ASK,"JPM,100610,100"
2019-06-28 11:13:30.000000000,BEST_BID,"JPM,100487,293"
2019-06-28 11:13:30.000000000,BEST_ASK,"JPM,100610,100"
2019-06-28 11:13:30.000000000,BEST_BID,"JPM,100487,293"
2019-06-28 11:13:30.000000000,BEST_ASK,"JPM,100610,100"
2019-06-28 11:13:30.000000000,BEST_BID,"JPM,100487,293"
2019-06-28 11:13:30.000000000,BEST_ASK,"JPM,100610,100"
2019-06-28 11:13:30.000000000,BEST_BID,"JPM,100487,293"
2019-06-28 11:13:30.000000000,BEST_ASK,"JPM,100610,193"
2019-06-28 11:13:30.000000000,BEST_BID,"JPM,100487,293"
2019-06-28 11:13:30.000000000,BEST_ASK,"JPM,100610,193"
2019-06-28 11:13:30.000000000,BEST_BID,"JPM,100487,293"
2019-06-28 11:13:30.000000000,BEST_ASK,"JPM,100610,193"
2019-06-28 11:13:30.000000000,BEST_BID,"JPM,100487,293"
2019-06-28 11:13:30.000000000,BEST_ASK,"JPM,100610,193"
2019-06-28 11:13:40.000000000,QUERY_SPREAD,1
2019-06-28 11:13:40.000000000,BEST_BID,"JPM,100487,326"
2019-06-28 11:13:40.000000000,BEST_ASK,"JPM,100610,100"
2019-06-28 11:13:40.000000000,BEST_BID,"JPM,100487,326"
2019-06-28 11:13:40.000000000,BEST_ASK,"JPM,100610,100"
2019-06-28 11:13:40.000000000,BEST_BID,"JPM,100487,326"
2019-06-28 11:13:40.000000000,BEST_ASK,"JPM,100610,100"
2019-06-28 11:13:40.000000000,BEST_BID,"JPM,100487,326"
2019-06-28 11:13:40.000000000,BEST_ASK,"JPM,100610,226"
2019-06-28 11:13:40.000000000,BEST_BID,"JPM,100487,326"
2019-06-28 11:13:40.000000000,BEST_ASK,"JPM,100610,226"
2019-06-28 11:13:40.000000000,BEST_BID,"JPM,100487,326"
2019-06-28 11:13:40.000000000,BEST_ASK,"JPM,100610,226"
2019-06-28 11:13:50.000000000,QUERY_SPREAD,1
2019-06-28 11:13:50.000000000,BEST_BID,"JPM,100487,326"
2019-06-28 11:13:50.000000000,BEST_ASK,"JPM,100610,100"
2019-06-28 11:13:50.000000000,BEST_BID,"JPM,100487,326"
2019-06-28 11:13:50.000000000,BEST_ASK,"JPM,100610,100"
2019-06-28 11:13:50.000000000,BEST_BID,"JPM,100487,326"
2019-06-28 11:13:50.000000000,BEST_ASK,"JPM,100610,100"
2019-06-28 11:13:50.000000000,BEST_BID,"JPM,100487,326"
2019-06-28 11:13:50.000000000,BEST_ASK,"JPM,100610,226"
2019-06-28 11:13:50.000000000,BEST_BID,"JPM,100487,326"
2019-06-28 11:13:50.000000000,BEST_ASK,"JPM,100610,226"
2019-06-28 11:13:50.000000000,BEST_BID,"JPM,100487,326"
2019-06-28 11:13:50.000000000,BEST_ASK,"JPM,100610,226"
2019-06-28 11:13:56.509413477,QUERY_SPREAD,37
2019-06-28 11:13:56.509413477,BEST_BID,"JPM,100487,326"
2019-06-28 11:13:56.509413477,BEST_ASK,"JPM,100610,226"
2019-06-28 11:13:58.505824016,QUERY_SPREAD,8
2019-06-28 11:13:58.505824016,BEST_BID,"JPM,100487,326"
2019-06-28 11:13:58.505824016,BEST_ASK,"JPM,100610,226"
2019-06-28 11:13:59.208063840,QUERY_SPREAD,36
2019-06-28 11:13:59.208063840,BEST_BID,"JPM,100487,326"
2019-06-28 11:13:59.208063840,BEST_ASK,"JPM,100610,126"
2019-06-28 11:13:59.208063840,LAST_TRADE,"100,$100610.0000"
2019-06-28 11:14:00.000000000,QUERY_SPREAD,1
2019-06-28 11:14:00.000000000,BEST_BID,"JPM,100487,386"
2019-06-28 11:14:00.000000000,BEST_ASK,"JPM,100634,100"
2019-06-28 11:14:00.000000000,BEST_BID,"JPM,100487,386"
2019-06-28 11:14:00.000000000,BEST_ASK,"JPM,100634,100"
2019-06-28 11:14:00.000000000,BEST_BID,"JPM,100487,386"
2019-06-28 11:14:00.000000000,BEST_ASK,"JPM,100634,286"
2019-06-28 11:14:00.000000000,BEST_BID,"JPM,100487,386"
2019-06-28 11:14:00.000000000,BEST_ASK,"JPM,100634,286"
2019-06-28 11:14:00.000000000,QUERY_SPREAD,77
2019-06-28 11:14:00.000000000,BEST_BID,"JPM,100487,386"
2019-06-28 11:14:00.000000000,BEST_ASK,"JPM,100634,281"
2019-06-28 11:14:00.000000000,LAST_TRADE,"5,$100634.0000"
2019-06-28 11:14:00.000000000,QUERY_SPREAD,78
2019-06-28 11:14:00.000000000,BEST_BID,"JPM,100487,386"
2019-06-28 11:14:00.000000000,BEST_ASK,"JPM,100634,273"
2019-06-28 11:14:00.000000000,LAST_TRADE,"8,$100634.0000"
2019-06-28 11:14:00.000000000,QUERY_SPREAD,79
2019-06-28 11:14:00.000000000,BEST_BID,"JPM,100487,386"
2019-06-28 11:14:00.000000000,BEST_ASK,"JPM,100634,268"
2019-06-28 11:14:00.000000000,LAST_TRADE,"5,$100634.0000"
2019-06-28 11:14:00.000000000,QUERY_SPREAD,80
2019-06-28 11:14:00.000000000,BEST_BID,"JPM,100487,386"
2019-06-28 11:14:00.000000000,BEST_ASK,"JPM,100634,260"
2019-06-28 11:14:00.000000000,LAST_TRADE,"8,$100634.0000"
2019-06-28 11:14:00.000000000,QUERY_SPREAD,81
2019-06-28 11:14:00.000000000,BEST_BID,"JPM,100487,386"
2019-06-28 11:14:00.000000000,BEST_ASK,"JPM,100634,251"
2019-06-28 11:14:00.000000000,LAST_TRADE,"9,$100634.0000"
2019-06-28 11:14:00.000000000,QUERY_SPREAD,82
2019-06-28 11:14:00.000000000,BEST_BID,"JPM,100487,386"
2019-06-28 11:14:00.000000000,BEST_ASK,"JPM,100634,248"
2019-06-28 11:14:00.000000000,LAST_TRADE,"3,$100634.0000"
2019-06-28 11:14:00.000000000,QUERY_SPREAD,83
2019-06-28 11:14:00.000000000,BEST_BID,"JPM,100487,386"
2019-06-28 11:14:00.000000000,BEST_ASK,"JPM,100634,240"
2019-06-28 11:14:00.000000000,LAST_TRADE,"8,$100634.0000"
2019-06-28 11:14:00.000000000,QUERY_SPREAD,84
2019-06-28 11:14:00.000000000,BEST_BID,"JPM,100487,386"
2019-06-28 11:14:00.000000000,BEST_ASK,"JPM,100634,236"
2019-06-28 11:14:00.000000000,LAST_TRADE,"4,$100634.0000"
2019-06-28 11:14:00.000000000,QUERY_SPREAD,85
2019-06-28 11:14:00.000000000,BEST_BID,"JPM,100487,386"
2019-06-28 11:14:00.000000000,BEST_ASK,"JPM,100634,231"
2019-06-28 11:14:00.000000000,LAST_TRADE,"5,$100634.0000"
2019-06-28 11:14:00.000000000,QUERY_SPREAD,86
2019-06-28 11:14:00.000000000,BEST_BID,"JPM,100487,386"
2019-06-28 11:14:00.000000000,BEST_ASK,"JPM,100634,229"
2019-06-28 11:14:00.000000000,LAST_TRADE,"2,$100634.0000"
2019-06-28 11:14:00.000000000,QUERY_SPREAD,87
2019-06-28 11:14:00.000000000,BEST_BID,"JPM,100487,386"
2019-06-28 11:14:00.000000000,BEST_ASK,"JPM,100634,222"
2019-06-28 11:14:00.000000000,LAST_TRADE,"7,$100634.0000"
2019-06-28 11:14:00.000000000,QUERY_SPREAD,88
2019-06-28 11:14:00.000000000,BEST_BID,"JPM,100487,386"
2019-06-28 11:14:00.000000000,BEST_ASK,"JPM,100634,214"
2019-06-28 11:14:00.000000000,LAST_TRADE,"8,$100634.0000"
2019-06-28 11:14:00.000000000,QUERY_SPREAD,89
2019-06-28 11:14:00.000000000,BEST_BID,"JPM,100487,386"
2019-06-28 11:14:00.000000000,BEST_ASK,"JPM,100634,209"
2019-06-28 11:14:00.000000000,LAST_TRADE,"5,$100634.0000"
2019-06-28 11:14:00.000000000,QUERY_SPREAD,90
2019-06-28 11:14:00.000000000,BEST_BID,"JPM,100487,386"
2019-06-28 11:14:00.000000000,BEST_ASK,"JPM,100634,205"
2019-06-28 11:14:00.000000000,LAST_TRADE,"4,$100634.0000"
2019-06-28 11:14:00.000000000,QUERY_SPREAD,91
2019-06-28 11:14:00.000000000,BEST_BID,"JPM,100487,386"
2019-06-28 11:14:00.000000000,BEST_ASK,"JPM,100634,202"
2019-06-28 11:14:00.000000000,LAST_TRADE,"3,$100634.0000"
2019-06-28 11:14:00.000000000,QUERY_SPREAD,92
2019-06-28 11:14:00.000000000,BEST_BID,"JPM,100487,386"
2019-06-28 11:14:00.000000000,BEST_ASK,"JPM,100634,197"
2019-06-28 11:14:00.000000000,LAST_TRADE,"5,$100634.0000"
2019-06-28 11:14:00.000000000,QUERY_SPREAD,93
2019-06-28 11:14:00.000000000,BEST_BID,"JPM,100487,386"
2019-06-28 11:14:00.000000000,BEST_ASK,"JPM,100634,190"
2019-06-28 11:14:00.000000000,LAST_TRADE,"7,$100634.0000"
2019-06-28 11:14:00.000000000,QUERY_SPREAD,94
2019-06-28 11:14:00.000000000,BEST_BID,"JPM,100487,386"
2019-06-28 11:14:00.000000000,BEST_ASK,"JPM,100634,189"
2019-06-28 11:14:00.000000000,LAST_TRADE,"1,$100634.0000"
2019-06-28 11:14:00.000000000,QUERY_SPREAD,95
2019-06-28 11:14:00.000000000,BEST_BID,"JPM,100487,386"
2019-06-28 11:14:00.000000000,BEST_ASK,"JPM,100634,188"
2019-06-28 11:14:00.000000000,LAST_TRADE,"1,$100634.0000"
2019-06-28 11:14:00.000000000,QUERY_SPREAD,96
2019-06-28 11:14:00.000000000,BEST_BID,"JPM,100487,386"
2019-06-28 11:14:00.000000000,BEST_ASK,"JPM,100634,184"
2019-06-28 11:14:00.000000000,LAST_TRADE,"4,$100634.0000"
2019-06-28 11:14:00.000000000,QUERY_SPREAD,97
2019-06-28 11:14:00.000000000,BEST_BID,"JPM,100487,386"
2019-06-28 11:14:00.000000000,BEST_ASK,"JPM,100634,181"
2019-06-28 11:14:00.000000000,LAST_TRADE,"3,$100634.0000"
2019-06-28 11:14:00.000000000,QUERY_SPREAD,98
2019-06-28 11:14:00.000000000,BEST_BID,"JPM,100487,386"
2019-06-28 11:14:00.000000000,BEST_ASK,"JPM,100634,176"
2019-06-28 11:14:00.000000000,LAST_TRADE,"5,$100634.0000"
2019-06-28 11:14:00.000000000,QUERY_SPREAD,99
2019-06-28 11:14:00.000000000,BEST_BID,"JPM,100487,386"
2019-06-28 11:14:00.000000000,BEST_ASK,"JPM,100634,172"
2019-06-28 11:14:00.000000000,LAST_TRADE,"4,$100634.0000"
2019-06-28 11:14:00.000000000,QUERY_SPREAD,100
2019-06-28 11:14:00.000000000,BEST_BID,"JPM,100487,386"
2019-06-28 11:14:00.000000000,BEST_ASK,"JPM,100634,167"
2019-06-28 11:14:00.000000000,LAST_TRADE,"5,$100634.0000"
2019-06-28 11:14:00.000000000,QUERY_SPREAD,101
2019-06-28 11:14:08.957048372,QUERY_SPREAD,2
2019-06-28 11:14:08.957048372,BEST_BID,"JPM,100487,386"
2019-06-28 11:14:08.957048372,BEST_ASK,"JPM,100634,167"
2019-06-28 11:14:10.000000000,QUERY_SPREAD,1
2019-06-28 11:14:10.000000000,BEST_BID,"JPM,100487,386"
2019-06-28 11:14:10.000000000,BEST_ASK,"JPM,100762,100"
2019-06-28 11:14:10.000000000,BEST_BID,"JPM,100487,386"
2019-06-28 11:14:10.000000000,BEST_ASK,"JPM,100762,100"
2019-06-28 11:14:10.000000000,BEST_BID,"JPM,100487,386"
2019-06-28 11:14:10.000000000,BEST_ASK,"JPM,100762,286"
2019-06-28 11:14:10.000000000,BEST_BID,"JPM,100487,386"
2019-06-28 11:14:10.000000000,BEST_ASK,"JPM,100762,286"
2019-06-28 11:14:12.501092375,QUERY_SPREAD,17
2019-06-28 11:14:12.501092375,BEST_BID,"JPM,100487,386"
2019-06-28 11:14:12.501092375,BEST_ASK,"JPM,100762,186"
2019-06-28 11:14:12.501092375,LAST_TRADE,"100,$100762.0000"
2019-06-28 11:14:20.000000000,QUERY_SPREAD,1
2019-06-28 11:14:20.000000000,BEST_BID,"JPM,100487,274"
2019-06-28 11:14:20.000000000,BEST_ASK,"JPM,100904,100"
2019-06-28 11:14:20.000000000,BEST_BID,"JPM,100487,274"
2019-06-28 11:14:20.000000000,BEST_ASK,"JPM,100904,100"
2019-06-28 11:14:20.000000000,BEST_BID,"JPM,100487,274"
2019-06-28 11:14:20.000000000,BEST_ASK,"JPM,100904,100"
2019-06-28 11:14:20.000000000,BEST_BID,"JPM,100487,274"
2019-06-28 11:14:20.000000000,BEST_ASK,"JPM,100904,100"
2019-06-28 11:14:20.000000000,BEST_BID,"JPM,100487,274"
2019-06-28 11:14:20.000000000,BEST_ASK,"JPM,100904,100"
2019-06-28 11:14:20.000000000,BEST_BID,"JPM,100487,274"
2019-06-28 11:14:20.000000000,BEST_ASK,"JPM,100904,174"
2019-06-28 11:14:20.000000000,BEST_BID,"JPM,100487,274"
2019-06-28 11:14:20.000000000,BEST_ASK,"JPM,100904,174"
2019-06-28 11:14:20.000000000,BEST_BID,"JPM,100487,274"
2019-06-28 11:14:20.000000000,BEST_ASK,"JPM,100904,174"
2019-06-28 11:14:20.000000000,BEST_BID,"JPM,100487,274"
2019-06-28 11:14:20.000000000,BEST_ASK,"JPM,100904,174"
2019-06-28 11:14:20.000000000,BEST_BID,"JPM,100487,274"
2019-06-28 11:14:20.000000000,BEST_ASK,"JPM,100904,174"
2019-06-28 11:14:23.225080762,QUERY_SPREAD,50
2019-06-28 11:14:23.225080762,BEST_BID,"JPM,100487,274"
2019-06-28 11:14:23.225080762,BEST_ASK,"JPM,100904,174"
2019-06-28 11:14:30.000000000,QUERY_SPREAD,1
2019-06-28 11:14:30.000000000,BEST_BID,"JPM,100487,274"
2019-06-28 11:14:30.000000000,BEST_ASK,"JPM,100904,100"
2019-06-28 11:14:30.000000000,BEST_BID,"JPM,100487,274"
2019-06-28 11:14:30.000000000,BEST_ASK,"JPM,100904,100"
2019-06-28 11:14:30.000000000,BEST_BID,"JPM,100487,274"
2019-06-28 11:14:30.000000000,BEST_ASK,"JPM,100904,100"
2019-06-28 11:14:30.000000000,BEST_BID,"JPM,100487,274"
2019-06-28 11:14:30.000000000,BEST_ASK,"JPM,100904,100"
2019-06-28 11:14:30.000000000,BEST_BID,"JPM,100487,274"
2019-06-28 11:14:30.000000000,BEST_ASK,"JPM,100904,100"
2019-06-28 11:14:30.000000000,BEST_BID,"JPM,100487,274"
2019-06-28 11:14:30.000000000,BEST_ASK,"JPM,100904,174"
2019-06-28 11:14:30.000000000,BEST_BID,"JPM,100487,274"
2019-06-28 11:14:30.000000000,BEST_ASK,"JPM,100904,174"
2019-06-28 11:14:30.000000000,BEST_BID,"JPM,100487,274"
2019-06-28 11:14:30.000000000,BEST_ASK,"JPM,100904,174"
2019-06-28 11:14:30.000000000,BEST_BID,"JPM,100487,274"
2019-06-28 11:14:30.000000000,BEST_ASK,"JPM,100904,174"
2019-06-28 11:14:30.000000000,BEST_BID,"JPM,100487,274"
2019-06-28 11:14:30.000000000,BEST_ASK,"JPM,100904,174"
2019-06-28 11:14:39.507788480,QUERY_ORDER_STREAM,71
2019-06-28 11:14:39.507788480,QUERY_SPREAD,71
2019-06-28 11:14:40.000000000,QUERY_SPREAD,1
2019-06-28 11:14:40.000000000,BEST_BID,"JPM,100487,293"
2019-06-28 11:14:40.000000000,BEST_ASK,"JPM,100904,100"
2019-06-28 11:14:40.000000000,BEST_BID,"JPM,100487,293"
2019-06-28 11:14:40.000000000,BEST_ASK,"JPM,100904,100"
2019-06-28 11:14:40.000000000,BEST_BID,"JPM,100487,293"
2019-06-28 11:14:40.000000000,BEST_ASK,"JPM,100904,100"
2019-06-28 11:14:40.000000000,BEST_BID,"JPM,100487,293"
2019-06-28 11:14:40.000000000,BEST_ASK,"JPM,100904,100"
2019-06-28 11:14:40.000000000,BEST_BID,"JPM,100487,293"
2019-06-28 11:14:40.000000000,BEST_ASK,"JPM,100904,193"
2019-06-28 11:14:40.000000000,BEST_BID,"JPM,100487,293"
2019-06-28 11:14:40.000000000,BEST_ASK,"JPM,100904,193"
2019-06-28 11:14:40.000000000,BEST_BID,"JPM,100487,293"
2019-06-28 11:14:40.000000000,BEST_ASK,"JPM,100904,193"
2019-06-28 11:14:40.000000000,BEST_BID,"JPM,100487,293"
2019-06-28 11:14:40.000000000,BEST_ASK,"JPM,100904,193"
2019-06-28 11:14:50.000000000,QUERY_SPREAD,1
2019-06-28 11:14:50.000000000,BEST_BID,"JPM,100487,326"
2019-06-28 11:14:50.000000000,BEST_ASK,"JPM,100904,100"
2019-06-28 11:14:50.000000000,BEST_BID,"JPM,100487,326"
2019-06-28 11:14:50.000000000,BEST_ASK,"JPM,100904,100"
2019-06-28 11:14:50.000000000,BEST_BID,"JPM,100487,326"
2019-06-28 11:14:50.000000000,BEST_ASK,"JPM,100904,100"
2019-06-28 11:14:50.000000000,BEST_BID,"JPM,100487,326"
2019-06-28 11:14:50.000000000,BEST_ASK,"JPM,100904,226"
2019-06-28 11:14:50.000000000,BEST_BID,"JPM,100487,326"
2019-06-28 11:14:50.000000000,BEST_ASK,"JPM,100904,226"
2019-06-28 11:14:50.000000000,BEST_BID,"JPM,100487,326"
2019-06-28 11:14:50.000000000,BEST_ASK,"JPM,100904,226"
2019-06-28 11:15:00.000000000,QUERY_SPREAD,1
2019-06-28 11:15:00.000000000,BEST_BID,"JPM,100487,386"
2019-06-28 11:15:00.000000000,BEST_ASK,"JPM,100904,100"
2019-06-28 11:15:00.000000000,BEST_BID,"JPM,100487,386"
2019-06-28 11:15:00.000000000,BEST_ASK,"JPM,100904,100"
2019-06-28 11:15:00.000000000,BEST_BID,"JPM,100487,386"
2019-06-28 11:15:00.000000000,BEST_ASK,"JPM,100904,286"
2019-06-28 11:15:00.000000000,BEST_BID,"JPM,100487,386"
2019-06-28 11:15:00.000000000,BEST_ASK,"JPM,100904,286"
2019-06-28 11:15:00.000000000,QUERY_SPREAD,77
2019-06-28 11:15:00.000000000,BEST_BID,"JPM,100487,386"
2019-06-28 11:15:00.000000000,BEST_ASK,"JPM,100904,281"
2019-06-28 11:15:00.000000000,LAST_TRADE,"5,$100904.0000"
2019-06-28 11:15:00.000000000,QUERY_SPREAD,78
2019-06-28 11:15:00.000000000,BEST_BID,"JPM,100487,386"
2019-06-28 11:15:00.000000000,BEST_ASK,"JPM,100904,273"
2019-06-28 11:15:00.000000000,LAST_TRADE,"8,$100904.0000"
2019-06-28 11:15:00.000000000,QUERY_SPREAD,79
2019-06-28 11:15:00.000000000,BEST_BID,"JPM,100487,386"
2019-06-28 11:15:00.000000000,BEST_ASK,"JPM,100904,268"
2019-06-28 11:15:00.000000000,LAST_TRADE,"5,$100904.0000"
2019-06-28 11:15:00.000000000,QUERY_SPREAD,80
2019-06-28 11:15:00.000000000,BEST_BID,"JPM,100487,386"
2019-06-28 11:15:00.000000000,BEST_ASK,"JPM,100904,260"
2019-06-28 11:15:00.000000000,LAST_TRADE,"8,$100904.0000"
2019-06-28 11:15:00.000000000,QUERY_SPREAD,81
2019-06-28 11:15:00.000000000,BEST_BID,"JPM,100487,386"
2019-06-28 11:15:00.000000000,BEST_ASK,"JPM,100904,251"
2019-06-28 11:15:00.000000000,LAST_TRADE,"9,$100904.0000"
2019-06-28 11:15:00.000000000,QUERY_SPREAD,82
2019-06-28 11:15:00.000000000,BEST_BID,"JPM,100487,386"
2019-06-28 11:15:00.000000000,BEST_ASK,"JPM,100904,248"
2019-06-28 11:15:00.000000000,LAST_TRADE,"3,$100904.0000"
2019-06-28 11:15:00.000000000,QUERY_SPREAD,83
2019-06-28 11:15:00.000000000,BEST_BID,"JPM,100487,386"
2019-06-28 11:15:00.000000000,BEST_ASK,"JPM,100904,240"
2019-06-28 11:15:00.000000000,LAST_TRADE,"8,$100904.0000"
2019-06-28 11:15:00.000000000,QUERY_SPREAD,84
2019-06-28 11:15:00.000000000,BEST_BID,"JPM,100487,386"
2019-06-28 11:15:00.000000000,BEST_ASK,"JPM,100904,236"
2019-06-28 11:15:00.000000000,LAST_TRADE,"4,$100904.0000"
2019-06-28 11:15:00.000000000,QUERY_SPREAD,85
2019-06-28 11:15:00.000000000,BEST_BID,"JPM,100487,386"
2019-06-28 11:15:00.000000000,BEST_ASK,"JPM,100904,231"
2019-06-28 11:15:00.000000000,LAST_TRADE,"5,$100904.0000"
2019-06-28 11:15:00.000000000,QUERY_SPREAD,86
2019-06-28 11:15:00.000000000,BEST_BID,"JPM,100487,386"
2019-06-28 11:15:00.000000000,BEST_ASK,"JPM,100904,229"
2019-06-28 11:15:00.000000000,LAST_TRADE,"2,$100904.0000"
2019-06-28 11:15:00.000000000,QUERY_SPREAD,87
2019-06-28 11:15:00.000000000,BEST_BID,"JPM,100487,386"
2019-06-28 11:15:00.000000000,BEST_ASK,"JPM,100904,222"
2019-06-28 11:15:00.000000000,LAST_TRADE,"7,$100904.0000"
2019-06-28 11:15:00.000000000,QUERY_SPREAD,88
2019-06-28 11:15:00.000000000,BEST_BID,"JPM,100487,386"
2019-06-28 11:15:00.000000000,BEST_ASK,"JPM,100904,214"
2019-06-28 11:15:00.000000000,LAST_TRADE,"8,$100904.0000"
2019-06-28 11:15:00.000000000,QUERY_SPREAD,89
2019-06-28 11:15:00.000000000,BEST_BID,"JPM,100487,386"
2019-06-28 11:15:00.000000000,BEST_ASK,"JPM,100904,209"
2019-06-28 11:15:00.000000000,LAST_TRADE,"5,$100904.0000"
2019-06-28 11:15:00.000000000,QUERY_SPREAD,90
2019-06-28 11:15:00.000000000,BEST_BID,"JPM,100487,386"
2019-06-28 11:15:00.000000000,BEST_ASK,"JPM,100904,205"
2019-06-28 11:15:00.000000000,LAST_TRADE,"4,$100904.0000"
2019-06-28 11:15:00.000000000,QUERY_SPREAD,91
2019-06-28 11:15:00.000000000,BEST_BID,"JPM,100487,386"
2019-06-28 11:15:00.000000000,BEST_ASK,"JPM,100904,202"
2019-06-28 11:15:00.000000000,LAST_TRADE,"3,$100904.0000"
2019-06-28 11:15:00.000000000,QUERY_SPREAD,92
2019-06-28 11:15:00.000000000,BEST_BID,"JPM,100487,386"
2019-06-28 11:15:00.000000000,BEST_ASK,"JPM,100904,197"
2019-06-28 11:15:00.000000000,LAST_TRADE,"5,$100904.0000"
2019-06-28 11:15:00.000000000,QUERY_SPREAD,93
2019-06-28 11:15:00.000000000,BEST_BID,"JPM,100487,386"
2019-06-28 11:15:00.000000000,BEST_ASK,"JPM,100904,190"
2019-06-28 11:15:00.000000000,LAST_TRADE,"7,$100904.0000"
2019-06-28 11:15:00.000000000,QUERY_SPREAD,94
2019-06-28 11:15:00.000000000,BEST_BID,"JPM,100487,386"
2019-06-28 11:15:00.000000000,BEST_ASK,"JPM,100904,189"
2019-06-28 11:15:00.000000000,LAST_TRADE,"1,$100904.0000"
2019-06-28 11:15:00.000000000,QUERY_SPREAD,95
2019-06-28 11:15:00.000000000,BEST_BID,"JPM,100487,386"
2019-06-28 11:15:00.000000000,BEST_ASK,"JPM,100904,188"
2019-06-28 11:15:00.000000000,LAST_TRADE,"1,$100904.0000"
2019-06-28 11:15:00.000000000,QUERY_SPREAD,96
2019-06-28 11:15:00.000000000,BEST_BID,"JPM,100487,386"
2019-06-28 11:15:00.000000000,BEST_ASK,"JPM,100904,184"
2019-06-28 11:15:00.000000000,LAST_TRADE,"4,$100904.0000"
2019-06-28 11:15:00.000000000,QUERY_SPREAD,97
2019-06-28 11:15:00.000000000,BEST_BID,"JPM,100487,386"
2019-06-28 11:15:00.000000000,BEST_ASK,"JPM,100904,181"
2019-06-28 11:15:00.000000000,LAST_TRADE,"3,$100904.0000"
2019-06-28 11:15:00.000000000,QUERY_SPREAD,98
2019-06-28 11:15:00.000000000,BEST_BID,"JPM,100487,386"
2019-06-28 11:15:00.000000000,BEST_ASK,"JPM,100904,176"
2019-06-28 11:15:00.000000000,LAST_TRADE,"5,$100904.0000"
2019-06-28 11:15:00.000000000,QUERY_SPREAD,99
2019-06-28 11:15:00.000000000,BEST_BID,"JPM,100487,386"
2019-06-28 11:15:00.000000000,BEST_ASK,"JPM,100904,172"
2019-06-28 11:15:00.000000000,LAST_TRADE,"4,$100904.0000"
2019-06-28 11:15:00.000000000,QUERY_SPREAD,100
2019-06-28 11:15:00.000000000,BEST_BID,"JPM,100487,386"
2019-06-28 11:15:00.000000000,BEST_ASK,"JPM,100904,167"
2019-06-28 11:15:00.000000000,LAST_TRADE,"5,$100904.0000"
2019-06-28 11:15:00.000000000,QUERY_SPREAD,101
2019-06-28 11:15:10.000000000,QUERY_SPREAD,1
2019-06-28 11:15:10.000000000,BEST_BID,"JPM,100487,571"
2019-06-28 11:15:10.000000000,BEST_ASK,"JPM,101293,100"
2019-06-28 11:15:10.000000000,BEST_BID,"JPM,100487,571"
2019-06-28 11:15:10.000000000,BEST_ASK,"JPM,101293,471"
2019-06-28 11:15:20.000000000,QUERY_SPREAD,1
2019-06-28 11:15:20.000000000,BEST_BID,"JPM,100487,326"
2019-06-28 11:15:20.000000000,BEST_ASK,"JPM,101293,100"
2019-06-28 11:15:20.000000000,BEST_BID,"JPM,100487,326"
2019-06-28 11:15:20.000000000,BEST_ASK,"JPM,101293,100"
2019-06-28 11:15:20.000000000,BEST_BID,"JPM,100487,326"
2019-06-28 11:15:20.000000000,BEST_ASK,"JPM,101293,100"
2019-06-28 11:15:20.000000000,BEST_BID,"JPM,100487,326"
2019-06-28 11:15:20.000000000,BEST_ASK,"JPM,101293,226"
2019-06-28 11:15:20.000000000,BEST_BID,"JPM,100487,326"
2019-06-28 11:15:20.000000000,BEST_ASK,"JPM,101293,226"
2019-06-28 11:15:20.000000000,BEST_BID,"JPM,100487,326"
2019-06-28 11:15:20.000000000,BEST_ASK,"JPM,101293,226"
2019-06-28 11:15:30.000000000,QUERY_SPREAD,1
2019-06-28 11:15:30.000000000,BEST_BID,"JPM,100487,571"
2019-06-28 11:15:30.000000000,BEST_ASK,"JPM,101293,100"
2019-06-28 11:15:30.000000000,BEST_BID,"JPM,100487,571"
2019-06-28 11:15:30.000000000,BEST_ASK,"JPM,101293,471"
2019-06-28 11:15:40.000000000,QUERY_SPREAD,1
2019-06-28 11:15:40.000000000,BEST_BID,"JPM,100487,293"
2019-06-28 11:15:40.000000000,BEST_ASK,"JPM,101293,100"
2019-06-28 11:15:40.000000000,BEST_BID,"JPM,100487,293"
2019-06-28 11:15:40.000000000,BEST_ASK,"JPM,101293,100"
2019-06-28 11:15:40.000000000,BEST_BID,"JPM,100487,293"
2019-06-28 11:15:40.000000000,BEST_ASK,"JPM,101293,100"
2019-06-28 11:15:40.000000000,BEST_BID,"JPM,100487,293"
2019-06-28 11:15:40.000000000,BEST_ASK,"JPM,101293,100"
2019-06-28 11:15:40.000000000,BEST_BID,"JPM,100487,293"
2019-06-28 11:15:40.000000000,BEST_ASK,"JPM,101293,193"
2019-06-28 11:15:40.000000000,BEST_BID,"JPM,100487,293"
2019-06-28 11:15:40.000000000,BEST_ASK,"JPM,101293,193"
2019-06-28 11:15:40.000000000,BEST_BID,"JPM,100487,293"
2019-06-28 11:15:40.000000000,BEST_ASK,"JPM,101293,193"
2019-06-28 11:15:40.000000000,BEST_BID,"JPM,100487,293"
2019-06-28 11:15:40.000000000,BEST_ASK,"JPM,101293,193"
2019-06-28 11:15:41.482576458,QUERY_SPREAD,13
2019-06-28 11:15:41.482576458,BEST_BID,"JPM,100487,293"
2019-06-28 11:15:41.482576458,BEST_ASK,"JPM,101293,193"
2019-06-28 11:15:43.429840300,QUERY_ORDER_STREAM,75
2019-06-28 11:15:43.429840300,QUERY_SPREAD,75
2019-06-28 11:15:50.000000000,QUERY_SPREAD,1
2019-06-28 11:15:50.000000000,BEST_BID,"JPM,100487,293"
2019-06-28 11:15:50.000000000,BEST_ASK,"JPM,101293,100"
2019-06-28 11:15:50.000000000,BEST_BID,"JPM,100487,293"
2019-06-28 11:15:50.000000000,BEST_ASK,"JPM,101293,100"
2019-06-28 11:15:50.000000000,BEST_BID,"JPM,100487,293"
2019-06-28 11:15:50.000000000,BEST_ASK,"JPM,101293,100"
2019-06-28 11:15:50.000000000,BEST_BID,"JPM,100487,293"
2019-06-28 11:15:50.000000000,BEST_ASK,"JPM,101293,100"
2019-06-28 11:15:50.000000000,BEST_BID,"JPM,100487,293"
2019-06-28 11:15:50.000000000,BEST_ASK,"JPM,101293,193"
2019-06-28 11:15:50.000000000,BEST_BID,"JPM,100487,293"
2019-06-28 11:15:50.000000000,BEST_ASK,"JPM,101293,193"
2019-06-28 11:15:50.000000000,BEST_BID,"JPM,100487,293"
2019-06-28 11:15:50.000000000,BEST_ASK,"JPM,101293,193"
2019-06-28 11:15:50.000000000,BEST_BID,"JPM,100487,293"
2019-06-28 11:15:50.000000000,BEST_ASK,"JPM,101293,193"
2019-06-28 11:16:00.000000000,QUERY_SPREAD,1
2019-06-28 11:16:00.000000000,BEST_BID,"JPM,100487,571"
2019-06-28 11:16:00.000000000,BEST_ASK,"JPM,101293,100"
2019-06-28 11:16:00.000000000,BEST_BID,"JPM,100487,571"
2019-06-28 11:16:00.000000000,BEST_ASK,"JPM,101293,471"
2019-06-28 11:16:00.000000000,QUERY_SPREAD,77
2019-06-28 11:16:00.000000000,BEST_BID,"JPM,100487,571"
2019-06-28 11:16:00.000000000,BEST_ASK,"JPM,101293,466"
2019-06-28 11:16:00.000000000,LAST_TRADE,"5,$101293.0000"
2019-06-28 11:16:00.000000000,QUERY_SPREAD,78
2019-06-28 11:16:00.000000000,BEST_BID,"JPM,100487,571"
2019-06-28 11:16:00.000000000,BEST_ASK,"JPM,101293,458"
2019-06-28 11:16:00.000000000,LAST_TRADE,"8,$101293.0000"
2019-06-28 11:16:00.000000000,QUERY_SPREAD,79
2019-06-28 11:16:00.000000000,BEST_BID,"JPM,100487,571"
2019-06-28 11:16:00.000000000,BEST_ASK,"JPM,101293,453"
2019-06-28 11:16:00.000000000,LAST_TRADE,"5,$101293.0000"
2019-06-28 11:16:00.000000000,QUERY_SPREAD,80
2019-06-28 11:16:00.000000000,BEST_BID,"JPM,100487,571"
2019-06-28 11:16:00.000000000,BEST_ASK,"JPM,101293,445"
2019-06-28 11:16:00.000000000,LAST_TRADE,"8,$101293.0000"
2019-06-28 11:16:00.000000000,QUERY_SPREAD,81
2019-06-28 11:16:00.000000000,BEST_BID,"JPM,100487,571"
2019-06-28 11:16:00.000000000,BEST_ASK,"JPM,101293,436"
2019-06-28 11:16:00.000000000,LAST_TRADE,"9,$101293.0000"
2019-06-28 11:16:00.000000000,QUERY_SPREAD,82
2019-06-28 11:16:00.000000000,BEST_BID,"JPM,100487,571"
2019-06-28 11:16:00.000000000,BEST_ASK,"JPM,101293,433"
2019-06-28 11:16:00.000000000,LAST_TRADE,"3,$101293.0000"
2019-06-28 11:16:00.000000000,QUERY_SPREAD,83
2019-06-28 11:16:00.000000000,BEST_BID,"JPM,100487,571"
2019-06-28 11:16:00.000000000,BEST_ASK,"JPM,101293,425"
2019-06-28 11:16:00.000000000,LAST_TRADE,"8,$101293.0000"
2019-06-28 11:16:00.000000000,QUERY_SPREAD,84
2019-06-28 11:16:00.000000000,BEST_BID,"JPM,100487,571"
2019-06-28 11:16:00.000000000,BEST_ASK,"JPM,101293,421"
2019-06-28 11:16:00.000000000,LAST_TRADE,"4,$101293.0000"
2019-06-28 11:16:00.000000000,QUERY_SPREAD,85
2019-06-28 11:16:00.000000000,BEST_BID,"JPM,100487,571"
2019-06-28 11:16:00.000000000,BEST_ASK,"JPM,101293,416"
2019-06-28 11:16:00.000000000,LAST_TRADE,"5,$101293.0000"
2019-06-28 11:16:00.000000000,QUERY_SPREAD,86
2019-06-28 11:16:00.000000000,BEST_BID,"JPM,100487,571"
2019-06-28 11:16:00.000000000,BEST_ASK,"JPM,101293,414"
2019-06-28 11:16:00.000000000,LAST_TRADE,"2,$101293.0000"
2019-06-28 11:16:00.000000000,QUERY_SPREAD,87
2019-06-28 11:16:00.000000000,BEST_BID,"JPM,100487,571"
2019-06-28 11:16:00.000000000,BEST_ASK,"JPM,101293,407"
2019-06-28 11:16:00.000000000,LAST_TRADE,"7,$101293.0000"
2019-06-28 11:16:00.000000000,QUERY_SPREAD,88
2019-06-28 11:16:00.000000000,BEST_BID,"JPM,100487,571"
2019-06-28 11:16:00.000000000,BEST_ASK,"JPM,101293,399"
2019-06-28 11:16:00.000000000,LAST_TRADE,"8,$101293.0000"
2019-06-28 11:16:00.000000000,QUERY_SPREAD,89
2019-06-28 11:16:00.000000000,BEST_BID,"JPM,100487,571"
2019-06-28 11:16:00.000000000,BEST_ASK,"JPM,101293,394"
2019-06-28 11:16:00.000000000,LAST_TRADE,"5,$101293.0000"
2019-06-28 11:16:00.000000000,QUERY_SPREAD,90
2019-06-28 11:16:00.000000000,BEST_BID,"JPM,100487,571"
2019-06-28 11:16:00.000000000,BEST_ASK,"JPM,101293,390"
2019-06-28 11:16:00.000000000,LAST_TRADE,"4,$101293.0000"
2019-06-28 11:16:00.000000000,QUERY_SPREAD,91
2019-06-28 11:16:00.000000000,BEST_BID,"JPM,100487,571"
2019-06-28 11:16:00.000000000,BEST_ASK,"JPM,101293,387"
2019-06-28 11:16:00.000000000,LAST_TRADE,"3,$101293.0000"
2019-06-28 11:16:00.000000000,QUERY_SPREAD,92
2019-06-28 11:16:00.000000000,BEST_BID,"JPM,100487,571"
2019-06-28 11:16:00.000000000,BEST_ASK,"JPM,101293,382"
2019-06-28 11:16:00.000000000,LAST_TRADE,"5,$101293.0000"
2019-06-28 11:16:00.000000000,QUERY_SPREAD,93
2019-06-28 11:16:00.000000000,BEST_BID,"JPM,100487,571"
2019-06-28 11:16:00.000000000,BEST_ASK,"JPM,101293,375"
2019-06-28 11:16:00.000000000,LAST_TRADE,"7,$101293.0000"
2019-06-28 11:16:00.000000000,QUERY_SPREAD,94
2019-06-28 11:16:00.000000000,BEST_BID,"JPM,100487,571"
2019-06-28 11:16:00.000000000,BEST_ASK,"JPM,101293,374"
2019-06-28 11:16:00.000000000,LAST_TRADE,"1,$101293.0000"
2019-06-28 11:16:00.000000000,QUERY_SPREAD,95
2019-06-28 11:16:00.000000000,BEST_BID,"JPM,100487,571"
2019-06-28 11:16:00.000000000,BEST_ASK,"JPM,101293,373"
2019-06-28 11:16:00.000000000,LAST_TRADE,"1,$101293.0000"
2019-06-28 11:16:00.000000000,QUERY_SPREAD,96
2019-06-28 11:16:00.000000000,BEST_BID,"JPM,100487,571"
2019-06-28 11:16:00.000000000,BEST_ASK,"JPM,101293,369"
2019-06-28 11:16:00.000000000,LAST_TRADE,"4,$101293.0000"
2019-06-28 11:16:00.000000000,QUERY_SPREAD,97
2019-06-28 11:16:00.000000000,BEST_BID,"JPM,100487,571"
2019-06-28 11:16:00.000000000,BEST_ASK,"JPM,101293,366"
2019-06-28 11:16:00.000000000,LAST_TRADE,"3,$101293.0000"
2019-06-28 11:16:00.000000000,QUERY_SPREAD,98
2019-06-28 11:16:00.000000000,BEST_BID,"JPM,100487,571"
2019-06-28 11:16:00.000000000,BEST_ASK,"JPM,101293,361"
2019-06-28 11:16:00.000000000,LAST_TRADE,"5,$101293.0000"
2019-06-28 11:16:00.000000000,QUERY_SPREAD,99
2019-06-28 11:16:00.000000000,BEST_BID,"JPM,100487,571"
2019-06-28 11:16:00.000000000,BEST_ASK,"JPM,101293,357"
2019-06-28 11:16:00.000000000,LAST_TRADE,"4,$101293.0000"
2019-06-28 11:16:00.000000000,QUERY_SPREAD,100
2019-06-28 11:16:00.000000000,BEST_BID,"JPM,100487,571"
2019-06-28 11:16:00.000000000,BEST_ASK,"JPM,101293,352"
2019-06-28 11:16:00.000000000,LAST_TRADE,"5,$101293.0000"
2019-06-28 11:16:00.000000000,QUERY_SPREAD,101
2019-06-28 11:16:01.576915387,QUERY_SPREAD,21
2019-06-28 11:16:01.576915387,BEST_BID,"JPM,101123,100"
2019-06-28 11:16:01.576915387,BEST_ASK,"JPM,101293,352"
2019-06-28 11:16:03.511653288,QUERY_SPREAD,31
2019-06-28 11:16:03.511653288,BEST_BID,"JPM,101123,100"
2019-06-28 11:16:03.511653288,BEST_ASK,"JPM,101293,352"
2019-06-28 11:16:10.000000000,QUERY_SPREAD,1
2019-06-28 11:16:10.000000000,BEST_BID,"JPM,101123,193"
2019-06-28 11:16:10.000000000,BEST_ASK,"JPM,101294,100"
2019-06-28 11:16:10.000000000,BEST_BID,"JPM,101123,193"
2019-06-28 11:16:10.000000000,BEST_ASK,"JPM,101294,100"
2019-06-28 11:16:10.000000000,BEST_BID,"JPM,101123,193"
2019-06-28 11:16:10.000000000,BEST_ASK,"JPM,101294,100"
2019-06-28 11:16:10.000000000,BEST_BID,"JPM,101123,193"
2019-06-28 11:16:10.000000000,BEST_ASK,"JPM,101294,100"
2019-06-28 11:16:10.000000000,BEST_BID,"JPM,101123,193"
2019-06-28 11:16:10.000000000,BEST_ASK,"JPM,101294,193"
2019-06-28 11:16:10.000000000,BEST_BID,"JPM,101123,193"
2019-06-28 11:16:10.000000000,BEST_ASK,"JPM,101294,193"
2019-06-28 11:16:10.000000000,BEST_BID,"JPM,101123,193"
2019-06-28 11:16:10.000000000,BEST_ASK,"JPM,101294,193"
2019-06-28 11:16:10.000000000,BEST_BID,"JPM,101123,193"
2019-06-28 11:16:10.000000000,BEST_ASK,"JPM,101294,193"
2019-06-28 11:16:17.297522404,QUERY_ORDER_STREAM,67
2019-06-28 11:16:17.297522404,QUERY_SPREAD,67
2019-06-28 11:16:17.297522404,BEST_BID,"JPM,101293,100"
2019-06-28 11:16:17.297522404,BEST_ASK,"JPM,101294,193"
2019-06-28 11:16:20.000000000,QUERY_SPREAD,1
2019-06-28 11:16:20.000000000,BEST_BID,"JPM,101293,174"
2019-06-28 11:16:20.000000000,BEST_ASK,"JPM,101294,100"
2019-06-28 11:16:20.000000000,BEST_BID,"JPM,101293,174"
2019-06-28 11:16:20.000000000,BEST_ASK,"JPM,101294,100"
2019-06-28 11:16:20.000000000,BEST_BID,"JPM,101293,174"
2019-06-28 11:16:20.000000000,BEST_ASK,"JPM,101294,100"
2019-06-28 11:16:20.000000000,BEST_BID,"JPM,101293,174"
2019-06-28 11:16:20.000000000,BEST_ASK,"JPM,101294,100"
2019-06-28 11:16:20.000000000,BEST_BID,"JPM,101293,174"
2019-06-28 11:16:20.000000000,BEST_ASK,"JPM,101294,100"
2019-06-28 11:16:20.000000000,BEST_BID,"JPM,101293,174"
2019-06-28 11:16:20.000000000,BEST_ASK,"JPM,101294,174"
2019-06-28 11:16:20.000000000,BEST_BID,"JPM,101293,174"
2019-06-28 11:16:20.000000000,BEST_ASK,"JPM,101294,174"
2019-06-28 11:16:20.000000000,BEST_BID,"JPM,101293,174"
2019-06-28 11:16:20.000000000,BEST_ASK,"JPM,101294,174"
2019-06-28 11:16:20.000000000,BEST_BID,"JPM,101293,174"
2019-06-28 11:16:20.000000000,BEST_ASK,"JPM,101294,174"
2019-06-28 11:16:20.000000000,BEST_BID,"JPM,101293,174"
2019-06-28 11:16:20.000000000,BEST_ASK,"JPM,101294,174"
2019-06-28 11:16:30.000000000,QUERY_SPREAD,1
2019-06-28 11:16:30.000000000,BEST_BID,"JPM,101293,286"
2019-06-28 11:16:30.000000000,BEST_ASK,"JPM,101294,100"
2019-06-28 11:16:30.000000000,BEST_BID,"JPM,101293,286"
2019-06-28 11:16:30.000000000,BEST_ASK,"JPM,101294,100"
2019-06-28 11:16:30.000000000,BEST_BID,"JPM,101293,286"
2019-06-28 11:16:30.000000000,BEST_ASK,"JPM,101294,286"
2019-06-28 11:16:30.000000000,BEST_BID,"JPM,101293,286"
2019-06-28 11:16:30.000000000,BEST_ASK,"JPM,101294,286"
2019-06-28 11:16:34.404444684,QUERY_SPREAD,19
2019-06-28 11:16:34.404444684,BEST_BID,"JPM,101293,286"
2019-06-28 11:16:34.404444684,BEST_ASK,"JPM,101294,186"
2019-06-28 11:16:34.404444684,LAST_TRADE,"100,$101294.0000"
2019-06-28 11:16:34.568206357,QUERY_SPREAD,48
2019-06-28 11:16:34.568206357,BEST_BID,"JPM,101293,286"
2019-06-28 11:16:34.568206357,BEST_ASK,"JPM,101294,186"
2019-06-28 11:16:40.000000000,QUERY_SPREAD,1
2019-06-28 11:16:40.000000000,BEST_BID,"JPM,101293,193"
2019-06-28 11:16:40.000000000,BEST_ASK,"JPM,101405,100"
2019-06-28 11:16:40.000000000,BEST_BID,"JPM,101293,193"
2019-06-28 11:16:40.000000000,BEST_ASK,"JPM,101405,100"
2019-06-28 11:16:40.000000000,BEST_BID,"JPM,101293,193"
2019-06-28 11:16:40.000000000,BEST_ASK,"JPM,101405,100"
2019-06-28 11:16:40.000000000,BEST_BID,"JPM,101293,193"
2019-06-28 11:16:40.000000000,BEST_ASK,"JPM,101405,100"
2019-06-28 11:16:40.000000000,BEST_BID,"JPM,101293,193"
2019-06-28 11:16:40.000000000,BEST_ASK,"JPM,101405,193"
2019-06-28 11:16:40.000000000,BEST_BID,"JPM,101293,193"
2019-06-28 11:16:40.000000000,BEST_ASK,"JPM,101405,193"
2019-06-28 11:16:40.000000000,BEST_BID,"JPM,101293,193"
2019-06-28 11:16:40.000000000,BEST_ASK,"JPM,101405,193"
2019-06-28 11:16:40.000000000,BEST_BID,"JPM,101293,193"
2019-06-28 11:16:40.000000000,BEST_ASK,"JPM,101405,193"
2019-06-28 11:16:42.864383413,QUERY_SPREAD,22
2019-06-28 11:16:42.864383413,BEST_BID,"JPM,101293,193"
2019-06-28 11:16:42.864383413,BEST_ASK,"JPM,101405,193"
2019-06-28 11:16:50.000000000,QUERY_SPREAD,1
2019-06-28 11:16:50.000000000,BEST_BID,"JPM,101293,286"
2019-06-28 11:16:50.000000000,BEST_ASK,"JPM,101405,100"
2019-06-28 11:16:50.000000000,BEST_BID,"JPM,101293,286"
2019-06-28 11:16:50.000000000,BEST_ASK,"JPM,101405,100"
2019-06-28 11:16:50.000000000,BEST_BID,"JPM,101293,286"
2019-06-28 11:16:50.000000000,BEST_ASK,"JPM,101405,286"
2019-06-28 11:16:50.000000000,BEST_BID,"JPM,101293,286"
2019-06-28 11:16:50.000000000,BEST_ASK,"JPM,101405,286"
2019-06-28 11:16:55.840972415,QUERY_SPREAD,25
2019-06-28 11:16:55.840972415,BEST_BID,"JPM,101293,286"
2019-06-28 11:16:55.840972415,BEST_ASK,"JPM,101405,286"
2019-06-28 11:17:00.000000000,QUERY_SPREAD,1
2019-06-28 11:17:00.000000000,BEST_BID,"JPM,101293,286"
2019-06-28 11:17:00.000000000,BEST_ASK,"JPM,101405,100"
2019-06-28 11:17:00.000000000,BEST_BID,"JPM,101293,286"
2019-06-28 11:17:00.000000000,BEST_ASK,"JPM,101405,100"
2019-06-28 11:17:00.000000000,BEST_BID,"JPM,101293,286"
2019-06-28 11:17:00.000000000,BEST_ASK,"JPM,101405,286"
2019-06-28 11:17:00.000000000,BEST_BID,"JPM,101293,286"
2019-06-28 11:17:00.000000000,BEST_ASK,"JPM,101405,286"
2019-06-28 11:17:00.000000000,QUERY_SPREAD,77
2019-06-28 11:17:00.000000000,BEST_BID,"JPM,101293,286"
2019-06-28 11:17:00.000000000,BEST_ASK,"JPM,101405,281"
2019-06-28 11:17:00.000000000,LAST_TRADE,"5,$101405.0000"
2019-06-28 11:17:00.000000000,QUERY_SPREAD,78
2019-06-28 11:17:00.000000000,BEST_BID,"JPM,101293,286"
2019-06-28 11:17:00.000000000,BEST_ASK,"JPM,101405,273"
2019-06-28 11:17:00.000000000,LAST_TRADE,"8,$101405.0000"
2019-06-28 11:17:00.000000000,QUERY_SPREAD,79
2019-06-28 11:17:00.000000000,BEST_BID,"JPM,101293,286"
2019-06-28 11:17:00.000000000,BEST_ASK,"JPM,101405,268"
2019-06-28 11:17:00.000000000,LAST_TRADE,"5,$101405.0000"
2019-06-28 11:17:00.000000000,QUERY_SPREAD,80
2019-06-28 11:17:00.000000000,BEST_BID,"JPM,101293,286"
2019-06-28 11:17:00.000000000,BEST_ASK,"JPM,101405,260"
2019-06-28 11:17:00.000000000,LAST_TRADE,"8,$101405.0000"
2019-06-28 11:17:00.000000000,QUERY_SPREAD,81
2019-06-28 11:17:00.000000000,BEST_BID,"JPM,101293,286"
2019-06-28 11:17:00.000000000,BEST_ASK,"JPM,101405,251"
2019-06-28 11:17:00.000000000,LAST_TRADE,"9,$101405.0000"
2019-06-28 11:17:00.000000000,QUERY_SPREAD,82
2019-06-28 11:17:00.000000000,BEST_BID,"JPM,101293,286"
2019-06-28 11:17:00.000000000,BEST_ASK,"JPM,101405,248"
2019-06-28 11:17:00.000000000,LAST_TRADE,"3,$101405.0000"
2019-06-28 11:17:00.000000000,QUERY_SPREAD,83
2019-06-28 11:17:00.000000000,BEST_BID,"JPM,101293,286"
2019-06-28 11:17:00.000000000,BEST_ASK,"JPM,101405,240"
2019-06-28 11:17:00.000000000,LAST_TRADE,"8,$101405.0000"
2019-06-28 11:17:00.000000000,QUERY_SPREAD,84
2019-06-28 11:17:00.000000000,BEST_BID,"JPM,101293,286"
2019-06-28 11:17:00.000000000,BEST_ASK,"JPM,101405,236"
2019-06-28 11:17:00.000000000,LAST_TRADE,"4,$101405.0000"
2019-06-28 11:17:00.000000000,QUERY_SPREAD,85
2019-06-28 11:17:00.000000000,BEST_BID,"JPM,101293,286"
2019-06-28 11:17:00.000000000,BEST_ASK,"JPM,101405,231"
2019-06-28 11:17:00.000000000,LAST_TRADE,"5,$101405.0000"
2019-06-28 11:17:00.000000000,QUERY_SPREAD,86
2019-06-28 11:17:00.000000000,BEST_BID,"JPM,101293,286"
2019-06-28 11:17:00.000000000,BEST_ASK,"JPM,101405,229"
2019-06-28 11:17:00.000000000,LAST_TRADE,"2,$101405.0000"
2019-06-28 11:17:00.000000000,QUERY_SPREAD,87
2019-06-28 11:17:00.000000000,BEST_BID,"JPM,101293,286"
2019-06-28 11:17:00.000000000,BEST_ASK,"JPM,101405,222"
2019-06-28 11:17:00.000000000,LAST_TRADE,"7,$101405.0000"
2019-06-28 11:17:00.000000000,QUERY_SPREAD,88
2019-06-28 11:17:00.000000000,BEST_BID,"JPM,101293,286"
2019-06-28 11:17:00.000000000,BEST_ASK,"JPM,101405,214"
2019-06-28 11:17:00.000000000,LAST_TRADE,"8,$101405.0000"
2019-06-28 11:17:00.000000000,QUERY_SPREAD,89
2019-06-28 11:17:00.000000000,BEST_BID,"JPM,101293,286"
2019-06-28 11:17:00.000000000,BEST_ASK,"JPM,101405,209"
2019-06-28 11:17:00.000000000,LAST_TRADE,"5,$101405.0000"
2019-06-28 11:17:00.000000000,QUERY_SPREAD,90
2019-06-28 11:17:00.000000000,BEST_BID,"JPM,101293,286"
2019-06-28 11:17:00.000000000,BEST_ASK,"JPM,101405,205"
2019-06-28 11:17:00.000000000,LAST_TRADE,"4,$101405.0000"
2019-06-28 11:17:00.000000000,QUERY_SPREAD,91
2019-06-28 11:17:00.000000000,BEST_BID,"JPM,101293,286"
2019-06-28 11:17:00.000000000,BEST_ASK,"JPM,101405,202"
2019-06-28 11:17:00.000000000,LAST_TRADE,"3,$101405.0000"
2019-06-28 11:17:00.000000000,QUERY_SPREAD,92
2019-06-28 11:17:00.000000000,BEST_BID,"JPM,101293,286"
2019-06-28 11:17:00.000000000,BEST_ASK,"JPM,101405,197"
2019-06-28 11:17:00.000000000,LAST_TRADE,"5,$101405.0000"
2019-06-28 11:17:00.000000000,QUERY_SPREAD,93
2019-06-28 11:17:00.000000000,BEST_BID,"JPM,101293,286"
2019-06-28 11:17:00.000000000,BEST_ASK,"JPM,101405,190"
2019-06-28 11:17:00.000000000,LAST_TRADE,"7,$101405.0000"
2019-06-28 11:17:00.000000000,QUERY_SPREAD,94
2019-06-28 11:17:00.000000000,BEST_BID,"JPM,101293,286"
2019-06-28 11:17:00.000000000,BEST_ASK,"JPM,101405,189"
2019-06-28 11:17:00.000000000,LAST_TRADE,"1,$101405.0000"
2019-06-28 11:17:00.000000000,QUERY_SPREAD,95
2019-06-28 11:17:00.000000000,BEST_BID,"JPM,101293,286"
2019-06-28 11:17:00.000000000,BEST_ASK,"JPM,101405,188"
2019-06-28 11:17:00.000000000,LAST_TRADE,"1,$101405.0000"
2019-06-28 11:17:00.000000000,QUERY_SPREAD,96
2019-06-28 11:17:00.000000000,BEST_BID,"JPM,101293,286"
2019-06-28 11:17:00.000000000,BEST_ASK,"JPM,101405,184"
2019-06-28 11:17:00.000000000,LAST_TRADE,"4,$101405.0000"
2019-06-28 11:17:00.000000000,QUERY_SPREAD,97
2019-06-28 11:17:00.000000000,BEST_BID,"JPM,101293,286"
2019-06-28 11:17:00.000000000,BEST_ASK,"JPM,101405,181"
2019-06-28 11:17:00.000000000,LAST_TRADE,"3,$101405.0000"
2019-06-28 11:17:00.000000000,QUERY_SPREAD,98
2019-06-28 11:17:00.000000000,BEST_BID,"JPM,101293,286"
2019-06-28 11:17:00.000000000,BEST_ASK,"JPM,101405,176"
2019-06-28 11:17:00.000000000,LAST_TRADE,"5,$101405.0000"
2019-06-28 11:17:00.000000000,QUERY_SPREAD,99
2019-06-28 11:17:00.000000000,BEST_BID,"JPM,101293,286"
2019-06-28 11:17:00.000000000,BEST_ASK,"JPM,101405,172"
2019-06-28 11:17:00.000000000,LAST_TRADE,"4,$101405.0000"
2019-06-28 11:17:00.000000000,QUERY_SPREAD,100
2019-06-28 11:17:00.000000000,BEST_BID,"JPM,101293,286"
2019-06-28 11:17:00.000000000,BEST_ASK,"JPM,101405,167"
2019-06-28 11:17:00.000000000,LAST_TRADE,"5,$101405.0000"
2019-06-28 11:17:00.000000000,QUERY_SPREAD,101
2019-06-28 11:17:10.000000000,QUERY_SPREAD,1
2019-06-28 11:17:10.000000000,BEST_BID,"JPM,101293,226"
2019-06-28 11:17:10.000000000,BEST_ASK,"JPM,101531,100"
2019-06-28 11:17:10.000000000,BEST_BID,"JPM,101293,226"
2019-06-28 11:17:10.000000000,BEST_ASK,"JPM,101531,100"
2019-06-28 11:17:10.000000000,BEST_BID,"JPM,101293,226"
2019-06-28 11:17:10.000000000,BEST_ASK,"JPM,101531,100"
2019-06-28 11:17:10.000000000,BEST_BID,"JPM,101293,226"
2019-06-28 11:17:10.000000000,BEST_ASK,"JPM,101531,226"
2019-06-28 11:17:10.000000000,BEST_BID,"JPM,101293,226"
2019-06-28 11:17:10.000000000,BEST_ASK,"JPM,101531,226"
2019-06-28 11:17:10.000000000,BEST_BID,"JPM,101293,226"
2019-06-28 11:17:10.000000000,BEST_ASK,"JPM,101531,226"
2019-06-28 11:17:10.035312318,QUERY_ORDER_STREAM,67
2019-06-28 11:17:10.035312318,QUERY_SPREAD,67
2019-06-28 11:17:10.035312318,BEST_BID,"JPM,101293,126"
2019-06-28 11:17:10.035312318,BEST_ASK,"JPM,101405,100"
2019-06-28 11:17:19.633520652,QUERY_SPREAD,30
2019-06-28 11:17:19.633520652,BEST_BID,"JPM,101293,126"
2019-06-28 11:17:19.633520652,BEST_ASK,"JPM,101405,100"
2019-06-28 11:17:20.000000000,QUERY_SPREAD,1
2019-06-28 11:17:20.000000000,BEST_BID,"JPM,101283,286"
2019-06-28 11:17:20.000000000,BEST_ASK,"JPM,101405,100"
2019-06-28 11:17:20.000000000,BEST_BID,"JPM,101283,286"
2019-06-28 11:17:20.000000000,BEST_ASK,"JPM,101405,100"
2019-06-28 11:17:20.000000000,BEST_BID,"JPM,101283,286"
2019-06-28 11:17:20.000000000,BEST_ASK,"JPM,101405,286"
2019-06-28 11:17:20.000000000,BEST_BID,"JPM,101283,286"
2019-06-28 11:17:20.000000000,BEST_ASK,"JPM,101405,286"
2019-06-28 11:17:29.122263098,QUERY_ORDER_STREAM,67
2019-06-28 11:17:29.122263098,QUERY_SPREAD,67
2019-06-28 11:17:30.000000000,QUERY_SPREAD,1
2019-06-28 11:17:30.000000000,BEST_BID,"JPM,101283,471"
2019-06-28 11:17:30.000000000,BEST_ASK,"JPM,101531,100"
2019-06-28 11:17:30.000000000,BEST_BID,"JPM,101283,471"
2019-06-28 11:17:30.000000000,BEST_ASK,"JPM,101531,471"
2019-06-28 11:17:37.993263516,QUERY_SPREAD,6
2019-06-28 11:17:37.993263516,BEST_BID,"JPM,101283,371"
2019-06-28 11:17:37.993263516,BEST_ASK,"JPM,101531,471"
2019-06-28 11:17:37.993263516,LAST_TRADE,"100,$101283.0000"
2019-06-28 11:17:40.000000000,QUERY_SPREAD,1
2019-06-28 11:17:40.000000000,BEST_BID,"JPM,101123,286"
2019-06-28 11:17:40.000000000,BEST_ASK,"JPM,101531,100"
2019-06-28 11:17:40.000000000,BEST_BID,"JPM,101123,286"
2019-06-28 11:17:40.000000000,BEST_ASK,"JPM,101531,100"
2019-06-28 11:17:40.000000000,BEST_BID,"JPM,101123,286"
2019-06-28 11:17:40.000000000,BEST_ASK,"JPM,101531,286"
2019-06-28 11:17:40.000000000,BEST_BID,"JPM,101123,286"
2019-06-28 11:17:40.000000000,BEST_ASK,"JPM,101531,286"
2019-06-28 11:17:50.000000000,QUERY_SPREAD,1
2019-06-28 11:17:50.000000000,BEST_BID,"JPM,101123,193"
2019-06-28 11:17:50.000000000,BEST_ASK,"JPM,101531,100"
2019-06-28 11:17:50.000000000,BEST_BID,"JPM,101123,193"
2019-06-28 11:17:50.000000000,BEST_ASK,"JPM,101531,100"
2019-06-28 11:17:50.000000000,BEST_BID,"JPM,101123,193"
2019-06-28 11:17:50.000000000,BEST_ASK,"JPM,101531,100"
2019-06-28 11:17:50.000000000,BEST_BID,"JPM,101123,193"
2019-06-28 11:17:50.000000000,BEST_ASK,"JPM,101531,100"
2019-06-28 11:17:50.000000000,BEST_BID,"JPM,101123,193"
2019-06-28 11:17:50.000000000,BEST_ASK,"JPM,101531,193"
2019-06-28 11:17:50.000000000,BEST_BID,"JPM,101123,193"
2019-06-28 11:17:50.000000000,BEST_ASK,"JPM,101531,193"
2019-06-28 11:17:50.000000000,BEST_BID,"JPM,101123,193"
2019-06-28 11:17:50.000000000,BEST_ASK,"JPM,101531,193"
2019-06-28 11:17:50.000000000,BEST_BID,"JPM,101123,193"
2019-06-28 11:17:50.000000000,BEST_ASK,"JPM,101531,193"
2019-06-28 11:17:56.764936858,QUERY_ORDER_STREAM,69
2019-06-28 11:17:56.764936858,QUERY_SPREAD,69
2019-06-28 11:17:57.085015955,QUERY_SPREAD,24
2019-06-28 11:17:57.085015955,BEST_BID,"JPM,101259,100"
2019-06-28 11:17:57.085015955,BEST_ASK,"JPM,101531,193"
2019-06-28 11:18:00.000000000,QUERY_SPREAD,1
2019-06-28 11:18:00.000000000,BEST_BID,"JPM,101259,193"
2019-06-28 11:18:00.000000000,BEST_ASK,"JPM,101531,100"
2019-06-28 11:18:00.000000000,BEST_BID,"JPM,101259,193"
2019-06-28 11:18:00.000000000,BEST_ASK,"JPM,101531,100"
2019-06-28 11:18:00.000000000,BEST_BID,"JPM,101259,193"
2019-06-28 11:18:00.000000000,BEST_ASK,"JPM,101531,100"
2019-06-28 11:18:00.000000000,BEST_BID,"JPM,101259,193"
2019-06-28 11:18:00.000000000,BEST_ASK,"JPM,101531,100"
2019-06-28 11:18:00.000000000,BEST_BID,"JPM,101259,193"
2019-06-28 11:18:00.000000000,BEST_ASK,"JPM,101531,193"
2019-06-28 11:18:00.000000000,BEST_BID,"JPM,101259,193"
2019-06-28 11:18:00.000000000,BEST_ASK,"JPM,101531,193"
2019-06-28 11:18:00.000000000,BEST_BID,"JPM,101259,193"
2019-06-28 11:18:00.000000000,BEST_ASK,"JPM,101531,193"
2019-06-28 11:18:00.000000000,BEST_BID,"JPM,101259,193"
2019-06-28 11:18:00.000000000,BEST_ASK,"JPM,101531,193"
2019-06-28 11:18:00.000000000,QUERY_SPREAD,77
2019-06-28 11:18:00.000000000,BEST_BID,"JPM,101259,193"
2019-06-28 11:18:00.000000000,BEST_ASK,"JPM,101531,188"
2019-06-28 11:18:00.000000000,LAST_TRADE,"5,$101531.0000"
2019-06-28 11:18:00.000000000,QUERY_SPREAD,78
2019-06-28 11:18:00.000000000,BEST_BID,"JPM,101259,193"
2019-06-28 11:18:00.000000000,BEST_ASK,"JPM,101531,180"
2019-06-28 11:18:00.000000000,LAST_TRADE,"8,$101531.0000"
2019-06-28 11:18:00.000000000,QUERY_SPREAD,79
2019-06-28 11:18:00.000000000,BEST_BID,"JPM,101259,193"
2019-06-28 11:18:00.000000000,BEST_ASK,"JPM,101531,175"
2019-06-28 11:18:00.000000000,LAST_TRADE,"5,$101531.0000"
2019-06-28 11:18:00.000000000,QUERY_SPREAD,80
2019-06-28 11:18:00.000000000,BEST_BID,"JPM,101259,193"
2019-06-28 11:18:00.000000000,BEST_ASK,"JPM,101531,167"
2019-06-28 11:18:00.000000000,LAST_TRADE,"8,$101531.0000"
2019-06-28 11:18:00.000000000,QUERY_SPREAD,81
2019-06-28 11:18:00.000000000,BEST_BID,"JPM,101259,193"
2019-06-28 11:18:00.000000000,BEST_ASK,"JPM,101531,158"
2019-06-28 11:18:00.000000000,LAST_TRADE,"9,$101531.0000"
2019-06-28 11:18:00.000000000,QUERY_SPREAD,82
2019-06-28 11:18:00.000000000,BEST_BID,"JPM,101259,193"
2019-06-28 11:18:00.000000000,BEST_ASK,"JPM,101531,155"
2019-06-28 11:18:00.000000000,LAST_TRADE,"3,$101531.0000"
2019-06-28 11:18:00.000000000,QUERY_SPREAD,83
2019-06-28 11:18:00.000000000,BEST_BID,"JPM,101259,193"
2019-06-28 11:18:00.000000000,BEST_ASK,"JPM,101531,147"
2019-06-28 11:18:00.000000000,LAST_TRADE,"8,$101531.0000"
2019-06-28 11:18:00.000000000,QUERY_SPREAD,84
2019-06-28 11:18:00.000000000,BEST_BID,"JPM,101259,193"
2019-06-28 11:18:00.000000000,BEST_ASK,"JPM,101531,143"
2019-06-28 11:18:00.000000000,LAST_TRADE,"4,$101531.0000"
2019-06-28 11:18:00.000000000,QUERY_SPREAD,85
2019-06-28 11:18:00.000000000,BEST_BID,"JPM,101259,193"
2019-06-28 11:18:00.000000000,BEST_ASK,"JPM,101531,138"
2019-06-28 11:18:00.000000000,LAST_TRADE,"5,$101531.0000"
2019-06-28 11:18:00.000000000,QUERY_SPREAD,86
2019-06-28 11:18:00.000000000,BEST_BID,"JPM,101259,193"
2019-06-28 11:18:00.000000000,BEST_ASK,"JPM,101531,136"
2019-06-28 11:18:00.000000000,LAST_TRADE,"2,$101531.0000"
2019-06-28 11:18:00.000000000,QUERY_SPREAD,87
2019-06-28 11:18:00.000000000,BEST_BID,"JPM,101259,193"
2019-06-28 11:18:00.000000000,BEST_ASK,"JPM,101531,129"
2019-06-28 11:18:00.000000000,LAST_TRADE,"7,$101531.0000"
2019-06-28 11:18:00.000000000,QUERY_SPREAD,88
2019-06-28 11:18:00.000000000,BEST_BID,"JPM,101259,193"
2019-06-28 11:18:00.000000000,BEST_ASK,"JPM,101531,121"
2019-06-28 11:18:00.000000000,LAST_TRADE,"8,$101531.0000"
2019-06-28 11:18:00.000000000,QUERY_SPREAD,89
2019-06-28 11:18:00.000000000,BEST_BID,"JPM,101259,193"
2019-06-28 11:18:00.000000000,BEST_ASK,"JPM,101531,116"
2019-06-28 11:18:00.000000000,LAST_TRADE,"5,$101531.0000"
2019-06-28 11:18:00.000000000,QUERY_SPREAD,90
2019-06-28 11:18:00.000000000,BEST_BID,"JPM,101259,193"
2019-06-28 11:18:00.000000000,BEST_ASK,"JPM,101531,112"
2019-06-28 11:18:00.000000000,LAST_TRADE,"4,$101531.0000"
2019-06-28 11:18:00.000000000,QUERY_SPREAD,91
2019-06-28 11:18:00.000000000,BEST_BID,"JPM,101259,193"
2019-06-28 11:18:00.000000000,BEST_ASK,"JPM,101531,109"
2019-06-28 11:18:00.000000000,LAST_TRADE,"3,$101531.0000"
2019-06-28 11:18:00.000000000,QUERY_SPREAD,92
2019-06-28 11:18:00.000000000,BEST_BID,"JPM,101259,193"
2019-06-28 11:18:00.000000000,BEST_ASK,"JPM,101531,104"
2019-06-28 11:18:00.000000000,LAST_TRADE,"5,$101531.0000"
2019-06-28 11:18:00.000000000,QUERY_SPREAD,93
2019-06-28 11:18:00.000000000,BEST_BID,"JPM,101259,193"
2019-06-28 11:18:00.000000000,BEST_ASK,"JPM,101531,97"
2019-06-28 11:18:00.000000000,LAST_TRADE,"7,$101531.0000"
2019-06-28 11:18:00.000000000,QUERY_SPREAD,94
2019-06-28 11:18:00.000000000,BEST_BID,"JPM,101259,193"
2019-06-28 11:18:00.000000000,BEST_ASK,"JPM,101531,96"
2019-06-28 11:18:00.000000000,LAST_TRADE,"1,$101531.0000"
2019-06-28 11:18:00.000000000,QUERY_SPREAD,95
2019-06-28 11:18:00.000000000,BEST_BID,"JPM,101259,193"
2019-06-28 11:18:00.000000000,BEST_ASK,"JPM,101531,95"
2019-06-28 11:18:00.000000000,LAST_TRADE,"1,$101531.0000"
2019-06-28 11:18:00.000000000,QUERY_SPREAD,96
2019-06-28 11:18:00.000000000,BEST_BID,"JPM,101259,193"
2019-06-28 11:18:00.000000000,BEST_ASK,"JPM,101531,91"
2019-06-28 11:18:00.000000000,LAST_TRADE,"4,$101531.0000"
2019-06-28 11:18:00.000000000,QUERY_SPREAD,97
2019-06-28 11:18:00.000000000,BEST_BID,"JPM,101259,193"
2019-06-28 11:18:00.000000000,BEST_ASK,"JPM,101531,88"
2019-06-28 11:18:00.000000000,LAST_TRADE,"3,$101531.0000"
2019-06-28 11:18:00.000000000,QUERY_SPREAD,98
2019-06-28 11:18:00.000000000,BEST_BID,"JPM,101259,193"
2019-06-28 11:18:00.000000000,BEST_ASK,"JPM,101531,83"
2019-06-28 11:18:00.000000000,LAST_TRADE,"5,$101531.0000"
2019-06-28 11:18:00.000000000,QUERY_SPREAD,99
2019-06-28 11:18:00.000000000,BEST_BID,"JPM,101259,193"
2019-06-28 11:18:00.000000000,BEST_ASK,"JPM,101531,79"
2019-06-28 11:18:00.000000000,LAST_TRADE,"4,$101531.0000"
2019-06-28 11:18:00.000000000,QUERY_SPREAD,100
2019-06-28 11:18:00.000000000,BEST_BID,"JPM,101259,193"
2019-06-28 11:18:00.000000000,BEST_ASK,"JPM,101531,74"
2019-06-28 11:18:00.000000000,LAST_TRADE,"5,$101531.0000"
2019-06-28 11:18:00.000000000,QUERY_SPREAD,101
2019-06-28 11:18:08.904312003,QUERY_SPREAD,29
2019-06-28 11:18:08.904312003,BEST_BID,"JPM,101259,193"
2019-06-28 11:18:08.904312003,BEST_ASK,"JPM,101289,100"
2019-06-28 11:18:10.000000000,QUERY_SPREAD,1
2019-06-28 11:18:10.000000000,BEST_BID,"JPM,101259,193"
2019-06-28 11:18:10.000000000,BEST_ASK,"JPM,101289,100"
2019-06-28 11:18:10.000000000,BEST_BID,"JPM,101259,193"
2019-06-28 11:18:10.000000000,BEST_ASK,"JPM,101289,100"
2019-06-28 11:18:10.000000000,BEST_BID,"JPM,101259,193"
2019-06-28 11:18:10.000000000,BEST_ASK,"JPM,101289,100"
2019-06-28 11:18:10.000000000,BEST_BID,"JPM,101259,193"
2019-06-28 11:18:10.000000000,BEST_ASK,"JPM,101289,100"
2019-06-28 11:18:10.000000000,BEST_BID,"JPM,101259,193"
2019-06-28 11:18:10.000000000,BEST_ASK,"JPM,101289,193"
2019-06-28 11:18:10.000000000,BEST_BID,"JPM,101259,193"
2019-06-28 11:18:10.000000000,BEST_ASK,"JPM,101289,193"
2019-06-28 11:18:10.000000000,BEST_BID,"JPM,101259,193"
2019-06-28 11:18:10.000000000,BEST_ASK,"JPM,101289,193"
2019-06-28 11:18:10.000000000,BEST_BID,"JPM,101259,193"
2019-06-28 11:18:10.000000000,BEST_ASK,"JPM,101289,193"
2019-06-28 11:18:10.592704821,QUERY_SPREAD,25
2019-06-28 11:18:10.592704821,BEST_BID,"JPM,101259,193"
2019-06-28 11:18:10.592704821,BEST_ASK,"JPM,101289,193"
2019-06-28 11:18:16.617334001,QUERY_SPREAD,4
2019-06-28 11:18:16.617334001,BEST_BID,"JPM,101259,193"
2019-06-28 11:18:16.617334001,BEST_ASK,"JPM,101289,193"
2019-06-28 11:18:20.000000000,QUERY_SPREAD,1
2019-06-28 11:18:20.000000000,BEST_BID,"JPM,101259,174"
2019-06-28 11:18:20.000000000,BEST_ASK,"JPM,101289,100"
2019-06-28 11:18:20.000000000,BEST_BID,"JPM,101259,174"
2019-06-28 11:18:20.000000000,BEST_ASK,"JPM,101289,100"
2019-06-28 11:18:20.000000000,BEST_BID,"JPM,101259,174"
2019-06-28 11:18:20.000000000,BEST_ASK,"JPM,101289,100"
2019-06-28 11:18:20.000000000,BEST_BID,"JPM,101259,174"
2019-06-28 11:18:20.000000000,BEST_ASK,"JPM,101289,100"
2019-06-28 11:18:20.000000000,BEST_BID,"JPM,101259,174"
2019-06-28 11:18:20.000000000,BEST_ASK,"JPM,101289,100"
2019-06-28 11:18:20.000000000,BEST_BID,"JPM,101259,174"
2019-06-28 11:18:20.000000000,BEST_ASK,"JPM,101289,174"
2019-06-28 11:18:20.000000000,BEST_BID,"JPM,101259,174"
2019-06-28 11:18:20.000000000,BEST_ASK,"JPM,101289,174"
2019-06-28 11:18:20.000000000,BEST_BID,"JPM,101259,174"
2019-06-28 11:18:20.000000000,BEST_ASK,"JPM,101289,174"
2019-06-28 11:18:20.000000000,BEST_BID,"JPM,101259,174"
2019-06-28 11:18:20.000000000,BEST_ASK,"JPM,101289,174"
2019-06-28 11:18:20.000000000,BEST_BID,"JPM,101259,174"
2019-06-28 11:18:20.000000000,BEST_ASK,"JPM,101289,174"
2019-06-28 11:18:28.192858211,QUERY_SPREAD,51
2019-06-28 11:18:28.192858211,BEST_BID,"JPM,101259,74"
2019-06-28 11:18:28.192858211,BEST_ASK,"JPM,101289,174"
2019-06-28 11:18:28.192858211,LAST_TRADE,"100,$101259.0000"
2019-06-28 11:18:30.000000000,QUERY_SPREAD,1
2019-06-28 11:18:30.000000000,BEST_BID,"JPM,101123,174"
2019-06-28 11:18:30.000000000,BEST_ASK,"JPM,101289,100"
2019-06-28 11:18:30.000000000,BEST_BID,"JPM,101123,174"
2019-06-28 11:18:30.000000000,BEST_ASK,"JPM,101289,100"
2019-06-28 11:18:30.000000000,BEST_BID,"JPM,101123,174"
2019-06-28 11:18:30.000000000,BEST_ASK,"JPM,101289,100"
2019-06-28 11:18:30.000000000,BEST_BID,"JPM,101123,174"
2019-06-28 11:18:30.000000000,BEST_ASK,"JPM,101289,100"
2019-06-28 11:18:30.000000000,BEST_BID,"JPM,101123,174"
2019-06-28 11:18:30.000000000,BEST_ASK,"JPM,101289,100"
2019-06-28 11:18:30.000000000,BEST_BID,"JPM,101123,174"
2019-06-28 11:18:30.000000000,BEST_ASK,"JPM,101289,174"
2019-06-28 11:18:30.000000000,BEST_BID,"JPM,101123,174"
2019-06-28 11:18:30.000000000,BEST_ASK,"JPM,101289,174"
2019-06-28 11:18:30.000000000,BEST_BID,"JPM,101123,174"
2019-06-28 11:18:30.000000000,BEST_ASK,"JPM,101289,174"
2019-06-28 11:18:30.000000000,BEST_BID,"JPM,101123,174"
2019-06-28 11:18:30.000000000,BEST_ASK,"JPM,101289,174"
2019-06-28 11:18:30.000000000,BEST_BID,"JPM,101123,174"
2019-06-28 11:18:30.000000000,BEST_ASK,"JPM,101289,174"
2019-06-28 11:18:34.012670857,QUERY_ORDER_STREAM,65
2019-06-28 11:18:34.012670857,QUERY_SPREAD,65
2019-06-28 11:18:40.000000000,QUERY_SPREAD,1
2019-06-28 11:18:40.000000000,BEST_BID,"JPM,101123,193"
2019-06-28 11:18:40.000000000,BEST_ASK,"JPM,101289,100"
2019-06-28 11:18:40.000000000,BEST_BID,"JPM,101123,193"
2019-06-28 11:18:40.000000000,BEST_ASK,"JPM,101289,100"
2019-06-28 11:18:40.000000000,BEST_BID,"JPM,101123,193"
2019-06-28 11:18:40.000000000,BEST_ASK,"JPM,101289,100"
2019-06-28 11:18:40.000000000,BEST_BID,"JPM,101123,193"
2019-06-28 11:18:40.000000000,BEST_ASK,"JPM,101289,100"
2019-06-28 11:18:40.000000000,BEST_BID,"JPM,101123,193"
2019-06-28 11:18:40.000000000,BEST_ASK,"JPM,101289,193"
2019-06-28 11:18:40.000000000,BEST_BID,"JPM,101123,193"
2019-06-28 11:18:40.000000000,BEST_ASK,"JPM,101289,193"
2019-06-28 11:18:40.000000000,BEST_BID,"JPM,101123,193"
2019-06-28 11:18:40.000000000,BEST_ASK,"JPM,101289,193"
2019-06-28 11:18:40.000000000,BEST_BID,"JPM,101123,193"
2019-06-28 11:18:40.000000000,BEST_ASK,"JPM,101289,193"
2019-06-28 11:18:46.870668417,QUERY_SPREAD,39
2019-06-28 11:18:46.870668417,BEST_BID,"JPM,101237,100"
2019-06-28 11:18:46.870668417,BEST_ASK,"JPM,101289,193"
2019-06-28 11:18:50.000000000,QUERY_SPREAD,1
2019-06-28 11:18:50.000000000,BEST_BID,"JPM,101237,193"
2019-06-28 11:18:50.000000000,BEST_ASK,"JPM,101289,100"
2019-06-28 11:18:50.000000000,BEST_BID,"JPM,101237,193"
2019-06-28 11:18:50.000000000,BEST_ASK,"JPM,101289,100"
2019-06-28 11:18:50.000000000,BEST_BID,"JPM,101237,193"
2019-06-28 11:18:50.000000000,BEST_ASK,"JPM,101289,100"
2019-06-28 11:18:50.000000000,BEST_BID,"JPM,101237,193"
2019-06-28 11:18:50.000000000,BEST_ASK,"JPM,101289,100"
2019-06-28 11:18:50.000000000,BEST_BID,"JPM,101237,193"
2019-06-28 11:18:50.000000000,BEST_ASK,"JPM,101289,193"
2019-06-28 11:18:50.000000000,BEST_BID,"JPM,101237,193"
2019-06-28 11:18:50.000000000,BEST_ASK,"JPM,101289,193"
2019-06-28 11:18:50.000000000,BEST_BID,"JPM,101237,193"
2019-06-28 11:18:50.000000000,BEST_ASK,"JPM,101289,193"
2019-06-28 11:18:50.000000000,BEST_BID,"JPM,101237,193"
2019-06-28 11:18:50.000000000,BEST_ASK,"JPM,101289,193"
2019-06-28 11:19:00.000000000,QUERY_SPREAD,1
2019-06-28 11:19:00.000000000,BEST_BID,"JPM,101237,226"
2019-06-28 11:19:00.000000000,BEST_ASK,"JPM,101289,100"
2019-06-28 11:19:00.000000000,BEST_BID,"JPM,101237,226"
2019-06-28 11:19:00.000000000,BEST_ASK,"JPM,101289,100"
2019-06-28 11:19:00.000000000,BEST_BID,"JPM,101237,226"
2019-06-28 11:19:00.000000000,BEST_ASK,"JPM,101289,100"
2019-06-28 11:19:00.000000000,BEST_BID,"JPM,101237,226"
2019-06-28 11:19:00.000000000,BEST_ASK,"JPM,101289,226"
2019-06-28 11:19:00.000000000,BEST_BID,"JPM,101237,226"
2019-06-28 11:19:00.000000000,BEST_ASK,"JPM,101289,226"
2019-06-28 11:19:00.000000000,BEST_BID,"JPM,101237,226"
2019-06-28 11:19:00.000000000,BEST_ASK,"JPM,101289,226"
2019-06-28 11:19:00.000000000,QUERY_SPREAD,77
2019-06-28 11:19:00.000000000,BEST_BID,"JPM,101237,226"
2019-06-28 11:19:00.000000000,BEST_ASK,"JPM,101289,221"
2019-06-28 11:19:00.000000000,LAST_TRADE,"5,$101289.0000"
2019-06-28 11:19:00.000000000,QUERY_SPREAD,78
2019-06-28 11:19:00.000000000,BEST_BID,"JPM,101237,226"
2019-06-28 11:19:00.000000000,BEST_ASK,"JPM,101289,213"
2019-06-28 11:19:00.000000000,LAST_TRADE,"8,$101289.0000"
2019-06-28 11:19:00.000000000,QUERY_SPREAD,79
2019-06-28 11:19:00.000000000,BEST_BID,"JPM,101237,226"
2019-06-28 11:19:00.000000000,BEST_ASK,"JPM,101289,208"
2019-06-28 11:19:00.000000000,LAST_TRADE,"5,$101289.0000"
2019-06-28 11:19:00.000000000,QUERY_SPREAD,80
2019-06-28 11:19:00.000000000,BEST_BID,"JPM,101237,226"
2019-06-28 11:19:00.000000000,BEST_ASK,"JPM,101289,200"
2019-06-28 11:19:00.000000000,LAST_TRADE,"8,$101289.0000"
2019-06-28 11:19:00.000000000,QUERY_SPREAD,81
2019-06-28 11:19:00.000000000,BEST_BID,"JPM,101237,226"
2019-06-28 11:19:00.000000000,BEST_ASK,"JPM,101289,191"
2019-06-28 11:19:00.000000000,LAST_TRADE,"9,$101289.0000"
2019-06-28 11:19:00.000000000,QUERY_SPREAD,82
2019-06-28 11:19:00.000000000,BEST_BID,"JPM,101237,226"
2019-06-28 11:19:00.000000000,BEST_ASK,"JPM,101289,188"
2019-06-28 11:19:00.000000000,LAST_TRADE,"3,$101289.0000"
2019-06-28 11:19:00.000000000,QUERY_SPREAD,83
2019-06-28 11:19:00.000000000,BEST_BID,"JPM,101237,226"
2019-06-28 11:19:00.000000000,BEST_ASK,"JPM,101289,180"
2019-06-28 11:19:00.000000000,LAST_TRADE,"8,$101289.0000"
2019-06-28 11:19:00.000000000,QUERY_SPREAD,84
2019-06-28 11:19:00.000000000,BEST_BID,"JPM,101237,226"
2019-06-28 11:19:00.000000000,BEST_ASK,"JPM,101289,176"
2019-06-28 11:19:00.000000000,LAST_TRADE,"4,$101289.0000"
2019-06-28 11:19:00.000000000,QUERY_SPREAD,85
2019-06-28 11:19:00.000000000,BEST_BID,"JPM,101237,226"
2019-06-28 11:19:00.000000000,BEST_ASK,"JPM,101289,171"
2019-06-28 11:19:00.000000000,LAST_TRADE,"5,$101289.0000"
2019-06-28 11:19:00.000000000,QUERY_SPREAD,86
2019-06-28 11:19:00.000000000,BEST_BID,"JPM,101237,226"
2019-06-28 11:19:00.000000000,BEST_ASK,"JPM,101289,169"
2019-06-28 11:19:00.000000000,LAST_TRADE,"2,$101289.0000"
2019-06-28 11:19:00.000000000,QUERY_SPREAD,87
2019-06-28 11:19:00.000000000,BEST_BID,"JPM,101237,226"
2019-06-28 11:19:00.000000000,BEST_ASK,"JPM,101289,162"
2019-06-28 11:19:00.000000000,LAST_TRADE,"7,$101289.0000"
2019-06-28 11:19:00.000000000,QUERY_SPREAD,88
2019-06-28 11:19:00.000000000,BEST_BID,"JPM,101237,226"
2019-06-28 11:19:00.000000000,BEST_ASK,"JPM,101289,154"
2019-06-28 11:19:00.000000000,LAST_TRADE,"8,$101289.0000"
2019-06-28 11:19:00.000000000,QUERY_SPREAD,89
2019-06-28 11:19:00.000000000,BEST_BID,"JPM,101237,226"
2019-06-28 11:19:00.000000000,BEST_ASK,"JPM,101289,149"
2019-06-28 11:19:00.000000000,LAST_TRADE,"5,$101289.0000"
2019-06-28 11:19:00.000000000,QUERY_SPREAD,90
2019-06-28 11:19:00.000000000,BEST_BID,"JPM,101237,226"
2019-06-28 11:19:00.000000000,BEST_ASK,"JPM,101289,145"
2019-06-28 11:19:00.000000000,LAST_TRADE,"4,$101289.0000"
2019-06-28 11:19:00.000000000,QUERY_SPREAD,91
2019-06-28 11:19:00.000000000,BEST_BID,"JPM,101237,226"
2019-06-28 11:19:00.000000000,BEST_ASK,"JPM,101289,142"
2019-06-28 11:19:00.000000000,LAST_TRADE,"3,$101289.0000"
2019-06-28 11:19:00.000000000,QUERY_SPREAD,92
2019-06-28 11:19:00.000000000,BEST_BID,"JPM,101237,226"
2019-06-28 11:19:00.000000000,BEST_ASK,"JPM,101289,137"
2019-06-28 11:19:00.000000000,LAST_TRADE,"5,$101289.0000"
2019-06-28 11:19:00.000000000,QUERY_SPREAD,93
2019-06-28 11:19:00.000000000,BEST_BID,"JPM,101237,226"
2019-06-28 11:19:00.000000000,BEST_ASK,"JPM,101289,130"
2019-06-28 11:19:00.000000000,LAST_TRADE,"7,$101289.0000"
2019-06-28 11:19:00.000000000,QUERY_SPREAD,94
2019-06-28 11:19:00.000000000,BEST_BID,"JPM,101237,226"
2019-06-28 11:19:00.000000000,BEST_ASK,"JPM,101289,129"
2019-06-28 11:19:00.000000000,LAST_TRADE,"1,$101289.0000"
2019-06-28 11:19:00.000000000,QUERY_SPREAD,95
2019-06-28 11:19:00.000000000,BEST_BID,"JPM,101237,226"
2019-06-28 11:19:00.000000000,BEST_ASK,"JPM,101289,128"
2019-06-28 11:19:00.000000000,LAST_TRADE,"1,$101289.0000"
2019-06-28 11:19:00.000000000,QUERY_SPREAD,96
2019-06-28 11:19:00.000000000,BEST_BID,"JPM,101237,226"
2019-06-28 11:19:00.000000000,BEST_ASK,"JPM,101289,124"
2019-06-28 11:19:00.000000000,LAST_TRADE,"4,$101289.0000"
2019-06-28 11:19:00.000000000,QUERY_SPREAD,97
2019-06-28 11:19:00.000000000,BEST_BID,"JPM,101237,226"
2019-06-28 11:19:00.000000000,BEST_ASK,"JPM,101289,121"
2019-06-28 11:19:00.000000000,LAST_TRADE,"3,$101289.0000"
2019-06-28 11:19:00.000000000,QUERY_SPREAD,98
2019-06-28 11:19:00.000000000,BEST_BID,"JPM,101237,226"
2019-06-28 11:19:00.000000000,BEST_ASK,"JPM,101289,116"
2019-06-28 11:19:00.000000000,LAST_TRADE,"5,$101289.0000"
2019-06-28 11:19:00.000000000,QUERY_SPREAD,99
2019-06-28 11:19:00.000000000,BEST_BID,"JPM,101237,226"
2019-06-28 11:19:00.000000000,BEST_ASK,"JPM,101289,112"
2019-06-28 11:19:00.000000000,LAST_TRADE,"4,$101289.0000"
2019-06-28 11:19:00.000000000,QUERY_SPREAD,100
2019-06-28 11:19:00.000000000,BEST_BID,"JPM,101237,226"
2019-06-28 11:19:00.000000000,BEST_ASK,"JPM,101289,107"
2019-06-28 11:19:00.000000000,LAST_TRADE,"5,$101289.0000"
2019-06-28 11:19:00.000000000,QUERY_SPREAD,101
2019-06-28 11:19:04.978462789,QUERY_SPREAD,32
2019-06-28 11:19:04.978462789,BEST_BID,"JPM,101237,226"
2019-06-28 11:19:04.978462789,BEST_ASK,"JPM,101289,107"
2019-06-28 11:19:08.963484460,QUERY_SPREAD,18
2019-06-28 11:19:08.963484460,BEST_BID,"JPM,101237,226"
2019-06-28 11:19:08.963484460,BEST_ASK,"JPM,101289,107"
2019-06-28 11:19:09.975739935,QUERY_SPREAD,33
2019-06-28 11:19:09.975739935,BEST_BID,"JPM,101237,126"
2019-06-28 11:19:09.975739935,BEST_ASK,"JPM,101289,107"
2019-06-28 11:19:09.975739935,LAST_TRADE,"100,$101237.0000"
2019-06-28 11:19:10.000000000,QUERY_SPREAD,1
2019-06-28 11:19:10.000000000,BEST_BID,"JPM,101226,226"
2019-06-28 11:19:10.000000000,BEST_ASK,"JPM,101507,100"
2019-06-28 11:19:10.000000000,BEST_BID,"JPM,101226,226"
2019-06-28 11:19:10.000000000,BEST_ASK,"JPM,101507,100"
2019-06-28 11:19:10.000000000,BEST_BID,"JPM,101226,226"
2019-06-28 11:19:10.000000000,BEST_ASK,"JPM,101507,100"
2019-06-28 11:19:10.000000000,BEST_BID,"JPM,101226,226"
2019-06-28 11:19:10.000000000,BEST_ASK,"JPM,101507,226"
2019-06-28 11:19:10.000000000,BEST_BID,"JPM,101226,226"
2019-06-28 11:19:10.000000000,BEST_ASK,"JPM,101507,226"
2019-06-28 11:19:10.000000000,BEST_BID,"JPM,101226,226"
2019-06-28 11:19:10.000000000,BEST_ASK,"JPM,101507,226"
2019-06-28 11:19:20.000000000,QUERY_SPREAD,1
2019-06-28 11:19:20.000000000,BEST_BID,"JPM,101226,174"
2019-06-28 11:19:20.000000000,BEST_ASK,"JPM,101507,100"
2019-06-28 11:19:20.000000000,BEST_BID,"JPM,101226,174"
2019-06-28 11:19:20.000000000,BEST_ASK,"JPM,101507,100"
2019-06-28 11:19:20.000000000,BEST_BID,"JPM,101226,174"
2019-06-28 11:19:20.000000000,BEST_ASK,"JPM,101507,100"
2019-06-28 11:19:20.000000000,BEST_BID,"JPM,101226,174"
2019-06-28 11:19:20.000000000,BEST_ASK,"JPM,101507,100"
2019-06-28 11:19:20.000000000,BEST_BID,"JPM,101226,174"
2019-06-28 11:19:20.000000000,BEST_ASK,"JPM,101507,100"
2019-06-28 11:19:20.000000000,BEST_BID,"JPM,101226,174"
2019-06-28 11:19:20.000000000,BEST_ASK,"JPM,101507,174"
2019-06-28 11:19:20.000000000,BEST_BID,"JPM,101226,174"
2019-06-28 11:19:20.000000000,BEST_ASK,"JPM,101507,174"
2019-06-28 11:19:20.000000000,BEST_BID,"JPM,101226,174"
2019-06-28 11:19:20.000000000,BEST_ASK,"JPM,101507,174"
2019-06-28 11:19:20.000000000,BEST_BID,"JPM,101226,174"
2019-06-28 11:19:20.000000000,BEST_ASK,"JPM,101507,174"
2019-06-28 11:19:20.000000000,BEST_BID,"JPM,101226,174"
2019-06-28 11:19:20.000000000,BEST_ASK,"JPM,101507,174"
2019-06-28 11:19:30.000000000,QUERY_SPREAD,1
2019-06-28 11:19:30.000000000,BEST_BID,"JPM,101226,471"
2019-06-28 11:19:30.000000000,BEST_ASK,"JPM,101507,100"
2019-06-28 11:19:30.000000000,BEST_BID,"JPM,101226,471"
2019-06-28 11:19:30.000000000,BEST_ASK,"JPM,101507,471"
2019-06-28 11:19:40.000000000,QUERY_SPREAD,1
2019-06-28 11:19:40.000000000,BEST_BID,"JPM,101226,174"
2019-06-28 11:19:40.000000000,BEST_ASK,"JPM,101507,100"
2019-06-28 11:19:40.000000000,BEST_BID,"JPM,101226,174"
2019-06-28 11:19:40.000000000,BEST_ASK,"JPM,101507,100"
2019-06-28 11:19:40.000000000,BEST_BID,"JPM,101226,174"
2019-06-28 11:19:40.000000000,BEST_ASK,"JPM,101507,100"
2019-06-28 11:19:40.000000000,BEST_BID,"JPM,101226,174"
2019-06-28 11:19:40.000000000,BEST_ASK,"JPM,101507,100"
2019-06-28 11:19:40.000000000,BEST_BID,"JPM,101226,174"
2019-06-28 11:19:40.000000000,BEST_ASK,"JPM,101507,100"
2019-06-28 11:19:40.000000000,BEST_BID,"JPM,101226,174"
2019-06-28 11:19:40.000000000,BEST_ASK,"JPM,101507,174"
2019-06-28 11:19:40.000000000,BEST_BID,"JPM,101226,174"
2019-06-28 11:19:40.000000000,BEST_ASK,"JPM,101507,174"
2019-06-28 11:19:40.000000000,BEST_BID,"JPM,101226,174"
2019-06-28 11:19:40.000000000,BEST_ASK,"JPM,101507,174"
2019-06-28 11:19:40.000000000,BEST_BID,"JPM,101226,174"
2019-06-28 11:19:40.000000000,BEST_ASK,"JPM,101507,174"
2019-06-28 11:19:40.000000000,BEST_BID,"JPM,101226,174"
2019-06-28 11:19:40.000000000,BEST_ASK,"JPM,101507,174"
2019-06-28 11:19:40.089156234,QUERY_SPREAD,44
2019-06-28 11:19:40.089156234,BEST_BID,"JPM,101226,174"
2019-06-28 11:19:40.089156234,BEST_ASK,"JPM,101507,174"
2019-06-28 11:19:41.734915735,QUERY_SPREAD,2
2019-06-28 11:19:41.734915735,BEST_BID,"JPM,101295,100"
2019-06-28 11:19:41.734915735,BEST_ASK,"JPM,101507,174"
2019-06-28 11:19:50.000000000,QUERY_SPREAD,1
2019-06-28 11:19:50.000000000,BEST_BID,"JPM,101295,471"
2019-06-28 11:19:50.000000000,BEST_ASK,"JPM,101507,100"
2019-06-28 11:19:50.000000000,BEST_BID,"JPM,101295,471"
2019-06-28 11:19:50.000000000,BEST_ASK,"JPM,101507,471"
2019-06-28 11:20:00.000000000,QUERY_SPREAD,1
2019-06-28 11:20:00.000000000,BEST_BID,"JPM,101295,226"
2019-06-28 11:20:00.000000000,BEST_ASK,"JPM,101507,100"
2019-06-28 11:20:00.000000000,BEST_BID,"JPM,101295,226"
2019-06-28 11:20:00.000000000,BEST_ASK,"JPM,101507,100"
2019-06-28 11:20:00.000000000,BEST_BID,"JPM,101295,226"
2019-06-28 11:20:00.000000000,BEST_ASK,"JPM,101507,100"
2019-06-28 11:20:00.000000000,BEST_BID,"JPM,101295,226"
2019-06-28 11:20:00.000000000,BEST_ASK,"JPM,101507,226"
2019-06-28 11:20:00.000000000,BEST_BID,"JPM,101295,226"
2019-06-28 11:20:00.000000000,BEST_ASK,"JPM,101507,226"
2019-06-28 11:20:00.000000000,BEST_BID,"JPM,101295,226"
2019-06-28 11:20:00.000000000,BEST_ASK,"JPM,101507,226"
2019-06-28 11:20:00.000000000,QUERY_SPREAD,77
2019-06-28 11:20:00.000000000,BEST_BID,"JPM,101295,226"
2019-06-28 11:20:00.000000000,BEST_ASK,"JPM,101507,221"
2019-06-28 11:20:00.000000000,LAST_TRADE,"5,$101507.0000"
2019-06-28 11:20:00.000000000,QUERY_SPREAD,78
2019-06-28 11:20:00.000000000,BEST_BID,"JPM,101295,226"
2019-06-28 11:20:00.000000000,BEST_ASK,"JPM,101507,213"
2019-06-28 11:20:00.000000000,LAST_TRADE,"8,$101507.0000"
2019-06-28 11:20:00.000000000,QUERY_SPREAD,79
2019-06-28 11:20:00.000000000,BEST_BID,"JPM,101295,226"
2019-06-28 11:20:00.000000000,BEST_ASK,"JPM,101507,208"
2019-06-28 11:20:00.000000000,LAST_TRADE,"5,$101507.0000"
2019-06-28 11:20:00.000000000,QUERY_SPREAD,80
2019-06-28 11:20:00.000000000,BEST_BID,"JPM,101295,226"
2019-06-28 11:20:00.000000000,BEST_ASK,"JPM,101507,200"
2019-06-28 11:20:00.000000000,LAST_TRADE,"8,$101507.0000"
2019-06-28 11:20:00.000000000,QUERY_SPREAD,81
2019-06-28 11:20:00.000000000,BEST_BID,"JPM,101295,226"
2019-06-28 11:20:00.000000000,BEST_ASK,"JPM,101507,191"
2019-06-28 11:20:00.000000000,LAST_TRADE,"9,$101507.0000"
2019-06-28 11:20:00.000000000,QUERY_SPREAD,82
2019-06-28 11:20:00.000000000,BEST_BID,"JPM,101295,226"
2019-06-28 11:20:00.000000000,BEST_ASK,"JPM,101507,188"
2019-06-28 11:20:00.000000000,LAST_TRADE,"3,$101507.0000"
2019-06-28 11:20:00.000000000,QUERY_SPREAD,83
2019-06-28 11:20:00.000000000,BEST_BID,"JPM,101295,226"
2019-06-28 11:20:00.000000000,BEST_ASK,"JPM,101507,180"
2019-06-28 11:20:00.000000000,LAST_TRADE,"8,$101507.0000"
2019-06-28 11:20:00.000000000,QUERY_SPREAD,84
2019-06-28 11:20:00.000000000,BEST_BID,"JPM,101295,226"
2019-06-28 11:20:00.000000000,BEST_ASK,"JPM,101507,176"
2019-06-28 11:20:00.000000000,LAST_TRADE,"4,$101507.0000"
2019-06-28 11:20:00.000000000,QUERY_SPREAD,85
2019-06-28 11:20:00.000000000,BEST_BID,"JPM,101295,226"
2019-06-28 11:20:00.000000000,BEST_ASK,"JPM,101507,171"
2019-06-28 11:20:00.000000000,LAST_TRADE,"5,$101507.0000"
2019-06-28 11:20:00.000000000,QUERY_SPREAD,86
2019-06-28 11:20:00.000000000,BEST_BID,"JPM,101295,226"
2019-06-28 11:20:00.000000000,BEST_ASK,"JPM,101507,169"
2019-06-28 11:20:00.000000000,LAST_TRADE,"2,$101507.0000"
2019-06-28 11:20:00.000000000,QUERY_SPREAD,87
2019-06-28 11:20:00.000000000,BEST_BID,"JPM,101295,226"
2019-06-28 11:20:00.000000000,BEST_ASK,"JPM,101507,162"
2019-06-28 11:20:00.000000000,LAST_TRADE,"7,$101507.0000"
2019-06-28 11:20:00.000000000,QUERY_SPREAD,88
2019-06-28 11:20:00.000000000,BEST_BID,"JPM,101295,226"
2019-06-28 11:20:00.000000000,BEST_ASK,"JPM,101507,154"
2019-06-28 11:20:00.000000000,LAST_TRADE,"8,$101507.0000"
2019-06-28 11:20:00.000000000,QUERY_SPREAD,89
2019-06-28 11:20:00.000000000,BEST_BID,"JPM,101295,226"
2019-06-28 11:20:00.000000000,BEST_ASK,"JPM,101507,149"
2019-06-28 11:20:00.000000000,LAST_TRADE,"5,$101507.0000"
2019-06-28 11:20:00.000000000,QUERY_SPREAD,90
2019-06-28 11:20:00.000000000,BEST_BID,"JPM,101295,226"
2019-06-28 11:20:00.000000000,BEST_ASK,"JPM,101507,145"
2019-06-28 11:20:00.000000000,LAST_TRADE,"4,$101507.0000"
2019-06-28 11:20:00.000000000,QUERY_SPREAD,91
2019-06-28 11:20:00.000000000,BEST_BID,"JPM,101295,226"
2019-06-28 11:20:00.000000000,BEST_ASK,"JPM,101507,142"
2019-06-28 11:20:00.000000000,LAST_TRADE,"3,$101507.0000"
2019-06-28 11:20:00.000000000,QUERY_SPREAD,92
2019-06-28 11:20:00.000000000,BEST_BID,"JPM,101295,226"
2019-06-28 11:20:00.000000000,BEST_ASK,"JPM,101507,137"
2019-06-28 11:20:00.000000000,LAST_TRADE,"5,$101507.0000"
2019-06-28 11:20:00.000000000,QUERY_SPREAD,93
2019-06-28 11:20:00.000000000,BEST_BID,"JPM,101295,226"
2019-06-28 11:20:00.000000000,BEST_ASK,"JPM,101507,130"
2019-06-28 11:20:00.000000000,LAST_TRADE,"7,$101507.0000"
2019-06-28 11:20:00.000000000,QUERY_SPREAD,94
2019-06-28 11:20:00.000000000,BEST_BID,"JPM,101295,226"
2019-06-28 11:20:00.000000000,BEST_ASK,"JPM,101507,129"
2019-06-28 11:20:00.000000000,LAST_TRADE,"1,$101507.0000"
2019-06-28 11:20:00.000000000,QUERY_SPREAD,95
2019-06-28 11:20:00.000000000,BEST_BID,"JPM,101295,226"
2019-06-28 11:20:00.000000000,BEST_ASK,"JPM,101507,128"
2019-06-28 11:20:00.000000000,LAST_TRADE,"1,$101507.0000"
2019-06-28 11:20:00.000000000,QUERY_SPREAD,96
2019-06-28 11:20:00.000000000,BEST_BID,"JPM,101295,226"
2019-06-28 11:20:00.000000000,BEST_ASK,"JPM,101507,124"
2019-06-28 11:20:00.000000000,LAST_TRADE,"4,$101507.0000"
2019-06-28 11:20:00.000000000,QUERY_SPREAD,97
2019-06-28 11:20:00.000000000,BEST_BID,"JPM,101295,226"
2019-06-28 11:20:00.000000000,BEST_ASK,"JPM,101507,121"
2019-06-28 11:20:00.000000000,LAST_TRADE,"3,$101507.0000"
2019-06-28 11:20:00.000000000,QUERY_SPREAD,98
2019-06-28 11:20:00.000000000,BEST_BID,"JPM,101295,226"
2019-06-28 11:20:00.000000000,BEST_ASK,"JPM,101507,116"
2019-06-28 11:20:00.000000000,LAST_TRADE,"5,$101507.0000"
2019-06-28 11:20:00.000000000,QUERY_SPREAD,99
2019-06-28 11:20:00.000000000,BEST_BID,"JPM,101295,226"
2019-06-28 11:20:00.000000000,BEST_ASK,"JPM,101507,112"
2019-06-28 11:20:00.000000000,LAST_TRADE,"4,$101507.0000"
2019-06-28 11:20:00.000000000,QUERY_SPREAD,100
2019-06-28 11:20:00.000000000,BEST_BID,"JPM,101295,226"
2019-06-28 11:20:00.000000000,BEST_ASK,"JPM,101507,107"
2019-06-28 11:20:00.000000000,LAST_TRADE,"5,$101507.0000"
2019-06-28 11:20:00.000000000,QUERY_SPREAD,101
2019-06-28 11:20:10.000000000,QUERY_SPREAD,1
2019-06-28 11:20:10.000000000,BEST_BID,"JPM,101295,174"
2019-06-28 11:20:10.000000000,BEST_ASK,"JPM,101604,100"
2019-06-28 11:20:10.000000000,BEST_BID,"JPM,101295,174"
2019-06-28 11:20:10.000000000,BEST_ASK,"JPM,101604,100"
2019-06-28 11:20:10.000000000,BEST_BID,"JPM,101295,174"
2019-06-28 11:20:10.000000000,BEST_ASK,"JPM,101604,100"
2019-06-28 11:20:10.000000000,BEST_BID,"JPM,101295,174"
2019-06-28 11:20:10.000000000,BEST_ASK,"JPM,101604,100"
2019-06-28 11:20:10.000000000,BEST_BID,"JPM,101295,174"
2019-06-28 11:20:10.000000000,BEST_ASK,"JPM,101604,100"
2019-06-28 11:20:10.000000000,BEST_BID,"JPM,101295,174"
2019-06-28 11:20:10.000000000,BEST_ASK,"JPM,101604,174"
2019-06-28 11:20:10.000000000,BEST_BID,"JPM,101295,174"
2019-06-28 11:20:10.000000000,BEST_ASK,"JPM,101604,174"
2019-06-28 11:20:10.000000000,BEST_BID,"JPM,101295,174"
2019-06-28 11:20:10.000000000,BEST_ASK,"JPM,101604,174"
2019-06-28 11:20:10.000000000,BEST_BID,"JPM,101295,174"
2019-06-28 11:20:10.000000000,BEST_ASK,"JPM,101604,174"
2019-06-28 11:20:10.719607243,QUERY_SPREAD,8
2019-06-28 11:20:10.719607243,BEST_BID,"JPM,101295,174"
2019-06-28 11:20:10.719607243,BEST_ASK,"JPM,101604,174"
2019-06-28 11:20:12.150045110,QUERY_SPREAD,9
2019-06-28 11:20:12.150045110,BEST_BID,"JPM,101295,174"
2019-06-28 11:20:12.150045110,BEST_ASK,"JPM,101604,174"
2019-06-28 11:20:20.000000000,QUERY_SPREAD,1
2019-06-28 11:20:20.000000000,BEST_BID,"JPM,101295,471"
2019-06-28 11:20:20.000000000,BEST_ASK,"JPM,101604,100"
2019-06-28 11:20:20.000000000,BEST_BID,"JPM,101295,471"
2019-06-28 11:20:20.000000000,BEST_ASK,"JPM,101604,471"
2019-06-28 11:20:30.000000000,QUERY_SPREAD,1
2019-06-28 11:20:30.000000000,BEST_BID,"JPM,101295,174"
2019-06-28 11:20:30.000000000,BEST_ASK,"JPM,101604,100"
2019-06-28 11:20:30.000000000,BEST_BID,"JPM,101295,174"
2019-06-28 11:20:30.000000000,BEST_ASK,"JPM,101604,100"
2019-06-28 11:20:30.000000000,BEST_BID,"JPM,101295,174"
2019-06-28 11:20:30.000000000,BEST_ASK,"JPM,101604,100"
2019-06-28 11:20:30.000000000,BEST_BID,"JPM,101295,174"
2019-06-28 11:20:30.000000000,BEST_ASK,"JPM,101604,100"
2019-06-28 11:20:30.000000000,BEST_BID,"JPM,101295,174"
2019-06-28 11:20:30.000000000,BEST_ASK,"JPM,101604,100"
2019-06-28 11:20:30.000000000,BEST_BID,"JPM,101295,174"
2019-06-28 11:20:30.000000000,BEST_ASK,"JPM,101604,174"
2019-06-28 11:20:30.000000000,BEST_BID,"JPM,101295,174"
2019-06-28 11:20:30.000000000,BEST_ASK,"JPM,101604,174"
2019-06-28 11:20:30.000000000,BEST_BID,"JPM,101295,174"
2019-06-28 11:20:30.000000000,BEST_ASK,"JPM,101604,174"
2019-06-28 11:20:30.000000000,BEST_BID,"JPM,101295,174"
2019-06-28 11:20:30.000000000,BEST_ASK,"JPM,101604,174"
2019-06-28 11:20:30.293058767,QUERY_ORDER_STREAM,69
2019-06-28 11:20:30.293058767,QUERY_SPREAD,69
2019-06-28 11:20:30.293058767,BEST_BID,"JPM,101295,174"
2019-06-28 11:20:30.293058767,BEST_ASK,"JPM,101507,100"
2019-06-28 11:20:40.000000000,QUERY_SPREAD,1
2019-06-28 11:20:40.000000000,BEST_BID,"JPM,101295,471"
2019-06-28 11:20:40.000000000,BEST_ASK,"JPM,101507,100"
2019-06-28 11:20:40.000000000,BEST_BID,"JPM,101295,471"
2019-06-28 11:20:40.000000000,BEST_ASK,"JPM,101507,471"
2019-06-28 11:20:42.764142740,QUERY_SPREAD,14
2019-06-28 11:20:42.764142740,BEST_BID,"JPM,101295,471"
2019-06-28 11:20:42.764142740,BEST_ASK,"JPM,101507,471"
2019-06-28 11:20:50.000000000,QUERY_SPREAD,1
2019-06-28 11:20:50.000000000,BEST_BID,"JPM,101295,174"
2019-06-28 11:20:50.000000000,BEST_ASK,"JPM,101507,100"
2019-06-28 11:20:50.000000000,BEST_BID,"JPM,101295,174"
2019-06-28 11:20:50.000000000,BEST_ASK,"JPM,101507,100"
2019-06-28 11:20:50.000000000,BEST_BID,"JPM,101295,174"
2019-06-28 11:20:50.000000000,BEST_ASK,"JPM,101507,100"
2019-06-28 11:20:50.000000000,BEST_BID,"JPM,101295,174"
2019-06-28 11:20:50.000000000,BEST_ASK,"JPM,101507,100"
2019-06-28 11:20:50.000000000,BEST_BID,"JPM,101295,174"
2019-06-28 11:20:50.000000000,BEST_ASK,"JPM,101507,100"
2019-06-28 11:20:50.000000000,BEST_BID,"JPM,101295,174"
2019-06-28 11:20:50.000000000,BEST_ASK,"JPM,101507,174"
2019-06-28 11:20:50.000000000,BEST_BID,"JPM,101295,174"
2019-06-28 11:20:50.000000000,BEST_ASK,"JPM,101507,174"
2019-06-28 11:20:50.000000000,BEST_BID,"JPM,101295,174"
2019-06-28 11:20:50.000000000,BEST_ASK,"JPM,101507,174"
2019-06-28 11:20:50.000000000,BEST_BID,"JPM,101295,174"
2019-06-28 11:20:50.000000000,BEST_ASK,"JPM,101507,174"
2019-06-28 11:20:50.000000000,BEST_BID,"JPM,101295,174"
2019-06-28 11:20:50.000000000,BEST_ASK,"JPM,101507,174"
2019-06-28 11:21:00.000000000,QUERY_SPREAD,1
2019-06-28 11:21:00.000000000,BEST_BID,"JPM,101295,471"
2019-06-28 11:21:00.000000000,BEST_ASK,"JPM,101507,100"
2019-06-28 11:21:00.000000000,BEST_BID,"JPM,101295,471"
2019-06-28 11:21:00.000000000,BEST_ASK,"JPM,101507,471"
2019-06-28 11:21:00.000000000,QUERY_SPREAD,77
2019-06-28 11:21:00.000000000,BEST_BID,"JPM,101295,471"
2019-06-28 11:21:00.000000000,BEST_ASK,"JPM,101507,466"
2019-06-28 11:21:00.000000000,LAST_TRADE,"5,$101507.0000"
2019-06-28 11:21:00.000000000,QUERY_SPREAD,78
2019-06-28 11:21:00.000000000,BEST_BID,"JPM,101295,471"
2019-06-28 11:21:00.000000000,BEST_ASK,"JPM,101507,458"
2019-06-28 11:21:00.000000000,LAST_TRADE,"8,$101507.0000"
2019-06-28 11:21:00.000000000,QUERY_SPREAD,79
2019-06-28 11:21:00.000000000,BEST_BID,"JPM,101295,471"
2019-06-28 11:21:00.000000000,BEST_ASK,"JPM,101507,453"
2019-06-28 11:21:00.000000000,LAST_TRADE,"5,$101507.0000"
2019-06-28 11:21:00.000000000,QUERY_SPREAD,80
2019-06-28 11:21:00.000000000,BEST_BID,"JPM,101295,471"
2019-06-28 11:21:00.000000000,BEST_ASK,"JPM,101507,445"
2019-06-28 11:21:00.000000000,LAST_TRADE,"8,$101507.0000"
2019-06-28 11:21:00.000000000,QUERY_SPREAD,81
2019-06-28 11:21:00.000000000,BEST_BID,"JPM,101295,471"
2019-06-28 11:21:00.000000000,BEST_ASK,"JPM,101507,436"
2019-06-28 11:21:00.000000000,LAST_TRADE,"9,$101507.0000"
2019-06-28 11:21:00.000000000,QUERY_SPREAD,82
2019-06-28 11:21:00.000000000,BEST_BID,"JPM,101295,471"
2019-06-28 11:21:00.000000000,BEST_ASK,"JPM,101507,433"
2019-06-28 11:21:00.000000000,LAST_TRADE,"3,$101507.0000"
2019-06-28 11:21:00.000000000,QUERY_SPREAD,83
2019-06-28 11:21:00.000000000,BEST_BID,"JPM,101295,471"
2019-06-28 11:21:00.000000000,BEST_ASK,"JPM,101507,425"
2019-06-28 11:21:00.000000000,LAST_TRADE,"8,$101507.0000"
2019-06-28 11:21:00.000000000,QUERY_SPREAD,84
2019-06-28 11:21:00.000000000,BEST_BID,"JPM,101295,471"
2019-06-28 11:21:00.000000000,BEST_ASK,"JPM,101507,421"
2019-06-28 11:21:00.000000000,LAST_TRADE,"4,$101507.0000"
2019-06-28 11:21:00.000000000,QUERY_SPREAD,85
2019-06-28 11:21:00.000000000,BEST_BID,"JPM,101295,471"
2019-06-28 11:21:00.000000000,BEST_ASK,"JPM,101507,416"
2019-06-28 11:21:00.000000000,LAST_TRADE,"5,$101507.0000"
2019-06-28 11:21:00.000000000,QUERY_SPREAD,86
2019-06-28 11:21:00.000000000,BEST_BID,"JPM,101295,471"
2019-06-28 11:21:00.000000000,BEST_ASK,"JPM,101507,414"
2019-06-28 11:21:00.000000000,LAST_TRADE,"2,$101507.0000"
2019-06-28 11:21:00.000000000,QUERY_SPREAD,87
2019-06-28 11:21:00.000000000,BEST_BID,"JPM,101295,471"
2019-06-28 11:21:00.000000000,BEST_ASK,"JPM,101507,407"
2019-06-28 11:21:00.000000000,LAST_TRADE,"7,$101507.0000"
2019-06-28 11:21:00.000000000,QUERY_SPREAD,88
2019-06-28 11:21:00.000000000,BEST_BID,"JPM,101295,471"
2019-06-28 11:21:00.000000000,BEST_ASK,"JPM,101507,399"
2019-06-28 11:21:00.000000000,LAST_TRADE,"8,$101507.0000"
2019-06-28 11:21:00.000000000,QUERY_SPREAD,89
2019-06-28 11:21:00.000000000,BEST_BID,"JPM,101295,471"
2019-06-28 11:21:00.000000000,BEST_ASK,"JPM,101507,394"
2019-06-28 11:21:00.000000000,LAST_TRADE,"5,$101507.0000"
2019-06-28 11:21:00.000000000,QUERY_SPREAD,90
2019-06-28 11:21:00.000000000,BEST_BID,"JPM,101295,471"
2019-06-28 11:21:00.000000000,BEST_ASK,"JPM,101507,390"
2019-06-28 11:21:00.000000000,LAST_TRADE,"4,$101507.0000"
2019-06-28 11:21:00.000000000,QUERY_SPREAD,91
2019-06-28 11:21:00.000000000,BEST_BID,"JPM,101295,471"
2019-06-28 11:21:00.000000000,BEST_ASK,"JPM,101507,387"
2019-06-28 11:21:00.000000000,LAST_TRADE,"3,$101507.0000"
2019-06-28 11:21:00.000000000,QUERY_SPREAD,92
2019-06-28 11:21:00.000000000,BEST_BID,"JPM,101295,471"
2019-06-28 11:21:00.000000000,BEST_ASK,"JPM,101507,382"
2019-06-28 11:21:00.000000000,LAST_TRADE,"5,$101507.0000"
2019-06-28 11:21:00.000000000,QUERY_SPREAD,93
2019-06-28 11:21:00.000000000,BEST_BID,"JPM,101295,471"
2019-06-28 11:21:00.000000000,BEST_ASK,"JPM,101507,375"
2019-06-28 11:21:00.000000000,LAST_TRADE,"7,$101507.0000"
2019-06-28 11:21:00.000000000,QUERY_SPREAD,94
2019-06-28 11:21:00.000000000,BEST_BID,"JPM,101295,471"
2019-06-28 11:21:00.000000000,BEST_ASK,"JPM,101507,374"
2019-06-28 11:21:00.000000000,LAST_TRADE,"1,$101507.0000"
2019-06-28 11:21:00.000000000,QUERY_SPREAD,95
2019-06-28 11:21:00.000000000,BEST_BID,"JPM,101295,471"
2019-06-28 11:21:00.000000000,BEST_ASK,"JPM,101507,373"
2019-06-28 11:21:00.000000000,LAST_TRADE,"1,$101507.0000"
2019-06-28 11:21:00.000000000,QUERY_SPREAD,96
2019-06-28 11:21:00.000000000,BEST_BID,"JPM,101295,471"
2019-06-28 11:21:00.000000000,BEST_ASK,"JPM,101507,369"
2019-06-28 11:21:00.000000000,LAST_TRADE,"4,$101507.0000"
2019-06-28 11:21:00.000000000,QUERY_SPREAD,97
2019-06-28 11:21:00.000000000,BEST_BID,"JPM,101295,471"
2019-06-28 11:21:00.000000000,BEST_ASK,"JPM,101507,366"
2019-06-28 11:21:00.000000000,LAST_TRADE,"3,$101507.0000"
2019-06-28 11:21:00.000000000,QUERY_SPREAD,98
2019-06-28 11:21:00.000000000,BEST_BID,"JPM,101295,471"
2019-06-28 11:21:00.000000000,BEST_ASK,"JPM,101507,361"
2019-06-28 11:21:00.000000000,LAST_TRADE,"5,$101507.0000"
2019-06-28 11:21:00.000000000,QUERY_SPREAD,99
2019-06-28 11:21:00.000000000,BEST_BID,"JPM,101295,471"
2019-06-28 11:21:00.000000000,BEST_ASK,"JPM,101507,357"
2019-06-28 11:21:00.000000000,LAST_TRADE,"4,$101507.0000"
2019-06-28 11:21:00.000000000,QUERY_SPREAD,100
2019-06-28 11:21:00.000000000,BEST_BID,"JPM,101295,471"
2019-06-28 11:21:00.000000000,BEST_ASK,"JPM,101507,352"
2019-06-28 11:21:00.000000000,LAST_TRADE,"5,$101507.0000"
2019-06-28 11:21:00.000000000,QUERY_SPREAD,101
2019-06-28 11:21:03.517023158,QUERY_SPREAD,31
2019-06-28 11:21:03.517023158,BEST_BID,"JPM,101295,371"
2019-06-28 11:21:03.517023158,BEST_ASK,"JPM,101507,352"
2019-06-28 11:21:03.517023158,LAST_TRADE,"100,$101295.0000"
2019-06-28 11:21:07.769139050,QUERY_ORDER_STREAM,63
2019-06-28 11:21:07.769139050,QUERY_SPREAD,63
2019-06-28 11:21:10.000000000,QUERY_SPREAD,1
2019-06-28 11:21:10.000000000,BEST_BID,"JPM,101226,174"
2019-06-28 11:21:10.000000000,BEST_ASK,"JPM,101604,100"
2019-06-28 11:21:10.000000000,BEST_BID,"JPM,101226,174"
2019-06-28 11:21:10.000000000,BEST_ASK,"JPM,101604,100"
2019-06-28 11:21:10.000000000,BEST_BID,"JPM,101226,174"
2019-06-28 11:21:10.000000000,BEST_ASK,"JPM,101604,100"
2019-06-28 11:21:10.000000000,BEST_BID,"JPM,101226,174"
2019-06-28 11:21:10.000000000,BEST_ASK,"JPM,101604,100"
2019-06-28 11:21:10.000000000,BEST_BID,"JPM,101226,174"
2019-06-28 11:21:10.000000000,BEST_ASK,"JPM,101604,100"
2019-06-28 11:21:10.000000000,BEST_BID,"JPM,101226,174"
2019-06-28 11:21:10.000000000,BEST_ASK,"JPM,101604,174"
2019-06-28 11:21:10.000000000,BEST_BID,"JPM,101226,174"
2019-06-28 11:21:10.000000000,BEST_ASK,"JPM,101604,174"
2019-06-28 11:21:10.000000000,BEST_BID,"JPM,101226,174"
2019-06-28 11:21:10.000000000,BEST_ASK,"JPM,101604,174"
2019-06-28 11:21:10.000000000,BEST_BID,"JPM,101226,174"
2019-06-28 11:21:10.000000000,BEST_ASK,"JPM,101604,174"
2019-06-28 11:21:20.000000000,QUERY_SPREAD,1
2019-06-28 11:21:20.000000000,BEST_BID,"JPM,101226,193"
2019-06-28 11:21:20.000000000,BEST_ASK,"JPM,101604,100"
2019-06-28 11:21:20.000000000,BEST_BID,"JPM,101226,193"
2019-06-28 11:21:20.000000000,BEST_ASK,"JPM,101604,100"
2019-06-28 11:21:20.000000000,BEST_BID,"JPM,101226,193"
2019-06-28 11:21:20.000000000,BEST_ASK,"JPM,101604,100"
2019-06-28 11:21:20.000000000,BEST_BID,"JPM,101226,193"
2019-06-28 11:21:20.000000000,BEST_ASK,"JPM,101604,100"
2019-06-28 11:21:20.000000000,BEST_BID,"JPM,101226,193"
2019-06-28 11:21:20.000000000,BEST_ASK,"JPM,101604,193"
2019-06-28 11:21:20.000000000,BEST_BID,"JPM,101226,193"
2019-06-28 11:21:20.000000000,BEST_ASK,"JPM,101604,193"
2019-06-28 11:21:20.000000000,BEST_BID,"JPM,101226,193"
2019-06-28 11:21:20.000000000,BEST_ASK,"JPM,101604,193"
2019-06-28 11:21:20.000000000,BEST_BID,"JPM,101226,193"
2019-06-28 11:21:20.000000000,BEST_ASK,"JPM,101604,193"
2019-06-28 11:21:30.000000000,QUERY_SPREAD,1
2019-06-28 11:21:30.000000000,BEST_BID,"JPM,101226,174"
2019-06-28 11:21:30.000000000,BEST_ASK,"JPM,101604,100"
2019-06-28 11:21:30.000000000,BEST_BID,"JPM,101226,174"
2019-06-28 11:21:30.000000000,BEST_ASK,"JPM,101604,100"
2019-06-28 11:21:30.000000000,BEST_BID,"JPM,101226,174"
2019-06-28 11:21:30.000000000,BEST_ASK,"JPM,101604,100"
2019-06-28 11:21:30.000000000,BEST_BID,"JPM,101226,174"
2019-06-28 11:21:30.000000000,BEST_ASK,"JPM,101604,100"
2019-06-28 11:21:30.000000000,BEST_BID,"JPM,101226,174"
2019-06-28 11:21:30.000000000,BEST_ASK,"JPM,101604,100"
2019-06-28 11:21:30.000000000,BEST_BID,"JPM,101226,174"
2019-06-28 11:21:30.000000000,BEST_ASK,"JPM,101604,174"
2019-06-28 11:21:30.000000000,BEST_BID,"JPM,101226,174"
2019-06-28 11:21:30.000000000,BEST_ASK,"JPM,101604,174"
2019-06-28 11:21:30.000000000,BEST_BID,"JPM,101226,174"
2019-06-28 11:21:30.000000000,BEST_ASK,"JPM,101604,174"
2019-06-28 11:21:30.000000000,BEST_BID,"JPM,101226,174"
2019-06-28 11:21:30.000000000,BEST_ASK,"JPM,101604,174"
2019-06-28 11:21:30.654163548,QUERY_SPREAD,49
2019-06-28 11:21:30.654163548,BEST_BID,"JPM,101226,74"
2019-06-28 11:21:30.654163548,BEST_ASK,"JPM,101604,174"
2019-06-28 11:21:30.654163548,LAST_TRADE,"100,$101226.0000"
2019-06-28 11:21:34.915763747,QUERY_SPREAD,21
2019-06-28 11:21:34.915763747,BEST_BID,"JPM,101123,74"
2019-06-28 11:21:34.915763747,BEST_ASK,"JPM,101226,26"
2019-06-28 11:21:34.915763747,LAST_TRADE,"74,$101226.0000"
2019-06-28 11:21:40.000000000,QUERY_SPREAD,1
2019-06-28 11:21:40.000000000,BEST_BID,"JPM,101007,193"
2019-06-28 11:21:40.000000000,BEST_ASK,"JPM,101226,26"
2019-06-28 11:21:40.000000000,BEST_BID,"JPM,101007,193"
2019-06-28 11:21:40.000000000,BEST_ASK,"JPM,101226,26"
2019-06-28 11:21:40.000000000,BEST_BID,"JPM,101007,193"
2019-06-28 11:21:40.000000000,BEST_ASK,"JPM,101226,26"
2019-06-28 11:21:40.000000000,BEST_BID,"JPM,101007,193"
2019-06-28 11:21:40.000000000,BEST_ASK,"JPM,101226,26"
2019-06-28 11:21:40.000000000,BEST_BID,"JPM,101007,193"
2019-06-28 11:21:40.000000000,BEST_ASK,"JPM,101226,119"
2019-06-28 11:21:40.000000000,BEST_BID,"JPM,101007,193"
2019-06-28 11:21:40.000000000,BEST_ASK,"JPM,101226,119"
2019-06-28 11:21:40.000000000,BEST_BID,"JPM,101007,193"
2019-06-28 11:21:40.000000000,BEST_ASK,"JPM,101226,119"
2019-06-28 11:21:40.000000000,BEST_BID,"JPM,101007,193"
2019-06-28 11:21:40.000000000,BEST_ASK,"JPM,101226,119"
2019-06-28 11:21:50.000000000,QUERY_SPREAD,1
2019-06-28 11:21:50.000000000,BEST_BID,"JPM,101007,174"
2019-06-28 11:21:50.000000000,BEST_ASK,"JPM,101226,26"
2019-06-28 11:21:50.000000000,BEST_BID,"JPM,101007,174"
2019-06-28 11:21:50.000000000,BEST_ASK,"JPM,101226,26"
2019-06-28 11:21:50.000000000,BEST_BID,"JPM,101007,174"
2019-06-28 11:21:50.000000000,BEST_ASK,"JPM,101226,26"
2019-06-28 11:21:50.000000000,BEST_BID,"JPM,101007,174"
2019-06-28 11:21:50.000000000,BEST_ASK,"JPM,101226,26"
2019-06-28 11:21:50.000000000,BEST_BID,"JPM,101007,174"
2019-06-28 11:21:50.000000000,BEST_ASK,"JPM,101226,26"
2019-06-28 11:21:50.000000000,BEST_BID,"JPM,101007,174"
2019-06-28 11:21:50.000000000,BEST_ASK,"JPM,101226,100"
2019-06-28 11:21:50.000000000,BEST_BID,"JPM,101007,174"
2019-06-28 11:21:50.000000000,BEST_ASK,"JPM,101226,100"
2019-06-28 11:21:50.000000000,BEST_BID,"JPM,101007,174"
2019-06-28 11:21:50.000000000,BEST_ASK,"JPM,101226,100"
2019-06-28 11:21:50.000000000,BEST_BID,"JPM,101007,174"
2019-06-28 11:21:50.000000000,BEST_ASK,"JPM,101226,100"
2019-06-28 11:21:50.000000000,BEST_BID,"JPM,101007,174"
2019-06-28 11:21:50.000000000,BEST_ASK,"JPM,101226,100"
2019-06-28 11:22:00.000000000,QUERY_SPREAD,1
2019-06-28 11:22:00.000000000,BEST_BID,"JPM,101007,174"
2019-06-28 11:22:00.000000000,BEST_ASK,"JPM,101226,26"
2019-06-28 11:22:00.000000000,BEST_BID,"JPM,101007,174"
2019-06-28 11:22:00.000000000,BEST_ASK,"JPM,101226,26"
2019-06-28 11:22:00.000000000,BEST_BID,"JPM,101007,174"
2019-06-28 11:22:00.000000000,BEST_ASK,"JPM,101226,26"
2019-06-28 11:22:00.000000000,BEST_BID,"JPM,101007,174"
2019-06-28 11:22:00.000000000,BEST_ASK,"JPM,101226,26"
2019-06-28 11:22:00.000000000,BEST_BID,"JPM,101007,174"
2019-06-28 11:22:00.000000000,BEST_ASK,"JPM,101226,26"
2019-06-28 11:22:00.000000000,BEST_BID,"JPM,101007,174"
2019-06-28 11:22:00.000000000,BEST_ASK,"JPM,101226,100"
2019-06-28 11:22:00.000000000,BEST_BID,"JPM,101007,174"
2019-06-28 11:22:00.000000000,BEST_ASK,"JPM,101226,100"
2019-06-28 11:22:00.000000000,BEST_BID,"JPM,101007,174"
2019-06-28 11:22:00.000000000,BEST_ASK,"JPM,101226,100"
2019-06-28 11:22:00.000000000,BEST_BID,"JPM,101007,174"
2019-06-28 11:22:00.000000000,BEST_ASK,"JPM,101226,100"
2019-06-28 11:22:00.000000000,BEST_BID,"JPM,101007,174"
2019-06-28 11:22:00.000000000,BEST_ASK,"JPM,101226,100"
2019-06-28 11:22:00.000000000,QUERY_SPREAD,77
2019-06-28 11:22:00.000000000,BEST_BID,"JPM,101007,174"
2019-06-28 11:22:00.000000000,BEST_ASK,"JPM,101226,95"
2019-06-28 11:22:00.000000000,LAST_TRADE,"5,$101226.0000"
2019-06-28 11:22:00.000000000,QUERY_SPREAD,78
2019-06-28 11:22:00.000000000,BEST_BID,"JPM,101007,174"
2019-06-28 11:22:00.000000000,BEST_ASK,"JPM,101226,87"
2019-06-28 11:22:00.000000000,LAST_TRADE,"8,$101226.0000"
2019-06-28 11:22:00.000000000,QUERY_SPREAD,79
2019-06-28 11:22:00.000000000,BEST_BID,"JPM,101007,174"
2019-06-28 11:22:00.000000000,BEST_ASK,"JPM,101226,82"
2019-06-28 11:22:00.000000000,LAST_TRADE,"5,$101226.0000"
2019-06-28 11:22:00.000000000,QUERY_SPREAD,80
2019-06-28 11:22:00.000000000,BEST_BID,"JPM,101007,174"
2019-06-28 11:22:00.000000000,BEST_ASK,"JPM,101226,74"
2019-06-28 11:22:00.000000000,LAST_TRADE,"8,$101226.0000"
2019-06-28 11:22:00.000000000,QUERY_SPREAD,81
2019-06-28 11:22:00.000000000,BEST_BID,"JPM,101007,174"
2019-06-28 11:22:00.000000000,BEST_ASK,"JPM,101226,65"
2019-06-28 11:22:00.000000000,LAST_TRADE,"9,$101226.0000"
2019-06-28 11:22:00.000000000,QUERY_SPREAD,82
2019-06-28 11:22:00.000000000,BEST_BID,"JPM,101007,174"
2019-06-28 11:22:00.000000000,BEST_ASK,"JPM,101226,62"
2019-06-28 11:22:00.000000000,LAST_TRADE,"3,$101226.0000"
2019-06-28 11:22:00.000000000,QUERY_SPREAD,83
2019-06-28 11:22:00.000000000,BEST_BID,"JPM,101007,174"
2019-06-28 11:22:00.000000000,BEST_ASK,"JPM,101226,54"
2019-06-28 11:22:00.000000000,LAST_TRADE,"8,$101226.0000"
2019-06-28 11:22:00.000000000,QUERY_SPREAD,84
2019-06-28 11:22:00.000000000,BEST_BID,"JPM,101007,174"
2019-06-28 11:22:00.000000000,BEST_ASK,"JPM,101226,50"
2019-06-28 11:22:00.000000000,LAST_TRADE,"4,$101226.0000"
2019-06-28 11:22:00.000000000,QUERY_SPREAD,85
2019-06-28 11:22:00.000000000,BEST_BID,"JPM,101007,174"
2019-06-28 11:22:00.000000000,BEST_ASK,"JPM,101226,45"
2019-06-28 11:22:00.000000000,LAST_TRADE,"5,$101226.0000"
2019-06-28 11:22:00.000000000,QUERY_SPREAD,86
2019-06-28 11:22:00.000000000,BEST_BID,"JPM,101007,174"
2019-06-28 11:22:00.000000000,BEST_ASK,"JPM,101226,43"
2019-06-28 11:22:00.000000000,LAST_TRADE,"2,$101226.0000"
2019-06-28 11:22:00.000000000,QUERY_SPREAD,87
2019-06-28 11:22:00.000000000,BEST_BID,"JPM,101007,174"
2019-06-28 11:22:00.000000000,BEST_ASK,"JPM,101226,36"
2019-06-28 11:22:00.000000000,LAST_TRADE,"7,$101226.0000"
2019-06-28 11:22:00.000000000,QUERY_SPREAD,88
2019-06-28 11:22:00.000000000,BEST_BID,"JPM,101007,174"
2019-06-28 11:22:00.000000000,BEST_ASK,"JPM,101226,28"
2019-06-28 11:22:00.000000000,LAST_TRADE,"8,$101226.0000"
2019-06-28 11:22:00.000000000,QUERY_SPREAD,89
2019-06-28 11:22:00.000000000,BEST_BID,"JPM,101007,174"
2019-06-28 11:22:00.000000000,BEST_ASK,"JPM,101226,23"
2019-06-28 11:22:00.000000000,LAST_TRADE,"5,$101226.0000"
2019-06-28 11:22:00.000000000,QUERY_SPREAD,90
2019-06-28 11:22:00.000000000,BEST_BID,"JPM,101007,174"
2019-06-28 11:22:00.000000000,BEST_ASK,"JPM,101226,19"
2019-06-28 11:22:00.000000000,LAST_TRADE,"4,$101226.0000"
2019-06-28 11:22:00.000000000,QUERY_SPREAD,91
2019-06-28 11:22:00.000000000,BEST_BID,"JPM,101007,174"
2019-06-28 11:22:00.000000000,BEST_ASK,"JPM,101226,16"
2019-06-28 11:22:00.000000000,LAST_TRADE,"3,$101226.0000"
2019-06-28 11:22:00.000000000,QUERY_SPREAD,92
2019-06-28 11:22:00.000000000,BEST_BID,"JPM,101007,174"
2019-06-28 11:22:00.000000000,BEST_ASK,"JPM,101226,11"
2019-06-28 11:22:00.000000000,LAST_TRADE,"5,$101226.0000"
2019-06-28 11:22:00.000000000,QUERY_SPREAD,93
2019-06-28 11:22:00.000000000,BEST_BID,"JPM,101007,174"
2019-06-28 11:22:00.000000000,BEST_ASK,"JPM,101226,4"
2019-06-28 11:22:00.000000000,LAST_TRADE,"7,$101226.0000"
2019-06-28 11:22:00.000000000,QUERY_SPREAD,94
2019-06-28 11:22:00.000000000,BEST_BID,"JPM,101007,174"
2019-06-28 11:22:00.000000000,BEST_ASK,"JPM,101226,3"
2019-06-28 11:22:00.000000000,LAST_TRADE,"1,$101226.0000"
2019-06-28 11:22:00.000000000,QUERY_SPREAD,95
2019-06-28 11:22:00.000000000,BEST_BID,"JPM,101007,174"
2019-06-28 11:22:00.000000000,BEST_ASK,"JPM,101226,2"
2019-06-28 11:22:00.000000000,LAST_TRADE,"1,$101226.0000"
2019-06-28 11:22:00.000000000,QUERY_SPREAD,96
2019-06-28 11:22:00.000000000,BEST_BID,"JPM,101226,2"
2019-06-28 11:22:00.000000000,BEST_ASK,"JPM,101604,174"
2019-06-28 11:22:00.000000000,LAST_TRADE,"2,$101226.0000"
2019-06-28 11:22:00.000000000,QUERY_SPREAD,97
2019-06-28 11:22:00.000000000,BEST_BID,"JPM,101226,2"
2019-06-28 11:22:00.000000000,BEST_ASK,"JPM,101604,171"
2019-06-28 11:22:00.000000000,LAST_TRADE,"3,$101604.0000"
2019-06-28 11:22:00.000000000,QUERY_SPREAD,98
2019-06-28 11:22:00.000000000,BEST_BID,"JPM,101226,2"
2019-06-28 11:22:00.000000000,BEST_ASK,"JPM,101604,166"
2019-06-28 11:22:00.000000000,LAST_TRADE,"5,$101604.0000"
2019-06-28 11:22:00.000000000,QUERY_SPREAD,99
2019-06-28 11:22:00.000000000,BEST_BID,"JPM,101226,2"
2019-06-28 11:22:00.000000000,BEST_ASK,"JPM,101604,162"
2019-06-28 11:22:00.000000000,LAST_TRADE,"4,$101604.0000"
2019-06-28 11:22:00.000000000,QUERY_SPREAD,100
2019-06-28 11:22:00.000000000,BEST_BID,"JPM,101226,2"
2019-06-28 11:22:00.000000000,BEST_ASK,"JPM,101604,157"
2019-06-28 11:22:00.000000000,LAST_TRADE,"5,$101604.0000"
2019-06-28 11:22:00.000000000,QUERY_SPREAD,101
2019-06-28 11:22:10.000000000,QUERY_SPREAD,1
2019-06-28 11:22:10.000000000,BEST_BID,"JPM,101226,95"
2019-06-28 11:22:10.000000000,BEST_ASK,"JPM,101604,83"
2019-06-28 11:22:10.000000000,BEST_BID,"JPM,101226,95"
2019-06-28 11:22:10.000000000,BEST_ASK,"JPM,101604,83"
2019-06-28 11:22:10.000000000,BEST_BID,"JPM,101226,95"
2019-06-28 11:22:10.000000000,BEST_ASK,"JPM,101604,83"
2019-06-28 11:22:10.000000000,BEST_BID,"JPM,101226,95"
2019-06-28 11:22:10.000000000,BEST_ASK,"JPM,101604,83"
2019-06-28 11:22:10.000000000,BEST_BID,"JPM,101226,95"
2019-06-28 11:22:10.000000000,BEST_ASK,"JPM,101604,176"
2019-06-28 11:22:10.000000000,BEST_BID,"JPM,101226,95"
2019-06-28 11:22:10.000000000,BEST_ASK,"JPM,101604,176"
2019-06-28 11:22:10.000000000,BEST_BID,"JPM,101226,95"
2019-06-28 11:22:10.000000000,BEST_ASK,"JPM,101604,176"
2019-06-28 11:22:10.000000000,BEST_BID,"JPM,101226,95"
2019-06-28 11:22:10.000000000,BEST_ASK,"JPM,101604,176"
2019-06-28 11:22:19.925547461,QUERY_SPREAD,18
2019-06-28 11:22:19.925547461,BEST_BID,"JPM,101226,95"
2019-06-28 11:22:19.925547461,BEST_ASK,"JPM,101604,176"
2019-06-28 11:22:20.000000000,QUERY_SPREAD,1
2019-06-28 11:22:20.000000000,BEST_BID,"JPM,101226,188"
2019-06-28 11:22:20.000000000,BEST_ASK,"JPM,101604,83"
2019-06-28 11:22:20.000000000,BEST_BID,"JPM,101226,188"
2019-06-28 11:22:20.000000000,BEST_ASK,"JPM,101604,83"
2019-06-28 11:22:20.000000000,BEST_BID,"JPM,101226,188"
2019-06-28 11:22:20.000000000,BEST_ASK,"JPM,101604,269"
2019-06-28 11:22:20.000000000,BEST_BID,"JPM,101226,188"
2019-06-28 11:22:20.000000000,BEST_ASK,"JPM,101604,269"
2019-06-28 11:22:30.000000000,QUERY_SPREAD,1
2019-06-28 11:22:30.000000000,BEST_BID,"JPM,101226,373"
2019-06-28 11:22:30.000000000,BEST_ASK,"JPM,101604,83"
2019-06-28 11:22:30.000000000,BEST_BID,"JPM,101226,373"
2019-06-28 11:22:30.000000000,BEST_ASK,"JPM,101604,454"
2019-06-28 11:22:38.177364900,QUERY_SPREAD,12
2019-06-28 11:22:38.177364900,BEST_BID,"JPM,101226,373"
2019-06-28 11:22:38.177364900,BEST_ASK,"JPM,101604,454"
2019-06-28 11:22:40.000000000,QUERY_SPREAD,1
2019-06-28 11:22:40.000000000,BEST_BID,"JPM,101226,188"
2019-06-28 11:22:40.000000000,BEST_ASK,"JPM,101604,83"
2019-06-28 11:22:40.000000000,BEST_BID,"JPM,101226,188"
2019-06-28 11:22:40.000000000,BEST_ASK,"JPM,101604,83"
2019-06-28 11:22:40.000000000,BEST_BID,"JPM,101226,188"
2019-06-28 11:22:40.000000000,BEST_ASK,"JPM,101604,269"
2019-06-28 11:22:40.000000000,BEST_BID,"JPM,101226,188"
2019-06-28 11:22:40.000000000,BEST_ASK,"JPM,101604,269"
2019-06-28 11:22:41.363763898,QUERY_SPREAD,26
2019-06-28 11:22:41.363763898,BEST_BID,"JPM,101226,88"
2019-06-28 11:22:41.363763898,BEST_ASK,"JPM,101604,269"
2019-06-28 11:22:41.363763898,LAST_TRADE,"100,$101226.0000"
2019-06-28 11:22:50.000000000,QUERY_SPREAD,1
2019-06-28 11:22:50.000000000,BEST_BID,"JPM,101007,471"
2019-06-28 11:22:50.000000000,BEST_ASK,"JPM,101604,83"
2019-06-28 11:22:50.000000000,BEST_BID,"JPM,101007,471"
2019-06-28 11:22:50.000000000,BEST_ASK,"JPM,101604,454"
2019-06-28 11:23:00.000000000,QUERY_SPREAD,1
2019-06-28 11:23:00.000000000,BEST_BID,"JPM,101007,286"
2019-06-28 11:23:00.000000000,BEST_ASK,"JPM,101604,83"
2019-06-28 11:23:00.000000000,BEST_BID,"JPM,101007,286"
2019-06-28 11:23:00.000000000,BEST_ASK,"JPM,101604,83"
2019-06-28 11:23:00.000000000,BEST_BID,"JPM,101007,286"
2019-06-28 11:23:00.000000000,BEST_ASK,"JPM,101604,269"
2019-06-28 11:23:00.000000000,BEST_BID,"JPM,101007,286"
2019-06-28 11:23:00.000000000,BEST_ASK,"JPM,101604,269"
2019-06-28 11:23:00.000000000,QUERY_SPREAD,77
2019-06-28 11:23:00.000000000,BEST_BID,"JPM,101007,286"
2019-06-28 11:23:00.000000000,BEST_ASK,"JPM,101604,264"
2019-06-28 11:23:00.000000000,LAST_TRADE,"5,$101604.0000"
2019-06-28 11:23:00.000000000,QUERY_SPREAD,78
2019-06-28 11:23:00.000000000,BEST_BID,"JPM,101007,286"
2019-06-28 11:23:00.000000000,BEST_ASK,"JPM,101604,256"
2019-06-28 11:23:00.000000000,LAST_TRADE,"8,$101604.0000"
2019-06-28 11:23:00.000000000,QUERY_SPREAD,79
2019-06-28 11:23:00.000000000,BEST_BID,"JPM,101007,286"
2019-06-28 11:23:00.000000000,BEST_ASK,"JPM,101604,251"
2019-06-28 11:23:00.000000000,LAST_TRADE,"5,$101604.0000"
2019-06-28 11:23:00.000000000,QUERY_SPREAD,80
2019-06-28 11:23:00.000000000,BEST_BID,"JPM,101007,286"
2019-06-28 11:23:00.000000000,BEST_ASK,"JPM,101604,243"
2019-06-28 11:23:00.000000000,LAST_TRADE,"8,$101604.0000"
2019-06-28 11:23:00.000000000,QUERY_SPREAD,81
2019-06-28 11:23:00.000000000,BEST_BID,"JPM,101007,286"
2019-06-28 11:23:00.000000000,BEST_ASK,"JPM,101604,234"
2019-06-28 11:23:00.000000000,LAST_TRADE,"9,$101604.0000"
2019-06-28 11:23:00.000000000,QUERY_SPREAD,82
2019-06-28 11:23:00.000000000,BEST_BID,"JPM,101007,286"
2019-06-28 11:23:00.000000000,BEST_ASK,"JPM,101604,231"
2019-06-28 11:23:00.000000000,LAST_TRADE,"3,$101604.0000"
2019-06-28 11:23:00.000000000,QUERY_SPREAD,83
2019-06-28 11:23:00.000000000,BEST_BID,"JPM,101007,286"
2019-06-28 11:23:00.000000000,BEST_ASK,"JPM,101604,223"
2019-06-28 11:23:00.000000000,LAST_TRADE,"8,$101604.0000"
2019-06-28 11:23:00.000000000,QUERY_SPREAD,84
2019-06-28 11:23:00.000000000,BEST_BID,"JPM,101007,286"
2019-06-28 11:23:00.000000000,BEST_ASK,"JPM,101604,219"
2019-06-28 11:23:00.000000000,LAST_TRADE,"4,$101604.0000"
2019-06-28 11:23:00.000000000,QUERY_SPREAD,85
2019-06-28 11:23:00.000000000,BEST_BID,"JPM,101007,286"
2019-06-28 11:23:00.000000000,BEST_ASK,"JPM,101604,214"
2019-06-28 11:23:00.000000000,LAST_TRADE,"5,$101604.0000"
2019-06-28 11:23:00.000000000,QUERY_SPREAD,86
2019-06-28 11:23:00.000000000,BEST_BID,"JPM,101007,286"
2019-06-28 11:23:00.000000000,BEST_ASK,"JPM,101604,212"
2019-06-28 11:23:00.000000000,LAST_TRADE,"2,$101604.0000"
2019-06-28 11:23:00.000000000,QUERY_SPREAD,87
2019-06-28 11:23:00.000000000,BEST_BID,"JPM,101007,286"
2019-06-28 11:23:00.000000000,BEST_ASK,"JPM,101604,205"
2019-06-28 11:23:00.000000000,LAST_TRADE,"7,$101604.0000"
2019-06-28 11:23:00.000000000,QUERY_SPREAD,88
2019-06-28 11:23:00.000000000,BEST_BID,"JPM,101007,286"
2019-06-28 11:23:00.000000000,BEST_ASK,"JPM,101604,197"
2019-06-28 11:23:00.000000000,LAST_TRADE,"8,$101604.0000"
2019-06-28 11:23:00.000000000,QUERY_SPREAD,89
2019-06-28 11:23:00.000000000,BEST_BID,"JPM,101007,286"
2019-06-28 11:23:00.000000000,BEST_ASK,"JPM,101604,192"
2019-06-28 11:23:00.000000000,LAST_TRADE,"5,$101604.0000"
2019-06-28 11:23:00.000000000,QUERY_SPREAD,90
2019-06-28 11:23:00.000000000,BEST_BID,"JPM,101007,286"
2019-06-28 11:23:00.000000000,BEST_ASK,"JPM,101604,188"
2019-06-28 11:23:00.000000000,LAST_TRADE,"4,$101604.0000"
2019-06-28 11:23:00.000000000,QUERY_SPREAD,91
2019-06-28 11:23:00.000000000,BEST_BID,"JPM,101007,286"
2019-06-28 11:23:00.000000000,BEST_ASK,"JPM,101604,185"
2019-06-28 11:23:00.000000000,LAST_TRADE,"3,$101604.0000"
2019-06-28 11:23:00.000000000,QUERY_SPREAD,92
2019-06-28 11:23:00.000000000,BEST_BID,"JPM,101007,286"
2019-06-28 11:23:00.000000000,BEST_ASK,"JPM,101604,180"
2019-06-28 11:23:00.000000000,LAST_TRADE,"5,$101604.0000"
2019-06-28 11:23:00.000000000,QUERY_SPREAD,93
2019-06-28 11:23:00.000000000,BEST_BID,"JPM,101007,286"
2019-06-28 11:23:00.000000000,BEST_ASK,"JPM,101604,173"
2019-06-28 11:23:00.000000000,LAST_TRADE,"7,$101604.0000"
2019-06-28 11:23:00.000000000,QUERY_SPREAD,94
2019-06-28 11:23:00.000000000,BEST_BID,"JPM,101007,286"
2019-06-28 11:23:00.000000000,BEST_ASK,"JPM,101604,172"
2019-06-28 11:23:00.000000000,LAST_TRADE,"1,$101604.0000"
2019-06-28 11:23:00.000000000,QUERY_SPREAD,95
2019-06-28 11:23:00.000000000,BEST_BID,"JPM,101007,286"
2019-06-28 11:23:00.000000000,BEST_ASK,"JPM,101604,171"
2019-06-28 11:23:00.000000000,LAST_TRADE,"1,$101604.0000"
2019-06-28 11:23:00.000000000,QUERY_SPREAD,96
2019-06-28 11:23:00.000000000,BEST_BID,"JPM,101007,286"
2019-06-28 11:23:00.000000000,BEST_ASK,"JPM,101604,167"
2019-06-28 11:23:00.000000000,LAST_TRADE,"4,$101604.0000"
2019-06-28 11:23:00.000000000,QUERY_SPREAD,97
2019-06-28 11:23:00.000000000,BEST_BID,"JPM,101007,286"
2019-06-28 11:23:00.000000000,BEST_ASK,"JPM,101604,164"
2019-06-28 11:23:00.000000000,LAST_TRADE,"3,$101604.0000"
2019-06-28 11:23:00.000000000,QUERY_SPREAD,98
2019-06-28 11:23:00.000000000,BEST_BID,"JPM,101007,286"
2019-06-28 11:23:00.000000000,BEST_ASK,"JPM,101604,159"
2019-06-28 11:23:00.000000000,LAST_TRADE,"5,$101604.0000"
2019-06-28 11:23:00.000000000,QUERY_SPREAD,99
2019-06-28 11:23:00.000000000,BEST_BID,"JPM,101007,286"
2019-06-28 11:23:00.000000000,BEST_ASK,"JPM,101604,155"
2019-06-28 11:23:00.000000000,LAST_TRADE,"4,$101604.0000"
2019-06-28 11:23:00.000000000,QUERY_SPREAD,100
2019-06-28 11:23:00.000000000,BEST_BID,"JPM,101007,286"
2019-06-28 11:23:00.000000000,BEST_ASK,"JPM,101604,150"
2019-06-28 11:23:00.000000000,LAST_TRADE,"5,$101604.0000"
2019-06-28 11:23:00.000000000,QUERY_SPREAD,101
2019-06-28 11:23:10.000000000,QUERY_SPREAD,1
2019-06-28 11:23:10.000000000,BEST_BID,"JPM,101007,471"
2019-06-28 11:23:10.000000000,BEST_ASK,"JPM,101688,100"
2019-06-28 11:23:10.000000000,BEST_BID,"JPM,101007,471"
2019-06-28 11:23:10.000000000,BEST_ASK,"JPM,101688,471"
2019-06-28 11:23:20.000000000,QUERY_SPREAD,1
2019-06-28 11:23:20.000000000,BEST_BID,"JPM,101007,471"
2019-06-28 11:23:20.000000000,BEST_ASK,"JPM,101688,100"
2019-06-28 11:23:20.000000000,BEST_BID,"JPM,101007,471"
2019-06-28 11:23:20.000000000,BEST_ASK,"JPM,101688,471"
2019-06-28 11:23:23.070678946,QUERY_SPREAD,41
2019-06-28 11:23:23.070678946,BEST_BID,"JPM,101007,371"
2019-06-28 11:23:23.070678946,BEST_ASK,"JPM,101688,471"
2019-06-28 11:23:23.070678946,LAST_TRADE,"100,$101007.0000"
2019-06-28 11:23:24.381301264,QUERY_SPREAD,51
2019-06-28 11:23:24.381301264,BEST_BID,"JPM,101007,271"
2019-06-28 11:23:24.381301264,BEST_ASK,"JPM,101688,471"
2019-06-28 11:23:24.381301264,LAST_TRADE,"100,$101007.0000"
2019-06-28 11:23:30.000000000,QUERY_SPREAD,1
2019-06-28 11:23:30.000000000,BEST_BID,"JPM,100932,286"
2019-06-28 11:23:30.000000000,BEST_ASK,"JPM,101688,100"
2019-06-28 11:23:30.000000000,BEST_BID,"JPM,100932,286"
2019-06-28 11:23:30.000000000,BEST_ASK,"JPM,101688,100"
2019-06-28 11:23:30.000000000,BEST_BID,"JPM,100932,286"
2019-06-28 11:23:30.000000000,BEST_ASK,"JPM,101688,286"
2019-06-28 11:23:30.000000000,BEST_BID,"JPM,100932,286"
2019-06-28 11:23:30.000000000,BEST_ASK,"JPM,101688,286"
2019-06-28 11:23:40.000000000,QUERY_SPREAD,1
2019-06-28 11:23:40.000000000,BEST_BID,"JPM,100932,471"
2019-06-28 11:23:40.000000000,BEST_ASK,"JPM,101688,100"
2019-06-28 11:23:40.000000000,BEST_BID,"JPM,100932,471"
2019-06-28 11:23:40.000000000,BEST_ASK,"JPM,101688,471"
2019-06-28 11:23:50.000000000,QUERY_SPREAD,1
2019-06-28 11:23:50.000000000,BEST_BID,"JPM,100932,174"
2019-06-28 11:23:50.000000000,BEST_ASK,"JPM,101688,100"
2019-06-28 11:23:50.000000000,BEST_BID,"JPM,100932,174"
2019-06-28 11:23:50.000000000,BEST_ASK,"JPM,101688,100"
2019-06-28 11:23:50.000000000,BEST_BID,"JPM,100932,174"
2019-06-28 11:23:50.000000000,BEST_ASK,"JPM,101688,100"
2019-06-28 11:23:50.000000000,BEST_BID,"JPM,100932,174"
2019-06-28 11:23:50.000000000,BEST_ASK,"JPM,101688,100"
2019-06-28 11:23:50.000000000,BEST_BID,"JPM,100932,174"
2019-06-28 11:23:50.000000000,BEST_ASK,"JPM,101688,100"
2019-06-28 11:23:50.000000000,BEST_BID,"JPM,100932,174"
2019-06-28 11:23:50.000000000,BEST_ASK,"JPM,101688,174"
2019-06-28 11:23:50.000000000,BEST_BID,"JPM,100932,174"
2019-06-28 11:23:50.000000000,BEST_ASK,"JPM,101688,174"
2019-06-28 11:23:50.000000000,BEST_BID,"JPM,100932,174"
2019-06-28 11:23:50.000000000,BEST_ASK,"JPM,101688,174"
2019-06-28 11:23:54.040817244,QUERY_SPREAD,51
2019-06-28 11:23:54.040817244,BEST_BID,"JPM,100932,174"
2019-06-28 11:23:54.040817244,BEST_ASK,"JPM,101688,174"
2019-06-28 11:24:00.000000000,QUERY_SPREAD,1
2019-06-28 11:24:00.000000000,BEST_BID,"JPM,100932,174"
2019-06-28 11:24:00.000000000,BEST_ASK,"JPM,101688,100"
2019-06-28 11:24:00.000000000,BEST_BID,"JPM,100932,174"
2019-06-28 11:24:00.000000000,BEST_ASK,"JPM,101688,100"
2019-06-28 11:24:00.000000000,BEST_BID,"JPM,100932,174"
2019-06-28 11:24:00.000000000,BEST_ASK,"JPM,101688,100"
2019-06-28 11:24:00.000000000,BEST_BID,"JPM,100932,174"
2019-06-28 11:24:00.000000000,BEST_ASK,"JPM,101688,100"
2019-06-28 11:24:00.000000000,BEST_BID,"JPM,100932,174"
2019-06-28 11:24:00.000000000,BEST_ASK,"JPM,101688,100"
2019-06-28 11:24:00.000000000,BEST_BID,"JPM,100932,174"
2019-06-28 11:24:00.000000000,BEST_ASK,"JPM,101688,174"
2019-06-28 11:24:00.000000000,BEST_BID,"JPM,100932,174"
2019-06-28 11:24:00.000000000,BEST_ASK,"JPM,101688,174"
2019-06-28 11:24:00.000000000,BEST_BID,"JPM,100932,174"
2019-06-28 11:24:00.000000000,BEST_ASK,"JPM,101688,174"
2019-06-28 11:24:00.000000000,QUERY_SPREAD,77
2019-06-28 11:24:00.000000000,BEST_BID,"JPM,100932,174"
2019-06-28 11:24:00.000000000,BEST_ASK,"JPM,101688,169"
2019-06-28 11:24:00.000000000,LAST_TRADE,"5,$101688.0000"
2019-06-28 11:24:00.000000000,QUERY_SPREAD,78
2019-06-28 11:24:00.000000000,BEST_BID,"JPM,100932,174"
2019-06-28 11:24:00.000000000,BEST_ASK,"JPM,101688,161"
2019-06-28 11:24:00.000000000,LAST_TRADE,"8,$101688.0000"
2019-06-28 11:24:00.000000000,QUERY_SPREAD,79
2019-06-28 11:24:00.000000000,BEST_BID,"JPM,100932,174"
2019-06-28 11:24:00.000000000,BEST_ASK,"JPM,101688,156"
2019-06-28 11:24:00.000000000,LAST_TRADE,"5,$101688.0000"
2019-06-28 11:24:00.000000000,QUERY_SPREAD,80
2019-06-28 11:24:00.000000000,BEST_BID,"JPM,100932,174"
2019-06-28 11:24:00.000000000,BEST_ASK,"JPM,101688,148"
2019-06-28 11:24:00.000000000,LAST_TRADE,"8,$101688.0000"
2019-06-28 11:24:00.000000000,QUERY_SPREAD,81
2019-06-28 11:24:00.000000000,BEST_BID,"JPM,100932,174"
2019-06-28 11:24:00.000000000,BEST_ASK,"JPM,101688,139"
2019-06-28 11:24:00.000000000,LAST_TRADE,"9,$101688.0000"
2019-06-28 11:24:00.000000000,QUERY_SPREAD,82
2019-06-28 11:24:00.000000000,BEST_BID,"JPM,100932,174"
2019-06-28 11:24:00.000000000,BEST_ASK,"JPM,101688,136"
2019-06-28 11:24:00.000000000,LAST_TRADE,"3,$101688.0000"
2019-06-28 11:24:00.000000000,QUERY_SPREAD,83
2019-06-28 11:24:00.000000000,BEST_BID,"JPM,100932,174"
2019-06-28 11:24:00.000000000,BEST_ASK,"JPM,101688,128"
2019-06-28 11:24:00.000000000,LAST_TRADE,"8,$101688.0000"
2019-06-28 11:24:00.000000000,QUERY_SPREAD,84
2019-06-28 11:24:00.000000000,BEST_BID,"JPM,100932,174"
2019-06-28 11:24:00.000000000,BEST_ASK,"JPM,101688,124"
2019-06-28 11:24:00.000000000,LAST_TRADE,"4,$101688.0000"
2019-06-28 11:24:00.000000000,QUERY_SPREAD,85
2019-06-28 11:24:00.000000000,BEST_BID,"JPM,100932,174"
2019-06-28 11:24:00.000000000,BEST_ASK,"JPM,101688,119"
2019-06-28 11:24:00.000000000,LAST_TRADE,"5,$101688.0000"
2019-06-28 11:24:00.000000000,QUERY_SPREAD,86
2019-06-28 11:24:00.000000000,BEST_BID,"JPM,100932,174"
2019-06-28 11:24:00.000000000,BEST_ASK,"JPM,101688,117"
2019-06-28 11:24:00.000000000,LAST_TRADE,"2,$101688.0000"
2019-06-28 11:24:00.000000000,QUERY_SPREAD,87
2019-06-28 11:24:00.000000000,BEST_BID,"JPM,100932,174"
2019-06-28 11:24:00.000000000,BEST_ASK,"JPM,101688,110"
2019-06-28 11:24:00.000000000,LAST_TRADE,"7,$101688.0000"
2019-06-28 11:24:00.000000000,QUERY_SPREAD,88
2019-06-28 11:24:00.000000000,BEST_BID,"JPM,100932,174"
2019-06-28 11:24:00.000000000,BEST_ASK,"JPM,101688,102"
2019-06-28 11:24:00.000000000,LAST_TRADE,"8,$101688.0000"
2019-06-28 11:24:00.000000000,QUERY_SPREAD,89
2019-06-28 11:24:00.000000000,BEST_BID,"JPM,100932,174"
2019-06-28 11:24:00.000000000,BEST_ASK,"JPM,101688,97"
2019-06-28 11:24:00.000000000,LAST_TRADE,"5,$101688.0000"
2019-06-28 11:24:00.000000000,QUERY_SPREAD,90
2019-06-28 11:24:00.000000000,BEST_BID,"JPM,100932,174"
2019-06-28 11:24:00.000000000,BEST_ASK,"JPM,101688,93"
2019-06-28 11:24:00.000000000,LAST_TRADE,"4,$101688.0000"
2019-06-28 11:24:00.000000000,QUERY_SPREAD,91
2019-06-28 11:24:00.000000000,BEST_BID,"JPM,100932,174"
2019-06-28 11:24:00.000000000,BEST_ASK,"JPM,101688,90"
2019-06-28 11:24:00.000000000,LAST_TRADE,"3,$101688.0000"
2019-06-28 11:24:00.000000000,QUERY_SPREAD,92
2019-06-28 11:24:00.000000000,BEST_BID,"JPM,100932,174"
2019-06-28 11:24:00.000000000,BEST_ASK,"JPM,101688,85"
2019-06-28 11:24:00.000000000,LAST_TRADE,"5,$101688.0000"
2019-06-28 11:24:00.000000000,QUERY_SPREAD,93
2019-06-28 11:24:00.000000000,BEST_BID,"JPM,100932,174"
2019-06-28 11:24:00.000000000,BEST_ASK,"JPM,101688,78"
2019-06-28 11:24:00.000000000,LAST_TRADE,"7,$101688.0000"
2019-06-28 11:24:00.000000000,QUERY_SPREAD,94
2019-06-28 11:24:00.000000000,BEST_BID,"JPM,100932,174"
2019-06-28 11:24:00.000000000,BEST_ASK,"JPM,101688,77"
2019-06-28 11:24:00.000000000,LAST_TRADE,"1,$101688.0000"
2019-06-28 11:24:00.000000000,QUERY_SPREAD,95
2019-06-28 11:24:00.000000000,BEST_BID,"JPM,100932,174"
2019-06-28 11:24:00.000000000,BEST_ASK,"JPM,101688,76"
2019-06-28 11:24:00.000000000,LAST_TRADE,"1,$101688.0000"
2019-06-28 11:24:00.000000000,QUERY_SPREAD,96
2019-06-28 11:24:00.000000000,BEST_BID,"JPM,100932,174"
2019-06-28 11:24:00.000000000,BEST_ASK,"JPM,101688,72"
2019-06-28 11:24:00.000000000,LAST_TRADE,"4,$101688.0000"
2019-06-28 11:24:00.000000000,QUERY_SPREAD,97
2019-06-28 11:24:00.000000000,BEST_BID,"JPM,100932,174"
2019-06-28 11:24:00.000000000,BEST_ASK,"JPM,101688,69"
2019-06-28 11:24:00.000000000,LAST_TRADE,"3,$101688.0000"
2019-06-28 11:24:00.000000000,QUERY_SPREAD,98
2019-06-28 11:24:00.000000000,BEST_BID,"JPM,100932,174"
2019-06-28 11:24:00.000000000,BEST_ASK,"JPM,101688,64"
2019-06-28 11:24:00.000000000,LAST_TRADE,"5,$101688.0000"
2019-06-28 11:24:00.000000000,QUERY_SPREAD,99
2019-06-28 11:24:00.000000000,BEST_BID,"JPM,100932,174"
2019-06-28 11:24:00.000000000,BEST_ASK,"JPM,101688,60"
2019-06-28 11:24:00.000000000,LAST_TRADE,"4,$101688.0000"
2019-06-28 11:24:00.000000000,QUERY_SPREAD,100
2019-06-28 11:24:00.000000000,BEST_BID,"JPM,100932,174"
2019-06-28 11:24:00.000000000,BEST_ASK,"JPM,101688,55"
2019-06-28 11:24:00.000000000,LAST_TRADE,"5,$101688.0000"
2019-06-28 11:24:00.000000000,QUERY_SPREAD,101
2019-06-28 11:24:10.000000000,QUERY_SPREAD,1
2019-06-28 11:24:10.000000000,BEST_BID,"JPM,100932,193"
2019-06-28 11:24:10.000000000,BEST_ASK,"JPM,101712,100"
2019-06-28 11:24:10.000000000,BEST_BID,"JPM,100932,193"
2019-06-28 11:24:10.000000000,BEST_ASK,"JPM,101712,100"
2019-06-28 11:24:10.000000000,BEST_BID,"JPM,100932,193"
2019-06-28 11:24:10.000000000,BEST_ASK,"JPM,101712,100"
2019-06-28 11:24:10.000000000,BEST_BID,"JPM,100932,193"
2019-06-28 11:24:10.000000000,BEST_ASK,"JPM,101712,100"
2019-06-28 11:24:10.000000000,BEST_BID,"JPM,100932,193"
2019-06-28 11:24:10.000000000,BEST_ASK,"JPM,101712,193"
2019-06-28 11:24:10.000000000,BEST_BID,"JPM,100932,193"
2019-06-28 11:24:10.000000000,BEST_ASK,"JPM,101712,193"
2019-06-28 11:24:20.000000000,QUERY_SPREAD,1
2019-06-28 11:24:20.000000000,BEST_BID,"JPM,100932,226"
2019-06-28 11:24:20.000000000,BEST_ASK,"JPM,101712,100"
2019-06-28 11:24:20.000000000,BEST_BID,"JPM,100932,226"
2019-06-28 11:24:20.000000000,BEST_ASK,"JPM,101712,100"
2019-06-28 11:24:20.000000000,BEST_BID,"JPM,100932,226"
2019-06-28 11:24:20.000000000,BEST_ASK,"JPM,101712,100"
2019-06-28 11:24:20.000000000,BEST_BID,"JPM,100932,226"
2019-06-28 11:24:20.000000000,BEST_ASK,"JPM,101712,226"
2019-06-28 11:24:20.000000000,BEST_BID,"JPM,100932,226"
2019-06-28 11:24:20.000000000,BEST_ASK,"JPM,101712,226"
2019-06-28 11:24:30.000000000,QUERY_SPREAD,1
2019-06-28 11:24:30.000000000,BEST_BID,"JPM,100932,471"
2019-06-28 11:24:30.000000000,BEST_ASK,"JPM,101712,100"
2019-06-28 11:24:30.000000000,BEST_BID,"JPM,100932,471"
2019-06-28 11:24:30.000000000,BEST_ASK,"JPM,101712,471"
2019-06-28 11:24:35.740710619,QUERY_SPREAD,10
2019-06-28 11:24:35.740710619,BEST_BID,"JPM,100932,371"
2019-06-28 11:24:35.740710619,BEST_ASK,"JPM,101712,471"
2019-06-28 11:24:35.740710619,LAST_TRADE,"100,$100932.0000"
2019-06-28 11:24:40.000000000,QUERY_SPREAD,1
2019-06-28 11:24:40.000000000,BEST_BID,"JPM,100884,471"
2019-06-28 11:24:40.000000000,BEST_ASK,"JPM,101712,100"
2019-06-28 11:24:40.000000000,BEST_BID,"JPM,100884,471"
2019-06-28 11:24:40.000000000,BEST_ASK,"JPM,101712,471"
2019-06-28 11:24:44.707801380,QUERY_ORDER_STREAM,66
2019-06-28 11:24:44.707801380,QUERY_SPREAD,66
2019-06-28 11:24:44.707801380,BEST_BID,"JPM,100884,471"
2019-06-28 11:24:44.707801380,BEST_ASK,"JPM,101688,100"
2019-06-28 11:24:50.000000000,QUERY_SPREAD,1
2019-06-28 11:24:50.000000000,BEST_BID,"JPM,100884,193"
2019-06-28 11:24:50.000000000,BEST_ASK,"JPM,101688,100"
2019-06-28 11:24:50.000000000,BEST_BID,"JPM,100884,193"
2019-06-28 11:24:50.000000000,BEST_ASK,"JPM,101688,100"
2019-06-28 11:24:50.000000000,BEST_BID,"JPM,100884,193"
2019-06-28 11:24:50.000000000,BEST_ASK,"JPM,101688,100"
2019-06-28 11:24:50.000000000,BEST_BID,"JPM,100884,193"
2019-06-28 11:24:50.000000000,BEST_ASK,"JPM,101688,100"
2019-06-28 11:24:50.000000000,BEST_BID,"JPM,100884,193"
2019-06-28 11:24:50.000000000,BEST_ASK,"JPM,101688,193"
2019-06-28 11:24:50.000000000,BEST_BID,"JPM,100884,193"
2019-06-28 11:24:50.000000000,BEST_ASK,"JPM,101688,193"
2019-06-28 11:24:50.000000000,BEST_BID,"JPM,100884,193"
2019-06-28 11:24:50.000000000,BEST_ASK,"JPM,101688,193"
2019-06-28 11:24:52.222402990,QUERY_SPREAD,21
2019-06-28 11:24:52.222402990,BEST_BID,"JPM,100884,193"
2019-06-28 11:24:52.222402990,BEST_ASK,"JPM,100988,100"
2019-06-28 11:24:57.947575400,QUERY_SPREAD,41
2019-06-28 11:24:57.947575400,BEST_BID,"JPM,100884,193"
2019-06-28 11:24:57.947575400,BEST_ASK,"JPM,100894,100"
2019-06-28 11:25:00.000000000,QUERY_SPREAD,1
2019-06-28 11:25:00.000000000,BEST_BID,"JPM,100884,471"
2019-06-28 11:25:00.000000000,BEST_ASK,"JPM,100894,100"
2019-06-28 11:25:00.000000000,BEST_BID,"JPM,100884,471"
2019-06-28 11:25:00.000000000,BEST_ASK,"JPM,100894,471"
2019-06-28 11:25:00.000000000,QUERY_SPREAD,77
2019-06-28 11:25:00.000000000,BEST_BID,"JPM,100884,471"
2019-06-28 11:25:00.000000000,BEST_ASK,"JPM,100894,466"
2019-06-28 11:25:00.000000000,LAST_TRADE,"5,$100894.0000"
2019-06-28 11:25:00.000000000,QUERY_SPREAD,78
2019-06-28 11:25:00.000000000,BEST_BID,"JPM,100884,471"
2019-06-28 11:25:00.000000000,BEST_ASK,"JPM,100894,458"
2019-06-28 11:25:00.000000000,LAST_TRADE,"8,$100894.0000"
2019-06-28 11:25:00.000000000,QUERY_SPREAD,79
2019-06-28 11:25:00.000000000,BEST_BID,"JPM,100884,471"
2019-06-28 11:25:00.000000000,BEST_ASK,"JPM,100894,453"
2019-06-28 11:25:00.000000000,LAST_TRADE,"5,$100894.0000"
2019-06-28 11:25:00.000000000,QUERY_SPREAD,80
2019-06-28 11:25:00.000000000,BEST_BID,"JPM,100884,471"
2019-06-28 11:25:00.000000000,BEST_ASK,"JPM,100894,445"
2019-06-28 11:25:00.000000000,LAST_TRADE,"8,$100894.0000"
2019-06-28 11:25:00.000000000,QUERY_SPREAD,81
2019-06-28 11:25:00.000000000,BEST_BID,"JPM,100884,471"
2019-06-28 11:25:00.000000000,BEST_ASK,"JPM,100894,436"
2019-06-28 11:25:00.000000000,LAST_TRADE,"9,$100894.0000"
2019-06-28 11:25:00.000000000,QUERY_SPREAD,82
2019-06-28 11:25:00.000000000,BEST_BID,"JPM,100884,471"
2019-06-28 11:25:00.000000000,BEST_ASK,"JPM,100894,433"
2019-06-28 11:25:00.000000000,LAST_TRADE,"3,$100894.0000"
2019-06-28 11:25:00.000000000,QUERY_SPREAD,83
2019-06-28 11:25:00.000000000,BEST_BID,"JPM,100884,471"
2019-06-28 11:25:00.000000000,BEST_ASK,"JPM,100894,425"
2019-06-28 11:25:00.000000000,LAST_TRADE,"8,$100894.0000"
2019-06-28 11:25:00.000000000,QUERY_SPREAD,84
2019-06-28 11:25:00.000000000,BEST_BID,"JPM,100884,471"
2019-06-28 11:25:00.000000000,BEST_ASK,"JPM,100894,421"
2019-06-28 11:25:00.000000000,LAST_TRADE,"4,$100894.0000"
2019-06-28 11:25:00.000000000,QUERY_SPREAD,85
2019-06-28 11:25:00.000000000,BEST_BID,"JPM,100884,471"
2019-06-28 11:25:00.000000000,BEST_ASK,"JPM,100894,416"
2019-06-28 11:25:00.000000000,LAST_TRADE,"5,$100894.0000"
2019-06-28 11:25:00.000000000,QUERY_SPREAD,86
2019-06-28 11:25:00.000000000,BEST_BID,"JPM,100884,471"
2019-06-28 11:25:00.000000000,BEST_ASK,"JPM,100894,414"
2019-06-28 11:25:00.000000000,LAST_TRADE,"2,$100894.0000"
2019-06-28 11:25:00.000000000,QUERY_SPREAD,87
2019-06-28 11:25:00.000000000,BEST_BID,"JPM,100884,471"
2019-06-28 11:25:00.000000000,BEST_ASK,"JPM,100894,407"
2019-06-28 11:25:00.000000000,LAST_TRADE,"7,$100894.0000"
2019-06-28 11:25:00.000000000,QUERY_SPREAD,88
2019-06-28 11:25:00.000000000,BEST_BID,"JPM,100884,471"
2019-06-28 11:25:00.000000000,BEST_ASK,"JPM,100894,399"
2019-06-28 11:25:00.000000000,LAST_TRADE,"8,$100894.0000"
2019-06-28 11:25:00.000000000,QUERY_SPREAD,89
2019-06-28 11:25:00.000000000,BEST_BID,"JPM,100884,471"
2019-06-28 11:25:00.000000000,BEST_ASK,"JPM,100894,394"
2019-06-28 11:25:00.000000000,LAST_TRADE,"5,$100894.0000"
2019-06-28 11:25:00.000000000,QUERY_SPREAD,90
2019-06-28 11:25:00.000000000,BEST_BID,"JPM,100884,471"
2019-06-28 11:25:00.000000000,BEST_ASK,"JPM,100894,390"
2019-06-28 11:25:00.000000000,LAST_TRADE,"4,$100894.0000"
2019-06-28 11:25:00.000000000,QUERY_SPREAD,91
2019-06-28 11:25:00.000000000,BEST_BID,"JPM,100884,471"
2019-06-28 11:25:00.000000000,BEST_ASK,"JPM,100894,387"
2019-06-28 11:25:00.000000000,LAST_TRADE,"3,$100894.0000"
2019-06-28 11:25:00.000000000,QUERY_SPREAD,92
2019-06-28 11:25:00.000000000,BEST_BID,"JPM,100884,471"
2019-06-28 11:25:00.000000000,BEST_ASK,"JPM,100894,382"
2019-06-28 11:25:00.000000000,LAST_TRADE,"5,$100894.0000"
2019-06-28 11:25:00.000000000,QUERY_SPREAD,93
2019-06-28 11:25:00.000000000,BEST_BID,"JPM,100884,471"
2019-06-28 11:25:00.000000000,BEST_ASK,"JPM,100894,375"
2019-06-28 11:25:00.000000000,LAST_TRADE,"7,$100894.0000"
2019-06-28 11:25:00.000000000,QUERY_SPREAD,94
2019-06-28 11:25:00.000000000,BEST_BID,"JPM,100884,471"
2019-06-28 11:25:00.000000000,BEST_ASK,"JPM,100894,374"
2019-06-28 11:25:00.000000000,LAST_TRADE,"1,$100894.0000"
2019-06-28 11:25:00.000000000,QUERY_SPREAD,95
2019-06-28 11:25:00.000000000,BEST_BID,"JPM,100884,471"
2019-06-28 11:25:00.000000000,BEST_ASK,"JPM,100894,373"
2019-06-28 11:25:00.000000000,LAST_TRADE,"1,$100894.0000"
2019-06-28 11:25:00.000000000,QUERY_SPREAD,96
2019-06-28 11:25:00.000000000,BEST_BID,"JPM,100884,471"
2019-06-28 11:25:00.000000000,BEST_ASK,"JPM,100894,369"
2019-06-28 11:25:00.000000000,LAST_TRADE,"4,$100894.0000"
2019-06-28 11:25:00.000000000,QUERY_SPREAD,97
2019-06-28 11:25:00.000000000,BEST_BID,"JPM,100884,471"
2019-06-28 11:25:00.000000000,BEST_ASK,"JPM,100894,366"
2019-06-28 11:25:00.000000000,LAST_TRADE,"3,$100894.0000"
2019-06-28 11:25:00.000000000,QUERY_SPREAD,98
2019-06-28 11:25:00.000000000,BEST_BID,"JPM,100884,471"
2019-06-28 11:25:00.000000000,BEST_ASK,"JPM,100894,361"
2019-06-28 11:25:00.000000000,LAST_TRADE,"5,$100894.0000"
2019-06-28 11:25:00.000000000,QUERY_SPREAD,99
2019-06-28 11:25:00.000000000,BEST_BID,"JPM,100884,471"
2019-06-28 11:25:00.000000000,BEST_ASK,"JPM,100894,357"
2019-06-28 11:25:00.000000000,LAST_TRADE,"4,$100894.0000"
2019-06-28 11:25:00.000000000,QUERY_SPREAD,100
2019-06-28 11:25:00.000000000,BEST_BID,"JPM,100884,471"
2019-06-28 11:25:00.000000000,BEST_ASK,"JPM,100894,352"
2019-06-28 11:25:00.000000000,LAST_TRADE,"5,$100894.0000"
2019-06-28 11:25:00.000000000,QUERY_SPREAD,101
2019-06-28 11:25:04.203233243,QUERY_SPREAD,30
2019-06-28 11:25:04.203233243,BEST_BID,"JPM,100884,471"
2019-06-28 11:25:04.203233243,BEST_ASK,"JPM,100894,352"
2019-06-28 11:25:10.000000000,QUERY_SPREAD,1
2019-06-28 11:25:10.000000000,BEST_BID,"JPM,100884,286"
2019-06-28 11:25:10.000000000,BEST_ASK,"JPM,100988,100"
2019-06-28 11:25:10.000000000,BEST_BID,"JPM,100884,286"
2019-06-28 11:25:10.000000000,BEST_ASK,"JPM,100988,100"
2019-06-28 11:25:10.000000000,BEST_BID,"JPM,100884,286"
2019-06-28 11:25:10.000000000,BEST_ASK,"JPM,100988,286"
2019-06-28 11:25:10.000000000,BEST_BID,"JPM,100884,286"
2019-06-28 11:25:10.000000000,BEST_ASK,"JPM,100988,286"
2019-06-28 11:25:14.098690744,QUERY_ORDER_STREAM,64
2019-06-28 11:25:14.098690744,QUERY_SPREAD,64
2019-06-28 11:25:15.404156018,QUERY_SPREAD,31
2019-06-28 11:25:15.404156018,BEST_BID,"JPM,100884,286"
2019-06-28 11:25:15.404156018,BEST_ASK,"JPM,100988,186"
2019-06-28 11:25:15.404156018,LAST_TRADE,"100,$100988.0000"
2019-06-28 11:25:20.000000000,QUERY_SPREAD,1
2019-06-28 11:25:20.000000000,BEST_BID,"JPM,100884,174"
2019-06-28 11:25:20.000000000,BEST_ASK,"JPM,101329,100"
2019-06-28 11:25:20.000000000,BEST_BID,"JPM,100884,174"
2019-06-28 11:25:20.000000000,BEST_ASK,"JPM,101329,100"
2019-06-28 11:25:20.000000000,BEST_BID,"JPM,100884,174"
2019-06-28 11:25:20.000000000,BEST_ASK,"JPM,101329,100"
2019-06-28 11:25:20.000000000,BEST_BID,"JPM,100884,174"
2019-06-28 11:25:20.000000000,BEST_ASK,"JPM,101329,100"
2019-06-28 11:25:20.000000000,BEST_BID,"JPM,100884,174"
2019-06-28 11:25:20.000000000,BEST_ASK,"JPM,101329,100"
2019-06-28 11:25:20.000000000,BEST_BID,"JPM,100884,174"
2019-06-28 11:25:20.000000000,BEST_ASK,"JPM,101329,174"
2019-06-28 11:25:20.000000000,BEST_BID,"JPM,100884,174"
2019-06-28 11:25:20.000000000,BEST_ASK,"JPM,101329,174"
2019-06-28 11:25:20.000000000,BEST_BID,"JPM,100884,174"
2019-06-28 11:25:20.000000000,BEST_ASK,"JPM,101329,174"
2019-06-28 11:25:20.009398538,QUERY_SPREAD,50
2019-06-28 11:25:20.009398538,BEST_BID,"JPM,100884,174"
2019-06-28 11:25:20.009398538,BEST_ASK,"JPM,101329,174"
2019-06-28 11:25:30.000000000,QUERY_SPREAD,1
2019-06-28 11:25:30.000000000,BEST_BID,"JPM,100884,226"
2019-06-28 11:25:30.000000000,BEST_ASK,"JPM,101329,100"
2019-06-28 11:25:30.000000000,BEST_BID,"JPM,100884,226"
2019-06-28 11:25:30.000000000,BEST_ASK,"JPM,101329,100"
2019-06-28 11:25:30.000000000,BEST_BID,"JPM,100884,226"
2019-06-28 11:25:30.000000000,BEST_ASK,"JPM,101329,100"
2019-06-28 11:25:30.000000000,BEST_BID,"JPM,100884,226"
2019-06-28 11:25:30.000000000,BEST_ASK,"JPM,101329,226"
2019-06-28 11:25:30.000000000,BEST_BID,"JPM,100884,226"
2019-06-28 11:25:30.000000000,BEST_ASK,"JPM,101329,226"
2019-06-28 11:25:30.000000000,BEST_BID,"JPM,100884,226"
2019-06-28 11:25:30.000000000,BEST_ASK,"JPM,101329,226"
2019-06-28 11:25:38.025436491,QUERY_SPREAD,38
2019-06-28 11:25:38.025436491,BEST_BID,"JPM,100884,226"
2019-06-28 11:25:38.025436491,BEST_ASK,"JPM,101329,226"
2019-06-28 11:25:40.000000000,QUERY_SPREAD,1
2019-06-28 11:25:40.000000000,BEST_BID,"JPM,100884,193"
2019-06-28 11:25:40.000000000,BEST_ASK,"JPM,101329,100"
2019-06-28 11:25:40.000000000,BEST_BID,"JPM,100884,193"
2019-06-28 11:25:40.000000000,BEST_ASK,"JPM,101329,100"
2019-06-28 11:25:40.000000000,BEST_BID,"JPM,100884,193"
2019-06-28 11:25:40.000000000,BEST_ASK,"JPM,101329,100"
2019-06-28 11:25:40.000000000,BEST_BID,"JPM,100884,193"
2019-06-28 11:25:40.000000000,BEST_ASK,"JPM,101329,100"
2019-06-28 11:25:40.000000000,BEST_BID,"JPM,100884,193"
2019-06-28 11:25:40.000000000,BEST_ASK,"JPM,101329,193"
2019-06-28 11:25:40.000000000,BEST_BID,"JPM,100884,193"
2019-06-28 11:25:40.000000000,BEST_ASK,"JPM,101329,193"
2019-06-28 11:25:40.000000000,BEST_BID,"JPM,100884,193"
2019-06-28 11:25:40.000000000,BEST_ASK,"JPM,101329,193"
2019-06-28 11:25:50.000000000,QUERY_SPREAD,1
2019-06-28 11:25:50.000000000,BEST_BID,"JPM,100884,471"
2019-06-28 11:25:50.000000000,BEST_ASK,"JPM,101329,100"
2019-06-28 11:25:50.000000000,BEST_BID,"JPM,100884,471"
2019-06-28 11:25:50.000000000,BEST_ASK,"JPM,101329,471"
2019-06-28 11:25:50.993158873,QUERY_ORDER_STREAM,72
2019-06-28 11:25:50.993158873,QUERY_SPREAD,72
2019-06-28 11:25:50.993158873,BEST_BID,"JPM,100884,471"
2019-06-28 11:25:50.993158873,BEST_ASK,"JPM,100987,100"
2019-06-28 11:26:00.000000000,QUERY_SPREAD,1
2019-06-28 11:26:00.000000000,BEST_BID,"JPM,100884,226"
2019-06-28 11:26:00.000000000,BEST_ASK,"JPM,100987,100"
2019-06-28 11:26:00.000000000,BEST_BID,"JPM,100884,226"
2019-06-28 11:26:00.000000000,BEST_ASK,"JPM,100987,100"
2019-06-28 11:26:00.000000000,BEST_BID,"JPM,100884,226"
2019-06-28 11:26:00.000000000,BEST_ASK,"JPM,100987,100"
2019-06-28 11:26:00.000000000,BEST_BID,"JPM,100884,226"
2019-06-28 11:26:00.000000000,BEST_ASK,"JPM,100987,226"
2019-06-28 11:26:00.000000000,BEST_BID,"JPM,100884,226"
2019-06-28 11:26:00.000000000,BEST_ASK,"JPM,100987,226"
2019-06-28 11:26:00.000000000,BEST_BID,"JPM,100884,226"
2019-06-28 11:26:00.000000000,BEST_ASK,"JPM,100987,226"
2019-06-28 11:26:00.000000000,QUERY_SPREAD,77
2019-06-28 11:26:00.000000000,BEST_BID,"JPM,100884,226"
2019-06-28 11:26:00.000000000,BEST_ASK,"JPM,100987,221"
2019-06-28 11:26:00.000000000,LAST_TRADE,"5,$100987.0000"
2019-06-28 11:26:00.000000000,QUERY_SPREAD,78
2019-06-28 11:26:00.000000000,BEST_BID,"JPM,100884,226"
2019-06-28 11:26:00.000000000,BEST_ASK,"JPM,100987,213"
2019-06-28 11:26:00.000000000,LAST_TRADE,"8,$100987.0000"
2019-06-28 11:26:00.000000000,QUERY_SPREAD,79
2019-06-28 11:26:00.000000000,BEST_BID,"JPM,100884,226"
2019-06-28 11:26:00.000000000,BEST_ASK,"JPM,100987,208"
2019-06-28 11:26:00.000000000,LAST_TRADE,"5,$100987.0000"
2019-06-28 11:26:00.000000000,QUERY_SPREAD,80
2019-06-28 11:26:00.000000000,BEST_BID,"JPM,100884,226"
2019-06-28 11:26:00.000000000,BEST_ASK,"JPM,100987,200"
2019-06-28 11:26:00.000000000,LAST_TRADE,"8,$100987.0000"
2019-06-28 11:26:00.000000000,QUERY_SPREAD,81
2019-06-28 11:26:00.000000000,BEST_BID,"JPM,100884,226"
2019-06-28 11:26:00.000000000,BEST_ASK,"JPM,100987,191"
2019-06-28 11:26:00.000000000,LAST_TRADE,"9,$100987.0000"
2019-06-28 11:26:00.000000000,QUERY_SPREAD,82
2019-06-28 11:26:00.000000000,BEST_BID,"JPM,100884,226"
2019-06-28 11:26:00.000000000,BEST_ASK,"JPM,100987,188"
2019-06-28 11:26:00.000000000,LAST_TRADE,"3,$100987.0000"
2019-06-28 11:26:00.000000000,QUERY_SPREAD,83
2019-06-28 11:26:00.000000000,BEST_BID,"JPM,100884,226"
2019-06-28 11:26:00.000000000,BEST_ASK,"JPM,100987,180"
2019-06-28 11:26:00.000000000,LAST_TRADE,"8,$100987.0000"
2019-06-28 11:26:00.000000000,QUERY_SPREAD,84
2019-06-28 11:26:00.000000000,BEST_BID,"JPM,100884,226"
2019-06-28 11:26:00.000000000,BEST_ASK,"JPM,100987,176"
2019-06-28 11:26:00.000000000,LAST_TRADE,"4,$100987.0000"
2019-06-28 11:26:00.000000000,QUERY_SPREAD,85
2019-06-28 11:26:00.000000000,BEST_BID,"JPM,100884,226"
2019-06-28 11:26:00.000000000,BEST_ASK,"JPM,100987,171"
2019-06-28 11:26:00.000000000,LAST_TRADE,"5,$100987.0000"
2019-06-28 11:26:00.000000000,QUERY_SPREAD,86
2019-06-28 11:26:00.000000000,BEST_BID,"JPM,100884,226"
2019-06-28 11:26:00.000000000,BEST_ASK,"JPM,100987,169"
2019-06-28 11:26:00.000000000,LAST_TRADE,"2,$100987.0000"
2019-06-28 11:26:00.000000000,QUERY_SPREAD,87
2019-06-28 11:26:00.000000000,BEST_BID,"JPM,100884,226"
2019-06-28 11:26:00.000000000,BEST_ASK,"JPM,100987,162"
2019-06-28 11:26:00.000000000,LAST_TRADE,"7,$100987.0000"
2019-06-28 11:26:00.000000000,QUERY_SPREAD,88
2019-06-28 11:26:00.000000000,BEST_BID,"JPM,100884,226"
2019-06-28 11:26:00.000000000,BEST_ASK,"JPM,100987,154"
2019-06-28 11:26:00.000000000,LAST_TRADE,"8,$100987.0000"
2019-06-28 11:26:00.000000000,QUERY_SPREAD,89
2019-06-28 11:26:00.000000000,BEST_BID,"JPM,100884,226"
2019-06-28 11:26:00.000000000,BEST_ASK,"JPM,100987,149"
2019-06-28 11:26:00.000000000,LAST_TRADE,"5,$100987.0000"
2019-06-28 11:26:00.000000000,QUERY_SPREAD,90
2019-06-28 11:26:00.000000000,BEST_BID,"JPM,100884,226"
2019-06-28 11:26:00.000000000,BEST_ASK,"JPM,100987,145"
2019-06-28 11:26:00.000000000,LAST_TRADE,"4,$100987.0000"
2019-06-28 11:26:00.000000000,QUERY_SPREAD,91
2019-06-28 11:26:00.000000000,BEST_BID,"JPM,100884,226"
2019-06-28 11:26:00.000000000,BEST_ASK,"JPM,100987,142"
2019-06-28 11:26:00.000000000,LAST_TRADE,"3,$100987.0000"
2019-06-28 11:26:00.000000000,QUERY_SPREAD,92
2019-06-28 11:26:00.000000000,BEST_BID,"JPM,100884,226"
2019-06-28 11:26:00.000000000,BEST_ASK,"JPM,100987,137"
2019-06-28 11:26:00.000000000,LAST_TRADE,"5,$100987.0000"
2019-06-28 11:26:00.000000000,QUERY_SPREAD,93
2019-06-28 11:26:00.000000000,BEST_BID,"JPM,100884,226"
2019-06-28 11:26:00.000000000,BEST_ASK,"JPM,100987,130"
2019-06-28 11:26:00.000000000,LAST_TRADE,"7,$100987.0000"
2019-06-28 11:26:00.000000000,QUERY_SPREAD,94
2019-06-28 11:26:00.000000000,BEST_BID,"JPM,100884,226"
2019-06-28 11:26:00.000000000,BEST_ASK,"JPM,100987,129"
2019-06-28 11:26:00.000000000,LAST_TRADE,"1,$100987.0000"
2019-06-28 11:26:00.000000000,QUERY_SPREAD,95
2019-06-28 11:26:00.000000000,BEST_BID,"JPM,100884,226"
2019-06-28 11:26:00.000000000,BEST_ASK,"JPM,100987,128"
2019-06-28 11:26:00.000000000,LAST_TRADE,"1,$100987.0000"
2019-06-28 11:26:00.000000000,QUERY_SPREAD,96
2019-06-28 11:26:00.000000000,BEST_BID,"JPM,100884,226"
2019-06-28 11:26:00.000000000,BEST_ASK,"JPM,100987,124"
2019-06-28 11:26:00.000000000,LAST_TRADE,"4,$100987.0000"
2019-06-28 11:26:00.000000000,QUERY_SPREAD,97
2019-06-28 11:26:00.000000000,BEST_BID,"JPM,100884,226"
2019-06-28 11:26:00.000000000,BEST_ASK,"JPM,100987,121"
2019-06-28 11:26:00.000000000,LAST_TRADE,"3,$100987.0000"
2019-06-28 11:26:00.000000000,QUERY_SPREAD,98
2019-06-28 11:26:00.000000000,BEST_BID,"JPM,100884,226"
2019-06-28 11:26:00.000000000,BEST_ASK,"JPM,100987,116"
2019-06-28 11:26:00.000000000,LAST_TRADE,"5,$100987.0000"
2019-06-28 11:26:00.000000000,QUERY_SPREAD,99
2019-06-28 11:26:00.000000000,BEST_BID,"JPM,100884,226"
2019-06-28 11:26:00.000000000,BEST_ASK,"JPM,100987,112"
2019-06-28 11:26:00.000000000,LAST_TRADE,"4,$100987.0000"
2019-06-28 11:26:00.000000000,QUERY_SPREAD,100
2019-06-28 11:26:00.000000000,BEST_BID,"JPM,100884,226"
2019-06-28 11:26:00.000000000,BEST_ASK,"JPM,100987,107"
2019-06-28 11:26:00.000000000,LAST_TRADE,"5,$100987.0000"
2019-06-28 11:26:00.000000000,QUERY_SPREAD,101
2019-06-28 11:26:03.803936523,QUERY_SPREAD,31
2019-06-28 11:26:03.803936523,BEST_BID,"JPM,100884,226"
2019-06-28 11:26:03.803936523,BEST_ASK,"JPM,100987,7"
2019-06-28 11:26:03.803936523,LAST_TRADE,"100,$100987.0000"
2019-06-28 11:26:10.000000000,QUERY_SPREAD,1
2019-06-28 11:26:10.000000000,BEST_BID,"JPM,100884,286"
2019-06-28 11:26:10.000000000,BEST_ASK,"JPM,101329,100"
2019-06-28 11:26:10.000000000,BEST_BID,"JPM,100884,286"
2019-06-28 11:26:10.000000000,BEST_ASK,"JPM,101329,100"
2019-06-28 11:26:10.000000000,BEST_BID,"JPM,100884,286"
2019-06-28 11:26:10.000000000,BEST_ASK,"JPM,101329,286"
2019-06-28 11:26:10.000000000,BEST_BID,"JPM,100884,286"
2019-06-28 11:26:10.000000000,BEST_ASK,"JPM,101329,286"
2019-06-28 11:26:20.000000000,QUERY_SPREAD,1
2019-06-28 11:26:20.000000000,BEST_BID,"JPM,100884,174"
2019-06-28 11:26:20.000000000,BEST_ASK,"JPM,101329,100"
2019-06-28 11:26:20.000000000,BEST_BID,"JPM,100884,174"
2019-06-28 11:26:20.000000000,BEST_ASK,"JPM,101329,100"
2019-06-28 11:26:20.000000000,BEST_BID,"JPM,100884,174"
2019-06-28 11:26:20.000000000,BEST_ASK,"JPM,101329,100"
2019-06-28 11:26:20.000000000,BEST_BID,"JPM,100884,174"
2019-06-28 11:26:20.000000000,BEST_ASK,"JPM,101329,100"
2019-06-28 11:26:20.000000000,BEST_BID,"JPM,100884,174"
2019-06-28 11:26:20.000000000,BEST_ASK,"JPM,101329,100"
2019-06-28 11:26:20.000000000,BEST_BID,"JPM,100884,174"
2019-06-28 11:26:20.000000000,BEST_ASK,"JPM,101329,174"
2019-06-28 11:26:20.000000000,BEST_BID,"JPM,100884,174"
2019-06-28 11:26:20.000000000,BEST_ASK,"JPM,101329,174"
2019-06-28 11:26:20.000000000,BEST_BID,"JPM,100884,174"
2019-06-28 11:26:20.000000000,BEST_ASK,"JPM,101329,174"
2019-06-28 11:26:25.903538089,QUERY_SPREAD,44
2019-06-28 11:26:25.903538089,BEST_BID,"JPM,100884,174"
2019-06-28 11:26:25.903538089,BEST_ASK,"JPM,101079,100"
2019-06-28 11:26:29.938207165,QUERY_SPREAD,35
2019-06-28 11:26:29.938207165,BEST_BID,"JPM,100884,174"
2019-06-28 11:26:29.938207165,BEST_ASK,"JPM,101079,100"
2019-06-28 11:26:30.000000000,QUERY_SPREAD,1
2019-06-28 11:26:30.000000000,BEST_BID,"JPM,100884,471"
2019-06-28 11:26:30.000000000,BEST_ASK,"JPM,101079,100"
2019-06-28 11:26:30.000000000,BEST_BID,"JPM,100884,471"
2019-06-28 11:26:30.000000000,BEST_ASK,"JPM,101079,471"
2019-06-28 11:26:32.023726133,QUERY_ORDER_STREAM,59
2019-06-28 11:26:32.023726133,QUERY_SPREAD,59
2019-06-28 11:26:32.023726133,BEST_BID,"JPM,100987,100"
2019-06-28 11:26:32.023726133,BEST_ASK,"JPM,101079,471"
2019-06-28 11:26:34.669554564,QUERY_SPREAD,2
2019-06-28 11:26:34.669554564,BEST_BID,"JPM,101038,100"
2019-06-28 11:26:34.669554564,BEST_ASK,"JPM,101079,471"
2019-06-28 11:26:40.000000000,QUERY_SPREAD,1
2019-06-28 11:26:40.000000000,BEST_BID,"JPM,101038,174"
2019-06-28 11:26:40.000000000,BEST_ASK,"JPM,101079,100"
2019-06-28 11:26:40.000000000,BEST_BID,"JPM,101038,174"
2019-06-28 11:26:40.000000000,BEST_ASK,"JPM,101079,100"
2019-06-28 11:26:40.000000000,BEST_BID,"JPM,101038,174"
2019-06-28 11:26:40.000000000,BEST_ASK,"JPM,101079,100"
2019-06-28 11:26:40.000000000,BEST_BID,"JPM,101038,174"
2019-06-28 11:26:40.000000000,BEST_ASK,"JPM,101079,100"
2019-06-28 11:26:40.000000000,BEST_BID,"JPM,101038,174"
2019-06-28 11:26:40.000000000,BEST_ASK,"JPM,101079,100"
2019-06-28 11:26:40.000000000,BEST_BID,"JPM,101038,174"
2019-06-28 11:26:40.000000000,BEST_ASK,"JPM,101079,174"
2019-06-28 11:26:40.000000000,BEST_BID,"JPM,101038,174"
2019-06-28 11:26:40.000000000,BEST_ASK,"JPM,101079,174"
2019-06-28 11:26:40.000000000,BEST_BID,"JPM,101038,174"
2019-06-28 11:26:40.000000000,BEST_ASK,"JPM,101079,174"
2019-06-28 11:26:40.000000000,BEST_BID,"JPM,101038,174"
2019-06-28 11:26:40.000000000,BEST_ASK,"JPM,101079,174"
2019-06-28 11:26:40.000000000,BEST_BID,"JPM,101038,174"
2019-06-28 11:26:40.000000000,BEST_ASK,"JPM,101079,174"
2019-06-28 11:26:44.932644573,QUERY_SPREAD,31
2019-06-28 11:26:44.932644573,BEST_BID,"JPM,101038,74"
2019-06-28 11:26:44.932644573,BEST_ASK,"JPM,101079,174"
2019-06-28 11:26:44.932644573,LAST_TRADE,"100,$101038.0000"
2019-06-28 11:26:50.000000000,QUERY_SPREAD,1
2019-06-28 11:26:50.000000000,BEST_BID,"JPM,100987,226"
2019-06-28 11:26:50.000000000,BEST_ASK,"JPM,101079,100"
2019-06-28 11:26:50.000000000,BEST_BID,"JPM,100987,226"
2019-06-28 11:26:50.000000000,BEST_ASK,"JPM,101079,100"
2019-06-28 11:26:50.000000000,BEST_BID,"JPM,100987,226"
2019-06-28 11:26:50.000000000,BEST_ASK,"JPM,101079,100"
2019-06-28 11:26:50.000000000,BEST_BID,"JPM,100987,226"
2019-06-28 11:26:50.000000000,BEST_ASK,"JPM,101079,226"
2019-06-28 11:26:50.000000000,BEST_BID,"JPM,100987,226"
2019-06-28 11:26:50.000000000,BEST_ASK,"JPM,101079,226"
2019-06-28 11:26:50.000000000,BEST_BID,"JPM,100987,226"
2019-06-28 11:26:50.000000000,BEST_ASK,"JPM,101079,226"
2019-06-28 11:27:00.000000000,QUERY_SPREAD,1
2019-06-28 11:27:00.000000000,BEST_BID,"JPM,100987,286"
2019-06-28 11:27:00.000000000,BEST_ASK,"JPM,101079,100"
2019-06-28 11:27:00.000000000,BEST_BID,"JPM,100987,286"
2019-06-28 11:27:00.000000000,BEST_ASK,"JPM,101079,100"
2019-06-28 11:27:00.000000000,BEST_BID,"JPM,100987,286"
2019-06-28 11:27:00.000000000,BEST_ASK,"JPM,101079,286"
2019-06-28 11:27:00.000000000,BEST_BID,"JPM,100987,286"
2019-06-28 11:27:00.000000000,BEST_ASK,"JPM,101079,286"
2019-06-28 11:27:00.000000000,QUERY_SPREAD,77
2019-06-28 11:27:00.000000000,BEST_BID,"JPM,100987,286"
2019-06-28 11:27:00.000000000,BEST_ASK,"JPM,101079,281"
2019-06-28 11:27:00.000000000,LAST_TRADE,"5,$101079.0000"
2019-06-28 11:27:00.000000000,QUERY_SPREAD,78
2019-06-28 11:27:00.000000000,BEST_BID,"JPM,100987,286"
2019-06-28 11:27:00.000000000,BEST_ASK,"JPM,101079,273"
2019-06-28 11:27:00.000000000,LAST_TRADE,"8,$101079.0000"
2019-06-28 11:27:00.000000000,QUERY_SPREAD,79
2019-06-28 11:27:00.000000000,BEST_BID,"JPM,100987,286"
2019-06-28 11:27:00.000000000,BEST_ASK,"JPM,101079,268"
2019-06-28 11:27:00.000000000,LAST_TRADE,"5,$101079.0000"
2019-06-28 11:27:00.000000000,QUERY_SPREAD,80
2019-06-28 11:27:00.000000000,BEST_BID,"JPM,100987,286"
2019-06-28 11:27:00.000000000,BEST_ASK,"JPM,101079,260"
2019-06-28 11:27:00.000000000,LAST_TRADE,"8,$101079.0000"
2019-06-28 11:27:00.000000000,QUERY_SPREAD,81
2019-06-28 11:27:00.000000000,BEST_BID,"JPM,100987,286"
2019-06-28 11:27:00.000000000,BEST_ASK,"JPM,101079,251"
2019-06-28 11:27:00.000000000,LAST_TRADE,"9,$101079.0000"
2019-06-28 11:27:00.000000000,QUERY_SPREAD,82
2019-06-28 11:27:00.000000000,BEST_BID,"JPM,100987,286"
2019-06-28 11:27:00.000000000,BEST_ASK,"JPM,101079,248"
2019-06-28 11:27:00.000000000,LAST_TRADE,"3,$101079.0000"
2019-06-28 11:27:00.000000000,QUERY_SPREAD,83
2019-06-28 11:27:00.000000000,BEST_BID,"JPM,100987,286"
2019-06-28 11:27:00.000000000,BEST_ASK,"JPM,101079,240"
2019-06-28 11:27:00.000000000,LAST_TRADE,"8,$101079.0000"
2019-06-28 11:27:00.000000000,QUERY_SPREAD,84
2019-06-28 11:27:00.000000000,BEST_BID,"JPM,100987,286"
2019-06-28 11:27:00.000000000,BEST_ASK,"JPM,101079,236"
2019-06-28 11:27:00.000000000,LAST_TRADE,"4,$101079.0000"
2019-06-28 11:27:00.000000000,QUERY_SPREAD,85
2019-06-28 11:27:00.000000000,BEST_BID,"JPM,100987,286"
2019-06-28 11:27:00.000000000,BEST_ASK,"JPM,101079,231"
2019-06-28 11:27:00.000000000,LAST_TRADE,"5,$101079.0000"
2019-06-28 11:27:00.000000000,QUERY_SPREAD,86
2019-06-28 11:27:00.000000000,BEST_BID,"JPM,100987,286"
2019-06-28 11:27:00.000000000,BEST_ASK,"JPM,101079,229"
2019-06-28 11:27:00.000000000,LAST_TRADE,"2,$101079.0000"
2019-06-28 11:27:00.000000000,QUERY_SPREAD,87
2019-06-28 11:27:00.000000000,BEST_BID,"JPM,100987,286"
2019-06-28 11:27:00.000000000,BEST_ASK,"JPM,101079,222"
2019-06-28 11:27:00.000000000,LAST_TRADE,"7,$101079.0000"
2019-06-28 11:27:00.000000000,QUERY_SPREAD,88
2019-06-28 11:27:00.000000000,BEST_BID,"JPM,100987,286"
2019-06-28 11:27:00.000000000,BEST_ASK,"JPM,101079,214"
2019-06-28 11:27:00.000000000,LAST_TRADE,"8,$101079.0000"
2019-06-28 11:27:00.000000000,QUERY_SPREAD,89
2019-06-28 11:27:00.000000000,BEST_BID,"JPM,100987,286"
2019-06-28 11:27:00.000000000,BEST_ASK,"JPM,101079,209"
2019-06-28 11:27:00.000000000,LAST_TRADE,"5,$101079.0000"
2019-06-28 11:27:00.000000000,QUERY_SPREAD,90
2019-06-28 11:27:00.000000000,BEST_BID,"JPM,100987,286"
2019-06-28 11:27:00.000000000,BEST_ASK,"JPM,101079,205"
2019-06-28 11:27:00.000000000,LAST_TRADE,"4,$101079.0000"
2019-06-28 11:27:00.000000000,QUERY_SPREAD,91
2019-06-28 11:27:00.000000000,BEST_BID,"JPM,100987,286"
2019-06-28 11:27:00.000000000,BEST_ASK,"JPM,101079,202"
2019-06-28 11:27:00.000000000,LAST_TRADE,"3,$101079.0000"
2019-06-28 11:27:00.000000000,QUERY_SPREAD,92
2019-06-28 11:27:00.000000000,BEST_BID,"JPM,100987,286"
2019-06-28 11:27:00.000000000,BEST_ASK,"JPM,101079,197"
2019-06-28 11:27:00.000000000,LAST_TRADE,"5,$101079.0000"
2019-06-28 11:27:00.000000000,QUERY_SPREAD,93
2019-06-28 11:27:00.000000000,BEST_BID,"JPM,100987,286"
2019-06-28 11:27:00.000000000,BEST_ASK,"JPM,101079,190"
2019-06-28 11:27:00.000000000,LAST_TRADE,"7,$101079.0000"
2019-06-28 11:27:00.000000000,QUERY_SPREAD,94
2019-06-28 11:27:00.000000000,BEST_BID,"JPM,100987,286"
2019-06-28 11:27:00.000000000,BEST_ASK,"JPM,101079,189"
2019-06-28 11:27:00.000000000,LAST_TRADE,"1,$101079.0000"
2019-06-28 11:27:00.000000000,QUERY_SPREAD,95
2019-06-28 11:27:00.000000000,BEST_BID,"JPM,100987,286"
2019-06-28 11:27:00.000000000,BEST_ASK,"JPM,101079,188"
2019-06-28 11:27:00.000000000,LAST_TRADE,"1,$101079.0000"
2019-06-28 11:27:00.000000000,QUERY_SPREAD,96
2019-06-28 11:27:00.000000000,BEST_BID,"JPM,100987,286"
2019-06-28 11:27:00.000000000,BEST_ASK,"JPM,101079,184"
2019-06-28 11:27:00.000000000,LAST_TRADE,"4,$101079.0000"
2019-06-28 11:27:00.000000000,QUERY_SPREAD,97
2019-06-28 11:27:00.000000000,BEST_BID,"JPM,100987,286"
2019-06-28 11:27:00.000000000,BEST_ASK,"JPM,101079,181"
2019-06-28 11:27:00.000000000,LAST_TRADE,"3,$101079.0000"
2019-06-28 11:27:00.000000000,QUERY_SPREAD,98
2019-06-28 11:27:00.000000000,BEST_BID,"JPM,100987,286"
2019-06-28 11:27:00.000000000,BEST_ASK,"JPM,101079,176"
2019-06-28 11:27:00.000000000,LAST_TRADE,"5,$101079.0000"
2019-06-28 11:27:00.000000000,QUERY_SPREAD,99
2019-06-28 11:27:00.000000000,BEST_BID,"JPM,100987,286"
2019-06-28 11:27:00.000000000,BEST_ASK,"JPM,101079,172"
2019-06-28 11:27:00.000000000,LAST_TRADE,"4,$101079.0000"
2019-06-28 11:27:00.000000000,QUERY_SPREAD,100
2019-06-28 11:27:00.000000000,BEST_BID,"JPM,100987,286"
2019-06-28 11:27:00.000000000,BEST_ASK,"JPM,101079,167"
2019-06-28 11:27:00.000000000,LAST_TRADE,"5,$101079.0000"
2019-06-28 11:27:00.000000000,QUERY_SPREAD,101
2019-06-28 11:27:08.151357993,QUERY_ORDER_STREAM,64
2019-06-28 11:27:08.151357993,QUERY_SPREAD,64
2019-06-28 11:27:10.000000000,QUERY_SPREAD,1
2019-06-28 11:27:10.000000000,BEST_BID,"JPM,100987,226"
2019-06-28 11:27:10.000000000,BEST_ASK,"JPM,101329,100"
2019-06-28 11:27:10.000000000,BEST_BID,"JPM,100987,226"
2019-06-28 11:27:10.000000000,BEST_ASK,"JPM,101329,100"
2019-06-28 11:27:10.000000000,BEST_BID,"JPM,100987,226"
2019-06-28 11:27:10.000000000,BEST_ASK,"JPM,101329,100"
2019-06-28 11:27:10.000000000,BEST_BID,"JPM,100987,226"
2019-06-28 11:27:10.000000000,BEST_ASK,"JPM,101329,226"
2019-06-28 11:27:10.000000000,BEST_BID,"JPM,100987,226"
2019-06-28 11:27:10.000000000,BEST_ASK,"JPM,101329,226"
2019-06-28 11:27:10.000000000,BEST_BID,"JPM,100987,226"
2019-06-28 11:27:10.000000000,BEST_ASK,"JPM,101329,226"
2019-06-28 11:27:15.420261132,QUERY_SPREAD,41
2019-06-28 11:27:15.420261132,BEST_BID,"JPM,100987,226"
2019-06-28 11:27:15.420261132,BEST_ASK,"JPM,101329,226"
2019-06-28 11:27:20.000000000,QUERY_SPREAD,1
2019-06-28 11:27:20.000000000,BEST_BID,"JPM,100987,174"
2019-06-28 11:27:20.000000000,BEST_ASK,"JPM,101329,100"
2019-06-28 11:27:20.000000000,BEST_BID,"JPM,100987,174"
2019-06-28 11:27:20.000000000,BEST_ASK,"JPM,101329,100"
2019-06-28 11:27:20.000000000,BEST_BID,"JPM,100987,174"
2019-06-28 11:27:20.000000000,BEST_ASK,"JPM,101329,100"
2019-06-28 11:27:20.000000000,BEST_BID,"JPM,100987,174"
2019-06-28 11:27:20.000000000,BEST_ASK,"JPM,101329,100"
2019-06-28 11:27:20.000000000,BEST_BID,"JPM,100987,174"
2019-06-28 11:27:20.000000000,BEST_ASK,"JPM,101329,100"
2019-06-28 11:27:20.000000000,BEST_BID,"JPM,100987,174"
2019-06-28 11:27:20.000000000,BEST_ASK,"JPM,101329,174"
2019-06-28 11:27:20.000000000,BEST_BID,"JPM,100987,174"
2019-06-28 11:27:20.000000000,BEST_ASK,"JPM,101329,174"
2019-06-28 11:27:20.000000000,BEST_BID,"JPM,100987,174"
2019-06-28 11:27:20.000000000,BEST_ASK,"JPM,101329,174"
2019-06-28 11:27:20.000000000,BEST_BID,"JPM,100987,174"
2019-06-28 11:27:20.000000000,BEST_ASK,"JPM,101329,174"
2019-06-28 11:27:21.576077889,QUERY_ORDER_STREAM,61
2019-06-28 11:27:21.576077889,QUERY_SPREAD,61
2019-06-28 11:27:22.545711810,QUERY_SPREAD,28
2019-06-28 11:27:22.545711810,BEST_BID,"JPM,100987,174"
2019-06-28 11:27:22.545711810,BEST_ASK,"JPM,101329,174"
2019-06-28 11:27:26.483131697,QUERY_SPREAD,17
2019-06-28 11:27:26.483131697,BEST_BID,"JPM,101122,100"
2019-06-28 11:27:26.483131697,BEST_ASK,"JPM,101329,174"
2019-06-28 11:27:30.000000000,QUERY_SPREAD,1
2019-06-28 11:27:30.000000000,BEST_BID,"JPM,101122,226"
2019-06-28 11:27:30.000000000,BEST_ASK,"JPM,101329,100"
2019-06-28 11:27:30.000000000,BEST_BID,"JPM,101122,226"
2019-06-28 11:27:30.000000000,BEST_ASK,"JPM,101329,100"
2019-06-28 11:27:30.000000000,BEST_BID,"JPM,101122,226"
2019-06-28 11:27:30.000000000,BEST_ASK,"JPM,101329,100"
2019-06-28 11:27:30.000000000,BEST_BID,"JPM,101122,226"
2019-06-28 11:27:30.000000000,BEST_ASK,"JPM,101329,226"
2019-06-28 11:27:30.000000000,BEST_BID,"JPM,101122,226"
2019-06-28 11:27:30.000000000,BEST_ASK,"JPM,101329,226"
2019-06-28 11:27:30.000000000,BEST_BID,"JPM,101122,226"
2019-06-28 11:27:30.000000000,BEST_ASK,"JPM,101329,226"
2019-06-28 11:27:40.000000000,QUERY_SPREAD,1
2019-06-28 11:27:40.000000000,BEST_BID,"JPM,101122,471"
2019-06-28 11:27:40.000000000,BEST_ASK,"JPM,101329,100"
2019-06-28 11:27:40.000000000,BEST_BID,"JPM,101122,471"
2019-06-28 11:27:40.000000000,BEST_ASK,"JPM,101329,471"
2019-06-28 11:27:41.640384761,QUERY_SPREAD,44
2019-06-28 11:27:41.640384761,BEST_BID,"JPM,101122,471"
2019-06-28 11:27:41.640384761,BEST_ASK,"JPM,101329,471"
2019-06-28 11:27:48.708175279,QUERY_SPREAD,41
2019-06-28 11:27:48.708175279,BEST_BID,"JPM,101122,471"
2019-06-28 11:27:48.708175279,BEST_ASK,"JPM,101329,471"
2019-06-28 11:27:50.000000000,QUERY_SPREAD,1
2019-06-28 11:27:50.000000000,BEST_BID,"JPM,101122,226"
2019-06-28 11:27:50.000000000,BEST_ASK,"JPM,101329,100"
2019-06-28 11:27:50.000000000,BEST_BID,"JPM,101122,226"
2019-06-28 11:27:50.000000000,BEST_ASK,"JPM,101329,100"
2019-06-28 11:27:50.000000000,BEST_BID,"JPM,101122,226"
2019-06-28 11:27:50.000000000,BEST_ASK,"JPM,101329,100"
2019-06-28 11:27:50.000000000,BEST_BID,"JPM,101122,226"
2019-06-28 11:27:50.000000000,BEST_ASK,"JPM,101329,226"
2019-06-28 11:27:50.000000000,BEST_BID,"JPM,101122,226"
2019-06-28 11:27:50.000000000,BEST_ASK,"JPM,101329,226"
2019-06-28 11:27:50.000000000,BEST_BID,"JPM,101122,226"
2019-06-28 11:27:50.000000000,BEST_ASK,"JPM,101329,226"
2019-06-28 11:27:51.276757720,QUERY_SPREAD,9
2019-06-28 11:27:51.276757720,BEST_BID,"JPM,101122,226"
2019-06-28 11:27:51.276757720,BEST_ASK,"JPM,101329,226"
2019-06-28 11:27:57.263482696,QUERY_SPREAD,22
2019-06-28 11:27:57.263482696,BEST_BID,"JPM,101122,126"
2019-06-28 11:27:57.263482696,BEST_ASK,"JPM,101329,226"
2019-06-28 11:27:57.263482696,LAST_TRADE,"100,$101122.0000"
2019-06-28 11:27:57.592149310,QUERY_ORDER_STREAM,60
2019-06-28 11:27:57.592149310,QUERY_SPREAD,60
2019-06-28 11:28:00.000000000,QUERY_SPREAD,1
2019-06-28 11:28:00.000000000,BEST_BID,"JPM,100987,174"
2019-06-28 11:28:00.000000000,BEST_ASK,"JPM,101329,100"
2019-06-28 11:28:00.000000000,BEST_BID,"JPM,100987,174"
2019-06-28 11:28:00.000000000,BEST_ASK,"JPM,101329,100"
2019-06-28 11:28:00.000000000,BEST_BID,"JPM,100987,174"
2019-06-28 11:28:00.000000000,BEST_ASK,"JPM,101329,100"
2019-06-28 11:28:00.000000000,BEST_BID,"JPM,100987,174"
2019-06-28 11:28:00.000000000,BEST_ASK,"JPM,101329,100"
2019-06-28 11:28:00.000000000,BEST_BID,"JPM,100987,174"
2019-06-28 11:28:00.000000000,BEST_ASK,"JPM,101329,100"
2019-06-28 11:28:00.000000000,BEST_BID,"JPM,100987,174"
2019-06-28 11:28:00.000000000,BEST_ASK,"JPM,101329,174"
2019-06-28 11:28:00.000000000,BEST_BID,"JPM,100987,174"
2019-06-28 11:28:00.000000000,BEST_ASK,"JPM,101329,174"
2019-06-28 11:28:00.000000000,BEST_BID,"JPM,100987,174"
2019-06-28 11:28:00.000000000,BEST_ASK,"JPM,101329,174"
2019-06-28 11:28:00.000000000,BEST_BID,"JPM,100987,174"
2019-06-28 11:28:00.000000000,BEST_ASK,"JPM,101329,174"
2019-06-28 11:28:00.000000000,QUERY_SPREAD,77
2019-06-28 11:28:00.000000000,BEST_BID,"JPM,100987,174"
2019-06-28 11:28:00.000000000,BEST_ASK,"JPM,101329,169"
2019-06-28 11:28:00.000000000,LAST_TRADE,"5,$101329.0000"
2019-06-28 11:28:00.000000000,QUERY_SPREAD,78
2019-06-28 11:28:00.000000000,BEST_BID,"JPM,100987,174"
2019-06-28 11:28:00.000000000,BEST_ASK,"JPM,101329,161"
2019-06-28 11:28:00.000000000,LAST_TRADE,"8,$101329.0000"
2019-06-28 11:28:00.000000000,QUERY_SPREAD,79
2019-06-28 11:28:00.000000000,BEST_BID,"JPM,100987,174"
2019-06-28 11:28:00.000000000,BEST_ASK,"JPM,101329,156"
2019-06-28 11:28:00.000000000,LAST_TRADE,"5,$101329.0000"
2019-06-28 11:28:00.000000000,QUERY_SPREAD,80
2019-06-28 11:28:00.000000000,BEST_BID,"JPM,100987,174"
2019-06-28 11:28:00.000000000,BEST_ASK,"JPM,101329,148"
2019-06-28 11:28:00.000000000,LAST_TRADE,"8,$101329.0000"
2019-06-28 11:28:00.000000000,QUERY_SPREAD,81
2019-06-28 11:28:00.000000000,BEST_BID,"JPM,100987,174"
2019-06-28 11:28:00.000000000,BEST_ASK,"JPM,101329,139"
2019-06-28 11:28:00.000000000,LAST_TRADE,"9,$101329.0000"
2019-06-28 11:28:00.000000000,QUERY_SPREAD,82
2019-06-28 11:28:00.000000000,BEST_BID,"JPM,100987,174"
2019-06-28 11:28:00.000000000,BEST_ASK,"JPM,101329,136"
2019-06-28 11:28:00.000000000,LAST_TRADE,"3,$101329.0000"
2019-06-28 11:28:00.000000000,QUERY_SPREAD,83
2019-06-28 11:28:00.000000000,BEST_BID,"JPM,100987,174"
2019-06-28 11:28:00.000000000,BEST_ASK,"JPM,101329,128"
2019-06-28 11:28:00.000000000,LAST_TRADE,"8,$101329.0000"
2019-06-28 11:28:00.000000000,QUERY_SPREAD,84
2019-06-28 11:28:00.000000000,BEST_BID,"JPM,100987,174"
2019-06-28 11:28:00.000000000,BEST_ASK,"JPM,101329,124"
2019-06-28 11:28:00.000000000,LAST_TRADE,"4,$101329.0000"
2019-06-28 11:28:00.000000000,QUERY_SPREAD,85
2019-06-28 11:28:00.000000000,BEST_BID,"JPM,100987,174"
2019-06-28 11:28:00.000000000,BEST_ASK,"JPM,101329,119"
2019-06-28 11:28:00.000000000,LAST_TRADE,"5,$101329.0000"
2019-06-28 11:28:00.000000000,QUERY_SPREAD,86
2019-06-28 11:28:00.000000000,BEST_BID,"JPM,100987,174"
2019-06-28 11:28:00.000000000,BEST_ASK,"JPM,101329,117"
2019-06-28 11:28:00.000000000,LAST_TRADE,"2,$101329.0000"
2019-06-28 11:28:00.000000000,QUERY_SPREAD,87
2019-06-28 11:28:00.000000000,BEST_BID,"JPM,100987,174"
2019-06-28 11:28:00.000000000,BEST_ASK,"JPM,101329,110"
2019-06-28 11:28:00.000000000,LAST_TRADE,"7,$101329.0000"
2019-06-28 11:28:00.000000000,QUERY_SPREAD,88
2019-06-28 11:28:00.000000000,BEST_BID,"JPM,100987,174"
2019-06-28 11:28:00.000000000,BEST_ASK,"JPM,101329,102"
2019-06-28 11:28:00.000000000,LAST_TRADE,"8,$101329.0000"
2019-06-28 11:28:00.000000000,QUERY_SPREAD,89
2019-06-28 11:28:00.000000000,BEST_BID,"JPM,100987,174"
2019-06-28 11:28:00.000000000,BEST_ASK,"JPM,101329,97"
2019-06-28 11:28:00.000000000,LAST_TRADE,"5,$101329.0000"
2019-06-28 11:28:00.000000000,QUERY_SPREAD,90
2019-06-28 11:28:00.000000000,BEST_BID,"JPM,100987,174"
2019-06-28 11:28:00.000000000,BEST_ASK,"JPM,101329,93"
2019-06-28 11:28:00.000000000,LAST_TRADE,"4,$101329.0000"
2019-06-28 11:28:00.000000000,QUERY_SPREAD,91
2019-06-28 11:28:00.000000000,BEST_BID,"JPM,100987,174"
2019-06-28 11:28:00.000000000,BEST_ASK,"JPM,101329,90"
2019-06-28 11:28:00.000000000,LAST_TRADE,"3,$101329.0000"
2019-06-28 11:28:00.000000000,QUERY_SPREAD,92
2019-06-28 11:28:00.000000000,BEST_BID,"JPM,100987,174"
2019-06-28 11:28:00.000000000,BEST_ASK,"JPM,101329,85"
2019-06-28 11:28:00.000000000,LAST_TRADE,"5,$101329.0000"
2019-06-28 11:28:00.000000000,QUERY_SPREAD,93
2019-06-28 11:28:00.000000000,BEST_BID,"JPM,100987,174"
2019-06-28 11:28:00.000000000,BEST_ASK,"JPM,101329,78"
2019-06-28 11:28:00.000000000,LAST_TRADE,"7,$101329.0000"
2019-06-28 11:28:00.000000000,QUERY_SPREAD,94
2019-06-28 11:28:00.000000000,BEST_BID,"JPM,100987,174"
2019-06-28 11:28:00.000000000,BEST_ASK,"JPM,101329,77"
2019-06-28 11:28:00.000000000,LAST_TRADE,"1,$101329.0000"
2019-06-28 11:28:00.000000000,QUERY_SPREAD,95
2019-06-28 11:28:00.000000000,BEST_BID,"JPM,100987,174"
2019-06-28 11:28:00.000000000,BEST_ASK,"JPM,101329,76"
2019-06-28 11:28:00.000000000,LAST_TRADE,"1,$101329.0000"
2019-06-28 11:28:00.000000000,QUERY_SPREAD,96
2019-06-28 11:28:00.000000000,BEST_BID,"JPM,100987,174"
2019-06-28 11:28:00.000000000,BEST_ASK,"JPM,101329,72"
2019-06-28 11:28:00.000000000,LAST_TRADE,"4,$101329.0000"
2019-06-28 11:28:00.000000000,QUERY_SPREAD,97
2019-06-28 11:28:00.000000000,BEST_BID,"JPM,100987,174"
2019-06-28 11:28:00.000000000,BEST_ASK,"JPM,101329,69"
2019-06-28 11:28:00.000000000,LAST_TRADE,"3,$101329.0000"
2019-06-28 11:28:00.000000000,QUERY_SPREAD,98
2019-06-28 11:28:00.000000000,BEST_BID,"JPM,100987,174"
2019-06-28 11:28:00.000000000,BEST_ASK,"JPM,101329,64"
2019-06-28 11:28:00.000000000,LAST_TRADE,"5,$101329.0000"
2019-06-28 11:28:00.000000000,QUERY_SPREAD,99
2019-06-28 11:28:00.000000000,BEST_BID,"JPM,100987,174"
2019-06-28 11:28:00.000000000,BEST_ASK,"JPM,101329,60"
2019-06-28 11:28:00.000000000,LAST_TRADE,"4,$101329.0000"
2019-06-28 11:28:00.000000000,QUERY_SPREAD,100
2019-06-28 11:28:00.000000000,BEST_BID,"JPM,100987,174"
2019-06-28 11:28:00.000000000,BEST_ASK,"JPM,101329,55"
2019-06-28 11:28:00.000000000,LAST_TRADE,"5,$101329.0000"
2019-06-28 11:28:00.000000000,QUERY_SPREAD,101
2019-06-28 11:28:10.000000000,QUERY_SPREAD,1
2019-06-28 11:28:10.000000000,BEST_BID,"JPM,100987,286"
2019-06-28 11:28:10.000000000,BEST_ASK,"JPM,101392,100"
2019-06-28 11:28:10.000000000,BEST_BID,"JPM,100987,286"
2019-06-28 11:28:10.000000000,BEST_ASK,"JPM,101392,100"
2019-06-28 11:28:10.000000000,BEST_BID,"JPM,100987,286"
2019-06-28 11:28:10.000000000,BEST_ASK,"JPM,101392,286"
2019-06-28 11:28:10.000000000,BEST_BID,"JPM,100987,286"
2019-06-28 11:28:10.000000000,BEST_ASK,"JPM,101392,286"
2019-06-28 11:28:20.000000000,QUERY_SPREAD,1
2019-06-28 11:28:20.000000000,BEST_BID,"JPM,100987,471"
2019-06-28 11:28:20.000000000,BEST_ASK,"JPM,101392,100"
2019-06-28 11:28:20.000000000,BEST_BID,"JPM,100987,471"
2019-06-28 11:28:20.000000000,BEST_ASK,"JPM,101392,471"
2019-06-28 11:28:26.002371953,QUERY_SPREAD,7
2019-06-28 11:28:26.002371953,BEST_BID,"JPM,100987,471"
2019-06-28 11:28:26.002371953,BEST_ASK,"JPM,101392,471"
2019-06-28 11:28:30.000000000,QUERY_SPREAD,1
2019-06-28 11:28:30.000000000,BEST_BID,"JPM,100987,226"
2019-06-28 11:28:30.000000000,BEST_ASK,"JPM,101392,100"
2019-06-28 11:28:30.000000000,BEST_BID,"JPM,100987,226"
2019-06-28 11:28:30.000000000,BEST_ASK,"JPM,101392,100"
2019-06-28 11:28:30.000000000,BEST_BID,"JPM,100987,226"
2019-06-28 11:28:30.000000000,BEST_ASK,"JPM,101392,100"
2019-06-28 11:28:30.000000000,BEST_BID,"JPM,100987,226"
2019-06-28 11:28:30.000000000,BEST_ASK,"JPM,101392,226"
2019-06-28 11:28:30.000000000,BEST_BID,"JPM,100987,226"
2019-06-28 11:28:30.000000000,BEST_ASK,"JPM,101392,226"
2019-06-28 11:28:30.000000000,BEST_BID,"JPM,100987,226"
2019-06-28 11:28:30.000000000,BEST_ASK,"JPM,101392,226"
2019-06-28 11:28:40.000000000,QUERY_SPREAD,1
2019-06-28 11:28:40.000000000,BEST_BID,"JPM,100987,174"
2019-06-28 11:28:40.000000000,BEST_ASK,"JPM,101392,100"
2019-06-28 11:28:40.000000000,BEST_BID,"JPM,100987,174"
2019-06-28 11:28:40.000000000,BEST_ASK,"JPM,101392,100"
2019-06-28 11:28:40.000000000,BEST_BID,"JPM,100987,174"
2019-06-28 11:28:40.000000000,BEST_ASK,"JPM,101392,100"
2019-06-28 11:28:40.000000000,BEST_BID,"JPM,100987,174"
2019-06-28 11:28:40.000000000,BEST_ASK,"JPM,101392,100"
2019-06-28 11:28:40.000000000,BEST_BID,"JPM,100987,174"
2019-06-28 11:28:40.000000000,BEST_ASK,"JPM,101392,100"
2019-06-28 11:28:40.000000000,BEST_BID,"JPM,100987,174"
2019-06-28 11:28:40.000000000,BEST_ASK,"JPM,101392,174"
2019-06-28 11:28:40.000000000,BEST_BID,"JPM,100987,174"
2019-06-28 11:28:40.000000000,BEST_ASK,"JPM,101392,174"
2019-06-28 11:28:40.000000000,BEST_BID,"JPM,100987,174"
2019-06-28 11:28:40.000000000,BEST_ASK,"JPM,101392,174"
2019-06-28 11:28:50.000000000,QUERY_SPREAD,1
2019-06-28 11:28:50.000000000,BEST_BID,"JPM,100987,226"
2019-06-28 11:28:50.000000000,BEST_ASK,"JPM,101392,100"
2019-06-28 11:28:50.000000000,BEST_BID,"JPM,100987,226"
2019-06-28 11:28:50.000000000,BEST_ASK,"JPM,101392,100"
2019-06-28 11:28:50.000000000,BEST_BID,"JPM,100987,226"
2019-06-28 11:28:50.000000000,BEST_ASK,"JPM,101392,100"
2019-06-28 11:28:50.000000000,BEST_BID,"JPM,100987,226"
2019-06-28 11:28:50.000000000,BEST_ASK,"JPM,101392,226"
2019-06-28 11:28:50.000000000,BEST_BID,"JPM,100987,226"
2019-06-28 11:28:50.000000000,BEST_ASK,"JPM,101392,226"
2019-06-28 11:28:50.000000000,BEST_BID,"JPM,100987,226"
2019-06-28 11:28:50.000000000,BEST_ASK,"JPM,101392,226"
2019-06-28 11:29:00.000000000,QUERY_SPREAD,1
2019-06-28 11:29:00.000000000,BEST_BID,"JPM,100987,193"
2019-06-28 11:29:00.000000000,BEST_ASK,"JPM,101392,100"
2019-06-28 11:29:00.000000000,BEST_BID,"JPM,100987,193"
2019-06-28 11:29:00.000000000,BEST_ASK,"JPM,101392,100"
2019-06-28 11:29:00.000000000,BEST_BID,"JPM,100987,193"
2019-06-28 11:29:00.000000000,BEST_ASK,"JPM,101392,100"
2019-06-28 11:29:00.000000000,BEST_BID,"JPM,100987,193"
2019-06-28 11:29:00.000000000,BEST_ASK,"JPM,101392,100"
2019-06-28 11:29:00.000000000,BEST_BID,"JPM,100987,193"
2019-06-28 11:29:00.000000000,BEST_ASK,"JPM,101392,193"
2019-06-28 11:29:00.000000000,BEST_BID,"JPM,100987,193"
2019-06-28 11:29:00.000000000,BEST_ASK,"JPM,101392,193"
2019-06-28 11:29:00.000000000,BEST_BID,"JPM,100987,193"
2019-06-28 11:29:00.000000000,BEST_ASK,"JPM,101392,193"
2019-06-28 11:29:00.000000000,QUERY_SPREAD,77
2019-06-28 11:29:00.000000000,BEST_BID,"JPM,100987,193"
2019-06-28 11:29:00.000000000,BEST_ASK,"JPM,101392,188"
2019-06-28 11:29:00.000000000,LAST_TRADE,"5,$101392.0000"
2019-06-28 11:29:00.000000000,QUERY_SPREAD,78
2019-06-28 11:29:00.000000000,BEST_BID,"JPM,100987,193"
2019-06-28 11:29:00.000000000,BEST_ASK,"JPM,101392,180"
2019-06-28 11:29:00.000000000,LAST_TRADE,"8,$101392.0000"
2019-06-28 11:29:00.000000000,QUERY_SPREAD,79
2019-06-28 11:29:00.000000000,BEST_BID,"JPM,100987,193"
2019-06-28 11:29:00.000000000,BEST_ASK,"JPM,101392,175"
2019-06-28 11:29:00.000000000,LAST_TRADE,"5,$101392.0000"
2019-06-28 11:29:00.000000000,QUERY_SPREAD,80
2019-06-28 11:29:00.000000000,BEST_BID,"JPM,100987,193"
2019-06-28 11:29:00.000000000,BEST_ASK,"JPM,101392,167"
2019-06-28 11:29:00.000000000,LAST_TRADE,"8,$101392.0000"
2019-06-28 11:29:00.000000000,QUERY_SPREAD,81
2019-06-28 11:29:00.000000000,BEST_BID,"JPM,100987,193"
2019-06-28 11:29:00.000000000,BEST_ASK,"JPM,101392,158"
2019-06-28 11:29:00.000000000,LAST_TRADE,"9,$101392.0000"
2019-06-28 11:29:00.000000000,QUERY_SPREAD,82
2019-06-28 11:29:00.000000000,BEST_BID,"JPM,100987,193"
2019-06-28 11:29:00.000000000,BEST_ASK,"JPM,101392,155"
2019-06-28 11:29:00.000000000,LAST_TRADE,"3,$101392.0000"
2019-06-28 11:29:00.000000000,QUERY_SPREAD,83
2019-06-28 11:29:00.000000000,BEST_BID,"JPM,100987,193"
2019-06-28 11:29:00.000000000,BEST_ASK,"JPM,101392,147"
2019-06-28 11:29:00.000000000,LAST_TRADE,"8,$101392.0000"
2019-06-28 11:29:00.000000000,QUERY_SPREAD,84
2019-06-28 11:29:00.000000000,BEST_BID,"JPM,100987,193"
2019-06-28 11:29:00.000000000,BEST_ASK,"JPM,101392,143"
2019-06-28 11:29:00.000000000,LAST_TRADE,"4,$101392.0000"
2019-06-28 11:29:00.000000000,QUERY_SPREAD,85
2019-06-28 11:29:00.000000000,BEST_BID,"JPM,100987,193"
2019-06-28 11:29:00.000000000,BEST_ASK,"JPM,101392,138"
2019-06-28 11:29:00.000000000,LAST_TRADE,"5,$101392.0000"
2019-06-28 11:29:00.000000000,QUERY_SPREAD,86
2019-06-28 11:29:00.000000000,BEST_BID,"JPM,100987,193"
2019-06-28 11:29:00.000000000,BEST_ASK,"JPM,101392,136"
2019-06-28 11:29:00.000000000,LAST_TRADE,"2,$101392.0000"
2019-06-28 11:29:00.000000000,QUERY_SPREAD,87
2019-06-28 11:29:00.000000000,BEST_BID,"JPM,100987,193"
2019-06-28 11:29:00.000000000,BEST_ASK,"JPM,101392,129"
2019-06-28 11:29:00.000000000,LAST_TRADE,"7,$101392.0000"
2019-06-28 11:29:00.000000000,QUERY_SPREAD,88
2019-06-28 11:29:00.000000000,BEST_BID,"JPM,100987,193"
2019-06-28 11:29:00.000000000,BEST_ASK,"JPM,101392,121"
2019-06-28 11:29:00.000000000,LAST_TRADE,"8,$101392.0000"
2019-06-28 11:29:00.000000000,QUERY_SPREAD,89
2019-06-28 11:29:00.000000000,BEST_BID,"JPM,100987,193"
2019-06-28 11:29:00.000000000,BEST_ASK,"JPM,101392,116"
2019-06-28 11:29:00.000000000,LAST_TRADE,"5,$101392.0000"
2019-06-28 11:29:00.000000000,QUERY_SPREAD,90
2019-06-28 11:29:00.000000000,BEST_BID,"JPM,100987,193"
2019-06-28 11:29:00.000000000,BEST_ASK,"JPM,101392,112"
2019-06-28 11:29:00.000000000,LAST_TRADE,"4,$101392.0000"
2019-06-28 11:29:00.000000000,QUERY_SPREAD,91
2019-06-28 11:29:00.000000000,BEST_BID,"JPM,100987,193"
2019-06-28 11:29:00.000000000,BEST_ASK,"JPM,101392,109"
2019-06-28 11:29:00.000000000,LAST_TRADE,"3,$101392.0000"
2019-06-28 11:29:00.000000000,QUERY_SPREAD,92
2019-06-28 11:29:00.000000000,BEST_BID,"JPM,100987,193"
2019-06-28 11:29:00.000000000,BEST_ASK,"JPM,101392,104"
2019-06-28 11:29:00.000000000,LAST_TRADE,"5,$101392.0000"
2019-06-28 11:29:00.000000000,QUERY_SPREAD,93
2019-06-28 11:29:00.000000000,BEST_BID,"JPM,100987,193"
2019-06-28 11:29:00.000000000,BEST_ASK,"JPM,101392,97"
2019-06-28 11:29:00.000000000,LAST_TRADE,"7,$101392.0000"
2019-06-28 11:29:00.000000000,QUERY_SPREAD,94
2019-06-28 11:29:00.000000000,BEST_BID,"JPM,100987,193"
2019-06-28 11:29:00.000000000,BEST_ASK,"JPM,101392,96"
2019-06-28 11:29:00.000000000,LAST_TRADE,"1,$101392.0000"
2019-06-28 11:29:00.000000000,QUERY_SPREAD,95
2019-06-28 11:29:00.000000000,BEST_BID,"JPM,100987,193"
2019-06-28 11:29:00.000000000,BEST_ASK,"JPM,101392,95"
2019-06-28 11:29:00.000000000,LAST_TRADE,"1,$101392.0000"
2019-06-28 11:29:00.000000000,QUERY_SPREAD,96
2019-06-28 11:29:00.000000000,BEST_BID,"JPM,100987,193"
2019-06-28 11:29:00.000000000,BEST_ASK,"JPM,101392,91"
2019-06-28 11:29:00.000000000,LAST_TRADE,"4,$101392.0000"
2019-06-28 11:29:00.000000000,QUERY_SPREAD,97
2019-06-28 11:29:00.000000000,BEST_BID,"JPM,100987,193"
2019-06-28 11:29:00.000000000,BEST_ASK,"JPM,101392,88"
2019-06-28 11:29:00.000000000,LAST_TRADE,"3,$101392.0000"
2019-06-28 11:29:00.000000000,QUERY_SPREAD,98
2019-06-28 11:29:00.000000000,BEST_BID,"JPM,100987,193"
2019-06-28 11:29:00.000000000,BEST_ASK,"JPM,101392,83"
2019-06-28 11:29:00.000000000,LAST_TRADE,"5,$101392.0000"
2019-06-28 11:29:00.000000000,QUERY_SPREAD,99
2019-06-28 11:29:00.000000000,BEST_BID,"JPM,100987,193"
2019-06-28 11:29:00.000000000,BEST_ASK,"JPM,101392,79"
2019-06-28 11:29:00.000000000,LAST_TRADE,"4,$101392.0000"
2019-06-28 11:29:00.000000000,QUERY_SPREAD,100
2019-06-28 11:29:00.000000000,BEST_BID,"JPM,100987,193"
2019-06-28 11:29:00.000000000,BEST_ASK,"JPM,101392,74"
2019-06-28 11:29:00.000000000,LAST_TRADE,"5,$101392.0000"
2019-06-28 11:29:00.000000000,QUERY_SPREAD,101
2019-06-28 11:29:05.295422025,QUERY_SPREAD,39
2019-06-28 11:29:05.295422025,BEST_BID,"JPM,100987,193"
2019-06-28 11:29:05.295422025,BEST_ASK,"JPM,101392,74"
2019-06-28 11:29:10.000000000,QUERY_SPREAD,1
2019-06-28 11:29:10.000000000,BEST_BID,"JPM,100987,286"
2019-06-28 11:29:10.000000000,BEST_ASK,"JPM,101688,100"
2019-06-28 11:29:10.000000000,BEST_BID,"JPM,100987,286"
2019-06-28 11:29:10.000000000,BEST_ASK,"JPM,101688,100"
2019-06-28 11:29:10.000000000,BEST_BID,"JPM,100987,286"
2019-06-28 11:29:10.000000000,BEST_ASK,"JPM,101688,286"
2019-06-28 11:29:10.000000000,BEST_BID,"JPM,100987,286"
2019-06-28 11:29:10.000000000,BEST_ASK,"JPM,101688,286"
2019-06-28 11:29:20.000000000,QUERY_SPREAD,1
2019-06-28 11:29:20.000000000,BEST_BID,"JPM,100987,471"
2019-06-28 11:29:20.000000000,BEST_ASK,"JPM,101688,100"
2019-06-28 11:29:20.000000000,BEST_BID,"JPM,100987,471"
2019-06-28 11:29:20.000000000,BEST_ASK,"JPM,101688,471"
2019-06-28 11:29:30.000000000,QUERY_SPREAD,1
2019-06-28 11:29:30.000000000,BEST_BID,"JPM,100987,226"
2019-06-28 11:29:30.000000000,BEST_ASK,"JPM,101688,100"
2019-06-28 11:29:30.000000000,BEST_BID,"JPM,100987,226"
2019-06-28 11:29:30.000000000,BEST_ASK,"JPM,101688,100"
2019-06-28 11:29:30.000000000,BEST_BID,"JPM,100987,226"
2019-06-28 11:29:30.000000000,BEST_ASK,"JPM,101688,100"
2019-06-28 11:29:30.000000000,BEST_BID,"JPM,100987,226"
2019-06-28 11:29:30.000000000,BEST_ASK,"JPM,101688,226"
2019-06-28 11:29:30.000000000,BEST_BID,"JPM,100987,226"
2019-06-28 11:29:30.000000000,BEST_ASK,"JPM,101688,226"
2019-06-28 11:29:30.062671669,QUERY_SPREAD,16
2019-06-28 11:29:30.062671669,BEST_BID,"JPM,100987,126"
2019-06-28 11:29:30.062671669,BEST_ASK,"JPM,101688,226"
2019-06-28 11:29:30.062671669,LAST_TRADE,"100,$100987.0000"
2019-06-28 11:29:30.115577337,QUERY_ORDER_STREAM,53
2019-06-28 11:29:30.115577337,QUERY_SPREAD,53
2019-06-28 11:29:30.115577337,BEST_BID,"JPM,100987,126"
2019-06-28 11:29:30.115577337,BEST_ASK,"JPM,101392,100"
2019-06-28 11:29:36.065966162,QUERY_ORDER_STREAM,55
2019-06-28 11:29:36.065966162,QUERY_SPREAD,55
2019-06-28 11:29:40.000000000,QUERY_SPREAD,1
2019-06-28 11:29:40.000000000,BEST_BID,"JPM,100860,193"
2019-06-28 11:29:40.000000000,BEST_ASK,"JPM,101392,100"
2019-06-28 11:29:40.000000000,BEST_BID,"JPM,100860,193"
2019-06-28 11:29:40.000000000,BEST_ASK,"JPM,101392,100"
2019-06-28 11:29:40.000000000,BEST_BID,"JPM,100860,193"
2019-06-28 11:29:40.000000000,BEST_ASK,"JPM,101392,100"
2019-06-28 11:29:40.000000000,BEST_BID,"JPM,100860,193"
2019-06-28 11:29:40.000000000,BEST_ASK,"JPM,101392,100"
2019-06-28 11:29:40.000000000,BEST_BID,"JPM,100860,193"
2019-06-28 11:29:40.000000000,BEST_ASK,"JPM,101392,193"
2019-06-28 11:29:40.000000000,BEST_BID,"JPM,100860,193"
2019-06-28 11:29:40.000000000,BEST_ASK,"JPM,101392,193"
2019-06-28 11:29:40.000000000,BEST_BID,"JPM,100860,193"
2019-06-28 11:29:40.000000000,BEST_ASK,"JPM,101392,193"
2019-06-28 11:29:43.454074270,QUERY_ORDER_STREAM,64
2019-06-28 11:29:43.454074270,QUERY_SPREAD,64
2019-06-28 11:29:48.050775603,QUERY_SPREAD,9
2019-06-28 11:29:48.050775603,BEST_BID,"JPM,100860,193"
2019-06-28 11:29:48.050775603,BEST_ASK,"JPM,101392,193"
2019-06-28 11:29:50.000000000,QUERY_SPREAD,1
2019-06-28 11:29:50.000000000,BEST_BID,"JPM,100860,226"
2019-06-28 11:29:50.000000000,BEST_ASK,"JPM,101392,100"
2019-06-28 11:29:50.000000000,BEST_BID,"JPM,100860,226"
2019-06-28 11:29:50.000000000,BEST_ASK,"JPM,101392,100"
2019-06-28 11:29:50.000000000,BEST_BID,"JPM,100860,226"
2019-06-28 11:29:50.000000000,BEST_ASK,"JPM,101392,100"
2019-06-28 11:29:50.000000000,BEST_BID,"JPM,100860,226"
2019-06-28 11:29:50.000000000,BEST_ASK,"JPM,101392,226"
2019-06-28 11:29:50.000000000,BEST_BID,"JPM,100860,226"
2019-06-28 11:29:50.000000000,BEST_ASK,"JPM,101392,226"
2019-06-28 11:29:50.000000000,BEST_BID,"JPM,100860,226"
2019-06-28 11:29:50.000000000,BEST_ASK,"JPM,101392,226"
2019-06-28 11:30:00.000000000,QUERY_SPREAD,1
2019-06-28 11:30:00.000000000,BEST_BID,"JPM,100860,174"
2019-06-28 11:30:00.000000000,BEST_ASK,"JPM,101392,100"
2019-06-28 11:30:00.000000000,BEST_BID,"JPM,100860,174"
2019-06-28 11:30:00.000000000,BEST_ASK,"JPM,101392,100"
2019-06-28 11:30:00.000000000,BEST_BID,"JPM,100860,174"
2019-06-28 11:30:00.000000000,BEST_ASK,"JPM,101392,100"
2019-06-28 11:30:00.000000000,BEST_BID,"JPM,100860,174"
2019-06-28 11:30:00.000000000,BEST_ASK,"JPM,101392,100"
2019-06-28 11:30:00.000000000,BEST_BID,"JPM,100860,174"
2019-06-28 11:30:00.000000000,BEST_ASK,"JPM,101392,100"
2019-06-28 11:30:00.000000000,BEST_BID,"JPM,100860,174"
2019-06-28 11:30:00.000000000,BEST_ASK,"JPM,101392,174"
2019-06-28 11:30:00.000000000,BEST_BID,"JPM,100860,174"
2019-06-28 11:30:00.000000000,BEST_ASK,"JPM,101392,174"
2019-06-28 11:30:00.000000000,BEST_BID,"JPM,100860,174"
2019-06-28 11:30:00.000000000,BEST_ASK,"JPM,101392,174"
2019-06-28 11:30:00.000000000,QUERY_SPREAD,77
2019-06-28 11:30:00.000000000,BEST_BID,"JPM,100860,174"
2019-06-28 11:30:00.000000000,BEST_ASK,"JPM,101392,169"
2019-06-28 11:30:00.000000000,LAST_TRADE,"5,$101392.0000"
2019-06-28 11:30:00.000000000,QUERY_SPREAD,78
2019-06-28 11:30:00.000000000,BEST_BID,"JPM,100860,174"
2019-06-28 11:30:00.000000000,BEST_ASK,"JPM,101392,161"
2019-06-28 11:30:00.000000000,LAST_TRADE,"8,$101392.0000"
2019-06-28 11:30:00.000000000,QUERY_SPREAD,79
2019-06-28 11:30:00.000000000,BEST_BID,"JPM,100860,174"
2019-06-28 11:30:00.000000000,BEST_ASK,"JPM,101392,156"
2019-06-28 11:30:00.000000000,LAST_TRADE,"5,$101392.0000"
2019-06-28 11:30:00.000000000,QUERY_SPREAD,80
2019-06-28 11:30:00.000000000,BEST_BID,"JPM,100860,174"
2019-06-28 11:30:00.000000000,BEST_ASK,"JPM,101392,148"
2019-06-28 11:30:00.000000000,LAST_TRADE,"8,$101392.0000"
2019-06-28 11:30:00.000000000,QUERY_SPREAD,81
2019-06-28 11:30:00.000000000,BEST_BID,"JPM,100860,174"
2019-06-28 11:30:00.000000000,BEST_ASK,"JPM,101392,139"
2019-06-28 11:30:00.000000000,LAST_TRADE,"9,$101392.0000"
2019-06-28 11:30:00.000000000,QUERY_SPREAD,82
2019-06-28 11:30:00.000000000,BEST_BID,"JPM,100860,174"
2019-06-28 11:30:00.000000000,BEST_ASK,"JPM,101392,136"
2019-06-28 11:30:00.000000000,LAST_TRADE,"3,$101392.0000"
2019-06-28 11:30:00.000000000,QUERY_SPREAD,83
2019-06-28 11:30:00.000000000,BEST_BID,"JPM,100860,174"
2019-06-28 11:30:00.000000000,BEST_ASK,"JPM,101392,128"
2019-06-28 11:30:00.000000000,LAST_TRADE,"8,$101392.0000"
2019-06-28 11:30:00.000000000,QUERY_SPREAD,84
2019-06-28 11:30:00.000000000,BEST_BID,"JPM,100860,174"
2019-06-28 11:30:00.000000000,BEST_ASK,"JPM,101392,124"
2019-06-28 11:30:00.000000000,LAST_TRADE,"4,$101392.0000"
2019-06-28 11:30:00.000000000,QUERY_SPREAD,85
2019-06-28 11:30:00.000000000,BEST_BID,"JPM,100860,174"
2019-06-28 11:30:00.000000000,BEST_ASK,"JPM,101392,119"
2019-06-28 11:30:00.000000000,LAST_TRADE,"5,$101392.0000"
2019-06-28 11:30:00.000000000,QUERY_SPREAD,86
2019-06-28 11:30:00.000000000,BEST_BID,"JPM,100860,174"
2019-06-28 11:30:00.000000000,BEST_ASK,"JPM,101392,117"
2019-06-28 11:30:00.000000000,LAST_TRADE,"2,$101392.0000"
2019-06-28 11:30:00.000000000,QUERY_SPREAD,87
2019-06-28 11:30:00.000000000,BEST_BID,"JPM,100860,174"
2019-06-28 11:30:00.000000000,BEST_ASK,"JPM,101392,110"
2019-06-28 11:30:00.000000000,LAST_TRADE,"7,$101392.0000"
2019-06-28 11:30:00.000000000,QUERY_SPREAD,88
2019-06-28 11:30:00.000000000,BEST_BID,"JPM,100860,174"
2019-06-28 11:30:00.000000000,BEST_ASK,"JPM,101392,102"
2019-06-28 11:30:00.000000000,LAST_TRADE,"8,$101392.0000"
2019-06-28 11:30:00.000000000,QUERY_SPREAD,89
2019-06-28 11:30:00.000000000,BEST_BID,"JPM,100860,174"
2019-06-28 11:30:00.000000000,BEST_ASK,"JPM,101392,97"
2019-06-28 11:30:00.000000000,LAST_TRADE,"5,$101392.0000"
2019-06-28 11:30:00.000000000,QUERY_SPREAD,90
2019-06-28 11:30:00.000000000,BEST_BID,"JPM,100860,174"
2019-06-28 11:30:00.000000000,BEST_ASK,"JPM,101392,93"
2019-06-28 11:30:00.000000000,LAST_TRADE,"4,$101392.0000"
2019-06-28 11:30:00.000000000,QUERY_SPREAD,91
2019-06-28 11:30:00.000000000,BEST_BID,"JPM,100860,174"
2019-06-28 11:30:00.000000000,BEST_ASK,"JPM,101392,90"
2019-06-28 11:30:00.000000000,LAST_TRADE,"3,$101392.0000"
2019-06-28 11:30:00.000000000,QUERY_SPREAD,92
2019-06-28 11:30:00.000000000,BEST_BID,"JPM,100860,174"
2019-06-28 11:30:00.000000000,BEST_ASK,"JPM,101392,85"
2019-06-28 11:30:00.000000000,LAST_TRADE,"5,$101392.0000"
2019-06-28 11:30:00.000000000,QUERY_SPREAD,93
2019-06-28 11:30:00.000000000,BEST_BID,"JPM,100860,174"
2019-06-28 11:30:00.000000000,BEST_ASK,"JPM,101392,78"
2019-06-28 11:30:00.000000000,LAST_TRADE,"7,$101392.0000"
2019-06-28 11:30:00.000000000,QUERY_SPREAD,94
2019-06-28 11:30:00.000000000,BEST_BID,"JPM,100860,174"
2019-06-28 11:30:00.000000000,BEST_ASK,"JPM,101392,77"
2019-06-28 11:30:00.000000000,LAST_TRADE,"1,$101392.0000"
2019-06-28 11:30:00.000000000,QUERY_SPREAD,95
2019-06-28 11:30:00.000000000,BEST_BID,"JPM,100860,174"
2019-06-28 11:30:00.000000000,BEST_ASK,"JPM,101392,76"
2019-06-28 11:30:00.000000000,LAST_TRADE,"1,$101392.0000"
2019-06-28 11:30:00.000000000,QUERY_SPREAD,96
2019-06-28 11:30:00.000000000,BEST_BID,"JPM,100860,174"
2019-06-28 11:30:00.000000000,BEST_ASK,"JPM,101392,72"
2019-06-28 11:30:00.000000000,LAST_TRADE,"4,$101392.0000"
2019-06-28 11:30:00.000000000,QUERY_SPREAD,97
2019-06-28 11:30:00.000000000,BEST_BID,"JPM,100860,174"
2019-06-28 11:30:00.000000000,BEST_ASK,"JPM,101392,69"
2019-06-28 11:30:00.000000000,LAST_TRADE,"3,$101392.0000"
2019-06-28 11:30:00.000000000,QUERY_SPREAD,98
2019-06-28 11:30:00.000000000,BEST_BID,"JPM,100860,174"
2019-06-28 11:30:00.000000000,BEST_ASK,"JPM,101392,64"
2019-06-28 11:30:00.000000000,LAST_TRADE,"5,$101392.0000"
2019-06-28 11:30:00.000000000,QUERY_SPREAD,99
2019-06-28 11:30:00.000000000,BEST_BID,"JPM,100860,174"
2019-06-28 11:30:00.000000000,BEST_ASK,"JPM,101392,60"
2019-06-28 11:30:00.000000000,LAST_TRADE,"4,$101392.0000"
2019-06-28 11:30:00.000000000,QUERY_SPREAD,100
2019-06-28 11:30:00.000000000,BEST_BID,"JPM,100860,174"
2019-06-28 11:30:00.000000000,BEST_ASK,"JPM,101392,55"
2019-06-28 11:30:00.000000000,LAST_TRADE,"5,$101392.0000"
2019-06-28 11:30:00.000000000,QUERY_SPREAD,101
2019-06-28 11:30:00.920392805,QUERY_SPREAD,27
2019-06-28 11:30:00.920392805,BEST_BID,"JPM,100860,74"
2019-06-28 11:30:00.920392805,BEST_ASK,"JPM,101392,55"
2019-06-28 11:30:00.920392805,LAST_TRADE,"100,$100860.0000"
2019-06-28 11:30:03.877165517,QUERY_SPREAD,23
2019-06-28 11:30:03.877165517,BEST_BID,"JPM,100860,74"
2019-06-28 11:30:03.877165517,BEST_ASK,"JPM,101392,55"
2019-06-28 11:30:10.000000000,QUERY_SPREAD,1
2019-06-28 11:30:10.000000000,BEST_BID,"JPM,100817,174"
2019-06-28 11:30:10.000000000,BEST_ASK,"JPM,101688,100"
2019-06-28 11:30:10.000000000,BEST_BID,"JPM,100817,174"
2019-06-28 11:30:10.000000000,BEST_ASK,"JPM,101688,100"
2019-06-28 11:30:10.000000000,BEST_BID,"JPM,100817,174"
2019-06-28 11:30:10.000000000,BEST_ASK,"JPM,101688,100"
2019-06-28 11:30:10.000000000,BEST_BID,"JPM,100817,174"
2019-06-28 11:30:10.000000000,BEST_ASK,"JPM,101688,100"
2019-06-28 11:30:10.000000000,BEST_BID,"JPM,100817,174"
2019-06-28 11:30:10.000000000,BEST_ASK,"JPM,101688,100"
2019-06-28 11:30:10.000000000,BEST_BID,"JPM,100817,174"
2019-06-28 11:30:10.000000000,BEST_ASK,"JPM,101688,174"
2019-06-28 11:30:10.000000000,BEST_BID,"JPM,100817,174"
2019-06-28 11:30:10.000000000,BEST_ASK,"JPM,101688,174"
2019-06-28 11:30:20.000000000,QUERY_SPREAD,1
2019-06-28 11:30:20.000000000,BEST_BID,"JPM,100817,226"
2019-06-28 11:30:20.000000000,BEST_ASK,"JPM,101688,100"
2019-06-28 11:30:20.000000000,BEST_BID,"JPM,100817,226"
2019-06-28 11:30:20.000000000,BEST_ASK,"JPM,101688,100"
2019-06-28 11:30:20.000000000,BEST_BID,"JPM,100817,226"
2019-06-28 11:30:20.000000000,BEST_ASK,"JPM,101688,100"
2019-06-28 11:30:20.000000000,BEST_BID,"JPM,100817,226"
2019-06-28 11:30:20.000000000,BEST_ASK,"JPM,101688,226"
2019-06-28 11:30:20.000000000,BEST_BID,"JPM,100817,226"
2019-06-28 11:30:20.000000000,BEST_ASK,"JPM,101688,226"
2019-06-28 11:30:29.331782348,QUERY_SPREAD,48
2019-06-28 11:30:29.331782348,BEST_BID,"JPM,100817,226"
2019-06-28 11:30:29.331782348,BEST_ASK,"JPM,101688,226"
2019-06-28 11:30:30.000000000,QUERY_SPREAD,1
2019-06-28 11:30:30.000000000,BEST_BID,"JPM,100817,471"
2019-06-28 11:30:30.000000000,BEST_ASK,"JPM,101688,100"
2019-06-28 11:30:30.000000000,BEST_BID,"JPM,100817,471"
2019-06-28 11:30:30.000000000,BEST_ASK,"JPM,101688,471"
2019-06-28 11:30:37.038313596,QUERY_SPREAD,43
2019-06-28 11:30:37.038313596,BEST_BID,"JPM,100817,371"
2019-06-28 11:30:37.038313596,BEST_ASK,"JPM,101688,471"
2019-06-28 11:30:37.038313596,LAST_TRADE,"100,$100817.0000"
2019-06-28 11:30:40.000000000,QUERY_SPREAD,1
2019-06-28 11:30:40.000000000,BEST_BID,"JPM,100763,226"
2019-06-28 11:30:40.000000000,BEST_ASK,"JPM,101688,100"
2019-06-28 11:30:40.000000000,BEST_BID,"JPM,100763,226"
2019-06-28 11:30:40.000000000,BEST_ASK,"JPM,101688,100"
2019-06-28 11:30:40.000000000,BEST_BID,"JPM,100763,226"
2019-06-28 11:30:40.000000000,BEST_ASK,"JPM,101688,100"
2019-06-28 11:30:40.000000000,BEST_BID,"JPM,100763,226"
2019-06-28 11:30:40.000000000,BEST_ASK,"JPM,101688,226"
2019-06-28 11:30:40.000000000,BEST_BID,"JPM,100763,226"
2019-06-28 11:30:40.000000000,BEST_ASK,"JPM,101688,226"
2019-06-28 11:30:50.000000000,QUERY_SPREAD,1
2019-06-28 11:30:50.000000000,BEST_BID,"JPM,100763,193"
2019-06-28 11:30:50.000000000,BEST_ASK,"JPM,101688,100"
2019-06-28 11:30:50.000000000,BEST_BID,"JPM,100763,193"
2019-06-28 11:30:50.000000000,BEST_ASK,"JPM,101688,100"
2019-06-28 11:30:50.000000000,BEST_BID,"JPM,100763,193"
2019-06-28 11:30:50.000000000,BEST_ASK,"JPM,101688,100"
2019-06-28 11:30:50.000000000,BEST_BID,"JPM,100763,193"
2019-06-28 11:30:50.000000000,BEST_ASK,"JPM,101688,100"
2019-06-28 11:30:50.000000000,BEST_BID,"JPM,100763,193"
2019-06-28 11:30:50.000000000,BEST_ASK,"JPM,101688,193"
2019-06-28 11:30:50.000000000,BEST_BID,"JPM,100763,193"
2019-06-28 11:30:50.000000000,BEST_ASK,"JPM,101688,193"
2019-06-28 11:30:53.073656159,QUERY_SPREAD,35
2019-06-28 11:30:53.073656159,BEST_BID,"JPM,100763,93"
2019-06-28 11:30:53.073656159,BEST_ASK,"JPM,101688,193"
2019-06-28 11:30:53.073656159,LAST_TRADE,"100,$100763.0000"
2019-06-28 11:31:00.000000000,QUERY_SPREAD,1
2019-06-28 11:31:00.000000000,BEST_BID,"JPM,100712,193"
2019-06-28 11:31:00.000000000,BEST_ASK,"JPM,101688,100"
2019-06-28 11:31:00.000000000,BEST_BID,"JPM,100712,193"
2019-06-28 11:31:00.000000000,BEST_ASK,"JPM,101688,100"
2019-06-28 11:31:00.000000000,BEST_BID,"JPM,100712,193"
2019-06-28 11:31:00.000000000,BEST_ASK,"JPM,101688,100"
2019-06-28 11:31:00.000000000,BEST_BID,"JPM,100712,193"
2019-06-28 11:31:00.000000000,BEST_ASK,"JPM,101688,100"
2019-06-28 11:31:00.000000000,BEST_BID,"JPM,100712,193"
2019-06-28 11:31:00.000000000,BEST_ASK,"JPM,101688,193"
2019-06-28 11:31:00.000000000,BEST_BID,"JPM,100712,193"
2019-06-28 11:31:00.000000000,BEST_ASK,"JPM,101688,193"
2019-06-28 11:31:00.000000000,QUERY_SPREAD,77
2019-06-28 11:31:00.000000000,BEST_BID,"JPM,100712,193"
2019-06-28 11:31:00.000000000,BEST_ASK,"JPM,101688,188"
2019-06-28 11:31:00.000000000,LAST_TRADE,"5,$101688.0000"
2019-06-28 11:31:00.000000000,QUERY_SPREAD,78
2019-06-28 11:31:00.000000000,BEST_BID,"JPM,100712,193"
2019-06-28 11:31:00.000000000,BEST_ASK,"JPM,101688,180"
2019-06-28 11:31:00.000000000,LAST_TRADE,"8,$101688.0000"
2019-06-28 11:31:00.000000000,QUERY_SPREAD,79
2019-06-28 11:31:00.000000000,BEST_BID,"JPM,100712,193"
2019-06-28 11:31:00.000000000,BEST_ASK,"JPM,101688,175"
2019-06-28 11:31:00.000000000,LAST_TRADE,"5,$101688.0000"
2019-06-28 11:31:00.000000000,QUERY_SPREAD,80
2019-06-28 11:31:00.000000000,BEST_BID,"JPM,100712,193"
2019-06-28 11:31:00.000000000,BEST_ASK,"JPM,101688,167"
2019-06-28 11:31:00.000000000,LAST_TRADE,"8,$101688.0000"
2019-06-28 11:31:00.000000000,QUERY_SPREAD,81
2019-06-28 11:31:00.000000000,BEST_BID,"JPM,100712,193"
2019-06-28 11:31:00.000000000,BEST_ASK,"JPM,101688,158"
2019-06-28 11:31:00.000000000,LAST_TRADE,"9,$101688.0000"
2019-06-28 11:31:00.000000000,QUERY_SPREAD,82
2019-06-28 11:31:00.000000000,BEST_BID,"JPM,100712,193"
2019-06-28 11:31:00.000000000,BEST_ASK,"JPM,101688,155"
2019-06-28 11:31:00.000000000,LAST_TRADE,"3,$101688.0000"
2019-06-28 11:31:00.000000000,QUERY_SPREAD,83
2019-06-28 11:31:00.000000000,BEST_BID,"JPM,100712,193"
2019-06-28 11:31:00.000000000,BEST_ASK,"JPM,101688,147"
2019-06-28 11:31:00.000000000,LAST_TRADE,"8,$101688.0000"
2019-06-28 11:31:00.000000000,QUERY_SPREAD,84
2019-06-28 11:31:00.000000000,BEST_BID,"JPM,100712,193"
2019-06-28 11:31:00.000000000,BEST_ASK,"JPM,101688,143"
2019-06-28 11:31:00.000000000,LAST_TRADE,"4,$101688.0000"
2019-06-28 11:31:00.000000000,QUERY_SPREAD,85
2019-06-28 11:31:00.000000000,BEST_BID,"JPM,100712,193"
2019-06-28 11:31:00.000000000,BEST_ASK,"JPM,101688,138"
2019-06-28 11:31:00.000000000,LAST_TRADE,"5,$101688.0000"
2019-06-28 11:31:00.000000000,QUERY_SPREAD,86
2019-06-28 11:31:00.000000000,BEST_BID,"JPM,100712,193"
2019-06-28 11:31:00.000000000,BEST_ASK,"JPM,101688,136"
2019-06-28 11:31:00.000000000,LAST_TRADE,"2,$101688.0000"
2019-06-28 11:31:00.000000000,QUERY_SPREAD,87
2019-06-28 11:31:00.000000000,BEST_BID,"JPM,100712,193"
2019-06-28 11:31:00.000000000,BEST_ASK,"JPM,101688,129"
2019-06-28 11:31:00.000000000,LAST_TRADE,"7,$101688.0000"
2019-06-28 11:31:00.000000000,QUERY_SPREAD,88
2019-06-28 11:31:00.000000000,BEST_BID,"JPM,100712,193"
2019-06-28 11:31:00.000000000,BEST_ASK,"JPM,101688,121"
2019-06-28 11:31:00.000000000,LAST_TRADE,"8,$101688.0000"
2019-06-28 11:31:00.000000000,QUERY_SPREAD,89
2019-06-28 11:31:00.000000000,BEST_BID,"JPM,100712,193"
2019-06-28 11:31:00.000000000,BEST_ASK,"JPM,101688,116"
2019-06-28 11:31:00.000000000,LAST_TRADE,"5,$101688.0000"
2019-06-28 11:31:00.000000000,QUERY_SPREAD,90
2019-06-28 11:31:00.000000000,BEST_BID,"JPM,100712,193"
2019-06-28 11:31:00.000000000,BEST_ASK,"JPM,101688,112"
2019-06-28 11:31:00.000000000,LAST_TRADE,"4,$101688.0000"
2019-06-28 11:31:00.000000000,QUERY_SPREAD,91
2019-06-28 11:31:00.000000000,BEST_BID,"JPM,100712,193"
2019-06-28 11:31:00.000000000,BEST_ASK,"JPM,101688,109"
2019-06-28 11:31:00.000000000,LAST_TRADE,"3,$101688.0000"
2019-06-28 11:31:00.000000000,QUERY_SPREAD,92
2019-06-28 11:31:00.000000000,BEST_BID,"JPM,100712,193"
2019-06-28 11:31:00.000000000,BEST_ASK,"JPM,101688,104"
2019-06-28 11:31:00.000000000,LAST_TRADE,"5,$101688.0000"
2019-06-28 11:31:00.000000000,QUERY_SPREAD,93
2019-06-28 11:31:00.000000000,BEST_BID,"JPM,100712,193"
2019-06-28 11:31:00.000000000,BEST_ASK,"JPM,101688,97"
2019-06-28 11:31:00.000000000,LAST_TRADE,"7,$101688.0000"
2019-06-28 11:31:00.000000000,QUERY_SPREAD,94
2019-06-28 11:31:00.000000000,BEST_BID,"JPM,100712,193"
2019-06-28 11:31:00.000000000,BEST_ASK,"JPM,101688,96"
2019-06-28 11:31:00.000000000,LAST_TRADE,"1,$101688.0000"
2019-06-28 11:31:00.000000000,QUERY_SPREAD,95
2019-06-28 11:31:00.000000000,BEST_BID,"JPM,100712,193"
2019-06-28 11:31:00.000000000,BEST_ASK,"JPM,101688,95"
2019-06-28 11:31:00.000000000,LAST_TRADE,"1,$101688.0000"
2019-06-28 11:31:00.000000000,QUERY_SPREAD,96
2019-06-28 11:31:00.000000000,BEST_BID,"JPM,100712,193"
2019-06-28 11:31:00.000000000,BEST_ASK,"JPM,101688,91"
2019-06-28 11:31:00.000000000,LAST_TRADE,"4,$101688.0000"
2019-06-28 11:31:00.000000000,QUERY_SPREAD,97
2019-06-28 11:31:00.000000000,BEST_BID,"JPM,100712,193"
2019-06-28 11:31:00.000000000,BEST_ASK,"JPM,101688,88"
2019-06-28 11:31:00.000000000,LAST_TRADE,"3,$101688.0000"
2019-06-28 11:31:00.000000000,QUERY_SPREAD,98
2019-06-28 11:31:00.000000000,BEST_BID,"JPM,100712,193"
2019-06-28 11:31:00.000000000,BEST_ASK,"JPM,101688,83"
2019-06-28 11:31:00.000000000,LAST_TRADE,"5,$101688.0000"
2019-06-28 11:31:00.000000000,QUERY_SPREAD,99
2019-06-28 11:31:00.000000000,BEST_BID,"JPM,100712,193"
2019-06-28 11:31:00.000000000,BEST_ASK,"JPM,101688,79"
2019-06-28 11:31:00.000000000,LAST_TRADE,"4,$101688.0000"
2019-06-28 11:31:00.000000000,QUERY_SPREAD,100
2019-06-28 11:31:00.000000000,BEST_BID,"JPM,100712,193"
2019-06-28 11:31:00.000000000,BEST_ASK,"JPM,101688,74"
2019-06-28 11:31:00.000000000,LAST_TRADE,"5,$101688.0000"
2019-06-28 11:31:00.000000000,QUERY_SPREAD,101
2019-06-28 11:31:10.000000000,QUERY_SPREAD,1
2019-06-28 11:31:12.699334597,QUERY_SPREAD,46
2019-06-28 11:31:12.699334597,BEST_BID,"JPM,100635,100"
2019-06-28 11:31:12.699334597,LAST_TRADE,"100,$100712.0000"
2019-06-28 11:31:20.000000000,QUERY_SPREAD,1
2019-06-28 11:31:30.000000000,QUERY_SPREAD,1
2019-06-28 11:31:34.026869895,QUERY_SPREAD,26
2019-06-28 11:31:34.026869895,BEST_BID,"JPM,100725,100"
2019-06-28 11:31:39.679986578,QUERY_SPREAD,15
2019-06-28 11:31:39.679986578,BEST_BID,"JPM,100635,100"
2019-06-28 11:31:39.679986578,LAST_TRADE,"100,$100725.0000"
2019-06-28 11:31:40.000000000,QUERY_SPREAD,1
2019-06-28 11:31:50.000000000,QUERY_SPREAD,1
2019-06-28 11:31:59.295908504,QUERY_SPREAD,19
2019-06-28 11:31:59.295908504,BEST_BID,"JPM,100741,100"
2019-06-28 11:32:00.000000000,QUERY_SPREAD,1
2019-06-28 11:32:00.000000000,QUERY_SPREAD,77
2019-06-28 11:32:00.000000000,QUERY_SPREAD,78
2019-06-28 11:32:00.000000000,QUERY_SPREAD,79
2019-06-28 11:32:00.000000000,QUERY_SPREAD,80
2019-06-28 11:32:00.000000000,QUERY_SPREAD,81
2019-06-28 11:32:00.000000000,QUERY_SPREAD,82
2019-06-28 11:32:00.000000000,QUERY_SPREAD,83
2019-06-28 11:32:00.000000000,QUERY_SPREAD,84
2019-06-28 11:32:00.000000000,QUERY_SPREAD,85
2019-06-28 11:32:00.000000000,QUERY_SPREAD,86
2019-06-28 11:32:00.000000000,QUERY_SPREAD,87
2019-06-28 11:32:00.000000000,QUERY_SPREAD,88
2019-06-28 11:32:00.000000000,QUERY_SPREAD,89
2019-06-28 11:32:00.000000000,QUERY_SPREAD,90
2019-06-28 11:32:00.000000000,QUERY_SPREAD,91
2019-06-28 11:32:00.000000000,QUERY_SPREAD,92
2019-06-28 11:32:00.000000000,QUERY_SPREAD,93
2019-06-28 11:32:00.000000000,QUERY_SPREAD,94
2019-06-28 11:32:00.000000000,QUERY_SPREAD,95
2019-06-28 11:32:00.000000000,QUERY_SPREAD,96
2019-06-28 11:32:00.000000000,QUERY_SPREAD,97
2019-06-28 11:32:00.000000000,QUERY_SPREAD,98
2019-06-28 11:32:00.000000000,QUERY_SPREAD,99
2019-06-28 11:32:00.000000000,QUERY_SPREAD,100
2019-06-28 11:32:00.000000000,QUERY_SPREAD,101
2019-06-28 11:32:07.416821361,QUERY_SPREAD,33
2019-06-28 11:32:07.416821361,BEST_BID,"JPM,100635,100"
2019-06-28 11:32:07.416821361,LAST_TRADE,"100,$100741.0000"
2019-06-28 11:32:07.430307273,QUERY_SPREAD,5
2019-06-28 11:32:07.430307273,BEST_BID,"JPM,100635,100"
2019-06-28 11:32:10.000000000,QUERY_SPREAD,1
2019-06-28 11:32:14.508678171,QUERY_SPREAD,36
2019-06-28 11:32:14.508678171,BEST_BID,"JPM,100635,100"
2019-06-28 11:32:17.714214103,QUERY_SPREAD,9
2019-06-28 11:32:17.714214103,BEST_BID,"JPM,100705,100"
2019-06-28 11:32:20.000000000,QUERY_SPREAD,1
2019-06-28 11:32:30.000000000,QUERY_SPREAD,1
2019-06-28 11:32:40.000000000,QUERY_SPREAD,1
2019-06-28 11:32:41.837248116,QUERY_ORDER_STREAM,59
2019-06-28 11:32:41.837248116,QUERY_SPREAD,59
2019-06-28 11:32:45.301165261,QUERY_SPREAD,42
2019-06-28 11:32:45.301165261,BEST_BID,"JPM,100705,100"
2019-06-28 11:32:50.000000000,QUERY_SPREAD,1
2019-06-28 11:32:52.799293714,QUERY_ORDER_STREAM,53
2019-06-28 11:32:52.799293714,QUERY_SPREAD,53
2019-06-28 11:32:52.799293714,BEST_BID,"JPM,100705,100"
2019-06-28 11:32:52.799293714,BEST_ASK,"JPM,100741,100"
2019-06-28 11:32:53.033668389,QUERY_ORDER_STREAM,52
2019-06-28 11:32:53.033668389,QUERY_SPREAD,52
2019-06-28 11:32:53.033668389,BEST_BID,"JPM,100725,100"
2019-06-28 11:32:53.033668389,BEST_ASK,"JPM,100741,100"
2019-06-28 11:33:00.000000000,QUERY_SPREAD,1
2019-06-28 11:33:00.000000000,BEST_BID,"JPM,100725,286"
2019-06-28 11:33:00.000000000,BEST_ASK,"JPM,100741,100"
2019-06-28 11:33:00.000000000,BEST_BID,"JPM,100725,286"
2019-06-28 11:33:00.000000000,BEST_ASK,"JPM,100741,100"
2019-06-28 11:33:00.000000000,BEST_BID,"JPM,100725,286"
2019-06-28 11:33:00.000000000,BEST_ASK,"JPM,100741,286"
2019-06-28 11:33:00.000000000,BEST_BID,"JPM,100725,286"
2019-06-28 11:33:00.000000000,BEST_ASK,"JPM,100741,286"
2019-06-28 11:33:00.000000000,QUERY_SPREAD,77
2019-06-28 11:33:00.000000000,BEST_BID,"JPM,100725,286"
2019-06-28 11:33:00.000000000,BEST_ASK,"JPM,100741,281"
2019-06-28 11:33:00.000000000,LAST_TRADE,"5,$100741.0000"
2019-06-28 11:33:00.000000000,QUERY_SPREAD,78
2019-06-28 11:33:00.000000000,BEST_BID,"JPM,100725,286"
2019-06-28 11:33:00.000000000,BEST_ASK,"JPM,100741,273"
2019-06-28 11:33:00.000000000,LAST_TRADE,"8,$100741.0000"
2019-06-28 11:33:00.000000000,QUERY_SPREAD,79
2019-06-28 11:33:00.000000000,BEST_BID,"JPM,100725,286"
2019-06-28 11:33:00.000000000,BEST_ASK,"JPM,100741,268"
2019-06-28 11:33:00.000000000,LAST_TRADE,"5,$100741.0000"
2019-06-28 11:33:00.000000000,QUERY_SPREAD,80
2019-06-28 11:33:00.000000000,BEST_BID,"JPM,100725,286"
2019-06-28 11:33:00.000000000,BEST_ASK,"JPM,100741,260"
2019-06-28 11:33:00.000000000,LAST_TRADE,"8,$100741.0000"
2019-06-28 11:33:00.000000000,QUERY_SPREAD,81
2019-06-28 11:33:00.000000000,BEST_BID,"JPM,100725,286"
2019-06-28 11:33:00.000000000,BEST_ASK,"JPM,100741,251"
2019-06-28 11:33:00.000000000,LAST_TRADE,"9,$100741.0000"
2019-06-28 11:33:00.000000000,QUERY_SPREAD,82
2019-06-28 11:33:00.000000000,BEST_BID,"JPM,100725,286"
2019-06-28 11:33:00.000000000,BEST_ASK,"JPM,100741,248"
2019-06-28 11:33:00.000000000,LAST_TRADE,"3,$100741.0000"
2019-06-28 11:33:00.000000000,QUERY_SPREAD,83
2019-06-28 11:33:00.000000000,BEST_BID,"JPM,100725,286"
2019-06-28 11:33:00.000000000,BEST_ASK,"JPM,100741,240"
2019-06-28 11:33:00.000000000,LAST_TRADE,"8,$100741.0000"
2019-06-28 11:33:00.000000000,QUERY_SPREAD,84
2019-06-28 11:33:00.000000000,BEST_BID,"JPM,100725,286"
2019-06-28 11:33:00.000000000,BEST_ASK,"JPM,100741,236"
2019-06-28 11:33:00.000000000,LAST_TRADE,"4,$100741.0000"
2019-06-28 11:33:00.000000000,QUERY_SPREAD,85
2019-06-28 11:33:00.000000000,BEST_BID,"JPM,100725,286"
2019-06-28 11:33:00.000000000,BEST_ASK,"JPM,100741,231"
2019-06-28 11:33:00.000000000,LAST_TRADE,"5,$100741.0000"
2019-06-28 11:33:00.000000000,QUERY_SPREAD,86
2019-06-28 11:33:00.000000000,BEST_BID,"JPM,100725,286"
2019-06-28 11:33:00.000000000,BEST_ASK,"JPM,100741,229"
2019-06-28 11:33:00.000000000,LAST_TRADE,"2,$100741.0000"
2019-06-28 11:33:00.000000000,QUERY_SPREAD,87
2019-06-28 11:33:00.000000000,BEST_BID,"JPM,100725,286"
2019-06-28 11:33:00.000000000,BEST_ASK,"JPM,100741,222"
2019-06-28 11:33:00.000000000,LAST_TRADE,"7,$100741.0000"
2019-06-28 11:33:00.000000000,QUERY_SPREAD,88
2019-06-28 11:33:00.000000000,BEST_BID,"JPM,100725,286"
2019-06-28 11:33:00.000000000,BEST_ASK,"JPM,100741,214"
2019-06-28 11:33:00.000000000,LAST_TRADE,"8,$100741.0000"
2019-06-28 11:33:00.000000000,QUERY_SPREAD,89
2019-06-28 11:33:00.000000000,BEST_BID,"JPM,100725,286"
2019-06-28 11:33:00.000000000,BEST_ASK,"JPM,100741,209"
2019-06-28 11:33:00.000000000,LAST_TRADE,"5,$100741.0000"
2019-06-28 11:33:00.000000000,QUERY_SPREAD,90
2019-06-28 11:33:00.000000000,BEST_BID,"JPM,100725,286"
2019-06-28 11:33:00.000000000,BEST_ASK,"JPM,100741,205"
2019-06-28 11:33:00.000000000,LAST_TRADE,"4,$100741.0000"
2019-06-28 11:33:00.000000000,QUERY_SPREAD,91
2019-06-28 11:33:00.000000000,BEST_BID,"JPM,100725,286"
2019-06-28 11:33:00.000000000,BEST_ASK,"JPM,100741,202"
2019-06-28 11:33:00.000000000,LAST_TRADE,"3,$100741.0000"
2019-06-28 11:33:00.000000000,QUERY_SPREAD,92
2019-06-28 11:33:00.000000000,BEST_BID,"JPM,100725,286"
2019-06-28 11:33:00.000000000,BEST_ASK,"JPM,100741,197"
2019-06-28 11:33:00.000000000,LAST_TRADE,"5,$100741.0000"
2019-06-28 11:33:00.000000000,QUERY_SPREAD,93
2019-06-28 11:33:00.000000000,BEST_BID,"JPM,100725,286"
2019-06-28 11:33:00.000000000,BEST_ASK,"JPM,100741,190"
2019-06-28 11:33:00.000000000,LAST_TRADE,"7,$100741.0000"
2019-06-28 11:33:00.000000000,QUERY_SPREAD,94
2019-06-28 11:33:00.000000000,BEST_BID,"JPM,100725,286"
2019-06-28 11:33:00.000000000,BEST_ASK,"JPM,100741,189"
2019-06-28 11:33:00.000000000,LAST_TRADE,"1,$100741.0000"
2019-06-28 11:33:00.000000000,QUERY_SPREAD,95
2019-06-28 11:33:00.000000000,BEST_BID,"JPM,100725,286"
2019-06-28 11:33:00.000000000,BEST_ASK,"JPM,100741,188"
2019-06-28 11:33:00.000000000,LAST_TRADE,"1,$100741.0000"
2019-06-28 11:33:00.000000000,QUERY_SPREAD,96
2019-06-28 11:33:00.000000000,BEST_BID,"JPM,100725,286"
2019-06-28 11:33:00.000000000,BEST_ASK,"JPM,100741,184"
2019-06-28 11:33:00.000000000,LAST_TRADE,"4,$100741.0000"
2019-06-28 11:33:00.000000000,QUERY_SPREAD,97
2019-06-28 11:33:00.000000000,BEST_BID,"JPM,100725,286"
2019-06-28 11:33:00.000000000,BEST_ASK,"JPM,100741,181"
2019-06-28 11:33:00.000000000,LAST_TRADE,"3,$100741.0000"
2019-06-28 11:33:00.000000000,QUERY_SPREAD,98
2019-06-28 11:33:00.000000000,BEST_BID,"JPM,100725,286"
2019-06-28 11:33:00.000000000,BEST_ASK,"JPM,100741,176"
2019-06-28 11:33:00.000000000,LAST_TRADE,"5,$100741.0000"
2019-06-28 11:33:00.000000000,QUERY_SPREAD,99
2019-06-28 11:33:00.000000000,BEST_BID,"JPM,100725,286"
2019-06-28 11:33:00.000000000,BEST_ASK,"JPM,100741,172"
2019-06-28 11:33:00.000000000,LAST_TRADE,"4,$100741.0000"
2019-06-28 11:33:00.000000000,QUERY_SPREAD,100
2019-06-28 11:33:00.000000000,BEST_BID,"JPM,100725,286"
2019-06-28 11:33:00.000000000,BEST_ASK,"JPM,100741,167"
2019-06-28 11:33:00.000000000,LAST_TRADE,"5,$100741.0000"
2019-06-28 11:33:00.000000000,QUERY_SPREAD,101
2019-06-28 11:33:10.000000000,QUERY_SPREAD,1
2019-06-28 11:33:20.000000000,QUERY_SPREAD,1
2019-06-28 11:33:24.140634066,QUERY_SPREAD,21
2019-06-28 11:33:24.140634066,BEST_BID,"JPM,100725,100"
2019-06-28 11:33:25.988469701,QUERY_SPREAD,41
2019-06-28 11:33:25.988469701,BEST_BID,"JPM,100725,100"
2019-06-28 11:33:30.000000000,QUERY_SPREAD,1
2019-06-28 11:33:40.000000000,QUERY_SPREAD,1
2019-06-28 11:33:50.000000000,QUERY_SPREAD,1
2019-06-28 11:34:00.000000000,QUERY_SPREAD,1
2019-06-28 11:34:00.000000000,QUERY_SPREAD,77
2019-06-28 11:34:00.000000000,QUERY_SPREAD,78
2019-06-28 11:34:00.000000000,QUERY_SPREAD,79
2019-06-28 11:34:00.000000000,QUERY_SPREAD,80
2019-06-28 11:34:00.000000000,QUERY_SPREAD,81
2019-06-28 11:34:00.000000000,QUERY_SPREAD,82
2019-06-28 11:34:00.000000000,QUERY_SPREAD,83
2019-06-28 11:34:00.000000000,QUERY_SPREAD,84
2019-06-28 11:34:00.000000000,QUERY_SPREAD,85
2019-06-28 11:34:00.000000000,QUERY_SPREAD,86
2019-06-28 11:34:00.000000000,QUERY_SPREAD,87
2019-06-28 11:34:00.000000000,QUERY_SPREAD,88
2019-06-28 11:34:00.000000000,QUERY_SPREAD,89
2019-06-28 11:34:00.000000000,QUERY_SPREAD,90
2019-06-28 11:34:00.000000000,QUERY_SPREAD,91
2019-06-28 11:34:00.000000000,QUERY_SPREAD,92
2019-06-28 11:34:00.000000000,QUERY_SPREAD,93
2019-06-28 11:34:00.000000000,QUERY_SPREAD,94
2019-06-28 11:34:00.000000000,QUERY_SPREAD,95
2019-06-28 11:34:00.000000000,QUERY_SPREAD,96
2019-06-28 11:34:00.000000000,QUERY_SPREAD,97
2019-06-28 11:34:00.000000000,QUERY_SPREAD,98
2019-06-28 11:34:00.000000000,QUERY_SPREAD,99
2019-06-28 11:34:00.000000000,QUERY_SPREAD,100
2019-06-28 11:34:00.000000000,QUERY_SPREAD,101
2019-06-28 11:34:08.570839896,QUERY_SPREAD,34
2019-06-28 11:34:08.570839896,BEST_BID,"JPM,100705,100"
2019-06-28 11:34:08.570839896,LAST_TRADE,"100,$100725.0000"
2019-06-28 11:34:10.000000000,QUERY_SPREAD,1
2019-06-28 11:34:20.000000000,QUERY_SPREAD,1
2019-06-28 11:34:30.000000000,QUERY_SPREAD,1
2019-06-28 11:34:40.000000000,QUERY_SPREAD,1
2019-06-28 11:34:43.917823420,QUERY_ORDER_STREAM,62
2019-06-28 11:34:43.917823420,QUERY_SPREAD,62
2019-06-28 11:34:50.000000000,QUERY_SPREAD,1
2019-06-28 11:35:00.000000000,QUERY_SPREAD,1
2019-06-28 11:35:00.000000000,QUERY_SPREAD,77
2019-06-28 11:35:00.000000000,QUERY_SPREAD,78
2019-06-28 11:35:00.000000000,QUERY_SPREAD,79
2019-06-28 11:35:00.000000000,QUERY_SPREAD,80
2019-06-28 11:35:00.000000000,QUERY_SPREAD,81
2019-06-28 11:35:00.000000000,QUERY_SPREAD,82
2019-06-28 11:35:00.000000000,QUERY_SPREAD,83
2019-06-28 11:35:00.000000000,QUERY_SPREAD,84
2019-06-28 11:35:00.000000000,QUERY_SPREAD,85
2019-06-28 11:35:00.000000000,QUERY_SPREAD,86
2019-06-28 11:35:00.000000000,QUERY_SPREAD,87
2019-06-28 11:35:00.000000000,QUERY_SPREAD,88
2019-06-28 11:35:00.000000000,QUERY_SPREAD,89
2019-06-28 11:35:00.000000000,QUERY_SPREAD,90
2019-06-28 11:35:00.000000000,QUERY_SPREAD,91
2019-06-28 11:35:00.000000000,QUERY_SPREAD,92
2019-06-28 11:35:00.000000000,QUERY_SPREAD,93
2019-06-28 11:35:00.000000000,QUERY_SPREAD,94
2019-06-28 11:35:00.000000000,QUERY_SPREAD,95
2019-06-28 11:35:00.000000000,QUERY_SPREAD,96
2019-06-28 11:35:00.000000000,QUERY_SPREAD,97
2019-06-28 11:35:00.000000000,QUERY_SPREAD,98
2019-06-28 11:35:00.000000000,QUERY_SPREAD,99
2019-06-28 11:35:00.000000000,QUERY_SPREAD,100
2019-06-28 11:35:00.000000000,QUERY_SPREAD,101
2019-06-28 11:35:07.343676497,QUERY_SPREAD,4
2019-06-28 11:35:07.343676497,BEST_BID,"JPM,100705,100"
2019-06-28 11:35:10.000000000,QUERY_SPREAD,1
2019-06-28 11:35:17.061075210,QUERY_SPREAD,22
2019-06-28 11:35:17.061075210,BEST_BID,"JPM,100705,100"
2019-06-28 11:35:17.723874763,QUERY_SPREAD,23
2019-06-28 11:35:17.723874763,BEST_BID,"JPM,100635,100"
2019-06-28 11:35:17.723874763,LAST_TRADE,"100,$100705.0000"
2019-06-28 11:35:20.000000000,QUERY_SPREAD,1
2019-06-28 11:35:22.499931935,QUERY_SPREAD,13
2019-06-28 11:35:22.499931935,BEST_BID,"JPM,100635,100"
2019-06-28 11:35:30.000000000,QUERY_SPREAD,1
2019-06-28 11:35:31.116584541,QUERY_SPREAD,4
2019-06-28 11:35:31.116584541,BEST_BID,"JPM,100618,100"
2019-06-28 11:35:31.116584541,LAST_TRADE,"100,$100635.0000"
2019-06-28 11:35:35.963395810,QUERY_SPREAD,13
2019-06-28 11:35:35.963395810,BEST_BID,"JPM,100618,100"
2019-06-28 11:35:40.000000000,QUERY_SPREAD,1
2019-06-28 11:35:50.000000000,QUERY_SPREAD,1
2019-06-28 11:35:53.333089376,QUERY_SPREAD,40
2019-06-28 11:35:53.333089376,BEST_BID,"JPM,100598,100"
2019-06-28 11:35:53.333089376,LAST_TRADE,"100,$100618.0000"
2019-06-28 11:36:00.000000000,QUERY_SPREAD,1
2019-06-28 11:36:00.000000000,QUERY_SPREAD,77
2019-06-28 11:36:00.000000000,QUERY_SPREAD,78
2019-06-28 11:36:00.000000000,QUERY_SPREAD,79
2019-06-28 11:36:00.000000000,QUERY_SPREAD,80
2019-06-28 11:36:00.000000000,QUERY_SPREAD,81
2019-06-28 11:36:00.000000000,QUERY_SPREAD,82
2019-06-28 11:36:00.000000000,QUERY_SPREAD,83
2019-06-28 11:36:00.000000000,QUERY_SPREAD,84
2019-06-28 11:36:00.000000000,QUERY_SPREAD,85
2019-06-28 11:36:00.000000000,QUERY_SPREAD,86
2019-06-28 11:36:00.000000000,QUERY_SPREAD,87
2019-06-28 11:36:00.000000000,QUERY_SPREAD,88
2019-06-28 11:36:00.000000000,QUERY_SPREAD,89
2019-06-28 11:36:00.000000000,QUERY_SPREAD,90
2019-06-28 11:36:00.000000000,QUERY_SPREAD,91
2019-06-28 11:36:00.000000000,QUERY_SPREAD,92
2019-06-28 11:36:00.000000000,QUERY_SPREAD,93
2019-06-28 11:36:00.000000000,QUERY_SPREAD,94
2019-06-28 11:36:00.000000000,QUERY_SPREAD,95
2019-06-28 11:36:00.000000000,QUERY_SPREAD,96
2019-06-28 11:36:00.000000000,QUERY_SPREAD,97
2019-06-28 11:36:00.000000000,QUERY_SPREAD,98
2019-06-28 11:36:00.000000000,QUERY_SPREAD,99
2019-06-28 11:36:00.000000000,QUERY_SPREAD,100
2019-06-28 11:36:00.000000000,QUERY_SPREAD,101
2019-06-28 11:36:10.000000000,QUERY_SPREAD,1
2019-06-28 11:36:19.609237029,QUERY_SPREAD,36
2019-06-28 11:36:19.609237029,BEST_BID,"JPM,100560,100"
2019-06-28 11:36:19.609237029,LAST_TRADE,"100,$100596.0000"
2019-06-28 11:36:20.000000000,QUERY_SPREAD,1
2019-06-28 11:36:21.470432651,QUERY_SPREAD,42
2019-06-28 11:36:21.470432651,BEST_BID,"JPM,100560,100"
2019-06-28 11:36:30.000000000,QUERY_SPREAD,1
2019-06-28 11:36:37.776465263,QUERY_ORDER_STREAM,56
2019-06-28 11:36:37.776465263,QUERY_SPREAD,56
2019-06-28 11:36:40.000000000,QUERY_SPREAD,1
2019-06-28 11:36:50.000000000,QUERY_SPREAD,1
2019-06-28 11:37:00.000000000,QUERY_SPREAD,1
2019-06-28 11:37:00.000000000,QUERY_SPREAD,77
2019-06-28 11:37:00.000000000,QUERY_SPREAD,78
2019-06-28 11:37:00.000000000,QUERY_SPREAD,79
2019-06-28 11:37:00.000000000,QUERY_SPREAD,80
2019-06-28 11:37:00.000000000,QUERY_SPREAD,81
2019-06-28 11:37:00.000000000,QUERY_SPREAD,82
2019-06-28 11:37:00.000000000,QUERY_SPREAD,83
2019-06-28 11:37:00.000000000,QUERY_SPREAD,84
2019-06-28 11:37:00.000000000,QUERY_SPREAD,85
2019-06-28 11:37:00.000000000,QUERY_SPREAD,86
2019-06-28 11:37:00.000000000,QUERY_SPREAD,87
2019-06-28 11:37:00.000000000,QUERY_SPREAD,88
2019-06-28 11:37:00.000000000,QUERY_SPREAD,89
2019-06-28 11:37:00.000000000,QUERY_SPREAD,90
2019-06-28 11:37:00.000000000,QUERY_SPREAD,91
2019-06-28 11:37:00.000000000,QUERY_SPREAD,92
2019-06-28 11:37:00.000000000,QUERY_SPREAD,93
2019-06-28 11:37:00.000000000,QUERY_SPREAD,94
2019-06-28 11:37:00.000000000,QUERY_SPREAD,95
2019-06-28 11:37:00.000000000,QUERY_SPREAD,96
2019-06-28 11:37:00.000000000,QUERY_SPREAD,97
2019-06-28 11:37:00.000000000,QUERY_SPREAD,98
2019-06-28 11:37:00.000000000,QUERY_SPREAD,99
2019-06-28 11:37:00.000000000,QUERY_SPREAD,100
2019-06-28 11:37:00.000000000,QUERY_SPREAD,101
2019-06-28 11:37:10.000000000,QUERY_SPREAD,1
2019-06-28 11:37:11.102986185,QUERY_ORDER_STREAM,66
2019-06-28 11:37:11.102986185,QUERY_SPREAD,66
2019-06-28 11:37:19.039099982,QUERY_SPREAD,5
2019-06-28 11:37:19.039099982,BEST_BID,"JPM,100560,100"
2019-06-28 11:37:20.000000000,QUERY_SPREAD,1
2019-06-28 11:37:30.000000000,QUERY_SPREAD,1
2019-06-28 11:37:40.000000000,QUERY_SPREAD,1
2019-06-28 11:37:50.000000000,QUERY_SPREAD,1
2019-06-28 11:37:57.680054860,QUERY_ORDER_STREAM,57
2019-06-28 11:37:57.680054860,QUERY_SPREAD,57
2019-06-28 11:37:59.846452633,QUERY_SPREAD,8
2019-06-28 11:37:59.846452633,BEST_BID,"JPM,100524,100"
2019-06-28 11:37:59.846452633,LAST_TRADE,"100,$100560.0000"
2019-06-28 11:38:00.000000000,QUERY_SPREAD,1
2019-06-28 11:38:00.000000000,QUERY_SPREAD,77
2019-06-28 11:38:00.000000000,QUERY_SPREAD,78
2019-06-28 11:38:00.000000000,QUERY_SPREAD,79
2019-06-28 11:38:00.000000000,QUERY_SPREAD,80
2019-06-28 11:38:00.000000000,QUERY_SPREAD,81
2019-06-28 11:38:00.000000000,QUERY_SPREAD,82
2019-06-28 11:38:00.000000000,QUERY_SPREAD,83
2019-06-28 11:38:00.000000000,QUERY_SPREAD,84
2019-06-28 11:38:00.000000000,QUERY_SPREAD,85
2019-06-28 11:38:00.000000000,QUERY_SPREAD,86
2019-06-28 11:38:00.000000000,QUERY_SPREAD,87
2019-06-28 11:38:00.000000000,QUERY_SPREAD,88
2019-06-28 11:38:00.000000000,QUERY_SPREAD,89
2019-06-28 11:38:00.000000000,QUERY_SPREAD,90
2019-06-28 11:38:00.000000000,QUERY_SPREAD,91
2019-06-28 11:38:00.000000000,QUERY_SPREAD,92
2019-06-28 11:38:00.000000000,QUERY_SPREAD,93
2019-06-28 11:38:00.000000000,QUERY_SPREAD,94
2019-06-28 11:38:00.000000000,QUERY_SPREAD,95
2019-06-28 11:38:00.000000000,QUERY_SPREAD,96
2019-06-28 11:38:00.000000000,QUERY_SPREAD,97
2019-06-28 11:38:00.000000000,QUERY_SPREAD,98
2019-06-28 11:38:00.000000000,QUERY_SPREAD,99
2019-06-28 11:38:00.000000000,QUERY_SPREAD,100
2019-06-28 11:38:00.000000000,QUERY_SPREAD,101
2019-06-28 11:38:10.000000000,QUERY_SPREAD,1
2019-06-28 11:38:20.000000000,QUERY_SPREAD,1
2019-06-28 11:38:22.665035171,QUERY_ORDER_STREAM,75
2019-06-28 11:38:22.665035171,QUERY_SPREAD,75
2019-06-28 11:38:22.665035171,BEST_BID,"JPM,100524,100"
2019-06-28 11:38:22.665035171,BEST_ASK,"JPM,100596,100"
2019-06-28 11:38:30.000000000,QUERY_SPREAD,1
2019-06-28 11:38:30.000000000,BEST_BID,"JPM,100524,193"
2019-06-28 11:38:30.000000000,BEST_ASK,"JPM,100596,100"
2019-06-28 11:38:30.000000000,BEST_BID,"JPM,100524,193"
2019-06-28 11:38:30.000000000,BEST_ASK,"JPM,100596,100"
2019-06-28 11:38:30.000000000,BEST_BID,"JPM,100524,193"
2019-06-28 11:38:30.000000000,BEST_ASK,"JPM,100596,100"
2019-06-28 11:38:30.000000000,BEST_BID,"JPM,100524,193"
2019-06-28 11:38:30.000000000,BEST_ASK,"JPM,100596,100"
2019-06-28 11:38:30.000000000,BEST_BID,"JPM,100524,193"
2019-06-28 11:38:30.000000000,BEST_ASK,"JPM,100596,193"
2019-06-28 11:38:30.000000000,BEST_BID,"JPM,100524,193"
2019-06-28 11:38:30.000000000,BEST_ASK,"JPM,100596,193"
2019-06-28 11:38:37.379462577,QUERY_SPREAD,30
2019-06-28 11:38:37.379462577,BEST_BID,"JPM,100524,193"
2019-06-28 11:38:37.379462577,BEST_ASK,"JPM,100596,193"
2019-06-28 11:38:40.000000000,QUERY_SPREAD,1
2019-06-28 11:38:40.000000000,BEST_BID,"JPM,100524,286"
2019-06-28 11:38:40.000000000,BEST_ASK,"JPM,100596,100"
2019-06-28 11:38:40.000000000,BEST_BID,"JPM,100524,286"
2019-06-28 11:38:40.000000000,BEST_ASK,"JPM,100596,100"
2019-06-28 11:38:40.000000000,BEST_BID,"JPM,100524,286"
2019-06-28 11:38:40.000000000,BEST_ASK,"JPM,100596,286"
2019-06-28 11:38:40.000000000,BEST_BID,"JPM,100524,286"
2019-06-28 11:38:40.000000000,BEST_ASK,"JPM,100596,286"
2019-06-28 11:38:50.000000000,QUERY_SPREAD,1
2019-06-28 11:38:50.000000000,BEST_BID,"JPM,100524,471"
2019-06-28 11:38:50.000000000,BEST_ASK,"JPM,100596,100"
2019-06-28 11:38:50.000000000,BEST_BID,"JPM,100524,471"
2019-06-28 11:38:50.000000000,BEST_ASK,"JPM,100596,471"
2019-06-28 11:39:00.000000000,QUERY_SPREAD,1
2019-06-28 11:39:00.000000000,BEST_BID,"JPM,100524,286"
2019-06-28 11:39:00.000000000,BEST_ASK,"JPM,100596,100"
2019-06-28 11:39:00.000000000,BEST_BID,"JPM,100524,286"
2019-06-28 11:39:00.000000000,BEST_ASK,"JPM,100596,100"
2019-06-28 11:39:00.000000000,BEST_BID,"JPM,100524,286"
2019-06-28 11:39:00.000000000,BEST_ASK,"JPM,100596,286"
2019-06-28 11:39:00.000000000,BEST_BID,"JPM,100524,286"
2019-06-28 11:39:00.000000000,BEST_ASK,"JPM,100596,286"
2019-06-28 11:39:00.000000000,QUERY_SPREAD,77
2019-06-28 11:39:00.000000000,BEST_BID,"JPM,100524,286"
2019-06-28 11:39:00.000000000,BEST_ASK,"JPM,100596,281"
2019-06-28 11:39:00.000000000,LAST_TRADE,"5,$100596.0000"
2019-06-28 11:39:00.000000000,QUERY_SPREAD,78
2019-06-28 11:39:00.000000000,BEST_BID,"JPM,100524,286"
2019-06-28 11:39:00.000000000,BEST_ASK,"JPM,100596,273"
2019-06-28 11:39:00.000000000,LAST_TRADE,"8,$100596.0000"
2019-06-28 11:39:00.000000000,QUERY_SPREAD,79
2019-06-28 11:39:00.000000000,BEST_BID,"JPM,100524,286"
2019-06-28 11:39:00.000000000,BEST_ASK,"JPM,100596,268"
2019-06-28 11:39:00.000000000,LAST_TRADE,"5,$100596.0000"
2019-06-28 11:39:00.000000000,QUERY_SPREAD,80
2019-06-28 11:39:00.000000000,BEST_BID,"JPM,100524,286"
2019-06-28 11:39:00.000000000,BEST_ASK,"JPM,100596,260"
2019-06-28 11:39:00.000000000,LAST_TRADE,"8,$100596.0000"
2019-06-28 11:39:00.000000000,QUERY_SPREAD,81
2019-06-28 11:39:00.000000000,BEST_BID,"JPM,100524,286"
2019-06-28 11:39:00.000000000,BEST_ASK,"JPM,100596,251"
2019-06-28 11:39:00.000000000,LAST_TRADE,"9,$100596.0000"
2019-06-28 11:39:00.000000000,QUERY_SPREAD,82
2019-06-28 11:39:00.000000000,BEST_BID,"JPM,100524,286"
2019-06-28 11:39:00.000000000,BEST_ASK,"JPM,100596,248"
2019-06-28 11:39:00.000000000,LAST_TRADE,"3,$100596.0000"
2019-06-28 11:39:00.000000000,QUERY_SPREAD,83
2019-06-28 11:39:00.000000000,BEST_BID,"JPM,100524,286"
2019-06-28 11:39:00.000000000,BEST_ASK,"JPM,100596,240"
2019-06-28 11:39:00.000000000,LAST_TRADE,"8,$100596.0000"
2019-06-28 11:39:00.000000000,QUERY_SPREAD,84
2019-06-28 11:39:00.000000000,BEST_BID,"JPM,100524,286"
2019-06-28 11:39:00.000000000,BEST_ASK,"JPM,100596,236"
2019-06-28 11:39:00.000000000,LAST_TRADE,"4,$100596.0000"
2019-06-28 11:39:00.000000000,QUERY_SPREAD,85
2019-06-28 11:39:00.000000000,BEST_BID,"JPM,100524,286"
2019-06-28 11:39:00.000000000,BEST_ASK,"JPM,100596,231"
2019-06-28 11:39:00.000000000,LAST_TRADE,"5,$100596.0000"
2019-06-28 11:39:00.000000000,QUERY_SPREAD,86
2019-06-28 11:39:00.000000000,BEST_BID,"JPM,100524,286"
2019-06-28 11:39:00.000000000,BEST_ASK,"JPM,100596,229"
2019-06-28 11:39:00.000000000,LAST_TRADE,"2,$100596.0000"
2019-06-28 11:39:00.000000000,QUERY_SPREAD,87
2019-06-28 11:39:00.000000000,BEST_BID,"JPM,100524,286"
2019-06-28 11:39:00.000000000,BEST_ASK,"JPM,100596,222"
2019-06-28 11:39:00.000000000,LAST_TRADE,"7,$100596.0000"
2019-06-28 11:39:00.000000000,QUERY_SPREAD,88
2019-06-28 11:39:00.000000000,BEST_BID,"JPM,100524,286"
2019-06-28 11:39:00.000000000,BEST_ASK,"JPM,100596,214"
2019-06-28 11:39:00.000000000,LAST_TRADE,"8,$100596.0000"
2019-06-28 11:39:00.000000000,QUERY_SPREAD,89
2019-06-28 11:39:00.000000000,BEST_BID,"JPM,100524,286"
2019-06-28 11:39:00.000000000,BEST_ASK,"JPM,100596,209"
2019-06-28 11:39:00.000000000,LAST_TRADE,"5,$100596.0000"
2019-06-28 11:39:00.000000000,QUERY_SPREAD,90
2019-06-28 11:39:00.000000000,BEST_BID,"JPM,100524,286"
2019-06-28 11:39:00.000000000,BEST_ASK,"JPM,100596,205"
2019-06-28 11:39:00.000000000,LAST_TRADE,"4,$100596.0000"
2019-06-28 11:39:00.000000000,QUERY_SPREAD,91
2019-06-28 11:39:00.000000000,BEST_BID,"JPM,100524,286"
2019-06-28 11:39:00.000000000,BEST_ASK,"JPM,100596,202"
2019-06-28 11:39:00.000000000,LAST_TRADE,"3,$100596.0000"
2019-06-28 11:39:00.000000000,QUERY_SPREAD,92
2019-06-28 11:39:00.000000000,BEST_BID,"JPM,100524,286"
2019-06-28 11:39:00.000000000,BEST_ASK,"JPM,100596,197"
2019-06-28 11:39:00.000000000,LAST_TRADE,"5,$100596.0000"
2019-06-28 11:39:00.000000000,QUERY_SPREAD,93
2019-06-28 11:39:00.000000000,BEST_BID,"JPM,100524,286"
2019-06-28 11:39:00.000000000,BEST_ASK,"JPM,100596,190"
2019-06-28 11:39:00.000000000,LAST_TRADE,"7,$100596.0000"
2019-06-28 11:39:00.000000000,QUERY_SPREAD,94
2019-06-28 11:39:00.000000000,BEST_BID,"JPM,100524,286"
2019-06-28 11:39:00.000000000,BEST_ASK,"JPM,100596,189"
2019-06-28 11:39:00.000000000,LAST_TRADE,"1,$100596.0000"
2019-06-28 11:39:00.000000000,QUERY_SPREAD,95
2019-06-28 11:39:00.000000000,BEST_BID,"JPM,100524,286"
2019-06-28 11:39:00.000000000,BEST_ASK,"JPM,100596,188"
2019-06-28 11:39:00.000000000,LAST_TRADE,"1,$100596.0000"
2019-06-28 11:39:00.000000000,QUERY_SPREAD,96
2019-06-28 11:39:00.000000000,BEST_BID,"JPM,100524,286"
2019-06-28 11:39:00.000000000,BEST_ASK,"JPM,100596,184"
2019-06-28 11:39:00.000000000,LAST_TRADE,"4,$100596.0000"
2019-06-28 11:39:00.000000000,QUERY_SPREAD,97
2019-06-28 11:39:00.000000000,BEST_BID,"JPM,100524,286"
2019-06-28 11:39:00.000000000,BEST_ASK,"JPM,100596,181"
2019-06-28 11:39:00.000000000,LAST_TRADE,"3,$100596.0000"
2019-06-28 11:39:00.000000000,QUERY_SPREAD,98
2019-06-28 11:39:00.000000000,BEST_BID,"JPM,100524,286"
2019-06-28 11:39:00.000000000,BEST_ASK,"JPM,100596,176"
2019-06-28 11:39:00.000000000,LAST_TRADE,"5,$100596.0000"
2019-06-28 11:39:00.000000000,QUERY_SPREAD,99
2019-06-28 11:39:00.000000000,BEST_BID,"JPM,100524,286"
2019-06-28 11:39:00.000000000,BEST_ASK,"JPM,100596,172"
2019-06-28 11:39:00.000000000,LAST_TRADE,"4,$100596.0000"
2019-06-28 11:39:00.000000000,QUERY_SPREAD,100
2019-06-28 11:39:00.000000000,BEST_BID,"JPM,100524,286"
2019-06-28 11:39:00.000000000,BEST_ASK,"JPM,100596,167"
2019-06-28 11:39:00.000000000,LAST_TRADE,"5,$100596.0000"
2019-06-28 11:39:00.000000000,QUERY_SPREAD,101
2019-06-28 11:39:03.309544843,QUERY_ORDER_STREAM,75
2019-06-28 11:39:03.309544843,QUERY_SPREAD,75
2019-06-28 11:39:03.309544843,BEST_BID,"JPM,100524,286"
2019-06-28 11:39:03.309544843,BEST_ASK,"JPM,100596,267"
2019-06-28 11:39:10.000000000,QUERY_SPREAD,1
2019-06-28 11:39:10.000000000,BEST_BID,"JPM,100524,286"
2019-06-28 11:39:10.000000000,BEST_ASK,"JPM,100596,100"
2019-06-28 11:39:10.000000000,BEST_BID,"JPM,100524,286"
2019-06-28 11:39:10.000000000,BEST_ASK,"JPM,100596,100"
2019-06-28 11:39:10.000000000,BEST_BID,"JPM,100524,286"
2019-06-28 11:39:10.000000000,BEST_ASK,"JPM,100596,286"
2019-06-28 11:39:10.000000000,BEST_BID,"JPM,100524,286"
2019-06-28 11:39:10.000000000,BEST_ASK,"JPM,100596,286"
2019-06-28 11:39:20.000000000,QUERY_SPREAD,1
2019-06-28 11:39:20.000000000,BEST_BID,"JPM,100524,193"
2019-06-28 11:39:20.000000000,BEST_ASK,"JPM,100596,100"
2019-06-28 11:39:20.000000000,BEST_BID,"JPM,100524,193"
2019-06-28 11:39:20.000000000,BEST_ASK,"JPM,100596,100"
2019-06-28 11:39:20.000000000,BEST_BID,"JPM,100524,193"
2019-06-28 11:39:20.000000000,BEST_ASK,"JPM,100596,100"
2019-06-28 11:39:20.000000000,BEST_BID,"JPM,100524,193"
2019-06-28 11:39:20.000000000,BEST_ASK,"JPM,100596,100"
2019-06-28 11:39:20.000000000,BEST_BID,"JPM,100524,193"
2019-06-28 11:39:20.000000000,BEST_ASK,"JPM,100596,193"
2019-06-28 11:39:20.000000000,BEST_BID,"JPM,100524,193"
2019-06-28 11:39:20.000000000,BEST_ASK,"JPM,100596,193"
2019-06-28 11:39:20.000000000,BEST_BID,"JPM,100524,193"
2019-06-28 11:39:20.000000000,BEST_ASK,"JPM,100596,193"
2019-06-28 11:39:29.852920440,QUERY_SPREAD,41
2019-06-28 11:39:29.852920440,BEST_BID,"JPM,100524,193"
2019-06-28 11:39:29.852920440,BEST_ASK,"JPM,100596,193"
2019-06-28 11:39:30.000000000,QUERY_SPREAD,1
2019-06-28 11:39:30.000000000,BEST_BID,"JPM,100524,471"
2019-06-28 11:39:30.000000000,BEST_ASK,"JPM,100596,100"
2019-06-28 11:39:30.000000000,BEST_BID,"JPM,100524,471"
2019-06-28 11:39:30.000000000,BEST_ASK,"JPM,100596,471"
2019-06-28 11:39:31.263367523,QUERY_SPREAD,3
2019-06-28 11:39:31.263367523,BEST_BID,"JPM,100524,471"
2019-06-28 11:39:31.263367523,BEST_ASK,"JPM,100596,471"
2019-06-28 11:39:40.000000000,QUERY_SPREAD,1
2019-06-28 11:39:40.000000000,BEST_BID,"JPM,100524,174"
2019-06-28 11:39:40.000000000,BEST_ASK,"JPM,100596,100"
2019-06-28 11:39:40.000000000,BEST_BID,"JPM,100524,174"
2019-06-28 11:39:40.000000000,BEST_ASK,"JPM,100596,100"
2019-06-28 11:39:40.000000000,BEST_BID,"JPM,100524,174"
2019-06-28 11:39:40.000000000,BEST_ASK,"JPM,100596,100"
2019-06-28 11:39:40.000000000,BEST_BID,"JPM,100524,174"
2019-06-28 11:39:40.000000000,BEST_ASK,"JPM,100596,100"
2019-06-28 11:39:40.000000000,BEST_BID,"JPM,100524,174"
2019-06-28 11:39:40.000000000,BEST_ASK,"JPM,100596,100"
2019-06-28 11:39:40.000000000,BEST_BID,"JPM,100524,174"
2019-06-28 11:39:40.000000000,BEST_ASK,"JPM,100596,174"
2019-06-28 11:39:40.000000000,BEST_BID,"JPM,100524,174"
2019-06-28 11:39:40.000000000,BEST_ASK,"JPM,100596,174"
2019-06-28 11:39:40.000000000,BEST_BID,"JPM,100524,174"
2019-06-28 11:39:40.000000000,BEST_ASK,"JPM,100596,174"
2019-06-28 11:39:50.000000000,QUERY_SPREAD,1
2019-06-28 11:39:50.000000000,BEST_BID,"JPM,100524,226"
2019-06-28 11:39:50.000000000,BEST_ASK,"JPM,100596,100"
2019-06-28 11:39:50.000000000,BEST_BID,"JPM,100524,226"
2019-06-28 11:39:50.000000000,BEST_ASK,"JPM,100596,100"
2019-06-28 11:39:50.000000000,BEST_BID,"JPM,100524,226"
2019-06-28 11:39:50.000000000,BEST_ASK,"JPM,100596,100"
2019-06-28 11:39:50.000000000,BEST_BID,"JPM,100524,226"
2019-06-28 11:39:50.000000000,BEST_ASK,"JPM,100596,226"
2019-06-28 11:39:50.000000000,BEST_BID,"JPM,100524,226"
2019-06-28 11:39:50.000000000,BEST_ASK,"JPM,100596,226"
2019-06-28 11:39:50.000000000,BEST_BID,"JPM,100524,226"
2019-06-28 11:39:50.000000000,BEST_ASK,"JPM,100596,226"
2019-06-28 11:39:52.191044249,QUERY_ORDER_STREAM,64
2019-06-28 11:39:52.191044249,QUERY_SPREAD,64
2019-06-28 11:39:54.062518570,QUERY_SPREAD,49
2019-06-28 11:39:54.062518570,BEST_BID,"JPM,100524,226"
2019-06-28 11:39:54.062518570,BEST_ASK,"JPM,100596,226"
2019-06-28 11:40:00.000000000,QUERY_SPREAD,1
2019-06-28 11:40:00.000000000,BEST_BID,"JPM,100524,193"
2019-06-28 11:40:00.000000000,BEST_ASK,"JPM,100596,100"
2019-06-28 11:40:00.000000000,BEST_BID,"JPM,100524,193"
2019-06-28 11:40:00.000000000,BEST_ASK,"JPM,100596,100"
2019-06-28 11:40:00.000000000,BEST_BID,"JPM,100524,193"
2019-06-28 11:40:00.000000000,BEST_ASK,"JPM,100596,100"
2019-06-28 11:40:00.000000000,BEST_BID,"JPM,100524,193"
2019-06-28 11:40:00.000000000,BEST_ASK,"JPM,100596,100"
2019-06-28 11:40:00.000000000,BEST_BID,"JPM,100524,193"
2019-06-28 11:40:00.000000000,BEST_ASK,"JPM,100596,193"
2019-06-28 11:40:00.000000000,BEST_BID,"JPM,100524,193"
2019-06-28 11:40:00.000000000,BEST_ASK,"JPM,100596,193"
2019-06-28 11:40:00.000000000,BEST_BID,"JPM,100524,193"
2019-06-28 11:40:00.000000000,BEST_ASK,"JPM,100596,193"
2019-06-28 11:40:00.000000000,QUERY_SPREAD,77
2019-06-28 11:40:00.000000000,BEST_BID,"JPM,100524,193"
2019-06-28 11:40:00.000000000,BEST_ASK,"JPM,100596,188"
2019-06-28 11:40:00.000000000,LAST_TRADE,"5,$100596.0000"
2019-06-28 11:40:00.000000000,QUERY_SPREAD,78
2019-06-28 11:40:00.000000000,BEST_BID,"JPM,100524,193"
2019-06-28 11:40:00.000000000,BEST_ASK,"JPM,100596,180"
2019-06-28 11:40:00.000000000,LAST_TRADE,"8,$100596.0000"
2019-06-28 11:40:00.000000000,QUERY_SPREAD,79
2019-06-28 11:40:00.000000000,BEST_BID,"JPM,100524,193"
2019-06-28 11:40:00.000000000,BEST_ASK,"JPM,100596,175"
2019-06-28 11:40:00.000000000,LAST_TRADE,"5,$100596.0000"
2019-06-28 11:40:00.000000000,QUERY_SPREAD,80
2019-06-28 11:40:00.000000000,BEST_BID,"JPM,100524,193"
2019-06-28 11:40:00.000000000,BEST_ASK,"JPM,100596,167"
2019-06-28 11:40:00.000000000,LAST_TRADE,"8,$100596.0000"
2019-06-28 11:40:00.000000000,QUERY_SPREAD,81
2019-06-28 11:40:00.000000000,BEST_BID,"JPM,100524,193"
2019-06-28 11:40:00.000000000,BEST_ASK,"JPM,100596,158"
2019-06-28 11:40:00.000000000,LAST_TRADE,"9,$100596.0000"
2019-06-28 11:40:00.000000000,QUERY_SPREAD,82
2019-06-28 11:40:00.000000000,BEST_BID,"JPM,100524,193"
2019-06-28 11:40:00.000000000,BEST_ASK,"JPM,100596,155"
2019-06-28 11:40:00.000000000,LAST_TRADE,"3,$100596.0000"
2019-06-28 11:40:00.000000000,QUERY_SPREAD,83
2019-06-28 11:40:00.000000000,BEST_BID,"JPM,100524,193"
2019-06-28 11:40:00.000000000,BEST_ASK,"JPM,100596,147"
2019-06-28 11:40:00.000000000,LAST_TRADE,"8,$100596.0000"
2019-06-28 11:40:00.000000000,QUERY_SPREAD,84
2019-06-28 11:40:00.000000000,BEST_BID,"JPM,100524,193"
2019-06-28 11:40:00.000000000,BEST_ASK,"JPM,100596,143"
2019-06-28 11:40:00.000000000,LAST_TRADE,"4,$100596.0000"
2019-06-28 11:40:00.000000000,QUERY_SPREAD,85
2019-06-28 11:40:00.000000000,BEST_BID,"JPM,100524,193"
2019-06-28 11:40:00.000000000,BEST_ASK,"JPM,100596,138"
2019-06-28 11:40:00.000000000,LAST_TRADE,"5,$100596.0000"
2019-06-28 11:40:00.000000000,QUERY_SPREAD,86
2019-06-28 11:40:00.000000000,BEST_BID,"JPM,100524,193"
2019-06-28 11:40:00.000000000,BEST_ASK,"JPM,100596,136"
2019-06-28 11:40:00.000000000,LAST_TRADE,"2,$100596.0000"
2019-06-28 11:40:00.000000000,QUERY_SPREAD,87
2019-06-28 11:40:00.000000000,BEST_BID,"JPM,100524,193"
2019-06-28 11:40:00.000000000,BEST_ASK,"JPM,100596,129"
2019-06-28 11:40:00.000000000,LAST_TRADE,"7,$100596.0000"
2019-06-28 11:40:00.000000000,QUERY_SPREAD,88
2019-06-28 11:40:00.000000000,BEST_BID,"JPM,100524,193"
2019-06-28 11:40:00.000000000,BEST_ASK,"JPM,100596,121"
2019-06-28 11:40:00.000000000,LAST_TRADE,"8,$100596.0000"
2019-06-28 11:40:00.000000000,QUERY_SPREAD,89
2019-06-28 11:40:00.000000000,BEST_BID,"JPM,100524,193"
2019-06-28 11:40:00.000000000,BEST_ASK,"JPM,100596,116"
2019-06-28 11:40:00.000000000,LAST_TRADE,"5,$100596.0000"
2019-06-28 11:40:00.000000000,QUERY_SPREAD,90
2019-06-28 11:40:00.000000000,BEST_BID,"JPM,100524,193"
2019-06-28 11:40:00.000000000,BEST_ASK,"JPM,100596,112"
2019-06-28 11:40:00.000000000,LAST_TRADE,"4,$100596.0000"
2019-06-28 11:40:00.000000000,QUERY_SPREAD,91
2019-06-28 11:40:00.000000000,BEST_BID,"JPM,100524,193"
2019-06-28 11:40:00.000000000,BEST_ASK,"JPM,100596,109"
2019-06-28 11:40:00.000000000,LAST_TRADE,"3,$100596.0000"
2019-06-28 11:40:00.000000000,QUERY_SPREAD,92
2019-06-28 11:40:00.000000000,BEST_BID,"JPM,100524,193"
2019-06-28 11:40:00.000000000,BEST_ASK,"JPM,100596,104"
2019-06-28 11:40:00.000000000,LAST_TRADE,"5,$100596.0000"
2019-06-28 11:40:00.000000000,QUERY_SPREAD,93
2019-06-28 11:40:00.000000000,BEST_BID,"JPM,100524,193"
2019-06-28 11:40:00.000000000,BEST_ASK,"JPM,100596,97"
2019-06-28 11:40:00.000000000,LAST_TRADE,"7,$100596.0000"
2019-06-28 11:40:00.000000000,QUERY_SPREAD,94
2019-06-28 11:40:00.000000000,BEST_BID,"JPM,100524,193"
2019-06-28 11:40:00.000000000,BEST_ASK,"JPM,100596,96"
2019-06-28 11:40:00.000000000,LAST_TRADE,"1,$100596.0000"
2019-06-28 11:40:00.000000000,QUERY_SPREAD,95
2019-06-28 11:40:00.000000000,BEST_BID,"JPM,100524,193"
2019-06-28 11:40:00.000000000,BEST_ASK,"JPM,100596,95"
2019-06-28 11:40:00.000000000,LAST_TRADE,"1,$100596.0000"
2019-06-28 11:40:00.000000000,QUERY_SPREAD,96
2019-06-28 11:40:00.000000000,BEST_BID,"JPM,100524,193"
2019-06-28 11:40:00.000000000,BEST_ASK,"JPM,100596,91"
2019-06-28 11:40:00.000000000,LAST_TRADE,"4,$100596.0000"
2019-06-28 11:40:00.000000000,QUERY_SPREAD,97
2019-06-28 11:40:00.000000000,BEST_BID,"JPM,100524,193"
2019-06-28 11:40:00.000000000,BEST_ASK,"JPM,100596,88"
2019-06-28 11:40:00.000000000,LAST_TRADE,"3,$100596.0000"
2019-06-28 11:40:00.000000000,QUERY_SPREAD,98
2019-06-28 11:40:00.000000000,BEST_BID,"JPM,100524,193"
2019-06-28 11:40:00.000000000,BEST_ASK,"JPM,100596,83"
2019-06-28 11:40:00.000000000,LAST_TRADE,"5,$100596.0000"
2019-06-28 11:40:00.000000000,QUERY_SPREAD,99
2019-06-28 11:40:00.000000000,BEST_BID,"JPM,100524,193"
2019-06-28 11:40:00.000000000,BEST_ASK,"JPM,100596,79"
2019-06-28 11:40:00.000000000,LAST_TRADE,"4,$100596.0000"
2019-06-28 11:40:00.000000000,QUERY_SPREAD,100
2019-06-28 11:40:00.000000000,BEST_BID,"JPM,100524,193"
2019-06-28 11:40:00.000000000,BEST_ASK,"JPM,100596,74"
2019-06-28 11:40:00.000000000,LAST_TRADE,"5,$100596.0000"
2019-06-28 11:40:00.000000000,QUERY_SPREAD,101
2019-06-28 11:40:02.650778329,QUERY_ORDER_STREAM,69
2019-06-28 11:40:02.650778329,QUERY_SPREAD,69
2019-06-28 11:40:02.650778329,BEST_BID,"JPM,100524,193"
2019-06-28 11:40:02.650778329,BEST_ASK,"JPM,100596,174"
2019-06-28 11:40:10.000000000,QUERY_SPREAD,1
2019-06-28 11:40:10.000000000,BEST_BID,"JPM,100524,286"
2019-06-28 11:40:10.000000000,BEST_ASK,"JPM,100596,100"
2019-06-28 11:40:10.000000000,BEST_BID,"JPM,100524,286"
2019-06-28 11:40:10.000000000,BEST_ASK,"JPM,100596,100"
2019-06-28 11:40:10.000000000,BEST_BID,"JPM,100524,286"
2019-06-28 11:40:10.000000000,BEST_ASK,"JPM,100596,286"
2019-06-28 11:40:10.000000000,BEST_BID,"JPM,100524,286"
2019-06-28 11:40:10.000000000,BEST_ASK,"JPM,100596,286"
2019-06-28 11:40:15.335489939,QUERY_SPREAD,43
2019-06-28 11:40:15.335489939,BEST_BID,"JPM,100524,286"
2019-06-28 11:40:15.335489939,BEST_ASK,"JPM,100596,286"
2019-06-28 11:40:20.000000000,QUERY_SPREAD,1
2019-06-28 11:40:20.000000000,BEST_BID,"JPM,100524,286"
2019-06-28 11:40:20.000000000,BEST_ASK,"JPM,100596,100"
2019-06-28 11:40:20.000000000,BEST_BID,"JPM,100524,286"
2019-06-28 11:40:20.000000000,BEST_ASK,"JPM,100596,100"
2019-06-28 11:40:20.000000000,BEST_BID,"JPM,100524,286"
2019-06-28 11:40:20.000000000,BEST_ASK,"JPM,100596,286"
2019-06-28 11:40:20.000000000,BEST_BID,"JPM,100524,286"
2019-06-28 11:40:20.000000000,BEST_ASK,"JPM,100596,286"
2019-06-28 11:40:30.000000000,QUERY_SPREAD,1
2019-06-28 11:40:30.000000000,BEST_BID,"JPM,100524,226"
2019-06-28 11:40:30.000000000,BEST_ASK,"JPM,100596,100"
2019-06-28 11:40:30.000000000,BEST_BID,"JPM,100524,226"
2019-06-28 11:40:30.000000000,BEST_ASK,"JPM,100596,100"
2019-06-28 11:40:30.000000000,BEST_BID,"JPM,100524,226"
2019-06-28 11:40:30.000000000,BEST_ASK,"JPM,100596,100"
2019-06-28 11:40:30.000000000,BEST_BID,"JPM,100524,226"
2019-06-28 11:40:30.000000000,BEST_ASK,"JPM,100596,226"
2019-06-28 11:40:30.000000000,BEST_BID,"JPM,100524,226"
2019-06-28 11:40:30.000000000,BEST_ASK,"JPM,100596,226"
2019-06-28 11:40:30.000000000,BEST_BID,"JPM,100524,226"
2019-06-28 11:40:30.000000000,BEST_ASK,"JPM,100596,226"
2019-06-28 11:40:40.000000000,QUERY_SPREAD,1
2019-06-28 11:40:40.000000000,BEST_BID,"JPM,100524,226"
2019-06-28 11:40:40.000000000,BEST_ASK,"JPM,100596,100"
2019-06-28 11:40:40.000000000,BEST_BID,"JPM,100524,226"
2019-06-28 11:40:40.000000000,BEST_ASK,"JPM,100596,100"
2019-06-28 11:40:40.000000000,BEST_BID,"JPM,100524,226"
2019-06-28 11:40:40.000000000,BEST_ASK,"JPM,100596,100"
2019-06-28 11:40:40.000000000,BEST_BID,"JPM,100524,226"
2019-06-28 11:40:40.000000000,BEST_ASK,"JPM,100596,226"
2019-06-28 11:40:40.000000000,BEST_BID,"JPM,100524,226"
2019-06-28 11:40:40.000000000,BEST_ASK,"JPM,100596,226"
2019-06-28 11:40:40.000000000,BEST_BID,"JPM,100524,226"
2019-06-28 11:40:40.000000000,BEST_ASK,"JPM,100596,226"
2019-06-28 11:40:43.295226495,QUERY_SPREAD,10
2019-06-28 11:40:43.295226495,BEST_BID,"JPM,100524,226"
2019-06-28 11:40:43.295226495,BEST_ASK,"JPM,100596,226"
2019-06-28 11:40:50.000000000,QUERY_SPREAD,1
2019-06-28 11:40:50.000000000,BEST_BID,"JPM,100524,226"
2019-06-28 11:40:50.000000000,BEST_ASK,"JPM,100596,100"
2019-06-28 11:40:50.000000000,BEST_BID,"JPM,100524,226"
2019-06-28 11:40:50.000000000,BEST_ASK,"JPM,100596,100"
2019-06-28 11:40:50.000000000,BEST_BID,"JPM,100524,226"
2019-06-28 11:40:50.000000000,BEST_ASK,"JPM,100596,100"
2019-06-28 11:40:50.000000000,BEST_BID,"JPM,100524,226"
2019-06-28 11:40:50.000000000,BEST_ASK,"JPM,100596,226"
2019-06-28 11:40:50.000000000,BEST_BID,"JPM,100524,226"
2019-06-28 11:40:50.000000000,BEST_ASK,"JPM,100596,226"
2019-06-28 11:40:50.000000000,BEST_BID,"JPM,100524,226"
2019-06-28 11:40:50.000000000,BEST_ASK,"JPM,100596,226"
2019-06-28 11:40:56.374999915,QUERY_SPREAD,42
2019-06-28 11:40:56.374999915,BEST_BID,"JPM,100524,226"
2019-06-28 11:40:56.374999915,BEST_ASK,"JPM,100596,226"
2019-06-28 11:41:00.000000000,QUERY_SPREAD,1
2019-06-28 11:41:00.000000000,BEST_BID,"JPM,100524,471"
2019-06-28 11:41:00.000000000,BEST_ASK,"JPM,100596,100"
2019-06-28 11:41:00.000000000,BEST_BID,"JPM,100524,471"
2019-06-28 11:41:00.000000000,BEST_ASK,"JPM,100596,471"
2019-06-28 11:41:00.000000000,QUERY_SPREAD,77
2019-06-28 11:41:00.000000000,BEST_BID,"JPM,100524,471"
2019-06-28 11:41:00.000000000,BEST_ASK,"JPM,100596,466"
2019-06-28 11:41:00.000000000,LAST_TRADE,"5,$100596.0000"
2019-06-28 11:41:00.000000000,QUERY_SPREAD,78
2019-06-28 11:41:00.000000000,BEST_BID,"JPM,100524,471"
2019-06-28 11:41:00.000000000,BEST_ASK,"JPM,100596,458"
2019-06-28 11:41:00.000000000,LAST_TRADE,"8,$100596.0000"
2019-06-28 11:41:00.000000000,QUERY_SPREAD,79
2019-06-28 11:41:00.000000000,BEST_BID,"JPM,100524,471"
2019-06-28 11:41:00.000000000,BEST_ASK,"JPM,100596,453"
2019-06-28 11:41:00.000000000,LAST_TRADE,"5,$100596.0000"
2019-06-28 11:41:00.000000000,QUERY_SPREAD,80
2019-06-28 11:41:00.000000000,BEST_BID,"JPM,100524,471"
2019-06-28 11:41:00.000000000,BEST_ASK,"JPM,100596,445"
2019-06-28 11:41:00.000000000,LAST_TRADE,"8,$100596.0000"
2019-06-28 11:41:00.000000000,QUERY_SPREAD,81
2019-06-28 11:41:00.000000000,BEST_BID,"JPM,100524,471"
2019-06-28 11:41:00.000000000,BEST_ASK,"JPM,100596,436"
2019-06-28 11:41:00.000000000,LAST_TRADE,"9,$100596.0000"
2019-06-28 11:41:00.000000000,QUERY_SPREAD,82
2019-06-28 11:41:00.000000000,BEST_BID,"JPM,100524,471"
2019-06-28 11:41:00.000000000,BEST_ASK,"JPM,100596,433"
2019-06-28 11:41:00.000000000,LAST_TRADE,"3,$100596.0000"
2019-06-28 11:41:00.000000000,QUERY_SPREAD,83
2019-06-28 11:41:00.000000000,BEST_BID,"JPM,100524,471"
2019-06-28 11:41:00.000000000,BEST_ASK,"JPM,100596,425"
2019-06-28 11:41:00.000000000,LAST_TRADE,"8,$100596.0000"
2019-06-28 11:41:00.000000000,QUERY_SPREAD,84
2019-06-28 11:41:00.000000000,BEST_BID,"JPM,100524,471"
2019-06-28 11:41:00.000000000,BEST_ASK,"JPM,100596,421"
2019-06-28 11:41:00.000000000,LAST_TRADE,"4,$100596.0000"
2019-06-28 11:41:00.000000000,QUERY_SPREAD,85
2019-06-28 11:41:00.000000000,BEST_BID,"JPM,100524,471"
2019-06-28 11:41:00.000000000,BEST_ASK,"JPM,100596,416"
2019-06-28 11:41:00.000000000,LAST_TRADE,"5,$100596.0000"
2019-06-28 11:41:00.000000000,QUERY_SPREAD,86
2019-06-28 11:41:00.000000000,BEST_BID,"JPM,100524,471"
2019-06-28 11:41:00.000000000,BEST_ASK,"JPM,100596,414"
2019-06-28 11:41:00.000000000,LAST_TRADE,"2,$100596.0000"
2019-06-28 11:41:00.000000000,QUERY_SPREAD,87
2019-06-28 11:41:00.000000000,BEST_BID,"JPM,100524,471"
2019-06-28 11:41:00.000000000,BEST_ASK,"JPM,100596,407"
2019-06-28 11:41:00.000000000,LAST_TRADE,"7,$100596.0000"
2019-06-28 11:41:00.000000000,QUERY_SPREAD,88
2019-06-28 11:41:00.000000000,BEST_BID,"JPM,100524,471"
2019-06-28 11:41:00.000000000,BEST_ASK,"JPM,100596,399"
2019-06-28 11:41:00.000000000,LAST_TRADE,"8,$100596.0000"
2019-06-28 11:41:00.000000000,QUERY_SPREAD,89
2019-06-28 11:41:00.000000000,BEST_BID,"JPM,100524,471"
2019-06-28 11:41:00.000000000,BEST_ASK,"JPM,100596,394"
2019-06-28 11:41:00.000000000,LAST_TRADE,"5,$100596.0000"
2019-06-28 11:41:00.000000000,QUERY_SPREAD,90
2019-06-28 11:41:00.000000000,BEST_BID,"JPM,100524,471"
2019-06-28 11:41:00.000000000,BEST_ASK,"JPM,100596,390"
2019-06-28 11:41:00.000000000,LAST_TRADE,"4,$100596.0000"
2019-06-28 11:41:00.000000000,QUERY_SPREAD,91
2019-06-28 11:41:00.000000000,BEST_BID,"JPM,100524,471"
2019-06-28 11:41:00.000000000,BEST_ASK,"JPM,100596,387"
2019-06-28 11:41:00.000000000,LAST_TRADE,"3,$100596.0000"
2019-06-28 11:41:00.000000000,QUERY_SPREAD,92
2019-06-28 11:41:00.000000000,BEST_BID,"JPM,100524,471"
2019-06-28 11:41:00.000000000,BEST_ASK,"JPM,100596,382"
2019-06-28 11:41:00.000000000,LAST_TRADE,"5,$100596.0000"
2019-06-28 11:41:00.000000000,QUERY_SPREAD,93
2019-06-28 11:41:00.000000000,BEST_BID,"JPM,100524,471"
2019-06-28 11:41:00.000000000,BEST_ASK,"JPM,100596,375"
2019-06-28 11:41:00.000000000,LAST_TRADE,"7,$100596.0000"
2019-06-28 11:41:00.000000000,QUERY_SPREAD,94
2019-06-28 11:41:00.000000000,BEST_BID,"JPM,100524,471"
2019-06-28 11:41:00.000000000,BEST_ASK,"JPM,100596,374"
2019-06-28 11:41:00.000000000,LAST_TRADE,"1,$100596.0000"
2019-06-28 11:41:00.000000000,QUERY_SPREAD,95
2019-06-28 11:41:00.000000000,BEST_BID,"JPM,100524,471"
2019-06-28 11:41:00.000000000,BEST_ASK,"JPM,100596,373"
2019-06-28 11:41:00.000000000,LAST_TRADE,"1,$100596.0000"
2019-06-28 11:41:00.000000000,QUERY_SPREAD,96
2019-06-28 11:41:00.000000000,BEST_BID,"JPM,100524,471"
2019-06-28 11:41:00.000000000,BEST_ASK,"JPM,100596,369"
2019-06-28 11:41:00.000000000,LAST_TRADE,"4,$100596.0000"
2019-06-28 11:41:00.000000000,QUERY_SPREAD,97
2019-06-28 11:41:00.000000000,BEST_BID,"JPM,100524,471"
2019-06-28 11:41:00.000000000,BEST_ASK,"JPM,100596,366"
2019-06-28 11:41:00.000000000,LAST_TRADE,"3,$100596.0000"
2019-06-28 11:41:00.000000000,QUERY_SPREAD,98
2019-06-28 11:41:00.000000000,BEST_BID,"JPM,100524,471"
2019-06-28 11:41:00.000000000,BEST_ASK,"JPM,100596,361"
2019-06-28 11:41:00.000000000,LAST_TRADE,"5,$100596.0000"
2019-06-28 11:41:00.000000000,QUERY_SPREAD,99
2019-06-28 11:41:00.000000000,BEST_BID,"JPM,100524,471"
2019-06-28 11:41:00.000000000,BEST_ASK,"JPM,100596,357"
2019-06-28 11:41:00.000000000,LAST_TRADE,"4,$100596.0000"
2019-06-28 11:41:00.000000000,QUERY_SPREAD,100
2019-06-28 11:41:00.000000000,BEST_BID,"JPM,100524,471"
2019-06-28 11:41:00.000000000,BEST_ASK,"JPM,100596,352"
2019-06-28 11:41:00.000000000,LAST_TRADE,"5,$100596.0000"
2019-06-28 11:41:00.000000000,QUERY_SPREAD,101
2019-06-28 11:41:04.951040859,QUERY_ORDER_STREAM,57
2019-06-28 11:41:04.951040859,QUERY_SPREAD,57
2019-06-28 11:41:04.951040859,BEST_BID,"JPM,100524,471"
2019-06-28 11:41:04.951040859,BEST_ASK,"JPM,100596,452"
2019-06-28 11:41:10.000000000,QUERY_SPREAD,1
2019-06-28 11:41:10.000000000,BEST_BID,"JPM,100524,174"
2019-06-28 11:41:10.000000000,BEST_ASK,"JPM,100596,100"
2019-06-28 11:41:10.000000000,BEST_BID,"JPM,100524,174"
2019-06-28 11:41:10.000000000,BEST_ASK,"JPM,100596,100"
2019-06-28 11:41:10.000000000,BEST_BID,"JPM,100524,174"
2019-06-28 11:41:10.000000000,BEST_ASK,"JPM,100596,100"
2019-06-28 11:41:10.000000000,BEST_BID,"JPM,100524,174"
2019-06-28 11:41:10.000000000,BEST_ASK,"JPM,100596,100"
2019-06-28 11:41:10.000000000,BEST_BID,"JPM,100524,174"
2019-06-28 11:41:10.000000000,BEST_ASK,"JPM,100596,100"
2019-06-28 11:41:10.000000000,BEST_BID,"JPM,100524,174"
2019-06-28 11:41:10.000000000,BEST_ASK,"JPM,100596,174"
2019-06-28 11:41:10.000000000,BEST_BID,"JPM,100524,174"
2019-06-28 11:41:10.000000000,BEST_ASK,"JPM,100596,174"
2019-06-28 11:41:10.000000000,BEST_BID,"JPM,100524,174"
2019-06-28 11:41:10.000000000,BEST_ASK,"JPM,100596,174"
2019-06-28 11:41:10.000000000,BEST_BID,"JPM,100524,174"
2019-06-28 11:41:10.000000000,BEST_ASK,"JPM,100596,174"
2019-06-28 11:41:16.887089668,QUERY_SPREAD,28
2019-06-28 11:41:16.887089668,BEST_BID,"JPM,100524,174"
2019-06-28 11:41:16.887089668,BEST_ASK,"JPM,100596,174"
2019-06-28 11:41:20.000000000,QUERY_SPREAD,1
2019-06-28 11:41:20.000000000,BEST_BID,"JPM,100524,286"
2019-06-28 11:41:20.000000000,BEST_ASK,"JPM,100596,100"
2019-06-28 11:41:20.000000000,BEST_BID,"JPM,100524,286"
2019-06-28 11:41:20.000000000,BEST_ASK,"JPM,100596,100"
2019-06-28 11:41:20.000000000,BEST_BID,"JPM,100524,286"
2019-06-28 11:41:20.000000000,BEST_ASK,"JPM,100596,286"
2019-06-28 11:41:20.000000000,BEST_BID,"JPM,100524,286"
2019-06-28 11:41:20.000000000,BEST_ASK,"JPM,100596,286"
2019-06-28 11:41:30.000000000,QUERY_SPREAD,1
2019-06-28 11:41:30.000000000,BEST_BID,"JPM,100524,193"
2019-06-28 11:41:30.000000000,BEST_ASK,"JPM,100596,100"
2019-06-28 11:41:30.000000000,BEST_BID,"JPM,100524,193"
2019-06-28 11:41:30.000000000,BEST_ASK,"JPM,100596,100"
2019-06-28 11:41:30.000000000,BEST_BID,"JPM,100524,193"
2019-06-28 11:41:30.000000000,BEST_ASK,"JPM,100596,100"
2019-06-28 11:41:30.000000000,BEST_BID,"JPM,100524,193"
2019-06-28 11:41:30.000000000,BEST_ASK,"JPM,100596,100"
2019-06-28 11:41:30.000000000,BEST_BID,"JPM,100524,193"
2019-06-28 11:41:30.000000000,BEST_ASK,"JPM,100596,193"
2019-06-28 11:41:30.000000000,BEST_BID,"JPM,100524,193"
2019-06-28 11:41:30.000000000,BEST_ASK,"JPM,100596,193"
2019-06-28 11:41:30.000000000,BEST_BID,"JPM,100524,193"
2019-06-28 11:41:30.000000000,BEST_ASK,"JPM,100596,193"
2019-06-28 11:41:30.000000000,BEST_BID,"JPM,100524,193"
2019-06-28 11:41:30.000000000,BEST_ASK,"JPM,100596,193"
2019-06-28 11:41:36.402678684,QUERY_ORDER_STREAM,67
2019-06-28 11:41:36.402678684,QUERY_SPREAD,67
2019-06-28 11:41:36.402678684,BEST_BID,"JPM,100524,193"
2019-06-28 11:41:36.402678684,BEST_ASK,"JPM,100596,293"
2019-06-28 11:41:40.000000000,QUERY_SPREAD,1
2019-06-28 11:41:40.000000000,BEST_BID,"JPM,100524,174"
2019-06-28 11:41:40.000000000,BEST_ASK,"JPM,100596,200"
2019-06-28 11:41:40.000000000,BEST_BID,"JPM,100524,174"
2019-06-28 11:41:40.000000000,BEST_ASK,"JPM,100596,200"
2019-06-28 11:41:40.000000000,BEST_BID,"JPM,100524,174"
2019-06-28 11:41:40.000000000,BEST_ASK,"JPM,100596,200"
2019-06-28 11:41:40.000000000,BEST_BID,"JPM,100524,174"
2019-06-28 11:41:40.000000000,BEST_ASK,"JPM,100596,200"
2019-06-28 11:41:40.000000000,BEST_BID,"JPM,100524,174"
2019-06-28 11:41:40.000000000,BEST_ASK,"JPM,100596,200"
2019-06-28 11:41:40.000000000,BEST_BID,"JPM,100524,174"
2019-06-28 11:41:40.000000000,BEST_ASK,"JPM,100596,274"
2019-06-28 11:41:40.000000000,BEST_BID,"JPM,100524,174"
2019-06-28 11:41:40.000000000,BEST_ASK,"JPM,100596,274"
2019-06-28 11:41:40.000000000,BEST_BID,"JPM,100524,174"
2019-06-28 11:41:40.000000000,BEST_ASK,"JPM,100596,274"
2019-06-28 11:41:40.000000000,BEST_BID,"JPM,100524,174"
2019-06-28 11:41:40.000000000,BEST_ASK,"JPM,100596,274"
2019-06-28 11:41:44.811627321,QUERY_ORDER_STREAM,54
2019-06-28 11:41:44.811627321,QUERY_SPREAD,54
2019-06-28 11:41:44.811627321,BEST_BID,"JPM,100524,174"
2019-06-28 11:41:44.811627321,BEST_ASK,"JPM,100596,374"
2019-06-28 11:41:50.000000000,QUERY_SPREAD,1
2019-06-28 11:41:50.000000000,BEST_BID,"JPM,100524,193"
2019-06-28 11:41:50.000000000,BEST_ASK,"JPM,100596,300"
2019-06-28 11:41:50.000000000,BEST_BID,"JPM,100524,193"
2019-06-28 11:41:50.000000000,BEST_ASK,"JPM,100596,300"
2019-06-28 11:41:50.000000000,BEST_BID,"JPM,100524,193"
2019-06-28 11:41:50.000000000,BEST_ASK,"JPM,100596,300"
2019-06-28 11:41:50.000000000,BEST_BID,"JPM,100524,193"
2019-06-28 11:41:50.000000000,BEST_ASK,"JPM,100596,300"
2019-06-28 11:41:50.000000000,BEST_BID,"JPM,100524,193"
2019-06-28 11:41:50.000000000,BEST_ASK,"JPM,100596,393"
2019-06-28 11:41:50.000000000,BEST_BID,"JPM,100524,193"
2019-06-28 11:41:50.000000000,BEST_ASK,"JPM,100596,393"
2019-06-28 11:41:50.000000000,BEST_BID,"JPM,100524,193"
2019-06-28 11:41:50.000000000,BEST_ASK,"JPM,100596,393"
2019-06-28 11:41:50.000000000,BEST_BID,"JPM,100524,193"
2019-06-28 11:41:50.000000000,BEST_ASK,"JPM,100596,393"
2019-06-28 11:41:52.956925852,QUERY_ORDER_STREAM,56
2019-06-28 11:41:52.956925852,QUERY_SPREAD,56
2019-06-28 11:41:52.956925852,BEST_BID,"JPM,100524,193"
2019-06-28 11:41:52.956925852,BEST_ASK,"JPM,100596,493"
2019-06-28 11:42:00.000000000,QUERY_SPREAD,1
2019-06-28 11:42:00.000000000,BEST_BID,"JPM,100524,226"
2019-06-28 11:42:00.000000000,BEST_ASK,"JPM,100596,400"
2019-06-28 11:42:00.000000000,BEST_BID,"JPM,100524,226"
2019-06-28 11:42:00.000000000,BEST_ASK,"JPM,100596,400"
2019-06-28 11:42:00.000000000,BEST_BID,"JPM,100524,226"
2019-06-28 11:42:00.000000000,BEST_ASK,"JPM,100596,400"
2019-06-28 11:42:00.000000000,BEST_BID,"JPM,100524,226"
2019-06-28 11:42:00.000000000,BEST_ASK,"JPM,100596,526"
2019-06-28 11:42:00.000000000,BEST_BID,"JPM,100524,226"
2019-06-28 11:42:00.000000000,BEST_ASK,"JPM,100596,526"
2019-06-28 11:42:00.000000000,BEST_BID,"JPM,100524,226"
2019-06-28 11:42:00.000000000,BEST_ASK,"JPM,100596,526"
2019-06-28 11:42:00.000000000,QUERY_SPREAD,77
2019-06-28 11:42:00.000000000,BEST_BID,"JPM,100524,226"
2019-06-28 11:42:00.000000000,BEST_ASK,"JPM,100596,521"
2019-06-28 11:42:00.000000000,LAST_TRADE,"5,$100596.0000"
2019-06-28 11:42:00.000000000,QUERY_SPREAD,78
2019-06-28 11:42:00.000000000,BEST_BID,"JPM,100524,226"
2019-06-28 11:42:00.000000000,BEST_ASK,"JPM,100596,513"
2019-06-28 11:42:00.000000000,LAST_TRADE,"8,$100596.0000"
2019-06-28 11:42:00.000000000,QUERY_SPREAD,79
2019-06-28 11:42:00.000000000,BEST_BID,"JPM,100524,226"
2019-06-28 11:42:00.000000000,BEST_ASK,"JPM,100596,508"
2019-06-28 11:42:00.000000000,LAST_TRADE,"5,$100596.0000"
2019-06-28 11:42:00.000000000,QUERY_SPREAD,80
2019-06-28 11:42:00.000000000,BEST_BID,"JPM,100524,226"
2019-06-28 11:42:00.000000000,BEST_ASK,"JPM,100596,500"
2019-06-28 11:42:00.000000000,LAST_TRADE,"8,$100596.0000"
2019-06-28 11:42:00.000000000,QUERY_SPREAD,81
2019-06-28 11:42:00.000000000,BEST_BID,"JPM,100524,226"
2019-06-28 11:42:00.000000000,BEST_ASK,"JPM,100596,491"
2019-06-28 11:42:00.000000000,LAST_TRADE,"9,$100596.0000"
2019-06-28 11:42:00.000000000,QUERY_SPREAD,82
2019-06-28 11:42:00.000000000,BEST_BID,"JPM,100524,226"
2019-06-28 11:42:00.000000000,BEST_ASK,"JPM,100596,488"
2019-06-28 11:42:00.000000000,LAST_TRADE,"3,$100596.0000"
2019-06-28 11:42:00.000000000,QUERY_SPREAD,83
2019-06-28 11:42:00.000000000,BEST_BID,"JPM,100524,226"
2019-06-28 11:42:00.000000000,BEST_ASK,"JPM,100596,480"
2019-06-28 11:42:00.000000000,LAST_TRADE,"8,$100596.0000"
2019-06-28 11:42:00.000000000,QUERY_SPREAD,84
2019-06-28 11:42:00.000000000,BEST_BID,"JPM,100524,226"
2019-06-28 11:42:00.000000000,BEST_ASK,"JPM,100596,476"
2019-06-28 11:42:00.000000000,LAST_TRADE,"4,$100596.0000"
2019-06-28 11:42:00.000000000,QUERY_SPREAD,85
2019-06-28 11:42:00.000000000,BEST_BID,"JPM,100524,226"
2019-06-28 11:42:00.000000000,BEST_ASK,"JPM,100596,471"
2019-06-28 11:42:00.000000000,LAST_TRADE,"5,$100596.0000"
2019-06-28 11:42:00.000000000,QUERY_SPREAD,86
2019-06-28 11:42:00.000000000,BEST_BID,"JPM,100524,226"
2019-06-28 11:42:00.000000000,BEST_ASK,"JPM,100596,469"
2019-06-28 11:42:00.000000000,LAST_TRADE,"2,$100596.0000"
2019-06-28 11:42:00.000000000,QUERY_SPREAD,87
2019-06-28 11:42:00.000000000,BEST_BID,"JPM,100524,226"
2019-06-28 11:42:00.000000000,BEST_ASK,"JPM,100596,462"
2019-06-28 11:42:00.000000000,LAST_TRADE,"7,$100596.0000"
2019-06-28 11:42:00.000000000,QUERY_SPREAD,88
2019-06-28 11:42:00.000000000,BEST_BID,"JPM,100524,226"
2019-06-28 11:42:00.000000000,BEST_ASK,"JPM,100596,454"
2019-06-28 11:42:00.000000000,LAST_TRADE,"8,$100596.0000"
2019-06-28 11:42:00.000000000,QUERY_SPREAD,89
2019-06-28 11:42:00.000000000,BEST_BID,"JPM,100524,226"
2019-06-28 11:42:00.000000000,BEST_ASK,"JPM,100596,449"
2019-06-28 11:42:00.000000000,LAST_TRADE,"5,$100596.0000"
2019-06-28 11:42:00.000000000,QUERY_SPREAD,90
2019-06-28 11:42:00.000000000,BEST_BID,"JPM,100524,226"
2019-06-28 11:42:00.000000000,BEST_ASK,"JPM,100596,445"
2019-06-28 11:42:00.000000000,LAST_TRADE,"4,$100596.0000"
2019-06-28 11:42:00.000000000,QUERY_SPREAD,91
2019-06-28 11:42:00.000000000,BEST_BID,"JPM,100524,226"
2019-06-28 11:42:00.000000000,BEST_ASK,"JPM,100596,442"
2019-06-28 11:42:00.000000000,LAST_TRADE,"3,$100596.0000"
2019-06-28 11:42:00.000000000,QUERY_SPREAD,92
2019-06-28 11:42:00.000000000,BEST_BID,"JPM,100524,226"
2019-06-28 11:42:00.000000000,BEST_ASK,"JPM,100596,437"
2019-06-28 11:42:00.000000000,LAST_TRADE,"5,$100596.0000"
2019-06-28 11:42:00.000000000,QUERY_SPREAD,93
2019-06-28 11:42:00.000000000,BEST_BID,"JPM,100524,226"
2019-06-28 11:42:00.000000000,BEST_ASK,"JPM,100596,430"
2019-06-28 11:42:00.000000000,LAST_TRADE,"7,$100596.0000"
2019-06-28 11:42:00.000000000,QUERY_SPREAD,94
2019-06-28 11:42:00.000000000,BEST_BID,"JPM,100524,226"
2019-06-28 11:42:00.000000000,BEST_ASK,"JPM,100596,429"
2019-06-28 11:42:00.000000000,LAST_TRADE,"1,$100596.0000"
2019-06-28 11:42:00.000000000,QUERY_SPREAD,95
2019-06-28 11:42:00.000000000,BEST_BID,"JPM,100524,226"
2019-06-28 11:42:00.000000000,BEST_ASK,"JPM,100596,428"
2019-06-28 11:42:00.000000000,LAST_TRADE,"1,$100596.0000"
2019-06-28 11:42:00.000000000,QUERY_SPREAD,96
2019-06-28 11:42:00.000000000,BEST_BID,"JPM,100524,226"
2019-06-28 11:42:00.000000000,BEST_ASK,"JPM,100596,424"
2019-06-28 11:42:00.000000000,LAST_TRADE,"4,$100596.0000"
2019-06-28 11:42:00.000000000,QUERY_SPREAD,97
2019-06-28 11:42:00.000000000,BEST_BID,"JPM,100524,226"
2019-06-28 11:42:00.000000000,BEST_ASK,"JPM,100596,421"
2019-06-28 11:42:00.000000000,LAST_TRADE,"3,$100596.0000"
2019-06-28 11:42:00.000000000,QUERY_SPREAD,98
2019-06-28 11:42:00.000000000,BEST_BID,"JPM,100524,226"
2019-06-28 11:42:00.000000000,BEST_ASK,"JPM,100596,416"
2019-06-28 11:42:00.000000000,LAST_TRADE,"5,$100596.0000"
2019-06-28 11:42:00.000000000,QUERY_SPREAD,99
2019-06-28 11:42:00.000000000,BEST_BID,"JPM,100524,226"
2019-06-28 11:42:00.000000000,BEST_ASK,"JPM,100596,412"
2019-06-28 11:42:00.000000000,LAST_TRADE,"4,$100596.0000"
2019-06-28 11:42:00.000000000,QUERY_SPREAD,100
2019-06-28 11:42:00.000000000,BEST_BID,"JPM,100524,226"
2019-06-28 11:42:00.000000000,BEST_ASK,"JPM,100596,407"
2019-06-28 11:42:00.000000000,LAST_TRADE,"5,$100596.0000"
2019-06-28 11:42:00.000000000,QUERY_SPREAD,101
2019-06-28 11:42:00.867890355,QUERY_SPREAD,24
2019-06-28 11:42:00.867890355,BEST_BID,"JPM,100524,226"
2019-06-28 11:42:00.867890355,BEST_ASK,"JPM,100596,407"
2019-06-28 11:42:10.000000000,QUERY_SPREAD,1
2019-06-28 11:42:10.000000000,BEST_BID,"JPM,100524,226"
2019-06-28 11:42:10.000000000,BEST_ASK,"JPM,100596,281"
2019-06-28 11:42:10.000000000,BEST_BID,"JPM,100524,226"
2019-06-28 11:42:10.000000000,BEST_ASK,"JPM,100596,281"
2019-06-28 11:42:10.000000000,BEST_BID,"JPM,100524,226"
2019-06-28 11:42:10.000000000,BEST_ASK,"JPM,100596,281"
2019-06-28 11:42:10.000000000,BEST_BID,"JPM,100524,226"
2019-06-28 11:42:10.000000000,BEST_ASK,"JPM,100596,407"
2019-06-28 11:42:10.000000000,BEST_BID,"JPM,100524,226"
2019-06-28 11:42:10.000000000,BEST_ASK,"JPM,100596,407"
2019-06-28 11:42:10.000000000,BEST_BID,"JPM,100524,226"
2019-06-28 11:42:10.000000000,BEST_ASK,"JPM,100596,407"
2019-06-28 11:42:10.865432809,QUERY_SPREAD,23
2019-06-28 11:42:10.865432809,BEST_BID,"JPM,100524,126"
2019-06-28 11:42:10.865432809,BEST_ASK,"JPM,100596,407"
2019-06-28 11:42:10.865432809,LAST_TRADE,"100,$100524.0000"
2019-06-28 11:42:18.136893477,QUERY_SPREAD,42
2019-06-28 11:42:18.136893477,BEST_BID,"JPM,100524,126"
2019-06-28 11:42:18.136893477,BEST_ASK,"JPM,100596,407"
2019-06-28 11:42:20.000000000,QUERY_SPREAD,1
2019-06-28 11:42:20.000000000,BEST_BID,"JPM,100454,471"
2019-06-28 11:42:20.000000000,BEST_ASK,"JPM,100596,281"
2019-06-28 11:42:20.000000000,BEST_BID,"JPM,100454,471"
2019-06-28 11:42:20.000000000,BEST_ASK,"JPM,100596,652"
2019-06-28 11:42:22.382511662,QUERY_ORDER_STREAM,65
2019-06-28 11:42:22.382511662,QUERY_SPREAD,65
2019-06-28 11:42:22.382511662,BEST_BID,"JPM,100454,471"
2019-06-28 11:42:22.382511662,BEST_ASK,"JPM,100595,100"
2019-06-28 11:42:30.000000000,QUERY_SPREAD,1
2019-06-28 11:42:30.000000000,BEST_BID,"JPM,100454,193"
2019-06-28 11:42:30.000000000,BEST_ASK,"JPM,100595,100"
2019-06-28 11:42:30.000000000,BEST_BID,"JPM,100454,193"
2019-06-28 11:42:30.000000000,BEST_ASK,"JPM,100595,100"
2019-06-28 11:42:30.000000000,BEST_BID,"JPM,100454,193"
2019-06-28 11:42:30.000000000,BEST_ASK,"JPM,100595,100"
2019-06-28 11:42:30.000000000,BEST_BID,"JPM,100454,193"
2019-06-28 11:42:30.000000000,BEST_ASK,"JPM,100595,100"
2019-06-28 11:42:30.000000000,BEST_BID,"JPM,100454,193"
2019-06-28 11:42:30.000000000,BEST_ASK,"JPM,100595,193"
2019-06-28 11:42:30.000000000,BEST_BID,"JPM,100454,193"
2019-06-28 11:42:30.000000000,BEST_ASK,"JPM,100595,193"
2019-06-28 11:42:30.000000000,BEST_BID,"JPM,100454,193"
2019-06-28 11:42:30.000000000,BEST_ASK,"JPM,100595,193"
2019-06-28 11:42:30.000000000,BEST_BID,"JPM,100454,193"
2019-06-28 11:42:30.000000000,BEST_ASK,"JPM,100595,193"
2019-06-28 11:42:40.000000000,QUERY_SPREAD,1
2019-06-28 11:42:40.000000000,BEST_BID,"JPM,100454,286"
2019-06-28 11:42:40.000000000,BEST_ASK,"JPM,100595,100"
2019-06-28 11:42:40.000000000,BEST_BID,"JPM,100454,286"
2019-06-28 11:42:40.000000000,BEST_ASK,"JPM,100595,100"
2019-06-28 11:42:40.000000000,BEST_BID,"JPM,100454,286"
2019-06-28 11:42:40.000000000,BEST_ASK,"JPM,100595,286"
2019-06-28 11:42:40.000000000,BEST_BID,"JPM,100454,286"
2019-06-28 11:42:40.000000000,BEST_ASK,"JPM,100595,286"
2019-06-28 11:42:50.000000000,QUERY_SPREAD,1
2019-06-28 11:42:50.000000000,BEST_BID,"JPM,100454,471"
2019-06-28 11:42:50.000000000,BEST_ASK,"JPM,100595,100"
2019-06-28 11:42:50.000000000,BEST_BID,"JPM,100454,471"
2019-06-28 11:42:50.000000000,BEST_ASK,"JPM,100595,471"
2019-06-28 11:42:54.095632414,QUERY_ORDER_STREAM,71
2019-06-28 11:42:54.095632414,QUERY_SPREAD,71
2019-06-28 11:42:54.095632414,BEST_BID,"JPM,100454,471"
2019-06-28 11:42:54.095632414,BEST_ASK,"JPM,100595,571"
2019-06-28 11:42:57.623527976,QUERY_SPREAD,40
2019-06-28 11:42:57.623527976,BEST_BID,"JPM,100454,371"
2019-06-28 11:42:57.623527976,BEST_ASK,"JPM,100595,571"
2019-06-28 11:42:57.623527976,LAST_TRADE,"100,$100454.0000"
2019-06-28 11:43:00.000000000,QUERY_SPREAD,1
2019-06-28 11:43:00.000000000,BEST_BID,"JPM,100430,286"
2019-06-28 11:43:00.000000000,BEST_ASK,"JPM,100595,200"
2019-06-28 11:43:00.000000000,BEST_BID,"JPM,100430,286"
2019-06-28 11:43:00.000000000,BEST_ASK,"JPM,100595,200"
2019-06-28 11:43:00.000000000,BEST_BID,"JPM,100430,286"
2019-06-28 11:43:00.000000000,BEST_ASK,"JPM,100595,386"
2019-06-28 11:43:00.000000000,BEST_BID,"JPM,100430,286"
2019-06-28 11:43:00.000000000,BEST_ASK,"JPM,100595,386"
2019-06-28 11:43:00.000000000,QUERY_SPREAD,77
2019-06-28 11:43:00.000000000,BEST_BID,"JPM,100430,286"
2019-06-28 11:43:00.000000000,BEST_ASK,"JPM,100595,381"
2019-06-28 11:43:00.000000000,LAST_TRADE,"5,$100595.0000"
2019-06-28 11:43:00.000000000,QUERY_SPREAD,78
2019-06-28 11:43:00.000000000,BEST_BID,"JPM,100430,286"
2019-06-28 11:43:00.000000000,BEST_ASK,"JPM,100595,373"
2019-06-28 11:43:00.000000000,LAST_TRADE,"8,$100595.0000"
2019-06-28 11:43:00.000000000,QUERY_SPREAD,79
2019-06-28 11:43:00.000000000,BEST_BID,"JPM,100430,286"
2019-06-28 11:43:00.000000000,BEST_ASK,"JPM,100595,368"
2019-06-28 11:43:00.000000000,LAST_TRADE,"5,$100595.0000"
2019-06-28 11:43:00.000000000,QUERY_SPREAD,80
2019-06-28 11:43:00.000000000,BEST_BID,"JPM,100430,286"
2019-06-28 11:43:00.000000000,BEST_ASK,"JPM,100595,360"
2019-06-28 11:43:00.000000000,LAST_TRADE,"8,$100595.0000"
2019-06-28 11:43:00.000000000,QUERY_SPREAD,81
2019-06-28 11:43:00.000000000,BEST_BID,"JPM,100430,286"
2019-06-28 11:43:00.000000000,BEST_ASK,"JPM,100595,351"
2019-06-28 11:43:00.000000000,LAST_TRADE,"9,$100595.0000"
2019-06-28 11:43:00.000000000,QUERY_SPREAD,82
2019-06-28 11:43:00.000000000,BEST_BID,"JPM,100430,286"
2019-06-28 11:43:00.000000000,BEST_ASK,"JPM,100595,348"
2019-06-28 11:43:00.000000000,LAST_TRADE,"3,$100595.0000"
2019-06-28 11:43:00.000000000,QUERY_SPREAD,83
2019-06-28 11:43:00.000000000,BEST_BID,"JPM,100430,286"
2019-06-28 11:43:00.000000000,BEST_ASK,"JPM,100595,340"
2019-06-28 11:43:00.000000000,LAST_TRADE,"8,$100595.0000"
2019-06-28 11:43:00.000000000,QUERY_SPREAD,84
2019-06-28 11:43:00.000000000,BEST_BID,"JPM,100430,286"
2019-06-28 11:43:00.000000000,BEST_ASK,"JPM,100595,336"
2019-06-28 11:43:00.000000000,LAST_TRADE,"4,$100595.0000"
2019-06-28 11:43:00.000000000,QUERY_SPREAD,85
2019-06-28 11:43:00.000000000,BEST_BID,"JPM,100430,286"
2019-06-28 11:43:00.000000000,BEST_ASK,"JPM,100595,331"
2019-06-28 11:43:00.000000000,LAST_TRADE,"5,$100595.0000"
2019-06-28 11:43:00.000000000,QUERY_SPREAD,86
2019-06-28 11:43:00.000000000,BEST_BID,"JPM,100430,286"
2019-06-28 11:43:00.000000000,BEST_ASK,"JPM,100595,329"
2019-06-28 11:43:00.000000000,LAST_TRADE,"2,$100595.0000"
2019-06-28 11:43:00.000000000,QUERY_SPREAD,87
2019-06-28 11:43:00.000000000,BEST_BID,"JPM,100430,286"
2019-06-28 11:43:00.000000000,BEST_ASK,"JPM,100595,322"
2019-06-28 11:43:00.000000000,LAST_TRADE,"7,$100595.0000"
2019-06-28 11:43:00.000000000,QUERY_SPREAD,88
2019-06-28 11:43:00.000000000,BEST_BID,"JPM,100430,286"
2019-06-28 11:43:00.000000000,BEST_ASK,"JPM,100595,314"
2019-06-28 11:43:00.000000000,LAST_TRADE,"8,$100595.0000"
2019-06-28 11:43:00.000000000,QUERY_SPREAD,89
2019-06-28 11:43:00.000000000,BEST_BID,"JPM,100430,286"
2019-06-28 11:43:00.000000000,BEST_ASK,"JPM,100595,309"
2019-06-28 11:43:00.000000000,LAST_TRADE,"5,$100595.0000"
2019-06-28 11:43:00.000000000,QUERY_SPREAD,90
2019-06-28 11:43:00.000000000,BEST_BID,"JPM,100430,286"
2019-06-28 11:43:00.000000000,BEST_ASK,"JPM,100595,305"
2019-06-28 11:43:00.000000000,LAST_TRADE,"4,$100595.0000"
2019-06-28 11:43:00.000000000,QUERY_SPREAD,91
2019-06-28 11:43:00.000000000,BEST_BID,"JPM,100430,286"
2019-06-28 11:43:00.000000000,BEST_ASK,"JPM,100595,302"
2019-06-28 11:43:00.000000000,LAST_TRADE,"3,$100595.0000"
2019-06-28 11:43:00.000000000,QUERY_SPREAD,92
2019-06-28 11:43:00.000000000,BEST_BID,"JPM,100430,286"
2019-06-28 11:43:00.000000000,BEST_ASK,"JPM,100595,297"
2019-06-28 11:43:00.000000000,LAST_TRADE,"5,$100595.0000"
2019-06-28 11:43:00.000000000,QUERY_SPREAD,93
2019-06-28 11:43:00.000000000,BEST_BID,"JPM,100430,286"
2019-06-28 11:43:00.000000000,BEST_ASK,"JPM,100595,290"
2019-06-28 11:43:00.000000000,LAST_TRADE,"7,$100595.0000"
2019-06-28 11:43:00.000000000,QUERY_SPREAD,94
2019-06-28 11:43:00.000000000,BEST_BID,"JPM,100430,286"
2019-06-28 11:43:00.000000000,BEST_ASK,"JPM,100595,289"
2019-06-28 11:43:00.000000000,LAST_TRADE,"1,$100595.0000"
2019-06-28 11:43:00.000000000,QUERY_SPREAD,95
2019-06-28 11:43:00.000000000,BEST_BID,"JPM,100430,286"
2019-06-28 11:43:00.000000000,BEST_ASK,"JPM,100595,288"
2019-06-28 11:43:00.000000000,LAST_TRADE,"1,$100595.0000"
2019-06-28 11:43:00.000000000,QUERY_SPREAD,96
2019-06-28 11:43:00.000000000,BEST_BID,"JPM,100430,286"
2019-06-28 11:43:00.000000000,BEST_ASK,"JPM,100595,284"
2019-06-28 11:43:00.000000000,LAST_TRADE,"4,$100595.0000"
2019-06-28 11:43:00.000000000,QUERY_SPREAD,97
2019-06-28 11:43:00.000000000,BEST_BID,"JPM,100430,286"
2019-06-28 11:43:00.000000000,BEST_ASK,"JPM,100595,281"
2019-06-28 11:43:00.000000000,LAST_TRADE,"3,$100595.0000"
2019-06-28 11:43:00.000000000,QUERY_SPREAD,98
2019-06-28 11:43:00.000000000,BEST_BID,"JPM,100430,286"
2019-06-28 11:43:00.000000000,BEST_ASK,"JPM,100595,276"
2019-06-28 11:43:00.000000000,LAST_TRADE,"5,$100595.0000"
2019-06-28 11:43:00.000000000,QUERY_SPREAD,99
2019-06-28 11:43:00.000000000,BEST_BID,"JPM,100430,286"
2019-06-28 11:43:00.000000000,BEST_ASK,"JPM,100595,272"
2019-06-28 11:43:00.000000000,LAST_TRADE,"4,$100595.0000"
2019-06-28 11:43:00.000000000,QUERY_SPREAD,100
2019-06-28 11:43:00.000000000,BEST_BID,"JPM,100430,286"
2019-06-28 11:43:00.000000000,BEST_ASK,"JPM,100595,267"
2019-06-28 11:43:00.000000000,LAST_TRADE,"5,$100595.0000"
2019-06-28 11:43:00.000000000,QUERY_SPREAD,101
2019-06-28 11:43:10.000000000,QUERY_SPREAD,1
2019-06-28 11:43:10.000000000,BEST_BID,"JPM,100430,471"
2019-06-28 11:43:10.000000000,BEST_ASK,"JPM,100595,81"
2019-06-28 11:43:10.000000000,BEST_BID,"JPM,100430,471"
2019-06-28 11:43:10.000000000,BEST_ASK,"JPM,100595,452"
2019-06-28 11:43:15.250002863,QUERY_SPREAD,26
2019-06-28 11:43:15.250002863,BEST_BID,"JPM,100430,371"
2019-06-28 11:43:15.250002863,BEST_ASK,"JPM,100595,452"
2019-06-28 11:43:15.250002863,LAST_TRADE,"100,$100430.0000"
2019-06-28 11:43:20.000000000,QUERY_SPREAD,1
2019-06-28 11:43:20.000000000,BEST_BID,"JPM,100379,226"
2019-06-28 11:43:20.000000000,BEST_ASK,"JPM,100595,81"
2019-06-28 11:43:20.000000000,BEST_BID,"JPM,100379,226"
2019-06-28 11:43:20.000000000,BEST_ASK,"JPM,100595,81"
2019-06-28 11:43:20.000000000,BEST_BID,"JPM,100379,226"
2019-06-28 11:43:20.000000000,BEST_ASK,"JPM,100595,81"
2019-06-28 11:43:20.000000000,BEST_BID,"JPM,100379,226"
2019-06-28 11:43:20.000000000,BEST_ASK,"JPM,100595,207"
2019-06-28 11:43:20.000000000,BEST_BID,"JPM,100379,226"
2019-06-28 11:43:20.000000000,BEST_ASK,"JPM,100595,207"
2019-06-28 11:43:20.000000000,BEST_BID,"JPM,100379,226"
2019-06-28 11:43:20.000000000,BEST_ASK,"JPM,100595,207"
2019-06-28 11:43:30.000000000,QUERY_SPREAD,1
2019-06-28 11:43:30.000000000,BEST_BID,"JPM,100379,471"
2019-06-28 11:43:30.000000000,BEST_ASK,"JPM,100595,81"
2019-06-28 11:43:30.000000000,BEST_BID,"JPM,100379,471"
2019-06-28 11:43:30.000000000,BEST_ASK,"JPM,100595,452"
2019-06-28 11:43:36.113012065,QUERY_SPREAD,25
2019-06-28 11:43:36.113012065,BEST_BID,"JPM,100379,371"
2019-06-28 11:43:36.113012065,BEST_ASK,"JPM,100595,452"
2019-06-28 11:43:36.113012065,LAST_TRADE,"100,$100379.0000"
2019-06-28 11:43:40.000000000,QUERY_SPREAD,1
2019-06-28 11:43:40.000000000,BEST_BID,"JPM,100340,471"
2019-06-28 11:43:40.000000000,BEST_ASK,"JPM,100595,81"
2019-06-28 11:43:40.000000000,BEST_BID,"JPM,100340,471"
2019-06-28 11:43:40.000000000,BEST_ASK,"JPM,100595,452"
2019-06-28 11:43:50.000000000,QUERY_SPREAD,1
2019-06-28 11:43:50.000000000,BEST_BID,"JPM,100340,174"
2019-06-28 11:43:50.000000000,BEST_ASK,"JPM,100595,81"
2019-06-28 11:43:50.000000000,BEST_BID,"JPM,100340,174"
2019-06-28 11:43:50.000000000,BEST_ASK,"JPM,100595,81"
2019-06-28 11:43:50.000000000,BEST_BID,"JPM,100340,174"
2019-06-28 11:43:50.000000000,BEST_ASK,"JPM,100595,81"
2019-06-28 11:43:50.000000000,BEST_BID,"JPM,100340,174"
2019-06-28 11:43:50.000000000,BEST_ASK,"JPM,100595,81"
2019-06-28 11:43:50.000000000,BEST_BID,"JPM,100340,174"
2019-06-28 11:43:50.000000000,BEST_ASK,"JPM,100595,81"
2019-06-28 11:43:50.000000000,BEST_BID,"JPM,100340,174"
2019-06-28 11:43:50.000000000,BEST_ASK,"JPM,100595,155"
2019-06-28 11:43:50.000000000,BEST_BID,"JPM,100340,174"
2019-06-28 11:43:50.000000000,BEST_ASK,"JPM,100595,155"
2019-06-28 11:43:50.000000000,BEST_BID,"JPM,100340,174"
2019-06-28 11:43:50.000000000,BEST_ASK,"JPM,100595,155"
2019-06-28 11:43:50.000000000,BEST_BID,"JPM,100340,174"
2019-06-28 11:43:50.000000000,BEST_ASK,"JPM,100595,155"
2019-06-28 11:43:50.000000000,BEST_BID,"JPM,100340,174"
2019-06-28 11:43:50.000000000,BEST_ASK,"JPM,100595,155"
2019-06-28 11:44:00.000000000,QUERY_SPREAD,1
2019-06-28 11:44:00.000000000,BEST_BID,"JPM,100340,471"
2019-06-28 11:44:00.000000000,BEST_ASK,"JPM,100595,81"
2019-06-28 11:44:00.000000000,BEST_BID,"JPM,100340,471"
2019-06-28 11:44:00.000000000,BEST_ASK,"JPM,100595,452"
2019-06-28 11:44:00.000000000,QUERY_SPREAD,77
2019-06-28 11:44:00.000000000,BEST_BID,"JPM,100340,471"
2019-06-28 11:44:00.000000000,BEST_ASK,"JPM,100595,447"
2019-06-28 11:44:00.000000000,LAST_TRADE,"5,$100595.0000"
2019-06-28 11:44:00.000000000,QUERY_SPREAD,78
2019-06-28 11:44:00.000000000,BEST_BID,"JPM,100340,471"
2019-06-28 11:44:00.000000000,BEST_ASK,"JPM,100595,439"
2019-06-28 11:44:00.000000000,LAST_TRADE,"8,$100595.0000"
2019-06-28 11:44:00.000000000,QUERY_SPREAD,79
2019-06-28 11:44:00.000000000,BEST_BID,"JPM,100340,471"
2019-06-28 11:44:00.000000000,BEST_ASK,"JPM,100595,434"
2019-06-28 11:44:00.000000000,LAST_TRADE,"5,$100595.0000"
2019-06-28 11:44:00.000000000,QUERY_SPREAD,80
2019-06-28 11:44:00.000000000,BEST_BID,"JPM,100340,471"
2019-06-28 11:44:00.000000000,BEST_ASK,"JPM,100595,426"
2019-06-28 11:44:00.000000000,LAST_TRADE,"8,$100595.0000"
2019-06-28 11:44:00.000000000,QUERY_SPREAD,81
2019-06-28 11:44:00.000000000,BEST_BID,"JPM,100340,471"
2019-06-28 11:44:00.000000000,BEST_ASK,"JPM,100595,417"
2019-06-28 11:44:00.000000000,LAST_TRADE,"9,$100595.0000"
2019-06-28 11:44:00.000000000,QUERY_SPREAD,82
2019-06-28 11:44:00.000000000,BEST_BID,"JPM,100340,471"
2019-06-28 11:44:00.000000000,BEST_ASK,"JPM,100595,414"
2019-06-28 11:44:00.000000000,LAST_TRADE,"3,$100595.0000"
2019-06-28 11:44:00.000000000,QUERY_SPREAD,83
2019-06-28 11:44:00.000000000,BEST_BID,"JPM,100340,471"
2019-06-28 11:44:00.000000000,BEST_ASK,"JPM,100595,406"
2019-06-28 11:44:00.000000000,LAST_TRADE,"8,$100595.0000"
2019-06-28 11:44:00.000000000,QUERY_SPREAD,84
2019-06-28 11:44:00.000000000,BEST_BID,"JPM,100340,471"
2019-06-28 11:44:00.000000000,BEST_ASK,"JPM,100595,402"
2019-06-28 11:44:00.000000000,LAST_TRADE,"4,$100595.0000"
2019-06-28 11:44:00.000000000,QUERY_SPREAD,85
2019-06-28 11:44:00.000000000,BEST_BID,"JPM,100340,471"
2019-06-28 11:44:00.000000000,BEST_ASK,"JPM,100595,397"
2019-06-28 11:44:00.000000000,LAST_TRADE,"5,$100595.0000"
2019-06-28 11:44:00.000000000,QUERY_SPREAD,86
2019-06-28 11:44:00.000000000,BEST_BID,"JPM,100340,471"
2019-06-28 11:44:00.000000000,BEST_ASK,"JPM,100595,395"
2019-06-28 11:44:00.000000000,LAST_TRADE,"2,$100595.0000"
2019-06-28 11:44:00.000000000,QUERY_SPREAD,87
2019-06-28 11:44:00.000000000,BEST_BID,"JPM,100340,471"
2019-06-28 11:44:00.000000000,BEST_ASK,"JPM,100595,388"
2019-06-28 11:44:00.000000000,LAST_TRADE,"7,$100595.0000"
2019-06-28 11:44:00.000000000,QUERY_SPREAD,88
2019-06-28 11:44:00.000000000,BEST_BID,"JPM,100340,471"
2019-06-28 11:44:00.000000000,BEST_ASK,"JPM,100595,380"
2019-06-28 11:44:00.000000000,LAST_TRADE,"8,$100595.0000"
2019-06-28 11:44:00.000000000,QUERY_SPREAD,89
2019-06-28 11:44:00.000000000,BEST_BID,"JPM,100340,471"
2019-06-28 11:44:00.000000000,BEST_ASK,"JPM,100595,375"
2019-06-28 11:44:00.000000000,LAST_TRADE,"5,$100595.0000"
2019-06-28 11:44:00.000000000,QUERY_SPREAD,90
2019-06-28 11:44:00.000000000,BEST_BID,"JPM,100340,471"
2019-06-28 11:44:00.000000000,BEST_ASK,"JPM,100595,371"
2019-06-28 11:44:00.000000000,LAST_TRADE,"4,$100595.0000"
2019-06-28 11:44:00.000000000,QUERY_SPREAD,91
2019-06-28 11:44:00.000000000,BEST_BID,"JPM,100340,471"
2019-06-28 11:44:00.000000000,BEST_ASK,"JPM,100595,368"
2019-06-28 11:44:00.000000000,LAST_TRADE,"3,$100595.0000"
2019-06-28 11:44:00.000000000,QUERY_SPREAD,92
2019-06-28 11:44:00.000000000,BEST_BID,"JPM,100340,471"
2019-06-28 11:44:00.000000000,BEST_ASK,"JPM,100595,363"
2019-06-28 11:44:00.000000000,LAST_TRADE,"5,$100595.0000"
2019-06-28 11:44:00.000000000,QUERY_SPREAD,93
2019-06-28 11:44:00.000000000,BEST_BID,"JPM,100340,471"
2019-06-28 11:44:00.000000000,BEST_ASK,"JPM,100595,356"
2019-06-28 11:44:00.000000000,LAST_TRADE,"7,$100595.0000"
2019-06-28 11:44:00.000000000,QUERY_SPREAD,94
2019-06-28 11:44:00.000000000,BEST_BID,"JPM,100340,471"
2019-06-28 11:44:00.000000000,BEST_ASK,"JPM,100595,355"
2019-06-28 11:44:00.000000000,LAST_TRADE,"1,$100595.0000"
2019-06-28 11:44:00.000000000,QUERY_SPREAD,95
2019-06-28 11:44:00.000000000,BEST_BID,"JPM,100340,471"
2019-06-28 11:44:00.000000000,BEST_ASK,"JPM,100595,354"
2019-06-28 11:44:00.000000000,LAST_TRADE,"1,$100595.0000"
2019-06-28 11:44:00.000000000,QUERY_SPREAD,96
2019-06-28 11:44:00.000000000,BEST_BID,"JPM,100340,471"
2019-06-28 11:44:00.000000000,BEST_ASK,"JPM,100595,350"
2019-06-28 11:44:00.000000000,LAST_TRADE,"4,$100595.0000"
2019-06-28 11:44:00.000000000,QUERY_SPREAD,97
2019-06-28 11:44:00.000000000,BEST_BID,"JPM,100340,471"
2019-06-28 11:44:00.000000000,BEST_ASK,"JPM,100595,347"
2019-06-28 11:44:00.000000000,LAST_TRADE,"3,$100595.0000"
2019-06-28 11:44:00.000000000,QUERY_SPREAD,98
2019-06-28 11:44:00.000000000,BEST_BID,"JPM,100340,471"
2019-06-28 11:44:00.000000000,BEST_ASK,"JPM,100595,342"
2019-06-28 11:44:00.000000000,LAST_TRADE,"5,$100595.0000"
2019-06-28 11:44:00.000000000,QUERY_SPREAD,99
2019-06-28 11:44:00.000000000,BEST_BID,"JPM,100340,471"
2019-06-28 11:44:00.000000000,BEST_ASK,"JPM,100595,338"
2019-06-28 11:44:00.000000000,LAST_TRADE,"4,$100595.0000"
2019-06-28 11:44:00.000000000,QUERY_SPREAD,100
2019-06-28 11:44:00.000000000,BEST_BID,"JPM,100340,471"
2019-06-28 11:44:00.000000000,BEST_ASK,"JPM,100595,333"
2019-06-28 11:44:00.000000000,LAST_TRADE,"5,$100595.0000"
2019-06-28 11:44:00.000000000,QUERY_SPREAD,101
2019-06-28 11:44:00.000000000,BEST_BID,"JPM,100340,471"
2019-06-28 11:44:00.000000000,BEST_ASK,"JPM,100595,332"
2019-06-28 11:44:00.000000000,LAST_TRADE,"1,$100595.0000"
2019-06-28 11:44:07.738454692,QUERY_SPREAD,37
2019-06-28 11:44:07.738454692,BEST_BID,"JPM,100340,371"
2019-06-28 11:44:07.738454692,BEST_ASK,"JPM,100595,332"
2019-06-28 11:44:07.738454692,LAST_TRADE,"100,$100340.0000"
2019-06-28 11:44:10.000000000,QUERY_SPREAD,1
2019-06-28 11:44:10.000000000,BEST_BID,"JPM,100324,193"
2019-06-28 11:44:10.000000000,BEST_ASK,"JPM,100596,281"
2019-06-28 11:44:10.000000000,BEST_BID,"JPM,100324,193"
2019-06-28 11:44:10.000000000,BEST_ASK,"JPM,100596,281"
2019-06-28 11:44:10.000000000,BEST_BID,"JPM,100324,193"
2019-06-28 11:44:10.000000000,BEST_ASK,"JPM,100596,281"
2019-06-28 11:44:10.000000000,BEST_BID,"JPM,100324,193"
2019-06-28 11:44:10.000000000,BEST_ASK,"JPM,100596,281"
2019-06-28 11:44:10.000000000,BEST_BID,"JPM,100324,193"
2019-06-28 11:44:10.000000000,BEST_ASK,"JPM,100596,374"
2019-06-28 11:44:10.000000000,BEST_BID,"JPM,100324,193"
2019-06-28 11:44:10.000000000,BEST_ASK,"JPM,100596,374"
2019-06-28 11:44:10.000000000,BEST_BID,"JPM,100324,193"
2019-06-28 11:44:10.000000000,BEST_ASK,"JPM,100596,374"
2019-06-28 11:44:10.000000000,BEST_BID,"JPM,100324,193"
2019-06-28 11:44:10.000000000,BEST_ASK,"JPM,100596,374"
2019-06-28 11:44:12.494232765,QUERY_SPREAD,47
2019-06-28 11:44:12.494232765,BEST_BID,"JPM,100324,93"
2019-06-28 11:44:12.494232765,BEST_ASK,"JPM,100596,374"
2019-06-28 11:44:12.494232765,LAST_TRADE,"100,$100324.0000"
2019-06-28 11:44:20.000000000,QUERY_SPREAD,1
2019-06-28 11:44:20.000000000,BEST_BID,"JPM,100276,193"
2019-06-28 11:44:20.000000000,BEST_ASK,"JPM,100596,281"
2019-06-28 11:44:20.000000000,BEST_BID,"JPM,100276,193"
2019-06-28 11:44:20.000000000,BEST_ASK,"JPM,100596,281"
2019-06-28 11:44:20.000000000,BEST_BID,"JPM,100276,193"
2019-06-28 11:44:20.000000000,BEST_ASK,"JPM,100596,281"
2019-06-28 11:44:20.000000000,BEST_BID,"JPM,100276,193"
2019-06-28 11:44:20.000000000,BEST_ASK,"JPM,100596,281"
2019-06-28 11:44:20.000000000,BEST_BID,"JPM,100276,193"
2019-06-28 11:44:20.000000000,BEST_ASK,"JPM,100596,374"
2019-06-28 11:44:20.000000000,BEST_BID,"JPM,100276,193"
2019-06-28 11:44:20.000000000,BEST_ASK,"JPM,100596,374"
2019-06-28 11:44:20.000000000,BEST_BID,"JPM,100276,193"
2019-06-28 11:44:20.000000000,BEST_ASK,"JPM,100596,374"
2019-06-28 11:44:20.000000000,BEST_BID,"JPM,100276,193"
2019-06-28 11:44:20.000000000,BEST_ASK,"JPM,100596,374"
2019-06-28 11:44:25.325530935,QUERY_ORDER_STREAM,73
2019-06-28 11:44:25.325530935,QUERY_SPREAD,73
2019-06-28 11:44:25.325530935,BEST_BID,"JPM,100276,193"
2019-06-28 11:44:25.325530935,BEST_ASK,"JPM,100340,100"
2019-06-28 11:44:30.000000000,QUERY_SPREAD,1
2019-06-28 11:44:30.000000000,BEST_BID,"JPM,100276,174"
2019-06-28 11:44:30.000000000,BEST_ASK,"JPM,100340,100"
2019-06-28 11:44:30.000000000,BEST_BID,"JPM,100276,174"
2019-06-28 11:44:30.000000000,BEST_ASK,"JPM,100340,100"
2019-06-28 11:44:30.000000000,BEST_BID,"JPM,100276,174"
2019-06-28 11:44:30.000000000,BEST_ASK,"JPM,100340,100"
2019-06-28 11:44:30.000000000,BEST_BID,"JPM,100276,174"
2019-06-28 11:44:30.000000000,BEST_ASK,"JPM,100340,100"
2019-06-28 11:44:30.000000000,BEST_BID,"JPM,100276,174"
2019-06-28 11:44:30.000000000,BEST_ASK,"JPM,100340,100"
2019-06-28 11:44:30.000000000,BEST_BID,"JPM,100276,174"
2019-06-28 11:44:30.000000000,BEST_ASK,"JPM,100340,174"
2019-06-28 11:44:30.000000000,BEST_BID,"JPM,100276,174"
2019-06-28 11:44:30.000000000,BEST_ASK,"JPM,100340,174"
2019-06-28 11:44:30.000000000,BEST_BID,"JPM,100276,174"
2019-06-28 11:44:30.000000000,BEST_ASK,"JPM,100340,174"
2019-06-28 11:44:30.000000000,BEST_BID,"JPM,100276,174"
2019-06-28 11:44:30.000000000,BEST_ASK,"JPM,100340,174"
2019-06-28 11:44:30.000000000,BEST_BID,"JPM,100276,174"
2019-06-28 11:44:30.000000000,BEST_ASK,"JPM,100340,174"
2019-06-28 11:44:30.834382636,QUERY_SPREAD,39
2019-06-28 11:44:30.834382636,BEST_BID,"JPM,100276,74"
2019-06-28 11:44:30.834382636,BEST_ASK,"JPM,100340,174"
2019-06-28 11:44:30.834382636,LAST_TRADE,"100,$100276.0000"
2019-06-28 11:44:34.487571968,QUERY_SPREAD,42
2019-06-28 11:44:34.487571968,BEST_BID,"JPM,100217,174"
2019-06-28 11:44:34.487571968,BEST_ASK,"JPM,100276,26"
2019-06-28 11:44:34.487571968,LAST_TRADE,"74,$100276.0000"
2019-06-28 11:44:34.553162834,QUERY_SPREAD,7
2019-06-28 11:44:34.553162834,BEST_BID,"JPM,100217,174"
2019-06-28 11:44:34.553162834,BEST_ASK,"JPM,100276,26"
2019-06-28 11:44:40.000000000,QUERY_SPREAD,1
2019-06-28 11:44:40.000000000,BEST_BID,"JPM,100217,286"
2019-06-28 11:44:40.000000000,BEST_ASK,"JPM,100276,26"
2019-06-28 11:44:40.000000000,BEST_BID,"JPM,100217,286"
2019-06-28 11:44:40.000000000,BEST_ASK,"JPM,100276,26"
2019-06-28 11:44:40.000000000,BEST_BID,"JPM,100217,286"
2019-06-28 11:44:40.000000000,BEST_ASK,"JPM,100276,212"
2019-06-28 11:44:40.000000000,BEST_BID,"JPM,100217,286"
2019-06-28 11:44:40.000000000,BEST_ASK,"JPM,100276,212"
2019-06-28 11:44:45.713498733,QUERY_ORDER_STREAM,72
2019-06-28 11:44:45.713498733,QUERY_SPREAD,72
2019-06-28 11:44:45.713498733,BEST_BID,"JPM,100217,286"
2019-06-28 11:44:45.713498733,BEST_ASK,"JPM,100276,312"
2019-06-28 11:44:50.000000000,QUERY_SPREAD,1
2019-06-28 11:44:50.000000000,BEST_BID,"JPM,100217,174"
2019-06-28 11:44:50.000000000,BEST_ASK,"JPM,100276,126"
2019-06-28 11:44:50.000000000,BEST_BID,"JPM,100217,174"
2019-06-28 11:44:50.000000000,BEST_ASK,"JPM,100276,126"
2019-06-28 11:44:50.000000000,BEST_BID,"JPM,100217,174"
2019-06-28 11:44:50.000000000,BEST_ASK,"JPM,100276,126"
2019-06-28 11:44:50.000000000,BEST_BID,"JPM,100217,174"
2019-06-28 11:44:50.000000000,BEST_ASK,"JPM,100276,126"
2019-06-28 11:44:50.000000000,BEST_BID,"JPM,100217,174"
2019-06-28 11:44:50.000000000,BEST_ASK,"JPM,100276,126"
2019-06-28 11:44:50.000000000,BEST_BID,"JPM,100217,174"
2019-06-28 11:44:50.000000000,BEST_ASK,"JPM,100276,200"
2019-06-28 11:44:50.000000000,BEST_BID,"JPM,100217,174"
2019-06-28 11:44:50.000000000,BEST_ASK,"JPM,100276,200"
2019-06-28 11:44:50.000000000,BEST_BID,"JPM,100217,174"
2019-06-28 11:44:50.000000000,BEST_ASK,"JPM,100276,200"
2019-06-28 11:44:50.000000000,BEST_BID,"JPM,100217,174"
2019-06-28 11:44:50.000000000,BEST_ASK,"JPM,100276,200"
2019-06-28 11:44:50.000000000,BEST_BID,"JPM,100217,174"
2019-06-28 11:44:50.000000000,BEST_ASK,"JPM,100276,200"
2019-06-28 11:45:00.000000000,QUERY_SPREAD,1
2019-06-28 11:45:00.000000000,BEST_BID,"JPM,100217,193"
2019-06-28 11:45:00.000000000,BEST_ASK,"JPM,100276,126"
2019-06-28 11:45:00.000000000,BEST_BID,"JPM,100217,193"
2019-06-28 11:45:00.000000000,BEST_ASK,"JPM,100276,126"
2019-06-28 11:45:00.000000000,BEST_BID,"JPM,100217,193"
2019-06-28 11:45:00.000000000,BEST_ASK,"JPM,100276,126"
2019-06-28 11:45:00.000000000,BEST_BID,"JPM,100217,193"
2019-06-28 11:45:00.000000000,BEST_ASK,"JPM,100276,126"
2019-06-28 11:45:00.000000000,BEST_BID,"JPM,100217,193"
2019-06-28 11:45:00.000000000,BEST_ASK,"JPM,100276,219"
2019-06-28 11:45:00.000000000,BEST_BID,"JPM,100217,193"
2019-06-28 11:45:00.000000000,BEST_ASK,"JPM,100276,219"
2019-06-28 11:45:00.000000000,BEST_BID,"JPM,100217,193"
2019-06-28 11:45:00.000000000,BEST_ASK,"JPM,100276,219"
2019-06-28 11:45:00.000000000,BEST_BID,"JPM,100217,193"
2019-06-28 11:45:00.000000000,BEST_ASK,"JPM,100276,219"
2019-06-28 11:45:00.000000000,QUERY_SPREAD,77
2019-06-28 11:45:00.000000000,BEST_BID,"JPM,100217,193"
2019-06-28 11:45:00.000000000,BEST_ASK,"JPM,100276,214"
2019-06-28 11:45:00.000000000,LAST_TRADE,"5,$100276.0000"
2019-06-28 11:45:00.000000000,QUERY_SPREAD,78
2019-06-28 11:45:00.000000000,BEST_BID,"JPM,100217,193"
2019-06-28 11:45:00.000000000,BEST_ASK,"JPM,100276,206"
2019-06-28 11:45:00.000000000,LAST_TRADE,"8,$100276.0000"
2019-06-28 11:45:00.000000000,QUERY_SPREAD,79
2019-06-28 11:45:00.000000000,BEST_BID,"JPM,100217,193"
2019-06-28 11:45:00.000000000,BEST_ASK,"JPM,100276,201"
2019-06-28 11:45:00.000000000,LAST_TRADE,"5,$100276.0000"
2019-06-28 11:45:00.000000000,QUERY_SPREAD,80
2019-06-28 11:45:00.000000000,BEST_BID,"JPM,100217,193"
2019-06-28 11:45:00.000000000,BEST_ASK,"JPM,100276,193"
2019-06-28 11:45:00.000000000,LAST_TRADE,"8,$100276.0000"
2019-06-28 11:45:00.000000000,QUERY_SPREAD,81
2019-06-28 11:45:00.000000000,BEST_BID,"JPM,100217,193"
2019-06-28 11:45:00.000000000,BEST_ASK,"JPM,100276,184"
2019-06-28 11:45:00.000000000,LAST_TRADE,"9,$100276.0000"
2019-06-28 11:45:00.000000000,QUERY_SPREAD,82
2019-06-28 11:45:00.000000000,BEST_BID,"JPM,100217,193"
2019-06-28 11:45:00.000000000,BEST_ASK,"JPM,100276,181"
2019-06-28 11:45:00.000000000,LAST_TRADE,"3,$100276.0000"
2019-06-28 11:45:00.000000000,QUERY_SPREAD,83
2019-06-28 11:45:00.000000000,BEST_BID,"JPM,100217,193"
2019-06-28 11:45:00.000000000,BEST_ASK,"JPM,100276,173"
2019-06-28 11:45:00.000000000,LAST_TRADE,"8,$100276.0000"
2019-06-28 11:45:00.000000000,QUERY_SPREAD,84
2019-06-28 11:45:00.000000000,BEST_BID,"JPM,100217,193"
2019-06-28 11:45:00.000000000,BEST_ASK,"JPM,100276,169"
2019-06-28 11:45:00.000000000,LAST_TRADE,"4,$100276.0000"
2019-06-28 11:45:00.000000000,QUERY_SPREAD,85
2019-06-28 11:45:00.000000000,BEST_BID,"JPM,100217,193"
2019-06-28 11:45:00.000000000,BEST_ASK,"JPM,100276,164"
2019-06-28 11:45:00.000000000,LAST_TRADE,"5,$100276.0000"
2019-06-28 11:45:00.000000000,QUERY_SPREAD,86
2019-06-28 11:45:00.000000000,BEST_BID,"JPM,100217,193"
2019-06-28 11:45:00.000000000,BEST_ASK,"JPM,100276,162"
2019-06-28 11:45:00.000000000,LAST_TRADE,"2,$100276.0000"
2019-06-28 11:45:00.000000000,QUERY_SPREAD,87
2019-06-28 11:45:00.000000000,BEST_BID,"JPM,100217,193"
2019-06-28 11:45:00.000000000,BEST_ASK,"JPM,100276,155"
2019-06-28 11:45:00.000000000,LAST_TRADE,"7,$100276.0000"
2019-06-28 11:45:00.000000000,QUERY_SPREAD,88
2019-06-28 11:45:00.000000000,BEST_BID,"JPM,100217,193"
2019-06-28 11:45:00.000000000,BEST_ASK,"JPM,100276,147"
2019-06-28 11:45:00.000000000,LAST_TRADE,"8,$100276.0000"
2019-06-28 11:45:00.000000000,QUERY_SPREAD,89
2019-06-28 11:45:00.000000000,BEST_BID,"JPM,100217,193"
2019-06-28 11:45:00.000000000,BEST_ASK,"JPM,100276,142"
2019-06-28 11:45:00.000000000,LAST_TRADE,"5,$100276.0000"
2019-06-28 11:45:00.000000000,QUERY_SPREAD,90
2019-06-28 11:45:00.000000000,BEST_BID,"JPM,100217,193"
2019-06-28 11:45:00.000000000,BEST_ASK,"JPM,100276,138"
2019-06-28 11:45:00.000000000,LAST_TRADE,"4,$100276.0000"
2019-06-28 11:45:00.000000000,QUERY_SPREAD,91
2019-06-28 11:45:00.000000000,BEST_BID,"JPM,100217,193"
2019-06-28 11:45:00.000000000,BEST_ASK,"JPM,100276,135"
2019-06-28 11:45:00.000000000,LAST_TRADE,"3,$100276.0000"
2019-06-28 11:45:00.000000000,QUERY_SPREAD,92
2019-06-28 11:45:00.000000000,BEST_BID,"JPM,100217,193"
2019-06-28 11:45:00.000000000,BEST_ASK,"JPM,100276,130"
2019-06-28 11:45:00.000000000,LAST_TRADE,"5,$100276.0000"
2019-06-28 11:45:00.000000000,QUERY_SPREAD,93
2019-06-28 11:45:00.000000000,BEST_BID,"JPM,100217,193"
2019-06-28 11:45:00.000000000,BEST_ASK,"JPM,100276,123"
2019-06-28 11:45:00.000000000,LAST_TRADE,"7,$100276.0000"
2019-06-28 11:45:00.000000000,QUERY_SPREAD,94
2019-06-28 11:45:00.000000000,BEST_BID,"JPM,100217,193"
2019-06-28 11:45:00.000000000,BEST_ASK,"JPM,100276,122"
2019-06-28 11:45:00.000000000,LAST_TRADE,"1,$100276.0000"
2019-06-28 11:45:00.000000000,QUERY_SPREAD,95
2019-06-28 11:45:00.000000000,BEST_BID,"JPM,100217,193"
2019-06-28 11:45:00.000000000,BEST_ASK,"JPM,100276,121"
2019-06-28 11:45:00.000000000,LAST_TRADE,"1,$100276.0000"
2019-06-28 11:45:00.000000000,QUERY_SPREAD,96
2019-06-28 11:45:00.000000000,BEST_BID,"JPM,100217,193"
2019-06-28 11:45:00.000000000,BEST_ASK,"JPM,100276,117"
2019-06-28 11:45:00.000000000,LAST_TRADE,"4,$100276.0000"
2019-06-28 11:45:00.000000000,QUERY_SPREAD,97
2019-06-28 11:45:00.000000000,BEST_BID,"JPM,100217,193"
2019-06-28 11:45:00.000000000,BEST_ASK,"JPM,100276,114"
2019-06-28 11:45:00.000000000,LAST_TRADE,"3,$100276.0000"
2019-06-28 11:45:00.000000000,QUERY_SPREAD,98
2019-06-28 11:45:00.000000000,BEST_BID,"JPM,100217,193"
2019-06-28 11:45:00.000000000,BEST_ASK,"JPM,100276,109"
2019-06-28 11:45:00.000000000,LAST_TRADE,"5,$100276.0000"
2019-06-28 11:45:00.000000000,QUERY_SPREAD,99
2019-06-28 11:45:00.000000000,BEST_BID,"JPM,100217,193"
2019-06-28 11:45:00.000000000,BEST_ASK,"JPM,100276,105"
2019-06-28 11:45:00.000000000,LAST_TRADE,"4,$100276.0000"
2019-06-28 11:45:00.000000000,QUERY_SPREAD,100
2019-06-28 11:45:00.000000000,BEST_BID,"JPM,100217,193"
2019-06-28 11:45:00.000000000,BEST_ASK,"JPM,100276,100"
2019-06-28 11:45:00.000000000,LAST_TRADE,"5,$100276.0000"
2019-06-28 11:45:00.000000000,QUERY_SPREAD,101
2019-06-28 11:45:00.000000000,BEST_BID,"JPM,100217,193"
2019-06-28 11:45:00.000000000,BEST_ASK,"JPM,100276,99"
2019-06-28 11:45:00.000000000,LAST_TRADE,"1,$100276.0000"
2019-06-28 11:45:00.383121226,QUERY_SPREAD,30
2019-06-28 11:45:00.383121226,BEST_BID,"JPM,100217,93"
2019-06-28 11:45:00.383121226,BEST_ASK,"JPM,100276,99"
2019-06-28 11:45:00.383121226,LAST_TRADE,"100,$100217.0000"
2019-06-28 11:45:10.000000000,QUERY_SPREAD,1
2019-06-28 11:45:10.000000000,BEST_BID,"JPM,100198,226"
2019-06-28 11:45:10.000000000,BEST_ASK,"JPM,100276,6"
2019-06-28 11:45:10.000000000,BEST_BID,"JPM,100198,226"
2019-06-28 11:45:10.000000000,BEST_ASK,"JPM,100276,6"
2019-06-28 11:45:10.000000000,BEST_BID,"JPM,100198,226"
2019-06-28 11:45:10.000000000,BEST_ASK,"JPM,100276,6"
2019-06-28 11:45:10.000000000,BEST_BID,"JPM,100198,226"
2019-06-28 11:45:10.000000000,BEST_ASK,"JPM,100276,132"
2019-06-28 11:45:10.000000000,BEST_BID,"JPM,100198,226"
2019-06-28 11:45:10.000000000,BEST_ASK,"JPM,100276,132"
2019-06-28 11:45:10.000000000,BEST_BID,"JPM,100198,226"
2019-06-28 11:45:10.000000000,BEST_ASK,"JPM,100276,132"
2019-06-28 11:45:10.404251470,QUERY_SPREAD,17
2019-06-28 11:45:10.404251470,BEST_BID,"JPM,100198,226"
2019-06-28 11:45:10.404251470,BEST_ASK,"JPM,100276,132"
2019-06-28 11:45:20.000000000,QUERY_SPREAD,1
2019-06-28 11:45:20.000000000,BEST_BID,"JPM,100198,286"
2019-06-28 11:45:20.000000000,BEST_ASK,"JPM,100276,6"
2019-06-28 11:45:20.000000000,BEST_BID,"JPM,100198,286"
2019-06-28 11:45:20.000000000,BEST_ASK,"JPM,100276,6"
2019-06-28 11:45:20.000000000,BEST_BID,"JPM,100198,286"
2019-06-28 11:45:20.000000000,BEST_ASK,"JPM,100276,192"
2019-06-28 11:45:20.000000000,BEST_BID,"JPM,100198,286"
2019-06-28 11:45:20.000000000,BEST_ASK,"JPM,100276,192"
2019-06-28 11:45:30.000000000,QUERY_SPREAD,1
2019-06-28 11:45:30.000000000,BEST_BID,"JPM,100198,226"
2019-06-28 11:45:30.000000000,BEST_ASK,"JPM,100276,6"
2019-06-28 11:45:30.000000000,BEST_BID,"JPM,100198,226"
2019-06-28 11:45:30.000000000,BEST_ASK,"JPM,100276,6"
2019-06-28 11:45:30.000000000,BEST_BID,"JPM,100198,226"
2019-06-28 11:45:30.000000000,BEST_ASK,"JPM,100276,6"
2019-06-28 11:45:30.000000000,BEST_BID,"JPM,100198,226"
2019-06-28 11:45:30.000000000,BEST_ASK,"JPM,100276,132"
2019-06-28 11:45:30.000000000,BEST_BID,"JPM,100198,226"
2019-06-28 11:45:30.000000000,BEST_ASK,"JPM,100276,132"
2019-06-28 11:45:30.000000000,BEST_BID,"JPM,100198,226"
2019-06-28 11:45:30.000000000,BEST_ASK,"JPM,100276,132"
2019-06-28 11:45:40.000000000,QUERY_SPREAD,1
2019-06-28 11:45:40.000000000,BEST_BID,"JPM,100198,174"
2019-06-28 11:45:40.000000000,BEST_ASK,"JPM,100276,6"
2019-06-28 11:45:40.000000000,BEST_BID,"JPM,100198,174"
2019-06-28 11:45:40.000000000,BEST_ASK,"JPM,100276,6"
2019-06-28 11:45:40.000000000,BEST_BID,"JPM,100198,174"
2019-06-28 11:45:40.000000000,BEST_ASK,"JPM,100276,6"
2019-06-28 11:45:40.000000000,BEST_BID,"JPM,100198,174"
2019-06-28 11:45:40.000000000,BEST_ASK,"JPM,100276,6"
2019-06-28 11:45:40.000000000,BEST_BID,"JPM,100198,174"
2019-06-28 11:45:40.000000000,BEST_ASK,"JPM,100276,6"
2019-06-28 11:45:40.000000000,BEST_BID,"JPM,100198,174"
2019-06-28 11:45:40.000000000,BEST_ASK,"JPM,100276,80"
2019-06-28 11:45:40.000000000,BEST_BID,"JPM,100198,174"
2019-06-28 11:45:40.000000000,BEST_ASK,"JPM,100276,80"
2019-06-28 11:45:40.000000000,BEST_BID,"JPM,100198,174"
2019-06-28 11:45:40.000000000,BEST_ASK,"JPM,100276,80"
2019-06-28 11:45:40.000000000,BEST_BID,"JPM,100198,174"
2019-06-28 11:45:40.000000000,BEST_ASK,"JPM,100276,80"
2019-06-28 11:45:40.000000000,BEST_BID,"JPM,100198,174"
2019-06-28 11:45:40.000000000,BEST_ASK,"JPM,100276,80"
2019-06-28 11:45:46.600076404,QUERY_SPREAD,15
2019-06-28 11:45:46.600076404,BEST_BID,"JPM,100276,20"
2019-06-28 11:45:46.600076404,BEST_ASK,"JPM,100340,174"
2019-06-28 11:45:46.600076404,LAST_TRADE,"80,$100276.0000"
2019-06-28 11:45:49.912050128,QUERY_SPREAD,2
2019-06-28 11:45:49.912050128,BEST_BID,"JPM,100276,20"
2019-06-28 11:45:49.912050128,BEST_ASK,"JPM,100340,74"
2019-06-28 11:45:49.912050128,LAST_TRADE,"100,$100340.0000"
2019-06-28 11:45:50.000000000,QUERY_SPREAD,1
2019-06-28 11:45:50.000000000,BEST_BID,"JPM,100276,206"
2019-06-28 11:45:50.000000000,BEST_ASK,"JPM,100596,281"
2019-06-28 11:45:50.000000000,BEST_BID,"JPM,100276,206"
2019-06-28 11:45:50.000000000,BEST_ASK,"JPM,100596,281"
2019-06-28 11:45:50.000000000,BEST_BID,"JPM,100276,206"
2019-06-28 11:45:50.000000000,BEST_ASK,"JPM,100596,467"
2019-06-28 11:45:50.000000000,BEST_BID,"JPM,100276,206"
2019-06-28 11:45:50.000000000,BEST_ASK,"JPM,100596,467"
2019-06-28 11:45:50.556413136,QUERY_SPREAD,7
2019-06-28 11:45:50.556413136,BEST_BID,"JPM,100301,100"
2019-06-28 11:45:50.556413136,BEST_ASK,"JPM,100596,467"
2019-06-28 11:45:52.025677319,QUERY_SPREAD,26
2019-06-28 11:45:52.025677319,BEST_BID,"JPM,100301,100"
2019-06-28 11:45:52.025677319,BEST_ASK,"JPM,100596,467"
2019-06-28 11:46:00.000000000,QUERY_SPREAD,1
2019-06-28 11:46:00.000000000,BEST_BID,"JPM,100301,174"
2019-06-28 11:46:00.000000000,BEST_ASK,"JPM,100596,281"
2019-06-28 11:46:00.000000000,BEST_BID,"JPM,100301,174"
2019-06-28 11:46:00.000000000,BEST_ASK,"JPM,100596,281"
2019-06-28 11:46:00.000000000,BEST_BID,"JPM,100301,174"
2019-06-28 11:46:00.000000000,BEST_ASK,"JPM,100596,281"
2019-06-28 11:46:00.000000000,BEST_BID,"JPM,100301,174"
2019-06-28 11:46:00.000000000,BEST_ASK,"JPM,100596,281"
2019-06-28 11:46:00.000000000,BEST_BID,"JPM,100301,174"
2019-06-28 11:46:00.000000000,BEST_ASK,"JPM,100596,281"
2019-06-28 11:46:00.000000000,BEST_BID,"JPM,100301,174"
2019-06-28 11:46:00.000000000,BEST_ASK,"JPM,100596,355"
2019-06-28 11:46:00.000000000,BEST_BID,"JPM,100301,174"
2019-06-28 11:46:00.000000000,BEST_ASK,"JPM,100596,355"
2019-06-28 11:46:00.000000000,BEST_BID,"JPM,100301,174"
2019-06-28 11:46:00.000000000,BEST_ASK,"JPM,100596,355"
2019-06-28 11:46:00.000000000,BEST_BID,"JPM,100301,174"
2019-06-28 11:46:00.000000000,BEST_ASK,"JPM,100596,355"
2019-06-28 11:46:00.000000000,QUERY_SPREAD,77
2019-06-28 11:46:00.000000000,BEST_BID,"JPM,100301,174"
2019-06-28 11:46:00.000000000,BEST_ASK,"JPM,100596,350"
2019-06-28 11:46:00.000000000,LAST_TRADE,"5,$100596.0000"
2019-06-28 11:46:00.000000000,QUERY_SPREAD,78
2019-06-28 11:46:00.000000000,BEST_BID,"JPM,100301,174"
2019-06-28 11:46:00.000000000,BEST_ASK,"JPM,100596,342"
2019-06-28 11:46:00.000000000,LAST_TRADE,"8,$100596.0000"
2019-06-28 11:46:00.000000000,QUERY_SPREAD,79
2019-06-28 11:46:00.000000000,BEST_BID,"JPM,100301,174"
2019-06-28 11:46:00.000000000,BEST_ASK,"JPM,100596,337"
2019-06-28 11:46:00.000000000,LAST_TRADE,"5,$100596.0000"
2019-06-28 11:46:00.000000000,QUERY_SPREAD,80
2019-06-28 11:46:00.000000000,BEST_BID,"JPM,100301,174"
2019-06-28 11:46:00.000000000,BEST_ASK,"JPM,100596,329"
2019-06-28 11:46:00.000000000,LAST_TRADE,"8,$100596.0000"
2019-06-28 11:46:00.000000000,QUERY_SPREAD,81
2019-06-28 11:46:00.000000000,BEST_BID,"JPM,100301,174"
2019-06-28 11:46:00.000000000,BEST_ASK,"JPM,100596,320"
2019-06-28 11:46:00.000000000,LAST_TRADE,"9,$100596.0000"
2019-06-28 11:46:00.000000000,QUERY_SPREAD,82
2019-06-28 11:46:00.000000000,BEST_BID,"JPM,100301,174"
2019-06-28 11:46:00.000000000,BEST_ASK,"JPM,100596,317"
2019-06-28 11:46:00.000000000,LAST_TRADE,"3,$100596.0000"
2019-06-28 11:46:00.000000000,QUERY_SPREAD,83
2019-06-28 11:46:00.000000000,BEST_BID,"JPM,100301,174"
2019-06-28 11:46:00.000000000,BEST_ASK,"JPM,100596,309"
2019-06-28 11:46:00.000000000,LAST_TRADE,"8,$100596.0000"
2019-06-28 11:46:00.000000000,QUERY_SPREAD,84
2019-06-28 11:46:00.000000000,BEST_BID,"JPM,100301,174"
2019-06-28 11:46:00.000000000,BEST_ASK,"JPM,100596,305"
2019-06-28 11:46:00.000000000,LAST_TRADE,"4,$100596.0000"
2019-06-28 11:46:00.000000000,QUERY_SPREAD,85
2019-06-28 11:46:00.000000000,BEST_BID,"JPM,100301,174"
2019-06-28 11:46:00.000000000,BEST_ASK,"JPM,100596,300"
2019-06-28 11:46:00.000000000,LAST_TRADE,"5,$100596.0000"
2019-06-28 11:46:00.000000000,QUERY_SPREAD,86
2019-06-28 11:46:00.000000000,BEST_BID,"JPM,100301,174"
2019-06-28 11:46:00.000000000,BEST_ASK,"JPM,100596,298"
2019-06-28 11:46:00.000000000,LAST_TRADE,"2,$100596.0000"
2019-06-28 11:46:00.000000000,QUERY_SPREAD,87
2019-06-28 11:46:00.000000000,BEST_BID,"JPM,100301,174"
2019-06-28 11:46:00.000000000,BEST_ASK,"JPM,100596,291"
2019-06-28 11:46:00.000000000,LAST_TRADE,"7,$100596.0000"
2019-06-28 11:46:00.000000000,QUERY_SPREAD,88
2019-06-28 11:46:00.000000000,BEST_BID,"JPM,100301,174"
2019-06-28 11:46:00.000000000,BEST_ASK,"JPM,100596,283"
2019-06-28 11:46:00.000000000,LAST_TRADE,"8,$100596.0000"
2019-06-28 11:46:00.000000000,QUERY_SPREAD,89
2019-06-28 11:46:00.000000000,BEST_BID,"JPM,100301,174"
2019-06-28 11:46:00.000000000,BEST_ASK,"JPM,100596,278"
2019-06-28 11:46:00.000000000,LAST_TRADE,"5,$100596.0000"
2019-06-28 11:46:00.000000000,QUERY_SPREAD,90
2019-06-28 11:46:00.000000000,BEST_BID,"JPM,100301,174"
2019-06-28 11:46:00.000000000,BEST_ASK,"JPM,100596,274"
2019-06-28 11:46:00.000000000,LAST_TRADE,"4,$100596.0000"
2019-06-28 11:46:00.000000000,QUERY_SPREAD,91
2019-06-28 11:46:00.000000000,BEST_BID,"JPM,100301,174"
2019-06-28 11:46:00.000000000,BEST_ASK,"JPM,100596,271"
2019-06-28 11:46:00.000000000,LAST_TRADE,"3,$100596.0000"
2019-06-28 11:46:00.000000000,QUERY_SPREAD,92
2019-06-28 11:46:00.000000000,BEST_BID,"JPM,100301,174"
2019-06-28 11:46:00.000000000,BEST_ASK,"JPM,100596,266"
2019-06-28 11:46:00.000000000,LAST_TRADE,"5,$100596.0000"
2019-06-28 11:46:00.000000000,QUERY_SPREAD,93
2019-06-28 11:46:00.000000000,BEST_BID,"JPM,100301,174"
2019-06-28 11:46:00.000000000,BEST_ASK,"JPM,100596,259"
2019-06-28 11:46:00.000000000,LAST_TRADE,"7,$100596.0000"
2019-06-28 11:46:00.000000000,QUERY_SPREAD,94
2019-06-28 11:46:00.000000000,BEST_BID,"JPM,100301,174"
2019-06-28 11:46:00.000000000,BEST_ASK,"JPM,100596,258"
2019-06-28 11:46:00.000000000,LAST_TRADE,"1,$100596.0000"
2019-06-28 11:46:00.000000000,QUERY_SPREAD,95
2019-06-28 11:46:00.000000000,BEST_BID,"JPM,100301,174"
2019-06-28 11:46:00.000000000,BEST_ASK,"JPM,100596,257"
2019-06-28 11:46:00.000000000,LAST_TRADE,"1,$100596.0000"
2019-06-28 11:46:00.000000000,QUERY_SPREAD,96
2019-06-28 11:46:00.000000000,BEST_BID,"JPM,100301,174"
2019-06-28 11:46:00.000000000,BEST_ASK,"JPM,100596,253"
2019-06-28 11:46:00.000000000,LAST_TRADE,"4,$100596.0000"
2019-06-28 11:46:00.000000000,QUERY_SPREAD,97
2019-06-28 11:46:00.000000000,BEST_BID,"JPM,100301,174"
2019-06-28 11:46:00.000000000,BEST_ASK,"JPM,100596,250"
2019-06-28 11:46:00.000000000,LAST_TRADE,"3,$100596.0000"
2019-06-28 11:46:00.000000000,QUERY_SPREAD,98
2019-06-28 11:46:00.000000000,BEST_BID,"JPM,100301,174"
2019-06-28 11:46:00.000000000,BEST_ASK,"JPM,100596,245"
2019-06-28 11:46:00.000000000,LAST_TRADE,"5,$100596.0000"
2019-06-28 11:46:00.000000000,QUERY_SPREAD,99
2019-06-28 11:46:00.000000000,BEST_BID,"JPM,100301,174"
2019-06-28 11:46:00.000000000,BEST_ASK,"JPM,100596,241"
2019-06-28 11:46:00.000000000,LAST_TRADE,"4,$100596.0000"
2019-06-28 11:46:00.000000000,QUERY_SPREAD,100
2019-06-28 11:46:00.000000000,BEST_BID,"JPM,100301,174"
2019-06-28 11:46:00.000000000,BEST_ASK,"JPM,100596,236"
2019-06-28 11:46:00.000000000,LAST_TRADE,"5,$100596.0000"
2019-06-28 11:46:00.000000000,QUERY_SPREAD,101
2019-06-28 11:46:00.000000000,BEST_BID,"JPM,100301,174"
2019-06-28 11:46:00.000000000,BEST_ASK,"JPM,100596,235"
2019-06-28 11:46:00.000000000,LAST_TRADE,"1,$100596.0000"
2019-06-28 11:46:02.689163211,QUERY_SPREAD,22
2019-06-28 11:46:02.689163211,BEST_BID,"JPM,100301,174"
2019-06-28 11:46:02.689163211,BEST_ASK,"JPM,100440,100"
2019-06-28 11:46:10.000000000,QUERY_SPREAD,1
2019-06-28 11:46:10.000000000,BEST_BID,"JPM,100301,174"
2019-06-28 11:46:10.000000000,BEST_ASK,"JPM,100440,100"
2019-06-28 11:46:10.000000000,BEST_BID,"JPM,100301,174"
2019-06-28 11:46:10.000000000,BEST_ASK,"JPM,100440,100"
2019-06-28 11:46:10.000000000,BEST_BID,"JPM,100301,174"
2019-06-28 11:46:10.000000000,BEST_ASK,"JPM,100440,100"
2019-06-28 11:46:10.000000000,BEST_BID,"JPM,100301,174"
2019-06-28 11:46:10.000000000,BEST_ASK,"JPM,100440,100"
2019-06-28 11:46:10.000000000,BEST_BID,"JPM,100301,174"
2019-06-28 11:46:10.000000000,BEST_ASK,"JPM,100440,100"
2019-06-28 11:46:10.000000000,BEST_BID,"JPM,100301,174"
2019-06-28 11:46:10.000000000,BEST_ASK,"JPM,100440,174"
2019-06-28 11:46:10.000000000,BEST_BID,"JPM,100301,174"
2019-06-28 11:46:10.000000000,BEST_ASK,"JPM,100440,174"
2019-06-28 11:46:10.000000000,BEST_BID,"JPM,100301,174"
2019-06-28 11:46:10.000000000,BEST_ASK,"JPM,100440,174"
2019-06-28 11:46:10.000000000,BEST_BID,"JPM,100301,174"
2019-06-28 11:46:10.000000000,BEST_ASK,"JPM,100440,174"
2019-06-28 11:46:10.000000000,BEST_BID,"JPM,100301,174"
2019-06-28 11:46:10.000000000,BEST_ASK,"JPM,100440,174"
2019-06-28 11:46:12.227942333,QUERY_SPREAD,39
2019-06-28 11:46:12.227942333,BEST_BID,"JPM,100301,174"
2019-06-28 11:46:12.227942333,BEST_ASK,"JPM,100440,174"
2019-06-28 11:46:20.000000000,QUERY_SPREAD,1
2019-06-28 11:46:20.000000000,BEST_BID,"JPM,100301,286"
2019-06-28 11:46:20.000000000,BEST_ASK,"JPM,100440,100"
2019-06-28 11:46:20.000000000,BEST_BID,"JPM,100301,286"
2019-06-28 11:46:20.000000000,BEST_ASK,"JPM,100440,100"
2019-06-28 11:46:20.000000000,BEST_BID,"JPM,100301,286"
2019-06-28 11:46:20.000000000,BEST_ASK,"JPM,100440,286"
2019-06-28 11:46:20.000000000,BEST_BID,"JPM,100301,286"
2019-06-28 11:46:20.000000000,BEST_ASK,"JPM,100440,286"
2019-06-28 11:46:30.000000000,QUERY_SPREAD,1
2019-06-28 11:46:30.000000000,BEST_BID,"JPM,100301,471"
2019-06-28 11:46:30.000000000,BEST_ASK,"JPM,100440,100"
2019-06-28 11:46:30.000000000,BEST_BID,"JPM,100301,471"
2019-06-28 11:46:30.000000000,BEST_ASK,"JPM,100440,471"
2019-06-28 11:46:31.503054410,QUERY_SPREAD,49
2019-06-28 11:46:31.503054410,BEST_BID,"JPM,100301,371"
2019-06-28 11:46:31.503054410,BEST_ASK,"JPM,100440,471"
2019-06-28 11:46:31.503054410,LAST_TRADE,"100,$100301.0000"
2019-06-28 11:46:33.680131804,QUERY_ORDER_STREAM,54
2019-06-28 11:46:33.680131804,QUERY_SPREAD,54
2019-06-28 11:46:33.680131804,BEST_BID,"JPM,100301,371"
2019-06-28 11:46:33.680131804,BEST_ASK,"JPM,100439,100"
2019-06-28 11:46:40.000000000,QUERY_SPREAD,1
2019-06-28 11:46:40.000000000,BEST_BID,"JPM,100276,391"
2019-06-28 11:46:40.000000000,BEST_ASK,"JPM,100439,100"
2019-06-28 11:46:40.000000000,BEST_BID,"JPM,100276,391"
2019-06-28 11:46:40.000000000,BEST_ASK,"JPM,100439,471"
2019-06-28 11:46:49.819701569,QUERY_SPREAD,9
2019-06-28 11:46:49.819701569,BEST_BID,"JPM,100276,391"
2019-06-28 11:46:49.819701569,BEST_ASK,"JPM,100388,100"
2019-06-28 11:46:50.000000000,QUERY_SPREAD,1
2019-06-28 11:46:50.000000000,BEST_BID,"JPM,100276,146"
2019-06-28 11:46:50.000000000,BEST_ASK,"JPM,100388,100"
2019-06-28 11:46:50.000000000,BEST_BID,"JPM,100276,146"
2019-06-28 11:46:50.000000000,BEST_ASK,"JPM,100388,100"
2019-06-28 11:46:50.000000000,BEST_BID,"JPM,100276,146"
2019-06-28 11:46:50.000000000,BEST_ASK,"JPM,100388,100"
2019-06-28 11:46:50.000000000,BEST_BID,"JPM,100276,146"
2019-06-28 11:46:50.000000000,BEST_ASK,"JPM,100388,226"
2019-06-28 11:46:50.000000000,BEST_BID,"JPM,100276,146"
2019-06-28 11:46:50.000000000,BEST_ASK,"JPM,100388,226"
2019-06-28 11:46:50.000000000,BEST_BID,"JPM,100276,146"
2019-06-28 11:46:50.000000000,BEST_ASK,"JPM,100388,226"
2019-06-28 11:46:50.865597207,QUERY_SPREAD,42
2019-06-28 11:46:50.865597207,BEST_BID,"JPM,100276,46"
2019-06-28 11:46:50.865597207,BEST_ASK,"JPM,100388,226"
2019-06-28 11:46:50.865597207,LAST_TRADE,"100,$100276.0000"
2019-06-28 11:47:00.000000000,QUERY_SPREAD,1
2019-06-28 11:47:00.000000000,BEST_BID,"JPM,100234,471"
2019-06-28 11:47:00.000000000,BEST_ASK,"JPM,100388,100"
2019-06-28 11:47:00.000000000,BEST_BID,"JPM,100234,471"
2019-06-28 11:47:00.000000000,BEST_ASK,"JPM,100388,471"
2019-06-28 11:47:00.000000000,QUERY_SPREAD,77
2019-06-28 11:47:00.000000000,BEST_BID,"JPM,100234,471"
2019-06-28 11:47:00.000000000,BEST_ASK,"JPM,100388,466"
2019-06-28 11:47:00.000000000,LAST_TRADE,"5,$100388.0000"
2019-06-28 11:47:00.000000000,QUERY_SPREAD,78
2019-06-28 11:47:00.000000000,BEST_BID,"JPM,100234,471"
2019-06-28 11:47:00.000000000,BEST_ASK,"JPM,100388,458"
2019-06-28 11:47:00.000000000,LAST_TRADE,"8,$100388.0000"
2019-06-28 11:47:00.000000000,QUERY_SPREAD,79
2019-06-28 11:47:00.000000000,BEST_BID,"JPM,100234,471"
2019-06-28 11:47:00.000000000,BEST_ASK,"JPM,100388,453"
2019-06-28 11:47:00.000000000,LAST_TRADE,"5,$100388.0000"
2019-06-28 11:47:00.000000000,QUERY_SPREAD,80
2019-06-28 11:47:00.000000000,BEST_BID,"JPM,100234,471"
2019-06-28 11:47:00.000000000,BEST_ASK,"JPM,100388,445"
2019-06-28 11:47:00.000000000,LAST_TRADE,"8,$100388.0000"
2019-06-28 11:47:00.000000000,QUERY_SPREAD,81
2019-06-28 11:47:00.000000000,BEST_BID,"JPM,100234,471"
2019-06-28 11:47:00.000000000,BEST_ASK,"JPM,100388,436"
2019-06-28 11:47:00.000000000,LAST_TRADE,"9,$100388.0000"
2019-06-28 11:47:00.000000000,QUERY_SPREAD,82
2019-06-28 11:47:00.000000000,BEST_BID,"JPM,100234,471"
2019-06-28 11:47:00.000000000,BEST_ASK,"JPM,100388,433"
2019-06-28 11:47:00.000000000,LAST_TRADE,"3,$100388.0000"
2019-06-28 11:47:00.000000000,QUERY_SPREAD,83
2019-06-28 11:47:00.000000000,BEST_BID,"JPM,100234,471"
2019-06-28 11:47:00.000000000,BEST_ASK,"JPM,100388,425"
2019-06-28 11:47:00.000000000,LAST_TRADE,"8,$100388.0000"
2019-06-28 11:47:00.000000000,QUERY_SPREAD,84
2019-06-28 11:47:00.000000000,BEST_BID,"JPM,100234,471"
2019-06-28 11:47:00.000000000,BEST_ASK,"JPM,100388,421"
2019-06-28 11:47:00.000000000,LAST_TRADE,"4,$100388.0000"
2019-06-28 11:47:00.000000000,QUERY_SPREAD,85
2019-06-28 11:47:00.000000000,BEST_BID,"JPM,100234,471"
2019-06-28 11:47:00.000000000,BEST_ASK,"JPM,100388,416"
2019-06-28 11:47:00.000000000,LAST_TRADE,"5,$100388.0000"
2019-06-28 11:47:00.000000000,QUERY_SPREAD,86
2019-06-28 11:47:00.000000000,BEST_BID,"JPM,100234,471"
2019-06-28 11:47:00.000000000,BEST_ASK,"JPM,100388,414"
2019-06-28 11:47:00.000000000,LAST_TRADE,"2,$100388.0000"
2019-06-28 11:47:00.000000000,QUERY_SPREAD,87
2019-06-28 11:47:00.000000000,BEST_BID,"JPM,100234,471"
2019-06-28 11:47:00.000000000,BEST_ASK,"JPM,100388,407"
2019-06-28 11:47:00.000000000,LAST_TRADE,"7,$100388.0000"
2019-06-28 11:47:00.000000000,QUERY_SPREAD,88
2019-06-28 11:47:00.000000000,BEST_BID,"JPM,100234,471"
2019-06-28 11:47:00.000000000,BEST_ASK,"JPM,100388,399"
2019-06-28 11:47:00.000000000,LAST_TRADE,"8,$100388.0000"
2019-06-28 11:47:00.000000000,QUERY_SPREAD,89
2019-06-28 11:47:00.000000000,BEST_BID,"JPM,100234,471"
2019-06-28 11:47:00.000000000,BEST_ASK,"JPM,100388,394"
2019-06-28 11:47:00.000000000,LAST_TRADE,"5,$100388.0000"
2019-06-28 11:47:00.000000000,QUERY_SPREAD,90
2019-06-28 11:47:00.000000000,BEST_BID,"JPM,100234,471"
2019-06-28 11:47:00.000000000,BEST_ASK,"JPM,100388,390"
2019-06-28 11:47:00.000000000,LAST_TRADE,"4,$100388.0000"
2019-06-28 11:47:00.000000000,QUERY_SPREAD,91
2019-06-28 11:47:00.000000000,BEST_BID,"JPM,100234,471"
2019-06-28 11:47:00.000000000,BEST_ASK,"JPM,100388,387"
2019-06-28 11:47:00.000000000,LAST_TRADE,"3,$100388.0000"
2019-06-28 11:47:00.000000000,QUERY_SPREAD,92
2019-06-28 11:47:00.000000000,BEST_BID,"JPM,100234,471"
2019-06-28 11:47:00.000000000,BEST_ASK,"JPM,100388,382"
2019-06-28 11:47:00.000000000,LAST_TRADE,"5,$100388.0000"
2019-06-28 11:47:00.000000000,QUERY_SPREAD,93
2019-06-28 11:47:00.000000000,BEST_BID,"JPM,100234,471"
2019-06-28 11:47:00.000000000,BEST_ASK,"JPM,100388,375"
2019-06-28 11:47:00.000000000,LAST_TRADE,"7,$100388.0000"
2019-06-28 11:47:00.000000000,QUERY_SPREAD,94
2019-06-28 11:47:00.000000000,BEST_BID,"JPM,100234,471"
2019-06-28 11:47:00.000000000,BEST_ASK,"JPM,100388,374"
2019-06-28 11:47:00.000000000,LAST_TRADE,"1,$100388.0000"
2019-06-28 11:47:00.000000000,QUERY_SPREAD,95
2019-06-28 11:47:00.000000000,BEST_BID,"JPM,100234,471"
2019-06-28 11:47:00.000000000,BEST_ASK,"JPM,100388,373"
2019-06-28 11:47:00.000000000,LAST_TRADE,"1,$100388.0000"
2019-06-28 11:47:00.000000000,QUERY_SPREAD,96
2019-06-28 11:47:00.000000000,BEST_BID,"JPM,100234,471"
2019-06-28 11:47:00.000000000,BEST_ASK,"JPM,100388,369"
2019-06-28 11:47:00.000000000,LAST_TRADE,"4,$100388.0000"
2019-06-28 11:47:00.000000000,QUERY_SPREAD,97
2019-06-28 11:47:00.000000000,BEST_BID,"JPM,100234,471"
2019-06-28 11:47:00.000000000,BEST_ASK,"JPM,100388,366"
2019-06-28 11:47:00.000000000,LAST_TRADE,"3,$100388.0000"
2019-06-28 11:47:00.000000000,QUERY_SPREAD,98
2019-06-28 11:47:00.000000000,BEST_BID,"JPM,100234,471"
2019-06-28 11:47:00.000000000,BEST_ASK,"JPM,100388,361"
2019-06-28 11:47:00.000000000,LAST_TRADE,"5,$100388.0000"
2019-06-28 11:47:00.000000000,QUERY_SPREAD,99
2019-06-28 11:47:00.000000000,BEST_BID,"JPM,100234,471"
2019-06-28 11:47:00.000000000,BEST_ASK,"JPM,100388,357"
2019-06-28 11:47:00.000000000,LAST_TRADE,"4,$100388.0000"
2019-06-28 11:47:00.000000000,QUERY_SPREAD,100
2019-06-28 11:47:00.000000000,BEST_BID,"JPM,100234,471"
2019-06-28 11:47:00.000000000,BEST_ASK,"JPM,100388,352"
2019-06-28 11:47:00.000000000,LAST_TRADE,"5,$100388.0000"
2019-06-28 11:47:00.000000000,QUERY_SPREAD,101
2019-06-28 11:47:00.000000000,BEST_BID,"JPM,100234,471"
2019-06-28 11:47:00.000000000,BEST_ASK,"JPM,100388,351"
2019-06-28 11:47:00.000000000,LAST_TRADE,"1,$100388.0000"
2019-06-28 11:47:02.580318222,QUERY_SPREAD,44
2019-06-28 11:47:02.580318222,BEST_BID,"JPM,100234,471"
2019-06-28 11:47:02.580318222,BEST_ASK,"JPM,100388,351"
2019-06-28 11:47:10.000000000,QUERY_SPREAD,1
2019-06-28 11:47:10.000000000,BEST_BID,"JPM,100234,174"
2019-06-28 11:47:10.000000000,BEST_ASK,"JPM,100439,100"
2019-06-28 11:47:10.000000000,BEST_BID,"JPM,100234,174"
2019-06-28 11:47:10.000000000,BEST_ASK,"JPM,100439,100"
2019-06-28 11:47:10.000000000,BEST_BID,"JPM,100234,174"
2019-06-28 11:47:10.000000000,BEST_ASK,"JPM,100439,100"
2019-06-28 11:47:10.000000000,BEST_BID,"JPM,100234,174"
2019-06-28 11:47:10.000000000,BEST_ASK,"JPM,100439,100"
2019-06-28 11:47:10.000000000,BEST_BID,"JPM,100234,174"
2019-06-28 11:47:10.000000000,BEST_ASK,"JPM,100439,100"
2019-06-28 11:47:10.000000000,BEST_BID,"JPM,100234,174"
2019-06-28 11:47:10.000000000,BEST_ASK,"JPM,100439,174"
2019-06-28 11:47:10.000000000,BEST_BID,"JPM,100234,174"
2019-06-28 11:47:10.000000000,BEST_ASK,"JPM,100439,174"
2019-06-28 11:47:10.000000000,BEST_BID,"JPM,100234,174"
2019-06-28 11:47:10.000000000,BEST_ASK,"JPM,100439,174"
2019-06-28 11:47:10.000000000,BEST_BID,"JPM,100234,174"
2019-06-28 11:47:10.000000000,BEST_ASK,"JPM,100439,174"
2019-06-28 11:47:10.000000000,BEST_BID,"JPM,100234,174"
2019-06-28 11:47:10.000000000,BEST_ASK,"JPM,100439,174"
2019-06-28 11:47:18.795536224,QUERY_SPREAD,8
2019-06-28 11:47:18.795536224,BEST_BID,"JPM,100295,100"
2019-06-28 11:47:18.795536224,BEST_ASK,"JPM,100439,174"
2019-06-28 11:47:20.000000000,QUERY_SPREAD,1
2019-06-28 11:47:20.000000000,BEST_BID,"JPM,100295,226"
2019-06-28 11:47:20.000000000,BEST_ASK,"JPM,100439,100"
2019-06-28 11:47:20.000000000,BEST_BID,"JPM,100295,226"
2019-06-28 11:47:20.000000000,BEST_ASK,"JPM,100439,100"
2019-06-28 11:47:20.000000000,BEST_BID,"JPM,100295,226"
2019-06-28 11:47:20.000000000,BEST_ASK,"JPM,100439,100"
2019-06-28 11:47:20.000000000,BEST_BID,"JPM,100295,226"
2019-06-28 11:47:20.000000000,BEST_ASK,"JPM,100439,226"
2019-06-28 11:47:20.000000000,BEST_BID,"JPM,100295,226"
2019-06-28 11:47:20.000000000,BEST_ASK,"JPM,100439,226"
2019-06-28 11:47:20.000000000,BEST_BID,"JPM,100295,226"
2019-06-28 11:47:20.000000000,BEST_ASK,"JPM,100439,226"
2019-06-28 11:47:30.000000000,QUERY_SPREAD,1
2019-06-28 11:47:30.000000000,BEST_BID,"JPM,100295,174"
2019-06-28 11:47:30.000000000,BEST_ASK,"JPM,100439,100"
2019-06-28 11:47:30.000000000,BEST_BID,"JPM,100295,174"
2019-06-28 11:47:30.000000000,BEST_ASK,"JPM,100439,100"
2019-06-28 11:47:30.000000000,BEST_BID,"JPM,100295,174"
2019-06-28 11:47:30.000000000,BEST_ASK,"JPM,100439,100"
2019-06-28 11:47:30.000000000,BEST_BID,"JPM,100295,174"
2019-06-28 11:47:30.000000000,BEST_ASK,"JPM,100439,100"
2019-06-28 11:47:30.000000000,BEST_BID,"JPM,100295,174"
2019-06-28 11:47:30.000000000,BEST_ASK,"JPM,100439,100"
2019-06-28 11:47:30.000000000,BEST_BID,"JPM,100295,174"
2019-06-28 11:47:30.000000000,BEST_ASK,"JPM,100439,174"
2019-06-28 11:47:30.000000000,BEST_BID,"JPM,100295,174"
2019-06-28 11:47:30.000000000,BEST_ASK,"JPM,100439,174"
2019-06-28 11:47:30.000000000,BEST_BID,"JPM,100295,174"
2019-06-28 11:47:30.000000000,BEST_ASK,"JPM,100439,174"
2019-06-28 11:47:30.000000000,BEST_BID,"JPM,100295,174"
2019-06-28 11:47:30.000000000,BEST_ASK,"JPM,100439,174"
2019-06-28 11:47:30.000000000,BEST_BID,"JPM,100295,174"
2019-06-28 11:47:30.000000000,BEST_ASK,"JPM,100439,174"
2019-06-28 11:47:36.537924196,QUERY_ORDER_STREAM,76
2019-06-28 11:47:36.537924196,QUERY_SPREAD,76
2019-06-28 11:47:36.537924196,BEST_BID,"JPM,100295,174"
2019-06-28 11:47:36.537924196,BEST_ASK,"JPM,100388,100"
2019-06-28 11:47:40.000000000,QUERY_SPREAD,1
2019-06-28 11:47:40.000000000,BEST_BID,"JPM,100295,286"
2019-06-28 11:47:40.000000000,BEST_ASK,"JPM,100388,100"
2019-06-28 11:47:40.000000000,BEST_BID,"JPM,100295,286"
2019-06-28 11:47:40.000000000,BEST_ASK,"JPM,100388,100"
2019-06-28 11:47:40.000000000,BEST_BID,"JPM,100295,286"
2019-06-28 11:47:40.000000000,BEST_ASK,"JPM,100388,286"
2019-06-28 11:47:40.000000000,BEST_BID,"JPM,100295,286"
2019-06-28 11:47:40.000000000,BEST_ASK,"JPM,100388,286"
2019-06-28 11:47:50.000000000,QUERY_SPREAD,1
2019-06-28 11:47:50.000000000,BEST_BID,"JPM,100295,226"
2019-06-28 11:47:50.000000000,BEST_ASK,"JPM,100388,100"
2019-06-28 11:47:50.000000000,BEST_BID,"JPM,100295,226"
2019-06-28 11:47:50.000000000,BEST_ASK,"JPM,100388,100"
2019-06-28 11:47:50.000000000,BEST_BID,"JPM,100295,226"
2019-06-28 11:47:50.000000000,BEST_ASK,"JPM,100388,100"
2019-06-28 11:47:50.000000000,BEST_BID,"JPM,100295,226"
2019-06-28 11:47:50.000000000,BEST_ASK,"JPM,100388,226"
2019-06-28 11:47:50.000000000,BEST_BID,"JPM,100295,226"
2019-06-28 11:47:50.000000000,BEST_ASK,"JPM,100388,226"
2019-06-28 11:47:50.000000000,BEST_BID,"JPM,100295,226"
2019-06-28 11:47:50.000000000,BEST_ASK,"JPM,100388,226"
2019-06-28 11:47:51.507653465,QUERY_ORDER_STREAM,74
2019-06-28 11:47:51.507653465,QUERY_SPREAD,74
2019-06-28 11:47:51.507653465,BEST_BID,"JPM,100295,226"
2019-06-28 11:47:51.507653465,BEST_ASK,"JPM,100388,326"
2019-06-28 11:47:58.126979236,QUERY_SPREAD,35
2019-06-28 11:47:58.126979236,BEST_BID,"JPM,100295,226"
2019-06-28 11:47:58.126979236,BEST_ASK,"JPM,100388,326"
2019-06-28 11:48:00.000000000,QUERY_SPREAD,1
2019-06-28 11:48:00.000000000,BEST_BID,"JPM,100295,286"
2019-06-28 11:48:00.000000000,BEST_ASK,"JPM,100388,200"
2019-06-28 11:48:00.000000000,BEST_BID,"JPM,100295,286"
2019-06-28 11:48:00.000000000,BEST_ASK,"JPM,100388,200"
2019-06-28 11:48:00.000000000,BEST_BID,"JPM,100295,286"
2019-06-28 11:48:00.000000000,BEST_ASK,"JPM,100388,386"
2019-06-28 11:48:00.000000000,BEST_BID,"JPM,100295,286"
2019-06-28 11:48:00.000000000,BEST_ASK,"JPM,100388,386"
2019-06-28 11:48:00.000000000,QUERY_SPREAD,77
2019-06-28 11:48:00.000000000,BEST_BID,"JPM,100295,286"
2019-06-28 11:48:00.000000000,BEST_ASK,"JPM,100388,381"
2019-06-28 11:48:00.000000000,LAST_TRADE,"5,$100388.0000"
2019-06-28 11:48:00.000000000,QUERY_SPREAD,78
2019-06-28 11:48:00.000000000,BEST_BID,"JPM,100295,286"
2019-06-28 11:48:00.000000000,BEST_ASK,"JPM,100388,373"
2019-06-28 11:48:00.000000000,LAST_TRADE,"8,$100388.0000"
2019-06-28 11:48:00.000000000,QUERY_SPREAD,79
2019-06-28 11:48:00.000000000,BEST_BID,"JPM,100295,286"
2019-06-28 11:48:00.000000000,BEST_ASK,"JPM,100388,368"
2019-06-28 11:48:00.000000000,LAST_TRADE,"5,$100388.0000"
2019-06-28 11:48:00.000000000,QUERY_SPREAD,80
2019-06-28 11:48:00.000000000,BEST_BID,"JPM,100295,286"
2019-06-28 11:48:00.000000000,BEST_ASK,"JPM,100388,360"
2019-06-28 11:48:00.000000000,LAST_TRADE,"8,$100388.0000"
2019-06-28 11:48:00.000000000,QUERY_SPREAD,81
2019-06-28 11:48:00.000000000,BEST_BID,"JPM,100295,286"
2019-06-28 11:48:00.000000000,BEST_ASK,"JPM,100388,351"
2019-06-28 11:48:00.000000000,LAST_TRADE,"9,$100388.0000"
2019-06-28 11:48:00.000000000,QUERY_SPREAD,82
2019-06-28 11:48:00.000000000,BEST_BID,"JPM,100295,286"
2019-06-28 11:48:00.000000000,BEST_ASK,"JPM,100388,348"
2019-06-28 11:48:00.000000000,LAST_TRADE,"3,$100388.0000"
2019-06-28 11:48:00.000000000,QUERY_SPREAD,83
2019-06-28 11:48:00.000000000,BEST_BID,"JPM,100295,286"
2019-06-28 11:48:00.000000000,BEST_ASK,"JPM,100388,340"
2019-06-28 11:48:00.000000000,LAST_TRADE,"8,$100388.0000"
2019-06-28 11:48:00.000000000,QUERY_SPREAD,84
2019-06-28 11:48:00.000000000,BEST_BID,"JPM,100295,286"
2019-06-28 11:48:00.000000000,BEST_ASK,"JPM,100388,336"
2019-06-28 11:48:00.000000000,LAST_TRADE,"4,$100388.0000"
2019-06-28 11:48:00.000000000,QUERY_SPREAD,85
2019-06-28 11:48:00.000000000,BEST_BID,"JPM,100295,286"
2019-06-28 11:48:00.000000000,BEST_ASK,"JPM,100388,331"
2019-06-28 11:48:00.000000000,LAST_TRADE,"5,$100388.0000"
2019-06-28 11:48:00.000000000,QUERY_SPREAD,86
2019-06-28 11:48:00.000000000,BEST_BID,"JPM,100295,286"
2019-06-28 11:48:00.000000000,BEST_ASK,"JPM,100388,329"
2019-06-28 11:48:00.000000000,LAST_TRADE,"2,$100388.0000"
2019-06-28 11:48:00.000000000,QUERY_SPREAD,87
2019-06-28 11:48:00.000000000,BEST_BID,"JPM,100295,286"
2019-06-28 11:48:00.000000000,BEST_ASK,"JPM,100388,322"
2019-06-28 11:48:00.000000000,LAST_TRADE,"7,$100388.0000"
2019-06-28 11:48:00.000000000,QUERY_SPREAD,88
2019-06-28 11:48:00.000000000,BEST_BID,"JPM,100295,286"
2019-06-28 11:48:00.000000000,BEST_ASK,"JPM,100388,314"
2019-06-28 11:48:00.000000000,LAST_TRADE,"8,$100388.0000"
2019-06-28 11:48:00.000000000,QUERY_SPREAD,89
2019-06-28 11:48:00.000000000,BEST_BID,"JPM,100295,286"
2019-06-28 11:48:00.000000000,BEST_ASK,"JPM,100388,309"
2019-06-28 11:48:00.000000000,LAST_TRADE,"5,$100388.0000"
2019-06-28 11:48:00.000000000,QUERY_SPREAD,90
2019-06-28 11:48:00.000000000,BEST_BID,"JPM,100295,286"
2019-06-28 11:48:00.000000000,BEST_ASK,"JPM,100388,305"
2019-06-28 11:48:00.000000000,LAST_TRADE,"4,$100388.0000"
2019-06-28 11:48:00.000000000,QUERY_SPREAD,91
2019-06-28 11:48:00.000000000,BEST_BID,"JPM,100295,286"
2019-06-28 11:48:00.000000000,BEST_ASK,"JPM,100388,302"
2019-06-28 11:48:00.000000000,LAST_TRADE,"3,$100388.0000"
2019-06-28 11:48:00.000000000,QUERY_SPREAD,92
2019-06-28 11:48:00.000000000,BEST_BID,"JPM,100295,286"
2019-06-28 11:48:00.000000000,BEST_ASK,"JPM,100388,297"
2019-06-28 11:48:00.000000000,LAST_TRADE,"5,$100388.0000"
2019-06-28 11:48:00.000000000,QUERY_SPREAD,93
2019-06-28 11:48:00.000000000,BEST_BID,"JPM,100295,286"
2019-06-28 11:48:00.000000000,BEST_ASK,"JPM,100388,290"
2019-06-28 11:48:00.000000000,LAST_TRADE,"7,$100388.0000"
2019-06-28 11:48:00.000000000,QUERY_SPREAD,94
2019-06-28 11:48:00.000000000,BEST_BID,"JPM,100295,286"
2019-06-28 11:48:00.000000000,BEST_ASK,"JPM,100388,289"
2019-06-28 11:48:00.000000000,LAST_TRADE,"1,$100388.0000"
2019-06-28 11:48:00.000000000,QUERY_SPREAD,95
2019-06-28 11:48:00.000000000,BEST_BID,"JPM,100295,286"
2019-06-28 11:48:00.000000000,BEST_ASK,"JPM,100388,288"
2019-06-28 11:48:00.000000000,LAST_TRADE,"1,$100388.0000"
2019-06-28 11:48:00.000000000,QUERY_SPREAD,96
2019-06-28 11:48:00.000000000,BEST_BID,"JPM,100295,286"
2019-06-28 11:48:00.000000000,BEST_ASK,"JPM,100388,284"
2019-06-28 11:48:00.000000000,LAST_TRADE,"4,$100388.0000"
2019-06-28 11:48:00.000000000,QUERY_SPREAD,97
2019-06-28 11:48:00.000000000,BEST_BID,"JPM,100295,286"
2019-06-28 11:48:00.000000000,BEST_ASK,"JPM,100388,281"
2019-06-28 11:48:00.000000000,LAST_TRADE,"3,$100388.0000"
2019-06-28 11:48:00.000000000,QUERY_SPREAD,98
2019-06-28 11:48:00.000000000,BEST_BID,"JPM,100295,286"
2019-06-28 11:48:00.000000000,BEST_ASK,"JPM,100388,276"
2019-06-28 11:48:00.000000000,LAST_TRADE,"5,$100388.0000"
2019-06-28 11:48:00.000000000,QUERY_SPREAD,99
2019-06-28 11:48:00.000000000,BEST_BID,"JPM,100295,286"
2019-06-28 11:48:00.000000000,BEST_ASK,"JPM,100388,272"
2019-06-28 11:48:00.000000000,LAST_TRADE,"4,$100388.0000"
2019-06-28 11:48:00.000000000,QUERY_SPREAD,100
2019-06-28 11:48:00.000000000,BEST_BID,"JPM,100295,286"
2019-06-28 11:48:00.000000000,BEST_ASK,"JPM,100388,267"
2019-06-28 11:48:00.000000000,LAST_TRADE,"5,$100388.0000"
2019-06-28 11:48:00.000000000,QUERY_SPREAD,101
2019-06-28 11:48:00.000000000,BEST_BID,"JPM,100295,286"
2019-06-28 11:48:00.000000000,BEST_ASK,"JPM,100388,266"
2019-06-28 11:48:00.000000000,LAST_TRADE,"1,$100388.0000"
2019-06-28 11:48:03.978702975,QUERY_SPREAD,19
2019-06-28 11:48:03.978702975,BEST_BID,"JPM,100295,286"
2019-06-28 11:48:03.978702975,BEST_ASK,"JPM,100388,266"
2019-06-28 11:48:10.000000000,QUERY_SPREAD,1
2019-06-28 11:48:10.000000000,BEST_BID,"JPM,100295,174"
2019-06-28 11:48:10.000000000,BEST_ASK,"JPM,100388,80"
2019-06-28 11:48:10.000000000,BEST_BID,"JPM,100295,174"
2019-06-28 11:48:10.000000000,BEST_ASK,"JPM,100388,80"
2019-06-28 11:48:10.000000000,BEST_BID,"JPM,100295,174"
2019-06-28 11:48:10.000000000,BEST_ASK,"JPM,100388,80"
2019-06-28 11:48:10.000000000,BEST_BID,"JPM,100295,174"
2019-06-28 11:48:10.000000000,BEST_ASK,"JPM,100388,80"
2019-06-28 11:48:10.000000000,BEST_BID,"JPM,100295,174"
2019-06-28 11:48:10.000000000,BEST_ASK,"JPM,100388,80"
2019-06-28 11:48:10.000000000,BEST_BID,"JPM,100295,174"
2019-06-28 11:48:10.000000000,BEST_ASK,"JPM,100388,154"
2019-06-28 11:48:10.000000000,BEST_BID,"JPM,100295,174"
2019-06-28 11:48:10.000000000,BEST_ASK,"JPM,100388,154"
2019-06-28 11:48:10.000000000,BEST_BID,"JPM,100295,174"
2019-06-28 11:48:10.000000000,BEST_ASK,"JPM,100388,154"
2019-06-28 11:48:10.000000000,BEST_BID,"JPM,100295,174"
2019-06-28 11:48:10.000000000,BEST_ASK,"JPM,100388,154"
2019-06-28 11:48:10.000000000,BEST_BID,"JPM,100295,174"
2019-06-28 11:48:10.000000000,BEST_ASK,"JPM,100388,154"
2019-06-28 11:48:20.000000000,QUERY_SPREAD,1
2019-06-28 11:48:20.000000000,BEST_BID,"JPM,100295,471"
2019-06-28 11:48:20.000000000,BEST_ASK,"JPM,100388,80"
2019-06-28 11:48:20.000000000,BEST_BID,"JPM,100295,471"
2019-06-28 11:48:20.000000000,BEST_ASK,"JPM,100388,451"
2019-06-28 11:48:20.982059657,QUERY_SPREAD,8
2019-06-28 11:48:20.982059657,BEST_BID,"JPM,100295,371"
2019-06-28 11:48:20.982059657,BEST_ASK,"JPM,100329,100"
2019-06-28 11:48:26.424896870,QUERY_ORDER_STREAM,61
2019-06-28 11:48:26.424896870,QUERY_SPREAD,61
2019-06-28 11:48:26.424896870,BEST_BID,"JPM,100295,371"
2019-06-28 11:48:26.424896870,BEST_ASK,"JPM,100329,100"
2019-06-28 11:48:30.000000000,QUERY_SPREAD,1
2019-06-28 11:48:30.000000000,BEST_BID,"JPM,100234,471"
2019-06-28 11:48:30.000000000,BEST_ASK,"JPM,100329,100"
2019-06-28 11:48:30.000000000,BEST_BID,"JPM,100234,471"
2019-06-28 11:48:30.000000000,BEST_ASK,"JPM,100329,471"
2019-06-28 11:48:40.000000000,QUERY_SPREAD,1
2019-06-28 11:48:40.000000000,BEST_BID,"JPM,100234,471"
2019-06-28 11:48:40.000000000,BEST_ASK,"JPM,100329,100"
2019-06-28 11:48:40.000000000,BEST_BID,"JPM,100234,471"
2019-06-28 11:48:40.000000000,BEST_ASK,"JPM,100329,471"
2019-06-28 11:48:40.967603442,QUERY_SPREAD,41
2019-06-28 11:48:40.967603442,BEST_BID,"JPM,100234,371"
2019-06-28 11:48:40.967603442,BEST_ASK,"JPM,100329,471"
2019-06-28 11:48:40.967603442,LAST_TRADE,"100,$100234.0000"
2019-06-28 11:48:41.542073613,QUERY_SPREAD,35
2019-06-28 11:48:41.542073613,BEST_BID,"JPM,100234,271"
2019-06-28 11:48:41.542073613,BEST_ASK,"JPM,100329,471"
2019-06-28 11:48:41.542073613,LAST_TRADE,"100,$100234.0000"
2019-06-28 11:48:42.749986946,QUERY_SPREAD,40
2019-06-28 11:48:42.749986946,BEST_BID,"JPM,100234,271"
2019-06-28 11:48:42.749986946,BEST_ASK,"JPM,100329,471"
2019-06-28 11:48:47.769064386,QUERY_SPREAD,19
2019-06-28 11:48:47.769064386,BEST_BID,"JPM,100234,171"
2019-06-28 11:48:47.769064386,BEST_ASK,"JPM,100329,471"
2019-06-28 11:48:47.769064386,LAST_TRADE,"100,$100234.0000"
2019-06-28 11:48:50.000000000,QUERY_SPREAD,1
2019-06-28 11:48:50.000000000,BEST_BID,"JPM,100198,174"
2019-06-28 11:48:50.000000000,BEST_ASK,"JPM,100329,100"
2019-06-28 11:48:50.000000000,BEST_BID,"JPM,100198,174"
2019-06-28 11:48:50.000000000,BEST_ASK,"JPM,100329,100"
2019-06-28 11:48:50.000000000,BEST_BID,"JPM,100198,174"
2019-06-28 11:48:50.000000000,BEST_ASK,"JPM,100329,100"
2019-06-28 11:48:50.000000000,BEST_BID,"JPM,100198,174"
2019-06-28 11:48:50.000000000,BEST_ASK,"JPM,100329,100"
2019-06-28 11:48:50.000000000,BEST_BID,"JPM,100198,174"
2019-06-28 11:48:50.000000000,BEST_ASK,"JPM,100329,100"
2019-06-28 11:48:50.000000000,BEST_BID,"JPM,100198,174"
2019-06-28 11:48:50.000000000,BEST_ASK,"JPM,100329,174"
2019-06-28 11:48:50.000000000,BEST_BID,"JPM,100198,174"
2019-06-28 11:48:50.000000000,BEST_ASK,"JPM,100329,174"
2019-06-28 11:48:50.000000000,BEST_BID,"JPM,100198,174"
2019-06-28 11:48:50.000000000,BEST_ASK,"JPM,100329,174"
2019-06-28 11:48:50.000000000,BEST_BID,"JPM,100198,174"
2019-06-28 11:48:50.000000000,BEST_ASK,"JPM,100329,174"
2019-06-28 11:48:50.000000000,BEST_BID,"JPM,100198,174"
2019-06-28 11:48:50.000000000,BEST_ASK,"JPM,100329,174"
2019-06-28 11:48:53.493133981,QUERY_SPREAD,48
2019-06-28 11:48:53.493133981,BEST_BID,"JPM,100198,174"
2019-06-28 11:48:53.493133981,BEST_ASK,"JPM,100329,174"
2019-06-28 11:48:58.538712708,QUERY_SPREAD,44
2019-06-28 11:48:58.538712708,BEST_BID,"JPM,100198,174"
2019-06-28 11:48:58.538712708,BEST_ASK,"JPM,100329,174"
2019-06-28 11:49:00.000000000,QUERY_SPREAD,1
2019-06-28 11:49:00.000000000,BEST_BID,"JPM,100198,193"
2019-06-28 11:49:00.000000000,BEST_ASK,"JPM,100329,100"
2019-06-28 11:49:00.000000000,BEST_BID,"JPM,100198,193"
2019-06-28 11:49:00.000000000,BEST_ASK,"JPM,100329,100"
2019-06-28 11:49:00.000000000,BEST_BID,"JPM,100198,193"
2019-06-28 11:49:00.000000000,BEST_ASK,"JPM,100329,100"
2019-06-28 11:49:00.000000000,BEST_BID,"JPM,100198,193"
2019-06-28 11:49:00.000000000,BEST_ASK,"JPM,100329,100"
2019-06-28 11:49:00.000000000,BEST_BID,"JPM,100198,193"
2019-06-28 11:49:00.000000000,BEST_ASK,"JPM,100329,193"
2019-06-28 11:49:00.000000000,BEST_BID,"JPM,100198,193"
2019-06-28 11:49:00.000000000,BEST_ASK,"JPM,100329,193"
2019-06-28 11:49:00.000000000,BEST_BID,"JPM,100198,193"
2019-06-28 11:49:00.000000000,BEST_ASK,"JPM,100329,193"
2019-06-28 11:49:00.000000000,BEST_BID,"JPM,100198,193"
2019-06-28 11:49:00.000000000,BEST_ASK,"JPM,100329,193"
2019-06-28 11:49:00.000000000,QUERY_SPREAD,77
2019-06-28 11:49:00.000000000,BEST_BID,"JPM,100198,193"
2019-06-28 11:49:00.000000000,BEST_ASK,"JPM,100329,188"
2019-06-28 11:49:00.000000000,LAST_TRADE,"5,$100329.0000"
2019-06-28 11:49:00.000000000,QUERY_SPREAD,78
2019-06-28 11:49:00.000000000,BEST_BID,"JPM,100198,193"
2019-06-28 11:49:00.000000000,BEST_ASK,"JPM,100329,180"
2019-06-28 11:49:00.000000000,LAST_TRADE,"8,$100329.0000"
2019-06-28 11:49:00.000000000,QUERY_SPREAD,79
2019-06-28 11:49:00.000000000,BEST_BID,"JPM,100198,193"
2019-06-28 11:49:00.000000000,BEST_ASK,"JPM,100329,175"
2019-06-28 11:49:00.000000000,LAST_TRADE,"5,$100329.0000"
2019-06-28 11:49:00.000000000,QUERY_SPREAD,80
2019-06-28 11:49:00.000000000,BEST_BID,"JPM,100198,193"
2019-06-28 11:49:00.000000000,BEST_ASK,"JPM,100329,167"
2019-06-28 11:49:00.000000000,LAST_TRADE,"8,$100329.0000"
2019-06-28 11:49:00.000000000,QUERY_SPREAD,81
2019-06-28 11:49:00.000000000,BEST_BID,"JPM,100198,193"
2019-06-28 11:49:00.000000000,BEST_ASK,"JPM,100329,158"
2019-06-28 11:49:00.000000000,LAST_TRADE,"9,$100329.0000"
2019-06-28 11:49:00.000000000,QUERY_SPREAD,82
2019-06-28 11:49:00.000000000,BEST_BID,"JPM,100198,193"
2019-06-28 11:49:00.000000000,BEST_ASK,"JPM,100329,155"
2019-06-28 11:49:00.000000000,LAST_TRADE,"3,$100329.0000"
2019-06-28 11:49:00.000000000,QUERY_SPREAD,83
2019-06-28 11:49:00.000000000,BEST_BID,"JPM,100198,193"
2019-06-28 11:49:00.000000000,BEST_ASK,"JPM,100329,147"
2019-06-28 11:49:00.000000000,LAST_TRADE,"8,$100329.0000"
2019-06-28 11:49:00.000000000,QUERY_SPREAD,84
2019-06-28 11:49:00.000000000,BEST_BID,"JPM,100198,193"
2019-06-28 11:49:00.000000000,BEST_ASK,"JPM,100329,143"
2019-06-28 11:49:00.000000000,LAST_TRADE,"4,$100329.0000"
2019-06-28 11:49:00.000000000,QUERY_SPREAD,85
2019-06-28 11:49:00.000000000,BEST_BID,"JPM,100198,193"
2019-06-28 11:49:00.000000000,BEST_ASK,"JPM,100329,138"
2019-06-28 11:49:00.000000000,LAST_TRADE,"5,$100329.0000"
2019-06-28 11:49:00.000000000,QUERY_SPREAD,86
2019-06-28 11:49:00.000000000,BEST_BID,"JPM,100198,193"
2019-06-28 11:49:00.000000000,BEST_ASK,"JPM,100329,136"
2019-06-28 11:49:00.000000000,LAST_TRADE,"2,$100329.0000"
2019-06-28 11:49:00.000000000,QUERY_SPREAD,87
2019-06-28 11:49:00.000000000,BEST_BID,"JPM,100198,193"
2019-06-28 11:49:00.000000000,BEST_ASK,"JPM,100329,129"
2019-06-28 11:49:00.000000000,LAST_TRADE,"7,$100329.0000"
2019-06-28 11:49:00.000000000,QUERY_SPREAD,88
2019-06-28 11:49:00.000000000,BEST_BID,"JPM,100198,193"
2019-06-28 11:49:00.000000000,BEST_ASK,"JPM,100329,121"
2019-06-28 11:49:00.000000000,LAST_TRADE,"8,$100329.0000"
2019-06-28 11:49:00.000000000,QUERY_SPREAD,89
2019-06-28 11:49:00.000000000,BEST_BID,"JPM,100198,193"
2019-06-28 11:49:00.000000000,BEST_ASK,"JPM,100329,116"
2019-06-28 11:49:00.000000000,LAST_TRADE,"5,$100329.0000"
2019-06-28 11:49:00.000000000,QUERY_SPREAD,90
2019-06-28 11:49:00.000000000,BEST_BID,"JPM,100198,193"
2019-06-28 11:49:00.000000000,BEST_ASK,"JPM,100329,112"
2019-06-28 11:49:00.000000000,LAST_TRADE,"4,$100329.0000"
2019-06-28 11:49:00.000000000,QUERY_SPREAD,91
2019-06-28 11:49:00.000000000,BEST_BID,"JPM,100198,193"
2019-06-28 11:49:00.000000000,BEST_ASK,"JPM,100329,109"
2019-06-28 11:49:00.000000000,LAST_TRADE,"3,$100329.0000"
2019-06-28 11:49:00.000000000,QUERY_SPREAD,92
2019-06-28 11:49:00.000000000,BEST_BID,"JPM,100198,193"
2019-06-28 11:49:00.000000000,BEST_ASK,"JPM,100329,104"
2019-06-28 11:49:00.000000000,LAST_TRADE,"5,$100329.0000"
2019-06-28 11:49:00.000000000,QUERY_SPREAD,93
2019-06-28 11:49:00.000000000,BEST_BID,"JPM,100198,193"
2019-06-28 11:49:00.000000000,BEST_ASK,"JPM,100329,97"
2019-06-28 11:49:00.000000000,LAST_TRADE,"7,$100329.0000"
2019-06-28 11:49:00.000000000,QUERY_SPREAD,94
2019-06-28 11:49:00.000000000,BEST_BID,"JPM,100198,193"
2019-06-28 11:49:00.000000000,BEST_ASK,"JPM,100329,96"
2019-06-28 11:49:00.000000000,LAST_TRADE,"1,$100329.0000"
2019-06-28 11:49:00.000000000,QUERY_SPREAD,95
2019-06-28 11:49:00.000000000,BEST_BID,"JPM,100198,193"
2019-06-28 11:49:00.000000000,BEST_ASK,"JPM,100329,95"
2019-06-28 11:49:00.000000000,LAST_TRADE,"1,$100329.0000"
2019-06-28 11:49:00.000000000,QUERY_SPREAD,96
2019-06-28 11:49:00.000000000,BEST_BID,"JPM,100198,193"
2019-06-28 11:49:00.000000000,BEST_ASK,"JPM,100329,91"
2019-06-28 11:49:00.000000000,LAST_TRADE,"4,$100329.0000"
2019-06-28 11:49:00.000000000,QUERY_SPREAD,97
2019-06-28 11:49:00.000000000,BEST_BID,"JPM,100198,193"
2019-06-28 11:49:00.000000000,BEST_ASK,"JPM,100329,88"
2019-06-28 11:49:00.000000000,LAST_TRADE,"3,$100329.0000"
2019-06-28 11:49:00.000000000,QUERY_SPREAD,98
2019-06-28 11:49:00.000000000,BEST_BID,"JPM,100198,193"
2019-06-28 11:49:00.000000000,BEST_ASK,"JPM,100329,83"
2019-06-28 11:49:00.000000000,LAST_TRADE,"5,$100329.0000"
2019-06-28 11:49:00.000000000,QUERY_SPREAD,99
2019-06-28 11:49:00.000000000,BEST_BID,"JPM,100198,193"
2019-06-28 11:49:00.000000000,BEST_ASK,"JPM,100329,79"
2019-06-28 11:49:00.000000000,LAST_TRADE,"4,$100329.0000"
2019-06-28 11:49:00.000000000,QUERY_SPREAD,100
2019-06-28 11:49:00.000000000,BEST_BID,"JPM,100198,193"
2019-06-28 11:49:00.000000000,BEST_ASK,"JPM,100329,74"
2019-06-28 11:49:00.000000000,LAST_TRADE,"5,$100329.0000"
2019-06-28 11:49:00.000000000,QUERY_SPREAD,101
2019-06-28 11:49:00.000000000,BEST_BID,"JPM,100198,193"
2019-06-28 11:49:00.000000000,BEST_ASK,"JPM,100329,73"
2019-06-28 11:49:00.000000000,LAST_TRADE,"1,$100329.0000"
2019-06-28 11:49:10.000000000,QUERY_SPREAD,1
2019-06-28 11:49:10.000000000,BEST_BID,"JPM,100198,174"
2019-06-28 11:49:10.000000000,BEST_ASK,"JPM,100388,180"
2019-06-28 11:49:10.000000000,BEST_BID,"JPM,100198,174"
2019-06-28 11:49:10.000000000,BEST_ASK,"JPM,100388,180"
2019-06-28 11:49:10.000000000,BEST_BID,"JPM,100198,174"
2019-06-28 11:49:10.000000000,BEST_ASK,"JPM,100388,180"
2019-06-28 11:49:10.000000000,BEST_BID,"JPM,100198,174"
2019-06-28 11:49:10.000000000,BEST_ASK,"JPM,100388,180"
2019-06-28 11:49:10.000000000,BEST_BID,"JPM,100198,174"
2019-06-28 11:49:10.000000000,BEST_ASK,"JPM,100388,180"
2019-06-28 11:49:10.000000000,BEST_BID,"JPM,100198,174"
2019-06-28 11:49:10.000000000,BEST_ASK,"JPM,100388,254"
2019-06-28 11:49:10.000000000,BEST_BID,"JPM,100198,174"
2019-06-28 11:49:10.000000000,BEST_ASK,"JPM,100388,254"
2019-06-28 11:49:10.000000000,BEST_BID,"JPM,100198,174"
2019-06-28 11:49:10.000000000,BEST_ASK,"JPM,100388,254"
2019-06-28 11:49:10.000000000,BEST_BID,"JPM,100198,174"
2019-06-28 11:49:10.000000000,BEST_ASK,"JPM,100388,254"
2019-06-28 11:49:10.000000000,BEST_BID,"JPM,100198,174"
2019-06-28 11:49:10.000000000,BEST_ASK,"JPM,100388,254"
2019-06-28 11:49:20.000000000,QUERY_SPREAD,1
2019-06-28 11:49:20.000000000,BEST_BID,"JPM,100198,471"
2019-06-28 11:49:20.000000000,BEST_ASK,"JPM,100388,180"
2019-06-28 11:49:20.000000000,BEST_BID,"JPM,100198,471"
2019-06-28 11:49:20.000000000,BEST_ASK,"JPM,100388,551"
2019-06-28 11:49:30.000000000,QUERY_SPREAD,1
2019-06-28 11:49:30.000000000,BEST_BID,"JPM,100198,193"
2019-06-28 11:49:30.000000000,BEST_ASK,"JPM,100388,180"
2019-06-28 11:49:30.000000000,BEST_BID,"JPM,100198,193"
2019-06-28 11:49:30.000000000,BEST_ASK,"JPM,100388,180"
2019-06-28 11:49:30.000000000,BEST_BID,"JPM,100198,193"
2019-06-28 11:49:30.000000000,BEST_ASK,"JPM,100388,180"
2019-06-28 11:49:30.000000000,BEST_BID,"JPM,100198,193"
2019-06-28 11:49:30.000000000,BEST_ASK,"JPM,100388,180"
2019-06-28 11:49:30.000000000,BEST_BID,"JPM,100198,193"
2019-06-28 11:49:30.000000000,BEST_ASK,"JPM,100388,273"
2019-06-28 11:49:30.000000000,BEST_BID,"JPM,100198,193"
2019-06-28 11:49:30.000000000,BEST_ASK,"JPM,100388,273"
2019-06-28 11:49:30.000000000,BEST_BID,"JPM,100198,193"
2019-06-28 11:49:30.000000000,BEST_ASK,"JPM,100388,273"
2019-06-28 11:49:30.000000000,BEST_BID,"JPM,100198,193"
2019-06-28 11:49:30.000000000,BEST_ASK,"JPM,100388,273"
2019-06-28 11:49:39.524825193,QUERY_SPREAD,12
2019-06-28 11:49:39.524825193,BEST_BID,"JPM,100198,93"
2019-06-28 11:49:39.524825193,BEST_ASK,"JPM,100388,273"
2019-06-28 11:49:40.000000000,QUERY_SPREAD,1
2019-06-28 11:49:40.000000000,BEST_BID,"JPM,100163,286"
2019-06-28 11:49:40.000000000,BEST_ASK,"JPM,100388,180"
2019-06-28 11:49:40.000000000,BEST_BID,"JPM,100163,286"
2019-06-28 11:49:40.000000000,BEST_ASK,"JPM,100388,180"
2019-06-28 11:49:40.000000000,BEST_BID,"JPM,100163,286"
2019-06-28 11:49:40.000000000,BEST_ASK,"JPM,100388,366"
2019-06-28 11:49:40.000000000,BEST_BID,"JPM,100163,286"
2019-06-28 11:49:40.000000000,BEST_ASK,"JPM,100388,366"
2019-06-28 11:49:48.566486763,QUERY_ORDER_STREAM,70
2019-06-28 11:49:48.566486763,QUERY_SPREAD,70
2019-06-28 11:49:48.566486763,BEST_BID,"JPM,100329,100"
2019-06-28 11:49:48.566486763,BEST_ASK,"JPM,100388,366"
2019-06-28 11:49:50.000000000,QUERY_SPREAD,1
2019-06-28 11:49:50.000000000,BEST_BID,"JPM,100329,193"
2019-06-28 11:49:50.000000000,BEST_ASK,"JPM,100388,180"
2019-06-28 11:49:50.000000000,BEST_BID,"JPM,100329,193"
2019-06-28 11:49:50.000000000,BEST_ASK,"JPM,100388,180"
2019-06-28 11:49:50.000000000,BEST_BID,"JPM,100329,193"
2019-06-28 11:49:50.000000000,BEST_ASK,"JPM,100388,180"
2019-06-28 11:49:50.000000000,BEST_BID,"JPM,100329,193"
2019-06-28 11:49:50.000000000,BEST_ASK,"JPM,100388,180"
2019-06-28 11:49:50.000000000,BEST_BID,"JPM,100329,193"
2019-06-28 11:49:50.000000000,BEST_ASK,"JPM,100388,273"
2019-06-28 11:49:50.000000000,BEST_BID,"JPM,100329,193"
2019-06-28 11:49:50.000000000,BEST_ASK,"JPM,100388,273"
2019-06-28 11:49:50.000000000,BEST_BID,"JPM,100329,193"
2019-06-28 11:49:50.000000000,BEST_ASK,"JPM,100388,273"
2019-06-28 11:49:50.000000000,BEST_BID,"JPM,100329,193"
2019-06-28 11:49:50.000000000,BEST_ASK,"JPM,100388,273"
2019-06-28 11:49:51.862976552,QUERY_SPREAD,21
2019-06-28 11:49:51.862976552,BEST_BID,"JPM,100329,193"
2019-06-28 11:49:51.862976552,BEST_ASK,"JPM,100388,273"
2019-06-28 11:50:00.000000000,QUERY_SPREAD,1
2019-06-28 11:50:00.000000000,BEST_BID,"JPM,100329,286"
2019-06-28 11:50:00.000000000,BEST_ASK,"JPM,100388,180"
2019-06-28 11:50:00.000000000,BEST_BID,"JPM,100329,286"
2019-06-28 11:50:00.000000000,BEST_ASK,"JPM,100388,180"
2019-06-28 11:50:00.000000000,BEST_BID,"JPM,100329,286"
2019-06-28 11:50:00.000000000,BEST_ASK,"JPM,100388,366"
2019-06-28 11:50:00.000000000,BEST_BID,"JPM,100329,286"
2019-06-28 11:50:00.000000000,BEST_ASK,"JPM,100388,366"
2019-06-28 11:50:00.000000000,QUERY_SPREAD,77
2019-06-28 11:50:00.000000000,BEST_BID,"JPM,100329,281"
2019-06-28 11:50:00.000000000,BEST_ASK,"JPM,100388,366"
2019-06-28 11:50:00.000000000,LAST_TRADE,"5,$100329.0000"
2019-06-28 11:50:00.000000000,QUERY_SPREAD,78
2019-06-28 11:50:00.000000000,BEST_BID,"JPM,100329,273"
2019-06-28 11:50:00.000000000,BEST_ASK,"JPM,100388,366"
2019-06-28 11:50:00.000000000,LAST_TRADE,"8,$100329.0000"
2019-06-28 11:50:00.000000000,QUERY_SPREAD,79
2019-06-28 11:50:00.000000000,BEST_BID,"JPM,100329,268"
2019-06-28 11:50:00.000000000,BEST_ASK,"JPM,100388,366"
2019-06-28 11:50:00.000000000,LAST_TRADE,"5,$100329.0000"
2019-06-28 11:50:00.000000000,QUERY_SPREAD,80
2019-06-28 11:50:00.000000000,BEST_BID,"JPM,100329,260"
2019-06-28 11:50:00.000000000,BEST_ASK,"JPM,100388,366"
2019-06-28 11:50:00.000000000,LAST_TRADE,"8,$100329.0000"
2019-06-28 11:50:00.000000000,QUERY_SPREAD,81
2019-06-28 11:50:00.000000000,BEST_BID,"JPM,100329,251"
2019-06-28 11:50:00.000000000,BEST_ASK,"JPM,100388,366"
2019-06-28 11:50:00.000000000,LAST_TRADE,"9,$100329.0000"
2019-06-28 11:50:00.000000000,QUERY_SPREAD,82
2019-06-28 11:50:00.000000000,BEST_BID,"JPM,100329,248"
2019-06-28 11:50:00.000000000,BEST_ASK,"JPM,100388,366"
2019-06-28 11:50:00.000000000,LAST_TRADE,"3,$100329.0000"
2019-06-28 11:50:00.000000000,QUERY_SPREAD,83
2019-06-28 11:50:00.000000000,BEST_BID,"JPM,100329,240"
2019-06-28 11:50:00.000000000,BEST_ASK,"JPM,100388,366"
2019-06-28 11:50:00.000000000,LAST_TRADE,"8,$100329.0000"
2019-06-28 11:50:00.000000000,QUERY_SPREAD,84
2019-06-28 11:50:00.000000000,BEST_BID,"JPM,100329,236"
2019-06-28 11:50:00.000000000,BEST_ASK,"JPM,100388,366"
2019-06-28 11:50:00.000000000,LAST_TRADE,"4,$100329.0000"
2019-06-28 11:50:00.000000000,QUERY_SPREAD,85
2019-06-28 11:50:00.000000000,BEST_BID,"JPM,100329,231"
2019-06-28 11:50:00.000000000,BEST_ASK,"JPM,100388,366"
2019-06-28 11:50:00.000000000,LAST_TRADE,"5,$100329.0000"
2019-06-28 11:50:00.000000000,QUERY_SPREAD,86
2019-06-28 11:50:00.000000000,BEST_BID,"JPM,100329,229"
2019-06-28 11:50:00.000000000,BEST_ASK,"JPM,100388,366"
2019-06-28 11:50:00.000000000,LAST_TRADE,"2,$100329.0000"
2019-06-28 11:50:00.000000000,QUERY_SPREAD,87
2019-06-28 11:50:00.000000000,BEST_BID,"JPM,100329,222"
2019-06-28 11:50:00.000000000,BEST_ASK,"JPM,100388,366"
2019-06-28 11:50:00.000000000,LAST_TRADE,"7,$100329.0000"
2019-06-28 11:50:00.000000000,QUERY_SPREAD,88
2019-06-28 11:50:00.000000000,BEST_BID,"JPM,100329,214"
2019-06-28 11:50:00.000000000,BEST_ASK,"JPM,100388,366"
2019-06-28 11:50:00.000000000,LAST_TRADE,"8,$100329.0000"
2019-06-28 11:50:00.000000000,QUERY_SPREAD,89
2019-06-28 11:50:00.000000000,BEST_BID,"JPM,100329,209"
2019-06-28 11:50:00.000000000,BEST_ASK,"JPM,100388,366"
2019-06-28 11:50:00.000000000,LAST_TRADE,"5,$100329.0000"
2019-06-28 11:50:00.000000000,QUERY_SPREAD,90
2019-06-28 11:50:00.000000000,BEST_BID,"JPM,100329,205"
2019-06-28 11:50:00.000000000,BEST_ASK,"JPM,100388,366"
2019-06-28 11:50:00.000000000,LAST_TRADE,"4,$100329.0000"
2019-06-28 11:50:00.000000000,QUERY_SPREAD,91
2019-06-28 11:50:00.000000000,BEST_BID,"JPM,100329,202"
2019-06-28 11:50:00.000000000,BEST_ASK,"JPM,100388,366"
2019-06-28 11:50:00.000000000,LAST_TRADE,"3,$100329.0000"
2019-06-28 11:50:00.000000000,QUERY_SPREAD,92
2019-06-28 11:50:00.000000000,BEST_BID,"JPM,100329,197"
2019-06-28 11:50:00.000000000,BEST_ASK,"JPM,100388,366"
2019-06-28 11:50:00.000000000,LAST_TRADE,"5,$100329.0000"
2019-06-28 11:50:00.000000000,QUERY_SPREAD,93
2019-06-28 11:50:00.000000000,BEST_BID,"JPM,100329,190"
2019-06-28 11:50:00.000000000,BEST_ASK,"JPM,100388,366"
2019-06-28 11:50:00.000000000,LAST_TRADE,"7,$100329.0000"
2019-06-28 11:50:00.000000000,QUERY_SPREAD,94
2019-06-28 11:50:00.000000000,BEST_BID,"JPM,100329,189"
2019-06-28 11:50:00.000000000,BEST_ASK,"JPM,100388,366"
2019-06-28 11:50:00.000000000,LAST_TRADE,"1,$100329.0000"
2019-06-28 11:50:00.000000000,QUERY_SPREAD,95
2019-06-28 11:50:00.000000000,BEST_BID,"JPM,100329,188"
2019-06-28 11:50:00.000000000,BEST_ASK,"JPM,100388,366"
2019-06-28 11:50:00.000000000,LAST_TRADE,"1,$100329.0000"
2019-06-28 11:50:00.000000000,QUERY_SPREAD,96
2019-06-28 11:50:00.000000000,BEST_BID,"JPM,100329,184"
2019-06-28 11:50:00.000000000,BEST_ASK,"JPM,100388,366"
2019-06-28 11:50:00.000000000,LAST_TRADE,"4,$100329.0000"
2019-06-28 11:50:00.000000000,QUERY_SPREAD,97
2019-06-28 11:50:00.000000000,BEST_BID,"JPM,100329,181"
2019-06-28 11:50:00.000000000,BEST_ASK,"JPM,100388,366"
2019-06-28 11:50:00.000000000,LAST_TRADE,"3,$100329.0000"
2019-06-28 11:50:00.000000000,QUERY_SPREAD,98
2019-06-28 11:50:00.000000000,BEST_BID,"JPM,100329,176"
2019-06-28 11:50:00.000000000,BEST_ASK,"JPM,100388,366"
2019-06-28 11:50:00.000000000,LAST_TRADE,"5,$100329.0000"
2019-06-28 11:50:00.000000000,QUERY_SPREAD,99
2019-06-28 11:50:00.000000000,BEST_BID,"JPM,100329,172"
2019-06-28 11:50:00.000000000,BEST_ASK,"JPM,100388,366"
2019-06-28 11:50:00.000000000,LAST_TRADE,"4,$100329.0000"
2019-06-28 11:50:00.000000000,QUERY_SPREAD,100
2019-06-28 11:50:00.000000000,BEST_BID,"JPM,100329,167"
2019-06-28 11:50:00.000000000,BEST_ASK,"JPM,100388,366"
2019-06-28 11:50:00.000000000,LAST_TRADE,"5,$100329.0000"
2019-06-28 11:50:00.000000000,QUERY_SPREAD,101
2019-06-28 11:50:00.000000000,BEST_BID,"JPM,100329,167"
2019-06-28 11:50:00.000000000,BEST_ASK,"JPM,100388,365"
2019-06-28 11:50:00.000000000,LAST_TRADE,"1,$100388.0000"
2019-06-28 11:50:03.784672251,QUERY_SPREAD,2
2019-06-28 11:50:03.784672251,BEST_BID,"JPM,100329,167"
2019-06-28 11:50:03.784672251,BEST_ASK,"JPM,100388,265"
2019-06-28 11:50:03.784672251,LAST_TRADE,"100,$100388.0000"
2019-06-28 11:50:07.847368684,QUERY_ORDER_STREAM,55
2019-06-28 11:50:07.847368684,QUERY_SPREAD,55
2019-06-28 11:50:10.000000000,QUERY_SPREAD,1
2019-06-28 11:50:10.000000000,BEST_BID,"JPM,100219,226"
2019-06-28 11:50:10.000000000,BEST_ASK,"JPM,100388,79"
2019-06-28 11:50:10.000000000,BEST_BID,"JPM,100219,226"
2019-06-28 11:50:10.000000000,BEST_ASK,"JPM,100388,79"
2019-06-28 11:50:10.000000000,BEST_BID,"JPM,100219,226"
2019-06-28 11:50:10.000000000,BEST_ASK,"JPM,100388,79"
2019-06-28 11:50:10.000000000,BEST_BID,"JPM,100219,226"
2019-06-28 11:50:10.000000000,BEST_ASK,"JPM,100388,205"
2019-06-28 11:50:10.000000000,BEST_BID,"JPM,100219,226"
2019-06-28 11:50:10.000000000,BEST_ASK,"JPM,100388,205"
2019-06-28 11:50:10.000000000,BEST_BID,"JPM,100219,226"
2019-06-28 11:50:10.000000000,BEST_ASK,"JPM,100388,205"
2019-06-28 11:50:20.000000000,QUERY_SPREAD,1
2019-06-28 11:50:20.000000000,BEST_BID,"JPM,100219,471"
2019-06-28 11:50:20.000000000,BEST_ASK,"JPM,100388,79"
2019-06-28 11:50:20.000000000,BEST_BID,"JPM,100219,471"
2019-06-28 11:50:20.000000000,BEST_ASK,"JPM,100388,450"
2019-06-28 11:50:21.891667201,QUERY_SPREAD,18
2019-06-28 11:50:21.891667201,BEST_BID,"JPM,100219,471"
2019-06-28 11:50:21.891667201,BEST_ASK,"JPM,100388,350"
2019-06-28 11:50:21.891667201,LAST_TRADE,"100,$100388.0000"
2019-06-28 11:50:30.000000000,QUERY_SPREAD,1
2019-06-28 11:50:30.000000000,BEST_BID,"JPM,100219,286"
2019-06-28 11:50:30.000000000,BEST_ASK,"JPM,100439,100"
2019-06-28 11:50:30.000000000,BEST_BID,"JPM,100219,286"
2019-06-28 11:50:30.000000000,BEST_ASK,"JPM,100439,100"
2019-06-28 11:50:30.000000000,BEST_BID,"JPM,100219,286"
2019-06-28 11:50:30.000000000,BEST_ASK,"JPM,100439,286"
2019-06-28 11:50:30.000000000,BEST_BID,"JPM,100219,286"
2019-06-28 11:50:30.000000000,BEST_ASK,"JPM,100439,286"
2019-06-28 11:50:40.000000000,QUERY_SPREAD,1
2019-06-28 11:50:40.000000000,BEST_BID,"JPM,100219,471"
2019-06-28 11:50:40.000000000,BEST_ASK,"JPM,100439,100"
2019-06-28 11:50:40.000000000,BEST_BID,"JPM,100219,471"
2019-06-28 11:50:40.000000000,BEST_ASK,"JPM,100439,471"
2019-06-28 11:50:50.000000000,QUERY_SPREAD,1
2019-06-28 11:50:50.000000000,BEST_BID,"JPM,100219,174"
2019-06-28 11:50:50.000000000,BEST_ASK,"JPM,100439,100"
2019-06-28 11:50:50.000000000,BEST_BID,"JPM,100219,174"
2019-06-28 11:50:50.000000000,BEST_ASK,"JPM,100439,100"
2019-06-28 11:50:50.000000000,BEST_BID,"JPM,100219,174"
2019-06-28 11:50:50.000000000,BEST_ASK,"JPM,100439,100"
2019-06-28 11:50:50.000000000,BEST_BID,"JPM,100219,174"
2019-06-28 11:50:50.000000000,BEST_ASK,"JPM,100439,100"
2019-06-28 11:50:50.000000000,BEST_BID,"JPM,100219,174"
2019-06-28 11:50:50.000000000,BEST_ASK,"JPM,100439,100"
2019-06-28 11:50:50.000000000,BEST_BID,"JPM,100219,174"
2019-06-28 11:50:50.000000000,BEST_ASK,"JPM,100439,174"
2019-06-28 11:50:50.000000000,BEST_BID,"JPM,100219,174"
2019-06-28 11:50:50.000000000,BEST_ASK,"JPM,100439,174"
2019-06-28 11:50:50.000000000,BEST_BID,"JPM,100219,174"
2019-06-28 11:50:50.000000000,BEST_ASK,"JPM,100439,174"
2019-06-28 11:50:50.000000000,BEST_BID,"JPM,100219,174"
2019-06-28 11:50:50.000000000,BEST_ASK,"JPM,100439,174"
2019-06-28 11:50:50.000000000,BEST_BID,"JPM,100219,174"
2019-06-28 11:50:50.000000000,BEST_ASK,"JPM,100439,174"
2019-06-28 11:51:00.000000000,QUERY_SPREAD,1
2019-06-28 11:51:00.000000000,BEST_BID,"JPM,100219,471"
2019-06-28 11:51:00.000000000,BEST_ASK,"JPM,100439,100"
2019-06-28 11:51:00.000000000,BEST_BID,"JPM,100219,471"
2019-06-28 11:51:00.000000000,BEST_ASK,"JPM,100439,471"
2019-06-28 11:51:00.000000000,QUERY_SPREAD,77
2019-06-28 11:51:00.000000000,BEST_BID,"JPM,100219,466"
2019-06-28 11:51:00.000000000,BEST_ASK,"JPM,100439,471"
2019-06-28 11:51:00.000000000,LAST_TRADE,"5,$100219.0000"
2019-06-28 11:51:00.000000000,QUERY_SPREAD,78
2019-06-28 11:51:00.000000000,BEST_BID,"JPM,100219,458"
2019-06-28 11:51:00.000000000,BEST_ASK,"JPM,100439,471"
2019-06-28 11:51:00.000000000,LAST_TRADE,"8,$100219.0000"
2019-06-28 11:51:00.000000000,QUERY_SPREAD,79
2019-06-28 11:51:00.000000000,BEST_BID,"JPM,100219,453"
2019-06-28 11:51:00.000000000,BEST_ASK,"JPM,100439,471"
2019-06-28 11:51:00.000000000,LAST_TRADE,"5,$100219.0000"
2019-06-28 11:51:00.000000000,QUERY_SPREAD,80
2019-06-28 11:51:00.000000000,BEST_BID,"JPM,100219,445"
2019-06-28 11:51:00.000000000,BEST_ASK,"JPM,100439,471"
2019-06-28 11:51:00.000000000,LAST_TRADE,"8,$100219.0000"
2019-06-28 11:51:00.000000000,QUERY_SPREAD,81
2019-06-28 11:51:00.000000000,BEST_BID,"JPM,100219,436"
2019-06-28 11:51:00.000000000,BEST_ASK,"JPM,100439,471"
2019-06-28 11:51:00.000000000,LAST_TRADE,"9,$100219.0000"
2019-06-28 11:51:00.000000000,QUERY_SPREAD,82
2019-06-28 11:51:00.000000000,BEST_BID,"JPM,100219,433"
2019-06-28 11:51:00.000000000,BEST_ASK,"JPM,100439,471"
2019-06-28 11:51:00.000000000,LAST_TRADE,"3,$100219.0000"
2019-06-28 11:51:00.000000000,QUERY_SPREAD,83
2019-06-28 11:51:00.000000000,BEST_BID,"JPM,100219,425"
2019-06-28 11:51:00.000000000,BEST_ASK,"JPM,100439,471"
2019-06-28 11:51:00.000000000,LAST_TRADE,"8,$100219.0000"
2019-06-28 11:51:00.000000000,QUERY_SPREAD,84
2019-06-28 11:51:00.000000000,BEST_BID,"JPM,100219,421"
2019-06-28 11:51:00.000000000,BEST_ASK,"JPM,100439,471"
2019-06-28 11:51:00.000000000,LAST_TRADE,"4,$100219.0000"
2019-06-28 11:51:00.000000000,QUERY_SPREAD,85
2019-06-28 11:51:00.000000000,BEST_BID,"JPM,100219,416"
2019-06-28 11:51:00.000000000,BEST_ASK,"JPM,100439,471"
2019-06-28 11:51:00.000000000,LAST_TRADE,"5,$100219.0000"
2019-06-28 11:51:00.000000000,QUERY_SPREAD,86
2019-06-28 11:51:00.000000000,BEST_BID,"JPM,100219,414"
2019-06-28 11:51:00.000000000,BEST_ASK,"JPM,100439,471"
2019-06-28 11:51:00.000000000,LAST_TRADE,"2,$100219.0000"
2019-06-28 11:51:00.000000000,QUERY_SPREAD,87
2019-06-28 11:51:00.000000000,BEST_BID,"JPM,100219,407"
2019-06-28 11:51:00.000000000,BEST_ASK,"JPM,100439,471"
2019-06-28 11:51:00.000000000,LAST_TRADE,"7,$100219.0000"
2019-06-28 11:51:00.000000000,QUERY_SPREAD,88
2019-06-28 11:51:00.000000000,BEST_BID,"JPM,100219,399"
2019-06-28 11:51:00.000000000,BEST_ASK,"JPM,100439,471"
2019-06-28 11:51:00.000000000,LAST_TRADE,"8,$100219.0000"
2019-06-28 11:51:00.000000000,QUERY_SPREAD,89
2019-06-28 11:51:00.000000000,BEST_BID,"JPM,100219,394"
2019-06-28 11:51:00.000000000,BEST_ASK,"JPM,100439,471"
2019-06-28 11:51:00.000000000,LAST_TRADE,"5,$100219.0000"
2019-06-28 11:51:00.000000000,QUERY_SPREAD,90
2019-06-28 11:51:00.000000000,BEST_BID,"JPM,100219,390"
2019-06-28 11:51:00.000000000,BEST_ASK,"JPM,100439,471"
2019-06-28 11:51:00.000000000,LAST_TRADE,"4,$100219.0000"
2019-06-28 11:51:00.000000000,QUERY_SPREAD,91
2019-06-28 11:51:00.000000000,BEST_BID,"JPM,100219,387"
2019-06-28 11:51:00.000000000,BEST_ASK,"JPM,100439,471"
2019-06-28 11:51:00.000000000,LAST_TRADE,"3,$100219.0000"
2019-06-28 11:51:00.000000000,QUERY_SPREAD,92
2019-06-28 11:51:00.000000000,BEST_BID,"JPM,100219,382"
2019-06-28 11:51:00.000000000,BEST_ASK,"JPM,100439,471"
2019-06-28 11:51:00.000000000,LAST_TRADE,"5,$100219.0000"
2019-06-28 11:51:00.000000000,QUERY_SPREAD,93
2019-06-28 11:51:00.000000000,BEST_BID,"JPM,100219,375"
2019-06-28 11:51:00.000000000,BEST_ASK,"JPM,100439,471"
2019-06-28 11:51:00.000000000,LAST_TRADE,"7,$100219.0000"
2019-06-28 11:51:00.000000000,QUERY_SPREAD,94
2019-06-28 11:51:00.000000000,BEST_BID,"JPM,100219,374"
2019-06-28 11:51:00.000000000,BEST_ASK,"JPM,100439,471"
2019-06-28 11:51:00.000000000,LAST_TRADE,"1,$100219.0000"
2019-06-28 11:51:00.000000000,QUERY_SPREAD,95
2019-06-28 11:51:00.000000000,BEST_BID,"JPM,100219,373"
2019-06-28 11:51:00.000000000,BEST_ASK,"JPM,100439,471"
2019-06-28 11:51:00.000000000,LAST_TRADE,"1,$100219.0000"
2019-06-28 11:51:00.000000000,QUERY_SPREAD,96
2019-06-28 11:51:00.000000000,BEST_BID,"JPM,100219,369"
2019-06-28 11:51:00.000000000,BEST_ASK,"JPM,100439,471"
2019-06-28 11:51:00.000000000,LAST_TRADE,"4,$100219.0000"
2019-06-28 11:51:00.000000000,QUERY_SPREAD,97
2019-06-28 11:51:00.000000000,BEST_BID,"JPM,100219,366"
2019-06-28 11:51:00.000000000,BEST_ASK,"JPM,100439,471"
2019-06-28 11:51:00.000000000,LAST_TRADE,"3,$100219.0000"
2019-06-28 11:51:00.000000000,QUERY_SPREAD,98
2019-06-28 11:51:00.000000000,BEST_BID,"JPM,100219,361"
2019-06-28 11:51:00.000000000,BEST_ASK,"JPM,100439,471"
2019-06-28 11:51:00.000000000,LAST_TRADE,"5,$100219.0000"
2019-06-28 11:51:00.000000000,QUERY_SPREAD,99
2019-06-28 11:51:00.000000000,BEST_BID,"JPM,100219,357"
2019-06-28 11:51:00.000000000,BEST_ASK,"JPM,100439,471"
2019-06-28 11:51:00.000000000,LAST_TRADE,"4,$100219.0000"
2019-06-28 11:51:00.000000000,QUERY_SPREAD,100
2019-06-28 11:51:00.000000000,BEST_BID,"JPM,100219,352"
2019-06-28 11:51:00.000000000,BEST_ASK,"JPM,100439,471"
2019-06-28 11:51:00.000000000,LAST_TRADE,"5,$100219.0000"
2019-06-28 11:51:00.000000000,QUERY_SPREAD,101
2019-06-28 11:51:00.000000000,BEST_BID,"JPM,100219,352"
2019-06-28 11:51:00.000000000,BEST_ASK,"JPM,100439,470"
2019-06-28 11:51:00.000000000,LAST_TRADE,"1,$100439.0000"
2019-06-28 11:51:10.000000000,QUERY_SPREAD,1
2019-06-28 11:51:10.000000000,BEST_BID,"JPM,100157,226"
2019-06-28 11:51:10.000000000,BEST_ASK,"JPM,100439,99"
2019-06-28 11:51:10.000000000,BEST_BID,"JPM,100157,226"
2019-06-28 11:51:10.000000000,BEST_ASK,"JPM,100439,99"
2019-06-28 11:51:10.000000000,BEST_BID,"JPM,100157,226"
2019-06-28 11:51:10.000000000,BEST_ASK,"JPM,100439,99"
2019-06-28 11:51:10.000000000,BEST_BID,"JPM,100157,226"
2019-06-28 11:51:10.000000000,BEST_ASK,"JPM,100439,225"
2019-06-28 11:51:10.000000000,BEST_BID,"JPM,100157,226"
2019-06-28 11:51:10.000000000,BEST_ASK,"JPM,100439,225"
2019-06-28 11:51:10.000000000,BEST_BID,"JPM,100157,226"
2019-06-28 11:51:10.000000000,BEST_ASK,"JPM,100439,225"
2019-06-28 11:51:18.574494517,QUERY_SPREAD,35
2019-06-28 11:51:18.574494517,BEST_BID,"JPM,100157,226"
2019-06-28 11:51:18.574494517,BEST_ASK,"JPM,100247,100"
2019-06-28 11:51:20.000000000,QUERY_SPREAD,1
2019-06-28 11:51:20.000000000,BEST_BID,"JPM,100157,286"
2019-06-28 11:51:20.000000000,BEST_ASK,"JPM,100247,100"
2019-06-28 11:51:20.000000000,BEST_BID,"JPM,100157,286"
2019-06-28 11:51:20.000000000,BEST_ASK,"JPM,100247,100"
2019-06-28 11:51:20.000000000,BEST_BID,"JPM,100157,286"
2019-06-28 11:51:20.000000000,BEST_ASK,"JPM,100247,286"
2019-06-28 11:51:20.000000000,BEST_BID,"JPM,100157,286"
2019-06-28 11:51:20.000000000,BEST_ASK,"JPM,100247,286"
2019-06-28 11:51:20.124532101,QUERY_SPREAD,3
2019-06-28 11:51:20.124532101,BEST_BID,"JPM,100157,286"
2019-06-28 11:51:20.124532101,BEST_ASK,"JPM,100247,186"
2019-06-28 11:51:20.124532101,LAST_TRADE,"100,$100247.0000"
2019-06-28 11:51:24.540437028,QUERY_SPREAD,11
2019-06-28 11:51:24.540437028,BEST_BID,"JPM,100174,100"
2019-06-28 11:51:24.540437028,BEST_ASK,"JPM,100247,186"
2019-06-28 11:51:30.000000000,QUERY_SPREAD,1
2019-06-28 11:51:30.000000000,BEST_BID,"JPM,100174,471"
2019-06-28 11:51:30.000000000,BEST_ASK,"JPM,100439,99"
2019-06-28 11:51:30.000000000,BEST_BID,"JPM,100174,471"
2019-06-28 11:51:30.000000000,BEST_ASK,"JPM,100439,470"
2019-06-28 11:51:35.620156290,QUERY_ORDER_STREAM,71
2019-06-28 11:51:35.620156290,QUERY_SPREAD,71
2019-06-28 11:51:35.690876766,QUERY_ORDER_STREAM,72
2019-06-28 11:51:35.690876766,QUERY_SPREAD,72
2019-06-28 11:51:35.690876766,BEST_BID,"JPM,100174,471"
2019-06-28 11:51:35.690876766,BEST_ASK,"JPM,100438,100"
2019-06-28 11:51:40.000000000,QUERY_SPREAD,1
2019-06-28 11:51:40.000000000,BEST_BID,"JPM,100174,471"
2019-06-28 11:51:40.000000000,BEST_ASK,"JPM,100438,100"
2019-06-28 11:51:40.000000000,BEST_BID,"JPM,100174,471"
2019-06-28 11:51:40.000000000,BEST_ASK,"JPM,100438,471"
2019-06-28 11:51:48.861817625,QUERY_ORDER_STREAM,72
2019-06-28 11:51:48.861817625,QUERY_SPREAD,72
2019-06-28 11:51:48.861817625,BEST_BID,"JPM,100247,100"
2019-06-28 11:51:48.861817625,BEST_ASK,"JPM,100438,371"
2019-06-28 11:51:50.000000000,QUERY_SPREAD,1
2019-06-28 11:51:50.000000000,BEST_BID,"JPM,100247,174"
2019-06-28 11:51:50.000000000,BEST_ASK,"JPM,100439,99"
2019-06-28 11:51:50.000000000,BEST_BID,"JPM,100247,174"
2019-06-28 11:51:50.000000000,BEST_ASK,"JPM,100439,99"
2019-06-28 11:51:50.000000000,BEST_BID,"JPM,100247,174"
2019-06-28 11:51:50.000000000,BEST_ASK,"JPM,100439,99"
2019-06-28 11:51:50.000000000,BEST_BID,"JPM,100247,174"
2019-06-28 11:51:50.000000000,BEST_ASK,"JPM,100439,99"
2019-06-28 11:51:50.000000000,BEST_BID,"JPM,100247,174"
2019-06-28 11:51:50.000000000,BEST_ASK,"JPM,100439,99"
2019-06-28 11:51:50.000000000,BEST_BID,"JPM,100247,174"
2019-06-28 11:51:50.000000000,BEST_ASK,"JPM,100439,173"
2019-06-28 11:51:50.000000000,BEST_BID,"JPM,100247,174"
2019-06-28 11:51:50.000000000,BEST_ASK,"JPM,100439,173"
2019-06-28 11:51:50.000000000,BEST_BID,"JPM,100247,174"
2019-06-28 11:51:50.000000000,BEST_ASK,"JPM,100439,173"
2019-06-28 11:51:50.000000000,BEST_BID,"JPM,100247,174"
2019-06-28 11:51:50.000000000,BEST_ASK,"JPM,100439,173"
2019-06-28 11:51:50.000000000,BEST_BID,"JPM,100247,174"
2019-06-28 11:51:50.000000000,BEST_ASK,"JPM,100439,173"
2019-06-28 11:51:55.462379641,QUERY_SPREAD,4
2019-06-28 11:51:55.462379641,BEST_BID,"JPM,100247,174"
2019-06-28 11:51:55.462379641,BEST_ASK,"JPM,100439,173"
2019-06-28 11:52:00.000000000,QUERY_SPREAD,1
2019-06-28 11:52:00.000000000,BEST_BID,"JPM,100247,471"
2019-06-28 11:52:00.000000000,BEST_ASK,"JPM,100439,99"
2019-06-28 11:52:00.000000000,BEST_BID,"JPM,100247,471"
2019-06-28 11:52:00.000000000,BEST_ASK,"JPM,100439,470"
2019-06-28 11:52:00.000000000,QUERY_SPREAD,77
2019-06-28 11:52:00.000000000,BEST_BID,"JPM,100247,466"
2019-06-28 11:52:00.000000000,BEST_ASK,"JPM,100439,470"
2019-06-28 11:52:00.000000000,LAST_TRADE,"5,$100247.0000"
2019-06-28 11:52:00.000000000,QUERY_SPREAD,78
2019-06-28 11:52:00.000000000,BEST_BID,"JPM,100247,458"
2019-06-28 11:52:00.000000000,BEST_ASK,"JPM,100439,470"
2019-06-28 11:52:00.000000000,LAST_TRADE,"8,$100247.0000"
2019-06-28 11:52:00.000000000,QUERY_SPREAD,79
2019-06-28 11:52:00.000000000,BEST_BID,"JPM,100247,453"
2019-06-28 11:52:00.000000000,BEST_ASK,"JPM,100439,470"
2019-06-28 11:52:00.000000000,LAST_TRADE,"5,$100247.0000"
2019-06-28 11:52:00.000000000,QUERY_SPREAD,80
2019-06-28 11:52:00.000000000,BEST_BID,"JPM,100247,445"
2019-06-28 11:52:00.000000000,BEST_ASK,"JPM,100439,470"
2019-06-28 11:52:00.000000000,LAST_TRADE,"8,$100247.0000"
2019-06-28 11:52:00.000000000,QUERY_SPREAD,81
2019-06-28 11:52:00.000000000,BEST_BID,"JPM,100247,436"
2019-06-28 11:52:00.000000000,BEST_ASK,"JPM,100439,470"
2019-06-28 11:52:00.000000000,LAST_TRADE,"9,$100247.0000"
2019-06-28 11:52:00.000000000,QUERY_SPREAD,82
2019-06-28 11:52:00.000000000,BEST_BID,"JPM,100247,433"
2019-06-28 11:52:00.000000000,BEST_ASK,"JPM,100439,470"
2019-06-28 11:52:00.000000000,LAST_TRADE,"3,$100247.0000"
2019-06-28 11:52:00.000000000,QUERY_SPREAD,83
2019-06-28 11:52:00.000000000,BEST_BID,"JPM,100247,425"
2019-06-28 11:52:00.000000000,BEST_ASK,"JPM,100439,470"
2019-06-28 11:52:00.000000000,LAST_TRADE,"8,$100247.0000"
2019-06-28 11:52:00.000000000,QUERY_SPREAD,84
2019-06-28 11:52:00.000000000,BEST_BID,"JPM,100247,421"
2019-06-28 11:52:00.000000000,BEST_ASK,"JPM,100439,470"
2019-06-28 11:52:00.000000000,LAST_TRADE,"4,$100247.0000"
2019-06-28 11:52:00.000000000,QUERY_SPREAD,85
2019-06-28 11:52:00.000000000,BEST_BID,"JPM,100247,416"
2019-06-28 11:52:00.000000000,BEST_ASK,"JPM,100439,470"
2019-06-28 11:52:00.000000000,LAST_TRADE,"5,$100247.0000"
2019-06-28 11:52:00.000000000,QUERY_SPREAD,86
2019-06-28 11:52:00.000000000,BEST_BID,"JPM,100247,414"
2019-06-28 11:52:00.000000000,BEST_ASK,"JPM,100439,470"
2019-06-28 11:52:00.000000000,LAST_TRADE,"2,$100247.0000"
2019-06-28 11:52:00.000000000,QUERY_SPREAD,87
2019-06-28 11:52:00.000000000,BEST_BID,"JPM,100247,407"
2019-06-28 11:52:00.000000000,BEST_ASK,"JPM,100439,470"
2019-06-28 11:52:00.000000000,LAST_TRADE,"7,$100247.0000"
2019-06-28 11:52:00.000000000,QUERY_SPREAD,88
2019-06-28 11:52:00.000000000,BEST_BID,"JPM,100247,399"
2019-06-28 11:52:00.000000000,BEST_ASK,"JPM,100439,470"
2019-06-28 11:52:00.000000000,LAST_TRADE,"8,$100247.0000"
2019-06-28 11:52:00.000000000,QUERY_SPREAD,89
2019-06-28 11:52:00.000000000,BEST_BID,"JPM,100247,394"
2019-06-28 11:52:00.000000000,BEST_ASK,"JPM,100439,470"
2019-06-28 11:52:00.000000000,LAST_TRADE,"5,$100247.0000"
2019-06-28 11:52:00.000000000,QUERY_SPREAD,90
2019-06-28 11:52:00.000000000,BEST_BID,"JPM,100247,390"
2019-06-28 11:52:00.000000000,BEST_ASK,"JPM,100439,470"
2019-06-28 11:52:00.000000000,LAST_TRADE,"4,$100247.0000"
2019-06-28 11:52:00.000000000,QUERY_SPREAD,91
2019-06-28 11:52:00.000000000,BEST_BID,"JPM,100247,387"
2019-06-28 11:52:00.000000000,BEST_ASK,"JPM,100439,470"
2019-06-28 11:52:00.000000000,LAST_TRADE,"3,$100247.0000"
2019-06-28 11:52:00.000000000,QUERY_SPREAD,92
2019-06-28 11:52:00.000000000,BEST_BID,"JPM,100247,382"
2019-06-28 11:52:00.000000000,BEST_ASK,"JPM,100439,470"
2019-06-28 11:52:00.000000000,LAST_TRADE,"5,$100247.0000"
2019-06-28 11:52:00.000000000,QUERY_SPREAD,93
2019-06-28 11:52:00.000000000,BEST_BID,"JPM,100247,375"
2019-06-28 11:52:00.000000000,BEST_ASK,"JPM,100439,470"
2019-06-28 11:52:00.000000000,LAST_TRADE,"7,$100247.0000"
2019-06-28 11:52:00.000000000,QUERY_SPREAD,94
2019-06-28 11:52:00.000000000,BEST_BID,"JPM,100247,374"
2019-06-28 11:52:00.000000000,BEST_ASK,"JPM,100439,470"
2019-06-28 11:52:00.000000000,LAST_TRADE,"1,$100247.0000"
2019-06-28 11:52:00.000000000,QUERY_SPREAD,95
2019-06-28 11:52:00.000000000,BEST_BID,"JPM,100247,373"
2019-06-28 11:52:00.000000000,BEST_ASK,"JPM,100439,470"
2019-06-28 11:52:00.000000000,LAST_TRADE,"1,$100247.0000"
2019-06-28 11:52:00.000000000,QUERY_SPREAD,96
2019-06-28 11:52:00.000000000,BEST_BID,"JPM,100247,369"
2019-06-28 11:52:00.000000000,BEST_ASK,"JPM,100439,470"
2019-06-28 11:52:00.000000000,LAST_TRADE,"4,$100247.0000"
2019-06-28 11:52:00.000000000,QUERY_SPREAD,97
2019-06-28 11:52:00.000000000,BEST_BID,"JPM,100247,366"
2019-06-28 11:52:00.000000000,BEST_ASK,"JPM,100439,470"
2019-06-28 11:52:00.000000000,LAST_TRADE,"3,$100247.0000"
2019-06-28 11:52:00.000000000,QUERY_SPREAD,98
2019-06-28 11:52:00.000000000,BEST_BID,"JPM,100247,361"
2019-06-28 11:52:00.000000000,BEST_ASK,"JPM,100439,470"
2019-06-28 11:52:00.000000000,LAST_TRADE,"5,$100247.0000"
2019-06-28 11:52:00.000000000,QUERY_SPREAD,99
2019-06-28 11:52:00.000000000,BEST_BID,"JPM,100247,357"
2019-06-28 11:52:00.000000000,BEST_ASK,"JPM,100439,470"
2019-06-28 11:52:00.000000000,LAST_TRADE,"4,$100247.0000"
2019-06-28 11:52:00.000000000,QUERY_SPREAD,100
2019-06-28 11:52:00.000000000,BEST_BID,"JPM,100247,352"
2019-06-28 11:52:00.000000000,BEST_ASK,"JPM,100439,470"
2019-06-28 11:52:00.000000000,LAST_TRADE,"5,$100247.0000"
2019-06-28 11:52:00.000000000,QUERY_SPREAD,101
2019-06-28 11:52:00.000000000,BEST_BID,"JPM,100247,352"
2019-06-28 11:52:00.000000000,BEST_ASK,"JPM,100439,469"
2019-06-28 11:52:00.000000000,LAST_TRADE,"1,$100439.0000"
2019-06-28 11:52:10.000000000,QUERY_SPREAD,1
2019-06-28 11:52:10.000000000,BEST_BID,"JPM,100174,471"
2019-06-28 11:52:10.000000000,BEST_ASK,"JPM,100439,98"
2019-06-28 11:52:10.000000000,BEST_BID,"JPM,100174,471"
2019-06-28 11:52:10.000000000,BEST_ASK,"JPM,100439,469"
2019-06-28 11:52:11.461079246,QUERY_SPREAD,14
2019-06-28 11:52:11.461079246,BEST_BID,"JPM,100174,471"
2019-06-28 11:52:11.461079246,BEST_ASK,"JPM,100414,100"
2019-06-28 11:52:11.570753748,QUERY_SPREAD,20
2019-06-28 11:52:11.570753748,BEST_BID,"JPM,100174,471"
2019-06-28 11:52:11.570753748,BEST_ASK,"JPM,100414,100"
2019-06-28 11:52:14.794455473,QUERY_ORDER_STREAM,61
2019-06-28 11:52:14.794455473,QUERY_SPREAD,61
2019-06-28 11:52:14.794455473,BEST_BID,"JPM,100247,100"
2019-06-28 11:52:14.794455473,BEST_ASK,"JPM,100414,100"
2019-06-28 11:52:19.187398531,QUERY_ORDER_STREAM,69
2019-06-28 11:52:19.187398531,QUERY_SPREAD,69
2019-06-28 11:52:19.187398531,BEST_BID,"JPM,100247,200"
2019-06-28 11:52:19.187398531,BEST_ASK,"JPM,100414,100"
2019-06-28 11:52:20.000000000,QUERY_SPREAD,1
2019-06-28 11:52:20.000000000,BEST_BID,"JPM,100247,293"
2019-06-28 11:52:20.000000000,BEST_ASK,"JPM,100414,100"
2019-06-28 11:52:20.000000000,BEST_BID,"JPM,100247,293"
2019-06-28 11:52:20.000000000,BEST_ASK,"JPM,100414,100"
2019-06-28 11:52:20.000000000,BEST_BID,"JPM,100247,293"
2019-06-28 11:52:20.000000000,BEST_ASK,"JPM,100414,100"
2019-06-28 11:52:20.000000000,BEST_BID,"JPM,100247,293"
2019-06-28 11:52:20.000000000,BEST_ASK,"JPM,100414,100"
2019-06-28 11:52:20.000000000,BEST_BID,"JPM,100247,293"
2019-06-28 11:52:20.000000000,BEST_ASK,"JPM,100414,193"
2019-06-28 11:52:20.000000000,BEST_BID,"JPM,100247,293"
2019-06-28 11:52:20.000000000,BEST_ASK,"JPM,100414,193"
2019-06-28 11:52:20.000000000,BEST_BID,"JPM,100247,293"
2019-06-28 11:52:20.000000000,BEST_ASK,"JPM,100414,193"
2019-06-28 11:52:20.000000000,BEST_BID,"JPM,100247,293"
2019-06-28 11:52:20.000000000,BEST_ASK,"JPM,100414,193"
2019-06-28 11:52:27.519495942,QUERY_ORDER_STREAM,74
2019-06-28 11:52:27.519495942,QUERY_SPREAD,74
2019-06-28 11:52:30.000000000,QUERY_SPREAD,1
2019-06-28 11:52:30.000000000,BEST_BID,"JPM,100247,571"
2019-06-28 11:52:30.000000000,BEST_ASK,"JPM,100414,100"
2019-06-28 11:52:30.000000000,BEST_BID,"JPM,100247,571"
2019-06-28 11:52:30.000000000,BEST_ASK,"JPM,100414,471"
2019-06-28 11:52:40.000000000,QUERY_SPREAD,1
2019-06-28 11:52:40.000000000,BEST_BID,"JPM,100247,571"
2019-06-28 11:52:40.000000000,BEST_ASK,"JPM,100414,100"
2019-06-28 11:52:40.000000000,BEST_BID,"JPM,100247,571"
2019-06-28 11:52:40.000000000,BEST_ASK,"JPM,100414,471"
2019-06-28 11:52:45.724700465,QUERY_SPREAD,27
2019-06-28 11:52:45.724700465,BEST_BID,"JPM,100247,571"
2019-06-28 11:52:45.724700465,BEST_ASK,"JPM,100414,371"
2019-06-28 11:52:45.724700465,LAST_TRADE,"100,$100414.0000"
2019-06-28 11:52:50.000000000,QUERY_SPREAD,1
2019-06-28 11:52:50.000000000,BEST_BID,"JPM,100247,571"
2019-06-28 11:52:50.000000000,BEST_ASK,"JPM,100439,98"
2019-06-28 11:52:50.000000000,BEST_BID,"JPM,100247,571"
2019-06-28 11:52:50.000000000,BEST_ASK,"JPM,100439,469"
2019-06-28 11:52:52.245443836,QUERY_ORDER_STREAM,72
2019-06-28 11:52:52.245443836,QUERY_SPREAD,72
2019-06-28 11:52:54.482636050,QUERY_SPREAD,15
2019-06-28 11:52:54.482636050,BEST_BID,"JPM,100247,571"
2019-06-28 11:52:54.482636050,BEST_ASK,"JPM,100439,469"
2019-06-28 11:53:00.000000000,QUERY_SPREAD,1
2019-06-28 11:53:00.000000000,BEST_BID,"JPM,100247,326"
2019-06-28 11:53:00.000000000,BEST_ASK,"JPM,100439,98"
2019-06-28 11:53:00.000000000,BEST_BID,"JPM,100247,326"
2019-06-28 11:53:00.000000000,BEST_ASK,"JPM,100439,98"
2019-06-28 11:53:00.000000000,BEST_BID,"JPM,100247,326"
2019-06-28 11:53:00.000000000,BEST_ASK,"JPM,100439,98"
2019-06-28 11:53:00.000000000,BEST_BID,"JPM,100247,326"
2019-06-28 11:53:00.000000000,BEST_ASK,"JPM,100439,224"
2019-06-28 11:53:00.000000000,BEST_BID,"JPM,100247,326"
2019-06-28 11:53:00.000000000,BEST_ASK,"JPM,100439,224"
2019-06-28 11:53:00.000000000,BEST_BID,"JPM,100247,326"
2019-06-28 11:53:00.000000000,BEST_ASK,"JPM,100439,224"
2019-06-28 11:53:00.000000000,QUERY_SPREAD,77
2019-06-28 11:53:00.000000000,BEST_BID,"JPM,100247,321"
2019-06-28 11:53:00.000000000,BEST_ASK,"JPM,100439,224"
2019-06-28 11:53:00.000000000,LAST_TRADE,"5,$100247.0000"
2019-06-28 11:53:00.000000000,QUERY_SPREAD,78
2019-06-28 11:53:00.000000000,BEST_BID,"JPM,100247,313"
2019-06-28 11:53:00.000000000,BEST_ASK,"JPM,100439,224"
2019-06-28 11:53:00.000000000,LAST_TRADE,"8,$100247.0000"
2019-06-28 11:53:00.000000000,QUERY_SPREAD,79
2019-06-28 11:53:00.000000000,BEST_BID,"JPM,100247,308"
2019-06-28 11:53:00.000000000,BEST_ASK,"JPM,100439,224"
2019-06-28 11:53:00.000000000,LAST_TRADE,"5,$100247.0000"
2019-06-28 11:53:00.000000000,QUERY_SPREAD,80
2019-06-28 11:53:00.000000000,BEST_BID,"JPM,100247,300"
2019-06-28 11:53:00.000000000,BEST_ASK,"JPM,100439,224"
2019-06-28 11:53:00.000000000,LAST_TRADE,"8,$100247.0000"
2019-06-28 11:53:00.000000000,QUERY_SPREAD,81
2019-06-28 11:53:00.000000000,BEST_BID,"JPM,100247,291"
2019-06-28 11:53:00.000000000,BEST_ASK,"JPM,100439,224"
2019-06-28 11:53:00.000000000,LAST_TRADE,"9,$100247.0000"
2019-06-28 11:53:00.000000000,QUERY_SPREAD,82
2019-06-28 11:53:00.000000000,BEST_BID,"JPM,100247,288"
2019-06-28 11:53:00.000000000,BEST_ASK,"JPM,100439,224"
2019-06-28 11:53:00.000000000,LAST_TRADE,"3,$100247.0000"
2019-06-28 11:53:00.000000000,QUERY_SPREAD,83
2019-06-28 11:53:00.000000000,BEST_BID,"JPM,100247,280"
2019-06-28 11:53:00.000000000,BEST_ASK,"JPM,100439,224"
2019-06-28 11:53:00.000000000,LAST_TRADE,"8,$100247.0000"
2019-06-28 11:53:00.000000000,QUERY_SPREAD,84
2019-06-28 11:53:00.000000000,BEST_BID,"JPM,100247,276"
2019-06-28 11:53:00.000000000,BEST_ASK,"JPM,100439,224"
2019-06-28 11:53:00.000000000,LAST_TRADE,"4,$100247.0000"
2019-06-28 11:53:00.000000000,QUERY_SPREAD,85
2019-06-28 11:53:00.000000000,BEST_BID,"JPM,100247,271"
2019-06-28 11:53:00.000000000,BEST_ASK,"JPM,100439,224"
2019-06-28 11:53:00.000000000,LAST_TRADE,"5,$100247.0000"
2019-06-28 11:53:00.000000000,QUERY_SPREAD,86
2019-06-28 11:53:00.000000000,BEST_BID,"JPM,100247,269"
2019-06-28 11:53:00.000000000,BEST_ASK,"JPM,100439,224"
2019-06-28 11:53:00.000000000,LAST_TRADE,"2,$100247.0000"
2019-06-28 11:53:00.000000000,QUERY_SPREAD,87
2019-06-28 11:53:00.000000000,BEST_BID,"JPM,100247,262"
2019-06-28 11:53:00.000000000,BEST_ASK,"JPM,100439,224"
2019-06-28 11:53:00.000000000,LAST_TRADE,"7,$100247.0000"
2019-06-28 11:53:00.000000000,QUERY_SPREAD,88
2019-06-28 11:53:00.000000000,BEST_BID,"JPM,100247,254"
2019-06-28 11:53:00.000000000,BEST_ASK,"JPM,100439,224"
2019-06-28 11:53:00.000000000,LAST_TRADE,"8,$100247.0000"
2019-06-28 11:53:00.000000000,QUERY_SPREAD,89
2019-06-28 11:53:00.000000000,BEST_BID,"JPM,100247,249"
2019-06-28 11:53:00.000000000,BEST_ASK,"JPM,100439,224"
2019-06-28 11:53:00.000000000,LAST_TRADE,"5,$100247.0000"
2019-06-28 11:53:00.000000000,QUERY_SPREAD,90
2019-06-28 11:53:00.000000000,BEST_BID,"JPM,100247,245"
2019-06-28 11:53:00.000000000,BEST_ASK,"JPM,100439,224"
2019-06-28 11:53:00.000000000,LAST_TRADE,"4,$100247.0000"
2019-06-28 11:53:00.000000000,QUERY_SPREAD,91
2019-06-28 11:53:00.000000000,BEST_BID,"JPM,100247,242"
2019-06-28 11:53:00.000000000,BEST_ASK,"JPM,100439,224"
2019-06-28 11:53:00.000000000,LAST_TRADE,"3,$100247.0000"
2019-06-28 11:53:00.000000000,QUERY_SPREAD,92
2019-06-28 11:53:00.000000000,BEST_BID,"JPM,100247,237"
2019-06-28 11:53:00.000000000,BEST_ASK,"JPM,100439,224"
2019-06-28 11:53:00.000000000,LAST_TRADE,"5,$100247.0000"
2019-06-28 11:53:00.000000000,QUERY_SPREAD,93
2019-06-28 11:53:00.000000000,BEST_BID,"JPM,100247,230"
2019-06-28 11:53:00.000000000,BEST_ASK,"JPM,100439,224"
2019-06-28 11:53:00.000000000,LAST_TRADE,"7,$100247.0000"
2019-06-28 11:53:00.000000000,QUERY_SPREAD,94
2019-06-28 11:53:00.000000000,BEST_BID,"JPM,100247,229"
2019-06-28 11:53:00.000000000,BEST_ASK,"JPM,100439,224"
2019-06-28 11:53:00.000000000,LAST_TRADE,"1,$100247.0000"
2019-06-28 11:53:00.000000000,QUERY_SPREAD,95
2019-06-28 11:53:00.000000000,BEST_BID,"JPM,100247,228"
2019-06-28 11:53:00.000000000,BEST_ASK,"JPM,100439,224"
2019-06-28 11:53:00.000000000,LAST_TRADE,"1,$100247.0000"
2019-06-28 11:53:00.000000000,QUERY_SPREAD,96
2019-06-28 11:53:00.000000000,BEST_BID,"JPM,100247,224"
2019-06-28 11:53:00.000000000,BEST_ASK,"JPM,100439,224"
2019-06-28 11:53:00.000000000,LAST_TRADE,"4,$100247.0000"
2019-06-28 11:53:00.000000000,QUERY_SPREAD,97
2019-06-28 11:53:00.000000000,BEST_BID,"JPM,100247,221"
2019-06-28 11:53:00.000000000,BEST_ASK,"JPM,100439,224"
2019-06-28 11:53:00.000000000,LAST_TRADE,"3,$100247.0000"
2019-06-28 11:53:00.000000000,QUERY_SPREAD,98
2019-06-28 11:53:00.000000000,BEST_BID,"JPM,100247,216"
2019-06-28 11:53:00.000000000,BEST_ASK,"JPM,100439,224"
2019-06-28 11:53:00.000000000,LAST_TRADE,"5,$100247.0000"
2019-06-28 11:53:00.000000000,QUERY_SPREAD,99
2019-06-28 11:53:00.000000000,BEST_BID,"JPM,100247,212"
2019-06-28 11:53:00.000000000,BEST_ASK,"JPM,100439,224"
2019-06-28 11:53:00.000000000,LAST_TRADE,"4,$100247.0000"
2019-06-28 11:53:00.000000000,QUERY_SPREAD,100
2019-06-28 11:53:00.000000000,BEST_BID,"JPM,100247,207"
2019-06-28 11:53:00.000000000,BEST_ASK,"JPM,100439,224"
2019-06-28 11:53:00.000000000,LAST_TRADE,"5,$100247.0000"
2019-06-28 11:53:00.000000000,QUERY_SPREAD,101
2019-06-28 11:53:00.000000000,BEST_BID,"JPM,100247,207"
2019-06-28 11:53:00.000000000,BEST_ASK,"JPM,100439,223"
2019-06-28 11:53:00.000000000,LAST_TRADE,"1,$100439.0000"
2019-06-28 11:53:02.852266098,QUERY_ORDER_STREAM,69
2019-06-28 11:53:02.852266098,QUERY_SPREAD,69
2019-06-28 11:53:02.852266098,BEST_BID,"JPM,100247,226"
2019-06-28 11:53:02.852266098,BEST_ASK,"JPM,100439,223"
2019-06-28 11:53:10.000000000,QUERY_SPREAD,1
2019-06-28 11:53:10.000000000,BEST_BID,"JPM,100247,471"
2019-06-28 11:53:10.000000000,BEST_ASK,"JPM,100439,97"
2019-06-28 11:53:10.000000000,BEST_BID,"JPM,100247,471"
2019-06-28 11:53:10.000000000,BEST_ASK,"JPM,100439,468"
2019-06-28 11:53:12.468349372,QUERY_ORDER_STREAM,69
2019-06-28 11:53:12.468349372,QUERY_SPREAD,69
2019-06-28 11:53:20.000000000,QUERY_SPREAD,1
2019-06-28 11:53:20.000000000,BEST_BID,"JPM,100174,174"
2019-06-28 11:53:20.000000000,BEST_ASK,"JPM,100439,97"
2019-06-28 11:53:20.000000000,BEST_BID,"JPM,100174,174"
2019-06-28 11:53:20.000000000,BEST_ASK,"JPM,100439,97"
2019-06-28 11:53:20.000000000,BEST_BID,"JPM,100174,174"
2019-06-28 11:53:20.000000000,BEST_ASK,"JPM,100439,97"
2019-06-28 11:53:20.000000000,BEST_BID,"JPM,100174,174"
2019-06-28 11:53:20.000000000,BEST_ASK,"JPM,100439,97"
2019-06-28 11:53:20.000000000,BEST_BID,"JPM,100174,174"
2019-06-28 11:53:20.000000000,BEST_ASK,"JPM,100439,97"
2019-06-28 11:53:20.000000000,BEST_BID,"JPM,100174,174"
2019-06-28 11:53:20.000000000,BEST_ASK,"JPM,100439,171"
2019-06-28 11:53:20.000000000,BEST_BID,"JPM,100174,174"
2019-06-28 11:53:20.000000000,BEST_ASK,"JPM,100439,171"
2019-06-28 11:53:20.000000000,BEST_BID,"JPM,100174,174"
2019-06-28 11:53:20.000000000,BEST_ASK,"JPM,100439,171"
2019-06-28 11:53:20.000000000,BEST_BID,"JPM,100174,174"
2019-06-28 11:53:20.000000000,BEST_ASK,"JPM,100439,171"
2019-06-28 11:53:20.000000000,BEST_BID,"JPM,100174,174"
2019-06-28 11:53:20.000000000,BEST_ASK,"JPM,100439,171"
2019-06-28 11:53:30.000000000,QUERY_SPREAD,1
2019-06-28 11:53:30.000000000,BEST_BID,"JPM,100174,174"
2019-06-28 11:53:30.000000000,BEST_ASK,"JPM,100439,97"
2019-06-28 11:53:30.000000000,BEST_BID,"JPM,100174,174"
2019-06-28 11:53:30.000000000,BEST_ASK,"JPM,100439,97"
2019-06-28 11:53:30.000000000,BEST_BID,"JPM,100174,174"
2019-06-28 11:53:30.000000000,BEST_ASK,"JPM,100439,97"
2019-06-28 11:53:30.000000000,BEST_BID,"JPM,100174,174"
2019-06-28 11:53:30.000000000,BEST_ASK,"JPM,100439,97"
2019-06-28 11:53:30.000000000,BEST_BID,"JPM,100174,174"
2019-06-28 11:53:30.000000000,BEST_ASK,"JPM,100439,97"
2019-06-28 11:53:30.000000000,BEST_BID,"JPM,100174,174"
2019-06-28 11:53:30.000000000,BEST_ASK,"JPM,100439,171"
2019-06-28 11:53:30.000000000,BEST_BID,"JPM,100174,174"
2019-06-28 11:53:30.000000000,BEST_ASK,"JPM,100439,171"
2019-06-28 11:53:30.000000000,BEST_BID,"JPM,100174,174"
2019-06-28 11:53:30.000000000,BEST_ASK,"JPM,100439,171"
2019-06-28 11:53:30.000000000,BEST_BID,"JPM,100174,174"
2019-06-28 11:53:30.000000000,BEST_ASK,"JPM,100439,171"
2019-06-28 11:53:30.000000000,BEST_BID,"JPM,100174,174"
2019-06-28 11:53:30.000000000,BEST_ASK,"JPM,100439,171"
2019-06-28 11:53:40.000000000,QUERY_SPREAD,1
2019-06-28 11:53:40.000000000,BEST_BID,"JPM,100174,286"
2019-06-28 11:53:40.000000000,BEST_ASK,"JPM,100439,97"
2019-06-28 11:53:40.000000000,BEST_BID,"JPM,100174,286"
2019-06-28 11:53:40.000000000,BEST_ASK,"JPM,100439,97"
2019-06-28 11:53:40.000000000,BEST_BID,"JPM,100174,286"
2019-06-28 11:53:40.000000000,BEST_ASK,"JPM,100439,283"
2019-06-28 11:53:40.000000000,BEST_BID,"JPM,100174,286"
2019-06-28 11:53:40.000000000,BEST_ASK,"JPM,100439,283"
2019-06-28 11:53:42.615079083,QUERY_SPREAD,26
2019-06-28 11:53:42.615079083,BEST_BID,"JPM,100370,100"
2019-06-28 11:53:42.615079083,BEST_ASK,"JPM,100439,283"
2019-06-28 11:53:44.857864929,QUERY_ORDER_STREAM,53
2019-06-28 11:53:44.857864929,QUERY_SPREAD,53
2019-06-28 11:53:44.857864929,BEST_BID,"JPM,100370,100"
2019-06-28 11:53:44.857864929,BEST_ASK,"JPM,100439,283"
2019-06-28 11:53:46.954617854,QUERY_SPREAD,41
2019-06-28 11:53:46.954617854,BEST_BID,"JPM,100370,100"
2019-06-28 11:53:46.954617854,BEST_ASK,"JPM,100439,283"
2019-06-28 11:53:50.000000000,QUERY_SPREAD,1
2019-06-28 11:53:50.000000000,BEST_BID,"JPM,100370,471"
2019-06-28 11:53:50.000000000,BEST_ASK,"JPM,100439,97"
2019-06-28 11:53:50.000000000,BEST_BID,"JPM,100370,471"
2019-06-28 11:53:50.000000000,BEST_ASK,"JPM,100439,468"
2019-06-28 11:54:00.000000000,QUERY_SPREAD,1
2019-06-28 11:54:00.000000000,BEST_BID,"JPM,100370,286"
2019-06-28 11:54:00.000000000,BEST_ASK,"JPM,100439,97"
2019-06-28 11:54:00.000000000,BEST_BID,"JPM,100370,286"
2019-06-28 11:54:00.000000000,BEST_ASK,"JPM,100439,97"
2019-06-28 11:54:00.000000000,BEST_BID,"JPM,100370,286"
2019-06-28 11:54:00.000000000,BEST_ASK,"JPM,100439,283"
2019-06-28 11:54:00.000000000,BEST_BID,"JPM,100370,286"
2019-06-28 11:54:00.000000000,BEST_ASK,"JPM,100439,283"
2019-06-28 11:54:00.000000000,QUERY_SPREAD,77
2019-06-28 11:54:00.000000000,BEST_BID,"JPM,100370,281"
2019-06-28 11:54:00.000000000,BEST_ASK,"JPM,100439,283"
2019-06-28 11:54:00.000000000,LAST_TRADE,"5,$100370.0000"
2019-06-28 11:54:00.000000000,QUERY_SPREAD,78
2019-06-28 11:54:00.000000000,BEST_BID,"JPM,100370,273"
2019-06-28 11:54:00.000000000,BEST_ASK,"JPM,100439,283"
2019-06-28 11:54:00.000000000,LAST_TRADE,"8,$100370.0000"
2019-06-28 11:54:00.000000000,QUERY_SPREAD,79
2019-06-28 11:54:00.000000000,BEST_BID,"JPM,100370,268"
2019-06-28 11:54:00.000000000,BEST_ASK,"JPM,100439,283"
2019-06-28 11:54:00.000000000,LAST_TRADE,"5,$100370.0000"
2019-06-28 11:54:00.000000000,QUERY_SPREAD,80
2019-06-28 11:54:00.000000000,BEST_BID,"JPM,100370,260"
2019-06-28 11:54:00.000000000,BEST_ASK,"JPM,100439,283"
2019-06-28 11:54:00.000000000,LAST_TRADE,"8,$100370.0000"
2019-06-28 11:54:00.000000000,QUERY_SPREAD,81
2019-06-28 11:54:00.000000000,BEST_BID,"JPM,100370,251"
2019-06-28 11:54:00.000000000,BEST_ASK,"JPM,100439,283"
2019-06-28 11:54:00.000000000,LAST_TRADE,"9,$100370.0000"
2019-06-28 11:54:00.000000000,QUERY_SPREAD,82
2019-06-28 11:54:00.000000000,BEST_BID,"JPM,100370,248"
2019-06-28 11:54:00.000000000,BEST_ASK,"JPM,100439,283"
2019-06-28 11:54:00.000000000,LAST_TRADE,"3,$100370.0000"
2019-06-28 11:54:00.000000000,QUERY_SPREAD,83
2019-06-28 11:54:00.000000000,BEST_BID,"JPM,100370,240"
2019-06-28 11:54:00.000000000,BEST_ASK,"JPM,100439,283"
2019-06-28 11:54:00.000000000,LAST_TRADE,"8,$100370.0000"
2019-06-28 11:54:00.000000000,QUERY_SPREAD,84
2019-06-28 11:54:00.000000000,BEST_BID,"JPM,100370,236"
2019-06-28 11:54:00.000000000,BEST_ASK,"JPM,100439,283"
2019-06-28 11:54:00.000000000,LAST_TRADE,"4,$100370.0000"
2019-06-28 11:54:00.000000000,QUERY_SPREAD,85
2019-06-28 11:54:00.000000000,BEST_BID,"JPM,100370,231"
2019-06-28 11:54:00.000000000,BEST_ASK,"JPM,100439,283"
2019-06-28 11:54:00.000000000,LAST_TRADE,"5,$100370.0000"
2019-06-28 11:54:00.000000000,QUERY_SPREAD,86
2019-06-28 11:54:00.000000000,BEST_BID,"JPM,100370,229"
2019-06-28 11:54:00.000000000,BEST_ASK,"JPM,100439,283"
2019-06-28 11:54:00.000000000,LAST_TRADE,"2,$100370.0000"
2019-06-28 11:54:00.000000000,QUERY_SPREAD,87
2019-06-28 11:54:00.000000000,BEST_BID,"JPM,100370,222"
2019-06-28 11:54:00.000000000,BEST_ASK,"JPM,100439,283"
2019-06-28 11:54:00.000000000,LAST_TRADE,"7,$100370.0000"
2019-06-28 11:54:00.000000000,QUERY_SPREAD,88
2019-06-28 11:54:00.000000000,BEST_BID,"JPM,100370,214"
2019-06-28 11:54:00.000000000,BEST_ASK,"JPM,100439,283"
2019-06-28 11:54:00.000000000,LAST_TRADE,"8,$100370.0000"
2019-06-28 11:54:00.000000000,QUERY_SPREAD,89
2019-06-28 11:54:00.000000000,BEST_BID,"JPM,100370,209"
2019-06-28 11:54:00.000000000,BEST_ASK,"JPM,100439,283"
2019-06-28 11:54:00.000000000,LAST_TRADE,"5,$100370.0000"
2019-06-28 11:54:00.000000000,QUERY_SPREAD,90
2019-06-28 11:54:00.000000000,BEST_BID,"JPM,100370,205"
2019-06-28 11:54:00.000000000,BEST_ASK,"JPM,100439,283"
2019-06-28 11:54:00.000000000,LAST_TRADE,"4,$100370.0000"
2019-06-28 11:54:00.000000000,QUERY_SPREAD,91
2019-06-28 11:54:00.000000000,BEST_BID,"JPM,100370,202"
2019-06-28 11:54:00.000000000,BEST_ASK,"JPM,100439,283"
2019-06-28 11:54:00.000000000,LAST_TRADE,"3,$100370.0000"
2019-06-28 11:54:00.000000000,QUERY_SPREAD,92
2019-06-28 11:54:00.000000000,BEST_BID,"JPM,100370,197"
2019-06-28 11:54:00.000000000,BEST_ASK,"JPM,100439,283"
2019-06-28 11:54:00.000000000,LAST_TRADE,"5,$100370.0000"
2019-06-28 11:54:00.000000000,QUERY_SPREAD,93
2019-06-28 11:54:00.000000000,BEST_BID,"JPM,100370,190"
2019-06-28 11:54:00.000000000,BEST_ASK,"JPM,100439,283"
2019-06-28 11:54:00.000000000,LAST_TRADE,"7,$100370.0000"
2019-06-28 11:54:00.000000000,QUERY_SPREAD,94
2019-06-28 11:54:00.000000000,BEST_BID,"JPM,100370,189"
2019-06-28 11:54:00.000000000,BEST_ASK,"JPM,100439,283"
2019-06-28 11:54:00.000000000,LAST_TRADE,"1,$100370.0000"
2019-06-28 11:54:00.000000000,QUERY_SPREAD,95
2019-06-28 11:54:00.000000000,BEST_BID,"JPM,100370,188"
2019-06-28 11:54:00.000000000,BEST_ASK,"JPM,100439,283"
2019-06-28 11:54:00.000000000,LAST_TRADE,"1,$100370.0000"
2019-06-28 11:54:00.000000000,QUERY_SPREAD,96
2019-06-28 11:54:00.000000000,BEST_BID,"JPM,100370,184"
2019-06-28 11:54:00.000000000,BEST_ASK,"JPM,100439,283"
2019-06-28 11:54:00.000000000,LAST_TRADE,"4,$100370.0000"
2019-06-28 11:54:00.000000000,QUERY_SPREAD,97
2019-06-28 11:54:00.000000000,BEST_BID,"JPM,100370,181"
2019-06-28 11:54:00.000000000,BEST_ASK,"JPM,100439,283"
2019-06-28 11:54:00.000000000,LAST_TRADE,"3,$100370.0000"
2019-06-28 11:54:00.000000000,QUERY_SPREAD,98
2019-06-28 11:54:00.000000000,BEST_BID,"JPM,100370,176"
2019-06-28 11:54:00.000000000,BEST_ASK,"JPM,100439,283"
2019-06-28 11:54:00.000000000,LAST_TRADE,"5,$100370.0000"
2019-06-28 11:54:00.000000000,QUERY_SPREAD,99
2019-06-28 11:54:00.000000000,BEST_BID,"JPM,100370,172"
2019-06-28 11:54:00.000000000,BEST_ASK,"JPM,100439,283"
2019-06-28 11:54:00.000000000,LAST_TRADE,"4,$100370.0000"
2019-06-28 11:54:00.000000000,QUERY_SPREAD,100
2019-06-28 11:54:00.000000000,BEST_BID,"JPM,100370,167"
2019-06-28 11:54:00.000000000,BEST_ASK,"JPM,100439,283"
2019-06-28 11:54:00.000000000,LAST_TRADE,"5,$100370.0000"
2019-06-28 11:54:00.000000000,QUERY_SPREAD,101
2019-06-28 11:54:00.000000000,BEST_BID,"JPM,100370,167"
2019-06-28 11:54:00.000000000,BEST_ASK,"JPM,100439,282"
2019-06-28 11:54:00.000000000,LAST_TRADE,"1,$100439.0000"
2019-06-28 11:54:08.248645913,QUERY_SPREAD,3
2019-06-28 11:54:08.248645913,BEST_BID,"JPM,100370,167"
2019-06-28 11:54:08.248645913,BEST_ASK,"JPM,100439,282"
2019-06-28 11:54:10.000000000,QUERY_SPREAD,1
2019-06-28 11:54:10.000000000,BEST_BID,"JPM,100247,226"
2019-06-28 11:54:10.000000000,BEST_ASK,"JPM,100439,96"
2019-06-28 11:54:10.000000000,BEST_BID,"JPM,100247,226"
2019-06-28 11:54:10.000000000,BEST_ASK,"JPM,100439,96"
2019-06-28 11:54:10.000000000,BEST_BID,"JPM,100247,226"
2019-06-28 11:54:10.000000000,BEST_ASK,"JPM,100439,96"
2019-06-28 11:54:10.000000000,BEST_BID,"JPM,100247,226"
2019-06-28 11:54:10.000000000,BEST_ASK,"JPM,100439,222"
2019-06-28 11:54:10.000000000,BEST_BID,"JPM,100247,226"
2019-06-28 11:54:10.000000000,BEST_ASK,"JPM,100439,222"
2019-06-28 11:54:10.000000000,BEST_BID,"JPM,100247,226"
2019-06-28 11:54:10.000000000,BEST_ASK,"JPM,100439,222"
2019-06-28 11:54:17.203101834,QUERY_SPREAD,41
2019-06-28 11:54:17.203101834,BEST_BID,"JPM,100247,126"
2019-06-28 11:54:17.203101834,BEST_ASK,"JPM,100439,222"
2019-06-28 11:54:17.203101834,LAST_TRADE,"100,$100247.0000"
2019-06-28 11:54:20.000000000,QUERY_SPREAD,1
2019-06-28 11:54:20.000000000,BEST_BID,"JPM,100174,174"
2019-06-28 11:54:20.000000000,BEST_ASK,"JPM,100439,96"
2019-06-28 11:54:20.000000000,BEST_BID,"JPM,100174,174"
2019-06-28 11:54:20.000000000,BEST_ASK,"JPM,100439,96"
2019-06-28 11:54:20.000000000,BEST_BID,"JPM,100174,174"
2019-06-28 11:54:20.000000000,BEST_ASK,"JPM,100439,96"
2019-06-28 11:54:20.000000000,BEST_BID,"JPM,100174,174"
2019-06-28 11:54:20.000000000,BEST_ASK,"JPM,100439,96"
2019-06-28 11:54:20.000000000,BEST_BID,"JPM,100174,174"
2019-06-28 11:54:20.000000000,BEST_ASK,"JPM,100439,96"
2019-06-28 11:54:20.000000000,BEST_BID,"JPM,100174,174"
2019-06-28 11:54:20.000000000,BEST_ASK,"JPM,100439,170"
2019-06-28 11:54:20.000000000,BEST_BID,"JPM,100174,174"
2019-06-28 11:54:20.000000000,BEST_ASK,"JPM,100439,170"
2019-06-28 11:54:20.000000000,BEST_BID,"JPM,100174,174"
2019-06-28 11:54:20.000000000,BEST_ASK,"JPM,100439,170"
2019-06-28 11:54:20.000000000,BEST_BID,"JPM,100174,174"
2019-06-28 11:54:20.000000000,BEST_ASK,"JPM,100439,170"
2019-06-28 11:54:20.000000000,BEST_BID,"JPM,100174,174"
2019-06-28 11:54:20.000000000,BEST_ASK,"JPM,100439,170"
2019-06-28 11:54:29.415221113,QUERY_SPREAD,44
2019-06-28 11:54:29.415221113,BEST_BID,"JPM,100174,174"
2019-06-28 11:54:29.415221113,BEST_ASK,"JPM,100439,170"
2019-06-28 11:54:30.000000000,QUERY_SPREAD,1
2019-06-28 11:54:30.000000000,BEST_BID,"JPM,100174,226"
2019-06-28 11:54:30.000000000,BEST_ASK,"JPM,100439,96"
2019-06-28 11:54:30.000000000,BEST_BID,"JPM,100174,226"
2019-06-28 11:54:30.000000000,BEST_ASK,"JPM,100439,96"
2019-06-28 11:54:30.000000000,BEST_BID,"JPM,100174,226"
2019-06-28 11:54:30.000000000,BEST_ASK,"JPM,100439,96"
2019-06-28 11:54:30.000000000,BEST_BID,"JPM,100174,226"
2019-06-28 11:54:30.000000000,BEST_ASK,"JPM,100439,222"
2019-06-28 11:54:30.000000000,BEST_BID,"JPM,100174,226"
2019-06-28 11:54:30.000000000,BEST_ASK,"JPM,100439,222"
2019-06-28 11:54:30.000000000,BEST_BID,"JPM,100174,226"
2019-06-28 11:54:30.000000000,BEST_ASK,"JPM,100439,222"
2019-06-28 11:54:40.000000000,QUERY_SPREAD,1
2019-06-28 11:54:40.000000000,BEST_BID,"JPM,100174,286"
2019-06-28 11:54:40.000000000,BEST_ASK,"JPM,100439,96"
2019-06-28 11:54:40.000000000,BEST_BID,"JPM,100174,286"
2019-06-28 11:54:40.000000000,BEST_ASK,"JPM,100439,96"
2019-06-28 11:54:40.000000000,BEST_BID,"JPM,100174,286"
2019-06-28 11:54:40.000000000,BEST_ASK,"JPM,100439,282"
2019-06-28 11:54:40.000000000,BEST_BID,"JPM,100174,286"
2019-06-28 11:54:40.000000000,BEST_ASK,"JPM,100439,282"
2019-06-28 11:54:50.000000000,QUERY_SPREAD,1
2019-06-28 11:54:50.000000000,BEST_BID,"JPM,100174,174"
2019-06-28 11:54:50.000000000,BEST_ASK,"JPM,100439,96"
2019-06-28 11:54:50.000000000,BEST_BID,"JPM,100174,174"
2019-06-28 11:54:50.000000000,BEST_ASK,"JPM,100439,96"
2019-06-28 11:54:50.000000000,BEST_BID,"JPM,100174,174"
2019-06-28 11:54:50.000000000,BEST_ASK,"JPM,100439,96"
2019-06-28 11:54:50.000000000,BEST_BID,"JPM,100174,174"
2019-06-28 11:54:50.000000000,BEST_ASK,"JPM,100439,96"
2019-06-28 11:54:50.000000000,BEST_BID,"JPM,100174,174"
2019-06-28 11:54:50.000000000,BEST_ASK,"JPM,100439,96"
2019-06-28 11:54:50.000000000,BEST_BID,"JPM,100174,174"
2019-06-28 11:54:50.000000000,BEST_ASK,"JPM,100439,170"
2019-06-28 11:54:50.000000000,BEST_BID,"JPM,100174,174"
2019-06-28 11:54:50.000000000,BEST_ASK,"JPM,100439,170"
2019-06-28 11:54:50.000000000,BEST_BID,"JPM,100174,174"
2019-06-28 11:54:50.000000000,BEST_ASK,"JPM,100439,170"
2019-06-28 11:54:50.000000000,BEST_BID,"JPM,100174,174"
2019-06-28 11:54:50.000000000,BEST_ASK,"JPM,100439,170"
2019-06-28 11:54:50.000000000,BEST_BID,"JPM,100174,174"
2019-06-28 11:54:50.000000000,BEST_ASK,"JPM,100439,170"
2019-06-28 11:54:51.914599556,QUERY_SPREAD,22
2019-06-28 11:54:51.914599556,BEST_BID,"JPM,100174,174"
2019-06-28 11:54:51.914599556,BEST_ASK,"JPM,100439,170"
2019-06-28 11:55:00.000000000,QUERY_SPREAD,1
2019-06-28 11:55:00.000000000,BEST_BID,"JPM,100174,471"
2019-06-28 11:55:00.000000000,BEST_ASK,"JPM,100439,96"
2019-06-28 11:55:00.000000000,BEST_BID,"JPM,100174,471"
2019-06-28 11:55:00.000000000,BEST_ASK,"JPM,100439,467"
2019-06-28 11:55:00.000000000,QUERY_SPREAD,77
2019-06-28 11:55:00.000000000,BEST_BID,"JPM,100174,466"
2019-06-28 11:55:00.000000000,BEST_ASK,"JPM,100439,467"
2019-06-28 11:55:00.000000000,LAST_TRADE,"5,$100174.0000"
2019-06-28 11:55:00.000000000,QUERY_SPREAD,78
2019-06-28 11:55:00.000000000,BEST_BID,"JPM,100174,458"
2019-06-28 11:55:00.000000000,BEST_ASK,"JPM,100439,467"
2019-06-28 11:55:00.000000000,LAST_TRADE,"8,$100174.0000"
2019-06-28 11:55:00.000000000,QUERY_SPREAD,79
2019-06-28 11:55:00.000000000,BEST_BID,"JPM,100174,453"
2019-06-28 11:55:00.000000000,BEST_ASK,"JPM,100439,467"
2019-06-28 11:55:00.000000000,LAST_TRADE,"5,$100174.0000"
2019-06-28 11:55:00.000000000,QUERY_SPREAD,80
2019-06-28 11:55:00.000000000,BEST_BID,"JPM,100174,445"
2019-06-28 11:55:00.000000000,BEST_ASK,"JPM,100439,467"
2019-06-28 11:55:00.000000000,LAST_TRADE,"8,$100174.0000"
2019-06-28 11:55:00.000000000,QUERY_SPREAD,81
2019-06-28 11:55:00.000000000,BEST_BID,"JPM,100174,436"
2019-06-28 11:55:00.000000000,BEST_ASK,"JPM,100439,467"
2019-06-28 11:55:00.000000000,LAST_TRADE,"9,$100174.0000"
2019-06-28 11:55:00.000000000,QUERY_SPREAD,82
2019-06-28 11:55:00.000000000,BEST_BID,"JPM,100174,433"
2019-06-28 11:55:00.000000000,BEST_ASK,"JPM,100439,467"
2019-06-28 11:55:00.000000000,LAST_TRADE,"3,$100174.0000"
2019-06-28 11:55:00.000000000,QUERY_SPREAD,83
2019-06-28 11:55:00.000000000,BEST_BID,"JPM,100174,425"
2019-06-28 11:55:00.000000000,BEST_ASK,"JPM,100439,467"
2019-06-28 11:55:00.000000000,LAST_TRADE,"8,$100174.0000"
2019-06-28 11:55:00.000000000,QUERY_SPREAD,84
2019-06-28 11:55:00.000000000,BEST_BID,"JPM,100174,421"
2019-06-28 11:55:00.000000000,BEST_ASK,"JPM,100439,467"
2019-06-28 11:55:00.000000000,LAST_TRADE,"4,$100174.0000"
2019-06-28 11:55:00.000000000,QUERY_SPREAD,85
2019-06-28 11:55:00.000000000,BEST_BID,"JPM,100174,416"
2019-06-28 11:55:00.000000000,BEST_ASK,"JPM,100439,467"
2019-06-28 11:55:00.000000000,LAST_TRADE,"5,$100174.0000"
2019-06-28 11:55:00.000000000,QUERY_SPREAD,86
2019-06-28 11:55:00.000000000,BEST_BID,"JPM,100174,414"
2019-06-28 11:55:00.000000000,BEST_ASK,"JPM,100439,467"
2019-06-28 11:55:00.000000000,LAST_TRADE,"2,$100174.0000"
2019-06-28 11:55:00.000000000,QUERY_SPREAD,87
2019-06-28 11:55:00.000000000,BEST_BID,"JPM,100174,407"
2019-06-28 11:55:00.000000000,BEST_ASK,"JPM,100439,467"
2019-06-28 11:55:00.000000000,LAST_TRADE,"7,$100174.0000"
2019-06-28 11:55:00.000000000,QUERY_SPREAD,88
2019-06-28 11:55:00.000000000,BEST_BID,"JPM,100174,399"
2019-06-28 11:55:00.000000000,BEST_ASK,"JPM,100439,467"
2019-06-28 11:55:00.000000000,LAST_TRADE,"8,$100174.0000"
2019-06-28 11:55:00.000000000,QUERY_SPREAD,89
2019-06-28 11:55:00.000000000,BEST_BID,"JPM,100174,394"
2019-06-28 11:55:00.000000000,BEST_ASK,"JPM,100439,467"
2019-06-28 11:55:00.000000000,LAST_TRADE,"5,$100174.0000"
2019-06-28 11:55:00.000000000,QUERY_SPREAD,90
2019-06-28 11:55:00.000000000,BEST_BID,"JPM,100174,390"
2019-06-28 11:55:00.000000000,BEST_ASK,"JPM,100439,467"
2019-06-28 11:55:00.000000000,LAST_TRADE,"4,$100174.0000"
2019-06-28 11:55:00.000000000,QUERY_SPREAD,91
2019-06-28 11:55:00.000000000,BEST_BID,"JPM,100174,387"
2019-06-28 11:55:00.000000000,BEST_ASK,"JPM,100439,467"
2019-06-28 11:55:00.000000000,LAST_TRADE,"3,$100174.0000"
2019-06-28 11:55:00.000000000,QUERY_SPREAD,92
2019-06-28 11:55:00.000000000,BEST_BID,"JPM,100174,382"
2019-06-28 11:55:00.000000000,BEST_ASK,"JPM,100439,467"
2019-06-28 11:55:00.000000000,LAST_TRADE,"5,$100174.0000"
2019-06-28 11:55:00.000000000,QUERY_SPREAD,93
2019-06-28 11:55:00.000000000,BEST_BID,"JPM,100174,375"
2019-06-28 11:55:00.000000000,BEST_ASK,"JPM,100439,467"
2019-06-28 11:55:00.000000000,LAST_TRADE,"7,$100174.0000"
2019-06-28 11:55:00.000000000,QUERY_SPREAD,94
2019-06-28 11:55:00.000000000,BEST_BID,"JPM,100174,374"
2019-06-28 11:55:00.000000000,BEST_ASK,"JPM,100439,467"
2019-06-28 11:55:00.000000000,LAST_TRADE,"1,$100174.0000"
2019-06-28 11:55:00.000000000,QUERY_SPREAD,95
2019-06-28 11:55:00.000000000,BEST_BID,"JPM,100174,373"
2019-06-28 11:55:00.000000000,BEST_ASK,"JPM,100439,467"
2019-06-28 11:55:00.000000000,LAST_TRADE,"1,$100174.0000"
2019-06-28 11:55:00.000000000,QUERY_SPREAD,96
2019-06-28 11:55:00.000000000,BEST_BID,"JPM,100174,369"
2019-06-28 11:55:00.000000000,BEST_ASK,"JPM,100439,467"
2019-06-28 11:55:00.000000000,LAST_TRADE,"4,$100174.0000"
2019-06-28 11:55:00.000000000,QUERY_SPREAD,97
2019-06-28 11:55:00.000000000,BEST_BID,"JPM,100174,366"
2019-06-28 11:55:00.000000000,BEST_ASK,"JPM,100439,467"
2019-06-28 11:55:00.000000000,LAST_TRADE,"3,$100174.0000"
2019-06-28 11:55:00.000000000,QUERY_SPREAD,98
2019-06-28 11:55:00.000000000,BEST_BID,"JPM,100174,361"
2019-06-28 11:55:00.000000000,BEST_ASK,"JPM,100439,467"
2019-06-28 11:55:00.000000000,LAST_TRADE,"5,$100174.0000"
2019-06-28 11:55:00.000000000,QUERY_SPREAD,99
2019-06-28 11:55:00.000000000,BEST_BID,"JPM,100174,357"
2019-06-28 11:55:00.000000000,BEST_ASK,"JPM,100439,467"
2019-06-28 11:55:00.000000000,LAST_TRADE,"4,$100174.0000"
2019-06-28 11:55:00.000000000,QUERY_SPREAD,100
2019-06-28 11:55:00.000000000,BEST_BID,"JPM,100174,352"
2019-06-28 11:55:00.000000000,BEST_ASK,"JPM,100439,467"
2019-06-28 11:55:00.000000000,LAST_TRADE,"5,$100174.0000"
2019-06-28 11:55:00.000000000,QUERY_SPREAD,101
2019-06-28 11:55:00.000000000,BEST_BID,"JPM,100174,352"
2019-06-28 11:55:00.000000000,BEST_ASK,"JPM,100439,466"
2019-06-28 11:55:00.000000000,LAST_TRADE,"1,$100439.0000"
2019-06-28 11:55:10.000000000,QUERY_SPREAD,1
2019-06-28 11:55:10.000000000,BEST_BID,"JPM,100168,193"
2019-06-28 11:55:10.000000000,BEST_ASK,"JPM,100439,95"
2019-06-28 11:55:10.000000000,BEST_BID,"JPM,100168,193"
2019-06-28 11:55:10.000000000,BEST_ASK,"JPM,100439,95"
2019-06-28 11:55:10.000000000,BEST_BID,"JPM,100168,193"
2019-06-28 11:55:10.000000000,BEST_ASK,"JPM,100439,95"
2019-06-28 11:55:10.000000000,BEST_BID,"JPM,100168,193"
2019-06-28 11:55:10.000000000,BEST_ASK,"JPM,100439,95"
2019-06-28 11:55:10.000000000,BEST_BID,"JPM,100168,193"
2019-06-28 11:55:10.000000000,BEST_ASK,"JPM,100439,188"
2019-06-28 11:55:10.000000000,BEST_BID,"JPM,100168,193"
2019-06-28 11:55:10.000000000,BEST_ASK,"JPM,100439,188"
2019-06-28 11:55:10.000000000,BEST_BID,"JPM,100168,193"
2019-06-28 11:55:10.000000000,BEST_ASK,"JPM,100439,188"
2019-06-28 11:55:10.000000000,BEST_BID,"JPM,100168,193"
2019-06-28 11:55:10.000000000,BEST_ASK,"JPM,100439,188"
2019-06-28 11:55:20.000000000,QUERY_SPREAD,1
2019-06-28 11:55:20.000000000,BEST_BID,"JPM,100168,471"
2019-06-28 11:55:20.000000000,BEST_ASK,"JPM,100439,95"
2019-06-28 11:55:20.000000000,BEST_BID,"JPM,100168,471"
2019-06-28 11:55:20.000000000,BEST_ASK,"JPM,100439,466"
2019-06-28 11:55:28.650427168,QUERY_SPREAD,20
2019-06-28 11:55:28.650427168,BEST_BID,"JPM,100168,471"
2019-06-28 11:55:28.650427168,BEST_ASK,"JPM,100439,466"
2019-06-28 11:55:30.000000000,QUERY_SPREAD,1
2019-06-28 11:55:30.000000000,BEST_BID,"JPM,100168,193"
2019-06-28 11:55:30.000000000,BEST_ASK,"JPM,100439,95"
2019-06-28 11:55:30.000000000,BEST_BID,"JPM,100168,193"
2019-06-28 11:55:30.000000000,BEST_ASK,"JPM,100439,95"
2019-06-28 11:55:30.000000000,BEST_BID,"JPM,100168,193"
2019-06-28 11:55:30.000000000,BEST_ASK,"JPM,100439,95"
2019-06-28 11:55:30.000000000,BEST_BID,"JPM,100168,193"
2019-06-28 11:55:30.000000000,BEST_ASK,"JPM,100439,95"
2019-06-28 11:55:30.000000000,BEST_BID,"JPM,100168,193"
2019-06-28 11:55:30.000000000,BEST_ASK,"JPM,100439,188"
2019-06-28 11:55:30.000000000,BEST_BID,"JPM,100168,193"
2019-06-28 11:55:30.000000000,BEST_ASK,"JPM,100439,188"
2019-06-28 11:55:30.000000000,BEST_BID,"JPM,100168,193"
2019-06-28 11:55:30.000000000,BEST_ASK,"JPM,100439,188"
2019-06-28 11:55:30.000000000,BEST_BID,"JPM,100168,193"
2019-06-28 11:55:30.000000000,BEST_ASK,"JPM,100439,188"
2019-06-28 11:55:40.000000000,QUERY_SPREAD,1
2019-06-28 11:55:40.000000000,BEST_BID,"JPM,100168,286"
2019-06-28 11:55:40.000000000,BEST_ASK,"JPM,100439,95"
2019-06-28 11:55:40.000000000,BEST_BID,"JPM,100168,286"
2019-06-28 11:55:40.000000000,BEST_ASK,"JPM,100439,95"
2019-06-28 11:55:40.000000000,BEST_BID,"JPM,100168,286"
2019-06-28 11:55:40.000000000,BEST_ASK,"JPM,100439,281"
2019-06-28 11:55:40.000000000,BEST_BID,"JPM,100168,286"
2019-06-28 11:55:40.000000000,BEST_ASK,"JPM,100439,281"
2019-06-28 11:55:50.000000000,QUERY_SPREAD,1
2019-06-28 11:55:50.000000000,BEST_BID,"JPM,100168,193"
2019-06-28 11:55:50.000000000,BEST_ASK,"JPM,100439,95"
2019-06-28 11:55:50.000000000,BEST_BID,"JPM,100168,193"
2019-06-28 11:55:50.000000000,BEST_ASK,"JPM,100439,95"
2019-06-28 11:55:50.000000000,BEST_BID,"JPM,100168,193"
2019-06-28 11:55:50.000000000,BEST_ASK,"JPM,100439,95"
2019-06-28 11:55:50.000000000,BEST_BID,"JPM,100168,193"
2019-06-28 11:55:50.000000000,BEST_ASK,"JPM,100439,95"
2019-06-28 11:55:50.000000000,BEST_BID,"JPM,100168,193"
2019-06-28 11:55:50.000000000,BEST_ASK,"JPM,100439,188"
2019-06-28 11:55:50.000000000,BEST_BID,"JPM,100168,193"
2019-06-28 11:55:50.000000000,BEST_ASK,"JPM,100439,188"
2019-06-28 11:55:50.000000000,BEST_BID,"JPM,100168,193"
2019-06-28 11:55:50.000000000,BEST_ASK,"JPM,100439,188"
2019-06-28 11:55:50.000000000,BEST_BID,"JPM,100168,193"
2019-06-28 11:55:50.000000000,BEST_ASK,"JPM,100439,188"
2019-06-28 11:55:52.064473963,QUERY_SPREAD,18
2019-06-28 11:55:52.064473963,BEST_BID,"JPM,100168,193"
2019-06-28 11:55:52.064473963,BEST_ASK,"JPM,100439,188"
2019-06-28 11:55:57.679403763,QUERY_SPREAD,18
2019-06-28 11:55:57.679403763,BEST_BID,"JPM,100381,100"
2019-06-28 11:55:57.679403763,BEST_ASK,"JPM,100439,188"
2019-06-28 11:56:00.000000000,QUERY_SPREAD,1
2019-06-28 11:56:00.000000000,BEST_BID,"JPM,100381,286"
2019-06-28 11:56:00.000000000,BEST_ASK,"JPM,100439,95"
2019-06-28 11:56:00.000000000,BEST_BID,"JPM,100381,286"
2019-06-28 11:56:00.000000000,BEST_ASK,"JPM,100439,95"
2019-06-28 11:56:00.000000000,BEST_BID,"JPM,100381,286"
2019-06-28 11:56:00.000000000,BEST_ASK,"JPM,100439,281"
2019-06-28 11:56:00.000000000,BEST_BID,"JPM,100381,286"
2019-06-28 11:56:00.000000000,BEST_ASK,"JPM,100439,281"
2019-06-28 11:56:00.000000000,QUERY_SPREAD,77
2019-06-28 11:56:00.000000000,BEST_BID,"JPM,100381,281"
2019-06-28 11:56:00.000000000,BEST_ASK,"JPM,100439,281"
2019-06-28 11:56:00.000000000,LAST_TRADE,"5,$100381.0000"
2019-06-28 11:56:00.000000000,QUERY_SPREAD,78
2019-06-28 11:56:00.000000000,BEST_BID,"JPM,100381,273"
2019-06-28 11:56:00.000000000,BEST_ASK,"JPM,100439,281"
2019-06-28 11:56:00.000000000,LAST_TRADE,"8,$100381.0000"
2019-06-28 11:56:00.000000000,QUERY_SPREAD,79
2019-06-28 11:56:00.000000000,BEST_BID,"JPM,100381,268"
2019-06-28 11:56:00.000000000,BEST_ASK,"JPM,100439,281"
2019-06-28 11:56:00.000000000,LAST_TRADE,"5,$100381.0000"
2019-06-28 11:56:00.000000000,QUERY_SPREAD,80
2019-06-28 11:56:00.000000000,BEST_BID,"JPM,100381,260"
2019-06-28 11:56:00.000000000,BEST_ASK,"JPM,100439,281"
2019-06-28 11:56:00.000000000,LAST_TRADE,"8,$100381.0000"
2019-06-28 11:56:00.000000000,QUERY_SPREAD,81
2019-06-28 11:56:00.000000000,BEST_BID,"JPM,100381,251"
2019-06-28 11:56:00.000000000,BEST_ASK,"JPM,100439,281"
2019-06-28 11:56:00.000000000,LAST_TRADE,"9,$100381.0000"
2019-06-28 11:56:00.000000000,QUERY_SPREAD,82
2019-06-28 11:56:00.000000000,BEST_BID,"JPM,100381,248"
2019-06-28 11:56:00.000000000,BEST_ASK,"JPM,100439,281"
2019-06-28 11:56:00.000000000,LAST_TRADE,"3,$100381.0000"
2019-06-28 11:56:00.000000000,QUERY_SPREAD,83
2019-06-28 11:56:00.000000000,BEST_BID,"JPM,100381,240"
2019-06-28 11:56:00.000000000,BEST_ASK,"JPM,100439,281"
2019-06-28 11:56:00.000000000,LAST_TRADE,"8,$100381.0000"
2019-06-28 11:56:00.000000000,QUERY_SPREAD,84
2019-06-28 11:56:00.000000000,BEST_BID,"JPM,100381,236"
2019-06-28 11:56:00.000000000,BEST_ASK,"JPM,100439,281"
2019-06-28 11:56:00.000000000,LAST_TRADE,"4,$100381.0000"
2019-06-28 11:56:00.000000000,QUERY_SPREAD,85
2019-06-28 11:56:00.000000000,BEST_BID,"JPM,100381,231"
2019-06-28 11:56:00.000000000,BEST_ASK,"JPM,100439,281"
2019-06-28 11:56:00.000000000,LAST_TRADE,"5,$100381.0000"
2019-06-28 11:56:00.000000000,QUERY_SPREAD,86
2019-06-28 11:56:00.000000000,BEST_BID,"JPM,100381,229"
2019-06-28 11:56:00.000000000,BEST_ASK,"JPM,100439,281"
2019-06-28 11:56:00.000000000,LAST_TRADE,"2,$100381.0000"
2019-06-28 11:56:00.000000000,QUERY_SPREAD,87
2019-06-28 11:56:00.000000000,BEST_BID,"JPM,100381,222"
2019-06-28 11:56:00.000000000,BEST_ASK,"JPM,100439,281"
2019-06-28 11:56:00.000000000,LAST_TRADE,"7,$100381.0000"
2019-06-28 11:56:00.000000000,QUERY_SPREAD,88
2019-06-28 11:56:00.000000000,BEST_BID,"JPM,100381,214"
2019-06-28 11:56:00.000000000,BEST_ASK,"JPM,100439,281"
2019-06-28 11:56:00.000000000,LAST_TRADE,"8,$100381.0000"
2019-06-28 11:56:00.000000000,QUERY_SPREAD,89
2019-06-28 11:56:00.000000000,BEST_BID,"JPM,100381,209"
2019-06-28 11:56:00.000000000,BEST_ASK,"JPM,100439,281"
2019-06-28 11:56:00.000000000,LAST_TRADE,"5,$100381.0000"
2019-06-28 11:56:00.000000000,QUERY_SPREAD,90
2019-06-28 11:56:00.000000000,BEST_BID,"JPM,100381,205"
2019-06-28 11:56:00.000000000,BEST_ASK,"JPM,100439,281"
2019-06-28 11:56:00.000000000,LAST_TRADE,"4,$100381.0000"
2019-06-28 11:56:00.000000000,QUERY_SPREAD,91
2019-06-28 11:56:00.000000000,BEST_BID,"JPM,100381,202"
2019-06-28 11:56:00.000000000,BEST_ASK,"JPM,100439,281"
2019-06-28 11:56:00.000000000,LAST_TRADE,"3,$100381.0000"
2019-06-28 11:56:00.000000000,QUERY_SPREAD,92
2019-06-28 11:56:00.000000000,BEST_BID,"JPM,100381,197"
2019-06-28 11:56:00.000000000,BEST_ASK,"JPM,100439,281"
2019-06-28 11:56:00.000000000,LAST_TRADE,"5,$100381.0000"
2019-06-28 11:56:00.000000000,QUERY_SPREAD,93
2019-06-28 11:56:00.000000000,BEST_BID,"JPM,100381,190"
2019-06-28 11:56:00.000000000,BEST_ASK,"JPM,100439,281"
2019-06-28 11:56:00.000000000,LAST_TRADE,"7,$100381.0000"
2019-06-28 11:56:00.000000000,QUERY_SPREAD,94
2019-06-28 11:56:00.000000000,BEST_BID,"JPM,100381,189"
2019-06-28 11:56:00.000000000,BEST_ASK,"JPM,100439,281"
2019-06-28 11:56:00.000000000,LAST_TRADE,"1,$100381.0000"
2019-06-28 11:56:00.000000000,QUERY_SPREAD,95
2019-06-28 11:56:00.000000000,BEST_BID,"JPM,100381,188"
2019-06-28 11:56:00.000000000,BEST_ASK,"JPM,100439,281"
2019-06-28 11:56:00.000000000,LAST_TRADE,"1,$100381.0000"
2019-06-28 11:56:00.000000000,QUERY_SPREAD,96
2019-06-28 11:56:00.000000000,BEST_BID,"JPM,100381,184"
2019-06-28 11:56:00.000000000,BEST_ASK,"JPM,100439,281"
2019-06-28 11:56:00.000000000,LAST_TRADE,"4,$100381.0000"
2019-06-28 11:56:00.000000000,QUERY_SPREAD,97
2019-06-28 11:56:00.000000000,BEST_BID,"JPM,100381,181"
2019-06-28 11:56:00.000000000,BEST_ASK,"JPM,100439,281"
2019-06-28 11:56:00.000000000,LAST_TRADE,"3,$100381.0000"
2019-06-28 11:56:00.000000000,QUERY_SPREAD,98
2019-06-28 11:56:00.000000000,BEST_BID,"JPM,100381,176"
2019-06-28 11:56:00.000000000,BEST_ASK,"JPM,100439,281"
2019-06-28 11:56:00.000000000,LAST_TRADE,"5,$100381.0000"
2019-06-28 11:56:00.000000000,QUERY_SPREAD,99
2019-06-28 11:56:00.000000000,BEST_BID,"JPM,100381,172"
2019-06-28 11:56:00.000000000,BEST_ASK,"JPM,100439,281"
2019-06-28 11:56:00.000000000,LAST_TRADE,"4,$100381.0000"
2019-06-28 11:56:00.000000000,QUERY_SPREAD,100
2019-06-28 11:56:00.000000000,BEST_BID,"JPM,100381,167"
2019-06-28 11:56:00.000000000,BEST_ASK,"JPM,100439,281"
2019-06-28 11:56:00.000000000,LAST_TRADE,"5,$100381.0000"
2019-06-28 11:56:00.000000000,QUERY_SPREAD,101
2019-06-28 11:56:00.000000000,BEST_BID,"JPM,100381,167"
2019-06-28 11:56:00.000000000,BEST_ASK,"JPM,100439,280"
2019-06-28 11:56:00.000000000,LAST_TRADE,"1,$100439.0000"
2019-06-28 11:56:06.695204954,QUERY_SPREAD,22
2019-06-28 11:56:06.695204954,BEST_BID,"JPM,100381,167"
2019-06-28 11:56:06.695204954,BEST_ASK,"JPM,100439,280"
2019-06-28 11:56:10.000000000,QUERY_SPREAD,1
2019-06-28 11:56:10.000000000,BEST_BID,"JPM,100168,193"
2019-06-28 11:56:10.000000000,BEST_ASK,"JPM,100439,94"
2019-06-28 11:56:10.000000000,BEST_BID,"JPM,100168,193"
2019-06-28 11:56:10.000000000,BEST_ASK,"JPM,100439,94"
2019-06-28 11:56:10.000000000,BEST_BID,"JPM,100168,193"
2019-06-28 11:56:10.000000000,BEST_ASK,"JPM,100439,94"
2019-06-28 11:56:10.000000000,BEST_BID,"JPM,100168,193"
2019-06-28 11:56:10.000000000,BEST_ASK,"JPM,100439,94"
2019-06-28 11:56:10.000000000,BEST_BID,"JPM,100168,193"
2019-06-28 11:56:10.000000000,BEST_ASK,"JPM,100439,187"
2019-06-28 11:56:10.000000000,BEST_BID,"JPM,100168,193"
2019-06-28 11:56:10.000000000,BEST_ASK,"JPM,100439,187"
2019-06-28 11:56:10.000000000,BEST_BID,"JPM,100168,193"
2019-06-28 11:56:10.000000000,BEST_ASK,"JPM,100439,187"
2019-06-28 11:56:10.000000000,BEST_BID,"JPM,100168,193"
2019-06-28 11:56:10.000000000,BEST_ASK,"JPM,100439,187"
2019-06-28 11:56:20.000000000,QUERY_SPREAD,1
2019-06-28 11:56:20.000000000,BEST_BID,"JPM,100168,193"
2019-06-28 11:56:20.000000000,BEST_ASK,"JPM,100439,94"
2019-06-28 11:56:20.000000000,BEST_BID,"JPM,100168,193"
2019-06-28 11:56:20.000000000,BEST_ASK,"JPM,100439,94"
2019-06-28 11:56:20.000000000,BEST_BID,"JPM,100168,193"
2019-06-28 11:56:20.000000000,BEST_ASK,"JPM,100439,94"
2019-06-28 11:56:20.000000000,BEST_BID,"JPM,100168,193"
2019-06-28 11:56:20.000000000,BEST_ASK,"JPM,100439,94"
2019-06-28 11:56:20.000000000,BEST_BID,"JPM,100168,193"
2019-06-28 11:56:20.000000000,BEST_ASK,"JPM,100439,187"
2019-06-28 11:56:20.000000000,BEST_BID,"JPM,100168,193"
2019-06-28 11:56:20.000000000,BEST_ASK,"JPM,100439,187"
2019-06-28 11:56:20.000000000,BEST_BID,"JPM,100168,193"
2019-06-28 11:56:20.000000000,BEST_ASK,"JPM,100439,187"
2019-06-28 11:56:20.000000000,BEST_BID,"JPM,100168,193"
2019-06-28 11:56:20.000000000,BEST_ASK,"JPM,100439,187"
2019-06-28 11:56:25.791117183,QUERY_ORDER_STREAM,58
2019-06-28 11:56:25.791117183,QUERY_SPREAD,58
2019-06-28 11:56:29.108580606,QUERY_ORDER_STREAM,68
2019-06-28 11:56:29.108580606,QUERY_SPREAD,68
2019-06-28 11:56:30.000000000,QUERY_SPREAD,1
2019-06-28 11:56:30.000000000,BEST_BID,"JPM,100168,174"
2019-06-28 11:56:30.000000000,BEST_ASK,"JPM,100439,94"
2019-06-28 11:56:30.000000000,BEST_BID,"JPM,100168,174"
2019-06-28 11:56:30.000000000,BEST_ASK,"JPM,100439,94"
2019-06-28 11:56:30.000000000,BEST_BID,"JPM,100168,174"
2019-06-28 11:56:30.000000000,BEST_ASK,"JPM,100439,94"
2019-06-28 11:56:30.000000000,BEST_BID,"JPM,100168,174"
2019-06-28 11:56:30.000000000,BEST_ASK,"JPM,100439,94"
2019-06-28 11:56:30.000000000,BEST_BID,"JPM,100168,174"
2019-06-28 11:56:30.000000000,BEST_ASK,"JPM,100439,94"
2019-06-28 11:56:30.000000000,BEST_BID,"JPM,100168,174"
2019-06-28 11:56:30.000000000,BEST_ASK,"JPM,100439,168"
2019-06-28 11:56:30.000000000,BEST_BID,"JPM,100168,174"
2019-06-28 11:56:30.000000000,BEST_ASK,"JPM,100439,168"
2019-06-28 11:56:30.000000000,BEST_BID,"JPM,100168,174"
2019-06-28 11:56:30.000000000,BEST_ASK,"JPM,100439,168"
2019-06-28 11:56:30.000000000,BEST_BID,"JPM,100168,174"
2019-06-28 11:56:30.000000000,BEST_ASK,"JPM,100439,168"
2019-06-28 11:56:30.000000000,BEST_BID,"JPM,100168,174"
2019-06-28 11:56:30.000000000,BEST_ASK,"JPM,100439,168"
2019-06-28 11:56:40.000000000,QUERY_SPREAD,1
2019-06-28 11:56:40.000000000,BEST_BID,"JPM,100168,193"
2019-06-28 11:56:40.000000000,BEST_ASK,"JPM,100439,94"
2019-06-28 11:56:40.000000000,BEST_BID,"JPM,100168,193"
2019-06-28 11:56:40.000000000,BEST_ASK,"JPM,100439,94"
2019-06-28 11:56:40.000000000,BEST_BID,"JPM,100168,193"
2019-06-28 11:56:40.000000000,BEST_ASK,"JPM,100439,94"
2019-06-28 11:56:40.000000000,BEST_BID,"JPM,100168,193"
2019-06-28 11:56:40.000000000,BEST_ASK,"JPM,100439,94"
2019-06-28 11:56:40.000000000,BEST_BID,"JPM,100168,193"
2019-06-28 11:56:40.000000000,BEST_ASK,"JPM,100439,187"
2019-06-28 11:56:40.000000000,BEST_BID,"JPM,100168,193"
2019-06-28 11:56:40.000000000,BEST_ASK,"JPM,100439,187"
2019-06-28 11:56:40.000000000,BEST_BID,"JPM,100168,193"
2019-06-28 11:56:40.000000000,BEST_ASK,"JPM,100439,187"
2019-06-28 11:56:40.000000000,BEST_BID,"JPM,100168,193"
2019-06-28 11:56:40.000000000,BEST_ASK,"JPM,100439,187"
2019-06-28 11:56:49.566620709,QUERY_SPREAD,6
2019-06-28 11:56:49.566620709,BEST_BID,"JPM,100168,193"
2019-06-28 11:56:49.566620709,BEST_ASK,"JPM,100439,87"
2019-06-28 11:56:49.566620709,LAST_TRADE,"100,$100439.0000"
2019-06-28 11:56:50.000000000,QUERY_SPREAD,1
2019-06-28 11:56:50.000000000,BEST_BID,"JPM,100168,174"
2019-06-28 11:56:50.000000000,BEST_ASK,"JPM,100455,100"
2019-06-28 11:56:50.000000000,BEST_BID,"JPM,100168,174"
2019-06-28 11:56:50.000000000,BEST_ASK,"JPM,100455,100"
2019-06-28 11:56:50.000000000,BEST_BID,"JPM,100168,174"
2019-06-28 11:56:50.000000000,BEST_ASK,"JPM,100455,100"
2019-06-28 11:56:50.000000000,BEST_BID,"JPM,100168,174"
2019-06-28 11:56:50.000000000,BEST_ASK,"JPM,100455,100"
2019-06-28 11:56:50.000000000,BEST_BID,"JPM,100168,174"
2019-06-28 11:56:50.000000000,BEST_ASK,"JPM,100455,100"
2019-06-28 11:56:50.000000000,BEST_BID,"JPM,100168,174"
2019-06-28 11:56:50.000000000,BEST_ASK,"JPM,100455,174"
2019-06-28 11:56:50.000000000,BEST_BID,"JPM,100168,174"
2019-06-28 11:56:50.000000000,BEST_ASK,"JPM,100455,174"
2019-06-28 11:56:50.000000000,BEST_BID,"JPM,100168,174"
2019-06-28 11:56:50.000000000,BEST_ASK,"JPM,100455,174"
2019-06-28 11:56:50.000000000,BEST_BID,"JPM,100168,174"
2019-06-28 11:56:50.000000000,BEST_ASK,"JPM,100455,174"
2019-06-28 11:56:50.000000000,BEST_BID,"JPM,100168,174"
2019-06-28 11:56:50.000000000,BEST_ASK,"JPM,100455,174"
2019-06-28 11:57:00.000000000,QUERY_SPREAD,1
2019-06-28 11:57:00.000000000,BEST_BID,"JPM,100168,471"
2019-06-28 11:57:00.000000000,BEST_ASK,"JPM,100455,100"
2019-06-28 11:57:00.000000000,BEST_BID,"JPM,100168,471"
2019-06-28 11:57:00.000000000,BEST_ASK,"JPM,100455,471"
2019-06-28 11:57:00.000000000,QUERY_SPREAD,77
2019-06-28 11:57:00.000000000,BEST_BID,"JPM,100168,466"
2019-06-28 11:57:00.000000000,BEST_ASK,"JPM,100455,471"
2019-06-28 11:57:00.000000000,LAST_TRADE,"5,$100168.0000"
2019-06-28 11:57:00.000000000,QUERY_SPREAD,78
2019-06-28 11:57:00.000000000,BEST_BID,"JPM,100168,458"
2019-06-28 11:57:00.000000000,BEST_ASK,"JPM,100455,471"
2019-06-28 11:57:00.000000000,LAST_TRADE,"8,$100168.0000"
2019-06-28 11:57:00.000000000,QUERY_SPREAD,79
2019-06-28 11:57:00.000000000,BEST_BID,"JPM,100168,453"
2019-06-28 11:57:00.000000000,BEST_ASK,"JPM,100455,471"
2019-06-28 11:57:00.000000000,LAST_TRADE,"5,$100168.0000"
2019-06-28 11:57:00.000000000,QUERY_SPREAD,80
2019-06-28 11:57:00.000000000,BEST_BID,"JPM,100168,445"
2019-06-28 11:57:00.000000000,BEST_ASK,"JPM,100455,471"
2019-06-28 11:57:00.000000000,LAST_TRADE,"8,$100168.0000"
2019-06-28 11:57:00.000000000,QUERY_SPREAD,81
2019-06-28 11:57:00.000000000,BEST_BID,"JPM,100168,436"
2019-06-28 11:57:00.000000000,BEST_ASK,"JPM,100455,471"
2019-06-28 11:57:00.000000000,LAST_TRADE,"9,$100168.0000"
2019-06-28 11:57:00.000000000,QUERY_SPREAD,82
2019-06-28 11:57:00.000000000,BEST_BID,"JPM,100168,433"
2019-06-28 11:57:00.000000000,BEST_ASK,"JPM,100455,471"
2019-06-28 11:57:00.000000000,LAST_TRADE,"3,$100168.0000"
2019-06-28 11:57:00.000000000,QUERY_SPREAD,83
2019-06-28 11:57:00.000000000,BEST_BID,"JPM,100168,425"
2019-06-28 11:57:00.000000000,BEST_ASK,"JPM,100455,471"
2019-06-28 11:57:00.000000000,LAST_TRADE,"8,$100168.0000"
2019-06-28 11:57:00.000000000,QUERY_SPREAD,84
2019-06-28 11:57:00.000000000,BEST_BID,"JPM,100168,421"
2019-06-28 11:57:00.000000000,BEST_ASK,"JPM,100455,471"
2019-06-28 11:57:00.000000000,LAST_TRADE,"4,$100168.0000"
2019-06-28 11:57:00.000000000,QUERY_SPREAD,85
2019-06-28 11:57:00.000000000,BEST_BID,"JPM,100168,416"
2019-06-28 11:57:00.000000000,BEST_ASK,"JPM,100455,471"
2019-06-28 11:57:00.000000000,LAST_TRADE,"5,$100168.0000"
2019-06-28 11:57:00.000000000,QUERY_SPREAD,86
2019-06-28 11:57:00.000000000,BEST_BID,"JPM,100168,414"
2019-06-28 11:57:00.000000000,BEST_ASK,"JPM,100455,471"
2019-06-28 11:57:00.000000000,LAST_TRADE,"2,$100168.0000"
2019-06-28 11:57:00.000000000,QUERY_SPREAD,87
2019-06-28 11:57:00.000000000,BEST_BID,"JPM,100168,407"
2019-06-28 11:57:00.000000000,BEST_ASK,"JPM,100455,471"
2019-06-28 11:57:00.000000000,LAST_TRADE,"7,$100168.0000"
2019-06-28 11:57:00.000000000,QUERY_SPREAD,88
2019-06-28 11:57:00.000000000,BEST_BID,"JPM,100168,399"
2019-06-28 11:57:00.000000000,BEST_ASK,"JPM,100455,471"
2019-06-28 11:57:00.000000000,LAST_TRADE,"8,$100168.0000"
2019-06-28 11:57:00.000000000,QUERY_SPREAD,89
2019-06-28 11:57:00.000000000,BEST_BID,"JPM,100168,394"
2019-06-28 11:57:00.000000000,BEST_ASK,"JPM,100455,471"
2019-06-28 11:57:00.000000000,LAST_TRADE,"5,$100168.0000"
2019-06-28 11:57:00.000000000,QUERY_SPREAD,90
2019-06-28 11:57:00.000000000,BEST_BID,"JPM,100168,390"
2019-06-28 11:57:00.000000000,BEST_ASK,"JPM,100455,471"
2019-06-28 11:57:00.000000000,LAST_TRADE,"4,$100168.0000"
2019-06-28 11:57:00.000000000,QUERY_SPREAD,91
2019-06-28 11:57:00.000000000,BEST_BID,"JPM,100168,387"
2019-06-28 11:57:00.000000000,BEST_ASK,"JPM,100455,471"
2019-06-28 11:57:00.000000000,LAST_TRADE,"3,$100168.0000"
2019-06-28 11:57:00.000000000,QUERY_SPREAD,92
2019-06-28 11:57:00.000000000,BEST_BID,"JPM,100168,382"
2019-06-28 11:57:00.000000000,BEST_ASK,"JPM,100455,471"
2019-06-28 11:57:00.000000000,LAST_TRADE,"5,$100168.0000"
2019-06-28 11:57:00.000000000,QUERY_SPREAD,93
2019-06-28 11:57:00.000000000,BEST_BID,"JPM,100168,375"
2019-06-28 11:57:00.000000000,BEST_ASK,"JPM,100455,471"
2019-06-28 11:57:00.000000000,LAST_TRADE,"7,$100168.0000"
2019-06-28 11:57:00.000000000,QUERY_SPREAD,94
2019-06-28 11:57:00.000000000,BEST_BID,"JPM,100168,374"
2019-06-28 11:57:00.000000000,BEST_ASK,"JPM,100455,471"
2019-06-28 11:57:00.000000000,LAST_TRADE,"1,$100168.0000"
2019-06-28 11:57:00.000000000,QUERY_SPREAD,95
2019-06-28 11:57:00.000000000,BEST_BID,"JPM,100168,373"
2019-06-28 11:57:00.000000000,BEST_ASK,"JPM,100455,471"
2019-06-28 11:57:00.000000000,LAST_TRADE,"1,$100168.0000"
2019-06-28 11:57:00.000000000,QUERY_SPREAD,96
2019-06-28 11:57:00.000000000,BEST_BID,"JPM,100168,369"
2019-06-28 11:57:00.000000000,BEST_ASK,"JPM,100455,471"
2019-06-28 11:57:00.000000000,LAST_TRADE,"4,$100168.0000"
2019-06-28 11:57:00.000000000,QUERY_SPREAD,97
2019-06-28 11:57:00.000000000,BEST_BID,"JPM,100168,366"
2019-06-28 11:57:00.000000000,BEST_ASK,"JPM,100455,471"
2019-06-28 11:57:00.000000000,LAST_TRADE,"3,$100168.0000"
2019-06-28 11:57:00.000000000,QUERY_SPREAD,98
2019-06-28 11:57:00.000000000,BEST_BID,"JPM,100168,361"
2019-06-28 11:57:00.000000000,BEST_ASK,"JPM,100455,471"
2019-06-28 11:57:00.000000000,LAST_TRADE,"5,$100168.0000"
2019-06-28 11:57:00.000000000,QUERY_SPREAD,99
2019-06-28 11:57:00.000000000,BEST_BID,"JPM,100168,357"
2019-06-28 11:57:00.000000000,BEST_ASK,"JPM,100455,471"
2019-06-28 11:57:00.000000000,LAST_TRADE,"4,$100168.0000"
2019-06-28 11:57:00.000000000,QUERY_SPREAD,100
2019-06-28 11:57:00.000000000,BEST_BID,"JPM,100168,352"
2019-06-28 11:57:00.000000000,BEST_ASK,"JPM,100455,471"
2019-06-28 11:57:00.000000000,LAST_TRADE,"5,$100168.0000"
2019-06-28 11:57:00.000000000,QUERY_SPREAD,101
2019-06-28 11:57:00.000000000,BEST_BID,"JPM,100168,352"
2019-06-28 11:57:00.000000000,BEST_ASK,"JPM,100455,470"
2019-06-28 11:57:00.000000000,LAST_TRADE,"1,$100455.0000"
2019-06-28 11:57:06.623005505,QUERY_ORDER_STREAM,55
2019-06-28 11:57:06.623005505,QUERY_SPREAD,55
2019-06-28 11:57:08.920554805,QUERY_ORDER_STREAM,71
2019-06-28 11:57:08.920554805,QUERY_SPREAD,71
2019-06-28 11:57:08.920554805,BEST_BID,"JPM,100168,452"
2019-06-28 11:57:08.920554805,BEST_ASK,"JPM,100455,470"
2019-06-28 11:57:10.000000000,QUERY_SPREAD,1
2019-06-28 11:57:10.000000000,BEST_BID,"JPM,100168,174"
2019-06-28 11:57:10.000000000,BEST_ASK,"JPM,100455,99"
2019-06-28 11:57:10.000000000,BEST_BID,"JPM,100168,174"
2019-06-28 11:57:10.000000000,BEST_ASK,"JPM,100455,99"
2019-06-28 11:57:10.000000000,BEST_BID,"JPM,100168,174"
2019-06-28 11:57:10.000000000,BEST_ASK,"JPM,100455,99"
2019-06-28 11:57:10.000000000,BEST_BID,"JPM,100168,174"
2019-06-28 11:57:10.000000000,BEST_ASK,"JPM,100455,99"
2019-06-28 11:57:10.000000000,BEST_BID,"JPM,100168,174"
2019-06-28 11:57:10.000000000,BEST_ASK,"JPM,100455,99"
2019-06-28 11:57:10.000000000,BEST_BID,"JPM,100168,174"
2019-06-28 11:57:10.000000000,BEST_ASK,"JPM,100455,173"
2019-06-28 11:57:10.000000000,BEST_BID,"JPM,100168,174"
2019-06-28 11:57:10.000000000,BEST_ASK,"JPM,100455,173"
2019-06-28 11:57:10.000000000,BEST_BID,"JPM,100168,174"
2019-06-28 11:57:10.000000000,BEST_ASK,"JPM,100455,173"
2019-06-28 11:57:10.000000000,BEST_BID,"JPM,100168,174"
2019-06-28 11:57:10.000000000,BEST_ASK,"JPM,100455,173"
2019-06-28 11:57:10.000000000,BEST_BID,"JPM,100168,174"
2019-06-28 11:57:10.000000000,BEST_ASK,"JPM,100455,173"
2019-06-28 11:57:20.000000000,QUERY_SPREAD,1
2019-06-28 11:57:20.000000000,BEST_BID,"JPM,100168,286"
2019-06-28 11:57:20.000000000,BEST_ASK,"JPM,100455,99"
2019-06-28 11:57:20.000000000,BEST_BID,"JPM,100168,286"
2019-06-28 11:57:20.000000000,BEST_ASK,"JPM,100455,99"
2019-06-28 11:57:20.000000000,BEST_BID,"JPM,100168,286"
2019-06-28 11:57:20.000000000,BEST_ASK,"JPM,100455,285"
2019-06-28 11:57:20.000000000,BEST_BID,"JPM,100168,286"
2019-06-28 11:57:20.000000000,BEST_ASK,"JPM,100455,285"
2019-06-28 11:57:29.358149027,QUERY_ORDER_STREAM,62
2019-06-28 11:57:29.358149027,QUERY_SPREAD,62
2019-06-28 11:57:29.358149027,BEST_BID,"JPM,100168,386"
2019-06-28 11:57:29.358149027,BEST_ASK,"JPM,100455,285"
2019-06-28 11:57:30.000000000,QUERY_SPREAD,1
2019-06-28 11:57:30.000000000,BEST_BID,"JPM,100168,326"
2019-06-28 11:57:30.000000000,BEST_ASK,"JPM,100455,99"
2019-06-28 11:57:30.000000000,BEST_BID,"JPM,100168,326"
2019-06-28 11:57:30.000000000,BEST_ASK,"JPM,100455,99"
2019-06-28 11:57:30.000000000,BEST_BID,"JPM,100168,326"
2019-06-28 11:57:30.000000000,BEST_ASK,"JPM,100455,99"
2019-06-28 11:57:30.000000000,BEST_BID,"JPM,100168,326"
2019-06-28 11:57:30.000000000,BEST_ASK,"JPM,100455,225"
2019-06-28 11:57:30.000000000,BEST_BID,"JPM,100168,326"
2019-06-28 11:57:30.000000000,BEST_ASK,"JPM,100455,225"
2019-06-28 11:57:30.000000000,BEST_BID,"JPM,100168,326"
2019-06-28 11:57:30.000000000,BEST_ASK,"JPM,100455,225"
2019-06-28 11:57:40.000000000,QUERY_SPREAD,1
2019-06-28 11:57:40.000000000,BEST_BID,"JPM,100168,274"
2019-06-28 11:57:40.000000000,BEST_ASK,"JPM,100455,99"
2019-06-28 11:57:40.000000000,BEST_BID,"JPM,100168,274"
2019-06-28 11:57:40.000000000,BEST_ASK,"JPM,100455,99"
2019-06-28 11:57:40.000000000,BEST_BID,"JPM,100168,274"
2019-06-28 11:57:40.000000000,BEST_ASK,"JPM,100455,99"
2019-06-28 11:57:40.000000000,BEST_BID,"JPM,100168,274"
2019-06-28 11:57:40.000000000,BEST_ASK,"JPM,100455,99"
2019-06-28 11:57:40.000000000,BEST_BID,"JPM,100168,274"
2019-06-28 11:57:40.000000000,BEST_ASK,"JPM,100455,99"
2019-06-28 11:57:40.000000000,BEST_BID,"JPM,100168,274"
2019-06-28 11:57:40.000000000,BEST_ASK,"JPM,100455,173"
2019-06-28 11:57:40.000000000,BEST_BID,"JPM,100168,274"
2019-06-28 11:57:40.000000000,BEST_ASK,"JPM,100455,173"
2019-06-28 11:57:40.000000000,BEST_BID,"JPM,100168,274"
2019-06-28 11:57:40.000000000,BEST_ASK,"JPM,100455,173"
2019-06-28 11:57:40.000000000,BEST_BID,"JPM,100168,274"
2019-06-28 11:57:40.000000000,BEST_ASK,"JPM,100455,173"
2019-06-28 11:57:40.000000000,BEST_BID,"JPM,100168,274"
2019-06-28 11:57:40.000000000,BEST_ASK,"JPM,100455,173"
2019-06-28 11:57:40.825746919,QUERY_SPREAD,47
2019-06-28 11:57:40.825746919,BEST_BID,"JPM,100168,274"
2019-06-28 11:57:40.825746919,BEST_ASK,"JPM,100455,173"
2019-06-28 11:57:48.513259569,QUERY_ORDER_STREAM,69
2019-06-28 11:57:48.513259569,QUERY_SPREAD,69
2019-06-28 11:57:48.941398793,QUERY_SPREAD,32
2019-06-28 11:57:48.941398793,BEST_BID,"JPM,100168,274"
2019-06-28 11:57:48.941398793,BEST_ASK,"JPM,100455,173"
2019-06-28 11:57:50.000000000,QUERY_SPREAD,1
2019-06-28 11:57:50.000000000,BEST_BID,"JPM,100168,386"
2019-06-28 11:57:50.000000000,BEST_ASK,"JPM,100455,99"
2019-06-28 11:57:50.000000000,BEST_BID,"JPM,100168,386"
2019-06-28 11:57:50.000000000,BEST_ASK,"JPM,100455,99"
2019-06-28 11:57:50.000000000,BEST_BID,"JPM,100168,386"
2019-06-28 11:57:50.000000000,BEST_ASK,"JPM,100455,285"
2019-06-28 11:57:50.000000000,BEST_BID,"JPM,100168,386"
2019-06-28 11:57:50.000000000,BEST_ASK,"JPM,100455,285"
2019-06-28 11:57:58.310126159,QUERY_SPREAD,50
2019-06-28 11:57:58.310126159,BEST_BID,"JPM,100168,386"
2019-06-28 11:57:58.310126159,BEST_ASK,"JPM,100455,185"
2019-06-28 11:57:58.310126159,LAST_TRADE,"100,$100455.0000"
2019-06-28 11:58:00.000000000,QUERY_SPREAD,1
2019-06-28 11:58:00.000000000,BEST_BID,"JPM,100168,274"
2019-06-28 11:58:00.000000000,BEST_ASK,"JPM,100567,100"
2019-06-28 11:58:00.000000000,BEST_BID,"JPM,100168,274"
2019-06-28 11:58:00.000000000,BEST_ASK,"JPM,100567,100"
2019-06-28 11:58:00.000000000,BEST_BID,"JPM,100168,274"
2019-06-28 11:58:00.000000000,BEST_ASK,"JPM,100567,100"
2019-06-28 11:58:00.000000000,BEST_BID,"JPM,100168,274"
2019-06-28 11:58:00.000000000,BEST_ASK,"JPM,100567,100"
2019-06-28 11:58:00.000000000,BEST_BID,"JPM,100168,274"
2019-06-28 11:58:00.000000000,BEST_ASK,"JPM,100567,100"
2019-06-28 11:58:00.000000000,BEST_BID,"JPM,100168,274"
2019-06-28 11:58:00.000000000,BEST_ASK,"JPM,100567,174"
2019-06-28 11:58:00.000000000,BEST_BID,"JPM,100168,274"
2019-06-28 11:58:00.000000000,BEST_ASK,"JPM,100567,174"
2019-06-28 11:58:00.000000000,BEST_BID,"JPM,100168,274"
2019-06-28 11:58:00.000000000,BEST_ASK,"JPM,100567,174"
2019-06-28 11:58:00.000000000,BEST_BID,"JPM,100168,274"
2019-06-28 11:58:00.000000000,BEST_ASK,"JPM,100567,174"
2019-06-28 11:58:00.000000000,BEST_BID,"JPM,100168,274"
2019-06-28 11:58:00.000000000,BEST_ASK,"JPM,100567,174"
2019-06-28 11:58:00.000000000,QUERY_SPREAD,77
2019-06-28 11:58:00.000000000,BEST_BID,"JPM,100168,269"
2019-06-28 11:58:00.000000000,BEST_ASK,"JPM,100567,174"
2019-06-28 11:58:00.000000000,LAST_TRADE,"5,$100168.0000"
2019-06-28 11:58:00.000000000,QUERY_SPREAD,78
2019-06-28 11:58:00.000000000,BEST_BID,"JPM,100168,261"
2019-06-28 11:58:00.000000000,BEST_ASK,"JPM,100567,174"
2019-06-28 11:58:00.000000000,LAST_TRADE,"8,$100168.0000"
2019-06-28 11:58:00.000000000,QUERY_SPREAD,79
2019-06-28 11:58:00.000000000,BEST_BID,"JPM,100168,256"
2019-06-28 11:58:00.000000000,BEST_ASK,"JPM,100567,174"
2019-06-28 11:58:00.000000000,LAST_TRADE,"5,$100168.0000"
2019-06-28 11:58:00.000000000,QUERY_SPREAD,80
2019-06-28 11:58:00.000000000,BEST_BID,"JPM,100168,248"
2019-06-28 11:58:00.000000000,BEST_ASK,"JPM,100567,174"
2019-06-28 11:58:00.000000000,LAST_TRADE,"8,$100168.0000"
2019-06-28 11:58:00.000000000,QUERY_SPREAD,81
2019-06-28 11:58:00.000000000,BEST_BID,"JPM,100168,239"
2019-06-28 11:58:00.000000000,BEST_ASK,"JPM,100567,174"
2019-06-28 11:58:00.000000000,LAST_TRADE,"9,$100168.0000"
2019-06-28 11:58:00.000000000,QUERY_SPREAD,82
2019-06-28 11:58:00.000000000,BEST_BID,"JPM,100168,236"
2019-06-28 11:58:00.000000000,BEST_ASK,"JPM,100567,174"
2019-06-28 11:58:00.000000000,LAST_TRADE,"3,$100168.0000"
2019-06-28 11:58:00.000000000,QUERY_SPREAD,83
2019-06-28 11:58:00.000000000,BEST_BID,"JPM,100168,228"
2019-06-28 11:58:00.000000000,BEST_ASK,"JPM,100567,174"
2019-06-28 11:58:00.000000000,LAST_TRADE,"8,$100168.0000"
2019-06-28 11:58:00.000000000,QUERY_SPREAD,84
2019-06-28 11:58:00.000000000,BEST_BID,"JPM,100168,224"
2019-06-28 11:58:00.000000000,BEST_ASK,"JPM,100567,174"
2019-06-28 11:58:00.000000000,LAST_TRADE,"4,$100168.0000"
2019-06-28 11:58:00.000000000,QUERY_SPREAD,85
2019-06-28 11:58:00.000000000,BEST_BID,"JPM,100168,219"
2019-06-28 11:58:00.000000000,BEST_ASK,"JPM,100567,174"
2019-06-28 11:58:00.000000000,LAST_TRADE,"5,$100168.0000"
2019-06-28 11:58:00.000000000,QUERY_SPREAD,86
2019-06-28 11:58:00.000000000,BEST_BID,"JPM,100168,217"
2019-06-28 11:58:00.000000000,BEST_ASK,"JPM,100567,174"
2019-06-28 11:58:00.000000000,LAST_TRADE,"2,$100168.0000"
2019-06-28 11:58:00.000000000,QUERY_SPREAD,87
2019-06-28 11:58:00.000000000,BEST_BID,"JPM,100168,210"
2019-06-28 11:58:00.000000000,BEST_ASK,"JPM,100567,174"
2019-06-28 11:58:00.000000000,LAST_TRADE,"7,$100168.0000"
2019-06-28 11:58:00.000000000,QUERY_SPREAD,88
2019-06-28 11:58:00.000000000,BEST_BID,"JPM,100168,202"
2019-06-28 11:58:00.000000000,BEST_ASK,"JPM,100567,174"
2019-06-28 11:58:00.000000000,LAST_TRADE,"8,$100168.0000"
2019-06-28 11:58:00.000000000,QUERY_SPREAD,89
2019-06-28 11:58:00.000000000,BEST_BID,"JPM,100168,197"
2019-06-28 11:58:00.000000000,BEST_ASK,"JPM,100567,174"
2019-06-28 11:58:00.000000000,LAST_TRADE,"5,$100168.0000"
2019-06-28 11:58:00.000000000,QUERY_SPREAD,90
2019-06-28 11:58:00.000000000,BEST_BID,"JPM,100168,193"
2019-06-28 11:58:00.000000000,BEST_ASK,"JPM,100567,174"
2019-06-28 11:58:00.000000000,LAST_TRADE,"4,$100168.0000"
2019-06-28 11:58:00.000000000,QUERY_SPREAD,91
2019-06-28 11:58:00.000000000,BEST_BID,"JPM,100168,190"
2019-06-28 11:58:00.000000000,BEST_ASK,"JPM,100567,174"
2019-06-28 11:58:00.000000000,LAST_TRADE,"3,$100168.0000"
2019-06-28 11:58:00.000000000,QUERY_SPREAD,92
2019-06-28 11:58:00.000000000,BEST_BID,"JPM,100168,185"
2019-06-28 11:58:00.000000000,BEST_ASK,"JPM,100567,174"
2019-06-28 11:58:00.000000000,LAST_TRADE,"5,$100168.0000"
2019-06-28 11:58:00.000000000,QUERY_SPREAD,93
2019-06-28 11:58:00.000000000,BEST_BID,"JPM,100168,178"
2019-06-28 11:58:00.000000000,BEST_ASK,"JPM,100567,174"
2019-06-28 11:58:00.000000000,LAST_TRADE,"7,$100168.0000"
2019-06-28 11:58:00.000000000,QUERY_SPREAD,94
2019-06-28 11:58:00.000000000,BEST_BID,"JPM,100168,177"
2019-06-28 11:58:00.000000000,BEST_ASK,"JPM,100567,174"
2019-06-28 11:58:00.000000000,LAST_TRADE,"1,$100168.0000"
2019-06-28 11:58:00.000000000,QUERY_SPREAD,95
2019-06-28 11:58:00.000000000,BEST_BID,"JPM,100168,176"
2019-06-28 11:58:00.000000000,BEST_ASK,"JPM,100567,174"
2019-06-28 11:58:00.000000000,LAST_TRADE,"1,$100168.0000"
2019-06-28 11:58:00.000000000,QUERY_SPREAD,96
2019-06-28 11:58:00.000000000,BEST_BID,"JPM,100168,172"
2019-06-28 11:58:00.000000000,BEST_ASK,"JPM,100567,174"
2019-06-28 11:58:00.000000000,LAST_TRADE,"4,$100168.0000"
2019-06-28 11:58:00.000000000,QUERY_SPREAD,97
2019-06-28 11:58:00.000000000,BEST_BID,"JPM,100168,169"
2019-06-28 11:58:00.000000000,BEST_ASK,"JPM,100567,174"
2019-06-28 11:58:00.000000000,LAST_TRADE,"3,$100168.0000"
2019-06-28 11:58:00.000000000,QUERY_SPREAD,98
2019-06-28 11:58:00.000000000,BEST_BID,"JPM,100168,164"
2019-06-28 11:58:00.000000000,BEST_ASK,"JPM,100567,174"
2019-06-28 11:58:00.000000000,LAST_TRADE,"5,$100168.0000"
2019-06-28 11:58:00.000000000,QUERY_SPREAD,99
2019-06-28 11:58:00.000000000,BEST_BID,"JPM,100168,160"
2019-06-28 11:58:00.000000000,BEST_ASK,"JPM,100567,174"
2019-06-28 11:58:00.000000000,LAST_TRADE,"4,$100168.0000"
2019-06-28 11:58:00.000000000,QUERY_SPREAD,100
2019-06-28 11:58:00.000000000,BEST_BID,"JPM,100168,155"
2019-06-28 11:58:00.000000000,BEST_ASK,"JPM,100567,174"
2019-06-28 11:58:00.000000000,LAST_TRADE,"5,$100168.0000"
2019-06-28 11:58:00.000000000,QUERY_SPREAD,101
2019-06-28 11:58:00.000000000,BEST_BID,"JPM,100168,155"
2019-06-28 11:58:00.000000000,BEST_ASK,"JPM,100567,173"
2019-06-28 11:58:00.000000000,LAST_TRADE,"1,$100567.0000"
2019-06-28 11:58:10.000000000,QUERY_SPREAD,1
2019-06-28 11:58:10.000000000,BEST_BID,"JPM,100168,155"
2019-06-28 11:58:10.000000000,BEST_ASK,"JPM,100567,99"
2019-06-28 11:58:10.000000000,BEST_BID,"JPM,100168,155"
2019-06-28 11:58:10.000000000,BEST_ASK,"JPM,100567,99"
2019-06-28 11:58:10.000000000,BEST_BID,"JPM,100168,155"
2019-06-28 11:58:10.000000000,BEST_ASK,"JPM,100567,99"
2019-06-28 11:58:10.000000000,BEST_BID,"JPM,100168,155"
2019-06-28 11:58:10.000000000,BEST_ASK,"JPM,100567,99"
2019-06-28 11:58:10.000000000,BEST_BID,"JPM,100168,155"
2019-06-28 11:58:10.000000000,BEST_ASK,"JPM,100567,99"
2019-06-28 11:58:10.000000000,BEST_BID,"JPM,100168,155"
2019-06-28 11:58:10.000000000,BEST_ASK,"JPM,100567,173"
2019-06-28 11:58:10.000000000,BEST_BID,"JPM,100168,155"
2019-06-28 11:58:10.000000000,BEST_ASK,"JPM,100567,173"
2019-06-28 11:58:10.000000000,BEST_BID,"JPM,100168,155"
2019-06-28 11:58:10.000000000,BEST_ASK,"JPM,100567,173"
2019-06-28 11:58:10.000000000,BEST_BID,"JPM,100168,155"
2019-06-28 11:58:10.000000000,BEST_ASK,"JPM,100567,173"
2019-06-28 11:58:10.000000000,BEST_BID,"JPM,100168,155"
2019-06-28 11:58:10.000000000,BEST_ASK,"JPM,100567,173"
2019-06-28 11:58:15.376614096,QUERY_SPREAD,20
2019-06-28 11:58:15.376614096,BEST_BID,"JPM,100168,155"
2019-06-28 11:58:15.376614096,BEST_ASK,"JPM,100567,73"
2019-06-28 11:58:15.376614096,LAST_TRADE,"100,$100567.0000"
2019-06-28 11:58:15.399020400,QUERY_SPREAD,14
2019-06-28 11:58:15.399020400,BEST_BID,"JPM,100168,155"
2019-06-28 11:58:15.399020400,BEST_ASK,"JPM,100567,73"
2019-06-28 11:58:20.000000000,QUERY_SPREAD,1
2019-06-28 11:58:20.000000000,BEST_BID,"JPM,100168,267"
2019-06-28 11:58:20.000000000,BEST_ASK,"JPM,100596,100"
2019-06-28 11:58:20.000000000,BEST_BID,"JPM,100168,267"
2019-06-28 11:58:20.000000000,BEST_ASK,"JPM,100596,100"
2019-06-28 11:58:20.000000000,BEST_BID,"JPM,100168,267"
2019-06-28 11:58:20.000000000,BEST_ASK,"JPM,100596,286"
2019-06-28 11:58:20.000000000,BEST_BID,"JPM,100168,267"
2019-06-28 11:58:20.000000000,BEST_ASK,"JPM,100596,286"
2019-06-28 11:58:28.863297453,QUERY_SPREAD,39
2019-06-28 11:58:28.863297453,BEST_BID,"JPM,100168,267"
2019-06-28 11:58:28.863297453,BEST_ASK,"JPM,100596,186"
2019-06-28 11:58:28.863297453,LAST_TRADE,"100,$100596.0000"
2019-06-28 11:58:30.000000000,QUERY_SPREAD,1
2019-06-28 11:58:30.000000000,BEST_BID,"JPM,100168,174"
2019-06-28 11:58:30.000000000,BEST_ASK,"JPM,100617,100"
2019-06-28 11:58:30.000000000,BEST_BID,"JPM,100168,174"
2019-06-28 11:58:30.000000000,BEST_ASK,"JPM,100617,100"
2019-06-28 11:58:30.000000000,BEST_BID,"JPM,100168,174"
2019-06-28 11:58:30.000000000,BEST_ASK,"JPM,100617,100"
2019-06-28 11:58:30.000000000,BEST_BID,"JPM,100168,174"
2019-06-28 11:58:30.000000000,BEST_ASK,"JPM,100617,100"
2019-06-28 11:58:30.000000000,BEST_BID,"JPM,100168,174"
2019-06-28 11:58:30.000000000,BEST_ASK,"JPM,100617,193"
2019-06-28 11:58:30.000000000,BEST_BID,"JPM,100168,174"
2019-06-28 11:58:30.000000000,BEST_ASK,"JPM,100617,193"
2019-06-28 11:58:30.000000000,BEST_BID,"JPM,100168,174"
2019-06-28 11:58:30.000000000,BEST_ASK,"JPM,100617,193"
2019-06-28 11:58:30.000000000,BEST_BID,"JPM,100168,174"
2019-06-28 11:58:30.000000000,BEST_ASK,"JPM,100617,193"
2019-06-28 11:58:40.000000000,QUERY_SPREAD,1
2019-06-28 11:58:40.000000000,BEST_BID,"JPM,100168,452"
2019-06-28 11:58:40.000000000,BEST_ASK,"JPM,100617,100"
2019-06-28 11:58:40.000000000,BEST_BID,"JPM,100168,452"
2019-06-28 11:58:40.000000000,BEST_ASK,"JPM,100617,471"
2019-06-28 11:58:48.781575976,QUERY_SPREAD,37
2019-06-28 11:58:48.781575976,BEST_BID,"JPM,100168,452"
2019-06-28 11:58:48.781575976,BEST_ASK,"JPM,100617,371"
2019-06-28 11:58:48.781575976,LAST_TRADE,"100,$100617.0000"
2019-06-28 11:58:50.000000000,QUERY_SPREAD,1
2019-06-28 11:58:50.000000000,BEST_BID,"JPM,100168,155"
2019-06-28 11:58:50.000000000,BEST_ASK,"JPM,100678,100"
2019-06-28 11:58:50.000000000,BEST_BID,"JPM,100168,155"
2019-06-28 11:58:50.000000000,BEST_ASK,"JPM,100678,100"
2019-06-28 11:58:50.000000000,BEST_BID,"JPM,100168,155"
2019-06-28 11:58:50.000000000,BEST_ASK,"JPM,100678,100"
2019-06-28 11:58:50.000000000,BEST_BID,"JPM,100168,155"
2019-06-28 11:58:50.000000000,BEST_ASK,"JPM,100678,100"
2019-06-28 11:58:50.000000000,BEST_BID,"JPM,100168,155"
2019-06-28 11:58:50.000000000,BEST_ASK,"JPM,100678,100"
2019-06-28 11:58:50.000000000,BEST_BID,"JPM,100168,155"
2019-06-28 11:58:50.000000000,BEST_ASK,"JPM,100678,174"
2019-06-28 11:58:50.000000000,BEST_BID,"JPM,100168,155"
2019-06-28 11:58:50.000000000,BEST_ASK,"JPM,100678,174"
2019-06-28 11:58:50.000000000,BEST_BID,"JPM,100168,155"
2019-06-28 11:58:50.000000000,BEST_ASK,"JPM,100678,174"
2019-06-28 11:58:50.000000000,BEST_BID,"JPM,100168,155"
2019-06-28 11:58:50.000000000,BEST_ASK,"JPM,100678,174"
2019-06-28 11:58:50.000000000,BEST_BID,"JPM,100168,155"
2019-06-28 11:58:50.000000000,BEST_ASK,"JPM,100678,174"
2019-06-28 11:59:00.000000000,QUERY_SPREAD,1
2019-06-28 11:59:00.000000000,BEST_BID,"JPM,100168,452"
2019-06-28 11:59:00.000000000,BEST_ASK,"JPM,100678,100"
2019-06-28 11:59:00.000000000,BEST_BID,"JPM,100168,452"
2019-06-28 11:59:00.000000000,BEST_ASK,"JPM,100678,471"
2019-06-28 11:59:00.000000000,QUERY_SPREAD,77
2019-06-28 11:59:00.000000000,BEST_BID,"JPM,100168,447"
2019-06-28 11:59:00.000000000,BEST_ASK,"JPM,100678,471"
2019-06-28 11:59:00.000000000,LAST_TRADE,"5,$100168.0000"
2019-06-28 11:59:00.000000000,QUERY_SPREAD,78
2019-06-28 11:59:00.000000000,BEST_BID,"JPM,100168,439"
2019-06-28 11:59:00.000000000,BEST_ASK,"JPM,100678,471"
2019-06-28 11:59:00.000000000,LAST_TRADE,"8,$100168.0000"
2019-06-28 11:59:00.000000000,QUERY_SPREAD,79
2019-06-28 11:59:00.000000000,BEST_BID,"JPM,100168,434"
2019-06-28 11:59:00.000000000,BEST_ASK,"JPM,100678,471"
2019-06-28 11:59:00.000000000,LAST_TRADE,"5,$100168.0000"
2019-06-28 11:59:00.000000000,QUERY_SPREAD,80
2019-06-28 11:59:00.000000000,BEST_BID,"JPM,100168,426"
2019-06-28 11:59:00.000000000,BEST_ASK,"JPM,100678,471"
2019-06-28 11:59:00.000000000,LAST_TRADE,"8,$100168.0000"
2019-06-28 11:59:00.000000000,QUERY_SPREAD,81
2019-06-28 11:59:00.000000000,BEST_BID,"JPM,100168,417"
2019-06-28 11:59:00.000000000,BEST_ASK,"JPM,100678,471"
2019-06-28 11:59:00.000000000,LAST_TRADE,"9,$100168.0000"
2019-06-28 11:59:00.000000000,QUERY_SPREAD,82
2019-06-28 11:59:00.000000000,BEST_BID,"JPM,100168,414"
2019-06-28 11:59:00.000000000,BEST_ASK,"JPM,100678,471"
2019-06-28 11:59:00.000000000,LAST_TRADE,"3,$100168.0000"
2019-06-28 11:59:00.000000000,QUERY_SPREAD,83
2019-06-28 11:59:00.000000000,BEST_BID,"JPM,100168,406"
2019-06-28 11:59:00.000000000,BEST_ASK,"JPM,100678,471"
2019-06-28 11:59:00.000000000,LAST_TRADE,"8,$100168.0000"
2019-06-28 11:59:00.000000000,QUERY_SPREAD,84
2019-06-28 11:59:00.000000000,BEST_BID,"JPM,100168,402"
2019-06-28 11:59:00.000000000,BEST_ASK,"JPM,100678,471"
2019-06-28 11:59:00.000000000,LAST_TRADE,"4,$100168.0000"
2019-06-28 11:59:00.000000000,QUERY_SPREAD,85
2019-06-28 11:59:00.000000000,BEST_BID,"JPM,100168,397"
2019-06-28 11:59:00.000000000,BEST_ASK,"JPM,100678,471"
2019-06-28 11:59:00.000000000,LAST_TRADE,"5,$100168.0000"
2019-06-28 11:59:00.000000000,QUERY_SPREAD,86
2019-06-28 11:59:00.000000000,BEST_BID,"JPM,100168,395"
2019-06-28 11:59:00.000000000,BEST_ASK,"JPM,100678,471"
2019-06-28 11:59:00.000000000,LAST_TRADE,"2,$100168.0000"
2019-06-28 11:59:00.000000000,QUERY_SPREAD,87
2019-06-28 11:59:00.000000000,BEST_BID,"JPM,100168,388"
2019-06-28 11:59:00.000000000,BEST_ASK,"JPM,100678,471"
2019-06-28 11:59:00.000000000,LAST_TRADE,"7,$100168.0000"
2019-06-28 11:59:00.000000000,QUERY_SPREAD,88
2019-06-28 11:59:00.000000000,BEST_BID,"JPM,100168,380"
2019-06-28 11:59:00.000000000,BEST_ASK,"JPM,100678,471"
2019-06-28 11:59:00.000000000,LAST_TRADE,"8,$100168.0000"
2019-06-28 11:59:00.000000000,QUERY_SPREAD,89
2019-06-28 11:59:00.000000000,BEST_BID,"JPM,100168,375"
2019-06-28 11:59:00.000000000,BEST_ASK,"JPM,100678,471"
2019-06-28 11:59:00.000000000,LAST_TRADE,"5,$100168.0000"
2019-06-28 11:59:00.000000000,QUERY_SPREAD,90
2019-06-28 11:59:00.000000000,BEST_BID,"JPM,100168,371"
2019-06-28 11:59:00.000000000,BEST_ASK,"JPM,100678,471"
2019-06-28 11:59:00.000000000,LAST_TRADE,"4,$100168.0000"
2019-06-28 11:59:00.000000000,QUERY_SPREAD,91
2019-06-28 11:59:00.000000000,BEST_BID,"JPM,100168,368"
2019-06-28 11:59:00.000000000,BEST_ASK,"JPM,100678,471"
2019-06-28 11:59:00.000000000,LAST_TRADE,"3,$100168.0000"
2019-06-28 11:59:00.000000000,QUERY_SPREAD,92
2019-06-28 11:59:00.000000000,BEST_BID,"JPM,100168,363"
2019-06-28 11:59:00.000000000,BEST_ASK,"JPM,100678,471"
2019-06-28 11:59:00.000000000,LAST_TRADE,"5,$100168.0000"
2019-06-28 11:59:00.000000000,QUERY_SPREAD,93
2019-06-28 11:59:00.000000000,BEST_BID,"JPM,100168,356"
2019-06-28 11:59:00.000000000,BEST_ASK,"JPM,100678,471"
2019-06-28 11:59:00.000000000,LAST_TRADE,"7,$100168.0000"
2019-06-28 11:59:00.000000000,QUERY_SPREAD,94
2019-06-28 11:59:00.000000000,BEST_BID,"JPM,100168,355"
2019-06-28 11:59:00.000000000,BEST_ASK,"JPM,100678,471"
2019-06-28 11:59:00.000000000,LAST_TRADE,"1,$100168.0000"
2019-06-28 11:59:00.000000000,QUERY_SPREAD,95
2019-06-28 11:59:00.000000000,BEST_BID,"JPM,100168,354"
2019-06-28 11:59:00.000000000,BEST_ASK,"JPM,100678,471"
2019-06-28 11:59:00.000000000,LAST_TRADE,"1,$100168.0000"
2019-06-28 11:59:00.000000000,QUERY_SPREAD,96
2019-06-28 11:59:00.000000000,BEST_BID,"JPM,100168,350"
2019-06-28 11:59:00.000000000,BEST_ASK,"JPM,100678,471"
2019-06-28 11:59:00.000000000,LAST_TRADE,"4,$100168.0000"
2019-06-28 11:59:00.000000000,QUERY_SPREAD,97
2019-06-28 11:59:00.000000000,BEST_BID,"JPM,100168,347"
2019-06-28 11:59:00.000000000,BEST_ASK,"JPM,100678,471"
2019-06-28 11:59:00.000000000,LAST_TRADE,"3,$100168.0000"
2019-06-28 11:59:00.000000000,QUERY_SPREAD,98
2019-06-28 11:59:00.000000000,BEST_BID,"JPM,100168,342"
2019-06-28 11:59:00.000000000,BEST_ASK,"JPM,100678,471"
2019-06-28 11:59:00.000000000,LAST_TRADE,"5,$100168.0000"
2019-06-28 11:59:00.000000000,QUERY_SPREAD,99
2019-06-28 11:59:00.000000000,BEST_BID,"JPM,100168,338"
2019-06-28 11:59:00.000000000,BEST_ASK,"JPM,100678,471"
2019-06-28 11:59:00.000000000,LAST_TRADE,"4,$100168.0000"
2019-06-28 11:59:00.000000000,QUERY_SPREAD,100
2019-06-28 11:59:00.000000000,BEST_BID,"JPM,100168,333"
2019-06-28 11:59:00.000000000,BEST_ASK,"JPM,100678,471"
2019-06-28 11:59:00.000000000,LAST_TRADE,"5,$100168.0000"
2019-06-28 11:59:00.000000000,QUERY_SPREAD,101
2019-06-28 11:59:00.000000000,BEST_BID,"JPM,100168,333"
2019-06-28 11:59:00.000000000,BEST_ASK,"JPM,100678,470"
2019-06-28 11:59:00.000000000,LAST_TRADE,"1,$100678.0000"
2019-06-28 11:59:10.000000000,QUERY_SPREAD,1
2019-06-28 11:59:10.000000000,BEST_BID,"JPM,100157,286"
2019-06-28 11:59:10.000000000,BEST_ASK,"JPM,100678,99"
2019-06-28 11:59:10.000000000,BEST_BID,"JPM,100157,286"
2019-06-28 11:59:10.000000000,BEST_ASK,"JPM,100678,99"
2019-06-28 11:59:10.000000000,BEST_BID,"JPM,100157,286"
2019-06-28 11:59:10.000000000,BEST_ASK,"JPM,100678,285"
2019-06-28 11:59:10.000000000,BEST_BID,"JPM,100157,286"
2019-06-28 11:59:10.000000000,BEST_ASK,"JPM,100678,285"
2019-06-28 11:59:20.000000000,QUERY_SPREAD,1
2019-06-28 11:59:20.000000000,BEST_BID,"JPM,100157,174"
2019-06-28 11:59:20.000000000,BEST_ASK,"JPM,100678,99"
2019-06-28 11:59:20.000000000,BEST_BID,"JPM,100157,174"
2019-06-28 11:59:20.000000000,BEST_ASK,"JPM,100678,99"
2019-06-28 11:59:20.000000000,BEST_BID,"JPM,100157,174"
2019-06-28 11:59:20.000000000,BEST_ASK,"JPM,100678,99"
2019-06-28 11:59:20.000000000,BEST_BID,"JPM,100157,174"
2019-06-28 11:59:20.000000000,BEST_ASK,"JPM,100678,99"
2019-06-28 11:59:20.000000000,BEST_BID,"JPM,100157,174"
2019-06-28 11:59:20.000000000,BEST_ASK,"JPM,100678,99"
2019-06-28 11:59:20.000000000,BEST_BID,"JPM,100157,174"
2019-06-28 11:59:20.000000000,BEST_ASK,"JPM,100678,173"
2019-06-28 11:59:20.000000000,BEST_BID,"JPM,100157,174"
2019-06-28 11:59:20.000000000,BEST_ASK,"JPM,100678,173"
2019-06-28 11:59:20.000000000,BEST_BID,"JPM,100157,174"
2019-06-28 11:59:20.000000000,BEST_ASK,"JPM,100678,173"
2019-06-28 11:59:20.000000000,BEST_BID,"JPM,100157,174"
2019-06-28 11:59:20.000000000,BEST_ASK,"JPM,100678,173"
2019-06-28 11:59:20.000000000,BEST_BID,"JPM,100157,174"
2019-06-28 11:59:20.000000000,BEST_ASK,"JPM,100678,173"
2019-06-28 11:59:30.000000000,QUERY_SPREAD,1
2019-06-28 11:59:30.000000000,BEST_BID,"JPM,100157,193"
2019-06-28 11:59:30.000000000,BEST_ASK,"JPM,100678,99"
2019-06-28 11:59:30.000000000,BEST_BID,"JPM,100157,193"
2019-06-28 11:59:30.000000000,BEST_ASK,"JPM,100678,99"
2019-06-28 11:59:30.000000000,BEST_BID,"JPM,100157,193"
2019-06-28 11:59:30.000000000,BEST_ASK,"JPM,100678,99"
2019-06-28 11:59:30.000000000,BEST_BID,"JPM,100157,193"
2019-06-28 11:59:30.000000000,BEST_ASK,"JPM,100678,99"
2019-06-28 11:59:30.000000000,BEST_BID,"JPM,100157,193"
2019-06-28 11:59:30.000000000,BEST_ASK,"JPM,100678,192"
2019-06-28 11:59:30.000000000,BEST_BID,"JPM,100157,193"
2019-06-28 11:59:30.000000000,BEST_ASK,"JPM,100678,192"
2019-06-28 11:59:30.000000000,BEST_BID,"JPM,100157,193"
2019-06-28 11:59:30.000000000,BEST_ASK,"JPM,100678,192"
2019-06-28 11:59:30.000000000,BEST_BID,"JPM,100157,193"
2019-06-28 11:59:30.000000000,BEST_ASK,"JPM,100678,192"
2019-06-28 11:59:30.390034362,QUERY_SPREAD,6
2019-06-28 11:59:30.390034362,BEST_BID,"JPM,100157,193"
2019-06-28 11:59:30.390034362,BEST_ASK,"JPM,100678,192"
2019-06-28 11:59:34.632285053,QUERY_SPREAD,40
2019-06-28 11:59:34.632285053,BEST_BID,"JPM,100157,193"
2019-06-28 11:59:34.632285053,BEST_ASK,"JPM,100678,92"
2019-06-28 11:59:34.632285053,LAST_TRADE,"100,$100678.0000"
2019-06-28 11:59:38.549657222,QUERY_ORDER_STREAM,57
2019-06-28 11:59:38.549657222,QUERY_SPREAD,57
2019-06-28 11:59:40.000000000,QUERY_SPREAD,1
2019-06-28 11:59:40.000000000,BEST_BID,"JPM,100157,193"
2019-06-28 11:59:40.000000000,BEST_ASK,"JPM,100832,100"
2019-06-28 11:59:40.000000000,BEST_BID,"JPM,100157,193"
2019-06-28 11:59:40.000000000,BEST_ASK,"JPM,100832,100"
2019-06-28 11:59:40.000000000,BEST_BID,"JPM,100157,193"
2019-06-28 11:59:40.000000000,BEST_ASK,"JPM,100832,100"
2019-06-28 11:59:40.000000000,BEST_BID,"JPM,100157,193"
2019-06-28 11:59:40.000000000,BEST_ASK,"JPM,100832,100"
2019-06-28 11:59:40.000000000,BEST_BID,"JPM,100157,193"
2019-06-28 11:59:40.000000000,BEST_ASK,"JPM,100832,193"
2019-06-28 11:59:40.000000000,BEST_BID,"JPM,100157,193"
2019-06-28 11:59:40.000000000,BEST_ASK,"JPM,100832,193"
2019-06-28 11:59:40.000000000,BEST_BID,"JPM,100157,193"
2019-06-28 11:59:40.000000000,BEST_ASK,"JPM,100832,193"
2019-06-28 11:59:40.000000000,BEST_BID,"JPM,100157,193"
2019-06-28 11:59:40.000000000,BEST_ASK,"JPM,100832,193"
2019-06-28 11:59:50.000000000,QUERY_SPREAD,1
2019-06-28 11:59:50.000000000,BEST_BID,"JPM,100157,471"
2019-06-28 11:59:50.000000000,BEST_ASK,"JPM,100832,100"
2019-06-28 11:59:50.000000000,BEST_BID,"JPM,100157,471"
2019-06-28 11:59:50.000000000,BEST_ASK,"JPM,100832,471"
2019-06-28 12:00:00.000000000,QUERY_SPREAD,1
2019-06-28 12:00:00.000000000,BEST_BID,"JPM,100157,193"
2019-06-28 12:00:00.000000000,BEST_ASK,"JPM,100832,100"
2019-06-28 12:00:00.000000000,BEST_BID,"JPM,100157,193"
2019-06-28 12:00:00.000000000,BEST_ASK,"JPM,100832,100"
2019-06-28 12:00:00.000000000,BEST_BID,"JPM,100157,193"
2019-06-28 12:00:00.000000000,BEST_ASK,"JPM,100832,100"
2019-06-28 12:00:00.000000000,BEST_BID,"JPM,100157,193"
2019-06-28 12:00:00.000000000,BEST_ASK,"JPM,100832,100"
2019-06-28 12:00:00.000000000,BEST_BID,"JPM,100157,193"
2019-06-28 12:00:00.000000000,BEST_ASK,"JPM,100832,193"
2019-06-28 12:00:00.000000000,BEST_BID,"JPM,100157,193"
2019-06-28 12:00:00.000000000,BEST_ASK,"JPM,100832,193"
2019-06-28 12:00:00.000000000,BEST_BID,"JPM,100157,193"
2019-06-28 12:00:00.000000000,BEST_ASK,"JPM,100832,193"
2019-06-28 12:00:00.000000000,BEST_BID,"JPM,100157,193"
2019-06-28 12:00:00.000000000,BEST_ASK,"JPM,100832,193"
2019-06-28 12:00:00.000000000,QUERY_SPREAD,77
2019-06-28 12:00:00.000000000,BEST_BID,"JPM,100157,188"
2019-06-28 12:00:00.000000000,BEST_ASK,"JPM,100832,193"
2019-06-28 12:00:00.000000000,LAST_TRADE,"5,$100157.0000"
2019-06-28 12:00:00.000000000,QUERY_SPREAD,78
2019-06-28 12:00:00.000000000,BEST_BID,"JPM,100157,180"
2019-06-28 12:00:00.000000000,BEST_ASK,"JPM,100832,193"
2019-06-28 12:00:00.000000000,LAST_TRADE,"8,$100157.0000"
2019-06-28 12:00:00.000000000,QUERY_SPREAD,79
2019-06-28 12:00:00.000000000,BEST_BID,"JPM,100157,175"
2019-06-28 12:00:00.000000000,BEST_ASK,"JPM,100832,193"
2019-06-28 12:00:00.000000000,LAST_TRADE,"5,$100157.0000"
2019-06-28 12:00:00.000000000,QUERY_SPREAD,80
2019-06-28 12:00:00.000000000,BEST_BID,"JPM,100157,167"
2019-06-28 12:00:00.000000000,BEST_ASK,"JPM,100832,193"
2019-06-28 12:00:00.000000000,LAST_TRADE,"8,$100157.0000"
2019-06-28 12:00:00.000000000,QUERY_SPREAD,81
2019-06-28 12:00:00.000000000,BEST_BID,"JPM,100157,158"
2019-06-28 12:00:00.000000000,BEST_ASK,"JPM,100832,193"
2019-06-28 12:00:00.000000000,LAST_TRADE,"9,$100157.0000"
2019-06-28 12:00:00.000000000,QUERY_SPREAD,82
2019-06-28 12:00:00.000000000,BEST_BID,"JPM,100157,155"
2019-06-28 12:00:00.000000000,BEST_ASK,"JPM,100832,193"
2019-06-28 12:00:00.000000000,LAST_TRADE,"3,$100157.0000"
2019-06-28 12:00:00.000000000,QUERY_SPREAD,83
2019-06-28 12:00:00.000000000,BEST_BID,"JPM,100157,147"
2019-06-28 12:00:00.000000000,BEST_ASK,"JPM,100832,193"
2019-06-28 12:00:00.000000000,LAST_TRADE,"8,$100157.0000"
2019-06-28 12:00:00.000000000,QUERY_SPREAD,84
2019-06-28 12:00:00.000000000,BEST_BID,"JPM,100157,143"
2019-06-28 12:00:00.000000000,BEST_ASK,"JPM,100832,193"
2019-06-28 12:00:00.000000000,LAST_TRADE,"4,$100157.0000"
2019-06-28 12:00:00.000000000,QUERY_SPREAD,85
2019-06-28 12:00:00.000000000,BEST_BID,"JPM,100157,138"
2019-06-28 12:00:00.000000000,BEST_ASK,"JPM,100832,193"
2019-06-28 12:00:00.000000000,LAST_TRADE,"5,$100157.0000"
2019-06-28 12:00:00.000000000,QUERY_SPREAD,86
2019-06-28 12:00:00.000000000,BEST_BID,"JPM,100157,136"
2019-06-28 12:00:00.000000000,BEST_ASK,"JPM,100832,193"
2019-06-28 12:00:00.000000000,LAST_TRADE,"2,$100157.0000"
2019-06-28 12:00:00.000000000,QUERY_SPREAD,87
2019-06-28 12:00:00.000000000,BEST_BID,"JPM,100157,129"
2019-06-28 12:00:00.000000000,BEST_ASK,"JPM,100832,193"
2019-06-28 12:00:00.000000000,LAST_TRADE,"7,$100157.0000"
2019-06-28 12:00:00.000000000,QUERY_SPREAD,88
2019-06-28 12:00:00.000000000,BEST_BID,"JPM,100157,121"
2019-06-28 12:00:00.000000000,BEST_ASK,"JPM,100832,193"
2019-06-28 12:00:00.000000000,LAST_TRADE,"8,$100157.0000"
2019-06-28 12:00:00.000000000,QUERY_SPREAD,89
2019-06-28 12:00:00.000000000,BEST_BID,"JPM,100157,116"
2019-06-28 12:00:00.000000000,BEST_ASK,"JPM,100832,193"
2019-06-28 12:00:00.000000000,LAST_TRADE,"5,$100157.0000"
2019-06-28 12:00:00.000000000,QUERY_SPREAD,90
2019-06-28 12:00:00.000000000,BEST_BID,"JPM,100157,112"
2019-06-28 12:00:00.000000000,BEST_ASK,"JPM,100832,193"
2019-06-28 12:00:00.000000000,LAST_TRADE,"4,$100157.0000"
2019-06-28 12:00:00.000000000,QUERY_SPREAD,91
2019-06-28 12:00:00.000000000,BEST_BID,"JPM,100157,109"
2019-06-28 12:00:00.000000000,BEST_ASK,"JPM,100832,193"
2019-06-28 12:00:00.000000000,LAST_TRADE,"3,$100157.0000"
2019-06-28 12:00:00.000000000,QUERY_SPREAD,92
2019-06-28 12:00:00.000000000,BEST_BID,"JPM,100157,104"
2019-06-28 12:00:00.000000000,BEST_ASK,"JPM,100832,193"
2019-06-28 12:00:00.000000000,LAST_TRADE,"5,$100157.0000"
2019-06-28 12:00:00.000000000,QUERY_SPREAD,93
2019-06-28 12:00:00.000000000,BEST_BID,"JPM,100157,97"
2019-06-28 12:00:00.000000000,BEST_ASK,"JPM,100832,193"
2019-06-28 12:00:00.000000000,LAST_TRADE,"7,$100157.0000"
2019-06-28 12:00:00.000000000,QUERY_SPREAD,94
2019-06-28 12:00:00.000000000,BEST_BID,"JPM,100157,96"
2019-06-28 12:00:00.000000000,BEST_ASK,"JPM,100832,193"
2019-06-28 12:00:00.000000000,LAST_TRADE,"1,$100157.0000"
2019-06-28 12:00:00.000000000,QUERY_SPREAD,95
2019-06-28 12:00:00.000000000,BEST_BID,"JPM,100157,95"
2019-06-28 12:00:00.000000000,BEST_ASK,"JPM,100832,193"
2019-06-28 12:00:00.000000000,LAST_TRADE,"1,$100157.0000"
2019-06-28 12:00:00.000000000,QUERY_SPREAD,96
2019-06-28 12:00:00.000000000,BEST_BID,"JPM,100157,91"
2019-06-28 12:00:00.000000000,BEST_ASK,"JPM,100832,193"
2019-06-28 12:00:00.000000000,LAST_TRADE,"4,$100157.0000"
2019-06-28 12:00:00.000000000,QUERY_SPREAD,97
2019-06-28 12:00:00.000000000,BEST_BID,"JPM,100157,88"
2019-06-28 12:00:00.000000000,BEST_ASK,"JPM,100832,193"
2019-06-28 12:00:00.000000000,LAST_TRADE,"3,$100157.0000"
2019-06-28 12:00:00.000000000,QUERY_SPREAD,98
2019-06-28 12:00:00.000000000,BEST_BID,"JPM,100157,83"
2019-06-28 12:00:00.000000000,BEST_ASK,"JPM,100832,193"
2019-06-28 12:00:00.000000000,LAST_TRADE,"5,$100157.0000"
2019-06-28 12:00:00.000000000,QUERY_SPREAD,99
2019-06-28 12:00:00.000000000,BEST_BID,"JPM,100157,79"
2019-06-28 12:00:00.000000000,BEST_ASK,"JPM,100832,193"
2019-06-28 12:00:00.000000000,LAST_TRADE,"4,$100157.0000"
2019-06-28 12:00:00.000000000,QUERY_SPREAD,100
2019-06-28 12:00:00.000000000,BEST_BID,"JPM,100157,74"
2019-06-28 12:00:00.000000000,BEST_ASK,"JPM,100832,193"
2019-06-28 12:00:00.000000000,LAST_TRADE,"5,$100157.0000"
2019-06-28 12:00:00.000000000,QUERY_SPREAD,101
2019-06-28 12:00:00.000000000,BEST_BID,"JPM,100157,74"
2019-06-28 12:00:00.000000000,BEST_ASK,"JPM,100832,192"
2019-06-28 12:00:00.000000000,LAST_TRADE,"1,$100832.0000"
2019-06-28 12:00:07.555590868,QUERY_SPREAD,28
2019-06-28 12:00:07.555590868,BEST_BID,"JPM,100678,100"
2019-06-28 12:00:07.555590868,BEST_ASK,"JPM,100832,192"
2019-06-28 12:00:08.172159335,QUERY_ORDER_STREAM,60
2019-06-28 12:00:08.172159335,QUERY_SPREAD,60
2019-06-28 12:00:08.172159335,BEST_BID,"JPM,100678,100"
2019-06-28 12:00:08.172159335,BEST_ASK,"JPM,100832,292"
2019-06-28 12:00:10.000000000,QUERY_SPREAD,1
2019-06-28 12:00:10.000000000,BEST_BID,"JPM,100678,226"
2019-06-28 12:00:10.000000000,BEST_ASK,"JPM,100832,199"
2019-06-28 12:00:10.000000000,BEST_BID,"JPM,100678,226"
2019-06-28 12:00:10.000000000,BEST_ASK,"JPM,100832,199"
2019-06-28 12:00:10.000000000,BEST_BID,"JPM,100678,226"
2019-06-28 12:00:10.000000000,BEST_ASK,"JPM,100832,199"
2019-06-28 12:00:10.000000000,BEST_BID,"JPM,100678,226"
2019-06-28 12:00:10.000000000,BEST_ASK,"JPM,100832,325"
2019-06-28 12:00:10.000000000,BEST_BID,"JPM,100678,226"
2019-06-28 12:00:10.000000000,BEST_ASK,"JPM,100832,325"
2019-06-28 12:00:10.000000000,BEST_BID,"JPM,100678,226"
2019-06-28 12:00:10.000000000,BEST_ASK,"JPM,100832,325"
2019-06-28 12:00:20.000000000,QUERY_SPREAD,1
2019-06-28 12:00:20.000000000,BEST_BID,"JPM,100678,193"
2019-06-28 12:00:20.000000000,BEST_ASK,"JPM,100832,199"
2019-06-28 12:00:20.000000000,BEST_BID,"JPM,100678,193"
2019-06-28 12:00:20.000000000,BEST_ASK,"JPM,100832,199"
2019-06-28 12:00:20.000000000,BEST_BID,"JPM,100678,193"
2019-06-28 12:00:20.000000000,BEST_ASK,"JPM,100832,199"
2019-06-28 12:00:20.000000000,BEST_BID,"JPM,100678,193"
2019-06-28 12:00:20.000000000,BEST_ASK,"JPM,100832,199"
2019-06-28 12:00:20.000000000,BEST_BID,"JPM,100678,193"
2019-06-28 12:00:20.000000000,BEST_ASK,"JPM,100832,292"
2019-06-28 12:00:20.000000000,BEST_BID,"JPM,100678,193"
2019-06-28 12:00:20.000000000,BEST_ASK,"JPM,100832,292"
2019-06-28 12:00:20.000000000,BEST_BID,"JPM,100678,193"
2019-06-28 12:00:20.000000000,BEST_ASK,"JPM,100832,292"
2019-06-28 12:00:20.000000000,BEST_BID,"JPM,100678,193"
2019-06-28 12:00:20.000000000,BEST_ASK,"JPM,100832,292"
2019-06-28 12:00:29.869465804,QUERY_SPREAD,26
2019-06-28 12:00:29.869465804,BEST_BID,"JPM,100678,193"
2019-06-28 12:00:29.869465804,BEST_ASK,"JPM,100686,100"
2019-06-28 12:00:30.000000000,QUERY_SPREAD,1
2019-06-28 12:00:30.000000000,BEST_BID,"JPM,100678,174"
2019-06-28 12:00:30.000000000,BEST_ASK,"JPM,100686,100"
2019-06-28 12:00:30.000000000,BEST_BID,"JPM,100678,174"
2019-06-28 12:00:30.000000000,BEST_ASK,"JPM,100686,100"
2019-06-28 12:00:30.000000000,BEST_BID,"JPM,100678,174"
2019-06-28 12:00:30.000000000,BEST_ASK,"JPM,100686,100"
2019-06-28 12:00:30.000000000,BEST_BID,"JPM,100678,174"
2019-06-28 12:00:30.000000000,BEST_ASK,"JPM,100686,100"
2019-06-28 12:00:30.000000000,BEST_BID,"JPM,100678,174"
2019-06-28 12:00:30.000000000,BEST_ASK,"JPM,100686,100"
2019-06-28 12:00:30.000000000,BEST_BID,"JPM,100678,174"
2019-06-28 12:00:30.000000000,BEST_ASK,"JPM,100686,174"
2019-06-28 12:00:30.000000000,BEST_BID,"JPM,100678,174"
2019-06-28 12:00:30.000000000,BEST_ASK,"JPM,100686,174"
2019-06-28 12:00:30.000000000,BEST_BID,"JPM,100678,174"
2019-06-28 12:00:30.000000000,BEST_ASK,"JPM,100686,174"
2019-06-28 12:00:30.000000000,BEST_BID,"JPM,100678,174"
2019-06-28 12:00:30.000000000,BEST_ASK,"JPM,100686,174"
2019-06-28 12:00:30.000000000,BEST_BID,"JPM,100678,174"
2019-06-28 12:00:30.000000000,BEST_ASK,"JPM,100686,174"
2019-06-28 12:00:40.000000000,QUERY_SPREAD,1
2019-06-28 12:00:40.000000000,BEST_BID,"JPM,100678,286"
2019-06-28 12:00:40.000000000,BEST_ASK,"JPM,100686,100"
2019-06-28 12:00:40.000000000,BEST_BID,"JPM,100678,286"
2019-06-28 12:00:40.000000000,BEST_ASK,"JPM,100686,100"
2019-06-28 12:00:40.000000000,BEST_BID,"JPM,100678,286"
2019-06-28 12:00:40.000000000,BEST_ASK,"JPM,100686,286"
2019-06-28 12:00:40.000000000,BEST_BID,"JPM,100678,286"
2019-06-28 12:00:40.000000000,BEST_ASK,"JPM,100686,286"
2019-06-28 12:00:47.621115152,QUERY_SPREAD,29
2019-06-28 12:00:47.621115152,BEST_BID,"JPM,100678,186"
2019-06-28 12:00:47.621115152,BEST_ASK,"JPM,100686,286"
2019-06-28 12:00:47.621115152,LAST_TRADE,"100,$100678.0000"
2019-06-28 12:00:49.408392386,QUERY_SPREAD,6
2019-06-28 12:00:49.408392386,BEST_BID,"JPM,100678,186"
2019-06-28 12:00:49.408392386,BEST_ASK,"JPM,100686,286"
2019-06-28 12:00:50.000000000,QUERY_SPREAD,1
2019-06-28 12:00:50.000000000,BEST_BID,"JPM,100231,471"
2019-06-28 12:00:50.000000000,BEST_ASK,"JPM,100686,100"
2019-06-28 12:00:50.000000000,BEST_BID,"JPM,100231,471"
2019-06-28 12:00:50.000000000,BEST_ASK,"JPM,100686,471"
2019-06-28 12:00:59.386837633,QUERY_SPREAD,8
2019-06-28 12:00:59.386837633,BEST_BID,"JPM,100359,100"
2019-06-28 12:00:59.386837633,BEST_ASK,"JPM,100686,471"
2019-06-28 12:01:00.000000000,QUERY_SPREAD,1
2019-06-28 12:01:00.000000000,BEST_BID,"JPM,100359,174"
2019-06-28 12:01:00.000000000,BEST_ASK,"JPM,100686,100"
2019-06-28 12:01:00.000000000,BEST_BID,"JPM,100359,174"
2019-06-28 12:01:00.000000000,BEST_ASK,"JPM,100686,100"
2019-06-28 12:01:00.000000000,BEST_BID,"JPM,100359,174"
2019-06-28 12:01:00.000000000,BEST_ASK,"JPM,100686,100"
2019-06-28 12:01:00.000000000,BEST_BID,"JPM,100359,174"
2019-06-28 12:01:00.000000000,BEST_ASK,"JPM,100686,100"
2019-06-28 12:01:00.000000000,BEST_BID,"JPM,100359,174"
2019-06-28 12:01:00.000000000,BEST_ASK,"JPM,100686,100"
2019-06-28 12:01:00.000000000,BEST_BID,"JPM,100359,174"
2019-06-28 12:01:00.000000000,BEST_ASK,"JPM,100686,174"
2019-06-28 12:01:00.000000000,BEST_BID,"JPM,100359,174"
2019-06-28 12:01:00.000000000,BEST_ASK,"JPM,100686,174"
2019-06-28 12:01:00.000000000,BEST_BID,"JPM,100359,174"
2019-06-28 12:01:00.000000000,BEST_ASK,"JPM,100686,174"
2019-06-28 12:01:00.000000000,BEST_BID,"JPM,100359,174"
2019-06-28 12:01:00.000000000,BEST_ASK,"JPM,100686,174"
2019-06-28 12:01:00.000000000,BEST_BID,"JPM,100359,174"
2019-06-28 12:01:00.000000000,BEST_ASK,"JPM,100686,174"
2019-06-28 12:01:00.000000000,QUERY_SPREAD,77
2019-06-28 12:01:00.000000000,BEST_BID,"JPM,100359,169"
2019-06-28 12:01:00.000000000,BEST_ASK,"JPM,100686,174"
2019-06-28 12:01:00.000000000,LAST_TRADE,"5,$100359.0000"
2019-06-28 12:01:00.000000000,QUERY_SPREAD,78
2019-06-28 12:01:00.000000000,BEST_BID,"JPM,100359,161"
2019-06-28 12:01:00.000000000,BEST_ASK,"JPM,100686,174"
2019-06-28 12:01:00.000000000,LAST_TRADE,"8,$100359.0000"
2019-06-28 12:01:00.000000000,QUERY_SPREAD,79
2019-06-28 12:01:00.000000000,BEST_BID,"JPM,100359,156"
2019-06-28 12:01:00.000000000,BEST_ASK,"JPM,100686,174"
2019-06-28 12:01:00.000000000,LAST_TRADE,"5,$100359.0000"
2019-06-28 12:01:00.000000000,QUERY_SPREAD,80
2019-06-28 12:01:00.000000000,BEST_BID,"JPM,100359,148"
2019-06-28 12:01:00.000000000,BEST_ASK,"JPM,100686,174"
2019-06-28 12:01:00.000000000,LAST_TRADE,"8,$100359.0000"
2019-06-28 12:01:00.000000000,QUERY_SPREAD,81
2019-06-28 12:01:00.000000000,BEST_BID,"JPM,100359,139"
2019-06-28 12:01:00.000000000,BEST_ASK,"JPM,100686,174"
2019-06-28 12:01:00.000000000,LAST_TRADE,"9,$100359.0000"
2019-06-28 12:01:00.000000000,QUERY_SPREAD,82
2019-06-28 12:01:00.000000000,BEST_BID,"JPM,100359,136"
2019-06-28 12:01:00.000000000,BEST_ASK,"JPM,100686,174"
2019-06-28 12:01:00.000000000,LAST_TRADE,"3,$100359.0000"
2019-06-28 12:01:00.000000000,QUERY_SPREAD,83
2019-06-28 12:01:00.000000000,BEST_BID,"JPM,100359,128"
2019-06-28 12:01:00.000000000,BEST_ASK,"JPM,100686,174"
2019-06-28 12:01:00.000000000,LAST_TRADE,"8,$100359.0000"
2019-06-28 12:01:00.000000000,QUERY_SPREAD,84
2019-06-28 12:01:00.000000000,BEST_BID,"JPM,100359,124"
2019-06-28 12:01:00.000000000,BEST_ASK,"JPM,100686,174"
2019-06-28 12:01:00.000000000,LAST_TRADE,"4,$100359.0000"
2019-06-28 12:01:00.000000000,QUERY_SPREAD,85
2019-06-28 12:01:00.000000000,BEST_BID,"JPM,100359,119"
2019-06-28 12:01:00.000000000,BEST_ASK,"JPM,100686,174"
2019-06-28 12:01:00.000000000,LAST_TRADE,"5,$100359.0000"
2019-06-28 12:01:00.000000000,QUERY_SPREAD,86
2019-06-28 12:01:00.000000000,BEST_BID,"JPM,100359,117"
2019-06-28 12:01:00.000000000,BEST_ASK,"JPM,100686,174"
2019-06-28 12:01:00.000000000,LAST_TRADE,"2,$100359.0000"
2019-06-28 12:01:00.000000000,QUERY_SPREAD,87
2019-06-28 12:01:00.000000000,BEST_BID,"JPM,100359,110"
2019-06-28 12:01:00.000000000,BEST_ASK,"JPM,100686,174"
2019-06-28 12:01:00.000000000,LAST_TRADE,"7,$100359.0000"
2019-06-28 12:01:00.000000000,QUERY_SPREAD,88
2019-06-28 12:01:00.000000000,BEST_BID,"JPM,100359,102"
2019-06-28 12:01:00.000000000,BEST_ASK,"JPM,100686,174"
2019-06-28 12:01:00.000000000,LAST_TRADE,"8,$100359.0000"
2019-06-28 12:01:00.000000000,QUERY_SPREAD,89
2019-06-28 12:01:00.000000000,BEST_BID,"JPM,100359,97"
2019-06-28 12:01:00.000000000,BEST_ASK,"JPM,100686,174"
2019-06-28 12:01:00.000000000,LAST_TRADE,"5,$100359.0000"
2019-06-28 12:01:00.000000000,QUERY_SPREAD,90
2019-06-28 12:01:00.000000000,BEST_BID,"JPM,100359,93"
2019-06-28 12:01:00.000000000,BEST_ASK,"JPM,100686,174"
2019-06-28 12:01:00.000000000,LAST_TRADE,"4,$100359.0000"
2019-06-28 12:01:00.000000000,QUERY_SPREAD,91
2019-06-28 12:01:00.000000000,BEST_BID,"JPM,100359,90"
2019-06-28 12:01:00.000000000,BEST_ASK,"JPM,100686,174"
2019-06-28 12:01:00.000000000,LAST_TRADE,"3,$100359.0000"
2019-06-28 12:01:00.000000000,QUERY_SPREAD,92
2019-06-28 12:01:00.000000000,BEST_BID,"JPM,100359,85"
2019-06-28 12:01:00.000000000,BEST_ASK,"JPM,100686,174"
2019-06-28 12:01:00.000000000,LAST_TRADE,"5,$100359.0000"
2019-06-28 12:01:00.000000000,QUERY_SPREAD,93
2019-06-28 12:01:00.000000000,BEST_BID,"JPM,100359,78"
2019-06-28 12:01:00.000000000,BEST_ASK,"JPM,100686,174"
2019-06-28 12:01:00.000000000,LAST_TRADE,"7,$100359.0000"
2019-06-28 12:01:00.000000000,QUERY_SPREAD,94
2019-06-28 12:01:00.000000000,BEST_BID,"JPM,100359,77"
2019-06-28 12:01:00.000000000,BEST_ASK,"JPM,100686,174"
2019-06-28 12:01:00.000000000,LAST_TRADE,"1,$100359.0000"
2019-06-28 12:01:00.000000000,QUERY_SPREAD,95
2019-06-28 12:01:00.000000000,BEST_BID,"JPM,100359,76"
2019-06-28 12:01:00.000000000,BEST_ASK,"JPM,100686,174"
2019-06-28 12:01:00.000000000,LAST_TRADE,"1,$100359.0000"
2019-06-28 12:01:00.000000000,QUERY_SPREAD,96
2019-06-28 12:01:00.000000000,BEST_BID,"JPM,100359,72"
2019-06-28 12:01:00.000000000,BEST_ASK,"JPM,100686,174"
2019-06-28 12:01:00.000000000,LAST_TRADE,"4,$100359.0000"
2019-06-28 12:01:00.000000000,QUERY_SPREAD,97
2019-06-28 12:01:00.000000000,BEST_BID,"JPM,100359,69"
2019-06-28 12:01:00.000000000,BEST_ASK,"JPM,100686,174"
2019-06-28 12:01:00.000000000,LAST_TRADE,"3,$100359.0000"
2019-06-28 12:01:00.000000000,QUERY_SPREAD,98
2019-06-28 12:01:00.000000000,BEST_BID,"JPM,100359,64"
2019-06-28 12:01:00.000000000,BEST_ASK,"JPM,100686,174"
2019-06-28 12:01:00.000000000,LAST_TRADE,"5,$100359.0000"
2019-06-28 12:01:00.000000000,QUERY_SPREAD,99
2019-06-28 12:01:00.000000000,BEST_BID,"JPM,100359,60"
2019-06-28 12:01:00.000000000,BEST_ASK,"JPM,100686,174"
2019-06-28 12:01:00.000000000,LAST_TRADE,"4,$100359.0000"
2019-06-28 12:01:00.000000000,QUERY_SPREAD,100
2019-06-28 12:01:00.000000000,BEST_BID,"JPM,100359,55"
2019-06-28 12:01:00.000000000,BEST_ASK,"JPM,100686,174"
2019-06-28 12:01:00.000000000,LAST_TRADE,"5,$100359.0000"
2019-06-28 12:01:00.000000000,QUERY_SPREAD,101
2019-06-28 12:01:00.000000000,BEST_BID,"JPM,100359,55"
2019-06-28 12:01:00.000000000,BEST_ASK,"JPM,100686,173"
2019-06-28 12:01:00.000000000,LAST_TRADE,"1,$100686.0000"
2019-06-28 12:01:01.026382268,QUERY_ORDER_STREAM,61
2019-06-28 12:01:01.026382268,QUERY_SPREAD,61
2019-06-28 12:01:01.026382268,BEST_BID,"JPM,100359,55"
2019-06-28 12:01:01.026382268,BEST_ASK,"JPM,100686,273"
2019-06-28 12:01:03.580763741,QUERY_SPREAD,43
2019-06-28 12:01:03.580763741,BEST_BID,"JPM,100466,100"
2019-06-28 12:01:03.580763741,BEST_ASK,"JPM,100686,273"
2019-06-28 12:01:10.000000000,QUERY_SPREAD,1
2019-06-28 12:01:10.000000000,BEST_BID,"JPM,100466,471"
2019-06-28 12:01:10.000000000,BEST_ASK,"JPM,100686,199"
2019-06-28 12:01:10.000000000,BEST_BID,"JPM,100466,471"
2019-06-28 12:01:10.000000000,BEST_ASK,"JPM,100686,570"
2019-06-28 12:01:20.000000000,QUERY_SPREAD,1
2019-06-28 12:01:20.000000000,BEST_BID,"JPM,100466,226"
2019-06-28 12:01:20.000000000,BEST_ASK,"JPM,100686,199"
2019-06-28 12:01:20.000000000,BEST_BID,"JPM,100466,226"
2019-06-28 12:01:20.000000000,BEST_ASK,"JPM,100686,199"
2019-06-28 12:01:20.000000000,BEST_BID,"JPM,100466,226"
2019-06-28 12:01:20.000000000,BEST_ASK,"JPM,100686,199"
2019-06-28 12:01:20.000000000,BEST_BID,"JPM,100466,226"
2019-06-28 12:01:20.000000000,BEST_ASK,"JPM,100686,325"
2019-06-28 12:01:20.000000000,BEST_BID,"JPM,100466,226"
2019-06-28 12:01:20.000000000,BEST_ASK,"JPM,100686,325"
2019-06-28 12:01:20.000000000,BEST_BID,"JPM,100466,226"
2019-06-28 12:01:20.000000000,BEST_ASK,"JPM,100686,325"
2019-06-28 12:01:21.037029166,QUERY_ORDER_STREAM,63
2019-06-28 12:01:21.037029166,QUERY_SPREAD,63
2019-06-28 12:01:21.037029166,BEST_BID,"JPM,100466,226"
2019-06-28 12:01:21.037029166,BEST_ASK,"JPM,100686,425"
2019-06-28 12:01:30.000000000,QUERY_SPREAD,1
2019-06-28 12:01:30.000000000,BEST_BID,"JPM,100466,193"
2019-06-28 12:01:30.000000000,BEST_ASK,"JPM,100686,299"
2019-06-28 12:01:30.000000000,BEST_BID,"JPM,100466,193"
2019-06-28 12:01:30.000000000,BEST_ASK,"JPM,100686,299"
2019-06-28 12:01:30.000000000,BEST_BID,"JPM,100466,193"
2019-06-28 12:01:30.000000000,BEST_ASK,"JPM,100686,299"
2019-06-28 12:01:30.000000000,BEST_BID,"JPM,100466,193"
2019-06-28 12:01:30.000000000,BEST_ASK,"JPM,100686,299"
2019-06-28 12:01:30.000000000,BEST_BID,"JPM,100466,193"
2019-06-28 12:01:30.000000000,BEST_ASK,"JPM,100686,392"
2019-06-28 12:01:30.000000000,BEST_BID,"JPM,100466,193"
2019-06-28 12:01:30.000000000,BEST_ASK,"JPM,100686,392"
2019-06-28 12:01:30.000000000,BEST_BID,"JPM,100466,193"
2019-06-28 12:01:30.000000000,BEST_ASK,"JPM,100686,392"
2019-06-28 12:01:30.000000000,BEST_BID,"JPM,100466,193"
2019-06-28 12:01:30.000000000,BEST_ASK,"JPM,100686,392"
2019-06-28 12:01:40.000000000,QUERY_SPREAD,1
2019-06-28 12:01:40.000000000,BEST_BID,"JPM,100466,286"
2019-06-28 12:01:40.000000000,BEST_ASK,"JPM,100686,299"
2019-06-28 12:01:40.000000000,BEST_BID,"JPM,100466,286"
2019-06-28 12:01:40.000000000,BEST_ASK,"JPM,100686,299"
2019-06-28 12:01:40.000000000,BEST_BID,"JPM,100466,286"
2019-06-28 12:01:40.000000000,BEST_ASK,"JPM,100686,485"
2019-06-28 12:01:40.000000000,BEST_BID,"JPM,100466,286"
2019-06-28 12:01:40.000000000,BEST_ASK,"JPM,100686,485"
2019-06-28 12:01:45.590357636,QUERY_ORDER_STREAM,68
2019-06-28 12:01:45.590357636,QUERY_SPREAD,68
2019-06-28 12:01:45.590357636,BEST_BID,"JPM,100466,286"
2019-06-28 12:01:45.590357636,BEST_ASK,"JPM,100686,485"
2019-06-28 12:01:50.000000000,QUERY_SPREAD,1
2019-06-28 12:01:50.000000000,BEST_BID,"JPM,100466,286"
2019-06-28 12:01:50.000000000,BEST_ASK,"JPM,100686,299"
2019-06-28 12:01:50.000000000,BEST_BID,"JPM,100466,286"
2019-06-28 12:01:50.000000000,BEST_ASK,"JPM,100686,299"
2019-06-28 12:01:50.000000000,BEST_BID,"JPM,100466,286"
2019-06-28 12:01:50.000000000,BEST_ASK,"JPM,100686,485"
2019-06-28 12:01:50.000000000,BEST_BID,"JPM,100466,286"
2019-06-28 12:01:50.000000000,BEST_ASK,"JPM,100686,485"
2019-06-28 12:01:57.812012549,QUERY_ORDER_STREAM,62
2019-06-28 12:01:57.812012549,QUERY_SPREAD,62
2019-06-28 12:01:57.812012549,BEST_BID,"JPM,100466,286"
2019-06-28 12:01:57.812012549,BEST_ASK,"JPM,100686,485"
2019-06-28 12:02:00.000000000,QUERY_SPREAD,1
2019-06-28 12:02:00.000000000,BEST_BID,"JPM,100466,193"
2019-06-28 12:02:00.000000000,BEST_ASK,"JPM,100686,299"
2019-06-28 12:02:00.000000000,BEST_BID,"JPM,100466,193"
2019-06-28 12:02:00.000000000,BEST_ASK,"JPM,100686,299"
2019-06-28 12:02:00.000000000,BEST_BID,"JPM,100466,193"
2019-06-28 12:02:00.000000000,BEST_ASK,"JPM,100686,299"
2019-06-28 12:02:00.000000000,BEST_BID,"JPM,100466,193"
2019-06-28 12:02:00.000000000,BEST_ASK,"JPM,100686,299"
2019-06-28 12:02:00.000000000,BEST_BID,"JPM,100466,193"
2019-06-28 12:02:00.000000000,BEST_ASK,"JPM,100686,392"
2019-06-28 12:02:00.000000000,BEST_BID,"JPM,100466,193"
2019-06-28 12:02:00.000000000,BEST_ASK,"JPM,100686,392"
2019-06-28 12:02:00.000000000,BEST_BID,"JPM,100466,193"
2019-06-28 12:02:00.000000000,BEST_ASK,"JPM,100686,392"
2019-06-28 12:02:00.000000000,BEST_BID,"JPM,100466,193"
2019-06-28 12:02:00.000000000,BEST_ASK,"JPM,100686,392"
2019-06-28 12:02:00.000000000,QUERY_SPREAD,77
2019-06-28 12:02:00.000000000,BEST_BID,"JPM,100466,188"
2019-06-28 12:02:00.000000000,BEST_ASK,"JPM,100686,392"
2019-06-28 12:02:00.000000000,LAST_TRADE,"5,$100466.0000"
2019-06-28 12:02:00.000000000,QUERY_SPREAD,78
2019-06-28 12:02:00.000000000,BEST_BID,"JPM,100466,180"
2019-06-28 12:02:00.000000000,BEST_ASK,"JPM,100686,392"
2019-06-28 12:02:00.000000000,LAST_TRADE,"8,$100466.0000"
2019-06-28 12:02:00.000000000,QUERY_SPREAD,79
2019-06-28 12:02:00.000000000,BEST_BID,"JPM,100466,175"
2019-06-28 12:02:00.000000000,BEST_ASK,"JPM,100686,392"
2019-06-28 12:02:00.000000000,LAST_TRADE,"5,$100466.0000"
2019-06-28 12:02:00.000000000,QUERY_SPREAD,80
2019-06-28 12:02:00.000000000,BEST_BID,"JPM,100466,167"
2019-06-28 12:02:00.000000000,BEST_ASK,"JPM,100686,392"
2019-06-28 12:02:00.000000000,LAST_TRADE,"8,$100466.0000"
2019-06-28 12:02:00.000000000,QUERY_SPREAD,81
2019-06-28 12:02:00.000000000,BEST_BID,"JPM,100466,158"
2019-06-28 12:02:00.000000000,BEST_ASK,"JPM,100686,392"
2019-06-28 12:02:00.000000000,LAST_TRADE,"9,$100466.0000"
2019-06-28 12:02:00.000000000,QUERY_SPREAD,82
2019-06-28 12:02:00.000000000,BEST_BID,"JPM,100466,155"
2019-06-28 12:02:00.000000000,BEST_ASK,"JPM,100686,392"
2019-06-28 12:02:00.000000000,LAST_TRADE,"3,$100466.0000"
2019-06-28 12:02:00.000000000,QUERY_SPREAD,83
2019-06-28 12:02:00.000000000,BEST_BID,"JPM,100466,147"
2019-06-28 12:02:00.000000000,BEST_ASK,"JPM,100686,392"
2019-06-28 12:02:00.000000000,LAST_TRADE,"8,$100466.0000"
2019-06-28 12:02:00.000000000,QUERY_SPREAD,84
2019-06-28 12:02:00.000000000,BEST_BID,"JPM,100466,143"
2019-06-28 12:02:00.000000000,BEST_ASK,"JPM,100686,392"
2019-06-28 12:02:00.000000000,LAST_TRADE,"4,$100466.0000"
2019-06-28 12:02:00.000000000,QUERY_SPREAD,85
2019-06-28 12:02:00.000000000,BEST_BID,"JPM,100466,138"
2019-06-28 12:02:00.000000000,BEST_ASK,"JPM,100686,392"
2019-06-28 12:02:00.000000000,LAST_TRADE,"5,$100466.0000"
2019-06-28 12:02:00.000000000,QUERY_SPREAD,86
2019-06-28 12:02:00.000000000,BEST_BID,"JPM,100466,136"
2019-06-28 12:02:00.000000000,BEST_ASK,"JPM,100686,392"
2019-06-28 12:02:00.000000000,LAST_TRADE,"2,$100466.0000"
2019-06-28 12:02:00.000000000,QUERY_SPREAD,87
2019-06-28 12:02:00.000000000,BEST_BID,"JPM,100466,129"
2019-06-28 12:02:00.000000000,BEST_ASK,"JPM,100686,392"
2019-06-28 12:02:00.000000000,LAST_TRADE,"7,$100466.0000"
2019-06-28 12:02:00.000000000,QUERY_SPREAD,88
2019-06-28 12:02:00.000000000,BEST_BID,"JPM,100466,121"
2019-06-28 12:02:00.000000000,BEST_ASK,"JPM,100686,392"
2019-06-28 12:02:00.000000000,LAST_TRADE,"8,$100466.0000"
2019-06-28 12:02:00.000000000,QUERY_SPREAD,89
2019-06-28 12:02:00.000000000,BEST_BID,"JPM,100466,116"
2019-06-28 12:02:00.000000000,BEST_ASK,"JPM,100686,392"
2019-06-28 12:02:00.000000000,LAST_TRADE,"5,$100466.0000"
2019-06-28 12:02:00.000000000,QUERY_SPREAD,90
2019-06-28 12:02:00.000000000,BEST_BID,"JPM,100466,112"
2019-06-28 12:02:00.000000000,BEST_ASK,"JPM,100686,392"
2019-06-28 12:02:00.000000000,LAST_TRADE,"4,$100466.0000"
2019-06-28 12:02:00.000000000,QUERY_SPREAD,91
2019-06-28 12:02:00.000000000,BEST_BID,"JPM,100466,109"
2019-06-28 12:02:00.000000000,BEST_ASK,"JPM,100686,392"
2019-06-28 12:02:00.000000000,LAST_TRADE,"3,$100466.0000"
2019-06-28 12:02:00.000000000,QUERY_SPREAD,92
2019-06-28 12:02:00.000000000,BEST_BID,"JPM,100466,104"
2019-06-28 12:02:00.000000000,BEST_ASK,"JPM,100686,392"
2019-06-28 12:02:00.000000000,LAST_TRADE,"5,$100466.0000"
2019-06-28 12:02:00.000000000,QUERY_SPREAD,93
2019-06-28 12:02:00.000000000,BEST_BID,"JPM,100466,97"
2019-06-28 12:02:00.000000000,BEST_ASK,"JPM,100686,392"
2019-06-28 12:02:00.000000000,LAST_TRADE,"7,$100466.0000"
2019-06-28 12:02:00.000000000,QUERY_SPREAD,94
2019-06-28 12:02:00.000000000,BEST_BID,"JPM,100466,96"
2019-06-28 12:02:00.000000000,BEST_ASK,"JPM,100686,392"
2019-06-28 12:02:00.000000000,LAST_TRADE,"1,$100466.0000"
2019-06-28 12:02:00.000000000,QUERY_SPREAD,95
2019-06-28 12:02:00.000000000,BEST_BID,"JPM,100466,95"
2019-06-28 12:02:00.000000000,BEST_ASK,"JPM,100686,392"
2019-06-28 12:02:00.000000000,LAST_TRADE,"1,$100466.0000"
2019-06-28 12:02:00.000000000,QUERY_SPREAD,96
2019-06-28 12:02:00.000000000,BEST_BID,"JPM,100466,91"
2019-06-28 12:02:00.000000000,BEST_ASK,"JPM,100686,392"
2019-06-28 12:02:00.000000000,LAST_TRADE,"4,$100466.0000"
2019-06-28 12:02:00.000000000,QUERY_SPREAD,97
2019-06-28 12:02:00.000000000,BEST_BID,"JPM,100466,88"
2019-06-28 12:02:00.000000000,BEST_ASK,"JPM,100686,392"
2019-06-28 12:02:00.000000000,LAST_TRADE,"3,$100466.0000"
2019-06-28 12:02:00.000000000,QUERY_SPREAD,98
2019-06-28 12:02:00.000000000,BEST_BID,"JPM,100466,83"
2019-06-28 12:02:00.000000000,BEST_ASK,"JPM,100686,392"
2019-06-28 12:02:00.000000000,LAST_TRADE,"5,$100466.0000"
2019-06-28 12:02:00.000000000,QUERY_SPREAD,99
2019-06-28 12:02:00.000000000,BEST_BID,"JPM,100466,79"
2019-06-28 12:02:00.000000000,BEST_ASK,"JPM,100686,392"
2019-06-28 12:02:00.000000000,LAST_TRADE,"4,$100466.0000"
2019-06-28 12:02:00.000000000,QUERY_SPREAD,100
2019-06-28 12:02:00.000000000,BEST_BID,"JPM,100466,74"
2019-06-28 12:02:00.000000000,BEST_ASK,"JPM,100686,392"
2019-06-28 12:02:00.000000000,LAST_TRADE,"5,$100466.0000"
2019-06-28 12:02:00.000000000,QUERY_SPREAD,101
2019-06-28 12:02:00.000000000,BEST_BID,"JPM,100466,74"
2019-06-28 12:02:00.000000000,BEST_ASK,"JPM,100686,391"
2019-06-28 12:02:00.000000000,LAST_TRADE,"1,$100686.0000"
2019-06-28 12:02:10.000000000,QUERY_SPREAD,1
2019-06-28 12:02:10.000000000,BEST_BID,"JPM,100359,386"
2019-06-28 12:02:10.000000000,BEST_ASK,"JPM,100686,298"
2019-06-28 12:02:10.000000000,BEST_BID,"JPM,100359,386"
2019-06-28 12:02:10.000000000,BEST_ASK,"JPM,100686,298"
2019-06-28 12:02:10.000000000,BEST_BID,"JPM,100359,386"
2019-06-28 12:02:10.000000000,BEST_ASK,"JPM,100686,484"
2019-06-28 12:02:10.000000000,BEST_BID,"JPM,100359,386"
2019-06-28 12:02:10.000000000,BEST_ASK,"JPM,100686,484"
2019-06-28 12:02:20.000000000,QUERY_SPREAD,1
2019-06-28 12:02:20.000000000,BEST_BID,"JPM,100359,386"
2019-06-28 12:02:20.000000000,BEST_ASK,"JPM,100686,298"
2019-06-28 12:02:20.000000000,BEST_BID,"JPM,100359,386"
2019-06-28 12:02:20.000000000,BEST_ASK,"JPM,100686,298"
2019-06-28 12:02:20.000000000,BEST_BID,"JPM,100359,386"
2019-06-28 12:02:20.000000000,BEST_ASK,"JPM,100686,484"
2019-06-28 12:02:20.000000000,BEST_BID,"JPM,100359,386"
2019-06-28 12:02:20.000000000,BEST_ASK,"JPM,100686,484"
2019-06-28 12:02:28.530793442,QUERY_SPREAD,13
2019-06-28 12:02:28.530793442,BEST_BID,"JPM,100359,286"
2019-06-28 12:02:28.530793442,BEST_ASK,"JPM,100686,484"
2019-06-28 12:02:28.530793442,LAST_TRADE,"100,$100359.0000"
2019-06-28 12:02:30.000000000,QUERY_SPREAD,1
2019-06-28 12:02:30.000000000,BEST_BID,"JPM,100359,471"
2019-06-28 12:02:30.000000000,BEST_ASK,"JPM,100686,298"
2019-06-28 12:02:30.000000000,BEST_BID,"JPM,100359,471"
2019-06-28 12:02:30.000000000,BEST_ASK,"JPM,100686,669"
2019-06-28 12:02:36.282132762,QUERY_ORDER_STREAM,55
2019-06-28 12:02:36.282132762,QUERY_SPREAD,55
2019-06-28 12:02:36.282132762,BEST_BID,"JPM,100360,100"
2019-06-28 12:02:36.282132762,BEST_ASK,"JPM,100686,669"
2019-06-28 12:02:39.213062720,QUERY_SPREAD,16
2019-06-28 12:02:39.213062720,BEST_BID,"JPM,100360,100"
2019-06-28 12:02:39.213062720,BEST_ASK,"JPM,100686,669"
2019-06-28 12:02:40.000000000,QUERY_SPREAD,1
2019-06-28 12:02:40.000000000,BEST_BID,"JPM,100360,286"
2019-06-28 12:02:40.000000000,BEST_ASK,"JPM,100686,298"
2019-06-28 12:02:40.000000000,BEST_BID,"JPM,100360,286"
2019-06-28 12:02:40.000000000,BEST_ASK,"JPM,100686,298"
2019-06-28 12:02:40.000000000,BEST_BID,"JPM,100360,286"
2019-06-28 12:02:40.000000000,BEST_ASK,"JPM,100686,484"
2019-06-28 12:02:40.000000000,BEST_BID,"JPM,100360,286"
2019-06-28 12:02:40.000000000,BEST_ASK,"JPM,100686,484"
2019-06-28 12:02:50.000000000,QUERY_SPREAD,1
2019-06-28 12:02:50.000000000,BEST_BID,"JPM,100360,193"
2019-06-28 12:02:50.000000000,BEST_ASK,"JPM,100686,298"
2019-06-28 12:02:50.000000000,BEST_BID,"JPM,100360,193"
2019-06-28 12:02:50.000000000,BEST_ASK,"JPM,100686,298"
2019-06-28 12:02:50.000000000,BEST_BID,"JPM,100360,193"
2019-06-28 12:02:50.000000000,BEST_ASK,"JPM,100686,298"
2019-06-28 12:02:50.000000000,BEST_BID,"JPM,100360,193"
2019-06-28 12:02:50.000000000,BEST_ASK,"JPM,100686,298"
2019-06-28 12:02:50.000000000,BEST_BID,"JPM,100360,193"
2019-06-28 12:02:50.000000000,BEST_ASK,"JPM,100686,391"
2019-06-28 12:02:50.000000000,BEST_BID,"JPM,100360,193"
2019-06-28 12:02:50.000000000,BEST_ASK,"JPM,100686,391"
2019-06-28 12:02:50.000000000,BEST_BID,"JPM,100360,193"
2019-06-28 12:02:50.000000000,BEST_ASK,"JPM,100686,391"
2019-06-28 12:02:50.000000000,BEST_BID,"JPM,100360,193"
2019-06-28 12:02:50.000000000,BEST_ASK,"JPM,100686,391"
2019-06-28 12:03:00.000000000,QUERY_SPREAD,1
2019-06-28 12:03:00.000000000,BEST_BID,"JPM,100360,193"
2019-06-28 12:03:00.000000000,BEST_ASK,"JPM,100686,298"
2019-06-28 12:03:00.000000000,BEST_BID,"JPM,100360,193"
2019-06-28 12:03:00.000000000,BEST_ASK,"JPM,100686,298"
2019-06-28 12:03:00.000000000,BEST_BID,"JPM,100360,193"
2019-06-28 12:03:00.000000000,BEST_ASK,"JPM,100686,298"
2019-06-28 12:03:00.000000000,BEST_BID,"JPM,100360,193"
2019-06-28 12:03:00.000000000,BEST_ASK,"JPM,100686,298"
2019-06-28 12:03:00.000000000,BEST_BID,"JPM,100360,193"
2019-06-28 12:03:00.000000000,BEST_ASK,"JPM,100686,391"
2019-06-28 12:03:00.000000000,BEST_BID,"JPM,100360,193"
2019-06-28 12:03:00.000000000,BEST_ASK,"JPM,100686,391"
2019-06-28 12:03:00.000000000,BEST_BID,"JPM,100360,193"
2019-06-28 12:03:00.000000000,BEST_ASK,"JPM,100686,391"
2019-06-28 12:03:00.000000000,BEST_BID,"JPM,100360,193"
2019-06-28 12:03:00.000000000,BEST_ASK,"JPM,100686,391"
2019-06-28 12:03:00.000000000,QUERY_SPREAD,77
2019-06-28 12:03:00.000000000,BEST_BID,"JPM,100360,188"
2019-06-28 12:03:00.000000000,BEST_ASK,"JPM,100686,391"
2019-06-28 12:03:00.000000000,LAST_TRADE,"5,$100360.0000"
2019-06-28 12:03:00.000000000,QUERY_SPREAD,78
2019-06-28 12:03:00.000000000,BEST_BID,"JPM,100360,180"
2019-06-28 12:03:00.000000000,BEST_ASK,"JPM,100686,391"
2019-06-28 12:03:00.000000000,LAST_TRADE,"8,$100360.0000"
2019-06-28 12:03:00.000000000,QUERY_SPREAD,79
2019-06-28 12:03:00.000000000,BEST_BID,"JPM,100360,175"
2019-06-28 12:03:00.000000000,BEST_ASK,"JPM,100686,391"
2019-06-28 12:03:00.000000000,LAST_TRADE,"5,$100360.0000"
2019-06-28 12:03:00.000000000,QUERY_SPREAD,80
2019-06-28 12:03:00.000000000,BEST_BID,"JPM,100360,167"
2019-06-28 12:03:00.000000000,BEST_ASK,"JPM,100686,391"
2019-06-28 12:03:00.000000000,LAST_TRADE,"8,$100360.0000"
2019-06-28 12:03:00.000000000,QUERY_SPREAD,81
2019-06-28 12:03:00.000000000,BEST_BID,"JPM,100360,158"
2019-06-28 12:03:00.000000000,BEST_ASK,"JPM,100686,391"
2019-06-28 12:03:00.000000000,LAST_TRADE,"9,$100360.0000"
2019-06-28 12:03:00.000000000,QUERY_SPREAD,82
2019-06-28 12:03:00.000000000,BEST_BID,"JPM,100360,155"
2019-06-28 12:03:00.000000000,BEST_ASK,"JPM,100686,391"
2019-06-28 12:03:00.000000000,LAST_TRADE,"3,$100360.0000"
2019-06-28 12:03:00.000000000,QUERY_SPREAD,83
2019-06-28 12:03:00.000000000,BEST_BID,"JPM,100360,147"
2019-06-28 12:03:00.000000000,BEST_ASK,"JPM,100686,391"
2019-06-28 12:03:00.000000000,LAST_TRADE,"8,$100360.0000"
2019-06-28 12:03:00.000000000,QUERY_SPREAD,84
2019-06-28 12:03:00.000000000,BEST_BID,"JPM,100360,143"
2019-06-28 12:03:00.000000000,BEST_ASK,"JPM,100686,391"
2019-06-28 12:03:00.000000000,LAST_TRADE,"4,$100360.0000"
2019-06-28 12:03:00.000000000,QUERY_SPREAD,85
2019-06-28 12:03:00.000000000,BEST_BID,"JPM,100360,138"
2019-06-28 12:03:00.000000000,BEST_ASK,"JPM,100686,391"
2019-06-28 12:03:00.000000000,LAST_TRADE,"5,$100360.0000"
2019-06-28 12:03:00.000000000,QUERY_SPREAD,86
2019-06-28 12:03:00.000000000,BEST_BID,"JPM,100360,136"
2019-06-28 12:03:00.000000000,BEST_ASK,"JPM,100686,391"
2019-06-28 12:03:00.000000000,LAST_TRADE,"2,$100360.0000"
2019-06-28 12:03:00.000000000,QUERY_SPREAD,87
2019-06-28 12:03:00.000000000,BEST_BID,"JPM,100360,129"
2019-06-28 12:03:00.000000000,BEST_ASK,"JPM,100686,391"
2019-06-28 12:03:00.000000000,LAST_TRADE,"7,$100360.0000"
2019-06-28 12:03:00.000000000,QUERY_SPREAD,88
2019-06-28 12:03:00.000000000,BEST_BID,"JPM,100360,121"
2019-06-28 12:03:00.000000000,BEST_ASK,"JPM,100686,391"
2019-06-28 12:03:00.000000000,LAST_TRADE,"8,$100360.0000"
2019-06-28 12:03:00.000000000,QUERY_SPREAD,89
2019-06-28 12:03:00.000000000,BEST_BID,"JPM,100360,116"
2019-06-28 12:03:00.000000000,BEST_ASK,"JPM,100686,391"
2019-06-28 12:03:00.000000000,LAST_TRADE,"5,$100360.0000"
2019-06-28 12:03:00.000000000,QUERY_SPREAD,90
2019-06-28 12:03:00.000000000,BEST_BID,"JPM,100360,112"
2019-06-28 12:03:00.000000000,BEST_ASK,"JPM,100686,391"
2019-06-28 12:03:00.000000000,LAST_TRADE,"4,$100360.0000"
2019-06-28 12:03:00.000000000,QUERY_SPREAD,91
2019-06-28 12:03:00.000000000,BEST_BID,"JPM,100360,109"
2019-06-28 12:03:00.000000000,BEST_ASK,"JPM,100686,391"
2019-06-28 12:03:00.000000000,LAST_TRADE,"3,$100360.0000"
2019-06-28 12:03:00.000000000,QUERY_SPREAD,92
2019-06-28 12:03:00.000000000,BEST_BID,"JPM,100360,104"
2019-06-28 12:03:00.000000000,BEST_ASK,"JPM,100686,391"
2019-06-28 12:03:00.000000000,LAST_TRADE,"5,$100360.0000"
2019-06-28 12:03:00.000000000,QUERY_SPREAD,93
2019-06-28 12:03:00.000000000,BEST_BID,"JPM,100360,97"
2019-06-28 12:03:00.000000000,BEST_ASK,"JPM,100686,391"
2019-06-28 12:03:00.000000000,LAST_TRADE,"7,$100360.0000"
2019-06-28 12:03:00.000000000,QUERY_SPREAD,94
2019-06-28 12:03:00.000000000,BEST_BID,"JPM,100360,96"
2019-06-28 12:03:00.000000000,BEST_ASK,"JPM,100686,391"
2019-06-28 12:03:00.000000000,LAST_TRADE,"1,$100360.0000"
2019-06-28 12:03:00.000000000,QUERY_SPREAD,95
2019-06-28 12:03:00.000000000,BEST_BID,"JPM,100360,95"
2019-06-28 12:03:00.000000000,BEST_ASK,"JPM,100686,391"
2019-06-28 12:03:00.000000000,LAST_TRADE,"1,$100360.0000"
2019-06-28 12:03:00.000000000,QUERY_SPREAD,96
2019-06-28 12:03:00.000000000,BEST_BID,"JPM,100360,91"
2019-06-28 12:03:00.000000000,BEST_ASK,"JPM,100686,391"
2019-06-28 12:03:00.000000000,LAST_TRADE,"4,$100360.0000"
2019-06-28 12:03:00.000000000,QUERY_SPREAD,97
2019-06-28 12:03:00.000000000,BEST_BID,"JPM,100360,88"
2019-06-28 12:03:00.000000000,BEST_ASK,"JPM,100686,391"
2019-06-28 12:03:00.000000000,LAST_TRADE,"3,$100360.0000"
2019-06-28 12:03:00.000000000,QUERY_SPREAD,98
2019-06-28 12:03:00.000000000,BEST_BID,"JPM,100360,83"
2019-06-28 12:03:00.000000000,BEST_ASK,"JPM,100686,391"
2019-06-28 12:03:00.000000000,LAST_TRADE,"5,$100360.0000"
2019-06-28 12:03:00.000000000,QUERY_SPREAD,99
2019-06-28 12:03:00.000000000,BEST_BID,"JPM,100360,79"
2019-06-28 12:03:00.000000000,BEST_ASK,"JPM,100686,391"
2019-06-28 12:03:00.000000000,LAST_TRADE,"4,$100360.0000"
2019-06-28 12:03:00.000000000,QUERY_SPREAD,100
2019-06-28 12:03:00.000000000,BEST_BID,"JPM,100360,74"
2019-06-28 12:03:00.000000000,BEST_ASK,"JPM,100686,391"
2019-06-28 12:03:00.000000000,LAST_TRADE,"5,$100360.0000"
2019-06-28 12:03:00.000000000,QUERY_SPREAD,101
2019-06-28 12:03:00.000000000,BEST_BID,"JPM,100360,74"
2019-06-28 12:03:00.000000000,BEST_ASK,"JPM,100686,390"
2019-06-28 12:03:00.000000000,LAST_TRADE,"1,$100686.0000"
2019-06-28 12:03:10.000000000,QUERY_SPREAD,1
2019-06-28 12:03:10.000000000,BEST_BID,"JPM,100359,286"
2019-06-28 12:03:10.000000000,BEST_ASK,"JPM,100686,297"
2019-06-28 12:03:10.000000000,BEST_BID,"JPM,100359,286"
2019-06-28 12:03:10.000000000,BEST_ASK,"JPM,100686,297"
2019-06-28 12:03:10.000000000,BEST_BID,"JPM,100359,286"
2019-06-28 12:03:10.000000000,BEST_ASK,"JPM,100686,483"
2019-06-28 12:03:10.000000000,BEST_BID,"JPM,100359,286"
2019-06-28 12:03:10.000000000,BEST_ASK,"JPM,100686,483"
2019-06-28 12:03:19.372198581,QUERY_SPREAD,47
2019-06-28 12:03:19.372198581,BEST_BID,"JPM,100359,286"
2019-06-28 12:03:19.372198581,BEST_ASK,"JPM,100418,100"
2019-06-28 12:03:20.000000000,QUERY_SPREAD,1
2019-06-28 12:03:20.000000000,BEST_BID,"JPM,100359,226"
2019-06-28 12:03:20.000000000,BEST_ASK,"JPM,100418,100"
2019-06-28 12:03:20.000000000,BEST_BID,"JPM,100359,226"
2019-06-28 12:03:20.000000000,BEST_ASK,"JPM,100418,100"
2019-06-28 12:03:20.000000000,BEST_BID,"JPM,100359,226"
2019-06-28 12:03:20.000000000,BEST_ASK,"JPM,100418,100"
2019-06-28 12:03:20.000000000,BEST_BID,"JPM,100359,226"
2019-06-28 12:03:20.000000000,BEST_ASK,"JPM,100418,226"
2019-06-28 12:03:20.000000000,BEST_BID,"JPM,100359,226"
2019-06-28 12:03:20.000000000,BEST_ASK,"JPM,100418,226"
2019-06-28 12:03:20.000000000,BEST_BID,"JPM,100359,226"
2019-06-28 12:03:20.000000000,BEST_ASK,"JPM,100418,226"
2019-06-28 12:03:22.259395700,QUERY_SPREAD,20
2019-06-28 12:03:22.259395700,BEST_BID,"JPM,100359,226"
2019-06-28 12:03:22.259395700,BEST_ASK,"JPM,100418,226"
2019-06-28 12:03:22.772895926,QUERY_SPREAD,11
2019-06-28 12:03:22.772895926,BEST_BID,"JPM,100359,226"
2019-06-28 12:03:22.772895926,BEST_ASK,"JPM,100418,226"
2019-06-28 12:03:30.000000000,QUERY_SPREAD,1
2019-06-28 12:03:30.000000000,BEST_BID,"JPM,100359,174"
2019-06-28 12:03:30.000000000,BEST_ASK,"JPM,100418,100"
2019-06-28 12:03:30.000000000,BEST_BID,"JPM,100359,174"
2019-06-28 12:03:30.000000000,BEST_ASK,"JPM,100418,100"
2019-06-28 12:03:30.000000000,BEST_BID,"JPM,100359,174"
2019-06-28 12:03:30.000000000,BEST_ASK,"JPM,100418,100"
2019-06-28 12:03:30.000000000,BEST_BID,"JPM,100359,174"
2019-06-28 12:03:30.000000000,BEST_ASK,"JPM,100418,100"
2019-06-28 12:03:30.000000000,BEST_BID,"JPM,100359,174"
2019-06-28 12:03:30.000000000,BEST_ASK,"JPM,100418,100"
2019-06-28 12:03:30.000000000,BEST_BID,"JPM,100359,174"
2019-06-28 12:03:30.000000000,BEST_ASK,"JPM,100418,174"
2019-06-28 12:03:30.000000000,BEST_BID,"JPM,100359,174"
2019-06-28 12:03:30.000000000,BEST_ASK,"JPM,100418,174"
2019-06-28 12:03:30.000000000,BEST_BID,"JPM,100359,174"
2019-06-28 12:03:30.000000000,BEST_ASK,"JPM,100418,174"
2019-06-28 12:03:30.000000000,BEST_BID,"JPM,100359,174"
2019-06-28 12:03:30.000000000,BEST_ASK,"JPM,100418,174"
2019-06-28 12:03:30.000000000,BEST_BID,"JPM,100359,174"
2019-06-28 12:03:30.000000000,BEST_ASK,"JPM,100418,174"
2019-06-28 12:03:40.000000000,QUERY_SPREAD,1
2019-06-28 12:03:40.000000000,BEST_BID,"JPM,100359,174"
2019-06-28 12:03:40.000000000,BEST_ASK,"JPM,100418,100"
2019-06-28 12:03:40.000000000,BEST_BID,"JPM,100359,174"
2019-06-28 12:03:40.000000000,BEST_ASK,"JPM,100418,100"
2019-06-28 12:03:40.000000000,BEST_BID,"JPM,100359,174"
2019-06-28 12:03:40.000000000,BEST_ASK,"JPM,100418,100"
2019-06-28 12:03:40.000000000,BEST_BID,"JPM,100359,174"
2019-06-28 12:03:40.000000000,BEST_ASK,"JPM,100418,100"
2019-06-28 12:03:40.000000000,BEST_BID,"JPM,100359,174"
2019-06-28 12:03:40.000000000,BEST_ASK,"JPM,100418,100"
2019-06-28 12:03:40.000000000,BEST_BID,"JPM,100359,174"
2019-06-28 12:03:40.000000000,BEST_ASK,"JPM,100418,174"
2019-06-28 12:03:40.000000000,BEST_BID,"JPM,100359,174"
2019-06-28 12:03:40.000000000,BEST_ASK,"JPM,100418,174"
2019-06-28 12:03:40.000000000,BEST_BID,"JPM,100359,174"
2019-06-28 12:03:40.000000000,BEST_ASK,"JPM,100418,174"
2019-06-28 12:03:40.000000000,BEST_BID,"JPM,100359,174"
2019-06-28 12:03:40.000000000,BEST_ASK,"JPM,100418,174"
2019-06-28 12:03:40.000000000,BEST_BID,"JPM,100359,174"
2019-06-28 12:03:40.000000000,BEST_ASK,"JPM,100418,174"
2019-06-28 12:03:42.569051590,QUERY_SPREAD,8
2019-06-28 12:03:42.569051590,BEST_BID,"JPM,100359,174"
2019-06-28 12:03:42.569051590,BEST_ASK,"JPM,100404,100"
2019-06-28 12:03:50.000000000,QUERY_SPREAD,1
2019-06-28 12:03:50.000000000,BEST_BID,"JPM,100359,174"
2019-06-28 12:03:50.000000000,BEST_ASK,"JPM,100404,100"
2019-06-28 12:03:50.000000000,BEST_BID,"JPM,100359,174"
2019-06-28 12:03:50.000000000,BEST_ASK,"JPM,100404,100"
2019-06-28 12:03:50.000000000,BEST_BID,"JPM,100359,174"
2019-06-28 12:03:50.000000000,BEST_ASK,"JPM,100404,100"
2019-06-28 12:03:50.000000000,BEST_BID,"JPM,100359,174"
2019-06-28 12:03:50.000000000,BEST_ASK,"JPM,100404,100"
2019-06-28 12:03:50.000000000,BEST_BID,"JPM,100359,174"
2019-06-28 12:03:50.000000000,BEST_ASK,"JPM,100404,100"
2019-06-28 12:03:50.000000000,BEST_BID,"JPM,100359,174"
2019-06-28 12:03:50.000000000,BEST_ASK,"JPM,100404,174"
2019-06-28 12:03:50.000000000,BEST_BID,"JPM,100359,174"
2019-06-28 12:03:50.000000000,BEST_ASK,"JPM,100404,174"
2019-06-28 12:03:50.000000000,BEST_BID,"JPM,100359,174"
2019-06-28 12:03:50.000000000,BEST_ASK,"JPM,100404,174"
2019-06-28 12:03:50.000000000,BEST_BID,"JPM,100359,174"
2019-06-28 12:03:50.000000000,BEST_ASK,"JPM,100404,174"
2019-06-28 12:03:50.000000000,BEST_BID,"JPM,100359,174"
2019-06-28 12:03:50.000000000,BEST_ASK,"JPM,100404,174"
2019-06-28 12:04:00.000000000,QUERY_SPREAD,1
2019-06-28 12:04:00.000000000,BEST_BID,"JPM,100359,226"
2019-06-28 12:04:00.000000000,BEST_ASK,"JPM,100404,100"
2019-06-28 12:04:00.000000000,BEST_BID,"JPM,100359,226"
2019-06-28 12:04:00.000000000,BEST_ASK,"JPM,100404,100"
2019-06-28 12:04:00.000000000,BEST_BID,"JPM,100359,226"
2019-06-28 12:04:00.000000000,BEST_ASK,"JPM,100404,100"
2019-06-28 12:04:00.000000000,BEST_BID,"JPM,100359,226"
2019-06-28 12:04:00.000000000,BEST_ASK,"JPM,100404,226"
2019-06-28 12:04:00.000000000,BEST_BID,"JPM,100359,226"
2019-06-28 12:04:00.000000000,BEST_ASK,"JPM,100404,226"
2019-06-28 12:04:00.000000000,BEST_BID,"JPM,100359,226"
2019-06-28 12:04:00.000000000,BEST_ASK,"JPM,100404,226"
2019-06-28 12:04:00.000000000,QUERY_SPREAD,77
2019-06-28 12:04:00.000000000,BEST_BID,"JPM,100359,221"
2019-06-28 12:04:00.000000000,BEST_ASK,"JPM,100404,226"
2019-06-28 12:04:00.000000000,LAST_TRADE,"5,$100359.0000"
2019-06-28 12:04:00.000000000,QUERY_SPREAD,78
2019-06-28 12:04:00.000000000,BEST_BID,"JPM,100359,213"
2019-06-28 12:04:00.000000000,BEST_ASK,"JPM,100404,226"
2019-06-28 12:04:00.000000000,LAST_TRADE,"8,$100359.0000"
2019-06-28 12:04:00.000000000,QUERY_SPREAD,79
2019-06-28 12:04:00.000000000,BEST_BID,"JPM,100359,208"
2019-06-28 12:04:00.000000000,BEST_ASK,"JPM,100404,226"
2019-06-28 12:04:00.000000000,LAST_TRADE,"5,$100359.0000"
2019-06-28 12:04:00.000000000,QUERY_SPREAD,80
2019-06-28 12:04:00.000000000,BEST_BID,"JPM,100359,200"
2019-06-28 12:04:00.000000000,BEST_ASK,"JPM,100404,226"
2019-06-28 12:04:00.000000000,LAST_TRADE,"8,$100359.0000"
2019-06-28 12:04:00.000000000,QUERY_SPREAD,81
2019-06-28 12:04:00.000000000,BEST_BID,"JPM,100359,191"
2019-06-28 12:04:00.000000000,BEST_ASK,"JPM,100404,226"
2019-06-28 12:04:00.000000000,LAST_TRADE,"9,$100359.0000"
2019-06-28 12:04:00.000000000,QUERY_SPREAD,82
2019-06-28 12:04:00.000000000,BEST_BID,"JPM,100359,188"
2019-06-28 12:04:00.000000000,BEST_ASK,"JPM,100404,226"
2019-06-28 12:04:00.000000000,LAST_TRADE,"3,$100359.0000"
2019-06-28 12:04:00.000000000,QUERY_SPREAD,83
2019-06-28 12:04:00.000000000,BEST_BID,"JPM,100359,180"
2019-06-28 12:04:00.000000000,BEST_ASK,"JPM,100404,226"
2019-06-28 12:04:00.000000000,LAST_TRADE,"8,$100359.0000"
2019-06-28 12:04:00.000000000,QUERY_SPREAD,84
2019-06-28 12:04:00.000000000,BEST_BID,"JPM,100359,176"
2019-06-28 12:04:00.000000000,BEST_ASK,"JPM,100404,226"
2019-06-28 12:04:00.000000000,LAST_TRADE,"4,$100359.0000"
2019-06-28 12:04:00.000000000,QUERY_SPREAD,85
2019-06-28 12:04:00.000000000,BEST_BID,"JPM,100359,171"
2019-06-28 12:04:00.000000000,BEST_ASK,"JPM,100404,226"
2019-06-28 12:04:00.000000000,LAST_TRADE,"5,$100359.0000"
2019-06-28 12:04:00.000000000,QUERY_SPREAD,86
2019-06-28 12:04:00.000000000,BEST_BID,"JPM,100359,169"
2019-06-28 12:04:00.000000000,BEST_ASK,"JPM,100404,226"
2019-06-28 12:04:00.000000000,LAST_TRADE,"2,$100359.0000"
2019-06-28 12:04:00.000000000,QUERY_SPREAD,87
2019-06-28 12:04:00.000000000,BEST_BID,"JPM,100359,162"
2019-06-28 12:04:00.000000000,BEST_ASK,"JPM,100404,226"
2019-06-28 12:04:00.000000000,LAST_TRADE,"7,$100359.0000"
2019-06-28 12:04:00.000000000,QUERY_SPREAD,88
2019-06-28 12:04:00.000000000,BEST_BID,"JPM,100359,154"
2019-06-28 12:04:00.000000000,BEST_ASK,"JPM,100404,226"
2019-06-28 12:04:00.000000000,LAST_TRADE,"8,$100359.0000"
2019-06-28 12:04:00.000000000,QUERY_SPREAD,89
2019-06-28 12:04:00.000000000,BEST_BID,"JPM,100359,149"
2019-06-28 12:04:00.000000000,BEST_ASK,"JPM,100404,226"
2019-06-28 12:04:00.000000000,LAST_TRADE,"5,$100359.0000"
2019-06-28 12:04:00.000000000,QUERY_SPREAD,90
2019-06-28 12:04:00.000000000,BEST_BID,"JPM,100359,145"
2019-06-28 12:04:00.000000000,BEST_ASK,"JPM,100404,226"
2019-06-28 12:04:00.000000000,LAST_TRADE,"4,$100359.0000"
2019-06-28 12:04:00.000000000,QUERY_SPREAD,91
2019-06-28 12:04:00.000000000,BEST_BID,"JPM,100359,142"
2019-06-28 12:04:00.000000000,BEST_ASK,"JPM,100404,226"
2019-06-28 12:04:00.000000000,LAST_TRADE,"3,$100359.0000"
2019-06-28 12:04:00.000000000,QUERY_SPREAD,92
2019-06-28 12:04:00.000000000,BEST_BID,"JPM,100359,137"
2019-06-28 12:04:00.000000000,BEST_ASK,"JPM,100404,226"
2019-06-28 12:04:00.000000000,LAST_TRADE,"5,$100359.0000"
2019-06-28 12:04:00.000000000,QUERY_SPREAD,93
2019-06-28 12:04:00.000000000,BEST_BID,"JPM,100359,130"
2019-06-28 12:04:00.000000000,BEST_ASK,"JPM,100404,226"
2019-06-28 12:04:00.000000000,LAST_TRADE,"7,$100359.0000"
2019-06-28 12:04:00.000000000,QUERY_SPREAD,94
2019-06-28 12:04:00.000000000,BEST_BID,"JPM,100359,129"
2019-06-28 12:04:00.000000000,BEST_ASK,"JPM,100404,226"
2019-06-28 12:04:00.000000000,LAST_TRADE,"1,$100359.0000"
2019-06-28 12:04:00.000000000,QUERY_SPREAD,95
2019-06-28 12:04:00.000000000,BEST_BID,"JPM,100359,128"
2019-06-28 12:04:00.000000000,BEST_ASK,"JPM,100404,226"
2019-06-28 12:04:00.000000000,LAST_TRADE,"1,$100359.0000"
2019-06-28 12:04:00.000000000,QUERY_SPREAD,96
2019-06-28 12:04:00.000000000,BEST_BID,"JPM,100359,124"
2019-06-28 12:04:00.000000000,BEST_ASK,"JPM,100404,226"
2019-06-28 12:04:00.000000000,LAST_TRADE,"4,$100359.0000"
2019-06-28 12:04:00.000000000,QUERY_SPREAD,97
2019-06-28 12:04:00.000000000,BEST_BID,"JPM,100359,121"
2019-06-28 12:04:00.000000000,BEST_ASK,"JPM,100404,226"
2019-06-28 12:04:00.000000000,LAST_TRADE,"3,$100359.0000"
2019-06-28 12:04:00.000000000,QUERY_SPREAD,98
2019-06-28 12:04:00.000000000,BEST_BID,"JPM,100359,116"
2019-06-28 12:04:00.000000000,BEST_ASK,"JPM,100404,226"
2019-06-28 12:04:00.000000000,LAST_TRADE,"5,$100359.0000"
2019-06-28 12:04:00.000000000,QUERY_SPREAD,99
2019-06-28 12:04:00.000000000,BEST_BID,"JPM,100359,112"
2019-06-28 12:04:00.000000000,BEST_ASK,"JPM,100404,226"
2019-06-28 12:04:00.000000000,LAST_TRADE,"4,$100359.0000"
2019-06-28 12:04:00.000000000,QUERY_SPREAD,100
2019-06-28 12:04:00.000000000,BEST_BID,"JPM,100359,107"
2019-06-28 12:04:00.000000000,BEST_ASK,"JPM,100404,226"
2019-06-28 12:04:00.000000000,LAST_TRADE,"5,$100359.0000"
2019-06-28 12:04:00.000000000,QUERY_SPREAD,101
2019-06-28 12:04:00.000000000,BEST_BID,"JPM,100359,107"
2019-06-28 12:04:00.000000000,BEST_ASK,"JPM,100404,225"
2019-06-28 12:04:00.000000000,LAST_TRADE,"1,$100404.0000"
2019-06-28 12:04:10.000000000,QUERY_SPREAD,1
2019-06-28 12:04:10.000000000,BEST_BID,"JPM,100248,471"
2019-06-28 12:04:10.000000000,BEST_ASK,"JPM,100404,99"
2019-06-28 12:04:10.000000000,BEST_BID,"JPM,100248,471"
2019-06-28 12:04:10.000000000,BEST_ASK,"JPM,100404,470"
2019-06-28 12:04:20.000000000,QUERY_SPREAD,1
2019-06-28 12:04:20.000000000,BEST_BID,"JPM,100248,226"
2019-06-28 12:04:20.000000000,BEST_ASK,"JPM,100404,99"
2019-06-28 12:04:20.000000000,BEST_BID,"JPM,100248,226"
2019-06-28 12:04:20.000000000,BEST_ASK,"JPM,100404,99"
2019-06-28 12:04:20.000000000,BEST_BID,"JPM,100248,226"
2019-06-28 12:04:20.000000000,BEST_ASK,"JPM,100404,99"
2019-06-28 12:04:20.000000000,BEST_BID,"JPM,100248,226"
2019-06-28 12:04:20.000000000,BEST_ASK,"JPM,100404,225"
2019-06-28 12:04:20.000000000,BEST_BID,"JPM,100248,226"
2019-06-28 12:04:20.000000000,BEST_ASK,"JPM,100404,225"
2019-06-28 12:04:20.000000000,BEST_BID,"JPM,100248,226"
2019-06-28 12:04:20.000000000,BEST_ASK,"JPM,100404,225"
2019-06-28 12:04:20.865990764,QUERY_ORDER_STREAM,71
2019-06-28 12:04:20.865990764,QUERY_SPREAD,71
2019-06-28 12:04:20.865990764,BEST_BID,"JPM,100359,100"
2019-06-28 12:04:20.865990764,BEST_ASK,"JPM,100404,225"
2019-06-28 12:04:23.079877427,QUERY_SPREAD,21
2019-06-28 12:04:23.079877427,BEST_BID,"JPM,100248,226"
2019-06-28 12:04:23.079877427,BEST_ASK,"JPM,100404,225"
2019-06-28 12:04:23.079877427,LAST_TRADE,"100,$100359.0000"
2019-06-28 12:04:30.000000000,QUERY_SPREAD,1
2019-06-28 12:04:30.000000000,BEST_BID,"JPM,100248,193"
2019-06-28 12:04:30.000000000,BEST_ASK,"JPM,100404,99"
2019-06-28 12:04:30.000000000,BEST_BID,"JPM,100248,193"
2019-06-28 12:04:30.000000000,BEST_ASK,"JPM,100404,99"
2019-06-28 12:04:30.000000000,BEST_BID,"JPM,100248,193"
2019-06-28 12:04:30.000000000,BEST_ASK,"JPM,100404,99"
2019-06-28 12:04:30.000000000,BEST_BID,"JPM,100248,193"
2019-06-28 12:04:30.000000000,BEST_ASK,"JPM,100404,99"
2019-06-28 12:04:30.000000000,BEST_BID,"JPM,100248,193"
2019-06-28 12:04:30.000000000,BEST_ASK,"JPM,100404,192"
2019-06-28 12:04:30.000000000,BEST_BID,"JPM,100248,193"
2019-06-28 12:04:30.000000000,BEST_ASK,"JPM,100404,192"
2019-06-28 12:04:30.000000000,BEST_BID,"JPM,100248,193"
2019-06-28 12:04:30.000000000,BEST_ASK,"JPM,100404,192"
2019-06-28 12:04:30.000000000,BEST_BID,"JPM,100248,193"
2019-06-28 12:04:30.000000000,BEST_ASK,"JPM,100404,192"
2019-06-28 12:04:38.075744285,QUERY_SPREAD,47
2019-06-28 12:04:38.075744285,BEST_BID,"JPM,100248,193"
2019-06-28 12:04:38.075744285,BEST_ASK,"JPM,100339,100"
2019-06-28 12:04:40.000000000,QUERY_SPREAD,1
2019-06-28 12:04:40.000000000,BEST_BID,"JPM,100248,286"
2019-06-28 12:04:40.000000000,BEST_ASK,"JPM,100339,100"
2019-06-28 12:04:40.000000000,BEST_BID,"JPM,100248,286"
2019-06-28 12:04:40.000000000,BEST_ASK,"JPM,100339,100"
2019-06-28 12:04:40.000000000,BEST_BID,"JPM,100248,286"
2019-06-28 12:04:40.000000000,BEST_ASK,"JPM,100339,286"
2019-06-28 12:04:40.000000000,BEST_BID,"JPM,100248,286"
2019-06-28 12:04:40.000000000,BEST_ASK,"JPM,100339,286"
2019-06-28 12:04:50.000000000,QUERY_SPREAD,1
2019-06-28 12:04:50.000000000,BEST_BID,"JPM,100248,193"
2019-06-28 12:04:50.000000000,BEST_ASK,"JPM,100339,100"
2019-06-28 12:04:50.000000000,BEST_BID,"JPM,100248,193"
2019-06-28 12:04:50.000000000,BEST_ASK,"JPM,100339,100"
2019-06-28 12:04:50.000000000,BEST_BID,"JPM,100248,193"
2019-06-28 12:04:50.000000000,BEST_ASK,"JPM,100339,100"
2019-06-28 12:04:50.000000000,BEST_BID,"JPM,100248,193"
2019-06-28 12:04:50.000000000,BEST_ASK,"JPM,100339,100"
2019-06-28 12:04:50.000000000,BEST_BID,"JPM,100248,193"
2019-06-28 12:04:50.000000000,BEST_ASK,"JPM,100339,193"
2019-06-28 12:04:50.000000000,BEST_BID,"JPM,100248,193"
2019-06-28 12:04:50.000000000,BEST_ASK,"JPM,100339,193"
2019-06-28 12:04:50.000000000,BEST_BID,"JPM,100248,193"
2019-06-28 12:04:50.000000000,BEST_ASK,"JPM,100339,193"
2019-06-28 12:04:50.000000000,BEST_BID,"JPM,100248,193"
2019-06-28 12:04:50.000000000,BEST_ASK,"JPM,100339,193"
2019-06-28 12:05:00.000000000,QUERY_SPREAD,1
2019-06-28 12:05:00.000000000,BEST_BID,"JPM,100248,174"
2019-06-28 12:05:00.000000000,BEST_ASK,"JPM,100339,100"
2019-06-28 12:05:00.000000000,BEST_BID,"JPM,100248,174"
2019-06-28 12:05:00.000000000,BEST_ASK,"JPM,100339,100"
2019-06-28 12:05:00.000000000,BEST_BID,"JPM,100248,174"
2019-06-28 12:05:00.000000000,BEST_ASK,"JPM,100339,100"
2019-06-28 12:05:00.000000000,BEST_BID,"JPM,100248,174"
2019-06-28 12:05:00.000000000,BEST_ASK,"JPM,100339,100"
2019-06-28 12:05:00.000000000,BEST_BID,"JPM,100248,174"
2019-06-28 12:05:00.000000000,BEST_ASK,"JPM,100339,100"
2019-06-28 12:05:00.000000000,BEST_BID,"JPM,100248,174"
2019-06-28 12:05:00.000000000,BEST_ASK,"JPM,100339,174"
2019-06-28 12:05:00.000000000,BEST_BID,"JPM,100248,174"
2019-06-28 12:05:00.000000000,BEST_ASK,"JPM,100339,174"
2019-06-28 12:05:00.000000000,BEST_BID,"JPM,100248,174"
2019-06-28 12:05:00.000000000,BEST_ASK,"JPM,100339,174"
2019-06-28 12:05:00.000000000,BEST_BID,"JPM,100248,174"
2019-06-28 12:05:00.000000000,BEST_ASK,"JPM,100339,174"
2019-06-28 12:05:00.000000000,BEST_BID,"JPM,100248,174"
2019-06-28 12:05:00.000000000,BEST_ASK,"JPM,100339,174"
2019-06-28 12:05:00.000000000,QUERY_SPREAD,77
2019-06-28 12:05:00.000000000,BEST_BID,"JPM,100248,169"
2019-06-28 12:05:00.000000000,BEST_ASK,"JPM,100339,174"
2019-06-28 12:05:00.000000000,LAST_TRADE,"5,$100248.0000"
2019-06-28 12:05:00.000000000,QUERY_SPREAD,78
2019-06-28 12:05:00.000000000,BEST_BID,"JPM,100248,161"
2019-06-28 12:05:00.000000000,BEST_ASK,"JPM,100339,174"
2019-06-28 12:05:00.000000000,LAST_TRADE,"8,$100248.0000"
2019-06-28 12:05:00.000000000,QUERY_SPREAD,79
2019-06-28 12:05:00.000000000,BEST_BID,"JPM,100248,156"
2019-06-28 12:05:00.000000000,BEST_ASK,"JPM,100339,174"
2019-06-28 12:05:00.000000000,LAST_TRADE,"5,$100248.0000"
2019-06-28 12:05:00.000000000,QUERY_SPREAD,80
2019-06-28 12:05:00.000000000,BEST_BID,"JPM,100248,148"
2019-06-28 12:05:00.000000000,BEST_ASK,"JPM,100339,174"
2019-06-28 12:05:00.000000000,LAST_TRADE,"8,$100248.0000"
2019-06-28 12:05:00.000000000,QUERY_SPREAD,81
2019-06-28 12:05:00.000000000,BEST_BID,"JPM,100248,139"
2019-06-28 12:05:00.000000000,BEST_ASK,"JPM,100339,174"
2019-06-28 12:05:00.000000000,LAST_TRADE,"9,$100248.0000"
2019-06-28 12:05:00.000000000,QUERY_SPREAD,82
2019-06-28 12:05:00.000000000,BEST_BID,"JPM,100248,136"
2019-06-28 12:05:00.000000000,BEST_ASK,"JPM,100339,174"
2019-06-28 12:05:00.000000000,LAST_TRADE,"3,$100248.0000"
2019-06-28 12:05:00.000000000,QUERY_SPREAD,83
2019-06-28 12:05:00.000000000,BEST_BID,"JPM,100248,128"
2019-06-28 12:05:00.000000000,BEST_ASK,"JPM,100339,174"
2019-06-28 12:05:00.000000000,LAST_TRADE,"8,$100248.0000"
2019-06-28 12:05:00.000000000,QUERY_SPREAD,84
2019-06-28 12:05:00.000000000,BEST_BID,"JPM,100248,124"
2019-06-28 12:05:00.000000000,BEST_ASK,"JPM,100339,174"
2019-06-28 12:05:00.000000000,LAST_TRADE,"4,$100248.0000"
2019-06-28 12:05:00.000000000,QUERY_SPREAD,85
2019-06-28 12:05:00.000000000,BEST_BID,"JPM,100248,119"
2019-06-28 12:05:00.000000000,BEST_ASK,"JPM,100339,174"
2019-06-28 12:05:00.000000000,LAST_TRADE,"5,$100248.0000"
2019-06-28 12:05:00.000000000,QUERY_SPREAD,86
2019-06-28 12:05:00.000000000,BEST_BID,"JPM,100248,117"
2019-06-28 12:05:00.000000000,BEST_ASK,"JPM,100339,174"
2019-06-28 12:05:00.000000000,LAST_TRADE,"2,$100248.0000"
2019-06-28 12:05:00.000000000,QUERY_SPREAD,87
2019-06-28 12:05:00.000000000,BEST_BID,"JPM,100248,110"
2019-06-28 12:05:00.000000000,BEST_ASK,"JPM,100339,174"
2019-06-28 12:05:00.000000000,LAST_TRADE,"7,$100248.0000"
2019-06-28 12:05:00.000000000,QUERY_SPREAD,88
2019-06-28 12:05:00.000000000,BEST_BID,"JPM,100248,102"
2019-06-28 12:05:00.000000000,BEST_ASK,"JPM,100339,174"
2019-06-28 12:05:00.000000000,LAST_TRADE,"8,$100248.0000"
2019-06-28 12:05:00.000000000,QUERY_SPREAD,89
2019-06-28 12:05:00.000000000,BEST_BID,"JPM,100248,97"
2019-06-28 12:05:00.000000000,BEST_ASK,"JPM,100339,174"
2019-06-28 12:05:00.000000000,LAST_TRADE,"5,$100248.0000"
2019-06-28 12:05:00.000000000,QUERY_SPREAD,90
2019-06-28 12:05:00.000000000,BEST_BID,"JPM,100248,93"
2019-06-28 12:05:00.000000000,BEST_ASK,"JPM,100339,174"
2019-06-28 12:05:00.000000000,LAST_TRADE,"4,$100248.0000"
2019-06-28 12:05:00.000000000,QUERY_SPREAD,91
2019-06-28 12:05:00.000000000,BEST_BID,"JPM,100248,90"
2019-06-28 12:05:00.000000000,BEST_ASK,"JPM,100339,174"
2019-06-28 12:05:00.000000000,LAST_TRADE,"3,$100248.0000"
2019-06-28 12:05:00.000000000,QUERY_SPREAD,92
2019-06-28 12:05:00.000000000,BEST_BID,"JPM,100248,85"
2019-06-28 12:05:00.000000000,BEST_ASK,"JPM,100339,174"
2019-06-28 12:05:00.000000000,LAST_TRADE,"5,$100248.0000"
2019-06-28 12:05:00.000000000,QUERY_SPREAD,93
2019-06-28 12:05:00.000000000,BEST_BID,"JPM,100248,78"
2019-06-28 12:05:00.000000000,BEST_ASK,"JPM,100339,174"
2019-06-28 12:05:00.000000000,LAST_TRADE,"7,$100248.0000"
2019-06-28 12:05:00.000000000,QUERY_SPREAD,94
2019-06-28 12:05:00.000000000,BEST_BID,"JPM,100248,77"
2019-06-28 12:05:00.000000000,BEST_ASK,"JPM,100339,174"
2019-06-28 12:05:00.000000000,LAST_TRADE,"1,$100248.0000"
2019-06-28 12:05:00.000000000,QUERY_SPREAD,95
2019-06-28 12:05:00.000000000,BEST_BID,"JPM,100248,76"
2019-06-28 12:05:00.000000000,BEST_ASK,"JPM,100339,174"
2019-06-28 12:05:00.000000000,LAST_TRADE,"1,$100248.0000"
2019-06-28 12:05:00.000000000,QUERY_SPREAD,96
2019-06-28 12:05:00.000000000,BEST_BID,"JPM,100248,72"
2019-06-28 12:05:00.000000000,BEST_ASK,"JPM,100339,174"
2019-06-28 12:05:00.000000000,LAST_TRADE,"4,$100248.0000"
2019-06-28 12:05:00.000000000,QUERY_SPREAD,97
2019-06-28 12:05:00.000000000,BEST_BID,"JPM,100248,69"
2019-06-28 12:05:00.000000000,BEST_ASK,"JPM,100339,174"
2019-06-28 12:05:00.000000000,LAST_TRADE,"3,$100248.0000"
2019-06-28 12:05:00.000000000,QUERY_SPREAD,98
2019-06-28 12:05:00.000000000,BEST_BID,"JPM,100248,64"
2019-06-28 12:05:00.000000000,BEST_ASK,"JPM,100339,174"
2019-06-28 12:05:00.000000000,LAST_TRADE,"5,$100248.0000"
2019-06-28 12:05:00.000000000,QUERY_SPREAD,99
2019-06-28 12:05:00.000000000,BEST_BID,"JPM,100248,60"
2019-06-28 12:05:00.000000000,BEST_ASK,"JPM,100339,174"
2019-06-28 12:05:00.000000000,LAST_TRADE,"4,$100248.0000"
2019-06-28 12:05:00.000000000,QUERY_SPREAD,100
2019-06-28 12:05:00.000000000,BEST_BID,"JPM,100248,55"
2019-06-28 12:05:00.000000000,BEST_ASK,"JPM,100339,174"
2019-06-28 12:05:00.000000000,LAST_TRADE,"5,$100248.0000"
2019-06-28 12:05:00.000000000,QUERY_SPREAD,101
2019-06-28 12:05:00.000000000,BEST_BID,"JPM,100248,55"
2019-06-28 12:05:00.000000000,BEST_ASK,"JPM,100339,173"
2019-06-28 12:05:00.000000000,LAST_TRADE,"1,$100339.0000"
2019-06-28 12:05:05.414239576,QUERY_SPREAD,17
2019-06-28 12:05:05.414239576,BEST_BID,"JPM,100242,174"
2019-06-28 12:05:05.414239576,BEST_ASK,"JPM,100248,45"
2019-06-28 12:05:05.414239576,LAST_TRADE,"55,$100248.0000"
2019-06-28 12:05:08.997357377,QUERY_ORDER_STREAM,69
2019-06-28 12:05:08.997357377,QUERY_SPREAD,69
2019-06-28 12:05:08.997357377,BEST_BID,"JPM,100242,174"
2019-06-28 12:05:08.997357377,BEST_ASK,"JPM,100248,45"
2019-06-28 12:05:10.000000000,QUERY_SPREAD,1
2019-06-28 12:05:10.000000000,BEST_BID,"JPM,100242,286"
2019-06-28 12:05:10.000000000,BEST_ASK,"JPM,100248,45"
2019-06-28 12:05:10.000000000,BEST_BID,"JPM,100242,286"
2019-06-28 12:05:10.000000000,BEST_ASK,"JPM,100248,45"
2019-06-28 12:05:10.000000000,BEST_BID,"JPM,100242,286"
2019-06-28 12:05:10.000000000,BEST_ASK,"JPM,100248,231"
2019-06-28 12:05:10.000000000,BEST_BID,"JPM,100242,286"
2019-06-28 12:05:10.000000000,BEST_ASK,"JPM,100248,231"
2019-06-28 12:05:13.013731351,QUERY_SPREAD,51
2019-06-28 12:05:13.013731351,BEST_BID,"JPM,100242,286"
2019-06-28 12:05:13.013731351,BEST_ASK,"JPM,100248,231"
2019-06-28 12:05:17.576081543,QUERY_SPREAD,9
2019-06-28 12:05:17.576081543,BEST_BID,"JPM,100242,286"
2019-06-28 12:05:17.576081543,BEST_ASK,"JPM,100248,231"
2019-06-28 12:05:18.394635164,QUERY_ORDER_STREAM,64
2019-06-28 12:05:18.394635164,QUERY_SPREAD,64
2019-06-28 12:05:20.000000000,QUERY_SPREAD,1
2019-06-28 12:05:20.000000000,BEST_BID,"JPM,100242,193"
2019-06-28 12:05:20.000000000,BEST_ASK,"JPM,100248,45"
2019-06-28 12:05:20.000000000,BEST_BID,"JPM,100242,193"
2019-06-28 12:05:20.000000000,BEST_ASK,"JPM,100248,45"
2019-06-28 12:05:20.000000000,BEST_BID,"JPM,100242,193"
2019-06-28 12:05:20.000000000,BEST_ASK,"JPM,100248,45"
2019-06-28 12:05:20.000000000,BEST_BID,"JPM,100242,193"
2019-06-28 12:05:20.000000000,BEST_ASK,"JPM,100248,45"
2019-06-28 12:05:20.000000000,BEST_BID,"JPM,100242,193"
2019-06-28 12:05:20.000000000,BEST_ASK,"JPM,100248,138"
2019-06-28 12:05:20.000000000,BEST_BID,"JPM,100242,193"
2019-06-28 12:05:20.000000000,BEST_ASK,"JPM,100248,138"
2019-06-28 12:05:20.000000000,BEST_BID,"JPM,100242,193"
2019-06-28 12:05:20.000000000,BEST_ASK,"JPM,100248,138"
2019-06-28 12:05:20.000000000,BEST_BID,"JPM,100242,193"
2019-06-28 12:05:20.000000000,BEST_ASK,"JPM,100248,138"
2019-06-28 12:05:30.000000000,QUERY_SPREAD,1
2019-06-28 12:05:30.000000000,BEST_BID,"JPM,100242,193"
2019-06-28 12:05:30.000000000,BEST_ASK,"JPM,100248,45"
2019-06-28 12:05:30.000000000,BEST_BID,"JPM,100242,193"
2019-06-28 12:05:30.000000000,BEST_ASK,"JPM,100248,45"
2019-06-28 12:05:30.000000000,BEST_BID,"JPM,100242,193"
2019-06-28 12:05:30.000000000,BEST_ASK,"JPM,100248,45"
2019-06-28 12:05:30.000000000,BEST_BID,"JPM,100242,193"
2019-06-28 12:05:30.000000000,BEST_ASK,"JPM,100248,45"
2019-06-28 12:05:30.000000000,BEST_BID,"JPM,100242,193"
2019-06-28 12:05:30.000000000,BEST_ASK,"JPM,100248,138"
2019-06-28 12:05:30.000000000,BEST_BID,"JPM,100242,193"
2019-06-28 12:05:30.000000000,BEST_ASK,"JPM,100248,138"
2019-06-28 12:05:30.000000000,BEST_BID,"JPM,100242,193"
2019-06-28 12:05:30.000000000,BEST_ASK,"JPM,100248,138"
2019-06-28 12:05:30.000000000,BEST_BID,"JPM,100242,193"
2019-06-28 12:05:30.000000000,BEST_ASK,"JPM,100248,138"
2019-06-28 12:05:30.039040608,QUERY_SPREAD,30
2019-06-28 12:05:30.039040608,BEST_BID,"JPM,100242,193"
2019-06-28 12:05:30.039040608,BEST_ASK,"JPM,100248,138"
2019-06-28 12:05:38.654735832,QUERY_SPREAD,13
2019-06-28 12:05:38.654735832,BEST_BID,"JPM,100242,193"
2019-06-28 12:05:38.654735832,BEST_ASK,"JPM,100248,38"
2019-06-28 12:05:38.654735832,LAST_TRADE,"100,$100248.0000"
2019-06-28 12:05:40.000000000,QUERY_SPREAD,1
2019-06-28 12:05:40.000000000,BEST_BID,"JPM,100242,471"
2019-06-28 12:05:40.000000000,BEST_ASK,"JPM,100308,100"
2019-06-28 12:05:40.000000000,BEST_BID,"JPM,100242,471"
2019-06-28 12:05:40.000000000,BEST_ASK,"JPM,100308,471"
2019-06-28 12:05:50.000000000,QUERY_SPREAD,1
2019-06-28 12:05:50.000000000,BEST_BID,"JPM,100242,226"
2019-06-28 12:05:50.000000000,BEST_ASK,"JPM,100308,100"
2019-06-28 12:05:50.000000000,BEST_BID,"JPM,100242,226"
2019-06-28 12:05:50.000000000,BEST_ASK,"JPM,100308,100"
2019-06-28 12:05:50.000000000,BEST_BID,"JPM,100242,226"
2019-06-28 12:05:50.000000000,BEST_ASK,"JPM,100308,100"
2019-06-28 12:05:50.000000000,BEST_BID,"JPM,100242,226"
2019-06-28 12:05:50.000000000,BEST_ASK,"JPM,100308,226"
2019-06-28 12:05:50.000000000,BEST_BID,"JPM,100242,226"
2019-06-28 12:05:50.000000000,BEST_ASK,"JPM,100308,226"
2019-06-28 12:05:50.000000000,BEST_BID,"JPM,100242,226"
2019-06-28 12:05:50.000000000,BEST_ASK,"JPM,100308,226"
2019-06-28 12:05:56.328758064,QUERY_SPREAD,42
2019-06-28 12:05:56.328758064,BEST_BID,"JPM,100242,126"
2019-06-28 12:05:56.328758064,BEST_ASK,"JPM,100308,226"
2019-06-28 12:05:56.328758064,LAST_TRADE,"100,$100242.0000"
2019-06-28 12:05:56.675862133,QUERY_SPREAD,9
2019-06-28 12:05:56.675862133,BEST_BID,"JPM,100242,126"
2019-06-28 12:05:56.675862133,BEST_ASK,"JPM,100308,226"
2019-06-28 12:06:00.000000000,QUERY_SPREAD,1
2019-06-28 12:06:00.000000000,BEST_BID,"JPM,100231,226"
2019-06-28 12:06:00.000000000,BEST_ASK,"JPM,100308,100"
2019-06-28 12:06:00.000000000,BEST_BID,"JPM,100231,226"
2019-06-28 12:06:00.000000000,BEST_ASK,"JPM,100308,100"
2019-06-28 12:06:00.000000000,BEST_BID,"JPM,100231,226"
2019-06-28 12:06:00.000000000,BEST_ASK,"JPM,100308,100"
2019-06-28 12:06:00.000000000,BEST_BID,"JPM,100231,226"
2019-06-28 12:06:00.000000000,BEST_ASK,"JPM,100308,226"
2019-06-28 12:06:00.000000000,BEST_BID,"JPM,100231,226"
2019-06-28 12:06:00.000000000,BEST_ASK,"JPM,100308,226"
2019-06-28 12:06:00.000000000,BEST_BID,"JPM,100231,226"
2019-06-28 12:06:00.000000000,BEST_ASK,"JPM,100308,226"
2019-06-28 12:06:00.000000000,QUERY_SPREAD,77
2019-06-28 12:06:00.000000000,BEST_BID,"JPM,100231,221"
2019-06-28 12:06:00.000000000,BEST_ASK,"JPM,100308,226"
2019-06-28 12:06:00.000000000,LAST_TRADE,"5,$100231.0000"
2019-06-28 12:06:00.000000000,QUERY_SPREAD,78
2019-06-28 12:06:00.000000000,BEST_BID,"JPM,100231,213"
2019-06-28 12:06:00.000000000,BEST_ASK,"JPM,100308,226"
2019-06-28 12:06:00.000000000,LAST_TRADE,"8,$100231.0000"
2019-06-28 12:06:00.000000000,QUERY_SPREAD,79
2019-06-28 12:06:00.000000000,BEST_BID,"JPM,100231,208"
2019-06-28 12:06:00.000000000,BEST_ASK,"JPM,100308,226"
2019-06-28 12:06:00.000000000,LAST_TRADE,"5,$100231.0000"
2019-06-28 12:06:00.000000000,QUERY_SPREAD,80
2019-06-28 12:06:00.000000000,BEST_BID,"JPM,100231,200"
2019-06-28 12:06:00.000000000,BEST_ASK,"JPM,100308,226"
2019-06-28 12:06:00.000000000,LAST_TRADE,"8,$100231.0000"
2019-06-28 12:06:00.000000000,QUERY_SPREAD,81
2019-06-28 12:06:00.000000000,BEST_BID,"JPM,100231,191"
2019-06-28 12:06:00.000000000,BEST_ASK,"JPM,100308,226"
2019-06-28 12:06:00.000000000,LAST_TRADE,"9,$100231.0000"
2019-06-28 12:06:00.000000000,QUERY_SPREAD,82
2019-06-28 12:06:00.000000000,BEST_BID,"JPM,100231,188"
2019-06-28 12:06:00.000000000,BEST_ASK,"JPM,100308,226"
2019-06-28 12:06:00.000000000,LAST_TRADE,"3,$100231.0000"
2019-06-28 12:06:00.000000000,QUERY_SPREAD,83
2019-06-28 12:06:00.000000000,BEST_BID,"JPM,100231,180"
2019-06-28 12:06:00.000000000,BEST_ASK,"JPM,100308,226"
2019-06-28 12:06:00.000000000,LAST_TRADE,"8,$100231.0000"
2019-06-28 12:06:00.000000000,QUERY_SPREAD,84
2019-06-28 12:06:00.000000000,BEST_BID,"JPM,100231,176"
2019-06-28 12:06:00.000000000,BEST_ASK,"JPM,100308,226"
2019-06-28 12:06:00.000000000,LAST_TRADE,"4,$100231.0000"
2019-06-28 12:06:00.000000000,QUERY_SPREAD,85
2019-06-28 12:06:00.000000000,BEST_BID,"JPM,100231,171"
2019-06-28 12:06:00.000000000,BEST_ASK,"JPM,100308,226"
2019-06-28 12:06:00.000000000,LAST_TRADE,"5,$100231.0000"
2019-06-28 12:06:00.000000000,QUERY_SPREAD,86
2019-06-28 12:06:00.000000000,BEST_BID,"JPM,100231,169"
2019-06-28 12:06:00.000000000,BEST_ASK,"JPM,100308,226"
2019-06-28 12:06:00.000000000,LAST_TRADE,"2,$100231.0000"
2019-06-28 12:06:00.000000000,QUERY_SPREAD,87
2019-06-28 12:06:00.000000000,BEST_BID,"JPM,100231,162"
2019-06-28 12:06:00.000000000,BEST_ASK,"JPM,100308,226"
2019-06-28 12:06:00.000000000,LAST_TRADE,"7,$100231.0000"
2019-06-28 12:06:00.000000000,QUERY_SPREAD,88
2019-06-28 12:06:00.000000000,BEST_BID,"JPM,100231,154"
2019-06-28 12:06:00.000000000,BEST_ASK,"JPM,100308,226"
2019-06-28 12:06:00.000000000,LAST_TRADE,"8,$100231.0000"
2019-06-28 12:06:00.000000000,QUERY_SPREAD,89
2019-06-28 12:06:00.000000000,BEST_BID,"JPM,100231,149"
2019-06-28 12:06:00.000000000,BEST_ASK,"JPM,100308,226"
2019-06-28 12:06:00.000000000,LAST_TRADE,"5,$100231.0000"
2019-06-28 12:06:00.000000000,QUERY_SPREAD,90
2019-06-28 12:06:00.000000000,BEST_BID,"JPM,100231,145"
2019-06-28 12:06:00.000000000,BEST_ASK,"JPM,100308,226"
2019-06-28 12:06:00.000000000,LAST_TRADE,"4,$100231.0000"
2019-06-28 12:06:00.000000000,QUERY_SPREAD,91
2019-06-28 12:06:00.000000000,BEST_BID,"JPM,100231,142"
2019-06-28 12:06:00.000000000,BEST_ASK,"JPM,100308,226"
2019-06-28 12:06:00.000000000,LAST_TRADE,"3,$100231.0000"
2019-06-28 12:06:00.000000000,QUERY_SPREAD,92
2019-06-28 12:06:00.000000000,BEST_BID,"JPM,100231,137"
2019-06-28 12:06:00.000000000,BEST_ASK,"JPM,100308,226"
2019-06-28 12:06:00.000000000,LAST_TRADE,"5,$100231.0000"
2019-06-28 12:06:00.000000000,QUERY_SPREAD,93
2019-06-28 12:06:00.000000000,BEST_BID,"JPM,100231,130"
2019-06-28 12:06:00.000000000,BEST_ASK,"JPM,100308,226"
2019-06-28 12:06:00.000000000,LAST_TRADE,"7,$100231.0000"
2019-06-28 12:06:00.000000000,QUERY_SPREAD,94
2019-06-28 12:06:00.000000000,BEST_BID,"JPM,100231,129"
2019-06-28 12:06:00.000000000,BEST_ASK,"JPM,100308,226"
2019-06-28 12:06:00.000000000,LAST_TRADE,"1,$100231.0000"
2019-06-28 12:06:00.000000000,QUERY_SPREAD,95
2019-06-28 12:06:00.000000000,BEST_BID,"JPM,100231,128"
2019-06-28 12:06:00.000000000,BEST_ASK,"JPM,100308,226"
2019-06-28 12:06:00.000000000,LAST_TRADE,"1,$100231.0000"
2019-06-28 12:06:00.000000000,QUERY_SPREAD,96
2019-06-28 12:06:00.000000000,BEST_BID,"JPM,100231,124"
2019-06-28 12:06:00.000000000,BEST_ASK,"JPM,100308,226"
2019-06-28 12:06:00.000000000,LAST_TRADE,"4,$100231.0000"
2019-06-28 12:06:00.000000000,QUERY_SPREAD,97
2019-06-28 12:06:00.000000000,BEST_BID,"JPM,100231,121"
2019-06-28 12:06:00.000000000,BEST_ASK,"JPM,100308,226"
2019-06-28 12:06:00.000000000,LAST_TRADE,"3,$100231.0000"
2019-06-28 12:06:00.000000000,QUERY_SPREAD,98
2019-06-28 12:06:00.000000000,BEST_BID,"JPM,100231,116"
2019-06-28 12:06:00.000000000,BEST_ASK,"JPM,100308,226"
2019-06-28 12:06:00.000000000,LAST_TRADE,"5,$100231.0000"
2019-06-28 12:06:00.000000000,QUERY_SPREAD,99
2019-06-28 12:06:00.000000000,BEST_BID,"JPM,100231,112"
2019-06-28 12:06:00.000000000,BEST_ASK,"JPM,100308,226"
2019-06-28 12:06:00.000000000,LAST_TRADE,"4,$100231.0000"
2019-06-28 12:06:00.000000000,QUERY_SPREAD,100
2019-06-28 12:06:00.000000000,BEST_BID,"JPM,100231,107"
2019-06-28 12:06:00.000000000,BEST_ASK,"JPM,100308,226"
2019-06-28 12:06:00.000000000,LAST_TRADE,"5,$100231.0000"
2019-06-28 12:06:00.000000000,QUERY_SPREAD,101
2019-06-28 12:06:00.000000000,BEST_BID,"JPM,100231,107"
2019-06-28 12:06:00.000000000,BEST_ASK,"JPM,100308,225"
2019-06-28 12:06:00.000000000,LAST_TRADE,"1,$100308.0000"
2019-06-28 12:06:06.913884108,QUERY_ORDER_STREAM,66
2019-06-28 12:06:06.913884108,QUERY_SPREAD,66
2019-06-28 12:06:06.913884108,BEST_BID,"JPM,100231,107"
2019-06-28 12:06:06.913884108,BEST_ASK,"JPM,100308,325"
2019-06-28 12:06:10.000000000,QUERY_SPREAD,1
2019-06-28 12:06:10.000000000,BEST_BID,"JPM,100165,226"
2019-06-28 12:06:10.000000000,BEST_ASK,"JPM,100308,199"
2019-06-28 12:06:10.000000000,BEST_BID,"JPM,100165,226"
2019-06-28 12:06:10.000000000,BEST_ASK,"JPM,100308,199"
2019-06-28 12:06:10.000000000,BEST_BID,"JPM,100165,226"
2019-06-28 12:06:10.000000000,BEST_ASK,"JPM,100308,199"
2019-06-28 12:06:10.000000000,BEST_BID,"JPM,100165,226"
2019-06-28 12:06:10.000000000,BEST_ASK,"JPM,100308,325"
2019-06-28 12:06:10.000000000,BEST_BID,"JPM,100165,226"
2019-06-28 12:06:10.000000000,BEST_ASK,"JPM,100308,325"
2019-06-28 12:06:10.000000000,BEST_BID,"JPM,100165,226"
2019-06-28 12:06:10.000000000,BEST_ASK,"JPM,100308,325"
2019-06-28 12:06:19.007884240,QUERY_ORDER_STREAM,68
2019-06-28 12:06:19.007884240,QUERY_SPREAD,68
2019-06-28 12:06:19.007884240,BEST_BID,"JPM,100165,226"
2019-06-28 12:06:19.007884240,BEST_ASK,"JPM,100308,425"
2019-06-28 12:06:20.000000000,QUERY_SPREAD,1
2019-06-28 12:06:20.000000000,BEST_BID,"JPM,100165,286"
2019-06-28 12:06:20.000000000,BEST_ASK,"JPM,100308,299"
2019-06-28 12:06:20.000000000,BEST_BID,"JPM,100165,286"
2019-06-28 12:06:20.000000000,BEST_ASK,"JPM,100308,299"
2019-06-28 12:06:20.000000000,BEST_BID,"JPM,100165,286"
2019-06-28 12:06:20.000000000,BEST_ASK,"JPM,100308,485"
2019-06-28 12:06:20.000000000,BEST_BID,"JPM,100165,286"
2019-06-28 12:06:20.000000000,BEST_ASK,"JPM,100308,485"
2019-06-28 12:06:24.815819690,QUERY_SPREAD,2
2019-06-28 12:06:24.815819690,BEST_BID,"JPM,100165,286"
2019-06-28 12:06:24.815819690,BEST_ASK,"JPM,100308,485"
2019-06-28 12:06:30.000000000,QUERY_SPREAD,1
2019-06-28 12:06:30.000000000,BEST_BID,"JPM,100165,174"
2019-06-28 12:06:30.000000000,BEST_ASK,"JPM,100308,299"
2019-06-28 12:06:30.000000000,BEST_BID,"JPM,100165,174"
2019-06-28 12:06:30.000000000,BEST_ASK,"JPM,100308,299"
2019-06-28 12:06:30.000000000,BEST_BID,"JPM,100165,174"
2019-06-28 12:06:30.000000000,BEST_ASK,"JPM,100308,299"
2019-06-28 12:06:30.000000000,BEST_BID,"JPM,100165,174"
2019-06-28 12:06:30.000000000,BEST_ASK,"JPM,100308,299"
2019-06-28 12:06:30.000000000,BEST_BID,"JPM,100165,174"
2019-06-28 12:06:30.000000000,BEST_ASK,"JPM,100308,299"
2019-06-28 12:06:30.000000000,BEST_BID,"JPM,100165,174"
2019-06-28 12:06:30.000000000,BEST_ASK,"JPM,100308,373"
2019-06-28 12:06:30.000000000,BEST_BID,"JPM,100165,174"
2019-06-28 12:06:30.000000000,BEST_ASK,"JPM,100308,373"
2019-06-28 12:06:30.000000000,BEST_BID,"JPM,100165,174"
2019-06-28 12:06:30.000000000,BEST_ASK,"JPM,100308,373"
2019-06-28 12:06:30.000000000,BEST_BID,"JPM,100165,174"
2019-06-28 12:06:30.000000000,BEST_ASK,"JPM,100308,373"
2019-06-28 12:06:30.000000000,BEST_BID,"JPM,100165,174"
2019-06-28 12:06:30.000000000,BEST_ASK,"JPM,100308,373"
2019-06-28 12:06:31.740180493,QUERY_SPREAD,26
2019-06-28 12:06:31.740180493,BEST_BID,"JPM,100165,174"
2019-06-28 12:06:31.740180493,BEST_ASK,"JPM,100308,373"
2019-06-28 12:06:39.021229290,QUERY_SPREAD,22
2019-06-28 12:06:39.021229290,BEST_BID,"JPM,100165,174"
2019-06-28 12:06:39.021229290,BEST_ASK,"JPM,100211,100"
2019-06-28 12:06:40.000000000,QUERY_SPREAD,1
2019-06-28 12:06:40.000000000,BEST_BID,"JPM,100165,226"
2019-06-28 12:06:40.000000000,BEST_ASK,"JPM,100211,100"
2019-06-28 12:06:40.000000000,BEST_BID,"JPM,100165,226"
2019-06-28 12:06:40.000000000,BEST_ASK,"JPM,100211,100"
2019-06-28 12:06:40.000000000,BEST_BID,"JPM,100165,226"
2019-06-28 12:06:40.000000000,BEST_ASK,"JPM,100211,100"
2019-06-28 12:06:40.000000000,BEST_BID,"JPM,100165,226"
2019-06-28 12:06:40.000000000,BEST_ASK,"JPM,100211,226"
2019-06-28 12:06:40.000000000,BEST_BID,"JPM,100165,226"
2019-06-28 12:06:40.000000000,BEST_ASK,"JPM,100211,226"
2019-06-28 12:06:40.000000000,BEST_BID,"JPM,100165,226"
2019-06-28 12:06:40.000000000,BEST_ASK,"JPM,100211,226"
2019-06-28 12:06:50.000000000,QUERY_SPREAD,1
2019-06-28 12:06:50.000000000,BEST_BID,"JPM,100165,286"
2019-06-28 12:06:50.000000000,BEST_ASK,"JPM,100211,100"
2019-06-28 12:06:50.000000000,BEST_BID,"JPM,100165,286"
2019-06-28 12:06:50.000000000,BEST_ASK,"JPM,100211,100"
2019-06-28 12:06:50.000000000,BEST_BID,"JPM,100165,286"
2019-06-28 12:06:50.000000000,BEST_ASK,"JPM,100211,286"
2019-06-28 12:06:50.000000000,BEST_BID,"JPM,100165,286"
2019-06-28 12:06:50.000000000,BEST_ASK,"JPM,100211,286"
2019-06-28 12:07:00.000000000,QUERY_SPREAD,1
2019-06-28 12:07:00.000000000,BEST_BID,"JPM,100165,174"
2019-06-28 12:07:00.000000000,BEST_ASK,"JPM,100211,100"
2019-06-28 12:07:00.000000000,BEST_BID,"JPM,100165,174"
2019-06-28 12:07:00.000000000,BEST_ASK,"JPM,100211,100"
2019-06-28 12:07:00.000000000,BEST_BID,"JPM,100165,174"
2019-06-28 12:07:00.000000000,BEST_ASK,"JPM,100211,100"
2019-06-28 12:07:00.000000000,BEST_BID,"JPM,100165,174"
2019-06-28 12:07:00.000000000,BEST_ASK,"JPM,100211,100"
2019-06-28 12:07:00.000000000,BEST_BID,"JPM,100165,174"
2019-06-28 12:07:00.000000000,BEST_ASK,"JPM,100211,100"
2019-06-28 12:07:00.000000000,BEST_BID,"JPM,100165,174"
2019-06-28 12:07:00.000000000,BEST_ASK,"JPM,100211,174"
2019-06-28 12:07:00.000000000,BEST_BID,"JPM,100165,174"
2019-06-28 12:07:00.000000000,BEST_ASK,"JPM,100211,174"
2019-06-28 12:07:00.000000000,BEST_BID,"JPM,100165,174"
2019-06-28 12:07:00.000000000,BEST_ASK,"JPM,100211,174"
2019-06-28 12:07:00.000000000,BEST_BID,"JPM,100165,174"
2019-06-28 12:07:00.000000000,BEST_ASK,"JPM,100211,174"
2019-06-28 12:07:00.000000000,BEST_BID,"JPM,100165,174"
2019-06-28 12:07:00.000000000,BEST_ASK,"JPM,100211,174"
2019-06-28 12:07:00.000000000,QUERY_SPREAD,77
2019-06-28 12:07:00.000000000,BEST_BID,"JPM,100165,169"
2019-06-28 12:07:00.000000000,BEST_ASK,"JPM,100211,174"
2019-06-28 12:07:00.000000000,LAST_TRADE,"5,$100165.0000"
2019-06-28 12:07:00.000000000,QUERY_SPREAD,78
2019-06-28 12:07:00.000000000,BEST_BID,"JPM,100165,161"
2019-06-28 12:07:00.000000000,BEST_ASK,"JPM,100211,174"
2019-06-28 12:07:00.000000000,LAST_TRADE,"8,$100165.0000"
2019-06-28 12:07:00.000000000,QUERY_SPREAD,79
2019-06-28 12:07:00.000000000,BEST_BID,"JPM,100165,156"
2019-06-28 12:07:00.000000000,BEST_ASK,"JPM,100211,174"
2019-06-28 12:07:00.000000000,LAST_TRADE,"5,$100165.0000"
2019-06-28 12:07:00.000000000,QUERY_SPREAD,80
2019-06-28 12:07:00.000000000,BEST_BID,"JPM,100165,148"
2019-06-28 12:07:00.000000000,BEST_ASK,"JPM,100211,174"
2019-06-28 12:07:00.000000000,LAST_TRADE,"8,$100165.0000"
2019-06-28 12:07:00.000000000,QUERY_SPREAD,81
2019-06-28 12:07:00.000000000,BEST_BID,"JPM,100165,139"
2019-06-28 12:07:00.000000000,BEST_ASK,"JPM,100211,174"
2019-06-28 12:07:00.000000000,LAST_TRADE,"9,$100165.0000"
2019-06-28 12:07:00.000000000,QUERY_SPREAD,82
2019-06-28 12:07:00.000000000,BEST_BID,"JPM,100165,136"
2019-06-28 12:07:00.000000000,BEST_ASK,"JPM,100211,174"
2019-06-28 12:07:00.000000000,LAST_TRADE,"3,$100165.0000"
2019-06-28 12:07:00.000000000,QUERY_SPREAD,83
2019-06-28 12:07:00.000000000,BEST_BID,"JPM,100165,128"
2019-06-28 12:07:00.000000000,BEST_ASK,"JPM,100211,174"
2019-06-28 12:07:00.000000000,LAST_TRADE,"8,$100165.0000"
2019-06-28 12:07:00.000000000,QUERY_SPREAD,84
2019-06-28 12:07:00.000000000,BEST_BID,"JPM,100165,124"
2019-06-28 12:07:00.000000000,BEST_ASK,"JPM,100211,174"
2019-06-28 12:07:00.000000000,LAST_TRADE,"4,$100165.0000"
2019-06-28 12:07:00.000000000,QUERY_SPREAD,85
2019-06-28 12:07:00.000000000,BEST_BID,"JPM,100165,119"
2019-06-28 12:07:00.000000000,BEST_ASK,"JPM,100211,174"
2019-06-28 12:07:00.000000000,LAST_TRADE,"5,$100165.0000"
2019-06-28 12:07:00.000000000,QUERY_SPREAD,86
2019-06-28 12:07:00.000000000,BEST_BID,"JPM,100165,117"
2019-06-28 12:07:00.000000000,BEST_ASK,"JPM,100211,174"
2019-06-28 12:07:00.000000000,LAST_TRADE,"2,$100165.0000"
2019-06-28 12:07:00.000000000,QUERY_SPREAD,87
2019-06-28 12:07:00.000000000,BEST_BID,"JPM,100165,110"
2019-06-28 12:07:00.000000000,BEST_ASK,"JPM,100211,174"
2019-06-28 12:07:00.000000000,LAST_TRADE,"7,$100165.0000"
2019-06-28 12:07:00.000000000,QUERY_SPREAD,88
2019-06-28 12:07:00.000000000,BEST_BID,"JPM,100165,102"
2019-06-28 12:07:00.000000000,BEST_ASK,"JPM,100211,174"
2019-06-28 12:07:00.000000000,LAST_TRADE,"8,$100165.0000"
2019-06-28 12:07:00.000000000,QUERY_SPREAD,89
2019-06-28 12:07:00.000000000,BEST_BID,"JPM,100165,97"
2019-06-28 12:07:00.000000000,BEST_ASK,"JPM,100211,174"
2019-06-28 12:07:00.000000000,LAST_TRADE,"5,$100165.0000"
2019-06-28 12:07:00.000000000,QUERY_SPREAD,90
2019-06-28 12:07:00.000000000,BEST_BID,"JPM,100165,93"
2019-06-28 12:07:00.000000000,BEST_ASK,"JPM,100211,174"
2019-06-28 12:07:00.000000000,LAST_TRADE,"4,$100165.0000"
2019-06-28 12:07:00.000000000,QUERY_SPREAD,91
2019-06-28 12:07:00.000000000,BEST_BID,"JPM,100165,90"
2019-06-28 12:07:00.000000000,BEST_ASK,"JPM,100211,174"
2019-06-28 12:07:00.000000000,LAST_TRADE,"3,$100165.0000"
2019-06-28 12:07:00.000000000,QUERY_SPREAD,92
2019-06-28 12:07:00.000000000,BEST_BID,"JPM,100165,85"
2019-06-28 12:07:00.000000000,BEST_ASK,"JPM,100211,174"
2019-06-28 12:07:00.000000000,LAST_TRADE,"5,$100165.0000"
2019-06-28 12:07:00.000000000,QUERY_SPREAD,93
2019-06-28 12:07:00.000000000,BEST_BID,"JPM,100165,78"
2019-06-28 12:07:00.000000000,BEST_ASK,"JPM,100211,174"
2019-06-28 12:07:00.000000000,LAST_TRADE,"7,$100165.0000"
2019-06-28 12:07:00.000000000,QUERY_SPREAD,94
2019-06-28 12:07:00.000000000,BEST_BID,"JPM,100165,77"
2019-06-28 12:07:00.000000000,BEST_ASK,"JPM,100211,174"
2019-06-28 12:07:00.000000000,LAST_TRADE,"1,$100165.0000"
2019-06-28 12:07:00.000000000,QUERY_SPREAD,95
2019-06-28 12:07:00.000000000,BEST_BID,"JPM,100165,76"
2019-06-28 12:07:00.000000000,BEST_ASK,"JPM,100211,174"
2019-06-28 12:07:00.000000000,LAST_TRADE,"1,$100165.0000"
2019-06-28 12:07:00.000000000,QUERY_SPREAD,96
2019-06-28 12:07:00.000000000,BEST_BID,"JPM,100165,72"
2019-06-28 12:07:00.000000000,BEST_ASK,"JPM,100211,174"
2019-06-28 12:07:00.000000000,LAST_TRADE,"4,$100165.0000"
2019-06-28 12:07:00.000000000,QUERY_SPREAD,97
2019-06-28 12:07:00.000000000,BEST_BID,"JPM,100165,69"
2019-06-28 12:07:00.000000000,BEST_ASK,"JPM,100211,174"
2019-06-28 12:07:00.000000000,LAST_TRADE,"3,$100165.0000"
2019-06-28 12:07:00.000000000,QUERY_SPREAD,98
2019-06-28 12:07:00.000000000,BEST_BID,"JPM,100165,64"
2019-06-28 12:07:00.000000000,BEST_ASK,"JPM,100211,174"
2019-06-28 12:07:00.000000000,LAST_TRADE,"5,$100165.0000"
2019-06-28 12:07:00.000000000,QUERY_SPREAD,99
2019-06-28 12:07:00.000000000,BEST_BID,"JPM,100165,60"
2019-06-28 12:07:00.000000000,BEST_ASK,"JPM,100211,174"
2019-06-28 12:07:00.000000000,LAST_TRADE,"4,$100165.0000"
2019-06-28 12:07:00.000000000,QUERY_SPREAD,100
2019-06-28 12:07:00.000000000,BEST_BID,"JPM,100165,55"
2019-06-28 12:07:00.000000000,BEST_ASK,"JPM,100211,174"
2019-06-28 12:07:00.000000000,LAST_TRADE,"5,$100165.0000"
2019-06-28 12:07:00.000000000,QUERY_SPREAD,101
2019-06-28 12:07:00.000000000,BEST_BID,"JPM,100165,55"
2019-06-28 12:07:00.000000000,BEST_ASK,"JPM,100211,173"
2019-06-28 12:07:00.000000000,LAST_TRADE,"1,$100211.0000"
2019-06-28 12:07:09.252895319,QUERY_ORDER_STREAM,65
2019-06-28 12:07:09.252895319,QUERY_SPREAD,65
2019-06-28 12:07:10.000000000,QUERY_SPREAD,1
2019-06-28 12:07:10.000000000,BEST_BID,"JPM,100158,193"
2019-06-28 12:07:10.000000000,BEST_ASK,"JPM,100211,99"
2019-06-28 12:07:10.000000000,BEST_BID,"JPM,100158,193"
2019-06-28 12:07:10.000000000,BEST_ASK,"JPM,100211,99"
2019-06-28 12:07:10.000000000,BEST_BID,"JPM,100158,193"
2019-06-28 12:07:10.000000000,BEST_ASK,"JPM,100211,99"
2019-06-28 12:07:10.000000000,BEST_BID,"JPM,100158,193"
2019-06-28 12:07:10.000000000,BEST_ASK,"JPM,100211,99"
2019-06-28 12:07:10.000000000,BEST_BID,"JPM,100158,193"
2019-06-28 12:07:10.000000000,BEST_ASK,"JPM,100211,192"
2019-06-28 12:07:10.000000000,BEST_BID,"JPM,100158,193"
2019-06-28 12:07:10.000000000,BEST_ASK,"JPM,100211,192"
2019-06-28 12:07:10.000000000,BEST_BID,"JPM,100158,193"
2019-06-28 12:07:10.000000000,BEST_ASK,"JPM,100211,192"
2019-06-28 12:07:10.000000000,BEST_BID,"JPM,100158,193"
2019-06-28 12:07:10.000000000,BEST_ASK,"JPM,100211,192"
2019-06-28 12:07:12.054417857,QUERY_SPREAD,29
2019-06-28 12:07:12.054417857,BEST_BID,"JPM,100158,193"
2019-06-28 12:07:12.054417857,BEST_ASK,"JPM,100211,192"
2019-06-28 12:07:20.000000000,QUERY_SPREAD,1
2019-06-28 12:07:20.000000000,BEST_BID,"JPM,100158,174"
2019-06-28 12:07:20.000000000,BEST_ASK,"JPM,100211,99"
2019-06-28 12:07:20.000000000,BEST_BID,"JPM,100158,174"
2019-06-28 12:07:20.000000000,BEST_ASK,"JPM,100211,99"
2019-06-28 12:07:20.000000000,BEST_BID,"JPM,100158,174"
2019-06-28 12:07:20.000000000,BEST_ASK,"JPM,100211,99"
2019-06-28 12:07:20.000000000,BEST_BID,"JPM,100158,174"
2019-06-28 12:07:20.000000000,BEST_ASK,"JPM,100211,99"
2019-06-28 12:07:20.000000000,BEST_BID,"JPM,100158,174"
2019-06-28 12:07:20.000000000,BEST_ASK,"JPM,100211,99"
2019-06-28 12:07:20.000000000,BEST_BID,"JPM,100158,174"
2019-06-28 12:07:20.000000000,BEST_ASK,"JPM,100211,173"
2019-06-28 12:07:20.000000000,BEST_BID,"JPM,100158,174"
2019-06-28 12:07:20.000000000,BEST_ASK,"JPM,100211,173"
2019-06-28 12:07:20.000000000,BEST_BID,"JPM,100158,174"
2019-06-28 12:07:20.000000000,BEST_ASK,"JPM,100211,173"
2019-06-28 12:07:20.000000000,BEST_BID,"JPM,100158,174"
2019-06-28 12:07:20.000000000,BEST_ASK,"JPM,100211,173"
2019-06-28 12:07:20.000000000,BEST_BID,"JPM,100158,174"
2019-06-28 12:07:20.000000000,BEST_ASK,"JPM,100211,173"
2019-06-28 12:07:30.000000000,QUERY_SPREAD,1
2019-06-28 12:07:30.000000000,BEST_BID,"JPM,100158,174"
2019-06-28 12:07:30.000000000,BEST_ASK,"JPM,100211,99"
2019-06-28 12:07:30.000000000,BEST_BID,"JPM,100158,174"
2019-06-28 12:07:30.000000000,BEST_ASK,"JPM,100211,99"
2019-06-28 12:07:30.000000000,BEST_BID,"JPM,100158,174"
2019-06-28 12:07:30.000000000,BEST_ASK,"JPM,100211,99"
2019-06-28 12:07:30.000000000,BEST_BID,"JPM,100158,174"
2019-06-28 12:07:30.000000000,BEST_ASK,"JPM,100211,99"
2019-06-28 12:07:30.000000000,BEST_BID,"JPM,100158,174"
2019-06-28 12:07:30.000000000,BEST_ASK,"JPM,100211,99"
2019-06-28 12:07:30.000000000,BEST_BID,"JPM,100158,174"
2019-06-28 12:07:30.000000000,BEST_ASK,"JPM,100211,173"
2019-06-28 12:07:30.000000000,BEST_BID,"JPM,100158,174"
2019-06-28 12:07:30.000000000,BEST_ASK,"JPM,100211,173"
2019-06-28 12:07:30.000000000,BEST_BID,"JPM,100158,174"
2019-06-28 12:07:30.000000000,BEST_ASK,"JPM,100211,173"
2019-06-28 12:07:30.000000000,BEST_BID,"JPM,100158,174"
2019-06-28 12:07:30.000000000,BEST_ASK,"JPM,100211,173"
2019-06-28 12:07:30.000000000,BEST_BID,"JPM,100158,174"
2019-06-28 12:07:30.000000000,BEST_ASK,"JPM,100211,173"
2019-06-28 12:07:40.000000000,QUERY_SPREAD,1
2019-06-28 12:07:40.000000000,BEST_BID,"JPM,100158,226"
2019-06-28 12:07:40.000000000,BEST_ASK,"JPM,100211,99"
2019-06-28 12:07:40.000000000,BEST_BID,"JPM,100158,226"
2019-06-28 12:07:40.000000000,BEST_ASK,"JPM,100211,99"
2019-06-28 12:07:40.000000000,BEST_BID,"JPM,100158,226"
2019-06-28 12:07:40.000000000,BEST_ASK,"JPM,100211,99"
2019-06-28 12:07:40.000000000,BEST_BID,"JPM,100158,226"
2019-06-28 12:07:40.000000000,BEST_ASK,"JPM,100211,225"
2019-06-28 12:07:40.000000000,BEST_BID,"JPM,100158,226"
2019-06-28 12:07:40.000000000,BEST_ASK,"JPM,100211,225"
2019-06-28 12:07:40.000000000,BEST_BID,"JPM,100158,226"
2019-06-28 12:07:40.000000000,BEST_ASK,"JPM,100211,225"
2019-06-28 12:07:40.280853071,QUERY_ORDER_STREAM,67
2019-06-28 12:07:40.280853071,QUERY_SPREAD,67
2019-06-28 12:07:40.280853071,BEST_BID,"JPM,100158,226"
2019-06-28 12:07:40.280853071,BEST_ASK,"JPM,100211,325"
2019-06-28 12:07:41.406111883,QUERY_SPREAD,43
2019-06-28 12:07:41.406111883,BEST_BID,"JPM,100158,126"
2019-06-28 12:07:41.406111883,BEST_ASK,"JPM,100211,325"
2019-06-28 12:07:41.406111883,LAST_TRADE,"100,$100158.0000"
2019-06-28 12:07:50.000000000,QUERY_SPREAD,1
2019-06-28 12:07:50.000000000,BEST_BID,"JPM,100131,174"
2019-06-28 12:07:50.000000000,BEST_ASK,"JPM,100211,199"
2019-06-28 12:07:50.000000000,BEST_BID,"JPM,100131,174"
2019-06-28 12:07:50.000000000,BEST_ASK,"JPM,100211,199"
2019-06-28 12:07:50.000000000,BEST_BID,"JPM,100131,174"
2019-06-28 12:07:50.000000000,BEST_ASK,"JPM,100211,199"
2019-06-28 12:07:50.000000000,BEST_BID,"JPM,100131,174"
2019-06-28 12:07:50.000000000,BEST_ASK,"JPM,100211,199"
2019-06-28 12:07:50.000000000,BEST_BID,"JPM,100131,174"
2019-06-28 12:07:50.000000000,BEST_ASK,"JPM,100211,199"
2019-06-28 12:07:50.000000000,BEST_BID,"JPM,100131,174"
2019-06-28 12:07:50.000000000,BEST_ASK,"JPM,100211,273"
2019-06-28 12:07:50.000000000,BEST_BID,"JPM,100131,174"
2019-06-28 12:07:50.000000000,BEST_ASK,"JPM,100211,273"
2019-06-28 12:07:50.000000000,BEST_BID,"JPM,100131,174"
2019-06-28 12:07:50.000000000,BEST_ASK,"JPM,100211,273"
2019-06-28 12:07:50.000000000,BEST_BID,"JPM,100131,174"
2019-06-28 12:07:50.000000000,BEST_ASK,"JPM,100211,273"
2019-06-28 12:07:50.000000000,BEST_BID,"JPM,100131,174"
2019-06-28 12:07:50.000000000,BEST_ASK,"JPM,100211,273"
2019-06-28 12:07:53.780520522,QUERY_ORDER_STREAM,70
2019-06-28 12:07:53.780520522,QUERY_SPREAD,70
2019-06-28 12:07:53.780520522,BEST_BID,"JPM,100131,174"
2019-06-28 12:07:53.780520522,BEST_ASK,"JPM,100210,100"
2019-06-28 12:08:00.000000000,QUERY_SPREAD,1
2019-06-28 12:08:00.000000000,BEST_BID,"JPM,100131,226"
2019-06-28 12:08:00.000000000,BEST_ASK,"JPM,100210,100"
2019-06-28 12:08:00.000000000,BEST_BID,"JPM,100131,226"
2019-06-28 12:08:00.000000000,BEST_ASK,"JPM,100210,100"
2019-06-28 12:08:00.000000000,BEST_BID,"JPM,100131,226"
2019-06-28 12:08:00.000000000,BEST_ASK,"JPM,100210,100"
2019-06-28 12:08:00.000000000,BEST_BID,"JPM,100131,226"
2019-06-28 12:08:00.000000000,BEST_ASK,"JPM,100210,226"
2019-06-28 12:08:00.000000000,BEST_BID,"JPM,100131,226"
2019-06-28 12:08:00.000000000,BEST_ASK,"JPM,100210,226"
2019-06-28 12:08:00.000000000,BEST_BID,"JPM,100131,226"
2019-06-28 12:08:00.000000000,BEST_ASK,"JPM,100210,226"
2019-06-28 12:08:00.000000000,QUERY_SPREAD,77
2019-06-28 12:08:00.000000000,BEST_BID,"JPM,100131,221"
2019-06-28 12:08:00.000000000,BEST_ASK,"JPM,100210,226"
2019-06-28 12:08:00.000000000,LAST_TRADE,"5,$100131.0000"
2019-06-28 12:08:00.000000000,QUERY_SPREAD,78
2019-06-28 12:08:00.000000000,BEST_BID,"JPM,100131,213"
2019-06-28 12:08:00.000000000,BEST_ASK,"JPM,100210,226"
2019-06-28 12:08:00.000000000,LAST_TRADE,"8,$100131.0000"
2019-06-28 12:08:00.000000000,QUERY_SPREAD,79
2019-06-28 12:08:00.000000000,BEST_BID,"JPM,100131,208"
2019-06-28 12:08:00.000000000,BEST_ASK,"JPM,100210,226"
2019-06-28 12:08:00.000000000,LAST_TRADE,"5,$100131.0000"
2019-06-28 12:08:00.000000000,QUERY_SPREAD,80
2019-06-28 12:08:00.000000000,BEST_BID,"JPM,100131,200"
2019-06-28 12:08:00.000000000,BEST_ASK,"JPM,100210,226"
2019-06-28 12:08:00.000000000,LAST_TRADE,"8,$100131.0000"
2019-06-28 12:08:00.000000000,QUERY_SPREAD,81
2019-06-28 12:08:00.000000000,BEST_BID,"JPM,100131,191"
2019-06-28 12:08:00.000000000,BEST_ASK,"JPM,100210,226"
2019-06-28 12:08:00.000000000,LAST_TRADE,"9,$100131.0000"
2019-06-28 12:08:00.000000000,QUERY_SPREAD,82
2019-06-28 12:08:00.000000000,BEST_BID,"JPM,100131,188"
2019-06-28 12:08:00.000000000,BEST_ASK,"JPM,100210,226"
2019-06-28 12:08:00.000000000,LAST_TRADE,"3,$100131.0000"
2019-06-28 12:08:00.000000000,QUERY_SPREAD,83
2019-06-28 12:08:00.000000000,BEST_BID,"JPM,100131,180"
2019-06-28 12:08:00.000000000,BEST_ASK,"JPM,100210,226"
2019-06-28 12:08:00.000000000,LAST_TRADE,"8,$100131.0000"
2019-06-28 12:08:00.000000000,QUERY_SPREAD,84
2019-06-28 12:08:00.000000000,BEST_BID,"JPM,100131,176"
2019-06-28 12:08:00.000000000,BEST_ASK,"JPM,100210,226"
2019-06-28 12:08:00.000000000,LAST_TRADE,"4,$100131.0000"
2019-06-28 12:08:00.000000000,QUERY_SPREAD,85
2019-06-28 12:08:00.000000000,BEST_BID,"JPM,100131,171"
2019-06-28 12:08:00.000000000,BEST_ASK,"JPM,100210,226"
2019-06-28 12:08:00.000000000,LAST_TRADE,"5,$100131.0000"
2019-06-28 12:08:00.000000000,QUERY_SPREAD,86
2019-06-28 12:08:00.000000000,BEST_BID,"JPM,100131,169"
2019-06-28 12:08:00.000000000,BEST_ASK,"JPM,100210,226"
2019-06-28 12:08:00.000000000,LAST_TRADE,"2,$100131.0000"
2019-06-28 12:08:00.000000000,QUERY_SPREAD,87
2019-06-28 12:08:00.000000000,BEST_BID,"JPM,100131,162"
2019-06-28 12:08:00.000000000,BEST_ASK,"JPM,100210,226"
2019-06-28 12:08:00.000000000,LAST_TRADE,"7,$100131.0000"
2019-06-28 12:08:00.000000000,QUERY_SPREAD,88
2019-06-28 12:08:00.000000000,BEST_BID,"JPM,100131,154"
2019-06-28 12:08:00.000000000,BEST_ASK,"JPM,100210,226"
2019-06-28 12:08:00.000000000,LAST_TRADE,"8,$100131.0000"
2019-06-28 12:08:00.000000000,QUERY_SPREAD,89
2019-06-28 12:08:00.000000000,BEST_BID,"JPM,100131,149"
2019-06-28 12:08:00.000000000,BEST_ASK,"JPM,100210,226"
2019-06-28 12:08:00.000000000,LAST_TRADE,"5,$100131.0000"
2019-06-28 12:08:00.000000000,QUERY_SPREAD,90
2019-06-28 12:08:00.000000000,BEST_BID,"JPM,100131,145"
2019-06-28 12:08:00.000000000,BEST_ASK,"JPM,100210,226"
2019-06-28 12:08:00.000000000,LAST_TRADE,"4,$100131.0000"
2019-06-28 12:08:00.000000000,QUERY_SPREAD,91
2019-06-28 12:08:00.000000000,BEST_BID,"JPM,100131,142"
2019-06-28 12:08:00.000000000,BEST_ASK,"JPM,100210,226"
2019-06-28 12:08:00.000000000,LAST_TRADE,"3,$100131.0000"
2019-06-28 12:08:00.000000000,QUERY_SPREAD,92
2019-06-28 12:08:00.000000000,BEST_BID,"JPM,100131,137"
2019-06-28 12:08:00.000000000,BEST_ASK,"JPM,100210,226"
2019-06-28 12:08:00.000000000,LAST_TRADE,"5,$100131.0000"
2019-06-28 12:08:00.000000000,QUERY_SPREAD,93
2019-06-28 12:08:00.000000000,BEST_BID,"JPM,100131,130"
2019-06-28 12:08:00.000000000,BEST_ASK,"JPM,100210,226"
2019-06-28 12:08:00.000000000,LAST_TRADE,"7,$100131.0000"
2019-06-28 12:08:00.000000000,QUERY_SPREAD,94
2019-06-28 12:08:00.000000000,BEST_BID,"JPM,100131,129"
2019-06-28 12:08:00.000000000,BEST_ASK,"JPM,100210,226"
2019-06-28 12:08:00.000000000,LAST_TRADE,"1,$100131.0000"
2019-06-28 12:08:00.000000000,QUERY_SPREAD,95
2019-06-28 12:08:00.000000000,BEST_BID,"JPM,100131,128"
2019-06-28 12:08:00.000000000,BEST_ASK,"JPM,100210,226"
2019-06-28 12:08:00.000000000,LAST_TRADE,"1,$100131.0000"
2019-06-28 12:08:00.000000000,QUERY_SPREAD,96
2019-06-28 12:08:00.000000000,BEST_BID,"JPM,100131,124"
2019-06-28 12:08:00.000000000,BEST_ASK,"JPM,100210,226"
2019-06-28 12:08:00.000000000,LAST_TRADE,"4,$100131.0000"
2019-06-28 12:08:00.000000000,QUERY_SPREAD,97
2019-06-28 12:08:00.000000000,BEST_BID,"JPM,100131,121"
2019-06-28 12:08:00.000000000,BEST_ASK,"JPM,100210,226"
2019-06-28 12:08:00.000000000,LAST_TRADE,"3,$100131.0000"
2019-06-28 12:08:00.000000000,QUERY_SPREAD,98
2019-06-28 12:08:00.000000000,BEST_BID,"JPM,100131,116"
2019-06-28 12:08:00.000000000,BEST_ASK,"JPM,100210,226"
2019-06-28 12:08:00.000000000,LAST_TRADE,"5,$100131.0000"
2019-06-28 12:08:00.000000000,QUERY_SPREAD,99
2019-06-28 12:08:00.000000000,BEST_BID,"JPM,100131,112"
2019-06-28 12:08:00.000000000,BEST_ASK,"JPM,100210,226"
2019-06-28 12:08:00.000000000,LAST_TRADE,"4,$100131.0000"
2019-06-28 12:08:00.000000000,QUERY_SPREAD,100
2019-06-28 12:08:00.000000000,BEST_BID,"JPM,100131,107"
2019-06-28 12:08:00.000000000,BEST_ASK,"JPM,100210,226"
2019-06-28 12:08:00.000000000,LAST_TRADE,"5,$100131.0000"
2019-06-28 12:08:00.000000000,QUERY_SPREAD,101
2019-06-28 12:08:00.000000000,BEST_BID,"JPM,100131,107"
2019-06-28 12:08:00.000000000,BEST_ASK,"JPM,100210,225"
2019-06-28 12:08:00.000000000,LAST_TRADE,"1,$100210.0000"
2019-06-28 12:08:10.000000000,QUERY_SPREAD,1
2019-06-28 12:08:10.000000000,BEST_BID,"JPM,100089,174"
2019-06-28 12:08:10.000000000,BEST_ASK,"JPM,100210,99"
2019-06-28 12:08:10.000000000,BEST_BID,"JPM,100089,174"
2019-06-28 12:08:10.000000000,BEST_ASK,"JPM,100210,99"
2019-06-28 12:08:10.000000000,BEST_BID,"JPM,100089,174"
2019-06-28 12:08:10.000000000,BEST_ASK,"JPM,100210,99"
2019-06-28 12:08:10.000000000,BEST_BID,"JPM,100089,174"
2019-06-28 12:08:10.000000000,BEST_ASK,"JPM,100210,99"
2019-06-28 12:08:10.000000000,BEST_BID,"JPM,100089,174"
2019-06-28 12:08:10.000000000,BEST_ASK,"JPM,100210,99"
2019-06-28 12:08:10.000000000,BEST_BID,"JPM,100089,174"
2019-06-28 12:08:10.000000000,BEST_ASK,"JPM,100210,173"
2019-06-28 12:08:10.000000000,BEST_BID,"JPM,100089,174"
2019-06-28 12:08:10.000000000,BEST_ASK,"JPM,100210,173"
2019-06-28 12:08:10.000000000,BEST_BID,"JPM,100089,174"
2019-06-28 12:08:10.000000000,BEST_ASK,"JPM,100210,173"
2019-06-28 12:08:10.000000000,BEST_BID,"JPM,100089,174"
2019-06-28 12:08:10.000000000,BEST_ASK,"JPM,100210,173"
2019-06-28 12:08:10.000000000,BEST_BID,"JPM,100089,174"
2019-06-28 12:08:10.000000000,BEST_ASK,"JPM,100210,173"
2019-06-28 12:08:12.473480883,QUERY_SPREAD,8
2019-06-28 12:08:12.473480883,BEST_BID,"JPM,100089,174"
2019-06-28 12:08:12.473480883,BEST_ASK,"JPM,100210,173"
2019-06-28 12:08:20.000000000,QUERY_SPREAD,1
2019-06-28 12:08:20.000000000,BEST_BID,"JPM,100089,193"
2019-06-28 12:08:20.000000000,BEST_ASK,"JPM,100210,99"
2019-06-28 12:08:20.000000000,BEST_BID,"JPM,100089,193"
2019-06-28 12:08:20.000000000,BEST_ASK,"JPM,100210,99"
2019-06-28 12:08:20.000000000,BEST_BID,"JPM,100089,193"
2019-06-28 12:08:20.000000000,BEST_ASK,"JPM,100210,99"
2019-06-28 12:08:20.000000000,BEST_BID,"JPM,100089,193"
2019-06-28 12:08:20.000000000,BEST_ASK,"JPM,100210,99"
2019-06-28 12:08:20.000000000,BEST_BID,"JPM,100089,193"
2019-06-28 12:08:20.000000000,BEST_ASK,"JPM,100210,192"
2019-06-28 12:08:20.000000000,BEST_BID,"JPM,100089,193"
2019-06-28 12:08:20.000000000,BEST_ASK,"JPM,100210,192"
2019-06-28 12:08:20.000000000,BEST_BID,"JPM,100089,193"
2019-06-28 12:08:20.000000000,BEST_ASK,"JPM,100210,192"
2019-06-28 12:08:20.000000000,BEST_BID,"JPM,100089,193"
2019-06-28 12:08:20.000000000,BEST_ASK,"JPM,100210,192"
2019-06-28 12:08:30.000000000,QUERY_SPREAD,1
2019-06-28 12:08:30.000000000,BEST_BID,"JPM,100089,471"
2019-06-28 12:08:30.000000000,BEST_ASK,"JPM,100210,99"
2019-06-28 12:08:30.000000000,BEST_BID,"JPM,100089,471"
2019-06-28 12:08:30.000000000,BEST_ASK,"JPM,100210,470"
2019-06-28 12:08:40.000000000,QUERY_SPREAD,1
2019-06-28 12:08:40.000000000,BEST_BID,"JPM,100089,193"
2019-06-28 12:08:40.000000000,BEST_ASK,"JPM,100210,99"
2019-06-28 12:08:40.000000000,BEST_BID,"JPM,100089,193"
2019-06-28 12:08:40.000000000,BEST_ASK,"JPM,100210,99"
2019-06-28 12:08:40.000000000,BEST_BID,"JPM,100089,193"
2019-06-28 12:08:40.000000000,BEST_ASK,"JPM,100210,99"
2019-06-28 12:08:40.000000000,BEST_BID,"JPM,100089,193"
2019-06-28 12:08:40.000000000,BEST_ASK,"JPM,100210,99"
2019-06-28 12:08:40.000000000,BEST_BID,"JPM,100089,193"
2019-06-28 12:08:40.000000000,BEST_ASK,"JPM,100210,192"
2019-06-28 12:08:40.000000000,BEST_BID,"JPM,100089,193"
2019-06-28 12:08:40.000000000,BEST_ASK,"JPM,100210,192"
2019-06-28 12:08:40.000000000,BEST_BID,"JPM,100089,193"
2019-06-28 12:08:40.000000000,BEST_ASK,"JPM,100210,192"
2019-06-28 12:08:40.000000000,BEST_BID,"JPM,100089,193"
2019-06-28 12:08:40.000000000,BEST_ASK,"JPM,100210,192"
2019-06-28 12:08:50.000000000,QUERY_SPREAD,1
2019-06-28 12:08:50.000000000,BEST_BID,"JPM,100089,471"
2019-06-28 12:08:50.000000000,BEST_ASK,"JPM,100210,99"
2019-06-28 12:08:50.000000000,BEST_BID,"JPM,100089,471"
2019-06-28 12:08:50.000000000,BEST_ASK,"JPM,100210,470"
2019-06-28 12:09:00.000000000,QUERY_SPREAD,1
2019-06-28 12:09:00.000000000,BEST_BID,"JPM,100089,286"
2019-06-28 12:09:00.000000000,BEST_ASK,"JPM,100210,99"
2019-06-28 12:09:00.000000000,BEST_BID,"JPM,100089,286"
2019-06-28 12:09:00.000000000,BEST_ASK,"JPM,100210,99"
2019-06-28 12:09:00.000000000,BEST_BID,"JPM,100089,286"
2019-06-28 12:09:00.000000000,BEST_ASK,"JPM,100210,285"
2019-06-28 12:09:00.000000000,BEST_BID,"JPM,100089,286"
2019-06-28 12:09:00.000000000,BEST_ASK,"JPM,100210,285"
2019-06-28 12:09:00.000000000,QUERY_SPREAD,77
2019-06-28 12:09:00.000000000,BEST_BID,"JPM,100089,281"
2019-06-28 12:09:00.000000000,BEST_ASK,"JPM,100210,285"
2019-06-28 12:09:00.000000000,LAST_TRADE,"5,$100089.0000"
2019-06-28 12:09:00.000000000,QUERY_SPREAD,78
2019-06-28 12:09:00.000000000,BEST_BID,"JPM,100089,273"
2019-06-28 12:09:00.000000000,BEST_ASK,"JPM,100210,285"
2019-06-28 12:09:00.000000000,LAST_TRADE,"8,$100089.0000"
2019-06-28 12:09:00.000000000,QUERY_SPREAD,79
2019-06-28 12:09:00.000000000,BEST_BID,"JPM,100089,268"
2019-06-28 12:09:00.000000000,BEST_ASK,"JPM,100210,285"
2019-06-28 12:09:00.000000000,LAST_TRADE,"5,$100089.0000"
2019-06-28 12:09:00.000000000,QUERY_SPREAD,80
2019-06-28 12:09:00.000000000,BEST_BID,"JPM,100089,260"
2019-06-28 12:09:00.000000000,BEST_ASK,"JPM,100210,285"
2019-06-28 12:09:00.000000000,LAST_TRADE,"8,$100089.0000"
2019-06-28 12:09:00.000000000,QUERY_SPREAD,81
2019-06-28 12:09:00.000000000,BEST_BID,"JPM,100089,251"
2019-06-28 12:09:00.000000000,BEST_ASK,"JPM,100210,285"
2019-06-28 12:09:00.000000000,LAST_TRADE,"9,$100089.0000"
2019-06-28 12:09:00.000000000,QUERY_SPREAD,82
2019-06-28 12:09:00.000000000,BEST_BID,"JPM,100089,248"
2019-06-28 12:09:00.000000000,BEST_ASK,"JPM,100210,285"
2019-06-28 12:09:00.000000000,LAST_TRADE,"3,$100089.0000"
2019-06-28 12:09:00.000000000,QUERY_SPREAD,83
2019-06-28 12:09:00.000000000,BEST_BID,"JPM,100089,240"
2019-06-28 12:09:00.000000000,BEST_ASK,"JPM,100210,285"
2019-06-28 12:09:00.000000000,LAST_TRADE,"8,$100089.0000"
2019-06-28 12:09:00.000000000,QUERY_SPREAD,84
2019-06-28 12:09:00.000000000,BEST_BID,"JPM,100089,236"
2019-06-28 12:09:00.000000000,BEST_ASK,"JPM,100210,285"
2019-06-28 12:09:00.000000000,LAST_TRADE,"4,$100089.0000"
2019-06-28 12:09:00.000000000,QUERY_SPREAD,85
2019-06-28 12:09:00.000000000,BEST_BID,"JPM,100089,231"
2019-06-28 12:09:00.000000000,BEST_ASK,"JPM,100210,285"
2019-06-28 12:09:00.000000000,LAST_TRADE,"5,$100089.0000"
2019-06-28 12:09:00.000000000,QUERY_SPREAD,86
2019-06-28 12:09:00.000000000,BEST_BID,"JPM,100089,229"
2019-06-28 12:09:00.000000000,BEST_ASK,"JPM,100210,285"
2019-06-28 12:09:00.000000000,LAST_TRADE,"2,$100089.0000"
2019-06-28 12:09:00.000000000,QUERY_SPREAD,87
2019-06-28 12:09:00.000000000,BEST_BID,"JPM,100089,222"
2019-06-28 12:09:00.000000000,BEST_ASK,"JPM,100210,285"
2019-06-28 12:09:00.000000000,LAST_TRADE,"7,$100089.0000"
2019-06-28 12:09:00.000000000,QUERY_SPREAD,88
2019-06-28 12:09:00.000000000,BEST_BID,"JPM,100089,214"
2019-06-28 12:09:00.000000000,BEST_ASK,"JPM,100210,285"
2019-06-28 12:09:00.000000000,LAST_TRADE,"8,$100089.0000"
2019-06-28 12:09:00.000000000,QUERY_SPREAD,89
2019-06-28 12:09:00.000000000,BEST_BID,"JPM,100089,209"
2019-06-28 12:09:00.000000000,BEST_ASK,"JPM,100210,285"
2019-06-28 12:09:00.000000000,LAST_TRADE,"5,$100089.0000"
2019-06-28 12:09:00.000000000,QUERY_SPREAD,90
2019-06-28 12:09:00.000000000,BEST_BID,"JPM,100089,205"
2019-06-28 12:09:00.000000000,BEST_ASK,"JPM,100210,285"
2019-06-28 12:09:00.000000000,LAST_TRADE,"4,$100089.0000"
2019-06-28 12:09:00.000000000,QUERY_SPREAD,91
2019-06-28 12:09:00.000000000,BEST_BID,"JPM,100089,202"
2019-06-28 12:09:00.000000000,BEST_ASK,"JPM,100210,285"
2019-06-28 12:09:00.000000000,LAST_TRADE,"3,$100089.0000"
2019-06-28 12:09:00.000000000,QUERY_SPREAD,92
2019-06-28 12:09:00.000000000,BEST_BID,"JPM,100089,197"
2019-06-28 12:09:00.000000000,BEST_ASK,"JPM,100210,285"
2019-06-28 12:09:00.000000000,LAST_TRADE,"5,$100089.0000"
2019-06-28 12:09:00.000000000,QUERY_SPREAD,93
2019-06-28 12:09:00.000000000,BEST_BID,"JPM,100089,190"
2019-06-28 12:09:00.000000000,BEST_ASK,"JPM,100210,285"
2019-06-28 12:09:00.000000000,LAST_TRADE,"7,$100089.0000"
2019-06-28 12:09:00.000000000,QUERY_SPREAD,94
2019-06-28 12:09:00.000000000,BEST_BID,"JPM,100089,189"
2019-06-28 12:09:00.000000000,BEST_ASK,"JPM,100210,285"
2019-06-28 12:09:00.000000000,LAST_TRADE,"1,$100089.0000"
2019-06-28 12:09:00.000000000,QUERY_SPREAD,95
2019-06-28 12:09:00.000000000,BEST_BID,"JPM,100089,188"
2019-06-28 12:09:00.000000000,BEST_ASK,"JPM,100210,285"
2019-06-28 12:09:00.000000000,LAST_TRADE,"1,$100089.0000"
2019-06-28 12:09:00.000000000,QUERY_SPREAD,96
2019-06-28 12:09:00.000000000,BEST_BID,"JPM,100089,184"
2019-06-28 12:09:00.000000000,BEST_ASK,"JPM,100210,285"
2019-06-28 12:09:00.000000000,LAST_TRADE,"4,$100089.0000"
2019-06-28 12:09:00.000000000,QUERY_SPREAD,97
2019-06-28 12:09:00.000000000,BEST_BID,"JPM,100089,181"
2019-06-28 12:09:00.000000000,BEST_ASK,"JPM,100210,285"
2019-06-28 12:09:00.000000000,LAST_TRADE,"3,$100089.0000"
2019-06-28 12:09:00.000000000,QUERY_SPREAD,98
2019-06-28 12:09:00.000000000,BEST_BID,"JPM,100089,176"
2019-06-28 12:09:00.000000000,BEST_ASK,"JPM,100210,285"
2019-06-28 12:09:00.000000000,LAST_TRADE,"5,$100089.0000"
2019-06-28 12:09:00.000000000,QUERY_SPREAD,99
2019-06-28 12:09:00.000000000,BEST_BID,"JPM,100089,172"
2019-06-28 12:09:00.000000000,BEST_ASK,"JPM,100210,285"
2019-06-28 12:09:00.000000000,LAST_TRADE,"4,$100089.0000"
2019-06-28 12:09:00.000000000,QUERY_SPREAD,100
2019-06-28 12:09:00.000000000,BEST_BID,"JPM,100089,167"
2019-06-28 12:09:00.000000000,BEST_ASK,"JPM,100210,285"
2019-06-28 12:09:00.000000000,LAST_TRADE,"5,$100089.0000"
2019-06-28 12:09:00.000000000,QUERY_SPREAD,101
2019-06-28 12:09:00.000000000,BEST_BID,"JPM,100089,167"
2019-06-28 12:09:00.000000000,BEST_ASK,"JPM,100210,284"
2019-06-28 12:09:00.000000000,LAST_TRADE,"1,$100210.0000"
2019-06-28 12:09:06.099315382,QUERY_SPREAD,25
2019-06-28 12:09:06.099315382,BEST_BID,"JPM,100089,167"
2019-06-28 12:09:06.099315382,BEST_ASK,"JPM,100145,100"
2019-06-28 12:09:06.542458648,QUERY_ORDER_STREAM,72
2019-06-28 12:09:06.542458648,QUERY_SPREAD,72
2019-06-28 12:09:07.989690707,QUERY_SPREAD,36
2019-06-28 12:09:07.989690707,BEST_BID,"JPM,100089,167"
2019-06-28 12:09:07.989690707,BEST_ASK,"JPM,100145,100"
2019-06-28 12:09:10.000000000,QUERY_SPREAD,1
2019-06-28 12:09:10.000000000,BEST_BID,"JPM,100038,286"
2019-06-28 12:09:10.000000000,BEST_ASK,"JPM,100145,100"
2019-06-28 12:09:10.000000000,BEST_BID,"JPM,100038,286"
2019-06-28 12:09:10.000000000,BEST_ASK,"JPM,100145,100"
2019-06-28 12:09:10.000000000,BEST_BID,"JPM,100038,286"
2019-06-28 12:09:10.000000000,BEST_ASK,"JPM,100145,286"
2019-06-28 12:09:10.000000000,BEST_BID,"JPM,100038,286"
2019-06-28 12:09:10.000000000,BEST_ASK,"JPM,100145,286"
2019-06-28 12:09:12.454090869,QUERY_ORDER_STREAM,67
2019-06-28 12:09:12.454090869,QUERY_SPREAD,67
2019-06-28 12:09:12.454090869,BEST_BID,"JPM,100038,286"
2019-06-28 12:09:12.454090869,BEST_ASK,"JPM,100145,286"
2019-06-28 12:09:15.130668329,QUERY_ORDER_STREAM,58
2019-06-28 12:09:15.130668329,QUERY_SPREAD,58
2019-06-28 12:09:15.130668329,BEST_BID,"JPM,100038,286"
2019-06-28 12:09:15.130668329,BEST_ASK,"JPM,100145,286"
2019-06-28 12:09:20.000000000,QUERY_SPREAD,1
2019-06-28 12:09:20.000000000,BEST_BID,"JPM,100038,193"
2019-06-28 12:09:20.000000000,BEST_ASK,"JPM,100145,100"
2019-06-28 12:09:20.000000000,BEST_BID,"JPM,100038,193"
2019-06-28 12:09:20.000000000,BEST_ASK,"JPM,100145,100"
2019-06-28 12:09:20.000000000,BEST_BID,"JPM,100038,193"
2019-06-28 12:09:20.000000000,BEST_ASK,"JPM,100145,100"
2019-06-28 12:09:20.000000000,BEST_BID,"JPM,100038,193"
2019-06-28 12:09:20.000000000,BEST_ASK,"JPM,100145,100"
2019-06-28 12:09:20.000000000,BEST_BID,"JPM,100038,193"
2019-06-28 12:09:20.000000000,BEST_ASK,"JPM,100145,193"
2019-06-28 12:09:20.000000000,BEST_BID,"JPM,100038,193"
2019-06-28 12:09:20.000000000,BEST_ASK,"JPM,100145,193"
2019-06-28 12:09:20.000000000,BEST_BID,"JPM,100038,193"
2019-06-28 12:09:20.000000000,BEST_ASK,"JPM,100145,193"
2019-06-28 12:09:20.000000000,BEST_BID,"JPM,100038,193"
2019-06-28 12:09:20.000000000,BEST_ASK,"JPM,100145,193"
2019-06-28 12:09:29.180516034,QUERY_ORDER_STREAM,62
2019-06-28 12:09:29.180516034,QUERY_SPREAD,62
2019-06-28 12:09:29.180516034,BEST_BID,"JPM,100038,193"
2019-06-28 12:09:29.180516034,BEST_ASK,"JPM,100145,193"
2019-06-28 12:09:30.000000000,QUERY_SPREAD,1
2019-06-28 12:09:30.000000000,BEST_BID,"JPM,100038,226"
2019-06-28 12:09:30.000000000,BEST_ASK,"JPM,100145,100"
2019-06-28 12:09:30.000000000,BEST_BID,"JPM,100038,226"
2019-06-28 12:09:30.000000000,BEST_ASK,"JPM,100145,100"
2019-06-28 12:09:30.000000000,BEST_BID,"JPM,100038,226"
2019-06-28 12:09:30.000000000,BEST_ASK,"JPM,100145,100"
2019-06-28 12:09:30.000000000,BEST_BID,"JPM,100038,226"
2019-06-28 12:09:30.000000000,BEST_ASK,"JPM,100145,226"
2019-06-28 12:09:30.000000000,BEST_BID,"JPM,100038,226"
2019-06-28 12:09:30.000000000,BEST_ASK,"JPM,100145,226"
2019-06-28 12:09:30.000000000,BEST_BID,"JPM,100038,226"
2019-06-28 12:09:30.000000000,BEST_ASK,"JPM,100145,226"
2019-06-28 12:09:40.000000000,QUERY_SPREAD,1
2019-06-28 12:09:40.000000000,BEST_BID,"JPM,100038,193"
2019-06-28 12:09:40.000000000,BEST_ASK,"JPM,100145,100"
2019-06-28 12:09:40.000000000,BEST_BID,"JPM,100038,193"
2019-06-28 12:09:40.000000000,BEST_ASK,"JPM,100145,100"
2019-06-28 12:09:40.000000000,BEST_BID,"JPM,100038,193"
2019-06-28 12:09:40.000000000,BEST_ASK,"JPM,100145,100"
2019-06-28 12:09:40.000000000,BEST_BID,"JPM,100038,193"
2019-06-28 12:09:40.000000000,BEST_ASK,"JPM,100145,100"
2019-06-28 12:09:40.000000000,BEST_BID,"JPM,100038,193"
2019-06-28 12:09:40.000000000,BEST_ASK,"JPM,100145,193"
2019-06-28 12:09:40.000000000,BEST_BID,"JPM,100038,193"
2019-06-28 12:09:40.000000000,BEST_ASK,"JPM,100145,193"
2019-06-28 12:09:40.000000000,BEST_BID,"JPM,100038,193"
2019-06-28 12:09:40.000000000,BEST_ASK,"JPM,100145,193"
2019-06-28 12:09:40.000000000,BEST_BID,"JPM,100038,193"
2019-06-28 12:09:40.000000000,BEST_ASK,"JPM,100145,193"
2019-06-28 12:09:49.678893014,QUERY_ORDER_STREAM,58
2019-06-28 12:09:49.678893014,QUERY_SPREAD,58
2019-06-28 12:09:49.678893014,BEST_BID,"JPM,100038,193"
2019-06-28 12:09:49.678893014,BEST_ASK,"JPM,100145,193"
2019-06-28 12:09:49.820729291,QUERY_SPREAD,21
2019-06-28 12:09:49.820729291,BEST_BID,"JPM,100038,93"
2019-06-28 12:09:49.820729291,BEST_ASK,"JPM,100145,193"
2019-06-28 12:09:49.820729291,LAST_TRADE,"100,$100038.0000"
2019-06-28 12:09:50.000000000,QUERY_SPREAD,1
2019-06-28 12:09:50.000000000,BEST_BID,"JPM,100013,226"
2019-06-28 12:09:50.000000000,BEST_ASK,"JPM,100145,100"
2019-06-28 12:09:50.000000000,BEST_BID,"JPM,100013,226"
2019-06-28 12:09:50.000000000,BEST_ASK,"JPM,100145,100"
2019-06-28 12:09:50.000000000,BEST_BID,"JPM,100013,226"
2019-06-28 12:09:50.000000000,BEST_ASK,"JPM,100145,100"
2019-06-28 12:09:50.000000000,BEST_BID,"JPM,100013,226"
2019-06-28 12:09:50.000000000,BEST_ASK,"JPM,100145,226"
2019-06-28 12:09:50.000000000,BEST_BID,"JPM,100013,226"
2019-06-28 12:09:50.000000000,BEST_ASK,"JPM,100145,226"
2019-06-28 12:09:50.000000000,BEST_BID,"JPM,100013,226"
2019-06-28 12:09:50.000000000,BEST_ASK,"JPM,100145,226"
2019-06-28 12:10:00.000000000,QUERY_SPREAD,1
2019-06-28 12:10:00.000000000,BEST_BID,"JPM,100013,193"
2019-06-28 12:10:00.000000000,BEST_ASK,"JPM,100145,100"
2019-06-28 12:10:00.000000000,BEST_BID,"JPM,100013,193"
2019-06-28 12:10:00.000000000,BEST_ASK,"JPM,100145,100"
2019-06-28 12:10:00.000000000,BEST_BID,"JPM,100013,193"
2019-06-28 12:10:00.000000000,BEST_ASK,"JPM,100145,100"
2019-06-28 12:10:00.000000000,BEST_BID,"JPM,100013,193"
2019-06-28 12:10:00.000000000,BEST_ASK,"JPM,100145,100"
2019-06-28 12:10:00.000000000,BEST_BID,"JPM,100013,193"
2019-06-28 12:10:00.000000000,BEST_ASK,"JPM,100145,193"
2019-06-28 12:10:00.000000000,BEST_BID,"JPM,100013,193"
2019-06-28 12:10:00.000000000,BEST_ASK,"JPM,100145,193"
2019-06-28 12:10:00.000000000,BEST_BID,"JPM,100013,193"
2019-06-28 12:10:00.000000000,BEST_ASK,"JPM,100145,193"
2019-06-28 12:10:00.000000000,BEST_BID,"JPM,100013,193"
2019-06-28 12:10:00.000000000,BEST_ASK,"JPM,100145,193"
2019-06-28 12:10:00.000000000,QUERY_SPREAD,77
2019-06-28 12:10:00.000000000,BEST_BID,"JPM,100013,188"
2019-06-28 12:10:00.000000000,BEST_ASK,"JPM,100145,193"
2019-06-28 12:10:00.000000000,LAST_TRADE,"5,$100013.0000"
2019-06-28 12:10:00.000000000,QUERY_SPREAD,78
2019-06-28 12:10:00.000000000,BEST_BID,"JPM,100013,180"
2019-06-28 12:10:00.000000000,BEST_ASK,"JPM,100145,193"
2019-06-28 12:10:00.000000000,LAST_TRADE,"8,$100013.0000"
2019-06-28 12:10:00.000000000,QUERY_SPREAD,79
2019-06-28 12:10:00.000000000,BEST_BID,"JPM,100013,175"
2019-06-28 12:10:00.000000000,BEST_ASK,"JPM,100145,193"
2019-06-28 12:10:00.000000000,LAST_TRADE,"5,$100013.0000"
2019-06-28 12:10:00.000000000,QUERY_SPREAD,80
2019-06-28 12:10:00.000000000,BEST_BID,"JPM,100013,167"
2019-06-28 12:10:00.000000000,BEST_ASK,"JPM,100145,193"
2019-06-28 12:10:00.000000000,LAST_TRADE,"8,$100013.0000"
2019-06-28 12:10:00.000000000,QUERY_SPREAD,81
2019-06-28 12:10:00.000000000,BEST_BID,"JPM,100013,158"
2019-06-28 12:10:00.000000000,BEST_ASK,"JPM,100145,193"
2019-06-28 12:10:00.000000000,LAST_TRADE,"9,$100013.0000"
2019-06-28 12:10:00.000000000,QUERY_SPREAD,82
2019-06-28 12:10:00.000000000,BEST_BID,"JPM,100013,155"
2019-06-28 12:10:00.000000000,BEST_ASK,"JPM,100145,193"
2019-06-28 12:10:00.000000000,LAST_TRADE,"3,$100013.0000"
2019-06-28 12:10:00.000000000,QUERY_SPREAD,83
2019-06-28 12:10:00.000000000,BEST_BID,"JPM,100013,147"
2019-06-28 12:10:00.000000000,BEST_ASK,"JPM,100145,193"
2019-06-28 12:10:00.000000000,LAST_TRADE,"8,$100013.0000"
2019-06-28 12:10:00.000000000,QUERY_SPREAD,84
2019-06-28 12:10:00.000000000,BEST_BID,"JPM,100013,143"
2019-06-28 12:10:00.000000000,BEST_ASK,"JPM,100145,193"
2019-06-28 12:10:00.000000000,LAST_TRADE,"4,$100013.0000"
2019-06-28 12:10:00.000000000,QUERY_SPREAD,85
2019-06-28 12:10:00.000000000,BEST_BID,"JPM,100013,138"
2019-06-28 12:10:00.000000000,BEST_ASK,"JPM,100145,193"
2019-06-28 12:10:00.000000000,LAST_TRADE,"5,$100013.0000"
2019-06-28 12:10:00.000000000,QUERY_SPREAD,86
2019-06-28 12:10:00.000000000,BEST_BID,"JPM,100013,136"
2019-06-28 12:10:00.000000000,BEST_ASK,"JPM,100145,193"
2019-06-28 12:10:00.000000000,LAST_TRADE,"2,$100013.0000"
2019-06-28 12:10:00.000000000,QUERY_SPREAD,87
2019-06-28 12:10:00.000000000,BEST_BID,"JPM,100013,129"
2019-06-28 12:10:00.000000000,BEST_ASK,"JPM,100145,193"
2019-06-28 12:10:00.000000000,LAST_TRADE,"7,$100013.0000"
2019-06-28 12:10:00.000000000,QUERY_SPREAD,88
2019-06-28 12:10:00.000000000,BEST_BID,"JPM,100013,121"
2019-06-28 12:10:00.000000000,BEST_ASK,"JPM,100145,193"
2019-06-28 12:10:00.000000000,LAST_TRADE,"8,$100013.0000"
2019-06-28 12:10:00.000000000,QUERY_SPREAD,89
2019-06-28 12:10:00.000000000,BEST_BID,"JPM,100013,116"
2019-06-28 12:10:00.000000000,BEST_ASK,"JPM,100145,193"
2019-06-28 12:10:00.000000000,LAST_TRADE,"5,$100013.0000"
2019-06-28 12:10:00.000000000,QUERY_SPREAD,90
2019-06-28 12:10:00.000000000,BEST_BID,"JPM,100013,112"
2019-06-28 12:10:00.000000000,BEST_ASK,"JPM,100145,193"
2019-06-28 12:10:00.000000000,LAST_TRADE,"4,$100013.0000"
2019-06-28 12:10:00.000000000,QUERY_SPREAD,91
2019-06-28 12:10:00.000000000,BEST_BID,"JPM,100013,109"
2019-06-28 12:10:00.000000000,BEST_ASK,"JPM,100145,193"
2019-06-28 12:10:00.000000000,LAST_TRADE,"3,$100013.0000"
2019-06-28 12:10:00.000000000,QUERY_SPREAD,92
2019-06-28 12:10:00.000000000,BEST_BID,"JPM,100013,104"
2019-06-28 12:10:00.000000000,BEST_ASK,"JPM,100145,193"
2019-06-28 12:10:00.000000000,LAST_TRADE,"5,$100013.0000"
2019-06-28 12:10:00.000000000,QUERY_SPREAD,93
2019-06-28 12:10:00.000000000,BEST_BID,"JPM,100013,97"
2019-06-28 12:10:00.000000000,BEST_ASK,"JPM,100145,193"
2019-06-28 12:10:00.000000000,LAST_TRADE,"7,$100013.0000"
2019-06-28 12:10:00.000000000,QUERY_SPREAD,94
2019-06-28 12:10:00.000000000,BEST_BID,"JPM,100013,96"
2019-06-28 12:10:00.000000000,BEST_ASK,"JPM,100145,193"
2019-06-28 12:10:00.000000000,LAST_TRADE,"1,$100013.0000"
2019-06-28 12:10:00.000000000,QUERY_SPREAD,95
2019-06-28 12:10:00.000000000,BEST_BID,"JPM,100013,95"
2019-06-28 12:10:00.000000000,BEST_ASK,"JPM,100145,193"
2019-06-28 12:10:00.000000000,LAST_TRADE,"1,$100013.0000"
2019-06-28 12:10:00.000000000,QUERY_SPREAD,96
2019-06-28 12:10:00.000000000,BEST_BID,"JPM,100013,91"
2019-06-28 12:10:00.000000000,BEST_ASK,"JPM,100145,193"
2019-06-28 12:10:00.000000000,LAST_TRADE,"4,$100013.0000"
2019-06-28 12:10:00.000000000,QUERY_SPREAD,97
2019-06-28 12:10:00.000000000,BEST_BID,"JPM,100013,88"
2019-06-28 12:10:00.000000000,BEST_ASK,"JPM,100145,193"
2019-06-28 12:10:00.000000000,LAST_TRADE,"3,$100013.0000"
2019-06-28 12:10:00.000000000,QUERY_SPREAD,98
2019-06-28 12:10:00.000000000,BEST_BID,"JPM,100013,83"
2019-06-28 12:10:00.000000000,BEST_ASK,"JPM,100145,193"
2019-06-28 12:10:00.000000000,LAST_TRADE,"5,$100013.0000"
2019-06-28 12:10:00.000000000,QUERY_SPREAD,99
2019-06-28 12:10:00.000000000,BEST_BID,"JPM,100013,79"
2019-06-28 12:10:00.000000000,BEST_ASK,"JPM,100145,193"
2019-06-28 12:10:00.000000000,LAST_TRADE,"4,$100013.0000"
2019-06-28 12:10:00.000000000,QUERY_SPREAD,100
2019-06-28 12:10:00.000000000,BEST_BID,"JPM,100013,74"
2019-06-28 12:10:00.000000000,BEST_ASK,"JPM,100145,193"
2019-06-28 12:10:00.000000000,LAST_TRADE,"5,$100013.0000"
2019-06-28 12:10:00.000000000,QUERY_SPREAD,101
2019-06-28 12:10:00.000000000,BEST_BID,"JPM,100013,74"
2019-06-28 12:10:00.000000000,BEST_ASK,"JPM,100145,192"
2019-06-28 12:10:00.000000000,LAST_TRADE,"1,$100145.0000"
2019-06-28 12:10:05.105271206,QUERY_ORDER_STREAM,65
2019-06-28 12:10:05.105271206,QUERY_SPREAD,65
2019-06-28 12:10:05.105271206,BEST_BID,"JPM,100013,74"
2019-06-28 12:10:05.105271206,BEST_ASK,"JPM,100145,292"
2019-06-28 12:10:08.153109732,QUERY_SPREAD,6
2019-06-28 12:10:08.153109732,BEST_BID,"JPM,99969,193"
2019-06-28 12:10:08.153109732,BEST_ASK,"JPM,100013,26"
2019-06-28 12:10:08.153109732,LAST_TRADE,"74,$100013.0000"
2019-06-28 12:10:10.000000000,QUERY_SPREAD,1
2019-06-28 12:10:10.000000000,BEST_BID,"JPM,99969,193"
2019-06-28 12:10:10.000000000,BEST_ASK,"JPM,100013,26"
2019-06-28 12:10:10.000000000,BEST_BID,"JPM,99969,193"
2019-06-28 12:10:10.000000000,BEST_ASK,"JPM,100013,26"
2019-06-28 12:10:10.000000000,BEST_BID,"JPM,99969,193"
2019-06-28 12:10:10.000000000,BEST_ASK,"JPM,100013,26"
2019-06-28 12:10:10.000000000,BEST_BID,"JPM,99969,193"
2019-06-28 12:10:10.000000000,BEST_ASK,"JPM,100013,26"
2019-06-28 12:10:10.000000000,BEST_BID,"JPM,99969,193"
2019-06-28 12:10:10.000000000,BEST_ASK,"JPM,100013,119"
2019-06-28 12:10:10.000000000,BEST_BID,"JPM,99969,193"
2019-06-28 12:10:10.000000000,BEST_ASK,"JPM,100013,119"
2019-06-28 12:10:10.000000000,BEST_BID,"JPM,99969,193"
2019-06-28 12:10:10.000000000,BEST_ASK,"JPM,100013,119"
2019-06-28 12:10:10.000000000,BEST_BID,"JPM,99969,193"
2019-06-28 12:10:10.000000000,BEST_ASK,"JPM,100013,119"
2019-06-28 12:10:14.624215448,QUERY_SPREAD,11
2019-06-28 12:10:14.624215448,BEST_BID,"JPM,99969,193"
2019-06-28 12:10:14.624215448,BEST_ASK,"JPM,100013,119"
2019-06-28 12:10:20.000000000,QUERY_SPREAD,1
2019-06-28 12:10:20.000000000,BEST_BID,"JPM,99969,286"
2019-06-28 12:10:20.000000000,BEST_ASK,"JPM,100013,26"
2019-06-28 12:10:20.000000000,BEST_BID,"JPM,99969,286"
2019-06-28 12:10:20.000000000,BEST_ASK,"JPM,100013,26"
2019-06-28 12:10:20.000000000,BEST_BID,"JPM,99969,286"
2019-06-28 12:10:20.000000000,BEST_ASK,"JPM,100013,212"
2019-06-28 12:10:20.000000000,BEST_BID,"JPM,99969,286"
2019-06-28 12:10:20.000000000,BEST_ASK,"JPM,100013,212"
2019-06-28 12:10:22.488856970,QUERY_SPREAD,48
2019-06-28 12:10:22.488856970,BEST_BID,"JPM,99969,186"
2019-06-28 12:10:22.488856970,BEST_ASK,"JPM,100013,212"
2019-06-28 12:10:22.488856970,LAST_TRADE,"100,$99969.0000"
2019-06-28 12:10:30.000000000,QUERY_SPREAD,1
2019-06-28 12:10:30.000000000,BEST_BID,"JPM,99865,286"
2019-06-28 12:10:30.000000000,BEST_ASK,"JPM,100013,26"
2019-06-28 12:10:30.000000000,BEST_BID,"JPM,99865,286"
2019-06-28 12:10:30.000000000,BEST_ASK,"JPM,100013,26"
2019-06-28 12:10:30.000000000,BEST_BID,"JPM,99865,286"
2019-06-28 12:10:30.000000000,BEST_ASK,"JPM,100013,212"
2019-06-28 12:10:30.000000000,BEST_BID,"JPM,99865,286"
2019-06-28 12:10:30.000000000,BEST_ASK,"JPM,100013,212"
2019-06-28 12:10:37.995881677,QUERY_ORDER_STREAM,65
2019-06-28 12:10:37.995881677,QUERY_SPREAD,65
2019-06-28 12:10:40.000000000,QUERY_SPREAD,1
2019-06-28 12:10:40.000000000,BEST_BID,"JPM,99865,226"
2019-06-28 12:10:40.000000000,BEST_ASK,"JPM,100013,26"
2019-06-28 12:10:40.000000000,BEST_BID,"JPM,99865,226"
2019-06-28 12:10:40.000000000,BEST_ASK,"JPM,100013,26"
2019-06-28 12:10:40.000000000,BEST_BID,"JPM,99865,226"
2019-06-28 12:10:40.000000000,BEST_ASK,"JPM,100013,26"
2019-06-28 12:10:40.000000000,BEST_BID,"JPM,99865,226"
2019-06-28 12:10:40.000000000,BEST_ASK,"JPM,100013,152"
2019-06-28 12:10:40.000000000,BEST_BID,"JPM,99865,226"
2019-06-28 12:10:40.000000000,BEST_ASK,"JPM,100013,152"
2019-06-28 12:10:40.000000000,BEST_BID,"JPM,99865,226"
2019-06-28 12:10:40.000000000,BEST_ASK,"JPM,100013,152"
2019-06-28 12:10:46.081568490,QUERY_SPREAD,24
2019-06-28 12:10:46.081568490,BEST_BID,"JPM,99944,100"
2019-06-28 12:10:46.081568490,BEST_ASK,"JPM,100013,152"
2019-06-28 12:10:50.000000000,QUERY_SPREAD,1
2019-06-28 12:10:50.000000000,BEST_BID,"JPM,99944,226"
2019-06-28 12:10:50.000000000,BEST_ASK,"JPM,100013,26"
2019-06-28 12:10:50.000000000,BEST_BID,"JPM,99944,226"
2019-06-28 12:10:50.000000000,BEST_ASK,"JPM,100013,26"
2019-06-28 12:10:50.000000000,BEST_BID,"JPM,99944,226"
2019-06-28 12:10:50.000000000,BEST_ASK,"JPM,100013,26"
2019-06-28 12:10:50.000000000,BEST_BID,"JPM,99944,226"
2019-06-28 12:10:50.000000000,BEST_ASK,"JPM,100013,152"
2019-06-28 12:10:50.000000000,BEST_BID,"JPM,99944,226"
2019-06-28 12:10:50.000000000,BEST_ASK,"JPM,100013,152"
2019-06-28 12:10:50.000000000,BEST_BID,"JPM,99944,226"
2019-06-28 12:10:50.000000000,BEST_ASK,"JPM,100013,152"
2019-06-28 12:11:00.000000000,QUERY_SPREAD,1
2019-06-28 12:11:00.000000000,BEST_BID,"JPM,99944,193"
2019-06-28 12:11:00.000000000,BEST_ASK,"JPM,100013,26"
2019-06-28 12:11:00.000000000,BEST_BID,"JPM,99944,193"
2019-06-28 12:11:00.000000000,BEST_ASK,"JPM,100013,26"
2019-06-28 12:11:00.000000000,BEST_BID,"JPM,99944,193"
2019-06-28 12:11:00.000000000,BEST_ASK,"JPM,100013,26"
2019-06-28 12:11:00.000000000,BEST_BID,"JPM,99944,193"
2019-06-28 12:11:00.000000000,BEST_ASK,"JPM,100013,26"
2019-06-28 12:11:00.000000000,BEST_BID,"JPM,99944,193"
2019-06-28 12:11:00.000000000,BEST_ASK,"JPM,100013,119"
2019-06-28 12:11:00.000000000,BEST_BID,"JPM,99944,193"
2019-06-28 12:11:00.000000000,BEST_ASK,"JPM,100013,119"
2019-06-28 12:11:00.000000000,BEST_BID,"JPM,99944,193"
2019-06-28 12:11:00.000000000,BEST_ASK,"JPM,100013,119"
2019-06-28 12:11:00.000000000,BEST_BID,"JPM,99944,193"
2019-06-28 12:11:00.000000000,BEST_ASK,"JPM,100013,119"
2019-06-28 12:11:00.000000000,QUERY_SPREAD,77
2019-06-28 12:11:00.000000000,BEST_BID,"JPM,99944,188"
2019-06-28 12:11:00.000000000,BEST_ASK,"JPM,100013,119"
2019-06-28 12:11:00.000000000,LAST_TRADE,"5,$99944.0000"
2019-06-28 12:11:00.000000000,QUERY_SPREAD,78
2019-06-28 12:11:00.000000000,BEST_BID,"JPM,99944,180"
2019-06-28 12:11:00.000000000,BEST_ASK,"JPM,100013,119"
2019-06-28 12:11:00.000000000,LAST_TRADE,"8,$99944.0000"
2019-06-28 12:11:00.000000000,QUERY_SPREAD,79
2019-06-28 12:11:00.000000000,BEST_BID,"JPM,99944,175"
2019-06-28 12:11:00.000000000,BEST_ASK,"JPM,100013,119"
2019-06-28 12:11:00.000000000,LAST_TRADE,"5,$99944.0000"
2019-06-28 12:11:00.000000000,QUERY_SPREAD,80
2019-06-28 12:11:00.000000000,BEST_BID,"JPM,99944,167"
2019-06-28 12:11:00.000000000,BEST_ASK,"JPM,100013,119"
2019-06-28 12:11:00.000000000,LAST_TRADE,"8,$99944.0000"
2019-06-28 12:11:00.000000000,QUERY_SPREAD,81
2019-06-28 12:11:00.000000000,BEST_BID,"JPM,99944,158"
2019-06-28 12:11:00.000000000,BEST_ASK,"JPM,100013,119"
2019-06-28 12:11:00.000000000,LAST_TRADE,"9,$99944.0000"
2019-06-28 12:11:00.000000000,QUERY_SPREAD,82
2019-06-28 12:11:00.000000000,BEST_BID,"JPM,99944,155"
2019-06-28 12:11:00.000000000,BEST_ASK,"JPM,100013,119"
2019-06-28 12:11:00.000000000,LAST_TRADE,"3,$99944.0000"
2019-06-28 12:11:00.000000000,QUERY_SPREAD,83
2019-06-28 12:11:00.000000000,BEST_BID,"JPM,99944,147"
2019-06-28 12:11:00.000000000,BEST_ASK,"JPM,100013,119"
2019-06-28 12:11:00.000000000,LAST_TRADE,"8,$99944.0000"
2019-06-28 12:11:00.000000000,QUERY_SPREAD,84
2019-06-28 12:11:00.000000000,BEST_BID,"JPM,99944,143"
2019-06-28 12:11:00.000000000,BEST_ASK,"JPM,100013,119"
2019-06-28 12:11:00.000000000,LAST_TRADE,"4,$99944.0000"
2019-06-28 12:11:00.000000000,QUERY_SPREAD,85
2019-06-28 12:11:00.000000000,BEST_BID,"JPM,99944,138"
2019-06-28 12:11:00.000000000,BEST_ASK,"JPM,100013,119"
2019-06-28 12:11:00.000000000,LAST_TRADE,"5,$99944.0000"
2019-06-28 12:11:00.000000000,QUERY_SPREAD,86
2019-06-28 12:11:00.000000000,BEST_BID,"JPM,99944,136"
2019-06-28 12:11:00.000000000,BEST_ASK,"JPM,100013,119"
2019-06-28 12:11:00.000000000,LAST_TRADE,"2,$99944.0000"
2019-06-28 12:11:00.000000000,QUERY_SPREAD,87
2019-06-28 12:11:00.000000000,BEST_BID,"JPM,99944,129"
2019-06-28 12:11:00.000000000,BEST_ASK,"JPM,100013,119"
2019-06-28 12:11:00.000000000,LAST_TRADE,"7,$99944.0000"
2019-06-28 12:11:00.000000000,QUERY_SPREAD,88
2019-06-28 12:11:00.000000000,BEST_BID,"JPM,99944,121"
2019-06-28 12:11:00.000000000,BEST_ASK,"JPM,100013,119"
2019-06-28 12:11:00.000000000,LAST_TRADE,"8,$99944.0000"
2019-06-28 12:11:00.000000000,QUERY_SPREAD,89
2019-06-28 12:11:00.000000000,BEST_BID,"JPM,99944,116"
2019-06-28 12:11:00.000000000,BEST_ASK,"JPM,100013,119"
2019-06-28 12:11:00.000000000,LAST_TRADE,"5,$99944.0000"
2019-06-28 12:11:00.000000000,QUERY_SPREAD,90
2019-06-28 12:11:00.000000000,BEST_BID,"JPM,99944,112"
2019-06-28 12:11:00.000000000,BEST_ASK,"JPM,100013,119"
2019-06-28 12:11:00.000000000,LAST_TRADE,"4,$99944.0000"
2019-06-28 12:11:00.000000000,QUERY_SPREAD,91
2019-06-28 12:11:00.000000000,BEST_BID,"JPM,99944,109"
2019-06-28 12:11:00.000000000,BEST_ASK,"JPM,100013,119"
2019-06-28 12:11:00.000000000,LAST_TRADE,"3,$99944.0000"
2019-06-28 12:11:00.000000000,QUERY_SPREAD,92
2019-06-28 12:11:00.000000000,BEST_BID,"JPM,99944,104"
2019-06-28 12:11:00.000000000,BEST_ASK,"JPM,100013,119"
2019-06-28 12:11:00.000000000,LAST_TRADE,"5,$99944.0000"
2019-06-28 12:11:00.000000000,QUERY_SPREAD,93
2019-06-28 12:11:00.000000000,BEST_BID,"JPM,99944,97"
2019-06-28 12:11:00.000000000,BEST_ASK,"JPM,100013,119"
2019-06-28 12:11:00.000000000,LAST_TRADE,"7,$99944.0000"
2019-06-28 12:11:00.000000000,QUERY_SPREAD,94
2019-06-28 12:11:00.000000000,BEST_BID,"JPM,99944,96"
2019-06-28 12:11:00.000000000,BEST_ASK,"JPM,100013,119"
2019-06-28 12:11:00.000000000,LAST_TRADE,"1,$99944.0000"
2019-06-28 12:11:00.000000000,QUERY_SPREAD,95
2019-06-28 12:11:00.000000000,BEST_BID,"JPM,99944,95"
2019-06-28 12:11:00.000000000,BEST_ASK,"JPM,100013,119"
2019-06-28 12:11:00.000000000,LAST_TRADE,"1,$99944.0000"
2019-06-28 12:11:00.000000000,QUERY_SPREAD,96
2019-06-28 12:11:00.000000000,BEST_BID,"JPM,99944,91"
2019-06-28 12:11:00.000000000,BEST_ASK,"JPM,100013,119"
2019-06-28 12:11:00.000000000,LAST_TRADE,"4,$99944.0000"
2019-06-28 12:11:00.000000000,QUERY_SPREAD,97
2019-06-28 12:11:00.000000000,BEST_BID,"JPM,99944,88"
2019-06-28 12:11:00.000000000,BEST_ASK,"JPM,100013,119"
2019-06-28 12:11:00.000000000,LAST_TRADE,"3,$99944.0000"
2019-06-28 12:11:00.000000000,QUERY_SPREAD,98
2019-06-28 12:11:00.000000000,BEST_BID,"JPM,99944,83"
2019-06-28 12:11:00.000000000,BEST_ASK,"JPM,100013,119"
2019-06-28 12:11:00.000000000,LAST_TRADE,"5,$99944.0000"
2019-06-28 12:11:00.000000000,QUERY_SPREAD,99
2019-06-28 12:11:00.000000000,BEST_BID,"JPM,99944,79"
2019-06-28 12:11:00.000000000,BEST_ASK,"JPM,100013,119"
2019-06-28 12:11:00.000000000,LAST_TRADE,"4,$99944.0000"
2019-06-28 12:11:00.000000000,QUERY_SPREAD,100
2019-06-28 12:11:00.000000000,BEST_BID,"JPM,99944,74"
2019-06-28 12:11:00.000000000,BEST_ASK,"JPM,100013,119"
2019-06-28 12:11:00.000000000,LAST_TRADE,"5,$99944.0000"
2019-06-28 12:11:00.000000000,QUERY_SPREAD,101
2019-06-28 12:11:00.000000000,BEST_BID,"JPM,99944,74"
2019-06-28 12:11:00.000000000,BEST_ASK,"JPM,100013,118"
2019-06-28 12:11:00.000000000,LAST_TRADE,"1,$100013.0000"
2019-06-28 12:11:03.082571861,QUERY_SPREAD,3
2019-06-28 12:11:03.082571861,BEST_BID,"JPM,99865,193"
2019-06-28 12:11:03.082571861,BEST_ASK,"JPM,99944,26"
2019-06-28 12:11:03.082571861,LAST_TRADE,"74,$99944.0000"
2019-06-28 12:11:10.000000000,QUERY_SPREAD,1
2019-06-28 12:11:10.000000000,BEST_BID,"JPM,99865,174"
2019-06-28 12:11:10.000000000,BEST_ASK,"JPM,99944,26"
2019-06-28 12:11:10.000000000,BEST_BID,"JPM,99865,174"
2019-06-28 12:11:10.000000000,BEST_ASK,"JPM,99944,26"
2019-06-28 12:11:10.000000000,BEST_BID,"JPM,99865,174"
2019-06-28 12:11:10.000000000,BEST_ASK,"JPM,99944,26"
2019-06-28 12:11:10.000000000,BEST_BID,"JPM,99865,174"
2019-06-28 12:11:10.000000000,BEST_ASK,"JPM,99944,26"
2019-06-28 12:11:10.000000000,BEST_BID,"JPM,99865,174"
2019-06-28 12:11:10.000000000,BEST_ASK,"JPM,99944,26"
2019-06-28 12:11:10.000000000,BEST_BID,"JPM,99865,174"
2019-06-28 12:11:10.000000000,BEST_ASK,"JPM,99944,100"
2019-06-28 12:11:10.000000000,BEST_BID,"JPM,99865,174"
2019-06-28 12:11:10.000000000,BEST_ASK,"JPM,99944,100"
2019-06-28 12:11:10.000000000,BEST_BID,"JPM,99865,174"
2019-06-28 12:11:10.000000000,BEST_ASK,"JPM,99944,100"
2019-06-28 12:11:10.000000000,BEST_BID,"JPM,99865,174"
2019-06-28 12:11:10.000000000,BEST_ASK,"JPM,99944,100"
2019-06-28 12:11:10.000000000,BEST_BID,"JPM,99865,174"
2019-06-28 12:11:10.000000000,BEST_ASK,"JPM,99944,100"
2019-06-28 12:11:17.195585741,QUERY_SPREAD,9
2019-06-28 12:11:17.195585741,BEST_BID,"JPM,99865,174"
2019-06-28 12:11:17.195585741,BEST_ASK,"JPM,100013,99"
2019-06-28 12:11:17.195585741,LAST_TRADE,"100,$99944.0000"
2019-06-28 12:11:19.736650218,QUERY_SPREAD,31
2019-06-28 12:11:19.736650218,BEST_BID,"JPM,99865,174"
2019-06-28 12:11:19.736650218,BEST_ASK,"JPM,100013,99"
2019-06-28 12:11:20.000000000,QUERY_SPREAD,1
2019-06-28 12:11:20.000000000,BEST_BID,"JPM,99865,286"
2019-06-28 12:11:20.000000000,BEST_ASK,"JPM,100013,25"
2019-06-28 12:11:20.000000000,BEST_BID,"JPM,99865,286"
2019-06-28 12:11:20.000000000,BEST_ASK,"JPM,100013,25"
2019-06-28 12:11:20.000000000,BEST_BID,"JPM,99865,286"
2019-06-28 12:11:20.000000000,BEST_ASK,"JPM,100013,211"
2019-06-28 12:11:20.000000000,BEST_BID,"JPM,99865,286"
2019-06-28 12:11:20.000000000,BEST_ASK,"JPM,100013,211"
2019-06-28 12:11:30.000000000,QUERY_SPREAD,1
2019-06-28 12:11:30.000000000,BEST_BID,"JPM,99865,193"
2019-06-28 12:11:30.000000000,BEST_ASK,"JPM,100013,25"
2019-06-28 12:11:30.000000000,BEST_BID,"JPM,99865,193"
2019-06-28 12:11:30.000000000,BEST_ASK,"JPM,100013,25"
2019-06-28 12:11:30.000000000,BEST_BID,"JPM,99865,193"
2019-06-28 12:11:30.000000000,BEST_ASK,"JPM,100013,25"
2019-06-28 12:11:30.000000000,BEST_BID,"JPM,99865,193"
2019-06-28 12:11:30.000000000,BEST_ASK,"JPM,100013,25"
2019-06-28 12:11:30.000000000,BEST_BID,"JPM,99865,193"
2019-06-28 12:11:30.000000000,BEST_ASK,"JPM,100013,118"
2019-06-28 12:11:30.000000000,BEST_BID,"JPM,99865,193"
2019-06-28 12:11:30.000000000,BEST_ASK,"JPM,100013,118"
2019-06-28 12:11:30.000000000,BEST_BID,"JPM,99865,193"
2019-06-28 12:11:30.000000000,BEST_ASK,"JPM,100013,118"
2019-06-28 12:11:30.000000000,BEST_BID,"JPM,99865,193"
2019-06-28 12:11:30.000000000,BEST_ASK,"JPM,100013,118"
2019-06-28 12:11:40.000000000,QUERY_SPREAD,1
2019-06-28 12:11:40.000000000,BEST_BID,"JPM,99865,226"
2019-06-28 12:11:40.000000000,BEST_ASK,"JPM,100013,25"
2019-06-28 12:11:40.000000000,BEST_BID,"JPM,99865,226"
2019-06-28 12:11:40.000000000,BEST_ASK,"JPM,100013,25"
2019-06-28 12:11:40.000000000,BEST_BID,"JPM,99865,226"
2019-06-28 12:11:40.000000000,BEST_ASK,"JPM,100013,25"
2019-06-28 12:11:40.000000000,BEST_BID,"JPM,99865,226"
2019-06-28 12:11:40.000000000,BEST_ASK,"JPM,100013,151"
2019-06-28 12:11:40.000000000,BEST_BID,"JPM,99865,226"
2019-06-28 12:11:40.000000000,BEST_ASK,"JPM,100013,151"
2019-06-28 12:11:40.000000000,BEST_BID,"JPM,99865,226"
2019-06-28 12:11:40.000000000,BEST_ASK,"JPM,100013,151"
2019-06-28 12:11:50.000000000,QUERY_SPREAD,1
2019-06-28 12:11:50.000000000,BEST_BID,"JPM,99865,226"
2019-06-28 12:11:50.000000000,BEST_ASK,"JPM,100013,25"
2019-06-28 12:11:50.000000000,BEST_BID,"JPM,99865,226"
2019-06-28 12:11:50.000000000,BEST_ASK,"JPM,100013,25"
2019-06-28 12:11:50.000000000,BEST_BID,"JPM,99865,226"
2019-06-28 12:11:50.000000000,BEST_ASK,"JPM,100013,25"
2019-06-28 12:11:50.000000000,BEST_BID,"JPM,99865,226"
2019-06-28 12:11:50.000000000,BEST_ASK,"JPM,100013,151"
2019-06-28 12:11:50.000000000,BEST_BID,"JPM,99865,226"
2019-06-28 12:11:50.000000000,BEST_ASK,"JPM,100013,151"
2019-06-28 12:11:50.000000000,BEST_BID,"JPM,99865,226"
2019-06-28 12:11:50.000000000,BEST_ASK,"JPM,100013,151"
2019-06-28 12:11:50.831827592,QUERY_ORDER_STREAM,58
2019-06-28 12:11:50.831827592,QUERY_SPREAD,58
2019-06-28 12:12:00.000000000,QUERY_SPREAD,1
2019-06-28 12:12:00.000000000,BEST_BID,"JPM,99865,226"
2019-06-28 12:12:00.000000000,BEST_ASK,"JPM,100013,25"
2019-06-28 12:12:00.000000000,BEST_BID,"JPM,99865,226"
2019-06-28 12:12:00.000000000,BEST_ASK,"JPM,100013,25"
2019-06-28 12:12:00.000000000,BEST_BID,"JPM,99865,226"
2019-06-28 12:12:00.000000000,BEST_ASK,"JPM,100013,25"
2019-06-28 12:12:00.000000000,BEST_BID,"JPM,99865,226"
2019-06-28 12:12:00.000000000,BEST_ASK,"JPM,100013,151"
2019-06-28 12:12:00.000000000,BEST_BID,"JPM,99865,226"
2019-06-28 12:12:00.000000000,BEST_ASK,"JPM,100013,151"
2019-06-28 12:12:00.000000000,BEST_BID,"JPM,99865,226"
2019-06-28 12:12:00.000000000,BEST_ASK,"JPM,100013,151"
2019-06-28 12:12:00.000000000,QUERY_SPREAD,77
2019-06-28 12:12:00.000000000,BEST_BID,"JPM,99865,221"
2019-06-28 12:12:00.000000000,BEST_ASK,"JPM,100013,151"
2019-06-28 12:12:00.000000000,LAST_TRADE,"5,$99865.0000"
2019-06-28 12:12:00.000000000,QUERY_SPREAD,78
2019-06-28 12:12:00.000000000,BEST_BID,"JPM,99865,213"
2019-06-28 12:12:00.000000000,BEST_ASK,"JPM,100013,151"
2019-06-28 12:12:00.000000000,LAST_TRADE,"8,$99865.0000"
2019-06-28 12:12:00.000000000,QUERY_SPREAD,79
2019-06-28 12:12:00.000000000,BEST_BID,"JPM,99865,208"
2019-06-28 12:12:00.000000000,BEST_ASK,"JPM,100013,151"
2019-06-28 12:12:00.000000000,LAST_TRADE,"5,$99865.0000"
2019-06-28 12:12:00.000000000,QUERY_SPREAD,80
2019-06-28 12:12:00.000000000,BEST_BID,"JPM,99865,200"
2019-06-28 12:12:00.000000000,BEST_ASK,"JPM,100013,151"
2019-06-28 12:12:00.000000000,LAST_TRADE,"8,$99865.0000"
2019-06-28 12:12:00.000000000,QUERY_SPREAD,81
2019-06-28 12:12:00.000000000,BEST_BID,"JPM,99865,191"
2019-06-28 12:12:00.000000000,BEST_ASK,"JPM,100013,151"
2019-06-28 12:12:00.000000000,LAST_TRADE,"9,$99865.0000"
2019-06-28 12:12:00.000000000,QUERY_SPREAD,82
2019-06-28 12:12:00.000000000,BEST_BID,"JPM,99865,188"
2019-06-28 12:12:00.000000000,BEST_ASK,"JPM,100013,151"
2019-06-28 12:12:00.000000000,LAST_TRADE,"3,$99865.0000"
2019-06-28 12:12:00.000000000,QUERY_SPREAD,83
2019-06-28 12:12:00.000000000,BEST_BID,"JPM,99865,180"
2019-06-28 12:12:00.000000000,BEST_ASK,"JPM,100013,151"
2019-06-28 12:12:00.000000000,LAST_TRADE,"8,$99865.0000"
2019-06-28 12:12:00.000000000,QUERY_SPREAD,84
2019-06-28 12:12:00.000000000,BEST_BID,"JPM,99865,176"
2019-06-28 12:12:00.000000000,BEST_ASK,"JPM,100013,151"
2019-06-28 12:12:00.000000000,LAST_TRADE,"4,$99865.0000"
2019-06-28 12:12:00.000000000,QUERY_SPREAD,85
2019-06-28 12:12:00.000000000,BEST_BID,"JPM,99865,171"
2019-06-28 12:12:00.000000000,BEST_ASK,"JPM,100013,151"
2019-06-28 12:12:00.000000000,LAST_TRADE,"5,$99865.0000"
2019-06-28 12:12:00.000000000,QUERY_SPREAD,86
2019-06-28 12:12:00.000000000,BEST_BID,"JPM,99865,169"
2019-06-28 12:12:00.000000000,BEST_ASK,"JPM,100013,151"
2019-06-28 12:12:00.000000000,LAST_TRADE,"2,$99865.0000"
2019-06-28 12:12:00.000000000,QUERY_SPREAD,87
2019-06-28 12:12:00.000000000,BEST_BID,"JPM,99865,162"
2019-06-28 12:12:00.000000000,BEST_ASK,"JPM,100013,151"
2019-06-28 12:12:00.000000000,LAST_TRADE,"7,$99865.0000"
2019-06-28 12:12:00.000000000,QUERY_SPREAD,88
2019-06-28 12:12:00.000000000,BEST_BID,"JPM,99865,154"
2019-06-28 12:12:00.000000000,BEST_ASK,"JPM,100013,151"
2019-06-28 12:12:00.000000000,LAST_TRADE,"8,$99865.0000"
2019-06-28 12:12:00.000000000,QUERY_SPREAD,89
2019-06-28 12:12:00.000000000,BEST_BID,"JPM,99865,149"
2019-06-28 12:12:00.000000000,BEST_ASK,"JPM,100013,151"
2019-06-28 12:12:00.000000000,LAST_TRADE,"5,$99865.0000"
2019-06-28 12:12:00.000000000,QUERY_SPREAD,90
2019-06-28 12:12:00.000000000,BEST_BID,"JPM,99865,145"
2019-06-28 12:12:00.000000000,BEST_ASK,"JPM,100013,151"
2019-06-28 12:12:00.000000000,LAST_TRADE,"4,$99865.0000"
2019-06-28 12:12:00.000000000,QUERY_SPREAD,91
2019-06-28 12:12:00.000000000,BEST_BID,"JPM,99865,142"
2019-06-28 12:12:00.000000000,BEST_ASK,"JPM,100013,151"
2019-06-28 12:12:00.000000000,LAST_TRADE,"3,$99865.0000"
2019-06-28 12:12:00.000000000,QUERY_SPREAD,92
2019-06-28 12:12:00.000000000,BEST_BID,"JPM,99865,137"
2019-06-28 12:12:00.000000000,BEST_ASK,"JPM,100013,151"
2019-06-28 12:12:00.000000000,LAST_TRADE,"5,$99865.0000"
2019-06-28 12:12:00.000000000,QUERY_SPREAD,93
2019-06-28 12:12:00.000000000,BEST_BID,"JPM,99865,130"
2019-06-28 12:12:00.000000000,BEST_ASK,"JPM,100013,151"
2019-06-28 12:12:00.000000000,LAST_TRADE,"7,$99865.0000"
2019-06-28 12:12:00.000000000,QUERY_SPREAD,94
2019-06-28 12:12:00.000000000,BEST_BID,"JPM,99865,129"
2019-06-28 12:12:00.000000000,BEST_ASK,"JPM,100013,151"
2019-06-28 12:12:00.000000000,LAST_TRADE,"1,$99865.0000"
2019-06-28 12:12:00.000000000,QUERY_SPREAD,95
2019-06-28 12:12:00.000000000,BEST_BID,"JPM,99865,128"
2019-06-28 12:12:00.000000000,BEST_ASK,"JPM,100013,151"
2019-06-28 12:12:00.000000000,LAST_TRADE,"1,$99865.0000"
2019-06-28 12:12:00.000000000,QUERY_SPREAD,96
2019-06-28 12:12:00.000000000,BEST_BID,"JPM,99865,124"
2019-06-28 12:12:00.000000000,BEST_ASK,"JPM,100013,151"
2019-06-28 12:12:00.000000000,LAST_TRADE,"4,$99865.0000"
2019-06-28 12:12:00.000000000,QUERY_SPREAD,97
2019-06-28 12:12:00.000000000,BEST_BID,"JPM,99865,121"
2019-06-28 12:12:00.000000000,BEST_ASK,"JPM,100013,151"
2019-06-28 12:12:00.000000000,LAST_TRADE,"3,$99865.0000"
2019-06-28 12:12:00.000000000,QUERY_SPREAD,98
2019-06-28 12:12:00.000000000,BEST_BID,"JPM,99865,116"
2019-06-28 12:12:00.000000000,BEST_ASK,"JPM,100013,151"
2019-06-28 12:12:00.000000000,LAST_TRADE,"5,$99865.0000"
2019-06-28 12:12:00.000000000,QUERY_SPREAD,99
2019-06-28 12:12:00.000000000,BEST_BID,"JPM,99865,112"
2019-06-28 12:12:00.000000000,BEST_ASK,"JPM,100013,151"
2019-06-28 12:12:00.000000000,LAST_TRADE,"4,$99865.0000"
2019-06-28 12:12:00.000000000,QUERY_SPREAD,100
2019-06-28 12:12:00.000000000,BEST_BID,"JPM,99865,107"
2019-06-28 12:12:00.000000000,BEST_ASK,"JPM,100013,151"
2019-06-28 12:12:00.000000000,LAST_TRADE,"5,$99865.0000"
2019-06-28 12:12:00.000000000,QUERY_SPREAD,101
2019-06-28 12:12:00.000000000,BEST_BID,"JPM,99865,107"
2019-06-28 12:12:00.000000000,BEST_ASK,"JPM,100013,150"
2019-06-28 12:12:00.000000000,LAST_TRADE,"1,$100013.0000"
2019-06-28 12:12:05.405621460,QUERY_ORDER_STREAM,69
2019-06-28 12:12:05.405621460,QUERY_SPREAD,69
2019-06-28 12:12:10.000000000,QUERY_SPREAD,1
2019-06-28 12:12:10.000000000,BEST_BID,"JPM,99858,286"
2019-06-28 12:12:10.000000000,BEST_ASK,"JPM,100013,24"
2019-06-28 12:12:10.000000000,BEST_BID,"JPM,99858,286"
2019-06-28 12:12:10.000000000,BEST_ASK,"JPM,100013,24"
2019-06-28 12:12:10.000000000,BEST_BID,"JPM,99858,286"
2019-06-28 12:12:10.000000000,BEST_ASK,"JPM,100013,210"
2019-06-28 12:12:10.000000000,BEST_BID,"JPM,99858,286"
2019-06-28 12:12:10.000000000,BEST_ASK,"JPM,100013,210"
2019-06-28 12:12:11.767935805,QUERY_SPREAD,4
2019-06-28 12:12:11.767935805,BEST_BID,"JPM,99858,286"
2019-06-28 12:12:11.767935805,BEST_ASK,"JPM,100013,210"
2019-06-28 12:12:20.000000000,QUERY_SPREAD,1
2019-06-28 12:12:20.000000000,BEST_BID,"JPM,99858,193"
2019-06-28 12:12:20.000000000,BEST_ASK,"JPM,100013,24"
2019-06-28 12:12:20.000000000,BEST_BID,"JPM,99858,193"
2019-06-28 12:12:20.000000000,BEST_ASK,"JPM,100013,24"
2019-06-28 12:12:20.000000000,BEST_BID,"JPM,99858,193"
2019-06-28 12:12:20.000000000,BEST_ASK,"JPM,100013,24"
2019-06-28 12:12:20.000000000,BEST_BID,"JPM,99858,193"
2019-06-28 12:12:20.000000000,BEST_ASK,"JPM,100013,24"
2019-06-28 12:12:20.000000000,BEST_BID,"JPM,99858,193"
2019-06-28 12:12:20.000000000,BEST_ASK,"JPM,100013,117"
2019-06-28 12:12:20.000000000,BEST_BID,"JPM,99858,193"
2019-06-28 12:12:20.000000000,BEST_ASK,"JPM,100013,117"
2019-06-28 12:12:20.000000000,BEST_BID,"JPM,99858,193"
2019-06-28 12:12:20.000000000,BEST_ASK,"JPM,100013,117"
2019-06-28 12:12:20.000000000,BEST_BID,"JPM,99858,193"
2019-06-28 12:12:20.000000000,BEST_ASK,"JPM,100013,117"
2019-06-28 12:12:23.632446727,QUERY_SPREAD,19
2019-06-28 12:12:23.632446727,BEST_BID,"JPM,99858,193"
2019-06-28 12:12:23.632446727,BEST_ASK,"JPM,100013,117"
2019-06-28 12:12:30.000000000,QUERY_SPREAD,1
2019-06-28 12:12:30.000000000,BEST_BID,"JPM,99858,226"
2019-06-28 12:12:30.000000000,BEST_ASK,"JPM,100013,24"
2019-06-28 12:12:30.000000000,BEST_BID,"JPM,99858,226"
2019-06-28 12:12:30.000000000,BEST_ASK,"JPM,100013,24"
2019-06-28 12:12:30.000000000,BEST_BID,"JPM,99858,226"
2019-06-28 12:12:30.000000000,BEST_ASK,"JPM,100013,24"
2019-06-28 12:12:30.000000000,BEST_BID,"JPM,99858,226"
2019-06-28 12:12:30.000000000,BEST_ASK,"JPM,100013,150"
2019-06-28 12:12:30.000000000,BEST_BID,"JPM,99858,226"
2019-06-28 12:12:30.000000000,BEST_ASK,"JPM,100013,150"
2019-06-28 12:12:30.000000000,BEST_BID,"JPM,99858,226"
2019-06-28 12:12:30.000000000,BEST_ASK,"JPM,100013,150"
2019-06-28 12:12:40.000000000,QUERY_SPREAD,1
2019-06-28 12:12:40.000000000,BEST_BID,"JPM,99858,226"
2019-06-28 12:12:40.000000000,BEST_ASK,"JPM,100013,24"
2019-06-28 12:12:40.000000000,BEST_BID,"JPM,99858,226"
2019-06-28 12:12:40.000000000,BEST_ASK,"JPM,100013,24"
2019-06-28 12:12:40.000000000,BEST_BID,"JPM,99858,226"
2019-06-28 12:12:40.000000000,BEST_ASK,"JPM,100013,24"
2019-06-28 12:12:40.000000000,BEST_BID,"JPM,99858,226"
2019-06-28 12:12:40.000000000,BEST_ASK,"JPM,100013,150"
2019-06-28 12:12:40.000000000,BEST_BID,"JPM,99858,226"
2019-06-28 12:12:40.000000000,BEST_ASK,"JPM,100013,150"
2019-06-28 12:12:40.000000000,BEST_BID,"JPM,99858,226"
2019-06-28 12:12:40.000000000,BEST_ASK,"JPM,100013,150"
2019-06-28 12:12:50.000000000,QUERY_SPREAD,1
2019-06-28 12:12:50.000000000,BEST_BID,"JPM,99858,286"
2019-06-28 12:12:50.000000000,BEST_ASK,"JPM,100013,24"
2019-06-28 12:12:50.000000000,BEST_BID,"JPM,99858,286"
2019-06-28 12:12:50.000000000,BEST_ASK,"JPM,100013,24"
2019-06-28 12:12:50.000000000,BEST_BID,"JPM,99858,286"
2019-06-28 12:12:50.000000000,BEST_ASK,"JPM,100013,210"
2019-06-28 12:12:50.000000000,BEST_BID,"JPM,99858,286"
2019-06-28 12:12:50.000000000,BEST_ASK,"JPM,100013,210"
2019-06-28 12:13:00.000000000,QUERY_SPREAD,1
2019-06-28 12:13:00.000000000,BEST_BID,"JPM,99858,471"
2019-06-28 12:13:00.000000000,BEST_ASK,"JPM,100013,24"
2019-06-28 12:13:00.000000000,BEST_BID,"JPM,99858,471"
2019-06-28 12:13:00.000000000,BEST_ASK,"JPM,100013,395"
2019-06-28 12:13:00.000000000,QUERY_SPREAD,77
2019-06-28 12:13:00.000000000,BEST_BID,"JPM,99858,466"
2019-06-28 12:13:00.000000000,BEST_ASK,"JPM,100013,395"
2019-06-28 12:13:00.000000000,LAST_TRADE,"5,$99858.0000"
2019-06-28 12:13:00.000000000,QUERY_SPREAD,78
2019-06-28 12:13:00.000000000,BEST_BID,"JPM,99858,458"
2019-06-28 12:13:00.000000000,BEST_ASK,"JPM,100013,395"
2019-06-28 12:13:00.000000000,LAST_TRADE,"8,$99858.0000"
2019-06-28 12:13:00.000000000,QUERY_SPREAD,79
2019-06-28 12:13:00.000000000,BEST_BID,"JPM,99858,453"
2019-06-28 12:13:00.000000000,BEST_ASK,"JPM,100013,395"
2019-06-28 12:13:00.000000000,LAST_TRADE,"5,$99858.0000"
2019-06-28 12:13:00.000000000,QUERY_SPREAD,80
2019-06-28 12:13:00.000000000,BEST_BID,"JPM,99858,445"
2019-06-28 12:13:00.000000000,BEST_ASK,"JPM,100013,395"
2019-06-28 12:13:00.000000000,LAST_TRADE,"8,$99858.0000"
2019-06-28 12:13:00.000000000,QUERY_SPREAD,81
2019-06-28 12:13:00.000000000,BEST_BID,"JPM,99858,436"
2019-06-28 12:13:00.000000000,BEST_ASK,"JPM,100013,395"
2019-06-28 12:13:00.000000000,LAST_TRADE,"9,$99858.0000"
2019-06-28 12:13:00.000000000,QUERY_SPREAD,82
2019-06-28 12:13:00.000000000,BEST_BID,"JPM,99858,433"
2019-06-28 12:13:00.000000000,BEST_ASK,"JPM,100013,395"
2019-06-28 12:13:00.000000000,LAST_TRADE,"3,$99858.0000"
2019-06-28 12:13:00.000000000,QUERY_SPREAD,83
2019-06-28 12:13:00.000000000,BEST_BID,"JPM,99858,425"
2019-06-28 12:13:00.000000000,BEST_ASK,"JPM,100013,395"
2019-06-28 12:13:00.000000000,LAST_TRADE,"8,$99858.0000"
2019-06-28 12:13:00.000000000,QUERY_SPREAD,84
2019-06-28 12:13:00.000000000,BEST_BID,"JPM,99858,421"
2019-06-28 12:13:00.000000000,BEST_ASK,"JPM,100013,395"
2019-06-28 12:13:00.000000000,LAST_TRADE,"4,$99858.0000"
2019-06-28 12:13:00.000000000,QUERY_SPREAD,85
2019-06-28 12:13:00.000000000,BEST_BID,"JPM,99858,416"
2019-06-28 12:13:00.000000000,BEST_ASK,"JPM,100013,395"
2019-06-28 12:13:00.000000000,LAST_TRADE,"5,$99858.0000"
2019-06-28 12:13:00.000000000,QUERY_SPREAD,86
2019-06-28 12:13:00.000000000,BEST_BID,"JPM,99858,414"
2019-06-28 12:13:00.000000000,BEST_ASK,"JPM,100013,395"
2019-06-28 12:13:00.000000000,LAST_TRADE,"2,$99858.0000"
2019-06-28 12:13:00.000000000,QUERY_SPREAD,87
2019-06-28 12:13:00.000000000,BEST_BID,"JPM,99858,407"
2019-06-28 12:13:00.000000000,BEST_ASK,"JPM,100013,395"
2019-06-28 12:13:00.000000000,LAST_TRADE,"7,$99858.0000"
2019-06-28 12:13:00.000000000,QUERY_SPREAD,88
2019-06-28 12:13:00.000000000,BEST_BID,"JPM,99858,399"
2019-06-28 12:13:00.000000000,BEST_ASK,"JPM,100013,395"
2019-06-28 12:13:00.000000000,LAST_TRADE,"8,$99858.0000"
2019-06-28 12:13:00.000000000,QUERY_SPREAD,89
2019-06-28 12:13:00.000000000,BEST_BID,"JPM,99858,394"
2019-06-28 12:13:00.000000000,BEST_ASK,"JPM,100013,395"
2019-06-28 12:13:00.000000000,LAST_TRADE,"5,$99858.0000"
2019-06-28 12:13:00.000000000,QUERY_SPREAD,90
2019-06-28 12:13:00.000000000,BEST_BID,"JPM,99858,390"
2019-06-28 12:13:00.000000000,BEST_ASK,"JPM,100013,395"
2019-06-28 12:13:00.000000000,LAST_TRADE,"4,$99858.0000"
2019-06-28 12:13:00.000000000,QUERY_SPREAD,91
2019-06-28 12:13:00.000000000,BEST_BID,"JPM,99858,387"
2019-06-28 12:13:00.000000000,BEST_ASK,"JPM,100013,395"
2019-06-28 12:13:00.000000000,LAST_TRADE,"3,$99858.0000"
2019-06-28 12:13:00.000000000,QUERY_SPREAD,92
2019-06-28 12:13:00.000000000,BEST_BID,"JPM,99858,382"
2019-06-28 12:13:00.000000000,BEST_ASK,"JPM,100013,395"
2019-06-28 12:13:00.000000000,LAST_TRADE,"5,$99858.0000"
2019-06-28 12:13:00.000000000,QUERY_SPREAD,93
2019-06-28 12:13:00.000000000,BEST_BID,"JPM,99858,375"
2019-06-28 12:13:00.000000000,BEST_ASK,"JPM,100013,395"
2019-06-28 12:13:00.000000000,LAST_TRADE,"7,$99858.0000"
2019-06-28 12:13:00.000000000,QUERY_SPREAD,94
2019-06-28 12:13:00.000000000,BEST_BID,"JPM,99858,374"
2019-06-28 12:13:00.000000000,BEST_ASK,"JPM,100013,395"
2019-06-28 12:13:00.000000000,LAST_TRADE,"1,$99858.0000"
2019-06-28 12:13:00.000000000,QUERY_SPREAD,95
2019-06-28 12:13:00.000000000,BEST_BID,"JPM,99858,373"
2019-06-28 12:13:00.000000000,BEST_ASK,"JPM,100013,395"
2019-06-28 12:13:00.000000000,LAST_TRADE,"1,$99858.0000"
2019-06-28 12:13:00.000000000,QUERY_SPREAD,96
2019-06-28 12:13:00.000000000,BEST_BID,"JPM,99858,369"
2019-06-28 12:13:00.000000000,BEST_ASK,"JPM,100013,395"
2019-06-28 12:13:00.000000000,LAST_TRADE,"4,$99858.0000"
2019-06-28 12:13:00.000000000,QUERY_SPREAD,97
2019-06-28 12:13:00.000000000,BEST_BID,"JPM,99858,366"
2019-06-28 12:13:00.000000000,BEST_ASK,"JPM,100013,395"
2019-06-28 12:13:00.000000000,LAST_TRADE,"3,$99858.0000"
2019-06-28 12:13:00.000000000,QUERY_SPREAD,98
2019-06-28 12:13:00.000000000,BEST_BID,"JPM,99858,361"
2019-06-28 12:13:00.000000000,BEST_ASK,"JPM,100013,395"
2019-06-28 12:13:00.000000000,LAST_TRADE,"5,$99858.0000"
2019-06-28 12:13:00.000000000,QUERY_SPREAD,99
2019-06-28 12:13:00.000000000,BEST_BID,"JPM,99858,357"
2019-06-28 12:13:00.000000000,BEST_ASK,"JPM,100013,395"
2019-06-28 12:13:00.000000000,LAST_TRADE,"4,$99858.0000"
2019-06-28 12:13:00.000000000,QUERY_SPREAD,100
2019-06-28 12:13:00.000000000,BEST_BID,"JPM,99858,352"
2019-06-28 12:13:00.000000000,BEST_ASK,"JPM,100013,395"
2019-06-28 12:13:00.000000000,LAST_TRADE,"5,$99858.0000"
2019-06-28 12:13:00.000000000,QUERY_SPREAD,101
2019-06-28 12:13:00.000000000,BEST_BID,"JPM,99858,352"
2019-06-28 12:13:00.000000000,BEST_ASK,"JPM,100013,394"
2019-06-28 12:13:00.000000000,LAST_TRADE,"1,$100013.0000"
2019-06-28 12:13:10.000000000,QUERY_SPREAD,1
2019-06-28 12:13:10.000000000,BEST_BID,"JPM,99809,193"
2019-06-28 12:13:10.000000000,BEST_ASK,"JPM,100013,23"
2019-06-28 12:13:10.000000000,BEST_BID,"JPM,99809,193"
2019-06-28 12:13:10.000000000,BEST_ASK,"JPM,100013,23"
2019-06-28 12:13:10.000000000,BEST_BID,"JPM,99809,193"
2019-06-28 12:13:10.000000000,BEST_ASK,"JPM,100013,23"
2019-06-28 12:13:10.000000000,BEST_BID,"JPM,99809,193"
2019-06-28 12:13:10.000000000,BEST_ASK,"JPM,100013,23"
2019-06-28 12:13:10.000000000,BEST_BID,"JPM,99809,193"
2019-06-28 12:13:10.000000000,BEST_ASK,"JPM,100013,116"
2019-06-28 12:13:10.000000000,BEST_BID,"JPM,99809,193"
2019-06-28 12:13:10.000000000,BEST_ASK,"JPM,100013,116"
2019-06-28 12:13:10.000000000,BEST_BID,"JPM,99809,193"
2019-06-28 12:13:10.000000000,BEST_ASK,"JPM,100013,116"
2019-06-28 12:13:10.000000000,BEST_BID,"JPM,99809,193"
2019-06-28 12:13:10.000000000,BEST_ASK,"JPM,100013,116"
2019-06-28 12:13:11.338638958,QUERY_SPREAD,3
2019-06-28 12:13:11.338638958,BEST_BID,"JPM,99809,193"
2019-06-28 12:13:11.338638958,BEST_ASK,"JPM,100013,116"
2019-06-28 12:13:20.000000000,QUERY_SPREAD,1
2019-06-28 12:13:20.000000000,BEST_BID,"JPM,99809,471"
2019-06-28 12:13:20.000000000,BEST_ASK,"JPM,100013,23"
2019-06-28 12:13:20.000000000,BEST_BID,"JPM,99809,471"
2019-06-28 12:13:20.000000000,BEST_ASK,"JPM,100013,394"
2019-06-28 12:13:26.440984012,QUERY_ORDER_STREAM,53
2019-06-28 12:13:26.440984012,QUERY_SPREAD,53
2019-06-28 12:13:30.000000000,QUERY_SPREAD,1
2019-06-28 12:13:30.000000000,BEST_BID,"JPM,99809,193"
2019-06-28 12:13:30.000000000,BEST_ASK,"JPM,100013,23"
2019-06-28 12:13:30.000000000,BEST_BID,"JPM,99809,193"
2019-06-28 12:13:30.000000000,BEST_ASK,"JPM,100013,23"
2019-06-28 12:13:30.000000000,BEST_BID,"JPM,99809,193"
2019-06-28 12:13:30.000000000,BEST_ASK,"JPM,100013,23"
2019-06-28 12:13:30.000000000,BEST_BID,"JPM,99809,193"
2019-06-28 12:13:30.000000000,BEST_ASK,"JPM,100013,23"
2019-06-28 12:13:30.000000000,BEST_BID,"JPM,99809,193"
2019-06-28 12:13:30.000000000,BEST_ASK,"JPM,100013,116"
2019-06-28 12:13:30.000000000,BEST_BID,"JPM,99809,193"
2019-06-28 12:13:30.000000000,BEST_ASK,"JPM,100013,116"
2019-06-28 12:13:30.000000000,BEST_BID,"JPM,99809,193"
2019-06-28 12:13:30.000000000,BEST_ASK,"JPM,100013,116"
2019-06-28 12:13:30.000000000,BEST_BID,"JPM,99809,193"
2019-06-28 12:13:30.000000000,BEST_ASK,"JPM,100013,116"
2019-06-28 12:13:40.000000000,QUERY_SPREAD,1
2019-06-28 12:13:40.000000000,BEST_BID,"JPM,99809,226"
2019-06-28 12:13:40.000000000,BEST_ASK,"JPM,100013,23"
2019-06-28 12:13:40.000000000,BEST_BID,"JPM,99809,226"
2019-06-28 12:13:40.000000000,BEST_ASK,"JPM,100013,23"
2019-06-28 12:13:40.000000000,BEST_BID,"JPM,99809,226"
2019-06-28 12:13:40.000000000,BEST_ASK,"JPM,100013,23"
2019-06-28 12:13:40.000000000,BEST_BID,"JPM,99809,226"
2019-06-28 12:13:40.000000000,BEST_ASK,"JPM,100013,149"
2019-06-28 12:13:40.000000000,BEST_BID,"JPM,99809,226"
2019-06-28 12:13:40.000000000,BEST_ASK,"JPM,100013,149"
2019-06-28 12:13:40.000000000,BEST_BID,"JPM,99809,226"
2019-06-28 12:13:40.000000000,BEST_ASK,"JPM,100013,149"
2019-06-28 12:13:50.000000000,QUERY_SPREAD,1
2019-06-28 12:13:50.000000000,BEST_BID,"JPM,99809,471"
2019-06-28 12:13:50.000000000,BEST_ASK,"JPM,100013,23"
2019-06-28 12:13:50.000000000,BEST_BID,"JPM,99809,471"
2019-06-28 12:13:50.000000000,BEST_ASK,"JPM,100013,394"
2019-06-28 12:14:00.000000000,QUERY_SPREAD,1
2019-06-28 12:14:00.000000000,BEST_BID,"JPM,99809,471"
2019-06-28 12:14:00.000000000,BEST_ASK,"JPM,100013,23"
2019-06-28 12:14:00.000000000,BEST_BID,"JPM,99809,471"
2019-06-28 12:14:00.000000000,BEST_ASK,"JPM,100013,394"
2019-06-28 12:14:00.000000000,QUERY_SPREAD,77
2019-06-28 12:14:00.000000000,BEST_BID,"JPM,99809,466"
2019-06-28 12:14:00.000000000,BEST_ASK,"JPM,100013,394"
2019-06-28 12:14:00.000000000,LAST_TRADE,"5,$99809.0000"
2019-06-28 12:14:00.000000000,QUERY_SPREAD,78
2019-06-28 12:14:00.000000000,BEST_BID,"JPM,99809,458"
2019-06-28 12:14:00.000000000,BEST_ASK,"JPM,100013,394"
2019-06-28 12:14:00.000000000,LAST_TRADE,"8,$99809.0000"
2019-06-28 12:14:00.000000000,QUERY_SPREAD,79
2019-06-28 12:14:00.000000000,BEST_BID,"JPM,99809,453"
2019-06-28 12:14:00.000000000,BEST_ASK,"JPM,100013,394"
2019-06-28 12:14:00.000000000,LAST_TRADE,"5,$99809.0000"
2019-06-28 12:14:00.000000000,QUERY_SPREAD,80
2019-06-28 12:14:00.000000000,BEST_BID,"JPM,99809,445"
2019-06-28 12:14:00.000000000,BEST_ASK,"JPM,100013,394"
2019-06-28 12:14:00.000000000,LAST_TRADE,"8,$99809.0000"
2019-06-28 12:14:00.000000000,QUERY_SPREAD,81
2019-06-28 12:14:00.000000000,BEST_BID,"JPM,99809,436"
2019-06-28 12:14:00.000000000,BEST_ASK,"JPM,100013,394"
2019-06-28 12:14:00.000000000,LAST_TRADE,"9,$99809.0000"
2019-06-28 12:14:00.000000000,QUERY_SPREAD,82
2019-06-28 12:14:00.000000000,BEST_BID,"JPM,99809,433"
2019-06-28 12:14:00.000000000,BEST_ASK,"JPM,100013,394"
2019-06-28 12:14:00.000000000,LAST_TRADE,"3,$99809.0000"
2019-06-28 12:14:00.000000000,QUERY_SPREAD,83
2019-06-28 12:14:00.000000000,BEST_BID,"JPM,99809,425"
2019-06-28 12:14:00.000000000,BEST_ASK,"JPM,100013,394"
2019-06-28 12:14:00.000000000,LAST_TRADE,"8,$99809.0000"
2019-06-28 12:14:00.000000000,QUERY_SPREAD,84
2019-06-28 12:14:00.000000000,BEST_BID,"JPM,99809,421"
2019-06-28 12:14:00.000000000,BEST_ASK,"JPM,100013,394"
2019-06-28 12:14:00.000000000,LAST_TRADE,"4,$99809.0000"
2019-06-28 12:14:00.000000000,QUERY_SPREAD,85
2019-06-28 12:14:00.000000000,BEST_BID,"JPM,99809,416"
2019-06-28 12:14:00.000000000,BEST_ASK,"JPM,100013,394"
2019-06-28 12:14:00.000000000,LAST_TRADE,"5,$99809.0000"
2019-06-28 12:14:00.000000000,QUERY_SPREAD,86
2019-06-28 12:14:00.000000000,BEST_BID,"JPM,99809,414"
2019-06-28 12:14:00.000000000,BEST_ASK,"JPM,100013,394"
2019-06-28 12:14:00.000000000,LAST_TRADE,"2,$99809.0000"
2019-06-28 12:14:00.000000000,QUERY_SPREAD,87
2019-06-28 12:14:00.000000000,BEST_BID,"JPM,99809,407"
2019-06-28 12:14:00.000000000,BEST_ASK,"JPM,100013,394"
2019-06-28 12:14:00.000000000,LAST_TRADE,"7,$99809.0000"
2019-06-28 12:14:00.000000000,QUERY_SPREAD,88
2019-06-28 12:14:00.000000000,BEST_BID,"JPM,99809,399"
2019-06-28 12:14:00.000000000,BEST_ASK,"JPM,100013,394"
2019-06-28 12:14:00.000000000,LAST_TRADE,"8,$99809.0000"
2019-06-28 12:14:00.000000000,QUERY_SPREAD,89
2019-06-28 12:14:00.000000000,BEST_BID,"JPM,99809,394"
2019-06-28 12:14:00.000000000,BEST_ASK,"JPM,100013,394"
2019-06-28 12:14:00.000000000,LAST_TRADE,"5,$99809.0000"
2019-06-28 12:14:00.000000000,QUERY_SPREAD,90
2019-06-28 12:14:00.000000000,BEST_BID,"JPM,99809,390"
2019-06-28 12:14:00.000000000,BEST_ASK,"JPM,100013,394"
2019-06-28 12:14:00.000000000,LAST_TRADE,"4,$99809.0000"
2019-06-28 12:14:00.000000000,QUERY_SPREAD,91
2019-06-28 12:14:00.000000000,BEST_BID,"JPM,99809,387"
2019-06-28 12:14:00.000000000,BEST_ASK,"JPM,100013,394"
2019-06-28 12:14:00.000000000,LAST_TRADE,"3,$99809.0000"
2019-06-28 12:14:00.000000000,QUERY_SPREAD,92
2019-06-28 12:14:00.000000000,BEST_BID,"JPM,99809,382"
2019-06-28 12:14:00.000000000,BEST_ASK,"JPM,100013,394"
2019-06-28 12:14:00.000000000,LAST_TRADE,"5,$99809.0000"
2019-06-28 12:14:00.000000000,QUERY_SPREAD,93
2019-06-28 12:14:00.000000000,BEST_BID,"JPM,99809,375"
2019-06-28 12:14:00.000000000,BEST_ASK,"JPM,100013,394"
2019-06-28 12:14:00.000000000,LAST_TRADE,"7,$99809.0000"
2019-06-28 12:14:00.000000000,QUERY_SPREAD,94
2019-06-28 12:14:00.000000000,BEST_BID,"JPM,99809,374"
2019-06-28 12:14:00.000000000,BEST_ASK,"JPM,100013,394"
2019-06-28 12:14:00.000000000,LAST_TRADE,"1,$99809.0000"
2019-06-28 12:14:00.000000000,QUERY_SPREAD,95
2019-06-28 12:14:00.000000000,BEST_BID,"JPM,99809,373"
2019-06-28 12:14:00.000000000,BEST_ASK,"JPM,100013,394"
2019-06-28 12:14:00.000000000,LAST_TRADE,"1,$99809.0000"
2019-06-28 12:14:00.000000000,QUERY_SPREAD,96
2019-06-28 12:14:00.000000000,BEST_BID,"JPM,99809,369"
2019-06-28 12:14:00.000000000,BEST_ASK,"JPM,100013,394"
2019-06-28 12:14:00.000000000,LAST_TRADE,"4,$99809.0000"
2019-06-28 12:14:00.000000000,QUERY_SPREAD,97
2019-06-28 12:14:00.000000000,BEST_BID,"JPM,99809,366"
2019-06-28 12:14:00.000000000,BEST_ASK,"JPM,100013,394"
2019-06-28 12:14:00.000000000,LAST_TRADE,"3,$99809.0000"
2019-06-28 12:14:00.000000000,QUERY_SPREAD,98
2019-06-28 12:14:00.000000000,BEST_BID,"JPM,99809,361"
2019-06-28 12:14:00.000000000,BEST_ASK,"JPM,100013,394"
2019-06-28 12:14:00.000000000,LAST_TRADE,"5,$99809.0000"
2019-06-28 12:14:00.000000000,QUERY_SPREAD,99
2019-06-28 12:14:00.000000000,BEST_BID,"JPM,99809,357"
2019-06-28 12:14:00.000000000,BEST_ASK,"JPM,100013,394"
2019-06-28 12:14:00.000000000,LAST_TRADE,"4,$99809.0000"
2019-06-28 12:14:00.000000000,QUERY_SPREAD,100
2019-06-28 12:14:00.000000000,BEST_BID,"JPM,99809,352"
2019-06-28 12:14:00.000000000,BEST_ASK,"JPM,100013,394"
2019-06-28 12:14:00.000000000,LAST_TRADE,"5,$99809.0000"
2019-06-28 12:14:00.000000000,QUERY_SPREAD,101
2019-06-28 12:14:00.000000000,BEST_BID,"JPM,99809,352"
2019-06-28 12:14:00.000000000,BEST_ASK,"JPM,100013,393"
2019-06-28 12:14:00.000000000,LAST_TRADE,"1,$100013.0000"
2019-06-28 12:14:10.000000000,QUERY_SPREAD,1
2019-06-28 12:14:10.000000000,BEST_BID,"JPM,99807,471"
2019-06-28 12:14:10.000000000,BEST_ASK,"JPM,100013,22"
2019-06-28 12:14:10.000000000,BEST_BID,"JPM,99807,471"
2019-06-28 12:14:10.000000000,BEST_ASK,"JPM,100013,393"
2019-06-28 12:14:10.071033647,QUERY_ORDER_STREAM,58
2019-06-28 12:14:10.071033647,QUERY_SPREAD,58
2019-06-28 12:14:12.246321400,QUERY_ORDER_STREAM,53
2019-06-28 12:14:12.246321400,QUERY_SPREAD,53
2019-06-28 12:14:20.000000000,QUERY_SPREAD,1
2019-06-28 12:14:20.000000000,BEST_BID,"JPM,99807,193"
2019-06-28 12:14:20.000000000,BEST_ASK,"JPM,100013,22"
2019-06-28 12:14:20.000000000,BEST_BID,"JPM,99807,193"
2019-06-28 12:14:20.000000000,BEST_ASK,"JPM,100013,22"
2019-06-28 12:14:20.000000000,BEST_BID,"JPM,99807,193"
2019-06-28 12:14:20.000000000,BEST_ASK,"JPM,100013,22"
2019-06-28 12:14:20.000000000,BEST_BID,"JPM,99807,193"
2019-06-28 12:14:20.000000000,BEST_ASK,"JPM,100013,115"
2019-06-28 12:14:20.000000000,BEST_BID,"JPM,99807,193"
2019-06-28 12:14:20.000000000,BEST_ASK,"JPM,100013,115"
2019-06-28 12:14:20.000000000,BEST_BID,"JPM,99807,193"
2019-06-28 12:14:20.000000000,BEST_ASK,"JPM,100013,115"
2019-06-28 12:14:20.000000000,BEST_BID,"JPM,99807,193"
2019-06-28 12:14:20.000000000,BEST_ASK,"JPM,100013,115"
2019-06-28 12:14:30.000000000,QUERY_SPREAD,1
2019-06-28 12:14:30.000000000,BEST_BID,"JPM,99807,286"
2019-06-28 12:14:30.000000000,BEST_ASK,"JPM,100013,22"
2019-06-28 12:14:30.000000000,BEST_BID,"JPM,99807,286"
2019-06-28 12:14:30.000000000,BEST_ASK,"JPM,100013,22"
2019-06-28 12:14:30.000000000,BEST_BID,"JPM,99807,286"
2019-06-28 12:14:30.000000000,BEST_ASK,"JPM,100013,208"
2019-06-28 12:14:30.000000000,BEST_BID,"JPM,99807,286"
2019-06-28 12:14:30.000000000,BEST_ASK,"JPM,100013,208"
2019-06-28 12:14:40.000000000,QUERY_SPREAD,1
2019-06-28 12:14:40.000000000,BEST_BID,"JPM,99807,193"
2019-06-28 12:14:40.000000000,BEST_ASK,"JPM,100013,22"
2019-06-28 12:14:40.000000000,BEST_BID,"JPM,99807,193"
2019-06-28 12:14:40.000000000,BEST_ASK,"JPM,100013,22"
2019-06-28 12:14:40.000000000,BEST_BID,"JPM,99807,193"
2019-06-28 12:14:40.000000000,BEST_ASK,"JPM,100013,22"
2019-06-28 12:14:40.000000000,BEST_BID,"JPM,99807,193"
2019-06-28 12:14:40.000000000,BEST_ASK,"JPM,100013,115"
2019-06-28 12:14:40.000000000,BEST_BID,"JPM,99807,193"
2019-06-28 12:14:40.000000000,BEST_ASK,"JPM,100013,115"
2019-06-28 12:14:40.000000000,BEST_BID,"JPM,99807,193"
2019-06-28 12:14:40.000000000,BEST_ASK,"JPM,100013,115"
2019-06-28 12:14:40.000000000,BEST_BID,"JPM,99807,193"
2019-06-28 12:14:40.000000000,BEST_ASK,"JPM,100013,115"
2019-06-28 12:14:43.637510098,QUERY_ORDER_STREAM,54
2019-06-28 12:14:43.637510098,QUERY_SPREAD,54
2019-06-28 12:14:43.637510098,BEST_BID,"JPM,99809,100"
2019-06-28 12:14:43.637510098,BEST_ASK,"JPM,100013,115"
2019-06-28 12:14:50.000000000,QUERY_SPREAD,1
2019-06-28 12:14:50.000000000,BEST_BID,"JPM,99809,193"
2019-06-28 12:14:50.000000000,BEST_ASK,"JPM,100013,22"
2019-06-28 12:14:50.000000000,BEST_BID,"JPM,99809,193"
2019-06-28 12:14:50.000000000,BEST_ASK,"JPM,100013,22"
2019-06-28 12:14:50.000000000,BEST_BID,"JPM,99809,193"
2019-06-28 12:14:50.000000000,BEST_ASK,"JPM,100013,22"
2019-06-28 12:14:50.000000000,BEST_BID,"JPM,99809,193"
2019-06-28 12:14:50.000000000,BEST_ASK,"JPM,100013,22"
2019-06-28 12:14:50.000000000,BEST_BID,"JPM,99809,193"
2019-06-28 12:14:50.000000000,BEST_ASK,"JPM,100013,115"
2019-06-28 12:14:50.000000000,BEST_BID,"JPM,99809,193"
2019-06-28 12:14:50.000000000,BEST_ASK,"JPM,100013,115"
2019-06-28 12:14:50.000000000,BEST_BID,"JPM,99809,193"
2019-06-28 12:14:50.000000000,BEST_ASK,"JPM,100013,115"
2019-06-28 12:14:50.000000000,BEST_BID,"JPM,99809,193"
2019-06-28 12:14:50.000000000,BEST_ASK,"JPM,100013,115"
2019-06-28 12:15:00.000000000,QUERY_SPREAD,1
2019-06-28 12:15:00.000000000,BEST_BID,"JPM,99809,193"
2019-06-28 12:15:00.000000000,BEST_ASK,"JPM,100013,22"
2019-06-28 12:15:00.000000000,BEST_BID,"JPM,99809,193"
2019-06-28 12:15:00.000000000,BEST_ASK,"JPM,100013,22"
2019-06-28 12:15:00.000000000,BEST_BID,"JPM,99809,193"
2019-06-28 12:15:00.000000000,BEST_ASK,"JPM,100013,22"
2019-06-28 12:15:00.000000000,BEST_BID,"JPM,99809,193"
2019-06-28 12:15:00.000000000,BEST_ASK,"JPM,100013,22"
2019-06-28 12:15:00.000000000,BEST_BID,"JPM,99809,193"
2019-06-28 12:15:00.000000000,BEST_ASK,"JPM,100013,115"
2019-06-28 12:15:00.000000000,BEST_BID,"JPM,99809,193"
2019-06-28 12:15:00.000000000,BEST_ASK,"JPM,100013,115"
2019-06-28 12:15:00.000000000,BEST_BID,"JPM,99809,193"
2019-06-28 12:15:00.000000000,BEST_ASK,"JPM,100013,115"
2019-06-28 12:15:00.000000000,BEST_BID,"JPM,99809,193"
2019-06-28 12:15:00.000000000,BEST_ASK,"JPM,100013,115"
2019-06-28 12:15:00.000000000,QUERY_SPREAD,77
2019-06-28 12:15:00.000000000,BEST_BID,"JPM,99809,188"
2019-06-28 12:15:00.000000000,BEST_ASK,"JPM,100013,115"
2019-06-28 12:15:00.000000000,LAST_TRADE,"5,$99809.0000"
2019-06-28 12:15:00.000000000,QUERY_SPREAD,78
2019-06-28 12:15:00.000000000,BEST_BID,"JPM,99809,180"
2019-06-28 12:15:00.000000000,BEST_ASK,"JPM,100013,115"
2019-06-28 12:15:00.000000000,LAST_TRADE,"8,$99809.0000"
2019-06-28 12:15:00.000000000,QUERY_SPREAD,79
2019-06-28 12:15:00.000000000,BEST_BID,"JPM,99809,175"
2019-06-28 12:15:00.000000000,BEST_ASK,"JPM,100013,115"
2019-06-28 12:15:00.000000000,LAST_TRADE,"5,$99809.0000"
2019-06-28 12:15:00.000000000,QUERY_SPREAD,80
2019-06-28 12:15:00.000000000,BEST_BID,"JPM,99809,167"
2019-06-28 12:15:00.000000000,BEST_ASK,"JPM,100013,115"
2019-06-28 12:15:00.000000000,LAST_TRADE,"8,$99809.0000"
2019-06-28 12:15:00.000000000,QUERY_SPREAD,81
2019-06-28 12:15:00.000000000,BEST_BID,"JPM,99809,158"
2019-06-28 12:15:00.000000000,BEST_ASK,"JPM,100013,115"
2019-06-28 12:15:00.000000000,LAST_TRADE,"9,$99809.0000"
2019-06-28 12:15:00.000000000,QUERY_SPREAD,82
2019-06-28 12:15:00.000000000,BEST_BID,"JPM,99809,155"
2019-06-28 12:15:00.000000000,BEST_ASK,"JPM,100013,115"
2019-06-28 12:15:00.000000000,LAST_TRADE,"3,$99809.0000"
2019-06-28 12:15:00.000000000,QUERY_SPREAD,83
2019-06-28 12:15:00.000000000,BEST_BID,"JPM,99809,147"
2019-06-28 12:15:00.000000000,BEST_ASK,"JPM,100013,115"
2019-06-28 12:15:00.000000000,LAST_TRADE,"8,$99809.0000"
2019-06-28 12:15:00.000000000,QUERY_SPREAD,84
2019-06-28 12:15:00.000000000,BEST_BID,"JPM,99809,143"
2019-06-28 12:15:00.000000000,BEST_ASK,"JPM,100013,115"
2019-06-28 12:15:00.000000000,LAST_TRADE,"4,$99809.0000"
2019-06-28 12:15:00.000000000,QUERY_SPREAD,85
2019-06-28 12:15:00.000000000,BEST_BID,"JPM,99809,138"
2019-06-28 12:15:00.000000000,BEST_ASK,"JPM,100013,115"
2019-06-28 12:15:00.000000000,LAST_TRADE,"5,$99809.0000"
2019-06-28 12:15:00.000000000,QUERY_SPREAD,86
2019-06-28 12:15:00.000000000,BEST_BID,"JPM,99809,136"
2019-06-28 12:15:00.000000000,BEST_ASK,"JPM,100013,115"
2019-06-28 12:15:00.000000000,LAST_TRADE,"2,$99809.0000"
2019-06-28 12:15:00.000000000,QUERY_SPREAD,87
2019-06-28 12:15:00.000000000,BEST_BID,"JPM,99809,129"
2019-06-28 12:15:00.000000000,BEST_ASK,"JPM,100013,115"
2019-06-28 12:15:00.000000000,LAST_TRADE,"7,$99809.0000"
2019-06-28 12:15:00.000000000,QUERY_SPREAD,88
2019-06-28 12:15:00.000000000,BEST_BID,"JPM,99809,121"
2019-06-28 12:15:00.000000000,BEST_ASK,"JPM,100013,115"
2019-06-28 12:15:00.000000000,LAST_TRADE,"8,$99809.0000"
2019-06-28 12:15:00.000000000,QUERY_SPREAD,89
2019-06-28 12:15:00.000000000,BEST_BID,"JPM,99809,116"
2019-06-28 12:15:00.000000000,BEST_ASK,"JPM,100013,115"
2019-06-28 12:15:00.000000000,LAST_TRADE,"5,$99809.0000"
2019-06-28 12:15:00.000000000,QUERY_SPREAD,90
2019-06-28 12:15:00.000000000,BEST_BID,"JPM,99809,112"
2019-06-28 12:15:00.000000000,BEST_ASK,"JPM,100013,115"
2019-06-28 12:15:00.000000000,LAST_TRADE,"4,$99809.0000"
2019-06-28 12:15:00.000000000,QUERY_SPREAD,91
2019-06-28 12:15:00.000000000,BEST_BID,"JPM,99809,109"
2019-06-28 12:15:00.000000000,BEST_ASK,"JPM,100013,115"
2019-06-28 12:15:00.000000000,LAST_TRADE,"3,$99809.0000"
2019-06-28 12:15:00.000000000,QUERY_SPREAD,92
2019-06-28 12:15:00.000000000,BEST_BID,"JPM,99809,104"
2019-06-28 12:15:00.000000000,BEST_ASK,"JPM,100013,115"
2019-06-28 12:15:00.000000000,LAST_TRADE,"5,$99809.0000"
2019-06-28 12:15:00.000000000,QUERY_SPREAD,93
2019-06-28 12:15:00.000000000,BEST_BID,"JPM,99809,97"
2019-06-28 12:15:00.000000000,BEST_ASK,"JPM,100013,115"
2019-06-28 12:15:00.000000000,LAST_TRADE,"7,$99809.0000"
2019-06-28 12:15:00.000000000,QUERY_SPREAD,94
2019-06-28 12:15:00.000000000,BEST_BID,"JPM,99809,96"
2019-06-28 12:15:00.000000000,BEST_ASK,"JPM,100013,115"
2019-06-28 12:15:00.000000000,LAST_TRADE,"1,$99809.0000"
2019-06-28 12:15:00.000000000,QUERY_SPREAD,95
2019-06-28 12:15:00.000000000,BEST_BID,"JPM,99809,95"
2019-06-28 12:15:00.000000000,BEST_ASK,"JPM,100013,115"
2019-06-28 12:15:00.000000000,LAST_TRADE,"1,$99809.0000"
2019-06-28 12:15:00.000000000,QUERY_SPREAD,96
2019-06-28 12:15:00.000000000,BEST_BID,"JPM,99809,91"
2019-06-28 12:15:00.000000000,BEST_ASK,"JPM,100013,115"
2019-06-28 12:15:00.000000000,LAST_TRADE,"4,$99809.0000"
2019-06-28 12:15:00.000000000,QUERY_SPREAD,97
2019-06-28 12:15:00.000000000,BEST_BID,"JPM,99809,88"
2019-06-28 12:15:00.000000000,BEST_ASK,"JPM,100013,115"
2019-06-28 12:15:00.000000000,LAST_TRADE,"3,$99809.0000"
2019-06-28 12:15:00.000000000,QUERY_SPREAD,98
2019-06-28 12:15:00.000000000,BEST_BID,"JPM,99809,83"
2019-06-28 12:15:00.000000000,BEST_ASK,"JPM,100013,115"
2019-06-28 12:15:00.000000000,LAST_TRADE,"5,$99809.0000"
2019-06-28 12:15:00.000000000,QUERY_SPREAD,99
2019-06-28 12:15:00.000000000,BEST_BID,"JPM,99809,79"
2019-06-28 12:15:00.000000000,BEST_ASK,"JPM,100013,115"
2019-06-28 12:15:00.000000000,LAST_TRADE,"4,$99809.0000"
2019-06-28 12:15:00.000000000,QUERY_SPREAD,100
2019-06-28 12:15:00.000000000,BEST_BID,"JPM,99809,74"
2019-06-28 12:15:00.000000000,BEST_ASK,"JPM,100013,115"
2019-06-28 12:15:00.000000000,LAST_TRADE,"5,$99809.0000"
2019-06-28 12:15:00.000000000,QUERY_SPREAD,101
2019-06-28 12:15:00.000000000,BEST_BID,"JPM,99809,74"
2019-06-28 12:15:00.000000000,BEST_ASK,"JPM,100013,114"
2019-06-28 12:15:00.000000000,LAST_TRADE,"1,$100013.0000"
2019-06-28 12:15:10.000000000,QUERY_SPREAD,1
2019-06-28 12:15:10.000000000,BEST_BID,"JPM,99807,226"
2019-06-28 12:15:10.000000000,BEST_ASK,"JPM,100013,21"
2019-06-28 12:15:10.000000000,BEST_BID,"JPM,99807,226"
2019-06-28 12:15:10.000000000,BEST_ASK,"JPM,100013,21"
2019-06-28 12:15:10.000000000,BEST_BID,"JPM,99807,226"
2019-06-28 12:15:10.000000000,BEST_ASK,"JPM,100013,21"
2019-06-28 12:15:10.000000000,BEST_BID,"JPM,99807,226"
2019-06-28 12:15:10.000000000,BEST_ASK,"JPM,100013,147"
2019-06-28 12:15:10.000000000,BEST_BID,"JPM,99807,226"
2019-06-28 12:15:10.000000000,BEST_ASK,"JPM,100013,147"
2019-06-28 12:15:10.000000000,BEST_BID,"JPM,99807,226"
2019-06-28 12:15:10.000000000,BEST_ASK,"JPM,100013,147"
2019-06-28 12:15:13.524156997,QUERY_SPREAD,4
2019-06-28 12:15:13.524156997,BEST_BID,"JPM,99807,126"
2019-06-28 12:15:13.524156997,BEST_ASK,"JPM,100013,147"
2019-06-28 12:15:13.524156997,LAST_TRADE,"100,$99807.0000"
2019-06-28 12:15:14.120346100,QUERY_SPREAD,41
2019-06-28 12:15:14.120346100,BEST_BID,"JPM,99807,26"
2019-06-28 12:15:14.120346100,BEST_ASK,"JPM,100013,147"
2019-06-28 12:15:14.120346100,LAST_TRADE,"100,$99807.0000"
2019-06-28 12:15:20.000000000,QUERY_SPREAD,1
2019-06-28 12:15:20.000000000,BEST_BID,"JPM,99801,174"
2019-06-28 12:15:20.000000000,BEST_ASK,"JPM,100013,21"
2019-06-28 12:15:20.000000000,BEST_BID,"JPM,99801,174"
2019-06-28 12:15:20.000000000,BEST_ASK,"JPM,100013,21"
2019-06-28 12:15:20.000000000,BEST_BID,"JPM,99801,174"
2019-06-28 12:15:20.000000000,BEST_ASK,"JPM,100013,95"
2019-06-28 12:15:20.000000000,BEST_BID,"JPM,99801,174"
2019-06-28 12:15:20.000000000,BEST_ASK,"JPM,100013,95"
2019-06-28 12:15:20.000000000,BEST_BID,"JPM,99801,174"
2019-06-28 12:15:20.000000000,BEST_ASK,"JPM,100013,95"
2019-06-28 12:15:20.000000000,BEST_BID,"JPM,99801,174"
2019-06-28 12:15:20.000000000,BEST_ASK,"JPM,100013,95"
2019-06-28 12:15:20.000000000,BEST_BID,"JPM,99801,174"
2019-06-28 12:15:20.000000000,BEST_ASK,"JPM,100013,95"
2019-06-28 12:15:21.070123275,QUERY_SPREAD,5
2019-06-28 12:15:21.070123275,BEST_BID,"JPM,99801,74"
2019-06-28 12:15:21.070123275,BEST_ASK,"JPM,100013,95"
2019-06-28 12:15:21.070123275,LAST_TRADE,"100,$99801.0000"
2019-06-28 12:15:30.000000000,QUERY_SPREAD,1
2019-06-28 12:15:40.000000000,QUERY_SPREAD,1
2019-06-28 12:15:40.967095061,QUERY_SPREAD,21
2019-06-28 12:15:40.967095061,BEST_ASK,"JPM,99855,100"
2019-06-28 12:15:45.107731353,QUERY_ORDER_STREAM,54
2019-06-28 12:15:45.107731353,QUERY_SPREAD,54
2019-06-28 12:15:45.107731353,BEST_ASK,"JPM,99807,100"
2019-06-28 12:15:50.000000000,QUERY_SPREAD,1
2019-06-28 12:15:54.906154129,QUERY_SPREAD,35
2019-06-28 12:15:54.906154129,BEST_ASK,"JPM,99807,100"
2019-06-28 12:16:00.000000000,QUERY_SPREAD,1
2019-06-28 12:16:00.000000000,QUERY_SPREAD,77
2019-06-28 12:16:00.000000000,QUERY_SPREAD,78
2019-06-28 12:16:00.000000000,QUERY_SPREAD,79
2019-06-28 12:16:00.000000000,QUERY_SPREAD,80
2019-06-28 12:16:00.000000000,QUERY_SPREAD,81
2019-06-28 12:16:00.000000000,QUERY_SPREAD,82
2019-06-28 12:16:00.000000000,QUERY_SPREAD,83
2019-06-28 12:16:00.000000000,QUERY_SPREAD,84
2019-06-28 12:16:00.000000000,QUERY_SPREAD,85
2019-06-28 12:16:00.000000000,QUERY_SPREAD,86
2019-06-28 12:16:00.000000000,QUERY_SPREAD,87
2019-06-28 12:16:00.000000000,QUERY_SPREAD,88
2019-06-28 12:16:00.000000000,QUERY_SPREAD,89
2019-06-28 12:16:00.000000000,QUERY_SPREAD,90
2019-06-28 12:16:00.000000000,QUERY_SPREAD,91
2019-06-28 12:16:00.000000000,QUERY_SPREAD,92
2019-06-28 12:16:00.000000000,QUERY_SPREAD,93
2019-06-28 12:16:00.000000000,QUERY_SPREAD,94
2019-06-28 12:16:00.000000000,QUERY_SPREAD,95
2019-06-28 12:16:00.000000000,QUERY_SPREAD,96
2019-06-28 12:16:00.000000000,QUERY_SPREAD,97
2019-06-28 12:16:00.000000000,QUERY_SPREAD,98
2019-06-28 12:16:00.000000000,QUERY_SPREAD,99
2019-06-28 12:16:00.000000000,QUERY_SPREAD,100
2019-06-28 12:16:00.000000000,QUERY_SPREAD,101
2019-06-28 12:16:10.000000000,QUERY_SPREAD,1
2019-06-28 12:16:19.093233366,QUERY_SPREAD,27
2019-06-28 12:16:19.093233366,BEST_ASK,"JPM,99523,100"
2019-06-28 12:16:20.000000000,QUERY_SPREAD,1
2019-06-28 12:16:21.451102925,QUERY_SPREAD,18
2019-06-28 12:16:21.451102925,BEST_BID,"JPM,99383,100"
2019-06-28 12:16:21.451102925,BEST_ASK,"JPM,99523,100"
2019-06-28 12:16:30.000000000,QUERY_SPREAD,1
2019-06-28 12:16:30.000000000,BEST_BID,"JPM,99383,174"
2019-06-28 12:16:30.000000000,BEST_ASK,"JPM,99523,100"
2019-06-28 12:16:30.000000000,BEST_BID,"JPM,99383,174"
2019-06-28 12:16:30.000000000,BEST_ASK,"JPM,99523,100"
2019-06-28 12:16:30.000000000,BEST_BID,"JPM,99383,174"
2019-06-28 12:16:30.000000000,BEST_ASK,"JPM,99523,174"
2019-06-28 12:16:30.000000000,BEST_BID,"JPM,99383,174"
2019-06-28 12:16:30.000000000,BEST_ASK,"JPM,99523,174"
2019-06-28 12:16:30.000000000,BEST_BID,"JPM,99383,174"
2019-06-28 12:16:30.000000000,BEST_ASK,"JPM,99523,174"
2019-06-28 12:16:30.000000000,BEST_BID,"JPM,99383,174"
2019-06-28 12:16:30.000000000,BEST_ASK,"JPM,99523,174"
2019-06-28 12:16:30.000000000,BEST_BID,"JPM,99383,174"
2019-06-28 12:16:30.000000000,BEST_ASK,"JPM,99523,174"
2019-06-28 12:16:32.174160155,QUERY_SPREAD,6
2019-06-28 12:16:32.174160155,BEST_BID,"JPM,99383,174"
2019-06-28 12:16:32.174160155,BEST_ASK,"JPM,99523,74"
2019-06-28 12:16:32.174160155,LAST_TRADE,"100,$99523.0000"
2019-06-28 12:16:40.000000000,QUERY_SPREAD,1
2019-06-28 12:16:40.000000000,BEST_BID,"JPM,99383,174"
2019-06-28 12:16:40.000000000,BEST_ASK,"JPM,99807,100"
2019-06-28 12:16:40.000000000,BEST_BID,"JPM,99383,174"
2019-06-28 12:16:40.000000000,BEST_ASK,"JPM,99807,100"
2019-06-28 12:16:40.000000000,BEST_BID,"JPM,99383,174"
2019-06-28 12:16:40.000000000,BEST_ASK,"JPM,99807,174"
2019-06-28 12:16:40.000000000,BEST_BID,"JPM,99383,174"
2019-06-28 12:16:40.000000000,BEST_ASK,"JPM,99807,174"
2019-06-28 12:16:40.000000000,BEST_BID,"JPM,99383,174"
2019-06-28 12:16:40.000000000,BEST_ASK,"JPM,99807,174"
2019-06-28 12:16:40.000000000,BEST_BID,"JPM,99383,174"
2019-06-28 12:16:40.000000000,BEST_ASK,"JPM,99807,174"
2019-06-28 12:16:40.000000000,BEST_BID,"JPM,99383,174"
2019-06-28 12:16:40.000000000,BEST_ASK,"JPM,99807,174"
2019-06-28 12:16:47.766004866,QUERY_SPREAD,51
2019-06-28 12:16:47.766004866,BEST_BID,"JPM,99383,174"
2019-06-28 12:16:47.766004866,BEST_ASK,"JPM,99763,100"
2019-06-28 12:16:50.000000000,QUERY_SPREAD,1
2019-06-28 12:16:50.000000000,BEST_BID,"JPM,99383,471"
2019-06-28 12:16:50.000000000,BEST_ASK,"JPM,99763,100"
2019-06-28 12:16:50.000000000,BEST_BID,"JPM,99383,471"
2019-06-28 12:16:50.000000000,BEST_ASK,"JPM,99763,471"
2019-06-28 12:16:57.073801068,QUERY_SPREAD,15
2019-06-28 12:16:57.073801068,BEST_BID,"JPM,99633,100"
2019-06-28 12:16:57.073801068,BEST_ASK,"JPM,99763,471"
2019-06-28 12:17:00.000000000,QUERY_SPREAD,1
2019-06-28 12:17:00.000000000,BEST_BID,"JPM,99633,193"
2019-06-28 12:17:00.000000000,BEST_ASK,"JPM,99763,100"
2019-06-28 12:17:00.000000000,BEST_BID,"JPM,99633,193"
2019-06-28 12:17:00.000000000,BEST_ASK,"JPM,99763,100"
2019-06-28 12:17:00.000000000,BEST_BID,"JPM,99633,193"
2019-06-28 12:17:00.000000000,BEST_ASK,"JPM,99763,100"
2019-06-28 12:17:00.000000000,BEST_BID,"JPM,99633,193"
2019-06-28 12:17:00.000000000,BEST_ASK,"JPM,99763,193"
2019-06-28 12:17:00.000000000,BEST_BID,"JPM,99633,193"
2019-06-28 12:17:00.000000000,BEST_ASK,"JPM,99763,193"
2019-06-28 12:17:00.000000000,BEST_BID,"JPM,99633,193"
2019-06-28 12:17:00.000000000,BEST_ASK,"JPM,99763,193"
2019-06-28 12:17:00.000000000,BEST_BID,"JPM,99633,193"
2019-06-28 12:17:00.000000000,BEST_ASK,"JPM,99763,193"
2019-06-28 12:17:00.000000000,QUERY_SPREAD,77
2019-06-28 12:17:00.000000000,BEST_BID,"JPM,99633,188"
2019-06-28 12:17:00.000000000,BEST_ASK,"JPM,99763,193"
2019-06-28 12:17:00.000000000,LAST_TRADE,"5,$99633.0000"
2019-06-28 12:17:00.000000000,QUERY_SPREAD,78
2019-06-28 12:17:00.000000000,BEST_BID,"JPM,99633,180"
2019-06-28 12:17:00.000000000,BEST_ASK,"JPM,99763,193"
2019-06-28 12:17:00.000000000,LAST_TRADE,"8,$99633.0000"
2019-06-28 12:17:00.000000000,QUERY_SPREAD,79
2019-06-28 12:17:00.000000000,BEST_BID,"JPM,99633,175"
2019-06-28 12:17:00.000000000,BEST_ASK,"JPM,99763,193"
2019-06-28 12:17:00.000000000,LAST_TRADE,"5,$99633.0000"
2019-06-28 12:17:00.000000000,QUERY_SPREAD,80
2019-06-28 12:17:00.000000000,BEST_BID,"JPM,99633,167"
2019-06-28 12:17:00.000000000,BEST_ASK,"JPM,99763,193"
2019-06-28 12:17:00.000000000,LAST_TRADE,"8,$99633.0000"
2019-06-28 12:17:00.000000000,QUERY_SPREAD,81
2019-06-28 12:17:00.000000000,BEST_BID,"JPM,99633,158"
2019-06-28 12:17:00.000000000,BEST_ASK,"JPM,99763,193"
2019-06-28 12:17:00.000000000,LAST_TRADE,"9,$99633.0000"
2019-06-28 12:17:00.000000000,QUERY_SPREAD,82
2019-06-28 12:17:00.000000000,BEST_BID,"JPM,99633,155"
2019-06-28 12:17:00.000000000,BEST_ASK,"JPM,99763,193"
2019-06-28 12:17:00.000000000,LAST_TRADE,"3,$99633.0000"
2019-06-28 12:17:00.000000000,QUERY_SPREAD,83
2019-06-28 12:17:00.000000000,BEST_BID,"JPM,99633,147"
2019-06-28 12:17:00.000000000,BEST_ASK,"JPM,99763,193"
2019-06-28 12:17:00.000000000,LAST_TRADE,"8,$99633.0000"
2019-06-28 12:17:00.000000000,QUERY_SPREAD,84
2019-06-28 12:17:00.000000000,BEST_BID,"JPM,99633,143"
2019-06-28 12:17:00.000000000,BEST_ASK,"JPM,99763,193"
2019-06-28 12:17:00.000000000,LAST_TRADE,"4,$99633.0000"
2019-06-28 12:17:00.000000000,QUERY_SPREAD,85
2019-06-28 12:17:00.000000000,BEST_BID,"JPM,99633,138"
2019-06-28 12:17:00.000000000,BEST_ASK,"JPM,99763,193"
2019-06-28 12:17:00.000000000,LAST_TRADE,"5,$99633.0000"
2019-06-28 12:17:00.000000000,QUERY_SPREAD,86
2019-06-28 12:17:00.000000000,BEST_BID,"JPM,99633,136"
2019-06-28 12:17:00.000000000,BEST_ASK,"JPM,99763,193"
2019-06-28 12:17:00.000000000,LAST_TRADE,"2,$99633.0000"
2019-06-28 12:17:00.000000000,QUERY_SPREAD,87
2019-06-28 12:17:00.000000000,BEST_BID,"JPM,99633,129"
2019-06-28 12:17:00.000000000,BEST_ASK,"JPM,99763,193"
2019-06-28 12:17:00.000000000,LAST_TRADE,"7,$99633.0000"
2019-06-28 12:17:00.000000000,QUERY_SPREAD,88
2019-06-28 12:17:00.000000000,BEST_BID,"JPM,99633,121"
2019-06-28 12:17:00.000000000,BEST_ASK,"JPM,99763,193"
2019-06-28 12:17:00.000000000,LAST_TRADE,"8,$99633.0000"
2019-06-28 12:17:00.000000000,QUERY_SPREAD,89
2019-06-28 12:17:00.000000000,BEST_BID,"JPM,99633,116"
2019-06-28 12:17:00.000000000,BEST_ASK,"JPM,99763,193"
2019-06-28 12:17:00.000000000,LAST_TRADE,"5,$99633.0000"
2019-06-28 12:17:00.000000000,QUERY_SPREAD,90
2019-06-28 12:17:00.000000000,BEST_BID,"JPM,99633,112"
2019-06-28 12:17:00.000000000,BEST_ASK,"JPM,99763,193"
2019-06-28 12:17:00.000000000,LAST_TRADE,"4,$99633.0000"
2019-06-28 12:17:00.000000000,QUERY_SPREAD,91
2019-06-28 12:17:00.000000000,BEST_BID,"JPM,99633,109"
2019-06-28 12:17:00.000000000,BEST_ASK,"JPM,99763,193"
2019-06-28 12:17:00.000000000,LAST_TRADE,"3,$99633.0000"
2019-06-28 12:17:00.000000000,QUERY_SPREAD,92
2019-06-28 12:17:00.000000000,BEST_BID,"JPM,99633,104"
2019-06-28 12:17:00.000000000,BEST_ASK,"JPM,99763,193"
2019-06-28 12:17:00.000000000,LAST_TRADE,"5,$99633.0000"
2019-06-28 12:17:00.000000000,QUERY_SPREAD,93
2019-06-28 12:17:00.000000000,BEST_BID,"JPM,99633,97"
2019-06-28 12:17:00.000000000,BEST_ASK,"JPM,99763,193"
2019-06-28 12:17:00.000000000,LAST_TRADE,"7,$99633.0000"
2019-06-28 12:17:00.000000000,QUERY_SPREAD,94
2019-06-28 12:17:00.000000000,BEST_BID,"JPM,99633,96"
2019-06-28 12:17:00.000000000,BEST_ASK,"JPM,99763,193"
2019-06-28 12:17:00.000000000,LAST_TRADE,"1,$99633.0000"
2019-06-28 12:17:00.000000000,QUERY_SPREAD,95
2019-06-28 12:17:00.000000000,BEST_BID,"JPM,99633,95"
2019-06-28 12:17:00.000000000,BEST_ASK,"JPM,99763,193"
2019-06-28 12:17:00.000000000,LAST_TRADE,"1,$99633.0000"
2019-06-28 12:17:00.000000000,QUERY_SPREAD,96
2019-06-28 12:17:00.000000000,BEST_BID,"JPM,99633,91"
2019-06-28 12:17:00.000000000,BEST_ASK,"JPM,99763,193"
2019-06-28 12:17:00.000000000,LAST_TRADE,"4,$99633.0000"
2019-06-28 12:17:00.000000000,QUERY_SPREAD,97
2019-06-28 12:17:00.000000000,BEST_BID,"JPM,99633,88"
2019-06-28 12:17:00.000000000,BEST_ASK,"JPM,99763,193"
2019-06-28 12:17:00.000000000,LAST_TRADE,"3,$99633.0000"
2019-06-28 12:17:00.000000000,QUERY_SPREAD,98
2019-06-28 12:17:00.000000000,BEST_BID,"JPM,99633,83"
2019-06-28 12:17:00.000000000,BEST_ASK,"JPM,99763,193"
2019-06-28 12:17:00.000000000,LAST_TRADE,"5,$99633.0000"
2019-06-28 12:17:00.000000000,QUERY_SPREAD,99
2019-06-28 12:17:00.000000000,BEST_BID,"JPM,99633,79"
2019-06-28 12:17:00.000000000,BEST_ASK,"JPM,99763,193"
2019-06-28 12:17:00.000000000,LAST_TRADE,"4,$99633.0000"
2019-06-28 12:17:00.000000000,QUERY_SPREAD,100
2019-06-28 12:17:00.000000000,BEST_BID,"JPM,99633,74"
2019-06-28 12:17:00.000000000,BEST_ASK,"JPM,99763,193"
2019-06-28 12:17:00.000000000,LAST_TRADE,"5,$99633.0000"
2019-06-28 12:17:00.000000000,QUERY_SPREAD,101
2019-06-28 12:17:00.000000000,BEST_BID,"JPM,99633,74"
2019-06-28 12:17:00.000000000,BEST_ASK,"JPM,99763,192"
2019-06-28 12:17:00.000000000,LAST_TRADE,"1,$99763.0000"
2019-06-28 12:17:10.000000000,QUERY_SPREAD,1
2019-06-28 12:17:10.000000000,BEST_BID,"JPM,99383,174"
2019-06-28 12:17:10.000000000,BEST_ASK,"JPM,99763,99"
2019-06-28 12:17:10.000000000,BEST_BID,"JPM,99383,174"
2019-06-28 12:17:10.000000000,BEST_ASK,"JPM,99763,99"
2019-06-28 12:17:10.000000000,BEST_BID,"JPM,99383,174"
2019-06-28 12:17:10.000000000,BEST_ASK,"JPM,99763,173"
2019-06-28 12:17:10.000000000,BEST_BID,"JPM,99383,174"
2019-06-28 12:17:10.000000000,BEST_ASK,"JPM,99763,173"
2019-06-28 12:17:10.000000000,BEST_BID,"JPM,99383,174"
2019-06-28 12:17:10.000000000,BEST_ASK,"JPM,99763,173"
2019-06-28 12:17:10.000000000,BEST_BID,"JPM,99383,174"
2019-06-28 12:17:10.000000000,BEST_ASK,"JPM,99763,173"
2019-06-28 12:17:10.000000000,BEST_BID,"JPM,99383,174"
2019-06-28 12:17:10.000000000,BEST_ASK,"JPM,99763,173"
2019-06-28 12:17:20.000000000,QUERY_SPREAD,1
2019-06-28 12:17:20.000000000,BEST_BID,"JPM,99383,193"
2019-06-28 12:17:20.000000000,BEST_ASK,"JPM,99763,99"
2019-06-28 12:17:20.000000000,BEST_BID,"JPM,99383,193"
2019-06-28 12:17:20.000000000,BEST_ASK,"JPM,99763,99"
2019-06-28 12:17:20.000000000,BEST_BID,"JPM,99383,193"
2019-06-28 12:17:20.000000000,BEST_ASK,"JPM,99763,192"
2019-06-28 12:17:20.000000000,BEST_BID,"JPM,99383,193"
2019-06-28 12:17:20.000000000,BEST_ASK,"JPM,99763,192"
2019-06-28 12:17:20.000000000,BEST_BID,"JPM,99383,193"
2019-06-28 12:17:20.000000000,BEST_ASK,"JPM,99763,192"
2019-06-28 12:17:20.000000000,BEST_BID,"JPM,99383,193"
2019-06-28 12:17:20.000000000,BEST_ASK,"JPM,99763,192"
2019-06-28 12:17:30.000000000,QUERY_SPREAD,1
2019-06-28 12:17:30.000000000,BEST_BID,"JPM,99383,193"
2019-06-28 12:17:30.000000000,BEST_ASK,"JPM,99763,99"
2019-06-28 12:17:30.000000000,BEST_BID,"JPM,99383,193"
2019-06-28 12:17:30.000000000,BEST_ASK,"JPM,99763,99"
2019-06-28 12:17:30.000000000,BEST_BID,"JPM,99383,193"
2019-06-28 12:17:30.000000000,BEST_ASK,"JPM,99763,192"
2019-06-28 12:17:30.000000000,BEST_BID,"JPM,99383,193"
2019-06-28 12:17:30.000000000,BEST_ASK,"JPM,99763,192"
2019-06-28 12:17:30.000000000,BEST_BID,"JPM,99383,193"
2019-06-28 12:17:30.000000000,BEST_ASK,"JPM,99763,192"
2019-06-28 12:17:30.000000000,BEST_BID,"JPM,99383,193"
2019-06-28 12:17:30.000000000,BEST_ASK,"JPM,99763,192"
2019-06-28 12:17:33.380227705,QUERY_ORDER_STREAM,58
2019-06-28 12:17:33.380227705,QUERY_SPREAD,58
2019-06-28 12:17:33.380227705,BEST_BID,"JPM,99633,100"
2019-06-28 12:17:33.380227705,BEST_ASK,"JPM,99763,192"
2019-06-28 12:17:40.000000000,QUERY_SPREAD,1
2019-06-28 12:17:40.000000000,BEST_BID,"JPM,99633,286"
2019-06-28 12:17:40.000000000,BEST_ASK,"JPM,99763,99"
2019-06-28 12:17:40.000000000,BEST_BID,"JPM,99633,286"
2019-06-28 12:17:40.000000000,BEST_ASK,"JPM,99763,99"
2019-06-28 12:17:40.000000000,BEST_BID,"JPM,99633,286"
2019-06-28 12:17:40.000000000,BEST_ASK,"JPM,99763,285"
2019-06-28 12:17:40.000000000,BEST_BID,"JPM,99633,286"
2019-06-28 12:17:40.000000000,BEST_ASK,"JPM,99763,285"
2019-06-28 12:17:47.796294949,QUERY_SPREAD,22
2019-06-28 12:17:47.796294949,BEST_BID,"JPM,99633,286"
2019-06-28 12:17:47.796294949,BEST_ASK,"JPM,99763,185"
2019-06-28 12:17:47.796294949,LAST_TRADE,"100,$99763.0000"
2019-06-28 12:17:50.000000000,QUERY_SPREAD,1
2019-06-28 12:17:50.000000000,BEST_BID,"JPM,99633,286"
2019-06-28 12:17:50.000000000,BEST_ASK,"JPM,99807,100"
2019-06-28 12:17:50.000000000,BEST_BID,"JPM,99633,286"
2019-06-28 12:17:50.000000000,BEST_ASK,"JPM,99807,100"
2019-06-28 12:17:50.000000000,BEST_BID,"JPM,99633,286"
2019-06-28 12:17:50.000000000,BEST_ASK,"JPM,99807,286"
2019-06-28 12:17:50.000000000,BEST_BID,"JPM,99633,286"
2019-06-28 12:17:50.000000000,BEST_ASK,"JPM,99807,286"
2019-06-28 12:18:00.000000000,QUERY_SPREAD,1
2019-06-28 12:18:00.000000000,BEST_BID,"JPM,99633,471"
2019-06-28 12:18:00.000000000,BEST_ASK,"JPM,99807,100"
2019-06-28 12:18:00.000000000,BEST_BID,"JPM,99633,471"
2019-06-28 12:18:00.000000000,BEST_ASK,"JPM,99807,471"
2019-06-28 12:18:00.000000000,QUERY_SPREAD,77
2019-06-28 12:18:00.000000000,BEST_BID,"JPM,99633,466"
2019-06-28 12:18:00.000000000,BEST_ASK,"JPM,99807,471"
2019-06-28 12:18:00.000000000,LAST_TRADE,"5,$99633.0000"
2019-06-28 12:18:00.000000000,QUERY_SPREAD,78
2019-06-28 12:18:00.000000000,BEST_BID,"JPM,99633,458"
2019-06-28 12:18:00.000000000,BEST_ASK,"JPM,99807,471"
2019-06-28 12:18:00.000000000,LAST_TRADE,"8,$99633.0000"
2019-06-28 12:18:00.000000000,QUERY_SPREAD,79
2019-06-28 12:18:00.000000000,BEST_BID,"JPM,99633,453"
2019-06-28 12:18:00.000000000,BEST_ASK,"JPM,99807,471"
2019-06-28 12:18:00.000000000,LAST_TRADE,"5,$99633.0000"
2019-06-28 12:18:00.000000000,QUERY_SPREAD,80
2019-06-28 12:18:00.000000000,BEST_BID,"JPM,99633,445"
2019-06-28 12:18:00.000000000,BEST_ASK,"JPM,99807,471"
2019-06-28 12:18:00.000000000,LAST_TRADE,"8,$99633.0000"
2019-06-28 12:18:00.000000000,QUERY_SPREAD,81
2019-06-28 12:18:00.000000000,BEST_BID,"JPM,99633,436"
2019-06-28 12:18:00.000000000,BEST_ASK,"JPM,99807,471"
2019-06-28 12:18:00.000000000,LAST_TRADE,"9,$99633.0000"
2019-06-28 12:18:00.000000000,QUERY_SPREAD,82
2019-06-28 12:18:00.000000000,BEST_BID,"JPM,99633,433"
2019-06-28 12:18:00.000000000,BEST_ASK,"JPM,99807,471"
2019-06-28 12:18:00.000000000,LAST_TRADE,"3,$99633.0000"
2019-06-28 12:18:00.000000000,QUERY_SPREAD,83
2019-06-28 12:18:00.000000000,BEST_BID,"JPM,99633,425"
2019-06-28 12:18:00.000000000,BEST_ASK,"JPM,99807,471"
2019-06-28 12:18:00.000000000,LAST_TRADE,"8,$99633.0000"
2019-06-28 12:18:00.000000000,QUERY_SPREAD,84
2019-06-28 12:18:00.000000000,BEST_BID,"JPM,99633,421"
2019-06-28 12:18:00.000000000,BEST_ASK,"JPM,99807,471"
2019-06-28 12:18:00.000000000,LAST_TRADE,"4,$99633.0000"
2019-06-28 12:18:00.000000000,QUERY_SPREAD,85
2019-06-28 12:18:00.000000000,BEST_BID,"JPM,99633,416"
2019-06-28 12:18:00.000000000,BEST_ASK,"JPM,99807,471"
2019-06-28 12:18:00.000000000,LAST_TRADE,"5,$99633.0000"
2019-06-28 12:18:00.000000000,QUERY_SPREAD,86
2019-06-28 12:18:00.000000000,BEST_BID,"JPM,99633,414"
2019-06-28 12:18:00.000000000,BEST_ASK,"JPM,99807,471"
2019-06-28 12:18:00.000000000,LAST_TRADE,"2,$99633.0000"
2019-06-28 12:18:00.000000000,QUERY_SPREAD,87
2019-06-28 12:18:00.000000000,BEST_BID,"JPM,99633,407"
2019-06-28 12:18:00.000000000,BEST_ASK,"JPM,99807,471"
2019-06-28 12:18:00.000000000,LAST_TRADE,"7,$99633.0000"
2019-06-28 12:18:00.000000000,QUERY_SPREAD,88
2019-06-28 12:18:00.000000000,BEST_BID,"JPM,99633,399"
2019-06-28 12:18:00.000000000,BEST_ASK,"JPM,99807,471"
2019-06-28 12:18:00.000000000,LAST_TRADE,"8,$99633.0000"
2019-06-28 12:18:00.000000000,QUERY_SPREAD,89
2019-06-28 12:18:00.000000000,BEST_BID,"JPM,99633,394"
2019-06-28 12:18:00.000000000,BEST_ASK,"JPM,99807,471"
2019-06-28 12:18:00.000000000,LAST_TRADE,"5,$99633.0000"
2019-06-28 12:18:00.000000000,QUERY_SPREAD,90
2019-06-28 12:18:00.000000000,BEST_BID,"JPM,99633,390"
2019-06-28 12:18:00.000000000,BEST_ASK,"JPM,99807,471"
2019-06-28 12:18:00.000000000,LAST_TRADE,"4,$99633.0000"
2019-06-28 12:18:00.000000000,QUERY_SPREAD,91
2019-06-28 12:18:00.000000000,BEST_BID,"JPM,99633,387"
2019-06-28 12:18:00.000000000,BEST_ASK,"JPM,99807,471"
2019-06-28 12:18:00.000000000,LAST_TRADE,"3,$99633.0000"
2019-06-28 12:18:00.000000000,QUERY_SPREAD,92
2019-06-28 12:18:00.000000000,BEST_BID,"JPM,99633,382"
2019-06-28 12:18:00.000000000,BEST_ASK,"JPM,99807,471"
2019-06-28 12:18:00.000000000,LAST_TRADE,"5,$99633.0000"
2019-06-28 12:18:00.000000000,QUERY_SPREAD,93
2019-06-28 12:18:00.000000000,BEST_BID,"JPM,99633,375"
2019-06-28 12:18:00.000000000,BEST_ASK,"JPM,99807,471"
2019-06-28 12:18:00.000000000,LAST_TRADE,"7,$99633.0000"
2019-06-28 12:18:00.000000000,QUERY_SPREAD,94
2019-06-28 12:18:00.000000000,BEST_BID,"JPM,99633,374"
2019-06-28 12:18:00.000000000,BEST_ASK,"JPM,99807,471"
2019-06-28 12:18:00.000000000,LAST_TRADE,"1,$99633.0000"
2019-06-28 12:18:00.000000000,QUERY_SPREAD,95
2019-06-28 12:18:00.000000000,BEST_BID,"JPM,99633,373"
2019-06-28 12:18:00.000000000,BEST_ASK,"JPM,99807,471"
2019-06-28 12:18:00.000000000,LAST_TRADE,"1,$99633.0000"
2019-06-28 12:18:00.000000000,QUERY_SPREAD,96
2019-06-28 12:18:00.000000000,BEST_BID,"JPM,99633,369"
2019-06-28 12:18:00.000000000,BEST_ASK,"JPM,99807,471"
2019-06-28 12:18:00.000000000,LAST_TRADE,"4,$99633.0000"
2019-06-28 12:18:00.000000000,QUERY_SPREAD,97
2019-06-28 12:18:00.000000000,BEST_BID,"JPM,99633,366"
2019-06-28 12:18:00.000000000,BEST_ASK,"JPM,99807,471"
2019-06-28 12:18:00.000000000,LAST_TRADE,"3,$99633.0000"
2019-06-28 12:18:00.000000000,QUERY_SPREAD,98
2019-06-28 12:18:00.000000000,BEST_BID,"JPM,99633,361"
2019-06-28 12:18:00.000000000,BEST_ASK,"JPM,99807,471"
2019-06-28 12:18:00.000000000,LAST_TRADE,"5,$99633.0000"
2019-06-28 12:18:00.000000000,QUERY_SPREAD,99
2019-06-28 12:18:00.000000000,BEST_BID,"JPM,99633,357"
2019-06-28 12:18:00.000000000,BEST_ASK,"JPM,99807,471"
2019-06-28 12:18:00.000000000,LAST_TRADE,"4,$99633.0000"
2019-06-28 12:18:00.000000000,QUERY_SPREAD,100
2019-06-28 12:18:00.000000000,BEST_BID,"JPM,99633,352"
2019-06-28 12:18:00.000000000,BEST_ASK,"JPM,99807,471"
2019-06-28 12:18:00.000000000,LAST_TRADE,"5,$99633.0000"
2019-06-28 12:18:00.000000000,QUERY_SPREAD,101
2019-06-28 12:18:00.000000000,BEST_BID,"JPM,99633,352"
2019-06-28 12:18:00.000000000,BEST_ASK,"JPM,99807,470"
2019-06-28 12:18:00.000000000,LAST_TRADE,"1,$99807.0000"
2019-06-28 12:18:10.000000000,QUERY_SPREAD,1
2019-06-28 12:18:10.000000000,BEST_BID,"JPM,99383,226"
2019-06-28 12:18:10.000000000,BEST_ASK,"JPM,99807,99"
2019-06-28 12:18:10.000000000,BEST_BID,"JPM,99383,226"
2019-06-28 12:18:10.000000000,BEST_ASK,"JPM,99807,99"
2019-06-28 12:18:10.000000000,BEST_BID,"JPM,99383,226"
2019-06-28 12:18:10.000000000,BEST_ASK,"JPM,99807,225"
2019-06-28 12:18:10.000000000,BEST_BID,"JPM,99383,226"
2019-06-28 12:18:10.000000000,BEST_ASK,"JPM,99807,225"
2019-06-28 12:18:10.000000000,BEST_BID,"JPM,99383,226"
2019-06-28 12:18:10.000000000,BEST_ASK,"JPM,99807,225"
2019-06-28 12:18:20.000000000,QUERY_SPREAD,1
2019-06-28 12:18:20.000000000,BEST_BID,"JPM,99383,174"
2019-06-28 12:18:20.000000000,BEST_ASK,"JPM,99807,99"
2019-06-28 12:18:20.000000000,BEST_BID,"JPM,99383,174"
2019-06-28 12:18:20.000000000,BEST_ASK,"JPM,99807,99"
2019-06-28 12:18:20.000000000,BEST_BID,"JPM,99383,174"
2019-06-28 12:18:20.000000000,BEST_ASK,"JPM,99807,173"
2019-06-28 12:18:20.000000000,BEST_BID,"JPM,99383,174"
2019-06-28 12:18:20.000000000,BEST_ASK,"JPM,99807,173"
2019-06-28 12:18:20.000000000,BEST_BID,"JPM,99383,174"
2019-06-28 12:18:20.000000000,BEST_ASK,"JPM,99807,173"
2019-06-28 12:18:20.000000000,BEST_BID,"JPM,99383,174"
2019-06-28 12:18:20.000000000,BEST_ASK,"JPM,99807,173"
2019-06-28 12:18:20.000000000,BEST_BID,"JPM,99383,174"
2019-06-28 12:18:20.000000000,BEST_ASK,"JPM,99807,173"
2019-06-28 12:18:23.705102613,QUERY_SPREAD,44
2019-06-28 12:18:23.705102613,BEST_BID,"JPM,99692,100"
2019-06-28 12:18:23.705102613,BEST_ASK,"JPM,99807,173"
2019-06-28 12:18:30.000000000,QUERY_SPREAD,1
2019-06-28 12:18:30.000000000,BEST_BID,"JPM,99692,226"
2019-06-28 12:18:30.000000000,BEST_ASK,"JPM,99807,99"
2019-06-28 12:18:30.000000000,BEST_BID,"JPM,99692,226"
2019-06-28 12:18:30.000000000,BEST_ASK,"JPM,99807,99"
2019-06-28 12:18:30.000000000,BEST_BID,"JPM,99692,226"
2019-06-28 12:18:30.000000000,BEST_ASK,"JPM,99807,99"
2019-06-28 12:18:30.000000000,BEST_BID,"JPM,99692,226"
2019-06-28 12:18:30.000000000,BEST_ASK,"JPM,99807,225"
2019-06-28 12:18:30.000000000,BEST_BID,"JPM,99692,226"
2019-06-28 12:18:30.000000000,BEST_ASK,"JPM,99807,225"
2019-06-28 12:18:30.000000000,BEST_BID,"JPM,99692,226"
2019-06-28 12:18:30.000000000,BEST_ASK,"JPM,99807,225"
2019-06-28 12:18:34.741716188,QUERY_SPREAD,14
2019-06-28 12:18:34.741716188,BEST_BID,"JPM,99692,126"
2019-06-28 12:18:34.741716188,BEST_ASK,"JPM,99807,225"
2019-06-28 12:18:34.741716188,LAST_TRADE,"100,$99692.0000"
2019-06-28 12:18:40.000000000,QUERY_SPREAD,1
2019-06-28 12:18:40.000000000,BEST_BID,"JPM,99383,174"
2019-06-28 12:18:40.000000000,BEST_ASK,"JPM,99807,99"
2019-06-28 12:18:40.000000000,BEST_BID,"JPM,99383,174"
2019-06-28 12:18:40.000000000,BEST_ASK,"JPM,99807,99"
2019-06-28 12:18:40.000000000,BEST_BID,"JPM,99383,174"
2019-06-28 12:18:40.000000000,BEST_ASK,"JPM,99807,173"
2019-06-28 12:18:40.000000000,BEST_BID,"JPM,99383,174"
2019-06-28 12:18:40.000000000,BEST_ASK,"JPM,99807,173"
2019-06-28 12:18:40.000000000,BEST_BID,"JPM,99383,174"
2019-06-28 12:18:40.000000000,BEST_ASK,"JPM,99807,173"
2019-06-28 12:18:40.000000000,BEST_BID,"JPM,99383,174"
2019-06-28 12:18:40.000000000,BEST_ASK,"JPM,99807,173"
2019-06-28 12:18:40.000000000,BEST_BID,"JPM,99383,174"
2019-06-28 12:18:40.000000000,BEST_ASK,"JPM,99807,173"
2019-06-28 12:18:41.194877261,QUERY_ORDER_STREAM,64
2019-06-28 12:18:41.194877261,QUERY_SPREAD,64
2019-06-28 12:18:41.619834767,QUERY_SPREAD,13
2019-06-28 12:18:41.619834767,BEST_BID,"JPM,99562,100"
2019-06-28 12:18:41.619834767,BEST_ASK,"JPM,99807,173"
2019-06-28 12:18:46.544080066,QUERY_ORDER_STREAM,70
2019-06-28 12:18:46.544080066,QUERY_SPREAD,70
2019-06-28 12:18:46.544080066,BEST_BID,"JPM,99562,100"
2019-06-28 12:18:46.544080066,BEST_ASK,"JPM,99806,100"
2019-06-28 12:18:50.000000000,QUERY_SPREAD,1
2019-06-28 12:18:50.000000000,BEST_BID,"JPM,99562,286"
2019-06-28 12:18:50.000000000,BEST_ASK,"JPM,99806,100"
2019-06-28 12:18:50.000000000,BEST_BID,"JPM,99562,286"
2019-06-28 12:18:50.000000000,BEST_ASK,"JPM,99806,100"
2019-06-28 12:18:50.000000000,BEST_BID,"JPM,99562,286"
2019-06-28 12:18:50.000000000,BEST_ASK,"JPM,99806,286"
2019-06-28 12:18:50.000000000,BEST_BID,"JPM,99562,286"
2019-06-28 12:18:50.000000000,BEST_ASK,"JPM,99806,286"
2019-06-28 12:19:00.000000000,QUERY_SPREAD,1
2019-06-28 12:19:00.000000000,BEST_BID,"JPM,99562,286"
2019-06-28 12:19:00.000000000,BEST_ASK,"JPM,99806,100"
2019-06-28 12:19:00.000000000,BEST_BID,"JPM,99562,286"
2019-06-28 12:19:00.000000000,BEST_ASK,"JPM,99806,100"
2019-06-28 12:19:00.000000000,BEST_BID,"JPM,99562,286"
2019-06-28 12:19:00.000000000,BEST_ASK,"JPM,99806,286"
2019-06-28 12:19:00.000000000,BEST_BID,"JPM,99562,286"
2019-06-28 12:19:00.000000000,BEST_ASK,"JPM,99806,286"
2019-06-28 12:19:00.000000000,QUERY_SPREAD,77
2019-06-28 12:19:00.000000000,BEST_BID,"JPM,99562,281"
2019-06-28 12:19:00.000000000,BEST_ASK,"JPM,99806,286"
2019-06-28 12:19:00.000000000,LAST_TRADE,"5,$99562.0000"
2019-06-28 12:19:00.000000000,QUERY_SPREAD,78
2019-06-28 12:19:00.000000000,BEST_BID,"JPM,99562,273"
2019-06-28 12:19:00.000000000,BEST_ASK,"JPM,99806,286"
2019-06-28 12:19:00.000000000,LAST_TRADE,"8,$99562.0000"
2019-06-28 12:19:00.000000000,QUERY_SPREAD,79
2019-06-28 12:19:00.000000000,BEST_BID,"JPM,99562,268"
2019-06-28 12:19:00.000000000,BEST_ASK,"JPM,99806,286"
2019-06-28 12:19:00.000000000,LAST_TRADE,"5,$99562.0000"
2019-06-28 12:19:00.000000000,QUERY_SPREAD,80
2019-06-28 12:19:00.000000000,BEST_BID,"JPM,99562,260"
2019-06-28 12:19:00.000000000,BEST_ASK,"JPM,99806,286"
2019-06-28 12:19:00.000000000,LAST_TRADE,"8,$99562.0000"
2019-06-28 12:19:00.000000000,QUERY_SPREAD,81
2019-06-28 12:19:00.000000000,BEST_BID,"JPM,99562,251"
2019-06-28 12:19:00.000000000,BEST_ASK,"JPM,99806,286"
2019-06-28 12:19:00.000000000,LAST_TRADE,"9,$99562.0000"
2019-06-28 12:19:00.000000000,QUERY_SPREAD,82
2019-06-28 12:19:00.000000000,BEST_BID,"JPM,99562,248"
2019-06-28 12:19:00.000000000,BEST_ASK,"JPM,99806,286"
2019-06-28 12:19:00.000000000,LAST_TRADE,"3,$99562.0000"
2019-06-28 12:19:00.000000000,QUERY_SPREAD,83
2019-06-28 12:19:00.000000000,BEST_BID,"JPM,99562,240"
2019-06-28 12:19:00.000000000,BEST_ASK,"JPM,99806,286"
2019-06-28 12:19:00.000000000,LAST_TRADE,"8,$99562.0000"
2019-06-28 12:19:00.000000000,QUERY_SPREAD,84
2019-06-28 12:19:00.000000000,BEST_BID,"JPM,99562,236"
2019-06-28 12:19:00.000000000,BEST_ASK,"JPM,99806,286"
2019-06-28 12:19:00.000000000,LAST_TRADE,"4,$99562.0000"
2019-06-28 12:19:00.000000000,QUERY_SPREAD,85
2019-06-28 12:19:00.000000000,BEST_BID,"JPM,99562,231"
2019-06-28 12:19:00.000000000,BEST_ASK,"JPM,99806,286"
2019-06-28 12:19:00.000000000,LAST_TRADE,"5,$99562.0000"
2019-06-28 12:19:00.000000000,QUERY_SPREAD,86
2019-06-28 12:19:00.000000000,BEST_BID,"JPM,99562,229"
2019-06-28 12:19:00.000000000,BEST_ASK,"JPM,99806,286"
2019-06-28 12:19:00.000000000,LAST_TRADE,"2,$99562.0000"
2019-06-28 12:19:00.000000000,QUERY_SPREAD,87
2019-06-28 12:19:00.000000000,BEST_BID,"JPM,99562,222"
2019-06-28 12:19:00.000000000,BEST_ASK,"JPM,99806,286"
2019-06-28 12:19:00.000000000,LAST_TRADE,"7,$99562.0000"
2019-06-28 12:19:00.000000000,QUERY_SPREAD,88
2019-06-28 12:19:00.000000000,BEST_BID,"JPM,99562,214"
2019-06-28 12:19:00.000000000,BEST_ASK,"JPM,99806,286"
2019-06-28 12:19:00.000000000,LAST_TRADE,"8,$99562.0000"
2019-06-28 12:19:00.000000000,QUERY_SPREAD,89
2019-06-28 12:19:00.000000000,BEST_BID,"JPM,99562,209"
2019-06-28 12:19:00.000000000,BEST_ASK,"JPM,99806,286"
2019-06-28 12:19:00.000000000,LAST_TRADE,"5,$99562.0000"
2019-06-28 12:19:00.000000000,QUERY_SPREAD,90
2019-06-28 12:19:00.000000000,BEST_BID,"JPM,99562,205"
2019-06-28 12:19:00.000000000,BEST_ASK,"JPM,99806,286"
2019-06-28 12:19:00.000000000,LAST_TRADE,"4,$99562.0000"
2019-06-28 12:19:00.000000000,QUERY_SPREAD,91
2019-06-28 12:19:00.000000000,BEST_BID,"JPM,99562,202"
2019-06-28 12:19:00.000000000,BEST_ASK,"JPM,99806,286"
2019-06-28 12:19:00.000000000,LAST_TRADE,"3,$99562.0000"
2019-06-28 12:19:00.000000000,QUERY_SPREAD,92
2019-06-28 12:19:00.000000000,BEST_BID,"JPM,99562,197"
2019-06-28 12:19:00.000000000,BEST_ASK,"JPM,99806,286"
2019-06-28 12:19:00.000000000,LAST_TRADE,"5,$99562.0000"
2019-06-28 12:19:00.000000000,QUERY_SPREAD,93
2019-06-28 12:19:00.000000000,BEST_BID,"JPM,99562,190"
2019-06-28 12:19:00.000000000,BEST_ASK,"JPM,99806,286"
2019-06-28 12:19:00.000000000,LAST_TRADE,"7,$99562.0000"
2019-06-28 12:19:00.000000000,QUERY_SPREAD,94
2019-06-28 12:19:00.000000000,BEST_BID,"JPM,99562,189"
2019-06-28 12:19:00.000000000,BEST_ASK,"JPM,99806,286"
2019-06-28 12:19:00.000000000,LAST_TRADE,"1,$99562.0000"
2019-06-28 12:19:00.000000000,QUERY_SPREAD,95
2019-06-28 12:19:00.000000000,BEST_BID,"JPM,99562,188"
2019-06-28 12:19:00.000000000,BEST_ASK,"JPM,99806,286"
2019-06-28 12:19:00.000000000,LAST_TRADE,"1,$99562.0000"
2019-06-28 12:19:00.000000000,QUERY_SPREAD,96
2019-06-28 12:19:00.000000000,BEST_BID,"JPM,99562,184"
2019-06-28 12:19:00.000000000,BEST_ASK,"JPM,99806,286"
2019-06-28 12:19:00.000000000,LAST_TRADE,"4,$99562.0000"
2019-06-28 12:19:00.000000000,QUERY_SPREAD,97
2019-06-28 12:19:00.000000000,BEST_BID,"JPM,99562,181"
2019-06-28 12:19:00.000000000,BEST_ASK,"JPM,99806,286"
2019-06-28 12:19:00.000000000,LAST_TRADE,"3,$99562.0000"
2019-06-28 12:19:00.000000000,QUERY_SPREAD,98
2019-06-28 12:19:00.000000000,BEST_BID,"JPM,99562,176"
2019-06-28 12:19:00.000000000,BEST_ASK,"JPM,99806,286"
2019-06-28 12:19:00.000000000,LAST_TRADE,"5,$99562.0000"
2019-06-28 12:19:00.000000000,QUERY_SPREAD,99
2019-06-28 12:19:00.000000000,BEST_BID,"JPM,99562,172"
2019-06-28 12:19:00.000000000,BEST_ASK,"JPM,99806,286"
2019-06-28 12:19:00.000000000,LAST_TRADE,"4,$99562.0000"
2019-06-28 12:19:00.000000000,QUERY_SPREAD,100
2019-06-28 12:19:00.000000000,BEST_BID,"JPM,99562,167"
2019-06-28 12:19:00.000000000,BEST_ASK,"JPM,99806,286"
2019-06-28 12:19:00.000000000,LAST_TRADE,"5,$99562.0000"
2019-06-28 12:19:00.000000000,QUERY_SPREAD,101
2019-06-28 12:19:00.000000000,BEST_BID,"JPM,99562,167"
2019-06-28 12:19:00.000000000,BEST_ASK,"JPM,99806,285"
2019-06-28 12:19:00.000000000,LAST_TRADE,"1,$99806.0000"
2019-06-28 12:19:10.000000000,QUERY_SPREAD,1
2019-06-28 12:19:10.000000000,BEST_BID,"JPM,99383,286"
2019-06-28 12:19:10.000000000,BEST_ASK,"JPM,99806,99"
2019-06-28 12:19:10.000000000,BEST_BID,"JPM,99383,286"
2019-06-28 12:19:10.000000000,BEST_ASK,"JPM,99806,99"
2019-06-28 12:19:10.000000000,BEST_BID,"JPM,99383,286"
2019-06-28 12:19:10.000000000,BEST_ASK,"JPM,99806,285"
2019-06-28 12:19:10.000000000,BEST_BID,"JPM,99383,286"
2019-06-28 12:19:10.000000000,BEST_ASK,"JPM,99806,285"
2019-06-28 12:19:20.000000000,QUERY_SPREAD,1
2019-06-28 12:19:20.000000000,BEST_BID,"JPM,99383,174"
2019-06-28 12:19:20.000000000,BEST_ASK,"JPM,99806,99"
2019-06-28 12:19:20.000000000,BEST_BID,"JPM,99383,174"
2019-06-28 12:19:20.000000000,BEST_ASK,"JPM,99806,99"
2019-06-28 12:19:20.000000000,BEST_BID,"JPM,99383,174"
2019-06-28 12:19:20.000000000,BEST_ASK,"JPM,99806,173"
2019-06-28 12:19:20.000000000,BEST_BID,"JPM,99383,174"
2019-06-28 12:19:20.000000000,BEST_ASK,"JPM,99806,173"
2019-06-28 12:19:20.000000000,BEST_BID,"JPM,99383,174"
2019-06-28 12:19:20.000000000,BEST_ASK,"JPM,99806,173"
2019-06-28 12:19:20.000000000,BEST_BID,"JPM,99383,174"
2019-06-28 12:19:20.000000000,BEST_ASK,"JPM,99806,173"
2019-06-28 12:19:20.000000000,BEST_BID,"JPM,99383,174"
2019-06-28 12:19:20.000000000,BEST_ASK,"JPM,99806,173"
2019-06-28 12:19:30.000000000,QUERY_SPREAD,1
2019-06-28 12:19:30.000000000,BEST_BID,"JPM,99383,226"
2019-06-28 12:19:30.000000000,BEST_ASK,"JPM,99806,99"
2019-06-28 12:19:30.000000000,BEST_BID,"JPM,99383,226"
2019-06-28 12:19:30.000000000,BEST_ASK,"JPM,99806,99"
2019-06-28 12:19:30.000000000,BEST_BID,"JPM,99383,226"
2019-06-28 12:19:30.000000000,BEST_ASK,"JPM,99806,225"
2019-06-28 12:19:30.000000000,BEST_BID,"JPM,99383,226"
2019-06-28 12:19:30.000000000,BEST_ASK,"JPM,99806,225"
2019-06-28 12:19:30.000000000,BEST_BID,"JPM,99383,226"
2019-06-28 12:19:30.000000000,BEST_ASK,"JPM,99806,225"
2019-06-28 12:19:37.138105123,QUERY_SPREAD,25
2019-06-28 12:19:37.138105123,BEST_BID,"JPM,99573,100"
2019-06-28 12:19:37.138105123,BEST_ASK,"JPM,99806,225"
2019-06-28 12:19:40.000000000,QUERY_SPREAD,1
2019-06-28 12:19:40.000000000,BEST_BID,"JPM,99573,193"
2019-06-28 12:19:40.000000000,BEST_ASK,"JPM,99806,99"
2019-06-28 12:19:40.000000000,BEST_BID,"JPM,99573,193"
2019-06-28 12:19:40.000000000,BEST_ASK,"JPM,99806,99"
2019-06-28 12:19:40.000000000,BEST_BID,"JPM,99573,193"
2019-06-28 12:19:40.000000000,BEST_ASK,"JPM,99806,99"
2019-06-28 12:19:40.000000000,BEST_BID,"JPM,99573,193"
2019-06-28 12:19:40.000000000,BEST_ASK,"JPM,99806,192"
2019-06-28 12:19:40.000000000,BEST_BID,"JPM,99573,193"
2019-06-28 12:19:40.000000000,BEST_ASK,"JPM,99806,192"
2019-06-28 12:19:40.000000000,BEST_BID,"JPM,99573,193"
2019-06-28 12:19:40.000000000,BEST_ASK,"JPM,99806,192"
2019-06-28 12:19:40.000000000,BEST_BID,"JPM,99573,193"
2019-06-28 12:19:40.000000000,BEST_ASK,"JPM,99806,192"
2019-06-28 12:19:40.843942385,QUERY_SPREAD,42
2019-06-28 12:19:40.843942385,BEST_BID,"JPM,99573,193"
2019-06-28 12:19:40.843942385,BEST_ASK,"JPM,99806,92"
2019-06-28 12:19:40.843942385,LAST_TRADE,"100,$99806.0000"
2019-06-28 12:19:48.983137594,QUERY_SPREAD,8
2019-06-28 12:19:48.983137594,BEST_BID,"JPM,99573,193"
2019-06-28 12:19:48.983137594,BEST_ASK,"JPM,99806,92"
2019-06-28 12:19:50.000000000,QUERY_SPREAD,1
2019-06-28 12:19:50.000000000,BEST_BID,"JPM,99573,226"
2019-06-28 12:19:50.000000000,BEST_ASK,"JPM,99807,99"
2019-06-28 12:19:50.000000000,BEST_BID,"JPM,99573,226"
2019-06-28 12:19:50.000000000,BEST_ASK,"JPM,99807,99"
2019-06-28 12:19:50.000000000,BEST_BID,"JPM,99573,226"
2019-06-28 12:19:50.000000000,BEST_ASK,"JPM,99807,99"
2019-06-28 12:19:50.000000000,BEST_BID,"JPM,99573,226"
2019-06-28 12:19:50.000000000,BEST_ASK,"JPM,99807,225"
2019-06-28 12:19:50.000000000,BEST_BID,"JPM,99573,226"
2019-06-28 12:19:50.000000000,BEST_ASK,"JPM,99807,225"
2019-06-28 12:19:50.000000000,BEST_BID,"JPM,99573,226"
2019-06-28 12:19:50.000000000,BEST_ASK,"JPM,99807,225"
2019-06-28 12:19:52.216469028,QUERY_ORDER_STREAM,55
2019-06-28 12:19:52.216469028,QUERY_SPREAD,55
2019-06-28 12:19:53.072606440,QUERY_SPREAD,25
2019-06-28 12:19:53.072606440,BEST_BID,"JPM,99573,126"
2019-06-28 12:19:53.072606440,BEST_ASK,"JPM,99807,225"
2019-06-28 12:20:00.000000000,QUERY_SPREAD,1
2019-06-28 12:20:00.000000000,BEST_BID,"JPM,99489,286"
2019-06-28 12:20:00.000000000,BEST_ASK,"JPM,99807,99"
2019-06-28 12:20:00.000000000,BEST_BID,"JPM,99489,286"
2019-06-28 12:20:00.000000000,BEST_ASK,"JPM,99807,99"
2019-06-28 12:20:00.000000000,BEST_BID,"JPM,99489,286"
2019-06-28 12:20:00.000000000,BEST_ASK,"JPM,99807,285"
2019-06-28 12:20:00.000000000,BEST_BID,"JPM,99489,286"
2019-06-28 12:20:00.000000000,BEST_ASK,"JPM,99807,285"
2019-06-28 12:20:00.000000000,QUERY_SPREAD,77
2019-06-28 12:20:00.000000000,BEST_BID,"JPM,99489,281"
2019-06-28 12:20:00.000000000,BEST_ASK,"JPM,99807,285"
2019-06-28 12:20:00.000000000,LAST_TRADE,"5,$99489.0000"
2019-06-28 12:20:00.000000000,QUERY_SPREAD,78
2019-06-28 12:20:00.000000000,BEST_BID,"JPM,99489,273"
2019-06-28 12:20:00.000000000,BEST_ASK,"JPM,99807,285"
2019-06-28 12:20:00.000000000,LAST_TRADE,"8,$99489.0000"
2019-06-28 12:20:00.000000000,QUERY_SPREAD,79
2019-06-28 12:20:00.000000000,BEST_BID,"JPM,99489,268"
2019-06-28 12:20:00.000000000,BEST_ASK,"JPM,99807,285"
2019-06-28 12:20:00.000000000,LAST_TRADE,"5,$99489.0000"
2019-06-28 12:20:00.000000000,QUERY_SPREAD,80
2019-06-28 12:20:00.000000000,BEST_BID,"JPM,99489,260"
2019-06-28 12:20:00.000000000,BEST_ASK,"JPM,99807,285"
2019-06-28 12:20:00.000000000,LAST_TRADE,"8,$99489.0000"
2019-06-28 12:20:00.000000000,QUERY_SPREAD,81
2019-06-28 12:20:00.000000000,BEST_BID,"JPM,99489,251"
2019-06-28 12:20:00.000000000,BEST_ASK,"JPM,99807,285"
2019-06-28 12:20:00.000000000,LAST_TRADE,"9,$99489.0000"
2019-06-28 12:20:00.000000000,QUERY_SPREAD,82
2019-06-28 12:20:00.000000000,BEST_BID,"JPM,99489,248"
2019-06-28 12:20:00.000000000,BEST_ASK,"JPM,99807,285"
2019-06-28 12:20:00.000000000,LAST_TRADE,"3,$99489.0000"
2019-06-28 12:20:00.000000000,QUERY_SPREAD,83
2019-06-28 12:20:00.000000000,BEST_BID,"JPM,99489,240"
2019-06-28 12:20:00.000000000,BEST_ASK,"JPM,99807,285"
2019-06-28 12:20:00.000000000,LAST_TRADE,"8,$99489.0000"
2019-06-28 12:20:00.000000000,QUERY_SPREAD,84
2019-06-28 12:20:00.000000000,BEST_BID,"JPM,99489,236"
2019-06-28 12:20:00.000000000,BEST_ASK,"JPM,99807,285"
2019-06-28 12:20:00.000000000,LAST_TRADE,"4,$99489.0000"
2019-06-28 12:20:00.000000000,QUERY_SPREAD,85
2019-06-28 12:20:00.000000000,BEST_BID,"JPM,99489,231"
2019-06-28 12:20:00.000000000,BEST_ASK,"JPM,99807,285"
2019-06-28 12:20:00.000000000,LAST_TRADE,"5,$99489.0000"
2019-06-28 12:20:00.000000000,QUERY_SPREAD,86
2019-06-28 12:20:00.000000000,BEST_BID,"JPM,99489,229"
2019-06-28 12:20:00.000000000,BEST_ASK,"JPM,99807,285"
2019-06-28 12:20:00.000000000,LAST_TRADE,"2,$99489.0000"
2019-06-28 12:20:00.000000000,QUERY_SPREAD,87
2019-06-28 12:20:00.000000000,BEST_BID,"JPM,99489,222"
2019-06-28 12:20:00.000000000,BEST_ASK,"JPM,99807,285"
2019-06-28 12:20:00.000000000,LAST_TRADE,"7,$99489.0000"
2019-06-28 12:20:00.000000000,QUERY_SPREAD,88
2019-06-28 12:20:00.000000000,BEST_BID,"JPM,99489,214"
2019-06-28 12:20:00.000000000,BEST_ASK,"JPM,99807,285"
2019-06-28 12:20:00.000000000,LAST_TRADE,"8,$99489.0000"
2019-06-28 12:20:00.000000000,QUERY_SPREAD,89
2019-06-28 12:20:00.000000000,BEST_BID,"JPM,99489,209"
2019-06-28 12:20:00.000000000,BEST_ASK,"JPM,99807,285"
2019-06-28 12:20:00.000000000,LAST_TRADE,"5,$99489.0000"
2019-06-28 12:20:00.000000000,QUERY_SPREAD,90
2019-06-28 12:20:00.000000000,BEST_BID,"JPM,99489,205"
2019-06-28 12:20:00.000000000,BEST_ASK,"JPM,99807,285"
2019-06-28 12:20:00.000000000,LAST_TRADE,"4,$99489.0000"
2019-06-28 12:20:00.000000000,QUERY_SPREAD,91
2019-06-28 12:20:00.000000000,BEST_BID,"JPM,99489,202"
2019-06-28 12:20:00.000000000,BEST_ASK,"JPM,99807,285"
2019-06-28 12:20:00.000000000,LAST_TRADE,"3,$99489.0000"
2019-06-28 12:20:00.000000000,QUERY_SPREAD,92
2019-06-28 12:20:00.000000000,BEST_BID,"JPM,99489,197"
2019-06-28 12:20:00.000000000,BEST_ASK,"JPM,99807,285"
2019-06-28 12:20:00.000000000,LAST_TRADE,"5,$99489.0000"
2019-06-28 12:20:00.000000000,QUERY_SPREAD,93
2019-06-28 12:20:00.000000000,BEST_BID,"JPM,99489,190"
2019-06-28 12:20:00.000000000,BEST_ASK,"JPM,99807,285"
2019-06-28 12:20:00.000000000,LAST_TRADE,"7,$99489.0000"
2019-06-28 12:20:00.000000000,QUERY_SPREAD,94
2019-06-28 12:20:00.000000000,BEST_BID,"JPM,99489,189"
2019-06-28 12:20:00.000000000,BEST_ASK,"JPM,99807,285"
2019-06-28 12:20:00.000000000,LAST_TRADE,"1,$99489.0000"
2019-06-28 12:20:00.000000000,QUERY_SPREAD,95
2019-06-28 12:20:00.000000000,BEST_BID,"JPM,99489,188"
2019-06-28 12:20:00.000000000,BEST_ASK,"JPM,99807,285"
2019-06-28 12:20:00.000000000,LAST_TRADE,"1,$99489.0000"
2019-06-28 12:20:00.000000000,QUERY_SPREAD,96
2019-06-28 12:20:00.000000000,BEST_BID,"JPM,99489,184"
2019-06-28 12:20:00.000000000,BEST_ASK,"JPM,99807,285"
2019-06-28 12:20:00.000000000,LAST_TRADE,"4,$99489.0000"
2019-06-28 12:20:00.000000000,QUERY_SPREAD,97
2019-06-28 12:20:00.000000000,BEST_BID,"JPM,99489,181"
2019-06-28 12:20:00.000000000,BEST_ASK,"JPM,99807,285"
2019-06-28 12:20:00.000000000,LAST_TRADE,"3,$99489.0000"
2019-06-28 12:20:00.000000000,QUERY_SPREAD,98
2019-06-28 12:20:00.000000000,BEST_BID,"JPM,99489,176"
2019-06-28 12:20:00.000000000,BEST_ASK,"JPM,99807,285"
2019-06-28 12:20:00.000000000,LAST_TRADE,"5,$99489.0000"
2019-06-28 12:20:00.000000000,QUERY_SPREAD,99
2019-06-28 12:20:00.000000000,BEST_BID,"JPM,99489,172"
2019-06-28 12:20:00.000000000,BEST_ASK,"JPM,99807,285"
2019-06-28 12:20:00.000000000,LAST_TRADE,"4,$99489.0000"
2019-06-28 12:20:00.000000000,QUERY_SPREAD,100
2019-06-28 12:20:00.000000000,BEST_BID,"JPM,99489,167"
2019-06-28 12:20:00.000000000,BEST_ASK,"JPM,99807,285"
2019-06-28 12:20:00.000000000,LAST_TRADE,"5,$99489.0000"
2019-06-28 12:20:00.000000000,QUERY_SPREAD,101
2019-06-28 12:20:00.000000000,BEST_BID,"JPM,99489,167"
2019-06-28 12:20:00.000000000,BEST_ASK,"JPM,99807,284"
2019-06-28 12:20:00.000000000,LAST_TRADE,"1,$99807.0000"
2019-06-28 12:20:03.088102710,QUERY_SPREAD,25
2019-06-28 12:20:03.088102710,BEST_BID,"JPM,99740,100"
2019-06-28 12:20:03.088102710,BEST_ASK,"JPM,99807,284"
2019-06-28 12:20:06.807769879,QUERY_SPREAD,28
2019-06-28 12:20:06.807769879,BEST_BID,"JPM,99489,167"
2019-06-28 12:20:06.807769879,BEST_ASK,"JPM,99807,284"
2019-06-28 12:20:06.807769879,LAST_TRADE,"100,$99740.0000"
2019-06-28 12:20:10.000000000,QUERY_SPREAD,1
2019-06-28 12:20:10.000000000,BEST_BID,"JPM,99383,286"
2019-06-28 12:20:10.000000000,BEST_ASK,"JPM,99807,98"
2019-06-28 12:20:10.000000000,BEST_BID,"JPM,99383,286"
2019-06-28 12:20:10.000000000,BEST_ASK,"JPM,99807,98"
2019-06-28 12:20:10.000000000,BEST_BID,"JPM,99383,286"
2019-06-28 12:20:10.000000000,BEST_ASK,"JPM,99807,284"
2019-06-28 12:20:10.000000000,BEST_BID,"JPM,99383,286"
2019-06-28 12:20:10.000000000,BEST_ASK,"JPM,99807,284"
2019-06-28 12:20:13.573725147,QUERY_SPREAD,39
2019-06-28 12:20:13.573725147,BEST_BID,"JPM,99383,286"
2019-06-28 12:20:13.573725147,BEST_ASK,"JPM,99704,100"
2019-06-28 12:20:20.000000000,QUERY_SPREAD,1
2019-06-28 12:20:20.000000000,BEST_BID,"JPM,99383,174"
2019-06-28 12:20:20.000000000,BEST_ASK,"JPM,99704,100"
2019-06-28 12:20:20.000000000,BEST_BID,"JPM,99383,174"
2019-06-28 12:20:20.000000000,BEST_ASK,"JPM,99704,100"
2019-06-28 12:20:20.000000000,BEST_BID,"JPM,99383,174"
2019-06-28 12:20:20.000000000,BEST_ASK,"JPM,99704,174"
2019-06-28 12:20:20.000000000,BEST_BID,"JPM,99383,174"
2019-06-28 12:20:20.000000000,BEST_ASK,"JPM,99704,174"
2019-06-28 12:20:20.000000000,BEST_BID,"JPM,99383,174"
2019-06-28 12:20:20.000000000,BEST_ASK,"JPM,99704,174"
2019-06-28 12:20:20.000000000,BEST_BID,"JPM,99383,174"
2019-06-28 12:20:20.000000000,BEST_ASK,"JPM,99704,174"
2019-06-28 12:20:20.000000000,BEST_BID,"JPM,99383,174"
2019-06-28 12:20:20.000000000,BEST_ASK,"JPM,99704,174"
2019-06-28 12:20:27.668083344,QUERY_SPREAD,10
2019-06-28 12:20:27.668083344,BEST_BID,"JPM,99383,174"
2019-06-28 12:20:27.668083344,BEST_ASK,"JPM,99704,174"
2019-06-28 12:20:30.000000000,QUERY_SPREAD,1
2019-06-28 12:20:30.000000000,BEST_BID,"JPM,99383,174"
2019-06-28 12:20:30.000000000,BEST_ASK,"JPM,99704,100"
2019-06-28 12:20:30.000000000,BEST_BID,"JPM,99383,174"
2019-06-28 12:20:30.000000000,BEST_ASK,"JPM,99704,100"
2019-06-28 12:20:30.000000000,BEST_BID,"JPM,99383,174"
2019-06-28 12:20:30.000000000,BEST_ASK,"JPM,99704,174"
2019-06-28 12:20:30.000000000,BEST_BID,"JPM,99383,174"
2019-06-28 12:20:30.000000000,BEST_ASK,"JPM,99704,174"
2019-06-28 12:20:30.000000000,BEST_BID,"JPM,99383,174"
2019-06-28 12:20:30.000000000,BEST_ASK,"JPM,99704,174"
2019-06-28 12:20:30.000000000,BEST_BID,"JPM,99383,174"
2019-06-28 12:20:30.000000000,BEST_ASK,"JPM,99704,174"
2019-06-28 12:20:30.000000000,BEST_BID,"JPM,99383,174"
2019-06-28 12:20:30.000000000,BEST_ASK,"JPM,99704,174"
2019-06-28 12:20:40.000000000,QUERY_SPREAD,1
2019-06-28 12:20:40.000000000,BEST_BID,"JPM,99383,286"
2019-06-28 12:20:40.000000000,BEST_ASK,"JPM,99704,100"
2019-06-28 12:20:40.000000000,BEST_BID,"JPM,99383,286"
2019-06-28 12:20:40.000000000,BEST_ASK,"JPM,99704,100"
2019-06-28 12:20:40.000000000,BEST_BID,"JPM,99383,286"
2019-06-28 12:20:40.000000000,BEST_ASK,"JPM,99704,286"
2019-06-28 12:20:40.000000000,BEST_BID,"JPM,99383,286"
2019-06-28 12:20:40.000000000,BEST_ASK,"JPM,99704,286"
2019-06-28 12:20:47.083129974,QUERY_SPREAD,2
2019-06-28 12:20:47.083129974,BEST_BID,"JPM,99383,286"
2019-06-28 12:20:47.083129974,BEST_ASK,"JPM,99704,186"
2019-06-28 12:20:47.083129974,LAST_TRADE,"100,$99704.0000"
2019-06-28 12:20:48.572327320,QUERY_SPREAD,7
2019-06-28 12:20:48.572327320,BEST_BID,"JPM,99383,286"
2019-06-28 12:20:48.572327320,BEST_ASK,"JPM,99704,186"
2019-06-28 12:20:50.000000000,QUERY_SPREAD,1
2019-06-28 12:20:50.000000000,BEST_BID,"JPM,99383,193"
2019-06-28 12:20:50.000000000,BEST_ASK,"JPM,99737,100"
2019-06-28 12:20:50.000000000,BEST_BID,"JPM,99383,193"
2019-06-28 12:20:50.000000000,BEST_ASK,"JPM,99737,100"
2019-06-28 12:20:50.000000000,BEST_BID,"JPM,99383,193"
2019-06-28 12:20:50.000000000,BEST_ASK,"JPM,99737,193"
2019-06-28 12:20:50.000000000,BEST_BID,"JPM,99383,193"
2019-06-28 12:20:50.000000000,BEST_ASK,"JPM,99737,193"
2019-06-28 12:20:50.000000000,BEST_BID,"JPM,99383,193"
2019-06-28 12:20:50.000000000,BEST_ASK,"JPM,99737,193"
2019-06-28 12:20:50.000000000,BEST_BID,"JPM,99383,193"
2019-06-28 12:20:50.000000000,BEST_ASK,"JPM,99737,193"
2019-06-28 12:20:59.527575213,QUERY_SPREAD,51
2019-06-28 12:20:59.527575213,BEST_BID,"JPM,99383,193"
2019-06-28 12:20:59.527575213,BEST_ASK,"JPM,99737,193"
2019-06-28 12:21:00.000000000,QUERY_SPREAD,1
2019-06-28 12:21:00.000000000,BEST_BID,"JPM,99383,226"
2019-06-28 12:21:00.000000000,BEST_ASK,"JPM,99737,100"
2019-06-28 12:21:00.000000000,BEST_BID,"JPM,99383,226"
2019-06-28 12:21:00.000000000,BEST_ASK,"JPM,99737,100"
2019-06-28 12:21:00.000000000,BEST_BID,"JPM,99383,226"
2019-06-28 12:21:00.000000000,BEST_ASK,"JPM,99737,226"
2019-06-28 12:21:00.000000000,BEST_BID,"JPM,99383,226"
2019-06-28 12:21:00.000000000,BEST_ASK,"JPM,99737,226"
2019-06-28 12:21:00.000000000,BEST_BID,"JPM,99383,226"
2019-06-28 12:21:00.000000000,BEST_ASK,"JPM,99737,226"
2019-06-28 12:21:00.000000000,QUERY_SPREAD,77
2019-06-28 12:21:00.000000000,BEST_BID,"JPM,99383,221"
2019-06-28 12:21:00.000000000,BEST_ASK,"JPM,99737,226"
2019-06-28 12:21:00.000000000,LAST_TRADE,"5,$99383.0000"
2019-06-28 12:21:00.000000000,QUERY_SPREAD,78
2019-06-28 12:21:00.000000000,BEST_BID,"JPM,99383,213"
2019-06-28 12:21:00.000000000,BEST_ASK,"JPM,99737,226"
2019-06-28 12:21:00.000000000,LAST_TRADE,"8,$99383.0000"
2019-06-28 12:21:00.000000000,QUERY_SPREAD,79
2019-06-28 12:21:00.000000000,BEST_BID,"JPM,99383,208"
2019-06-28 12:21:00.000000000,BEST_ASK,"JPM,99737,226"
2019-06-28 12:21:00.000000000,LAST_TRADE,"5,$99383.0000"
2019-06-28 12:21:00.000000000,QUERY_SPREAD,80
2019-06-28 12:21:00.000000000,BEST_BID,"JPM,99383,200"
2019-06-28 12:21:00.000000000,BEST_ASK,"JPM,99737,226"
2019-06-28 12:21:00.000000000,LAST_TRADE,"8,$99383.0000"
2019-06-28 12:21:00.000000000,QUERY_SPREAD,81
2019-06-28 12:21:00.000000000,BEST_BID,"JPM,99383,191"
2019-06-28 12:21:00.000000000,BEST_ASK,"JPM,99737,226"
2019-06-28 12:21:00.000000000,LAST_TRADE,"9,$99383.0000"
2019-06-28 12:21:00.000000000,QUERY_SPREAD,82
2019-06-28 12:21:00.000000000,BEST_BID,"JPM,99383,188"
2019-06-28 12:21:00.000000000,BEST_ASK,"JPM,99737,226"
2019-06-28 12:21:00.000000000,LAST_TRADE,"3,$99383.0000"
2019-06-28 12:21:00.000000000,QUERY_SPREAD,83
2019-06-28 12:21:00.000000000,BEST_BID,"JPM,99383,180"
2019-06-28 12:21:00.000000000,BEST_ASK,"JPM,99737,226"
2019-06-28 12:21:00.000000000,LAST_TRADE,"8,$99383.0000"
2019-06-28 12:21:00.000000000,QUERY_SPREAD,84
2019-06-28 12:21:00.000000000,BEST_BID,"JPM,99383,176"
2019-06-28 12:21:00.000000000,BEST_ASK,"JPM,99737,226"
2019-06-28 12:21:00.000000000,LAST_TRADE,"4,$99383.0000"
2019-06-28 12:21:00.000000000,QUERY_SPREAD,85
2019-06-28 12:21:00.000000000,BEST_BID,"JPM,99383,171"
2019-06-28 12:21:00.000000000,BEST_ASK,"JPM,99737,226"
2019-06-28 12:21:00.000000000,LAST_TRADE,"5,$99383.0000"
2019-06-28 12:21:00.000000000,QUERY_SPREAD,86
2019-06-28 12:21:00.000000000,BEST_BID,"JPM,99383,169"
2019-06-28 12:21:00.000000000,BEST_ASK,"JPM,99737,226"
2019-06-28 12:21:00.000000000,LAST_TRADE,"2,$99383.0000"
2019-06-28 12:21:00.000000000,QUERY_SPREAD,87
2019-06-28 12:21:00.000000000,BEST_BID,"JPM,99383,162"
2019-06-28 12:21:00.000000000,BEST_ASK,"JPM,99737,226"
2019-06-28 12:21:00.000000000,LAST_TRADE,"7,$99383.0000"
2019-06-28 12:21:00.000000000,QUERY_SPREAD,88
2019-06-28 12:21:00.000000000,BEST_BID,"JPM,99383,154"
2019-06-28 12:21:00.000000000,BEST_ASK,"JPM,99737,226"
2019-06-28 12:21:00.000000000,LAST_TRADE,"8,$99383.0000"
2019-06-28 12:21:00.000000000,QUERY_SPREAD,89
2019-06-28 12:21:00.000000000,BEST_BID,"JPM,99383,149"
2019-06-28 12:21:00.000000000,BEST_ASK,"JPM,99737,226"
2019-06-28 12:21:00.000000000,LAST_TRADE,"5,$99383.0000"
2019-06-28 12:21:00.000000000,QUERY_SPREAD,90
2019-06-28 12:21:00.000000000,BEST_BID,"JPM,99383,145"
2019-06-28 12:21:00.000000000,BEST_ASK,"JPM,99737,226"
2019-06-28 12:21:00.000000000,LAST_TRADE,"4,$99383.0000"
2019-06-28 12:21:00.000000000,QUERY_SPREAD,91
2019-06-28 12:21:00.000000000,BEST_BID,"JPM,99383,142"
2019-06-28 12:21:00.000000000,BEST_ASK,"JPM,99737,226"
2019-06-28 12:21:00.000000000,LAST_TRADE,"3,$99383.0000"
2019-06-28 12:21:00.000000000,QUERY_SPREAD,92
2019-06-28 12:21:00.000000000,BEST_BID,"JPM,99383,137"
2019-06-28 12:21:00.000000000,BEST_ASK,"JPM,99737,226"
2019-06-28 12:21:00.000000000,LAST_TRADE,"5,$99383.0000"
2019-06-28 12:21:00.000000000,QUERY_SPREAD,93
2019-06-28 12:21:00.000000000,BEST_BID,"JPM,99383,130"
2019-06-28 12:21:00.000000000,BEST_ASK,"JPM,99737,226"
2019-06-28 12:21:00.000000000,LAST_TRADE,"7,$99383.0000"
2019-06-28 12:21:00.000000000,QUERY_SPREAD,94
2019-06-28 12:21:00.000000000,BEST_BID,"JPM,99383,129"
2019-06-28 12:21:00.000000000,BEST_ASK,"JPM,99737,226"
2019-06-28 12:21:00.000000000,LAST_TRADE,"1,$99383.0000"
2019-06-28 12:21:00.000000000,QUERY_SPREAD,95
2019-06-28 12:21:00.000000000,BEST_BID,"JPM,99383,128"
2019-06-28 12:21:00.000000000,BEST_ASK,"JPM,99737,226"
2019-06-28 12:21:00.000000000,LAST_TRADE,"1,$99383.0000"
2019-06-28 12:21:00.000000000,QUERY_SPREAD,96
2019-06-28 12:21:00.000000000,BEST_BID,"JPM,99383,124"
2019-06-28 12:21:00.000000000,BEST_ASK,"JPM,99737,226"
2019-06-28 12:21:00.000000000,LAST_TRADE,"4,$99383.0000"
2019-06-28 12:21:00.000000000,QUERY_SPREAD,97
2019-06-28 12:21:00.000000000,BEST_BID,"JPM,99383,121"
2019-06-28 12:21:00.000000000,BEST_ASK,"JPM,99737,226"
2019-06-28 12:21:00.000000000,LAST_TRADE,"3,$99383.0000"
2019-06-28 12:21:00.000000000,QUERY_SPREAD,98
2019-06-28 12:21:00.000000000,BEST_BID,"JPM,99383,116"
2019-06-28 12:21:00.000000000,BEST_ASK,"JPM,99737,226"
2019-06-28 12:21:00.000000000,LAST_TRADE,"5,$99383.0000"
2019-06-28 12:21:00.000000000,QUERY_SPREAD,99
2019-06-28 12:21:00.000000000,BEST_BID,"JPM,99383,112"
2019-06-28 12:21:00.000000000,BEST_ASK,"JPM,99737,226"
2019-06-28 12:21:00.000000000,LAST_TRADE,"4,$99383.0000"
2019-06-28 12:21:00.000000000,QUERY_SPREAD,100
2019-06-28 12:21:00.000000000,BEST_BID,"JPM,99383,107"
2019-06-28 12:21:00.000000000,BEST_ASK,"JPM,99737,226"
2019-06-28 12:21:00.000000000,LAST_TRADE,"5,$99383.0000"
2019-06-28 12:21:00.000000000,QUERY_SPREAD,101
2019-06-28 12:21:00.000000000,BEST_BID,"JPM,99383,107"
2019-06-28 12:21:00.000000000,BEST_ASK,"JPM,99737,225"
2019-06-28 12:21:00.000000000,LAST_TRADE,"1,$99737.0000"
2019-06-28 12:21:10.000000000,QUERY_SPREAD,1
2019-06-28 12:21:13.557319997,QUERY_SPREAD,51
2019-06-28 12:21:13.557319997,BEST_BID,"JPM,99737,1"
2019-06-28 12:21:13.557319997,BEST_ASK,"JPM,99805,100"
2019-06-28 12:21:13.557319997,LAST_TRADE,"99,$99737.0000"
2019-06-28 12:21:20.000000000,QUERY_SPREAD,1
2019-06-28 12:21:20.000000000,BEST_BID,"JPM,99737,75"
2019-06-28 12:21:20.000000000,BEST_ASK,"JPM,99805,100"
2019-06-28 12:21:20.000000000,BEST_BID,"JPM,99737,75"
2019-06-28 12:21:20.000000000,BEST_ASK,"JPM,99805,100"
2019-06-28 12:21:20.000000000,BEST_BID,"JPM,99737,75"
2019-06-28 12:21:20.000000000,BEST_ASK,"JPM,99805,174"
2019-06-28 12:21:20.000000000,BEST_BID,"JPM,99737,75"
2019-06-28 12:21:20.000000000,BEST_ASK,"JPM,99805,174"
2019-06-28 12:21:20.000000000,BEST_BID,"JPM,99737,75"
2019-06-28 12:21:20.000000000,BEST_ASK,"JPM,99805,174"
2019-06-28 12:21:20.000000000,BEST_BID,"JPM,99737,75"
2019-06-28 12:21:20.000000000,BEST_ASK,"JPM,99805,174"
2019-06-28 12:21:20.000000000,BEST_BID,"JPM,99737,75"
2019-06-28 12:21:20.000000000,BEST_ASK,"JPM,99805,174"
2019-06-28 12:21:25.560089820,QUERY_SPREAD,24
2019-06-28 12:21:25.560089820,BEST_BID,"JPM,99737,75"
2019-06-28 12:21:25.560089820,BEST_ASK,"JPM,99805,174"
2019-06-28 12:21:30.000000000,QUERY_SPREAD,1
2019-06-28 12:21:30.000000000,BEST_BID,"JPM,99737,372"
2019-06-28 12:21:30.000000000,BEST_ASK,"JPM,99805,100"
2019-06-28 12:21:30.000000000,BEST_BID,"JPM,99737,372"
2019-06-28 12:21:30.000000000,BEST_ASK,"JPM,99805,471"
2019-06-28 12:21:40.000000000,QUERY_SPREAD,1
2019-06-28 12:21:40.000000000,BEST_BID,"JPM,99737,75"
2019-06-28 12:21:40.000000000,BEST_ASK,"JPM,99805,100"
2019-06-28 12:21:40.000000000,BEST_BID,"JPM,99737,75"
2019-06-28 12:21:40.000000000,BEST_ASK,"JPM,99805,100"
2019-06-28 12:21:40.000000000,BEST_BID,"JPM,99737,75"
2019-06-28 12:21:40.000000000,BEST_ASK,"JPM,99805,174"
2019-06-28 12:21:40.000000000,BEST_BID,"JPM,99737,75"
2019-06-28 12:21:40.000000000,BEST_ASK,"JPM,99805,174"
2019-06-28 12:21:40.000000000,BEST_BID,"JPM,99737,75"
2019-06-28 12:21:40.000000000,BEST_ASK,"JPM,99805,174"
2019-06-28 12:21:40.000000000,BEST_BID,"JPM,99737,75"
2019-06-28 12:21:40.000000000,BEST_ASK,"JPM,99805,174"
2019-06-28 12:21:40.000000000,BEST_BID,"JPM,99737,75"
2019-06-28 12:21:40.000000000,BEST_ASK,"JPM,99805,174"
2019-06-28 12:21:50.000000000,QUERY_SPREAD,1
2019-06-28 12:21:50.000000000,BEST_BID,"JPM,99737,372"
2019-06-28 12:21:50.000000000,BEST_ASK,"JPM,99805,100"
2019-06-28 12:21:50.000000000,BEST_BID,"JPM,99737,372"
2019-06-28 12:21:50.000000000,BEST_ASK,"JPM,99805,471"
2019-06-28 12:22:00.000000000,QUERY_SPREAD,1
2019-06-28 12:22:00.000000000,BEST_BID,"JPM,99737,187"
2019-06-28 12:22:00.000000000,BEST_ASK,"JPM,99805,100"
2019-06-28 12:22:00.000000000,BEST_BID,"JPM,99737,187"
2019-06-28 12:22:00.000000000,BEST_ASK,"JPM,99805,100"
2019-06-28 12:22:00.000000000,BEST_BID,"JPM,99737,187"
2019-06-28 12:22:00.000000000,BEST_ASK,"JPM,99805,286"
2019-06-28 12:22:00.000000000,BEST_BID,"JPM,99737,187"
2019-06-28 12:22:00.000000000,BEST_ASK,"JPM,99805,286"
2019-06-28 12:22:00.000000000,QUERY_SPREAD,77
2019-06-28 12:22:00.000000000,BEST_BID,"JPM,99737,182"
2019-06-28 12:22:00.000000000,BEST_ASK,"JPM,99805,286"
2019-06-28 12:22:00.000000000,LAST_TRADE,"5,$99737.0000"
2019-06-28 12:22:00.000000000,QUERY_SPREAD,78
2019-06-28 12:22:00.000000000,BEST_BID,"JPM,99737,174"
2019-06-28 12:22:00.000000000,BEST_ASK,"JPM,99805,286"
2019-06-28 12:22:00.000000000,LAST_TRADE,"8,$99737.0000"
2019-06-28 12:22:00.000000000,QUERY_SPREAD,79
2019-06-28 12:22:00.000000000,BEST_BID,"JPM,99737,169"
2019-06-28 12:22:00.000000000,BEST_ASK,"JPM,99805,286"
2019-06-28 12:22:00.000000000,LAST_TRADE,"5,$99737.0000"
2019-06-28 12:22:00.000000000,QUERY_SPREAD,80
2019-06-28 12:22:00.000000000,BEST_BID,"JPM,99737,161"
2019-06-28 12:22:00.000000000,BEST_ASK,"JPM,99805,286"
2019-06-28 12:22:00.000000000,LAST_TRADE,"8,$99737.0000"
2019-06-28 12:22:00.000000000,QUERY_SPREAD,81
2019-06-28 12:22:00.000000000,BEST_BID,"JPM,99737,152"
2019-06-28 12:22:00.000000000,BEST_ASK,"JPM,99805,286"
2019-06-28 12:22:00.000000000,LAST_TRADE,"9,$99737.0000"
2019-06-28 12:22:00.000000000,QUERY_SPREAD,82
2019-06-28 12:22:00.000000000,BEST_BID,"JPM,99737,149"
2019-06-28 12:22:00.000000000,BEST_ASK,"JPM,99805,286"
2019-06-28 12:22:00.000000000,LAST_TRADE,"3,$99737.0000"
2019-06-28 12:22:00.000000000,QUERY_SPREAD,83
2019-06-28 12:22:00.000000000,BEST_BID,"JPM,99737,141"
2019-06-28 12:22:00.000000000,BEST_ASK,"JPM,99805,286"
2019-06-28 12:22:00.000000000,LAST_TRADE,"8,$99737.0000"
2019-06-28 12:22:00.000000000,QUERY_SPREAD,84
2019-06-28 12:22:00.000000000,BEST_BID,"JPM,99737,137"
2019-06-28 12:22:00.000000000,BEST_ASK,"JPM,99805,286"
2019-06-28 12:22:00.000000000,LAST_TRADE,"4,$99737.0000"
2019-06-28 12:22:00.000000000,QUERY_SPREAD,85
2019-06-28 12:22:00.000000000,BEST_BID,"JPM,99737,132"
2019-06-28 12:22:00.000000000,BEST_ASK,"JPM,99805,286"
2019-06-28 12:22:00.000000000,LAST_TRADE,"5,$99737.0000"
2019-06-28 12:22:00.000000000,QUERY_SPREAD,86
2019-06-28 12:22:00.000000000,BEST_BID,"JPM,99737,130"
2019-06-28 12:22:00.000000000,BEST_ASK,"JPM,99805,286"
2019-06-28 12:22:00.000000000,LAST_TRADE,"2,$99737.0000"
2019-06-28 12:22:00.000000000,QUERY_SPREAD,87
2019-06-28 12:22:00.000000000,BEST_BID,"JPM,99737,123"
2019-06-28 12:22:00.000000000,BEST_ASK,"JPM,99805,286"
2019-06-28 12:22:00.000000000,LAST_TRADE,"7,$99737.0000"
2019-06-28 12:22:00.000000000,QUERY_SPREAD,88
2019-06-28 12:22:00.000000000,BEST_BID,"JPM,99737,115"
2019-06-28 12:22:00.000000000,BEST_ASK,"JPM,99805,286"
2019-06-28 12:22:00.000000000,LAST_TRADE,"8,$99737.0000"
2019-06-28 12:22:00.000000000,QUERY_SPREAD,89
2019-06-28 12:22:00.000000000,BEST_BID,"JPM,99737,110"
2019-06-28 12:22:00.000000000,BEST_ASK,"JPM,99805,286"
2019-06-28 12:22:00.000000000,LAST_TRADE,"5,$99737.0000"
2019-06-28 12:22:00.000000000,QUERY_SPREAD,90
2019-06-28 12:22:00.000000000,BEST_BID,"JPM,99737,106"
2019-06-28 12:22:00.000000000,BEST_ASK,"JPM,99805,286"
2019-06-28 12:22:00.000000000,LAST_TRADE,"4,$99737.0000"
2019-06-28 12:22:00.000000000,QUERY_SPREAD,91
2019-06-28 12:22:00.000000000,BEST_BID,"JPM,99737,103"
2019-06-28 12:22:00.000000000,BEST_ASK,"JPM,99805,286"
2019-06-28 12:22:00.000000000,LAST_TRADE,"3,$99737.0000"
2019-06-28 12:22:00.000000000,QUERY_SPREAD,92
2019-06-28 12:22:00.000000000,BEST_BID,"JPM,99737,98"
2019-06-28 12:22:00.000000000,BEST_ASK,"JPM,99805,286"
2019-06-28 12:22:00.000000000,LAST_TRADE,"5,$99737.0000"
2019-06-28 12:22:00.000000000,QUERY_SPREAD,93
2019-06-28 12:22:00.000000000,BEST_BID,"JPM,99737,91"
2019-06-28 12:22:00.000000000,BEST_ASK,"JPM,99805,286"
2019-06-28 12:22:00.000000000,LAST_TRADE,"7,$99737.0000"
2019-06-28 12:22:00.000000000,QUERY_SPREAD,94
2019-06-28 12:22:00.000000000,BEST_BID,"JPM,99737,90"
2019-06-28 12:22:00.000000000,BEST_ASK,"JPM,99805,286"
2019-06-28 12:22:00.000000000,LAST_TRADE,"1,$99737.0000"
2019-06-28 12:22:00.000000000,QUERY_SPREAD,95
2019-06-28 12:22:00.000000000,BEST_BID,"JPM,99737,89"
2019-06-28 12:22:00.000000000,BEST_ASK,"JPM,99805,286"
2019-06-28 12:22:00.000000000,LAST_TRADE,"1,$99737.0000"
2019-06-28 12:22:00.000000000,QUERY_SPREAD,96
2019-06-28 12:22:00.000000000,BEST_BID,"JPM,99737,85"
2019-06-28 12:22:00.000000000,BEST_ASK,"JPM,99805,286"
2019-06-28 12:22:00.000000000,LAST_TRADE,"4,$99737.0000"
2019-06-28 12:22:00.000000000,QUERY_SPREAD,97
2019-06-28 12:22:00.000000000,BEST_BID,"JPM,99737,82"
2019-06-28 12:22:00.000000000,BEST_ASK,"JPM,99805,286"
2019-06-28 12:22:00.000000000,LAST_TRADE,"3,$99737.0000"
2019-06-28 12:22:00.000000000,QUERY_SPREAD,98
2019-06-28 12:22:00.000000000,BEST_BID,"JPM,99737,77"
2019-06-28 12:22:00.000000000,BEST_ASK,"JPM,99805,286"
2019-06-28 12:22:00.000000000,LAST_TRADE,"5,$99737.0000"
2019-06-28 12:22:00.000000000,QUERY_SPREAD,99
2019-06-28 12:22:00.000000000,BEST_BID,"JPM,99737,73"
2019-06-28 12:22:00.000000000,BEST_ASK,"JPM,99805,286"
2019-06-28 12:22:00.000000000,LAST_TRADE,"4,$99737.0000"
2019-06-28 12:22:00.000000000,QUERY_SPREAD,100
2019-06-28 12:22:00.000000000,BEST_BID,"JPM,99737,68"
2019-06-28 12:22:00.000000000,BEST_ASK,"JPM,99805,286"
2019-06-28 12:22:00.000000000,LAST_TRADE,"5,$99737.0000"
2019-06-28 12:22:00.000000000,QUERY_SPREAD,101
2019-06-28 12:22:00.000000000,BEST_BID,"JPM,99737,68"
2019-06-28 12:22:00.000000000,BEST_ASK,"JPM,99805,285"
2019-06-28 12:22:00.000000000,LAST_TRADE,"1,$99805.0000"
2019-06-28 12:22:10.000000000,QUERY_SPREAD,1
2019-06-28 12:22:13.150001824,QUERY_SPREAD,3
2019-06-28 12:22:13.150001824,BEST_ASK,"JPM,99805,99"
2019-06-28 12:22:14.968845402,QUERY_ORDER_STREAM,55
2019-06-28 12:22:14.968845402,QUERY_SPREAD,55
2019-06-28 12:22:17.053613951,QUERY_SPREAD,28
2019-06-28 12:22:17.053613951,BEST_BID,"JPM,99805,1"
2019-06-28 12:22:17.053613951,BEST_ASK,"JPM,99807,98"
2019-06-28 12:22:17.053613951,LAST_TRADE,"99,$99805.0000"
2019-06-28 12:22:20.000000000,QUERY_SPREAD,1
2019-06-28 12:22:20.000000000,BEST_BID,"JPM,99805,372"
2019-06-28 12:22:20.000000000,BEST_ASK,"JPM,99807,98"
2019-06-28 12:22:20.000000000,BEST_BID,"JPM,99805,372"
2019-06-28 12:22:20.000000000,BEST_ASK,"JPM,99807,469"
2019-06-28 12:22:24.083861839,QUERY_SPREAD,44
2019-06-28 12:22:24.083861839,BEST_BID,"JPM,99805,372"
2019-06-28 12:22:24.083861839,BEST_ASK,"JPM,99807,469"
2019-06-28 12:22:24.601840024,QUERY_ORDER_STREAM,64
2019-06-28 12:22:24.601840024,QUERY_SPREAD,64
2019-06-28 12:22:27.069234621,QUERY_SPREAD,39
2019-06-28 12:22:27.069234621,BEST_BID,"JPM,99805,372"
2019-06-28 12:22:27.069234621,BEST_ASK,"JPM,99807,469"
2019-06-28 12:22:30.000000000,QUERY_SPREAD,1
2019-06-28 12:22:30.000000000,BEST_BID,"JPM,99805,75"
2019-06-28 12:22:30.000000000,BEST_ASK,"JPM,99807,98"
2019-06-28 12:22:30.000000000,BEST_BID,"JPM,99805,75"
2019-06-28 12:22:30.000000000,BEST_ASK,"JPM,99807,98"
2019-06-28 12:22:30.000000000,BEST_BID,"JPM,99805,75"
2019-06-28 12:22:30.000000000,BEST_ASK,"JPM,99807,172"
2019-06-28 12:22:30.000000000,BEST_BID,"JPM,99805,75"
2019-06-28 12:22:30.000000000,BEST_ASK,"JPM,99807,172"
2019-06-28 12:22:30.000000000,BEST_BID,"JPM,99805,75"
2019-06-28 12:22:30.000000000,BEST_ASK,"JPM,99807,172"
2019-06-28 12:22:30.000000000,BEST_BID,"JPM,99805,75"
2019-06-28 12:22:30.000000000,BEST_ASK,"JPM,99807,172"
2019-06-28 12:22:30.000000000,BEST_BID,"JPM,99805,75"
2019-06-28 12:22:30.000000000,BEST_ASK,"JPM,99807,172"
2019-06-28 12:22:32.210832697,QUERY_ORDER_STREAM,61
2019-06-28 12:22:32.210832697,QUERY_SPREAD,61
2019-06-28 12:22:32.210832697,BEST_BID,"JPM,99805,175"
2019-06-28 12:22:32.210832697,BEST_ASK,"JPM,99807,172"
2019-06-28 12:22:32.860491529,QUERY_SPREAD,33
2019-06-28 12:22:32.860491529,BEST_BID,"JPM,99805,175"
2019-06-28 12:22:32.860491529,BEST_ASK,"JPM,99807,172"
2019-06-28 12:22:40.000000000,QUERY_SPREAD,1
2019-06-28 12:22:40.000000000,BEST_BID,"JPM,99805,227"
2019-06-28 12:22:40.000000000,BEST_ASK,"JPM,99807,98"
2019-06-28 12:22:40.000000000,BEST_BID,"JPM,99805,227"
2019-06-28 12:22:40.000000000,BEST_ASK,"JPM,99807,98"
2019-06-28 12:22:40.000000000,BEST_BID,"JPM,99805,227"
2019-06-28 12:22:40.000000000,BEST_ASK,"JPM,99807,224"
2019-06-28 12:22:40.000000000,BEST_BID,"JPM,99805,227"
2019-06-28 12:22:40.000000000,BEST_ASK,"JPM,99807,224"
2019-06-28 12:22:40.000000000,BEST_BID,"JPM,99805,227"
2019-06-28 12:22:40.000000000,BEST_ASK,"JPM,99807,224"
2019-06-28 12:22:50.000000000,QUERY_SPREAD,1
2019-06-28 12:22:50.000000000,BEST_BID,"JPM,99805,287"
2019-06-28 12:22:50.000000000,BEST_ASK,"JPM,99807,98"
2019-06-28 12:22:50.000000000,BEST_BID,"JPM,99805,287"
2019-06-28 12:22:50.000000000,BEST_ASK,"JPM,99807,98"
2019-06-28 12:22:50.000000000,BEST_BID,"JPM,99805,287"
2019-06-28 12:22:50.000000000,BEST_ASK,"JPM,99807,284"
2019-06-28 12:22:50.000000000,BEST_BID,"JPM,99805,287"
2019-06-28 12:22:50.000000000,BEST_ASK,"JPM,99807,284"
2019-06-28 12:22:54.418771481,QUERY_ORDER_STREAM,59
2019-06-28 12:22:54.418771481,QUERY_SPREAD,59
2019-06-28 12:22:54.418771481,BEST_BID,"JPM,99805,387"
2019-06-28 12:22:54.418771481,BEST_ASK,"JPM,99807,284"
2019-06-28 12:23:00.000000000,QUERY_SPREAD,1
2019-06-28 12:23:00.000000000,BEST_BID,"JPM,99805,294"
2019-06-28 12:23:00.000000000,BEST_ASK,"JPM,99807,98"
2019-06-28 12:23:00.000000000,BEST_BID,"JPM,99805,294"
2019-06-28 12:23:00.000000000,BEST_ASK,"JPM,99807,98"
2019-06-28 12:23:00.000000000,BEST_BID,"JPM,99805,294"
2019-06-28 12:23:00.000000000,BEST_ASK,"JPM,99807,191"
2019-06-28 12:23:00.000000000,BEST_BID,"JPM,99805,294"
2019-06-28 12:23:00.000000000,BEST_ASK,"JPM,99807,191"
2019-06-28 12:23:00.000000000,BEST_BID,"JPM,99805,294"
2019-06-28 12:23:00.000000000,BEST_ASK,"JPM,99807,191"
2019-06-28 12:23:00.000000000,BEST_BID,"JPM,99805,294"
2019-06-28 12:23:00.000000000,BEST_ASK,"JPM,99807,191"
2019-06-28 12:23:00.000000000,QUERY_SPREAD,77
2019-06-28 12:23:00.000000000,BEST_BID,"JPM,99805,289"
2019-06-28 12:23:00.000000000,BEST_ASK,"JPM,99807,191"
2019-06-28 12:23:00.000000000,LAST_TRADE,"5,$99805.0000"
2019-06-28 12:23:00.000000000,QUERY_SPREAD,78
2019-06-28 12:23:00.000000000,BEST_BID,"JPM,99805,281"
2019-06-28 12:23:00.000000000,BEST_ASK,"JPM,99807,191"
2019-06-28 12:23:00.000000000,LAST_TRADE,"8,$99805.0000"
2019-06-28 12:23:00.000000000,QUERY_SPREAD,79
2019-06-28 12:23:00.000000000,BEST_BID,"JPM,99805,276"
2019-06-28 12:23:00.000000000,BEST_ASK,"JPM,99807,191"
2019-06-28 12:23:00.000000000,LAST_TRADE,"5,$99805.0000"
2019-06-28 12:23:00.000000000,QUERY_SPREAD,80
2019-06-28 12:23:00.000000000,BEST_BID,"JPM,99805,268"
2019-06-28 12:23:00.000000000,BEST_ASK,"JPM,99807,191"
2019-06-28 12:23:00.000000000,LAST_TRADE,"8,$99805.0000"
2019-06-28 12:23:00.000000000,QUERY_SPREAD,81
2019-06-28 12:23:00.000000000,BEST_BID,"JPM,99805,259"
2019-06-28 12:23:00.000000000,BEST_ASK,"JPM,99807,191"
2019-06-28 12:23:00.000000000,LAST_TRADE,"9,$99805.0000"
2019-06-28 12:23:00.000000000,QUERY_SPREAD,82
2019-06-28 12:23:00.000000000,BEST_BID,"JPM,99805,256"
2019-06-28 12:23:00.000000000,BEST_ASK,"JPM,99807,191"
2019-06-28 12:23:00.000000000,LAST_TRADE,"3,$99805.0000"
2019-06-28 12:23:00.000000000,QUERY_SPREAD,83
2019-06-28 12:23:00.000000000,BEST_BID,"JPM,99805,248"
2019-06-28 12:23:00.000000000,BEST_ASK,"JPM,99807,191"
2019-06-28 12:23:00.000000000,LAST_TRADE,"8,$99805.0000"
2019-06-28 12:23:00.000000000,QUERY_SPREAD,84
2019-06-28 12:23:00.000000000,BEST_BID,"JPM,99805,244"
2019-06-28 12:23:00.000000000,BEST_ASK,"JPM,99807,191"
2019-06-28 12:23:00.000000000,LAST_TRADE,"4,$99805.0000"
2019-06-28 12:23:00.000000000,QUERY_SPREAD,85
2019-06-28 12:23:00.000000000,BEST_BID,"JPM,99805,239"
2019-06-28 12:23:00.000000000,BEST_ASK,"JPM,99807,191"
2019-06-28 12:23:00.000000000,LAST_TRADE,"5,$99805.0000"
2019-06-28 12:23:00.000000000,QUERY_SPREAD,86
2019-06-28 12:23:00.000000000,BEST_BID,"JPM,99805,237"
2019-06-28 12:23:00.000000000,BEST_ASK,"JPM,99807,191"
2019-06-28 12:23:00.000000000,LAST_TRADE,"2,$99805.0000"
2019-06-28 12:23:00.000000000,QUERY_SPREAD,87
2019-06-28 12:23:00.000000000,BEST_BID,"JPM,99805,230"
2019-06-28 12:23:00.000000000,BEST_ASK,"JPM,99807,191"
2019-06-28 12:23:00.000000000,LAST_TRADE,"7,$99805.0000"
2019-06-28 12:23:00.000000000,QUERY_SPREAD,88
2019-06-28 12:23:00.000000000,BEST_BID,"JPM,99805,222"
2019-06-28 12:23:00.000000000,BEST_ASK,"JPM,99807,191"
2019-06-28 12:23:00.000000000,LAST_TRADE,"8,$99805.0000"
2019-06-28 12:23:00.000000000,QUERY_SPREAD,89
2019-06-28 12:23:00.000000000,BEST_BID,"JPM,99805,217"
2019-06-28 12:23:00.000000000,BEST_ASK,"JPM,99807,191"
2019-06-28 12:23:00.000000000,LAST_TRADE,"5,$99805.0000"
2019-06-28 12:23:00.000000000,QUERY_SPREAD,90
2019-06-28 12:23:00.000000000,BEST_BID,"JPM,99805,213"
2019-06-28 12:23:00.000000000,BEST_ASK,"JPM,99807,191"
2019-06-28 12:23:00.000000000,LAST_TRADE,"4,$99805.0000"
2019-06-28 12:23:00.000000000,QUERY_SPREAD,91
2019-06-28 12:23:00.000000000,BEST_BID,"JPM,99805,210"
2019-06-28 12:23:00.000000000,BEST_ASK,"JPM,99807,191"
2019-06-28 12:23:00.000000000,LAST_TRADE,"3,$99805.0000"
2019-06-28 12:23:00.000000000,QUERY_SPREAD,92
2019-06-28 12:23:00.000000000,BEST_BID,"JPM,99805,205"
2019-06-28 12:23:00.000000000,BEST_ASK,"JPM,99807,191"
2019-06-28 12:23:00.000000000,LAST_TRADE,"5,$99805.0000"
2019-06-28 12:23:00.000000000,QUERY_SPREAD,93
2019-06-28 12:23:00.000000000,BEST_BID,"JPM,99805,198"
2019-06-28 12:23:00.000000000,BEST_ASK,"JPM,99807,191"
2019-06-28 12:23:00.000000000,LAST_TRADE,"7,$99805.0000"
2019-06-28 12:23:00.000000000,QUERY_SPREAD,94
2019-06-28 12:23:00.000000000,BEST_BID,"JPM,99805,197"
2019-06-28 12:23:00.000000000,BEST_ASK,"JPM,99807,191"
2019-06-28 12:23:00.000000000,LAST_TRADE,"1,$99805.0000"
2019-06-28 12:23:00.000000000,QUERY_SPREAD,95
2019-06-28 12:23:00.000000000,BEST_BID,"JPM,99805,196"
2019-06-28 12:23:00.000000000,BEST_ASK,"JPM,99807,191"
2019-06-28 12:23:00.000000000,LAST_TRADE,"1,$99805.0000"
2019-06-28 12:23:00.000000000,QUERY_SPREAD,96
2019-06-28 12:23:00.000000000,BEST_BID,"JPM,99805,192"
2019-06-28 12:23:00.000000000,BEST_ASK,"JPM,99807,191"
2019-06-28 12:23:00.000000000,LAST_TRADE,"4,$99805.0000"
2019-06-28 12:23:00.000000000,QUERY_SPREAD,97
2019-06-28 12:23:00.000000000,BEST_BID,"JPM,99805,189"
2019-06-28 12:23:00.000000000,BEST_ASK,"JPM,99807,191"
2019-06-28 12:23:00.000000000,LAST_TRADE,"3,$99805.0000"
2019-06-28 12:23:00.000000000,QUERY_SPREAD,98
2019-06-28 12:23:00.000000000,BEST_BID,"JPM,99805,184"
2019-06-28 12:23:00.000000000,BEST_ASK,"JPM,99807,191"
2019-06-28 12:23:00.000000000,LAST_TRADE,"5,$99805.0000"
2019-06-28 12:23:00.000000000,QUERY_SPREAD,99
2019-06-28 12:23:00.000000000,BEST_BID,"JPM,99805,180"
2019-06-28 12:23:00.000000000,BEST_ASK,"JPM,99807,191"
2019-06-28 12:23:00.000000000,LAST_TRADE,"4,$99805.0000"
2019-06-28 12:23:00.000000000,QUERY_SPREAD,100
2019-06-28 12:23:00.000000000,BEST_BID,"JPM,99805,175"
2019-06-28 12:23:00.000000000,BEST_ASK,"JPM,99807,191"
2019-06-28 12:23:00.000000000,LAST_TRADE,"5,$99805.0000"
2019-06-28 12:23:00.000000000,QUERY_SPREAD,101
2019-06-28 12:23:00.000000000,BEST_BID,"JPM,99805,175"
2019-06-28 12:23:00.000000000,BEST_ASK,"JPM,99807,190"
2019-06-28 12:23:00.000000000,LAST_TRADE,"1,$99807.0000"
2019-06-28 12:23:10.000000000,QUERY_SPREAD,1
2019-06-28 12:23:10.000000000,BEST_BID,"JPM,99805,175"
2019-06-28 12:23:10.000000000,BEST_ASK,"JPM,99807,97"
2019-06-28 12:23:10.000000000,BEST_BID,"JPM,99805,175"
2019-06-28 12:23:10.000000000,BEST_ASK,"JPM,99807,97"
2019-06-28 12:23:10.000000000,BEST_BID,"JPM,99805,175"
2019-06-28 12:23:10.000000000,BEST_ASK,"JPM,99807,190"
2019-06-28 12:23:10.000000000,BEST_BID,"JPM,99805,175"
2019-06-28 12:23:10.000000000,BEST_ASK,"JPM,99807,190"
2019-06-28 12:23:10.000000000,BEST_BID,"JPM,99805,175"
2019-06-28 12:23:10.000000000,BEST_ASK,"JPM,99807,190"
2019-06-28 12:23:10.000000000,BEST_BID,"JPM,99805,175"
2019-06-28 12:23:10.000000000,BEST_ASK,"JPM,99807,190"
2019-06-28 12:23:20.000000000,QUERY_SPREAD,1
2019-06-28 12:23:20.000000000,BEST_BID,"JPM,99805,208"
2019-06-28 12:23:20.000000000,BEST_ASK,"JPM,99807,97"
2019-06-28 12:23:20.000000000,BEST_BID,"JPM,99805,208"
2019-06-28 12:23:20.000000000,BEST_ASK,"JPM,99807,97"
2019-06-28 12:23:20.000000000,BEST_BID,"JPM,99805,208"
2019-06-28 12:23:20.000000000,BEST_ASK,"JPM,99807,223"
2019-06-28 12:23:20.000000000,BEST_BID,"JPM,99805,208"
2019-06-28 12:23:20.000000000,BEST_ASK,"JPM,99807,223"
2019-06-28 12:23:20.000000000,BEST_BID,"JPM,99805,208"
2019-06-28 12:23:20.000000000,BEST_ASK,"JPM,99807,223"
2019-06-28 12:23:21.042838510,QUERY_ORDER_STREAM,64
2019-06-28 12:23:21.042838510,QUERY_SPREAD,64
2019-06-28 12:23:21.042838510,BEST_BID,"JPM,99805,308"
2019-06-28 12:23:21.042838510,BEST_ASK,"JPM,99807,223"
2019-06-28 12:23:22.068202956,QUERY_SPREAD,30
2019-06-28 12:23:22.068202956,BEST_BID,"JPM,99805,308"
2019-06-28 12:23:22.068202956,BEST_ASK,"JPM,99807,123"
2019-06-28 12:23:22.068202956,LAST_TRADE,"100,$99807.0000"
2019-06-28 12:23:30.000000000,QUERY_SPREAD,1
2019-06-28 12:23:30.000000000,BEST_BID,"JPM,99805,256"
2019-06-28 12:23:30.000000000,BEST_ASK,"JPM,99855,100"
2019-06-28 12:23:30.000000000,BEST_BID,"JPM,99805,256"
2019-06-28 12:23:30.000000000,BEST_ASK,"JPM,99855,100"
2019-06-28 12:23:30.000000000,BEST_BID,"JPM,99805,256"
2019-06-28 12:23:30.000000000,BEST_ASK,"JPM,99855,174"
2019-06-28 12:23:30.000000000,BEST_BID,"JPM,99805,256"
2019-06-28 12:23:30.000000000,BEST_ASK,"JPM,99855,174"
2019-06-28 12:23:30.000000000,BEST_BID,"JPM,99805,256"
2019-06-28 12:23:30.000000000,BEST_ASK,"JPM,99855,174"
2019-06-28 12:23:30.000000000,BEST_BID,"JPM,99805,256"
2019-06-28 12:23:30.000000000,BEST_ASK,"JPM,99855,174"
2019-06-28 12:23:30.000000000,BEST_BID,"JPM,99805,256"
2019-06-28 12:23:30.000000000,BEST_ASK,"JPM,99855,174"
2019-06-28 12:23:33.986089803,QUERY_SPREAD,46
2019-06-28 12:23:33.986089803,BEST_BID,"JPM,99805,256"
2019-06-28 12:23:33.986089803,BEST_ASK,"JPM,99855,74"
2019-06-28 12:23:33.986089803,LAST_TRADE,"100,$99855.0000"
2019-06-28 12:23:40.000000000,QUERY_SPREAD,1
2019-06-28 12:23:40.000000000,BEST_BID,"JPM,99805,275"
2019-06-28 12:23:40.000000000,BEST_ASK,"JPM,99868,100"
2019-06-28 12:23:40.000000000,BEST_BID,"JPM,99805,275"
2019-06-28 12:23:40.000000000,BEST_ASK,"JPM,99868,100"
2019-06-28 12:23:40.000000000,BEST_BID,"JPM,99805,275"
2019-06-28 12:23:40.000000000,BEST_ASK,"JPM,99868,193"
2019-06-28 12:23:40.000000000,BEST_BID,"JPM,99805,275"
2019-06-28 12:23:40.000000000,BEST_ASK,"JPM,99868,193"
2019-06-28 12:23:40.000000000,BEST_BID,"JPM,99805,275"
2019-06-28 12:23:40.000000000,BEST_ASK,"JPM,99868,193"
2019-06-28 12:23:40.000000000,BEST_BID,"JPM,99805,275"
2019-06-28 12:23:40.000000000,BEST_ASK,"JPM,99868,193"
2019-06-28 12:23:50.000000000,QUERY_SPREAD,1
2019-06-28 12:23:50.000000000,BEST_BID,"JPM,99805,256"
2019-06-28 12:23:50.000000000,BEST_ASK,"JPM,99868,100"
2019-06-28 12:23:50.000000000,BEST_BID,"JPM,99805,256"
2019-06-28 12:23:50.000000000,BEST_ASK,"JPM,99868,100"
2019-06-28 12:23:50.000000000,BEST_BID,"JPM,99805,256"
2019-06-28 12:23:50.000000000,BEST_ASK,"JPM,99868,174"
2019-06-28 12:23:50.000000000,BEST_BID,"JPM,99805,256"
2019-06-28 12:23:50.000000000,BEST_ASK,"JPM,99868,174"
2019-06-28 12:23:50.000000000,BEST_BID,"JPM,99805,256"
2019-06-28 12:23:50.000000000,BEST_ASK,"JPM,99868,174"
2019-06-28 12:23:50.000000000,BEST_BID,"JPM,99805,256"
2019-06-28 12:23:50.000000000,BEST_ASK,"JPM,99868,174"
2019-06-28 12:23:50.000000000,BEST_BID,"JPM,99805,256"
2019-06-28 12:23:50.000000000,BEST_ASK,"JPM,99868,174"
2019-06-28 12:23:51.836309911,QUERY_SPREAD,36
2019-06-28 12:23:51.836309911,BEST_BID,"JPM,99805,256"
2019-06-28 12:23:51.836309911,BEST_ASK,"JPM,99868,174"
2019-06-28 12:24:00.000000000,QUERY_SPREAD,1
2019-06-28 12:24:00.000000000,BEST_BID,"JPM,99805,275"
2019-06-28 12:24:00.000000000,BEST_ASK,"JPM,99868,100"
2019-06-28 12:24:00.000000000,BEST_BID,"JPM,99805,275"
2019-06-28 12:24:00.000000000,BEST_ASK,"JPM,99868,100"
2019-06-28 12:24:00.000000000,BEST_BID,"JPM,99805,275"
2019-06-28 12:24:00.000000000,BEST_ASK,"JPM,99868,193"
2019-06-28 12:24:00.000000000,BEST_BID,"JPM,99805,275"
2019-06-28 12:24:00.000000000,BEST_ASK,"JPM,99868,193"
2019-06-28 12:24:00.000000000,BEST_BID,"JPM,99805,275"
2019-06-28 12:24:00.000000000,BEST_ASK,"JPM,99868,193"
2019-06-28 12:24:00.000000000,BEST_BID,"JPM,99805,275"
2019-06-28 12:24:00.000000000,BEST_ASK,"JPM,99868,193"
2019-06-28 12:24:00.000000000,QUERY_SPREAD,77
2019-06-28 12:24:00.000000000,BEST_BID,"JPM,99805,270"
2019-06-28 12:24:00.000000000,BEST_ASK,"JPM,99868,193"
2019-06-28 12:24:00.000000000,LAST_TRADE,"5,$99805.0000"
2019-06-28 12:24:00.000000000,QUERY_SPREAD,78
2019-06-28 12:24:00.000000000,BEST_BID,"JPM,99805,262"
2019-06-28 12:24:00.000000000,BEST_ASK,"JPM,99868,193"
2019-06-28 12:24:00.000000000,LAST_TRADE,"8,$99805.0000"
2019-06-28 12:24:00.000000000,QUERY_SPREAD,79
2019-06-28 12:24:00.000000000,BEST_BID,"JPM,99805,257"
2019-06-28 12:24:00.000000000,BEST_ASK,"JPM,99868,193"
2019-06-28 12:24:00.000000000,LAST_TRADE,"5,$99805.0000"
2019-06-28 12:24:00.000000000,QUERY_SPREAD,80
2019-06-28 12:24:00.000000000,BEST_BID,"JPM,99805,249"
2019-06-28 12:24:00.000000000,BEST_ASK,"JPM,99868,193"
2019-06-28 12:24:00.000000000,LAST_TRADE,"8,$99805.0000"
2019-06-28 12:24:00.000000000,QUERY_SPREAD,81
2019-06-28 12:24:00.000000000,BEST_BID,"JPM,99805,240"
2019-06-28 12:24:00.000000000,BEST_ASK,"JPM,99868,193"
2019-06-28 12:24:00.000000000,LAST_TRADE,"9,$99805.0000"
2019-06-28 12:24:00.000000000,QUERY_SPREAD,82
2019-06-28 12:24:00.000000000,BEST_BID,"JPM,99805,237"
2019-06-28 12:24:00.000000000,BEST_ASK,"JPM,99868,193"
2019-06-28 12:24:00.000000000,LAST_TRADE,"3,$99805.0000"
2019-06-28 12:24:00.000000000,QUERY_SPREAD,83
2019-06-28 12:24:00.000000000,BEST_BID,"JPM,99805,229"
2019-06-28 12:24:00.000000000,BEST_ASK,"JPM,99868,193"
2019-06-28 12:24:00.000000000,LAST_TRADE,"8,$99805.0000"
2019-06-28 12:24:00.000000000,QUERY_SPREAD,84
2019-06-28 12:24:00.000000000,BEST_BID,"JPM,99805,225"
2019-06-28 12:24:00.000000000,BEST_ASK,"JPM,99868,193"
2019-06-28 12:24:00.000000000,LAST_TRADE,"4,$99805.0000"
2019-06-28 12:24:00.000000000,QUERY_SPREAD,85
2019-06-28 12:24:00.000000000,BEST_BID,"JPM,99805,220"
2019-06-28 12:24:00.000000000,BEST_ASK,"JPM,99868,193"
2019-06-28 12:24:00.000000000,LAST_TRADE,"5,$99805.0000"
2019-06-28 12:24:00.000000000,QUERY_SPREAD,86
2019-06-28 12:24:00.000000000,BEST_BID,"JPM,99805,218"
2019-06-28 12:24:00.000000000,BEST_ASK,"JPM,99868,193"
2019-06-28 12:24:00.000000000,LAST_TRADE,"2,$99805.0000"
2019-06-28 12:24:00.000000000,QUERY_SPREAD,87
2019-06-28 12:24:00.000000000,BEST_BID,"JPM,99805,211"
2019-06-28 12:24:00.000000000,BEST_ASK,"JPM,99868,193"
2019-06-28 12:24:00.000000000,LAST_TRADE,"7,$99805.0000"
2019-06-28 12:24:00.000000000,QUERY_SPREAD,88
2019-06-28 12:24:00.000000000,BEST_BID,"JPM,99805,203"
2019-06-28 12:24:00.000000000,BEST_ASK,"JPM,99868,193"
2019-06-28 12:24:00.000000000,LAST_TRADE,"8,$99805.0000"
2019-06-28 12:24:00.000000000,QUERY_SPREAD,89
2019-06-28 12:24:00.000000000,BEST_BID,"JPM,99805,198"
2019-06-28 12:24:00.000000000,BEST_ASK,"JPM,99868,193"
2019-06-28 12:24:00.000000000,LAST_TRADE,"5,$99805.0000"
2019-06-28 12:24:00.000000000,QUERY_SPREAD,90
2019-06-28 12:24:00.000000000,BEST_BID,"JPM,99805,194"
2019-06-28 12:24:00.000000000,BEST_ASK,"JPM,99868,193"
2019-06-28 12:24:00.000000000,LAST_TRADE,"4,$99805.0000"
2019-06-28 12:24:00.000000000,QUERY_SPREAD,91
2019-06-28 12:24:00.000000000,BEST_BID,"JPM,99805,191"
2019-06-28 12:24:00.000000000,BEST_ASK,"JPM,99868,193"
2019-06-28 12:24:00.000000000,LAST_TRADE,"3,$99805.0000"
2019-06-28 12:24:00.000000000,QUERY_SPREAD,92
2019-06-28 12:24:00.000000000,BEST_BID,"JPM,99805,186"
2019-06-28 12:24:00.000000000,BEST_ASK,"JPM,99868,193"
2019-06-28 12:24:00.000000000,LAST_TRADE,"5,$99805.0000"
2019-06-28 12:24:00.000000000,QUERY_SPREAD,93
2019-06-28 12:24:00.000000000,BEST_BID,"JPM,99805,179"
2019-06-28 12:24:00.000000000,BEST_ASK,"JPM,99868,193"
2019-06-28 12:24:00.000000000,LAST_TRADE,"7,$99805.0000"
2019-06-28 12:24:00.000000000,QUERY_SPREAD,94
2019-06-28 12:24:00.000000000,BEST_BID,"JPM,99805,178"
2019-06-28 12:24:00.000000000,BEST_ASK,"JPM,99868,193"
2019-06-28 12:24:00.000000000,LAST_TRADE,"1,$99805.0000"
2019-06-28 12:24:00.000000000,QUERY_SPREAD,95
2019-06-28 12:24:00.000000000,BEST_BID,"JPM,99805,177"
2019-06-28 12:24:00.000000000,BEST_ASK,"JPM,99868,193"
2019-06-28 12:24:00.000000000,LAST_TRADE,"1,$99805.0000"
2019-06-28 12:24:00.000000000,QUERY_SPREAD,96
2019-06-28 12:24:00.000000000,BEST_BID,"JPM,99805,173"
2019-06-28 12:24:00.000000000,BEST_ASK,"JPM,99868,193"
2019-06-28 12:24:00.000000000,LAST_TRADE,"4,$99805.0000"
2019-06-28 12:24:00.000000000,QUERY_SPREAD,97
2019-06-28 12:24:00.000000000,BEST_BID,"JPM,99805,170"
2019-06-28 12:24:00.000000000,BEST_ASK,"JPM,99868,193"
2019-06-28 12:24:00.000000000,LAST_TRADE,"3,$99805.0000"
2019-06-28 12:24:00.000000000,QUERY_SPREAD,98
2019-06-28 12:24:00.000000000,BEST_BID,"JPM,99805,165"
2019-06-28 12:24:00.000000000,BEST_ASK,"JPM,99868,193"
2019-06-28 12:24:00.000000000,LAST_TRADE,"5,$99805.0000"
2019-06-28 12:24:00.000000000,QUERY_SPREAD,99
2019-06-28 12:24:00.000000000,BEST_BID,"JPM,99805,161"
2019-06-28 12:24:00.000000000,BEST_ASK,"JPM,99868,193"
2019-06-28 12:24:00.000000000,LAST_TRADE,"4,$99805.0000"
2019-06-28 12:24:00.000000000,QUERY_SPREAD,100
2019-06-28 12:24:00.000000000,BEST_BID,"JPM,99805,156"
2019-06-28 12:24:00.000000000,BEST_ASK,"JPM,99868,193"
2019-06-28 12:24:00.000000000,LAST_TRADE,"5,$99805.0000"
2019-06-28 12:24:00.000000000,QUERY_SPREAD,101
2019-06-28 12:24:00.000000000,BEST_BID,"JPM,99805,156"
2019-06-28 12:24:00.000000000,BEST_ASK,"JPM,99868,192"
2019-06-28 12:24:00.000000000,LAST_TRADE,"1,$99868.0000"
2019-06-28 12:24:06.139900623,QUERY_ORDER_STREAM,59
2019-06-28 12:24:06.139900623,QUERY_SPREAD,59
2019-06-28 12:24:06.139900623,BEST_BID,"JPM,99805,156"
2019-06-28 12:24:06.139900623,BEST_ASK,"JPM,99868,292"
2019-06-28 12:24:06.488104603,QUERY_SPREAD,45
2019-06-28 12:24:06.488104603,BEST_BID,"JPM,99805,156"
2019-06-28 12:24:06.488104603,BEST_ASK,"JPM,99868,292"
2019-06-28 12:24:10.000000000,QUERY_SPREAD,1
2019-06-28 12:24:10.000000000,BEST_BID,"JPM,99805,434"
2019-06-28 12:24:10.000000000,BEST_ASK,"JPM,99868,199"
2019-06-28 12:24:10.000000000,BEST_BID,"JPM,99805,434"
2019-06-28 12:24:10.000000000,BEST_ASK,"JPM,99868,570"
2019-06-28 12:24:20.000000000,QUERY_SPREAD,1
2019-06-28 12:24:20.000000000,BEST_BID,"JPM,99805,189"
2019-06-28 12:24:20.000000000,BEST_ASK,"JPM,99868,199"
2019-06-28 12:24:20.000000000,BEST_BID,"JPM,99805,189"
2019-06-28 12:24:20.000000000,BEST_ASK,"JPM,99868,199"
2019-06-28 12:24:20.000000000,BEST_BID,"JPM,99805,189"
2019-06-28 12:24:20.000000000,BEST_ASK,"JPM,99868,325"
2019-06-28 12:24:20.000000000,BEST_BID,"JPM,99805,189"
2019-06-28 12:24:20.000000000,BEST_ASK,"JPM,99868,325"
2019-06-28 12:24:20.000000000,BEST_BID,"JPM,99805,189"
2019-06-28 12:24:20.000000000,BEST_ASK,"JPM,99868,325"
2019-06-28 12:24:24.026558223,QUERY_ORDER_STREAM,52
2019-06-28 12:24:24.026558223,QUERY_SPREAD,52
2019-06-28 12:24:30.000000000,QUERY_SPREAD,1
2019-06-28 12:24:30.000000000,BEST_BID,"JPM,99805,137"
2019-06-28 12:24:30.000000000,BEST_ASK,"JPM,99868,199"
2019-06-28 12:24:30.000000000,BEST_BID,"JPM,99805,137"
2019-06-28 12:24:30.000000000,BEST_ASK,"JPM,99868,199"
2019-06-28 12:24:30.000000000,BEST_BID,"JPM,99805,137"
2019-06-28 12:24:30.000000000,BEST_ASK,"JPM,99868,273"
2019-06-28 12:24:30.000000000,BEST_BID,"JPM,99805,137"
2019-06-28 12:24:30.000000000,BEST_ASK,"JPM,99868,273"
2019-06-28 12:24:30.000000000,BEST_BID,"JPM,99805,137"
2019-06-28 12:24:30.000000000,BEST_ASK,"JPM,99868,273"
2019-06-28 12:24:30.000000000,BEST_BID,"JPM,99805,137"
2019-06-28 12:24:30.000000000,BEST_ASK,"JPM,99868,273"
2019-06-28 12:24:30.000000000,BEST_BID,"JPM,99805,137"
2019-06-28 12:24:30.000000000,BEST_ASK,"JPM,99868,273"
2019-06-28 12:24:40.000000000,QUERY_SPREAD,1
2019-06-28 12:24:40.000000000,BEST_BID,"JPM,99805,189"
2019-06-28 12:24:40.000000000,BEST_ASK,"JPM,99868,199"
2019-06-28 12:24:40.000000000,BEST_BID,"JPM,99805,189"
2019-06-28 12:24:40.000000000,BEST_ASK,"JPM,99868,199"
2019-06-28 12:24:40.000000000,BEST_BID,"JPM,99805,189"
2019-06-28 12:24:40.000000000,BEST_ASK,"JPM,99868,325"
2019-06-28 12:24:40.000000000,BEST_BID,"JPM,99805,189"
2019-06-28 12:24:40.000000000,BEST_ASK,"JPM,99868,325"
2019-06-28 12:24:40.000000000,BEST_BID,"JPM,99805,189"
2019-06-28 12:24:40.000000000,BEST_ASK,"JPM,99868,325"
2019-06-28 12:24:50.000000000,QUERY_SPREAD,1
2019-06-28 12:24:50.000000000,BEST_BID,"JPM,99805,189"
2019-06-28 12:24:50.000000000,BEST_ASK,"JPM,99868,199"
2019-06-28 12:24:50.000000000,BEST_BID,"JPM,99805,189"
2019-06-28 12:24:50.000000000,BEST_ASK,"JPM,99868,199"
2019-06-28 12:24:50.000000000,BEST_BID,"JPM,99805,189"
2019-06-28 12:24:50.000000000,BEST_ASK,"JPM,99868,325"
2019-06-28 12:24:50.000000000,BEST_BID,"JPM,99805,189"
2019-06-28 12:24:50.000000000,BEST_ASK,"JPM,99868,325"
2019-06-28 12:24:50.000000000,BEST_BID,"JPM,99805,189"
2019-06-28 12:24:50.000000000,BEST_ASK,"JPM,99868,325"
2019-06-28 12:24:50.803298096,QUERY_SPREAD,4
2019-06-28 12:24:50.803298096,BEST_BID,"JPM,99805,89"
2019-06-28 12:24:50.803298096,BEST_ASK,"JPM,99868,325"
2019-06-28 12:24:50.803298096,LAST_TRADE,"100,$99805.0000"
2019-06-28 12:24:55.307650483,QUERY_ORDER_STREAM,61
2019-06-28 12:24:55.307650483,QUERY_SPREAD,61
2019-06-28 12:24:57.136945272,QUERY_SPREAD,42
2019-06-28 12:24:57.136945272,BEST_BID,"JPM,99805,89"
2019-06-28 12:24:57.136945272,BEST_ASK,"JPM,99849,100"
2019-06-28 12:25:00.000000000,QUERY_SPREAD,1
2019-06-28 12:25:00.000000000,QUERY_SPREAD,77
2019-06-28 12:25:00.000000000,QUERY_SPREAD,78
2019-06-28 12:25:00.000000000,QUERY_SPREAD,79
2019-06-28 12:25:00.000000000,QUERY_SPREAD,80
2019-06-28 12:25:00.000000000,QUERY_SPREAD,81
2019-06-28 12:25:00.000000000,QUERY_SPREAD,82
2019-06-28 12:25:00.000000000,QUERY_SPREAD,83
2019-06-28 12:25:00.000000000,QUERY_SPREAD,84
2019-06-28 12:25:00.000000000,QUERY_SPREAD,85
2019-06-28 12:25:00.000000000,QUERY_SPREAD,86
2019-06-28 12:25:00.000000000,QUERY_SPREAD,87
2019-06-28 12:25:00.000000000,QUERY_SPREAD,88
2019-06-28 12:25:00.000000000,QUERY_SPREAD,89
2019-06-28 12:25:00.000000000,QUERY_SPREAD,90
2019-06-28 12:25:00.000000000,QUERY_SPREAD,91
2019-06-28 12:25:00.000000000,QUERY_SPREAD,92
2019-06-28 12:25:00.000000000,QUERY_SPREAD,93
2019-06-28 12:25:00.000000000,QUERY_SPREAD,94
2019-06-28 12:25:00.000000000,QUERY_SPREAD,95
2019-06-28 12:25:00.000000000,QUERY_SPREAD,96
2019-06-28 12:25:00.000000000,QUERY_SPREAD,97
2019-06-28 12:25:00.000000000,QUERY_SPREAD,98
2019-06-28 12:25:00.000000000,QUERY_SPREAD,99
2019-06-28 12:25:00.000000000,QUERY_SPREAD,100
2019-06-28 12:25:00.000000000,QUERY_SPREAD,101
2019-06-28 12:25:10.000000000,QUERY_SPREAD,1
2019-06-28 12:25:20.000000000,QUERY_SPREAD,1
2019-06-28 12:25:22.851164774,QUERY_SPREAD,7
2019-06-28 12:25:22.851164774,BEST_ASK,"JPM,99620,100"
2019-06-28 12:25:30.000000000,QUERY_SPREAD,1
2019-06-28 12:25:39.953851909,QUERY_SPREAD,51
2019-06-28 12:25:39.953851909,BEST_BID,"JPM,99274,100"
2019-06-28 12:25:39.953851909,BEST_ASK,"JPM,99620,100"
2019-06-28 12:25:40.000000000,QUERY_SPREAD,1
2019-06-28 12:25:40.000000000,BEST_BID,"JPM,99274,226"
2019-06-28 12:25:40.000000000,BEST_ASK,"JPM,99620,100"
2019-06-28 12:25:40.000000000,BEST_BID,"JPM,99274,226"
2019-06-28 12:25:40.000000000,BEST_ASK,"JPM,99620,100"
2019-06-28 12:25:40.000000000,BEST_BID,"JPM,99274,226"
2019-06-28 12:25:40.000000000,BEST_ASK,"JPM,99620,226"
2019-06-28 12:25:40.000000000,BEST_BID,"JPM,99274,226"
2019-06-28 12:25:40.000000000,BEST_ASK,"JPM,99620,226"
2019-06-28 12:25:40.000000000,BEST_BID,"JPM,99274,226"
2019-06-28 12:25:40.000000000,BEST_ASK,"JPM,99620,226"
2019-06-28 12:25:47.825345936,QUERY_SPREAD,33
2019-06-28 12:25:47.825345936,BEST_BID,"JPM,99396,100"
2019-06-28 12:25:47.825345936,BEST_ASK,"JPM,99620,226"
2019-06-28 12:25:50.000000000,QUERY_SPREAD,1
2019-06-28 12:25:50.000000000,BEST_BID,"JPM,99396,471"
2019-06-28 12:25:50.000000000,BEST_ASK,"JPM,99620,100"
2019-06-28 12:25:50.000000000,BEST_BID,"JPM,99396,471"
2019-06-28 12:25:50.000000000,BEST_ASK,"JPM,99620,471"
2019-06-28 12:26:00.000000000,QUERY_SPREAD,1
2019-06-28 12:26:00.000000000,BEST_BID,"JPM,99396,471"
2019-06-28 12:26:00.000000000,BEST_ASK,"JPM,99620,100"
2019-06-28 12:26:00.000000000,BEST_BID,"JPM,99396,471"
2019-06-28 12:26:00.000000000,BEST_ASK,"JPM,99620,471"
2019-06-28 12:26:00.000000000,QUERY_SPREAD,77
2019-06-28 12:26:00.000000000,BEST_BID,"JPM,99396,466"
2019-06-28 12:26:00.000000000,BEST_ASK,"JPM,99620,471"
2019-06-28 12:26:00.000000000,LAST_TRADE,"5,$99396.0000"
2019-06-28 12:26:00.000000000,QUERY_SPREAD,78
2019-06-28 12:26:00.000000000,BEST_BID,"JPM,99396,458"
2019-06-28 12:26:00.000000000,BEST_ASK,"JPM,99620,471"
2019-06-28 12:26:00.000000000,LAST_TRADE,"8,$99396.0000"
2019-06-28 12:26:00.000000000,QUERY_SPREAD,79
2019-06-28 12:26:00.000000000,BEST_BID,"JPM,99396,453"
2019-06-28 12:26:00.000000000,BEST_ASK,"JPM,99620,471"
2019-06-28 12:26:00.000000000,LAST_TRADE,"5,$99396.0000"
2019-06-28 12:26:00.000000000,QUERY_SPREAD,80
2019-06-28 12:26:00.000000000,BEST_BID,"JPM,99396,445"
2019-06-28 12:26:00.000000000,BEST_ASK,"JPM,99620,471"
2019-06-28 12:26:00.000000000,LAST_TRADE,"8,$99396.0000"
2019-06-28 12:26:00.000000000,QUERY_SPREAD,81
2019-06-28 12:26:00.000000000,BEST_BID,"JPM,99396,436"
2019-06-28 12:26:00.000000000,BEST_ASK,"JPM,99620,471"
2019-06-28 12:26:00.000000000,LAST_TRADE,"9,$99396.0000"
2019-06-28 12:26:00.000000000,QUERY_SPREAD,82
2019-06-28 12:26:00.000000000,BEST_BID,"JPM,99396,433"
2019-06-28 12:26:00.000000000,BEST_ASK,"JPM,99620,471"
2019-06-28 12:26:00.000000000,LAST_TRADE,"3,$99396.0000"
2019-06-28 12:26:00.000000000,QUERY_SPREAD,83
2019-06-28 12:26:00.000000000,BEST_BID,"JPM,99396,425"
2019-06-28 12:26:00.000000000,BEST_ASK,"JPM,99620,471"
2019-06-28 12:26:00.000000000,LAST_TRADE,"8,$99396.0000"
2019-06-28 12:26:00.000000000,QUERY_SPREAD,84
2019-06-28 12:26:00.000000000,BEST_BID,"JPM,99396,421"
2019-06-28 12:26:00.000000000,BEST_ASK,"JPM,99620,471"
2019-06-28 12:26:00.000000000,LAST_TRADE,"4,$99396.0000"
2019-06-28 12:26:00.000000000,QUERY_SPREAD,85
2019-06-28 12:26:00.000000000,BEST_BID,"JPM,99396,416"
2019-06-28 12:26:00.000000000,BEST_ASK,"JPM,99620,471"
2019-06-28 12:26:00.000000000,LAST_TRADE,"5,$99396.0000"
2019-06-28 12:26:00.000000000,QUERY_SPREAD,86
2019-06-28 12:26:00.000000000,BEST_BID,"JPM,99396,414"
2019-06-28 12:26:00.000000000,BEST_ASK,"JPM,99620,471"
2019-06-28 12:26:00.000000000,LAST_TRADE,"2,$99396.0000"
2019-06-28 12:26:00.000000000,QUERY_SPREAD,87
2019-06-28 12:26:00.000000000,BEST_BID,"JPM,99396,407"
2019-06-28 12:26:00.000000000,BEST_ASK,"JPM,99620,471"
2019-06-28 12:26:00.000000000,LAST_TRADE,"7,$99396.0000"
2019-06-28 12:26:00.000000000,QUERY_SPREAD,88
2019-06-28 12:26:00.000000000,BEST_BID,"JPM,99396,399"
2019-06-28 12:26:00.000000000,BEST_ASK,"JPM,99620,471"
2019-06-28 12:26:00.000000000,LAST_TRADE,"8,$99396.0000"
2019-06-28 12:26:00.000000000,QUERY_SPREAD,89
2019-06-28 12:26:00.000000000,BEST_BID,"JPM,99396,394"
2019-06-28 12:26:00.000000000,BEST_ASK,"JPM,99620,471"
2019-06-28 12:26:00.000000000,LAST_TRADE,"5,$99396.0000"
2019-06-28 12:26:00.000000000,QUERY_SPREAD,90
2019-06-28 12:26:00.000000000,BEST_BID,"JPM,99396,390"
2019-06-28 12:26:00.000000000,BEST_ASK,"JPM,99620,471"
2019-06-28 12:26:00.000000000,LAST_TRADE,"4,$99396.0000"
2019-06-28 12:26:00.000000000,QUERY_SPREAD,91
2019-06-28 12:26:00.000000000,BEST_BID,"JPM,99396,387"
2019-06-28 12:26:00.000000000,BEST_ASK,"JPM,99620,471"
2019-06-28 12:26:00.000000000,LAST_TRADE,"3,$99396.0000"
2019-06-28 12:26:00.000000000,QUERY_SPREAD,92
2019-06-28 12:26:00.000000000,BEST_BID,"JPM,99396,382"
2019-06-28 12:26:00.000000000,BEST_ASK,"JPM,99620,471"
2019-06-28 12:26:00.000000000,LAST_TRADE,"5,$99396.0000"
2019-06-28 12:26:00.000000000,QUERY_SPREAD,93
2019-06-28 12:26:00.000000000,BEST_BID,"JPM,99396,375"
2019-06-28 12:26:00.000000000,BEST_ASK,"JPM,99620,471"
2019-06-28 12:26:00.000000000,LAST_TRADE,"7,$99396.0000"
2019-06-28 12:26:00.000000000,QUERY_SPREAD,94
2019-06-28 12:26:00.000000000,BEST_BID,"JPM,99396,374"
2019-06-28 12:26:00.000000000,BEST_ASK,"JPM,99620,471"
2019-06-28 12:26:00.000000000,LAST_TRADE,"1,$99396.0000"
2019-06-28 12:26:00.000000000,QUERY_SPREAD,95
2019-06-28 12:26:00.000000000,BEST_BID,"JPM,99396,373"
2019-06-28 12:26:00.000000000,BEST_ASK,"JPM,99620,471"
2019-06-28 12:26:00.000000000,LAST_TRADE,"1,$99396.0000"
2019-06-28 12:26:00.000000000,QUERY_SPREAD,96
2019-06-28 12:26:00.000000000,BEST_BID,"JPM,99396,369"
2019-06-28 12:26:00.000000000,BEST_ASK,"JPM,99620,471"
2019-06-28 12:26:00.000000000,LAST_TRADE,"4,$99396.0000"
2019-06-28 12:26:00.000000000,QUERY_SPREAD,97
2019-06-28 12:26:00.000000000,BEST_BID,"JPM,99396,366"
2019-06-28 12:26:00.000000000,BEST_ASK,"JPM,99620,471"
2019-06-28 12:26:00.000000000,LAST_TRADE,"3,$99396.0000"
2019-06-28 12:26:00.000000000,QUERY_SPREAD,98
2019-06-28 12:26:00.000000000,BEST_BID,"JPM,99396,361"
2019-06-28 12:26:00.000000000,BEST_ASK,"JPM,99620,471"
2019-06-28 12:26:00.000000000,LAST_TRADE,"5,$99396.0000"
2019-06-28 12:26:00.000000000,QUERY_SPREAD,99
2019-06-28 12:26:00.000000000,BEST_BID,"JPM,99396,357"
2019-06-28 12:26:00.000000000,BEST_ASK,"JPM,99620,471"
2019-06-28 12:26:00.000000000,LAST_TRADE,"4,$99396.0000"
2019-06-28 12:26:00.000000000,QUERY_SPREAD,100
2019-06-28 12:26:00.000000000,BEST_BID,"JPM,99396,352"
2019-06-28 12:26:00.000000000,BEST_ASK,"JPM,99620,471"
2019-06-28 12:26:00.000000000,LAST_TRADE,"5,$99396.0000"
2019-06-28 12:26:00.000000000,QUERY_SPREAD,101
2019-06-28 12:26:00.000000000,BEST_BID,"JPM,99396,352"
2019-06-28 12:26:00.000000000,BEST_ASK,"JPM,99620,470"
2019-06-28 12:26:00.000000000,LAST_TRADE,"1,$99620.0000"
2019-06-28 12:26:03.166559452,QUERY_ORDER_STREAM,72
2019-06-28 12:26:03.166559452,QUERY_SPREAD,72
2019-06-28 12:26:10.000000000,QUERY_SPREAD,1
2019-06-28 12:26:10.000000000,BEST_BID,"JPM,99274,471"
2019-06-28 12:26:10.000000000,BEST_ASK,"JPM,99620,99"
2019-06-28 12:26:10.000000000,BEST_BID,"JPM,99274,471"
2019-06-28 12:26:10.000000000,BEST_ASK,"JPM,99620,470"
2019-06-28 12:26:15.751506472,QUERY_SPREAD,35
2019-06-28 12:26:15.751506472,BEST_BID,"JPM,99450,100"
2019-06-28 12:26:15.751506472,BEST_ASK,"JPM,99620,470"
2019-06-28 12:26:20.000000000,QUERY_SPREAD,1
2019-06-28 12:26:20.000000000,BEST_BID,"JPM,99450,471"
2019-06-28 12:26:20.000000000,BEST_ASK,"JPM,99620,99"
2019-06-28 12:26:20.000000000,BEST_BID,"JPM,99450,471"
2019-06-28 12:26:20.000000000,BEST_ASK,"JPM,99620,470"
2019-06-28 12:26:30.000000000,QUERY_SPREAD,1
2019-06-28 12:26:30.000000000,BEST_BID,"JPM,99450,226"
2019-06-28 12:26:30.000000000,BEST_ASK,"JPM,99620,99"
2019-06-28 12:26:30.000000000,BEST_BID,"JPM,99450,226"
2019-06-28 12:26:30.000000000,BEST_ASK,"JPM,99620,99"
2019-06-28 12:26:30.000000000,BEST_BID,"JPM,99450,226"
2019-06-28 12:26:30.000000000,BEST_ASK,"JPM,99620,99"
2019-06-28 12:26:30.000000000,BEST_BID,"JPM,99450,226"
2019-06-28 12:26:30.000000000,BEST_ASK,"JPM,99620,225"
2019-06-28 12:26:30.000000000,BEST_BID,"JPM,99450,226"
2019-06-28 12:26:30.000000000,BEST_ASK,"JPM,99620,225"
2019-06-28 12:26:30.000000000,BEST_BID,"JPM,99450,226"
2019-06-28 12:26:30.000000000,BEST_ASK,"JPM,99620,225"
2019-06-28 12:26:40.000000000,QUERY_SPREAD,1
2019-06-28 12:26:40.000000000,BEST_BID,"JPM,99450,286"
2019-06-28 12:26:40.000000000,BEST_ASK,"JPM,99620,99"
2019-06-28 12:26:40.000000000,BEST_BID,"JPM,99450,286"
2019-06-28 12:26:40.000000000,BEST_ASK,"JPM,99620,99"
2019-06-28 12:26:40.000000000,BEST_BID,"JPM,99450,286"
2019-06-28 12:26:40.000000000,BEST_ASK,"JPM,99620,285"
2019-06-28 12:26:40.000000000,BEST_BID,"JPM,99450,286"
2019-06-28 12:26:40.000000000,BEST_ASK,"JPM,99620,285"
2019-06-28 12:26:50.000000000,QUERY_SPREAD,1
2019-06-28 12:26:50.000000000,BEST_BID,"JPM,99450,174"
2019-06-28 12:26:50.000000000,BEST_ASK,"JPM,99620,99"
2019-06-28 12:26:50.000000000,BEST_BID,"JPM,99450,174"
2019-06-28 12:26:50.000000000,BEST_ASK,"JPM,99620,99"
2019-06-28 12:26:50.000000000,BEST_BID,"JPM,99450,174"
2019-06-28 12:26:50.000000000,BEST_ASK,"JPM,99620,99"
2019-06-28 12:26:50.000000000,BEST_BID,"JPM,99450,174"
2019-06-28 12:26:50.000000000,BEST_ASK,"JPM,99620,173"
2019-06-28 12:26:50.000000000,BEST_BID,"JPM,99450,174"
2019-06-28 12:26:50.000000000,BEST_ASK,"JPM,99620,173"
2019-06-28 12:26:50.000000000,BEST_BID,"JPM,99450,174"
2019-06-28 12:26:50.000000000,BEST_ASK,"JPM,99620,173"
2019-06-28 12:26:50.000000000,BEST_BID,"JPM,99450,174"
2019-06-28 12:26:50.000000000,BEST_ASK,"JPM,99620,173"
2019-06-28 12:26:50.000000000,BEST_BID,"JPM,99450,174"
2019-06-28 12:26:50.000000000,BEST_ASK,"JPM,99620,173"
2019-06-28 12:26:50.884138583,QUERY_SPREAD,12
2019-06-28 12:26:50.884138583,BEST_BID,"JPM,99450,174"
2019-06-28 12:26:50.884138583,BEST_ASK,"JPM,99620,173"
2019-06-28 12:27:00.000000000,QUERY_SPREAD,1
2019-06-28 12:27:00.000000000,BEST_BID,"JPM,99450,226"
2019-06-28 12:27:00.000000000,BEST_ASK,"JPM,99620,99"
2019-06-28 12:27:00.000000000,BEST_BID,"JPM,99450,226"
2019-06-28 12:27:00.000000000,BEST_ASK,"JPM,99620,99"
2019-06-28 12:27:00.000000000,BEST_BID,"JPM,99450,226"
2019-06-28 12:27:00.000000000,BEST_ASK,"JPM,99620,99"
2019-06-28 12:27:00.000000000,BEST_BID,"JPM,99450,226"
2019-06-28 12:27:00.000000000,BEST_ASK,"JPM,99620,225"
2019-06-28 12:27:00.000000000,BEST_BID,"JPM,99450,226"
2019-06-28 12:27:00.000000000,BEST_ASK,"JPM,99620,225"
2019-06-28 12:27:00.000000000,BEST_BID,"JPM,99450,226"
2019-06-28 12:27:00.000000000,BEST_ASK,"JPM,99620,225"
2019-06-28 12:27:00.000000000,QUERY_SPREAD,77
2019-06-28 12:27:00.000000000,BEST_BID,"JPM,99450,221"
2019-06-28 12:27:00.000000000,BEST_ASK,"JPM,99620,225"
2019-06-28 12:27:00.000000000,LAST_TRADE,"5,$99450.0000"
2019-06-28 12:27:00.000000000,QUERY_SPREAD,78
2019-06-28 12:27:00.000000000,BEST_BID,"JPM,99450,213"
2019-06-28 12:27:00.000000000,BEST_ASK,"JPM,99620,225"
2019-06-28 12:27:00.000000000,LAST_TRADE,"8,$99450.0000"
2019-06-28 12:27:00.000000000,QUERY_SPREAD,79
2019-06-28 12:27:00.000000000,BEST_BID,"JPM,99450,208"
2019-06-28 12:27:00.000000000,BEST_ASK,"JPM,99620,225"
2019-06-28 12:27:00.000000000,LAST_TRADE,"5,$99450.0000"
2019-06-28 12:27:00.000000000,QUERY_SPREAD,80
2019-06-28 12:27:00.000000000,BEST_BID,"JPM,99450,200"
2019-06-28 12:27:00.000000000,BEST_ASK,"JPM,99620,225"
2019-06-28 12:27:00.000000000,LAST_TRADE,"8,$99450.0000"
2019-06-28 12:27:00.000000000,QUERY_SPREAD,81
2019-06-28 12:27:00.000000000,BEST_BID,"JPM,99450,191"
2019-06-28 12:27:00.000000000,BEST_ASK,"JPM,99620,225"
2019-06-28 12:27:00.000000000,LAST_TRADE,"9,$99450.0000"
2019-06-28 12:27:00.000000000,QUERY_SPREAD,82
2019-06-28 12:27:00.000000000,BEST_BID,"JPM,99450,188"
2019-06-28 12:27:00.000000000,BEST_ASK,"JPM,99620,225"
2019-06-28 12:27:00.000000000,LAST_TRADE,"3,$99450.0000"
2019-06-28 12:27:00.000000000,QUERY_SPREAD,83
2019-06-28 12:27:00.000000000,BEST_BID,"JPM,99450,180"
2019-06-28 12:27:00.000000000,BEST_ASK,"JPM,99620,225"
2019-06-28 12:27:00.000000000,LAST_TRADE,"8,$99450.0000"
2019-06-28 12:27:00.000000000,QUERY_SPREAD,84
2019-06-28 12:27:00.000000000,BEST_BID,"JPM,99450,176"
2019-06-28 12:27:00.000000000,BEST_ASK,"JPM,99620,225"
2019-06-28 12:27:00.000000000,LAST_TRADE,"4,$99450.0000"
2019-06-28 12:27:00.000000000,QUERY_SPREAD,85
2019-06-28 12:27:00.000000000,BEST_BID,"JPM,99450,171"
2019-06-28 12:27:00.000000000,BEST_ASK,"JPM,99620,225"
2019-06-28 12:27:00.000000000,LAST_TRADE,"5,$99450.0000"
2019-06-28 12:27:00.000000000,QUERY_SPREAD,86
2019-06-28 12:27:00.000000000,BEST_BID,"JPM,99450,169"
2019-06-28 12:27:00.000000000,BEST_ASK,"JPM,99620,225"
2019-06-28 12:27:00.000000000,LAST_TRADE,"2,$99450.0000"
2019-06-28 12:27:00.000000000,QUERY_SPREAD,87
2019-06-28 12:27:00.000000000,BEST_BID,"JPM,99450,162"
2019-06-28 12:27:00.000000000,BEST_ASK,"JPM,99620,225"
2019-06-28 12:27:00.000000000,LAST_TRADE,"7,$99450.0000"
2019-06-28 12:27:00.000000000,QUERY_SPREAD,88
2019-06-28 12:27:00.000000000,BEST_BID,"JPM,99450,154"
2019-06-28 12:27:00.000000000,BEST_ASK,"JPM,99620,225"
2019-06-28 12:27:00.000000000,LAST_TRADE,"8,$99450.0000"
2019-06-28 12:27:00.000000000,QUERY_SPREAD,89
2019-06-28 12:27:00.000000000,BEST_BID,"JPM,99450,149"
2019-06-28 12:27:00.000000000,BEST_ASK,"JPM,99620,225"
2019-06-28 12:27:00.000000000,LAST_TRADE,"5,$99450.0000"
2019-06-28 12:27:00.000000000,QUERY_SPREAD,90
2019-06-28 12:27:00.000000000,BEST_BID,"JPM,99450,145"
2019-06-28 12:27:00.000000000,BEST_ASK,"JPM,99620,225"
2019-06-28 12:27:00.000000000,LAST_TRADE,"4,$99450.0000"
2019-06-28 12:27:00.000000000,QUERY_SPREAD,91
2019-06-28 12:27:00.000000000,BEST_BID,"JPM,99450,142"
2019-06-28 12:27:00.000000000,BEST_ASK,"JPM,99620,225"
2019-06-28 12:27:00.000000000,LAST_TRADE,"3,$99450.0000"
2019-06-28 12:27:00.000000000,QUERY_SPREAD,92
2019-06-28 12:27:00.000000000,BEST_BID,"JPM,99450,137"
2019-06-28 12:27:00.000000000,BEST_ASK,"JPM,99620,225"
2019-06-28 12:27:00.000000000,LAST_TRADE,"5,$99450.0000"
2019-06-28 12:27:00.000000000,QUERY_SPREAD,93
2019-06-28 12:27:00.000000000,BEST_BID,"JPM,99450,130"
2019-06-28 12:27:00.000000000,BEST_ASK,"JPM,99620,225"
2019-06-28 12:27:00.000000000,LAST_TRADE,"7,$99450.0000"
2019-06-28 12:27:00.000000000,QUERY_SPREAD,94
2019-06-28 12:27:00.000000000,BEST_BID,"JPM,99450,129"
2019-06-28 12:27:00.000000000,BEST_ASK,"JPM,99620,225"
2019-06-28 12:27:00.000000000,LAST_TRADE,"1,$99450.0000"
2019-06-28 12:27:00.000000000,QUERY_SPREAD,95
2019-06-28 12:27:00.000000000,BEST_BID,"JPM,99450,128"
2019-06-28 12:27:00.000000000,BEST_ASK,"JPM,99620,225"
2019-06-28 12:27:00.000000000,LAST_TRADE,"1,$99450.0000"
2019-06-28 12:27:00.000000000,QUERY_SPREAD,96
2019-06-28 12:27:00.000000000,BEST_BID,"JPM,99450,124"
2019-06-28 12:27:00.000000000,BEST_ASK,"JPM,99620,225"
2019-06-28 12:27:00.000000000,LAST_TRADE,"4,$99450.0000"
2019-06-28 12:27:00.000000000,QUERY_SPREAD,97
2019-06-28 12:27:00.000000000,BEST_BID,"JPM,99450,121"
2019-06-28 12:27:00.000000000,BEST_ASK,"JPM,99620,225"
2019-06-28 12:27:00.000000000,LAST_TRADE,"3,$99450.0000"
2019-06-28 12:27:00.000000000,QUERY_SPREAD,98
2019-06-28 12:27:00.000000000,BEST_BID,"JPM,99450,116"
2019-06-28 12:27:00.000000000,BEST_ASK,"JPM,99620,225"
2019-06-28 12:27:00.000000000,LAST_TRADE,"5,$99450.0000"
2019-06-28 12:27:00.000000000,QUERY_SPREAD,99
2019-06-28 12:27:00.000000000,BEST_BID,"JPM,99450,112"
2019-06-28 12:27:00.000000000,BEST_ASK,"JPM,99620,225"
2019-06-28 12:27:00.000000000,LAST_TRADE,"4,$99450.0000"
2019-06-28 12:27:00.000000000,QUERY_SPREAD,100
2019-06-28 12:27:00.000000000,BEST_BID,"JPM,99450,107"
2019-06-28 12:27:00.000000000,BEST_ASK,"JPM,99620,225"
2019-06-28 12:27:00.000000000,LAST_TRADE,"5,$99450.0000"
2019-06-28 12:27:00.000000000,QUERY_SPREAD,101
2019-06-28 12:27:00.000000000,BEST_BID,"JPM,99450,107"
2019-06-28 12:27:00.000000000,BEST_ASK,"JPM,99620,224"
2019-06-28 12:27:00.000000000,LAST_TRADE,"1,$99620.0000"
2019-06-28 12:27:09.863403028,QUERY_SPREAD,15
2019-06-28 12:27:09.863403028,BEST_BID,"JPM,99481,100"
2019-06-28 12:27:09.863403028,BEST_ASK,"JPM,99620,224"
2019-06-28 12:27:10.000000000,QUERY_SPREAD,1
2019-06-28 12:27:10.000000000,BEST_BID,"JPM,99481,471"
2019-06-28 12:27:10.000000000,BEST_ASK,"JPM,99620,98"
2019-06-28 12:27:10.000000000,BEST_BID,"JPM,99481,471"
2019-06-28 12:27:10.000000000,BEST_ASK,"JPM,99620,469"
2019-06-28 12:27:20.000000000,QUERY_SPREAD,1
2019-06-28 12:27:20.000000000,BEST_BID,"JPM,99481,226"
2019-06-28 12:27:20.000000000,BEST_ASK,"JPM,99620,98"
2019-06-28 12:27:20.000000000,BEST_BID,"JPM,99481,226"
2019-06-28 12:27:20.000000000,BEST_ASK,"JPM,99620,98"
2019-06-28 12:27:20.000000000,BEST_BID,"JPM,99481,226"
2019-06-28 12:27:20.000000000,BEST_ASK,"JPM,99620,98"
2019-06-28 12:27:20.000000000,BEST_BID,"JPM,99481,226"
2019-06-28 12:27:20.000000000,BEST_ASK,"JPM,99620,224"
2019-06-28 12:27:20.000000000,BEST_BID,"JPM,99481,226"
2019-06-28 12:27:20.000000000,BEST_ASK,"JPM,99620,224"
2019-06-28 12:27:20.000000000,BEST_BID,"JPM,99481,226"
2019-06-28 12:27:20.000000000,BEST_ASK,"JPM,99620,224"
2019-06-28 12:27:29.796698924,QUERY_SPREAD,44
2019-06-28 12:27:29.796698924,BEST_BID,"JPM,99481,226"
2019-06-28 12:27:29.796698924,BEST_ASK,"JPM,99620,224"
2019-06-28 12:27:30.000000000,QUERY_SPREAD,1
2019-06-28 12:27:30.000000000,BEST_BID,"JPM,99481,286"
2019-06-28 12:27:30.000000000,BEST_ASK,"JPM,99620,98"
2019-06-28 12:27:30.000000000,BEST_BID,"JPM,99481,286"
2019-06-28 12:27:30.000000000,BEST_ASK,"JPM,99620,98"
2019-06-28 12:27:30.000000000,BEST_BID,"JPM,99481,286"
2019-06-28 12:27:30.000000000,BEST_ASK,"JPM,99620,284"
2019-06-28 12:27:30.000000000,BEST_BID,"JPM,99481,286"
2019-06-28 12:27:30.000000000,BEST_ASK,"JPM,99620,284"
2019-06-28 12:27:40.000000000,QUERY_SPREAD,1
2019-06-28 12:27:40.000000000,BEST_BID,"JPM,99481,174"
2019-06-28 12:27:40.000000000,BEST_ASK,"JPM,99620,98"
2019-06-28 12:27:40.000000000,BEST_BID,"JPM,99481,174"
2019-06-28 12:27:40.000000000,BEST_ASK,"JPM,99620,98"
2019-06-28 12:27:40.000000000,BEST_BID,"JPM,99481,174"
2019-06-28 12:27:40.000000000,BEST_ASK,"JPM,99620,98"
2019-06-28 12:27:40.000000000,BEST_BID,"JPM,99481,174"
2019-06-28 12:27:40.000000000,BEST_ASK,"JPM,99620,98"
2019-06-28 12:27:40.000000000,BEST_BID,"JPM,99481,174"
2019-06-28 12:27:40.000000000,BEST_ASK,"JPM,99620,172"
2019-06-28 12:27:40.000000000,BEST_BID,"JPM,99481,174"
2019-06-28 12:27:40.000000000,BEST_ASK,"JPM,99620,172"
2019-06-28 12:27:40.000000000,BEST_BID,"JPM,99481,174"
2019-06-28 12:27:40.000000000,BEST_ASK,"JPM,99620,172"
2019-06-28 12:27:40.000000000,BEST_BID,"JPM,99481,174"
2019-06-28 12:27:40.000000000,BEST_ASK,"JPM,99620,172"
2019-06-28 12:27:40.000000000,BEST_BID,"JPM,99481,174"
2019-06-28 12:27:40.000000000,BEST_ASK,"JPM,99620,172"
2019-06-28 12:27:41.378565952,QUERY_SPREAD,3
2019-06-28 12:27:41.378565952,BEST_BID,"JPM,99481,174"
2019-06-28 12:27:41.378565952,BEST_ASK,"JPM,99616,100"
2019-06-28 12:27:45.606211254,QUERY_SPREAD,41
2019-06-28 12:27:45.606211254,BEST_BID,"JPM,99601,100"
2019-06-28 12:27:45.606211254,BEST_ASK,"JPM,99616,100"
2019-06-28 12:27:50.000000000,QUERY_SPREAD,1
2019-06-28 12:27:50.000000000,BEST_BID,"JPM,99601,226"
2019-06-28 12:27:50.000000000,BEST_ASK,"JPM,99616,100"
2019-06-28 12:27:50.000000000,BEST_BID,"JPM,99601,226"
2019-06-28 12:27:50.000000000,BEST_ASK,"JPM,99616,100"
2019-06-28 12:27:50.000000000,BEST_BID,"JPM,99601,226"
2019-06-28 12:27:50.000000000,BEST_ASK,"JPM,99616,100"
2019-06-28 12:27:50.000000000,BEST_BID,"JPM,99601,226"
2019-06-28 12:27:50.000000000,BEST_ASK,"JPM,99616,226"
2019-06-28 12:27:50.000000000,BEST_BID,"JPM,99601,226"
2019-06-28 12:27:50.000000000,BEST_ASK,"JPM,99616,226"
2019-06-28 12:27:50.000000000,BEST_BID,"JPM,99601,226"
2019-06-28 12:27:50.000000000,BEST_ASK,"JPM,99616,226"
2019-06-28 12:27:54.944771545,QUERY_SPREAD,43
2019-06-28 12:27:54.944771545,BEST_BID,"JPM,99601,226"
2019-06-28 12:27:54.944771545,BEST_ASK,"JPM,99616,126"
2019-06-28 12:27:54.944771545,LAST_TRADE,"100,$99616.0000"
2019-06-28 12:28:00.000000000,QUERY_SPREAD,1
2019-06-28 12:28:00.000000000,BEST_BID,"JPM,99601,193"
2019-06-28 12:28:00.000000000,BEST_ASK,"JPM,99620,98"
2019-06-28 12:28:00.000000000,BEST_BID,"JPM,99601,193"
2019-06-28 12:28:00.000000000,BEST_ASK,"JPM,99620,98"
2019-06-28 12:28:00.000000000,BEST_BID,"JPM,99601,193"
2019-06-28 12:28:00.000000000,BEST_ASK,"JPM,99620,98"
2019-06-28 12:28:00.000000000,BEST_BID,"JPM,99601,193"
2019-06-28 12:28:00.000000000,BEST_ASK,"JPM,99620,98"
2019-06-28 12:28:00.000000000,BEST_BID,"JPM,99601,193"
2019-06-28 12:28:00.000000000,BEST_ASK,"JPM,99620,191"
2019-06-28 12:28:00.000000000,BEST_BID,"JPM,99601,193"
2019-06-28 12:28:00.000000000,BEST_ASK,"JPM,99620,191"
2019-06-28 12:28:00.000000000,BEST_BID,"JPM,99601,193"
2019-06-28 12:28:00.000000000,BEST_ASK,"JPM,99620,191"
2019-06-28 12:28:00.000000000,BEST_BID,"JPM,99601,193"
2019-06-28 12:28:00.000000000,BEST_ASK,"JPM,99620,191"
2019-06-28 12:28:00.000000000,QUERY_SPREAD,77
2019-06-28 12:28:00.000000000,BEST_BID,"JPM,99601,188"
2019-06-28 12:28:00.000000000,BEST_ASK,"JPM,99620,191"
2019-06-28 12:28:00.000000000,LAST_TRADE,"5,$99601.0000"
2019-06-28 12:28:00.000000000,QUERY_SPREAD,78
2019-06-28 12:28:00.000000000,BEST_BID,"JPM,99601,180"
2019-06-28 12:28:00.000000000,BEST_ASK,"JPM,99620,191"
2019-06-28 12:28:00.000000000,LAST_TRADE,"8,$99601.0000"
2019-06-28 12:28:00.000000000,QUERY_SPREAD,79
2019-06-28 12:28:00.000000000,BEST_BID,"JPM,99601,175"
2019-06-28 12:28:00.000000000,BEST_ASK,"JPM,99620,191"
2019-06-28 12:28:00.000000000,LAST_TRADE,"5,$99601.0000"
2019-06-28 12:28:00.000000000,QUERY_SPREAD,80
2019-06-28 12:28:00.000000000,BEST_BID,"JPM,99601,167"
2019-06-28 12:28:00.000000000,BEST_ASK,"JPM,99620,191"
2019-06-28 12:28:00.000000000,LAST_TRADE,"8,$99601.0000"
2019-06-28 12:28:00.000000000,QUERY_SPREAD,81
2019-06-28 12:28:00.000000000,BEST_BID,"JPM,99601,158"
2019-06-28 12:28:00.000000000,BEST_ASK,"JPM,99620,191"
2019-06-28 12:28:00.000000000,LAST_TRADE,"9,$99601.0000"
2019-06-28 12:28:00.000000000,QUERY_SPREAD,82
2019-06-28 12:28:00.000000000,BEST_BID,"JPM,99601,155"
2019-06-28 12:28:00.000000000,BEST_ASK,"JPM,99620,191"
2019-06-28 12:28:00.000000000,LAST_TRADE,"3,$99601.0000"
2019-06-28 12:28:00.000000000,QUERY_SPREAD,83
2019-06-28 12:28:00.000000000,BEST_BID,"JPM,99601,147"
2019-06-28 12:28:00.000000000,BEST_ASK,"JPM,99620,191"
2019-06-28 12:28:00.000000000,LAST_TRADE,"8,$99601.0000"
2019-06-28 12:28:00.000000000,QUERY_SPREAD,84
2019-06-28 12:28:00.000000000,BEST_BID,"JPM,99601,143"
2019-06-28 12:28:00.000000000,BEST_ASK,"JPM,99620,191"
2019-06-28 12:28:00.000000000,LAST_TRADE,"4,$99601.0000"
2019-06-28 12:28:00.000000000,QUERY_SPREAD,85
2019-06-28 12:28:00.000000000,BEST_BID,"JPM,99601,138"
2019-06-28 12:28:00.000000000,BEST_ASK,"JPM,99620,191"
2019-06-28 12:28:00.000000000,LAST_TRADE,"5,$99601.0000"
2019-06-28 12:28:00.000000000,QUERY_SPREAD,86
2019-06-28 12:28:00.000000000,BEST_BID,"JPM,99601,136"
2019-06-28 12:28:00.000000000,BEST_ASK,"JPM,99620,191"
2019-06-28 12:28:00.000000000,LAST_TRADE,"2,$99601.0000"
2019-06-28 12:28:00.000000000,QUERY_SPREAD,87
2019-06-28 12:28:00.000000000,BEST_BID,"JPM,99601,129"
2019-06-28 12:28:00.000000000,BEST_ASK,"JPM,99620,191"
2019-06-28 12:28:00.000000000,LAST_TRADE,"7,$99601.0000"
2019-06-28 12:28:00.000000000,QUERY_SPREAD,88
2019-06-28 12:28:00.000000000,BEST_BID,"JPM,99601,121"
2019-06-28 12:28:00.000000000,BEST_ASK,"JPM,99620,191"
2019-06-28 12:28:00.000000000,LAST_TRADE,"8,$99601.0000"
2019-06-28 12:28:00.000000000,QUERY_SPREAD,89
2019-06-28 12:28:00.000000000,BEST_BID,"JPM,99601,116"
2019-06-28 12:28:00.000000000,BEST_ASK,"JPM,99620,191"
2019-06-28 12:28:00.000000000,LAST_TRADE,"5,$99601.0000"
2019-06-28 12:28:00.000000000,QUERY_SPREAD,90
2019-06-28 12:28:00.000000000,BEST_BID,"JPM,99601,112"
2019-06-28 12:28:00.000000000,BEST_ASK,"JPM,99620,191"
2019-06-28 12:28:00.000000000,LAST_TRADE,"4,$99601.0000"
2019-06-28 12:28:00.000000000,QUERY_SPREAD,91
2019-06-28 12:28:00.000000000,BEST_BID,"JPM,99601,109"
2019-06-28 12:28:00.000000000,BEST_ASK,"JPM,99620,191"
2019-06-28 12:28:00.000000000,LAST_TRADE,"3,$99601.0000"
2019-06-28 12:28:00.000000000,QUERY_SPREAD,92
2019-06-28 12:28:00.000000000,BEST_BID,"JPM,99601,104"
2019-06-28 12:28:00.000000000,BEST_ASK,"JPM,99620,191"
2019-06-28 12:28:00.000000000,LAST_TRADE,"5,$99601.0000"
2019-06-28 12:28:00.000000000,QUERY_SPREAD,93
2019-06-28 12:28:00.000000000,BEST_BID,"JPM,99601,97"
2019-06-28 12:28:00.000000000,BEST_ASK,"JPM,99620,191"
2019-06-28 12:28:00.000000000,LAST_TRADE,"7,$99601.0000"
2019-06-28 12:28:00.000000000,QUERY_SPREAD,94
2019-06-28 12:28:00.000000000,BEST_BID,"JPM,99601,96"
2019-06-28 12:28:00.000000000,BEST_ASK,"JPM,99620,191"
2019-06-28 12:28:00.000000000,LAST_TRADE,"1,$99601.0000"
2019-06-28 12:28:00.000000000,QUERY_SPREAD,95
2019-06-28 12:28:00.000000000,BEST_BID,"JPM,99601,95"
2019-06-28 12:28:00.000000000,BEST_ASK,"JPM,99620,191"
2019-06-28 12:28:00.000000000,LAST_TRADE,"1,$99601.0000"
2019-06-28 12:28:00.000000000,QUERY_SPREAD,96
2019-06-28 12:28:00.000000000,BEST_BID,"JPM,99601,91"
2019-06-28 12:28:00.000000000,BEST_ASK,"JPM,99620,191"
2019-06-28 12:28:00.000000000,LAST_TRADE,"4,$99601.0000"
2019-06-28 12:28:00.000000000,QUERY_SPREAD,97
2019-06-28 12:28:00.000000000,BEST_BID,"JPM,99601,88"
2019-06-28 12:28:00.000000000,BEST_ASK,"JPM,99620,191"
2019-06-28 12:28:00.000000000,LAST_TRADE,"3,$99601.0000"
2019-06-28 12:28:00.000000000,QUERY_SPREAD,98
2019-06-28 12:28:00.000000000,BEST_BID,"JPM,99601,83"
2019-06-28 12:28:00.000000000,BEST_ASK,"JPM,99620,191"
2019-06-28 12:28:00.000000000,LAST_TRADE,"5,$99601.0000"
2019-06-28 12:28:00.000000000,QUERY_SPREAD,99
2019-06-28 12:28:00.000000000,BEST_BID,"JPM,99601,79"
2019-06-28 12:28:00.000000000,BEST_ASK,"JPM,99620,191"
2019-06-28 12:28:00.000000000,LAST_TRADE,"4,$99601.0000"
2019-06-28 12:28:00.000000000,QUERY_SPREAD,100
2019-06-28 12:28:00.000000000,BEST_BID,"JPM,99601,74"
2019-06-28 12:28:00.000000000,BEST_ASK,"JPM,99620,191"
2019-06-28 12:28:00.000000000,LAST_TRADE,"5,$99601.0000"
2019-06-28 12:28:00.000000000,QUERY_SPREAD,101
2019-06-28 12:28:00.000000000,BEST_BID,"JPM,99601,74"
2019-06-28 12:28:00.000000000,BEST_ASK,"JPM,99620,190"
2019-06-28 12:28:00.000000000,LAST_TRADE,"1,$99620.0000"
2019-06-28 12:28:07.082459457,QUERY_SPREAD,34
2019-06-28 12:28:07.082459457,BEST_BID,"JPM,99601,74"
2019-06-28 12:28:07.082459457,BEST_ASK,"JPM,99620,190"
2019-06-28 12:28:10.000000000,QUERY_SPREAD,1
2019-06-28 12:28:10.000000000,BEST_BID,"JPM,99481,471"
2019-06-28 12:28:10.000000000,BEST_ASK,"JPM,99620,97"
2019-06-28 12:28:10.000000000,BEST_BID,"JPM,99481,471"
2019-06-28 12:28:10.000000000,BEST_ASK,"JPM,99620,468"
2019-06-28 12:28:20.000000000,QUERY_SPREAD,1
2019-06-28 12:28:20.000000000,BEST_BID,"JPM,99481,471"
2019-06-28 12:28:20.000000000,BEST_ASK,"JPM,99620,97"
2019-06-28 12:28:20.000000000,BEST_BID,"JPM,99481,471"
2019-06-28 12:28:20.000000000,BEST_ASK,"JPM,99620,468"
2019-06-28 12:28:24.949696018,QUERY_SPREAD,14
2019-06-28 12:28:24.949696018,BEST_BID,"JPM,99481,471"
2019-06-28 12:28:24.949696018,BEST_ASK,"JPM,99620,468"
2019-06-28 12:28:29.520300104,QUERY_SPREAD,24
2019-06-28 12:28:29.520300104,BEST_BID,"JPM,99481,471"
2019-06-28 12:28:29.520300104,BEST_ASK,"JPM,99541,100"
2019-06-28 12:28:30.000000000,QUERY_SPREAD,1
2019-06-28 12:28:30.000000000,BEST_BID,"JPM,99481,226"
2019-06-28 12:28:30.000000000,BEST_ASK,"JPM,99541,100"
2019-06-28 12:28:30.000000000,BEST_BID,"JPM,99481,226"
2019-06-28 12:28:30.000000000,BEST_ASK,"JPM,99541,100"
2019-06-28 12:28:30.000000000,BEST_BID,"JPM,99481,226"
2019-06-28 12:28:30.000000000,BEST_ASK,"JPM,99541,100"
2019-06-28 12:28:30.000000000,BEST_BID,"JPM,99481,226"
2019-06-28 12:28:30.000000000,BEST_ASK,"JPM,99541,226"
2019-06-28 12:28:30.000000000,BEST_BID,"JPM,99481,226"
2019-06-28 12:28:30.000000000,BEST_ASK,"JPM,99541,226"
2019-06-28 12:28:30.000000000,BEST_BID,"JPM,99481,226"
2019-06-28 12:28:30.000000000,BEST_ASK,"JPM,99541,226"
2019-06-28 12:28:40.000000000,QUERY_SPREAD,1
2019-06-28 12:28:40.000000000,BEST_BID,"JPM,99481,471"
2019-06-28 12:28:40.000000000,BEST_ASK,"JPM,99541,100"
2019-06-28 12:28:40.000000000,BEST_BID,"JPM,99481,471"
2019-06-28 12:28:40.000000000,BEST_ASK,"JPM,99541,471"
2019-06-28 12:28:43.277131433,QUERY_SPREAD,45
2019-06-28 12:28:43.277131433,BEST_BID,"JPM,99481,471"
2019-06-28 12:28:43.277131433,BEST_ASK,"JPM,99541,471"
2019-06-28 12:28:49.106862910,QUERY_ORDER_STREAM,68
2019-06-28 12:28:49.106862910,QUERY_SPREAD,68
2019-06-28 12:28:50.000000000,QUERY_SPREAD,1
2019-06-28 12:28:50.000000000,BEST_BID,"JPM,99481,471"
2019-06-28 12:28:50.000000000,BEST_ASK,"JPM,99541,100"
2019-06-28 12:28:50.000000000,BEST_BID,"JPM,99481,471"
2019-06-28 12:28:50.000000000,BEST_ASK,"JPM,99541,471"
2019-06-28 12:29:00.000000000,QUERY_SPREAD,1
2019-06-28 12:29:00.000000000,BEST_BID,"JPM,99481,226"
2019-06-28 12:29:00.000000000,BEST_ASK,"JPM,99541,100"
2019-06-28 12:29:00.000000000,BEST_BID,"JPM,99481,226"
2019-06-28 12:29:00.000000000,BEST_ASK,"JPM,99541,100"
2019-06-28 12:29:00.000000000,BEST_BID,"JPM,99481,226"
2019-06-28 12:29:00.000000000,BEST_ASK,"JPM,99541,100"
2019-06-28 12:29:00.000000000,BEST_BID,"JPM,99481,226"
2019-06-28 12:29:00.000000000,BEST_ASK,"JPM,99541,226"
2019-06-28 12:29:00.000000000,BEST_BID,"JPM,99481,226"
2019-06-28 12:29:00.000000000,BEST_ASK,"JPM,99541,226"
2019-06-28 12:29:00.000000000,BEST_BID,"JPM,99481,226"
2019-06-28 12:29:00.000000000,BEST_ASK,"JPM,99541,226"
2019-06-28 12:29:00.000000000,QUERY_SPREAD,77
2019-06-28 12:29:00.000000000,BEST_BID,"JPM,99481,221"
2019-06-28 12:29:00.000000000,BEST_ASK,"JPM,99541,226"
2019-06-28 12:29:00.000000000,LAST_TRADE,"5,$99481.0000"
2019-06-28 12:29:00.000000000,QUERY_SPREAD,78
2019-06-28 12:29:00.000000000,BEST_BID,"JPM,99481,213"
2019-06-28 12:29:00.000000000,BEST_ASK,"JPM,99541,226"
2019-06-28 12:29:00.000000000,LAST_TRADE,"8,$99481.0000"
2019-06-28 12:29:00.000000000,QUERY_SPREAD,79
2019-06-28 12:29:00.000000000,BEST_BID,"JPM,99481,208"
2019-06-28 12:29:00.000000000,BEST_ASK,"JPM,99541,226"
2019-06-28 12:29:00.000000000,LAST_TRADE,"5,$99481.0000"
2019-06-28 12:29:00.000000000,QUERY_SPREAD,80
2019-06-28 12:29:00.000000000,BEST_BID,"JPM,99481,200"
2019-06-28 12:29:00.000000000,BEST_ASK,"JPM,99541,226"
2019-06-28 12:29:00.000000000,LAST_TRADE,"8,$99481.0000"
2019-06-28 12:29:00.000000000,QUERY_SPREAD,81
2019-06-28 12:29:00.000000000,BEST_BID,"JPM,99481,191"
2019-06-28 12:29:00.000000000,BEST_ASK,"JPM,99541,226"
2019-06-28 12:29:00.000000000,LAST_TRADE,"9,$99481.0000"
2019-06-28 12:29:00.000000000,QUERY_SPREAD,82
2019-06-28 12:29:00.000000000,BEST_BID,"JPM,99481,188"
2019-06-28 12:29:00.000000000,BEST_ASK,"JPM,99541,226"
2019-06-28 12:29:00.000000000,LAST_TRADE,"3,$99481.0000"
2019-06-28 12:29:00.000000000,QUERY_SPREAD,83
2019-06-28 12:29:00.000000000,BEST_BID,"JPM,99481,180"
2019-06-28 12:29:00.000000000,BEST_ASK,"JPM,99541,226"
2019-06-28 12:29:00.000000000,LAST_TRADE,"8,$99481.0000"
2019-06-28 12:29:00.000000000,QUERY_SPREAD,84
2019-06-28 12:29:00.000000000,BEST_BID,"JPM,99481,176"
2019-06-28 12:29:00.000000000,BEST_ASK,"JPM,99541,226"
2019-06-28 12:29:00.000000000,LAST_TRADE,"4,$99481.0000"
2019-06-28 12:29:00.000000000,QUERY_SPREAD,85
2019-06-28 12:29:00.000000000,BEST_BID,"JPM,99481,171"
2019-06-28 12:29:00.000000000,BEST_ASK,"JPM,99541,226"
2019-06-28 12:29:00.000000000,LAST_TRADE,"5,$99481.0000"
2019-06-28 12:29:00.000000000,QUERY_SPREAD,86
2019-06-28 12:29:00.000000000,BEST_BID,"JPM,99481,169"
2019-06-28 12:29:00.000000000,BEST_ASK,"JPM,99541,226"
2019-06-28 12:29:00.000000000,LAST_TRADE,"2,$99481.0000"
2019-06-28 12:29:00.000000000,QUERY_SPREAD,87
2019-06-28 12:29:00.000000000,BEST_BID,"JPM,99481,162"
2019-06-28 12:29:00.000000000,BEST_ASK,"JPM,99541,226"
2019-06-28 12:29:00.000000000,LAST_TRADE,"7,$99481.0000"
2019-06-28 12:29:00.000000000,QUERY_SPREAD,88
2019-06-28 12:29:00.000000000,BEST_BID,"JPM,99481,154"
2019-06-28 12:29:00.000000000,BEST_ASK,"JPM,99541,226"
2019-06-28 12:29:00.000000000,LAST_TRADE,"8,$99481.0000"
2019-06-28 12:29:00.000000000,QUERY_SPREAD,89
2019-06-28 12:29:00.000000000,BEST_BID,"JPM,99481,149"
2019-06-28 12:29:00.000000000,BEST_ASK,"JPM,99541,226"
2019-06-28 12:29:00.000000000,LAST_TRADE,"5,$99481.0000"
2019-06-28 12:29:00.000000000,QUERY_SPREAD,90
2019-06-28 12:29:00.000000000,BEST_BID,"JPM,99481,145"
2019-06-28 12:29:00.000000000,BEST_ASK,"JPM,99541,226"
2019-06-28 12:29:00.000000000,LAST_TRADE,"4,$99481.0000"
2019-06-28 12:29:00.000000000,QUERY_SPREAD,91
2019-06-28 12:29:00.000000000,BEST_BID,"JPM,99481,142"
2019-06-28 12:29:00.000000000,BEST_ASK,"JPM,99541,226"
2019-06-28 12:29:00.000000000,LAST_TRADE,"3,$99481.0000"
2019-06-28 12:29:00.000000000,QUERY_SPREAD,92
2019-06-28 12:29:00.000000000,BEST_BID,"JPM,99481,137"
2019-06-28 12:29:00.000000000,BEST_ASK,"JPM,99541,226"
2019-06-28 12:29:00.000000000,LAST_TRADE,"5,$99481.0000"
2019-06-28 12:29:00.000000000,QUERY_SPREAD,93
2019-06-28 12:29:00.000000000,BEST_BID,"JPM,99481,130"
2019-06-28 12:29:00.000000000,BEST_ASK,"JPM,99541,226"
2019-06-28 12:29:00.000000000,LAST_TRADE,"7,$99481.0000"
2019-06-28 12:29:00.000000000,QUERY_SPREAD,94
2019-06-28 12:29:00.000000000,BEST_BID,"JPM,99481,129"
2019-06-28 12:29:00.000000000,BEST_ASK,"JPM,99541,226"
2019-06-28 12:29:00.000000000,LAST_TRADE,"1,$99481.0000"
2019-06-28 12:29:00.000000000,QUERY_SPREAD,95
2019-06-28 12:29:00.000000000,BEST_BID,"JPM,99481,128"
2019-06-28 12:29:00.000000000,BEST_ASK,"JPM,99541,226"
2019-06-28 12:29:00.000000000,LAST_TRADE,"1,$99481.0000"
2019-06-28 12:29:00.000000000,QUERY_SPREAD,96
2019-06-28 12:29:00.000000000,BEST_BID,"JPM,99481,124"
2019-06-28 12:29:00.000000000,BEST_ASK,"JPM,99541,226"
2019-06-28 12:29:00.000000000,LAST_TRADE,"4,$99481.0000"
2019-06-28 12:29:00.000000000,QUERY_SPREAD,97
2019-06-28 12:29:00.000000000,BEST_BID,"JPM,99481,121"
2019-06-28 12:29:00.000000000,BEST_ASK,"JPM,99541,226"
2019-06-28 12:29:00.000000000,LAST_TRADE,"3,$99481.0000"
2019-06-28 12:29:00.000000000,QUERY_SPREAD,98
2019-06-28 12:29:00.000000000,BEST_BID,"JPM,99481,116"
2019-06-28 12:29:00.000000000,BEST_ASK,"JPM,99541,226"
2019-06-28 12:29:00.000000000,LAST_TRADE,"5,$99481.0000"
2019-06-28 12:29:00.000000000,QUERY_SPREAD,99
2019-06-28 12:29:00.000000000,BEST_BID,"JPM,99481,112"
2019-06-28 12:29:00.000000000,BEST_ASK,"JPM,99541,226"
2019-06-28 12:29:00.000000000,LAST_TRADE,"4,$99481.0000"
2019-06-28 12:29:00.000000000,QUERY_SPREAD,100
2019-06-28 12:29:00.000000000,BEST_BID,"JPM,99481,107"
2019-06-28 12:29:00.000000000,BEST_ASK,"JPM,99541,226"
2019-06-28 12:29:00.000000000,LAST_TRADE,"5,$99481.0000"
2019-06-28 12:29:00.000000000,QUERY_SPREAD,101
2019-06-28 12:29:00.000000000,BEST_BID,"JPM,99481,107"
2019-06-28 12:29:00.000000000,BEST_ASK,"JPM,99541,225"
2019-06-28 12:29:00.000000000,LAST_TRADE,"1,$99541.0000"
2019-06-28 12:29:10.000000000,QUERY_SPREAD,1
2019-06-28 12:29:10.000000000,BEST_BID,"JPM,99439,193"
2019-06-28 12:29:10.000000000,BEST_ASK,"JPM,99541,99"
2019-06-28 12:29:10.000000000,BEST_BID,"JPM,99439,193"
2019-06-28 12:29:10.000000000,BEST_ASK,"JPM,99541,99"
2019-06-28 12:29:10.000000000,BEST_BID,"JPM,99439,193"
2019-06-28 12:29:10.000000000,BEST_ASK,"JPM,99541,99"
2019-06-28 12:29:10.000000000,BEST_BID,"JPM,99439,193"
2019-06-28 12:29:10.000000000,BEST_ASK,"JPM,99541,99"
2019-06-28 12:29:10.000000000,BEST_BID,"JPM,99439,193"
2019-06-28 12:29:10.000000000,BEST_ASK,"JPM,99541,192"
2019-06-28 12:29:10.000000000,BEST_BID,"JPM,99439,193"
2019-06-28 12:29:10.000000000,BEST_ASK,"JPM,99541,192"
2019-06-28 12:29:10.000000000,BEST_BID,"JPM,99439,193"
2019-06-28 12:29:10.000000000,BEST_ASK,"JPM,99541,192"
2019-06-28 12:29:10.000000000,BEST_BID,"JPM,99439,193"
2019-06-28 12:29:10.000000000,BEST_ASK,"JPM,99541,192"
2019-06-28 12:29:20.000000000,QUERY_SPREAD,1
2019-06-28 12:29:20.000000000,BEST_BID,"JPM,99439,286"
2019-06-28 12:29:20.000000000,BEST_ASK,"JPM,99541,99"
2019-06-28 12:29:20.000000000,BEST_BID,"JPM,99439,286"
2019-06-28 12:29:20.000000000,BEST_ASK,"JPM,99541,99"
2019-06-28 12:29:20.000000000,BEST_BID,"JPM,99439,286"
2019-06-28 12:29:20.000000000,BEST_ASK,"JPM,99541,285"
2019-06-28 12:29:20.000000000,BEST_BID,"JPM,99439,286"
2019-06-28 12:29:20.000000000,BEST_ASK,"JPM,99541,285"
2019-06-28 12:29:30.000000000,QUERY_SPREAD,1
2019-06-28 12:29:30.000000000,BEST_BID,"JPM,99439,471"
2019-06-28 12:29:30.000000000,BEST_ASK,"JPM,99541,99"
2019-06-28 12:29:30.000000000,BEST_BID,"JPM,99439,471"
2019-06-28 12:29:30.000000000,BEST_ASK,"JPM,99541,470"
2019-06-28 12:29:40.000000000,QUERY_SPREAD,1
2019-06-28 12:29:40.000000000,BEST_BID,"JPM,99439,226"
2019-06-28 12:29:40.000000000,BEST_ASK,"JPM,99541,99"
2019-06-28 12:29:40.000000000,BEST_BID,"JPM,99439,226"
2019-06-28 12:29:40.000000000,BEST_ASK,"JPM,99541,99"
2019-06-28 12:29:40.000000000,BEST_BID,"JPM,99439,226"
2019-06-28 12:29:40.000000000,BEST_ASK,"JPM,99541,99"
2019-06-28 12:29:40.000000000,BEST_BID,"JPM,99439,226"
2019-06-28 12:29:40.000000000,BEST_ASK,"JPM,99541,225"
2019-06-28 12:29:40.000000000,BEST_BID,"JPM,99439,226"
2019-06-28 12:29:40.000000000,BEST_ASK,"JPM,99541,225"
2019-06-28 12:29:40.000000000,BEST_BID,"JPM,99439,226"
2019-06-28 12:29:40.000000000,BEST_ASK,"JPM,99541,225"
2019-06-28 12:29:43.326797236,QUERY_SPREAD,15
2019-06-28 12:29:43.326797236,BEST_BID,"JPM,99440,100"
2019-06-28 12:29:43.326797236,BEST_ASK,"JPM,99541,225"
2019-06-28 12:29:50.000000000,QUERY_SPREAD,1
2019-06-28 12:29:50.000000000,BEST_BID,"JPM,99440,226"
2019-06-28 12:29:50.000000000,BEST_ASK,"JPM,99541,99"
2019-06-28 12:29:50.000000000,BEST_BID,"JPM,99440,226"
2019-06-28 12:29:50.000000000,BEST_ASK,"JPM,99541,99"
2019-06-28 12:29:50.000000000,BEST_BID,"JPM,99440,226"
2019-06-28 12:29:50.000000000,BEST_ASK,"JPM,99541,99"
2019-06-28 12:29:50.000000000,BEST_BID,"JPM,99440,226"
2019-06-28 12:29:50.000000000,BEST_ASK,"JPM,99541,225"
2019-06-28 12:29:50.000000000,BEST_BID,"JPM,99440,226"
2019-06-28 12:29:50.000000000,BEST_ASK,"JPM,99541,225"
2019-06-28 12:29:50.000000000,BEST_BID,"JPM,99440,226"
2019-06-28 12:29:50.000000000,BEST_ASK,"JPM,99541,225"
2019-06-28 12:30:00.000000000,QUERY_SPREAD,1
2019-06-28 12:30:00.000000000,BEST_BID,"JPM,99440,174"
2019-06-28 12:30:00.000000000,BEST_ASK,"JPM,99541,99"
2019-06-28 12:30:00.000000000,BEST_BID,"JPM,99440,174"
2019-06-28 12:30:00.000000000,BEST_ASK,"JPM,99541,99"
2019-06-28 12:30:00.000000000,BEST_BID,"JPM,99440,174"
2019-06-28 12:30:00.000000000,BEST_ASK,"JPM,99541,99"
2019-06-28 12:30:00.000000000,BEST_BID,"JPM,99440,174"
2019-06-28 12:30:00.000000000,BEST_ASK,"JPM,99541,99"
2019-06-28 12:30:00.000000000,BEST_BID,"JPM,99440,174"
2019-06-28 12:30:00.000000000,BEST_ASK,"JPM,99541,99"
2019-06-28 12:30:00.000000000,BEST_BID,"JPM,99440,174"
2019-06-28 12:30:00.000000000,BEST_ASK,"JPM,99541,173"
2019-06-28 12:30:00.000000000,BEST_BID,"JPM,99440,174"
2019-06-28 12:30:00.000000000,BEST_ASK,"JPM,99541,173"
2019-06-28 12:30:00.000000000,BEST_BID,"JPM,99440,174"
2019-06-28 12:30:00.000000000,BEST_ASK,"JPM,99541,173"
2019-06-28 12:30:00.000000000,BEST_BID,"JPM,99440,174"
2019-06-28 12:30:00.000000000,BEST_ASK,"JPM,99541,173"
2019-06-28 12:30:00.000000000,BEST_BID,"JPM,99440,174"
2019-06-28 12:30:00.000000000,BEST_ASK,"JPM,99541,173"
2019-06-28 12:30:00.000000000,QUERY_SPREAD,77
2019-06-28 12:30:00.000000000,BEST_BID,"JPM,99440,169"
2019-06-28 12:30:00.000000000,BEST_ASK,"JPM,99541,173"
2019-06-28 12:30:00.000000000,LAST_TRADE,"5,$99440.0000"
2019-06-28 12:30:00.000000000,QUERY_SPREAD,78
2019-06-28 12:30:00.000000000,BEST_BID,"JPM,99440,161"
2019-06-28 12:30:00.000000000,BEST_ASK,"JPM,99541,173"
2019-06-28 12:30:00.000000000,LAST_TRADE,"8,$99440.0000"
2019-06-28 12:30:00.000000000,QUERY_SPREAD,79
2019-06-28 12:30:00.000000000,BEST_BID,"JPM,99440,156"
2019-06-28 12:30:00.000000000,BEST_ASK,"JPM,99541,173"
2019-06-28 12:30:00.000000000,LAST_TRADE,"5,$99440.0000"
2019-06-28 12:30:00.000000000,QUERY_SPREAD,80
2019-06-28 12:30:00.000000000,BEST_BID,"JPM,99440,148"
2019-06-28 12:30:00.000000000,BEST_ASK,"JPM,99541,173"
2019-06-28 12:30:00.000000000,LAST_TRADE,"8,$99440.0000"
2019-06-28 12:30:00.000000000,QUERY_SPREAD,81
2019-06-28 12:30:00.000000000,BEST_BID,"JPM,99440,139"
2019-06-28 12:30:00.000000000,BEST_ASK,"JPM,99541,173"
2019-06-28 12:30:00.000000000,LAST_TRADE,"9,$99440.0000"
2019-06-28 12:30:00.000000000,QUERY_SPREAD,82
2019-06-28 12:30:00.000000000,BEST_BID,"JPM,99440,136"
2019-06-28 12:30:00.000000000,BEST_ASK,"JPM,99541,173"
2019-06-28 12:30:00.000000000,LAST_TRADE,"3,$99440.0000"
2019-06-28 12:30:00.000000000,QUERY_SPREAD,83
2019-06-28 12:30:00.000000000,BEST_BID,"JPM,99440,128"
2019-06-28 12:30:00.000000000,BEST_ASK,"JPM,99541,173"
2019-06-28 12:30:00.000000000,LAST_TRADE,"8,$99440.0000"
2019-06-28 12:30:00.000000000,QUERY_SPREAD,84
2019-06-28 12:30:00.000000000,BEST_BID,"JPM,99440,124"
2019-06-28 12:30:00.000000000,BEST_ASK,"JPM,99541,173"
2019-06-28 12:30:00.000000000,LAST_TRADE,"4,$99440.0000"
2019-06-28 12:30:00.000000000,QUERY_SPREAD,85
2019-06-28 12:30:00.000000000,BEST_BID,"JPM,99440,119"
2019-06-28 12:30:00.000000000,BEST_ASK,"JPM,99541,173"
2019-06-28 12:30:00.000000000,LAST_TRADE,"5,$99440.0000"
2019-06-28 12:30:00.000000000,QUERY_SPREAD,86
2019-06-28 12:30:00.000000000,BEST_BID,"JPM,99440,117"
2019-06-28 12:30:00.000000000,BEST_ASK,"JPM,99541,173"
2019-06-28 12:30:00.000000000,LAST_TRADE,"2,$99440.0000"
2019-06-28 12:30:00.000000000,QUERY_SPREAD,87
2019-06-28 12:30:00.000000000,BEST_BID,"JPM,99440,110"
2019-06-28 12:30:00.000000000,BEST_ASK,"JPM,99541,173"
2019-06-28 12:30:00.000000000,LAST_TRADE,"7,$99440.0000"
2019-06-28 12:30:00.000000000,QUERY_SPREAD,88
2019-06-28 12:30:00.000000000,BEST_BID,"JPM,99440,102"
2019-06-28 12:30:00.000000000,BEST_ASK,"JPM,99541,173"
2019-06-28 12:30:00.000000000,LAST_TRADE,"8,$99440.0000"
2019-06-28 12:30:00.000000000,QUERY_SPREAD,89
2019-06-28 12:30:00.000000000,BEST_BID,"JPM,99440,97"
2019-06-28 12:30:00.000000000,BEST_ASK,"JPM,99541,173"
2019-06-28 12:30:00.000000000,LAST_TRADE,"5,$99440.0000"
2019-06-28 12:30:00.000000000,QUERY_SPREAD,90
2019-06-28 12:30:00.000000000,BEST_BID,"JPM,99440,93"
2019-06-28 12:30:00.000000000,BEST_ASK,"JPM,99541,173"
2019-06-28 12:30:00.000000000,LAST_TRADE,"4,$99440.0000"
2019-06-28 12:30:00.000000000,QUERY_SPREAD,91
2019-06-28 12:30:00.000000000,BEST_BID,"JPM,99440,90"
2019-06-28 12:30:00.000000000,BEST_ASK,"JPM,99541,173"
2019-06-28 12:30:00.000000000,LAST_TRADE,"3,$99440.0000"
2019-06-28 12:30:00.000000000,QUERY_SPREAD,92
2019-06-28 12:30:00.000000000,BEST_BID,"JPM,99440,85"
2019-06-28 12:30:00.000000000,BEST_ASK,"JPM,99541,173"
2019-06-28 12:30:00.000000000,LAST_TRADE,"5,$99440.0000"
2019-06-28 12:30:00.000000000,QUERY_SPREAD,93
2019-06-28 12:30:00.000000000,BEST_BID,"JPM,99440,78"
2019-06-28 12:30:00.000000000,BEST_ASK,"JPM,99541,173"
2019-06-28 12:30:00.000000000,LAST_TRADE,"7,$99440.0000"
2019-06-28 12:30:00.000000000,QUERY_SPREAD,94
2019-06-28 12:30:00.000000000,BEST_BID,"JPM,99440,77"
2019-06-28 12:30:00.000000000,BEST_ASK,"JPM,99541,173"
2019-06-28 12:30:00.000000000,LAST_TRADE,"1,$99440.0000"
2019-06-28 12:30:00.000000000,QUERY_SPREAD,95
2019-06-28 12:30:00.000000000,BEST_BID,"JPM,99440,76"
2019-06-28 12:30:00.000000000,BEST_ASK,"JPM,99541,173"
2019-06-28 12:30:00.000000000,LAST_TRADE,"1,$99440.0000"
2019-06-28 12:30:00.000000000,QUERY_SPREAD,96
2019-06-28 12:30:00.000000000,BEST_BID,"JPM,99440,72"
2019-06-28 12:30:00.000000000,BEST_ASK,"JPM,99541,173"
2019-06-28 12:30:00.000000000,LAST_TRADE,"4,$99440.0000"
2019-06-28 12:30:00.000000000,QUERY_SPREAD,97
2019-06-28 12:30:00.000000000,BEST_BID,"JPM,99440,69"
2019-06-28 12:30:00.000000000,BEST_ASK,"JPM,99541,173"
2019-06-28 12:30:00.000000000,LAST_TRADE,"3,$99440.0000"
2019-06-28 12:30:00.000000000,QUERY_SPREAD,98
2019-06-28 12:30:00.000000000,BEST_BID,"JPM,99440,64"
2019-06-28 12:30:00.000000000,BEST_ASK,"JPM,99541,173"
2019-06-28 12:30:00.000000000,LAST_TRADE,"5,$99440.0000"
2019-06-28 12:30:00.000000000,QUERY_SPREAD,99
2019-06-28 12:30:00.000000000,BEST_BID,"JPM,99440,60"
2019-06-28 12:30:00.000000000,BEST_ASK,"JPM,99541,173"
2019-06-28 12:30:00.000000000,LAST_TRADE,"4,$99440.0000"
2019-06-28 12:30:00.000000000,QUERY_SPREAD,100
2019-06-28 12:30:00.000000000,BEST_BID,"JPM,99440,55"
2019-06-28 12:30:00.000000000,BEST_ASK,"JPM,99541,173"
2019-06-28 12:30:00.000000000,LAST_TRADE,"5,$99440.0000"
2019-06-28 12:30:00.000000000,QUERY_SPREAD,101
2019-06-28 12:30:00.000000000,BEST_BID,"JPM,99440,55"
2019-06-28 12:30:00.000000000,BEST_ASK,"JPM,99541,172"
2019-06-28 12:30:00.000000000,LAST_TRADE,"1,$99541.0000"
2019-06-28 12:30:08.904963852,QUERY_ORDER_STREAM,71
2019-06-28 12:30:08.904963852,QUERY_SPREAD,71
2019-06-28 12:30:10.000000000,QUERY_SPREAD,1
2019-06-28 12:30:10.000000000,BEST_BID,"JPM,99439,471"
2019-06-28 12:30:10.000000000,BEST_ASK,"JPM,99541,98"
2019-06-28 12:30:10.000000000,BEST_BID,"JPM,99439,471"
2019-06-28 12:30:10.000000000,BEST_ASK,"JPM,99541,469"
2019-06-28 12:30:11.576912725,QUERY_ORDER_STREAM,67
2019-06-28 12:30:11.576912725,QUERY_SPREAD,67
2019-06-28 12:30:20.000000000,QUERY_SPREAD,1
2019-06-28 12:30:20.000000000,BEST_BID,"JPM,99439,226"
2019-06-28 12:30:20.000000000,BEST_ASK,"JPM,99541,98"
2019-06-28 12:30:20.000000000,BEST_BID,"JPM,99439,226"
2019-06-28 12:30:20.000000000,BEST_ASK,"JPM,99541,98"
2019-06-28 12:30:20.000000000,BEST_BID,"JPM,99439,226"
2019-06-28 12:30:20.000000000,BEST_ASK,"JPM,99541,98"
2019-06-28 12:30:20.000000000,BEST_BID,"JPM,99439,226"
2019-06-28 12:30:20.000000000,BEST_ASK,"JPM,99541,224"
2019-06-28 12:30:20.000000000,BEST_BID,"JPM,99439,226"
2019-06-28 12:30:20.000000000,BEST_ASK,"JPM,99541,224"
2019-06-28 12:30:20.000000000,BEST_BID,"JPM,99439,226"
2019-06-28 12:30:20.000000000,BEST_ASK,"JPM,99541,224"
2019-06-28 12:30:30.000000000,QUERY_SPREAD,1
2019-06-28 12:30:30.000000000,BEST_BID,"JPM,99439,471"
2019-06-28 12:30:30.000000000,BEST_ASK,"JPM,99541,98"
2019-06-28 12:30:30.000000000,BEST_BID,"JPM,99439,471"
2019-06-28 12:30:30.000000000,BEST_ASK,"JPM,99541,469"
2019-06-28 12:30:31.150669141,QUERY_ORDER_STREAM,76
2019-06-28 12:30:31.150669141,QUERY_SPREAD,76
2019-06-28 12:30:31.150669141,BEST_BID,"JPM,99440,100"
2019-06-28 12:30:31.150669141,BEST_ASK,"JPM,99541,469"
2019-06-28 12:30:32.952487346,QUERY_ORDER_STREAM,76
2019-06-28 12:30:32.952487346,QUERY_SPREAD,76
2019-06-28 12:30:40.000000000,QUERY_SPREAD,1
2019-06-28 12:30:40.000000000,BEST_BID,"JPM,99439,174"
2019-06-28 12:30:40.000000000,BEST_ASK,"JPM,99541,98"
2019-06-28 12:30:40.000000000,BEST_BID,"JPM,99439,174"
2019-06-28 12:30:40.000000000,BEST_ASK,"JPM,99541,98"
2019-06-28 12:30:40.000000000,BEST_BID,"JPM,99439,174"
2019-06-28 12:30:40.000000000,BEST_ASK,"JPM,99541,98"
2019-06-28 12:30:40.000000000,BEST_BID,"JPM,99439,174"
2019-06-28 12:30:40.000000000,BEST_ASK,"JPM,99541,98"
2019-06-28 12:30:40.000000000,BEST_BID,"JPM,99439,174"
2019-06-28 12:30:40.000000000,BEST_ASK,"JPM,99541,98"
2019-06-28 12:30:40.000000000,BEST_BID,"JPM,99439,174"
2019-06-28 12:30:40.000000000,BEST_ASK,"JPM,99541,172"
2019-06-28 12:30:40.000000000,BEST_BID,"JPM,99439,174"
2019-06-28 12:30:40.000000000,BEST_ASK,"JPM,99541,172"
2019-06-28 12:30:40.000000000,BEST_BID,"JPM,99439,174"
2019-06-28 12:30:40.000000000,BEST_ASK,"JPM,99541,172"
2019-06-28 12:30:40.000000000,BEST_BID,"JPM,99439,174"
2019-06-28 12:30:40.000000000,BEST_ASK,"JPM,99541,172"
2019-06-28 12:30:40.000000000,BEST_BID,"JPM,99439,174"
2019-06-28 12:30:40.000000000,BEST_ASK,"JPM,99541,172"
2019-06-28 12:30:50.000000000,QUERY_SPREAD,1
2019-06-28 12:30:50.000000000,BEST_BID,"JPM,99439,226"
2019-06-28 12:30:50.000000000,BEST_ASK,"JPM,99541,98"
2019-06-28 12:30:50.000000000,BEST_BID,"JPM,99439,226"
2019-06-28 12:30:50.000000000,BEST_ASK,"JPM,99541,98"
2019-06-28 12:30:50.000000000,BEST_BID,"JPM,99439,226"
2019-06-28 12:30:50.000000000,BEST_ASK,"JPM,99541,98"
2019-06-28 12:30:50.000000000,BEST_BID,"JPM,99439,226"
2019-06-28 12:30:50.000000000,BEST_ASK,"JPM,99541,224"
2019-06-28 12:30:50.000000000,BEST_BID,"JPM,99439,226"
2019-06-28 12:30:50.000000000,BEST_ASK,"JPM,99541,224"
2019-06-28 12:30:50.000000000,BEST_BID,"JPM,99439,226"
2019-06-28 12:30:50.000000000,BEST_ASK,"JPM,99541,224"
2019-06-28 12:31:00.000000000,QUERY_SPREAD,1
2019-06-28 12:31:00.000000000,BEST_BID,"JPM,99439,226"
2019-06-28 12:31:00.000000000,BEST_ASK,"JPM,99541,98"
2019-06-28 12:31:00.000000000,BEST_BID,"JPM,99439,226"
2019-06-28 12:31:00.000000000,BEST_ASK,"JPM,99541,98"
2019-06-28 12:31:00.000000000,BEST_BID,"JPM,99439,226"
2019-06-28 12:31:00.000000000,BEST_ASK,"JPM,99541,98"
2019-06-28 12:31:00.000000000,BEST_BID,"JPM,99439,226"
2019-06-28 12:31:00.000000000,BEST_ASK,"JPM,99541,224"
2019-06-28 12:31:00.000000000,BEST_BID,"JPM,99439,226"
2019-06-28 12:31:00.000000000,BEST_ASK,"JPM,99541,224"
2019-06-28 12:31:00.000000000,BEST_BID,"JPM,99439,226"
2019-06-28 12:31:00.000000000,BEST_ASK,"JPM,99541,224"
2019-06-28 12:31:00.000000000,QUERY_SPREAD,77
2019-06-28 12:31:00.000000000,BEST_BID,"JPM,99439,221"
2019-06-28 12:31:00.000000000,BEST_ASK,"JPM,99541,224"
2019-06-28 12:31:00.000000000,LAST_TRADE,"5,$99439.0000"
2019-06-28 12:31:00.000000000,QUERY_SPREAD,78
2019-06-28 12:31:00.000000000,BEST_BID,"JPM,99439,213"
2019-06-28 12:31:00.000000000,BEST_ASK,"JPM,99541,224"
2019-06-28 12:31:00.000000000,LAST_TRADE,"8,$99439.0000"
2019-06-28 12:31:00.000000000,QUERY_SPREAD,79
2019-06-28 12:31:00.000000000,BEST_BID,"JPM,99439,208"
2019-06-28 12:31:00.000000000,BEST_ASK,"JPM,99541,224"
2019-06-28 12:31:00.000000000,LAST_TRADE,"5,$99439.0000"
2019-06-28 12:31:00.000000000,QUERY_SPREAD,80
2019-06-28 12:31:00.000000000,BEST_BID,"JPM,99439,200"
2019-06-28 12:31:00.000000000,BEST_ASK,"JPM,99541,224"
2019-06-28 12:31:00.000000000,LAST_TRADE,"8,$99439.0000"
2019-06-28 12:31:00.000000000,QUERY_SPREAD,81
2019-06-28 12:31:00.000000000,BEST_BID,"JPM,99439,191"
2019-06-28 12:31:00.000000000,BEST_ASK,"JPM,99541,224"
2019-06-28 12:31:00.000000000,LAST_TRADE,"9,$99439.0000"
2019-06-28 12:31:00.000000000,QUERY_SPREAD,82
2019-06-28 12:31:00.000000000,BEST_BID,"JPM,99439,188"
2019-06-28 12:31:00.000000000,BEST_ASK,"JPM,99541,224"
2019-06-28 12:31:00.000000000,LAST_TRADE,"3,$99439.0000"
2019-06-28 12:31:00.000000000,QUERY_SPREAD,83
2019-06-28 12:31:00.000000000,BEST_BID,"JPM,99439,180"
2019-06-28 12:31:00.000000000,BEST_ASK,"JPM,99541,224"
2019-06-28 12:31:00.000000000,LAST_TRADE,"8,$99439.0000"
2019-06-28 12:31:00.000000000,QUERY_SPREAD,84
2019-06-28 12:31:00.000000000,BEST_BID,"JPM,99439,176"
2019-06-28 12:31:00.000000000,BEST_ASK,"JPM,99541,224"
2019-06-28 12:31:00.000000000,LAST_TRADE,"4,$99439.0000"
2019-06-28 12:31:00.000000000,QUERY_SPREAD,85
2019-06-28 12:31:00.000000000,BEST_BID,"JPM,99439,171"
2019-06-28 12:31:00.000000000,BEST_ASK,"JPM,99541,224"
2019-06-28 12:31:00.000000000,LAST_TRADE,"5,$99439.0000"
2019-06-28 12:31:00.000000000,QUERY_SPREAD,86
2019-06-28 12:31:00.000000000,BEST_BID,"JPM,99439,169"
2019-06-28 12:31:00.000000000,BEST_ASK,"JPM,99541,224"
2019-06-28 12:31:00.000000000,LAST_TRADE,"2,$99439.0000"
2019-06-28 12:31:00.000000000,QUERY_SPREAD,87
2019-06-28 12:31:00.000000000,BEST_BID,"JPM,99439,162"
2019-06-28 12:31:00.000000000,BEST_ASK,"JPM,99541,224"
2019-06-28 12:31:00.000000000,LAST_TRADE,"7,$99439.0000"
2019-06-28 12:31:00.000000000,QUERY_SPREAD,88
2019-06-28 12:31:00.000000000,BEST_BID,"JPM,99439,154"
2019-06-28 12:31:00.000000000,BEST_ASK,"JPM,99541,224"
2019-06-28 12:31:00.000000000,LAST_TRADE,"8,$99439.0000"
2019-06-28 12:31:00.000000000,QUERY_SPREAD,89
2019-06-28 12:31:00.000000000,BEST_BID,"JPM,99439,149"
2019-06-28 12:31:00.000000000,BEST_ASK,"JPM,99541,224"
2019-06-28 12:31:00.000000000,LAST_TRADE,"5,$99439.0000"
2019-06-28 12:31:00.000000000,QUERY_SPREAD,90
2019-06-28 12:31:00.000000000,BEST_BID,"JPM,99439,145"
2019-06-28 12:31:00.000000000,BEST_ASK,"JPM,99541,224"
2019-06-28 12:31:00.000000000,LAST_TRADE,"4,$99439.0000"
2019-06-28 12:31:00.000000000,QUERY_SPREAD,91
2019-06-28 12:31:00.000000000,BEST_BID,"JPM,99439,142"
2019-06-28 12:31:00.000000000,BEST_ASK,"JPM,99541,224"
2019-06-28 12:31:00.000000000,LAST_TRADE,"3,$99439.0000"
2019-06-28 12:31:00.000000000,QUERY_SPREAD,92
2019-06-28 12:31:00.000000000,BEST_BID,"JPM,99439,137"
2019-06-28 12:31:00.000000000,BEST_ASK,"JPM,99541,224"
2019-06-28 12:31:00.000000000,LAST_TRADE,"5,$99439.0000"
2019-06-28 12:31:00.000000000,QUERY_SPREAD,93
2019-06-28 12:31:00.000000000,BEST_BID,"JPM,99439,130"
2019-06-28 12:31:00.000000000,BEST_ASK,"JPM,99541,224"
2019-06-28 12:31:00.000000000,LAST_TRADE,"7,$99439.0000"
2019-06-28 12:31:00.000000000,QUERY_SPREAD,94
2019-06-28 12:31:00.000000000,BEST_BID,"JPM,99439,129"
2019-06-28 12:31:00.000000000,BEST_ASK,"JPM,99541,224"
2019-06-28 12:31:00.000000000,LAST_TRADE,"1,$99439.0000"
2019-06-28 12:31:00.000000000,QUERY_SPREAD,95
2019-06-28 12:31:00.000000000,BEST_BID,"JPM,99439,128"
2019-06-28 12:31:00.000000000,BEST_ASK,"JPM,99541,224"
2019-06-28 12:31:00.000000000,LAST_TRADE,"1,$99439.0000"
2019-06-28 12:31:00.000000000,QUERY_SPREAD,96
2019-06-28 12:31:00.000000000,BEST_BID,"JPM,99439,124"
2019-06-28 12:31:00.000000000,BEST_ASK,"JPM,99541,224"
2019-06-28 12:31:00.000000000,LAST_TRADE,"4,$99439.0000"
2019-06-28 12:31:00.000000000,QUERY_SPREAD,97
2019-06-28 12:31:00.000000000,BEST_BID,"JPM,99439,121"
2019-06-28 12:31:00.000000000,BEST_ASK,"JPM,99541,224"
2019-06-28 12:31:00.000000000,LAST_TRADE,"3,$99439.0000"
2019-06-28 12:31:00.000000000,QUERY_SPREAD,98
2019-06-28 12:31:00.000000000,BEST_BID,"JPM,99439,116"
2019-06-28 12:31:00.000000000,BEST_ASK,"JPM,99541,224"
2019-06-28 12:31:00.000000000,LAST_TRADE,"5,$99439.0000"
2019-06-28 12:31:00.000000000,QUERY_SPREAD,99
2019-06-28 12:31:00.000000000,BEST_BID,"JPM,99439,112"
2019-06-28 12:31:00.000000000,BEST_ASK,"JPM,99541,224"
2019-06-28 12:31:00.000000000,LAST_TRADE,"4,$99439.0000"
2019-06-28 12:31:00.000000000,QUERY_SPREAD,100
2019-06-28 12:31:00.000000000,BEST_BID,"JPM,99439,107"
2019-06-28 12:31:00.000000000,BEST_ASK,"JPM,99541,224"
2019-06-28 12:31:00.000000000,LAST_TRADE,"5,$99439.0000"
2019-06-28 12:31:00.000000000,QUERY_SPREAD,101
2019-06-28 12:31:00.000000000,BEST_BID,"JPM,99439,107"
2019-06-28 12:31:00.000000000,BEST_ASK,"JPM,99541,223"
2019-06-28 12:31:00.000000000,LAST_TRADE,"1,$99541.0000"
2019-06-28 12:31:10.000000000,QUERY_SPREAD,1
2019-06-28 12:31:10.000000000,BEST_BID,"JPM,99363,286"
2019-06-28 12:31:10.000000000,BEST_ASK,"JPM,99541,97"
2019-06-28 12:31:10.000000000,BEST_BID,"JPM,99363,286"
2019-06-28 12:31:10.000000000,BEST_ASK,"JPM,99541,97"
2019-06-28 12:31:10.000000000,BEST_BID,"JPM,99363,286"
2019-06-28 12:31:10.000000000,BEST_ASK,"JPM,99541,283"
2019-06-28 12:31:10.000000000,BEST_BID,"JPM,99363,286"
2019-06-28 12:31:10.000000000,BEST_ASK,"JPM,99541,283"
2019-06-28 12:31:20.000000000,QUERY_SPREAD,1
2019-06-28 12:31:20.000000000,BEST_BID,"JPM,99363,193"
2019-06-28 12:31:20.000000000,BEST_ASK,"JPM,99541,97"
2019-06-28 12:31:20.000000000,BEST_BID,"JPM,99363,193"
2019-06-28 12:31:20.000000000,BEST_ASK,"JPM,99541,97"
2019-06-28 12:31:20.000000000,BEST_BID,"JPM,99363,193"
2019-06-28 12:31:20.000000000,BEST_ASK,"JPM,99541,97"
2019-06-28 12:31:20.000000000,BEST_BID,"JPM,99363,193"
2019-06-28 12:31:20.000000000,BEST_ASK,"JPM,99541,97"
2019-06-28 12:31:20.000000000,BEST_BID,"JPM,99363,193"
2019-06-28 12:31:20.000000000,BEST_ASK,"JPM,99541,190"
2019-06-28 12:31:20.000000000,BEST_BID,"JPM,99363,193"
2019-06-28 12:31:20.000000000,BEST_ASK,"JPM,99541,190"
2019-06-28 12:31:20.000000000,BEST_BID,"JPM,99363,193"
2019-06-28 12:31:20.000000000,BEST_ASK,"JPM,99541,190"
2019-06-28 12:31:20.000000000,BEST_BID,"JPM,99363,193"
2019-06-28 12:31:20.000000000,BEST_ASK,"JPM,99541,190"
2019-06-28 12:31:30.000000000,QUERY_SPREAD,1
2019-06-28 12:31:30.000000000,BEST_BID,"JPM,99363,471"
2019-06-28 12:31:30.000000000,BEST_ASK,"JPM,99541,97"
2019-06-28 12:31:30.000000000,BEST_BID,"JPM,99363,471"
2019-06-28 12:31:30.000000000,BEST_ASK,"JPM,99541,468"
2019-06-28 12:31:34.548577848,QUERY_SPREAD,2
2019-06-28 12:31:34.548577848,BEST_BID,"JPM,99363,471"
2019-06-28 12:31:34.548577848,BEST_ASK,"JPM,99541,468"
2019-06-28 12:31:40.000000000,QUERY_SPREAD,1
2019-06-28 12:31:40.000000000,BEST_BID,"JPM,99363,193"
2019-06-28 12:31:40.000000000,BEST_ASK,"JPM,99541,97"
2019-06-28 12:31:40.000000000,BEST_BID,"JPM,99363,193"
2019-06-28 12:31:40.000000000,BEST_ASK,"JPM,99541,97"
2019-06-28 12:31:40.000000000,BEST_BID,"JPM,99363,193"
2019-06-28 12:31:40.000000000,BEST_ASK,"JPM,99541,97"
2019-06-28 12:31:40.000000000,BEST_BID,"JPM,99363,193"
2019-06-28 12:31:40.000000000,BEST_ASK,"JPM,99541,97"
2019-06-28 12:31:40.000000000,BEST_BID,"JPM,99363,193"
2019-06-28 12:31:40.000000000,BEST_ASK,"JPM,99541,190"
2019-06-28 12:31:40.000000000,BEST_BID,"JPM,99363,193"
2019-06-28 12:31:40.000000000,BEST_ASK,"JPM,99541,190"
2019-06-28 12:31:40.000000000,BEST_BID,"JPM,99363,193"
2019-06-28 12:31:40.000000000,BEST_ASK,"JPM,99541,190"
2019-06-28 12:31:40.000000000,BEST_BID,"JPM,99363,193"
2019-06-28 12:31:40.000000000,BEST_ASK,"JPM,99541,190"
2019-06-28 12:31:44.944532132,QUERY_SPREAD,8
2019-06-28 12:31:44.944532132,BEST_BID,"JPM,99363,93"
2019-06-28 12:31:44.944532132,BEST_ASK,"JPM,99541,190"
2019-06-28 12:31:44.944532132,LAST_TRADE,"100,$99363.0000"
2019-06-28 12:31:45.903455512,QUERY_ORDER_STREAM,73
2019-06-28 12:31:45.903455512,QUERY_SPREAD,73
2019-06-28 12:31:45.903455512,BEST_BID,"JPM,99363,93"
2019-06-28 12:31:45.903455512,BEST_ASK,"JPM,99540,100"
2019-06-28 12:31:50.000000000,QUERY_SPREAD,1
2019-06-28 12:31:50.000000000,BEST_BID,"JPM,99274,286"
2019-06-28 12:31:50.000000000,BEST_ASK,"JPM,99540,100"
2019-06-28 12:31:50.000000000,BEST_BID,"JPM,99274,286"
2019-06-28 12:31:50.000000000,BEST_ASK,"JPM,99540,100"
2019-06-28 12:31:50.000000000,BEST_BID,"JPM,99274,286"
2019-06-28 12:31:50.000000000,BEST_ASK,"JPM,99540,286"
2019-06-28 12:31:50.000000000,BEST_BID,"JPM,99274,286"
2019-06-28 12:31:50.000000000,BEST_ASK,"JPM,99540,286"
2019-06-28 12:31:51.305103723,QUERY_SPREAD,10
2019-06-28 12:31:51.305103723,BEST_BID,"JPM,99274,186"
2019-06-28 12:31:51.305103723,BEST_ASK,"JPM,99540,286"
2019-06-28 12:31:51.305103723,LAST_TRADE,"100,$99274.0000"
2019-06-28 12:31:56.303806170,QUERY_SPREAD,39
2019-06-28 12:31:56.303806170,BEST_BID,"JPM,99274,86"
2019-06-28 12:31:56.303806170,BEST_ASK,"JPM,99540,286"
2019-06-28 12:31:56.303806170,LAST_TRADE,"100,$99274.0000"
2019-06-28 12:32:00.000000000,QUERY_SPREAD,1
2019-06-28 12:32:00.000000000,BEST_BID,"JPM,99264,174"
2019-06-28 12:32:00.000000000,BEST_ASK,"JPM,99540,100"
2019-06-28 12:32:00.000000000,BEST_BID,"JPM,99264,174"
2019-06-28 12:32:00.000000000,BEST_ASK,"JPM,99540,100"
2019-06-28 12:32:00.000000000,BEST_BID,"JPM,99264,174"
2019-06-28 12:32:00.000000000,BEST_ASK,"JPM,99540,100"
2019-06-28 12:32:00.000000000,BEST_BID,"JPM,99264,174"
2019-06-28 12:32:00.000000000,BEST_ASK,"JPM,99540,174"
2019-06-28 12:32:00.000000000,BEST_BID,"JPM,99264,174"
2019-06-28 12:32:00.000000000,BEST_ASK,"JPM,99540,174"
2019-06-28 12:32:00.000000000,BEST_BID,"JPM,99264,174"
2019-06-28 12:32:00.000000000,BEST_ASK,"JPM,99540,174"
2019-06-28 12:32:00.000000000,BEST_BID,"JPM,99264,174"
2019-06-28 12:32:00.000000000,BEST_ASK,"JPM,99540,174"
2019-06-28 12:32:00.000000000,BEST_BID,"JPM,99264,174"
2019-06-28 12:32:00.000000000,BEST_ASK,"JPM,99540,174"
2019-06-28 12:32:00.000000000,QUERY_SPREAD,77
2019-06-28 12:32:00.000000000,BEST_BID,"JPM,99264,169"
2019-06-28 12:32:00.000000000,BEST_ASK,"JPM,99540,174"
2019-06-28 12:32:00.000000000,LAST_TRADE,"5,$99264.0000"
2019-06-28 12:32:00.000000000,QUERY_SPREAD,78
2019-06-28 12:32:00.000000000,BEST_BID,"JPM,99264,161"
2019-06-28 12:32:00.000000000,BEST_ASK,"JPM,99540,174"
2019-06-28 12:32:00.000000000,LAST_TRADE,"8,$99264.0000"
2019-06-28 12:32:00.000000000,QUERY_SPREAD,79
2019-06-28 12:32:00.000000000,BEST_BID,"JPM,99264,156"
2019-06-28 12:32:00.000000000,BEST_ASK,"JPM,99540,174"
2019-06-28 12:32:00.000000000,LAST_TRADE,"5,$99264.0000"
2019-06-28 12:32:00.000000000,QUERY_SPREAD,80
2019-06-28 12:32:00.000000000,BEST_BID,"JPM,99264,148"
2019-06-28 12:32:00.000000000,BEST_ASK,"JPM,99540,174"
2019-06-28 12:32:00.000000000,LAST_TRADE,"8,$99264.0000"
2019-06-28 12:32:00.000000000,QUERY_SPREAD,81
2019-06-28 12:32:00.000000000,BEST_BID,"JPM,99264,139"
2019-06-28 12:32:00.000000000,BEST_ASK,"JPM,99540,174"
2019-06-28 12:32:00.000000000,LAST_TRADE,"9,$99264.0000"
2019-06-28 12:32:00.000000000,QUERY_SPREAD,82
2019-06-28 12:32:00.000000000,BEST_BID,"JPM,99264,136"
2019-06-28 12:32:00.000000000,BEST_ASK,"JPM,99540,174"
2019-06-28 12:32:00.000000000,LAST_TRADE,"3,$99264.0000"
2019-06-28 12:32:00.000000000,QUERY_SPREAD,83
2019-06-28 12:32:00.000000000,BEST_BID,"JPM,99264,128"
2019-06-28 12:32:00.000000000,BEST_ASK,"JPM,99540,174"
2019-06-28 12:32:00.000000000,LAST_TRADE,"8,$99264.0000"
2019-06-28 12:32:00.000000000,QUERY_SPREAD,84
2019-06-28 12:32:00.000000000,BEST_BID,"JPM,99264,124"
2019-06-28 12:32:00.000000000,BEST_ASK,"JPM,99540,174"
2019-06-28 12:32:00.000000000,LAST_TRADE,"4,$99264.0000"
2019-06-28 12:32:00.000000000,QUERY_SPREAD,85
2019-06-28 12:32:00.000000000,BEST_BID,"JPM,99264,119"
2019-06-28 12:32:00.000000000,BEST_ASK,"JPM,99540,174"
2019-06-28 12:32:00.000000000,LAST_TRADE,"5,$99264.0000"
2019-06-28 12:32:00.000000000,QUERY_SPREAD,86
2019-06-28 12:32:00.000000000,BEST_BID,"JPM,99264,117"
2019-06-28 12:32:00.000000000,BEST_ASK,"JPM,99540,174"
2019-06-28 12:32:00.000000000,LAST_TRADE,"2,$99264.0000"
2019-06-28 12:32:00.000000000,QUERY_SPREAD,87
2019-06-28 12:32:00.000000000,BEST_BID,"JPM,99264,110"
2019-06-28 12:32:00.000000000,BEST_ASK,"JPM,99540,174"
2019-06-28 12:32:00.000000000,LAST_TRADE,"7,$99264.0000"
2019-06-28 12:32:00.000000000,QUERY_SPREAD,88
2019-06-28 12:32:00.000000000,BEST_BID,"JPM,99264,102"
2019-06-28 12:32:00.000000000,BEST_ASK,"JPM,99540,174"
2019-06-28 12:32:00.000000000,LAST_TRADE,"8,$99264.0000"
2019-06-28 12:32:00.000000000,QUERY_SPREAD,89
2019-06-28 12:32:00.000000000,BEST_BID,"JPM,99264,97"
2019-06-28 12:32:00.000000000,BEST_ASK,"JPM,99540,174"
2019-06-28 12:32:00.000000000,LAST_TRADE,"5,$99264.0000"
2019-06-28 12:32:00.000000000,QUERY_SPREAD,90
2019-06-28 12:32:00.000000000,BEST_BID,"JPM,99264,93"
2019-06-28 12:32:00.000000000,BEST_ASK,"JPM,99540,174"
2019-06-28 12:32:00.000000000,LAST_TRADE,"4,$99264.0000"
2019-06-28 12:32:00.000000000,QUERY_SPREAD,91
2019-06-28 12:32:00.000000000,BEST_BID,"JPM,99264,90"
2019-06-28 12:32:00.000000000,BEST_ASK,"JPM,99540,174"
2019-06-28 12:32:00.000000000,LAST_TRADE,"3,$99264.0000"
2019-06-28 12:32:00.000000000,QUERY_SPREAD,92
2019-06-28 12:32:00.000000000,BEST_BID,"JPM,99264,85"
2019-06-28 12:32:00.000000000,BEST_ASK,"JPM,99540,174"
2019-06-28 12:32:00.000000000,LAST_TRADE,"5,$99264.0000"
2019-06-28 12:32:00.000000000,QUERY_SPREAD,93
2019-06-28 12:32:00.000000000,BEST_BID,"JPM,99264,78"
2019-06-28 12:32:00.000000000,BEST_ASK,"JPM,99540,174"
2019-06-28 12:32:00.000000000,LAST_TRADE,"7,$99264.0000"
2019-06-28 12:32:00.000000000,QUERY_SPREAD,94
2019-06-28 12:32:00.000000000,BEST_BID,"JPM,99264,77"
2019-06-28 12:32:00.000000000,BEST_ASK,"JPM,99540,174"
2019-06-28 12:32:00.000000000,LAST_TRADE,"1,$99264.0000"
2019-06-28 12:32:00.000000000,QUERY_SPREAD,95
2019-06-28 12:32:00.000000000,BEST_BID,"JPM,99264,76"
2019-06-28 12:32:00.000000000,BEST_ASK,"JPM,99540,174"
2019-06-28 12:32:00.000000000,LAST_TRADE,"1,$99264.0000"
2019-06-28 12:32:00.000000000,QUERY_SPREAD,96
2019-06-28 12:32:00.000000000,BEST_BID,"JPM,99264,72"
2019-06-28 12:32:00.000000000,BEST_ASK,"JPM,99540,174"
2019-06-28 12:32:00.000000000,LAST_TRADE,"4,$99264.0000"
2019-06-28 12:32:00.000000000,QUERY_SPREAD,97
2019-06-28 12:32:00.000000000,BEST_BID,"JPM,99264,69"
2019-06-28 12:32:00.000000000,BEST_ASK,"JPM,99540,174"
2019-06-28 12:32:00.000000000,LAST_TRADE,"3,$99264.0000"
2019-06-28 12:32:00.000000000,QUERY_SPREAD,98
2019-06-28 12:32:00.000000000,BEST_BID,"JPM,99264,64"
2019-06-28 12:32:00.000000000,BEST_ASK,"JPM,99540,174"
2019-06-28 12:32:00.000000000,LAST_TRADE,"5,$99264.0000"
2019-06-28 12:32:00.000000000,QUERY_SPREAD,99
2019-06-28 12:32:00.000000000,BEST_BID,"JPM,99264,60"
2019-06-28 12:32:00.000000000,BEST_ASK,"JPM,99540,174"
2019-06-28 12:32:00.000000000,LAST_TRADE,"4,$99264.0000"
2019-06-28 12:32:00.000000000,QUERY_SPREAD,100
2019-06-28 12:32:00.000000000,BEST_BID,"JPM,99264,55"
2019-06-28 12:32:00.000000000,BEST_ASK,"JPM,99540,174"
2019-06-28 12:32:00.000000000,LAST_TRADE,"5,$99264.0000"
2019-06-28 12:32:00.000000000,QUERY_SPREAD,101
2019-06-28 12:32:00.000000000,BEST_BID,"JPM,99264,55"
2019-06-28 12:32:00.000000000,BEST_ASK,"JPM,99540,173"
2019-06-28 12:32:00.000000000,LAST_TRADE,"1,$99540.0000"
2019-06-28 12:32:10.000000000,QUERY_SPREAD,1
2019-06-28 12:32:10.000000000,BEST_BID,"JPM,98663,286"
2019-06-28 12:32:10.000000000,BEST_ASK,"JPM,99540,99"
2019-06-28 12:32:10.000000000,BEST_BID,"JPM,98663,286"
2019-06-28 12:32:10.000000000,BEST_ASK,"JPM,99540,99"
2019-06-28 12:32:10.000000000,BEST_BID,"JPM,98663,286"
2019-06-28 12:32:10.000000000,BEST_ASK,"JPM,99540,285"
2019-06-28 12:32:10.000000000,BEST_BID,"JPM,98663,286"
2019-06-28 12:32:10.000000000,BEST_ASK,"JPM,99540,285"
2019-06-28 12:32:15.887795086,QUERY_SPREAD,42
2019-06-28 12:32:15.887795086,BEST_BID,"JPM,98663,286"
2019-06-28 12:32:15.887795086,BEST_ASK,"JPM,98677,100"
2019-06-28 12:32:20.000000000,QUERY_SPREAD,1
2019-06-28 12:32:20.000000000,BEST_BID,"JPM,98663,286"
2019-06-28 12:32:20.000000000,BEST_ASK,"JPM,98677,100"
2019-06-28 12:32:20.000000000,BEST_BID,"JPM,98663,286"
2019-06-28 12:32:20.000000000,BEST_ASK,"JPM,98677,100"
2019-06-28 12:32:20.000000000,BEST_BID,"JPM,98663,286"
2019-06-28 12:32:20.000000000,BEST_ASK,"JPM,98677,286"
2019-06-28 12:32:20.000000000,BEST_BID,"JPM,98663,286"
2019-06-28 12:32:20.000000000,BEST_ASK,"JPM,98677,286"
2019-06-28 12:32:30.000000000,QUERY_SPREAD,1
2019-06-28 12:32:30.000000000,BEST_BID,"JPM,98663,286"
2019-06-28 12:32:30.000000000,BEST_ASK,"JPM,98677,100"
2019-06-28 12:32:30.000000000,BEST_BID,"JPM,98663,286"
2019-06-28 12:32:30.000000000,BEST_ASK,"JPM,98677,100"
2019-06-28 12:32:30.000000000,BEST_BID,"JPM,98663,286"
2019-06-28 12:32:30.000000000,BEST_ASK,"JPM,98677,286"
2019-06-28 12:32:30.000000000,BEST_BID,"JPM,98663,286"
2019-06-28 12:32:30.000000000,BEST_ASK,"JPM,98677,286"
2019-06-28 12:32:34.878097774,QUERY_SPREAD,12
2019-06-28 12:32:34.878097774,BEST_BID,"JPM,98663,286"
2019-06-28 12:32:34.878097774,BEST_ASK,"JPM,98677,286"
2019-06-28 12:32:36.681115949,QUERY_SPREAD,34
2019-06-28 12:32:36.681115949,BEST_BID,"JPM,98663,186"
2019-06-28 12:32:36.681115949,BEST_ASK,"JPM,98677,286"
2019-06-28 12:32:36.681115949,LAST_TRADE,"100,$98663.0000"
2019-06-28 12:32:40.000000000,QUERY_SPREAD,1
2019-06-28 12:32:40.000000000,BEST_BID,"JPM,98289,193"
2019-06-28 12:32:40.000000000,BEST_ASK,"JPM,98677,100"
2019-06-28 12:32:40.000000000,BEST_BID,"JPM,98289,193"
2019-06-28 12:32:40.000000000,BEST_ASK,"JPM,98677,100"
2019-06-28 12:32:40.000000000,BEST_BID,"JPM,98289,193"
2019-06-28 12:32:40.000000000,BEST_ASK,"JPM,98677,193"
2019-06-28 12:32:40.000000000,BEST_BID,"JPM,98289,193"
2019-06-28 12:32:40.000000000,BEST_ASK,"JPM,98677,193"
2019-06-28 12:32:40.000000000,BEST_BID,"JPM,98289,193"
2019-06-28 12:32:40.000000000,BEST_ASK,"JPM,98677,193"
2019-06-28 12:32:40.000000000,BEST_BID,"JPM,98289,193"
2019-06-28 12:32:40.000000000,BEST_ASK,"JPM,98677,193"
2019-06-28 12:32:44.315944596,QUERY_SPREAD,6
2019-06-28 12:32:44.315944596,BEST_BID,"JPM,98289,193"
2019-06-28 12:32:44.315944596,BEST_ASK,"JPM,98677,193"
2019-06-28 12:32:46.731923600,QUERY_SPREAD,9
2019-06-28 12:32:46.731923600,BEST_BID,"JPM,98337,100"
2019-06-28 12:32:46.731923600,BEST_ASK,"JPM,98677,193"
2019-06-28 12:32:48.519189126,QUERY_SPREAD,17
2019-06-28 12:32:48.519189126,BEST_BID,"JPM,98364,100"
2019-06-28 12:32:48.519189126,BEST_ASK,"JPM,98677,193"
2019-06-28 12:32:50.000000000,QUERY_SPREAD,1
2019-06-28 12:32:50.000000000,BEST_BID,"JPM,98364,226"
2019-06-28 12:32:50.000000000,BEST_ASK,"JPM,98677,100"
2019-06-28 12:32:50.000000000,BEST_BID,"JPM,98364,226"
2019-06-28 12:32:50.000000000,BEST_ASK,"JPM,98677,100"
2019-06-28 12:32:50.000000000,BEST_BID,"JPM,98364,226"
2019-06-28 12:32:50.000000000,BEST_ASK,"JPM,98677,100"
2019-06-28 12:32:50.000000000,BEST_BID,"JPM,98364,226"
2019-06-28 12:32:50.000000000,BEST_ASK,"JPM,98677,226"
2019-06-28 12:32:50.000000000,BEST_BID,"JPM,98364,226"
2019-06-28 12:32:50.000000000,BEST_ASK,"JPM,98677,226"
2019-06-28 12:32:50.000000000,BEST_BID,"JPM,98364,226"
2019-06-28 12:32:50.000000000,BEST_ASK,"JPM,98677,226"
2019-06-28 12:32:54.926266591,QUERY_SPREAD,50
2019-06-28 12:32:54.926266591,BEST_BID,"JPM,98364,126"
2019-06-28 12:32:54.926266591,BEST_ASK,"JPM,98677,226"
2019-06-28 12:32:54.926266591,LAST_TRADE,"100,$98364.0000"
2019-06-28 12:32:55.114708790,QUERY_SPREAD,33
2019-06-28 12:32:55.114708790,BEST_BID,"JPM,98364,126"
2019-06-28 12:32:55.114708790,BEST_ASK,"JPM,98448,100"
2019-06-28 12:33:00.000000000,QUERY_SPREAD,1
2019-06-28 12:33:00.000000000,BEST_BID,"JPM,98337,174"
2019-06-28 12:33:00.000000000,BEST_ASK,"JPM,98448,100"
2019-06-28 12:33:00.000000000,BEST_BID,"JPM,98337,174"
2019-06-28 12:33:00.000000000,BEST_ASK,"JPM,98448,100"
2019-06-28 12:33:00.000000000,BEST_BID,"JPM,98337,174"
2019-06-28 12:33:00.000000000,BEST_ASK,"JPM,98448,100"
2019-06-28 12:33:00.000000000,BEST_BID,"JPM,98337,174"
2019-06-28 12:33:00.000000000,BEST_ASK,"JPM,98448,100"
2019-06-28 12:33:00.000000000,BEST_BID,"JPM,98337,174"
2019-06-28 12:33:00.000000000,BEST_ASK,"JPM,98448,174"
2019-06-28 12:33:00.000000000,BEST_BID,"JPM,98337,174"
2019-06-28 12:33:00.000000000,BEST_ASK,"JPM,98448,174"
2019-06-28 12:33:00.000000000,BEST_BID,"JPM,98337,174"
2019-06-28 12:33:00.000000000,BEST_ASK,"JPM,98448,174"
2019-06-28 12:33:00.000000000,BEST_BID,"JPM,98337,174"
2019-06-28 12:33:00.000000000,BEST_ASK,"JPM,98448,174"
2019-06-28 12:33:00.000000000,BEST_BID,"JPM,98337,174"
2019-06-28 12:33:00.000000000,BEST_ASK,"JPM,98448,174"
2019-06-28 12:33:00.000000000,QUERY_SPREAD,77
2019-06-28 12:33:00.000000000,BEST_BID,"JPM,98337,169"
2019-06-28 12:33:00.000000000,BEST_ASK,"JPM,98448,174"
2019-06-28 12:33:00.000000000,LAST_TRADE,"5,$98337.0000"
2019-06-28 12:33:00.000000000,QUERY_SPREAD,78
2019-06-28 12:33:00.000000000,BEST_BID,"JPM,98337,161"
2019-06-28 12:33:00.000000000,BEST_ASK,"JPM,98448,174"
2019-06-28 12:33:00.000000000,LAST_TRADE,"8,$98337.0000"
2019-06-28 12:33:00.000000000,QUERY_SPREAD,79
2019-06-28 12:33:00.000000000,BEST_BID,"JPM,98337,156"
2019-06-28 12:33:00.000000000,BEST_ASK,"JPM,98448,174"
2019-06-28 12:33:00.000000000,LAST_TRADE,"5,$98337.0000"
2019-06-28 12:33:00.000000000,QUERY_SPREAD,80
2019-06-28 12:33:00.000000000,BEST_BID,"JPM,98337,148"
2019-06-28 12:33:00.000000000,BEST_ASK,"JPM,98448,174"
2019-06-28 12:33:00.000000000,LAST_TRADE,"8,$98337.0000"
2019-06-28 12:33:00.000000000,QUERY_SPREAD,81
2019-06-28 12:33:00.000000000,BEST_BID,"JPM,98337,139"
2019-06-28 12:33:00.000000000,BEST_ASK,"JPM,98448,174"
2019-06-28 12:33:00.000000000,LAST_TRADE,"9,$98337.0000"
2019-06-28 12:33:00.000000000,QUERY_SPREAD,82
2019-06-28 12:33:00.000000000,BEST_BID,"JPM,98337,136"
2019-06-28 12:33:00.000000000,BEST_ASK,"JPM,98448,174"
2019-06-28 12:33:00.000000000,LAST_TRADE,"3,$98337.0000"
2019-06-28 12:33:00.000000000,QUERY_SPREAD,83
2019-06-28 12:33:00.000000000,BEST_BID,"JPM,98337,128"
2019-06-28 12:33:00.000000000,BEST_ASK,"JPM,98448,174"
2019-06-28 12:33:00.000000000,LAST_TRADE,"8,$98337.0000"
2019-06-28 12:33:00.000000000,QUERY_SPREAD,84
2019-06-28 12:33:00.000000000,BEST_BID,"JPM,98337,124"
2019-06-28 12:33:00.000000000,BEST_ASK,"JPM,98448,174"
2019-06-28 12:33:00.000000000,LAST_TRADE,"4,$98337.0000"
2019-06-28 12:33:00.000000000,QUERY_SPREAD,85
2019-06-28 12:33:00.000000000,BEST_BID,"JPM,98337,119"
2019-06-28 12:33:00.000000000,BEST_ASK,"JPM,98448,174"
2019-06-28 12:33:00.000000000,LAST_TRADE,"5,$98337.0000"
2019-06-28 12:33:00.000000000,QUERY_SPREAD,86
2019-06-28 12:33:00.000000000,BEST_BID,"JPM,98337,117"
2019-06-28 12:33:00.000000000,BEST_ASK,"JPM,98448,174"
2019-06-28 12:33:00.000000000,LAST_TRADE,"2,$98337.0000"
2019-06-28 12:33:00.000000000,QUERY_SPREAD,87
2019-06-28 12:33:00.000000000,BEST_BID,"JPM,98337,110"
2019-06-28 12:33:00.000000000,BEST_ASK,"JPM,98448,174"
2019-06-28 12:33:00.000000000,LAST_TRADE,"7,$98337.0000"
2019-06-28 12:33:00.000000000,QUERY_SPREAD,88
2019-06-28 12:33:00.000000000,BEST_BID,"JPM,98337,102"
2019-06-28 12:33:00.000000000,BEST_ASK,"JPM,98448,174"
2019-06-28 12:33:00.000000000,LAST_TRADE,"8,$98337.0000"
2019-06-28 12:33:00.000000000,QUERY_SPREAD,89
2019-06-28 12:33:00.000000000,BEST_BID,"JPM,98337,97"
2019-06-28 12:33:00.000000000,BEST_ASK,"JPM,98448,174"
2019-06-28 12:33:00.000000000,LAST_TRADE,"5,$98337.0000"
2019-06-28 12:33:00.000000000,QUERY_SPREAD,90
2019-06-28 12:33:00.000000000,BEST_BID,"JPM,98337,93"
2019-06-28 12:33:00.000000000,BEST_ASK,"JPM,98448,174"
2019-06-28 12:33:00.000000000,LAST_TRADE,"4,$98337.0000"
2019-06-28 12:33:00.000000000,QUERY_SPREAD,91
2019-06-28 12:33:00.000000000,BEST_BID,"JPM,98337,90"
2019-06-28 12:33:00.000000000,BEST_ASK,"JPM,98448,174"
2019-06-28 12:33:00.000000000,LAST_TRADE,"3,$98337.0000"
2019-06-28 12:33:00.000000000,QUERY_SPREAD,92
2019-06-28 12:33:00.000000000,BEST_BID,"JPM,98337,85"
2019-06-28 12:33:00.000000000,BEST_ASK,"JPM,98448,174"
2019-06-28 12:33:00.000000000,LAST_TRADE,"5,$98337.0000"
2019-06-28 12:33:00.000000000,QUERY_SPREAD,93
2019-06-28 12:33:00.000000000,BEST_BID,"JPM,98337,78"
2019-06-28 12:33:00.000000000,BEST_ASK,"JPM,98448,174"
2019-06-28 12:33:00.000000000,LAST_TRADE,"7,$98337.0000"
2019-06-28 12:33:00.000000000,QUERY_SPREAD,94
2019-06-28 12:33:00.000000000,BEST_BID,"JPM,98337,77"
2019-06-28 12:33:00.000000000,BEST_ASK,"JPM,98448,174"
2019-06-28 12:33:00.000000000,LAST_TRADE,"1,$98337.0000"
2019-06-28 12:33:00.000000000,QUERY_SPREAD,95
2019-06-28 12:33:00.000000000,BEST_BID,"JPM,98337,76"
2019-06-28 12:33:00.000000000,BEST_ASK,"JPM,98448,174"
2019-06-28 12:33:00.000000000,LAST_TRADE,"1,$98337.0000"
2019-06-28 12:33:00.000000000,QUERY_SPREAD,96
2019-06-28 12:33:00.000000000,BEST_BID,"JPM,98337,72"
2019-06-28 12:33:00.000000000,BEST_ASK,"JPM,98448,174"
2019-06-28 12:33:00.000000000,LAST_TRADE,"4,$98337.0000"
2019-06-28 12:33:00.000000000,QUERY_SPREAD,97
2019-06-28 12:33:00.000000000,BEST_BID,"JPM,98337,69"
2019-06-28 12:33:00.000000000,BEST_ASK,"JPM,98448,174"
2019-06-28 12:33:00.000000000,LAST_TRADE,"3,$98337.0000"
2019-06-28 12:33:00.000000000,QUERY_SPREAD,98
2019-06-28 12:33:00.000000000,BEST_BID,"JPM,98337,64"
2019-06-28 12:33:00.000000000,BEST_ASK,"JPM,98448,174"
2019-06-28 12:33:00.000000000,LAST_TRADE,"5,$98337.0000"
2019-06-28 12:33:00.000000000,QUERY_SPREAD,99
2019-06-28 12:33:00.000000000,BEST_BID,"JPM,98337,60"
2019-06-28 12:33:00.000000000,BEST_ASK,"JPM,98448,174"
2019-06-28 12:33:00.000000000,LAST_TRADE,"4,$98337.0000"
2019-06-28 12:33:00.000000000,QUERY_SPREAD,100
2019-06-28 12:33:00.000000000,BEST_BID,"JPM,98337,55"
2019-06-28 12:33:00.000000000,BEST_ASK,"JPM,98448,174"
2019-06-28 12:33:00.000000000,LAST_TRADE,"5,$98337.0000"
2019-06-28 12:33:00.000000000,QUERY_SPREAD,101
2019-06-28 12:33:00.000000000,BEST_BID,"JPM,98337,55"
2019-06-28 12:33:00.000000000,BEST_ASK,"JPM,98448,173"
2019-06-28 12:33:00.000000000,LAST_TRADE,"1,$98448.0000"
2019-06-28 12:33:10.000000000,QUERY_SPREAD,1
2019-06-28 12:33:10.000000000,BEST_BID,"JPM,98289,286"
2019-06-28 12:33:10.000000000,BEST_ASK,"JPM,98448,99"
2019-06-28 12:33:10.000000000,BEST_BID,"JPM,98289,286"
2019-06-28 12:33:10.000000000,BEST_ASK,"JPM,98448,99"
2019-06-28 12:33:10.000000000,BEST_BID,"JPM,98289,286"
2019-06-28 12:33:10.000000000,BEST_ASK,"JPM,98448,285"
2019-06-28 12:33:10.000000000,BEST_BID,"JPM,98289,286"
2019-06-28 12:33:10.000000000,BEST_ASK,"JPM,98448,285"
2019-06-28 12:33:20.000000000,QUERY_SPREAD,1
2019-06-28 12:33:20.000000000,BEST_BID,"JPM,98289,471"
2019-06-28 12:33:20.000000000,BEST_ASK,"JPM,98448,99"
2019-06-28 12:33:20.000000000,BEST_BID,"JPM,98289,471"
2019-06-28 12:33:20.000000000,BEST_ASK,"JPM,98448,470"
2019-06-28 12:33:23.295520180,QUERY_SPREAD,22
2019-06-28 12:33:23.295520180,BEST_BID,"JPM,98289,471"
2019-06-28 12:33:23.295520180,BEST_ASK,"JPM,98448,370"
2019-06-28 12:33:23.295520180,LAST_TRADE,"100,$98448.0000"
2019-06-28 12:33:24.410894561,QUERY_SPREAD,5
2019-06-28 12:33:24.410894561,BEST_BID,"JPM,98289,471"
2019-06-28 12:33:24.410894561,BEST_ASK,"JPM,98448,370"
2019-06-28 12:33:30.000000000,QUERY_SPREAD,1
2019-06-28 12:33:30.000000000,BEST_BID,"JPM,98289,193"
2019-06-28 12:33:30.000000000,BEST_ASK,"JPM,98629,100"
2019-06-28 12:33:30.000000000,BEST_BID,"JPM,98289,193"
2019-06-28 12:33:30.000000000,BEST_ASK,"JPM,98629,100"
2019-06-28 12:33:30.000000000,BEST_BID,"JPM,98289,193"
2019-06-28 12:33:30.000000000,BEST_ASK,"JPM,98629,100"
2019-06-28 12:33:30.000000000,BEST_BID,"JPM,98289,193"
2019-06-28 12:33:30.000000000,BEST_ASK,"JPM,98629,193"
2019-06-28 12:33:30.000000000,BEST_BID,"JPM,98289,193"
2019-06-28 12:33:30.000000000,BEST_ASK,"JPM,98629,193"
2019-06-28 12:33:30.000000000,BEST_BID,"JPM,98289,193"
2019-06-28 12:33:30.000000000,BEST_ASK,"JPM,98629,193"
2019-06-28 12:33:30.000000000,BEST_BID,"JPM,98289,193"
2019-06-28 12:33:30.000000000,BEST_ASK,"JPM,98629,193"
2019-06-28 12:33:40.000000000,QUERY_SPREAD,1
2019-06-28 12:33:40.000000000,BEST_BID,"JPM,98289,471"
2019-06-28 12:33:40.000000000,BEST_ASK,"JPM,98629,100"
2019-06-28 12:33:40.000000000,BEST_BID,"JPM,98289,471"
2019-06-28 12:33:40.000000000,BEST_ASK,"JPM,98629,471"
2019-06-28 12:33:50.000000000,QUERY_SPREAD,1
2019-06-28 12:33:50.000000000,BEST_BID,"JPM,98289,226"
2019-06-28 12:33:50.000000000,BEST_ASK,"JPM,98629,100"
2019-06-28 12:33:50.000000000,BEST_BID,"JPM,98289,226"
2019-06-28 12:33:50.000000000,BEST_ASK,"JPM,98629,100"
2019-06-28 12:33:50.000000000,BEST_BID,"JPM,98289,226"
2019-06-28 12:33:50.000000000,BEST_ASK,"JPM,98629,100"
2019-06-28 12:33:50.000000000,BEST_BID,"JPM,98289,226"
2019-06-28 12:33:50.000000000,BEST_ASK,"JPM,98629,226"
2019-06-28 12:33:50.000000000,BEST_BID,"JPM,98289,226"
2019-06-28 12:33:50.000000000,BEST_ASK,"JPM,98629,226"
2019-06-28 12:33:50.000000000,BEST_BID,"JPM,98289,226"
2019-06-28 12:33:50.000000000,BEST_ASK,"JPM,98629,226"
2019-06-28 12:33:56.716048458,QUERY_ORDER_STREAM,68
2019-06-28 12:33:56.716048458,QUERY_SPREAD,68
2019-06-28 12:33:56.716048458,BEST_BID,"JPM,98448,100"
2019-06-28 12:33:56.716048458,BEST_ASK,"JPM,98629,226"
2019-06-28 12:34:00.000000000,QUERY_SPREAD,1
2019-06-28 12:34:00.000000000,BEST_BID,"JPM,98448,174"
2019-06-28 12:34:00.000000000,BEST_ASK,"JPM,98629,100"
2019-06-28 12:34:00.000000000,BEST_BID,"JPM,98448,174"
2019-06-28 12:34:00.000000000,BEST_ASK,"JPM,98629,100"
2019-06-28 12:34:00.000000000,BEST_BID,"JPM,98448,174"
2019-06-28 12:34:00.000000000,BEST_ASK,"JPM,98629,100"
2019-06-28 12:34:00.000000000,BEST_BID,"JPM,98448,174"
2019-06-28 12:34:00.000000000,BEST_ASK,"JPM,98629,100"
2019-06-28 12:34:00.000000000,BEST_BID,"JPM,98448,174"
2019-06-28 12:34:00.000000000,BEST_ASK,"JPM,98629,174"
2019-06-28 12:34:00.000000000,BEST_BID,"JPM,98448,174"
2019-06-28 12:34:00.000000000,BEST_ASK,"JPM,98629,174"
2019-06-28 12:34:00.000000000,BEST_BID,"JPM,98448,174"
2019-06-28 12:34:00.000000000,BEST_ASK,"JPM,98629,174"
2019-06-28 12:34:00.000000000,BEST_BID,"JPM,98448,174"
2019-06-28 12:34:00.000000000,BEST_ASK,"JPM,98629,174"
2019-06-28 12:34:00.000000000,BEST_BID,"JPM,98448,174"
2019-06-28 12:34:00.000000000,BEST_ASK,"JPM,98629,174"
2019-06-28 12:34:00.000000000,QUERY_SPREAD,77
2019-06-28 12:34:00.000000000,BEST_BID,"JPM,98448,169"
2019-06-28 12:34:00.000000000,BEST_ASK,"JPM,98629,174"
2019-06-28 12:34:00.000000000,LAST_TRADE,"5,$98448.0000"
2019-06-28 12:34:00.000000000,QUERY_SPREAD,78
2019-06-28 12:34:00.000000000,BEST_BID,"JPM,98448,161"
2019-06-28 12:34:00.000000000,BEST_ASK,"JPM,98629,174"
2019-06-28 12:34:00.000000000,LAST_TRADE,"8,$98448.0000"
2019-06-28 12:34:00.000000000,QUERY_SPREAD,79
2019-06-28 12:34:00.000000000,BEST_BID,"JPM,98448,156"
2019-06-28 12:34:00.000000000,BEST_ASK,"JPM,98629,174"
2019-06-28 12:34:00.000000000,LAST_TRADE,"5,$98448.0000"
2019-06-28 12:34:00.000000000,QUERY_SPREAD,80
2019-06-28 12:34:00.000000000,BEST_BID,"JPM,98448,148"
2019-06-28 12:34:00.000000000,BEST_ASK,"JPM,98629,174"
2019-06-28 12:34:00.000000000,LAST_TRADE,"8,$98448.0000"
2019-06-28 12:34:00.000000000,QUERY_SPREAD,81
2019-06-28 12:34:00.000000000,BEST_BID,"JPM,98448,139"
2019-06-28 12:34:00.000000000,BEST_ASK,"JPM,98629,174"
2019-06-28 12:34:00.000000000,LAST_TRADE,"9,$98448.0000"
2019-06-28 12:34:00.000000000,QUERY_SPREAD,82
2019-06-28 12:34:00.000000000,BEST_BID,"JPM,98448,136"
2019-06-28 12:34:00.000000000,BEST_ASK,"JPM,98629,174"
2019-06-28 12:34:00.000000000,LAST_TRADE,"3,$98448.0000"
2019-06-28 12:34:00.000000000,QUERY_SPREAD,83
2019-06-28 12:34:00.000000000,BEST_BID,"JPM,98448,128"
2019-06-28 12:34:00.000000000,BEST_ASK,"JPM,98629,174"
2019-06-28 12:34:00.000000000,LAST_TRADE,"8,$98448.0000"
2019-06-28 12:34:00.000000000,QUERY_SPREAD,84
2019-06-28 12:34:00.000000000,BEST_BID,"JPM,98448,124"
2019-06-28 12:34:00.000000000,BEST_ASK,"JPM,98629,174"
2019-06-28 12:34:00.000000000,LAST_TRADE,"4,$98448.0000"
2019-06-28 12:34:00.000000000,QUERY_SPREAD,85
2019-06-28 12:34:00.000000000,BEST_BID,"JPM,98448,119"
2019-06-28 12:34:00.000000000,BEST_ASK,"JPM,98629,174"
2019-06-28 12:34:00.000000000,LAST_TRADE,"5,$98448.0000"
2019-06-28 12:34:00.000000000,QUERY_SPREAD,86
2019-06-28 12:34:00.000000000,BEST_BID,"JPM,98448,117"
2019-06-28 12:34:00.000000000,BEST_ASK,"JPM,98629,174"
2019-06-28 12:34:00.000000000,LAST_TRADE,"2,$98448.0000"
2019-06-28 12:34:00.000000000,QUERY_SPREAD,87
2019-06-28 12:34:00.000000000,BEST_BID,"JPM,98448,110"
2019-06-28 12:34:00.000000000,BEST_ASK,"JPM,98629,174"
2019-06-28 12:34:00.000000000,LAST_TRADE,"7,$98448.0000"
2019-06-28 12:34:00.000000000,QUERY_SPREAD,88
2019-06-28 12:34:00.000000000,BEST_BID,"JPM,98448,102"
2019-06-28 12:34:00.000000000,BEST_ASK,"JPM,98629,174"
2019-06-28 12:34:00.000000000,LAST_TRADE,"8,$98448.0000"
2019-06-28 12:34:00.000000000,QUERY_SPREAD,89
2019-06-28 12:34:00.000000000,BEST_BID,"JPM,98448,97"
2019-06-28 12:34:00.000000000,BEST_ASK,"JPM,98629,174"
2019-06-28 12:34:00.000000000,LAST_TRADE,"5,$98448.0000"
2019-06-28 12:34:00.000000000,QUERY_SPREAD,90
2019-06-28 12:34:00.000000000,BEST_BID,"JPM,98448,93"
2019-06-28 12:34:00.000000000,BEST_ASK,"JPM,98629,174"
2019-06-28 12:34:00.000000000,LAST_TRADE,"4,$98448.0000"
2019-06-28 12:34:00.000000000,QUERY_SPREAD,91
2019-06-28 12:34:00.000000000,BEST_BID,"JPM,98448,90"
2019-06-28 12:34:00.000000000,BEST_ASK,"JPM,98629,174"
2019-06-28 12:34:00.000000000,LAST_TRADE,"3,$98448.0000"
2019-06-28 12:34:00.000000000,QUERY_SPREAD,92
2019-06-28 12:34:00.000000000,BEST_BID,"JPM,98448,85"
2019-06-28 12:34:00.000000000,BEST_ASK,"JPM,98629,174"
2019-06-28 12:34:00.000000000,LAST_TRADE,"5,$98448.0000"
2019-06-28 12:34:00.000000000,QUERY_SPREAD,93
2019-06-28 12:34:00.000000000,BEST_BID,"JPM,98448,78"
2019-06-28 12:34:00.000000000,BEST_ASK,"JPM,98629,174"
2019-06-28 12:34:00.000000000,LAST_TRADE,"7,$98448.0000"
2019-06-28 12:34:00.000000000,QUERY_SPREAD,94
2019-06-28 12:34:00.000000000,BEST_BID,"JPM,98448,77"
2019-06-28 12:34:00.000000000,BEST_ASK,"JPM,98629,174"
2019-06-28 12:34:00.000000000,LAST_TRADE,"1,$98448.0000"
2019-06-28 12:34:00.000000000,QUERY_SPREAD,95
2019-06-28 12:34:00.000000000,BEST_BID,"JPM,98448,76"
2019-06-28 12:34:00.000000000,BEST_ASK,"JPM,98629,174"
2019-06-28 12:34:00.000000000,LAST_TRADE,"1,$98448.0000"
2019-06-28 12:34:00.000000000,QUERY_SPREAD,96
2019-06-28 12:34:00.000000000,BEST_BID,"JPM,98448,72"
2019-06-28 12:34:00.000000000,BEST_ASK,"JPM,98629,174"
2019-06-28 12:34:00.000000000,LAST_TRADE,"4,$98448.0000"
2019-06-28 12:34:00.000000000,QUERY_SPREAD,97
2019-06-28 12:34:00.000000000,BEST_BID,"JPM,98448,69"
2019-06-28 12:34:00.000000000,BEST_ASK,"JPM,98629,174"
2019-06-28 12:34:00.000000000,LAST_TRADE,"3,$98448.0000"
2019-06-28 12:34:00.000000000,QUERY_SPREAD,98
2019-06-28 12:34:00.000000000,BEST_BID,"JPM,98448,64"
2019-06-28 12:34:00.000000000,BEST_ASK,"JPM,98629,174"
2019-06-28 12:34:00.000000000,LAST_TRADE,"5,$98448.0000"
2019-06-28 12:34:00.000000000,QUERY_SPREAD,99
2019-06-28 12:34:00.000000000,BEST_BID,"JPM,98448,60"
2019-06-28 12:34:00.000000000,BEST_ASK,"JPM,98629,174"
2019-06-28 12:34:00.000000000,LAST_TRADE,"4,$98448.0000"
2019-06-28 12:34:00.000000000,QUERY_SPREAD,100
2019-06-28 12:34:00.000000000,BEST_BID,"JPM,98448,55"
2019-06-28 12:34:00.000000000,BEST_ASK,"JPM,98629,174"
2019-06-28 12:34:00.000000000,LAST_TRADE,"5,$98448.0000"
2019-06-28 12:34:00.000000000,QUERY_SPREAD,101
2019-06-28 12:34:00.000000000,BEST_BID,"JPM,98448,55"
2019-06-28 12:34:00.000000000,BEST_ASK,"JPM,98629,173"
2019-06-28 12:34:00.000000000,LAST_TRADE,"1,$98629.0000"
2019-06-28 12:34:10.000000000,QUERY_SPREAD,1
2019-06-28 12:34:10.000000000,BEST_BID,"JPM,98289,286"
2019-06-28 12:34:10.000000000,BEST_ASK,"JPM,98629,99"
2019-06-28 12:34:10.000000000,BEST_BID,"JPM,98289,286"
2019-06-28 12:34:10.000000000,BEST_ASK,"JPM,98629,99"
2019-06-28 12:34:10.000000000,BEST_BID,"JPM,98289,286"
2019-06-28 12:34:10.000000000,BEST_ASK,"JPM,98629,285"
2019-06-28 12:34:10.000000000,BEST_BID,"JPM,98289,286"
2019-06-28 12:34:10.000000000,BEST_ASK,"JPM,98629,285"
2019-06-28 12:34:14.954291863,QUERY_SPREAD,32
2019-06-28 12:34:14.954291863,BEST_BID,"JPM,98289,286"
2019-06-28 12:34:14.954291863,BEST_ASK,"JPM,98629,285"
2019-06-28 12:34:16.001939759,QUERY_SPREAD,44
2019-06-28 12:34:16.001939759,BEST_BID,"JPM,98289,286"
2019-06-28 12:34:16.001939759,BEST_ASK,"JPM,98629,185"
2019-06-28 12:34:16.001939759,LAST_TRADE,"100,$98629.0000"
2019-06-28 12:34:20.000000000,QUERY_SPREAD,1
2019-06-28 12:34:20.000000000,BEST_BID,"JPM,98289,174"
2019-06-28 12:34:20.000000000,BEST_ASK,"JPM,98677,100"
2019-06-28 12:34:20.000000000,BEST_BID,"JPM,98289,174"
2019-06-28 12:34:20.000000000,BEST_ASK,"JPM,98677,100"
2019-06-28 12:34:20.000000000,BEST_BID,"JPM,98289,174"
2019-06-28 12:34:20.000000000,BEST_ASK,"JPM,98677,100"
2019-06-28 12:34:20.000000000,BEST_BID,"JPM,98289,174"
2019-06-28 12:34:20.000000000,BEST_ASK,"JPM,98677,174"
2019-06-28 12:34:20.000000000,BEST_BID,"JPM,98289,174"
2019-06-28 12:34:20.000000000,BEST_ASK,"JPM,98677,174"
2019-06-28 12:34:20.000000000,BEST_BID,"JPM,98289,174"
2019-06-28 12:34:20.000000000,BEST_ASK,"JPM,98677,174"
2019-06-28 12:34:20.000000000,BEST_BID,"JPM,98289,174"
2019-06-28 12:34:20.000000000,BEST_ASK,"JPM,98677,174"
2019-06-28 12:34:20.000000000,BEST_BID,"JPM,98289,174"
2019-06-28 12:34:20.000000000,BEST_ASK,"JPM,98677,174"
2019-06-28 12:34:24.270801305,QUERY_SPREAD,30
2019-06-28 12:34:24.270801305,BEST_BID,"JPM,98289,174"
2019-06-28 12:34:24.270801305,BEST_ASK,"JPM,98677,174"
2019-06-28 12:34:30.000000000,QUERY_SPREAD,1
2019-06-28 12:34:30.000000000,BEST_BID,"JPM,98289,471"
2019-06-28 12:34:30.000000000,BEST_ASK,"JPM,98677,100"
2019-06-28 12:34:30.000000000,BEST_BID,"JPM,98289,471"
2019-06-28 12:34:30.000000000,BEST_ASK,"JPM,98677,471"
2019-06-28 12:34:31.679274103,QUERY_ORDER_STREAM,76
2019-06-28 12:34:31.679274103,QUERY_SPREAD,76
2019-06-28 12:34:39.823924623,QUERY_ORDER_STREAM,61
2019-06-28 12:34:39.823924623,QUERY_SPREAD,61
2019-06-28 12:34:40.000000000,QUERY_SPREAD,1
2019-06-28 12:34:40.000000000,BEST_BID,"JPM,98289,193"
2019-06-28 12:34:40.000000000,BEST_ASK,"JPM,98677,100"
2019-06-28 12:34:40.000000000,BEST_BID,"JPM,98289,193"
2019-06-28 12:34:40.000000000,BEST_ASK,"JPM,98677,100"
2019-06-28 12:34:40.000000000,BEST_BID,"JPM,98289,193"
2019-06-28 12:34:40.000000000,BEST_ASK,"JPM,98677,100"
2019-06-28 12:34:40.000000000,BEST_BID,"JPM,98289,193"
2019-06-28 12:34:40.000000000,BEST_ASK,"JPM,98677,193"
2019-06-28 12:34:40.000000000,BEST_BID,"JPM,98289,193"
2019-06-28 12:34:40.000000000,BEST_ASK,"JPM,98677,193"
2019-06-28 12:34:40.000000000,BEST_BID,"JPM,98289,193"
2019-06-28 12:34:40.000000000,BEST_ASK,"JPM,98677,193"
2019-06-28 12:34:40.000000000,BEST_BID,"JPM,98289,193"
2019-06-28 12:34:40.000000000,BEST_ASK,"JPM,98677,193"
2019-06-28 12:34:50.000000000,QUERY_SPREAD,1
2019-06-28 12:34:50.000000000,BEST_BID,"JPM,98289,193"
2019-06-28 12:34:50.000000000,BEST_ASK,"JPM,98677,100"
2019-06-28 12:34:50.000000000,BEST_BID,"JPM,98289,193"
2019-06-28 12:34:50.000000000,BEST_ASK,"JPM,98677,100"
2019-06-28 12:34:50.000000000,BEST_BID,"JPM,98289,193"
2019-06-28 12:34:50.000000000,BEST_ASK,"JPM,98677,100"
2019-06-28 12:34:50.000000000,BEST_BID,"JPM,98289,193"
2019-06-28 12:34:50.000000000,BEST_ASK,"JPM,98677,193"
2019-06-28 12:34:50.000000000,BEST_BID,"JPM,98289,193"
2019-06-28 12:34:50.000000000,BEST_ASK,"JPM,98677,193"
2019-06-28 12:34:50.000000000,BEST_BID,"JPM,98289,193"
2019-06-28 12:34:50.000000000,BEST_ASK,"JPM,98677,193"
2019-06-28 12:34:50.000000000,BEST_BID,"JPM,98289,193"
2019-06-28 12:34:50.000000000,BEST_ASK,"JPM,98677,193"
2019-06-28 12:34:54.301842164,QUERY_ORDER_STREAM,68
2019-06-28 12:34:54.301842164,QUERY_SPREAD,68
2019-06-28 12:35:00.000000000,QUERY_SPREAD,1
2019-06-28 12:35:00.000000000,BEST_BID,"JPM,98289,471"
2019-06-28 12:35:00.000000000,BEST_ASK,"JPM,98677,100"
2019-06-28 12:35:00.000000000,BEST_BID,"JPM,98289,471"
2019-06-28 12:35:00.000000000,BEST_ASK,"JPM,98677,471"
2019-06-28 12:35:00.000000000,QUERY_SPREAD,77
2019-06-28 12:35:00.000000000,BEST_BID,"JPM,98289,466"
2019-06-28 12:35:00.000000000,BEST_ASK,"JPM,98677,471"
2019-06-28 12:35:00.000000000,LAST_TRADE,"5,$98289.0000"
2019-06-28 12:35:00.000000000,QUERY_SPREAD,78
2019-06-28 12:35:00.000000000,BEST_BID,"JPM,98289,458"
2019-06-28 12:35:00.000000000,BEST_ASK,"JPM,98677,471"
2019-06-28 12:35:00.000000000,LAST_TRADE,"8,$98289.0000"
2019-06-28 12:35:00.000000000,QUERY_SPREAD,79
2019-06-28 12:35:00.000000000,BEST_BID,"JPM,98289,453"
2019-06-28 12:35:00.000000000,BEST_ASK,"JPM,98677,471"
2019-06-28 12:35:00.000000000,LAST_TRADE,"5,$98289.0000"
2019-06-28 12:35:00.000000000,QUERY_SPREAD,80
2019-06-28 12:35:00.000000000,BEST_BID,"JPM,98289,445"
2019-06-28 12:35:00.000000000,BEST_ASK,"JPM,98677,471"
2019-06-28 12:35:00.000000000,LAST_TRADE,"8,$98289.0000"
2019-06-28 12:35:00.000000000,QUERY_SPREAD,81
2019-06-28 12:35:00.000000000,BEST_BID,"JPM,98289,436"
2019-06-28 12:35:00.000000000,BEST_ASK,"JPM,98677,471"
2019-06-28 12:35:00.000000000,LAST_TRADE,"9,$98289.0000"
2019-06-28 12:35:00.000000000,QUERY_SPREAD,82
2019-06-28 12:35:00.000000000,BEST_BID,"JPM,98289,433"
2019-06-28 12:35:00.000000000,BEST_ASK,"JPM,98677,471"
2019-06-28 12:35:00.000000000,LAST_TRADE,"3,$98289.0000"
2019-06-28 12:35:00.000000000,QUERY_SPREAD,83
2019-06-28 12:35:00.000000000,BEST_BID,"JPM,98289,425"
2019-06-28 12:35:00.000000000,BEST_ASK,"JPM,98677,471"
2019-06-28 12:35:00.000000000,LAST_TRADE,"8,$98289.0000"
2019-06-28 12:35:00.000000000,QUERY_SPREAD,84
2019-06-28 12:35:00.000000000,BEST_BID,"JPM,98289,421"
2019-06-28 12:35:00.000000000,BEST_ASK,"JPM,98677,471"
2019-06-28 12:35:00.000000000,LAST_TRADE,"4,$98289.0000"
2019-06-28 12:35:00.000000000,QUERY_SPREAD,85
2019-06-28 12:35:00.000000000,BEST_BID,"JPM,98289,416"
2019-06-28 12:35:00.000000000,BEST_ASK,"JPM,98677,471"
2019-06-28 12:35:00.000000000,LAST_TRADE,"5,$98289.0000"
2019-06-28 12:35:00.000000000,QUERY_SPREAD,86
2019-06-28 12:35:00.000000000,BEST_BID,"JPM,98289,414"
2019-06-28 12:35:00.000000000,BEST_ASK,"JPM,98677,471"
2019-06-28 12:35:00.000000000,LAST_TRADE,"2,$98289.0000"
2019-06-28 12:35:00.000000000,QUERY_SPREAD,87
2019-06-28 12:35:00.000000000,BEST_BID,"JPM,98289,407"
2019-06-28 12:35:00.000000000,BEST_ASK,"JPM,98677,471"
2019-06-28 12:35:00.000000000,LAST_TRADE,"7,$98289.0000"
2019-06-28 12:35:00.000000000,QUERY_SPREAD,88
2019-06-28 12:35:00.000000000,BEST_BID,"JPM,98289,399"
2019-06-28 12:35:00.000000000,BEST_ASK,"JPM,98677,471"
2019-06-28 12:35:00.000000000,LAST_TRADE,"8,$98289.0000"
2019-06-28 12:35:00.000000000,QUERY_SPREAD,89
2019-06-28 12:35:00.000000000,BEST_BID,"JPM,98289,394"
2019-06-28 12:35:00.000000000,BEST_ASK,"JPM,98677,471"
2019-06-28 12:35:00.000000000,LAST_TRADE,"5,$98289.0000"
2019-06-28 12:35:00.000000000,QUERY_SPREAD,90
2019-06-28 12:35:00.000000000,BEST_BID,"JPM,98289,390"
2019-06-28 12:35:00.000000000,BEST_ASK,"JPM,98677,471"
2019-06-28 12:35:00.000000000,LAST_TRADE,"4,$98289.0000"
2019-06-28 12:35:00.000000000,QUERY_SPREAD,91
2019-06-28 12:35:00.000000000,BEST_BID,"JPM,98289,387"
2019-06-28 12:35:00.000000000,BEST_ASK,"JPM,98677,471"
2019-06-28 12:35:00.000000000,LAST_TRADE,"3,$98289.0000"
2019-06-28 12:35:00.000000000,QUERY_SPREAD,92
2019-06-28 12:35:00.000000000,BEST_BID,"JPM,98289,382"
2019-06-28 12:35:00.000000000,BEST_ASK,"JPM,98677,471"
2019-06-28 12:35:00.000000000,LAST_TRADE,"5,$98289.0000"
2019-06-28 12:35:00.000000000,QUERY_SPREAD,93
2019-06-28 12:35:00.000000000,BEST_BID,"JPM,98289,375"
2019-06-28 12:35:00.000000000,BEST_ASK,"JPM,98677,471"
2019-06-28 12:35:00.000000000,LAST_TRADE,"7,$98289.0000"
2019-06-28 12:35:00.000000000,QUERY_SPREAD,94
2019-06-28 12:35:00.000000000,BEST_BID,"JPM,98289,374"
2019-06-28 12:35:00.000000000,BEST_ASK,"JPM,98677,471"
2019-06-28 12:35:00.000000000,LAST_TRADE,"1,$98289.0000"
2019-06-28 12:35:00.000000000,QUERY_SPREAD,95
2019-06-28 12:35:00.000000000,BEST_BID,"JPM,98289,373"
2019-06-28 12:35:00.000000000,BEST_ASK,"JPM,98677,471"
2019-06-28 12:35:00.000000000,LAST_TRADE,"1,$98289.0000"
2019-06-28 12:35:00.000000000,QUERY_SPREAD,96
2019-06-28 12:35:00.000000000,BEST_BID,"JPM,98289,369"
2019-06-28 12:35:00.000000000,BEST_ASK,"JPM,98677,471"
2019-06-28 12:35:00.000000000,LAST_TRADE,"4,$98289.0000"
2019-06-28 12:35:00.000000000,QUERY_SPREAD,97
2019-06-28 12:35:00.000000000,BEST_BID,"JPM,98289,366"
2019-06-28 12:35:00.000000000,BEST_ASK,"JPM,98677,471"
2019-06-28 12:35:00.000000000,LAST_TRADE,"3,$98289.0000"
2019-06-28 12:35:00.000000000,QUERY_SPREAD,98
2019-06-28 12:35:00.000000000,BEST_BID,"JPM,98289,361"
2019-06-28 12:35:00.000000000,BEST_ASK,"JPM,98677,471"
2019-06-28 12:35:00.000000000,LAST_TRADE,"5,$98289.0000"
2019-06-28 12:35:00.000000000,QUERY_SPREAD,99
2019-06-28 12:35:00.000000000,BEST_BID,"JPM,98289,357"
2019-06-28 12:35:00.000000000,BEST_ASK,"JPM,98677,471"
2019-06-28 12:35:00.000000000,LAST_TRADE,"4,$98289.0000"
2019-06-28 12:35:00.000000000,QUERY_SPREAD,100
2019-06-28 12:35:00.000000000,BEST_BID,"JPM,98289,352"
2019-06-28 12:35:00.000000000,BEST_ASK,"JPM,98677,471"
2019-06-28 12:35:00.000000000,LAST_TRADE,"5,$98289.0000"
2019-06-28 12:35:00.000000000,QUERY_SPREAD,101
2019-06-28 12:35:00.000000000,BEST_BID,"JPM,98289,352"
2019-06-28 12:35:00.000000000,BEST_ASK,"JPM,98677,470"
2019-06-28 12:35:00.000000000,LAST_TRADE,"1,$98677.0000"
2019-06-28 12:35:10.000000000,QUERY_SPREAD,1
2019-06-28 12:35:10.000000000,BEST_BID,"JPM,98110,286"
2019-06-28 12:35:10.000000000,BEST_ASK,"JPM,98677,99"
2019-06-28 12:35:10.000000000,BEST_BID,"JPM,98110,286"
2019-06-28 12:35:10.000000000,BEST_ASK,"JPM,98677,99"
2019-06-28 12:35:10.000000000,BEST_BID,"JPM,98110,286"
2019-06-28 12:35:10.000000000,BEST_ASK,"JPM,98677,285"
2019-06-28 12:35:10.000000000,BEST_BID,"JPM,98110,286"
2019-06-28 12:35:10.000000000,BEST_ASK,"JPM,98677,285"
2019-06-28 12:35:15.427489853,QUERY_SPREAD,44
2019-06-28 12:35:15.427489853,BEST_BID,"JPM,98110,286"
2019-06-28 12:35:15.427489853,BEST_ASK,"JPM,98677,285"
2019-06-28 12:35:20.000000000,QUERY_SPREAD,1
2019-06-28 12:35:20.000000000,BEST_BID,"JPM,98110,174"
2019-06-28 12:35:20.000000000,BEST_ASK,"JPM,98677,99"
2019-06-28 12:35:20.000000000,BEST_BID,"JPM,98110,174"
2019-06-28 12:35:20.000000000,BEST_ASK,"JPM,98677,99"
2019-06-28 12:35:20.000000000,BEST_BID,"JPM,98110,174"
2019-06-28 12:35:20.000000000,BEST_ASK,"JPM,98677,173"
2019-06-28 12:35:20.000000000,BEST_BID,"JPM,98110,174"
2019-06-28 12:35:20.000000000,BEST_ASK,"JPM,98677,173"
2019-06-28 12:35:20.000000000,BEST_BID,"JPM,98110,174"
2019-06-28 12:35:20.000000000,BEST_ASK,"JPM,98677,173"
2019-06-28 12:35:20.000000000,BEST_BID,"JPM,98110,174"
2019-06-28 12:35:20.000000000,BEST_ASK,"JPM,98677,173"
2019-06-28 12:35:20.000000000,BEST_BID,"JPM,98110,174"
2019-06-28 12:35:20.000000000,BEST_ASK,"JPM,98677,173"
2019-06-28 12:35:30.000000000,QUERY_SPREAD,1
2019-06-28 12:35:30.000000000,BEST_BID,"JPM,98110,226"
2019-06-28 12:35:30.000000000,BEST_ASK,"JPM,98677,99"
2019-06-28 12:35:30.000000000,BEST_BID,"JPM,98110,226"
2019-06-28 12:35:30.000000000,BEST_ASK,"JPM,98677,99"
2019-06-28 12:35:30.000000000,BEST_BID,"JPM,98110,226"
2019-06-28 12:35:30.000000000,BEST_ASK,"JPM,98677,225"
2019-06-28 12:35:30.000000000,BEST_BID,"JPM,98110,226"
2019-06-28 12:35:30.000000000,BEST_ASK,"JPM,98677,225"
2019-06-28 12:35:30.000000000,BEST_BID,"JPM,98110,226"
2019-06-28 12:35:30.000000000,BEST_ASK,"JPM,98677,225"
2019-06-28 12:35:40.000000000,QUERY_SPREAD,1
2019-06-28 12:35:40.000000000,BEST_BID,"JPM,98110,174"
2019-06-28 12:35:40.000000000,BEST_ASK,"JPM,98677,99"
2019-06-28 12:35:40.000000000,BEST_BID,"JPM,98110,174"
2019-06-28 12:35:40.000000000,BEST_ASK,"JPM,98677,99"
2019-06-28 12:35:40.000000000,BEST_BID,"JPM,98110,174"
2019-06-28 12:35:40.000000000,BEST_ASK,"JPM,98677,173"
2019-06-28 12:35:40.000000000,BEST_BID,"JPM,98110,174"
2019-06-28 12:35:40.000000000,BEST_ASK,"JPM,98677,173"
2019-06-28 12:35:40.000000000,BEST_BID,"JPM,98110,174"
2019-06-28 12:35:40.000000000,BEST_ASK,"JPM,98677,173"
2019-06-28 12:35:40.000000000,BEST_BID,"JPM,98110,174"
2019-06-28 12:35:40.000000000,BEST_ASK,"JPM,98677,173"
2019-06-28 12:35:40.000000000,BEST_BID,"JPM,98110,174"
2019-06-28 12:35:40.000000000,BEST_ASK,"JPM,98677,173"
2019-06-28 12:35:50.000000000,QUERY_SPREAD,1
2019-06-28 12:35:50.000000000,BEST_BID,"JPM,98110,193"
2019-06-28 12:35:50.000000000,BEST_ASK,"JPM,98677,99"
2019-06-28 12:35:50.000000000,BEST_BID,"JPM,98110,193"
2019-06-28 12:35:50.000000000,BEST_ASK,"JPM,98677,99"
2019-06-28 12:35:50.000000000,BEST_BID,"JPM,98110,193"
2019-06-28 12:35:50.000000000,BEST_ASK,"JPM,98677,192"
2019-06-28 12:35:50.000000000,BEST_BID,"JPM,98110,193"
2019-06-28 12:35:50.000000000,BEST_ASK,"JPM,98677,192"
2019-06-28 12:35:50.000000000,BEST_BID,"JPM,98110,193"
2019-06-28 12:35:50.000000000,BEST_ASK,"JPM,98677,192"
2019-06-28 12:35:50.000000000,BEST_BID,"JPM,98110,193"
2019-06-28 12:35:50.000000000,BEST_ASK,"JPM,98677,192"
2019-06-28 12:35:53.797702470,QUERY_SPREAD,46
2019-06-28 12:35:53.797702470,BEST_BID,"JPM,98110,193"
2019-06-28 12:35:53.797702470,BEST_ASK,"JPM,98677,192"
2019-06-28 12:35:54.283817689,QUERY_ORDER_STREAM,61
2019-06-28 12:35:54.283817689,QUERY_SPREAD,61
2019-06-28 12:36:00.000000000,QUERY_SPREAD,1
2019-06-28 12:36:00.000000000,BEST_BID,"JPM,98110,193"
2019-06-28 12:36:00.000000000,BEST_ASK,"JPM,98677,99"
2019-06-28 12:36:00.000000000,BEST_BID,"JPM,98110,193"
2019-06-28 12:36:00.000000000,BEST_ASK,"JPM,98677,99"
2019-06-28 12:36:00.000000000,BEST_BID,"JPM,98110,193"
2019-06-28 12:36:00.000000000,BEST_ASK,"JPM,98677,192"
2019-06-28 12:36:00.000000000,BEST_BID,"JPM,98110,193"
2019-06-28 12:36:00.000000000,BEST_ASK,"JPM,98677,192"
2019-06-28 12:36:00.000000000,BEST_BID,"JPM,98110,193"
2019-06-28 12:36:00.000000000,BEST_ASK,"JPM,98677,192"
2019-06-28 12:36:00.000000000,BEST_BID,"JPM,98110,193"
2019-06-28 12:36:00.000000000,BEST_ASK,"JPM,98677,192"
2019-06-28 12:36:00.000000000,QUERY_SPREAD,77
2019-06-28 12:36:00.000000000,BEST_BID,"JPM,98110,188"
2019-06-28 12:36:00.000000000,BEST_ASK,"JPM,98677,192"
2019-06-28 12:36:00.000000000,LAST_TRADE,"5,$98110.0000"
2019-06-28 12:36:00.000000000,QUERY_SPREAD,78
2019-06-28 12:36:00.000000000,BEST_BID,"JPM,98110,180"
2019-06-28 12:36:00.000000000,BEST_ASK,"JPM,98677,192"
2019-06-28 12:36:00.000000000,LAST_TRADE,"8,$98110.0000"
2019-06-28 12:36:00.000000000,QUERY_SPREAD,79
2019-06-28 12:36:00.000000000,BEST_BID,"JPM,98110,175"
2019-06-28 12:36:00.000000000,BEST_ASK,"JPM,98677,192"
2019-06-28 12:36:00.000000000,LAST_TRADE,"5,$98110.0000"
2019-06-28 12:36:00.000000000,QUERY_SPREAD,80
2019-06-28 12:36:00.000000000,BEST_BID,"JPM,98110,167"
2019-06-28 12:36:00.000000000,BEST_ASK,"JPM,98677,192"
2019-06-28 12:36:00.000000000,LAST_TRADE,"8,$98110.0000"
2019-06-28 12:36:00.000000000,QUERY_SPREAD,81
2019-06-28 12:36:00.000000000,BEST_BID,"JPM,98110,158"
2019-06-28 12:36:00.000000000,BEST_ASK,"JPM,98677,192"
2019-06-28 12:36:00.000000000,LAST_TRADE,"9,$98110.0000"
2019-06-28 12:36:00.000000000,QUERY_SPREAD,82
2019-06-28 12:36:00.000000000,BEST_BID,"JPM,98110,155"
2019-06-28 12:36:00.000000000,BEST_ASK,"JPM,98677,192"
2019-06-28 12:36:00.000000000,LAST_TRADE,"3,$98110.0000"
2019-06-28 12:36:00.000000000,QUERY_SPREAD,83
2019-06-28 12:36:00.000000000,BEST_BID,"JPM,98110,147"
2019-06-28 12:36:00.000000000,BEST_ASK,"JPM,98677,192"
2019-06-28 12:36:00.000000000,LAST_TRADE,"8,$98110.0000"
2019-06-28 12:36:00.000000000,QUERY_SPREAD,84
2019-06-28 12:36:00.000000000,BEST_BID,"JPM,98110,143"
2019-06-28 12:36:00.000000000,BEST_ASK,"JPM,98677,192"
2019-06-28 12:36:00.000000000,LAST_TRADE,"4,$98110.0000"
2019-06-28 12:36:00.000000000,QUERY_SPREAD,85
2019-06-28 12:36:00.000000000,BEST_BID,"JPM,98110,138"
2019-06-28 12:36:00.000000000,BEST_ASK,"JPM,98677,192"
2019-06-28 12:36:00.000000000,LAST_TRADE,"5,$98110.0000"
2019-06-28 12:36:00.000000000,QUERY_SPREAD,86
2019-06-28 12:36:00.000000000,BEST_BID,"JPM,98110,136"
2019-06-28 12:36:00.000000000,BEST_ASK,"JPM,98677,192"
2019-06-28 12:36:00.000000000,LAST_TRADE,"2,$98110.0000"
2019-06-28 12:36:00.000000000,QUERY_SPREAD,87
2019-06-28 12:36:00.000000000,BEST_BID,"JPM,98110,129"
2019-06-28 12:36:00.000000000,BEST_ASK,"JPM,98677,192"
2019-06-28 12:36:00.000000000,LAST_TRADE,"7,$98110.0000"
2019-06-28 12:36:00.000000000,QUERY_SPREAD,88
2019-06-28 12:36:00.000000000,BEST_BID,"JPM,98110,121"
2019-06-28 12:36:00.000000000,BEST_ASK,"JPM,98677,192"
2019-06-28 12:36:00.000000000,LAST_TRADE,"8,$98110.0000"
2019-06-28 12:36:00.000000000,QUERY_SPREAD,89
2019-06-28 12:36:00.000000000,BEST_BID,"JPM,98110,116"
2019-06-28 12:36:00.000000000,BEST_ASK,"JPM,98677,192"
2019-06-28 12:36:00.000000000,LAST_TRADE,"5,$98110.0000"
2019-06-28 12:36:00.000000000,QUERY_SPREAD,90
2019-06-28 12:36:00.000000000,BEST_BID,"JPM,98110,112"
2019-06-28 12:36:00.000000000,BEST_ASK,"JPM,98677,192"
2019-06-28 12:36:00.000000000,LAST_TRADE,"4,$98110.0000"
2019-06-28 12:36:00.000000000,QUERY_SPREAD,91
2019-06-28 12:36:00.000000000,BEST_BID,"JPM,98110,109"
2019-06-28 12:36:00.000000000,BEST_ASK,"JPM,98677,192"
2019-06-28 12:36:00.000000000,LAST_TRADE,"3,$98110.0000"
2019-06-28 12:36:00.000000000,QUERY_SPREAD,92
2019-06-28 12:36:00.000000000,BEST_BID,"JPM,98110,104"
2019-06-28 12:36:00.000000000,BEST_ASK,"JPM,98677,192"
2019-06-28 12:36:00.000000000,LAST_TRADE,"5,$98110.0000"
2019-06-28 12:36:00.000000000,QUERY_SPREAD,93
2019-06-28 12:36:00.000000000,BEST_BID,"JPM,98110,97"
2019-06-28 12:36:00.000000000,BEST_ASK,"JPM,98677,192"
2019-06-28 12:36:00.000000000,LAST_TRADE,"7,$98110.0000"
2019-06-28 12:36:00.000000000,QUERY_SPREAD,94
2019-06-28 12:36:00.000000000,BEST_BID,"JPM,98110,96"
2019-06-28 12:36:00.000000000,BEST_ASK,"JPM,98677,192"
2019-06-28 12:36:00.000000000,LAST_TRADE,"1,$98110.0000"
2019-06-28 12:36:00.000000000,QUERY_SPREAD,95
2019-06-28 12:36:00.000000000,BEST_BID,"JPM,98110,95"
2019-06-28 12:36:00.000000000,BEST_ASK,"JPM,98677,192"
2019-06-28 12:36:00.000000000,LAST_TRADE,"1,$98110.0000"
2019-06-28 12:36:00.000000000,QUERY_SPREAD,96
2019-06-28 12:36:00.000000000,BEST_BID,"JPM,98110,91"
2019-06-28 12:36:00.000000000,BEST_ASK,"JPM,98677,192"
2019-06-28 12:36:00.000000000,LAST_TRADE,"4,$98110.0000"
2019-06-28 12:36:00.000000000,QUERY_SPREAD,97
2019-06-28 12:36:00.000000000,BEST_BID,"JPM,98110,88"
2019-06-28 12:36:00.000000000,BEST_ASK,"JPM,98677,192"
2019-06-28 12:36:00.000000000,LAST_TRADE,"3,$98110.0000"
2019-06-28 12:36:00.000000000,QUERY_SPREAD,98
2019-06-28 12:36:00.000000000,BEST_BID,"JPM,98110,83"
2019-06-28 12:36:00.000000000,BEST_ASK,"JPM,98677,192"
2019-06-28 12:36:00.000000000,LAST_TRADE,"5,$98110.0000"
2019-06-28 12:36:00.000000000,QUERY_SPREAD,99
2019-06-28 12:36:00.000000000,BEST_BID,"JPM,98110,79"
2019-06-28 12:36:00.000000000,BEST_ASK,"JPM,98677,192"
2019-06-28 12:36:00.000000000,LAST_TRADE,"4,$98110.0000"
2019-06-28 12:36:00.000000000,QUERY_SPREAD,100
2019-06-28 12:36:00.000000000,BEST_BID,"JPM,98110,74"
2019-06-28 12:36:00.000000000,BEST_ASK,"JPM,98677,192"
2019-06-28 12:36:00.000000000,LAST_TRADE,"5,$98110.0000"
2019-06-28 12:36:00.000000000,QUERY_SPREAD,101
2019-06-28 12:36:00.000000000,BEST_BID,"JPM,98110,74"
2019-06-28 12:36:00.000000000,BEST_ASK,"JPM,98677,191"
2019-06-28 12:36:00.000000000,LAST_TRADE,"1,$98677.0000"
2019-06-28 12:36:00.908915914,QUERY_ORDER_STREAM,66
2019-06-28 12:36:00.908915914,QUERY_SPREAD,66
2019-06-28 12:36:00.908915914,BEST_BID,"JPM,98110,174"
2019-06-28 12:36:00.908915914,BEST_ASK,"JPM,98677,191"
2019-06-28 12:36:04.204849312,QUERY_SPREAD,29
2019-06-28 12:36:04.204849312,BEST_BID,"JPM,98110,174"
2019-06-28 12:36:04.204849312,BEST_ASK,"JPM,98677,91"
2019-06-28 12:36:04.204849312,LAST_TRADE,"100,$98677.0000"
2019-06-28 12:36:05.843817241,QUERY_SPREAD,36
2019-06-28 12:36:05.843817241,BEST_BID,"JPM,98110,174"
2019-06-28 12:36:05.843817241,BEST_ASK,"JPM,98677,91"
2019-06-28 12:36:10.000000000,QUERY_SPREAD,1
2019-06-28 12:36:10.000000000,BEST_BID,"JPM,98110,471"
2019-06-28 12:36:10.000000000,BEST_ASK,"JPM,99046,100"
2019-06-28 12:36:10.000000000,BEST_BID,"JPM,98110,471"
2019-06-28 12:36:10.000000000,BEST_ASK,"JPM,99046,471"
2019-06-28 12:36:17.290847007,QUERY_SPREAD,47
2019-06-28 12:36:17.290847007,BEST_BID,"JPM,98110,471"
2019-06-28 12:36:17.290847007,BEST_ASK,"JPM,99046,471"
2019-06-28 12:36:20.000000000,QUERY_SPREAD,1
2019-06-28 12:36:20.000000000,BEST_BID,"JPM,98110,226"
2019-06-28 12:36:20.000000000,BEST_ASK,"JPM,99046,100"
2019-06-28 12:36:20.000000000,BEST_BID,"JPM,98110,226"
2019-06-28 12:36:20.000000000,BEST_ASK,"JPM,99046,100"
2019-06-28 12:36:20.000000000,BEST_BID,"JPM,98110,226"
2019-06-28 12:36:20.000000000,BEST_ASK,"JPM,99046,226"
2019-06-28 12:36:20.000000000,BEST_BID,"JPM,98110,226"
2019-06-28 12:36:20.000000000,BEST_ASK,"JPM,99046,226"
2019-06-28 12:36:20.000000000,BEST_BID,"JPM,98110,226"
2019-06-28 12:36:20.000000000,BEST_ASK,"JPM,99046,226"
2019-06-28 12:36:26.415559562,QUERY_SPREAD,45
2019-06-28 12:36:26.415559562,BEST_BID,"JPM,98110,226"
2019-06-28 12:36:26.415559562,BEST_ASK,"JPM,99046,126"
2019-06-28 12:36:26.415559562,LAST_TRADE,"100,$99046.0000"
2019-06-28 12:36:30.000000000,QUERY_SPREAD,1
2019-06-28 12:36:30.000000000,BEST_BID,"JPM,98110,471"
2019-06-28 12:36:30.000000000,BEST_ASK,"JPM,99514,100"
2019-06-28 12:36:30.000000000,BEST_BID,"JPM,98110,471"
2019-06-28 12:36:30.000000000,BEST_ASK,"JPM,99514,471"
2019-06-28 12:36:40.000000000,QUERY_SPREAD,1
2019-06-28 12:36:40.000000000,BEST_BID,"JPM,98110,226"
2019-06-28 12:36:40.000000000,BEST_ASK,"JPM,99514,100"
2019-06-28 12:36:40.000000000,BEST_BID,"JPM,98110,226"
2019-06-28 12:36:40.000000000,BEST_ASK,"JPM,99514,100"
2019-06-28 12:36:40.000000000,BEST_BID,"JPM,98110,226"
2019-06-28 12:36:40.000000000,BEST_ASK,"JPM,99514,226"
2019-06-28 12:36:40.000000000,BEST_BID,"JPM,98110,226"
2019-06-28 12:36:40.000000000,BEST_ASK,"JPM,99514,226"
2019-06-28 12:36:40.000000000,BEST_BID,"JPM,98110,226"
2019-06-28 12:36:40.000000000,BEST_ASK,"JPM,99514,226"
2019-06-28 12:36:40.430850222,QUERY_SPREAD,49
2019-06-28 12:36:40.430850222,BEST_BID,"JPM,98110,226"
2019-06-28 12:36:40.430850222,BEST_ASK,"JPM,99514,126"
2019-06-28 12:36:40.430850222,LAST_TRADE,"100,$99514.0000"
2019-06-28 12:36:50.000000000,QUERY_SPREAD,1
2019-06-28 12:36:50.000000000,BEST_BID,"JPM,98110,193"
2019-06-28 12:36:50.000000000,BEST_ASK,"JPM,99540,99"
2019-06-28 12:36:50.000000000,BEST_BID,"JPM,98110,193"
2019-06-28 12:36:50.000000000,BEST_ASK,"JPM,99540,99"
2019-06-28 12:36:50.000000000,BEST_BID,"JPM,98110,193"
2019-06-28 12:36:50.000000000,BEST_ASK,"JPM,99540,192"
2019-06-28 12:36:50.000000000,BEST_BID,"JPM,98110,193"
2019-06-28 12:36:50.000000000,BEST_ASK,"JPM,99540,192"
2019-06-28 12:36:50.000000000,BEST_BID,"JPM,98110,193"
2019-06-28 12:36:50.000000000,BEST_ASK,"JPM,99540,192"
2019-06-28 12:36:50.000000000,BEST_BID,"JPM,98110,193"
2019-06-28 12:36:50.000000000,BEST_ASK,"JPM,99540,192"
2019-06-28 12:37:00.000000000,QUERY_SPREAD,1
2019-06-28 12:37:00.000000000,BEST_BID,"JPM,98110,193"
2019-06-28 12:37:00.000000000,BEST_ASK,"JPM,99540,99"
2019-06-28 12:37:00.000000000,BEST_BID,"JPM,98110,193"
2019-06-28 12:37:00.000000000,BEST_ASK,"JPM,99540,99"
2019-06-28 12:37:00.000000000,BEST_BID,"JPM,98110,193"
2019-06-28 12:37:00.000000000,BEST_ASK,"JPM,99540,192"
2019-06-28 12:37:00.000000000,BEST_BID,"JPM,98110,193"
2019-06-28 12:37:00.000000000,BEST_ASK,"JPM,99540,192"
2019-06-28 12:37:00.000000000,BEST_BID,"JPM,98110,193"
2019-06-28 12:37:00.000000000,BEST_ASK,"JPM,99540,192"
2019-06-28 12:37:00.000000000,BEST_BID,"JPM,98110,193"
2019-06-28 12:37:00.000000000,BEST_ASK,"JPM,99540,192"
2019-06-28 12:37:00.000000000,QUERY_SPREAD,77
2019-06-28 12:37:00.000000000,BEST_BID,"JPM,98110,188"
2019-06-28 12:37:00.000000000,BEST_ASK,"JPM,99540,192"
2019-06-28 12:37:00.000000000,LAST_TRADE,"5,$98110.0000"
2019-06-28 12:37:00.000000000,QUERY_SPREAD,78
2019-06-28 12:37:00.000000000,BEST_BID,"JPM,98110,180"
2019-06-28 12:37:00.000000000,BEST_ASK,"JPM,99540,192"
2019-06-28 12:37:00.000000000,LAST_TRADE,"8,$98110.0000"
2019-06-28 12:37:00.000000000,QUERY_SPREAD,79
2019-06-28 12:37:00.000000000,BEST_BID,"JPM,98110,175"
2019-06-28 12:37:00.000000000,BEST_ASK,"JPM,99540,192"
2019-06-28 12:37:00.000000000,LAST_TRADE,"5,$98110.0000"
2019-06-28 12:37:00.000000000,QUERY_SPREAD,80
2019-06-28 12:37:00.000000000,BEST_BID,"JPM,98110,167"
2019-06-28 12:37:00.000000000,BEST_ASK,"JPM,99540,192"
2019-06-28 12:37:00.000000000,LAST_TRADE,"8,$98110.0000"
2019-06-28 12:37:00.000000000,QUERY_SPREAD,81
2019-06-28 12:37:00.000000000,BEST_BID,"JPM,98110,158"
2019-06-28 12:37:00.000000000,BEST_ASK,"JPM,99540,192"
2019-06-28 12:37:00.000000000,LAST_TRADE,"9,$98110.0000"
2019-06-28 12:37:00.000000000,QUERY_SPREAD,82
2019-06-28 12:37:00.000000000,BEST_BID,"JPM,98110,155"
2019-06-28 12:37:00.000000000,BEST_ASK,"JPM,99540,192"
2019-06-28 12:37:00.000000000,LAST_TRADE,"3,$98110.0000"
2019-06-28 12:37:00.000000000,QUERY_SPREAD,83
2019-06-28 12:37:00.000000000,BEST_BID,"JPM,98110,147"
2019-06-28 12:37:00.000000000,BEST_ASK,"JPM,99540,192"
2019-06-28 12:37:00.000000000,LAST_TRADE,"8,$98110.0000"
2019-06-28 12:37:00.000000000,QUERY_SPREAD,84
2019-06-28 12:37:00.000000000,BEST_BID,"JPM,98110,143"
2019-06-28 12:37:00.000000000,BEST_ASK,"JPM,99540,192"
2019-06-28 12:37:00.000000000,LAST_TRADE,"4,$98110.0000"
2019-06-28 12:37:00.000000000,QUERY_SPREAD,85
2019-06-28 12:37:00.000000000,BEST_BID,"JPM,98110,138"
2019-06-28 12:37:00.000000000,BEST_ASK,"JPM,99540,192"
2019-06-28 12:37:00.000000000,LAST_TRADE,"5,$98110.0000"
2019-06-28 12:37:00.000000000,QUERY_SPREAD,86
2019-06-28 12:37:00.000000000,BEST_BID,"JPM,98110,136"
2019-06-28 12:37:00.000000000,BEST_ASK,"JPM,99540,192"
2019-06-28 12:37:00.000000000,LAST_TRADE,"2,$98110.0000"
2019-06-28 12:37:00.000000000,QUERY_SPREAD,87
2019-06-28 12:37:00.000000000,BEST_BID,"JPM,98110,129"
2019-06-28 12:37:00.000000000,BEST_ASK,"JPM,99540,192"
2019-06-28 12:37:00.000000000,LAST_TRADE,"7,$98110.0000"
2019-06-28 12:37:00.000000000,QUERY_SPREAD,88
2019-06-28 12:37:00.000000000,BEST_BID,"JPM,98110,121"
2019-06-28 12:37:00.000000000,BEST_ASK,"JPM,99540,192"
2019-06-28 12:37:00.000000000,LAST_TRADE,"8,$98110.0000"
2019-06-28 12:37:00.000000000,QUERY_SPREAD,89
2019-06-28 12:37:00.000000000,BEST_BID,"JPM,98110,116"
2019-06-28 12:37:00.000000000,BEST_ASK,"JPM,99540,192"
2019-06-28 12:37:00.000000000,LAST_TRADE,"5,$98110.0000"
2019-06-28 12:37:00.000000000,QUERY_SPREAD,90
2019-06-28 12:37:00.000000000,BEST_BID,"JPM,98110,112"
2019-06-28 12:37:00.000000000,BEST_ASK,"JPM,99540,192"
2019-06-28 12:37:00.000000000,LAST_TRADE,"4,$98110.0000"
2019-06-28 12:37:00.000000000,QUERY_SPREAD,91
2019-06-28 12:37:00.000000000,BEST_BID,"JPM,98110,109"
2019-06-28 12:37:00.000000000,BEST_ASK,"JPM,99540,192"
2019-06-28 12:37:00.000000000,LAST_TRADE,"3,$98110.0000"
2019-06-28 12:37:00.000000000,QUERY_SPREAD,92
2019-06-28 12:37:00.000000000,BEST_BID,"JPM,98110,104"
2019-06-28 12:37:00.000000000,BEST_ASK,"JPM,99540,192"
2019-06-28 12:37:00.000000000,LAST_TRADE,"5,$98110.0000"
2019-06-28 12:37:00.000000000,QUERY_SPREAD,93
2019-06-28 12:37:00.000000000,BEST_BID,"JPM,98110,97"
2019-06-28 12:37:00.000000000,BEST_ASK,"JPM,99540,192"
2019-06-28 12:37:00.000000000,LAST_TRADE,"7,$98110.0000"
2019-06-28 12:37:00.000000000,QUERY_SPREAD,94
2019-06-28 12:37:00.000000000,BEST_BID,"JPM,98110,96"
2019-06-28 12:37:00.000000000,BEST_ASK,"JPM,99540,192"
2019-06-28 12:37:00.000000000,LAST_TRADE,"1,$98110.0000"
2019-06-28 12:37:00.000000000,QUERY_SPREAD,95
2019-06-28 12:37:00.000000000,BEST_BID,"JPM,98110,95"
2019-06-28 12:37:00.000000000,BEST_ASK,"JPM,99540,192"
2019-06-28 12:37:00.000000000,LAST_TRADE,"1,$98110.0000"
2019-06-28 12:37:00.000000000,QUERY_SPREAD,96
2019-06-28 12:37:00.000000000,BEST_BID,"JPM,98110,91"
2019-06-28 12:37:00.000000000,BEST_ASK,"JPM,99540,192"
2019-06-28 12:37:00.000000000,LAST_TRADE,"4,$98110.0000"
2019-06-28 12:37:00.000000000,QUERY_SPREAD,97
2019-06-28 12:37:00.000000000,BEST_BID,"JPM,98110,88"
2019-06-28 12:37:00.000000000,BEST_ASK,"JPM,99540,192"
2019-06-28 12:37:00.000000000,LAST_TRADE,"3,$98110.0000"
2019-06-28 12:37:00.000000000,QUERY_SPREAD,98
2019-06-28 12:37:00.000000000,BEST_BID,"JPM,98110,83"
2019-06-28 12:37:00.000000000,BEST_ASK,"JPM,99540,192"
2019-06-28 12:37:00.000000000,LAST_TRADE,"5,$98110.0000"
2019-06-28 12:37:00.000000000,QUERY_SPREAD,99
2019-06-28 12:37:00.000000000,BEST_BID,"JPM,98110,79"
2019-06-28 12:37:00.000000000,BEST_ASK,"JPM,99540,192"
2019-06-28 12:37:00.000000000,LAST_TRADE,"4,$98110.0000"
2019-06-28 12:37:00.000000000,QUERY_SPREAD,100
2019-06-28 12:37:00.000000000,BEST_BID,"JPM,98110,74"
2019-06-28 12:37:00.000000000,BEST_ASK,"JPM,99540,192"
2019-06-28 12:37:00.000000000,LAST_TRADE,"5,$98110.0000"
2019-06-28 12:37:00.000000000,QUERY_SPREAD,101
2019-06-28 12:37:00.000000000,BEST_BID,"JPM,98110,74"
2019-06-28 12:37:00.000000000,BEST_ASK,"JPM,99540,191"
2019-06-28 12:37:00.000000000,LAST_TRADE,"1,$99540.0000"
2019-06-28 12:37:02.318393739,QUERY_SPREAD,31
2019-06-28 12:37:02.318393739,BEST_BID,"JPM,98110,74"
2019-06-28 12:37:02.318393739,BEST_ASK,"JPM,99540,91"
2019-06-28 12:37:02.318393739,LAST_TRADE,"100,$99540.0000"
2019-06-28 12:37:10.000000000,QUERY_SPREAD,1
2019-06-28 12:37:14.710787104,QUERY_SPREAD,45
2019-06-28 12:37:14.710787104,BEST_BID,"JPM,99541,3"
2019-06-28 12:37:14.710787104,BEST_ASK,"JPM,99598,100"
2019-06-28 12:37:14.710787104,LAST_TRADE,"97,$99541.0000"
2019-06-28 12:37:20.000000000,QUERY_SPREAD,1
2019-06-28 12:37:20.000000000,BEST_BID,"JPM,99541,189"
2019-06-28 12:37:20.000000000,BEST_ASK,"JPM,99598,100"
2019-06-28 12:37:20.000000000,BEST_BID,"JPM,99541,189"
2019-06-28 12:37:20.000000000,BEST_ASK,"JPM,99598,100"
2019-06-28 12:37:20.000000000,BEST_BID,"JPM,99541,189"
2019-06-28 12:37:20.000000000,BEST_ASK,"JPM,99598,286"
2019-06-28 12:37:20.000000000,BEST_BID,"JPM,99541,189"
2019-06-28 12:37:20.000000000,BEST_ASK,"JPM,99598,286"
2019-06-28 12:37:23.101883090,QUERY_SPREAD,10
2019-06-28 12:37:23.101883090,BEST_BID,"JPM,99541,189"
2019-06-28 12:37:23.101883090,BEST_ASK,"JPM,99598,286"
2019-06-28 12:37:30.000000000,QUERY_SPREAD,1
2019-06-28 12:37:30.000000000,BEST_BID,"JPM,99541,129"
2019-06-28 12:37:30.000000000,BEST_ASK,"JPM,99598,100"
2019-06-28 12:37:30.000000000,BEST_BID,"JPM,99541,129"
2019-06-28 12:37:30.000000000,BEST_ASK,"JPM,99598,100"
2019-06-28 12:37:30.000000000,BEST_BID,"JPM,99541,129"
2019-06-28 12:37:30.000000000,BEST_ASK,"JPM,99598,226"
2019-06-28 12:37:30.000000000,BEST_BID,"JPM,99541,129"
2019-06-28 12:37:30.000000000,BEST_ASK,"JPM,99598,226"
2019-06-28 12:37:30.000000000,BEST_BID,"JPM,99541,129"
2019-06-28 12:37:30.000000000,BEST_ASK,"JPM,99598,226"
2019-06-28 12:37:30.364208899,QUERY_SPREAD,3
2019-06-28 12:37:30.364208899,BEST_BID,"JPM,99541,129"
2019-06-28 12:37:30.364208899,BEST_ASK,"JPM,99598,226"
2019-06-28 12:37:40.000000000,QUERY_SPREAD,1
2019-06-28 12:37:40.000000000,BEST_BID,"JPM,99541,374"
2019-06-28 12:37:40.000000000,BEST_ASK,"JPM,99598,100"
2019-06-28 12:37:40.000000000,BEST_BID,"JPM,99541,374"
2019-06-28 12:37:40.000000000,BEST_ASK,"JPM,99598,471"
2019-06-28 12:37:50.000000000,QUERY_SPREAD,1
2019-06-28 12:37:50.000000000,BEST_BID,"JPM,99541,129"
2019-06-28 12:37:50.000000000,BEST_ASK,"JPM,99598,100"
2019-06-28 12:37:50.000000000,BEST_BID,"JPM,99541,129"
2019-06-28 12:37:50.000000000,BEST_ASK,"JPM,99598,100"
2019-06-28 12:37:50.000000000,BEST_BID,"JPM,99541,129"
2019-06-28 12:37:50.000000000,BEST_ASK,"JPM,99598,226"
2019-06-28 12:37:50.000000000,BEST_BID,"JPM,99541,129"
2019-06-28 12:37:50.000000000,BEST_ASK,"JPM,99598,226"
2019-06-28 12:37:50.000000000,BEST_BID,"JPM,99541,129"
2019-06-28 12:37:50.000000000,BEST_ASK,"JPM,99598,226"
2019-06-28 12:38:00.000000000,QUERY_SPREAD,1
2019-06-28 12:38:00.000000000,BEST_BID,"JPM,99541,129"
2019-06-28 12:38:00.000000000,BEST_ASK,"JPM,99598,100"
2019-06-28 12:38:00.000000000,BEST_BID,"JPM,99541,129"
2019-06-28 12:38:00.000000000,BEST_ASK,"JPM,99598,100"
2019-06-28 12:38:00.000000000,BEST_BID,"JPM,99541,129"
2019-06-28 12:38:00.000000000,BEST_ASK,"JPM,99598,226"
2019-06-28 12:38:00.000000000,BEST_BID,"JPM,99541,129"
2019-06-28 12:38:00.000000000,BEST_ASK,"JPM,99598,226"
2019-06-28 12:38:00.000000000,BEST_BID,"JPM,99541,129"
2019-06-28 12:38:00.000000000,BEST_ASK,"JPM,99598,226"
2019-06-28 12:38:00.000000000,QUERY_SPREAD,77
2019-06-28 12:38:00.000000000,BEST_BID,"JPM,99541,124"
2019-06-28 12:38:00.000000000,BEST_ASK,"JPM,99598,226"
2019-06-28 12:38:00.000000000,LAST_TRADE,"5,$99541.0000"
2019-06-28 12:38:00.000000000,QUERY_SPREAD,78
2019-06-28 12:38:00.000000000,BEST_BID,"JPM,99541,116"
2019-06-28 12:38:00.000000000,BEST_ASK,"JPM,99598,226"
2019-06-28 12:38:00.000000000,LAST_TRADE,"8,$99541.0000"
2019-06-28 12:38:00.000000000,QUERY_SPREAD,79
2019-06-28 12:38:00.000000000,BEST_BID,"JPM,99541,111"
2019-06-28 12:38:00.000000000,BEST_ASK,"JPM,99598,226"
2019-06-28 12:38:00.000000000,LAST_TRADE,"5,$99541.0000"
2019-06-28 12:38:00.000000000,QUERY_SPREAD,80
2019-06-28 12:38:00.000000000,BEST_BID,"JPM,99541,103"
2019-06-28 12:38:00.000000000,BEST_ASK,"JPM,99598,226"
2019-06-28 12:38:00.000000000,LAST_TRADE,"8,$99541.0000"
2019-06-28 12:38:00.000000000,QUERY_SPREAD,81
2019-06-28 12:38:00.000000000,BEST_BID,"JPM,99541,94"
2019-06-28 12:38:00.000000000,BEST_ASK,"JPM,99598,226"
2019-06-28 12:38:00.000000000,LAST_TRADE,"9,$99541.0000"
2019-06-28 12:38:00.000000000,QUERY_SPREAD,82
2019-06-28 12:38:00.000000000,BEST_BID,"JPM,99541,91"
2019-06-28 12:38:00.000000000,BEST_ASK,"JPM,99598,226"
2019-06-28 12:38:00.000000000,LAST_TRADE,"3,$99541.0000"
2019-06-28 12:38:00.000000000,QUERY_SPREAD,83
2019-06-28 12:38:00.000000000,BEST_BID,"JPM,99541,83"
2019-06-28 12:38:00.000000000,BEST_ASK,"JPM,99598,226"
2019-06-28 12:38:00.000000000,LAST_TRADE,"8,$99541.0000"
2019-06-28 12:38:00.000000000,QUERY_SPREAD,84
2019-06-28 12:38:00.000000000,BEST_BID,"JPM,99541,79"
2019-06-28 12:38:00.000000000,BEST_ASK,"JPM,99598,226"
2019-06-28 12:38:00.000000000,LAST_TRADE,"4,$99541.0000"
2019-06-28 12:38:00.000000000,QUERY_SPREAD,85
2019-06-28 12:38:00.000000000,BEST_BID,"JPM,99541,74"
2019-06-28 12:38:00.000000000,BEST_ASK,"JPM,99598,226"
2019-06-28 12:38:00.000000000,LAST_TRADE,"5,$99541.0000"
2019-06-28 12:38:00.000000000,QUERY_SPREAD,86
2019-06-28 12:38:00.000000000,BEST_BID,"JPM,99541,72"
2019-06-28 12:38:00.000000000,BEST_ASK,"JPM,99598,226"
2019-06-28 12:38:00.000000000,LAST_TRADE,"2,$99541.0000"
2019-06-28 12:38:00.000000000,QUERY_SPREAD,87
2019-06-28 12:38:00.000000000,BEST_BID,"JPM,99541,65"
2019-06-28 12:38:00.000000000,BEST_ASK,"JPM,99598,226"
2019-06-28 12:38:00.000000000,LAST_TRADE,"7,$99541.0000"
2019-06-28 12:38:00.000000000,QUERY_SPREAD,88
2019-06-28 12:38:00.000000000,BEST_BID,"JPM,99541,57"
2019-06-28 12:38:00.000000000,BEST_ASK,"JPM,99598,226"
2019-06-28 12:38:00.000000000,LAST_TRADE,"8,$99541.0000"
2019-06-28 12:38:00.000000000,QUERY_SPREAD,89
2019-06-28 12:38:00.000000000,BEST_BID,"JPM,99541,52"
2019-06-28 12:38:00.000000000,BEST_ASK,"JPM,99598,226"
2019-06-28 12:38:00.000000000,LAST_TRADE,"5,$99541.0000"
2019-06-28 12:38:00.000000000,QUERY_SPREAD,90
2019-06-28 12:38:00.000000000,BEST_BID,"JPM,99541,48"
2019-06-28 12:38:00.000000000,BEST_ASK,"JPM,99598,226"
2019-06-28 12:38:00.000000000,LAST_TRADE,"4,$99541.0000"
2019-06-28 12:38:00.000000000,QUERY_SPREAD,91
2019-06-28 12:38:00.000000000,BEST_BID,"JPM,99541,45"
2019-06-28 12:38:00.000000000,BEST_ASK,"JPM,99598,226"
2019-06-28 12:38:00.000000000,LAST_TRADE,"3,$99541.0000"
2019-06-28 12:38:00.000000000,QUERY_SPREAD,92
2019-06-28 12:38:00.000000000,BEST_BID,"JPM,99541,40"
2019-06-28 12:38:00.000000000,BEST_ASK,"JPM,99598,226"
2019-06-28 12:38:00.000000000,LAST_TRADE,"5,$99541.0000"
2019-06-28 12:38:00.000000000,QUERY_SPREAD,93
2019-06-28 12:38:00.000000000,BEST_BID,"JPM,99541,33"
2019-06-28 12:38:00.000000000,BEST_ASK,"JPM,99598,226"
2019-06-28 12:38:00.000000000,LAST_TRADE,"7,$99541.0000"
2019-06-28 12:38:00.000000000,QUERY_SPREAD,94
2019-06-28 12:38:00.000000000,BEST_BID,"JPM,99541,32"
2019-06-28 12:38:00.000000000,BEST_ASK,"JPM,99598,226"
2019-06-28 12:38:00.000000000,LAST_TRADE,"1,$99541.0000"
2019-06-28 12:38:00.000000000,QUERY_SPREAD,95
2019-06-28 12:38:00.000000000,BEST_BID,"JPM,99541,31"
2019-06-28 12:38:00.000000000,BEST_ASK,"JPM,99598,226"
2019-06-28 12:38:00.000000000,LAST_TRADE,"1,$99541.0000"
2019-06-28 12:38:00.000000000,QUERY_SPREAD,96
2019-06-28 12:38:00.000000000,BEST_BID,"JPM,99541,27"
2019-06-28 12:38:00.000000000,BEST_ASK,"JPM,99598,226"
2019-06-28 12:38:00.000000000,LAST_TRADE,"4,$99541.0000"
2019-06-28 12:38:00.000000000,QUERY_SPREAD,97
2019-06-28 12:38:00.000000000,BEST_BID,"JPM,99541,24"
2019-06-28 12:38:00.000000000,BEST_ASK,"JPM,99598,226"
2019-06-28 12:38:00.000000000,LAST_TRADE,"3,$99541.0000"
2019-06-28 12:38:00.000000000,QUERY_SPREAD,98
2019-06-28 12:38:00.000000000,BEST_BID,"JPM,99541,19"
2019-06-28 12:38:00.000000000,BEST_ASK,"JPM,99598,226"
2019-06-28 12:38:00.000000000,LAST_TRADE,"5,$99541.0000"
2019-06-28 12:38:00.000000000,QUERY_SPREAD,99
2019-06-28 12:38:00.000000000,BEST_BID,"JPM,99541,15"
2019-06-28 12:38:00.000000000,BEST_ASK,"JPM,99598,226"
2019-06-28 12:38:00.000000000,LAST_TRADE,"4,$99541.0000"
2019-06-28 12:38:00.000000000,QUERY_SPREAD,100
2019-06-28 12:38:00.000000000,BEST_BID,"JPM,99541,10"
2019-06-28 12:38:00.000000000,BEST_ASK,"JPM,99598,226"
2019-06-28 12:38:00.000000000,LAST_TRADE,"5,$99541.0000"
2019-06-28 12:38:00.000000000,QUERY_SPREAD,101
2019-06-28 12:38:00.000000000,BEST_BID,"JPM,99541,10"
2019-06-28 12:38:00.000000000,BEST_ASK,"JPM,99598,225"
2019-06-28 12:38:00.000000000,LAST_TRADE,"1,$99598.0000"
2019-06-28 12:38:03.146474562,QUERY_SPREAD,30
2019-06-28 12:38:03.146474562,BEST_BID,"JPM,99541,10"
2019-06-28 12:38:03.146474562,BEST_ASK,"JPM,99598,126"
2019-06-28 12:38:06.786495742,QUERY_SPREAD,7
2019-06-28 12:38:06.786495742,BEST_BID,"JPM,99541,10"
2019-06-28 12:38:06.786495742,BEST_ASK,"JPM,99598,26"
2019-06-28 12:38:06.786495742,LAST_TRADE,"100,$99598.0000"
2019-06-28 12:38:10.000000000,QUERY_SPREAD,1
2019-06-28 12:38:17.601936538,QUERY_ORDER_STREAM,57
2019-06-28 12:38:17.601936538,QUERY_SPREAD,57
2019-06-28 12:38:17.601936538,BEST_BID,"JPM,99598,100"
2019-06-28 12:38:17.601936538,BEST_ASK,"JPM,99771,100"
2019-06-28 12:38:20.000000000,QUERY_SPREAD,1
2019-06-28 12:38:20.000000000,BEST_BID,"JPM,99598,471"
2019-06-28 12:38:20.000000000,BEST_ASK,"JPM,99771,100"
2019-06-28 12:38:20.000000000,BEST_BID,"JPM,99598,471"
2019-06-28 12:38:20.000000000,BEST_ASK,"JPM,99771,471"
2019-06-28 12:38:27.576877058,QUERY_ORDER_STREAM,70
2019-06-28 12:38:27.576877058,QUERY_SPREAD,70
2019-06-28 12:38:30.000000000,QUERY_SPREAD,1
2019-06-28 12:38:30.000000000,BEST_BID,"JPM,99598,193"
2019-06-28 12:38:30.000000000,BEST_ASK,"JPM,99771,100"
2019-06-28 12:38:30.000000000,BEST_BID,"JPM,99598,193"
2019-06-28 12:38:30.000000000,BEST_ASK,"JPM,99771,100"
2019-06-28 12:38:30.000000000,BEST_BID,"JPM,99598,193"
2019-06-28 12:38:30.000000000,BEST_ASK,"JPM,99771,193"
2019-06-28 12:38:30.000000000,BEST_BID,"JPM,99598,193"
2019-06-28 12:38:30.000000000,BEST_ASK,"JPM,99771,193"
2019-06-28 12:38:30.000000000,BEST_BID,"JPM,99598,193"
2019-06-28 12:38:30.000000000,BEST_ASK,"JPM,99771,193"
2019-06-28 12:38:30.000000000,BEST_BID,"JPM,99598,193"
2019-06-28 12:38:30.000000000,BEST_ASK,"JPM,99771,193"
2019-06-28 12:38:40.000000000,QUERY_SPREAD,1
2019-06-28 12:38:40.000000000,BEST_BID,"JPM,99598,226"
2019-06-28 12:38:40.000000000,BEST_ASK,"JPM,99771,100"
2019-06-28 12:38:40.000000000,BEST_BID,"JPM,99598,226"
2019-06-28 12:38:40.000000000,BEST_ASK,"JPM,99771,100"
2019-06-28 12:38:40.000000000,BEST_BID,"JPM,99598,226"
2019-06-28 12:38:40.000000000,BEST_ASK,"JPM,99771,226"
2019-06-28 12:38:40.000000000,BEST_BID,"JPM,99598,226"
2019-06-28 12:38:40.000000000,BEST_ASK,"JPM,99771,226"
2019-06-28 12:38:40.000000000,BEST_BID,"JPM,99598,226"
2019-06-28 12:38:40.000000000,BEST_ASK,"JPM,99771,226"
2019-06-28 12:38:50.000000000,QUERY_SPREAD,1
2019-06-28 12:38:50.000000000,BEST_BID,"JPM,99598,193"
2019-06-28 12:38:50.000000000,BEST_ASK,"JPM,99771,100"
2019-06-28 12:38:50.000000000,BEST_BID,"JPM,99598,193"
2019-06-28 12:38:50.000000000,BEST_ASK,"JPM,99771,100"
2019-06-28 12:38:50.000000000,BEST_BID,"JPM,99598,193"
2019-06-28 12:38:50.000000000,BEST_ASK,"JPM,99771,193"
2019-06-28 12:38:50.000000000,BEST_BID,"JPM,99598,193"
2019-06-28 12:38:50.000000000,BEST_ASK,"JPM,99771,193"
2019-06-28 12:38:50.000000000,BEST_BID,"JPM,99598,193"
2019-06-28 12:38:50.000000000,BEST_ASK,"JPM,99771,193"
2019-06-28 12:38:50.000000000,BEST_BID,"JPM,99598,193"
2019-06-28 12:38:50.000000000,BEST_ASK,"JPM,99771,193"
2019-06-28 12:39:00.000000000,QUERY_SPREAD,1
2019-06-28 12:39:00.000000000,BEST_BID,"JPM,99598,286"
2019-06-28 12:39:00.000000000,BEST_ASK,"JPM,99771,100"
2019-06-28 12:39:00.000000000,BEST_BID,"JPM,99598,286"
2019-06-28 12:39:00.000000000,BEST_ASK,"JPM,99771,100"
2019-06-28 12:39:00.000000000,BEST_BID,"JPM,99598,286"
2019-06-28 12:39:00.000000000,BEST_ASK,"JPM,99771,286"
2019-06-28 12:39:00.000000000,BEST_BID,"JPM,99598,286"
2019-06-28 12:39:00.000000000,BEST_ASK,"JPM,99771,286"
2019-06-28 12:39:00.000000000,QUERY_SPREAD,77
2019-06-28 12:39:00.000000000,BEST_BID,"JPM,99598,281"
2019-06-28 12:39:00.000000000,BEST_ASK,"JPM,99771,286"
2019-06-28 12:39:00.000000000,LAST_TRADE,"5,$99598.0000"
2019-06-28 12:39:00.000000000,QUERY_SPREAD,78
2019-06-28 12:39:00.000000000,BEST_BID,"JPM,99598,273"
2019-06-28 12:39:00.000000000,BEST_ASK,"JPM,99771,286"
2019-06-28 12:39:00.000000000,LAST_TRADE,"8,$99598.0000"
2019-06-28 12:39:00.000000000,QUERY_SPREAD,79
2019-06-28 12:39:00.000000000,BEST_BID,"JPM,99598,268"
2019-06-28 12:39:00.000000000,BEST_ASK,"JPM,99771,286"
2019-06-28 12:39:00.000000000,LAST_TRADE,"5,$99598.0000"
2019-06-28 12:39:00.000000000,QUERY_SPREAD,80
2019-06-28 12:39:00.000000000,BEST_BID,"JPM,99598,260"
2019-06-28 12:39:00.000000000,BEST_ASK,"JPM,99771,286"
2019-06-28 12:39:00.000000000,LAST_TRADE,"8,$99598.0000"
2019-06-28 12:39:00.000000000,QUERY_SPREAD,81
2019-06-28 12:39:00.000000000,BEST_BID,"JPM,99598,251"
2019-06-28 12:39:00.000000000,BEST_ASK,"JPM,99771,286"
2019-06-28 12:39:00.000000000,LAST_TRADE,"9,$99598.0000"
2019-06-28 12:39:00.000000000,QUERY_SPREAD,82
2019-06-28 12:39:00.000000000,BEST_BID,"JPM,99598,248"
2019-06-28 12:39:00.000000000,BEST_ASK,"JPM,99771,286"
2019-06-28 12:39:00.000000000,LAST_TRADE,"3,$99598.0000"
2019-06-28 12:39:00.000000000,QUERY_SPREAD,83
2019-06-28 12:39:00.000000000,BEST_BID,"JPM,99598,240"
2019-06-28 12:39:00.000000000,BEST_ASK,"JPM,99771,286"
2019-06-28 12:39:00.000000000,LAST_TRADE,"8,$99598.0000"
2019-06-28 12:39:00.000000000,QUERY_SPREAD,84
2019-06-28 12:39:00.000000000,BEST_BID,"JPM,99598,236"
2019-06-28 12:39:00.000000000,BEST_ASK,"JPM,99771,286"
2019-06-28 12:39:00.000000000,LAST_TRADE,"4,$99598.0000"
2019-06-28 12:39:00.000000000,QUERY_SPREAD,85
2019-06-28 12:39:00.000000000,BEST_BID,"JPM,99598,231"
2019-06-28 12:39:00.000000000,BEST_ASK,"JPM,99771,286"
2019-06-28 12:39:00.000000000,LAST_TRADE,"5,$99598.0000"
2019-06-28 12:39:00.000000000,QUERY_SPREAD,86
2019-06-28 12:39:00.000000000,BEST_BID,"JPM,99598,229"
2019-06-28 12:39:00.000000000,BEST_ASK,"JPM,99771,286"
2019-06-28 12:39:00.000000000,LAST_TRADE,"2,$99598.0000"
2019-06-28 12:39:00.000000000,QUERY_SPREAD,87
2019-06-28 12:39:00.000000000,BEST_BID,"JPM,99598,222"
2019-06-28 12:39:00.000000000,BEST_ASK,"JPM,99771,286"
2019-06-28 12:39:00.000000000,LAST_TRADE,"7,$99598.0000"
2019-06-28 12:39:00.000000000,QUERY_SPREAD,88
2019-06-28 12:39:00.000000000,BEST_BID,"JPM,99598,214"
2019-06-28 12:39:00.000000000,BEST_ASK,"JPM,99771,286"
2019-06-28 12:39:00.000000000,LAST_TRADE,"8,$99598.0000"
2019-06-28 12:39:00.000000000,QUERY_SPREAD,89
2019-06-28 12:39:00.000000000,BEST_BID,"JPM,99598,209"
2019-06-28 12:39:00.000000000,BEST_ASK,"JPM,99771,286"
2019-06-28 12:39:00.000000000,LAST_TRADE,"5,$99598.0000"
2019-06-28 12:39:00.000000000,QUERY_SPREAD,90
2019-06-28 12:39:00.000000000,BEST_BID,"JPM,99598,205"
2019-06-28 12:39:00.000000000,BEST_ASK,"JPM,99771,286"
2019-06-28 12:39:00.000000000,LAST_TRADE,"4,$99598.0000"
2019-06-28 12:39:00.000000000,QUERY_SPREAD,91
2019-06-28 12:39:00.000000000,BEST_BID,"JPM,99598,202"
2019-06-28 12:39:00.000000000,BEST_ASK,"JPM,99771,286"
2019-06-28 12:39:00.000000000,LAST_TRADE,"3,$99598.0000"
2019-06-28 12:39:00.000000000,QUERY_SPREAD,92
2019-06-28 12:39:00.000000000,BEST_BID,"JPM,99598,197"
2019-06-28 12:39:00.000000000,BEST_ASK,"JPM,99771,286"
2019-06-28 12:39:00.000000000,LAST_TRADE,"5,$99598.0000"
2019-06-28 12:39:00.000000000,QUERY_SPREAD,93
2019-06-28 12:39:00.000000000,BEST_BID,"JPM,99598,190"
2019-06-28 12:39:00.000000000,BEST_ASK,"JPM,99771,286"
2019-06-28 12:39:00.000000000,LAST_TRADE,"7,$99598.0000"
2019-06-28 12:39:00.000000000,QUERY_SPREAD,94
2019-06-28 12:39:00.000000000,BEST_BID,"JPM,99598,189"
2019-06-28 12:39:00.000000000,BEST_ASK,"JPM,99771,286"
2019-06-28 12:39:00.000000000,LAST_TRADE,"1,$99598.0000"
2019-06-28 12:39:00.000000000,QUERY_SPREAD,95
2019-06-28 12:39:00.000000000,BEST_BID,"JPM,99598,188"
2019-06-28 12:39:00.000000000,BEST_ASK,"JPM,99771,286"
2019-06-28 12:39:00.000000000,LAST_TRADE,"1,$99598.0000"
2019-06-28 12:39:00.000000000,QUERY_SPREAD,96
2019-06-28 12:39:00.000000000,BEST_BID,"JPM,99598,184"
2019-06-28 12:39:00.000000000,BEST_ASK,"JPM,99771,286"
2019-06-28 12:39:00.000000000,LAST_TRADE,"4,$99598.0000"
2019-06-28 12:39:00.000000000,QUERY_SPREAD,97
2019-06-28 12:39:00.000000000,BEST_BID,"JPM,99598,181"
2019-06-28 12:39:00.000000000,BEST_ASK,"JPM,99771,286"
2019-06-28 12:39:00.000000000,LAST_TRADE,"3,$99598.0000"
2019-06-28 12:39:00.000000000,QUERY_SPREAD,98
2019-06-28 12:39:00.000000000,BEST_BID,"JPM,99598,176"
2019-06-28 12:39:00.000000000,BEST_ASK,"JPM,99771,286"
2019-06-28 12:39:00.000000000,LAST_TRADE,"5,$99598.0000"
2019-06-28 12:39:00.000000000,QUERY_SPREAD,99
2019-06-28 12:39:00.000000000,BEST_BID,"JPM,99598,172"
2019-06-28 12:39:00.000000000,BEST_ASK,"JPM,99771,286"
2019-06-28 12:39:00.000000000,LAST_TRADE,"4,$99598.0000"
2019-06-28 12:39:00.000000000,QUERY_SPREAD,100
2019-06-28 12:39:00.000000000,BEST_BID,"JPM,99598,167"
2019-06-28 12:39:00.000000000,BEST_ASK,"JPM,99771,286"
2019-06-28 12:39:00.000000000,LAST_TRADE,"5,$99598.0000"
2019-06-28 12:39:00.000000000,QUERY_SPREAD,101
2019-06-28 12:39:00.000000000,BEST_BID,"JPM,99598,167"
2019-06-28 12:39:00.000000000,BEST_ASK,"JPM,99771,285"
2019-06-28 12:39:00.000000000,LAST_TRADE,"1,$99771.0000"
2019-06-28 12:39:09.193663175,QUERY_SPREAD,31
2019-06-28 12:39:09.193663175,BEST_BID,"JPM,99598,167"
2019-06-28 12:39:09.193663175,BEST_ASK,"JPM,99771,285"
2019-06-28 12:39:10.000000000,QUERY_SPREAD,1
2019-06-28 12:39:10.895116776,QUERY_ORDER_STREAM,73
2019-06-28 12:39:10.895116776,QUERY_SPREAD,73
2019-06-28 12:39:10.895116776,BEST_BID,"JPM,99598,100"
2019-06-28 12:39:10.895116776,BEST_ASK,"JPM,99771,99"
2019-06-28 12:39:20.000000000,QUERY_SPREAD,1
2019-06-28 12:39:20.000000000,BEST_BID,"JPM,99598,286"
2019-06-28 12:39:20.000000000,BEST_ASK,"JPM,99771,99"
2019-06-28 12:39:20.000000000,BEST_BID,"JPM,99598,286"
2019-06-28 12:39:20.000000000,BEST_ASK,"JPM,99771,99"
2019-06-28 12:39:20.000000000,BEST_BID,"JPM,99598,286"
2019-06-28 12:39:20.000000000,BEST_ASK,"JPM,99771,285"
2019-06-28 12:39:20.000000000,BEST_BID,"JPM,99598,286"
2019-06-28 12:39:20.000000000,BEST_ASK,"JPM,99771,285"
2019-06-28 12:39:30.000000000,QUERY_SPREAD,1
2019-06-28 12:39:30.000000000,BEST_BID,"JPM,99598,471"
2019-06-28 12:39:30.000000000,BEST_ASK,"JPM,99771,99"
2019-06-28 12:39:30.000000000,BEST_BID,"JPM,99598,471"
2019-06-28 12:39:30.000000000,BEST_ASK,"JPM,99771,470"
2019-06-28 12:39:40.000000000,QUERY_SPREAD,1
2019-06-28 12:39:40.000000000,BEST_BID,"JPM,99598,471"
2019-06-28 12:39:40.000000000,BEST_ASK,"JPM,99771,99"
2019-06-28 12:39:40.000000000,BEST_BID,"JPM,99598,471"
2019-06-28 12:39:40.000000000,BEST_ASK,"JPM,99771,470"
2019-06-28 12:39:50.000000000,QUERY_SPREAD,1
2019-06-28 12:39:50.000000000,BEST_BID,"JPM,99598,471"
2019-06-28 12:39:50.000000000,BEST_ASK,"JPM,99771,99"
2019-06-28 12:39:50.000000000,BEST_BID,"JPM,99598,471"
2019-06-28 12:39:50.000000000,BEST_ASK,"JPM,99771,470"
2019-06-28 12:40:00.000000000,QUERY_SPREAD,1
2019-06-28 12:40:00.000000000,BEST_BID,"JPM,99598,471"
2019-06-28 12:40:00.000000000,BEST_ASK,"JPM,99771,99"
2019-06-28 12:40:00.000000000,BEST_BID,"JPM,99598,471"
2019-06-28 12:40:00.000000000,BEST_ASK,"JPM,99771,470"
2019-06-28 12:40:00.000000000,QUERY_SPREAD,77
2019-06-28 12:40:00.000000000,BEST_BID,"JPM,99598,466"
2019-06-28 12:40:00.000000000,BEST_ASK,"JPM,99771,470"
2019-06-28 12:40:00.000000000,LAST_TRADE,"5,$99598.0000"
2019-06-28 12:40:00.000000000,QUERY_SPREAD,78
2019-06-28 12:40:00.000000000,BEST_BID,"JPM,99598,458"
2019-06-28 12:40:00.000000000,BEST_ASK,"JPM,99771,470"
2019-06-28 12:40:00.000000000,LAST_TRADE,"8,$99598.0000"
2019-06-28 12:40:00.000000000,QUERY_SPREAD,79
2019-06-28 12:40:00.000000000,BEST_BID,"JPM,99598,453"
2019-06-28 12:40:00.000000000,BEST_ASK,"JPM,99771,470"
2019-06-28 12:40:00.000000000,LAST_TRADE,"5,$99598.0000"
2019-06-28 12:40:00.000000000,QUERY_SPREAD,80
2019-06-28 12:40:00.000000000,BEST_BID,"JPM,99598,445"
2019-06-28 12:40:00.000000000,BEST_ASK,"JPM,99771,470"
2019-06-28 12:40:00.000000000,LAST_TRADE,"8,$99598.0000"
2019-06-28 12:40:00.000000000,QUERY_SPREAD,81
2019-06-28 12:40:00.000000000,BEST_BID,"JPM,99598,436"
2019-06-28 12:40:00.000000000,BEST_ASK,"JPM,99771,470"
2019-06-28 12:40:00.000000000,LAST_TRADE,"9,$99598.0000"
2019-06-28 12:40:00.000000000,QUERY_SPREAD,82
2019-06-28 12:40:00.000000000,BEST_BID,"JPM,99598,433"
2019-06-28 12:40:00.000000000,BEST_ASK,"JPM,99771,470"
2019-06-28 12:40:00.000000000,LAST_TRADE,"3,$99598.0000"
2019-06-28 12:40:00.000000000,QUERY_SPREAD,83
2019-06-28 12:40:00.000000000,BEST_BID,"JPM,99598,425"
2019-06-28 12:40:00.000000000,BEST_ASK,"JPM,99771,470"
2019-06-28 12:40:00.000000000,LAST_TRADE,"8,$99598.0000"
2019-06-28 12:40:00.000000000,QUERY_SPREAD,84
2019-06-28 12:40:00.000000000,BEST_BID,"JPM,99598,421"
2019-06-28 12:40:00.000000000,BEST_ASK,"JPM,99771,470"
2019-06-28 12:40:00.000000000,LAST_TRADE,"4,$99598.0000"
2019-06-28 12:40:00.000000000,QUERY_SPREAD,85
2019-06-28 12:40:00.000000000,BEST_BID,"JPM,99598,416"
2019-06-28 12:40:00.000000000,BEST_ASK,"JPM,99771,470"
2019-06-28 12:40:00.000000000,LAST_TRADE,"5,$99598.0000"
2019-06-28 12:40:00.000000000,QUERY_SPREAD,86
2019-06-28 12:40:00.000000000,BEST_BID,"JPM,99598,414"
2019-06-28 12:40:00.000000000,BEST_ASK,"JPM,99771,470"
2019-06-28 12:40:00.000000000,LAST_TRADE,"2,$99598.0000"
2019-06-28 12:40:00.000000000,QUERY_SPREAD,87
2019-06-28 12:40:00.000000000,BEST_BID,"JPM,99598,407"
2019-06-28 12:40:00.000000000,BEST_ASK,"JPM,99771,470"
2019-06-28 12:40:00.000000000,LAST_TRADE,"7,$99598.0000"
2019-06-28 12:40:00.000000000,QUERY_SPREAD,88
2019-06-28 12:40:00.000000000,BEST_BID,"JPM,99598,399"
2019-06-28 12:40:00.000000000,BEST_ASK,"JPM,99771,470"
2019-06-28 12:40:00.000000000,LAST_TRADE,"8,$99598.0000"
2019-06-28 12:40:00.000000000,QUERY_SPREAD,89
2019-06-28 12:40:00.000000000,BEST_BID,"JPM,99598,394"
2019-06-28 12:40:00.000000000,BEST_ASK,"JPM,99771,470"
2019-06-28 12:40:00.000000000,LAST_TRADE,"5,$99598.0000"
2019-06-28 12:40:00.000000000,QUERY_SPREAD,90
2019-06-28 12:40:00.000000000,BEST_BID,"JPM,99598,390"
2019-06-28 12:40:00.000000000,BEST_ASK,"JPM,99771,470"
2019-06-28 12:40:00.000000000,LAST_TRADE,"4,$99598.0000"
2019-06-28 12:40:00.000000000,QUERY_SPREAD,91
2019-06-28 12:40:00.000000000,BEST_BID,"JPM,99598,387"
2019-06-28 12:40:00.000000000,BEST_ASK,"JPM,99771,470"
2019-06-28 12:40:00.000000000,LAST_TRADE,"3,$99598.0000"
2019-06-28 12:40:00.000000000,QUERY_SPREAD,92
2019-06-28 12:40:00.000000000,BEST_BID,"JPM,99598,382"
2019-06-28 12:40:00.000000000,BEST_ASK,"JPM,99771,470"
2019-06-28 12:40:00.000000000,LAST_TRADE,"5,$99598.0000"
2019-06-28 12:40:00.000000000,QUERY_SPREAD,93
2019-06-28 12:40:00.000000000,BEST_BID,"JPM,99598,375"
2019-06-28 12:40:00.000000000,BEST_ASK,"JPM,99771,470"
2019-06-28 12:40:00.000000000,LAST_TRADE,"7,$99598.0000"
2019-06-28 12:40:00.000000000,QUERY_SPREAD,94
2019-06-28 12:40:00.000000000,BEST_BID,"JPM,99598,374"
2019-06-28 12:40:00.000000000,BEST_ASK,"JPM,99771,470"
2019-06-28 12:40:00.000000000,LAST_TRADE,"1,$99598.0000"
2019-06-28 12:40:00.000000000,QUERY_SPREAD,95
2019-06-28 12:40:00.000000000,BEST_BID,"JPM,99598,373"
2019-06-28 12:40:00.000000000,BEST_ASK,"JPM,99771,470"
2019-06-28 12:40:00.000000000,LAST_TRADE,"1,$99598.0000"
2019-06-28 12:40:00.000000000,QUERY_SPREAD,96
2019-06-28 12:40:00.000000000,BEST_BID,"JPM,99598,369"
2019-06-28 12:40:00.000000000,BEST_ASK,"JPM,99771,470"
2019-06-28 12:40:00.000000000,LAST_TRADE,"4,$99598.0000"
2019-06-28 12:40:00.000000000,QUERY_SPREAD,97
2019-06-28 12:40:00.000000000,BEST_BID,"JPM,99598,366"
2019-06-28 12:40:00.000000000,BEST_ASK,"JPM,99771,470"
2019-06-28 12:40:00.000000000,LAST_TRADE,"3,$99598.0000"
2019-06-28 12:40:00.000000000,QUERY_SPREAD,98
2019-06-28 12:40:00.000000000,BEST_BID,"JPM,99598,361"
2019-06-28 12:40:00.000000000,BEST_ASK,"JPM,99771,470"
2019-06-28 12:40:00.000000000,LAST_TRADE,"5,$99598.0000"
2019-06-28 12:40:00.000000000,QUERY_SPREAD,99
2019-06-28 12:40:00.000000000,BEST_BID,"JPM,99598,357"
2019-06-28 12:40:00.000000000,BEST_ASK,"JPM,99771,470"
2019-06-28 12:40:00.000000000,LAST_TRADE,"4,$99598.0000"
2019-06-28 12:40:00.000000000,QUERY_SPREAD,100
2019-06-28 12:40:00.000000000,BEST_BID,"JPM,99598,352"
2019-06-28 12:40:00.000000000,BEST_ASK,"JPM,99771,470"
2019-06-28 12:40:00.000000000,LAST_TRADE,"5,$99598.0000"
2019-06-28 12:40:00.000000000,QUERY_SPREAD,101
2019-06-28 12:40:00.000000000,BEST_BID,"JPM,99598,352"
2019-06-28 12:40:00.000000000,BEST_ASK,"JPM,99771,469"
2019-06-28 12:40:00.000000000,LAST_TRADE,"1,$99771.0000"
2019-06-28 12:40:10.000000000,QUERY_SPREAD,1
2019-06-28 12:40:16.826858654,QUERY_ORDER_STREAM,70
2019-06-28 12:40:16.826858654,QUERY_SPREAD,70
2019-06-28 12:40:16.826858654,BEST_ASK,"JPM,99771,198"
2019-06-28 12:40:17.414792683,QUERY_SPREAD,34
2019-06-28 12:40:17.414792683,BEST_ASK,"JPM,99571,100"
2019-06-28 12:40:20.000000000,QUERY_SPREAD,1
2019-06-28 12:40:25.555045202,QUERY_ORDER_STREAM,63
2019-06-28 12:40:25.555045202,QUERY_SPREAD,63
2019-06-28 12:40:30.000000000,QUERY_SPREAD,1
2019-06-28 12:40:40.000000000,QUERY_SPREAD,1
2019-06-28 12:40:50.000000000,QUERY_SPREAD,1
2019-06-28 12:41:00.000000000,QUERY_SPREAD,1
2019-06-28 12:41:00.000000000,QUERY_SPREAD,77
2019-06-28 12:41:00.000000000,QUERY_SPREAD,78
2019-06-28 12:41:00.000000000,QUERY_SPREAD,79
2019-06-28 12:41:00.000000000,QUERY_SPREAD,80
2019-06-28 12:41:00.000000000,QUERY_SPREAD,81
2019-06-28 12:41:00.000000000,QUERY_SPREAD,82
2019-06-28 12:41:00.000000000,QUERY_SPREAD,83
2019-06-28 12:41:00.000000000,QUERY_SPREAD,84
2019-06-28 12:41:00.000000000,QUERY_SPREAD,85
2019-06-28 12:41:00.000000000,QUERY_SPREAD,86
2019-06-28 12:41:00.000000000,QUERY_SPREAD,87
2019-06-28 12:41:00.000000000,QUERY_SPREAD,88
2019-06-28 12:41:00.000000000,QUERY_SPREAD,89
2019-06-28 12:41:00.000000000,QUERY_SPREAD,90
2019-06-28 12:41:00.000000000,QUERY_SPREAD,91
2019-06-28 12:41:00.000000000,QUERY_SPREAD,92
2019-06-28 12:41:00.000000000,QUERY_SPREAD,93
2019-06-28 12:41:00.000000000,QUERY_SPREAD,94
2019-06-28 12:41:00.000000000,QUERY_SPREAD,95
2019-06-28 12:41:00.000000000,QUERY_SPREAD,96
2019-06-28 12:41:00.000000000,QUERY_SPREAD,97
2019-06-28 12:41:00.000000000,QUERY_SPREAD,98
2019-06-28 12:41:00.000000000,QUERY_SPREAD,99
2019-06-28 12:41:00.000000000,QUERY_SPREAD,100
2019-06-28 12:41:00.000000000,QUERY_SPREAD,101
2019-06-28 12:41:01.928026489,QUERY_SPREAD,44
2019-06-28 12:41:01.928026489,BEST_ASK,"JPM,99571,100"
2019-06-28 12:41:10.000000000,QUERY_SPREAD,1
2019-06-28 12:41:20.000000000,QUERY_SPREAD,1
2019-06-28 12:41:30.000000000,QUERY_SPREAD,1
2019-06-28 12:41:40.000000000,QUERY_SPREAD,1
2019-06-28 12:41:42.942981812,QUERY_SPREAD,44
2019-06-28 12:41:42.942981812,BEST_ASK,"JPM,99771,198"
2019-06-28 12:41:42.942981812,LAST_TRADE,"100,$99571.0000"
2019-06-28 12:41:50.000000000,QUERY_SPREAD,1
2019-06-28 12:41:51.745794900,QUERY_SPREAD,17
2019-06-28 12:41:51.745794900,BEST_ASK,"JPM,99771,198"
2019-06-28 12:42:00.000000000,QUERY_SPREAD,1
2019-06-28 12:42:00.000000000,QUERY_SPREAD,77
2019-06-28 12:42:00.000000000,QUERY_SPREAD,78
2019-06-28 12:42:00.000000000,QUERY_SPREAD,79
2019-06-28 12:42:00.000000000,QUERY_SPREAD,80
2019-06-28 12:42:00.000000000,QUERY_SPREAD,81
2019-06-28 12:42:00.000000000,QUERY_SPREAD,82
2019-06-28 12:42:00.000000000,QUERY_SPREAD,83
2019-06-28 12:42:00.000000000,QUERY_SPREAD,84
2019-06-28 12:42:00.000000000,QUERY_SPREAD,85
2019-06-28 12:42:00.000000000,QUERY_SPREAD,86
2019-06-28 12:42:00.000000000,QUERY_SPREAD,87
2019-06-28 12:42:00.000000000,QUERY_SPREAD,88
2019-06-28 12:42:00.000000000,QUERY_SPREAD,89
2019-06-28 12:42:00.000000000,QUERY_SPREAD,90
2019-06-28 12:42:00.000000000,QUERY_SPREAD,91
2019-06-28 12:42:00.000000000,QUERY_SPREAD,92
2019-06-28 12:42:00.000000000,QUERY_SPREAD,93
2019-06-28 12:42:00.000000000,QUERY_SPREAD,94
2019-06-28 12:42:00.000000000,QUERY_SPREAD,95
2019-06-28 12:42:00.000000000,QUERY_SPREAD,96
2019-06-28 12:42:00.000000000,QUERY_SPREAD,97
2019-06-28 12:42:00.000000000,QUERY_SPREAD,98
2019-06-28 12:42:00.000000000,QUERY_SPREAD,99
2019-06-28 12:42:00.000000000,QUERY_SPREAD,100
2019-06-28 12:42:00.000000000,QUERY_SPREAD,101
2019-06-28 12:42:10.000000000,QUERY_SPREAD,1
2019-06-28 12:42:20.000000000,QUERY_SPREAD,1
2019-06-28 12:42:30.000000000,QUERY_SPREAD,1
2019-06-28 12:42:40.000000000,QUERY_SPREAD,1
2019-06-28 12:42:44.044642103,QUERY_ORDER_STREAM,55
2019-06-28 12:42:44.044642103,QUERY_SPREAD,55
2019-06-28 12:42:44.044642103,BEST_BID,"JPM,99571,100"
2019-06-28 12:42:44.044642103,BEST_ASK,"JPM,99771,198"
2019-06-28 12:42:50.000000000,QUERY_SPREAD,1
2019-06-28 12:42:50.000000000,BEST_BID,"JPM,99571,286"
2019-06-28 12:42:50.000000000,BEST_ASK,"JPM,99771,198"
2019-06-28 12:42:50.000000000,BEST_BID,"JPM,99571,286"
2019-06-28 12:42:50.000000000,BEST_ASK,"JPM,99771,198"
2019-06-28 12:42:50.000000000,BEST_BID,"JPM,99571,286"
2019-06-28 12:42:50.000000000,BEST_ASK,"JPM,99771,384"
2019-06-28 12:42:50.000000000,BEST_BID,"JPM,99571,286"
2019-06-28 12:42:50.000000000,BEST_ASK,"JPM,99771,384"
2019-06-28 12:42:52.311683148,QUERY_ORDER_STREAM,56
2019-06-28 12:42:52.311683148,QUERY_SPREAD,56
2019-06-28 12:42:58.056537721,QUERY_SPREAD,34
2019-06-28 12:42:58.056537721,BEST_BID,"JPM,99571,286"
2019-06-28 12:42:58.056537721,BEST_ASK,"JPM,99771,384"
2019-06-28 12:43:00.000000000,QUERY_SPREAD,1
2019-06-28 12:43:00.000000000,BEST_BID,"JPM,99571,286"
2019-06-28 12:43:00.000000000,BEST_ASK,"JPM,99771,198"
2019-06-28 12:43:00.000000000,BEST_BID,"JPM,99571,286"
2019-06-28 12:43:00.000000000,BEST_ASK,"JPM,99771,198"
2019-06-28 12:43:00.000000000,BEST_BID,"JPM,99571,286"
2019-06-28 12:43:00.000000000,BEST_ASK,"JPM,99771,384"
2019-06-28 12:43:00.000000000,BEST_BID,"JPM,99571,286"
2019-06-28 12:43:00.000000000,BEST_ASK,"JPM,99771,384"
2019-06-28 12:43:00.000000000,QUERY_SPREAD,77
2019-06-28 12:43:00.000000000,BEST_BID,"JPM,99571,281"
2019-06-28 12:43:00.000000000,BEST_ASK,"JPM,99771,384"
2019-06-28 12:43:00.000000000,LAST_TRADE,"5,$99571.0000"
2019-06-28 12:43:00.000000000,QUERY_SPREAD,78
2019-06-28 12:43:00.000000000,BEST_BID,"JPM,99571,273"
2019-06-28 12:43:00.000000000,BEST_ASK,"JPM,99771,384"
2019-06-28 12:43:00.000000000,LAST_TRADE,"8,$99571.0000"
2019-06-28 12:43:00.000000000,QUERY_SPREAD,79
2019-06-28 12:43:00.000000000,BEST_BID,"JPM,99571,268"
2019-06-28 12:43:00.000000000,BEST_ASK,"JPM,99771,384"
2019-06-28 12:43:00.000000000,LAST_TRADE,"5,$99571.0000"
2019-06-28 12:43:00.000000000,QUERY_SPREAD,80
2019-06-28 12:43:00.000000000,BEST_BID,"JPM,99571,260"
2019-06-28 12:43:00.000000000,BEST_ASK,"JPM,99771,384"
2019-06-28 12:43:00.000000000,LAST_TRADE,"8,$99571.0000"
2019-06-28 12:43:00.000000000,QUERY_SPREAD,81
2019-06-28 12:43:00.000000000,BEST_BID,"JPM,99571,251"
2019-06-28 12:43:00.000000000,BEST_ASK,"JPM,99771,384"
2019-06-28 12:43:00.000000000,LAST_TRADE,"9,$99571.0000"
2019-06-28 12:43:00.000000000,QUERY_SPREAD,82
2019-06-28 12:43:00.000000000,BEST_BID,"JPM,99571,248"
2019-06-28 12:43:00.000000000,BEST_ASK,"JPM,99771,384"
2019-06-28 12:43:00.000000000,LAST_TRADE,"3,$99571.0000"
2019-06-28 12:43:00.000000000,QUERY_SPREAD,83
2019-06-28 12:43:00.000000000,BEST_BID,"JPM,99571,240"
2019-06-28 12:43:00.000000000,BEST_ASK,"JPM,99771,384"
2019-06-28 12:43:00.000000000,LAST_TRADE,"8,$99571.0000"
2019-06-28 12:43:00.000000000,QUERY_SPREAD,84
2019-06-28 12:43:00.000000000,BEST_BID,"JPM,99571,236"
2019-06-28 12:43:00.000000000,BEST_ASK,"JPM,99771,384"
2019-06-28 12:43:00.000000000,LAST_TRADE,"4,$99571.0000"
2019-06-28 12:43:00.000000000,QUERY_SPREAD,85
2019-06-28 12:43:00.000000000,BEST_BID,"JPM,99571,231"
2019-06-28 12:43:00.000000000,BEST_ASK,"JPM,99771,384"
2019-06-28 12:43:00.000000000,LAST_TRADE,"5,$99571.0000"
2019-06-28 12:43:00.000000000,QUERY_SPREAD,86
2019-06-28 12:43:00.000000000,BEST_BID,"JPM,99571,229"
2019-06-28 12:43:00.000000000,BEST_ASK,"JPM,99771,384"
2019-06-28 12:43:00.000000000,LAST_TRADE,"2,$99571.0000"
2019-06-28 12:43:00.000000000,QUERY_SPREAD,87
2019-06-28 12:43:00.000000000,BEST_BID,"JPM,99571,222"
2019-06-28 12:43:00.000000000,BEST_ASK,"JPM,99771,384"
2019-06-28 12:43:00.000000000,LAST_TRADE,"7,$99571.0000"
2019-06-28 12:43:00.000000000,QUERY_SPREAD,88
2019-06-28 12:43:00.000000000,BEST_BID,"JPM,99571,214"
2019-06-28 12:43:00.000000000,BEST_ASK,"JPM,99771,384"
2019-06-28 12:43:00.000000000,LAST_TRADE,"8,$99571.0000"
2019-06-28 12:43:00.000000000,QUERY_SPREAD,89
2019-06-28 12:43:00.000000000,BEST_BID,"JPM,99571,209"
2019-06-28 12:43:00.000000000,BEST_ASK,"JPM,99771,384"
2019-06-28 12:43:00.000000000,LAST_TRADE,"5,$99571.0000"
2019-06-28 12:43:00.000000000,QUERY_SPREAD,90
2019-06-28 12:43:00.000000000,BEST_BID,"JPM,99571,205"
2019-06-28 12:43:00.000000000,BEST_ASK,"JPM,99771,384"
2019-06-28 12:43:00.000000000,LAST_TRADE,"4,$99571.0000"
2019-06-28 12:43:00.000000000,QUERY_SPREAD,91
2019-06-28 12:43:00.000000000,BEST_BID,"JPM,99571,202"
2019-06-28 12:43:00.000000000,BEST_ASK,"JPM,99771,384"
2019-06-28 12:43:00.000000000,LAST_TRADE,"3,$99571.0000"
2019-06-28 12:43:00.000000000,QUERY_SPREAD,92
2019-06-28 12:43:00.000000000,BEST_BID,"JPM,99571,197"
2019-06-28 12:43:00.000000000,BEST_ASK,"JPM,99771,384"
2019-06-28 12:43:00.000000000,LAST_TRADE,"5,$99571.0000"
2019-06-28 12:43:00.000000000,QUERY_SPREAD,93
2019-06-28 12:43:00.000000000,BEST_BID,"JPM,99571,190"
2019-06-28 12:43:00.000000000,BEST_ASK,"JPM,99771,384"
2019-06-28 12:43:00.000000000,LAST_TRADE,"7,$99571.0000"
2019-06-28 12:43:00.000000000,QUERY_SPREAD,94
2019-06-28 12:43:00.000000000,BEST_BID,"JPM,99571,189"
2019-06-28 12:43:00.000000000,BEST_ASK,"JPM,99771,384"
2019-06-28 12:43:00.000000000,LAST_TRADE,"1,$99571.0000"
2019-06-28 12:43:00.000000000,QUERY_SPREAD,95
2019-06-28 12:43:00.000000000,BEST_BID,"JPM,99571,188"
2019-06-28 12:43:00.000000000,BEST_ASK,"JPM,99771,384"
2019-06-28 12:43:00.000000000,LAST_TRADE,"1,$99571.0000"
2019-06-28 12:43:00.000000000,QUERY_SPREAD,96
2019-06-28 12:43:00.000000000,BEST_BID,"JPM,99571,184"
2019-06-28 12:43:00.000000000,BEST_ASK,"JPM,99771,384"
2019-06-28 12:43:00.000000000,LAST_TRADE,"4,$99571.0000"
2019-06-28 12:43:00.000000000,QUERY_SPREAD,97
2019-06-28 12:43:00.000000000,BEST_BID,"JPM,99571,181"
2019-06-28 12:43:00.000000000,BEST_ASK,"JPM,99771,384"
2019-06-28 12:43:00.000000000,LAST_TRADE,"3,$99571.0000"
2019-06-28 12:43:00.000000000,QUERY_SPREAD,98
2019-06-28 12:43:00.000000000,BEST_BID,"JPM,99571,176"
2019-06-28 12:43:00.000000000,BEST_ASK,"JPM,99771,384"
2019-06-28 12:43:00.000000000,LAST_TRADE,"5,$99571.0000"
2019-06-28 12:43:00.000000000,QUERY_SPREAD,99
2019-06-28 12:43:00.000000000,BEST_BID,"JPM,99571,172"
2019-06-28 12:43:00.000000000,BEST_ASK,"JPM,99771,384"
2019-06-28 12:43:00.000000000,LAST_TRADE,"4,$99571.0000"
2019-06-28 12:43:00.000000000,QUERY_SPREAD,100
2019-06-28 12:43:00.000000000,BEST_BID,"JPM,99571,167"
2019-06-28 12:43:00.000000000,BEST_ASK,"JPM,99771,384"
2019-06-28 12:43:00.000000000,LAST_TRADE,"5,$99571.0000"
2019-06-28 12:43:00.000000000,QUERY_SPREAD,101
2019-06-28 12:43:00.000000000,BEST_BID,"JPM,99571,167"
2019-06-28 12:43:00.000000000,BEST_ASK,"JPM,99771,383"
2019-06-28 12:43:00.000000000,LAST_TRADE,"1,$99771.0000"
2019-06-28 12:43:06.333451646,QUERY_SPREAD,19
2019-06-28 12:43:06.333451646,BEST_BID,"JPM,99571,167"
2019-06-28 12:43:06.333451646,BEST_ASK,"JPM,99771,283"
2019-06-28 12:43:06.333451646,LAST_TRADE,"100,$99771.0000"
2019-06-28 12:43:10.000000000,QUERY_SPREAD,1
2019-06-28 12:43:20.000000000,QUERY_SPREAD,1
2019-06-28 12:43:30.000000000,QUERY_SPREAD,1
2019-06-28 12:43:40.000000000,QUERY_SPREAD,1
2019-06-28 12:43:41.632823528,QUERY_SPREAD,30
2019-06-28 12:43:41.632823528,BEST_BID,"JPM,99771,3"
2019-06-28 12:43:41.632823528,BEST_ASK,"JPM,99826,100"
2019-06-28 12:43:41.632823528,LAST_TRADE,"97,$99771.0000"
2019-06-28 12:43:46.210050055,QUERY_SPREAD,50
2019-06-28 12:43:46.210050055,BEST_BID,"JPM,99771,3"
2019-06-28 12:43:46.210050055,BEST_ASK,"JPM,99868,100"
2019-06-28 12:43:46.210050055,LAST_TRADE,"100,$99826.0000"
2019-06-28 12:43:50.000000000,QUERY_SPREAD,1
2019-06-28 12:43:50.000000000,BEST_BID,"JPM,99771,189"
2019-06-28 12:43:50.000000000,BEST_ASK,"JPM,99868,100"
2019-06-28 12:43:50.000000000,BEST_BID,"JPM,99771,189"
2019-06-28 12:43:50.000000000,BEST_ASK,"JPM,99868,100"
2019-06-28 12:43:50.000000000,BEST_BID,"JPM,99771,189"
2019-06-28 12:43:50.000000000,BEST_ASK,"JPM,99868,286"
2019-06-28 12:43:50.000000000,BEST_BID,"JPM,99771,189"
2019-06-28 12:43:50.000000000,BEST_ASK,"JPM,99868,286"
2019-06-28 12:44:00.000000000,QUERY_SPREAD,1
2019-06-28 12:44:00.000000000,BEST_BID,"JPM,99771,189"
2019-06-28 12:44:00.000000000,BEST_ASK,"JPM,99868,100"
2019-06-28 12:44:00.000000000,BEST_BID,"JPM,99771,189"
2019-06-28 12:44:00.000000000,BEST_ASK,"JPM,99868,100"
2019-06-28 12:44:00.000000000,BEST_BID,"JPM,99771,189"
2019-06-28 12:44:00.000000000,BEST_ASK,"JPM,99868,286"
2019-06-28 12:44:00.000000000,BEST_BID,"JPM,99771,189"
2019-06-28 12:44:00.000000000,BEST_ASK,"JPM,99868,286"
2019-06-28 12:44:00.000000000,QUERY_SPREAD,77
2019-06-28 12:44:00.000000000,BEST_BID,"JPM,99771,184"
2019-06-28 12:44:00.000000000,BEST_ASK,"JPM,99868,286"
2019-06-28 12:44:00.000000000,LAST_TRADE,"5,$99771.0000"
2019-06-28 12:44:00.000000000,QUERY_SPREAD,78
2019-06-28 12:44:00.000000000,BEST_BID,"JPM,99771,176"
2019-06-28 12:44:00.000000000,BEST_ASK,"JPM,99868,286"
2019-06-28 12:44:00.000000000,LAST_TRADE,"8,$99771.0000"
2019-06-28 12:44:00.000000000,QUERY_SPREAD,79
2019-06-28 12:44:00.000000000,BEST_BID,"JPM,99771,171"
2019-06-28 12:44:00.000000000,BEST_ASK,"JPM,99868,286"
2019-06-28 12:44:00.000000000,LAST_TRADE,"5,$99771.0000"
2019-06-28 12:44:00.000000000,QUERY_SPREAD,80
2019-06-28 12:44:00.000000000,BEST_BID,"JPM,99771,163"
2019-06-28 12:44:00.000000000,BEST_ASK,"JPM,99868,286"
2019-06-28 12:44:00.000000000,LAST_TRADE,"8,$99771.0000"
2019-06-28 12:44:00.000000000,QUERY_SPREAD,81
2019-06-28 12:44:00.000000000,BEST_BID,"JPM,99771,154"
2019-06-28 12:44:00.000000000,BEST_ASK,"JPM,99868,286"
2019-06-28 12:44:00.000000000,LAST_TRADE,"9,$99771.0000"
2019-06-28 12:44:00.000000000,QUERY_SPREAD,82
2019-06-28 12:44:00.000000000,BEST_BID,"JPM,99771,151"
2019-06-28 12:44:00.000000000,BEST_ASK,"JPM,99868,286"
2019-06-28 12:44:00.000000000,LAST_TRADE,"3,$99771.0000"
2019-06-28 12:44:00.000000000,QUERY_SPREAD,83
2019-06-28 12:44:00.000000000,BEST_BID,"JPM,99771,143"
2019-06-28 12:44:00.000000000,BEST_ASK,"JPM,99868,286"
2019-06-28 12:44:00.000000000,LAST_TRADE,"8,$99771.0000"
2019-06-28 12:44:00.000000000,QUERY_SPREAD,84
2019-06-28 12:44:00.000000000,BEST_BID,"JPM,99771,139"
2019-06-28 12:44:00.000000000,BEST_ASK,"JPM,99868,286"
2019-06-28 12:44:00.000000000,LAST_TRADE,"4,$99771.0000"
2019-06-28 12:44:00.000000000,QUERY_SPREAD,85
2019-06-28 12:44:00.000000000,BEST_BID,"JPM,99771,134"
2019-06-28 12:44:00.000000000,BEST_ASK,"JPM,99868,286"
2019-06-28 12:44:00.000000000,LAST_TRADE,"5,$99771.0000"
2019-06-28 12:44:00.000000000,QUERY_SPREAD,86
2019-06-28 12:44:00.000000000,BEST_BID,"JPM,99771,132"
2019-06-28 12:44:00.000000000,BEST_ASK,"JPM,99868,286"
2019-06-28 12:44:00.000000000,LAST_TRADE,"2,$99771.0000"
2019-06-28 12:44:00.000000000,QUERY_SPREAD,87
2019-06-28 12:44:00.000000000,BEST_BID,"JPM,99771,125"
2019-06-28 12:44:00.000000000,BEST_ASK,"JPM,99868,286"
2019-06-28 12:44:00.000000000,LAST_TRADE,"7,$99771.0000"
2019-06-28 12:44:00.000000000,QUERY_SPREAD,88
2019-06-28 12:44:00.000000000,BEST_BID,"JPM,99771,117"
2019-06-28 12:44:00.000000000,BEST_ASK,"JPM,99868,286"
2019-06-28 12:44:00.000000000,LAST_TRADE,"8,$99771.0000"
2019-06-28 12:44:00.000000000,QUERY_SPREAD,89
2019-06-28 12:44:00.000000000,BEST_BID,"JPM,99771,112"
2019-06-28 12:44:00.000000000,BEST_ASK,"JPM,99868,286"
2019-06-28 12:44:00.000000000,LAST_TRADE,"5,$99771.0000"
2019-06-28 12:44:00.000000000,QUERY_SPREAD,90
2019-06-28 12:44:00.000000000,BEST_BID,"JPM,99771,108"
2019-06-28 12:44:00.000000000,BEST_ASK,"JPM,99868,286"
2019-06-28 12:44:00.000000000,LAST_TRADE,"4,$99771.0000"
2019-06-28 12:44:00.000000000,QUERY_SPREAD,91
2019-06-28 12:44:00.000000000,BEST_BID,"JPM,99771,105"
2019-06-28 12:44:00.000000000,BEST_ASK,"JPM,99868,286"
2019-06-28 12:44:00.000000000,LAST_TRADE,"3,$99771.0000"
2019-06-28 12:44:00.000000000,QUERY_SPREAD,92
2019-06-28 12:44:00.000000000,BEST_BID,"JPM,99771,100"
2019-06-28 12:44:00.000000000,BEST_ASK,"JPM,99868,286"
2019-06-28 12:44:00.000000000,LAST_TRADE,"5,$99771.0000"
2019-06-28 12:44:00.000000000,QUERY_SPREAD,93
2019-06-28 12:44:00.000000000,BEST_BID,"JPM,99771,93"
2019-06-28 12:44:00.000000000,BEST_ASK,"JPM,99868,286"
2019-06-28 12:44:00.000000000,LAST_TRADE,"7,$99771.0000"
2019-06-28 12:44:00.000000000,QUERY_SPREAD,94
2019-06-28 12:44:00.000000000,BEST_BID,"JPM,99771,92"
2019-06-28 12:44:00.000000000,BEST_ASK,"JPM,99868,286"
2019-06-28 12:44:00.000000000,LAST_TRADE,"1,$99771.0000"
2019-06-28 12:44:00.000000000,QUERY_SPREAD,95
2019-06-28 12:44:00.000000000,BEST_BID,"JPM,99771,91"
2019-06-28 12:44:00.000000000,BEST_ASK,"JPM,99868,286"
2019-06-28 12:44:00.000000000,LAST_TRADE,"1,$99771.0000"
2019-06-28 12:44:00.000000000,QUERY_SPREAD,96
2019-06-28 12:44:00.000000000,BEST_BID,"JPM,99771,87"
2019-06-28 12:44:00.000000000,BEST_ASK,"JPM,99868,286"
2019-06-28 12:44:00.000000000,LAST_TRADE,"4,$99771.0000"
2019-06-28 12:44:00.000000000,QUERY_SPREAD,97
2019-06-28 12:44:00.000000000,BEST_BID,"JPM,99771,84"
2019-06-28 12:44:00.000000000,BEST_ASK,"JPM,99868,286"
2019-06-28 12:44:00.000000000,LAST_TRADE,"3,$99771.0000"
2019-06-28 12:44:00.000000000,QUERY_SPREAD,98
2019-06-28 12:44:00.000000000,BEST_BID,"JPM,99771,79"
2019-06-28 12:44:00.000000000,BEST_ASK,"JPM,99868,286"
2019-06-28 12:44:00.000000000,LAST_TRADE,"5,$99771.0000"
2019-06-28 12:44:00.000000000,QUERY_SPREAD,99
2019-06-28 12:44:00.000000000,BEST_BID,"JPM,99771,75"
2019-06-28 12:44:00.000000000,BEST_ASK,"JPM,99868,286"
2019-06-28 12:44:00.000000000,LAST_TRADE,"4,$99771.0000"
2019-06-28 12:44:00.000000000,QUERY_SPREAD,100
2019-06-28 12:44:00.000000000,BEST_BID,"JPM,99771,70"
2019-06-28 12:44:00.000000000,BEST_ASK,"JPM,99868,286"
2019-06-28 12:44:00.000000000,LAST_TRADE,"5,$99771.0000"
2019-06-28 12:44:00.000000000,QUERY_SPREAD,101
2019-06-28 12:44:00.000000000,BEST_BID,"JPM,99771,70"
2019-06-28 12:44:00.000000000,BEST_ASK,"JPM,99868,285"
2019-06-28 12:44:00.000000000,LAST_TRADE,"1,$99868.0000"
2019-06-28 12:44:10.000000000,QUERY_SPREAD,1
2019-06-28 12:44:20.000000000,QUERY_SPREAD,1
2019-06-28 12:44:30.000000000,QUERY_SPREAD,1
2019-06-28 12:44:40.000000000,QUERY_SPREAD,1
2019-06-28 12:44:50.000000000,QUERY_SPREAD,1
2019-06-28 12:45:00.000000000,QUERY_SPREAD,1
2019-06-28 12:45:00.000000000,QUERY_SPREAD,77
2019-06-28 12:45:00.000000000,QUERY_SPREAD,78
2019-06-28 12:45:00.000000000,QUERY_SPREAD,79
2019-06-28 12:45:00.000000000,QUERY_SPREAD,80
2019-06-28 12:45:00.000000000,QUERY_SPREAD,81
2019-06-28 12:45:00.000000000,QUERY_SPREAD,82
2019-06-28 12:45:00.000000000,QUERY_SPREAD,83
2019-06-28 12:45:00.000000000,QUERY_SPREAD,84
2019-06-28 12:45:00.000000000,QUERY_SPREAD,85
2019-06-28 12:45:00.000000000,QUERY_SPREAD,86
2019-06-28 12:45:00.000000000,QUERY_SPREAD,87
2019-06-28 12:45:00.000000000,QUERY_SPREAD,88
2019-06-28 12:45:00.000000000,QUERY_SPREAD,89
2019-06-28 12:45:00.000000000,QUERY_SPREAD,90
2019-06-28 12:45:00.000000000,QUERY_SPREAD,91
2019-06-28 12:45:00.000000000,QUERY_SPREAD,92
2019-06-28 12:45:00.000000000,QUERY_SPREAD,93
2019-06-28 12:45:00.000000000,QUERY_SPREAD,94
2019-06-28 12:45:00.000000000,QUERY_SPREAD,95
2019-06-28 12:45:00.000000000,QUERY_SPREAD,96
2019-06-28 12:45:00.000000000,QUERY_SPREAD,97
2019-06-28 12:45:00.000000000,QUERY_SPREAD,98
2019-06-28 12:45:00.000000000,QUERY_SPREAD,99
2019-06-28 12:45:00.000000000,QUERY_SPREAD,100
2019-06-28 12:45:00.000000000,QUERY_SPREAD,101
2019-06-28 12:45:08.625647522,QUERY_SPREAD,13
2019-06-28 12:45:08.625647522,BEST_ASK,"JPM,99868,99"
2019-06-28 12:45:10.000000000,QUERY_SPREAD,1
2019-06-28 12:45:20.000000000,QUERY_SPREAD,1
2019-06-28 12:45:21.402195687,QUERY_SPREAD,31
2019-06-28 12:45:21.402195687,BEST_ASK,"JPM,99868,99"
2019-06-28 12:45:21.606939691,QUERY_SPREAD,33
2019-06-28 12:45:21.606939691,BEST_ASK,"JPM,99868,99"
2019-06-28 12:45:30.000000000,QUERY_SPREAD,1
2019-06-28 12:45:36.142609109,QUERY_SPREAD,33
2019-06-28 12:45:36.142609109,BEST_BID,"JPM,99868,1"
2019-06-28 12:45:36.142609109,BEST_ASK,"JPM,99904,100"
2019-06-28 12:45:36.142609109,LAST_TRADE,"99,$99868.0000"
2019-06-28 12:45:40.000000000,QUERY_SPREAD,1
2019-06-28 12:45:40.000000000,BEST_BID,"JPM,99868,94"
2019-06-28 12:45:40.000000000,BEST_ASK,"JPM,99904,100"
2019-06-28 12:45:40.000000000,BEST_BID,"JPM,99868,94"
2019-06-28 12:45:40.000000000,BEST_ASK,"JPM,99904,100"
2019-06-28 12:45:40.000000000,BEST_BID,"JPM,99868,94"
2019-06-28 12:45:40.000000000,BEST_ASK,"JPM,99904,193"
2019-06-28 12:45:40.000000000,BEST_BID,"JPM,99868,94"
2019-06-28 12:45:40.000000000,BEST_ASK,"JPM,99904,193"
2019-06-28 12:45:40.000000000,BEST_BID,"JPM,99868,94"
2019-06-28 12:45:40.000000000,BEST_ASK,"JPM,99904,193"
2019-06-28 12:45:40.000000000,BEST_BID,"JPM,99868,94"
2019-06-28 12:45:40.000000000,BEST_ASK,"JPM,99904,193"
2019-06-28 12:45:50.000000000,QUERY_SPREAD,1
2019-06-28 12:45:50.000000000,BEST_BID,"JPM,99868,187"
2019-06-28 12:45:50.000000000,BEST_ASK,"JPM,99904,100"
2019-06-28 12:45:50.000000000,BEST_BID,"JPM,99868,187"
2019-06-28 12:45:50.000000000,BEST_ASK,"JPM,99904,100"
2019-06-28 12:45:50.000000000,BEST_BID,"JPM,99868,187"
2019-06-28 12:45:50.000000000,BEST_ASK,"JPM,99904,286"
2019-06-28 12:45:50.000000000,BEST_BID,"JPM,99868,187"
2019-06-28 12:45:50.000000000,BEST_ASK,"JPM,99904,286"
2019-06-28 12:46:00.000000000,QUERY_SPREAD,1
2019-06-28 12:46:00.000000000,BEST_BID,"JPM,99868,75"
2019-06-28 12:46:00.000000000,BEST_ASK,"JPM,99904,100"
2019-06-28 12:46:00.000000000,BEST_BID,"JPM,99868,75"
2019-06-28 12:46:00.000000000,BEST_ASK,"JPM,99904,100"
2019-06-28 12:46:00.000000000,BEST_BID,"JPM,99868,75"
2019-06-28 12:46:00.000000000,BEST_ASK,"JPM,99904,174"
2019-06-28 12:46:00.000000000,BEST_BID,"JPM,99868,75"
2019-06-28 12:46:00.000000000,BEST_ASK,"JPM,99904,174"
2019-06-28 12:46:00.000000000,BEST_BID,"JPM,99868,75"
2019-06-28 12:46:00.000000000,BEST_ASK,"JPM,99904,174"
2019-06-28 12:46:00.000000000,BEST_BID,"JPM,99868,75"
2019-06-28 12:46:00.000000000,BEST_ASK,"JPM,99904,174"
2019-06-28 12:46:00.000000000,BEST_BID,"JPM,99868,75"
2019-06-28 12:46:00.000000000,BEST_ASK,"JPM,99904,174"
2019-06-28 12:46:00.000000000,QUERY_SPREAD,77
2019-06-28 12:46:00.000000000,BEST_BID,"JPM,99868,70"
2019-06-28 12:46:00.000000000,BEST_ASK,"JPM,99904,174"
2019-06-28 12:46:00.000000000,LAST_TRADE,"5,$99868.0000"
2019-06-28 12:46:00.000000000,QUERY_SPREAD,78
2019-06-28 12:46:00.000000000,BEST_BID,"JPM,99868,62"
2019-06-28 12:46:00.000000000,BEST_ASK,"JPM,99904,174"
2019-06-28 12:46:00.000000000,LAST_TRADE,"8,$99868.0000"
2019-06-28 12:46:00.000000000,QUERY_SPREAD,79
2019-06-28 12:46:00.000000000,BEST_BID,"JPM,99868,57"
2019-06-28 12:46:00.000000000,BEST_ASK,"JPM,99904,174"
2019-06-28 12:46:00.000000000,LAST_TRADE,"5,$99868.0000"
2019-06-28 12:46:00.000000000,QUERY_SPREAD,80
2019-06-28 12:46:00.000000000,BEST_BID,"JPM,99868,49"
2019-06-28 12:46:00.000000000,BEST_ASK,"JPM,99904,174"
2019-06-28 12:46:00.000000000,LAST_TRADE,"8,$99868.0000"
2019-06-28 12:46:00.000000000,QUERY_SPREAD,81
2019-06-28 12:46:00.000000000,BEST_BID,"JPM,99868,40"
2019-06-28 12:46:00.000000000,BEST_ASK,"JPM,99904,174"
2019-06-28 12:46:00.000000000,LAST_TRADE,"9,$99868.0000"
2019-06-28 12:46:00.000000000,QUERY_SPREAD,82
2019-06-28 12:46:00.000000000,BEST_BID,"JPM,99868,37"
2019-06-28 12:46:00.000000000,BEST_ASK,"JPM,99904,174"
2019-06-28 12:46:00.000000000,LAST_TRADE,"3,$99868.0000"
2019-06-28 12:46:00.000000000,QUERY_SPREAD,83
2019-06-28 12:46:00.000000000,BEST_BID,"JPM,99868,29"
2019-06-28 12:46:00.000000000,BEST_ASK,"JPM,99904,174"
2019-06-28 12:46:00.000000000,LAST_TRADE,"8,$99868.0000"
2019-06-28 12:46:00.000000000,QUERY_SPREAD,84
2019-06-28 12:46:00.000000000,BEST_BID,"JPM,99868,25"
2019-06-28 12:46:00.000000000,BEST_ASK,"JPM,99904,174"
2019-06-28 12:46:00.000000000,LAST_TRADE,"4,$99868.0000"
2019-06-28 12:46:00.000000000,QUERY_SPREAD,85
2019-06-28 12:46:00.000000000,BEST_BID,"JPM,99868,20"
2019-06-28 12:46:00.000000000,BEST_ASK,"JPM,99904,174"
2019-06-28 12:46:00.000000000,LAST_TRADE,"5,$99868.0000"
2019-06-28 12:46:00.000000000,QUERY_SPREAD,86
2019-06-28 12:46:00.000000000,BEST_BID,"JPM,99868,18"
2019-06-28 12:46:00.000000000,BEST_ASK,"JPM,99904,174"
2019-06-28 12:46:00.000000000,LAST_TRADE,"2,$99868.0000"
2019-06-28 12:46:00.000000000,QUERY_SPREAD,87
2019-06-28 12:46:00.000000000,BEST_BID,"JPM,99868,11"
2019-06-28 12:46:00.000000000,BEST_ASK,"JPM,99904,174"
2019-06-28 12:46:00.000000000,LAST_TRADE,"7,$99868.0000"
2019-06-28 12:46:00.000000000,QUERY_SPREAD,88
2019-06-28 12:46:00.000000000,BEST_BID,"JPM,99868,3"
2019-06-28 12:46:00.000000000,BEST_ASK,"JPM,99904,174"
2019-06-28 12:46:00.000000000,LAST_TRADE,"8,$99868.0000"
2019-06-28 12:46:00.000000000,QUERY_SPREAD,89
2019-06-28 12:46:00.000000000,BEST_BID,"JPM,99867,74"
2019-06-28 12:46:00.000000000,BEST_ASK,"JPM,99868,2"
2019-06-28 12:46:00.000000000,LAST_TRADE,"3,$99868.0000"
2019-06-28 12:46:00.000000000,QUERY_SPREAD,90
2019-06-28 12:46:00.000000000,BEST_BID,"JPM,99867,70"
2019-06-28 12:46:00.000000000,BEST_ASK,"JPM,99868,2"
2019-06-28 12:46:00.000000000,LAST_TRADE,"4,$99867.0000"
2019-06-28 12:46:00.000000000,QUERY_SPREAD,91
2019-06-28 12:46:00.000000000,BEST_BID,"JPM,99867,67"
2019-06-28 12:46:00.000000000,BEST_ASK,"JPM,99868,2"
2019-06-28 12:46:00.000000000,LAST_TRADE,"3,$99867.0000"
2019-06-28 12:46:00.000000000,QUERY_SPREAD,92
2019-06-28 12:46:00.000000000,BEST_BID,"JPM,99867,62"
2019-06-28 12:46:00.000000000,BEST_ASK,"JPM,99868,2"
2019-06-28 12:46:00.000000000,LAST_TRADE,"5,$99867.0000"
2019-06-28 12:46:00.000000000,QUERY_SPREAD,93
2019-06-28 12:46:00.000000000,BEST_BID,"JPM,99867,55"
2019-06-28 12:46:00.000000000,BEST_ASK,"JPM,99868,2"
2019-06-28 12:46:00.000000000,LAST_TRADE,"7,$99867.0000"
2019-06-28 12:46:00.000000000,QUERY_SPREAD,94
2019-06-28 12:46:00.000000000,BEST_BID,"JPM,99867,54"
2019-06-28 12:46:00.000000000,BEST_ASK,"JPM,99868,2"
2019-06-28 12:46:00.000000000,LAST_TRADE,"1,$99867.0000"
2019-06-28 12:46:00.000000000,QUERY_SPREAD,95
2019-06-28 12:46:00.000000000,BEST_BID,"JPM,99867,53"
2019-06-28 12:46:00.000000000,BEST_ASK,"JPM,99868,2"
2019-06-28 12:46:00.000000000,LAST_TRADE,"1,$99867.0000"
2019-06-28 12:46:00.000000000,QUERY_SPREAD,96
2019-06-28 12:46:00.000000000,BEST_BID,"JPM,99867,49"
2019-06-28 12:46:00.000000000,BEST_ASK,"JPM,99868,2"
2019-06-28 12:46:00.000000000,LAST_TRADE,"4,$99867.0000"
2019-06-28 12:46:00.000000000,QUERY_SPREAD,97
2019-06-28 12:46:00.000000000,BEST_BID,"JPM,99867,46"
2019-06-28 12:46:00.000000000,BEST_ASK,"JPM,99868,2"
2019-06-28 12:46:00.000000000,LAST_TRADE,"3,$99867.0000"
2019-06-28 12:46:00.000000000,QUERY_SPREAD,98
2019-06-28 12:46:00.000000000,BEST_BID,"JPM,99867,41"
2019-06-28 12:46:00.000000000,BEST_ASK,"JPM,99868,2"
2019-06-28 12:46:00.000000000,LAST_TRADE,"5,$99867.0000"
2019-06-28 12:46:00.000000000,QUERY_SPREAD,99
2019-06-28 12:46:00.000000000,BEST_BID,"JPM,99867,37"
2019-06-28 12:46:00.000000000,BEST_ASK,"JPM,99868,2"
2019-06-28 12:46:00.000000000,LAST_TRADE,"4,$99867.0000"
2019-06-28 12:46:00.000000000,QUERY_SPREAD,100
2019-06-28 12:46:00.000000000,BEST_BID,"JPM,99867,32"
2019-06-28 12:46:00.000000000,BEST_ASK,"JPM,99868,2"
2019-06-28 12:46:00.000000000,LAST_TRADE,"5,$99867.0000"
2019-06-28 12:46:00.000000000,QUERY_SPREAD,101
2019-06-28 12:46:00.000000000,BEST_BID,"JPM,99867,32"
2019-06-28 12:46:00.000000000,BEST_ASK,"JPM,99868,1"
2019-06-28 12:46:00.000000000,LAST_TRADE,"1,$99868.0000"
2019-06-28 12:46:08.799807215,QUERY_ORDER_STREAM,64
2019-06-28 12:46:08.799807215,QUERY_SPREAD,64
2019-06-28 12:46:08.799807215,BEST_BID,"JPM,99867,132"
2019-06-28 12:46:08.799807215,BEST_ASK,"JPM,99868,1"
2019-06-28 12:46:10.000000000,QUERY_SPREAD,1
2019-06-28 12:46:10.000000000,BEST_BID,"JPM,99867,226"
2019-06-28 12:46:10.000000000,BEST_ASK,"JPM,99868,1"
2019-06-28 12:46:10.000000000,BEST_BID,"JPM,99867,226"
2019-06-28 12:46:10.000000000,BEST_ASK,"JPM,99868,1"
2019-06-28 12:46:10.000000000,BEST_BID,"JPM,99867,226"
2019-06-28 12:46:10.000000000,BEST_ASK,"JPM,99868,127"
2019-06-28 12:46:10.000000000,BEST_BID,"JPM,99867,226"
2019-06-28 12:46:10.000000000,BEST_ASK,"JPM,99868,127"
2019-06-28 12:46:10.000000000,BEST_BID,"JPM,99867,226"
2019-06-28 12:46:10.000000000,BEST_ASK,"JPM,99868,127"
2019-06-28 12:46:20.000000000,QUERY_SPREAD,1
2019-06-28 12:46:20.000000000,BEST_BID,"JPM,99867,471"
2019-06-28 12:46:20.000000000,BEST_ASK,"JPM,99868,1"
2019-06-28 12:46:20.000000000,BEST_BID,"JPM,99867,471"
2019-06-28 12:46:20.000000000,BEST_ASK,"JPM,99868,372"
2019-06-28 12:46:21.360283685,QUERY_SPREAD,38
2019-06-28 12:46:21.360283685,BEST_BID,"JPM,99867,471"
2019-06-28 12:46:21.360283685,BEST_ASK,"JPM,99868,372"
2019-06-28 12:46:30.000000000,QUERY_SPREAD,1
2019-06-28 12:46:30.000000000,BEST_BID,"JPM,99867,174"
2019-06-28 12:46:30.000000000,BEST_ASK,"JPM,99868,1"
2019-06-28 12:46:30.000000000,BEST_BID,"JPM,99867,174"
2019-06-28 12:46:30.000000000,BEST_ASK,"JPM,99868,1"
2019-06-28 12:46:30.000000000,BEST_BID,"JPM,99867,174"
2019-06-28 12:46:30.000000000,BEST_ASK,"JPM,99868,75"
2019-06-28 12:46:30.000000000,BEST_BID,"JPM,99867,174"
2019-06-28 12:46:30.000000000,BEST_ASK,"JPM,99868,75"
2019-06-28 12:46:30.000000000,BEST_BID,"JPM,99867,174"
2019-06-28 12:46:30.000000000,BEST_ASK,"JPM,99868,75"
2019-06-28 12:46:30.000000000,BEST_BID,"JPM,99867,174"
2019-06-28 12:46:30.000000000,BEST_ASK,"JPM,99868,75"
2019-06-28 12:46:30.000000000,BEST_BID,"JPM,99867,174"
2019-06-28 12:46:30.000000000,BEST_ASK,"JPM,99868,75"
2019-06-28 12:46:36.351533311,QUERY_SPREAD,7
2019-06-28 12:46:36.351533311,BEST_BID,"JPM,99867,174"
2019-06-28 12:46:36.351533311,BEST_ASK,"JPM,99868,75"
2019-06-28 12:46:36.683794254,QUERY_SPREAD,25
2019-06-28 12:46:36.683794254,BEST_BID,"JPM,99868,25"
2019-06-28 12:46:36.683794254,BEST_ASK,"JPM,99904,174"
2019-06-28 12:46:36.683794254,LAST_TRADE,"75,$99868.0000"
2019-06-28 12:46:40.000000000,QUERY_SPREAD,1
2019-06-28 12:46:40.000000000,BEST_BID,"JPM,99868,118"
2019-06-28 12:46:40.000000000,BEST_ASK,"JPM,99904,100"
2019-06-28 12:46:40.000000000,BEST_BID,"JPM,99868,118"
2019-06-28 12:46:40.000000000,BEST_ASK,"JPM,99904,100"
2019-06-28 12:46:40.000000000,BEST_BID,"JPM,99868,118"
2019-06-28 12:46:40.000000000,BEST_ASK,"JPM,99904,100"
2019-06-28 12:46:40.000000000,BEST_BID,"JPM,99868,118"
2019-06-28 12:46:40.000000000,BEST_ASK,"JPM,99904,193"
2019-06-28 12:46:40.000000000,BEST_BID,"JPM,99868,118"
2019-06-28 12:46:40.000000000,BEST_ASK,"JPM,99904,193"
2019-06-28 12:46:40.000000000,BEST_BID,"JPM,99868,118"
2019-06-28 12:46:40.000000000,BEST_ASK,"JPM,99904,193"
2019-06-28 12:46:40.000000000,BEST_BID,"JPM,99868,118"
2019-06-28 12:46:40.000000000,BEST_ASK,"JPM,99904,193"
2019-06-28 12:46:50.000000000,QUERY_SPREAD,1
2019-06-28 12:46:50.000000000,BEST_BID,"JPM,99868,99"
2019-06-28 12:46:50.000000000,BEST_ASK,"JPM,99904,100"
2019-06-28 12:46:50.000000000,BEST_BID,"JPM,99868,99"
2019-06-28 12:46:50.000000000,BEST_ASK,"JPM,99904,100"
2019-06-28 12:46:50.000000000,BEST_BID,"JPM,99868,99"
2019-06-28 12:46:50.000000000,BEST_ASK,"JPM,99904,100"
2019-06-28 12:46:50.000000000,BEST_BID,"JPM,99868,99"
2019-06-28 12:46:50.000000000,BEST_ASK,"JPM,99904,174"
2019-06-28 12:46:50.000000000,BEST_BID,"JPM,99868,99"
2019-06-28 12:46:50.000000000,BEST_ASK,"JPM,99904,174"
2019-06-28 12:46:50.000000000,BEST_BID,"JPM,99868,99"
2019-06-28 12:46:50.000000000,BEST_ASK,"JPM,99904,174"
2019-06-28 12:46:50.000000000,BEST_BID,"JPM,99868,99"
2019-06-28 12:46:50.000000000,BEST_ASK,"JPM,99904,174"
2019-06-28 12:46:50.000000000,BEST_BID,"JPM,99868,99"
2019-06-28 12:46:50.000000000,BEST_ASK,"JPM,99904,174"
2019-06-28 12:46:51.602065038,QUERY_SPREAD,34
2019-06-28 12:46:51.602065038,BEST_BID,"JPM,99868,99"
2019-06-28 12:46:51.602065038,BEST_ASK,"JPM,99904,174"
2019-06-28 12:46:58.476153400,QUERY_ORDER_STREAM,53
2019-06-28 12:46:58.476153400,QUERY_SPREAD,53
2019-06-28 12:46:58.476153400,BEST_BID,"JPM,99868,199"
2019-06-28 12:46:58.476153400,BEST_ASK,"JPM,99904,174"
2019-06-28 12:47:00.000000000,QUERY_SPREAD,1
2019-06-28 12:47:00.000000000,BEST_BID,"JPM,99868,496"
2019-06-28 12:47:00.000000000,BEST_ASK,"JPM,99904,100"
2019-06-28 12:47:00.000000000,BEST_BID,"JPM,99868,496"
2019-06-28 12:47:00.000000000,BEST_ASK,"JPM,99904,471"
2019-06-28 12:47:00.000000000,QUERY_SPREAD,77
2019-06-28 12:47:00.000000000,BEST_BID,"JPM,99868,491"
2019-06-28 12:47:00.000000000,BEST_ASK,"JPM,99904,471"
2019-06-28 12:47:00.000000000,LAST_TRADE,"5,$99868.0000"
2019-06-28 12:47:00.000000000,QUERY_SPREAD,78
2019-06-28 12:47:00.000000000,BEST_BID,"JPM,99868,483"
2019-06-28 12:47:00.000000000,BEST_ASK,"JPM,99904,471"
2019-06-28 12:47:00.000000000,LAST_TRADE,"8,$99868.0000"
2019-06-28 12:47:00.000000000,QUERY_SPREAD,79
2019-06-28 12:47:00.000000000,BEST_BID,"JPM,99868,478"
2019-06-28 12:47:00.000000000,BEST_ASK,"JPM,99904,471"
2019-06-28 12:47:00.000000000,LAST_TRADE,"5,$99868.0000"
2019-06-28 12:47:00.000000000,QUERY_SPREAD,80
2019-06-28 12:47:00.000000000,BEST_BID,"JPM,99868,470"
2019-06-28 12:47:00.000000000,BEST_ASK,"JPM,99904,471"
2019-06-28 12:47:00.000000000,LAST_TRADE,"8,$99868.0000"
2019-06-28 12:47:00.000000000,QUERY_SPREAD,81
2019-06-28 12:47:00.000000000,BEST_BID,"JPM,99868,461"
2019-06-28 12:47:00.000000000,BEST_ASK,"JPM,99904,471"
2019-06-28 12:47:00.000000000,LAST_TRADE,"9,$99868.0000"
2019-06-28 12:47:00.000000000,QUERY_SPREAD,82
2019-06-28 12:47:00.000000000,BEST_BID,"JPM,99868,458"
2019-06-28 12:47:00.000000000,BEST_ASK,"JPM,99904,471"
2019-06-28 12:47:00.000000000,LAST_TRADE,"3,$99868.0000"
2019-06-28 12:47:00.000000000,QUERY_SPREAD,83
2019-06-28 12:47:00.000000000,BEST_BID,"JPM,99868,450"
2019-06-28 12:47:00.000000000,BEST_ASK,"JPM,99904,471"
2019-06-28 12:47:00.000000000,LAST_TRADE,"8,$99868.0000"
2019-06-28 12:47:00.000000000,QUERY_SPREAD,84
2019-06-28 12:47:00.000000000,BEST_BID,"JPM,99868,446"
2019-06-28 12:47:00.000000000,BEST_ASK,"JPM,99904,471"
2019-06-28 12:47:00.000000000,LAST_TRADE,"4,$99868.0000"
2019-06-28 12:47:00.000000000,QUERY_SPREAD,85
2019-06-28 12:47:00.000000000,BEST_BID,"JPM,99868,441"
2019-06-28 12:47:00.000000000,BEST_ASK,"JPM,99904,471"
2019-06-28 12:47:00.000000000,LAST_TRADE,"5,$99868.0000"
2019-06-28 12:47:00.000000000,QUERY_SPREAD,86
2019-06-28 12:47:00.000000000,BEST_BID,"JPM,99868,439"
2019-06-28 12:47:00.000000000,BEST_ASK,"JPM,99904,471"
2019-06-28 12:47:00.000000000,LAST_TRADE,"2,$99868.0000"
2019-06-28 12:47:00.000000000,QUERY_SPREAD,87
2019-06-28 12:47:00.000000000,BEST_BID,"JPM,99868,432"
2019-06-28 12:47:00.000000000,BEST_ASK,"JPM,99904,471"
2019-06-28 12:47:00.000000000,LAST_TRADE,"7,$99868.0000"
2019-06-28 12:47:00.000000000,QUERY_SPREAD,88
2019-06-28 12:47:00.000000000,BEST_BID,"JPM,99868,424"
2019-06-28 12:47:00.000000000,BEST_ASK,"JPM,99904,471"
2019-06-28 12:47:00.000000000,LAST_TRADE,"8,$99868.0000"
2019-06-28 12:47:00.000000000,QUERY_SPREAD,89
2019-06-28 12:47:00.000000000,BEST_BID,"JPM,99868,419"
2019-06-28 12:47:00.000000000,BEST_ASK,"JPM,99904,471"
2019-06-28 12:47:00.000000000,LAST_TRADE,"5,$99868.0000"
2019-06-28 12:47:00.000000000,QUERY_SPREAD,90
2019-06-28 12:47:00.000000000,BEST_BID,"JPM,99868,415"
2019-06-28 12:47:00.000000000,BEST_ASK,"JPM,99904,471"
2019-06-28 12:47:00.000000000,LAST_TRADE,"4,$99868.0000"
2019-06-28 12:47:00.000000000,QUERY_SPREAD,91
2019-06-28 12:47:00.000000000,BEST_BID,"JPM,99868,412"
2019-06-28 12:47:00.000000000,BEST_ASK,"JPM,99904,471"
2019-06-28 12:47:00.000000000,LAST_TRADE,"3,$99868.0000"
2019-06-28 12:47:00.000000000,QUERY_SPREAD,92
2019-06-28 12:47:00.000000000,BEST_BID,"JPM,99868,407"
2019-06-28 12:47:00.000000000,BEST_ASK,"JPM,99904,471"
2019-06-28 12:47:00.000000000,LAST_TRADE,"5,$99868.0000"
2019-06-28 12:47:00.000000000,QUERY_SPREAD,93
2019-06-28 12:47:00.000000000,BEST_BID,"JPM,99868,400"
2019-06-28 12:47:00.000000000,BEST_ASK,"JPM,99904,471"
2019-06-28 12:47:00.000000000,LAST_TRADE,"7,$99868.0000"
2019-06-28 12:47:00.000000000,QUERY_SPREAD,94
2019-06-28 12:47:00.000000000,BEST_BID,"JPM,99868,399"
2019-06-28 12:47:00.000000000,BEST_ASK,"JPM,99904,471"
2019-06-28 12:47:00.000000000,LAST_TRADE,"1,$99868.0000"
2019-06-28 12:47:00.000000000,QUERY_SPREAD,95
2019-06-28 12:47:00.000000000,BEST_BID,"JPM,99868,398"
2019-06-28 12:47:00.000000000,BEST_ASK,"JPM,99904,471"
2019-06-28 12:47:00.000000000,LAST_TRADE,"1,$99868.0000"
2019-06-28 12:47:00.000000000,QUERY_SPREAD,96
2019-06-28 12:47:00.000000000,BEST_BID,"JPM,99868,394"
2019-06-28 12:47:00.000000000,BEST_ASK,"JPM,99904,471"
2019-06-28 12:47:00.000000000,LAST_TRADE,"4,$99868.0000"
2019-06-28 12:47:00.000000000,QUERY_SPREAD,97
2019-06-28 12:47:00.000000000,BEST_BID,"JPM,99868,391"
2019-06-28 12:47:00.000000000,BEST_ASK,"JPM,99904,471"
2019-06-28 12:47:00.000000000,LAST_TRADE,"3,$99868.0000"
2019-06-28 12:47:00.000000000,QUERY_SPREAD,98
2019-06-28 12:47:00.000000000,BEST_BID,"JPM,99868,386"
2019-06-28 12:47:00.000000000,BEST_ASK,"JPM,99904,471"
2019-06-28 12:47:00.000000000,LAST_TRADE,"5,$99868.0000"
2019-06-28 12:47:00.000000000,QUERY_SPREAD,99
2019-06-28 12:47:00.000000000,BEST_BID,"JPM,99868,382"
2019-06-28 12:47:00.000000000,BEST_ASK,"JPM,99904,471"
2019-06-28 12:47:00.000000000,LAST_TRADE,"4,$99868.0000"
2019-06-28 12:47:00.000000000,QUERY_SPREAD,100
2019-06-28 12:47:00.000000000,BEST_BID,"JPM,99868,377"
2019-06-28 12:47:00.000000000,BEST_ASK,"JPM,99904,471"
2019-06-28 12:47:00.000000000,LAST_TRADE,"5,$99868.0000"
2019-06-28 12:47:00.000000000,QUERY_SPREAD,101
2019-06-28 12:47:00.000000000,BEST_BID,"JPM,99868,377"
2019-06-28 12:47:00.000000000,BEST_ASK,"JPM,99904,470"
2019-06-28 12:47:00.000000000,LAST_TRADE,"1,$99904.0000"
2019-06-28 12:47:09.514378603,QUERY_ORDER_STREAM,75
2019-06-28 12:47:09.514378603,QUERY_SPREAD,75
2019-06-28 12:47:10.000000000,QUERY_SPREAD,1
2019-06-28 12:47:10.000000000,BEST_BID,"JPM,99868,377"
2019-06-28 12:47:10.000000000,BEST_ASK,"JPM,99904,99"
2019-06-28 12:47:10.000000000,BEST_BID,"JPM,99868,377"
2019-06-28 12:47:10.000000000,BEST_ASK,"JPM,99904,470"
2019-06-28 12:47:12.501424686,QUERY_SPREAD,24
2019-06-28 12:47:12.501424686,BEST_BID,"JPM,99868,377"
2019-06-28 12:47:12.501424686,BEST_ASK,"JPM,99904,370"
2019-06-28 12:47:12.501424686,LAST_TRADE,"100,$99904.0000"
2019-06-28 12:47:13.634378357,QUERY_SPREAD,43
2019-06-28 12:47:13.634378357,BEST_BID,"JPM,99868,377"
2019-06-28 12:47:13.634378357,BEST_ASK,"JPM,99904,370"
2019-06-28 12:47:20.000000000,QUERY_SPREAD,1
2019-06-28 12:47:20.000000000,BEST_BID,"JPM,99868,80"
2019-06-28 12:47:20.000000000,BEST_ASK,"JPM,99968,100"
2019-06-28 12:47:20.000000000,BEST_BID,"JPM,99868,80"
2019-06-28 12:47:20.000000000,BEST_ASK,"JPM,99968,100"
2019-06-28 12:47:20.000000000,BEST_BID,"JPM,99868,80"
2019-06-28 12:47:20.000000000,BEST_ASK,"JPM,99968,100"
2019-06-28 12:47:20.000000000,BEST_BID,"JPM,99868,80"
2019-06-28 12:47:20.000000000,BEST_ASK,"JPM,99968,174"
2019-06-28 12:47:20.000000000,BEST_BID,"JPM,99868,80"
2019-06-28 12:47:20.000000000,BEST_ASK,"JPM,99968,174"
2019-06-28 12:47:20.000000000,BEST_BID,"JPM,99868,80"
2019-06-28 12:47:20.000000000,BEST_ASK,"JPM,99968,174"
2019-06-28 12:47:20.000000000,BEST_BID,"JPM,99868,80"
2019-06-28 12:47:20.000000000,BEST_ASK,"JPM,99968,174"
2019-06-28 12:47:20.000000000,BEST_BID,"JPM,99868,80"
2019-06-28 12:47:20.000000000,BEST_ASK,"JPM,99968,174"
2019-06-28 12:47:30.000000000,QUERY_SPREAD,1
2019-06-28 12:47:30.000000000,BEST_BID,"JPM,99868,80"
2019-06-28 12:47:30.000000000,BEST_ASK,"JPM,99968,100"
2019-06-28 12:47:30.000000000,BEST_BID,"JPM,99868,80"
2019-06-28 12:47:30.000000000,BEST_ASK,"JPM,99968,100"
2019-06-28 12:47:30.000000000,BEST_BID,"JPM,99868,80"
2019-06-28 12:47:30.000000000,BEST_ASK,"JPM,99968,100"
2019-06-28 12:47:30.000000000,BEST_BID,"JPM,99868,80"
2019-06-28 12:47:30.000000000,BEST_ASK,"JPM,99968,174"
2019-06-28 12:47:30.000000000,BEST_BID,"JPM,99868,80"
2019-06-28 12:47:30.000000000,BEST_ASK,"JPM,99968,174"
2019-06-28 12:47:30.000000000,BEST_BID,"JPM,99868,80"
2019-06-28 12:47:30.000000000,BEST_ASK,"JPM,99968,174"
2019-06-28 12:47:30.000000000,BEST_BID,"JPM,99868,80"
2019-06-28 12:47:30.000000000,BEST_ASK,"JPM,99968,174"
2019-06-28 12:47:30.000000000,BEST_BID,"JPM,99868,80"
2019-06-28 12:47:30.000000000,BEST_ASK,"JPM,99968,174"
2019-06-28 12:47:33.963288251,QUERY_ORDER_STREAM,52
2019-06-28 12:47:33.963288251,QUERY_SPREAD,52
2019-06-28 12:47:37.576004117,QUERY_SPREAD,40
2019-06-28 12:47:37.576004117,BEST_BID,"JPM,99868,80"
2019-06-28 12:47:37.576004117,BEST_ASK,"JPM,99968,174"
2019-06-28 12:47:38.519191238,QUERY_SPREAD,44
2019-06-28 12:47:38.519191238,BEST_BID,"JPM,99868,80"
2019-06-28 12:47:38.519191238,BEST_ASK,"JPM,99968,174"
2019-06-28 12:47:40.000000000,QUERY_SPREAD,1
2019-06-28 12:47:40.000000000,BEST_BID,"JPM,99868,99"
2019-06-28 12:47:40.000000000,BEST_ASK,"JPM,99968,100"
2019-06-28 12:47:40.000000000,BEST_BID,"JPM,99868,99"
2019-06-28 12:47:40.000000000,BEST_ASK,"JPM,99968,100"
2019-06-28 12:47:40.000000000,BEST_BID,"JPM,99868,99"
2019-06-28 12:47:40.000000000,BEST_ASK,"JPM,99968,100"
2019-06-28 12:47:40.000000000,BEST_BID,"JPM,99868,99"
2019-06-28 12:47:40.000000000,BEST_ASK,"JPM,99968,193"
2019-06-28 12:47:40.000000000,BEST_BID,"JPM,99868,99"
2019-06-28 12:47:40.000000000,BEST_ASK,"JPM,99968,193"
2019-06-28 12:47:40.000000000,BEST_BID,"JPM,99868,99"
2019-06-28 12:47:40.000000000,BEST_ASK,"JPM,99968,193"
2019-06-28 12:47:40.000000000,BEST_BID,"JPM,99868,99"
2019-06-28 12:47:40.000000000,BEST_ASK,"JPM,99968,193"
2019-06-28 12:47:50.000000000,QUERY_SPREAD,1
2019-06-28 12:47:50.000000000,BEST_BID,"JPM,99868,99"
2019-06-28 12:47:50.000000000,BEST_ASK,"JPM,99968,100"
2019-06-28 12:47:50.000000000,BEST_BID,"JPM,99868,99"
2019-06-28 12:47:50.000000000,BEST_ASK,"JPM,99968,100"
2019-06-28 12:47:50.000000000,BEST_BID,"JPM,99868,99"
2019-06-28 12:47:50.000000000,BEST_ASK,"JPM,99968,100"
2019-06-28 12:47:50.000000000,BEST_BID,"JPM,99868,99"
2019-06-28 12:47:50.000000000,BEST_ASK,"JPM,99968,193"
2019-06-28 12:47:50.000000000,BEST_BID,"JPM,99868,99"
2019-06-28 12:47:50.000000000,BEST_ASK,"JPM,99968,193"
2019-06-28 12:47:50.000000000,BEST_BID,"JPM,99868,99"
2019-06-28 12:47:50.000000000,BEST_ASK,"JPM,99968,193"
2019-06-28 12:47:50.000000000,BEST_BID,"JPM,99868,99"
2019-06-28 12:47:50.000000000,BEST_ASK,"JPM,99968,193"
2019-06-28 12:47:56.169699853,QUERY_SPREAD,48
2019-06-28 12:47:56.169699853,BEST_BID,"JPM,99868,99"
2019-06-28 12:47:56.169699853,BEST_ASK,"JPM,99968,93"
2019-06-28 12:47:56.169699853,LAST_TRADE,"100,$99968.0000"
2019-06-28 12:48:00.000000000,QUERY_SPREAD,1
2019-06-28 12:48:00.000000000,BEST_BID,"JPM,99868,192"
2019-06-28 12:48:00.000000000,BEST_ASK,"JPM,99984,100"
2019-06-28 12:48:00.000000000,BEST_BID,"JPM,99868,192"
2019-06-28 12:48:00.000000000,BEST_ASK,"JPM,99984,100"
2019-06-28 12:48:00.000000000,BEST_BID,"JPM,99868,192"
2019-06-28 12:48:00.000000000,BEST_ASK,"JPM,99984,286"
2019-06-28 12:48:00.000000000,BEST_BID,"JPM,99868,192"
2019-06-28 12:48:00.000000000,BEST_ASK,"JPM,99984,286"
2019-06-28 12:48:00.000000000,QUERY_SPREAD,77
2019-06-28 12:48:00.000000000,BEST_BID,"JPM,99868,187"
2019-06-28 12:48:00.000000000,BEST_ASK,"JPM,99984,286"
2019-06-28 12:48:00.000000000,LAST_TRADE,"5,$99868.0000"
2019-06-28 12:48:00.000000000,QUERY_SPREAD,78
2019-06-28 12:48:00.000000000,BEST_BID,"JPM,99868,179"
2019-06-28 12:48:00.000000000,BEST_ASK,"JPM,99984,286"
2019-06-28 12:48:00.000000000,LAST_TRADE,"8,$99868.0000"
2019-06-28 12:48:00.000000000,QUERY_SPREAD,79
2019-06-28 12:48:00.000000000,BEST_BID,"JPM,99868,174"
2019-06-28 12:48:00.000000000,BEST_ASK,"JPM,99984,286"
2019-06-28 12:48:00.000000000,LAST_TRADE,"5,$99868.0000"
2019-06-28 12:48:00.000000000,QUERY_SPREAD,80
2019-06-28 12:48:00.000000000,BEST_BID,"JPM,99868,166"
2019-06-28 12:48:00.000000000,BEST_ASK,"JPM,99984,286"
2019-06-28 12:48:00.000000000,LAST_TRADE,"8,$99868.0000"
2019-06-28 12:48:00.000000000,QUERY_SPREAD,81
2019-06-28 12:48:00.000000000,BEST_BID,"JPM,99868,157"
2019-06-28 12:48:00.000000000,BEST_ASK,"JPM,99984,286"
2019-06-28 12:48:00.000000000,LAST_TRADE,"9,$99868.0000"
2019-06-28 12:48:00.000000000,QUERY_SPREAD,82
2019-06-28 12:48:00.000000000,BEST_BID,"JPM,99868,154"
2019-06-28 12:48:00.000000000,BEST_ASK,"JPM,99984,286"
2019-06-28 12:48:00.000000000,LAST_TRADE,"3,$99868.0000"
2019-06-28 12:48:00.000000000,QUERY_SPREAD,83
2019-06-28 12:48:00.000000000,BEST_BID,"JPM,99868,146"
2019-06-28 12:48:00.000000000,BEST_ASK,"JPM,99984,286"
2019-06-28 12:48:00.000000000,LAST_TRADE,"8,$99868.0000"
2019-06-28 12:48:00.000000000,QUERY_SPREAD,84
2019-06-28 12:48:00.000000000,BEST_BID,"JPM,99868,142"
2019-06-28 12:48:00.000000000,BEST_ASK,"JPM,99984,286"
2019-06-28 12:48:00.000000000,LAST_TRADE,"4,$99868.0000"
2019-06-28 12:48:00.000000000,QUERY_SPREAD,85
2019-06-28 12:48:00.000000000,BEST_BID,"JPM,99868,137"
2019-06-28 12:48:00.000000000,BEST_ASK,"JPM,99984,286"
2019-06-28 12:48:00.000000000,LAST_TRADE,"5,$99868.0000"
2019-06-28 12:48:00.000000000,QUERY_SPREAD,86
2019-06-28 12:48:00.000000000,BEST_BID,"JPM,99868,135"
2019-06-28 12:48:00.000000000,BEST_ASK,"JPM,99984,286"
2019-06-28 12:48:00.000000000,LAST_TRADE,"2,$99868.0000"
2019-06-28 12:48:00.000000000,QUERY_SPREAD,87
2019-06-28 12:48:00.000000000,BEST_BID,"JPM,99868,128"
2019-06-28 12:48:00.000000000,BEST_ASK,"JPM,99984,286"
2019-06-28 12:48:00.000000000,LAST_TRADE,"7,$99868.0000"
2019-06-28 12:48:00.000000000,QUERY_SPREAD,88
2019-06-28 12:48:00.000000000,BEST_BID,"JPM,99868,120"
2019-06-28 12:48:00.000000000,BEST_ASK,"JPM,99984,286"
2019-06-28 12:48:00.000000000,LAST_TRADE,"8,$99868.0000"
2019-06-28 12:48:00.000000000,QUERY_SPREAD,89
2019-06-28 12:48:00.000000000,BEST_BID,"JPM,99868,115"
2019-06-28 12:48:00.000000000,BEST_ASK,"JPM,99984,286"
2019-06-28 12:48:00.000000000,LAST_TRADE,"5,$99868.0000"
2019-06-28 12:48:00.000000000,QUERY_SPREAD,90
2019-06-28 12:48:00.000000000,BEST_BID,"JPM,99868,111"
2019-06-28 12:48:00.000000000,BEST_ASK,"JPM,99984,286"
2019-06-28 12:48:00.000000000,LAST_TRADE,"4,$99868.0000"
2019-06-28 12:48:00.000000000,QUERY_SPREAD,91
2019-06-28 12:48:00.000000000,BEST_BID,"JPM,99868,108"
2019-06-28 12:48:00.000000000,BEST_ASK,"JPM,99984,286"
2019-06-28 12:48:00.000000000,LAST_TRADE,"3,$99868.0000"
2019-06-28 12:48:00.000000000,QUERY_SPREAD,92
2019-06-28 12:48:00.000000000,BEST_BID,"JPM,99868,103"
2019-06-28 12:48:00.000000000,BEST_ASK,"JPM,99984,286"
2019-06-28 12:48:00.000000000,LAST_TRADE,"5,$99868.0000"
2019-06-28 12:48:00.000000000,QUERY_SPREAD,93
2019-06-28 12:48:00.000000000,BEST_BID,"JPM,99868,96"
2019-06-28 12:48:00.000000000,BEST_ASK,"JPM,99984,286"
2019-06-28 12:48:00.000000000,LAST_TRADE,"7,$99868.0000"
2019-06-28 12:48:00.000000000,QUERY_SPREAD,94
2019-06-28 12:48:00.000000000,BEST_BID,"JPM,99868,95"
2019-06-28 12:48:00.000000000,BEST_ASK,"JPM,99984,286"
2019-06-28 12:48:00.000000000,LAST_TRADE,"1,$99868.0000"
2019-06-28 12:48:00.000000000,QUERY_SPREAD,95
2019-06-28 12:48:00.000000000,BEST_BID,"JPM,99868,94"
2019-06-28 12:48:00.000000000,BEST_ASK,"JPM,99984,286"
2019-06-28 12:48:00.000000000,LAST_TRADE,"1,$99868.0000"
2019-06-28 12:48:00.000000000,QUERY_SPREAD,96
2019-06-28 12:48:00.000000000,BEST_BID,"JPM,99868,90"
2019-06-28 12:48:00.000000000,BEST_ASK,"JPM,99984,286"
2019-06-28 12:48:00.000000000,LAST_TRADE,"4,$99868.0000"
2019-06-28 12:48:00.000000000,QUERY_SPREAD,97
2019-06-28 12:48:00.000000000,BEST_BID,"JPM,99868,87"
2019-06-28 12:48:00.000000000,BEST_ASK,"JPM,99984,286"
2019-06-28 12:48:00.000000000,LAST_TRADE,"3,$99868.0000"
2019-06-28 12:48:00.000000000,QUERY_SPREAD,98
2019-06-28 12:48:00.000000000,BEST_BID,"JPM,99868,82"
2019-06-28 12:48:00.000000000,BEST_ASK,"JPM,99984,286"
2019-06-28 12:48:00.000000000,LAST_TRADE,"5,$99868.0000"
2019-06-28 12:48:00.000000000,QUERY_SPREAD,99
2019-06-28 12:48:00.000000000,BEST_BID,"JPM,99868,78"
2019-06-28 12:48:00.000000000,BEST_ASK,"JPM,99984,286"
2019-06-28 12:48:00.000000000,LAST_TRADE,"4,$99868.0000"
2019-06-28 12:48:00.000000000,QUERY_SPREAD,100
2019-06-28 12:48:00.000000000,BEST_BID,"JPM,99868,73"
2019-06-28 12:48:00.000000000,BEST_ASK,"JPM,99984,286"
2019-06-28 12:48:00.000000000,LAST_TRADE,"5,$99868.0000"
2019-06-28 12:48:00.000000000,QUERY_SPREAD,101
2019-06-28 12:48:00.000000000,BEST_BID,"JPM,99868,73"
2019-06-28 12:48:00.000000000,BEST_ASK,"JPM,99984,285"
2019-06-28 12:48:00.000000000,LAST_TRADE,"1,$99984.0000"
2019-06-28 12:48:05.304300017,QUERY_ORDER_STREAM,52
2019-06-28 12:48:05.304300017,QUERY_SPREAD,52
2019-06-28 12:48:05.304300017,BEST_BID,"JPM,99868,173"
2019-06-28 12:48:05.304300017,BEST_ASK,"JPM,99984,285"
2019-06-28 12:48:07.118881873,QUERY_SPREAD,21
2019-06-28 12:48:07.118881873,BEST_BID,"JPM,99868,173"
2019-06-28 12:48:07.118881873,BEST_ASK,"JPM,99984,285"
2019-06-28 12:48:10.000000000,QUERY_SPREAD,1
2019-06-28 12:48:10.000000000,BEST_BID,"JPM,99868,193"
2019-06-28 12:48:10.000000000,BEST_ASK,"JPM,99984,99"
2019-06-28 12:48:10.000000000,BEST_BID,"JPM,99868,193"
2019-06-28 12:48:10.000000000,BEST_ASK,"JPM,99984,99"
2019-06-28 12:48:10.000000000,BEST_BID,"JPM,99868,193"
2019-06-28 12:48:10.000000000,BEST_ASK,"JPM,99984,99"
2019-06-28 12:48:10.000000000,BEST_BID,"JPM,99868,193"
2019-06-28 12:48:10.000000000,BEST_ASK,"JPM,99984,192"
2019-06-28 12:48:10.000000000,BEST_BID,"JPM,99868,193"
2019-06-28 12:48:10.000000000,BEST_ASK,"JPM,99984,192"
2019-06-28 12:48:10.000000000,BEST_BID,"JPM,99868,193"
2019-06-28 12:48:10.000000000,BEST_ASK,"JPM,99984,192"
2019-06-28 12:48:10.000000000,BEST_BID,"JPM,99868,193"
2019-06-28 12:48:10.000000000,BEST_ASK,"JPM,99984,192"
2019-06-28 12:48:15.199989393,QUERY_SPREAD,22
2019-06-28 12:48:15.199989393,BEST_BID,"JPM,99868,193"
2019-06-28 12:48:15.199989393,BEST_ASK,"JPM,99984,192"
2019-06-28 12:48:16.753393452,QUERY_SPREAD,38
2019-06-28 12:48:16.753393452,BEST_BID,"JPM,99868,193"
2019-06-28 12:48:16.753393452,BEST_ASK,"JPM,99984,92"
2019-06-28 12:48:16.753393452,LAST_TRADE,"100,$99984.0000"
2019-06-28 12:48:20.000000000,QUERY_SPREAD,1
2019-06-28 12:48:20.000000000,BEST_BID,"JPM,99868,226"
2019-06-28 12:48:20.000000000,BEST_ASK,"JPM,100027,100"
2019-06-28 12:48:20.000000000,BEST_BID,"JPM,99868,226"
2019-06-28 12:48:20.000000000,BEST_ASK,"JPM,100027,100"
2019-06-28 12:48:20.000000000,BEST_BID,"JPM,99868,226"
2019-06-28 12:48:20.000000000,BEST_ASK,"JPM,100027,100"
2019-06-28 12:48:20.000000000,BEST_BID,"JPM,99868,226"
2019-06-28 12:48:20.000000000,BEST_ASK,"JPM,100027,226"
2019-06-28 12:48:20.000000000,BEST_BID,"JPM,99868,226"
2019-06-28 12:48:20.000000000,BEST_ASK,"JPM,100027,226"
2019-06-28 12:48:20.000000000,BEST_BID,"JPM,99868,226"
2019-06-28 12:48:20.000000000,BEST_ASK,"JPM,100027,226"
2019-06-28 12:48:21.296755739,QUERY_SPREAD,41
2019-06-28 12:48:21.296755739,BEST_BID,"JPM,99868,226"
2019-06-28 12:48:21.296755739,BEST_ASK,"JPM,100027,126"
2019-06-28 12:48:21.296755739,LAST_TRADE,"100,$100027.0000"
2019-06-28 12:48:30.000000000,QUERY_SPREAD,1
2019-06-28 12:48:30.000000000,BEST_BID,"JPM,99868,174"
2019-06-28 12:48:30.000000000,BEST_ASK,"JPM,100210,100"
2019-06-28 12:48:30.000000000,BEST_BID,"JPM,99868,174"
2019-06-28 12:48:30.000000000,BEST_ASK,"JPM,100210,100"
2019-06-28 12:48:30.000000000,BEST_BID,"JPM,99868,174"
2019-06-28 12:48:30.000000000,BEST_ASK,"JPM,100210,100"
2019-06-28 12:48:30.000000000,BEST_BID,"JPM,99868,174"
2019-06-28 12:48:30.000000000,BEST_ASK,"JPM,100210,174"
2019-06-28 12:48:30.000000000,BEST_BID,"JPM,99868,174"
2019-06-28 12:48:30.000000000,BEST_ASK,"JPM,100210,174"
2019-06-28 12:48:30.000000000,BEST_BID,"JPM,99868,174"
2019-06-28 12:48:30.000000000,BEST_ASK,"JPM,100210,174"
2019-06-28 12:48:30.000000000,BEST_BID,"JPM,99868,174"
2019-06-28 12:48:30.000000000,BEST_ASK,"JPM,100210,174"
2019-06-28 12:48:30.000000000,BEST_BID,"JPM,99868,174"
2019-06-28 12:48:30.000000000,BEST_ASK,"JPM,100210,174"
2019-06-28 12:48:33.329633144,QUERY_SPREAD,29
2019-06-28 12:48:33.329633144,BEST_BID,"JPM,99868,174"
2019-06-28 12:48:33.329633144,BEST_ASK,"JPM,100210,174"
2019-06-28 12:48:40.000000000,QUERY_SPREAD,1
2019-06-28 12:48:40.000000000,BEST_BID,"JPM,99868,226"
2019-06-28 12:48:40.000000000,BEST_ASK,"JPM,100210,100"
2019-06-28 12:48:40.000000000,BEST_BID,"JPM,99868,226"
2019-06-28 12:48:40.000000000,BEST_ASK,"JPM,100210,100"
2019-06-28 12:48:40.000000000,BEST_BID,"JPM,99868,226"
2019-06-28 12:48:40.000000000,BEST_ASK,"JPM,100210,100"
2019-06-28 12:48:40.000000000,BEST_BID,"JPM,99868,226"
2019-06-28 12:48:40.000000000,BEST_ASK,"JPM,100210,226"
2019-06-28 12:48:40.000000000,BEST_BID,"JPM,99868,226"
2019-06-28 12:48:40.000000000,BEST_ASK,"JPM,100210,226"
2019-06-28 12:48:40.000000000,BEST_BID,"JPM,99868,226"
2019-06-28 12:48:40.000000000,BEST_ASK,"JPM,100210,226"
2019-06-28 12:48:45.520784425,QUERY_SPREAD,19
2019-06-28 12:48:45.520784425,BEST_BID,"JPM,100087,100"
2019-06-28 12:48:45.520784425,BEST_ASK,"JPM,100210,226"
2019-06-28 12:48:50.000000000,QUERY_SPREAD,1
2019-06-28 12:48:50.000000000,BEST_BID,"JPM,100087,174"
2019-06-28 12:48:50.000000000,BEST_ASK,"JPM,100210,100"
2019-06-28 12:48:50.000000000,BEST_BID,"JPM,100087,174"
2019-06-28 12:48:50.000000000,BEST_ASK,"JPM,100210,100"
2019-06-28 12:48:50.000000000,BEST_BID,"JPM,100087,174"
2019-06-28 12:48:50.000000000,BEST_ASK,"JPM,100210,100"
2019-06-28 12:48:50.000000000,BEST_BID,"JPM,100087,174"
2019-06-28 12:48:50.000000000,BEST_ASK,"JPM,100210,100"
2019-06-28 12:48:50.000000000,BEST_BID,"JPM,100087,174"
2019-06-28 12:48:50.000000000,BEST_ASK,"JPM,100210,174"
2019-06-28 12:48:50.000000000,BEST_BID,"JPM,100087,174"
2019-06-28 12:48:50.000000000,BEST_ASK,"JPM,100210,174"
2019-06-28 12:48:50.000000000,BEST_BID,"JPM,100087,174"
2019-06-28 12:48:50.000000000,BEST_ASK,"JPM,100210,174"
2019-06-28 12:48:50.000000000,BEST_BID,"JPM,100087,174"
2019-06-28 12:48:50.000000000,BEST_ASK,"JPM,100210,174"
2019-06-28 12:48:50.000000000,BEST_BID,"JPM,100087,174"
2019-06-28 12:48:50.000000000,BEST_ASK,"JPM,100210,174"
2019-06-28 12:48:53.426719364,QUERY_SPREAD,14
2019-06-28 12:48:53.426719364,BEST_BID,"JPM,100087,174"
2019-06-28 12:48:53.426719364,BEST_ASK,"JPM,100210,174"
2019-06-28 12:49:00.000000000,QUERY_SPREAD,1
2019-06-28 12:49:00.000000000,BEST_BID,"JPM,100087,193"
2019-06-28 12:49:00.000000000,BEST_ASK,"JPM,100210,100"
2019-06-28 12:49:00.000000000,BEST_BID,"JPM,100087,193"
2019-06-28 12:49:00.000000000,BEST_ASK,"JPM,100210,100"
2019-06-28 12:49:00.000000000,BEST_BID,"JPM,100087,193"
2019-06-28 12:49:00.000000000,BEST_ASK,"JPM,100210,100"
2019-06-28 12:49:00.000000000,BEST_BID,"JPM,100087,193"
2019-06-28 12:49:00.000000000,BEST_ASK,"JPM,100210,100"
2019-06-28 12:49:00.000000000,BEST_BID,"JPM,100087,193"
2019-06-28 12:49:00.000000000,BEST_ASK,"JPM,100210,193"
2019-06-28 12:49:00.000000000,BEST_BID,"JPM,100087,193"
2019-06-28 12:49:00.000000000,BEST_ASK,"JPM,100210,193"
2019-06-28 12:49:00.000000000,BEST_BID,"JPM,100087,193"
2019-06-28 12:49:00.000000000,BEST_ASK,"JPM,100210,193"
2019-06-28 12:49:00.000000000,BEST_BID,"JPM,100087,193"
2019-06-28 12:49:00.000000000,BEST_ASK,"JPM,100210,193"
2019-06-28 12:49:00.000000000,QUERY_SPREAD,77
2019-06-28 12:49:00.000000000,BEST_BID,"JPM,100087,188"
2019-06-28 12:49:00.000000000,BEST_ASK,"JPM,100210,193"
2019-06-28 12:49:00.000000000,LAST_TRADE,"5,$100087.0000"
2019-06-28 12:49:00.000000000,QUERY_SPREAD,78
2019-06-28 12:49:00.000000000,BEST_BID,"JPM,100087,180"
2019-06-28 12:49:00.000000000,BEST_ASK,"JPM,100210,193"
2019-06-28 12:49:00.000000000,LAST_TRADE,"8,$100087.0000"
2019-06-28 12:49:00.000000000,QUERY_SPREAD,79
2019-06-28 12:49:00.000000000,BEST_BID,"JPM,100087,175"
2019-06-28 12:49:00.000000000,BEST_ASK,"JPM,100210,193"
2019-06-28 12:49:00.000000000,LAST_TRADE,"5,$100087.0000"
2019-06-28 12:49:00.000000000,QUERY_SPREAD,80
2019-06-28 12:49:00.000000000,BEST_BID,"JPM,100087,167"
2019-06-28 12:49:00.000000000,BEST_ASK,"JPM,100210,193"
2019-06-28 12:49:00.000000000,LAST_TRADE,"8,$100087.0000"
2019-06-28 12:49:00.000000000,QUERY_SPREAD,81
2019-06-28 12:49:00.000000000,BEST_BID,"JPM,100087,158"
2019-06-28 12:49:00.000000000,BEST_ASK,"JPM,100210,193"
2019-06-28 12:49:00.000000000,LAST_TRADE,"9,$100087.0000"
2019-06-28 12:49:00.000000000,QUERY_SPREAD,82
2019-06-28 12:49:00.000000000,BEST_BID,"JPM,100087,155"
2019-06-28 12:49:00.000000000,BEST_ASK,"JPM,100210,193"
2019-06-28 12:49:00.000000000,LAST_TRADE,"3,$100087.0000"
2019-06-28 12:49:00.000000000,QUERY_SPREAD,83
2019-06-28 12:49:00.000000000,BEST_BID,"JPM,100087,147"
2019-06-28 12:49:00.000000000,BEST_ASK,"JPM,100210,193"
2019-06-28 12:49:00.000000000,LAST_TRADE,"8,$100087.0000"
2019-06-28 12:49:00.000000000,QUERY_SPREAD,84
2019-06-28 12:49:00.000000000,BEST_BID,"JPM,100087,143"
2019-06-28 12:49:00.000000000,BEST_ASK,"JPM,100210,193"
2019-06-28 12:49:00.000000000,LAST_TRADE,"4,$100087.0000"
2019-06-28 12:49:00.000000000,QUERY_SPREAD,85
2019-06-28 12:49:00.000000000,BEST_BID,"JPM,100087,138"
2019-06-28 12:49:00.000000000,BEST_ASK,"JPM,100210,193"
2019-06-28 12:49:00.000000000,LAST_TRADE,"5,$100087.0000"
2019-06-28 12:49:00.000000000,QUERY_SPREAD,86
2019-06-28 12:49:00.000000000,BEST_BID,"JPM,100087,136"
2019-06-28 12:49:00.000000000,BEST_ASK,"JPM,100210,193"
2019-06-28 12:49:00.000000000,LAST_TRADE,"2,$100087.0000"
2019-06-28 12:49:00.000000000,QUERY_SPREAD,87
2019-06-28 12:49:00.000000000,BEST_BID,"JPM,100087,129"
2019-06-28 12:49:00.000000000,BEST_ASK,"JPM,100210,193"
2019-06-28 12:49:00.000000000,LAST_TRADE,"7,$100087.0000"
2019-06-28 12:49:00.000000000,QUERY_SPREAD,88
2019-06-28 12:49:00.000000000,BEST_BID,"JPM,100087,121"
2019-06-28 12:49:00.000000000,BEST_ASK,"JPM,100210,193"
2019-06-28 12:49:00.000000000,LAST_TRADE,"8,$100087.0000"
2019-06-28 12:49:00.000000000,QUERY_SPREAD,89
2019-06-28 12:49:00.000000000,BEST_BID,"JPM,100087,116"
2019-06-28 12:49:00.000000000,BEST_ASK,"JPM,100210,193"
2019-06-28 12:49:00.000000000,LAST_TRADE,"5,$100087.0000"
2019-06-28 12:49:00.000000000,QUERY_SPREAD,90
2019-06-28 12:49:00.000000000,BEST_BID,"JPM,100087,112"
2019-06-28 12:49:00.000000000,BEST_ASK,"JPM,100210,193"
2019-06-28 12:49:00.000000000,LAST_TRADE,"4,$100087.0000"
2019-06-28 12:49:00.000000000,QUERY_SPREAD,91
2019-06-28 12:49:00.000000000,BEST_BID,"JPM,100087,109"
2019-06-28 12:49:00.000000000,BEST_ASK,"JPM,100210,193"
2019-06-28 12:49:00.000000000,LAST_TRADE,"3,$100087.0000"
2019-06-28 12:49:00.000000000,QUERY_SPREAD,92
2019-06-28 12:49:00.000000000,BEST_BID,"JPM,100087,104"
2019-06-28 12:49:00.000000000,BEST_ASK,"JPM,100210,193"
2019-06-28 12:49:00.000000000,LAST_TRADE,"5,$100087.0000"
2019-06-28 12:49:00.000000000,QUERY_SPREAD,93
2019-06-28 12:49:00.000000000,BEST_BID,"JPM,100087,97"
2019-06-28 12:49:00.000000000,BEST_ASK,"JPM,100210,193"
2019-06-28 12:49:00.000000000,LAST_TRADE,"7,$100087.0000"
2019-06-28 12:49:00.000000000,QUERY_SPREAD,94
2019-06-28 12:49:00.000000000,BEST_BID,"JPM,100087,96"
2019-06-28 12:49:00.000000000,BEST_ASK,"JPM,100210,193"
2019-06-28 12:49:00.000000000,LAST_TRADE,"1,$100087.0000"
2019-06-28 12:49:00.000000000,QUERY_SPREAD,95
2019-06-28 12:49:00.000000000,BEST_BID,"JPM,100087,95"
2019-06-28 12:49:00.000000000,BEST_ASK,"JPM,100210,193"
2019-06-28 12:49:00.000000000,LAST_TRADE,"1,$100087.0000"
2019-06-28 12:49:00.000000000,QUERY_SPREAD,96
2019-06-28 12:49:00.000000000,BEST_BID,"JPM,100087,91"
2019-06-28 12:49:00.000000000,BEST_ASK,"JPM,100210,193"
2019-06-28 12:49:00.000000000,LAST_TRADE,"4,$100087.0000"
2019-06-28 12:49:00.000000000,QUERY_SPREAD,97
2019-06-28 12:49:00.000000000,BEST_BID,"JPM,100087,88"
2019-06-28 12:49:00.000000000,BEST_ASK,"JPM,100210,193"
2019-06-28 12:49:00.000000000,LAST_TRADE,"3,$100087.0000"
2019-06-28 12:49:00.000000000,QUERY_SPREAD,98
2019-06-28 12:49:00.000000000,BEST_BID,"JPM,100087,83"
2019-06-28 12:49:00.000000000,BEST_ASK,"JPM,100210,193"
2019-06-28 12:49:00.000000000,LAST_TRADE,"5,$100087.0000"
2019-06-28 12:49:00.000000000,QUERY_SPREAD,99
2019-06-28 12:49:00.000000000,BEST_BID,"JPM,100087,79"
2019-06-28 12:49:00.000000000,BEST_ASK,"JPM,100210,193"
2019-06-28 12:49:00.000000000,LAST_TRADE,"4,$100087.0000"
2019-06-28 12:49:00.000000000,QUERY_SPREAD,100
2019-06-28 12:49:00.000000000,BEST_BID,"JPM,100087,74"
2019-06-28 12:49:00.000000000,BEST_ASK,"JPM,100210,193"
2019-06-28 12:49:00.000000000,LAST_TRADE,"5,$100087.0000"
2019-06-28 12:49:00.000000000,QUERY_SPREAD,101
2019-06-28 12:49:00.000000000,BEST_BID,"JPM,100087,74"
2019-06-28 12:49:00.000000000,BEST_ASK,"JPM,100210,192"
2019-06-28 12:49:00.000000000,LAST_TRADE,"1,$100210.0000"
2019-06-28 12:49:08.204182354,QUERY_SPREAD,22
2019-06-28 12:49:08.204182354,BEST_BID,"JPM,100087,74"
2019-06-28 12:49:08.204182354,BEST_ASK,"JPM,100210,92"
2019-06-28 12:49:08.204182354,LAST_TRADE,"100,$100210.0000"
2019-06-28 12:49:10.000000000,QUERY_SPREAD,1
2019-06-28 12:49:10.000000000,BEST_BID,"JPM,99868,471"
2019-06-28 12:49:10.000000000,BEST_ASK,"JPM,100266,100"
2019-06-28 12:49:10.000000000,BEST_BID,"JPM,99868,471"
2019-06-28 12:49:10.000000000,BEST_ASK,"JPM,100266,471"
2019-06-28 12:49:10.067660271,QUERY_ORDER_STREAM,61
2019-06-28 12:49:10.067660271,QUERY_SPREAD,61
2019-06-28 12:49:10.067660271,BEST_BID,"JPM,100210,100"
2019-06-28 12:49:10.067660271,BEST_ASK,"JPM,100266,471"
2019-06-28 12:49:20.000000000,QUERY_SPREAD,1
2019-06-28 12:49:20.000000000,BEST_BID,"JPM,100210,174"
2019-06-28 12:49:20.000000000,BEST_ASK,"JPM,100266,100"
2019-06-28 12:49:20.000000000,BEST_BID,"JPM,100210,174"
2019-06-28 12:49:20.000000000,BEST_ASK,"JPM,100266,100"
2019-06-28 12:49:20.000000000,BEST_BID,"JPM,100210,174"
2019-06-28 12:49:20.000000000,BEST_ASK,"JPM,100266,100"
2019-06-28 12:49:20.000000000,BEST_BID,"JPM,100210,174"
2019-06-28 12:49:20.000000000,BEST_ASK,"JPM,100266,100"
2019-06-28 12:49:20.000000000,BEST_BID,"JPM,100210,174"
2019-06-28 12:49:20.000000000,BEST_ASK,"JPM,100266,174"
2019-06-28 12:49:20.000000000,BEST_BID,"JPM,100210,174"
2019-06-28 12:49:20.000000000,BEST_ASK,"JPM,100266,174"
2019-06-28 12:49:20.000000000,BEST_BID,"JPM,100210,174"
2019-06-28 12:49:20.000000000,BEST_ASK,"JPM,100266,174"
2019-06-28 12:49:20.000000000,BEST_BID,"JPM,100210,174"
2019-06-28 12:49:20.000000000,BEST_ASK,"JPM,100266,174"
2019-06-28 12:49:20.000000000,BEST_BID,"JPM,100210,174"
2019-06-28 12:49:20.000000000,BEST_ASK,"JPM,100266,174"
2019-06-28 12:49:30.000000000,QUERY_SPREAD,1
2019-06-28 12:49:30.000000000,BEST_BID,"JPM,100210,286"
2019-06-28 12:49:30.000000000,BEST_ASK,"JPM,100266,100"
2019-06-28 12:49:30.000000000,BEST_BID,"JPM,100210,286"
2019-06-28 12:49:30.000000000,BEST_ASK,"JPM,100266,100"
2019-06-28 12:49:30.000000000,BEST_BID,"JPM,100210,286"
2019-06-28 12:49:30.000000000,BEST_ASK,"JPM,100266,286"
2019-06-28 12:49:30.000000000,BEST_BID,"JPM,100210,286"
2019-06-28 12:49:30.000000000,BEST_ASK,"JPM,100266,286"
2019-06-28 12:49:40.000000000,QUERY_SPREAD,1
2019-06-28 12:49:40.000000000,BEST_BID,"JPM,100210,286"
2019-06-28 12:49:40.000000000,BEST_ASK,"JPM,100266,100"
2019-06-28 12:49:40.000000000,BEST_BID,"JPM,100210,286"
2019-06-28 12:49:40.000000000,BEST_ASK,"JPM,100266,100"
2019-06-28 12:49:40.000000000,BEST_BID,"JPM,100210,286"
2019-06-28 12:49:40.000000000,BEST_ASK,"JPM,100266,286"
2019-06-28 12:49:40.000000000,BEST_BID,"JPM,100210,286"
2019-06-28 12:49:40.000000000,BEST_ASK,"JPM,100266,286"
2019-06-28 12:49:50.000000000,QUERY_SPREAD,1
2019-06-28 12:49:50.000000000,BEST_BID,"JPM,100210,286"
2019-06-28 12:49:50.000000000,BEST_ASK,"JPM,100266,100"
2019-06-28 12:49:50.000000000,BEST_BID,"JPM,100210,286"
2019-06-28 12:49:50.000000000,BEST_ASK,"JPM,100266,100"
2019-06-28 12:49:50.000000000,BEST_BID,"JPM,100210,286"
2019-06-28 12:49:50.000000000,BEST_ASK,"JPM,100266,286"
2019-06-28 12:49:50.000000000,BEST_BID,"JPM,100210,286"
2019-06-28 12:49:50.000000000,BEST_ASK,"JPM,100266,286"
2019-06-28 12:50:00.000000000,QUERY_SPREAD,1
2019-06-28 12:50:00.000000000,BEST_BID,"JPM,100210,226"
2019-06-28 12:50:00.000000000,BEST_ASK,"JPM,100266,100"
2019-06-28 12:50:00.000000000,BEST_BID,"JPM,100210,226"
2019-06-28 12:50:00.000000000,BEST_ASK,"JPM,100266,100"
2019-06-28 12:50:00.000000000,BEST_BID,"JPM,100210,226"
2019-06-28 12:50:00.000000000,BEST_ASK,"JPM,100266,100"
2019-06-28 12:50:00.000000000,BEST_BID,"JPM,100210,226"
2019-06-28 12:50:00.000000000,BEST_ASK,"JPM,100266,226"
2019-06-28 12:50:00.000000000,BEST_BID,"JPM,100210,226"
2019-06-28 12:50:00.000000000,BEST_ASK,"JPM,100266,226"
2019-06-28 12:50:00.000000000,BEST_BID,"JPM,100210,226"
2019-06-28 12:50:00.000000000,BEST_ASK,"JPM,100266,226"
2019-06-28 12:50:00.000000000,QUERY_SPREAD,77
2019-06-28 12:50:00.000000000,BEST_BID,"JPM,100210,221"
2019-06-28 12:50:00.000000000,BEST_ASK,"JPM,100266,226"
2019-06-28 12:50:00.000000000,LAST_TRADE,"5,$100210.0000"
2019-06-28 12:50:00.000000000,QUERY_SPREAD,78
2019-06-28 12:50:00.000000000,BEST_BID,"JPM,100210,213"
2019-06-28 12:50:00.000000000,BEST_ASK,"JPM,100266,226"
2019-06-28 12:50:00.000000000,LAST_TRADE,"8,$100210.0000"
2019-06-28 12:50:00.000000000,QUERY_SPREAD,79
2019-06-28 12:50:00.000000000,BEST_BID,"JPM,100210,208"
2019-06-28 12:50:00.000000000,BEST_ASK,"JPM,100266,226"
2019-06-28 12:50:00.000000000,LAST_TRADE,"5,$100210.0000"
2019-06-28 12:50:00.000000000,QUERY_SPREAD,80
2019-06-28 12:50:00.000000000,BEST_BID,"JPM,100210,200"
2019-06-28 12:50:00.000000000,BEST_ASK,"JPM,100266,226"
2019-06-28 12:50:00.000000000,LAST_TRADE,"8,$100210.0000"
2019-06-28 12:50:00.000000000,QUERY_SPREAD,81
2019-06-28 12:50:00.000000000,BEST_BID,"JPM,100210,191"
2019-06-28 12:50:00.000000000,BEST_ASK,"JPM,100266,226"
2019-06-28 12:50:00.000000000,LAST_TRADE,"9,$100210.0000"
2019-06-28 12:50:00.000000000,QUERY_SPREAD,82
2019-06-28 12:50:00.000000000,BEST_BID,"JPM,100210,188"
2019-06-28 12:50:00.000000000,BEST_ASK,"JPM,100266,226"
2019-06-28 12:50:00.000000000,LAST_TRADE,"3,$100210.0000"
2019-06-28 12:50:00.000000000,QUERY_SPREAD,83
2019-06-28 12:50:00.000000000,BEST_BID,"JPM,100210,180"
2019-06-28 12:50:00.000000000,BEST_ASK,"JPM,100266,226"
2019-06-28 12:50:00.000000000,LAST_TRADE,"8,$100210.0000"
2019-06-28 12:50:00.000000000,QUERY_SPREAD,84
2019-06-28 12:50:00.000000000,BEST_BID,"JPM,100210,176"
2019-06-28 12:50:00.000000000,BEST_ASK,"JPM,100266,226"
2019-06-28 12:50:00.000000000,LAST_TRADE,"4,$100210.0000"
2019-06-28 12:50:00.000000000,QUERY_SPREAD,85
2019-06-28 12:50:00.000000000,BEST_BID,"JPM,100210,171"
2019-06-28 12:50:00.000000000,BEST_ASK,"JPM,100266,226"
2019-06-28 12:50:00.000000000,LAST_TRADE,"5,$100210.0000"
2019-06-28 12:50:00.000000000,QUERY_SPREAD,86
2019-06-28 12:50:00.000000000,BEST_BID,"JPM,100210,169"
2019-06-28 12:50:00.000000000,BEST_ASK,"JPM,100266,226"
2019-06-28 12:50:00.000000000,LAST_TRADE,"2,$100210.0000"
2019-06-28 12:50:00.000000000,QUERY_SPREAD,87
2019-06-28 12:50:00.000000000,BEST_BID,"JPM,100210,162"
2019-06-28 12:50:00.000000000,BEST_ASK,"JPM,100266,226"
2019-06-28 12:50:00.000000000,LAST_TRADE,"7,$100210.0000"
2019-06-28 12:50:00.000000000,QUERY_SPREAD,88
2019-06-28 12:50:00.000000000,BEST_BID,"JPM,100210,154"
2019-06-28 12:50:00.000000000,BEST_ASK,"JPM,100266,226"
2019-06-28 12:50:00.000000000,LAST_TRADE,"8,$100210.0000"
2019-06-28 12:50:00.000000000,QUERY_SPREAD,89
2019-06-28 12:50:00.000000000,BEST_BID,"JPM,100210,149"
2019-06-28 12:50:00.000000000,BEST_ASK,"JPM,100266,226"
2019-06-28 12:50:00.000000000,LAST_TRADE,"5,$100210.0000"
2019-06-28 12:50:00.000000000,QUERY_SPREAD,90
2019-06-28 12:50:00.000000000,BEST_BID,"JPM,100210,145"
2019-06-28 12:50:00.000000000,BEST_ASK,"JPM,100266,226"
2019-06-28 12:50:00.000000000,LAST_TRADE,"4,$100210.0000"
2019-06-28 12:50:00.000000000,QUERY_SPREAD,91
2019-06-28 12:50:00.000000000,BEST_BID,"JPM,100210,142"
2019-06-28 12:50:00.000000000,BEST_ASK,"JPM,100266,226"
2019-06-28 12:50:00.000000000,LAST_TRADE,"3,$100210.0000"
2019-06-28 12:50:00.000000000,QUERY_SPREAD,92
2019-06-28 12:50:00.000000000,BEST_BID,"JPM,100210,137"
2019-06-28 12:50:00.000000000,BEST_ASK,"JPM,100266,226"
2019-06-28 12:50:00.000000000,LAST_TRADE,"5,$100210.0000"
2019-06-28 12:50:00.000000000,QUERY_SPREAD,93
2019-06-28 12:50:00.000000000,BEST_BID,"JPM,100210,130"
2019-06-28 12:50:00.000000000,BEST_ASK,"JPM,100266,226"
2019-06-28 12:50:00.000000000,LAST_TRADE,"7,$100210.0000"
2019-06-28 12:50:00.000000000,QUERY_SPREAD,94
2019-06-28 12:50:00.000000000,BEST_BID,"JPM,100210,129"
2019-06-28 12:50:00.000000000,BEST_ASK,"JPM,100266,226"
2019-06-28 12:50:00.000000000,LAST_TRADE,"1,$100210.0000"
2019-06-28 12:50:00.000000000,QUERY_SPREAD,95
2019-06-28 12:50:00.000000000,BEST_BID,"JPM,100210,128"
2019-06-28 12:50:00.000000000,BEST_ASK,"JPM,100266,226"
2019-06-28 12:50:00.000000000,LAST_TRADE,"1,$100210.0000"
2019-06-28 12:50:00.000000000,QUERY_SPREAD,96
2019-06-28 12:50:00.000000000,BEST_BID,"JPM,100210,124"
2019-06-28 12:50:00.000000000,BEST_ASK,"JPM,100266,226"
2019-06-28 12:50:00.000000000,LAST_TRADE,"4,$100210.0000"
2019-06-28 12:50:00.000000000,QUERY_SPREAD,97
2019-06-28 12:50:00.000000000,BEST_BID,"JPM,100210,121"
2019-06-28 12:50:00.000000000,BEST_ASK,"JPM,100266,226"
2019-06-28 12:50:00.000000000,LAST_TRADE,"3,$100210.0000"
2019-06-28 12:50:00.000000000,QUERY_SPREAD,98
2019-06-28 12:50:00.000000000,BEST_BID,"JPM,100210,116"
2019-06-28 12:50:00.000000000,BEST_ASK,"JPM,100266,226"
2019-06-28 12:50:00.000000000,LAST_TRADE,"5,$100210.0000"
2019-06-28 12:50:00.000000000,QUERY_SPREAD,99
2019-06-28 12:50:00.000000000,BEST_BID,"JPM,100210,112"
2019-06-28 12:50:00.000000000,BEST_ASK,"JPM,100266,226"
2019-06-28 12:50:00.000000000,LAST_TRADE,"4,$100210.0000"
2019-06-28 12:50:00.000000000,QUERY_SPREAD,100
2019-06-28 12:50:00.000000000,BEST_BID,"JPM,100210,107"
2019-06-28 12:50:00.000000000,BEST_ASK,"JPM,100266,226"
2019-06-28 12:50:00.000000000,LAST_TRADE,"5,$100210.0000"
2019-06-28 12:50:00.000000000,QUERY_SPREAD,101
2019-06-28 12:50:00.000000000,BEST_BID,"JPM,100210,106"
2019-06-28 12:50:00.000000000,BEST_ASK,"JPM,100266,226"
2019-06-28 12:50:00.000000000,LAST_TRADE,"1,$100210.0000"
2019-06-28 12:50:02.663928140,QUERY_ORDER_STREAM,75
2019-06-28 12:50:02.663928140,QUERY_SPREAD,75
2019-06-28 12:50:10.000000000,QUERY_SPREAD,1
2019-06-28 12:50:10.000000000,BEST_BID,"JPM,99868,193"
2019-06-28 12:50:10.000000000,BEST_ASK,"JPM,100266,100"
2019-06-28 12:50:10.000000000,BEST_BID,"JPM,99868,193"
2019-06-28 12:50:10.000000000,BEST_ASK,"JPM,100266,100"
2019-06-28 12:50:10.000000000,BEST_BID,"JPM,99868,193"
2019-06-28 12:50:10.000000000,BEST_ASK,"JPM,100266,100"
2019-06-28 12:50:10.000000000,BEST_BID,"JPM,99868,193"
2019-06-28 12:50:10.000000000,BEST_ASK,"JPM,100266,193"
2019-06-28 12:50:10.000000000,BEST_BID,"JPM,99868,193"
2019-06-28 12:50:10.000000000,BEST_ASK,"JPM,100266,193"
2019-06-28 12:50:10.000000000,BEST_BID,"JPM,99868,193"
2019-06-28 12:50:10.000000000,BEST_ASK,"JPM,100266,193"
2019-06-28 12:50:10.000000000,BEST_BID,"JPM,99868,193"
2019-06-28 12:50:10.000000000,BEST_ASK,"JPM,100266,193"
2019-06-28 12:50:15.380035146,QUERY_ORDER_STREAM,75
2019-06-28 12:50:15.380035146,QUERY_SPREAD,75
2019-06-28 12:50:15.380035146,BEST_BID,"JPM,100210,100"
2019-06-28 12:50:15.380035146,BEST_ASK,"JPM,100266,193"
2019-06-28 12:50:20.000000000,QUERY_SPREAD,1
2019-06-28 12:50:20.000000000,BEST_BID,"JPM,100210,471"
2019-06-28 12:50:20.000000000,BEST_ASK,"JPM,100266,100"
2019-06-28 12:50:20.000000000,BEST_BID,"JPM,100210,471"
2019-06-28 12:50:20.000000000,BEST_ASK,"JPM,100266,471"
2019-06-28 12:50:22.858810493,QUERY_ORDER_STREAM,61
2019-06-28 12:50:22.858810493,QUERY_SPREAD,61
2019-06-28 12:50:30.000000000,QUERY_SPREAD,1
2019-06-28 12:50:30.000000000,BEST_BID,"JPM,100210,286"
2019-06-28 12:50:30.000000000,BEST_ASK,"JPM,100266,100"
2019-06-28 12:50:30.000000000,BEST_BID,"JPM,100210,286"
2019-06-28 12:50:30.000000000,BEST_ASK,"JPM,100266,100"
2019-06-28 12:50:30.000000000,BEST_BID,"JPM,100210,286"
2019-06-28 12:50:30.000000000,BEST_ASK,"JPM,100266,286"
2019-06-28 12:50:30.000000000,BEST_BID,"JPM,100210,286"
2019-06-28 12:50:30.000000000,BEST_ASK,"JPM,100266,286"
2019-06-28 12:50:31.195617636,QUERY_SPREAD,24
2019-06-28 12:50:31.195617636,BEST_BID,"JPM,100210,286"
2019-06-28 12:50:31.195617636,BEST_ASK,"JPM,100266,186"
2019-06-28 12:50:31.195617636,LAST_TRADE,"100,$100266.0000"
2019-06-28 12:50:40.000000000,QUERY_SPREAD,1
2019-06-28 12:50:40.000000000,BEST_BID,"JPM,100210,471"
2019-06-28 12:50:40.000000000,BEST_ASK,"JPM,100413,100"
2019-06-28 12:50:40.000000000,BEST_BID,"JPM,100210,471"
2019-06-28 12:50:40.000000000,BEST_ASK,"JPM,100413,471"
2019-06-28 12:50:42.579242649,QUERY_ORDER_STREAM,68
2019-06-28 12:50:42.579242649,QUERY_SPREAD,68
2019-06-28 12:50:50.000000000,QUERY_SPREAD,1
2019-06-28 12:50:50.000000000,BEST_BID,"JPM,100210,193"
2019-06-28 12:50:50.000000000,BEST_ASK,"JPM,100413,100"
2019-06-28 12:50:50.000000000,BEST_BID,"JPM,100210,193"
2019-06-28 12:50:50.000000000,BEST_ASK,"JPM,100413,100"
2019-06-28 12:50:50.000000000,BEST_BID,"JPM,100210,193"
2019-06-28 12:50:50.000000000,BEST_ASK,"JPM,100413,100"
2019-06-28 12:50:50.000000000,BEST_BID,"JPM,100210,193"
2019-06-28 12:50:50.000000000,BEST_ASK,"JPM,100413,100"
2019-06-28 12:50:50.000000000,BEST_BID,"JPM,100210,193"
2019-06-28 12:50:50.000000000,BEST_ASK,"JPM,100413,193"
2019-06-28 12:50:50.000000000,BEST_BID,"JPM,100210,193"
2019-06-28 12:50:50.000000000,BEST_ASK,"JPM,100413,193"
2019-06-28 12:50:50.000000000,BEST_BID,"JPM,100210,193"
2019-06-28 12:50:50.000000000,BEST_ASK,"JPM,100413,193"
2019-06-28 12:50:50.000000000,BEST_BID,"JPM,100210,193"
2019-06-28 12:50:50.000000000,BEST_ASK,"JPM,100413,193"
2019-06-28 12:51:00.000000000,QUERY_SPREAD,1
2019-06-28 12:51:00.000000000,BEST_BID,"JPM,100210,174"
2019-06-28 12:51:00.000000000,BEST_ASK,"JPM,100413,100"
2019-06-28 12:51:00.000000000,BEST_BID,"JPM,100210,174"
2019-06-28 12:51:00.000000000,BEST_ASK,"JPM,100413,100"
2019-06-28 12:51:00.000000000,BEST_BID,"JPM,100210,174"
2019-06-28 12:51:00.000000000,BEST_ASK,"JPM,100413,100"
2019-06-28 12:51:00.000000000,BEST_BID,"JPM,100210,174"
2019-06-28 12:51:00.000000000,BEST_ASK,"JPM,100413,100"
2019-06-28 12:51:00.000000000,BEST_BID,"JPM,100210,174"
2019-06-28 12:51:00.000000000,BEST_ASK,"JPM,100413,174"
2019-06-28 12:51:00.000000000,BEST_BID,"JPM,100210,174"
2019-06-28 12:51:00.000000000,BEST_ASK,"JPM,100413,174"
2019-06-28 12:51:00.000000000,BEST_BID,"JPM,100210,174"
2019-06-28 12:51:00.000000000,BEST_ASK,"JPM,100413,174"
2019-06-28 12:51:00.000000000,BEST_BID,"JPM,100210,174"
2019-06-28 12:51:00.000000000,BEST_ASK,"JPM,100413,174"
2019-06-28 12:51:00.000000000,BEST_BID,"JPM,100210,174"
2019-06-28 12:51:00.000000000,BEST_ASK,"JPM,100413,174"
2019-06-28 12:51:00.000000000,QUERY_SPREAD,77
2019-06-28 12:51:00.000000000,BEST_BID,"JPM,100210,169"
2019-06-28 12:51:00.000000000,BEST_ASK,"JPM,100413,174"
2019-06-28 12:51:00.000000000,LAST_TRADE,"5,$100210.0000"
2019-06-28 12:51:00.000000000,QUERY_SPREAD,78
2019-06-28 12:51:00.000000000,BEST_BID,"JPM,100210,161"
2019-06-28 12:51:00.000000000,BEST_ASK,"JPM,100413,174"
2019-06-28 12:51:00.000000000,LAST_TRADE,"8,$100210.0000"
2019-06-28 12:51:00.000000000,QUERY_SPREAD,79
2019-06-28 12:51:00.000000000,BEST_BID,"JPM,100210,156"
2019-06-28 12:51:00.000000000,BEST_ASK,"JPM,100413,174"
2019-06-28 12:51:00.000000000,LAST_TRADE,"5,$100210.0000"
2019-06-28 12:51:00.000000000,QUERY_SPREAD,80
2019-06-28 12:51:00.000000000,BEST_BID,"JPM,100210,148"
2019-06-28 12:51:00.000000000,BEST_ASK,"JPM,100413,174"
2019-06-28 12:51:00.000000000,LAST_TRADE,"8,$100210.0000"
2019-06-28 12:51:00.000000000,QUERY_SPREAD,81
2019-06-28 12:51:00.000000000,BEST_BID,"JPM,100210,139"
2019-06-28 12:51:00.000000000,BEST_ASK,"JPM,100413,174"
2019-06-28 12:51:00.000000000,LAST_TRADE,"9,$100210.0000"
2019-06-28 12:51:00.000000000,QUERY_SPREAD,82
2019-06-28 12:51:00.000000000,BEST_BID,"JPM,100210,136"
2019-06-28 12:51:00.000000000,BEST_ASK,"JPM,100413,174"
2019-06-28 12:51:00.000000000,LAST_TRADE,"3,$100210.0000"
2019-06-28 12:51:00.000000000,QUERY_SPREAD,83
2019-06-28 12:51:00.000000000,BEST_BID,"JPM,100210,128"
2019-06-28 12:51:00.000000000,BEST_ASK,"JPM,100413,174"
2019-06-28 12:51:00.000000000,LAST_TRADE,"8,$100210.0000"
2019-06-28 12:51:00.000000000,QUERY_SPREAD,84
2019-06-28 12:51:00.000000000,BEST_BID,"JPM,100210,124"
2019-06-28 12:51:00.000000000,BEST_ASK,"JPM,100413,174"
2019-06-28 12:51:00.000000000,LAST_TRADE,"4,$100210.0000"
2019-06-28 12:51:00.000000000,QUERY_SPREAD,85
2019-06-28 12:51:00.000000000,BEST_BID,"JPM,100210,119"
2019-06-28 12:51:00.000000000,BEST_ASK,"JPM,100413,174"
2019-06-28 12:51:00.000000000,LAST_TRADE,"5,$100210.0000"
2019-06-28 12:51:00.000000000,QUERY_SPREAD,86
2019-06-28 12:51:00.000000000,BEST_BID,"JPM,100210,117"
2019-06-28 12:51:00.000000000,BEST_ASK,"JPM,100413,174"
2019-06-28 12:51:00.000000000,LAST_TRADE,"2,$100210.0000"
2019-06-28 12:51:00.000000000,QUERY_SPREAD,87
2019-06-28 12:51:00.000000000,BEST_BID,"JPM,100210,110"
2019-06-28 12:51:00.000000000,BEST_ASK,"JPM,100413,174"
2019-06-28 12:51:00.000000000,LAST_TRADE,"7,$100210.0000"
2019-06-28 12:51:00.000000000,QUERY_SPREAD,88
2019-06-28 12:51:00.000000000,BEST_BID,"JPM,100210,102"
2019-06-28 12:51:00.000000000,BEST_ASK,"JPM,100413,174"
2019-06-28 12:51:00.000000000,LAST_TRADE,"8,$100210.0000"
2019-06-28 12:51:00.000000000,QUERY_SPREAD,89
2019-06-28 12:51:00.000000000,BEST_BID,"JPM,100210,97"
2019-06-28 12:51:00.000000000,BEST_ASK,"JPM,100413,174"
2019-06-28 12:51:00.000000000,LAST_TRADE,"5,$100210.0000"
2019-06-28 12:51:00.000000000,QUERY_SPREAD,90
2019-06-28 12:51:00.000000000,BEST_BID,"JPM,100210,93"
2019-06-28 12:51:00.000000000,BEST_ASK,"JPM,100413,174"
2019-06-28 12:51:00.000000000,LAST_TRADE,"4,$100210.0000"
2019-06-28 12:51:00.000000000,QUERY_SPREAD,91
2019-06-28 12:51:00.000000000,BEST_BID,"JPM,100210,90"
2019-06-28 12:51:00.000000000,BEST_ASK,"JPM,100413,174"
2019-06-28 12:51:00.000000000,LAST_TRADE,"3,$100210.0000"
2019-06-28 12:51:00.000000000,QUERY_SPREAD,92
2019-06-28 12:51:00.000000000,BEST_BID,"JPM,100210,85"
2019-06-28 12:51:00.000000000,BEST_ASK,"JPM,100413,174"
2019-06-28 12:51:00.000000000,LAST_TRADE,"5,$100210.0000"
2019-06-28 12:51:00.000000000,QUERY_SPREAD,93
2019-06-28 12:51:00.000000000,BEST_BID,"JPM,100210,78"
2019-06-28 12:51:00.000000000,BEST_ASK,"JPM,100413,174"
2019-06-28 12:51:00.000000000,LAST_TRADE,"7,$100210.0000"
2019-06-28 12:51:00.000000000,QUERY_SPREAD,94
2019-06-28 12:51:00.000000000,BEST_BID,"JPM,100210,77"
2019-06-28 12:51:00.000000000,BEST_ASK,"JPM,100413,174"
2019-06-28 12:51:00.000000000,LAST_TRADE,"1,$100210.0000"
2019-06-28 12:51:00.000000000,QUERY_SPREAD,95
2019-06-28 12:51:00.000000000,BEST_BID,"JPM,100210,76"
2019-06-28 12:51:00.000000000,BEST_ASK,"JPM,100413,174"
2019-06-28 12:51:00.000000000,LAST_TRADE,"1,$100210.0000"
2019-06-28 12:51:00.000000000,QUERY_SPREAD,96
2019-06-28 12:51:00.000000000,BEST_BID,"JPM,100210,72"
2019-06-28 12:51:00.000000000,BEST_ASK,"JPM,100413,174"
2019-06-28 12:51:00.000000000,LAST_TRADE,"4,$100210.0000"
2019-06-28 12:51:00.000000000,QUERY_SPREAD,97
2019-06-28 12:51:00.000000000,BEST_BID,"JPM,100210,69"
2019-06-28 12:51:00.000000000,BEST_ASK,"JPM,100413,174"
2019-06-28 12:51:00.000000000,LAST_TRADE,"3,$100210.0000"
2019-06-28 12:51:00.000000000,QUERY_SPREAD,98
2019-06-28 12:51:00.000000000,BEST_BID,"JPM,100210,64"
2019-06-28 12:51:00.000000000,BEST_ASK,"JPM,100413,174"
2019-06-28 12:51:00.000000000,LAST_TRADE,"5,$100210.0000"
2019-06-28 12:51:00.000000000,QUERY_SPREAD,99
2019-06-28 12:51:00.000000000,BEST_BID,"JPM,100210,60"
2019-06-28 12:51:00.000000000,BEST_ASK,"JPM,100413,174"
2019-06-28 12:51:00.000000000,LAST_TRADE,"4,$100210.0000"
2019-06-28 12:51:00.000000000,QUERY_SPREAD,100
2019-06-28 12:51:00.000000000,BEST_BID,"JPM,100210,55"
2019-06-28 12:51:00.000000000,BEST_ASK,"JPM,100413,174"
2019-06-28 12:51:00.000000000,LAST_TRADE,"5,$100210.0000"
2019-06-28 12:51:00.000000000,QUERY_SPREAD,101
2019-06-28 12:51:00.000000000,BEST_BID,"JPM,100210,54"
2019-06-28 12:51:00.000000000,BEST_ASK,"JPM,100413,174"
2019-06-28 12:51:00.000000000,LAST_TRADE,"1,$100210.0000"
2019-06-28 12:51:02.081682071,QUERY_ORDER_STREAM,63
2019-06-28 12:51:02.081682071,QUERY_SPREAD,63
2019-06-28 12:51:02.081682071,BEST_BID,"JPM,100210,154"
2019-06-28 12:51:02.081682071,BEST_ASK,"JPM,100413,174"
2019-06-28 12:51:10.000000000,QUERY_SPREAD,1
2019-06-28 12:51:10.000000000,BEST_BID,"JPM,100210,193"
2019-06-28 12:51:10.000000000,BEST_ASK,"JPM,100413,100"
2019-06-28 12:51:10.000000000,BEST_BID,"JPM,100210,193"
2019-06-28 12:51:10.000000000,BEST_ASK,"JPM,100413,100"
2019-06-28 12:51:10.000000000,BEST_BID,"JPM,100210,193"
2019-06-28 12:51:10.000000000,BEST_ASK,"JPM,100413,100"
2019-06-28 12:51:10.000000000,BEST_BID,"JPM,100210,193"
2019-06-28 12:51:10.000000000,BEST_ASK,"JPM,100413,100"
2019-06-28 12:51:10.000000000,BEST_BID,"JPM,100210,193"
2019-06-28 12:51:10.000000000,BEST_ASK,"JPM,100413,193"
2019-06-28 12:51:10.000000000,BEST_BID,"JPM,100210,193"
2019-06-28 12:51:10.000000000,BEST_ASK,"JPM,100413,193"
2019-06-28 12:51:10.000000000,BEST_BID,"JPM,100210,193"
2019-06-28 12:51:10.000000000,BEST_ASK,"JPM,100413,193"
2019-06-28 12:51:10.000000000,BEST_BID,"JPM,100210,193"
2019-06-28 12:51:10.000000000,BEST_ASK,"JPM,100413,193"
2019-06-28 12:51:20.000000000,QUERY_SPREAD,1
2019-06-28 12:51:20.000000000,BEST_BID,"JPM,100210,174"
2019-06-28 12:51:20.000000000,BEST_ASK,"JPM,100413,100"
2019-06-28 12:51:20.000000000,BEST_BID,"JPM,100210,174"
2019-06-28 12:51:20.000000000,BEST_ASK,"JPM,100413,100"
2019-06-28 12:51:20.000000000,BEST_BID,"JPM,100210,174"
2019-06-28 12:51:20.000000000,BEST_ASK,"JPM,100413,100"
2019-06-28 12:51:20.000000000,BEST_BID,"JPM,100210,174"
2019-06-28 12:51:20.000000000,BEST_ASK,"JPM,100413,100"
2019-06-28 12:51:20.000000000,BEST_BID,"JPM,100210,174"
2019-06-28 12:51:20.000000000,BEST_ASK,"JPM,100413,174"
2019-06-28 12:51:20.000000000,BEST_BID,"JPM,100210,174"
2019-06-28 12:51:20.000000000,BEST_ASK,"JPM,100413,174"
2019-06-28 12:51:20.000000000,BEST_BID,"JPM,100210,174"
2019-06-28 12:51:20.000000000,BEST_ASK,"JPM,100413,174"
2019-06-28 12:51:20.000000000,BEST_BID,"JPM,100210,174"
2019-06-28 12:51:20.000000000,BEST_ASK,"JPM,100413,174"
2019-06-28 12:51:20.000000000,BEST_BID,"JPM,100210,174"
2019-06-28 12:51:20.000000000,BEST_ASK,"JPM,100413,174"
2019-06-28 12:51:22.721189460,QUERY_SPREAD,47
2019-06-28 12:51:22.721189460,BEST_BID,"JPM,100210,174"
2019-06-28 12:51:22.721189460,BEST_ASK,"JPM,100413,174"
2019-06-28 12:51:27.840449066,QUERY_SPREAD,5
2019-06-28 12:51:27.840449066,BEST_BID,"JPM,100210,174"
2019-06-28 12:51:27.840449066,BEST_ASK,"JPM,100413,74"
2019-06-28 12:51:27.840449066,LAST_TRADE,"100,$100413.0000"
2019-06-28 12:51:28.614972087,QUERY_ORDER_STREAM,69
2019-06-28 12:51:28.614972087,QUERY_SPREAD,69
2019-06-28 12:51:28.614972087,BEST_BID,"JPM,100211,100"
2019-06-28 12:51:28.614972087,BEST_ASK,"JPM,100413,74"
2019-06-28 12:51:30.000000000,QUERY_SPREAD,1
2019-06-28 12:51:30.000000000,BEST_BID,"JPM,100211,226"
2019-06-28 12:51:30.000000000,BEST_ASK,"JPM,100435,100"
2019-06-28 12:51:30.000000000,BEST_BID,"JPM,100211,226"
2019-06-28 12:51:30.000000000,BEST_ASK,"JPM,100435,100"
2019-06-28 12:51:30.000000000,BEST_BID,"JPM,100211,226"
2019-06-28 12:51:30.000000000,BEST_ASK,"JPM,100435,100"
2019-06-28 12:51:30.000000000,BEST_BID,"JPM,100211,226"
2019-06-28 12:51:30.000000000,BEST_ASK,"JPM,100435,226"
2019-06-28 12:51:30.000000000,BEST_BID,"JPM,100211,226"
2019-06-28 12:51:30.000000000,BEST_ASK,"JPM,100435,226"
2019-06-28 12:51:30.000000000,BEST_BID,"JPM,100211,226"
2019-06-28 12:51:30.000000000,BEST_ASK,"JPM,100435,226"
2019-06-28 12:51:38.982406095,QUERY_SPREAD,2
2019-06-28 12:51:38.982406095,BEST_BID,"JPM,100211,226"
2019-06-28 12:51:38.982406095,BEST_ASK,"JPM,100435,226"
2019-06-28 12:51:40.000000000,QUERY_SPREAD,1
2019-06-28 12:51:40.000000000,BEST_BID,"JPM,100211,174"
2019-06-28 12:51:40.000000000,BEST_ASK,"JPM,100435,100"
2019-06-28 12:51:40.000000000,BEST_BID,"JPM,100211,174"
2019-06-28 12:51:40.000000000,BEST_ASK,"JPM,100435,100"
2019-06-28 12:51:40.000000000,BEST_BID,"JPM,100211,174"
2019-06-28 12:51:40.000000000,BEST_ASK,"JPM,100435,100"
2019-06-28 12:51:40.000000000,BEST_BID,"JPM,100211,174"
2019-06-28 12:51:40.000000000,BEST_ASK,"JPM,100435,100"
2019-06-28 12:51:40.000000000,BEST_BID,"JPM,100211,174"
2019-06-28 12:51:40.000000000,BEST_ASK,"JPM,100435,100"
2019-06-28 12:51:40.000000000,BEST_BID,"JPM,100211,174"
2019-06-28 12:51:40.000000000,BEST_ASK,"JPM,100435,174"
2019-06-28 12:51:40.000000000,BEST_BID,"JPM,100211,174"
2019-06-28 12:51:40.000000000,BEST_ASK,"JPM,100435,174"
2019-06-28 12:51:40.000000000,BEST_BID,"JPM,100211,174"
2019-06-28 12:51:40.000000000,BEST_ASK,"JPM,100435,174"
2019-06-28 12:51:40.000000000,BEST_BID,"JPM,100211,174"
2019-06-28 12:51:40.000000000,BEST_ASK,"JPM,100435,174"
2019-06-28 12:51:40.000000000,BEST_BID,"JPM,100211,174"
2019-06-28 12:51:40.000000000,BEST_ASK,"JPM,100435,174"
2019-06-28 12:51:49.632635580,QUERY_SPREAD,27
2019-06-28 12:51:49.632635580,BEST_BID,"JPM,100211,174"
2019-06-28 12:51:49.632635580,BEST_ASK,"JPM,100435,74"
2019-06-28 12:51:49.632635580,LAST_TRADE,"100,$100435.0000"
2019-06-28 12:51:50.000000000,QUERY_SPREAD,1
2019-06-28 12:51:50.000000000,BEST_BID,"JPM,100211,174"
2019-06-28 12:51:50.000000000,BEST_ASK,"JPM,100439,100"
2019-06-28 12:51:50.000000000,BEST_BID,"JPM,100211,174"
2019-06-28 12:51:50.000000000,BEST_ASK,"JPM,100439,100"
2019-06-28 12:51:50.000000000,BEST_BID,"JPM,100211,174"
2019-06-28 12:51:50.000000000,BEST_ASK,"JPM,100439,100"
2019-06-28 12:51:50.000000000,BEST_BID,"JPM,100211,174"
2019-06-28 12:51:50.000000000,BEST_ASK,"JPM,100439,100"
2019-06-28 12:51:50.000000000,BEST_BID,"JPM,100211,174"
2019-06-28 12:51:50.000000000,BEST_ASK,"JPM,100439,100"
2019-06-28 12:51:50.000000000,BEST_BID,"JPM,100211,174"
2019-06-28 12:51:50.000000000,BEST_ASK,"JPM,100439,174"
2019-06-28 12:51:50.000000000,BEST_BID,"JPM,100211,174"
2019-06-28 12:51:50.000000000,BEST_ASK,"JPM,100439,174"
2019-06-28 12:51:50.000000000,BEST_BID,"JPM,100211,174"
2019-06-28 12:51:50.000000000,BEST_ASK,"JPM,100439,174"
2019-06-28 12:51:50.000000000,BEST_BID,"JPM,100211,174"
2019-06-28 12:51:50.000000000,BEST_ASK,"JPM,100439,174"
2019-06-28 12:51:50.000000000,BEST_BID,"JPM,100211,174"
2019-06-28 12:51:50.000000000,BEST_ASK,"JPM,100439,174"
2019-06-28 12:52:00.000000000,QUERY_SPREAD,1
2019-06-28 12:52:00.000000000,BEST_BID,"JPM,100211,471"
2019-06-28 12:52:00.000000000,BEST_ASK,"JPM,100439,100"
2019-06-28 12:52:00.000000000,BEST_BID,"JPM,100211,471"
2019-06-28 12:52:00.000000000,BEST_ASK,"JPM,100439,471"
2019-06-28 12:52:00.000000000,QUERY_SPREAD,77
2019-06-28 12:52:00.000000000,BEST_BID,"JPM,100211,466"
2019-06-28 12:52:00.000000000,BEST_ASK,"JPM,100439,471"
2019-06-28 12:52:00.000000000,LAST_TRADE,"5,$100211.0000"
2019-06-28 12:52:00.000000000,QUERY_SPREAD,78
2019-06-28 12:52:00.000000000,BEST_BID,"JPM,100211,458"
2019-06-28 12:52:00.000000000,BEST_ASK,"JPM,100439,471"
2019-06-28 12:52:00.000000000,LAST_TRADE,"8,$100211.0000"
2019-06-28 12:52:00.000000000,QUERY_SPREAD,79
2019-06-28 12:52:00.000000000,BEST_BID,"JPM,100211,453"
2019-06-28 12:52:00.000000000,BEST_ASK,"JPM,100439,471"
2019-06-28 12:52:00.000000000,LAST_TRADE,"5,$100211.0000"
2019-06-28 12:52:00.000000000,QUERY_SPREAD,80
2019-06-28 12:52:00.000000000,BEST_BID,"JPM,100211,445"
2019-06-28 12:52:00.000000000,BEST_ASK,"JPM,100439,471"
2019-06-28 12:52:00.000000000,LAST_TRADE,"8,$100211.0000"
2019-06-28 12:52:00.000000000,QUERY_SPREAD,81
2019-06-28 12:52:00.000000000,BEST_BID,"JPM,100211,436"
2019-06-28 12:52:00.000000000,BEST_ASK,"JPM,100439,471"
2019-06-28 12:52:00.000000000,LAST_TRADE,"9,$100211.0000"
2019-06-28 12:52:00.000000000,QUERY_SPREAD,82
2019-06-28 12:52:00.000000000,BEST_BID,"JPM,100211,433"
2019-06-28 12:52:00.000000000,BEST_ASK,"JPM,100439,471"
2019-06-28 12:52:00.000000000,LAST_TRADE,"3,$100211.0000"
2019-06-28 12:52:00.000000000,QUERY_SPREAD,83
2019-06-28 12:52:00.000000000,BEST_BID,"JPM,100211,425"
2019-06-28 12:52:00.000000000,BEST_ASK,"JPM,100439,471"
2019-06-28 12:52:00.000000000,LAST_TRADE,"8,$100211.0000"
2019-06-28 12:52:00.000000000,QUERY_SPREAD,84
2019-06-28 12:52:00.000000000,BEST_BID,"JPM,100211,421"
2019-06-28 12:52:00.000000000,BEST_ASK,"JPM,100439,471"
2019-06-28 12:52:00.000000000,LAST_TRADE,"4,$100211.0000"
2019-06-28 12:52:00.000000000,QUERY_SPREAD,85
2019-06-28 12:52:00.000000000,BEST_BID,"JPM,100211,416"
2019-06-28 12:52:00.000000000,BEST_ASK,"JPM,100439,471"
2019-06-28 12:52:00.000000000,LAST_TRADE,"5,$100211.0000"
2019-06-28 12:52:00.000000000,QUERY_SPREAD,86
2019-06-28 12:52:00.000000000,BEST_BID,"JPM,100211,414"
2019-06-28 12:52:00.000000000,BEST_ASK,"JPM,100439,471"
2019-06-28 12:52:00.000000000,LAST_TRADE,"2,$100211.0000"
2019-06-28 12:52:00.000000000,QUERY_SPREAD,87
2019-06-28 12:52:00.000000000,BEST_BID,"JPM,100211,407"
2019-06-28 12:52:00.000000000,BEST_ASK,"JPM,100439,471"
2019-06-28 12:52:00.000000000,LAST_TRADE,"7,$100211.0000"
2019-06-28 12:52:00.000000000,QUERY_SPREAD,88
2019-06-28 12:52:00.000000000,BEST_BID,"JPM,100211,399"
2019-06-28 12:52:00.000000000,BEST_ASK,"JPM,100439,471"
2019-06-28 12:52:00.000000000,LAST_TRADE,"8,$100211.0000"
2019-06-28 12:52:00.000000000,QUERY_SPREAD,89
2019-06-28 12:52:00.000000000,BEST_BID,"JPM,100211,394"
2019-06-28 12:52:00.000000000,BEST_ASK,"JPM,100439,471"
2019-06-28 12:52:00.000000000,LAST_TRADE,"5,$100211.0000"
2019-06-28 12:52:00.000000000,QUERY_SPREAD,90
2019-06-28 12:52:00.000000000,BEST_BID,"JPM,100211,390"
2019-06-28 12:52:00.000000000,BEST_ASK,"JPM,100439,471"
2019-06-28 12:52:00.000000000,LAST_TRADE,"4,$100211.0000"
2019-06-28 12:52:00.000000000,QUERY_SPREAD,91
2019-06-28 12:52:00.000000000,BEST_BID,"JPM,100211,387"
2019-06-28 12:52:00.000000000,BEST_ASK,"JPM,100439,471"
2019-06-28 12:52:00.000000000,LAST_TRADE,"3,$100211.0000"
2019-06-28 12:52:00.000000000,QUERY_SPREAD,92
2019-06-28 12:52:00.000000000,BEST_BID,"JPM,100211,382"
2019-06-28 12:52:00.000000000,BEST_ASK,"JPM,100439,471"
2019-06-28 12:52:00.000000000,LAST_TRADE,"5,$100211.0000"
2019-06-28 12:52:00.000000000,QUERY_SPREAD,93
2019-06-28 12:52:00.000000000,BEST_BID,"JPM,100211,375"
2019-06-28 12:52:00.000000000,BEST_ASK,"JPM,100439,471"
2019-06-28 12:52:00.000000000,LAST_TRADE,"7,$100211.0000"
2019-06-28 12:52:00.000000000,QUERY_SPREAD,94
2019-06-28 12:52:00.000000000,BEST_BID,"JPM,100211,374"
2019-06-28 12:52:00.000000000,BEST_ASK,"JPM,100439,471"
2019-06-28 12:52:00.000000000,LAST_TRADE,"1,$100211.0000"
2019-06-28 12:52:00.000000000,QUERY_SPREAD,95
2019-06-28 12:52:00.000000000,BEST_BID,"JPM,100211,373"
2019-06-28 12:52:00.000000000,BEST_ASK,"JPM,100439,471"
2019-06-28 12:52:00.000000000,LAST_TRADE,"1,$100211.0000"
2019-06-28 12:52:00.000000000,QUERY_SPREAD,96
2019-06-28 12:52:00.000000000,BEST_BID,"JPM,100211,369"
2019-06-28 12:52:00.000000000,BEST_ASK,"JPM,100439,471"
2019-06-28 12:52:00.000000000,LAST_TRADE,"4,$100211.0000"
2019-06-28 12:52:00.000000000,QUERY_SPREAD,97
2019-06-28 12:52:00.000000000,BEST_BID,"JPM,100211,366"
2019-06-28 12:52:00.000000000,BEST_ASK,"JPM,100439,471"
2019-06-28 12:52:00.000000000,LAST_TRADE,"3,$100211.0000"
2019-06-28 12:52:00.000000000,QUERY_SPREAD,98
2019-06-28 12:52:00.000000000,BEST_BID,"JPM,100211,361"
2019-06-28 12:52:00.000000000,BEST_ASK,"JPM,100439,471"
2019-06-28 12:52:00.000000000,LAST_TRADE,"5,$100211.0000"
2019-06-28 12:52:00.000000000,QUERY_SPREAD,99
2019-06-28 12:52:00.000000000,BEST_BID,"JPM,100211,357"
2019-06-28 12:52:00.000000000,BEST_ASK,"JPM,100439,471"
2019-06-28 12:52:00.000000000,LAST_TRADE,"4,$100211.0000"
2019-06-28 12:52:00.000000000,QUERY_SPREAD,100
2019-06-28 12:52:00.000000000,BEST_BID,"JPM,100211,352"
2019-06-28 12:52:00.000000000,BEST_ASK,"JPM,100439,471"
2019-06-28 12:52:00.000000000,LAST_TRADE,"5,$100211.0000"
2019-06-28 12:52:00.000000000,QUERY_SPREAD,101
2019-06-28 12:52:00.000000000,BEST_BID,"JPM,100211,351"
2019-06-28 12:52:00.000000000,BEST_ASK,"JPM,100439,471"
2019-06-28 12:52:00.000000000,LAST_TRADE,"1,$100211.0000"
2019-06-28 12:52:10.000000000,QUERY_SPREAD,1
2019-06-28 12:52:10.000000000,BEST_BID,"JPM,100210,226"
2019-06-28 12:52:10.000000000,BEST_ASK,"JPM,100439,100"
2019-06-28 12:52:10.000000000,BEST_BID,"JPM,100210,226"
2019-06-28 12:52:10.000000000,BEST_ASK,"JPM,100439,100"
2019-06-28 12:52:10.000000000,BEST_BID,"JPM,100210,226"
2019-06-28 12:52:10.000000000,BEST_ASK,"JPM,100439,100"
2019-06-28 12:52:10.000000000,BEST_BID,"JPM,100210,226"
2019-06-28 12:52:10.000000000,BEST_ASK,"JPM,100439,226"
2019-06-28 12:52:10.000000000,BEST_BID,"JPM,100210,226"
2019-06-28 12:52:10.000000000,BEST_ASK,"JPM,100439,226"
2019-06-28 12:52:10.000000000,BEST_BID,"JPM,100210,226"
2019-06-28 12:52:10.000000000,BEST_ASK,"JPM,100439,226"
2019-06-28 12:52:12.293858958,QUERY_SPREAD,39
2019-06-28 12:52:12.293858958,BEST_BID,"JPM,100210,226"
2019-06-28 12:52:12.293858958,BEST_ASK,"JPM,100439,126"
2019-06-28 12:52:12.293858958,LAST_TRADE,"100,$100439.0000"
2019-06-28 12:52:20.000000000,QUERY_SPREAD,1
2019-06-28 12:52:20.000000000,BEST_BID,"JPM,100210,193"
2019-06-28 12:52:20.000000000,BEST_ASK,"JPM,100629,100"
2019-06-28 12:52:20.000000000,BEST_BID,"JPM,100210,193"
2019-06-28 12:52:20.000000000,BEST_ASK,"JPM,100629,100"
2019-06-28 12:52:20.000000000,BEST_BID,"JPM,100210,193"
2019-06-28 12:52:20.000000000,BEST_ASK,"JPM,100629,100"
2019-06-28 12:52:20.000000000,BEST_BID,"JPM,100210,193"
2019-06-28 12:52:20.000000000,BEST_ASK,"JPM,100629,100"
2019-06-28 12:52:20.000000000,BEST_BID,"JPM,100210,193"
2019-06-28 12:52:20.000000000,BEST_ASK,"JPM,100629,193"
2019-06-28 12:52:20.000000000,BEST_BID,"JPM,100210,193"
2019-06-28 12:52:20.000000000,BEST_ASK,"JPM,100629,193"
2019-06-28 12:52:20.000000000,BEST_BID,"JPM,100210,193"
2019-06-28 12:52:20.000000000,BEST_ASK,"JPM,100629,193"
2019-06-28 12:52:20.000000000,BEST_BID,"JPM,100210,193"
2019-06-28 12:52:20.000000000,BEST_ASK,"JPM,100629,193"
2019-06-28 12:52:28.467007197,QUERY_SPREAD,44
2019-06-28 12:52:28.467007197,BEST_BID,"JPM,100210,193"
2019-06-28 12:52:28.467007197,BEST_ASK,"JPM,100629,193"
2019-06-28 12:52:30.000000000,QUERY_SPREAD,1
2019-06-28 12:52:30.000000000,BEST_BID,"JPM,100210,286"
2019-06-28 12:52:30.000000000,BEST_ASK,"JPM,100629,100"
2019-06-28 12:52:30.000000000,BEST_BID,"JPM,100210,286"
2019-06-28 12:52:30.000000000,BEST_ASK,"JPM,100629,100"
2019-06-28 12:52:30.000000000,BEST_BID,"JPM,100210,286"
2019-06-28 12:52:30.000000000,BEST_ASK,"JPM,100629,286"
2019-06-28 12:52:30.000000000,BEST_BID,"JPM,100210,286"
2019-06-28 12:52:30.000000000,BEST_ASK,"JPM,100629,286"
2019-06-28 12:52:36.494907169,QUERY_ORDER_STREAM,71
2019-06-28 12:52:36.494907169,QUERY_SPREAD,71
2019-06-28 12:52:36.494907169,BEST_BID,"JPM,100211,100"
2019-06-28 12:52:36.494907169,BEST_ASK,"JPM,100629,286"
2019-06-28 12:52:40.000000000,QUERY_SPREAD,1
2019-06-28 12:52:40.000000000,BEST_BID,"JPM,100211,193"
2019-06-28 12:52:40.000000000,BEST_ASK,"JPM,100629,100"
2019-06-28 12:52:40.000000000,BEST_BID,"JPM,100211,193"
2019-06-28 12:52:40.000000000,BEST_ASK,"JPM,100629,100"
2019-06-28 12:52:40.000000000,BEST_BID,"JPM,100211,193"
2019-06-28 12:52:40.000000000,BEST_ASK,"JPM,100629,100"
2019-06-28 12:52:40.000000000,BEST_BID,"JPM,100211,193"
2019-06-28 12:52:40.000000000,BEST_ASK,"JPM,100629,100"
2019-06-28 12:52:40.000000000,BEST_BID,"JPM,100211,193"
2019-06-28 12:52:40.000000000,BEST_ASK,"JPM,100629,193"
2019-06-28 12:52:40.000000000,BEST_BID,"JPM,100211,193"
2019-06-28 12:52:40.000000000,BEST_ASK,"JPM,100629,193"
2019-06-28 12:52:40.000000000,BEST_BID,"JPM,100211,193"
2019-06-28 12:52:40.000000000,BEST_ASK,"JPM,100629,193"
2019-06-28 12:52:40.000000000,BEST_BID,"JPM,100211,193"
2019-06-28 12:52:40.000000000,BEST_ASK,"JPM,100629,193"
2019-06-28 12:52:45.996945506,QUERY_ORDER_STREAM,74
2019-06-28 12:52:45.996945506,QUERY_SPREAD,74
2019-06-28 12:52:50.000000000,QUERY_SPREAD,1
2019-06-28 12:52:50.000000000,BEST_BID,"JPM,100211,174"
2019-06-28 12:52:50.000000000,BEST_ASK,"JPM,100629,100"
2019-06-28 12:52:50.000000000,BEST_BID,"JPM,100211,174"
2019-06-28 12:52:50.000000000,BEST_ASK,"JPM,100629,100"
2019-06-28 12:52:50.000000000,BEST_BID,"JPM,100211,174"
2019-06-28 12:52:50.000000000,BEST_ASK,"JPM,100629,100"
2019-06-28 12:52:50.000000000,BEST_BID,"JPM,100211,174"
2019-06-28 12:52:50.000000000,BEST_ASK,"JPM,100629,100"
2019-06-28 12:52:50.000000000,BEST_BID,"JPM,100211,174"
2019-06-28 12:52:50.000000000,BEST_ASK,"JPM,100629,100"
2019-06-28 12:52:50.000000000,BEST_BID,"JPM,100211,174"
2019-06-28 12:52:50.000000000,BEST_ASK,"JPM,100629,174"
2019-06-28 12:52:50.000000000,BEST_BID,"JPM,100211,174"
2019-06-28 12:52:50.000000000,BEST_ASK,"JPM,100629,174"
2019-06-28 12:52:50.000000000,BEST_BID,"JPM,100211,174"
2019-06-28 12:52:50.000000000,BEST_ASK,"JPM,100629,174"
2019-06-28 12:52:50.000000000,BEST_BID,"JPM,100211,174"
2019-06-28 12:52:50.000000000,BEST_ASK,"JPM,100629,174"
2019-06-28 12:52:50.000000000,BEST_BID,"JPM,100211,174"
2019-06-28 12:52:50.000000000,BEST_ASK,"JPM,100629,174"
2019-06-28 12:53:00.000000000,QUERY_SPREAD,1
2019-06-28 12:53:00.000000000,BEST_BID,"JPM,100211,286"
2019-06-28 12:53:00.000000000,BEST_ASK,"JPM,100629,100"
2019-06-28 12:53:00.000000000,BEST_BID,"JPM,100211,286"
2019-06-28 12:53:00.000000000,BEST_ASK,"JPM,100629,100"
2019-06-28 12:53:00.000000000,BEST_BID,"JPM,100211,286"
2019-06-28 12:53:00.000000000,BEST_ASK,"JPM,100629,286"
2019-06-28 12:53:00.000000000,BEST_BID,"JPM,100211,286"
2019-06-28 12:53:00.000000000,BEST_ASK,"JPM,100629,286"
2019-06-28 12:53:00.000000000,QUERY_SPREAD,77
2019-06-28 12:53:00.000000000,BEST_BID,"JPM,100211,281"
2019-06-28 12:53:00.000000000,BEST_ASK,"JPM,100629,286"
2019-06-28 12:53:00.000000000,LAST_TRADE,"5,$100211.0000"
2019-06-28 12:53:00.000000000,QUERY_SPREAD,78
2019-06-28 12:53:00.000000000,BEST_BID,"JPM,100211,273"
2019-06-28 12:53:00.000000000,BEST_ASK,"JPM,100629,286"
2019-06-28 12:53:00.000000000,LAST_TRADE,"8,$100211.0000"
2019-06-28 12:53:00.000000000,QUERY_SPREAD,79
2019-06-28 12:53:00.000000000,BEST_BID,"JPM,100211,268"
2019-06-28 12:53:00.000000000,BEST_ASK,"JPM,100629,286"
2019-06-28 12:53:00.000000000,LAST_TRADE,"5,$100211.0000"
2019-06-28 12:53:00.000000000,QUERY_SPREAD,80
2019-06-28 12:53:00.000000000,BEST_BID,"JPM,100211,260"
2019-06-28 12:53:00.000000000,BEST_ASK,"JPM,100629,286"
2019-06-28 12:53:00.000000000,LAST_TRADE,"8,$100211.0000"
2019-06-28 12:53:00.000000000,QUERY_SPREAD,81
2019-06-28 12:53:00.000000000,BEST_BID,"JPM,100211,251"
2019-06-28 12:53:00.000000000,BEST_ASK,"JPM,100629,286"
2019-06-28 12:53:00.000000000,LAST_TRADE,"9,$100211.0000"
2019-06-28 12:53:00.000000000,QUERY_SPREAD,82
2019-06-28 12:53:00.000000000,BEST_BID,"JPM,100211,248"
2019-06-28 12:53:00.000000000,BEST_ASK,"JPM,100629,286"
2019-06-28 12:53:00.000000000,LAST_TRADE,"3,$100211.0000"
2019-06-28 12:53:00.000000000,QUERY_SPREAD,83
2019-06-28 12:53:00.000000000,BEST_BID,"JPM,100211,240"
2019-06-28 12:53:00.000000000,BEST_ASK,"JPM,100629,286"
2019-06-28 12:53:00.000000000,LAST_TRADE,"8,$100211.0000"
2019-06-28 12:53:00.000000000,QUERY_SPREAD,84
2019-06-28 12:53:00.000000000,BEST_BID,"JPM,100211,236"
2019-06-28 12:53:00.000000000,BEST_ASK,"JPM,100629,286"
2019-06-28 12:53:00.000000000,LAST_TRADE,"4,$100211.0000"
2019-06-28 12:53:00.000000000,QUERY_SPREAD,85
2019-06-28 12:53:00.000000000,BEST_BID,"JPM,100211,231"
2019-06-28 12:53:00.000000000,BEST_ASK,"JPM,100629,286"
2019-06-28 12:53:00.000000000,LAST_TRADE,"5,$100211.0000"
2019-06-28 12:53:00.000000000,QUERY_SPREAD,86
2019-06-28 12:53:00.000000000,BEST_BID,"JPM,100211,229"
2019-06-28 12:53:00.000000000,BEST_ASK,"JPM,100629,286"
2019-06-28 12:53:00.000000000,LAST_TRADE,"2,$100211.0000"
2019-06-28 12:53:00.000000000,QUERY_SPREAD,87
2019-06-28 12:53:00.000000000,BEST_BID,"JPM,100211,222"
2019-06-28 12:53:00.000000000,BEST_ASK,"JPM,100629,286"
2019-06-28 12:53:00.000000000,LAST_TRADE,"7,$100211.0000"
2019-06-28 12:53:00.000000000,QUERY_SPREAD,88
2019-06-28 12:53:00.000000000,BEST_BID,"JPM,100211,214"
2019-06-28 12:53:00.000000000,BEST_ASK,"JPM,100629,286"
2019-06-28 12:53:00.000000000,LAST_TRADE,"8,$100211.0000"
2019-06-28 12:53:00.000000000,QUERY_SPREAD,89
2019-06-28 12:53:00.000000000,BEST_BID,"JPM,100211,209"
2019-06-28 12:53:00.000000000,BEST_ASK,"JPM,100629,286"
2019-06-28 12:53:00.000000000,LAST_TRADE,"5,$100211.0000"
2019-06-28 12:53:00.000000000,QUERY_SPREAD,90
2019-06-28 12:53:00.000000000,BEST_BID,"JPM,100211,205"
2019-06-28 12:53:00.000000000,BEST_ASK,"JPM,100629,286"
2019-06-28 12:53:00.000000000,LAST_TRADE,"4,$100211.0000"
2019-06-28 12:53:00.000000000,QUERY_SPREAD,91
2019-06-28 12:53:00.000000000,BEST_BID,"JPM,100211,202"
2019-06-28 12:53:00.000000000,BEST_ASK,"JPM,100629,286"
2019-06-28 12:53:00.000000000,LAST_TRADE,"3,$100211.0000"
2019-06-28 12:53:00.000000000,QUERY_SPREAD,92
2019-06-28 12:53:00.000000000,BEST_BID,"JPM,100211,197"
2019-06-28 12:53:00.000000000,BEST_ASK,"JPM,100629,286"
2019-06-28 12:53:00.000000000,LAST_TRADE,"5,$100211.0000"
2019-06-28 12:53:00.000000000,QUERY_SPREAD,93
2019-06-28 12:53:00.000000000,BEST_BID,"JPM,100211,190"
2019-06-28 12:53:00.000000000,BEST_ASK,"JPM,100629,286"
2019-06-28 12:53:00.000000000,LAST_TRADE,"7,$100211.0000"
2019-06-28 12:53:00.000000000,QUERY_SPREAD,94
2019-06-28 12:53:00.000000000,BEST_BID,"JPM,100211,189"
2019-06-28 12:53:00.000000000,BEST_ASK,"JPM,100629,286"
2019-06-28 12:53:00.000000000,LAST_TRADE,"1,$100211.0000"
2019-06-28 12:53:00.000000000,QUERY_SPREAD,95
2019-06-28 12:53:00.000000000,BEST_BID,"JPM,100211,188"
2019-06-28 12:53:00.000000000,BEST_ASK,"JPM,100629,286"
2019-06-28 12:53:00.000000000,LAST_TRADE,"1,$100211.0000"
2019-06-28 12:53:00.000000000,QUERY_SPREAD,96
2019-06-28 12:53:00.000000000,BEST_BID,"JPM,100211,184"
2019-06-28 12:53:00.000000000,BEST_ASK,"JPM,100629,286"
2019-06-28 12:53:00.000000000,LAST_TRADE,"4,$100211.0000"
2019-06-28 12:53:00.000000000,QUERY_SPREAD,97
2019-06-28 12:53:00.000000000,BEST_BID,"JPM,100211,181"
2019-06-28 12:53:00.000000000,BEST_ASK,"JPM,100629,286"
2019-06-28 12:53:00.000000000,LAST_TRADE,"3,$100211.0000"
2019-06-28 12:53:00.000000000,QUERY_SPREAD,98
2019-06-28 12:53:00.000000000,BEST_BID,"JPM,100211,176"
2019-06-28 12:53:00.000000000,BEST_ASK,"JPM,100629,286"
2019-06-28 12:53:00.000000000,LAST_TRADE,"5,$100211.0000"
2019-06-28 12:53:00.000000000,QUERY_SPREAD,99
2019-06-28 12:53:00.000000000,BEST_BID,"JPM,100211,172"
2019-06-28 12:53:00.000000000,BEST_ASK,"JPM,100629,286"
2019-06-28 12:53:00.000000000,LAST_TRADE,"4,$100211.0000"
2019-06-28 12:53:00.000000000,QUERY_SPREAD,100
2019-06-28 12:53:00.000000000,BEST_BID,"JPM,100211,167"
2019-06-28 12:53:00.000000000,BEST_ASK,"JPM,100629,286"
2019-06-28 12:53:00.000000000,LAST_TRADE,"5,$100211.0000"
2019-06-28 12:53:00.000000000,QUERY_SPREAD,101
2019-06-28 12:53:00.000000000,BEST_BID,"JPM,100211,166"
2019-06-28 12:53:00.000000000,BEST_ASK,"JPM,100629,286"
2019-06-28 12:53:00.000000000,LAST_TRADE,"1,$100211.0000"
2019-06-28 12:53:10.000000000,QUERY_SPREAD,1
2019-06-28 12:53:10.000000000,BEST_BID,"JPM,100210,471"
2019-06-28 12:53:10.000000000,BEST_ASK,"JPM,100629,100"
2019-06-28 12:53:10.000000000,BEST_BID,"JPM,100210,471"
2019-06-28 12:53:10.000000000,BEST_ASK,"JPM,100629,471"
2019-06-28 12:53:13.392067912,QUERY_ORDER_STREAM,69
2019-06-28 12:53:13.392067912,QUERY_SPREAD,69
2019-06-28 12:53:20.000000000,QUERY_SPREAD,1
2019-06-28 12:53:20.000000000,BEST_BID,"JPM,100210,226"
2019-06-28 12:53:20.000000000,BEST_ASK,"JPM,100629,100"
2019-06-28 12:53:20.000000000,BEST_BID,"JPM,100210,226"
2019-06-28 12:53:20.000000000,BEST_ASK,"JPM,100629,100"
2019-06-28 12:53:20.000000000,BEST_BID,"JPM,100210,226"
2019-06-28 12:53:20.000000000,BEST_ASK,"JPM,100629,100"
2019-06-28 12:53:20.000000000,BEST_BID,"JPM,100210,226"
2019-06-28 12:53:20.000000000,BEST_ASK,"JPM,100629,226"
2019-06-28 12:53:20.000000000,BEST_BID,"JPM,100210,226"
2019-06-28 12:53:20.000000000,BEST_ASK,"JPM,100629,226"
2019-06-28 12:53:20.000000000,BEST_BID,"JPM,100210,226"
2019-06-28 12:53:20.000000000,BEST_ASK,"JPM,100629,226"
2019-06-28 12:53:30.000000000,QUERY_SPREAD,1
2019-06-28 12:53:30.000000000,BEST_BID,"JPM,100210,226"
2019-06-28 12:53:30.000000000,BEST_ASK,"JPM,100629,100"
2019-06-28 12:53:30.000000000,BEST_BID,"JPM,100210,226"
2019-06-28 12:53:30.000000000,BEST_ASK,"JPM,100629,100"
2019-06-28 12:53:30.000000000,BEST_BID,"JPM,100210,226"
2019-06-28 12:53:30.000000000,BEST_ASK,"JPM,100629,100"
2019-06-28 12:53:30.000000000,BEST_BID,"JPM,100210,226"
2019-06-28 12:53:30.000000000,BEST_ASK,"JPM,100629,226"
2019-06-28 12:53:30.000000000,BEST_BID,"JPM,100210,226"
2019-06-28 12:53:30.000000000,BEST_ASK,"JPM,100629,226"
2019-06-28 12:53:30.000000000,BEST_BID,"JPM,100210,226"
2019-06-28 12:53:30.000000000,BEST_ASK,"JPM,100629,226"
2019-06-28 12:53:40.000000000,QUERY_SPREAD,1
2019-06-28 12:53:40.000000000,BEST_BID,"JPM,100210,174"
2019-06-28 12:53:40.000000000,BEST_ASK,"JPM,100629,100"
2019-06-28 12:53:40.000000000,BEST_BID,"JPM,100210,174"
2019-06-28 12:53:40.000000000,BEST_ASK,"JPM,100629,100"
2019-06-28 12:53:40.000000000,BEST_BID,"JPM,100210,174"
2019-06-28 12:53:40.000000000,BEST_ASK,"JPM,100629,100"
2019-06-28 12:53:40.000000000,BEST_BID,"JPM,100210,174"
2019-06-28 12:53:40.000000000,BEST_ASK,"JPM,100629,100"
2019-06-28 12:53:40.000000000,BEST_BID,"JPM,100210,174"
2019-06-28 12:53:40.000000000,BEST_ASK,"JPM,100629,174"
2019-06-28 12:53:40.000000000,BEST_BID,"JPM,100210,174"
2019-06-28 12:53:40.000000000,BEST_ASK,"JPM,100629,174"
2019-06-28 12:53:40.000000000,BEST_BID,"JPM,100210,174"
2019-06-28 12:53:40.000000000,BEST_ASK,"JPM,100629,174"
2019-06-28 12:53:40.000000000,BEST_BID,"JPM,100210,174"
2019-06-28 12:53:40.000000000,BEST_ASK,"JPM,100629,174"
2019-06-28 12:53:40.000000000,BEST_BID,"JPM,100210,174"
2019-06-28 12:53:40.000000000,BEST_ASK,"JPM,100629,174"
2019-06-28 12:53:40.039344528,QUERY_SPREAD,46
2019-06-28 12:53:40.039344528,BEST_BID,"JPM,100210,174"
2019-06-28 12:53:40.039344528,BEST_ASK,"JPM,100629,74"
2019-06-28 12:53:40.039344528,LAST_TRADE,"100,$100629.0000"
2019-06-28 12:53:50.000000000,QUERY_SPREAD,1
2019-06-28 12:53:50.000000000,BEST_BID,"JPM,100210,226"
2019-06-28 12:53:50.000000000,BEST_ASK,"JPM,100711,100"
2019-06-28 12:53:50.000000000,BEST_BID,"JPM,100210,226"
2019-06-28 12:53:50.000000000,BEST_ASK,"JPM,100711,100"
2019-06-28 12:53:50.000000000,BEST_BID,"JPM,100210,226"
2019-06-28 12:53:50.000000000,BEST_ASK,"JPM,100711,100"
2019-06-28 12:53:50.000000000,BEST_BID,"JPM,100210,226"
2019-06-28 12:53:50.000000000,BEST_ASK,"JPM,100711,226"
2019-06-28 12:53:50.000000000,BEST_BID,"JPM,100210,226"
2019-06-28 12:53:50.000000000,BEST_ASK,"JPM,100711,226"
2019-06-28 12:53:50.000000000,BEST_BID,"JPM,100210,226"
2019-06-28 12:53:50.000000000,BEST_ASK,"JPM,100711,226"
2019-06-28 12:54:00.000000000,QUERY_SPREAD,1
2019-06-28 12:54:00.000000000,BEST_BID,"JPM,100210,226"
2019-06-28 12:54:00.000000000,BEST_ASK,"JPM,100711,100"
2019-06-28 12:54:00.000000000,BEST_BID,"JPM,100210,226"
2019-06-28 12:54:00.000000000,BEST_ASK,"JPM,100711,100"
2019-06-28 12:54:00.000000000,BEST_BID,"JPM,100210,226"
2019-06-28 12:54:00.000000000,BEST_ASK,"JPM,100711,100"
2019-06-28 12:54:00.000000000,BEST_BID,"JPM,100210,226"
2019-06-28 12:54:00.000000000,BEST_ASK,"JPM,100711,226"
2019-06-28 12:54:00.000000000,BEST_BID,"JPM,100210,226"
2019-06-28 12:54:00.000000000,BEST_ASK,"JPM,100711,226"
2019-06-28 12:54:00.000000000,BEST_BID,"JPM,100210,226"
2019-06-28 12:54:00.000000000,BEST_ASK,"JPM,100711,226"
2019-06-28 12:54:00.000000000,QUERY_SPREAD,77
2019-06-28 12:54:00.000000000,BEST_BID,"JPM,100210,221"
2019-06-28 12:54:00.000000000,BEST_ASK,"JPM,100711,226"
2019-06-28 12:54:00.000000000,LAST_TRADE,"5,$100210.0000"
2019-06-28 12:54:00.000000000,QUERY_SPREAD,78
2019-06-28 12:54:00.000000000,BEST_BID,"JPM,100210,213"
2019-06-28 12:54:00.000000000,BEST_ASK,"JPM,100711,226"
2019-06-28 12:54:00.000000000,LAST_TRADE,"8,$100210.0000"
2019-06-28 12:54:00.000000000,QUERY_SPREAD,79
2019-06-28 12:54:00.000000000,BEST_BID,"JPM,100210,208"
2019-06-28 12:54:00.000000000,BEST_ASK,"JPM,100711,226"
2019-06-28 12:54:00.000000000,LAST_TRADE,"5,$100210.0000"
2019-06-28 12:54:00.000000000,QUERY_SPREAD,80
2019-06-28 12:54:00.000000000,BEST_BID,"JPM,100210,200"
2019-06-28 12:54:00.000000000,BEST_ASK,"JPM,100711,226"
2019-06-28 12:54:00.000000000,LAST_TRADE,"8,$100210.0000"
2019-06-28 12:54:00.000000000,QUERY_SPREAD,81
2019-06-28 12:54:00.000000000,BEST_BID,"JPM,100210,191"
2019-06-28 12:54:00.000000000,BEST_ASK,"JPM,100711,226"
2019-06-28 12:54:00.000000000,LAST_TRADE,"9,$100210.0000"
2019-06-28 12:54:00.000000000,QUERY_SPREAD,82
2019-06-28 12:54:00.000000000,BEST_BID,"JPM,100210,188"
2019-06-28 12:54:00.000000000,BEST_ASK,"JPM,100711,226"
2019-06-28 12:54:00.000000000,LAST_TRADE,"3,$100210.0000"
2019-06-28 12:54:00.000000000,QUERY_SPREAD,83
2019-06-28 12:54:00.000000000,BEST_BID,"JPM,100210,180"
2019-06-28 12:54:00.000000000,BEST_ASK,"JPM,100711,226"
2019-06-28 12:54:00.000000000,LAST_TRADE,"8,$100210.0000"
2019-06-28 12:54:00.000000000,QUERY_SPREAD,84
2019-06-28 12:54:00.000000000,BEST_BID,"JPM,100210,176"
2019-06-28 12:54:00.000000000,BEST_ASK,"JPM,100711,226"
2019-06-28 12:54:00.000000000,LAST_TRADE,"4,$100210.0000"
2019-06-28 12:54:00.000000000,QUERY_SPREAD,85
2019-06-28 12:54:00.000000000,BEST_BID,"JPM,100210,171"
2019-06-28 12:54:00.000000000,BEST_ASK,"JPM,100711,226"
2019-06-28 12:54:00.000000000,LAST_TRADE,"5,$100210.0000"
2019-06-28 12:54:00.000000000,QUERY_SPREAD,86
2019-06-28 12:54:00.000000000,BEST_BID,"JPM,100210,169"
2019-06-28 12:54:00.000000000,BEST_ASK,"JPM,100711,226"
2019-06-28 12:54:00.000000000,LAST_TRADE,"2,$100210.0000"
2019-06-28 12:54:00.000000000,QUERY_SPREAD,87
2019-06-28 12:54:00.000000000,BEST_BID,"JPM,100210,162"
2019-06-28 12:54:00.000000000,BEST_ASK,"JPM,100711,226"
2019-06-28 12:54:00.000000000,LAST_TRADE,"7,$100210.0000"
2019-06-28 12:54:00.000000000,QUERY_SPREAD,88
2019-06-28 12:54:00.000000000,BEST_BID,"JPM,100210,154"
2019-06-28 12:54:00.000000000,BEST_ASK,"JPM,100711,226"
2019-06-28 12:54:00.000000000,LAST_TRADE,"8,$100210.0000"
2019-06-28 12:54:00.000000000,QUERY_SPREAD,89
2019-06-28 12:54:00.000000000,BEST_BID,"JPM,100210,149"
2019-06-28 12:54:00.000000000,BEST_ASK,"JPM,100711,226"
2019-06-28 12:54:00.000000000,LAST_TRADE,"5,$100210.0000"
2019-06-28 12:54:00.000000000,QUERY_SPREAD,90
2019-06-28 12:54:00.000000000,BEST_BID,"JPM,100210,145"
2019-06-28 12:54:00.000000000,BEST_ASK,"JPM,100711,226"
2019-06-28 12:54:00.000000000,LAST_TRADE,"4,$100210.0000"
2019-06-28 12:54:00.000000000,QUERY_SPREAD,91
2019-06-28 12:54:00.000000000,BEST_BID,"JPM,100210,142"
2019-06-28 12:54:00.000000000,BEST_ASK,"JPM,100711,226"
2019-06-28 12:54:00.000000000,LAST_TRADE,"3,$100210.0000"
2019-06-28 12:54:00.000000000,QUERY_SPREAD,92
2019-06-28 12:54:00.000000000,BEST_BID,"JPM,100210,137"
2019-06-28 12:54:00.000000000,BEST_ASK,"JPM,100711,226"
2019-06-28 12:54:00.000000000,LAST_TRADE,"5,$100210.0000"
2019-06-28 12:54:00.000000000,QUERY_SPREAD,93
2019-06-28 12:54:00.000000000,BEST_BID,"JPM,100210,130"
2019-06-28 12:54:00.000000000,BEST_ASK,"JPM,100711,226"
2019-06-28 12:54:00.000000000,LAST_TRADE,"7,$100210.0000"
2019-06-28 12:54:00.000000000,QUERY_SPREAD,94
2019-06-28 12:54:00.000000000,BEST_BID,"JPM,100210,129"
2019-06-28 12:54:00.000000000,BEST_ASK,"JPM,100711,226"
2019-06-28 12:54:00.000000000,LAST_TRADE,"1,$100210.0000"
2019-06-28 12:54:00.000000000,QUERY_SPREAD,95
2019-06-28 12:54:00.000000000,BEST_BID,"JPM,100210,128"
2019-06-28 12:54:00.000000000,BEST_ASK,"JPM,100711,226"
2019-06-28 12:54:00.000000000,LAST_TRADE,"1,$100210.0000"
2019-06-28 12:54:00.000000000,QUERY_SPREAD,96
2019-06-28 12:54:00.000000000,BEST_BID,"JPM,100210,124"
2019-06-28 12:54:00.000000000,BEST_ASK,"JPM,100711,226"
2019-06-28 12:54:00.000000000,LAST_TRADE,"4,$100210.0000"
2019-06-28 12:54:00.000000000,QUERY_SPREAD,97
2019-06-28 12:54:00.000000000,BEST_BID,"JPM,100210,121"
2019-06-28 12:54:00.000000000,BEST_ASK,"JPM,100711,226"
2019-06-28 12:54:00.000000000,LAST_TRADE,"3,$100210.0000"
2019-06-28 12:54:00.000000000,QUERY_SPREAD,98
2019-06-28 12:54:00.000000000,BEST_BID,"JPM,100210,116"
2019-06-28 12:54:00.000000000,BEST_ASK,"JPM,100711,226"
2019-06-28 12:54:00.000000000,LAST_TRADE,"5,$100210.0000"
2019-06-28 12:54:00.000000000,QUERY_SPREAD,99
2019-06-28 12:54:00.000000000,BEST_BID,"JPM,100210,112"
2019-06-28 12:54:00.000000000,BEST_ASK,"JPM,100711,226"
2019-06-28 12:54:00.000000000,LAST_TRADE,"4,$100210.0000"
2019-06-28 12:54:00.000000000,QUERY_SPREAD,100
2019-06-28 12:54:00.000000000,BEST_BID,"JPM,100210,107"
2019-06-28 12:54:00.000000000,BEST_ASK,"JPM,100711,226"
2019-06-28 12:54:00.000000000,LAST_TRADE,"5,$100210.0000"
2019-06-28 12:54:00.000000000,QUERY_SPREAD,101
2019-06-28 12:54:00.000000000,BEST_BID,"JPM,100210,106"
2019-06-28 12:54:00.000000000,BEST_ASK,"JPM,100711,226"
2019-06-28 12:54:00.000000000,LAST_TRADE,"1,$100210.0000"
2019-06-28 12:54:10.000000000,QUERY_SPREAD,1
2019-06-28 12:54:10.000000000,BEST_BID,"JPM,99868,174"
2019-06-28 12:54:10.000000000,BEST_ASK,"JPM,100711,100"
2019-06-28 12:54:10.000000000,BEST_BID,"JPM,99868,174"
2019-06-28 12:54:10.000000000,BEST_ASK,"JPM,100711,100"
2019-06-28 12:54:10.000000000,BEST_BID,"JPM,99868,174"
2019-06-28 12:54:10.000000000,BEST_ASK,"JPM,100711,100"
2019-06-28 12:54:10.000000000,BEST_BID,"JPM,99868,174"
2019-06-28 12:54:10.000000000,BEST_ASK,"JPM,100711,174"
2019-06-28 12:54:10.000000000,BEST_BID,"JPM,99868,174"
2019-06-28 12:54:10.000000000,BEST_ASK,"JPM,100711,174"
2019-06-28 12:54:10.000000000,BEST_BID,"JPM,99868,174"
2019-06-28 12:54:10.000000000,BEST_ASK,"JPM,100711,174"
2019-06-28 12:54:10.000000000,BEST_BID,"JPM,99868,174"
2019-06-28 12:54:10.000000000,BEST_ASK,"JPM,100711,174"
2019-06-28 12:54:10.000000000,BEST_BID,"JPM,99868,174"
2019-06-28 12:54:10.000000000,BEST_ASK,"JPM,100711,174"
2019-06-28 12:54:18.280785623,QUERY_SPREAD,48
2019-06-28 12:54:18.280785623,BEST_BID,"JPM,100165,100"
2019-06-28 12:54:18.280785623,BEST_ASK,"JPM,100711,174"
2019-06-28 12:54:20.000000000,QUERY_SPREAD,1
2019-06-28 12:54:20.000000000,BEST_BID,"JPM,100165,226"
2019-06-28 12:54:20.000000000,BEST_ASK,"JPM,100711,100"
2019-06-28 12:54:20.000000000,BEST_BID,"JPM,100165,226"
2019-06-28 12:54:20.000000000,BEST_ASK,"JPM,100711,100"
2019-06-28 12:54:20.000000000,BEST_BID,"JPM,100165,226"
2019-06-28 12:54:20.000000000,BEST_ASK,"JPM,100711,100"
2019-06-28 12:54:20.000000000,BEST_BID,"JPM,100165,226"
2019-06-28 12:54:20.000000000,BEST_ASK,"JPM,100711,226"
2019-06-28 12:54:20.000000000,BEST_BID,"JPM,100165,226"
2019-06-28 12:54:20.000000000,BEST_ASK,"JPM,100711,226"
2019-06-28 12:54:20.000000000,BEST_BID,"JPM,100165,226"
2019-06-28 12:54:20.000000000,BEST_ASK,"JPM,100711,226"
2019-06-28 12:54:20.378317468,QUERY_SPREAD,28
2019-06-28 12:54:20.378317468,BEST_BID,"JPM,100165,226"
2019-06-28 12:54:20.378317468,BEST_ASK,"JPM,100526,100"
2019-06-28 12:54:22.852434566,QUERY_SPREAD,8
2019-06-28 12:54:22.852434566,BEST_BID,"JPM,100165,226"
2019-06-28 12:54:22.852434566,BEST_ASK,"JPM,100262,100"
2019-06-28 12:54:30.000000000,QUERY_SPREAD,1
2019-06-28 12:54:30.000000000,BEST_BID,"JPM,100165,226"
2019-06-28 12:54:30.000000000,BEST_ASK,"JPM,100262,100"
2019-06-28 12:54:30.000000000,BEST_BID,"JPM,100165,226"
2019-06-28 12:54:30.000000000,BEST_ASK,"JPM,100262,100"
2019-06-28 12:54:30.000000000,BEST_BID,"JPM,100165,226"
2019-06-28 12:54:30.000000000,BEST_ASK,"JPM,100262,100"
2019-06-28 12:54:30.000000000,BEST_BID,"JPM,100165,226"
2019-06-28 12:54:30.000000000,BEST_ASK,"JPM,100262,226"
2019-06-28 12:54:30.000000000,BEST_BID,"JPM,100165,226"
2019-06-28 12:54:30.000000000,BEST_ASK,"JPM,100262,226"
2019-06-28 12:54:30.000000000,BEST_BID,"JPM,100165,226"
2019-06-28 12:54:30.000000000,BEST_ASK,"JPM,100262,226"
2019-06-28 12:54:40.000000000,QUERY_SPREAD,1
2019-06-28 12:54:40.000000000,BEST_BID,"JPM,100165,226"
2019-06-28 12:54:40.000000000,BEST_ASK,"JPM,100262,100"
2019-06-28 12:54:40.000000000,BEST_BID,"JPM,100165,226"
2019-06-28 12:54:40.000000000,BEST_ASK,"JPM,100262,100"
2019-06-28 12:54:40.000000000,BEST_BID,"JPM,100165,226"
2019-06-28 12:54:40.000000000,BEST_ASK,"JPM,100262,100"
2019-06-28 12:54:40.000000000,BEST_BID,"JPM,100165,226"
2019-06-28 12:54:40.000000000,BEST_ASK,"JPM,100262,226"
2019-06-28 12:54:40.000000000,BEST_BID,"JPM,100165,226"
2019-06-28 12:54:40.000000000,BEST_ASK,"JPM,100262,226"
2019-06-28 12:54:40.000000000,BEST_BID,"JPM,100165,226"
2019-06-28 12:54:40.000000000,BEST_ASK,"JPM,100262,226"
2019-06-28 12:54:50.000000000,QUERY_SPREAD,1
2019-06-28 12:54:50.000000000,BEST_BID,"JPM,100165,471"
2019-06-28 12:54:50.000000000,BEST_ASK,"JPM,100262,100"
2019-06-28 12:54:50.000000000,BEST_BID,"JPM,100165,471"
2019-06-28 12:54:50.000000000,BEST_ASK,"JPM,100262,471"
2019-06-28 12:55:00.000000000,QUERY_SPREAD,1
2019-06-28 12:55:00.000000000,BEST_BID,"JPM,100165,193"
2019-06-28 12:55:00.000000000,BEST_ASK,"JPM,100262,100"
2019-06-28 12:55:00.000000000,BEST_BID,"JPM,100165,193"
2019-06-28 12:55:00.000000000,BEST_ASK,"JPM,100262,100"
2019-06-28 12:55:00.000000000,BEST_BID,"JPM,100165,193"
2019-06-28 12:55:00.000000000,BEST_ASK,"JPM,100262,100"
2019-06-28 12:55:00.000000000,BEST_BID,"JPM,100165,193"
2019-06-28 12:55:00.000000000,BEST_ASK,"JPM,100262,100"
2019-06-28 12:55:00.000000000,BEST_BID,"JPM,100165,193"
2019-06-28 12:55:00.000000000,BEST_ASK,"JPM,100262,193"
2019-06-28 12:55:00.000000000,BEST_BID,"JPM,100165,193"
2019-06-28 12:55:00.000000000,BEST_ASK,"JPM,100262,193"
2019-06-28 12:55:00.000000000,BEST_BID,"JPM,100165,193"
2019-06-28 12:55:00.000000000,BEST_ASK,"JPM,100262,193"
2019-06-28 12:55:00.000000000,BEST_BID,"JPM,100165,193"
2019-06-28 12:55:00.000000000,BEST_ASK,"JPM,100262,193"
2019-06-28 12:55:00.000000000,QUERY_SPREAD,77
2019-06-28 12:55:00.000000000,BEST_BID,"JPM,100165,188"
2019-06-28 12:55:00.000000000,BEST_ASK,"JPM,100262,193"
2019-06-28 12:55:00.000000000,LAST_TRADE,"5,$100165.0000"
2019-06-28 12:55:00.000000000,QUERY_SPREAD,78
2019-06-28 12:55:00.000000000,BEST_BID,"JPM,100165,180"
2019-06-28 12:55:00.000000000,BEST_ASK,"JPM,100262,193"
2019-06-28 12:55:00.000000000,LAST_TRADE,"8,$100165.0000"
2019-06-28 12:55:00.000000000,QUERY_SPREAD,79
2019-06-28 12:55:00.000000000,BEST_BID,"JPM,100165,175"
2019-06-28 12:55:00.000000000,BEST_ASK,"JPM,100262,193"
2019-06-28 12:55:00.000000000,LAST_TRADE,"5,$100165.0000"
2019-06-28 12:55:00.000000000,QUERY_SPREAD,80
2019-06-28 12:55:00.000000000,BEST_BID,"JPM,100165,167"
2019-06-28 12:55:00.000000000,BEST_ASK,"JPM,100262,193"
2019-06-28 12:55:00.000000000,LAST_TRADE,"8,$100165.0000"
2019-06-28 12:55:00.000000000,QUERY_SPREAD,81
2019-06-28 12:55:00.000000000,BEST_BID,"JPM,100165,158"
2019-06-28 12:55:00.000000000,BEST_ASK,"JPM,100262,193"
2019-06-28 12:55:00.000000000,LAST_TRADE,"9,$100165.0000"
2019-06-28 12:55:00.000000000,QUERY_SPREAD,82
2019-06-28 12:55:00.000000000,BEST_BID,"JPM,100165,155"
2019-06-28 12:55:00.000000000,BEST_ASK,"JPM,100262,193"
2019-06-28 12:55:00.000000000,LAST_TRADE,"3,$100165.0000"
2019-06-28 12:55:00.000000000,QUERY_SPREAD,83
2019-06-28 12:55:00.000000000,BEST_BID,"JPM,100165,147"
2019-06-28 12:55:00.000000000,BEST_ASK,"JPM,100262,193"
2019-06-28 12:55:00.000000000,LAST_TRADE,"8,$100165.0000"
2019-06-28 12:55:00.000000000,QUERY_SPREAD,84
2019-06-28 12:55:00.000000000,BEST_BID,"JPM,100165,143"
2019-06-28 12:55:00.000000000,BEST_ASK,"JPM,100262,193"
2019-06-28 12:55:00.000000000,LAST_TRADE,"4,$100165.0000"
2019-06-28 12:55:00.000000000,QUERY_SPREAD,85
2019-06-28 12:55:00.000000000,BEST_BID,"JPM,100165,138"
2019-06-28 12:55:00.000000000,BEST_ASK,"JPM,100262,193"
2019-06-28 12:55:00.000000000,LAST_TRADE,"5,$100165.0000"
2019-06-28 12:55:00.000000000,QUERY_SPREAD,86
2019-06-28 12:55:00.000000000,BEST_BID,"JPM,100165,136"
2019-06-28 12:55:00.000000000,BEST_ASK,"JPM,100262,193"
2019-06-28 12:55:00.000000000,LAST_TRADE,"2,$100165.0000"
2019-06-28 12:55:00.000000000,QUERY_SPREAD,87
2019-06-28 12:55:00.000000000,BEST_BID,"JPM,100165,129"
2019-06-28 12:55:00.000000000,BEST_ASK,"JPM,100262,193"
2019-06-28 12:55:00.000000000,LAST_TRADE,"7,$100165.0000"
2019-06-28 12:55:00.000000000,QUERY_SPREAD,88
2019-06-28 12:55:00.000000000,BEST_BID,"JPM,100165,121"
2019-06-28 12:55:00.000000000,BEST_ASK,"JPM,100262,193"
2019-06-28 12:55:00.000000000,LAST_TRADE,"8,$100165.0000"
2019-06-28 12:55:00.000000000,QUERY_SPREAD,89
2019-06-28 12:55:00.000000000,BEST_BID,"JPM,100165,116"
2019-06-28 12:55:00.000000000,BEST_ASK,"JPM,100262,193"
2019-06-28 12:55:00.000000000,LAST_TRADE,"5,$100165.0000"
2019-06-28 12:55:00.000000000,QUERY_SPREAD,90
2019-06-28 12:55:00.000000000,BEST_BID,"JPM,100165,112"
2019-06-28 12:55:00.000000000,BEST_ASK,"JPM,100262,193"
2019-06-28 12:55:00.000000000,LAST_TRADE,"4,$100165.0000"
2019-06-28 12:55:00.000000000,QUERY_SPREAD,91
2019-06-28 12:55:00.000000000,BEST_BID,"JPM,100165,109"
2019-06-28 12:55:00.000000000,BEST_ASK,"JPM,100262,193"
2019-06-28 12:55:00.000000000,LAST_TRADE,"3,$100165.0000"
2019-06-28 12:55:00.000000000,QUERY_SPREAD,92
2019-06-28 12:55:00.000000000,BEST_BID,"JPM,100165,104"
2019-06-28 12:55:00.000000000,BEST_ASK,"JPM,100262,193"
2019-06-28 12:55:00.000000000,LAST_TRADE,"5,$100165.0000"
2019-06-28 12:55:00.000000000,QUERY_SPREAD,93
2019-06-28 12:55:00.000000000,BEST_BID,"JPM,100165,97"
2019-06-28 12:55:00.000000000,BEST_ASK,"JPM,100262,193"
2019-06-28 12:55:00.000000000,LAST_TRADE,"7,$100165.0000"
2019-06-28 12:55:00.000000000,QUERY_SPREAD,94
2019-06-28 12:55:00.000000000,BEST_BID,"JPM,100165,96"
2019-06-28 12:55:00.000000000,BEST_ASK,"JPM,100262,193"
2019-06-28 12:55:00.000000000,LAST_TRADE,"1,$100165.0000"
2019-06-28 12:55:00.000000000,QUERY_SPREAD,95
2019-06-28 12:55:00.000000000,BEST_BID,"JPM,100165,95"
2019-06-28 12:55:00.000000000,BEST_ASK,"JPM,100262,193"
2019-06-28 12:55:00.000000000,LAST_TRADE,"1,$100165.0000"
2019-06-28 12:55:00.000000000,QUERY_SPREAD,96
2019-06-28 12:55:00.000000000,BEST_BID,"JPM,100165,91"
2019-06-28 12:55:00.000000000,BEST_ASK,"JPM,100262,193"
2019-06-28 12:55:00.000000000,LAST_TRADE,"4,$100165.0000"
2019-06-28 12:55:00.000000000,QUERY_SPREAD,97
2019-06-28 12:55:00.000000000,BEST_BID,"JPM,100165,88"
2019-06-28 12:55:00.000000000,BEST_ASK,"JPM,100262,193"
2019-06-28 12:55:00.000000000,LAST_TRADE,"3,$100165.0000"
2019-06-28 12:55:00.000000000,QUERY_SPREAD,98
2019-06-28 12:55:00.000000000,BEST_BID,"JPM,100165,83"
2019-06-28 12:55:00.000000000,BEST_ASK,"JPM,100262,193"
2019-06-28 12:55:00.000000000,LAST_TRADE,"5,$100165.0000"
2019-06-28 12:55:00.000000000,QUERY_SPREAD,99
2019-06-28 12:55:00.000000000,BEST_BID,"JPM,100165,79"
2019-06-28 12:55:00.000000000,BEST_ASK,"JPM,100262,193"
2019-06-28 12:55:00.000000000,LAST_TRADE,"4,$100165.0000"
2019-06-28 12:55:00.000000000,QUERY_SPREAD,100
2019-06-28 12:55:00.000000000,BEST_BID,"JPM,100165,74"
2019-06-28 12:55:00.000000000,BEST_ASK,"JPM,100262,193"
2019-06-28 12:55:00.000000000,LAST_TRADE,"5,$100165.0000"
2019-06-28 12:55:00.000000000,QUERY_SPREAD,101
2019-06-28 12:55:00.000000000,BEST_BID,"JPM,100165,73"
2019-06-28 12:55:00.000000000,BEST_ASK,"JPM,100262,193"
2019-06-28 12:55:00.000000000,LAST_TRADE,"1,$100165.0000"
2019-06-28 12:55:10.000000000,QUERY_SPREAD,1
2019-06-28 12:55:10.000000000,BEST_BID,"JPM,99868,286"
2019-06-28 12:55:10.000000000,BEST_ASK,"JPM,100262,100"
2019-06-28 12:55:10.000000000,BEST_BID,"JPM,99868,286"
2019-06-28 12:55:10.000000000,BEST_ASK,"JPM,100262,100"
2019-06-28 12:55:10.000000000,BEST_BID,"JPM,99868,286"
2019-06-28 12:55:10.000000000,BEST_ASK,"JPM,100262,286"
2019-06-28 12:55:10.000000000,BEST_BID,"JPM,99868,286"
2019-06-28 12:55:10.000000000,BEST_ASK,"JPM,100262,286"
2019-06-28 12:55:20.000000000,QUERY_SPREAD,1
2019-06-28 12:55:20.000000000,BEST_BID,"JPM,99868,226"
2019-06-28 12:55:20.000000000,BEST_ASK,"JPM,100262,100"
2019-06-28 12:55:20.000000000,BEST_BID,"JPM,99868,226"
2019-06-28 12:55:20.000000000,BEST_ASK,"JPM,100262,100"
2019-06-28 12:55:20.000000000,BEST_BID,"JPM,99868,226"
2019-06-28 12:55:20.000000000,BEST_ASK,"JPM,100262,100"
2019-06-28 12:55:20.000000000,BEST_BID,"JPM,99868,226"
2019-06-28 12:55:20.000000000,BEST_ASK,"JPM,100262,226"
2019-06-28 12:55:20.000000000,BEST_BID,"JPM,99868,226"
2019-06-28 12:55:20.000000000,BEST_ASK,"JPM,100262,226"
2019-06-28 12:55:20.000000000,BEST_BID,"JPM,99868,226"
2019-06-28 12:55:20.000000000,BEST_ASK,"JPM,100262,226"
2019-06-28 12:55:28.052711872,QUERY_SPREAD,37
2019-06-28 12:55:28.052711872,BEST_BID,"JPM,99868,226"
2019-06-28 12:55:28.052711872,BEST_ASK,"JPM,100071,100"
2019-06-28 12:55:30.000000000,QUERY_SPREAD,1
2019-06-28 12:55:30.000000000,BEST_BID,"JPM,99868,174"
2019-06-28 12:55:30.000000000,BEST_ASK,"JPM,100071,100"
2019-06-28 12:55:30.000000000,BEST_BID,"JPM,99868,174"
2019-06-28 12:55:30.000000000,BEST_ASK,"JPM,100071,100"
2019-06-28 12:55:30.000000000,BEST_BID,"JPM,99868,174"
2019-06-28 12:55:30.000000000,BEST_ASK,"JPM,100071,100"
2019-06-28 12:55:30.000000000,BEST_BID,"JPM,99868,174"
2019-06-28 12:55:30.000000000,BEST_ASK,"JPM,100071,174"
2019-06-28 12:55:30.000000000,BEST_BID,"JPM,99868,174"
2019-06-28 12:55:30.000000000,BEST_ASK,"JPM,100071,174"
2019-06-28 12:55:30.000000000,BEST_BID,"JPM,99868,174"
2019-06-28 12:55:30.000000000,BEST_ASK,"JPM,100071,174"
2019-06-28 12:55:30.000000000,BEST_BID,"JPM,99868,174"
2019-06-28 12:55:30.000000000,BEST_ASK,"JPM,100071,174"
2019-06-28 12:55:30.000000000,BEST_BID,"JPM,99868,174"
2019-06-28 12:55:30.000000000,BEST_ASK,"JPM,100071,174"
2019-06-28 12:55:30.350299427,QUERY_SPREAD,40
2019-06-28 12:55:30.350299427,BEST_BID,"JPM,99868,174"
2019-06-28 12:55:30.350299427,BEST_ASK,"JPM,100071,174"
2019-06-28 12:55:37.629650653,QUERY_SPREAD,28
2019-06-28 12:55:37.629650653,BEST_BID,"JPM,99868,74"
2019-06-28 12:55:37.629650653,BEST_ASK,"JPM,100071,174"
2019-06-28 12:55:37.629650653,LAST_TRADE,"100,$99868.0000"
2019-06-28 12:55:40.000000000,QUERY_SPREAD,1
2019-06-28 12:55:40.000000000,BEST_BID,"JPM,99867,286"
2019-06-28 12:55:40.000000000,BEST_ASK,"JPM,100071,100"
2019-06-28 12:55:40.000000000,BEST_BID,"JPM,99867,286"
2019-06-28 12:55:40.000000000,BEST_ASK,"JPM,100071,100"
2019-06-28 12:55:40.000000000,BEST_BID,"JPM,99867,286"
2019-06-28 12:55:40.000000000,BEST_ASK,"JPM,100071,286"
2019-06-28 12:55:40.000000000,BEST_BID,"JPM,99867,286"
2019-06-28 12:55:40.000000000,BEST_ASK,"JPM,100071,286"
2019-06-28 12:55:49.096586867,QUERY_SPREAD,27
2019-06-28 12:55:49.096586867,BEST_BID,"JPM,99867,286"
2019-06-28 12:55:49.096586867,BEST_ASK,"JPM,100071,286"
2019-06-28 12:55:50.000000000,QUERY_SPREAD,1
2019-06-28 12:55:50.000000000,BEST_BID,"JPM,99867,286"
2019-06-28 12:55:50.000000000,BEST_ASK,"JPM,100071,100"
2019-06-28 12:55:50.000000000,BEST_BID,"JPM,99867,286"
2019-06-28 12:55:50.000000000,BEST_ASK,"JPM,100071,100"
2019-06-28 12:55:50.000000000,BEST_BID,"JPM,99867,286"
2019-06-28 12:55:50.000000000,BEST_ASK,"JPM,100071,286"
2019-06-28 12:55:50.000000000,BEST_BID,"JPM,99867,286"
2019-06-28 12:55:50.000000000,BEST_ASK,"JPM,100071,286"
2019-06-28 12:55:58.869761426,QUERY_ORDER_STREAM,72
2019-06-28 12:55:58.869761426,QUERY_SPREAD,72
2019-06-28 12:55:58.869761426,BEST_BID,"JPM,99867,286"
2019-06-28 12:55:58.869761426,BEST_ASK,"JPM,100070,100"
2019-06-28 12:56:00.000000000,QUERY_SPREAD,1
2019-06-28 12:56:00.000000000,BEST_BID,"JPM,99867,471"
2019-06-28 12:56:00.000000000,BEST_ASK,"JPM,100070,100"
2019-06-28 12:56:00.000000000,BEST_BID,"JPM,99867,471"
2019-06-28 12:56:00.000000000,BEST_ASK,"JPM,100070,471"
2019-06-28 12:56:00.000000000,QUERY_SPREAD,77
2019-06-28 12:56:00.000000000,BEST_BID,"JPM,99867,466"
2019-06-28 12:56:00.000000000,BEST_ASK,"JPM,100070,471"
2019-06-28 12:56:00.000000000,LAST_TRADE,"5,$99867.0000"
2019-06-28 12:56:00.000000000,QUERY_SPREAD,78
2019-06-28 12:56:00.000000000,BEST_BID,"JPM,99867,458"
2019-06-28 12:56:00.000000000,BEST_ASK,"JPM,100070,471"
2019-06-28 12:56:00.000000000,LAST_TRADE,"8,$99867.0000"
2019-06-28 12:56:00.000000000,QUERY_SPREAD,79
2019-06-28 12:56:00.000000000,BEST_BID,"JPM,99867,453"
2019-06-28 12:56:00.000000000,BEST_ASK,"JPM,100070,471"
2019-06-28 12:56:00.000000000,LAST_TRADE,"5,$99867.0000"
2019-06-28 12:56:00.000000000,QUERY_SPREAD,80
2019-06-28 12:56:00.000000000,BEST_BID,"JPM,99867,445"
2019-06-28 12:56:00.000000000,BEST_ASK,"JPM,100070,471"
2019-06-28 12:56:00.000000000,LAST_TRADE,"8,$99867.0000"
2019-06-28 12:56:00.000000000,QUERY_SPREAD,81
2019-06-28 12:56:00.000000000,BEST_BID,"JPM,99867,436"
2019-06-28 12:56:00.000000000,BEST_ASK,"JPM,100070,471"
2019-06-28 12:56:00.000000000,LAST_TRADE,"9,$99867.0000"
2019-06-28 12:56:00.000000000,QUERY_SPREAD,82
2019-06-28 12:56:00.000000000,BEST_BID,"JPM,99867,433"
2019-06-28 12:56:00.000000000,BEST_ASK,"JPM,100070,471"
2019-06-28 12:56:00.000000000,LAST_TRADE,"3,$99867.0000"
2019-06-28 12:56:00.000000000,QUERY_SPREAD,83
2019-06-28 12:56:00.000000000,BEST_BID,"JPM,99867,425"
2019-06-28 12:56:00.000000000,BEST_ASK,"JPM,100070,471"
2019-06-28 12:56:00.000000000,LAST_TRADE,"8,$99867.0000"
2019-06-28 12:56:00.000000000,QUERY_SPREAD,84
2019-06-28 12:56:00.000000000,BEST_BID,"JPM,99867,421"
2019-06-28 12:56:00.000000000,BEST_ASK,"JPM,100070,471"
2019-06-28 12:56:00.000000000,LAST_TRADE,"4,$99867.0000"
2019-06-28 12:56:00.000000000,QUERY_SPREAD,85
2019-06-28 12:56:00.000000000,BEST_BID,"JPM,99867,416"
2019-06-28 12:56:00.000000000,BEST_ASK,"JPM,100070,471"
2019-06-28 12:56:00.000000000,LAST_TRADE,"5,$99867.0000"
2019-06-28 12:56:00.000000000,QUERY_SPREAD,86
2019-06-28 12:56:00.000000000,BEST_BID,"JPM,99867,414"
2019-06-28 12:56:00.000000000,BEST_ASK,"JPM,100070,471"
2019-06-28 12:56:00.000000000,LAST_TRADE,"2,$99867.0000"
2019-06-28 12:56:00.000000000,QUERY_SPREAD,87
2019-06-28 12:56:00.000000000,BEST_BID,"JPM,99867,407"
2019-06-28 12:56:00.000000000,BEST_ASK,"JPM,100070,471"
2019-06-28 12:56:00.000000000,LAST_TRADE,"7,$99867.0000"
2019-06-28 12:56:00.000000000,QUERY_SPREAD,88
2019-06-28 12:56:00.000000000,BEST_BID,"JPM,99867,399"
2019-06-28 12:56:00.000000000,BEST_ASK,"JPM,100070,471"
2019-06-28 12:56:00.000000000,LAST_TRADE,"8,$99867.0000"
2019-06-28 12:56:00.000000000,QUERY_SPREAD,89
2019-06-28 12:56:00.000000000,BEST_BID,"JPM,99867,394"
2019-06-28 12:56:00.000000000,BEST_ASK,"JPM,100070,471"
2019-06-28 12:56:00.000000000,LAST_TRADE,"5,$99867.0000"
2019-06-28 12:56:00.000000000,QUERY_SPREAD,90
2019-06-28 12:56:00.000000000,BEST_BID,"JPM,99867,390"
2019-06-28 12:56:00.000000000,BEST_ASK,"JPM,100070,471"
2019-06-28 12:56:00.000000000,LAST_TRADE,"4,$99867.0000"
2019-06-28 12:56:00.000000000,QUERY_SPREAD,91
2019-06-28 12:56:00.000000000,BEST_BID,"JPM,99867,387"
2019-06-28 12:56:00.000000000,BEST_ASK,"JPM,100070,471"
2019-06-28 12:56:00.000000000,LAST_TRADE,"3,$99867.0000"
2019-06-28 12:56:00.000000000,QUERY_SPREAD,92
2019-06-28 12:56:00.000000000,BEST_BID,"JPM,99867,382"
2019-06-28 12:56:00.000000000,BEST_ASK,"JPM,100070,471"
2019-06-28 12:56:00.000000000,LAST_TRADE,"5,$99867.0000"
2019-06-28 12:56:00.000000000,QUERY_SPREAD,93
2019-06-28 12:56:00.000000000,BEST_BID,"JPM,99867,375"
2019-06-28 12:56:00.000000000,BEST_ASK,"JPM,100070,471"
2019-06-28 12:56:00.000000000,LAST_TRADE,"7,$99867.0000"
2019-06-28 12:56:00.000000000,QUERY_SPREAD,94
2019-06-28 12:56:00.000000000,BEST_BID,"JPM,99867,374"
2019-06-28 12:56:00.000000000,BEST_ASK,"JPM,100070,471"
2019-06-28 12:56:00.000000000,LAST_TRADE,"1,$99867.0000"
2019-06-28 12:56:00.000000000,QUERY_SPREAD,95
2019-06-28 12:56:00.000000000,BEST_BID,"JPM,99867,373"
2019-06-28 12:56:00.000000000,BEST_ASK,"JPM,100070,471"
2019-06-28 12:56:00.000000000,LAST_TRADE,"1,$99867.0000"
2019-06-28 12:56:00.000000000,QUERY_SPREAD,96
2019-06-28 12:56:00.000000000,BEST_BID,"JPM,99867,369"
2019-06-28 12:56:00.000000000,BEST_ASK,"JPM,100070,471"
2019-06-28 12:56:00.000000000,LAST_TRADE,"4,$99867.0000"
2019-06-28 12:56:00.000000000,QUERY_SPREAD,97
2019-06-28 12:56:00.000000000,BEST_BID,"JPM,99867,366"
2019-06-28 12:56:00.000000000,BEST_ASK,"JPM,100070,471"
2019-06-28 12:56:00.000000000,LAST_TRADE,"3,$99867.0000"
2019-06-28 12:56:00.000000000,QUERY_SPREAD,98
2019-06-28 12:56:00.000000000,BEST_BID,"JPM,99867,361"
2019-06-28 12:56:00.000000000,BEST_ASK,"JPM,100070,471"
2019-06-28 12:56:00.000000000,LAST_TRADE,"5,$99867.0000"
2019-06-28 12:56:00.000000000,QUERY_SPREAD,99
2019-06-28 12:56:00.000000000,BEST_BID,"JPM,99867,357"
2019-06-28 12:56:00.000000000,BEST_ASK,"JPM,100070,471"
2019-06-28 12:56:00.000000000,LAST_TRADE,"4,$99867.0000"
2019-06-28 12:56:00.000000000,QUERY_SPREAD,100
2019-06-28 12:56:00.000000000,BEST_BID,"JPM,99867,352"
2019-06-28 12:56:00.000000000,BEST_ASK,"JPM,100070,471"
2019-06-28 12:56:00.000000000,LAST_TRADE,"5,$99867.0000"
2019-06-28 12:56:00.000000000,QUERY_SPREAD,101
2019-06-28 12:56:00.000000000,BEST_BID,"JPM,99867,351"
2019-06-28 12:56:00.000000000,BEST_ASK,"JPM,100070,471"
2019-06-28 12:56:00.000000000,LAST_TRADE,"1,$99867.0000"
2019-06-28 12:56:05.565622503,QUERY_SPREAD,44
2019-06-28 12:56:05.565622503,BEST_BID,"JPM,99867,351"
2019-06-28 12:56:05.565622503,BEST_ASK,"JPM,100046,100"
2019-06-28 12:56:10.000000000,QUERY_SPREAD,1
2019-06-28 12:56:10.000000000,BEST_BID,"JPM,99809,286"
2019-06-28 12:56:10.000000000,BEST_ASK,"JPM,100046,100"
2019-06-28 12:56:10.000000000,BEST_BID,"JPM,99809,286"
2019-06-28 12:56:10.000000000,BEST_ASK,"JPM,100046,100"
2019-06-28 12:56:10.000000000,BEST_BID,"JPM,99809,286"
2019-06-28 12:56:10.000000000,BEST_ASK,"JPM,100046,286"
2019-06-28 12:56:10.000000000,BEST_BID,"JPM,99809,286"
2019-06-28 12:56:10.000000000,BEST_ASK,"JPM,100046,286"
2019-06-28 12:56:20.000000000,QUERY_SPREAD,1
2019-06-28 12:56:20.000000000,BEST_BID,"JPM,99809,226"
2019-06-28 12:56:20.000000000,BEST_ASK,"JPM,100046,100"
2019-06-28 12:56:20.000000000,BEST_BID,"JPM,99809,226"
2019-06-28 12:56:20.000000000,BEST_ASK,"JPM,100046,100"
2019-06-28 12:56:20.000000000,BEST_BID,"JPM,99809,226"
2019-06-28 12:56:20.000000000,BEST_ASK,"JPM,100046,100"
2019-06-28 12:56:20.000000000,BEST_BID,"JPM,99809,226"
2019-06-28 12:56:20.000000000,BEST_ASK,"JPM,100046,226"
2019-06-28 12:56:20.000000000,BEST_BID,"JPM,99809,226"
2019-06-28 12:56:20.000000000,BEST_ASK,"JPM,100046,226"
2019-06-28 12:56:20.000000000,BEST_BID,"JPM,99809,226"
2019-06-28 12:56:20.000000000,BEST_ASK,"JPM,100046,226"
2019-06-28 12:56:25.380762623,QUERY_SPREAD,11
2019-06-28 12:56:25.380762623,BEST_BID,"JPM,99809,226"
2019-06-28 12:56:25.380762623,BEST_ASK,"JPM,100046,226"
2019-06-28 12:56:30.000000000,QUERY_SPREAD,1
2019-06-28 12:56:30.000000000,BEST_BID,"JPM,99809,471"
2019-06-28 12:56:30.000000000,BEST_ASK,"JPM,100046,100"
2019-06-28 12:56:30.000000000,BEST_BID,"JPM,99809,471"
2019-06-28 12:56:30.000000000,BEST_ASK,"JPM,100046,471"
2019-06-28 12:56:36.735460289,QUERY_SPREAD,7
2019-06-28 12:56:36.735460289,BEST_BID,"JPM,99809,471"
2019-06-28 12:56:36.735460289,BEST_ASK,"JPM,100046,371"
2019-06-28 12:56:36.735460289,LAST_TRADE,"100,$100046.0000"
2019-06-28 12:56:40.000000000,QUERY_SPREAD,1
2019-06-28 12:56:40.000000000,BEST_BID,"JPM,99809,471"
2019-06-28 12:56:40.000000000,BEST_ASK,"JPM,100070,100"
2019-06-28 12:56:40.000000000,BEST_BID,"JPM,99809,471"
2019-06-28 12:56:40.000000000,BEST_ASK,"JPM,100070,471"
2019-06-28 12:56:42.232726699,QUERY_ORDER_STREAM,62
2019-06-28 12:56:42.232726699,QUERY_SPREAD,62
2019-06-28 12:56:42.232726699,BEST_BID,"JPM,99867,100"
2019-06-28 12:56:42.232726699,BEST_ASK,"JPM,100070,471"
2019-06-28 12:56:50.000000000,QUERY_SPREAD,1
2019-06-28 12:56:50.000000000,BEST_BID,"JPM,99867,286"
2019-06-28 12:56:50.000000000,BEST_ASK,"JPM,100070,100"
2019-06-28 12:56:50.000000000,BEST_BID,"JPM,99867,286"
2019-06-28 12:56:50.000000000,BEST_ASK,"JPM,100070,100"
2019-06-28 12:56:50.000000000,BEST_BID,"JPM,99867,286"
2019-06-28 12:56:50.000000000,BEST_ASK,"JPM,100070,286"
2019-06-28 12:56:50.000000000,BEST_BID,"JPM,99867,286"
2019-06-28 12:56:50.000000000,BEST_ASK,"JPM,100070,286"
2019-06-28 12:57:00.000000000,QUERY_SPREAD,1
2019-06-28 12:57:00.000000000,BEST_BID,"JPM,99867,193"
2019-06-28 12:57:00.000000000,BEST_ASK,"JPM,100070,100"
2019-06-28 12:57:00.000000000,BEST_BID,"JPM,99867,193"
2019-06-28 12:57:00.000000000,BEST_ASK,"JPM,100070,100"
2019-06-28 12:57:00.000000000,BEST_BID,"JPM,99867,193"
2019-06-28 12:57:00.000000000,BEST_ASK,"JPM,100070,100"
2019-06-28 12:57:00.000000000,BEST_BID,"JPM,99867,193"
2019-06-28 12:57:00.000000000,BEST_ASK,"JPM,100070,100"
2019-06-28 12:57:00.000000000,BEST_BID,"JPM,99867,193"
2019-06-28 12:57:00.000000000,BEST_ASK,"JPM,100070,193"
2019-06-28 12:57:00.000000000,BEST_BID,"JPM,99867,193"
2019-06-28 12:57:00.000000000,BEST_ASK,"JPM,100070,193"
2019-06-28 12:57:00.000000000,BEST_BID,"JPM,99867,193"
2019-06-28 12:57:00.000000000,BEST_ASK,"JPM,100070,193"
2019-06-28 12:57:00.000000000,BEST_BID,"JPM,99867,193"
2019-06-28 12:57:00.000000000,BEST_ASK,"JPM,100070,193"
2019-06-28 12:57:00.000000000,QUERY_SPREAD,77
2019-06-28 12:57:00.000000000,BEST_BID,"JPM,99867,193"
2019-06-28 12:57:00.000000000,BEST_ASK,"JPM,100070,188"
2019-06-28 12:57:00.000000000,LAST_TRADE,"5,$100070.0000"
2019-06-28 12:57:00.000000000,QUERY_SPREAD,78
2019-06-28 12:57:00.000000000,BEST_BID,"JPM,99867,193"
2019-06-28 12:57:00.000000000,BEST_ASK,"JPM,100070,180"
2019-06-28 12:57:00.000000000,LAST_TRADE,"8,$100070.0000"
2019-06-28 12:57:00.000000000,QUERY_SPREAD,79
2019-06-28 12:57:00.000000000,BEST_BID,"JPM,99867,193"
2019-06-28 12:57:00.000000000,BEST_ASK,"JPM,100070,175"
2019-06-28 12:57:00.000000000,LAST_TRADE,"5,$100070.0000"
2019-06-28 12:57:00.000000000,QUERY_SPREAD,80
2019-06-28 12:57:00.000000000,BEST_BID,"JPM,99867,193"
2019-06-28 12:57:00.000000000,BEST_ASK,"JPM,100070,167"
2019-06-28 12:57:00.000000000,LAST_TRADE,"8,$100070.0000"
2019-06-28 12:57:00.000000000,QUERY_SPREAD,81
2019-06-28 12:57:00.000000000,BEST_BID,"JPM,99867,193"
2019-06-28 12:57:00.000000000,BEST_ASK,"JPM,100070,158"
2019-06-28 12:57:00.000000000,LAST_TRADE,"9,$100070.0000"
2019-06-28 12:57:00.000000000,QUERY_SPREAD,82
2019-06-28 12:57:00.000000000,BEST_BID,"JPM,99867,193"
2019-06-28 12:57:00.000000000,BEST_ASK,"JPM,100070,155"
2019-06-28 12:57:00.000000000,LAST_TRADE,"3,$100070.0000"
2019-06-28 12:57:00.000000000,QUERY_SPREAD,83
2019-06-28 12:57:00.000000000,BEST_BID,"JPM,99867,193"
2019-06-28 12:57:00.000000000,BEST_ASK,"JPM,100070,147"
2019-06-28 12:57:00.000000000,LAST_TRADE,"8,$100070.0000"
2019-06-28 12:57:00.000000000,QUERY_SPREAD,84
2019-06-28 12:57:00.000000000,BEST_BID,"JPM,99867,193"
2019-06-28 12:57:00.000000000,BEST_ASK,"JPM,100070,143"
2019-06-28 12:57:00.000000000,LAST_TRADE,"4,$100070.0000"
2019-06-28 12:57:00.000000000,QUERY_SPREAD,85
2019-06-28 12:57:00.000000000,BEST_BID,"JPM,99867,193"
2019-06-28 12:57:00.000000000,BEST_ASK,"JPM,100070,138"
2019-06-28 12:57:00.000000000,LAST_TRADE,"5,$100070.0000"
2019-06-28 12:57:00.000000000,QUERY_SPREAD,86
2019-06-28 12:57:00.000000000,BEST_BID,"JPM,99867,193"
2019-06-28 12:57:00.000000000,BEST_ASK,"JPM,100070,136"
2019-06-28 12:57:00.000000000,LAST_TRADE,"2,$100070.0000"
2019-06-28 12:57:00.000000000,QUERY_SPREAD,87
2019-06-28 12:57:00.000000000,BEST_BID,"JPM,99867,193"
2019-06-28 12:57:00.000000000,BEST_ASK,"JPM,100070,129"
2019-06-28 12:57:00.000000000,LAST_TRADE,"7,$100070.0000"
2019-06-28 12:57:00.000000000,QUERY_SPREAD,88
2019-06-28 12:57:00.000000000,BEST_BID,"JPM,99867,193"
2019-06-28 12:57:00.000000000,BEST_ASK,"JPM,100070,121"
2019-06-28 12:57:00.000000000,LAST_TRADE,"8,$100070.0000"
2019-06-28 12:57:00.000000000,QUERY_SPREAD,89
2019-06-28 12:57:00.000000000,BEST_BID,"JPM,99867,193"
2019-06-28 12:57:00.000000000,BEST_ASK,"JPM,100070,116"
2019-06-28 12:57:00.000000000,LAST_TRADE,"5,$100070.0000"
2019-06-28 12:57:00.000000000,QUERY_SPREAD,90
2019-06-28 12:57:00.000000000,BEST_BID,"JPM,99867,193"
2019-06-28 12:57:00.000000000,BEST_ASK,"JPM,100070,112"
2019-06-28 12:57:00.000000000,LAST_TRADE,"4,$100070.0000"
2019-06-28 12:57:00.000000000,QUERY_SPREAD,91
2019-06-28 12:57:00.000000000,BEST_BID,"JPM,99867,193"
2019-06-28 12:57:00.000000000,BEST_ASK,"JPM,100070,109"
2019-06-28 12:57:00.000000000,LAST_TRADE,"3,$100070.0000"
2019-06-28 12:57:00.000000000,QUERY_SPREAD,92
2019-06-28 12:57:00.000000000,BEST_BID,"JPM,99867,193"
2019-06-28 12:57:00.000000000,BEST_ASK,"JPM,100070,104"
2019-06-28 12:57:00.000000000,LAST_TRADE,"5,$100070.0000"
2019-06-28 12:57:00.000000000,QUERY_SPREAD,93
2019-06-28 12:57:00.000000000,BEST_BID,"JPM,99867,193"
2019-06-28 12:57:00.000000000,BEST_ASK,"JPM,100070,97"
2019-06-28 12:57:00.000000000,LAST_TRADE,"7,$100070.0000"
2019-06-28 12:57:00.000000000,QUERY_SPREAD,94
2019-06-28 12:57:00.000000000,BEST_BID,"JPM,99867,193"
2019-06-28 12:57:00.000000000,BEST_ASK,"JPM,100070,96"
2019-06-28 12:57:00.000000000,LAST_TRADE,"1,$100070.0000"
2019-06-28 12:57:00.000000000,QUERY_SPREAD,95
2019-06-28 12:57:00.000000000,BEST_BID,"JPM,99867,193"
2019-06-28 12:57:00.000000000,BEST_ASK,"JPM,100070,95"
2019-06-28 12:57:00.000000000,LAST_TRADE,"1,$100070.0000"
2019-06-28 12:57:00.000000000,QUERY_SPREAD,96
2019-06-28 12:57:00.000000000,BEST_BID,"JPM,99867,193"
2019-06-28 12:57:00.000000000,BEST_ASK,"JPM,100070,91"
2019-06-28 12:57:00.000000000,LAST_TRADE,"4,$100070.0000"
2019-06-28 12:57:00.000000000,QUERY_SPREAD,97
2019-06-28 12:57:00.000000000,BEST_BID,"JPM,99867,193"
2019-06-28 12:57:00.000000000,BEST_ASK,"JPM,100070,88"
2019-06-28 12:57:00.000000000,LAST_TRADE,"3,$100070.0000"
2019-06-28 12:57:00.000000000,QUERY_SPREAD,98
2019-06-28 12:57:00.000000000,BEST_BID,"JPM,99867,193"
2019-06-28 12:57:00.000000000,BEST_ASK,"JPM,100070,83"
2019-06-28 12:57:00.000000000,LAST_TRADE,"5,$100070.0000"
2019-06-28 12:57:00.000000000,QUERY_SPREAD,99
2019-06-28 12:57:00.000000000,BEST_BID,"JPM,99867,193"
2019-06-28 12:57:00.000000000,BEST_ASK,"JPM,100070,79"
2019-06-28 12:57:00.000000000,LAST_TRADE,"4,$100070.0000"
2019-06-28 12:57:00.000000000,QUERY_SPREAD,100
2019-06-28 12:57:00.000000000,BEST_BID,"JPM,99867,193"
2019-06-28 12:57:00.000000000,BEST_ASK,"JPM,100070,74"
2019-06-28 12:57:00.000000000,LAST_TRADE,"5,$100070.0000"
2019-06-28 12:57:00.000000000,QUERY_SPREAD,101
2019-06-28 12:57:00.000000000,BEST_BID,"JPM,99867,192"
2019-06-28 12:57:00.000000000,BEST_ASK,"JPM,100070,74"
2019-06-28 12:57:00.000000000,LAST_TRADE,"1,$99867.0000"
2019-06-28 12:57:05.063966844,QUERY_SPREAD,7
2019-06-28 12:57:05.063966844,BEST_BID,"JPM,99867,192"
2019-06-28 12:57:05.063966844,BEST_ASK,"JPM,100070,74"
2019-06-28 12:57:10.000000000,QUERY_SPREAD,1
2019-06-28 12:57:10.000000000,BEST_BID,"JPM,99867,173"
2019-06-28 12:57:10.000000000,BEST_ASK,"JPM,100071,100"
2019-06-28 12:57:10.000000000,BEST_BID,"JPM,99867,173"
2019-06-28 12:57:10.000000000,BEST_ASK,"JPM,100071,100"
2019-06-28 12:57:10.000000000,BEST_BID,"JPM,99867,173"
2019-06-28 12:57:10.000000000,BEST_ASK,"JPM,100071,100"
2019-06-28 12:57:10.000000000,BEST_BID,"JPM,99867,173"
2019-06-28 12:57:10.000000000,BEST_ASK,"JPM,100071,100"
2019-06-28 12:57:10.000000000,BEST_BID,"JPM,99867,173"
2019-06-28 12:57:10.000000000,BEST_ASK,"JPM,100071,174"
2019-06-28 12:57:10.000000000,BEST_BID,"JPM,99867,173"
2019-06-28 12:57:10.000000000,BEST_ASK,"JPM,100071,174"
2019-06-28 12:57:10.000000000,BEST_BID,"JPM,99867,173"
2019-06-28 12:57:10.000000000,BEST_ASK,"JPM,100071,174"
2019-06-28 12:57:10.000000000,BEST_BID,"JPM,99867,173"
2019-06-28 12:57:10.000000000,BEST_ASK,"JPM,100071,174"
2019-06-28 12:57:10.000000000,BEST_BID,"JPM,99867,173"
2019-06-28 12:57:10.000000000,BEST_ASK,"JPM,100071,174"
2019-06-28 12:57:19.073984827,QUERY_SPREAD,38
2019-06-28 12:57:19.073984827,BEST_BID,"JPM,99867,173"
2019-06-28 12:57:19.073984827,BEST_ASK,"JPM,100071,174"
2019-06-28 12:57:20.000000000,QUERY_SPREAD,1
2019-06-28 12:57:20.000000000,BEST_BID,"JPM,99867,470"
2019-06-28 12:57:20.000000000,BEST_ASK,"JPM,100071,100"
2019-06-28 12:57:20.000000000,BEST_BID,"JPM,99867,470"
2019-06-28 12:57:20.000000000,BEST_ASK,"JPM,100071,471"
2019-06-28 12:57:30.000000000,QUERY_SPREAD,1
2019-06-28 12:57:30.000000000,BEST_BID,"JPM,99867,192"
2019-06-28 12:57:30.000000000,BEST_ASK,"JPM,100071,100"
2019-06-28 12:57:30.000000000,BEST_BID,"JPM,99867,192"
2019-06-28 12:57:30.000000000,BEST_ASK,"JPM,100071,100"
2019-06-28 12:57:30.000000000,BEST_BID,"JPM,99867,192"
2019-06-28 12:57:30.000000000,BEST_ASK,"JPM,100071,100"
2019-06-28 12:57:30.000000000,BEST_BID,"JPM,99867,192"
2019-06-28 12:57:30.000000000,BEST_ASK,"JPM,100071,100"
2019-06-28 12:57:30.000000000,BEST_BID,"JPM,99867,192"
2019-06-28 12:57:30.000000000,BEST_ASK,"JPM,100071,193"
2019-06-28 12:57:30.000000000,BEST_BID,"JPM,99867,192"
2019-06-28 12:57:30.000000000,BEST_ASK,"JPM,100071,193"
2019-06-28 12:57:30.000000000,BEST_BID,"JPM,99867,192"
2019-06-28 12:57:30.000000000,BEST_ASK,"JPM,100071,193"
2019-06-28 12:57:30.000000000,BEST_BID,"JPM,99867,192"
2019-06-28 12:57:30.000000000,BEST_ASK,"JPM,100071,193"
2019-06-28 12:57:31.888756320,QUERY_SPREAD,51
2019-06-28 12:57:31.888756320,BEST_BID,"JPM,99867,192"
2019-06-28 12:57:31.888756320,BEST_ASK,"JPM,100071,193"
2019-06-28 12:57:34.391404953,QUERY_SPREAD,21
2019-06-28 12:57:34.391404953,BEST_BID,"JPM,100061,100"
2019-06-28 12:57:34.391404953,BEST_ASK,"JPM,100071,193"
2019-06-28 12:57:40.000000000,QUERY_SPREAD,1
2019-06-28 12:57:40.000000000,BEST_BID,"JPM,100061,471"
2019-06-28 12:57:40.000000000,BEST_ASK,"JPM,100071,100"
2019-06-28 12:57:40.000000000,BEST_BID,"JPM,100061,471"
2019-06-28 12:57:40.000000000,BEST_ASK,"JPM,100071,471"
2019-06-28 12:57:50.000000000,QUERY_SPREAD,1
2019-06-28 12:57:50.000000000,BEST_BID,"JPM,100061,193"
2019-06-28 12:57:50.000000000,BEST_ASK,"JPM,100071,100"
2019-06-28 12:57:50.000000000,BEST_BID,"JPM,100061,193"
2019-06-28 12:57:50.000000000,BEST_ASK,"JPM,100071,100"
2019-06-28 12:57:50.000000000,BEST_BID,"JPM,100061,193"
2019-06-28 12:57:50.000000000,BEST_ASK,"JPM,100071,100"
2019-06-28 12:57:50.000000000,BEST_BID,"JPM,100061,193"
2019-06-28 12:57:50.000000000,BEST_ASK,"JPM,100071,100"
2019-06-28 12:57:50.000000000,BEST_BID,"JPM,100061,193"
2019-06-28 12:57:50.000000000,BEST_ASK,"JPM,100071,193"
2019-06-28 12:57:50.000000000,BEST_BID,"JPM,100061,193"
2019-06-28 12:57:50.000000000,BEST_ASK,"JPM,100071,193"
2019-06-28 12:57:50.000000000,BEST_BID,"JPM,100061,193"
2019-06-28 12:57:50.000000000,BEST_ASK,"JPM,100071,193"
2019-06-28 12:57:50.000000000,BEST_BID,"JPM,100061,193"
2019-06-28 12:57:50.000000000,BEST_ASK,"JPM,100071,193"
2019-06-28 12:58:00.000000000,QUERY_SPREAD,1
2019-06-28 12:58:00.000000000,BEST_BID,"JPM,100061,471"
2019-06-28 12:58:00.000000000,BEST_ASK,"JPM,100071,100"
2019-06-28 12:58:00.000000000,BEST_BID,"JPM,100061,471"
2019-06-28 12:58:00.000000000,BEST_ASK,"JPM,100071,471"
2019-06-28 12:58:00.000000000,QUERY_SPREAD,77
2019-06-28 12:58:00.000000000,BEST_BID,"JPM,100061,471"
2019-06-28 12:58:00.000000000,BEST_ASK,"JPM,100071,466"
2019-06-28 12:58:00.000000000,LAST_TRADE,"5,$100071.0000"
2019-06-28 12:58:00.000000000,QUERY_SPREAD,78
2019-06-28 12:58:00.000000000,BEST_BID,"JPM,100061,471"
2019-06-28 12:58:00.000000000,BEST_ASK,"JPM,100071,458"
2019-06-28 12:58:00.000000000,LAST_TRADE,"8,$100071.0000"
2019-06-28 12:58:00.000000000,QUERY_SPREAD,79
2019-06-28 12:58:00.000000000,BEST_BID,"JPM,100061,471"
2019-06-28 12:58:00.000000000,BEST_ASK,"JPM,100071,453"
2019-06-28 12:58:00.000000000,LAST_TRADE,"5,$100071.0000"
2019-06-28 12:58:00.000000000,QUERY_SPREAD,80
2019-06-28 12:58:00.000000000,BEST_BID,"JPM,100061,471"
2019-06-28 12:58:00.000000000,BEST_ASK,"JPM,100071,445"
2019-06-28 12:58:00.000000000,LAST_TRADE,"8,$100071.0000"
2019-06-28 12:58:00.000000000,QUERY_SPREAD,81
2019-06-28 12:58:00.000000000,BEST_BID,"JPM,100061,471"
2019-06-28 12:58:00.000000000,BEST_ASK,"JPM,100071,436"
2019-06-28 12:58:00.000000000,LAST_TRADE,"9,$100071.0000"
2019-06-28 12:58:00.000000000,QUERY_SPREAD,82
2019-06-28 12:58:00.000000000,BEST_BID,"JPM,100061,471"
2019-06-28 12:58:00.000000000,BEST_ASK,"JPM,100071,433"
2019-06-28 12:58:00.000000000,LAST_TRADE,"3,$100071.0000"
2019-06-28 12:58:00.000000000,QUERY_SPREAD,83
2019-06-28 12:58:00.000000000,BEST_BID,"JPM,100061,471"
2019-06-28 12:58:00.000000000,BEST_ASK,"JPM,100071,425"
2019-06-28 12:58:00.000000000,LAST_TRADE,"8,$100071.0000"
2019-06-28 12:58:00.000000000,QUERY_SPREAD,84
2019-06-28 12:58:00.000000000,BEST_BID,"JPM,100061,471"
2019-06-28 12:58:00.000000000,BEST_ASK,"JPM,100071,421"
2019-06-28 12:58:00.000000000,LAST_TRADE,"4,$100071.0000"
2019-06-28 12:58:00.000000000,QUERY_SPREAD,85
2019-06-28 12:58:00.000000000,BEST_BID,"JPM,100061,471"
2019-06-28 12:58:00.000000000,BEST_ASK,"JPM,100071,416"
2019-06-28 12:58:00.000000000,LAST_TRADE,"5,$100071.0000"
2019-06-28 12:58:00.000000000,QUERY_SPREAD,86
2019-06-28 12:58:00.000000000,BEST_BID,"JPM,100061,471"
2019-06-28 12:58:00.000000000,BEST_ASK,"JPM,100071,414"
2019-06-28 12:58:00.000000000,LAST_TRADE,"2,$100071.0000"
2019-06-28 12:58:00.000000000,QUERY_SPREAD,87
2019-06-28 12:58:00.000000000,BEST_BID,"JPM,100061,471"
2019-06-28 12:58:00.000000000,BEST_ASK,"JPM,100071,407"
2019-06-28 12:58:00.000000000,LAST_TRADE,"7,$100071.0000"
2019-06-28 12:58:00.000000000,QUERY_SPREAD,88
2019-06-28 12:58:00.000000000,BEST_BID,"JPM,100061,471"
2019-06-28 12:58:00.000000000,BEST_ASK,"JPM,100071,399"
2019-06-28 12:58:00.000000000,LAST_TRADE,"8,$100071.0000"
2019-06-28 12:58:00.000000000,QUERY_SPREAD,89
2019-06-28 12:58:00.000000000,BEST_BID,"JPM,100061,471"
2019-06-28 12:58:00.000000000,BEST_ASK,"JPM,100071,394"
2019-06-28 12:58:00.000000000,LAST_TRADE,"5,$100071.0000"
2019-06-28 12:58:00.000000000,QUERY_SPREAD,90
2019-06-28 12:58:00.000000000,BEST_BID,"JPM,100061,471"
2019-06-28 12:58:00.000000000,BEST_ASK,"JPM,100071,390"
2019-06-28 12:58:00.000000000,LAST_TRADE,"4,$100071.0000"
2019-06-28 12:58:00.000000000,QUERY_SPREAD,91
2019-06-28 12:58:00.000000000,BEST_BID,"JPM,100061,471"
2019-06-28 12:58:00.000000000,BEST_ASK,"JPM,100071,387"
2019-06-28 12:58:00.000000000,LAST_TRADE,"3,$100071.0000"
2019-06-28 12:58:00.000000000,QUERY_SPREAD,92
2019-06-28 12:58:00.000000000,BEST_BID,"JPM,100061,471"
2019-06-28 12:58:00.000000000,BEST_ASK,"JPM,100071,382"
2019-06-28 12:58:00.000000000,LAST_TRADE,"5,$100071.0000"
2019-06-28 12:58:00.000000000,QUERY_SPREAD,93
2019-06-28 12:58:00.000000000,BEST_BID,"JPM,100061,471"
2019-06-28 12:58:00.000000000,BEST_ASK,"JPM,100071,375"
2019-06-28 12:58:00.000000000,LAST_TRADE,"7,$100071.0000"
2019-06-28 12:58:00.000000000,QUERY_SPREAD,94
2019-06-28 12:58:00.000000000,BEST_BID,"JPM,100061,471"
2019-06-28 12:58:00.000000000,BEST_ASK,"JPM,100071,374"
2019-06-28 12:58:00.000000000,LAST_TRADE,"1,$100071.0000"
2019-06-28 12:58:00.000000000,QUERY_SPREAD,95
2019-06-28 12:58:00.000000000,BEST_BID,"JPM,100061,471"
2019-06-28 12:58:00.000000000,BEST_ASK,"JPM,100071,373"
2019-06-28 12:58:00.000000000,LAST_TRADE,"1,$100071.0000"
2019-06-28 12:58:00.000000000,QUERY_SPREAD,96
2019-06-28 12:58:00.000000000,BEST_BID,"JPM,100061,471"
2019-06-28 12:58:00.000000000,BEST_ASK,"JPM,100071,369"
2019-06-28 12:58:00.000000000,LAST_TRADE,"4,$100071.0000"
2019-06-28 12:58:00.000000000,QUERY_SPREAD,97
2019-06-28 12:58:00.000000000,BEST_BID,"JPM,100061,471"
2019-06-28 12:58:00.000000000,BEST_ASK,"JPM,100071,366"
2019-06-28 12:58:00.000000000,LAST_TRADE,"3,$100071.0000"
2019-06-28 12:58:00.000000000,QUERY_SPREAD,98
2019-06-28 12:58:00.000000000,BEST_BID,"JPM,100061,471"
2019-06-28 12:58:00.000000000,BEST_ASK,"JPM,100071,361"
2019-06-28 12:58:00.000000000,LAST_TRADE,"5,$100071.0000"
2019-06-28 12:58:00.000000000,QUERY_SPREAD,99
2019-06-28 12:58:00.000000000,BEST_BID,"JPM,100061,471"
2019-06-28 12:58:00.000000000,BEST_ASK,"JPM,100071,357"
2019-06-28 12:58:00.000000000,LAST_TRADE,"4,$100071.0000"
2019-06-28 12:58:00.000000000,QUERY_SPREAD,100
2019-06-28 12:58:00.000000000,BEST_BID,"JPM,100061,471"
2019-06-28 12:58:00.000000000,BEST_ASK,"JPM,100071,352"
2019-06-28 12:58:00.000000000,LAST_TRADE,"5,$100071.0000"
2019-06-28 12:58:00.000000000,QUERY_SPREAD,101
2019-06-28 12:58:00.000000000,BEST_BID,"JPM,100061,470"
2019-06-28 12:58:00.000000000,BEST_ASK,"JPM,100071,352"
2019-06-28 12:58:00.000000000,LAST_TRADE,"1,$100061.0000"
2019-06-28 12:58:05.643084492,QUERY_ORDER_STREAM,61
2019-06-28 12:58:05.643084492,QUERY_SPREAD,61
2019-06-28 12:58:10.000000000,QUERY_SPREAD,1
2019-06-28 12:58:10.000000000,BEST_BID,"JPM,100061,225"
2019-06-28 12:58:10.000000000,BEST_ASK,"JPM,100080,100"
2019-06-28 12:58:10.000000000,BEST_BID,"JPM,100061,225"
2019-06-28 12:58:10.000000000,BEST_ASK,"JPM,100080,100"
2019-06-28 12:58:10.000000000,BEST_BID,"JPM,100061,225"
2019-06-28 12:58:10.000000000,BEST_ASK,"JPM,100080,100"
2019-06-28 12:58:10.000000000,BEST_BID,"JPM,100061,225"
2019-06-28 12:58:10.000000000,BEST_ASK,"JPM,100080,226"
2019-06-28 12:58:10.000000000,BEST_BID,"JPM,100061,225"
2019-06-28 12:58:10.000000000,BEST_ASK,"JPM,100080,226"
2019-06-28 12:58:10.000000000,BEST_BID,"JPM,100061,225"
2019-06-28 12:58:10.000000000,BEST_ASK,"JPM,100080,226"
2019-06-28 12:58:20.000000000,QUERY_SPREAD,1
2019-06-28 12:58:20.000000000,BEST_BID,"JPM,100061,192"
2019-06-28 12:58:20.000000000,BEST_ASK,"JPM,100080,100"
2019-06-28 12:58:20.000000000,BEST_BID,"JPM,100061,192"
2019-06-28 12:58:20.000000000,BEST_ASK,"JPM,100080,100"
2019-06-28 12:58:20.000000000,BEST_BID,"JPM,100061,192"
2019-06-28 12:58:20.000000000,BEST_ASK,"JPM,100080,100"
2019-06-28 12:58:20.000000000,BEST_BID,"JPM,100061,192"
2019-06-28 12:58:20.000000000,BEST_ASK,"JPM,100080,100"
2019-06-28 12:58:20.000000000,BEST_BID,"JPM,100061,192"
2019-06-28 12:58:20.000000000,BEST_ASK,"JPM,100080,193"
2019-06-28 12:58:20.000000000,BEST_BID,"JPM,100061,192"
2019-06-28 12:58:20.000000000,BEST_ASK,"JPM,100080,193"
2019-06-28 12:58:20.000000000,BEST_BID,"JPM,100061,192"
2019-06-28 12:58:20.000000000,BEST_ASK,"JPM,100080,193"
2019-06-28 12:58:20.000000000,BEST_BID,"JPM,100061,192"
2019-06-28 12:58:20.000000000,BEST_ASK,"JPM,100080,193"
2019-06-28 12:58:29.107863016,QUERY_SPREAD,50
2019-06-28 12:58:29.107863016,BEST_BID,"JPM,100061,92"
2019-06-28 12:58:29.107863016,BEST_ASK,"JPM,100080,193"
2019-06-28 12:58:29.107863016,LAST_TRADE,"100,$100061.0000"
2019-06-28 12:58:30.000000000,QUERY_SPREAD,1
2019-06-28 12:58:30.000000000,BEST_BID,"JPM,99867,192"
2019-06-28 12:58:30.000000000,BEST_ASK,"JPM,100080,100"
2019-06-28 12:58:30.000000000,BEST_BID,"JPM,99867,192"
2019-06-28 12:58:30.000000000,BEST_ASK,"JPM,100080,100"
2019-06-28 12:58:30.000000000,BEST_BID,"JPM,99867,192"
2019-06-28 12:58:30.000000000,BEST_ASK,"JPM,100080,100"
2019-06-28 12:58:30.000000000,BEST_BID,"JPM,99867,192"
2019-06-28 12:58:30.000000000,BEST_ASK,"JPM,100080,100"
2019-06-28 12:58:30.000000000,BEST_BID,"JPM,99867,192"
2019-06-28 12:58:30.000000000,BEST_ASK,"JPM,100080,193"
2019-06-28 12:58:30.000000000,BEST_BID,"JPM,99867,192"
2019-06-28 12:58:30.000000000,BEST_ASK,"JPM,100080,193"
2019-06-28 12:58:30.000000000,BEST_BID,"JPM,99867,192"
2019-06-28 12:58:30.000000000,BEST_ASK,"JPM,100080,193"
2019-06-28 12:58:30.000000000,BEST_BID,"JPM,99867,192"
2019-06-28 12:58:30.000000000,BEST_ASK,"JPM,100080,193"
2019-06-28 12:58:32.169733533,QUERY_ORDER_STREAM,76
2019-06-28 12:58:32.169733533,QUERY_SPREAD,76
2019-06-28 12:58:38.404342834,QUERY_ORDER_STREAM,61
2019-06-28 12:58:38.404342834,QUERY_SPREAD,61
2019-06-28 12:58:38.404342834,BEST_BID,"JPM,99867,192"
2019-06-28 12:58:38.404342834,BEST_ASK,"JPM,100061,100"
2019-06-28 12:58:40.000000000,QUERY_SPREAD,1
2019-06-28 12:58:40.000000000,BEST_BID,"JPM,99867,192"
2019-06-28 12:58:40.000000000,BEST_ASK,"JPM,100061,100"
2019-06-28 12:58:40.000000000,BEST_BID,"JPM,99867,192"
2019-06-28 12:58:40.000000000,BEST_ASK,"JPM,100061,100"
2019-06-28 12:58:40.000000000,BEST_BID,"JPM,99867,192"
2019-06-28 12:58:40.000000000,BEST_ASK,"JPM,100061,100"
2019-06-28 12:58:40.000000000,BEST_BID,"JPM,99867,192"
2019-06-28 12:58:40.000000000,BEST_ASK,"JPM,100061,100"
2019-06-28 12:58:40.000000000,BEST_BID,"JPM,99867,192"
2019-06-28 12:58:40.000000000,BEST_ASK,"JPM,100061,193"
2019-06-28 12:58:40.000000000,BEST_BID,"JPM,99867,192"
2019-06-28 12:58:40.000000000,BEST_ASK,"JPM,100061,193"
2019-06-28 12:58:40.000000000,BEST_BID,"JPM,99867,192"
2019-06-28 12:58:40.000000000,BEST_ASK,"JPM,100061,193"
2019-06-28 12:58:40.000000000,BEST_BID,"JPM,99867,192"
2019-06-28 12:58:40.000000000,BEST_ASK,"JPM,100061,193"
2019-06-28 12:58:50.000000000,QUERY_SPREAD,1
2019-06-28 12:58:50.000000000,BEST_BID,"JPM,99867,225"
2019-06-28 12:58:50.000000000,BEST_ASK,"JPM,100061,100"
2019-06-28 12:58:50.000000000,BEST_BID,"JPM,99867,225"
2019-06-28 12:58:50.000000000,BEST_ASK,"JPM,100061,100"
2019-06-28 12:58:50.000000000,BEST_BID,"JPM,99867,225"
2019-06-28 12:58:50.000000000,BEST_ASK,"JPM,100061,100"
2019-06-28 12:58:50.000000000,BEST_BID,"JPM,99867,225"
2019-06-28 12:58:50.000000000,BEST_ASK,"JPM,100061,226"
2019-06-28 12:58:50.000000000,BEST_BID,"JPM,99867,225"
2019-06-28 12:58:50.000000000,BEST_ASK,"JPM,100061,226"
2019-06-28 12:58:50.000000000,BEST_BID,"JPM,99867,225"
2019-06-28 12:58:50.000000000,BEST_ASK,"JPM,100061,226"
2019-06-28 12:59:00.000000000,QUERY_SPREAD,1
2019-06-28 12:59:00.000000000,BEST_BID,"JPM,99867,192"
2019-06-28 12:59:00.000000000,BEST_ASK,"JPM,100061,100"
2019-06-28 12:59:00.000000000,BEST_BID,"JPM,99867,192"
2019-06-28 12:59:00.000000000,BEST_ASK,"JPM,100061,100"
2019-06-28 12:59:00.000000000,BEST_BID,"JPM,99867,192"
2019-06-28 12:59:00.000000000,BEST_ASK,"JPM,100061,100"
2019-06-28 12:59:00.000000000,BEST_BID,"JPM,99867,192"
2019-06-28 12:59:00.000000000,BEST_ASK,"JPM,100061,100"
2019-06-28 12:59:00.000000000,BEST_BID,"JPM,99867,192"
2019-06-28 12:59:00.000000000,BEST_ASK,"JPM,100061,193"
2019-06-28 12:59:00.000000000,BEST_BID,"JPM,99867,192"
2019-06-28 12:59:00.000000000,BEST_ASK,"JPM,100061,193"
2019-06-28 12:59:00.000000000,BEST_BID,"JPM,99867,192"
2019-06-28 12:59:00.000000000,BEST_ASK,"JPM,100061,193"
2019-06-28 12:59:00.000000000,BEST_BID,"JPM,99867,192"
2019-06-28 12:59:00.000000000,BEST_ASK,"JPM,100061,193"
2019-06-28 12:59:00.000000000,QUERY_SPREAD,77
2019-06-28 12:59:00.000000000,BEST_BID,"JPM,99867,192"
2019-06-28 12:59:00.000000000,BEST_ASK,"JPM,100061,188"
2019-06-28 12:59:00.000000000,LAST_TRADE,"5,$100061.0000"
2019-06-28 12:59:00.000000000,QUERY_SPREAD,78
2019-06-28 12:59:00.000000000,BEST_BID,"JPM,99867,192"
2019-06-28 12:59:00.000000000,BEST_ASK,"JPM,100061,180"
2019-06-28 12:59:00.000000000,LAST_TRADE,"8,$100061.0000"
2019-06-28 12:59:00.000000000,QUERY_SPREAD,79
2019-06-28 12:59:00.000000000,BEST_BID,"JPM,99867,192"
2019-06-28 12:59:00.000000000,BEST_ASK,"JPM,100061,175"
2019-06-28 12:59:00.000000000,LAST_TRADE,"5,$100061.0000"
2019-06-28 12:59:00.000000000,QUERY_SPREAD,80
2019-06-28 12:59:00.000000000,BEST_BID,"JPM,99867,192"
2019-06-28 12:59:00.000000000,BEST_ASK,"JPM,100061,167"
2019-06-28 12:59:00.000000000,LAST_TRADE,"8,$100061.0000"
2019-06-28 12:59:00.000000000,QUERY_SPREAD,81
2019-06-28 12:59:00.000000000,BEST_BID,"JPM,99867,192"
2019-06-28 12:59:00.000000000,BEST_ASK,"JPM,100061,158"
2019-06-28 12:59:00.000000000,LAST_TRADE,"9,$100061.0000"
2019-06-28 12:59:00.000000000,QUERY_SPREAD,82
2019-06-28 12:59:00.000000000,BEST_BID,"JPM,99867,192"
2019-06-28 12:59:00.000000000,BEST_ASK,"JPM,100061,155"
2019-06-28 12:59:00.000000000,LAST_TRADE,"3,$100061.0000"
2019-06-28 12:59:00.000000000,QUERY_SPREAD,83
2019-06-28 12:59:00.000000000,BEST_BID,"JPM,99867,192"
2019-06-28 12:59:00.000000000,BEST_ASK,"JPM,100061,147"
2019-06-28 12:59:00.000000000,LAST_TRADE,"8,$100061.0000"
2019-06-28 12:59:00.000000000,QUERY_SPREAD,84
2019-06-28 12:59:00.000000000,BEST_BID,"JPM,99867,192"
2019-06-28 12:59:00.000000000,BEST_ASK,"JPM,100061,143"
2019-06-28 12:59:00.000000000,LAST_TRADE,"4,$100061.0000"
2019-06-28 12:59:00.000000000,QUERY_SPREAD,85
2019-06-28 12:59:00.000000000,BEST_BID,"JPM,99867,192"
2019-06-28 12:59:00.000000000,BEST_ASK,"JPM,100061,138"
2019-06-28 12:59:00.000000000,LAST_TRADE,"5,$100061.0000"
2019-06-28 12:59:00.000000000,QUERY_SPREAD,86
2019-06-28 12:59:00.000000000,BEST_BID,"JPM,99867,192"
2019-06-28 12:59:00.000000000,BEST_ASK,"JPM,100061,136"
2019-06-28 12:59:00.000000000,LAST_TRADE,"2,$100061.0000"
2019-06-28 12:59:00.000000000,QUERY_SPREAD,87
2019-06-28 12:59:00.000000000,BEST_BID,"JPM,99867,192"
2019-06-28 12:59:00.000000000,BEST_ASK,"JPM,100061,129"
2019-06-28 12:59:00.000000000,LAST_TRADE,"7,$100061.0000"
2019-06-28 12:59:00.000000000,QUERY_SPREAD,88
2019-06-28 12:59:00.000000000,BEST_BID,"JPM,99867,192"
2019-06-28 12:59:00.000000000,BEST_ASK,"JPM,100061,121"
2019-06-28 12:59:00.000000000,LAST_TRADE,"8,$100061.0000"
2019-06-28 12:59:00.000000000,QUERY_SPREAD,89
2019-06-28 12:59:00.000000000,BEST_BID,"JPM,99867,192"
2019-06-28 12:59:00.000000000,BEST_ASK,"JPM,100061,116"
2019-06-28 12:59:00.000000000,LAST_TRADE,"5,$100061.0000"
2019-06-28 12:59:00.000000000,QUERY_SPREAD,90
2019-06-28 12:59:00.000000000,BEST_BID,"JPM,99867,192"
2019-06-28 12:59:00.000000000,BEST_ASK,"JPM,100061,112"
2019-06-28 12:59:00.000000000,LAST_TRADE,"4,$100061.0000"
2019-06-28 12:59:00.000000000,QUERY_SPREAD,91
2019-06-28 12:59:00.000000000,BEST_BID,"JPM,99867,192"
2019-06-28 12:59:00.000000000,BEST_ASK,"JPM,100061,109"
2019-06-28 12:59:00.000000000,LAST_TRADE,"3,$100061.0000"
2019-06-28 12:59:00.000000000,QUERY_SPREAD,92
2019-06-28 12:59:00.000000000,BEST_BID,"JPM,99867,192"
2019-06-28 12:59:00.000000000,BEST_ASK,"JPM,100061,104"
2019-06-28 12:59:00.000000000,LAST_TRADE,"5,$100061.0000"
2019-06-28 12:59:00.000000000,QUERY_SPREAD,93
2019-06-28 12:59:00.000000000,BEST_BID,"JPM,99867,192"
2019-06-28 12:59:00.000000000,BEST_ASK,"JPM,100061,97"
2019-06-28 12:59:00.000000000,LAST_TRADE,"7,$100061.0000"
2019-06-28 12:59:00.000000000,QUERY_SPREAD,94
2019-06-28 12:59:00.000000000,BEST_BID,"JPM,99867,192"
2019-06-28 12:59:00.000000000,BEST_ASK,"JPM,100061,96"
2019-06-28 12:59:00.000000000,LAST_TRADE,"1,$100061.0000"
2019-06-28 12:59:00.000000000,QUERY_SPREAD,95
2019-06-28 12:59:00.000000000,BEST_BID,"JPM,99867,192"
2019-06-28 12:59:00.000000000,BEST_ASK,"JPM,100061,95"
2019-06-28 12:59:00.000000000,LAST_TRADE,"1,$100061.0000"
2019-06-28 12:59:00.000000000,QUERY_SPREAD,96
2019-06-28 12:59:00.000000000,BEST_BID,"JPM,99867,192"
2019-06-28 12:59:00.000000000,BEST_ASK,"JPM,100061,91"
2019-06-28 12:59:00.000000000,LAST_TRADE,"4,$100061.0000"
2019-06-28 12:59:00.000000000,QUERY_SPREAD,97
2019-06-28 12:59:00.000000000,BEST_BID,"JPM,99867,192"
2019-06-28 12:59:00.000000000,BEST_ASK,"JPM,100061,88"
2019-06-28 12:59:00.000000000,LAST_TRADE,"3,$100061.0000"
2019-06-28 12:59:00.000000000,QUERY_SPREAD,98
2019-06-28 12:59:00.000000000,BEST_BID,"JPM,99867,192"
2019-06-28 12:59:00.000000000,BEST_ASK,"JPM,100061,83"
2019-06-28 12:59:00.000000000,LAST_TRADE,"5,$100061.0000"
2019-06-28 12:59:00.000000000,QUERY_SPREAD,99
2019-06-28 12:59:00.000000000,BEST_BID,"JPM,99867,192"
2019-06-28 12:59:00.000000000,BEST_ASK,"JPM,100061,79"
2019-06-28 12:59:00.000000000,LAST_TRADE,"4,$100061.0000"
2019-06-28 12:59:00.000000000,QUERY_SPREAD,100
2019-06-28 12:59:00.000000000,BEST_BID,"JPM,99867,192"
2019-06-28 12:59:00.000000000,BEST_ASK,"JPM,100061,74"
2019-06-28 12:59:00.000000000,LAST_TRADE,"5,$100061.0000"
2019-06-28 12:59:00.000000000,QUERY_SPREAD,101
2019-06-28 12:59:00.000000000,BEST_BID,"JPM,99867,191"
2019-06-28 12:59:00.000000000,BEST_ASK,"JPM,100061,74"
2019-06-28 12:59:00.000000000,LAST_TRADE,"1,$99867.0000"
2019-06-28 12:59:03.487990222,QUERY_ORDER_STREAM,60
2019-06-28 12:59:03.487990222,QUERY_SPREAD,60
2019-06-28 12:59:03.487990222,BEST_BID,"JPM,99867,191"
2019-06-28 12:59:03.487990222,BEST_ASK,"JPM,100061,174"
2019-06-28 12:59:10.000000000,QUERY_SPREAD,1
2019-06-28 12:59:10.000000000,BEST_BID,"JPM,99867,172"
2019-06-28 12:59:10.000000000,BEST_ASK,"JPM,100061,100"
2019-06-28 12:59:10.000000000,BEST_BID,"JPM,99867,172"
2019-06-28 12:59:10.000000000,BEST_ASK,"JPM,100061,100"
2019-06-28 12:59:10.000000000,BEST_BID,"JPM,99867,172"
2019-06-28 12:59:10.000000000,BEST_ASK,"JPM,100061,100"
2019-06-28 12:59:10.000000000,BEST_BID,"JPM,99867,172"
2019-06-28 12:59:10.000000000,BEST_ASK,"JPM,100061,100"
2019-06-28 12:59:10.000000000,BEST_BID,"JPM,99867,172"
2019-06-28 12:59:10.000000000,BEST_ASK,"JPM,100061,174"
2019-06-28 12:59:10.000000000,BEST_BID,"JPM,99867,172"
2019-06-28 12:59:10.000000000,BEST_ASK,"JPM,100061,174"
2019-06-28 12:59:10.000000000,BEST_BID,"JPM,99867,172"
2019-06-28 12:59:10.000000000,BEST_ASK,"JPM,100061,174"
2019-06-28 12:59:10.000000000,BEST_BID,"JPM,99867,172"
2019-06-28 12:59:10.000000000,BEST_ASK,"JPM,100061,174"
2019-06-28 12:59:10.000000000,BEST_BID,"JPM,99867,172"
2019-06-28 12:59:10.000000000,BEST_ASK,"JPM,100061,174"
2019-06-28 12:59:20.000000000,QUERY_SPREAD,1
2019-06-28 12:59:20.000000000,BEST_BID,"JPM,99867,224"
2019-06-28 12:59:20.000000000,BEST_ASK,"JPM,100061,100"
2019-06-28 12:59:20.000000000,BEST_BID,"JPM,99867,224"
2019-06-28 12:59:20.000000000,BEST_ASK,"JPM,100061,100"
2019-06-28 12:59:20.000000000,BEST_BID,"JPM,99867,224"
2019-06-28 12:59:20.000000000,BEST_ASK,"JPM,100061,100"
2019-06-28 12:59:20.000000000,BEST_BID,"JPM,99867,224"
2019-06-28 12:59:20.000000000,BEST_ASK,"JPM,100061,226"
2019-06-28 12:59:20.000000000,BEST_BID,"JPM,99867,224"
2019-06-28 12:59:20.000000000,BEST_ASK,"JPM,100061,226"
2019-06-28 12:59:20.000000000,BEST_BID,"JPM,99867,224"
2019-06-28 12:59:20.000000000,BEST_ASK,"JPM,100061,226"
2019-06-28 12:59:21.082889228,QUERY_SPREAD,49
2019-06-28 12:59:21.082889228,BEST_BID,"JPM,99867,224"
2019-06-28 12:59:21.082889228,BEST_ASK,"JPM,100061,126"
2019-06-28 12:59:21.082889228,LAST_TRADE,"100,$100061.0000"
2019-06-28 12:59:30.000000000,QUERY_SPREAD,1
2019-06-28 12:59:30.000000000,BEST_BID,"JPM,99867,191"
2019-06-28 12:59:30.000000000,BEST_ASK,"JPM,100080,100"
2019-06-28 12:59:30.000000000,BEST_BID,"JPM,99867,191"
2019-06-28 12:59:30.000000000,BEST_ASK,"JPM,100080,100"
2019-06-28 12:59:30.000000000,BEST_BID,"JPM,99867,191"
2019-06-28 12:59:30.000000000,BEST_ASK,"JPM,100080,100"
2019-06-28 12:59:30.000000000,BEST_BID,"JPM,99867,191"
2019-06-28 12:59:30.000000000,BEST_ASK,"JPM,100080,100"
2019-06-28 12:59:30.000000000,BEST_BID,"JPM,99867,191"
2019-06-28 12:59:30.000000000,BEST_ASK,"JPM,100080,193"
2019-06-28 12:59:30.000000000,BEST_BID,"JPM,99867,191"
2019-06-28 12:59:30.000000000,BEST_ASK,"JPM,100080,193"
2019-06-28 12:59:30.000000000,BEST_BID,"JPM,99867,191"
2019-06-28 12:59:30.000000000,BEST_ASK,"JPM,100080,193"
2019-06-28 12:59:30.000000000,BEST_BID,"JPM,99867,191"
2019-06-28 12:59:30.000000000,BEST_ASK,"JPM,100080,193"
2019-06-28 12:59:40.000000000,QUERY_SPREAD,1
2019-06-28 12:59:40.000000000,BEST_BID,"JPM,99867,284"
2019-06-28 12:59:40.000000000,BEST_ASK,"JPM,100080,100"
2019-06-28 12:59:40.000000000,BEST_BID,"JPM,99867,284"
2019-06-28 12:59:40.000000000,BEST_ASK,"JPM,100080,100"
2019-06-28 12:59:40.000000000,BEST_BID,"JPM,99867,284"
2019-06-28 12:59:40.000000000,BEST_ASK,"JPM,100080,286"
2019-06-28 12:59:40.000000000,BEST_BID,"JPM,99867,284"
2019-06-28 12:59:40.000000000,BEST_ASK,"JPM,100080,286"
2019-06-28 12:59:46.791278757,QUERY_SPREAD,23
2019-06-28 12:59:46.791278757,BEST_BID,"JPM,99867,284"
2019-06-28 12:59:46.791278757,BEST_ASK,"JPM,100080,286"
2019-06-28 12:59:50.000000000,QUERY_SPREAD,1
2019-06-28 12:59:50.000000000,BEST_BID,"JPM,99867,191"
2019-06-28 12:59:50.000000000,BEST_ASK,"JPM,100080,100"
2019-06-28 12:59:50.000000000,BEST_BID,"JPM,99867,191"
2019-06-28 12:59:50.000000000,BEST_ASK,"JPM,100080,100"
2019-06-28 12:59:50.000000000,BEST_BID,"JPM,99867,191"
2019-06-28 12:59:50.000000000,BEST_ASK,"JPM,100080,100"
2019-06-28 12:59:50.000000000,BEST_BID,"JPM,99867,191"
2019-06-28 12:59:50.000000000,BEST_ASK,"JPM,100080,100"
2019-06-28 12:59:50.000000000,BEST_BID,"JPM,99867,191"
2019-06-28 12:59:50.000000000,BEST_ASK,"JPM,100080,193"
2019-06-28 12:59:50.000000000,BEST_BID,"JPM,99867,191"
2019-06-28 12:59:50.000000000,BEST_ASK,"JPM,100080,193"
2019-06-28 12:59:50.000000000,BEST_BID,"JPM,99867,191"
2019-06-28 12:59:50.000000000,BEST_ASK,"JPM,100080,193"
2019-06-28 12:59:50.000000000,BEST_BID,"JPM,99867,191"
2019-06-28 12:59:50.000000000,BEST_ASK,"JPM,100080,193"
2019-06-28 13:00:00.000000000,QUERY_SPREAD,1
2019-06-28 13:00:00.000000000,BEST_BID,"JPM,99867,284"
2019-06-28 13:00:00.000000000,BEST_ASK,"JPM,100080,100"
2019-06-28 13:00:00.000000000,BEST_BID,"JPM,99867,284"
2019-06-28 13:00:00.000000000,BEST_ASK,"JPM,100080,100"
2019-06-28 13:00:00.000000000,BEST_BID,"JPM,99867,284"
2019-06-28 13:00:00.000000000,BEST_ASK,"JPM,100080,286"
2019-06-28 13:00:00.000000000,BEST_BID,"JPM,99867,284"
2019-06-28 13:00:00.000000000,BEST_ASK,"JPM,100080,286"
2019-06-28 13:00:00.000000000,QUERY_SPREAD,77
2019-06-28 13:00:00.000000000,BEST_BID,"JPM,99867,284"
2019-06-28 13:00:00.000000000,BEST_ASK,"JPM,100080,281"
2019-06-28 13:00:00.000000000,LAST_TRADE,"5,$100080.0000"
2019-06-28 13:00:00.000000000,QUERY_SPREAD,78
2019-06-28 13:00:00.000000000,BEST_BID,"JPM,99867,284"
2019-06-28 13:00:00.000000000,BEST_ASK,"JPM,100080,273"
2019-06-28 13:00:00.000000000,LAST_TRADE,"8,$100080.0000"
2019-06-28 13:00:00.000000000,QUERY_SPREAD,79
2019-06-28 13:00:00.000000000,BEST_BID,"JPM,99867,284"
2019-06-28 13:00:00.000000000,BEST_ASK,"JPM,100080,268"
2019-06-28 13:00:00.000000000,LAST_TRADE,"5,$100080.0000"
2019-06-28 13:00:00.000000000,QUERY_SPREAD,80
2019-06-28 13:00:00.000000000,BEST_BID,"JPM,99867,284"
2019-06-28 13:00:00.000000000,BEST_ASK,"JPM,100080,260"
2019-06-28 13:00:00.000000000,LAST_TRADE,"8,$100080.0000"
2019-06-28 13:00:00.000000000,QUERY_SPREAD,81
2019-06-28 13:00:00.000000000,BEST_BID,"JPM,99867,284"
2019-06-28 13:00:00.000000000,BEST_ASK,"JPM,100080,251"
2019-06-28 13:00:00.000000000,LAST_TRADE,"9,$100080.0000"
2019-06-28 13:00:00.000000000,QUERY_SPREAD,82
2019-06-28 13:00:00.000000000,BEST_BID,"JPM,99867,284"
2019-06-28 13:00:00.000000000,BEST_ASK,"JPM,100080,248"
2019-06-28 13:00:00.000000000,LAST_TRADE,"3,$100080.0000"
2019-06-28 13:00:00.000000000,QUERY_SPREAD,83
2019-06-28 13:00:00.000000000,BEST_BID,"JPM,99867,284"
2019-06-28 13:00:00.000000000,BEST_ASK,"JPM,100080,240"
2019-06-28 13:00:00.000000000,LAST_TRADE,"8,$100080.0000"
2019-06-28 13:00:00.000000000,QUERY_SPREAD,84
2019-06-28 13:00:00.000000000,BEST_BID,"JPM,99867,284"
2019-06-28 13:00:00.000000000,BEST_ASK,"JPM,100080,236"
2019-06-28 13:00:00.000000000,LAST_TRADE,"4,$100080.0000"
2019-06-28 13:00:00.000000000,QUERY_SPREAD,85
2019-06-28 13:00:00.000000000,BEST_BID,"JPM,99867,284"
2019-06-28 13:00:00.000000000,BEST_ASK,"JPM,100080,231"
2019-06-28 13:00:00.000000000,LAST_TRADE,"5,$100080.0000"
2019-06-28 13:00:00.000000000,QUERY_SPREAD,86
2019-06-28 13:00:00.000000000,BEST_BID,"JPM,99867,284"
2019-06-28 13:00:00.000000000,BEST_ASK,"JPM,100080,229"
2019-06-28 13:00:00.000000000,LAST_TRADE,"2,$100080.0000"
2019-06-28 13:00:00.000000000,QUERY_SPREAD,87
2019-06-28 13:00:00.000000000,BEST_BID,"JPM,99867,284"
2019-06-28 13:00:00.000000000,BEST_ASK,"JPM,100080,222"
2019-06-28 13:00:00.000000000,LAST_TRADE,"7,$100080.0000"
2019-06-28 13:00:00.000000000,QUERY_SPREAD,88
2019-06-28 13:00:00.000000000,BEST_BID,"JPM,99867,284"
2019-06-28 13:00:00.000000000,BEST_ASK,"JPM,100080,214"
2019-06-28 13:00:00.000000000,LAST_TRADE,"8,$100080.0000"
2019-06-28 13:00:00.000000000,QUERY_SPREAD,89
2019-06-28 13:00:00.000000000,BEST_BID,"JPM,99867,284"
2019-06-28 13:00:00.000000000,BEST_ASK,"JPM,100080,209"
2019-06-28 13:00:00.000000000,LAST_TRADE,"5,$100080.0000"
2019-06-28 13:00:00.000000000,QUERY_SPREAD,90
2019-06-28 13:00:00.000000000,BEST_BID,"JPM,99867,284"
2019-06-28 13:00:00.000000000,BEST_ASK,"JPM,100080,205"
2019-06-28 13:00:00.000000000,LAST_TRADE,"4,$100080.0000"
2019-06-28 13:00:00.000000000,QUERY_SPREAD,91
2019-06-28 13:00:00.000000000,BEST_BID,"JPM,99867,284"
2019-06-28 13:00:00.000000000,BEST_ASK,"JPM,100080,202"
2019-06-28 13:00:00.000000000,LAST_TRADE,"3,$100080.0000"
2019-06-28 13:00:00.000000000,QUERY_SPREAD,92
2019-06-28 13:00:00.000000000,BEST_BID,"JPM,99867,284"
2019-06-28 13:00:00.000000000,BEST_ASK,"JPM,100080,197"
2019-06-28 13:00:00.000000000,LAST_TRADE,"5,$100080.0000"
2019-06-28 13:00:00.000000000,QUERY_SPREAD,93
2019-06-28 13:00:00.000000000,BEST_BID,"JPM,99867,284"
2019-06-28 13:00:00.000000000,BEST_ASK,"JPM,100080,190"
2019-06-28 13:00:00.000000000,LAST_TRADE,"7,$100080.0000"
2019-06-28 13:00:00.000000000,QUERY_SPREAD,94
2019-06-28 13:00:00.000000000,BEST_BID,"JPM,99867,284"
2019-06-28 13:00:00.000000000,BEST_ASK,"JPM,100080,189"
2019-06-28 13:00:00.000000000,LAST_TRADE,"1,$100080.0000"
2019-06-28 13:00:00.000000000,QUERY_SPREAD,95
2019-06-28 13:00:00.000000000,BEST_BID,"JPM,99867,284"
2019-06-28 13:00:00.000000000,BEST_ASK,"JPM,100080,188"
2019-06-28 13:00:00.000000000,LAST_TRADE,"1,$100080.0000"
2019-06-28 13:00:00.000000000,QUERY_SPREAD,96
2019-06-28 13:00:00.000000000,BEST_BID,"JPM,99867,284"
2019-06-28 13:00:00.000000000,BEST_ASK,"JPM,100080,184"
2019-06-28 13:00:00.000000000,LAST_TRADE,"4,$100080.0000"
2019-06-28 13:00:00.000000000,QUERY_SPREAD,97
2019-06-28 13:00:00.000000000,BEST_BID,"JPM,99867,284"
2019-06-28 13:00:00.000000000,BEST_ASK,"JPM,100080,181"
2019-06-28 13:00:00.000000000,LAST_TRADE,"3,$100080.0000"
2019-06-28 13:00:00.000000000,QUERY_SPREAD,98
2019-06-28 13:00:00.000000000,BEST_BID,"JPM,99867,284"
2019-06-28 13:00:00.000000000,BEST_ASK,"JPM,100080,176"
2019-06-28 13:00:00.000000000,LAST_TRADE,"5,$100080.0000"
2019-06-28 13:00:00.000000000,QUERY_SPREAD,99
2019-06-28 13:00:00.000000000,BEST_BID,"JPM,99867,284"
2019-06-28 13:00:00.000000000,BEST_ASK,"JPM,100080,172"
2019-06-28 13:00:00.000000000,LAST_TRADE,"4,$100080.0000"
2019-06-28 13:00:00.000000000,QUERY_SPREAD,100
2019-06-28 13:00:00.000000000,BEST_BID,"JPM,99867,284"
2019-06-28 13:00:00.000000000,BEST_ASK,"JPM,100080,167"
2019-06-28 13:00:00.000000000,LAST_TRADE,"5,$100080.0000"
2019-06-28 13:00:00.000000000,QUERY_SPREAD,101
2019-06-28 13:00:00.000000000,BEST_BID,"JPM,99867,284"
2019-06-28 13:00:00.000000000,BEST_ASK,"JPM,100080,166"
2019-06-28 13:00:00.000000000,LAST_TRADE,"1,$100080.0000"
2019-06-28 13:00:10.000000000,QUERY_SPREAD,1
2019-06-28 13:00:10.000000000,BEST_BID,"JPM,99867,191"
2019-06-28 13:00:10.000000000,BEST_ASK,"JPM,100162,100"
2019-06-28 13:00:10.000000000,BEST_BID,"JPM,99867,191"
2019-06-28 13:00:10.000000000,BEST_ASK,"JPM,100162,100"
2019-06-28 13:00:10.000000000,BEST_BID,"JPM,99867,191"
2019-06-28 13:00:10.000000000,BEST_ASK,"JPM,100162,100"
2019-06-28 13:00:10.000000000,BEST_BID,"JPM,99867,191"
2019-06-28 13:00:10.000000000,BEST_ASK,"JPM,100162,100"
2019-06-28 13:00:10.000000000,BEST_BID,"JPM,99867,191"
2019-06-28 13:00:10.000000000,BEST_ASK,"JPM,100162,193"
2019-06-28 13:00:10.000000000,BEST_BID,"JPM,99867,191"
2019-06-28 13:00:10.000000000,BEST_ASK,"JPM,100162,193"
2019-06-28 13:00:10.000000000,BEST_BID,"JPM,99867,191"
2019-06-28 13:00:10.000000000,BEST_ASK,"JPM,100162,193"
2019-06-28 13:00:10.000000000,BEST_BID,"JPM,99867,191"
2019-06-28 13:00:10.000000000,BEST_ASK,"JPM,100162,193"
2019-06-28 13:00:20.000000000,QUERY_SPREAD,1
2019-06-28 13:00:20.000000000,BEST_BID,"JPM,99867,191"
2019-06-28 13:00:20.000000000,BEST_ASK,"JPM,100162,100"
2019-06-28 13:00:20.000000000,BEST_BID,"JPM,99867,191"
2019-06-28 13:00:20.000000000,BEST_ASK,"JPM,100162,100"
2019-06-28 13:00:20.000000000,BEST_BID,"JPM,99867,191"
2019-06-28 13:00:20.000000000,BEST_ASK,"JPM,100162,100"
2019-06-28 13:00:20.000000000,BEST_BID,"JPM,99867,191"
2019-06-28 13:00:20.000000000,BEST_ASK,"JPM,100162,100"
2019-06-28 13:00:20.000000000,BEST_BID,"JPM,99867,191"
2019-06-28 13:00:20.000000000,BEST_ASK,"JPM,100162,193"
2019-06-28 13:00:20.000000000,BEST_BID,"JPM,99867,191"
2019-06-28 13:00:20.000000000,BEST_ASK,"JPM,100162,193"
2019-06-28 13:00:20.000000000,BEST_BID,"JPM,99867,191"
2019-06-28 13:00:20.000000000,BEST_ASK,"JPM,100162,193"
2019-06-28 13:00:20.000000000,BEST_BID,"JPM,99867,191"
2019-06-28 13:00:20.000000000,BEST_ASK,"JPM,100162,193"
2019-06-28 13:00:30.000000000,QUERY_SPREAD,1
2019-06-28 13:00:30.000000000,BEST_BID,"JPM,99867,469"
2019-06-28 13:00:30.000000000,BEST_ASK,"JPM,100162,100"
2019-06-28 13:00:30.000000000,BEST_BID,"JPM,99867,469"
2019-06-28 13:00:30.000000000,BEST_ASK,"JPM,100162,471"
2019-06-28 13:00:39.263271893,QUERY_ORDER_STREAM,61
2019-06-28 13:00:39.263271893,QUERY_SPREAD,61
2019-06-28 13:00:40.000000000,QUERY_SPREAD,1
2019-06-28 13:00:40.000000000,BEST_BID,"JPM,99867,191"
2019-06-28 13:00:40.000000000,BEST_ASK,"JPM,100162,100"
2019-06-28 13:00:40.000000000,BEST_BID,"JPM,99867,191"
2019-06-28 13:00:40.000000000,BEST_ASK,"JPM,100162,100"
2019-06-28 13:00:40.000000000,BEST_BID,"JPM,99867,191"
2019-06-28 13:00:40.000000000,BEST_ASK,"JPM,100162,100"
2019-06-28 13:00:40.000000000,BEST_BID,"JPM,99867,191"
2019-06-28 13:00:40.000000000,BEST_ASK,"JPM,100162,100"
2019-06-28 13:00:40.000000000,BEST_BID,"JPM,99867,191"
2019-06-28 13:00:40.000000000,BEST_ASK,"JPM,100162,193"
2019-06-28 13:00:40.000000000,BEST_BID,"JPM,99867,191"
2019-06-28 13:00:40.000000000,BEST_ASK,"JPM,100162,193"
2019-06-28 13:00:40.000000000,BEST_BID,"JPM,99867,191"
2019-06-28 13:00:40.000000000,BEST_ASK,"JPM,100162,193"
2019-06-28 13:00:40.000000000,BEST_BID,"JPM,99867,191"
2019-06-28 13:00:40.000000000,BEST_ASK,"JPM,100162,193"
2019-06-28 13:00:50.000000000,QUERY_SPREAD,1
2019-06-28 13:00:50.000000000,BEST_BID,"JPM,99867,191"
2019-06-28 13:00:50.000000000,BEST_ASK,"JPM,100162,100"
2019-06-28 13:00:50.000000000,BEST_BID,"JPM,99867,191"
2019-06-28 13:00:50.000000000,BEST_ASK,"JPM,100162,100"
2019-06-28 13:00:50.000000000,BEST_BID,"JPM,99867,191"
2019-06-28 13:00:50.000000000,BEST_ASK,"JPM,100162,100"
2019-06-28 13:00:50.000000000,BEST_BID,"JPM,99867,191"
2019-06-28 13:00:50.000000000,BEST_ASK,"JPM,100162,100"
2019-06-28 13:00:50.000000000,BEST_BID,"JPM,99867,191"
2019-06-28 13:00:50.000000000,BEST_ASK,"JPM,100162,193"
2019-06-28 13:00:50.000000000,BEST_BID,"JPM,99867,191"
2019-06-28 13:00:50.000000000,BEST_ASK,"JPM,100162,193"
2019-06-28 13:00:50.000000000,BEST_BID,"JPM,99867,191"
2019-06-28 13:00:50.000000000,BEST_ASK,"JPM,100162,193"
2019-06-28 13:00:50.000000000,BEST_BID,"JPM,99867,191"
2019-06-28 13:00:50.000000000,BEST_ASK,"JPM,100162,193"
2019-06-28 13:01:00.000000000,QUERY_SPREAD,1
2019-06-28 13:01:00.000000000,BEST_BID,"JPM,99867,172"
2019-06-28 13:01:00.000000000,BEST_ASK,"JPM,100162,100"
2019-06-28 13:01:00.000000000,BEST_BID,"JPM,99867,172"
2019-06-28 13:01:00.000000000,BEST_ASK,"JPM,100162,100"
2019-06-28 13:01:00.000000000,BEST_BID,"JPM,99867,172"
2019-06-28 13:01:00.000000000,BEST_ASK,"JPM,100162,100"
2019-06-28 13:01:00.000000000,BEST_BID,"JPM,99867,172"
2019-06-28 13:01:00.000000000,BEST_ASK,"JPM,100162,100"
2019-06-28 13:01:00.000000000,BEST_BID,"JPM,99867,172"
2019-06-28 13:01:00.000000000,BEST_ASK,"JPM,100162,174"
2019-06-28 13:01:00.000000000,BEST_BID,"JPM,99867,172"
2019-06-28 13:01:00.000000000,BEST_ASK,"JPM,100162,174"
2019-06-28 13:01:00.000000000,BEST_BID,"JPM,99867,172"
2019-06-28 13:01:00.000000000,BEST_ASK,"JPM,100162,174"
2019-06-28 13:01:00.000000000,BEST_BID,"JPM,99867,172"
2019-06-28 13:01:00.000000000,BEST_ASK,"JPM,100162,174"
2019-06-28 13:01:00.000000000,BEST_BID,"JPM,99867,172"
2019-06-28 13:01:00.000000000,BEST_ASK,"JPM,100162,174"
2019-06-28 13:01:00.000000000,QUERY_SPREAD,77
2019-06-28 13:01:00.000000000,BEST_BID,"JPM,99867,172"
2019-06-28 13:01:00.000000000,BEST_ASK,"JPM,100162,169"
2019-06-28 13:01:00.000000000,LAST_TRADE,"5,$100162.0000"
2019-06-28 13:01:00.000000000,QUERY_SPREAD,78
2019-06-28 13:01:00.000000000,BEST_BID,"JPM,99867,172"
2019-06-28 13:01:00.000000000,BEST_ASK,"JPM,100162,161"
2019-06-28 13:01:00.000000000,LAST_TRADE,"8,$100162.0000"
2019-06-28 13:01:00.000000000,QUERY_SPREAD,79
2019-06-28 13:01:00.000000000,BEST_BID,"JPM,99867,172"
2019-06-28 13:01:00.000000000,BEST_ASK,"JPM,100162,156"
2019-06-28 13:01:00.000000000,LAST_TRADE,"5,$100162.0000"
2019-06-28 13:01:00.000000000,QUERY_SPREAD,80
2019-06-28 13:01:00.000000000,BEST_BID,"JPM,99867,172"
2019-06-28 13:01:00.000000000,BEST_ASK,"JPM,100162,148"
2019-06-28 13:01:00.000000000,LAST_TRADE,"8,$100162.0000"
2019-06-28 13:01:00.000000000,QUERY_SPREAD,81
2019-06-28 13:01:00.000000000,BEST_BID,"JPM,99867,172"
2019-06-28 13:01:00.000000000,BEST_ASK,"JPM,100162,139"
2019-06-28 13:01:00.000000000,LAST_TRADE,"9,$100162.0000"
2019-06-28 13:01:00.000000000,QUERY_SPREAD,82
2019-06-28 13:01:00.000000000,BEST_BID,"JPM,99867,172"
2019-06-28 13:01:00.000000000,BEST_ASK,"JPM,100162,136"
2019-06-28 13:01:00.000000000,LAST_TRADE,"3,$100162.0000"
2019-06-28 13:01:00.000000000,QUERY_SPREAD,83
2019-06-28 13:01:00.000000000,BEST_BID,"JPM,99867,172"
2019-06-28 13:01:00.000000000,BEST_ASK,"JPM,100162,128"
2019-06-28 13:01:00.000000000,LAST_TRADE,"8,$100162.0000"
2019-06-28 13:01:00.000000000,QUERY_SPREAD,84
2019-06-28 13:01:00.000000000,BEST_BID,"JPM,99867,172"
2019-06-28 13:01:00.000000000,BEST_ASK,"JPM,100162,124"
2019-06-28 13:01:00.000000000,LAST_TRADE,"4,$100162.0000"
2019-06-28 13:01:00.000000000,QUERY_SPREAD,85
2019-06-28 13:01:00.000000000,BEST_BID,"JPM,99867,172"
2019-06-28 13:01:00.000000000,BEST_ASK,"JPM,100162,119"
2019-06-28 13:01:00.000000000,LAST_TRADE,"5,$100162.0000"
2019-06-28 13:01:00.000000000,QUERY_SPREAD,86
2019-06-28 13:01:00.000000000,BEST_BID,"JPM,99867,172"
2019-06-28 13:01:00.000000000,BEST_ASK,"JPM,100162,117"
2019-06-28 13:01:00.000000000,LAST_TRADE,"2,$100162.0000"
2019-06-28 13:01:00.000000000,QUERY_SPREAD,87
2019-06-28 13:01:00.000000000,BEST_BID,"JPM,99867,172"
2019-06-28 13:01:00.000000000,BEST_ASK,"JPM,100162,110"
2019-06-28 13:01:00.000000000,LAST_TRADE,"7,$100162.0000"
2019-06-28 13:01:00.000000000,QUERY_SPREAD,88
2019-06-28 13:01:00.000000000,BEST_BID,"JPM,99867,172"
2019-06-28 13:01:00.000000000,BEST_ASK,"JPM,100162,102"
2019-06-28 13:01:00.000000000,LAST_TRADE,"8,$100162.0000"
2019-06-28 13:01:00.000000000,QUERY_SPREAD,89
2019-06-28 13:01:00.000000000,BEST_BID,"JPM,99867,172"
2019-06-28 13:01:00.000000000,BEST_ASK,"JPM,100162,97"
2019-06-28 13:01:00.000000000,LAST_TRADE,"5,$100162.0000"
2019-06-28 13:01:00.000000000,QUERY_SPREAD,90
2019-06-28 13:01:00.000000000,BEST_BID,"JPM,99867,172"
2019-06-28 13:01:00.000000000,BEST_ASK,"JPM,100162,93"
2019-06-28 13:01:00.000000000,LAST_TRADE,"4,$100162.0000"
2019-06-28 13:01:00.000000000,QUERY_SPREAD,91
2019-06-28 13:01:00.000000000,BEST_BID,"JPM,99867,172"
2019-06-28 13:01:00.000000000,BEST_ASK,"JPM,100162,90"
2019-06-28 13:01:00.000000000,LAST_TRADE,"3,$100162.0000"
2019-06-28 13:01:00.000000000,QUERY_SPREAD,92
2019-06-28 13:01:00.000000000,BEST_BID,"JPM,99867,172"
2019-06-28 13:01:00.000000000,BEST_ASK,"JPM,100162,85"
2019-06-28 13:01:00.000000000,LAST_TRADE,"5,$100162.0000"
2019-06-28 13:01:00.000000000,QUERY_SPREAD,93
2019-06-28 13:01:00.000000000,BEST_BID,"JPM,99867,172"
2019-06-28 13:01:00.000000000,BEST_ASK,"JPM,100162,78"
2019-06-28 13:01:00.000000000,LAST_TRADE,"7,$100162.0000"
2019-06-28 13:01:00.000000000,QUERY_SPREAD,94
2019-06-28 13:01:00.000000000,BEST_BID,"JPM,99867,172"
2019-06-28 13:01:00.000000000,BEST_ASK,"JPM,100162,77"
2019-06-28 13:01:00.000000000,LAST_TRADE,"1,$100162.0000"
2019-06-28 13:01:00.000000000,QUERY_SPREAD,95
2019-06-28 13:01:00.000000000,BEST_BID,"JPM,99867,172"
2019-06-28 13:01:00.000000000,BEST_ASK,"JPM,100162,76"
2019-06-28 13:01:00.000000000,LAST_TRADE,"1,$100162.0000"
2019-06-28 13:01:00.000000000,QUERY_SPREAD,96
2019-06-28 13:01:00.000000000,BEST_BID,"JPM,99867,172"
2019-06-28 13:01:00.000000000,BEST_ASK,"JPM,100162,72"
2019-06-28 13:01:00.000000000,LAST_TRADE,"4,$100162.0000"
2019-06-28 13:01:00.000000000,QUERY_SPREAD,97
2019-06-28 13:01:00.000000000,BEST_BID,"JPM,99867,172"
2019-06-28 13:01:00.000000000,BEST_ASK,"JPM,100162,69"
2019-06-28 13:01:00.000000000,LAST_TRADE,"3,$100162.0000"
2019-06-28 13:01:00.000000000,QUERY_SPREAD,98
2019-06-28 13:01:00.000000000,BEST_BID,"JPM,99867,172"
2019-06-28 13:01:00.000000000,BEST_ASK,"JPM,100162,64"
2019-06-28 13:01:00.000000000,LAST_TRADE,"5,$100162.0000"
2019-06-28 13:01:00.000000000,QUERY_SPREAD,99
2019-06-28 13:01:00.000000000,BEST_BID,"JPM,99867,172"
2019-06-28 13:01:00.000000000,BEST_ASK,"JPM,100162,60"
2019-06-28 13:01:00.000000000,LAST_TRADE,"4,$100162.0000"
2019-06-28 13:01:00.000000000,QUERY_SPREAD,100
2019-06-28 13:01:00.000000000,BEST_BID,"JPM,99867,172"
2019-06-28 13:01:00.000000000,BEST_ASK,"JPM,100162,55"
2019-06-28 13:01:00.000000000,LAST_TRADE,"5,$100162.0000"
2019-06-28 13:01:00.000000000,QUERY_SPREAD,101
2019-06-28 13:01:00.000000000,BEST_BID,"JPM,99867,172"
2019-06-28 13:01:00.000000000,BEST_ASK,"JPM,100162,54"
2019-06-28 13:01:00.000000000,LAST_TRADE,"1,$100162.0000"
2019-06-28 13:01:03.620374712,QUERY_SPREAD,47
2019-06-28 13:01:03.620374712,BEST_BID,"JPM,99867,172"
2019-06-28 13:01:03.620374712,BEST_ASK,"JPM,100162,54"
2019-06-28 13:01:10.000000000,QUERY_SPREAD,1
2019-06-28 13:01:10.000000000,BEST_BID,"JPM,99867,284"
2019-06-28 13:01:10.000000000,BEST_ASK,"JPM,100194,100"
2019-06-28 13:01:10.000000000,BEST_BID,"JPM,99867,284"
2019-06-28 13:01:10.000000000,BEST_ASK,"JPM,100194,100"
2019-06-28 13:01:10.000000000,BEST_BID,"JPM,99867,284"
2019-06-28 13:01:10.000000000,BEST_ASK,"JPM,100194,286"
2019-06-28 13:01:10.000000000,BEST_BID,"JPM,99867,284"
2019-06-28 13:01:10.000000000,BEST_ASK,"JPM,100194,286"
2019-06-28 13:01:20.000000000,QUERY_SPREAD,1
2019-06-28 13:01:20.000000000,BEST_BID,"JPM,99867,224"
2019-06-28 13:01:20.000000000,BEST_ASK,"JPM,100194,100"
2019-06-28 13:01:20.000000000,BEST_BID,"JPM,99867,224"
2019-06-28 13:01:20.000000000,BEST_ASK,"JPM,100194,100"
2019-06-28 13:01:20.000000000,BEST_BID,"JPM,99867,224"
2019-06-28 13:01:20.000000000,BEST_ASK,"JPM,100194,100"
2019-06-28 13:01:20.000000000,BEST_BID,"JPM,99867,224"
2019-06-28 13:01:20.000000000,BEST_ASK,"JPM,100194,226"
2019-06-28 13:01:20.000000000,BEST_BID,"JPM,99867,224"
2019-06-28 13:01:20.000000000,BEST_ASK,"JPM,100194,226"
2019-06-28 13:01:20.000000000,BEST_BID,"JPM,99867,224"
2019-06-28 13:01:20.000000000,BEST_ASK,"JPM,100194,226"
2019-06-28 13:01:30.000000000,QUERY_SPREAD,1
2019-06-28 13:01:30.000000000,BEST_BID,"JPM,99867,469"
2019-06-28 13:01:30.000000000,BEST_ASK,"JPM,100194,100"
2019-06-28 13:01:30.000000000,BEST_BID,"JPM,99867,469"
2019-06-28 13:01:30.000000000,BEST_ASK,"JPM,100194,471"
2019-06-28 13:01:40.000000000,QUERY_SPREAD,1
2019-06-28 13:01:40.000000000,BEST_BID,"JPM,99867,191"
2019-06-28 13:01:40.000000000,BEST_ASK,"JPM,100194,100"
2019-06-28 13:01:40.000000000,BEST_BID,"JPM,99867,191"
2019-06-28 13:01:40.000000000,BEST_ASK,"JPM,100194,100"
2019-06-28 13:01:40.000000000,BEST_BID,"JPM,99867,191"
2019-06-28 13:01:40.000000000,BEST_ASK,"JPM,100194,100"
2019-06-28 13:01:40.000000000,BEST_BID,"JPM,99867,191"
2019-06-28 13:01:40.000000000,BEST_ASK,"JPM,100194,100"
2019-06-28 13:01:40.000000000,BEST_BID,"JPM,99867,191"
2019-06-28 13:01:40.000000000,BEST_ASK,"JPM,100194,193"
2019-06-28 13:01:40.000000000,BEST_BID,"JPM,99867,191"
2019-06-28 13:01:40.000000000,BEST_ASK,"JPM,100194,193"
2019-06-28 13:01:40.000000000,BEST_BID,"JPM,99867,191"
2019-06-28 13:01:40.000000000,BEST_ASK,"JPM,100194,193"
2019-06-28 13:01:40.000000000,BEST_BID,"JPM,99867,191"
2019-06-28 13:01:40.000000000,BEST_ASK,"JPM,100194,193"
2019-06-28 13:01:40.386915167,QUERY_SPREAD,14
2019-06-28 13:01:40.386915167,BEST_BID,"JPM,99867,191"
2019-06-28 13:01:40.386915167,BEST_ASK,"JPM,100194,93"
2019-06-28 13:01:40.386915167,LAST_TRADE,"100,$100194.0000"
2019-06-28 13:01:47.583377728,QUERY_SPREAD,3
2019-06-28 13:01:47.583377728,BEST_BID,"JPM,100194,7"
2019-06-28 13:01:47.583377728,BEST_ASK,"JPM,100262,193"
2019-06-28 13:01:47.583377728,LAST_TRADE,"93,$100194.0000"
2019-06-28 13:01:50.000000000,QUERY_SPREAD,1
2019-06-28 13:01:50.000000000,BEST_BID,"JPM,100194,378"
2019-06-28 13:01:50.000000000,BEST_ASK,"JPM,100262,100"
2019-06-28 13:01:50.000000000,BEST_BID,"JPM,100194,378"
2019-06-28 13:01:50.000000000,BEST_ASK,"JPM,100262,471"
2019-06-28 13:02:00.000000000,QUERY_SPREAD,1
2019-06-28 13:02:00.000000000,BEST_BID,"JPM,100194,81"
2019-06-28 13:02:00.000000000,BEST_ASK,"JPM,100262,100"
2019-06-28 13:02:00.000000000,BEST_BID,"JPM,100194,81"
2019-06-28 13:02:00.000000000,BEST_ASK,"JPM,100262,100"
2019-06-28 13:02:00.000000000,BEST_BID,"JPM,100194,81"
2019-06-28 13:02:00.000000000,BEST_ASK,"JPM,100262,100"
2019-06-28 13:02:00.000000000,BEST_BID,"JPM,100194,81"
2019-06-28 13:02:00.000000000,BEST_ASK,"JPM,100262,100"
2019-06-28 13:02:00.000000000,BEST_BID,"JPM,100194,81"
2019-06-28 13:02:00.000000000,BEST_ASK,"JPM,100262,100"
2019-06-28 13:02:00.000000000,BEST_BID,"JPM,100194,81"
2019-06-28 13:02:00.000000000,BEST_ASK,"JPM,100262,174"
2019-06-28 13:02:00.000000000,BEST_BID,"JPM,100194,81"
2019-06-28 13:02:00.000000000,BEST_ASK,"JPM,100262,174"
2019-06-28 13:02:00.000000000,BEST_BID,"JPM,100194,81"
2019-06-28 13:02:00.000000000,BEST_ASK,"JPM,100262,174"
2019-06-28 13:02:00.000000000,BEST_BID,"JPM,100194,81"
2019-06-28 13:02:00.000000000,BEST_ASK,"JPM,100262,174"
2019-06-28 13:02:00.000000000,BEST_BID,"JPM,100194,81"
2019-06-28 13:02:00.000000000,BEST_ASK,"JPM,100262,174"
2019-06-28 13:02:00.000000000,QUERY_SPREAD,77
2019-06-28 13:02:00.000000000,BEST_BID,"JPM,100194,81"
2019-06-28 13:02:00.000000000,BEST_ASK,"JPM,100262,169"
2019-06-28 13:02:00.000000000,LAST_TRADE,"5,$100262.0000"
2019-06-28 13:02:00.000000000,QUERY_SPREAD,78
2019-06-28 13:02:00.000000000,BEST_BID,"JPM,100194,81"
2019-06-28 13:02:00.000000000,BEST_ASK,"JPM,100262,161"
2019-06-28 13:02:00.000000000,LAST_TRADE,"8,$100262.0000"
2019-06-28 13:02:00.000000000,QUERY_SPREAD,79
2019-06-28 13:02:00.000000000,BEST_BID,"JPM,100194,81"
2019-06-28 13:02:00.000000000,BEST_ASK,"JPM,100262,156"
2019-06-28 13:02:00.000000000,LAST_TRADE,"5,$100262.0000"
2019-06-28 13:02:00.000000000,QUERY_SPREAD,80
2019-06-28 13:02:00.000000000,BEST_BID,"JPM,100194,81"
2019-06-28 13:02:00.000000000,BEST_ASK,"JPM,100262,148"
2019-06-28 13:02:00.000000000,LAST_TRADE,"8,$100262.0000"
2019-06-28 13:02:00.000000000,QUERY_SPREAD,81
2019-06-28 13:02:00.000000000,BEST_BID,"JPM,100194,81"
2019-06-28 13:02:00.000000000,BEST_ASK,"JPM,100262,139"
2019-06-28 13:02:00.000000000,LAST_TRADE,"9,$100262.0000"
2019-06-28 13:02:00.000000000,QUERY_SPREAD,82
2019-06-28 13:02:00.000000000,BEST_BID,"JPM,100194,81"
2019-06-28 13:02:00.000000000,BEST_ASK,"JPM,100262,136"
2019-06-28 13:02:00.000000000,LAST_TRADE,"3,$100262.0000"
2019-06-28 13:02:00.000000000,QUERY_SPREAD,83
2019-06-28 13:02:00.000000000,BEST_BID,"JPM,100194,81"
2019-06-28 13:02:00.000000000,BEST_ASK,"JPM,100262,128"
2019-06-28 13:02:00.000000000,LAST_TRADE,"8,$100262.0000"
2019-06-28 13:02:00.000000000,QUERY_SPREAD,84
2019-06-28 13:02:00.000000000,BEST_BID,"JPM,100194,81"
2019-06-28 13:02:00.000000000,BEST_ASK,"JPM,100262,124"
2019-06-28 13:02:00.000000000,LAST_TRADE,"4,$100262.0000"
2019-06-28 13:02:00.000000000,QUERY_SPREAD,85
2019-06-28 13:02:00.000000000,BEST_BID,"JPM,100194,81"
2019-06-28 13:02:00.000000000,BEST_ASK,"JPM,100262,119"
2019-06-28 13:02:00.000000000,LAST_TRADE,"5,$100262.0000"
2019-06-28 13:02:00.000000000,QUERY_SPREAD,86
2019-06-28 13:02:00.000000000,BEST_BID,"JPM,100194,81"
2019-06-28 13:02:00.000000000,BEST_ASK,"JPM,100262,117"
2019-06-28 13:02:00.000000000,LAST_TRADE,"2,$100262.0000"
2019-06-28 13:02:00.000000000,QUERY_SPREAD,87
2019-06-28 13:02:00.000000000,BEST_BID,"JPM,100194,81"
2019-06-28 13:02:00.000000000,BEST_ASK,"JPM,100262,110"
2019-06-28 13:02:00.000000000,LAST_TRADE,"7,$100262.0000"
2019-06-28 13:02:00.000000000,QUERY_SPREAD,88
2019-06-28 13:02:00.000000000,BEST_BID,"JPM,100194,81"
2019-06-28 13:02:00.000000000,BEST_ASK,"JPM,100262,102"
2019-06-28 13:02:00.000000000,LAST_TRADE,"8,$100262.0000"
2019-06-28 13:02:00.000000000,QUERY_SPREAD,89
2019-06-28 13:02:00.000000000,BEST_BID,"JPM,100194,81"
2019-06-28 13:02:00.000000000,BEST_ASK,"JPM,100262,97"
2019-06-28 13:02:00.000000000,LAST_TRADE,"5,$100262.0000"
2019-06-28 13:02:00.000000000,QUERY_SPREAD,90
2019-06-28 13:02:00.000000000,BEST_BID,"JPM,100194,81"
2019-06-28 13:02:00.000000000,BEST_ASK,"JPM,100262,93"
2019-06-28 13:02:00.000000000,LAST_TRADE,"4,$100262.0000"
2019-06-28 13:02:00.000000000,QUERY_SPREAD,91
2019-06-28 13:02:00.000000000,BEST_BID,"JPM,100194,81"
2019-06-28 13:02:00.000000000,BEST_ASK,"JPM,100262,90"
2019-06-28 13:02:00.000000000,LAST_TRADE,"3,$100262.0000"
2019-06-28 13:02:00.000000000,QUERY_SPREAD,92
2019-06-28 13:02:00.000000000,BEST_BID,"JPM,100194,81"
2019-06-28 13:02:00.000000000,BEST_ASK,"JPM,100262,85"
2019-06-28 13:02:00.000000000,LAST_TRADE,"5,$100262.0000"
2019-06-28 13:02:00.000000000,QUERY_SPREAD,93
2019-06-28 13:02:00.000000000,BEST_BID,"JPM,100194,81"
2019-06-28 13:02:00.000000000,BEST_ASK,"JPM,100262,78"
2019-06-28 13:02:00.000000000,LAST_TRADE,"7,$100262.0000"
2019-06-28 13:02:00.000000000,QUERY_SPREAD,94
2019-06-28 13:02:00.000000000,BEST_BID,"JPM,100194,81"
2019-06-28 13:02:00.000000000,BEST_ASK,"JPM,100262,77"
2019-06-28 13:02:00.000000000,LAST_TRADE,"1,$100262.0000"
2019-06-28 13:02:00.000000000,QUERY_SPREAD,95
2019-06-28 13:02:00.000000000,BEST_BID,"JPM,100194,81"
2019-06-28 13:02:00.000000000,BEST_ASK,"JPM,100262,76"
2019-06-28 13:02:00.000000000,LAST_TRADE,"1,$100262.0000"
2019-06-28 13:02:00.000000000,QUERY_SPREAD,96
2019-06-28 13:02:00.000000000,BEST_BID,"JPM,100194,81"
2019-06-28 13:02:00.000000000,BEST_ASK,"JPM,100262,72"
2019-06-28 13:02:00.000000000,LAST_TRADE,"4,$100262.0000"
2019-06-28 13:02:00.000000000,QUERY_SPREAD,97
2019-06-28 13:02:00.000000000,BEST_BID,"JPM,100194,81"
2019-06-28 13:02:00.000000000,BEST_ASK,"JPM,100262,69"
2019-06-28 13:02:00.000000000,LAST_TRADE,"3,$100262.0000"
2019-06-28 13:02:00.000000000,QUERY_SPREAD,98
2019-06-28 13:02:00.000000000,BEST_BID,"JPM,100194,81"
2019-06-28 13:02:00.000000000,BEST_ASK,"JPM,100262,64"
2019-06-28 13:02:00.000000000,LAST_TRADE,"5,$100262.0000"
2019-06-28 13:02:00.000000000,QUERY_SPREAD,99
2019-06-28 13:02:00.000000000,BEST_BID,"JPM,100194,81"
2019-06-28 13:02:00.000000000,BEST_ASK,"JPM,100262,60"
2019-06-28 13:02:00.000000000,LAST_TRADE,"4,$100262.0000"
2019-06-28 13:02:00.000000000,QUERY_SPREAD,100
2019-06-28 13:02:00.000000000,BEST_BID,"JPM,100194,81"
2019-06-28 13:02:00.000000000,BEST_ASK,"JPM,100262,55"
2019-06-28 13:02:00.000000000,LAST_TRADE,"5,$100262.0000"
2019-06-28 13:02:00.000000000,QUERY_SPREAD,101
2019-06-28 13:02:00.000000000,BEST_BID,"JPM,100194,80"
2019-06-28 13:02:00.000000000,BEST_ASK,"JPM,100262,55"
2019-06-28 13:02:00.000000000,LAST_TRADE,"1,$100194.0000"
2019-06-28 13:02:10.000000000,QUERY_SPREAD,1
2019-06-28 13:02:10.000000000,BEST_BID,"JPM,100194,99"
2019-06-28 13:02:10.000000000,BEST_ASK,"JPM,100383,100"
2019-06-28 13:02:10.000000000,BEST_BID,"JPM,100194,99"
2019-06-28 13:02:10.000000000,BEST_ASK,"JPM,100383,100"
2019-06-28 13:02:10.000000000,BEST_BID,"JPM,100194,99"
2019-06-28 13:02:10.000000000,BEST_ASK,"JPM,100383,100"
2019-06-28 13:02:10.000000000,BEST_BID,"JPM,100194,99"
2019-06-28 13:02:10.000000000,BEST_ASK,"JPM,100383,100"
2019-06-28 13:02:10.000000000,BEST_BID,"JPM,100194,99"
2019-06-28 13:02:10.000000000,BEST_ASK,"JPM,100383,193"
2019-06-28 13:02:10.000000000,BEST_BID,"JPM,100194,99"
2019-06-28 13:02:10.000000000,BEST_ASK,"JPM,100383,193"
2019-06-28 13:02:10.000000000,BEST_BID,"JPM,100194,99"
2019-06-28 13:02:10.000000000,BEST_ASK,"JPM,100383,193"
2019-06-28 13:02:10.000000000,BEST_BID,"JPM,100194,99"
2019-06-28 13:02:10.000000000,BEST_ASK,"JPM,100383,193"
2019-06-28 13:02:13.754640778,QUERY_SPREAD,35
2019-06-28 13:02:13.754640778,BEST_BID,"JPM,100194,99"
2019-06-28 13:02:13.754640778,BEST_ASK,"JPM,100383,193"
2019-06-28 13:02:16.522517151,QUERY_SPREAD,45
2019-06-28 13:02:16.522517151,BEST_BID,"JPM,100194,99"
2019-06-28 13:02:16.522517151,BEST_ASK,"JPM,100383,193"
2019-06-28 13:02:20.000000000,QUERY_SPREAD,1
2019-06-28 13:02:20.000000000,BEST_BID,"JPM,100194,132"
2019-06-28 13:02:20.000000000,BEST_ASK,"JPM,100383,100"
2019-06-28 13:02:20.000000000,BEST_BID,"JPM,100194,132"
2019-06-28 13:02:20.000000000,BEST_ASK,"JPM,100383,100"
2019-06-28 13:02:20.000000000,BEST_BID,"JPM,100194,132"
2019-06-28 13:02:20.000000000,BEST_ASK,"JPM,100383,100"
2019-06-28 13:02:20.000000000,BEST_BID,"JPM,100194,132"
2019-06-28 13:02:20.000000000,BEST_ASK,"JPM,100383,226"
2019-06-28 13:02:20.000000000,BEST_BID,"JPM,100194,132"
2019-06-28 13:02:20.000000000,BEST_ASK,"JPM,100383,226"
2019-06-28 13:02:20.000000000,BEST_BID,"JPM,100194,132"
2019-06-28 13:02:20.000000000,BEST_ASK,"JPM,100383,226"
2019-06-28 13:02:30.000000000,QUERY_SPREAD,1
2019-06-28 13:02:30.000000000,BEST_BID,"JPM,100194,132"
2019-06-28 13:02:30.000000000,BEST_ASK,"JPM,100383,100"
2019-06-28 13:02:30.000000000,BEST_BID,"JPM,100194,132"
2019-06-28 13:02:30.000000000,BEST_ASK,"JPM,100383,100"
2019-06-28 13:02:30.000000000,BEST_BID,"JPM,100194,132"
2019-06-28 13:02:30.000000000,BEST_ASK,"JPM,100383,100"
2019-06-28 13:02:30.000000000,BEST_BID,"JPM,100194,132"
2019-06-28 13:02:30.000000000,BEST_ASK,"JPM,100383,226"
2019-06-28 13:02:30.000000000,BEST_BID,"JPM,100194,132"
2019-06-28 13:02:30.000000000,BEST_ASK,"JPM,100383,226"
2019-06-28 13:02:30.000000000,BEST_BID,"JPM,100194,132"
2019-06-28 13:02:30.000000000,BEST_ASK,"JPM,100383,226"
2019-06-28 13:02:36.282922390,QUERY_ORDER_STREAM,54
2019-06-28 13:02:36.282922390,QUERY_SPREAD,54
2019-06-28 13:02:40.000000000,QUERY_SPREAD,1
2019-06-28 13:02:40.000000000,BEST_BID,"JPM,100194,377"
2019-06-28 13:02:40.000000000,BEST_ASK,"JPM,100383,100"
2019-06-28 13:02:40.000000000,BEST_BID,"JPM,100194,377"
2019-06-28 13:02:40.000000000,BEST_ASK,"JPM,100383,471"
2019-06-28 13:02:42.580338700,QUERY_SPREAD,20
2019-06-28 13:02:42.580338700,BEST_BID,"JPM,100194,377"
2019-06-28 13:02:42.580338700,BEST_ASK,"JPM,100383,471"
2019-06-28 13:02:46.478283927,QUERY_ORDER_STREAM,54
2019-06-28 13:02:46.478283927,QUERY_SPREAD,54
2019-06-28 13:02:46.478283927,BEST_BID,"JPM,100194,477"
2019-06-28 13:02:46.478283927,BEST_ASK,"JPM,100383,471"
2019-06-28 13:02:50.000000000,QUERY_SPREAD,1
2019-06-28 13:02:50.000000000,BEST_BID,"JPM,100194,180"
2019-06-28 13:02:50.000000000,BEST_ASK,"JPM,100383,100"
2019-06-28 13:02:50.000000000,BEST_BID,"JPM,100194,180"
2019-06-28 13:02:50.000000000,BEST_ASK,"JPM,100383,100"
2019-06-28 13:02:50.000000000,BEST_BID,"JPM,100194,180"
2019-06-28 13:02:50.000000000,BEST_ASK,"JPM,100383,100"
2019-06-28 13:02:50.000000000,BEST_BID,"JPM,100194,180"
2019-06-28 13:02:50.000000000,BEST_ASK,"JPM,100383,100"
2019-06-28 13:02:50.000000000,BEST_BID,"JPM,100194,180"
2019-06-28 13:02:50.000000000,BEST_ASK,"JPM,100383,100"
2019-06-28 13:02:50.000000000,BEST_BID,"JPM,100194,180"
2019-06-28 13:02:50.000000000,BEST_ASK,"JPM,100383,174"
2019-06-28 13:02:50.000000000,BEST_BID,"JPM,100194,180"
2019-06-28 13:02:50.000000000,BEST_ASK,"JPM,100383,174"
2019-06-28 13:02:50.000000000,BEST_BID,"JPM,100194,180"
2019-06-28 13:02:50.000000000,BEST_ASK,"JPM,100383,174"
2019-06-28 13:02:50.000000000,BEST_BID,"JPM,100194,180"
2019-06-28 13:02:50.000000000,BEST_ASK,"JPM,100383,174"
2019-06-28 13:02:50.000000000,BEST_BID,"JPM,100194,180"
2019-06-28 13:02:50.000000000,BEST_ASK,"JPM,100383,174"
2019-06-28 13:03:00.000000000,QUERY_SPREAD,1
2019-06-28 13:03:00.000000000,BEST_BID,"JPM,100194,477"
2019-06-28 13:03:00.000000000,BEST_ASK,"JPM,100383,100"
2019-06-28 13:03:00.000000000,BEST_BID,"JPM,100194,477"
2019-06-28 13:03:00.000000000,BEST_ASK,"JPM,100383,471"
2019-06-28 13:03:00.000000000,QUERY_SPREAD,77
2019-06-28 13:03:00.000000000,BEST_BID,"JPM,100194,477"
2019-06-28 13:03:00.000000000,BEST_ASK,"JPM,100383,466"
2019-06-28 13:03:00.000000000,LAST_TRADE,"5,$100383.0000"
2019-06-28 13:03:00.000000000,QUERY_SPREAD,78
2019-06-28 13:03:00.000000000,BEST_BID,"JPM,100194,477"
2019-06-28 13:03:00.000000000,BEST_ASK,"JPM,100383,458"
2019-06-28 13:03:00.000000000,LAST_TRADE,"8,$100383.0000"
2019-06-28 13:03:00.000000000,QUERY_SPREAD,79
2019-06-28 13:03:00.000000000,BEST_BID,"JPM,100194,477"
2019-06-28 13:03:00.000000000,BEST_ASK,"JPM,100383,453"
2019-06-28 13:03:00.000000000,LAST_TRADE,"5,$100383.0000"
2019-06-28 13:03:00.000000000,QUERY_SPREAD,80
2019-06-28 13:03:00.000000000,BEST_BID,"JPM,100194,477"
2019-06-28 13:03:00.000000000,BEST_ASK,"JPM,100383,445"
2019-06-28 13:03:00.000000000,LAST_TRADE,"8,$100383.0000"
2019-06-28 13:03:00.000000000,QUERY_SPREAD,81
2019-06-28 13:03:00.000000000,BEST_BID,"JPM,100194,477"
2019-06-28 13:03:00.000000000,BEST_ASK,"JPM,100383,436"
2019-06-28 13:03:00.000000000,LAST_TRADE,"9,$100383.0000"
2019-06-28 13:03:00.000000000,QUERY_SPREAD,82
2019-06-28 13:03:00.000000000,BEST_BID,"JPM,100194,477"
2019-06-28 13:03:00.000000000,BEST_ASK,"JPM,100383,433"
2019-06-28 13:03:00.000000000,LAST_TRADE,"3,$100383.0000"
2019-06-28 13:03:00.000000000,QUERY_SPREAD,83
2019-06-28 13:03:00.000000000,BEST_BID,"JPM,100194,477"
2019-06-28 13:03:00.000000000,BEST_ASK,"JPM,100383,425"
2019-06-28 13:03:00.000000000,LAST_TRADE,"8,$100383.0000"
2019-06-28 13:03:00.000000000,QUERY_SPREAD,84
2019-06-28 13:03:00.000000000,BEST_BID,"JPM,100194,477"
2019-06-28 13:03:00.000000000,BEST_ASK,"JPM,100383,421"
2019-06-28 13:03:00.000000000,LAST_TRADE,"4,$100383.0000"
2019-06-28 13:03:00.000000000,QUERY_SPREAD,85
2019-06-28 13:03:00.000000000,BEST_BID,"JPM,100194,477"
2019-06-28 13:03:00.000000000,BEST_ASK,"JPM,100383,416"
2019-06-28 13:03:00.000000000,LAST_TRADE,"5,$100383.0000"
2019-06-28 13:03:00.000000000,QUERY_SPREAD,86
2019-06-28 13:03:00.000000000,BEST_BID,"JPM,100194,477"
2019-06-28 13:03:00.000000000,BEST_ASK,"JPM,100383,414"
2019-06-28 13:03:00.000000000,LAST_TRADE,"2,$100383.0000"
2019-06-28 13:03:00.000000000,QUERY_SPREAD,87
2019-06-28 13:03:00.000000000,BEST_BID,"JPM,100194,477"
2019-06-28 13:03:00.000000000,BEST_ASK,"JPM,100383,407"
2019-06-28 13:03:00.000000000,LAST_TRADE,"7,$100383.0000"
2019-06-28 13:03:00.000000000,QUERY_SPREAD,88
2019-06-28 13:03:00.000000000,BEST_BID,"JPM,100194,477"
2019-06-28 13:03:00.000000000,BEST_ASK,"JPM,100383,399"
2019-06-28 13:03:00.000000000,LAST_TRADE,"8,$100383.0000"
2019-06-28 13:03:00.000000000,QUERY_SPREAD,89
2019-06-28 13:03:00.000000000,BEST_BID,"JPM,100194,477"
2019-06-28 13:03:00.000000000,BEST_ASK,"JPM,100383,394"
2019-06-28 13:03:00.000000000,LAST_TRADE,"5,$100383.0000"
2019-06-28 13:03:00.000000000,QUERY_SPREAD,90
2019-06-28 13:03:00.000000000,BEST_BID,"JPM,100194,477"
2019-06-28 13:03:00.000000000,BEST_ASK,"JPM,100383,390"
2019-06-28 13:03:00.000000000,LAST_TRADE,"4,$100383.0000"
2019-06-28 13:03:00.000000000,QUERY_SPREAD,91
2019-06-28 13:03:00.000000000,BEST_BID,"JPM,100194,477"
2019-06-28 13:03:00.000000000,BEST_ASK,"JPM,100383,387"
2019-06-28 13:03:00.000000000,LAST_TRADE,"3,$100383.0000"
2019-06-28 13:03:00.000000000,QUERY_SPREAD,92
2019-06-28 13:03:00.000000000,BEST_BID,"JPM,100194,477"
2019-06-28 13:03:00.000000000,BEST_ASK,"JPM,100383,382"
2019-06-28 13:03:00.000000000,LAST_TRADE,"5,$100383.0000"
2019-06-28 13:03:00.000000000,QUERY_SPREAD,93
2019-06-28 13:03:00.000000000,BEST_BID,"JPM,100194,477"
2019-06-28 13:03:00.000000000,BEST_ASK,"JPM,100383,375"
2019-06-28 13:03:00.000000000,LAST_TRADE,"7,$100383.0000"
2019-06-28 13:03:00.000000000,QUERY_SPREAD,94
2019-06-28 13:03:00.000000000,BEST_BID,"JPM,100194,477"
2019-06-28 13:03:00.000000000,BEST_ASK,"JPM,100383,374"
2019-06-28 13:03:00.000000000,LAST_TRADE,"1,$100383.0000"
2019-06-28 13:03:00.000000000,QUERY_SPREAD,95
2019-06-28 13:03:00.000000000,BEST_BID,"JPM,100194,477"
2019-06-28 13:03:00.000000000,BEST_ASK,"JPM,100383,373"
2019-06-28 13:03:00.000000000,LAST_TRADE,"1,$100383.0000"
2019-06-28 13:03:00.000000000,QUERY_SPREAD,96
2019-06-28 13:03:00.000000000,BEST_BID,"JPM,100194,477"
2019-06-28 13:03:00.000000000,BEST_ASK,"JPM,100383,369"
2019-06-28 13:03:00.000000000,LAST_TRADE,"4,$100383.0000"
2019-06-28 13:03:00.000000000,QUERY_SPREAD,97
2019-06-28 13:03:00.000000000,BEST_BID,"JPM,100194,477"
2019-06-28 13:03:00.000000000,BEST_ASK,"JPM,100383,366"
2019-06-28 13:03:00.000000000,LAST_TRADE,"3,$100383.0000"
2019-06-28 13:03:00.000000000,QUERY_SPREAD,98
2019-06-28 13:03:00.000000000,BEST_BID,"JPM,100194,477"
2019-06-28 13:03:00.000000000,BEST_ASK,"JPM,100383,361"
2019-06-28 13:03:00.000000000,LAST_TRADE,"5,$100383.0000"
2019-06-28 13:03:00.000000000,QUERY_SPREAD,99
2019-06-28 13:03:00.000000000,BEST_BID,"JPM,100194,477"
2019-06-28 13:03:00.000000000,BEST_ASK,"JPM,100383,357"
2019-06-28 13:03:00.000000000,LAST_TRADE,"4,$100383.0000"
2019-06-28 13:03:00.000000000,QUERY_SPREAD,100
2019-06-28 13:03:00.000000000,BEST_BID,"JPM,100194,477"
2019-06-28 13:03:00.000000000,BEST_ASK,"JPM,100383,352"
2019-06-28 13:03:00.000000000,LAST_TRADE,"5,$100383.0000"
2019-06-28 13:03:00.000000000,QUERY_SPREAD,101
2019-06-28 13:03:00.000000000,BEST_BID,"JPM,100194,476"
2019-06-28 13:03:00.000000000,BEST_ASK,"JPM,100383,352"
2019-06-28 13:03:00.000000000,LAST_TRADE,"1,$100194.0000"
2019-06-28 13:03:02.669250952,QUERY_SPREAD,19
2019-06-28 13:03:02.669250952,BEST_BID,"JPM,100194,476"
2019-06-28 13:03:02.669250952,BEST_ASK,"JPM,100383,252"
2019-06-28 13:03:02.669250952,LAST_TRADE,"100,$100383.0000"
2019-06-28 13:03:10.000000000,QUERY_SPREAD,1
2019-06-28 13:03:10.000000000,BEST_BID,"JPM,100194,198"
2019-06-28 13:03:10.000000000,BEST_ASK,"JPM,100616,100"
2019-06-28 13:03:10.000000000,BEST_BID,"JPM,100194,198"
2019-06-28 13:03:10.000000000,BEST_ASK,"JPM,100616,100"
2019-06-28 13:03:10.000000000,BEST_BID,"JPM,100194,198"
2019-06-28 13:03:10.000000000,BEST_ASK,"JPM,100616,100"
2019-06-28 13:03:10.000000000,BEST_BID,"JPM,100194,198"
2019-06-28 13:03:10.000000000,BEST_ASK,"JPM,100616,100"
2019-06-28 13:03:10.000000000,BEST_BID,"JPM,100194,198"
2019-06-28 13:03:10.000000000,BEST_ASK,"JPM,100616,193"
2019-06-28 13:03:10.000000000,BEST_BID,"JPM,100194,198"
2019-06-28 13:03:10.000000000,BEST_ASK,"JPM,100616,193"
2019-06-28 13:03:10.000000000,BEST_BID,"JPM,100194,198"
2019-06-28 13:03:10.000000000,BEST_ASK,"JPM,100616,193"
2019-06-28 13:03:10.000000000,BEST_BID,"JPM,100194,198"
2019-06-28 13:03:10.000000000,BEST_ASK,"JPM,100616,193"
2019-06-28 13:03:20.000000000,QUERY_SPREAD,1
2019-06-28 13:03:20.000000000,BEST_BID,"JPM,100194,179"
2019-06-28 13:03:20.000000000,BEST_ASK,"JPM,100616,100"
2019-06-28 13:03:20.000000000,BEST_BID,"JPM,100194,179"
2019-06-28 13:03:20.000000000,BEST_ASK,"JPM,100616,100"
2019-06-28 13:03:20.000000000,BEST_BID,"JPM,100194,179"
2019-06-28 13:03:20.000000000,BEST_ASK,"JPM,100616,100"
2019-06-28 13:03:20.000000000,BEST_BID,"JPM,100194,179"
2019-06-28 13:03:20.000000000,BEST_ASK,"JPM,100616,100"
2019-06-28 13:03:20.000000000,BEST_BID,"JPM,100194,179"
2019-06-28 13:03:20.000000000,BEST_ASK,"JPM,100616,100"
2019-06-28 13:03:20.000000000,BEST_BID,"JPM,100194,179"
2019-06-28 13:03:20.000000000,BEST_ASK,"JPM,100616,174"
2019-06-28 13:03:20.000000000,BEST_BID,"JPM,100194,179"
2019-06-28 13:03:20.000000000,BEST_ASK,"JPM,100616,174"
2019-06-28 13:03:20.000000000,BEST_BID,"JPM,100194,179"
2019-06-28 13:03:20.000000000,BEST_ASK,"JPM,100616,174"
2019-06-28 13:03:20.000000000,BEST_BID,"JPM,100194,179"
2019-06-28 13:03:20.000000000,BEST_ASK,"JPM,100616,174"
2019-06-28 13:03:20.000000000,BEST_BID,"JPM,100194,179"
2019-06-28 13:03:20.000000000,BEST_ASK,"JPM,100616,174"
2019-06-28 13:03:30.000000000,QUERY_SPREAD,1
2019-06-28 13:03:30.000000000,BEST_BID,"JPM,100194,291"
2019-06-28 13:03:30.000000000,BEST_ASK,"JPM,100616,100"
2019-06-28 13:03:30.000000000,BEST_BID,"JPM,100194,291"
2019-06-28 13:03:30.000000000,BEST_ASK,"JPM,100616,100"
2019-06-28 13:03:30.000000000,BEST_BID,"JPM,100194,291"
2019-06-28 13:03:30.000000000,BEST_ASK,"JPM,100616,286"
2019-06-28 13:03:30.000000000,BEST_BID,"JPM,100194,291"
2019-06-28 13:03:30.000000000,BEST_ASK,"JPM,100616,286"
2019-06-28 13:03:33.899188767,QUERY_ORDER_STREAM,57
2019-06-28 13:03:33.899188767,QUERY_SPREAD,57
2019-06-28 13:03:33.899188767,BEST_BID,"JPM,100194,391"
2019-06-28 13:03:33.899188767,BEST_ASK,"JPM,100616,286"
2019-06-28 13:03:40.000000000,QUERY_SPREAD,1
2019-06-28 13:03:40.000000000,BEST_BID,"JPM,100194,391"
2019-06-28 13:03:40.000000000,BEST_ASK,"JPM,100616,100"
2019-06-28 13:03:40.000000000,BEST_BID,"JPM,100194,391"
2019-06-28 13:03:40.000000000,BEST_ASK,"JPM,100616,100"
2019-06-28 13:03:40.000000000,BEST_BID,"JPM,100194,391"
2019-06-28 13:03:40.000000000,BEST_ASK,"JPM,100616,286"
2019-06-28 13:03:40.000000000,BEST_BID,"JPM,100194,391"
2019-06-28 13:03:40.000000000,BEST_ASK,"JPM,100616,286"
2019-06-28 13:03:50.000000000,QUERY_SPREAD,1
2019-06-28 13:03:50.000000000,BEST_BID,"JPM,100194,279"
2019-06-28 13:03:50.000000000,BEST_ASK,"JPM,100616,100"
2019-06-28 13:03:50.000000000,BEST_BID,"JPM,100194,279"
2019-06-28 13:03:50.000000000,BEST_ASK,"JPM,100616,100"
2019-06-28 13:03:50.000000000,BEST_BID,"JPM,100194,279"
2019-06-28 13:03:50.000000000,BEST_ASK,"JPM,100616,100"
2019-06-28 13:03:50.000000000,BEST_BID,"JPM,100194,279"
2019-06-28 13:03:50.000000000,BEST_ASK,"JPM,100616,100"
2019-06-28 13:03:50.000000000,BEST_BID,"JPM,100194,279"
2019-06-28 13:03:50.000000000,BEST_ASK,"JPM,100616,100"
2019-06-28 13:03:50.000000000,BEST_BID,"JPM,100194,279"
2019-06-28 13:03:50.000000000,BEST_ASK,"JPM,100616,174"
2019-06-28 13:03:50.000000000,BEST_BID,"JPM,100194,279"
2019-06-28 13:03:50.000000000,BEST_ASK,"JPM,100616,174"
2019-06-28 13:03:50.000000000,BEST_BID,"JPM,100194,279"
2019-06-28 13:03:50.000000000,BEST_ASK,"JPM,100616,174"
2019-06-28 13:03:50.000000000,BEST_BID,"JPM,100194,279"
2019-06-28 13:03:50.000000000,BEST_ASK,"JPM,100616,174"
2019-06-28 13:03:50.000000000,BEST_BID,"JPM,100194,279"
2019-06-28 13:03:50.000000000,BEST_ASK,"JPM,100616,174"
2019-06-28 13:04:00.000000000,QUERY_SPREAD,1
2019-06-28 13:04:00.000000000,BEST_BID,"JPM,100194,576"
2019-06-28 13:04:00.000000000,BEST_ASK,"JPM,100616,100"
2019-06-28 13:04:00.000000000,BEST_BID,"JPM,100194,576"
2019-06-28 13:04:00.000000000,BEST_ASK,"JPM,100616,471"
2019-06-28 13:04:00.000000000,QUERY_SPREAD,77
2019-06-28 13:04:00.000000000,BEST_BID,"JPM,100194,576"
2019-06-28 13:04:00.000000000,BEST_ASK,"JPM,100616,466"
2019-06-28 13:04:00.000000000,LAST_TRADE,"5,$100616.0000"
2019-06-28 13:04:00.000000000,QUERY_SPREAD,78
2019-06-28 13:04:00.000000000,BEST_BID,"JPM,100194,576"
2019-06-28 13:04:00.000000000,BEST_ASK,"JPM,100616,458"
2019-06-28 13:04:00.000000000,LAST_TRADE,"8,$100616.0000"
2019-06-28 13:04:00.000000000,QUERY_SPREAD,79
2019-06-28 13:04:00.000000000,BEST_BID,"JPM,100194,576"
2019-06-28 13:04:00.000000000,BEST_ASK,"JPM,100616,453"
2019-06-28 13:04:00.000000000,LAST_TRADE,"5,$100616.0000"
2019-06-28 13:04:00.000000000,QUERY_SPREAD,80
2019-06-28 13:04:00.000000000,BEST_BID,"JPM,100194,576"
2019-06-28 13:04:00.000000000,BEST_ASK,"JPM,100616,445"
2019-06-28 13:04:00.000000000,LAST_TRADE,"8,$100616.0000"
2019-06-28 13:04:00.000000000,QUERY_SPREAD,81
2019-06-28 13:04:00.000000000,BEST_BID,"JPM,100194,576"
2019-06-28 13:04:00.000000000,BEST_ASK,"JPM,100616,436"
2019-06-28 13:04:00.000000000,LAST_TRADE,"9,$100616.0000"
2019-06-28 13:04:00.000000000,QUERY_SPREAD,82
2019-06-28 13:04:00.000000000,BEST_BID,"JPM,100194,576"
2019-06-28 13:04:00.000000000,BEST_ASK,"JPM,100616,433"
2019-06-28 13:04:00.000000000,LAST_TRADE,"3,$100616.0000"
2019-06-28 13:04:00.000000000,QUERY_SPREAD,83
2019-06-28 13:04:00.000000000,BEST_BID,"JPM,100194,576"
2019-06-28 13:04:00.000000000,BEST_ASK,"JPM,100616,425"
2019-06-28 13:04:00.000000000,LAST_TRADE,"8,$100616.0000"
2019-06-28 13:04:00.000000000,QUERY_SPREAD,84
2019-06-28 13:04:00.000000000,BEST_BID,"JPM,100194,576"
2019-06-28 13:04:00.000000000,BEST_ASK,"JPM,100616,421"
2019-06-28 13:04:00.000000000,LAST_TRADE,"4,$100616.0000"
2019-06-28 13:04:00.000000000,QUERY_SPREAD,85
2019-06-28 13:04:00.000000000,BEST_BID,"JPM,100194,576"
2019-06-28 13:04:00.000000000,BEST_ASK,"JPM,100616,416"
2019-06-28 13:04:00.000000000,LAST_TRADE,"5,$100616.0000"
2019-06-28 13:04:00.000000000,QUERY_SPREAD,86
2019-06-28 13:04:00.000000000,BEST_BID,"JPM,100194,576"
2019-06-28 13:04:00.000000000,BEST_ASK,"JPM,100616,414"
2019-06-28 13:04:00.000000000,LAST_TRADE,"2,$100616.0000"
2019-06-28 13:04:00.000000000,QUERY_SPREAD,87
2019-06-28 13:04:00.000000000,BEST_BID,"JPM,100194,576"
2019-06-28 13:04:00.000000000,BEST_ASK,"JPM,100616,407"
2019-06-28 13:04:00.000000000,LAST_TRADE,"7,$100616.0000"
2019-06-28 13:04:00.000000000,QUERY_SPREAD,88
2019-06-28 13:04:00.000000000,BEST_BID,"JPM,100194,576"
2019-06-28 13:04:00.000000000,BEST_ASK,"JPM,100616,399"
2019-06-28 13:04:00.000000000,LAST_TRADE,"8,$100616.0000"
2019-06-28 13:04:00.000000000,QUERY_SPREAD,89
2019-06-28 13:04:00.000000000,BEST_BID,"JPM,100194,576"
2019-06-28 13:04:00.000000000,BEST_ASK,"JPM,100616,394"
2019-06-28 13:04:00.000000000,LAST_TRADE,"5,$100616.0000"
2019-06-28 13:04:00.000000000,QUERY_SPREAD,90
2019-06-28 13:04:00.000000000,BEST_BID,"JPM,100194,576"
2019-06-28 13:04:00.000000000,BEST_ASK,"JPM,100616,390"
2019-06-28 13:04:00.000000000,LAST_TRADE,"4,$100616.0000"
2019-06-28 13:04:00.000000000,QUERY_SPREAD,91
2019-06-28 13:04:00.000000000,BEST_BID,"JPM,100194,576"
2019-06-28 13:04:00.000000000,BEST_ASK,"JPM,100616,387"
2019-06-28 13:04:00.000000000,LAST_TRADE,"3,$100616.0000"
2019-06-28 13:04:00.000000000,QUERY_SPREAD,92
2019-06-28 13:04:00.000000000,BEST_BID,"JPM,100194,576"
2019-06-28 13:04:00.000000000,BEST_ASK,"JPM,100616,382"
2019-06-28 13:04:00.000000000,LAST_TRADE,"5,$100616.0000"
2019-06-28 13:04:00.000000000,QUERY_SPREAD,93
2019-06-28 13:04:00.000000000,BEST_BID,"JPM,100194,576"
2019-06-28 13:04:00.000000000,BEST_ASK,"JPM,100616,375"
2019-06-28 13:04:00.000000000,LAST_TRADE,"7,$100616.0000"
2019-06-28 13:04:00.000000000,QUERY_SPREAD,94
2019-06-28 13:04:00.000000000,BEST_BID,"JPM,100194,576"
2019-06-28 13:04:00.000000000,BEST_ASK,"JPM,100616,374"
2019-06-28 13:04:00.000000000,LAST_TRADE,"1,$100616.0000"
2019-06-28 13:04:00.000000000,QUERY_SPREAD,95
2019-06-28 13:04:00.000000000,BEST_BID,"JPM,100194,576"
2019-06-28 13:04:00.000000000,BEST_ASK,"JPM,100616,373"
2019-06-28 13:04:00.000000000,LAST_TRADE,"1,$100616.0000"
2019-06-28 13:04:00.000000000,QUERY_SPREAD,96
2019-06-28 13:04:00.000000000,BEST_BID,"JPM,100194,576"
2019-06-28 13:04:00.000000000,BEST_ASK,"JPM,100616,369"
2019-06-28 13:04:00.000000000,LAST_TRADE,"4,$100616.0000"
2019-06-28 13:04:00.000000000,QUERY_SPREAD,97
2019-06-28 13:04:00.000000000,BEST_BID,"JPM,100194,576"
2019-06-28 13:04:00.000000000,BEST_ASK,"JPM,100616,366"
2019-06-28 13:04:00.000000000,LAST_TRADE,"3,$100616.0000"
2019-06-28 13:04:00.000000000,QUERY_SPREAD,98
2019-06-28 13:04:00.000000000,BEST_BID,"JPM,100194,576"
2019-06-28 13:04:00.000000000,BEST_ASK,"JPM,100616,361"
2019-06-28 13:04:00.000000000,LAST_TRADE,"5,$100616.0000"
2019-06-28 13:04:00.000000000,QUERY_SPREAD,99
2019-06-28 13:04:00.000000000,BEST_BID,"JPM,100194,576"
2019-06-28 13:04:00.000000000,BEST_ASK,"JPM,100616,357"
2019-06-28 13:04:00.000000000,LAST_TRADE,"4,$100616.0000"
2019-06-28 13:04:00.000000000,QUERY_SPREAD,100
2019-06-28 13:04:00.000000000,BEST_BID,"JPM,100194,576"
2019-06-28 13:04:00.000000000,BEST_ASK,"JPM,100616,352"
2019-06-28 13:04:00.000000000,LAST_TRADE,"5,$100616.0000"
2019-06-28 13:04:00.000000000,QUERY_SPREAD,101
2019-06-28 13:04:00.000000000,BEST_BID,"JPM,100194,575"
2019-06-28 13:04:00.000000000,BEST_ASK,"JPM,100616,352"
2019-06-28 13:04:00.000000000,LAST_TRADE,"1,$100194.0000"
2019-06-28 13:04:10.000000000,QUERY_SPREAD,1
2019-06-28 13:04:10.000000000,BEST_BID,"JPM,100194,297"
2019-06-28 13:04:10.000000000,BEST_ASK,"JPM,100711,100"
2019-06-28 13:04:10.000000000,BEST_BID,"JPM,100194,297"
2019-06-28 13:04:10.000000000,BEST_ASK,"JPM,100711,100"
2019-06-28 13:04:10.000000000,BEST_BID,"JPM,100194,297"
2019-06-28 13:04:10.000000000,BEST_ASK,"JPM,100711,100"
2019-06-28 13:04:10.000000000,BEST_BID,"JPM,100194,297"
2019-06-28 13:04:10.000000000,BEST_ASK,"JPM,100711,100"
2019-06-28 13:04:10.000000000,BEST_BID,"JPM,100194,297"
2019-06-28 13:04:10.000000000,BEST_ASK,"JPM,100711,193"
2019-06-28 13:04:10.000000000,BEST_BID,"JPM,100194,297"
2019-06-28 13:04:10.000000000,BEST_ASK,"JPM,100711,193"
2019-06-28 13:04:10.000000000,BEST_BID,"JPM,100194,297"
2019-06-28 13:04:10.000000000,BEST_ASK,"JPM,100711,193"
2019-06-28 13:04:10.000000000,BEST_BID,"JPM,100194,297"
2019-06-28 13:04:10.000000000,BEST_ASK,"JPM,100711,193"
2019-06-28 13:04:20.000000000,QUERY_SPREAD,1
2019-06-28 13:04:20.000000000,BEST_BID,"JPM,100194,297"
2019-06-28 13:04:20.000000000,BEST_ASK,"JPM,100711,100"
2019-06-28 13:04:20.000000000,BEST_BID,"JPM,100194,297"
2019-06-28 13:04:20.000000000,BEST_ASK,"JPM,100711,100"
2019-06-28 13:04:20.000000000,BEST_BID,"JPM,100194,297"
2019-06-28 13:04:20.000000000,BEST_ASK,"JPM,100711,100"
2019-06-28 13:04:20.000000000,BEST_BID,"JPM,100194,297"
2019-06-28 13:04:20.000000000,BEST_ASK,"JPM,100711,100"
2019-06-28 13:04:20.000000000,BEST_BID,"JPM,100194,297"
2019-06-28 13:04:20.000000000,BEST_ASK,"JPM,100711,193"
2019-06-28 13:04:20.000000000,BEST_BID,"JPM,100194,297"
2019-06-28 13:04:20.000000000,BEST_ASK,"JPM,100711,193"
2019-06-28 13:04:20.000000000,BEST_BID,"JPM,100194,297"
2019-06-28 13:04:20.000000000,BEST_ASK,"JPM,100711,193"
2019-06-28 13:04:20.000000000,BEST_BID,"JPM,100194,297"
2019-06-28 13:04:20.000000000,BEST_ASK,"JPM,100711,193"
2019-06-28 13:04:30.000000000,QUERY_SPREAD,1
2019-06-28 13:04:30.000000000,BEST_BID,"JPM,100194,330"
2019-06-28 13:04:30.000000000,BEST_ASK,"JPM,100711,100"
2019-06-28 13:04:30.000000000,BEST_BID,"JPM,100194,330"
2019-06-28 13:04:30.000000000,BEST_ASK,"JPM,100711,100"
2019-06-28 13:04:30.000000000,BEST_BID,"JPM,100194,330"
2019-06-28 13:04:30.000000000,BEST_ASK,"JPM,100711,100"
2019-06-28 13:04:30.000000000,BEST_BID,"JPM,100194,330"
2019-06-28 13:04:30.000000000,BEST_ASK,"JPM,100711,226"
2019-06-28 13:04:30.000000000,BEST_BID,"JPM,100194,330"
2019-06-28 13:04:30.000000000,BEST_ASK,"JPM,100711,226"
2019-06-28 13:04:30.000000000,BEST_BID,"JPM,100194,330"
2019-06-28 13:04:30.000000000,BEST_ASK,"JPM,100711,226"
2019-06-28 13:04:40.000000000,QUERY_SPREAD,1
2019-06-28 13:04:40.000000000,BEST_BID,"JPM,100194,575"
2019-06-28 13:04:40.000000000,BEST_ASK,"JPM,100711,100"
2019-06-28 13:04:40.000000000,BEST_BID,"JPM,100194,575"
2019-06-28 13:04:40.000000000,BEST_ASK,"JPM,100711,471"
2019-06-28 13:04:50.000000000,QUERY_SPREAD,1
2019-06-28 13:04:50.000000000,BEST_BID,"JPM,100194,297"
2019-06-28 13:04:50.000000000,BEST_ASK,"JPM,100711,100"
2019-06-28 13:04:50.000000000,BEST_BID,"JPM,100194,297"
2019-06-28 13:04:50.000000000,BEST_ASK,"JPM,100711,100"
2019-06-28 13:04:50.000000000,BEST_BID,"JPM,100194,297"
2019-06-28 13:04:50.000000000,BEST_ASK,"JPM,100711,100"
2019-06-28 13:04:50.000000000,BEST_BID,"JPM,100194,297"
2019-06-28 13:04:50.000000000,BEST_ASK,"JPM,100711,100"
2019-06-28 13:04:50.000000000,BEST_BID,"JPM,100194,297"
2019-06-28 13:04:50.000000000,BEST_ASK,"JPM,100711,193"
2019-06-28 13:04:50.000000000,BEST_BID,"JPM,100194,297"
2019-06-28 13:04:50.000000000,BEST_ASK,"JPM,100711,193"
2019-06-28 13:04:50.000000000,BEST_BID,"JPM,100194,297"
2019-06-28 13:04:50.000000000,BEST_ASK,"JPM,100711,193"
2019-06-28 13:04:50.000000000,BEST_BID,"JPM,100194,297"
2019-06-28 13:04:50.000000000,BEST_ASK,"JPM,100711,193"
2019-06-28 13:05:00.000000000,QUERY_SPREAD,1
2019-06-28 13:05:00.000000000,BEST_BID,"JPM,100194,330"
2019-06-28 13:05:00.000000000,BEST_ASK,"JPM,100711,100"
2019-06-28 13:05:00.000000000,BEST_BID,"JPM,100194,330"
2019-06-28 13:05:00.000000000,BEST_ASK,"JPM,100711,100"
2019-06-28 13:05:00.000000000,BEST_BID,"JPM,100194,330"
2019-06-28 13:05:00.000000000,BEST_ASK,"JPM,100711,100"
2019-06-28 13:05:00.000000000,BEST_BID,"JPM,100194,330"
2019-06-28 13:05:00.000000000,BEST_ASK,"JPM,100711,226"
2019-06-28 13:05:00.000000000,BEST_BID,"JPM,100194,330"
2019-06-28 13:05:00.000000000,BEST_ASK,"JPM,100711,226"
2019-06-28 13:05:00.000000000,BEST_BID,"JPM,100194,330"
2019-06-28 13:05:00.000000000,BEST_ASK,"JPM,100711,226"
2019-06-28 13:05:00.000000000,QUERY_SPREAD,77
2019-06-28 13:05:00.000000000,BEST_BID,"JPM,100194,330"
2019-06-28 13:05:00.000000000,BEST_ASK,"JPM,100711,221"
2019-06-28 13:05:00.000000000,LAST_TRADE,"5,$100711.0000"
2019-06-28 13:05:00.000000000,QUERY_SPREAD,78
2019-06-28 13:05:00.000000000,BEST_BID,"JPM,100194,330"
2019-06-28 13:05:00.000000000,BEST_ASK,"JPM,100711,213"
2019-06-28 13:05:00.000000000,LAST_TRADE,"8,$100711.0000"
2019-06-28 13:05:00.000000000,QUERY_SPREAD,79
2019-06-28 13:05:00.000000000,BEST_BID,"JPM,100194,330"
2019-06-28 13:05:00.000000000,BEST_ASK,"JPM,100711,208"
2019-06-28 13:05:00.000000000,LAST_TRADE,"5,$100711.0000"
2019-06-28 13:05:00.000000000,QUERY_SPREAD,80
2019-06-28 13:05:00.000000000,BEST_BID,"JPM,100194,330"
2019-06-28 13:05:00.000000000,BEST_ASK,"JPM,100711,200"
2019-06-28 13:05:00.000000000,LAST_TRADE,"8,$100711.0000"
2019-06-28 13:05:00.000000000,QUERY_SPREAD,81
2019-06-28 13:05:00.000000000,BEST_BID,"JPM,100194,330"
2019-06-28 13:05:00.000000000,BEST_ASK,"JPM,100711,191"
2019-06-28 13:05:00.000000000,LAST_TRADE,"9,$100711.0000"
2019-06-28 13:05:00.000000000,QUERY_SPREAD,82
2019-06-28 13:05:00.000000000,BEST_BID,"JPM,100194,330"
2019-06-28 13:05:00.000000000,BEST_ASK,"JPM,100711,188"
2019-06-28 13:05:00.000000000,LAST_TRADE,"3,$100711.0000"
2019-06-28 13:05:00.000000000,QUERY_SPREAD,83
2019-06-28 13:05:00.000000000,BEST_BID,"JPM,100194,330"
2019-06-28 13:05:00.000000000,BEST_ASK,"JPM,100711,180"
2019-06-28 13:05:00.000000000,LAST_TRADE,"8,$100711.0000"
2019-06-28 13:05:00.000000000,QUERY_SPREAD,84
2019-06-28 13:05:00.000000000,BEST_BID,"JPM,100194,330"
2019-06-28 13:05:00.000000000,BEST_ASK,"JPM,100711,176"
2019-06-28 13:05:00.000000000,LAST_TRADE,"4,$100711.0000"
2019-06-28 13:05:00.000000000,QUERY_SPREAD,85
2019-06-28 13:05:00.000000000,BEST_BID,"JPM,100194,330"
2019-06-28 13:05:00.000000000,BEST_ASK,"JPM,100711,171"
2019-06-28 13:05:00.000000000,LAST_TRADE,"5,$100711.0000"
2019-06-28 13:05:00.000000000,QUERY_SPREAD,86
2019-06-28 13:05:00.000000000,BEST_BID,"JPM,100194,330"
2019-06-28 13:05:00.000000000,BEST_ASK,"JPM,100711,169"
2019-06-28 13:05:00.000000000,LAST_TRADE,"2,$100711.0000"
2019-06-28 13:05:00.000000000,QUERY_SPREAD,87
2019-06-28 13:05:00.000000000,BEST_BID,"JPM,100194,330"
2019-06-28 13:05:00.000000000,BEST_ASK,"JPM,100711,162"
2019-06-28 13:05:00.000000000,LAST_TRADE,"7,$100711.0000"
2019-06-28 13:05:00.000000000,QUERY_SPREAD,88
2019-06-28 13:05:00.000000000,BEST_BID,"JPM,100194,330"
2019-06-28 13:05:00.000000000,BEST_ASK,"JPM,100711,154"
2019-06-28 13:05:00.000000000,LAST_TRADE,"8,$100711.0000"
2019-06-28 13:05:00.000000000,QUERY_SPREAD,89
2019-06-28 13:05:00.000000000,BEST_BID,"JPM,100194,330"
2019-06-28 13:05:00.000000000,BEST_ASK,"JPM,100711,149"
2019-06-28 13:05:00.000000000,LAST_TRADE,"5,$100711.0000"
2019-06-28 13:05:00.000000000,QUERY_SPREAD,90
2019-06-28 13:05:00.000000000,BEST_BID,"JPM,100194,330"
2019-06-28 13:05:00.000000000,BEST_ASK,"JPM,100711,145"
2019-06-28 13:05:00.000000000,LAST_TRADE,"4,$100711.0000"
2019-06-28 13:05:00.000000000,QUERY_SPREAD,91
2019-06-28 13:05:00.000000000,BEST_BID,"JPM,100194,330"
2019-06-28 13:05:00.000000000,BEST_ASK,"JPM,100711,142"
2019-06-28 13:05:00.000000000,LAST_TRADE,"3,$100711.0000"
2019-06-28 13:05:00.000000000,QUERY_SPREAD,92
2019-06-28 13:05:00.000000000,BEST_BID,"JPM,100194,330"
2019-06-28 13:05:00.000000000,BEST_ASK,"JPM,100711,137"
2019-06-28 13:05:00.000000000,LAST_TRADE,"5,$100711.0000"
2019-06-28 13:05:00.000000000,QUERY_SPREAD,93
2019-06-28 13:05:00.000000000,BEST_BID,"JPM,100194,330"
2019-06-28 13:05:00.000000000,BEST_ASK,"JPM,100711,130"
2019-06-28 13:05:00.000000000,LAST_TRADE,"7,$100711.0000"
2019-06-28 13:05:00.000000000,QUERY_SPREAD,94
2019-06-28 13:05:00.000000000,BEST_BID,"JPM,100194,330"
2019-06-28 13:05:00.000000000,BEST_ASK,"JPM,100711,129"
2019-06-28 13:05:00.000000000,LAST_TRADE,"1,$100711.0000"
2019-06-28 13:05:00.000000000,QUERY_SPREAD,95
2019-06-28 13:05:00.000000000,BEST_BID,"JPM,100194,330"
2019-06-28 13:05:00.000000000,BEST_ASK,"JPM,100711,128"
2019-06-28 13:05:00.000000000,LAST_TRADE,"1,$100711.0000"
2019-06-28 13:05:00.000000000,QUERY_SPREAD,96
2019-06-28 13:05:00.000000000,BEST_BID,"JPM,100194,330"
2019-06-28 13:05:00.000000000,BEST_ASK,"JPM,100711,124"
2019-06-28 13:05:00.000000000,LAST_TRADE,"4,$100711.0000"
2019-06-28 13:05:00.000000000,QUERY_SPREAD,97
2019-06-28 13:05:00.000000000,BEST_BID,"JPM,100194,330"
2019-06-28 13:05:00.000000000,BEST_ASK,"JPM,100711,121"
2019-06-28 13:05:00.000000000,LAST_TRADE,"3,$100711.0000"
2019-06-28 13:05:00.000000000,QUERY_SPREAD,98
2019-06-28 13:05:00.000000000,BEST_BID,"JPM,100194,330"
2019-06-28 13:05:00.000000000,BEST_ASK,"JPM,100711,116"
2019-06-28 13:05:00.000000000,LAST_TRADE,"5,$100711.0000"
2019-06-28 13:05:00.000000000,QUERY_SPREAD,99
2019-06-28 13:05:00.000000000,BEST_BID,"JPM,100194,330"
2019-06-28 13:05:00.000000000,BEST_ASK,"JPM,100711,112"
2019-06-28 13:05:00.000000000,LAST_TRADE,"4,$100711.0000"
2019-06-28 13:05:00.000000000,QUERY_SPREAD,100
2019-06-28 13:05:00.000000000,BEST_BID,"JPM,100194,330"
2019-06-28 13:05:00.000000000,BEST_ASK,"JPM,100711,107"
2019-06-28 13:05:00.000000000,LAST_TRADE,"5,$100711.0000"
2019-06-28 13:05:00.000000000,QUERY_SPREAD,101
2019-06-28 13:05:00.000000000,BEST_BID,"JPM,100194,329"
2019-06-28 13:05:00.000000000,BEST_ASK,"JPM,100711,107"
2019-06-28 13:05:00.000000000,LAST_TRADE,"1,$100194.0000"
2019-06-28 13:05:00.254524649,QUERY_SPREAD,7
2019-06-28 13:05:00.254524649,BEST_BID,"JPM,100194,329"
2019-06-28 13:05:00.254524649,BEST_ASK,"JPM,100711,107"
2019-06-28 13:05:10.000000000,QUERY_SPREAD,1
2019-06-28 13:05:10.000000000,BEST_BID,"JPM,100194,389"
2019-06-28 13:05:10.000000000,BEST_ASK,"JPM,100739,100"
2019-06-28 13:05:10.000000000,BEST_BID,"JPM,100194,389"
2019-06-28 13:05:10.000000000,BEST_ASK,"JPM,100739,100"
2019-06-28 13:05:10.000000000,BEST_BID,"JPM,100194,389"
2019-06-28 13:05:10.000000000,BEST_ASK,"JPM,100739,286"
2019-06-28 13:05:10.000000000,BEST_BID,"JPM,100194,389"
2019-06-28 13:05:10.000000000,BEST_ASK,"JPM,100739,286"
2019-06-28 13:05:11.089044007,QUERY_SPREAD,35
2019-06-28 13:05:11.089044007,BEST_BID,"JPM,100194,389"
2019-06-28 13:05:11.089044007,BEST_ASK,"JPM,100739,186"
2019-06-28 13:05:11.089044007,LAST_TRADE,"100,$100739.0000"
2019-06-28 13:05:20.000000000,QUERY_SPREAD,1
2019-06-28 13:05:20.000000000,BEST_BID,"JPM,100194,277"
2019-06-28 13:05:20.000000000,BEST_ASK,"JPM,100744,100"
2019-06-28 13:05:20.000000000,BEST_BID,"JPM,100194,277"
2019-06-28 13:05:20.000000000,BEST_ASK,"JPM,100744,100"
2019-06-28 13:05:20.000000000,BEST_BID,"JPM,100194,277"
2019-06-28 13:05:20.000000000,BEST_ASK,"JPM,100744,100"
2019-06-28 13:05:20.000000000,BEST_BID,"JPM,100194,277"
2019-06-28 13:05:20.000000000,BEST_ASK,"JPM,100744,100"
2019-06-28 13:05:20.000000000,BEST_BID,"JPM,100194,277"
2019-06-28 13:05:20.000000000,BEST_ASK,"JPM,100744,100"
2019-06-28 13:05:20.000000000,BEST_BID,"JPM,100194,277"
2019-06-28 13:05:20.000000000,BEST_ASK,"JPM,100744,174"
2019-06-28 13:05:20.000000000,BEST_BID,"JPM,100194,277"
2019-06-28 13:05:20.000000000,BEST_ASK,"JPM,100744,174"
2019-06-28 13:05:20.000000000,BEST_BID,"JPM,100194,277"
2019-06-28 13:05:20.000000000,BEST_ASK,"JPM,100744,174"
2019-06-28 13:05:20.000000000,BEST_BID,"JPM,100194,277"
2019-06-28 13:05:20.000000000,BEST_ASK,"JPM,100744,174"
2019-06-28 13:05:20.000000000,BEST_BID,"JPM,100194,277"
2019-06-28 13:05:20.000000000,BEST_ASK,"JPM,100744,174"
2019-06-28 13:05:30.000000000,QUERY_SPREAD,1
2019-06-28 13:05:30.000000000,BEST_BID,"JPM,100194,389"
2019-06-28 13:05:30.000000000,BEST_ASK,"JPM,100744,100"
2019-06-28 13:05:30.000000000,BEST_BID,"JPM,100194,389"
2019-06-28 13:05:30.000000000,BEST_ASK,"JPM,100744,100"
2019-06-28 13:05:30.000000000,BEST_BID,"JPM,100194,389"
2019-06-28 13:05:30.000000000,BEST_ASK,"JPM,100744,286"
2019-06-28 13:05:30.000000000,BEST_BID,"JPM,100194,389"
2019-06-28 13:05:30.000000000,BEST_ASK,"JPM,100744,286"
2019-06-28 13:05:36.654417897,QUERY_ORDER_STREAM,68
2019-06-28 13:05:36.654417897,QUERY_SPREAD,68
2019-06-28 13:05:40.000000000,QUERY_SPREAD,1
2019-06-28 13:05:40.000000000,BEST_BID,"JPM,100194,574"
2019-06-28 13:05:40.000000000,BEST_ASK,"JPM,100744,100"
2019-06-28 13:05:40.000000000,BEST_BID,"JPM,100194,574"
2019-06-28 13:05:40.000000000,BEST_ASK,"JPM,100744,471"
2019-06-28 13:05:50.000000000,QUERY_SPREAD,1
2019-06-28 13:05:50.000000000,BEST_BID,"JPM,100194,389"
2019-06-28 13:05:50.000000000,BEST_ASK,"JPM,100744,100"
2019-06-28 13:05:50.000000000,BEST_BID,"JPM,100194,389"
2019-06-28 13:05:50.000000000,BEST_ASK,"JPM,100744,100"
2019-06-28 13:05:50.000000000,BEST_BID,"JPM,100194,389"
2019-06-28 13:05:50.000000000,BEST_ASK,"JPM,100744,286"
2019-06-28 13:05:50.000000000,BEST_BID,"JPM,100194,389"
2019-06-28 13:05:50.000000000,BEST_ASK,"JPM,100744,286"
2019-06-28 13:05:53.354042392,QUERY_SPREAD,35
2019-06-28 13:05:53.354042392,BEST_BID,"JPM,100194,389"
2019-06-28 13:05:53.354042392,BEST_ASK,"JPM,100744,186"
2019-06-28 13:05:53.354042392,LAST_TRADE,"100,$100744.0000"
2019-06-28 13:06:00.000000000,QUERY_SPREAD,1
2019-06-28 13:06:00.000000000,BEST_BID,"JPM,100194,389"
2019-06-28 13:06:00.000000000,BEST_ASK,"JPM,100806,100"
2019-06-28 13:06:00.000000000,BEST_BID,"JPM,100194,389"
2019-06-28 13:06:00.000000000,BEST_ASK,"JPM,100806,100"
2019-06-28 13:06:00.000000000,BEST_BID,"JPM,100194,389"
2019-06-28 13:06:00.000000000,BEST_ASK,"JPM,100806,286"
2019-06-28 13:06:00.000000000,BEST_BID,"JPM,100194,389"
2019-06-28 13:06:00.000000000,BEST_ASK,"JPM,100806,286"
2019-06-28 13:06:00.000000000,QUERY_SPREAD,77
2019-06-28 13:06:00.000000000,BEST_BID,"JPM,100194,389"
2019-06-28 13:06:00.000000000,BEST_ASK,"JPM,100806,281"
2019-06-28 13:06:00.000000000,LAST_TRADE,"5,$100806.0000"
2019-06-28 13:06:00.000000000,QUERY_SPREAD,78
2019-06-28 13:06:00.000000000,BEST_BID,"JPM,100194,389"
2019-06-28 13:06:00.000000000,BEST_ASK,"JPM,100806,273"
2019-06-28 13:06:00.000000000,LAST_TRADE,"8,$100806.0000"
2019-06-28 13:06:00.000000000,QUERY_SPREAD,79
2019-06-28 13:06:00.000000000,BEST_BID,"JPM,100194,389"
2019-06-28 13:06:00.000000000,BEST_ASK,"JPM,100806,268"
2019-06-28 13:06:00.000000000,LAST_TRADE,"5,$100806.0000"
2019-06-28 13:06:00.000000000,QUERY_SPREAD,80
2019-06-28 13:06:00.000000000,BEST_BID,"JPM,100194,389"
2019-06-28 13:06:00.000000000,BEST_ASK,"JPM,100806,260"
2019-06-28 13:06:00.000000000,LAST_TRADE,"8,$100806.0000"
2019-06-28 13:06:00.000000000,QUERY_SPREAD,81
2019-06-28 13:06:00.000000000,BEST_BID,"JPM,100194,389"
2019-06-28 13:06:00.000000000,BEST_ASK,"JPM,100806,251"
2019-06-28 13:06:00.000000000,LAST_TRADE,"9,$100806.0000"
2019-06-28 13:06:00.000000000,QUERY_SPREAD,82
2019-06-28 13:06:00.000000000,BEST_BID,"JPM,100194,389"
2019-06-28 13:06:00.000000000,BEST_ASK,"JPM,100806,248"
2019-06-28 13:06:00.000000000,LAST_TRADE,"3,$100806.0000"
2019-06-28 13:06:00.000000000,QUERY_SPREAD,83
2019-06-28 13:06:00.000000000,BEST_BID,"JPM,100194,389"
2019-06-28 13:06:00.000000000,BEST_ASK,"JPM,100806,240"
2019-06-28 13:06:00.000000000,LAST_TRADE,"8,$100806.0000"
2019-06-28 13:06:00.000000000,QUERY_SPREAD,84
2019-06-28 13:06:00.000000000,BEST_BID,"JPM,100194,389"
2019-06-28 13:06:00.000000000,BEST_ASK,"JPM,100806,236"
2019-06-28 13:06:00.000000000,LAST_TRADE,"4,$100806.0000"
2019-06-28 13:06:00.000000000,QUERY_SPREAD,85
2019-06-28 13:06:00.000000000,BEST_BID,"JPM,100194,389"
2019-06-28 13:06:00.000000000,BEST_ASK,"JPM,100806,231"
2019-06-28 13:06:00.000000000,LAST_TRADE,"5,$100806.0000"
2019-06-28 13:06:00.000000000,QUERY_SPREAD,86
2019-06-28 13:06:00.000000000,BEST_BID,"JPM,100194,389"
2019-06-28 13:06:00.000000000,BEST_ASK,"JPM,100806,229"
2019-06-28 13:06:00.000000000,LAST_TRADE,"2,$100806.0000"
2019-06-28 13:06:00.000000000,QUERY_SPREAD,87
2019-06-28 13:06:00.000000000,BEST_BID,"JPM,100194,389"
2019-06-28 13:06:00.000000000,BEST_ASK,"JPM,100806,222"
2019-06-28 13:06:00.000000000,LAST_TRADE,"7,$100806.0000"
2019-06-28 13:06:00.000000000,QUERY_SPREAD,88
2019-06-28 13:06:00.000000000,BEST_BID,"JPM,100194,389"
2019-06-28 13:06:00.000000000,BEST_ASK,"JPM,100806,214"
2019-06-28 13:06:00.000000000,LAST_TRADE,"8,$100806.0000"
2019-06-28 13:06:00.000000000,QUERY_SPREAD,89
2019-06-28 13:06:00.000000000,BEST_BID,"JPM,100194,389"
2019-06-28 13:06:00.000000000,BEST_ASK,"JPM,100806,209"
2019-06-28 13:06:00.000000000,LAST_TRADE,"5,$100806.0000"
2019-06-28 13:06:00.000000000,QUERY_SPREAD,90
2019-06-28 13:06:00.000000000,BEST_BID,"JPM,100194,389"
2019-06-28 13:06:00.000000000,BEST_ASK,"JPM,100806,205"
2019-06-28 13:06:00.000000000,LAST_TRADE,"4,$100806.0000"
2019-06-28 13:06:00.000000000,QUERY_SPREAD,91
2019-06-28 13:06:00.000000000,BEST_BID,"JPM,100194,389"
2019-06-28 13:06:00.000000000,BEST_ASK,"JPM,100806,202"
2019-06-28 13:06:00.000000000,LAST_TRADE,"3,$100806.0000"
2019-06-28 13:06:00.000000000,QUERY_SPREAD,92
2019-06-28 13:06:00.000000000,BEST_BID,"JPM,100194,389"
2019-06-28 13:06:00.000000000,BEST_ASK,"JPM,100806,197"
2019-06-28 13:06:00.000000000,LAST_TRADE,"5,$100806.0000"
2019-06-28 13:06:00.000000000,QUERY_SPREAD,93
2019-06-28 13:06:00.000000000,BEST_BID,"JPM,100194,389"
2019-06-28 13:06:00.000000000,BEST_ASK,"JPM,100806,190"
2019-06-28 13:06:00.000000000,LAST_TRADE,"7,$100806.0000"
2019-06-28 13:06:00.000000000,QUERY_SPREAD,94
2019-06-28 13:06:00.000000000,BEST_BID,"JPM,100194,389"
2019-06-28 13:06:00.000000000,BEST_ASK,"JPM,100806,189"
2019-06-28 13:06:00.000000000,LAST_TRADE,"1,$100806.0000"
2019-06-28 13:06:00.000000000,QUERY_SPREAD,95
2019-06-28 13:06:00.000000000,BEST_BID,"JPM,100194,389"
2019-06-28 13:06:00.000000000,BEST_ASK,"JPM,100806,188"
2019-06-28 13:06:00.000000000,LAST_TRADE,"1,$100806.0000"
2019-06-28 13:06:00.000000000,QUERY_SPREAD,96
2019-06-28 13:06:00.000000000,BEST_BID,"JPM,100194,389"
2019-06-28 13:06:00.000000000,BEST_ASK,"JPM,100806,184"
2019-06-28 13:06:00.000000000,LAST_TRADE,"4,$100806.0000"
2019-06-28 13:06:00.000000000,QUERY_SPREAD,97
2019-06-28 13:06:00.000000000,BEST_BID,"JPM,100194,389"
2019-06-28 13:06:00.000000000,BEST_ASK,"JPM,100806,181"
2019-06-28 13:06:00.000000000,LAST_TRADE,"3,$100806.0000"
2019-06-28 13:06:00.000000000,QUERY_SPREAD,98
2019-06-28 13:06:00.000000000,BEST_BID,"JPM,100194,389"
2019-06-28 13:06:00.000000000,BEST_ASK,"JPM,100806,176"
2019-06-28 13:06:00.000000000,LAST_TRADE,"5,$100806.0000"
2019-06-28 13:06:00.000000000,QUERY_SPREAD,99
2019-06-28 13:06:00.000000000,BEST_BID,"JPM,100194,389"
2019-06-28 13:06:00.000000000,BEST_ASK,"JPM,100806,172"
2019-06-28 13:06:00.000000000,LAST_TRADE,"4,$100806.0000"
2019-06-28 13:06:00.000000000,QUERY_SPREAD,100
2019-06-28 13:06:00.000000000,BEST_BID,"JPM,100194,389"
2019-06-28 13:06:00.000000000,BEST_ASK,"JPM,100806,167"
2019-06-28 13:06:00.000000000,LAST_TRADE,"5,$100806.0000"
2019-06-28 13:06:00.000000000,QUERY_SPREAD,101
2019-06-28 13:06:00.000000000,BEST_BID,"JPM,100194,388"
2019-06-28 13:06:00.000000000,BEST_ASK,"JPM,100806,167"
2019-06-28 13:06:00.000000000,LAST_TRADE,"1,$100194.0000"
2019-06-28 13:06:06.114783113,QUERY_SPREAD,12
2019-06-28 13:06:06.114783113,BEST_BID,"JPM,100194,388"
2019-06-28 13:06:06.114783113,BEST_ASK,"JPM,100806,167"
2019-06-28 13:06:08.592496660,QUERY_ORDER_STREAM,75
2019-06-28 13:06:08.592496660,QUERY_SPREAD,75
2019-06-28 13:06:08.592496660,BEST_BID,"JPM,100194,488"
2019-06-28 13:06:08.592496660,BEST_ASK,"JPM,100806,167"
2019-06-28 13:06:09.652476915,QUERY_SPREAD,2
2019-06-28 13:06:09.652476915,BEST_BID,"JPM,100194,488"
2019-06-28 13:06:09.652476915,BEST_ASK,"JPM,100806,67"
2019-06-28 13:06:09.652476915,LAST_TRADE,"100,$100806.0000"
2019-06-28 13:06:10.000000000,QUERY_SPREAD,1
2019-06-28 13:06:10.000000000,BEST_BID,"JPM,100194,395"
2019-06-28 13:06:10.000000000,BEST_ASK,"JPM,100889,100"
2019-06-28 13:06:10.000000000,BEST_BID,"JPM,100194,395"
2019-06-28 13:06:10.000000000,BEST_ASK,"JPM,100889,100"
2019-06-28 13:06:10.000000000,BEST_BID,"JPM,100194,395"
2019-06-28 13:06:10.000000000,BEST_ASK,"JPM,100889,100"
2019-06-28 13:06:10.000000000,BEST_BID,"JPM,100194,395"
2019-06-28 13:06:10.000000000,BEST_ASK,"JPM,100889,100"
2019-06-28 13:06:10.000000000,BEST_BID,"JPM,100194,395"
2019-06-28 13:06:10.000000000,BEST_ASK,"JPM,100889,193"
2019-06-28 13:06:10.000000000,BEST_BID,"JPM,100194,395"
2019-06-28 13:06:10.000000000,BEST_ASK,"JPM,100889,193"
2019-06-28 13:06:10.000000000,BEST_BID,"JPM,100194,395"
2019-06-28 13:06:10.000000000,BEST_ASK,"JPM,100889,193"
2019-06-28 13:06:10.000000000,BEST_BID,"JPM,100194,395"
2019-06-28 13:06:10.000000000,BEST_ASK,"JPM,100889,193"
2019-06-28 13:06:20.000000000,QUERY_SPREAD,1
2019-06-28 13:06:20.000000000,BEST_BID,"JPM,100194,673"
2019-06-28 13:06:20.000000000,BEST_ASK,"JPM,100889,100"
2019-06-28 13:06:20.000000000,BEST_BID,"JPM,100194,673"
2019-06-28 13:06:20.000000000,BEST_ASK,"JPM,100889,471"
2019-06-28 13:06:29.498540752,QUERY_ORDER_STREAM,61
2019-06-28 13:06:29.498540752,QUERY_SPREAD,61
2019-06-28 13:06:29.498540752,BEST_BID,"JPM,100195,100"
2019-06-28 13:06:29.498540752,BEST_ASK,"JPM,100889,471"
2019-06-28 13:06:30.000000000,QUERY_SPREAD,1
2019-06-28 13:06:30.000000000,BEST_BID,"JPM,100195,226"
2019-06-28 13:06:30.000000000,BEST_ASK,"JPM,100889,100"
2019-06-28 13:06:30.000000000,BEST_BID,"JPM,100195,226"
2019-06-28 13:06:30.000000000,BEST_ASK,"JPM,100889,100"
2019-06-28 13:06:30.000000000,BEST_BID,"JPM,100195,226"
2019-06-28 13:06:30.000000000,BEST_ASK,"JPM,100889,100"
2019-06-28 13:06:30.000000000,BEST_BID,"JPM,100195,226"
2019-06-28 13:06:30.000000000,BEST_ASK,"JPM,100889,226"
2019-06-28 13:06:30.000000000,BEST_BID,"JPM,100195,226"
2019-06-28 13:06:30.000000000,BEST_ASK,"JPM,100889,226"
2019-06-28 13:06:30.000000000,BEST_BID,"JPM,100195,226"
2019-06-28 13:06:30.000000000,BEST_ASK,"JPM,100889,226"
2019-06-28 13:06:40.000000000,QUERY_SPREAD,1
2019-06-28 13:06:40.000000000,BEST_BID,"JPM,100195,286"
2019-06-28 13:06:40.000000000,BEST_ASK,"JPM,100889,100"
2019-06-28 13:06:40.000000000,BEST_BID,"JPM,100195,286"
2019-06-28 13:06:40.000000000,BEST_ASK,"JPM,100889,100"
2019-06-28 13:06:40.000000000,BEST_BID,"JPM,100195,286"
2019-06-28 13:06:40.000000000,BEST_ASK,"JPM,100889,286"
2019-06-28 13:06:40.000000000,BEST_BID,"JPM,100195,286"
2019-06-28 13:06:40.000000000,BEST_ASK,"JPM,100889,286"
2019-06-28 13:06:46.842004982,QUERY_ORDER_STREAM,56
2019-06-28 13:06:46.842004982,QUERY_SPREAD,56
2019-06-28 13:06:46.842004982,BEST_BID,"JPM,100195,386"
2019-06-28 13:06:46.842004982,BEST_ASK,"JPM,100889,286"
2019-06-28 13:06:50.000000000,QUERY_SPREAD,1
2019-06-28 13:06:50.000000000,BEST_BID,"JPM,100195,386"
2019-06-28 13:06:50.000000000,BEST_ASK,"JPM,100889,100"
2019-06-28 13:06:50.000000000,BEST_BID,"JPM,100195,386"
2019-06-28 13:06:50.000000000,BEST_ASK,"JPM,100889,100"
2019-06-28 13:06:50.000000000,BEST_BID,"JPM,100195,386"
2019-06-28 13:06:50.000000000,BEST_ASK,"JPM,100889,286"
2019-06-28 13:06:50.000000000,BEST_BID,"JPM,100195,386"
2019-06-28 13:06:50.000000000,BEST_ASK,"JPM,100889,286"
2019-06-28 13:06:54.134949349,QUERY_SPREAD,41
2019-06-28 13:06:54.134949349,BEST_BID,"JPM,100195,386"
2019-06-28 13:06:54.134949349,BEST_ASK,"JPM,100889,186"
2019-06-28 13:06:54.134949349,LAST_TRADE,"100,$100889.0000"
2019-06-28 13:07:00.000000000,QUERY_SPREAD,1
2019-06-28 13:07:00.000000000,BEST_BID,"JPM,100195,571"
2019-06-28 13:07:00.000000000,BEST_ASK,"JPM,100989,100"
2019-06-28 13:07:00.000000000,BEST_BID,"JPM,100195,571"
2019-06-28 13:07:00.000000000,BEST_ASK,"JPM,100989,471"
2019-06-28 13:07:00.000000000,QUERY_SPREAD,77
2019-06-28 13:07:00.000000000,BEST_BID,"JPM,100195,571"
2019-06-28 13:07:00.000000000,BEST_ASK,"JPM,100989,466"
2019-06-28 13:07:00.000000000,LAST_TRADE,"5,$100989.0000"
2019-06-28 13:07:00.000000000,QUERY_SPREAD,78
2019-06-28 13:07:00.000000000,BEST_BID,"JPM,100195,571"
2019-06-28 13:07:00.000000000,BEST_ASK,"JPM,100989,458"
2019-06-28 13:07:00.000000000,LAST_TRADE,"8,$100989.0000"
2019-06-28 13:07:00.000000000,QUERY_SPREAD,79
2019-06-28 13:07:00.000000000,BEST_BID,"JPM,100195,571"
2019-06-28 13:07:00.000000000,BEST_ASK,"JPM,100989,453"
2019-06-28 13:07:00.000000000,LAST_TRADE,"5,$100989.0000"
2019-06-28 13:07:00.000000000,QUERY_SPREAD,80
2019-06-28 13:07:00.000000000,BEST_BID,"JPM,100195,571"
2019-06-28 13:07:00.000000000,BEST_ASK,"JPM,100989,445"
2019-06-28 13:07:00.000000000,LAST_TRADE,"8,$100989.0000"
2019-06-28 13:07:00.000000000,QUERY_SPREAD,81
2019-06-28 13:07:00.000000000,BEST_BID,"JPM,100195,571"
2019-06-28 13:07:00.000000000,BEST_ASK,"JPM,100989,436"
2019-06-28 13:07:00.000000000,LAST_TRADE,"9,$100989.0000"
2019-06-28 13:07:00.000000000,QUERY_SPREAD,82
2019-06-28 13:07:00.000000000,BEST_BID,"JPM,100195,571"
2019-06-28 13:07:00.000000000,BEST_ASK,"JPM,100989,433"
2019-06-28 13:07:00.000000000,LAST_TRADE,"3,$100989.0000"
2019-06-28 13:07:00.000000000,QUERY_SPREAD,83
2019-06-28 13:07:00.000000000,BEST_BID,"JPM,100195,571"
2019-06-28 13:07:00.000000000,BEST_ASK,"JPM,100989,425"
2019-06-28 13:07:00.000000000,LAST_TRADE,"8,$100989.0000"
2019-06-28 13:07:00.000000000,QUERY_SPREAD,84
2019-06-28 13:07:00.000000000,BEST_BID,"JPM,100195,571"
2019-06-28 13:07:00.000000000,BEST_ASK,"JPM,100989,421"
2019-06-28 13:07:00.000000000,LAST_TRADE,"4,$100989.0000"
2019-06-28 13:07:00.000000000,QUERY_SPREAD,85
2019-06-28 13:07:00.000000000,BEST_BID,"JPM,100195,571"
2019-06-28 13:07:00.000000000,BEST_ASK,"JPM,100989,416"
2019-06-28 13:07:00.000000000,LAST_TRADE,"5,$100989.0000"
2019-06-28 13:07:00.000000000,QUERY_SPREAD,86
2019-06-28 13:07:00.000000000,BEST_BID,"JPM,100195,571"
2019-06-28 13:07:00.000000000,BEST_ASK,"JPM,100989,414"
2019-06-28 13:07:00.000000000,LAST_TRADE,"2,$100989.0000"
2019-06-28 13:07:00.000000000,QUERY_SPREAD,87
2019-06-28 13:07:00.000000000,BEST_BID,"JPM,100195,571"
2019-06-28 13:07:00.000000000,BEST_ASK,"JPM,100989,407"
2019-06-28 13:07:00.000000000,LAST_TRADE,"7,$100989.0000"
2019-06-28 13:07:00.000000000,QUERY_SPREAD,88
2019-06-28 13:07:00.000000000,BEST_BID,"JPM,100195,571"
2019-06-28 13:07:00.000000000,BEST_ASK,"JPM,100989,399"
2019-06-28 13:07:00.000000000,LAST_TRADE,"8,$100989.0000"
2019-06-28 13:07:00.000000000,QUERY_SPREAD,89
2019-06-28 13:07:00.000000000,BEST_BID,"JPM,100195,571"
2019-06-28 13:07:00.000000000,BEST_ASK,"JPM,100989,394"
2019-06-28 13:07:00.000000000,LAST_TRADE,"5,$100989.0000"
2019-06-28 13:07:00.000000000,QUERY_SPREAD,90
2019-06-28 13:07:00.000000000,BEST_BID,"JPM,100195,571"
2019-06-28 13:07:00.000000000,BEST_ASK,"JPM,100989,390"
2019-06-28 13:07:00.000000000,LAST_TRADE,"4,$100989.0000"
2019-06-28 13:07:00.000000000,QUERY_SPREAD,91
2019-06-28 13:07:00.000000000,BEST_BID,"JPM,100195,571"
2019-06-28 13:07:00.000000000,BEST_ASK,"JPM,100989,387"
2019-06-28 13:07:00.000000000,LAST_TRADE,"3,$100989.0000"
2019-06-28 13:07:00.000000000,QUERY_SPREAD,92
2019-06-28 13:07:00.000000000,BEST_BID,"JPM,100195,571"
2019-06-28 13:07:00.000000000,BEST_ASK,"JPM,100989,382"
2019-06-28 13:07:00.000000000,LAST_TRADE,"5,$100989.0000"
2019-06-28 13:07:00.000000000,QUERY_SPREAD,93
2019-06-28 13:07:00.000000000,BEST_BID,"JPM,100195,571"
2019-06-28 13:07:00.000000000,BEST_ASK,"JPM,100989,375"
2019-06-28 13:07:00.000000000,LAST_TRADE,"7,$100989.0000"
2019-06-28 13:07:00.000000000,QUERY_SPREAD,94
2019-06-28 13:07:00.000000000,BEST_BID,"JPM,100195,571"
2019-06-28 13:07:00.000000000,BEST_ASK,"JPM,100989,374"
2019-06-28 13:07:00.000000000,LAST_TRADE,"1,$100989.0000"
2019-06-28 13:07:00.000000000,QUERY_SPREAD,95
2019-06-28 13:07:00.000000000,BEST_BID,"JPM,100195,571"
2019-06-28 13:07:00.000000000,BEST_ASK,"JPM,100989,373"
2019-06-28 13:07:00.000000000,LAST_TRADE,"1,$100989.0000"
2019-06-28 13:07:00.000000000,QUERY_SPREAD,96
2019-06-28 13:07:00.000000000,BEST_BID,"JPM,100195,571"
2019-06-28 13:07:00.000000000,BEST_ASK,"JPM,100989,369"
2019-06-28 13:07:00.000000000,LAST_TRADE,"4,$100989.0000"
2019-06-28 13:07:00.000000000,QUERY_SPREAD,97
2019-06-28 13:07:00.000000000,BEST_BID,"JPM,100195,571"
2019-06-28 13:07:00.000000000,BEST_ASK,"JPM,100989,366"
2019-06-28 13:07:00.000000000,LAST_TRADE,"3,$100989.0000"
2019-06-28 13:07:00.000000000,QUERY_SPREAD,98
2019-06-28 13:07:00.000000000,BEST_BID,"JPM,100195,571"
2019-06-28 13:07:00.000000000,BEST_ASK,"JPM,100989,361"
2019-06-28 13:07:00.000000000,LAST_TRADE,"5,$100989.0000"
2019-06-28 13:07:00.000000000,QUERY_SPREAD,99
2019-06-28 13:07:00.000000000,BEST_BID,"JPM,100195,571"
2019-06-28 13:07:00.000000000,BEST_ASK,"JPM,100989,357"
2019-06-28 13:07:00.000000000,LAST_TRADE,"4,$100989.0000"
2019-06-28 13:07:00.000000000,QUERY_SPREAD,100
2019-06-28 13:07:00.000000000,BEST_BID,"JPM,100195,571"
2019-06-28 13:07:00.000000000,BEST_ASK,"JPM,100989,352"
2019-06-28 13:07:00.000000000,LAST_TRADE,"5,$100989.0000"
2019-06-28 13:07:00.000000000,QUERY_SPREAD,101
2019-06-28 13:07:00.000000000,BEST_BID,"JPM,100195,570"
2019-06-28 13:07:00.000000000,BEST_ASK,"JPM,100989,352"
2019-06-28 13:07:00.000000000,LAST_TRADE,"1,$100195.0000"
2019-06-28 13:07:08.117104213,QUERY_ORDER_STREAM,71
2019-06-28 13:07:08.117104213,QUERY_SPREAD,71
2019-06-28 13:07:08.117104213,BEST_BID,"JPM,100195,670"
2019-06-28 13:07:08.117104213,BEST_ASK,"JPM,100989,352"
2019-06-28 13:07:10.000000000,QUERY_SPREAD,1
2019-06-28 13:07:10.000000000,BEST_BID,"JPM,100195,670"
2019-06-28 13:07:10.000000000,BEST_ASK,"JPM,101440,100"
2019-06-28 13:07:10.000000000,BEST_BID,"JPM,100195,670"
2019-06-28 13:07:10.000000000,BEST_ASK,"JPM,101440,471"
2019-06-28 13:07:20.000000000,QUERY_SPREAD,1
2019-06-28 13:07:20.000000000,BEST_BID,"JPM,100195,373"
2019-06-28 13:07:20.000000000,BEST_ASK,"JPM,101440,100"
2019-06-28 13:07:20.000000000,BEST_BID,"JPM,100195,373"
2019-06-28 13:07:20.000000000,BEST_ASK,"JPM,101440,100"
2019-06-28 13:07:20.000000000,BEST_BID,"JPM,100195,373"
2019-06-28 13:07:20.000000000,BEST_ASK,"JPM,101440,100"
2019-06-28 13:07:20.000000000,BEST_BID,"JPM,100195,373"
2019-06-28 13:07:20.000000000,BEST_ASK,"JPM,101440,100"
2019-06-28 13:07:20.000000000,BEST_BID,"JPM,100195,373"
2019-06-28 13:07:20.000000000,BEST_ASK,"JPM,101440,100"
2019-06-28 13:07:20.000000000,BEST_BID,"JPM,100195,373"
2019-06-28 13:07:20.000000000,BEST_ASK,"JPM,101440,174"
2019-06-28 13:07:20.000000000,BEST_BID,"JPM,100195,373"
2019-06-28 13:07:20.000000000,BEST_ASK,"JPM,101440,174"
2019-06-28 13:07:20.000000000,BEST_BID,"JPM,100195,373"
2019-06-28 13:07:20.000000000,BEST_ASK,"JPM,101440,174"
2019-06-28 13:07:23.430083224,QUERY_ORDER_STREAM,66
2019-06-28 13:07:23.430083224,QUERY_SPREAD,66
2019-06-28 13:07:30.000000000,QUERY_SPREAD,1
2019-06-28 13:07:30.000000000,BEST_BID,"JPM,100195,425"
2019-06-28 13:07:30.000000000,BEST_ASK,"JPM,101440,100"
2019-06-28 13:07:30.000000000,BEST_BID,"JPM,100195,425"
2019-06-28 13:07:30.000000000,BEST_ASK,"JPM,101440,100"
2019-06-28 13:07:30.000000000,BEST_BID,"JPM,100195,425"
2019-06-28 13:07:30.000000000,BEST_ASK,"JPM,101440,100"
2019-06-28 13:07:30.000000000,BEST_BID,"JPM,100195,425"
2019-06-28 13:07:30.000000000,BEST_ASK,"JPM,101440,226"
2019-06-28 13:07:30.000000000,BEST_BID,"JPM,100195,425"
2019-06-28 13:07:30.000000000,BEST_ASK,"JPM,101440,226"
2019-06-28 13:07:30.000000000,BEST_BID,"JPM,100195,425"
2019-06-28 13:07:30.000000000,BEST_ASK,"JPM,101440,226"
2019-06-28 13:07:30.787193281,QUERY_SPREAD,18
2019-06-28 13:07:30.787193281,BEST_BID,"JPM,100195,425"
2019-06-28 13:07:30.787193281,BEST_ASK,"JPM,101440,126"
2019-06-28 13:07:30.787193281,LAST_TRADE,"100,$101440.0000"
2019-06-28 13:07:30.925938236,QUERY_ORDER_STREAM,75
2019-06-28 13:07:30.925938236,QUERY_SPREAD,75
2019-06-28 13:07:30.925938236,BEST_BID,"JPM,100196,100"
2019-06-28 13:07:30.925938236,BEST_ASK,"JPM,101440,126"
2019-06-28 13:07:40.000000000,QUERY_SPREAD,1
2019-06-28 13:07:40.000000000,BEST_BID,"JPM,100196,286"
2019-06-28 13:07:40.000000000,BEST_ASK,"JPM,101646,100"
2019-06-28 13:07:40.000000000,BEST_BID,"JPM,100196,286"
2019-06-28 13:07:40.000000000,BEST_ASK,"JPM,101646,100"
2019-06-28 13:07:40.000000000,BEST_BID,"JPM,100196,286"
2019-06-28 13:07:40.000000000,BEST_ASK,"JPM,101646,286"
2019-06-28 13:07:40.000000000,BEST_BID,"JPM,100196,286"
2019-06-28 13:07:40.000000000,BEST_ASK,"JPM,101646,286"
2019-06-28 13:07:50.000000000,QUERY_SPREAD,1
2019-06-28 13:07:50.000000000,BEST_BID,"JPM,100196,226"
2019-06-28 13:07:50.000000000,BEST_ASK,"JPM,101646,100"
2019-06-28 13:07:50.000000000,BEST_BID,"JPM,100196,226"
2019-06-28 13:07:50.000000000,BEST_ASK,"JPM,101646,100"
2019-06-28 13:07:50.000000000,BEST_BID,"JPM,100196,226"
2019-06-28 13:07:50.000000000,BEST_ASK,"JPM,101646,100"
2019-06-28 13:07:50.000000000,BEST_BID,"JPM,100196,226"
2019-06-28 13:07:50.000000000,BEST_ASK,"JPM,101646,226"
2019-06-28 13:07:50.000000000,BEST_BID,"JPM,100196,226"
2019-06-28 13:07:50.000000000,BEST_ASK,"JPM,101646,226"
2019-06-28 13:07:51.993033804,QUERY_SPREAD,9
2019-06-28 13:07:51.993033804,BEST_BID,"JPM,100196,226"
2019-06-28 13:07:51.993033804,BEST_ASK,"JPM,101646,226"
2019-06-28 13:07:59.202845993,QUERY_ORDER_STREAM,52
2019-06-28 13:07:59.202845993,QUERY_SPREAD,52
2019-06-28 13:07:59.202845993,BEST_BID,"JPM,100196,326"
2019-06-28 13:07:59.202845993,BEST_ASK,"JPM,101646,226"
2019-06-28 13:08:00.000000000,QUERY_SPREAD,1
2019-06-28 13:08:00.000000000,BEST_BID,"JPM,100196,274"
2019-06-28 13:08:00.000000000,BEST_ASK,"JPM,101646,100"
2019-06-28 13:08:00.000000000,BEST_BID,"JPM,100196,274"
2019-06-28 13:08:00.000000000,BEST_ASK,"JPM,101646,100"
2019-06-28 13:08:00.000000000,BEST_BID,"JPM,100196,274"
2019-06-28 13:08:00.000000000,BEST_ASK,"JPM,101646,100"
2019-06-28 13:08:00.000000000,BEST_BID,"JPM,100196,274"
2019-06-28 13:08:00.000000000,BEST_ASK,"JPM,101646,100"
2019-06-28 13:08:00.000000000,BEST_BID,"JPM,100196,274"
2019-06-28 13:08:00.000000000,BEST_ASK,"JPM,101646,100"
2019-06-28 13:08:00.000000000,BEST_BID,"JPM,100196,274"
2019-06-28 13:08:00.000000000,BEST_ASK,"JPM,101646,174"
2019-06-28 13:08:00.000000000,BEST_BID,"JPM,100196,274"
2019-06-28 13:08:00.000000000,BEST_ASK,"JPM,101646,174"
2019-06-28 13:08:00.000000000,BEST_BID,"JPM,100196,274"
2019-06-28 13:08:00.000000000,BEST_ASK,"JPM,101646,174"
2019-06-28 13:08:00.000000000,QUERY_SPREAD,77
2019-06-28 13:08:00.000000000,BEST_BID,"JPM,100196,274"
2019-06-28 13:08:00.000000000,BEST_ASK,"JPM,101646,169"
2019-06-28 13:08:00.000000000,LAST_TRADE,"5,$101646.0000"
2019-06-28 13:08:00.000000000,QUERY_SPREAD,78
2019-06-28 13:08:00.000000000,BEST_BID,"JPM,100196,274"
2019-06-28 13:08:00.000000000,BEST_ASK,"JPM,101646,161"
2019-06-28 13:08:00.000000000,LAST_TRADE,"8,$101646.0000"
2019-06-28 13:08:00.000000000,QUERY_SPREAD,79
2019-06-28 13:08:00.000000000,BEST_BID,"JPM,100196,274"
2019-06-28 13:08:00.000000000,BEST_ASK,"JPM,101646,156"
2019-06-28 13:08:00.000000000,LAST_TRADE,"5,$101646.0000"
2019-06-28 13:08:00.000000000,QUERY_SPREAD,80
2019-06-28 13:08:00.000000000,BEST_BID,"JPM,100196,274"
2019-06-28 13:08:00.000000000,BEST_ASK,"JPM,101646,148"
2019-06-28 13:08:00.000000000,LAST_TRADE,"8,$101646.0000"
2019-06-28 13:08:00.000000000,QUERY_SPREAD,81
2019-06-28 13:08:00.000000000,BEST_BID,"JPM,100196,274"
2019-06-28 13:08:00.000000000,BEST_ASK,"JPM,101646,139"
2019-06-28 13:08:00.000000000,LAST_TRADE,"9,$101646.0000"
2019-06-28 13:08:00.000000000,QUERY_SPREAD,82
2019-06-28 13:08:00.000000000,BEST_BID,"JPM,100196,274"
2019-06-28 13:08:00.000000000,BEST_ASK,"JPM,101646,136"
2019-06-28 13:08:00.000000000,LAST_TRADE,"3,$101646.0000"
2019-06-28 13:08:00.000000000,QUERY_SPREAD,83
2019-06-28 13:08:00.000000000,BEST_BID,"JPM,100196,274"
2019-06-28 13:08:00.000000000,BEST_ASK,"JPM,101646,128"
2019-06-28 13:08:00.000000000,LAST_TRADE,"8,$101646.0000"
2019-06-28 13:08:00.000000000,QUERY_SPREAD,84
2019-06-28 13:08:00.000000000,BEST_BID,"JPM,100196,274"
2019-06-28 13:08:00.000000000,BEST_ASK,"JPM,101646,124"
2019-06-28 13:08:00.000000000,LAST_TRADE,"4,$101646.0000"
2019-06-28 13:08:00.000000000,QUERY_SPREAD,85
2019-06-28 13:08:00.000000000,BEST_BID,"JPM,100196,274"
2019-06-28 13:08:00.000000000,BEST_ASK,"JPM,101646,119"
2019-06-28 13:08:00.000000000,LAST_TRADE,"5,$101646.0000"
2019-06-28 13:08:00.000000000,QUERY_SPREAD,86
2019-06-28 13:08:00.000000000,BEST_BID,"JPM,100196,274"
2019-06-28 13:08:00.000000000,BEST_ASK,"JPM,101646,117"
2019-06-28 13:08:00.000000000,LAST_TRADE,"2,$101646.0000"
2019-06-28 13:08:00.000000000,QUERY_SPREAD,87
2019-06-28 13:08:00.000000000,BEST_BID,"JPM,100196,274"
2019-06-28 13:08:00.000000000,BEST_ASK,"JPM,101646,110"
2019-06-28 13:08:00.000000000,LAST_TRADE,"7,$101646.0000"
2019-06-28 13:08:00.000000000,QUERY_SPREAD,88
2019-06-28 13:08:00.000000000,BEST_BID,"JPM,100196,274"
2019-06-28 13:08:00.000000000,BEST_ASK,"JPM,101646,102"
2019-06-28 13:08:00.000000000,LAST_TRADE,"8,$101646.0000"
2019-06-28 13:08:00.000000000,QUERY_SPREAD,89
2019-06-28 13:08:00.000000000,BEST_BID,"JPM,100196,274"
2019-06-28 13:08:00.000000000,BEST_ASK,"JPM,101646,97"
2019-06-28 13:08:00.000000000,LAST_TRADE,"5,$101646.0000"
2019-06-28 13:08:00.000000000,QUERY_SPREAD,90
2019-06-28 13:08:00.000000000,BEST_BID,"JPM,100196,274"
2019-06-28 13:08:00.000000000,BEST_ASK,"JPM,101646,93"
2019-06-28 13:08:00.000000000,LAST_TRADE,"4,$101646.0000"
2019-06-28 13:08:00.000000000,QUERY_SPREAD,91
2019-06-28 13:08:00.000000000,BEST_BID,"JPM,100196,274"
2019-06-28 13:08:00.000000000,BEST_ASK,"JPM,101646,90"
2019-06-28 13:08:00.000000000,LAST_TRADE,"3,$101646.0000"
2019-06-28 13:08:00.000000000,QUERY_SPREAD,92
2019-06-28 13:08:00.000000000,BEST_BID,"JPM,100196,274"
2019-06-28 13:08:00.000000000,BEST_ASK,"JPM,101646,85"
2019-06-28 13:08:00.000000000,LAST_TRADE,"5,$101646.0000"
2019-06-28 13:08:00.000000000,QUERY_SPREAD,93
2019-06-28 13:08:00.000000000,BEST_BID,"JPM,100196,274"
2019-06-28 13:08:00.000000000,BEST_ASK,"JPM,101646,78"
2019-06-28 13:08:00.000000000,LAST_TRADE,"7,$101646.0000"
2019-06-28 13:08:00.000000000,QUERY_SPREAD,94
2019-06-28 13:08:00.000000000,BEST_BID,"JPM,100196,274"
2019-06-28 13:08:00.000000000,BEST_ASK,"JPM,101646,77"
2019-06-28 13:08:00.000000000,LAST_TRADE,"1,$101646.0000"
2019-06-28 13:08:00.000000000,QUERY_SPREAD,95
2019-06-28 13:08:00.000000000,BEST_BID,"JPM,100196,274"
2019-06-28 13:08:00.000000000,BEST_ASK,"JPM,101646,76"
2019-06-28 13:08:00.000000000,LAST_TRADE,"1,$101646.0000"
2019-06-28 13:08:00.000000000,QUERY_SPREAD,96
2019-06-28 13:08:00.000000000,BEST_BID,"JPM,100196,274"
2019-06-28 13:08:00.000000000,BEST_ASK,"JPM,101646,72"
2019-06-28 13:08:00.000000000,LAST_TRADE,"4,$101646.0000"
2019-06-28 13:08:00.000000000,QUERY_SPREAD,97
2019-06-28 13:08:00.000000000,BEST_BID,"JPM,100196,274"
2019-06-28 13:08:00.000000000,BEST_ASK,"JPM,101646,69"
2019-06-28 13:08:00.000000000,LAST_TRADE,"3,$101646.0000"
2019-06-28 13:08:00.000000000,QUERY_SPREAD,98
2019-06-28 13:08:00.000000000,BEST_BID,"JPM,100196,274"
2019-06-28 13:08:00.000000000,BEST_ASK,"JPM,101646,64"
2019-06-28 13:08:00.000000000,LAST_TRADE,"5,$101646.0000"
2019-06-28 13:08:00.000000000,QUERY_SPREAD,99
2019-06-28 13:08:00.000000000,BEST_BID,"JPM,100196,274"
2019-06-28 13:08:00.000000000,BEST_ASK,"JPM,101646,60"
2019-06-28 13:08:00.000000000,LAST_TRADE,"4,$101646.0000"
2019-06-28 13:08:00.000000000,QUERY_SPREAD,100
2019-06-28 13:08:00.000000000,BEST_BID,"JPM,100196,274"
2019-06-28 13:08:00.000000000,BEST_ASK,"JPM,101646,55"
2019-06-28 13:08:00.000000000,LAST_TRADE,"5,$101646.0000"
2019-06-28 13:08:00.000000000,QUERY_SPREAD,101
2019-06-28 13:08:00.000000000,BEST_BID,"JPM,100196,273"
2019-06-28 13:08:00.000000000,BEST_ASK,"JPM,101646,55"
2019-06-28 13:08:00.000000000,LAST_TRADE,"1,$100196.0000"
2019-06-28 13:08:04.549046510,QUERY_SPREAD,4
2019-06-28 13:08:04.549046510,BEST_BID,"JPM,101646,45"
2019-06-28 13:08:04.549046510,BEST_ASK,"JPM,101927,174"
2019-06-28 13:08:04.549046510,LAST_TRADE,"55,$101646.0000"
2019-06-28 13:08:10.000000000,QUERY_SPREAD,1
2019-06-28 13:08:10.000000000,BEST_BID,"JPM,101646,119"
2019-06-28 13:08:10.000000000,BEST_ASK,"JPM,101927,100"
2019-06-28 13:08:10.000000000,BEST_BID,"JPM,101646,119"
2019-06-28 13:08:10.000000000,BEST_ASK,"JPM,101927,100"
2019-06-28 13:08:10.000000000,BEST_BID,"JPM,101646,119"
2019-06-28 13:08:10.000000000,BEST_ASK,"JPM,101927,100"
2019-06-28 13:08:10.000000000,BEST_BID,"JPM,101646,119"
2019-06-28 13:08:10.000000000,BEST_ASK,"JPM,101927,100"
2019-06-28 13:08:10.000000000,BEST_BID,"JPM,101646,119"
2019-06-28 13:08:10.000000000,BEST_ASK,"JPM,101927,100"
2019-06-28 13:08:10.000000000,BEST_BID,"JPM,101646,119"
2019-06-28 13:08:10.000000000,BEST_ASK,"JPM,101927,174"
2019-06-28 13:08:10.000000000,BEST_BID,"JPM,101646,119"
2019-06-28 13:08:10.000000000,BEST_ASK,"JPM,101927,174"
2019-06-28 13:08:11.641149085,QUERY_SPREAD,40
2019-06-28 13:08:11.641149085,BEST_BID,"JPM,101646,119"
2019-06-28 13:08:11.641149085,BEST_ASK,"JPM,101927,174"
2019-06-28 13:08:13.607147990,QUERY_ORDER_STREAM,52
2019-06-28 13:08:13.607147990,QUERY_SPREAD,52
2019-06-28 13:08:17.870950034,QUERY_ORDER_STREAM,68
2019-06-28 13:08:17.870950034,QUERY_SPREAD,68
2019-06-28 13:08:20.000000000,QUERY_SPREAD,1
2019-06-28 13:08:20.000000000,BEST_BID,"JPM,101646,171"
2019-06-28 13:08:20.000000000,BEST_ASK,"JPM,101927,100"
2019-06-28 13:08:20.000000000,BEST_BID,"JPM,101646,171"
2019-06-28 13:08:20.000000000,BEST_ASK,"JPM,101927,100"
2019-06-28 13:08:20.000000000,BEST_BID,"JPM,101646,171"
2019-06-28 13:08:20.000000000,BEST_ASK,"JPM,101927,100"
2019-06-28 13:08:20.000000000,BEST_BID,"JPM,101646,171"
2019-06-28 13:08:20.000000000,BEST_ASK,"JPM,101927,226"
2019-06-28 13:08:20.000000000,BEST_BID,"JPM,101646,171"
2019-06-28 13:08:20.000000000,BEST_ASK,"JPM,101927,226"
2019-06-28 13:08:20.000000000,BEST_BID,"JPM,101646,171"
2019-06-28 13:08:20.000000000,BEST_ASK,"JPM,101927,226"
2019-06-28 13:08:26.709811449,QUERY_SPREAD,6
2019-06-28 13:08:26.709811449,BEST_BID,"JPM,101785,100"
2019-06-28 13:08:26.709811449,BEST_ASK,"JPM,101927,226"
2019-06-28 13:08:30.000000000,QUERY_SPREAD,1
2019-06-28 13:08:30.000000000,BEST_BID,"JPM,101785,226"
2019-06-28 13:08:30.000000000,BEST_ASK,"JPM,101927,100"
2019-06-28 13:08:30.000000000,BEST_BID,"JPM,101785,226"
2019-06-28 13:08:30.000000000,BEST_ASK,"JPM,101927,100"
2019-06-28 13:08:30.000000000,BEST_BID,"JPM,101785,226"
2019-06-28 13:08:30.000000000,BEST_ASK,"JPM,101927,100"
2019-06-28 13:08:30.000000000,BEST_BID,"JPM,101785,226"
2019-06-28 13:08:30.000000000,BEST_ASK,"JPM,101927,226"
2019-06-28 13:08:30.000000000,BEST_BID,"JPM,101785,226"
2019-06-28 13:08:30.000000000,BEST_ASK,"JPM,101927,226"
2019-06-28 13:08:30.000000000,BEST_BID,"JPM,101785,226"
2019-06-28 13:08:30.000000000,BEST_ASK,"JPM,101927,226"
2019-06-28 13:08:40.000000000,QUERY_SPREAD,1
2019-06-28 13:08:40.000000000,BEST_BID,"JPM,101785,193"
2019-06-28 13:08:40.000000000,BEST_ASK,"JPM,101927,100"
2019-06-28 13:08:40.000000000,BEST_BID,"JPM,101785,193"
2019-06-28 13:08:40.000000000,BEST_ASK,"JPM,101927,100"
2019-06-28 13:08:40.000000000,BEST_BID,"JPM,101785,193"
2019-06-28 13:08:40.000000000,BEST_ASK,"JPM,101927,100"
2019-06-28 13:08:40.000000000,BEST_BID,"JPM,101785,193"
2019-06-28 13:08:40.000000000,BEST_ASK,"JPM,101927,100"
2019-06-28 13:08:40.000000000,BEST_BID,"JPM,101785,193"
2019-06-28 13:08:40.000000000,BEST_ASK,"JPM,101927,193"
2019-06-28 13:08:40.000000000,BEST_BID,"JPM,101785,193"
2019-06-28 13:08:40.000000000,BEST_ASK,"JPM,101927,193"
2019-06-28 13:08:40.000000000,BEST_BID,"JPM,101785,193"
2019-06-28 13:08:40.000000000,BEST_ASK,"JPM,101927,193"
2019-06-28 13:08:47.298491626,QUERY_SPREAD,15
2019-06-28 13:08:47.298491626,BEST_BID,"JPM,101785,93"
2019-06-28 13:08:47.298491626,BEST_ASK,"JPM,101927,193"
2019-06-28 13:08:47.298491626,LAST_TRADE,"100,$101785.0000"
2019-06-28 13:08:50.000000000,QUERY_SPREAD,1
2019-06-28 13:08:50.000000000,BEST_BID,"JPM,101646,171"
2019-06-28 13:08:50.000000000,BEST_ASK,"JPM,101927,100"
2019-06-28 13:08:50.000000000,BEST_BID,"JPM,101646,171"
2019-06-28 13:08:50.000000000,BEST_ASK,"JPM,101927,100"
2019-06-28 13:08:50.000000000,BEST_BID,"JPM,101646,171"
2019-06-28 13:08:50.000000000,BEST_ASK,"JPM,101927,100"
2019-06-28 13:08:50.000000000,BEST_BID,"JPM,101646,171"
2019-06-28 13:08:50.000000000,BEST_ASK,"JPM,101927,226"
2019-06-28 13:08:50.000000000,BEST_BID,"JPM,101646,171"
2019-06-28 13:08:50.000000000,BEST_ASK,"JPM,101927,226"
2019-06-28 13:08:50.000000000,BEST_BID,"JPM,101646,171"
2019-06-28 13:08:50.000000000,BEST_ASK,"JPM,101927,226"
2019-06-28 13:08:53.049888415,QUERY_SPREAD,3
2019-06-28 13:08:53.049888415,BEST_BID,"JPM,101646,171"
2019-06-28 13:08:53.049888415,BEST_ASK,"JPM,101664,100"
2019-06-28 13:09:00.000000000,QUERY_SPREAD,1
2019-06-28 13:09:00.000000000,BEST_BID,"JPM,101646,416"
2019-06-28 13:09:00.000000000,BEST_ASK,"JPM,101664,100"
2019-06-28 13:09:00.000000000,BEST_BID,"JPM,101646,416"
2019-06-28 13:09:00.000000000,BEST_ASK,"JPM,101664,471"
2019-06-28 13:09:00.000000000,QUERY_SPREAD,77
2019-06-28 13:09:00.000000000,BEST_BID,"JPM,101646,416"
2019-06-28 13:09:00.000000000,BEST_ASK,"JPM,101664,466"
2019-06-28 13:09:00.000000000,LAST_TRADE,"5,$101664.0000"
2019-06-28 13:09:00.000000000,QUERY_SPREAD,78
2019-06-28 13:09:00.000000000,BEST_BID,"JPM,101646,416"
2019-06-28 13:09:00.000000000,BEST_ASK,"JPM,101664,458"
2019-06-28 13:09:00.000000000,LAST_TRADE,"8,$101664.0000"
2019-06-28 13:09:00.000000000,QUERY_SPREAD,79
2019-06-28 13:09:00.000000000,BEST_BID,"JPM,101646,416"
2019-06-28 13:09:00.000000000,BEST_ASK,"JPM,101664,453"
2019-06-28 13:09:00.000000000,LAST_TRADE,"5,$101664.0000"
2019-06-28 13:09:00.000000000,QUERY_SPREAD,80
2019-06-28 13:09:00.000000000,BEST_BID,"JPM,101646,416"
2019-06-28 13:09:00.000000000,BEST_ASK,"JPM,101664,445"
2019-06-28 13:09:00.000000000,LAST_TRADE,"8,$101664.0000"
2019-06-28 13:09:00.000000000,QUERY_SPREAD,81
2019-06-28 13:09:00.000000000,BEST_BID,"JPM,101646,416"
2019-06-28 13:09:00.000000000,BEST_ASK,"JPM,101664,436"
2019-06-28 13:09:00.000000000,LAST_TRADE,"9,$101664.0000"
2019-06-28 13:09:00.000000000,QUERY_SPREAD,82
2019-06-28 13:09:00.000000000,BEST_BID,"JPM,101646,416"
2019-06-28 13:09:00.000000000,BEST_ASK,"JPM,101664,433"
2019-06-28 13:09:00.000000000,LAST_TRADE,"3,$101664.0000"
2019-06-28 13:09:00.000000000,QUERY_SPREAD,83
2019-06-28 13:09:00.000000000,BEST_BID,"JPM,101646,416"
2019-06-28 13:09:00.000000000,BEST_ASK,"JPM,101664,425"
2019-06-28 13:09:00.000000000,LAST_TRADE,"8,$101664.0000"
2019-06-28 13:09:00.000000000,QUERY_SPREAD,84
2019-06-28 13:09:00.000000000,BEST_BID,"JPM,101646,416"
2019-06-28 13:09:00.000000000,BEST_ASK,"JPM,101664,421"
2019-06-28 13:09:00.000000000,LAST_TRADE,"4,$101664.0000"
2019-06-28 13:09:00.000000000,QUERY_SPREAD,85
2019-06-28 13:09:00.000000000,BEST_BID,"JPM,101646,416"
2019-06-28 13:09:00.000000000,BEST_ASK,"JPM,101664,416"
2019-06-28 13:09:00.000000000,LAST_TRADE,"5,$101664.0000"
2019-06-28 13:09:00.000000000,QUERY_SPREAD,86
2019-06-28 13:09:00.000000000,BEST_BID,"JPM,101646,416"
2019-06-28 13:09:00.000000000,BEST_ASK,"JPM,101664,414"
2019-06-28 13:09:00.000000000,LAST_TRADE,"2,$101664.0000"
2019-06-28 13:09:00.000000000,QUERY_SPREAD,87
2019-06-28 13:09:00.000000000,BEST_BID,"JPM,101646,416"
2019-06-28 13:09:00.000000000,BEST_ASK,"JPM,101664,407"
2019-06-28 13:09:00.000000000,LAST_TRADE,"7,$101664.0000"
2019-06-28 13:09:00.000000000,QUERY_SPREAD,88
2019-06-28 13:09:00.000000000,BEST_BID,"JPM,101646,416"
2019-06-28 13:09:00.000000000,BEST_ASK,"JPM,101664,399"
2019-06-28 13:09:00.000000000,LAST_TRADE,"8,$101664.0000"
2019-06-28 13:09:00.000000000,QUERY_SPREAD,89
2019-06-28 13:09:00.000000000,BEST_BID,"JPM,101646,416"
2019-06-28 13:09:00.000000000,BEST_ASK,"JPM,101664,394"
2019-06-28 13:09:00.000000000,LAST_TRADE,"5,$101664.0000"
2019-06-28 13:09:00.000000000,QUERY_SPREAD,90
2019-06-28 13:09:00.000000000,BEST_BID,"JPM,101646,416"
2019-06-28 13:09:00.000000000,BEST_ASK,"JPM,101664,390"
2019-06-28 13:09:00.000000000,LAST_TRADE,"4,$101664.0000"
2019-06-28 13:09:00.000000000,QUERY_SPREAD,91
2019-06-28 13:09:00.000000000,BEST_BID,"JPM,101646,416"
2019-06-28 13:09:00.000000000,BEST_ASK,"JPM,101664,387"
2019-06-28 13:09:00.000000000,LAST_TRADE,"3,$101664.0000"
2019-06-28 13:09:00.000000000,QUERY_SPREAD,92
2019-06-28 13:09:00.000000000,BEST_BID,"JPM,101646,416"
2019-06-28 13:09:00.000000000,BEST_ASK,"JPM,101664,382"
2019-06-28 13:09:00.000000000,LAST_TRADE,"5,$101664.0000"
2019-06-28 13:09:00.000000000,QUERY_SPREAD,93
2019-06-28 13:09:00.000000000,BEST_BID,"JPM,101646,416"
2019-06-28 13:09:00.000000000,BEST_ASK,"JPM,101664,375"
2019-06-28 13:09:00.000000000,LAST_TRADE,"7,$101664.0000"
2019-06-28 13:09:00.000000000,QUERY_SPREAD,94
2019-06-28 13:09:00.000000000,BEST_BID,"JPM,101646,416"
2019-06-28 13:09:00.000000000,BEST_ASK,"JPM,101664,374"
2019-06-28 13:09:00.000000000,LAST_TRADE,"1,$101664.0000"
2019-06-28 13:09:00.000000000,QUERY_SPREAD,95
2019-06-28 13:09:00.000000000,BEST_BID,"JPM,101646,416"
2019-06-28 13:09:00.000000000,BEST_ASK,"JPM,101664,373"
2019-06-28 13:09:00.000000000,LAST_TRADE,"1,$101664.0000"
2019-06-28 13:09:00.000000000,QUERY_SPREAD,96
2019-06-28 13:09:00.000000000,BEST_BID,"JPM,101646,416"
2019-06-28 13:09:00.000000000,BEST_ASK,"JPM,101664,369"
2019-06-28 13:09:00.000000000,LAST_TRADE,"4,$101664.0000"
2019-06-28 13:09:00.000000000,QUERY_SPREAD,97
2019-06-28 13:09:00.000000000,BEST_BID,"JPM,101646,416"
2019-06-28 13:09:00.000000000,BEST_ASK,"JPM,101664,366"
2019-06-28 13:09:00.000000000,LAST_TRADE,"3,$101664.0000"
2019-06-28 13:09:00.000000000,QUERY_SPREAD,98
2019-06-28 13:09:00.000000000,BEST_BID,"JPM,101646,416"
2019-06-28 13:09:00.000000000,BEST_ASK,"JPM,101664,361"
2019-06-28 13:09:00.000000000,LAST_TRADE,"5,$101664.0000"
2019-06-28 13:09:00.000000000,QUERY_SPREAD,99
2019-06-28 13:09:00.000000000,BEST_BID,"JPM,101646,416"
2019-06-28 13:09:00.000000000,BEST_ASK,"JPM,101664,357"
2019-06-28 13:09:00.000000000,LAST_TRADE,"4,$101664.0000"
2019-06-28 13:09:00.000000000,QUERY_SPREAD,100
2019-06-28 13:09:00.000000000,BEST_BID,"JPM,101646,416"
2019-06-28 13:09:00.000000000,BEST_ASK,"JPM,101664,352"
2019-06-28 13:09:00.000000000,LAST_TRADE,"5,$101664.0000"
2019-06-28 13:09:00.000000000,QUERY_SPREAD,101
2019-06-28 13:09:00.000000000,BEST_BID,"JPM,101646,415"
2019-06-28 13:09:00.000000000,BEST_ASK,"JPM,101664,352"
2019-06-28 13:09:00.000000000,LAST_TRADE,"1,$101646.0000"
2019-06-28 13:09:10.000000000,QUERY_SPREAD,1
2019-06-28 13:09:10.000000000,BEST_BID,"JPM,101646,170"
2019-06-28 13:09:10.000000000,BEST_ASK,"JPM,101927,100"
2019-06-28 13:09:10.000000000,BEST_BID,"JPM,101646,170"
2019-06-28 13:09:10.000000000,BEST_ASK,"JPM,101927,100"
2019-06-28 13:09:10.000000000,BEST_BID,"JPM,101646,170"
2019-06-28 13:09:10.000000000,BEST_ASK,"JPM,101927,100"
2019-06-28 13:09:10.000000000,BEST_BID,"JPM,101646,170"
2019-06-28 13:09:10.000000000,BEST_ASK,"JPM,101927,226"
2019-06-28 13:09:10.000000000,BEST_BID,"JPM,101646,170"
2019-06-28 13:09:10.000000000,BEST_ASK,"JPM,101927,226"
2019-06-28 13:09:10.000000000,BEST_BID,"JPM,101646,170"
2019-06-28 13:09:10.000000000,BEST_ASK,"JPM,101927,226"
2019-06-28 13:09:13.571003184,QUERY_SPREAD,17
2019-06-28 13:09:13.571003184,BEST_BID,"JPM,101646,170"
2019-06-28 13:09:13.571003184,BEST_ASK,"JPM,101798,100"
2019-06-28 13:09:20.000000000,QUERY_SPREAD,1
2019-06-28 13:09:20.000000000,BEST_BID,"JPM,101646,415"
2019-06-28 13:09:20.000000000,BEST_ASK,"JPM,101798,100"
2019-06-28 13:09:20.000000000,BEST_BID,"JPM,101646,415"
2019-06-28 13:09:20.000000000,BEST_ASK,"JPM,101798,471"
2019-06-28 13:09:24.830679529,QUERY_SPREAD,3
2019-06-28 13:09:24.830679529,BEST_BID,"JPM,101646,415"
2019-06-28 13:09:24.830679529,BEST_ASK,"JPM,101798,471"
2019-06-28 13:09:30.000000000,QUERY_SPREAD,1
2019-06-28 13:09:30.000000000,BEST_BID,"JPM,101646,118"
2019-06-28 13:09:30.000000000,BEST_ASK,"JPM,101798,100"
2019-06-28 13:09:30.000000000,BEST_BID,"JPM,101646,118"
2019-06-28 13:09:30.000000000,BEST_ASK,"JPM,101798,100"
2019-06-28 13:09:30.000000000,BEST_BID,"JPM,101646,118"
2019-06-28 13:09:30.000000000,BEST_ASK,"JPM,101798,100"
2019-06-28 13:09:30.000000000,BEST_BID,"JPM,101646,118"
2019-06-28 13:09:30.000000000,BEST_ASK,"JPM,101798,100"
2019-06-28 13:09:30.000000000,BEST_BID,"JPM,101646,118"
2019-06-28 13:09:30.000000000,BEST_ASK,"JPM,101798,100"
2019-06-28 13:09:30.000000000,BEST_BID,"JPM,101646,118"
2019-06-28 13:09:30.000000000,BEST_ASK,"JPM,101798,174"
2019-06-28 13:09:30.000000000,BEST_BID,"JPM,101646,118"
2019-06-28 13:09:30.000000000,BEST_ASK,"JPM,101798,174"
2019-06-28 13:09:30.000000000,BEST_BID,"JPM,101646,118"
2019-06-28 13:09:30.000000000,BEST_ASK,"JPM,101798,174"
2019-06-28 13:09:30.000000000,BEST_BID,"JPM,101646,118"
2019-06-28 13:09:30.000000000,BEST_ASK,"JPM,101798,174"
2019-06-28 13:09:34.166453232,QUERY_ORDER_STREAM,72
2019-06-28 13:09:34.166453232,QUERY_SPREAD,72
2019-06-28 13:09:34.964234827,QUERY_SPREAD,51
2019-06-28 13:09:34.964234827,BEST_BID,"JPM,101646,118"
2019-06-28 13:09:34.964234827,BEST_ASK,"JPM,101769,100"
2019-06-28 13:09:40.000000000,QUERY_SPREAD,1
2019-06-28 13:09:40.000000000,BEST_BID,"JPM,101646,230"
2019-06-28 13:09:40.000000000,BEST_ASK,"JPM,101769,100"
2019-06-28 13:09:40.000000000,BEST_BID,"JPM,101646,230"
2019-06-28 13:09:40.000000000,BEST_ASK,"JPM,101769,100"
2019-06-28 13:09:40.000000000,BEST_BID,"JPM,101646,230"
2019-06-28 13:09:40.000000000,BEST_ASK,"JPM,101769,286"
2019-06-28 13:09:40.000000000,BEST_BID,"JPM,101646,230"
2019-06-28 13:09:40.000000000,BEST_ASK,"JPM,101769,286"
2019-06-28 13:09:47.657212811,QUERY_ORDER_STREAM,61
2019-06-28 13:09:47.657212811,QUERY_SPREAD,61
2019-06-28 13:09:47.657212811,BEST_BID,"JPM,101646,330"
2019-06-28 13:09:47.657212811,BEST_ASK,"JPM,101769,286"
2019-06-28 13:09:48.445413302,QUERY_SPREAD,44
2019-06-28 13:09:48.445413302,BEST_BID,"JPM,101646,330"
2019-06-28 13:09:48.445413302,BEST_ASK,"JPM,101769,286"
2019-06-28 13:09:50.000000000,QUERY_SPREAD,1
2019-06-28 13:09:50.000000000,BEST_BID,"JPM,101646,237"
2019-06-28 13:09:50.000000000,BEST_ASK,"JPM,101769,100"
2019-06-28 13:09:50.000000000,BEST_BID,"JPM,101646,237"
2019-06-28 13:09:50.000000000,BEST_ASK,"JPM,101769,100"
2019-06-28 13:09:50.000000000,BEST_BID,"JPM,101646,237"
2019-06-28 13:09:50.000000000,BEST_ASK,"JPM,101769,100"
2019-06-28 13:09:50.000000000,BEST_BID,"JPM,101646,237"
2019-06-28 13:09:50.000000000,BEST_ASK,"JPM,101769,100"
2019-06-28 13:09:50.000000000,BEST_BID,"JPM,101646,237"
2019-06-28 13:09:50.000000000,BEST_ASK,"JPM,101769,193"
2019-06-28 13:09:50.000000000,BEST_BID,"JPM,101646,237"
2019-06-28 13:09:50.000000000,BEST_ASK,"JPM,101769,193"
2019-06-28 13:09:50.000000000,BEST_BID,"JPM,101646,237"
2019-06-28 13:09:50.000000000,BEST_ASK,"JPM,101769,193"
2019-06-28 13:09:50.000000000,BEST_BID,"JPM,101646,237"
2019-06-28 13:09:50.000000000,BEST_ASK,"JPM,101769,193"
2019-06-28 13:09:55.130235596,QUERY_ORDER_STREAM,72
2019-06-28 13:09:55.130235596,QUERY_SPREAD,72
2019-06-28 13:09:55.130235596,BEST_BID,"JPM,101646,337"
2019-06-28 13:09:55.130235596,BEST_ASK,"JPM,101769,193"
2019-06-28 13:10:00.000000000,QUERY_SPREAD,1
2019-06-28 13:10:00.000000000,BEST_BID,"JPM,101646,337"
2019-06-28 13:10:00.000000000,BEST_ASK,"JPM,101769,100"
2019-06-28 13:10:00.000000000,BEST_BID,"JPM,101646,337"
2019-06-28 13:10:00.000000000,BEST_ASK,"JPM,101769,100"
2019-06-28 13:10:00.000000000,BEST_BID,"JPM,101646,337"
2019-06-28 13:10:00.000000000,BEST_ASK,"JPM,101769,100"
2019-06-28 13:10:00.000000000,BEST_BID,"JPM,101646,337"
2019-06-28 13:10:00.000000000,BEST_ASK,"JPM,101769,100"
2019-06-28 13:10:00.000000000,BEST_BID,"JPM,101646,337"
2019-06-28 13:10:00.000000000,BEST_ASK,"JPM,101769,193"
2019-06-28 13:10:00.000000000,BEST_BID,"JPM,101646,337"
2019-06-28 13:10:00.000000000,BEST_ASK,"JPM,101769,193"
2019-06-28 13:10:00.000000000,BEST_BID,"JPM,101646,337"
2019-06-28 13:10:00.000000000,BEST_ASK,"JPM,101769,193"
2019-06-28 13:10:00.000000000,BEST_BID,"JPM,101646,337"
2019-06-28 13:10:00.000000000,BEST_ASK,"JPM,101769,193"
2019-06-28 13:10:00.000000000,QUERY_SPREAD,77
2019-06-28 13:10:00.000000000,BEST_BID,"JPM,101646,337"
2019-06-28 13:10:00.000000000,BEST_ASK,"JPM,101769,188"
2019-06-28 13:10:00.000000000,LAST_TRADE,"5,$101769.0000"
2019-06-28 13:10:00.000000000,QUERY_SPREAD,78
2019-06-28 13:10:00.000000000,BEST_BID,"JPM,101646,337"
2019-06-28 13:10:00.000000000,BEST_ASK,"JPM,101769,180"
2019-06-28 13:10:00.000000000,LAST_TRADE,"8,$101769.0000"
2019-06-28 13:10:00.000000000,QUERY_SPREAD,79
2019-06-28 13:10:00.000000000,BEST_BID,"JPM,101646,337"
2019-06-28 13:10:00.000000000,BEST_ASK,"JPM,101769,175"
2019-06-28 13:10:00.000000000,LAST_TRADE,"5,$101769.0000"
2019-06-28 13:10:00.000000000,QUERY_SPREAD,80
2019-06-28 13:10:00.000000000,BEST_BID,"JPM,101646,337"
2019-06-28 13:10:00.000000000,BEST_ASK,"JPM,101769,167"
2019-06-28 13:10:00.000000000,LAST_TRADE,"8,$101769.0000"
2019-06-28 13:10:00.000000000,QUERY_SPREAD,81
2019-06-28 13:10:00.000000000,BEST_BID,"JPM,101646,337"
2019-06-28 13:10:00.000000000,BEST_ASK,"JPM,101769,158"
2019-06-28 13:10:00.000000000,LAST_TRADE,"9,$101769.0000"
2019-06-28 13:10:00.000000000,QUERY_SPREAD,82
2019-06-28 13:10:00.000000000,BEST_BID,"JPM,101646,337"
2019-06-28 13:10:00.000000000,BEST_ASK,"JPM,101769,155"
2019-06-28 13:10:00.000000000,LAST_TRADE,"3,$101769.0000"
2019-06-28 13:10:00.000000000,QUERY_SPREAD,83
2019-06-28 13:10:00.000000000,BEST_BID,"JPM,101646,337"
2019-06-28 13:10:00.000000000,BEST_ASK,"JPM,101769,147"
2019-06-28 13:10:00.000000000,LAST_TRADE,"8,$101769.0000"
2019-06-28 13:10:00.000000000,QUERY_SPREAD,84
2019-06-28 13:10:00.000000000,BEST_BID,"JPM,101646,337"
2019-06-28 13:10:00.000000000,BEST_ASK,"JPM,101769,143"
2019-06-28 13:10:00.000000000,LAST_TRADE,"4,$101769.0000"
2019-06-28 13:10:00.000000000,QUERY_SPREAD,85
2019-06-28 13:10:00.000000000,BEST_BID,"JPM,101646,337"
2019-06-28 13:10:00.000000000,BEST_ASK,"JPM,101769,138"
2019-06-28 13:10:00.000000000,LAST_TRADE,"5,$101769.0000"
2019-06-28 13:10:00.000000000,QUERY_SPREAD,86
2019-06-28 13:10:00.000000000,BEST_BID,"JPM,101646,337"
2019-06-28 13:10:00.000000000,BEST_ASK,"JPM,101769,136"
2019-06-28 13:10:00.000000000,LAST_TRADE,"2,$101769.0000"
2019-06-28 13:10:00.000000000,QUERY_SPREAD,87
2019-06-28 13:10:00.000000000,BEST_BID,"JPM,101646,337"
2019-06-28 13:10:00.000000000,BEST_ASK,"JPM,101769,129"
2019-06-28 13:10:00.000000000,LAST_TRADE,"7,$101769.0000"
2019-06-28 13:10:00.000000000,QUERY_SPREAD,88
2019-06-28 13:10:00.000000000,BEST_BID,"JPM,101646,337"
2019-06-28 13:10:00.000000000,BEST_ASK,"JPM,101769,121"
2019-06-28 13:10:00.000000000,LAST_TRADE,"8,$101769.0000"
2019-06-28 13:10:00.000000000,QUERY_SPREAD,89
2019-06-28 13:10:00.000000000,BEST_BID,"JPM,101646,337"
2019-06-28 13:10:00.000000000,BEST_ASK,"JPM,101769,116"
2019-06-28 13:10:00.000000000,LAST_TRADE,"5,$101769.0000"
2019-06-28 13:10:00.000000000,QUERY_SPREAD,90
2019-06-28 13:10:00.000000000,BEST_BID,"JPM,101646,337"
2019-06-28 13:10:00.000000000,BEST_ASK,"JPM,101769,112"
2019-06-28 13:10:00.000000000,LAST_TRADE,"4,$101769.0000"
2019-06-28 13:10:00.000000000,QUERY_SPREAD,91
2019-06-28 13:10:00.000000000,BEST_BID,"JPM,101646,337"
2019-06-28 13:10:00.000000000,BEST_ASK,"JPM,101769,109"
2019-06-28 13:10:00.000000000,LAST_TRADE,"3,$101769.0000"
2019-06-28 13:10:00.000000000,QUERY_SPREAD,92
2019-06-28 13:10:00.000000000,BEST_BID,"JPM,101646,337"
2019-06-28 13:10:00.000000000,BEST_ASK,"JPM,101769,104"
2019-06-28 13:10:00.000000000,LAST_TRADE,"5,$101769.0000"
2019-06-28 13:10:00.000000000,QUERY_SPREAD,93
2019-06-28 13:10:00.000000000,BEST_BID,"JPM,101646,337"
2019-06-28 13:10:00.000000000,BEST_ASK,"JPM,101769,97"
2019-06-28 13:10:00.000000000,LAST_TRADE,"7,$101769.0000"
2019-06-28 13:10:00.000000000,QUERY_SPREAD,94
2019-06-28 13:10:00.000000000,BEST_BID,"JPM,101646,337"
2019-06-28 13:10:00.000000000,BEST_ASK,"JPM,101769,96"
2019-06-28 13:10:00.000000000,LAST_TRADE,"1,$101769.0000"
2019-06-28 13:10:00.000000000,QUERY_SPREAD,95
2019-06-28 13:10:00.000000000,BEST_BID,"JPM,101646,337"
2019-06-28 13:10:00.000000000,BEST_ASK,"JPM,101769,95"
2019-06-28 13:10:00.000000000,LAST_TRADE,"1,$101769.0000"
2019-06-28 13:10:00.000000000,QUERY_SPREAD,96
2019-06-28 13:10:00.000000000,BEST_BID,"JPM,101646,337"
2019-06-28 13:10:00.000000000,BEST_ASK,"JPM,101769,91"
2019-06-28 13:10:00.000000000,LAST_TRADE,"4,$101769.0000"
2019-06-28 13:10:00.000000000,QUERY_SPREAD,97
2019-06-28 13:10:00.000000000,BEST_BID,"JPM,101646,337"
2019-06-28 13:10:00.000000000,BEST_ASK,"JPM,101769,88"
2019-06-28 13:10:00.000000000,LAST_TRADE,"3,$101769.0000"
2019-06-28 13:10:00.000000000,QUERY_SPREAD,98
2019-06-28 13:10:00.000000000,BEST_BID,"JPM,101646,337"
2019-06-28 13:10:00.000000000,BEST_ASK,"JPM,101769,83"
2019-06-28 13:10:00.000000000,LAST_TRADE,"5,$101769.0000"
2019-06-28 13:10:00.000000000,QUERY_SPREAD,99
2019-06-28 13:10:00.000000000,BEST_BID,"JPM,101646,337"
2019-06-28 13:10:00.000000000,BEST_ASK,"JPM,101769,79"
2019-06-28 13:10:00.000000000,LAST_TRADE,"4,$101769.0000"
2019-06-28 13:10:00.000000000,QUERY_SPREAD,100
2019-06-28 13:10:00.000000000,BEST_BID,"JPM,101646,337"
2019-06-28 13:10:00.000000000,BEST_ASK,"JPM,101769,74"
2019-06-28 13:10:00.000000000,LAST_TRADE,"5,$101769.0000"
2019-06-28 13:10:00.000000000,QUERY_SPREAD,101
2019-06-28 13:10:00.000000000,BEST_BID,"JPM,101646,336"
2019-06-28 13:10:00.000000000,BEST_ASK,"JPM,101769,74"
2019-06-28 13:10:00.000000000,LAST_TRADE,"1,$101646.0000"
2019-06-28 13:10:10.000000000,QUERY_SPREAD,1
2019-06-28 13:10:10.000000000,BEST_BID,"JPM,101646,369"
2019-06-28 13:10:10.000000000,BEST_ASK,"JPM,101798,100"
2019-06-28 13:10:10.000000000,BEST_BID,"JPM,101646,369"
2019-06-28 13:10:10.000000000,BEST_ASK,"JPM,101798,100"
2019-06-28 13:10:10.000000000,BEST_BID,"JPM,101646,369"
2019-06-28 13:10:10.000000000,BEST_ASK,"JPM,101798,100"
2019-06-28 13:10:10.000000000,BEST_BID,"JPM,101646,369"
2019-06-28 13:10:10.000000000,BEST_ASK,"JPM,101798,226"
2019-06-28 13:10:10.000000000,BEST_BID,"JPM,101646,369"
2019-06-28 13:10:10.000000000,BEST_ASK,"JPM,101798,226"
2019-06-28 13:10:10.000000000,BEST_BID,"JPM,101646,369"
2019-06-28 13:10:10.000000000,BEST_ASK,"JPM,101798,226"
2019-06-28 13:10:18.876512581,QUERY_SPREAD,6
2019-06-28 13:10:18.876512581,BEST_BID,"JPM,101646,369"
2019-06-28 13:10:18.876512581,BEST_ASK,"JPM,101734,100"
2019-06-28 13:10:20.000000000,QUERY_SPREAD,1
2019-06-28 13:10:20.000000000,BEST_BID,"JPM,101646,614"
2019-06-28 13:10:20.000000000,BEST_ASK,"JPM,101734,100"
2019-06-28 13:10:20.000000000,BEST_BID,"JPM,101646,614"
2019-06-28 13:10:20.000000000,BEST_ASK,"JPM,101734,471"
2019-06-28 13:10:30.000000000,QUERY_SPREAD,1
2019-06-28 13:10:30.000000000,BEST_BID,"JPM,101646,429"
2019-06-28 13:10:30.000000000,BEST_ASK,"JPM,101734,100"
2019-06-28 13:10:30.000000000,BEST_BID,"JPM,101646,429"
2019-06-28 13:10:30.000000000,BEST_ASK,"JPM,101734,100"
2019-06-28 13:10:30.000000000,BEST_BID,"JPM,101646,429"
2019-06-28 13:10:30.000000000,BEST_ASK,"JPM,101734,286"
2019-06-28 13:10:30.000000000,BEST_BID,"JPM,101646,429"
2019-06-28 13:10:30.000000000,BEST_ASK,"JPM,101734,286"
2019-06-28 13:10:40.000000000,QUERY_SPREAD,1
2019-06-28 13:10:40.000000000,BEST_BID,"JPM,101646,429"
2019-06-28 13:10:40.000000000,BEST_ASK,"JPM,101734,100"
2019-06-28 13:10:40.000000000,BEST_BID,"JPM,101646,429"
2019-06-28 13:10:40.000000000,BEST_ASK,"JPM,101734,100"
2019-06-28 13:10:40.000000000,BEST_BID,"JPM,101646,429"
2019-06-28 13:10:40.000000000,BEST_ASK,"JPM,101734,286"
2019-06-28 13:10:40.000000000,BEST_BID,"JPM,101646,429"
2019-06-28 13:10:40.000000000,BEST_ASK,"JPM,101734,286"
2019-06-28 13:10:50.000000000,QUERY_SPREAD,1
2019-06-28 13:10:50.000000000,BEST_BID,"JPM,101646,614"
2019-06-28 13:10:50.000000000,BEST_ASK,"JPM,101734,100"
2019-06-28 13:10:50.000000000,BEST_BID,"JPM,101646,614"
2019-06-28 13:10:50.000000000,BEST_ASK,"JPM,101734,471"
2019-06-28 13:10:51.715133980,QUERY_SPREAD,12
2019-06-28 13:10:51.715133980,BEST_BID,"JPM,101646,614"
2019-06-28 13:10:51.715133980,BEST_ASK,"JPM,101734,471"
2019-06-28 13:10:52.238705938,QUERY_SPREAD,19
2019-06-28 13:10:52.238705938,BEST_BID,"JPM,101646,614"
2019-06-28 13:10:52.238705938,BEST_ASK,"JPM,101734,371"
2019-06-28 13:10:52.238705938,LAST_TRADE,"100,$101734.0000"
2019-06-28 13:10:55.929265560,QUERY_ORDER_STREAM,57
2019-06-28 13:10:55.929265560,QUERY_SPREAD,57
2019-06-28 13:11:00.000000000,QUERY_SPREAD,1
2019-06-28 13:11:00.000000000,BEST_BID,"JPM,101646,614"
2019-06-28 13:11:00.000000000,BEST_ASK,"JPM,101798,100"
2019-06-28 13:11:00.000000000,BEST_BID,"JPM,101646,614"
2019-06-28 13:11:00.000000000,BEST_ASK,"JPM,101798,471"
2019-06-28 13:11:00.000000000,QUERY_SPREAD,77
2019-06-28 13:11:00.000000000,BEST_BID,"JPM,101646,614"
2019-06-28 13:11:00.000000000,BEST_ASK,"JPM,101798,466"
2019-06-28 13:11:00.000000000,LAST_TRADE,"5,$101798.0000"
2019-06-28 13:11:00.000000000,QUERY_SPREAD,78
2019-06-28 13:11:00.000000000,BEST_BID,"JPM,101646,614"
2019-06-28 13:11:00.000000000,BEST_ASK,"JPM,101798,458"
2019-06-28 13:11:00.000000000,LAST_TRADE,"8,$101798.0000"
2019-06-28 13:11:00.000000000,QUERY_SPREAD,79
2019-06-28 13:11:00.000000000,BEST_BID,"JPM,101646,614"
2019-06-28 13:11:00.000000000,BEST_ASK,"JPM,101798,453"
2019-06-28 13:11:00.000000000,LAST_TRADE,"5,$101798.0000"
2019-06-28 13:11:00.000000000,QUERY_SPREAD,80
2019-06-28 13:11:00.000000000,BEST_BID,"JPM,101646,614"
2019-06-28 13:11:00.000000000,BEST_ASK,"JPM,101798,445"
2019-06-28 13:11:00.000000000,LAST_TRADE,"8,$101798.0000"
2019-06-28 13:11:00.000000000,QUERY_SPREAD,81
2019-06-28 13:11:00.000000000,BEST_BID,"JPM,101646,614"
2019-06-28 13:11:00.000000000,BEST_ASK,"JPM,101798,436"
2019-06-28 13:11:00.000000000,LAST_TRADE,"9,$101798.0000"
2019-06-28 13:11:00.000000000,QUERY_SPREAD,82
2019-06-28 13:11:00.000000000,BEST_BID,"JPM,101646,614"
2019-06-28 13:11:00.000000000,BEST_ASK,"JPM,101798,433"
2019-06-28 13:11:00.000000000,LAST_TRADE,"3,$101798.0000"
2019-06-28 13:11:00.000000000,QUERY_SPREAD,83
2019-06-28 13:11:00.000000000,BEST_BID,"JPM,101646,614"
2019-06-28 13:11:00.000000000,BEST_ASK,"JPM,101798,425"
2019-06-28 13:11:00.000000000,LAST_TRADE,"8,$101798.0000"
2019-06-28 13:11:00.000000000,QUERY_SPREAD,84
2019-06-28 13:11:00.000000000,BEST_BID,"JPM,101646,614"
2019-06-28 13:11:00.000000000,BEST_ASK,"JPM,101798,421"
2019-06-28 13:11:00.000000000,LAST_TRADE,"4,$101798.0000"
2019-06-28 13:11:00.000000000,QUERY_SPREAD,85
2019-06-28 13:11:00.000000000,BEST_BID,"JPM,101646,614"
2019-06-28 13:11:00.000000000,BEST_ASK,"JPM,101798,416"
2019-06-28 13:11:00.000000000,LAST_TRADE,"5,$101798.0000"
2019-06-28 13:11:00.000000000,QUERY_SPREAD,86
2019-06-28 13:11:00.000000000,BEST_BID,"JPM,101646,614"
2019-06-28 13:11:00.000000000,BEST_ASK,"JPM,101798,414"
2019-06-28 13:11:00.000000000,LAST_TRADE,"2,$101798.0000"
2019-06-28 13:11:00.000000000,QUERY_SPREAD,87
2019-06-28 13:11:00.000000000,BEST_BID,"JPM,101646,614"
2019-06-28 13:11:00.000000000,BEST_ASK,"JPM,101798,407"
2019-06-28 13:11:00.000000000,LAST_TRADE,"7,$101798.0000"
2019-06-28 13:11:00.000000000,QUERY_SPREAD,88
2019-06-28 13:11:00.000000000,BEST_BID,"JPM,101646,614"
2019-06-28 13:11:00.000000000,BEST_ASK,"JPM,101798,399"
2019-06-28 13:11:00.000000000,LAST_TRADE,"8,$101798.0000"
2019-06-28 13:11:00.000000000,QUERY_SPREAD,89
2019-06-28 13:11:00.000000000,BEST_BID,"JPM,101646,614"
2019-06-28 13:11:00.000000000,BEST_ASK,"JPM,101798,394"
2019-06-28 13:11:00.000000000,LAST_TRADE,"5,$101798.0000"
2019-06-28 13:11:00.000000000,QUERY_SPREAD,90
2019-06-28 13:11:00.000000000,BEST_BID,"JPM,101646,614"
2019-06-28 13:11:00.000000000,BEST_ASK,"JPM,101798,390"
2019-06-28 13:11:00.000000000,LAST_TRADE,"4,$101798.0000"
2019-06-28 13:11:00.000000000,QUERY_SPREAD,91
2019-06-28 13:11:00.000000000,BEST_BID,"JPM,101646,614"
2019-06-28 13:11:00.000000000,BEST_ASK,"JPM,101798,387"
2019-06-28 13:11:00.000000000,LAST_TRADE,"3,$101798.0000"
2019-06-28 13:11:00.000000000,QUERY_SPREAD,92
2019-06-28 13:11:00.000000000,BEST_BID,"JPM,101646,614"
2019-06-28 13:11:00.000000000,BEST_ASK,"JPM,101798,382"
2019-06-28 13:11:00.000000000,LAST_TRADE,"5,$101798.0000"
2019-06-28 13:11:00.000000000,QUERY_SPREAD,93
2019-06-28 13:11:00.000000000,BEST_BID,"JPM,101646,614"
2019-06-28 13:11:00.000000000,BEST_ASK,"JPM,101798,375"
2019-06-28 13:11:00.000000000,LAST_TRADE,"7,$101798.0000"
2019-06-28 13:11:00.000000000,QUERY_SPREAD,94
2019-06-28 13:11:00.000000000,BEST_BID,"JPM,101646,614"
2019-06-28 13:11:00.000000000,BEST_ASK,"JPM,101798,374"
2019-06-28 13:11:00.000000000,LAST_TRADE,"1,$101798.0000"
2019-06-28 13:11:00.000000000,QUERY_SPREAD,95
2019-06-28 13:11:00.000000000,BEST_BID,"JPM,101646,614"
2019-06-28 13:11:00.000000000,BEST_ASK,"JPM,101798,373"
2019-06-28 13:11:00.000000000,LAST_TRADE,"1,$101798.0000"
2019-06-28 13:11:00.000000000,QUERY_SPREAD,96
2019-06-28 13:11:00.000000000,BEST_BID,"JPM,101646,614"
2019-06-28 13:11:00.000000000,BEST_ASK,"JPM,101798,369"
2019-06-28 13:11:00.000000000,LAST_TRADE,"4,$101798.0000"
2019-06-28 13:11:00.000000000,QUERY_SPREAD,97
2019-06-28 13:11:00.000000000,BEST_BID,"JPM,101646,614"
2019-06-28 13:11:00.000000000,BEST_ASK,"JPM,101798,366"
2019-06-28 13:11:00.000000000,LAST_TRADE,"3,$101798.0000"
2019-06-28 13:11:00.000000000,QUERY_SPREAD,98
2019-06-28 13:11:00.000000000,BEST_BID,"JPM,101646,614"
2019-06-28 13:11:00.000000000,BEST_ASK,"JPM,101798,361"
2019-06-28 13:11:00.000000000,LAST_TRADE,"5,$101798.0000"
2019-06-28 13:11:00.000000000,QUERY_SPREAD,99
2019-06-28 13:11:00.000000000,BEST_BID,"JPM,101646,614"
2019-06-28 13:11:00.000000000,BEST_ASK,"JPM,101798,357"
2019-06-28 13:11:00.000000000,LAST_TRADE,"4,$101798.0000"
2019-06-28 13:11:00.000000000,QUERY_SPREAD,100
2019-06-28 13:11:00.000000000,BEST_BID,"JPM,101646,614"
2019-06-28 13:11:00.000000000,BEST_ASK,"JPM,101798,352"
2019-06-28 13:11:00.000000000,LAST_TRADE,"5,$101798.0000"
2019-06-28 13:11:00.000000000,QUERY_SPREAD,101
2019-06-28 13:11:00.000000000,BEST_BID,"JPM,101646,613"
2019-06-28 13:11:00.000000000,BEST_ASK,"JPM,101798,352"
2019-06-28 13:11:00.000000000,LAST_TRADE,"1,$101646.0000"
2019-06-28 13:11:10.000000000,QUERY_SPREAD,1
2019-06-28 13:11:10.000000000,BEST_BID,"JPM,101646,613"
2019-06-28 13:11:10.000000000,BEST_ASK,"JPM,101809,100"
2019-06-28 13:11:10.000000000,BEST_BID,"JPM,101646,613"
2019-06-28 13:11:10.000000000,BEST_ASK,"JPM,101809,471"
2019-06-28 13:11:13.215749271,QUERY_SPREAD,21
2019-06-28 13:11:13.215749271,BEST_BID,"JPM,101646,613"
2019-06-28 13:11:13.215749271,BEST_ASK,"JPM,101809,371"
2019-06-28 13:11:13.215749271,LAST_TRADE,"100,$101809.0000"
2019-06-28 13:11:20.000000000,QUERY_SPREAD,1
2019-06-28 13:11:20.000000000,BEST_BID,"JPM,101646,368"
2019-06-28 13:11:20.000000000,BEST_ASK,"JPM,101927,100"
2019-06-28 13:11:20.000000000,BEST_BID,"JPM,101646,368"
2019-06-28 13:11:20.000000000,BEST_ASK,"JPM,101927,100"
2019-06-28 13:11:20.000000000,BEST_BID,"JPM,101646,368"
2019-06-28 13:11:20.000000000,BEST_ASK,"JPM,101927,100"
2019-06-28 13:11:20.000000000,BEST_BID,"JPM,101646,368"
2019-06-28 13:11:20.000000000,BEST_ASK,"JPM,101927,226"
2019-06-28 13:11:20.000000000,BEST_BID,"JPM,101646,368"
2019-06-28 13:11:20.000000000,BEST_ASK,"JPM,101927,226"
2019-06-28 13:11:20.000000000,BEST_BID,"JPM,101646,368"
2019-06-28 13:11:20.000000000,BEST_ASK,"JPM,101927,226"
2019-06-28 13:11:22.637346297,QUERY_SPREAD,44
2019-06-28 13:11:22.637346297,BEST_BID,"JPM,101824,100"
2019-06-28 13:11:22.637346297,BEST_ASK,"JPM,101927,226"
2019-06-28 13:11:30.000000000,QUERY_SPREAD,1
2019-06-28 13:11:30.000000000,BEST_BID,"JPM,101824,226"
2019-06-28 13:11:30.000000000,BEST_ASK,"JPM,101927,100"
2019-06-28 13:11:30.000000000,BEST_BID,"JPM,101824,226"
2019-06-28 13:11:30.000000000,BEST_ASK,"JPM,101927,100"
2019-06-28 13:11:30.000000000,BEST_BID,"JPM,101824,226"
2019-06-28 13:11:30.000000000,BEST_ASK,"JPM,101927,100"
2019-06-28 13:11:30.000000000,BEST_BID,"JPM,101824,226"
2019-06-28 13:11:30.000000000,BEST_ASK,"JPM,101927,226"
2019-06-28 13:11:30.000000000,BEST_BID,"JPM,101824,226"
2019-06-28 13:11:30.000000000,BEST_ASK,"JPM,101927,226"
2019-06-28 13:11:30.000000000,BEST_BID,"JPM,101824,226"
2019-06-28 13:11:30.000000000,BEST_ASK,"JPM,101927,226"
2019-06-28 13:11:30.467535937,QUERY_SPREAD,37
2019-06-28 13:11:30.467535937,BEST_BID,"JPM,101824,226"
2019-06-28 13:11:30.467535937,BEST_ASK,"JPM,101927,226"
2019-06-28 13:11:33.509737070,QUERY_ORDER_STREAM,69
2019-06-28 13:11:33.509737070,QUERY_SPREAD,69
2019-06-28 13:11:33.509737070,BEST_BID,"JPM,101824,226"
2019-06-28 13:11:33.509737070,BEST_ASK,"JPM,101927,226"
2019-06-28 13:11:40.000000000,QUERY_SPREAD,1
2019-06-28 13:11:40.000000000,BEST_BID,"JPM,101824,226"
2019-06-28 13:11:40.000000000,BEST_ASK,"JPM,101927,100"
2019-06-28 13:11:40.000000000,BEST_BID,"JPM,101824,226"
2019-06-28 13:11:40.000000000,BEST_ASK,"JPM,101927,100"
2019-06-28 13:11:40.000000000,BEST_BID,"JPM,101824,226"
2019-06-28 13:11:40.000000000,BEST_ASK,"JPM,101927,100"
2019-06-28 13:11:40.000000000,BEST_BID,"JPM,101824,226"
2019-06-28 13:11:40.000000000,BEST_ASK,"JPM,101927,226"
2019-06-28 13:11:40.000000000,BEST_BID,"JPM,101824,226"
2019-06-28 13:11:40.000000000,BEST_ASK,"JPM,101927,226"
2019-06-28 13:11:40.000000000,BEST_BID,"JPM,101824,226"
2019-06-28 13:11:40.000000000,BEST_ASK,"JPM,101927,226"
2019-06-28 13:11:46.733885707,QUERY_SPREAD,30
2019-06-28 13:11:46.733885707,BEST_BID,"JPM,101824,226"
2019-06-28 13:11:46.733885707,BEST_ASK,"JPM,101927,126"
2019-06-28 13:11:46.733885707,LAST_TRADE,"100,$101927.0000"
2019-06-28 13:11:50.000000000,QUERY_SPREAD,1
2019-06-28 13:11:50.000000000,BEST_BID,"JPM,101824,286"
2019-06-28 13:11:50.000000000,BEST_ASK,"JPM,102011,100"
2019-06-28 13:11:50.000000000,BEST_BID,"JPM,101824,286"
2019-06-28 13:11:50.000000000,BEST_ASK,"JPM,102011,100"
2019-06-28 13:11:50.000000000,BEST_BID,"JPM,101824,286"
2019-06-28 13:11:50.000000000,BEST_ASK,"JPM,102011,286"
2019-06-28 13:11:50.000000000,BEST_BID,"JPM,101824,286"
2019-06-28 13:11:50.000000000,BEST_ASK,"JPM,102011,286"
2019-06-28 13:11:51.242899688,QUERY_SPREAD,6
2019-06-28 13:11:51.242899688,BEST_BID,"JPM,101824,286"
2019-06-28 13:11:51.242899688,BEST_ASK,"JPM,101855,100"
2019-06-28 13:11:55.424029193,QUERY_SPREAD,19
2019-06-28 13:11:55.424029193,BEST_BID,"JPM,101824,286"
2019-06-28 13:11:55.424029193,BEST_ASK,"JPM,101855,100"
2019-06-28 13:11:56.092387314,QUERY_SPREAD,50
2019-06-28 13:11:56.092387314,BEST_BID,"JPM,101824,186"
2019-06-28 13:11:56.092387314,BEST_ASK,"JPM,101855,100"
2019-06-28 13:11:56.092387314,LAST_TRADE,"100,$101824.0000"
2019-06-28 13:12:00.000000000,QUERY_SPREAD,1
2019-06-28 13:12:00.000000000,BEST_BID,"JPM,101647,286"
2019-06-28 13:12:00.000000000,BEST_ASK,"JPM,101855,100"
2019-06-28 13:12:00.000000000,BEST_BID,"JPM,101647,286"
2019-06-28 13:12:00.000000000,BEST_ASK,"JPM,101855,100"
2019-06-28 13:12:00.000000000,BEST_BID,"JPM,101647,286"
2019-06-28 13:12:00.000000000,BEST_ASK,"JPM,101855,286"
2019-06-28 13:12:00.000000000,BEST_BID,"JPM,101647,286"
2019-06-28 13:12:00.000000000,BEST_ASK,"JPM,101855,286"
2019-06-28 13:12:00.000000000,QUERY_SPREAD,77
2019-06-28 13:12:00.000000000,BEST_BID,"JPM,101647,286"
2019-06-28 13:12:00.000000000,BEST_ASK,"JPM,101855,281"
2019-06-28 13:12:00.000000000,LAST_TRADE,"5,$101855.0000"
2019-06-28 13:12:00.000000000,QUERY_SPREAD,78
2019-06-28 13:12:00.000000000,BEST_BID,"JPM,101647,286"
2019-06-28 13:12:00.000000000,BEST_ASK,"JPM,101855,273"
2019-06-28 13:12:00.000000000,LAST_TRADE,"8,$101855.0000"
2019-06-28 13:12:00.000000000,QUERY_SPREAD,79
2019-06-28 13:12:00.000000000,BEST_BID,"JPM,101647,286"
2019-06-28 13:12:00.000000000,BEST_ASK,"JPM,101855,268"
2019-06-28 13:12:00.000000000,LAST_TRADE,"5,$101855.0000"
2019-06-28 13:12:00.000000000,QUERY_SPREAD,80
2019-06-28 13:12:00.000000000,BEST_BID,"JPM,101647,286"
2019-06-28 13:12:00.000000000,BEST_ASK,"JPM,101855,260"
2019-06-28 13:12:00.000000000,LAST_TRADE,"8,$101855.0000"
2019-06-28 13:12:00.000000000,QUERY_SPREAD,81
2019-06-28 13:12:00.000000000,BEST_BID,"JPM,101647,286"
2019-06-28 13:12:00.000000000,BEST_ASK,"JPM,101855,251"
2019-06-28 13:12:00.000000000,LAST_TRADE,"9,$101855.0000"
2019-06-28 13:12:00.000000000,QUERY_SPREAD,82
2019-06-28 13:12:00.000000000,BEST_BID,"JPM,101647,286"
2019-06-28 13:12:00.000000000,BEST_ASK,"JPM,101855,248"
2019-06-28 13:12:00.000000000,LAST_TRADE,"3,$101855.0000"
2019-06-28 13:12:00.000000000,QUERY_SPREAD,83
2019-06-28 13:12:00.000000000,BEST_BID,"JPM,101647,286"
2019-06-28 13:12:00.000000000,BEST_ASK,"JPM,101855,240"
2019-06-28 13:12:00.000000000,LAST_TRADE,"8,$101855.0000"
2019-06-28 13:12:00.000000000,QUERY_SPREAD,84
2019-06-28 13:12:00.000000000,BEST_BID,"JPM,101647,286"
2019-06-28 13:12:00.000000000,BEST_ASK,"JPM,101855,236"
2019-06-28 13:12:00.000000000,LAST_TRADE,"4,$101855.0000"
2019-06-28 13:12:00.000000000,QUERY_SPREAD,85
2019-06-28 13:12:00.000000000,BEST_BID,"JPM,101647,286"
2019-06-28 13:12:00.000000000,BEST_ASK,"JPM,101855,231"
2019-06-28 13:12:00.000000000,LAST_TRADE,"5,$101855.0000"
2019-06-28 13:12:00.000000000,QUERY_SPREAD,86
2019-06-28 13:12:00.000000000,BEST_BID,"JPM,101647,286"
2019-06-28 13:12:00.000000000,BEST_ASK,"JPM,101855,229"
2019-06-28 13:12:00.000000000,LAST_TRADE,"2,$101855.0000"
2019-06-28 13:12:00.000000000,QUERY_SPREAD,87
2019-06-28 13:12:00.000000000,BEST_BID,"JPM,101647,286"
2019-06-28 13:12:00.000000000,BEST_ASK,"JPM,101855,222"
2019-06-28 13:12:00.000000000,LAST_TRADE,"7,$101855.0000"
2019-06-28 13:12:00.000000000,QUERY_SPREAD,88
2019-06-28 13:12:00.000000000,BEST_BID,"JPM,101647,286"
2019-06-28 13:12:00.000000000,BEST_ASK,"JPM,101855,214"
2019-06-28 13:12:00.000000000,LAST_TRADE,"8,$101855.0000"
2019-06-28 13:12:00.000000000,QUERY_SPREAD,89
2019-06-28 13:12:00.000000000,BEST_BID,"JPM,101647,286"
2019-06-28 13:12:00.000000000,BEST_ASK,"JPM,101855,209"
2019-06-28 13:12:00.000000000,LAST_TRADE,"5,$101855.0000"
2019-06-28 13:12:00.000000000,QUERY_SPREAD,90
2019-06-28 13:12:00.000000000,BEST_BID,"JPM,101647,286"
2019-06-28 13:12:00.000000000,BEST_ASK,"JPM,101855,205"
2019-06-28 13:12:00.000000000,LAST_TRADE,"4,$101855.0000"
2019-06-28 13:12:00.000000000,QUERY_SPREAD,91
2019-06-28 13:12:00.000000000,BEST_BID,"JPM,101647,286"
2019-06-28 13:12:00.000000000,BEST_ASK,"JPM,101855,202"
2019-06-28 13:12:00.000000000,LAST_TRADE,"3,$101855.0000"
2019-06-28 13:12:00.000000000,QUERY_SPREAD,92
2019-06-28 13:12:00.000000000,BEST_BID,"JPM,101647,286"
2019-06-28 13:12:00.000000000,BEST_ASK,"JPM,101855,197"
2019-06-28 13:12:00.000000000,LAST_TRADE,"5,$101855.0000"
2019-06-28 13:12:00.000000000,QUERY_SPREAD,93
2019-06-28 13:12:00.000000000,BEST_BID,"JPM,101647,286"
2019-06-28 13:12:00.000000000,BEST_ASK,"JPM,101855,190"
2019-06-28 13:12:00.000000000,LAST_TRADE,"7,$101855.0000"
2019-06-28 13:12:00.000000000,QUERY_SPREAD,94
2019-06-28 13:12:00.000000000,BEST_BID,"JPM,101647,286"
2019-06-28 13:12:00.000000000,BEST_ASK,"JPM,101855,189"
2019-06-28 13:12:00.000000000,LAST_TRADE,"1,$101855.0000"
2019-06-28 13:12:00.000000000,QUERY_SPREAD,95
2019-06-28 13:12:00.000000000,BEST_BID,"JPM,101647,286"
2019-06-28 13:12:00.000000000,BEST_ASK,"JPM,101855,188"
2019-06-28 13:12:00.000000000,LAST_TRADE,"1,$101855.0000"
2019-06-28 13:12:00.000000000,QUERY_SPREAD,96
2019-06-28 13:12:00.000000000,BEST_BID,"JPM,101647,286"
2019-06-28 13:12:00.000000000,BEST_ASK,"JPM,101855,184"
2019-06-28 13:12:00.000000000,LAST_TRADE,"4,$101855.0000"
2019-06-28 13:12:00.000000000,QUERY_SPREAD,97
2019-06-28 13:12:00.000000000,BEST_BID,"JPM,101647,286"
2019-06-28 13:12:00.000000000,BEST_ASK,"JPM,101855,181"
2019-06-28 13:12:00.000000000,LAST_TRADE,"3,$101855.0000"
2019-06-28 13:12:00.000000000,QUERY_SPREAD,98
2019-06-28 13:12:00.000000000,BEST_BID,"JPM,101647,286"
2019-06-28 13:12:00.000000000,BEST_ASK,"JPM,101855,176"
2019-06-28 13:12:00.000000000,LAST_TRADE,"5,$101855.0000"
2019-06-28 13:12:00.000000000,QUERY_SPREAD,99
2019-06-28 13:12:00.000000000,BEST_BID,"JPM,101647,286"
2019-06-28 13:12:00.000000000,BEST_ASK,"JPM,101855,172"
2019-06-28 13:12:00.000000000,LAST_TRADE,"4,$101855.0000"
2019-06-28 13:12:00.000000000,QUERY_SPREAD,100
2019-06-28 13:12:00.000000000,BEST_BID,"JPM,101647,286"
2019-06-28 13:12:00.000000000,BEST_ASK,"JPM,101855,167"
2019-06-28 13:12:00.000000000,LAST_TRADE,"5,$101855.0000"
2019-06-28 13:12:00.000000000,QUERY_SPREAD,101
2019-06-28 13:12:00.000000000,BEST_BID,"JPM,101647,285"
2019-06-28 13:12:00.000000000,BEST_ASK,"JPM,101855,167"
2019-06-28 13:12:00.000000000,LAST_TRADE,"1,$101647.0000"
2019-06-28 13:12:07.338180236,QUERY_SPREAD,47
2019-06-28 13:12:07.338180236,BEST_BID,"JPM,101647,285"
2019-06-28 13:12:07.338180236,BEST_ASK,"JPM,101855,167"
2019-06-28 13:12:10.000000000,QUERY_SPREAD,1
2019-06-28 13:12:10.000000000,BEST_BID,"JPM,101647,173"
2019-06-28 13:12:10.000000000,BEST_ASK,"JPM,101901,100"
2019-06-28 13:12:10.000000000,BEST_BID,"JPM,101647,173"
2019-06-28 13:12:10.000000000,BEST_ASK,"JPM,101901,100"
2019-06-28 13:12:10.000000000,BEST_BID,"JPM,101647,173"
2019-06-28 13:12:10.000000000,BEST_ASK,"JPM,101901,100"
2019-06-28 13:12:10.000000000,BEST_BID,"JPM,101647,173"
2019-06-28 13:12:10.000000000,BEST_ASK,"JPM,101901,100"
2019-06-28 13:12:10.000000000,BEST_BID,"JPM,101647,173"
2019-06-28 13:12:10.000000000,BEST_ASK,"JPM,101901,100"
2019-06-28 13:12:10.000000000,BEST_BID,"JPM,101647,173"
2019-06-28 13:12:10.000000000,BEST_ASK,"JPM,101901,174"
2019-06-28 13:12:10.000000000,BEST_BID,"JPM,101647,173"
2019-06-28 13:12:10.000000000,BEST_ASK,"JPM,101901,174"
2019-06-28 13:12:10.000000000,BEST_BID,"JPM,101647,173"
2019-06-28 13:12:10.000000000,BEST_ASK,"JPM,101901,174"
2019-06-28 13:12:10.000000000,BEST_BID,"JPM,101647,173"
2019-06-28 13:12:10.000000000,BEST_ASK,"JPM,101901,174"
2019-06-28 13:12:10.000000000,BEST_BID,"JPM,101647,173"
2019-06-28 13:12:10.000000000,BEST_ASK,"JPM,101901,174"
2019-06-28 13:12:13.034884669,QUERY_SPREAD,27
2019-06-28 13:12:13.034884669,BEST_BID,"JPM,101647,173"
2019-06-28 13:12:13.034884669,BEST_ASK,"JPM,101789,100"
2019-06-28 13:12:20.000000000,QUERY_SPREAD,1
2019-06-28 13:12:20.000000000,BEST_BID,"JPM,101647,285"
2019-06-28 13:12:20.000000000,BEST_ASK,"JPM,101789,100"
2019-06-28 13:12:20.000000000,BEST_BID,"JPM,101647,285"
2019-06-28 13:12:20.000000000,BEST_ASK,"JPM,101789,100"
2019-06-28 13:12:20.000000000,BEST_BID,"JPM,101647,285"
2019-06-28 13:12:20.000000000,BEST_ASK,"JPM,101789,286"
2019-06-28 13:12:20.000000000,BEST_BID,"JPM,101647,285"
2019-06-28 13:12:20.000000000,BEST_ASK,"JPM,101789,286"
2019-06-28 13:12:30.000000000,QUERY_SPREAD,1
2019-06-28 13:12:30.000000000,BEST_BID,"JPM,101647,225"
2019-06-28 13:12:30.000000000,BEST_ASK,"JPM,101789,100"
2019-06-28 13:12:30.000000000,BEST_BID,"JPM,101647,225"
2019-06-28 13:12:30.000000000,BEST_ASK,"JPM,101789,100"
2019-06-28 13:12:30.000000000,BEST_BID,"JPM,101647,225"
2019-06-28 13:12:30.000000000,BEST_ASK,"JPM,101789,100"
2019-06-28 13:12:30.000000000,BEST_BID,"JPM,101647,225"
2019-06-28 13:12:30.000000000,BEST_ASK,"JPM,101789,226"
2019-06-28 13:12:30.000000000,BEST_BID,"JPM,101647,225"
2019-06-28 13:12:30.000000000,BEST_ASK,"JPM,101789,226"
2019-06-28 13:12:30.000000000,BEST_BID,"JPM,101647,225"
2019-06-28 13:12:30.000000000,BEST_ASK,"JPM,101789,226"
2019-06-28 13:12:34.463277465,QUERY_SPREAD,15
2019-06-28 13:12:34.463277465,BEST_BID,"JPM,101647,225"
2019-06-28 13:12:34.463277465,BEST_ASK,"JPM,101789,226"
2019-06-28 13:12:36.914692926,QUERY_SPREAD,31
2019-06-28 13:12:36.914692926,BEST_BID,"JPM,101647,225"
2019-06-28 13:12:36.914692926,BEST_ASK,"JPM,101789,326"
2019-06-28 13:12:40.000000000,QUERY_SPREAD,1
2019-06-28 13:12:40.000000000,BEST_BID,"JPM,101647,470"
2019-06-28 13:12:40.000000000,BEST_ASK,"JPM,101789,200"
2019-06-28 13:12:40.000000000,BEST_BID,"JPM,101647,470"
2019-06-28 13:12:40.000000000,BEST_ASK,"JPM,101789,571"
2019-06-28 13:12:44.595099878,QUERY_ORDER_STREAM,69
2019-06-28 13:12:44.595099878,QUERY_SPREAD,69
2019-06-28 13:12:44.595099878,BEST_BID,"JPM,101647,371"
2019-06-28 13:12:44.595099878,BEST_ASK,"JPM,101789,571"
2019-06-28 13:12:50.000000000,QUERY_SPREAD,1
2019-06-28 13:12:50.000000000,BEST_BID,"JPM,101646,368"
2019-06-28 13:12:50.000000000,BEST_ASK,"JPM,101789,200"
2019-06-28 13:12:50.000000000,BEST_BID,"JPM,101646,368"
2019-06-28 13:12:50.000000000,BEST_ASK,"JPM,101789,200"
2019-06-28 13:12:50.000000000,BEST_BID,"JPM,101646,368"
2019-06-28 13:12:50.000000000,BEST_ASK,"JPM,101789,200"
2019-06-28 13:12:50.000000000,BEST_BID,"JPM,101646,368"
2019-06-28 13:12:50.000000000,BEST_ASK,"JPM,101789,326"
2019-06-28 13:12:50.000000000,BEST_BID,"JPM,101646,368"
2019-06-28 13:12:50.000000000,BEST_ASK,"JPM,101789,326"
2019-06-28 13:12:50.000000000,BEST_BID,"JPM,101646,368"
2019-06-28 13:12:50.000000000,BEST_ASK,"JPM,101789,326"
2019-06-28 13:12:51.338421890,QUERY_SPREAD,21
2019-06-28 13:12:51.338421890,BEST_BID,"JPM,101646,268"
2019-06-28 13:12:51.338421890,BEST_ASK,"JPM,101789,326"
2019-06-28 13:12:51.338421890,LAST_TRADE,"100,$101646.0000"
2019-06-28 13:12:56.099506429,QUERY_SPREAD,11
2019-06-28 13:12:56.099506429,BEST_BID,"JPM,101646,268"
2019-06-28 13:12:56.099506429,BEST_ASK,"JPM,101789,326"
2019-06-28 13:13:00.000000000,QUERY_SPREAD,1
2019-06-28 13:13:00.000000000,BEST_BID,"JPM,101646,216"
2019-06-28 13:13:00.000000000,BEST_ASK,"JPM,101789,200"
2019-06-28 13:13:00.000000000,BEST_BID,"JPM,101646,216"
2019-06-28 13:13:00.000000000,BEST_ASK,"JPM,101789,200"
2019-06-28 13:13:00.000000000,BEST_BID,"JPM,101646,216"
2019-06-28 13:13:00.000000000,BEST_ASK,"JPM,101789,200"
2019-06-28 13:13:00.000000000,BEST_BID,"JPM,101646,216"
2019-06-28 13:13:00.000000000,BEST_ASK,"JPM,101789,200"
2019-06-28 13:13:00.000000000,BEST_BID,"JPM,101646,216"
2019-06-28 13:13:00.000000000,BEST_ASK,"JPM,101789,200"
2019-06-28 13:13:00.000000000,BEST_BID,"JPM,101646,216"
2019-06-28 13:13:00.000000000,BEST_ASK,"JPM,101789,274"
2019-06-28 13:13:00.000000000,BEST_BID,"JPM,101646,216"
2019-06-28 13:13:00.000000000,BEST_ASK,"JPM,101789,274"
2019-06-28 13:13:00.000000000,BEST_BID,"JPM,101646,216"
2019-06-28 13:13:00.000000000,BEST_ASK,"JPM,101789,274"
2019-06-28 13:13:00.000000000,BEST_BID,"JPM,101646,216"
2019-06-28 13:13:00.000000000,BEST_ASK,"JPM,101789,274"
2019-06-28 13:13:00.000000000,BEST_BID,"JPM,101646,216"
2019-06-28 13:13:00.000000000,BEST_ASK,"JPM,101789,274"
2019-06-28 13:13:00.000000000,QUERY_SPREAD,77
2019-06-28 13:13:00.000000000,BEST_BID,"JPM,101646,216"
2019-06-28 13:13:00.000000000,BEST_ASK,"JPM,101789,269"
2019-06-28 13:13:00.000000000,LAST_TRADE,"5,$101789.0000"
2019-06-28 13:13:00.000000000,QUERY_SPREAD,78
2019-06-28 13:13:00.000000000,BEST_BID,"JPM,101646,216"
2019-06-28 13:13:00.000000000,BEST_ASK,"JPM,101789,261"
2019-06-28 13:13:00.000000000,LAST_TRADE,"8,$101789.0000"
2019-06-28 13:13:00.000000000,QUERY_SPREAD,79
2019-06-28 13:13:00.000000000,BEST_BID,"JPM,101646,216"
2019-06-28 13:13:00.000000000,BEST_ASK,"JPM,101789,256"
2019-06-28 13:13:00.000000000,LAST_TRADE,"5,$101789.0000"
2019-06-28 13:13:00.000000000,QUERY_SPREAD,80
2019-06-28 13:13:00.000000000,BEST_BID,"JPM,101646,216"
2019-06-28 13:13:00.000000000,BEST_ASK,"JPM,101789,248"
2019-06-28 13:13:00.000000000,LAST_TRADE,"8,$101789.0000"
2019-06-28 13:13:00.000000000,QUERY_SPREAD,81
2019-06-28 13:13:00.000000000,BEST_BID,"JPM,101646,216"
2019-06-28 13:13:00.000000000,BEST_ASK,"JPM,101789,239"
2019-06-28 13:13:00.000000000,LAST_TRADE,"9,$101789.0000"
2019-06-28 13:13:00.000000000,QUERY_SPREAD,82
2019-06-28 13:13:00.000000000,BEST_BID,"JPM,101646,216"
2019-06-28 13:13:00.000000000,BEST_ASK,"JPM,101789,236"
2019-06-28 13:13:00.000000000,LAST_TRADE,"3,$101789.0000"
2019-06-28 13:13:00.000000000,QUERY_SPREAD,83
2019-06-28 13:13:00.000000000,BEST_BID,"JPM,101646,216"
2019-06-28 13:13:00.000000000,BEST_ASK,"JPM,101789,228"
2019-06-28 13:13:00.000000000,LAST_TRADE,"8,$101789.0000"
2019-06-28 13:13:00.000000000,QUERY_SPREAD,84
2019-06-28 13:13:00.000000000,BEST_BID,"JPM,101646,216"
2019-06-28 13:13:00.000000000,BEST_ASK,"JPM,101789,224"
2019-06-28 13:13:00.000000000,LAST_TRADE,"4,$101789.0000"
2019-06-28 13:13:00.000000000,QUERY_SPREAD,85
2019-06-28 13:13:00.000000000,BEST_BID,"JPM,101646,216"
2019-06-28 13:13:00.000000000,BEST_ASK,"JPM,101789,219"
2019-06-28 13:13:00.000000000,LAST_TRADE,"5,$101789.0000"
2019-06-28 13:13:00.000000000,QUERY_SPREAD,86
2019-06-28 13:13:00.000000000,BEST_BID,"JPM,101646,216"
2019-06-28 13:13:00.000000000,BEST_ASK,"JPM,101789,217"
2019-06-28 13:13:00.000000000,LAST_TRADE,"2,$101789.0000"
2019-06-28 13:13:00.000000000,QUERY_SPREAD,87
2019-06-28 13:13:00.000000000,BEST_BID,"JPM,101646,216"
2019-06-28 13:13:00.000000000,BEST_ASK,"JPM,101789,210"
2019-06-28 13:13:00.000000000,LAST_TRADE,"7,$101789.0000"
2019-06-28 13:13:00.000000000,QUERY_SPREAD,88
2019-06-28 13:13:00.000000000,BEST_BID,"JPM,101646,216"
2019-06-28 13:13:00.000000000,BEST_ASK,"JPM,101789,202"
2019-06-28 13:13:00.000000000,LAST_TRADE,"8,$101789.0000"
2019-06-28 13:13:00.000000000,QUERY_SPREAD,89
2019-06-28 13:13:00.000000000,BEST_BID,"JPM,101646,216"
2019-06-28 13:13:00.000000000,BEST_ASK,"JPM,101789,197"
2019-06-28 13:13:00.000000000,LAST_TRADE,"5,$101789.0000"
2019-06-28 13:13:00.000000000,QUERY_SPREAD,90
2019-06-28 13:13:00.000000000,BEST_BID,"JPM,101646,216"
2019-06-28 13:13:00.000000000,BEST_ASK,"JPM,101789,193"
2019-06-28 13:13:00.000000000,LAST_TRADE,"4,$101789.0000"
2019-06-28 13:13:00.000000000,QUERY_SPREAD,91
2019-06-28 13:13:00.000000000,BEST_BID,"JPM,101646,216"
2019-06-28 13:13:00.000000000,BEST_ASK,"JPM,101789,190"
2019-06-28 13:13:00.000000000,LAST_TRADE,"3,$101789.0000"
2019-06-28 13:13:00.000000000,QUERY_SPREAD,92
2019-06-28 13:13:00.000000000,BEST_BID,"JPM,101646,216"
2019-06-28 13:13:00.000000000,BEST_ASK,"JPM,101789,185"
2019-06-28 13:13:00.000000000,LAST_TRADE,"5,$101789.0000"
2019-06-28 13:13:00.000000000,QUERY_SPREAD,93
2019-06-28 13:13:00.000000000,BEST_BID,"JPM,101646,216"
2019-06-28 13:13:00.000000000,BEST_ASK,"JPM,101789,178"
2019-06-28 13:13:00.000000000,LAST_TRADE,"7,$101789.0000"
2019-06-28 13:13:00.000000000,QUERY_SPREAD,94
2019-06-28 13:13:00.000000000,BEST_BID,"JPM,101646,216"
2019-06-28 13:13:00.000000000,BEST_ASK,"JPM,101789,177"
2019-06-28 13:13:00.000000000,LAST_TRADE,"1,$101789.0000"
2019-06-28 13:13:00.000000000,QUERY_SPREAD,95
2019-06-28 13:13:00.000000000,BEST_BID,"JPM,101646,216"
2019-06-28 13:13:00.000000000,BEST_ASK,"JPM,101789,176"
2019-06-28 13:13:00.000000000,LAST_TRADE,"1,$101789.0000"
2019-06-28 13:13:00.000000000,QUERY_SPREAD,96
2019-06-28 13:13:00.000000000,BEST_BID,"JPM,101646,216"
2019-06-28 13:13:00.000000000,BEST_ASK,"JPM,101789,172"
2019-06-28 13:13:00.000000000,LAST_TRADE,"4,$101789.0000"
2019-06-28 13:13:00.000000000,QUERY_SPREAD,97
2019-06-28 13:13:00.000000000,BEST_BID,"JPM,101646,216"
2019-06-28 13:13:00.000000000,BEST_ASK,"JPM,101789,169"
2019-06-28 13:13:00.000000000,LAST_TRADE,"3,$101789.0000"
2019-06-28 13:13:00.000000000,QUERY_SPREAD,98
2019-06-28 13:13:00.000000000,BEST_BID,"JPM,101646,216"
2019-06-28 13:13:00.000000000,BEST_ASK,"JPM,101789,164"
2019-06-28 13:13:00.000000000,LAST_TRADE,"5,$101789.0000"
2019-06-28 13:13:00.000000000,QUERY_SPREAD,99
2019-06-28 13:13:00.000000000,BEST_BID,"JPM,101646,216"
2019-06-28 13:13:00.000000000,BEST_ASK,"JPM,101789,160"
2019-06-28 13:13:00.000000000,LAST_TRADE,"4,$101789.0000"
2019-06-28 13:13:00.000000000,QUERY_SPREAD,100
2019-06-28 13:13:00.000000000,BEST_BID,"JPM,101646,216"
2019-06-28 13:13:00.000000000,BEST_ASK,"JPM,101789,155"
2019-06-28 13:13:00.000000000,LAST_TRADE,"5,$101789.0000"
2019-06-28 13:13:00.000000000,QUERY_SPREAD,101
2019-06-28 13:13:00.000000000,BEST_BID,"JPM,101646,215"
2019-06-28 13:13:00.000000000,BEST_ASK,"JPM,101789,155"
2019-06-28 13:13:00.000000000,LAST_TRADE,"1,$101646.0000"
2019-06-28 13:13:10.000000000,QUERY_SPREAD,1
2019-06-28 13:13:10.000000000,BEST_BID,"JPM,101646,267"
2019-06-28 13:13:10.000000000,BEST_ASK,"JPM,101789,81"
2019-06-28 13:13:10.000000000,BEST_BID,"JPM,101646,267"
2019-06-28 13:13:10.000000000,BEST_ASK,"JPM,101789,81"
2019-06-28 13:13:10.000000000,BEST_BID,"JPM,101646,267"
2019-06-28 13:13:10.000000000,BEST_ASK,"JPM,101789,81"
2019-06-28 13:13:10.000000000,BEST_BID,"JPM,101646,267"
2019-06-28 13:13:10.000000000,BEST_ASK,"JPM,101789,207"
2019-06-28 13:13:10.000000000,BEST_BID,"JPM,101646,267"
2019-06-28 13:13:10.000000000,BEST_ASK,"JPM,101789,207"
2019-06-28 13:13:10.000000000,BEST_BID,"JPM,101646,267"
2019-06-28 13:13:10.000000000,BEST_ASK,"JPM,101789,207"
2019-06-28 13:13:20.000000000,QUERY_SPREAD,1
2019-06-28 13:13:20.000000000,BEST_BID,"JPM,101646,234"
2019-06-28 13:13:20.000000000,BEST_ASK,"JPM,101789,81"
2019-06-28 13:13:20.000000000,BEST_BID,"JPM,101646,234"
2019-06-28 13:13:20.000000000,BEST_ASK,"JPM,101789,81"
2019-06-28 13:13:20.000000000,BEST_BID,"JPM,101646,234"
2019-06-28 13:13:20.000000000,BEST_ASK,"JPM,101789,81"
2019-06-28 13:13:20.000000000,BEST_BID,"JPM,101646,234"
2019-06-28 13:13:20.000000000,BEST_ASK,"JPM,101789,81"
2019-06-28 13:13:20.000000000,BEST_BID,"JPM,101646,234"
2019-06-28 13:13:20.000000000,BEST_ASK,"JPM,101789,174"
2019-06-28 13:13:20.000000000,BEST_BID,"JPM,101646,234"
2019-06-28 13:13:20.000000000,BEST_ASK,"JPM,101789,174"
2019-06-28 13:13:20.000000000,BEST_BID,"JPM,101646,234"
2019-06-28 13:13:20.000000000,BEST_ASK,"JPM,101789,174"
2019-06-28 13:13:20.000000000,BEST_BID,"JPM,101646,234"
2019-06-28 13:13:20.000000000,BEST_ASK,"JPM,101789,174"
2019-06-28 13:13:21.814028649,QUERY_SPREAD,26
2019-06-28 13:13:21.814028649,BEST_BID,"JPM,101646,234"
2019-06-28 13:13:21.814028649,BEST_ASK,"JPM,101789,174"
2019-06-28 13:13:22.334998337,QUERY_ORDER_STREAM,65
2019-06-28 13:13:22.334998337,QUERY_SPREAD,65
2019-06-28 13:13:22.334998337,BEST_BID,"JPM,101646,234"
2019-06-28 13:13:22.334998337,BEST_ASK,"JPM,101789,274"
2019-06-28 13:13:30.000000000,QUERY_SPREAD,1
2019-06-28 13:13:30.000000000,BEST_BID,"JPM,101646,215"
2019-06-28 13:13:30.000000000,BEST_ASK,"JPM,101789,181"
2019-06-28 13:13:30.000000000,BEST_BID,"JPM,101646,215"
2019-06-28 13:13:30.000000000,BEST_ASK,"JPM,101789,181"
2019-06-28 13:13:30.000000000,BEST_BID,"JPM,101646,215"
2019-06-28 13:13:30.000000000,BEST_ASK,"JPM,101789,181"
2019-06-28 13:13:30.000000000,BEST_BID,"JPM,101646,215"
2019-06-28 13:13:30.000000000,BEST_ASK,"JPM,101789,181"
2019-06-28 13:13:30.000000000,BEST_BID,"JPM,101646,215"
2019-06-28 13:13:30.000000000,BEST_ASK,"JPM,101789,181"
2019-06-28 13:13:30.000000000,BEST_BID,"JPM,101646,215"
2019-06-28 13:13:30.000000000,BEST_ASK,"JPM,101789,255"
2019-06-28 13:13:30.000000000,BEST_BID,"JPM,101646,215"
2019-06-28 13:13:30.000000000,BEST_ASK,"JPM,101789,255"
2019-06-28 13:13:30.000000000,BEST_BID,"JPM,101646,215"
2019-06-28 13:13:30.000000000,BEST_ASK,"JPM,101789,255"
2019-06-28 13:13:30.000000000,BEST_BID,"JPM,101646,215"
2019-06-28 13:13:30.000000000,BEST_ASK,"JPM,101789,255"
2019-06-28 13:13:30.000000000,BEST_BID,"JPM,101646,215"
2019-06-28 13:13:30.000000000,BEST_ASK,"JPM,101789,255"
2019-06-28 13:13:32.212792096,QUERY_SPREAD,28
2019-06-28 13:13:32.212792096,BEST_BID,"JPM,101646,115"
2019-06-28 13:13:32.212792096,BEST_ASK,"JPM,101789,255"
2019-06-28 13:13:32.212792096,LAST_TRADE,"100,$101646.0000"
2019-06-28 13:13:39.027459558,QUERY_SPREAD,6
2019-06-28 13:13:39.027459558,BEST_BID,"JPM,101646,115"
2019-06-28 13:13:39.027459558,BEST_ASK,"JPM,101789,255"
2019-06-28 13:13:40.000000000,QUERY_SPREAD,1
2019-06-28 13:13:40.000000000,BEST_BID,"JPM,101646,412"
2019-06-28 13:13:40.000000000,BEST_ASK,"JPM,101789,181"
2019-06-28 13:13:40.000000000,BEST_BID,"JPM,101646,412"
2019-06-28 13:13:40.000000000,BEST_ASK,"JPM,101789,552"
2019-06-28 13:13:44.687139800,QUERY_SPREAD,9
2019-06-28 13:13:44.687139800,BEST_BID,"JPM,101646,412"
2019-06-28 13:13:44.687139800,BEST_ASK,"JPM,101789,552"
2019-06-28 13:13:50.000000000,QUERY_SPREAD,1
2019-06-28 13:13:50.000000000,BEST_BID,"JPM,101646,227"
2019-06-28 13:13:50.000000000,BEST_ASK,"JPM,101789,181"
2019-06-28 13:13:50.000000000,BEST_BID,"JPM,101646,227"
2019-06-28 13:13:50.000000000,BEST_ASK,"JPM,101789,181"
2019-06-28 13:13:50.000000000,BEST_BID,"JPM,101646,227"
2019-06-28 13:13:50.000000000,BEST_ASK,"JPM,101789,367"
2019-06-28 13:13:50.000000000,BEST_BID,"JPM,101646,227"
2019-06-28 13:13:50.000000000,BEST_ASK,"JPM,101789,367"
2019-06-28 13:14:00.000000000,QUERY_SPREAD,1
2019-06-28 13:14:00.000000000,BEST_BID,"JPM,101646,134"
2019-06-28 13:14:00.000000000,BEST_ASK,"JPM,101789,181"
2019-06-28 13:14:00.000000000,BEST_BID,"JPM,101646,134"
2019-06-28 13:14:00.000000000,BEST_ASK,"JPM,101789,181"
2019-06-28 13:14:00.000000000,BEST_BID,"JPM,101646,134"
2019-06-28 13:14:00.000000000,BEST_ASK,"JPM,101789,181"
2019-06-28 13:14:00.000000000,BEST_BID,"JPM,101646,134"
2019-06-28 13:14:00.000000000,BEST_ASK,"JPM,101789,181"
2019-06-28 13:14:00.000000000,BEST_BID,"JPM,101646,134"
2019-06-28 13:14:00.000000000,BEST_ASK,"JPM,101789,274"
2019-06-28 13:14:00.000000000,BEST_BID,"JPM,101646,134"
2019-06-28 13:14:00.000000000,BEST_ASK,"JPM,101789,274"
2019-06-28 13:14:00.000000000,BEST_BID,"JPM,101646,134"
2019-06-28 13:14:00.000000000,BEST_ASK,"JPM,101789,274"
2019-06-28 13:14:00.000000000,BEST_BID,"JPM,101646,134"
2019-06-28 13:14:00.000000000,BEST_ASK,"JPM,101789,274"
2019-06-28 13:14:00.000000000,QUERY_SPREAD,77
2019-06-28 13:14:00.000000000,BEST_BID,"JPM,101646,134"
2019-06-28 13:14:00.000000000,BEST_ASK,"JPM,101789,269"
2019-06-28 13:14:00.000000000,LAST_TRADE,"5,$101789.0000"
2019-06-28 13:14:00.000000000,QUERY_SPREAD,78
2019-06-28 13:14:00.000000000,BEST_BID,"JPM,101646,134"
2019-06-28 13:14:00.000000000,BEST_ASK,"JPM,101789,261"
2019-06-28 13:14:00.000000000,LAST_TRADE,"8,$101789.0000"
2019-06-28 13:14:00.000000000,QUERY_SPREAD,79
2019-06-28 13:14:00.000000000,BEST_BID,"JPM,101646,134"
2019-06-28 13:14:00.000000000,BEST_ASK,"JPM,101789,256"
2019-06-28 13:14:00.000000000,LAST_TRADE,"5,$101789.0000"
2019-06-28 13:14:00.000000000,QUERY_SPREAD,80
2019-06-28 13:14:00.000000000,BEST_BID,"JPM,101646,134"
2019-06-28 13:14:00.000000000,BEST_ASK,"JPM,101789,248"
2019-06-28 13:14:00.000000000,LAST_TRADE,"8,$101789.0000"
2019-06-28 13:14:00.000000000,QUERY_SPREAD,81
2019-06-28 13:14:00.000000000,BEST_BID,"JPM,101646,134"
2019-06-28 13:14:00.000000000,BEST_ASK,"JPM,101789,239"
2019-06-28 13:14:00.000000000,LAST_TRADE,"9,$101789.0000"
2019-06-28 13:14:00.000000000,QUERY_SPREAD,82
2019-06-28 13:14:00.000000000,BEST_BID,"JPM,101646,134"
2019-06-28 13:14:00.000000000,BEST_ASK,"JPM,101789,236"
2019-06-28 13:14:00.000000000,LAST_TRADE,"3,$101789.0000"
2019-06-28 13:14:00.000000000,QUERY_SPREAD,83
2019-06-28 13:14:00.000000000,BEST_BID,"JPM,101646,134"
2019-06-28 13:14:00.000000000,BEST_ASK,"JPM,101789,228"
2019-06-28 13:14:00.000000000,LAST_TRADE,"8,$101789.0000"
2019-06-28 13:14:00.000000000,QUERY_SPREAD,84
2019-06-28 13:14:00.000000000,BEST_BID,"JPM,101646,134"
2019-06-28 13:14:00.000000000,BEST_ASK,"JPM,101789,224"
2019-06-28 13:14:00.000000000,LAST_TRADE,"4,$101789.0000"
2019-06-28 13:14:00.000000000,QUERY_SPREAD,85
2019-06-28 13:14:00.000000000,BEST_BID,"JPM,101646,134"
2019-06-28 13:14:00.000000000,BEST_ASK,"JPM,101789,219"
2019-06-28 13:14:00.000000000,LAST_TRADE,"5,$101789.0000"
2019-06-28 13:14:00.000000000,QUERY_SPREAD,86
2019-06-28 13:14:00.000000000,BEST_BID,"JPM,101646,134"
2019-06-28 13:14:00.000000000,BEST_ASK,"JPM,101789,217"
2019-06-28 13:14:00.000000000,LAST_TRADE,"2,$101789.0000"
2019-06-28 13:14:00.000000000,QUERY_SPREAD,87
2019-06-28 13:14:00.000000000,BEST_BID,"JPM,101646,134"
2019-06-28 13:14:00.000000000,BEST_ASK,"JPM,101789,210"
2019-06-28 13:14:00.000000000,LAST_TRADE,"7,$101789.0000"
2019-06-28 13:14:00.000000000,QUERY_SPREAD,88
2019-06-28 13:14:00.000000000,BEST_BID,"JPM,101646,134"
2019-06-28 13:14:00.000000000,BEST_ASK,"JPM,101789,202"
2019-06-28 13:14:00.000000000,LAST_TRADE,"8,$101789.0000"
2019-06-28 13:14:00.000000000,QUERY_SPREAD,89
2019-06-28 13:14:00.000000000,BEST_BID,"JPM,101646,134"
2019-06-28 13:14:00.000000000,BEST_ASK,"JPM,101789,197"
2019-06-28 13:14:00.000000000,LAST_TRADE,"5,$101789.0000"
2019-06-28 13:14:00.000000000,QUERY_SPREAD,90
2019-06-28 13:14:00.000000000,BEST_BID,"JPM,101646,134"
2019-06-28 13:14:00.000000000,BEST_ASK,"JPM,101789,193"
2019-06-28 13:14:00.000000000,LAST_TRADE,"4,$101789.0000"
2019-06-28 13:14:00.000000000,QUERY_SPREAD,91
2019-06-28 13:14:00.000000000,BEST_BID,"JPM,101646,134"
2019-06-28 13:14:00.000000000,BEST_ASK,"JPM,101789,190"
2019-06-28 13:14:00.000000000,LAST_TRADE,"3,$101789.0000"
2019-06-28 13:14:00.000000000,QUERY_SPREAD,92
2019-06-28 13:14:00.000000000,BEST_BID,"JPM,101646,134"
2019-06-28 13:14:00.000000000,BEST_ASK,"JPM,101789,185"
2019-06-28 13:14:00.000000000,LAST_TRADE,"5,$101789.0000"
2019-06-28 13:14:00.000000000,QUERY_SPREAD,93
2019-06-28 13:14:00.000000000,BEST_BID,"JPM,101646,134"
2019-06-28 13:14:00.000000000,BEST_ASK,"JPM,101789,178"
2019-06-28 13:14:00.000000000,LAST_TRADE,"7,$101789.0000"
2019-06-28 13:14:00.000000000,QUERY_SPREAD,94
2019-06-28 13:14:00.000000000,BEST_BID,"JPM,101646,134"
2019-06-28 13:14:00.000000000,BEST_ASK,"JPM,101789,177"
2019-06-28 13:14:00.000000000,LAST_TRADE,"1,$101789.0000"
2019-06-28 13:14:00.000000000,QUERY_SPREAD,95
2019-06-28 13:14:00.000000000,BEST_BID,"JPM,101646,134"
2019-06-28 13:14:00.000000000,BEST_ASK,"JPM,101789,176"
2019-06-28 13:14:00.000000000,LAST_TRADE,"1,$101789.0000"
2019-06-28 13:14:00.000000000,QUERY_SPREAD,96
2019-06-28 13:14:00.000000000,BEST_BID,"JPM,101646,134"
2019-06-28 13:14:00.000000000,BEST_ASK,"JPM,101789,172"
2019-06-28 13:14:00.000000000,LAST_TRADE,"4,$101789.0000"
2019-06-28 13:14:00.000000000,QUERY_SPREAD,97
2019-06-28 13:14:00.000000000,BEST_BID,"JPM,101646,134"
2019-06-28 13:14:00.000000000,BEST_ASK,"JPM,101789,169"
2019-06-28 13:14:00.000000000,LAST_TRADE,"3,$101789.0000"
2019-06-28 13:14:00.000000000,QUERY_SPREAD,98
2019-06-28 13:14:00.000000000,BEST_BID,"JPM,101646,134"
2019-06-28 13:14:00.000000000,BEST_ASK,"JPM,101789,164"
2019-06-28 13:14:00.000000000,LAST_TRADE,"5,$101789.0000"
2019-06-28 13:14:00.000000000,QUERY_SPREAD,99
2019-06-28 13:14:00.000000000,BEST_BID,"JPM,101646,134"
2019-06-28 13:14:00.000000000,BEST_ASK,"JPM,101789,160"
2019-06-28 13:14:00.000000000,LAST_TRADE,"4,$101789.0000"
2019-06-28 13:14:00.000000000,QUERY_SPREAD,100
2019-06-28 13:14:00.000000000,BEST_BID,"JPM,101646,134"
2019-06-28 13:14:00.000000000,BEST_ASK,"JPM,101789,155"
2019-06-28 13:14:00.000000000,LAST_TRADE,"5,$101789.0000"
2019-06-28 13:14:00.000000000,QUERY_SPREAD,101
2019-06-28 13:14:00.000000000,BEST_BID,"JPM,101646,133"
2019-06-28 13:14:00.000000000,BEST_ASK,"JPM,101789,155"
2019-06-28 13:14:00.000000000,LAST_TRADE,"1,$101646.0000"
2019-06-28 13:14:07.393742313,QUERY_SPREAD,12
2019-06-28 13:14:07.393742313,BEST_BID,"JPM,101646,33"
2019-06-28 13:14:07.393742313,BEST_ASK,"JPM,101789,155"
2019-06-28 13:14:07.393742313,LAST_TRADE,"100,$101646.0000"
2019-06-28 13:14:10.000000000,QUERY_SPREAD,1
2019-06-28 13:14:10.000000000,BEST_BID,"JPM,101620,286"
2019-06-28 13:14:10.000000000,BEST_ASK,"JPM,101789,62"
2019-06-28 13:14:10.000000000,BEST_BID,"JPM,101620,286"
2019-06-28 13:14:10.000000000,BEST_ASK,"JPM,101789,62"
2019-06-28 13:14:10.000000000,BEST_BID,"JPM,101620,286"
2019-06-28 13:14:10.000000000,BEST_ASK,"JPM,101789,248"
2019-06-28 13:14:10.000000000,BEST_BID,"JPM,101620,286"
2019-06-28 13:14:10.000000000,BEST_ASK,"JPM,101789,248"
2019-06-28 13:14:11.795986334,QUERY_SPREAD,24
2019-06-28 13:14:11.795986334,BEST_BID,"JPM,101620,286"
2019-06-28 13:14:11.795986334,BEST_ASK,"JPM,101789,248"
2019-06-28 13:14:20.000000000,QUERY_SPREAD,1
2019-06-28 13:14:20.000000000,BEST_BID,"JPM,101620,286"
2019-06-28 13:14:20.000000000,BEST_ASK,"JPM,101789,62"
2019-06-28 13:14:20.000000000,BEST_BID,"JPM,101620,286"
2019-06-28 13:14:20.000000000,BEST_ASK,"JPM,101789,62"
2019-06-28 13:14:20.000000000,BEST_BID,"JPM,101620,286"
2019-06-28 13:14:20.000000000,BEST_ASK,"JPM,101789,248"
2019-06-28 13:14:20.000000000,BEST_BID,"JPM,101620,286"
2019-06-28 13:14:20.000000000,BEST_ASK,"JPM,101789,248"
2019-06-28 13:14:30.000000000,QUERY_SPREAD,1
2019-06-28 13:14:30.000000000,BEST_BID,"JPM,101620,193"
2019-06-28 13:14:30.000000000,BEST_ASK,"JPM,101789,62"
2019-06-28 13:14:30.000000000,BEST_BID,"JPM,101620,193"
2019-06-28 13:14:30.000000000,BEST_ASK,"JPM,101789,62"
2019-06-28 13:14:30.000000000,BEST_BID,"JPM,101620,193"
2019-06-28 13:14:30.000000000,BEST_ASK,"JPM,101789,62"
2019-06-28 13:14:30.000000000,BEST_BID,"JPM,101620,193"
2019-06-28 13:14:30.000000000,BEST_ASK,"JPM,101789,62"
2019-06-28 13:14:30.000000000,BEST_BID,"JPM,101620,193"
2019-06-28 13:14:30.000000000,BEST_ASK,"JPM,101789,155"
2019-06-28 13:14:30.000000000,BEST_BID,"JPM,101620,193"
2019-06-28 13:14:30.000000000,BEST_ASK,"JPM,101789,155"
2019-06-28 13:14:30.000000000,BEST_BID,"JPM,101620,193"
2019-06-28 13:14:30.000000000,BEST_ASK,"JPM,101789,155"
2019-06-28 13:14:30.000000000,BEST_BID,"JPM,101620,193"
2019-06-28 13:14:30.000000000,BEST_ASK,"JPM,101789,155"
2019-06-28 13:14:36.932347599,QUERY_ORDER_STREAM,60
2019-06-28 13:14:36.932347599,QUERY_SPREAD,60
2019-06-28 13:14:36.932347599,BEST_BID,"JPM,101620,193"
2019-06-28 13:14:36.932347599,BEST_ASK,"JPM,101646,100"
2019-06-28 13:14:40.000000000,QUERY_SPREAD,1
2019-06-28 13:14:40.000000000,BEST_BID,"JPM,101620,286"
2019-06-28 13:14:40.000000000,BEST_ASK,"JPM,101646,100"
2019-06-28 13:14:40.000000000,BEST_BID,"JPM,101620,286"
2019-06-28 13:14:40.000000000,BEST_ASK,"JPM,101646,100"
2019-06-28 13:14:40.000000000,BEST_BID,"JPM,101620,286"
2019-06-28 13:14:40.000000000,BEST_ASK,"JPM,101646,286"
2019-06-28 13:14:40.000000000,BEST_BID,"JPM,101620,286"
2019-06-28 13:14:40.000000000,BEST_ASK,"JPM,101646,286"
2019-06-28 13:14:48.421824599,QUERY_SPREAD,2
2019-06-28 13:14:48.421824599,BEST_BID,"JPM,101620,186"
2019-06-28 13:14:48.421824599,BEST_ASK,"JPM,101646,286"
2019-06-28 13:14:48.421824599,LAST_TRADE,"100,$101620.0000"
2019-06-28 13:14:50.000000000,QUERY_SPREAD,1
2019-06-28 13:14:50.000000000,BEST_BID,"JPM,101581,286"
2019-06-28 13:14:50.000000000,BEST_ASK,"JPM,101646,100"
2019-06-28 13:14:50.000000000,BEST_BID,"JPM,101581,286"
2019-06-28 13:14:50.000000000,BEST_ASK,"JPM,101646,100"
2019-06-28 13:14:50.000000000,BEST_BID,"JPM,101581,286"
2019-06-28 13:14:50.000000000,BEST_ASK,"JPM,101646,286"
2019-06-28 13:14:50.000000000,BEST_BID,"JPM,101581,286"
2019-06-28 13:14:50.000000000,BEST_ASK,"JPM,101646,286"
2019-06-28 13:15:00.000000000,QUERY_SPREAD,1
2019-06-28 13:15:00.000000000,BEST_BID,"JPM,101581,226"
2019-06-28 13:15:00.000000000,BEST_ASK,"JPM,101646,100"
2019-06-28 13:15:00.000000000,BEST_BID,"JPM,101581,226"
2019-06-28 13:15:00.000000000,BEST_ASK,"JPM,101646,100"
2019-06-28 13:15:00.000000000,BEST_BID,"JPM,101581,226"
2019-06-28 13:15:00.000000000,BEST_ASK,"JPM,101646,100"
2019-06-28 13:15:00.000000000,BEST_BID,"JPM,101581,226"
2019-06-28 13:15:00.000000000,BEST_ASK,"JPM,101646,226"
2019-06-28 13:15:00.000000000,BEST_BID,"JPM,101581,226"
2019-06-28 13:15:00.000000000,BEST_ASK,"JPM,101646,226"
2019-06-28 13:15:00.000000000,BEST_BID,"JPM,101581,226"
2019-06-28 13:15:00.000000000,BEST_ASK,"JPM,101646,226"
2019-06-28 13:15:00.000000000,QUERY_SPREAD,77
2019-06-28 13:15:00.000000000,BEST_BID,"JPM,101581,226"
2019-06-28 13:15:00.000000000,BEST_ASK,"JPM,101646,221"
2019-06-28 13:15:00.000000000,LAST_TRADE,"5,$101646.0000"
2019-06-28 13:15:00.000000000,QUERY_SPREAD,78
2019-06-28 13:15:00.000000000,BEST_BID,"JPM,101581,226"
2019-06-28 13:15:00.000000000,BEST_ASK,"JPM,101646,213"
2019-06-28 13:15:00.000000000,LAST_TRADE,"8,$101646.0000"
2019-06-28 13:15:00.000000000,QUERY_SPREAD,79
2019-06-28 13:15:00.000000000,BEST_BID,"JPM,101581,226"
2019-06-28 13:15:00.000000000,BEST_ASK,"JPM,101646,208"
2019-06-28 13:15:00.000000000,LAST_TRADE,"5,$101646.0000"
2019-06-28 13:15:00.000000000,QUERY_SPREAD,80
2019-06-28 13:15:00.000000000,BEST_BID,"JPM,101581,226"
2019-06-28 13:15:00.000000000,BEST_ASK,"JPM,101646,200"
2019-06-28 13:15:00.000000000,LAST_TRADE,"8,$101646.0000"
2019-06-28 13:15:00.000000000,QUERY_SPREAD,81
2019-06-28 13:15:00.000000000,BEST_BID,"JPM,101581,226"
2019-06-28 13:15:00.000000000,BEST_ASK,"JPM,101646,191"
2019-06-28 13:15:00.000000000,LAST_TRADE,"9,$101646.0000"
2019-06-28 13:15:00.000000000,QUERY_SPREAD,82
2019-06-28 13:15:00.000000000,BEST_BID,"JPM,101581,226"
2019-06-28 13:15:00.000000000,BEST_ASK,"JPM,101646,188"
2019-06-28 13:15:00.000000000,LAST_TRADE,"3,$101646.0000"
2019-06-28 13:15:00.000000000,QUERY_SPREAD,83
2019-06-28 13:15:00.000000000,BEST_BID,"JPM,101581,226"
2019-06-28 13:15:00.000000000,BEST_ASK,"JPM,101646,180"
2019-06-28 13:15:00.000000000,LAST_TRADE,"8,$101646.0000"
2019-06-28 13:15:00.000000000,QUERY_SPREAD,84
2019-06-28 13:15:00.000000000,BEST_BID,"JPM,101581,226"
2019-06-28 13:15:00.000000000,BEST_ASK,"JPM,101646,176"
2019-06-28 13:15:00.000000000,LAST_TRADE,"4,$101646.0000"
2019-06-28 13:15:00.000000000,QUERY_SPREAD,85
2019-06-28 13:15:00.000000000,BEST_BID,"JPM,101581,226"
2019-06-28 13:15:00.000000000,BEST_ASK,"JPM,101646,171"
2019-06-28 13:15:00.000000000,LAST_TRADE,"5,$101646.0000"
2019-06-28 13:15:00.000000000,QUERY_SPREAD,86
2019-06-28 13:15:00.000000000,BEST_BID,"JPM,101581,226"
2019-06-28 13:15:00.000000000,BEST_ASK,"JPM,101646,169"
2019-06-28 13:15:00.000000000,LAST_TRADE,"2,$101646.0000"
2019-06-28 13:15:00.000000000,QUERY_SPREAD,87
2019-06-28 13:15:00.000000000,BEST_BID,"JPM,101581,226"
2019-06-28 13:15:00.000000000,BEST_ASK,"JPM,101646,162"
2019-06-28 13:15:00.000000000,LAST_TRADE,"7,$101646.0000"
2019-06-28 13:15:00.000000000,QUERY_SPREAD,88
2019-06-28 13:15:00.000000000,BEST_BID,"JPM,101581,226"
2019-06-28 13:15:00.000000000,BEST_ASK,"JPM,101646,154"
2019-06-28 13:15:00.000000000,LAST_TRADE,"8,$101646.0000"
2019-06-28 13:15:00.000000000,QUERY_SPREAD,89
2019-06-28 13:15:00.000000000,BEST_BID,"JPM,101581,226"
2019-06-28 13:15:00.000000000,BEST_ASK,"JPM,101646,149"
2019-06-28 13:15:00.000000000,LAST_TRADE,"5,$101646.0000"
2019-06-28 13:15:00.000000000,QUERY_SPREAD,90
2019-06-28 13:15:00.000000000,BEST_BID,"JPM,101581,226"
2019-06-28 13:15:00.000000000,BEST_ASK,"JPM,101646,145"
2019-06-28 13:15:00.000000000,LAST_TRADE,"4,$101646.0000"
2019-06-28 13:15:00.000000000,QUERY_SPREAD,91
2019-06-28 13:15:00.000000000,BEST_BID,"JPM,101581,226"
2019-06-28 13:15:00.000000000,BEST_ASK,"JPM,101646,142"
2019-06-28 13:15:00.000000000,LAST_TRADE,"3,$101646.0000"
2019-06-28 13:15:00.000000000,QUERY_SPREAD,92
2019-06-28 13:15:00.000000000,BEST_BID,"JPM,101581,226"
2019-06-28 13:15:00.000000000,BEST_ASK,"JPM,101646,137"
2019-06-28 13:15:00.000000000,LAST_TRADE,"5,$101646.0000"
2019-06-28 13:15:00.000000000,QUERY_SPREAD,93
2019-06-28 13:15:00.000000000,BEST_BID,"JPM,101581,226"
2019-06-28 13:15:00.000000000,BEST_ASK,"JPM,101646,130"
2019-06-28 13:15:00.000000000,LAST_TRADE,"7,$101646.0000"
2019-06-28 13:15:00.000000000,QUERY_SPREAD,94
2019-06-28 13:15:00.000000000,BEST_BID,"JPM,101581,226"
2019-06-28 13:15:00.000000000,BEST_ASK,"JPM,101646,129"
2019-06-28 13:15:00.000000000,LAST_TRADE,"1,$101646.0000"
2019-06-28 13:15:00.000000000,QUERY_SPREAD,95
2019-06-28 13:15:00.000000000,BEST_BID,"JPM,101581,226"
2019-06-28 13:15:00.000000000,BEST_ASK,"JPM,101646,128"
2019-06-28 13:15:00.000000000,LAST_TRADE,"1,$101646.0000"
2019-06-28 13:15:00.000000000,QUERY_SPREAD,96
2019-06-28 13:15:00.000000000,BEST_BID,"JPM,101581,226"
2019-06-28 13:15:00.000000000,BEST_ASK,"JPM,101646,124"
2019-06-28 13:15:00.000000000,LAST_TRADE,"4,$101646.0000"
2019-06-28 13:15:00.000000000,QUERY_SPREAD,97
2019-06-28 13:15:00.000000000,BEST_BID,"JPM,101581,226"
2019-06-28 13:15:00.000000000,BEST_ASK,"JPM,101646,121"
2019-06-28 13:15:00.000000000,LAST_TRADE,"3,$101646.0000"
2019-06-28 13:15:00.000000000,QUERY_SPREAD,98
2019-06-28 13:15:00.000000000,BEST_BID,"JPM,101581,226"
2019-06-28 13:15:00.000000000,BEST_ASK,"JPM,101646,116"
2019-06-28 13:15:00.000000000,LAST_TRADE,"5,$101646.0000"
2019-06-28 13:15:00.000000000,QUERY_SPREAD,99
2019-06-28 13:15:00.000000000,BEST_BID,"JPM,101581,226"
2019-06-28 13:15:00.000000000,BEST_ASK,"JPM,101646,112"
2019-06-28 13:15:00.000000000,LAST_TRADE,"4,$101646.0000"
2019-06-28 13:15:00.000000000,QUERY_SPREAD,100
2019-06-28 13:15:00.000000000,BEST_BID,"JPM,101581,226"
2019-06-28 13:15:00.000000000,BEST_ASK,"JPM,101646,107"
2019-06-28 13:15:00.000000000,LAST_TRADE,"5,$101646.0000"
2019-06-28 13:15:00.000000000,QUERY_SPREAD,101
2019-06-28 13:15:00.000000000,BEST_BID,"JPM,101581,225"
2019-06-28 13:15:00.000000000,BEST_ASK,"JPM,101646,107"
2019-06-28 13:15:00.000000000,LAST_TRADE,"1,$101581.0000"
2019-06-28 13:15:10.000000000,QUERY_SPREAD,1
2019-06-28 13:15:10.000000000,BEST_BID,"JPM,101581,192"
2019-06-28 13:15:10.000000000,BEST_ASK,"JPM,101789,62"
2019-06-28 13:15:10.000000000,BEST_BID,"JPM,101581,192"
2019-06-28 13:15:10.000000000,BEST_ASK,"JPM,101789,62"
2019-06-28 13:15:10.000000000,BEST_BID,"JPM,101581,192"
2019-06-28 13:15:10.000000000,BEST_ASK,"JPM,101789,62"
2019-06-28 13:15:10.000000000,BEST_BID,"JPM,101581,192"
2019-06-28 13:15:10.000000000,BEST_ASK,"JPM,101789,62"
2019-06-28 13:15:10.000000000,BEST_BID,"JPM,101581,192"
2019-06-28 13:15:10.000000000,BEST_ASK,"JPM,101789,155"
2019-06-28 13:15:10.000000000,BEST_BID,"JPM,101581,192"
2019-06-28 13:15:10.000000000,BEST_ASK,"JPM,101789,155"
2019-06-28 13:15:10.000000000,BEST_BID,"JPM,101581,192"
2019-06-28 13:15:10.000000000,BEST_ASK,"JPM,101789,155"
2019-06-28 13:15:10.000000000,BEST_BID,"JPM,101581,192"
2019-06-28 13:15:10.000000000,BEST_ASK,"JPM,101789,155"
2019-06-28 13:15:11.220779116,QUERY_ORDER_STREAM,52
2019-06-28 13:15:11.220779116,QUERY_SPREAD,52
2019-06-28 13:15:14.763577696,QUERY_SPREAD,51
2019-06-28 13:15:14.763577696,BEST_BID,"JPM,101581,192"
2019-06-28 13:15:14.763577696,BEST_ASK,"JPM,101789,155"
2019-06-28 13:15:20.000000000,QUERY_SPREAD,1
2019-06-28 13:15:20.000000000,BEST_BID,"JPM,101581,225"
2019-06-28 13:15:20.000000000,BEST_ASK,"JPM,101789,62"
2019-06-28 13:15:20.000000000,BEST_BID,"JPM,101581,225"
2019-06-28 13:15:20.000000000,BEST_ASK,"JPM,101789,62"
2019-06-28 13:15:20.000000000,BEST_BID,"JPM,101581,225"
2019-06-28 13:15:20.000000000,BEST_ASK,"JPM,101789,62"
2019-06-28 13:15:20.000000000,BEST_BID,"JPM,101581,225"
2019-06-28 13:15:20.000000000,BEST_ASK,"JPM,101789,188"
2019-06-28 13:15:20.000000000,BEST_BID,"JPM,101581,225"
2019-06-28 13:15:20.000000000,BEST_ASK,"JPM,101789,188"
2019-06-28 13:15:20.000000000,BEST_BID,"JPM,101581,225"
2019-06-28 13:15:20.000000000,BEST_ASK,"JPM,101789,188"
2019-06-28 13:15:26.412635899,QUERY_SPREAD,32
2019-06-28 13:15:26.412635899,BEST_BID,"JPM,101581,225"
2019-06-28 13:15:26.412635899,BEST_ASK,"JPM,101789,188"
2019-06-28 13:15:30.000000000,QUERY_SPREAD,1
2019-06-28 13:15:30.000000000,BEST_BID,"JPM,101581,470"
2019-06-28 13:15:30.000000000,BEST_ASK,"JPM,101789,62"
2019-06-28 13:15:30.000000000,BEST_BID,"JPM,101581,470"
2019-06-28 13:15:30.000000000,BEST_ASK,"JPM,101789,433"
2019-06-28 13:15:37.734921501,QUERY_SPREAD,50
2019-06-28 13:15:37.734921501,BEST_BID,"JPM,101581,470"
2019-06-28 13:15:37.734921501,BEST_ASK,"JPM,101789,433"
2019-06-28 13:15:40.000000000,QUERY_SPREAD,1
2019-06-28 13:15:40.000000000,BEST_BID,"JPM,101581,225"
2019-06-28 13:15:40.000000000,BEST_ASK,"JPM,101789,62"
2019-06-28 13:15:40.000000000,BEST_BID,"JPM,101581,225"
2019-06-28 13:15:40.000000000,BEST_ASK,"JPM,101789,62"
2019-06-28 13:15:40.000000000,BEST_BID,"JPM,101581,225"
2019-06-28 13:15:40.000000000,BEST_ASK,"JPM,101789,62"
2019-06-28 13:15:40.000000000,BEST_BID,"JPM,101581,225"
2019-06-28 13:15:40.000000000,BEST_ASK,"JPM,101789,188"
2019-06-28 13:15:40.000000000,BEST_BID,"JPM,101581,225"
2019-06-28 13:15:40.000000000,BEST_ASK,"JPM,101789,188"
2019-06-28 13:15:40.000000000,BEST_BID,"JPM,101581,225"
2019-06-28 13:15:40.000000000,BEST_ASK,"JPM,101789,188"
2019-06-28 13:15:42.695975510,QUERY_ORDER_STREAM,62
2019-06-28 13:15:42.695975510,QUERY_SPREAD,62
2019-06-28 13:15:49.719391481,QUERY_SPREAD,41
2019-06-28 13:15:49.719391481,BEST_BID,"JPM,101581,125"
2019-06-28 13:15:49.719391481,BEST_ASK,"JPM,101789,188"
2019-06-28 13:15:49.719391481,LAST_TRADE,"100,$101581.0000"
2019-06-28 13:15:50.000000000,QUERY_SPREAD,1
2019-06-28 13:15:50.000000000,BEST_BID,"JPM,101400,174"
2019-06-28 13:15:50.000000000,BEST_ASK,"JPM,101789,62"
2019-06-28 13:15:50.000000000,BEST_BID,"JPM,101400,174"
2019-06-28 13:15:50.000000000,BEST_ASK,"JPM,101789,62"
2019-06-28 13:15:50.000000000,BEST_BID,"JPM,101400,174"
2019-06-28 13:15:50.000000000,BEST_ASK,"JPM,101789,62"
2019-06-28 13:15:50.000000000,BEST_BID,"JPM,101400,174"
2019-06-28 13:15:50.000000000,BEST_ASK,"JPM,101789,62"
2019-06-28 13:15:50.000000000,BEST_BID,"JPM,101400,174"
2019-06-28 13:15:50.000000000,BEST_ASK,"JPM,101789,62"
2019-06-28 13:15:50.000000000,BEST_BID,"JPM,101400,174"
2019-06-28 13:15:50.000000000,BEST_ASK,"JPM,101789,136"
2019-06-28 13:15:50.000000000,BEST_BID,"JPM,101400,174"
2019-06-28 13:15:50.000000000,BEST_ASK,"JPM,101789,136"
2019-06-28 13:15:50.000000000,BEST_BID,"JPM,101400,174"
2019-06-28 13:15:50.000000000,BEST_ASK,"JPM,101789,136"
2019-06-28 13:15:50.000000000,BEST_BID,"JPM,101400,174"
2019-06-28 13:15:50.000000000,BEST_ASK,"JPM,101789,136"
2019-06-28 13:15:50.000000000,BEST_BID,"JPM,101400,174"
2019-06-28 13:15:50.000000000,BEST_ASK,"JPM,101789,136"
2019-06-28 13:16:00.000000000,QUERY_SPREAD,1
2019-06-28 13:16:00.000000000,BEST_BID,"JPM,101400,226"
2019-06-28 13:16:00.000000000,BEST_ASK,"JPM,101789,62"
2019-06-28 13:16:00.000000000,BEST_BID,"JPM,101400,226"
2019-06-28 13:16:00.000000000,BEST_ASK,"JPM,101789,62"
2019-06-28 13:16:00.000000000,BEST_BID,"JPM,101400,226"
2019-06-28 13:16:00.000000000,BEST_ASK,"JPM,101789,62"
2019-06-28 13:16:00.000000000,BEST_BID,"JPM,101400,226"
2019-06-28 13:16:00.000000000,BEST_ASK,"JPM,101789,188"
2019-06-28 13:16:00.000000000,BEST_BID,"JPM,101400,226"
2019-06-28 13:16:00.000000000,BEST_ASK,"JPM,101789,188"
2019-06-28 13:16:00.000000000,BEST_BID,"JPM,101400,226"
2019-06-28 13:16:00.000000000,BEST_ASK,"JPM,101789,188"
2019-06-28 13:16:00.000000000,QUERY_SPREAD,77
2019-06-28 13:16:00.000000000,BEST_BID,"JPM,101400,226"
2019-06-28 13:16:00.000000000,BEST_ASK,"JPM,101789,183"
2019-06-28 13:16:00.000000000,LAST_TRADE,"5,$101789.0000"
2019-06-28 13:16:00.000000000,QUERY_SPREAD,78
2019-06-28 13:16:00.000000000,BEST_BID,"JPM,101400,226"
2019-06-28 13:16:00.000000000,BEST_ASK,"JPM,101789,175"
2019-06-28 13:16:00.000000000,LAST_TRADE,"8,$101789.0000"
2019-06-28 13:16:00.000000000,QUERY_SPREAD,79
2019-06-28 13:16:00.000000000,BEST_BID,"JPM,101400,226"
2019-06-28 13:16:00.000000000,BEST_ASK,"JPM,101789,170"
2019-06-28 13:16:00.000000000,LAST_TRADE,"5,$101789.0000"
2019-06-28 13:16:00.000000000,QUERY_SPREAD,80
2019-06-28 13:16:00.000000000,BEST_BID,"JPM,101400,226"
2019-06-28 13:16:00.000000000,BEST_ASK,"JPM,101789,162"
2019-06-28 13:16:00.000000000,LAST_TRADE,"8,$101789.0000"
2019-06-28 13:16:00.000000000,QUERY_SPREAD,81
2019-06-28 13:16:00.000000000,BEST_BID,"JPM,101400,226"
2019-06-28 13:16:00.000000000,BEST_ASK,"JPM,101789,153"
2019-06-28 13:16:00.000000000,LAST_TRADE,"9,$101789.0000"
2019-06-28 13:16:00.000000000,QUERY_SPREAD,82
2019-06-28 13:16:00.000000000,BEST_BID,"JPM,101400,226"
2019-06-28 13:16:00.000000000,BEST_ASK,"JPM,101789,150"
2019-06-28 13:16:00.000000000,LAST_TRADE,"3,$101789.0000"
2019-06-28 13:16:00.000000000,QUERY_SPREAD,83
2019-06-28 13:16:00.000000000,BEST_BID,"JPM,101400,226"
2019-06-28 13:16:00.000000000,BEST_ASK,"JPM,101789,142"
2019-06-28 13:16:00.000000000,LAST_TRADE,"8,$101789.0000"
2019-06-28 13:16:00.000000000,QUERY_SPREAD,84
2019-06-28 13:16:00.000000000,BEST_BID,"JPM,101400,226"
2019-06-28 13:16:00.000000000,BEST_ASK,"JPM,101789,138"
2019-06-28 13:16:00.000000000,LAST_TRADE,"4,$101789.0000"
2019-06-28 13:16:00.000000000,QUERY_SPREAD,85
2019-06-28 13:16:00.000000000,BEST_BID,"JPM,101400,226"
2019-06-28 13:16:00.000000000,BEST_ASK,"JPM,101789,133"
2019-06-28 13:16:00.000000000,LAST_TRADE,"5,$101789.0000"
2019-06-28 13:16:00.000000000,QUERY_SPREAD,86
2019-06-28 13:16:00.000000000,BEST_BID,"JPM,101400,226"
2019-06-28 13:16:00.000000000,BEST_ASK,"JPM,101789,131"
2019-06-28 13:16:00.000000000,LAST_TRADE,"2,$101789.0000"
2019-06-28 13:16:00.000000000,QUERY_SPREAD,87
2019-06-28 13:16:00.000000000,BEST_BID,"JPM,101400,226"
2019-06-28 13:16:00.000000000,BEST_ASK,"JPM,101789,124"
2019-06-28 13:16:00.000000000,LAST_TRADE,"7,$101789.0000"
2019-06-28 13:16:00.000000000,QUERY_SPREAD,88
2019-06-28 13:16:00.000000000,BEST_BID,"JPM,101400,226"
2019-06-28 13:16:00.000000000,BEST_ASK,"JPM,101789,116"
2019-06-28 13:16:00.000000000,LAST_TRADE,"8,$101789.0000"
2019-06-28 13:16:00.000000000,QUERY_SPREAD,89
2019-06-28 13:16:00.000000000,BEST_BID,"JPM,101400,226"
2019-06-28 13:16:00.000000000,BEST_ASK,"JPM,101789,111"
2019-06-28 13:16:00.000000000,LAST_TRADE,"5,$101789.0000"
2019-06-28 13:16:00.000000000,QUERY_SPREAD,90
2019-06-28 13:16:00.000000000,BEST_BID,"JPM,101400,226"
2019-06-28 13:16:00.000000000,BEST_ASK,"JPM,101789,107"
2019-06-28 13:16:00.000000000,LAST_TRADE,"4,$101789.0000"
2019-06-28 13:16:00.000000000,QUERY_SPREAD,91
2019-06-28 13:16:00.000000000,BEST_BID,"JPM,101400,226"
2019-06-28 13:16:00.000000000,BEST_ASK,"JPM,101789,104"
2019-06-28 13:16:00.000000000,LAST_TRADE,"3,$101789.0000"
2019-06-28 13:16:00.000000000,QUERY_SPREAD,92
2019-06-28 13:16:00.000000000,BEST_BID,"JPM,101400,226"
2019-06-28 13:16:00.000000000,BEST_ASK,"JPM,101789,99"
2019-06-28 13:16:00.000000000,LAST_TRADE,"5,$101789.0000"
2019-06-28 13:16:00.000000000,QUERY_SPREAD,93
2019-06-28 13:16:00.000000000,BEST_BID,"JPM,101400,226"
2019-06-28 13:16:00.000000000,BEST_ASK,"JPM,101789,92"
2019-06-28 13:16:00.000000000,LAST_TRADE,"7,$101789.0000"
2019-06-28 13:16:00.000000000,QUERY_SPREAD,94
2019-06-28 13:16:00.000000000,BEST_BID,"JPM,101400,226"
2019-06-28 13:16:00.000000000,BEST_ASK,"JPM,101789,91"
2019-06-28 13:16:00.000000000,LAST_TRADE,"1,$101789.0000"
2019-06-28 13:16:00.000000000,QUERY_SPREAD,95
2019-06-28 13:16:00.000000000,BEST_BID,"JPM,101400,226"
2019-06-28 13:16:00.000000000,BEST_ASK,"JPM,101789,90"
2019-06-28 13:16:00.000000000,LAST_TRADE,"1,$101789.0000"
2019-06-28 13:16:00.000000000,QUERY_SPREAD,96
2019-06-28 13:16:00.000000000,BEST_BID,"JPM,101400,226"
2019-06-28 13:16:00.000000000,BEST_ASK,"JPM,101789,86"
2019-06-28 13:16:00.000000000,LAST_TRADE,"4,$101789.0000"
2019-06-28 13:16:00.000000000,QUERY_SPREAD,97
2019-06-28 13:16:00.000000000,BEST_BID,"JPM,101400,226"
2019-06-28 13:16:00.000000000,BEST_ASK,"JPM,101789,83"
2019-06-28 13:16:00.000000000,LAST_TRADE,"3,$101789.0000"
2019-06-28 13:16:00.000000000,QUERY_SPREAD,98
2019-06-28 13:16:00.000000000,BEST_BID,"JPM,101400,226"
2019-06-28 13:16:00.000000000,BEST_ASK,"JPM,101789,78"
2019-06-28 13:16:00.000000000,LAST_TRADE,"5,$101789.0000"
2019-06-28 13:16:00.000000000,QUERY_SPREAD,99
2019-06-28 13:16:00.000000000,BEST_BID,"JPM,101400,226"
2019-06-28 13:16:00.000000000,BEST_ASK,"JPM,101789,74"
2019-06-28 13:16:00.000000000,LAST_TRADE,"4,$101789.0000"
2019-06-28 13:16:00.000000000,QUERY_SPREAD,100
2019-06-28 13:16:00.000000000,BEST_BID,"JPM,101400,226"
2019-06-28 13:16:00.000000000,BEST_ASK,"JPM,101789,69"
2019-06-28 13:16:00.000000000,LAST_TRADE,"5,$101789.0000"
2019-06-28 13:16:00.000000000,QUERY_SPREAD,101
2019-06-28 13:16:00.000000000,BEST_BID,"JPM,101400,225"
2019-06-28 13:16:00.000000000,BEST_ASK,"JPM,101789,69"
2019-06-28 13:16:00.000000000,LAST_TRADE,"1,$101400.0000"
2019-06-28 13:16:10.000000000,QUERY_SPREAD,1
2019-06-28 13:16:10.000000000,BEST_BID,"JPM,101400,285"
2019-06-28 13:16:10.000000000,BEST_ASK,"JPM,101855,100"
2019-06-28 13:16:10.000000000,BEST_BID,"JPM,101400,285"
2019-06-28 13:16:10.000000000,BEST_ASK,"JPM,101855,100"
2019-06-28 13:16:10.000000000,BEST_BID,"JPM,101400,285"
2019-06-28 13:16:10.000000000,BEST_ASK,"JPM,101855,286"
2019-06-28 13:16:10.000000000,BEST_BID,"JPM,101400,285"
2019-06-28 13:16:10.000000000,BEST_ASK,"JPM,101855,286"
2019-06-28 13:16:19.791120237,QUERY_ORDER_STREAM,61
2019-06-28 13:16:19.791120237,QUERY_SPREAD,61
2019-06-28 13:16:19.791120237,BEST_BID,"JPM,101400,285"
2019-06-28 13:16:19.791120237,BEST_ASK,"JPM,101789,100"
2019-06-28 13:16:20.000000000,QUERY_SPREAD,1
2019-06-28 13:16:20.000000000,BEST_BID,"JPM,101400,285"
2019-06-28 13:16:20.000000000,BEST_ASK,"JPM,101789,100"
2019-06-28 13:16:20.000000000,BEST_BID,"JPM,101400,285"
2019-06-28 13:16:20.000000000,BEST_ASK,"JPM,101789,100"
2019-06-28 13:16:20.000000000,BEST_BID,"JPM,101400,285"
2019-06-28 13:16:20.000000000,BEST_ASK,"JPM,101789,286"
2019-06-28 13:16:20.000000000,BEST_BID,"JPM,101400,285"
2019-06-28 13:16:20.000000000,BEST_ASK,"JPM,101789,286"
2019-06-28 13:16:24.178241403,QUERY_SPREAD,23
2019-06-28 13:16:24.178241403,BEST_BID,"JPM,101400,185"
2019-06-28 13:16:24.178241403,BEST_ASK,"JPM,101789,286"
2019-06-28 13:16:24.178241403,LAST_TRADE,"100,$101400.0000"
2019-06-28 13:16:30.000000000,QUERY_SPREAD,1
2019-06-28 13:16:30.000000000,BEST_BID,"JPM,101365,471"
2019-06-28 13:16:30.000000000,BEST_ASK,"JPM,101789,100"
2019-06-28 13:16:30.000000000,BEST_BID,"JPM,101365,471"
2019-06-28 13:16:30.000000000,BEST_ASK,"JPM,101789,471"
2019-06-28 13:16:40.000000000,QUERY_SPREAD,1
2019-06-28 13:16:40.000000000,BEST_BID,"JPM,101365,286"
2019-06-28 13:16:40.000000000,BEST_ASK,"JPM,101789,100"
2019-06-28 13:16:40.000000000,BEST_BID,"JPM,101365,286"
2019-06-28 13:16:40.000000000,BEST_ASK,"JPM,101789,100"
2019-06-28 13:16:40.000000000,BEST_BID,"JPM,101365,286"
2019-06-28 13:16:40.000000000,BEST_ASK,"JPM,101789,286"
2019-06-28 13:16:40.000000000,BEST_BID,"JPM,101365,286"
2019-06-28 13:16:40.000000000,BEST_ASK,"JPM,101789,286"
2019-06-28 13:16:50.000000000,QUERY_SPREAD,1
2019-06-28 13:16:50.000000000,BEST_BID,"JPM,101365,286"
2019-06-28 13:16:50.000000000,BEST_ASK,"JPM,101789,100"
2019-06-28 13:16:50.000000000,BEST_BID,"JPM,101365,286"
2019-06-28 13:16:50.000000000,BEST_ASK,"JPM,101789,100"
2019-06-28 13:16:50.000000000,BEST_BID,"JPM,101365,286"
2019-06-28 13:16:50.000000000,BEST_ASK,"JPM,101789,286"
2019-06-28 13:16:50.000000000,BEST_BID,"JPM,101365,286"
2019-06-28 13:16:50.000000000,BEST_ASK,"JPM,101789,286"
2019-06-28 13:16:58.692611445,QUERY_SPREAD,4
2019-06-28 13:16:58.692611445,BEST_BID,"JPM,101365,186"
2019-06-28 13:16:58.692611445,BEST_ASK,"JPM,101789,286"
2019-06-28 13:16:58.692611445,LAST_TRADE,"100,$101365.0000"
2019-06-28 13:17:00.000000000,QUERY_SPREAD,1
2019-06-28 13:17:00.000000000,BEST_BID,"JPM,101286,471"
2019-06-28 13:17:00.000000000,BEST_ASK,"JPM,101789,100"
2019-06-28 13:17:00.000000000,BEST_BID,"JPM,101286,471"
2019-06-28 13:17:00.000000000,BEST_ASK,"JPM,101789,471"
2019-06-28 13:17:00.000000000,QUERY_SPREAD,77
2019-06-28 13:17:00.000000000,BEST_BID,"JPM,101286,471"
2019-06-28 13:17:00.000000000,BEST_ASK,"JPM,101789,466"
2019-06-28 13:17:00.000000000,LAST_TRADE,"5,$101789.0000"
2019-06-28 13:17:00.000000000,QUERY_SPREAD,78
2019-06-28 13:17:00.000000000,BEST_BID,"JPM,101286,471"
2019-06-28 13:17:00.000000000,BEST_ASK,"JPM,101789,458"
2019-06-28 13:17:00.000000000,LAST_TRADE,"8,$101789.0000"
2019-06-28 13:17:00.000000000,QUERY_SPREAD,79
2019-06-28 13:17:00.000000000,BEST_BID,"JPM,101286,471"
2019-06-28 13:17:00.000000000,BEST_ASK,"JPM,101789,453"
2019-06-28 13:17:00.000000000,LAST_TRADE,"5,$101789.0000"
2019-06-28 13:17:00.000000000,QUERY_SPREAD,80
2019-06-28 13:17:00.000000000,BEST_BID,"JPM,101286,471"
2019-06-28 13:17:00.000000000,BEST_ASK,"JPM,101789,445"
2019-06-28 13:17:00.000000000,LAST_TRADE,"8,$101789.0000"
2019-06-28 13:17:00.000000000,QUERY_SPREAD,81
2019-06-28 13:17:00.000000000,BEST_BID,"JPM,101286,471"
2019-06-28 13:17:00.000000000,BEST_ASK,"JPM,101789,436"
2019-06-28 13:17:00.000000000,LAST_TRADE,"9,$101789.0000"
2019-06-28 13:17:00.000000000,QUERY_SPREAD,82
2019-06-28 13:17:00.000000000,BEST_BID,"JPM,101286,471"
2019-06-28 13:17:00.000000000,BEST_ASK,"JPM,101789,433"
2019-06-28 13:17:00.000000000,LAST_TRADE,"3,$101789.0000"
2019-06-28 13:17:00.000000000,QUERY_SPREAD,83
2019-06-28 13:17:00.000000000,BEST_BID,"JPM,101286,471"
2019-06-28 13:17:00.000000000,BEST_ASK,"JPM,101789,425"
2019-06-28 13:17:00.000000000,LAST_TRADE,"8,$101789.0000"
2019-06-28 13:17:00.000000000,QUERY_SPREAD,84
2019-06-28 13:17:00.000000000,BEST_BID,"JPM,101286,471"
2019-06-28 13:17:00.000000000,BEST_ASK,"JPM,101789,421"
2019-06-28 13:17:00.000000000,LAST_TRADE,"4,$101789.0000"
2019-06-28 13:17:00.000000000,QUERY_SPREAD,85
2019-06-28 13:17:00.000000000,BEST_BID,"JPM,101286,471"
2019-06-28 13:17:00.000000000,BEST_ASK,"JPM,101789,416"
2019-06-28 13:17:00.000000000,LAST_TRADE,"5,$101789.0000"
2019-06-28 13:17:00.000000000,QUERY_SPREAD,86
2019-06-28 13:17:00.000000000,BEST_BID,"JPM,101286,471"
2019-06-28 13:17:00.000000000,BEST_ASK,"JPM,101789,414"
2019-06-28 13:17:00.000000000,LAST_TRADE,"2,$101789.0000"
2019-06-28 13:17:00.000000000,QUERY_SPREAD,87
2019-06-28 13:17:00.000000000,BEST_BID,"JPM,101286,471"
2019-06-28 13:17:00.000000000,BEST_ASK,"JPM,101789,407"
2019-06-28 13:17:00.000000000,LAST_TRADE,"7,$101789.0000"
2019-06-28 13:17:00.000000000,QUERY_SPREAD,88
2019-06-28 13:17:00.000000000,BEST_BID,"JPM,101286,471"
2019-06-28 13:17:00.000000000,BEST_ASK,"JPM,101789,399"
2019-06-28 13:17:00.000000000,LAST_TRADE,"8,$101789.0000"
2019-06-28 13:17:00.000000000,QUERY_SPREAD,89
2019-06-28 13:17:00.000000000,BEST_BID,"JPM,101286,471"
2019-06-28 13:17:00.000000000,BEST_ASK,"JPM,101789,394"
2019-06-28 13:17:00.000000000,LAST_TRADE,"5,$101789.0000"
2019-06-28 13:17:00.000000000,QUERY_SPREAD,90
2019-06-28 13:17:00.000000000,BEST_BID,"JPM,101286,471"
2019-06-28 13:17:00.000000000,BEST_ASK,"JPM,101789,390"
2019-06-28 13:17:00.000000000,LAST_TRADE,"4,$101789.0000"
2019-06-28 13:17:00.000000000,QUERY_SPREAD,91
2019-06-28 13:17:00.000000000,BEST_BID,"JPM,101286,471"
2019-06-28 13:17:00.000000000,BEST_ASK,"JPM,101789,387"
2019-06-28 13:17:00.000000000,LAST_TRADE,"3,$101789.0000"
2019-06-28 13:17:00.000000000,QUERY_SPREAD,92
2019-06-28 13:17:00.000000000,BEST_BID,"JPM,101286,471"
2019-06-28 13:17:00.000000000,BEST_ASK,"JPM,101789,382"
2019-06-28 13:17:00.000000000,LAST_TRADE,"5,$101789.0000"
2019-06-28 13:17:00.000000000,QUERY_SPREAD,93
2019-06-28 13:17:00.000000000,BEST_BID,"JPM,101286,471"
2019-06-28 13:17:00.000000000,BEST_ASK,"JPM,101789,375"
2019-06-28 13:17:00.000000000,LAST_TRADE,"7,$101789.0000"
2019-06-28 13:17:00.000000000,QUERY_SPREAD,94
2019-06-28 13:17:00.000000000,BEST_BID,"JPM,101286,471"
2019-06-28 13:17:00.000000000,BEST_ASK,"JPM,101789,374"
2019-06-28 13:17:00.000000000,LAST_TRADE,"1,$101789.0000"
2019-06-28 13:17:00.000000000,QUERY_SPREAD,95
2019-06-28 13:17:00.000000000,BEST_BID,"JPM,101286,471"
2019-06-28 13:17:00.000000000,BEST_ASK,"JPM,101789,373"
2019-06-28 13:17:00.000000000,LAST_TRADE,"1,$101789.0000"
2019-06-28 13:17:00.000000000,QUERY_SPREAD,96
2019-06-28 13:17:00.000000000,BEST_BID,"JPM,101286,471"
2019-06-28 13:17:00.000000000,BEST_ASK,"JPM,101789,369"
2019-06-28 13:17:00.000000000,LAST_TRADE,"4,$101789.0000"
2019-06-28 13:17:00.000000000,QUERY_SPREAD,97
2019-06-28 13:17:00.000000000,BEST_BID,"JPM,101286,471"
2019-06-28 13:17:00.000000000,BEST_ASK,"JPM,101789,366"
2019-06-28 13:17:00.000000000,LAST_TRADE,"3,$101789.0000"
2019-06-28 13:17:00.000000000,QUERY_SPREAD,98
2019-06-28 13:17:00.000000000,BEST_BID,"JPM,101286,471"
2019-06-28 13:17:00.000000000,BEST_ASK,"JPM,101789,361"
2019-06-28 13:17:00.000000000,LAST_TRADE,"5,$101789.0000"
2019-06-28 13:17:00.000000000,QUERY_SPREAD,99
2019-06-28 13:17:00.000000000,BEST_BID,"JPM,101286,471"
2019-06-28 13:17:00.000000000,BEST_ASK,"JPM,101789,357"
2019-06-28 13:17:00.000000000,LAST_TRADE,"4,$101789.0000"
2019-06-28 13:17:00.000000000,QUERY_SPREAD,100
2019-06-28 13:17:00.000000000,BEST_BID,"JPM,101286,471"
2019-06-28 13:17:00.000000000,BEST_ASK,"JPM,101789,352"
2019-06-28 13:17:00.000000000,LAST_TRADE,"5,$101789.0000"
2019-06-28 13:17:00.000000000,QUERY_SPREAD,101
2019-06-28 13:17:00.000000000,BEST_BID,"JPM,101286,470"
2019-06-28 13:17:00.000000000,BEST_ASK,"JPM,101789,352"
2019-06-28 13:17:00.000000000,LAST_TRADE,"1,$101286.0000"
2019-06-28 13:17:06.994178077,QUERY_SPREAD,13
2019-06-28 13:17:06.994178077,BEST_BID,"JPM,101376,100"
2019-06-28 13:17:06.994178077,BEST_ASK,"JPM,101789,352"
2019-06-28 13:17:10.000000000,QUERY_SPREAD,1
2019-06-28 13:17:10.000000000,BEST_BID,"JPM,101376,471"
2019-06-28 13:17:10.000000000,BEST_ASK,"JPM,101855,100"
2019-06-28 13:17:10.000000000,BEST_BID,"JPM,101376,471"
2019-06-28 13:17:10.000000000,BEST_ASK,"JPM,101855,471"
2019-06-28 13:17:15.699095072,QUERY_SPREAD,43
2019-06-28 13:17:15.699095072,BEST_BID,"JPM,101454,100"
2019-06-28 13:17:15.699095072,BEST_ASK,"JPM,101855,471"
2019-06-28 13:17:15.978087343,QUERY_SPREAD,10
2019-06-28 13:17:15.978087343,BEST_BID,"JPM,101376,471"
2019-06-28 13:17:15.978087343,BEST_ASK,"JPM,101855,471"
2019-06-28 13:17:15.978087343,LAST_TRADE,"100,$101454.0000"
2019-06-28 13:17:18.993268898,QUERY_SPREAD,25
2019-06-28 13:17:18.993268898,BEST_BID,"JPM,101376,371"
2019-06-28 13:17:18.993268898,BEST_ASK,"JPM,101855,471"
2019-06-28 13:17:18.993268898,LAST_TRADE,"100,$101376.0000"
2019-06-28 13:17:20.000000000,QUERY_SPREAD,1
2019-06-28 13:17:20.000000000,BEST_BID,"JPM,101286,173"
2019-06-28 13:17:20.000000000,BEST_ASK,"JPM,101855,100"
2019-06-28 13:17:20.000000000,BEST_BID,"JPM,101286,173"
2019-06-28 13:17:20.000000000,BEST_ASK,"JPM,101855,100"
2019-06-28 13:17:20.000000000,BEST_BID,"JPM,101286,173"
2019-06-28 13:17:20.000000000,BEST_ASK,"JPM,101855,100"
2019-06-28 13:17:20.000000000,BEST_BID,"JPM,101286,173"
2019-06-28 13:17:20.000000000,BEST_ASK,"JPM,101855,100"
2019-06-28 13:17:20.000000000,BEST_BID,"JPM,101286,173"
2019-06-28 13:17:20.000000000,BEST_ASK,"JPM,101855,100"
2019-06-28 13:17:20.000000000,BEST_BID,"JPM,101286,173"
2019-06-28 13:17:20.000000000,BEST_ASK,"JPM,101855,174"
2019-06-28 13:17:20.000000000,BEST_BID,"JPM,101286,173"
2019-06-28 13:17:20.000000000,BEST_ASK,"JPM,101855,174"
2019-06-28 13:17:20.000000000,BEST_BID,"JPM,101286,173"
2019-06-28 13:17:20.000000000,BEST_ASK,"JPM,101855,174"
2019-06-28 13:17:20.000000000,BEST_BID,"JPM,101286,173"
2019-06-28 13:17:20.000000000,BEST_ASK,"JPM,101855,174"
2019-06-28 13:17:20.000000000,BEST_BID,"JPM,101286,173"
2019-06-28 13:17:20.000000000,BEST_ASK,"JPM,101855,174"
2019-06-28 13:17:30.000000000,QUERY_SPREAD,1
2019-06-28 13:17:30.000000000,BEST_BID,"JPM,101286,225"
2019-06-28 13:17:30.000000000,BEST_ASK,"JPM,101855,100"
2019-06-28 13:17:30.000000000,BEST_BID,"JPM,101286,225"
2019-06-28 13:17:30.000000000,BEST_ASK,"JPM,101855,100"
2019-06-28 13:17:30.000000000,BEST_BID,"JPM,101286,225"
2019-06-28 13:17:30.000000000,BEST_ASK,"JPM,101855,100"
2019-06-28 13:17:30.000000000,BEST_BID,"JPM,101286,225"
2019-06-28 13:17:30.000000000,BEST_ASK,"JPM,101855,226"
2019-06-28 13:17:30.000000000,BEST_BID,"JPM,101286,225"
2019-06-28 13:17:30.000000000,BEST_ASK,"JPM,101855,226"
2019-06-28 13:17:30.000000000,BEST_BID,"JPM,101286,225"
2019-06-28 13:17:30.000000000,BEST_ASK,"JPM,101855,226"
2019-06-28 13:17:33.426984368,QUERY_ORDER_STREAM,55
2019-06-28 13:17:33.426984368,QUERY_SPREAD,55
2019-06-28 13:17:40.000000000,QUERY_SPREAD,1
2019-06-28 13:17:40.000000000,BEST_BID,"JPM,101286,225"
2019-06-28 13:17:40.000000000,BEST_ASK,"JPM,101855,100"
2019-06-28 13:17:40.000000000,BEST_BID,"JPM,101286,225"
2019-06-28 13:17:40.000000000,BEST_ASK,"JPM,101855,100"
2019-06-28 13:17:40.000000000,BEST_BID,"JPM,101286,225"
2019-06-28 13:17:40.000000000,BEST_ASK,"JPM,101855,100"
2019-06-28 13:17:40.000000000,BEST_BID,"JPM,101286,225"
2019-06-28 13:17:40.000000000,BEST_ASK,"JPM,101855,226"
2019-06-28 13:17:40.000000000,BEST_BID,"JPM,101286,225"
2019-06-28 13:17:40.000000000,BEST_ASK,"JPM,101855,226"
2019-06-28 13:17:40.000000000,BEST_BID,"JPM,101286,225"
2019-06-28 13:17:40.000000000,BEST_ASK,"JPM,101855,226"
2019-06-28 13:17:50.000000000,QUERY_SPREAD,1
2019-06-28 13:17:50.000000000,BEST_BID,"JPM,101286,173"
2019-06-28 13:17:50.000000000,BEST_ASK,"JPM,101855,100"
2019-06-28 13:17:50.000000000,BEST_BID,"JPM,101286,173"
2019-06-28 13:17:50.000000000,BEST_ASK,"JPM,101855,100"
2019-06-28 13:17:50.000000000,BEST_BID,"JPM,101286,173"
2019-06-28 13:17:50.000000000,BEST_ASK,"JPM,101855,100"
2019-06-28 13:17:50.000000000,BEST_BID,"JPM,101286,173"
2019-06-28 13:17:50.000000000,BEST_ASK,"JPM,101855,100"
2019-06-28 13:17:50.000000000,BEST_BID,"JPM,101286,173"
2019-06-28 13:17:50.000000000,BEST_ASK,"JPM,101855,100"
2019-06-28 13:17:50.000000000,BEST_BID,"JPM,101286,173"
2019-06-28 13:17:50.000000000,BEST_ASK,"JPM,101855,174"
2019-06-28 13:17:50.000000000,BEST_BID,"JPM,101286,173"
2019-06-28 13:17:50.000000000,BEST_ASK,"JPM,101855,174"
2019-06-28 13:17:50.000000000,BEST_BID,"JPM,101286,173"
2019-06-28 13:17:50.000000000,BEST_ASK,"JPM,101855,174"
2019-06-28 13:17:50.000000000,BEST_BID,"JPM,101286,173"
2019-06-28 13:17:50.000000000,BEST_ASK,"JPM,101855,174"
2019-06-28 13:17:50.000000000,BEST_BID,"JPM,101286,173"
2019-06-28 13:17:50.000000000,BEST_ASK,"JPM,101855,174"
2019-06-28 13:17:56.941792832,QUERY_ORDER_STREAM,58
2019-06-28 13:17:56.941792832,QUERY_SPREAD,58
2019-06-28 13:17:57.418421919,QUERY_SPREAD,46
2019-06-28 13:17:57.418421919,BEST_BID,"JPM,101286,173"
2019-06-28 13:17:57.418421919,BEST_ASK,"JPM,101431,100"
2019-06-28 13:18:00.000000000,QUERY_SPREAD,1
2019-06-28 13:18:00.000000000,BEST_BID,"JPM,101286,285"
2019-06-28 13:18:00.000000000,BEST_ASK,"JPM,101431,100"
2019-06-28 13:18:00.000000000,BEST_BID,"JPM,101286,285"
2019-06-28 13:18:00.000000000,BEST_ASK,"JPM,101431,100"
2019-06-28 13:18:00.000000000,BEST_BID,"JPM,101286,285"
2019-06-28 13:18:00.000000000,BEST_ASK,"JPM,101431,286"
2019-06-28 13:18:00.000000000,BEST_BID,"JPM,101286,285"
2019-06-28 13:18:00.000000000,BEST_ASK,"JPM,101431,286"
2019-06-28 13:18:00.000000000,QUERY_SPREAD,77
2019-06-28 13:18:00.000000000,BEST_BID,"JPM,101286,285"
2019-06-28 13:18:00.000000000,BEST_ASK,"JPM,101431,281"
2019-06-28 13:18:00.000000000,LAST_TRADE,"5,$101431.0000"
2019-06-28 13:18:00.000000000,QUERY_SPREAD,78
2019-06-28 13:18:00.000000000,BEST_BID,"JPM,101286,285"
2019-06-28 13:18:00.000000000,BEST_ASK,"JPM,101431,273"
2019-06-28 13:18:00.000000000,LAST_TRADE,"8,$101431.0000"
2019-06-28 13:18:00.000000000,QUERY_SPREAD,79
2019-06-28 13:18:00.000000000,BEST_BID,"JPM,101286,285"
2019-06-28 13:18:00.000000000,BEST_ASK,"JPM,101431,268"
2019-06-28 13:18:00.000000000,LAST_TRADE,"5,$101431.0000"
2019-06-28 13:18:00.000000000,QUERY_SPREAD,80
2019-06-28 13:18:00.000000000,BEST_BID,"JPM,101286,285"
2019-06-28 13:18:00.000000000,BEST_ASK,"JPM,101431,260"
2019-06-28 13:18:00.000000000,LAST_TRADE,"8,$101431.0000"
2019-06-28 13:18:00.000000000,QUERY_SPREAD,81
2019-06-28 13:18:00.000000000,BEST_BID,"JPM,101286,285"
2019-06-28 13:18:00.000000000,BEST_ASK,"JPM,101431,251"
2019-06-28 13:18:00.000000000,LAST_TRADE,"9,$101431.0000"
2019-06-28 13:18:00.000000000,QUERY_SPREAD,82
2019-06-28 13:18:00.000000000,BEST_BID,"JPM,101286,285"
2019-06-28 13:18:00.000000000,BEST_ASK,"JPM,101431,248"
2019-06-28 13:18:00.000000000,LAST_TRADE,"3,$101431.0000"
2019-06-28 13:18:00.000000000,QUERY_SPREAD,83
2019-06-28 13:18:00.000000000,BEST_BID,"JPM,101286,285"
2019-06-28 13:18:00.000000000,BEST_ASK,"JPM,101431,240"
2019-06-28 13:18:00.000000000,LAST_TRADE,"8,$101431.0000"
2019-06-28 13:18:00.000000000,QUERY_SPREAD,84
2019-06-28 13:18:00.000000000,BEST_BID,"JPM,101286,285"
2019-06-28 13:18:00.000000000,BEST_ASK,"JPM,101431,236"
2019-06-28 13:18:00.000000000,LAST_TRADE,"4,$101431.0000"
2019-06-28 13:18:00.000000000,QUERY_SPREAD,85
2019-06-28 13:18:00.000000000,BEST_BID,"JPM,101286,285"
2019-06-28 13:18:00.000000000,BEST_ASK,"JPM,101431,231"
2019-06-28 13:18:00.000000000,LAST_TRADE,"5,$101431.0000"
2019-06-28 13:18:00.000000000,QUERY_SPREAD,86
2019-06-28 13:18:00.000000000,BEST_BID,"JPM,101286,285"
2019-06-28 13:18:00.000000000,BEST_ASK,"JPM,101431,229"
2019-06-28 13:18:00.000000000,LAST_TRADE,"2,$101431.0000"
2019-06-28 13:18:00.000000000,QUERY_SPREAD,87
2019-06-28 13:18:00.000000000,BEST_BID,"JPM,101286,285"
2019-06-28 13:18:00.000000000,BEST_ASK,"JPM,101431,222"
2019-06-28 13:18:00.000000000,LAST_TRADE,"7,$101431.0000"
2019-06-28 13:18:00.000000000,QUERY_SPREAD,88
2019-06-28 13:18:00.000000000,BEST_BID,"JPM,101286,285"
2019-06-28 13:18:00.000000000,BEST_ASK,"JPM,101431,214"
2019-06-28 13:18:00.000000000,LAST_TRADE,"8,$101431.0000"
2019-06-28 13:18:00.000000000,QUERY_SPREAD,89
2019-06-28 13:18:00.000000000,BEST_BID,"JPM,101286,285"
2019-06-28 13:18:00.000000000,BEST_ASK,"JPM,101431,209"
2019-06-28 13:18:00.000000000,LAST_TRADE,"5,$101431.0000"
2019-06-28 13:18:00.000000000,QUERY_SPREAD,90
2019-06-28 13:18:00.000000000,BEST_BID,"JPM,101286,285"
2019-06-28 13:18:00.000000000,BEST_ASK,"JPM,101431,205"
2019-06-28 13:18:00.000000000,LAST_TRADE,"4,$101431.0000"
2019-06-28 13:18:00.000000000,QUERY_SPREAD,91
2019-06-28 13:18:00.000000000,BEST_BID,"JPM,101286,285"
2019-06-28 13:18:00.000000000,BEST_ASK,"JPM,101431,202"
2019-06-28 13:18:00.000000000,LAST_TRADE,"3,$101431.0000"
2019-06-28 13:18:00.000000000,QUERY_SPREAD,92
2019-06-28 13:18:00.000000000,BEST_BID,"JPM,101286,285"
2019-06-28 13:18:00.000000000,BEST_ASK,"JPM,101431,197"
2019-06-28 13:18:00.000000000,LAST_TRADE,"5,$101431.0000"
2019-06-28 13:18:00.000000000,QUERY_SPREAD,93
2019-06-28 13:18:00.000000000,BEST_BID,"JPM,101286,285"
2019-06-28 13:18:00.000000000,BEST_ASK,"JPM,101431,190"
2019-06-28 13:18:00.000000000,LAST_TRADE,"7,$101431.0000"
2019-06-28 13:18:00.000000000,QUERY_SPREAD,94
2019-06-28 13:18:00.000000000,BEST_BID,"JPM,101286,285"
2019-06-28 13:18:00.000000000,BEST_ASK,"JPM,101431,189"
2019-06-28 13:18:00.000000000,LAST_TRADE,"1,$101431.0000"
2019-06-28 13:18:00.000000000,QUERY_SPREAD,95
2019-06-28 13:18:00.000000000,BEST_BID,"JPM,101286,285"
2019-06-28 13:18:00.000000000,BEST_ASK,"JPM,101431,188"
2019-06-28 13:18:00.000000000,LAST_TRADE,"1,$101431.0000"
2019-06-28 13:18:00.000000000,QUERY_SPREAD,96
2019-06-28 13:18:00.000000000,BEST_BID,"JPM,101286,285"
2019-06-28 13:18:00.000000000,BEST_ASK,"JPM,101431,184"
2019-06-28 13:18:00.000000000,LAST_TRADE,"4,$101431.0000"
2019-06-28 13:18:00.000000000,QUERY_SPREAD,97
2019-06-28 13:18:00.000000000,BEST_BID,"JPM,101286,285"
2019-06-28 13:18:00.000000000,BEST_ASK,"JPM,101431,181"
2019-06-28 13:18:00.000000000,LAST_TRADE,"3,$101431.0000"
2019-06-28 13:18:00.000000000,QUERY_SPREAD,98
2019-06-28 13:18:00.000000000,BEST_BID,"JPM,101286,285"
2019-06-28 13:18:00.000000000,BEST_ASK,"JPM,101431,176"
2019-06-28 13:18:00.000000000,LAST_TRADE,"5,$101431.0000"
2019-06-28 13:18:00.000000000,QUERY_SPREAD,99
2019-06-28 13:18:00.000000000,BEST_BID,"JPM,101286,285"
2019-06-28 13:18:00.000000000,BEST_ASK,"JPM,101431,172"
2019-06-28 13:18:00.000000000,LAST_TRADE,"4,$101431.0000"
2019-06-28 13:18:00.000000000,QUERY_SPREAD,100
2019-06-28 13:18:00.000000000,BEST_BID,"JPM,101286,285"
2019-06-28 13:18:00.000000000,BEST_ASK,"JPM,101431,167"
2019-06-28 13:18:00.000000000,LAST_TRADE,"5,$101431.0000"
2019-06-28 13:18:00.000000000,QUERY_SPREAD,101
2019-06-28 13:18:00.000000000,BEST_BID,"JPM,101286,284"
2019-06-28 13:18:00.000000000,BEST_ASK,"JPM,101431,167"
2019-06-28 13:18:00.000000000,LAST_TRADE,"1,$101286.0000"
2019-06-28 13:18:03.690841219,QUERY_SPREAD,44
2019-06-28 13:18:03.690841219,BEST_BID,"JPM,101286,284"
2019-06-28 13:18:03.690841219,BEST_ASK,"JPM,101354,100"
2019-06-28 13:18:10.000000000,QUERY_SPREAD,1
2019-06-28 13:18:10.000000000,BEST_BID,"JPM,101286,172"
2019-06-28 13:18:10.000000000,BEST_ASK,"JPM,101354,100"
2019-06-28 13:18:10.000000000,BEST_BID,"JPM,101286,172"
2019-06-28 13:18:10.000000000,BEST_ASK,"JPM,101354,100"
2019-06-28 13:18:10.000000000,BEST_BID,"JPM,101286,172"
2019-06-28 13:18:10.000000000,BEST_ASK,"JPM,101354,100"
2019-06-28 13:18:10.000000000,BEST_BID,"JPM,101286,172"
2019-06-28 13:18:10.000000000,BEST_ASK,"JPM,101354,100"
2019-06-28 13:18:10.000000000,BEST_BID,"JPM,101286,172"
2019-06-28 13:18:10.000000000,BEST_ASK,"JPM,101354,100"
2019-06-28 13:18:10.000000000,BEST_BID,"JPM,101286,172"
2019-06-28 13:18:10.000000000,BEST_ASK,"JPM,101354,174"
2019-06-28 13:18:10.000000000,BEST_BID,"JPM,101286,172"
2019-06-28 13:18:10.000000000,BEST_ASK,"JPM,101354,174"
2019-06-28 13:18:10.000000000,BEST_BID,"JPM,101286,172"
2019-06-28 13:18:10.000000000,BEST_ASK,"JPM,101354,174"
2019-06-28 13:18:10.000000000,BEST_BID,"JPM,101286,172"
2019-06-28 13:18:10.000000000,BEST_ASK,"JPM,101354,174"
2019-06-28 13:18:10.000000000,BEST_BID,"JPM,101286,172"
2019-06-28 13:18:10.000000000,BEST_ASK,"JPM,101354,174"
2019-06-28 13:18:18.405553830,QUERY_SPREAD,19
2019-06-28 13:18:18.405553830,BEST_BID,"JPM,101286,172"
2019-06-28 13:18:18.405553830,BEST_ASK,"JPM,101354,174"
2019-06-28 13:18:20.000000000,QUERY_SPREAD,1
2019-06-28 13:18:20.000000000,BEST_BID,"JPM,101286,469"
2019-06-28 13:18:20.000000000,BEST_ASK,"JPM,101354,100"
2019-06-28 13:18:20.000000000,BEST_BID,"JPM,101286,469"
2019-06-28 13:18:20.000000000,BEST_ASK,"JPM,101354,471"
2019-06-28 13:18:29.019546265,QUERY_SPREAD,50
2019-06-28 13:18:29.019546265,BEST_BID,"JPM,101286,469"
2019-06-28 13:18:29.019546265,BEST_ASK,"JPM,101354,471"
2019-06-28 13:18:30.000000000,QUERY_SPREAD,1
2019-06-28 13:18:30.000000000,BEST_BID,"JPM,101286,469"
2019-06-28 13:18:30.000000000,BEST_ASK,"JPM,101354,100"
2019-06-28 13:18:30.000000000,BEST_BID,"JPM,101286,469"
2019-06-28 13:18:30.000000000,BEST_ASK,"JPM,101354,471"
2019-06-28 13:18:35.536363992,QUERY_SPREAD,10
2019-06-28 13:18:35.536363992,BEST_BID,"JPM,101286,369"
2019-06-28 13:18:35.536363992,BEST_ASK,"JPM,101354,471"
2019-06-28 13:18:35.536363992,LAST_TRADE,"100,$101286.0000"
2019-06-28 13:18:40.000000000,QUERY_SPREAD,1
2019-06-28 13:18:40.000000000,BEST_BID,"JPM,101177,174"
2019-06-28 13:18:40.000000000,BEST_ASK,"JPM,101354,100"
2019-06-28 13:18:40.000000000,BEST_BID,"JPM,101177,174"
2019-06-28 13:18:40.000000000,BEST_ASK,"JPM,101354,100"
2019-06-28 13:18:40.000000000,BEST_BID,"JPM,101177,174"
2019-06-28 13:18:40.000000000,BEST_ASK,"JPM,101354,100"
2019-06-28 13:18:40.000000000,BEST_BID,"JPM,101177,174"
2019-06-28 13:18:40.000000000,BEST_ASK,"JPM,101354,100"
2019-06-28 13:18:40.000000000,BEST_BID,"JPM,101177,174"
2019-06-28 13:18:40.000000000,BEST_ASK,"JPM,101354,100"
2019-06-28 13:18:40.000000000,BEST_BID,"JPM,101177,174"
2019-06-28 13:18:40.000000000,BEST_ASK,"JPM,101354,174"
2019-06-28 13:18:40.000000000,BEST_BID,"JPM,101177,174"
2019-06-28 13:18:40.000000000,BEST_ASK,"JPM,101354,174"
2019-06-28 13:18:40.000000000,BEST_BID,"JPM,101177,174"
2019-06-28 13:18:40.000000000,BEST_ASK,"JPM,101354,174"
2019-06-28 13:18:40.000000000,BEST_BID,"JPM,101177,174"
2019-06-28 13:18:40.000000000,BEST_ASK,"JPM,101354,174"
2019-06-28 13:18:40.000000000,BEST_BID,"JPM,101177,174"
2019-06-28 13:18:40.000000000,BEST_ASK,"JPM,101354,174"
2019-06-28 13:18:47.869685553,QUERY_SPREAD,33
2019-06-28 13:18:47.869685553,BEST_BID,"JPM,101177,74"
2019-06-28 13:18:47.869685553,BEST_ASK,"JPM,101354,174"
2019-06-28 13:18:47.869685553,LAST_TRADE,"100,$101177.0000"
2019-06-28 13:18:50.000000000,QUERY_SPREAD,1
2019-06-28 13:18:50.000000000,BEST_BID,"JPM,101082,226"
2019-06-28 13:18:50.000000000,BEST_ASK,"JPM,101354,100"
2019-06-28 13:18:50.000000000,BEST_BID,"JPM,101082,226"
2019-06-28 13:18:50.000000000,BEST_ASK,"JPM,101354,100"
2019-06-28 13:18:50.000000000,BEST_BID,"JPM,101082,226"
2019-06-28 13:18:50.000000000,BEST_ASK,"JPM,101354,100"
2019-06-28 13:18:50.000000000,BEST_BID,"JPM,101082,226"
2019-06-28 13:18:50.000000000,BEST_ASK,"JPM,101354,226"
2019-06-28 13:18:50.000000000,BEST_BID,"JPM,101082,226"
2019-06-28 13:18:50.000000000,BEST_ASK,"JPM,101354,226"
2019-06-28 13:18:50.000000000,BEST_BID,"JPM,101082,226"
2019-06-28 13:18:50.000000000,BEST_ASK,"JPM,101354,226"
2019-06-28 13:18:54.172355259,QUERY_SPREAD,45
2019-06-28 13:18:54.172355259,BEST_BID,"JPM,101082,126"
2019-06-28 13:18:54.172355259,BEST_ASK,"JPM,101354,226"
2019-06-28 13:18:54.172355259,LAST_TRADE,"100,$101082.0000"
2019-06-28 13:19:00.000000000,QUERY_SPREAD,1
2019-06-28 13:19:00.000000000,BEST_BID,"JPM,101049,226"
2019-06-28 13:19:00.000000000,BEST_ASK,"JPM,101354,100"
2019-06-28 13:19:00.000000000,BEST_BID,"JPM,101049,226"
2019-06-28 13:19:00.000000000,BEST_ASK,"JPM,101354,100"
2019-06-28 13:19:00.000000000,BEST_BID,"JPM,101049,226"
2019-06-28 13:19:00.000000000,BEST_ASK,"JPM,101354,100"
2019-06-28 13:19:00.000000000,BEST_BID,"JPM,101049,226"
2019-06-28 13:19:00.000000000,BEST_ASK,"JPM,101354,226"
2019-06-28 13:19:00.000000000,BEST_BID,"JPM,101049,226"
2019-06-28 13:19:00.000000000,BEST_ASK,"JPM,101354,226"
2019-06-28 13:19:00.000000000,BEST_BID,"JPM,101049,226"
2019-06-28 13:19:00.000000000,BEST_ASK,"JPM,101354,226"
2019-06-28 13:19:00.000000000,QUERY_SPREAD,77
2019-06-28 13:19:00.000000000,BEST_BID,"JPM,101049,226"
2019-06-28 13:19:00.000000000,BEST_ASK,"JPM,101354,221"
2019-06-28 13:19:00.000000000,LAST_TRADE,"5,$101354.0000"
2019-06-28 13:19:00.000000000,QUERY_SPREAD,78
2019-06-28 13:19:00.000000000,BEST_BID,"JPM,101049,226"
2019-06-28 13:19:00.000000000,BEST_ASK,"JPM,101354,213"
2019-06-28 13:19:00.000000000,LAST_TRADE,"8,$101354.0000"
2019-06-28 13:19:00.000000000,QUERY_SPREAD,79
2019-06-28 13:19:00.000000000,BEST_BID,"JPM,101049,226"
2019-06-28 13:19:00.000000000,BEST_ASK,"JPM,101354,208"
2019-06-28 13:19:00.000000000,LAST_TRADE,"5,$101354.0000"
2019-06-28 13:19:00.000000000,QUERY_SPREAD,80
2019-06-28 13:19:00.000000000,BEST_BID,"JPM,101049,226"
2019-06-28 13:19:00.000000000,BEST_ASK,"JPM,101354,200"
2019-06-28 13:19:00.000000000,LAST_TRADE,"8,$101354.0000"
2019-06-28 13:19:00.000000000,QUERY_SPREAD,81
2019-06-28 13:19:00.000000000,BEST_BID,"JPM,101049,226"
2019-06-28 13:19:00.000000000,BEST_ASK,"JPM,101354,191"
2019-06-28 13:19:00.000000000,LAST_TRADE,"9,$101354.0000"
2019-06-28 13:19:00.000000000,QUERY_SPREAD,82
2019-06-28 13:19:00.000000000,BEST_BID,"JPM,101049,226"
2019-06-28 13:19:00.000000000,BEST_ASK,"JPM,101354,188"
2019-06-28 13:19:00.000000000,LAST_TRADE,"3,$101354.0000"
2019-06-28 13:19:00.000000000,QUERY_SPREAD,83
2019-06-28 13:19:00.000000000,BEST_BID,"JPM,101049,226"
2019-06-28 13:19:00.000000000,BEST_ASK,"JPM,101354,180"
2019-06-28 13:19:00.000000000,LAST_TRADE,"8,$101354.0000"
2019-06-28 13:19:00.000000000,QUERY_SPREAD,84
2019-06-28 13:19:00.000000000,BEST_BID,"JPM,101049,226"
2019-06-28 13:19:00.000000000,BEST_ASK,"JPM,101354,176"
2019-06-28 13:19:00.000000000,LAST_TRADE,"4,$101354.0000"
2019-06-28 13:19:00.000000000,QUERY_SPREAD,85
2019-06-28 13:19:00.000000000,BEST_BID,"JPM,101049,226"
2019-06-28 13:19:00.000000000,BEST_ASK,"JPM,101354,171"
2019-06-28 13:19:00.000000000,LAST_TRADE,"5,$101354.0000"
2019-06-28 13:19:00.000000000,QUERY_SPREAD,86
2019-06-28 13:19:00.000000000,BEST_BID,"JPM,101049,226"
2019-06-28 13:19:00.000000000,BEST_ASK,"JPM,101354,169"
2019-06-28 13:19:00.000000000,LAST_TRADE,"2,$101354.0000"
2019-06-28 13:19:00.000000000,QUERY_SPREAD,87
2019-06-28 13:19:00.000000000,BEST_BID,"JPM,101049,226"
2019-06-28 13:19:00.000000000,BEST_ASK,"JPM,101354,162"
2019-06-28 13:19:00.000000000,LAST_TRADE,"7,$101354.0000"
2019-06-28 13:19:00.000000000,QUERY_SPREAD,88
2019-06-28 13:19:00.000000000,BEST_BID,"JPM,101049,226"
2019-06-28 13:19:00.000000000,BEST_ASK,"JPM,101354,154"
2019-06-28 13:19:00.000000000,LAST_TRADE,"8,$101354.0000"
2019-06-28 13:19:00.000000000,QUERY_SPREAD,89
2019-06-28 13:19:00.000000000,BEST_BID,"JPM,101049,226"
2019-06-28 13:19:00.000000000,BEST_ASK,"JPM,101354,149"
2019-06-28 13:19:00.000000000,LAST_TRADE,"5,$101354.0000"
2019-06-28 13:19:00.000000000,QUERY_SPREAD,90
2019-06-28 13:19:00.000000000,BEST_BID,"JPM,101049,226"
2019-06-28 13:19:00.000000000,BEST_ASK,"JPM,101354,145"
2019-06-28 13:19:00.000000000,LAST_TRADE,"4,$101354.0000"
2019-06-28 13:19:00.000000000,QUERY_SPREAD,91
2019-06-28 13:19:00.000000000,BEST_BID,"JPM,101049,226"
2019-06-28 13:19:00.000000000,BEST_ASK,"JPM,101354,142"
2019-06-28 13:19:00.000000000,LAST_TRADE,"3,$101354.0000"
2019-06-28 13:19:00.000000000,QUERY_SPREAD,92
2019-06-28 13:19:00.000000000,BEST_BID,"JPM,101049,226"
2019-06-28 13:19:00.000000000,BEST_ASK,"JPM,101354,137"
2019-06-28 13:19:00.000000000,LAST_TRADE,"5,$101354.0000"
2019-06-28 13:19:00.000000000,QUERY_SPREAD,93
2019-06-28 13:19:00.000000000,BEST_BID,"JPM,101049,226"
2019-06-28 13:19:00.000000000,BEST_ASK,"JPM,101354,130"
2019-06-28 13:19:00.000000000,LAST_TRADE,"7,$101354.0000"
2019-06-28 13:19:00.000000000,QUERY_SPREAD,94
2019-06-28 13:19:00.000000000,BEST_BID,"JPM,101049,226"
2019-06-28 13:19:00.000000000,BEST_ASK,"JPM,101354,129"
2019-06-28 13:19:00.000000000,LAST_TRADE,"1,$101354.0000"
2019-06-28 13:19:00.000000000,QUERY_SPREAD,95
2019-06-28 13:19:00.000000000,BEST_BID,"JPM,101049,226"
2019-06-28 13:19:00.000000000,BEST_ASK,"JPM,101354,128"
2019-06-28 13:19:00.000000000,LAST_TRADE,"1,$101354.0000"
2019-06-28 13:19:00.000000000,QUERY_SPREAD,96
2019-06-28 13:19:00.000000000,BEST_BID,"JPM,101049,226"
2019-06-28 13:19:00.000000000,BEST_ASK,"JPM,101354,124"
2019-06-28 13:19:00.000000000,LAST_TRADE,"4,$101354.0000"
2019-06-28 13:19:00.000000000,QUERY_SPREAD,97
2019-06-28 13:19:00.000000000,BEST_BID,"JPM,101049,226"
2019-06-28 13:19:00.000000000,BEST_ASK,"JPM,101354,121"
2019-06-28 13:19:00.000000000,LAST_TRADE,"3,$101354.0000"
2019-06-28 13:19:00.000000000,QUERY_SPREAD,98
2019-06-28 13:19:00.000000000,BEST_BID,"JPM,101049,226"
2019-06-28 13:19:00.000000000,BEST_ASK,"JPM,101354,116"
2019-06-28 13:19:00.000000000,LAST_TRADE,"5,$101354.0000"
2019-06-28 13:19:00.000000000,QUERY_SPREAD,99
2019-06-28 13:19:00.000000000,BEST_BID,"JPM,101049,226"
2019-06-28 13:19:00.000000000,BEST_ASK,"JPM,101354,112"
2019-06-28 13:19:00.000000000,LAST_TRADE,"4,$101354.0000"
2019-06-28 13:19:00.000000000,QUERY_SPREAD,100
2019-06-28 13:19:00.000000000,BEST_BID,"JPM,101049,226"
2019-06-28 13:19:00.000000000,BEST_ASK,"JPM,101354,107"
2019-06-28 13:19:00.000000000,LAST_TRADE,"5,$101354.0000"
2019-06-28 13:19:00.000000000,QUERY_SPREAD,101
2019-06-28 13:19:00.000000000,BEST_BID,"JPM,101049,225"
2019-06-28 13:19:00.000000000,BEST_ASK,"JPM,101354,107"
2019-06-28 13:19:00.000000000,LAST_TRADE,"1,$101049.0000"
2019-06-28 13:19:10.000000000,QUERY_SPREAD,1
2019-06-28 13:19:10.000000000,BEST_BID,"JPM,101049,225"
2019-06-28 13:19:10.000000000,BEST_ASK,"JPM,101855,100"
2019-06-28 13:19:10.000000000,BEST_BID,"JPM,101049,225"
2019-06-28 13:19:10.000000000,BEST_ASK,"JPM,101855,100"
2019-06-28 13:19:10.000000000,BEST_BID,"JPM,101049,225"
2019-06-28 13:19:10.000000000,BEST_ASK,"JPM,101855,100"
2019-06-28 13:19:10.000000000,BEST_BID,"JPM,101049,225"
2019-06-28 13:19:10.000000000,BEST_ASK,"JPM,101855,226"
2019-06-28 13:19:10.000000000,BEST_BID,"JPM,101049,225"
2019-06-28 13:19:10.000000000,BEST_ASK,"JPM,101855,226"
2019-06-28 13:19:10.000000000,BEST_BID,"JPM,101049,225"
2019-06-28 13:19:10.000000000,BEST_ASK,"JPM,101855,226"
2019-06-28 13:19:10.786613188,QUERY_SPREAD,17
2019-06-28 13:19:10.786613188,BEST_BID,"JPM,101049,125"
2019-06-28 13:19:10.786613188,BEST_ASK,"JPM,101855,226"
2019-06-28 13:19:10.786613188,LAST_TRADE,"100,$101049.0000"
2019-06-28 13:19:20.000000000,QUERY_SPREAD,1
2019-06-28 13:19:20.000000000,BEST_BID,"JPM,100964,471"
2019-06-28 13:19:20.000000000,BEST_ASK,"JPM,101855,100"
2019-06-28 13:19:20.000000000,BEST_BID,"JPM,100964,471"
2019-06-28 13:19:20.000000000,BEST_ASK,"JPM,101855,471"
2019-06-28 13:19:30.000000000,QUERY_SPREAD,1
2019-06-28 13:19:30.000000000,BEST_BID,"JPM,100964,471"
2019-06-28 13:19:30.000000000,BEST_ASK,"JPM,101855,100"
2019-06-28 13:19:30.000000000,BEST_BID,"JPM,100964,471"
2019-06-28 13:19:30.000000000,BEST_ASK,"JPM,101855,471"
2019-06-28 13:19:30.634988749,QUERY_ORDER_STREAM,65
2019-06-28 13:19:30.634988749,QUERY_SPREAD,65
2019-06-28 13:19:35.118705323,QUERY_ORDER_STREAM,67
2019-06-28 13:19:35.118705323,QUERY_SPREAD,67
2019-06-28 13:19:40.000000000,QUERY_SPREAD,1
2019-06-28 13:19:40.000000000,BEST_BID,"JPM,100964,286"
2019-06-28 13:19:40.000000000,BEST_ASK,"JPM,101855,100"
2019-06-28 13:19:40.000000000,BEST_BID,"JPM,100964,286"
2019-06-28 13:19:40.000000000,BEST_ASK,"JPM,101855,100"
2019-06-28 13:19:40.000000000,BEST_BID,"JPM,100964,286"
2019-06-28 13:19:40.000000000,BEST_ASK,"JPM,101855,286"
2019-06-28 13:19:40.000000000,BEST_BID,"JPM,100964,286"
2019-06-28 13:19:40.000000000,BEST_ASK,"JPM,101855,286"
2019-06-28 13:19:50.000000000,QUERY_SPREAD,1
2019-06-28 13:19:50.000000000,BEST_BID,"JPM,100964,471"
2019-06-28 13:19:50.000000000,BEST_ASK,"JPM,101855,100"
2019-06-28 13:19:50.000000000,BEST_BID,"JPM,100964,471"
2019-06-28 13:19:50.000000000,BEST_ASK,"JPM,101855,471"
2019-06-28 13:20:00.000000000,QUERY_SPREAD,1
2019-06-28 13:20:00.000000000,BEST_BID,"JPM,100964,193"
2019-06-28 13:20:00.000000000,BEST_ASK,"JPM,101855,100"
2019-06-28 13:20:00.000000000,BEST_BID,"JPM,100964,193"
2019-06-28 13:20:00.000000000,BEST_ASK,"JPM,101855,100"
2019-06-28 13:20:00.000000000,BEST_BID,"JPM,100964,193"
2019-06-28 13:20:00.000000000,BEST_ASK,"JPM,101855,100"
2019-06-28 13:20:00.000000000,BEST_BID,"JPM,100964,193"
2019-06-28 13:20:00.000000000,BEST_ASK,"JPM,101855,100"
2019-06-28 13:20:00.000000000,BEST_BID,"JPM,100964,193"
2019-06-28 13:20:00.000000000,BEST_ASK,"JPM,101855,193"
2019-06-28 13:20:00.000000000,BEST_BID,"JPM,100964,193"
2019-06-28 13:20:00.000000000,BEST_ASK,"JPM,101855,193"
2019-06-28 13:20:00.000000000,BEST_BID,"JPM,100964,193"
2019-06-28 13:20:00.000000000,BEST_ASK,"JPM,101855,193"
2019-06-28 13:20:00.000000000,BEST_BID,"JPM,100964,193"
2019-06-28 13:20:00.000000000,BEST_ASK,"JPM,101855,193"
2019-06-28 13:20:00.000000000,QUERY_SPREAD,77
2019-06-28 13:20:00.000000000,BEST_BID,"JPM,100964,193"
2019-06-28 13:20:00.000000000,BEST_ASK,"JPM,101855,188"
2019-06-28 13:20:00.000000000,LAST_TRADE,"5,$101855.0000"
2019-06-28 13:20:00.000000000,QUERY_SPREAD,78
2019-06-28 13:20:00.000000000,BEST_BID,"JPM,100964,193"
2019-06-28 13:20:00.000000000,BEST_ASK,"JPM,101855,180"
2019-06-28 13:20:00.000000000,LAST_TRADE,"8,$101855.0000"
2019-06-28 13:20:00.000000000,QUERY_SPREAD,79
2019-06-28 13:20:00.000000000,BEST_BID,"JPM,100964,193"
2019-06-28 13:20:00.000000000,BEST_ASK,"JPM,101855,175"
2019-06-28 13:20:00.000000000,LAST_TRADE,"5,$101855.0000"
2019-06-28 13:20:00.000000000,QUERY_SPREAD,80
2019-06-28 13:20:00.000000000,BEST_BID,"JPM,100964,193"
2019-06-28 13:20:00.000000000,BEST_ASK,"JPM,101855,167"
2019-06-28 13:20:00.000000000,LAST_TRADE,"8,$101855.0000"
2019-06-28 13:20:00.000000000,QUERY_SPREAD,81
2019-06-28 13:20:00.000000000,BEST_BID,"JPM,100964,193"
2019-06-28 13:20:00.000000000,BEST_ASK,"JPM,101855,158"
2019-06-28 13:20:00.000000000,LAST_TRADE,"9,$101855.0000"
2019-06-28 13:20:00.000000000,QUERY_SPREAD,82
2019-06-28 13:20:00.000000000,BEST_BID,"JPM,100964,193"
2019-06-28 13:20:00.000000000,BEST_ASK,"JPM,101855,155"
2019-06-28 13:20:00.000000000,LAST_TRADE,"3,$101855.0000"
2019-06-28 13:20:00.000000000,QUERY_SPREAD,83
2019-06-28 13:20:00.000000000,BEST_BID,"JPM,100964,193"
2019-06-28 13:20:00.000000000,BEST_ASK,"JPM,101855,147"
2019-06-28 13:20:00.000000000,LAST_TRADE,"8,$101855.0000"
2019-06-28 13:20:00.000000000,QUERY_SPREAD,84
2019-06-28 13:20:00.000000000,BEST_BID,"JPM,100964,193"
2019-06-28 13:20:00.000000000,BEST_ASK,"JPM,101855,143"
2019-06-28 13:20:00.000000000,LAST_TRADE,"4,$101855.0000"
2019-06-28 13:20:00.000000000,QUERY_SPREAD,85
2019-06-28 13:20:00.000000000,BEST_BID,"JPM,100964,193"
2019-06-28 13:20:00.000000000,BEST_ASK,"JPM,101855,138"
2019-06-28 13:20:00.000000000,LAST_TRADE,"5,$101855.0000"
2019-06-28 13:20:00.000000000,QUERY_SPREAD,86
2019-06-28 13:20:00.000000000,BEST_BID,"JPM,100964,193"
2019-06-28 13:20:00.000000000,BEST_ASK,"JPM,101855,136"
2019-06-28 13:20:00.000000000,LAST_TRADE,"2,$101855.0000"
2019-06-28 13:20:00.000000000,QUERY_SPREAD,87
2019-06-28 13:20:00.000000000,BEST_BID,"JPM,100964,193"
2019-06-28 13:20:00.000000000,BEST_ASK,"JPM,101855,129"
2019-06-28 13:20:00.000000000,LAST_TRADE,"7,$101855.0000"
2019-06-28 13:20:00.000000000,QUERY_SPREAD,88
2019-06-28 13:20:00.000000000,BEST_BID,"JPM,100964,193"
2019-06-28 13:20:00.000000000,BEST_ASK,"JPM,101855,121"
2019-06-28 13:20:00.000000000,LAST_TRADE,"8,$101855.0000"
2019-06-28 13:20:00.000000000,QUERY_SPREAD,89
2019-06-28 13:20:00.000000000,BEST_BID,"JPM,100964,193"
2019-06-28 13:20:00.000000000,BEST_ASK,"JPM,101855,116"
2019-06-28 13:20:00.000000000,LAST_TRADE,"5,$101855.0000"
2019-06-28 13:20:00.000000000,QUERY_SPREAD,90
2019-06-28 13:20:00.000000000,BEST_BID,"JPM,100964,193"
2019-06-28 13:20:00.000000000,BEST_ASK,"JPM,101855,112"
2019-06-28 13:20:00.000000000,LAST_TRADE,"4,$101855.0000"
2019-06-28 13:20:00.000000000,QUERY_SPREAD,91
2019-06-28 13:20:00.000000000,BEST_BID,"JPM,100964,193"
2019-06-28 13:20:00.000000000,BEST_ASK,"JPM,101855,109"
2019-06-28 13:20:00.000000000,LAST_TRADE,"3,$101855.0000"
2019-06-28 13:20:00.000000000,QUERY_SPREAD,92
2019-06-28 13:20:00.000000000,BEST_BID,"JPM,100964,193"
2019-06-28 13:20:00.000000000,BEST_ASK,"JPM,101855,104"
2019-06-28 13:20:00.000000000,LAST_TRADE,"5,$101855.0000"
2019-06-28 13:20:00.000000000,QUERY_SPREAD,93
2019-06-28 13:20:00.000000000,BEST_BID,"JPM,100964,193"
2019-06-28 13:20:00.000000000,BEST_ASK,"JPM,101855,97"
2019-06-28 13:20:00.000000000,LAST_TRADE,"7,$101855.0000"
2019-06-28 13:20:00.000000000,QUERY_SPREAD,94
2019-06-28 13:20:00.000000000,BEST_BID,"JPM,100964,193"
2019-06-28 13:20:00.000000000,BEST_ASK,"JPM,101855,96"
2019-06-28 13:20:00.000000000,LAST_TRADE,"1,$101855.0000"
2019-06-28 13:20:00.000000000,QUERY_SPREAD,95
2019-06-28 13:20:00.000000000,BEST_BID,"JPM,100964,193"
2019-06-28 13:20:00.000000000,BEST_ASK,"JPM,101855,95"
2019-06-28 13:20:00.000000000,LAST_TRADE,"1,$101855.0000"
2019-06-28 13:20:00.000000000,QUERY_SPREAD,96
2019-06-28 13:20:00.000000000,BEST_BID,"JPM,100964,193"
2019-06-28 13:20:00.000000000,BEST_ASK,"JPM,101855,91"
2019-06-28 13:20:00.000000000,LAST_TRADE,"4,$101855.0000"
2019-06-28 13:20:00.000000000,QUERY_SPREAD,97
2019-06-28 13:20:00.000000000,BEST_BID,"JPM,100964,193"
2019-06-28 13:20:00.000000000,BEST_ASK,"JPM,101855,88"
2019-06-28 13:20:00.000000000,LAST_TRADE,"3,$101855.0000"
2019-06-28 13:20:00.000000000,QUERY_SPREAD,98
2019-06-28 13:20:00.000000000,BEST_BID,"JPM,100964,193"
2019-06-28 13:20:00.000000000,BEST_ASK,"JPM,101855,83"
2019-06-28 13:20:00.000000000,LAST_TRADE,"5,$101855.0000"
2019-06-28 13:20:00.000000000,QUERY_SPREAD,99
2019-06-28 13:20:00.000000000,BEST_BID,"JPM,100964,193"
2019-06-28 13:20:00.000000000,BEST_ASK,"JPM,101855,79"
2019-06-28 13:20:00.000000000,LAST_TRADE,"4,$101855.0000"
2019-06-28 13:20:00.000000000,QUERY_SPREAD,100
2019-06-28 13:20:00.000000000,BEST_BID,"JPM,100964,193"
2019-06-28 13:20:00.000000000,BEST_ASK,"JPM,101855,74"
2019-06-28 13:20:00.000000000,LAST_TRADE,"5,$101855.0000"
2019-06-28 13:20:00.000000000,QUERY_SPREAD,101
2019-06-28 13:20:00.000000000,BEST_BID,"JPM,100964,192"
2019-06-28 13:20:00.000000000,BEST_ASK,"JPM,101855,74"
2019-06-28 13:20:00.000000000,LAST_TRADE,"1,$100964.0000"
2019-06-28 13:20:10.000000000,QUERY_SPREAD,1
2019-06-28 13:20:10.000000000,BEST_BID,"JPM,100964,470"
2019-06-28 13:20:10.000000000,BEST_ASK,"JPM,101901,100"
2019-06-28 13:20:10.000000000,BEST_BID,"JPM,100964,470"
2019-06-28 13:20:10.000000000,BEST_ASK,"JPM,101901,471"
2019-06-28 13:20:20.000000000,QUERY_SPREAD,1
2019-06-28 13:20:20.000000000,BEST_BID,"JPM,100964,173"
2019-06-28 13:20:20.000000000,BEST_ASK,"JPM,101901,100"
2019-06-28 13:20:20.000000000,BEST_BID,"JPM,100964,173"
2019-06-28 13:20:20.000000000,BEST_ASK,"JPM,101901,100"
2019-06-28 13:20:20.000000000,BEST_BID,"JPM,100964,173"
2019-06-28 13:20:20.000000000,BEST_ASK,"JPM,101901,100"
2019-06-28 13:20:20.000000000,BEST_BID,"JPM,100964,173"
2019-06-28 13:20:20.000000000,BEST_ASK,"JPM,101901,100"
2019-06-28 13:20:20.000000000,BEST_BID,"JPM,100964,173"
2019-06-28 13:20:20.000000000,BEST_ASK,"JPM,101901,100"
2019-06-28 13:20:20.000000000,BEST_BID,"JPM,100964,173"
2019-06-28 13:20:20.000000000,BEST_ASK,"JPM,101901,174"
2019-06-28 13:20:20.000000000,BEST_BID,"JPM,100964,173"
2019-06-28 13:20:20.000000000,BEST_ASK,"JPM,101901,174"
2019-06-28 13:20:20.000000000,BEST_BID,"JPM,100964,173"
2019-06-28 13:20:20.000000000,BEST_ASK,"JPM,101901,174"
2019-06-28 13:20:20.000000000,BEST_BID,"JPM,100964,173"
2019-06-28 13:20:20.000000000,BEST_ASK,"JPM,101901,174"
2019-06-28 13:20:28.056062400,QUERY_ORDER_STREAM,58
2019-06-28 13:20:28.056062400,QUERY_SPREAD,58
2019-06-28 13:20:30.000000000,QUERY_SPREAD,1
2019-06-28 13:20:30.000000000,BEST_BID,"JPM,100964,173"
2019-06-28 13:20:30.000000000,BEST_ASK,"JPM,101901,100"
2019-06-28 13:20:30.000000000,BEST_BID,"JPM,100964,173"
2019-06-28 13:20:30.000000000,BEST_ASK,"JPM,101901,100"
2019-06-28 13:20:30.000000000,BEST_BID,"JPM,100964,173"
2019-06-28 13:20:30.000000000,BEST_ASK,"JPM,101901,100"
2019-06-28 13:20:30.000000000,BEST_BID,"JPM,100964,173"
2019-06-28 13:20:30.000000000,BEST_ASK,"JPM,101901,100"
2019-06-28 13:20:30.000000000,BEST_BID,"JPM,100964,173"
2019-06-28 13:20:30.000000000,BEST_ASK,"JPM,101901,100"
2019-06-28 13:20:30.000000000,BEST_BID,"JPM,100964,173"
2019-06-28 13:20:30.000000000,BEST_ASK,"JPM,101901,174"
2019-06-28 13:20:30.000000000,BEST_BID,"JPM,100964,173"
2019-06-28 13:20:30.000000000,BEST_ASK,"JPM,101901,174"
2019-06-28 13:20:30.000000000,BEST_BID,"JPM,100964,173"
2019-06-28 13:20:30.000000000,BEST_ASK,"JPM,101901,174"
2019-06-28 13:20:30.000000000,BEST_BID,"JPM,100964,173"
2019-06-28 13:20:30.000000000,BEST_ASK,"JPM,101901,174"
2019-06-28 13:20:30.288224803,QUERY_ORDER_STREAM,64
2019-06-28 13:20:30.288224803,QUERY_SPREAD,64
2019-06-28 13:20:40.000000000,QUERY_SPREAD,1
2019-06-28 13:20:40.000000000,BEST_BID,"JPM,100964,192"
2019-06-28 13:20:40.000000000,BEST_ASK,"JPM,101901,100"
2019-06-28 13:20:40.000000000,BEST_BID,"JPM,100964,192"
2019-06-28 13:20:40.000000000,BEST_ASK,"JPM,101901,100"
2019-06-28 13:20:40.000000000,BEST_BID,"JPM,100964,192"
2019-06-28 13:20:40.000000000,BEST_ASK,"JPM,101901,100"
2019-06-28 13:20:40.000000000,BEST_BID,"JPM,100964,192"
2019-06-28 13:20:40.000000000,BEST_ASK,"JPM,101901,100"
2019-06-28 13:20:40.000000000,BEST_BID,"JPM,100964,192"
2019-06-28 13:20:40.000000000,BEST_ASK,"JPM,101901,193"
2019-06-28 13:20:40.000000000,BEST_BID,"JPM,100964,192"
2019-06-28 13:20:40.000000000,BEST_ASK,"JPM,101901,193"
2019-06-28 13:20:40.000000000,BEST_BID,"JPM,100964,192"
2019-06-28 13:20:40.000000000,BEST_ASK,"JPM,101901,193"
2019-06-28 13:20:40.000000000,BEST_BID,"JPM,100964,192"
2019-06-28 13:20:40.000000000,BEST_ASK,"JPM,101901,193"
2019-06-28 13:20:40.205090539,QUERY_SPREAD,26
2019-06-28 13:20:40.205090539,BEST_BID,"JPM,100964,93"
2019-06-28 13:20:40.205090539,BEST_ASK,"JPM,101901,193"
2019-06-28 13:20:50.000000000,QUERY_SPREAD,1
2019-06-28 13:20:50.000000000,BEST_BID,"JPM,100933,174"
2019-06-28 13:20:50.000000000,BEST_ASK,"JPM,101901,100"
2019-06-28 13:20:50.000000000,BEST_BID,"JPM,100933,174"
2019-06-28 13:20:50.000000000,BEST_ASK,"JPM,101901,100"
2019-06-28 13:20:50.000000000,BEST_BID,"JPM,100933,174"
2019-06-28 13:20:50.000000000,BEST_ASK,"JPM,101901,100"
2019-06-28 13:20:50.000000000,BEST_BID,"JPM,100933,174"
2019-06-28 13:20:50.000000000,BEST_ASK,"JPM,101901,100"
2019-06-28 13:20:50.000000000,BEST_BID,"JPM,100933,174"
2019-06-28 13:20:50.000000000,BEST_ASK,"JPM,101901,100"
2019-06-28 13:20:50.000000000,BEST_BID,"JPM,100933,174"
2019-06-28 13:20:50.000000000,BEST_ASK,"JPM,101901,174"
2019-06-28 13:20:50.000000000,BEST_BID,"JPM,100933,174"
2019-06-28 13:20:50.000000000,BEST_ASK,"JPM,101901,174"
2019-06-28 13:20:50.000000000,BEST_BID,"JPM,100933,174"
2019-06-28 13:20:50.000000000,BEST_ASK,"JPM,101901,174"
2019-06-28 13:20:50.000000000,BEST_BID,"JPM,100933,174"
2019-06-28 13:20:50.000000000,BEST_ASK,"JPM,101901,174"
2019-06-28 13:20:54.472410384,QUERY_SPREAD,45
2019-06-28 13:20:54.472410384,BEST_BID,"JPM,100933,174"
2019-06-28 13:20:54.472410384,BEST_ASK,"JPM,101901,174"
2019-06-28 13:21:00.000000000,QUERY_SPREAD,1
2019-06-28 13:21:00.000000000,BEST_BID,"JPM,100933,471"
2019-06-28 13:21:00.000000000,BEST_ASK,"JPM,101901,100"
2019-06-28 13:21:00.000000000,BEST_BID,"JPM,100933,471"
2019-06-28 13:21:00.000000000,BEST_ASK,"JPM,101901,471"
2019-06-28 13:21:00.000000000,QUERY_SPREAD,77
2019-06-28 13:21:00.000000000,BEST_BID,"JPM,100933,471"
2019-06-28 13:21:00.000000000,BEST_ASK,"JPM,101901,466"
2019-06-28 13:21:00.000000000,LAST_TRADE,"5,$101901.0000"
2019-06-28 13:21:00.000000000,QUERY_SPREAD,78
2019-06-28 13:21:00.000000000,BEST_BID,"JPM,100933,471"
2019-06-28 13:21:00.000000000,BEST_ASK,"JPM,101901,458"
2019-06-28 13:21:00.000000000,LAST_TRADE,"8,$101901.0000"
2019-06-28 13:21:00.000000000,QUERY_SPREAD,79
2019-06-28 13:21:00.000000000,BEST_BID,"JPM,100933,471"
2019-06-28 13:21:00.000000000,BEST_ASK,"JPM,101901,453"
2019-06-28 13:21:00.000000000,LAST_TRADE,"5,$101901.0000"
2019-06-28 13:21:00.000000000,QUERY_SPREAD,80
2019-06-28 13:21:00.000000000,BEST_BID,"JPM,100933,471"
2019-06-28 13:21:00.000000000,BEST_ASK,"JPM,101901,445"
2019-06-28 13:21:00.000000000,LAST_TRADE,"8,$101901.0000"
2019-06-28 13:21:00.000000000,QUERY_SPREAD,81
2019-06-28 13:21:00.000000000,BEST_BID,"JPM,100933,471"
2019-06-28 13:21:00.000000000,BEST_ASK,"JPM,101901,436"
2019-06-28 13:21:00.000000000,LAST_TRADE,"9,$101901.0000"
2019-06-28 13:21:00.000000000,QUERY_SPREAD,82
2019-06-28 13:21:00.000000000,BEST_BID,"JPM,100933,471"
2019-06-28 13:21:00.000000000,BEST_ASK,"JPM,101901,433"
2019-06-28 13:21:00.000000000,LAST_TRADE,"3,$101901.0000"
2019-06-28 13:21:00.000000000,QUERY_SPREAD,83
2019-06-28 13:21:00.000000000,BEST_BID,"JPM,100933,471"
2019-06-28 13:21:00.000000000,BEST_ASK,"JPM,101901,425"
2019-06-28 13:21:00.000000000,LAST_TRADE,"8,$101901.0000"
2019-06-28 13:21:00.000000000,QUERY_SPREAD,84
2019-06-28 13:21:00.000000000,BEST_BID,"JPM,100933,471"
2019-06-28 13:21:00.000000000,BEST_ASK,"JPM,101901,421"
2019-06-28 13:21:00.000000000,LAST_TRADE,"4,$101901.0000"
2019-06-28 13:21:00.000000000,QUERY_SPREAD,85
2019-06-28 13:21:00.000000000,BEST_BID,"JPM,100933,471"
2019-06-28 13:21:00.000000000,BEST_ASK,"JPM,101901,416"
2019-06-28 13:21:00.000000000,LAST_TRADE,"5,$101901.0000"
2019-06-28 13:21:00.000000000,QUERY_SPREAD,86
2019-06-28 13:21:00.000000000,BEST_BID,"JPM,100933,471"
2019-06-28 13:21:00.000000000,BEST_ASK,"JPM,101901,414"
2019-06-28 13:21:00.000000000,LAST_TRADE,"2,$101901.0000"
2019-06-28 13:21:00.000000000,QUERY_SPREAD,87
2019-06-28 13:21:00.000000000,BEST_BID,"JPM,100933,471"
2019-06-28 13:21:00.000000000,BEST_ASK,"JPM,101901,407"
2019-06-28 13:21:00.000000000,LAST_TRADE,"7,$101901.0000"
2019-06-28 13:21:00.000000000,QUERY_SPREAD,88
2019-06-28 13:21:00.000000000,BEST_BID,"JPM,100933,471"
2019-06-28 13:21:00.000000000,BEST_ASK,"JPM,101901,399"
2019-06-28 13:21:00.000000000,LAST_TRADE,"8,$101901.0000"
2019-06-28 13:21:00.000000000,QUERY_SPREAD,89
2019-06-28 13:21:00.000000000,BEST_BID,"JPM,100933,471"
2019-06-28 13:21:00.000000000,BEST_ASK,"JPM,101901,394"
2019-06-28 13:21:00.000000000,LAST_TRADE,"5,$101901.0000"
2019-06-28 13:21:00.000000000,QUERY_SPREAD,90
2019-06-28 13:21:00.000000000,BEST_BID,"JPM,100933,471"
2019-06-28 13:21:00.000000000,BEST_ASK,"JPM,101901,390"
2019-06-28 13:21:00.000000000,LAST_TRADE,"4,$101901.0000"
2019-06-28 13:21:00.000000000,QUERY_SPREAD,91
2019-06-28 13:21:00.000000000,BEST_BID,"JPM,100933,471"
2019-06-28 13:21:00.000000000,BEST_ASK,"JPM,101901,387"
2019-06-28 13:21:00.000000000,LAST_TRADE,"3,$101901.0000"
2019-06-28 13:21:00.000000000,QUERY_SPREAD,92
2019-06-28 13:21:00.000000000,BEST_BID,"JPM,100933,471"
2019-06-28 13:21:00.000000000,BEST_ASK,"JPM,101901,382"
2019-06-28 13:21:00.000000000,LAST_TRADE,"5,$101901.0000"
2019-06-28 13:21:00.000000000,QUERY_SPREAD,93
2019-06-28 13:21:00.000000000,BEST_BID,"JPM,100933,471"
2019-06-28 13:21:00.000000000,BEST_ASK,"JPM,101901,375"
2019-06-28 13:21:00.000000000,LAST_TRADE,"7,$101901.0000"
2019-06-28 13:21:00.000000000,QUERY_SPREAD,94
2019-06-28 13:21:00.000000000,BEST_BID,"JPM,100933,471"
2019-06-28 13:21:00.000000000,BEST_ASK,"JPM,101901,374"
2019-06-28 13:21:00.000000000,LAST_TRADE,"1,$101901.0000"
2019-06-28 13:21:00.000000000,QUERY_SPREAD,95
2019-06-28 13:21:00.000000000,BEST_BID,"JPM,100933,471"
2019-06-28 13:21:00.000000000,BEST_ASK,"JPM,101901,373"
2019-06-28 13:21:00.000000000,LAST_TRADE,"1,$101901.0000"
2019-06-28 13:21:00.000000000,QUERY_SPREAD,96
2019-06-28 13:21:00.000000000,BEST_BID,"JPM,100933,471"
2019-06-28 13:21:00.000000000,BEST_ASK,"JPM,101901,369"
2019-06-28 13:21:00.000000000,LAST_TRADE,"4,$101901.0000"
2019-06-28 13:21:00.000000000,QUERY_SPREAD,97
2019-06-28 13:21:00.000000000,BEST_BID,"JPM,100933,471"
2019-06-28 13:21:00.000000000,BEST_ASK,"JPM,101901,366"
2019-06-28 13:21:00.000000000,LAST_TRADE,"3,$101901.0000"
2019-06-28 13:21:00.000000000,QUERY_SPREAD,98
2019-06-28 13:21:00.000000000,BEST_BID,"JPM,100933,471"
2019-06-28 13:21:00.000000000,BEST_ASK,"JPM,101901,361"
2019-06-28 13:21:00.000000000,LAST_TRADE,"5,$101901.0000"
2019-06-28 13:21:00.000000000,QUERY_SPREAD,99
2019-06-28 13:21:00.000000000,BEST_BID,"JPM,100933,471"
2019-06-28 13:21:00.000000000,BEST_ASK,"JPM,101901,357"
2019-06-28 13:21:00.000000000,LAST_TRADE,"4,$101901.0000"
2019-06-28 13:21:00.000000000,QUERY_SPREAD,100
2019-06-28 13:21:00.000000000,BEST_BID,"JPM,100933,471"
2019-06-28 13:21:00.000000000,BEST_ASK,"JPM,101901,352"
2019-06-28 13:21:00.000000000,LAST_TRADE,"5,$101901.0000"
2019-06-28 13:21:00.000000000,QUERY_SPREAD,101
2019-06-28 13:21:00.000000000,BEST_BID,"JPM,100933,470"
2019-06-28 13:21:00.000000000,BEST_ASK,"JPM,101901,352"
2019-06-28 13:21:00.000000000,LAST_TRADE,"1,$100933.0000"
2019-06-28 13:21:10.000000000,QUERY_SPREAD,1
2019-06-28 13:21:10.000000000,BEST_BID,"JPM,100933,285"
2019-06-28 13:21:10.000000000,BEST_ASK,"JPM,102011,100"
2019-06-28 13:21:10.000000000,BEST_BID,"JPM,100933,285"
2019-06-28 13:21:10.000000000,BEST_ASK,"JPM,102011,100"
2019-06-28 13:21:10.000000000,BEST_BID,"JPM,100933,285"
2019-06-28 13:21:10.000000000,BEST_ASK,"JPM,102011,286"
2019-06-28 13:21:10.000000000,BEST_BID,"JPM,100933,285"
2019-06-28 13:21:10.000000000,BEST_ASK,"JPM,102011,286"
2019-06-28 13:21:12.290018515,QUERY_ORDER_STREAM,65
2019-06-28 13:21:12.290018515,QUERY_SPREAD,65
2019-06-28 13:21:20.000000000,QUERY_SPREAD,1
2019-06-28 13:21:20.000000000,BEST_BID,"JPM,100933,285"
2019-06-28 13:21:20.000000000,BEST_ASK,"JPM,102011,100"
2019-06-28 13:21:20.000000000,BEST_BID,"JPM,100933,285"
2019-06-28 13:21:20.000000000,BEST_ASK,"JPM,102011,100"
2019-06-28 13:21:20.000000000,BEST_BID,"JPM,100933,285"
2019-06-28 13:21:20.000000000,BEST_ASK,"JPM,102011,286"
2019-06-28 13:21:20.000000000,BEST_BID,"JPM,100933,285"
2019-06-28 13:21:20.000000000,BEST_ASK,"JPM,102011,286"
2019-06-28 13:21:25.658027485,QUERY_ORDER_STREAM,73
2019-06-28 13:21:25.658027485,QUERY_SPREAD,73
2019-06-28 13:21:30.000000000,QUERY_SPREAD,1
2019-06-28 13:21:30.000000000,BEST_BID,"JPM,100933,192"
2019-06-28 13:21:30.000000000,BEST_ASK,"JPM,102011,100"
2019-06-28 13:21:30.000000000,BEST_BID,"JPM,100933,192"
2019-06-28 13:21:30.000000000,BEST_ASK,"JPM,102011,100"
2019-06-28 13:21:30.000000000,BEST_BID,"JPM,100933,192"
2019-06-28 13:21:30.000000000,BEST_ASK,"JPM,102011,100"
2019-06-28 13:21:30.000000000,BEST_BID,"JPM,100933,192"
2019-06-28 13:21:30.000000000,BEST_ASK,"JPM,102011,100"
2019-06-28 13:21:30.000000000,BEST_BID,"JPM,100933,192"
2019-06-28 13:21:30.000000000,BEST_ASK,"JPM,102011,193"
2019-06-28 13:21:30.000000000,BEST_BID,"JPM,100933,192"
2019-06-28 13:21:30.000000000,BEST_ASK,"JPM,102011,193"
2019-06-28 13:21:30.000000000,BEST_BID,"JPM,100933,192"
2019-06-28 13:21:30.000000000,BEST_ASK,"JPM,102011,193"
2019-06-28 13:21:35.374639563,QUERY_SPREAD,3
2019-06-28 13:21:35.374639563,BEST_BID,"JPM,100933,92"
2019-06-28 13:21:35.374639563,BEST_ASK,"JPM,102011,193"
2019-06-28 13:21:35.374639563,LAST_TRADE,"100,$100933.0000"
2019-06-28 13:21:39.658732920,QUERY_SPREAD,8
2019-06-28 13:21:39.658732920,BEST_BID,"JPM,100624,193"
2019-06-28 13:21:39.658732920,BEST_ASK,"JPM,100933,8"
2019-06-28 13:21:39.658732920,LAST_TRADE,"92,$100933.0000"
2019-06-28 13:21:40.000000000,QUERY_SPREAD,1
2019-06-28 13:21:40.000000000,BEST_BID,"JPM,100624,226"
2019-06-28 13:21:40.000000000,BEST_ASK,"JPM,100933,8"
2019-06-28 13:21:40.000000000,BEST_BID,"JPM,100624,226"
2019-06-28 13:21:40.000000000,BEST_ASK,"JPM,100933,8"
2019-06-28 13:21:40.000000000,BEST_BID,"JPM,100624,226"
2019-06-28 13:21:40.000000000,BEST_ASK,"JPM,100933,8"
2019-06-28 13:21:40.000000000,BEST_BID,"JPM,100624,226"
2019-06-28 13:21:40.000000000,BEST_ASK,"JPM,100933,134"
2019-06-28 13:21:40.000000000,BEST_BID,"JPM,100624,226"
2019-06-28 13:21:40.000000000,BEST_ASK,"JPM,100933,134"
2019-06-28 13:21:40.000000000,BEST_BID,"JPM,100624,226"
2019-06-28 13:21:40.000000000,BEST_ASK,"JPM,100933,134"
2019-06-28 13:21:50.000000000,QUERY_SPREAD,1
2019-06-28 13:21:50.000000000,BEST_BID,"JPM,100624,193"
2019-06-28 13:21:50.000000000,BEST_ASK,"JPM,100933,8"
2019-06-28 13:21:50.000000000,BEST_BID,"JPM,100624,193"
2019-06-28 13:21:50.000000000,BEST_ASK,"JPM,100933,8"
2019-06-28 13:21:50.000000000,BEST_BID,"JPM,100624,193"
2019-06-28 13:21:50.000000000,BEST_ASK,"JPM,100933,8"
2019-06-28 13:21:50.000000000,BEST_BID,"JPM,100624,193"
2019-06-28 13:21:50.000000000,BEST_ASK,"JPM,100933,8"
2019-06-28 13:21:50.000000000,BEST_BID,"JPM,100624,193"
2019-06-28 13:21:50.000000000,BEST_ASK,"JPM,100933,101"
2019-06-28 13:21:50.000000000,BEST_BID,"JPM,100624,193"
2019-06-28 13:21:50.000000000,BEST_ASK,"JPM,100933,101"
2019-06-28 13:21:50.000000000,BEST_BID,"JPM,100624,193"
2019-06-28 13:21:50.000000000,BEST_ASK,"JPM,100933,101"
2019-06-28 13:21:50.000000000,BEST_BID,"JPM,100624,193"
2019-06-28 13:21:50.000000000,BEST_ASK,"JPM,100933,101"
2019-06-28 13:22:00.000000000,QUERY_SPREAD,1
2019-06-28 13:22:00.000000000,BEST_BID,"JPM,100624,286"
2019-06-28 13:22:00.000000000,BEST_ASK,"JPM,100933,8"
2019-06-28 13:22:00.000000000,BEST_BID,"JPM,100624,286"
2019-06-28 13:22:00.000000000,BEST_ASK,"JPM,100933,8"
2019-06-28 13:22:00.000000000,BEST_BID,"JPM,100624,286"
2019-06-28 13:22:00.000000000,BEST_ASK,"JPM,100933,194"
2019-06-28 13:22:00.000000000,BEST_BID,"JPM,100624,286"
2019-06-28 13:22:00.000000000,BEST_ASK,"JPM,100933,194"
2019-06-28 13:22:00.000000000,QUERY_SPREAD,77
2019-06-28 13:22:00.000000000,BEST_BID,"JPM,100624,286"
2019-06-28 13:22:00.000000000,BEST_ASK,"JPM,100933,189"
2019-06-28 13:22:00.000000000,LAST_TRADE,"5,$100933.0000"
2019-06-28 13:22:00.000000000,QUERY_SPREAD,78
2019-06-28 13:22:00.000000000,BEST_BID,"JPM,100624,286"
2019-06-28 13:22:00.000000000,BEST_ASK,"JPM,100933,181"
2019-06-28 13:22:00.000000000,LAST_TRADE,"8,$100933.0000"
2019-06-28 13:22:00.000000000,QUERY_SPREAD,79
2019-06-28 13:22:00.000000000,BEST_BID,"JPM,100624,286"
2019-06-28 13:22:00.000000000,BEST_ASK,"JPM,100933,176"
2019-06-28 13:22:00.000000000,LAST_TRADE,"5,$100933.0000"
2019-06-28 13:22:00.000000000,QUERY_SPREAD,80
2019-06-28 13:22:00.000000000,BEST_BID,"JPM,100624,286"
2019-06-28 13:22:00.000000000,BEST_ASK,"JPM,100933,168"
2019-06-28 13:22:00.000000000,LAST_TRADE,"8,$100933.0000"
2019-06-28 13:22:00.000000000,QUERY_SPREAD,81
2019-06-28 13:22:00.000000000,BEST_BID,"JPM,100624,286"
2019-06-28 13:22:00.000000000,BEST_ASK,"JPM,100933,159"
2019-06-28 13:22:00.000000000,LAST_TRADE,"9,$100933.0000"
2019-06-28 13:22:00.000000000,QUERY_SPREAD,82
2019-06-28 13:22:00.000000000,BEST_BID,"JPM,100624,286"
2019-06-28 13:22:00.000000000,BEST_ASK,"JPM,100933,156"
2019-06-28 13:22:00.000000000,LAST_TRADE,"3,$100933.0000"
2019-06-28 13:22:00.000000000,QUERY_SPREAD,83
2019-06-28 13:22:00.000000000,BEST_BID,"JPM,100624,286"
2019-06-28 13:22:00.000000000,BEST_ASK,"JPM,100933,148"
2019-06-28 13:22:00.000000000,LAST_TRADE,"8,$100933.0000"
2019-06-28 13:22:00.000000000,QUERY_SPREAD,84
2019-06-28 13:22:00.000000000,BEST_BID,"JPM,100624,286"
2019-06-28 13:22:00.000000000,BEST_ASK,"JPM,100933,144"
2019-06-28 13:22:00.000000000,LAST_TRADE,"4,$100933.0000"
2019-06-28 13:22:00.000000000,QUERY_SPREAD,85
2019-06-28 13:22:00.000000000,BEST_BID,"JPM,100624,286"
2019-06-28 13:22:00.000000000,BEST_ASK,"JPM,100933,139"
2019-06-28 13:22:00.000000000,LAST_TRADE,"5,$100933.0000"
2019-06-28 13:22:00.000000000,QUERY_SPREAD,86
2019-06-28 13:22:00.000000000,BEST_BID,"JPM,100624,286"
2019-06-28 13:22:00.000000000,BEST_ASK,"JPM,100933,137"
2019-06-28 13:22:00.000000000,LAST_TRADE,"2,$100933.0000"
2019-06-28 13:22:00.000000000,QUERY_SPREAD,87
2019-06-28 13:22:00.000000000,BEST_BID,"JPM,100624,286"
2019-06-28 13:22:00.000000000,BEST_ASK,"JPM,100933,130"
2019-06-28 13:22:00.000000000,LAST_TRADE,"7,$100933.0000"
2019-06-28 13:22:00.000000000,QUERY_SPREAD,88
2019-06-28 13:22:00.000000000,BEST_BID,"JPM,100624,286"
2019-06-28 13:22:00.000000000,BEST_ASK,"JPM,100933,122"
2019-06-28 13:22:00.000000000,LAST_TRADE,"8,$100933.0000"
2019-06-28 13:22:00.000000000,QUERY_SPREAD,89
2019-06-28 13:22:00.000000000,BEST_BID,"JPM,100624,286"
2019-06-28 13:22:00.000000000,BEST_ASK,"JPM,100933,117"
2019-06-28 13:22:00.000000000,LAST_TRADE,"5,$100933.0000"
2019-06-28 13:22:00.000000000,QUERY_SPREAD,90
2019-06-28 13:22:00.000000000,BEST_BID,"JPM,100624,286"
2019-06-28 13:22:00.000000000,BEST_ASK,"JPM,100933,113"
2019-06-28 13:22:00.000000000,LAST_TRADE,"4,$100933.0000"
2019-06-28 13:22:00.000000000,QUERY_SPREAD,91
2019-06-28 13:22:00.000000000,BEST_BID,"JPM,100624,286"
2019-06-28 13:22:00.000000000,BEST_ASK,"JPM,100933,110"
2019-06-28 13:22:00.000000000,LAST_TRADE,"3,$100933.0000"
2019-06-28 13:22:00.000000000,QUERY_SPREAD,92
2019-06-28 13:22:00.000000000,BEST_BID,"JPM,100624,286"
2019-06-28 13:22:00.000000000,BEST_ASK,"JPM,100933,105"
2019-06-28 13:22:00.000000000,LAST_TRADE,"5,$100933.0000"
2019-06-28 13:22:00.000000000,QUERY_SPREAD,93
2019-06-28 13:22:00.000000000,BEST_BID,"JPM,100624,286"
2019-06-28 13:22:00.000000000,BEST_ASK,"JPM,100933,98"
2019-06-28 13:22:00.000000000,LAST_TRADE,"7,$100933.0000"
2019-06-28 13:22:00.000000000,QUERY_SPREAD,94
2019-06-28 13:22:00.000000000,BEST_BID,"JPM,100624,286"
2019-06-28 13:22:00.000000000,BEST_ASK,"JPM,100933,97"
2019-06-28 13:22:00.000000000,LAST_TRADE,"1,$100933.0000"
2019-06-28 13:22:00.000000000,QUERY_SPREAD,95
2019-06-28 13:22:00.000000000,BEST_BID,"JPM,100624,286"
2019-06-28 13:22:00.000000000,BEST_ASK,"JPM,100933,96"
2019-06-28 13:22:00.000000000,LAST_TRADE,"1,$100933.0000"
2019-06-28 13:22:00.000000000,QUERY_SPREAD,96
2019-06-28 13:22:00.000000000,BEST_BID,"JPM,100624,286"
2019-06-28 13:22:00.000000000,BEST_ASK,"JPM,100933,92"
2019-06-28 13:22:00.000000000,LAST_TRADE,"4,$100933.0000"
2019-06-28 13:22:00.000000000,QUERY_SPREAD,97
2019-06-28 13:22:00.000000000,BEST_BID,"JPM,100624,286"
2019-06-28 13:22:00.000000000,BEST_ASK,"JPM,100933,89"
2019-06-28 13:22:00.000000000,LAST_TRADE,"3,$100933.0000"
2019-06-28 13:22:00.000000000,QUERY_SPREAD,98
2019-06-28 13:22:00.000000000,BEST_BID,"JPM,100624,286"
2019-06-28 13:22:00.000000000,BEST_ASK,"JPM,100933,84"
2019-06-28 13:22:00.000000000,LAST_TRADE,"5,$100933.0000"
2019-06-28 13:22:00.000000000,QUERY_SPREAD,99
2019-06-28 13:22:00.000000000,BEST_BID,"JPM,100624,286"
2019-06-28 13:22:00.000000000,BEST_ASK,"JPM,100933,80"
2019-06-28 13:22:00.000000000,LAST_TRADE,"4,$100933.0000"
2019-06-28 13:22:00.000000000,QUERY_SPREAD,100
2019-06-28 13:22:00.000000000,BEST_BID,"JPM,100624,286"
2019-06-28 13:22:00.000000000,BEST_ASK,"JPM,100933,75"
2019-06-28 13:22:00.000000000,LAST_TRADE,"5,$100933.0000"
2019-06-28 13:22:00.000000000,QUERY_SPREAD,101
2019-06-28 13:22:00.000000000,BEST_BID,"JPM,100624,285"
2019-06-28 13:22:00.000000000,BEST_ASK,"JPM,100933,75"
2019-06-28 13:22:00.000000000,LAST_TRADE,"1,$100624.0000"
2019-06-28 13:22:01.502666706,QUERY_SPREAD,2
2019-06-28 13:22:01.502666706,BEST_BID,"JPM,100624,185"
2019-06-28 13:22:01.502666706,BEST_ASK,"JPM,100933,75"
2019-06-28 13:22:01.502666706,LAST_TRADE,"100,$100624.0000"
2019-06-28 13:22:06.985611451,QUERY_SPREAD,44
2019-06-28 13:22:06.985611451,BEST_BID,"JPM,100624,85"
2019-06-28 13:22:06.985611451,BEST_ASK,"JPM,100933,75"
2019-06-28 13:22:06.985611451,LAST_TRADE,"100,$100624.0000"
2019-06-28 13:22:09.910659538,QUERY_SPREAD,11
2019-06-28 13:22:09.910659538,BEST_BID,"JPM,100553,286"
2019-06-28 13:22:09.910659538,BEST_ASK,"JPM,100624,15"
2019-06-28 13:22:09.910659538,LAST_TRADE,"85,$100624.0000"
2019-06-28 13:22:10.000000000,QUERY_SPREAD,1
2019-06-28 13:22:10.000000000,BEST_BID,"JPM,100553,226"
2019-06-28 13:22:10.000000000,BEST_ASK,"JPM,100624,15"
2019-06-28 13:22:10.000000000,BEST_BID,"JPM,100553,226"
2019-06-28 13:22:10.000000000,BEST_ASK,"JPM,100624,15"
2019-06-28 13:22:10.000000000,BEST_BID,"JPM,100553,226"
2019-06-28 13:22:10.000000000,BEST_ASK,"JPM,100624,15"
2019-06-28 13:22:10.000000000,BEST_BID,"JPM,100553,226"
2019-06-28 13:22:10.000000000,BEST_ASK,"JPM,100624,141"
2019-06-28 13:22:10.000000000,BEST_BID,"JPM,100553,226"
2019-06-28 13:22:10.000000000,BEST_ASK,"JPM,100624,141"
2019-06-28 13:22:10.000000000,BEST_BID,"JPM,100553,226"
2019-06-28 13:22:10.000000000,BEST_ASK,"JPM,100624,141"
2019-06-28 13:22:13.977716647,QUERY_SPREAD,28
2019-06-28 13:22:13.977716647,BEST_BID,"JPM,100553,226"
2019-06-28 13:22:13.977716647,BEST_ASK,"JPM,100624,141"
2019-06-28 13:22:18.423028057,QUERY_ORDER_STREAM,56
2019-06-28 13:22:18.423028057,QUERY_SPREAD,56
2019-06-28 13:22:20.000000000,QUERY_SPREAD,1
2019-06-28 13:22:20.000000000,BEST_BID,"JPM,100553,286"
2019-06-28 13:22:20.000000000,BEST_ASK,"JPM,100624,15"
2019-06-28 13:22:20.000000000,BEST_BID,"JPM,100553,286"
2019-06-28 13:22:20.000000000,BEST_ASK,"JPM,100624,15"
2019-06-28 13:22:20.000000000,BEST_BID,"JPM,100553,286"
2019-06-28 13:22:20.000000000,BEST_ASK,"JPM,100624,201"
2019-06-28 13:22:20.000000000,BEST_BID,"JPM,100553,286"
2019-06-28 13:22:20.000000000,BEST_ASK,"JPM,100624,201"
2019-06-28 13:22:27.493661195,QUERY_ORDER_STREAM,56
2019-06-28 13:22:27.493661195,QUERY_SPREAD,56
2019-06-28 13:22:30.000000000,QUERY_SPREAD,1
2019-06-28 13:22:30.000000000,BEST_BID,"JPM,100553,193"
2019-06-28 13:22:30.000000000,BEST_ASK,"JPM,100624,15"
2019-06-28 13:22:30.000000000,BEST_BID,"JPM,100553,193"
2019-06-28 13:22:30.000000000,BEST_ASK,"JPM,100624,15"
2019-06-28 13:22:30.000000000,BEST_BID,"JPM,100553,193"
2019-06-28 13:22:30.000000000,BEST_ASK,"JPM,100624,15"
2019-06-28 13:22:30.000000000,BEST_BID,"JPM,100553,193"
2019-06-28 13:22:30.000000000,BEST_ASK,"JPM,100624,15"
2019-06-28 13:22:30.000000000,BEST_BID,"JPM,100553,193"
2019-06-28 13:22:30.000000000,BEST_ASK,"JPM,100624,108"
2019-06-28 13:22:30.000000000,BEST_BID,"JPM,100553,193"
2019-06-28 13:22:30.000000000,BEST_ASK,"JPM,100624,108"
2019-06-28 13:22:30.000000000,BEST_BID,"JPM,100553,193"
2019-06-28 13:22:30.000000000,BEST_ASK,"JPM,100624,108"
2019-06-28 13:22:30.000000000,BEST_BID,"JPM,100553,193"
2019-06-28 13:22:30.000000000,BEST_ASK,"JPM,100624,108"
2019-06-28 13:22:40.000000000,QUERY_SPREAD,1
2019-06-28 13:22:40.000000000,BEST_BID,"JPM,100553,471"
2019-06-28 13:22:40.000000000,BEST_ASK,"JPM,100624,15"
2019-06-28 13:22:40.000000000,BEST_BID,"JPM,100553,471"
2019-06-28 13:22:40.000000000,BEST_ASK,"JPM,100624,386"
2019-06-28 13:22:43.011122666,QUERY_ORDER_STREAM,71
2019-06-28 13:22:43.011122666,QUERY_SPREAD,71
2019-06-28 13:22:43.011122666,BEST_BID,"JPM,100553,471"
2019-06-28 13:22:43.011122666,BEST_ASK,"JPM,100624,486"
2019-06-28 13:22:50.000000000,QUERY_SPREAD,1
2019-06-28 13:22:50.000000000,BEST_BID,"JPM,100553,226"
2019-06-28 13:22:50.000000000,BEST_ASK,"JPM,100624,115"
2019-06-28 13:22:50.000000000,BEST_BID,"JPM,100553,226"
2019-06-28 13:22:50.000000000,BEST_ASK,"JPM,100624,115"
2019-06-28 13:22:50.000000000,BEST_BID,"JPM,100553,226"
2019-06-28 13:22:50.000000000,BEST_ASK,"JPM,100624,115"
2019-06-28 13:22:50.000000000,BEST_BID,"JPM,100553,226"
2019-06-28 13:22:50.000000000,BEST_ASK,"JPM,100624,241"
2019-06-28 13:22:50.000000000,BEST_BID,"JPM,100553,226"
2019-06-28 13:22:50.000000000,BEST_ASK,"JPM,100624,241"
2019-06-28 13:22:50.000000000,BEST_BID,"JPM,100553,226"
2019-06-28 13:22:50.000000000,BEST_ASK,"JPM,100624,241"
2019-06-28 13:22:50.769447692,QUERY_ORDER_STREAM,59
2019-06-28 13:22:50.769447692,QUERY_SPREAD,59
2019-06-28 13:23:00.000000000,QUERY_SPREAD,1
2019-06-28 13:23:00.000000000,BEST_BID,"JPM,100553,174"
2019-06-28 13:23:00.000000000,BEST_ASK,"JPM,100624,115"
2019-06-28 13:23:00.000000000,BEST_BID,"JPM,100553,174"
2019-06-28 13:23:00.000000000,BEST_ASK,"JPM,100624,115"
2019-06-28 13:23:00.000000000,BEST_BID,"JPM,100553,174"
2019-06-28 13:23:00.000000000,BEST_ASK,"JPM,100624,115"
2019-06-28 13:23:00.000000000,BEST_BID,"JPM,100553,174"
2019-06-28 13:23:00.000000000,BEST_ASK,"JPM,100624,115"
2019-06-28 13:23:00.000000000,BEST_BID,"JPM,100553,174"
2019-06-28 13:23:00.000000000,BEST_ASK,"JPM,100624,115"
2019-06-28 13:23:00.000000000,BEST_BID,"JPM,100553,174"
2019-06-28 13:23:00.000000000,BEST_ASK,"JPM,100624,189"
2019-06-28 13:23:00.000000000,BEST_BID,"JPM,100553,174"
2019-06-28 13:23:00.000000000,BEST_ASK,"JPM,100624,189"
2019-06-28 13:23:00.000000000,BEST_BID,"JPM,100553,174"
2019-06-28 13:23:00.000000000,BEST_ASK,"JPM,100624,189"
2019-06-28 13:23:00.000000000,BEST_BID,"JPM,100553,174"
2019-06-28 13:23:00.000000000,BEST_ASK,"JPM,100624,189"
2019-06-28 13:23:00.000000000,QUERY_SPREAD,77
2019-06-28 13:23:00.000000000,BEST_BID,"JPM,100553,174"
2019-06-28 13:23:00.000000000,BEST_ASK,"JPM,100624,184"
2019-06-28 13:23:00.000000000,LAST_TRADE,"5,$100624.0000"
2019-06-28 13:23:00.000000000,QUERY_SPREAD,78
2019-06-28 13:23:00.000000000,BEST_BID,"JPM,100553,174"
2019-06-28 13:23:00.000000000,BEST_ASK,"JPM,100624,176"
2019-06-28 13:23:00.000000000,LAST_TRADE,"8,$100624.0000"
2019-06-28 13:23:00.000000000,QUERY_SPREAD,79
2019-06-28 13:23:00.000000000,BEST_BID,"JPM,100553,174"
2019-06-28 13:23:00.000000000,BEST_ASK,"JPM,100624,171"
2019-06-28 13:23:00.000000000,LAST_TRADE,"5,$100624.0000"
2019-06-28 13:23:00.000000000,QUERY_SPREAD,80
2019-06-28 13:23:00.000000000,BEST_BID,"JPM,100553,174"
2019-06-28 13:23:00.000000000,BEST_ASK,"JPM,100624,163"
2019-06-28 13:23:00.000000000,LAST_TRADE,"8,$100624.0000"
2019-06-28 13:23:00.000000000,QUERY_SPREAD,81
2019-06-28 13:23:00.000000000,BEST_BID,"JPM,100553,174"
2019-06-28 13:23:00.000000000,BEST_ASK,"JPM,100624,154"
2019-06-28 13:23:00.000000000,LAST_TRADE,"9,$100624.0000"
2019-06-28 13:23:00.000000000,QUERY_SPREAD,82
2019-06-28 13:23:00.000000000,BEST_BID,"JPM,100553,174"
2019-06-28 13:23:00.000000000,BEST_ASK,"JPM,100624,151"
2019-06-28 13:23:00.000000000,LAST_TRADE,"3,$100624.0000"
2019-06-28 13:23:00.000000000,QUERY_SPREAD,83
2019-06-28 13:23:00.000000000,BEST_BID,"JPM,100553,174"
2019-06-28 13:23:00.000000000,BEST_ASK,"JPM,100624,143"
2019-06-28 13:23:00.000000000,LAST_TRADE,"8,$100624.0000"
2019-06-28 13:23:00.000000000,QUERY_SPREAD,84
2019-06-28 13:23:00.000000000,BEST_BID,"JPM,100553,174"
2019-06-28 13:23:00.000000000,BEST_ASK,"JPM,100624,139"
2019-06-28 13:23:00.000000000,LAST_TRADE,"4,$100624.0000"
2019-06-28 13:23:00.000000000,QUERY_SPREAD,85
2019-06-28 13:23:00.000000000,BEST_BID,"JPM,100553,174"
2019-06-28 13:23:00.000000000,BEST_ASK,"JPM,100624,134"
2019-06-28 13:23:00.000000000,LAST_TRADE,"5,$100624.0000"
2019-06-28 13:23:00.000000000,QUERY_SPREAD,86
2019-06-28 13:23:00.000000000,BEST_BID,"JPM,100553,174"
2019-06-28 13:23:00.000000000,BEST_ASK,"JPM,100624,132"
2019-06-28 13:23:00.000000000,LAST_TRADE,"2,$100624.0000"
2019-06-28 13:23:00.000000000,QUERY_SPREAD,87
2019-06-28 13:23:00.000000000,BEST_BID,"JPM,100553,174"
2019-06-28 13:23:00.000000000,BEST_ASK,"JPM,100624,125"
2019-06-28 13:23:00.000000000,LAST_TRADE,"7,$100624.0000"
2019-06-28 13:23:00.000000000,QUERY_SPREAD,88
2019-06-28 13:23:00.000000000,BEST_BID,"JPM,100553,174"
2019-06-28 13:23:00.000000000,BEST_ASK,"JPM,100624,117"
2019-06-28 13:23:00.000000000,LAST_TRADE,"8,$100624.0000"
2019-06-28 13:23:00.000000000,QUERY_SPREAD,89
2019-06-28 13:23:00.000000000,BEST_BID,"JPM,100553,174"
2019-06-28 13:23:00.000000000,BEST_ASK,"JPM,100624,112"
2019-06-28 13:23:00.000000000,LAST_TRADE,"5,$100624.0000"
2019-06-28 13:23:00.000000000,QUERY_SPREAD,90
2019-06-28 13:23:00.000000000,BEST_BID,"JPM,100553,174"
2019-06-28 13:23:00.000000000,BEST_ASK,"JPM,100624,108"
2019-06-28 13:23:00.000000000,LAST_TRADE,"4,$100624.0000"
2019-06-28 13:23:00.000000000,QUERY_SPREAD,91
2019-06-28 13:23:00.000000000,BEST_BID,"JPM,100553,174"
2019-06-28 13:23:00.000000000,BEST_ASK,"JPM,100624,105"
2019-06-28 13:23:00.000000000,LAST_TRADE,"3,$100624.0000"
2019-06-28 13:23:00.000000000,QUERY_SPREAD,92
2019-06-28 13:23:00.000000000,BEST_BID,"JPM,100553,174"
2019-06-28 13:23:00.000000000,BEST_ASK,"JPM,100624,100"
2019-06-28 13:23:00.000000000,LAST_TRADE,"5,$100624.0000"
2019-06-28 13:23:00.000000000,QUERY_SPREAD,93
2019-06-28 13:23:00.000000000,BEST_BID,"JPM,100553,174"
2019-06-28 13:23:00.000000000,BEST_ASK,"JPM,100624,93"
2019-06-28 13:23:00.000000000,LAST_TRADE,"7,$100624.0000"
2019-06-28 13:23:00.000000000,QUERY_SPREAD,94
2019-06-28 13:23:00.000000000,BEST_BID,"JPM,100553,174"
2019-06-28 13:23:00.000000000,BEST_ASK,"JPM,100624,92"
2019-06-28 13:23:00.000000000,LAST_TRADE,"1,$100624.0000"
2019-06-28 13:23:00.000000000,QUERY_SPREAD,95
2019-06-28 13:23:00.000000000,BEST_BID,"JPM,100553,174"
2019-06-28 13:23:00.000000000,BEST_ASK,"JPM,100624,91"
2019-06-28 13:23:00.000000000,LAST_TRADE,"1,$100624.0000"
2019-06-28 13:23:00.000000000,QUERY_SPREAD,96
2019-06-28 13:23:00.000000000,BEST_BID,"JPM,100553,174"
2019-06-28 13:23:00.000000000,BEST_ASK,"JPM,100624,87"
2019-06-28 13:23:00.000000000,LAST_TRADE,"4,$100624.0000"
2019-06-28 13:23:00.000000000,QUERY_SPREAD,97
2019-06-28 13:23:00.000000000,BEST_BID,"JPM,100553,174"
2019-06-28 13:23:00.000000000,BEST_ASK,"JPM,100624,84"
2019-06-28 13:23:00.000000000,LAST_TRADE,"3,$100624.0000"
2019-06-28 13:23:00.000000000,QUERY_SPREAD,98
2019-06-28 13:23:00.000000000,BEST_BID,"JPM,100553,174"
2019-06-28 13:23:00.000000000,BEST_ASK,"JPM,100624,79"
2019-06-28 13:23:00.000000000,LAST_TRADE,"5,$100624.0000"
2019-06-28 13:23:00.000000000,QUERY_SPREAD,99
2019-06-28 13:23:00.000000000,BEST_BID,"JPM,100553,174"
2019-06-28 13:23:00.000000000,BEST_ASK,"JPM,100624,75"
2019-06-28 13:23:00.000000000,LAST_TRADE,"4,$100624.0000"
2019-06-28 13:23:00.000000000,QUERY_SPREAD,100
2019-06-28 13:23:00.000000000,BEST_BID,"JPM,100553,174"
2019-06-28 13:23:00.000000000,BEST_ASK,"JPM,100624,70"
2019-06-28 13:23:00.000000000,LAST_TRADE,"5,$100624.0000"
2019-06-28 13:23:00.000000000,QUERY_SPREAD,101
2019-06-28 13:23:00.000000000,BEST_BID,"JPM,100553,173"
2019-06-28 13:23:00.000000000,BEST_ASK,"JPM,100624,70"
2019-06-28 13:23:00.000000000,LAST_TRADE,"1,$100553.0000"
2019-06-28 13:23:10.000000000,QUERY_SPREAD,1
2019-06-28 13:23:10.000000000,BEST_BID,"JPM,100553,225"
2019-06-28 13:23:10.000000000,BEST_ASK,"JPM,102011,100"
2019-06-28 13:23:10.000000000,BEST_BID,"JPM,100553,225"
2019-06-28 13:23:10.000000000,BEST_ASK,"JPM,102011,100"
2019-06-28 13:23:10.000000000,BEST_BID,"JPM,100553,225"
2019-06-28 13:23:10.000000000,BEST_ASK,"JPM,102011,100"
2019-06-28 13:23:10.000000000,BEST_BID,"JPM,100553,225"
2019-06-28 13:23:10.000000000,BEST_ASK,"JPM,102011,226"
2019-06-28 13:23:10.000000000,BEST_BID,"JPM,100553,225"
2019-06-28 13:23:10.000000000,BEST_ASK,"JPM,102011,226"
2019-06-28 13:23:10.000000000,BEST_BID,"JPM,100553,225"
2019-06-28 13:23:10.000000000,BEST_ASK,"JPM,102011,226"
2019-06-28 13:23:17.434780057,QUERY_ORDER_STREAM,53
2019-06-28 13:23:17.434780057,QUERY_SPREAD,53
2019-06-28 13:23:17.434780057,BEST_BID,"JPM,100553,225"
2019-06-28 13:23:17.434780057,BEST_ASK,"JPM,100624,100"
2019-06-28 13:23:20.000000000,QUERY_SPREAD,1
2019-06-28 13:23:20.000000000,BEST_BID,"JPM,100553,285"
2019-06-28 13:23:20.000000000,BEST_ASK,"JPM,100624,100"
2019-06-28 13:23:20.000000000,BEST_BID,"JPM,100553,285"
2019-06-28 13:23:20.000000000,BEST_ASK,"JPM,100624,100"
2019-06-28 13:23:20.000000000,BEST_BID,"JPM,100553,285"
2019-06-28 13:23:20.000000000,BEST_ASK,"JPM,100624,286"
2019-06-28 13:23:20.000000000,BEST_BID,"JPM,100553,285"
2019-06-28 13:23:20.000000000,BEST_ASK,"JPM,100624,286"
2019-06-28 13:23:20.571038251,QUERY_SPREAD,3
2019-06-28 13:23:20.571038251,BEST_BID,"JPM,100553,185"
2019-06-28 13:23:20.571038251,BEST_ASK,"JPM,100624,286"
2019-06-28 13:23:20.571038251,LAST_TRADE,"100,$100553.0000"
2019-06-28 13:23:30.000000000,QUERY_SPREAD,1
2019-06-28 13:23:30.000000000,BEST_BID,"JPM,100196,285"
2019-06-28 13:23:30.000000000,BEST_ASK,"JPM,100624,100"
2019-06-28 13:23:30.000000000,BEST_BID,"JPM,100196,285"
2019-06-28 13:23:30.000000000,BEST_ASK,"JPM,100624,100"
2019-06-28 13:23:30.000000000,BEST_BID,"JPM,100196,285"
2019-06-28 13:23:30.000000000,BEST_ASK,"JPM,100624,286"
2019-06-28 13:23:30.000000000,BEST_BID,"JPM,100196,285"
2019-06-28 13:23:30.000000000,BEST_ASK,"JPM,100624,286"
2019-06-28 13:23:38.316770207,QUERY_ORDER_STREAM,72
2019-06-28 13:23:38.316770207,QUERY_SPREAD,72
2019-06-28 13:23:38.316770207,BEST_BID,"JPM,100196,285"
2019-06-28 13:23:38.316770207,BEST_ASK,"JPM,100553,100"
2019-06-28 13:23:40.000000000,QUERY_SPREAD,1
2019-06-28 13:23:40.000000000,BEST_BID,"JPM,100196,225"
2019-06-28 13:23:40.000000000,BEST_ASK,"JPM,100553,100"
2019-06-28 13:23:40.000000000,BEST_BID,"JPM,100196,225"
2019-06-28 13:23:40.000000000,BEST_ASK,"JPM,100553,100"
2019-06-28 13:23:40.000000000,BEST_BID,"JPM,100196,225"
2019-06-28 13:23:40.000000000,BEST_ASK,"JPM,100553,100"
2019-06-28 13:23:40.000000000,BEST_BID,"JPM,100196,225"
2019-06-28 13:23:40.000000000,BEST_ASK,"JPM,100553,226"
2019-06-28 13:23:40.000000000,BEST_BID,"JPM,100196,225"
2019-06-28 13:23:40.000000000,BEST_ASK,"JPM,100553,226"
2019-06-28 13:23:40.000000000,BEST_BID,"JPM,100196,225"
2019-06-28 13:23:40.000000000,BEST_ASK,"JPM,100553,226"
2019-06-28 13:23:43.058349343,QUERY_SPREAD,24
2019-06-28 13:23:43.058349343,BEST_BID,"JPM,100196,225"
2019-06-28 13:23:43.058349343,BEST_ASK,"JPM,100553,226"
2019-06-28 13:23:47.212316211,QUERY_SPREAD,6
2019-06-28 13:23:47.212316211,BEST_BID,"JPM,100196,225"
2019-06-28 13:23:47.212316211,BEST_ASK,"JPM,100553,226"
2019-06-28 13:23:49.950029976,QUERY_ORDER_STREAM,71
2019-06-28 13:23:49.950029976,QUERY_SPREAD,71
2019-06-28 13:23:50.000000000,QUERY_SPREAD,1
2019-06-28 13:23:50.000000000,BEST_BID,"JPM,100196,285"
2019-06-28 13:23:50.000000000,BEST_ASK,"JPM,100553,100"
2019-06-28 13:23:50.000000000,BEST_BID,"JPM,100196,285"
2019-06-28 13:23:50.000000000,BEST_ASK,"JPM,100553,100"
2019-06-28 13:23:50.000000000,BEST_BID,"JPM,100196,285"
2019-06-28 13:23:50.000000000,BEST_ASK,"JPM,100553,286"
2019-06-28 13:23:50.000000000,BEST_BID,"JPM,100196,285"
2019-06-28 13:23:50.000000000,BEST_ASK,"JPM,100553,286"
2019-06-28 13:23:56.191940956,QUERY_ORDER_STREAM,64
2019-06-28 13:23:56.191940956,QUERY_SPREAD,64
2019-06-28 13:23:56.191940956,BEST_BID,"JPM,100196,285"
2019-06-28 13:23:56.191940956,BEST_ASK,"JPM,100553,386"
2019-06-28 13:24:00.000000000,QUERY_SPREAD,1
2019-06-28 13:24:00.000000000,BEST_BID,"JPM,100196,225"
2019-06-28 13:24:00.000000000,BEST_ASK,"JPM,100553,200"
2019-06-28 13:24:00.000000000,BEST_BID,"JPM,100196,225"
2019-06-28 13:24:00.000000000,BEST_ASK,"JPM,100553,200"
2019-06-28 13:24:00.000000000,BEST_BID,"JPM,100196,225"
2019-06-28 13:24:00.000000000,BEST_ASK,"JPM,100553,200"
2019-06-28 13:24:00.000000000,BEST_BID,"JPM,100196,225"
2019-06-28 13:24:00.000000000,BEST_ASK,"JPM,100553,326"
2019-06-28 13:24:00.000000000,BEST_BID,"JPM,100196,225"
2019-06-28 13:24:00.000000000,BEST_ASK,"JPM,100553,326"
2019-06-28 13:24:00.000000000,BEST_BID,"JPM,100196,225"
2019-06-28 13:24:00.000000000,BEST_ASK,"JPM,100553,326"
2019-06-28 13:24:00.000000000,QUERY_SPREAD,77
2019-06-28 13:24:00.000000000,BEST_BID,"JPM,100196,225"
2019-06-28 13:24:00.000000000,BEST_ASK,"JPM,100553,321"
2019-06-28 13:24:00.000000000,LAST_TRADE,"5,$100553.0000"
2019-06-28 13:24:00.000000000,QUERY_SPREAD,78
2019-06-28 13:24:00.000000000,BEST_BID,"JPM,100196,225"
2019-06-28 13:24:00.000000000,BEST_ASK,"JPM,100553,313"
2019-06-28 13:24:00.000000000,LAST_TRADE,"8,$100553.0000"
2019-06-28 13:24:00.000000000,QUERY_SPREAD,79
2019-06-28 13:24:00.000000000,BEST_BID,"JPM,100196,225"
2019-06-28 13:24:00.000000000,BEST_ASK,"JPM,100553,308"
2019-06-28 13:24:00.000000000,LAST_TRADE,"5,$100553.0000"
2019-06-28 13:24:00.000000000,QUERY_SPREAD,80
2019-06-28 13:24:00.000000000,BEST_BID,"JPM,100196,225"
2019-06-28 13:24:00.000000000,BEST_ASK,"JPM,100553,300"
2019-06-28 13:24:00.000000000,LAST_TRADE,"8,$100553.0000"
2019-06-28 13:24:00.000000000,QUERY_SPREAD,81
2019-06-28 13:24:00.000000000,BEST_BID,"JPM,100196,225"
2019-06-28 13:24:00.000000000,BEST_ASK,"JPM,100553,291"
2019-06-28 13:24:00.000000000,LAST_TRADE,"9,$100553.0000"
2019-06-28 13:24:00.000000000,QUERY_SPREAD,82
2019-06-28 13:24:00.000000000,BEST_BID,"JPM,100196,225"
2019-06-28 13:24:00.000000000,BEST_ASK,"JPM,100553,288"
2019-06-28 13:24:00.000000000,LAST_TRADE,"3,$100553.0000"
2019-06-28 13:24:00.000000000,QUERY_SPREAD,83
2019-06-28 13:24:00.000000000,BEST_BID,"JPM,100196,225"
2019-06-28 13:24:00.000000000,BEST_ASK,"JPM,100553,280"
2019-06-28 13:24:00.000000000,LAST_TRADE,"8,$100553.0000"
2019-06-28 13:24:00.000000000,QUERY_SPREAD,84
2019-06-28 13:24:00.000000000,BEST_BID,"JPM,100196,225"
2019-06-28 13:24:00.000000000,BEST_ASK,"JPM,100553,276"
2019-06-28 13:24:00.000000000,LAST_TRADE,"4,$100553.0000"
2019-06-28 13:24:00.000000000,QUERY_SPREAD,85
2019-06-28 13:24:00.000000000,BEST_BID,"JPM,100196,225"
2019-06-28 13:24:00.000000000,BEST_ASK,"JPM,100553,271"
2019-06-28 13:24:00.000000000,LAST_TRADE,"5,$100553.0000"
2019-06-28 13:24:00.000000000,QUERY_SPREAD,86
2019-06-28 13:24:00.000000000,BEST_BID,"JPM,100196,225"
2019-06-28 13:24:00.000000000,BEST_ASK,"JPM,100553,269"
2019-06-28 13:24:00.000000000,LAST_TRADE,"2,$100553.0000"
2019-06-28 13:24:00.000000000,QUERY_SPREAD,87
2019-06-28 13:24:00.000000000,BEST_BID,"JPM,100196,225"
2019-06-28 13:24:00.000000000,BEST_ASK,"JPM,100553,262"
2019-06-28 13:24:00.000000000,LAST_TRADE,"7,$100553.0000"
2019-06-28 13:24:00.000000000,QUERY_SPREAD,88
2019-06-28 13:24:00.000000000,BEST_BID,"JPM,100196,225"
2019-06-28 13:24:00.000000000,BEST_ASK,"JPM,100553,254"
2019-06-28 13:24:00.000000000,LAST_TRADE,"8,$100553.0000"
2019-06-28 13:24:00.000000000,QUERY_SPREAD,89
2019-06-28 13:24:00.000000000,BEST_BID,"JPM,100196,225"
2019-06-28 13:24:00.000000000,BEST_ASK,"JPM,100553,249"
2019-06-28 13:24:00.000000000,LAST_TRADE,"5,$100553.0000"
2019-06-28 13:24:00.000000000,QUERY_SPREAD,90
2019-06-28 13:24:00.000000000,BEST_BID,"JPM,100196,225"
2019-06-28 13:24:00.000000000,BEST_ASK,"JPM,100553,245"
2019-06-28 13:24:00.000000000,LAST_TRADE,"4,$100553.0000"
2019-06-28 13:24:00.000000000,QUERY_SPREAD,91
2019-06-28 13:24:00.000000000,BEST_BID,"JPM,100196,225"
2019-06-28 13:24:00.000000000,BEST_ASK,"JPM,100553,242"
2019-06-28 13:24:00.000000000,LAST_TRADE,"3,$100553.0000"
2019-06-28 13:24:00.000000000,QUERY_SPREAD,92
2019-06-28 13:24:00.000000000,BEST_BID,"JPM,100196,225"
2019-06-28 13:24:00.000000000,BEST_ASK,"JPM,100553,237"
2019-06-28 13:24:00.000000000,LAST_TRADE,"5,$100553.0000"
2019-06-28 13:24:00.000000000,QUERY_SPREAD,93
2019-06-28 13:24:00.000000000,BEST_BID,"JPM,100196,225"
2019-06-28 13:24:00.000000000,BEST_ASK,"JPM,100553,230"
2019-06-28 13:24:00.000000000,LAST_TRADE,"7,$100553.0000"
2019-06-28 13:24:00.000000000,QUERY_SPREAD,94
2019-06-28 13:24:00.000000000,BEST_BID,"JPM,100196,225"
2019-06-28 13:24:00.000000000,BEST_ASK,"JPM,100553,229"
2019-06-28 13:24:00.000000000,LAST_TRADE,"1,$100553.0000"
2019-06-28 13:24:00.000000000,QUERY_SPREAD,95
2019-06-28 13:24:00.000000000,BEST_BID,"JPM,100196,225"
2019-06-28 13:24:00.000000000,BEST_ASK,"JPM,100553,228"
2019-06-28 13:24:00.000000000,LAST_TRADE,"1,$100553.0000"
2019-06-28 13:24:00.000000000,QUERY_SPREAD,96
2019-06-28 13:24:00.000000000,BEST_BID,"JPM,100196,225"
2019-06-28 13:24:00.000000000,BEST_ASK,"JPM,100553,224"
2019-06-28 13:24:00.000000000,LAST_TRADE,"4,$100553.0000"
2019-06-28 13:24:00.000000000,QUERY_SPREAD,97
2019-06-28 13:24:00.000000000,BEST_BID,"JPM,100196,225"
2019-06-28 13:24:00.000000000,BEST_ASK,"JPM,100553,221"
2019-06-28 13:24:00.000000000,LAST_TRADE,"3,$100553.0000"
2019-06-28 13:24:00.000000000,QUERY_SPREAD,98
2019-06-28 13:24:00.000000000,BEST_BID,"JPM,100196,225"
2019-06-28 13:24:00.000000000,BEST_ASK,"JPM,100553,216"
2019-06-28 13:24:00.000000000,LAST_TRADE,"5,$100553.0000"
2019-06-28 13:24:00.000000000,QUERY_SPREAD,99
2019-06-28 13:24:00.000000000,BEST_BID,"JPM,100196,225"
2019-06-28 13:24:00.000000000,BEST_ASK,"JPM,100553,212"
2019-06-28 13:24:00.000000000,LAST_TRADE,"4,$100553.0000"
2019-06-28 13:24:00.000000000,QUERY_SPREAD,100
2019-06-28 13:24:00.000000000,BEST_BID,"JPM,100196,225"
2019-06-28 13:24:00.000000000,BEST_ASK,"JPM,100553,207"
2019-06-28 13:24:00.000000000,LAST_TRADE,"5,$100553.0000"
2019-06-28 13:24:00.000000000,QUERY_SPREAD,101
2019-06-28 13:24:00.000000000,BEST_BID,"JPM,100196,224"
2019-06-28 13:24:00.000000000,BEST_ASK,"JPM,100553,207"
2019-06-28 13:24:00.000000000,LAST_TRADE,"1,$100196.0000"
2019-06-28 13:24:10.000000000,QUERY_SPREAD,1
2019-06-28 13:24:10.000000000,BEST_BID,"JPM,100196,284"
2019-06-28 13:24:10.000000000,BEST_ASK,"JPM,100553,81"
2019-06-28 13:24:10.000000000,BEST_BID,"JPM,100196,284"
2019-06-28 13:24:10.000000000,BEST_ASK,"JPM,100553,81"
2019-06-28 13:24:10.000000000,BEST_BID,"JPM,100196,284"
2019-06-28 13:24:10.000000000,BEST_ASK,"JPM,100553,267"
2019-06-28 13:24:10.000000000,BEST_BID,"JPM,100196,284"
2019-06-28 13:24:10.000000000,BEST_ASK,"JPM,100553,267"
2019-06-28 13:24:20.000000000,QUERY_SPREAD,1
2019-06-28 13:24:20.000000000,BEST_BID,"JPM,100196,224"
2019-06-28 13:24:20.000000000,BEST_ASK,"JPM,100553,81"
2019-06-28 13:24:20.000000000,BEST_BID,"JPM,100196,224"
2019-06-28 13:24:20.000000000,BEST_ASK,"JPM,100553,81"
2019-06-28 13:24:20.000000000,BEST_BID,"JPM,100196,224"
2019-06-28 13:24:20.000000000,BEST_ASK,"JPM,100553,81"
2019-06-28 13:24:20.000000000,BEST_BID,"JPM,100196,224"
2019-06-28 13:24:20.000000000,BEST_ASK,"JPM,100553,207"
2019-06-28 13:24:20.000000000,BEST_BID,"JPM,100196,224"
2019-06-28 13:24:20.000000000,BEST_ASK,"JPM,100553,207"
2019-06-28 13:24:20.000000000,BEST_BID,"JPM,100196,224"
2019-06-28 13:24:20.000000000,BEST_ASK,"JPM,100553,207"
2019-06-28 13:24:25.539327374,QUERY_SPREAD,27
2019-06-28 13:24:25.539327374,BEST_BID,"JPM,100196,124"
2019-06-28 13:24:25.539327374,BEST_ASK,"JPM,100553,207"
2019-06-28 13:24:25.539327374,LAST_TRADE,"100,$100196.0000"
2019-06-28 13:24:30.000000000,QUERY_SPREAD,1
2019-06-28 13:24:30.000000000,BEST_BID,"JPM,100194,174"
2019-06-28 13:24:30.000000000,BEST_ASK,"JPM,100553,81"
2019-06-28 13:24:30.000000000,BEST_BID,"JPM,100194,174"
2019-06-28 13:24:30.000000000,BEST_ASK,"JPM,100553,81"
2019-06-28 13:24:30.000000000,BEST_BID,"JPM,100194,174"
2019-06-28 13:24:30.000000000,BEST_ASK,"JPM,100553,81"
2019-06-28 13:24:30.000000000,BEST_BID,"JPM,100194,174"
2019-06-28 13:24:30.000000000,BEST_ASK,"JPM,100553,81"
2019-06-28 13:24:30.000000000,BEST_BID,"JPM,100194,174"
2019-06-28 13:24:30.000000000,BEST_ASK,"JPM,100553,81"
2019-06-28 13:24:30.000000000,BEST_BID,"JPM,100194,174"
2019-06-28 13:24:30.000000000,BEST_ASK,"JPM,100553,155"
2019-06-28 13:24:30.000000000,BEST_BID,"JPM,100194,174"
2019-06-28 13:24:30.000000000,BEST_ASK,"JPM,100553,155"
2019-06-28 13:24:30.000000000,BEST_BID,"JPM,100194,174"
2019-06-28 13:24:30.000000000,BEST_ASK,"JPM,100553,155"
2019-06-28 13:24:30.000000000,BEST_BID,"JPM,100194,174"
2019-06-28 13:24:30.000000000,BEST_ASK,"JPM,100553,155"
2019-06-28 13:24:30.000000000,BEST_BID,"JPM,100194,174"
2019-06-28 13:24:30.000000000,BEST_ASK,"JPM,100553,155"
2019-06-28 13:24:34.897909665,QUERY_ORDER_STREAM,68
2019-06-28 13:24:34.897909665,QUERY_SPREAD,68
2019-06-28 13:24:34.897909665,BEST_BID,"JPM,100194,174"
2019-06-28 13:24:34.897909665,BEST_ASK,"JPM,100196,100"
2019-06-28 13:24:40.000000000,QUERY_SPREAD,1
2019-06-28 13:24:40.000000000,BEST_BID,"JPM,100194,193"
2019-06-28 13:24:40.000000000,BEST_ASK,"JPM,100196,100"
2019-06-28 13:24:40.000000000,BEST_BID,"JPM,100194,193"
2019-06-28 13:24:40.000000000,BEST_ASK,"JPM,100196,100"
2019-06-28 13:24:40.000000000,BEST_BID,"JPM,100194,193"
2019-06-28 13:24:40.000000000,BEST_ASK,"JPM,100196,100"
2019-06-28 13:24:40.000000000,BEST_BID,"JPM,100194,193"
2019-06-28 13:24:40.000000000,BEST_ASK,"JPM,100196,100"
2019-06-28 13:24:40.000000000,BEST_BID,"JPM,100194,193"
2019-06-28 13:24:40.000000000,BEST_ASK,"JPM,100196,193"
2019-06-28 13:24:40.000000000,BEST_BID,"JPM,100194,193"
2019-06-28 13:24:40.000000000,BEST_ASK,"JPM,100196,193"
2019-06-28 13:24:40.000000000,BEST_BID,"JPM,100194,193"
2019-06-28 13:24:40.000000000,BEST_ASK,"JPM,100196,193"
2019-06-28 13:24:40.000000000,BEST_BID,"JPM,100194,193"
2019-06-28 13:24:40.000000000,BEST_ASK,"JPM,100196,193"
2019-06-28 13:24:50.000000000,QUERY_SPREAD,1
2019-06-28 13:24:50.000000000,BEST_BID,"JPM,100194,193"
2019-06-28 13:24:50.000000000,BEST_ASK,"JPM,100196,100"
2019-06-28 13:24:50.000000000,BEST_BID,"JPM,100194,193"
2019-06-28 13:24:50.000000000,BEST_ASK,"JPM,100196,100"
2019-06-28 13:24:50.000000000,BEST_BID,"JPM,100194,193"
2019-06-28 13:24:50.000000000,BEST_ASK,"JPM,100196,100"
2019-06-28 13:24:50.000000000,BEST_BID,"JPM,100194,193"
2019-06-28 13:24:50.000000000,BEST_ASK,"JPM,100196,100"
2019-06-28 13:24:50.000000000,BEST_BID,"JPM,100194,193"
2019-06-28 13:24:50.000000000,BEST_ASK,"JPM,100196,193"
2019-06-28 13:24:50.000000000,BEST_BID,"JPM,100194,193"
2019-06-28 13:24:50.000000000,BEST_ASK,"JPM,100196,193"
2019-06-28 13:24:50.000000000,BEST_BID,"JPM,100194,193"
2019-06-28 13:24:50.000000000,BEST_ASK,"JPM,100196,193"
2019-06-28 13:24:50.000000000,BEST_BID,"JPM,100194,193"
2019-06-28 13:24:50.000000000,BEST_ASK,"JPM,100196,193"
2019-06-28 13:25:00.000000000,QUERY_SPREAD,1
2019-06-28 13:25:00.000000000,BEST_BID,"JPM,100194,226"
2019-06-28 13:25:00.000000000,BEST_ASK,"JPM,100196,100"
2019-06-28 13:25:00.000000000,BEST_BID,"JPM,100194,226"
2019-06-28 13:25:00.000000000,BEST_ASK,"JPM,100196,100"
2019-06-28 13:25:00.000000000,BEST_BID,"JPM,100194,226"
2019-06-28 13:25:00.000000000,BEST_ASK,"JPM,100196,100"
2019-06-28 13:25:00.000000000,BEST_BID,"JPM,100194,226"
2019-06-28 13:25:00.000000000,BEST_ASK,"JPM,100196,226"
2019-06-28 13:25:00.000000000,BEST_BID,"JPM,100194,226"
2019-06-28 13:25:00.000000000,BEST_ASK,"JPM,100196,226"
2019-06-28 13:25:00.000000000,BEST_BID,"JPM,100194,226"
2019-06-28 13:25:00.000000000,BEST_ASK,"JPM,100196,226"
2019-06-28 13:25:00.000000000,QUERY_SPREAD,77
2019-06-28 13:25:00.000000000,BEST_BID,"JPM,100194,226"
2019-06-28 13:25:00.000000000,BEST_ASK,"JPM,100196,221"
2019-06-28 13:25:00.000000000,LAST_TRADE,"5,$100196.0000"
2019-06-28 13:25:00.000000000,QUERY_SPREAD,78
2019-06-28 13:25:00.000000000,BEST_BID,"JPM,100194,226"
2019-06-28 13:25:00.000000000,BEST_ASK,"JPM,100196,213"
2019-06-28 13:25:00.000000000,LAST_TRADE,"8,$100196.0000"
2019-06-28 13:25:00.000000000,QUERY_SPREAD,79
2019-06-28 13:25:00.000000000,BEST_BID,"JPM,100194,226"
2019-06-28 13:25:00.000000000,BEST_ASK,"JPM,100196,208"
2019-06-28 13:25:00.000000000,LAST_TRADE,"5,$100196.0000"
2019-06-28 13:25:00.000000000,QUERY_SPREAD,80
2019-06-28 13:25:00.000000000,BEST_BID,"JPM,100194,226"
2019-06-28 13:25:00.000000000,BEST_ASK,"JPM,100196,200"
2019-06-28 13:25:00.000000000,LAST_TRADE,"8,$100196.0000"
2019-06-28 13:25:00.000000000,QUERY_SPREAD,81
2019-06-28 13:25:00.000000000,BEST_BID,"JPM,100194,226"
2019-06-28 13:25:00.000000000,BEST_ASK,"JPM,100196,191"
2019-06-28 13:25:00.000000000,LAST_TRADE,"9,$100196.0000"
2019-06-28 13:25:00.000000000,QUERY_SPREAD,82
2019-06-28 13:25:00.000000000,BEST_BID,"JPM,100194,226"
2019-06-28 13:25:00.000000000,BEST_ASK,"JPM,100196,188"
2019-06-28 13:25:00.000000000,LAST_TRADE,"3,$100196.0000"
2019-06-28 13:25:00.000000000,QUERY_SPREAD,83
2019-06-28 13:25:00.000000000,BEST_BID,"JPM,100194,226"
2019-06-28 13:25:00.000000000,BEST_ASK,"JPM,100196,180"
2019-06-28 13:25:00.000000000,LAST_TRADE,"8,$100196.0000"
2019-06-28 13:25:00.000000000,QUERY_SPREAD,84
2019-06-28 13:25:00.000000000,BEST_BID,"JPM,100194,226"
2019-06-28 13:25:00.000000000,BEST_ASK,"JPM,100196,176"
2019-06-28 13:25:00.000000000,LAST_TRADE,"4,$100196.0000"
2019-06-28 13:25:00.000000000,QUERY_SPREAD,85
2019-06-28 13:25:00.000000000,BEST_BID,"JPM,100194,226"
2019-06-28 13:25:00.000000000,BEST_ASK,"JPM,100196,171"
2019-06-28 13:25:00.000000000,LAST_TRADE,"5,$100196.0000"
2019-06-28 13:25:00.000000000,QUERY_SPREAD,86
2019-06-28 13:25:00.000000000,BEST_BID,"JPM,100194,226"
2019-06-28 13:25:00.000000000,BEST_ASK,"JPM,100196,169"
2019-06-28 13:25:00.000000000,LAST_TRADE,"2,$100196.0000"
2019-06-28 13:25:00.000000000,QUERY_SPREAD,87
2019-06-28 13:25:00.000000000,BEST_BID,"JPM,100194,226"
2019-06-28 13:25:00.000000000,BEST_ASK,"JPM,100196,162"
2019-06-28 13:25:00.000000000,LAST_TRADE,"7,$100196.0000"
2019-06-28 13:25:00.000000000,QUERY_SPREAD,88
2019-06-28 13:25:00.000000000,BEST_BID,"JPM,100194,226"
2019-06-28 13:25:00.000000000,BEST_ASK,"JPM,100196,154"
2019-06-28 13:25:00.000000000,LAST_TRADE,"8,$100196.0000"
2019-06-28 13:25:00.000000000,QUERY_SPREAD,89
2019-06-28 13:25:00.000000000,BEST_BID,"JPM,100194,226"
2019-06-28 13:25:00.000000000,BEST_ASK,"JPM,100196,149"
2019-06-28 13:25:00.000000000,LAST_TRADE,"5,$100196.0000"
2019-06-28 13:25:00.000000000,QUERY_SPREAD,90
2019-06-28 13:25:00.000000000,BEST_BID,"JPM,100194,226"
2019-06-28 13:25:00.000000000,BEST_ASK,"JPM,100196,145"
2019-06-28 13:25:00.000000000,LAST_TRADE,"4,$100196.0000"
2019-06-28 13:25:00.000000000,QUERY_SPREAD,91
2019-06-28 13:25:00.000000000,BEST_BID,"JPM,100194,226"
2019-06-28 13:25:00.000000000,BEST_ASK,"JPM,100196,142"
2019-06-28 13:25:00.000000000,LAST_TRADE,"3,$100196.0000"
2019-06-28 13:25:00.000000000,QUERY_SPREAD,92
2019-06-28 13:25:00.000000000,BEST_BID,"JPM,100194,226"
2019-06-28 13:25:00.000000000,BEST_ASK,"JPM,100196,137"
2019-06-28 13:25:00.000000000,LAST_TRADE,"5,$100196.0000"
2019-06-28 13:25:00.000000000,QUERY_SPREAD,93
2019-06-28 13:25:00.000000000,BEST_BID,"JPM,100194,226"
2019-06-28 13:25:00.000000000,BEST_ASK,"JPM,100196,130"
2019-06-28 13:25:00.000000000,LAST_TRADE,"7,$100196.0000"
2019-06-28 13:25:00.000000000,QUERY_SPREAD,94
2019-06-28 13:25:00.000000000,BEST_BID,"JPM,100194,226"
2019-06-28 13:25:00.000000000,BEST_ASK,"JPM,100196,129"
2019-06-28 13:25:00.000000000,LAST_TRADE,"1,$100196.0000"
2019-06-28 13:25:00.000000000,QUERY_SPREAD,95
2019-06-28 13:25:00.000000000,BEST_BID,"JPM,100194,226"
2019-06-28 13:25:00.000000000,BEST_ASK,"JPM,100196,128"
2019-06-28 13:25:00.000000000,LAST_TRADE,"1,$100196.0000"
2019-06-28 13:25:00.000000000,QUERY_SPREAD,96
2019-06-28 13:25:00.000000000,BEST_BID,"JPM,100194,226"
2019-06-28 13:25:00.000000000,BEST_ASK,"JPM,100196,124"
2019-06-28 13:25:00.000000000,LAST_TRADE,"4,$100196.0000"
2019-06-28 13:25:00.000000000,QUERY_SPREAD,97
2019-06-28 13:25:00.000000000,BEST_BID,"JPM,100194,226"
2019-06-28 13:25:00.000000000,BEST_ASK,"JPM,100196,121"
2019-06-28 13:25:00.000000000,LAST_TRADE,"3,$100196.0000"
2019-06-28 13:25:00.000000000,QUERY_SPREAD,98
2019-06-28 13:25:00.000000000,BEST_BID,"JPM,100194,226"
2019-06-28 13:25:00.000000000,BEST_ASK,"JPM,100196,116"
2019-06-28 13:25:00.000000000,LAST_TRADE,"5,$100196.0000"
2019-06-28 13:25:00.000000000,QUERY_SPREAD,99
2019-06-28 13:25:00.000000000,BEST_BID,"JPM,100194,226"
2019-06-28 13:25:00.000000000,BEST_ASK,"JPM,100196,112"
2019-06-28 13:25:00.000000000,LAST_TRADE,"4,$100196.0000"
2019-06-28 13:25:00.000000000,QUERY_SPREAD,100
2019-06-28 13:25:00.000000000,BEST_BID,"JPM,100194,226"
2019-06-28 13:25:00.000000000,BEST_ASK,"JPM,100196,107"
2019-06-28 13:25:00.000000000,LAST_TRADE,"5,$100196.0000"
2019-06-28 13:25:00.000000000,QUERY_SPREAD,101
2019-06-28 13:25:00.000000000,BEST_BID,"JPM,100194,225"
2019-06-28 13:25:00.000000000,BEST_ASK,"JPM,100196,107"
2019-06-28 13:25:00.000000000,LAST_TRADE,"1,$100194.0000"
2019-06-28 13:25:10.000000000,QUERY_SPREAD,1
2019-06-28 13:25:10.000000000,BEST_BID,"JPM,100194,285"
2019-06-28 13:25:10.000000000,BEST_ASK,"JPM,100553,81"
2019-06-28 13:25:10.000000000,BEST_BID,"JPM,100194,285"
2019-06-28 13:25:10.000000000,BEST_ASK,"JPM,100553,81"
2019-06-28 13:25:10.000000000,BEST_BID,"JPM,100194,285"
2019-06-28 13:25:10.000000000,BEST_ASK,"JPM,100553,267"
2019-06-28 13:25:10.000000000,BEST_BID,"JPM,100194,285"
2019-06-28 13:25:10.000000000,BEST_ASK,"JPM,100553,267"
2019-06-28 13:25:14.560567873,QUERY_ORDER_STREAM,59
2019-06-28 13:25:14.560567873,QUERY_SPREAD,59
2019-06-28 13:25:14.560567873,BEST_BID,"JPM,100194,385"
2019-06-28 13:25:14.560567873,BEST_ASK,"JPM,100553,267"
2019-06-28 13:25:20.000000000,QUERY_SPREAD,1
2019-06-28 13:25:20.000000000,BEST_BID,"JPM,100194,325"
2019-06-28 13:25:20.000000000,BEST_ASK,"JPM,100553,81"
2019-06-28 13:25:20.000000000,BEST_BID,"JPM,100194,325"
2019-06-28 13:25:20.000000000,BEST_ASK,"JPM,100553,81"
2019-06-28 13:25:20.000000000,BEST_BID,"JPM,100194,325"
2019-06-28 13:25:20.000000000,BEST_ASK,"JPM,100553,81"
2019-06-28 13:25:20.000000000,BEST_BID,"JPM,100194,325"
2019-06-28 13:25:20.000000000,BEST_ASK,"JPM,100553,207"
2019-06-28 13:25:20.000000000,BEST_BID,"JPM,100194,325"
2019-06-28 13:25:20.000000000,BEST_ASK,"JPM,100553,207"
2019-06-28 13:25:20.000000000,BEST_BID,"JPM,100194,325"
2019-06-28 13:25:20.000000000,BEST_ASK,"JPM,100553,207"
2019-06-28 13:25:28.753196159,QUERY_SPREAD,19
2019-06-28 13:25:28.753196159,BEST_BID,"JPM,100194,325"
2019-06-28 13:25:28.753196159,BEST_ASK,"JPM,100213,100"
2019-06-28 13:25:30.000000000,QUERY_SPREAD,1
2019-06-28 13:25:30.000000000,BEST_BID,"JPM,100194,292"
2019-06-28 13:25:30.000000000,BEST_ASK,"JPM,100213,100"
2019-06-28 13:25:30.000000000,BEST_BID,"JPM,100194,292"
2019-06-28 13:25:30.000000000,BEST_ASK,"JPM,100213,100"
2019-06-28 13:25:30.000000000,BEST_BID,"JPM,100194,292"
2019-06-28 13:25:30.000000000,BEST_ASK,"JPM,100213,100"
2019-06-28 13:25:30.000000000,BEST_BID,"JPM,100194,292"
2019-06-28 13:25:30.000000000,BEST_ASK,"JPM,100213,100"
2019-06-28 13:25:30.000000000,BEST_BID,"JPM,100194,292"
2019-06-28 13:25:30.000000000,BEST_ASK,"JPM,100213,193"
2019-06-28 13:25:30.000000000,BEST_BID,"JPM,100194,292"
2019-06-28 13:25:30.000000000,BEST_ASK,"JPM,100213,193"
2019-06-28 13:25:30.000000000,BEST_BID,"JPM,100194,292"
2019-06-28 13:25:30.000000000,BEST_ASK,"JPM,100213,193"
2019-06-28 13:25:30.000000000,BEST_BID,"JPM,100194,292"
2019-06-28 13:25:30.000000000,BEST_ASK,"JPM,100213,193"
2019-06-28 13:25:38.022383965,QUERY_ORDER_STREAM,62
2019-06-28 13:25:38.022383965,QUERY_SPREAD,62
2019-06-28 13:25:38.022383965,BEST_BID,"JPM,100194,392"
2019-06-28 13:25:38.022383965,BEST_ASK,"JPM,100213,193"
2019-06-28 13:25:40.000000000,QUERY_SPREAD,1
2019-06-28 13:25:40.000000000,BEST_BID,"JPM,100194,670"
2019-06-28 13:25:40.000000000,BEST_ASK,"JPM,100213,100"
2019-06-28 13:25:40.000000000,BEST_BID,"JPM,100194,670"
2019-06-28 13:25:40.000000000,BEST_ASK,"JPM,100213,471"
2019-06-28 13:25:50.000000000,QUERY_SPREAD,1
2019-06-28 13:25:50.000000000,BEST_BID,"JPM,100194,485"
2019-06-28 13:25:50.000000000,BEST_ASK,"JPM,100213,100"
2019-06-28 13:25:50.000000000,BEST_BID,"JPM,100194,485"
2019-06-28 13:25:50.000000000,BEST_ASK,"JPM,100213,100"
2019-06-28 13:25:50.000000000,BEST_BID,"JPM,100194,485"
2019-06-28 13:25:50.000000000,BEST_ASK,"JPM,100213,286"
2019-06-28 13:25:50.000000000,BEST_BID,"JPM,100194,485"
2019-06-28 13:25:50.000000000,BEST_ASK,"JPM,100213,286"
2019-06-28 13:25:57.474240199,QUERY_SPREAD,11
2019-06-28 13:25:57.474240199,BEST_BID,"JPM,100194,485"
2019-06-28 13:25:57.474240199,BEST_ASK,"JPM,100213,286"
2019-06-28 13:26:00.000000000,QUERY_SPREAD,1
2019-06-28 13:26:00.000000000,BEST_BID,"JPM,100194,392"
2019-06-28 13:26:00.000000000,BEST_ASK,"JPM,100213,100"
2019-06-28 13:26:00.000000000,BEST_BID,"JPM,100194,392"
2019-06-28 13:26:00.000000000,BEST_ASK,"JPM,100213,100"
2019-06-28 13:26:00.000000000,BEST_BID,"JPM,100194,392"
2019-06-28 13:26:00.000000000,BEST_ASK,"JPM,100213,100"
2019-06-28 13:26:00.000000000,BEST_BID,"JPM,100194,392"
2019-06-28 13:26:00.000000000,BEST_ASK,"JPM,100213,100"
2019-06-28 13:26:00.000000000,BEST_BID,"JPM,100194,392"
2019-06-28 13:26:00.000000000,BEST_ASK,"JPM,100213,193"
2019-06-28 13:26:00.000000000,BEST_BID,"JPM,100194,392"
2019-06-28 13:26:00.000000000,BEST_ASK,"JPM,100213,193"
2019-06-28 13:26:00.000000000,BEST_BID,"JPM,100194,392"
2019-06-28 13:26:00.000000000,BEST_ASK,"JPM,100213,193"
2019-06-28 13:26:00.000000000,BEST_BID,"JPM,100194,392"
2019-06-28 13:26:00.000000000,BEST_ASK,"JPM,100213,193"
2019-06-28 13:26:00.000000000,QUERY_SPREAD,77
2019-06-28 13:26:00.000000000,BEST_BID,"JPM,100194,392"
2019-06-28 13:26:00.000000000,BEST_ASK,"JPM,100213,188"
2019-06-28 13:26:00.000000000,LAST_TRADE,"5,$100213.0000"
2019-06-28 13:26:00.000000000,QUERY_SPREAD,78
2019-06-28 13:26:00.000000000,BEST_BID,"JPM,100194,392"
2019-06-28 13:26:00.000000000,BEST_ASK,"JPM,100213,180"
2019-06-28 13:26:00.000000000,LAST_TRADE,"8,$100213.0000"
2019-06-28 13:26:00.000000000,QUERY_SPREAD,79
2019-06-28 13:26:00.000000000,BEST_BID,"JPM,100194,392"
2019-06-28 13:26:00.000000000,BEST_ASK,"JPM,100213,175"
2019-06-28 13:26:00.000000000,LAST_TRADE,"5,$100213.0000"
2019-06-28 13:26:00.000000000,QUERY_SPREAD,80
2019-06-28 13:26:00.000000000,BEST_BID,"JPM,100194,392"
2019-06-28 13:26:00.000000000,BEST_ASK,"JPM,100213,167"
2019-06-28 13:26:00.000000000,LAST_TRADE,"8,$100213.0000"
2019-06-28 13:26:00.000000000,QUERY_SPREAD,81
2019-06-28 13:26:00.000000000,BEST_BID,"JPM,100194,392"
2019-06-28 13:26:00.000000000,BEST_ASK,"JPM,100213,158"
2019-06-28 13:26:00.000000000,LAST_TRADE,"9,$100213.0000"
2019-06-28 13:26:00.000000000,QUERY_SPREAD,82
2019-06-28 13:26:00.000000000,BEST_BID,"JPM,100194,392"
2019-06-28 13:26:00.000000000,BEST_ASK,"JPM,100213,155"
2019-06-28 13:26:00.000000000,LAST_TRADE,"3,$100213.0000"
2019-06-28 13:26:00.000000000,QUERY_SPREAD,83
2019-06-28 13:26:00.000000000,BEST_BID,"JPM,100194,392"
2019-06-28 13:26:00.000000000,BEST_ASK,"JPM,100213,147"
2019-06-28 13:26:00.000000000,LAST_TRADE,"8,$100213.0000"
2019-06-28 13:26:00.000000000,QUERY_SPREAD,84
2019-06-28 13:26:00.000000000,BEST_BID,"JPM,100194,392"
2019-06-28 13:26:00.000000000,BEST_ASK,"JPM,100213,143"
2019-06-28 13:26:00.000000000,LAST_TRADE,"4,$100213.0000"
2019-06-28 13:26:00.000000000,QUERY_SPREAD,85
2019-06-28 13:26:00.000000000,BEST_BID,"JPM,100194,392"
2019-06-28 13:26:00.000000000,BEST_ASK,"JPM,100213,138"
2019-06-28 13:26:00.000000000,LAST_TRADE,"5,$100213.0000"
2019-06-28 13:26:00.000000000,QUERY_SPREAD,86
2019-06-28 13:26:00.000000000,BEST_BID,"JPM,100194,392"
2019-06-28 13:26:00.000000000,BEST_ASK,"JPM,100213,136"
2019-06-28 13:26:00.000000000,LAST_TRADE,"2,$100213.0000"
2019-06-28 13:26:00.000000000,QUERY_SPREAD,87
2019-06-28 13:26:00.000000000,BEST_BID,"JPM,100194,392"
2019-06-28 13:26:00.000000000,BEST_ASK,"JPM,100213,129"
2019-06-28 13:26:00.000000000,LAST_TRADE,"7,$100213.0000"
2019-06-28 13:26:00.000000000,QUERY_SPREAD,88
2019-06-28 13:26:00.000000000,BEST_BID,"JPM,100194,392"
2019-06-28 13:26:00.000000000,BEST_ASK,"JPM,100213,121"
2019-06-28 13:26:00.000000000,LAST_TRADE,"8,$100213.0000"
2019-06-28 13:26:00.000000000,QUERY_SPREAD,89
2019-06-28 13:26:00.000000000,BEST_BID,"JPM,100194,392"
2019-06-28 13:26:00.000000000,BEST_ASK,"JPM,100213,116"
2019-06-28 13:26:00.000000000,LAST_TRADE,"5,$100213.0000"
2019-06-28 13:26:00.000000000,QUERY_SPREAD,90
2019-06-28 13:26:00.000000000,BEST_BID,"JPM,100194,392"
2019-06-28 13:26:00.000000000,BEST_ASK,"JPM,100213,112"
2019-06-28 13:26:00.000000000,LAST_TRADE,"4,$100213.0000"
2019-06-28 13:26:00.000000000,QUERY_SPREAD,91
2019-06-28 13:26:00.000000000,BEST_BID,"JPM,100194,392"
2019-06-28 13:26:00.000000000,BEST_ASK,"JPM,100213,109"
2019-06-28 13:26:00.000000000,LAST_TRADE,"3,$100213.0000"
2019-06-28 13:26:00.000000000,QUERY_SPREAD,92
2019-06-28 13:26:00.000000000,BEST_BID,"JPM,100194,392"
2019-06-28 13:26:00.000000000,BEST_ASK,"JPM,100213,104"
2019-06-28 13:26:00.000000000,LAST_TRADE,"5,$100213.0000"
2019-06-28 13:26:00.000000000,QUERY_SPREAD,93
2019-06-28 13:26:00.000000000,BEST_BID,"JPM,100194,392"
2019-06-28 13:26:00.000000000,BEST_ASK,"JPM,100213,97"
2019-06-28 13:26:00.000000000,LAST_TRADE,"7,$100213.0000"
2019-06-28 13:26:00.000000000,QUERY_SPREAD,94
2019-06-28 13:26:00.000000000,BEST_BID,"JPM,100194,392"
2019-06-28 13:26:00.000000000,BEST_ASK,"JPM,100213,96"
2019-06-28 13:26:00.000000000,LAST_TRADE,"1,$100213.0000"
2019-06-28 13:26:00.000000000,QUERY_SPREAD,95
2019-06-28 13:26:00.000000000,BEST_BID,"JPM,100194,392"
2019-06-28 13:26:00.000000000,BEST_ASK,"JPM,100213,95"
2019-06-28 13:26:00.000000000,LAST_TRADE,"1,$100213.0000"
2019-06-28 13:26:00.000000000,QUERY_SPREAD,96
2019-06-28 13:26:00.000000000,BEST_BID,"JPM,100194,392"
2019-06-28 13:26:00.000000000,BEST_ASK,"JPM,100213,91"
2019-06-28 13:26:00.000000000,LAST_TRADE,"4,$100213.0000"
2019-06-28 13:26:00.000000000,QUERY_SPREAD,97
2019-06-28 13:26:00.000000000,BEST_BID,"JPM,100194,392"
2019-06-28 13:26:00.000000000,BEST_ASK,"JPM,100213,88"
2019-06-28 13:26:00.000000000,LAST_TRADE,"3,$100213.0000"
2019-06-28 13:26:00.000000000,QUERY_SPREAD,98
2019-06-28 13:26:00.000000000,BEST_BID,"JPM,100194,392"
2019-06-28 13:26:00.000000000,BEST_ASK,"JPM,100213,83"
2019-06-28 13:26:00.000000000,LAST_TRADE,"5,$100213.0000"
2019-06-28 13:26:00.000000000,QUERY_SPREAD,99
2019-06-28 13:26:00.000000000,BEST_BID,"JPM,100194,392"
2019-06-28 13:26:00.000000000,BEST_ASK,"JPM,100213,79"
2019-06-28 13:26:00.000000000,LAST_TRADE,"4,$100213.0000"
2019-06-28 13:26:00.000000000,QUERY_SPREAD,100
2019-06-28 13:26:00.000000000,BEST_BID,"JPM,100194,392"
2019-06-28 13:26:00.000000000,BEST_ASK,"JPM,100213,74"
2019-06-28 13:26:00.000000000,LAST_TRADE,"5,$100213.0000"
2019-06-28 13:26:00.000000000,QUERY_SPREAD,101
2019-06-28 13:26:00.000000000,BEST_BID,"JPM,100194,391"
2019-06-28 13:26:00.000000000,BEST_ASK,"JPM,100213,74"
2019-06-28 13:26:00.000000000,LAST_TRADE,"1,$100194.0000"
2019-06-28 13:26:10.000000000,QUERY_SPREAD,1
2019-06-28 13:26:10.000000000,BEST_BID,"JPM,100194,424"
2019-06-28 13:26:10.000000000,BEST_ASK,"JPM,100553,81"
2019-06-28 13:26:10.000000000,BEST_BID,"JPM,100194,424"
2019-06-28 13:26:10.000000000,BEST_ASK,"JPM,100553,81"
2019-06-28 13:26:10.000000000,BEST_BID,"JPM,100194,424"
2019-06-28 13:26:10.000000000,BEST_ASK,"JPM,100553,81"
2019-06-28 13:26:10.000000000,BEST_BID,"JPM,100194,424"
2019-06-28 13:26:10.000000000,BEST_ASK,"JPM,100553,207"
2019-06-28 13:26:10.000000000,BEST_BID,"JPM,100194,424"
2019-06-28 13:26:10.000000000,BEST_ASK,"JPM,100553,207"
2019-06-28 13:26:10.000000000,BEST_BID,"JPM,100194,424"
2019-06-28 13:26:10.000000000,BEST_ASK,"JPM,100553,207"
2019-06-28 13:26:12.095202378,QUERY_SPREAD,39
2019-06-28 13:26:12.095202378,BEST_BID,"JPM,100194,424"
2019-06-28 13:26:12.095202378,BEST_ASK,"JPM,100553,207"
2019-06-28 13:26:15.893867168,QUERY_ORDER_STREAM,69
2019-06-28 13:26:15.893867168,QUERY_SPREAD,69
2019-06-28 13:26:15.893867168,BEST_BID,"JPM,100194,424"
2019-06-28 13:26:15.893867168,BEST_ASK,"JPM,100213,100"
2019-06-28 13:26:19.108298007,QUERY_SPREAD,22
2019-06-28 13:26:19.108298007,BEST_BID,"JPM,100194,424"
2019-06-28 13:26:19.108298007,BEST_ASK,"JPM,100213,100"
2019-06-28 13:26:20.000000000,QUERY_SPREAD,1
2019-06-28 13:26:20.000000000,BEST_BID,"JPM,100194,484"
2019-06-28 13:26:20.000000000,BEST_ASK,"JPM,100213,100"
2019-06-28 13:26:20.000000000,BEST_BID,"JPM,100194,484"
2019-06-28 13:26:20.000000000,BEST_ASK,"JPM,100213,100"
2019-06-28 13:26:20.000000000,BEST_BID,"JPM,100194,484"
2019-06-28 13:26:20.000000000,BEST_ASK,"JPM,100213,286"
2019-06-28 13:26:20.000000000,BEST_BID,"JPM,100194,484"
2019-06-28 13:26:20.000000000,BEST_ASK,"JPM,100213,286"
2019-06-28 13:26:29.498276699,QUERY_ORDER_STREAM,64
2019-06-28 13:26:29.498276699,QUERY_SPREAD,64
2019-06-28 13:26:30.000000000,QUERY_SPREAD,1
2019-06-28 13:26:30.000000000,BEST_BID,"JPM,100194,372"
2019-06-28 13:26:30.000000000,BEST_ASK,"JPM,100213,100"
2019-06-28 13:26:30.000000000,BEST_BID,"JPM,100194,372"
2019-06-28 13:26:30.000000000,BEST_ASK,"JPM,100213,100"
2019-06-28 13:26:30.000000000,BEST_BID,"JPM,100194,372"
2019-06-28 13:26:30.000000000,BEST_ASK,"JPM,100213,100"
2019-06-28 13:26:30.000000000,BEST_BID,"JPM,100194,372"
2019-06-28 13:26:30.000000000,BEST_ASK,"JPM,100213,100"
2019-06-28 13:26:30.000000000,BEST_BID,"JPM,100194,372"
2019-06-28 13:26:30.000000000,BEST_ASK,"JPM,100213,100"
2019-06-28 13:26:30.000000000,BEST_BID,"JPM,100194,372"
2019-06-28 13:26:30.000000000,BEST_ASK,"JPM,100213,174"
2019-06-28 13:26:30.000000000,BEST_BID,"JPM,100194,372"
2019-06-28 13:26:30.000000000,BEST_ASK,"JPM,100213,174"
2019-06-28 13:26:30.000000000,BEST_BID,"JPM,100194,372"
2019-06-28 13:26:30.000000000,BEST_ASK,"JPM,100213,174"
2019-06-28 13:26:30.000000000,BEST_BID,"JPM,100194,372"
2019-06-28 13:26:30.000000000,BEST_ASK,"JPM,100213,174"
2019-06-28 13:26:30.000000000,BEST_BID,"JPM,100194,372"
2019-06-28 13:26:30.000000000,BEST_ASK,"JPM,100213,174"
2019-06-28 13:26:40.000000000,QUERY_SPREAD,1
2019-06-28 13:26:40.000000000,BEST_BID,"JPM,100194,669"
2019-06-28 13:26:40.000000000,BEST_ASK,"JPM,100213,100"
2019-06-28 13:26:40.000000000,BEST_BID,"JPM,100194,669"
2019-06-28 13:26:40.000000000,BEST_ASK,"JPM,100213,471"
2019-06-28 13:26:50.000000000,QUERY_SPREAD,1
2019-06-28 13:26:50.000000000,BEST_BID,"JPM,100194,372"
2019-06-28 13:26:50.000000000,BEST_ASK,"JPM,100213,100"
2019-06-28 13:26:50.000000000,BEST_BID,"JPM,100194,372"
2019-06-28 13:26:50.000000000,BEST_ASK,"JPM,100213,100"
2019-06-28 13:26:50.000000000,BEST_BID,"JPM,100194,372"
2019-06-28 13:26:50.000000000,BEST_ASK,"JPM,100213,100"
2019-06-28 13:26:50.000000000,BEST_BID,"JPM,100194,372"
2019-06-28 13:26:50.000000000,BEST_ASK,"JPM,100213,100"
2019-06-28 13:26:50.000000000,BEST_BID,"JPM,100194,372"
2019-06-28 13:26:50.000000000,BEST_ASK,"JPM,100213,100"
2019-06-28 13:26:50.000000000,BEST_BID,"JPM,100194,372"
2019-06-28 13:26:50.000000000,BEST_ASK,"JPM,100213,174"
2019-06-28 13:26:50.000000000,BEST_BID,"JPM,100194,372"
2019-06-28 13:26:50.000000000,BEST_ASK,"JPM,100213,174"
2019-06-28 13:26:50.000000000,BEST_BID,"JPM,100194,372"
2019-06-28 13:26:50.000000000,BEST_ASK,"JPM,100213,174"
2019-06-28 13:26:50.000000000,BEST_BID,"JPM,100194,372"
2019-06-28 13:26:50.000000000,BEST_ASK,"JPM,100213,174"
2019-06-28 13:26:50.000000000,BEST_BID,"JPM,100194,372"
2019-06-28 13:26:50.000000000,BEST_ASK,"JPM,100213,174"
2019-06-28 13:27:00.000000000,QUERY_SPREAD,1
2019-06-28 13:27:00.000000000,BEST_BID,"JPM,100194,391"
2019-06-28 13:27:00.000000000,BEST_ASK,"JPM,100213,100"
2019-06-28 13:27:00.000000000,BEST_BID,"JPM,100194,391"
2019-06-28 13:27:00.000000000,BEST_ASK,"JPM,100213,100"
2019-06-28 13:27:00.000000000,BEST_BID,"JPM,100194,391"
2019-06-28 13:27:00.000000000,BEST_ASK,"JPM,100213,100"
2019-06-28 13:27:00.000000000,BEST_BID,"JPM,100194,391"
2019-06-28 13:27:00.000000000,BEST_ASK,"JPM,100213,100"
2019-06-28 13:27:00.000000000,BEST_BID,"JPM,100194,391"
2019-06-28 13:27:00.000000000,BEST_ASK,"JPM,100213,193"
2019-06-28 13:27:00.000000000,BEST_BID,"JPM,100194,391"
2019-06-28 13:27:00.000000000,BEST_ASK,"JPM,100213,193"
2019-06-28 13:27:00.000000000,BEST_BID,"JPM,100194,391"
2019-06-28 13:27:00.000000000,BEST_ASK,"JPM,100213,193"
2019-06-28 13:27:00.000000000,BEST_BID,"JPM,100194,391"
2019-06-28 13:27:00.000000000,BEST_ASK,"JPM,100213,193"
2019-06-28 13:27:00.000000000,QUERY_SPREAD,77
2019-06-28 13:27:00.000000000,BEST_BID,"JPM,100194,391"
2019-06-28 13:27:00.000000000,BEST_ASK,"JPM,100213,188"
2019-06-28 13:27:00.000000000,LAST_TRADE,"5,$100213.0000"
2019-06-28 13:27:00.000000000,QUERY_SPREAD,78
2019-06-28 13:27:00.000000000,BEST_BID,"JPM,100194,391"
2019-06-28 13:27:00.000000000,BEST_ASK,"JPM,100213,180"
2019-06-28 13:27:00.000000000,LAST_TRADE,"8,$100213.0000"
2019-06-28 13:27:00.000000000,QUERY_SPREAD,79
2019-06-28 13:27:00.000000000,BEST_BID,"JPM,100194,391"
2019-06-28 13:27:00.000000000,BEST_ASK,"JPM,100213,175"
2019-06-28 13:27:00.000000000,LAST_TRADE,"5,$100213.0000"
2019-06-28 13:27:00.000000000,QUERY_SPREAD,80
2019-06-28 13:27:00.000000000,BEST_BID,"JPM,100194,391"
2019-06-28 13:27:00.000000000,BEST_ASK,"JPM,100213,167"
2019-06-28 13:27:00.000000000,LAST_TRADE,"8,$100213.0000"
2019-06-28 13:27:00.000000000,QUERY_SPREAD,81
2019-06-28 13:27:00.000000000,BEST_BID,"JPM,100194,391"
2019-06-28 13:27:00.000000000,BEST_ASK,"JPM,100213,158"
2019-06-28 13:27:00.000000000,LAST_TRADE,"9,$100213.0000"
2019-06-28 13:27:00.000000000,QUERY_SPREAD,82
2019-06-28 13:27:00.000000000,BEST_BID,"JPM,100194,391"
2019-06-28 13:27:00.000000000,BEST_ASK,"JPM,100213,155"
2019-06-28 13:27:00.000000000,LAST_TRADE,"3,$100213.0000"
2019-06-28 13:27:00.000000000,QUERY_SPREAD,83
2019-06-28 13:27:00.000000000,BEST_BID,"JPM,100194,391"
2019-06-28 13:27:00.000000000,BEST_ASK,"JPM,100213,147"
2019-06-28 13:27:00.000000000,LAST_TRADE,"8,$100213.0000"
2019-06-28 13:27:00.000000000,QUERY_SPREAD,84
2019-06-28 13:27:00.000000000,BEST_BID,"JPM,100194,391"
2019-06-28 13:27:00.000000000,BEST_ASK,"JPM,100213,143"
2019-06-28 13:27:00.000000000,LAST_TRADE,"4,$100213.0000"
2019-06-28 13:27:00.000000000,QUERY_SPREAD,85
2019-06-28 13:27:00.000000000,BEST_BID,"JPM,100194,391"
2019-06-28 13:27:00.000000000,BEST_ASK,"JPM,100213,138"
2019-06-28 13:27:00.000000000,LAST_TRADE,"5,$100213.0000"
2019-06-28 13:27:00.000000000,QUERY_SPREAD,86
2019-06-28 13:27:00.000000000,BEST_BID,"JPM,100194,391"
2019-06-28 13:27:00.000000000,BEST_ASK,"JPM,100213,136"
2019-06-28 13:27:00.000000000,LAST_TRADE,"2,$100213.0000"
2019-06-28 13:27:00.000000000,QUERY_SPREAD,87
2019-06-28 13:27:00.000000000,BEST_BID,"JPM,100194,391"
2019-06-28 13:27:00.000000000,BEST_ASK,"JPM,100213,129"
2019-06-28 13:27:00.000000000,LAST_TRADE,"7,$100213.0000"
2019-06-28 13:27:00.000000000,QUERY_SPREAD,88
2019-06-28 13:27:00.000000000,BEST_BID,"JPM,100194,391"
2019-06-28 13:27:00.000000000,BEST_ASK,"JPM,100213,121"
2019-06-28 13:27:00.000000000,LAST_TRADE,"8,$100213.0000"
2019-06-28 13:27:00.000000000,QUERY_SPREAD,89
2019-06-28 13:27:00.000000000,BEST_BID,"JPM,100194,391"
2019-06-28 13:27:00.000000000,BEST_ASK,"JPM,100213,116"
2019-06-28 13:27:00.000000000,LAST_TRADE,"5,$100213.0000"
2019-06-28 13:27:00.000000000,QUERY_SPREAD,90
2019-06-28 13:27:00.000000000,BEST_BID,"JPM,100194,391"
2019-06-28 13:27:00.000000000,BEST_ASK,"JPM,100213,112"
2019-06-28 13:27:00.000000000,LAST_TRADE,"4,$100213.0000"
2019-06-28 13:27:00.000000000,QUERY_SPREAD,91
2019-06-28 13:27:00.000000000,BEST_BID,"JPM,100194,391"
2019-06-28 13:27:00.000000000,BEST_ASK,"JPM,100213,109"
2019-06-28 13:27:00.000000000,LAST_TRADE,"3,$100213.0000"
2019-06-28 13:27:00.000000000,QUERY_SPREAD,92
2019-06-28 13:27:00.000000000,BEST_BID,"JPM,100194,391"
2019-06-28 13:27:00.000000000,BEST_ASK,"JPM,100213,104"
2019-06-28 13:27:00.000000000,LAST_TRADE,"5,$100213.0000"
2019-06-28 13:27:00.000000000,QUERY_SPREAD,93
2019-06-28 13:27:00.000000000,BEST_BID,"JPM,100194,391"
2019-06-28 13:27:00.000000000,BEST_ASK,"JPM,100213,97"
2019-06-28 13:27:00.000000000,LAST_TRADE,"7,$100213.0000"
2019-06-28 13:27:00.000000000,QUERY_SPREAD,94
2019-06-28 13:27:00.000000000,BEST_BID,"JPM,100194,391"
2019-06-28 13:27:00.000000000,BEST_ASK,"JPM,100213,96"
2019-06-28 13:27:00.000000000,LAST_TRADE,"1,$100213.0000"
2019-06-28 13:27:00.000000000,QUERY_SPREAD,95
2019-06-28 13:27:00.000000000,BEST_BID,"JPM,100194,391"
2019-06-28 13:27:00.000000000,BEST_ASK,"JPM,100213,95"
2019-06-28 13:27:00.000000000,LAST_TRADE,"1,$100213.0000"
2019-06-28 13:27:00.000000000,QUERY_SPREAD,96
2019-06-28 13:27:00.000000000,BEST_BID,"JPM,100194,391"
2019-06-28 13:27:00.000000000,BEST_ASK,"JPM,100213,91"
2019-06-28 13:27:00.000000000,LAST_TRADE,"4,$100213.0000"
2019-06-28 13:27:00.000000000,QUERY_SPREAD,97
2019-06-28 13:27:00.000000000,BEST_BID,"JPM,100194,391"
2019-06-28 13:27:00.000000000,BEST_ASK,"JPM,100213,88"
2019-06-28 13:27:00.000000000,LAST_TRADE,"3,$100213.0000"
2019-06-28 13:27:00.000000000,QUERY_SPREAD,98
2019-06-28 13:27:00.000000000,BEST_BID,"JPM,100194,391"
2019-06-28 13:27:00.000000000,BEST_ASK,"JPM,100213,83"
2019-06-28 13:27:00.000000000,LAST_TRADE,"5,$100213.0000"
2019-06-28 13:27:00.000000000,QUERY_SPREAD,99
2019-06-28 13:27:00.000000000,BEST_BID,"JPM,100194,391"
2019-06-28 13:27:00.000000000,BEST_ASK,"JPM,100213,79"
2019-06-28 13:27:00.000000000,LAST_TRADE,"4,$100213.0000"
2019-06-28 13:27:00.000000000,QUERY_SPREAD,100
2019-06-28 13:27:00.000000000,BEST_BID,"JPM,100194,391"
2019-06-28 13:27:00.000000000,BEST_ASK,"JPM,100213,74"
2019-06-28 13:27:00.000000000,LAST_TRADE,"5,$100213.0000"
2019-06-28 13:27:00.000000000,QUERY_SPREAD,101
2019-06-28 13:27:00.000000000,BEST_BID,"JPM,100194,391"
2019-06-28 13:27:00.000000000,BEST_ASK,"JPM,100213,73"
2019-06-28 13:27:00.000000000,LAST_TRADE,"1,$100213.0000"
2019-06-28 13:27:10.000000000,QUERY_SPREAD,1
2019-06-28 13:27:10.000000000,BEST_BID,"JPM,100194,424"
2019-06-28 13:27:10.000000000,BEST_ASK,"JPM,100624,100"
2019-06-28 13:27:10.000000000,BEST_BID,"JPM,100194,424"
2019-06-28 13:27:10.000000000,BEST_ASK,"JPM,100624,100"
2019-06-28 13:27:10.000000000,BEST_BID,"JPM,100194,424"
2019-06-28 13:27:10.000000000,BEST_ASK,"JPM,100624,100"
2019-06-28 13:27:10.000000000,BEST_BID,"JPM,100194,424"
2019-06-28 13:27:10.000000000,BEST_ASK,"JPM,100624,226"
2019-06-28 13:27:10.000000000,BEST_BID,"JPM,100194,424"
2019-06-28 13:27:10.000000000,BEST_ASK,"JPM,100624,226"
2019-06-28 13:27:10.000000000,BEST_BID,"JPM,100194,424"
2019-06-28 13:27:10.000000000,BEST_ASK,"JPM,100624,226"
2019-06-28 13:27:20.000000000,QUERY_SPREAD,1
2019-06-28 13:27:20.000000000,BEST_BID,"JPM,100194,669"
2019-06-28 13:27:20.000000000,BEST_ASK,"JPM,100624,100"
2019-06-28 13:27:20.000000000,BEST_BID,"JPM,100194,669"
2019-06-28 13:27:20.000000000,BEST_ASK,"JPM,100624,471"
2019-06-28 13:27:27.619442788,QUERY_SPREAD,22
2019-06-28 13:27:27.619442788,BEST_BID,"JPM,100194,669"
2019-06-28 13:27:27.619442788,BEST_ASK,"JPM,100473,100"
2019-06-28 13:27:30.000000000,QUERY_SPREAD,1
2019-06-28 13:27:30.000000000,BEST_BID,"JPM,100194,669"
2019-06-28 13:27:30.000000000,BEST_ASK,"JPM,100473,100"
2019-06-28 13:27:30.000000000,BEST_BID,"JPM,100194,669"
2019-06-28 13:27:30.000000000,BEST_ASK,"JPM,100473,471"
2019-06-28 13:27:40.000000000,QUERY_SPREAD,1
2019-06-28 13:27:40.000000000,BEST_BID,"JPM,100194,372"
2019-06-28 13:27:40.000000000,BEST_ASK,"JPM,100473,100"
2019-06-28 13:27:40.000000000,BEST_BID,"JPM,100194,372"
2019-06-28 13:27:40.000000000,BEST_ASK,"JPM,100473,100"
2019-06-28 13:27:40.000000000,BEST_BID,"JPM,100194,372"
2019-06-28 13:27:40.000000000,BEST_ASK,"JPM,100473,100"
2019-06-28 13:27:40.000000000,BEST_BID,"JPM,100194,372"
2019-06-28 13:27:40.000000000,BEST_ASK,"JPM,100473,100"
2019-06-28 13:27:40.000000000,BEST_BID,"JPM,100194,372"
2019-06-28 13:27:40.000000000,BEST_ASK,"JPM,100473,100"
2019-06-28 13:27:40.000000000,BEST_BID,"JPM,100194,372"
2019-06-28 13:27:40.000000000,BEST_ASK,"JPM,100473,174"
2019-06-28 13:27:40.000000000,BEST_BID,"JPM,100194,372"
2019-06-28 13:27:40.000000000,BEST_ASK,"JPM,100473,174"
2019-06-28 13:27:40.000000000,BEST_BID,"JPM,100194,372"
2019-06-28 13:27:40.000000000,BEST_ASK,"JPM,100473,174"
2019-06-28 13:27:40.000000000,BEST_BID,"JPM,100194,372"
2019-06-28 13:27:40.000000000,BEST_ASK,"JPM,100473,174"
2019-06-28 13:27:40.000000000,BEST_BID,"JPM,100194,372"
2019-06-28 13:27:40.000000000,BEST_ASK,"JPM,100473,174"
2019-06-28 13:27:50.000000000,QUERY_SPREAD,1
2019-06-28 13:27:50.000000000,BEST_BID,"JPM,100194,372"
2019-06-28 13:27:50.000000000,BEST_ASK,"JPM,100473,100"
2019-06-28 13:27:50.000000000,BEST_BID,"JPM,100194,372"
2019-06-28 13:27:50.000000000,BEST_ASK,"JPM,100473,100"
2019-06-28 13:27:50.000000000,BEST_BID,"JPM,100194,372"
2019-06-28 13:27:50.000000000,BEST_ASK,"JPM,100473,100"
2019-06-28 13:27:50.000000000,BEST_BID,"JPM,100194,372"
2019-06-28 13:27:50.000000000,BEST_ASK,"JPM,100473,100"
2019-06-28 13:27:50.000000000,BEST_BID,"JPM,100194,372"
2019-06-28 13:27:50.000000000,BEST_ASK,"JPM,100473,100"
2019-06-28 13:27:50.000000000,BEST_BID,"JPM,100194,372"
2019-06-28 13:27:50.000000000,BEST_ASK,"JPM,100473,174"
2019-06-28 13:27:50.000000000,BEST_BID,"JPM,100194,372"
2019-06-28 13:27:50.000000000,BEST_ASK,"JPM,100473,174"
2019-06-28 13:27:50.000000000,BEST_BID,"JPM,100194,372"
2019-06-28 13:27:50.000000000,BEST_ASK,"JPM,100473,174"
2019-06-28 13:27:50.000000000,BEST_BID,"JPM,100194,372"
2019-06-28 13:27:50.000000000,BEST_ASK,"JPM,100473,174"
2019-06-28 13:27:50.000000000,BEST_BID,"JPM,100194,372"
2019-06-28 13:27:50.000000000,BEST_ASK,"JPM,100473,174"
2019-06-28 13:28:00.000000000,QUERY_SPREAD,1
2019-06-28 13:28:00.000000000,BEST_BID,"JPM,100194,391"
2019-06-28 13:28:00.000000000,BEST_ASK,"JPM,100473,100"
2019-06-28 13:28:00.000000000,BEST_BID,"JPM,100194,391"
2019-06-28 13:28:00.000000000,BEST_ASK,"JPM,100473,100"
2019-06-28 13:28:00.000000000,BEST_BID,"JPM,100194,391"
2019-06-28 13:28:00.000000000,BEST_ASK,"JPM,100473,100"
2019-06-28 13:28:00.000000000,BEST_BID,"JPM,100194,391"
2019-06-28 13:28:00.000000000,BEST_ASK,"JPM,100473,100"
2019-06-28 13:28:00.000000000,BEST_BID,"JPM,100194,391"
2019-06-28 13:28:00.000000000,BEST_ASK,"JPM,100473,193"
2019-06-28 13:28:00.000000000,BEST_BID,"JPM,100194,391"
2019-06-28 13:28:00.000000000,BEST_ASK,"JPM,100473,193"
2019-06-28 13:28:00.000000000,BEST_BID,"JPM,100194,391"
2019-06-28 13:28:00.000000000,BEST_ASK,"JPM,100473,193"
2019-06-28 13:28:00.000000000,BEST_BID,"JPM,100194,391"
2019-06-28 13:28:00.000000000,BEST_ASK,"JPM,100473,193"
2019-06-28 13:28:00.000000000,QUERY_SPREAD,77
2019-06-28 13:28:00.000000000,BEST_BID,"JPM,100194,391"
2019-06-28 13:28:00.000000000,BEST_ASK,"JPM,100473,188"
2019-06-28 13:28:00.000000000,LAST_TRADE,"5,$100473.0000"
2019-06-28 13:28:00.000000000,QUERY_SPREAD,78
2019-06-28 13:28:00.000000000,BEST_BID,"JPM,100194,391"
2019-06-28 13:28:00.000000000,BEST_ASK,"JPM,100473,180"
2019-06-28 13:28:00.000000000,LAST_TRADE,"8,$100473.0000"
2019-06-28 13:28:00.000000000,QUERY_SPREAD,79
2019-06-28 13:28:00.000000000,BEST_BID,"JPM,100194,391"
2019-06-28 13:28:00.000000000,BEST_ASK,"JPM,100473,175"
2019-06-28 13:28:00.000000000,LAST_TRADE,"5,$100473.0000"
2019-06-28 13:28:00.000000000,QUERY_SPREAD,80
2019-06-28 13:28:00.000000000,BEST_BID,"JPM,100194,391"
2019-06-28 13:28:00.000000000,BEST_ASK,"JPM,100473,167"
2019-06-28 13:28:00.000000000,LAST_TRADE,"8,$100473.0000"
2019-06-28 13:28:00.000000000,QUERY_SPREAD,81
2019-06-28 13:28:00.000000000,BEST_BID,"JPM,100194,391"
2019-06-28 13:28:00.000000000,BEST_ASK,"JPM,100473,158"
2019-06-28 13:28:00.000000000,LAST_TRADE,"9,$100473.0000"
2019-06-28 13:28:00.000000000,QUERY_SPREAD,82
2019-06-28 13:28:00.000000000,BEST_BID,"JPM,100194,391"
2019-06-28 13:28:00.000000000,BEST_ASK,"JPM,100473,155"
2019-06-28 13:28:00.000000000,LAST_TRADE,"3,$100473.0000"
2019-06-28 13:28:00.000000000,QUERY_SPREAD,83
2019-06-28 13:28:00.000000000,BEST_BID,"JPM,100194,391"
2019-06-28 13:28:00.000000000,BEST_ASK,"JPM,100473,147"
2019-06-28 13:28:00.000000000,LAST_TRADE,"8,$100473.0000"
2019-06-28 13:28:00.000000000,QUERY_SPREAD,84
2019-06-28 13:28:00.000000000,BEST_BID,"JPM,100194,391"
2019-06-28 13:28:00.000000000,BEST_ASK,"JPM,100473,143"
2019-06-28 13:28:00.000000000,LAST_TRADE,"4,$100473.0000"
2019-06-28 13:28:00.000000000,QUERY_SPREAD,85
2019-06-28 13:28:00.000000000,BEST_BID,"JPM,100194,391"
2019-06-28 13:28:00.000000000,BEST_ASK,"JPM,100473,138"
2019-06-28 13:28:00.000000000,LAST_TRADE,"5,$100473.0000"
2019-06-28 13:28:00.000000000,QUERY_SPREAD,86
2019-06-28 13:28:00.000000000,BEST_BID,"JPM,100194,391"
2019-06-28 13:28:00.000000000,BEST_ASK,"JPM,100473,136"
2019-06-28 13:28:00.000000000,LAST_TRADE,"2,$100473.0000"
2019-06-28 13:28:00.000000000,QUERY_SPREAD,87
2019-06-28 13:28:00.000000000,BEST_BID,"JPM,100194,391"
2019-06-28 13:28:00.000000000,BEST_ASK,"JPM,100473,129"
2019-06-28 13:28:00.000000000,LAST_TRADE,"7,$100473.0000"
2019-06-28 13:28:00.000000000,QUERY_SPREAD,88
2019-06-28 13:28:00.000000000,BEST_BID,"JPM,100194,391"
2019-06-28 13:28:00.000000000,BEST_ASK,"JPM,100473,121"
2019-06-28 13:28:00.000000000,LAST_TRADE,"8,$100473.0000"
2019-06-28 13:28:00.000000000,QUERY_SPREAD,89
2019-06-28 13:28:00.000000000,BEST_BID,"JPM,100194,391"
2019-06-28 13:28:00.000000000,BEST_ASK,"JPM,100473,116"
2019-06-28 13:28:00.000000000,LAST_TRADE,"5,$100473.0000"
2019-06-28 13:28:00.000000000,QUERY_SPREAD,90
2019-06-28 13:28:00.000000000,BEST_BID,"JPM,100194,391"
2019-06-28 13:28:00.000000000,BEST_ASK,"JPM,100473,112"
2019-06-28 13:28:00.000000000,LAST_TRADE,"4,$100473.0000"
2019-06-28 13:28:00.000000000,QUERY_SPREAD,91
2019-06-28 13:28:00.000000000,BEST_BID,"JPM,100194,391"
2019-06-28 13:28:00.000000000,BEST_ASK,"JPM,100473,109"
2019-06-28 13:28:00.000000000,LAST_TRADE,"3,$100473.0000"
2019-06-28 13:28:00.000000000,QUERY_SPREAD,92
2019-06-28 13:28:00.000000000,BEST_BID,"JPM,100194,391"
2019-06-28 13:28:00.000000000,BEST_ASK,"JPM,100473,104"
2019-06-28 13:28:00.000000000,LAST_TRADE,"5,$100473.0000"
2019-06-28 13:28:00.000000000,QUERY_SPREAD,93
2019-06-28 13:28:00.000000000,BEST_BID,"JPM,100194,391"
2019-06-28 13:28:00.000000000,BEST_ASK,"JPM,100473,97"
2019-06-28 13:28:00.000000000,LAST_TRADE,"7,$100473.0000"
2019-06-28 13:28:00.000000000,QUERY_SPREAD,94
2019-06-28 13:28:00.000000000,BEST_BID,"JPM,100194,391"
2019-06-28 13:28:00.000000000,BEST_ASK,"JPM,100473,96"
2019-06-28 13:28:00.000000000,LAST_TRADE,"1,$100473.0000"
2019-06-28 13:28:00.000000000,QUERY_SPREAD,95
2019-06-28 13:28:00.000000000,BEST_BID,"JPM,100194,391"
2019-06-28 13:28:00.000000000,BEST_ASK,"JPM,100473,95"
2019-06-28 13:28:00.000000000,LAST_TRADE,"1,$100473.0000"
2019-06-28 13:28:00.000000000,QUERY_SPREAD,96
2019-06-28 13:28:00.000000000,BEST_BID,"JPM,100194,391"
2019-06-28 13:28:00.000000000,BEST_ASK,"JPM,100473,91"
2019-06-28 13:28:00.000000000,LAST_TRADE,"4,$100473.0000"
2019-06-28 13:28:00.000000000,QUERY_SPREAD,97
2019-06-28 13:28:00.000000000,BEST_BID,"JPM,100194,391"
2019-06-28 13:28:00.000000000,BEST_ASK,"JPM,100473,88"
2019-06-28 13:28:00.000000000,LAST_TRADE,"3,$100473.0000"
2019-06-28 13:28:00.000000000,QUERY_SPREAD,98
2019-06-28 13:28:00.000000000,BEST_BID,"JPM,100194,391"
2019-06-28 13:28:00.000000000,BEST_ASK,"JPM,100473,83"
2019-06-28 13:28:00.000000000,LAST_TRADE,"5,$100473.0000"
2019-06-28 13:28:00.000000000,QUERY_SPREAD,99
2019-06-28 13:28:00.000000000,BEST_BID,"JPM,100194,391"
2019-06-28 13:28:00.000000000,BEST_ASK,"JPM,100473,79"
2019-06-28 13:28:00.000000000,LAST_TRADE,"4,$100473.0000"
2019-06-28 13:28:00.000000000,QUERY_SPREAD,100
2019-06-28 13:28:00.000000000,BEST_BID,"JPM,100194,391"
2019-06-28 13:28:00.000000000,BEST_ASK,"JPM,100473,74"
2019-06-28 13:28:00.000000000,LAST_TRADE,"5,$100473.0000"
2019-06-28 13:28:00.000000000,QUERY_SPREAD,101
2019-06-28 13:28:00.000000000,BEST_BID,"JPM,100194,391"
2019-06-28 13:28:00.000000000,BEST_ASK,"JPM,100473,73"
2019-06-28 13:28:00.000000000,LAST_TRADE,"1,$100473.0000"
2019-06-28 13:28:10.000000000,QUERY_SPREAD,1
2019-06-28 13:28:10.000000000,BEST_BID,"JPM,100194,484"
2019-06-28 13:28:10.000000000,BEST_ASK,"JPM,100624,100"
2019-06-28 13:28:10.000000000,BEST_BID,"JPM,100194,484"
2019-06-28 13:28:10.000000000,BEST_ASK,"JPM,100624,100"
2019-06-28 13:28:10.000000000,BEST_BID,"JPM,100194,484"
2019-06-28 13:28:10.000000000,BEST_ASK,"JPM,100624,286"
2019-06-28 13:28:10.000000000,BEST_BID,"JPM,100194,484"
2019-06-28 13:28:10.000000000,BEST_ASK,"JPM,100624,286"
2019-06-28 13:28:11.246015930,QUERY_SPREAD,30
2019-06-28 13:28:11.246015930,BEST_BID,"JPM,100194,484"
2019-06-28 13:28:11.246015930,BEST_ASK,"JPM,100575,100"
2019-06-28 13:28:20.000000000,QUERY_SPREAD,1
2019-06-28 13:28:20.000000000,BEST_BID,"JPM,100194,484"
2019-06-28 13:28:20.000000000,BEST_ASK,"JPM,100575,100"
2019-06-28 13:28:20.000000000,BEST_BID,"JPM,100194,484"
2019-06-28 13:28:20.000000000,BEST_ASK,"JPM,100575,100"
2019-06-28 13:28:20.000000000,BEST_BID,"JPM,100194,484"
2019-06-28 13:28:20.000000000,BEST_ASK,"JPM,100575,286"
2019-06-28 13:28:20.000000000,BEST_BID,"JPM,100194,484"
2019-06-28 13:28:20.000000000,BEST_ASK,"JPM,100575,286"
2019-06-28 13:28:22.080351828,QUERY_ORDER_STREAM,54
2019-06-28 13:28:22.080351828,QUERY_SPREAD,54
2019-06-28 13:28:30.000000000,QUERY_SPREAD,1
2019-06-28 13:28:30.000000000,BEST_BID,"JPM,100194,571"
2019-06-28 13:28:30.000000000,BEST_ASK,"JPM,100575,100"
2019-06-28 13:28:30.000000000,BEST_BID,"JPM,100194,571"
2019-06-28 13:28:30.000000000,BEST_ASK,"JPM,100575,471"
2019-06-28 13:28:40.000000000,QUERY_SPREAD,1
2019-06-28 13:28:40.000000000,BEST_BID,"JPM,100194,326"
2019-06-28 13:28:40.000000000,BEST_ASK,"JPM,100575,100"
2019-06-28 13:28:40.000000000,BEST_BID,"JPM,100194,326"
2019-06-28 13:28:40.000000000,BEST_ASK,"JPM,100575,100"
2019-06-28 13:28:40.000000000,BEST_BID,"JPM,100194,326"
2019-06-28 13:28:40.000000000,BEST_ASK,"JPM,100575,100"
2019-06-28 13:28:40.000000000,BEST_BID,"JPM,100194,326"
2019-06-28 13:28:40.000000000,BEST_ASK,"JPM,100575,226"
2019-06-28 13:28:40.000000000,BEST_BID,"JPM,100194,326"
2019-06-28 13:28:40.000000000,BEST_ASK,"JPM,100575,226"
2019-06-28 13:28:40.000000000,BEST_BID,"JPM,100194,326"
2019-06-28 13:28:40.000000000,BEST_ASK,"JPM,100575,226"
2019-06-28 13:28:50.000000000,QUERY_SPREAD,1
2019-06-28 13:28:50.000000000,BEST_BID,"JPM,100194,571"
2019-06-28 13:28:50.000000000,BEST_ASK,"JPM,100575,100"
2019-06-28 13:28:50.000000000,BEST_BID,"JPM,100194,571"
2019-06-28 13:28:50.000000000,BEST_ASK,"JPM,100575,471"
2019-06-28 13:28:51.560246964,QUERY_SPREAD,3
2019-06-28 13:28:51.560246964,BEST_BID,"JPM,100194,571"
2019-06-28 13:28:51.560246964,BEST_ASK,"JPM,100402,100"
2019-06-28 13:28:54.465811415,QUERY_ORDER_STREAM,68
2019-06-28 13:28:54.465811415,QUERY_SPREAD,68
2019-06-28 13:29:00.000000000,QUERY_SPREAD,1
2019-06-28 13:29:00.000000000,BEST_BID,"JPM,100194,571"
2019-06-28 13:29:00.000000000,BEST_ASK,"JPM,100402,100"
2019-06-28 13:29:00.000000000,BEST_BID,"JPM,100194,571"
2019-06-28 13:29:00.000000000,BEST_ASK,"JPM,100402,471"
2019-06-28 13:29:00.000000000,QUERY_SPREAD,77
2019-06-28 13:29:00.000000000,BEST_BID,"JPM,100194,571"
2019-06-28 13:29:00.000000000,BEST_ASK,"JPM,100402,466"
2019-06-28 13:29:00.000000000,LAST_TRADE,"5,$100402.0000"
2019-06-28 13:29:00.000000000,QUERY_SPREAD,78
2019-06-28 13:29:00.000000000,BEST_BID,"JPM,100194,571"
2019-06-28 13:29:00.000000000,BEST_ASK,"JPM,100402,458"
2019-06-28 13:29:00.000000000,LAST_TRADE,"8,$100402.0000"
2019-06-28 13:29:00.000000000,QUERY_SPREAD,79
2019-06-28 13:29:00.000000000,BEST_BID,"JPM,100194,571"
2019-06-28 13:29:00.000000000,BEST_ASK,"JPM,100402,453"
2019-06-28 13:29:00.000000000,LAST_TRADE,"5,$100402.0000"
2019-06-28 13:29:00.000000000,QUERY_SPREAD,80
2019-06-28 13:29:00.000000000,BEST_BID,"JPM,100194,571"
2019-06-28 13:29:00.000000000,BEST_ASK,"JPM,100402,445"
2019-06-28 13:29:00.000000000,LAST_TRADE,"8,$100402.0000"
2019-06-28 13:29:00.000000000,QUERY_SPREAD,81
2019-06-28 13:29:00.000000000,BEST_BID,"JPM,100194,571"
2019-06-28 13:29:00.000000000,BEST_ASK,"JPM,100402,436"
2019-06-28 13:29:00.000000000,LAST_TRADE,"9,$100402.0000"
2019-06-28 13:29:00.000000000,QUERY_SPREAD,82
2019-06-28 13:29:00.000000000,BEST_BID,"JPM,100194,571"
2019-06-28 13:29:00.000000000,BEST_ASK,"JPM,100402,433"
2019-06-28 13:29:00.000000000,LAST_TRADE,"3,$100402.0000"
2019-06-28 13:29:00.000000000,QUERY_SPREAD,83
2019-06-28 13:29:00.000000000,BEST_BID,"JPM,100194,571"
2019-06-28 13:29:00.000000000,BEST_ASK,"JPM,100402,425"
2019-06-28 13:29:00.000000000,LAST_TRADE,"8,$100402.0000"
2019-06-28 13:29:00.000000000,QUERY_SPREAD,84
2019-06-28 13:29:00.000000000,BEST_BID,"JPM,100194,571"
2019-06-28 13:29:00.000000000,BEST_ASK,"JPM,100402,421"
2019-06-28 13:29:00.000000000,LAST_TRADE,"4,$100402.0000"
2019-06-28 13:29:00.000000000,QUERY_SPREAD,85
2019-06-28 13:29:00.000000000,BEST_BID,"JPM,100194,571"
2019-06-28 13:29:00.000000000,BEST_ASK,"JPM,100402,416"
2019-06-28 13:29:00.000000000,LAST_TRADE,"5,$100402.0000"
2019-06-28 13:29:00.000000000,QUERY_SPREAD,86
2019-06-28 13:29:00.000000000,BEST_BID,"JPM,100194,571"
2019-06-28 13:29:00.000000000,BEST_ASK,"JPM,100402,414"
2019-06-28 13:29:00.000000000,LAST_TRADE,"2,$100402.0000"
2019-06-28 13:29:00.000000000,QUERY_SPREAD,87
2019-06-28 13:29:00.000000000,BEST_BID,"JPM,100194,571"
2019-06-28 13:29:00.000000000,BEST_ASK,"JPM,100402,407"
2019-06-28 13:29:00.000000000,LAST_TRADE,"7,$100402.0000"
2019-06-28 13:29:00.000000000,QUERY_SPREAD,88
2019-06-28 13:29:00.000000000,BEST_BID,"JPM,100194,571"
2019-06-28 13:29:00.000000000,BEST_ASK,"JPM,100402,399"
2019-06-28 13:29:00.000000000,LAST_TRADE,"8,$100402.0000"
2019-06-28 13:29:00.000000000,QUERY_SPREAD,89
2019-06-28 13:29:00.000000000,BEST_BID,"JPM,100194,571"
2019-06-28 13:29:00.000000000,BEST_ASK,"JPM,100402,394"
2019-06-28 13:29:00.000000000,LAST_TRADE,"5,$100402.0000"
2019-06-28 13:29:00.000000000,QUERY_SPREAD,90
2019-06-28 13:29:00.000000000,BEST_BID,"JPM,100194,571"
2019-06-28 13:29:00.000000000,BEST_ASK,"JPM,100402,390"
2019-06-28 13:29:00.000000000,LAST_TRADE,"4,$100402.0000"
2019-06-28 13:29:00.000000000,QUERY_SPREAD,91
2019-06-28 13:29:00.000000000,BEST_BID,"JPM,100194,571"
2019-06-28 13:29:00.000000000,BEST_ASK,"JPM,100402,387"
2019-06-28 13:29:00.000000000,LAST_TRADE,"3,$100402.0000"
2019-06-28 13:29:00.000000000,QUERY_SPREAD,92
2019-06-28 13:29:00.000000000,BEST_BID,"JPM,100194,571"
2019-06-28 13:29:00.000000000,BEST_ASK,"JPM,100402,382"
2019-06-28 13:29:00.000000000,LAST_TRADE,"5,$100402.0000"
2019-06-28 13:29:00.000000000,QUERY_SPREAD,93
2019-06-28 13:29:00.000000000,BEST_BID,"JPM,100194,571"
2019-06-28 13:29:00.000000000,BEST_ASK,"JPM,100402,375"
2019-06-28 13:29:00.000000000,LAST_TRADE,"7,$100402.0000"
2019-06-28 13:29:00.000000000,QUERY_SPREAD,94
2019-06-28 13:29:00.000000000,BEST_BID,"JPM,100194,571"
2019-06-28 13:29:00.000000000,BEST_ASK,"JPM,100402,374"
2019-06-28 13:29:00.000000000,LAST_TRADE,"1,$100402.0000"
2019-06-28 13:29:00.000000000,QUERY_SPREAD,95
2019-06-28 13:29:00.000000000,BEST_BID,"JPM,100194,571"
2019-06-28 13:29:00.000000000,BEST_ASK,"JPM,100402,373"
2019-06-28 13:29:00.000000000,LAST_TRADE,"1,$100402.0000"
2019-06-28 13:29:00.000000000,QUERY_SPREAD,96
2019-06-28 13:29:00.000000000,BEST_BID,"JPM,100194,571"
2019-06-28 13:29:00.000000000,BEST_ASK,"JPM,100402,369"
2019-06-28 13:29:00.000000000,LAST_TRADE,"4,$100402.0000"
2019-06-28 13:29:00.000000000,QUERY_SPREAD,97
2019-06-28 13:29:00.000000000,BEST_BID,"JPM,100194,571"
2019-06-28 13:29:00.000000000,BEST_ASK,"JPM,100402,366"
2019-06-28 13:29:00.000000000,LAST_TRADE,"3,$100402.0000"
2019-06-28 13:29:00.000000000,QUERY_SPREAD,98
2019-06-28 13:29:00.000000000,BEST_BID,"JPM,100194,571"
2019-06-28 13:29:00.000000000,BEST_ASK,"JPM,100402,361"
2019-06-28 13:29:00.000000000,LAST_TRADE,"5,$100402.0000"
2019-06-28 13:29:00.000000000,QUERY_SPREAD,99
2019-06-28 13:29:00.000000000,BEST_BID,"JPM,100194,571"
2019-06-28 13:29:00.000000000,BEST_ASK,"JPM,100402,357"
2019-06-28 13:29:00.000000000,LAST_TRADE,"4,$100402.0000"
2019-06-28 13:29:00.000000000,QUERY_SPREAD,100
2019-06-28 13:29:00.000000000,BEST_BID,"JPM,100194,571"
2019-06-28 13:29:00.000000000,BEST_ASK,"JPM,100402,352"
2019-06-28 13:29:00.000000000,LAST_TRADE,"5,$100402.0000"
2019-06-28 13:29:00.000000000,QUERY_SPREAD,101
2019-06-28 13:29:00.000000000,BEST_BID,"JPM,100194,571"
2019-06-28 13:29:00.000000000,BEST_ASK,"JPM,100402,351"
2019-06-28 13:29:00.000000000,LAST_TRADE,"1,$100402.0000"
2019-06-28 13:29:04.646840840,QUERY_SPREAD,35
2019-06-28 13:29:04.646840840,BEST_BID,"JPM,100194,571"
2019-06-28 13:29:04.646840840,BEST_ASK,"JPM,100402,251"
2019-06-28 13:29:04.646840840,LAST_TRADE,"100,$100402.0000"
2019-06-28 13:29:10.000000000,QUERY_SPREAD,1
2019-06-28 13:29:10.000000000,BEST_BID,"JPM,100194,386"
2019-06-28 13:29:10.000000000,BEST_ASK,"JPM,100575,100"
2019-06-28 13:29:10.000000000,BEST_BID,"JPM,100194,386"
2019-06-28 13:29:10.000000000,BEST_ASK,"JPM,100575,100"
2019-06-28 13:29:10.000000000,BEST_BID,"JPM,100194,386"
2019-06-28 13:29:10.000000000,BEST_ASK,"JPM,100575,286"
2019-06-28 13:29:10.000000000,BEST_BID,"JPM,100194,386"
2019-06-28 13:29:10.000000000,BEST_ASK,"JPM,100575,286"
2019-06-28 13:29:16.235016768,QUERY_ORDER_STREAM,75
2019-06-28 13:29:16.235016768,QUERY_SPREAD,75
2019-06-28 13:29:16.235016768,BEST_BID,"JPM,100402,100"
2019-06-28 13:29:16.235016768,BEST_ASK,"JPM,100575,286"
2019-06-28 13:29:20.000000000,QUERY_SPREAD,1
2019-06-28 13:29:20.000000000,BEST_BID,"JPM,100402,471"
2019-06-28 13:29:20.000000000,BEST_ASK,"JPM,100575,100"
2019-06-28 13:29:20.000000000,BEST_BID,"JPM,100402,471"
2019-06-28 13:29:20.000000000,BEST_ASK,"JPM,100575,471"
2019-06-28 13:29:25.753874364,QUERY_ORDER_STREAM,72
2019-06-28 13:29:25.753874364,QUERY_SPREAD,72
2019-06-28 13:29:25.753874364,BEST_BID,"JPM,100402,571"
2019-06-28 13:29:25.753874364,BEST_ASK,"JPM,100575,471"
2019-06-28 13:29:30.000000000,QUERY_SPREAD,1
2019-06-28 13:29:30.000000000,BEST_BID,"JPM,100402,274"
2019-06-28 13:29:30.000000000,BEST_ASK,"JPM,100575,100"
2019-06-28 13:29:30.000000000,BEST_BID,"JPM,100402,274"
2019-06-28 13:29:30.000000000,BEST_ASK,"JPM,100575,100"
2019-06-28 13:29:30.000000000,BEST_BID,"JPM,100402,274"
2019-06-28 13:29:30.000000000,BEST_ASK,"JPM,100575,100"
2019-06-28 13:29:30.000000000,BEST_BID,"JPM,100402,274"
2019-06-28 13:29:30.000000000,BEST_ASK,"JPM,100575,100"
2019-06-28 13:29:30.000000000,BEST_BID,"JPM,100402,274"
2019-06-28 13:29:30.000000000,BEST_ASK,"JPM,100575,100"
2019-06-28 13:29:30.000000000,BEST_BID,"JPM,100402,274"
2019-06-28 13:29:30.000000000,BEST_ASK,"JPM,100575,174"
2019-06-28 13:29:30.000000000,BEST_BID,"JPM,100402,274"
2019-06-28 13:29:30.000000000,BEST_ASK,"JPM,100575,174"
2019-06-28 13:29:30.000000000,BEST_BID,"JPM,100402,274"
2019-06-28 13:29:30.000000000,BEST_ASK,"JPM,100575,174"
2019-06-28 13:29:30.000000000,BEST_BID,"JPM,100402,274"
2019-06-28 13:29:30.000000000,BEST_ASK,"JPM,100575,174"
2019-06-28 13:29:30.000000000,BEST_BID,"JPM,100402,274"
2019-06-28 13:29:30.000000000,BEST_ASK,"JPM,100575,174"
2019-06-28 13:29:35.804840898,QUERY_SPREAD,26
2019-06-28 13:29:35.804840898,BEST_BID,"JPM,100402,274"
2019-06-28 13:29:35.804840898,BEST_ASK,"JPM,100575,174"
2019-06-28 13:29:40.000000000,QUERY_SPREAD,1
2019-06-28 13:29:40.000000000,BEST_BID,"JPM,100402,571"
2019-06-28 13:29:40.000000000,BEST_ASK,"JPM,100575,100"
2019-06-28 13:29:40.000000000,BEST_BID,"JPM,100402,571"
2019-06-28 13:29:40.000000000,BEST_ASK,"JPM,100575,471"
2019-06-28 13:29:47.722262409,QUERY_ORDER_STREAM,65
2019-06-28 13:29:47.722262409,QUERY_SPREAD,65
2019-06-28 13:29:50.000000000,QUERY_SPREAD,1
2019-06-28 13:29:50.000000000,BEST_BID,"JPM,100402,326"
2019-06-28 13:29:50.000000000,BEST_ASK,"JPM,100575,100"
2019-06-28 13:29:50.000000000,BEST_BID,"JPM,100402,326"
2019-06-28 13:29:50.000000000,BEST_ASK,"JPM,100575,100"
2019-06-28 13:29:50.000000000,BEST_BID,"JPM,100402,326"
2019-06-28 13:29:50.000000000,BEST_ASK,"JPM,100575,100"
2019-06-28 13:29:50.000000000,BEST_BID,"JPM,100402,326"
2019-06-28 13:29:50.000000000,BEST_ASK,"JPM,100575,226"
2019-06-28 13:29:50.000000000,BEST_BID,"JPM,100402,326"
2019-06-28 13:29:50.000000000,BEST_ASK,"JPM,100575,226"
2019-06-28 13:29:50.000000000,BEST_BID,"JPM,100402,326"
2019-06-28 13:29:50.000000000,BEST_ASK,"JPM,100575,226"
2019-06-28 13:29:50.227005652,QUERY_SPREAD,23
2019-06-28 13:29:50.227005652,BEST_BID,"JPM,100402,326"
2019-06-28 13:29:50.227005652,BEST_ASK,"JPM,100575,126"
2019-06-28 13:29:50.227005652,LAST_TRADE,"100,$100575.0000"
2019-06-28 13:29:56.731956459,QUERY_SPREAD,40
2019-06-28 13:29:56.731956459,BEST_BID,"JPM,100402,326"
2019-06-28 13:29:56.731956459,BEST_ASK,"JPM,100575,126"
2019-06-28 13:30:00.000000000,QUERY_SPREAD,1
2019-06-28 13:30:00.000000000,BEST_BID,"JPM,100402,571"
2019-06-28 13:30:00.000000000,BEST_ASK,"JPM,100585,100"
2019-06-28 13:30:00.000000000,BEST_BID,"JPM,100402,571"
2019-06-28 13:30:00.000000000,BEST_ASK,"JPM,100585,471"
2019-06-28 13:30:00.000000000,QUERY_SPREAD,77
2019-06-28 13:30:00.000000000,BEST_BID,"JPM,100402,571"
2019-06-28 13:30:00.000000000,BEST_ASK,"JPM,100585,466"
2019-06-28 13:30:00.000000000,LAST_TRADE,"5,$100585.0000"
2019-06-28 13:30:00.000000000,QUERY_SPREAD,78
2019-06-28 13:30:00.000000000,BEST_BID,"JPM,100402,571"
2019-06-28 13:30:00.000000000,BEST_ASK,"JPM,100585,458"
2019-06-28 13:30:00.000000000,LAST_TRADE,"8,$100585.0000"
2019-06-28 13:30:00.000000000,QUERY_SPREAD,79
2019-06-28 13:30:00.000000000,BEST_BID,"JPM,100402,571"
2019-06-28 13:30:00.000000000,BEST_ASK,"JPM,100585,453"
2019-06-28 13:30:00.000000000,LAST_TRADE,"5,$100585.0000"
2019-06-28 13:30:00.000000000,QUERY_SPREAD,80
2019-06-28 13:30:00.000000000,BEST_BID,"JPM,100402,571"
2019-06-28 13:30:00.000000000,BEST_ASK,"JPM,100585,445"
2019-06-28 13:30:00.000000000,LAST_TRADE,"8,$100585.0000"
2019-06-28 13:30:00.000000000,QUERY_SPREAD,81
2019-06-28 13:30:00.000000000,BEST_BID,"JPM,100402,571"
2019-06-28 13:30:00.000000000,BEST_ASK,"JPM,100585,436"
2019-06-28 13:30:00.000000000,LAST_TRADE,"9,$100585.0000"
2019-06-28 13:30:00.000000000,QUERY_SPREAD,82
2019-06-28 13:30:00.000000000,BEST_BID,"JPM,100402,571"
2019-06-28 13:30:00.000000000,BEST_ASK,"JPM,100585,433"
2019-06-28 13:30:00.000000000,LAST_TRADE,"3,$100585.0000"
2019-06-28 13:30:00.000000000,QUERY_SPREAD,83
2019-06-28 13:30:00.000000000,BEST_BID,"JPM,100402,571"
2019-06-28 13:30:00.000000000,BEST_ASK,"JPM,100585,425"
2019-06-28 13:30:00.000000000,LAST_TRADE,"8,$100585.0000"
2019-06-28 13:30:00.000000000,QUERY_SPREAD,84
2019-06-28 13:30:00.000000000,BEST_BID,"JPM,100402,571"
2019-06-28 13:30:00.000000000,BEST_ASK,"JPM,100585,421"
2019-06-28 13:30:00.000000000,LAST_TRADE,"4,$100585.0000"
2019-06-28 13:30:00.000000000,QUERY_SPREAD,85
2019-06-28 13:30:00.000000000,BEST_BID,"JPM,100402,571"
2019-06-28 13:30:00.000000000,BEST_ASK,"JPM,100585,416"
2019-06-28 13:30:00.000000000,LAST_TRADE,"5,$100585.0000"
2019-06-28 13:30:00.000000000,QUERY_SPREAD,86
2019-06-28 13:30:00.000000000,BEST_BID,"JPM,100402,571"
2019-06-28 13:30:00.000000000,BEST_ASK,"JPM,100585,414"
2019-06-28 13:30:00.000000000,LAST_TRADE,"2,$100585.0000"
2019-06-28 13:30:00.000000000,QUERY_SPREAD,87
2019-06-28 13:30:00.000000000,BEST_BID,"JPM,100402,571"
2019-06-28 13:30:00.000000000,BEST_ASK,"JPM,100585,407"
2019-06-28 13:30:00.000000000,LAST_TRADE,"7,$100585.0000"
2019-06-28 13:30:00.000000000,QUERY_SPREAD,88
2019-06-28 13:30:00.000000000,BEST_BID,"JPM,100402,571"
2019-06-28 13:30:00.000000000,BEST_ASK,"JPM,100585,399"
2019-06-28 13:30:00.000000000,LAST_TRADE,"8,$100585.0000"
2019-06-28 13:30:00.000000000,QUERY_SPREAD,89
2019-06-28 13:30:00.000000000,BEST_BID,"JPM,100402,571"
2019-06-28 13:30:00.000000000,BEST_ASK,"JPM,100585,394"
2019-06-28 13:30:00.000000000,LAST_TRADE,"5,$100585.0000"
2019-06-28 13:30:00.000000000,QUERY_SPREAD,90
2019-06-28 13:30:00.000000000,BEST_BID,"JPM,100402,571"
2019-06-28 13:30:00.000000000,BEST_ASK,"JPM,100585,390"
2019-06-28 13:30:00.000000000,LAST_TRADE,"4,$100585.0000"
2019-06-28 13:30:00.000000000,QUERY_SPREAD,91
2019-06-28 13:30:00.000000000,BEST_BID,"JPM,100402,571"
2019-06-28 13:30:00.000000000,BEST_ASK,"JPM,100585,387"
2019-06-28 13:30:00.000000000,LAST_TRADE,"3,$100585.0000"
2019-06-28 13:30:00.000000000,QUERY_SPREAD,92
2019-06-28 13:30:00.000000000,BEST_BID,"JPM,100402,571"
2019-06-28 13:30:00.000000000,BEST_ASK,"JPM,100585,382"
2019-06-28 13:30:00.000000000,LAST_TRADE,"5,$100585.0000"
2019-06-28 13:30:00.000000000,QUERY_SPREAD,93
2019-06-28 13:30:00.000000000,BEST_BID,"JPM,100402,571"
2019-06-28 13:30:00.000000000,BEST_ASK,"JPM,100585,375"
2019-06-28 13:30:00.000000000,LAST_TRADE,"7,$100585.0000"
2019-06-28 13:30:00.000000000,QUERY_SPREAD,94
2019-06-28 13:30:00.000000000,BEST_BID,"JPM,100402,571"
2019-06-28 13:30:00.000000000,BEST_ASK,"JPM,100585,374"
2019-06-28 13:30:00.000000000,LAST_TRADE,"1,$100585.0000"
2019-06-28 13:30:00.000000000,QUERY_SPREAD,95
2019-06-28 13:30:00.000000000,BEST_BID,"JPM,100402,571"
2019-06-28 13:30:00.000000000,BEST_ASK,"JPM,100585,373"
2019-06-28 13:30:00.000000000,LAST_TRADE,"1,$100585.0000"
2019-06-28 13:30:00.000000000,QUERY_SPREAD,96
2019-06-28 13:30:00.000000000,BEST_BID,"JPM,100402,571"
2019-06-28 13:30:00.000000000,BEST_ASK,"JPM,100585,369"
2019-06-28 13:30:00.000000000,LAST_TRADE,"4,$100585.0000"
2019-06-28 13:30:00.000000000,QUERY_SPREAD,97
2019-06-28 13:30:00.000000000,BEST_BID,"JPM,100402,571"
2019-06-28 13:30:00.000000000,BEST_ASK,"JPM,100585,366"
2019-06-28 13:30:00.000000000,LAST_TRADE,"3,$100585.0000"
2019-06-28 13:30:00.000000000,QUERY_SPREAD,98
2019-06-28 13:30:00.000000000,BEST_BID,"JPM,100402,571"
2019-06-28 13:30:00.000000000,BEST_ASK,"JPM,100585,361"
2019-06-28 13:30:00.000000000,LAST_TRADE,"5,$100585.0000"
2019-06-28 13:30:00.000000000,QUERY_SPREAD,99
2019-06-28 13:30:00.000000000,BEST_BID,"JPM,100402,571"
2019-06-28 13:30:00.000000000,BEST_ASK,"JPM,100585,357"
2019-06-28 13:30:00.000000000,LAST_TRADE,"4,$100585.0000"
2019-06-28 13:30:00.000000000,QUERY_SPREAD,100
2019-06-28 13:30:00.000000000,BEST_BID,"JPM,100402,571"
2019-06-28 13:30:00.000000000,BEST_ASK,"JPM,100585,352"
2019-06-28 13:30:00.000000000,LAST_TRADE,"5,$100585.0000"
2019-06-28 13:30:00.000000000,QUERY_SPREAD,101
2019-06-28 13:30:00.000000000,BEST_BID,"JPM,100402,571"
2019-06-28 13:30:00.000000000,BEST_ASK,"JPM,100585,351"
2019-06-28 13:30:00.000000000,LAST_TRADE,"1,$100585.0000"
2019-06-28 13:30:00.379710843,QUERY_SPREAD,9
2019-06-28 13:30:00.379710843,BEST_BID,"JPM,100402,571"
2019-06-28 13:30:00.379710843,BEST_ASK,"JPM,100585,251"
2019-06-28 13:30:00.379710843,LAST_TRADE,"100,$100585.0000"
2019-06-28 13:30:10.000000000,QUERY_SPREAD,1
2019-06-28 13:30:10.000000000,BEST_BID,"JPM,100402,571"
2019-06-28 13:30:10.000000000,BEST_ASK,"JPM,100624,100"
2019-06-28 13:30:10.000000000,BEST_BID,"JPM,100402,571"
2019-06-28 13:30:10.000000000,BEST_ASK,"JPM,100624,471"
2019-06-28 13:30:11.656314523,QUERY_SPREAD,30
2019-06-28 13:30:11.656314523,BEST_BID,"JPM,100402,571"
2019-06-28 13:30:11.656314523,BEST_ASK,"JPM,100552,100"
2019-06-28 13:30:15.914872210,QUERY_ORDER_STREAM,59
2019-06-28 13:30:15.914872210,QUERY_SPREAD,59
2019-06-28 13:30:15.914872210,BEST_BID,"JPM,100402,571"
2019-06-28 13:30:15.914872210,BEST_ASK,"JPM,100624,471"
2019-06-28 13:30:15.914872210,LAST_TRADE,"100,$100552.0000"
2019-06-28 13:30:20.000000000,QUERY_SPREAD,1
2019-06-28 13:30:20.000000000,BEST_BID,"JPM,100402,571"
2019-06-28 13:30:20.000000000,BEST_ASK,"JPM,100624,100"
2019-06-28 13:30:20.000000000,BEST_BID,"JPM,100402,571"
2019-06-28 13:30:20.000000000,BEST_ASK,"JPM,100624,471"
2019-06-28 13:30:30.000000000,QUERY_SPREAD,1
2019-06-28 13:30:30.000000000,BEST_BID,"JPM,100402,293"
2019-06-28 13:30:30.000000000,BEST_ASK,"JPM,100624,100"
2019-06-28 13:30:30.000000000,BEST_BID,"JPM,100402,293"
2019-06-28 13:30:30.000000000,BEST_ASK,"JPM,100624,100"
2019-06-28 13:30:30.000000000,BEST_BID,"JPM,100402,293"
2019-06-28 13:30:30.000000000,BEST_ASK,"JPM,100624,100"
2019-06-28 13:30:30.000000000,BEST_BID,"JPM,100402,293"
2019-06-28 13:30:30.000000000,BEST_ASK,"JPM,100624,100"
2019-06-28 13:30:30.000000000,BEST_BID,"JPM,100402,293"
2019-06-28 13:30:30.000000000,BEST_ASK,"JPM,100624,193"
2019-06-28 13:30:30.000000000,BEST_BID,"JPM,100402,293"
2019-06-28 13:30:30.000000000,BEST_ASK,"JPM,100624,193"
2019-06-28 13:30:30.000000000,BEST_BID,"JPM,100402,293"
2019-06-28 13:30:30.000000000,BEST_ASK,"JPM,100624,193"
2019-06-28 13:30:30.000000000,BEST_BID,"JPM,100402,293"
2019-06-28 13:30:30.000000000,BEST_ASK,"JPM,100624,193"
2019-06-28 13:30:40.000000000,QUERY_SPREAD,1
2019-06-28 13:30:40.000000000,BEST_BID,"JPM,100402,571"
2019-06-28 13:30:40.000000000,BEST_ASK,"JPM,100624,100"
2019-06-28 13:30:40.000000000,BEST_BID,"JPM,100402,571"
2019-06-28 13:30:40.000000000,BEST_ASK,"JPM,100624,471"
2019-06-28 13:30:50.000000000,QUERY_SPREAD,1
2019-06-28 13:30:50.000000000,BEST_BID,"JPM,100402,293"
2019-06-28 13:30:50.000000000,BEST_ASK,"JPM,100624,100"
2019-06-28 13:30:50.000000000,BEST_BID,"JPM,100402,293"
2019-06-28 13:30:50.000000000,BEST_ASK,"JPM,100624,100"
2019-06-28 13:30:50.000000000,BEST_BID,"JPM,100402,293"
2019-06-28 13:30:50.000000000,BEST_ASK,"JPM,100624,100"
2019-06-28 13:30:50.000000000,BEST_BID,"JPM,100402,293"
2019-06-28 13:30:50.000000000,BEST_ASK,"JPM,100624,100"
2019-06-28 13:30:50.000000000,BEST_BID,"JPM,100402,293"
2019-06-28 13:30:50.000000000,BEST_ASK,"JPM,100624,193"
2019-06-28 13:30:50.000000000,BEST_BID,"JPM,100402,293"
2019-06-28 13:30:50.000000000,BEST_ASK,"JPM,100624,193"
2019-06-28 13:30:50.000000000,BEST_BID,"JPM,100402,293"
2019-06-28 13:30:50.000000000,BEST_ASK,"JPM,100624,193"
2019-06-28 13:30:50.000000000,BEST_BID,"JPM,100402,293"
2019-06-28 13:30:50.000000000,BEST_ASK,"JPM,100624,193"
2019-06-28 13:30:50.114510575,QUERY_SPREAD,7
2019-06-28 13:30:50.114510575,BEST_BID,"JPM,100402,293"
2019-06-28 13:30:50.114510575,BEST_ASK,"JPM,100624,193"
2019-06-28 13:31:00.000000000,QUERY_SPREAD,1
2019-06-28 13:31:00.000000000,BEST_BID,"JPM,100402,293"
2019-06-28 13:31:00.000000000,BEST_ASK,"JPM,100624,100"
2019-06-28 13:31:00.000000000,BEST_BID,"JPM,100402,293"
2019-06-28 13:31:00.000000000,BEST_ASK,"JPM,100624,100"
2019-06-28 13:31:00.000000000,BEST_BID,"JPM,100402,293"
2019-06-28 13:31:00.000000000,BEST_ASK,"JPM,100624,100"
2019-06-28 13:31:00.000000000,BEST_BID,"JPM,100402,293"
2019-06-28 13:31:00.000000000,BEST_ASK,"JPM,100624,100"
2019-06-28 13:31:00.000000000,BEST_BID,"JPM,100402,293"
2019-06-28 13:31:00.000000000,BEST_ASK,"JPM,100624,193"
2019-06-28 13:31:00.000000000,BEST_BID,"JPM,100402,293"
2019-06-28 13:31:00.000000000,BEST_ASK,"JPM,100624,193"
2019-06-28 13:31:00.000000000,BEST_BID,"JPM,100402,293"
2019-06-28 13:31:00.000000000,BEST_ASK,"JPM,100624,193"
2019-06-28 13:31:00.000000000,BEST_BID,"JPM,100402,293"
2019-06-28 13:31:00.000000000,BEST_ASK,"JPM,100624,193"
2019-06-28 13:31:00.000000000,QUERY_SPREAD,77
2019-06-28 13:31:00.000000000,BEST_BID,"JPM,100402,293"
2019-06-28 13:31:00.000000000,BEST_ASK,"JPM,100624,188"
2019-06-28 13:31:00.000000000,LAST_TRADE,"5,$100624.0000"
2019-06-28 13:31:00.000000000,QUERY_SPREAD,78
2019-06-28 13:31:00.000000000,BEST_BID,"JPM,100402,293"
2019-06-28 13:31:00.000000000,BEST_ASK,"JPM,100624,180"
2019-06-28 13:31:00.000000000,LAST_TRADE,"8,$100624.0000"
2019-06-28 13:31:00.000000000,QUERY_SPREAD,79
2019-06-28 13:31:00.000000000,BEST_BID,"JPM,100402,293"
2019-06-28 13:31:00.000000000,BEST_ASK,"JPM,100624,175"
2019-06-28 13:31:00.000000000,LAST_TRADE,"5,$100624.0000"
2019-06-28 13:31:00.000000000,QUERY_SPREAD,80
2019-06-28 13:31:00.000000000,BEST_BID,"JPM,100402,293"
2019-06-28 13:31:00.000000000,BEST_ASK,"JPM,100624,167"
2019-06-28 13:31:00.000000000,LAST_TRADE,"8,$100624.0000"
2019-06-28 13:31:00.000000000,QUERY_SPREAD,81
2019-06-28 13:31:00.000000000,BEST_BID,"JPM,100402,293"
2019-06-28 13:31:00.000000000,BEST_ASK,"JPM,100624,158"
2019-06-28 13:31:00.000000000,LAST_TRADE,"9,$100624.0000"
2019-06-28 13:31:00.000000000,QUERY_SPREAD,82
2019-06-28 13:31:00.000000000,BEST_BID,"JPM,100402,293"
2019-06-28 13:31:00.000000000,BEST_ASK,"JPM,100624,155"
2019-06-28 13:31:00.000000000,LAST_TRADE,"3,$100624.0000"
2019-06-28 13:31:00.000000000,QUERY_SPREAD,83
2019-06-28 13:31:00.000000000,BEST_BID,"JPM,100402,293"
2019-06-28 13:31:00.000000000,BEST_ASK,"JPM,100624,147"
2019-06-28 13:31:00.000000000,LAST_TRADE,"8,$100624.0000"
2019-06-28 13:31:00.000000000,QUERY_SPREAD,84
2019-06-28 13:31:00.000000000,BEST_BID,"JPM,100402,293"
2019-06-28 13:31:00.000000000,BEST_ASK,"JPM,100624,143"
2019-06-28 13:31:00.000000000,LAST_TRADE,"4,$100624.0000"
2019-06-28 13:31:00.000000000,QUERY_SPREAD,85
2019-06-28 13:31:00.000000000,BEST_BID,"JPM,100402,293"
2019-06-28 13:31:00.000000000,BEST_ASK,"JPM,100624,138"
2019-06-28 13:31:00.000000000,LAST_TRADE,"5,$100624.0000"
2019-06-28 13:31:00.000000000,QUERY_SPREAD,86
2019-06-28 13:31:00.000000000,BEST_BID,"JPM,100402,293"
2019-06-28 13:31:00.000000000,BEST_ASK,"JPM,100624,136"
2019-06-28 13:31:00.000000000,LAST_TRADE,"2,$100624.0000"
2019-06-28 13:31:00.000000000,QUERY_SPREAD,87
2019-06-28 13:31:00.000000000,BEST_BID,"JPM,100402,293"
2019-06-28 13:31:00.000000000,BEST_ASK,"JPM,100624,129"
2019-06-28 13:31:00.000000000,LAST_TRADE,"7,$100624.0000"
2019-06-28 13:31:00.000000000,QUERY_SPREAD,88
2019-06-28 13:31:00.000000000,BEST_BID,"JPM,100402,293"
2019-06-28 13:31:00.000000000,BEST_ASK,"JPM,100624,121"
2019-06-28 13:31:00.000000000,LAST_TRADE,"8,$100624.0000"
2019-06-28 13:31:00.000000000,QUERY_SPREAD,89
2019-06-28 13:31:00.000000000,BEST_BID,"JPM,100402,293"
2019-06-28 13:31:00.000000000,BEST_ASK,"JPM,100624,116"
2019-06-28 13:31:00.000000000,LAST_TRADE,"5,$100624.0000"
2019-06-28 13:31:00.000000000,QUERY_SPREAD,90
2019-06-28 13:31:00.000000000,BEST_BID,"JPM,100402,293"
2019-06-28 13:31:00.000000000,BEST_ASK,"JPM,100624,112"
2019-06-28 13:31:00.000000000,LAST_TRADE,"4,$100624.0000"
2019-06-28 13:31:00.000000000,QUERY_SPREAD,91
2019-06-28 13:31:00.000000000,BEST_BID,"JPM,100402,293"
2019-06-28 13:31:00.000000000,BEST_ASK,"JPM,100624,109"
2019-06-28 13:31:00.000000000,LAST_TRADE,"3,$100624.0000"
2019-06-28 13:31:00.000000000,QUERY_SPREAD,92
2019-06-28 13:31:00.000000000,BEST_BID,"JPM,100402,293"
2019-06-28 13:31:00.000000000,BEST_ASK,"JPM,100624,104"
2019-06-28 13:31:00.000000000,LAST_TRADE,"5,$100624.0000"
2019-06-28 13:31:00.000000000,QUERY_SPREAD,93
2019-06-28 13:31:00.000000000,BEST_BID,"JPM,100402,293"
2019-06-28 13:31:00.000000000,BEST_ASK,"JPM,100624,97"
2019-06-28 13:31:00.000000000,LAST_TRADE,"7,$100624.0000"
2019-06-28 13:31:00.000000000,QUERY_SPREAD,94
2019-06-28 13:31:00.000000000,BEST_BID,"JPM,100402,293"
2019-06-28 13:31:00.000000000,BEST_ASK,"JPM,100624,96"
2019-06-28 13:31:00.000000000,LAST_TRADE,"1,$100624.0000"
2019-06-28 13:31:00.000000000,QUERY_SPREAD,95
2019-06-28 13:31:00.000000000,BEST_BID,"JPM,100402,293"
2019-06-28 13:31:00.000000000,BEST_ASK,"JPM,100624,95"
2019-06-28 13:31:00.000000000,LAST_TRADE,"1,$100624.0000"
2019-06-28 13:31:00.000000000,QUERY_SPREAD,96
2019-06-28 13:31:00.000000000,BEST_BID,"JPM,100402,293"
2019-06-28 13:31:00.000000000,BEST_ASK,"JPM,100624,91"
2019-06-28 13:31:00.000000000,LAST_TRADE,"4,$100624.0000"
2019-06-28 13:31:00.000000000,QUERY_SPREAD,97
2019-06-28 13:31:00.000000000,BEST_BID,"JPM,100402,293"
2019-06-28 13:31:00.000000000,BEST_ASK,"JPM,100624,88"
2019-06-28 13:31:00.000000000,LAST_TRADE,"3,$100624.0000"
2019-06-28 13:31:00.000000000,QUERY_SPREAD,98
2019-06-28 13:31:00.000000000,BEST_BID,"JPM,100402,293"
2019-06-28 13:31:00.000000000,BEST_ASK,"JPM,100624,83"
2019-06-28 13:31:00.000000000,LAST_TRADE,"5,$100624.0000"
2019-06-28 13:31:00.000000000,QUERY_SPREAD,99
2019-06-28 13:31:00.000000000,BEST_BID,"JPM,100402,293"
2019-06-28 13:31:00.000000000,BEST_ASK,"JPM,100624,79"
2019-06-28 13:31:00.000000000,LAST_TRADE,"4,$100624.0000"
2019-06-28 13:31:00.000000000,QUERY_SPREAD,100
2019-06-28 13:31:00.000000000,BEST_BID,"JPM,100402,293"
2019-06-28 13:31:00.000000000,BEST_ASK,"JPM,100624,74"
2019-06-28 13:31:00.000000000,LAST_TRADE,"5,$100624.0000"
2019-06-28 13:31:00.000000000,QUERY_SPREAD,101
2019-06-28 13:31:00.000000000,BEST_BID,"JPM,100402,292"
2019-06-28 13:31:00.000000000,BEST_ASK,"JPM,100624,74"
2019-06-28 13:31:00.000000000,LAST_TRADE,"1,$100402.0000"
2019-06-28 13:31:10.000000000,QUERY_SPREAD,1
2019-06-28 13:31:10.000000000,BEST_BID,"JPM,100402,292"
2019-06-28 13:31:10.000000000,BEST_ASK,"JPM,100644,100"
2019-06-28 13:31:10.000000000,BEST_BID,"JPM,100402,292"
2019-06-28 13:31:10.000000000,BEST_ASK,"JPM,100644,100"
2019-06-28 13:31:10.000000000,BEST_BID,"JPM,100402,292"
2019-06-28 13:31:10.000000000,BEST_ASK,"JPM,100644,100"
2019-06-28 13:31:10.000000000,BEST_BID,"JPM,100402,292"
2019-06-28 13:31:10.000000000,BEST_ASK,"JPM,100644,100"
2019-06-28 13:31:10.000000000,BEST_BID,"JPM,100402,292"
2019-06-28 13:31:10.000000000,BEST_ASK,"JPM,100644,193"
2019-06-28 13:31:10.000000000,BEST_BID,"JPM,100402,292"
2019-06-28 13:31:10.000000000,BEST_ASK,"JPM,100644,193"
2019-06-28 13:31:10.000000000,BEST_BID,"JPM,100402,292"
2019-06-28 13:31:10.000000000,BEST_ASK,"JPM,100644,193"
2019-06-28 13:31:10.000000000,BEST_BID,"JPM,100402,292"
2019-06-28 13:31:10.000000000,BEST_ASK,"JPM,100644,193"
2019-06-28 13:31:19.281540995,QUERY_ORDER_STREAM,66
2019-06-28 13:31:19.281540995,QUERY_SPREAD,66
2019-06-28 13:31:19.281540995,BEST_BID,"JPM,100402,392"
2019-06-28 13:31:19.281540995,BEST_ASK,"JPM,100644,193"
2019-06-28 13:31:20.000000000,QUERY_SPREAD,1
2019-06-28 13:31:20.000000000,BEST_BID,"JPM,100402,670"
2019-06-28 13:31:20.000000000,BEST_ASK,"JPM,100644,100"
2019-06-28 13:31:20.000000000,BEST_BID,"JPM,100402,670"
2019-06-28 13:31:20.000000000,BEST_ASK,"JPM,100644,471"
2019-06-28 13:31:25.938994338,QUERY_ORDER_STREAM,60
2019-06-28 13:31:25.938994338,QUERY_SPREAD,60
2019-06-28 13:31:25.938994338,BEST_BID,"JPM,100402,770"
2019-06-28 13:31:25.938994338,BEST_ASK,"JPM,100644,471"
2019-06-28 13:31:29.043105882,QUERY_SPREAD,12
2019-06-28 13:31:29.043105882,BEST_BID,"JPM,100402,770"
2019-06-28 13:31:29.043105882,BEST_ASK,"JPM,100644,471"
2019-06-28 13:31:30.000000000,QUERY_SPREAD,1
2019-06-28 13:31:30.000000000,BEST_BID,"JPM,100402,492"
2019-06-28 13:31:30.000000000,BEST_ASK,"JPM,100644,100"
2019-06-28 13:31:30.000000000,BEST_BID,"JPM,100402,492"
2019-06-28 13:31:30.000000000,BEST_ASK,"JPM,100644,100"
2019-06-28 13:31:30.000000000,BEST_BID,"JPM,100402,492"
2019-06-28 13:31:30.000000000,BEST_ASK,"JPM,100644,100"
2019-06-28 13:31:30.000000000,BEST_BID,"JPM,100402,492"
2019-06-28 13:31:30.000000000,BEST_ASK,"JPM,100644,100"
2019-06-28 13:31:30.000000000,BEST_BID,"JPM,100402,492"
2019-06-28 13:31:30.000000000,BEST_ASK,"JPM,100644,193"
2019-06-28 13:31:30.000000000,BEST_BID,"JPM,100402,492"
2019-06-28 13:31:30.000000000,BEST_ASK,"JPM,100644,193"
2019-06-28 13:31:30.000000000,BEST_BID,"JPM,100402,492"
2019-06-28 13:31:30.000000000,BEST_ASK,"JPM,100644,193"
2019-06-28 13:31:30.000000000,BEST_BID,"JPM,100402,492"
2019-06-28 13:31:30.000000000,BEST_ASK,"JPM,100644,193"
2019-06-28 13:31:40.000000000,QUERY_SPREAD,1
2019-06-28 13:31:40.000000000,BEST_BID,"JPM,100402,525"
2019-06-28 13:31:40.000000000,BEST_ASK,"JPM,100644,100"
2019-06-28 13:31:40.000000000,BEST_BID,"JPM,100402,525"
2019-06-28 13:31:40.000000000,BEST_ASK,"JPM,100644,100"
2019-06-28 13:31:40.000000000,BEST_BID,"JPM,100402,525"
2019-06-28 13:31:40.000000000,BEST_ASK,"JPM,100644,100"
2019-06-28 13:31:40.000000000,BEST_BID,"JPM,100402,525"
2019-06-28 13:31:40.000000000,BEST_ASK,"JPM,100644,226"
2019-06-28 13:31:40.000000000,BEST_BID,"JPM,100402,525"
2019-06-28 13:31:40.000000000,BEST_ASK,"JPM,100644,226"
2019-06-28 13:31:40.000000000,BEST_BID,"JPM,100402,525"
2019-06-28 13:31:40.000000000,BEST_ASK,"JPM,100644,226"
2019-06-28 13:31:48.744365227,QUERY_SPREAD,39
2019-06-28 13:31:48.744365227,BEST_BID,"JPM,100477,100"
2019-06-28 13:31:48.744365227,BEST_ASK,"JPM,100644,226"
2019-06-28 13:31:50.000000000,QUERY_SPREAD,1
2019-06-28 13:31:50.000000000,BEST_BID,"JPM,100477,193"
2019-06-28 13:31:50.000000000,BEST_ASK,"JPM,100644,100"
2019-06-28 13:31:50.000000000,BEST_BID,"JPM,100477,193"
2019-06-28 13:31:50.000000000,BEST_ASK,"JPM,100644,100"
2019-06-28 13:31:50.000000000,BEST_BID,"JPM,100477,193"
2019-06-28 13:31:50.000000000,BEST_ASK,"JPM,100644,100"
2019-06-28 13:31:50.000000000,BEST_BID,"JPM,100477,193"
2019-06-28 13:31:50.000000000,BEST_ASK,"JPM,100644,100"
2019-06-28 13:31:50.000000000,BEST_BID,"JPM,100477,193"
2019-06-28 13:31:50.000000000,BEST_ASK,"JPM,100644,193"
2019-06-28 13:31:50.000000000,BEST_BID,"JPM,100477,193"
2019-06-28 13:31:50.000000000,BEST_ASK,"JPM,100644,193"
2019-06-28 13:31:50.000000000,BEST_BID,"JPM,100477,193"
2019-06-28 13:31:50.000000000,BEST_ASK,"JPM,100644,193"
2019-06-28 13:31:50.000000000,BEST_BID,"JPM,100477,193"
2019-06-28 13:31:50.000000000,BEST_ASK,"JPM,100644,193"
2019-06-28 13:31:56.346877363,QUERY_SPREAD,16
2019-06-28 13:31:56.346877363,BEST_BID,"JPM,100477,193"
2019-06-28 13:31:56.346877363,BEST_ASK,"JPM,100490,100"
2019-06-28 13:32:00.000000000,QUERY_SPREAD,1
2019-06-28 13:32:00.000000000,BEST_BID,"JPM,100477,286"
2019-06-28 13:32:00.000000000,BEST_ASK,"JPM,100490,100"
2019-06-28 13:32:00.000000000,BEST_BID,"JPM,100477,286"
2019-06-28 13:32:00.000000000,BEST_ASK,"JPM,100490,100"
2019-06-28 13:32:00.000000000,BEST_BID,"JPM,100477,286"
2019-06-28 13:32:00.000000000,BEST_ASK,"JPM,100490,286"
2019-06-28 13:32:00.000000000,BEST_BID,"JPM,100477,286"
2019-06-28 13:32:00.000000000,BEST_ASK,"JPM,100490,286"
2019-06-28 13:32:00.000000000,QUERY_SPREAD,77
2019-06-28 13:32:00.000000000,BEST_BID,"JPM,100477,286"
2019-06-28 13:32:00.000000000,BEST_ASK,"JPM,100490,281"
2019-06-28 13:32:00.000000000,LAST_TRADE,"5,$100490.0000"
2019-06-28 13:32:00.000000000,QUERY_SPREAD,78
2019-06-28 13:32:00.000000000,BEST_BID,"JPM,100477,286"
2019-06-28 13:32:00.000000000,BEST_ASK,"JPM,100490,273"
2019-06-28 13:32:00.000000000,LAST_TRADE,"8,$100490.0000"
2019-06-28 13:32:00.000000000,QUERY_SPREAD,79
2019-06-28 13:32:00.000000000,BEST_BID,"JPM,100477,286"
2019-06-28 13:32:00.000000000,BEST_ASK,"JPM,100490,268"
2019-06-28 13:32:00.000000000,LAST_TRADE,"5,$100490.0000"
2019-06-28 13:32:00.000000000,QUERY_SPREAD,80
2019-06-28 13:32:00.000000000,BEST_BID,"JPM,100477,286"
2019-06-28 13:32:00.000000000,BEST_ASK,"JPM,100490,260"
2019-06-28 13:32:00.000000000,LAST_TRADE,"8,$100490.0000"
2019-06-28 13:32:00.000000000,QUERY_SPREAD,81
2019-06-28 13:32:00.000000000,BEST_BID,"JPM,100477,286"
2019-06-28 13:32:00.000000000,BEST_ASK,"JPM,100490,251"
2019-06-28 13:32:00.000000000,LAST_TRADE,"9,$100490.0000"
2019-06-28 13:32:00.000000000,QUERY_SPREAD,82
2019-06-28 13:32:00.000000000,BEST_BID,"JPM,100477,286"
2019-06-28 13:32:00.000000000,BEST_ASK,"JPM,100490,248"
2019-06-28 13:32:00.000000000,LAST_TRADE,"3,$100490.0000"
2019-06-28 13:32:00.000000000,QUERY_SPREAD,83
2019-06-28 13:32:00.000000000,BEST_BID,"JPM,100477,286"
2019-06-28 13:32:00.000000000,BEST_ASK,"JPM,100490,240"
2019-06-28 13:32:00.000000000,LAST_TRADE,"8,$100490.0000"
2019-06-28 13:32:00.000000000,QUERY_SPREAD,84
2019-06-28 13:32:00.000000000,BEST_BID,"JPM,100477,286"
2019-06-28 13:32:00.000000000,BEST_ASK,"JPM,100490,236"
2019-06-28 13:32:00.000000000,LAST_TRADE,"4,$100490.0000"
2019-06-28 13:32:00.000000000,QUERY_SPREAD,85
2019-06-28 13:32:00.000000000,BEST_BID,"JPM,100477,286"
2019-06-28 13:32:00.000000000,BEST_ASK,"JPM,100490,231"
2019-06-28 13:32:00.000000000,LAST_TRADE,"5,$100490.0000"
2019-06-28 13:32:00.000000000,QUERY_SPREAD,86
2019-06-28 13:32:00.000000000,BEST_BID,"JPM,100477,286"
2019-06-28 13:32:00.000000000,BEST_ASK,"JPM,100490,229"
2019-06-28 13:32:00.000000000,LAST_TRADE,"2,$100490.0000"
2019-06-28 13:32:00.000000000,QUERY_SPREAD,87
2019-06-28 13:32:00.000000000,BEST_BID,"JPM,100477,286"
2019-06-28 13:32:00.000000000,BEST_ASK,"JPM,100490,222"
2019-06-28 13:32:00.000000000,LAST_TRADE,"7,$100490.0000"
2019-06-28 13:32:00.000000000,QUERY_SPREAD,88
2019-06-28 13:32:00.000000000,BEST_BID,"JPM,100477,286"
2019-06-28 13:32:00.000000000,BEST_ASK,"JPM,100490,214"
2019-06-28 13:32:00.000000000,LAST_TRADE,"8,$100490.0000"
2019-06-28 13:32:00.000000000,QUERY_SPREAD,89
2019-06-28 13:32:00.000000000,BEST_BID,"JPM,100477,286"
2019-06-28 13:32:00.000000000,BEST_ASK,"JPM,100490,209"
2019-06-28 13:32:00.000000000,LAST_TRADE,"5,$100490.0000"
2019-06-28 13:32:00.000000000,QUERY_SPREAD,90
2019-06-28 13:32:00.000000000,BEST_BID,"JPM,100477,286"
2019-06-28 13:32:00.000000000,BEST_ASK,"JPM,100490,205"
2019-06-28 13:32:00.000000000,LAST_TRADE,"4,$100490.0000"
2019-06-28 13:32:00.000000000,QUERY_SPREAD,91
2019-06-28 13:32:00.000000000,BEST_BID,"JPM,100477,286"
2019-06-28 13:32:00.000000000,BEST_ASK,"JPM,100490,202"
2019-06-28 13:32:00.000000000,LAST_TRADE,"3,$100490.0000"
2019-06-28 13:32:00.000000000,QUERY_SPREAD,92
2019-06-28 13:32:00.000000000,BEST_BID,"JPM,100477,286"
2019-06-28 13:32:00.000000000,BEST_ASK,"JPM,100490,197"
2019-06-28 13:32:00.000000000,LAST_TRADE,"5,$100490.0000"
2019-06-28 13:32:00.000000000,QUERY_SPREAD,93
2019-06-28 13:32:00.000000000,BEST_BID,"JPM,100477,286"
2019-06-28 13:32:00.000000000,BEST_ASK,"JPM,100490,190"
2019-06-28 13:32:00.000000000,LAST_TRADE,"7,$100490.0000"
2019-06-28 13:32:00.000000000,QUERY_SPREAD,94
2019-06-28 13:32:00.000000000,BEST_BID,"JPM,100477,286"
2019-06-28 13:32:00.000000000,BEST_ASK,"JPM,100490,189"
2019-06-28 13:32:00.000000000,LAST_TRADE,"1,$100490.0000"
2019-06-28 13:32:00.000000000,QUERY_SPREAD,95
2019-06-28 13:32:00.000000000,BEST_BID,"JPM,100477,286"
2019-06-28 13:32:00.000000000,BEST_ASK,"JPM,100490,188"
2019-06-28 13:32:00.000000000,LAST_TRADE,"1,$100490.0000"
2019-06-28 13:32:00.000000000,QUERY_SPREAD,96
2019-06-28 13:32:00.000000000,BEST_BID,"JPM,100477,286"
2019-06-28 13:32:00.000000000,BEST_ASK,"JPM,100490,184"
2019-06-28 13:32:00.000000000,LAST_TRADE,"4,$100490.0000"
2019-06-28 13:32:00.000000000,QUERY_SPREAD,97
2019-06-28 13:32:00.000000000,BEST_BID,"JPM,100477,286"
2019-06-28 13:32:00.000000000,BEST_ASK,"JPM,100490,181"
2019-06-28 13:32:00.000000000,LAST_TRADE,"3,$100490.0000"
2019-06-28 13:32:00.000000000,QUERY_SPREAD,98
2019-06-28 13:32:00.000000000,BEST_BID,"JPM,100477,286"
2019-06-28 13:32:00.000000000,BEST_ASK,"JPM,100490,176"
2019-06-28 13:32:00.000000000,LAST_TRADE,"5,$100490.0000"
2019-06-28 13:32:00.000000000,QUERY_SPREAD,99
2019-06-28 13:32:00.000000000,BEST_BID,"JPM,100477,286"
2019-06-28 13:32:00.000000000,BEST_ASK,"JPM,100490,172"
2019-06-28 13:32:00.000000000,LAST_TRADE,"4,$100490.0000"
2019-06-28 13:32:00.000000000,QUERY_SPREAD,100
2019-06-28 13:32:00.000000000,BEST_BID,"JPM,100477,286"
2019-06-28 13:32:00.000000000,BEST_ASK,"JPM,100490,167"
2019-06-28 13:32:00.000000000,LAST_TRADE,"5,$100490.0000"
2019-06-28 13:32:00.000000000,QUERY_SPREAD,101
2019-06-28 13:32:00.000000000,BEST_BID,"JPM,100477,285"
2019-06-28 13:32:00.000000000,BEST_ASK,"JPM,100490,167"
2019-06-28 13:32:00.000000000,LAST_TRADE,"1,$100477.0000"
2019-06-28 13:32:10.000000000,QUERY_SPREAD,1
2019-06-28 13:32:10.000000000,BEST_BID,"JPM,100477,192"
2019-06-28 13:32:10.000000000,BEST_ASK,"JPM,100644,100"
2019-06-28 13:32:10.000000000,BEST_BID,"JPM,100477,192"
2019-06-28 13:32:10.000000000,BEST_ASK,"JPM,100644,100"
2019-06-28 13:32:10.000000000,BEST_BID,"JPM,100477,192"
2019-06-28 13:32:10.000000000,BEST_ASK,"JPM,100644,100"
2019-06-28 13:32:10.000000000,BEST_BID,"JPM,100477,192"
2019-06-28 13:32:10.000000000,BEST_ASK,"JPM,100644,100"
2019-06-28 13:32:10.000000000,BEST_BID,"JPM,100477,192"
2019-06-28 13:32:10.000000000,BEST_ASK,"JPM,100644,193"
2019-06-28 13:32:10.000000000,BEST_BID,"JPM,100477,192"
2019-06-28 13:32:10.000000000,BEST_ASK,"JPM,100644,193"
2019-06-28 13:32:10.000000000,BEST_BID,"JPM,100477,192"
2019-06-28 13:32:10.000000000,BEST_ASK,"JPM,100644,193"
2019-06-28 13:32:10.000000000,BEST_BID,"JPM,100477,192"
2019-06-28 13:32:10.000000000,BEST_ASK,"JPM,100644,193"
2019-06-28 13:32:20.000000000,QUERY_SPREAD,1
2019-06-28 13:32:20.000000000,BEST_BID,"JPM,100477,285"
2019-06-28 13:32:20.000000000,BEST_ASK,"JPM,100644,100"
2019-06-28 13:32:20.000000000,BEST_BID,"JPM,100477,285"
2019-06-28 13:32:20.000000000,BEST_ASK,"JPM,100644,100"
2019-06-28 13:32:20.000000000,BEST_BID,"JPM,100477,285"
2019-06-28 13:32:20.000000000,BEST_ASK,"JPM,100644,286"
2019-06-28 13:32:20.000000000,BEST_BID,"JPM,100477,285"
2019-06-28 13:32:20.000000000,BEST_ASK,"JPM,100644,286"
2019-06-28 13:32:28.266732424,QUERY_ORDER_STREAM,57
2019-06-28 13:32:28.266732424,QUERY_SPREAD,57
2019-06-28 13:32:28.266732424,BEST_BID,"JPM,100477,385"
2019-06-28 13:32:28.266732424,BEST_ASK,"JPM,100644,286"
2019-06-28 13:32:30.000000000,QUERY_SPREAD,1
2019-06-28 13:32:30.000000000,BEST_BID,"JPM,100477,273"
2019-06-28 13:32:30.000000000,BEST_ASK,"JPM,100644,100"
2019-06-28 13:32:30.000000000,BEST_BID,"JPM,100477,273"
2019-06-28 13:32:30.000000000,BEST_ASK,"JPM,100644,100"
2019-06-28 13:32:30.000000000,BEST_BID,"JPM,100477,273"
2019-06-28 13:32:30.000000000,BEST_ASK,"JPM,100644,100"
2019-06-28 13:32:30.000000000,BEST_BID,"JPM,100477,273"
2019-06-28 13:32:30.000000000,BEST_ASK,"JPM,100644,100"
2019-06-28 13:32:30.000000000,BEST_BID,"JPM,100477,273"
2019-06-28 13:32:30.000000000,BEST_ASK,"JPM,100644,100"
2019-06-28 13:32:30.000000000,BEST_BID,"JPM,100477,273"
2019-06-28 13:32:30.000000000,BEST_ASK,"JPM,100644,174"
2019-06-28 13:32:30.000000000,BEST_BID,"JPM,100477,273"
2019-06-28 13:32:30.000000000,BEST_ASK,"JPM,100644,174"
2019-06-28 13:32:30.000000000,BEST_BID,"JPM,100477,273"
2019-06-28 13:32:30.000000000,BEST_ASK,"JPM,100644,174"
2019-06-28 13:32:30.000000000,BEST_BID,"JPM,100477,273"
2019-06-28 13:32:30.000000000,BEST_ASK,"JPM,100644,174"
2019-06-28 13:32:30.000000000,BEST_BID,"JPM,100477,273"
2019-06-28 13:32:30.000000000,BEST_ASK,"JPM,100644,174"
2019-06-28 13:32:35.316658087,QUERY_SPREAD,42
2019-06-28 13:32:35.316658087,BEST_BID,"JPM,100477,273"
2019-06-28 13:32:35.316658087,BEST_ASK,"JPM,100636,100"
2019-06-28 13:32:40.000000000,QUERY_SPREAD,1
2019-06-28 13:32:40.000000000,BEST_BID,"JPM,100477,273"
2019-06-28 13:32:40.000000000,BEST_ASK,"JPM,100636,100"
2019-06-28 13:32:40.000000000,BEST_BID,"JPM,100477,273"
2019-06-28 13:32:40.000000000,BEST_ASK,"JPM,100636,100"
2019-06-28 13:32:40.000000000,BEST_BID,"JPM,100477,273"
2019-06-28 13:32:40.000000000,BEST_ASK,"JPM,100636,100"
2019-06-28 13:32:40.000000000,BEST_BID,"JPM,100477,273"
2019-06-28 13:32:40.000000000,BEST_ASK,"JPM,100636,100"
2019-06-28 13:32:40.000000000,BEST_BID,"JPM,100477,273"
2019-06-28 13:32:40.000000000,BEST_ASK,"JPM,100636,100"
2019-06-28 13:32:40.000000000,BEST_BID,"JPM,100477,273"
2019-06-28 13:32:40.000000000,BEST_ASK,"JPM,100636,174"
2019-06-28 13:32:40.000000000,BEST_BID,"JPM,100477,273"
2019-06-28 13:32:40.000000000,BEST_ASK,"JPM,100636,174"
2019-06-28 13:32:40.000000000,BEST_BID,"JPM,100477,273"
2019-06-28 13:32:40.000000000,BEST_ASK,"JPM,100636,174"
2019-06-28 13:32:40.000000000,BEST_BID,"JPM,100477,273"
2019-06-28 13:32:40.000000000,BEST_ASK,"JPM,100636,174"
2019-06-28 13:32:40.000000000,BEST_BID,"JPM,100477,273"
2019-06-28 13:32:40.000000000,BEST_ASK,"JPM,100636,174"
2019-06-28 13:32:41.276812496,QUERY_ORDER_STREAM,71
2019-06-28 13:32:41.276812496,QUERY_SPREAD,71
2019-06-28 13:32:41.276812496,BEST_BID,"JPM,100477,373"
2019-06-28 13:32:41.276812496,BEST_ASK,"JPM,100636,174"
2019-06-28 13:32:47.680651856,QUERY_SPREAD,31
2019-06-28 13:32:47.680651856,BEST_BID,"JPM,100492,100"
2019-06-28 13:32:47.680651856,BEST_ASK,"JPM,100636,174"
2019-06-28 13:32:50.000000000,QUERY_SPREAD,1
2019-06-28 13:32:50.000000000,BEST_BID,"JPM,100492,193"
2019-06-28 13:32:50.000000000,BEST_ASK,"JPM,100636,100"
2019-06-28 13:32:50.000000000,BEST_BID,"JPM,100492,193"
2019-06-28 13:32:50.000000000,BEST_ASK,"JPM,100636,100"
2019-06-28 13:32:50.000000000,BEST_BID,"JPM,100492,193"
2019-06-28 13:32:50.000000000,BEST_ASK,"JPM,100636,100"
2019-06-28 13:32:50.000000000,BEST_BID,"JPM,100492,193"
2019-06-28 13:32:50.000000000,BEST_ASK,"JPM,100636,100"
2019-06-28 13:32:50.000000000,BEST_BID,"JPM,100492,193"
2019-06-28 13:32:50.000000000,BEST_ASK,"JPM,100636,193"
2019-06-28 13:32:50.000000000,BEST_BID,"JPM,100492,193"
2019-06-28 13:32:50.000000000,BEST_ASK,"JPM,100636,193"
2019-06-28 13:32:50.000000000,BEST_BID,"JPM,100492,193"
2019-06-28 13:32:50.000000000,BEST_ASK,"JPM,100636,193"
2019-06-28 13:32:50.000000000,BEST_BID,"JPM,100492,193"
2019-06-28 13:32:50.000000000,BEST_ASK,"JPM,100636,193"
2019-06-28 13:32:50.581930717,QUERY_ORDER_STREAM,68
2019-06-28 13:32:50.581930717,QUERY_SPREAD,68
2019-06-28 13:32:50.581930717,BEST_BID,"JPM,100492,93"
2019-06-28 13:32:50.581930717,BEST_ASK,"JPM,100636,193"
2019-06-28 13:32:50.581930717,LAST_TRADE,"100,$100492.0000"
2019-06-28 13:33:00.000000000,QUERY_SPREAD,1
2019-06-28 13:33:00.000000000,BEST_BID,"JPM,100477,425"
2019-06-28 13:33:00.000000000,BEST_ASK,"JPM,100636,100"
2019-06-28 13:33:00.000000000,BEST_BID,"JPM,100477,425"
2019-06-28 13:33:00.000000000,BEST_ASK,"JPM,100636,100"
2019-06-28 13:33:00.000000000,BEST_BID,"JPM,100477,425"
2019-06-28 13:33:00.000000000,BEST_ASK,"JPM,100636,100"
2019-06-28 13:33:00.000000000,BEST_BID,"JPM,100477,425"
2019-06-28 13:33:00.000000000,BEST_ASK,"JPM,100636,226"
2019-06-28 13:33:00.000000000,BEST_BID,"JPM,100477,425"
2019-06-28 13:33:00.000000000,BEST_ASK,"JPM,100636,226"
2019-06-28 13:33:00.000000000,BEST_BID,"JPM,100477,425"
2019-06-28 13:33:00.000000000,BEST_ASK,"JPM,100636,226"
2019-06-28 13:33:00.000000000,QUERY_SPREAD,77
2019-06-28 13:33:00.000000000,BEST_BID,"JPM,100477,425"
2019-06-28 13:33:00.000000000,BEST_ASK,"JPM,100636,221"
2019-06-28 13:33:00.000000000,LAST_TRADE,"5,$100636.0000"
2019-06-28 13:33:00.000000000,QUERY_SPREAD,78
2019-06-28 13:33:00.000000000,BEST_BID,"JPM,100477,425"
2019-06-28 13:33:00.000000000,BEST_ASK,"JPM,100636,213"
2019-06-28 13:33:00.000000000,LAST_TRADE,"8,$100636.0000"
2019-06-28 13:33:00.000000000,QUERY_SPREAD,79
2019-06-28 13:33:00.000000000,BEST_BID,"JPM,100477,425"
2019-06-28 13:33:00.000000000,BEST_ASK,"JPM,100636,208"
2019-06-28 13:33:00.000000000,LAST_TRADE,"5,$100636.0000"
2019-06-28 13:33:00.000000000,QUERY_SPREAD,80
2019-06-28 13:33:00.000000000,BEST_BID,"JPM,100477,425"
2019-06-28 13:33:00.000000000,BEST_ASK,"JPM,100636,200"
2019-06-28 13:33:00.000000000,LAST_TRADE,"8,$100636.0000"
2019-06-28 13:33:00.000000000,QUERY_SPREAD,81
2019-06-28 13:33:00.000000000,BEST_BID,"JPM,100477,425"
2019-06-28 13:33:00.000000000,BEST_ASK,"JPM,100636,191"
2019-06-28 13:33:00.000000000,LAST_TRADE,"9,$100636.0000"
2019-06-28 13:33:00.000000000,QUERY_SPREAD,82
2019-06-28 13:33:00.000000000,BEST_BID,"JPM,100477,425"
2019-06-28 13:33:00.000000000,BEST_ASK,"JPM,100636,188"
2019-06-28 13:33:00.000000000,LAST_TRADE,"3,$100636.0000"
2019-06-28 13:33:00.000000000,QUERY_SPREAD,83
2019-06-28 13:33:00.000000000,BEST_BID,"JPM,100477,425"
2019-06-28 13:33:00.000000000,BEST_ASK,"JPM,100636,180"
2019-06-28 13:33:00.000000000,LAST_TRADE,"8,$100636.0000"
2019-06-28 13:33:00.000000000,QUERY_SPREAD,84
2019-06-28 13:33:00.000000000,BEST_BID,"JPM,100477,425"
2019-06-28 13:33:00.000000000,BEST_ASK,"JPM,100636,176"
2019-06-28 13:33:00.000000000,LAST_TRADE,"4,$100636.0000"
2019-06-28 13:33:00.000000000,QUERY_SPREAD,85
2019-06-28 13:33:00.000000000,BEST_BID,"JPM,100477,425"
2019-06-28 13:33:00.000000000,BEST_ASK,"JPM,100636,171"
2019-06-28 13:33:00.000000000,LAST_TRADE,"5,$100636.0000"
2019-06-28 13:33:00.000000000,QUERY_SPREAD,86
2019-06-28 13:33:00.000000000,BEST_BID,"JPM,100477,425"
2019-06-28 13:33:00.000000000,BEST_ASK,"JPM,100636,169"
2019-06-28 13:33:00.000000000,LAST_TRADE,"2,$100636.0000"
2019-06-28 13:33:00.000000000,QUERY_SPREAD,87
2019-06-28 13:33:00.000000000,BEST_BID,"JPM,100477,425"
2019-06-28 13:33:00.000000000,BEST_ASK,"JPM,100636,162"
2019-06-28 13:33:00.000000000,LAST_TRADE,"7,$100636.0000"
2019-06-28 13:33:00.000000000,QUERY_SPREAD,88
2019-06-28 13:33:00.000000000,BEST_BID,"JPM,100477,425"
2019-06-28 13:33:00.000000000,BEST_ASK,"JPM,100636,154"
2019-06-28 13:33:00.000000000,LAST_TRADE,"8,$100636.0000"
2019-06-28 13:33:00.000000000,QUERY_SPREAD,89
2019-06-28 13:33:00.000000000,BEST_BID,"JPM,100477,425"
2019-06-28 13:33:00.000000000,BEST_ASK,"JPM,100636,149"
2019-06-28 13:33:00.000000000,LAST_TRADE,"5,$100636.0000"
2019-06-28 13:33:00.000000000,QUERY_SPREAD,90
2019-06-28 13:33:00.000000000,BEST_BID,"JPM,100477,425"
2019-06-28 13:33:00.000000000,BEST_ASK,"JPM,100636,145"
2019-06-28 13:33:00.000000000,LAST_TRADE,"4,$100636.0000"
2019-06-28 13:33:00.000000000,QUERY_SPREAD,91
2019-06-28 13:33:00.000000000,BEST_BID,"JPM,100477,425"
2019-06-28 13:33:00.000000000,BEST_ASK,"JPM,100636,142"
2019-06-28 13:33:00.000000000,LAST_TRADE,"3,$100636.0000"
2019-06-28 13:33:00.000000000,QUERY_SPREAD,92
2019-06-28 13:33:00.000000000,BEST_BID,"JPM,100477,425"
2019-06-28 13:33:00.000000000,BEST_ASK,"JPM,100636,137"
2019-06-28 13:33:00.000000000,LAST_TRADE,"5,$100636.0000"
2019-06-28 13:33:00.000000000,QUERY_SPREAD,93
2019-06-28 13:33:00.000000000,BEST_BID,"JPM,100477,425"
2019-06-28 13:33:00.000000000,BEST_ASK,"JPM,100636,130"
2019-06-28 13:33:00.000000000,LAST_TRADE,"7,$100636.0000"
2019-06-28 13:33:00.000000000,QUERY_SPREAD,94
2019-06-28 13:33:00.000000000,BEST_BID,"JPM,100477,425"
2019-06-28 13:33:00.000000000,BEST_ASK,"JPM,100636,129"
2019-06-28 13:33:00.000000000,LAST_TRADE,"1,$100636.0000"
2019-06-28 13:33:00.000000000,QUERY_SPREAD,95
2019-06-28 13:33:00.000000000,BEST_BID,"JPM,100477,425"
2019-06-28 13:33:00.000000000,BEST_ASK,"JPM,100636,128"
2019-06-28 13:33:00.000000000,LAST_TRADE,"1,$100636.0000"
2019-06-28 13:33:00.000000000,QUERY_SPREAD,96
2019-06-28 13:33:00.000000000,BEST_BID,"JPM,100477,425"
2019-06-28 13:33:00.000000000,BEST_ASK,"JPM,100636,124"
2019-06-28 13:33:00.000000000,LAST_TRADE,"4,$100636.0000"
2019-06-28 13:33:00.000000000,QUERY_SPREAD,97
2019-06-28 13:33:00.000000000,BEST_BID,"JPM,100477,425"
2019-06-28 13:33:00.000000000,BEST_ASK,"JPM,100636,121"
2019-06-28 13:33:00.000000000,LAST_TRADE,"3,$100636.0000"
2019-06-28 13:33:00.000000000,QUERY_SPREAD,98
2019-06-28 13:33:00.000000000,BEST_BID,"JPM,100477,425"
2019-06-28 13:33:00.000000000,BEST_ASK,"JPM,100636,116"
2019-06-28 13:33:00.000000000,LAST_TRADE,"5,$100636.0000"
2019-06-28 13:33:00.000000000,QUERY_SPREAD,99
2019-06-28 13:33:00.000000000,BEST_BID,"JPM,100477,425"
2019-06-28 13:33:00.000000000,BEST_ASK,"JPM,100636,112"
2019-06-28 13:33:00.000000000,LAST_TRADE,"4,$100636.0000"
2019-06-28 13:33:00.000000000,QUERY_SPREAD,100
2019-06-28 13:33:00.000000000,BEST_BID,"JPM,100477,425"
2019-06-28 13:33:00.000000000,BEST_ASK,"JPM,100636,107"
2019-06-28 13:33:00.000000000,LAST_TRADE,"5,$100636.0000"
2019-06-28 13:33:00.000000000,QUERY_SPREAD,101
2019-06-28 13:33:00.000000000,BEST_BID,"JPM,100477,424"
2019-06-28 13:33:00.000000000,BEST_ASK,"JPM,100636,107"
2019-06-28 13:33:00.000000000,LAST_TRADE,"1,$100477.0000"
2019-06-28 13:33:02.890566915,QUERY_SPREAD,22
2019-06-28 13:33:02.890566915,BEST_BID,"JPM,100477,424"
2019-06-28 13:33:02.890566915,BEST_ASK,"JPM,100572,100"
2019-06-28 13:33:10.000000000,QUERY_SPREAD,1
2019-06-28 13:33:10.000000000,BEST_BID,"JPM,100477,372"
2019-06-28 13:33:10.000000000,BEST_ASK,"JPM,100572,100"
2019-06-28 13:33:10.000000000,BEST_BID,"JPM,100477,372"
2019-06-28 13:33:10.000000000,BEST_ASK,"JPM,100572,100"
2019-06-28 13:33:10.000000000,BEST_BID,"JPM,100477,372"
2019-06-28 13:33:10.000000000,BEST_ASK,"JPM,100572,100"
2019-06-28 13:33:10.000000000,BEST_BID,"JPM,100477,372"
2019-06-28 13:33:10.000000000,BEST_ASK,"JPM,100572,100"
2019-06-28 13:33:10.000000000,BEST_BID,"JPM,100477,372"
2019-06-28 13:33:10.000000000,BEST_ASK,"JPM,100572,100"
2019-06-28 13:33:10.000000000,BEST_BID,"JPM,100477,372"
2019-06-28 13:33:10.000000000,BEST_ASK,"JPM,100572,174"
2019-06-28 13:33:10.000000000,BEST_BID,"JPM,100477,372"
2019-06-28 13:33:10.000000000,BEST_ASK,"JPM,100572,174"
2019-06-28 13:33:10.000000000,BEST_BID,"JPM,100477,372"
2019-06-28 13:33:10.000000000,BEST_ASK,"JPM,100572,174"
2019-06-28 13:33:10.000000000,BEST_BID,"JPM,100477,372"
2019-06-28 13:33:10.000000000,BEST_ASK,"JPM,100572,174"
2019-06-28 13:33:10.000000000,BEST_BID,"JPM,100477,372"
2019-06-28 13:33:10.000000000,BEST_ASK,"JPM,100572,174"
2019-06-28 13:33:20.000000000,QUERY_SPREAD,1
2019-06-28 13:33:20.000000000,BEST_BID,"JPM,100477,424"
2019-06-28 13:33:20.000000000,BEST_ASK,"JPM,100572,100"
2019-06-28 13:33:20.000000000,BEST_BID,"JPM,100477,424"
2019-06-28 13:33:20.000000000,BEST_ASK,"JPM,100572,100"
2019-06-28 13:33:20.000000000,BEST_BID,"JPM,100477,424"
2019-06-28 13:33:20.000000000,BEST_ASK,"JPM,100572,100"
2019-06-28 13:33:20.000000000,BEST_BID,"JPM,100477,424"
2019-06-28 13:33:20.000000000,BEST_ASK,"JPM,100572,226"
2019-06-28 13:33:20.000000000,BEST_BID,"JPM,100477,424"
2019-06-28 13:33:20.000000000,BEST_ASK,"JPM,100572,226"
2019-06-28 13:33:20.000000000,BEST_BID,"JPM,100477,424"
2019-06-28 13:33:20.000000000,BEST_ASK,"JPM,100572,226"
2019-06-28 13:33:29.632880926,QUERY_ORDER_STREAM,64
2019-06-28 13:33:29.632880926,QUERY_SPREAD,64
2019-06-28 13:33:29.632880926,BEST_BID,"JPM,100477,424"
2019-06-28 13:33:29.632880926,BEST_ASK,"JPM,100572,226"
2019-06-28 13:33:29.967589485,QUERY_SPREAD,45
2019-06-28 13:33:29.967589485,BEST_BID,"JPM,100477,424"
2019-06-28 13:33:29.967589485,BEST_ASK,"JPM,100572,226"
2019-06-28 13:33:30.000000000,QUERY_SPREAD,1
2019-06-28 13:33:30.000000000,BEST_BID,"JPM,100477,391"
2019-06-28 13:33:30.000000000,BEST_ASK,"JPM,100572,100"
2019-06-28 13:33:30.000000000,BEST_BID,"JPM,100477,391"
2019-06-28 13:33:30.000000000,BEST_ASK,"JPM,100572,100"
2019-06-28 13:33:30.000000000,BEST_BID,"JPM,100477,391"
2019-06-28 13:33:30.000000000,BEST_ASK,"JPM,100572,100"
2019-06-28 13:33:30.000000000,BEST_BID,"JPM,100477,391"
2019-06-28 13:33:30.000000000,BEST_ASK,"JPM,100572,100"
2019-06-28 13:33:30.000000000,BEST_BID,"JPM,100477,391"
2019-06-28 13:33:30.000000000,BEST_ASK,"JPM,100572,193"
2019-06-28 13:33:30.000000000,BEST_BID,"JPM,100477,391"
2019-06-28 13:33:30.000000000,BEST_ASK,"JPM,100572,193"
2019-06-28 13:33:30.000000000,BEST_BID,"JPM,100477,391"
2019-06-28 13:33:30.000000000,BEST_ASK,"JPM,100572,193"
2019-06-28 13:33:30.000000000,BEST_BID,"JPM,100477,391"
2019-06-28 13:33:30.000000000,BEST_ASK,"JPM,100572,193"
2019-06-28 13:33:31.964272666,QUERY_ORDER_STREAM,71
2019-06-28 13:33:31.964272666,QUERY_SPREAD,71
2019-06-28 13:33:31.964272666,BEST_BID,"JPM,100477,291"
2019-06-28 13:33:31.964272666,BEST_ASK,"JPM,100572,193"
2019-06-28 13:33:40.000000000,QUERY_SPREAD,1
2019-06-28 13:33:40.000000000,BEST_BID,"JPM,100477,569"
2019-06-28 13:33:40.000000000,BEST_ASK,"JPM,100572,100"
2019-06-28 13:33:40.000000000,BEST_BID,"JPM,100477,569"
2019-06-28 13:33:40.000000000,BEST_ASK,"JPM,100572,471"
2019-06-28 13:33:50.000000000,QUERY_SPREAD,1
2019-06-28 13:33:50.000000000,BEST_BID,"JPM,100477,384"
2019-06-28 13:33:50.000000000,BEST_ASK,"JPM,100572,100"
2019-06-28 13:33:50.000000000,BEST_BID,"JPM,100477,384"
2019-06-28 13:33:50.000000000,BEST_ASK,"JPM,100572,100"
2019-06-28 13:33:50.000000000,BEST_BID,"JPM,100477,384"
2019-06-28 13:33:50.000000000,BEST_ASK,"JPM,100572,286"
2019-06-28 13:33:50.000000000,BEST_BID,"JPM,100477,384"
2019-06-28 13:33:50.000000000,BEST_ASK,"JPM,100572,286"
2019-06-28 13:33:52.614114287,QUERY_SPREAD,17
2019-06-28 13:33:52.614114287,BEST_BID,"JPM,100477,284"
2019-06-28 13:33:52.614114287,BEST_ASK,"JPM,100572,286"
2019-06-28 13:33:52.614114287,LAST_TRADE,"100,$100477.0000"
2019-06-28 13:34:00.000000000,QUERY_SPREAD,1
2019-06-28 13:34:00.000000000,BEST_BID,"JPM,100477,172"
2019-06-28 13:34:00.000000000,BEST_ASK,"JPM,100572,100"
2019-06-28 13:34:00.000000000,BEST_BID,"JPM,100477,172"
2019-06-28 13:34:00.000000000,BEST_ASK,"JPM,100572,100"
2019-06-28 13:34:00.000000000,BEST_BID,"JPM,100477,172"
2019-06-28 13:34:00.000000000,BEST_ASK,"JPM,100572,100"
2019-06-28 13:34:00.000000000,BEST_BID,"JPM,100477,172"
2019-06-28 13:34:00.000000000,BEST_ASK,"JPM,100572,100"
2019-06-28 13:34:00.000000000,BEST_BID,"JPM,100477,172"
2019-06-28 13:34:00.000000000,BEST_ASK,"JPM,100572,100"
2019-06-28 13:34:00.000000000,BEST_BID,"JPM,100477,172"
2019-06-28 13:34:00.000000000,BEST_ASK,"JPM,100572,174"
2019-06-28 13:34:00.000000000,BEST_BID,"JPM,100477,172"
2019-06-28 13:34:00.000000000,BEST_ASK,"JPM,100572,174"
2019-06-28 13:34:00.000000000,BEST_BID,"JPM,100477,172"
2019-06-28 13:34:00.000000000,BEST_ASK,"JPM,100572,174"
2019-06-28 13:34:00.000000000,BEST_BID,"JPM,100477,172"
2019-06-28 13:34:00.000000000,BEST_ASK,"JPM,100572,174"
2019-06-28 13:34:00.000000000,BEST_BID,"JPM,100477,172"
2019-06-28 13:34:00.000000000,BEST_ASK,"JPM,100572,174"
2019-06-28 13:34:00.000000000,QUERY_SPREAD,77
2019-06-28 13:34:00.000000000,BEST_BID,"JPM,100477,172"
2019-06-28 13:34:00.000000000,BEST_ASK,"JPM,100572,169"
2019-06-28 13:34:00.000000000,LAST_TRADE,"5,$100572.0000"
2019-06-28 13:34:00.000000000,QUERY_SPREAD,78
2019-06-28 13:34:00.000000000,BEST_BID,"JPM,100477,172"
2019-06-28 13:34:00.000000000,BEST_ASK,"JPM,100572,161"
2019-06-28 13:34:00.000000000,LAST_TRADE,"8,$100572.0000"
2019-06-28 13:34:00.000000000,QUERY_SPREAD,79
2019-06-28 13:34:00.000000000,BEST_BID,"JPM,100477,172"
2019-06-28 13:34:00.000000000,BEST_ASK,"JPM,100572,156"
2019-06-28 13:34:00.000000000,LAST_TRADE,"5,$100572.0000"
2019-06-28 13:34:00.000000000,QUERY_SPREAD,80
2019-06-28 13:34:00.000000000,BEST_BID,"JPM,100477,172"
2019-06-28 13:34:00.000000000,BEST_ASK,"JPM,100572,148"
2019-06-28 13:34:00.000000000,LAST_TRADE,"8,$100572.0000"
2019-06-28 13:34:00.000000000,QUERY_SPREAD,81
2019-06-28 13:34:00.000000000,BEST_BID,"JPM,100477,172"
2019-06-28 13:34:00.000000000,BEST_ASK,"JPM,100572,139"
2019-06-28 13:34:00.000000000,LAST_TRADE,"9,$100572.0000"
2019-06-28 13:34:00.000000000,QUERY_SPREAD,82
2019-06-28 13:34:00.000000000,BEST_BID,"JPM,100477,172"
2019-06-28 13:34:00.000000000,BEST_ASK,"JPM,100572,136"
2019-06-28 13:34:00.000000000,LAST_TRADE,"3,$100572.0000"
2019-06-28 13:34:00.000000000,QUERY_SPREAD,83
2019-06-28 13:34:00.000000000,BEST_BID,"JPM,100477,172"
2019-06-28 13:34:00.000000000,BEST_ASK,"JPM,100572,128"
2019-06-28 13:34:00.000000000,LAST_TRADE,"8,$100572.0000"
2019-06-28 13:34:00.000000000,QUERY_SPREAD,84
2019-06-28 13:34:00.000000000,BEST_BID,"JPM,100477,172"
2019-06-28 13:34:00.000000000,BEST_ASK,"JPM,100572,124"
2019-06-28 13:34:00.000000000,LAST_TRADE,"4,$100572.0000"
2019-06-28 13:34:00.000000000,QUERY_SPREAD,85
2019-06-28 13:34:00.000000000,BEST_BID,"JPM,100477,172"
2019-06-28 13:34:00.000000000,BEST_ASK,"JPM,100572,119"
2019-06-28 13:34:00.000000000,LAST_TRADE,"5,$100572.0000"
2019-06-28 13:34:00.000000000,QUERY_SPREAD,86
2019-06-28 13:34:00.000000000,BEST_BID,"JPM,100477,172"
2019-06-28 13:34:00.000000000,BEST_ASK,"JPM,100572,117"
2019-06-28 13:34:00.000000000,LAST_TRADE,"2,$100572.0000"
2019-06-28 13:34:00.000000000,QUERY_SPREAD,87
2019-06-28 13:34:00.000000000,BEST_BID,"JPM,100477,172"
2019-06-28 13:34:00.000000000,BEST_ASK,"JPM,100572,110"
2019-06-28 13:34:00.000000000,LAST_TRADE,"7,$100572.0000"
2019-06-28 13:34:00.000000000,QUERY_SPREAD,88
2019-06-28 13:34:00.000000000,BEST_BID,"JPM,100477,172"
2019-06-28 13:34:00.000000000,BEST_ASK,"JPM,100572,102"
2019-06-28 13:34:00.000000000,LAST_TRADE,"8,$100572.0000"
2019-06-28 13:34:00.000000000,QUERY_SPREAD,89
2019-06-28 13:34:00.000000000,BEST_BID,"JPM,100477,172"
2019-06-28 13:34:00.000000000,BEST_ASK,"JPM,100572,97"
2019-06-28 13:34:00.000000000,LAST_TRADE,"5,$100572.0000"
2019-06-28 13:34:00.000000000,QUERY_SPREAD,90
2019-06-28 13:34:00.000000000,BEST_BID,"JPM,100477,172"
2019-06-28 13:34:00.000000000,BEST_ASK,"JPM,100572,93"
2019-06-28 13:34:00.000000000,LAST_TRADE,"4,$100572.0000"
2019-06-28 13:34:00.000000000,QUERY_SPREAD,91
2019-06-28 13:34:00.000000000,BEST_BID,"JPM,100477,172"
2019-06-28 13:34:00.000000000,BEST_ASK,"JPM,100572,90"
2019-06-28 13:34:00.000000000,LAST_TRADE,"3,$100572.0000"
2019-06-28 13:34:00.000000000,QUERY_SPREAD,92
2019-06-28 13:34:00.000000000,BEST_BID,"JPM,100477,172"
2019-06-28 13:34:00.000000000,BEST_ASK,"JPM,100572,85"
2019-06-28 13:34:00.000000000,LAST_TRADE,"5,$100572.0000"
2019-06-28 13:34:00.000000000,QUERY_SPREAD,93
2019-06-28 13:34:00.000000000,BEST_BID,"JPM,100477,172"
2019-06-28 13:34:00.000000000,BEST_ASK,"JPM,100572,78"
2019-06-28 13:34:00.000000000,LAST_TRADE,"7,$100572.0000"
2019-06-28 13:34:00.000000000,QUERY_SPREAD,94
2019-06-28 13:34:00.000000000,BEST_BID,"JPM,100477,172"
2019-06-28 13:34:00.000000000,BEST_ASK,"JPM,100572,77"
2019-06-28 13:34:00.000000000,LAST_TRADE,"1,$100572.0000"
2019-06-28 13:34:00.000000000,QUERY_SPREAD,95
2019-06-28 13:34:00.000000000,BEST_BID,"JPM,100477,172"
2019-06-28 13:34:00.000000000,BEST_ASK,"JPM,100572,76"
2019-06-28 13:34:00.000000000,LAST_TRADE,"1,$100572.0000"
2019-06-28 13:34:00.000000000,QUERY_SPREAD,96
2019-06-28 13:34:00.000000000,BEST_BID,"JPM,100477,172"
2019-06-28 13:34:00.000000000,BEST_ASK,"JPM,100572,72"
2019-06-28 13:34:00.000000000,LAST_TRADE,"4,$100572.0000"
2019-06-28 13:34:00.000000000,QUERY_SPREAD,97
2019-06-28 13:34:00.000000000,BEST_BID,"JPM,100477,172"
2019-06-28 13:34:00.000000000,BEST_ASK,"JPM,100572,69"
2019-06-28 13:34:00.000000000,LAST_TRADE,"3,$100572.0000"
2019-06-28 13:34:00.000000000,QUERY_SPREAD,98
2019-06-28 13:34:00.000000000,BEST_BID,"JPM,100477,172"
2019-06-28 13:34:00.000000000,BEST_ASK,"JPM,100572,64"
2019-06-28 13:34:00.000000000,LAST_TRADE,"5,$100572.0000"
2019-06-28 13:34:00.000000000,QUERY_SPREAD,99
2019-06-28 13:34:00.000000000,BEST_BID,"JPM,100477,172"
2019-06-28 13:34:00.000000000,BEST_ASK,"JPM,100572,60"
2019-06-28 13:34:00.000000000,LAST_TRADE,"4,$100572.0000"
2019-06-28 13:34:00.000000000,QUERY_SPREAD,100
2019-06-28 13:34:00.000000000,BEST_BID,"JPM,100477,172"
2019-06-28 13:34:00.000000000,BEST_ASK,"JPM,100572,55"
2019-06-28 13:34:00.000000000,LAST_TRADE,"5,$100572.0000"
2019-06-28 13:34:00.000000000,QUERY_SPREAD,101
2019-06-28 13:34:00.000000000,BEST_BID,"JPM,100477,171"
2019-06-28 13:34:00.000000000,BEST_ASK,"JPM,100572,55"
2019-06-28 13:34:00.000000000,LAST_TRADE,"1,$100477.0000"
2019-06-28 13:34:10.000000000,QUERY_SPREAD,1
2019-06-28 13:34:10.000000000,BEST_BID,"JPM,100477,190"
2019-06-28 13:34:10.000000000,BEST_ASK,"JPM,100636,200"
2019-06-28 13:34:10.000000000,BEST_BID,"JPM,100477,190"
2019-06-28 13:34:10.000000000,BEST_ASK,"JPM,100636,200"
2019-06-28 13:34:10.000000000,BEST_BID,"JPM,100477,190"
2019-06-28 13:34:10.000000000,BEST_ASK,"JPM,100636,200"
2019-06-28 13:34:10.000000000,BEST_BID,"JPM,100477,190"
2019-06-28 13:34:10.000000000,BEST_ASK,"JPM,100636,200"
2019-06-28 13:34:10.000000000,BEST_BID,"JPM,100477,190"
2019-06-28 13:34:10.000000000,BEST_ASK,"JPM,100636,293"
2019-06-28 13:34:10.000000000,BEST_BID,"JPM,100477,190"
2019-06-28 13:34:10.000000000,BEST_ASK,"JPM,100636,293"
2019-06-28 13:34:10.000000000,BEST_BID,"JPM,100477,190"
2019-06-28 13:34:10.000000000,BEST_ASK,"JPM,100636,293"
2019-06-28 13:34:10.000000000,BEST_BID,"JPM,100477,190"
2019-06-28 13:34:10.000000000,BEST_ASK,"JPM,100636,293"
2019-06-28 13:34:20.000000000,QUERY_SPREAD,1
2019-06-28 13:34:20.000000000,BEST_BID,"JPM,100477,468"
2019-06-28 13:34:20.000000000,BEST_ASK,"JPM,100636,200"
2019-06-28 13:34:20.000000000,BEST_BID,"JPM,100477,468"
2019-06-28 13:34:20.000000000,BEST_ASK,"JPM,100636,571"
2019-06-28 13:34:30.000000000,QUERY_SPREAD,1
2019-06-28 13:34:30.000000000,BEST_BID,"JPM,100477,171"
2019-06-28 13:34:30.000000000,BEST_ASK,"JPM,100636,200"
2019-06-28 13:34:30.000000000,BEST_BID,"JPM,100477,171"
2019-06-28 13:34:30.000000000,BEST_ASK,"JPM,100636,200"
2019-06-28 13:34:30.000000000,BEST_BID,"JPM,100477,171"
2019-06-28 13:34:30.000000000,BEST_ASK,"JPM,100636,200"
2019-06-28 13:34:30.000000000,BEST_BID,"JPM,100477,171"
2019-06-28 13:34:30.000000000,BEST_ASK,"JPM,100636,200"
2019-06-28 13:34:30.000000000,BEST_BID,"JPM,100477,171"
2019-06-28 13:34:30.000000000,BEST_ASK,"JPM,100636,200"
2019-06-28 13:34:30.000000000,BEST_BID,"JPM,100477,171"
2019-06-28 13:34:30.000000000,BEST_ASK,"JPM,100636,274"
2019-06-28 13:34:30.000000000,BEST_BID,"JPM,100477,171"
2019-06-28 13:34:30.000000000,BEST_ASK,"JPM,100636,274"
2019-06-28 13:34:30.000000000,BEST_BID,"JPM,100477,171"
2019-06-28 13:34:30.000000000,BEST_ASK,"JPM,100636,274"
2019-06-28 13:34:30.000000000,BEST_BID,"JPM,100477,171"
2019-06-28 13:34:30.000000000,BEST_ASK,"JPM,100636,274"
2019-06-28 13:34:30.000000000,BEST_BID,"JPM,100477,171"
2019-06-28 13:34:30.000000000,BEST_ASK,"JPM,100636,274"
2019-06-28 13:34:40.000000000,QUERY_SPREAD,1
2019-06-28 13:34:40.000000000,BEST_BID,"JPM,100477,190"
2019-06-28 13:34:40.000000000,BEST_ASK,"JPM,100636,200"
2019-06-28 13:34:40.000000000,BEST_BID,"JPM,100477,190"
2019-06-28 13:34:40.000000000,BEST_ASK,"JPM,100636,200"
2019-06-28 13:34:40.000000000,BEST_BID,"JPM,100477,190"
2019-06-28 13:34:40.000000000,BEST_ASK,"JPM,100636,200"
2019-06-28 13:34:40.000000000,BEST_BID,"JPM,100477,190"
2019-06-28 13:34:40.000000000,BEST_ASK,"JPM,100636,200"
2019-06-28 13:34:40.000000000,BEST_BID,"JPM,100477,190"
2019-06-28 13:34:40.000000000,BEST_ASK,"JPM,100636,293"
2019-06-28 13:34:40.000000000,BEST_BID,"JPM,100477,190"
2019-06-28 13:34:40.000000000,BEST_ASK,"JPM,100636,293"
2019-06-28 13:34:40.000000000,BEST_BID,"JPM,100477,190"
2019-06-28 13:34:40.000000000,BEST_ASK,"JPM,100636,293"
2019-06-28 13:34:40.000000000,BEST_BID,"JPM,100477,190"
2019-06-28 13:34:40.000000000,BEST_ASK,"JPM,100636,293"
2019-06-28 13:34:50.000000000,QUERY_SPREAD,1
2019-06-28 13:34:50.000000000,BEST_BID,"JPM,100477,283"
2019-06-28 13:34:50.000000000,BEST_ASK,"JPM,100636,200"
2019-06-28 13:34:50.000000000,BEST_BID,"JPM,100477,283"
2019-06-28 13:34:50.000000000,BEST_ASK,"JPM,100636,200"
2019-06-28 13:34:50.000000000,BEST_BID,"JPM,100477,283"
2019-06-28 13:34:50.000000000,BEST_ASK,"JPM,100636,386"
2019-06-28 13:34:50.000000000,BEST_BID,"JPM,100477,283"
2019-06-28 13:34:50.000000000,BEST_ASK,"JPM,100636,386"
2019-06-28 13:35:00.000000000,QUERY_SPREAD,1
2019-06-28 13:35:00.000000000,BEST_BID,"JPM,100477,283"
2019-06-28 13:35:00.000000000,BEST_ASK,"JPM,100636,200"
2019-06-28 13:35:00.000000000,BEST_BID,"JPM,100477,283"
2019-06-28 13:35:00.000000000,BEST_ASK,"JPM,100636,200"
2019-06-28 13:35:00.000000000,BEST_BID,"JPM,100477,283"
2019-06-28 13:35:00.000000000,BEST_ASK,"JPM,100636,386"
2019-06-28 13:35:00.000000000,BEST_BID,"JPM,100477,283"
2019-06-28 13:35:00.000000000,BEST_ASK,"JPM,100636,386"
2019-06-28 13:35:00.000000000,QUERY_SPREAD,77
2019-06-28 13:35:00.000000000,BEST_BID,"JPM,100477,283"
2019-06-28 13:35:00.000000000,BEST_ASK,"JPM,100636,381"
2019-06-28 13:35:00.000000000,LAST_TRADE,"5,$100636.0000"
2019-06-28 13:35:00.000000000,QUERY_SPREAD,78
2019-06-28 13:35:00.000000000,BEST_BID,"JPM,100477,283"
2019-06-28 13:35:00.000000000,BEST_ASK,"JPM,100636,373"
2019-06-28 13:35:00.000000000,LAST_TRADE,"8,$100636.0000"
2019-06-28 13:35:00.000000000,QUERY_SPREAD,79
2019-06-28 13:35:00.000000000,BEST_BID,"JPM,100477,283"
2019-06-28 13:35:00.000000000,BEST_ASK,"JPM,100636,368"
2019-06-28 13:35:00.000000000,LAST_TRADE,"5,$100636.0000"
2019-06-28 13:35:00.000000000,QUERY_SPREAD,80
2019-06-28 13:35:00.000000000,BEST_BID,"JPM,100477,283"
2019-06-28 13:35:00.000000000,BEST_ASK,"JPM,100636,360"
2019-06-28 13:35:00.000000000,LAST_TRADE,"8,$100636.0000"
2019-06-28 13:35:00.000000000,QUERY_SPREAD,81
2019-06-28 13:35:00.000000000,BEST_BID,"JPM,100477,283"
2019-06-28 13:35:00.000000000,BEST_ASK,"JPM,100636,351"
2019-06-28 13:35:00.000000000,LAST_TRADE,"9,$100636.0000"
2019-06-28 13:35:00.000000000,QUERY_SPREAD,82
2019-06-28 13:35:00.000000000,BEST_BID,"JPM,100477,283"
2019-06-28 13:35:00.000000000,BEST_ASK,"JPM,100636,348"
2019-06-28 13:35:00.000000000,LAST_TRADE,"3,$100636.0000"
2019-06-28 13:35:00.000000000,QUERY_SPREAD,83
2019-06-28 13:35:00.000000000,BEST_BID,"JPM,100477,283"
2019-06-28 13:35:00.000000000,BEST_ASK,"JPM,100636,340"
2019-06-28 13:35:00.000000000,LAST_TRADE,"8,$100636.0000"
2019-06-28 13:35:00.000000000,QUERY_SPREAD,84
2019-06-28 13:35:00.000000000,BEST_BID,"JPM,100477,283"
2019-06-28 13:35:00.000000000,BEST_ASK,"JPM,100636,336"
2019-06-28 13:35:00.000000000,LAST_TRADE,"4,$100636.0000"
2019-06-28 13:35:00.000000000,QUERY_SPREAD,85
2019-06-28 13:35:00.000000000,BEST_BID,"JPM,100477,283"
2019-06-28 13:35:00.000000000,BEST_ASK,"JPM,100636,331"
2019-06-28 13:35:00.000000000,LAST_TRADE,"5,$100636.0000"
2019-06-28 13:35:00.000000000,QUERY_SPREAD,86
2019-06-28 13:35:00.000000000,BEST_BID,"JPM,100477,283"
2019-06-28 13:35:00.000000000,BEST_ASK,"JPM,100636,329"
2019-06-28 13:35:00.000000000,LAST_TRADE,"2,$100636.0000"
2019-06-28 13:35:00.000000000,QUERY_SPREAD,87
2019-06-28 13:35:00.000000000,BEST_BID,"JPM,100477,283"
2019-06-28 13:35:00.000000000,BEST_ASK,"JPM,100636,322"
2019-06-28 13:35:00.000000000,LAST_TRADE,"7,$100636.0000"
2019-06-28 13:35:00.000000000,QUERY_SPREAD,88
2019-06-28 13:35:00.000000000,BEST_BID,"JPM,100477,283"
2019-06-28 13:35:00.000000000,BEST_ASK,"JPM,100636,314"
2019-06-28 13:35:00.000000000,LAST_TRADE,"8,$100636.0000"
2019-06-28 13:35:00.000000000,QUERY_SPREAD,89
2019-06-28 13:35:00.000000000,BEST_BID,"JPM,100477,283"
2019-06-28 13:35:00.000000000,BEST_ASK,"JPM,100636,309"
2019-06-28 13:35:00.000000000,LAST_TRADE,"5,$100636.0000"
2019-06-28 13:35:00.000000000,QUERY_SPREAD,90
2019-06-28 13:35:00.000000000,BEST_BID,"JPM,100477,283"
2019-06-28 13:35:00.000000000,BEST_ASK,"JPM,100636,305"
2019-06-28 13:35:00.000000000,LAST_TRADE,"4,$100636.0000"
2019-06-28 13:35:00.000000000,QUERY_SPREAD,91
2019-06-28 13:35:00.000000000,BEST_BID,"JPM,100477,283"
2019-06-28 13:35:00.000000000,BEST_ASK,"JPM,100636,302"
2019-06-28 13:35:00.000000000,LAST_TRADE,"3,$100636.0000"
2019-06-28 13:35:00.000000000,QUERY_SPREAD,92
2019-06-28 13:35:00.000000000,BEST_BID,"JPM,100477,283"
2019-06-28 13:35:00.000000000,BEST_ASK,"JPM,100636,297"
2019-06-28 13:35:00.000000000,LAST_TRADE,"5,$100636.0000"
2019-06-28 13:35:00.000000000,QUERY_SPREAD,93
2019-06-28 13:35:00.000000000,BEST_BID,"JPM,100477,283"
2019-06-28 13:35:00.000000000,BEST_ASK,"JPM,100636,290"
2019-06-28 13:35:00.000000000,LAST_TRADE,"7,$100636.0000"
2019-06-28 13:35:00.000000000,QUERY_SPREAD,94
2019-06-28 13:35:00.000000000,BEST_BID,"JPM,100477,283"
2019-06-28 13:35:00.000000000,BEST_ASK,"JPM,100636,289"
2019-06-28 13:35:00.000000000,LAST_TRADE,"1,$100636.0000"
2019-06-28 13:35:00.000000000,QUERY_SPREAD,95
2019-06-28 13:35:00.000000000,BEST_BID,"JPM,100477,283"
2019-06-28 13:35:00.000000000,BEST_ASK,"JPM,100636,288"
2019-06-28 13:35:00.000000000,LAST_TRADE,"1,$100636.0000"
2019-06-28 13:35:00.000000000,QUERY_SPREAD,96
2019-06-28 13:35:00.000000000,BEST_BID,"JPM,100477,283"
2019-06-28 13:35:00.000000000,BEST_ASK,"JPM,100636,284"
2019-06-28 13:35:00.000000000,LAST_TRADE,"4,$100636.0000"
2019-06-28 13:35:00.000000000,QUERY_SPREAD,97
2019-06-28 13:35:00.000000000,BEST_BID,"JPM,100477,283"
2019-06-28 13:35:00.000000000,BEST_ASK,"JPM,100636,281"
2019-06-28 13:35:00.000000000,LAST_TRADE,"3,$100636.0000"
2019-06-28 13:35:00.000000000,QUERY_SPREAD,98
2019-06-28 13:35:00.000000000,BEST_BID,"JPM,100477,283"
2019-06-28 13:35:00.000000000,BEST_ASK,"JPM,100636,276"
2019-06-28 13:35:00.000000000,LAST_TRADE,"5,$100636.0000"
2019-06-28 13:35:00.000000000,QUERY_SPREAD,99
2019-06-28 13:35:00.000000000,BEST_BID,"JPM,100477,283"
2019-06-28 13:35:00.000000000,BEST_ASK,"JPM,100636,272"
2019-06-28 13:35:00.000000000,LAST_TRADE,"4,$100636.0000"
2019-06-28 13:35:00.000000000,QUERY_SPREAD,100
2019-06-28 13:35:00.000000000,BEST_BID,"JPM,100477,283"
2019-06-28 13:35:00.000000000,BEST_ASK,"JPM,100636,267"
2019-06-28 13:35:00.000000000,LAST_TRADE,"5,$100636.0000"
2019-06-28 13:35:00.000000000,QUERY_SPREAD,101
2019-06-28 13:35:00.000000000,BEST_BID,"JPM,100477,282"
2019-06-28 13:35:00.000000000,BEST_ASK,"JPM,100636,267"
2019-06-28 13:35:00.000000000,LAST_TRADE,"1,$100477.0000"
2019-06-28 13:35:10.000000000,QUERY_SPREAD,1
2019-06-28 13:35:10.000000000,BEST_BID,"JPM,100477,222"
2019-06-28 13:35:10.000000000,BEST_ASK,"JPM,100636,81"
2019-06-28 13:35:10.000000000,BEST_BID,"JPM,100477,222"
2019-06-28 13:35:10.000000000,BEST_ASK,"JPM,100636,81"
2019-06-28 13:35:10.000000000,BEST_BID,"JPM,100477,222"
2019-06-28 13:35:10.000000000,BEST_ASK,"JPM,100636,81"
2019-06-28 13:35:10.000000000,BEST_BID,"JPM,100477,222"
2019-06-28 13:35:10.000000000,BEST_ASK,"JPM,100636,207"
2019-06-28 13:35:10.000000000,BEST_BID,"JPM,100477,222"
2019-06-28 13:35:10.000000000,BEST_ASK,"JPM,100636,207"
2019-06-28 13:35:10.000000000,BEST_BID,"JPM,100477,222"
2019-06-28 13:35:10.000000000,BEST_ASK,"JPM,100636,207"
2019-06-28 13:35:20.000000000,QUERY_SPREAD,1
2019-06-28 13:35:20.000000000,BEST_BID,"JPM,100477,189"
2019-06-28 13:35:20.000000000,BEST_ASK,"JPM,100636,81"
2019-06-28 13:35:20.000000000,BEST_BID,"JPM,100477,189"
2019-06-28 13:35:20.000000000,BEST_ASK,"JPM,100636,81"
2019-06-28 13:35:20.000000000,BEST_BID,"JPM,100477,189"
2019-06-28 13:35:20.000000000,BEST_ASK,"JPM,100636,81"
2019-06-28 13:35:20.000000000,BEST_BID,"JPM,100477,189"
2019-06-28 13:35:20.000000000,BEST_ASK,"JPM,100636,81"
2019-06-28 13:35:20.000000000,BEST_BID,"JPM,100477,189"
2019-06-28 13:35:20.000000000,BEST_ASK,"JPM,100636,174"
2019-06-28 13:35:20.000000000,BEST_BID,"JPM,100477,189"
2019-06-28 13:35:20.000000000,BEST_ASK,"JPM,100636,174"
2019-06-28 13:35:20.000000000,BEST_BID,"JPM,100477,189"
2019-06-28 13:35:20.000000000,BEST_ASK,"JPM,100636,174"
2019-06-28 13:35:20.000000000,BEST_BID,"JPM,100477,189"
2019-06-28 13:35:20.000000000,BEST_ASK,"JPM,100636,174"
2019-06-28 13:35:30.000000000,QUERY_SPREAD,1
2019-06-28 13:35:30.000000000,BEST_BID,"JPM,100477,222"
2019-06-28 13:35:30.000000000,BEST_ASK,"JPM,100636,81"
2019-06-28 13:35:30.000000000,BEST_BID,"JPM,100477,222"
2019-06-28 13:35:30.000000000,BEST_ASK,"JPM,100636,81"
2019-06-28 13:35:30.000000000,BEST_BID,"JPM,100477,222"
2019-06-28 13:35:30.000000000,BEST_ASK,"JPM,100636,81"
2019-06-28 13:35:30.000000000,BEST_BID,"JPM,100477,222"
2019-06-28 13:35:30.000000000,BEST_ASK,"JPM,100636,207"
2019-06-28 13:35:30.000000000,BEST_BID,"JPM,100477,222"
2019-06-28 13:35:30.000000000,BEST_ASK,"JPM,100636,207"
2019-06-28 13:35:30.000000000,BEST_BID,"JPM,100477,222"
2019-06-28 13:35:30.000000000,BEST_ASK,"JPM,100636,207"
2019-06-28 13:35:40.000000000,QUERY_SPREAD,1
2019-06-28 13:35:40.000000000,BEST_BID,"JPM,100477,467"
2019-06-28 13:35:40.000000000,BEST_ASK,"JPM,100636,81"
2019-06-28 13:35:40.000000000,BEST_BID,"JPM,100477,467"
2019-06-28 13:35:40.000000000,BEST_ASK,"JPM,100636,452"
2019-06-28 13:35:44.554027630,QUERY_SPREAD,27
2019-06-28 13:35:44.554027630,BEST_BID,"JPM,100477,467"
2019-06-28 13:35:44.554027630,BEST_ASK,"JPM,100636,452"
2019-06-28 13:35:44.648594249,QUERY_SPREAD,5
2019-06-28 13:35:44.648594249,BEST_BID,"JPM,100477,367"
2019-06-28 13:35:44.648594249,BEST_ASK,"JPM,100636,452"
2019-06-28 13:35:44.648594249,LAST_TRADE,"100,$100477.0000"
2019-06-28 13:35:50.000000000,QUERY_SPREAD,1
2019-06-28 13:35:50.000000000,BEST_BID,"JPM,100402,473"
2019-06-28 13:35:50.000000000,BEST_ASK,"JPM,100636,81"
2019-06-28 13:35:50.000000000,BEST_BID,"JPM,100402,473"
2019-06-28 13:35:50.000000000,BEST_ASK,"JPM,100636,81"
2019-06-28 13:35:50.000000000,BEST_BID,"JPM,100402,473"
2019-06-28 13:35:50.000000000,BEST_ASK,"JPM,100636,81"
2019-06-28 13:35:50.000000000,BEST_BID,"JPM,100402,473"
2019-06-28 13:35:50.000000000,BEST_ASK,"JPM,100636,81"
2019-06-28 13:35:50.000000000,BEST_BID,"JPM,100402,473"
2019-06-28 13:35:50.000000000,BEST_ASK,"JPM,100636,81"
2019-06-28 13:35:50.000000000,BEST_BID,"JPM,100402,473"
2019-06-28 13:35:50.000000000,BEST_ASK,"JPM,100636,155"
2019-06-28 13:35:50.000000000,BEST_BID,"JPM,100402,473"
2019-06-28 13:35:50.000000000,BEST_ASK,"JPM,100636,155"
2019-06-28 13:35:50.000000000,BEST_BID,"JPM,100402,473"
2019-06-28 13:35:50.000000000,BEST_ASK,"JPM,100636,155"
2019-06-28 13:35:50.000000000,BEST_BID,"JPM,100402,473"
2019-06-28 13:35:50.000000000,BEST_ASK,"JPM,100636,155"
2019-06-28 13:35:50.000000000,BEST_BID,"JPM,100402,473"
2019-06-28 13:35:50.000000000,BEST_ASK,"JPM,100636,155"
2019-06-28 13:36:00.000000000,QUERY_SPREAD,1
2019-06-28 13:36:00.000000000,BEST_BID,"JPM,100402,473"
2019-06-28 13:36:00.000000000,BEST_ASK,"JPM,100636,81"
2019-06-28 13:36:00.000000000,BEST_BID,"JPM,100402,473"
2019-06-28 13:36:00.000000000,BEST_ASK,"JPM,100636,81"
2019-06-28 13:36:00.000000000,BEST_BID,"JPM,100402,473"
2019-06-28 13:36:00.000000000,BEST_ASK,"JPM,100636,81"
2019-06-28 13:36:00.000000000,BEST_BID,"JPM,100402,473"
2019-06-28 13:36:00.000000000,BEST_ASK,"JPM,100636,81"
2019-06-28 13:36:00.000000000,BEST_BID,"JPM,100402,473"
2019-06-28 13:36:00.000000000,BEST_ASK,"JPM,100636,81"
2019-06-28 13:36:00.000000000,BEST_BID,"JPM,100402,473"
2019-06-28 13:36:00.000000000,BEST_ASK,"JPM,100636,155"
2019-06-28 13:36:00.000000000,BEST_BID,"JPM,100402,473"
2019-06-28 13:36:00.000000000,BEST_ASK,"JPM,100636,155"
2019-06-28 13:36:00.000000000,BEST_BID,"JPM,100402,473"
2019-06-28 13:36:00.000000000,BEST_ASK,"JPM,100636,155"
2019-06-28 13:36:00.000000000,BEST_BID,"JPM,100402,473"
2019-06-28 13:36:00.000000000,BEST_ASK,"JPM,100636,155"
2019-06-28 13:36:00.000000000,BEST_BID,"JPM,100402,473"
2019-06-28 13:36:00.000000000,BEST_ASK,"JPM,100636,155"
2019-06-28 13:36:00.000000000,QUERY_SPREAD,77
2019-06-28 13:36:00.000000000,BEST_BID,"JPM,100402,473"
2019-06-28 13:36:00.000000000,BEST_ASK,"JPM,100636,150"
2019-06-28 13:36:00.000000000,LAST_TRADE,"5,$100636.0000"
2019-06-28 13:36:00.000000000,QUERY_SPREAD,78
2019-06-28 13:36:00.000000000,BEST_BID,"JPM,100402,473"
2019-06-28 13:36:00.000000000,BEST_ASK,"JPM,100636,142"
2019-06-28 13:36:00.000000000,LAST_TRADE,"8,$100636.0000"
2019-06-28 13:36:00.000000000,QUERY_SPREAD,79
2019-06-28 13:36:00.000000000,BEST_BID,"JPM,100402,473"
2019-06-28 13:36:00.000000000,BEST_ASK,"JPM,100636,137"
2019-06-28 13:36:00.000000000,LAST_TRADE,"5,$100636.0000"
2019-06-28 13:36:00.000000000,QUERY_SPREAD,80
2019-06-28 13:36:00.000000000,BEST_BID,"JPM,100402,473"
2019-06-28 13:36:00.000000000,BEST_ASK,"JPM,100636,129"
2019-06-28 13:36:00.000000000,LAST_TRADE,"8,$100636.0000"
2019-06-28 13:36:00.000000000,QUERY_SPREAD,81
2019-06-28 13:36:00.000000000,BEST_BID,"JPM,100402,473"
2019-06-28 13:36:00.000000000,BEST_ASK,"JPM,100636,120"
2019-06-28 13:36:00.000000000,LAST_TRADE,"9,$100636.0000"
2019-06-28 13:36:00.000000000,QUERY_SPREAD,82
2019-06-28 13:36:00.000000000,BEST_BID,"JPM,100402,473"
2019-06-28 13:36:00.000000000,BEST_ASK,"JPM,100636,117"
2019-06-28 13:36:00.000000000,LAST_TRADE,"3,$100636.0000"
2019-06-28 13:36:00.000000000,QUERY_SPREAD,83
2019-06-28 13:36:00.000000000,BEST_BID,"JPM,100402,473"
2019-06-28 13:36:00.000000000,BEST_ASK,"JPM,100636,109"
2019-06-28 13:36:00.000000000,LAST_TRADE,"8,$100636.0000"
2019-06-28 13:36:00.000000000,QUERY_SPREAD,84
2019-06-28 13:36:00.000000000,BEST_BID,"JPM,100402,473"
2019-06-28 13:36:00.000000000,BEST_ASK,"JPM,100636,105"
2019-06-28 13:36:00.000000000,LAST_TRADE,"4,$100636.0000"
2019-06-28 13:36:00.000000000,QUERY_SPREAD,85
2019-06-28 13:36:00.000000000,BEST_BID,"JPM,100402,473"
2019-06-28 13:36:00.000000000,BEST_ASK,"JPM,100636,100"
2019-06-28 13:36:00.000000000,LAST_TRADE,"5,$100636.0000"
2019-06-28 13:36:00.000000000,QUERY_SPREAD,86
2019-06-28 13:36:00.000000000,BEST_BID,"JPM,100402,473"
2019-06-28 13:36:00.000000000,BEST_ASK,"JPM,100636,98"
2019-06-28 13:36:00.000000000,LAST_TRADE,"2,$100636.0000"
2019-06-28 13:36:00.000000000,QUERY_SPREAD,87
2019-06-28 13:36:00.000000000,BEST_BID,"JPM,100402,473"
2019-06-28 13:36:00.000000000,BEST_ASK,"JPM,100636,91"
2019-06-28 13:36:00.000000000,LAST_TRADE,"7,$100636.0000"
2019-06-28 13:36:00.000000000,QUERY_SPREAD,88
2019-06-28 13:36:00.000000000,BEST_BID,"JPM,100402,473"
2019-06-28 13:36:00.000000000,BEST_ASK,"JPM,100636,83"
2019-06-28 13:36:00.000000000,LAST_TRADE,"8,$100636.0000"
2019-06-28 13:36:00.000000000,QUERY_SPREAD,89
2019-06-28 13:36:00.000000000,BEST_BID,"JPM,100402,473"
2019-06-28 13:36:00.000000000,BEST_ASK,"JPM,100636,78"
2019-06-28 13:36:00.000000000,LAST_TRADE,"5,$100636.0000"
2019-06-28 13:36:00.000000000,QUERY_SPREAD,90
2019-06-28 13:36:00.000000000,BEST_BID,"JPM,100402,473"
2019-06-28 13:36:00.000000000,BEST_ASK,"JPM,100636,74"
2019-06-28 13:36:00.000000000,LAST_TRADE,"4,$100636.0000"
2019-06-28 13:36:00.000000000,QUERY_SPREAD,91
2019-06-28 13:36:00.000000000,BEST_BID,"JPM,100402,473"
2019-06-28 13:36:00.000000000,BEST_ASK,"JPM,100636,71"
2019-06-28 13:36:00.000000000,LAST_TRADE,"3,$100636.0000"
2019-06-28 13:36:00.000000000,QUERY_SPREAD,92
2019-06-28 13:36:00.000000000,BEST_BID,"JPM,100402,473"
2019-06-28 13:36:00.000000000,BEST_ASK,"JPM,100636,66"
2019-06-28 13:36:00.000000000,LAST_TRADE,"5,$100636.0000"
2019-06-28 13:36:00.000000000,QUERY_SPREAD,93
2019-06-28 13:36:00.000000000,BEST_BID,"JPM,100402,473"
2019-06-28 13:36:00.000000000,BEST_ASK,"JPM,100636,59"
2019-06-28 13:36:00.000000000,LAST_TRADE,"7,$100636.0000"
2019-06-28 13:36:00.000000000,QUERY_SPREAD,94
2019-06-28 13:36:00.000000000,BEST_BID,"JPM,100402,473"
2019-06-28 13:36:00.000000000,BEST_ASK,"JPM,100636,58"
2019-06-28 13:36:00.000000000,LAST_TRADE,"1,$100636.0000"
2019-06-28 13:36:00.000000000,QUERY_SPREAD,95
2019-06-28 13:36:00.000000000,BEST_BID,"JPM,100402,473"
2019-06-28 13:36:00.000000000,BEST_ASK,"JPM,100636,57"
2019-06-28 13:36:00.000000000,LAST_TRADE,"1,$100636.0000"
2019-06-28 13:36:00.000000000,QUERY_SPREAD,96
2019-06-28 13:36:00.000000000,BEST_BID,"JPM,100402,473"
2019-06-28 13:36:00.000000000,BEST_ASK,"JPM,100636,53"
2019-06-28 13:36:00.000000000,LAST_TRADE,"4,$100636.0000"
2019-06-28 13:36:00.000000000,QUERY_SPREAD,97
2019-06-28 13:36:00.000000000,BEST_BID,"JPM,100402,473"
2019-06-28 13:36:00.000000000,BEST_ASK,"JPM,100636,50"
2019-06-28 13:36:00.000000000,LAST_TRADE,"3,$100636.0000"
2019-06-28 13:36:00.000000000,QUERY_SPREAD,98
2019-06-28 13:36:00.000000000,BEST_BID,"JPM,100402,473"
2019-06-28 13:36:00.000000000,BEST_ASK,"JPM,100636,45"
2019-06-28 13:36:00.000000000,LAST_TRADE,"5,$100636.0000"
2019-06-28 13:36:00.000000000,QUERY_SPREAD,99
2019-06-28 13:36:00.000000000,BEST_BID,"JPM,100402,473"
2019-06-28 13:36:00.000000000,BEST_ASK,"JPM,100636,41"
2019-06-28 13:36:00.000000000,LAST_TRADE,"4,$100636.0000"
2019-06-28 13:36:00.000000000,QUERY_SPREAD,100
2019-06-28 13:36:00.000000000,BEST_BID,"JPM,100402,473"
2019-06-28 13:36:00.000000000,BEST_ASK,"JPM,100636,36"
2019-06-28 13:36:00.000000000,LAST_TRADE,"5,$100636.0000"
2019-06-28 13:36:00.000000000,QUERY_SPREAD,101
2019-06-28 13:36:00.000000000,BEST_BID,"JPM,100402,472"
2019-06-28 13:36:00.000000000,BEST_ASK,"JPM,100636,36"
2019-06-28 13:36:00.000000000,LAST_TRADE,"1,$100402.0000"
2019-06-28 13:36:10.000000000,QUERY_SPREAD,1
2019-06-28 13:36:10.000000000,BEST_BID,"JPM,100402,769"
2019-06-28 13:36:10.000000000,BEST_ASK,"JPM,100644,100"
2019-06-28 13:36:10.000000000,BEST_BID,"JPM,100402,769"
2019-06-28 13:36:10.000000000,BEST_ASK,"JPM,100644,471"
2019-06-28 13:36:20.000000000,QUERY_SPREAD,1
2019-06-28 13:36:20.000000000,BEST_BID,"JPM,100402,769"
2019-06-28 13:36:20.000000000,BEST_ASK,"JPM,100644,100"
2019-06-28 13:36:20.000000000,BEST_BID,"JPM,100402,769"
2019-06-28 13:36:20.000000000,BEST_ASK,"JPM,100644,471"
2019-06-28 13:36:20.499701807,QUERY_SPREAD,27
2019-06-28 13:36:20.499701807,BEST_BID,"JPM,100402,669"
2019-06-28 13:36:20.499701807,BEST_ASK,"JPM,100644,471"
2019-06-28 13:36:20.499701807,LAST_TRADE,"100,$100402.0000"
2019-06-28 13:36:30.000000000,QUERY_SPREAD,1
2019-06-28 13:36:30.000000000,BEST_BID,"JPM,100402,372"
2019-06-28 13:36:30.000000000,BEST_ASK,"JPM,100644,100"
2019-06-28 13:36:30.000000000,BEST_BID,"JPM,100402,372"
2019-06-28 13:36:30.000000000,BEST_ASK,"JPM,100644,100"
2019-06-28 13:36:30.000000000,BEST_BID,"JPM,100402,372"
2019-06-28 13:36:30.000000000,BEST_ASK,"JPM,100644,100"
2019-06-28 13:36:30.000000000,BEST_BID,"JPM,100402,372"
2019-06-28 13:36:30.000000000,BEST_ASK,"JPM,100644,100"
2019-06-28 13:36:30.000000000,BEST_BID,"JPM,100402,372"
2019-06-28 13:36:30.000000000,BEST_ASK,"JPM,100644,100"
2019-06-28 13:36:30.000000000,BEST_BID,"JPM,100402,372"
2019-06-28 13:36:30.000000000,BEST_ASK,"JPM,100644,174"
2019-06-28 13:36:30.000000000,BEST_BID,"JPM,100402,372"
2019-06-28 13:36:30.000000000,BEST_ASK,"JPM,100644,174"
2019-06-28 13:36:30.000000000,BEST_BID,"JPM,100402,372"
2019-06-28 13:36:30.000000000,BEST_ASK,"JPM,100644,174"
2019-06-28 13:36:30.000000000,BEST_BID,"JPM,100402,372"
2019-06-28 13:36:30.000000000,BEST_ASK,"JPM,100644,174"
2019-06-28 13:36:30.000000000,BEST_BID,"JPM,100402,372"
2019-06-28 13:36:30.000000000,BEST_ASK,"JPM,100644,174"
2019-06-28 13:36:40.000000000,QUERY_SPREAD,1
2019-06-28 13:36:40.000000000,BEST_BID,"JPM,100402,372"
2019-06-28 13:36:40.000000000,BEST_ASK,"JPM,100644,100"
2019-06-28 13:36:40.000000000,BEST_BID,"JPM,100402,372"
2019-06-28 13:36:40.000000000,BEST_ASK,"JPM,100644,100"
2019-06-28 13:36:40.000000000,BEST_BID,"JPM,100402,372"
2019-06-28 13:36:40.000000000,BEST_ASK,"JPM,100644,100"
2019-06-28 13:36:40.000000000,BEST_BID,"JPM,100402,372"
2019-06-28 13:36:40.000000000,BEST_ASK,"JPM,100644,100"
2019-06-28 13:36:40.000000000,BEST_BID,"JPM,100402,372"
2019-06-28 13:36:40.000000000,BEST_ASK,"JPM,100644,100"
2019-06-28 13:36:40.000000000,BEST_BID,"JPM,100402,372"
2019-06-28 13:36:40.000000000,BEST_ASK,"JPM,100644,174"
2019-06-28 13:36:40.000000000,BEST_BID,"JPM,100402,372"
2019-06-28 13:36:40.000000000,BEST_ASK,"JPM,100644,174"
2019-06-28 13:36:40.000000000,BEST_BID,"JPM,100402,372"
2019-06-28 13:36:40.000000000,BEST_ASK,"JPM,100644,174"
2019-06-28 13:36:40.000000000,BEST_BID,"JPM,100402,372"
2019-06-28 13:36:40.000000000,BEST_ASK,"JPM,100644,174"
2019-06-28 13:36:40.000000000,BEST_BID,"JPM,100402,372"
2019-06-28 13:36:40.000000000,BEST_ASK,"JPM,100644,174"
2019-06-28 13:36:50.000000000,QUERY_SPREAD,1
2019-06-28 13:36:50.000000000,BEST_BID,"JPM,100402,484"
2019-06-28 13:36:50.000000000,BEST_ASK,"JPM,100644,100"
2019-06-28 13:36:50.000000000,BEST_BID,"JPM,100402,484"
2019-06-28 13:36:50.000000000,BEST_ASK,"JPM,100644,100"
2019-06-28 13:36:50.000000000,BEST_BID,"JPM,100402,484"
2019-06-28 13:36:50.000000000,BEST_ASK,"JPM,100644,286"
2019-06-28 13:36:50.000000000,BEST_BID,"JPM,100402,484"
2019-06-28 13:36:50.000000000,BEST_ASK,"JPM,100644,286"
2019-06-28 13:36:50.284686915,QUERY_SPREAD,13
2019-06-28 13:36:50.284686915,BEST_BID,"JPM,100402,484"
2019-06-28 13:36:50.284686915,BEST_ASK,"JPM,100644,286"
2019-06-28 13:37:00.000000000,QUERY_SPREAD,1
2019-06-28 13:37:00.000000000,BEST_BID,"JPM,100402,669"
2019-06-28 13:37:00.000000000,BEST_ASK,"JPM,100644,100"
2019-06-28 13:37:00.000000000,BEST_BID,"JPM,100402,669"
2019-06-28 13:37:00.000000000,BEST_ASK,"JPM,100644,471"
2019-06-28 13:37:00.000000000,QUERY_SPREAD,77
2019-06-28 13:37:00.000000000,BEST_BID,"JPM,100402,664"
2019-06-28 13:37:00.000000000,BEST_ASK,"JPM,100644,471"
2019-06-28 13:37:00.000000000,LAST_TRADE,"5,$100402.0000"
2019-06-28 13:37:00.000000000,QUERY_SPREAD,78
2019-06-28 13:37:00.000000000,BEST_BID,"JPM,100402,656"
2019-06-28 13:37:00.000000000,BEST_ASK,"JPM,100644,471"
2019-06-28 13:37:00.000000000,LAST_TRADE,"8,$100402.0000"
2019-06-28 13:37:00.000000000,QUERY_SPREAD,79
2019-06-28 13:37:00.000000000,BEST_BID,"JPM,100402,651"
2019-06-28 13:37:00.000000000,BEST_ASK,"JPM,100644,471"
2019-06-28 13:37:00.000000000,LAST_TRADE,"5,$100402.0000"
2019-06-28 13:37:00.000000000,QUERY_SPREAD,80
2019-06-28 13:37:00.000000000,BEST_BID,"JPM,100402,643"
2019-06-28 13:37:00.000000000,BEST_ASK,"JPM,100644,471"
2019-06-28 13:37:00.000000000,LAST_TRADE,"8,$100402.0000"
2019-06-28 13:37:00.000000000,QUERY_SPREAD,81
2019-06-28 13:37:00.000000000,BEST_BID,"JPM,100402,634"
2019-06-28 13:37:00.000000000,BEST_ASK,"JPM,100644,471"
2019-06-28 13:37:00.000000000,LAST_TRADE,"9,$100402.0000"
2019-06-28 13:37:00.000000000,QUERY_SPREAD,82
2019-06-28 13:37:00.000000000,BEST_BID,"JPM,100402,631"
2019-06-28 13:37:00.000000000,BEST_ASK,"JPM,100644,471"
2019-06-28 13:37:00.000000000,LAST_TRADE,"3,$100402.0000"
2019-06-28 13:37:00.000000000,QUERY_SPREAD,83
2019-06-28 13:37:00.000000000,BEST_BID,"JPM,100402,623"
2019-06-28 13:37:00.000000000,BEST_ASK,"JPM,100644,471"
2019-06-28 13:37:00.000000000,LAST_TRADE,"8,$100402.0000"
2019-06-28 13:37:00.000000000,QUERY_SPREAD,84
2019-06-28 13:37:00.000000000,BEST_BID,"JPM,100402,619"
2019-06-28 13:37:00.000000000,BEST_ASK,"JPM,100644,471"
2019-06-28 13:37:00.000000000,LAST_TRADE,"4,$100402.0000"
2019-06-28 13:37:00.000000000,QUERY_SPREAD,85
2019-06-28 13:37:00.000000000,BEST_BID,"JPM,100402,614"
2019-06-28 13:37:00.000000000,BEST_ASK,"JPM,100644,471"
2019-06-28 13:37:00.000000000,LAST_TRADE,"5,$100402.0000"
2019-06-28 13:37:00.000000000,QUERY_SPREAD,86
2019-06-28 13:37:00.000000000,BEST_BID,"JPM,100402,612"
2019-06-28 13:37:00.000000000,BEST_ASK,"JPM,100644,471"
2019-06-28 13:37:00.000000000,LAST_TRADE,"2,$100402.0000"
2019-06-28 13:37:00.000000000,QUERY_SPREAD,87
2019-06-28 13:37:00.000000000,BEST_BID,"JPM,100402,605"
2019-06-28 13:37:00.000000000,BEST_ASK,"JPM,100644,471"
2019-06-28 13:37:00.000000000,LAST_TRADE,"7,$100402.0000"
2019-06-28 13:37:00.000000000,QUERY_SPREAD,88
2019-06-28 13:37:00.000000000,BEST_BID,"JPM,100402,597"
2019-06-28 13:37:00.000000000,BEST_ASK,"JPM,100644,471"
2019-06-28 13:37:00.000000000,LAST_TRADE,"8,$100402.0000"
2019-06-28 13:37:00.000000000,QUERY_SPREAD,89
2019-06-28 13:37:00.000000000,BEST_BID,"JPM,100402,592"
2019-06-28 13:37:00.000000000,BEST_ASK,"JPM,100644,471"
2019-06-28 13:37:00.000000000,LAST_TRADE,"5,$100402.0000"
2019-06-28 13:37:00.000000000,QUERY_SPREAD,90
2019-06-28 13:37:00.000000000,BEST_BID,"JPM,100402,588"
2019-06-28 13:37:00.000000000,BEST_ASK,"JPM,100644,471"
2019-06-28 13:37:00.000000000,LAST_TRADE,"4,$100402.0000"
2019-06-28 13:37:00.000000000,QUERY_SPREAD,91
2019-06-28 13:37:00.000000000,BEST_BID,"JPM,100402,585"
2019-06-28 13:37:00.000000000,BEST_ASK,"JPM,100644,471"
2019-06-28 13:37:00.000000000,LAST_TRADE,"3,$100402.0000"
2019-06-28 13:37:00.000000000,QUERY_SPREAD,92
2019-06-28 13:37:00.000000000,BEST_BID,"JPM,100402,580"
2019-06-28 13:37:00.000000000,BEST_ASK,"JPM,100644,471"
2019-06-28 13:37:00.000000000,LAST_TRADE,"5,$100402.0000"
2019-06-28 13:37:00.000000000,QUERY_SPREAD,93
2019-06-28 13:37:00.000000000,BEST_BID,"JPM,100402,573"
2019-06-28 13:37:00.000000000,BEST_ASK,"JPM,100644,471"
2019-06-28 13:37:00.000000000,LAST_TRADE,"7,$100402.0000"
2019-06-28 13:37:00.000000000,QUERY_SPREAD,94
2019-06-28 13:37:00.000000000,BEST_BID,"JPM,100402,572"
2019-06-28 13:37:00.000000000,BEST_ASK,"JPM,100644,471"
2019-06-28 13:37:00.000000000,LAST_TRADE,"1,$100402.0000"
2019-06-28 13:37:00.000000000,QUERY_SPREAD,95
2019-06-28 13:37:00.000000000,BEST_BID,"JPM,100402,571"
2019-06-28 13:37:00.000000000,BEST_ASK,"JPM,100644,471"
2019-06-28 13:37:00.000000000,LAST_TRADE,"1,$100402.0000"
2019-06-28 13:37:00.000000000,QUERY_SPREAD,96
2019-06-28 13:37:00.000000000,BEST_BID,"JPM,100402,567"
2019-06-28 13:37:00.000000000,BEST_ASK,"JPM,100644,471"
2019-06-28 13:37:00.000000000,LAST_TRADE,"4,$100402.0000"
2019-06-28 13:37:00.000000000,QUERY_SPREAD,97
2019-06-28 13:37:00.000000000,BEST_BID,"JPM,100402,564"
2019-06-28 13:37:00.000000000,BEST_ASK,"JPM,100644,471"
2019-06-28 13:37:00.000000000,LAST_TRADE,"3,$100402.0000"
2019-06-28 13:37:00.000000000,QUERY_SPREAD,98
2019-06-28 13:37:00.000000000,BEST_BID,"JPM,100402,559"
2019-06-28 13:37:00.000000000,BEST_ASK,"JPM,100644,471"
2019-06-28 13:37:00.000000000,LAST_TRADE,"5,$100402.0000"
2019-06-28 13:37:00.000000000,QUERY_SPREAD,99
2019-06-28 13:37:00.000000000,BEST_BID,"JPM,100402,555"
2019-06-28 13:37:00.000000000,BEST_ASK,"JPM,100644,471"
2019-06-28 13:37:00.000000000,LAST_TRADE,"4,$100402.0000"
2019-06-28 13:37:00.000000000,QUERY_SPREAD,100
2019-06-28 13:37:00.000000000,BEST_BID,"JPM,100402,550"
2019-06-28 13:37:00.000000000,BEST_ASK,"JPM,100644,471"
2019-06-28 13:37:00.000000000,LAST_TRADE,"5,$100402.0000"
2019-06-28 13:37:00.000000000,QUERY_SPREAD,101
2019-06-28 13:37:00.000000000,BEST_BID,"JPM,100402,549"
2019-06-28 13:37:00.000000000,BEST_ASK,"JPM,100644,471"
2019-06-28 13:37:00.000000000,LAST_TRADE,"1,$100402.0000"
2019-06-28 13:37:10.000000000,QUERY_SPREAD,1
2019-06-28 13:37:10.000000000,BEST_BID,"JPM,100402,271"
2019-06-28 13:37:10.000000000,BEST_ASK,"JPM,100644,100"
2019-06-28 13:37:10.000000000,BEST_BID,"JPM,100402,271"
2019-06-28 13:37:10.000000000,BEST_ASK,"JPM,100644,100"
2019-06-28 13:37:10.000000000,BEST_BID,"JPM,100402,271"
2019-06-28 13:37:10.000000000,BEST_ASK,"JPM,100644,100"
2019-06-28 13:37:10.000000000,BEST_BID,"JPM,100402,271"
2019-06-28 13:37:10.000000000,BEST_ASK,"JPM,100644,100"
2019-06-28 13:37:10.000000000,BEST_BID,"JPM,100402,271"
2019-06-28 13:37:10.000000000,BEST_ASK,"JPM,100644,193"
2019-06-28 13:37:10.000000000,BEST_BID,"JPM,100402,271"
2019-06-28 13:37:10.000000000,BEST_ASK,"JPM,100644,193"
2019-06-28 13:37:10.000000000,BEST_BID,"JPM,100402,271"
2019-06-28 13:37:10.000000000,BEST_ASK,"JPM,100644,193"
2019-06-28 13:37:10.000000000,BEST_BID,"JPM,100402,271"
2019-06-28 13:37:10.000000000,BEST_ASK,"JPM,100644,193"
2019-06-28 13:37:20.000000000,QUERY_SPREAD,1
2019-06-28 13:37:20.000000000,BEST_BID,"JPM,100402,271"
2019-06-28 13:37:20.000000000,BEST_ASK,"JPM,100644,100"
2019-06-28 13:37:20.000000000,BEST_BID,"JPM,100402,271"
2019-06-28 13:37:20.000000000,BEST_ASK,"JPM,100644,100"
2019-06-28 13:37:20.000000000,BEST_BID,"JPM,100402,271"
2019-06-28 13:37:20.000000000,BEST_ASK,"JPM,100644,100"
2019-06-28 13:37:20.000000000,BEST_BID,"JPM,100402,271"
2019-06-28 13:37:20.000000000,BEST_ASK,"JPM,100644,100"
2019-06-28 13:37:20.000000000,BEST_BID,"JPM,100402,271"
2019-06-28 13:37:20.000000000,BEST_ASK,"JPM,100644,193"
2019-06-28 13:37:20.000000000,BEST_BID,"JPM,100402,271"
2019-06-28 13:37:20.000000000,BEST_ASK,"JPM,100644,193"
2019-06-28 13:37:20.000000000,BEST_BID,"JPM,100402,271"
2019-06-28 13:37:20.000000000,BEST_ASK,"JPM,100644,193"
2019-06-28 13:37:20.000000000,BEST_BID,"JPM,100402,271"
2019-06-28 13:37:20.000000000,BEST_ASK,"JPM,100644,193"
2019-06-28 13:37:30.000000000,QUERY_SPREAD,1
2019-06-28 13:37:30.000000000,BEST_BID,"JPM,100402,549"
2019-06-28 13:37:30.000000000,BEST_ASK,"JPM,100644,100"
2019-06-28 13:37:30.000000000,BEST_BID,"JPM,100402,549"
2019-06-28 13:37:30.000000000,BEST_ASK,"JPM,100644,471"
2019-06-28 13:37:33.139284602,QUERY_SPREAD,27
2019-06-28 13:37:33.139284602,BEST_BID,"JPM,100402,449"
2019-06-28 13:37:33.139284602,BEST_ASK,"JPM,100644,471"
2019-06-28 13:37:33.139284602,LAST_TRADE,"100,$100402.0000"
2019-06-28 13:37:34.268145338,QUERY_ORDER_STREAM,59
2019-06-28 13:37:34.268145338,QUERY_SPREAD,59
2019-06-28 13:37:40.000000000,QUERY_SPREAD,1
2019-06-28 13:37:40.000000000,BEST_BID,"JPM,100402,449"
2019-06-28 13:37:40.000000000,BEST_ASK,"JPM,100644,100"
2019-06-28 13:37:40.000000000,BEST_BID,"JPM,100402,449"
2019-06-28 13:37:40.000000000,BEST_ASK,"JPM,100644,471"
2019-06-28 13:37:42.375528243,QUERY_ORDER_STREAM,75
2019-06-28 13:37:42.375528243,QUERY_SPREAD,75
2019-06-28 13:37:50.000000000,QUERY_SPREAD,1
2019-06-28 13:37:50.000000000,BEST_BID,"JPM,100402,449"
2019-06-28 13:37:50.000000000,BEST_ASK,"JPM,100644,100"
2019-06-28 13:37:50.000000000,BEST_BID,"JPM,100402,449"
2019-06-28 13:37:50.000000000,BEST_ASK,"JPM,100644,471"
2019-06-28 13:38:00.000000000,QUERY_SPREAD,1
2019-06-28 13:38:00.000000000,BEST_BID,"JPM,100402,152"
2019-06-28 13:38:00.000000000,BEST_ASK,"JPM,100644,100"
2019-06-28 13:38:00.000000000,BEST_BID,"JPM,100402,152"
2019-06-28 13:38:00.000000000,BEST_ASK,"JPM,100644,100"
2019-06-28 13:38:00.000000000,BEST_BID,"JPM,100402,152"
2019-06-28 13:38:00.000000000,BEST_ASK,"JPM,100644,100"
2019-06-28 13:38:00.000000000,BEST_BID,"JPM,100402,152"
2019-06-28 13:38:00.000000000,BEST_ASK,"JPM,100644,100"
2019-06-28 13:38:00.000000000,BEST_BID,"JPM,100402,152"
2019-06-28 13:38:00.000000000,BEST_ASK,"JPM,100644,100"
2019-06-28 13:38:00.000000000,BEST_BID,"JPM,100402,152"
2019-06-28 13:38:00.000000000,BEST_ASK,"JPM,100644,174"
2019-06-28 13:38:00.000000000,BEST_BID,"JPM,100402,152"
2019-06-28 13:38:00.000000000,BEST_ASK,"JPM,100644,174"
2019-06-28 13:38:00.000000000,BEST_BID,"JPM,100402,152"
2019-06-28 13:38:00.000000000,BEST_ASK,"JPM,100644,174"
2019-06-28 13:38:00.000000000,BEST_BID,"JPM,100402,152"
2019-06-28 13:38:00.000000000,BEST_ASK,"JPM,100644,174"
2019-06-28 13:38:00.000000000,BEST_BID,"JPM,100402,152"
2019-06-28 13:38:00.000000000,BEST_ASK,"JPM,100644,174"
2019-06-28 13:38:00.000000000,QUERY_SPREAD,77
2019-06-28 13:38:00.000000000,BEST_BID,"JPM,100402,147"
2019-06-28 13:38:00.000000000,BEST_ASK,"JPM,100644,174"
2019-06-28 13:38:00.000000000,LAST_TRADE,"5,$100402.0000"
2019-06-28 13:38:00.000000000,QUERY_SPREAD,78
2019-06-28 13:38:00.000000000,BEST_BID,"JPM,100402,139"
2019-06-28 13:38:00.000000000,BEST_ASK,"JPM,100644,174"
2019-06-28 13:38:00.000000000,LAST_TRADE,"8,$100402.0000"
2019-06-28 13:38:00.000000000,QUERY_SPREAD,79
2019-06-28 13:38:00.000000000,BEST_BID,"JPM,100402,134"
2019-06-28 13:38:00.000000000,BEST_ASK,"JPM,100644,174"
2019-06-28 13:38:00.000000000,LAST_TRADE,"5,$100402.0000"
2019-06-28 13:38:00.000000000,QUERY_SPREAD,80
2019-06-28 13:38:00.000000000,BEST_BID,"JPM,100402,126"
2019-06-28 13:38:00.000000000,BEST_ASK,"JPM,100644,174"
2019-06-28 13:38:00.000000000,LAST_TRADE,"8,$100402.0000"
2019-06-28 13:38:00.000000000,QUERY_SPREAD,81
2019-06-28 13:38:00.000000000,BEST_BID,"JPM,100402,117"
2019-06-28 13:38:00.000000000,BEST_ASK,"JPM,100644,174"
2019-06-28 13:38:00.000000000,LAST_TRADE,"9,$100402.0000"
2019-06-28 13:38:00.000000000,QUERY_SPREAD,82
2019-06-28 13:38:00.000000000,BEST_BID,"JPM,100402,114"
2019-06-28 13:38:00.000000000,BEST_ASK,"JPM,100644,174"
2019-06-28 13:38:00.000000000,LAST_TRADE,"3,$100402.0000"
2019-06-28 13:38:00.000000000,QUERY_SPREAD,83
2019-06-28 13:38:00.000000000,BEST_BID,"JPM,100402,106"
2019-06-28 13:38:00.000000000,BEST_ASK,"JPM,100644,174"
2019-06-28 13:38:00.000000000,LAST_TRADE,"8,$100402.0000"
2019-06-28 13:38:00.000000000,QUERY_SPREAD,84
2019-06-28 13:38:00.000000000,BEST_BID,"JPM,100402,102"
2019-06-28 13:38:00.000000000,BEST_ASK,"JPM,100644,174"
2019-06-28 13:38:00.000000000,LAST_TRADE,"4,$100402.0000"
2019-06-28 13:38:00.000000000,QUERY_SPREAD,85
2019-06-28 13:38:00.000000000,BEST_BID,"JPM,100402,97"
2019-06-28 13:38:00.000000000,BEST_ASK,"JPM,100644,174"
2019-06-28 13:38:00.000000000,LAST_TRADE,"5,$100402.0000"
2019-06-28 13:38:00.000000000,QUERY_SPREAD,86
2019-06-28 13:38:00.000000000,BEST_BID,"JPM,100402,95"
2019-06-28 13:38:00.000000000,BEST_ASK,"JPM,100644,174"
2019-06-28 13:38:00.000000000,LAST_TRADE,"2,$100402.0000"
2019-06-28 13:38:00.000000000,QUERY_SPREAD,87
2019-06-28 13:38:00.000000000,BEST_BID,"JPM,100402,88"
2019-06-28 13:38:00.000000000,BEST_ASK,"JPM,100644,174"
2019-06-28 13:38:00.000000000,LAST_TRADE,"7,$100402.0000"
2019-06-28 13:38:00.000000000,QUERY_SPREAD,88
2019-06-28 13:38:00.000000000,BEST_BID,"JPM,100402,80"
2019-06-28 13:38:00.000000000,BEST_ASK,"JPM,100644,174"
2019-06-28 13:38:00.000000000,LAST_TRADE,"8,$100402.0000"
2019-06-28 13:38:00.000000000,QUERY_SPREAD,89
2019-06-28 13:38:00.000000000,BEST_BID,"JPM,100402,75"
2019-06-28 13:38:00.000000000,BEST_ASK,"JPM,100644,174"
2019-06-28 13:38:00.000000000,LAST_TRADE,"5,$100402.0000"
2019-06-28 13:38:00.000000000,QUERY_SPREAD,90
2019-06-28 13:38:00.000000000,BEST_BID,"JPM,100402,71"
2019-06-28 13:38:00.000000000,BEST_ASK,"JPM,100644,174"
2019-06-28 13:38:00.000000000,LAST_TRADE,"4,$100402.0000"
2019-06-28 13:38:00.000000000,QUERY_SPREAD,91
2019-06-28 13:38:00.000000000,BEST_BID,"JPM,100402,68"
2019-06-28 13:38:00.000000000,BEST_ASK,"JPM,100644,174"
2019-06-28 13:38:00.000000000,LAST_TRADE,"3,$100402.0000"
2019-06-28 13:38:00.000000000,QUERY_SPREAD,92
2019-06-28 13:38:00.000000000,BEST_BID,"JPM,100402,63"
2019-06-28 13:38:00.000000000,BEST_ASK,"JPM,100644,174"
2019-06-28 13:38:00.000000000,LAST_TRADE,"5,$100402.0000"
2019-06-28 13:38:00.000000000,QUERY_SPREAD,93
2019-06-28 13:38:00.000000000,BEST_BID,"JPM,100402,56"
2019-06-28 13:38:00.000000000,BEST_ASK,"JPM,100644,174"
2019-06-28 13:38:00.000000000,LAST_TRADE,"7,$100402.0000"
2019-06-28 13:38:00.000000000,QUERY_SPREAD,94
2019-06-28 13:38:00.000000000,BEST_BID,"JPM,100402,55"
2019-06-28 13:38:00.000000000,BEST_ASK,"JPM,100644,174"
2019-06-28 13:38:00.000000000,LAST_TRADE,"1,$100402.0000"
2019-06-28 13:38:00.000000000,QUERY_SPREAD,95
2019-06-28 13:38:00.000000000,BEST_BID,"JPM,100402,54"
2019-06-28 13:38:00.000000000,BEST_ASK,"JPM,100644,174"
2019-06-28 13:38:00.000000000,LAST_TRADE,"1,$100402.0000"
2019-06-28 13:38:00.000000000,QUERY_SPREAD,96
2019-06-28 13:38:00.000000000,BEST_BID,"JPM,100402,50"
2019-06-28 13:38:00.000000000,BEST_ASK,"JPM,100644,174"
2019-06-28 13:38:00.000000000,LAST_TRADE,"4,$100402.0000"
2019-06-28 13:38:00.000000000,QUERY_SPREAD,97
2019-06-28 13:38:00.000000000,BEST_BID,"JPM,100402,47"
2019-06-28 13:38:00.000000000,BEST_ASK,"JPM,100644,174"
2019-06-28 13:38:00.000000000,LAST_TRADE,"3,$100402.0000"
2019-06-28 13:38:00.000000000,QUERY_SPREAD,98
2019-06-28 13:38:00.000000000,BEST_BID,"JPM,100402,42"
2019-06-28 13:38:00.000000000,BEST_ASK,"JPM,100644,174"
2019-06-28 13:38:00.000000000,LAST_TRADE,"5,$100402.0000"
2019-06-28 13:38:00.000000000,QUERY_SPREAD,99
2019-06-28 13:38:00.000000000,BEST_BID,"JPM,100402,38"
2019-06-28 13:38:00.000000000,BEST_ASK,"JPM,100644,174"
2019-06-28 13:38:00.000000000,LAST_TRADE,"4,$100402.0000"
2019-06-28 13:38:00.000000000,QUERY_SPREAD,100
2019-06-28 13:38:00.000000000,BEST_BID,"JPM,100402,33"
2019-06-28 13:38:00.000000000,BEST_ASK,"JPM,100644,174"
2019-06-28 13:38:00.000000000,LAST_TRADE,"5,$100402.0000"
2019-06-28 13:38:00.000000000,QUERY_SPREAD,101
2019-06-28 13:38:00.000000000,BEST_BID,"JPM,100402,32"
2019-06-28 13:38:00.000000000,BEST_ASK,"JPM,100644,174"
2019-06-28 13:38:00.000000000,LAST_TRADE,"1,$100402.0000"
2019-06-28 13:38:10.000000000,QUERY_SPREAD,1
2019-06-28 13:38:10.000000000,BEST_BID,"JPM,100194,226"
2019-06-28 13:38:10.000000000,BEST_ASK,"JPM,100644,100"
2019-06-28 13:38:10.000000000,BEST_BID,"JPM,100194,226"
2019-06-28 13:38:10.000000000,BEST_ASK,"JPM,100644,100"
2019-06-28 13:38:10.000000000,BEST_BID,"JPM,100194,226"
2019-06-28 13:38:10.000000000,BEST_ASK,"JPM,100644,100"
2019-06-28 13:38:10.000000000,BEST_BID,"JPM,100194,226"
2019-06-28 13:38:10.000000000,BEST_ASK,"JPM,100644,226"
2019-06-28 13:38:10.000000000,BEST_BID,"JPM,100194,226"
2019-06-28 13:38:10.000000000,BEST_ASK,"JPM,100644,226"
2019-06-28 13:38:10.000000000,BEST_BID,"JPM,100194,226"
2019-06-28 13:38:10.000000000,BEST_ASK,"JPM,100644,226"
2019-06-28 13:38:20.000000000,QUERY_SPREAD,1
2019-06-28 13:38:20.000000000,BEST_BID,"JPM,100194,174"
2019-06-28 13:38:20.000000000,BEST_ASK,"JPM,100644,100"
2019-06-28 13:38:20.000000000,BEST_BID,"JPM,100194,174"
2019-06-28 13:38:20.000000000,BEST_ASK,"JPM,100644,100"
2019-06-28 13:38:20.000000000,BEST_BID,"JPM,100194,174"
2019-06-28 13:38:20.000000000,BEST_ASK,"JPM,100644,100"
2019-06-28 13:38:20.000000000,BEST_BID,"JPM,100194,174"
2019-06-28 13:38:20.000000000,BEST_ASK,"JPM,100644,100"
2019-06-28 13:38:20.000000000,BEST_BID,"JPM,100194,174"
2019-06-28 13:38:20.000000000,BEST_ASK,"JPM,100644,100"
2019-06-28 13:38:20.000000000,BEST_BID,"JPM,100194,174"
2019-06-28 13:38:20.000000000,BEST_ASK,"JPM,100644,174"
2019-06-28 13:38:20.000000000,BEST_BID,"JPM,100194,174"
2019-06-28 13:38:20.000000000,BEST_ASK,"JPM,100644,174"
2019-06-28 13:38:20.000000000,BEST_BID,"JPM,100194,174"
2019-06-28 13:38:20.000000000,BEST_ASK,"JPM,100644,174"
2019-06-28 13:38:20.000000000,BEST_BID,"JPM,100194,174"
2019-06-28 13:38:20.000000000,BEST_ASK,"JPM,100644,174"
2019-06-28 13:38:20.000000000,BEST_BID,"JPM,100194,174"
2019-06-28 13:38:20.000000000,BEST_ASK,"JPM,100644,174"
2019-06-28 13:38:30.000000000,QUERY_SPREAD,1
2019-06-28 13:38:30.000000000,BEST_BID,"JPM,100194,286"
2019-06-28 13:38:30.000000000,BEST_ASK,"JPM,100644,100"
2019-06-28 13:38:30.000000000,BEST_BID,"JPM,100194,286"
2019-06-28 13:38:30.000000000,BEST_ASK,"JPM,100644,100"
2019-06-28 13:38:30.000000000,BEST_BID,"JPM,100194,286"
2019-06-28 13:38:30.000000000,BEST_ASK,"JPM,100644,286"
2019-06-28 13:38:30.000000000,BEST_BID,"JPM,100194,286"
2019-06-28 13:38:30.000000000,BEST_ASK,"JPM,100644,286"
2019-06-28 13:38:30.627658597,QUERY_SPREAD,17
2019-06-28 13:38:30.627658597,BEST_BID,"JPM,100194,186"
2019-06-28 13:38:30.627658597,BEST_ASK,"JPM,100644,286"
2019-06-28 13:38:30.627658597,LAST_TRADE,"100,$100194.0000"
2019-06-28 13:38:35.612734759,QUERY_SPREAD,43
2019-06-28 13:38:35.612734759,BEST_BID,"JPM,100194,86"
2019-06-28 13:38:35.612734759,BEST_ASK,"JPM,100644,286"
2019-06-28 13:38:35.612734759,LAST_TRADE,"100,$100194.0000"
2019-06-28 13:38:37.129390963,QUERY_ORDER_STREAM,68
2019-06-28 13:38:37.129390963,QUERY_SPREAD,68
2019-06-28 13:38:40.000000000,QUERY_SPREAD,1
2019-06-28 13:38:40.000000000,BEST_BID,"JPM,100031,226"
2019-06-28 13:38:40.000000000,BEST_ASK,"JPM,100644,100"
2019-06-28 13:38:40.000000000,BEST_BID,"JPM,100031,226"
2019-06-28 13:38:40.000000000,BEST_ASK,"JPM,100644,100"
2019-06-28 13:38:40.000000000,BEST_BID,"JPM,100031,226"
2019-06-28 13:38:40.000000000,BEST_ASK,"JPM,100644,100"
2019-06-28 13:38:40.000000000,BEST_BID,"JPM,100031,226"
2019-06-28 13:38:40.000000000,BEST_ASK,"JPM,100644,226"
2019-06-28 13:38:40.000000000,BEST_BID,"JPM,100031,226"
2019-06-28 13:38:40.000000000,BEST_ASK,"JPM,100644,226"
2019-06-28 13:38:40.000000000,BEST_BID,"JPM,100031,226"
2019-06-28 13:38:40.000000000,BEST_ASK,"JPM,100644,226"
2019-06-28 13:38:50.000000000,QUERY_SPREAD,1
2019-06-28 13:38:50.000000000,BEST_BID,"JPM,100031,174"
2019-06-28 13:38:50.000000000,BEST_ASK,"JPM,100644,100"
2019-06-28 13:38:50.000000000,BEST_BID,"JPM,100031,174"
2019-06-28 13:38:50.000000000,BEST_ASK,"JPM,100644,100"
2019-06-28 13:38:50.000000000,BEST_BID,"JPM,100031,174"
2019-06-28 13:38:50.000000000,BEST_ASK,"JPM,100644,100"
2019-06-28 13:38:50.000000000,BEST_BID,"JPM,100031,174"
2019-06-28 13:38:50.000000000,BEST_ASK,"JPM,100644,100"
2019-06-28 13:38:50.000000000,BEST_BID,"JPM,100031,174"
2019-06-28 13:38:50.000000000,BEST_ASK,"JPM,100644,100"
2019-06-28 13:38:50.000000000,BEST_BID,"JPM,100031,174"
2019-06-28 13:38:50.000000000,BEST_ASK,"JPM,100644,174"
2019-06-28 13:38:50.000000000,BEST_BID,"JPM,100031,174"
2019-06-28 13:38:50.000000000,BEST_ASK,"JPM,100644,174"
2019-06-28 13:38:50.000000000,BEST_BID,"JPM,100031,174"
2019-06-28 13:38:50.000000000,BEST_ASK,"JPM,100644,174"
2019-06-28 13:38:50.000000000,BEST_BID,"JPM,100031,174"
2019-06-28 13:38:50.000000000,BEST_ASK,"JPM,100644,174"
2019-06-28 13:38:50.000000000,BEST_BID,"JPM,100031,174"
2019-06-28 13:38:50.000000000,BEST_ASK,"JPM,100644,174"
2019-06-28 13:39:00.000000000,QUERY_SPREAD,1
2019-06-28 13:39:00.000000000,BEST_BID,"JPM,100031,226"
2019-06-28 13:39:00.000000000,BEST_ASK,"JPM,100644,100"
2019-06-28 13:39:00.000000000,BEST_BID,"JPM,100031,226"
2019-06-28 13:39:00.000000000,BEST_ASK,"JPM,100644,100"
2019-06-28 13:39:00.000000000,BEST_BID,"JPM,100031,226"
2019-06-28 13:39:00.000000000,BEST_ASK,"JPM,100644,100"
2019-06-28 13:39:00.000000000,BEST_BID,"JPM,100031,226"
2019-06-28 13:39:00.000000000,BEST_ASK,"JPM,100644,226"
2019-06-28 13:39:00.000000000,BEST_BID,"JPM,100031,226"
2019-06-28 13:39:00.000000000,BEST_ASK,"JPM,100644,226"
2019-06-28 13:39:00.000000000,BEST_BID,"JPM,100031,226"
2019-06-28 13:39:00.000000000,BEST_ASK,"JPM,100644,226"
2019-06-28 13:39:00.000000000,QUERY_SPREAD,77
2019-06-28 13:39:00.000000000,BEST_BID,"JPM,100031,221"
2019-06-28 13:39:00.000000000,BEST_ASK,"JPM,100644,226"
2019-06-28 13:39:00.000000000,LAST_TRADE,"5,$100031.0000"
2019-06-28 13:39:00.000000000,QUERY_SPREAD,78
2019-06-28 13:39:00.000000000,BEST_BID,"JPM,100031,213"
2019-06-28 13:39:00.000000000,BEST_ASK,"JPM,100644,226"
2019-06-28 13:39:00.000000000,LAST_TRADE,"8,$100031.0000"
2019-06-28 13:39:00.000000000,QUERY_SPREAD,79
2019-06-28 13:39:00.000000000,BEST_BID,"JPM,100031,208"
2019-06-28 13:39:00.000000000,BEST_ASK,"JPM,100644,226"
2019-06-28 13:39:00.000000000,LAST_TRADE,"5,$100031.0000"
2019-06-28 13:39:00.000000000,QUERY_SPREAD,80
2019-06-28 13:39:00.000000000,BEST_BID,"JPM,100031,200"
2019-06-28 13:39:00.000000000,BEST_ASK,"JPM,100644,226"
2019-06-28 13:39:00.000000000,LAST_TRADE,"8,$100031.0000"
2019-06-28 13:39:00.000000000,QUERY_SPREAD,81
2019-06-28 13:39:00.000000000,BEST_BID,"JPM,100031,191"
2019-06-28 13:39:00.000000000,BEST_ASK,"JPM,100644,226"
2019-06-28 13:39:00.000000000,LAST_TRADE,"9,$100031.0000"
2019-06-28 13:39:00.000000000,QUERY_SPREAD,82
2019-06-28 13:39:00.000000000,BEST_BID,"JPM,100031,188"
2019-06-28 13:39:00.000000000,BEST_ASK,"JPM,100644,226"
2019-06-28 13:39:00.000000000,LAST_TRADE,"3,$100031.0000"
2019-06-28 13:39:00.000000000,QUERY_SPREAD,83
2019-06-28 13:39:00.000000000,BEST_BID,"JPM,100031,180"
2019-06-28 13:39:00.000000000,BEST_ASK,"JPM,100644,226"
2019-06-28 13:39:00.000000000,LAST_TRADE,"8,$100031.0000"
2019-06-28 13:39:00.000000000,QUERY_SPREAD,84
2019-06-28 13:39:00.000000000,BEST_BID,"JPM,100031,176"
2019-06-28 13:39:00.000000000,BEST_ASK,"JPM,100644,226"
2019-06-28 13:39:00.000000000,LAST_TRADE,"4,$100031.0000"
2019-06-28 13:39:00.000000000,QUERY_SPREAD,85
2019-06-28 13:39:00.000000000,BEST_BID,"JPM,100031,171"
2019-06-28 13:39:00.000000000,BEST_ASK,"JPM,100644,226"
2019-06-28 13:39:00.000000000,LAST_TRADE,"5,$100031.0000"
2019-06-28 13:39:00.000000000,QUERY_SPREAD,86
2019-06-28 13:39:00.000000000,BEST_BID,"JPM,100031,169"
2019-06-28 13:39:00.000000000,BEST_ASK,"JPM,100644,226"
2019-06-28 13:39:00.000000000,LAST_TRADE,"2,$100031.0000"
2019-06-28 13:39:00.000000000,QUERY_SPREAD,87
2019-06-28 13:39:00.000000000,BEST_BID,"JPM,100031,162"
2019-06-28 13:39:00.000000000,BEST_ASK,"JPM,100644,226"
2019-06-28 13:39:00.000000000,LAST_TRADE,"7,$100031.0000"
2019-06-28 13:39:00.000000000,QUERY_SPREAD,88
2019-06-28 13:39:00.000000000,BEST_BID,"JPM,100031,154"
2019-06-28 13:39:00.000000000,BEST_ASK,"JPM,100644,226"
2019-06-28 13:39:00.000000000,LAST_TRADE,"8,$100031.0000"
2019-06-28 13:39:00.000000000,QUERY_SPREAD,89
2019-06-28 13:39:00.000000000,BEST_BID,"JPM,100031,149"
2019-06-28 13:39:00.000000000,BEST_ASK,"JPM,100644,226"
2019-06-28 13:39:00.000000000,LAST_TRADE,"5,$100031.0000"
2019-06-28 13:39:00.000000000,QUERY_SPREAD,90
2019-06-28 13:39:00.000000000,BEST_BID,"JPM,100031,145"
2019-06-28 13:39:00.000000000,BEST_ASK,"JPM,100644,226"
2019-06-28 13:39:00.000000000,LAST_TRADE,"4,$100031.0000"
2019-06-28 13:39:00.000000000,QUERY_SPREAD,91
2019-06-28 13:39:00.000000000,BEST_BID,"JPM,100031,142"
2019-06-28 13:39:00.000000000,BEST_ASK,"JPM,100644,226"
2019-06-28 13:39:00.000000000,LAST_TRADE,"3,$100031.0000"
2019-06-28 13:39:00.000000000,QUERY_SPREAD,92
2019-06-28 13:39:00.000000000,BEST_BID,"JPM,100031,137"
2019-06-28 13:39:00.000000000,BEST_ASK,"JPM,100644,226"
2019-06-28 13:39:00.000000000,LAST_TRADE,"5,$100031.0000"
2019-06-28 13:39:00.000000000,QUERY_SPREAD,93
2019-06-28 13:39:00.000000000,BEST_BID,"JPM,100031,130"
2019-06-28 13:39:00.000000000,BEST_ASK,"JPM,100644,226"
2019-06-28 13:39:00.000000000,LAST_TRADE,"7,$100031.0000"
2019-06-28 13:39:00.000000000,QUERY_SPREAD,94
2019-06-28 13:39:00.000000000,BEST_BID,"JPM,100031,129"
2019-06-28 13:39:00.000000000,BEST_ASK,"JPM,100644,226"
2019-06-28 13:39:00.000000000,LAST_TRADE,"1,$100031.0000"
2019-06-28 13:39:00.000000000,QUERY_SPREAD,95
2019-06-28 13:39:00.000000000,BEST_BID,"JPM,100031,128"
2019-06-28 13:39:00.000000000,BEST_ASK,"JPM,100644,226"
2019-06-28 13:39:00.000000000,LAST_TRADE,"1,$100031.0000"
2019-06-28 13:39:00.000000000,QUERY_SPREAD,96
2019-06-28 13:39:00.000000000,BEST_BID,"JPM,100031,124"
2019-06-28 13:39:00.000000000,BEST_ASK,"JPM,100644,226"
2019-06-28 13:39:00.000000000,LAST_TRADE,"4,$100031.0000"
2019-06-28 13:39:00.000000000,QUERY_SPREAD,97
2019-06-28 13:39:00.000000000,BEST_BID,"JPM,100031,121"
2019-06-28 13:39:00.000000000,BEST_ASK,"JPM,100644,226"
2019-06-28 13:39:00.000000000,LAST_TRADE,"3,$100031.0000"
2019-06-28 13:39:00.000000000,QUERY_SPREAD,98
2019-06-28 13:39:00.000000000,BEST_BID,"JPM,100031,116"
2019-06-28 13:39:00.000000000,BEST_ASK,"JPM,100644,226"
2019-06-28 13:39:00.000000000,LAST_TRADE,"5,$100031.0000"
2019-06-28 13:39:00.000000000,QUERY_SPREAD,99
2019-06-28 13:39:00.000000000,BEST_BID,"JPM,100031,112"
2019-06-28 13:39:00.000000000,BEST_ASK,"JPM,100644,226"
2019-06-28 13:39:00.000000000,LAST_TRADE,"4,$100031.0000"
2019-06-28 13:39:00.000000000,QUERY_SPREAD,100
2019-06-28 13:39:00.000000000,BEST_BID,"JPM,100031,107"
2019-06-28 13:39:00.000000000,BEST_ASK,"JPM,100644,226"
2019-06-28 13:39:00.000000000,LAST_TRADE,"5,$100031.0000"
2019-06-28 13:39:00.000000000,QUERY_SPREAD,101
2019-06-28 13:39:00.000000000,BEST_BID,"JPM,100031,106"
2019-06-28 13:39:00.000000000,BEST_ASK,"JPM,100644,226"
2019-06-28 13:39:00.000000000,LAST_TRADE,"1,$100031.0000"
2019-06-28 13:39:09.132410865,QUERY_SPREAD,9
2019-06-28 13:39:09.132410865,BEST_BID,"JPM,100031,106"
2019-06-28 13:39:09.132410865,BEST_ASK,"JPM,100644,226"
2019-06-28 13:39:10.000000000,QUERY_SPREAD,1
2019-06-28 13:39:10.000000000,BEST_BID,"JPM,100001,286"
2019-06-28 13:39:10.000000000,BEST_ASK,"JPM,100644,100"
2019-06-28 13:39:10.000000000,BEST_BID,"JPM,100001,286"
2019-06-28 13:39:10.000000000,BEST_ASK,"JPM,100644,100"
2019-06-28 13:39:10.000000000,BEST_BID,"JPM,100001,286"
2019-06-28 13:39:10.000000000,BEST_ASK,"JPM,100644,286"
2019-06-28 13:39:10.000000000,BEST_BID,"JPM,100001,286"
2019-06-28 13:39:10.000000000,BEST_ASK,"JPM,100644,286"
2019-06-28 13:39:20.000000000,QUERY_SPREAD,1
2019-06-28 13:39:20.000000000,BEST_BID,"JPM,100001,226"
2019-06-28 13:39:20.000000000,BEST_ASK,"JPM,100644,100"
2019-06-28 13:39:20.000000000,BEST_BID,"JPM,100001,226"
2019-06-28 13:39:20.000000000,BEST_ASK,"JPM,100644,100"
2019-06-28 13:39:20.000000000,BEST_BID,"JPM,100001,226"
2019-06-28 13:39:20.000000000,BEST_ASK,"JPM,100644,100"
2019-06-28 13:39:20.000000000,BEST_BID,"JPM,100001,226"
2019-06-28 13:39:20.000000000,BEST_ASK,"JPM,100644,226"
2019-06-28 13:39:20.000000000,BEST_BID,"JPM,100001,226"
2019-06-28 13:39:20.000000000,BEST_ASK,"JPM,100644,226"
2019-06-28 13:39:20.000000000,BEST_BID,"JPM,100001,226"
2019-06-28 13:39:20.000000000,BEST_ASK,"JPM,100644,226"
2019-06-28 13:39:23.170153317,QUERY_SPREAD,8
2019-06-28 13:39:23.170153317,BEST_BID,"JPM,100001,226"
2019-06-28 13:39:23.170153317,BEST_ASK,"JPM,100644,226"
2019-06-28 13:39:30.000000000,QUERY_SPREAD,1
2019-06-28 13:39:30.000000000,BEST_BID,"JPM,100001,286"
2019-06-28 13:39:30.000000000,BEST_ASK,"JPM,100644,100"
2019-06-28 13:39:30.000000000,BEST_BID,"JPM,100001,286"
2019-06-28 13:39:30.000000000,BEST_ASK,"JPM,100644,100"
2019-06-28 13:39:30.000000000,BEST_BID,"JPM,100001,286"
2019-06-28 13:39:30.000000000,BEST_ASK,"JPM,100644,286"
2019-06-28 13:39:30.000000000,BEST_BID,"JPM,100001,286"
2019-06-28 13:39:30.000000000,BEST_ASK,"JPM,100644,286"
2019-06-28 13:39:40.000000000,QUERY_SPREAD,1
2019-06-28 13:39:40.000000000,BEST_BID,"JPM,100001,193"
2019-06-28 13:39:40.000000000,BEST_ASK,"JPM,100644,100"
2019-06-28 13:39:40.000000000,BEST_BID,"JPM,100001,193"
2019-06-28 13:39:40.000000000,BEST_ASK,"JPM,100644,100"
2019-06-28 13:39:40.000000000,BEST_BID,"JPM,100001,193"
2019-06-28 13:39:40.000000000,BEST_ASK,"JPM,100644,100"
2019-06-28 13:39:40.000000000,BEST_BID,"JPM,100001,193"
2019-06-28 13:39:40.000000000,BEST_ASK,"JPM,100644,100"
2019-06-28 13:39:40.000000000,BEST_BID,"JPM,100001,193"
2019-06-28 13:39:40.000000000,BEST_ASK,"JPM,100644,193"
2019-06-28 13:39:40.000000000,BEST_BID,"JPM,100001,193"
2019-06-28 13:39:40.000000000,BEST_ASK,"JPM,100644,193"
2019-06-28 13:39:40.000000000,BEST_BID,"JPM,100001,193"
2019-06-28 13:39:40.000000000,BEST_ASK,"JPM,100644,193"
2019-06-28 13:39:40.000000000,BEST_BID,"JPM,100001,193"
2019-06-28 13:39:40.000000000,BEST_ASK,"JPM,100644,193"
2019-06-28 13:39:50.000000000,QUERY_SPREAD,1
2019-06-28 13:39:50.000000000,BEST_BID,"JPM,100001,226"
2019-06-28 13:39:50.000000000,BEST_ASK,"JPM,100644,100"
2019-06-28 13:39:50.000000000,BEST_BID,"JPM,100001,226"
2019-06-28 13:39:50.000000000,BEST_ASK,"JPM,100644,100"
2019-06-28 13:39:50.000000000,BEST_BID,"JPM,100001,226"
2019-06-28 13:39:50.000000000,BEST_ASK,"JPM,100644,100"
2019-06-28 13:39:50.000000000,BEST_BID,"JPM,100001,226"
2019-06-28 13:39:50.000000000,BEST_ASK,"JPM,100644,226"
2019-06-28 13:39:50.000000000,BEST_BID,"JPM,100001,226"
2019-06-28 13:39:50.000000000,BEST_ASK,"JPM,100644,226"
2019-06-28 13:39:50.000000000,BEST_BID,"JPM,100001,226"
2019-06-28 13:39:50.000000000,BEST_ASK,"JPM,100644,226"
2019-06-28 13:40:00.000000000,QUERY_SPREAD,1
2019-06-28 13:40:00.000000000,BEST_BID,"JPM,100001,193"
2019-06-28 13:40:00.000000000,BEST_ASK,"JPM,100644,100"
2019-06-28 13:40:00.000000000,BEST_BID,"JPM,100001,193"
2019-06-28 13:40:00.000000000,BEST_ASK,"JPM,100644,100"
2019-06-28 13:40:00.000000000,BEST_BID,"JPM,100001,193"
2019-06-28 13:40:00.000000000,BEST_ASK,"JPM,100644,100"
2019-06-28 13:40:00.000000000,BEST_BID,"JPM,100001,193"
2019-06-28 13:40:00.000000000,BEST_ASK,"JPM,100644,100"
2019-06-28 13:40:00.000000000,BEST_BID,"JPM,100001,193"
2019-06-28 13:40:00.000000000,BEST_ASK,"JPM,100644,193"
2019-06-28 13:40:00.000000000,BEST_BID,"JPM,100001,193"
2019-06-28 13:40:00.000000000,BEST_ASK,"JPM,100644,193"
2019-06-28 13:40:00.000000000,BEST_BID,"JPM,100001,193"
2019-06-28 13:40:00.000000000,BEST_ASK,"JPM,100644,193"
2019-06-28 13:40:00.000000000,BEST_BID,"JPM,100001,193"
2019-06-28 13:40:00.000000000,BEST_ASK,"JPM,100644,193"
2019-06-28 13:40:00.000000000,QUERY_SPREAD,77
2019-06-28 13:40:00.000000000,BEST_BID,"JPM,100001,188"
2019-06-28 13:40:00.000000000,BEST_ASK,"JPM,100644,193"
2019-06-28 13:40:00.000000000,LAST_TRADE,"5,$100001.0000"
2019-06-28 13:40:00.000000000,QUERY_SPREAD,78
2019-06-28 13:40:00.000000000,BEST_BID,"JPM,100001,180"
2019-06-28 13:40:00.000000000,BEST_ASK,"JPM,100644,193"
2019-06-28 13:40:00.000000000,LAST_TRADE,"8,$100001.0000"
2019-06-28 13:40:00.000000000,QUERY_SPREAD,79
2019-06-28 13:40:00.000000000,BEST_BID,"JPM,100001,175"
2019-06-28 13:40:00.000000000,BEST_ASK,"JPM,100644,193"
2019-06-28 13:40:00.000000000,LAST_TRADE,"5,$100001.0000"
2019-06-28 13:40:00.000000000,QUERY_SPREAD,80
2019-06-28 13:40:00.000000000,BEST_BID,"JPM,100001,167"
2019-06-28 13:40:00.000000000,BEST_ASK,"JPM,100644,193"
2019-06-28 13:40:00.000000000,LAST_TRADE,"8,$100001.0000"
2019-06-28 13:40:00.000000000,QUERY_SPREAD,81
2019-06-28 13:40:00.000000000,BEST_BID,"JPM,100001,158"
2019-06-28 13:40:00.000000000,BEST_ASK,"JPM,100644,193"
2019-06-28 13:40:00.000000000,LAST_TRADE,"9,$100001.0000"
2019-06-28 13:40:00.000000000,QUERY_SPREAD,82
2019-06-28 13:40:00.000000000,BEST_BID,"JPM,100001,155"
2019-06-28 13:40:00.000000000,BEST_ASK,"JPM,100644,193"
2019-06-28 13:40:00.000000000,LAST_TRADE,"3,$100001.0000"
2019-06-28 13:40:00.000000000,QUERY_SPREAD,83
2019-06-28 13:40:00.000000000,BEST_BID,"JPM,100001,147"
2019-06-28 13:40:00.000000000,BEST_ASK,"JPM,100644,193"
2019-06-28 13:40:00.000000000,LAST_TRADE,"8,$100001.0000"
2019-06-28 13:40:00.000000000,QUERY_SPREAD,84
2019-06-28 13:40:00.000000000,BEST_BID,"JPM,100001,143"
2019-06-28 13:40:00.000000000,BEST_ASK,"JPM,100644,193"
2019-06-28 13:40:00.000000000,LAST_TRADE,"4,$100001.0000"
2019-06-28 13:40:00.000000000,QUERY_SPREAD,85
2019-06-28 13:40:00.000000000,BEST_BID,"JPM,100001,138"
2019-06-28 13:40:00.000000000,BEST_ASK,"JPM,100644,193"
2019-06-28 13:40:00.000000000,LAST_TRADE,"5,$100001.0000"
2019-06-28 13:40:00.000000000,QUERY_SPREAD,86
2019-06-28 13:40:00.000000000,BEST_BID,"JPM,100001,136"
2019-06-28 13:40:00.000000000,BEST_ASK,"JPM,100644,193"
2019-06-28 13:40:00.000000000,LAST_TRADE,"2,$100001.0000"
2019-06-28 13:40:00.000000000,QUERY_SPREAD,87
2019-06-28 13:40:00.000000000,BEST_BID,"JPM,100001,129"
2019-06-28 13:40:00.000000000,BEST_ASK,"JPM,100644,193"
2019-06-28 13:40:00.000000000,LAST_TRADE,"7,$100001.0000"
2019-06-28 13:40:00.000000000,QUERY_SPREAD,88
2019-06-28 13:40:00.000000000,BEST_BID,"JPM,100001,121"
2019-06-28 13:40:00.000000000,BEST_ASK,"JPM,100644,193"
2019-06-28 13:40:00.000000000,LAST_TRADE,"8,$100001.0000"
2019-06-28 13:40:00.000000000,QUERY_SPREAD,89
2019-06-28 13:40:00.000000000,BEST_BID,"JPM,100001,116"
2019-06-28 13:40:00.000000000,BEST_ASK,"JPM,100644,193"
2019-06-28 13:40:00.000000000,LAST_TRADE,"5,$100001.0000"
2019-06-28 13:40:00.000000000,QUERY_SPREAD,90
2019-06-28 13:40:00.000000000,BEST_BID,"JPM,100001,112"
2019-06-28 13:40:00.000000000,BEST_ASK,"JPM,100644,193"
2019-06-28 13:40:00.000000000,LAST_TRADE,"4,$100001.0000"
2019-06-28 13:40:00.000000000,QUERY_SPREAD,91
2019-06-28 13:40:00.000000000,BEST_BID,"JPM,100001,109"
2019-06-28 13:40:00.000000000,BEST_ASK,"JPM,100644,193"
2019-06-28 13:40:00.000000000,LAST_TRADE,"3,$100001.0000"
2019-06-28 13:40:00.000000000,QUERY_SPREAD,92
2019-06-28 13:40:00.000000000,BEST_BID,"JPM,100001,104"
2019-06-28 13:40:00.000000000,BEST_ASK,"JPM,100644,193"
2019-06-28 13:40:00.000000000,LAST_TRADE,"5,$100001.0000"
2019-06-28 13:40:00.000000000,QUERY_SPREAD,93
2019-06-28 13:40:00.000000000,BEST_BID,"JPM,100001,97"
2019-06-28 13:40:00.000000000,BEST_ASK,"JPM,100644,193"
2019-06-28 13:40:00.000000000,LAST_TRADE,"7,$100001.0000"
2019-06-28 13:40:00.000000000,QUERY_SPREAD,94
2019-06-28 13:40:00.000000000,BEST_BID,"JPM,100001,96"
2019-06-28 13:40:00.000000000,BEST_ASK,"JPM,100644,193"
2019-06-28 13:40:00.000000000,LAST_TRADE,"1,$100001.0000"
2019-06-28 13:40:00.000000000,QUERY_SPREAD,95
2019-06-28 13:40:00.000000000,BEST_BID,"JPM,100001,95"
2019-06-28 13:40:00.000000000,BEST_ASK,"JPM,100644,193"
2019-06-28 13:40:00.000000000,LAST_TRADE,"1,$100001.0000"
2019-06-28 13:40:00.000000000,QUERY_SPREAD,96
2019-06-28 13:40:00.000000000,BEST_BID,"JPM,100001,91"
2019-06-28 13:40:00.000000000,BEST_ASK,"JPM,100644,193"
2019-06-28 13:40:00.000000000,LAST_TRADE,"4,$100001.0000"
2019-06-28 13:40:00.000000000,QUERY_SPREAD,97
2019-06-28 13:40:00.000000000,BEST_BID,"JPM,100001,88"
2019-06-28 13:40:00.000000000,BEST_ASK,"JPM,100644,193"
2019-06-28 13:40:00.000000000,LAST_TRADE,"3,$100001.0000"
2019-06-28 13:40:00.000000000,QUERY_SPREAD,98
2019-06-28 13:40:00.000000000,BEST_BID,"JPM,100001,83"
2019-06-28 13:40:00.000000000,BEST_ASK,"JPM,100644,193"
2019-06-28 13:40:00.000000000,LAST_TRADE,"5,$100001.0000"
2019-06-28 13:40:00.000000000,QUERY_SPREAD,99
2019-06-28 13:40:00.000000000,BEST_BID,"JPM,100001,79"
2019-06-28 13:40:00.000000000,BEST_ASK,"JPM,100644,193"
2019-06-28 13:40:00.000000000,LAST_TRADE,"4,$100001.0000"
2019-06-28 13:40:00.000000000,QUERY_SPREAD,100
2019-06-28 13:40:00.000000000,BEST_BID,"JPM,100001,74"
2019-06-28 13:40:00.000000000,BEST_ASK,"JPM,100644,193"
2019-06-28 13:40:00.000000000,LAST_TRADE,"5,$100001.0000"
2019-06-28 13:40:00.000000000,QUERY_SPREAD,101
2019-06-28 13:40:00.000000000,BEST_BID,"JPM,100001,74"
2019-06-28 13:40:00.000000000,BEST_ASK,"JPM,100644,192"
2019-06-28 13:40:00.000000000,LAST_TRADE,"1,$100644.0000"
2019-06-28 13:40:04.453450149,QUERY_SPREAD,51
2019-06-28 13:40:04.453450149,BEST_BID,"JPM,99774,193"
2019-06-28 13:40:04.453450149,BEST_ASK,"JPM,100001,26"
2019-06-28 13:40:04.453450149,LAST_TRADE,"74,$100001.0000"
2019-06-28 13:40:10.000000000,QUERY_SPREAD,1
2019-06-28 13:40:10.000000000,BEST_BID,"JPM,99774,174"
2019-06-28 13:40:10.000000000,BEST_ASK,"JPM,100001,26"
2019-06-28 13:40:10.000000000,BEST_BID,"JPM,99774,174"
2019-06-28 13:40:10.000000000,BEST_ASK,"JPM,100001,26"
2019-06-28 13:40:10.000000000,BEST_BID,"JPM,99774,174"
2019-06-28 13:40:10.000000000,BEST_ASK,"JPM,100001,26"
2019-06-28 13:40:10.000000000,BEST_BID,"JPM,99774,174"
2019-06-28 13:40:10.000000000,BEST_ASK,"JPM,100001,26"
2019-06-28 13:40:10.000000000,BEST_BID,"JPM,99774,174"
2019-06-28 13:40:10.000000000,BEST_ASK,"JPM,100001,26"
2019-06-28 13:40:10.000000000,BEST_BID,"JPM,99774,174"
2019-06-28 13:40:10.000000000,BEST_ASK,"JPM,100001,100"
2019-06-28 13:40:10.000000000,BEST_BID,"JPM,99774,174"
2019-06-28 13:40:10.000000000,BEST_ASK,"JPM,100001,100"
2019-06-28 13:40:10.000000000,BEST_BID,"JPM,99774,174"
2019-06-28 13:40:10.000000000,BEST_ASK,"JPM,100001,100"
2019-06-28 13:40:10.000000000,BEST_BID,"JPM,99774,174"
2019-06-28 13:40:10.000000000,BEST_ASK,"JPM,100001,100"
2019-06-28 13:40:10.000000000,BEST_BID,"JPM,99774,174"
2019-06-28 13:40:10.000000000,BEST_ASK,"JPM,100001,100"
2019-06-28 13:40:20.000000000,QUERY_SPREAD,1
2019-06-28 13:40:20.000000000,BEST_BID,"JPM,99774,174"
2019-06-28 13:40:20.000000000,BEST_ASK,"JPM,100001,26"
2019-06-28 13:40:20.000000000,BEST_BID,"JPM,99774,174"
2019-06-28 13:40:20.000000000,BEST_ASK,"JPM,100001,26"
2019-06-28 13:40:20.000000000,BEST_BID,"JPM,99774,174"
2019-06-28 13:40:20.000000000,BEST_ASK,"JPM,100001,26"
2019-06-28 13:40:20.000000000,BEST_BID,"JPM,99774,174"
2019-06-28 13:40:20.000000000,BEST_ASK,"JPM,100001,26"
2019-06-28 13:40:20.000000000,BEST_BID,"JPM,99774,174"
2019-06-28 13:40:20.000000000,BEST_ASK,"JPM,100001,26"
2019-06-28 13:40:20.000000000,BEST_BID,"JPM,99774,174"
2019-06-28 13:40:20.000000000,BEST_ASK,"JPM,100001,100"
2019-06-28 13:40:20.000000000,BEST_BID,"JPM,99774,174"
2019-06-28 13:40:20.000000000,BEST_ASK,"JPM,100001,100"
2019-06-28 13:40:20.000000000,BEST_BID,"JPM,99774,174"
2019-06-28 13:40:20.000000000,BEST_ASK,"JPM,100001,100"
2019-06-28 13:40:20.000000000,BEST_BID,"JPM,99774,174"
2019-06-28 13:40:20.000000000,BEST_ASK,"JPM,100001,100"
2019-06-28 13:40:20.000000000,BEST_BID,"JPM,99774,174"
2019-06-28 13:40:20.000000000,BEST_ASK,"JPM,100001,100"
2019-06-28 13:40:30.000000000,QUERY_SPREAD,1
2019-06-28 13:40:30.000000000,BEST_BID,"JPM,99774,471"
2019-06-28 13:40:30.000000000,BEST_ASK,"JPM,100001,26"
2019-06-28 13:40:30.000000000,BEST_BID,"JPM,99774,471"
2019-06-28 13:40:30.000000000,BEST_ASK,"JPM,100001,397"
2019-06-28 13:40:40.000000000,QUERY_SPREAD,1
2019-06-28 13:40:40.000000000,BEST_BID,"JPM,99774,286"
2019-06-28 13:40:40.000000000,BEST_ASK,"JPM,100001,26"
2019-06-28 13:40:40.000000000,BEST_BID,"JPM,99774,286"
2019-06-28 13:40:40.000000000,BEST_ASK,"JPM,100001,26"
2019-06-28 13:40:40.000000000,BEST_BID,"JPM,99774,286"
2019-06-28 13:40:40.000000000,BEST_ASK,"JPM,100001,212"
2019-06-28 13:40:40.000000000,BEST_BID,"JPM,99774,286"
2019-06-28 13:40:40.000000000,BEST_ASK,"JPM,100001,212"
2019-06-28 13:40:50.000000000,QUERY_SPREAD,1
2019-06-28 13:40:50.000000000,BEST_BID,"JPM,99774,226"
2019-06-28 13:40:50.000000000,BEST_ASK,"JPM,100001,26"
2019-06-28 13:40:50.000000000,BEST_BID,"JPM,99774,226"
2019-06-28 13:40:50.000000000,BEST_ASK,"JPM,100001,26"
2019-06-28 13:40:50.000000000,BEST_BID,"JPM,99774,226"
2019-06-28 13:40:50.000000000,BEST_ASK,"JPM,100001,26"
2019-06-28 13:40:50.000000000,BEST_BID,"JPM,99774,226"
2019-06-28 13:40:50.000000000,BEST_ASK,"JPM,100001,152"
2019-06-28 13:40:50.000000000,BEST_BID,"JPM,99774,226"
2019-06-28 13:40:50.000000000,BEST_ASK,"JPM,100001,152"
2019-06-28 13:40:50.000000000,BEST_BID,"JPM,99774,226"
2019-06-28 13:40:50.000000000,BEST_ASK,"JPM,100001,152"
2019-06-28 13:41:00.000000000,QUERY_SPREAD,1
2019-06-28 13:41:00.000000000,BEST_BID,"JPM,99774,286"
2019-06-28 13:41:00.000000000,BEST_ASK,"JPM,100001,26"
2019-06-28 13:41:00.000000000,BEST_BID,"JPM,99774,286"
2019-06-28 13:41:00.000000000,BEST_ASK,"JPM,100001,26"
2019-06-28 13:41:00.000000000,BEST_BID,"JPM,99774,286"
2019-06-28 13:41:00.000000000,BEST_ASK,"JPM,100001,212"
2019-06-28 13:41:00.000000000,BEST_BID,"JPM,99774,286"
2019-06-28 13:41:00.000000000,BEST_ASK,"JPM,100001,212"
2019-06-28 13:41:00.000000000,QUERY_SPREAD,77
2019-06-28 13:41:00.000000000,BEST_BID,"JPM,99774,281"
2019-06-28 13:41:00.000000000,BEST_ASK,"JPM,100001,212"
2019-06-28 13:41:00.000000000,LAST_TRADE,"5,$99774.0000"
2019-06-28 13:41:00.000000000,QUERY_SPREAD,78
2019-06-28 13:41:00.000000000,BEST_BID,"JPM,99774,273"
2019-06-28 13:41:00.000000000,BEST_ASK,"JPM,100001,212"
2019-06-28 13:41:00.000000000,LAST_TRADE,"8,$99774.0000"
2019-06-28 13:41:00.000000000,QUERY_SPREAD,79
2019-06-28 13:41:00.000000000,BEST_BID,"JPM,99774,268"
2019-06-28 13:41:00.000000000,BEST_ASK,"JPM,100001,212"
2019-06-28 13:41:00.000000000,LAST_TRADE,"5,$99774.0000"
2019-06-28 13:41:00.000000000,QUERY_SPREAD,80
2019-06-28 13:41:00.000000000,BEST_BID,"JPM,99774,260"
2019-06-28 13:41:00.000000000,BEST_ASK,"JPM,100001,212"
2019-06-28 13:41:00.000000000,LAST_TRADE,"8,$99774.0000"
2019-06-28 13:41:00.000000000,QUERY_SPREAD,81
2019-06-28 13:41:00.000000000,BEST_BID,"JPM,99774,251"
2019-06-28 13:41:00.000000000,BEST_ASK,"JPM,100001,212"
2019-06-28 13:41:00.000000000,LAST_TRADE,"9,$99774.0000"
2019-06-28 13:41:00.000000000,QUERY_SPREAD,82
2019-06-28 13:41:00.000000000,BEST_BID,"JPM,99774,248"
2019-06-28 13:41:00.000000000,BEST_ASK,"JPM,100001,212"
2019-06-28 13:41:00.000000000,LAST_TRADE,"3,$99774.0000"
2019-06-28 13:41:00.000000000,QUERY_SPREAD,83
2019-06-28 13:41:00.000000000,BEST_BID,"JPM,99774,240"
2019-06-28 13:41:00.000000000,BEST_ASK,"JPM,100001,212"
2019-06-28 13:41:00.000000000,LAST_TRADE,"8,$99774.0000"
2019-06-28 13:41:00.000000000,QUERY_SPREAD,84
2019-06-28 13:41:00.000000000,BEST_BID,"JPM,99774,236"
2019-06-28 13:41:00.000000000,BEST_ASK,"JPM,100001,212"
2019-06-28 13:41:00.000000000,LAST_TRADE,"4,$99774.0000"
2019-06-28 13:41:00.000000000,QUERY_SPREAD,85
2019-06-28 13:41:00.000000000,BEST_BID,"JPM,99774,231"
2019-06-28 13:41:00.000000000,BEST_ASK,"JPM,100001,212"
2019-06-28 13:41:00.000000000,LAST_TRADE,"5,$99774.0000"
2019-06-28 13:41:00.000000000,QUERY_SPREAD,86
2019-06-28 13:41:00.000000000,BEST_BID,"JPM,99774,229"
2019-06-28 13:41:00.000000000,BEST_ASK,"JPM,100001,212"
2019-06-28 13:41:00.000000000,LAST_TRADE,"2,$99774.0000"
2019-06-28 13:41:00.000000000,QUERY_SPREAD,87
2019-06-28 13:41:00.000000000,BEST_BID,"JPM,99774,222"
2019-06-28 13:41:00.000000000,BEST_ASK,"JPM,100001,212"
2019-06-28 13:41:00.000000000,LAST_TRADE,"7,$99774.0000"
2019-06-28 13:41:00.000000000,QUERY_SPREAD,88
2019-06-28 13:41:00.000000000,BEST_BID,"JPM,99774,214"
2019-06-28 13:41:00.000000000,BEST_ASK,"JPM,100001,212"
2019-06-28 13:41:00.000000000,LAST_TRADE,"8,$99774.0000"
2019-06-28 13:41:00.000000000,QUERY_SPREAD,89
2019-06-28 13:41:00.000000000,BEST_BID,"JPM,99774,209"
2019-06-28 13:41:00.000000000,BEST_ASK,"JPM,100001,212"
2019-06-28 13:41:00.000000000,LAST_TRADE,"5,$99774.0000"
2019-06-28 13:41:00.000000000,QUERY_SPREAD,90
2019-06-28 13:41:00.000000000,BEST_BID,"JPM,99774,205"
2019-06-28 13:41:00.000000000,BEST_ASK,"JPM,100001,212"
2019-06-28 13:41:00.000000000,LAST_TRADE,"4,$99774.0000"
2019-06-28 13:41:00.000000000,QUERY_SPREAD,91
2019-06-28 13:41:00.000000000,BEST_BID,"JPM,99774,202"
2019-06-28 13:41:00.000000000,BEST_ASK,"JPM,100001,212"
2019-06-28 13:41:00.000000000,LAST_TRADE,"3,$99774.0000"
2019-06-28 13:41:00.000000000,QUERY_SPREAD,92
2019-06-28 13:41:00.000000000,BEST_BID,"JPM,99774,197"
2019-06-28 13:41:00.000000000,BEST_ASK,"JPM,100001,212"
2019-06-28 13:41:00.000000000,LAST_TRADE,"5,$99774.0000"
2019-06-28 13:41:00.000000000,QUERY_SPREAD,93
2019-06-28 13:41:00.000000000,BEST_BID,"JPM,99774,190"
2019-06-28 13:41:00.000000000,BEST_ASK,"JPM,100001,212"
2019-06-28 13:41:00.000000000,LAST_TRADE,"7,$99774.0000"
2019-06-28 13:41:00.000000000,QUERY_SPREAD,94
2019-06-28 13:41:00.000000000,BEST_BID,"JPM,99774,189"
2019-06-28 13:41:00.000000000,BEST_ASK,"JPM,100001,212"
2019-06-28 13:41:00.000000000,LAST_TRADE,"1,$99774.0000"
2019-06-28 13:41:00.000000000,QUERY_SPREAD,95
2019-06-28 13:41:00.000000000,BEST_BID,"JPM,99774,188"
2019-06-28 13:41:00.000000000,BEST_ASK,"JPM,100001,212"
2019-06-28 13:41:00.000000000,LAST_TRADE,"1,$99774.0000"
2019-06-28 13:41:00.000000000,QUERY_SPREAD,96
2019-06-28 13:41:00.000000000,BEST_BID,"JPM,99774,184"
2019-06-28 13:41:00.000000000,BEST_ASK,"JPM,100001,212"
2019-06-28 13:41:00.000000000,LAST_TRADE,"4,$99774.0000"
2019-06-28 13:41:00.000000000,QUERY_SPREAD,97
2019-06-28 13:41:00.000000000,BEST_BID,"JPM,99774,181"
2019-06-28 13:41:00.000000000,BEST_ASK,"JPM,100001,212"
2019-06-28 13:41:00.000000000,LAST_TRADE,"3,$99774.0000"
2019-06-28 13:41:00.000000000,QUERY_SPREAD,98
2019-06-28 13:41:00.000000000,BEST_BID,"JPM,99774,176"
2019-06-28 13:41:00.000000000,BEST_ASK,"JPM,100001,212"
2019-06-28 13:41:00.000000000,LAST_TRADE,"5,$99774.0000"
2019-06-28 13:41:00.000000000,QUERY_SPREAD,99
2019-06-28 13:41:00.000000000,BEST_BID,"JPM,99774,172"
2019-06-28 13:41:00.000000000,BEST_ASK,"JPM,100001,212"
2019-06-28 13:41:00.000000000,LAST_TRADE,"4,$99774.0000"
2019-06-28 13:41:00.000000000,QUERY_SPREAD,100
2019-06-28 13:41:00.000000000,BEST_BID,"JPM,99774,167"
2019-06-28 13:41:00.000000000,BEST_ASK,"JPM,100001,212"
2019-06-28 13:41:00.000000000,LAST_TRADE,"5,$99774.0000"
2019-06-28 13:41:00.000000000,QUERY_SPREAD,101
2019-06-28 13:41:00.000000000,BEST_BID,"JPM,99774,167"
2019-06-28 13:41:00.000000000,BEST_ASK,"JPM,100001,211"
2019-06-28 13:41:00.000000000,LAST_TRADE,"1,$100001.0000"
2019-06-28 13:41:09.103604038,QUERY_SPREAD,48
2019-06-28 13:41:09.103604038,BEST_BID,"JPM,99774,67"
2019-06-28 13:41:09.103604038,BEST_ASK,"JPM,100001,211"
2019-06-28 13:41:09.103604038,LAST_TRADE,"100,$99774.0000"
2019-06-28 13:41:10.000000000,QUERY_SPREAD,1
2019-06-28 13:41:10.000000000,BEST_BID,"JPM,99680,193"
2019-06-28 13:41:10.000000000,BEST_ASK,"JPM,100001,25"
2019-06-28 13:41:10.000000000,BEST_BID,"JPM,99680,193"
2019-06-28 13:41:10.000000000,BEST_ASK,"JPM,100001,25"
2019-06-28 13:41:10.000000000,BEST_BID,"JPM,99680,193"
2019-06-28 13:41:10.000000000,BEST_ASK,"JPM,100001,25"
2019-06-28 13:41:10.000000000,BEST_BID,"JPM,99680,193"
2019-06-28 13:41:10.000000000,BEST_ASK,"JPM,100001,25"
2019-06-28 13:41:10.000000000,BEST_BID,"JPM,99680,193"
2019-06-28 13:41:10.000000000,BEST_ASK,"JPM,100001,118"
2019-06-28 13:41:10.000000000,BEST_BID,"JPM,99680,193"
2019-06-28 13:41:10.000000000,BEST_ASK,"JPM,100001,118"
2019-06-28 13:41:10.000000000,BEST_BID,"JPM,99680,193"
2019-06-28 13:41:10.000000000,BEST_ASK,"JPM,100001,118"
2019-06-28 13:41:10.000000000,BEST_BID,"JPM,99680,193"
2019-06-28 13:41:10.000000000,BEST_ASK,"JPM,100001,118"
2019-06-28 13:41:12.460301918,QUERY_SPREAD,4
2019-06-28 13:41:12.460301918,BEST_BID,"JPM,99680,193"
2019-06-28 13:41:12.460301918,BEST_ASK,"JPM,100001,118"
2019-06-28 13:41:20.000000000,QUERY_SPREAD,1
2019-06-28 13:41:20.000000000,BEST_BID,"JPM,99680,286"
2019-06-28 13:41:20.000000000,BEST_ASK,"JPM,100001,25"
2019-06-28 13:41:20.000000000,BEST_BID,"JPM,99680,286"
2019-06-28 13:41:20.000000000,BEST_ASK,"JPM,100001,25"
2019-06-28 13:41:20.000000000,BEST_BID,"JPM,99680,286"
2019-06-28 13:41:20.000000000,BEST_ASK,"JPM,100001,211"
2019-06-28 13:41:20.000000000,BEST_BID,"JPM,99680,286"
2019-06-28 13:41:20.000000000,BEST_ASK,"JPM,100001,211"
2019-06-28 13:41:27.632589153,QUERY_ORDER_STREAM,66
2019-06-28 13:41:27.632589153,QUERY_SPREAD,66
2019-06-28 13:41:30.000000000,QUERY_SPREAD,1
2019-06-28 13:41:30.000000000,BEST_BID,"JPM,99680,471"
2019-06-28 13:41:30.000000000,BEST_ASK,"JPM,100001,25"
2019-06-28 13:41:30.000000000,BEST_BID,"JPM,99680,471"
2019-06-28 13:41:30.000000000,BEST_ASK,"JPM,100001,396"
2019-06-28 13:41:33.046300483,QUERY_SPREAD,33
2019-06-28 13:41:33.046300483,BEST_BID,"JPM,99680,471"
2019-06-28 13:41:33.046300483,BEST_ASK,"JPM,100001,396"
2019-06-28 13:41:40.000000000,QUERY_SPREAD,1
2019-06-28 13:41:40.000000000,BEST_BID,"JPM,99680,193"
2019-06-28 13:41:40.000000000,BEST_ASK,"JPM,100001,25"
2019-06-28 13:41:40.000000000,BEST_BID,"JPM,99680,193"
2019-06-28 13:41:40.000000000,BEST_ASK,"JPM,100001,25"
2019-06-28 13:41:40.000000000,BEST_BID,"JPM,99680,193"
2019-06-28 13:41:40.000000000,BEST_ASK,"JPM,100001,25"
2019-06-28 13:41:40.000000000,BEST_BID,"JPM,99680,193"
2019-06-28 13:41:40.000000000,BEST_ASK,"JPM,100001,25"
2019-06-28 13:41:40.000000000,BEST_BID,"JPM,99680,193"
2019-06-28 13:41:40.000000000,BEST_ASK,"JPM,100001,118"
2019-06-28 13:41:40.000000000,BEST_BID,"JPM,99680,193"
2019-06-28 13:41:40.000000000,BEST_ASK,"JPM,100001,118"
2019-06-28 13:41:40.000000000,BEST_BID,"JPM,99680,193"
2019-06-28 13:41:40.000000000,BEST_ASK,"JPM,100001,118"
2019-06-28 13:41:40.000000000,BEST_BID,"JPM,99680,193"
2019-06-28 13:41:40.000000000,BEST_ASK,"JPM,100001,118"
2019-06-28 13:41:50.000000000,QUERY_SPREAD,1
2019-06-28 13:41:50.000000000,BEST_BID,"JPM,99680,174"
2019-06-28 13:41:50.000000000,BEST_ASK,"JPM,100001,25"
2019-06-28 13:41:50.000000000,BEST_BID,"JPM,99680,174"
2019-06-28 13:41:50.000000000,BEST_ASK,"JPM,100001,25"
2019-06-28 13:41:50.000000000,BEST_BID,"JPM,99680,174"
2019-06-28 13:41:50.000000000,BEST_ASK,"JPM,100001,25"
2019-06-28 13:41:50.000000000,BEST_BID,"JPM,99680,174"
2019-06-28 13:41:50.000000000,BEST_ASK,"JPM,100001,25"
2019-06-28 13:41:50.000000000,BEST_BID,"JPM,99680,174"
2019-06-28 13:41:50.000000000,BEST_ASK,"JPM,100001,25"
2019-06-28 13:41:50.000000000,BEST_BID,"JPM,99680,174"
2019-06-28 13:41:50.000000000,BEST_ASK,"JPM,100001,99"
2019-06-28 13:41:50.000000000,BEST_BID,"JPM,99680,174"
2019-06-28 13:41:50.000000000,BEST_ASK,"JPM,100001,99"
2019-06-28 13:41:50.000000000,BEST_BID,"JPM,99680,174"
2019-06-28 13:41:50.000000000,BEST_ASK,"JPM,100001,99"
2019-06-28 13:41:50.000000000,BEST_BID,"JPM,99680,174"
2019-06-28 13:41:50.000000000,BEST_ASK,"JPM,100001,99"
2019-06-28 13:41:50.000000000,BEST_BID,"JPM,99680,174"
2019-06-28 13:41:50.000000000,BEST_ASK,"JPM,100001,99"
2019-06-28 13:42:00.000000000,QUERY_SPREAD,1
2019-06-28 13:42:00.000000000,BEST_BID,"JPM,99680,174"
2019-06-28 13:42:00.000000000,BEST_ASK,"JPM,100001,25"
2019-06-28 13:42:00.000000000,BEST_BID,"JPM,99680,174"
2019-06-28 13:42:00.000000000,BEST_ASK,"JPM,100001,25"
2019-06-28 13:42:00.000000000,BEST_BID,"JPM,99680,174"
2019-06-28 13:42:00.000000000,BEST_ASK,"JPM,100001,25"
2019-06-28 13:42:00.000000000,BEST_BID,"JPM,99680,174"
2019-06-28 13:42:00.000000000,BEST_ASK,"JPM,100001,25"
2019-06-28 13:42:00.000000000,BEST_BID,"JPM,99680,174"
2019-06-28 13:42:00.000000000,BEST_ASK,"JPM,100001,25"
2019-06-28 13:42:00.000000000,BEST_BID,"JPM,99680,174"
2019-06-28 13:42:00.000000000,BEST_ASK,"JPM,100001,99"
2019-06-28 13:42:00.000000000,BEST_BID,"JPM,99680,174"
2019-06-28 13:42:00.000000000,BEST_ASK,"JPM,100001,99"
2019-06-28 13:42:00.000000000,BEST_BID,"JPM,99680,174"
2019-06-28 13:42:00.000000000,BEST_ASK,"JPM,100001,99"
2019-06-28 13:42:00.000000000,BEST_BID,"JPM,99680,174"
2019-06-28 13:42:00.000000000,BEST_ASK,"JPM,100001,99"
2019-06-28 13:42:00.000000000,BEST_BID,"JPM,99680,174"
2019-06-28 13:42:00.000000000,BEST_ASK,"JPM,100001,99"
2019-06-28 13:42:00.000000000,QUERY_SPREAD,77
2019-06-28 13:42:00.000000000,BEST_BID,"JPM,99680,169"
2019-06-28 13:42:00.000000000,BEST_ASK,"JPM,100001,99"
2019-06-28 13:42:00.000000000,LAST_TRADE,"5,$99680.0000"
2019-06-28 13:42:00.000000000,QUERY_SPREAD,78
2019-06-28 13:42:00.000000000,BEST_BID,"JPM,99680,161"
2019-06-28 13:42:00.000000000,BEST_ASK,"JPM,100001,99"
2019-06-28 13:42:00.000000000,LAST_TRADE,"8,$99680.0000"
2019-06-28 13:42:00.000000000,QUERY_SPREAD,79
2019-06-28 13:42:00.000000000,BEST_BID,"JPM,99680,156"
2019-06-28 13:42:00.000000000,BEST_ASK,"JPM,100001,99"
2019-06-28 13:42:00.000000000,LAST_TRADE,"5,$99680.0000"
2019-06-28 13:42:00.000000000,QUERY_SPREAD,80
2019-06-28 13:42:00.000000000,BEST_BID,"JPM,99680,148"
2019-06-28 13:42:00.000000000,BEST_ASK,"JPM,100001,99"
2019-06-28 13:42:00.000000000,LAST_TRADE,"8,$99680.0000"
2019-06-28 13:42:00.000000000,QUERY_SPREAD,81
2019-06-28 13:42:00.000000000,BEST_BID,"JPM,99680,139"
2019-06-28 13:42:00.000000000,BEST_ASK,"JPM,100001,99"
2019-06-28 13:42:00.000000000,LAST_TRADE,"9,$99680.0000"
2019-06-28 13:42:00.000000000,QUERY_SPREAD,82
2019-06-28 13:42:00.000000000,BEST_BID,"JPM,99680,136"
2019-06-28 13:42:00.000000000,BEST_ASK,"JPM,100001,99"
2019-06-28 13:42:00.000000000,LAST_TRADE,"3,$99680.0000"
2019-06-28 13:42:00.000000000,QUERY_SPREAD,83
2019-06-28 13:42:00.000000000,BEST_BID,"JPM,99680,128"
2019-06-28 13:42:00.000000000,BEST_ASK,"JPM,100001,99"
2019-06-28 13:42:00.000000000,LAST_TRADE,"8,$99680.0000"
2019-06-28 13:42:00.000000000,QUERY_SPREAD,84
2019-06-28 13:42:00.000000000,BEST_BID,"JPM,99680,124"
2019-06-28 13:42:00.000000000,BEST_ASK,"JPM,100001,99"
2019-06-28 13:42:00.000000000,LAST_TRADE,"4,$99680.0000"
2019-06-28 13:42:00.000000000,QUERY_SPREAD,85
2019-06-28 13:42:00.000000000,BEST_BID,"JPM,99680,119"
2019-06-28 13:42:00.000000000,BEST_ASK,"JPM,100001,99"
2019-06-28 13:42:00.000000000,LAST_TRADE,"5,$99680.0000"
2019-06-28 13:42:00.000000000,QUERY_SPREAD,86
2019-06-28 13:42:00.000000000,BEST_BID,"JPM,99680,117"
2019-06-28 13:42:00.000000000,BEST_ASK,"JPM,100001,99"
2019-06-28 13:42:00.000000000,LAST_TRADE,"2,$99680.0000"
2019-06-28 13:42:00.000000000,QUERY_SPREAD,87
2019-06-28 13:42:00.000000000,BEST_BID,"JPM,99680,110"
2019-06-28 13:42:00.000000000,BEST_ASK,"JPM,100001,99"
2019-06-28 13:42:00.000000000,LAST_TRADE,"7,$99680.0000"
2019-06-28 13:42:00.000000000,QUERY_SPREAD,88
2019-06-28 13:42:00.000000000,BEST_BID,"JPM,99680,102"
2019-06-28 13:42:00.000000000,BEST_ASK,"JPM,100001,99"
2019-06-28 13:42:00.000000000,LAST_TRADE,"8,$99680.0000"
2019-06-28 13:42:00.000000000,QUERY_SPREAD,89
2019-06-28 13:42:00.000000000,BEST_BID,"JPM,99680,97"
2019-06-28 13:42:00.000000000,BEST_ASK,"JPM,100001,99"
2019-06-28 13:42:00.000000000,LAST_TRADE,"5,$99680.0000"
2019-06-28 13:42:00.000000000,QUERY_SPREAD,90
2019-06-28 13:42:00.000000000,BEST_BID,"JPM,99680,93"
2019-06-28 13:42:00.000000000,BEST_ASK,"JPM,100001,99"
2019-06-28 13:42:00.000000000,LAST_TRADE,"4,$99680.0000"
2019-06-28 13:42:00.000000000,QUERY_SPREAD,91
2019-06-28 13:42:00.000000000,BEST_BID,"JPM,99680,90"
2019-06-28 13:42:00.000000000,BEST_ASK,"JPM,100001,99"
2019-06-28 13:42:00.000000000,LAST_TRADE,"3,$99680.0000"
2019-06-28 13:42:00.000000000,QUERY_SPREAD,92
2019-06-28 13:42:00.000000000,BEST_BID,"JPM,99680,85"
2019-06-28 13:42:00.000000000,BEST_ASK,"JPM,100001,99"
2019-06-28 13:42:00.000000000,LAST_TRADE,"5,$99680.0000"
2019-06-28 13:42:00.000000000,QUERY_SPREAD,93
2019-06-28 13:42:00.000000000,BEST_BID,"JPM,99680,78"
2019-06-28 13:42:00.000000000,BEST_ASK,"JPM,100001,99"
2019-06-28 13:42:00.000000000,LAST_TRADE,"7,$99680.0000"
2019-06-28 13:42:00.000000000,QUERY_SPREAD,94
2019-06-28 13:42:00.000000000,BEST_BID,"JPM,99680,77"
2019-06-28 13:42:00.000000000,BEST_ASK,"JPM,100001,99"
2019-06-28 13:42:00.000000000,LAST_TRADE,"1,$99680.0000"
2019-06-28 13:42:00.000000000,QUERY_SPREAD,95
2019-06-28 13:42:00.000000000,BEST_BID,"JPM,99680,76"
2019-06-28 13:42:00.000000000,BEST_ASK,"JPM,100001,99"
2019-06-28 13:42:00.000000000,LAST_TRADE,"1,$99680.0000"
2019-06-28 13:42:00.000000000,QUERY_SPREAD,96
2019-06-28 13:42:00.000000000,BEST_BID,"JPM,99680,72"
2019-06-28 13:42:00.000000000,BEST_ASK,"JPM,100001,99"
2019-06-28 13:42:00.000000000,LAST_TRADE,"4,$99680.0000"
2019-06-28 13:42:00.000000000,QUERY_SPREAD,97
2019-06-28 13:42:00.000000000,BEST_BID,"JPM,99680,69"
2019-06-28 13:42:00.000000000,BEST_ASK,"JPM,100001,99"
2019-06-28 13:42:00.000000000,LAST_TRADE,"3,$99680.0000"
2019-06-28 13:42:00.000000000,QUERY_SPREAD,98
2019-06-28 13:42:00.000000000,BEST_BID,"JPM,99680,64"
2019-06-28 13:42:00.000000000,BEST_ASK,"JPM,100001,99"
2019-06-28 13:42:00.000000000,LAST_TRADE,"5,$99680.0000"
2019-06-28 13:42:00.000000000,QUERY_SPREAD,99
2019-06-28 13:42:00.000000000,BEST_BID,"JPM,99680,60"
2019-06-28 13:42:00.000000000,BEST_ASK,"JPM,100001,99"
2019-06-28 13:42:00.000000000,LAST_TRADE,"4,$99680.0000"
2019-06-28 13:42:00.000000000,QUERY_SPREAD,100
2019-06-28 13:42:00.000000000,BEST_BID,"JPM,99680,55"
2019-06-28 13:42:00.000000000,BEST_ASK,"JPM,100001,99"
2019-06-28 13:42:00.000000000,LAST_TRADE,"5,$99680.0000"
2019-06-28 13:42:00.000000000,QUERY_SPREAD,101
2019-06-28 13:42:00.000000000,BEST_BID,"JPM,99680,55"
2019-06-28 13:42:00.000000000,BEST_ASK,"JPM,100001,98"
2019-06-28 13:42:00.000000000,LAST_TRADE,"1,$100001.0000"
2019-06-28 13:42:06.707668567,QUERY_SPREAD,39
2019-06-28 13:42:06.707668567,BEST_BID,"JPM,99680,55"
2019-06-28 13:42:06.707668567,BEST_ASK,"JPM,100001,98"
2019-06-28 13:42:10.000000000,QUERY_SPREAD,1
2019-06-28 13:42:10.000000000,BEST_BID,"JPM,99479,226"
2019-06-28 13:42:10.000000000,BEST_ASK,"JPM,100001,24"
2019-06-28 13:42:10.000000000,BEST_BID,"JPM,99479,226"
2019-06-28 13:42:10.000000000,BEST_ASK,"JPM,100001,24"
2019-06-28 13:42:10.000000000,BEST_BID,"JPM,99479,226"
2019-06-28 13:42:10.000000000,BEST_ASK,"JPM,100001,24"
2019-06-28 13:42:10.000000000,BEST_BID,"JPM,99479,226"
2019-06-28 13:42:10.000000000,BEST_ASK,"JPM,100001,150"
2019-06-28 13:42:10.000000000,BEST_BID,"JPM,99479,226"
2019-06-28 13:42:10.000000000,BEST_ASK,"JPM,100001,150"
2019-06-28 13:42:10.000000000,BEST_BID,"JPM,99479,226"
2019-06-28 13:42:10.000000000,BEST_ASK,"JPM,100001,150"
2019-06-28 13:42:20.000000000,QUERY_SPREAD,1
2019-06-28 13:42:20.000000000,BEST_BID,"JPM,99479,174"
2019-06-28 13:42:20.000000000,BEST_ASK,"JPM,100001,24"
2019-06-28 13:42:20.000000000,BEST_BID,"JPM,99479,174"
2019-06-28 13:42:20.000000000,BEST_ASK,"JPM,100001,24"
2019-06-28 13:42:20.000000000,BEST_BID,"JPM,99479,174"
2019-06-28 13:42:20.000000000,BEST_ASK,"JPM,100001,24"
2019-06-28 13:42:20.000000000,BEST_BID,"JPM,99479,174"
2019-06-28 13:42:20.000000000,BEST_ASK,"JPM,100001,24"
2019-06-28 13:42:20.000000000,BEST_BID,"JPM,99479,174"
2019-06-28 13:42:20.000000000,BEST_ASK,"JPM,100001,24"
2019-06-28 13:42:20.000000000,BEST_BID,"JPM,99479,174"
2019-06-28 13:42:20.000000000,BEST_ASK,"JPM,100001,98"
2019-06-28 13:42:20.000000000,BEST_BID,"JPM,99479,174"
2019-06-28 13:42:20.000000000,BEST_ASK,"JPM,100001,98"
2019-06-28 13:42:20.000000000,BEST_BID,"JPM,99479,174"
2019-06-28 13:42:20.000000000,BEST_ASK,"JPM,100001,98"
2019-06-28 13:42:20.000000000,BEST_BID,"JPM,99479,174"
2019-06-28 13:42:20.000000000,BEST_ASK,"JPM,100001,98"
2019-06-28 13:42:20.000000000,BEST_BID,"JPM,99479,174"
2019-06-28 13:42:20.000000000,BEST_ASK,"JPM,100001,98"
2019-06-28 13:42:30.000000000,QUERY_SPREAD,1
2019-06-28 13:42:30.000000000,BEST_BID,"JPM,99479,226"
2019-06-28 13:42:30.000000000,BEST_ASK,"JPM,100001,24"
2019-06-28 13:42:30.000000000,BEST_BID,"JPM,99479,226"
2019-06-28 13:42:30.000000000,BEST_ASK,"JPM,100001,24"
2019-06-28 13:42:30.000000000,BEST_BID,"JPM,99479,226"
2019-06-28 13:42:30.000000000,BEST_ASK,"JPM,100001,24"
2019-06-28 13:42:30.000000000,BEST_BID,"JPM,99479,226"
2019-06-28 13:42:30.000000000,BEST_ASK,"JPM,100001,150"
2019-06-28 13:42:30.000000000,BEST_BID,"JPM,99479,226"
2019-06-28 13:42:30.000000000,BEST_ASK,"JPM,100001,150"
2019-06-28 13:42:30.000000000,BEST_BID,"JPM,99479,226"
2019-06-28 13:42:30.000000000,BEST_ASK,"JPM,100001,150"
2019-06-28 13:42:30.822873741,QUERY_SPREAD,4
2019-06-28 13:42:30.822873741,BEST_BID,"JPM,99479,226"
2019-06-28 13:42:30.822873741,BEST_ASK,"JPM,100001,150"
2019-06-28 13:42:40.000000000,QUERY_SPREAD,1
2019-06-28 13:42:40.000000000,BEST_BID,"JPM,99479,193"
2019-06-28 13:42:40.000000000,BEST_ASK,"JPM,100001,24"
2019-06-28 13:42:40.000000000,BEST_BID,"JPM,99479,193"
2019-06-28 13:42:40.000000000,BEST_ASK,"JPM,100001,24"
2019-06-28 13:42:40.000000000,BEST_BID,"JPM,99479,193"
2019-06-28 13:42:40.000000000,BEST_ASK,"JPM,100001,24"
2019-06-28 13:42:40.000000000,BEST_BID,"JPM,99479,193"
2019-06-28 13:42:40.000000000,BEST_ASK,"JPM,100001,24"
2019-06-28 13:42:40.000000000,BEST_BID,"JPM,99479,193"
2019-06-28 13:42:40.000000000,BEST_ASK,"JPM,100001,117"
2019-06-28 13:42:40.000000000,BEST_BID,"JPM,99479,193"
2019-06-28 13:42:40.000000000,BEST_ASK,"JPM,100001,117"
2019-06-28 13:42:40.000000000,BEST_BID,"JPM,99479,193"
2019-06-28 13:42:40.000000000,BEST_ASK,"JPM,100001,117"
2019-06-28 13:42:40.000000000,BEST_BID,"JPM,99479,193"
2019-06-28 13:42:40.000000000,BEST_ASK,"JPM,100001,117"
2019-06-28 13:42:43.978173070,QUERY_ORDER_STREAM,66
2019-06-28 13:42:43.978173070,QUERY_SPREAD,66
2019-06-28 13:42:50.000000000,QUERY_SPREAD,1
2019-06-28 13:42:50.000000000,BEST_BID,"JPM,99479,226"
2019-06-28 13:42:50.000000000,BEST_ASK,"JPM,100001,24"
2019-06-28 13:42:50.000000000,BEST_BID,"JPM,99479,226"
2019-06-28 13:42:50.000000000,BEST_ASK,"JPM,100001,24"
2019-06-28 13:42:50.000000000,BEST_BID,"JPM,99479,226"
2019-06-28 13:42:50.000000000,BEST_ASK,"JPM,100001,24"
2019-06-28 13:42:50.000000000,BEST_BID,"JPM,99479,226"
2019-06-28 13:42:50.000000000,BEST_ASK,"JPM,100001,150"
2019-06-28 13:42:50.000000000,BEST_BID,"JPM,99479,226"
2019-06-28 13:42:50.000000000,BEST_ASK,"JPM,100001,150"
2019-06-28 13:42:50.000000000,BEST_BID,"JPM,99479,226"
2019-06-28 13:42:50.000000000,BEST_ASK,"JPM,100001,150"
2019-06-28 13:42:53.185350388,QUERY_ORDER_STREAM,69
2019-06-28 13:42:53.185350388,QUERY_SPREAD,69
2019-06-28 13:42:53.185350388,BEST_BID,"JPM,99479,226"
2019-06-28 13:42:53.185350388,BEST_ASK,"JPM,100001,250"
2019-06-28 13:42:57.475420911,QUERY_ORDER_STREAM,55
2019-06-28 13:42:57.475420911,QUERY_SPREAD,55
2019-06-28 13:42:57.475420911,BEST_BID,"JPM,99479,226"
2019-06-28 13:42:57.475420911,BEST_ASK,"JPM,100001,350"
2019-06-28 13:43:00.000000000,QUERY_SPREAD,1
2019-06-28 13:43:00.000000000,BEST_BID,"JPM,99479,174"
2019-06-28 13:43:00.000000000,BEST_ASK,"JPM,100001,224"
2019-06-28 13:43:00.000000000,BEST_BID,"JPM,99479,174"
2019-06-28 13:43:00.000000000,BEST_ASK,"JPM,100001,224"
2019-06-28 13:43:00.000000000,BEST_BID,"JPM,99479,174"
2019-06-28 13:43:00.000000000,BEST_ASK,"JPM,100001,224"
2019-06-28 13:43:00.000000000,BEST_BID,"JPM,99479,174"
2019-06-28 13:43:00.000000000,BEST_ASK,"JPM,100001,224"
2019-06-28 13:43:00.000000000,BEST_BID,"JPM,99479,174"
2019-06-28 13:43:00.000000000,BEST_ASK,"JPM,100001,224"
2019-06-28 13:43:00.000000000,BEST_BID,"JPM,99479,174"
2019-06-28 13:43:00.000000000,BEST_ASK,"JPM,100001,298"
2019-06-28 13:43:00.000000000,BEST_BID,"JPM,99479,174"
2019-06-28 13:43:00.000000000,BEST_ASK,"JPM,100001,298"
2019-06-28 13:43:00.000000000,BEST_BID,"JPM,99479,174"
2019-06-28 13:43:00.000000000,BEST_ASK,"JPM,100001,298"
2019-06-28 13:43:00.000000000,BEST_BID,"JPM,99479,174"
2019-06-28 13:43:00.000000000,BEST_ASK,"JPM,100001,298"
2019-06-28 13:43:00.000000000,BEST_BID,"JPM,99479,174"
2019-06-28 13:43:00.000000000,BEST_ASK,"JPM,100001,298"
2019-06-28 13:43:00.000000000,QUERY_SPREAD,77
2019-06-28 13:43:00.000000000,BEST_BID,"JPM,99479,169"
2019-06-28 13:43:00.000000000,BEST_ASK,"JPM,100001,298"
2019-06-28 13:43:00.000000000,LAST_TRADE,"5,$99479.0000"
2019-06-28 13:43:00.000000000,QUERY_SPREAD,78
2019-06-28 13:43:00.000000000,BEST_BID,"JPM,99479,161"
2019-06-28 13:43:00.000000000,BEST_ASK,"JPM,100001,298"
2019-06-28 13:43:00.000000000,LAST_TRADE,"8,$99479.0000"
2019-06-28 13:43:00.000000000,QUERY_SPREAD,79
2019-06-28 13:43:00.000000000,BEST_BID,"JPM,99479,156"
2019-06-28 13:43:00.000000000,BEST_ASK,"JPM,100001,298"
2019-06-28 13:43:00.000000000,LAST_TRADE,"5,$99479.0000"
2019-06-28 13:43:00.000000000,QUERY_SPREAD,80
2019-06-28 13:43:00.000000000,BEST_BID,"JPM,99479,148"
2019-06-28 13:43:00.000000000,BEST_ASK,"JPM,100001,298"
2019-06-28 13:43:00.000000000,LAST_TRADE,"8,$99479.0000"
2019-06-28 13:43:00.000000000,QUERY_SPREAD,81
2019-06-28 13:43:00.000000000,BEST_BID,"JPM,99479,139"
2019-06-28 13:43:00.000000000,BEST_ASK,"JPM,100001,298"
2019-06-28 13:43:00.000000000,LAST_TRADE,"9,$99479.0000"
2019-06-28 13:43:00.000000000,QUERY_SPREAD,82
2019-06-28 13:43:00.000000000,BEST_BID,"JPM,99479,136"
2019-06-28 13:43:00.000000000,BEST_ASK,"JPM,100001,298"
2019-06-28 13:43:00.000000000,LAST_TRADE,"3,$99479.0000"
2019-06-28 13:43:00.000000000,QUERY_SPREAD,83
2019-06-28 13:43:00.000000000,BEST_BID,"JPM,99479,128"
2019-06-28 13:43:00.000000000,BEST_ASK,"JPM,100001,298"
2019-06-28 13:43:00.000000000,LAST_TRADE,"8,$99479.0000"
2019-06-28 13:43:00.000000000,QUERY_SPREAD,84
2019-06-28 13:43:00.000000000,BEST_BID,"JPM,99479,124"
2019-06-28 13:43:00.000000000,BEST_ASK,"JPM,100001,298"
2019-06-28 13:43:00.000000000,LAST_TRADE,"4,$99479.0000"
2019-06-28 13:43:00.000000000,QUERY_SPREAD,85
2019-06-28 13:43:00.000000000,BEST_BID,"JPM,99479,119"
2019-06-28 13:43:00.000000000,BEST_ASK,"JPM,100001,298"
2019-06-28 13:43:00.000000000,LAST_TRADE,"5,$99479.0000"
2019-06-28 13:43:00.000000000,QUERY_SPREAD,86
2019-06-28 13:43:00.000000000,BEST_BID,"JPM,99479,117"
2019-06-28 13:43:00.000000000,BEST_ASK,"JPM,100001,298"
2019-06-28 13:43:00.000000000,LAST_TRADE,"2,$99479.0000"
2019-06-28 13:43:00.000000000,QUERY_SPREAD,87
2019-06-28 13:43:00.000000000,BEST_BID,"JPM,99479,110"
2019-06-28 13:43:00.000000000,BEST_ASK,"JPM,100001,298"
2019-06-28 13:43:00.000000000,LAST_TRADE,"7,$99479.0000"
2019-06-28 13:43:00.000000000,QUERY_SPREAD,88
2019-06-28 13:43:00.000000000,BEST_BID,"JPM,99479,102"
2019-06-28 13:43:00.000000000,BEST_ASK,"JPM,100001,298"
2019-06-28 13:43:00.000000000,LAST_TRADE,"8,$99479.0000"
2019-06-28 13:43:00.000000000,QUERY_SPREAD,89
2019-06-28 13:43:00.000000000,BEST_BID,"JPM,99479,97"
2019-06-28 13:43:00.000000000,BEST_ASK,"JPM,100001,298"
2019-06-28 13:43:00.000000000,LAST_TRADE,"5,$99479.0000"
2019-06-28 13:43:00.000000000,QUERY_SPREAD,90
2019-06-28 13:43:00.000000000,BEST_BID,"JPM,99479,93"
2019-06-28 13:43:00.000000000,BEST_ASK,"JPM,100001,298"
2019-06-28 13:43:00.000000000,LAST_TRADE,"4,$99479.0000"
2019-06-28 13:43:00.000000000,QUERY_SPREAD,91
2019-06-28 13:43:00.000000000,BEST_BID,"JPM,99479,90"
2019-06-28 13:43:00.000000000,BEST_ASK,"JPM,100001,298"
2019-06-28 13:43:00.000000000,LAST_TRADE,"3,$99479.0000"
2019-06-28 13:43:00.000000000,QUERY_SPREAD,92
2019-06-28 13:43:00.000000000,BEST_BID,"JPM,99479,85"
2019-06-28 13:43:00.000000000,BEST_ASK,"JPM,100001,298"
2019-06-28 13:43:00.000000000,LAST_TRADE,"5,$99479.0000"
2019-06-28 13:43:00.000000000,QUERY_SPREAD,93
2019-06-28 13:43:00.000000000,BEST_BID,"JPM,99479,78"
2019-06-28 13:43:00.000000000,BEST_ASK,"JPM,100001,298"
2019-06-28 13:43:00.000000000,LAST_TRADE,"7,$99479.0000"
2019-06-28 13:43:00.000000000,QUERY_SPREAD,94
2019-06-28 13:43:00.000000000,BEST_BID,"JPM,99479,77"
2019-06-28 13:43:00.000000000,BEST_ASK,"JPM,100001,298"
2019-06-28 13:43:00.000000000,LAST_TRADE,"1,$99479.0000"
2019-06-28 13:43:00.000000000,QUERY_SPREAD,95
2019-06-28 13:43:00.000000000,BEST_BID,"JPM,99479,76"
2019-06-28 13:43:00.000000000,BEST_ASK,"JPM,100001,298"
2019-06-28 13:43:00.000000000,LAST_TRADE,"1,$99479.0000"
2019-06-28 13:43:00.000000000,QUERY_SPREAD,96
2019-06-28 13:43:00.000000000,BEST_BID,"JPM,99479,72"
2019-06-28 13:43:00.000000000,BEST_ASK,"JPM,100001,298"
2019-06-28 13:43:00.000000000,LAST_TRADE,"4,$99479.0000"
2019-06-28 13:43:00.000000000,QUERY_SPREAD,97
2019-06-28 13:43:00.000000000,BEST_BID,"JPM,99479,69"
2019-06-28 13:43:00.000000000,BEST_ASK,"JPM,100001,298"
2019-06-28 13:43:00.000000000,LAST_TRADE,"3,$99479.0000"
2019-06-28 13:43:00.000000000,QUERY_SPREAD,98
2019-06-28 13:43:00.000000000,BEST_BID,"JPM,99479,64"
2019-06-28 13:43:00.000000000,BEST_ASK,"JPM,100001,298"
2019-06-28 13:43:00.000000000,LAST_TRADE,"5,$99479.0000"
2019-06-28 13:43:00.000000000,QUERY_SPREAD,99
2019-06-28 13:43:00.000000000,BEST_BID,"JPM,99479,60"
2019-06-28 13:43:00.000000000,BEST_ASK,"JPM,100001,298"
2019-06-28 13:43:00.000000000,LAST_TRADE,"4,$99479.0000"
2019-06-28 13:43:00.000000000,QUERY_SPREAD,100
2019-06-28 13:43:00.000000000,BEST_BID,"JPM,99479,55"
2019-06-28 13:43:00.000000000,BEST_ASK,"JPM,100001,298"
2019-06-28 13:43:00.000000000,LAST_TRADE,"5,$99479.0000"
2019-06-28 13:43:00.000000000,QUERY_SPREAD,101
2019-06-28 13:43:00.000000000,BEST_BID,"JPM,99479,55"
2019-06-28 13:43:00.000000000,BEST_ASK,"JPM,100001,297"
2019-06-28 13:43:00.000000000,LAST_TRADE,"1,$100001.0000"
2019-06-28 13:43:02.954180377,QUERY_ORDER_STREAM,58
2019-06-28 13:43:02.954180377,QUERY_SPREAD,58
2019-06-28 13:43:07.548740004,QUERY_SPREAD,31
2019-06-28 13:43:07.548740004,BEST_BID,"JPM,99479,55"
2019-06-28 13:43:07.548740004,BEST_ASK,"JPM,100001,297"
2019-06-28 13:43:10.000000000,QUERY_SPREAD,1
2019-06-28 13:43:10.000000000,BEST_BID,"JPM,99377,471"
2019-06-28 13:43:10.000000000,BEST_ASK,"JPM,100001,223"
2019-06-28 13:43:10.000000000,BEST_BID,"JPM,99377,471"
2019-06-28 13:43:10.000000000,BEST_ASK,"JPM,100001,594"
2019-06-28 13:43:20.000000000,QUERY_SPREAD,1
2019-06-28 13:43:20.000000000,BEST_BID,"JPM,99377,286"
2019-06-28 13:43:20.000000000,BEST_ASK,"JPM,100001,223"
2019-06-28 13:43:20.000000000,BEST_BID,"JPM,99377,286"
2019-06-28 13:43:20.000000000,BEST_ASK,"JPM,100001,223"
2019-06-28 13:43:20.000000000,BEST_BID,"JPM,99377,286"
2019-06-28 13:43:20.000000000,BEST_ASK,"JPM,100001,409"
2019-06-28 13:43:20.000000000,BEST_BID,"JPM,99377,286"
2019-06-28 13:43:20.000000000,BEST_ASK,"JPM,100001,409"
2019-06-28 13:43:21.666736644,QUERY_ORDER_STREAM,59
2019-06-28 13:43:21.666736644,QUERY_SPREAD,59
2019-06-28 13:43:21.666736644,BEST_BID,"JPM,99377,286"
2019-06-28 13:43:21.666736644,BEST_ASK,"JPM,100001,509"
2019-06-28 13:43:30.000000000,QUERY_SPREAD,1
2019-06-28 13:43:30.000000000,BEST_BID,"JPM,99377,226"
2019-06-28 13:43:30.000000000,BEST_ASK,"JPM,100001,323"
2019-06-28 13:43:30.000000000,BEST_BID,"JPM,99377,226"
2019-06-28 13:43:30.000000000,BEST_ASK,"JPM,100001,323"
2019-06-28 13:43:30.000000000,BEST_BID,"JPM,99377,226"
2019-06-28 13:43:30.000000000,BEST_ASK,"JPM,100001,323"
2019-06-28 13:43:30.000000000,BEST_BID,"JPM,99377,226"
2019-06-28 13:43:30.000000000,BEST_ASK,"JPM,100001,449"
2019-06-28 13:43:30.000000000,BEST_BID,"JPM,99377,226"
2019-06-28 13:43:30.000000000,BEST_ASK,"JPM,100001,449"
2019-06-28 13:43:30.000000000,BEST_BID,"JPM,99377,226"
2019-06-28 13:43:30.000000000,BEST_ASK,"JPM,100001,449"
2019-06-28 13:43:37.292509182,QUERY_SPREAD,27
2019-06-28 13:43:37.292509182,BEST_BID,"JPM,99377,226"
2019-06-28 13:43:37.292509182,BEST_ASK,"JPM,100001,449"
2019-06-28 13:43:40.000000000,QUERY_SPREAD,1
2019-06-28 13:43:40.000000000,BEST_BID,"JPM,99377,226"
2019-06-28 13:43:40.000000000,BEST_ASK,"JPM,100001,323"
2019-06-28 13:43:40.000000000,BEST_BID,"JPM,99377,226"
2019-06-28 13:43:40.000000000,BEST_ASK,"JPM,100001,323"
2019-06-28 13:43:40.000000000,BEST_BID,"JPM,99377,226"
2019-06-28 13:43:40.000000000,BEST_ASK,"JPM,100001,323"
2019-06-28 13:43:40.000000000,BEST_BID,"JPM,99377,226"
2019-06-28 13:43:40.000000000,BEST_ASK,"JPM,100001,449"
2019-06-28 13:43:40.000000000,BEST_BID,"JPM,99377,226"
2019-06-28 13:43:40.000000000,BEST_ASK,"JPM,100001,449"
2019-06-28 13:43:40.000000000,BEST_BID,"JPM,99377,226"
2019-06-28 13:43:40.000000000,BEST_ASK,"JPM,100001,449"
2019-06-28 13:43:49.687642110,QUERY_SPREAD,41
2019-06-28 13:43:49.687642110,BEST_BID,"JPM,99377,226"
2019-06-28 13:43:49.687642110,BEST_ASK,"JPM,100001,449"
2019-06-28 13:43:50.000000000,QUERY_SPREAD,1
2019-06-28 13:43:50.000000000,BEST_BID,"JPM,99377,193"
2019-06-28 13:43:50.000000000,BEST_ASK,"JPM,100001,323"
2019-06-28 13:43:50.000000000,BEST_BID,"JPM,99377,193"
2019-06-28 13:43:50.000000000,BEST_ASK,"JPM,100001,323"
2019-06-28 13:43:50.000000000,BEST_BID,"JPM,99377,193"
2019-06-28 13:43:50.000000000,BEST_ASK,"JPM,100001,323"
2019-06-28 13:43:50.000000000,BEST_BID,"JPM,99377,193"
2019-06-28 13:43:50.000000000,BEST_ASK,"JPM,100001,323"
2019-06-28 13:43:50.000000000,BEST_BID,"JPM,99377,193"
2019-06-28 13:43:50.000000000,BEST_ASK,"JPM,100001,416"
2019-06-28 13:43:50.000000000,BEST_BID,"JPM,99377,193"
2019-06-28 13:43:50.000000000,BEST_ASK,"JPM,100001,416"
2019-06-28 13:43:50.000000000,BEST_BID,"JPM,99377,193"
2019-06-28 13:43:50.000000000,BEST_ASK,"JPM,100001,416"
2019-06-28 13:43:50.000000000,BEST_BID,"JPM,99377,193"
2019-06-28 13:43:50.000000000,BEST_ASK,"JPM,100001,416"
2019-06-28 13:43:55.458515719,QUERY_ORDER_STREAM,61
2019-06-28 13:43:55.458515719,QUERY_SPREAD,61
2019-06-28 13:43:58.895490840,QUERY_ORDER_STREAM,54
2019-06-28 13:43:58.895490840,QUERY_SPREAD,54
2019-06-28 13:43:58.895490840,BEST_BID,"JPM,99377,193"
2019-06-28 13:43:58.895490840,BEST_ASK,"JPM,100001,516"
2019-06-28 13:44:00.000000000,QUERY_SPREAD,1
2019-06-28 13:44:00.000000000,BEST_BID,"JPM,99377,286"
2019-06-28 13:44:00.000000000,BEST_ASK,"JPM,100001,423"
2019-06-28 13:44:00.000000000,BEST_BID,"JPM,99377,286"
2019-06-28 13:44:00.000000000,BEST_ASK,"JPM,100001,423"
2019-06-28 13:44:00.000000000,BEST_BID,"JPM,99377,286"
2019-06-28 13:44:00.000000000,BEST_ASK,"JPM,100001,609"
2019-06-28 13:44:00.000000000,BEST_BID,"JPM,99377,286"
2019-06-28 13:44:00.000000000,BEST_ASK,"JPM,100001,609"
2019-06-28 13:44:00.000000000,QUERY_SPREAD,77
2019-06-28 13:44:00.000000000,BEST_BID,"JPM,99377,281"
2019-06-28 13:44:00.000000000,BEST_ASK,"JPM,100001,609"
2019-06-28 13:44:00.000000000,LAST_TRADE,"5,$99377.0000"
2019-06-28 13:44:00.000000000,QUERY_SPREAD,78
2019-06-28 13:44:00.000000000,BEST_BID,"JPM,99377,273"
2019-06-28 13:44:00.000000000,BEST_ASK,"JPM,100001,609"
2019-06-28 13:44:00.000000000,LAST_TRADE,"8,$99377.0000"
2019-06-28 13:44:00.000000000,QUERY_SPREAD,79
2019-06-28 13:44:00.000000000,BEST_BID,"JPM,99377,268"
2019-06-28 13:44:00.000000000,BEST_ASK,"JPM,100001,609"
2019-06-28 13:44:00.000000000,LAST_TRADE,"5,$99377.0000"
2019-06-28 13:44:00.000000000,QUERY_SPREAD,80
2019-06-28 13:44:00.000000000,BEST_BID,"JPM,99377,260"
2019-06-28 13:44:00.000000000,BEST_ASK,"JPM,100001,609"
2019-06-28 13:44:00.000000000,LAST_TRADE,"8,$99377.0000"
2019-06-28 13:44:00.000000000,QUERY_SPREAD,81
2019-06-28 13:44:00.000000000,BEST_BID,"JPM,99377,251"
2019-06-28 13:44:00.000000000,BEST_ASK,"JPM,100001,609"
2019-06-28 13:44:00.000000000,LAST_TRADE,"9,$99377.0000"
2019-06-28 13:44:00.000000000,QUERY_SPREAD,82
2019-06-28 13:44:00.000000000,BEST_BID,"JPM,99377,248"
2019-06-28 13:44:00.000000000,BEST_ASK,"JPM,100001,609"
2019-06-28 13:44:00.000000000,LAST_TRADE,"3,$99377.0000"
2019-06-28 13:44:00.000000000,QUERY_SPREAD,83
2019-06-28 13:44:00.000000000,BEST_BID,"JPM,99377,240"
2019-06-28 13:44:00.000000000,BEST_ASK,"JPM,100001,609"
2019-06-28 13:44:00.000000000,LAST_TRADE,"8,$99377.0000"
2019-06-28 13:44:00.000000000,QUERY_SPREAD,84
2019-06-28 13:44:00.000000000,BEST_BID,"JPM,99377,236"
2019-06-28 13:44:00.000000000,BEST_ASK,"JPM,100001,609"
2019-06-28 13:44:00.000000000,LAST_TRADE,"4,$99377.0000"
2019-06-28 13:44:00.000000000,QUERY_SPREAD,85
2019-06-28 13:44:00.000000000,BEST_BID,"JPM,99377,231"
2019-06-28 13:44:00.000000000,BEST_ASK,"JPM,100001,609"
2019-06-28 13:44:00.000000000,LAST_TRADE,"5,$99377.0000"
2019-06-28 13:44:00.000000000,QUERY_SPREAD,86
2019-06-28 13:44:00.000000000,BEST_BID,"JPM,99377,229"
2019-06-28 13:44:00.000000000,BEST_ASK,"JPM,100001,609"
2019-06-28 13:44:00.000000000,LAST_TRADE,"2,$99377.0000"
2019-06-28 13:44:00.000000000,QUERY_SPREAD,87
2019-06-28 13:44:00.000000000,BEST_BID,"JPM,99377,222"
2019-06-28 13:44:00.000000000,BEST_ASK,"JPM,100001,609"
2019-06-28 13:44:00.000000000,LAST_TRADE,"7,$99377.0000"
2019-06-28 13:44:00.000000000,QUERY_SPREAD,88
2019-06-28 13:44:00.000000000,BEST_BID,"JPM,99377,214"
2019-06-28 13:44:00.000000000,BEST_ASK,"JPM,100001,609"
2019-06-28 13:44:00.000000000,LAST_TRADE,"8,$99377.0000"
2019-06-28 13:44:00.000000000,QUERY_SPREAD,89
2019-06-28 13:44:00.000000000,BEST_BID,"JPM,99377,209"
2019-06-28 13:44:00.000000000,BEST_ASK,"JPM,100001,609"
2019-06-28 13:44:00.000000000,LAST_TRADE,"5,$99377.0000"
2019-06-28 13:44:00.000000000,QUERY_SPREAD,90
2019-06-28 13:44:00.000000000,BEST_BID,"JPM,99377,205"
2019-06-28 13:44:00.000000000,BEST_ASK,"JPM,100001,609"
2019-06-28 13:44:00.000000000,LAST_TRADE,"4,$99377.0000"
2019-06-28 13:44:00.000000000,QUERY_SPREAD,91
2019-06-28 13:44:00.000000000,BEST_BID,"JPM,99377,202"
2019-06-28 13:44:00.000000000,BEST_ASK,"JPM,100001,609"
2019-06-28 13:44:00.000000000,LAST_TRADE,"3,$99377.0000"
2019-06-28 13:44:00.000000000,QUERY_SPREAD,92
2019-06-28 13:44:00.000000000,BEST_BID,"JPM,99377,197"
2019-06-28 13:44:00.000000000,BEST_ASK,"JPM,100001,609"
2019-06-28 13:44:00.000000000,LAST_TRADE,"5,$99377.0000"
2019-06-28 13:44:00.000000000,QUERY_SPREAD,93
2019-06-28 13:44:00.000000000,BEST_BID,"JPM,99377,190"
2019-06-28 13:44:00.000000000,BEST_ASK,"JPM,100001,609"
2019-06-28 13:44:00.000000000,LAST_TRADE,"7,$99377.0000"
2019-06-28 13:44:00.000000000,QUERY_SPREAD,94
2019-06-28 13:44:00.000000000,BEST_BID,"JPM,99377,189"
2019-06-28 13:44:00.000000000,BEST_ASK,"JPM,100001,609"
2019-06-28 13:44:00.000000000,LAST_TRADE,"1,$99377.0000"
2019-06-28 13:44:00.000000000,QUERY_SPREAD,95
2019-06-28 13:44:00.000000000,BEST_BID,"JPM,99377,188"
2019-06-28 13:44:00.000000000,BEST_ASK,"JPM,100001,609"
2019-06-28 13:44:00.000000000,LAST_TRADE,"1,$99377.0000"
2019-06-28 13:44:00.000000000,QUERY_SPREAD,96
2019-06-28 13:44:00.000000000,BEST_BID,"JPM,99377,184"
2019-06-28 13:44:00.000000000,BEST_ASK,"JPM,100001,609"
2019-06-28 13:44:00.000000000,LAST_TRADE,"4,$99377.0000"
2019-06-28 13:44:00.000000000,QUERY_SPREAD,97
2019-06-28 13:44:00.000000000,BEST_BID,"JPM,99377,181"
2019-06-28 13:44:00.000000000,BEST_ASK,"JPM,100001,609"
2019-06-28 13:44:00.000000000,LAST_TRADE,"3,$99377.0000"
2019-06-28 13:44:00.000000000,QUERY_SPREAD,98
2019-06-28 13:44:00.000000000,BEST_BID,"JPM,99377,176"
2019-06-28 13:44:00.000000000,BEST_ASK,"JPM,100001,609"
2019-06-28 13:44:00.000000000,LAST_TRADE,"5,$99377.0000"
2019-06-28 13:44:00.000000000,QUERY_SPREAD,99
2019-06-28 13:44:00.000000000,BEST_BID,"JPM,99377,172"
2019-06-28 13:44:00.000000000,BEST_ASK,"JPM,100001,609"
2019-06-28 13:44:00.000000000,LAST_TRADE,"4,$99377.0000"
2019-06-28 13:44:00.000000000,QUERY_SPREAD,100
2019-06-28 13:44:00.000000000,BEST_BID,"JPM,99377,167"
2019-06-28 13:44:00.000000000,BEST_ASK,"JPM,100001,609"
2019-06-28 13:44:00.000000000,LAST_TRADE,"5,$99377.0000"
2019-06-28 13:44:00.000000000,QUERY_SPREAD,101
2019-06-28 13:44:00.000000000,BEST_BID,"JPM,99377,167"
2019-06-28 13:44:00.000000000,BEST_ASK,"JPM,100001,608"
2019-06-28 13:44:00.000000000,LAST_TRADE,"1,$100001.0000"
2019-06-28 13:44:10.000000000,QUERY_SPREAD,1
2019-06-28 13:44:10.000000000,BEST_BID,"JPM,98922,174"
2019-06-28 13:44:10.000000000,BEST_ASK,"JPM,100001,422"
2019-06-28 13:44:10.000000000,BEST_BID,"JPM,98922,174"
2019-06-28 13:44:10.000000000,BEST_ASK,"JPM,100001,422"
2019-06-28 13:44:10.000000000,BEST_BID,"JPM,98922,174"
2019-06-28 13:44:10.000000000,BEST_ASK,"JPM,100001,422"
2019-06-28 13:44:10.000000000,BEST_BID,"JPM,98922,174"
2019-06-28 13:44:10.000000000,BEST_ASK,"JPM,100001,422"
2019-06-28 13:44:10.000000000,BEST_BID,"JPM,98922,174"
2019-06-28 13:44:10.000000000,BEST_ASK,"JPM,100001,422"
2019-06-28 13:44:10.000000000,BEST_BID,"JPM,98922,174"
2019-06-28 13:44:10.000000000,BEST_ASK,"JPM,100001,496"
2019-06-28 13:44:10.000000000,BEST_BID,"JPM,98922,174"
2019-06-28 13:44:10.000000000,BEST_ASK,"JPM,100001,496"
2019-06-28 13:44:10.000000000,BEST_BID,"JPM,98922,174"
2019-06-28 13:44:10.000000000,BEST_ASK,"JPM,100001,496"
2019-06-28 13:44:10.000000000,BEST_BID,"JPM,98922,174"
2019-06-28 13:44:10.000000000,BEST_ASK,"JPM,100001,496"
2019-06-28 13:44:10.000000000,BEST_BID,"JPM,98922,174"
2019-06-28 13:44:10.000000000,BEST_ASK,"JPM,100001,496"
2019-06-28 13:44:11.597647756,QUERY_SPREAD,16
2019-06-28 13:44:11.597647756,BEST_BID,"JPM,98922,174"
2019-06-28 13:44:11.597647756,BEST_ASK,"JPM,100001,496"
2019-06-28 13:44:12.994961249,QUERY_ORDER_STREAM,70
2019-06-28 13:44:12.994961249,QUERY_SPREAD,70
2019-06-28 13:44:12.994961249,BEST_BID,"JPM,98922,174"
2019-06-28 13:44:12.994961249,BEST_ASK,"JPM,100001,596"
2019-06-28 13:44:20.000000000,QUERY_SPREAD,1
2019-06-28 13:44:20.000000000,BEST_BID,"JPM,98922,193"
2019-06-28 13:44:20.000000000,BEST_ASK,"JPM,100001,522"
2019-06-28 13:44:20.000000000,BEST_BID,"JPM,98922,193"
2019-06-28 13:44:20.000000000,BEST_ASK,"JPM,100001,522"
2019-06-28 13:44:20.000000000,BEST_BID,"JPM,98922,193"
2019-06-28 13:44:20.000000000,BEST_ASK,"JPM,100001,522"
2019-06-28 13:44:20.000000000,BEST_BID,"JPM,98922,193"
2019-06-28 13:44:20.000000000,BEST_ASK,"JPM,100001,522"
2019-06-28 13:44:20.000000000,BEST_BID,"JPM,98922,193"
2019-06-28 13:44:20.000000000,BEST_ASK,"JPM,100001,615"
2019-06-28 13:44:20.000000000,BEST_BID,"JPM,98922,193"
2019-06-28 13:44:20.000000000,BEST_ASK,"JPM,100001,615"
2019-06-28 13:44:20.000000000,BEST_BID,"JPM,98922,193"
2019-06-28 13:44:20.000000000,BEST_ASK,"JPM,100001,615"
2019-06-28 13:44:20.000000000,BEST_BID,"JPM,98922,193"
2019-06-28 13:44:20.000000000,BEST_ASK,"JPM,100001,615"
2019-06-28 13:44:30.000000000,QUERY_SPREAD,1
2019-06-28 13:44:30.000000000,BEST_BID,"JPM,98922,286"
2019-06-28 13:44:30.000000000,BEST_ASK,"JPM,100001,522"
2019-06-28 13:44:30.000000000,BEST_BID,"JPM,98922,286"
2019-06-28 13:44:30.000000000,BEST_ASK,"JPM,100001,522"
2019-06-28 13:44:30.000000000,BEST_BID,"JPM,98922,286"
2019-06-28 13:44:30.000000000,BEST_ASK,"JPM,100001,708"
2019-06-28 13:44:30.000000000,BEST_BID,"JPM,98922,286"
2019-06-28 13:44:30.000000000,BEST_ASK,"JPM,100001,708"
2019-06-28 13:44:30.366598797,QUERY_SPREAD,33
2019-06-28 13:44:30.366598797,BEST_BID,"JPM,98922,286"
2019-06-28 13:44:30.366598797,BEST_ASK,"JPM,100001,708"
2019-06-28 13:44:30.795239417,QUERY_ORDER_STREAM,64
2019-06-28 13:44:30.795239417,QUERY_SPREAD,64
2019-06-28 13:44:35.019649482,QUERY_SPREAD,19
2019-06-28 13:44:35.019649482,BEST_BID,"JPM,98922,186"
2019-06-28 13:44:35.019649482,BEST_ASK,"JPM,100001,708"
2019-06-28 13:44:35.019649482,LAST_TRADE,"100,$98922.0000"
2019-06-28 13:44:40.000000000,QUERY_SPREAD,1
2019-06-28 13:44:40.000000000,BEST_BID,"JPM,98647,286"
2019-06-28 13:44:40.000000000,BEST_ASK,"JPM,100001,522"
2019-06-28 13:44:40.000000000,BEST_BID,"JPM,98647,286"
2019-06-28 13:44:40.000000000,BEST_ASK,"JPM,100001,522"
2019-06-28 13:44:40.000000000,BEST_BID,"JPM,98647,286"
2019-06-28 13:44:40.000000000,BEST_ASK,"JPM,100001,708"
2019-06-28 13:44:40.000000000,BEST_BID,"JPM,98647,286"
2019-06-28 13:44:40.000000000,BEST_ASK,"JPM,100001,708"
2019-06-28 13:44:50.000000000,QUERY_SPREAD,1
2019-06-28 13:44:50.000000000,BEST_BID,"JPM,98647,226"
2019-06-28 13:44:50.000000000,BEST_ASK,"JPM,100001,522"
2019-06-28 13:44:50.000000000,BEST_BID,"JPM,98647,226"
2019-06-28 13:44:50.000000000,BEST_ASK,"JPM,100001,522"
2019-06-28 13:44:50.000000000,BEST_BID,"JPM,98647,226"
2019-06-28 13:44:50.000000000,BEST_ASK,"JPM,100001,522"
2019-06-28 13:44:50.000000000,BEST_BID,"JPM,98647,226"
2019-06-28 13:44:50.000000000,BEST_ASK,"JPM,100001,648"
2019-06-28 13:44:50.000000000,BEST_BID,"JPM,98647,226"
2019-06-28 13:44:50.000000000,BEST_ASK,"JPM,100001,648"
2019-06-28 13:44:50.000000000,BEST_BID,"JPM,98647,226"
2019-06-28 13:44:50.000000000,BEST_ASK,"JPM,100001,648"
2019-06-28 13:44:50.794032989,QUERY_ORDER_STREAM,54
2019-06-28 13:44:50.794032989,QUERY_SPREAD,54
2019-06-28 13:45:00.000000000,QUERY_SPREAD,1
2019-06-28 13:45:00.000000000,BEST_BID,"JPM,98647,174"
2019-06-28 13:45:00.000000000,BEST_ASK,"JPM,100001,422"
2019-06-28 13:45:00.000000000,BEST_BID,"JPM,98647,174"
2019-06-28 13:45:00.000000000,BEST_ASK,"JPM,100001,422"
2019-06-28 13:45:00.000000000,BEST_BID,"JPM,98647,174"
2019-06-28 13:45:00.000000000,BEST_ASK,"JPM,100001,422"
2019-06-28 13:45:00.000000000,BEST_BID,"JPM,98647,174"
2019-06-28 13:45:00.000000000,BEST_ASK,"JPM,100001,422"
2019-06-28 13:45:00.000000000,BEST_BID,"JPM,98647,174"
2019-06-28 13:45:00.000000000,BEST_ASK,"JPM,100001,422"
2019-06-28 13:45:00.000000000,BEST_BID,"JPM,98647,174"
2019-06-28 13:45:00.000000000,BEST_ASK,"JPM,100001,496"
2019-06-28 13:45:00.000000000,BEST_BID,"JPM,98647,174"
2019-06-28 13:45:00.000000000,BEST_ASK,"JPM,100001,496"
2019-06-28 13:45:00.000000000,BEST_BID,"JPM,98647,174"
2019-06-28 13:45:00.000000000,BEST_ASK,"JPM,100001,496"
2019-06-28 13:45:00.000000000,BEST_BID,"JPM,98647,174"
2019-06-28 13:45:00.000000000,BEST_ASK,"JPM,100001,496"
2019-06-28 13:45:00.000000000,BEST_BID,"JPM,98647,174"
2019-06-28 13:45:00.000000000,BEST_ASK,"JPM,100001,496"
2019-06-28 13:45:00.000000000,QUERY_SPREAD,77
2019-06-28 13:45:00.000000000,BEST_BID,"JPM,98647,169"
2019-06-28 13:45:00.000000000,BEST_ASK,"JPM,100001,496"
2019-06-28 13:45:00.000000000,LAST_TRADE,"5,$98647.0000"
2019-06-28 13:45:00.000000000,QUERY_SPREAD,78
2019-06-28 13:45:00.000000000,BEST_BID,"JPM,98647,161"
2019-06-28 13:45:00.000000000,BEST_ASK,"JPM,100001,496"
2019-06-28 13:45:00.000000000,LAST_TRADE,"8,$98647.0000"
2019-06-28 13:45:00.000000000,QUERY_SPREAD,79
2019-06-28 13:45:00.000000000,BEST_BID,"JPM,98647,156"
2019-06-28 13:45:00.000000000,BEST_ASK,"JPM,100001,496"
2019-06-28 13:45:00.000000000,LAST_TRADE,"5,$98647.0000"
2019-06-28 13:45:00.000000000,QUERY_SPREAD,80
2019-06-28 13:45:00.000000000,BEST_BID,"JPM,98647,148"
2019-06-28 13:45:00.000000000,BEST_ASK,"JPM,100001,496"
2019-06-28 13:45:00.000000000,LAST_TRADE,"8,$98647.0000"
2019-06-28 13:45:00.000000000,QUERY_SPREAD,81
2019-06-28 13:45:00.000000000,BEST_BID,"JPM,98647,139"
2019-06-28 13:45:00.000000000,BEST_ASK,"JPM,100001,496"
2019-06-28 13:45:00.000000000,LAST_TRADE,"9,$98647.0000"
2019-06-28 13:45:00.000000000,QUERY_SPREAD,82
2019-06-28 13:45:00.000000000,BEST_BID,"JPM,98647,136"
2019-06-28 13:45:00.000000000,BEST_ASK,"JPM,100001,496"
2019-06-28 13:45:00.000000000,LAST_TRADE,"3,$98647.0000"
2019-06-28 13:45:00.000000000,QUERY_SPREAD,83
2019-06-28 13:45:00.000000000,BEST_BID,"JPM,98647,128"
2019-06-28 13:45:00.000000000,BEST_ASK,"JPM,100001,496"
2019-06-28 13:45:00.000000000,LAST_TRADE,"8,$98647.0000"
2019-06-28 13:45:00.000000000,QUERY_SPREAD,84
2019-06-28 13:45:00.000000000,BEST_BID,"JPM,98647,124"
2019-06-28 13:45:00.000000000,BEST_ASK,"JPM,100001,496"
2019-06-28 13:45:00.000000000,LAST_TRADE,"4,$98647.0000"
2019-06-28 13:45:00.000000000,QUERY_SPREAD,85
2019-06-28 13:45:00.000000000,BEST_BID,"JPM,98647,119"
2019-06-28 13:45:00.000000000,BEST_ASK,"JPM,100001,496"
2019-06-28 13:45:00.000000000,LAST_TRADE,"5,$98647.0000"
2019-06-28 13:45:00.000000000,QUERY_SPREAD,86
2019-06-28 13:45:00.000000000,BEST_BID,"JPM,98647,117"
2019-06-28 13:45:00.000000000,BEST_ASK,"JPM,100001,496"
2019-06-28 13:45:00.000000000,LAST_TRADE,"2,$98647.0000"
2019-06-28 13:45:00.000000000,QUERY_SPREAD,87
2019-06-28 13:45:00.000000000,BEST_BID,"JPM,98647,110"
2019-06-28 13:45:00.000000000,BEST_ASK,"JPM,100001,496"
2019-06-28 13:45:00.000000000,LAST_TRADE,"7,$98647.0000"
2019-06-28 13:45:00.000000000,QUERY_SPREAD,88
2019-06-28 13:45:00.000000000,BEST_BID,"JPM,98647,102"
2019-06-28 13:45:00.000000000,BEST_ASK,"JPM,100001,496"
2019-06-28 13:45:00.000000000,LAST_TRADE,"8,$98647.0000"
2019-06-28 13:45:00.000000000,QUERY_SPREAD,89
2019-06-28 13:45:00.000000000,BEST_BID,"JPM,98647,97"
2019-06-28 13:45:00.000000000,BEST_ASK,"JPM,100001,496"
2019-06-28 13:45:00.000000000,LAST_TRADE,"5,$98647.0000"
2019-06-28 13:45:00.000000000,QUERY_SPREAD,90
2019-06-28 13:45:00.000000000,BEST_BID,"JPM,98647,93"
2019-06-28 13:45:00.000000000,BEST_ASK,"JPM,100001,496"
2019-06-28 13:45:00.000000000,LAST_TRADE,"4,$98647.0000"
2019-06-28 13:45:00.000000000,QUERY_SPREAD,91
2019-06-28 13:45:00.000000000,BEST_BID,"JPM,98647,90"
2019-06-28 13:45:00.000000000,BEST_ASK,"JPM,100001,496"
2019-06-28 13:45:00.000000000,LAST_TRADE,"3,$98647.0000"
2019-06-28 13:45:00.000000000,QUERY_SPREAD,92
2019-06-28 13:45:00.000000000,BEST_BID,"JPM,98647,85"
2019-06-28 13:45:00.000000000,BEST_ASK,"JPM,100001,496"
2019-06-28 13:45:00.000000000,LAST_TRADE,"5,$98647.0000"
2019-06-28 13:45:00.000000000,QUERY_SPREAD,93
2019-06-28 13:45:00.000000000,BEST_BID,"JPM,98647,78"
2019-06-28 13:45:00.000000000,BEST_ASK,"JPM,100001,496"
2019-06-28 13:45:00.000000000,LAST_TRADE,"7,$98647.0000"
2019-06-28 13:45:00.000000000,QUERY_SPREAD,94
2019-06-28 13:45:00.000000000,BEST_BID,"JPM,98647,77"
2019-06-28 13:45:00.000000000,BEST_ASK,"JPM,100001,496"
2019-06-28 13:45:00.000000000,LAST_TRADE,"1,$98647.0000"
2019-06-28 13:45:00.000000000,QUERY_SPREAD,95
2019-06-28 13:45:00.000000000,BEST_BID,"JPM,98647,76"
2019-06-28 13:45:00.000000000,BEST_ASK,"JPM,100001,496"
2019-06-28 13:45:00.000000000,LAST_TRADE,"1,$98647.0000"
2019-06-28 13:45:00.000000000,QUERY_SPREAD,96
2019-06-28 13:45:00.000000000,BEST_BID,"JPM,98647,72"
2019-06-28 13:45:00.000000000,BEST_ASK,"JPM,100001,496"
2019-06-28 13:45:00.000000000,LAST_TRADE,"4,$98647.0000"
2019-06-28 13:45:00.000000000,QUERY_SPREAD,97
2019-06-28 13:45:00.000000000,BEST_BID,"JPM,98647,69"
2019-06-28 13:45:00.000000000,BEST_ASK,"JPM,100001,496"
2019-06-28 13:45:00.000000000,LAST_TRADE,"3,$98647.0000"
2019-06-28 13:45:00.000000000,QUERY_SPREAD,98
2019-06-28 13:45:00.000000000,BEST_BID,"JPM,98647,64"
2019-06-28 13:45:00.000000000,BEST_ASK,"JPM,100001,496"
2019-06-28 13:45:00.000000000,LAST_TRADE,"5,$98647.0000"
2019-06-28 13:45:00.000000000,QUERY_SPREAD,99
2019-06-28 13:45:00.000000000,BEST_BID,"JPM,98647,60"
2019-06-28 13:45:00.000000000,BEST_ASK,"JPM,100001,496"
2019-06-28 13:45:00.000000000,LAST_TRADE,"4,$98647.0000"
2019-06-28 13:45:00.000000000,QUERY_SPREAD,100
2019-06-28 13:45:00.000000000,BEST_BID,"JPM,98647,55"
2019-06-28 13:45:00.000000000,BEST_ASK,"JPM,100001,496"
2019-06-28 13:45:00.000000000,LAST_TRADE,"5,$98647.0000"
2019-06-28 13:45:00.000000000,QUERY_SPREAD,101
2019-06-28 13:45:00.000000000,BEST_BID,"JPM,98647,55"
2019-06-28 13:45:00.000000000,BEST_ASK,"JPM,100001,495"
2019-06-28 13:45:00.000000000,LAST_TRADE,"1,$100001.0000"
2019-06-28 13:45:10.000000000,QUERY_SPREAD,1
2019-06-28 13:45:10.000000000,BEST_BID,"JPM,98625,193"
2019-06-28 13:45:10.000000000,BEST_ASK,"JPM,100001,421"
2019-06-28 13:45:10.000000000,BEST_BID,"JPM,98625,193"
2019-06-28 13:45:10.000000000,BEST_ASK,"JPM,100001,421"
2019-06-28 13:45:10.000000000,BEST_BID,"JPM,98625,193"
2019-06-28 13:45:10.000000000,BEST_ASK,"JPM,100001,421"
2019-06-28 13:45:10.000000000,BEST_BID,"JPM,98625,193"
2019-06-28 13:45:10.000000000,BEST_ASK,"JPM,100001,421"
2019-06-28 13:45:10.000000000,BEST_BID,"JPM,98625,193"
2019-06-28 13:45:10.000000000,BEST_ASK,"JPM,100001,514"
2019-06-28 13:45:10.000000000,BEST_BID,"JPM,98625,193"
2019-06-28 13:45:10.000000000,BEST_ASK,"JPM,100001,514"
2019-06-28 13:45:10.000000000,BEST_BID,"JPM,98625,193"
2019-06-28 13:45:10.000000000,BEST_ASK,"JPM,100001,514"
2019-06-28 13:45:10.000000000,BEST_BID,"JPM,98625,193"
2019-06-28 13:45:10.000000000,BEST_ASK,"JPM,100001,514"
2019-06-28 13:45:14.549677205,QUERY_ORDER_STREAM,62
2019-06-28 13:45:14.549677205,QUERY_SPREAD,62
2019-06-28 13:45:20.000000000,QUERY_SPREAD,1
2019-06-28 13:45:20.000000000,BEST_BID,"JPM,98625,226"
2019-06-28 13:45:20.000000000,BEST_ASK,"JPM,100001,421"
2019-06-28 13:45:20.000000000,BEST_BID,"JPM,98625,226"
2019-06-28 13:45:20.000000000,BEST_ASK,"JPM,100001,421"
2019-06-28 13:45:20.000000000,BEST_BID,"JPM,98625,226"
2019-06-28 13:45:20.000000000,BEST_ASK,"JPM,100001,421"
2019-06-28 13:45:20.000000000,BEST_BID,"JPM,98625,226"
2019-06-28 13:45:20.000000000,BEST_ASK,"JPM,100001,547"
2019-06-28 13:45:20.000000000,BEST_BID,"JPM,98625,226"
2019-06-28 13:45:20.000000000,BEST_ASK,"JPM,100001,547"
2019-06-28 13:45:20.000000000,BEST_BID,"JPM,98625,226"
2019-06-28 13:45:20.000000000,BEST_ASK,"JPM,100001,547"
2019-06-28 13:45:30.000000000,QUERY_SPREAD,1
2019-06-28 13:45:30.000000000,BEST_BID,"JPM,98625,471"
2019-06-28 13:45:30.000000000,BEST_ASK,"JPM,100001,421"
2019-06-28 13:45:30.000000000,BEST_BID,"JPM,98625,471"
2019-06-28 13:45:30.000000000,BEST_ASK,"JPM,100001,792"
2019-06-28 13:45:33.909323720,QUERY_ORDER_STREAM,69
2019-06-28 13:45:33.909323720,QUERY_SPREAD,69
2019-06-28 13:45:40.000000000,QUERY_SPREAD,1
2019-06-28 13:45:40.000000000,BEST_BID,"JPM,98625,471"
2019-06-28 13:45:40.000000000,BEST_ASK,"JPM,100001,321"
2019-06-28 13:45:40.000000000,BEST_BID,"JPM,98625,471"
2019-06-28 13:45:40.000000000,BEST_ASK,"JPM,100001,692"
2019-06-28 13:45:48.976194847,QUERY_SPREAD,35
2019-06-28 13:45:48.976194847,BEST_BID,"JPM,98625,371"
2019-06-28 13:45:48.976194847,BEST_ASK,"JPM,100001,692"
2019-06-28 13:45:48.976194847,LAST_TRADE,"100,$98625.0000"
2019-06-28 13:45:50.000000000,QUERY_SPREAD,1
2019-06-28 13:45:50.000000000,BEST_BID,"JPM,98608,174"
2019-06-28 13:45:50.000000000,BEST_ASK,"JPM,100001,321"
2019-06-28 13:45:50.000000000,BEST_BID,"JPM,98608,174"
2019-06-28 13:45:50.000000000,BEST_ASK,"JPM,100001,321"
2019-06-28 13:45:50.000000000,BEST_BID,"JPM,98608,174"
2019-06-28 13:45:50.000000000,BEST_ASK,"JPM,100001,321"
2019-06-28 13:45:50.000000000,BEST_BID,"JPM,98608,174"
2019-06-28 13:45:50.000000000,BEST_ASK,"JPM,100001,321"
2019-06-28 13:45:50.000000000,BEST_BID,"JPM,98608,174"
2019-06-28 13:45:50.000000000,BEST_ASK,"JPM,100001,321"
2019-06-28 13:45:50.000000000,BEST_BID,"JPM,98608,174"
2019-06-28 13:45:50.000000000,BEST_ASK,"JPM,100001,395"
2019-06-28 13:45:50.000000000,BEST_BID,"JPM,98608,174"
2019-06-28 13:45:50.000000000,BEST_ASK,"JPM,100001,395"
2019-06-28 13:45:50.000000000,BEST_BID,"JPM,98608,174"
2019-06-28 13:45:50.000000000,BEST_ASK,"JPM,100001,395"
2019-06-28 13:45:50.000000000,BEST_BID,"JPM,98608,174"
2019-06-28 13:45:50.000000000,BEST_ASK,"JPM,100001,395"
2019-06-28 13:45:50.000000000,BEST_BID,"JPM,98608,174"
2019-06-28 13:45:50.000000000,BEST_ASK,"JPM,100001,395"
2019-06-28 13:46:00.000000000,QUERY_SPREAD,1
2019-06-28 13:46:00.000000000,BEST_BID,"JPM,98608,226"
2019-06-28 13:46:00.000000000,BEST_ASK,"JPM,100001,321"
2019-06-28 13:46:00.000000000,BEST_BID,"JPM,98608,226"
2019-06-28 13:46:00.000000000,BEST_ASK,"JPM,100001,321"
2019-06-28 13:46:00.000000000,BEST_BID,"JPM,98608,226"
2019-06-28 13:46:00.000000000,BEST_ASK,"JPM,100001,321"
2019-06-28 13:46:00.000000000,BEST_BID,"JPM,98608,226"
2019-06-28 13:46:00.000000000,BEST_ASK,"JPM,100001,447"
2019-06-28 13:46:00.000000000,BEST_BID,"JPM,98608,226"
2019-06-28 13:46:00.000000000,BEST_ASK,"JPM,100001,447"
2019-06-28 13:46:00.000000000,BEST_BID,"JPM,98608,226"
2019-06-28 13:46:00.000000000,BEST_ASK,"JPM,100001,447"
2019-06-28 13:46:00.000000000,QUERY_SPREAD,77
2019-06-28 13:46:00.000000000,BEST_BID,"JPM,98608,221"
2019-06-28 13:46:00.000000000,BEST_ASK,"JPM,100001,447"
2019-06-28 13:46:00.000000000,LAST_TRADE,"5,$98608.0000"
2019-06-28 13:46:00.000000000,QUERY_SPREAD,78
2019-06-28 13:46:00.000000000,BEST_BID,"JPM,98608,213"
2019-06-28 13:46:00.000000000,BEST_ASK,"JPM,100001,447"
2019-06-28 13:46:00.000000000,LAST_TRADE,"8,$98608.0000"
2019-06-28 13:46:00.000000000,QUERY_SPREAD,79
2019-06-28 13:46:00.000000000,BEST_BID,"JPM,98608,208"
2019-06-28 13:46:00.000000000,BEST_ASK,"JPM,100001,447"
2019-06-28 13:46:00.000000000,LAST_TRADE,"5,$98608.0000"
2019-06-28 13:46:00.000000000,QUERY_SPREAD,80
2019-06-28 13:46:00.000000000,BEST_BID,"JPM,98608,200"
2019-06-28 13:46:00.000000000,BEST_ASK,"JPM,100001,447"
2019-06-28 13:46:00.000000000,LAST_TRADE,"8,$98608.0000"
2019-06-28 13:46:00.000000000,QUERY_SPREAD,81
2019-06-28 13:46:00.000000000,BEST_BID,"JPM,98608,191"
2019-06-28 13:46:00.000000000,BEST_ASK,"JPM,100001,447"
2019-06-28 13:46:00.000000000,LAST_TRADE,"9,$98608.0000"
2019-06-28 13:46:00.000000000,QUERY_SPREAD,82
2019-06-28 13:46:00.000000000,BEST_BID,"JPM,98608,188"
2019-06-28 13:46:00.000000000,BEST_ASK,"JPM,100001,447"
2019-06-28 13:46:00.000000000,LAST_TRADE,"3,$98608.0000"
2019-06-28 13:46:00.000000000,QUERY_SPREAD,83
2019-06-28 13:46:00.000000000,BEST_BID,"JPM,98608,180"
2019-06-28 13:46:00.000000000,BEST_ASK,"JPM,100001,447"
2019-06-28 13:46:00.000000000,LAST_TRADE,"8,$98608.0000"
2019-06-28 13:46:00.000000000,QUERY_SPREAD,84
2019-06-28 13:46:00.000000000,BEST_BID,"JPM,98608,176"
2019-06-28 13:46:00.000000000,BEST_ASK,"JPM,100001,447"
2019-06-28 13:46:00.000000000,LAST_TRADE,"4,$98608.0000"
2019-06-28 13:46:00.000000000,QUERY_SPREAD,85
2019-06-28 13:46:00.000000000,BEST_BID,"JPM,98608,171"
2019-06-28 13:46:00.000000000,BEST_ASK,"JPM,100001,447"
2019-06-28 13:46:00.000000000,LAST_TRADE,"5,$98608.0000"
2019-06-28 13:46:00.000000000,QUERY_SPREAD,86
2019-06-28 13:46:00.000000000,BEST_BID,"JPM,98608,169"
2019-06-28 13:46:00.000000000,BEST_ASK,"JPM,100001,447"
2019-06-28 13:46:00.000000000,LAST_TRADE,"2,$98608.0000"
2019-06-28 13:46:00.000000000,QUERY_SPREAD,87
2019-06-28 13:46:00.000000000,BEST_BID,"JPM,98608,162"
2019-06-28 13:46:00.000000000,BEST_ASK,"JPM,100001,447"
2019-06-28 13:46:00.000000000,LAST_TRADE,"7,$98608.0000"
2019-06-28 13:46:00.000000000,QUERY_SPREAD,88
2019-06-28 13:46:00.000000000,BEST_BID,"JPM,98608,154"
2019-06-28 13:46:00.000000000,BEST_ASK,"JPM,100001,447"
2019-06-28 13:46:00.000000000,LAST_TRADE,"8,$98608.0000"
2019-06-28 13:46:00.000000000,QUERY_SPREAD,89
2019-06-28 13:46:00.000000000,BEST_BID,"JPM,98608,149"
2019-06-28 13:46:00.000000000,BEST_ASK,"JPM,100001,447"
2019-06-28 13:46:00.000000000,LAST_TRADE,"5,$98608.0000"
2019-06-28 13:46:00.000000000,QUERY_SPREAD,90
2019-06-28 13:46:00.000000000,BEST_BID,"JPM,98608,145"
2019-06-28 13:46:00.000000000,BEST_ASK,"JPM,100001,447"
2019-06-28 13:46:00.000000000,LAST_TRADE,"4,$98608.0000"
2019-06-28 13:46:00.000000000,QUERY_SPREAD,91
2019-06-28 13:46:00.000000000,BEST_BID,"JPM,98608,142"
2019-06-28 13:46:00.000000000,BEST_ASK,"JPM,100001,447"
2019-06-28 13:46:00.000000000,LAST_TRADE,"3,$98608.0000"
2019-06-28 13:46:00.000000000,QUERY_SPREAD,92
2019-06-28 13:46:00.000000000,BEST_BID,"JPM,98608,137"
2019-06-28 13:46:00.000000000,BEST_ASK,"JPM,100001,447"
2019-06-28 13:46:00.000000000,LAST_TRADE,"5,$98608.0000"
2019-06-28 13:46:00.000000000,QUERY_SPREAD,93
2019-06-28 13:46:00.000000000,BEST_BID,"JPM,98608,130"
2019-06-28 13:46:00.000000000,BEST_ASK,"JPM,100001,447"
2019-06-28 13:46:00.000000000,LAST_TRADE,"7,$98608.0000"
2019-06-28 13:46:00.000000000,QUERY_SPREAD,94
2019-06-28 13:46:00.000000000,BEST_BID,"JPM,98608,129"
2019-06-28 13:46:00.000000000,BEST_ASK,"JPM,100001,447"
2019-06-28 13:46:00.000000000,LAST_TRADE,"1,$98608.0000"
2019-06-28 13:46:00.000000000,QUERY_SPREAD,95
2019-06-28 13:46:00.000000000,BEST_BID,"JPM,98608,128"
2019-06-28 13:46:00.000000000,BEST_ASK,"JPM,100001,447"
2019-06-28 13:46:00.000000000,LAST_TRADE,"1,$98608.0000"
2019-06-28 13:46:00.000000000,QUERY_SPREAD,96
2019-06-28 13:46:00.000000000,BEST_BID,"JPM,98608,124"
2019-06-28 13:46:00.000000000,BEST_ASK,"JPM,100001,447"
2019-06-28 13:46:00.000000000,LAST_TRADE,"4,$98608.0000"
2019-06-28 13:46:00.000000000,QUERY_SPREAD,97
2019-06-28 13:46:00.000000000,BEST_BID,"JPM,98608,121"
2019-06-28 13:46:00.000000000,BEST_ASK,"JPM,100001,447"
2019-06-28 13:46:00.000000000,LAST_TRADE,"3,$98608.0000"
2019-06-28 13:46:00.000000000,QUERY_SPREAD,98
2019-06-28 13:46:00.000000000,BEST_BID,"JPM,98608,116"
2019-06-28 13:46:00.000000000,BEST_ASK,"JPM,100001,447"
2019-06-28 13:46:00.000000000,LAST_TRADE,"5,$98608.0000"
2019-06-28 13:46:00.000000000,QUERY_SPREAD,99
2019-06-28 13:46:00.000000000,BEST_BID,"JPM,98608,112"
2019-06-28 13:46:00.000000000,BEST_ASK,"JPM,100001,447"
2019-06-28 13:46:00.000000000,LAST_TRADE,"4,$98608.0000"
2019-06-28 13:46:00.000000000,QUERY_SPREAD,100
2019-06-28 13:46:00.000000000,BEST_BID,"JPM,98608,107"
2019-06-28 13:46:00.000000000,BEST_ASK,"JPM,100001,447"
2019-06-28 13:46:00.000000000,LAST_TRADE,"5,$98608.0000"
2019-06-28 13:46:00.000000000,QUERY_SPREAD,101
2019-06-28 13:46:00.000000000,BEST_BID,"JPM,98608,107"
2019-06-28 13:46:00.000000000,BEST_ASK,"JPM,100001,446"
2019-06-28 13:46:00.000000000,LAST_TRADE,"1,$100001.0000"
2019-06-28 13:46:07.789635808,QUERY_ORDER_STREAM,67
2019-06-28 13:46:07.789635808,QUERY_SPREAD,67
2019-06-28 13:46:10.000000000,QUERY_SPREAD,1
2019-06-28 13:46:10.000000000,BEST_BID,"JPM,98558,174"
2019-06-28 13:46:10.000000000,BEST_ASK,"JPM,100001,320"
2019-06-28 13:46:10.000000000,BEST_BID,"JPM,98558,174"
2019-06-28 13:46:10.000000000,BEST_ASK,"JPM,100001,320"
2019-06-28 13:46:10.000000000,BEST_BID,"JPM,98558,174"
2019-06-28 13:46:10.000000000,BEST_ASK,"JPM,100001,320"
2019-06-28 13:46:10.000000000,BEST_BID,"JPM,98558,174"
2019-06-28 13:46:10.000000000,BEST_ASK,"JPM,100001,320"
2019-06-28 13:46:10.000000000,BEST_BID,"JPM,98558,174"
2019-06-28 13:46:10.000000000,BEST_ASK,"JPM,100001,320"
2019-06-28 13:46:10.000000000,BEST_BID,"JPM,98558,174"
2019-06-28 13:46:10.000000000,BEST_ASK,"JPM,100001,394"
2019-06-28 13:46:10.000000000,BEST_BID,"JPM,98558,174"
2019-06-28 13:46:10.000000000,BEST_ASK,"JPM,100001,394"
2019-06-28 13:46:10.000000000,BEST_BID,"JPM,98558,174"
2019-06-28 13:46:10.000000000,BEST_ASK,"JPM,100001,394"
2019-06-28 13:46:10.000000000,BEST_BID,"JPM,98558,174"
2019-06-28 13:46:10.000000000,BEST_ASK,"JPM,100001,394"
2019-06-28 13:46:10.000000000,BEST_BID,"JPM,98558,174"
2019-06-28 13:46:10.000000000,BEST_ASK,"JPM,100001,394"
2019-06-28 13:46:14.037891508,QUERY_SPREAD,29
2019-06-28 13:46:14.037891508,BEST_BID,"JPM,98558,74"
2019-06-28 13:46:14.037891508,BEST_ASK,"JPM,100001,394"
2019-06-28 13:46:14.037891508,LAST_TRADE,"100,$98558.0000"
2019-06-28 13:46:20.000000000,QUERY_SPREAD,1
2019-06-28 13:46:20.000000000,BEST_BID,"JPM,98438,174"
2019-06-28 13:46:20.000000000,BEST_ASK,"JPM,100001,320"
2019-06-28 13:46:20.000000000,BEST_BID,"JPM,98438,174"
2019-06-28 13:46:20.000000000,BEST_ASK,"JPM,100001,320"
2019-06-28 13:46:20.000000000,BEST_BID,"JPM,98438,174"
2019-06-28 13:46:20.000000000,BEST_ASK,"JPM,100001,320"
2019-06-28 13:46:20.000000000,BEST_BID,"JPM,98438,174"
2019-06-28 13:46:20.000000000,BEST_ASK,"JPM,100001,320"
2019-06-28 13:46:20.000000000,BEST_BID,"JPM,98438,174"
2019-06-28 13:46:20.000000000,BEST_ASK,"JPM,100001,320"
2019-06-28 13:46:20.000000000,BEST_BID,"JPM,98438,174"
2019-06-28 13:46:20.000000000,BEST_ASK,"JPM,100001,394"
2019-06-28 13:46:20.000000000,BEST_BID,"JPM,98438,174"
2019-06-28 13:46:20.000000000,BEST_ASK,"JPM,100001,394"
2019-06-28 13:46:20.000000000,BEST_BID,"JPM,98438,174"
2019-06-28 13:46:20.000000000,BEST_ASK,"JPM,100001,394"
2019-06-28 13:46:20.000000000,BEST_BID,"JPM,98438,174"
2019-06-28 13:46:20.000000000,BEST_ASK,"JPM,100001,394"
2019-06-28 13:46:20.000000000,BEST_BID,"JPM,98438,174"
2019-06-28 13:46:20.000000000,BEST_ASK,"JPM,100001,394"
2019-06-28 13:46:30.000000000,QUERY_SPREAD,1
2019-06-28 13:46:30.000000000,BEST_BID,"JPM,98438,174"
2019-06-28 13:46:30.000000000,BEST_ASK,"JPM,100001,320"
2019-06-28 13:46:30.000000000,BEST_BID,"JPM,98438,174"
2019-06-28 13:46:30.000000000,BEST_ASK,"JPM,100001,320"
2019-06-28 13:46:30.000000000,BEST_BID,"JPM,98438,174"
2019-06-28 13:46:30.000000000,BEST_ASK,"JPM,100001,320"
2019-06-28 13:46:30.000000000,BEST_BID,"JPM,98438,174"
2019-06-28 13:46:30.000000000,BEST_ASK,"JPM,100001,320"
2019-06-28 13:46:30.000000000,BEST_BID,"JPM,98438,174"
2019-06-28 13:46:30.000000000,BEST_ASK,"JPM,100001,320"
2019-06-28 13:46:30.000000000,BEST_BID,"JPM,98438,174"
2019-06-28 13:46:30.000000000,BEST_ASK,"JPM,100001,394"
2019-06-28 13:46:30.000000000,BEST_BID,"JPM,98438,174"
2019-06-28 13:46:30.000000000,BEST_ASK,"JPM,100001,394"
2019-06-28 13:46:30.000000000,BEST_BID,"JPM,98438,174"
2019-06-28 13:46:30.000000000,BEST_ASK,"JPM,100001,394"
2019-06-28 13:46:30.000000000,BEST_BID,"JPM,98438,174"
2019-06-28 13:46:30.000000000,BEST_ASK,"JPM,100001,394"
2019-06-28 13:46:30.000000000,BEST_BID,"JPM,98438,174"
2019-06-28 13:46:30.000000000,BEST_ASK,"JPM,100001,394"
2019-06-28 13:46:40.000000000,QUERY_SPREAD,1
2019-06-28 13:46:40.000000000,BEST_BID,"JPM,98438,193"
2019-06-28 13:46:40.000000000,BEST_ASK,"JPM,100001,320"
2019-06-28 13:46:40.000000000,BEST_BID,"JPM,98438,193"
2019-06-28 13:46:40.000000000,BEST_ASK,"JPM,100001,320"
2019-06-28 13:46:40.000000000,BEST_BID,"JPM,98438,193"
2019-06-28 13:46:40.000000000,BEST_ASK,"JPM,100001,320"
2019-06-28 13:46:40.000000000,BEST_BID,"JPM,98438,193"
2019-06-28 13:46:40.000000000,BEST_ASK,"JPM,100001,320"
2019-06-28 13:46:40.000000000,BEST_BID,"JPM,98438,193"
2019-06-28 13:46:40.000000000,BEST_ASK,"JPM,100001,413"
2019-06-28 13:46:40.000000000,BEST_BID,"JPM,98438,193"
2019-06-28 13:46:40.000000000,BEST_ASK,"JPM,100001,413"
2019-06-28 13:46:40.000000000,BEST_BID,"JPM,98438,193"
2019-06-28 13:46:40.000000000,BEST_ASK,"JPM,100001,413"
2019-06-28 13:46:40.000000000,BEST_BID,"JPM,98438,193"
2019-06-28 13:46:40.000000000,BEST_ASK,"JPM,100001,413"
2019-06-28 13:46:50.000000000,QUERY_SPREAD,1
2019-06-28 13:46:50.000000000,BEST_BID,"JPM,98438,226"
2019-06-28 13:46:50.000000000,BEST_ASK,"JPM,100001,320"
2019-06-28 13:46:50.000000000,BEST_BID,"JPM,98438,226"
2019-06-28 13:46:50.000000000,BEST_ASK,"JPM,100001,320"
2019-06-28 13:46:50.000000000,BEST_BID,"JPM,98438,226"
2019-06-28 13:46:50.000000000,BEST_ASK,"JPM,100001,320"
2019-06-28 13:46:50.000000000,BEST_BID,"JPM,98438,226"
2019-06-28 13:46:50.000000000,BEST_ASK,"JPM,100001,446"
2019-06-28 13:46:50.000000000,BEST_BID,"JPM,98438,226"
2019-06-28 13:46:50.000000000,BEST_ASK,"JPM,100001,446"
2019-06-28 13:46:50.000000000,BEST_BID,"JPM,98438,226"
2019-06-28 13:46:50.000000000,BEST_ASK,"JPM,100001,446"
2019-06-28 13:46:54.335368990,QUERY_ORDER_STREAM,67
2019-06-28 13:46:54.335368990,QUERY_SPREAD,67
2019-06-28 13:46:55.112952462,QUERY_SPREAD,37
2019-06-28 13:46:55.112952462,BEST_BID,"JPM,98438,126"
2019-06-28 13:46:55.112952462,BEST_ASK,"JPM,100001,446"
2019-06-28 13:46:55.112952462,LAST_TRADE,"100,$98438.0000"
2019-06-28 13:47:00.000000000,QUERY_SPREAD,1
2019-06-28 13:47:00.000000000,BEST_BID,"JPM,98291,174"
2019-06-28 13:47:00.000000000,BEST_ASK,"JPM,100001,320"
2019-06-28 13:47:00.000000000,BEST_BID,"JPM,98291,174"
2019-06-28 13:47:00.000000000,BEST_ASK,"JPM,100001,320"
2019-06-28 13:47:00.000000000,BEST_BID,"JPM,98291,174"
2019-06-28 13:47:00.000000000,BEST_ASK,"JPM,100001,320"
2019-06-28 13:47:00.000000000,BEST_BID,"JPM,98291,174"
2019-06-28 13:47:00.000000000,BEST_ASK,"JPM,100001,320"
2019-06-28 13:47:00.000000000,BEST_BID,"JPM,98291,174"
2019-06-28 13:47:00.000000000,BEST_ASK,"JPM,100001,394"
2019-06-28 13:47:00.000000000,BEST_BID,"JPM,98291,174"
2019-06-28 13:47:00.000000000,BEST_ASK,"JPM,100001,394"
2019-06-28 13:47:00.000000000,BEST_BID,"JPM,98291,174"
2019-06-28 13:47:00.000000000,BEST_ASK,"JPM,100001,394"
2019-06-28 13:47:00.000000000,BEST_BID,"JPM,98291,174"
2019-06-28 13:47:00.000000000,BEST_ASK,"JPM,100001,394"
2019-06-28 13:47:00.000000000,BEST_BID,"JPM,98291,174"
2019-06-28 13:47:00.000000000,BEST_ASK,"JPM,100001,394"
2019-06-28 13:47:00.000000000,QUERY_SPREAD,77
2019-06-28 13:47:00.000000000,BEST_BID,"JPM,98291,169"
2019-06-28 13:47:00.000000000,BEST_ASK,"JPM,100001,394"
2019-06-28 13:47:00.000000000,LAST_TRADE,"5,$98291.0000"
2019-06-28 13:47:00.000000000,QUERY_SPREAD,78
2019-06-28 13:47:00.000000000,BEST_BID,"JPM,98291,161"
2019-06-28 13:47:00.000000000,BEST_ASK,"JPM,100001,394"
2019-06-28 13:47:00.000000000,LAST_TRADE,"8,$98291.0000"
2019-06-28 13:47:00.000000000,QUERY_SPREAD,79
2019-06-28 13:47:00.000000000,BEST_BID,"JPM,98291,156"
2019-06-28 13:47:00.000000000,BEST_ASK,"JPM,100001,394"
2019-06-28 13:47:00.000000000,LAST_TRADE,"5,$98291.0000"
2019-06-28 13:47:00.000000000,QUERY_SPREAD,80
2019-06-28 13:47:00.000000000,BEST_BID,"JPM,98291,148"
2019-06-28 13:47:00.000000000,BEST_ASK,"JPM,100001,394"
2019-06-28 13:47:00.000000000,LAST_TRADE,"8,$98291.0000"
2019-06-28 13:47:00.000000000,QUERY_SPREAD,81
2019-06-28 13:47:00.000000000,BEST_BID,"JPM,98291,139"
2019-06-28 13:47:00.000000000,BEST_ASK,"JPM,100001,394"
2019-06-28 13:47:00.000000000,LAST_TRADE,"9,$98291.0000"
2019-06-28 13:47:00.000000000,QUERY_SPREAD,82
2019-06-28 13:47:00.000000000,BEST_BID,"JPM,98291,136"
2019-06-28 13:47:00.000000000,BEST_ASK,"JPM,100001,394"
2019-06-28 13:47:00.000000000,LAST_TRADE,"3,$98291.0000"
2019-06-28 13:47:00.000000000,QUERY_SPREAD,83
2019-06-28 13:47:00.000000000,BEST_BID,"JPM,98291,128"
2019-06-28 13:47:00.000000000,BEST_ASK,"JPM,100001,394"
2019-06-28 13:47:00.000000000,LAST_TRADE,"8,$98291.0000"
2019-06-28 13:47:00.000000000,QUERY_SPREAD,84
2019-06-28 13:47:00.000000000,BEST_BID,"JPM,98291,124"
2019-06-28 13:47:00.000000000,BEST_ASK,"JPM,100001,394"
2019-06-28 13:47:00.000000000,LAST_TRADE,"4,$98291.0000"
2019-06-28 13:47:00.000000000,QUERY_SPREAD,85
2019-06-28 13:47:00.000000000,BEST_BID,"JPM,98291,119"
2019-06-28 13:47:00.000000000,BEST_ASK,"JPM,100001,394"
2019-06-28 13:47:00.000000000,LAST_TRADE,"5,$98291.0000"
2019-06-28 13:47:00.000000000,QUERY_SPREAD,86
2019-06-28 13:47:00.000000000,BEST_BID,"JPM,98291,117"
2019-06-28 13:47:00.000000000,BEST_ASK,"JPM,100001,394"
2019-06-28 13:47:00.000000000,LAST_TRADE,"2,$98291.0000"
2019-06-28 13:47:00.000000000,QUERY_SPREAD,87
2019-06-28 13:47:00.000000000,BEST_BID,"JPM,98291,110"
2019-06-28 13:47:00.000000000,BEST_ASK,"JPM,100001,394"
2019-06-28 13:47:00.000000000,LAST_TRADE,"7,$98291.0000"
2019-06-28 13:47:00.000000000,QUERY_SPREAD,88
2019-06-28 13:47:00.000000000,BEST_BID,"JPM,98291,102"
2019-06-28 13:47:00.000000000,BEST_ASK,"JPM,100001,394"
2019-06-28 13:47:00.000000000,LAST_TRADE,"8,$98291.0000"
2019-06-28 13:47:00.000000000,QUERY_SPREAD,89
2019-06-28 13:47:00.000000000,BEST_BID,"JPM,98291,97"
2019-06-28 13:47:00.000000000,BEST_ASK,"JPM,100001,394"
2019-06-28 13:47:00.000000000,LAST_TRADE,"5,$98291.0000"
2019-06-28 13:47:00.000000000,QUERY_SPREAD,90
2019-06-28 13:47:00.000000000,BEST_BID,"JPM,98291,93"
2019-06-28 13:47:00.000000000,BEST_ASK,"JPM,100001,394"
2019-06-28 13:47:00.000000000,LAST_TRADE,"4,$98291.0000"
2019-06-28 13:47:00.000000000,QUERY_SPREAD,91
2019-06-28 13:47:00.000000000,BEST_BID,"JPM,98291,90"
2019-06-28 13:47:00.000000000,BEST_ASK,"JPM,100001,394"
2019-06-28 13:47:00.000000000,LAST_TRADE,"3,$98291.0000"
2019-06-28 13:47:00.000000000,QUERY_SPREAD,92
2019-06-28 13:47:00.000000000,BEST_BID,"JPM,98291,85"
2019-06-28 13:47:00.000000000,BEST_ASK,"JPM,100001,394"
2019-06-28 13:47:00.000000000,LAST_TRADE,"5,$98291.0000"
2019-06-28 13:47:00.000000000,QUERY_SPREAD,93
2019-06-28 13:47:00.000000000,BEST_BID,"JPM,98291,78"
2019-06-28 13:47:00.000000000,BEST_ASK,"JPM,100001,394"
2019-06-28 13:47:00.000000000,LAST_TRADE,"7,$98291.0000"
2019-06-28 13:47:00.000000000,QUERY_SPREAD,94
2019-06-28 13:47:00.000000000,BEST_BID,"JPM,98291,77"
2019-06-28 13:47:00.000000000,BEST_ASK,"JPM,100001,394"
2019-06-28 13:47:00.000000000,LAST_TRADE,"1,$98291.0000"
2019-06-28 13:47:00.000000000,QUERY_SPREAD,95
2019-06-28 13:47:00.000000000,BEST_BID,"JPM,98291,76"
2019-06-28 13:47:00.000000000,BEST_ASK,"JPM,100001,394"
2019-06-28 13:47:00.000000000,LAST_TRADE,"1,$98291.0000"
2019-06-28 13:47:00.000000000,QUERY_SPREAD,96
2019-06-28 13:47:00.000000000,BEST_BID,"JPM,98291,72"
2019-06-28 13:47:00.000000000,BEST_ASK,"JPM,100001,394"
2019-06-28 13:47:00.000000000,LAST_TRADE,"4,$98291.0000"
2019-06-28 13:47:00.000000000,QUERY_SPREAD,97
2019-06-28 13:47:00.000000000,BEST_BID,"JPM,98291,69"
2019-06-28 13:47:00.000000000,BEST_ASK,"JPM,100001,394"
2019-06-28 13:47:00.000000000,LAST_TRADE,"3,$98291.0000"
2019-06-28 13:47:00.000000000,QUERY_SPREAD,98
2019-06-28 13:47:00.000000000,BEST_BID,"JPM,98291,64"
2019-06-28 13:47:00.000000000,BEST_ASK,"JPM,100001,394"
2019-06-28 13:47:00.000000000,LAST_TRADE,"5,$98291.0000"
2019-06-28 13:47:00.000000000,QUERY_SPREAD,99
2019-06-28 13:47:00.000000000,BEST_BID,"JPM,98291,60"
2019-06-28 13:47:00.000000000,BEST_ASK,"JPM,100001,394"
2019-06-28 13:47:00.000000000,LAST_TRADE,"4,$98291.0000"
2019-06-28 13:47:00.000000000,QUERY_SPREAD,100
2019-06-28 13:47:00.000000000,BEST_BID,"JPM,98291,55"
2019-06-28 13:47:00.000000000,BEST_ASK,"JPM,100001,394"
2019-06-28 13:47:00.000000000,LAST_TRADE,"5,$98291.0000"
2019-06-28 13:47:00.000000000,QUERY_SPREAD,101
2019-06-28 13:47:00.000000000,BEST_BID,"JPM,98291,55"
2019-06-28 13:47:00.000000000,BEST_ASK,"JPM,100001,393"
2019-06-28 13:47:00.000000000,LAST_TRADE,"1,$100001.0000"
2019-06-28 13:47:04.625328085,QUERY_ORDER_STREAM,76
2019-06-28 13:47:04.625328085,QUERY_SPREAD,76
2019-06-28 13:47:04.625328085,BEST_BID,"JPM,98291,55"
2019-06-28 13:47:04.625328085,BEST_ASK,"JPM,100001,493"
2019-06-28 13:47:04.763009590,QUERY_ORDER_STREAM,70
2019-06-28 13:47:04.763009590,QUERY_SPREAD,70
2019-06-28 13:47:04.763009590,BEST_BID,"JPM,98291,55"
2019-06-28 13:47:04.763009590,BEST_ASK,"JPM,100001,493"
2019-06-28 13:47:10.000000000,QUERY_SPREAD,1
2019-06-28 13:47:10.000000000,BEST_BID,"JPM,98171,471"
2019-06-28 13:47:10.000000000,BEST_ASK,"JPM,100001,419"
2019-06-28 13:47:10.000000000,BEST_BID,"JPM,98171,471"
2019-06-28 13:47:10.000000000,BEST_ASK,"JPM,100001,790"
2019-06-28 13:47:20.000000000,QUERY_SPREAD,1
2019-06-28 13:47:20.000000000,BEST_BID,"JPM,98171,226"
2019-06-28 13:47:20.000000000,BEST_ASK,"JPM,100001,419"
2019-06-28 13:47:20.000000000,BEST_BID,"JPM,98171,226"
2019-06-28 13:47:20.000000000,BEST_ASK,"JPM,100001,419"
2019-06-28 13:47:20.000000000,BEST_BID,"JPM,98171,226"
2019-06-28 13:47:20.000000000,BEST_ASK,"JPM,100001,419"
2019-06-28 13:47:20.000000000,BEST_BID,"JPM,98171,226"
2019-06-28 13:47:20.000000000,BEST_ASK,"JPM,100001,545"
2019-06-28 13:47:20.000000000,BEST_BID,"JPM,98171,226"
2019-06-28 13:47:20.000000000,BEST_ASK,"JPM,100001,545"
2019-06-28 13:47:20.000000000,BEST_BID,"JPM,98171,226"
2019-06-28 13:47:20.000000000,BEST_ASK,"JPM,100001,545"
2019-06-28 13:47:30.000000000,QUERY_SPREAD,1
2019-06-28 13:47:30.000000000,BEST_BID,"JPM,98171,174"
2019-06-28 13:47:30.000000000,BEST_ASK,"JPM,100001,419"
2019-06-28 13:47:30.000000000,BEST_BID,"JPM,98171,174"
2019-06-28 13:47:30.000000000,BEST_ASK,"JPM,100001,419"
2019-06-28 13:47:30.000000000,BEST_BID,"JPM,98171,174"
2019-06-28 13:47:30.000000000,BEST_ASK,"JPM,100001,419"
2019-06-28 13:47:30.000000000,BEST_BID,"JPM,98171,174"
2019-06-28 13:47:30.000000000,BEST_ASK,"JPM,100001,493"
2019-06-28 13:47:30.000000000,BEST_BID,"JPM,98171,174"
2019-06-28 13:47:30.000000000,BEST_ASK,"JPM,100001,493"
2019-06-28 13:47:30.000000000,BEST_BID,"JPM,98171,174"
2019-06-28 13:47:30.000000000,BEST_ASK,"JPM,100001,493"
2019-06-28 13:47:30.000000000,BEST_BID,"JPM,98171,174"
2019-06-28 13:47:30.000000000,BEST_ASK,"JPM,100001,493"
2019-06-28 13:47:30.000000000,BEST_BID,"JPM,98171,174"
2019-06-28 13:47:30.000000000,BEST_ASK,"JPM,100001,493"
2019-06-28 13:47:30.393841675,QUERY_ORDER_STREAM,56
2019-06-28 13:47:30.393841675,QUERY_SPREAD,56
2019-06-28 13:47:30.393841675,BEST_BID,"JPM,98291,100"
2019-06-28 13:47:30.393841675,BEST_ASK,"JPM,100001,493"
2019-06-28 13:47:40.000000000,QUERY_SPREAD,1
2019-06-28 13:47:40.000000000,BEST_BID,"JPM,98291,174"
2019-06-28 13:47:40.000000000,BEST_ASK,"JPM,100001,419"
2019-06-28 13:47:40.000000000,BEST_BID,"JPM,98291,174"
2019-06-28 13:47:40.000000000,BEST_ASK,"JPM,100001,419"
2019-06-28 13:47:40.000000000,BEST_BID,"JPM,98291,174"
2019-06-28 13:47:40.000000000,BEST_ASK,"JPM,100001,419"
2019-06-28 13:47:40.000000000,BEST_BID,"JPM,98291,174"
2019-06-28 13:47:40.000000000,BEST_ASK,"JPM,100001,419"
2019-06-28 13:47:40.000000000,BEST_BID,"JPM,98291,174"
2019-06-28 13:47:40.000000000,BEST_ASK,"JPM,100001,493"
2019-06-28 13:47:40.000000000,BEST_BID,"JPM,98291,174"
2019-06-28 13:47:40.000000000,BEST_ASK,"JPM,100001,493"
2019-06-28 13:47:40.000000000,BEST_BID,"JPM,98291,174"
2019-06-28 13:47:40.000000000,BEST_ASK,"JPM,100001,493"
2019-06-28 13:47:40.000000000,BEST_BID,"JPM,98291,174"
2019-06-28 13:47:40.000000000,BEST_ASK,"JPM,100001,493"
2019-06-28 13:47:40.000000000,BEST_BID,"JPM,98291,174"
2019-06-28 13:47:40.000000000,BEST_ASK,"JPM,100001,493"
2019-06-28 13:47:43.785246458,QUERY_ORDER_STREAM,66
2019-06-28 13:47:43.785246458,QUERY_SPREAD,66
2019-06-28 13:47:43.785246458,BEST_BID,"JPM,98291,274"
2019-06-28 13:47:43.785246458,BEST_ASK,"JPM,100001,493"
2019-06-28 13:47:50.000000000,QUERY_SPREAD,1
2019-06-28 13:47:50.000000000,BEST_BID,"JPM,98291,571"
2019-06-28 13:47:50.000000000,BEST_ASK,"JPM,100001,419"
2019-06-28 13:47:50.000000000,BEST_BID,"JPM,98291,571"
2019-06-28 13:47:50.000000000,BEST_ASK,"JPM,100001,790"
2019-06-28 13:48:00.000000000,QUERY_SPREAD,1
2019-06-28 13:48:00.000000000,BEST_BID,"JPM,98291,274"
2019-06-28 13:48:00.000000000,BEST_ASK,"JPM,100001,419"
2019-06-28 13:48:00.000000000,BEST_BID,"JPM,98291,274"
2019-06-28 13:48:00.000000000,BEST_ASK,"JPM,100001,419"
2019-06-28 13:48:00.000000000,BEST_BID,"JPM,98291,274"
2019-06-28 13:48:00.000000000,BEST_ASK,"JPM,100001,419"
2019-06-28 13:48:00.000000000,BEST_BID,"JPM,98291,274"
2019-06-28 13:48:00.000000000,BEST_ASK,"JPM,100001,419"
2019-06-28 13:48:00.000000000,BEST_BID,"JPM,98291,274"
2019-06-28 13:48:00.000000000,BEST_ASK,"JPM,100001,493"
2019-06-28 13:48:00.000000000,BEST_BID,"JPM,98291,274"
2019-06-28 13:48:00.000000000,BEST_ASK,"JPM,100001,493"
2019-06-28 13:48:00.000000000,BEST_BID,"JPM,98291,274"
2019-06-28 13:48:00.000000000,BEST_ASK,"JPM,100001,493"
2019-06-28 13:48:00.000000000,BEST_BID,"JPM,98291,274"
2019-06-28 13:48:00.000000000,BEST_ASK,"JPM,100001,493"
2019-06-28 13:48:00.000000000,BEST_BID,"JPM,98291,274"
2019-06-28 13:48:00.000000000,BEST_ASK,"JPM,100001,493"
2019-06-28 13:48:00.000000000,QUERY_SPREAD,77
2019-06-28 13:48:00.000000000,BEST_BID,"JPM,98291,269"
2019-06-28 13:48:00.000000000,BEST_ASK,"JPM,100001,493"
2019-06-28 13:48:00.000000000,LAST_TRADE,"5,$98291.0000"
2019-06-28 13:48:00.000000000,QUERY_SPREAD,78
2019-06-28 13:48:00.000000000,BEST_BID,"JPM,98291,261"
2019-06-28 13:48:00.000000000,BEST_ASK,"JPM,100001,493"
2019-06-28 13:48:00.000000000,LAST_TRADE,"8,$98291.0000"
2019-06-28 13:48:00.000000000,QUERY_SPREAD,79
2019-06-28 13:48:00.000000000,BEST_BID,"JPM,98291,256"
2019-06-28 13:48:00.000000000,BEST_ASK,"JPM,100001,493"
2019-06-28 13:48:00.000000000,LAST_TRADE,"5,$98291.0000"
2019-06-28 13:48:00.000000000,QUERY_SPREAD,80
2019-06-28 13:48:00.000000000,BEST_BID,"JPM,98291,248"
2019-06-28 13:48:00.000000000,BEST_ASK,"JPM,100001,493"
2019-06-28 13:48:00.000000000,LAST_TRADE,"8,$98291.0000"
2019-06-28 13:48:00.000000000,QUERY_SPREAD,81
2019-06-28 13:48:00.000000000,BEST_BID,"JPM,98291,239"
2019-06-28 13:48:00.000000000,BEST_ASK,"JPM,100001,493"
2019-06-28 13:48:00.000000000,LAST_TRADE,"9,$98291.0000"
2019-06-28 13:48:00.000000000,QUERY_SPREAD,82
2019-06-28 13:48:00.000000000,BEST_BID,"JPM,98291,236"
2019-06-28 13:48:00.000000000,BEST_ASK,"JPM,100001,493"
2019-06-28 13:48:00.000000000,LAST_TRADE,"3,$98291.0000"
2019-06-28 13:48:00.000000000,QUERY_SPREAD,83
2019-06-28 13:48:00.000000000,BEST_BID,"JPM,98291,228"
2019-06-28 13:48:00.000000000,BEST_ASK,"JPM,100001,493"
2019-06-28 13:48:00.000000000,LAST_TRADE,"8,$98291.0000"
2019-06-28 13:48:00.000000000,QUERY_SPREAD,84
2019-06-28 13:48:00.000000000,BEST_BID,"JPM,98291,224"
2019-06-28 13:48:00.000000000,BEST_ASK,"JPM,100001,493"
2019-06-28 13:48:00.000000000,LAST_TRADE,"4,$98291.0000"
2019-06-28 13:48:00.000000000,QUERY_SPREAD,85
2019-06-28 13:48:00.000000000,BEST_BID,"JPM,98291,219"
2019-06-28 13:48:00.000000000,BEST_ASK,"JPM,100001,493"
2019-06-28 13:48:00.000000000,LAST_TRADE,"5,$98291.0000"
2019-06-28 13:48:00.000000000,QUERY_SPREAD,86
2019-06-28 13:48:00.000000000,BEST_BID,"JPM,98291,217"
2019-06-28 13:48:00.000000000,BEST_ASK,"JPM,100001,493"
2019-06-28 13:48:00.000000000,LAST_TRADE,"2,$98291.0000"
2019-06-28 13:48:00.000000000,QUERY_SPREAD,87
2019-06-28 13:48:00.000000000,BEST_BID,"JPM,98291,210"
2019-06-28 13:48:00.000000000,BEST_ASK,"JPM,100001,493"
2019-06-28 13:48:00.000000000,LAST_TRADE,"7,$98291.0000"
2019-06-28 13:48:00.000000000,QUERY_SPREAD,88
2019-06-28 13:48:00.000000000,BEST_BID,"JPM,98291,202"
2019-06-28 13:48:00.000000000,BEST_ASK,"JPM,100001,493"
2019-06-28 13:48:00.000000000,LAST_TRADE,"8,$98291.0000"
2019-06-28 13:48:00.000000000,QUERY_SPREAD,89
2019-06-28 13:48:00.000000000,BEST_BID,"JPM,98291,197"
2019-06-28 13:48:00.000000000,BEST_ASK,"JPM,100001,493"
2019-06-28 13:48:00.000000000,LAST_TRADE,"5,$98291.0000"
2019-06-28 13:48:00.000000000,QUERY_SPREAD,90
2019-06-28 13:48:00.000000000,BEST_BID,"JPM,98291,193"
2019-06-28 13:48:00.000000000,BEST_ASK,"JPM,100001,493"
2019-06-28 13:48:00.000000000,LAST_TRADE,"4,$98291.0000"
2019-06-28 13:48:00.000000000,QUERY_SPREAD,91
2019-06-28 13:48:00.000000000,BEST_BID,"JPM,98291,190"
2019-06-28 13:48:00.000000000,BEST_ASK,"JPM,100001,493"
2019-06-28 13:48:00.000000000,LAST_TRADE,"3,$98291.0000"
2019-06-28 13:48:00.000000000,QUERY_SPREAD,92
2019-06-28 13:48:00.000000000,BEST_BID,"JPM,98291,185"
2019-06-28 13:48:00.000000000,BEST_ASK,"JPM,100001,493"
2019-06-28 13:48:00.000000000,LAST_TRADE,"5,$98291.0000"
2019-06-28 13:48:00.000000000,QUERY_SPREAD,93
2019-06-28 13:48:00.000000000,BEST_BID,"JPM,98291,178"
2019-06-28 13:48:00.000000000,BEST_ASK,"JPM,100001,493"
2019-06-28 13:48:00.000000000,LAST_TRADE,"7,$98291.0000"
2019-06-28 13:48:00.000000000,QUERY_SPREAD,94
2019-06-28 13:48:00.000000000,BEST_BID,"JPM,98291,177"
2019-06-28 13:48:00.000000000,BEST_ASK,"JPM,100001,493"
2019-06-28 13:48:00.000000000,LAST_TRADE,"1,$98291.0000"
2019-06-28 13:48:00.000000000,QUERY_SPREAD,95
2019-06-28 13:48:00.000000000,BEST_BID,"JPM,98291,176"
2019-06-28 13:48:00.000000000,BEST_ASK,"JPM,100001,493"
2019-06-28 13:48:00.000000000,LAST_TRADE,"1,$98291.0000"
2019-06-28 13:48:00.000000000,QUERY_SPREAD,96
2019-06-28 13:48:00.000000000,BEST_BID,"JPM,98291,172"
2019-06-28 13:48:00.000000000,BEST_ASK,"JPM,100001,493"
2019-06-28 13:48:00.000000000,LAST_TRADE,"4,$98291.0000"
2019-06-28 13:48:00.000000000,QUERY_SPREAD,97
2019-06-28 13:48:00.000000000,BEST_BID,"JPM,98291,169"
2019-06-28 13:48:00.000000000,BEST_ASK,"JPM,100001,493"
2019-06-28 13:48:00.000000000,LAST_TRADE,"3,$98291.0000"
2019-06-28 13:48:00.000000000,QUERY_SPREAD,98
2019-06-28 13:48:00.000000000,BEST_BID,"JPM,98291,164"
2019-06-28 13:48:00.000000000,BEST_ASK,"JPM,100001,493"
2019-06-28 13:48:00.000000000,LAST_TRADE,"5,$98291.0000"
2019-06-28 13:48:00.000000000,QUERY_SPREAD,99
2019-06-28 13:48:00.000000000,BEST_BID,"JPM,98291,160"
2019-06-28 13:48:00.000000000,BEST_ASK,"JPM,100001,493"
2019-06-28 13:48:00.000000000,LAST_TRADE,"4,$98291.0000"
2019-06-28 13:48:00.000000000,QUERY_SPREAD,100
2019-06-28 13:48:00.000000000,BEST_BID,"JPM,98291,155"
2019-06-28 13:48:00.000000000,BEST_ASK,"JPM,100001,493"
2019-06-28 13:48:00.000000000,LAST_TRADE,"5,$98291.0000"
2019-06-28 13:48:00.000000000,QUERY_SPREAD,101
2019-06-28 13:48:00.000000000,BEST_BID,"JPM,98291,155"
2019-06-28 13:48:00.000000000,BEST_ASK,"JPM,100001,492"
2019-06-28 13:48:00.000000000,LAST_TRADE,"1,$100001.0000"
2019-06-28 13:48:00.301546057,QUERY_SPREAD,14
2019-06-28 13:48:00.301546057,BEST_BID,"JPM,98608,100"
2019-06-28 13:48:00.301546057,BEST_ASK,"JPM,100001,492"
2019-06-28 13:48:01.803155477,QUERY_SPREAD,41
2019-06-28 13:48:01.803155477,BEST_BID,"JPM,98784,100"
2019-06-28 13:48:01.803155477,BEST_ASK,"JPM,100001,492"
2019-06-28 13:48:10.000000000,QUERY_SPREAD,1
2019-06-28 13:48:10.000000000,BEST_BID,"JPM,98784,286"
2019-06-28 13:48:10.000000000,BEST_ASK,"JPM,100001,418"
2019-06-28 13:48:10.000000000,BEST_BID,"JPM,98784,286"
2019-06-28 13:48:10.000000000,BEST_ASK,"JPM,100001,418"
2019-06-28 13:48:10.000000000,BEST_BID,"JPM,98784,286"
2019-06-28 13:48:10.000000000,BEST_ASK,"JPM,100001,604"
2019-06-28 13:48:10.000000000,BEST_BID,"JPM,98784,286"
2019-06-28 13:48:10.000000000,BEST_ASK,"JPM,100001,604"
2019-06-28 13:48:19.331240661,QUERY_SPREAD,26
2019-06-28 13:48:19.331240661,BEST_BID,"JPM,98784,286"
2019-06-28 13:48:19.331240661,BEST_ASK,"JPM,100001,604"
2019-06-28 13:48:20.000000000,QUERY_SPREAD,1
2019-06-28 13:48:20.000000000,BEST_BID,"JPM,98784,471"
2019-06-28 13:48:20.000000000,BEST_ASK,"JPM,100001,418"
2019-06-28 13:48:20.000000000,BEST_BID,"JPM,98784,471"
2019-06-28 13:48:20.000000000,BEST_ASK,"JPM,100001,789"
2019-06-28 13:48:30.000000000,QUERY_SPREAD,1
2019-06-28 13:48:30.000000000,BEST_BID,"JPM,98784,174"
2019-06-28 13:48:30.000000000,BEST_ASK,"JPM,100001,418"
2019-06-28 13:48:30.000000000,BEST_BID,"JPM,98784,174"
2019-06-28 13:48:30.000000000,BEST_ASK,"JPM,100001,418"
2019-06-28 13:48:30.000000000,BEST_BID,"JPM,98784,174"
2019-06-28 13:48:30.000000000,BEST_ASK,"JPM,100001,418"
2019-06-28 13:48:30.000000000,BEST_BID,"JPM,98784,174"
2019-06-28 13:48:30.000000000,BEST_ASK,"JPM,100001,418"
2019-06-28 13:48:30.000000000,BEST_BID,"JPM,98784,174"
2019-06-28 13:48:30.000000000,BEST_ASK,"JPM,100001,418"
2019-06-28 13:48:30.000000000,BEST_BID,"JPM,98784,174"
2019-06-28 13:48:30.000000000,BEST_ASK,"JPM,100001,492"
2019-06-28 13:48:30.000000000,BEST_BID,"JPM,98784,174"
2019-06-28 13:48:30.000000000,BEST_ASK,"JPM,100001,492"
2019-06-28 13:48:30.000000000,BEST_BID,"JPM,98784,174"
2019-06-28 13:48:30.000000000,BEST_ASK,"JPM,100001,492"
2019-06-28 13:48:30.000000000,BEST_BID,"JPM,98784,174"
2019-06-28 13:48:30.000000000,BEST_ASK,"JPM,100001,492"
2019-06-28 13:48:31.680952787,QUERY_ORDER_STREAM,75
2019-06-28 13:48:31.680952787,QUERY_SPREAD,75
2019-06-28 13:48:31.680952787,BEST_BID,"JPM,98784,174"
2019-06-28 13:48:31.680952787,BEST_ASK,"JPM,100001,592"
2019-06-28 13:48:38.920030640,QUERY_SPREAD,33
2019-06-28 13:48:38.920030640,BEST_BID,"JPM,98784,74"
2019-06-28 13:48:38.920030640,BEST_ASK,"JPM,100001,592"
2019-06-28 13:48:38.920030640,LAST_TRADE,"100,$98784.0000"
2019-06-28 13:48:40.000000000,QUERY_SPREAD,1
2019-06-28 13:48:40.000000000,BEST_BID,"JPM,98608,174"
2019-06-28 13:48:40.000000000,BEST_ASK,"JPM,100001,518"
2019-06-28 13:48:40.000000000,BEST_BID,"JPM,98608,174"
2019-06-28 13:48:40.000000000,BEST_ASK,"JPM,100001,518"
2019-06-28 13:48:40.000000000,BEST_BID,"JPM,98608,174"
2019-06-28 13:48:40.000000000,BEST_ASK,"JPM,100001,518"
2019-06-28 13:48:40.000000000,BEST_BID,"JPM,98608,174"
2019-06-28 13:48:40.000000000,BEST_ASK,"JPM,100001,518"
2019-06-28 13:48:40.000000000,BEST_BID,"JPM,98608,174"
2019-06-28 13:48:40.000000000,BEST_ASK,"JPM,100001,518"
2019-06-28 13:48:40.000000000,BEST_BID,"JPM,98608,174"
2019-06-28 13:48:40.000000000,BEST_ASK,"JPM,100001,592"
2019-06-28 13:48:40.000000000,BEST_BID,"JPM,98608,174"
2019-06-28 13:48:40.000000000,BEST_ASK,"JPM,100001,592"
2019-06-28 13:48:40.000000000,BEST_BID,"JPM,98608,174"
2019-06-28 13:48:40.000000000,BEST_ASK,"JPM,100001,592"
2019-06-28 13:48:40.000000000,BEST_BID,"JPM,98608,174"
2019-06-28 13:48:40.000000000,BEST_ASK,"JPM,100001,592"
2019-06-28 13:48:50.000000000,QUERY_SPREAD,1
2019-06-28 13:48:50.000000000,BEST_BID,"JPM,98608,286"
2019-06-28 13:48:50.000000000,BEST_ASK,"JPM,100001,518"
2019-06-28 13:48:50.000000000,BEST_BID,"JPM,98608,286"
2019-06-28 13:48:50.000000000,BEST_ASK,"JPM,100001,518"
2019-06-28 13:48:50.000000000,BEST_BID,"JPM,98608,286"
2019-06-28 13:48:50.000000000,BEST_ASK,"JPM,100001,704"
2019-06-28 13:48:50.000000000,BEST_BID,"JPM,98608,286"
2019-06-28 13:48:50.000000000,BEST_ASK,"JPM,100001,704"
2019-06-28 13:49:00.000000000,QUERY_SPREAD,1
2019-06-28 13:49:00.000000000,BEST_BID,"JPM,98608,174"
2019-06-28 13:49:00.000000000,BEST_ASK,"JPM,100001,518"
2019-06-28 13:49:00.000000000,BEST_BID,"JPM,98608,174"
2019-06-28 13:49:00.000000000,BEST_ASK,"JPM,100001,518"
2019-06-28 13:49:00.000000000,BEST_BID,"JPM,98608,174"
2019-06-28 13:49:00.000000000,BEST_ASK,"JPM,100001,518"
2019-06-28 13:49:00.000000000,BEST_BID,"JPM,98608,174"
2019-06-28 13:49:00.000000000,BEST_ASK,"JPM,100001,518"
2019-06-28 13:49:00.000000000,BEST_BID,"JPM,98608,174"
2019-06-28 13:49:00.000000000,BEST_ASK,"JPM,100001,518"
2019-06-28 13:49:00.000000000,BEST_BID,"JPM,98608,174"
2019-06-28 13:49:00.000000000,BEST_ASK,"JPM,100001,592"
2019-06-28 13:49:00.000000000,BEST_BID,"JPM,98608,174"
2019-06-28 13:49:00.000000000,BEST_ASK,"JPM,100001,592"
2019-06-28 13:49:00.000000000,BEST_BID,"JPM,98608,174"
2019-06-28 13:49:00.000000000,BEST_ASK,"JPM,100001,592"
2019-06-28 13:49:00.000000000,BEST_BID,"JPM,98608,174"
2019-06-28 13:49:00.000000000,BEST_ASK,"JPM,100001,592"
2019-06-28 13:49:00.000000000,QUERY_SPREAD,77
2019-06-28 13:49:00.000000000,BEST_BID,"JPM,98608,169"
2019-06-28 13:49:00.000000000,BEST_ASK,"JPM,100001,592"
2019-06-28 13:49:00.000000000,LAST_TRADE,"5,$98608.0000"
2019-06-28 13:49:00.000000000,QUERY_SPREAD,78
2019-06-28 13:49:00.000000000,BEST_BID,"JPM,98608,161"
2019-06-28 13:49:00.000000000,BEST_ASK,"JPM,100001,592"
2019-06-28 13:49:00.000000000,LAST_TRADE,"8,$98608.0000"
2019-06-28 13:49:00.000000000,QUERY_SPREAD,79
2019-06-28 13:49:00.000000000,BEST_BID,"JPM,98608,156"
2019-06-28 13:49:00.000000000,BEST_ASK,"JPM,100001,592"
2019-06-28 13:49:00.000000000,LAST_TRADE,"5,$98608.0000"
2019-06-28 13:49:00.000000000,QUERY_SPREAD,80
2019-06-28 13:49:00.000000000,BEST_BID,"JPM,98608,148"
2019-06-28 13:49:00.000000000,BEST_ASK,"JPM,100001,592"
2019-06-28 13:49:00.000000000,LAST_TRADE,"8,$98608.0000"
2019-06-28 13:49:00.000000000,QUERY_SPREAD,81
2019-06-28 13:49:00.000000000,BEST_BID,"JPM,98608,139"
2019-06-28 13:49:00.000000000,BEST_ASK,"JPM,100001,592"
2019-06-28 13:49:00.000000000,LAST_TRADE,"9,$98608.0000"
2019-06-28 13:49:00.000000000,QUERY_SPREAD,82
2019-06-28 13:49:00.000000000,BEST_BID,"JPM,98608,136"
2019-06-28 13:49:00.000000000,BEST_ASK,"JPM,100001,592"
2019-06-28 13:49:00.000000000,LAST_TRADE,"3,$98608.0000"
2019-06-28 13:49:00.000000000,QUERY_SPREAD,83
2019-06-28 13:49:00.000000000,BEST_BID,"JPM,98608,128"
2019-06-28 13:49:00.000000000,BEST_ASK,"JPM,100001,592"
2019-06-28 13:49:00.000000000,LAST_TRADE,"8,$98608.0000"
2019-06-28 13:49:00.000000000,QUERY_SPREAD,84
2019-06-28 13:49:00.000000000,BEST_BID,"JPM,98608,124"
2019-06-28 13:49:00.000000000,BEST_ASK,"JPM,100001,592"
2019-06-28 13:49:00.000000000,LAST_TRADE,"4,$98608.0000"
2019-06-28 13:49:00.000000000,QUERY_SPREAD,85
2019-06-28 13:49:00.000000000,BEST_BID,"JPM,98608,119"
2019-06-28 13:49:00.000000000,BEST_ASK,"JPM,100001,592"
2019-06-28 13:49:00.000000000,LAST_TRADE,"5,$98608.0000"
2019-06-28 13:49:00.000000000,QUERY_SPREAD,86
2019-06-28 13:49:00.000000000,BEST_BID,"JPM,98608,117"
2019-06-28 13:49:00.000000000,BEST_ASK,"JPM,100001,592"
2019-06-28 13:49:00.000000000,LAST_TRADE,"2,$98608.0000"
2019-06-28 13:49:00.000000000,QUERY_SPREAD,87
2019-06-28 13:49:00.000000000,BEST_BID,"JPM,98608,110"
2019-06-28 13:49:00.000000000,BEST_ASK,"JPM,100001,592"
2019-06-28 13:49:00.000000000,LAST_TRADE,"7,$98608.0000"
2019-06-28 13:49:00.000000000,QUERY_SPREAD,88
2019-06-28 13:49:00.000000000,BEST_BID,"JPM,98608,102"
2019-06-28 13:49:00.000000000,BEST_ASK,"JPM,100001,592"
2019-06-28 13:49:00.000000000,LAST_TRADE,"8,$98608.0000"
2019-06-28 13:49:00.000000000,QUERY_SPREAD,89
2019-06-28 13:49:00.000000000,BEST_BID,"JPM,98608,97"
2019-06-28 13:49:00.000000000,BEST_ASK,"JPM,100001,592"
2019-06-28 13:49:00.000000000,LAST_TRADE,"5,$98608.0000"
2019-06-28 13:49:00.000000000,QUERY_SPREAD,90
2019-06-28 13:49:00.000000000,BEST_BID,"JPM,98608,93"
2019-06-28 13:49:00.000000000,BEST_ASK,"JPM,100001,592"
2019-06-28 13:49:00.000000000,LAST_TRADE,"4,$98608.0000"
2019-06-28 13:49:00.000000000,QUERY_SPREAD,91
2019-06-28 13:49:00.000000000,BEST_BID,"JPM,98608,90"
2019-06-28 13:49:00.000000000,BEST_ASK,"JPM,100001,592"
2019-06-28 13:49:00.000000000,LAST_TRADE,"3,$98608.0000"
2019-06-28 13:49:00.000000000,QUERY_SPREAD,92
2019-06-28 13:49:00.000000000,BEST_BID,"JPM,98608,85"
2019-06-28 13:49:00.000000000,BEST_ASK,"JPM,100001,592"
2019-06-28 13:49:00.000000000,LAST_TRADE,"5,$98608.0000"
2019-06-28 13:49:00.000000000,QUERY_SPREAD,93
2019-06-28 13:49:00.000000000,BEST_BID,"JPM,98608,78"
2019-06-28 13:49:00.000000000,BEST_ASK,"JPM,100001,592"
2019-06-28 13:49:00.000000000,LAST_TRADE,"7,$98608.0000"
2019-06-28 13:49:00.000000000,QUERY_SPREAD,94
2019-06-28 13:49:00.000000000,BEST_BID,"JPM,98608,77"
2019-06-28 13:49:00.000000000,BEST_ASK,"JPM,100001,592"
2019-06-28 13:49:00.000000000,LAST_TRADE,"1,$98608.0000"
2019-06-28 13:49:00.000000000,QUERY_SPREAD,95
2019-06-28 13:49:00.000000000,BEST_BID,"JPM,98608,76"
2019-06-28 13:49:00.000000000,BEST_ASK,"JPM,100001,592"
2019-06-28 13:49:00.000000000,LAST_TRADE,"1,$98608.0000"
2019-06-28 13:49:00.000000000,QUERY_SPREAD,96
2019-06-28 13:49:00.000000000,BEST_BID,"JPM,98608,72"
2019-06-28 13:49:00.000000000,BEST_ASK,"JPM,100001,592"
2019-06-28 13:49:00.000000000,LAST_TRADE,"4,$98608.0000"
2019-06-28 13:49:00.000000000,QUERY_SPREAD,97
2019-06-28 13:49:00.000000000,BEST_BID,"JPM,98608,69"
2019-06-28 13:49:00.000000000,BEST_ASK,"JPM,100001,592"
2019-06-28 13:49:00.000000000,LAST_TRADE,"3,$98608.0000"
2019-06-28 13:49:00.000000000,QUERY_SPREAD,98
2019-06-28 13:49:00.000000000,BEST_BID,"JPM,98608,64"
2019-06-28 13:49:00.000000000,BEST_ASK,"JPM,100001,592"
2019-06-28 13:49:00.000000000,LAST_TRADE,"5,$98608.0000"
2019-06-28 13:49:00.000000000,QUERY_SPREAD,99
2019-06-28 13:49:00.000000000,BEST_BID,"JPM,98608,60"
2019-06-28 13:49:00.000000000,BEST_ASK,"JPM,100001,592"
2019-06-28 13:49:00.000000000,LAST_TRADE,"4,$98608.0000"
2019-06-28 13:49:00.000000000,QUERY_SPREAD,100
2019-06-28 13:49:00.000000000,BEST_BID,"JPM,98608,55"
2019-06-28 13:49:00.000000000,BEST_ASK,"JPM,100001,592"
2019-06-28 13:49:00.000000000,LAST_TRADE,"5,$98608.0000"
2019-06-28 13:49:00.000000000,QUERY_SPREAD,101
2019-06-28 13:49:00.000000000,BEST_BID,"JPM,98608,55"
2019-06-28 13:49:00.000000000,BEST_ASK,"JPM,100001,591"
2019-06-28 13:49:00.000000000,LAST_TRADE,"1,$100001.0000"
2019-06-28 13:49:10.000000000,QUERY_SPREAD,1
2019-06-28 13:49:10.000000000,BEST_BID,"JPM,98505,286"
2019-06-28 13:49:10.000000000,BEST_ASK,"JPM,100001,517"
2019-06-28 13:49:10.000000000,BEST_BID,"JPM,98505,286"
2019-06-28 13:49:10.000000000,BEST_ASK,"JPM,100001,517"
2019-06-28 13:49:10.000000000,BEST_BID,"JPM,98505,286"
2019-06-28 13:49:10.000000000,BEST_ASK,"JPM,100001,703"
2019-06-28 13:49:10.000000000,BEST_BID,"JPM,98505,286"
2019-06-28 13:49:10.000000000,BEST_ASK,"JPM,100001,703"
2019-06-28 13:49:14.978008555,QUERY_ORDER_STREAM,57
2019-06-28 13:49:14.978008555,QUERY_SPREAD,57
2019-06-28 13:49:14.978008555,BEST_BID,"JPM,98505,286"
2019-06-28 13:49:14.978008555,BEST_ASK,"JPM,100001,803"
2019-06-28 13:49:20.000000000,QUERY_SPREAD,1
2019-06-28 13:49:20.000000000,BEST_BID,"JPM,98505,471"
2019-06-28 13:49:20.000000000,BEST_ASK,"JPM,100001,617"
2019-06-28 13:49:20.000000000,BEST_BID,"JPM,98505,471"
2019-06-28 13:49:20.000000000,BEST_ASK,"JPM,100001,988"
2019-06-28 13:49:23.740746744,QUERY_ORDER_STREAM,59
2019-06-28 13:49:23.740746744,QUERY_SPREAD,59
2019-06-28 13:49:30.000000000,QUERY_SPREAD,1
2019-06-28 13:49:30.000000000,BEST_BID,"JPM,98505,174"
2019-06-28 13:49:30.000000000,BEST_ASK,"JPM,100001,517"
2019-06-28 13:49:30.000000000,BEST_BID,"JPM,98505,174"
2019-06-28 13:49:30.000000000,BEST_ASK,"JPM,100001,517"
2019-06-28 13:49:30.000000000,BEST_BID,"JPM,98505,174"
2019-06-28 13:49:30.000000000,BEST_ASK,"JPM,100001,517"
2019-06-28 13:49:30.000000000,BEST_BID,"JPM,98505,174"
2019-06-28 13:49:30.000000000,BEST_ASK,"JPM,100001,517"
2019-06-28 13:49:30.000000000,BEST_BID,"JPM,98505,174"
2019-06-28 13:49:30.000000000,BEST_ASK,"JPM,100001,591"
2019-06-28 13:49:30.000000000,BEST_BID,"JPM,98505,174"
2019-06-28 13:49:30.000000000,BEST_ASK,"JPM,100001,591"
2019-06-28 13:49:30.000000000,BEST_BID,"JPM,98505,174"
2019-06-28 13:49:30.000000000,BEST_ASK,"JPM,100001,591"
2019-06-28 13:49:30.000000000,BEST_BID,"JPM,98505,174"
2019-06-28 13:49:30.000000000,BEST_ASK,"JPM,100001,591"
2019-06-28 13:49:40.000000000,QUERY_SPREAD,1
2019-06-28 13:49:40.000000000,BEST_BID,"JPM,98505,174"
2019-06-28 13:49:40.000000000,BEST_ASK,"JPM,100001,517"
2019-06-28 13:49:40.000000000,BEST_BID,"JPM,98505,174"
2019-06-28 13:49:40.000000000,BEST_ASK,"JPM,100001,517"
2019-06-28 13:49:40.000000000,BEST_BID,"JPM,98505,174"
2019-06-28 13:49:40.000000000,BEST_ASK,"JPM,100001,517"
2019-06-28 13:49:40.000000000,BEST_BID,"JPM,98505,174"
2019-06-28 13:49:40.000000000,BEST_ASK,"JPM,100001,517"
2019-06-28 13:49:40.000000000,BEST_BID,"JPM,98505,174"
2019-06-28 13:49:40.000000000,BEST_ASK,"JPM,100001,591"
2019-06-28 13:49:40.000000000,BEST_BID,"JPM,98505,174"
2019-06-28 13:49:40.000000000,BEST_ASK,"JPM,100001,591"
2019-06-28 13:49:40.000000000,BEST_BID,"JPM,98505,174"
2019-06-28 13:49:40.000000000,BEST_ASK,"JPM,100001,591"
2019-06-28 13:49:40.000000000,BEST_BID,"JPM,98505,174"
2019-06-28 13:49:40.000000000,BEST_ASK,"JPM,100001,591"
2019-06-28 13:49:40.676980649,QUERY_ORDER_STREAM,55
2019-06-28 13:49:40.676980649,QUERY_SPREAD,55
2019-06-28 13:49:40.676980649,BEST_BID,"JPM,98505,174"
2019-06-28 13:49:40.676980649,BEST_ASK,"JPM,100001,591"
2019-06-28 13:49:45.597515270,QUERY_SPREAD,49
2019-06-28 13:49:45.597515270,BEST_BID,"JPM,98569,100"
2019-06-28 13:49:45.597515270,BEST_ASK,"JPM,100001,591"
2019-06-28 13:49:50.000000000,QUERY_SPREAD,1
2019-06-28 13:49:50.000000000,BEST_BID,"JPM,98569,174"
2019-06-28 13:49:50.000000000,BEST_ASK,"JPM,100001,517"
2019-06-28 13:49:50.000000000,BEST_BID,"JPM,98569,174"
2019-06-28 13:49:50.000000000,BEST_ASK,"JPM,100001,517"
2019-06-28 13:49:50.000000000,BEST_BID,"JPM,98569,174"
2019-06-28 13:49:50.000000000,BEST_ASK,"JPM,100001,517"
2019-06-28 13:49:50.000000000,BEST_BID,"JPM,98569,174"
2019-06-28 13:49:50.000000000,BEST_ASK,"JPM,100001,517"
2019-06-28 13:49:50.000000000,BEST_BID,"JPM,98569,174"
2019-06-28 13:49:50.000000000,BEST_ASK,"JPM,100001,517"
2019-06-28 13:49:50.000000000,BEST_BID,"JPM,98569,174"
2019-06-28 13:49:50.000000000,BEST_ASK,"JPM,100001,591"
2019-06-28 13:49:50.000000000,BEST_BID,"JPM,98569,174"
2019-06-28 13:49:50.000000000,BEST_ASK,"JPM,100001,591"
2019-06-28 13:49:50.000000000,BEST_BID,"JPM,98569,174"
2019-06-28 13:49:50.000000000,BEST_ASK,"JPM,100001,591"
2019-06-28 13:49:50.000000000,BEST_BID,"JPM,98569,174"
2019-06-28 13:49:50.000000000,BEST_ASK,"JPM,100001,591"
2019-06-28 13:49:55.585744762,QUERY_SPREAD,38
2019-06-28 13:49:55.585744762,BEST_BID,"JPM,98569,174"
2019-06-28 13:49:55.585744762,BEST_ASK,"JPM,98605,100"
2019-06-28 13:50:00.000000000,QUERY_SPREAD,1
2019-06-28 13:50:00.000000000,BEST_BID,"JPM,98569,226"
2019-06-28 13:50:00.000000000,BEST_ASK,"JPM,98605,100"
2019-06-28 13:50:00.000000000,BEST_BID,"JPM,98569,226"
2019-06-28 13:50:00.000000000,BEST_ASK,"JPM,98605,100"
2019-06-28 13:50:00.000000000,BEST_BID,"JPM,98569,226"
2019-06-28 13:50:00.000000000,BEST_ASK,"JPM,98605,100"
2019-06-28 13:50:00.000000000,BEST_BID,"JPM,98569,226"
2019-06-28 13:50:00.000000000,BEST_ASK,"JPM,98605,226"
2019-06-28 13:50:00.000000000,BEST_BID,"JPM,98569,226"
2019-06-28 13:50:00.000000000,BEST_ASK,"JPM,98605,226"
2019-06-28 13:50:00.000000000,BEST_BID,"JPM,98569,226"
2019-06-28 13:50:00.000000000,BEST_ASK,"JPM,98605,226"
2019-06-28 13:50:00.000000000,QUERY_SPREAD,77
2019-06-28 13:50:00.000000000,BEST_BID,"JPM,98569,221"
2019-06-28 13:50:00.000000000,BEST_ASK,"JPM,98605,226"
2019-06-28 13:50:00.000000000,LAST_TRADE,"5,$98569.0000"
2019-06-28 13:50:00.000000000,QUERY_SPREAD,78
2019-06-28 13:50:00.000000000,BEST_BID,"JPM,98569,213"
2019-06-28 13:50:00.000000000,BEST_ASK,"JPM,98605,226"
2019-06-28 13:50:00.000000000,LAST_TRADE,"8,$98569.0000"
2019-06-28 13:50:00.000000000,QUERY_SPREAD,79
2019-06-28 13:50:00.000000000,BEST_BID,"JPM,98569,208"
2019-06-28 13:50:00.000000000,BEST_ASK,"JPM,98605,226"
2019-06-28 13:50:00.000000000,LAST_TRADE,"5,$98569.0000"
2019-06-28 13:50:00.000000000,QUERY_SPREAD,80
2019-06-28 13:50:00.000000000,BEST_BID,"JPM,98569,200"
2019-06-28 13:50:00.000000000,BEST_ASK,"JPM,98605,226"
2019-06-28 13:50:00.000000000,LAST_TRADE,"8,$98569.0000"
2019-06-28 13:50:00.000000000,QUERY_SPREAD,81
2019-06-28 13:50:00.000000000,BEST_BID,"JPM,98569,191"
2019-06-28 13:50:00.000000000,BEST_ASK,"JPM,98605,226"
2019-06-28 13:50:00.000000000,LAST_TRADE,"9,$98569.0000"
2019-06-28 13:50:00.000000000,QUERY_SPREAD,82
2019-06-28 13:50:00.000000000,BEST_BID,"JPM,98569,188"
2019-06-28 13:50:00.000000000,BEST_ASK,"JPM,98605,226"
2019-06-28 13:50:00.000000000,LAST_TRADE,"3,$98569.0000"
2019-06-28 13:50:00.000000000,QUERY_SPREAD,83
2019-06-28 13:50:00.000000000,BEST_BID,"JPM,98569,180"
2019-06-28 13:50:00.000000000,BEST_ASK,"JPM,98605,226"
2019-06-28 13:50:00.000000000,LAST_TRADE,"8,$98569.0000"
2019-06-28 13:50:00.000000000,QUERY_SPREAD,84
2019-06-28 13:50:00.000000000,BEST_BID,"JPM,98569,176"
2019-06-28 13:50:00.000000000,BEST_ASK,"JPM,98605,226"
2019-06-28 13:50:00.000000000,LAST_TRADE,"4,$98569.0000"
2019-06-28 13:50:00.000000000,QUERY_SPREAD,85
2019-06-28 13:50:00.000000000,BEST_BID,"JPM,98569,171"
2019-06-28 13:50:00.000000000,BEST_ASK,"JPM,98605,226"
2019-06-28 13:50:00.000000000,LAST_TRADE,"5,$98569.0000"
2019-06-28 13:50:00.000000000,QUERY_SPREAD,86
2019-06-28 13:50:00.000000000,BEST_BID,"JPM,98569,169"
2019-06-28 13:50:00.000000000,BEST_ASK,"JPM,98605,226"
2019-06-28 13:50:00.000000000,LAST_TRADE,"2,$98569.0000"
2019-06-28 13:50:00.000000000,QUERY_SPREAD,87
2019-06-28 13:50:00.000000000,BEST_BID,"JPM,98569,162"
2019-06-28 13:50:00.000000000,BEST_ASK,"JPM,98605,226"
2019-06-28 13:50:00.000000000,LAST_TRADE,"7,$98569.0000"
2019-06-28 13:50:00.000000000,QUERY_SPREAD,88
2019-06-28 13:50:00.000000000,BEST_BID,"JPM,98569,154"
2019-06-28 13:50:00.000000000,BEST_ASK,"JPM,98605,226"
2019-06-28 13:50:00.000000000,LAST_TRADE,"8,$98569.0000"
2019-06-28 13:50:00.000000000,QUERY_SPREAD,89
2019-06-28 13:50:00.000000000,BEST_BID,"JPM,98569,149"
2019-06-28 13:50:00.000000000,BEST_ASK,"JPM,98605,226"
2019-06-28 13:50:00.000000000,LAST_TRADE,"5,$98569.0000"
2019-06-28 13:50:00.000000000,QUERY_SPREAD,90
2019-06-28 13:50:00.000000000,BEST_BID,"JPM,98569,145"
2019-06-28 13:50:00.000000000,BEST_ASK,"JPM,98605,226"
2019-06-28 13:50:00.000000000,LAST_TRADE,"4,$98569.0000"
2019-06-28 13:50:00.000000000,QUERY_SPREAD,91
2019-06-28 13:50:00.000000000,BEST_BID,"JPM,98569,142"
2019-06-28 13:50:00.000000000,BEST_ASK,"JPM,98605,226"
2019-06-28 13:50:00.000000000,LAST_TRADE,"3,$98569.0000"
2019-06-28 13:50:00.000000000,QUERY_SPREAD,92
2019-06-28 13:50:00.000000000,BEST_BID,"JPM,98569,137"
2019-06-28 13:50:00.000000000,BEST_ASK,"JPM,98605,226"
2019-06-28 13:50:00.000000000,LAST_TRADE,"5,$98569.0000"
2019-06-28 13:50:00.000000000,QUERY_SPREAD,93
2019-06-28 13:50:00.000000000,BEST_BID,"JPM,98569,130"
2019-06-28 13:50:00.000000000,BEST_ASK,"JPM,98605,226"
2019-06-28 13:50:00.000000000,LAST_TRADE,"7,$98569.0000"
2019-06-28 13:50:00.000000000,QUERY_SPREAD,94
2019-06-28 13:50:00.000000000,BEST_BID,"JPM,98569,129"
2019-06-28 13:50:00.000000000,BEST_ASK,"JPM,98605,226"
2019-06-28 13:50:00.000000000,LAST_TRADE,"1,$98569.0000"
2019-06-28 13:50:00.000000000,QUERY_SPREAD,95
2019-06-28 13:50:00.000000000,BEST_BID,"JPM,98569,128"
2019-06-28 13:50:00.000000000,BEST_ASK,"JPM,98605,226"
2019-06-28 13:50:00.000000000,LAST_TRADE,"1,$98569.0000"
2019-06-28 13:50:00.000000000,QUERY_SPREAD,96
2019-06-28 13:50:00.000000000,BEST_BID,"JPM,98569,124"
2019-06-28 13:50:00.000000000,BEST_ASK,"JPM,98605,226"
2019-06-28 13:50:00.000000000,LAST_TRADE,"4,$98569.0000"
2019-06-28 13:50:00.000000000,QUERY_SPREAD,97
2019-06-28 13:50:00.000000000,BEST_BID,"JPM,98569,121"
2019-06-28 13:50:00.000000000,BEST_ASK,"JPM,98605,226"
2019-06-28 13:50:00.000000000,LAST_TRADE,"3,$98569.0000"
2019-06-28 13:50:00.000000000,QUERY_SPREAD,98
2019-06-28 13:50:00.000000000,BEST_BID,"JPM,98569,116"
2019-06-28 13:50:00.000000000,BEST_ASK,"JPM,98605,226"
2019-06-28 13:50:00.000000000,LAST_TRADE,"5,$98569.0000"
2019-06-28 13:50:00.000000000,QUERY_SPREAD,99
2019-06-28 13:50:00.000000000,BEST_BID,"JPM,98569,112"
2019-06-28 13:50:00.000000000,BEST_ASK,"JPM,98605,226"
2019-06-28 13:50:00.000000000,LAST_TRADE,"4,$98569.0000"
2019-06-28 13:50:00.000000000,QUERY_SPREAD,100
2019-06-28 13:50:00.000000000,BEST_BID,"JPM,98569,107"
2019-06-28 13:50:00.000000000,BEST_ASK,"JPM,98605,226"
2019-06-28 13:50:00.000000000,LAST_TRADE,"5,$98569.0000"
2019-06-28 13:50:00.000000000,QUERY_SPREAD,101
2019-06-28 13:50:00.000000000,BEST_BID,"JPM,98569,107"
2019-06-28 13:50:00.000000000,BEST_ASK,"JPM,98605,225"
2019-06-28 13:50:00.000000000,LAST_TRADE,"1,$98605.0000"
2019-06-28 13:50:02.881966754,QUERY_SPREAD,51
2019-06-28 13:50:02.881966754,BEST_BID,"JPM,98569,107"
2019-06-28 13:50:02.881966754,BEST_ASK,"JPM,98605,225"
2019-06-28 13:50:10.000000000,QUERY_SPREAD,1
2019-06-28 13:50:10.000000000,BEST_BID,"JPM,98505,286"
2019-06-28 13:50:10.000000000,BEST_ASK,"JPM,98605,99"
2019-06-28 13:50:10.000000000,BEST_BID,"JPM,98505,286"
2019-06-28 13:50:10.000000000,BEST_ASK,"JPM,98605,99"
2019-06-28 13:50:10.000000000,BEST_BID,"JPM,98505,286"
2019-06-28 13:50:10.000000000,BEST_ASK,"JPM,98605,285"
2019-06-28 13:50:10.000000000,BEST_BID,"JPM,98505,286"
2019-06-28 13:50:10.000000000,BEST_ASK,"JPM,98605,285"
2019-06-28 13:50:20.000000000,QUERY_SPREAD,1
2019-06-28 13:50:20.000000000,BEST_BID,"JPM,98505,471"
2019-06-28 13:50:20.000000000,BEST_ASK,"JPM,98605,99"
2019-06-28 13:50:20.000000000,BEST_BID,"JPM,98505,471"
2019-06-28 13:50:20.000000000,BEST_ASK,"JPM,98605,470"
2019-06-28 13:50:23.247797098,QUERY_SPREAD,15
2019-06-28 13:50:23.247797098,BEST_BID,"JPM,98505,471"
2019-06-28 13:50:23.247797098,BEST_ASK,"JPM,98605,470"
2019-06-28 13:50:26.456882005,QUERY_ORDER_STREAM,71
2019-06-28 13:50:26.456882005,QUERY_SPREAD,71
2019-06-28 13:50:30.000000000,QUERY_SPREAD,1
2019-06-28 13:50:30.000000000,BEST_BID,"JPM,98505,193"
2019-06-28 13:50:30.000000000,BEST_ASK,"JPM,98605,99"
2019-06-28 13:50:30.000000000,BEST_BID,"JPM,98505,193"
2019-06-28 13:50:30.000000000,BEST_ASK,"JPM,98605,99"
2019-06-28 13:50:30.000000000,BEST_BID,"JPM,98505,193"
2019-06-28 13:50:30.000000000,BEST_ASK,"JPM,98605,99"
2019-06-28 13:50:30.000000000,BEST_BID,"JPM,98505,193"
2019-06-28 13:50:30.000000000,BEST_ASK,"JPM,98605,99"
2019-06-28 13:50:30.000000000,BEST_BID,"JPM,98505,193"
2019-06-28 13:50:30.000000000,BEST_ASK,"JPM,98605,192"
2019-06-28 13:50:30.000000000,BEST_BID,"JPM,98505,193"
2019-06-28 13:50:30.000000000,BEST_ASK,"JPM,98605,192"
2019-06-28 13:50:30.000000000,BEST_BID,"JPM,98505,193"
2019-06-28 13:50:30.000000000,BEST_ASK,"JPM,98605,192"
2019-06-28 13:50:30.000000000,BEST_BID,"JPM,98505,193"
2019-06-28 13:50:30.000000000,BEST_ASK,"JPM,98605,192"
2019-06-28 13:50:40.000000000,QUERY_SPREAD,1
2019-06-28 13:50:40.000000000,BEST_BID,"JPM,98505,193"
2019-06-28 13:50:40.000000000,BEST_ASK,"JPM,98605,99"
2019-06-28 13:50:40.000000000,BEST_BID,"JPM,98505,193"
2019-06-28 13:50:40.000000000,BEST_ASK,"JPM,98605,99"
2019-06-28 13:50:40.000000000,BEST_BID,"JPM,98505,193"
2019-06-28 13:50:40.000000000,BEST_ASK,"JPM,98605,99"
2019-06-28 13:50:40.000000000,BEST_BID,"JPM,98505,193"
2019-06-28 13:50:40.000000000,BEST_ASK,"JPM,98605,99"
2019-06-28 13:50:40.000000000,BEST_BID,"JPM,98505,193"
2019-06-28 13:50:40.000000000,BEST_ASK,"JPM,98605,192"
2019-06-28 13:50:40.000000000,BEST_BID,"JPM,98505,193"
2019-06-28 13:50:40.000000000,BEST_ASK,"JPM,98605,192"
2019-06-28 13:50:40.000000000,BEST_BID,"JPM,98505,193"
2019-06-28 13:50:40.000000000,BEST_ASK,"JPM,98605,192"
2019-06-28 13:50:40.000000000,BEST_BID,"JPM,98505,193"
2019-06-28 13:50:40.000000000,BEST_ASK,"JPM,98605,192"
2019-06-28 13:50:50.000000000,QUERY_SPREAD,1
2019-06-28 13:50:50.000000000,BEST_BID,"JPM,98505,174"
2019-06-28 13:50:50.000000000,BEST_ASK,"JPM,98605,99"
2019-06-28 13:50:50.000000000,BEST_BID,"JPM,98505,174"
2019-06-28 13:50:50.000000000,BEST_ASK,"JPM,98605,99"
2019-06-28 13:50:50.000000000,BEST_BID,"JPM,98505,174"
2019-06-28 13:50:50.000000000,BEST_ASK,"JPM,98605,99"
2019-06-28 13:50:50.000000000,BEST_BID,"JPM,98505,174"
2019-06-28 13:50:50.000000000,BEST_ASK,"JPM,98605,99"
2019-06-28 13:50:50.000000000,BEST_BID,"JPM,98505,174"
2019-06-28 13:50:50.000000000,BEST_ASK,"JPM,98605,99"
2019-06-28 13:50:50.000000000,BEST_BID,"JPM,98505,174"
2019-06-28 13:50:50.000000000,BEST_ASK,"JPM,98605,173"
2019-06-28 13:50:50.000000000,BEST_BID,"JPM,98505,174"
2019-06-28 13:50:50.000000000,BEST_ASK,"JPM,98605,173"
2019-06-28 13:50:50.000000000,BEST_BID,"JPM,98505,174"
2019-06-28 13:50:50.000000000,BEST_ASK,"JPM,98605,173"
2019-06-28 13:50:50.000000000,BEST_BID,"JPM,98505,174"
2019-06-28 13:50:50.000000000,BEST_ASK,"JPM,98605,173"
2019-06-28 13:50:50.000000000,BEST_BID,"JPM,98505,174"
2019-06-28 13:50:50.000000000,BEST_ASK,"JPM,98605,173"
2019-06-28 13:51:00.000000000,QUERY_SPREAD,1
2019-06-28 13:51:00.000000000,BEST_BID,"JPM,98505,286"
2019-06-28 13:51:00.000000000,BEST_ASK,"JPM,98605,99"
2019-06-28 13:51:00.000000000,BEST_BID,"JPM,98505,286"
2019-06-28 13:51:00.000000000,BEST_ASK,"JPM,98605,99"
2019-06-28 13:51:00.000000000,BEST_BID,"JPM,98505,286"
2019-06-28 13:51:00.000000000,BEST_ASK,"JPM,98605,285"
2019-06-28 13:51:00.000000000,BEST_BID,"JPM,98505,286"
2019-06-28 13:51:00.000000000,BEST_ASK,"JPM,98605,285"
2019-06-28 13:51:00.000000000,QUERY_SPREAD,77
2019-06-28 13:51:00.000000000,BEST_BID,"JPM,98505,281"
2019-06-28 13:51:00.000000000,BEST_ASK,"JPM,98605,285"
2019-06-28 13:51:00.000000000,LAST_TRADE,"5,$98505.0000"
2019-06-28 13:51:00.000000000,QUERY_SPREAD,78
2019-06-28 13:51:00.000000000,BEST_BID,"JPM,98505,273"
2019-06-28 13:51:00.000000000,BEST_ASK,"JPM,98605,285"
2019-06-28 13:51:00.000000000,LAST_TRADE,"8,$98505.0000"
2019-06-28 13:51:00.000000000,QUERY_SPREAD,79
2019-06-28 13:51:00.000000000,BEST_BID,"JPM,98505,268"
2019-06-28 13:51:00.000000000,BEST_ASK,"JPM,98605,285"
2019-06-28 13:51:00.000000000,LAST_TRADE,"5,$98505.0000"
2019-06-28 13:51:00.000000000,QUERY_SPREAD,80
2019-06-28 13:51:00.000000000,BEST_BID,"JPM,98505,260"
2019-06-28 13:51:00.000000000,BEST_ASK,"JPM,98605,285"
2019-06-28 13:51:00.000000000,LAST_TRADE,"8,$98505.0000"
2019-06-28 13:51:00.000000000,QUERY_SPREAD,81
2019-06-28 13:51:00.000000000,BEST_BID,"JPM,98505,251"
2019-06-28 13:51:00.000000000,BEST_ASK,"JPM,98605,285"
2019-06-28 13:51:00.000000000,LAST_TRADE,"9,$98505.0000"
2019-06-28 13:51:00.000000000,QUERY_SPREAD,82
2019-06-28 13:51:00.000000000,BEST_BID,"JPM,98505,248"
2019-06-28 13:51:00.000000000,BEST_ASK,"JPM,98605,285"
2019-06-28 13:51:00.000000000,LAST_TRADE,"3,$98505.0000"
2019-06-28 13:51:00.000000000,QUERY_SPREAD,83
2019-06-28 13:51:00.000000000,BEST_BID,"JPM,98505,240"
2019-06-28 13:51:00.000000000,BEST_ASK,"JPM,98605,285"
2019-06-28 13:51:00.000000000,LAST_TRADE,"8,$98505.0000"
2019-06-28 13:51:00.000000000,QUERY_SPREAD,84
2019-06-28 13:51:00.000000000,BEST_BID,"JPM,98505,236"
2019-06-28 13:51:00.000000000,BEST_ASK,"JPM,98605,285"
2019-06-28 13:51:00.000000000,LAST_TRADE,"4,$98505.0000"
2019-06-28 13:51:00.000000000,QUERY_SPREAD,85
2019-06-28 13:51:00.000000000,BEST_BID,"JPM,98505,231"
2019-06-28 13:51:00.000000000,BEST_ASK,"JPM,98605,285"
2019-06-28 13:51:00.000000000,LAST_TRADE,"5,$98505.0000"
2019-06-28 13:51:00.000000000,QUERY_SPREAD,86
2019-06-28 13:51:00.000000000,BEST_BID,"JPM,98505,229"
2019-06-28 13:51:00.000000000,BEST_ASK,"JPM,98605,285"
2019-06-28 13:51:00.000000000,LAST_TRADE,"2,$98505.0000"
2019-06-28 13:51:00.000000000,QUERY_SPREAD,87
2019-06-28 13:51:00.000000000,BEST_BID,"JPM,98505,222"
2019-06-28 13:51:00.000000000,BEST_ASK,"JPM,98605,285"
2019-06-28 13:51:00.000000000,LAST_TRADE,"7,$98505.0000"
2019-06-28 13:51:00.000000000,QUERY_SPREAD,88
2019-06-28 13:51:00.000000000,BEST_BID,"JPM,98505,214"
2019-06-28 13:51:00.000000000,BEST_ASK,"JPM,98605,285"
2019-06-28 13:51:00.000000000,LAST_TRADE,"8,$98505.0000"
2019-06-28 13:51:00.000000000,QUERY_SPREAD,89
2019-06-28 13:51:00.000000000,BEST_BID,"JPM,98505,209"
2019-06-28 13:51:00.000000000,BEST_ASK,"JPM,98605,285"
2019-06-28 13:51:00.000000000,LAST_TRADE,"5,$98505.0000"
2019-06-28 13:51:00.000000000,QUERY_SPREAD,90
2019-06-28 13:51:00.000000000,BEST_BID,"JPM,98505,205"
2019-06-28 13:51:00.000000000,BEST_ASK,"JPM,98605,285"
2019-06-28 13:51:00.000000000,LAST_TRADE,"4,$98505.0000"
2019-06-28 13:51:00.000000000,QUERY_SPREAD,91
2019-06-28 13:51:00.000000000,BEST_BID,"JPM,98505,202"
2019-06-28 13:51:00.000000000,BEST_ASK,"JPM,98605,285"
2019-06-28 13:51:00.000000000,LAST_TRADE,"3,$98505.0000"
2019-06-28 13:51:00.000000000,QUERY_SPREAD,92
2019-06-28 13:51:00.000000000,BEST_BID,"JPM,98505,197"
2019-06-28 13:51:00.000000000,BEST_ASK,"JPM,98605,285"
2019-06-28 13:51:00.000000000,LAST_TRADE,"5,$98505.0000"
2019-06-28 13:51:00.000000000,QUERY_SPREAD,93
2019-06-28 13:51:00.000000000,BEST_BID,"JPM,98505,190"
2019-06-28 13:51:00.000000000,BEST_ASK,"JPM,98605,285"
2019-06-28 13:51:00.000000000,LAST_TRADE,"7,$98505.0000"
2019-06-28 13:51:00.000000000,QUERY_SPREAD,94
2019-06-28 13:51:00.000000000,BEST_BID,"JPM,98505,189"
2019-06-28 13:51:00.000000000,BEST_ASK,"JPM,98605,285"
2019-06-28 13:51:00.000000000,LAST_TRADE,"1,$98505.0000"
2019-06-28 13:51:00.000000000,QUERY_SPREAD,95
2019-06-28 13:51:00.000000000,BEST_BID,"JPM,98505,188"
2019-06-28 13:51:00.000000000,BEST_ASK,"JPM,98605,285"
2019-06-28 13:51:00.000000000,LAST_TRADE,"1,$98505.0000"
2019-06-28 13:51:00.000000000,QUERY_SPREAD,96
2019-06-28 13:51:00.000000000,BEST_BID,"JPM,98505,184"
2019-06-28 13:51:00.000000000,BEST_ASK,"JPM,98605,285"
2019-06-28 13:51:00.000000000,LAST_TRADE,"4,$98505.0000"
2019-06-28 13:51:00.000000000,QUERY_SPREAD,97
2019-06-28 13:51:00.000000000,BEST_BID,"JPM,98505,181"
2019-06-28 13:51:00.000000000,BEST_ASK,"JPM,98605,285"
2019-06-28 13:51:00.000000000,LAST_TRADE,"3,$98505.0000"
2019-06-28 13:51:00.000000000,QUERY_SPREAD,98
2019-06-28 13:51:00.000000000,BEST_BID,"JPM,98505,176"
2019-06-28 13:51:00.000000000,BEST_ASK,"JPM,98605,285"
2019-06-28 13:51:00.000000000,LAST_TRADE,"5,$98505.0000"
2019-06-28 13:51:00.000000000,QUERY_SPREAD,99
2019-06-28 13:51:00.000000000,BEST_BID,"JPM,98505,172"
2019-06-28 13:51:00.000000000,BEST_ASK,"JPM,98605,285"
2019-06-28 13:51:00.000000000,LAST_TRADE,"4,$98505.0000"
2019-06-28 13:51:00.000000000,QUERY_SPREAD,100
2019-06-28 13:51:00.000000000,BEST_BID,"JPM,98505,167"
2019-06-28 13:51:00.000000000,BEST_ASK,"JPM,98605,285"
2019-06-28 13:51:00.000000000,LAST_TRADE,"5,$98505.0000"
2019-06-28 13:51:00.000000000,QUERY_SPREAD,101
2019-06-28 13:51:00.000000000,BEST_BID,"JPM,98505,167"
2019-06-28 13:51:00.000000000,BEST_ASK,"JPM,98605,284"
2019-06-28 13:51:00.000000000,LAST_TRADE,"1,$98605.0000"
2019-06-28 13:51:10.000000000,QUERY_SPREAD,1
2019-06-28 13:51:10.000000000,BEST_BID,"JPM,98291,207"
2019-06-28 13:51:10.000000000,BEST_ASK,"JPM,98605,98"
2019-06-28 13:51:10.000000000,BEST_BID,"JPM,98291,207"
2019-06-28 13:51:10.000000000,BEST_ASK,"JPM,98605,98"
2019-06-28 13:51:10.000000000,BEST_BID,"JPM,98291,207"
2019-06-28 13:51:10.000000000,BEST_ASK,"JPM,98605,98"
2019-06-28 13:51:10.000000000,BEST_BID,"JPM,98291,207"
2019-06-28 13:51:10.000000000,BEST_ASK,"JPM,98605,224"
2019-06-28 13:51:10.000000000,BEST_BID,"JPM,98291,207"
2019-06-28 13:51:10.000000000,BEST_ASK,"JPM,98605,224"
2019-06-28 13:51:10.000000000,BEST_BID,"JPM,98291,207"
2019-06-28 13:51:10.000000000,BEST_ASK,"JPM,98605,224"
2019-06-28 13:51:20.000000000,QUERY_SPREAD,1
2019-06-28 13:51:20.000000000,BEST_BID,"JPM,98291,174"
2019-06-28 13:51:20.000000000,BEST_ASK,"JPM,98605,98"
2019-06-28 13:51:20.000000000,BEST_BID,"JPM,98291,174"
2019-06-28 13:51:20.000000000,BEST_ASK,"JPM,98605,98"
2019-06-28 13:51:20.000000000,BEST_BID,"JPM,98291,174"
2019-06-28 13:51:20.000000000,BEST_ASK,"JPM,98605,98"
2019-06-28 13:51:20.000000000,BEST_BID,"JPM,98291,174"
2019-06-28 13:51:20.000000000,BEST_ASK,"JPM,98605,98"
2019-06-28 13:51:20.000000000,BEST_BID,"JPM,98291,174"
2019-06-28 13:51:20.000000000,BEST_ASK,"JPM,98605,191"
2019-06-28 13:51:20.000000000,BEST_BID,"JPM,98291,174"
2019-06-28 13:51:20.000000000,BEST_ASK,"JPM,98605,191"
2019-06-28 13:51:20.000000000,BEST_BID,"JPM,98291,174"
2019-06-28 13:51:20.000000000,BEST_ASK,"JPM,98605,191"
2019-06-28 13:51:20.000000000,BEST_BID,"JPM,98291,174"
2019-06-28 13:51:20.000000000,BEST_ASK,"JPM,98605,191"
2019-06-28 13:51:21.647503133,QUERY_SPREAD,21
2019-06-28 13:51:21.647503133,BEST_BID,"JPM,98291,74"
2019-06-28 13:51:21.647503133,BEST_ASK,"JPM,98605,191"
2019-06-28 13:51:21.647503133,LAST_TRADE,"100,$98291.0000"
2019-06-28 13:51:28.857288163,QUERY_SPREAD,19
2019-06-28 13:51:28.857288163,BEST_BID,"JPM,98171,193"
2019-06-28 13:51:28.857288163,BEST_ASK,"JPM,98291,26"
2019-06-28 13:51:28.857288163,LAST_TRADE,"74,$98291.0000"
2019-06-28 13:51:30.000000000,QUERY_SPREAD,1
2019-06-28 13:51:30.000000000,BEST_BID,"JPM,98171,174"
2019-06-28 13:51:30.000000000,BEST_ASK,"JPM,98291,26"
2019-06-28 13:51:30.000000000,BEST_BID,"JPM,98171,174"
2019-06-28 13:51:30.000000000,BEST_ASK,"JPM,98291,26"
2019-06-28 13:51:30.000000000,BEST_BID,"JPM,98171,174"
2019-06-28 13:51:30.000000000,BEST_ASK,"JPM,98291,26"
2019-06-28 13:51:30.000000000,BEST_BID,"JPM,98171,174"
2019-06-28 13:51:30.000000000,BEST_ASK,"JPM,98291,100"
2019-06-28 13:51:30.000000000,BEST_BID,"JPM,98171,174"
2019-06-28 13:51:30.000000000,BEST_ASK,"JPM,98291,100"
2019-06-28 13:51:30.000000000,BEST_BID,"JPM,98171,174"
2019-06-28 13:51:30.000000000,BEST_ASK,"JPM,98291,100"
2019-06-28 13:51:30.000000000,BEST_BID,"JPM,98171,174"
2019-06-28 13:51:30.000000000,BEST_ASK,"JPM,98291,100"
2019-06-28 13:51:30.000000000,BEST_BID,"JPM,98171,174"
2019-06-28 13:51:30.000000000,BEST_ASK,"JPM,98291,100"
2019-06-28 13:51:33.054282535,QUERY_SPREAD,49
2019-06-28 13:51:33.054282535,BEST_BID,"JPM,98171,74"
2019-06-28 13:51:33.054282535,BEST_ASK,"JPM,98291,100"
2019-06-28 13:51:33.054282535,LAST_TRADE,"100,$98171.0000"
2019-06-28 13:51:37.154283087,QUERY_SPREAD,37
2019-06-28 13:51:37.154283087,BEST_BID,"JPM,98171,74"
2019-06-28 13:51:37.154283087,BEST_ASK,"JPM,98291,100"
2019-06-28 13:51:40.000000000,QUERY_SPREAD,1
2019-06-28 13:51:40.000000000,BEST_BID,"JPM,98169,286"
2019-06-28 13:51:40.000000000,BEST_ASK,"JPM,98291,26"
2019-06-28 13:51:40.000000000,BEST_BID,"JPM,98169,286"
2019-06-28 13:51:40.000000000,BEST_ASK,"JPM,98291,26"
2019-06-28 13:51:40.000000000,BEST_BID,"JPM,98169,286"
2019-06-28 13:51:40.000000000,BEST_ASK,"JPM,98291,212"
2019-06-28 13:51:40.000000000,BEST_BID,"JPM,98169,286"
2019-06-28 13:51:40.000000000,BEST_ASK,"JPM,98291,212"
2019-06-28 13:51:46.250755522,QUERY_ORDER_STREAM,76
2019-06-28 13:51:46.250755522,QUERY_SPREAD,76
2019-06-28 13:51:46.250755522,BEST_BID,"JPM,98172,100"
2019-06-28 13:51:46.250755522,BEST_ASK,"JPM,98291,212"
2019-06-28 13:51:48.197310716,QUERY_SPREAD,49
2019-06-28 13:51:48.197310716,BEST_BID,"JPM,98172,100"
2019-06-28 13:51:48.197310716,BEST_ASK,"JPM,98291,212"
2019-06-28 13:51:50.000000000,QUERY_SPREAD,1
2019-06-28 13:51:50.000000000,BEST_BID,"JPM,98172,193"
2019-06-28 13:51:50.000000000,BEST_ASK,"JPM,98291,26"
2019-06-28 13:51:50.000000000,BEST_BID,"JPM,98172,193"
2019-06-28 13:51:50.000000000,BEST_ASK,"JPM,98291,26"
2019-06-28 13:51:50.000000000,BEST_BID,"JPM,98172,193"
2019-06-28 13:51:50.000000000,BEST_ASK,"JPM,98291,26"
2019-06-28 13:51:50.000000000,BEST_BID,"JPM,98172,193"
2019-06-28 13:51:50.000000000,BEST_ASK,"JPM,98291,26"
2019-06-28 13:51:50.000000000,BEST_BID,"JPM,98172,193"
2019-06-28 13:51:50.000000000,BEST_ASK,"JPM,98291,119"
2019-06-28 13:51:50.000000000,BEST_BID,"JPM,98172,193"
2019-06-28 13:51:50.000000000,BEST_ASK,"JPM,98291,119"
2019-06-28 13:51:50.000000000,BEST_BID,"JPM,98172,193"
2019-06-28 13:51:50.000000000,BEST_ASK,"JPM,98291,119"
2019-06-28 13:51:50.000000000,BEST_BID,"JPM,98172,193"
2019-06-28 13:51:50.000000000,BEST_ASK,"JPM,98291,119"
2019-06-28 13:51:56.637536763,QUERY_ORDER_STREAM,59
2019-06-28 13:51:56.637536763,QUERY_SPREAD,59
2019-06-28 13:52:00.000000000,QUERY_SPREAD,1
2019-06-28 13:52:00.000000000,BEST_BID,"JPM,98172,471"
2019-06-28 13:52:00.000000000,BEST_ASK,"JPM,98291,26"
2019-06-28 13:52:00.000000000,BEST_BID,"JPM,98172,471"
2019-06-28 13:52:00.000000000,BEST_ASK,"JPM,98291,397"
2019-06-28 13:52:00.000000000,QUERY_SPREAD,77
2019-06-28 13:52:00.000000000,BEST_BID,"JPM,98172,466"
2019-06-28 13:52:00.000000000,BEST_ASK,"JPM,98291,397"
2019-06-28 13:52:00.000000000,LAST_TRADE,"5,$98172.0000"
2019-06-28 13:52:00.000000000,QUERY_SPREAD,78
2019-06-28 13:52:00.000000000,BEST_BID,"JPM,98172,458"
2019-06-28 13:52:00.000000000,BEST_ASK,"JPM,98291,397"
2019-06-28 13:52:00.000000000,LAST_TRADE,"8,$98172.0000"
2019-06-28 13:52:00.000000000,QUERY_SPREAD,79
2019-06-28 13:52:00.000000000,BEST_BID,"JPM,98172,453"
2019-06-28 13:52:00.000000000,BEST_ASK,"JPM,98291,397"
2019-06-28 13:52:00.000000000,LAST_TRADE,"5,$98172.0000"
2019-06-28 13:52:00.000000000,QUERY_SPREAD,80
2019-06-28 13:52:00.000000000,BEST_BID,"JPM,98172,445"
2019-06-28 13:52:00.000000000,BEST_ASK,"JPM,98291,397"
2019-06-28 13:52:00.000000000,LAST_TRADE,"8,$98172.0000"
2019-06-28 13:52:00.000000000,QUERY_SPREAD,81
2019-06-28 13:52:00.000000000,BEST_BID,"JPM,98172,436"
2019-06-28 13:52:00.000000000,BEST_ASK,"JPM,98291,397"
2019-06-28 13:52:00.000000000,LAST_TRADE,"9,$98172.0000"
2019-06-28 13:52:00.000000000,QUERY_SPREAD,82
2019-06-28 13:52:00.000000000,BEST_BID,"JPM,98172,433"
2019-06-28 13:52:00.000000000,BEST_ASK,"JPM,98291,397"
2019-06-28 13:52:00.000000000,LAST_TRADE,"3,$98172.0000"
2019-06-28 13:52:00.000000000,QUERY_SPREAD,83
2019-06-28 13:52:00.000000000,BEST_BID,"JPM,98172,425"
2019-06-28 13:52:00.000000000,BEST_ASK,"JPM,98291,397"
2019-06-28 13:52:00.000000000,LAST_TRADE,"8,$98172.0000"
2019-06-28 13:52:00.000000000,QUERY_SPREAD,84
2019-06-28 13:52:00.000000000,BEST_BID,"JPM,98172,421"
2019-06-28 13:52:00.000000000,BEST_ASK,"JPM,98291,397"
2019-06-28 13:52:00.000000000,LAST_TRADE,"4,$98172.0000"
2019-06-28 13:52:00.000000000,QUERY_SPREAD,85
2019-06-28 13:52:00.000000000,BEST_BID,"JPM,98172,416"
2019-06-28 13:52:00.000000000,BEST_ASK,"JPM,98291,397"
2019-06-28 13:52:00.000000000,LAST_TRADE,"5,$98172.0000"
2019-06-28 13:52:00.000000000,QUERY_SPREAD,86
2019-06-28 13:52:00.000000000,BEST_BID,"JPM,98172,414"
2019-06-28 13:52:00.000000000,BEST_ASK,"JPM,98291,397"
2019-06-28 13:52:00.000000000,LAST_TRADE,"2,$98172.0000"
2019-06-28 13:52:00.000000000,QUERY_SPREAD,87
2019-06-28 13:52:00.000000000,BEST_BID,"JPM,98172,407"
2019-06-28 13:52:00.000000000,BEST_ASK,"JPM,98291,397"
2019-06-28 13:52:00.000000000,LAST_TRADE,"7,$98172.0000"
2019-06-28 13:52:00.000000000,QUERY_SPREAD,88
2019-06-28 13:52:00.000000000,BEST_BID,"JPM,98172,399"
2019-06-28 13:52:00.000000000,BEST_ASK,"JPM,98291,397"
2019-06-28 13:52:00.000000000,LAST_TRADE,"8,$98172.0000"
2019-06-28 13:52:00.000000000,QUERY_SPREAD,89
2019-06-28 13:52:00.000000000,BEST_BID,"JPM,98172,394"
2019-06-28 13:52:00.000000000,BEST_ASK,"JPM,98291,397"
2019-06-28 13:52:00.000000000,LAST_TRADE,"5,$98172.0000"
2019-06-28 13:52:00.000000000,QUERY_SPREAD,90
2019-06-28 13:52:00.000000000,BEST_BID,"JPM,98172,390"
2019-06-28 13:52:00.000000000,BEST_ASK,"JPM,98291,397"
2019-06-28 13:52:00.000000000,LAST_TRADE,"4,$98172.0000"
2019-06-28 13:52:00.000000000,QUERY_SPREAD,91
2019-06-28 13:52:00.000000000,BEST_BID,"JPM,98172,387"
2019-06-28 13:52:00.000000000,BEST_ASK,"JPM,98291,397"
2019-06-28 13:52:00.000000000,LAST_TRADE,"3,$98172.0000"
2019-06-28 13:52:00.000000000,QUERY_SPREAD,92
2019-06-28 13:52:00.000000000,BEST_BID,"JPM,98172,382"
2019-06-28 13:52:00.000000000,BEST_ASK,"JPM,98291,397"
2019-06-28 13:52:00.000000000,LAST_TRADE,"5,$98172.0000"
2019-06-28 13:52:00.000000000,QUERY_SPREAD,93
2019-06-28 13:52:00.000000000,BEST_BID,"JPM,98172,375"
2019-06-28 13:52:00.000000000,BEST_ASK,"JPM,98291,397"
2019-06-28 13:52:00.000000000,LAST_TRADE,"7,$98172.0000"
2019-06-28 13:52:00.000000000,QUERY_SPREAD,94
2019-06-28 13:52:00.000000000,BEST_BID,"JPM,98172,374"
2019-06-28 13:52:00.000000000,BEST_ASK,"JPM,98291,397"
2019-06-28 13:52:00.000000000,LAST_TRADE,"1,$98172.0000"
2019-06-28 13:52:00.000000000,QUERY_SPREAD,95
2019-06-28 13:52:00.000000000,BEST_BID,"JPM,98172,373"
2019-06-28 13:52:00.000000000,BEST_ASK,"JPM,98291,397"
2019-06-28 13:52:00.000000000,LAST_TRADE,"1,$98172.0000"
2019-06-28 13:52:00.000000000,QUERY_SPREAD,96
2019-06-28 13:52:00.000000000,BEST_BID,"JPM,98172,369"
2019-06-28 13:52:00.000000000,BEST_ASK,"JPM,98291,397"
2019-06-28 13:52:00.000000000,LAST_TRADE,"4,$98172.0000"
2019-06-28 13:52:00.000000000,QUERY_SPREAD,97
2019-06-28 13:52:00.000000000,BEST_BID,"JPM,98172,366"
2019-06-28 13:52:00.000000000,BEST_ASK,"JPM,98291,397"
2019-06-28 13:52:00.000000000,LAST_TRADE,"3,$98172.0000"
2019-06-28 13:52:00.000000000,QUERY_SPREAD,98
2019-06-28 13:52:00.000000000,BEST_BID,"JPM,98172,361"
2019-06-28 13:52:00.000000000,BEST_ASK,"JPM,98291,397"
2019-06-28 13:52:00.000000000,LAST_TRADE,"5,$98172.0000"
2019-06-28 13:52:00.000000000,QUERY_SPREAD,99
2019-06-28 13:52:00.000000000,BEST_BID,"JPM,98172,357"
2019-06-28 13:52:00.000000000,BEST_ASK,"JPM,98291,397"
2019-06-28 13:52:00.000000000,LAST_TRADE,"4,$98172.0000"
2019-06-28 13:52:00.000000000,QUERY_SPREAD,100
2019-06-28 13:52:00.000000000,BEST_BID,"JPM,98172,352"
2019-06-28 13:52:00.000000000,BEST_ASK,"JPM,98291,397"
2019-06-28 13:52:00.000000000,LAST_TRADE,"5,$98172.0000"
2019-06-28 13:52:00.000000000,QUERY_SPREAD,101
2019-06-28 13:52:00.000000000,BEST_BID,"JPM,98172,352"
2019-06-28 13:52:00.000000000,BEST_ASK,"JPM,98291,396"
2019-06-28 13:52:00.000000000,LAST_TRADE,"1,$98291.0000"
2019-06-28 13:52:10.000000000,QUERY_SPREAD,1
2019-06-28 13:52:10.000000000,BEST_BID,"JPM,98169,286"
2019-06-28 13:52:10.000000000,BEST_ASK,"JPM,98291,25"
2019-06-28 13:52:10.000000000,BEST_BID,"JPM,98169,286"
2019-06-28 13:52:10.000000000,BEST_ASK,"JPM,98291,25"
2019-06-28 13:52:10.000000000,BEST_BID,"JPM,98169,286"
2019-06-28 13:52:10.000000000,BEST_ASK,"JPM,98291,211"
2019-06-28 13:52:10.000000000,BEST_BID,"JPM,98169,286"
2019-06-28 13:52:10.000000000,BEST_ASK,"JPM,98291,211"
2019-06-28 13:52:20.000000000,QUERY_SPREAD,1
2019-06-28 13:52:20.000000000,BEST_BID,"JPM,98169,226"
2019-06-28 13:52:20.000000000,BEST_ASK,"JPM,98291,25"
2019-06-28 13:52:20.000000000,BEST_BID,"JPM,98169,226"
2019-06-28 13:52:20.000000000,BEST_ASK,"JPM,98291,25"
2019-06-28 13:52:20.000000000,BEST_BID,"JPM,98169,226"
2019-06-28 13:52:20.000000000,BEST_ASK,"JPM,98291,25"
2019-06-28 13:52:20.000000000,BEST_BID,"JPM,98169,226"
2019-06-28 13:52:20.000000000,BEST_ASK,"JPM,98291,151"
2019-06-28 13:52:20.000000000,BEST_BID,"JPM,98169,226"
2019-06-28 13:52:20.000000000,BEST_ASK,"JPM,98291,151"
2019-06-28 13:52:20.000000000,BEST_BID,"JPM,98169,226"
2019-06-28 13:52:20.000000000,BEST_ASK,"JPM,98291,151"
2019-06-28 13:52:30.000000000,QUERY_SPREAD,1
2019-06-28 13:52:30.000000000,BEST_BID,"JPM,98169,471"
2019-06-28 13:52:30.000000000,BEST_ASK,"JPM,98291,25"
2019-06-28 13:52:30.000000000,BEST_BID,"JPM,98169,471"
2019-06-28 13:52:30.000000000,BEST_ASK,"JPM,98291,396"
2019-06-28 13:52:39.528519630,QUERY_ORDER_STREAM,64
2019-06-28 13:52:39.528519630,QUERY_SPREAD,64
2019-06-28 13:52:40.000000000,QUERY_SPREAD,1
2019-06-28 13:52:40.000000000,BEST_BID,"JPM,98169,471"
2019-06-28 13:52:40.000000000,BEST_ASK,"JPM,98291,25"
2019-06-28 13:52:40.000000000,BEST_BID,"JPM,98169,471"
2019-06-28 13:52:40.000000000,BEST_ASK,"JPM,98291,396"
2019-06-28 13:52:46.956608318,QUERY_ORDER_STREAM,74
2019-06-28 13:52:46.956608318,QUERY_SPREAD,74
2019-06-28 13:52:50.000000000,QUERY_SPREAD,1
2019-06-28 13:52:50.000000000,BEST_BID,"JPM,98169,174"
2019-06-28 13:52:50.000000000,BEST_ASK,"JPM,98291,25"
2019-06-28 13:52:50.000000000,BEST_BID,"JPM,98169,174"
2019-06-28 13:52:50.000000000,BEST_ASK,"JPM,98291,25"
2019-06-28 13:52:50.000000000,BEST_BID,"JPM,98169,174"
2019-06-28 13:52:50.000000000,BEST_ASK,"JPM,98291,25"
2019-06-28 13:52:50.000000000,BEST_BID,"JPM,98169,174"
2019-06-28 13:52:50.000000000,BEST_ASK,"JPM,98291,99"
2019-06-28 13:52:50.000000000,BEST_BID,"JPM,98169,174"
2019-06-28 13:52:50.000000000,BEST_ASK,"JPM,98291,99"
2019-06-28 13:52:50.000000000,BEST_BID,"JPM,98169,174"
2019-06-28 13:52:50.000000000,BEST_ASK,"JPM,98291,99"
2019-06-28 13:52:50.000000000,BEST_BID,"JPM,98169,174"
2019-06-28 13:52:50.000000000,BEST_ASK,"JPM,98291,99"
2019-06-28 13:52:50.000000000,BEST_BID,"JPM,98169,174"
2019-06-28 13:52:50.000000000,BEST_ASK,"JPM,98291,99"
2019-06-28 13:53:00.000000000,QUERY_SPREAD,1
2019-06-28 13:53:00.000000000,BEST_BID,"JPM,98169,193"
2019-06-28 13:53:00.000000000,BEST_ASK,"JPM,98291,25"
2019-06-28 13:53:00.000000000,BEST_BID,"JPM,98169,193"
2019-06-28 13:53:00.000000000,BEST_ASK,"JPM,98291,25"
2019-06-28 13:53:00.000000000,BEST_BID,"JPM,98169,193"
2019-06-28 13:53:00.000000000,BEST_ASK,"JPM,98291,25"
2019-06-28 13:53:00.000000000,BEST_BID,"JPM,98169,193"
2019-06-28 13:53:00.000000000,BEST_ASK,"JPM,98291,118"
2019-06-28 13:53:00.000000000,BEST_BID,"JPM,98169,193"
2019-06-28 13:53:00.000000000,BEST_ASK,"JPM,98291,118"
2019-06-28 13:53:00.000000000,BEST_BID,"JPM,98169,193"
2019-06-28 13:53:00.000000000,BEST_ASK,"JPM,98291,118"
2019-06-28 13:53:00.000000000,BEST_BID,"JPM,98169,193"
2019-06-28 13:53:00.000000000,BEST_ASK,"JPM,98291,118"
2019-06-28 13:53:00.000000000,QUERY_SPREAD,77
2019-06-28 13:53:00.000000000,BEST_BID,"JPM,98169,188"
2019-06-28 13:53:00.000000000,BEST_ASK,"JPM,98291,118"
2019-06-28 13:53:00.000000000,LAST_TRADE,"5,$98169.0000"
2019-06-28 13:53:00.000000000,QUERY_SPREAD,78
2019-06-28 13:53:00.000000000,BEST_BID,"JPM,98169,180"
2019-06-28 13:53:00.000000000,BEST_ASK,"JPM,98291,118"
2019-06-28 13:53:00.000000000,LAST_TRADE,"8,$98169.0000"
2019-06-28 13:53:00.000000000,QUERY_SPREAD,79
2019-06-28 13:53:00.000000000,BEST_BID,"JPM,98169,175"
2019-06-28 13:53:00.000000000,BEST_ASK,"JPM,98291,118"
2019-06-28 13:53:00.000000000,LAST_TRADE,"5,$98169.0000"
2019-06-28 13:53:00.000000000,QUERY_SPREAD,80
2019-06-28 13:53:00.000000000,BEST_BID,"JPM,98169,167"
2019-06-28 13:53:00.000000000,BEST_ASK,"JPM,98291,118"
2019-06-28 13:53:00.000000000,LAST_TRADE,"8,$98169.0000"
2019-06-28 13:53:00.000000000,QUERY_SPREAD,81
2019-06-28 13:53:00.000000000,BEST_BID,"JPM,98169,158"
2019-06-28 13:53:00.000000000,BEST_ASK,"JPM,98291,118"
2019-06-28 13:53:00.000000000,LAST_TRADE,"9,$98169.0000"
2019-06-28 13:53:00.000000000,QUERY_SPREAD,82
2019-06-28 13:53:00.000000000,BEST_BID,"JPM,98169,155"
2019-06-28 13:53:00.000000000,BEST_ASK,"JPM,98291,118"
2019-06-28 13:53:00.000000000,LAST_TRADE,"3,$98169.0000"
2019-06-28 13:53:00.000000000,QUERY_SPREAD,83
2019-06-28 13:53:00.000000000,BEST_BID,"JPM,98169,147"
2019-06-28 13:53:00.000000000,BEST_ASK,"JPM,98291,118"
2019-06-28 13:53:00.000000000,LAST_TRADE,"8,$98169.0000"
2019-06-28 13:53:00.000000000,QUERY_SPREAD,84
2019-06-28 13:53:00.000000000,BEST_BID,"JPM,98169,143"
2019-06-28 13:53:00.000000000,BEST_ASK,"JPM,98291,118"
2019-06-28 13:53:00.000000000,LAST_TRADE,"4,$98169.0000"
2019-06-28 13:53:00.000000000,QUERY_SPREAD,85
2019-06-28 13:53:00.000000000,BEST_BID,"JPM,98169,138"
2019-06-28 13:53:00.000000000,BEST_ASK,"JPM,98291,118"
2019-06-28 13:53:00.000000000,LAST_TRADE,"5,$98169.0000"
2019-06-28 13:53:00.000000000,QUERY_SPREAD,86
2019-06-28 13:53:00.000000000,BEST_BID,"JPM,98169,136"
2019-06-28 13:53:00.000000000,BEST_ASK,"JPM,98291,118"
2019-06-28 13:53:00.000000000,LAST_TRADE,"2,$98169.0000"
2019-06-28 13:53:00.000000000,QUERY_SPREAD,87
2019-06-28 13:53:00.000000000,BEST_BID,"JPM,98169,129"
2019-06-28 13:53:00.000000000,BEST_ASK,"JPM,98291,118"
2019-06-28 13:53:00.000000000,LAST_TRADE,"7,$98169.0000"
2019-06-28 13:53:00.000000000,QUERY_SPREAD,88
2019-06-28 13:53:00.000000000,BEST_BID,"JPM,98169,121"
2019-06-28 13:53:00.000000000,BEST_ASK,"JPM,98291,118"
2019-06-28 13:53:00.000000000,LAST_TRADE,"8,$98169.0000"
2019-06-28 13:53:00.000000000,QUERY_SPREAD,89
2019-06-28 13:53:00.000000000,BEST_BID,"JPM,98169,116"
2019-06-28 13:53:00.000000000,BEST_ASK,"JPM,98291,118"
2019-06-28 13:53:00.000000000,LAST_TRADE,"5,$98169.0000"
2019-06-28 13:53:00.000000000,QUERY_SPREAD,90
2019-06-28 13:53:00.000000000,BEST_BID,"JPM,98169,112"
2019-06-28 13:53:00.000000000,BEST_ASK,"JPM,98291,118"
2019-06-28 13:53:00.000000000,LAST_TRADE,"4,$98169.0000"
2019-06-28 13:53:00.000000000,QUERY_SPREAD,91
2019-06-28 13:53:00.000000000,BEST_BID,"JPM,98169,109"
2019-06-28 13:53:00.000000000,BEST_ASK,"JPM,98291,118"
2019-06-28 13:53:00.000000000,LAST_TRADE,"3,$98169.0000"
2019-06-28 13:53:00.000000000,QUERY_SPREAD,92
2019-06-28 13:53:00.000000000,BEST_BID,"JPM,98169,104"
2019-06-28 13:53:00.000000000,BEST_ASK,"JPM,98291,118"
2019-06-28 13:53:00.000000000,LAST_TRADE,"5,$98169.0000"
2019-06-28 13:53:00.000000000,QUERY_SPREAD,93
2019-06-28 13:53:00.000000000,BEST_BID,"JPM,98169,97"
2019-06-28 13:53:00.000000000,BEST_ASK,"JPM,98291,118"
2019-06-28 13:53:00.000000000,LAST_TRADE,"7,$98169.0000"
2019-06-28 13:53:00.000000000,QUERY_SPREAD,94
2019-06-28 13:53:00.000000000,BEST_BID,"JPM,98169,96"
2019-06-28 13:53:00.000000000,BEST_ASK,"JPM,98291,118"
2019-06-28 13:53:00.000000000,LAST_TRADE,"1,$98169.0000"
2019-06-28 13:53:00.000000000,QUERY_SPREAD,95
2019-06-28 13:53:00.000000000,BEST_BID,"JPM,98169,95"
2019-06-28 13:53:00.000000000,BEST_ASK,"JPM,98291,118"
2019-06-28 13:53:00.000000000,LAST_TRADE,"1,$98169.0000"
2019-06-28 13:53:00.000000000,QUERY_SPREAD,96
2019-06-28 13:53:00.000000000,BEST_BID,"JPM,98169,91"
2019-06-28 13:53:00.000000000,BEST_ASK,"JPM,98291,118"
2019-06-28 13:53:00.000000000,LAST_TRADE,"4,$98169.0000"
2019-06-28 13:53:00.000000000,QUERY_SPREAD,97
2019-06-28 13:53:00.000000000,BEST_BID,"JPM,98169,88"
2019-06-28 13:53:00.000000000,BEST_ASK,"JPM,98291,118"
2019-06-28 13:53:00.000000000,LAST_TRADE,"3,$98169.0000"
2019-06-28 13:53:00.000000000,QUERY_SPREAD,98
2019-06-28 13:53:00.000000000,BEST_BID,"JPM,98169,83"
2019-06-28 13:53:00.000000000,BEST_ASK,"JPM,98291,118"
2019-06-28 13:53:00.000000000,LAST_TRADE,"5,$98169.0000"
2019-06-28 13:53:00.000000000,QUERY_SPREAD,99
2019-06-28 13:53:00.000000000,BEST_BID,"JPM,98169,79"
2019-06-28 13:53:00.000000000,BEST_ASK,"JPM,98291,118"
2019-06-28 13:53:00.000000000,LAST_TRADE,"4,$98169.0000"
2019-06-28 13:53:00.000000000,QUERY_SPREAD,100
2019-06-28 13:53:00.000000000,BEST_BID,"JPM,98169,74"
2019-06-28 13:53:00.000000000,BEST_ASK,"JPM,98291,118"
2019-06-28 13:53:00.000000000,LAST_TRADE,"5,$98169.0000"
2019-06-28 13:53:00.000000000,QUERY_SPREAD,101
2019-06-28 13:53:00.000000000,BEST_BID,"JPM,98169,74"
2019-06-28 13:53:00.000000000,BEST_ASK,"JPM,98291,117"
2019-06-28 13:53:00.000000000,LAST_TRADE,"1,$98291.0000"
2019-06-28 13:53:10.000000000,QUERY_SPREAD,1
2019-06-28 13:53:10.000000000,BEST_BID,"JPM,98078,193"
2019-06-28 13:53:10.000000000,BEST_ASK,"JPM,98291,24"
2019-06-28 13:53:10.000000000,BEST_BID,"JPM,98078,193"
2019-06-28 13:53:10.000000000,BEST_ASK,"JPM,98291,24"
2019-06-28 13:53:10.000000000,BEST_BID,"JPM,98078,193"
2019-06-28 13:53:10.000000000,BEST_ASK,"JPM,98291,117"
2019-06-28 13:53:10.000000000,BEST_BID,"JPM,98078,193"
2019-06-28 13:53:10.000000000,BEST_ASK,"JPM,98291,117"
2019-06-28 13:53:10.000000000,BEST_BID,"JPM,98078,193"
2019-06-28 13:53:10.000000000,BEST_ASK,"JPM,98291,117"
2019-06-28 13:53:10.000000000,BEST_BID,"JPM,98078,193"
2019-06-28 13:53:10.000000000,BEST_ASK,"JPM,98291,117"
2019-06-28 13:53:20.000000000,QUERY_SPREAD,1
2019-06-28 13:53:20.000000000,BEST_BID,"JPM,98078,193"
2019-06-28 13:53:20.000000000,BEST_ASK,"JPM,98291,24"
2019-06-28 13:53:20.000000000,BEST_BID,"JPM,98078,193"
2019-06-28 13:53:20.000000000,BEST_ASK,"JPM,98291,24"
2019-06-28 13:53:20.000000000,BEST_BID,"JPM,98078,193"
2019-06-28 13:53:20.000000000,BEST_ASK,"JPM,98291,117"
2019-06-28 13:53:20.000000000,BEST_BID,"JPM,98078,193"
2019-06-28 13:53:20.000000000,BEST_ASK,"JPM,98291,117"
2019-06-28 13:53:20.000000000,BEST_BID,"JPM,98078,193"
2019-06-28 13:53:20.000000000,BEST_ASK,"JPM,98291,117"
2019-06-28 13:53:20.000000000,BEST_BID,"JPM,98078,193"
2019-06-28 13:53:20.000000000,BEST_ASK,"JPM,98291,117"
2019-06-28 13:53:29.315663048,QUERY_SPREAD,22
2019-06-28 13:53:29.315663048,BEST_BID,"JPM,98078,193"
2019-06-28 13:53:29.315663048,BEST_ASK,"JPM,98291,17"
2019-06-28 13:53:29.315663048,LAST_TRADE,"100,$98291.0000"
2019-06-28 13:53:30.000000000,QUERY_SPREAD,1
2019-06-28 13:53:30.000000000,BEST_BID,"JPM,98078,471"
2019-06-28 13:53:30.000000000,BEST_ASK,"JPM,98303,100"
2019-06-28 13:53:30.000000000,BEST_BID,"JPM,98078,471"
2019-06-28 13:53:30.000000000,BEST_ASK,"JPM,98303,471"
2019-06-28 13:53:30.623989008,QUERY_SPREAD,18
2019-06-28 13:53:30.623989008,BEST_BID,"JPM,98078,471"
2019-06-28 13:53:30.623989008,BEST_ASK,"JPM,98303,471"
2019-06-28 13:53:30.884680936,QUERY_SPREAD,5
2019-06-28 13:53:30.884680936,BEST_BID,"JPM,98078,471"
2019-06-28 13:53:30.884680936,BEST_ASK,"JPM,98303,471"
2019-06-28 13:53:40.000000000,QUERY_SPREAD,1
2019-06-28 13:53:40.000000000,BEST_BID,"JPM,98078,174"
2019-06-28 13:53:40.000000000,BEST_ASK,"JPM,98303,100"
2019-06-28 13:53:40.000000000,BEST_BID,"JPM,98078,174"
2019-06-28 13:53:40.000000000,BEST_ASK,"JPM,98303,100"
2019-06-28 13:53:40.000000000,BEST_BID,"JPM,98078,174"
2019-06-28 13:53:40.000000000,BEST_ASK,"JPM,98303,174"
2019-06-28 13:53:40.000000000,BEST_BID,"JPM,98078,174"
2019-06-28 13:53:40.000000000,BEST_ASK,"JPM,98303,174"
2019-06-28 13:53:40.000000000,BEST_BID,"JPM,98078,174"
2019-06-28 13:53:40.000000000,BEST_ASK,"JPM,98303,174"
2019-06-28 13:53:40.000000000,BEST_BID,"JPM,98078,174"
2019-06-28 13:53:40.000000000,BEST_ASK,"JPM,98303,174"
2019-06-28 13:53:40.000000000,BEST_BID,"JPM,98078,174"
2019-06-28 13:53:40.000000000,BEST_ASK,"JPM,98303,174"
2019-06-28 13:53:50.000000000,QUERY_SPREAD,1
2019-06-28 13:53:50.000000000,BEST_BID,"JPM,98078,286"
2019-06-28 13:53:50.000000000,BEST_ASK,"JPM,98303,100"
2019-06-28 13:53:50.000000000,BEST_BID,"JPM,98078,286"
2019-06-28 13:53:50.000000000,BEST_ASK,"JPM,98303,100"
2019-06-28 13:53:50.000000000,BEST_BID,"JPM,98078,286"
2019-06-28 13:53:50.000000000,BEST_ASK,"JPM,98303,286"
2019-06-28 13:53:50.000000000,BEST_BID,"JPM,98078,286"
2019-06-28 13:53:50.000000000,BEST_ASK,"JPM,98303,286"
2019-06-28 13:53:53.668916886,QUERY_SPREAD,11
2019-06-28 13:53:53.668916886,BEST_BID,"JPM,98078,286"
2019-06-28 13:53:53.668916886,BEST_ASK,"JPM,98303,186"
2019-06-28 13:53:53.668916886,LAST_TRADE,"100,$98303.0000"
2019-06-28 13:54:00.000000000,QUERY_SPREAD,1
2019-06-28 13:54:00.000000000,BEST_BID,"JPM,98078,226"
2019-06-28 13:54:00.000000000,BEST_ASK,"JPM,98605,98"
2019-06-28 13:54:00.000000000,BEST_BID,"JPM,98078,226"
2019-06-28 13:54:00.000000000,BEST_ASK,"JPM,98605,98"
2019-06-28 13:54:00.000000000,BEST_BID,"JPM,98078,226"
2019-06-28 13:54:00.000000000,BEST_ASK,"JPM,98605,224"
2019-06-28 13:54:00.000000000,BEST_BID,"JPM,98078,226"
2019-06-28 13:54:00.000000000,BEST_ASK,"JPM,98605,224"
2019-06-28 13:54:00.000000000,BEST_BID,"JPM,98078,226"
2019-06-28 13:54:00.000000000,BEST_ASK,"JPM,98605,224"
2019-06-28 13:54:00.000000000,QUERY_SPREAD,77
2019-06-28 13:54:00.000000000,BEST_BID,"JPM,98078,221"
2019-06-28 13:54:00.000000000,BEST_ASK,"JPM,98605,224"
2019-06-28 13:54:00.000000000,LAST_TRADE,"5,$98078.0000"
2019-06-28 13:54:00.000000000,QUERY_SPREAD,78
2019-06-28 13:54:00.000000000,BEST_BID,"JPM,98078,213"
2019-06-28 13:54:00.000000000,BEST_ASK,"JPM,98605,224"
2019-06-28 13:54:00.000000000,LAST_TRADE,"8,$98078.0000"
2019-06-28 13:54:00.000000000,QUERY_SPREAD,79
2019-06-28 13:54:00.000000000,BEST_BID,"JPM,98078,208"
2019-06-28 13:54:00.000000000,BEST_ASK,"JPM,98605,224"
2019-06-28 13:54:00.000000000,LAST_TRADE,"5,$98078.0000"
2019-06-28 13:54:00.000000000,QUERY_SPREAD,80
2019-06-28 13:54:00.000000000,BEST_BID,"JPM,98078,200"
2019-06-28 13:54:00.000000000,BEST_ASK,"JPM,98605,224"
2019-06-28 13:54:00.000000000,LAST_TRADE,"8,$98078.0000"
2019-06-28 13:54:00.000000000,QUERY_SPREAD,81
2019-06-28 13:54:00.000000000,BEST_BID,"JPM,98078,191"
2019-06-28 13:54:00.000000000,BEST_ASK,"JPM,98605,224"
2019-06-28 13:54:00.000000000,LAST_TRADE,"9,$98078.0000"
2019-06-28 13:54:00.000000000,QUERY_SPREAD,82
2019-06-28 13:54:00.000000000,BEST_BID,"JPM,98078,188"
2019-06-28 13:54:00.000000000,BEST_ASK,"JPM,98605,224"
2019-06-28 13:54:00.000000000,LAST_TRADE,"3,$98078.0000"
2019-06-28 13:54:00.000000000,QUERY_SPREAD,83
2019-06-28 13:54:00.000000000,BEST_BID,"JPM,98078,180"
2019-06-28 13:54:00.000000000,BEST_ASK,"JPM,98605,224"
2019-06-28 13:54:00.000000000,LAST_TRADE,"8,$98078.0000"
2019-06-28 13:54:00.000000000,QUERY_SPREAD,84
2019-06-28 13:54:00.000000000,BEST_BID,"JPM,98078,176"
2019-06-28 13:54:00.000000000,BEST_ASK,"JPM,98605,224"
2019-06-28 13:54:00.000000000,LAST_TRADE,"4,$98078.0000"
2019-06-28 13:54:00.000000000,QUERY_SPREAD,85
2019-06-28 13:54:00.000000000,BEST_BID,"JPM,98078,171"
2019-06-28 13:54:00.000000000,BEST_ASK,"JPM,98605,224"
2019-06-28 13:54:00.000000000,LAST_TRADE,"5,$98078.0000"
2019-06-28 13:54:00.000000000,QUERY_SPREAD,86
2019-06-28 13:54:00.000000000,BEST_BID,"JPM,98078,169"
2019-06-28 13:54:00.000000000,BEST_ASK,"JPM,98605,224"
2019-06-28 13:54:00.000000000,LAST_TRADE,"2,$98078.0000"
2019-06-28 13:54:00.000000000,QUERY_SPREAD,87
2019-06-28 13:54:00.000000000,BEST_BID,"JPM,98078,162"
2019-06-28 13:54:00.000000000,BEST_ASK,"JPM,98605,224"
2019-06-28 13:54:00.000000000,LAST_TRADE,"7,$98078.0000"
2019-06-28 13:54:00.000000000,QUERY_SPREAD,88
2019-06-28 13:54:00.000000000,BEST_BID,"JPM,98078,154"
2019-06-28 13:54:00.000000000,BEST_ASK,"JPM,98605,224"
2019-06-28 13:54:00.000000000,LAST_TRADE,"8,$98078.0000"
2019-06-28 13:54:00.000000000,QUERY_SPREAD,89
2019-06-28 13:54:00.000000000,BEST_BID,"JPM,98078,149"
2019-06-28 13:54:00.000000000,BEST_ASK,"JPM,98605,224"
2019-06-28 13:54:00.000000000,LAST_TRADE,"5,$98078.0000"
2019-06-28 13:54:00.000000000,QUERY_SPREAD,90
2019-06-28 13:54:00.000000000,BEST_BID,"JPM,98078,145"
2019-06-28 13:54:00.000000000,BEST_ASK,"JPM,98605,224"
2019-06-28 13:54:00.000000000,LAST_TRADE,"4,$98078.0000"
2019-06-28 13:54:00.000000000,QUERY_SPREAD,91
2019-06-28 13:54:00.000000000,BEST_BID,"JPM,98078,142"
2019-06-28 13:54:00.000000000,BEST_ASK,"JPM,98605,224"
2019-06-28 13:54:00.000000000,LAST_TRADE,"3,$98078.0000"
2019-06-28 13:54:00.000000000,QUERY_SPREAD,92
2019-06-28 13:54:00.000000000,BEST_BID,"JPM,98078,137"
2019-06-28 13:54:00.000000000,BEST_ASK,"JPM,98605,224"
2019-06-28 13:54:00.000000000,LAST_TRADE,"5,$98078.0000"
2019-06-28 13:54:00.000000000,QUERY_SPREAD,93
2019-06-28 13:54:00.000000000,BEST_BID,"JPM,98078,130"
2019-06-28 13:54:00.000000000,BEST_ASK,"JPM,98605,224"
2019-06-28 13:54:00.000000000,LAST_TRADE,"7,$98078.0000"
2019-06-28 13:54:00.000000000,QUERY_SPREAD,94
2019-06-28 13:54:00.000000000,BEST_BID,"JPM,98078,129"
2019-06-28 13:54:00.000000000,BEST_ASK,"JPM,98605,224"
2019-06-28 13:54:00.000000000,LAST_TRADE,"1,$98078.0000"
2019-06-28 13:54:00.000000000,QUERY_SPREAD,95
2019-06-28 13:54:00.000000000,BEST_BID,"JPM,98078,128"
2019-06-28 13:54:00.000000000,BEST_ASK,"JPM,98605,224"
2019-06-28 13:54:00.000000000,LAST_TRADE,"1,$98078.0000"
2019-06-28 13:54:00.000000000,QUERY_SPREAD,96
2019-06-28 13:54:00.000000000,BEST_BID,"JPM,98078,124"
2019-06-28 13:54:00.000000000,BEST_ASK,"JPM,98605,224"
2019-06-28 13:54:00.000000000,LAST_TRADE,"4,$98078.0000"
2019-06-28 13:54:00.000000000,QUERY_SPREAD,97
2019-06-28 13:54:00.000000000,BEST_BID,"JPM,98078,121"
2019-06-28 13:54:00.000000000,BEST_ASK,"JPM,98605,224"
2019-06-28 13:54:00.000000000,LAST_TRADE,"3,$98078.0000"
2019-06-28 13:54:00.000000000,QUERY_SPREAD,98
2019-06-28 13:54:00.000000000,BEST_BID,"JPM,98078,116"
2019-06-28 13:54:00.000000000,BEST_ASK,"JPM,98605,224"
2019-06-28 13:54:00.000000000,LAST_TRADE,"5,$98078.0000"
2019-06-28 13:54:00.000000000,QUERY_SPREAD,99
2019-06-28 13:54:00.000000000,BEST_BID,"JPM,98078,112"
2019-06-28 13:54:00.000000000,BEST_ASK,"JPM,98605,224"
2019-06-28 13:54:00.000000000,LAST_TRADE,"4,$98078.0000"
2019-06-28 13:54:00.000000000,QUERY_SPREAD,100
2019-06-28 13:54:00.000000000,BEST_BID,"JPM,98078,107"
2019-06-28 13:54:00.000000000,BEST_ASK,"JPM,98605,224"
2019-06-28 13:54:00.000000000,LAST_TRADE,"5,$98078.0000"
2019-06-28 13:54:00.000000000,QUERY_SPREAD,101
2019-06-28 13:54:00.000000000,BEST_BID,"JPM,98078,107"
2019-06-28 13:54:00.000000000,BEST_ASK,"JPM,98605,223"
2019-06-28 13:54:00.000000000,LAST_TRADE,"1,$98605.0000"
2019-06-28 13:54:10.000000000,QUERY_SPREAD,1
2019-06-28 13:54:10.897897012,QUERY_SPREAD,10
2019-06-28 13:54:10.897897012,BEST_BID,"JPM,98605,3"
2019-06-28 13:54:10.897897012,BEST_ASK,"JPM,98683,100"
2019-06-28 13:54:10.897897012,LAST_TRADE,"97,$98605.0000"
2019-06-28 13:54:20.000000000,QUERY_SPREAD,1
2019-06-28 13:54:20.000000000,BEST_BID,"JPM,98605,189"
2019-06-28 13:54:20.000000000,BEST_ASK,"JPM,98683,100"
2019-06-28 13:54:20.000000000,BEST_BID,"JPM,98605,189"
2019-06-28 13:54:20.000000000,BEST_ASK,"JPM,98683,100"
2019-06-28 13:54:20.000000000,BEST_BID,"JPM,98605,189"
2019-06-28 13:54:20.000000000,BEST_ASK,"JPM,98683,286"
2019-06-28 13:54:20.000000000,BEST_BID,"JPM,98605,189"
2019-06-28 13:54:20.000000000,BEST_ASK,"JPM,98683,286"
2019-06-28 13:54:28.176649096,QUERY_SPREAD,6
2019-06-28 13:54:28.176649096,BEST_BID,"JPM,98605,189"
2019-06-28 13:54:28.176649096,BEST_ASK,"JPM,98683,286"
2019-06-28 13:54:30.000000000,QUERY_SPREAD,1
2019-06-28 13:54:30.000000000,BEST_BID,"JPM,98605,96"
2019-06-28 13:54:30.000000000,BEST_ASK,"JPM,98683,100"
2019-06-28 13:54:30.000000000,BEST_BID,"JPM,98605,96"
2019-06-28 13:54:30.000000000,BEST_ASK,"JPM,98683,100"
2019-06-28 13:54:30.000000000,BEST_BID,"JPM,98605,96"
2019-06-28 13:54:30.000000000,BEST_ASK,"JPM,98683,193"
2019-06-28 13:54:30.000000000,BEST_BID,"JPM,98605,96"
2019-06-28 13:54:30.000000000,BEST_ASK,"JPM,98683,193"
2019-06-28 13:54:30.000000000,BEST_BID,"JPM,98605,96"
2019-06-28 13:54:30.000000000,BEST_ASK,"JPM,98683,193"
2019-06-28 13:54:30.000000000,BEST_BID,"JPM,98605,96"
2019-06-28 13:54:30.000000000,BEST_ASK,"JPM,98683,193"
2019-06-28 13:54:40.000000000,QUERY_SPREAD,1
2019-06-28 13:54:40.000000000,BEST_BID,"JPM,98605,374"
2019-06-28 13:54:40.000000000,BEST_ASK,"JPM,98683,100"
2019-06-28 13:54:40.000000000,BEST_BID,"JPM,98605,374"
2019-06-28 13:54:40.000000000,BEST_ASK,"JPM,98683,471"
2019-06-28 13:54:50.000000000,QUERY_SPREAD,1
2019-06-28 13:54:50.000000000,BEST_BID,"JPM,98605,77"
2019-06-28 13:54:50.000000000,BEST_ASK,"JPM,98683,100"
2019-06-28 13:54:50.000000000,BEST_BID,"JPM,98605,77"
2019-06-28 13:54:50.000000000,BEST_ASK,"JPM,98683,100"
2019-06-28 13:54:50.000000000,BEST_BID,"JPM,98605,77"
2019-06-28 13:54:50.000000000,BEST_ASK,"JPM,98683,174"
2019-06-28 13:54:50.000000000,BEST_BID,"JPM,98605,77"
2019-06-28 13:54:50.000000000,BEST_ASK,"JPM,98683,174"
2019-06-28 13:54:50.000000000,BEST_BID,"JPM,98605,77"
2019-06-28 13:54:50.000000000,BEST_ASK,"JPM,98683,174"
2019-06-28 13:54:50.000000000,BEST_BID,"JPM,98605,77"
2019-06-28 13:54:50.000000000,BEST_ASK,"JPM,98683,174"
2019-06-28 13:54:50.000000000,BEST_BID,"JPM,98605,77"
2019-06-28 13:54:50.000000000,BEST_ASK,"JPM,98683,174"
2019-06-28 13:55:00.000000000,QUERY_SPREAD,1
2019-06-28 13:55:00.000000000,BEST_BID,"JPM,98605,374"
2019-06-28 13:55:00.000000000,BEST_ASK,"JPM,98683,100"
2019-06-28 13:55:00.000000000,BEST_BID,"JPM,98605,374"
2019-06-28 13:55:00.000000000,BEST_ASK,"JPM,98683,471"
2019-06-28 13:55:00.000000000,QUERY_SPREAD,77
2019-06-28 13:55:00.000000000,BEST_BID,"JPM,98605,369"
2019-06-28 13:55:00.000000000,BEST_ASK,"JPM,98683,471"
2019-06-28 13:55:00.000000000,LAST_TRADE,"5,$98605.0000"
2019-06-28 13:55:00.000000000,QUERY_SPREAD,78
2019-06-28 13:55:00.000000000,BEST_BID,"JPM,98605,361"
2019-06-28 13:55:00.000000000,BEST_ASK,"JPM,98683,471"
2019-06-28 13:55:00.000000000,LAST_TRADE,"8,$98605.0000"
2019-06-28 13:55:00.000000000,QUERY_SPREAD,79
2019-06-28 13:55:00.000000000,BEST_BID,"JPM,98605,356"
2019-06-28 13:55:00.000000000,BEST_ASK,"JPM,98683,471"
2019-06-28 13:55:00.000000000,LAST_TRADE,"5,$98605.0000"
2019-06-28 13:55:00.000000000,QUERY_SPREAD,80
2019-06-28 13:55:00.000000000,BEST_BID,"JPM,98605,348"
2019-06-28 13:55:00.000000000,BEST_ASK,"JPM,98683,471"
2019-06-28 13:55:00.000000000,LAST_TRADE,"8,$98605.0000"
2019-06-28 13:55:00.000000000,QUERY_SPREAD,81
2019-06-28 13:55:00.000000000,BEST_BID,"JPM,98605,339"
2019-06-28 13:55:00.000000000,BEST_ASK,"JPM,98683,471"
2019-06-28 13:55:00.000000000,LAST_TRADE,"9,$98605.0000"
2019-06-28 13:55:00.000000000,QUERY_SPREAD,82
2019-06-28 13:55:00.000000000,BEST_BID,"JPM,98605,336"
2019-06-28 13:55:00.000000000,BEST_ASK,"JPM,98683,471"
2019-06-28 13:55:00.000000000,LAST_TRADE,"3,$98605.0000"
2019-06-28 13:55:00.000000000,QUERY_SPREAD,83
2019-06-28 13:55:00.000000000,BEST_BID,"JPM,98605,328"
2019-06-28 13:55:00.000000000,BEST_ASK,"JPM,98683,471"
2019-06-28 13:55:00.000000000,LAST_TRADE,"8,$98605.0000"
2019-06-28 13:55:00.000000000,QUERY_SPREAD,84
2019-06-28 13:55:00.000000000,BEST_BID,"JPM,98605,324"
2019-06-28 13:55:00.000000000,BEST_ASK,"JPM,98683,471"
2019-06-28 13:55:00.000000000,LAST_TRADE,"4,$98605.0000"
2019-06-28 13:55:00.000000000,QUERY_SPREAD,85
2019-06-28 13:55:00.000000000,BEST_BID,"JPM,98605,319"
2019-06-28 13:55:00.000000000,BEST_ASK,"JPM,98683,471"
2019-06-28 13:55:00.000000000,LAST_TRADE,"5,$98605.0000"
2019-06-28 13:55:00.000000000,QUERY_SPREAD,86
2019-06-28 13:55:00.000000000,BEST_BID,"JPM,98605,317"
2019-06-28 13:55:00.000000000,BEST_ASK,"JPM,98683,471"
2019-06-28 13:55:00.000000000,LAST_TRADE,"2,$98605.0000"
2019-06-28 13:55:00.000000000,QUERY_SPREAD,87
2019-06-28 13:55:00.000000000,BEST_BID,"JPM,98605,310"
2019-06-28 13:55:00.000000000,BEST_ASK,"JPM,98683,471"
2019-06-28 13:55:00.000000000,LAST_TRADE,"7,$98605.0000"
2019-06-28 13:55:00.000000000,QUERY_SPREAD,88
2019-06-28 13:55:00.000000000,BEST_BID,"JPM,98605,302"
2019-06-28 13:55:00.000000000,BEST_ASK,"JPM,98683,471"
2019-06-28 13:55:00.000000000,LAST_TRADE,"8,$98605.0000"
2019-06-28 13:55:00.000000000,QUERY_SPREAD,89
2019-06-28 13:55:00.000000000,BEST_BID,"JPM,98605,297"
2019-06-28 13:55:00.000000000,BEST_ASK,"JPM,98683,471"
2019-06-28 13:55:00.000000000,LAST_TRADE,"5,$98605.0000"
2019-06-28 13:55:00.000000000,QUERY_SPREAD,90
2019-06-28 13:55:00.000000000,BEST_BID,"JPM,98605,293"
2019-06-28 13:55:00.000000000,BEST_ASK,"JPM,98683,471"
2019-06-28 13:55:00.000000000,LAST_TRADE,"4,$98605.0000"
2019-06-28 13:55:00.000000000,QUERY_SPREAD,91
2019-06-28 13:55:00.000000000,BEST_BID,"JPM,98605,290"
2019-06-28 13:55:00.000000000,BEST_ASK,"JPM,98683,471"
2019-06-28 13:55:00.000000000,LAST_TRADE,"3,$98605.0000"
2019-06-28 13:55:00.000000000,QUERY_SPREAD,92
2019-06-28 13:55:00.000000000,BEST_BID,"JPM,98605,285"
2019-06-28 13:55:00.000000000,BEST_ASK,"JPM,98683,471"
2019-06-28 13:55:00.000000000,LAST_TRADE,"5,$98605.0000"
2019-06-28 13:55:00.000000000,QUERY_SPREAD,93
2019-06-28 13:55:00.000000000,BEST_BID,"JPM,98605,278"
2019-06-28 13:55:00.000000000,BEST_ASK,"JPM,98683,471"
2019-06-28 13:55:00.000000000,LAST_TRADE,"7,$98605.0000"
2019-06-28 13:55:00.000000000,QUERY_SPREAD,94
2019-06-28 13:55:00.000000000,BEST_BID,"JPM,98605,277"
2019-06-28 13:55:00.000000000,BEST_ASK,"JPM,98683,471"
2019-06-28 13:55:00.000000000,LAST_TRADE,"1,$98605.0000"
2019-06-28 13:55:00.000000000,QUERY_SPREAD,95
2019-06-28 13:55:00.000000000,BEST_BID,"JPM,98605,276"
2019-06-28 13:55:00.000000000,BEST_ASK,"JPM,98683,471"
2019-06-28 13:55:00.000000000,LAST_TRADE,"1,$98605.0000"
2019-06-28 13:55:00.000000000,QUERY_SPREAD,96
2019-06-28 13:55:00.000000000,BEST_BID,"JPM,98605,272"
2019-06-28 13:55:00.000000000,BEST_ASK,"JPM,98683,471"
2019-06-28 13:55:00.000000000,LAST_TRADE,"4,$98605.0000"
2019-06-28 13:55:00.000000000,QUERY_SPREAD,97
2019-06-28 13:55:00.000000000,BEST_BID,"JPM,98605,269"
2019-06-28 13:55:00.000000000,BEST_ASK,"JPM,98683,471"
2019-06-28 13:55:00.000000000,LAST_TRADE,"3,$98605.0000"
2019-06-28 13:55:00.000000000,QUERY_SPREAD,98
2019-06-28 13:55:00.000000000,BEST_BID,"JPM,98605,264"
2019-06-28 13:55:00.000000000,BEST_ASK,"JPM,98683,471"
2019-06-28 13:55:00.000000000,LAST_TRADE,"5,$98605.0000"
2019-06-28 13:55:00.000000000,QUERY_SPREAD,99
2019-06-28 13:55:00.000000000,BEST_BID,"JPM,98605,260"
2019-06-28 13:55:00.000000000,BEST_ASK,"JPM,98683,471"
2019-06-28 13:55:00.000000000,LAST_TRADE,"4,$98605.0000"
2019-06-28 13:55:00.000000000,QUERY_SPREAD,100
2019-06-28 13:55:00.000000000,BEST_BID,"JPM,98605,255"
2019-06-28 13:55:00.000000000,BEST_ASK,"JPM,98683,471"
2019-06-28 13:55:00.000000000,LAST_TRADE,"5,$98605.0000"
2019-06-28 13:55:00.000000000,QUERY_SPREAD,101
2019-06-28 13:55:00.000000000,BEST_BID,"JPM,98605,255"
2019-06-28 13:55:00.000000000,BEST_ASK,"JPM,98683,470"
2019-06-28 13:55:00.000000000,LAST_TRADE,"1,$98683.0000"
2019-06-28 13:55:10.000000000,QUERY_SPREAD,1
2019-06-28 13:55:13.716147743,QUERY_SPREAD,14
2019-06-28 13:55:13.716147743,BEST_BID,"JPM,98683,1"
2019-06-28 13:55:13.716147743,BEST_ASK,"JPM,99284,100"
2019-06-28 13:55:13.716147743,LAST_TRADE,"99,$98683.0000"
2019-06-28 13:55:16.495236878,QUERY_SPREAD,26
2019-06-28 13:55:16.495236878,BEST_BID,"JPM,99274,100"
2019-06-28 13:55:16.495236878,BEST_ASK,"JPM,99284,100"
2019-06-28 13:55:20.000000000,QUERY_SPREAD,1
2019-06-28 13:55:20.000000000,BEST_BID,"JPM,99274,193"
2019-06-28 13:55:20.000000000,BEST_ASK,"JPM,99284,100"
2019-06-28 13:55:20.000000000,BEST_BID,"JPM,99274,193"
2019-06-28 13:55:20.000000000,BEST_ASK,"JPM,99284,100"
2019-06-28 13:55:20.000000000,BEST_BID,"JPM,99274,193"
2019-06-28 13:55:20.000000000,BEST_ASK,"JPM,99284,100"
2019-06-28 13:55:20.000000000,BEST_BID,"JPM,99274,193"
2019-06-28 13:55:20.000000000,BEST_ASK,"JPM,99284,193"
2019-06-28 13:55:20.000000000,BEST_BID,"JPM,99274,193"
2019-06-28 13:55:20.000000000,BEST_ASK,"JPM,99284,193"
2019-06-28 13:55:20.000000000,BEST_BID,"JPM,99274,193"
2019-06-28 13:55:20.000000000,BEST_ASK,"JPM,99284,193"
2019-06-28 13:55:20.000000000,BEST_BID,"JPM,99274,193"
2019-06-28 13:55:20.000000000,BEST_ASK,"JPM,99284,193"
2019-06-28 13:55:25.875853568,QUERY_ORDER_STREAM,56
2019-06-28 13:55:25.875853568,QUERY_SPREAD,56
2019-06-28 13:55:30.000000000,QUERY_SPREAD,1
2019-06-28 13:55:30.000000000,BEST_BID,"JPM,99274,193"
2019-06-28 13:55:30.000000000,BEST_ASK,"JPM,99284,100"
2019-06-28 13:55:30.000000000,BEST_BID,"JPM,99274,193"
2019-06-28 13:55:30.000000000,BEST_ASK,"JPM,99284,100"
2019-06-28 13:55:30.000000000,BEST_BID,"JPM,99274,193"
2019-06-28 13:55:30.000000000,BEST_ASK,"JPM,99284,100"
2019-06-28 13:55:30.000000000,BEST_BID,"JPM,99274,193"
2019-06-28 13:55:30.000000000,BEST_ASK,"JPM,99284,193"
2019-06-28 13:55:30.000000000,BEST_BID,"JPM,99274,193"
2019-06-28 13:55:30.000000000,BEST_ASK,"JPM,99284,193"
2019-06-28 13:55:30.000000000,BEST_BID,"JPM,99274,193"
2019-06-28 13:55:30.000000000,BEST_ASK,"JPM,99284,193"
2019-06-28 13:55:30.000000000,BEST_BID,"JPM,99274,193"
2019-06-28 13:55:30.000000000,BEST_ASK,"JPM,99284,193"
2019-06-28 13:55:31.183110784,QUERY_ORDER_STREAM,73
2019-06-28 13:55:31.183110784,QUERY_SPREAD,73
2019-06-28 13:55:40.000000000,QUERY_SPREAD,1
2019-06-28 13:55:40.000000000,BEST_BID,"JPM,99274,174"
2019-06-28 13:55:40.000000000,BEST_ASK,"JPM,99284,100"
2019-06-28 13:55:40.000000000,BEST_BID,"JPM,99274,174"
2019-06-28 13:55:40.000000000,BEST_ASK,"JPM,99284,100"
2019-06-28 13:55:40.000000000,BEST_BID,"JPM,99274,174"
2019-06-28 13:55:40.000000000,BEST_ASK,"JPM,99284,100"
2019-06-28 13:55:40.000000000,BEST_BID,"JPM,99274,174"
2019-06-28 13:55:40.000000000,BEST_ASK,"JPM,99284,174"
2019-06-28 13:55:40.000000000,BEST_BID,"JPM,99274,174"
2019-06-28 13:55:40.000000000,BEST_ASK,"JPM,99284,174"
2019-06-28 13:55:40.000000000,BEST_BID,"JPM,99274,174"
2019-06-28 13:55:40.000000000,BEST_ASK,"JPM,99284,174"
2019-06-28 13:55:40.000000000,BEST_BID,"JPM,99274,174"
2019-06-28 13:55:40.000000000,BEST_ASK,"JPM,99284,174"
2019-06-28 13:55:40.000000000,BEST_BID,"JPM,99274,174"
2019-06-28 13:55:40.000000000,BEST_ASK,"JPM,99284,174"
2019-06-28 13:55:44.440771092,QUERY_SPREAD,37
2019-06-28 13:55:44.440771092,BEST_BID,"JPM,99274,174"
2019-06-28 13:55:44.440771092,BEST_ASK,"JPM,99284,74"
2019-06-28 13:55:44.440771092,LAST_TRADE,"100,$99284.0000"
2019-06-28 13:55:50.000000000,QUERY_SPREAD,1
2019-06-28 13:55:50.000000000,BEST_BID,"JPM,99274,226"
2019-06-28 13:55:50.000000000,BEST_ASK,"JPM,99307,100"
2019-06-28 13:55:50.000000000,BEST_BID,"JPM,99274,226"
2019-06-28 13:55:50.000000000,BEST_ASK,"JPM,99307,100"
2019-06-28 13:55:50.000000000,BEST_BID,"JPM,99274,226"
2019-06-28 13:55:50.000000000,BEST_ASK,"JPM,99307,100"
2019-06-28 13:55:50.000000000,BEST_BID,"JPM,99274,226"
2019-06-28 13:55:50.000000000,BEST_ASK,"JPM,99307,226"
2019-06-28 13:55:50.000000000,BEST_BID,"JPM,99274,226"
2019-06-28 13:55:50.000000000,BEST_ASK,"JPM,99307,226"
2019-06-28 13:55:50.000000000,BEST_BID,"JPM,99274,226"
2019-06-28 13:55:50.000000000,BEST_ASK,"JPM,99307,226"
2019-06-28 13:56:00.000000000,QUERY_SPREAD,1
2019-06-28 13:56:00.000000000,BEST_BID,"JPM,99274,174"
2019-06-28 13:56:00.000000000,BEST_ASK,"JPM,99307,100"
2019-06-28 13:56:00.000000000,BEST_BID,"JPM,99274,174"
2019-06-28 13:56:00.000000000,BEST_ASK,"JPM,99307,100"
2019-06-28 13:56:00.000000000,BEST_BID,"JPM,99274,174"
2019-06-28 13:56:00.000000000,BEST_ASK,"JPM,99307,100"
2019-06-28 13:56:00.000000000,BEST_BID,"JPM,99274,174"
2019-06-28 13:56:00.000000000,BEST_ASK,"JPM,99307,174"
2019-06-28 13:56:00.000000000,BEST_BID,"JPM,99274,174"
2019-06-28 13:56:00.000000000,BEST_ASK,"JPM,99307,174"
2019-06-28 13:56:00.000000000,BEST_BID,"JPM,99274,174"
2019-06-28 13:56:00.000000000,BEST_ASK,"JPM,99307,174"
2019-06-28 13:56:00.000000000,BEST_BID,"JPM,99274,174"
2019-06-28 13:56:00.000000000,BEST_ASK,"JPM,99307,174"
2019-06-28 13:56:00.000000000,BEST_BID,"JPM,99274,174"
2019-06-28 13:56:00.000000000,BEST_ASK,"JPM,99307,174"
2019-06-28 13:56:00.000000000,QUERY_SPREAD,77
2019-06-28 13:56:00.000000000,BEST_BID,"JPM,99274,169"
2019-06-28 13:56:00.000000000,BEST_ASK,"JPM,99307,174"
2019-06-28 13:56:00.000000000,LAST_TRADE,"5,$99274.0000"
2019-06-28 13:56:00.000000000,QUERY_SPREAD,78
2019-06-28 13:56:00.000000000,BEST_BID,"JPM,99274,161"
2019-06-28 13:56:00.000000000,BEST_ASK,"JPM,99307,174"
2019-06-28 13:56:00.000000000,LAST_TRADE,"8,$99274.0000"
2019-06-28 13:56:00.000000000,QUERY_SPREAD,79
2019-06-28 13:56:00.000000000,BEST_BID,"JPM,99274,156"
2019-06-28 13:56:00.000000000,BEST_ASK,"JPM,99307,174"
2019-06-28 13:56:00.000000000,LAST_TRADE,"5,$99274.0000"
2019-06-28 13:56:00.000000000,QUERY_SPREAD,80
2019-06-28 13:56:00.000000000,BEST_BID,"JPM,99274,148"
2019-06-28 13:56:00.000000000,BEST_ASK,"JPM,99307,174"
2019-06-28 13:56:00.000000000,LAST_TRADE,"8,$99274.0000"
2019-06-28 13:56:00.000000000,QUERY_SPREAD,81
2019-06-28 13:56:00.000000000,BEST_BID,"JPM,99274,139"
2019-06-28 13:56:00.000000000,BEST_ASK,"JPM,99307,174"
2019-06-28 13:56:00.000000000,LAST_TRADE,"9,$99274.0000"
2019-06-28 13:56:00.000000000,QUERY_SPREAD,82
2019-06-28 13:56:00.000000000,BEST_BID,"JPM,99274,136"
2019-06-28 13:56:00.000000000,BEST_ASK,"JPM,99307,174"
2019-06-28 13:56:00.000000000,LAST_TRADE,"3,$99274.0000"
2019-06-28 13:56:00.000000000,QUERY_SPREAD,83
2019-06-28 13:56:00.000000000,BEST_BID,"JPM,99274,128"
2019-06-28 13:56:00.000000000,BEST_ASK,"JPM,99307,174"
2019-06-28 13:56:00.000000000,LAST_TRADE,"8,$99274.0000"
2019-06-28 13:56:00.000000000,QUERY_SPREAD,84
2019-06-28 13:56:00.000000000,BEST_BID,"JPM,99274,124"
2019-06-28 13:56:00.000000000,BEST_ASK,"JPM,99307,174"
2019-06-28 13:56:00.000000000,LAST_TRADE,"4,$99274.0000"
2019-06-28 13:56:00.000000000,QUERY_SPREAD,85
2019-06-28 13:56:00.000000000,BEST_BID,"JPM,99274,119"
2019-06-28 13:56:00.000000000,BEST_ASK,"JPM,99307,174"
2019-06-28 13:56:00.000000000,LAST_TRADE,"5,$99274.0000"
2019-06-28 13:56:00.000000000,QUERY_SPREAD,86
2019-06-28 13:56:00.000000000,BEST_BID,"JPM,99274,117"
2019-06-28 13:56:00.000000000,BEST_ASK,"JPM,99307,174"
2019-06-28 13:56:00.000000000,LAST_TRADE,"2,$99274.0000"
2019-06-28 13:56:00.000000000,QUERY_SPREAD,87
2019-06-28 13:56:00.000000000,BEST_BID,"JPM,99274,110"
2019-06-28 13:56:00.000000000,BEST_ASK,"JPM,99307,174"
2019-06-28 13:56:00.000000000,LAST_TRADE,"7,$99274.0000"
2019-06-28 13:56:00.000000000,QUERY_SPREAD,88
2019-06-28 13:56:00.000000000,BEST_BID,"JPM,99274,102"
2019-06-28 13:56:00.000000000,BEST_ASK,"JPM,99307,174"
2019-06-28 13:56:00.000000000,LAST_TRADE,"8,$99274.0000"
2019-06-28 13:56:00.000000000,QUERY_SPREAD,89
2019-06-28 13:56:00.000000000,BEST_BID,"JPM,99274,97"
2019-06-28 13:56:00.000000000,BEST_ASK,"JPM,99307,174"
2019-06-28 13:56:00.000000000,LAST_TRADE,"5,$99274.0000"
2019-06-28 13:56:00.000000000,QUERY_SPREAD,90
2019-06-28 13:56:00.000000000,BEST_BID,"JPM,99274,93"
2019-06-28 13:56:00.000000000,BEST_ASK,"JPM,99307,174"
2019-06-28 13:56:00.000000000,LAST_TRADE,"4,$99274.0000"
2019-06-28 13:56:00.000000000,QUERY_SPREAD,91
2019-06-28 13:56:00.000000000,BEST_BID,"JPM,99274,90"
2019-06-28 13:56:00.000000000,BEST_ASK,"JPM,99307,174"
2019-06-28 13:56:00.000000000,LAST_TRADE,"3,$99274.0000"
2019-06-28 13:56:00.000000000,QUERY_SPREAD,92
2019-06-28 13:56:00.000000000,BEST_BID,"JPM,99274,85"
2019-06-28 13:56:00.000000000,BEST_ASK,"JPM,99307,174"
2019-06-28 13:56:00.000000000,LAST_TRADE,"5,$99274.0000"
2019-06-28 13:56:00.000000000,QUERY_SPREAD,93
2019-06-28 13:56:00.000000000,BEST_BID,"JPM,99274,78"
2019-06-28 13:56:00.000000000,BEST_ASK,"JPM,99307,174"
2019-06-28 13:56:00.000000000,LAST_TRADE,"7,$99274.0000"
2019-06-28 13:56:00.000000000,QUERY_SPREAD,94
2019-06-28 13:56:00.000000000,BEST_BID,"JPM,99274,77"
2019-06-28 13:56:00.000000000,BEST_ASK,"JPM,99307,174"
2019-06-28 13:56:00.000000000,LAST_TRADE,"1,$99274.0000"
2019-06-28 13:56:00.000000000,QUERY_SPREAD,95
2019-06-28 13:56:00.000000000,BEST_BID,"JPM,99274,76"
2019-06-28 13:56:00.000000000,BEST_ASK,"JPM,99307,174"
2019-06-28 13:56:00.000000000,LAST_TRADE,"1,$99274.0000"
2019-06-28 13:56:00.000000000,QUERY_SPREAD,96
2019-06-28 13:56:00.000000000,BEST_BID,"JPM,99274,72"
2019-06-28 13:56:00.000000000,BEST_ASK,"JPM,99307,174"
2019-06-28 13:56:00.000000000,LAST_TRADE,"4,$99274.0000"
2019-06-28 13:56:00.000000000,QUERY_SPREAD,97
2019-06-28 13:56:00.000000000,BEST_BID,"JPM,99274,69"
2019-06-28 13:56:00.000000000,BEST_ASK,"JPM,99307,174"
2019-06-28 13:56:00.000000000,LAST_TRADE,"3,$99274.0000"
2019-06-28 13:56:00.000000000,QUERY_SPREAD,98
2019-06-28 13:56:00.000000000,BEST_BID,"JPM,99274,64"
2019-06-28 13:56:00.000000000,BEST_ASK,"JPM,99307,174"
2019-06-28 13:56:00.000000000,LAST_TRADE,"5,$99274.0000"
2019-06-28 13:56:00.000000000,QUERY_SPREAD,99
2019-06-28 13:56:00.000000000,BEST_BID,"JPM,99274,60"
2019-06-28 13:56:00.000000000,BEST_ASK,"JPM,99307,174"
2019-06-28 13:56:00.000000000,LAST_TRADE,"4,$99274.0000"
2019-06-28 13:56:00.000000000,QUERY_SPREAD,100
2019-06-28 13:56:00.000000000,BEST_BID,"JPM,99274,55"
2019-06-28 13:56:00.000000000,BEST_ASK,"JPM,99307,174"
2019-06-28 13:56:00.000000000,LAST_TRADE,"5,$99274.0000"
2019-06-28 13:56:00.000000000,QUERY_SPREAD,101
2019-06-28 13:56:00.000000000,BEST_BID,"JPM,99274,55"
2019-06-28 13:56:00.000000000,BEST_ASK,"JPM,99307,173"
2019-06-28 13:56:00.000000000,LAST_TRADE,"1,$99307.0000"
2019-06-28 13:56:08.313420525,QUERY_ORDER_STREAM,73
2019-06-28 13:56:08.313420525,QUERY_SPREAD,73
2019-06-28 13:56:10.000000000,QUERY_SPREAD,1
2019-06-28 13:56:10.000000000,BEST_BID,"JPM,98683,187"
2019-06-28 13:56:10.000000000,BEST_ASK,"JPM,99307,99"
2019-06-28 13:56:10.000000000,BEST_BID,"JPM,98683,187"
2019-06-28 13:56:10.000000000,BEST_ASK,"JPM,99307,99"
2019-06-28 13:56:10.000000000,BEST_BID,"JPM,98683,187"
2019-06-28 13:56:10.000000000,BEST_ASK,"JPM,99307,285"
2019-06-28 13:56:10.000000000,BEST_BID,"JPM,98683,187"
2019-06-28 13:56:10.000000000,BEST_ASK,"JPM,99307,285"
2019-06-28 13:56:16.415644146,QUERY_SPREAD,4
2019-06-28 13:56:16.415644146,BEST_BID,"JPM,98998,100"
2019-06-28 13:56:16.415644146,BEST_ASK,"JPM,99307,285"
2019-06-28 13:56:20.000000000,QUERY_SPREAD,1
2019-06-28 13:56:20.000000000,BEST_BID,"JPM,98998,226"
2019-06-28 13:56:20.000000000,BEST_ASK,"JPM,99307,99"
2019-06-28 13:56:20.000000000,BEST_BID,"JPM,98998,226"
2019-06-28 13:56:20.000000000,BEST_ASK,"JPM,99307,99"
2019-06-28 13:56:20.000000000,BEST_BID,"JPM,98998,226"
2019-06-28 13:56:20.000000000,BEST_ASK,"JPM,99307,99"
2019-06-28 13:56:20.000000000,BEST_BID,"JPM,98998,226"
2019-06-28 13:56:20.000000000,BEST_ASK,"JPM,99307,225"
2019-06-28 13:56:20.000000000,BEST_BID,"JPM,98998,226"
2019-06-28 13:56:20.000000000,BEST_ASK,"JPM,99307,225"
2019-06-28 13:56:20.000000000,BEST_BID,"JPM,98998,226"
2019-06-28 13:56:20.000000000,BEST_ASK,"JPM,99307,225"
2019-06-28 13:56:30.000000000,QUERY_SPREAD,1
2019-06-28 13:56:30.000000000,BEST_BID,"JPM,98998,471"
2019-06-28 13:56:30.000000000,BEST_ASK,"JPM,99307,99"
2019-06-28 13:56:30.000000000,BEST_BID,"JPM,98998,471"
2019-06-28 13:56:30.000000000,BEST_ASK,"JPM,99307,470"
2019-06-28 13:56:40.000000000,QUERY_SPREAD,1
2019-06-28 13:56:40.000000000,BEST_BID,"JPM,98998,174"
2019-06-28 13:56:40.000000000,BEST_ASK,"JPM,99307,99"
2019-06-28 13:56:40.000000000,BEST_BID,"JPM,98998,174"
2019-06-28 13:56:40.000000000,BEST_ASK,"JPM,99307,99"
2019-06-28 13:56:40.000000000,BEST_BID,"JPM,98998,174"
2019-06-28 13:56:40.000000000,BEST_ASK,"JPM,99307,99"
2019-06-28 13:56:40.000000000,BEST_BID,"JPM,98998,174"
2019-06-28 13:56:40.000000000,BEST_ASK,"JPM,99307,173"
2019-06-28 13:56:40.000000000,BEST_BID,"JPM,98998,174"
2019-06-28 13:56:40.000000000,BEST_ASK,"JPM,99307,173"
2019-06-28 13:56:40.000000000,BEST_BID,"JPM,98998,174"
2019-06-28 13:56:40.000000000,BEST_ASK,"JPM,99307,173"
2019-06-28 13:56:40.000000000,BEST_BID,"JPM,98998,174"
2019-06-28 13:56:40.000000000,BEST_ASK,"JPM,99307,173"
2019-06-28 13:56:40.000000000,BEST_BID,"JPM,98998,174"
2019-06-28 13:56:40.000000000,BEST_ASK,"JPM,99307,173"
2019-06-28 13:56:41.044304445,QUERY_SPREAD,39
2019-06-28 13:56:41.044304445,BEST_BID,"JPM,99126,100"
2019-06-28 13:56:41.044304445,BEST_ASK,"JPM,99307,173"
2019-06-28 13:56:47.035290075,QUERY_ORDER_STREAM,60
2019-06-28 13:56:47.035290075,QUERY_SPREAD,60
2019-06-28 13:56:47.035290075,BEST_BID,"JPM,99126,100"
2019-06-28 13:56:47.035290075,BEST_ASK,"JPM,99307,273"
2019-06-28 13:56:50.000000000,QUERY_SPREAD,1
2019-06-28 13:56:50.000000000,BEST_BID,"JPM,99126,286"
2019-06-28 13:56:50.000000000,BEST_ASK,"JPM,99307,199"
2019-06-28 13:56:50.000000000,BEST_BID,"JPM,99126,286"
2019-06-28 13:56:50.000000000,BEST_ASK,"JPM,99307,199"
2019-06-28 13:56:50.000000000,BEST_BID,"JPM,99126,286"
2019-06-28 13:56:50.000000000,BEST_ASK,"JPM,99307,385"
2019-06-28 13:56:50.000000000,BEST_BID,"JPM,99126,286"
2019-06-28 13:56:50.000000000,BEST_ASK,"JPM,99307,385"
2019-06-28 13:57:00.000000000,QUERY_SPREAD,1
2019-06-28 13:57:00.000000000,BEST_BID,"JPM,99126,226"
2019-06-28 13:57:00.000000000,BEST_ASK,"JPM,99307,199"
2019-06-28 13:57:00.000000000,BEST_BID,"JPM,99126,226"
2019-06-28 13:57:00.000000000,BEST_ASK,"JPM,99307,199"
2019-06-28 13:57:00.000000000,BEST_BID,"JPM,99126,226"
2019-06-28 13:57:00.000000000,BEST_ASK,"JPM,99307,199"
2019-06-28 13:57:00.000000000,BEST_BID,"JPM,99126,226"
2019-06-28 13:57:00.000000000,BEST_ASK,"JPM,99307,325"
2019-06-28 13:57:00.000000000,BEST_BID,"JPM,99126,226"
2019-06-28 13:57:00.000000000,BEST_ASK,"JPM,99307,325"
2019-06-28 13:57:00.000000000,BEST_BID,"JPM,99126,226"
2019-06-28 13:57:00.000000000,BEST_ASK,"JPM,99307,325"
2019-06-28 13:57:00.000000000,QUERY_SPREAD,77
2019-06-28 13:57:00.000000000,BEST_BID,"JPM,99126,221"
2019-06-28 13:57:00.000000000,BEST_ASK,"JPM,99307,325"
2019-06-28 13:57:00.000000000,LAST_TRADE,"5,$99126.0000"
2019-06-28 13:57:00.000000000,QUERY_SPREAD,78
2019-06-28 13:57:00.000000000,BEST_BID,"JPM,99126,213"
2019-06-28 13:57:00.000000000,BEST_ASK,"JPM,99307,325"
2019-06-28 13:57:00.000000000,LAST_TRADE,"8,$99126.0000"
2019-06-28 13:57:00.000000000,QUERY_SPREAD,79
2019-06-28 13:57:00.000000000,BEST_BID,"JPM,99126,208"
2019-06-28 13:57:00.000000000,BEST_ASK,"JPM,99307,325"
2019-06-28 13:57:00.000000000,LAST_TRADE,"5,$99126.0000"
2019-06-28 13:57:00.000000000,QUERY_SPREAD,80
2019-06-28 13:57:00.000000000,BEST_BID,"JPM,99126,200"
2019-06-28 13:57:00.000000000,BEST_ASK,"JPM,99307,325"
2019-06-28 13:57:00.000000000,LAST_TRADE,"8,$99126.0000"
2019-06-28 13:57:00.000000000,QUERY_SPREAD,81
2019-06-28 13:57:00.000000000,BEST_BID,"JPM,99126,191"
2019-06-28 13:57:00.000000000,BEST_ASK,"JPM,99307,325"
2019-06-28 13:57:00.000000000,LAST_TRADE,"9,$99126.0000"
2019-06-28 13:57:00.000000000,QUERY_SPREAD,82
2019-06-28 13:57:00.000000000,BEST_BID,"JPM,99126,188"
2019-06-28 13:57:00.000000000,BEST_ASK,"JPM,99307,325"
2019-06-28 13:57:00.000000000,LAST_TRADE,"3,$99126.0000"
2019-06-28 13:57:00.000000000,QUERY_SPREAD,83
2019-06-28 13:57:00.000000000,BEST_BID,"JPM,99126,180"
2019-06-28 13:57:00.000000000,BEST_ASK,"JPM,99307,325"
2019-06-28 13:57:00.000000000,LAST_TRADE,"8,$99126.0000"
2019-06-28 13:57:00.000000000,QUERY_SPREAD,84
2019-06-28 13:57:00.000000000,BEST_BID,"JPM,99126,176"
2019-06-28 13:57:00.000000000,BEST_ASK,"JPM,99307,325"
2019-06-28 13:57:00.000000000,LAST_TRADE,"4,$99126.0000"
2019-06-28 13:57:00.000000000,QUERY_SPREAD,85
2019-06-28 13:57:00.000000000,BEST_BID,"JPM,99126,171"
2019-06-28 13:57:00.000000000,BEST_ASK,"JPM,99307,325"
2019-06-28 13:57:00.000000000,LAST_TRADE,"5,$99126.0000"
2019-06-28 13:57:00.000000000,QUERY_SPREAD,86
2019-06-28 13:57:00.000000000,BEST_BID,"JPM,99126,169"
2019-06-28 13:57:00.000000000,BEST_ASK,"JPM,99307,325"
2019-06-28 13:57:00.000000000,LAST_TRADE,"2,$99126.0000"
2019-06-28 13:57:00.000000000,QUERY_SPREAD,87
2019-06-28 13:57:00.000000000,BEST_BID,"JPM,99126,162"
2019-06-28 13:57:00.000000000,BEST_ASK,"JPM,99307,325"
2019-06-28 13:57:00.000000000,LAST_TRADE,"7,$99126.0000"
2019-06-28 13:57:00.000000000,QUERY_SPREAD,88
2019-06-28 13:57:00.000000000,BEST_BID,"JPM,99126,154"
2019-06-28 13:57:00.000000000,BEST_ASK,"JPM,99307,325"
2019-06-28 13:57:00.000000000,LAST_TRADE,"8,$99126.0000"
2019-06-28 13:57:00.000000000,QUERY_SPREAD,89
2019-06-28 13:57:00.000000000,BEST_BID,"JPM,99126,149"
2019-06-28 13:57:00.000000000,BEST_ASK,"JPM,99307,325"
2019-06-28 13:57:00.000000000,LAST_TRADE,"5,$99126.0000"
2019-06-28 13:57:00.000000000,QUERY_SPREAD,90
2019-06-28 13:57:00.000000000,BEST_BID,"JPM,99126,145"
2019-06-28 13:57:00.000000000,BEST_ASK,"JPM,99307,325"
2019-06-28 13:57:00.000000000,LAST_TRADE,"4,$99126.0000"
2019-06-28 13:57:00.000000000,QUERY_SPREAD,91
2019-06-28 13:57:00.000000000,BEST_BID,"JPM,99126,142"
2019-06-28 13:57:00.000000000,BEST_ASK,"JPM,99307,325"
2019-06-28 13:57:00.000000000,LAST_TRADE,"3,$99126.0000"
2019-06-28 13:57:00.000000000,QUERY_SPREAD,92
2019-06-28 13:57:00.000000000,BEST_BID,"JPM,99126,137"
2019-06-28 13:57:00.000000000,BEST_ASK,"JPM,99307,325"
2019-06-28 13:57:00.000000000,LAST_TRADE,"5,$99126.0000"
2019-06-28 13:57:00.000000000,QUERY_SPREAD,93
2019-06-28 13:57:00.000000000,BEST_BID,"JPM,99126,130"
2019-06-28 13:57:00.000000000,BEST_ASK,"JPM,99307,325"
2019-06-28 13:57:00.000000000,LAST_TRADE,"7,$99126.0000"
2019-06-28 13:57:00.000000000,QUERY_SPREAD,94
2019-06-28 13:57:00.000000000,BEST_BID,"JPM,99126,129"
2019-06-28 13:57:00.000000000,BEST_ASK,"JPM,99307,325"
2019-06-28 13:57:00.000000000,LAST_TRADE,"1,$99126.0000"
2019-06-28 13:57:00.000000000,QUERY_SPREAD,95
2019-06-28 13:57:00.000000000,BEST_BID,"JPM,99126,128"
2019-06-28 13:57:00.000000000,BEST_ASK,"JPM,99307,325"
2019-06-28 13:57:00.000000000,LAST_TRADE,"1,$99126.0000"
2019-06-28 13:57:00.000000000,QUERY_SPREAD,96
2019-06-28 13:57:00.000000000,BEST_BID,"JPM,99126,124"
2019-06-28 13:57:00.000000000,BEST_ASK,"JPM,99307,325"
2019-06-28 13:57:00.000000000,LAST_TRADE,"4,$99126.0000"
2019-06-28 13:57:00.000000000,QUERY_SPREAD,97
2019-06-28 13:57:00.000000000,BEST_BID,"JPM,99126,121"
2019-06-28 13:57:00.000000000,BEST_ASK,"JPM,99307,325"
2019-06-28 13:57:00.000000000,LAST_TRADE,"3,$99126.0000"
2019-06-28 13:57:00.000000000,QUERY_SPREAD,98
2019-06-28 13:57:00.000000000,BEST_BID,"JPM,99126,116"
2019-06-28 13:57:00.000000000,BEST_ASK,"JPM,99307,325"
2019-06-28 13:57:00.000000000,LAST_TRADE,"5,$99126.0000"
2019-06-28 13:57:00.000000000,QUERY_SPREAD,99
2019-06-28 13:57:00.000000000,BEST_BID,"JPM,99126,112"
2019-06-28 13:57:00.000000000,BEST_ASK,"JPM,99307,325"
2019-06-28 13:57:00.000000000,LAST_TRADE,"4,$99126.0000"
2019-06-28 13:57:00.000000000,QUERY_SPREAD,100
2019-06-28 13:57:00.000000000,BEST_BID,"JPM,99126,107"
2019-06-28 13:57:00.000000000,BEST_ASK,"JPM,99307,325"
2019-06-28 13:57:00.000000000,LAST_TRADE,"5,$99126.0000"
2019-06-28 13:57:00.000000000,QUERY_SPREAD,101
2019-06-28 13:57:00.000000000,BEST_BID,"JPM,99126,107"
2019-06-28 13:57:00.000000000,BEST_ASK,"JPM,99307,324"
2019-06-28 13:57:00.000000000,LAST_TRADE,"1,$99307.0000"
2019-06-28 13:57:04.747719793,QUERY_ORDER_STREAM,59
2019-06-28 13:57:04.747719793,QUERY_SPREAD,59
2019-06-28 13:57:10.000000000,QUERY_SPREAD,1
2019-06-28 13:57:10.000000000,BEST_BID,"JPM,98998,193"
2019-06-28 13:57:10.000000000,BEST_ASK,"JPM,99307,198"
2019-06-28 13:57:10.000000000,BEST_BID,"JPM,98998,193"
2019-06-28 13:57:10.000000000,BEST_ASK,"JPM,99307,198"
2019-06-28 13:57:10.000000000,BEST_BID,"JPM,98998,193"
2019-06-28 13:57:10.000000000,BEST_ASK,"JPM,99307,198"
2019-06-28 13:57:10.000000000,BEST_BID,"JPM,98998,193"
2019-06-28 13:57:10.000000000,BEST_ASK,"JPM,99307,291"
2019-06-28 13:57:10.000000000,BEST_BID,"JPM,98998,193"
2019-06-28 13:57:10.000000000,BEST_ASK,"JPM,99307,291"
2019-06-28 13:57:10.000000000,BEST_BID,"JPM,98998,193"
2019-06-28 13:57:10.000000000,BEST_ASK,"JPM,99307,291"
2019-06-28 13:57:10.000000000,BEST_BID,"JPM,98998,193"
2019-06-28 13:57:10.000000000,BEST_ASK,"JPM,99307,291"
2019-06-28 13:57:20.000000000,QUERY_SPREAD,1
2019-06-28 13:57:20.000000000,BEST_BID,"JPM,98998,174"
2019-06-28 13:57:20.000000000,BEST_ASK,"JPM,99307,198"
2019-06-28 13:57:20.000000000,BEST_BID,"JPM,98998,174"
2019-06-28 13:57:20.000000000,BEST_ASK,"JPM,99307,198"
2019-06-28 13:57:20.000000000,BEST_BID,"JPM,98998,174"
2019-06-28 13:57:20.000000000,BEST_ASK,"JPM,99307,198"
2019-06-28 13:57:20.000000000,BEST_BID,"JPM,98998,174"
2019-06-28 13:57:20.000000000,BEST_ASK,"JPM,99307,272"
2019-06-28 13:57:20.000000000,BEST_BID,"JPM,98998,174"
2019-06-28 13:57:20.000000000,BEST_ASK,"JPM,99307,272"
2019-06-28 13:57:20.000000000,BEST_BID,"JPM,98998,174"
2019-06-28 13:57:20.000000000,BEST_ASK,"JPM,99307,272"
2019-06-28 13:57:20.000000000,BEST_BID,"JPM,98998,174"
2019-06-28 13:57:20.000000000,BEST_ASK,"JPM,99307,272"
2019-06-28 13:57:20.000000000,BEST_BID,"JPM,98998,174"
2019-06-28 13:57:20.000000000,BEST_ASK,"JPM,99307,272"
2019-06-28 13:57:21.619653487,QUERY_ORDER_STREAM,74
2019-06-28 13:57:21.619653487,QUERY_SPREAD,74
2019-06-28 13:57:21.619653487,BEST_BID,"JPM,99126,100"
2019-06-28 13:57:21.619653487,BEST_ASK,"JPM,99307,272"
2019-06-28 13:57:30.000000000,QUERY_SPREAD,1
2019-06-28 13:57:30.000000000,BEST_BID,"JPM,99126,174"
2019-06-28 13:57:30.000000000,BEST_ASK,"JPM,99307,198"
2019-06-28 13:57:30.000000000,BEST_BID,"JPM,99126,174"
2019-06-28 13:57:30.000000000,BEST_ASK,"JPM,99307,198"
2019-06-28 13:57:30.000000000,BEST_BID,"JPM,99126,174"
2019-06-28 13:57:30.000000000,BEST_ASK,"JPM,99307,198"
2019-06-28 13:57:30.000000000,BEST_BID,"JPM,99126,174"
2019-06-28 13:57:30.000000000,BEST_ASK,"JPM,99307,198"
2019-06-28 13:57:30.000000000,BEST_BID,"JPM,99126,174"
2019-06-28 13:57:30.000000000,BEST_ASK,"JPM,99307,272"
2019-06-28 13:57:30.000000000,BEST_BID,"JPM,99126,174"
2019-06-28 13:57:30.000000000,BEST_ASK,"JPM,99307,272"
2019-06-28 13:57:30.000000000,BEST_BID,"JPM,99126,174"
2019-06-28 13:57:30.000000000,BEST_ASK,"JPM,99307,272"
2019-06-28 13:57:30.000000000,BEST_BID,"JPM,99126,174"
2019-06-28 13:57:30.000000000,BEST_ASK,"JPM,99307,272"
2019-06-28 13:57:30.000000000,BEST_BID,"JPM,99126,174"
2019-06-28 13:57:30.000000000,BEST_ASK,"JPM,99307,272"
2019-06-28 13:57:40.000000000,QUERY_SPREAD,1
2019-06-28 13:57:40.000000000,BEST_BID,"JPM,99126,174"
2019-06-28 13:57:40.000000000,BEST_ASK,"JPM,99307,198"
2019-06-28 13:57:40.000000000,BEST_BID,"JPM,99126,174"
2019-06-28 13:57:40.000000000,BEST_ASK,"JPM,99307,198"
2019-06-28 13:57:40.000000000,BEST_BID,"JPM,99126,174"
2019-06-28 13:57:40.000000000,BEST_ASK,"JPM,99307,198"
2019-06-28 13:57:40.000000000,BEST_BID,"JPM,99126,174"
2019-06-28 13:57:40.000000000,BEST_ASK,"JPM,99307,198"
2019-06-28 13:57:40.000000000,BEST_BID,"JPM,99126,174"
2019-06-28 13:57:40.000000000,BEST_ASK,"JPM,99307,272"
2019-06-28 13:57:40.000000000,BEST_BID,"JPM,99126,174"
2019-06-28 13:57:40.000000000,BEST_ASK,"JPM,99307,272"
2019-06-28 13:57:40.000000000,BEST_BID,"JPM,99126,174"
2019-06-28 13:57:40.000000000,BEST_ASK,"JPM,99307,272"
2019-06-28 13:57:40.000000000,BEST_BID,"JPM,99126,174"
2019-06-28 13:57:40.000000000,BEST_ASK,"JPM,99307,272"
2019-06-28 13:57:40.000000000,BEST_BID,"JPM,99126,174"
2019-06-28 13:57:40.000000000,BEST_ASK,"JPM,99307,272"
2019-06-28 13:57:50.000000000,QUERY_SPREAD,1
2019-06-28 13:57:50.000000000,BEST_BID,"JPM,99126,193"
2019-06-28 13:57:50.000000000,BEST_ASK,"JPM,99307,198"
2019-06-28 13:57:50.000000000,BEST_BID,"JPM,99126,193"
2019-06-28 13:57:50.000000000,BEST_ASK,"JPM,99307,198"
2019-06-28 13:57:50.000000000,BEST_BID,"JPM,99126,193"
2019-06-28 13:57:50.000000000,BEST_ASK,"JPM,99307,198"
2019-06-28 13:57:50.000000000,BEST_BID,"JPM,99126,193"
2019-06-28 13:57:50.000000000,BEST_ASK,"JPM,99307,198"
2019-06-28 13:57:50.000000000,BEST_BID,"JPM,99126,193"
2019-06-28 13:57:50.000000000,BEST_ASK,"JPM,99307,291"
2019-06-28 13:57:50.000000000,BEST_BID,"JPM,99126,193"
2019-06-28 13:57:50.000000000,BEST_ASK,"JPM,99307,291"
2019-06-28 13:57:50.000000000,BEST_BID,"JPM,99126,193"
2019-06-28 13:57:50.000000000,BEST_ASK,"JPM,99307,291"
2019-06-28 13:57:50.000000000,BEST_BID,"JPM,99126,193"
2019-06-28 13:57:50.000000000,BEST_ASK,"JPM,99307,291"
2019-06-28 13:58:00.000000000,QUERY_SPREAD,1
2019-06-28 13:58:00.000000000,BEST_BID,"JPM,99126,471"
2019-06-28 13:58:00.000000000,BEST_ASK,"JPM,99307,198"
2019-06-28 13:58:00.000000000,BEST_BID,"JPM,99126,471"
2019-06-28 13:58:00.000000000,BEST_ASK,"JPM,99307,569"
2019-06-28 13:58:00.000000000,QUERY_SPREAD,77
2019-06-28 13:58:00.000000000,BEST_BID,"JPM,99126,466"
2019-06-28 13:58:00.000000000,BEST_ASK,"JPM,99307,569"
2019-06-28 13:58:00.000000000,LAST_TRADE,"5,$99126.0000"
2019-06-28 13:58:00.000000000,QUERY_SPREAD,78
2019-06-28 13:58:00.000000000,BEST_BID,"JPM,99126,458"
2019-06-28 13:58:00.000000000,BEST_ASK,"JPM,99307,569"
2019-06-28 13:58:00.000000000,LAST_TRADE,"8,$99126.0000"
2019-06-28 13:58:00.000000000,QUERY_SPREAD,79
2019-06-28 13:58:00.000000000,BEST_BID,"JPM,99126,453"
2019-06-28 13:58:00.000000000,BEST_ASK,"JPM,99307,569"
2019-06-28 13:58:00.000000000,LAST_TRADE,"5,$99126.0000"
2019-06-28 13:58:00.000000000,QUERY_SPREAD,80
2019-06-28 13:58:00.000000000,BEST_BID,"JPM,99126,445"
2019-06-28 13:58:00.000000000,BEST_ASK,"JPM,99307,569"
2019-06-28 13:58:00.000000000,LAST_TRADE,"8,$99126.0000"
2019-06-28 13:58:00.000000000,QUERY_SPREAD,81
2019-06-28 13:58:00.000000000,BEST_BID,"JPM,99126,436"
2019-06-28 13:58:00.000000000,BEST_ASK,"JPM,99307,569"
2019-06-28 13:58:00.000000000,LAST_TRADE,"9,$99126.0000"
2019-06-28 13:58:00.000000000,QUERY_SPREAD,82
2019-06-28 13:58:00.000000000,BEST_BID,"JPM,99126,433"
2019-06-28 13:58:00.000000000,BEST_ASK,"JPM,99307,569"
2019-06-28 13:58:00.000000000,LAST_TRADE,"3,$99126.0000"
2019-06-28 13:58:00.000000000,QUERY_SPREAD,83
2019-06-28 13:58:00.000000000,BEST_BID,"JPM,99126,425"
2019-06-28 13:58:00.000000000,BEST_ASK,"JPM,99307,569"
2019-06-28 13:58:00.000000000,LAST_TRADE,"8,$99126.0000"
2019-06-28 13:58:00.000000000,QUERY_SPREAD,84
2019-06-28 13:58:00.000000000,BEST_BID,"JPM,99126,421"
2019-06-28 13:58:00.000000000,BEST_ASK,"JPM,99307,569"
2019-06-28 13:58:00.000000000,LAST_TRADE,"4,$99126.0000"
2019-06-28 13:58:00.000000000,QUERY_SPREAD,85
2019-06-28 13:58:00.000000000,BEST_BID,"JPM,99126,416"
2019-06-28 13:58:00.000000000,BEST_ASK,"JPM,99307,569"
2019-06-28 13:58:00.000000000,LAST_TRADE,"5,$99126.0000"
2019-06-28 13:58:00.000000000,QUERY_SPREAD,86
2019-06-28 13:58:00.000000000,BEST_BID,"JPM,99126,414"
2019-06-28 13:58:00.000000000,BEST_ASK,"JPM,99307,569"
2019-06-28 13:58:00.000000000,LAST_TRADE,"2,$99126.0000"
2019-06-28 13:58:00.000000000,QUERY_SPREAD,87
2019-06-28 13:58:00.000000000,BEST_BID,"JPM,99126,407"
2019-06-28 13:58:00.000000000,BEST_ASK,"JPM,99307,569"
2019-06-28 13:58:00.000000000,LAST_TRADE,"7,$99126.0000"
2019-06-28 13:58:00.000000000,QUERY_SPREAD,88
2019-06-28 13:58:00.000000000,BEST_BID,"JPM,99126,399"
2019-06-28 13:58:00.000000000,BEST_ASK,"JPM,99307,569"
2019-06-28 13:58:00.000000000,LAST_TRADE,"8,$99126.0000"
2019-06-28 13:58:00.000000000,QUERY_SPREAD,89
2019-06-28 13:58:00.000000000,BEST_BID,"JPM,99126,394"
2019-06-28 13:58:00.000000000,BEST_ASK,"JPM,99307,569"
2019-06-28 13:58:00.000000000,LAST_TRADE,"5,$99126.0000"
2019-06-28 13:58:00.000000000,QUERY_SPREAD,90
2019-06-28 13:58:00.000000000,BEST_BID,"JPM,99126,390"
2019-06-28 13:58:00.000000000,BEST_ASK,"JPM,99307,569"
2019-06-28 13:58:00.000000000,LAST_TRADE,"4,$99126.0000"
2019-06-28 13:58:00.000000000,QUERY_SPREAD,91
2019-06-28 13:58:00.000000000,BEST_BID,"JPM,99126,387"
2019-06-28 13:58:00.000000000,BEST_ASK,"JPM,99307,569"
2019-06-28 13:58:00.000000000,LAST_TRADE,"3,$99126.0000"
2019-06-28 13:58:00.000000000,QUERY_SPREAD,92
2019-06-28 13:58:00.000000000,BEST_BID,"JPM,99126,382"
2019-06-28 13:58:00.000000000,BEST_ASK,"JPM,99307,569"
2019-06-28 13:58:00.000000000,LAST_TRADE,"5,$99126.0000"
2019-06-28 13:58:00.000000000,QUERY_SPREAD,93
2019-06-28 13:58:00.000000000,BEST_BID,"JPM,99126,375"
2019-06-28 13:58:00.000000000,BEST_ASK,"JPM,99307,569"
2019-06-28 13:58:00.000000000,LAST_TRADE,"7,$99126.0000"
2019-06-28 13:58:00.000000000,QUERY_SPREAD,94
2019-06-28 13:58:00.000000000,BEST_BID,"JPM,99126,374"
2019-06-28 13:58:00.000000000,BEST_ASK,"JPM,99307,569"
2019-06-28 13:58:00.000000000,LAST_TRADE,"1,$99126.0000"
2019-06-28 13:58:00.000000000,QUERY_SPREAD,95
2019-06-28 13:58:00.000000000,BEST_BID,"JPM,99126,373"
2019-06-28 13:58:00.000000000,BEST_ASK,"JPM,99307,569"
2019-06-28 13:58:00.000000000,LAST_TRADE,"1,$99126.0000"
2019-06-28 13:58:00.000000000,QUERY_SPREAD,96
2019-06-28 13:58:00.000000000,BEST_BID,"JPM,99126,369"
2019-06-28 13:58:00.000000000,BEST_ASK,"JPM,99307,569"
2019-06-28 13:58:00.000000000,LAST_TRADE,"4,$99126.0000"
2019-06-28 13:58:00.000000000,QUERY_SPREAD,97
2019-06-28 13:58:00.000000000,BEST_BID,"JPM,99126,366"
2019-06-28 13:58:00.000000000,BEST_ASK,"JPM,99307,569"
2019-06-28 13:58:00.000000000,LAST_TRADE,"3,$99126.0000"
2019-06-28 13:58:00.000000000,QUERY_SPREAD,98
2019-06-28 13:58:00.000000000,BEST_BID,"JPM,99126,361"
2019-06-28 13:58:00.000000000,BEST_ASK,"JPM,99307,569"
2019-06-28 13:58:00.000000000,LAST_TRADE,"5,$99126.0000"
2019-06-28 13:58:00.000000000,QUERY_SPREAD,99
2019-06-28 13:58:00.000000000,BEST_BID,"JPM,99126,357"
2019-06-28 13:58:00.000000000,BEST_ASK,"JPM,99307,569"
2019-06-28 13:58:00.000000000,LAST_TRADE,"4,$99126.0000"
2019-06-28 13:58:00.000000000,QUERY_SPREAD,100
2019-06-28 13:58:00.000000000,BEST_BID,"JPM,99126,352"
2019-06-28 13:58:00.000000000,BEST_ASK,"JPM,99307,569"
2019-06-28 13:58:00.000000000,LAST_TRADE,"5,$99126.0000"
2019-06-28 13:58:00.000000000,QUERY_SPREAD,101
2019-06-28 13:58:00.000000000,BEST_BID,"JPM,99126,352"
2019-06-28 13:58:00.000000000,BEST_ASK,"JPM,99307,568"
2019-06-28 13:58:00.000000000,LAST_TRADE,"1,$99307.0000"
2019-06-28 13:58:04.074087133,QUERY_SPREAD,20
2019-06-28 13:58:04.074087133,BEST_BID,"JPM,99126,352"
2019-06-28 13:58:04.074087133,BEST_ASK,"JPM,99230,100"
2019-06-28 13:58:10.000000000,QUERY_SPREAD,1
2019-06-28 13:58:10.000000000,BEST_BID,"JPM,98998,286"
2019-06-28 13:58:10.000000000,BEST_ASK,"JPM,99230,100"
2019-06-28 13:58:10.000000000,BEST_BID,"JPM,98998,286"
2019-06-28 13:58:10.000000000,BEST_ASK,"JPM,99230,100"
2019-06-28 13:58:10.000000000,BEST_BID,"JPM,98998,286"
2019-06-28 13:58:10.000000000,BEST_ASK,"JPM,99230,286"
2019-06-28 13:58:10.000000000,BEST_BID,"JPM,98998,286"
2019-06-28 13:58:10.000000000,BEST_ASK,"JPM,99230,286"
2019-06-28 13:58:20.000000000,QUERY_SPREAD,1
2019-06-28 13:58:20.000000000,BEST_BID,"JPM,98998,174"
2019-06-28 13:58:20.000000000,BEST_ASK,"JPM,99230,100"
2019-06-28 13:58:20.000000000,BEST_BID,"JPM,98998,174"
2019-06-28 13:58:20.000000000,BEST_ASK,"JPM,99230,100"
2019-06-28 13:58:20.000000000,BEST_BID,"JPM,98998,174"
2019-06-28 13:58:20.000000000,BEST_ASK,"JPM,99230,100"
2019-06-28 13:58:20.000000000,BEST_BID,"JPM,98998,174"
2019-06-28 13:58:20.000000000,BEST_ASK,"JPM,99230,174"
2019-06-28 13:58:20.000000000,BEST_BID,"JPM,98998,174"
2019-06-28 13:58:20.000000000,BEST_ASK,"JPM,99230,174"
2019-06-28 13:58:20.000000000,BEST_BID,"JPM,98998,174"
2019-06-28 13:58:20.000000000,BEST_ASK,"JPM,99230,174"
2019-06-28 13:58:20.000000000,BEST_BID,"JPM,98998,174"
2019-06-28 13:58:20.000000000,BEST_ASK,"JPM,99230,174"
2019-06-28 13:58:20.000000000,BEST_BID,"JPM,98998,174"
2019-06-28 13:58:20.000000000,BEST_ASK,"JPM,99230,174"
2019-06-28 13:58:30.000000000,QUERY_SPREAD,1
2019-06-28 13:58:30.000000000,BEST_BID,"JPM,98998,174"
2019-06-28 13:58:30.000000000,BEST_ASK,"JPM,99230,100"
2019-06-28 13:58:30.000000000,BEST_BID,"JPM,98998,174"
2019-06-28 13:58:30.000000000,BEST_ASK,"JPM,99230,100"
2019-06-28 13:58:30.000000000,BEST_BID,"JPM,98998,174"
2019-06-28 13:58:30.000000000,BEST_ASK,"JPM,99230,100"
2019-06-28 13:58:30.000000000,BEST_BID,"JPM,98998,174"
2019-06-28 13:58:30.000000000,BEST_ASK,"JPM,99230,174"
2019-06-28 13:58:30.000000000,BEST_BID,"JPM,98998,174"
2019-06-28 13:58:30.000000000,BEST_ASK,"JPM,99230,174"
2019-06-28 13:58:30.000000000,BEST_BID,"JPM,98998,174"
2019-06-28 13:58:30.000000000,BEST_ASK,"JPM,99230,174"
2019-06-28 13:58:30.000000000,BEST_BID,"JPM,98998,174"
2019-06-28 13:58:30.000000000,BEST_ASK,"JPM,99230,174"
2019-06-28 13:58:30.000000000,BEST_BID,"JPM,98998,174"
2019-06-28 13:58:30.000000000,BEST_ASK,"JPM,99230,174"
2019-06-28 13:58:40.000000000,QUERY_SPREAD,1
2019-06-28 13:58:40.000000000,BEST_BID,"JPM,98998,471"
2019-06-28 13:58:40.000000000,BEST_ASK,"JPM,99230,100"
2019-06-28 13:58:40.000000000,BEST_BID,"JPM,98998,471"
2019-06-28 13:58:40.000000000,BEST_ASK,"JPM,99230,471"
2019-06-28 13:58:40.178120924,QUERY_ORDER_STREAM,52
2019-06-28 13:58:40.178120924,QUERY_SPREAD,52
2019-06-28 13:58:40.178120924,BEST_BID,"JPM,98998,471"
2019-06-28 13:58:40.178120924,BEST_ASK,"JPM,99230,471"
2019-06-28 13:58:50.000000000,QUERY_SPREAD,1
2019-06-28 13:58:50.000000000,BEST_BID,"JPM,98998,193"
2019-06-28 13:58:50.000000000,BEST_ASK,"JPM,99230,100"
2019-06-28 13:58:50.000000000,BEST_BID,"JPM,98998,193"
2019-06-28 13:58:50.000000000,BEST_ASK,"JPM,99230,100"
2019-06-28 13:58:50.000000000,BEST_BID,"JPM,98998,193"
2019-06-28 13:58:50.000000000,BEST_ASK,"JPM,99230,100"
2019-06-28 13:58:50.000000000,BEST_BID,"JPM,98998,193"
2019-06-28 13:58:50.000000000,BEST_ASK,"JPM,99230,193"
2019-06-28 13:58:50.000000000,BEST_BID,"JPM,98998,193"
2019-06-28 13:58:50.000000000,BEST_ASK,"JPM,99230,193"
2019-06-28 13:58:50.000000000,BEST_BID,"JPM,98998,193"
2019-06-28 13:58:50.000000000,BEST_ASK,"JPM,99230,193"
2019-06-28 13:58:50.000000000,BEST_BID,"JPM,98998,193"
2019-06-28 13:58:50.000000000,BEST_ASK,"JPM,99230,193"
2019-06-28 13:59:00.000000000,QUERY_SPREAD,1
2019-06-28 13:59:00.000000000,BEST_BID,"JPM,98998,471"
2019-06-28 13:59:00.000000000,BEST_ASK,"JPM,99230,100"
2019-06-28 13:59:00.000000000,BEST_BID,"JPM,98998,471"
2019-06-28 13:59:00.000000000,BEST_ASK,"JPM,99230,471"
2019-06-28 13:59:00.000000000,QUERY_SPREAD,77
2019-06-28 13:59:00.000000000,BEST_BID,"JPM,98998,466"
2019-06-28 13:59:00.000000000,BEST_ASK,"JPM,99230,471"
2019-06-28 13:59:00.000000000,LAST_TRADE,"5,$98998.0000"
2019-06-28 13:59:00.000000000,QUERY_SPREAD,78
2019-06-28 13:59:00.000000000,BEST_BID,"JPM,98998,458"
2019-06-28 13:59:00.000000000,BEST_ASK,"JPM,99230,471"
2019-06-28 13:59:00.000000000,LAST_TRADE,"8,$98998.0000"
2019-06-28 13:59:00.000000000,QUERY_SPREAD,79
2019-06-28 13:59:00.000000000,BEST_BID,"JPM,98998,453"
2019-06-28 13:59:00.000000000,BEST_ASK,"JPM,99230,471"
2019-06-28 13:59:00.000000000,LAST_TRADE,"5,$98998.0000"
2019-06-28 13:59:00.000000000,QUERY_SPREAD,80
2019-06-28 13:59:00.000000000,BEST_BID,"JPM,98998,445"
2019-06-28 13:59:00.000000000,BEST_ASK,"JPM,99230,471"
2019-06-28 13:59:00.000000000,LAST_TRADE,"8,$98998.0000"
2019-06-28 13:59:00.000000000,QUERY_SPREAD,81
2019-06-28 13:59:00.000000000,BEST_BID,"JPM,98998,436"
2019-06-28 13:59:00.000000000,BEST_ASK,"JPM,99230,471"
2019-06-28 13:59:00.000000000,LAST_TRADE,"9,$98998.0000"
2019-06-28 13:59:00.000000000,QUERY_SPREAD,82
2019-06-28 13:59:00.000000000,BEST_BID,"JPM,98998,433"
2019-06-28 13:59:00.000000000,BEST_ASK,"JPM,99230,471"
2019-06-28 13:59:00.000000000,LAST_TRADE,"3,$98998.0000"
2019-06-28 13:59:00.000000000,QUERY_SPREAD,83
2019-06-28 13:59:00.000000000,BEST_BID,"JPM,98998,425"
2019-06-28 13:59:00.000000000,BEST_ASK,"JPM,99230,471"
2019-06-28 13:59:00.000000000,LAST_TRADE,"8,$98998.0000"
2019-06-28 13:59:00.000000000,QUERY_SPREAD,84
2019-06-28 13:59:00.000000000,BEST_BID,"JPM,98998,421"
2019-06-28 13:59:00.000000000,BEST_ASK,"JPM,99230,471"
2019-06-28 13:59:00.000000000,LAST_TRADE,"4,$98998.0000"
2019-06-28 13:59:00.000000000,QUERY_SPREAD,85
2019-06-28 13:59:00.000000000,BEST_BID,"JPM,98998,416"
2019-06-28 13:59:00.000000000,BEST_ASK,"JPM,99230,471"
2019-06-28 13:59:00.000000000,LAST_TRADE,"5,$98998.0000"
2019-06-28 13:59:00.000000000,QUERY_SPREAD,86
2019-06-28 13:59:00.000000000,BEST_BID,"JPM,98998,414"
2019-06-28 13:59:00.000000000,BEST_ASK,"JPM,99230,471"
2019-06-28 13:59:00.000000000,LAST_TRADE,"2,$98998.0000"
2019-06-28 13:59:00.000000000,QUERY_SPREAD,87
2019-06-28 13:59:00.000000000,BEST_BID,"JPM,98998,407"
2019-06-28 13:59:00.000000000,BEST_ASK,"JPM,99230,471"
2019-06-28 13:59:00.000000000,LAST_TRADE,"7,$98998.0000"
2019-06-28 13:59:00.000000000,QUERY_SPREAD,88
2019-06-28 13:59:00.000000000,BEST_BID,"JPM,98998,399"
2019-06-28 13:59:00.000000000,BEST_ASK,"JPM,99230,471"
2019-06-28 13:59:00.000000000,LAST_TRADE,"8,$98998.0000"
2019-06-28 13:59:00.000000000,QUERY_SPREAD,89
2019-06-28 13:59:00.000000000,BEST_BID,"JPM,98998,394"
2019-06-28 13:59:00.000000000,BEST_ASK,"JPM,99230,471"
2019-06-28 13:59:00.000000000,LAST_TRADE,"5,$98998.0000"
2019-06-28 13:59:00.000000000,QUERY_SPREAD,90
2019-06-28 13:59:00.000000000,BEST_BID,"JPM,98998,390"
2019-06-28 13:59:00.000000000,BEST_ASK,"JPM,99230,471"
2019-06-28 13:59:00.000000000,LAST_TRADE,"4,$98998.0000"
2019-06-28 13:59:00.000000000,QUERY_SPREAD,91
2019-06-28 13:59:00.000000000,BEST_BID,"JPM,98998,387"
2019-06-28 13:59:00.000000000,BEST_ASK,"JPM,99230,471"
2019-06-28 13:59:00.000000000,LAST_TRADE,"3,$98998.0000"
2019-06-28 13:59:00.000000000,QUERY_SPREAD,92
2019-06-28 13:59:00.000000000,BEST_BID,"JPM,98998,382"
2019-06-28 13:59:00.000000000,BEST_ASK,"JPM,99230,471"
2019-06-28 13:59:00.000000000,LAST_TRADE,"5,$98998.0000"
2019-06-28 13:59:00.000000000,QUERY_SPREAD,93
2019-06-28 13:59:00.000000000,BEST_BID,"JPM,98998,375"
2019-06-28 13:59:00.000000000,BEST_ASK,"JPM,99230,471"
2019-06-28 13:59:00.000000000,LAST_TRADE,"7,$98998.0000"
2019-06-28 13:59:00.000000000,QUERY_SPREAD,94
2019-06-28 13:59:00.000000000,BEST_BID,"JPM,98998,374"
2019-06-28 13:59:00.000000000,BEST_ASK,"JPM,99230,471"
2019-06-28 13:59:00.000000000,LAST_TRADE,"1,$98998.0000"
2019-06-28 13:59:00.000000000,QUERY_SPREAD,95
2019-06-28 13:59:00.000000000,BEST_BID,"JPM,98998,373"
2019-06-28 13:59:00.000000000,BEST_ASK,"JPM,99230,471"
2019-06-28 13:59:00.000000000,LAST_TRADE,"1,$98998.0000"
2019-06-28 13:59:00.000000000,QUERY_SPREAD,96
2019-06-28 13:59:00.000000000,BEST_BID,"JPM,98998,369"
2019-06-28 13:59:00.000000000,BEST_ASK,"JPM,99230,471"
2019-06-28 13:59:00.000000000,LAST_TRADE,"4,$98998.0000"
2019-06-28 13:59:00.000000000,QUERY_SPREAD,97
2019-06-28 13:59:00.000000000,BEST_BID,"JPM,98998,366"
2019-06-28 13:59:00.000000000,BEST_ASK,"JPM,99230,471"
2019-06-28 13:59:00.000000000,LAST_TRADE,"3,$98998.0000"
2019-06-28 13:59:00.000000000,QUERY_SPREAD,98
2019-06-28 13:59:00.000000000,BEST_BID,"JPM,98998,361"
2019-06-28 13:59:00.000000000,BEST_ASK,"JPM,99230,471"
2019-06-28 13:59:00.000000000,LAST_TRADE,"5,$98998.0000"
2019-06-28 13:59:00.000000000,QUERY_SPREAD,99
2019-06-28 13:59:00.000000000,BEST_BID,"JPM,98998,357"
2019-06-28 13:59:00.000000000,BEST_ASK,"JPM,99230,471"
2019-06-28 13:59:00.000000000,LAST_TRADE,"4,$98998.0000"
2019-06-28 13:59:00.000000000,QUERY_SPREAD,100
2019-06-28 13:59:00.000000000,BEST_BID,"JPM,98998,352"
2019-06-28 13:59:00.000000000,BEST_ASK,"JPM,99230,471"
2019-06-28 13:59:00.000000000,LAST_TRADE,"5,$98998.0000"
2019-06-28 13:59:00.000000000,QUERY_SPREAD,101
2019-06-28 13:59:00.000000000,BEST_BID,"JPM,98998,352"
2019-06-28 13:59:00.000000000,BEST_ASK,"JPM,99230,470"
2019-06-28 13:59:00.000000000,LAST_TRADE,"1,$99230.0000"
2019-06-28 13:59:10.000000000,QUERY_SPREAD,1
2019-06-28 13:59:10.000000000,BEST_BID,"JPM,98683,75"
2019-06-28 13:59:10.000000000,BEST_ASK,"JPM,99230,99"
2019-06-28 13:59:10.000000000,BEST_BID,"JPM,98683,75"
2019-06-28 13:59:10.000000000,BEST_ASK,"JPM,99230,99"
2019-06-28 13:59:10.000000000,BEST_BID,"JPM,98683,75"
2019-06-28 13:59:10.000000000,BEST_ASK,"JPM,99230,173"
2019-06-28 13:59:10.000000000,BEST_BID,"JPM,98683,75"
2019-06-28 13:59:10.000000000,BEST_ASK,"JPM,99230,173"
2019-06-28 13:59:10.000000000,BEST_BID,"JPM,98683,75"
2019-06-28 13:59:10.000000000,BEST_ASK,"JPM,99230,173"
2019-06-28 13:59:10.000000000,BEST_BID,"JPM,98683,75"
2019-06-28 13:59:10.000000000,BEST_ASK,"JPM,99230,173"
2019-06-28 13:59:10.000000000,BEST_BID,"JPM,98683,75"
2019-06-28 13:59:10.000000000,BEST_ASK,"JPM,99230,173"
2019-06-28 13:59:20.000000000,QUERY_SPREAD,1
2019-06-28 13:59:20.000000000,BEST_BID,"JPM,98683,127"
2019-06-28 13:59:20.000000000,BEST_ASK,"JPM,99230,99"
2019-06-28 13:59:20.000000000,BEST_BID,"JPM,98683,127"
2019-06-28 13:59:20.000000000,BEST_ASK,"JPM,99230,99"
2019-06-28 13:59:20.000000000,BEST_BID,"JPM,98683,127"
2019-06-28 13:59:20.000000000,BEST_ASK,"JPM,99230,225"
2019-06-28 13:59:20.000000000,BEST_BID,"JPM,98683,127"
2019-06-28 13:59:20.000000000,BEST_ASK,"JPM,99230,225"
2019-06-28 13:59:20.000000000,BEST_BID,"JPM,98683,127"
2019-06-28 13:59:20.000000000,BEST_ASK,"JPM,99230,225"
2019-06-28 13:59:30.000000000,QUERY_SPREAD,1
2019-06-28 13:59:30.000000000,BEST_BID,"JPM,98683,372"
2019-06-28 13:59:30.000000000,BEST_ASK,"JPM,99230,99"
2019-06-28 13:59:30.000000000,BEST_BID,"JPM,98683,372"
2019-06-28 13:59:30.000000000,BEST_ASK,"JPM,99230,470"
2019-06-28 13:59:36.321650573,QUERY_SPREAD,26
2019-06-28 13:59:36.321650573,BEST_BID,"JPM,98683,272"
2019-06-28 13:59:36.321650573,BEST_ASK,"JPM,99230,470"
2019-06-28 13:59:36.321650573,LAST_TRADE,"100,$98683.0000"
2019-06-28 13:59:40.000000000,QUERY_SPREAD,1
2019-06-28 13:59:49.326926243,QUERY_SPREAD,36
2019-06-28 13:59:49.326926243,BEST_ASK,"JPM,97896,100"
2019-06-28 13:59:50.000000000,QUERY_SPREAD,1
2019-06-28 13:59:56.499451490,QUERY_SPREAD,42
2019-06-28 13:59:56.499451490,BEST_ASK,"JPM,99230,99"
2019-06-28 13:59:56.499451490,LAST_TRADE,"100,$97896.0000"
2019-06-28 14:00:00.000000000,QUERY_SPREAD,1
2019-06-28 14:00:00.000000000,QUERY_SPREAD,77
2019-06-28 14:00:00.000000000,QUERY_SPREAD,78
2019-06-28 14:00:00.000000000,QUERY_SPREAD,79
2019-06-28 14:00:00.000000000,QUERY_SPREAD,80
2019-06-28 14:00:00.000000000,QUERY_SPREAD,81
2019-06-28 14:00:00.000000000,QUERY_SPREAD,82
2019-06-28 14:00:00.000000000,QUERY_SPREAD,83
2019-06-28 14:00:00.000000000,QUERY_SPREAD,84
2019-06-28 14:00:00.000000000,QUERY_SPREAD,85
2019-06-28 14:00:00.000000000,QUERY_SPREAD,86
2019-06-28 14:00:00.000000000,QUERY_SPREAD,87
2019-06-28 14:00:00.000000000,QUERY_SPREAD,88
2019-06-28 14:00:00.000000000,QUERY_SPREAD,89
2019-06-28 14:00:00.000000000,QUERY_SPREAD,90
2019-06-28 14:00:00.000000000,QUERY_SPREAD,91
2019-06-28 14:00:00.000000000,QUERY_SPREAD,92
2019-06-28 14:00:00.000000000,QUERY_SPREAD,93
2019-06-28 14:00:00.000000000,QUERY_SPREAD,94
2019-06-28 14:00:00.000000000,QUERY_SPREAD,95
2019-06-28 14:00:00.000000000,QUERY_SPREAD,96
2019-06-28 14:00:00.000000000,QUERY_SPREAD,97
2019-06-28 14:00:00.000000000,QUERY_SPREAD,98
2019-06-28 14:00:00.000000000,QUERY_SPREAD,99
2019-06-28 14:00:00.000000000,QUERY_SPREAD,100
2019-06-28 14:00:00.000000000,QUERY_SPREAD,101
2019-06-28 14:00:10.000000000,QUERY_SPREAD,1
2019-06-28 14:00:20.000000000,QUERY_SPREAD,1
2019-06-28 14:00:28.121159684,QUERY_SPREAD,2
2019-06-28 14:00:28.121159684,BEST_ASK,"JPM,98270,100"
2019-06-28 14:00:30.000000000,QUERY_SPREAD,1
2019-06-28 14:00:34.541470127,QUERY_SPREAD,50
2019-06-28 14:00:34.541470127,BEST_BID,"JPM,98016,100"
2019-06-28 14:00:34.541470127,BEST_ASK,"JPM,98270,100"
2019-06-28 14:00:40.000000000,QUERY_SPREAD,1
2019-06-28 14:00:40.000000000,BEST_BID,"JPM,98016,174"
2019-06-28 14:00:40.000000000,BEST_ASK,"JPM,98270,100"
2019-06-28 14:00:40.000000000,BEST_BID,"JPM,98016,174"
2019-06-28 14:00:40.000000000,BEST_ASK,"JPM,98270,100"
2019-06-28 14:00:40.000000000,BEST_BID,"JPM,98016,174"
2019-06-28 14:00:40.000000000,BEST_ASK,"JPM,98270,174"
2019-06-28 14:00:40.000000000,BEST_BID,"JPM,98016,174"
2019-06-28 14:00:40.000000000,BEST_ASK,"JPM,98270,174"
2019-06-28 14:00:40.000000000,BEST_BID,"JPM,98016,174"
2019-06-28 14:00:40.000000000,BEST_ASK,"JPM,98270,174"
2019-06-28 14:00:40.000000000,BEST_BID,"JPM,98016,174"
2019-06-28 14:00:40.000000000,BEST_ASK,"JPM,98270,174"
2019-06-28 14:00:40.000000000,BEST_BID,"JPM,98016,174"
2019-06-28 14:00:40.000000000,BEST_ASK,"JPM,98270,174"
2019-06-28 14:00:50.000000000,QUERY_SPREAD,1
2019-06-28 14:00:50.000000000,BEST_BID,"JPM,98016,174"
2019-06-28 14:00:50.000000000,BEST_ASK,"JPM,98270,100"
2019-06-28 14:00:50.000000000,BEST_BID,"JPM,98016,174"
2019-06-28 14:00:50.000000000,BEST_ASK,"JPM,98270,100"
2019-06-28 14:00:50.000000000,BEST_BID,"JPM,98016,174"
2019-06-28 14:00:50.000000000,BEST_ASK,"JPM,98270,174"
2019-06-28 14:00:50.000000000,BEST_BID,"JPM,98016,174"
2019-06-28 14:00:50.000000000,BEST_ASK,"JPM,98270,174"
2019-06-28 14:00:50.000000000,BEST_BID,"JPM,98016,174"
2019-06-28 14:00:50.000000000,BEST_ASK,"JPM,98270,174"
2019-06-28 14:00:50.000000000,BEST_BID,"JPM,98016,174"
2019-06-28 14:00:50.000000000,BEST_ASK,"JPM,98270,174"
2019-06-28 14:00:50.000000000,BEST_BID,"JPM,98016,174"
2019-06-28 14:00:50.000000000,BEST_ASK,"JPM,98270,174"
2019-06-28 14:01:00.000000000,QUERY_SPREAD,1
2019-06-28 14:01:00.000000000,BEST_BID,"JPM,98016,286"
2019-06-28 14:01:00.000000000,BEST_ASK,"JPM,98270,100"
2019-06-28 14:01:00.000000000,BEST_BID,"JPM,98016,286"
2019-06-28 14:01:00.000000000,BEST_ASK,"JPM,98270,100"
2019-06-28 14:01:00.000000000,BEST_BID,"JPM,98016,286"
2019-06-28 14:01:00.000000000,BEST_ASK,"JPM,98270,286"
2019-06-28 14:01:00.000000000,BEST_BID,"JPM,98016,286"
2019-06-28 14:01:00.000000000,BEST_ASK,"JPM,98270,286"
2019-06-28 14:01:00.000000000,QUERY_SPREAD,77
2019-06-28 14:01:00.000000000,BEST_BID,"JPM,98016,281"
2019-06-28 14:01:00.000000000,BEST_ASK,"JPM,98270,286"
2019-06-28 14:01:00.000000000,LAST_TRADE,"5,$98016.0000"
2019-06-28 14:01:00.000000000,QUERY_SPREAD,78
2019-06-28 14:01:00.000000000,BEST_BID,"JPM,98016,273"
2019-06-28 14:01:00.000000000,BEST_ASK,"JPM,98270,286"
2019-06-28 14:01:00.000000000,LAST_TRADE,"8,$98016.0000"
2019-06-28 14:01:00.000000000,QUERY_SPREAD,79
2019-06-28 14:01:00.000000000,BEST_BID,"JPM,98016,268"
2019-06-28 14:01:00.000000000,BEST_ASK,"JPM,98270,286"
2019-06-28 14:01:00.000000000,LAST_TRADE,"5,$98016.0000"
2019-06-28 14:01:00.000000000,QUERY_SPREAD,80
2019-06-28 14:01:00.000000000,BEST_BID,"JPM,98016,260"
2019-06-28 14:01:00.000000000,BEST_ASK,"JPM,98270,286"
2019-06-28 14:01:00.000000000,LAST_TRADE,"8,$98016.0000"
2019-06-28 14:01:00.000000000,QUERY_SPREAD,81
2019-06-28 14:01:00.000000000,BEST_BID,"JPM,98016,251"
2019-06-28 14:01:00.000000000,BEST_ASK,"JPM,98270,286"
2019-06-28 14:01:00.000000000,LAST_TRADE,"9,$98016.0000"
2019-06-28 14:01:00.000000000,QUERY_SPREAD,82
2019-06-28 14:01:00.000000000,BEST_BID,"JPM,98016,248"
2019-06-28 14:01:00.000000000,BEST_ASK,"JPM,98270,286"
2019-06-28 14:01:00.000000000,LAST_TRADE,"3,$98016.0000"
2019-06-28 14:01:00.000000000,QUERY_SPREAD,83
2019-06-28 14:01:00.000000000,BEST_BID,"JPM,98016,240"
2019-06-28 14:01:00.000000000,BEST_ASK,"JPM,98270,286"
2019-06-28 14:01:00.000000000,LAST_TRADE,"8,$98016.0000"
2019-06-28 14:01:00.000000000,QUERY_SPREAD,84
2019-06-28 14:01:00.000000000,BEST_BID,"JPM,98016,236"
2019-06-28 14:01:00.000000000,BEST_ASK,"JPM,98270,286"
2019-06-28 14:01:00.000000000,LAST_TRADE,"4,$98016.0000"
2019-06-28 14:01:00.000000000,QUERY_SPREAD,85
2019-06-28 14:01:00.000000000,BEST_BID,"JPM,98016,231"
2019-06-28 14:01:00.000000000,BEST_ASK,"JPM,98270,286"
2019-06-28 14:01:00.000000000,LAST_TRADE,"5,$98016.0000"
2019-06-28 14:01:00.000000000,QUERY_SPREAD,86
2019-06-28 14:01:00.000000000,BEST_BID,"JPM,98016,229"
2019-06-28 14:01:00.000000000,BEST_ASK,"JPM,98270,286"
2019-06-28 14:01:00.000000000,LAST_TRADE,"2,$98016.0000"
2019-06-28 14:01:00.000000000,QUERY_SPREAD,87
2019-06-28 14:01:00.000000000,BEST_BID,"JPM,98016,222"
2019-06-28 14:01:00.000000000,BEST_ASK,"JPM,98270,286"
2019-06-28 14:01:00.000000000,LAST_TRADE,"7,$98016.0000"
2019-06-28 14:01:00.000000000,QUERY_SPREAD,88
2019-06-28 14:01:00.000000000,BEST_BID,"JPM,98016,214"
2019-06-28 14:01:00.000000000,BEST_ASK,"JPM,98270,286"
2019-06-28 14:01:00.000000000,LAST_TRADE,"8,$98016.0000"
2019-06-28 14:01:00.000000000,QUERY_SPREAD,89
2019-06-28 14:01:00.000000000,BEST_BID,"JPM,98016,209"
2019-06-28 14:01:00.000000000,BEST_ASK,"JPM,98270,286"
2019-06-28 14:01:00.000000000,LAST_TRADE,"5,$98016.0000"
2019-06-28 14:01:00.000000000,QUERY_SPREAD,90
2019-06-28 14:01:00.000000000,BEST_BID,"JPM,98016,205"
2019-06-28 14:01:00.000000000,BEST_ASK,"JPM,98270,286"
2019-06-28 14:01:00.000000000,LAST_TRADE,"4,$98016.0000"
2019-06-28 14:01:00.000000000,QUERY_SPREAD,91
2019-06-28 14:01:00.000000000,BEST_BID,"JPM,98016,202"
2019-06-28 14:01:00.000000000,BEST_ASK,"JPM,98270,286"
2019-06-28 14:01:00.000000000,LAST_TRADE,"3,$98016.0000"
2019-06-28 14:01:00.000000000,QUERY_SPREAD,92
2019-06-28 14:01:00.000000000,BEST_BID,"JPM,98016,197"
2019-06-28 14:01:00.000000000,BEST_ASK,"JPM,98270,286"
2019-06-28 14:01:00.000000000,LAST_TRADE,"5,$98016.0000"
2019-06-28 14:01:00.000000000,QUERY_SPREAD,93
2019-06-28 14:01:00.000000000,BEST_BID,"JPM,98016,190"
2019-06-28 14:01:00.000000000,BEST_ASK,"JPM,98270,286"
2019-06-28 14:01:00.000000000,LAST_TRADE,"7,$98016.0000"
2019-06-28 14:01:00.000000000,QUERY_SPREAD,94
2019-06-28 14:01:00.000000000,BEST_BID,"JPM,98016,189"
2019-06-28 14:01:00.000000000,BEST_ASK,"JPM,98270,286"
2019-06-28 14:01:00.000000000,LAST_TRADE,"1,$98016.0000"
2019-06-28 14:01:00.000000000,QUERY_SPREAD,95
2019-06-28 14:01:00.000000000,BEST_BID,"JPM,98016,188"
2019-06-28 14:01:00.000000000,BEST_ASK,"JPM,98270,286"
2019-06-28 14:01:00.000000000,LAST_TRADE,"1,$98016.0000"
2019-06-28 14:01:00.000000000,QUERY_SPREAD,96
2019-06-28 14:01:00.000000000,BEST_BID,"JPM,98016,184"
2019-06-28 14:01:00.000000000,BEST_ASK,"JPM,98270,286"
2019-06-28 14:01:00.000000000,LAST_TRADE,"4,$98016.0000"
2019-06-28 14:01:00.000000000,QUERY_SPREAD,97
2019-06-28 14:01:00.000000000,BEST_BID,"JPM,98016,181"
2019-06-28 14:01:00.000000000,BEST_ASK,"JPM,98270,286"
2019-06-28 14:01:00.000000000,LAST_TRADE,"3,$98016.0000"
2019-06-28 14:01:00.000000000,QUERY_SPREAD,98
2019-06-28 14:01:00.000000000,BEST_BID,"JPM,98016,176"
2019-06-28 14:01:00.000000000,BEST_ASK,"JPM,98270,286"
2019-06-28 14:01:00.000000000,LAST_TRADE,"5,$98016.0000"
2019-06-28 14:01:00.000000000,QUERY_SPREAD,99
2019-06-28 14:01:00.000000000,BEST_BID,"JPM,98016,172"
2019-06-28 14:01:00.000000000,BEST_ASK,"JPM,98270,286"
2019-06-28 14:01:00.000000000,LAST_TRADE,"4,$98016.0000"
2019-06-28 14:01:00.000000000,QUERY_SPREAD,100
2019-06-28 14:01:00.000000000,BEST_BID,"JPM,98016,167"
2019-06-28 14:01:00.000000000,BEST_ASK,"JPM,98270,286"
2019-06-28 14:01:00.000000000,LAST_TRADE,"5,$98016.0000"
2019-06-28 14:01:00.000000000,QUERY_SPREAD,101
2019-06-28 14:01:00.000000000,BEST_BID,"JPM,98016,167"
2019-06-28 14:01:00.000000000,BEST_ASK,"JPM,98270,285"
2019-06-28 14:01:00.000000000,LAST_TRADE,"1,$98270.0000"
2019-06-28 14:01:08.573000605,QUERY_SPREAD,27
2019-06-28 14:01:08.573000605,BEST_BID,"JPM,98016,167"
2019-06-28 14:01:08.573000605,BEST_ASK,"JPM,98270,185"
2019-06-28 14:01:08.573000605,LAST_TRADE,"100,$98270.0000"
2019-06-28 14:01:10.000000000,QUERY_SPREAD,1
2019-06-28 14:01:18.981899967,QUERY_ORDER_STREAM,63
2019-06-28 14:01:18.981899967,QUERY_SPREAD,63
2019-06-28 14:01:18.981899967,BEST_ASK,"JPM,98270,100"
2019-06-28 14:01:20.000000000,QUERY_SPREAD,1
2019-06-28 14:01:20.967369273,QUERY_SPREAD,21
2019-06-28 14:01:20.967369273,BEST_ASK,"JPM,98217,100"
2019-06-28 14:01:23.384272539,QUERY_SPREAD,27
2019-06-28 14:01:23.384272539,BEST_ASK,"JPM,98217,100"
2019-06-28 14:01:30.000000000,QUERY_SPREAD,1
2019-06-28 14:01:40.000000000,QUERY_SPREAD,1
2019-06-28 14:01:50.000000000,QUERY_SPREAD,1
2019-06-28 14:02:00.000000000,QUERY_SPREAD,1
2019-06-28 14:02:00.000000000,QUERY_SPREAD,77
2019-06-28 14:02:00.000000000,QUERY_SPREAD,78
2019-06-28 14:02:00.000000000,QUERY_SPREAD,79
2019-06-28 14:02:00.000000000,QUERY_SPREAD,80
2019-06-28 14:02:00.000000000,QUERY_SPREAD,81
2019-06-28 14:02:00.000000000,QUERY_SPREAD,82
2019-06-28 14:02:00.000000000,QUERY_SPREAD,83
2019-06-28 14:02:00.000000000,QUERY_SPREAD,84
2019-06-28 14:02:00.000000000,QUERY_SPREAD,85
2019-06-28 14:02:00.000000000,QUERY_SPREAD,86
2019-06-28 14:02:00.000000000,QUERY_SPREAD,87
2019-06-28 14:02:00.000000000,QUERY_SPREAD,88
2019-06-28 14:02:00.000000000,QUERY_SPREAD,89
2019-06-28 14:02:00.000000000,QUERY_SPREAD,90
2019-06-28 14:02:00.000000000,QUERY_SPREAD,91
2019-06-28 14:02:00.000000000,QUERY_SPREAD,92
2019-06-28 14:02:00.000000000,QUERY_SPREAD,93
2019-06-28 14:02:00.000000000,QUERY_SPREAD,94
2019-06-28 14:02:00.000000000,QUERY_SPREAD,95
2019-06-28 14:02:00.000000000,QUERY_SPREAD,96
2019-06-28 14:02:00.000000000,QUERY_SPREAD,97
2019-06-28 14:02:00.000000000,QUERY_SPREAD,98
2019-06-28 14:02:00.000000000,QUERY_SPREAD,99
2019-06-28 14:02:00.000000000,QUERY_SPREAD,100
2019-06-28 14:02:00.000000000,QUERY_SPREAD,101
2019-06-28 14:02:10.000000000,QUERY_SPREAD,1
2019-06-28 14:02:10.550543954,QUERY_ORDER_STREAM,69
2019-06-28 14:02:10.550543954,QUERY_SPREAD,69
2019-06-28 14:02:10.550543954,BEST_ASK,"JPM,98270,100"
2019-06-28 14:02:10.550543954,LAST_TRADE,"100,$98217.0000"
2019-06-28 14:02:20.000000000,QUERY_SPREAD,1
2019-06-28 14:02:25.497194809,QUERY_ORDER_STREAM,71
2019-06-28 14:02:25.497194809,QUERY_SPREAD,71
2019-06-28 14:02:25.497194809,BEST_ASK,"JPM,98269,100"
2019-06-28 14:02:30.000000000,QUERY_SPREAD,1
2019-06-28 14:02:33.821683930,QUERY_SPREAD,34
2019-06-28 14:02:33.821683930,BEST_ASK,"JPM,98269,100"
2019-06-28 14:02:37.034572958,QUERY_SPREAD,22
2019-06-28 14:02:37.034572958,BEST_ASK,"JPM,98269,100"
2019-06-28 14:02:40.000000000,QUERY_SPREAD,1
2019-06-28 14:02:42.913759170,QUERY_ORDER_STREAM,66
2019-06-28 14:02:42.913759170,QUERY_SPREAD,66
2019-06-28 14:02:50.000000000,QUERY_SPREAD,1
2019-06-28 14:02:59.148655548,QUERY_SPREAD,15
2019-06-28 14:02:59.148655548,BEST_ASK,"JPM,98018,100"
2019-06-28 14:03:00.000000000,QUERY_SPREAD,1
2019-06-28 14:03:00.000000000,QUERY_SPREAD,77
2019-06-28 14:03:00.000000000,QUERY_SPREAD,78
2019-06-28 14:03:00.000000000,QUERY_SPREAD,79
2019-06-28 14:03:00.000000000,QUERY_SPREAD,80
2019-06-28 14:03:00.000000000,QUERY_SPREAD,81
2019-06-28 14:03:00.000000000,QUERY_SPREAD,82
2019-06-28 14:03:00.000000000,QUERY_SPREAD,83
2019-06-28 14:03:00.000000000,QUERY_SPREAD,84
2019-06-28 14:03:00.000000000,QUERY_SPREAD,85
2019-06-28 14:03:00.000000000,QUERY_SPREAD,86
2019-06-28 14:03:00.000000000,QUERY_SPREAD,87
2019-06-28 14:03:00.000000000,QUERY_SPREAD,88
2019-06-28 14:03:00.000000000,QUERY_SPREAD,89
2019-06-28 14:03:00.000000000,QUERY_SPREAD,90
2019-06-28 14:03:00.000000000,QUERY_SPREAD,91
2019-06-28 14:03:00.000000000,QUERY_SPREAD,92
2019-06-28 14:03:00.000000000,QUERY_SPREAD,93
2019-06-28 14:03:00.000000000,QUERY_SPREAD,94
2019-06-28 14:03:00.000000000,QUERY_SPREAD,95
2019-06-28 14:03:00.000000000,QUERY_SPREAD,96
2019-06-28 14:03:00.000000000,QUERY_SPREAD,97
2019-06-28 14:03:00.000000000,QUERY_SPREAD,98
2019-06-28 14:03:00.000000000,QUERY_SPREAD,99
2019-06-28 14:03:00.000000000,QUERY_SPREAD,100
2019-06-28 14:03:00.000000000,QUERY_SPREAD,101
2019-06-28 14:03:10.000000000,QUERY_SPREAD,1
2019-06-28 14:03:16.783495739,QUERY_SPREAD,2
2019-06-28 14:03:16.783495739,BEST_ASK,"JPM,98018,100"
2019-06-28 14:03:20.000000000,QUERY_SPREAD,1
2019-06-28 14:03:28.188119700,QUERY_SPREAD,23
2019-06-28 14:03:28.188119700,BEST_ASK,"JPM,98269,100"
2019-06-28 14:03:28.188119700,LAST_TRADE,"100,$98018.0000"
2019-06-28 14:03:30.000000000,QUERY_SPREAD,1
2019-06-28 14:03:39.494808773,QUERY_ORDER_STREAM,56
2019-06-28 14:03:39.494808773,QUERY_SPREAD,56
2019-06-28 14:03:39.494808773,BEST_BID,"JPM,98018,100"
2019-06-28 14:03:39.494808773,BEST_ASK,"JPM,98269,100"
2019-06-28 14:03:40.000000000,QUERY_SPREAD,1
2019-06-28 14:03:40.000000000,BEST_BID,"JPM,98018,226"
2019-06-28 14:03:40.000000000,BEST_ASK,"JPM,98269,100"
2019-06-28 14:03:40.000000000,BEST_BID,"JPM,98018,226"
2019-06-28 14:03:40.000000000,BEST_ASK,"JPM,98269,100"
2019-06-28 14:03:40.000000000,BEST_BID,"JPM,98018,226"
2019-06-28 14:03:40.000000000,BEST_ASK,"JPM,98269,226"
2019-06-28 14:03:40.000000000,BEST_BID,"JPM,98018,226"
2019-06-28 14:03:40.000000000,BEST_ASK,"JPM,98269,226"
2019-06-28 14:03:40.000000000,BEST_BID,"JPM,98018,226"
2019-06-28 14:03:40.000000000,BEST_ASK,"JPM,98269,226"
2019-06-28 14:03:41.766229221,QUERY_SPREAD,16
2019-06-28 14:03:41.766229221,BEST_BID,"JPM,98018,226"
2019-06-28 14:03:41.766229221,BEST_ASK,"JPM,98181,100"
2019-06-28 14:03:42.583080200,QUERY_SPREAD,33
2019-06-28 14:03:42.583080200,BEST_BID,"JPM,98018,226"
2019-06-28 14:03:42.583080200,BEST_ASK,"JPM,98181,100"
2019-06-28 14:03:50.000000000,QUERY_SPREAD,1
2019-06-28 14:03:50.000000000,BEST_BID,"JPM,98018,174"
2019-06-28 14:03:50.000000000,BEST_ASK,"JPM,98181,100"
2019-06-28 14:03:50.000000000,BEST_BID,"JPM,98018,174"
2019-06-28 14:03:50.000000000,BEST_ASK,"JPM,98181,100"
2019-06-28 14:03:50.000000000,BEST_BID,"JPM,98018,174"
2019-06-28 14:03:50.000000000,BEST_ASK,"JPM,98181,174"
2019-06-28 14:03:50.000000000,BEST_BID,"JPM,98018,174"
2019-06-28 14:03:50.000000000,BEST_ASK,"JPM,98181,174"
2019-06-28 14:03:50.000000000,BEST_BID,"JPM,98018,174"
2019-06-28 14:03:50.000000000,BEST_ASK,"JPM,98181,174"
2019-06-28 14:03:50.000000000,BEST_BID,"JPM,98018,174"
2019-06-28 14:03:50.000000000,BEST_ASK,"JPM,98181,174"
2019-06-28 14:03:50.000000000,BEST_BID,"JPM,98018,174"
2019-06-28 14:03:50.000000000,BEST_ASK,"JPM,98181,174"
2019-06-28 14:04:00.000000000,QUERY_SPREAD,1
2019-06-28 14:04:00.000000000,BEST_BID,"JPM,98018,286"
2019-06-28 14:04:00.000000000,BEST_ASK,"JPM,98181,100"
2019-06-28 14:04:00.000000000,BEST_BID,"JPM,98018,286"
2019-06-28 14:04:00.000000000,BEST_ASK,"JPM,98181,100"
2019-06-28 14:04:00.000000000,BEST_BID,"JPM,98018,286"
2019-06-28 14:04:00.000000000,BEST_ASK,"JPM,98181,286"
2019-06-28 14:04:00.000000000,BEST_BID,"JPM,98018,286"
2019-06-28 14:04:00.000000000,BEST_ASK,"JPM,98181,286"
2019-06-28 14:04:00.000000000,QUERY_SPREAD,77
2019-06-28 14:04:00.000000000,BEST_BID,"JPM,98018,281"
2019-06-28 14:04:00.000000000,BEST_ASK,"JPM,98181,286"
2019-06-28 14:04:00.000000000,LAST_TRADE,"5,$98018.0000"
2019-06-28 14:04:00.000000000,QUERY_SPREAD,78
2019-06-28 14:04:00.000000000,BEST_BID,"JPM,98018,273"
2019-06-28 14:04:00.000000000,BEST_ASK,"JPM,98181,286"
2019-06-28 14:04:00.000000000,LAST_TRADE,"8,$98018.0000"
2019-06-28 14:04:00.000000000,QUERY_SPREAD,79
2019-06-28 14:04:00.000000000,BEST_BID,"JPM,98018,268"
2019-06-28 14:04:00.000000000,BEST_ASK,"JPM,98181,286"
2019-06-28 14:04:00.000000000,LAST_TRADE,"5,$98018.0000"
2019-06-28 14:04:00.000000000,QUERY_SPREAD,80
2019-06-28 14:04:00.000000000,BEST_BID,"JPM,98018,260"
2019-06-28 14:04:00.000000000,BEST_ASK,"JPM,98181,286"
2019-06-28 14:04:00.000000000,LAST_TRADE,"8,$98018.0000"
2019-06-28 14:04:00.000000000,QUERY_SPREAD,81
2019-06-28 14:04:00.000000000,BEST_BID,"JPM,98018,251"
2019-06-28 14:04:00.000000000,BEST_ASK,"JPM,98181,286"
2019-06-28 14:04:00.000000000,LAST_TRADE,"9,$98018.0000"
2019-06-28 14:04:00.000000000,QUERY_SPREAD,82
2019-06-28 14:04:00.000000000,BEST_BID,"JPM,98018,248"
2019-06-28 14:04:00.000000000,BEST_ASK,"JPM,98181,286"
2019-06-28 14:04:00.000000000,LAST_TRADE,"3,$98018.0000"
2019-06-28 14:04:00.000000000,QUERY_SPREAD,83
2019-06-28 14:04:00.000000000,BEST_BID,"JPM,98018,240"
2019-06-28 14:04:00.000000000,BEST_ASK,"JPM,98181,286"
2019-06-28 14:04:00.000000000,LAST_TRADE,"8,$98018.0000"
2019-06-28 14:04:00.000000000,QUERY_SPREAD,84
2019-06-28 14:04:00.000000000,BEST_BID,"JPM,98018,236"
2019-06-28 14:04:00.000000000,BEST_ASK,"JPM,98181,286"
2019-06-28 14:04:00.000000000,LAST_TRADE,"4,$98018.0000"
2019-06-28 14:04:00.000000000,QUERY_SPREAD,85
2019-06-28 14:04:00.000000000,BEST_BID,"JPM,98018,231"
2019-06-28 14:04:00.000000000,BEST_ASK,"JPM,98181,286"
2019-06-28 14:04:00.000000000,LAST_TRADE,"5,$98018.0000"
2019-06-28 14:04:00.000000000,QUERY_SPREAD,86
2019-06-28 14:04:00.000000000,BEST_BID,"JPM,98018,229"
2019-06-28 14:04:00.000000000,BEST_ASK,"JPM,98181,286"
2019-06-28 14:04:00.000000000,LAST_TRADE,"2,$98018.0000"
2019-06-28 14:04:00.000000000,QUERY_SPREAD,87
2019-06-28 14:04:00.000000000,BEST_BID,"JPM,98018,222"
2019-06-28 14:04:00.000000000,BEST_ASK,"JPM,98181,286"
2019-06-28 14:04:00.000000000,LAST_TRADE,"7,$98018.0000"
2019-06-28 14:04:00.000000000,QUERY_SPREAD,88
2019-06-28 14:04:00.000000000,BEST_BID,"JPM,98018,214"
2019-06-28 14:04:00.000000000,BEST_ASK,"JPM,98181,286"
2019-06-28 14:04:00.000000000,LAST_TRADE,"8,$98018.0000"
2019-06-28 14:04:00.000000000,QUERY_SPREAD,89
2019-06-28 14:04:00.000000000,BEST_BID,"JPM,98018,209"
2019-06-28 14:04:00.000000000,BEST_ASK,"JPM,98181,286"
2019-06-28 14:04:00.000000000,LAST_TRADE,"5,$98018.0000"
2019-06-28 14:04:00.000000000,QUERY_SPREAD,90
2019-06-28 14:04:00.000000000,BEST_BID,"JPM,98018,205"
2019-06-28 14:04:00.000000000,BEST_ASK,"JPM,98181,286"
2019-06-28 14:04:00.000000000,LAST_TRADE,"4,$98018.0000"
2019-06-28 14:04:00.000000000,QUERY_SPREAD,91
2019-06-28 14:04:00.000000000,BEST_BID,"JPM,98018,202"
2019-06-28 14:04:00.000000000,BEST_ASK,"JPM,98181,286"
2019-06-28 14:04:00.000000000,LAST_TRADE,"3,$98018.0000"
2019-06-28 14:04:00.000000000,QUERY_SPREAD,92
2019-06-28 14:04:00.000000000,BEST_BID,"JPM,98018,197"
2019-06-28 14:04:00.000000000,BEST_ASK,"JPM,98181,286"
2019-06-28 14:04:00.000000000,LAST_TRADE,"5,$98018.0000"
2019-06-28 14:04:00.000000000,QUERY_SPREAD,93
2019-06-28 14:04:00.000000000,BEST_BID,"JPM,98018,190"
2019-06-28 14:04:00.000000000,BEST_ASK,"JPM,98181,286"
2019-06-28 14:04:00.000000000,LAST_TRADE,"7,$98018.0000"
2019-06-28 14:04:00.000000000,QUERY_SPREAD,94
2019-06-28 14:04:00.000000000,BEST_BID,"JPM,98018,189"
2019-06-28 14:04:00.000000000,BEST_ASK,"JPM,98181,286"
2019-06-28 14:04:00.000000000,LAST_TRADE,"1,$98018.0000"
2019-06-28 14:04:00.000000000,QUERY_SPREAD,95
2019-06-28 14:04:00.000000000,BEST_BID,"JPM,98018,188"
2019-06-28 14:04:00.000000000,BEST_ASK,"JPM,98181,286"
2019-06-28 14:04:00.000000000,LAST_TRADE,"1,$98018.0000"
2019-06-28 14:04:00.000000000,QUERY_SPREAD,96
2019-06-28 14:04:00.000000000,BEST_BID,"JPM,98018,184"
2019-06-28 14:04:00.000000000,BEST_ASK,"JPM,98181,286"
2019-06-28 14:04:00.000000000,LAST_TRADE,"4,$98018.0000"
2019-06-28 14:04:00.000000000,QUERY_SPREAD,97
2019-06-28 14:04:00.000000000,BEST_BID,"JPM,98018,181"
2019-06-28 14:04:00.000000000,BEST_ASK,"JPM,98181,286"
2019-06-28 14:04:00.000000000,LAST_TRADE,"3,$98018.0000"
2019-06-28 14:04:00.000000000,QUERY_SPREAD,98
2019-06-28 14:04:00.000000000,BEST_BID,"JPM,98018,176"
2019-06-28 14:04:00.000000000,BEST_ASK,"JPM,98181,286"
2019-06-28 14:04:00.000000000,LAST_TRADE,"5,$98018.0000"
2019-06-28 14:04:00.000000000,QUERY_SPREAD,99
2019-06-28 14:04:00.000000000,BEST_BID,"JPM,98018,172"
2019-06-28 14:04:00.000000000,BEST_ASK,"JPM,98181,286"
2019-06-28 14:04:00.000000000,LAST_TRADE,"4,$98018.0000"
2019-06-28 14:04:00.000000000,QUERY_SPREAD,100
2019-06-28 14:04:00.000000000,BEST_BID,"JPM,98018,167"
2019-06-28 14:04:00.000000000,BEST_ASK,"JPM,98181,286"
2019-06-28 14:04:00.000000000,LAST_TRADE,"5,$98018.0000"
2019-06-28 14:04:00.000000000,QUERY_SPREAD,101
2019-06-28 14:04:00.000000000,BEST_BID,"JPM,98018,167"
2019-06-28 14:04:00.000000000,BEST_ASK,"JPM,98181,285"
2019-06-28 14:04:00.000000000,LAST_TRADE,"1,$98181.0000"
2019-06-28 14:04:10.000000000,QUERY_SPREAD,1
2019-06-28 14:04:20.000000000,QUERY_SPREAD,1
2019-06-28 14:04:30.000000000,QUERY_SPREAD,1
2019-06-28 14:04:40.000000000,QUERY_SPREAD,1
2019-06-28 14:04:50.000000000,QUERY_SPREAD,1
2019-06-28 14:04:58.253191235,QUERY_SPREAD,34
2019-06-28 14:04:58.253191235,BEST_ASK,"JPM,98181,99"
2019-06-28 14:05:00.000000000,QUERY_SPREAD,1
2019-06-28 14:05:00.000000000,QUERY_SPREAD,77
2019-06-28 14:05:00.000000000,QUERY_SPREAD,78
2019-06-28 14:05:00.000000000,QUERY_SPREAD,79
2019-06-28 14:05:00.000000000,QUERY_SPREAD,80
2019-06-28 14:05:00.000000000,QUERY_SPREAD,81
2019-06-28 14:05:00.000000000,QUERY_SPREAD,82
2019-06-28 14:05:00.000000000,QUERY_SPREAD,83
2019-06-28 14:05:00.000000000,QUERY_SPREAD,84
2019-06-28 14:05:00.000000000,QUERY_SPREAD,85
2019-06-28 14:05:00.000000000,QUERY_SPREAD,86
2019-06-28 14:05:00.000000000,QUERY_SPREAD,87
2019-06-28 14:05:00.000000000,QUERY_SPREAD,88
2019-06-28 14:05:00.000000000,QUERY_SPREAD,89
2019-06-28 14:05:00.000000000,QUERY_SPREAD,90
2019-06-28 14:05:00.000000000,QUERY_SPREAD,91
2019-06-28 14:05:00.000000000,QUERY_SPREAD,92
2019-06-28 14:05:00.000000000,QUERY_SPREAD,93
2019-06-28 14:05:00.000000000,QUERY_SPREAD,94
2019-06-28 14:05:00.000000000,QUERY_SPREAD,95
2019-06-28 14:05:00.000000000,QUERY_SPREAD,96
2019-06-28 14:05:00.000000000,QUERY_SPREAD,97
2019-06-28 14:05:00.000000000,QUERY_SPREAD,98
2019-06-28 14:05:00.000000000,QUERY_SPREAD,99
2019-06-28 14:05:00.000000000,QUERY_SPREAD,100
2019-06-28 14:05:00.000000000,QUERY_SPREAD,101
2019-06-28 14:05:06.554346769,QUERY_SPREAD,29
2019-06-28 14:05:06.554346769,BEST_ASK,"JPM,98181,99"
2019-06-28 14:05:10.000000000,QUERY_SPREAD,1
2019-06-28 14:05:20.000000000,QUERY_SPREAD,1
2019-06-28 14:05:26.130919667,QUERY_ORDER_STREAM,58
2019-06-28 14:05:26.130919667,QUERY_SPREAD,58
2019-06-28 14:05:26.130919667,BEST_BID,"JPM,98018,100"
2019-06-28 14:05:26.130919667,BEST_ASK,"JPM,98181,99"
2019-06-28 14:05:30.000000000,QUERY_SPREAD,1
2019-06-28 14:05:30.000000000,BEST_BID,"JPM,98018,286"
2019-06-28 14:05:30.000000000,BEST_ASK,"JPM,98181,99"
2019-06-28 14:05:30.000000000,BEST_BID,"JPM,98018,286"
2019-06-28 14:05:30.000000000,BEST_ASK,"JPM,98181,99"
2019-06-28 14:05:30.000000000,BEST_BID,"JPM,98018,286"
2019-06-28 14:05:30.000000000,BEST_ASK,"JPM,98181,285"
2019-06-28 14:05:30.000000000,BEST_BID,"JPM,98018,286"
2019-06-28 14:05:30.000000000,BEST_ASK,"JPM,98181,285"
2019-06-28 14:05:38.917186955,QUERY_SPREAD,47
2019-06-28 14:05:38.917186955,BEST_BID,"JPM,98018,286"
2019-06-28 14:05:38.917186955,BEST_ASK,"JPM,98181,185"
2019-06-28 14:05:38.917186955,LAST_TRADE,"100,$98181.0000"
2019-06-28 14:05:40.000000000,QUERY_SPREAD,1
2019-06-28 14:05:40.000000000,BEST_BID,"JPM,98018,226"
2019-06-28 14:05:40.000000000,BEST_ASK,"JPM,98269,100"
2019-06-28 14:05:40.000000000,BEST_BID,"JPM,98018,226"
2019-06-28 14:05:40.000000000,BEST_ASK,"JPM,98269,100"
2019-06-28 14:05:40.000000000,BEST_BID,"JPM,98018,226"
2019-06-28 14:05:40.000000000,BEST_ASK,"JPM,98269,226"
2019-06-28 14:05:40.000000000,BEST_BID,"JPM,98018,226"
2019-06-28 14:05:40.000000000,BEST_ASK,"JPM,98269,226"
2019-06-28 14:05:40.000000000,BEST_BID,"JPM,98018,226"
2019-06-28 14:05:40.000000000,BEST_ASK,"JPM,98269,226"
2019-06-28 14:05:47.575215714,QUERY_ORDER_STREAM,57
2019-06-28 14:05:47.575215714,QUERY_SPREAD,57
2019-06-28 14:05:47.575215714,BEST_BID,"JPM,98181,100"
2019-06-28 14:05:47.575215714,BEST_ASK,"JPM,98269,226"
2019-06-28 14:05:50.000000000,QUERY_SPREAD,1
2019-06-28 14:05:50.000000000,BEST_BID,"JPM,98181,471"
2019-06-28 14:05:50.000000000,BEST_ASK,"JPM,98269,100"
2019-06-28 14:05:50.000000000,BEST_BID,"JPM,98181,471"
2019-06-28 14:05:50.000000000,BEST_ASK,"JPM,98269,471"
2019-06-28 14:06:00.000000000,QUERY_SPREAD,1
2019-06-28 14:06:00.000000000,BEST_BID,"JPM,98181,193"
2019-06-28 14:06:00.000000000,BEST_ASK,"JPM,98269,100"
2019-06-28 14:06:00.000000000,BEST_BID,"JPM,98181,193"
2019-06-28 14:06:00.000000000,BEST_ASK,"JPM,98269,100"
2019-06-28 14:06:00.000000000,BEST_BID,"JPM,98181,193"
2019-06-28 14:06:00.000000000,BEST_ASK,"JPM,98269,100"
2019-06-28 14:06:00.000000000,BEST_BID,"JPM,98181,193"
2019-06-28 14:06:00.000000000,BEST_ASK,"JPM,98269,193"
2019-06-28 14:06:00.000000000,BEST_BID,"JPM,98181,193"
2019-06-28 14:06:00.000000000,BEST_ASK,"JPM,98269,193"
2019-06-28 14:06:00.000000000,BEST_BID,"JPM,98181,193"
2019-06-28 14:06:00.000000000,BEST_ASK,"JPM,98269,193"
2019-06-28 14:06:00.000000000,BEST_BID,"JPM,98181,193"
2019-06-28 14:06:00.000000000,BEST_ASK,"JPM,98269,193"
2019-06-28 14:06:00.000000000,QUERY_SPREAD,77
2019-06-28 14:06:00.000000000,BEST_BID,"JPM,98181,188"
2019-06-28 14:06:00.000000000,BEST_ASK,"JPM,98269,193"
2019-06-28 14:06:00.000000000,LAST_TRADE,"5,$98181.0000"
2019-06-28 14:06:00.000000000,QUERY_SPREAD,78
2019-06-28 14:06:00.000000000,BEST_BID,"JPM,98181,180"
2019-06-28 14:06:00.000000000,BEST_ASK,"JPM,98269,193"
2019-06-28 14:06:00.000000000,LAST_TRADE,"8,$98181.0000"
2019-06-28 14:06:00.000000000,QUERY_SPREAD,79
2019-06-28 14:06:00.000000000,BEST_BID,"JPM,98181,175"
2019-06-28 14:06:00.000000000,BEST_ASK,"JPM,98269,193"
2019-06-28 14:06:00.000000000,LAST_TRADE,"5,$98181.0000"
2019-06-28 14:06:00.000000000,QUERY_SPREAD,80
2019-06-28 14:06:00.000000000,BEST_BID,"JPM,98181,167"
2019-06-28 14:06:00.000000000,BEST_ASK,"JPM,98269,193"
2019-06-28 14:06:00.000000000,LAST_TRADE,"8,$98181.0000"
2019-06-28 14:06:00.000000000,QUERY_SPREAD,81
2019-06-28 14:06:00.000000000,BEST_BID,"JPM,98181,158"
2019-06-28 14:06:00.000000000,BEST_ASK,"JPM,98269,193"
2019-06-28 14:06:00.000000000,LAST_TRADE,"9,$98181.0000"
2019-06-28 14:06:00.000000000,QUERY_SPREAD,82
2019-06-28 14:06:00.000000000,BEST_BID,"JPM,98181,155"
2019-06-28 14:06:00.000000000,BEST_ASK,"JPM,98269,193"
2019-06-28 14:06:00.000000000,LAST_TRADE,"3,$98181.0000"
2019-06-28 14:06:00.000000000,QUERY_SPREAD,83
2019-06-28 14:06:00.000000000,BEST_BID,"JPM,98181,147"
2019-06-28 14:06:00.000000000,BEST_ASK,"JPM,98269,193"
2019-06-28 14:06:00.000000000,LAST_TRADE,"8,$98181.0000"
2019-06-28 14:06:00.000000000,QUERY_SPREAD,84
2019-06-28 14:06:00.000000000,BEST_BID,"JPM,98181,143"
2019-06-28 14:06:00.000000000,BEST_ASK,"JPM,98269,193"
2019-06-28 14:06:00.000000000,LAST_TRADE,"4,$98181.0000"
2019-06-28 14:06:00.000000000,QUERY_SPREAD,85
2019-06-28 14:06:00.000000000,BEST_BID,"JPM,98181,138"
2019-06-28 14:06:00.000000000,BEST_ASK,"JPM,98269,193"
2019-06-28 14:06:00.000000000,LAST_TRADE,"5,$98181.0000"
2019-06-28 14:06:00.000000000,QUERY_SPREAD,86
2019-06-28 14:06:00.000000000,BEST_BID,"JPM,98181,136"
2019-06-28 14:06:00.000000000,BEST_ASK,"JPM,98269,193"
2019-06-28 14:06:00.000000000,LAST_TRADE,"2,$98181.0000"
2019-06-28 14:06:00.000000000,QUERY_SPREAD,87
2019-06-28 14:06:00.000000000,BEST_BID,"JPM,98181,129"
2019-06-28 14:06:00.000000000,BEST_ASK,"JPM,98269,193"
2019-06-28 14:06:00.000000000,LAST_TRADE,"7,$98181.0000"
2019-06-28 14:06:00.000000000,QUERY_SPREAD,88
2019-06-28 14:06:00.000000000,BEST_BID,"JPM,98181,121"
2019-06-28 14:06:00.000000000,BEST_ASK,"JPM,98269,193"
2019-06-28 14:06:00.000000000,LAST_TRADE,"8,$98181.0000"
2019-06-28 14:06:00.000000000,QUERY_SPREAD,89
2019-06-28 14:06:00.000000000,BEST_BID,"JPM,98181,116"
2019-06-28 14:06:00.000000000,BEST_ASK,"JPM,98269,193"
2019-06-28 14:06:00.000000000,LAST_TRADE,"5,$98181.0000"
2019-06-28 14:06:00.000000000,QUERY_SPREAD,90
2019-06-28 14:06:00.000000000,BEST_BID,"JPM,98181,112"
2019-06-28 14:06:00.000000000,BEST_ASK,"JPM,98269,193"
2019-06-28 14:06:00.000000000,LAST_TRADE,"4,$98181.0000"
2019-06-28 14:06:00.000000000,QUERY_SPREAD,91
2019-06-28 14:06:00.000000000,BEST_BID,"JPM,98181,109"
2019-06-28 14:06:00.000000000,BEST_ASK,"JPM,98269,193"
2019-06-28 14:06:00.000000000,LAST_TRADE,"3,$98181.0000"
2019-06-28 14:06:00.000000000,QUERY_SPREAD,92
2019-06-28 14:06:00.000000000,BEST_BID,"JPM,98181,104"
2019-06-28 14:06:00.000000000,BEST_ASK,"JPM,98269,193"
2019-06-28 14:06:00.000000000,LAST_TRADE,"5,$98181.0000"
2019-06-28 14:06:00.000000000,QUERY_SPREAD,93
2019-06-28 14:06:00.000000000,BEST_BID,"JPM,98181,97"
2019-06-28 14:06:00.000000000,BEST_ASK,"JPM,98269,193"
2019-06-28 14:06:00.000000000,LAST_TRADE,"7,$98181.0000"
2019-06-28 14:06:00.000000000,QUERY_SPREAD,94
2019-06-28 14:06:00.000000000,BEST_BID,"JPM,98181,96"
2019-06-28 14:06:00.000000000,BEST_ASK,"JPM,98269,193"
2019-06-28 14:06:00.000000000,LAST_TRADE,"1,$98181.0000"
2019-06-28 14:06:00.000000000,QUERY_SPREAD,95
2019-06-28 14:06:00.000000000,BEST_BID,"JPM,98181,95"
2019-06-28 14:06:00.000000000,BEST_ASK,"JPM,98269,193"
2019-06-28 14:06:00.000000000,LAST_TRADE,"1,$98181.0000"
2019-06-28 14:06:00.000000000,QUERY_SPREAD,96
2019-06-28 14:06:00.000000000,BEST_BID,"JPM,98181,91"
2019-06-28 14:06:00.000000000,BEST_ASK,"JPM,98269,193"
2019-06-28 14:06:00.000000000,LAST_TRADE,"4,$98181.0000"
2019-06-28 14:06:00.000000000,QUERY_SPREAD,97
2019-06-28 14:06:00.000000000,BEST_BID,"JPM,98181,88"
2019-06-28 14:06:00.000000000,BEST_ASK,"JPM,98269,193"
2019-06-28 14:06:00.000000000,LAST_TRADE,"3,$98181.0000"
2019-06-28 14:06:00.000000000,QUERY_SPREAD,98
2019-06-28 14:06:00.000000000,BEST_BID,"JPM,98181,83"
2019-06-28 14:06:00.000000000,BEST_ASK,"JPM,98269,193"
2019-06-28 14:06:00.000000000,LAST_TRADE,"5,$98181.0000"
2019-06-28 14:06:00.000000000,QUERY_SPREAD,99
2019-06-28 14:06:00.000000000,BEST_BID,"JPM,98181,79"
2019-06-28 14:06:00.000000000,BEST_ASK,"JPM,98269,193"
2019-06-28 14:06:00.000000000,LAST_TRADE,"4,$98181.0000"
2019-06-28 14:06:00.000000000,QUERY_SPREAD,100
2019-06-28 14:06:00.000000000,BEST_BID,"JPM,98181,74"
2019-06-28 14:06:00.000000000,BEST_ASK,"JPM,98269,193"
2019-06-28 14:06:00.000000000,LAST_TRADE,"5,$98181.0000"
2019-06-28 14:06:00.000000000,QUERY_SPREAD,101
2019-06-28 14:06:00.000000000,BEST_BID,"JPM,98181,74"
2019-06-28 14:06:00.000000000,BEST_ASK,"JPM,98269,192"
2019-06-28 14:06:00.000000000,LAST_TRADE,"1,$98269.0000"
2019-06-28 14:06:01.543496764,QUERY_ORDER_STREAM,57
2019-06-28 14:06:01.543496764,QUERY_SPREAD,57
2019-06-28 14:06:05.170600171,QUERY_ORDER_STREAM,72
2019-06-28 14:06:05.170600171,QUERY_SPREAD,72
2019-06-28 14:06:10.000000000,QUERY_SPREAD,1
2019-06-28 14:06:10.000000000,BEST_BID,"JPM,98018,226"
2019-06-28 14:06:10.000000000,BEST_ASK,"JPM,98269,99"
2019-06-28 14:06:10.000000000,BEST_BID,"JPM,98018,226"
2019-06-28 14:06:10.000000000,BEST_ASK,"JPM,98269,99"
2019-06-28 14:06:10.000000000,BEST_BID,"JPM,98018,226"
2019-06-28 14:06:10.000000000,BEST_ASK,"JPM,98269,225"
2019-06-28 14:06:10.000000000,BEST_BID,"JPM,98018,226"
2019-06-28 14:06:10.000000000,BEST_ASK,"JPM,98269,225"
2019-06-28 14:06:10.000000000,BEST_BID,"JPM,98018,226"
2019-06-28 14:06:10.000000000,BEST_ASK,"JPM,98269,225"
2019-06-28 14:06:13.116418739,QUERY_SPREAD,24
2019-06-28 14:06:13.116418739,BEST_BID,"JPM,98018,226"
2019-06-28 14:06:13.116418739,BEST_ASK,"JPM,98269,225"
2019-06-28 14:06:13.799319524,QUERY_SPREAD,3
2019-06-28 14:06:13.799319524,BEST_BID,"JPM,98018,226"
2019-06-28 14:06:13.799319524,BEST_ASK,"JPM,98269,225"
2019-06-28 14:06:15.473438630,QUERY_SPREAD,49
2019-06-28 14:06:15.473438630,BEST_BID,"JPM,98018,226"
2019-06-28 14:06:15.473438630,BEST_ASK,"JPM,98269,225"
2019-06-28 14:06:20.000000000,QUERY_SPREAD,1
2019-06-28 14:06:20.000000000,BEST_BID,"JPM,98018,193"
2019-06-28 14:06:20.000000000,BEST_ASK,"JPM,98269,99"
2019-06-28 14:06:20.000000000,BEST_BID,"JPM,98018,193"
2019-06-28 14:06:20.000000000,BEST_ASK,"JPM,98269,99"
2019-06-28 14:06:20.000000000,BEST_BID,"JPM,98018,193"
2019-06-28 14:06:20.000000000,BEST_ASK,"JPM,98269,192"
2019-06-28 14:06:20.000000000,BEST_BID,"JPM,98018,193"
2019-06-28 14:06:20.000000000,BEST_ASK,"JPM,98269,192"
2019-06-28 14:06:20.000000000,BEST_BID,"JPM,98018,193"
2019-06-28 14:06:20.000000000,BEST_ASK,"JPM,98269,192"
2019-06-28 14:06:20.000000000,BEST_BID,"JPM,98018,193"
2019-06-28 14:06:20.000000000,BEST_ASK,"JPM,98269,192"
2019-06-28 14:06:30.000000000,QUERY_SPREAD,1
2019-06-28 14:06:30.000000000,BEST_BID,"JPM,98018,471"
2019-06-28 14:06:30.000000000,BEST_ASK,"JPM,98269,99"
2019-06-28 14:06:30.000000000,BEST_BID,"JPM,98018,471"
2019-06-28 14:06:30.000000000,BEST_ASK,"JPM,98269,470"
2019-06-28 14:06:35.860926372,QUERY_ORDER_STREAM,72
2019-06-28 14:06:35.860926372,QUERY_SPREAD,72
2019-06-28 14:06:35.860926372,BEST_BID,"JPM,98181,100"
2019-06-28 14:06:35.860926372,BEST_ASK,"JPM,98269,470"
2019-06-28 14:06:40.000000000,QUERY_SPREAD,1
2019-06-28 14:06:40.000000000,BEST_BID,"JPM,98181,471"
2019-06-28 14:06:40.000000000,BEST_ASK,"JPM,98269,99"
2019-06-28 14:06:40.000000000,BEST_BID,"JPM,98181,471"
2019-06-28 14:06:40.000000000,BEST_ASK,"JPM,98269,470"
2019-06-28 14:06:50.000000000,QUERY_SPREAD,1
2019-06-28 14:06:50.000000000,BEST_BID,"JPM,98181,174"
2019-06-28 14:06:50.000000000,BEST_ASK,"JPM,98269,99"
2019-06-28 14:06:50.000000000,BEST_BID,"JPM,98181,174"
2019-06-28 14:06:50.000000000,BEST_ASK,"JPM,98269,99"
2019-06-28 14:06:50.000000000,BEST_BID,"JPM,98181,174"
2019-06-28 14:06:50.000000000,BEST_ASK,"JPM,98269,99"
2019-06-28 14:06:50.000000000,BEST_BID,"JPM,98181,174"
2019-06-28 14:06:50.000000000,BEST_ASK,"JPM,98269,173"
2019-06-28 14:06:50.000000000,BEST_BID,"JPM,98181,174"
2019-06-28 14:06:50.000000000,BEST_ASK,"JPM,98269,173"
2019-06-28 14:06:50.000000000,BEST_BID,"JPM,98181,174"
2019-06-28 14:06:50.000000000,BEST_ASK,"JPM,98269,173"
2019-06-28 14:06:50.000000000,BEST_BID,"JPM,98181,174"
2019-06-28 14:06:50.000000000,BEST_ASK,"JPM,98269,173"
2019-06-28 14:06:50.000000000,BEST_BID,"JPM,98181,174"
2019-06-28 14:06:50.000000000,BEST_ASK,"JPM,98269,173"
2019-06-28 14:06:50.529893144,QUERY_SPREAD,11
2019-06-28 14:06:50.529893144,BEST_BID,"JPM,98181,174"
2019-06-28 14:06:50.529893144,BEST_ASK,"JPM,98269,73"
2019-06-28 14:06:50.529893144,LAST_TRADE,"100,$98269.0000"
2019-06-28 14:07:00.000000000,QUERY_SPREAD,1
2019-06-28 14:07:00.000000000,BEST_BID,"JPM,98181,174"
2019-06-28 14:07:00.000000000,BEST_ASK,"JPM,98270,100"
2019-06-28 14:07:00.000000000,BEST_BID,"JPM,98181,174"
2019-06-28 14:07:00.000000000,BEST_ASK,"JPM,98270,100"
2019-06-28 14:07:00.000000000,BEST_BID,"JPM,98181,174"
2019-06-28 14:07:00.000000000,BEST_ASK,"JPM,98270,100"
2019-06-28 14:07:00.000000000,BEST_BID,"JPM,98181,174"
2019-06-28 14:07:00.000000000,BEST_ASK,"JPM,98270,174"
2019-06-28 14:07:00.000000000,BEST_BID,"JPM,98181,174"
2019-06-28 14:07:00.000000000,BEST_ASK,"JPM,98270,174"
2019-06-28 14:07:00.000000000,BEST_BID,"JPM,98181,174"
2019-06-28 14:07:00.000000000,BEST_ASK,"JPM,98270,174"
2019-06-28 14:07:00.000000000,BEST_BID,"JPM,98181,174"
2019-06-28 14:07:00.000000000,BEST_ASK,"JPM,98270,174"
2019-06-28 14:07:00.000000000,BEST_BID,"JPM,98181,174"
2019-06-28 14:07:00.000000000,BEST_ASK,"JPM,98270,174"
2019-06-28 14:07:00.000000000,QUERY_SPREAD,77
2019-06-28 14:07:00.000000000,BEST_BID,"JPM,98181,169"
2019-06-28 14:07:00.000000000,BEST_ASK,"JPM,98270,174"
2019-06-28 14:07:00.000000000,LAST_TRADE,"5,$98181.0000"
2019-06-28 14:07:00.000000000,QUERY_SPREAD,78
2019-06-28 14:07:00.000000000,BEST_BID,"JPM,98181,161"
2019-06-28 14:07:00.000000000,BEST_ASK,"JPM,98270,174"
2019-06-28 14:07:00.000000000,LAST_TRADE,"8,$98181.0000"
2019-06-28 14:07:00.000000000,QUERY_SPREAD,79
2019-06-28 14:07:00.000000000,BEST_BID,"JPM,98181,156"
2019-06-28 14:07:00.000000000,BEST_ASK,"JPM,98270,174"
2019-06-28 14:07:00.000000000,LAST_TRADE,"5,$98181.0000"
2019-06-28 14:07:00.000000000,QUERY_SPREAD,80
2019-06-28 14:07:00.000000000,BEST_BID,"JPM,98181,148"
2019-06-28 14:07:00.000000000,BEST_ASK,"JPM,98270,174"
2019-06-28 14:07:00.000000000,LAST_TRADE,"8,$98181.0000"
2019-06-28 14:07:00.000000000,QUERY_SPREAD,81
2019-06-28 14:07:00.000000000,BEST_BID,"JPM,98181,139"
2019-06-28 14:07:00.000000000,BEST_ASK,"JPM,98270,174"
2019-06-28 14:07:00.000000000,LAST_TRADE,"9,$98181.0000"
2019-06-28 14:07:00.000000000,QUERY_SPREAD,82
2019-06-28 14:07:00.000000000,BEST_BID,"JPM,98181,136"
2019-06-28 14:07:00.000000000,BEST_ASK,"JPM,98270,174"
2019-06-28 14:07:00.000000000,LAST_TRADE,"3,$98181.0000"
2019-06-28 14:07:00.000000000,QUERY_SPREAD,83
2019-06-28 14:07:00.000000000,BEST_BID,"JPM,98181,128"
2019-06-28 14:07:00.000000000,BEST_ASK,"JPM,98270,174"
2019-06-28 14:07:00.000000000,LAST_TRADE,"8,$98181.0000"
2019-06-28 14:07:00.000000000,QUERY_SPREAD,84
2019-06-28 14:07:00.000000000,BEST_BID,"JPM,98181,124"
2019-06-28 14:07:00.000000000,BEST_ASK,"JPM,98270,174"
2019-06-28 14:07:00.000000000,LAST_TRADE,"4,$98181.0000"
2019-06-28 14:07:00.000000000,QUERY_SPREAD,85
2019-06-28 14:07:00.000000000,BEST_BID,"JPM,98181,119"
2019-06-28 14:07:00.000000000,BEST_ASK,"JPM,98270,174"
2019-06-28 14:07:00.000000000,LAST_TRADE,"5,$98181.0000"
2019-06-28 14:07:00.000000000,QUERY_SPREAD,86
2019-06-28 14:07:00.000000000,BEST_BID,"JPM,98181,117"
2019-06-28 14:07:00.000000000,BEST_ASK,"JPM,98270,174"
2019-06-28 14:07:00.000000000,LAST_TRADE,"2,$98181.0000"
2019-06-28 14:07:00.000000000,QUERY_SPREAD,87
2019-06-28 14:07:00.000000000,BEST_BID,"JPM,98181,110"
2019-06-28 14:07:00.000000000,BEST_ASK,"JPM,98270,174"
2019-06-28 14:07:00.000000000,LAST_TRADE,"7,$98181.0000"
2019-06-28 14:07:00.000000000,QUERY_SPREAD,88
2019-06-28 14:07:00.000000000,BEST_BID,"JPM,98181,102"
2019-06-28 14:07:00.000000000,BEST_ASK,"JPM,98270,174"
2019-06-28 14:07:00.000000000,LAST_TRADE,"8,$98181.0000"
2019-06-28 14:07:00.000000000,QUERY_SPREAD,89
2019-06-28 14:07:00.000000000,BEST_BID,"JPM,98181,97"
2019-06-28 14:07:00.000000000,BEST_ASK,"JPM,98270,174"
2019-06-28 14:07:00.000000000,LAST_TRADE,"5,$98181.0000"
2019-06-28 14:07:00.000000000,QUERY_SPREAD,90
2019-06-28 14:07:00.000000000,BEST_BID,"JPM,98181,93"
2019-06-28 14:07:00.000000000,BEST_ASK,"JPM,98270,174"
2019-06-28 14:07:00.000000000,LAST_TRADE,"4,$98181.0000"
2019-06-28 14:07:00.000000000,QUERY_SPREAD,91
2019-06-28 14:07:00.000000000,BEST_BID,"JPM,98181,90"
2019-06-28 14:07:00.000000000,BEST_ASK,"JPM,98270,174"
2019-06-28 14:07:00.000000000,LAST_TRADE,"3,$98181.0000"
2019-06-28 14:07:00.000000000,QUERY_SPREAD,92
2019-06-28 14:07:00.000000000,BEST_BID,"JPM,98181,85"
2019-06-28 14:07:00.000000000,BEST_ASK,"JPM,98270,174"
2019-06-28 14:07:00.000000000,LAST_TRADE,"5,$98181.0000"
2019-06-28 14:07:00.000000000,QUERY_SPREAD,93
2019-06-28 14:07:00.000000000,BEST_BID,"JPM,98181,78"
2019-06-28 14:07:00.000000000,BEST_ASK,"JPM,98270,174"
2019-06-28 14:07:00.000000000,LAST_TRADE,"7,$98181.0000"
2019-06-28 14:07:00.000000000,QUERY_SPREAD,94
2019-06-28 14:07:00.000000000,BEST_BID,"JPM,98181,77"
2019-06-28 14:07:00.000000000,BEST_ASK,"JPM,98270,174"
2019-06-28 14:07:00.000000000,LAST_TRADE,"1,$98181.0000"
2019-06-28 14:07:00.000000000,QUERY_SPREAD,95
2019-06-28 14:07:00.000000000,BEST_BID,"JPM,98181,76"
2019-06-28 14:07:00.000000000,BEST_ASK,"JPM,98270,174"
2019-06-28 14:07:00.000000000,LAST_TRADE,"1,$98181.0000"
2019-06-28 14:07:00.000000000,QUERY_SPREAD,96
2019-06-28 14:07:00.000000000,BEST_BID,"JPM,98181,72"
2019-06-28 14:07:00.000000000,BEST_ASK,"JPM,98270,174"
2019-06-28 14:07:00.000000000,LAST_TRADE,"4,$98181.0000"
2019-06-28 14:07:00.000000000,QUERY_SPREAD,97
2019-06-28 14:07:00.000000000,BEST_BID,"JPM,98181,69"
2019-06-28 14:07:00.000000000,BEST_ASK,"JPM,98270,174"
2019-06-28 14:07:00.000000000,LAST_TRADE,"3,$98181.0000"
2019-06-28 14:07:00.000000000,QUERY_SPREAD,98
2019-06-28 14:07:00.000000000,BEST_BID,"JPM,98181,64"
2019-06-28 14:07:00.000000000,BEST_ASK,"JPM,98270,174"
2019-06-28 14:07:00.000000000,LAST_TRADE,"5,$98181.0000"
2019-06-28 14:07:00.000000000,QUERY_SPREAD,99
2019-06-28 14:07:00.000000000,BEST_BID,"JPM,98181,60"
2019-06-28 14:07:00.000000000,BEST_ASK,"JPM,98270,174"
2019-06-28 14:07:00.000000000,LAST_TRADE,"4,$98181.0000"
2019-06-28 14:07:00.000000000,QUERY_SPREAD,100
2019-06-28 14:07:00.000000000,BEST_BID,"JPM,98181,55"
2019-06-28 14:07:00.000000000,BEST_ASK,"JPM,98270,174"
2019-06-28 14:07:00.000000000,LAST_TRADE,"5,$98181.0000"
2019-06-28 14:07:00.000000000,QUERY_SPREAD,101
2019-06-28 14:07:00.000000000,BEST_BID,"JPM,98181,55"
2019-06-28 14:07:00.000000000,BEST_ASK,"JPM,98270,173"
2019-06-28 14:07:00.000000000,LAST_TRADE,"1,$98270.0000"
2019-06-28 14:07:07.578468679,QUERY_ORDER_STREAM,58
2019-06-28 14:07:07.578468679,QUERY_SPREAD,58
2019-06-28 14:07:07.578468679,BEST_BID,"JPM,98181,155"
2019-06-28 14:07:07.578468679,BEST_ASK,"JPM,98270,173"
2019-06-28 14:07:10.000000000,QUERY_SPREAD,1
2019-06-28 14:07:10.000000000,BEST_BID,"JPM,98181,193"
2019-06-28 14:07:10.000000000,BEST_ASK,"JPM,98270,99"
2019-06-28 14:07:10.000000000,BEST_BID,"JPM,98181,193"
2019-06-28 14:07:10.000000000,BEST_ASK,"JPM,98270,99"
2019-06-28 14:07:10.000000000,BEST_BID,"JPM,98181,193"
2019-06-28 14:07:10.000000000,BEST_ASK,"JPM,98270,192"
2019-06-28 14:07:10.000000000,BEST_BID,"JPM,98181,193"
2019-06-28 14:07:10.000000000,BEST_ASK,"JPM,98270,192"
2019-06-28 14:07:10.000000000,BEST_BID,"JPM,98181,193"
2019-06-28 14:07:10.000000000,BEST_ASK,"JPM,98270,192"
2019-06-28 14:07:10.000000000,BEST_BID,"JPM,98181,193"
2019-06-28 14:07:10.000000000,BEST_ASK,"JPM,98270,192"
2019-06-28 14:07:15.598187966,QUERY_SPREAD,4
2019-06-28 14:07:15.598187966,BEST_BID,"JPM,98181,193"
2019-06-28 14:07:15.598187966,BEST_ASK,"JPM,98270,192"
2019-06-28 14:07:19.646582288,QUERY_SPREAD,12
2019-06-28 14:07:19.646582288,BEST_BID,"JPM,98181,193"
2019-06-28 14:07:19.646582288,BEST_ASK,"JPM,98270,92"
2019-06-28 14:07:19.646582288,LAST_TRADE,"100,$98270.0000"
2019-06-28 14:07:20.000000000,QUERY_SPREAD,1
2019-06-28 14:07:20.000000000,BEST_BID,"JPM,98181,471"
2019-06-28 14:07:20.000000000,BEST_ASK,"JPM,98303,100"
2019-06-28 14:07:20.000000000,BEST_BID,"JPM,98181,471"
2019-06-28 14:07:20.000000000,BEST_ASK,"JPM,98303,471"
2019-06-28 14:07:30.000000000,QUERY_SPREAD,1
2019-06-28 14:07:30.000000000,BEST_BID,"JPM,98181,174"
2019-06-28 14:07:30.000000000,BEST_ASK,"JPM,98303,100"
2019-06-28 14:07:30.000000000,BEST_BID,"JPM,98181,174"
2019-06-28 14:07:30.000000000,BEST_ASK,"JPM,98303,100"
2019-06-28 14:07:30.000000000,BEST_BID,"JPM,98181,174"
2019-06-28 14:07:30.000000000,BEST_ASK,"JPM,98303,174"
2019-06-28 14:07:30.000000000,BEST_BID,"JPM,98181,174"
2019-06-28 14:07:30.000000000,BEST_ASK,"JPM,98303,174"
2019-06-28 14:07:30.000000000,BEST_BID,"JPM,98181,174"
2019-06-28 14:07:30.000000000,BEST_ASK,"JPM,98303,174"
2019-06-28 14:07:30.000000000,BEST_BID,"JPM,98181,174"
2019-06-28 14:07:30.000000000,BEST_ASK,"JPM,98303,174"
2019-06-28 14:07:30.000000000,BEST_BID,"JPM,98181,174"
2019-06-28 14:07:30.000000000,BEST_ASK,"JPM,98303,174"
2019-06-28 14:07:30.593079693,QUERY_ORDER_STREAM,63
2019-06-28 14:07:30.593079693,QUERY_SPREAD,63
2019-06-28 14:07:30.593079693,BEST_BID,"JPM,98270,100"
2019-06-28 14:07:30.593079693,BEST_ASK,"JPM,98303,174"
2019-06-28 14:07:38.416340223,QUERY_SPREAD,44
2019-06-28 14:07:38.416340223,BEST_BID,"JPM,98270,100"
2019-06-28 14:07:38.416340223,BEST_ASK,"JPM,98303,174"
2019-06-28 14:07:40.000000000,QUERY_SPREAD,1
2019-06-28 14:07:40.000000000,BEST_BID,"JPM,98270,174"
2019-06-28 14:07:40.000000000,BEST_ASK,"JPM,98303,100"
2019-06-28 14:07:40.000000000,BEST_BID,"JPM,98270,174"
2019-06-28 14:07:40.000000000,BEST_ASK,"JPM,98303,100"
2019-06-28 14:07:40.000000000,BEST_BID,"JPM,98270,174"
2019-06-28 14:07:40.000000000,BEST_ASK,"JPM,98303,100"
2019-06-28 14:07:40.000000000,BEST_BID,"JPM,98270,174"
2019-06-28 14:07:40.000000000,BEST_ASK,"JPM,98303,174"
2019-06-28 14:07:40.000000000,BEST_BID,"JPM,98270,174"
2019-06-28 14:07:40.000000000,BEST_ASK,"JPM,98303,174"
2019-06-28 14:07:40.000000000,BEST_BID,"JPM,98270,174"
2019-06-28 14:07:40.000000000,BEST_ASK,"JPM,98303,174"
2019-06-28 14:07:40.000000000,BEST_BID,"JPM,98270,174"
2019-06-28 14:07:40.000000000,BEST_ASK,"JPM,98303,174"
2019-06-28 14:07:40.000000000,BEST_BID,"JPM,98270,174"
2019-06-28 14:07:40.000000000,BEST_ASK,"JPM,98303,174"
2019-06-28 14:07:50.000000000,QUERY_SPREAD,1
2019-06-28 14:07:50.000000000,BEST_BID,"JPM,98270,471"
2019-06-28 14:07:50.000000000,BEST_ASK,"JPM,98303,100"
2019-06-28 14:07:50.000000000,BEST_BID,"JPM,98270,471"
2019-06-28 14:07:50.000000000,BEST_ASK,"JPM,98303,471"
2019-06-28 14:07:55.139867218,QUERY_SPREAD,46
2019-06-28 14:07:55.139867218,BEST_BID,"JPM,98270,471"
2019-06-28 14:07:55.139867218,BEST_ASK,"JPM,98303,471"
2019-06-28 14:08:00.000000000,QUERY_SPREAD,1
2019-06-28 14:08:00.000000000,BEST_BID,"JPM,98270,226"
2019-06-28 14:08:00.000000000,BEST_ASK,"JPM,98303,100"
2019-06-28 14:08:00.000000000,BEST_BID,"JPM,98270,226"
2019-06-28 14:08:00.000000000,BEST_ASK,"JPM,98303,100"
2019-06-28 14:08:00.000000000,BEST_BID,"JPM,98270,226"
2019-06-28 14:08:00.000000000,BEST_ASK,"JPM,98303,100"
2019-06-28 14:08:00.000000000,BEST_BID,"JPM,98270,226"
2019-06-28 14:08:00.000000000,BEST_ASK,"JPM,98303,226"
2019-06-28 14:08:00.000000000,BEST_BID,"JPM,98270,226"
2019-06-28 14:08:00.000000000,BEST_ASK,"JPM,98303,226"
2019-06-28 14:08:00.000000000,BEST_BID,"JPM,98270,226"
2019-06-28 14:08:00.000000000,BEST_ASK,"JPM,98303,226"
2019-06-28 14:08:00.000000000,QUERY_SPREAD,77
2019-06-28 14:08:00.000000000,BEST_BID,"JPM,98270,221"
2019-06-28 14:08:00.000000000,BEST_ASK,"JPM,98303,226"
2019-06-28 14:08:00.000000000,LAST_TRADE,"5,$98270.0000"
2019-06-28 14:08:00.000000000,QUERY_SPREAD,78
2019-06-28 14:08:00.000000000,BEST_BID,"JPM,98270,213"
2019-06-28 14:08:00.000000000,BEST_ASK,"JPM,98303,226"
2019-06-28 14:08:00.000000000,LAST_TRADE,"8,$98270.0000"
2019-06-28 14:08:00.000000000,QUERY_SPREAD,79
2019-06-28 14:08:00.000000000,BEST_BID,"JPM,98270,208"
2019-06-28 14:08:00.000000000,BEST_ASK,"JPM,98303,226"
2019-06-28 14:08:00.000000000,LAST_TRADE,"5,$98270.0000"
2019-06-28 14:08:00.000000000,QUERY_SPREAD,80
2019-06-28 14:08:00.000000000,BEST_BID,"JPM,98270,200"
2019-06-28 14:08:00.000000000,BEST_ASK,"JPM,98303,226"
2019-06-28 14:08:00.000000000,LAST_TRADE,"8,$98270.0000"
2019-06-28 14:08:00.000000000,QUERY_SPREAD,81
2019-06-28 14:08:00.000000000,BEST_BID,"JPM,98270,191"
2019-06-28 14:08:00.000000000,BEST_ASK,"JPM,98303,226"
2019-06-28 14:08:00.000000000,LAST_TRADE,"9,$98270.0000"
2019-06-28 14:08:00.000000000,QUERY_SPREAD,82
2019-06-28 14:08:00.000000000,BEST_BID,"JPM,98270,188"
2019-06-28 14:08:00.000000000,BEST_ASK,"JPM,98303,226"
2019-06-28 14:08:00.000000000,LAST_TRADE,"3,$98270.0000"
2019-06-28 14:08:00.000000000,QUERY_SPREAD,83
2019-06-28 14:08:00.000000000,BEST_BID,"JPM,98270,180"
2019-06-28 14:08:00.000000000,BEST_ASK,"JPM,98303,226"
2019-06-28 14:08:00.000000000,LAST_TRADE,"8,$98270.0000"
2019-06-28 14:08:00.000000000,QUERY_SPREAD,84
2019-06-28 14:08:00.000000000,BEST_BID,"JPM,98270,176"
2019-06-28 14:08:00.000000000,BEST_ASK,"JPM,98303,226"
2019-06-28 14:08:00.000000000,LAST_TRADE,"4,$98270.0000"
2019-06-28 14:08:00.000000000,QUERY_SPREAD,85
2019-06-28 14:08:00.000000000,BEST_BID,"JPM,98270,171"
2019-06-28 14:08:00.000000000,BEST_ASK,"JPM,98303,226"
2019-06-28 14:08:00.000000000,LAST_TRADE,"5,$98270.0000"
2019-06-28 14:08:00.000000000,QUERY_SPREAD,86
2019-06-28 14:08:00.000000000,BEST_BID,"JPM,98270,169"
2019-06-28 14:08:00.000000000,BEST_ASK,"JPM,98303,226"
2019-06-28 14:08:00.000000000,LAST_TRADE,"2,$98270.0000"
2019-06-28 14:08:00.000000000,QUERY_SPREAD,87
2019-06-28 14:08:00.000000000,BEST_BID,"JPM,98270,162"
2019-06-28 14:08:00.000000000,BEST_ASK,"JPM,98303,226"
2019-06-28 14:08:00.000000000,LAST_TRADE,"7,$98270.0000"
2019-06-28 14:08:00.000000000,QUERY_SPREAD,88
2019-06-28 14:08:00.000000000,BEST_BID,"JPM,98270,154"
2019-06-28 14:08:00.000000000,BEST_ASK,"JPM,98303,226"
2019-06-28 14:08:00.000000000,LAST_TRADE,"8,$98270.0000"
2019-06-28 14:08:00.000000000,QUERY_SPREAD,89
2019-06-28 14:08:00.000000000,BEST_BID,"JPM,98270,149"
2019-06-28 14:08:00.000000000,BEST_ASK,"JPM,98303,226"
2019-06-28 14:08:00.000000000,LAST_TRADE,"5,$98270.0000"
2019-06-28 14:08:00.000000000,QUERY_SPREAD,90
2019-06-28 14:08:00.000000000,BEST_BID,"JPM,98270,145"
2019-06-28 14:08:00.000000000,BEST_ASK,"JPM,98303,226"
2019-06-28 14:08:00.000000000,LAST_TRADE,"4,$98270.0000"
2019-06-28 14:08:00.000000000,QUERY_SPREAD,91
2019-06-28 14:08:00.000000000,BEST_BID,"JPM,98270,142"
2019-06-28 14:08:00.000000000,BEST_ASK,"JPM,98303,226"
2019-06-28 14:08:00.000000000,LAST_TRADE,"3,$98270.0000"
2019-06-28 14:08:00.000000000,QUERY_SPREAD,92
2019-06-28 14:08:00.000000000,BEST_BID,"JPM,98270,137"
2019-06-28 14:08:00.000000000,BEST_ASK,"JPM,98303,226"
2019-06-28 14:08:00.000000000,LAST_TRADE,"5,$98270.0000"
2019-06-28 14:08:00.000000000,QUERY_SPREAD,93
2019-06-28 14:08:00.000000000,BEST_BID,"JPM,98270,130"
2019-06-28 14:08:00.000000000,BEST_ASK,"JPM,98303,226"
2019-06-28 14:08:00.000000000,LAST_TRADE,"7,$98270.0000"
2019-06-28 14:08:00.000000000,QUERY_SPREAD,94
2019-06-28 14:08:00.000000000,BEST_BID,"JPM,98270,129"
2019-06-28 14:08:00.000000000,BEST_ASK,"JPM,98303,226"
2019-06-28 14:08:00.000000000,LAST_TRADE,"1,$98270.0000"
2019-06-28 14:08:00.000000000,QUERY_SPREAD,95
2019-06-28 14:08:00.000000000,BEST_BID,"JPM,98270,128"
2019-06-28 14:08:00.000000000,BEST_ASK,"JPM,98303,226"
2019-06-28 14:08:00.000000000,LAST_TRADE,"1,$98270.0000"
2019-06-28 14:08:00.000000000,QUERY_SPREAD,96
2019-06-28 14:08:00.000000000,BEST_BID,"JPM,98270,124"
2019-06-28 14:08:00.000000000,BEST_ASK,"JPM,98303,226"
2019-06-28 14:08:00.000000000,LAST_TRADE,"4,$98270.0000"
2019-06-28 14:08:00.000000000,QUERY_SPREAD,97
2019-06-28 14:08:00.000000000,BEST_BID,"JPM,98270,121"
2019-06-28 14:08:00.000000000,BEST_ASK,"JPM,98303,226"
2019-06-28 14:08:00.000000000,LAST_TRADE,"3,$98270.0000"
2019-06-28 14:08:00.000000000,QUERY_SPREAD,98
2019-06-28 14:08:00.000000000,BEST_BID,"JPM,98270,116"
2019-06-28 14:08:00.000000000,BEST_ASK,"JPM,98303,226"
2019-06-28 14:08:00.000000000,LAST_TRADE,"5,$98270.0000"
2019-06-28 14:08:00.000000000,QUERY_SPREAD,99
2019-06-28 14:08:00.000000000,BEST_BID,"JPM,98270,112"
2019-06-28 14:08:00.000000000,BEST_ASK,"JPM,98303,226"
2019-06-28 14:08:00.000000000,LAST_TRADE,"4,$98270.0000"
2019-06-28 14:08:00.000000000,QUERY_SPREAD,100
2019-06-28 14:08:00.000000000,BEST_BID,"JPM,98270,107"
2019-06-28 14:08:00.000000000,BEST_ASK,"JPM,98303,226"
2019-06-28 14:08:00.000000000,LAST_TRADE,"5,$98270.0000"
2019-06-28 14:08:00.000000000,QUERY_SPREAD,101
2019-06-28 14:08:00.000000000,BEST_BID,"JPM,98270,107"
2019-06-28 14:08:00.000000000,BEST_ASK,"JPM,98303,225"
2019-06-28 14:08:00.000000000,LAST_TRADE,"1,$98303.0000"
2019-06-28 14:08:10.000000000,QUERY_SPREAD,1
2019-06-28 14:08:10.000000000,BEST_BID,"JPM,98181,226"
2019-06-28 14:08:10.000000000,BEST_ASK,"JPM,98303,99"
2019-06-28 14:08:10.000000000,BEST_BID,"JPM,98181,226"
2019-06-28 14:08:10.000000000,BEST_ASK,"JPM,98303,99"
2019-06-28 14:08:10.000000000,BEST_BID,"JPM,98181,226"
2019-06-28 14:08:10.000000000,BEST_ASK,"JPM,98303,225"
2019-06-28 14:08:10.000000000,BEST_BID,"JPM,98181,226"
2019-06-28 14:08:10.000000000,BEST_ASK,"JPM,98303,225"
2019-06-28 14:08:10.000000000,BEST_BID,"JPM,98181,226"
2019-06-28 14:08:10.000000000,BEST_ASK,"JPM,98303,225"
2019-06-28 14:08:17.069788783,QUERY_SPREAD,44
2019-06-28 14:08:17.069788783,BEST_BID,"JPM,98181,226"
2019-06-28 14:08:17.069788783,BEST_ASK,"JPM,98303,225"
2019-06-28 14:08:19.613407204,QUERY_SPREAD,48
2019-06-28 14:08:19.613407204,BEST_BID,"JPM,98181,226"
2019-06-28 14:08:19.613407204,BEST_ASK,"JPM,98303,225"
2019-06-28 14:08:20.000000000,QUERY_SPREAD,1
2019-06-28 14:08:20.000000000,BEST_BID,"JPM,98181,471"
2019-06-28 14:08:20.000000000,BEST_ASK,"JPM,98303,99"
2019-06-28 14:08:20.000000000,BEST_BID,"JPM,98181,471"
2019-06-28 14:08:20.000000000,BEST_ASK,"JPM,98303,470"
2019-06-28 14:08:30.000000000,QUERY_SPREAD,1
2019-06-28 14:08:30.000000000,BEST_BID,"JPM,98181,286"
2019-06-28 14:08:30.000000000,BEST_ASK,"JPM,98303,99"
2019-06-28 14:08:30.000000000,BEST_BID,"JPM,98181,286"
2019-06-28 14:08:30.000000000,BEST_ASK,"JPM,98303,99"
2019-06-28 14:08:30.000000000,BEST_BID,"JPM,98181,286"
2019-06-28 14:08:30.000000000,BEST_ASK,"JPM,98303,285"
2019-06-28 14:08:30.000000000,BEST_BID,"JPM,98181,286"
2019-06-28 14:08:30.000000000,BEST_ASK,"JPM,98303,285"
2019-06-28 14:08:33.671379767,QUERY_SPREAD,4
2019-06-28 14:08:33.671379767,BEST_BID,"JPM,98181,286"
2019-06-28 14:08:33.671379767,BEST_ASK,"JPM,98303,185"
2019-06-28 14:08:33.671379767,LAST_TRADE,"100,$98303.0000"
2019-06-28 14:08:40.000000000,QUERY_SPREAD,1
2019-06-28 14:08:40.000000000,BEST_BID,"JPM,98181,471"
2019-06-28 14:08:40.000000000,BEST_ASK,"JPM,98393,100"
2019-06-28 14:08:40.000000000,BEST_BID,"JPM,98181,471"
2019-06-28 14:08:40.000000000,BEST_ASK,"JPM,98393,471"
2019-06-28 14:08:50.000000000,QUERY_SPREAD,1
2019-06-28 14:08:50.000000000,BEST_BID,"JPM,98181,471"
2019-06-28 14:08:50.000000000,BEST_ASK,"JPM,98393,100"
2019-06-28 14:08:50.000000000,BEST_BID,"JPM,98181,471"
2019-06-28 14:08:50.000000000,BEST_ASK,"JPM,98393,471"
2019-06-28 14:09:00.000000000,QUERY_SPREAD,1
2019-06-28 14:09:00.000000000,BEST_BID,"JPM,98181,471"
2019-06-28 14:09:00.000000000,BEST_ASK,"JPM,98393,100"
2019-06-28 14:09:00.000000000,BEST_BID,"JPM,98181,471"
2019-06-28 14:09:00.000000000,BEST_ASK,"JPM,98393,471"
2019-06-28 14:09:00.000000000,QUERY_SPREAD,77
2019-06-28 14:09:00.000000000,BEST_BID,"JPM,98181,466"
2019-06-28 14:09:00.000000000,BEST_ASK,"JPM,98393,471"
2019-06-28 14:09:00.000000000,LAST_TRADE,"5,$98181.0000"
2019-06-28 14:09:00.000000000,QUERY_SPREAD,78
2019-06-28 14:09:00.000000000,BEST_BID,"JPM,98181,458"
2019-06-28 14:09:00.000000000,BEST_ASK,"JPM,98393,471"
2019-06-28 14:09:00.000000000,LAST_TRADE,"8,$98181.0000"
2019-06-28 14:09:00.000000000,QUERY_SPREAD,79
2019-06-28 14:09:00.000000000,BEST_BID,"JPM,98181,453"
2019-06-28 14:09:00.000000000,BEST_ASK,"JPM,98393,471"
2019-06-28 14:09:00.000000000,LAST_TRADE,"5,$98181.0000"
2019-06-28 14:09:00.000000000,QUERY_SPREAD,80
2019-06-28 14:09:00.000000000,BEST_BID,"JPM,98181,445"
2019-06-28 14:09:00.000000000,BEST_ASK,"JPM,98393,471"
2019-06-28 14:09:00.000000000,LAST_TRADE,"8,$98181.0000"
2019-06-28 14:09:00.000000000,QUERY_SPREAD,81
2019-06-28 14:09:00.000000000,BEST_BID,"JPM,98181,436"
2019-06-28 14:09:00.000000000,BEST_ASK,"JPM,98393,471"
2019-06-28 14:09:00.000000000,LAST_TRADE,"9,$98181.0000"
2019-06-28 14:09:00.000000000,QUERY_SPREAD,82
2019-06-28 14:09:00.000000000,BEST_BID,"JPM,98181,433"
2019-06-28 14:09:00.000000000,BEST_ASK,"JPM,98393,471"
2019-06-28 14:09:00.000000000,LAST_TRADE,"3,$98181.0000"
2019-06-28 14:09:00.000000000,QUERY_SPREAD,83
2019-06-28 14:09:00.000000000,BEST_BID,"JPM,98181,425"
2019-06-28 14:09:00.000000000,BEST_ASK,"JPM,98393,471"
2019-06-28 14:09:00.000000000,LAST_TRADE,"8,$98181.0000"
2019-06-28 14:09:00.000000000,QUERY_SPREAD,84
2019-06-28 14:09:00.000000000,BEST_BID,"JPM,98181,421"
2019-06-28 14:09:00.000000000,BEST_ASK,"JPM,98393,471"
2019-06-28 14:09:00.000000000,LAST_TRADE,"4,$98181.0000"
2019-06-28 14:09:00.000000000,QUERY_SPREAD,85
2019-06-28 14:09:00.000000000,BEST_BID,"JPM,98181,416"
2019-06-28 14:09:00.000000000,BEST_ASK,"JPM,98393,471"
2019-06-28 14:09:00.000000000,LAST_TRADE,"5,$98181.0000"
2019-06-28 14:09:00.000000000,QUERY_SPREAD,86
2019-06-28 14:09:00.000000000,BEST_BID,"JPM,98181,414"
2019-06-28 14:09:00.000000000,BEST_ASK,"JPM,98393,471"
2019-06-28 14:09:00.000000000,LAST_TRADE,"2,$98181.0000"
2019-06-28 14:09:00.000000000,QUERY_SPREAD,87
2019-06-28 14:09:00.000000000,BEST_BID,"JPM,98181,407"
2019-06-28 14:09:00.000000000,BEST_ASK,"JPM,98393,471"
2019-06-28 14:09:00.000000000,LAST_TRADE,"7,$98181.0000"
2019-06-28 14:09:00.000000000,QUERY_SPREAD,88
2019-06-28 14:09:00.000000000,BEST_BID,"JPM,98181,399"
2019-06-28 14:09:00.000000000,BEST_ASK,"JPM,98393,471"
2019-06-28 14:09:00.000000000,LAST_TRADE,"8,$98181.0000"
2019-06-28 14:09:00.000000000,QUERY_SPREAD,89
2019-06-28 14:09:00.000000000,BEST_BID,"JPM,98181,394"
2019-06-28 14:09:00.000000000,BEST_ASK,"JPM,98393,471"
2019-06-28 14:09:00.000000000,LAST_TRADE,"5,$98181.0000"
2019-06-28 14:09:00.000000000,QUERY_SPREAD,90
2019-06-28 14:09:00.000000000,BEST_BID,"JPM,98181,390"
2019-06-28 14:09:00.000000000,BEST_ASK,"JPM,98393,471"
2019-06-28 14:09:00.000000000,LAST_TRADE,"4,$98181.0000"
2019-06-28 14:09:00.000000000,QUERY_SPREAD,91
2019-06-28 14:09:00.000000000,BEST_BID,"JPM,98181,387"
2019-06-28 14:09:00.000000000,BEST_ASK,"JPM,98393,471"
2019-06-28 14:09:00.000000000,LAST_TRADE,"3,$98181.0000"
2019-06-28 14:09:00.000000000,QUERY_SPREAD,92
2019-06-28 14:09:00.000000000,BEST_BID,"JPM,98181,382"
2019-06-28 14:09:00.000000000,BEST_ASK,"JPM,98393,471"
2019-06-28 14:09:00.000000000,LAST_TRADE,"5,$98181.0000"
2019-06-28 14:09:00.000000000,QUERY_SPREAD,93
2019-06-28 14:09:00.000000000,BEST_BID,"JPM,98181,375"
2019-06-28 14:09:00.000000000,BEST_ASK,"JPM,98393,471"
2019-06-28 14:09:00.000000000,LAST_TRADE,"7,$98181.0000"
2019-06-28 14:09:00.000000000,QUERY_SPREAD,94
2019-06-28 14:09:00.000000000,BEST_BID,"JPM,98181,374"
2019-06-28 14:09:00.000000000,BEST_ASK,"JPM,98393,471"
2019-06-28 14:09:00.000000000,LAST_TRADE,"1,$98181.0000"
2019-06-28 14:09:00.000000000,QUERY_SPREAD,95
2019-06-28 14:09:00.000000000,BEST_BID,"JPM,98181,373"
2019-06-28 14:09:00.000000000,BEST_ASK,"JPM,98393,471"
2019-06-28 14:09:00.000000000,LAST_TRADE,"1,$98181.0000"
2019-06-28 14:09:00.000000000,QUERY_SPREAD,96
2019-06-28 14:09:00.000000000,BEST_BID,"JPM,98181,369"
2019-06-28 14:09:00.000000000,BEST_ASK,"JPM,98393,471"
2019-06-28 14:09:00.000000000,LAST_TRADE,"4,$98181.0000"
2019-06-28 14:09:00.000000000,QUERY_SPREAD,97
2019-06-28 14:09:00.000000000,BEST_BID,"JPM,98181,366"
2019-06-28 14:09:00.000000000,BEST_ASK,"JPM,98393,471"
2019-06-28 14:09:00.000000000,LAST_TRADE,"3,$98181.0000"
2019-06-28 14:09:00.000000000,QUERY_SPREAD,98
2019-06-28 14:09:00.000000000,BEST_BID,"JPM,98181,361"
2019-06-28 14:09:00.000000000,BEST_ASK,"JPM,98393,471"
2019-06-28 14:09:00.000000000,LAST_TRADE,"5,$98181.0000"
2019-06-28 14:09:00.000000000,QUERY_SPREAD,99
2019-06-28 14:09:00.000000000,BEST_BID,"JPM,98181,357"
2019-06-28 14:09:00.000000000,BEST_ASK,"JPM,98393,471"
2019-06-28 14:09:00.000000000,LAST_TRADE,"4,$98181.0000"
2019-06-28 14:09:00.000000000,QUERY_SPREAD,100
2019-06-28 14:09:00.000000000,BEST_BID,"JPM,98181,352"
2019-06-28 14:09:00.000000000,BEST_ASK,"JPM,98393,471"
2019-06-28 14:09:00.000000000,LAST_TRADE,"5,$98181.0000"
2019-06-28 14:09:00.000000000,QUERY_SPREAD,101
2019-06-28 14:09:00.000000000,BEST_BID,"JPM,98181,352"
2019-06-28 14:09:00.000000000,BEST_ASK,"JPM,98393,470"
2019-06-28 14:09:00.000000000,LAST_TRADE,"1,$98393.0000"
2019-06-28 14:09:02.283783343,QUERY_SPREAD,6
2019-06-28 14:09:02.283783343,BEST_BID,"JPM,98181,352"
2019-06-28 14:09:02.283783343,BEST_ASK,"JPM,98393,470"
2019-06-28 14:09:10.000000000,QUERY_SPREAD,1
2019-06-28 14:09:19.921748569,QUERY_SPREAD,21
2019-06-28 14:09:19.921748569,BEST_BID,"JPM,98393,1"
2019-06-28 14:09:19.921748569,BEST_ASK,"JPM,98436,100"
2019-06-28 14:09:19.921748569,LAST_TRADE,"99,$98393.0000"
2019-06-28 14:09:20.000000000,QUERY_SPREAD,1
2019-06-28 14:09:20.000000000,BEST_BID,"JPM,98393,187"
2019-06-28 14:09:20.000000000,BEST_ASK,"JPM,98436,100"
2019-06-28 14:09:20.000000000,BEST_BID,"JPM,98393,187"
2019-06-28 14:09:20.000000000,BEST_ASK,"JPM,98436,100"
2019-06-28 14:09:20.000000000,BEST_BID,"JPM,98393,187"
2019-06-28 14:09:20.000000000,BEST_ASK,"JPM,98436,286"
2019-06-28 14:09:20.000000000,BEST_BID,"JPM,98393,187"
2019-06-28 14:09:20.000000000,BEST_ASK,"JPM,98436,286"
2019-06-28 14:09:28.957859516,QUERY_ORDER_STREAM,62
2019-06-28 14:09:28.957859516,QUERY_SPREAD,62
2019-06-28 14:09:30.000000000,QUERY_SPREAD,1
2019-06-28 14:09:30.000000000,BEST_BID,"JPM,98393,75"
2019-06-28 14:09:30.000000000,BEST_ASK,"JPM,98436,100"
2019-06-28 14:09:30.000000000,BEST_BID,"JPM,98393,75"
2019-06-28 14:09:30.000000000,BEST_ASK,"JPM,98436,100"
2019-06-28 14:09:30.000000000,BEST_BID,"JPM,98393,75"
2019-06-28 14:09:30.000000000,BEST_ASK,"JPM,98436,174"
2019-06-28 14:09:30.000000000,BEST_BID,"JPM,98393,75"
2019-06-28 14:09:30.000000000,BEST_ASK,"JPM,98436,174"
2019-06-28 14:09:30.000000000,BEST_BID,"JPM,98393,75"
2019-06-28 14:09:30.000000000,BEST_ASK,"JPM,98436,174"
2019-06-28 14:09:30.000000000,BEST_BID,"JPM,98393,75"
2019-06-28 14:09:30.000000000,BEST_ASK,"JPM,98436,174"
2019-06-28 14:09:30.000000000,BEST_BID,"JPM,98393,75"
2019-06-28 14:09:30.000000000,BEST_ASK,"JPM,98436,174"
2019-06-28 14:09:40.000000000,QUERY_SPREAD,1
2019-06-28 14:09:40.000000000,BEST_BID,"JPM,98393,372"
2019-06-28 14:09:40.000000000,BEST_ASK,"JPM,98436,100"
2019-06-28 14:09:40.000000000,BEST_BID,"JPM,98393,372"
2019-06-28 14:09:40.000000000,BEST_ASK,"JPM,98436,471"
2019-06-28 14:09:50.000000000,QUERY_SPREAD,1
2019-06-28 14:09:50.000000000,BEST_BID,"JPM,98393,75"
2019-06-28 14:09:50.000000000,BEST_ASK,"JPM,98436,100"
2019-06-28 14:09:50.000000000,BEST_BID,"JPM,98393,75"
2019-06-28 14:09:50.000000000,BEST_ASK,"JPM,98436,100"
2019-06-28 14:09:50.000000000,BEST_BID,"JPM,98393,75"
2019-06-28 14:09:50.000000000,BEST_ASK,"JPM,98436,174"
2019-06-28 14:09:50.000000000,BEST_BID,"JPM,98393,75"
2019-06-28 14:09:50.000000000,BEST_ASK,"JPM,98436,174"
2019-06-28 14:09:50.000000000,BEST_BID,"JPM,98393,75"
2019-06-28 14:09:50.000000000,BEST_ASK,"JPM,98436,174"
2019-06-28 14:09:50.000000000,BEST_BID,"JPM,98393,75"
2019-06-28 14:09:50.000000000,BEST_ASK,"JPM,98436,174"
2019-06-28 14:09:50.000000000,BEST_BID,"JPM,98393,75"
2019-06-28 14:09:50.000000000,BEST_ASK,"JPM,98436,174"
2019-06-28 14:10:00.000000000,QUERY_SPREAD,1
2019-06-28 14:10:00.000000000,BEST_BID,"JPM,98393,372"
2019-06-28 14:10:00.000000000,BEST_ASK,"JPM,98436,100"
2019-06-28 14:10:00.000000000,BEST_BID,"JPM,98393,372"
2019-06-28 14:10:00.000000000,BEST_ASK,"JPM,98436,471"
2019-06-28 14:10:00.000000000,QUERY_SPREAD,77
2019-06-28 14:10:00.000000000,BEST_BID,"JPM,98393,367"
2019-06-28 14:10:00.000000000,BEST_ASK,"JPM,98436,471"
2019-06-28 14:10:00.000000000,LAST_TRADE,"5,$98393.0000"
2019-06-28 14:10:00.000000000,QUERY_SPREAD,78
2019-06-28 14:10:00.000000000,BEST_BID,"JPM,98393,359"
2019-06-28 14:10:00.000000000,BEST_ASK,"JPM,98436,471"
2019-06-28 14:10:00.000000000,LAST_TRADE,"8,$98393.0000"
2019-06-28 14:10:00.000000000,QUERY_SPREAD,79
2019-06-28 14:10:00.000000000,BEST_BID,"JPM,98393,354"
2019-06-28 14:10:00.000000000,BEST_ASK,"JPM,98436,471"
2019-06-28 14:10:00.000000000,LAST_TRADE,"5,$98393.0000"
2019-06-28 14:10:00.000000000,QUERY_SPREAD,80
2019-06-28 14:10:00.000000000,BEST_BID,"JPM,98393,346"
2019-06-28 14:10:00.000000000,BEST_ASK,"JPM,98436,471"
2019-06-28 14:10:00.000000000,LAST_TRADE,"8,$98393.0000"
2019-06-28 14:10:00.000000000,QUERY_SPREAD,81
2019-06-28 14:10:00.000000000,BEST_BID,"JPM,98393,337"
2019-06-28 14:10:00.000000000,BEST_ASK,"JPM,98436,471"
2019-06-28 14:10:00.000000000,LAST_TRADE,"9,$98393.0000"
2019-06-28 14:10:00.000000000,QUERY_SPREAD,82
2019-06-28 14:10:00.000000000,BEST_BID,"JPM,98393,334"
2019-06-28 14:10:00.000000000,BEST_ASK,"JPM,98436,471"
2019-06-28 14:10:00.000000000,LAST_TRADE,"3,$98393.0000"
2019-06-28 14:10:00.000000000,QUERY_SPREAD,83
2019-06-28 14:10:00.000000000,BEST_BID,"JPM,98393,326"
2019-06-28 14:10:00.000000000,BEST_ASK,"JPM,98436,471"
2019-06-28 14:10:00.000000000,LAST_TRADE,"8,$98393.0000"
2019-06-28 14:10:00.000000000,QUERY_SPREAD,84
2019-06-28 14:10:00.000000000,BEST_BID,"JPM,98393,322"
2019-06-28 14:10:00.000000000,BEST_ASK,"JPM,98436,471"
2019-06-28 14:10:00.000000000,LAST_TRADE,"4,$98393.0000"
2019-06-28 14:10:00.000000000,QUERY_SPREAD,85
2019-06-28 14:10:00.000000000,BEST_BID,"JPM,98393,317"
2019-06-28 14:10:00.000000000,BEST_ASK,"JPM,98436,471"
2019-06-28 14:10:00.000000000,LAST_TRADE,"5,$98393.0000"
2019-06-28 14:10:00.000000000,QUERY_SPREAD,86
2019-06-28 14:10:00.000000000,BEST_BID,"JPM,98393,315"
2019-06-28 14:10:00.000000000,BEST_ASK,"JPM,98436,471"
2019-06-28 14:10:00.000000000,LAST_TRADE,"2,$98393.0000"
2019-06-28 14:10:00.000000000,QUERY_SPREAD,87
2019-06-28 14:10:00.000000000,BEST_BID,"JPM,98393,308"
2019-06-28 14:10:00.000000000,BEST_ASK,"JPM,98436,471"
2019-06-28 14:10:00.000000000,LAST_TRADE,"7,$98393.0000"
2019-06-28 14:10:00.000000000,QUERY_SPREAD,88
2019-06-28 14:10:00.000000000,BEST_BID,"JPM,98393,300"
2019-06-28 14:10:00.000000000,BEST_ASK,"JPM,98436,471"
2019-06-28 14:10:00.000000000,LAST_TRADE,"8,$98393.0000"
2019-06-28 14:10:00.000000000,QUERY_SPREAD,89
2019-06-28 14:10:00.000000000,BEST_BID,"JPM,98393,295"
2019-06-28 14:10:00.000000000,BEST_ASK,"JPM,98436,471"
2019-06-28 14:10:00.000000000,LAST_TRADE,"5,$98393.0000"
2019-06-28 14:10:00.000000000,QUERY_SPREAD,90
2019-06-28 14:10:00.000000000,BEST_BID,"JPM,98393,291"
2019-06-28 14:10:00.000000000,BEST_ASK,"JPM,98436,471"
2019-06-28 14:10:00.000000000,LAST_TRADE,"4,$98393.0000"
2019-06-28 14:10:00.000000000,QUERY_SPREAD,91
2019-06-28 14:10:00.000000000,BEST_BID,"JPM,98393,288"
2019-06-28 14:10:00.000000000,BEST_ASK,"JPM,98436,471"
2019-06-28 14:10:00.000000000,LAST_TRADE,"3,$98393.0000"
2019-06-28 14:10:00.000000000,QUERY_SPREAD,92
2019-06-28 14:10:00.000000000,BEST_BID,"JPM,98393,283"
2019-06-28 14:10:00.000000000,BEST_ASK,"JPM,98436,471"
2019-06-28 14:10:00.000000000,LAST_TRADE,"5,$98393.0000"
2019-06-28 14:10:00.000000000,QUERY_SPREAD,93
2019-06-28 14:10:00.000000000,BEST_BID,"JPM,98393,276"
2019-06-28 14:10:00.000000000,BEST_ASK,"JPM,98436,471"
2019-06-28 14:10:00.000000000,LAST_TRADE,"7,$98393.0000"
2019-06-28 14:10:00.000000000,QUERY_SPREAD,94
2019-06-28 14:10:00.000000000,BEST_BID,"JPM,98393,275"
2019-06-28 14:10:00.000000000,BEST_ASK,"JPM,98436,471"
2019-06-28 14:10:00.000000000,LAST_TRADE,"1,$98393.0000"
2019-06-28 14:10:00.000000000,QUERY_SPREAD,95
2019-06-28 14:10:00.000000000,BEST_BID,"JPM,98393,274"
2019-06-28 14:10:00.000000000,BEST_ASK,"JPM,98436,471"
2019-06-28 14:10:00.000000000,LAST_TRADE,"1,$98393.0000"
2019-06-28 14:10:00.000000000,QUERY_SPREAD,96
2019-06-28 14:10:00.000000000,BEST_BID,"JPM,98393,270"
2019-06-28 14:10:00.000000000,BEST_ASK,"JPM,98436,471"
2019-06-28 14:10:00.000000000,LAST_TRADE,"4,$98393.0000"
2019-06-28 14:10:00.000000000,QUERY_SPREAD,97
2019-06-28 14:10:00.000000000,BEST_BID,"JPM,98393,267"
2019-06-28 14:10:00.000000000,BEST_ASK,"JPM,98436,471"
2019-06-28 14:10:00.000000000,LAST_TRADE,"3,$98393.0000"
2019-06-28 14:10:00.000000000,QUERY_SPREAD,98
2019-06-28 14:10:00.000000000,BEST_BID,"JPM,98393,262"
2019-06-28 14:10:00.000000000,BEST_ASK,"JPM,98436,471"
2019-06-28 14:10:00.000000000,LAST_TRADE,"5,$98393.0000"
2019-06-28 14:10:00.000000000,QUERY_SPREAD,99
2019-06-28 14:10:00.000000000,BEST_BID,"JPM,98393,258"
2019-06-28 14:10:00.000000000,BEST_ASK,"JPM,98436,471"
2019-06-28 14:10:00.000000000,LAST_TRADE,"4,$98393.0000"
2019-06-28 14:10:00.000000000,QUERY_SPREAD,100
2019-06-28 14:10:00.000000000,BEST_BID,"JPM,98393,253"
2019-06-28 14:10:00.000000000,BEST_ASK,"JPM,98436,471"
2019-06-28 14:10:00.000000000,LAST_TRADE,"5,$98393.0000"
2019-06-28 14:10:00.000000000,QUERY_SPREAD,101
2019-06-28 14:10:00.000000000,BEST_BID,"JPM,98393,253"
2019-06-28 14:10:00.000000000,BEST_ASK,"JPM,98436,470"
2019-06-28 14:10:00.000000000,LAST_TRADE,"1,$98436.0000"
2019-06-28 14:10:07.539648151,QUERY_SPREAD,10
2019-06-28 14:10:07.539648151,BEST_BID,"JPM,98393,253"
2019-06-28 14:10:07.539648151,BEST_ASK,"JPM,98436,470"
2019-06-28 14:10:10.000000000,QUERY_SPREAD,1
2019-06-28 14:10:10.790955117,QUERY_SPREAD,36
2019-06-28 14:10:10.790955117,BEST_ASK,"JPM,98436,99"
2019-06-28 14:10:20.000000000,QUERY_SPREAD,1
2019-06-28 14:10:22.050679844,QUERY_ORDER_STREAM,69
2019-06-28 14:10:22.050679844,QUERY_SPREAD,69
2019-06-28 14:10:22.050679844,BEST_BID,"JPM,98393,100"
2019-06-28 14:10:22.050679844,BEST_ASK,"JPM,98436,99"
2019-06-28 14:10:25.346530619,QUERY_SPREAD,31
2019-06-28 14:10:25.346530619,BEST_BID,"JPM,98393,100"
2019-06-28 14:10:25.346530619,BEST_ASK,"JPM,98436,99"
2019-06-28 14:10:25.365517286,QUERY_SPREAD,43
2019-06-28 14:10:25.365517286,BEST_BID,"JPM,98436,1"
2019-06-28 14:10:25.365517286,BEST_ASK,"JPM,98644,100"
2019-06-28 14:10:25.365517286,LAST_TRADE,"99,$98436.0000"
2019-06-28 14:10:30.000000000,QUERY_SPREAD,1
2019-06-28 14:10:30.000000000,BEST_BID,"JPM,98436,94"
2019-06-28 14:10:30.000000000,BEST_ASK,"JPM,98644,100"
2019-06-28 14:10:30.000000000,BEST_BID,"JPM,98436,94"
2019-06-28 14:10:30.000000000,BEST_ASK,"JPM,98644,100"
2019-06-28 14:10:30.000000000,BEST_BID,"JPM,98436,94"
2019-06-28 14:10:30.000000000,BEST_ASK,"JPM,98644,100"
2019-06-28 14:10:30.000000000,BEST_BID,"JPM,98436,94"
2019-06-28 14:10:30.000000000,BEST_ASK,"JPM,98644,193"
2019-06-28 14:10:30.000000000,BEST_BID,"JPM,98436,94"
2019-06-28 14:10:30.000000000,BEST_ASK,"JPM,98644,193"
2019-06-28 14:10:30.000000000,BEST_BID,"JPM,98436,94"
2019-06-28 14:10:30.000000000,BEST_ASK,"JPM,98644,193"
2019-06-28 14:10:30.000000000,BEST_BID,"JPM,98436,94"
2019-06-28 14:10:30.000000000,BEST_ASK,"JPM,98644,193"
2019-06-28 14:10:34.594404239,QUERY_SPREAD,24
2019-06-28 14:10:34.594404239,BEST_BID,"JPM,98436,94"
2019-06-28 14:10:34.594404239,BEST_ASK,"JPM,98644,193"
2019-06-28 14:10:40.000000000,QUERY_SPREAD,1
2019-06-28 14:10:40.000000000,BEST_BID,"JPM,98436,94"
2019-06-28 14:10:40.000000000,BEST_ASK,"JPM,98644,100"
2019-06-28 14:10:40.000000000,BEST_BID,"JPM,98436,94"
2019-06-28 14:10:40.000000000,BEST_ASK,"JPM,98644,100"
2019-06-28 14:10:40.000000000,BEST_BID,"JPM,98436,94"
2019-06-28 14:10:40.000000000,BEST_ASK,"JPM,98644,100"
2019-06-28 14:10:40.000000000,BEST_BID,"JPM,98436,94"
2019-06-28 14:10:40.000000000,BEST_ASK,"JPM,98644,193"
2019-06-28 14:10:40.000000000,BEST_BID,"JPM,98436,94"
2019-06-28 14:10:40.000000000,BEST_ASK,"JPM,98644,193"
2019-06-28 14:10:40.000000000,BEST_BID,"JPM,98436,94"
2019-06-28 14:10:40.000000000,BEST_ASK,"JPM,98644,193"
2019-06-28 14:10:40.000000000,BEST_BID,"JPM,98436,94"
2019-06-28 14:10:40.000000000,BEST_ASK,"JPM,98644,193"
2019-06-28 14:10:41.090369488,QUERY_SPREAD,37
2019-06-28 14:10:41.090369488,BEST_BID,"JPM,98436,94"
2019-06-28 14:10:41.090369488,BEST_ASK,"JPM,98644,193"
2019-06-28 14:10:43.159122284,QUERY_SPREAD,41
2019-06-28 14:10:43.159122284,BEST_BID,"JPM,98436,94"
2019-06-28 14:10:43.159122284,BEST_ASK,"JPM,98644,193"
2019-06-28 14:10:50.000000000,QUERY_SPREAD,1
2019-06-28 14:10:50.000000000,BEST_BID,"JPM,98436,94"
2019-06-28 14:10:50.000000000,BEST_ASK,"JPM,98644,100"
2019-06-28 14:10:50.000000000,BEST_BID,"JPM,98436,94"
2019-06-28 14:10:50.000000000,BEST_ASK,"JPM,98644,100"
2019-06-28 14:10:50.000000000,BEST_BID,"JPM,98436,94"
2019-06-28 14:10:50.000000000,BEST_ASK,"JPM,98644,100"
2019-06-28 14:10:50.000000000,BEST_BID,"JPM,98436,94"
2019-06-28 14:10:50.000000000,BEST_ASK,"JPM,98644,193"
2019-06-28 14:10:50.000000000,BEST_BID,"JPM,98436,94"
2019-06-28 14:10:50.000000000,BEST_ASK,"JPM,98644,193"
2019-06-28 14:10:50.000000000,BEST_BID,"JPM,98436,94"
2019-06-28 14:10:50.000000000,BEST_ASK,"JPM,98644,193"
2019-06-28 14:10:50.000000000,BEST_BID,"JPM,98436,94"
2019-06-28 14:10:50.000000000,BEST_ASK,"JPM,98644,193"
2019-06-28 14:10:59.775010323,QUERY_ORDER_STREAM,62
2019-06-28 14:10:59.775010323,QUERY_SPREAD,62
2019-06-28 14:10:59.775010323,BEST_BID,"JPM,98436,194"
2019-06-28 14:10:59.775010323,BEST_ASK,"JPM,98644,193"
2019-06-28 14:11:00.000000000,QUERY_SPREAD,1
2019-06-28 14:11:00.000000000,BEST_BID,"JPM,98436,175"
2019-06-28 14:11:00.000000000,BEST_ASK,"JPM,98644,100"
2019-06-28 14:11:00.000000000,BEST_BID,"JPM,98436,175"
2019-06-28 14:11:00.000000000,BEST_ASK,"JPM,98644,100"
2019-06-28 14:11:00.000000000,BEST_BID,"JPM,98436,175"
2019-06-28 14:11:00.000000000,BEST_ASK,"JPM,98644,100"
2019-06-28 14:11:00.000000000,BEST_BID,"JPM,98436,175"
2019-06-28 14:11:00.000000000,BEST_ASK,"JPM,98644,174"
2019-06-28 14:11:00.000000000,BEST_BID,"JPM,98436,175"
2019-06-28 14:11:00.000000000,BEST_ASK,"JPM,98644,174"
2019-06-28 14:11:00.000000000,BEST_BID,"JPM,98436,175"
2019-06-28 14:11:00.000000000,BEST_ASK,"JPM,98644,174"
2019-06-28 14:11:00.000000000,BEST_BID,"JPM,98436,175"
2019-06-28 14:11:00.000000000,BEST_ASK,"JPM,98644,174"
2019-06-28 14:11:00.000000000,BEST_BID,"JPM,98436,175"
2019-06-28 14:11:00.000000000,BEST_ASK,"JPM,98644,174"
2019-06-28 14:11:00.000000000,QUERY_SPREAD,77
2019-06-28 14:11:00.000000000,BEST_BID,"JPM,98436,170"
2019-06-28 14:11:00.000000000,BEST_ASK,"JPM,98644,174"
2019-06-28 14:11:00.000000000,LAST_TRADE,"5,$98436.0000"
2019-06-28 14:11:00.000000000,QUERY_SPREAD,78
2019-06-28 14:11:00.000000000,BEST_BID,"JPM,98436,162"
2019-06-28 14:11:00.000000000,BEST_ASK,"JPM,98644,174"
2019-06-28 14:11:00.000000000,LAST_TRADE,"8,$98436.0000"
2019-06-28 14:11:00.000000000,QUERY_SPREAD,79
2019-06-28 14:11:00.000000000,BEST_BID,"JPM,98436,157"
2019-06-28 14:11:00.000000000,BEST_ASK,"JPM,98644,174"
2019-06-28 14:11:00.000000000,LAST_TRADE,"5,$98436.0000"
2019-06-28 14:11:00.000000000,QUERY_SPREAD,80
2019-06-28 14:11:00.000000000,BEST_BID,"JPM,98436,149"
2019-06-28 14:11:00.000000000,BEST_ASK,"JPM,98644,174"
2019-06-28 14:11:00.000000000,LAST_TRADE,"8,$98436.0000"
2019-06-28 14:11:00.000000000,QUERY_SPREAD,81
2019-06-28 14:11:00.000000000,BEST_BID,"JPM,98436,140"
2019-06-28 14:11:00.000000000,BEST_ASK,"JPM,98644,174"
2019-06-28 14:11:00.000000000,LAST_TRADE,"9,$98436.0000"
2019-06-28 14:11:00.000000000,QUERY_SPREAD,82
2019-06-28 14:11:00.000000000,BEST_BID,"JPM,98436,137"
2019-06-28 14:11:00.000000000,BEST_ASK,"JPM,98644,174"
2019-06-28 14:11:00.000000000,LAST_TRADE,"3,$98436.0000"
2019-06-28 14:11:00.000000000,QUERY_SPREAD,83
2019-06-28 14:11:00.000000000,BEST_BID,"JPM,98436,129"
2019-06-28 14:11:00.000000000,BEST_ASK,"JPM,98644,174"
2019-06-28 14:11:00.000000000,LAST_TRADE,"8,$98436.0000"
2019-06-28 14:11:00.000000000,QUERY_SPREAD,84
2019-06-28 14:11:00.000000000,BEST_BID,"JPM,98436,125"
2019-06-28 14:11:00.000000000,BEST_ASK,"JPM,98644,174"
2019-06-28 14:11:00.000000000,LAST_TRADE,"4,$98436.0000"
2019-06-28 14:11:00.000000000,QUERY_SPREAD,85
2019-06-28 14:11:00.000000000,BEST_BID,"JPM,98436,120"
2019-06-28 14:11:00.000000000,BEST_ASK,"JPM,98644,174"
2019-06-28 14:11:00.000000000,LAST_TRADE,"5,$98436.0000"
2019-06-28 14:11:00.000000000,QUERY_SPREAD,86
2019-06-28 14:11:00.000000000,BEST_BID,"JPM,98436,118"
2019-06-28 14:11:00.000000000,BEST_ASK,"JPM,98644,174"
2019-06-28 14:11:00.000000000,LAST_TRADE,"2,$98436.0000"
2019-06-28 14:11:00.000000000,QUERY_SPREAD,87
2019-06-28 14:11:00.000000000,BEST_BID,"JPM,98436,111"
2019-06-28 14:11:00.000000000,BEST_ASK,"JPM,98644,174"
2019-06-28 14:11:00.000000000,LAST_TRADE,"7,$98436.0000"
2019-06-28 14:11:00.000000000,QUERY_SPREAD,88
2019-06-28 14:11:00.000000000,BEST_BID,"JPM,98436,103"
2019-06-28 14:11:00.000000000,BEST_ASK,"JPM,98644,174"
2019-06-28 14:11:00.000000000,LAST_TRADE,"8,$98436.0000"
2019-06-28 14:11:00.000000000,QUERY_SPREAD,89
2019-06-28 14:11:00.000000000,BEST_BID,"JPM,98436,98"
2019-06-28 14:11:00.000000000,BEST_ASK,"JPM,98644,174"
2019-06-28 14:11:00.000000000,LAST_TRADE,"5,$98436.0000"
2019-06-28 14:11:00.000000000,QUERY_SPREAD,90
2019-06-28 14:11:00.000000000,BEST_BID,"JPM,98436,94"
2019-06-28 14:11:00.000000000,BEST_ASK,"JPM,98644,174"
2019-06-28 14:11:00.000000000,LAST_TRADE,"4,$98436.0000"
2019-06-28 14:11:00.000000000,QUERY_SPREAD,91
2019-06-28 14:11:00.000000000,BEST_BID,"JPM,98436,91"
2019-06-28 14:11:00.000000000,BEST_ASK,"JPM,98644,174"
2019-06-28 14:11:00.000000000,LAST_TRADE,"3,$98436.0000"
2019-06-28 14:11:00.000000000,QUERY_SPREAD,92
2019-06-28 14:11:00.000000000,BEST_BID,"JPM,98436,86"
2019-06-28 14:11:00.000000000,BEST_ASK,"JPM,98644,174"
2019-06-28 14:11:00.000000000,LAST_TRADE,"5,$98436.0000"
2019-06-28 14:11:00.000000000,QUERY_SPREAD,93
2019-06-28 14:11:00.000000000,BEST_BID,"JPM,98436,79"
2019-06-28 14:11:00.000000000,BEST_ASK,"JPM,98644,174"
2019-06-28 14:11:00.000000000,LAST_TRADE,"7,$98436.0000"
2019-06-28 14:11:00.000000000,QUERY_SPREAD,94
2019-06-28 14:11:00.000000000,BEST_BID,"JPM,98436,78"
2019-06-28 14:11:00.000000000,BEST_ASK,"JPM,98644,174"
2019-06-28 14:11:00.000000000,LAST_TRADE,"1,$98436.0000"
2019-06-28 14:11:00.000000000,QUERY_SPREAD,95
2019-06-28 14:11:00.000000000,BEST_BID,"JPM,98436,77"
2019-06-28 14:11:00.000000000,BEST_ASK,"JPM,98644,174"
2019-06-28 14:11:00.000000000,LAST_TRADE,"1,$98436.0000"
2019-06-28 14:11:00.000000000,QUERY_SPREAD,96
2019-06-28 14:11:00.000000000,BEST_BID,"JPM,98436,73"
2019-06-28 14:11:00.000000000,BEST_ASK,"JPM,98644,174"
2019-06-28 14:11:00.000000000,LAST_TRADE,"4,$98436.0000"
2019-06-28 14:11:00.000000000,QUERY_SPREAD,97
2019-06-28 14:11:00.000000000,BEST_BID,"JPM,98436,70"
2019-06-28 14:11:00.000000000,BEST_ASK,"JPM,98644,174"
2019-06-28 14:11:00.000000000,LAST_TRADE,"3,$98436.0000"
2019-06-28 14:11:00.000000000,QUERY_SPREAD,98
2019-06-28 14:11:00.000000000,BEST_BID,"JPM,98436,65"
2019-06-28 14:11:00.000000000,BEST_ASK,"JPM,98644,174"
2019-06-28 14:11:00.000000000,LAST_TRADE,"5,$98436.0000"
2019-06-28 14:11:00.000000000,QUERY_SPREAD,99
2019-06-28 14:11:00.000000000,BEST_BID,"JPM,98436,61"
2019-06-28 14:11:00.000000000,BEST_ASK,"JPM,98644,174"
2019-06-28 14:11:00.000000000,LAST_TRADE,"4,$98436.0000"
2019-06-28 14:11:00.000000000,QUERY_SPREAD,100
2019-06-28 14:11:00.000000000,BEST_BID,"JPM,98436,56"
2019-06-28 14:11:00.000000000,BEST_ASK,"JPM,98644,174"
2019-06-28 14:11:00.000000000,LAST_TRADE,"5,$98436.0000"
2019-06-28 14:11:00.000000000,QUERY_SPREAD,101
2019-06-28 14:11:00.000000000,BEST_BID,"JPM,98436,56"
2019-06-28 14:11:00.000000000,BEST_ASK,"JPM,98644,173"
2019-06-28 14:11:00.000000000,LAST_TRADE,"1,$98644.0000"
2019-06-28 14:11:10.000000000,QUERY_SPREAD,1
2019-06-28 14:11:10.000000000,BEST_BID,"JPM,98393,471"
2019-06-28 14:11:10.000000000,BEST_ASK,"JPM,98644,99"
2019-06-28 14:11:10.000000000,BEST_BID,"JPM,98393,471"
2019-06-28 14:11:10.000000000,BEST_ASK,"JPM,98644,470"
2019-06-28 14:11:13.476265592,QUERY_SPREAD,43
2019-06-28 14:11:13.476265592,BEST_BID,"JPM,98393,471"
2019-06-28 14:11:13.476265592,BEST_ASK,"JPM,98644,370"
2019-06-28 14:11:13.476265592,LAST_TRADE,"100,$98644.0000"
2019-06-28 14:11:20.000000000,QUERY_SPREAD,1
2019-06-28 14:11:20.000000000,BEST_BID,"JPM,98393,226"
2019-06-28 14:11:20.000000000,BEST_ASK,"JPM,99176,100"
2019-06-28 14:11:20.000000000,BEST_BID,"JPM,98393,226"
2019-06-28 14:11:20.000000000,BEST_ASK,"JPM,99176,100"
2019-06-28 14:11:20.000000000,BEST_BID,"JPM,98393,226"
2019-06-28 14:11:20.000000000,BEST_ASK,"JPM,99176,226"
2019-06-28 14:11:20.000000000,BEST_BID,"JPM,98393,226"
2019-06-28 14:11:20.000000000,BEST_ASK,"JPM,99176,226"
2019-06-28 14:11:20.000000000,BEST_BID,"JPM,98393,226"
2019-06-28 14:11:20.000000000,BEST_ASK,"JPM,99176,226"
2019-06-28 14:11:29.332759992,QUERY_SPREAD,22
2019-06-28 14:11:29.332759992,BEST_BID,"JPM,98393,226"
2019-06-28 14:11:29.332759992,BEST_ASK,"JPM,99176,226"
2019-06-28 14:11:30.000000000,QUERY_SPREAD,1
2019-06-28 14:11:30.000000000,BEST_BID,"JPM,98393,471"
2019-06-28 14:11:30.000000000,BEST_ASK,"JPM,99176,100"
2019-06-28 14:11:30.000000000,BEST_BID,"JPM,98393,471"
2019-06-28 14:11:30.000000000,BEST_ASK,"JPM,99176,471"
2019-06-28 14:11:39.573801373,QUERY_ORDER_STREAM,65
2019-06-28 14:11:39.573801373,QUERY_SPREAD,65
2019-06-28 14:11:39.573801373,BEST_BID,"JPM,98644,100"
2019-06-28 14:11:39.573801373,BEST_ASK,"JPM,99176,471"
2019-06-28 14:11:40.000000000,QUERY_SPREAD,1
2019-06-28 14:11:40.000000000,BEST_BID,"JPM,98644,193"
2019-06-28 14:11:40.000000000,BEST_ASK,"JPM,99176,100"
2019-06-28 14:11:40.000000000,BEST_BID,"JPM,98644,193"
2019-06-28 14:11:40.000000000,BEST_ASK,"JPM,99176,100"
2019-06-28 14:11:40.000000000,BEST_BID,"JPM,98644,193"
2019-06-28 14:11:40.000000000,BEST_ASK,"JPM,99176,100"
2019-06-28 14:11:40.000000000,BEST_BID,"JPM,98644,193"
2019-06-28 14:11:40.000000000,BEST_ASK,"JPM,99176,193"
2019-06-28 14:11:40.000000000,BEST_BID,"JPM,98644,193"
2019-06-28 14:11:40.000000000,BEST_ASK,"JPM,99176,193"
2019-06-28 14:11:40.000000000,BEST_BID,"JPM,98644,193"
2019-06-28 14:11:40.000000000,BEST_ASK,"JPM,99176,193"
2019-06-28 14:11:40.000000000,BEST_BID,"JPM,98644,193"
2019-06-28 14:11:40.000000000,BEST_ASK,"JPM,99176,193"
2019-06-28 14:11:50.000000000,QUERY_SPREAD,1
2019-06-28 14:11:50.000000000,BEST_BID,"JPM,98644,174"
2019-06-28 14:11:50.000000000,BEST_ASK,"JPM,99176,100"
2019-06-28 14:11:50.000000000,BEST_BID,"JPM,98644,174"
2019-06-28 14:11:50.000000000,BEST_ASK,"JPM,99176,100"
2019-06-28 14:11:50.000000000,BEST_BID,"JPM,98644,174"
2019-06-28 14:11:50.000000000,BEST_ASK,"JPM,99176,100"
2019-06-28 14:11:50.000000000,BEST_BID,"JPM,98644,174"
2019-06-28 14:11:50.000000000,BEST_ASK,"JPM,99176,174"
2019-06-28 14:11:50.000000000,BEST_BID,"JPM,98644,174"
2019-06-28 14:11:50.000000000,BEST_ASK,"JPM,99176,174"
2019-06-28 14:11:50.000000000,BEST_BID,"JPM,98644,174"
2019-06-28 14:11:50.000000000,BEST_ASK,"JPM,99176,174"
2019-06-28 14:11:50.000000000,BEST_BID,"JPM,98644,174"
2019-06-28 14:11:50.000000000,BEST_ASK,"JPM,99176,174"
2019-06-28 14:11:50.000000000,BEST_BID,"JPM,98644,174"
2019-06-28 14:11:50.000000000,BEST_ASK,"JPM,99176,174"
2019-06-28 14:11:55.793345219,QUERY_SPREAD,25
2019-06-28 14:11:55.793345219,BEST_BID,"JPM,98644,174"
2019-06-28 14:11:55.793345219,BEST_ASK,"JPM,99176,174"
2019-06-28 14:12:00.000000000,QUERY_SPREAD,1
2019-06-28 14:12:00.000000000,BEST_BID,"JPM,98644,193"
2019-06-28 14:12:00.000000000,BEST_ASK,"JPM,99176,100"
2019-06-28 14:12:00.000000000,BEST_BID,"JPM,98644,193"
2019-06-28 14:12:00.000000000,BEST_ASK,"JPM,99176,100"
2019-06-28 14:12:00.000000000,BEST_BID,"JPM,98644,193"
2019-06-28 14:12:00.000000000,BEST_ASK,"JPM,99176,100"
2019-06-28 14:12:00.000000000,BEST_BID,"JPM,98644,193"
2019-06-28 14:12:00.000000000,BEST_ASK,"JPM,99176,193"
2019-06-28 14:12:00.000000000,BEST_BID,"JPM,98644,193"
2019-06-28 14:12:00.000000000,BEST_ASK,"JPM,99176,193"
2019-06-28 14:12:00.000000000,BEST_BID,"JPM,98644,193"
2019-06-28 14:12:00.000000000,BEST_ASK,"JPM,99176,193"
2019-06-28 14:12:00.000000000,BEST_BID,"JPM,98644,193"
2019-06-28 14:12:00.000000000,BEST_ASK,"JPM,99176,193"
2019-06-28 14:12:00.000000000,QUERY_SPREAD,77
2019-06-28 14:12:00.000000000,BEST_BID,"JPM,98644,188"
2019-06-28 14:12:00.000000000,BEST_ASK,"JPM,99176,193"
2019-06-28 14:12:00.000000000,LAST_TRADE,"5,$98644.0000"
2019-06-28 14:12:00.000000000,QUERY_SPREAD,78
2019-06-28 14:12:00.000000000,BEST_BID,"JPM,98644,180"
2019-06-28 14:12:00.000000000,BEST_ASK,"JPM,99176,193"
2019-06-28 14:12:00.000000000,LAST_TRADE,"8,$98644.0000"
2019-06-28 14:12:00.000000000,QUERY_SPREAD,79
2019-06-28 14:12:00.000000000,BEST_BID,"JPM,98644,175"
2019-06-28 14:12:00.000000000,BEST_ASK,"JPM,99176,193"
2019-06-28 14:12:00.000000000,LAST_TRADE,"5,$98644.0000"
2019-06-28 14:12:00.000000000,QUERY_SPREAD,80
2019-06-28 14:12:00.000000000,BEST_BID,"JPM,98644,167"
2019-06-28 14:12:00.000000000,BEST_ASK,"JPM,99176,193"
2019-06-28 14:12:00.000000000,LAST_TRADE,"8,$98644.0000"
2019-06-28 14:12:00.000000000,QUERY_SPREAD,81
2019-06-28 14:12:00.000000000,BEST_BID,"JPM,98644,158"
2019-06-28 14:12:00.000000000,BEST_ASK,"JPM,99176,193"
2019-06-28 14:12:00.000000000,LAST_TRADE,"9,$98644.0000"
2019-06-28 14:12:00.000000000,QUERY_SPREAD,82
2019-06-28 14:12:00.000000000,BEST_BID,"JPM,98644,155"
2019-06-28 14:12:00.000000000,BEST_ASK,"JPM,99176,193"
2019-06-28 14:12:00.000000000,LAST_TRADE,"3,$98644.0000"
2019-06-28 14:12:00.000000000,QUERY_SPREAD,83
2019-06-28 14:12:00.000000000,BEST_BID,"JPM,98644,147"
2019-06-28 14:12:00.000000000,BEST_ASK,"JPM,99176,193"
2019-06-28 14:12:00.000000000,LAST_TRADE,"8,$98644.0000"
2019-06-28 14:12:00.000000000,QUERY_SPREAD,84
2019-06-28 14:12:00.000000000,BEST_BID,"JPM,98644,143"
2019-06-28 14:12:00.000000000,BEST_ASK,"JPM,99176,193"
2019-06-28 14:12:00.000000000,LAST_TRADE,"4,$98644.0000"
2019-06-28 14:12:00.000000000,QUERY_SPREAD,85
2019-06-28 14:12:00.000000000,BEST_BID,"JPM,98644,138"
2019-06-28 14:12:00.000000000,BEST_ASK,"JPM,99176,193"
2019-06-28 14:12:00.000000000,LAST_TRADE,"5,$98644.0000"
2019-06-28 14:12:00.000000000,QUERY_SPREAD,86
2019-06-28 14:12:00.000000000,BEST_BID,"JPM,98644,136"
2019-06-28 14:12:00.000000000,BEST_ASK,"JPM,99176,193"
2019-06-28 14:12:00.000000000,LAST_TRADE,"2,$98644.0000"
2019-06-28 14:12:00.000000000,QUERY_SPREAD,87
2019-06-28 14:12:00.000000000,BEST_BID,"JPM,98644,129"
2019-06-28 14:12:00.000000000,BEST_ASK,"JPM,99176,193"
2019-06-28 14:12:00.000000000,LAST_TRADE,"7,$98644.0000"
2019-06-28 14:12:00.000000000,QUERY_SPREAD,88
2019-06-28 14:12:00.000000000,BEST_BID,"JPM,98644,121"
2019-06-28 14:12:00.000000000,BEST_ASK,"JPM,99176,193"
2019-06-28 14:12:00.000000000,LAST_TRADE,"8,$98644.0000"
2019-06-28 14:12:00.000000000,QUERY_SPREAD,89
2019-06-28 14:12:00.000000000,BEST_BID,"JPM,98644,116"
2019-06-28 14:12:00.000000000,BEST_ASK,"JPM,99176,193"
2019-06-28 14:12:00.000000000,LAST_TRADE,"5,$98644.0000"
2019-06-28 14:12:00.000000000,QUERY_SPREAD,90
2019-06-28 14:12:00.000000000,BEST_BID,"JPM,98644,112"
2019-06-28 14:12:00.000000000,BEST_ASK,"JPM,99176,193"
2019-06-28 14:12:00.000000000,LAST_TRADE,"4,$98644.0000"
2019-06-28 14:12:00.000000000,QUERY_SPREAD,91
2019-06-28 14:12:00.000000000,BEST_BID,"JPM,98644,109"
2019-06-28 14:12:00.000000000,BEST_ASK,"JPM,99176,193"
2019-06-28 14:12:00.000000000,LAST_TRADE,"3,$98644.0000"
2019-06-28 14:12:00.000000000,QUERY_SPREAD,92
2019-06-28 14:12:00.000000000,BEST_BID,"JPM,98644,104"
2019-06-28 14:12:00.000000000,BEST_ASK,"JPM,99176,193"
2019-06-28 14:12:00.000000000,LAST_TRADE,"5,$98644.0000"
2019-06-28 14:12:00.000000000,QUERY_SPREAD,93
2019-06-28 14:12:00.000000000,BEST_BID,"JPM,98644,97"
2019-06-28 14:12:00.000000000,BEST_ASK,"JPM,99176,193"
2019-06-28 14:12:00.000000000,LAST_TRADE,"7,$98644.0000"
2019-06-28 14:12:00.000000000,QUERY_SPREAD,94
2019-06-28 14:12:00.000000000,BEST_BID,"JPM,98644,96"
2019-06-28 14:12:00.000000000,BEST_ASK,"JPM,99176,193"
2019-06-28 14:12:00.000000000,LAST_TRADE,"1,$98644.0000"
2019-06-28 14:12:00.000000000,QUERY_SPREAD,95
2019-06-28 14:12:00.000000000,BEST_BID,"JPM,98644,95"
2019-06-28 14:12:00.000000000,BEST_ASK,"JPM,99176,193"
2019-06-28 14:12:00.000000000,LAST_TRADE,"1,$98644.0000"
2019-06-28 14:12:00.000000000,QUERY_SPREAD,96
2019-06-28 14:12:00.000000000,BEST_BID,"JPM,98644,91"
2019-06-28 14:12:00.000000000,BEST_ASK,"JPM,99176,193"
2019-06-28 14:12:00.000000000,LAST_TRADE,"4,$98644.0000"
2019-06-28 14:12:00.000000000,QUERY_SPREAD,97
2019-06-28 14:12:00.000000000,BEST_BID,"JPM,98644,88"
2019-06-28 14:12:00.000000000,BEST_ASK,"JPM,99176,193"
2019-06-28 14:12:00.000000000,LAST_TRADE,"3,$98644.0000"
2019-06-28 14:12:00.000000000,QUERY_SPREAD,98
2019-06-28 14:12:00.000000000,BEST_BID,"JPM,98644,83"
2019-06-28 14:12:00.000000000,BEST_ASK,"JPM,99176,193"
2019-06-28 14:12:00.000000000,LAST_TRADE,"5,$98644.0000"
2019-06-28 14:12:00.000000000,QUERY_SPREAD,99
2019-06-28 14:12:00.000000000,BEST_BID,"JPM,98644,79"
2019-06-28 14:12:00.000000000,BEST_ASK,"JPM,99176,193"
2019-06-28 14:12:00.000000000,LAST_TRADE,"4,$98644.0000"
2019-06-28 14:12:00.000000000,QUERY_SPREAD,100
2019-06-28 14:12:00.000000000,BEST_BID,"JPM,98644,74"
2019-06-28 14:12:00.000000000,BEST_ASK,"JPM,99176,193"
2019-06-28 14:12:00.000000000,LAST_TRADE,"5,$98644.0000"
2019-06-28 14:12:00.000000000,QUERY_SPREAD,101
2019-06-28 14:12:00.000000000,BEST_BID,"JPM,98644,74"
2019-06-28 14:12:00.000000000,BEST_ASK,"JPM,99176,192"
2019-06-28 14:12:00.000000000,LAST_TRADE,"1,$99176.0000"
2019-06-28 14:12:08.227993666,QUERY_ORDER_STREAM,72
2019-06-28 14:12:08.227993666,QUERY_SPREAD,72
2019-06-28 14:12:08.227993666,BEST_BID,"JPM,98644,174"
2019-06-28 14:12:08.227993666,BEST_ASK,"JPM,99176,192"
2019-06-28 14:12:10.000000000,QUERY_SPREAD,1
2019-06-28 14:12:10.000000000,BEST_BID,"JPM,98644,193"
2019-06-28 14:12:10.000000000,BEST_ASK,"JPM,99176,99"
2019-06-28 14:12:10.000000000,BEST_BID,"JPM,98644,193"
2019-06-28 14:12:10.000000000,BEST_ASK,"JPM,99176,99"
2019-06-28 14:12:10.000000000,BEST_BID,"JPM,98644,193"
2019-06-28 14:12:10.000000000,BEST_ASK,"JPM,99176,99"
2019-06-28 14:12:10.000000000,BEST_BID,"JPM,98644,193"
2019-06-28 14:12:10.000000000,BEST_ASK,"JPM,99176,192"
2019-06-28 14:12:10.000000000,BEST_BID,"JPM,98644,193"
2019-06-28 14:12:10.000000000,BEST_ASK,"JPM,99176,192"
2019-06-28 14:12:10.000000000,BEST_BID,"JPM,98644,193"
2019-06-28 14:12:10.000000000,BEST_ASK,"JPM,99176,192"
2019-06-28 14:12:10.000000000,BEST_BID,"JPM,98644,193"
2019-06-28 14:12:10.000000000,BEST_ASK,"JPM,99176,192"
2019-06-28 14:12:20.000000000,QUERY_SPREAD,1
2019-06-28 14:12:20.000000000,BEST_BID,"JPM,98644,226"
2019-06-28 14:12:20.000000000,BEST_ASK,"JPM,99176,99"
2019-06-28 14:12:20.000000000,BEST_BID,"JPM,98644,226"
2019-06-28 14:12:20.000000000,BEST_ASK,"JPM,99176,99"
2019-06-28 14:12:20.000000000,BEST_BID,"JPM,98644,226"
2019-06-28 14:12:20.000000000,BEST_ASK,"JPM,99176,99"
2019-06-28 14:12:20.000000000,BEST_BID,"JPM,98644,226"
2019-06-28 14:12:20.000000000,BEST_ASK,"JPM,99176,225"
2019-06-28 14:12:20.000000000,BEST_BID,"JPM,98644,226"
2019-06-28 14:12:20.000000000,BEST_ASK,"JPM,99176,225"
2019-06-28 14:12:20.000000000,BEST_BID,"JPM,98644,226"
2019-06-28 14:12:20.000000000,BEST_ASK,"JPM,99176,225"
2019-06-28 14:12:30.000000000,QUERY_SPREAD,1
2019-06-28 14:12:30.000000000,BEST_BID,"JPM,98644,471"
2019-06-28 14:12:30.000000000,BEST_ASK,"JPM,99176,99"
2019-06-28 14:12:30.000000000,BEST_BID,"JPM,98644,471"
2019-06-28 14:12:30.000000000,BEST_ASK,"JPM,99176,470"
2019-06-28 14:12:40.000000000,QUERY_SPREAD,1
2019-06-28 14:12:40.000000000,BEST_BID,"JPM,98644,226"
2019-06-28 14:12:40.000000000,BEST_ASK,"JPM,99176,99"
2019-06-28 14:12:40.000000000,BEST_BID,"JPM,98644,226"
2019-06-28 14:12:40.000000000,BEST_ASK,"JPM,99176,99"
2019-06-28 14:12:40.000000000,BEST_BID,"JPM,98644,226"
2019-06-28 14:12:40.000000000,BEST_ASK,"JPM,99176,99"
2019-06-28 14:12:40.000000000,BEST_BID,"JPM,98644,226"
2019-06-28 14:12:40.000000000,BEST_ASK,"JPM,99176,225"
2019-06-28 14:12:40.000000000,BEST_BID,"JPM,98644,226"
2019-06-28 14:12:40.000000000,BEST_ASK,"JPM,99176,225"
2019-06-28 14:12:40.000000000,BEST_BID,"JPM,98644,226"
2019-06-28 14:12:40.000000000,BEST_ASK,"JPM,99176,225"
2019-06-28 14:12:50.000000000,QUERY_SPREAD,1
2019-06-28 14:12:50.000000000,BEST_BID,"JPM,98644,471"
2019-06-28 14:12:50.000000000,BEST_ASK,"JPM,99176,99"
2019-06-28 14:12:50.000000000,BEST_BID,"JPM,98644,471"
2019-06-28 14:12:50.000000000,BEST_ASK,"JPM,99176,470"
2019-06-28 14:12:52.962983140,QUERY_ORDER_STREAM,52
2019-06-28 14:12:52.962983140,QUERY_SPREAD,52
2019-06-28 14:12:52.962983140,BEST_BID,"JPM,98644,571"
2019-06-28 14:12:52.962983140,BEST_ASK,"JPM,99176,470"
2019-06-28 14:12:55.655259672,QUERY_ORDER_STREAM,64
2019-06-28 14:12:55.655259672,QUERY_SPREAD,64
2019-06-28 14:12:55.655259672,BEST_BID,"JPM,98644,671"
2019-06-28 14:12:55.655259672,BEST_ASK,"JPM,99176,470"
2019-06-28 14:13:00.000000000,QUERY_SPREAD,1
2019-06-28 14:13:00.000000000,BEST_BID,"JPM,98644,671"
2019-06-28 14:13:00.000000000,BEST_ASK,"JPM,99176,99"
2019-06-28 14:13:00.000000000,BEST_BID,"JPM,98644,671"
2019-06-28 14:13:00.000000000,BEST_ASK,"JPM,99176,470"
2019-06-28 14:13:00.000000000,QUERY_SPREAD,77
2019-06-28 14:13:00.000000000,BEST_BID,"JPM,98644,666"
2019-06-28 14:13:00.000000000,BEST_ASK,"JPM,99176,470"
2019-06-28 14:13:00.000000000,LAST_TRADE,"5,$98644.0000"
2019-06-28 14:13:00.000000000,QUERY_SPREAD,78
2019-06-28 14:13:00.000000000,BEST_BID,"JPM,98644,658"
2019-06-28 14:13:00.000000000,BEST_ASK,"JPM,99176,470"
2019-06-28 14:13:00.000000000,LAST_TRADE,"8,$98644.0000"
2019-06-28 14:13:00.000000000,QUERY_SPREAD,79
2019-06-28 14:13:00.000000000,BEST_BID,"JPM,98644,653"
2019-06-28 14:13:00.000000000,BEST_ASK,"JPM,99176,470"
2019-06-28 14:13:00.000000000,LAST_TRADE,"5,$98644.0000"
2019-06-28 14:13:00.000000000,QUERY_SPREAD,80
2019-06-28 14:13:00.000000000,BEST_BID,"JPM,98644,645"
2019-06-28 14:13:00.000000000,BEST_ASK,"JPM,99176,470"
2019-06-28 14:13:00.000000000,LAST_TRADE,"8,$98644.0000"
2019-06-28 14:13:00.000000000,QUERY_SPREAD,81
2019-06-28 14:13:00.000000000,BEST_BID,"JPM,98644,636"
2019-06-28 14:13:00.000000000,BEST_ASK,"JPM,99176,470"
2019-06-28 14:13:00.000000000,LAST_TRADE,"9,$98644.0000"
2019-06-28 14:13:00.000000000,QUERY_SPREAD,82
2019-06-28 14:13:00.000000000,BEST_BID,"JPM,98644,633"
2019-06-28 14:13:00.000000000,BEST_ASK,"JPM,99176,470"
2019-06-28 14:13:00.000000000,LAST_TRADE,"3,$98644.0000"
2019-06-28 14:13:00.000000000,QUERY_SPREAD,83
2019-06-28 14:13:00.000000000,BEST_BID,"JPM,98644,625"
2019-06-28 14:13:00.000000000,BEST_ASK,"JPM,99176,470"
2019-06-28 14:13:00.000000000,LAST_TRADE,"8,$98644.0000"
2019-06-28 14:13:00.000000000,QUERY_SPREAD,84
2019-06-28 14:13:00.000000000,BEST_BID,"JPM,98644,621"
2019-06-28 14:13:00.000000000,BEST_ASK,"JPM,99176,470"
2019-06-28 14:13:00.000000000,LAST_TRADE,"4,$98644.0000"
2019-06-28 14:13:00.000000000,QUERY_SPREAD,85
2019-06-28 14:13:00.000000000,BEST_BID,"JPM,98644,616"
2019-06-28 14:13:00.000000000,BEST_ASK,"JPM,99176,470"
2019-06-28 14:13:00.000000000,LAST_TRADE,"5,$98644.0000"
2019-06-28 14:13:00.000000000,QUERY_SPREAD,86
2019-06-28 14:13:00.000000000,BEST_BID,"JPM,98644,614"
2019-06-28 14:13:00.000000000,BEST_ASK,"JPM,99176,470"
2019-06-28 14:13:00.000000000,LAST_TRADE,"2,$98644.0000"
2019-06-28 14:13:00.000000000,QUERY_SPREAD,87
2019-06-28 14:13:00.000000000,BEST_BID,"JPM,98644,607"
2019-06-28 14:13:00.000000000,BEST_ASK,"JPM,99176,470"
2019-06-28 14:13:00.000000000,LAST_TRADE,"7,$98644.0000"
2019-06-28 14:13:00.000000000,QUERY_SPREAD,88
2019-06-28 14:13:00.000000000,BEST_BID,"JPM,98644,599"
2019-06-28 14:13:00.000000000,BEST_ASK,"JPM,99176,470"
2019-06-28 14:13:00.000000000,LAST_TRADE,"8,$98644.0000"
2019-06-28 14:13:00.000000000,QUERY_SPREAD,89
2019-06-28 14:13:00.000000000,BEST_BID,"JPM,98644,594"
2019-06-28 14:13:00.000000000,BEST_ASK,"JPM,99176,470"
2019-06-28 14:13:00.000000000,LAST_TRADE,"5,$98644.0000"
2019-06-28 14:13:00.000000000,QUERY_SPREAD,90
2019-06-28 14:13:00.000000000,BEST_BID,"JPM,98644,590"
2019-06-28 14:13:00.000000000,BEST_ASK,"JPM,99176,470"
2019-06-28 14:13:00.000000000,LAST_TRADE,"4,$98644.0000"
2019-06-28 14:13:00.000000000,QUERY_SPREAD,91
2019-06-28 14:13:00.000000000,BEST_BID,"JPM,98644,587"
2019-06-28 14:13:00.000000000,BEST_ASK,"JPM,99176,470"
2019-06-28 14:13:00.000000000,LAST_TRADE,"3,$98644.0000"
2019-06-28 14:13:00.000000000,QUERY_SPREAD,92
2019-06-28 14:13:00.000000000,BEST_BID,"JPM,98644,582"
2019-06-28 14:13:00.000000000,BEST_ASK,"JPM,99176,470"
2019-06-28 14:13:00.000000000,LAST_TRADE,"5,$98644.0000"
2019-06-28 14:13:00.000000000,QUERY_SPREAD,93
2019-06-28 14:13:00.000000000,BEST_BID,"JPM,98644,575"
2019-06-28 14:13:00.000000000,BEST_ASK,"JPM,99176,470"
2019-06-28 14:13:00.000000000,LAST_TRADE,"7,$98644.0000"
2019-06-28 14:13:00.000000000,QUERY_SPREAD,94
2019-06-28 14:13:00.000000000,BEST_BID,"JPM,98644,574"
2019-06-28 14:13:00.000000000,BEST_ASK,"JPM,99176,470"
2019-06-28 14:13:00.000000000,LAST_TRADE,"1,$98644.0000"
2019-06-28 14:13:00.000000000,QUERY_SPREAD,95
2019-06-28 14:13:00.000000000,BEST_BID,"JPM,98644,573"
2019-06-28 14:13:00.000000000,BEST_ASK,"JPM,99176,470"
2019-06-28 14:13:00.000000000,LAST_TRADE,"1,$98644.0000"
2019-06-28 14:13:00.000000000,QUERY_SPREAD,96
2019-06-28 14:13:00.000000000,BEST_BID,"JPM,98644,569"
2019-06-28 14:13:00.000000000,BEST_ASK,"JPM,99176,470"
2019-06-28 14:13:00.000000000,LAST_TRADE,"4,$98644.0000"
2019-06-28 14:13:00.000000000,QUERY_SPREAD,97
2019-06-28 14:13:00.000000000,BEST_BID,"JPM,98644,566"
2019-06-28 14:13:00.000000000,BEST_ASK,"JPM,99176,470"
2019-06-28 14:13:00.000000000,LAST_TRADE,"3,$98644.0000"
2019-06-28 14:13:00.000000000,QUERY_SPREAD,98
2019-06-28 14:13:00.000000000,BEST_BID,"JPM,98644,561"
2019-06-28 14:13:00.000000000,BEST_ASK,"JPM,99176,470"
2019-06-28 14:13:00.000000000,LAST_TRADE,"5,$98644.0000"
2019-06-28 14:13:00.000000000,QUERY_SPREAD,99
2019-06-28 14:13:00.000000000,BEST_BID,"JPM,98644,557"
2019-06-28 14:13:00.000000000,BEST_ASK,"JPM,99176,470"
2019-06-28 14:13:00.000000000,LAST_TRADE,"4,$98644.0000"
2019-06-28 14:13:00.000000000,QUERY_SPREAD,100
2019-06-28 14:13:00.000000000,BEST_BID,"JPM,98644,552"
2019-06-28 14:13:00.000000000,BEST_ASK,"JPM,99176,470"
2019-06-28 14:13:00.000000000,LAST_TRADE,"5,$98644.0000"
2019-06-28 14:13:00.000000000,QUERY_SPREAD,101
2019-06-28 14:13:00.000000000,BEST_BID,"JPM,98644,552"
2019-06-28 14:13:00.000000000,BEST_ASK,"JPM,99176,469"
2019-06-28 14:13:00.000000000,LAST_TRADE,"1,$99176.0000"
2019-06-28 14:13:09.136577271,QUERY_ORDER_STREAM,53
2019-06-28 14:13:09.136577271,QUERY_SPREAD,53
2019-06-28 14:13:09.136577271,BEST_BID,"JPM,98644,652"
2019-06-28 14:13:09.136577271,BEST_ASK,"JPM,99176,469"
2019-06-28 14:13:10.000000000,QUERY_SPREAD,1
2019-06-28 14:13:10.000000000,BEST_BID,"JPM,98644,374"
2019-06-28 14:13:10.000000000,BEST_ASK,"JPM,99176,98"
2019-06-28 14:13:10.000000000,BEST_BID,"JPM,98644,374"
2019-06-28 14:13:10.000000000,BEST_ASK,"JPM,99176,98"
2019-06-28 14:13:10.000000000,BEST_BID,"JPM,98644,374"
2019-06-28 14:13:10.000000000,BEST_ASK,"JPM,99176,98"
2019-06-28 14:13:10.000000000,BEST_BID,"JPM,98644,374"
2019-06-28 14:13:10.000000000,BEST_ASK,"JPM,99176,191"
2019-06-28 14:13:10.000000000,BEST_BID,"JPM,98644,374"
2019-06-28 14:13:10.000000000,BEST_ASK,"JPM,99176,191"
2019-06-28 14:13:10.000000000,BEST_BID,"JPM,98644,374"
2019-06-28 14:13:10.000000000,BEST_ASK,"JPM,99176,191"
2019-06-28 14:13:10.000000000,BEST_BID,"JPM,98644,374"
2019-06-28 14:13:10.000000000,BEST_ASK,"JPM,99176,191"
2019-06-28 14:13:20.000000000,QUERY_SPREAD,1
2019-06-28 14:13:20.000000000,BEST_BID,"JPM,98644,407"
2019-06-28 14:13:20.000000000,BEST_ASK,"JPM,99176,98"
2019-06-28 14:13:20.000000000,BEST_BID,"JPM,98644,407"
2019-06-28 14:13:20.000000000,BEST_ASK,"JPM,99176,98"
2019-06-28 14:13:20.000000000,BEST_BID,"JPM,98644,407"
2019-06-28 14:13:20.000000000,BEST_ASK,"JPM,99176,98"
2019-06-28 14:13:20.000000000,BEST_BID,"JPM,98644,407"
2019-06-28 14:13:20.000000000,BEST_ASK,"JPM,99176,224"
2019-06-28 14:13:20.000000000,BEST_BID,"JPM,98644,407"
2019-06-28 14:13:20.000000000,BEST_ASK,"JPM,99176,224"
2019-06-28 14:13:20.000000000,BEST_BID,"JPM,98644,407"
2019-06-28 14:13:20.000000000,BEST_ASK,"JPM,99176,224"
2019-06-28 14:13:30.000000000,QUERY_SPREAD,1
2019-06-28 14:13:30.000000000,BEST_BID,"JPM,98644,374"
2019-06-28 14:13:30.000000000,BEST_ASK,"JPM,99176,98"
2019-06-28 14:13:30.000000000,BEST_BID,"JPM,98644,374"
2019-06-28 14:13:30.000000000,BEST_ASK,"JPM,99176,98"
2019-06-28 14:13:30.000000000,BEST_BID,"JPM,98644,374"
2019-06-28 14:13:30.000000000,BEST_ASK,"JPM,99176,98"
2019-06-28 14:13:30.000000000,BEST_BID,"JPM,98644,374"
2019-06-28 14:13:30.000000000,BEST_ASK,"JPM,99176,191"
2019-06-28 14:13:30.000000000,BEST_BID,"JPM,98644,374"
2019-06-28 14:13:30.000000000,BEST_ASK,"JPM,99176,191"
2019-06-28 14:13:30.000000000,BEST_BID,"JPM,98644,374"
2019-06-28 14:13:30.000000000,BEST_ASK,"JPM,99176,191"
2019-06-28 14:13:30.000000000,BEST_BID,"JPM,98644,374"
2019-06-28 14:13:30.000000000,BEST_ASK,"JPM,99176,191"
2019-06-28 14:13:34.238805161,QUERY_ORDER_STREAM,76
2019-06-28 14:13:34.238805161,QUERY_SPREAD,76
2019-06-28 14:13:34.238805161,BEST_BID,"JPM,98644,474"
2019-06-28 14:13:34.238805161,BEST_ASK,"JPM,99176,191"
2019-06-28 14:13:40.000000000,QUERY_SPREAD,1
2019-06-28 14:13:40.000000000,BEST_BID,"JPM,98644,474"
2019-06-28 14:13:40.000000000,BEST_ASK,"JPM,99176,98"
2019-06-28 14:13:40.000000000,BEST_BID,"JPM,98644,474"
2019-06-28 14:13:40.000000000,BEST_ASK,"JPM,99176,98"
2019-06-28 14:13:40.000000000,BEST_BID,"JPM,98644,474"
2019-06-28 14:13:40.000000000,BEST_ASK,"JPM,99176,98"
2019-06-28 14:13:40.000000000,BEST_BID,"JPM,98644,474"
2019-06-28 14:13:40.000000000,BEST_ASK,"JPM,99176,191"
2019-06-28 14:13:40.000000000,BEST_BID,"JPM,98644,474"
2019-06-28 14:13:40.000000000,BEST_ASK,"JPM,99176,191"
2019-06-28 14:13:40.000000000,BEST_BID,"JPM,98644,474"
2019-06-28 14:13:40.000000000,BEST_ASK,"JPM,99176,191"
2019-06-28 14:13:40.000000000,BEST_BID,"JPM,98644,474"
2019-06-28 14:13:40.000000000,BEST_ASK,"JPM,99176,191"
2019-06-28 14:13:49.163823423,QUERY_ORDER_STREAM,71
2019-06-28 14:13:49.163823423,QUERY_SPREAD,71
2019-06-28 14:13:50.000000000,QUERY_SPREAD,1
2019-06-28 14:13:50.000000000,BEST_BID,"JPM,98644,474"
2019-06-28 14:13:50.000000000,BEST_ASK,"JPM,99176,98"
2019-06-28 14:13:50.000000000,BEST_BID,"JPM,98644,474"
2019-06-28 14:13:50.000000000,BEST_ASK,"JPM,99176,98"
2019-06-28 14:13:50.000000000,BEST_BID,"JPM,98644,474"
2019-06-28 14:13:50.000000000,BEST_ASK,"JPM,99176,98"
2019-06-28 14:13:50.000000000,BEST_BID,"JPM,98644,474"
2019-06-28 14:13:50.000000000,BEST_ASK,"JPM,99176,191"
2019-06-28 14:13:50.000000000,BEST_BID,"JPM,98644,474"
2019-06-28 14:13:50.000000000,BEST_ASK,"JPM,99176,191"
2019-06-28 14:13:50.000000000,BEST_BID,"JPM,98644,474"
2019-06-28 14:13:50.000000000,BEST_ASK,"JPM,99176,191"
2019-06-28 14:13:50.000000000,BEST_BID,"JPM,98644,474"
2019-06-28 14:13:50.000000000,BEST_ASK,"JPM,99176,191"
2019-06-28 14:14:00.000000000,QUERY_SPREAD,1
2019-06-28 14:14:00.000000000,BEST_BID,"JPM,98644,507"
2019-06-28 14:14:00.000000000,BEST_ASK,"JPM,99176,98"
2019-06-28 14:14:00.000000000,BEST_BID,"JPM,98644,507"
2019-06-28 14:14:00.000000000,BEST_ASK,"JPM,99176,98"
2019-06-28 14:14:00.000000000,BEST_BID,"JPM,98644,507"
2019-06-28 14:14:00.000000000,BEST_ASK,"JPM,99176,98"
2019-06-28 14:14:00.000000000,BEST_BID,"JPM,98644,507"
2019-06-28 14:14:00.000000000,BEST_ASK,"JPM,99176,224"
2019-06-28 14:14:00.000000000,BEST_BID,"JPM,98644,507"
2019-06-28 14:14:00.000000000,BEST_ASK,"JPM,99176,224"
2019-06-28 14:14:00.000000000,BEST_BID,"JPM,98644,507"
2019-06-28 14:14:00.000000000,BEST_ASK,"JPM,99176,224"
2019-06-28 14:14:00.000000000,QUERY_SPREAD,77
2019-06-28 14:14:00.000000000,BEST_BID,"JPM,98644,502"
2019-06-28 14:14:00.000000000,BEST_ASK,"JPM,99176,224"
2019-06-28 14:14:00.000000000,LAST_TRADE,"5,$98644.0000"
2019-06-28 14:14:00.000000000,QUERY_SPREAD,78
2019-06-28 14:14:00.000000000,BEST_BID,"JPM,98644,494"
2019-06-28 14:14:00.000000000,BEST_ASK,"JPM,99176,224"
2019-06-28 14:14:00.000000000,LAST_TRADE,"8,$98644.0000"
2019-06-28 14:14:00.000000000,QUERY_SPREAD,79
2019-06-28 14:14:00.000000000,BEST_BID,"JPM,98644,489"
2019-06-28 14:14:00.000000000,BEST_ASK,"JPM,99176,224"
2019-06-28 14:14:00.000000000,LAST_TRADE,"5,$98644.0000"
2019-06-28 14:14:00.000000000,QUERY_SPREAD,80
2019-06-28 14:14:00.000000000,BEST_BID,"JPM,98644,481"
2019-06-28 14:14:00.000000000,BEST_ASK,"JPM,99176,224"
2019-06-28 14:14:00.000000000,LAST_TRADE,"8,$98644.0000"
2019-06-28 14:14:00.000000000,QUERY_SPREAD,81
2019-06-28 14:14:00.000000000,BEST_BID,"JPM,98644,472"
2019-06-28 14:14:00.000000000,BEST_ASK,"JPM,99176,224"
2019-06-28 14:14:00.000000000,LAST_TRADE,"9,$98644.0000"
2019-06-28 14:14:00.000000000,QUERY_SPREAD,82
2019-06-28 14:14:00.000000000,BEST_BID,"JPM,98644,469"
2019-06-28 14:14:00.000000000,BEST_ASK,"JPM,99176,224"
2019-06-28 14:14:00.000000000,LAST_TRADE,"3,$98644.0000"
2019-06-28 14:14:00.000000000,QUERY_SPREAD,83
2019-06-28 14:14:00.000000000,BEST_BID,"JPM,98644,461"
2019-06-28 14:14:00.000000000,BEST_ASK,"JPM,99176,224"
2019-06-28 14:14:00.000000000,LAST_TRADE,"8,$98644.0000"
2019-06-28 14:14:00.000000000,QUERY_SPREAD,84
2019-06-28 14:14:00.000000000,BEST_BID,"JPM,98644,457"
2019-06-28 14:14:00.000000000,BEST_ASK,"JPM,99176,224"
2019-06-28 14:14:00.000000000,LAST_TRADE,"4,$98644.0000"
2019-06-28 14:14:00.000000000,QUERY_SPREAD,85
2019-06-28 14:14:00.000000000,BEST_BID,"JPM,98644,452"
2019-06-28 14:14:00.000000000,BEST_ASK,"JPM,99176,224"
2019-06-28 14:14:00.000000000,LAST_TRADE,"5,$98644.0000"
2019-06-28 14:14:00.000000000,QUERY_SPREAD,86
2019-06-28 14:14:00.000000000,BEST_BID,"JPM,98644,450"
2019-06-28 14:14:00.000000000,BEST_ASK,"JPM,99176,224"
2019-06-28 14:14:00.000000000,LAST_TRADE,"2,$98644.0000"
2019-06-28 14:14:00.000000000,QUERY_SPREAD,87
2019-06-28 14:14:00.000000000,BEST_BID,"JPM,98644,443"
2019-06-28 14:14:00.000000000,BEST_ASK,"JPM,99176,224"
2019-06-28 14:14:00.000000000,LAST_TRADE,"7,$98644.0000"
2019-06-28 14:14:00.000000000,QUERY_SPREAD,88
2019-06-28 14:14:00.000000000,BEST_BID,"JPM,98644,435"
2019-06-28 14:14:00.000000000,BEST_ASK,"JPM,99176,224"
2019-06-28 14:14:00.000000000,LAST_TRADE,"8,$98644.0000"
2019-06-28 14:14:00.000000000,QUERY_SPREAD,89
2019-06-28 14:14:00.000000000,BEST_BID,"JPM,98644,430"
2019-06-28 14:14:00.000000000,BEST_ASK,"JPM,99176,224"
2019-06-28 14:14:00.000000000,LAST_TRADE,"5,$98644.0000"
2019-06-28 14:14:00.000000000,QUERY_SPREAD,90
2019-06-28 14:14:00.000000000,BEST_BID,"JPM,98644,426"
2019-06-28 14:14:00.000000000,BEST_ASK,"JPM,99176,224"
2019-06-28 14:14:00.000000000,LAST_TRADE,"4,$98644.0000"
2019-06-28 14:14:00.000000000,QUERY_SPREAD,91
2019-06-28 14:14:00.000000000,BEST_BID,"JPM,98644,423"
2019-06-28 14:14:00.000000000,BEST_ASK,"JPM,99176,224"
2019-06-28 14:14:00.000000000,LAST_TRADE,"3,$98644.0000"
2019-06-28 14:14:00.000000000,QUERY_SPREAD,92
2019-06-28 14:14:00.000000000,BEST_BID,"JPM,98644,418"
2019-06-28 14:14:00.000000000,BEST_ASK,"JPM,99176,224"
2019-06-28 14:14:00.000000000,LAST_TRADE,"5,$98644.0000"
2019-06-28 14:14:00.000000000,QUERY_SPREAD,93
2019-06-28 14:14:00.000000000,BEST_BID,"JPM,98644,411"
2019-06-28 14:14:00.000000000,BEST_ASK,"JPM,99176,224"
2019-06-28 14:14:00.000000000,LAST_TRADE,"7,$98644.0000"
2019-06-28 14:14:00.000000000,QUERY_SPREAD,94
2019-06-28 14:14:00.000000000,BEST_BID,"JPM,98644,410"
2019-06-28 14:14:00.000000000,BEST_ASK,"JPM,99176,224"
2019-06-28 14:14:00.000000000,LAST_TRADE,"1,$98644.0000"
2019-06-28 14:14:00.000000000,QUERY_SPREAD,95
2019-06-28 14:14:00.000000000,BEST_BID,"JPM,98644,409"
2019-06-28 14:14:00.000000000,BEST_ASK,"JPM,99176,224"
2019-06-28 14:14:00.000000000,LAST_TRADE,"1,$98644.0000"
2019-06-28 14:14:00.000000000,QUERY_SPREAD,96
2019-06-28 14:14:00.000000000,BEST_BID,"JPM,98644,405"
2019-06-28 14:14:00.000000000,BEST_ASK,"JPM,99176,224"
2019-06-28 14:14:00.000000000,LAST_TRADE,"4,$98644.0000"
2019-06-28 14:14:00.000000000,QUERY_SPREAD,97
2019-06-28 14:14:00.000000000,BEST_BID,"JPM,98644,402"
2019-06-28 14:14:00.000000000,BEST_ASK,"JPM,99176,224"
2019-06-28 14:14:00.000000000,LAST_TRADE,"3,$98644.0000"
2019-06-28 14:14:00.000000000,QUERY_SPREAD,98
2019-06-28 14:14:00.000000000,BEST_BID,"JPM,98644,397"
2019-06-28 14:14:00.000000000,BEST_ASK,"JPM,99176,224"
2019-06-28 14:14:00.000000000,LAST_TRADE,"5,$98644.0000"
2019-06-28 14:14:00.000000000,QUERY_SPREAD,99
2019-06-28 14:14:00.000000000,BEST_BID,"JPM,98644,393"
2019-06-28 14:14:00.000000000,BEST_ASK,"JPM,99176,224"
2019-06-28 14:14:00.000000000,LAST_TRADE,"4,$98644.0000"
2019-06-28 14:14:00.000000000,QUERY_SPREAD,100
2019-06-28 14:14:00.000000000,BEST_BID,"JPM,98644,388"
2019-06-28 14:14:00.000000000,BEST_ASK,"JPM,99176,224"
2019-06-28 14:14:00.000000000,LAST_TRADE,"5,$98644.0000"
2019-06-28 14:14:00.000000000,QUERY_SPREAD,101
2019-06-28 14:14:00.000000000,BEST_BID,"JPM,98644,388"
2019-06-28 14:14:00.000000000,BEST_ASK,"JPM,99176,223"
2019-06-28 14:14:00.000000000,LAST_TRADE,"1,$99176.0000"
2019-06-28 14:14:10.000000000,QUERY_SPREAD,1
2019-06-28 14:14:10.000000000,BEST_BID,"JPM,98644,355"
2019-06-28 14:14:10.000000000,BEST_ASK,"JPM,99176,97"
2019-06-28 14:14:10.000000000,BEST_BID,"JPM,98644,355"
2019-06-28 14:14:10.000000000,BEST_ASK,"JPM,99176,97"
2019-06-28 14:14:10.000000000,BEST_BID,"JPM,98644,355"
2019-06-28 14:14:10.000000000,BEST_ASK,"JPM,99176,97"
2019-06-28 14:14:10.000000000,BEST_BID,"JPM,98644,355"
2019-06-28 14:14:10.000000000,BEST_ASK,"JPM,99176,190"
2019-06-28 14:14:10.000000000,BEST_BID,"JPM,98644,355"
2019-06-28 14:14:10.000000000,BEST_ASK,"JPM,99176,190"
2019-06-28 14:14:10.000000000,BEST_BID,"JPM,98644,355"
2019-06-28 14:14:10.000000000,BEST_ASK,"JPM,99176,190"
2019-06-28 14:14:10.000000000,BEST_BID,"JPM,98644,355"
2019-06-28 14:14:10.000000000,BEST_ASK,"JPM,99176,190"
2019-06-28 14:14:20.000000000,QUERY_SPREAD,1
2019-06-28 14:14:20.000000000,BEST_BID,"JPM,98644,388"
2019-06-28 14:14:20.000000000,BEST_ASK,"JPM,99176,97"
2019-06-28 14:14:20.000000000,BEST_BID,"JPM,98644,388"
2019-06-28 14:14:20.000000000,BEST_ASK,"JPM,99176,97"
2019-06-28 14:14:20.000000000,BEST_BID,"JPM,98644,388"
2019-06-28 14:14:20.000000000,BEST_ASK,"JPM,99176,97"
2019-06-28 14:14:20.000000000,BEST_BID,"JPM,98644,388"
2019-06-28 14:14:20.000000000,BEST_ASK,"JPM,99176,223"
2019-06-28 14:14:20.000000000,BEST_BID,"JPM,98644,388"
2019-06-28 14:14:20.000000000,BEST_ASK,"JPM,99176,223"
2019-06-28 14:14:20.000000000,BEST_BID,"JPM,98644,388"
2019-06-28 14:14:20.000000000,BEST_ASK,"JPM,99176,223"
2019-06-28 14:14:25.897820927,QUERY_ORDER_STREAM,64
2019-06-28 14:14:25.897820927,QUERY_SPREAD,64
2019-06-28 14:14:25.897820927,BEST_BID,"JPM,98644,426"
2019-06-28 14:14:25.897820927,BEST_ASK,"JPM,99176,223"
2019-06-28 14:14:27.255675719,QUERY_SPREAD,9
2019-06-28 14:14:27.255675719,BEST_BID,"JPM,98644,426"
2019-06-28 14:14:27.255675719,BEST_ASK,"JPM,99176,223"
2019-06-28 14:14:30.000000000,QUERY_SPREAD,1
2019-06-28 14:14:30.000000000,BEST_BID,"JPM,98644,393"
2019-06-28 14:14:30.000000000,BEST_ASK,"JPM,99176,97"
2019-06-28 14:14:30.000000000,BEST_BID,"JPM,98644,393"
2019-06-28 14:14:30.000000000,BEST_ASK,"JPM,99176,97"
2019-06-28 14:14:30.000000000,BEST_BID,"JPM,98644,393"
2019-06-28 14:14:30.000000000,BEST_ASK,"JPM,99176,97"
2019-06-28 14:14:30.000000000,BEST_BID,"JPM,98644,393"
2019-06-28 14:14:30.000000000,BEST_ASK,"JPM,99176,190"
2019-06-28 14:14:30.000000000,BEST_BID,"JPM,98644,393"
2019-06-28 14:14:30.000000000,BEST_ASK,"JPM,99176,190"
2019-06-28 14:14:30.000000000,BEST_BID,"JPM,98644,393"
2019-06-28 14:14:30.000000000,BEST_ASK,"JPM,99176,190"
2019-06-28 14:14:30.000000000,BEST_BID,"JPM,98644,393"
2019-06-28 14:14:30.000000000,BEST_ASK,"JPM,99176,190"
2019-06-28 14:14:35.276583105,QUERY_SPREAD,45
2019-06-28 14:14:35.276583105,BEST_BID,"JPM,98644,393"
2019-06-28 14:14:35.276583105,BEST_ASK,"JPM,99176,190"
2019-06-28 14:14:40.000000000,QUERY_SPREAD,1
2019-06-28 14:14:40.000000000,BEST_BID,"JPM,98644,671"
2019-06-28 14:14:40.000000000,BEST_ASK,"JPM,99176,97"
2019-06-28 14:14:40.000000000,BEST_BID,"JPM,98644,671"
2019-06-28 14:14:40.000000000,BEST_ASK,"JPM,99176,468"
2019-06-28 14:14:40.875142700,QUERY_SPREAD,21
2019-06-28 14:14:40.875142700,BEST_BID,"JPM,98644,671"
2019-06-28 14:14:40.875142700,BEST_ASK,"JPM,99176,368"
2019-06-28 14:14:40.875142700,LAST_TRADE,"100,$99176.0000"
2019-06-28 14:14:48.703595224,QUERY_ORDER_STREAM,60
2019-06-28 14:14:48.703595224,QUERY_SPREAD,60
2019-06-28 14:14:49.333199652,QUERY_ORDER_STREAM,66
2019-06-28 14:14:49.333199652,QUERY_SPREAD,66
2019-06-28 14:14:49.333199652,BEST_BID,"JPM,98644,671"
2019-06-28 14:14:49.333199652,BEST_ASK,"JPM,99176,268"
2019-06-28 14:14:49.333199652,LAST_TRADE,"100,$99176.0000"
2019-06-28 14:14:50.000000000,QUERY_SPREAD,1
2019-06-28 14:14:50.000000000,BEST_BID,"JPM,98644,486"
2019-06-28 14:14:50.000000000,BEST_ASK,"JPM,99230,99"
2019-06-28 14:14:50.000000000,BEST_BID,"JPM,98644,486"
2019-06-28 14:14:50.000000000,BEST_ASK,"JPM,99230,99"
2019-06-28 14:14:50.000000000,BEST_BID,"JPM,98644,486"
2019-06-28 14:14:50.000000000,BEST_ASK,"JPM,99230,285"
2019-06-28 14:14:50.000000000,BEST_BID,"JPM,98644,486"
2019-06-28 14:14:50.000000000,BEST_ASK,"JPM,99230,285"
2019-06-28 14:14:50.897961381,QUERY_ORDER_STREAM,69
2019-06-28 14:14:50.897961381,QUERY_SPREAD,69
2019-06-28 14:14:51.124454786,QUERY_SPREAD,3
2019-06-28 14:14:51.124454786,BEST_BID,"JPM,98644,486"
2019-06-28 14:14:51.124454786,BEST_ASK,"JPM,99230,185"
2019-06-28 14:14:51.124454786,LAST_TRADE,"100,$99230.0000"
2019-06-28 14:15:00.000000000,QUERY_SPREAD,1
2019-06-28 14:15:00.000000000,BEST_BID,"JPM,98644,393"
2019-06-28 14:15:00.000000000,BEST_ASK,"JPM,99307,97"
2019-06-28 14:15:00.000000000,BEST_BID,"JPM,98644,393"
2019-06-28 14:15:00.000000000,BEST_ASK,"JPM,99307,97"
2019-06-28 14:15:00.000000000,BEST_BID,"JPM,98644,393"
2019-06-28 14:15:00.000000000,BEST_ASK,"JPM,99307,190"
2019-06-28 14:15:00.000000000,BEST_BID,"JPM,98644,393"
2019-06-28 14:15:00.000000000,BEST_ASK,"JPM,99307,190"
2019-06-28 14:15:00.000000000,BEST_BID,"JPM,98644,393"
2019-06-28 14:15:00.000000000,BEST_ASK,"JPM,99307,190"
2019-06-28 14:15:00.000000000,BEST_BID,"JPM,98644,393"
2019-06-28 14:15:00.000000000,BEST_ASK,"JPM,99307,190"
2019-06-28 14:15:00.000000000,QUERY_SPREAD,77
2019-06-28 14:15:00.000000000,BEST_BID,"JPM,98644,388"
2019-06-28 14:15:00.000000000,BEST_ASK,"JPM,99307,190"
2019-06-28 14:15:00.000000000,LAST_TRADE,"5,$98644.0000"
2019-06-28 14:15:00.000000000,QUERY_SPREAD,78
2019-06-28 14:15:00.000000000,BEST_BID,"JPM,98644,380"
2019-06-28 14:15:00.000000000,BEST_ASK,"JPM,99307,190"
2019-06-28 14:15:00.000000000,LAST_TRADE,"8,$98644.0000"
2019-06-28 14:15:00.000000000,QUERY_SPREAD,79
2019-06-28 14:15:00.000000000,BEST_BID,"JPM,98644,375"
2019-06-28 14:15:00.000000000,BEST_ASK,"JPM,99307,190"
2019-06-28 14:15:00.000000000,LAST_TRADE,"5,$98644.0000"
2019-06-28 14:15:00.000000000,QUERY_SPREAD,80
2019-06-28 14:15:00.000000000,BEST_BID,"JPM,98644,367"
2019-06-28 14:15:00.000000000,BEST_ASK,"JPM,99307,190"
2019-06-28 14:15:00.000000000,LAST_TRADE,"8,$98644.0000"
2019-06-28 14:15:00.000000000,QUERY_SPREAD,81
2019-06-28 14:15:00.000000000,BEST_BID,"JPM,98644,358"
2019-06-28 14:15:00.000000000,BEST_ASK,"JPM,99307,190"
2019-06-28 14:15:00.000000000,LAST_TRADE,"9,$98644.0000"
2019-06-28 14:15:00.000000000,QUERY_SPREAD,82
2019-06-28 14:15:00.000000000,BEST_BID,"JPM,98644,355"
2019-06-28 14:15:00.000000000,BEST_ASK,"JPM,99307,190"
2019-06-28 14:15:00.000000000,LAST_TRADE,"3,$98644.0000"
2019-06-28 14:15:00.000000000,QUERY_SPREAD,83
2019-06-28 14:15:00.000000000,BEST_BID,"JPM,98644,347"
2019-06-28 14:15:00.000000000,BEST_ASK,"JPM,99307,190"
2019-06-28 14:15:00.000000000,LAST_TRADE,"8,$98644.0000"
2019-06-28 14:15:00.000000000,QUERY_SPREAD,84
2019-06-28 14:15:00.000000000,BEST_BID,"JPM,98644,343"
2019-06-28 14:15:00.000000000,BEST_ASK,"JPM,99307,190"
2019-06-28 14:15:00.000000000,LAST_TRADE,"4,$98644.0000"
2019-06-28 14:15:00.000000000,QUERY_SPREAD,85
2019-06-28 14:15:00.000000000,BEST_BID,"JPM,98644,338"
2019-06-28 14:15:00.000000000,BEST_ASK,"JPM,99307,190"
2019-06-28 14:15:00.000000000,LAST_TRADE,"5,$98644.0000"
2019-06-28 14:15:00.000000000,QUERY_SPREAD,86
2019-06-28 14:15:00.000000000,BEST_BID,"JPM,98644,336"
2019-06-28 14:15:00.000000000,BEST_ASK,"JPM,99307,190"
2019-06-28 14:15:00.000000000,LAST_TRADE,"2,$98644.0000"
2019-06-28 14:15:00.000000000,QUERY_SPREAD,87
2019-06-28 14:15:00.000000000,BEST_BID,"JPM,98644,329"
2019-06-28 14:15:00.000000000,BEST_ASK,"JPM,99307,190"
2019-06-28 14:15:00.000000000,LAST_TRADE,"7,$98644.0000"
2019-06-28 14:15:00.000000000,QUERY_SPREAD,88
2019-06-28 14:15:00.000000000,BEST_BID,"JPM,98644,321"
2019-06-28 14:15:00.000000000,BEST_ASK,"JPM,99307,190"
2019-06-28 14:15:00.000000000,LAST_TRADE,"8,$98644.0000"
2019-06-28 14:15:00.000000000,QUERY_SPREAD,89
2019-06-28 14:15:00.000000000,BEST_BID,"JPM,98644,316"
2019-06-28 14:15:00.000000000,BEST_ASK,"JPM,99307,190"
2019-06-28 14:15:00.000000000,LAST_TRADE,"5,$98644.0000"
2019-06-28 14:15:00.000000000,QUERY_SPREAD,90
2019-06-28 14:15:00.000000000,BEST_BID,"JPM,98644,312"
2019-06-28 14:15:00.000000000,BEST_ASK,"JPM,99307,190"
2019-06-28 14:15:00.000000000,LAST_TRADE,"4,$98644.0000"
2019-06-28 14:15:00.000000000,QUERY_SPREAD,91
2019-06-28 14:15:00.000000000,BEST_BID,"JPM,98644,309"
2019-06-28 14:15:00.000000000,BEST_ASK,"JPM,99307,190"
2019-06-28 14:15:00.000000000,LAST_TRADE,"3,$98644.0000"
2019-06-28 14:15:00.000000000,QUERY_SPREAD,92
2019-06-28 14:15:00.000000000,BEST_BID,"JPM,98644,304"
2019-06-28 14:15:00.000000000,BEST_ASK,"JPM,99307,190"
2019-06-28 14:15:00.000000000,LAST_TRADE,"5,$98644.0000"
2019-06-28 14:15:00.000000000,QUERY_SPREAD,93
2019-06-28 14:15:00.000000000,BEST_BID,"JPM,98644,297"
2019-06-28 14:15:00.000000000,BEST_ASK,"JPM,99307,190"
2019-06-28 14:15:00.000000000,LAST_TRADE,"7,$98644.0000"
2019-06-28 14:15:00.000000000,QUERY_SPREAD,94
2019-06-28 14:15:00.000000000,BEST_BID,"JPM,98644,296"
2019-06-28 14:15:00.000000000,BEST_ASK,"JPM,99307,190"
2019-06-28 14:15:00.000000000,LAST_TRADE,"1,$98644.0000"
2019-06-28 14:15:00.000000000,QUERY_SPREAD,95
2019-06-28 14:15:00.000000000,BEST_BID,"JPM,98644,295"
2019-06-28 14:15:00.000000000,BEST_ASK,"JPM,99307,190"
2019-06-28 14:15:00.000000000,LAST_TRADE,"1,$98644.0000"
2019-06-28 14:15:00.000000000,QUERY_SPREAD,96
2019-06-28 14:15:00.000000000,BEST_BID,"JPM,98644,291"
2019-06-28 14:15:00.000000000,BEST_ASK,"JPM,99307,190"
2019-06-28 14:15:00.000000000,LAST_TRADE,"4,$98644.0000"
2019-06-28 14:15:00.000000000,QUERY_SPREAD,97
2019-06-28 14:15:00.000000000,BEST_BID,"JPM,98644,288"
2019-06-28 14:15:00.000000000,BEST_ASK,"JPM,99307,190"
2019-06-28 14:15:00.000000000,LAST_TRADE,"3,$98644.0000"
2019-06-28 14:15:00.000000000,QUERY_SPREAD,98
2019-06-28 14:15:00.000000000,BEST_BID,"JPM,98644,283"
2019-06-28 14:15:00.000000000,BEST_ASK,"JPM,99307,190"
2019-06-28 14:15:00.000000000,LAST_TRADE,"5,$98644.0000"
2019-06-28 14:15:00.000000000,QUERY_SPREAD,99
2019-06-28 14:15:00.000000000,BEST_BID,"JPM,98644,279"
2019-06-28 14:15:00.000000000,BEST_ASK,"JPM,99307,190"
2019-06-28 14:15:00.000000000,LAST_TRADE,"4,$98644.0000"
2019-06-28 14:15:00.000000000,QUERY_SPREAD,100
2019-06-28 14:15:00.000000000,BEST_BID,"JPM,98644,274"
2019-06-28 14:15:00.000000000,BEST_ASK,"JPM,99307,190"
2019-06-28 14:15:00.000000000,LAST_TRADE,"5,$98644.0000"
2019-06-28 14:15:00.000000000,QUERY_SPREAD,101
2019-06-28 14:15:00.000000000,BEST_BID,"JPM,98644,274"
2019-06-28 14:15:00.000000000,BEST_ASK,"JPM,99307,189"
2019-06-28 14:15:00.000000000,LAST_TRADE,"1,$99307.0000"
2019-06-28 14:15:08.653517497,QUERY_SPREAD,21
2019-06-28 14:15:08.653517497,BEST_BID,"JPM,98644,274"
2019-06-28 14:15:08.653517497,BEST_ASK,"JPM,99307,189"
2019-06-28 14:15:10.000000000,QUERY_SPREAD,1
2019-06-28 14:15:10.000000000,BEST_BID,"JPM,98644,274"
2019-06-28 14:15:10.000000000,BEST_ASK,"JPM,99307,96"
2019-06-28 14:15:10.000000000,BEST_BID,"JPM,98644,274"
2019-06-28 14:15:10.000000000,BEST_ASK,"JPM,99307,96"
2019-06-28 14:15:10.000000000,BEST_BID,"JPM,98644,274"
2019-06-28 14:15:10.000000000,BEST_ASK,"JPM,99307,189"
2019-06-28 14:15:10.000000000,BEST_BID,"JPM,98644,274"
2019-06-28 14:15:10.000000000,BEST_ASK,"JPM,99307,189"
2019-06-28 14:15:10.000000000,BEST_BID,"JPM,98644,274"
2019-06-28 14:15:10.000000000,BEST_ASK,"JPM,99307,189"
2019-06-28 14:15:10.000000000,BEST_BID,"JPM,98644,274"
2019-06-28 14:15:10.000000000,BEST_ASK,"JPM,99307,189"
2019-06-28 14:15:11.042330426,QUERY_SPREAD,16
2019-06-28 14:15:11.042330426,BEST_BID,"JPM,98644,274"
2019-06-28 14:15:11.042330426,BEST_ASK,"JPM,99307,189"
2019-06-28 14:15:12.951421608,QUERY_SPREAD,16
2019-06-28 14:15:12.951421608,BEST_BID,"JPM,98644,274"
2019-06-28 14:15:12.951421608,BEST_ASK,"JPM,99307,89"
2019-06-28 14:15:12.951421608,LAST_TRADE,"100,$99307.0000"
2019-06-28 14:15:20.000000000,QUERY_SPREAD,1
2019-06-28 14:15:20.000000000,BEST_BID,"JPM,98644,255"
2019-06-28 14:15:20.000000000,BEST_ASK,"JPM,99316,100"
2019-06-28 14:15:20.000000000,BEST_BID,"JPM,98644,255"
2019-06-28 14:15:20.000000000,BEST_ASK,"JPM,99316,100"
2019-06-28 14:15:20.000000000,BEST_BID,"JPM,98644,255"
2019-06-28 14:15:20.000000000,BEST_ASK,"JPM,99316,174"
2019-06-28 14:15:20.000000000,BEST_BID,"JPM,98644,255"
2019-06-28 14:15:20.000000000,BEST_ASK,"JPM,99316,174"
2019-06-28 14:15:20.000000000,BEST_BID,"JPM,98644,255"
2019-06-28 14:15:20.000000000,BEST_ASK,"JPM,99316,174"
2019-06-28 14:15:20.000000000,BEST_BID,"JPM,98644,255"
2019-06-28 14:15:20.000000000,BEST_ASK,"JPM,99316,174"
2019-06-28 14:15:20.000000000,BEST_BID,"JPM,98644,255"
2019-06-28 14:15:20.000000000,BEST_ASK,"JPM,99316,174"
2019-06-28 14:15:30.000000000,QUERY_SPREAD,1
2019-06-28 14:15:30.000000000,BEST_BID,"JPM,98644,255"
2019-06-28 14:15:30.000000000,BEST_ASK,"JPM,99316,100"
2019-06-28 14:15:30.000000000,BEST_BID,"JPM,98644,255"
2019-06-28 14:15:30.000000000,BEST_ASK,"JPM,99316,100"
2019-06-28 14:15:30.000000000,BEST_BID,"JPM,98644,255"
2019-06-28 14:15:30.000000000,BEST_ASK,"JPM,99316,174"
2019-06-28 14:15:30.000000000,BEST_BID,"JPM,98644,255"
2019-06-28 14:15:30.000000000,BEST_ASK,"JPM,99316,174"
2019-06-28 14:15:30.000000000,BEST_BID,"JPM,98644,255"
2019-06-28 14:15:30.000000000,BEST_ASK,"JPM,99316,174"
2019-06-28 14:15:30.000000000,BEST_BID,"JPM,98644,255"
2019-06-28 14:15:30.000000000,BEST_ASK,"JPM,99316,174"
2019-06-28 14:15:30.000000000,BEST_BID,"JPM,98644,255"
2019-06-28 14:15:30.000000000,BEST_ASK,"JPM,99316,174"
2019-06-28 14:15:40.000000000,QUERY_SPREAD,1
2019-06-28 14:15:40.000000000,BEST_BID,"JPM,98644,552"
2019-06-28 14:15:40.000000000,BEST_ASK,"JPM,99316,100"
2019-06-28 14:15:40.000000000,BEST_BID,"JPM,98644,552"
2019-06-28 14:15:40.000000000,BEST_ASK,"JPM,99316,471"
2019-06-28 14:15:49.241690691,QUERY_SPREAD,32
2019-06-28 14:15:49.241690691,BEST_BID,"JPM,98644,552"
2019-06-28 14:15:49.241690691,BEST_ASK,"JPM,99316,471"
2019-06-28 14:15:50.000000000,QUERY_SPREAD,1
2019-06-28 14:15:50.000000000,BEST_BID,"JPM,98644,274"
2019-06-28 14:15:50.000000000,BEST_ASK,"JPM,99316,100"
2019-06-28 14:15:50.000000000,BEST_BID,"JPM,98644,274"
2019-06-28 14:15:50.000000000,BEST_ASK,"JPM,99316,100"
2019-06-28 14:15:50.000000000,BEST_BID,"JPM,98644,274"
2019-06-28 14:15:50.000000000,BEST_ASK,"JPM,99316,193"
2019-06-28 14:15:50.000000000,BEST_BID,"JPM,98644,274"
2019-06-28 14:15:50.000000000,BEST_ASK,"JPM,99316,193"
2019-06-28 14:15:50.000000000,BEST_BID,"JPM,98644,274"
2019-06-28 14:15:50.000000000,BEST_ASK,"JPM,99316,193"
2019-06-28 14:15:50.000000000,BEST_BID,"JPM,98644,274"
2019-06-28 14:15:50.000000000,BEST_ASK,"JPM,99316,193"
2019-06-28 14:16:00.000000000,QUERY_SPREAD,1
2019-06-28 14:16:00.000000000,BEST_BID,"JPM,98644,274"
2019-06-28 14:16:00.000000000,BEST_ASK,"JPM,99316,100"
2019-06-28 14:16:00.000000000,BEST_BID,"JPM,98644,274"
2019-06-28 14:16:00.000000000,BEST_ASK,"JPM,99316,100"
2019-06-28 14:16:00.000000000,BEST_BID,"JPM,98644,274"
2019-06-28 14:16:00.000000000,BEST_ASK,"JPM,99316,193"
2019-06-28 14:16:00.000000000,BEST_BID,"JPM,98644,274"
2019-06-28 14:16:00.000000000,BEST_ASK,"JPM,99316,193"
2019-06-28 14:16:00.000000000,BEST_BID,"JPM,98644,274"
2019-06-28 14:16:00.000000000,BEST_ASK,"JPM,99316,193"
2019-06-28 14:16:00.000000000,BEST_BID,"JPM,98644,274"
2019-06-28 14:16:00.000000000,BEST_ASK,"JPM,99316,193"
2019-06-28 14:16:00.000000000,QUERY_SPREAD,77
2019-06-28 14:16:00.000000000,BEST_BID,"JPM,98644,269"
2019-06-28 14:16:00.000000000,BEST_ASK,"JPM,99316,193"
2019-06-28 14:16:00.000000000,LAST_TRADE,"5,$98644.0000"
2019-06-28 14:16:00.000000000,QUERY_SPREAD,78
2019-06-28 14:16:00.000000000,BEST_BID,"JPM,98644,261"
2019-06-28 14:16:00.000000000,BEST_ASK,"JPM,99316,193"
2019-06-28 14:16:00.000000000,LAST_TRADE,"8,$98644.0000"
2019-06-28 14:16:00.000000000,QUERY_SPREAD,79
2019-06-28 14:16:00.000000000,BEST_BID,"JPM,98644,256"
2019-06-28 14:16:00.000000000,BEST_ASK,"JPM,99316,193"
2019-06-28 14:16:00.000000000,LAST_TRADE,"5,$98644.0000"
2019-06-28 14:16:00.000000000,QUERY_SPREAD,80
2019-06-28 14:16:00.000000000,BEST_BID,"JPM,98644,248"
2019-06-28 14:16:00.000000000,BEST_ASK,"JPM,99316,193"
2019-06-28 14:16:00.000000000,LAST_TRADE,"8,$98644.0000"
2019-06-28 14:16:00.000000000,QUERY_SPREAD,81
2019-06-28 14:16:00.000000000,BEST_BID,"JPM,98644,239"
2019-06-28 14:16:00.000000000,BEST_ASK,"JPM,99316,193"
2019-06-28 14:16:00.000000000,LAST_TRADE,"9,$98644.0000"
2019-06-28 14:16:00.000000000,QUERY_SPREAD,82
2019-06-28 14:16:00.000000000,BEST_BID,"JPM,98644,236"
2019-06-28 14:16:00.000000000,BEST_ASK,"JPM,99316,193"
2019-06-28 14:16:00.000000000,LAST_TRADE,"3,$98644.0000"
2019-06-28 14:16:00.000000000,QUERY_SPREAD,83
2019-06-28 14:16:00.000000000,BEST_BID,"JPM,98644,228"
2019-06-28 14:16:00.000000000,BEST_ASK,"JPM,99316,193"
2019-06-28 14:16:00.000000000,LAST_TRADE,"8,$98644.0000"
2019-06-28 14:16:00.000000000,QUERY_SPREAD,84
2019-06-28 14:16:00.000000000,BEST_BID,"JPM,98644,224"
2019-06-28 14:16:00.000000000,BEST_ASK,"JPM,99316,193"
2019-06-28 14:16:00.000000000,LAST_TRADE,"4,$98644.0000"
2019-06-28 14:16:00.000000000,QUERY_SPREAD,85
2019-06-28 14:16:00.000000000,BEST_BID,"JPM,98644,219"
2019-06-28 14:16:00.000000000,BEST_ASK,"JPM,99316,193"
2019-06-28 14:16:00.000000000,LAST_TRADE,"5,$98644.0000"
2019-06-28 14:16:00.000000000,QUERY_SPREAD,86
2019-06-28 14:16:00.000000000,BEST_BID,"JPM,98644,217"
2019-06-28 14:16:00.000000000,BEST_ASK,"JPM,99316,193"
2019-06-28 14:16:00.000000000,LAST_TRADE,"2,$98644.0000"
2019-06-28 14:16:00.000000000,QUERY_SPREAD,87
2019-06-28 14:16:00.000000000,BEST_BID,"JPM,98644,210"
2019-06-28 14:16:00.000000000,BEST_ASK,"JPM,99316,193"
2019-06-28 14:16:00.000000000,LAST_TRADE,"7,$98644.0000"
2019-06-28 14:16:00.000000000,QUERY_SPREAD,88
2019-06-28 14:16:00.000000000,BEST_BID,"JPM,98644,202"
2019-06-28 14:16:00.000000000,BEST_ASK,"JPM,99316,193"
2019-06-28 14:16:00.000000000,LAST_TRADE,"8,$98644.0000"
2019-06-28 14:16:00.000000000,QUERY_SPREAD,89
2019-06-28 14:16:00.000000000,BEST_BID,"JPM,98644,197"
2019-06-28 14:16:00.000000000,BEST_ASK,"JPM,99316,193"
2019-06-28 14:16:00.000000000,LAST_TRADE,"5,$98644.0000"
2019-06-28 14:16:00.000000000,QUERY_SPREAD,90
2019-06-28 14:16:00.000000000,BEST_BID,"JPM,98644,193"
2019-06-28 14:16:00.000000000,BEST_ASK,"JPM,99316,193"
2019-06-28 14:16:00.000000000,LAST_TRADE,"4,$98644.0000"
2019-06-28 14:16:00.000000000,QUERY_SPREAD,91
2019-06-28 14:16:00.000000000,BEST_BID,"JPM,98644,190"
2019-06-28 14:16:00.000000000,BEST_ASK,"JPM,99316,193"
2019-06-28 14:16:00.000000000,LAST_TRADE,"3,$98644.0000"
2019-06-28 14:16:00.000000000,QUERY_SPREAD,92
2019-06-28 14:16:00.000000000,BEST_BID,"JPM,98644,185"
2019-06-28 14:16:00.000000000,BEST_ASK,"JPM,99316,193"
2019-06-28 14:16:00.000000000,LAST_TRADE,"5,$98644.0000"
2019-06-28 14:16:00.000000000,QUERY_SPREAD,93
2019-06-28 14:16:00.000000000,BEST_BID,"JPM,98644,178"
2019-06-28 14:16:00.000000000,BEST_ASK,"JPM,99316,193"
2019-06-28 14:16:00.000000000,LAST_TRADE,"7,$98644.0000"
2019-06-28 14:16:00.000000000,QUERY_SPREAD,94
2019-06-28 14:16:00.000000000,BEST_BID,"JPM,98644,177"
2019-06-28 14:16:00.000000000,BEST_ASK,"JPM,99316,193"
2019-06-28 14:16:00.000000000,LAST_TRADE,"1,$98644.0000"
2019-06-28 14:16:00.000000000,QUERY_SPREAD,95
2019-06-28 14:16:00.000000000,BEST_BID,"JPM,98644,176"
2019-06-28 14:16:00.000000000,BEST_ASK,"JPM,99316,193"
2019-06-28 14:16:00.000000000,LAST_TRADE,"1,$98644.0000"
2019-06-28 14:16:00.000000000,QUERY_SPREAD,96
2019-06-28 14:16:00.000000000,BEST_BID,"JPM,98644,172"
2019-06-28 14:16:00.000000000,BEST_ASK,"JPM,99316,193"
2019-06-28 14:16:00.000000000,LAST_TRADE,"4,$98644.0000"
2019-06-28 14:16:00.000000000,QUERY_SPREAD,97
2019-06-28 14:16:00.000000000,BEST_BID,"JPM,98644,169"
2019-06-28 14:16:00.000000000,BEST_ASK,"JPM,99316,193"
2019-06-28 14:16:00.000000000,LAST_TRADE,"3,$98644.0000"
2019-06-28 14:16:00.000000000,QUERY_SPREAD,98
2019-06-28 14:16:00.000000000,BEST_BID,"JPM,98644,164"
2019-06-28 14:16:00.000000000,BEST_ASK,"JPM,99316,193"
2019-06-28 14:16:00.000000000,LAST_TRADE,"5,$98644.0000"
2019-06-28 14:16:00.000000000,QUERY_SPREAD,99
2019-06-28 14:16:00.000000000,BEST_BID,"JPM,98644,160"
2019-06-28 14:16:00.000000000,BEST_ASK,"JPM,99316,193"
2019-06-28 14:16:00.000000000,LAST_TRADE,"4,$98644.0000"
2019-06-28 14:16:00.000000000,QUERY_SPREAD,100
2019-06-28 14:16:00.000000000,BEST_BID,"JPM,98644,155"
2019-06-28 14:16:00.000000000,BEST_ASK,"JPM,99316,193"
2019-06-28 14:16:00.000000000,LAST_TRADE,"5,$98644.0000"
2019-06-28 14:16:00.000000000,QUERY_SPREAD,101
2019-06-28 14:16:00.000000000,BEST_BID,"JPM,98644,155"
2019-06-28 14:16:00.000000000,BEST_ASK,"JPM,99316,192"
2019-06-28 14:16:00.000000000,LAST_TRADE,"1,$99316.0000"
2019-06-28 14:16:02.834785512,QUERY_SPREAD,11
2019-06-28 14:16:02.834785512,BEST_BID,"JPM,98644,155"
2019-06-28 14:16:02.834785512,BEST_ASK,"JPM,99316,92"
2019-06-28 14:16:02.834785512,LAST_TRADE,"100,$99316.0000"
2019-06-28 14:16:07.665494320,QUERY_SPREAD,28
2019-06-28 14:16:07.665494320,BEST_BID,"JPM,98644,155"
2019-06-28 14:16:07.665494320,BEST_ASK,"JPM,99316,92"
2019-06-28 14:16:10.000000000,QUERY_SPREAD,1
2019-06-28 14:16:10.000000000,BEST_BID,"JPM,98644,188"
2019-06-28 14:16:10.000000000,BEST_ASK,"JPM,99334,100"
2019-06-28 14:16:10.000000000,BEST_BID,"JPM,98644,188"
2019-06-28 14:16:10.000000000,BEST_ASK,"JPM,99334,100"
2019-06-28 14:16:10.000000000,BEST_BID,"JPM,98644,188"
2019-06-28 14:16:10.000000000,BEST_ASK,"JPM,99334,226"
2019-06-28 14:16:10.000000000,BEST_BID,"JPM,98644,188"
2019-06-28 14:16:10.000000000,BEST_ASK,"JPM,99334,226"
2019-06-28 14:16:10.000000000,BEST_BID,"JPM,98644,188"
2019-06-28 14:16:10.000000000,BEST_ASK,"JPM,99334,226"
2019-06-28 14:16:17.759991233,QUERY_SPREAD,50
2019-06-28 14:16:17.759991233,BEST_BID,"JPM,98644,188"
2019-06-28 14:16:17.759991233,BEST_ASK,"JPM,99334,126"
2019-06-28 14:16:17.759991233,LAST_TRADE,"100,$99334.0000"
2019-06-28 14:16:18.631370552,QUERY_SPREAD,29
2019-06-28 14:16:18.631370552,BEST_BID,"JPM,98644,188"
2019-06-28 14:16:18.631370552,BEST_ASK,"JPM,99334,26"
2019-06-28 14:16:18.631370552,LAST_TRADE,"100,$99334.0000"
2019-06-28 14:16:20.000000000,QUERY_SPREAD,1
2019-06-28 14:16:20.000000000,BEST_BID,"JPM,98644,433"
2019-06-28 14:16:20.000000000,BEST_ASK,"JPM,99346,100"
2019-06-28 14:16:20.000000000,BEST_BID,"JPM,98644,433"
2019-06-28 14:16:20.000000000,BEST_ASK,"JPM,99346,471"
2019-06-28 14:16:30.000000000,QUERY_SPREAD,1
2019-06-28 14:16:30.000000000,BEST_BID,"JPM,98644,188"
2019-06-28 14:16:30.000000000,BEST_ASK,"JPM,99346,100"
2019-06-28 14:16:30.000000000,BEST_BID,"JPM,98644,188"
2019-06-28 14:16:30.000000000,BEST_ASK,"JPM,99346,100"
2019-06-28 14:16:30.000000000,BEST_BID,"JPM,98644,188"
2019-06-28 14:16:30.000000000,BEST_ASK,"JPM,99346,226"
2019-06-28 14:16:30.000000000,BEST_BID,"JPM,98644,188"
2019-06-28 14:16:30.000000000,BEST_ASK,"JPM,99346,226"
2019-06-28 14:16:30.000000000,BEST_BID,"JPM,98644,188"
2019-06-28 14:16:30.000000000,BEST_ASK,"JPM,99346,226"
2019-06-28 14:16:31.856539319,QUERY_SPREAD,23
2019-06-28 14:16:31.856539319,BEST_BID,"JPM,98644,188"
2019-06-28 14:16:31.856539319,BEST_ASK,"JPM,99346,126"
2019-06-28 14:16:31.856539319,LAST_TRADE,"100,$99346.0000"
2019-06-28 14:16:40.000000000,QUERY_SPREAD,1
2019-06-28 14:16:40.000000000,BEST_BID,"JPM,98644,155"
2019-06-28 14:16:40.000000000,BEST_ASK,"JPM,99602,100"
2019-06-28 14:16:40.000000000,BEST_BID,"JPM,98644,155"
2019-06-28 14:16:40.000000000,BEST_ASK,"JPM,99602,100"
2019-06-28 14:16:40.000000000,BEST_BID,"JPM,98644,155"
2019-06-28 14:16:40.000000000,BEST_ASK,"JPM,99602,193"
2019-06-28 14:16:40.000000000,BEST_BID,"JPM,98644,155"
2019-06-28 14:16:40.000000000,BEST_ASK,"JPM,99602,193"
2019-06-28 14:16:40.000000000,BEST_BID,"JPM,98644,155"
2019-06-28 14:16:40.000000000,BEST_ASK,"JPM,99602,193"
2019-06-28 14:16:40.000000000,BEST_BID,"JPM,98644,155"
2019-06-28 14:16:40.000000000,BEST_ASK,"JPM,99602,193"
2019-06-28 14:16:50.000000000,QUERY_SPREAD,1
2019-06-28 14:16:50.000000000,BEST_BID,"JPM,98644,188"
2019-06-28 14:16:50.000000000,BEST_ASK,"JPM,99602,100"
2019-06-28 14:16:50.000000000,BEST_BID,"JPM,98644,188"
2019-06-28 14:16:50.000000000,BEST_ASK,"JPM,99602,100"
2019-06-28 14:16:50.000000000,BEST_BID,"JPM,98644,188"
2019-06-28 14:16:50.000000000,BEST_ASK,"JPM,99602,226"
2019-06-28 14:16:50.000000000,BEST_BID,"JPM,98644,188"
2019-06-28 14:16:50.000000000,BEST_ASK,"JPM,99602,226"
2019-06-28 14:16:50.000000000,BEST_BID,"JPM,98644,188"
2019-06-28 14:16:50.000000000,BEST_ASK,"JPM,99602,226"
2019-06-28 14:16:50.218475865,QUERY_SPREAD,49
2019-06-28 14:16:50.218475865,BEST_BID,"JPM,98644,188"
2019-06-28 14:16:50.218475865,BEST_ASK,"JPM,99602,126"
2019-06-28 14:16:50.218475865,LAST_TRADE,"100,$99602.0000"
2019-06-28 14:17:00.000000000,QUERY_SPREAD,1
2019-06-28 14:17:00.000000000,BEST_BID,"JPM,98644,248"
2019-06-28 14:17:00.000000000,BEST_ASK,"JPM,99627,100"
2019-06-28 14:17:00.000000000,BEST_BID,"JPM,98644,248"
2019-06-28 14:17:00.000000000,BEST_ASK,"JPM,99627,100"
2019-06-28 14:17:00.000000000,BEST_BID,"JPM,98644,248"
2019-06-28 14:17:00.000000000,BEST_ASK,"JPM,99627,286"
2019-06-28 14:17:00.000000000,BEST_BID,"JPM,98644,248"
2019-06-28 14:17:00.000000000,BEST_ASK,"JPM,99627,286"
2019-06-28 14:17:00.000000000,QUERY_SPREAD,77
2019-06-28 14:17:00.000000000,BEST_BID,"JPM,98644,243"
2019-06-28 14:17:00.000000000,BEST_ASK,"JPM,99627,286"
2019-06-28 14:17:00.000000000,LAST_TRADE,"5,$98644.0000"
2019-06-28 14:17:00.000000000,QUERY_SPREAD,78
2019-06-28 14:17:00.000000000,BEST_BID,"JPM,98644,235"
2019-06-28 14:17:00.000000000,BEST_ASK,"JPM,99627,286"
2019-06-28 14:17:00.000000000,LAST_TRADE,"8,$98644.0000"
2019-06-28 14:17:00.000000000,QUERY_SPREAD,79
2019-06-28 14:17:00.000000000,BEST_BID,"JPM,98644,230"
2019-06-28 14:17:00.000000000,BEST_ASK,"JPM,99627,286"
2019-06-28 14:17:00.000000000,LAST_TRADE,"5,$98644.0000"
2019-06-28 14:17:00.000000000,QUERY_SPREAD,80
2019-06-28 14:17:00.000000000,BEST_BID,"JPM,98644,222"
2019-06-28 14:17:00.000000000,BEST_ASK,"JPM,99627,286"
2019-06-28 14:17:00.000000000,LAST_TRADE,"8,$98644.0000"
2019-06-28 14:17:00.000000000,QUERY_SPREAD,81
2019-06-28 14:17:00.000000000,BEST_BID,"JPM,98644,213"
2019-06-28 14:17:00.000000000,BEST_ASK,"JPM,99627,286"
2019-06-28 14:17:00.000000000,LAST_TRADE,"9,$98644.0000"
2019-06-28 14:17:00.000000000,QUERY_SPREAD,82
2019-06-28 14:17:00.000000000,BEST_BID,"JPM,98644,210"
2019-06-28 14:17:00.000000000,BEST_ASK,"JPM,99627,286"
2019-06-28 14:17:00.000000000,LAST_TRADE,"3,$98644.0000"
2019-06-28 14:17:00.000000000,QUERY_SPREAD,83
2019-06-28 14:17:00.000000000,BEST_BID,"JPM,98644,202"
2019-06-28 14:17:00.000000000,BEST_ASK,"JPM,99627,286"
2019-06-28 14:17:00.000000000,LAST_TRADE,"8,$98644.0000"
2019-06-28 14:17:00.000000000,QUERY_SPREAD,84
2019-06-28 14:17:00.000000000,BEST_BID,"JPM,98644,198"
2019-06-28 14:17:00.000000000,BEST_ASK,"JPM,99627,286"
2019-06-28 14:17:00.000000000,LAST_TRADE,"4,$98644.0000"
2019-06-28 14:17:00.000000000,QUERY_SPREAD,85
2019-06-28 14:17:00.000000000,BEST_BID,"JPM,98644,193"
2019-06-28 14:17:00.000000000,BEST_ASK,"JPM,99627,286"
2019-06-28 14:17:00.000000000,LAST_TRADE,"5,$98644.0000"
2019-06-28 14:17:00.000000000,QUERY_SPREAD,86
2019-06-28 14:17:00.000000000,BEST_BID,"JPM,98644,191"
2019-06-28 14:17:00.000000000,BEST_ASK,"JPM,99627,286"
2019-06-28 14:17:00.000000000,LAST_TRADE,"2,$98644.0000"
2019-06-28 14:17:00.000000000,QUERY_SPREAD,87
2019-06-28 14:17:00.000000000,BEST_BID,"JPM,98644,184"
2019-06-28 14:17:00.000000000,BEST_ASK,"JPM,99627,286"
2019-06-28 14:17:00.000000000,LAST_TRADE,"7,$98644.0000"
2019-06-28 14:17:00.000000000,QUERY_SPREAD,88
2019-06-28 14:17:00.000000000,BEST_BID,"JPM,98644,176"
2019-06-28 14:17:00.000000000,BEST_ASK,"JPM,99627,286"
2019-06-28 14:17:00.000000000,LAST_TRADE,"8,$98644.0000"
2019-06-28 14:17:00.000000000,QUERY_SPREAD,89
2019-06-28 14:17:00.000000000,BEST_BID,"JPM,98644,171"
2019-06-28 14:17:00.000000000,BEST_ASK,"JPM,99627,286"
2019-06-28 14:17:00.000000000,LAST_TRADE,"5,$98644.0000"
2019-06-28 14:17:00.000000000,QUERY_SPREAD,90
2019-06-28 14:17:00.000000000,BEST_BID,"JPM,98644,167"
2019-06-28 14:17:00.000000000,BEST_ASK,"JPM,99627,286"
2019-06-28 14:17:00.000000000,LAST_TRADE,"4,$98644.0000"
2019-06-28 14:17:00.000000000,QUERY_SPREAD,91
2019-06-28 14:17:00.000000000,BEST_BID,"JPM,98644,164"
2019-06-28 14:17:00.000000000,BEST_ASK,"JPM,99627,286"
2019-06-28 14:17:00.000000000,LAST_TRADE,"3,$98644.0000"
2019-06-28 14:17:00.000000000,QUERY_SPREAD,92
2019-06-28 14:17:00.000000000,BEST_BID,"JPM,98644,159"
2019-06-28 14:17:00.000000000,BEST_ASK,"JPM,99627,286"
2019-06-28 14:17:00.000000000,LAST_TRADE,"5,$98644.0000"
2019-06-28 14:17:00.000000000,QUERY_SPREAD,93
2019-06-28 14:17:00.000000000,BEST_BID,"JPM,98644,152"
2019-06-28 14:17:00.000000000,BEST_ASK,"JPM,99627,286"
2019-06-28 14:17:00.000000000,LAST_TRADE,"7,$98644.0000"
2019-06-28 14:17:00.000000000,QUERY_SPREAD,94
2019-06-28 14:17:00.000000000,BEST_BID,"JPM,98644,151"
2019-06-28 14:17:00.000000000,BEST_ASK,"JPM,99627,286"
2019-06-28 14:17:00.000000000,LAST_TRADE,"1,$98644.0000"
2019-06-28 14:17:00.000000000,QUERY_SPREAD,95
2019-06-28 14:17:00.000000000,BEST_BID,"JPM,98644,150"
2019-06-28 14:17:00.000000000,BEST_ASK,"JPM,99627,286"
2019-06-28 14:17:00.000000000,LAST_TRADE,"1,$98644.0000"
2019-06-28 14:17:00.000000000,QUERY_SPREAD,96
2019-06-28 14:17:00.000000000,BEST_BID,"JPM,98644,146"
2019-06-28 14:17:00.000000000,BEST_ASK,"JPM,99627,286"
2019-06-28 14:17:00.000000000,LAST_TRADE,"4,$98644.0000"
2019-06-28 14:17:00.000000000,QUERY_SPREAD,97
2019-06-28 14:17:00.000000000,BEST_BID,"JPM,98644,143"
2019-06-28 14:17:00.000000000,BEST_ASK,"JPM,99627,286"
2019-06-28 14:17:00.000000000,LAST_TRADE,"3,$98644.0000"
2019-06-28 14:17:00.000000000,QUERY_SPREAD,98
2019-06-28 14:17:00.000000000,BEST_BID,"JPM,98644,138"
2019-06-28 14:17:00.000000000,BEST_ASK,"JPM,99627,286"
2019-06-28 14:17:00.000000000,LAST_TRADE,"5,$98644.0000"
2019-06-28 14:17:00.000000000,QUERY_SPREAD,99
2019-06-28 14:17:00.000000000,BEST_BID,"JPM,98644,134"
2019-06-28 14:17:00.000000000,BEST_ASK,"JPM,99627,286"
2019-06-28 14:17:00.000000000,LAST_TRADE,"4,$98644.0000"
2019-06-28 14:17:00.000000000,QUERY_SPREAD,100
2019-06-28 14:17:00.000000000,BEST_BID,"JPM,98644,129"
2019-06-28 14:17:00.000000000,BEST_ASK,"JPM,99627,286"
2019-06-28 14:17:00.000000000,LAST_TRADE,"5,$98644.0000"
2019-06-28 14:17:00.000000000,QUERY_SPREAD,101
2019-06-28 14:17:00.000000000,BEST_BID,"JPM,98644,129"
2019-06-28 14:17:00.000000000,BEST_ASK,"JPM,99627,285"
2019-06-28 14:17:00.000000000,LAST_TRADE,"1,$99627.0000"
2019-06-28 14:17:00.057885771,QUERY_SPREAD,16
2019-06-28 14:17:00.057885771,BEST_BID,"JPM,98644,129"
2019-06-28 14:17:00.057885771,BEST_ASK,"JPM,99627,285"
2019-06-28 14:17:10.000000000,QUERY_SPREAD,1
2019-06-28 14:17:14.544059474,QUERY_ORDER_STREAM,64
2019-06-28 14:17:14.544059474,QUERY_SPREAD,64
2019-06-28 14:17:20.000000000,QUERY_SPREAD,1
2019-06-28 14:17:21.923485181,QUERY_SPREAD,38
2019-06-28 14:17:21.923485181,BEST_ASK,"JPM,99627,99"
2019-06-28 14:17:25.347577310,QUERY_ORDER_STREAM,69
2019-06-28 14:17:25.347577310,QUERY_SPREAD,69
2019-06-28 14:17:25.347577310,BEST_BID,"JPM,98644,100"
2019-06-28 14:17:25.347577310,BEST_ASK,"JPM,99627,99"
2019-06-28 14:17:30.000000000,QUERY_SPREAD,1
2019-06-28 14:17:30.000000000,BEST_BID,"JPM,98644,286"
2019-06-28 14:17:30.000000000,BEST_ASK,"JPM,99627,99"
2019-06-28 14:17:30.000000000,BEST_BID,"JPM,98644,286"
2019-06-28 14:17:30.000000000,BEST_ASK,"JPM,99627,99"
2019-06-28 14:17:30.000000000,BEST_BID,"JPM,98644,286"
2019-06-28 14:17:30.000000000,BEST_ASK,"JPM,99627,285"
2019-06-28 14:17:30.000000000,BEST_BID,"JPM,98644,286"
2019-06-28 14:17:30.000000000,BEST_ASK,"JPM,99627,285"
2019-06-28 14:17:30.985694732,QUERY_ORDER_STREAM,64
2019-06-28 14:17:30.985694732,QUERY_SPREAD,64
2019-06-28 14:17:30.985694732,BEST_BID,"JPM,98644,386"
2019-06-28 14:17:30.985694732,BEST_ASK,"JPM,99627,285"
2019-06-28 14:17:40.000000000,QUERY_SPREAD,1
2019-06-28 14:17:40.000000000,BEST_BID,"JPM,98644,293"
2019-06-28 14:17:40.000000000,BEST_ASK,"JPM,99627,99"
2019-06-28 14:17:40.000000000,BEST_BID,"JPM,98644,293"
2019-06-28 14:17:40.000000000,BEST_ASK,"JPM,99627,99"
2019-06-28 14:17:40.000000000,BEST_BID,"JPM,98644,293"
2019-06-28 14:17:40.000000000,BEST_ASK,"JPM,99627,192"
2019-06-28 14:17:40.000000000,BEST_BID,"JPM,98644,293"
2019-06-28 14:17:40.000000000,BEST_ASK,"JPM,99627,192"
2019-06-28 14:17:40.000000000,BEST_BID,"JPM,98644,293"
2019-06-28 14:17:40.000000000,BEST_ASK,"JPM,99627,192"
2019-06-28 14:17:40.000000000,BEST_BID,"JPM,98644,293"
2019-06-28 14:17:40.000000000,BEST_ASK,"JPM,99627,192"
2019-06-28 14:17:50.000000000,QUERY_SPREAD,1
2019-06-28 14:17:50.000000000,BEST_BID,"JPM,98644,571"
2019-06-28 14:17:50.000000000,BEST_ASK,"JPM,99627,99"
2019-06-28 14:17:50.000000000,BEST_BID,"JPM,98644,571"
2019-06-28 14:17:50.000000000,BEST_ASK,"JPM,99627,470"
2019-06-28 14:17:58.247643818,QUERY_SPREAD,27
2019-06-28 14:17:58.247643818,BEST_BID,"JPM,98644,571"
2019-06-28 14:17:58.247643818,BEST_ASK,"JPM,99627,470"
2019-06-28 14:18:00.000000000,QUERY_SPREAD,1
2019-06-28 14:18:00.000000000,BEST_BID,"JPM,98644,293"
2019-06-28 14:18:00.000000000,BEST_ASK,"JPM,99627,99"
2019-06-28 14:18:00.000000000,BEST_BID,"JPM,98644,293"
2019-06-28 14:18:00.000000000,BEST_ASK,"JPM,99627,99"
2019-06-28 14:18:00.000000000,BEST_BID,"JPM,98644,293"
2019-06-28 14:18:00.000000000,BEST_ASK,"JPM,99627,192"
2019-06-28 14:18:00.000000000,BEST_BID,"JPM,98644,293"
2019-06-28 14:18:00.000000000,BEST_ASK,"JPM,99627,192"
2019-06-28 14:18:00.000000000,BEST_BID,"JPM,98644,293"
2019-06-28 14:18:00.000000000,BEST_ASK,"JPM,99627,192"
2019-06-28 14:18:00.000000000,BEST_BID,"JPM,98644,293"
2019-06-28 14:18:00.000000000,BEST_ASK,"JPM,99627,192"
2019-06-28 14:18:00.000000000,QUERY_SPREAD,77
2019-06-28 14:18:00.000000000,BEST_BID,"JPM,98644,288"
2019-06-28 14:18:00.000000000,BEST_ASK,"JPM,99627,192"
2019-06-28 14:18:00.000000000,LAST_TRADE,"5,$98644.0000"
2019-06-28 14:18:00.000000000,QUERY_SPREAD,78
2019-06-28 14:18:00.000000000,BEST_BID,"JPM,98644,280"
2019-06-28 14:18:00.000000000,BEST_ASK,"JPM,99627,192"
2019-06-28 14:18:00.000000000,LAST_TRADE,"8,$98644.0000"
2019-06-28 14:18:00.000000000,QUERY_SPREAD,79
2019-06-28 14:18:00.000000000,BEST_BID,"JPM,98644,275"
2019-06-28 14:18:00.000000000,BEST_ASK,"JPM,99627,192"
2019-06-28 14:18:00.000000000,LAST_TRADE,"5,$98644.0000"
2019-06-28 14:18:00.000000000,QUERY_SPREAD,80
2019-06-28 14:18:00.000000000,BEST_BID,"JPM,98644,267"
2019-06-28 14:18:00.000000000,BEST_ASK,"JPM,99627,192"
2019-06-28 14:18:00.000000000,LAST_TRADE,"8,$98644.0000"
2019-06-28 14:18:00.000000000,QUERY_SPREAD,81
2019-06-28 14:18:00.000000000,BEST_BID,"JPM,98644,258"
2019-06-28 14:18:00.000000000,BEST_ASK,"JPM,99627,192"
2019-06-28 14:18:00.000000000,LAST_TRADE,"9,$98644.0000"
2019-06-28 14:18:00.000000000,QUERY_SPREAD,82
2019-06-28 14:18:00.000000000,BEST_BID,"JPM,98644,255"
2019-06-28 14:18:00.000000000,BEST_ASK,"JPM,99627,192"
2019-06-28 14:18:00.000000000,LAST_TRADE,"3,$98644.0000"
2019-06-28 14:18:00.000000000,QUERY_SPREAD,83
2019-06-28 14:18:00.000000000,BEST_BID,"JPM,98644,247"
2019-06-28 14:18:00.000000000,BEST_ASK,"JPM,99627,192"
2019-06-28 14:18:00.000000000,LAST_TRADE,"8,$98644.0000"
2019-06-28 14:18:00.000000000,QUERY_SPREAD,84
2019-06-28 14:18:00.000000000,BEST_BID,"JPM,98644,243"
2019-06-28 14:18:00.000000000,BEST_ASK,"JPM,99627,192"
2019-06-28 14:18:00.000000000,LAST_TRADE,"4,$98644.0000"
2019-06-28 14:18:00.000000000,QUERY_SPREAD,85
2019-06-28 14:18:00.000000000,BEST_BID,"JPM,98644,238"
2019-06-28 14:18:00.000000000,BEST_ASK,"JPM,99627,192"
2019-06-28 14:18:00.000000000,LAST_TRADE,"5,$98644.0000"
2019-06-28 14:18:00.000000000,QUERY_SPREAD,86
2019-06-28 14:18:00.000000000,BEST_BID,"JPM,98644,236"
2019-06-28 14:18:00.000000000,BEST_ASK,"JPM,99627,192"
2019-06-28 14:18:00.000000000,LAST_TRADE,"2,$98644.0000"
2019-06-28 14:18:00.000000000,QUERY_SPREAD,87
2019-06-28 14:18:00.000000000,BEST_BID,"JPM,98644,229"
2019-06-28 14:18:00.000000000,BEST_ASK,"JPM,99627,192"
2019-06-28 14:18:00.000000000,LAST_TRADE,"7,$98644.0000"
2019-06-28 14:18:00.000000000,QUERY_SPREAD,88
2019-06-28 14:18:00.000000000,BEST_BID,"JPM,98644,221"
2019-06-28 14:18:00.000000000,BEST_ASK,"JPM,99627,192"
2019-06-28 14:18:00.000000000,LAST_TRADE,"8,$98644.0000"
2019-06-28 14:18:00.000000000,QUERY_SPREAD,89
2019-06-28 14:18:00.000000000,BEST_BID,"JPM,98644,216"
2019-06-28 14:18:00.000000000,BEST_ASK,"JPM,99627,192"
2019-06-28 14:18:00.000000000,LAST_TRADE,"5,$98644.0000"
2019-06-28 14:18:00.000000000,QUERY_SPREAD,90
2019-06-28 14:18:00.000000000,BEST_BID,"JPM,98644,212"
2019-06-28 14:18:00.000000000,BEST_ASK,"JPM,99627,192"
2019-06-28 14:18:00.000000000,LAST_TRADE,"4,$98644.0000"
2019-06-28 14:18:00.000000000,QUERY_SPREAD,91
2019-06-28 14:18:00.000000000,BEST_BID,"JPM,98644,209"
2019-06-28 14:18:00.000000000,BEST_ASK,"JPM,99627,192"
2019-06-28 14:18:00.000000000,LAST_TRADE,"3,$98644.0000"
2019-06-28 14:18:00.000000000,QUERY_SPREAD,92
2019-06-28 14:18:00.000000000,BEST_BID,"JPM,98644,204"
2019-06-28 14:18:00.000000000,BEST_ASK,"JPM,99627,192"
2019-06-28 14:18:00.000000000,LAST_TRADE,"5,$98644.0000"
2019-06-28 14:18:00.000000000,QUERY_SPREAD,93
2019-06-28 14:18:00.000000000,BEST_BID,"JPM,98644,197"
2019-06-28 14:18:00.000000000,BEST_ASK,"JPM,99627,192"
2019-06-28 14:18:00.000000000,LAST_TRADE,"7,$98644.0000"
2019-06-28 14:18:00.000000000,QUERY_SPREAD,94
2019-06-28 14:18:00.000000000,BEST_BID,"JPM,98644,196"
2019-06-28 14:18:00.000000000,BEST_ASK,"JPM,99627,192"
2019-06-28 14:18:00.000000000,LAST_TRADE,"1,$98644.0000"
2019-06-28 14:18:00.000000000,QUERY_SPREAD,95
2019-06-28 14:18:00.000000000,BEST_BID,"JPM,98644,195"
2019-06-28 14:18:00.000000000,BEST_ASK,"JPM,99627,192"
2019-06-28 14:18:00.000000000,LAST_TRADE,"1,$98644.0000"
2019-06-28 14:18:00.000000000,QUERY_SPREAD,96
2019-06-28 14:18:00.000000000,BEST_BID,"JPM,98644,191"
2019-06-28 14:18:00.000000000,BEST_ASK,"JPM,99627,192"
2019-06-28 14:18:00.000000000,LAST_TRADE,"4,$98644.0000"
2019-06-28 14:18:00.000000000,QUERY_SPREAD,97
2019-06-28 14:18:00.000000000,BEST_BID,"JPM,98644,188"
2019-06-28 14:18:00.000000000,BEST_ASK,"JPM,99627,192"
2019-06-28 14:18:00.000000000,LAST_TRADE,"3,$98644.0000"
2019-06-28 14:18:00.000000000,QUERY_SPREAD,98
2019-06-28 14:18:00.000000000,BEST_BID,"JPM,98644,183"
2019-06-28 14:18:00.000000000,BEST_ASK,"JPM,99627,192"
2019-06-28 14:18:00.000000000,LAST_TRADE,"5,$98644.0000"
2019-06-28 14:18:00.000000000,QUERY_SPREAD,99
2019-06-28 14:18:00.000000000,BEST_BID,"JPM,98644,179"
2019-06-28 14:18:00.000000000,BEST_ASK,"JPM,99627,192"
2019-06-28 14:18:00.000000000,LAST_TRADE,"4,$98644.0000"
2019-06-28 14:18:00.000000000,QUERY_SPREAD,100
2019-06-28 14:18:00.000000000,BEST_BID,"JPM,98644,174"
2019-06-28 14:18:00.000000000,BEST_ASK,"JPM,99627,192"
2019-06-28 14:18:00.000000000,LAST_TRADE,"5,$98644.0000"
2019-06-28 14:18:00.000000000,QUERY_SPREAD,101
2019-06-28 14:18:00.000000000,BEST_BID,"JPM,98644,174"
2019-06-28 14:18:00.000000000,BEST_ASK,"JPM,99627,191"
2019-06-28 14:18:00.000000000,LAST_TRADE,"1,$99627.0000"
2019-06-28 14:18:01.800240744,QUERY_SPREAD,37
2019-06-28 14:18:01.800240744,BEST_BID,"JPM,98644,174"
2019-06-28 14:18:01.800240744,BEST_ASK,"JPM,99627,91"
2019-06-28 14:18:01.800240744,LAST_TRADE,"100,$99627.0000"
2019-06-28 14:18:10.000000000,QUERY_SPREAD,1
2019-06-28 14:18:10.000000000,BEST_BID,"JPM,98644,174"
2019-06-28 14:18:10.000000000,BEST_ASK,"JPM,99884,100"
2019-06-28 14:18:10.000000000,BEST_BID,"JPM,98644,174"
2019-06-28 14:18:10.000000000,BEST_ASK,"JPM,99884,100"
2019-06-28 14:18:10.000000000,BEST_BID,"JPM,98644,174"
2019-06-28 14:18:10.000000000,BEST_ASK,"JPM,99884,193"
2019-06-28 14:18:10.000000000,BEST_BID,"JPM,98644,174"
2019-06-28 14:18:10.000000000,BEST_ASK,"JPM,99884,193"
2019-06-28 14:18:10.000000000,BEST_BID,"JPM,98644,174"
2019-06-28 14:18:10.000000000,BEST_ASK,"JPM,99884,193"
2019-06-28 14:18:10.000000000,BEST_BID,"JPM,98644,174"
2019-06-28 14:18:10.000000000,BEST_ASK,"JPM,99884,193"
2019-06-28 14:18:16.422663206,QUERY_SPREAD,16
2019-06-28 14:18:16.422663206,BEST_BID,"JPM,98644,174"
2019-06-28 14:18:16.422663206,BEST_ASK,"JPM,99884,93"
2019-06-28 14:18:16.422663206,LAST_TRADE,"100,$99884.0000"
2019-06-28 14:18:20.000000000,QUERY_SPREAD,1
2019-06-28 14:18:20.000000000,BEST_BID,"JPM,98644,174"
2019-06-28 14:18:20.000000000,BEST_ASK,"JPM,99939,100"
2019-06-28 14:18:20.000000000,BEST_BID,"JPM,98644,174"
2019-06-28 14:18:20.000000000,BEST_ASK,"JPM,99939,100"
2019-06-28 14:18:20.000000000,BEST_BID,"JPM,98644,174"
2019-06-28 14:18:20.000000000,BEST_ASK,"JPM,99939,193"
2019-06-28 14:18:20.000000000,BEST_BID,"JPM,98644,174"
2019-06-28 14:18:20.000000000,BEST_ASK,"JPM,99939,193"
2019-06-28 14:18:20.000000000,BEST_BID,"JPM,98644,174"
2019-06-28 14:18:20.000000000,BEST_ASK,"JPM,99939,193"
2019-06-28 14:18:20.000000000,BEST_BID,"JPM,98644,174"
2019-06-28 14:18:20.000000000,BEST_ASK,"JPM,99939,193"
2019-06-28 14:18:23.310268720,QUERY_SPREAD,30
2019-06-28 14:18:23.310268720,BEST_BID,"JPM,98644,174"
2019-06-28 14:18:23.310268720,BEST_ASK,"JPM,99939,93"
2019-06-28 14:18:23.310268720,LAST_TRADE,"100,$99939.0000"
2019-06-28 14:18:30.000000000,QUERY_SPREAD,1
2019-06-28 14:18:30.000000000,BEST_BID,"JPM,98644,207"
2019-06-28 14:18:30.000000000,BEST_ASK,"JPM,100001,300"
2019-06-28 14:18:30.000000000,BEST_BID,"JPM,98644,207"
2019-06-28 14:18:30.000000000,BEST_ASK,"JPM,100001,300"
2019-06-28 14:18:30.000000000,BEST_BID,"JPM,98644,207"
2019-06-28 14:18:30.000000000,BEST_ASK,"JPM,100001,426"
2019-06-28 14:18:30.000000000,BEST_BID,"JPM,98644,207"
2019-06-28 14:18:30.000000000,BEST_ASK,"JPM,100001,426"
2019-06-28 14:18:30.000000000,BEST_BID,"JPM,98644,207"
2019-06-28 14:18:30.000000000,BEST_ASK,"JPM,100001,426"
2019-06-28 14:18:40.000000000,QUERY_SPREAD,1
2019-06-28 14:18:40.000000000,BEST_BID,"JPM,98644,155"
2019-06-28 14:18:40.000000000,BEST_ASK,"JPM,100001,300"
2019-06-28 14:18:40.000000000,BEST_BID,"JPM,98644,155"
2019-06-28 14:18:40.000000000,BEST_ASK,"JPM,100001,300"
2019-06-28 14:18:40.000000000,BEST_BID,"JPM,98644,155"
2019-06-28 14:18:40.000000000,BEST_ASK,"JPM,100001,374"
2019-06-28 14:18:40.000000000,BEST_BID,"JPM,98644,155"
2019-06-28 14:18:40.000000000,BEST_ASK,"JPM,100001,374"
2019-06-28 14:18:40.000000000,BEST_BID,"JPM,98644,155"
2019-06-28 14:18:40.000000000,BEST_ASK,"JPM,100001,374"
2019-06-28 14:18:40.000000000,BEST_BID,"JPM,98644,155"
2019-06-28 14:18:40.000000000,BEST_ASK,"JPM,100001,374"
2019-06-28 14:18:40.000000000,BEST_BID,"JPM,98644,155"
2019-06-28 14:18:40.000000000,BEST_ASK,"JPM,100001,374"
2019-06-28 14:18:42.637114160,QUERY_SPREAD,18
2019-06-28 14:18:42.637114160,BEST_BID,"JPM,98644,155"
2019-06-28 14:18:42.637114160,BEST_ASK,"JPM,100001,374"
2019-06-28 14:18:43.432111840,QUERY_SPREAD,15
2019-06-28 14:18:43.432111840,BEST_BID,"JPM,98644,155"
2019-06-28 14:18:43.432111840,BEST_ASK,"JPM,100001,274"
2019-06-28 14:18:43.432111840,LAST_TRADE,"100,$100001.0000"
2019-06-28 14:18:49.754348076,QUERY_SPREAD,18
2019-06-28 14:18:49.754348076,BEST_BID,"JPM,98644,155"
2019-06-28 14:18:49.754348076,BEST_ASK,"JPM,100001,174"
2019-06-28 14:18:49.754348076,LAST_TRADE,"100,$100001.0000"
2019-06-28 14:18:50.000000000,QUERY_SPREAD,1
2019-06-28 14:18:50.000000000,BEST_BID,"JPM,98644,452"
2019-06-28 14:18:50.000000000,BEST_ASK,"JPM,100001,100"
2019-06-28 14:18:50.000000000,BEST_BID,"JPM,98644,452"
2019-06-28 14:18:50.000000000,BEST_ASK,"JPM,100001,471"
2019-06-28 14:18:59.040737672,QUERY_SPREAD,36
2019-06-28 14:18:59.040737672,BEST_BID,"JPM,98644,452"
2019-06-28 14:18:59.040737672,BEST_ASK,"JPM,100001,371"
2019-06-28 14:18:59.040737672,LAST_TRADE,"100,$100001.0000"
2019-06-28 14:19:00.000000000,QUERY_SPREAD,1
2019-06-28 14:19:00.000000000,BEST_BID,"JPM,98644,452"
2019-06-28 14:19:00.000000000,BEST_ASK,"JPM,100279,100"
2019-06-28 14:19:00.000000000,BEST_BID,"JPM,98644,452"
2019-06-28 14:19:00.000000000,BEST_ASK,"JPM,100279,471"
2019-06-28 14:19:00.000000000,QUERY_SPREAD,77
2019-06-28 14:19:00.000000000,BEST_BID,"JPM,98644,447"
2019-06-28 14:19:00.000000000,BEST_ASK,"JPM,100279,471"
2019-06-28 14:19:00.000000000,LAST_TRADE,"5,$98644.0000"
2019-06-28 14:19:00.000000000,QUERY_SPREAD,78
2019-06-28 14:19:00.000000000,BEST_BID,"JPM,98644,439"
2019-06-28 14:19:00.000000000,BEST_ASK,"JPM,100279,471"
2019-06-28 14:19:00.000000000,LAST_TRADE,"8,$98644.0000"
2019-06-28 14:19:00.000000000,QUERY_SPREAD,79
2019-06-28 14:19:00.000000000,BEST_BID,"JPM,98644,434"
2019-06-28 14:19:00.000000000,BEST_ASK,"JPM,100279,471"
2019-06-28 14:19:00.000000000,LAST_TRADE,"5,$98644.0000"
2019-06-28 14:19:00.000000000,QUERY_SPREAD,80
2019-06-28 14:19:00.000000000,BEST_BID,"JPM,98644,426"
2019-06-28 14:19:00.000000000,BEST_ASK,"JPM,100279,471"
2019-06-28 14:19:00.000000000,LAST_TRADE,"8,$98644.0000"
2019-06-28 14:19:00.000000000,QUERY_SPREAD,81
2019-06-28 14:19:00.000000000,BEST_BID,"JPM,98644,417"
2019-06-28 14:19:00.000000000,BEST_ASK,"JPM,100279,471"
2019-06-28 14:19:00.000000000,LAST_TRADE,"9,$98644.0000"
2019-06-28 14:19:00.000000000,QUERY_SPREAD,82
2019-06-28 14:19:00.000000000,BEST_BID,"JPM,98644,414"
2019-06-28 14:19:00.000000000,BEST_ASK,"JPM,100279,471"
2019-06-28 14:19:00.000000000,LAST_TRADE,"3,$98644.0000"
2019-06-28 14:19:00.000000000,QUERY_SPREAD,83
2019-06-28 14:19:00.000000000,BEST_BID,"JPM,98644,406"
2019-06-28 14:19:00.000000000,BEST_ASK,"JPM,100279,471"
2019-06-28 14:19:00.000000000,LAST_TRADE,"8,$98644.0000"
2019-06-28 14:19:00.000000000,QUERY_SPREAD,84
2019-06-28 14:19:00.000000000,BEST_BID,"JPM,98644,402"
2019-06-28 14:19:00.000000000,BEST_ASK,"JPM,100279,471"
2019-06-28 14:19:00.000000000,LAST_TRADE,"4,$98644.0000"
2019-06-28 14:19:00.000000000,QUERY_SPREAD,85
2019-06-28 14:19:00.000000000,BEST_BID,"JPM,98644,397"
2019-06-28 14:19:00.000000000,BEST_ASK,"JPM,100279,471"
2019-06-28 14:19:00.000000000,LAST_TRADE,"5,$98644.0000"
2019-06-28 14:19:00.000000000,QUERY_SPREAD,86
2019-06-28 14:19:00.000000000,BEST_BID,"JPM,98644,395"
2019-06-28 14:19:00.000000000,BEST_ASK,"JPM,100279,471"
2019-06-28 14:19:00.000000000,LAST_TRADE,"2,$98644.0000"
2019-06-28 14:19:00.000000000,QUERY_SPREAD,87
2019-06-28 14:19:00.000000000,BEST_BID,"JPM,98644,388"
2019-06-28 14:19:00.000000000,BEST_ASK,"JPM,100279,471"
2019-06-28 14:19:00.000000000,LAST_TRADE,"7,$98644.0000"
2019-06-28 14:19:00.000000000,QUERY_SPREAD,88
2019-06-28 14:19:00.000000000,BEST_BID,"JPM,98644,380"
2019-06-28 14:19:00.000000000,BEST_ASK,"JPM,100279,471"
2019-06-28 14:19:00.000000000,LAST_TRADE,"8,$98644.0000"
2019-06-28 14:19:00.000000000,QUERY_SPREAD,89
2019-06-28 14:19:00.000000000,BEST_BID,"JPM,98644,375"
2019-06-28 14:19:00.000000000,BEST_ASK,"JPM,100279,471"
2019-06-28 14:19:00.000000000,LAST_TRADE,"5,$98644.0000"
2019-06-28 14:19:00.000000000,QUERY_SPREAD,90
2019-06-28 14:19:00.000000000,BEST_BID,"JPM,98644,371"
2019-06-28 14:19:00.000000000,BEST_ASK,"JPM,100279,471"
2019-06-28 14:19:00.000000000,LAST_TRADE,"4,$98644.0000"
2019-06-28 14:19:00.000000000,QUERY_SPREAD,91
2019-06-28 14:19:00.000000000,BEST_BID,"JPM,98644,368"
2019-06-28 14:19:00.000000000,BEST_ASK,"JPM,100279,471"
2019-06-28 14:19:00.000000000,LAST_TRADE,"3,$98644.0000"
2019-06-28 14:19:00.000000000,QUERY_SPREAD,92
2019-06-28 14:19:00.000000000,BEST_BID,"JPM,98644,363"
2019-06-28 14:19:00.000000000,BEST_ASK,"JPM,100279,471"
2019-06-28 14:19:00.000000000,LAST_TRADE,"5,$98644.0000"
2019-06-28 14:19:00.000000000,QUERY_SPREAD,93
2019-06-28 14:19:00.000000000,BEST_BID,"JPM,98644,356"
2019-06-28 14:19:00.000000000,BEST_ASK,"JPM,100279,471"
2019-06-28 14:19:00.000000000,LAST_TRADE,"7,$98644.0000"
2019-06-28 14:19:00.000000000,QUERY_SPREAD,94
2019-06-28 14:19:00.000000000,BEST_BID,"JPM,98644,355"
2019-06-28 14:19:00.000000000,BEST_ASK,"JPM,100279,471"
2019-06-28 14:19:00.000000000,LAST_TRADE,"1,$98644.0000"
2019-06-28 14:19:00.000000000,QUERY_SPREAD,95
2019-06-28 14:19:00.000000000,BEST_BID,"JPM,98644,354"
2019-06-28 14:19:00.000000000,BEST_ASK,"JPM,100279,471"
2019-06-28 14:19:00.000000000,LAST_TRADE,"1,$98644.0000"
2019-06-28 14:19:00.000000000,QUERY_SPREAD,96
2019-06-28 14:19:00.000000000,BEST_BID,"JPM,98644,350"
2019-06-28 14:19:00.000000000,BEST_ASK,"JPM,100279,471"
2019-06-28 14:19:00.000000000,LAST_TRADE,"4,$98644.0000"
2019-06-28 14:19:00.000000000,QUERY_SPREAD,97
2019-06-28 14:19:00.000000000,BEST_BID,"JPM,98644,347"
2019-06-28 14:19:00.000000000,BEST_ASK,"JPM,100279,471"
2019-06-28 14:19:00.000000000,LAST_TRADE,"3,$98644.0000"
2019-06-28 14:19:00.000000000,QUERY_SPREAD,98
2019-06-28 14:19:00.000000000,BEST_BID,"JPM,98644,342"
2019-06-28 14:19:00.000000000,BEST_ASK,"JPM,100279,471"
2019-06-28 14:19:00.000000000,LAST_TRADE,"5,$98644.0000"
2019-06-28 14:19:00.000000000,QUERY_SPREAD,99
2019-06-28 14:19:00.000000000,BEST_BID,"JPM,98644,338"
2019-06-28 14:19:00.000000000,BEST_ASK,"JPM,100279,471"
2019-06-28 14:19:00.000000000,LAST_TRADE,"4,$98644.0000"
2019-06-28 14:19:00.000000000,QUERY_SPREAD,100
2019-06-28 14:19:00.000000000,BEST_BID,"JPM,98644,333"
2019-06-28 14:19:00.000000000,BEST_ASK,"JPM,100279,471"
2019-06-28 14:19:00.000000000,LAST_TRADE,"5,$98644.0000"
2019-06-28 14:19:00.000000000,QUERY_SPREAD,101
2019-06-28 14:19:00.000000000,BEST_BID,"JPM,98644,333"
2019-06-28 14:19:00.000000000,BEST_ASK,"JPM,100279,470"
2019-06-28 14:19:00.000000000,LAST_TRADE,"1,$100279.0000"
2019-06-28 14:19:05.361882314,QUERY_SPREAD,28
2019-06-28 14:19:05.361882314,BEST_BID,"JPM,98644,333"
2019-06-28 14:19:05.361882314,BEST_ASK,"JPM,100279,370"
2019-06-28 14:19:05.361882314,LAST_TRADE,"100,$100279.0000"
2019-06-28 14:19:07.901848597,QUERY_SPREAD,22
2019-06-28 14:19:07.901848597,BEST_BID,"JPM,98644,333"
2019-06-28 14:19:07.901848597,BEST_ASK,"JPM,100279,370"
2019-06-28 14:19:10.000000000,QUERY_SPREAD,1
2019-06-28 14:19:20.000000000,QUERY_SPREAD,1
2019-06-28 14:19:24.086454274,QUERY_SPREAD,46
2019-06-28 14:19:24.086454274,BEST_ASK,"JPM,100354,100"
2019-06-28 14:19:24.086454274,LAST_TRADE,"100,$100282.0000"
2019-06-28 14:19:30.000000000,QUERY_SPREAD,1
2019-06-28 14:19:40.000000000,QUERY_SPREAD,1
2019-06-28 14:19:47.375894764,QUERY_ORDER_STREAM,56
2019-06-28 14:19:47.375894764,QUERY_SPREAD,56
2019-06-28 14:19:47.375894764,BEST_BID,"JPM,100279,100"
2019-06-28 14:19:47.375894764,BEST_ASK,"JPM,100354,100"
2019-06-28 14:19:50.000000000,QUERY_SPREAD,1
2019-06-28 14:19:50.000000000,BEST_BID,"JPM,100279,286"
2019-06-28 14:19:50.000000000,BEST_ASK,"JPM,100354,100"
2019-06-28 14:19:50.000000000,BEST_BID,"JPM,100279,286"
2019-06-28 14:19:50.000000000,BEST_ASK,"JPM,100354,100"
2019-06-28 14:19:50.000000000,BEST_BID,"JPM,100279,286"
2019-06-28 14:19:50.000000000,BEST_ASK,"JPM,100354,286"
2019-06-28 14:19:50.000000000,BEST_BID,"JPM,100279,286"
2019-06-28 14:19:50.000000000,BEST_ASK,"JPM,100354,286"
2019-06-28 14:19:59.722264889,QUERY_ORDER_STREAM,70
2019-06-28 14:19:59.722264889,QUERY_SPREAD,70
2019-06-28 14:19:59.722264889,BEST_BID,"JPM,100279,386"
2019-06-28 14:19:59.722264889,BEST_ASK,"JPM,100354,286"
2019-06-28 14:20:00.000000000,QUERY_SPREAD,1
2019-06-28 14:20:00.000000000,BEST_BID,"JPM,100279,571"
2019-06-28 14:20:00.000000000,BEST_ASK,"JPM,100354,100"
2019-06-28 14:20:00.000000000,BEST_BID,"JPM,100279,571"
2019-06-28 14:20:00.000000000,BEST_ASK,"JPM,100354,471"
2019-06-28 14:20:00.000000000,QUERY_SPREAD,77
2019-06-28 14:20:00.000000000,BEST_BID,"JPM,100279,566"
2019-06-28 14:20:00.000000000,BEST_ASK,"JPM,100354,471"
2019-06-28 14:20:00.000000000,LAST_TRADE,"5,$100279.0000"
2019-06-28 14:20:00.000000000,QUERY_SPREAD,78
2019-06-28 14:20:00.000000000,BEST_BID,"JPM,100279,558"
2019-06-28 14:20:00.000000000,BEST_ASK,"JPM,100354,471"
2019-06-28 14:20:00.000000000,LAST_TRADE,"8,$100279.0000"
2019-06-28 14:20:00.000000000,QUERY_SPREAD,79
2019-06-28 14:20:00.000000000,BEST_BID,"JPM,100279,553"
2019-06-28 14:20:00.000000000,BEST_ASK,"JPM,100354,471"
2019-06-28 14:20:00.000000000,LAST_TRADE,"5,$100279.0000"
2019-06-28 14:20:00.000000000,QUERY_SPREAD,80
2019-06-28 14:20:00.000000000,BEST_BID,"JPM,100279,545"
2019-06-28 14:20:00.000000000,BEST_ASK,"JPM,100354,471"
2019-06-28 14:20:00.000000000,LAST_TRADE,"8,$100279.0000"
2019-06-28 14:20:00.000000000,QUERY_SPREAD,81
2019-06-28 14:20:00.000000000,BEST_BID,"JPM,100279,536"
2019-06-28 14:20:00.000000000,BEST_ASK,"JPM,100354,471"
2019-06-28 14:20:00.000000000,LAST_TRADE,"9,$100279.0000"
2019-06-28 14:20:00.000000000,QUERY_SPREAD,82
2019-06-28 14:20:00.000000000,BEST_BID,"JPM,100279,533"
2019-06-28 14:20:00.000000000,BEST_ASK,"JPM,100354,471"
2019-06-28 14:20:00.000000000,LAST_TRADE,"3,$100279.0000"
2019-06-28 14:20:00.000000000,QUERY_SPREAD,83
2019-06-28 14:20:00.000000000,BEST_BID,"JPM,100279,525"
2019-06-28 14:20:00.000000000,BEST_ASK,"JPM,100354,471"
2019-06-28 14:20:00.000000000,LAST_TRADE,"8,$100279.0000"
2019-06-28 14:20:00.000000000,QUERY_SPREAD,84
2019-06-28 14:20:00.000000000,BEST_BID,"JPM,100279,521"
2019-06-28 14:20:00.000000000,BEST_ASK,"JPM,100354,471"
2019-06-28 14:20:00.000000000,LAST_TRADE,"4,$100279.0000"
2019-06-28 14:20:00.000000000,QUERY_SPREAD,85
2019-06-28 14:20:00.000000000,BEST_BID,"JPM,100279,516"
2019-06-28 14:20:00.000000000,BEST_ASK,"JPM,100354,471"
2019-06-28 14:20:00.000000000,LAST_TRADE,"5,$100279.0000"
2019-06-28 14:20:00.000000000,QUERY_SPREAD,86
2019-06-28 14:20:00.000000000,BEST_BID,"JPM,100279,514"
2019-06-28 14:20:00.000000000,BEST_ASK,"JPM,100354,471"
2019-06-28 14:20:00.000000000,LAST_TRADE,"2,$100279.0000"
2019-06-28 14:20:00.000000000,QUERY_SPREAD,87
2019-06-28 14:20:00.000000000,BEST_BID,"JPM,100279,507"
2019-06-28 14:20:00.000000000,BEST_ASK,"JPM,100354,471"
2019-06-28 14:20:00.000000000,LAST_TRADE,"7,$100279.0000"
2019-06-28 14:20:00.000000000,QUERY_SPREAD,88
2019-06-28 14:20:00.000000000,BEST_BID,"JPM,100279,499"
2019-06-28 14:20:00.000000000,BEST_ASK,"JPM,100354,471"
2019-06-28 14:20:00.000000000,LAST_TRADE,"8,$100279.0000"
2019-06-28 14:20:00.000000000,QUERY_SPREAD,89
2019-06-28 14:20:00.000000000,BEST_BID,"JPM,100279,494"
2019-06-28 14:20:00.000000000,BEST_ASK,"JPM,100354,471"
2019-06-28 14:20:00.000000000,LAST_TRADE,"5,$100279.0000"
2019-06-28 14:20:00.000000000,QUERY_SPREAD,90
2019-06-28 14:20:00.000000000,BEST_BID,"JPM,100279,490"
2019-06-28 14:20:00.000000000,BEST_ASK,"JPM,100354,471"
2019-06-28 14:20:00.000000000,LAST_TRADE,"4,$100279.0000"
2019-06-28 14:20:00.000000000,QUERY_SPREAD,91
2019-06-28 14:20:00.000000000,BEST_BID,"JPM,100279,487"
2019-06-28 14:20:00.000000000,BEST_ASK,"JPM,100354,471"
2019-06-28 14:20:00.000000000,LAST_TRADE,"3,$100279.0000"
2019-06-28 14:20:00.000000000,QUERY_SPREAD,92
2019-06-28 14:20:00.000000000,BEST_BID,"JPM,100279,482"
2019-06-28 14:20:00.000000000,BEST_ASK,"JPM,100354,471"
2019-06-28 14:20:00.000000000,LAST_TRADE,"5,$100279.0000"
2019-06-28 14:20:00.000000000,QUERY_SPREAD,93
2019-06-28 14:20:00.000000000,BEST_BID,"JPM,100279,475"
2019-06-28 14:20:00.000000000,BEST_ASK,"JPM,100354,471"
2019-06-28 14:20:00.000000000,LAST_TRADE,"7,$100279.0000"
2019-06-28 14:20:00.000000000,QUERY_SPREAD,94
2019-06-28 14:20:00.000000000,BEST_BID,"JPM,100279,474"
2019-06-28 14:20:00.000000000,BEST_ASK,"JPM,100354,471"
2019-06-28 14:20:00.000000000,LAST_TRADE,"1,$100279.0000"
2019-06-28 14:20:00.000000000,QUERY_SPREAD,95
2019-06-28 14:20:00.000000000,BEST_BID,"JPM,100279,473"
2019-06-28 14:20:00.000000000,BEST_ASK,"JPM,100354,471"
2019-06-28 14:20:00.000000000,LAST_TRADE,"1,$100279.0000"
2019-06-28 14:20:00.000000000,QUERY_SPREAD,96
2019-06-28 14:20:00.000000000,BEST_BID,"JPM,100279,469"
2019-06-28 14:20:00.000000000,BEST_ASK,"JPM,100354,471"
2019-06-28 14:20:00.000000000,LAST_TRADE,"4,$100279.0000"
2019-06-28 14:20:00.000000000,QUERY_SPREAD,97
2019-06-28 14:20:00.000000000,BEST_BID,"JPM,100279,466"
2019-06-28 14:20:00.000000000,BEST_ASK,"JPM,100354,471"
2019-06-28 14:20:00.000000000,LAST_TRADE,"3,$100279.0000"
2019-06-28 14:20:00.000000000,QUERY_SPREAD,98
2019-06-28 14:20:00.000000000,BEST_BID,"JPM,100279,461"
2019-06-28 14:20:00.000000000,BEST_ASK,"JPM,100354,471"
2019-06-28 14:20:00.000000000,LAST_TRADE,"5,$100279.0000"
2019-06-28 14:20:00.000000000,QUERY_SPREAD,99
2019-06-28 14:20:00.000000000,BEST_BID,"JPM,100279,457"
2019-06-28 14:20:00.000000000,BEST_ASK,"JPM,100354,471"
2019-06-28 14:20:00.000000000,LAST_TRADE,"4,$100279.0000"
2019-06-28 14:20:00.000000000,QUERY_SPREAD,100
2019-06-28 14:20:00.000000000,BEST_BID,"JPM,100279,452"
2019-06-28 14:20:00.000000000,BEST_ASK,"JPM,100354,471"
2019-06-28 14:20:00.000000000,LAST_TRADE,"5,$100279.0000"
2019-06-28 14:20:00.000000000,QUERY_SPREAD,101
2019-06-28 14:20:00.000000000,BEST_BID,"JPM,100279,452"
2019-06-28 14:20:00.000000000,BEST_ASK,"JPM,100354,470"
2019-06-28 14:20:00.000000000,LAST_TRADE,"1,$100354.0000"
2019-06-28 14:20:03.777801959,QUERY_ORDER_STREAM,67
2019-06-28 14:20:03.777801959,QUERY_SPREAD,67
2019-06-28 14:20:10.000000000,QUERY_SPREAD,1
2019-06-28 14:20:10.000000000,BEST_BID,"JPM,100279,452"
2019-06-28 14:20:10.000000000,BEST_ASK,"JPM,100354,99"
2019-06-28 14:20:10.000000000,BEST_BID,"JPM,100279,452"
2019-06-28 14:20:10.000000000,BEST_ASK,"JPM,100354,470"
2019-06-28 14:20:12.369308496,QUERY_ORDER_STREAM,65
2019-06-28 14:20:12.369308496,QUERY_SPREAD,65
2019-06-28 14:20:20.000000000,QUERY_SPREAD,1
2019-06-28 14:20:20.000000000,BEST_BID,"JPM,100279,207"
2019-06-28 14:20:20.000000000,BEST_ASK,"JPM,100354,99"
2019-06-28 14:20:20.000000000,BEST_BID,"JPM,100279,207"
2019-06-28 14:20:20.000000000,BEST_ASK,"JPM,100354,99"
2019-06-28 14:20:20.000000000,BEST_BID,"JPM,100279,207"
2019-06-28 14:20:20.000000000,BEST_ASK,"JPM,100354,225"
2019-06-28 14:20:20.000000000,BEST_BID,"JPM,100279,207"
2019-06-28 14:20:20.000000000,BEST_ASK,"JPM,100354,225"
2019-06-28 14:20:20.000000000,BEST_BID,"JPM,100279,207"
2019-06-28 14:20:20.000000000,BEST_ASK,"JPM,100354,225"
2019-06-28 14:20:30.000000000,QUERY_SPREAD,1
2019-06-28 14:20:30.000000000,BEST_BID,"JPM,100279,207"
2019-06-28 14:20:30.000000000,BEST_ASK,"JPM,100354,99"
2019-06-28 14:20:30.000000000,BEST_BID,"JPM,100279,207"
2019-06-28 14:20:30.000000000,BEST_ASK,"JPM,100354,99"
2019-06-28 14:20:30.000000000,BEST_BID,"JPM,100279,207"
2019-06-28 14:20:30.000000000,BEST_ASK,"JPM,100354,225"
2019-06-28 14:20:30.000000000,BEST_BID,"JPM,100279,207"
2019-06-28 14:20:30.000000000,BEST_ASK,"JPM,100354,225"
2019-06-28 14:20:30.000000000,BEST_BID,"JPM,100279,207"
2019-06-28 14:20:30.000000000,BEST_ASK,"JPM,100354,225"
2019-06-28 14:20:40.000000000,QUERY_SPREAD,1
2019-06-28 14:20:40.000000000,BEST_BID,"JPM,100279,267"
2019-06-28 14:20:40.000000000,BEST_ASK,"JPM,100354,99"
2019-06-28 14:20:40.000000000,BEST_BID,"JPM,100279,267"
2019-06-28 14:20:40.000000000,BEST_ASK,"JPM,100354,99"
2019-06-28 14:20:40.000000000,BEST_BID,"JPM,100279,267"
2019-06-28 14:20:40.000000000,BEST_ASK,"JPM,100354,285"
2019-06-28 14:20:40.000000000,BEST_BID,"JPM,100279,267"
2019-06-28 14:20:40.000000000,BEST_ASK,"JPM,100354,285"
2019-06-28 14:20:50.000000000,QUERY_SPREAD,1
2019-06-28 14:20:50.000000000,BEST_BID,"JPM,100279,267"
2019-06-28 14:20:50.000000000,BEST_ASK,"JPM,100354,99"
2019-06-28 14:20:50.000000000,BEST_BID,"JPM,100279,267"
2019-06-28 14:20:50.000000000,BEST_ASK,"JPM,100354,99"
2019-06-28 14:20:50.000000000,BEST_BID,"JPM,100279,267"
2019-06-28 14:20:50.000000000,BEST_ASK,"JPM,100354,285"
2019-06-28 14:20:50.000000000,BEST_BID,"JPM,100279,267"
2019-06-28 14:20:50.000000000,BEST_ASK,"JPM,100354,285"
2019-06-28 14:21:00.000000000,QUERY_SPREAD,1
2019-06-28 14:21:00.000000000,BEST_BID,"JPM,100279,452"
2019-06-28 14:21:00.000000000,BEST_ASK,"JPM,100354,99"
2019-06-28 14:21:00.000000000,BEST_BID,"JPM,100279,452"
2019-06-28 14:21:00.000000000,BEST_ASK,"JPM,100354,470"
2019-06-28 14:21:00.000000000,QUERY_SPREAD,77
2019-06-28 14:21:00.000000000,BEST_BID,"JPM,100279,447"
2019-06-28 14:21:00.000000000,BEST_ASK,"JPM,100354,470"
2019-06-28 14:21:00.000000000,LAST_TRADE,"5,$100279.0000"
2019-06-28 14:21:00.000000000,QUERY_SPREAD,78
2019-06-28 14:21:00.000000000,BEST_BID,"JPM,100279,439"
2019-06-28 14:21:00.000000000,BEST_ASK,"JPM,100354,470"
2019-06-28 14:21:00.000000000,LAST_TRADE,"8,$100279.0000"
2019-06-28 14:21:00.000000000,QUERY_SPREAD,79
2019-06-28 14:21:00.000000000,BEST_BID,"JPM,100279,434"
2019-06-28 14:21:00.000000000,BEST_ASK,"JPM,100354,470"
2019-06-28 14:21:00.000000000,LAST_TRADE,"5,$100279.0000"
2019-06-28 14:21:00.000000000,QUERY_SPREAD,80
2019-06-28 14:21:00.000000000,BEST_BID,"JPM,100279,426"
2019-06-28 14:21:00.000000000,BEST_ASK,"JPM,100354,470"
2019-06-28 14:21:00.000000000,LAST_TRADE,"8,$100279.0000"
2019-06-28 14:21:00.000000000,QUERY_SPREAD,81
2019-06-28 14:21:00.000000000,BEST_BID,"JPM,100279,417"
2019-06-28 14:21:00.000000000,BEST_ASK,"JPM,100354,470"
2019-06-28 14:21:00.000000000,LAST_TRADE,"9,$100279.0000"
2019-06-28 14:21:00.000000000,QUERY_SPREAD,82
2019-06-28 14:21:00.000000000,BEST_BID,"JPM,100279,414"
2019-06-28 14:21:00.000000000,BEST_ASK,"JPM,100354,470"
2019-06-28 14:21:00.000000000,LAST_TRADE,"3,$100279.0000"
2019-06-28 14:21:00.000000000,QUERY_SPREAD,83
2019-06-28 14:21:00.000000000,BEST_BID,"JPM,100279,406"
2019-06-28 14:21:00.000000000,BEST_ASK,"JPM,100354,470"
2019-06-28 14:21:00.000000000,LAST_TRADE,"8,$100279.0000"
2019-06-28 14:21:00.000000000,QUERY_SPREAD,84
2019-06-28 14:21:00.000000000,BEST_BID,"JPM,100279,402"
2019-06-28 14:21:00.000000000,BEST_ASK,"JPM,100354,470"
2019-06-28 14:21:00.000000000,LAST_TRADE,"4,$100279.0000"
2019-06-28 14:21:00.000000000,QUERY_SPREAD,85
2019-06-28 14:21:00.000000000,BEST_BID,"JPM,100279,397"
2019-06-28 14:21:00.000000000,BEST_ASK,"JPM,100354,470"
2019-06-28 14:21:00.000000000,LAST_TRADE,"5,$100279.0000"
2019-06-28 14:21:00.000000000,QUERY_SPREAD,86
2019-06-28 14:21:00.000000000,BEST_BID,"JPM,100279,395"
2019-06-28 14:21:00.000000000,BEST_ASK,"JPM,100354,470"
2019-06-28 14:21:00.000000000,LAST_TRADE,"2,$100279.0000"
2019-06-28 14:21:00.000000000,QUERY_SPREAD,87
2019-06-28 14:21:00.000000000,BEST_BID,"JPM,100279,388"
2019-06-28 14:21:00.000000000,BEST_ASK,"JPM,100354,470"
2019-06-28 14:21:00.000000000,LAST_TRADE,"7,$100279.0000"
2019-06-28 14:21:00.000000000,QUERY_SPREAD,88
2019-06-28 14:21:00.000000000,BEST_BID,"JPM,100279,380"
2019-06-28 14:21:00.000000000,BEST_ASK,"JPM,100354,470"
2019-06-28 14:21:00.000000000,LAST_TRADE,"8,$100279.0000"
2019-06-28 14:21:00.000000000,QUERY_SPREAD,89
2019-06-28 14:21:00.000000000,BEST_BID,"JPM,100279,375"
2019-06-28 14:21:00.000000000,BEST_ASK,"JPM,100354,470"
2019-06-28 14:21:00.000000000,LAST_TRADE,"5,$100279.0000"
2019-06-28 14:21:00.000000000,QUERY_SPREAD,90
2019-06-28 14:21:00.000000000,BEST_BID,"JPM,100279,371"
2019-06-28 14:21:00.000000000,BEST_ASK,"JPM,100354,470"
2019-06-28 14:21:00.000000000,LAST_TRADE,"4,$100279.0000"
2019-06-28 14:21:00.000000000,QUERY_SPREAD,91
2019-06-28 14:21:00.000000000,BEST_BID,"JPM,100279,368"
2019-06-28 14:21:00.000000000,BEST_ASK,"JPM,100354,470"
2019-06-28 14:21:00.000000000,LAST_TRADE,"3,$100279.0000"
2019-06-28 14:21:00.000000000,QUERY_SPREAD,92
2019-06-28 14:21:00.000000000,BEST_BID,"JPM,100279,363"
2019-06-28 14:21:00.000000000,BEST_ASK,"JPM,100354,470"
2019-06-28 14:21:00.000000000,LAST_TRADE,"5,$100279.0000"
2019-06-28 14:21:00.000000000,QUERY_SPREAD,93
2019-06-28 14:21:00.000000000,BEST_BID,"JPM,100279,356"
2019-06-28 14:21:00.000000000,BEST_ASK,"JPM,100354,470"
2019-06-28 14:21:00.000000000,LAST_TRADE,"7,$100279.0000"
2019-06-28 14:21:00.000000000,QUERY_SPREAD,94
2019-06-28 14:21:00.000000000,BEST_BID,"JPM,100279,355"
2019-06-28 14:21:00.000000000,BEST_ASK,"JPM,100354,470"
2019-06-28 14:21:00.000000000,LAST_TRADE,"1,$100279.0000"
2019-06-28 14:21:00.000000000,QUERY_SPREAD,95
2019-06-28 14:21:00.000000000,BEST_BID,"JPM,100279,354"
2019-06-28 14:21:00.000000000,BEST_ASK,"JPM,100354,470"
2019-06-28 14:21:00.000000000,LAST_TRADE,"1,$100279.0000"
2019-06-28 14:21:00.000000000,QUERY_SPREAD,96
2019-06-28 14:21:00.000000000,BEST_BID,"JPM,100279,350"
2019-06-28 14:21:00.000000000,BEST_ASK,"JPM,100354,470"
2019-06-28 14:21:00.000000000,LAST_TRADE,"4,$100279.0000"
2019-06-28 14:21:00.000000000,QUERY_SPREAD,97
2019-06-28 14:21:00.000000000,BEST_BID,"JPM,100279,347"
2019-06-28 14:21:00.000000000,BEST_ASK,"JPM,100354,470"
2019-06-28 14:21:00.000000000,LAST_TRADE,"3,$100279.0000"
2019-06-28 14:21:00.000000000,QUERY_SPREAD,98
2019-06-28 14:21:00.000000000,BEST_BID,"JPM,100279,342"
2019-06-28 14:21:00.000000000,BEST_ASK,"JPM,100354,470"
2019-06-28 14:21:00.000000000,LAST_TRADE,"5,$100279.0000"
2019-06-28 14:21:00.000000000,QUERY_SPREAD,99
2019-06-28 14:21:00.000000000,BEST_BID,"JPM,100279,338"
2019-06-28 14:21:00.000000000,BEST_ASK,"JPM,100354,470"
2019-06-28 14:21:00.000000000,LAST_TRADE,"4,$100279.0000"
2019-06-28 14:21:00.000000000,QUERY_SPREAD,100
2019-06-28 14:21:00.000000000,BEST_BID,"JPM,100279,333"
2019-06-28 14:21:00.000000000,BEST_ASK,"JPM,100354,470"
2019-06-28 14:21:00.000000000,LAST_TRADE,"5,$100279.0000"
2019-06-28 14:21:00.000000000,QUERY_SPREAD,101
2019-06-28 14:21:00.000000000,BEST_BID,"JPM,100279,332"
2019-06-28 14:21:00.000000000,BEST_ASK,"JPM,100354,470"
2019-06-28 14:21:00.000000000,LAST_TRADE,"1,$100279.0000"
2019-06-28 14:21:10.000000000,QUERY_SPREAD,1
2019-06-28 14:21:20.000000000,QUERY_SPREAD,1
2019-06-28 14:21:30.000000000,QUERY_SPREAD,1
2019-06-28 14:21:38.259363988,QUERY_SPREAD,33
2019-06-28 14:21:38.259363988,BEST_ASK,"JPM,100354,99"
2019-06-28 14:21:40.000000000,QUERY_SPREAD,1
2019-06-28 14:21:44.496592332,QUERY_ORDER_STREAM,60
2019-06-28 14:21:44.496592332,QUERY_SPREAD,60
2019-06-28 14:21:49.596217272,QUERY_SPREAD,9
2019-06-28 14:21:49.596217272,BEST_BID,"JPM,100354,1"
2019-06-28 14:21:49.596217272,BEST_ASK,"JPM,100416,100"
2019-06-28 14:21:49.596217272,LAST_TRADE,"99,$100354.0000"
2019-06-28 14:21:50.000000000,QUERY_SPREAD,1
2019-06-28 14:21:50.000000000,BEST_BID,"JPM,100354,94"
2019-06-28 14:21:50.000000000,BEST_ASK,"JPM,100416,100"
2019-06-28 14:21:50.000000000,BEST_BID,"JPM,100354,94"
2019-06-28 14:21:50.000000000,BEST_ASK,"JPM,100416,100"
2019-06-28 14:21:50.000000000,BEST_BID,"JPM,100354,94"
2019-06-28 14:21:50.000000000,BEST_ASK,"JPM,100416,193"
2019-06-28 14:21:50.000000000,BEST_BID,"JPM,100354,94"
2019-06-28 14:21:50.000000000,BEST_ASK,"JPM,100416,193"
2019-06-28 14:21:50.000000000,BEST_BID,"JPM,100354,94"
2019-06-28 14:21:50.000000000,BEST_ASK,"JPM,100416,193"
2019-06-28 14:21:50.000000000,BEST_BID,"JPM,100354,94"
2019-06-28 14:21:50.000000000,BEST_ASK,"JPM,100416,193"
2019-06-28 14:22:00.000000000,QUERY_SPREAD,1
2019-06-28 14:22:00.000000000,BEST_BID,"JPM,100354,94"
2019-06-28 14:22:00.000000000,BEST_ASK,"JPM,100416,100"
2019-06-28 14:22:00.000000000,BEST_BID,"JPM,100354,94"
2019-06-28 14:22:00.000000000,BEST_ASK,"JPM,100416,100"
2019-06-28 14:22:00.000000000,BEST_BID,"JPM,100354,94"
2019-06-28 14:22:00.000000000,BEST_ASK,"JPM,100416,193"
2019-06-28 14:22:00.000000000,BEST_BID,"JPM,100354,94"
2019-06-28 14:22:00.000000000,BEST_ASK,"JPM,100416,193"
2019-06-28 14:22:00.000000000,BEST_BID,"JPM,100354,94"
2019-06-28 14:22:00.000000000,BEST_ASK,"JPM,100416,193"
2019-06-28 14:22:00.000000000,BEST_BID,"JPM,100354,94"
2019-06-28 14:22:00.000000000,BEST_ASK,"JPM,100416,193"
2019-06-28 14:22:00.000000000,QUERY_SPREAD,77
2019-06-28 14:22:00.000000000,BEST_BID,"JPM,100354,89"
2019-06-28 14:22:00.000000000,BEST_ASK,"JPM,100416,193"
2019-06-28 14:22:00.000000000,LAST_TRADE,"5,$100354.0000"
2019-06-28 14:22:00.000000000,QUERY_SPREAD,78
2019-06-28 14:22:00.000000000,BEST_BID,"JPM,100354,81"
2019-06-28 14:22:00.000000000,BEST_ASK,"JPM,100416,193"
2019-06-28 14:22:00.000000000,LAST_TRADE,"8,$100354.0000"
2019-06-28 14:22:00.000000000,QUERY_SPREAD,79
2019-06-28 14:22:00.000000000,BEST_BID,"JPM,100354,76"
2019-06-28 14:22:00.000000000,BEST_ASK,"JPM,100416,193"
2019-06-28 14:22:00.000000000,LAST_TRADE,"5,$100354.0000"
2019-06-28 14:22:00.000000000,QUERY_SPREAD,80
2019-06-28 14:22:00.000000000,BEST_BID,"JPM,100354,68"
2019-06-28 14:22:00.000000000,BEST_ASK,"JPM,100416,193"
2019-06-28 14:22:00.000000000,LAST_TRADE,"8,$100354.0000"
2019-06-28 14:22:00.000000000,QUERY_SPREAD,81
2019-06-28 14:22:00.000000000,BEST_BID,"JPM,100354,59"
2019-06-28 14:22:00.000000000,BEST_ASK,"JPM,100416,193"
2019-06-28 14:22:00.000000000,LAST_TRADE,"9,$100354.0000"
2019-06-28 14:22:00.000000000,QUERY_SPREAD,82
2019-06-28 14:22:00.000000000,BEST_BID,"JPM,100354,56"
2019-06-28 14:22:00.000000000,BEST_ASK,"JPM,100416,193"
2019-06-28 14:22:00.000000000,LAST_TRADE,"3,$100354.0000"
2019-06-28 14:22:00.000000000,QUERY_SPREAD,83
2019-06-28 14:22:00.000000000,BEST_BID,"JPM,100354,48"
2019-06-28 14:22:00.000000000,BEST_ASK,"JPM,100416,193"
2019-06-28 14:22:00.000000000,LAST_TRADE,"8,$100354.0000"
2019-06-28 14:22:00.000000000,QUERY_SPREAD,84
2019-06-28 14:22:00.000000000,BEST_BID,"JPM,100354,44"
2019-06-28 14:22:00.000000000,BEST_ASK,"JPM,100416,193"
2019-06-28 14:22:00.000000000,LAST_TRADE,"4,$100354.0000"
2019-06-28 14:22:00.000000000,QUERY_SPREAD,85
2019-06-28 14:22:00.000000000,BEST_BID,"JPM,100354,39"
2019-06-28 14:22:00.000000000,BEST_ASK,"JPM,100416,193"
2019-06-28 14:22:00.000000000,LAST_TRADE,"5,$100354.0000"
2019-06-28 14:22:00.000000000,QUERY_SPREAD,86
2019-06-28 14:22:00.000000000,BEST_BID,"JPM,100354,37"
2019-06-28 14:22:00.000000000,BEST_ASK,"JPM,100416,193"
2019-06-28 14:22:00.000000000,LAST_TRADE,"2,$100354.0000"
2019-06-28 14:22:00.000000000,QUERY_SPREAD,87
2019-06-28 14:22:00.000000000,BEST_BID,"JPM,100354,30"
2019-06-28 14:22:00.000000000,BEST_ASK,"JPM,100416,193"
2019-06-28 14:22:00.000000000,LAST_TRADE,"7,$100354.0000"
2019-06-28 14:22:00.000000000,QUERY_SPREAD,88
2019-06-28 14:22:00.000000000,BEST_BID,"JPM,100354,22"
2019-06-28 14:22:00.000000000,BEST_ASK,"JPM,100416,193"
2019-06-28 14:22:00.000000000,LAST_TRADE,"8,$100354.0000"
2019-06-28 14:22:00.000000000,QUERY_SPREAD,89
2019-06-28 14:22:00.000000000,BEST_BID,"JPM,100354,17"
2019-06-28 14:22:00.000000000,BEST_ASK,"JPM,100416,193"
2019-06-28 14:22:00.000000000,LAST_TRADE,"5,$100354.0000"
2019-06-28 14:22:00.000000000,QUERY_SPREAD,90
2019-06-28 14:22:00.000000000,BEST_BID,"JPM,100354,13"
2019-06-28 14:22:00.000000000,BEST_ASK,"JPM,100416,193"
2019-06-28 14:22:00.000000000,LAST_TRADE,"4,$100354.0000"
2019-06-28 14:22:00.000000000,QUERY_SPREAD,91
2019-06-28 14:22:00.000000000,BEST_BID,"JPM,100354,10"
2019-06-28 14:22:00.000000000,BEST_ASK,"JPM,100416,193"
2019-06-28 14:22:00.000000000,LAST_TRADE,"3,$100354.0000"
2019-06-28 14:22:00.000000000,QUERY_SPREAD,92
2019-06-28 14:22:00.000000000,BEST_BID,"JPM,100354,5"
2019-06-28 14:22:00.000000000,BEST_ASK,"JPM,100416,193"
2019-06-28 14:22:00.000000000,LAST_TRADE,"5,$100354.0000"
2019-06-28 14:22:00.000000000,QUERY_SPREAD,93
2019-06-28 14:22:00.000000000,BEST_BID,"JPM,100353,93"
2019-06-28 14:22:00.000000000,BEST_ASK,"JPM,100354,2"
2019-06-28 14:22:00.000000000,LAST_TRADE,"5,$100354.0000"
2019-06-28 14:22:00.000000000,QUERY_SPREAD,94
2019-06-28 14:22:00.000000000,BEST_BID,"JPM,100353,92"
2019-06-28 14:22:00.000000000,BEST_ASK,"JPM,100354,2"
2019-06-28 14:22:00.000000000,LAST_TRADE,"1,$100353.0000"
2019-06-28 14:22:00.000000000,QUERY_SPREAD,95
2019-06-28 14:22:00.000000000,BEST_BID,"JPM,100353,91"
2019-06-28 14:22:00.000000000,BEST_ASK,"JPM,100354,2"
2019-06-28 14:22:00.000000000,LAST_TRADE,"1,$100353.0000"
2019-06-28 14:22:00.000000000,QUERY_SPREAD,96
2019-06-28 14:22:00.000000000,BEST_BID,"JPM,100353,87"
2019-06-28 14:22:00.000000000,BEST_ASK,"JPM,100354,2"
2019-06-28 14:22:00.000000000,LAST_TRADE,"4,$100353.0000"
2019-06-28 14:22:00.000000000,QUERY_SPREAD,97
2019-06-28 14:22:00.000000000,BEST_BID,"JPM,100353,84"
2019-06-28 14:22:00.000000000,BEST_ASK,"JPM,100354,2"
2019-06-28 14:22:00.000000000,LAST_TRADE,"3,$100353.0000"
2019-06-28 14:22:00.000000000,QUERY_SPREAD,98
2019-06-28 14:22:00.000000000,BEST_BID,"JPM,100353,79"
2019-06-28 14:22:00.000000000,BEST_ASK,"JPM,100354,2"
2019-06-28 14:22:00.000000000,LAST_TRADE,"5,$100353.0000"
2019-06-28 14:22:00.000000000,QUERY_SPREAD,99
2019-06-28 14:22:00.000000000,BEST_BID,"JPM,100353,75"
2019-06-28 14:22:00.000000000,BEST_ASK,"JPM,100354,2"
2019-06-28 14:22:00.000000000,LAST_TRADE,"4,$100353.0000"
2019-06-28 14:22:00.000000000,QUERY_SPREAD,100
2019-06-28 14:22:00.000000000,BEST_BID,"JPM,100353,70"
2019-06-28 14:22:00.000000000,BEST_ASK,"JPM,100354,2"
2019-06-28 14:22:00.000000000,LAST_TRADE,"5,$100353.0000"
2019-06-28 14:22:00.000000000,QUERY_SPREAD,101
2019-06-28 14:22:00.000000000,BEST_BID,"JPM,100353,69"
2019-06-28 14:22:00.000000000,BEST_ASK,"JPM,100354,2"
2019-06-28 14:22:00.000000000,LAST_TRADE,"1,$100353.0000"
2019-06-28 14:22:10.000000000,QUERY_SPREAD,1
2019-06-28 14:22:20.000000000,QUERY_SPREAD,1
2019-06-28 14:22:22.755219649,QUERY_ORDER_STREAM,57
2019-06-28 14:22:22.755219649,QUERY_SPREAD,57
2019-06-28 14:22:28.188078040,QUERY_ORDER_STREAM,68
2019-06-28 14:22:28.188078040,QUERY_SPREAD,68
2019-06-28 14:22:30.000000000,QUERY_SPREAD,1
2019-06-28 14:22:31.148681487,QUERY_SPREAD,51
2019-06-28 14:22:31.148681487,BEST_BID,"JPM,100087,100"
2019-06-28 14:22:31.148681487,BEST_ASK,"JPM,100354,2"
2019-06-28 14:22:33.093664546,QUERY_ORDER_STREAM,67
2019-06-28 14:22:33.093664546,QUERY_SPREAD,67
2019-06-28 14:22:40.000000000,QUERY_SPREAD,1
2019-06-28 14:22:40.000000000,BEST_BID,"JPM,100087,471"
2019-06-28 14:22:40.000000000,BEST_ASK,"JPM,100354,2"
2019-06-28 14:22:40.000000000,BEST_BID,"JPM,100087,471"
2019-06-28 14:22:40.000000000,BEST_ASK,"JPM,100354,373"
2019-06-28 14:22:47.659818985,QUERY_SPREAD,42
2019-06-28 14:22:47.659818985,BEST_BID,"JPM,100087,371"
2019-06-28 14:22:47.659818985,BEST_ASK,"JPM,100354,373"
2019-06-28 14:22:47.659818985,LAST_TRADE,"100,$100087.0000"
2019-06-28 14:22:50.000000000,QUERY_SPREAD,1
2019-06-28 14:22:50.386722195,QUERY_SPREAD,51
2019-06-28 14:22:50.386722195,BEST_ASK,"JPM,99843,100"
2019-06-28 14:23:00.000000000,QUERY_SPREAD,1
2019-06-28 14:23:00.000000000,QUERY_SPREAD,77
2019-06-28 14:23:00.000000000,QUERY_SPREAD,78
2019-06-28 14:23:00.000000000,QUERY_SPREAD,79
2019-06-28 14:23:00.000000000,QUERY_SPREAD,80
2019-06-28 14:23:00.000000000,QUERY_SPREAD,81
2019-06-28 14:23:00.000000000,QUERY_SPREAD,82
2019-06-28 14:23:00.000000000,QUERY_SPREAD,83
2019-06-28 14:23:00.000000000,QUERY_SPREAD,84
2019-06-28 14:23:00.000000000,QUERY_SPREAD,85
2019-06-28 14:23:00.000000000,QUERY_SPREAD,86
2019-06-28 14:23:00.000000000,QUERY_SPREAD,87
2019-06-28 14:23:00.000000000,QUERY_SPREAD,88
2019-06-28 14:23:00.000000000,QUERY_SPREAD,89
2019-06-28 14:23:00.000000000,QUERY_SPREAD,90
2019-06-28 14:23:00.000000000,QUERY_SPREAD,91
2019-06-28 14:23:00.000000000,QUERY_SPREAD,92
2019-06-28 14:23:00.000000000,QUERY_SPREAD,93
2019-06-28 14:23:00.000000000,QUERY_SPREAD,94
2019-06-28 14:23:00.000000000,QUERY_SPREAD,95
2019-06-28 14:23:00.000000000,QUERY_SPREAD,96
2019-06-28 14:23:00.000000000,QUERY_SPREAD,97
2019-06-28 14:23:00.000000000,QUERY_SPREAD,98
2019-06-28 14:23:00.000000000,QUERY_SPREAD,99
2019-06-28 14:23:00.000000000,QUERY_SPREAD,100
2019-06-28 14:23:00.000000000,QUERY_SPREAD,101
2019-06-28 14:23:02.207494330,QUERY_SPREAD,44
2019-06-28 14:23:02.207494330,BEST_ASK,"JPM,99843,100"
2019-06-28 14:23:10.000000000,QUERY_SPREAD,1
2019-06-28 14:23:13.543464685,QUERY_SPREAD,49
2019-06-28 14:23:13.543464685,BEST_ASK,"JPM,99843,100"
2019-06-28 14:23:14.751419151,QUERY_SPREAD,42
2019-06-28 14:23:14.751419151,BEST_ASK,"JPM,99929,100"
2019-06-28 14:23:14.751419151,LAST_TRADE,"100,$99843.0000"
2019-06-28 14:23:20.000000000,QUERY_SPREAD,1
2019-06-28 14:23:21.846946753,QUERY_SPREAD,7
2019-06-28 14:23:21.846946753,BEST_ASK,"JPM,99929,100"
2019-06-28 14:23:30.000000000,QUERY_SPREAD,1
2019-06-28 14:23:34.254947471,QUERY_SPREAD,4
2019-06-28 14:23:34.254947471,BEST_ASK,"JPM,99921,100"
2019-06-28 14:23:40.000000000,QUERY_SPREAD,1
2019-06-28 14:23:50.000000000,QUERY_SPREAD,1
2019-06-28 14:23:51.371977769,QUERY_SPREAD,17
2019-06-28 14:23:51.371977769,BEST_ASK,"JPM,99921,100"
2019-06-28 14:24:00.000000000,QUERY_SPREAD,1
2019-06-28 14:24:00.000000000,QUERY_SPREAD,77
2019-06-28 14:24:00.000000000,QUERY_SPREAD,78
2019-06-28 14:24:00.000000000,QUERY_SPREAD,79
2019-06-28 14:24:00.000000000,QUERY_SPREAD,80
2019-06-28 14:24:00.000000000,QUERY_SPREAD,81
2019-06-28 14:24:00.000000000,QUERY_SPREAD,82
2019-06-28 14:24:00.000000000,QUERY_SPREAD,83
2019-06-28 14:24:00.000000000,QUERY_SPREAD,84
2019-06-28 14:24:00.000000000,QUERY_SPREAD,85
2019-06-28 14:24:00.000000000,QUERY_SPREAD,86
2019-06-28 14:24:00.000000000,QUERY_SPREAD,87
2019-06-28 14:24:00.000000000,QUERY_SPREAD,88
2019-06-28 14:24:00.000000000,QUERY_SPREAD,89
2019-06-28 14:24:00.000000000,QUERY_SPREAD,90
2019-06-28 14:24:00.000000000,QUERY_SPREAD,91
2019-06-28 14:24:00.000000000,QUERY_SPREAD,92
2019-06-28 14:24:00.000000000,QUERY_SPREAD,93
2019-06-28 14:24:00.000000000,QUERY_SPREAD,94
2019-06-28 14:24:00.000000000,QUERY_SPREAD,95
2019-06-28 14:24:00.000000000,QUERY_SPREAD,96
2019-06-28 14:24:00.000000000,QUERY_SPREAD,97
2019-06-28 14:24:00.000000000,QUERY_SPREAD,98
2019-06-28 14:24:00.000000000,QUERY_SPREAD,99
2019-06-28 14:24:00.000000000,QUERY_SPREAD,100
2019-06-28 14:24:00.000000000,QUERY_SPREAD,101
2019-06-28 14:24:01.670087919,QUERY_ORDER_STREAM,62
2019-06-28 14:24:01.670087919,QUERY_SPREAD,62
2019-06-28 14:24:01.670087919,BEST_BID,"JPM,99843,100"
2019-06-28 14:24:01.670087919,BEST_ASK,"JPM,99921,100"
2019-06-28 14:24:06.601364556,QUERY_ORDER_STREAM,72
2019-06-28 14:24:06.601364556,QUERY_SPREAD,72
2019-06-28 14:24:06.601364556,BEST_BID,"JPM,99843,100"
2019-06-28 14:24:06.601364556,BEST_ASK,"JPM,99921,100"
2019-06-28 14:24:09.897995361,QUERY_SPREAD,4
2019-06-28 14:24:09.897995361,BEST_BID,"JPM,99843,100"
2019-06-28 14:24:09.897995361,BEST_ASK,"JPM,99929,100"
2019-06-28 14:24:10.000000000,QUERY_SPREAD,1
2019-06-28 14:24:10.000000000,BEST_BID,"JPM,99843,226"
2019-06-28 14:24:10.000000000,BEST_ASK,"JPM,99929,100"
2019-06-28 14:24:10.000000000,BEST_BID,"JPM,99843,226"
2019-06-28 14:24:10.000000000,BEST_ASK,"JPM,99929,100"
2019-06-28 14:24:10.000000000,BEST_BID,"JPM,99843,226"
2019-06-28 14:24:10.000000000,BEST_ASK,"JPM,99929,226"
2019-06-28 14:24:10.000000000,BEST_BID,"JPM,99843,226"
2019-06-28 14:24:10.000000000,BEST_ASK,"JPM,99929,226"
2019-06-28 14:24:10.000000000,BEST_BID,"JPM,99843,226"
2019-06-28 14:24:10.000000000,BEST_ASK,"JPM,99929,226"
2019-06-28 14:24:20.000000000,QUERY_SPREAD,1
2019-06-28 14:24:20.000000000,BEST_BID,"JPM,99843,174"
2019-06-28 14:24:20.000000000,BEST_ASK,"JPM,99929,100"
2019-06-28 14:24:20.000000000,BEST_BID,"JPM,99843,174"
2019-06-28 14:24:20.000000000,BEST_ASK,"JPM,99929,100"
2019-06-28 14:24:20.000000000,BEST_BID,"JPM,99843,174"
2019-06-28 14:24:20.000000000,BEST_ASK,"JPM,99929,174"
2019-06-28 14:24:20.000000000,BEST_BID,"JPM,99843,174"
2019-06-28 14:24:20.000000000,BEST_ASK,"JPM,99929,174"
2019-06-28 14:24:20.000000000,BEST_BID,"JPM,99843,174"
2019-06-28 14:24:20.000000000,BEST_ASK,"JPM,99929,174"
2019-06-28 14:24:20.000000000,BEST_BID,"JPM,99843,174"
2019-06-28 14:24:20.000000000,BEST_ASK,"JPM,99929,174"
2019-06-28 14:24:20.000000000,BEST_BID,"JPM,99843,174"
2019-06-28 14:24:20.000000000,BEST_ASK,"JPM,99929,174"
2019-06-28 14:24:28.030109658,QUERY_SPREAD,13
2019-06-28 14:24:28.030109658,BEST_BID,"JPM,99843,174"
2019-06-28 14:24:28.030109658,BEST_ASK,"JPM,99929,174"
2019-06-28 14:24:30.000000000,QUERY_SPREAD,1
2019-06-28 14:24:30.000000000,BEST_BID,"JPM,99843,174"
2019-06-28 14:24:30.000000000,BEST_ASK,"JPM,99929,100"
2019-06-28 14:24:30.000000000,BEST_BID,"JPM,99843,174"
2019-06-28 14:24:30.000000000,BEST_ASK,"JPM,99929,100"
2019-06-28 14:24:30.000000000,BEST_BID,"JPM,99843,174"
2019-06-28 14:24:30.000000000,BEST_ASK,"JPM,99929,174"
2019-06-28 14:24:30.000000000,BEST_BID,"JPM,99843,174"
2019-06-28 14:24:30.000000000,BEST_ASK,"JPM,99929,174"
2019-06-28 14:24:30.000000000,BEST_BID,"JPM,99843,174"
2019-06-28 14:24:30.000000000,BEST_ASK,"JPM,99929,174"
2019-06-28 14:24:30.000000000,BEST_BID,"JPM,99843,174"
2019-06-28 14:24:30.000000000,BEST_ASK,"JPM,99929,174"
2019-06-28 14:24:30.000000000,BEST_BID,"JPM,99843,174"
2019-06-28 14:24:30.000000000,BEST_ASK,"JPM,99929,174"
2019-06-28 14:24:31.963066173,QUERY_SPREAD,47
2019-06-28 14:24:31.963066173,BEST_BID,"JPM,99843,174"
2019-06-28 14:24:31.963066173,BEST_ASK,"JPM,99929,74"
2019-06-28 14:24:31.963066173,LAST_TRADE,"100,$99929.0000"
2019-06-28 14:24:40.000000000,QUERY_SPREAD,1
2019-06-28 14:24:40.000000000,BEST_BID,"JPM,99843,193"
2019-06-28 14:24:40.000000000,BEST_ASK,"JPM,100087,100"
2019-06-28 14:24:40.000000000,BEST_BID,"JPM,99843,193"
2019-06-28 14:24:40.000000000,BEST_ASK,"JPM,100087,100"
2019-06-28 14:24:40.000000000,BEST_BID,"JPM,99843,193"
2019-06-28 14:24:40.000000000,BEST_ASK,"JPM,100087,193"
2019-06-28 14:24:40.000000000,BEST_BID,"JPM,99843,193"
2019-06-28 14:24:40.000000000,BEST_ASK,"JPM,100087,193"
2019-06-28 14:24:40.000000000,BEST_BID,"JPM,99843,193"
2019-06-28 14:24:40.000000000,BEST_ASK,"JPM,100087,193"
2019-06-28 14:24:40.000000000,BEST_BID,"JPM,99843,193"
2019-06-28 14:24:40.000000000,BEST_ASK,"JPM,100087,193"
2019-06-28 14:24:50.000000000,QUERY_SPREAD,1
2019-06-28 14:24:50.000000000,BEST_BID,"JPM,99843,226"
2019-06-28 14:24:50.000000000,BEST_ASK,"JPM,100087,100"
2019-06-28 14:24:50.000000000,BEST_BID,"JPM,99843,226"
2019-06-28 14:24:50.000000000,BEST_ASK,"JPM,100087,100"
2019-06-28 14:24:50.000000000,BEST_BID,"JPM,99843,226"
2019-06-28 14:24:50.000000000,BEST_ASK,"JPM,100087,226"
2019-06-28 14:24:50.000000000,BEST_BID,"JPM,99843,226"
2019-06-28 14:24:50.000000000,BEST_ASK,"JPM,100087,226"
2019-06-28 14:24:50.000000000,BEST_BID,"JPM,99843,226"
2019-06-28 14:24:50.000000000,BEST_ASK,"JPM,100087,226"
2019-06-28 14:25:00.000000000,QUERY_SPREAD,1
2019-06-28 14:25:00.000000000,BEST_BID,"JPM,99843,286"
2019-06-28 14:25:00.000000000,BEST_ASK,"JPM,100087,100"
2019-06-28 14:25:00.000000000,BEST_BID,"JPM,99843,286"
2019-06-28 14:25:00.000000000,BEST_ASK,"JPM,100087,100"
2019-06-28 14:25:00.000000000,BEST_BID,"JPM,99843,286"
2019-06-28 14:25:00.000000000,BEST_ASK,"JPM,100087,286"
2019-06-28 14:25:00.000000000,BEST_BID,"JPM,99843,286"
2019-06-28 14:25:00.000000000,BEST_ASK,"JPM,100087,286"
2019-06-28 14:25:00.000000000,QUERY_SPREAD,77
2019-06-28 14:25:00.000000000,BEST_BID,"JPM,99843,281"
2019-06-28 14:25:00.000000000,BEST_ASK,"JPM,100087,286"
2019-06-28 14:25:00.000000000,LAST_TRADE,"5,$99843.0000"
2019-06-28 14:25:00.000000000,QUERY_SPREAD,78
2019-06-28 14:25:00.000000000,BEST_BID,"JPM,99843,273"
2019-06-28 14:25:00.000000000,BEST_ASK,"JPM,100087,286"
2019-06-28 14:25:00.000000000,LAST_TRADE,"8,$99843.0000"
2019-06-28 14:25:00.000000000,QUERY_SPREAD,79
2019-06-28 14:25:00.000000000,BEST_BID,"JPM,99843,268"
2019-06-28 14:25:00.000000000,BEST_ASK,"JPM,100087,286"
2019-06-28 14:25:00.000000000,LAST_TRADE,"5,$99843.0000"
2019-06-28 14:25:00.000000000,QUERY_SPREAD,80
2019-06-28 14:25:00.000000000,BEST_BID,"JPM,99843,260"
2019-06-28 14:25:00.000000000,BEST_ASK,"JPM,100087,286"
2019-06-28 14:25:00.000000000,LAST_TRADE,"8,$99843.0000"
2019-06-28 14:25:00.000000000,QUERY_SPREAD,81
2019-06-28 14:25:00.000000000,BEST_BID,"JPM,99843,251"
2019-06-28 14:25:00.000000000,BEST_ASK,"JPM,100087,286"
2019-06-28 14:25:00.000000000,LAST_TRADE,"9,$99843.0000"
2019-06-28 14:25:00.000000000,QUERY_SPREAD,82
2019-06-28 14:25:00.000000000,BEST_BID,"JPM,99843,248"
2019-06-28 14:25:00.000000000,BEST_ASK,"JPM,100087,286"
2019-06-28 14:25:00.000000000,LAST_TRADE,"3,$99843.0000"
2019-06-28 14:25:00.000000000,QUERY_SPREAD,83
2019-06-28 14:25:00.000000000,BEST_BID,"JPM,99843,240"
2019-06-28 14:25:00.000000000,BEST_ASK,"JPM,100087,286"
2019-06-28 14:25:00.000000000,LAST_TRADE,"8,$99843.0000"
2019-06-28 14:25:00.000000000,QUERY_SPREAD,84
2019-06-28 14:25:00.000000000,BEST_BID,"JPM,99843,236"
2019-06-28 14:25:00.000000000,BEST_ASK,"JPM,100087,286"
2019-06-28 14:25:00.000000000,LAST_TRADE,"4,$99843.0000"
2019-06-28 14:25:00.000000000,QUERY_SPREAD,85
2019-06-28 14:25:00.000000000,BEST_BID,"JPM,99843,231"
2019-06-28 14:25:00.000000000,BEST_ASK,"JPM,100087,286"
2019-06-28 14:25:00.000000000,LAST_TRADE,"5,$99843.0000"
2019-06-28 14:25:00.000000000,QUERY_SPREAD,86
2019-06-28 14:25:00.000000000,BEST_BID,"JPM,99843,229"
2019-06-28 14:25:00.000000000,BEST_ASK,"JPM,100087,286"
2019-06-28 14:25:00.000000000,LAST_TRADE,"2,$99843.0000"
2019-06-28 14:25:00.000000000,QUERY_SPREAD,87
2019-06-28 14:25:00.000000000,BEST_BID,"JPM,99843,222"
2019-06-28 14:25:00.000000000,BEST_ASK,"JPM,100087,286"
2019-06-28 14:25:00.000000000,LAST_TRADE,"7,$99843.0000"
2019-06-28 14:25:00.000000000,QUERY_SPREAD,88
2019-06-28 14:25:00.000000000,BEST_BID,"JPM,99843,214"
2019-06-28 14:25:00.000000000,BEST_ASK,"JPM,100087,286"
2019-06-28 14:25:00.000000000,LAST_TRADE,"8,$99843.0000"
2019-06-28 14:25:00.000000000,QUERY_SPREAD,89
2019-06-28 14:25:00.000000000,BEST_BID,"JPM,99843,209"
2019-06-28 14:25:00.000000000,BEST_ASK,"JPM,100087,286"
2019-06-28 14:25:00.000000000,LAST_TRADE,"5,$99843.0000"
2019-06-28 14:25:00.000000000,QUERY_SPREAD,90
2019-06-28 14:25:00.000000000,BEST_BID,"JPM,99843,205"
2019-06-28 14:25:00.000000000,BEST_ASK,"JPM,100087,286"
2019-06-28 14:25:00.000000000,LAST_TRADE,"4,$99843.0000"
2019-06-28 14:25:00.000000000,QUERY_SPREAD,91
2019-06-28 14:25:00.000000000,BEST_BID,"JPM,99843,202"
2019-06-28 14:25:00.000000000,BEST_ASK,"JPM,100087,286"
2019-06-28 14:25:00.000000000,LAST_TRADE,"3,$99843.0000"
2019-06-28 14:25:00.000000000,QUERY_SPREAD,92
2019-06-28 14:25:00.000000000,BEST_BID,"JPM,99843,197"
2019-06-28 14:25:00.000000000,BEST_ASK,"JPM,100087,286"
2019-06-28 14:25:00.000000000,LAST_TRADE,"5,$99843.0000"
2019-06-28 14:25:00.000000000,QUERY_SPREAD,93
2019-06-28 14:25:00.000000000,BEST_BID,"JPM,99843,190"
2019-06-28 14:25:00.000000000,BEST_ASK,"JPM,100087,286"
2019-06-28 14:25:00.000000000,LAST_TRADE,"7,$99843.0000"
2019-06-28 14:25:00.000000000,QUERY_SPREAD,94
2019-06-28 14:25:00.000000000,BEST_BID,"JPM,99843,189"
2019-06-28 14:25:00.000000000,BEST_ASK,"JPM,100087,286"
2019-06-28 14:25:00.000000000,LAST_TRADE,"1,$99843.0000"
2019-06-28 14:25:00.000000000,QUERY_SPREAD,95
2019-06-28 14:25:00.000000000,BEST_BID,"JPM,99843,188"
2019-06-28 14:25:00.000000000,BEST_ASK,"JPM,100087,286"
2019-06-28 14:25:00.000000000,LAST_TRADE,"1,$99843.0000"
2019-06-28 14:25:00.000000000,QUERY_SPREAD,96
2019-06-28 14:25:00.000000000,BEST_BID,"JPM,99843,184"
2019-06-28 14:25:00.000000000,BEST_ASK,"JPM,100087,286"
2019-06-28 14:25:00.000000000,LAST_TRADE,"4,$99843.0000"
2019-06-28 14:25:00.000000000,QUERY_SPREAD,97
2019-06-28 14:25:00.000000000,BEST_BID,"JPM,99843,181"
2019-06-28 14:25:00.000000000,BEST_ASK,"JPM,100087,286"
2019-06-28 14:25:00.000000000,LAST_TRADE,"3,$99843.0000"
2019-06-28 14:25:00.000000000,QUERY_SPREAD,98
2019-06-28 14:25:00.000000000,BEST_BID,"JPM,99843,176"
2019-06-28 14:25:00.000000000,BEST_ASK,"JPM,100087,286"
2019-06-28 14:25:00.000000000,LAST_TRADE,"5,$99843.0000"
2019-06-28 14:25:00.000000000,QUERY_SPREAD,99
2019-06-28 14:25:00.000000000,BEST_BID,"JPM,99843,172"
2019-06-28 14:25:00.000000000,BEST_ASK,"JPM,100087,286"
2019-06-28 14:25:00.000000000,LAST_TRADE,"4,$99843.0000"
2019-06-28 14:25:00.000000000,QUERY_SPREAD,100
2019-06-28 14:25:00.000000000,BEST_BID,"JPM,99843,167"
2019-06-28 14:25:00.000000000,BEST_ASK,"JPM,100087,286"
2019-06-28 14:25:00.000000000,LAST_TRADE,"5,$99843.0000"
2019-06-28 14:25:00.000000000,QUERY_SPREAD,101
2019-06-28 14:25:00.000000000,BEST_BID,"JPM,99843,166"
2019-06-28 14:25:00.000000000,BEST_ASK,"JPM,100087,286"
2019-06-28 14:25:00.000000000,LAST_TRADE,"1,$99843.0000"
2019-06-28 14:25:05.278482232,QUERY_SPREAD,22
2019-06-28 14:25:05.278482232,BEST_BID,"JPM,99843,166"
2019-06-28 14:25:05.278482232,BEST_ASK,"JPM,100087,286"
2019-06-28 14:25:05.862316004,QUERY_SPREAD,32
2019-06-28 14:25:05.862316004,BEST_BID,"JPM,99843,166"
2019-06-28 14:25:05.862316004,BEST_ASK,"JPM,100087,186"
2019-06-28 14:25:05.862316004,LAST_TRADE,"100,$100087.0000"
2019-06-28 14:25:05.996526069,QUERY_SPREAD,29
2019-06-28 14:25:05.996526069,BEST_BID,"JPM,99843,166"
2019-06-28 14:25:05.996526069,BEST_ASK,"JPM,100087,86"
2019-06-28 14:25:05.996526069,LAST_TRADE,"100,$100087.0000"
2019-06-28 14:25:10.000000000,QUERY_SPREAD,1
2019-06-28 14:25:20.000000000,QUERY_SPREAD,1
2019-06-28 14:25:21.330322547,QUERY_SPREAD,35
2019-06-28 14:25:21.330322547,BEST_ASK,"JPM,100191,100"
2019-06-28 14:25:21.330322547,LAST_TRADE,"100,$100136.0000"
2019-06-28 14:25:24.841231126,QUERY_ORDER_STREAM,64
2019-06-28 14:25:24.841231126,QUERY_SPREAD,64
2019-06-28 14:25:24.841231126,BEST_ASK,"JPM,100136,100"
2019-06-28 14:25:30.000000000,QUERY_SPREAD,1
2019-06-28 14:25:40.000000000,QUERY_SPREAD,1
2019-06-28 14:25:40.647666451,QUERY_ORDER_STREAM,57
2019-06-28 14:25:40.647666451,QUERY_SPREAD,57
2019-06-28 14:25:50.000000000,QUERY_SPREAD,1
2019-06-28 14:26:00.000000000,QUERY_SPREAD,1
2019-06-28 14:26:00.000000000,QUERY_SPREAD,77
2019-06-28 14:26:00.000000000,QUERY_SPREAD,78
2019-06-28 14:26:00.000000000,QUERY_SPREAD,79
2019-06-28 14:26:00.000000000,QUERY_SPREAD,80
2019-06-28 14:26:00.000000000,QUERY_SPREAD,81
2019-06-28 14:26:00.000000000,QUERY_SPREAD,82
2019-06-28 14:26:00.000000000,QUERY_SPREAD,83
2019-06-28 14:26:00.000000000,QUERY_SPREAD,84
2019-06-28 14:26:00.000000000,QUERY_SPREAD,85
2019-06-28 14:26:00.000000000,QUERY_SPREAD,86
2019-06-28 14:26:00.000000000,QUERY_SPREAD,87
2019-06-28 14:26:00.000000000,QUERY_SPREAD,88
2019-06-28 14:26:00.000000000,QUERY_SPREAD,89
2019-06-28 14:26:00.000000000,QUERY_SPREAD,90
2019-06-28 14:26:00.000000000,QUERY_SPREAD,91
2019-06-28 14:26:00.000000000,QUERY_SPREAD,92
2019-06-28 14:26:00.000000000,QUERY_SPREAD,93
2019-06-28 14:26:00.000000000,QUERY_SPREAD,94
2019-06-28 14:26:00.000000000,QUERY_SPREAD,95
2019-06-28 14:26:00.000000000,QUERY_SPREAD,96
2019-06-28 14:26:00.000000000,QUERY_SPREAD,97
2019-06-28 14:26:00.000000000,QUERY_SPREAD,98
2019-06-28 14:26:00.000000000,QUERY_SPREAD,99
2019-06-28 14:26:00.000000000,QUERY_SPREAD,100
2019-06-28 14:26:00.000000000,QUERY_SPREAD,101
2019-06-28 14:26:10.000000000,QUERY_SPREAD,1
2019-06-28 14:26:20.000000000,QUERY_SPREAD,1
2019-06-28 14:26:25.484924102,QUERY_ORDER_STREAM,75
2019-06-28 14:26:25.484924102,QUERY_SPREAD,75
2019-06-28 14:26:30.000000000,QUERY_SPREAD,1
2019-06-28 14:26:32.215060361,QUERY_SPREAD,41
2019-06-28 14:26:32.215060361,BEST_BID,"JPM,99567,100"
2019-06-28 14:26:32.215060361,BEST_ASK,"JPM,100136,100"
2019-06-28 14:26:38.444818581,QUERY_SPREAD,29
2019-06-28 14:26:38.444818581,BEST_BID,"JPM,99567,100"
2019-06-28 14:26:38.444818581,BEST_ASK,"JPM,99854,100"
2019-06-28 14:26:40.000000000,QUERY_SPREAD,1
2019-06-28 14:26:40.000000000,BEST_BID,"JPM,99567,174"
2019-06-28 14:26:40.000000000,BEST_ASK,"JPM,99854,100"
2019-06-28 14:26:40.000000000,BEST_BID,"JPM,99567,174"
2019-06-28 14:26:40.000000000,BEST_ASK,"JPM,99854,100"
2019-06-28 14:26:40.000000000,BEST_BID,"JPM,99567,174"
2019-06-28 14:26:40.000000000,BEST_ASK,"JPM,99854,174"
2019-06-28 14:26:40.000000000,BEST_BID,"JPM,99567,174"
2019-06-28 14:26:40.000000000,BEST_ASK,"JPM,99854,174"
2019-06-28 14:26:40.000000000,BEST_BID,"JPM,99567,174"
2019-06-28 14:26:40.000000000,BEST_ASK,"JPM,99854,174"
2019-06-28 14:26:40.000000000,BEST_BID,"JPM,99567,174"
2019-06-28 14:26:40.000000000,BEST_ASK,"JPM,99854,174"
2019-06-28 14:26:40.000000000,BEST_BID,"JPM,99567,174"
2019-06-28 14:26:40.000000000,BEST_ASK,"JPM,99854,174"
2019-06-28 14:26:50.000000000,QUERY_SPREAD,1
2019-06-28 14:26:50.000000000,BEST_BID,"JPM,99567,286"
2019-06-28 14:26:50.000000000,BEST_ASK,"JPM,99854,100"
2019-06-28 14:26:50.000000000,BEST_BID,"JPM,99567,286"
2019-06-28 14:26:50.000000000,BEST_ASK,"JPM,99854,100"
2019-06-28 14:26:50.000000000,BEST_BID,"JPM,99567,286"
2019-06-28 14:26:50.000000000,BEST_ASK,"JPM,99854,286"
2019-06-28 14:26:50.000000000,BEST_BID,"JPM,99567,286"
2019-06-28 14:26:50.000000000,BEST_ASK,"JPM,99854,286"
2019-06-28 14:27:00.000000000,QUERY_SPREAD,1
2019-06-28 14:27:00.000000000,BEST_BID,"JPM,99567,193"
2019-06-28 14:27:00.000000000,BEST_ASK,"JPM,99854,100"
2019-06-28 14:27:00.000000000,BEST_BID,"JPM,99567,193"
2019-06-28 14:27:00.000000000,BEST_ASK,"JPM,99854,100"
2019-06-28 14:27:00.000000000,BEST_BID,"JPM,99567,193"
2019-06-28 14:27:00.000000000,BEST_ASK,"JPM,99854,193"
2019-06-28 14:27:00.000000000,BEST_BID,"JPM,99567,193"
2019-06-28 14:27:00.000000000,BEST_ASK,"JPM,99854,193"
2019-06-28 14:27:00.000000000,BEST_BID,"JPM,99567,193"
2019-06-28 14:27:00.000000000,BEST_ASK,"JPM,99854,193"
2019-06-28 14:27:00.000000000,BEST_BID,"JPM,99567,193"
2019-06-28 14:27:00.000000000,BEST_ASK,"JPM,99854,193"
2019-06-28 14:27:00.000000000,QUERY_SPREAD,77
2019-06-28 14:27:00.000000000,BEST_BID,"JPM,99567,188"
2019-06-28 14:27:00.000000000,BEST_ASK,"JPM,99854,193"
2019-06-28 14:27:00.000000000,LAST_TRADE,"5,$99567.0000"
2019-06-28 14:27:00.000000000,QUERY_SPREAD,78
2019-06-28 14:27:00.000000000,BEST_BID,"JPM,99567,180"
2019-06-28 14:27:00.000000000,BEST_ASK,"JPM,99854,193"
2019-06-28 14:27:00.000000000,LAST_TRADE,"8,$99567.0000"
2019-06-28 14:27:00.000000000,QUERY_SPREAD,79
2019-06-28 14:27:00.000000000,BEST_BID,"JPM,99567,175"
2019-06-28 14:27:00.000000000,BEST_ASK,"JPM,99854,193"
2019-06-28 14:27:00.000000000,LAST_TRADE,"5,$99567.0000"
2019-06-28 14:27:00.000000000,QUERY_SPREAD,80
2019-06-28 14:27:00.000000000,BEST_BID,"JPM,99567,167"
2019-06-28 14:27:00.000000000,BEST_ASK,"JPM,99854,193"
2019-06-28 14:27:00.000000000,LAST_TRADE,"8,$99567.0000"
2019-06-28 14:27:00.000000000,QUERY_SPREAD,81
2019-06-28 14:27:00.000000000,BEST_BID,"JPM,99567,158"
2019-06-28 14:27:00.000000000,BEST_ASK,"JPM,99854,193"
2019-06-28 14:27:00.000000000,LAST_TRADE,"9,$99567.0000"
2019-06-28 14:27:00.000000000,QUERY_SPREAD,82
2019-06-28 14:27:00.000000000,BEST_BID,"JPM,99567,155"
2019-06-28 14:27:00.000000000,BEST_ASK,"JPM,99854,193"
2019-06-28 14:27:00.000000000,LAST_TRADE,"3,$99567.0000"
2019-06-28 14:27:00.000000000,QUERY_SPREAD,83
2019-06-28 14:27:00.000000000,BEST_BID,"JPM,99567,147"
2019-06-28 14:27:00.000000000,BEST_ASK,"JPM,99854,193"
2019-06-28 14:27:00.000000000,LAST_TRADE,"8,$99567.0000"
2019-06-28 14:27:00.000000000,QUERY_SPREAD,84
2019-06-28 14:27:00.000000000,BEST_BID,"JPM,99567,143"
2019-06-28 14:27:00.000000000,BEST_ASK,"JPM,99854,193"
2019-06-28 14:27:00.000000000,LAST_TRADE,"4,$99567.0000"
2019-06-28 14:27:00.000000000,QUERY_SPREAD,85
2019-06-28 14:27:00.000000000,BEST_BID,"JPM,99567,138"
2019-06-28 14:27:00.000000000,BEST_ASK,"JPM,99854,193"
2019-06-28 14:27:00.000000000,LAST_TRADE,"5,$99567.0000"
2019-06-28 14:27:00.000000000,QUERY_SPREAD,86
2019-06-28 14:27:00.000000000,BEST_BID,"JPM,99567,136"
2019-06-28 14:27:00.000000000,BEST_ASK,"JPM,99854,193"
2019-06-28 14:27:00.000000000,LAST_TRADE,"2,$99567.0000"
2019-06-28 14:27:00.000000000,QUERY_SPREAD,87
2019-06-28 14:27:00.000000000,BEST_BID,"JPM,99567,129"
2019-06-28 14:27:00.000000000,BEST_ASK,"JPM,99854,193"
2019-06-28 14:27:00.000000000,LAST_TRADE,"7,$99567.0000"
2019-06-28 14:27:00.000000000,QUERY_SPREAD,88
2019-06-28 14:27:00.000000000,BEST_BID,"JPM,99567,121"
2019-06-28 14:27:00.000000000,BEST_ASK,"JPM,99854,193"
2019-06-28 14:27:00.000000000,LAST_TRADE,"8,$99567.0000"
2019-06-28 14:27:00.000000000,QUERY_SPREAD,89
2019-06-28 14:27:00.000000000,BEST_BID,"JPM,99567,116"
2019-06-28 14:27:00.000000000,BEST_ASK,"JPM,99854,193"
2019-06-28 14:27:00.000000000,LAST_TRADE,"5,$99567.0000"
2019-06-28 14:27:00.000000000,QUERY_SPREAD,90
2019-06-28 14:27:00.000000000,BEST_BID,"JPM,99567,112"
2019-06-28 14:27:00.000000000,BEST_ASK,"JPM,99854,193"
2019-06-28 14:27:00.000000000,LAST_TRADE,"4,$99567.0000"
2019-06-28 14:27:00.000000000,QUERY_SPREAD,91
2019-06-28 14:27:00.000000000,BEST_BID,"JPM,99567,109"
2019-06-28 14:27:00.000000000,BEST_ASK,"JPM,99854,193"
2019-06-28 14:27:00.000000000,LAST_TRADE,"3,$99567.0000"
2019-06-28 14:27:00.000000000,QUERY_SPREAD,92
2019-06-28 14:27:00.000000000,BEST_BID,"JPM,99567,104"
2019-06-28 14:27:00.000000000,BEST_ASK,"JPM,99854,193"
2019-06-28 14:27:00.000000000,LAST_TRADE,"5,$99567.0000"
2019-06-28 14:27:00.000000000,QUERY_SPREAD,93
2019-06-28 14:27:00.000000000,BEST_BID,"JPM,99567,97"
2019-06-28 14:27:00.000000000,BEST_ASK,"JPM,99854,193"
2019-06-28 14:27:00.000000000,LAST_TRADE,"7,$99567.0000"
2019-06-28 14:27:00.000000000,QUERY_SPREAD,94
2019-06-28 14:27:00.000000000,BEST_BID,"JPM,99567,96"
2019-06-28 14:27:00.000000000,BEST_ASK,"JPM,99854,193"
2019-06-28 14:27:00.000000000,LAST_TRADE,"1,$99567.0000"
2019-06-28 14:27:00.000000000,QUERY_SPREAD,95
2019-06-28 14:27:00.000000000,BEST_BID,"JPM,99567,95"
2019-06-28 14:27:00.000000000,BEST_ASK,"JPM,99854,193"
2019-06-28 14:27:00.000000000,LAST_TRADE,"1,$99567.0000"
2019-06-28 14:27:00.000000000,QUERY_SPREAD,96
2019-06-28 14:27:00.000000000,BEST_BID,"JPM,99567,91"
2019-06-28 14:27:00.000000000,BEST_ASK,"JPM,99854,193"
2019-06-28 14:27:00.000000000,LAST_TRADE,"4,$99567.0000"
2019-06-28 14:27:00.000000000,QUERY_SPREAD,97
2019-06-28 14:27:00.000000000,BEST_BID,"JPM,99567,88"
2019-06-28 14:27:00.000000000,BEST_ASK,"JPM,99854,193"
2019-06-28 14:27:00.000000000,LAST_TRADE,"3,$99567.0000"
2019-06-28 14:27:00.000000000,QUERY_SPREAD,98
2019-06-28 14:27:00.000000000,BEST_BID,"JPM,99567,83"
2019-06-28 14:27:00.000000000,BEST_ASK,"JPM,99854,193"
2019-06-28 14:27:00.000000000,LAST_TRADE,"5,$99567.0000"
2019-06-28 14:27:00.000000000,QUERY_SPREAD,99
2019-06-28 14:27:00.000000000,BEST_BID,"JPM,99567,79"
2019-06-28 14:27:00.000000000,BEST_ASK,"JPM,99854,193"
2019-06-28 14:27:00.000000000,LAST_TRADE,"4,$99567.0000"
2019-06-28 14:27:00.000000000,QUERY_SPREAD,100
2019-06-28 14:27:00.000000000,BEST_BID,"JPM,99567,74"
2019-06-28 14:27:00.000000000,BEST_ASK,"JPM,99854,193"
2019-06-28 14:27:00.000000000,LAST_TRADE,"5,$99567.0000"
2019-06-28 14:27:00.000000000,QUERY_SPREAD,101
2019-06-28 14:27:00.000000000,BEST_BID,"JPM,99567,73"
2019-06-28 14:27:00.000000000,BEST_ASK,"JPM,99854,193"
2019-06-28 14:27:00.000000000,LAST_TRADE,"1,$99567.0000"
2019-06-28 14:27:09.971376556,QUERY_SPREAD,50
2019-06-28 14:27:09.971376556,BEST_BID,"JPM,99567,73"
2019-06-28 14:27:09.971376556,BEST_ASK,"JPM,99854,193"
2019-06-28 14:27:10.000000000,QUERY_SPREAD,1
2019-06-28 14:27:10.654784964,QUERY_ORDER_STREAM,59
2019-06-28 14:27:10.654784964,QUERY_SPREAD,59
2019-06-28 14:27:20.000000000,QUERY_SPREAD,1
2019-06-28 14:27:28.336838076,QUERY_SPREAD,45
2019-06-28 14:27:28.336838076,BEST_BID,"JPM,99711,100"
2019-06-28 14:27:28.336838076,BEST_ASK,"JPM,99854,100"
2019-06-28 14:27:30.000000000,QUERY_SPREAD,1
2019-06-28 14:27:30.000000000,BEST_BID,"JPM,99711,193"
2019-06-28 14:27:30.000000000,BEST_ASK,"JPM,99854,100"
2019-06-28 14:27:30.000000000,BEST_BID,"JPM,99711,193"
2019-06-28 14:27:30.000000000,BEST_ASK,"JPM,99854,100"
2019-06-28 14:27:30.000000000,BEST_BID,"JPM,99711,193"
2019-06-28 14:27:30.000000000,BEST_ASK,"JPM,99854,193"
2019-06-28 14:27:30.000000000,BEST_BID,"JPM,99711,193"
2019-06-28 14:27:30.000000000,BEST_ASK,"JPM,99854,193"
2019-06-28 14:27:30.000000000,BEST_BID,"JPM,99711,193"
2019-06-28 14:27:30.000000000,BEST_ASK,"JPM,99854,193"
2019-06-28 14:27:30.000000000,BEST_BID,"JPM,99711,193"
2019-06-28 14:27:30.000000000,BEST_ASK,"JPM,99854,193"
2019-06-28 14:27:40.000000000,QUERY_SPREAD,1
2019-06-28 14:27:40.000000000,BEST_BID,"JPM,99711,226"
2019-06-28 14:27:40.000000000,BEST_ASK,"JPM,99854,100"
2019-06-28 14:27:40.000000000,BEST_BID,"JPM,99711,226"
2019-06-28 14:27:40.000000000,BEST_ASK,"JPM,99854,100"
2019-06-28 14:27:40.000000000,BEST_BID,"JPM,99711,226"
2019-06-28 14:27:40.000000000,BEST_ASK,"JPM,99854,226"
2019-06-28 14:27:40.000000000,BEST_BID,"JPM,99711,226"
2019-06-28 14:27:40.000000000,BEST_ASK,"JPM,99854,226"
2019-06-28 14:27:40.000000000,BEST_BID,"JPM,99711,226"
2019-06-28 14:27:40.000000000,BEST_ASK,"JPM,99854,226"
2019-06-28 14:27:50.000000000,QUERY_SPREAD,1
2019-06-28 14:27:50.000000000,BEST_BID,"JPM,99711,471"
2019-06-28 14:27:50.000000000,BEST_ASK,"JPM,99854,100"
2019-06-28 14:27:50.000000000,BEST_BID,"JPM,99711,471"
2019-06-28 14:27:50.000000000,BEST_ASK,"JPM,99854,471"
2019-06-28 14:27:52.037290041,QUERY_ORDER_STREAM,61
2019-06-28 14:27:52.037290041,QUERY_SPREAD,61
2019-06-28 14:27:52.037290041,BEST_BID,"JPM,99711,471"
2019-06-28 14:27:52.037290041,BEST_ASK,"JPM,99854,471"
2019-06-28 14:28:00.000000000,QUERY_SPREAD,1
2019-06-28 14:28:00.000000000,BEST_BID,"JPM,99711,226"
2019-06-28 14:28:00.000000000,BEST_ASK,"JPM,99854,100"
2019-06-28 14:28:00.000000000,BEST_BID,"JPM,99711,226"
2019-06-28 14:28:00.000000000,BEST_ASK,"JPM,99854,100"
2019-06-28 14:28:00.000000000,BEST_BID,"JPM,99711,226"
2019-06-28 14:28:00.000000000,BEST_ASK,"JPM,99854,100"
2019-06-28 14:28:00.000000000,BEST_BID,"JPM,99711,226"
2019-06-28 14:28:00.000000000,BEST_ASK,"JPM,99854,226"
2019-06-28 14:28:00.000000000,BEST_BID,"JPM,99711,226"
2019-06-28 14:28:00.000000000,BEST_ASK,"JPM,99854,226"
2019-06-28 14:28:00.000000000,BEST_BID,"JPM,99711,226"
2019-06-28 14:28:00.000000000,BEST_ASK,"JPM,99854,226"
2019-06-28 14:28:00.000000000,QUERY_SPREAD,77
2019-06-28 14:28:00.000000000,BEST_BID,"JPM,99711,221"
2019-06-28 14:28:00.000000000,BEST_ASK,"JPM,99854,226"
2019-06-28 14:28:00.000000000,LAST_TRADE,"5,$99711.0000"
2019-06-28 14:28:00.000000000,QUERY_SPREAD,78
2019-06-28 14:28:00.000000000,BEST_BID,"JPM,99711,213"
2019-06-28 14:28:00.000000000,BEST_ASK,"JPM,99854,226"
2019-06-28 14:28:00.000000000,LAST_TRADE,"8,$99711.0000"
2019-06-28 14:28:00.000000000,QUERY_SPREAD,79
2019-06-28 14:28:00.000000000,BEST_BID,"JPM,99711,208"
2019-06-28 14:28:00.000000000,BEST_ASK,"JPM,99854,226"
2019-06-28 14:28:00.000000000,LAST_TRADE,"5,$99711.0000"
2019-06-28 14:28:00.000000000,QUERY_SPREAD,80
2019-06-28 14:28:00.000000000,BEST_BID,"JPM,99711,200"
2019-06-28 14:28:00.000000000,BEST_ASK,"JPM,99854,226"
2019-06-28 14:28:00.000000000,LAST_TRADE,"8,$99711.0000"
2019-06-28 14:28:00.000000000,QUERY_SPREAD,81
2019-06-28 14:28:00.000000000,BEST_BID,"JPM,99711,191"
2019-06-28 14:28:00.000000000,BEST_ASK,"JPM,99854,226"
2019-06-28 14:28:00.000000000,LAST_TRADE,"9,$99711.0000"
2019-06-28 14:28:00.000000000,QUERY_SPREAD,82
2019-06-28 14:28:00.000000000,BEST_BID,"JPM,99711,188"
2019-06-28 14:28:00.000000000,BEST_ASK,"JPM,99854,226"
2019-06-28 14:28:00.000000000,LAST_TRADE,"3,$99711.0000"
2019-06-28 14:28:00.000000000,QUERY_SPREAD,83
2019-06-28 14:28:00.000000000,BEST_BID,"JPM,99711,180"
2019-06-28 14:28:00.000000000,BEST_ASK,"JPM,99854,226"
2019-06-28 14:28:00.000000000,LAST_TRADE,"8,$99711.0000"
2019-06-28 14:28:00.000000000,QUERY_SPREAD,84
2019-06-28 14:28:00.000000000,BEST_BID,"JPM,99711,176"
2019-06-28 14:28:00.000000000,BEST_ASK,"JPM,99854,226"
2019-06-28 14:28:00.000000000,LAST_TRADE,"4,$99711.0000"
2019-06-28 14:28:00.000000000,QUERY_SPREAD,85
2019-06-28 14:28:00.000000000,BEST_BID,"JPM,99711,171"
2019-06-28 14:28:00.000000000,BEST_ASK,"JPM,99854,226"
2019-06-28 14:28:00.000000000,LAST_TRADE,"5,$99711.0000"
2019-06-28 14:28:00.000000000,QUERY_SPREAD,86
2019-06-28 14:28:00.000000000,BEST_BID,"JPM,99711,169"
2019-06-28 14:28:00.000000000,BEST_ASK,"JPM,99854,226"
2019-06-28 14:28:00.000000000,LAST_TRADE,"2,$99711.0000"
2019-06-28 14:28:00.000000000,QUERY_SPREAD,87
2019-06-28 14:28:00.000000000,BEST_BID,"JPM,99711,162"
2019-06-28 14:28:00.000000000,BEST_ASK,"JPM,99854,226"
2019-06-28 14:28:00.000000000,LAST_TRADE,"7,$99711.0000"
2019-06-28 14:28:00.000000000,QUERY_SPREAD,88
2019-06-28 14:28:00.000000000,BEST_BID,"JPM,99711,154"
2019-06-28 14:28:00.000000000,BEST_ASK,"JPM,99854,226"
2019-06-28 14:28:00.000000000,LAST_TRADE,"8,$99711.0000"
2019-06-28 14:28:00.000000000,QUERY_SPREAD,89
2019-06-28 14:28:00.000000000,BEST_BID,"JPM,99711,149"
2019-06-28 14:28:00.000000000,BEST_ASK,"JPM,99854,226"
2019-06-28 14:28:00.000000000,LAST_TRADE,"5,$99711.0000"
2019-06-28 14:28:00.000000000,QUERY_SPREAD,90
2019-06-28 14:28:00.000000000,BEST_BID,"JPM,99711,145"
2019-06-28 14:28:00.000000000,BEST_ASK,"JPM,99854,226"
2019-06-28 14:28:00.000000000,LAST_TRADE,"4,$99711.0000"
2019-06-28 14:28:00.000000000,QUERY_SPREAD,91
2019-06-28 14:28:00.000000000,BEST_BID,"JPM,99711,142"
2019-06-28 14:28:00.000000000,BEST_ASK,"JPM,99854,226"
2019-06-28 14:28:00.000000000,LAST_TRADE,"3,$99711.0000"
2019-06-28 14:28:00.000000000,QUERY_SPREAD,92
2019-06-28 14:28:00.000000000,BEST_BID,"JPM,99711,137"
2019-06-28 14:28:00.000000000,BEST_ASK,"JPM,99854,226"
2019-06-28 14:28:00.000000000,LAST_TRADE,"5,$99711.0000"
2019-06-28 14:28:00.000000000,QUERY_SPREAD,93
2019-06-28 14:28:00.000000000,BEST_BID,"JPM,99711,130"
2019-06-28 14:28:00.000000000,BEST_ASK,"JPM,99854,226"
2019-06-28 14:28:00.000000000,LAST_TRADE,"7,$99711.0000"
2019-06-28 14:28:00.000000000,QUERY_SPREAD,94
2019-06-28 14:28:00.000000000,BEST_BID,"JPM,99711,129"
2019-06-28 14:28:00.000000000,BEST_ASK,"JPM,99854,226"
2019-06-28 14:28:00.000000000,LAST_TRADE,"1,$99711.0000"
2019-06-28 14:28:00.000000000,QUERY_SPREAD,95
2019-06-28 14:28:00.000000000,BEST_BID,"JPM,99711,128"
2019-06-28 14:28:00.000000000,BEST_ASK,"JPM,99854,226"
2019-06-28 14:28:00.000000000,LAST_TRADE,"1,$99711.0000"
2019-06-28 14:28:00.000000000,QUERY_SPREAD,96
2019-06-28 14:28:00.000000000,BEST_BID,"JPM,99711,124"
2019-06-28 14:28:00.000000000,BEST_ASK,"JPM,99854,226"
2019-06-28 14:28:00.000000000,LAST_TRADE,"4,$99711.0000"
2019-06-28 14:28:00.000000000,QUERY_SPREAD,97
2019-06-28 14:28:00.000000000,BEST_BID,"JPM,99711,121"
2019-06-28 14:28:00.000000000,BEST_ASK,"JPM,99854,226"
2019-06-28 14:28:00.000000000,LAST_TRADE,"3,$99711.0000"
2019-06-28 14:28:00.000000000,QUERY_SPREAD,98
2019-06-28 14:28:00.000000000,BEST_BID,"JPM,99711,116"
2019-06-28 14:28:00.000000000,BEST_ASK,"JPM,99854,226"
2019-06-28 14:28:00.000000000,LAST_TRADE,"5,$99711.0000"
2019-06-28 14:28:00.000000000,QUERY_SPREAD,99
2019-06-28 14:28:00.000000000,BEST_BID,"JPM,99711,112"
2019-06-28 14:28:00.000000000,BEST_ASK,"JPM,99854,226"
2019-06-28 14:28:00.000000000,LAST_TRADE,"4,$99711.0000"
2019-06-28 14:28:00.000000000,QUERY_SPREAD,100
2019-06-28 14:28:00.000000000,BEST_BID,"JPM,99711,107"
2019-06-28 14:28:00.000000000,BEST_ASK,"JPM,99854,226"
2019-06-28 14:28:00.000000000,LAST_TRADE,"5,$99711.0000"
2019-06-28 14:28:00.000000000,QUERY_SPREAD,101
2019-06-28 14:28:00.000000000,BEST_BID,"JPM,99711,106"
2019-06-28 14:28:00.000000000,BEST_ASK,"JPM,99854,226"
2019-06-28 14:28:00.000000000,LAST_TRADE,"1,$99711.0000"
2019-06-28 14:28:10.000000000,QUERY_SPREAD,1
2019-06-28 14:28:10.000000000,BEST_BID,"JPM,99567,471"
2019-06-28 14:28:10.000000000,BEST_ASK,"JPM,99854,100"
2019-06-28 14:28:10.000000000,BEST_BID,"JPM,99567,471"
2019-06-28 14:28:10.000000000,BEST_ASK,"JPM,99854,471"
2019-06-28 14:28:19.240901271,QUERY_SPREAD,31
2019-06-28 14:28:19.240901271,BEST_BID,"JPM,99567,471"
2019-06-28 14:28:19.240901271,BEST_ASK,"JPM,99854,371"
2019-06-28 14:28:19.240901271,LAST_TRADE,"100,$99854.0000"
2019-06-28 14:28:20.000000000,QUERY_SPREAD,1
2019-06-28 14:28:20.000000000,BEST_BID,"JPM,99567,286"
2019-06-28 14:28:20.000000000,BEST_ASK,"JPM,99990,100"
2019-06-28 14:28:20.000000000,BEST_BID,"JPM,99567,286"
2019-06-28 14:28:20.000000000,BEST_ASK,"JPM,99990,100"
2019-06-28 14:28:20.000000000,BEST_BID,"JPM,99567,286"
2019-06-28 14:28:20.000000000,BEST_ASK,"JPM,99990,286"
2019-06-28 14:28:20.000000000,BEST_BID,"JPM,99567,286"
2019-06-28 14:28:20.000000000,BEST_ASK,"JPM,99990,286"
2019-06-28 14:28:26.879859509,QUERY_ORDER_STREAM,76
2019-06-28 14:28:26.879859509,QUERY_SPREAD,76
2019-06-28 14:28:27.851815533,QUERY_SPREAD,13
2019-06-28 14:28:27.851815533,BEST_BID,"JPM,99870,100"
2019-06-28 14:28:27.851815533,BEST_ASK,"JPM,99990,286"
2019-06-28 14:28:30.000000000,QUERY_SPREAD,1
2019-06-28 14:28:30.000000000,BEST_BID,"JPM,99870,286"
2019-06-28 14:28:30.000000000,BEST_ASK,"JPM,99990,100"
2019-06-28 14:28:30.000000000,BEST_BID,"JPM,99870,286"
2019-06-28 14:28:30.000000000,BEST_ASK,"JPM,99990,100"
2019-06-28 14:28:30.000000000,BEST_BID,"JPM,99870,286"
2019-06-28 14:28:30.000000000,BEST_ASK,"JPM,99990,286"
2019-06-28 14:28:30.000000000,BEST_BID,"JPM,99870,286"
2019-06-28 14:28:30.000000000,BEST_ASK,"JPM,99990,286"
2019-06-28 14:28:37.575420506,QUERY_SPREAD,46
2019-06-28 14:28:37.575420506,BEST_BID,"JPM,99870,286"
2019-06-28 14:28:37.575420506,BEST_ASK,"JPM,99990,286"
2019-06-28 14:28:39.257021569,QUERY_SPREAD,5
2019-06-28 14:28:39.257021569,BEST_BID,"JPM,99870,286"
2019-06-28 14:28:39.257021569,BEST_ASK,"JPM,99990,286"
2019-06-28 14:28:40.000000000,QUERY_SPREAD,1
2019-06-28 14:28:40.000000000,BEST_BID,"JPM,99870,193"
2019-06-28 14:28:40.000000000,BEST_ASK,"JPM,99990,100"
2019-06-28 14:28:40.000000000,BEST_BID,"JPM,99870,193"
2019-06-28 14:28:40.000000000,BEST_ASK,"JPM,99990,100"
2019-06-28 14:28:40.000000000,BEST_BID,"JPM,99870,193"
2019-06-28 14:28:40.000000000,BEST_ASK,"JPM,99990,100"
2019-06-28 14:28:40.000000000,BEST_BID,"JPM,99870,193"
2019-06-28 14:28:40.000000000,BEST_ASK,"JPM,99990,100"
2019-06-28 14:28:40.000000000,BEST_BID,"JPM,99870,193"
2019-06-28 14:28:40.000000000,BEST_ASK,"JPM,99990,193"
2019-06-28 14:28:40.000000000,BEST_BID,"JPM,99870,193"
2019-06-28 14:28:40.000000000,BEST_ASK,"JPM,99990,193"
2019-06-28 14:28:40.000000000,BEST_BID,"JPM,99870,193"
2019-06-28 14:28:40.000000000,BEST_ASK,"JPM,99990,193"
2019-06-28 14:28:40.000000000,BEST_BID,"JPM,99870,193"
2019-06-28 14:28:40.000000000,BEST_ASK,"JPM,99990,193"
2019-06-28 14:28:44.858372121,QUERY_ORDER_STREAM,61
2019-06-28 14:28:44.858372121,QUERY_SPREAD,61
2019-06-28 14:28:44.858372121,BEST_BID,"JPM,99870,93"
2019-06-28 14:28:44.858372121,BEST_ASK,"JPM,99990,193"
2019-06-28 14:28:44.858372121,LAST_TRADE,"100,$99870.0000"
2019-06-28 14:28:50.000000000,QUERY_SPREAD,1
2019-06-28 14:28:50.000000000,BEST_BID,"JPM,99838,174"
2019-06-28 14:28:50.000000000,BEST_ASK,"JPM,99990,100"
2019-06-28 14:28:50.000000000,BEST_BID,"JPM,99838,174"
2019-06-28 14:28:50.000000000,BEST_ASK,"JPM,99990,100"
2019-06-28 14:28:50.000000000,BEST_BID,"JPM,99838,174"
2019-06-28 14:28:50.000000000,BEST_ASK,"JPM,99990,174"
2019-06-28 14:28:50.000000000,BEST_BID,"JPM,99838,174"
2019-06-28 14:28:50.000000000,BEST_ASK,"JPM,99990,174"
2019-06-28 14:28:50.000000000,BEST_BID,"JPM,99838,174"
2019-06-28 14:28:50.000000000,BEST_ASK,"JPM,99990,174"
2019-06-28 14:28:50.000000000,BEST_BID,"JPM,99838,174"
2019-06-28 14:28:50.000000000,BEST_ASK,"JPM,99990,174"
2019-06-28 14:28:50.000000000,BEST_BID,"JPM,99838,174"
2019-06-28 14:28:50.000000000,BEST_ASK,"JPM,99990,174"
2019-06-28 14:29:00.000000000,QUERY_SPREAD,1
2019-06-28 14:29:00.000000000,BEST_BID,"JPM,99838,286"
2019-06-28 14:29:00.000000000,BEST_ASK,"JPM,99990,100"
2019-06-28 14:29:00.000000000,BEST_BID,"JPM,99838,286"
2019-06-28 14:29:00.000000000,BEST_ASK,"JPM,99990,100"
2019-06-28 14:29:00.000000000,BEST_BID,"JPM,99838,286"
2019-06-28 14:29:00.000000000,BEST_ASK,"JPM,99990,286"
2019-06-28 14:29:00.000000000,BEST_BID,"JPM,99838,286"
2019-06-28 14:29:00.000000000,BEST_ASK,"JPM,99990,286"
2019-06-28 14:29:00.000000000,QUERY_SPREAD,77
2019-06-28 14:29:00.000000000,BEST_BID,"JPM,99838,281"
2019-06-28 14:29:00.000000000,BEST_ASK,"JPM,99990,286"
2019-06-28 14:29:00.000000000,LAST_TRADE,"5,$99838.0000"
2019-06-28 14:29:00.000000000,QUERY_SPREAD,78
2019-06-28 14:29:00.000000000,BEST_BID,"JPM,99838,273"
2019-06-28 14:29:00.000000000,BEST_ASK,"JPM,99990,286"
2019-06-28 14:29:00.000000000,LAST_TRADE,"8,$99838.0000"
2019-06-28 14:29:00.000000000,QUERY_SPREAD,79
2019-06-28 14:29:00.000000000,BEST_BID,"JPM,99838,268"
2019-06-28 14:29:00.000000000,BEST_ASK,"JPM,99990,286"
2019-06-28 14:29:00.000000000,LAST_TRADE,"5,$99838.0000"
2019-06-28 14:29:00.000000000,QUERY_SPREAD,80
2019-06-28 14:29:00.000000000,BEST_BID,"JPM,99838,260"
2019-06-28 14:29:00.000000000,BEST_ASK,"JPM,99990,286"
2019-06-28 14:29:00.000000000,LAST_TRADE,"8,$99838.0000"
2019-06-28 14:29:00.000000000,QUERY_SPREAD,81
2019-06-28 14:29:00.000000000,BEST_BID,"JPM,99838,251"
2019-06-28 14:29:00.000000000,BEST_ASK,"JPM,99990,286"
2019-06-28 14:29:00.000000000,LAST_TRADE,"9,$99838.0000"
2019-06-28 14:29:00.000000000,QUERY_SPREAD,82
2019-06-28 14:29:00.000000000,BEST_BID,"JPM,99838,248"
2019-06-28 14:29:00.000000000,BEST_ASK,"JPM,99990,286"
2019-06-28 14:29:00.000000000,LAST_TRADE,"3,$99838.0000"
2019-06-28 14:29:00.000000000,QUERY_SPREAD,83
2019-06-28 14:29:00.000000000,BEST_BID,"JPM,99838,240"
2019-06-28 14:29:00.000000000,BEST_ASK,"JPM,99990,286"
2019-06-28 14:29:00.000000000,LAST_TRADE,"8,$99838.0000"
2019-06-28 14:29:00.000000000,QUERY_SPREAD,84
2019-06-28 14:29:00.000000000,BEST_BID,"JPM,99838,236"
2019-06-28 14:29:00.000000000,BEST_ASK,"JPM,99990,286"
2019-06-28 14:29:00.000000000,LAST_TRADE,"4,$99838.0000"
2019-06-28 14:29:00.000000000,QUERY_SPREAD,85
2019-06-28 14:29:00.000000000,BEST_BID,"JPM,99838,231"
2019-06-28 14:29:00.000000000,BEST_ASK,"JPM,99990,286"
2019-06-28 14:29:00.000000000,LAST_TRADE,"5,$99838.0000"
2019-06-28 14:29:00.000000000,QUERY_SPREAD,86
2019-06-28 14:29:00.000000000,BEST_BID,"JPM,99838,229"
2019-06-28 14:29:00.000000000,BEST_ASK,"JPM,99990,286"
2019-06-28 14:29:00.000000000,LAST_TRADE,"2,$99838.0000"
2019-06-28 14:29:00.000000000,QUERY_SPREAD,87
2019-06-28 14:29:00.000000000,BEST_BID,"JPM,99838,222"
2019-06-28 14:29:00.000000000,BEST_ASK,"JPM,99990,286"
2019-06-28 14:29:00.000000000,LAST_TRADE,"7,$99838.0000"
2019-06-28 14:29:00.000000000,QUERY_SPREAD,88
2019-06-28 14:29:00.000000000,BEST_BID,"JPM,99838,214"
2019-06-28 14:29:00.000000000,BEST_ASK,"JPM,99990,286"
2019-06-28 14:29:00.000000000,LAST_TRADE,"8,$99838.0000"
2019-06-28 14:29:00.000000000,QUERY_SPREAD,89
2019-06-28 14:29:00.000000000,BEST_BID,"JPM,99838,209"
2019-06-28 14:29:00.000000000,BEST_ASK,"JPM,99990,286"
2019-06-28 14:29:00.000000000,LAST_TRADE,"5,$99838.0000"
2019-06-28 14:29:00.000000000,QUERY_SPREAD,90
2019-06-28 14:29:00.000000000,BEST_BID,"JPM,99838,205"
2019-06-28 14:29:00.000000000,BEST_ASK,"JPM,99990,286"
2019-06-28 14:29:00.000000000,LAST_TRADE,"4,$99838.0000"
2019-06-28 14:29:00.000000000,QUERY_SPREAD,91
2019-06-28 14:29:00.000000000,BEST_BID,"JPM,99838,202"
2019-06-28 14:29:00.000000000,BEST_ASK,"JPM,99990,286"
2019-06-28 14:29:00.000000000,LAST_TRADE,"3,$99838.0000"
2019-06-28 14:29:00.000000000,QUERY_SPREAD,92
2019-06-28 14:29:00.000000000,BEST_BID,"JPM,99838,197"
2019-06-28 14:29:00.000000000,BEST_ASK,"JPM,99990,286"
2019-06-28 14:29:00.000000000,LAST_TRADE,"5,$99838.0000"
2019-06-28 14:29:00.000000000,QUERY_SPREAD,93
2019-06-28 14:29:00.000000000,BEST_BID,"JPM,99838,190"
2019-06-28 14:29:00.000000000,BEST_ASK,"JPM,99990,286"
2019-06-28 14:29:00.000000000,LAST_TRADE,"7,$99838.0000"
2019-06-28 14:29:00.000000000,QUERY_SPREAD,94
2019-06-28 14:29:00.000000000,BEST_BID,"JPM,99838,189"
2019-06-28 14:29:00.000000000,BEST_ASK,"JPM,99990,286"
2019-06-28 14:29:00.000000000,LAST_TRADE,"1,$99838.0000"
2019-06-28 14:29:00.000000000,QUERY_SPREAD,95
2019-06-28 14:29:00.000000000,BEST_BID,"JPM,99838,188"
2019-06-28 14:29:00.000000000,BEST_ASK,"JPM,99990,286"
2019-06-28 14:29:00.000000000,LAST_TRADE,"1,$99838.0000"
2019-06-28 14:29:00.000000000,QUERY_SPREAD,96
2019-06-28 14:29:00.000000000,BEST_BID,"JPM,99838,184"
2019-06-28 14:29:00.000000000,BEST_ASK,"JPM,99990,286"
2019-06-28 14:29:00.000000000,LAST_TRADE,"4,$99838.0000"
2019-06-28 14:29:00.000000000,QUERY_SPREAD,97
2019-06-28 14:29:00.000000000,BEST_BID,"JPM,99838,181"
2019-06-28 14:29:00.000000000,BEST_ASK,"JPM,99990,286"
2019-06-28 14:29:00.000000000,LAST_TRADE,"3,$99838.0000"
2019-06-28 14:29:00.000000000,QUERY_SPREAD,98
2019-06-28 14:29:00.000000000,BEST_BID,"JPM,99838,176"
2019-06-28 14:29:00.000000000,BEST_ASK,"JPM,99990,286"
2019-06-28 14:29:00.000000000,LAST_TRADE,"5,$99838.0000"
2019-06-28 14:29:00.000000000,QUERY_SPREAD,99
2019-06-28 14:29:00.000000000,BEST_BID,"JPM,99838,172"
2019-06-28 14:29:00.000000000,BEST_ASK,"JPM,99990,286"
2019-06-28 14:29:00.000000000,LAST_TRADE,"4,$99838.0000"
2019-06-28 14:29:00.000000000,QUERY_SPREAD,100
2019-06-28 14:29:00.000000000,BEST_BID,"JPM,99838,167"
2019-06-28 14:29:00.000000000,BEST_ASK,"JPM,99990,286"
2019-06-28 14:29:00.000000000,LAST_TRADE,"5,$99838.0000"
2019-06-28 14:29:00.000000000,QUERY_SPREAD,101
2019-06-28 14:29:00.000000000,BEST_BID,"JPM,99838,166"
2019-06-28 14:29:00.000000000,BEST_ASK,"JPM,99990,286"
2019-06-28 14:29:00.000000000,LAST_TRADE,"1,$99838.0000"
2019-06-28 14:29:09.788208817,QUERY_SPREAD,38
2019-06-28 14:29:09.788208817,BEST_BID,"JPM,99838,166"
2019-06-28 14:29:09.788208817,BEST_ASK,"JPM,99990,186"
2019-06-28 14:29:09.788208817,LAST_TRADE,"100,$99990.0000"
2019-06-28 14:29:10.000000000,QUERY_SPREAD,1
2019-06-28 14:29:12.090833263,QUERY_ORDER_STREAM,75
2019-06-28 14:29:12.090833263,QUERY_SPREAD,75
2019-06-28 14:29:12.090833263,BEST_BID,"JPM,99838,100"
2019-06-28 14:29:12.090833263,BEST_ASK,"JPM,100049,100"
2019-06-28 14:29:20.000000000,QUERY_SPREAD,1
2019-06-28 14:29:20.000000000,BEST_BID,"JPM,99838,174"
2019-06-28 14:29:20.000000000,BEST_ASK,"JPM,100049,100"
2019-06-28 14:29:20.000000000,BEST_BID,"JPM,99838,174"
2019-06-28 14:29:20.000000000,BEST_ASK,"JPM,100049,100"
2019-06-28 14:29:20.000000000,BEST_BID,"JPM,99838,174"
2019-06-28 14:29:20.000000000,BEST_ASK,"JPM,100049,174"
2019-06-28 14:29:20.000000000,BEST_BID,"JPM,99838,174"
2019-06-28 14:29:20.000000000,BEST_ASK,"JPM,100049,174"
2019-06-28 14:29:20.000000000,BEST_BID,"JPM,99838,174"
2019-06-28 14:29:20.000000000,BEST_ASK,"JPM,100049,174"
2019-06-28 14:29:20.000000000,BEST_BID,"JPM,99838,174"
2019-06-28 14:29:20.000000000,BEST_ASK,"JPM,100049,174"
2019-06-28 14:29:20.000000000,BEST_BID,"JPM,99838,174"
2019-06-28 14:29:20.000000000,BEST_ASK,"JPM,100049,174"
2019-06-28 14:29:29.229209590,QUERY_SPREAD,48
2019-06-28 14:29:29.229209590,BEST_BID,"JPM,99838,174"
2019-06-28 14:29:29.229209590,BEST_ASK,"JPM,100049,174"
2019-06-28 14:29:30.000000000,QUERY_SPREAD,1
2019-06-28 14:29:30.000000000,BEST_BID,"JPM,99838,174"
2019-06-28 14:29:30.000000000,BEST_ASK,"JPM,100049,100"
2019-06-28 14:29:30.000000000,BEST_BID,"JPM,99838,174"
2019-06-28 14:29:30.000000000,BEST_ASK,"JPM,100049,100"
2019-06-28 14:29:30.000000000,BEST_BID,"JPM,99838,174"
2019-06-28 14:29:30.000000000,BEST_ASK,"JPM,100049,174"
2019-06-28 14:29:30.000000000,BEST_BID,"JPM,99838,174"
2019-06-28 14:29:30.000000000,BEST_ASK,"JPM,100049,174"
2019-06-28 14:29:30.000000000,BEST_BID,"JPM,99838,174"
2019-06-28 14:29:30.000000000,BEST_ASK,"JPM,100049,174"
2019-06-28 14:29:30.000000000,BEST_BID,"JPM,99838,174"
2019-06-28 14:29:30.000000000,BEST_ASK,"JPM,100049,174"
2019-06-28 14:29:30.000000000,BEST_BID,"JPM,99838,174"
2019-06-28 14:29:30.000000000,BEST_ASK,"JPM,100049,174"
2019-06-28 14:29:36.665259783,QUERY_SPREAD,34
2019-06-28 14:29:36.665259783,BEST_BID,"JPM,99838,174"
2019-06-28 14:29:36.665259783,BEST_ASK,"JPM,100049,74"
2019-06-28 14:29:36.665259783,LAST_TRADE,"100,$100049.0000"
2019-06-28 14:29:37.021503975,QUERY_SPREAD,3
2019-06-28 14:29:37.021503975,BEST_BID,"JPM,99838,174"
2019-06-28 14:29:37.021503975,BEST_ASK,"JPM,100049,74"
2019-06-28 14:29:40.000000000,QUERY_SPREAD,1
2019-06-28 14:29:40.000000000,BEST_BID,"JPM,99838,286"
2019-06-28 14:29:40.000000000,BEST_ASK,"JPM,100125,100"
2019-06-28 14:29:40.000000000,BEST_BID,"JPM,99838,286"
2019-06-28 14:29:40.000000000,BEST_ASK,"JPM,100125,100"
2019-06-28 14:29:40.000000000,BEST_BID,"JPM,99838,286"
2019-06-28 14:29:40.000000000,BEST_ASK,"JPM,100125,286"
2019-06-28 14:29:40.000000000,BEST_BID,"JPM,99838,286"
2019-06-28 14:29:40.000000000,BEST_ASK,"JPM,100125,286"
2019-06-28 14:29:41.145217758,QUERY_ORDER_STREAM,68
2019-06-28 14:29:41.145217758,QUERY_SPREAD,68
2019-06-28 14:29:41.145217758,BEST_BID,"JPM,99990,100"
2019-06-28 14:29:41.145217758,BEST_ASK,"JPM,100125,286"
2019-06-28 14:29:50.000000000,QUERY_SPREAD,1
2019-06-28 14:29:50.000000000,BEST_BID,"JPM,99990,471"
2019-06-28 14:29:50.000000000,BEST_ASK,"JPM,100125,100"
2019-06-28 14:29:50.000000000,BEST_BID,"JPM,99990,471"
2019-06-28 14:29:50.000000000,BEST_ASK,"JPM,100125,471"
2019-06-28 14:30:00.000000000,QUERY_SPREAD,1
2019-06-28 14:30:00.000000000,BEST_BID,"JPM,99990,286"
2019-06-28 14:30:00.000000000,BEST_ASK,"JPM,100125,100"
2019-06-28 14:30:00.000000000,BEST_BID,"JPM,99990,286"
2019-06-28 14:30:00.000000000,BEST_ASK,"JPM,100125,100"
2019-06-28 14:30:00.000000000,BEST_BID,"JPM,99990,286"
2019-06-28 14:30:00.000000000,BEST_ASK,"JPM,100125,286"
2019-06-28 14:30:00.000000000,BEST_BID,"JPM,99990,286"
2019-06-28 14:30:00.000000000,BEST_ASK,"JPM,100125,286"
2019-06-28 14:30:00.000000000,QUERY_SPREAD,77
2019-06-28 14:30:00.000000000,BEST_BID,"JPM,99990,286"
2019-06-28 14:30:00.000000000,BEST_ASK,"JPM,100125,281"
2019-06-28 14:30:00.000000000,LAST_TRADE,"5,$100125.0000"
2019-06-28 14:30:00.000000000,QUERY_SPREAD,78
2019-06-28 14:30:00.000000000,BEST_BID,"JPM,99990,286"
2019-06-28 14:30:00.000000000,BEST_ASK,"JPM,100125,273"
2019-06-28 14:30:00.000000000,LAST_TRADE,"8,$100125.0000"
2019-06-28 14:30:00.000000000,QUERY_SPREAD,79
2019-06-28 14:30:00.000000000,BEST_BID,"JPM,99990,286"
2019-06-28 14:30:00.000000000,BEST_ASK,"JPM,100125,268"
2019-06-28 14:30:00.000000000,LAST_TRADE,"5,$100125.0000"
2019-06-28 14:30:00.000000000,QUERY_SPREAD,80
2019-06-28 14:30:00.000000000,BEST_BID,"JPM,99990,286"
2019-06-28 14:30:00.000000000,BEST_ASK,"JPM,100125,260"
2019-06-28 14:30:00.000000000,LAST_TRADE,"8,$100125.0000"
2019-06-28 14:30:00.000000000,QUERY_SPREAD,81
2019-06-28 14:30:00.000000000,BEST_BID,"JPM,99990,286"
2019-06-28 14:30:00.000000000,BEST_ASK,"JPM,100125,251"
2019-06-28 14:30:00.000000000,LAST_TRADE,"9,$100125.0000"
2019-06-28 14:30:00.000000000,QUERY_SPREAD,82
2019-06-28 14:30:00.000000000,BEST_BID,"JPM,99990,286"
2019-06-28 14:30:00.000000000,BEST_ASK,"JPM,100125,248"
2019-06-28 14:30:00.000000000,LAST_TRADE,"3,$100125.0000"
2019-06-28 14:30:00.000000000,QUERY_SPREAD,83
2019-06-28 14:30:00.000000000,BEST_BID,"JPM,99990,286"
2019-06-28 14:30:00.000000000,BEST_ASK,"JPM,100125,240"
2019-06-28 14:30:00.000000000,LAST_TRADE,"8,$100125.0000"
2019-06-28 14:30:00.000000000,QUERY_SPREAD,84
2019-06-28 14:30:00.000000000,BEST_BID,"JPM,99990,286"
2019-06-28 14:30:00.000000000,BEST_ASK,"JPM,100125,236"
2019-06-28 14:30:00.000000000,LAST_TRADE,"4,$100125.0000"
2019-06-28 14:30:00.000000000,QUERY_SPREAD,85
2019-06-28 14:30:00.000000000,BEST_BID,"JPM,99990,286"
2019-06-28 14:30:00.000000000,BEST_ASK,"JPM,100125,231"
2019-06-28 14:30:00.000000000,LAST_TRADE,"5,$100125.0000"
2019-06-28 14:30:00.000000000,QUERY_SPREAD,86
2019-06-28 14:30:00.000000000,BEST_BID,"JPM,99990,286"
2019-06-28 14:30:00.000000000,BEST_ASK,"JPM,100125,229"
2019-06-28 14:30:00.000000000,LAST_TRADE,"2,$100125.0000"
2019-06-28 14:30:00.000000000,QUERY_SPREAD,87
2019-06-28 14:30:00.000000000,BEST_BID,"JPM,99990,286"
2019-06-28 14:30:00.000000000,BEST_ASK,"JPM,100125,222"
2019-06-28 14:30:00.000000000,LAST_TRADE,"7,$100125.0000"
2019-06-28 14:30:00.000000000,QUERY_SPREAD,88
2019-06-28 14:30:00.000000000,BEST_BID,"JPM,99990,286"
2019-06-28 14:30:00.000000000,BEST_ASK,"JPM,100125,214"
2019-06-28 14:30:00.000000000,LAST_TRADE,"8,$100125.0000"
2019-06-28 14:30:00.000000000,QUERY_SPREAD,89
2019-06-28 14:30:00.000000000,BEST_BID,"JPM,99990,286"
2019-06-28 14:30:00.000000000,BEST_ASK,"JPM,100125,209"
2019-06-28 14:30:00.000000000,LAST_TRADE,"5,$100125.0000"
2019-06-28 14:30:00.000000000,QUERY_SPREAD,90
2019-06-28 14:30:00.000000000,BEST_BID,"JPM,99990,286"
2019-06-28 14:30:00.000000000,BEST_ASK,"JPM,100125,205"
2019-06-28 14:30:00.000000000,LAST_TRADE,"4,$100125.0000"
2019-06-28 14:30:00.000000000,QUERY_SPREAD,91
2019-06-28 14:30:00.000000000,BEST_BID,"JPM,99990,286"
2019-06-28 14:30:00.000000000,BEST_ASK,"JPM,100125,202"
2019-06-28 14:30:00.000000000,LAST_TRADE,"3,$100125.0000"
2019-06-28 14:30:00.000000000,QUERY_SPREAD,92
2019-06-28 14:30:00.000000000,BEST_BID,"JPM,99990,286"
2019-06-28 14:30:00.000000000,BEST_ASK,"JPM,100125,197"
2019-06-28 14:30:00.000000000,LAST_TRADE,"5,$100125.0000"
2019-06-28 14:30:00.000000000,QUERY_SPREAD,93
2019-06-28 14:30:00.000000000,BEST_BID,"JPM,99990,286"
2019-06-28 14:30:00.000000000,BEST_ASK,"JPM,100125,190"
2019-06-28 14:30:00.000000000,LAST_TRADE,"7,$100125.0000"
2019-06-28 14:30:00.000000000,QUERY_SPREAD,94
2019-06-28 14:30:00.000000000,BEST_BID,"JPM,99990,286"
2019-06-28 14:30:00.000000000,BEST_ASK,"JPM,100125,189"
2019-06-28 14:30:00.000000000,LAST_TRADE,"1,$100125.0000"
2019-06-28 14:30:00.000000000,QUERY_SPREAD,95
2019-06-28 14:30:00.000000000,BEST_BID,"JPM,99990,286"
2019-06-28 14:30:00.000000000,BEST_ASK,"JPM,100125,188"
2019-06-28 14:30:00.000000000,LAST_TRADE,"1,$100125.0000"
2019-06-28 14:30:00.000000000,QUERY_SPREAD,96
2019-06-28 14:30:00.000000000,BEST_BID,"JPM,99990,286"
2019-06-28 14:30:00.000000000,BEST_ASK,"JPM,100125,184"
2019-06-28 14:30:00.000000000,LAST_TRADE,"4,$100125.0000"
2019-06-28 14:30:00.000000000,QUERY_SPREAD,97
2019-06-28 14:30:00.000000000,BEST_BID,"JPM,99990,286"
2019-06-28 14:30:00.000000000,BEST_ASK,"JPM,100125,181"
2019-06-28 14:30:00.000000000,LAST_TRADE,"3,$100125.0000"
2019-06-28 14:30:00.000000000,QUERY_SPREAD,98
2019-06-28 14:30:00.000000000,BEST_BID,"JPM,99990,286"
2019-06-28 14:30:00.000000000,BEST_ASK,"JPM,100125,176"
2019-06-28 14:30:00.000000000,LAST_TRADE,"5,$100125.0000"
2019-06-28 14:30:00.000000000,QUERY_SPREAD,99
2019-06-28 14:30:00.000000000,BEST_BID,"JPM,99990,286"
2019-06-28 14:30:00.000000000,BEST_ASK,"JPM,100125,172"
2019-06-28 14:30:00.000000000,LAST_TRADE,"4,$100125.0000"
2019-06-28 14:30:00.000000000,QUERY_SPREAD,100
2019-06-28 14:30:00.000000000,BEST_BID,"JPM,99990,286"
2019-06-28 14:30:00.000000000,BEST_ASK,"JPM,100125,167"
2019-06-28 14:30:00.000000000,LAST_TRADE,"5,$100125.0000"
2019-06-28 14:30:00.000000000,QUERY_SPREAD,101
2019-06-28 14:30:00.000000000,BEST_BID,"JPM,99990,285"
2019-06-28 14:30:00.000000000,BEST_ASK,"JPM,100125,167"
2019-06-28 14:30:00.000000000,LAST_TRADE,"1,$99990.0000"
2019-06-28 14:30:03.367316353,QUERY_SPREAD,16
2019-06-28 14:30:03.367316353,BEST_BID,"JPM,99990,285"
2019-06-28 14:30:03.367316353,BEST_ASK,"JPM,100125,167"
2019-06-28 14:30:10.000000000,QUERY_SPREAD,1
2019-06-28 14:30:10.000000000,BEST_BID,"JPM,99990,225"
2019-06-28 14:30:10.000000000,BEST_ASK,"JPM,100136,100"
2019-06-28 14:30:10.000000000,BEST_BID,"JPM,99990,225"
2019-06-28 14:30:10.000000000,BEST_ASK,"JPM,100136,100"
2019-06-28 14:30:10.000000000,BEST_BID,"JPM,99990,225"
2019-06-28 14:30:10.000000000,BEST_ASK,"JPM,100136,100"
2019-06-28 14:30:10.000000000,BEST_BID,"JPM,99990,225"
2019-06-28 14:30:10.000000000,BEST_ASK,"JPM,100136,226"
2019-06-28 14:30:10.000000000,BEST_BID,"JPM,99990,225"
2019-06-28 14:30:10.000000000,BEST_ASK,"JPM,100136,226"
2019-06-28 14:30:10.000000000,BEST_BID,"JPM,99990,225"
2019-06-28 14:30:10.000000000,BEST_ASK,"JPM,100136,226"
2019-06-28 14:30:13.896862921,QUERY_SPREAD,6
2019-06-28 14:30:13.896862921,BEST_BID,"JPM,99990,225"
2019-06-28 14:30:13.896862921,BEST_ASK,"JPM,100136,226"
2019-06-28 14:30:16.351034774,QUERY_SPREAD,34
2019-06-28 14:30:16.351034774,BEST_BID,"JPM,99990,225"
2019-06-28 14:30:16.351034774,BEST_ASK,"JPM,100136,126"
2019-06-28 14:30:16.351034774,LAST_TRADE,"100,$100136.0000"
2019-06-28 14:30:20.000000000,QUERY_SPREAD,1
2019-06-28 14:30:20.000000000,BEST_BID,"JPM,99990,173"
2019-06-28 14:30:20.000000000,BEST_ASK,"JPM,100194,100"
2019-06-28 14:30:20.000000000,BEST_BID,"JPM,99990,173"
2019-06-28 14:30:20.000000000,BEST_ASK,"JPM,100194,100"
2019-06-28 14:30:20.000000000,BEST_BID,"JPM,99990,173"
2019-06-28 14:30:20.000000000,BEST_ASK,"JPM,100194,100"
2019-06-28 14:30:20.000000000,BEST_BID,"JPM,99990,173"
2019-06-28 14:30:20.000000000,BEST_ASK,"JPM,100194,174"
2019-06-28 14:30:20.000000000,BEST_BID,"JPM,99990,173"
2019-06-28 14:30:20.000000000,BEST_ASK,"JPM,100194,174"
2019-06-28 14:30:20.000000000,BEST_BID,"JPM,99990,173"
2019-06-28 14:30:20.000000000,BEST_ASK,"JPM,100194,174"
2019-06-28 14:30:20.000000000,BEST_BID,"JPM,99990,173"
2019-06-28 14:30:20.000000000,BEST_ASK,"JPM,100194,174"
2019-06-28 14:30:20.000000000,BEST_BID,"JPM,99990,173"
2019-06-28 14:30:20.000000000,BEST_ASK,"JPM,100194,174"
2019-06-28 14:30:28.517547845,QUERY_ORDER_STREAM,75
2019-06-28 14:30:28.517547845,QUERY_SPREAD,75
2019-06-28 14:30:28.517547845,BEST_BID,"JPM,99991,100"
2019-06-28 14:30:28.517547845,BEST_ASK,"JPM,100194,174"
2019-06-28 14:30:30.000000000,QUERY_SPREAD,1
2019-06-28 14:30:30.000000000,BEST_BID,"JPM,99991,471"
2019-06-28 14:30:30.000000000,BEST_ASK,"JPM,100194,100"
2019-06-28 14:30:30.000000000,BEST_BID,"JPM,99991,471"
2019-06-28 14:30:30.000000000,BEST_ASK,"JPM,100194,471"
2019-06-28 14:30:40.000000000,QUERY_SPREAD,1
2019-06-28 14:30:40.000000000,BEST_BID,"JPM,99991,286"
2019-06-28 14:30:40.000000000,BEST_ASK,"JPM,100194,100"
2019-06-28 14:30:40.000000000,BEST_BID,"JPM,99991,286"
2019-06-28 14:30:40.000000000,BEST_ASK,"JPM,100194,100"
2019-06-28 14:30:40.000000000,BEST_BID,"JPM,99991,286"
2019-06-28 14:30:40.000000000,BEST_ASK,"JPM,100194,286"
2019-06-28 14:30:40.000000000,BEST_BID,"JPM,99991,286"
2019-06-28 14:30:40.000000000,BEST_ASK,"JPM,100194,286"
2019-06-28 14:30:50.000000000,QUERY_SPREAD,1
2019-06-28 14:30:50.000000000,BEST_BID,"JPM,99991,174"
2019-06-28 14:30:50.000000000,BEST_ASK,"JPM,100194,100"
2019-06-28 14:30:50.000000000,BEST_BID,"JPM,99991,174"
2019-06-28 14:30:50.000000000,BEST_ASK,"JPM,100194,100"
2019-06-28 14:30:50.000000000,BEST_BID,"JPM,99991,174"
2019-06-28 14:30:50.000000000,BEST_ASK,"JPM,100194,100"
2019-06-28 14:30:50.000000000,BEST_BID,"JPM,99991,174"
2019-06-28 14:30:50.000000000,BEST_ASK,"JPM,100194,174"
2019-06-28 14:30:50.000000000,BEST_BID,"JPM,99991,174"
2019-06-28 14:30:50.000000000,BEST_ASK,"JPM,100194,174"
2019-06-28 14:30:50.000000000,BEST_BID,"JPM,99991,174"
2019-06-28 14:30:50.000000000,BEST_ASK,"JPM,100194,174"
2019-06-28 14:30:50.000000000,BEST_BID,"JPM,99991,174"
2019-06-28 14:30:50.000000000,BEST_ASK,"JPM,100194,174"
2019-06-28 14:30:50.000000000,BEST_BID,"JPM,99991,174"
2019-06-28 14:30:50.000000000,BEST_ASK,"JPM,100194,174"
2019-06-28 14:30:55.815642586,QUERY_SPREAD,28
2019-06-28 14:30:55.815642586,BEST_BID,"JPM,99991,174"
2019-06-28 14:30:55.815642586,BEST_ASK,"JPM,100194,74"
2019-06-28 14:30:55.815642586,LAST_TRADE,"100,$100194.0000"
2019-06-28 14:31:00.000000000,QUERY_SPREAD,1
2019-06-28 14:31:00.000000000,BEST_BID,"JPM,99991,193"
2019-06-28 14:31:00.000000000,BEST_ASK,"JPM,100245,100"
2019-06-28 14:31:00.000000000,BEST_BID,"JPM,99991,193"
2019-06-28 14:31:00.000000000,BEST_ASK,"JPM,100245,100"
2019-06-28 14:31:00.000000000,BEST_BID,"JPM,99991,193"
2019-06-28 14:31:00.000000000,BEST_ASK,"JPM,100245,100"
2019-06-28 14:31:00.000000000,BEST_BID,"JPM,99991,193"
2019-06-28 14:31:00.000000000,BEST_ASK,"JPM,100245,193"
2019-06-28 14:31:00.000000000,BEST_BID,"JPM,99991,193"
2019-06-28 14:31:00.000000000,BEST_ASK,"JPM,100245,193"
2019-06-28 14:31:00.000000000,BEST_BID,"JPM,99991,193"
2019-06-28 14:31:00.000000000,BEST_ASK,"JPM,100245,193"
2019-06-28 14:31:00.000000000,BEST_BID,"JPM,99991,193"
2019-06-28 14:31:00.000000000,BEST_ASK,"JPM,100245,193"
2019-06-28 14:31:00.000000000,QUERY_SPREAD,77
2019-06-28 14:31:00.000000000,BEST_BID,"JPM,99991,193"
2019-06-28 14:31:00.000000000,BEST_ASK,"JPM,100245,188"
2019-06-28 14:31:00.000000000,LAST_TRADE,"5,$100245.0000"
2019-06-28 14:31:00.000000000,QUERY_SPREAD,78
2019-06-28 14:31:00.000000000,BEST_BID,"JPM,99991,193"
2019-06-28 14:31:00.000000000,BEST_ASK,"JPM,100245,180"
2019-06-28 14:31:00.000000000,LAST_TRADE,"8,$100245.0000"
2019-06-28 14:31:00.000000000,QUERY_SPREAD,79
2019-06-28 14:31:00.000000000,BEST_BID,"JPM,99991,193"
2019-06-28 14:31:00.000000000,BEST_ASK,"JPM,100245,175"
2019-06-28 14:31:00.000000000,LAST_TRADE,"5,$100245.0000"
2019-06-28 14:31:00.000000000,QUERY_SPREAD,80
2019-06-28 14:31:00.000000000,BEST_BID,"JPM,99991,193"
2019-06-28 14:31:00.000000000,BEST_ASK,"JPM,100245,167"
2019-06-28 14:31:00.000000000,LAST_TRADE,"8,$100245.0000"
2019-06-28 14:31:00.000000000,QUERY_SPREAD,81
2019-06-28 14:31:00.000000000,BEST_BID,"JPM,99991,193"
2019-06-28 14:31:00.000000000,BEST_ASK,"JPM,100245,158"
2019-06-28 14:31:00.000000000,LAST_TRADE,"9,$100245.0000"
2019-06-28 14:31:00.000000000,QUERY_SPREAD,82
2019-06-28 14:31:00.000000000,BEST_BID,"JPM,99991,193"
2019-06-28 14:31:00.000000000,BEST_ASK,"JPM,100245,155"
2019-06-28 14:31:00.000000000,LAST_TRADE,"3,$100245.0000"
2019-06-28 14:31:00.000000000,QUERY_SPREAD,83
2019-06-28 14:31:00.000000000,BEST_BID,"JPM,99991,193"
2019-06-28 14:31:00.000000000,BEST_ASK,"JPM,100245,147"
2019-06-28 14:31:00.000000000,LAST_TRADE,"8,$100245.0000"
2019-06-28 14:31:00.000000000,QUERY_SPREAD,84
2019-06-28 14:31:00.000000000,BEST_BID,"JPM,99991,193"
2019-06-28 14:31:00.000000000,BEST_ASK,"JPM,100245,143"
2019-06-28 14:31:00.000000000,LAST_TRADE,"4,$100245.0000"
2019-06-28 14:31:00.000000000,QUERY_SPREAD,85
2019-06-28 14:31:00.000000000,BEST_BID,"JPM,99991,193"
2019-06-28 14:31:00.000000000,BEST_ASK,"JPM,100245,138"
2019-06-28 14:31:00.000000000,LAST_TRADE,"5,$100245.0000"
2019-06-28 14:31:00.000000000,QUERY_SPREAD,86
2019-06-28 14:31:00.000000000,BEST_BID,"JPM,99991,193"
2019-06-28 14:31:00.000000000,BEST_ASK,"JPM,100245,136"
2019-06-28 14:31:00.000000000,LAST_TRADE,"2,$100245.0000"
2019-06-28 14:31:00.000000000,QUERY_SPREAD,87
2019-06-28 14:31:00.000000000,BEST_BID,"JPM,99991,193"
2019-06-28 14:31:00.000000000,BEST_ASK,"JPM,100245,129"
2019-06-28 14:31:00.000000000,LAST_TRADE,"7,$100245.0000"
2019-06-28 14:31:00.000000000,QUERY_SPREAD,88
2019-06-28 14:31:00.000000000,BEST_BID,"JPM,99991,193"
2019-06-28 14:31:00.000000000,BEST_ASK,"JPM,100245,121"
2019-06-28 14:31:00.000000000,LAST_TRADE,"8,$100245.0000"
2019-06-28 14:31:00.000000000,QUERY_SPREAD,89
2019-06-28 14:31:00.000000000,BEST_BID,"JPM,99991,193"
2019-06-28 14:31:00.000000000,BEST_ASK,"JPM,100245,116"
2019-06-28 14:31:00.000000000,LAST_TRADE,"5,$100245.0000"
2019-06-28 14:31:00.000000000,QUERY_SPREAD,90
2019-06-28 14:31:00.000000000,BEST_BID,"JPM,99991,193"
2019-06-28 14:31:00.000000000,BEST_ASK,"JPM,100245,112"
2019-06-28 14:31:00.000000000,LAST_TRADE,"4,$100245.0000"
2019-06-28 14:31:00.000000000,QUERY_SPREAD,91
2019-06-28 14:31:00.000000000,BEST_BID,"JPM,99991,193"
2019-06-28 14:31:00.000000000,BEST_ASK,"JPM,100245,109"
2019-06-28 14:31:00.000000000,LAST_TRADE,"3,$100245.0000"
2019-06-28 14:31:00.000000000,QUERY_SPREAD,92
2019-06-28 14:31:00.000000000,BEST_BID,"JPM,99991,193"
2019-06-28 14:31:00.000000000,BEST_ASK,"JPM,100245,104"
2019-06-28 14:31:00.000000000,LAST_TRADE,"5,$100245.0000"
2019-06-28 14:31:00.000000000,QUERY_SPREAD,93
2019-06-28 14:31:00.000000000,BEST_BID,"JPM,99991,193"
2019-06-28 14:31:00.000000000,BEST_ASK,"JPM,100245,97"
2019-06-28 14:31:00.000000000,LAST_TRADE,"7,$100245.0000"
2019-06-28 14:31:00.000000000,QUERY_SPREAD,94
2019-06-28 14:31:00.000000000,BEST_BID,"JPM,99991,193"
2019-06-28 14:31:00.000000000,BEST_ASK,"JPM,100245,96"
2019-06-28 14:31:00.000000000,LAST_TRADE,"1,$100245.0000"
2019-06-28 14:31:00.000000000,QUERY_SPREAD,95
2019-06-28 14:31:00.000000000,BEST_BID,"JPM,99991,193"
2019-06-28 14:31:00.000000000,BEST_ASK,"JPM,100245,95"
2019-06-28 14:31:00.000000000,LAST_TRADE,"1,$100245.0000"
2019-06-28 14:31:00.000000000,QUERY_SPREAD,96
2019-06-28 14:31:00.000000000,BEST_BID,"JPM,99991,193"
2019-06-28 14:31:00.000000000,BEST_ASK,"JPM,100245,91"
2019-06-28 14:31:00.000000000,LAST_TRADE,"4,$100245.0000"
2019-06-28 14:31:00.000000000,QUERY_SPREAD,97
2019-06-28 14:31:00.000000000,BEST_BID,"JPM,99991,193"
2019-06-28 14:31:00.000000000,BEST_ASK,"JPM,100245,88"
2019-06-28 14:31:00.000000000,LAST_TRADE,"3,$100245.0000"
2019-06-28 14:31:00.000000000,QUERY_SPREAD,98
2019-06-28 14:31:00.000000000,BEST_BID,"JPM,99991,193"
2019-06-28 14:31:00.000000000,BEST_ASK,"JPM,100245,83"
2019-06-28 14:31:00.000000000,LAST_TRADE,"5,$100245.0000"
2019-06-28 14:31:00.000000000,QUERY_SPREAD,99
2019-06-28 14:31:00.000000000,BEST_BID,"JPM,99991,193"
2019-06-28 14:31:00.000000000,BEST_ASK,"JPM,100245,79"
2019-06-28 14:31:00.000000000,LAST_TRADE,"4,$100245.0000"
2019-06-28 14:31:00.000000000,QUERY_SPREAD,100
2019-06-28 14:31:00.000000000,BEST_BID,"JPM,99991,193"
2019-06-28 14:31:00.000000000,BEST_ASK,"JPM,100245,74"
2019-06-28 14:31:00.000000000,LAST_TRADE,"5,$100245.0000"
2019-06-28 14:31:00.000000000,QUERY_SPREAD,101
2019-06-28 14:31:00.000000000,BEST_BID,"JPM,99991,192"
2019-06-28 14:31:00.000000000,BEST_ASK,"JPM,100245,74"
2019-06-28 14:31:00.000000000,LAST_TRADE,"1,$99991.0000"
2019-06-28 14:31:05.248087893,QUERY_ORDER_STREAM,52
2019-06-28 14:31:05.248087893,QUERY_SPREAD,52
2019-06-28 14:31:10.000000000,QUERY_SPREAD,1
2019-06-28 14:31:10.000000000,BEST_BID,"JPM,99991,173"
2019-06-28 14:31:10.000000000,BEST_ASK,"JPM,100248,100"
2019-06-28 14:31:10.000000000,BEST_BID,"JPM,99991,173"
2019-06-28 14:31:10.000000000,BEST_ASK,"JPM,100248,100"
2019-06-28 14:31:10.000000000,BEST_BID,"JPM,99991,173"
2019-06-28 14:31:10.000000000,BEST_ASK,"JPM,100248,100"
2019-06-28 14:31:10.000000000,BEST_BID,"JPM,99991,173"
2019-06-28 14:31:10.000000000,BEST_ASK,"JPM,100248,174"
2019-06-28 14:31:10.000000000,BEST_BID,"JPM,99991,173"
2019-06-28 14:31:10.000000000,BEST_ASK,"JPM,100248,174"
2019-06-28 14:31:10.000000000,BEST_BID,"JPM,99991,173"
2019-06-28 14:31:10.000000000,BEST_ASK,"JPM,100248,174"
2019-06-28 14:31:10.000000000,BEST_BID,"JPM,99991,173"
2019-06-28 14:31:10.000000000,BEST_ASK,"JPM,100248,174"
2019-06-28 14:31:10.000000000,BEST_BID,"JPM,99991,173"
2019-06-28 14:31:10.000000000,BEST_ASK,"JPM,100248,174"
2019-06-28 14:31:10.428273526,QUERY_ORDER_STREAM,53
2019-06-28 14:31:10.428273526,QUERY_SPREAD,53
2019-06-28 14:31:10.428273526,BEST_BID,"JPM,99991,273"
2019-06-28 14:31:10.428273526,BEST_ASK,"JPM,100248,174"
2019-06-28 14:31:20.000000000,QUERY_SPREAD,1
2019-06-28 14:31:20.000000000,BEST_BID,"JPM,99991,273"
2019-06-28 14:31:20.000000000,BEST_ASK,"JPM,100248,100"
2019-06-28 14:31:20.000000000,BEST_BID,"JPM,99991,273"
2019-06-28 14:31:20.000000000,BEST_ASK,"JPM,100248,100"
2019-06-28 14:31:20.000000000,BEST_BID,"JPM,99991,273"
2019-06-28 14:31:20.000000000,BEST_ASK,"JPM,100248,100"
2019-06-28 14:31:20.000000000,BEST_BID,"JPM,99991,273"
2019-06-28 14:31:20.000000000,BEST_ASK,"JPM,100248,174"
2019-06-28 14:31:20.000000000,BEST_BID,"JPM,99991,273"
2019-06-28 14:31:20.000000000,BEST_ASK,"JPM,100248,174"
2019-06-28 14:31:20.000000000,BEST_BID,"JPM,99991,273"
2019-06-28 14:31:20.000000000,BEST_ASK,"JPM,100248,174"
2019-06-28 14:31:20.000000000,BEST_BID,"JPM,99991,273"
2019-06-28 14:31:20.000000000,BEST_ASK,"JPM,100248,174"
2019-06-28 14:31:20.000000000,BEST_BID,"JPM,99991,273"
2019-06-28 14:31:20.000000000,BEST_ASK,"JPM,100248,174"
2019-06-28 14:31:27.018214444,QUERY_SPREAD,48
2019-06-28 14:31:27.018214444,BEST_BID,"JPM,99991,273"
2019-06-28 14:31:27.018214444,BEST_ASK,"JPM,100248,174"
2019-06-28 14:31:30.000000000,QUERY_SPREAD,1
2019-06-28 14:31:30.000000000,BEST_BID,"JPM,99991,325"
2019-06-28 14:31:30.000000000,BEST_ASK,"JPM,100248,100"
2019-06-28 14:31:30.000000000,BEST_BID,"JPM,99991,325"
2019-06-28 14:31:30.000000000,BEST_ASK,"JPM,100248,100"
2019-06-28 14:31:30.000000000,BEST_BID,"JPM,99991,325"
2019-06-28 14:31:30.000000000,BEST_ASK,"JPM,100248,100"
2019-06-28 14:31:30.000000000,BEST_BID,"JPM,99991,325"
2019-06-28 14:31:30.000000000,BEST_ASK,"JPM,100248,226"
2019-06-28 14:31:30.000000000,BEST_BID,"JPM,99991,325"
2019-06-28 14:31:30.000000000,BEST_ASK,"JPM,100248,226"
2019-06-28 14:31:30.000000000,BEST_BID,"JPM,99991,325"
2019-06-28 14:31:30.000000000,BEST_ASK,"JPM,100248,226"
2019-06-28 14:31:40.000000000,QUERY_SPREAD,1
2019-06-28 14:31:40.000000000,BEST_BID,"JPM,99991,325"
2019-06-28 14:31:40.000000000,BEST_ASK,"JPM,100248,100"
2019-06-28 14:31:40.000000000,BEST_BID,"JPM,99991,325"
2019-06-28 14:31:40.000000000,BEST_ASK,"JPM,100248,100"
2019-06-28 14:31:40.000000000,BEST_BID,"JPM,99991,325"
2019-06-28 14:31:40.000000000,BEST_ASK,"JPM,100248,100"
2019-06-28 14:31:40.000000000,BEST_BID,"JPM,99991,325"
2019-06-28 14:31:40.000000000,BEST_ASK,"JPM,100248,226"
2019-06-28 14:31:40.000000000,BEST_BID,"JPM,99991,325"
2019-06-28 14:31:40.000000000,BEST_ASK,"JPM,100248,226"
2019-06-28 14:31:40.000000000,BEST_BID,"JPM,99991,325"
2019-06-28 14:31:40.000000000,BEST_ASK,"JPM,100248,226"
2019-06-28 14:31:50.000000000,QUERY_SPREAD,1
2019-06-28 14:31:50.000000000,BEST_BID,"JPM,99991,385"
2019-06-28 14:31:50.000000000,BEST_ASK,"JPM,100248,100"
2019-06-28 14:31:50.000000000,BEST_BID,"JPM,99991,385"
2019-06-28 14:31:50.000000000,BEST_ASK,"JPM,100248,100"
2019-06-28 14:31:50.000000000,BEST_BID,"JPM,99991,385"
2019-06-28 14:31:50.000000000,BEST_ASK,"JPM,100248,286"
2019-06-28 14:31:50.000000000,BEST_BID,"JPM,99991,385"
2019-06-28 14:31:50.000000000,BEST_ASK,"JPM,100248,286"
2019-06-28 14:32:00.000000000,QUERY_SPREAD,1
2019-06-28 14:32:00.000000000,BEST_BID,"JPM,99991,273"
2019-06-28 14:32:00.000000000,BEST_ASK,"JPM,100248,100"
2019-06-28 14:32:00.000000000,BEST_BID,"JPM,99991,273"
2019-06-28 14:32:00.000000000,BEST_ASK,"JPM,100248,100"
2019-06-28 14:32:00.000000000,BEST_BID,"JPM,99991,273"
2019-06-28 14:32:00.000000000,BEST_ASK,"JPM,100248,100"
2019-06-28 14:32:00.000000000,BEST_BID,"JPM,99991,273"
2019-06-28 14:32:00.000000000,BEST_ASK,"JPM,100248,174"
2019-06-28 14:32:00.000000000,BEST_BID,"JPM,99991,273"
2019-06-28 14:32:00.000000000,BEST_ASK,"JPM,100248,174"
2019-06-28 14:32:00.000000000,BEST_BID,"JPM,99991,273"
2019-06-28 14:32:00.000000000,BEST_ASK,"JPM,100248,174"
2019-06-28 14:32:00.000000000,BEST_BID,"JPM,99991,273"
2019-06-28 14:32:00.000000000,BEST_ASK,"JPM,100248,174"
2019-06-28 14:32:00.000000000,BEST_BID,"JPM,99991,273"
2019-06-28 14:32:00.000000000,BEST_ASK,"JPM,100248,174"
2019-06-28 14:32:00.000000000,QUERY_SPREAD,77
2019-06-28 14:32:00.000000000,BEST_BID,"JPM,99991,273"
2019-06-28 14:32:00.000000000,BEST_ASK,"JPM,100248,169"
2019-06-28 14:32:00.000000000,LAST_TRADE,"5,$100248.0000"
2019-06-28 14:32:00.000000000,QUERY_SPREAD,78
2019-06-28 14:32:00.000000000,BEST_BID,"JPM,99991,273"
2019-06-28 14:32:00.000000000,BEST_ASK,"JPM,100248,161"
2019-06-28 14:32:00.000000000,LAST_TRADE,"8,$100248.0000"
2019-06-28 14:32:00.000000000,QUERY_SPREAD,79
2019-06-28 14:32:00.000000000,BEST_BID,"JPM,99991,273"
2019-06-28 14:32:00.000000000,BEST_ASK,"JPM,100248,156"
2019-06-28 14:32:00.000000000,LAST_TRADE,"5,$100248.0000"
2019-06-28 14:32:00.000000000,QUERY_SPREAD,80
2019-06-28 14:32:00.000000000,BEST_BID,"JPM,99991,273"
2019-06-28 14:32:00.000000000,BEST_ASK,"JPM,100248,148"
2019-06-28 14:32:00.000000000,LAST_TRADE,"8,$100248.0000"
2019-06-28 14:32:00.000000000,QUERY_SPREAD,81
2019-06-28 14:32:00.000000000,BEST_BID,"JPM,99991,273"
2019-06-28 14:32:00.000000000,BEST_ASK,"JPM,100248,139"
2019-06-28 14:32:00.000000000,LAST_TRADE,"9,$100248.0000"
2019-06-28 14:32:00.000000000,QUERY_SPREAD,82
2019-06-28 14:32:00.000000000,BEST_BID,"JPM,99991,273"
2019-06-28 14:32:00.000000000,BEST_ASK,"JPM,100248,136"
2019-06-28 14:32:00.000000000,LAST_TRADE,"3,$100248.0000"
2019-06-28 14:32:00.000000000,QUERY_SPREAD,83
2019-06-28 14:32:00.000000000,BEST_BID,"JPM,99991,273"
2019-06-28 14:32:00.000000000,BEST_ASK,"JPM,100248,128"
2019-06-28 14:32:00.000000000,LAST_TRADE,"8,$100248.0000"
2019-06-28 14:32:00.000000000,QUERY_SPREAD,84
2019-06-28 14:32:00.000000000,BEST_BID,"JPM,99991,273"
2019-06-28 14:32:00.000000000,BEST_ASK,"JPM,100248,124"
2019-06-28 14:32:00.000000000,LAST_TRADE,"4,$100248.0000"
2019-06-28 14:32:00.000000000,QUERY_SPREAD,85
2019-06-28 14:32:00.000000000,BEST_BID,"JPM,99991,273"
2019-06-28 14:32:00.000000000,BEST_ASK,"JPM,100248,119"
2019-06-28 14:32:00.000000000,LAST_TRADE,"5,$100248.0000"
2019-06-28 14:32:00.000000000,QUERY_SPREAD,86
2019-06-28 14:32:00.000000000,BEST_BID,"JPM,99991,273"
2019-06-28 14:32:00.000000000,BEST_ASK,"JPM,100248,117"
2019-06-28 14:32:00.000000000,LAST_TRADE,"2,$100248.0000"
2019-06-28 14:32:00.000000000,QUERY_SPREAD,87
2019-06-28 14:32:00.000000000,BEST_BID,"JPM,99991,273"
2019-06-28 14:32:00.000000000,BEST_ASK,"JPM,100248,110"
2019-06-28 14:32:00.000000000,LAST_TRADE,"7,$100248.0000"
2019-06-28 14:32:00.000000000,QUERY_SPREAD,88
2019-06-28 14:32:00.000000000,BEST_BID,"JPM,99991,273"
2019-06-28 14:32:00.000000000,BEST_ASK,"JPM,100248,102"
2019-06-28 14:32:00.000000000,LAST_TRADE,"8,$100248.0000"
2019-06-28 14:32:00.000000000,QUERY_SPREAD,89
2019-06-28 14:32:00.000000000,BEST_BID,"JPM,99991,273"
2019-06-28 14:32:00.000000000,BEST_ASK,"JPM,100248,97"
2019-06-28 14:32:00.000000000,LAST_TRADE,"5,$100248.0000"
2019-06-28 14:32:00.000000000,QUERY_SPREAD,90
2019-06-28 14:32:00.000000000,BEST_BID,"JPM,99991,273"
2019-06-28 14:32:00.000000000,BEST_ASK,"JPM,100248,93"
2019-06-28 14:32:00.000000000,LAST_TRADE,"4,$100248.0000"
2019-06-28 14:32:00.000000000,QUERY_SPREAD,91
2019-06-28 14:32:00.000000000,BEST_BID,"JPM,99991,273"
2019-06-28 14:32:00.000000000,BEST_ASK,"JPM,100248,90"
2019-06-28 14:32:00.000000000,LAST_TRADE,"3,$100248.0000"
2019-06-28 14:32:00.000000000,QUERY_SPREAD,92
2019-06-28 14:32:00.000000000,BEST_BID,"JPM,99991,273"
2019-06-28 14:32:00.000000000,BEST_ASK,"JPM,100248,85"
2019-06-28 14:32:00.000000000,LAST_TRADE,"5,$100248.0000"
2019-06-28 14:32:00.000000000,QUERY_SPREAD,93
2019-06-28 14:32:00.000000000,BEST_BID,"JPM,99991,273"
2019-06-28 14:32:00.000000000,BEST_ASK,"JPM,100248,78"
2019-06-28 14:32:00.000000000,LAST_TRADE,"7,$100248.0000"
2019-06-28 14:32:00.000000000,QUERY_SPREAD,94
2019-06-28 14:32:00.000000000,BEST_BID,"JPM,99991,273"
2019-06-28 14:32:00.000000000,BEST_ASK,"JPM,100248,77"
2019-06-28 14:32:00.000000000,LAST_TRADE,"1,$100248.0000"
2019-06-28 14:32:00.000000000,QUERY_SPREAD,95
2019-06-28 14:32:00.000000000,BEST_BID,"JPM,99991,273"
2019-06-28 14:32:00.000000000,BEST_ASK,"JPM,100248,76"
2019-06-28 14:32:00.000000000,LAST_TRADE,"1,$100248.0000"
2019-06-28 14:32:00.000000000,QUERY_SPREAD,96
2019-06-28 14:32:00.000000000,BEST_BID,"JPM,99991,273"
2019-06-28 14:32:00.000000000,BEST_ASK,"JPM,100248,72"
2019-06-28 14:32:00.000000000,LAST_TRADE,"4,$100248.0000"
2019-06-28 14:32:00.000000000,QUERY_SPREAD,97
2019-06-28 14:32:00.000000000,BEST_BID,"JPM,99991,273"
2019-06-28 14:32:00.000000000,BEST_ASK,"JPM,100248,69"
2019-06-28 14:32:00.000000000,LAST_TRADE,"3,$100248.0000"
2019-06-28 14:32:00.000000000,QUERY_SPREAD,98
2019-06-28 14:32:00.000000000,BEST_BID,"JPM,99991,273"
2019-06-28 14:32:00.000000000,BEST_ASK,"JPM,100248,64"
2019-06-28 14:32:00.000000000,LAST_TRADE,"5,$100248.0000"
2019-06-28 14:32:00.000000000,QUERY_SPREAD,99
2019-06-28 14:32:00.000000000,BEST_BID,"JPM,99991,273"
2019-06-28 14:32:00.000000000,BEST_ASK,"JPM,100248,60"
2019-06-28 14:32:00.000000000,LAST_TRADE,"4,$100248.0000"
2019-06-28 14:32:00.000000000,QUERY_SPREAD,100
2019-06-28 14:32:00.000000000,BEST_BID,"JPM,99991,273"
2019-06-28 14:32:00.000000000,BEST_ASK,"JPM,100248,55"
2019-06-28 14:32:00.000000000,LAST_TRADE,"5,$100248.0000"
2019-06-28 14:32:00.000000000,QUERY_SPREAD,101
2019-06-28 14:32:00.000000000,BEST_BID,"JPM,99991,272"
2019-06-28 14:32:00.000000000,BEST_ASK,"JPM,100248,55"
2019-06-28 14:32:00.000000000,LAST_TRADE,"1,$99991.0000"
2019-06-28 14:32:10.000000000,QUERY_SPREAD,1
2019-06-28 14:32:10.000000000,BEST_BID,"JPM,99991,569"
2019-06-28 14:32:10.000000000,BEST_ASK,"JPM,100354,2"
2019-06-28 14:32:10.000000000,BEST_BID,"JPM,99991,569"
2019-06-28 14:32:10.000000000,BEST_ASK,"JPM,100354,373"
2019-06-28 14:32:14.279540635,QUERY_SPREAD,3
2019-06-28 14:32:14.279540635,BEST_BID,"JPM,99991,569"
2019-06-28 14:32:14.279540635,BEST_ASK,"JPM,100017,100"
2019-06-28 14:32:20.000000000,QUERY_SPREAD,1
2019-06-28 14:32:20.000000000,BEST_BID,"JPM,99991,291"
2019-06-28 14:32:20.000000000,BEST_ASK,"JPM,100017,100"
2019-06-28 14:32:20.000000000,BEST_BID,"JPM,99991,291"
2019-06-28 14:32:20.000000000,BEST_ASK,"JPM,100017,100"
2019-06-28 14:32:20.000000000,BEST_BID,"JPM,99991,291"
2019-06-28 14:32:20.000000000,BEST_ASK,"JPM,100017,100"
2019-06-28 14:32:20.000000000,BEST_BID,"JPM,99991,291"
2019-06-28 14:32:20.000000000,BEST_ASK,"JPM,100017,193"
2019-06-28 14:32:20.000000000,BEST_BID,"JPM,99991,291"
2019-06-28 14:32:20.000000000,BEST_ASK,"JPM,100017,193"
2019-06-28 14:32:20.000000000,BEST_BID,"JPM,99991,291"
2019-06-28 14:32:20.000000000,BEST_ASK,"JPM,100017,193"
2019-06-28 14:32:20.000000000,BEST_BID,"JPM,99991,291"
2019-06-28 14:32:20.000000000,BEST_ASK,"JPM,100017,193"
2019-06-28 14:32:30.000000000,QUERY_SPREAD,1
2019-06-28 14:32:30.000000000,BEST_BID,"JPM,99991,272"
2019-06-28 14:32:30.000000000,BEST_ASK,"JPM,100017,100"
2019-06-28 14:32:30.000000000,BEST_BID,"JPM,99991,272"
2019-06-28 14:32:30.000000000,BEST_ASK,"JPM,100017,100"
2019-06-28 14:32:30.000000000,BEST_BID,"JPM,99991,272"
2019-06-28 14:32:30.000000000,BEST_ASK,"JPM,100017,100"
2019-06-28 14:32:30.000000000,BEST_BID,"JPM,99991,272"
2019-06-28 14:32:30.000000000,BEST_ASK,"JPM,100017,174"
2019-06-28 14:32:30.000000000,BEST_BID,"JPM,99991,272"
2019-06-28 14:32:30.000000000,BEST_ASK,"JPM,100017,174"
2019-06-28 14:32:30.000000000,BEST_BID,"JPM,99991,272"
2019-06-28 14:32:30.000000000,BEST_ASK,"JPM,100017,174"
2019-06-28 14:32:30.000000000,BEST_BID,"JPM,99991,272"
2019-06-28 14:32:30.000000000,BEST_ASK,"JPM,100017,174"
2019-06-28 14:32:30.000000000,BEST_BID,"JPM,99991,272"
2019-06-28 14:32:30.000000000,BEST_ASK,"JPM,100017,174"
2019-06-28 14:32:35.743557760,QUERY_SPREAD,16
2019-06-28 14:32:35.743557760,BEST_BID,"JPM,99991,172"
2019-06-28 14:32:35.743557760,BEST_ASK,"JPM,100017,174"
2019-06-28 14:32:35.743557760,LAST_TRADE,"100,$99991.0000"
2019-06-28 14:32:39.860718088,QUERY_ORDER_STREAM,52
2019-06-28 14:32:39.860718088,QUERY_SPREAD,52
2019-06-28 14:32:39.860718088,BEST_BID,"JPM,99992,100"
2019-06-28 14:32:39.860718088,BEST_ASK,"JPM,100017,174"
2019-06-28 14:32:40.000000000,QUERY_SPREAD,1
2019-06-28 14:32:40.000000000,BEST_BID,"JPM,99992,193"
2019-06-28 14:32:40.000000000,BEST_ASK,"JPM,100017,100"
2019-06-28 14:32:40.000000000,BEST_BID,"JPM,99992,193"
2019-06-28 14:32:40.000000000,BEST_ASK,"JPM,100017,100"
2019-06-28 14:32:40.000000000,BEST_BID,"JPM,99992,193"
2019-06-28 14:32:40.000000000,BEST_ASK,"JPM,100017,100"
2019-06-28 14:32:40.000000000,BEST_BID,"JPM,99992,193"
2019-06-28 14:32:40.000000000,BEST_ASK,"JPM,100017,100"
2019-06-28 14:32:40.000000000,BEST_BID,"JPM,99992,193"
2019-06-28 14:32:40.000000000,BEST_ASK,"JPM,100017,193"
2019-06-28 14:32:40.000000000,BEST_BID,"JPM,99992,193"
2019-06-28 14:32:40.000000000,BEST_ASK,"JPM,100017,193"
2019-06-28 14:32:40.000000000,BEST_BID,"JPM,99992,193"
2019-06-28 14:32:40.000000000,BEST_ASK,"JPM,100017,193"
2019-06-28 14:32:40.000000000,BEST_BID,"JPM,99992,193"
2019-06-28 14:32:40.000000000,BEST_ASK,"JPM,100017,193"
2019-06-28 14:32:40.583890281,QUERY_ORDER_STREAM,54
2019-06-28 14:32:40.583890281,QUERY_SPREAD,54
2019-06-28 14:32:50.000000000,QUERY_SPREAD,1
2019-06-28 14:32:50.000000000,BEST_BID,"JPM,99992,174"
2019-06-28 14:32:50.000000000,BEST_ASK,"JPM,100017,100"
2019-06-28 14:32:50.000000000,BEST_BID,"JPM,99992,174"
2019-06-28 14:32:50.000000000,BEST_ASK,"JPM,100017,100"
2019-06-28 14:32:50.000000000,BEST_BID,"JPM,99992,174"
2019-06-28 14:32:50.000000000,BEST_ASK,"JPM,100017,100"
2019-06-28 14:32:50.000000000,BEST_BID,"JPM,99992,174"
2019-06-28 14:32:50.000000000,BEST_ASK,"JPM,100017,100"
2019-06-28 14:32:50.000000000,BEST_BID,"JPM,99992,174"
2019-06-28 14:32:50.000000000,BEST_ASK,"JPM,100017,174"
2019-06-28 14:32:50.000000000,BEST_BID,"JPM,99992,174"
2019-06-28 14:32:50.000000000,BEST_ASK,"JPM,100017,174"
2019-06-28 14:32:50.000000000,BEST_BID,"JPM,99992,174"
2019-06-28 14:32:50.000000000,BEST_ASK,"JPM,100017,174"
2019-06-28 14:32:50.000000000,BEST_BID,"JPM,99992,174"
2019-06-28 14:32:50.000000000,BEST_ASK,"JPM,100017,174"
2019-06-28 14:32:50.000000000,BEST_BID,"JPM,99992,174"
2019-06-28 14:32:50.000000000,BEST_ASK,"JPM,100017,174"
2019-06-28 14:33:00.000000000,QUERY_SPREAD,1
2019-06-28 14:33:00.000000000,BEST_BID,"JPM,99992,471"
2019-06-28 14:33:00.000000000,BEST_ASK,"JPM,100017,100"
2019-06-28 14:33:00.000000000,BEST_BID,"JPM,99992,471"
2019-06-28 14:33:00.000000000,BEST_ASK,"JPM,100017,471"
2019-06-28 14:33:00.000000000,QUERY_SPREAD,77
2019-06-28 14:33:00.000000000,BEST_BID,"JPM,99992,471"
2019-06-28 14:33:00.000000000,BEST_ASK,"JPM,100017,466"
2019-06-28 14:33:00.000000000,LAST_TRADE,"5,$100017.0000"
2019-06-28 14:33:00.000000000,QUERY_SPREAD,78
2019-06-28 14:33:00.000000000,BEST_BID,"JPM,99992,471"
2019-06-28 14:33:00.000000000,BEST_ASK,"JPM,100017,458"
2019-06-28 14:33:00.000000000,LAST_TRADE,"8,$100017.0000"
2019-06-28 14:33:00.000000000,QUERY_SPREAD,79
2019-06-28 14:33:00.000000000,BEST_BID,"JPM,99992,471"
2019-06-28 14:33:00.000000000,BEST_ASK,"JPM,100017,453"
2019-06-28 14:33:00.000000000,LAST_TRADE,"5,$100017.0000"
2019-06-28 14:33:00.000000000,QUERY_SPREAD,80
2019-06-28 14:33:00.000000000,BEST_BID,"JPM,99992,471"
2019-06-28 14:33:00.000000000,BEST_ASK,"JPM,100017,445"
2019-06-28 14:33:00.000000000,LAST_TRADE,"8,$100017.0000"
2019-06-28 14:33:00.000000000,QUERY_SPREAD,81
2019-06-28 14:33:00.000000000,BEST_BID,"JPM,99992,471"
2019-06-28 14:33:00.000000000,BEST_ASK,"JPM,100017,436"
2019-06-28 14:33:00.000000000,LAST_TRADE,"9,$100017.0000"
2019-06-28 14:33:00.000000000,QUERY_SPREAD,82
2019-06-28 14:33:00.000000000,BEST_BID,"JPM,99992,471"
2019-06-28 14:33:00.000000000,BEST_ASK,"JPM,100017,433"
2019-06-28 14:33:00.000000000,LAST_TRADE,"3,$100017.0000"
2019-06-28 14:33:00.000000000,QUERY_SPREAD,83
2019-06-28 14:33:00.000000000,BEST_BID,"JPM,99992,471"
2019-06-28 14:33:00.000000000,BEST_ASK,"JPM,100017,425"
2019-06-28 14:33:00.000000000,LAST_TRADE,"8,$100017.0000"
2019-06-28 14:33:00.000000000,QUERY_SPREAD,84
2019-06-28 14:33:00.000000000,BEST_BID,"JPM,99992,471"
2019-06-28 14:33:00.000000000,BEST_ASK,"JPM,100017,421"
2019-06-28 14:33:00.000000000,LAST_TRADE,"4,$100017.0000"
2019-06-28 14:33:00.000000000,QUERY_SPREAD,85
2019-06-28 14:33:00.000000000,BEST_BID,"JPM,99992,471"
2019-06-28 14:33:00.000000000,BEST_ASK,"JPM,100017,416"
2019-06-28 14:33:00.000000000,LAST_TRADE,"5,$100017.0000"
2019-06-28 14:33:00.000000000,QUERY_SPREAD,86
2019-06-28 14:33:00.000000000,BEST_BID,"JPM,99992,471"
2019-06-28 14:33:00.000000000,BEST_ASK,"JPM,100017,414"
2019-06-28 14:33:00.000000000,LAST_TRADE,"2,$100017.0000"
2019-06-28 14:33:00.000000000,QUERY_SPREAD,87
2019-06-28 14:33:00.000000000,BEST_BID,"JPM,99992,471"
2019-06-28 14:33:00.000000000,BEST_ASK,"JPM,100017,407"
2019-06-28 14:33:00.000000000,LAST_TRADE,"7,$100017.0000"
2019-06-28 14:33:00.000000000,QUERY_SPREAD,88
2019-06-28 14:33:00.000000000,BEST_BID,"JPM,99992,471"
2019-06-28 14:33:00.000000000,BEST_ASK,"JPM,100017,399"
2019-06-28 14:33:00.000000000,LAST_TRADE,"8,$100017.0000"
2019-06-28 14:33:00.000000000,QUERY_SPREAD,89
2019-06-28 14:33:00.000000000,BEST_BID,"JPM,99992,471"
2019-06-28 14:33:00.000000000,BEST_ASK,"JPM,100017,394"
2019-06-28 14:33:00.000000000,LAST_TRADE,"5,$100017.0000"
2019-06-28 14:33:00.000000000,QUERY_SPREAD,90
2019-06-28 14:33:00.000000000,BEST_BID,"JPM,99992,471"
2019-06-28 14:33:00.000000000,BEST_ASK,"JPM,100017,390"
2019-06-28 14:33:00.000000000,LAST_TRADE,"4,$100017.0000"
2019-06-28 14:33:00.000000000,QUERY_SPREAD,91
2019-06-28 14:33:00.000000000,BEST_BID,"JPM,99992,471"
2019-06-28 14:33:00.000000000,BEST_ASK,"JPM,100017,387"
2019-06-28 14:33:00.000000000,LAST_TRADE,"3,$100017.0000"
2019-06-28 14:33:00.000000000,QUERY_SPREAD,92
2019-06-28 14:33:00.000000000,BEST_BID,"JPM,99992,471"
2019-06-28 14:33:00.000000000,BEST_ASK,"JPM,100017,382"
2019-06-28 14:33:00.000000000,LAST_TRADE,"5,$100017.0000"
2019-06-28 14:33:00.000000000,QUERY_SPREAD,93
2019-06-28 14:33:00.000000000,BEST_BID,"JPM,99992,471"
2019-06-28 14:33:00.000000000,BEST_ASK,"JPM,100017,375"
2019-06-28 14:33:00.000000000,LAST_TRADE,"7,$100017.0000"
2019-06-28 14:33:00.000000000,QUERY_SPREAD,94
2019-06-28 14:33:00.000000000,BEST_BID,"JPM,99992,471"
2019-06-28 14:33:00.000000000,BEST_ASK,"JPM,100017,374"
2019-06-28 14:33:00.000000000,LAST_TRADE,"1,$100017.0000"
2019-06-28 14:33:00.000000000,QUERY_SPREAD,95
2019-06-28 14:33:00.000000000,BEST_BID,"JPM,99992,471"
2019-06-28 14:33:00.000000000,BEST_ASK,"JPM,100017,373"
2019-06-28 14:33:00.000000000,LAST_TRADE,"1,$100017.0000"
2019-06-28 14:33:00.000000000,QUERY_SPREAD,96
2019-06-28 14:33:00.000000000,BEST_BID,"JPM,99992,471"
2019-06-28 14:33:00.000000000,BEST_ASK,"JPM,100017,369"
2019-06-28 14:33:00.000000000,LAST_TRADE,"4,$100017.0000"
2019-06-28 14:33:00.000000000,QUERY_SPREAD,97
2019-06-28 14:33:00.000000000,BEST_BID,"JPM,99992,471"
2019-06-28 14:33:00.000000000,BEST_ASK,"JPM,100017,366"
2019-06-28 14:33:00.000000000,LAST_TRADE,"3,$100017.0000"
2019-06-28 14:33:00.000000000,QUERY_SPREAD,98
2019-06-28 14:33:00.000000000,BEST_BID,"JPM,99992,471"
2019-06-28 14:33:00.000000000,BEST_ASK,"JPM,100017,361"
2019-06-28 14:33:00.000000000,LAST_TRADE,"5,$100017.0000"
2019-06-28 14:33:00.000000000,QUERY_SPREAD,99
2019-06-28 14:33:00.000000000,BEST_BID,"JPM,99992,471"
2019-06-28 14:33:00.000000000,BEST_ASK,"JPM,100017,357"
2019-06-28 14:33:00.000000000,LAST_TRADE,"4,$100017.0000"
2019-06-28 14:33:00.000000000,QUERY_SPREAD,100
2019-06-28 14:33:00.000000000,BEST_BID,"JPM,99992,471"
2019-06-28 14:33:00.000000000,BEST_ASK,"JPM,100017,352"
2019-06-28 14:33:00.000000000,LAST_TRADE,"5,$100017.0000"
2019-06-28 14:33:00.000000000,QUERY_SPREAD,101
2019-06-28 14:33:00.000000000,BEST_BID,"JPM,99992,470"
2019-06-28 14:33:00.000000000,BEST_ASK,"JPM,100017,352"
2019-06-28 14:33:00.000000000,LAST_TRADE,"1,$99992.0000"
2019-06-28 14:33:10.000000000,QUERY_SPREAD,1
2019-06-28 14:33:10.000000000,BEST_BID,"JPM,99992,285"
2019-06-28 14:33:10.000000000,BEST_ASK,"JPM,100354,2"
2019-06-28 14:33:10.000000000,BEST_BID,"JPM,99992,285"
2019-06-28 14:33:10.000000000,BEST_ASK,"JPM,100354,2"
2019-06-28 14:33:10.000000000,BEST_BID,"JPM,99992,285"
2019-06-28 14:33:10.000000000,BEST_ASK,"JPM,100354,188"
2019-06-28 14:33:10.000000000,BEST_BID,"JPM,99992,285"
2019-06-28 14:33:10.000000000,BEST_ASK,"JPM,100354,188"
2019-06-28 14:33:20.000000000,QUERY_SPREAD,1
2019-06-28 14:33:20.000000000,BEST_BID,"JPM,99992,173"
2019-06-28 14:33:20.000000000,BEST_ASK,"JPM,100354,2"
2019-06-28 14:33:20.000000000,BEST_BID,"JPM,99992,173"
2019-06-28 14:33:20.000000000,BEST_ASK,"JPM,100354,2"
2019-06-28 14:33:20.000000000,BEST_BID,"JPM,99992,173"
2019-06-28 14:33:20.000000000,BEST_ASK,"JPM,100354,2"
2019-06-28 14:33:20.000000000,BEST_BID,"JPM,99992,173"
2019-06-28 14:33:20.000000000,BEST_ASK,"JPM,100354,2"
2019-06-28 14:33:20.000000000,BEST_BID,"JPM,99992,173"
2019-06-28 14:33:20.000000000,BEST_ASK,"JPM,100354,76"
2019-06-28 14:33:20.000000000,BEST_BID,"JPM,99992,173"
2019-06-28 14:33:20.000000000,BEST_ASK,"JPM,100354,76"
2019-06-28 14:33:20.000000000,BEST_BID,"JPM,99992,173"
2019-06-28 14:33:20.000000000,BEST_ASK,"JPM,100354,76"
2019-06-28 14:33:20.000000000,BEST_BID,"JPM,99992,173"
2019-06-28 14:33:20.000000000,BEST_ASK,"JPM,100354,76"
2019-06-28 14:33:20.000000000,BEST_BID,"JPM,99992,173"
2019-06-28 14:33:20.000000000,BEST_ASK,"JPM,100354,76"
2019-06-28 14:33:30.000000000,QUERY_SPREAD,1
2019-06-28 14:33:30.000000000,BEST_BID,"JPM,99992,192"
2019-06-28 14:33:30.000000000,BEST_ASK,"JPM,100354,2"
2019-06-28 14:33:30.000000000,BEST_BID,"JPM,99992,192"
2019-06-28 14:33:30.000000000,BEST_ASK,"JPM,100354,2"
2019-06-28 14:33:30.000000000,BEST_BID,"JPM,99992,192"
2019-06-28 14:33:30.000000000,BEST_ASK,"JPM,100354,2"
2019-06-28 14:33:30.000000000,BEST_BID,"JPM,99992,192"
2019-06-28 14:33:30.000000000,BEST_ASK,"JPM,100354,2"
2019-06-28 14:33:30.000000000,BEST_BID,"JPM,99992,192"
2019-06-28 14:33:30.000000000,BEST_ASK,"JPM,100354,95"
2019-06-28 14:33:30.000000000,BEST_BID,"JPM,99992,192"
2019-06-28 14:33:30.000000000,BEST_ASK,"JPM,100354,95"
2019-06-28 14:33:30.000000000,BEST_BID,"JPM,99992,192"
2019-06-28 14:33:30.000000000,BEST_ASK,"JPM,100354,95"
2019-06-28 14:33:30.000000000,BEST_BID,"JPM,99992,192"
2019-06-28 14:33:30.000000000,BEST_ASK,"JPM,100354,95"
2019-06-28 14:33:30.692989223,QUERY_ORDER_STREAM,61
2019-06-28 14:33:30.692989223,QUERY_SPREAD,61
2019-06-28 14:33:40.000000000,QUERY_SPREAD,1
2019-06-28 14:33:40.000000000,BEST_BID,"JPM,99992,192"
2019-06-28 14:33:40.000000000,BEST_ASK,"JPM,100354,2"
2019-06-28 14:33:40.000000000,BEST_BID,"JPM,99992,192"
2019-06-28 14:33:40.000000000,BEST_ASK,"JPM,100354,2"
2019-06-28 14:33:40.000000000,BEST_BID,"JPM,99992,192"
2019-06-28 14:33:40.000000000,BEST_ASK,"JPM,100354,2"
2019-06-28 14:33:40.000000000,BEST_BID,"JPM,99992,192"
2019-06-28 14:33:40.000000000,BEST_ASK,"JPM,100354,2"
2019-06-28 14:33:40.000000000,BEST_BID,"JPM,99992,192"
2019-06-28 14:33:40.000000000,BEST_ASK,"JPM,100354,95"
2019-06-28 14:33:40.000000000,BEST_BID,"JPM,99992,192"
2019-06-28 14:33:40.000000000,BEST_ASK,"JPM,100354,95"
2019-06-28 14:33:40.000000000,BEST_BID,"JPM,99992,192"
2019-06-28 14:33:40.000000000,BEST_ASK,"JPM,100354,95"
2019-06-28 14:33:40.000000000,BEST_BID,"JPM,99992,192"
2019-06-28 14:33:40.000000000,BEST_ASK,"JPM,100354,95"
2019-06-28 14:33:50.000000000,QUERY_SPREAD,1
2019-06-28 14:33:50.000000000,BEST_BID,"JPM,99992,285"
2019-06-28 14:33:50.000000000,BEST_ASK,"JPM,100354,2"
2019-06-28 14:33:50.000000000,BEST_BID,"JPM,99992,285"
2019-06-28 14:33:50.000000000,BEST_ASK,"JPM,100354,2"
2019-06-28 14:33:50.000000000,BEST_BID,"JPM,99992,285"
2019-06-28 14:33:50.000000000,BEST_ASK,"JPM,100354,188"
2019-06-28 14:33:50.000000000,BEST_BID,"JPM,99992,285"
2019-06-28 14:33:50.000000000,BEST_ASK,"JPM,100354,188"
2019-06-28 14:33:52.393107730,QUERY_SPREAD,28
2019-06-28 14:33:52.393107730,BEST_BID,"JPM,99992,185"
2019-06-28 14:33:52.393107730,BEST_ASK,"JPM,100354,188"
2019-06-28 14:33:52.393107730,LAST_TRADE,"100,$99992.0000"
2019-06-28 14:34:00.000000000,QUERY_SPREAD,1
2019-06-28 14:34:00.000000000,BEST_BID,"JPM,99991,224"
2019-06-28 14:34:00.000000000,BEST_ASK,"JPM,100354,2"
2019-06-28 14:34:00.000000000,BEST_BID,"JPM,99991,224"
2019-06-28 14:34:00.000000000,BEST_ASK,"JPM,100354,2"
2019-06-28 14:34:00.000000000,BEST_BID,"JPM,99991,224"
2019-06-28 14:34:00.000000000,BEST_ASK,"JPM,100354,2"
2019-06-28 14:34:00.000000000,BEST_BID,"JPM,99991,224"
2019-06-28 14:34:00.000000000,BEST_ASK,"JPM,100354,128"
2019-06-28 14:34:00.000000000,BEST_BID,"JPM,99991,224"
2019-06-28 14:34:00.000000000,BEST_ASK,"JPM,100354,128"
2019-06-28 14:34:00.000000000,BEST_BID,"JPM,99991,224"
2019-06-28 14:34:00.000000000,BEST_ASK,"JPM,100354,128"
2019-06-28 14:34:00.000000000,QUERY_SPREAD,77
2019-06-28 14:34:00.000000000,BEST_BID,"JPM,99991,224"
2019-06-28 14:34:00.000000000,BEST_ASK,"JPM,100354,123"
2019-06-28 14:34:00.000000000,LAST_TRADE,"5,$100354.0000"
2019-06-28 14:34:00.000000000,QUERY_SPREAD,78
2019-06-28 14:34:00.000000000,BEST_BID,"JPM,99991,224"
2019-06-28 14:34:00.000000000,BEST_ASK,"JPM,100354,115"
2019-06-28 14:34:00.000000000,LAST_TRADE,"8,$100354.0000"
2019-06-28 14:34:00.000000000,QUERY_SPREAD,79
2019-06-28 14:34:00.000000000,BEST_BID,"JPM,99991,224"
2019-06-28 14:34:00.000000000,BEST_ASK,"JPM,100354,110"
2019-06-28 14:34:00.000000000,LAST_TRADE,"5,$100354.0000"
2019-06-28 14:34:00.000000000,QUERY_SPREAD,80
2019-06-28 14:34:00.000000000,BEST_BID,"JPM,99991,224"
2019-06-28 14:34:00.000000000,BEST_ASK,"JPM,100354,102"
2019-06-28 14:34:00.000000000,LAST_TRADE,"8,$100354.0000"
2019-06-28 14:34:00.000000000,QUERY_SPREAD,81
2019-06-28 14:34:00.000000000,BEST_BID,"JPM,99991,224"
2019-06-28 14:34:00.000000000,BEST_ASK,"JPM,100354,93"
2019-06-28 14:34:00.000000000,LAST_TRADE,"9,$100354.0000"
2019-06-28 14:34:00.000000000,QUERY_SPREAD,82
2019-06-28 14:34:00.000000000,BEST_BID,"JPM,99991,224"
2019-06-28 14:34:00.000000000,BEST_ASK,"JPM,100354,90"
2019-06-28 14:34:00.000000000,LAST_TRADE,"3,$100354.0000"
2019-06-28 14:34:00.000000000,QUERY_SPREAD,83
2019-06-28 14:34:00.000000000,BEST_BID,"JPM,99991,224"
2019-06-28 14:34:00.000000000,BEST_ASK,"JPM,100354,82"
2019-06-28 14:34:00.000000000,LAST_TRADE,"8,$100354.0000"
2019-06-28 14:34:00.000000000,QUERY_SPREAD,84
2019-06-28 14:34:00.000000000,BEST_BID,"JPM,99991,224"
2019-06-28 14:34:00.000000000,BEST_ASK,"JPM,100354,78"
2019-06-28 14:34:00.000000000,LAST_TRADE,"4,$100354.0000"
2019-06-28 14:34:00.000000000,QUERY_SPREAD,85
2019-06-28 14:34:00.000000000,BEST_BID,"JPM,99991,224"
2019-06-28 14:34:00.000000000,BEST_ASK,"JPM,100354,73"
2019-06-28 14:34:00.000000000,LAST_TRADE,"5,$100354.0000"
2019-06-28 14:34:00.000000000,QUERY_SPREAD,86
2019-06-28 14:34:00.000000000,BEST_BID,"JPM,99991,224"
2019-06-28 14:34:00.000000000,BEST_ASK,"JPM,100354,71"
2019-06-28 14:34:00.000000000,LAST_TRADE,"2,$100354.0000"
2019-06-28 14:34:00.000000000,QUERY_SPREAD,87
2019-06-28 14:34:00.000000000,BEST_BID,"JPM,99991,224"
2019-06-28 14:34:00.000000000,BEST_ASK,"JPM,100354,64"
2019-06-28 14:34:00.000000000,LAST_TRADE,"7,$100354.0000"
2019-06-28 14:34:00.000000000,QUERY_SPREAD,88
2019-06-28 14:34:00.000000000,BEST_BID,"JPM,99991,224"
2019-06-28 14:34:00.000000000,BEST_ASK,"JPM,100354,56"
2019-06-28 14:34:00.000000000,LAST_TRADE,"8,$100354.0000"
2019-06-28 14:34:00.000000000,QUERY_SPREAD,89
2019-06-28 14:34:00.000000000,BEST_BID,"JPM,99991,224"
2019-06-28 14:34:00.000000000,BEST_ASK,"JPM,100354,51"
2019-06-28 14:34:00.000000000,LAST_TRADE,"5,$100354.0000"
2019-06-28 14:34:00.000000000,QUERY_SPREAD,90
2019-06-28 14:34:00.000000000,BEST_BID,"JPM,99991,224"
2019-06-28 14:34:00.000000000,BEST_ASK,"JPM,100354,47"
2019-06-28 14:34:00.000000000,LAST_TRADE,"4,$100354.0000"
2019-06-28 14:34:00.000000000,QUERY_SPREAD,91
2019-06-28 14:34:00.000000000,BEST_BID,"JPM,99991,224"
2019-06-28 14:34:00.000000000,BEST_ASK,"JPM,100354,44"
2019-06-28 14:34:00.000000000,LAST_TRADE,"3,$100354.0000"
2019-06-28 14:34:00.000000000,QUERY_SPREAD,92
2019-06-28 14:34:00.000000000,BEST_BID,"JPM,99991,224"
2019-06-28 14:34:00.000000000,BEST_ASK,"JPM,100354,39"
2019-06-28 14:34:00.000000000,LAST_TRADE,"5,$100354.0000"
2019-06-28 14:34:00.000000000,QUERY_SPREAD,93
2019-06-28 14:34:00.000000000,BEST_BID,"JPM,99991,224"
2019-06-28 14:34:00.000000000,BEST_ASK,"JPM,100354,32"
2019-06-28 14:34:00.000000000,LAST_TRADE,"7,$100354.0000"
2019-06-28 14:34:00.000000000,QUERY_SPREAD,94
2019-06-28 14:34:00.000000000,BEST_BID,"JPM,99991,224"
2019-06-28 14:34:00.000000000,BEST_ASK,"JPM,100354,31"
2019-06-28 14:34:00.000000000,LAST_TRADE,"1,$100354.0000"
2019-06-28 14:34:00.000000000,QUERY_SPREAD,95
2019-06-28 14:34:00.000000000,BEST_BID,"JPM,99991,224"
2019-06-28 14:34:00.000000000,BEST_ASK,"JPM,100354,30"
2019-06-28 14:34:00.000000000,LAST_TRADE,"1,$100354.0000"
2019-06-28 14:34:00.000000000,QUERY_SPREAD,96
2019-06-28 14:34:00.000000000,BEST_BID,"JPM,99991,224"
2019-06-28 14:34:00.000000000,BEST_ASK,"JPM,100354,26"
2019-06-28 14:34:00.000000000,LAST_TRADE,"4,$100354.0000"
2019-06-28 14:34:00.000000000,QUERY_SPREAD,97
2019-06-28 14:34:00.000000000,BEST_BID,"JPM,99991,224"
2019-06-28 14:34:00.000000000,BEST_ASK,"JPM,100354,23"
2019-06-28 14:34:00.000000000,LAST_TRADE,"3,$100354.0000"
2019-06-28 14:34:00.000000000,QUERY_SPREAD,98
2019-06-28 14:34:00.000000000,BEST_BID,"JPM,99991,224"
2019-06-28 14:34:00.000000000,BEST_ASK,"JPM,100354,18"
2019-06-28 14:34:00.000000000,LAST_TRADE,"5,$100354.0000"
2019-06-28 14:34:00.000000000,QUERY_SPREAD,99
2019-06-28 14:34:00.000000000,BEST_BID,"JPM,99991,224"
2019-06-28 14:34:00.000000000,BEST_ASK,"JPM,100354,14"
2019-06-28 14:34:00.000000000,LAST_TRADE,"4,$100354.0000"
2019-06-28 14:34:00.000000000,QUERY_SPREAD,100
2019-06-28 14:34:00.000000000,BEST_BID,"JPM,99991,224"
2019-06-28 14:34:00.000000000,BEST_ASK,"JPM,100354,9"
2019-06-28 14:34:00.000000000,LAST_TRADE,"5,$100354.0000"
2019-06-28 14:34:00.000000000,QUERY_SPREAD,101
2019-06-28 14:34:00.000000000,BEST_BID,"JPM,99991,223"
2019-06-28 14:34:00.000000000,BEST_ASK,"JPM,100354,9"
2019-06-28 14:34:00.000000000,LAST_TRADE,"1,$99991.0000"
2019-06-28 14:34:05.849514245,QUERY_ORDER_STREAM,66
2019-06-28 14:34:05.849514245,QUERY_SPREAD,66
2019-06-28 14:34:06.590093011,QUERY_SPREAD,20
2019-06-28 14:34:06.590093011,BEST_BID,"JPM,99991,123"
2019-06-28 14:34:06.590093011,BEST_ASK,"JPM,100354,9"
2019-06-28 14:34:06.590093011,LAST_TRADE,"100,$99991.0000"
2019-06-28 14:34:10.000000000,QUERY_SPREAD,1
2019-06-28 14:34:10.000000000,BEST_BID,"JPM,99990,225"
2019-06-28 14:34:10.000000000,BEST_ASK,"JPM,100416,100"
2019-06-28 14:34:10.000000000,BEST_BID,"JPM,99990,225"
2019-06-28 14:34:10.000000000,BEST_ASK,"JPM,100416,100"
2019-06-28 14:34:10.000000000,BEST_BID,"JPM,99990,225"
2019-06-28 14:34:10.000000000,BEST_ASK,"JPM,100416,226"
2019-06-28 14:34:10.000000000,BEST_BID,"JPM,99990,225"
2019-06-28 14:34:10.000000000,BEST_ASK,"JPM,100416,226"
2019-06-28 14:34:10.000000000,BEST_BID,"JPM,99990,225"
2019-06-28 14:34:10.000000000,BEST_ASK,"JPM,100416,226"
2019-06-28 14:34:20.000000000,QUERY_SPREAD,1
2019-06-28 14:34:20.000000000,BEST_BID,"JPM,99990,192"
2019-06-28 14:34:20.000000000,BEST_ASK,"JPM,100416,100"
2019-06-28 14:34:20.000000000,BEST_BID,"JPM,99990,192"
2019-06-28 14:34:20.000000000,BEST_ASK,"JPM,100416,100"
2019-06-28 14:34:20.000000000,BEST_BID,"JPM,99990,192"
2019-06-28 14:34:20.000000000,BEST_ASK,"JPM,100416,193"
2019-06-28 14:34:20.000000000,BEST_BID,"JPM,99990,192"
2019-06-28 14:34:20.000000000,BEST_ASK,"JPM,100416,193"
2019-06-28 14:34:20.000000000,BEST_BID,"JPM,99990,192"
2019-06-28 14:34:20.000000000,BEST_ASK,"JPM,100416,193"
2019-06-28 14:34:20.000000000,BEST_BID,"JPM,99990,192"
2019-06-28 14:34:20.000000000,BEST_ASK,"JPM,100416,193"
2019-06-28 14:34:22.355498071,QUERY_SPREAD,48
2019-06-28 14:34:22.355498071,BEST_BID,"JPM,99990,92"
2019-06-28 14:34:22.355498071,BEST_ASK,"JPM,100416,193"
2019-06-28 14:34:22.355498071,LAST_TRADE,"100,$99990.0000"
2019-06-28 14:34:30.000000000,QUERY_SPREAD,1
2019-06-28 14:34:40.000000000,QUERY_SPREAD,1
2019-06-28 14:34:42.678619930,QUERY_SPREAD,38
2019-06-28 14:34:42.678619930,BEST_BID,"JPM,98850,100"
2019-06-28 14:34:42.678619930,BEST_ASK,"JPM,100416,100"
2019-06-28 14:34:44.684816193,QUERY_ORDER_STREAM,63
2019-06-28 14:34:44.684816193,QUERY_SPREAD,63
2019-06-28 14:34:45.120187828,QUERY_ORDER_STREAM,64
2019-06-28 14:34:45.120187828,QUERY_SPREAD,64
2019-06-28 14:34:50.000000000,QUERY_SPREAD,1
2019-06-28 14:34:50.000000000,BEST_BID,"JPM,98850,193"
2019-06-28 14:34:50.000000000,BEST_ASK,"JPM,100416,100"
2019-06-28 14:34:50.000000000,BEST_BID,"JPM,98850,193"
2019-06-28 14:34:50.000000000,BEST_ASK,"JPM,100416,100"
2019-06-28 14:34:50.000000000,BEST_BID,"JPM,98850,193"
2019-06-28 14:34:50.000000000,BEST_ASK,"JPM,100416,193"
2019-06-28 14:34:50.000000000,BEST_BID,"JPM,98850,193"
2019-06-28 14:34:50.000000000,BEST_ASK,"JPM,100416,193"
2019-06-28 14:34:50.000000000,BEST_BID,"JPM,98850,193"
2019-06-28 14:34:50.000000000,BEST_ASK,"JPM,100416,193"
2019-06-28 14:34:50.000000000,BEST_BID,"JPM,98850,193"
2019-06-28 14:34:50.000000000,BEST_ASK,"JPM,100416,193"
2019-06-28 14:34:50.233410564,QUERY_SPREAD,3
2019-06-28 14:34:50.233410564,BEST_BID,"JPM,99181,100"
2019-06-28 14:34:50.233410564,BEST_ASK,"JPM,100416,193"
2019-06-28 14:35:00.000000000,QUERY_SPREAD,1
2019-06-28 14:35:00.000000000,BEST_BID,"JPM,99181,286"
2019-06-28 14:35:00.000000000,BEST_ASK,"JPM,100416,100"
2019-06-28 14:35:00.000000000,BEST_BID,"JPM,99181,286"
2019-06-28 14:35:00.000000000,BEST_ASK,"JPM,100416,100"
2019-06-28 14:35:00.000000000,BEST_BID,"JPM,99181,286"
2019-06-28 14:35:00.000000000,BEST_ASK,"JPM,100416,286"
2019-06-28 14:35:00.000000000,BEST_BID,"JPM,99181,286"
2019-06-28 14:35:00.000000000,BEST_ASK,"JPM,100416,286"
2019-06-28 14:35:00.000000000,QUERY_SPREAD,77
2019-06-28 14:35:00.000000000,BEST_BID,"JPM,99181,286"
2019-06-28 14:35:00.000000000,BEST_ASK,"JPM,100416,281"
2019-06-28 14:35:00.000000000,LAST_TRADE,"5,$100416.0000"
2019-06-28 14:35:00.000000000,QUERY_SPREAD,78
2019-06-28 14:35:00.000000000,BEST_BID,"JPM,99181,286"
2019-06-28 14:35:00.000000000,BEST_ASK,"JPM,100416,273"
2019-06-28 14:35:00.000000000,LAST_TRADE,"8,$100416.0000"
2019-06-28 14:35:00.000000000,QUERY_SPREAD,79
2019-06-28 14:35:00.000000000,BEST_BID,"JPM,99181,286"
2019-06-28 14:35:00.000000000,BEST_ASK,"JPM,100416,268"
2019-06-28 14:35:00.000000000,LAST_TRADE,"5,$100416.0000"
2019-06-28 14:35:00.000000000,QUERY_SPREAD,80
2019-06-28 14:35:00.000000000,BEST_BID,"JPM,99181,286"
2019-06-28 14:35:00.000000000,BEST_ASK,"JPM,100416,260"
2019-06-28 14:35:00.000000000,LAST_TRADE,"8,$100416.0000"
2019-06-28 14:35:00.000000000,QUERY_SPREAD,81
2019-06-28 14:35:00.000000000,BEST_BID,"JPM,99181,286"
2019-06-28 14:35:00.000000000,BEST_ASK,"JPM,100416,251"
2019-06-28 14:35:00.000000000,LAST_TRADE,"9,$100416.0000"
2019-06-28 14:35:00.000000000,QUERY_SPREAD,82
2019-06-28 14:35:00.000000000,BEST_BID,"JPM,99181,286"
2019-06-28 14:35:00.000000000,BEST_ASK,"JPM,100416,248"
2019-06-28 14:35:00.000000000,LAST_TRADE,"3,$100416.0000"
2019-06-28 14:35:00.000000000,QUERY_SPREAD,83
2019-06-28 14:35:00.000000000,BEST_BID,"JPM,99181,286"
2019-06-28 14:35:00.000000000,BEST_ASK,"JPM,100416,240"
2019-06-28 14:35:00.000000000,LAST_TRADE,"8,$100416.0000"
2019-06-28 14:35:00.000000000,QUERY_SPREAD,84
2019-06-28 14:35:00.000000000,BEST_BID,"JPM,99181,286"
2019-06-28 14:35:00.000000000,BEST_ASK,"JPM,100416,236"
2019-06-28 14:35:00.000000000,LAST_TRADE,"4,$100416.0000"
2019-06-28 14:35:00.000000000,QUERY_SPREAD,85
2019-06-28 14:35:00.000000000,BEST_BID,"JPM,99181,286"
2019-06-28 14:35:00.000000000,BEST_ASK,"JPM,100416,231"
2019-06-28 14:35:00.000000000,LAST_TRADE,"5,$100416.0000"
2019-06-28 14:35:00.000000000,QUERY_SPREAD,86
2019-06-28 14:35:00.000000000,BEST_BID,"JPM,99181,286"
2019-06-28 14:35:00.000000000,BEST_ASK,"JPM,100416,229"
2019-06-28 14:35:00.000000000,LAST_TRADE,"2,$100416.0000"
2019-06-28 14:35:00.000000000,QUERY_SPREAD,87
2019-06-28 14:35:00.000000000,BEST_BID,"JPM,99181,286"
2019-06-28 14:35:00.000000000,BEST_ASK,"JPM,100416,222"
2019-06-28 14:35:00.000000000,LAST_TRADE,"7,$100416.0000"
2019-06-28 14:35:00.000000000,QUERY_SPREAD,88
2019-06-28 14:35:00.000000000,BEST_BID,"JPM,99181,286"
2019-06-28 14:35:00.000000000,BEST_ASK,"JPM,100416,214"
2019-06-28 14:35:00.000000000,LAST_TRADE,"8,$100416.0000"
2019-06-28 14:35:00.000000000,QUERY_SPREAD,89
2019-06-28 14:35:00.000000000,BEST_BID,"JPM,99181,286"
2019-06-28 14:35:00.000000000,BEST_ASK,"JPM,100416,209"
2019-06-28 14:35:00.000000000,LAST_TRADE,"5,$100416.0000"
2019-06-28 14:35:00.000000000,QUERY_SPREAD,90
2019-06-28 14:35:00.000000000,BEST_BID,"JPM,99181,286"
2019-06-28 14:35:00.000000000,BEST_ASK,"JPM,100416,205"
2019-06-28 14:35:00.000000000,LAST_TRADE,"4,$100416.0000"
2019-06-28 14:35:00.000000000,QUERY_SPREAD,91
2019-06-28 14:35:00.000000000,BEST_BID,"JPM,99181,286"
2019-06-28 14:35:00.000000000,BEST_ASK,"JPM,100416,202"
2019-06-28 14:35:00.000000000,LAST_TRADE,"3,$100416.0000"
2019-06-28 14:35:00.000000000,QUERY_SPREAD,92
2019-06-28 14:35:00.000000000,BEST_BID,"JPM,99181,286"
2019-06-28 14:35:00.000000000,BEST_ASK,"JPM,100416,197"
2019-06-28 14:35:00.000000000,LAST_TRADE,"5,$100416.0000"
2019-06-28 14:35:00.000000000,QUERY_SPREAD,93
2019-06-28 14:35:00.000000000,BEST_BID,"JPM,99181,286"
2019-06-28 14:35:00.000000000,BEST_ASK,"JPM,100416,190"
2019-06-28 14:35:00.000000000,LAST_TRADE,"7,$100416.0000"
2019-06-28 14:35:00.000000000,QUERY_SPREAD,94
2019-06-28 14:35:00.000000000,BEST_BID,"JPM,99181,286"
2019-06-28 14:35:00.000000000,BEST_ASK,"JPM,100416,189"
2019-06-28 14:35:00.000000000,LAST_TRADE,"1,$100416.0000"
2019-06-28 14:35:00.000000000,QUERY_SPREAD,95
2019-06-28 14:35:00.000000000,BEST_BID,"JPM,99181,286"
2019-06-28 14:35:00.000000000,BEST_ASK,"JPM,100416,188"
2019-06-28 14:35:00.000000000,LAST_TRADE,"1,$100416.0000"
2019-06-28 14:35:00.000000000,QUERY_SPREAD,96
2019-06-28 14:35:00.000000000,BEST_BID,"JPM,99181,286"
2019-06-28 14:35:00.000000000,BEST_ASK,"JPM,100416,184"
2019-06-28 14:35:00.000000000,LAST_TRADE,"4,$100416.0000"
2019-06-28 14:35:00.000000000,QUERY_SPREAD,97
2019-06-28 14:35:00.000000000,BEST_BID,"JPM,99181,286"
2019-06-28 14:35:00.000000000,BEST_ASK,"JPM,100416,181"
2019-06-28 14:35:00.000000000,LAST_TRADE,"3,$100416.0000"
2019-06-28 14:35:00.000000000,QUERY_SPREAD,98
2019-06-28 14:35:00.000000000,BEST_BID,"JPM,99181,286"
2019-06-28 14:35:00.000000000,BEST_ASK,"JPM,100416,176"
2019-06-28 14:35:00.000000000,LAST_TRADE,"5,$100416.0000"
2019-06-28 14:35:00.000000000,QUERY_SPREAD,99
2019-06-28 14:35:00.000000000,BEST_BID,"JPM,99181,286"
2019-06-28 14:35:00.000000000,BEST_ASK,"JPM,100416,172"
2019-06-28 14:35:00.000000000,LAST_TRADE,"4,$100416.0000"
2019-06-28 14:35:00.000000000,QUERY_SPREAD,100
2019-06-28 14:35:00.000000000,BEST_BID,"JPM,99181,286"
2019-06-28 14:35:00.000000000,BEST_ASK,"JPM,100416,167"
2019-06-28 14:35:00.000000000,LAST_TRADE,"5,$100416.0000"
2019-06-28 14:35:00.000000000,QUERY_SPREAD,101
2019-06-28 14:35:00.000000000,BEST_BID,"JPM,99181,285"
2019-06-28 14:35:00.000000000,BEST_ASK,"JPM,100416,167"
2019-06-28 14:35:00.000000000,LAST_TRADE,"1,$99181.0000"
2019-06-28 14:35:10.000000000,QUERY_SPREAD,1
2019-06-28 14:35:10.000000000,BEST_BID,"JPM,99181,225"
2019-06-28 14:35:10.000000000,BEST_ASK,"JPM,100418,100"
2019-06-28 14:35:10.000000000,BEST_BID,"JPM,99181,225"
2019-06-28 14:35:10.000000000,BEST_ASK,"JPM,100418,100"
2019-06-28 14:35:10.000000000,BEST_BID,"JPM,99181,225"
2019-06-28 14:35:10.000000000,BEST_ASK,"JPM,100418,100"
2019-06-28 14:35:10.000000000,BEST_BID,"JPM,99181,225"
2019-06-28 14:35:10.000000000,BEST_ASK,"JPM,100418,226"
2019-06-28 14:35:10.000000000,BEST_BID,"JPM,99181,225"
2019-06-28 14:35:10.000000000,BEST_ASK,"JPM,100418,226"
2019-06-28 14:35:10.000000000,BEST_BID,"JPM,99181,225"
2019-06-28 14:35:10.000000000,BEST_ASK,"JPM,100418,226"
2019-06-28 14:35:13.257793842,QUERY_ORDER_STREAM,63
2019-06-28 14:35:13.257793842,QUERY_SPREAD,63
2019-06-28 14:35:13.257793842,BEST_BID,"JPM,99181,225"
2019-06-28 14:35:13.257793842,BEST_ASK,"JPM,100416,100"
2019-06-28 14:35:15.108960059,QUERY_SPREAD,47
2019-06-28 14:35:15.108960059,BEST_BID,"JPM,99181,225"
2019-06-28 14:35:15.108960059,BEST_ASK,"JPM,99376,100"
2019-06-28 14:35:20.000000000,QUERY_SPREAD,1
2019-06-28 14:35:20.000000000,BEST_BID,"JPM,99181,285"
2019-06-28 14:35:20.000000000,BEST_ASK,"JPM,99376,100"
2019-06-28 14:35:20.000000000,BEST_BID,"JPM,99181,285"
2019-06-28 14:35:20.000000000,BEST_ASK,"JPM,99376,100"
2019-06-28 14:35:20.000000000,BEST_BID,"JPM,99181,285"
2019-06-28 14:35:20.000000000,BEST_ASK,"JPM,99376,286"
2019-06-28 14:35:20.000000000,BEST_BID,"JPM,99181,285"
2019-06-28 14:35:20.000000000,BEST_ASK,"JPM,99376,286"
2019-06-28 14:35:30.000000000,QUERY_SPREAD,1
2019-06-28 14:35:30.000000000,BEST_BID,"JPM,99181,470"
2019-06-28 14:35:30.000000000,BEST_ASK,"JPM,99376,100"
2019-06-28 14:35:30.000000000,BEST_BID,"JPM,99181,470"
2019-06-28 14:35:30.000000000,BEST_ASK,"JPM,99376,471"
2019-06-28 14:35:40.000000000,QUERY_SPREAD,1
2019-06-28 14:35:40.000000000,BEST_BID,"JPM,99181,470"
2019-06-28 14:35:40.000000000,BEST_ASK,"JPM,99376,100"
2019-06-28 14:35:40.000000000,BEST_BID,"JPM,99181,470"
2019-06-28 14:35:40.000000000,BEST_ASK,"JPM,99376,471"
2019-06-28 14:35:50.000000000,QUERY_SPREAD,1
2019-06-28 14:35:50.000000000,BEST_BID,"JPM,99181,173"
2019-06-28 14:35:50.000000000,BEST_ASK,"JPM,99376,100"
2019-06-28 14:35:50.000000000,BEST_BID,"JPM,99181,173"
2019-06-28 14:35:50.000000000,BEST_ASK,"JPM,99376,100"
2019-06-28 14:35:50.000000000,BEST_BID,"JPM,99181,173"
2019-06-28 14:35:50.000000000,BEST_ASK,"JPM,99376,100"
2019-06-28 14:35:50.000000000,BEST_BID,"JPM,99181,173"
2019-06-28 14:35:50.000000000,BEST_ASK,"JPM,99376,174"
2019-06-28 14:35:50.000000000,BEST_BID,"JPM,99181,173"
2019-06-28 14:35:50.000000000,BEST_ASK,"JPM,99376,174"
2019-06-28 14:35:50.000000000,BEST_BID,"JPM,99181,173"
2019-06-28 14:35:50.000000000,BEST_ASK,"JPM,99376,174"
2019-06-28 14:35:50.000000000,BEST_BID,"JPM,99181,173"
2019-06-28 14:35:50.000000000,BEST_ASK,"JPM,99376,174"
2019-06-28 14:35:50.000000000,BEST_BID,"JPM,99181,173"
2019-06-28 14:35:50.000000000,BEST_ASK,"JPM,99376,174"
2019-06-28 14:36:00.000000000,QUERY_SPREAD,1
2019-06-28 14:36:00.000000000,BEST_BID,"JPM,99181,285"
2019-06-28 14:36:00.000000000,BEST_ASK,"JPM,99376,100"
2019-06-28 14:36:00.000000000,BEST_BID,"JPM,99181,285"
2019-06-28 14:36:00.000000000,BEST_ASK,"JPM,99376,100"
2019-06-28 14:36:00.000000000,BEST_BID,"JPM,99181,285"
2019-06-28 14:36:00.000000000,BEST_ASK,"JPM,99376,286"
2019-06-28 14:36:00.000000000,BEST_BID,"JPM,99181,285"
2019-06-28 14:36:00.000000000,BEST_ASK,"JPM,99376,286"
2019-06-28 14:36:00.000000000,QUERY_SPREAD,77
2019-06-28 14:36:00.000000000,BEST_BID,"JPM,99181,285"
2019-06-28 14:36:00.000000000,BEST_ASK,"JPM,99376,281"
2019-06-28 14:36:00.000000000,LAST_TRADE,"5,$99376.0000"
2019-06-28 14:36:00.000000000,QUERY_SPREAD,78
2019-06-28 14:36:00.000000000,BEST_BID,"JPM,99181,285"
2019-06-28 14:36:00.000000000,BEST_ASK,"JPM,99376,273"
2019-06-28 14:36:00.000000000,LAST_TRADE,"8,$99376.0000"
2019-06-28 14:36:00.000000000,QUERY_SPREAD,79
2019-06-28 14:36:00.000000000,BEST_BID,"JPM,99181,285"
2019-06-28 14:36:00.000000000,BEST_ASK,"JPM,99376,268"
2019-06-28 14:36:00.000000000,LAST_TRADE,"5,$99376.0000"
2019-06-28 14:36:00.000000000,QUERY_SPREAD,80
2019-06-28 14:36:00.000000000,BEST_BID,"JPM,99181,285"
2019-06-28 14:36:00.000000000,BEST_ASK,"JPM,99376,260"
2019-06-28 14:36:00.000000000,LAST_TRADE,"8,$99376.0000"
2019-06-28 14:36:00.000000000,QUERY_SPREAD,81
2019-06-28 14:36:00.000000000,BEST_BID,"JPM,99181,285"
2019-06-28 14:36:00.000000000,BEST_ASK,"JPM,99376,251"
2019-06-28 14:36:00.000000000,LAST_TRADE,"9,$99376.0000"
2019-06-28 14:36:00.000000000,QUERY_SPREAD,82
2019-06-28 14:36:00.000000000,BEST_BID,"JPM,99181,285"
2019-06-28 14:36:00.000000000,BEST_ASK,"JPM,99376,248"
2019-06-28 14:36:00.000000000,LAST_TRADE,"3,$99376.0000"
2019-06-28 14:36:00.000000000,QUERY_SPREAD,83
2019-06-28 14:36:00.000000000,BEST_BID,"JPM,99181,285"
2019-06-28 14:36:00.000000000,BEST_ASK,"JPM,99376,240"
2019-06-28 14:36:00.000000000,LAST_TRADE,"8,$99376.0000"
2019-06-28 14:36:00.000000000,QUERY_SPREAD,84
2019-06-28 14:36:00.000000000,BEST_BID,"JPM,99181,285"
2019-06-28 14:36:00.000000000,BEST_ASK,"JPM,99376,236"
2019-06-28 14:36:00.000000000,LAST_TRADE,"4,$99376.0000"
2019-06-28 14:36:00.000000000,QUERY_SPREAD,85
2019-06-28 14:36:00.000000000,BEST_BID,"JPM,99181,285"
2019-06-28 14:36:00.000000000,BEST_ASK,"JPM,99376,231"
2019-06-28 14:36:00.000000000,LAST_TRADE,"5,$99376.0000"
2019-06-28 14:36:00.000000000,QUERY_SPREAD,86
2019-06-28 14:36:00.000000000,BEST_BID,"JPM,99181,285"
2019-06-28 14:36:00.000000000,BEST_ASK,"JPM,99376,229"
2019-06-28 14:36:00.000000000,LAST_TRADE,"2,$99376.0000"
2019-06-28 14:36:00.000000000,QUERY_SPREAD,87
2019-06-28 14:36:00.000000000,BEST_BID,"JPM,99181,285"
2019-06-28 14:36:00.000000000,BEST_ASK,"JPM,99376,222"
2019-06-28 14:36:00.000000000,LAST_TRADE,"7,$99376.0000"
2019-06-28 14:36:00.000000000,QUERY_SPREAD,88
2019-06-28 14:36:00.000000000,BEST_BID,"JPM,99181,285"
2019-06-28 14:36:00.000000000,BEST_ASK,"JPM,99376,214"
2019-06-28 14:36:00.000000000,LAST_TRADE,"8,$99376.0000"
2019-06-28 14:36:00.000000000,QUERY_SPREAD,89
2019-06-28 14:36:00.000000000,BEST_BID,"JPM,99181,285"
2019-06-28 14:36:00.000000000,BEST_ASK,"JPM,99376,209"
2019-06-28 14:36:00.000000000,LAST_TRADE,"5,$99376.0000"
2019-06-28 14:36:00.000000000,QUERY_SPREAD,90
2019-06-28 14:36:00.000000000,BEST_BID,"JPM,99181,285"
2019-06-28 14:36:00.000000000,BEST_ASK,"JPM,99376,205"
2019-06-28 14:36:00.000000000,LAST_TRADE,"4,$99376.0000"
2019-06-28 14:36:00.000000000,QUERY_SPREAD,91
2019-06-28 14:36:00.000000000,BEST_BID,"JPM,99181,285"
2019-06-28 14:36:00.000000000,BEST_ASK,"JPM,99376,202"
2019-06-28 14:36:00.000000000,LAST_TRADE,"3,$99376.0000"
2019-06-28 14:36:00.000000000,QUERY_SPREAD,92
2019-06-28 14:36:00.000000000,BEST_BID,"JPM,99181,285"
2019-06-28 14:36:00.000000000,BEST_ASK,"JPM,99376,197"
2019-06-28 14:36:00.000000000,LAST_TRADE,"5,$99376.0000"
2019-06-28 14:36:00.000000000,QUERY_SPREAD,93
2019-06-28 14:36:00.000000000,BEST_BID,"JPM,99181,285"
2019-06-28 14:36:00.000000000,BEST_ASK,"JPM,99376,190"
2019-06-28 14:36:00.000000000,LAST_TRADE,"7,$99376.0000"
2019-06-28 14:36:00.000000000,QUERY_SPREAD,94
2019-06-28 14:36:00.000000000,BEST_BID,"JPM,99181,285"
2019-06-28 14:36:00.000000000,BEST_ASK,"JPM,99376,189"
2019-06-28 14:36:00.000000000,LAST_TRADE,"1,$99376.0000"
2019-06-28 14:36:00.000000000,QUERY_SPREAD,95
2019-06-28 14:36:00.000000000,BEST_BID,"JPM,99181,285"
2019-06-28 14:36:00.000000000,BEST_ASK,"JPM,99376,188"
2019-06-28 14:36:00.000000000,LAST_TRADE,"1,$99376.0000"
2019-06-28 14:36:00.000000000,QUERY_SPREAD,96
2019-06-28 14:36:00.000000000,BEST_BID,"JPM,99181,285"
2019-06-28 14:36:00.000000000,BEST_ASK,"JPM,99376,184"
2019-06-28 14:36:00.000000000,LAST_TRADE,"4,$99376.0000"
2019-06-28 14:36:00.000000000,QUERY_SPREAD,97
2019-06-28 14:36:00.000000000,BEST_BID,"JPM,99181,285"
2019-06-28 14:36:00.000000000,BEST_ASK,"JPM,99376,181"
2019-06-28 14:36:00.000000000,LAST_TRADE,"3,$99376.0000"
2019-06-28 14:36:00.000000000,QUERY_SPREAD,98
2019-06-28 14:36:00.000000000,BEST_BID,"JPM,99181,285"
2019-06-28 14:36:00.000000000,BEST_ASK,"JPM,99376,176"
2019-06-28 14:36:00.000000000,LAST_TRADE,"5,$99376.0000"
2019-06-28 14:36:00.000000000,QUERY_SPREAD,99
2019-06-28 14:36:00.000000000,BEST_BID,"JPM,99181,285"
2019-06-28 14:36:00.000000000,BEST_ASK,"JPM,99376,172"
2019-06-28 14:36:00.000000000,LAST_TRADE,"4,$99376.0000"
2019-06-28 14:36:00.000000000,QUERY_SPREAD,100
2019-06-28 14:36:00.000000000,BEST_BID,"JPM,99181,285"
2019-06-28 14:36:00.000000000,BEST_ASK,"JPM,99376,167"
2019-06-28 14:36:00.000000000,LAST_TRADE,"5,$99376.0000"
2019-06-28 14:36:00.000000000,QUERY_SPREAD,101
2019-06-28 14:36:00.000000000,BEST_BID,"JPM,99181,284"
2019-06-28 14:36:00.000000000,BEST_ASK,"JPM,99376,167"
2019-06-28 14:36:00.000000000,LAST_TRADE,"1,$99181.0000"
2019-06-28 14:36:10.000000000,QUERY_SPREAD,1
2019-06-28 14:36:10.000000000,BEST_BID,"JPM,99181,191"
2019-06-28 14:36:10.000000000,BEST_ASK,"JPM,100416,100"
2019-06-28 14:36:10.000000000,BEST_BID,"JPM,99181,191"
2019-06-28 14:36:10.000000000,BEST_ASK,"JPM,100416,100"
2019-06-28 14:36:10.000000000,BEST_BID,"JPM,99181,191"
2019-06-28 14:36:10.000000000,BEST_ASK,"JPM,100416,100"
2019-06-28 14:36:10.000000000,BEST_BID,"JPM,99181,191"
2019-06-28 14:36:10.000000000,BEST_ASK,"JPM,100416,193"
2019-06-28 14:36:10.000000000,BEST_BID,"JPM,99181,191"
2019-06-28 14:36:10.000000000,BEST_ASK,"JPM,100416,193"
2019-06-28 14:36:10.000000000,BEST_BID,"JPM,99181,191"
2019-06-28 14:36:10.000000000,BEST_ASK,"JPM,100416,193"
2019-06-28 14:36:10.000000000,BEST_BID,"JPM,99181,191"
2019-06-28 14:36:10.000000000,BEST_ASK,"JPM,100416,193"
2019-06-28 14:36:20.000000000,QUERY_SPREAD,1
2019-06-28 14:36:20.000000000,BEST_BID,"JPM,99181,469"
2019-06-28 14:36:20.000000000,BEST_ASK,"JPM,100416,100"
2019-06-28 14:36:20.000000000,BEST_BID,"JPM,99181,469"
2019-06-28 14:36:20.000000000,BEST_ASK,"JPM,100416,471"
2019-06-28 14:36:30.000000000,QUERY_SPREAD,1
2019-06-28 14:36:30.000000000,BEST_BID,"JPM,99181,469"
2019-06-28 14:36:30.000000000,BEST_ASK,"JPM,100416,100"
2019-06-28 14:36:30.000000000,BEST_BID,"JPM,99181,469"
2019-06-28 14:36:30.000000000,BEST_ASK,"JPM,100416,471"
2019-06-28 14:36:40.000000000,QUERY_SPREAD,1
2019-06-28 14:36:40.000000000,BEST_BID,"JPM,99181,172"
2019-06-28 14:36:40.000000000,BEST_ASK,"JPM,100416,100"
2019-06-28 14:36:40.000000000,BEST_BID,"JPM,99181,172"
2019-06-28 14:36:40.000000000,BEST_ASK,"JPM,100416,100"
2019-06-28 14:36:40.000000000,BEST_BID,"JPM,99181,172"
2019-06-28 14:36:40.000000000,BEST_ASK,"JPM,100416,100"
2019-06-28 14:36:40.000000000,BEST_BID,"JPM,99181,172"
2019-06-28 14:36:40.000000000,BEST_ASK,"JPM,100416,174"
2019-06-28 14:36:40.000000000,BEST_BID,"JPM,99181,172"
2019-06-28 14:36:40.000000000,BEST_ASK,"JPM,100416,174"
2019-06-28 14:36:40.000000000,BEST_BID,"JPM,99181,172"
2019-06-28 14:36:40.000000000,BEST_ASK,"JPM,100416,174"
2019-06-28 14:36:40.000000000,BEST_BID,"JPM,99181,172"
2019-06-28 14:36:40.000000000,BEST_ASK,"JPM,100416,174"
2019-06-28 14:36:40.000000000,BEST_BID,"JPM,99181,172"
2019-06-28 14:36:40.000000000,BEST_ASK,"JPM,100416,174"
2019-06-28 14:36:45.839001573,QUERY_ORDER_STREAM,76
2019-06-28 14:36:45.839001573,QUERY_SPREAD,76
2019-06-28 14:36:45.839001573,BEST_BID,"JPM,99181,272"
2019-06-28 14:36:45.839001573,BEST_ASK,"JPM,100416,174"
2019-06-28 14:36:46.322044399,QUERY_SPREAD,42
2019-06-28 14:36:46.322044399,BEST_BID,"JPM,99181,272"
2019-06-28 14:36:46.322044399,BEST_ASK,"JPM,100098,100"
2019-06-28 14:36:50.000000000,QUERY_SPREAD,1
2019-06-28 14:36:50.000000000,BEST_BID,"JPM,99181,291"
2019-06-28 14:36:50.000000000,BEST_ASK,"JPM,100098,100"
2019-06-28 14:36:50.000000000,BEST_BID,"JPM,99181,291"
2019-06-28 14:36:50.000000000,BEST_ASK,"JPM,100098,100"
2019-06-28 14:36:50.000000000,BEST_BID,"JPM,99181,291"
2019-06-28 14:36:50.000000000,BEST_ASK,"JPM,100098,100"
2019-06-28 14:36:50.000000000,BEST_BID,"JPM,99181,291"
2019-06-28 14:36:50.000000000,BEST_ASK,"JPM,100098,193"
2019-06-28 14:36:50.000000000,BEST_BID,"JPM,99181,291"
2019-06-28 14:36:50.000000000,BEST_ASK,"JPM,100098,193"
2019-06-28 14:36:50.000000000,BEST_BID,"JPM,99181,291"
2019-06-28 14:36:50.000000000,BEST_ASK,"JPM,100098,193"
2019-06-28 14:36:50.000000000,BEST_BID,"JPM,99181,291"
2019-06-28 14:36:50.000000000,BEST_ASK,"JPM,100098,193"
2019-06-28 14:37:00.000000000,QUERY_SPREAD,1
2019-06-28 14:37:00.000000000,BEST_BID,"JPM,99181,384"
2019-06-28 14:37:00.000000000,BEST_ASK,"JPM,100098,100"
2019-06-28 14:37:00.000000000,BEST_BID,"JPM,99181,384"
2019-06-28 14:37:00.000000000,BEST_ASK,"JPM,100098,100"
2019-06-28 14:37:00.000000000,BEST_BID,"JPM,99181,384"
2019-06-28 14:37:00.000000000,BEST_ASK,"JPM,100098,286"
2019-06-28 14:37:00.000000000,BEST_BID,"JPM,99181,384"
2019-06-28 14:37:00.000000000,BEST_ASK,"JPM,100098,286"
2019-06-28 14:37:00.000000000,QUERY_SPREAD,77
2019-06-28 14:37:00.000000000,BEST_BID,"JPM,99181,384"
2019-06-28 14:37:00.000000000,BEST_ASK,"JPM,100098,281"
2019-06-28 14:37:00.000000000,LAST_TRADE,"5,$100098.0000"
2019-06-28 14:37:00.000000000,QUERY_SPREAD,78
2019-06-28 14:37:00.000000000,BEST_BID,"JPM,99181,384"
2019-06-28 14:37:00.000000000,BEST_ASK,"JPM,100098,273"
2019-06-28 14:37:00.000000000,LAST_TRADE,"8,$100098.0000"
2019-06-28 14:37:00.000000000,QUERY_SPREAD,79
2019-06-28 14:37:00.000000000,BEST_BID,"JPM,99181,384"
2019-06-28 14:37:00.000000000,BEST_ASK,"JPM,100098,268"
2019-06-28 14:37:00.000000000,LAST_TRADE,"5,$100098.0000"
2019-06-28 14:37:00.000000000,QUERY_SPREAD,80
2019-06-28 14:37:00.000000000,BEST_BID,"JPM,99181,384"
2019-06-28 14:37:00.000000000,BEST_ASK,"JPM,100098,260"
2019-06-28 14:37:00.000000000,LAST_TRADE,"8,$100098.0000"
2019-06-28 14:37:00.000000000,QUERY_SPREAD,81
2019-06-28 14:37:00.000000000,BEST_BID,"JPM,99181,384"
2019-06-28 14:37:00.000000000,BEST_ASK,"JPM,100098,251"
2019-06-28 14:37:00.000000000,LAST_TRADE,"9,$100098.0000"
2019-06-28 14:37:00.000000000,QUERY_SPREAD,82
2019-06-28 14:37:00.000000000,BEST_BID,"JPM,99181,384"
2019-06-28 14:37:00.000000000,BEST_ASK,"JPM,100098,248"
2019-06-28 14:37:00.000000000,LAST_TRADE,"3,$100098.0000"
2019-06-28 14:37:00.000000000,QUERY_SPREAD,83
2019-06-28 14:37:00.000000000,BEST_BID,"JPM,99181,384"
2019-06-28 14:37:00.000000000,BEST_ASK,"JPM,100098,240"
2019-06-28 14:37:00.000000000,LAST_TRADE,"8,$100098.0000"
2019-06-28 14:37:00.000000000,QUERY_SPREAD,84
2019-06-28 14:37:00.000000000,BEST_BID,"JPM,99181,384"
2019-06-28 14:37:00.000000000,BEST_ASK,"JPM,100098,236"
2019-06-28 14:37:00.000000000,LAST_TRADE,"4,$100098.0000"
2019-06-28 14:37:00.000000000,QUERY_SPREAD,85
2019-06-28 14:37:00.000000000,BEST_BID,"JPM,99181,384"
2019-06-28 14:37:00.000000000,BEST_ASK,"JPM,100098,231"
2019-06-28 14:37:00.000000000,LAST_TRADE,"5,$100098.0000"
2019-06-28 14:37:00.000000000,QUERY_SPREAD,86
2019-06-28 14:37:00.000000000,BEST_BID,"JPM,99181,384"
2019-06-28 14:37:00.000000000,BEST_ASK,"JPM,100098,229"
2019-06-28 14:37:00.000000000,LAST_TRADE,"2,$100098.0000"
2019-06-28 14:37:00.000000000,QUERY_SPREAD,87
2019-06-28 14:37:00.000000000,BEST_BID,"JPM,99181,384"
2019-06-28 14:37:00.000000000,BEST_ASK,"JPM,100098,222"
2019-06-28 14:37:00.000000000,LAST_TRADE,"7,$100098.0000"
2019-06-28 14:37:00.000000000,QUERY_SPREAD,88
2019-06-28 14:37:00.000000000,BEST_BID,"JPM,99181,384"
2019-06-28 14:37:00.000000000,BEST_ASK,"JPM,100098,214"
2019-06-28 14:37:00.000000000,LAST_TRADE,"8,$100098.0000"
2019-06-28 14:37:00.000000000,QUERY_SPREAD,89
2019-06-28 14:37:00.000000000,BEST_BID,"JPM,99181,384"
2019-06-28 14:37:00.000000000,BEST_ASK,"JPM,100098,209"
2019-06-28 14:37:00.000000000,LAST_TRADE,"5,$100098.0000"
2019-06-28 14:37:00.000000000,QUERY_SPREAD,90
2019-06-28 14:37:00.000000000,BEST_BID,"JPM,99181,384"
2019-06-28 14:37:00.000000000,BEST_ASK,"JPM,100098,205"
2019-06-28 14:37:00.000000000,LAST_TRADE,"4,$100098.0000"
2019-06-28 14:37:00.000000000,QUERY_SPREAD,91
2019-06-28 14:37:00.000000000,BEST_BID,"JPM,99181,384"
2019-06-28 14:37:00.000000000,BEST_ASK,"JPM,100098,202"
2019-06-28 14:37:00.000000000,LAST_TRADE,"3,$100098.0000"
2019-06-28 14:37:00.000000000,QUERY_SPREAD,92
2019-06-28 14:37:00.000000000,BEST_BID,"JPM,99181,384"
2019-06-28 14:37:00.000000000,BEST_ASK,"JPM,100098,197"
2019-06-28 14:37:00.000000000,LAST_TRADE,"5,$100098.0000"
2019-06-28 14:37:00.000000000,QUERY_SPREAD,93
2019-06-28 14:37:00.000000000,BEST_BID,"JPM,99181,384"
2019-06-28 14:37:00.000000000,BEST_ASK,"JPM,100098,190"
2019-06-28 14:37:00.000000000,LAST_TRADE,"7,$100098.0000"
2019-06-28 14:37:00.000000000,QUERY_SPREAD,94
2019-06-28 14:37:00.000000000,BEST_BID,"JPM,99181,384"
2019-06-28 14:37:00.000000000,BEST_ASK,"JPM,100098,189"
2019-06-28 14:37:00.000000000,LAST_TRADE,"1,$100098.0000"
2019-06-28 14:37:00.000000000,QUERY_SPREAD,95
2019-06-28 14:37:00.000000000,BEST_BID,"JPM,99181,384"
2019-06-28 14:37:00.000000000,BEST_ASK,"JPM,100098,188"
2019-06-28 14:37:00.000000000,LAST_TRADE,"1,$100098.0000"
2019-06-28 14:37:00.000000000,QUERY_SPREAD,96
2019-06-28 14:37:00.000000000,BEST_BID,"JPM,99181,384"
2019-06-28 14:37:00.000000000,BEST_ASK,"JPM,100098,184"
2019-06-28 14:37:00.000000000,LAST_TRADE,"4,$100098.0000"
2019-06-28 14:37:00.000000000,QUERY_SPREAD,97
2019-06-28 14:37:00.000000000,BEST_BID,"JPM,99181,384"
2019-06-28 14:37:00.000000000,BEST_ASK,"JPM,100098,181"
2019-06-28 14:37:00.000000000,LAST_TRADE,"3,$100098.0000"
2019-06-28 14:37:00.000000000,QUERY_SPREAD,98
2019-06-28 14:37:00.000000000,BEST_BID,"JPM,99181,384"
2019-06-28 14:37:00.000000000,BEST_ASK,"JPM,100098,176"
2019-06-28 14:37:00.000000000,LAST_TRADE,"5,$100098.0000"
2019-06-28 14:37:00.000000000,QUERY_SPREAD,99
2019-06-28 14:37:00.000000000,BEST_BID,"JPM,99181,384"
2019-06-28 14:37:00.000000000,BEST_ASK,"JPM,100098,172"
2019-06-28 14:37:00.000000000,LAST_TRADE,"4,$100098.0000"
2019-06-28 14:37:00.000000000,QUERY_SPREAD,100
2019-06-28 14:37:00.000000000,BEST_BID,"JPM,99181,384"
2019-06-28 14:37:00.000000000,BEST_ASK,"JPM,100098,167"
2019-06-28 14:37:00.000000000,LAST_TRADE,"5,$100098.0000"
2019-06-28 14:37:00.000000000,QUERY_SPREAD,101
2019-06-28 14:37:00.000000000,BEST_BID,"JPM,99181,384"
2019-06-28 14:37:00.000000000,BEST_ASK,"JPM,100098,166"
2019-06-28 14:37:00.000000000,LAST_TRADE,"1,$100098.0000"
2019-06-28 14:37:10.000000000,QUERY_SPREAD,1
2019-06-28 14:37:10.000000000,BEST_BID,"JPM,99181,272"
2019-06-28 14:37:10.000000000,BEST_ASK,"JPM,100416,100"
2019-06-28 14:37:10.000000000,BEST_BID,"JPM,99181,272"
2019-06-28 14:37:10.000000000,BEST_ASK,"JPM,100416,100"
2019-06-28 14:37:10.000000000,BEST_BID,"JPM,99181,272"
2019-06-28 14:37:10.000000000,BEST_ASK,"JPM,100416,100"
2019-06-28 14:37:10.000000000,BEST_BID,"JPM,99181,272"
2019-06-28 14:37:10.000000000,BEST_ASK,"JPM,100416,174"
2019-06-28 14:37:10.000000000,BEST_BID,"JPM,99181,272"
2019-06-28 14:37:10.000000000,BEST_ASK,"JPM,100416,174"
2019-06-28 14:37:10.000000000,BEST_BID,"JPM,99181,272"
2019-06-28 14:37:10.000000000,BEST_ASK,"JPM,100416,174"
2019-06-28 14:37:10.000000000,BEST_BID,"JPM,99181,272"
2019-06-28 14:37:10.000000000,BEST_ASK,"JPM,100416,174"
2019-06-28 14:37:10.000000000,BEST_BID,"JPM,99181,272"
2019-06-28 14:37:10.000000000,BEST_ASK,"JPM,100416,174"
2019-06-28 14:37:20.000000000,QUERY_SPREAD,1
2019-06-28 14:37:20.000000000,BEST_BID,"JPM,99181,384"
2019-06-28 14:37:20.000000000,BEST_ASK,"JPM,100416,100"
2019-06-28 14:37:20.000000000,BEST_BID,"JPM,99181,384"
2019-06-28 14:37:20.000000000,BEST_ASK,"JPM,100416,100"
2019-06-28 14:37:20.000000000,BEST_BID,"JPM,99181,384"
2019-06-28 14:37:20.000000000,BEST_ASK,"JPM,100416,286"
2019-06-28 14:37:20.000000000,BEST_BID,"JPM,99181,384"
2019-06-28 14:37:20.000000000,BEST_ASK,"JPM,100416,286"
2019-06-28 14:37:27.457865369,QUERY_SPREAD,33
2019-06-28 14:37:27.457865369,BEST_BID,"JPM,99181,384"
2019-06-28 14:37:27.457865369,BEST_ASK,"JPM,100416,286"
2019-06-28 14:37:30.000000000,QUERY_SPREAD,1
2019-06-28 14:37:30.000000000,BEST_BID,"JPM,99181,324"
2019-06-28 14:37:30.000000000,BEST_ASK,"JPM,100416,100"
2019-06-28 14:37:30.000000000,BEST_BID,"JPM,99181,324"
2019-06-28 14:37:30.000000000,BEST_ASK,"JPM,100416,100"
2019-06-28 14:37:30.000000000,BEST_BID,"JPM,99181,324"
2019-06-28 14:37:30.000000000,BEST_ASK,"JPM,100416,100"
2019-06-28 14:37:30.000000000,BEST_BID,"JPM,99181,324"
2019-06-28 14:37:30.000000000,BEST_ASK,"JPM,100416,226"
2019-06-28 14:37:30.000000000,BEST_BID,"JPM,99181,324"
2019-06-28 14:37:30.000000000,BEST_ASK,"JPM,100416,226"
2019-06-28 14:37:30.000000000,BEST_BID,"JPM,99181,324"
2019-06-28 14:37:30.000000000,BEST_ASK,"JPM,100416,226"
2019-06-28 14:37:40.000000000,QUERY_SPREAD,1
2019-06-28 14:37:40.000000000,BEST_BID,"JPM,99181,384"
2019-06-28 14:37:40.000000000,BEST_ASK,"JPM,100416,100"
2019-06-28 14:37:40.000000000,BEST_BID,"JPM,99181,384"
2019-06-28 14:37:40.000000000,BEST_ASK,"JPM,100416,100"
2019-06-28 14:37:40.000000000,BEST_BID,"JPM,99181,384"
2019-06-28 14:37:40.000000000,BEST_ASK,"JPM,100416,286"
2019-06-28 14:37:40.000000000,BEST_BID,"JPM,99181,384"
2019-06-28 14:37:40.000000000,BEST_ASK,"JPM,100416,286"
2019-06-28 14:37:50.000000000,QUERY_SPREAD,1
2019-06-28 14:37:50.000000000,BEST_BID,"JPM,99181,569"
2019-06-28 14:37:50.000000000,BEST_ASK,"JPM,100416,100"
2019-06-28 14:37:50.000000000,BEST_BID,"JPM,99181,569"
2019-06-28 14:37:50.000000000,BEST_ASK,"JPM,100416,471"
2019-06-28 14:38:00.000000000,QUERY_SPREAD,1
2019-06-28 14:38:00.000000000,BEST_BID,"JPM,99181,569"
2019-06-28 14:38:00.000000000,BEST_ASK,"JPM,100416,100"
2019-06-28 14:38:00.000000000,BEST_BID,"JPM,99181,569"
2019-06-28 14:38:00.000000000,BEST_ASK,"JPM,100416,471"
2019-06-28 14:38:00.000000000,QUERY_SPREAD,77
2019-06-28 14:38:00.000000000,BEST_BID,"JPM,99181,569"
2019-06-28 14:38:00.000000000,BEST_ASK,"JPM,100416,466"
2019-06-28 14:38:00.000000000,LAST_TRADE,"5,$100416.0000"
2019-06-28 14:38:00.000000000,QUERY_SPREAD,78
2019-06-28 14:38:00.000000000,BEST_BID,"JPM,99181,569"
2019-06-28 14:38:00.000000000,BEST_ASK,"JPM,100416,458"
2019-06-28 14:38:00.000000000,LAST_TRADE,"8,$100416.0000"
2019-06-28 14:38:00.000000000,QUERY_SPREAD,79
2019-06-28 14:38:00.000000000,BEST_BID,"JPM,99181,569"
2019-06-28 14:38:00.000000000,BEST_ASK,"JPM,100416,453"
2019-06-28 14:38:00.000000000,LAST_TRADE,"5,$100416.0000"
2019-06-28 14:38:00.000000000,QUERY_SPREAD,80
2019-06-28 14:38:00.000000000,BEST_BID,"JPM,99181,569"
2019-06-28 14:38:00.000000000,BEST_ASK,"JPM,100416,445"
2019-06-28 14:38:00.000000000,LAST_TRADE,"8,$100416.0000"
2019-06-28 14:38:00.000000000,QUERY_SPREAD,81
2019-06-28 14:38:00.000000000,BEST_BID,"JPM,99181,569"
2019-06-28 14:38:00.000000000,BEST_ASK,"JPM,100416,436"
2019-06-28 14:38:00.000000000,LAST_TRADE,"9,$100416.0000"
2019-06-28 14:38:00.000000000,QUERY_SPREAD,82
2019-06-28 14:38:00.000000000,BEST_BID,"JPM,99181,569"
2019-06-28 14:38:00.000000000,BEST_ASK,"JPM,100416,433"
2019-06-28 14:38:00.000000000,LAST_TRADE,"3,$100416.0000"
2019-06-28 14:38:00.000000000,QUERY_SPREAD,83
2019-06-28 14:38:00.000000000,BEST_BID,"JPM,99181,569"
2019-06-28 14:38:00.000000000,BEST_ASK,"JPM,100416,425"
2019-06-28 14:38:00.000000000,LAST_TRADE,"8,$100416.0000"
2019-06-28 14:38:00.000000000,QUERY_SPREAD,84
2019-06-28 14:38:00.000000000,BEST_BID,"JPM,99181,569"
2019-06-28 14:38:00.000000000,BEST_ASK,"JPM,100416,421"
2019-06-28 14:38:00.000000000,LAST_TRADE,"4,$100416.0000"
2019-06-28 14:38:00.000000000,QUERY_SPREAD,85
2019-06-28 14:38:00.000000000,BEST_BID,"JPM,99181,569"
2019-06-28 14:38:00.000000000,BEST_ASK,"JPM,100416,416"
2019-06-28 14:38:00.000000000,LAST_TRADE,"5,$100416.0000"
2019-06-28 14:38:00.000000000,QUERY_SPREAD,86
2019-06-28 14:38:00.000000000,BEST_BID,"JPM,99181,569"
2019-06-28 14:38:00.000000000,BEST_ASK,"JPM,100416,414"
2019-06-28 14:38:00.000000000,LAST_TRADE,"2,$100416.0000"
2019-06-28 14:38:00.000000000,QUERY_SPREAD,87
2019-06-28 14:38:00.000000000,BEST_BID,"JPM,99181,569"
2019-06-28 14:38:00.000000000,BEST_ASK,"JPM,100416,407"
2019-06-28 14:38:00.000000000,LAST_TRADE,"7,$100416.0000"
2019-06-28 14:38:00.000000000,QUERY_SPREAD,88
2019-06-28 14:38:00.000000000,BEST_BID,"JPM,99181,569"
2019-06-28 14:38:00.000000000,BEST_ASK,"JPM,100416,399"
2019-06-28 14:38:00.000000000,LAST_TRADE,"8,$100416.0000"
2019-06-28 14:38:00.000000000,QUERY_SPREAD,89
2019-06-28 14:38:00.000000000,BEST_BID,"JPM,99181,569"
2019-06-28 14:38:00.000000000,BEST_ASK,"JPM,100416,394"
2019-06-28 14:38:00.000000000,LAST_TRADE,"5,$100416.0000"
2019-06-28 14:38:00.000000000,QUERY_SPREAD,90
2019-06-28 14:38:00.000000000,BEST_BID,"JPM,99181,569"
2019-06-28 14:38:00.000000000,BEST_ASK,"JPM,100416,390"
2019-06-28 14:38:00.000000000,LAST_TRADE,"4,$100416.0000"
2019-06-28 14:38:00.000000000,QUERY_SPREAD,91
2019-06-28 14:38:00.000000000,BEST_BID,"JPM,99181,569"
2019-06-28 14:38:00.000000000,BEST_ASK,"JPM,100416,387"
2019-06-28 14:38:00.000000000,LAST_TRADE,"3,$100416.0000"
2019-06-28 14:38:00.000000000,QUERY_SPREAD,92
2019-06-28 14:38:00.000000000,BEST_BID,"JPM,99181,569"
2019-06-28 14:38:00.000000000,BEST_ASK,"JPM,100416,382"
2019-06-28 14:38:00.000000000,LAST_TRADE,"5,$100416.0000"
2019-06-28 14:38:00.000000000,QUERY_SPREAD,93
2019-06-28 14:38:00.000000000,BEST_BID,"JPM,99181,569"
2019-06-28 14:38:00.000000000,BEST_ASK,"JPM,100416,375"
2019-06-28 14:38:00.000000000,LAST_TRADE,"7,$100416.0000"
2019-06-28 14:38:00.000000000,QUERY_SPREAD,94
2019-06-28 14:38:00.000000000,BEST_BID,"JPM,99181,569"
2019-06-28 14:38:00.000000000,BEST_ASK,"JPM,100416,374"
2019-06-28 14:38:00.000000000,LAST_TRADE,"1,$100416.0000"
2019-06-28 14:38:00.000000000,QUERY_SPREAD,95
2019-06-28 14:38:00.000000000,BEST_BID,"JPM,99181,569"
2019-06-28 14:38:00.000000000,BEST_ASK,"JPM,100416,373"
2019-06-28 14:38:00.000000000,LAST_TRADE,"1,$100416.0000"
2019-06-28 14:38:00.000000000,QUERY_SPREAD,96
2019-06-28 14:38:00.000000000,BEST_BID,"JPM,99181,569"
2019-06-28 14:38:00.000000000,BEST_ASK,"JPM,100416,369"
2019-06-28 14:38:00.000000000,LAST_TRADE,"4,$100416.0000"
2019-06-28 14:38:00.000000000,QUERY_SPREAD,97
2019-06-28 14:38:00.000000000,BEST_BID,"JPM,99181,569"
2019-06-28 14:38:00.000000000,BEST_ASK,"JPM,100416,366"
2019-06-28 14:38:00.000000000,LAST_TRADE,"3,$100416.0000"
2019-06-28 14:38:00.000000000,QUERY_SPREAD,98
2019-06-28 14:38:00.000000000,BEST_BID,"JPM,99181,569"
2019-06-28 14:38:00.000000000,BEST_ASK,"JPM,100416,361"
2019-06-28 14:38:00.000000000,LAST_TRADE,"5,$100416.0000"
2019-06-28 14:38:00.000000000,QUERY_SPREAD,99
2019-06-28 14:38:00.000000000,BEST_BID,"JPM,99181,569"
2019-06-28 14:38:00.000000000,BEST_ASK,"JPM,100416,357"
2019-06-28 14:38:00.000000000,LAST_TRADE,"4,$100416.0000"
2019-06-28 14:38:00.000000000,QUERY_SPREAD,100
2019-06-28 14:38:00.000000000,BEST_BID,"JPM,99181,569"
2019-06-28 14:38:00.000000000,BEST_ASK,"JPM,100416,352"
2019-06-28 14:38:00.000000000,LAST_TRADE,"5,$100416.0000"
2019-06-28 14:38:00.000000000,QUERY_SPREAD,101
2019-06-28 14:38:00.000000000,BEST_BID,"JPM,99181,568"
2019-06-28 14:38:00.000000000,BEST_ASK,"JPM,100416,352"
2019-06-28 14:38:00.000000000,LAST_TRADE,"1,$99181.0000"
2019-06-28 14:38:10.000000000,QUERY_SPREAD,1
2019-06-28 14:38:10.000000000,BEST_BID,"JPM,99181,323"
2019-06-28 14:38:10.000000000,BEST_ASK,"JPM,100418,100"
2019-06-28 14:38:10.000000000,BEST_BID,"JPM,99181,323"
2019-06-28 14:38:10.000000000,BEST_ASK,"JPM,100418,100"
2019-06-28 14:38:10.000000000,BEST_BID,"JPM,99181,323"
2019-06-28 14:38:10.000000000,BEST_ASK,"JPM,100418,100"
2019-06-28 14:38:10.000000000,BEST_BID,"JPM,99181,323"
2019-06-28 14:38:10.000000000,BEST_ASK,"JPM,100418,226"
2019-06-28 14:38:10.000000000,BEST_BID,"JPM,99181,323"
2019-06-28 14:38:10.000000000,BEST_ASK,"JPM,100418,226"
2019-06-28 14:38:10.000000000,BEST_BID,"JPM,99181,323"
2019-06-28 14:38:10.000000000,BEST_ASK,"JPM,100418,226"
2019-06-28 14:38:20.000000000,QUERY_SPREAD,1
2019-06-28 14:38:20.000000000,BEST_BID,"JPM,99181,383"
2019-06-28 14:38:20.000000000,BEST_ASK,"JPM,100418,100"
2019-06-28 14:38:20.000000000,BEST_BID,"JPM,99181,383"
2019-06-28 14:38:20.000000000,BEST_ASK,"JPM,100418,100"
2019-06-28 14:38:20.000000000,BEST_BID,"JPM,99181,383"
2019-06-28 14:38:20.000000000,BEST_ASK,"JPM,100418,286"
2019-06-28 14:38:20.000000000,BEST_BID,"JPM,99181,383"
2019-06-28 14:38:20.000000000,BEST_ASK,"JPM,100418,286"
2019-06-28 14:38:23.494642505,QUERY_SPREAD,15
2019-06-28 14:38:23.494642505,BEST_BID,"JPM,99181,383"
2019-06-28 14:38:23.494642505,BEST_ASK,"JPM,100418,186"
2019-06-28 14:38:23.494642505,LAST_TRADE,"100,$100418.0000"
2019-06-28 14:38:25.210381658,QUERY_SPREAD,18
2019-06-28 14:38:25.210381658,BEST_BID,"JPM,99181,383"
2019-06-28 14:38:25.210381658,BEST_ASK,"JPM,100418,186"
2019-06-28 14:38:25.437171901,QUERY_ORDER_STREAM,68
2019-06-28 14:38:25.437171901,QUERY_SPREAD,68
2019-06-28 14:38:25.437171901,BEST_BID,"JPM,99182,100"
2019-06-28 14:38:25.437171901,BEST_ASK,"JPM,100418,186"
2019-06-28 14:38:27.985437937,QUERY_SPREAD,34
2019-06-28 14:38:27.985437937,BEST_BID,"JPM,99182,100"
2019-06-28 14:38:27.985437937,BEST_ASK,"JPM,100418,186"
2019-06-28 14:38:30.000000000,QUERY_SPREAD,1
2019-06-28 14:38:30.000000000,BEST_BID,"JPM,99182,226"
2019-06-28 14:38:30.000000000,BEST_ASK,"JPM,100458,100"
2019-06-28 14:38:30.000000000,BEST_BID,"JPM,99182,226"
2019-06-28 14:38:30.000000000,BEST_ASK,"JPM,100458,100"
2019-06-28 14:38:30.000000000,BEST_BID,"JPM,99182,226"
2019-06-28 14:38:30.000000000,BEST_ASK,"JPM,100458,100"
2019-06-28 14:38:30.000000000,BEST_BID,"JPM,99182,226"
2019-06-28 14:38:30.000000000,BEST_ASK,"JPM,100458,226"
2019-06-28 14:38:30.000000000,BEST_BID,"JPM,99182,226"
2019-06-28 14:38:30.000000000,BEST_ASK,"JPM,100458,226"
2019-06-28 14:38:30.000000000,BEST_BID,"JPM,99182,226"
2019-06-28 14:38:30.000000000,BEST_ASK,"JPM,100458,226"
2019-06-28 14:38:40.000000000,QUERY_SPREAD,1
2019-06-28 14:38:40.000000000,BEST_BID,"JPM,99182,193"
2019-06-28 14:38:40.000000000,BEST_ASK,"JPM,100458,100"
2019-06-28 14:38:40.000000000,BEST_BID,"JPM,99182,193"
2019-06-28 14:38:40.000000000,BEST_ASK,"JPM,100458,100"
2019-06-28 14:38:40.000000000,BEST_BID,"JPM,99182,193"
2019-06-28 14:38:40.000000000,BEST_ASK,"JPM,100458,100"
2019-06-28 14:38:40.000000000,BEST_BID,"JPM,99182,193"
2019-06-28 14:38:40.000000000,BEST_ASK,"JPM,100458,100"
2019-06-28 14:38:40.000000000,BEST_BID,"JPM,99182,193"
2019-06-28 14:38:40.000000000,BEST_ASK,"JPM,100458,193"
2019-06-28 14:38:40.000000000,BEST_BID,"JPM,99182,193"
2019-06-28 14:38:40.000000000,BEST_ASK,"JPM,100458,193"
2019-06-28 14:38:40.000000000,BEST_BID,"JPM,99182,193"
2019-06-28 14:38:40.000000000,BEST_ASK,"JPM,100458,193"
2019-06-28 14:38:40.000000000,BEST_BID,"JPM,99182,193"
2019-06-28 14:38:40.000000000,BEST_ASK,"JPM,100458,193"
2019-06-28 14:38:40.023617688,QUERY_SPREAD,19
2019-06-28 14:38:40.023617688,BEST_BID,"JPM,99182,193"
2019-06-28 14:38:40.023617688,BEST_ASK,"JPM,100458,193"
2019-06-28 14:38:42.476384140,QUERY_SPREAD,42
2019-06-28 14:38:42.476384140,BEST_BID,"JPM,99182,193"
2019-06-28 14:38:42.476384140,BEST_ASK,"JPM,100458,193"
2019-06-28 14:38:50.000000000,QUERY_SPREAD,1
2019-06-28 14:38:50.000000000,BEST_BID,"JPM,99182,174"
2019-06-28 14:38:50.000000000,BEST_ASK,"JPM,100458,100"
2019-06-28 14:38:50.000000000,BEST_BID,"JPM,99182,174"
2019-06-28 14:38:50.000000000,BEST_ASK,"JPM,100458,100"
2019-06-28 14:38:50.000000000,BEST_BID,"JPM,99182,174"
2019-06-28 14:38:50.000000000,BEST_ASK,"JPM,100458,100"
2019-06-28 14:38:50.000000000,BEST_BID,"JPM,99182,174"
2019-06-28 14:38:50.000000000,BEST_ASK,"JPM,100458,100"
2019-06-28 14:38:50.000000000,BEST_BID,"JPM,99182,174"
2019-06-28 14:38:50.000000000,BEST_ASK,"JPM,100458,174"
2019-06-28 14:38:50.000000000,BEST_BID,"JPM,99182,174"
2019-06-28 14:38:50.000000000,BEST_ASK,"JPM,100458,174"
2019-06-28 14:38:50.000000000,BEST_BID,"JPM,99182,174"
2019-06-28 14:38:50.000000000,BEST_ASK,"JPM,100458,174"
2019-06-28 14:38:50.000000000,BEST_BID,"JPM,99182,174"
2019-06-28 14:38:50.000000000,BEST_ASK,"JPM,100458,174"
2019-06-28 14:38:50.000000000,BEST_BID,"JPM,99182,174"
2019-06-28 14:38:50.000000000,BEST_ASK,"JPM,100458,174"
2019-06-28 14:38:57.640387983,QUERY_SPREAD,25
2019-06-28 14:38:57.640387983,BEST_BID,"JPM,99182,174"
2019-06-28 14:38:57.640387983,BEST_ASK,"JPM,100458,74"
2019-06-28 14:38:57.640387983,LAST_TRADE,"100,$100458.0000"
2019-06-28 14:39:00.000000000,QUERY_SPREAD,1
2019-06-28 14:39:00.000000000,BEST_BID,"JPM,99182,471"
2019-06-28 14:39:00.000000000,BEST_ASK,"JPM,100463,100"
2019-06-28 14:39:00.000000000,BEST_BID,"JPM,99182,471"
2019-06-28 14:39:00.000000000,BEST_ASK,"JPM,100463,471"
2019-06-28 14:39:00.000000000,QUERY_SPREAD,77
2019-06-28 14:39:00.000000000,BEST_BID,"JPM,99182,471"
2019-06-28 14:39:00.000000000,BEST_ASK,"JPM,100463,466"
2019-06-28 14:39:00.000000000,LAST_TRADE,"5,$100463.0000"
2019-06-28 14:39:00.000000000,QUERY_SPREAD,78
2019-06-28 14:39:00.000000000,BEST_BID,"JPM,99182,471"
2019-06-28 14:39:00.000000000,BEST_ASK,"JPM,100463,458"
2019-06-28 14:39:00.000000000,LAST_TRADE,"8,$100463.0000"
2019-06-28 14:39:00.000000000,QUERY_SPREAD,79
2019-06-28 14:39:00.000000000,BEST_BID,"JPM,99182,471"
2019-06-28 14:39:00.000000000,BEST_ASK,"JPM,100463,453"
2019-06-28 14:39:00.000000000,LAST_TRADE,"5,$100463.0000"
2019-06-28 14:39:00.000000000,QUERY_SPREAD,80
2019-06-28 14:39:00.000000000,BEST_BID,"JPM,99182,471"
2019-06-28 14:39:00.000000000,BEST_ASK,"JPM,100463,445"
2019-06-28 14:39:00.000000000,LAST_TRADE,"8,$100463.0000"
2019-06-28 14:39:00.000000000,QUERY_SPREAD,81
2019-06-28 14:39:00.000000000,BEST_BID,"JPM,99182,471"
2019-06-28 14:39:00.000000000,BEST_ASK,"JPM,100463,436"
2019-06-28 14:39:00.000000000,LAST_TRADE,"9,$100463.0000"
2019-06-28 14:39:00.000000000,QUERY_SPREAD,82
2019-06-28 14:39:00.000000000,BEST_BID,"JPM,99182,471"
2019-06-28 14:39:00.000000000,BEST_ASK,"JPM,100463,433"
2019-06-28 14:39:00.000000000,LAST_TRADE,"3,$100463.0000"
2019-06-28 14:39:00.000000000,QUERY_SPREAD,83
2019-06-28 14:39:00.000000000,BEST_BID,"JPM,99182,471"
2019-06-28 14:39:00.000000000,BEST_ASK,"JPM,100463,425"
2019-06-28 14:39:00.000000000,LAST_TRADE,"8,$100463.0000"
2019-06-28 14:39:00.000000000,QUERY_SPREAD,84
2019-06-28 14:39:00.000000000,BEST_BID,"JPM,99182,471"
2019-06-28 14:39:00.000000000,BEST_ASK,"JPM,100463,421"
2019-06-28 14:39:00.000000000,LAST_TRADE,"4,$100463.0000"
2019-06-28 14:39:00.000000000,QUERY_SPREAD,85
2019-06-28 14:39:00.000000000,BEST_BID,"JPM,99182,471"
2019-06-28 14:39:00.000000000,BEST_ASK,"JPM,100463,416"
2019-06-28 14:39:00.000000000,LAST_TRADE,"5,$100463.0000"
2019-06-28 14:39:00.000000000,QUERY_SPREAD,86
2019-06-28 14:39:00.000000000,BEST_BID,"JPM,99182,471"
2019-06-28 14:39:00.000000000,BEST_ASK,"JPM,100463,414"
2019-06-28 14:39:00.000000000,LAST_TRADE,"2,$100463.0000"
2019-06-28 14:39:00.000000000,QUERY_SPREAD,87
2019-06-28 14:39:00.000000000,BEST_BID,"JPM,99182,471"
2019-06-28 14:39:00.000000000,BEST_ASK,"JPM,100463,407"
2019-06-28 14:39:00.000000000,LAST_TRADE,"7,$100463.0000"
2019-06-28 14:39:00.000000000,QUERY_SPREAD,88
2019-06-28 14:39:00.000000000,BEST_BID,"JPM,99182,471"
2019-06-28 14:39:00.000000000,BEST_ASK,"JPM,100463,399"
2019-06-28 14:39:00.000000000,LAST_TRADE,"8,$100463.0000"
2019-06-28 14:39:00.000000000,QUERY_SPREAD,89
2019-06-28 14:39:00.000000000,BEST_BID,"JPM,99182,471"
2019-06-28 14:39:00.000000000,BEST_ASK,"JPM,100463,394"
2019-06-28 14:39:00.000000000,LAST_TRADE,"5,$100463.0000"
2019-06-28 14:39:00.000000000,QUERY_SPREAD,90
2019-06-28 14:39:00.000000000,BEST_BID,"JPM,99182,471"
2019-06-28 14:39:00.000000000,BEST_ASK,"JPM,100463,390"
2019-06-28 14:39:00.000000000,LAST_TRADE,"4,$100463.0000"
2019-06-28 14:39:00.000000000,QUERY_SPREAD,91
2019-06-28 14:39:00.000000000,BEST_BID,"JPM,99182,471"
2019-06-28 14:39:00.000000000,BEST_ASK,"JPM,100463,387"
2019-06-28 14:39:00.000000000,LAST_TRADE,"3,$100463.0000"
2019-06-28 14:39:00.000000000,QUERY_SPREAD,92
2019-06-28 14:39:00.000000000,BEST_BID,"JPM,99182,471"
2019-06-28 14:39:00.000000000,BEST_ASK,"JPM,100463,382"
2019-06-28 14:39:00.000000000,LAST_TRADE,"5,$100463.0000"
2019-06-28 14:39:00.000000000,QUERY_SPREAD,93
2019-06-28 14:39:00.000000000,BEST_BID,"JPM,99182,471"
2019-06-28 14:39:00.000000000,BEST_ASK,"JPM,100463,375"
2019-06-28 14:39:00.000000000,LAST_TRADE,"7,$100463.0000"
2019-06-28 14:39:00.000000000,QUERY_SPREAD,94
2019-06-28 14:39:00.000000000,BEST_BID,"JPM,99182,471"
2019-06-28 14:39:00.000000000,BEST_ASK,"JPM,100463,374"
2019-06-28 14:39:00.000000000,LAST_TRADE,"1,$100463.0000"
2019-06-28 14:39:00.000000000,QUERY_SPREAD,95
2019-06-28 14:39:00.000000000,BEST_BID,"JPM,99182,471"
2019-06-28 14:39:00.000000000,BEST_ASK,"JPM,100463,373"
2019-06-28 14:39:00.000000000,LAST_TRADE,"1,$100463.0000"
2019-06-28 14:39:00.000000000,QUERY_SPREAD,96
2019-06-28 14:39:00.000000000,BEST_BID,"JPM,99182,471"
2019-06-28 14:39:00.000000000,BEST_ASK,"JPM,100463,369"
2019-06-28 14:39:00.000000000,LAST_TRADE,"4,$100463.0000"
2019-06-28 14:39:00.000000000,QUERY_SPREAD,97
2019-06-28 14:39:00.000000000,BEST_BID,"JPM,99182,471"
2019-06-28 14:39:00.000000000,BEST_ASK,"JPM,100463,366"
2019-06-28 14:39:00.000000000,LAST_TRADE,"3,$100463.0000"
2019-06-28 14:39:00.000000000,QUERY_SPREAD,98
2019-06-28 14:39:00.000000000,BEST_BID,"JPM,99182,471"
2019-06-28 14:39:00.000000000,BEST_ASK,"JPM,100463,361"
2019-06-28 14:39:00.000000000,LAST_TRADE,"5,$100463.0000"
2019-06-28 14:39:00.000000000,QUERY_SPREAD,99
2019-06-28 14:39:00.000000000,BEST_BID,"JPM,99182,471"
2019-06-28 14:39:00.000000000,BEST_ASK,"JPM,100463,357"
2019-06-28 14:39:00.000000000,LAST_TRADE,"4,$100463.0000"
2019-06-28 14:39:00.000000000,QUERY_SPREAD,100
2019-06-28 14:39:00.000000000,BEST_BID,"JPM,99182,471"
2019-06-28 14:39:00.000000000,BEST_ASK,"JPM,100463,352"
2019-06-28 14:39:00.000000000,LAST_TRADE,"5,$100463.0000"
2019-06-28 14:39:00.000000000,QUERY_SPREAD,101
2019-06-28 14:39:00.000000000,BEST_BID,"JPM,99182,470"
2019-06-28 14:39:00.000000000,BEST_ASK,"JPM,100463,352"
2019-06-28 14:39:00.000000000,LAST_TRADE,"1,$99182.0000"
2019-06-28 14:39:10.000000000,QUERY_SPREAD,1
2019-06-28 14:39:10.000000000,BEST_BID,"JPM,99182,225"
2019-06-28 14:39:10.000000000,BEST_ASK,"JPM,100528,100"
2019-06-28 14:39:10.000000000,BEST_BID,"JPM,99182,225"
2019-06-28 14:39:10.000000000,BEST_ASK,"JPM,100528,100"
2019-06-28 14:39:10.000000000,BEST_BID,"JPM,99182,225"
2019-06-28 14:39:10.000000000,BEST_ASK,"JPM,100528,100"
2019-06-28 14:39:10.000000000,BEST_BID,"JPM,99182,225"
2019-06-28 14:39:10.000000000,BEST_ASK,"JPM,100528,226"
2019-06-28 14:39:10.000000000,BEST_BID,"JPM,99182,225"
2019-06-28 14:39:10.000000000,BEST_ASK,"JPM,100528,226"
2019-06-28 14:39:10.000000000,BEST_BID,"JPM,99182,225"
2019-06-28 14:39:10.000000000,BEST_ASK,"JPM,100528,226"
2019-06-28 14:39:15.620592423,QUERY_SPREAD,51
2019-06-28 14:39:15.620592423,BEST_BID,"JPM,99182,225"
2019-06-28 14:39:15.620592423,BEST_ASK,"JPM,100528,226"
2019-06-28 14:39:20.000000000,QUERY_SPREAD,1
2019-06-28 14:39:20.000000000,BEST_BID,"JPM,99182,173"
2019-06-28 14:39:20.000000000,BEST_ASK,"JPM,100528,100"
2019-06-28 14:39:20.000000000,BEST_BID,"JPM,99182,173"
2019-06-28 14:39:20.000000000,BEST_ASK,"JPM,100528,100"
2019-06-28 14:39:20.000000000,BEST_BID,"JPM,99182,173"
2019-06-28 14:39:20.000000000,BEST_ASK,"JPM,100528,100"
2019-06-28 14:39:20.000000000,BEST_BID,"JPM,99182,173"
2019-06-28 14:39:20.000000000,BEST_ASK,"JPM,100528,100"
2019-06-28 14:39:20.000000000,BEST_BID,"JPM,99182,173"
2019-06-28 14:39:20.000000000,BEST_ASK,"JPM,100528,174"
2019-06-28 14:39:20.000000000,BEST_BID,"JPM,99182,173"
2019-06-28 14:39:20.000000000,BEST_ASK,"JPM,100528,174"
2019-06-28 14:39:20.000000000,BEST_BID,"JPM,99182,173"
2019-06-28 14:39:20.000000000,BEST_ASK,"JPM,100528,174"
2019-06-28 14:39:20.000000000,BEST_BID,"JPM,99182,173"
2019-06-28 14:39:20.000000000,BEST_ASK,"JPM,100528,174"
2019-06-28 14:39:20.000000000,BEST_BID,"JPM,99182,173"
2019-06-28 14:39:20.000000000,BEST_ASK,"JPM,100528,174"
2019-06-28 14:39:30.000000000,QUERY_SPREAD,1
2019-06-28 14:39:30.000000000,BEST_BID,"JPM,99182,225"
2019-06-28 14:39:30.000000000,BEST_ASK,"JPM,100528,100"
2019-06-28 14:39:30.000000000,BEST_BID,"JPM,99182,225"
2019-06-28 14:39:30.000000000,BEST_ASK,"JPM,100528,100"
2019-06-28 14:39:30.000000000,BEST_BID,"JPM,99182,225"
2019-06-28 14:39:30.000000000,BEST_ASK,"JPM,100528,100"
2019-06-28 14:39:30.000000000,BEST_BID,"JPM,99182,225"
2019-06-28 14:39:30.000000000,BEST_ASK,"JPM,100528,226"
2019-06-28 14:39:30.000000000,BEST_BID,"JPM,99182,225"
2019-06-28 14:39:30.000000000,BEST_ASK,"JPM,100528,226"
2019-06-28 14:39:30.000000000,BEST_BID,"JPM,99182,225"
2019-06-28 14:39:30.000000000,BEST_ASK,"JPM,100528,226"
2019-06-28 14:39:40.000000000,QUERY_SPREAD,1
2019-06-28 14:39:40.000000000,BEST_BID,"JPM,99182,285"
2019-06-28 14:39:40.000000000,BEST_ASK,"JPM,100528,100"
2019-06-28 14:39:40.000000000,BEST_BID,"JPM,99182,285"
2019-06-28 14:39:40.000000000,BEST_ASK,"JPM,100528,100"
2019-06-28 14:39:40.000000000,BEST_BID,"JPM,99182,285"
2019-06-28 14:39:40.000000000,BEST_ASK,"JPM,100528,286"
2019-06-28 14:39:40.000000000,BEST_BID,"JPM,99182,285"
2019-06-28 14:39:40.000000000,BEST_ASK,"JPM,100528,286"
2019-06-28 14:39:44.580750568,QUERY_SPREAD,19
2019-06-28 14:39:44.580750568,BEST_BID,"JPM,99182,285"
2019-06-28 14:39:44.580750568,BEST_ASK,"JPM,100528,286"
2019-06-28 14:39:50.000000000,QUERY_SPREAD,1
2019-06-28 14:39:50.000000000,BEST_BID,"JPM,99182,225"
2019-06-28 14:39:50.000000000,BEST_ASK,"JPM,100528,100"
2019-06-28 14:39:50.000000000,BEST_BID,"JPM,99182,225"
2019-06-28 14:39:50.000000000,BEST_ASK,"JPM,100528,100"
2019-06-28 14:39:50.000000000,BEST_BID,"JPM,99182,225"
2019-06-28 14:39:50.000000000,BEST_ASK,"JPM,100528,100"
2019-06-28 14:39:50.000000000,BEST_BID,"JPM,99182,225"
2019-06-28 14:39:50.000000000,BEST_ASK,"JPM,100528,226"
2019-06-28 14:39:50.000000000,BEST_BID,"JPM,99182,225"
2019-06-28 14:39:50.000000000,BEST_ASK,"JPM,100528,226"
2019-06-28 14:39:50.000000000,BEST_BID,"JPM,99182,225"
2019-06-28 14:39:50.000000000,BEST_ASK,"JPM,100528,226"
2019-06-28 14:40:00.000000000,QUERY_SPREAD,1
2019-06-28 14:40:00.000000000,BEST_BID,"JPM,99182,285"
2019-06-28 14:40:00.000000000,BEST_ASK,"JPM,100528,100"
2019-06-28 14:40:00.000000000,BEST_BID,"JPM,99182,285"
2019-06-28 14:40:00.000000000,BEST_ASK,"JPM,100528,100"
2019-06-28 14:40:00.000000000,BEST_BID,"JPM,99182,285"
2019-06-28 14:40:00.000000000,BEST_ASK,"JPM,100528,286"
2019-06-28 14:40:00.000000000,BEST_BID,"JPM,99182,285"
2019-06-28 14:40:00.000000000,BEST_ASK,"JPM,100528,286"
2019-06-28 14:40:00.000000000,QUERY_SPREAD,77
2019-06-28 14:40:00.000000000,BEST_BID,"JPM,99182,285"
2019-06-28 14:40:00.000000000,BEST_ASK,"JPM,100528,281"
2019-06-28 14:40:00.000000000,LAST_TRADE,"5,$100528.0000"
2019-06-28 14:40:00.000000000,QUERY_SPREAD,78
2019-06-28 14:40:00.000000000,BEST_BID,"JPM,99182,285"
2019-06-28 14:40:00.000000000,BEST_ASK,"JPM,100528,273"
2019-06-28 14:40:00.000000000,LAST_TRADE,"8,$100528.0000"
2019-06-28 14:40:00.000000000,QUERY_SPREAD,79
2019-06-28 14:40:00.000000000,BEST_BID,"JPM,99182,285"
2019-06-28 14:40:00.000000000,BEST_ASK,"JPM,100528,268"
2019-06-28 14:40:00.000000000,LAST_TRADE,"5,$100528.0000"
2019-06-28 14:40:00.000000000,QUERY_SPREAD,80
2019-06-28 14:40:00.000000000,BEST_BID,"JPM,99182,285"
2019-06-28 14:40:00.000000000,BEST_ASK,"JPM,100528,260"
2019-06-28 14:40:00.000000000,LAST_TRADE,"8,$100528.0000"
2019-06-28 14:40:00.000000000,QUERY_SPREAD,81
2019-06-28 14:40:00.000000000,BEST_BID,"JPM,99182,285"
2019-06-28 14:40:00.000000000,BEST_ASK,"JPM,100528,251"
2019-06-28 14:40:00.000000000,LAST_TRADE,"9,$100528.0000"
2019-06-28 14:40:00.000000000,QUERY_SPREAD,82
2019-06-28 14:40:00.000000000,BEST_BID,"JPM,99182,285"
2019-06-28 14:40:00.000000000,BEST_ASK,"JPM,100528,248"
2019-06-28 14:40:00.000000000,LAST_TRADE,"3,$100528.0000"
2019-06-28 14:40:00.000000000,QUERY_SPREAD,83
2019-06-28 14:40:00.000000000,BEST_BID,"JPM,99182,285"
2019-06-28 14:40:00.000000000,BEST_ASK,"JPM,100528,240"
2019-06-28 14:40:00.000000000,LAST_TRADE,"8,$100528.0000"
2019-06-28 14:40:00.000000000,QUERY_SPREAD,84
2019-06-28 14:40:00.000000000,BEST_BID,"JPM,99182,285"
2019-06-28 14:40:00.000000000,BEST_ASK,"JPM,100528,236"
2019-06-28 14:40:00.000000000,LAST_TRADE,"4,$100528.0000"
2019-06-28 14:40:00.000000000,QUERY_SPREAD,85
2019-06-28 14:40:00.000000000,BEST_BID,"JPM,99182,285"
2019-06-28 14:40:00.000000000,BEST_ASK,"JPM,100528,231"
2019-06-28 14:40:00.000000000,LAST_TRADE,"5,$100528.0000"
2019-06-28 14:40:00.000000000,QUERY_SPREAD,86
2019-06-28 14:40:00.000000000,BEST_BID,"JPM,99182,285"
2019-06-28 14:40:00.000000000,BEST_ASK,"JPM,100528,229"
2019-06-28 14:40:00.000000000,LAST_TRADE,"2,$100528.0000"
2019-06-28 14:40:00.000000000,QUERY_SPREAD,87
2019-06-28 14:40:00.000000000,BEST_BID,"JPM,99182,285"
2019-06-28 14:40:00.000000000,BEST_ASK,"JPM,100528,222"
2019-06-28 14:40:00.000000000,LAST_TRADE,"7,$100528.0000"
2019-06-28 14:40:00.000000000,QUERY_SPREAD,88
2019-06-28 14:40:00.000000000,BEST_BID,"JPM,99182,285"
2019-06-28 14:40:00.000000000,BEST_ASK,"JPM,100528,214"
2019-06-28 14:40:00.000000000,LAST_TRADE,"8,$100528.0000"
2019-06-28 14:40:00.000000000,QUERY_SPREAD,89
2019-06-28 14:40:00.000000000,BEST_BID,"JPM,99182,285"
2019-06-28 14:40:00.000000000,BEST_ASK,"JPM,100528,209"
2019-06-28 14:40:00.000000000,LAST_TRADE,"5,$100528.0000"
2019-06-28 14:40:00.000000000,QUERY_SPREAD,90
2019-06-28 14:40:00.000000000,BEST_BID,"JPM,99182,285"
2019-06-28 14:40:00.000000000,BEST_ASK,"JPM,100528,205"
2019-06-28 14:40:00.000000000,LAST_TRADE,"4,$100528.0000"
2019-06-28 14:40:00.000000000,QUERY_SPREAD,91
2019-06-28 14:40:00.000000000,BEST_BID,"JPM,99182,285"
2019-06-28 14:40:00.000000000,BEST_ASK,"JPM,100528,202"
2019-06-28 14:40:00.000000000,LAST_TRADE,"3,$100528.0000"
2019-06-28 14:40:00.000000000,QUERY_SPREAD,92
2019-06-28 14:40:00.000000000,BEST_BID,"JPM,99182,285"
2019-06-28 14:40:00.000000000,BEST_ASK,"JPM,100528,197"
2019-06-28 14:40:00.000000000,LAST_TRADE,"5,$100528.0000"
2019-06-28 14:40:00.000000000,QUERY_SPREAD,93
2019-06-28 14:40:00.000000000,BEST_BID,"JPM,99182,285"
2019-06-28 14:40:00.000000000,BEST_ASK,"JPM,100528,190"
2019-06-28 14:40:00.000000000,LAST_TRADE,"7,$100528.0000"
2019-06-28 14:40:00.000000000,QUERY_SPREAD,94
2019-06-28 14:40:00.000000000,BEST_BID,"JPM,99182,285"
2019-06-28 14:40:00.000000000,BEST_ASK,"JPM,100528,189"
2019-06-28 14:40:00.000000000,LAST_TRADE,"1,$100528.0000"
2019-06-28 14:40:00.000000000,QUERY_SPREAD,95
2019-06-28 14:40:00.000000000,BEST_BID,"JPM,99182,285"
2019-06-28 14:40:00.000000000,BEST_ASK,"JPM,100528,188"
2019-06-28 14:40:00.000000000,LAST_TRADE,"1,$100528.0000"
2019-06-28 14:40:00.000000000,QUERY_SPREAD,96
2019-06-28 14:40:00.000000000,BEST_BID,"JPM,99182,285"
2019-06-28 14:40:00.000000000,BEST_ASK,"JPM,100528,184"
2019-06-28 14:40:00.000000000,LAST_TRADE,"4,$100528.0000"
2019-06-28 14:40:00.000000000,QUERY_SPREAD,97
2019-06-28 14:40:00.000000000,BEST_BID,"JPM,99182,285"
2019-06-28 14:40:00.000000000,BEST_ASK,"JPM,100528,181"
2019-06-28 14:40:00.000000000,LAST_TRADE,"3,$100528.0000"
2019-06-28 14:40:00.000000000,QUERY_SPREAD,98
2019-06-28 14:40:00.000000000,BEST_BID,"JPM,99182,285"
2019-06-28 14:40:00.000000000,BEST_ASK,"JPM,100528,176"
2019-06-28 14:40:00.000000000,LAST_TRADE,"5,$100528.0000"
2019-06-28 14:40:00.000000000,QUERY_SPREAD,99
2019-06-28 14:40:00.000000000,BEST_BID,"JPM,99182,285"
2019-06-28 14:40:00.000000000,BEST_ASK,"JPM,100528,172"
2019-06-28 14:40:00.000000000,LAST_TRADE,"4,$100528.0000"
2019-06-28 14:40:00.000000000,QUERY_SPREAD,100
2019-06-28 14:40:00.000000000,BEST_BID,"JPM,99182,285"
2019-06-28 14:40:00.000000000,BEST_ASK,"JPM,100528,167"
2019-06-28 14:40:00.000000000,LAST_TRADE,"5,$100528.0000"
2019-06-28 14:40:00.000000000,QUERY_SPREAD,101
2019-06-28 14:40:00.000000000,BEST_BID,"JPM,99182,284"
2019-06-28 14:40:00.000000000,BEST_ASK,"JPM,100528,167"
2019-06-28 14:40:00.000000000,LAST_TRADE,"1,$99182.0000"
2019-06-28 14:40:00.309290210,QUERY_SPREAD,39
2019-06-28 14:40:00.309290210,BEST_BID,"JPM,99182,284"
2019-06-28 14:40:00.309290210,BEST_ASK,"JPM,100528,67"
2019-06-28 14:40:00.309290210,LAST_TRADE,"100,$100528.0000"
2019-06-28 14:40:01.649002052,QUERY_SPREAD,9
2019-06-28 14:40:01.649002052,BEST_BID,"JPM,99182,284"
2019-06-28 14:40:01.649002052,BEST_ASK,"JPM,100528,67"
2019-06-28 14:40:05.846961510,QUERY_SPREAD,17
2019-06-28 14:40:05.846961510,BEST_BID,"JPM,99182,284"
2019-06-28 14:40:05.846961510,BEST_ASK,"JPM,100528,67"
2019-06-28 14:40:10.000000000,QUERY_SPREAD,1
2019-06-28 14:40:10.000000000,BEST_BID,"JPM,99182,191"
2019-06-28 14:40:10.000000000,BEST_ASK,"JPM,100711,100"
2019-06-28 14:40:10.000000000,BEST_BID,"JPM,99182,191"
2019-06-28 14:40:10.000000000,BEST_ASK,"JPM,100711,100"
2019-06-28 14:40:10.000000000,BEST_BID,"JPM,99182,191"
2019-06-28 14:40:10.000000000,BEST_ASK,"JPM,100711,100"
2019-06-28 14:40:10.000000000,BEST_BID,"JPM,99182,191"
2019-06-28 14:40:10.000000000,BEST_ASK,"JPM,100711,100"
2019-06-28 14:40:10.000000000,BEST_BID,"JPM,99182,191"
2019-06-28 14:40:10.000000000,BEST_ASK,"JPM,100711,193"
2019-06-28 14:40:10.000000000,BEST_BID,"JPM,99182,191"
2019-06-28 14:40:10.000000000,BEST_ASK,"JPM,100711,193"
2019-06-28 14:40:10.000000000,BEST_BID,"JPM,99182,191"
2019-06-28 14:40:10.000000000,BEST_ASK,"JPM,100711,193"
2019-06-28 14:40:10.000000000,BEST_BID,"JPM,99182,191"
2019-06-28 14:40:10.000000000,BEST_ASK,"JPM,100711,193"
2019-06-28 14:40:20.000000000,QUERY_SPREAD,1
2019-06-28 14:40:20.000000000,BEST_BID,"JPM,99182,172"
2019-06-28 14:40:20.000000000,BEST_ASK,"JPM,100711,100"
2019-06-28 14:40:20.000000000,BEST_BID,"JPM,99182,172"
2019-06-28 14:40:20.000000000,BEST_ASK,"JPM,100711,100"
2019-06-28 14:40:20.000000000,BEST_BID,"JPM,99182,172"
2019-06-28 14:40:20.000000000,BEST_ASK,"JPM,100711,100"
2019-06-28 14:40:20.000000000,BEST_BID,"JPM,99182,172"
2019-06-28 14:40:20.000000000,BEST_ASK,"JPM,100711,100"
2019-06-28 14:40:20.000000000,BEST_BID,"JPM,99182,172"
2019-06-28 14:40:20.000000000,BEST_ASK,"JPM,100711,174"
2019-06-28 14:40:20.000000000,BEST_BID,"JPM,99182,172"
2019-06-28 14:40:20.000000000,BEST_ASK,"JPM,100711,174"
2019-06-28 14:40:20.000000000,BEST_BID,"JPM,99182,172"
2019-06-28 14:40:20.000000000,BEST_ASK,"JPM,100711,174"
2019-06-28 14:40:20.000000000,BEST_BID,"JPM,99182,172"
2019-06-28 14:40:20.000000000,BEST_ASK,"JPM,100711,174"
2019-06-28 14:40:20.000000000,BEST_BID,"JPM,99182,172"
2019-06-28 14:40:20.000000000,BEST_ASK,"JPM,100711,174"
2019-06-28 14:40:23.508113225,QUERY_ORDER_STREAM,60
2019-06-28 14:40:23.508113225,QUERY_SPREAD,60
2019-06-28 14:40:23.508113225,BEST_BID,"JPM,99182,272"
2019-06-28 14:40:23.508113225,BEST_ASK,"JPM,100711,174"
2019-06-28 14:40:27.561606065,QUERY_SPREAD,31
2019-06-28 14:40:27.561606065,BEST_BID,"JPM,99182,272"
2019-06-28 14:40:27.561606065,BEST_ASK,"JPM,100711,74"
2019-06-28 14:40:27.561606065,LAST_TRADE,"100,$100711.0000"
2019-06-28 14:40:30.000000000,QUERY_SPREAD,1
2019-06-28 14:40:30.000000000,BEST_BID,"JPM,99182,291"
2019-06-28 14:40:30.000000000,BEST_ASK,"JPM,100764,100"
2019-06-28 14:40:30.000000000,BEST_BID,"JPM,99182,291"
2019-06-28 14:40:30.000000000,BEST_ASK,"JPM,100764,100"
2019-06-28 14:40:30.000000000,BEST_BID,"JPM,99182,291"
2019-06-28 14:40:30.000000000,BEST_ASK,"JPM,100764,100"
2019-06-28 14:40:30.000000000,BEST_BID,"JPM,99182,291"
2019-06-28 14:40:30.000000000,BEST_ASK,"JPM,100764,100"
2019-06-28 14:40:30.000000000,BEST_BID,"JPM,99182,291"
2019-06-28 14:40:30.000000000,BEST_ASK,"JPM,100764,193"
2019-06-28 14:40:30.000000000,BEST_BID,"JPM,99182,291"
2019-06-28 14:40:30.000000000,BEST_ASK,"JPM,100764,193"
2019-06-28 14:40:30.000000000,BEST_BID,"JPM,99182,291"
2019-06-28 14:40:30.000000000,BEST_ASK,"JPM,100764,193"
2019-06-28 14:40:30.000000000,BEST_BID,"JPM,99182,291"
2019-06-28 14:40:30.000000000,BEST_ASK,"JPM,100764,193"
2019-06-28 14:40:37.972800737,QUERY_SPREAD,17
2019-06-28 14:40:37.972800737,BEST_BID,"JPM,99182,291"
2019-06-28 14:40:37.972800737,BEST_ASK,"JPM,100764,93"
2019-06-28 14:40:37.972800737,LAST_TRADE,"100,$100764.0000"
2019-06-28 14:40:40.000000000,QUERY_SPREAD,1
2019-06-28 14:40:40.000000000,BEST_BID,"JPM,99182,272"
2019-06-28 14:40:40.000000000,BEST_ASK,"JPM,100972,100"
2019-06-28 14:40:40.000000000,BEST_BID,"JPM,99182,272"
2019-06-28 14:40:40.000000000,BEST_ASK,"JPM,100972,100"
2019-06-28 14:40:40.000000000,BEST_BID,"JPM,99182,272"
2019-06-28 14:40:40.000000000,BEST_ASK,"JPM,100972,100"
2019-06-28 14:40:40.000000000,BEST_BID,"JPM,99182,272"
2019-06-28 14:40:40.000000000,BEST_ASK,"JPM,100972,100"
2019-06-28 14:40:40.000000000,BEST_BID,"JPM,99182,272"
2019-06-28 14:40:40.000000000,BEST_ASK,"JPM,100972,174"
2019-06-28 14:40:40.000000000,BEST_BID,"JPM,99182,272"
2019-06-28 14:40:40.000000000,BEST_ASK,"JPM,100972,174"
2019-06-28 14:40:40.000000000,BEST_BID,"JPM,99182,272"
2019-06-28 14:40:40.000000000,BEST_ASK,"JPM,100972,174"
2019-06-28 14:40:40.000000000,BEST_BID,"JPM,99182,272"
2019-06-28 14:40:40.000000000,BEST_ASK,"JPM,100972,174"
2019-06-28 14:40:40.000000000,BEST_BID,"JPM,99182,272"
2019-06-28 14:40:40.000000000,BEST_ASK,"JPM,100972,174"
2019-06-28 14:40:45.034226236,QUERY_SPREAD,46
2019-06-28 14:40:45.034226236,BEST_BID,"JPM,99182,272"
2019-06-28 14:40:45.034226236,BEST_ASK,"JPM,100972,174"
2019-06-28 14:40:50.000000000,QUERY_SPREAD,1
2019-06-28 14:40:50.000000000,BEST_BID,"JPM,99182,324"
2019-06-28 14:40:50.000000000,BEST_ASK,"JPM,100972,100"
2019-06-28 14:40:50.000000000,BEST_BID,"JPM,99182,324"
2019-06-28 14:40:50.000000000,BEST_ASK,"JPM,100972,100"
2019-06-28 14:40:50.000000000,BEST_BID,"JPM,99182,324"
2019-06-28 14:40:50.000000000,BEST_ASK,"JPM,100972,100"
2019-06-28 14:40:50.000000000,BEST_BID,"JPM,99182,324"
2019-06-28 14:40:50.000000000,BEST_ASK,"JPM,100972,226"
2019-06-28 14:40:50.000000000,BEST_BID,"JPM,99182,324"
2019-06-28 14:40:50.000000000,BEST_ASK,"JPM,100972,226"
2019-06-28 14:40:50.000000000,BEST_BID,"JPM,99182,324"
2019-06-28 14:40:50.000000000,BEST_ASK,"JPM,100972,226"
2019-06-28 14:41:00.000000000,QUERY_SPREAD,1
2019-06-28 14:41:00.000000000,BEST_BID,"JPM,99182,384"
2019-06-28 14:41:00.000000000,BEST_ASK,"JPM,100972,100"
2019-06-28 14:41:00.000000000,BEST_BID,"JPM,99182,384"
2019-06-28 14:41:00.000000000,BEST_ASK,"JPM,100972,100"
2019-06-28 14:41:00.000000000,BEST_BID,"JPM,99182,384"
2019-06-28 14:41:00.000000000,BEST_ASK,"JPM,100972,286"
2019-06-28 14:41:00.000000000,BEST_BID,"JPM,99182,384"
2019-06-28 14:41:00.000000000,BEST_ASK,"JPM,100972,286"
2019-06-28 14:41:00.000000000,QUERY_SPREAD,77
2019-06-28 14:41:00.000000000,BEST_BID,"JPM,99182,384"
2019-06-28 14:41:00.000000000,BEST_ASK,"JPM,100972,281"
2019-06-28 14:41:00.000000000,LAST_TRADE,"5,$100972.0000"
2019-06-28 14:41:00.000000000,QUERY_SPREAD,78
2019-06-28 14:41:00.000000000,BEST_BID,"JPM,99182,384"
2019-06-28 14:41:00.000000000,BEST_ASK,"JPM,100972,273"
2019-06-28 14:41:00.000000000,LAST_TRADE,"8,$100972.0000"
2019-06-28 14:41:00.000000000,QUERY_SPREAD,79
2019-06-28 14:41:00.000000000,BEST_BID,"JPM,99182,384"
2019-06-28 14:41:00.000000000,BEST_ASK,"JPM,100972,268"
2019-06-28 14:41:00.000000000,LAST_TRADE,"5,$100972.0000"
2019-06-28 14:41:00.000000000,QUERY_SPREAD,80
2019-06-28 14:41:00.000000000,BEST_BID,"JPM,99182,384"
2019-06-28 14:41:00.000000000,BEST_ASK,"JPM,100972,260"
2019-06-28 14:41:00.000000000,LAST_TRADE,"8,$100972.0000"
2019-06-28 14:41:00.000000000,QUERY_SPREAD,81
2019-06-28 14:41:00.000000000,BEST_BID,"JPM,99182,384"
2019-06-28 14:41:00.000000000,BEST_ASK,"JPM,100972,251"
2019-06-28 14:41:00.000000000,LAST_TRADE,"9,$100972.0000"
2019-06-28 14:41:00.000000000,QUERY_SPREAD,82
2019-06-28 14:41:00.000000000,BEST_BID,"JPM,99182,384"
2019-06-28 14:41:00.000000000,BEST_ASK,"JPM,100972,248"
2019-06-28 14:41:00.000000000,LAST_TRADE,"3,$100972.0000"
2019-06-28 14:41:00.000000000,QUERY_SPREAD,83
2019-06-28 14:41:00.000000000,BEST_BID,"JPM,99182,384"
2019-06-28 14:41:00.000000000,BEST_ASK,"JPM,100972,240"
2019-06-28 14:41:00.000000000,LAST_TRADE,"8,$100972.0000"
2019-06-28 14:41:00.000000000,QUERY_SPREAD,84
2019-06-28 14:41:00.000000000,BEST_BID,"JPM,99182,384"
2019-06-28 14:41:00.000000000,BEST_ASK,"JPM,100972,236"
2019-06-28 14:41:00.000000000,LAST_TRADE,"4,$100972.0000"
2019-06-28 14:41:00.000000000,QUERY_SPREAD,85
2019-06-28 14:41:00.000000000,BEST_BID,"JPM,99182,384"
2019-06-28 14:41:00.000000000,BEST_ASK,"JPM,100972,231"
2019-06-28 14:41:00.000000000,LAST_TRADE,"5,$100972.0000"
2019-06-28 14:41:00.000000000,QUERY_SPREAD,86
2019-06-28 14:41:00.000000000,BEST_BID,"JPM,99182,384"
2019-06-28 14:41:00.000000000,BEST_ASK,"JPM,100972,229"
2019-06-28 14:41:00.000000000,LAST_TRADE,"2,$100972.0000"
2019-06-28 14:41:00.000000000,QUERY_SPREAD,87
2019-06-28 14:41:00.000000000,BEST_BID,"JPM,99182,384"
2019-06-28 14:41:00.000000000,BEST_ASK,"JPM,100972,222"
2019-06-28 14:41:00.000000000,LAST_TRADE,"7,$100972.0000"
2019-06-28 14:41:00.000000000,QUERY_SPREAD,88
2019-06-28 14:41:00.000000000,BEST_BID,"JPM,99182,384"
2019-06-28 14:41:00.000000000,BEST_ASK,"JPM,100972,214"
2019-06-28 14:41:00.000000000,LAST_TRADE,"8,$100972.0000"
2019-06-28 14:41:00.000000000,QUERY_SPREAD,89
2019-06-28 14:41:00.000000000,BEST_BID,"JPM,99182,384"
2019-06-28 14:41:00.000000000,BEST_ASK,"JPM,100972,209"
2019-06-28 14:41:00.000000000,LAST_TRADE,"5,$100972.0000"
2019-06-28 14:41:00.000000000,QUERY_SPREAD,90
2019-06-28 14:41:00.000000000,BEST_BID,"JPM,99182,384"
2019-06-28 14:41:00.000000000,BEST_ASK,"JPM,100972,205"
2019-06-28 14:41:00.000000000,LAST_TRADE,"4,$100972.0000"
2019-06-28 14:41:00.000000000,QUERY_SPREAD,91
2019-06-28 14:41:00.000000000,BEST_BID,"JPM,99182,384"
2019-06-28 14:41:00.000000000,BEST_ASK,"JPM,100972,202"
2019-06-28 14:41:00.000000000,LAST_TRADE,"3,$100972.0000"
2019-06-28 14:41:00.000000000,QUERY_SPREAD,92
2019-06-28 14:41:00.000000000,BEST_BID,"JPM,99182,384"
2019-06-28 14:41:00.000000000,BEST_ASK,"JPM,100972,197"
2019-06-28 14:41:00.000000000,LAST_TRADE,"5,$100972.0000"
2019-06-28 14:41:00.000000000,QUERY_SPREAD,93
2019-06-28 14:41:00.000000000,BEST_BID,"JPM,99182,384"
2019-06-28 14:41:00.000000000,BEST_ASK,"JPM,100972,190"
2019-06-28 14:41:00.000000000,LAST_TRADE,"7,$100972.0000"
2019-06-28 14:41:00.000000000,QUERY_SPREAD,94
2019-06-28 14:41:00.000000000,BEST_BID,"JPM,99182,384"
2019-06-28 14:41:00.000000000,BEST_ASK,"JPM,100972,189"
2019-06-28 14:41:00.000000000,LAST_TRADE,"1,$100972.0000"
2019-06-28 14:41:00.000000000,QUERY_SPREAD,95
2019-06-28 14:41:00.000000000,BEST_BID,"JPM,99182,384"
2019-06-28 14:41:00.000000000,BEST_ASK,"JPM,100972,188"
2019-06-28 14:41:00.000000000,LAST_TRADE,"1,$100972.0000"
2019-06-28 14:41:00.000000000,QUERY_SPREAD,96
2019-06-28 14:41:00.000000000,BEST_BID,"JPM,99182,384"
2019-06-28 14:41:00.000000000,BEST_ASK,"JPM,100972,184"
2019-06-28 14:41:00.000000000,LAST_TRADE,"4,$100972.0000"
2019-06-28 14:41:00.000000000,QUERY_SPREAD,97
2019-06-28 14:41:00.000000000,BEST_BID,"JPM,99182,384"
2019-06-28 14:41:00.000000000,BEST_ASK,"JPM,100972,181"
2019-06-28 14:41:00.000000000,LAST_TRADE,"3,$100972.0000"
2019-06-28 14:41:00.000000000,QUERY_SPREAD,98
2019-06-28 14:41:00.000000000,BEST_BID,"JPM,99182,384"
2019-06-28 14:41:00.000000000,BEST_ASK,"JPM,100972,176"
2019-06-28 14:41:00.000000000,LAST_TRADE,"5,$100972.0000"
2019-06-28 14:41:00.000000000,QUERY_SPREAD,99
2019-06-28 14:41:00.000000000,BEST_BID,"JPM,99182,384"
2019-06-28 14:41:00.000000000,BEST_ASK,"JPM,100972,172"
2019-06-28 14:41:00.000000000,LAST_TRADE,"4,$100972.0000"
2019-06-28 14:41:00.000000000,QUERY_SPREAD,100
2019-06-28 14:41:00.000000000,BEST_BID,"JPM,99182,384"
2019-06-28 14:41:00.000000000,BEST_ASK,"JPM,100972,167"
2019-06-28 14:41:00.000000000,LAST_TRADE,"5,$100972.0000"
2019-06-28 14:41:00.000000000,QUERY_SPREAD,101
2019-06-28 14:41:00.000000000,BEST_BID,"JPM,99182,383"
2019-06-28 14:41:00.000000000,BEST_ASK,"JPM,100972,167"
2019-06-28 14:41:00.000000000,LAST_TRADE,"1,$99182.0000"
2019-06-28 14:41:01.365953686,QUERY_SPREAD,32
2019-06-28 14:41:01.365953686,BEST_BID,"JPM,99182,383"
2019-06-28 14:41:01.365953686,BEST_ASK,"JPM,100972,167"
2019-06-28 14:41:10.000000000,QUERY_SPREAD,1
2019-06-28 14:41:10.000000000,BEST_BID,"JPM,99182,290"
2019-06-28 14:41:10.000000000,BEST_ASK,"JPM,100988,100"
2019-06-28 14:41:10.000000000,BEST_BID,"JPM,99182,290"
2019-06-28 14:41:10.000000000,BEST_ASK,"JPM,100988,100"
2019-06-28 14:41:10.000000000,BEST_BID,"JPM,99182,290"
2019-06-28 14:41:10.000000000,BEST_ASK,"JPM,100988,100"
2019-06-28 14:41:10.000000000,BEST_BID,"JPM,99182,290"
2019-06-28 14:41:10.000000000,BEST_ASK,"JPM,100988,100"
2019-06-28 14:41:10.000000000,BEST_BID,"JPM,99182,290"
2019-06-28 14:41:10.000000000,BEST_ASK,"JPM,100988,193"
2019-06-28 14:41:10.000000000,BEST_BID,"JPM,99182,290"
2019-06-28 14:41:10.000000000,BEST_ASK,"JPM,100988,193"
2019-06-28 14:41:10.000000000,BEST_BID,"JPM,99182,290"
2019-06-28 14:41:10.000000000,BEST_ASK,"JPM,100988,193"
2019-06-28 14:41:10.000000000,BEST_BID,"JPM,99182,290"
2019-06-28 14:41:10.000000000,BEST_ASK,"JPM,100988,193"
2019-06-28 14:41:12.485897574,QUERY_ORDER_STREAM,58
2019-06-28 14:41:12.485897574,QUERY_SPREAD,58
2019-06-28 14:41:20.000000000,QUERY_SPREAD,1
2019-06-28 14:41:20.000000000,BEST_BID,"JPM,99182,290"
2019-06-28 14:41:20.000000000,BEST_ASK,"JPM,100988,100"
2019-06-28 14:41:20.000000000,BEST_BID,"JPM,99182,290"
2019-06-28 14:41:20.000000000,BEST_ASK,"JPM,100988,100"
2019-06-28 14:41:20.000000000,BEST_BID,"JPM,99182,290"
2019-06-28 14:41:20.000000000,BEST_ASK,"JPM,100988,100"
2019-06-28 14:41:20.000000000,BEST_BID,"JPM,99182,290"
2019-06-28 14:41:20.000000000,BEST_ASK,"JPM,100988,100"
2019-06-28 14:41:20.000000000,BEST_BID,"JPM,99182,290"
2019-06-28 14:41:20.000000000,BEST_ASK,"JPM,100988,193"
2019-06-28 14:41:20.000000000,BEST_BID,"JPM,99182,290"
2019-06-28 14:41:20.000000000,BEST_ASK,"JPM,100988,193"
2019-06-28 14:41:20.000000000,BEST_BID,"JPM,99182,290"
2019-06-28 14:41:20.000000000,BEST_ASK,"JPM,100988,193"
2019-06-28 14:41:20.000000000,BEST_BID,"JPM,99182,290"
2019-06-28 14:41:20.000000000,BEST_ASK,"JPM,100988,193"
2019-06-28 14:41:30.000000000,QUERY_SPREAD,1
2019-06-28 14:41:30.000000000,BEST_BID,"JPM,99182,323"
2019-06-28 14:41:30.000000000,BEST_ASK,"JPM,100988,100"
2019-06-28 14:41:30.000000000,BEST_BID,"JPM,99182,323"
2019-06-28 14:41:30.000000000,BEST_ASK,"JPM,100988,100"
2019-06-28 14:41:30.000000000,BEST_BID,"JPM,99182,323"
2019-06-28 14:41:30.000000000,BEST_ASK,"JPM,100988,100"
2019-06-28 14:41:30.000000000,BEST_BID,"JPM,99182,323"
2019-06-28 14:41:30.000000000,BEST_ASK,"JPM,100988,226"
2019-06-28 14:41:30.000000000,BEST_BID,"JPM,99182,323"
2019-06-28 14:41:30.000000000,BEST_ASK,"JPM,100988,226"
2019-06-28 14:41:30.000000000,BEST_BID,"JPM,99182,323"
2019-06-28 14:41:30.000000000,BEST_ASK,"JPM,100988,226"
2019-06-28 14:41:40.000000000,QUERY_SPREAD,1
2019-06-28 14:41:40.000000000,BEST_BID,"JPM,99182,568"
2019-06-28 14:41:40.000000000,BEST_ASK,"JPM,100988,100"
2019-06-28 14:41:40.000000000,BEST_BID,"JPM,99182,568"
2019-06-28 14:41:40.000000000,BEST_ASK,"JPM,100988,471"
2019-06-28 14:41:50.000000000,QUERY_SPREAD,1
2019-06-28 14:41:50.000000000,BEST_BID,"JPM,99182,290"
2019-06-28 14:41:50.000000000,BEST_ASK,"JPM,100988,100"
2019-06-28 14:41:50.000000000,BEST_BID,"JPM,99182,290"
2019-06-28 14:41:50.000000000,BEST_ASK,"JPM,100988,100"
2019-06-28 14:41:50.000000000,BEST_BID,"JPM,99182,290"
2019-06-28 14:41:50.000000000,BEST_ASK,"JPM,100988,100"
2019-06-28 14:41:50.000000000,BEST_BID,"JPM,99182,290"
2019-06-28 14:41:50.000000000,BEST_ASK,"JPM,100988,100"
2019-06-28 14:41:50.000000000,BEST_BID,"JPM,99182,290"
2019-06-28 14:41:50.000000000,BEST_ASK,"JPM,100988,193"
2019-06-28 14:41:50.000000000,BEST_BID,"JPM,99182,290"
2019-06-28 14:41:50.000000000,BEST_ASK,"JPM,100988,193"
2019-06-28 14:41:50.000000000,BEST_BID,"JPM,99182,290"
2019-06-28 14:41:50.000000000,BEST_ASK,"JPM,100988,193"
2019-06-28 14:41:50.000000000,BEST_BID,"JPM,99182,290"
2019-06-28 14:41:50.000000000,BEST_ASK,"JPM,100988,193"
2019-06-28 14:41:56.876338925,QUERY_SPREAD,34
2019-06-28 14:41:56.876338925,BEST_BID,"JPM,99182,290"
2019-06-28 14:41:56.876338925,BEST_ASK,"JPM,100561,100"
2019-06-28 14:42:00.000000000,QUERY_SPREAD,1
2019-06-28 14:42:00.000000000,BEST_BID,"JPM,99182,568"
2019-06-28 14:42:00.000000000,BEST_ASK,"JPM,100561,100"
2019-06-28 14:42:00.000000000,BEST_BID,"JPM,99182,568"
2019-06-28 14:42:00.000000000,BEST_ASK,"JPM,100561,471"
2019-06-28 14:42:00.000000000,QUERY_SPREAD,77
2019-06-28 14:42:00.000000000,BEST_BID,"JPM,99182,568"
2019-06-28 14:42:00.000000000,BEST_ASK,"JPM,100561,466"
2019-06-28 14:42:00.000000000,LAST_TRADE,"5,$100561.0000"
2019-06-28 14:42:00.000000000,QUERY_SPREAD,78
2019-06-28 14:42:00.000000000,BEST_BID,"JPM,99182,568"
2019-06-28 14:42:00.000000000,BEST_ASK,"JPM,100561,458"
2019-06-28 14:42:00.000000000,LAST_TRADE,"8,$100561.0000"
2019-06-28 14:42:00.000000000,QUERY_SPREAD,79
2019-06-28 14:42:00.000000000,BEST_BID,"JPM,99182,568"
2019-06-28 14:42:00.000000000,BEST_ASK,"JPM,100561,453"
2019-06-28 14:42:00.000000000,LAST_TRADE,"5,$100561.0000"
2019-06-28 14:42:00.000000000,QUERY_SPREAD,80
2019-06-28 14:42:00.000000000,BEST_BID,"JPM,99182,568"
2019-06-28 14:42:00.000000000,BEST_ASK,"JPM,100561,445"
2019-06-28 14:42:00.000000000,LAST_TRADE,"8,$100561.0000"
2019-06-28 14:42:00.000000000,QUERY_SPREAD,81
2019-06-28 14:42:00.000000000,BEST_BID,"JPM,99182,568"
2019-06-28 14:42:00.000000000,BEST_ASK,"JPM,100561,436"
2019-06-28 14:42:00.000000000,LAST_TRADE,"9,$100561.0000"
2019-06-28 14:42:00.000000000,QUERY_SPREAD,82
2019-06-28 14:42:00.000000000,BEST_BID,"JPM,99182,568"
2019-06-28 14:42:00.000000000,BEST_ASK,"JPM,100561,433"
2019-06-28 14:42:00.000000000,LAST_TRADE,"3,$100561.0000"
2019-06-28 14:42:00.000000000,QUERY_SPREAD,83
2019-06-28 14:42:00.000000000,BEST_BID,"JPM,99182,568"
2019-06-28 14:42:00.000000000,BEST_ASK,"JPM,100561,425"
2019-06-28 14:42:00.000000000,LAST_TRADE,"8,$100561.0000"
2019-06-28 14:42:00.000000000,QUERY_SPREAD,84
2019-06-28 14:42:00.000000000,BEST_BID,"JPM,99182,568"
2019-06-28 14:42:00.000000000,BEST_ASK,"JPM,100561,421"
2019-06-28 14:42:00.000000000,LAST_TRADE,"4,$100561.0000"
2019-06-28 14:42:00.000000000,QUERY_SPREAD,85
2019-06-28 14:42:00.000000000,BEST_BID,"JPM,99182,568"
2019-06-28 14:42:00.000000000,BEST_ASK,"JPM,100561,416"
2019-06-28 14:42:00.000000000,LAST_TRADE,"5,$100561.0000"
2019-06-28 14:42:00.000000000,QUERY_SPREAD,86
2019-06-28 14:42:00.000000000,BEST_BID,"JPM,99182,568"
2019-06-28 14:42:00.000000000,BEST_ASK,"JPM,100561,414"
2019-06-28 14:42:00.000000000,LAST_TRADE,"2,$100561.0000"
2019-06-28 14:42:00.000000000,QUERY_SPREAD,87
2019-06-28 14:42:00.000000000,BEST_BID,"JPM,99182,568"
2019-06-28 14:42:00.000000000,BEST_ASK,"JPM,100561,407"
2019-06-28 14:42:00.000000000,LAST_TRADE,"7,$100561.0000"
2019-06-28 14:42:00.000000000,QUERY_SPREAD,88
2019-06-28 14:42:00.000000000,BEST_BID,"JPM,99182,568"
2019-06-28 14:42:00.000000000,BEST_ASK,"JPM,100561,399"
2019-06-28 14:42:00.000000000,LAST_TRADE,"8,$100561.0000"
2019-06-28 14:42:00.000000000,QUERY_SPREAD,89
2019-06-28 14:42:00.000000000,BEST_BID,"JPM,99182,568"
2019-06-28 14:42:00.000000000,BEST_ASK,"JPM,100561,394"
2019-06-28 14:42:00.000000000,LAST_TRADE,"5,$100561.0000"
2019-06-28 14:42:00.000000000,QUERY_SPREAD,90
2019-06-28 14:42:00.000000000,BEST_BID,"JPM,99182,568"
2019-06-28 14:42:00.000000000,BEST_ASK,"JPM,100561,390"
2019-06-28 14:42:00.000000000,LAST_TRADE,"4,$100561.0000"
2019-06-28 14:42:00.000000000,QUERY_SPREAD,91
2019-06-28 14:42:00.000000000,BEST_BID,"JPM,99182,568"
2019-06-28 14:42:00.000000000,BEST_ASK,"JPM,100561,387"
2019-06-28 14:42:00.000000000,LAST_TRADE,"3,$100561.0000"
2019-06-28 14:42:00.000000000,QUERY_SPREAD,92
2019-06-28 14:42:00.000000000,BEST_BID,"JPM,99182,568"
2019-06-28 14:42:00.000000000,BEST_ASK,"JPM,100561,382"
2019-06-28 14:42:00.000000000,LAST_TRADE,"5,$100561.0000"
2019-06-28 14:42:00.000000000,QUERY_SPREAD,93
2019-06-28 14:42:00.000000000,BEST_BID,"JPM,99182,568"
2019-06-28 14:42:00.000000000,BEST_ASK,"JPM,100561,375"
2019-06-28 14:42:00.000000000,LAST_TRADE,"7,$100561.0000"
2019-06-28 14:42:00.000000000,QUERY_SPREAD,94
2019-06-28 14:42:00.000000000,BEST_BID,"JPM,99182,568"
2019-06-28 14:42:00.000000000,BEST_ASK,"JPM,100561,374"
2019-06-28 14:42:00.000000000,LAST_TRADE,"1,$100561.0000"
2019-06-28 14:42:00.000000000,QUERY_SPREAD,95
2019-06-28 14:42:00.000000000,BEST_BID,"JPM,99182,568"
2019-06-28 14:42:00.000000000,BEST_ASK,"JPM,100561,373"
2019-06-28 14:42:00.000000000,LAST_TRADE,"1,$100561.0000"
2019-06-28 14:42:00.000000000,QUERY_SPREAD,96
2019-06-28 14:42:00.000000000,BEST_BID,"JPM,99182,568"
2019-06-28 14:42:00.000000000,BEST_ASK,"JPM,100561,369"
2019-06-28 14:42:00.000000000,LAST_TRADE,"4,$100561.0000"
2019-06-28 14:42:00.000000000,QUERY_SPREAD,97
2019-06-28 14:42:00.000000000,BEST_BID,"JPM,99182,568"
2019-06-28 14:42:00.000000000,BEST_ASK,"JPM,100561,366"
2019-06-28 14:42:00.000000000,LAST_TRADE,"3,$100561.0000"
2019-06-28 14:42:00.000000000,QUERY_SPREAD,98
2019-06-28 14:42:00.000000000,BEST_BID,"JPM,99182,568"
2019-06-28 14:42:00.000000000,BEST_ASK,"JPM,100561,361"
2019-06-28 14:42:00.000000000,LAST_TRADE,"5,$100561.0000"
2019-06-28 14:42:00.000000000,QUERY_SPREAD,99
2019-06-28 14:42:00.000000000,BEST_BID,"JPM,99182,568"
2019-06-28 14:42:00.000000000,BEST_ASK,"JPM,100561,357"
2019-06-28 14:42:00.000000000,LAST_TRADE,"4,$100561.0000"
2019-06-28 14:42:00.000000000,QUERY_SPREAD,100
2019-06-28 14:42:00.000000000,BEST_BID,"JPM,99182,568"
2019-06-28 14:42:00.000000000,BEST_ASK,"JPM,100561,352"
2019-06-28 14:42:00.000000000,LAST_TRADE,"5,$100561.0000"
2019-06-28 14:42:00.000000000,QUERY_SPREAD,101
2019-06-28 14:42:00.000000000,BEST_BID,"JPM,99182,567"
2019-06-28 14:42:00.000000000,BEST_ASK,"JPM,100561,352"
2019-06-28 14:42:00.000000000,LAST_TRADE,"1,$99182.0000"
2019-06-28 14:42:05.657071596,QUERY_SPREAD,40
2019-06-28 14:42:05.657071596,BEST_BID,"JPM,99182,567"
2019-06-28 14:42:05.657071596,BEST_ASK,"JPM,100561,352"
2019-06-28 14:42:10.000000000,QUERY_SPREAD,1
2019-06-28 14:42:10.000000000,BEST_BID,"JPM,99182,289"
2019-06-28 14:42:10.000000000,BEST_ASK,"JPM,100649,100"
2019-06-28 14:42:10.000000000,BEST_BID,"JPM,99182,289"
2019-06-28 14:42:10.000000000,BEST_ASK,"JPM,100649,100"
2019-06-28 14:42:10.000000000,BEST_BID,"JPM,99182,289"
2019-06-28 14:42:10.000000000,BEST_ASK,"JPM,100649,100"
2019-06-28 14:42:10.000000000,BEST_BID,"JPM,99182,289"
2019-06-28 14:42:10.000000000,BEST_ASK,"JPM,100649,100"
2019-06-28 14:42:10.000000000,BEST_BID,"JPM,99182,289"
2019-06-28 14:42:10.000000000,BEST_ASK,"JPM,100649,193"
2019-06-28 14:42:10.000000000,BEST_BID,"JPM,99182,289"
2019-06-28 14:42:10.000000000,BEST_ASK,"JPM,100649,193"
2019-06-28 14:42:10.000000000,BEST_BID,"JPM,99182,289"
2019-06-28 14:42:10.000000000,BEST_ASK,"JPM,100649,193"
2019-06-28 14:42:10.000000000,BEST_BID,"JPM,99182,289"
2019-06-28 14:42:10.000000000,BEST_ASK,"JPM,100649,193"
2019-06-28 14:42:11.526551779,QUERY_SPREAD,44
2019-06-28 14:42:11.526551779,BEST_BID,"JPM,99182,289"
2019-06-28 14:42:11.526551779,BEST_ASK,"JPM,100545,100"
2019-06-28 14:42:20.000000000,QUERY_SPREAD,1
2019-06-28 14:42:20.000000000,BEST_BID,"JPM,99182,567"
2019-06-28 14:42:20.000000000,BEST_ASK,"JPM,100545,100"
2019-06-28 14:42:20.000000000,BEST_BID,"JPM,99182,567"
2019-06-28 14:42:20.000000000,BEST_ASK,"JPM,100545,471"
2019-06-28 14:42:22.336784298,QUERY_SPREAD,12
2019-06-28 14:42:22.336784298,BEST_BID,"JPM,99182,567"
2019-06-28 14:42:22.336784298,BEST_ASK,"JPM,100505,100"
2019-06-28 14:42:29.571098451,QUERY_SPREAD,14
2019-06-28 14:42:29.571098451,BEST_BID,"JPM,100215,100"
2019-06-28 14:42:29.571098451,BEST_ASK,"JPM,100505,100"
2019-06-28 14:42:30.000000000,QUERY_SPREAD,1
2019-06-28 14:42:30.000000000,BEST_BID,"JPM,100215,286"
2019-06-28 14:42:30.000000000,BEST_ASK,"JPM,100505,100"
2019-06-28 14:42:30.000000000,BEST_BID,"JPM,100215,286"
2019-06-28 14:42:30.000000000,BEST_ASK,"JPM,100505,100"
2019-06-28 14:42:30.000000000,BEST_BID,"JPM,100215,286"
2019-06-28 14:42:30.000000000,BEST_ASK,"JPM,100505,286"
2019-06-28 14:42:30.000000000,BEST_BID,"JPM,100215,286"
2019-06-28 14:42:30.000000000,BEST_ASK,"JPM,100505,286"
2019-06-28 14:42:40.000000000,QUERY_SPREAD,1
2019-06-28 14:42:40.000000000,BEST_BID,"JPM,100215,471"
2019-06-28 14:42:40.000000000,BEST_ASK,"JPM,100505,100"
2019-06-28 14:42:40.000000000,BEST_BID,"JPM,100215,471"
2019-06-28 14:42:40.000000000,BEST_ASK,"JPM,100505,471"
2019-06-28 14:42:50.000000000,QUERY_SPREAD,1
2019-06-28 14:42:50.000000000,BEST_BID,"JPM,100215,226"
2019-06-28 14:42:50.000000000,BEST_ASK,"JPM,100505,100"
2019-06-28 14:42:50.000000000,BEST_BID,"JPM,100215,226"
2019-06-28 14:42:50.000000000,BEST_ASK,"JPM,100505,100"
2019-06-28 14:42:50.000000000,BEST_BID,"JPM,100215,226"
2019-06-28 14:42:50.000000000,BEST_ASK,"JPM,100505,100"
2019-06-28 14:42:50.000000000,BEST_BID,"JPM,100215,226"
2019-06-28 14:42:50.000000000,BEST_ASK,"JPM,100505,226"
2019-06-28 14:42:50.000000000,BEST_BID,"JPM,100215,226"
2019-06-28 14:42:50.000000000,BEST_ASK,"JPM,100505,226"
2019-06-28 14:42:50.000000000,BEST_BID,"JPM,100215,226"
2019-06-28 14:42:50.000000000,BEST_ASK,"JPM,100505,226"
2019-06-28 14:42:55.360264422,QUERY_SPREAD,17
2019-06-28 14:42:55.360264422,BEST_BID,"JPM,100215,226"
2019-06-28 14:42:55.360264422,BEST_ASK,"JPM,100505,126"
2019-06-28 14:42:55.360264422,LAST_TRADE,"100,$100505.0000"
2019-06-28 14:43:00.000000000,QUERY_SPREAD,1
2019-06-28 14:43:00.000000000,BEST_BID,"JPM,100215,193"
2019-06-28 14:43:00.000000000,BEST_ASK,"JPM,100545,100"
2019-06-28 14:43:00.000000000,BEST_BID,"JPM,100215,193"
2019-06-28 14:43:00.000000000,BEST_ASK,"JPM,100545,100"
2019-06-28 14:43:00.000000000,BEST_BID,"JPM,100215,193"
2019-06-28 14:43:00.000000000,BEST_ASK,"JPM,100545,100"
2019-06-28 14:43:00.000000000,BEST_BID,"JPM,100215,193"
2019-06-28 14:43:00.000000000,BEST_ASK,"JPM,100545,100"
2019-06-28 14:43:00.000000000,BEST_BID,"JPM,100215,193"
2019-06-28 14:43:00.000000000,BEST_ASK,"JPM,100545,193"
2019-06-28 14:43:00.000000000,BEST_BID,"JPM,100215,193"
2019-06-28 14:43:00.000000000,BEST_ASK,"JPM,100545,193"
2019-06-28 14:43:00.000000000,BEST_BID,"JPM,100215,193"
2019-06-28 14:43:00.000000000,BEST_ASK,"JPM,100545,193"
2019-06-28 14:43:00.000000000,BEST_BID,"JPM,100215,193"
2019-06-28 14:43:00.000000000,BEST_ASK,"JPM,100545,193"
2019-06-28 14:43:00.000000000,QUERY_SPREAD,77
2019-06-28 14:43:00.000000000,BEST_BID,"JPM,100215,193"
2019-06-28 14:43:00.000000000,BEST_ASK,"JPM,100545,188"
2019-06-28 14:43:00.000000000,LAST_TRADE,"5,$100545.0000"
2019-06-28 14:43:00.000000000,QUERY_SPREAD,78
2019-06-28 14:43:00.000000000,BEST_BID,"JPM,100215,193"
2019-06-28 14:43:00.000000000,BEST_ASK,"JPM,100545,180"
2019-06-28 14:43:00.000000000,LAST_TRADE,"8,$100545.0000"
2019-06-28 14:43:00.000000000,QUERY_SPREAD,79
2019-06-28 14:43:00.000000000,BEST_BID,"JPM,100215,193"
2019-06-28 14:43:00.000000000,BEST_ASK,"JPM,100545,175"
2019-06-28 14:43:00.000000000,LAST_TRADE,"5,$100545.0000"
2019-06-28 14:43:00.000000000,QUERY_SPREAD,80
2019-06-28 14:43:00.000000000,BEST_BID,"JPM,100215,193"
2019-06-28 14:43:00.000000000,BEST_ASK,"JPM,100545,167"
2019-06-28 14:43:00.000000000,LAST_TRADE,"8,$100545.0000"
2019-06-28 14:43:00.000000000,QUERY_SPREAD,81
2019-06-28 14:43:00.000000000,BEST_BID,"JPM,100215,193"
2019-06-28 14:43:00.000000000,BEST_ASK,"JPM,100545,158"
2019-06-28 14:43:00.000000000,LAST_TRADE,"9,$100545.0000"
2019-06-28 14:43:00.000000000,QUERY_SPREAD,82
2019-06-28 14:43:00.000000000,BEST_BID,"JPM,100215,193"
2019-06-28 14:43:00.000000000,BEST_ASK,"JPM,100545,155"
2019-06-28 14:43:00.000000000,LAST_TRADE,"3,$100545.0000"
2019-06-28 14:43:00.000000000,QUERY_SPREAD,83
2019-06-28 14:43:00.000000000,BEST_BID,"JPM,100215,193"
2019-06-28 14:43:00.000000000,BEST_ASK,"JPM,100545,147"
2019-06-28 14:43:00.000000000,LAST_TRADE,"8,$100545.0000"
2019-06-28 14:43:00.000000000,QUERY_SPREAD,84
2019-06-28 14:43:00.000000000,BEST_BID,"JPM,100215,193"
2019-06-28 14:43:00.000000000,BEST_ASK,"JPM,100545,143"
2019-06-28 14:43:00.000000000,LAST_TRADE,"4,$100545.0000"
2019-06-28 14:43:00.000000000,QUERY_SPREAD,85
2019-06-28 14:43:00.000000000,BEST_BID,"JPM,100215,193"
2019-06-28 14:43:00.000000000,BEST_ASK,"JPM,100545,138"
2019-06-28 14:43:00.000000000,LAST_TRADE,"5,$100545.0000"
2019-06-28 14:43:00.000000000,QUERY_SPREAD,86
2019-06-28 14:43:00.000000000,BEST_BID,"JPM,100215,193"
2019-06-28 14:43:00.000000000,BEST_ASK,"JPM,100545,136"
2019-06-28 14:43:00.000000000,LAST_TRADE,"2,$100545.0000"
2019-06-28 14:43:00.000000000,QUERY_SPREAD,87
2019-06-28 14:43:00.000000000,BEST_BID,"JPM,100215,193"
2019-06-28 14:43:00.000000000,BEST_ASK,"JPM,100545,129"
2019-06-28 14:43:00.000000000,LAST_TRADE,"7,$100545.0000"
2019-06-28 14:43:00.000000000,QUERY_SPREAD,88
2019-06-28 14:43:00.000000000,BEST_BID,"JPM,100215,193"
2019-06-28 14:43:00.000000000,BEST_ASK,"JPM,100545,121"
2019-06-28 14:43:00.000000000,LAST_TRADE,"8,$100545.0000"
2019-06-28 14:43:00.000000000,QUERY_SPREAD,89
2019-06-28 14:43:00.000000000,BEST_BID,"JPM,100215,193"
2019-06-28 14:43:00.000000000,BEST_ASK,"JPM,100545,116"
2019-06-28 14:43:00.000000000,LAST_TRADE,"5,$100545.0000"
2019-06-28 14:43:00.000000000,QUERY_SPREAD,90
2019-06-28 14:43:00.000000000,BEST_BID,"JPM,100215,193"
2019-06-28 14:43:00.000000000,BEST_ASK,"JPM,100545,112"
2019-06-28 14:43:00.000000000,LAST_TRADE,"4,$100545.0000"
2019-06-28 14:43:00.000000000,QUERY_SPREAD,91
2019-06-28 14:43:00.000000000,BEST_BID,"JPM,100215,193"
2019-06-28 14:43:00.000000000,BEST_ASK,"JPM,100545,109"
2019-06-28 14:43:00.000000000,LAST_TRADE,"3,$100545.0000"
2019-06-28 14:43:00.000000000,QUERY_SPREAD,92
2019-06-28 14:43:00.000000000,BEST_BID,"JPM,100215,193"
2019-06-28 14:43:00.000000000,BEST_ASK,"JPM,100545,104"
2019-06-28 14:43:00.000000000,LAST_TRADE,"5,$100545.0000"
2019-06-28 14:43:00.000000000,QUERY_SPREAD,93
2019-06-28 14:43:00.000000000,BEST_BID,"JPM,100215,193"
2019-06-28 14:43:00.000000000,BEST_ASK,"JPM,100545,97"
2019-06-28 14:43:00.000000000,LAST_TRADE,"7,$100545.0000"
2019-06-28 14:43:00.000000000,QUERY_SPREAD,94
2019-06-28 14:43:00.000000000,BEST_BID,"JPM,100215,193"
2019-06-28 14:43:00.000000000,BEST_ASK,"JPM,100545,96"
2019-06-28 14:43:00.000000000,LAST_TRADE,"1,$100545.0000"
2019-06-28 14:43:00.000000000,QUERY_SPREAD,95
2019-06-28 14:43:00.000000000,BEST_BID,"JPM,100215,193"
2019-06-28 14:43:00.000000000,BEST_ASK,"JPM,100545,95"
2019-06-28 14:43:00.000000000,LAST_TRADE,"1,$100545.0000"
2019-06-28 14:43:00.000000000,QUERY_SPREAD,96
2019-06-28 14:43:00.000000000,BEST_BID,"JPM,100215,193"
2019-06-28 14:43:00.000000000,BEST_ASK,"JPM,100545,91"
2019-06-28 14:43:00.000000000,LAST_TRADE,"4,$100545.0000"
2019-06-28 14:43:00.000000000,QUERY_SPREAD,97
2019-06-28 14:43:00.000000000,BEST_BID,"JPM,100215,193"
2019-06-28 14:43:00.000000000,BEST_ASK,"JPM,100545,88"
2019-06-28 14:43:00.000000000,LAST_TRADE,"3,$100545.0000"
2019-06-28 14:43:00.000000000,QUERY_SPREAD,98
2019-06-28 14:43:00.000000000,BEST_BID,"JPM,100215,193"
2019-06-28 14:43:00.000000000,BEST_ASK,"JPM,100545,83"
2019-06-28 14:43:00.000000000,LAST_TRADE,"5,$100545.0000"
2019-06-28 14:43:00.000000000,QUERY_SPREAD,99
2019-06-28 14:43:00.000000000,BEST_BID,"JPM,100215,193"
2019-06-28 14:43:00.000000000,BEST_ASK,"JPM,100545,79"
2019-06-28 14:43:00.000000000,LAST_TRADE,"4,$100545.0000"
2019-06-28 14:43:00.000000000,QUERY_SPREAD,100
2019-06-28 14:43:00.000000000,BEST_BID,"JPM,100215,193"
2019-06-28 14:43:00.000000000,BEST_ASK,"JPM,100545,74"
2019-06-28 14:43:00.000000000,LAST_TRADE,"5,$100545.0000"
2019-06-28 14:43:00.000000000,QUERY_SPREAD,101
2019-06-28 14:43:00.000000000,BEST_BID,"JPM,100215,192"
2019-06-28 14:43:00.000000000,BEST_ASK,"JPM,100545,74"
2019-06-28 14:43:00.000000000,LAST_TRADE,"1,$100215.0000"
2019-06-28 14:43:02.273342749,QUERY_ORDER_STREAM,52
2019-06-28 14:43:02.273342749,QUERY_SPREAD,52
2019-06-28 14:43:02.273342749,BEST_BID,"JPM,100215,292"
2019-06-28 14:43:02.273342749,BEST_ASK,"JPM,100545,74"
2019-06-28 14:43:10.000000000,QUERY_SPREAD,1
2019-06-28 14:43:10.000000000,BEST_BID,"JPM,100215,292"
2019-06-28 14:43:10.000000000,BEST_ASK,"JPM,100649,100"
2019-06-28 14:43:10.000000000,BEST_BID,"JPM,100215,292"
2019-06-28 14:43:10.000000000,BEST_ASK,"JPM,100649,100"
2019-06-28 14:43:10.000000000,BEST_BID,"JPM,100215,292"
2019-06-28 14:43:10.000000000,BEST_ASK,"JPM,100649,100"
2019-06-28 14:43:10.000000000,BEST_BID,"JPM,100215,292"
2019-06-28 14:43:10.000000000,BEST_ASK,"JPM,100649,100"
2019-06-28 14:43:10.000000000,BEST_BID,"JPM,100215,292"
2019-06-28 14:43:10.000000000,BEST_ASK,"JPM,100649,193"
2019-06-28 14:43:10.000000000,BEST_BID,"JPM,100215,292"
2019-06-28 14:43:10.000000000,BEST_ASK,"JPM,100649,193"
2019-06-28 14:43:10.000000000,BEST_BID,"JPM,100215,292"
2019-06-28 14:43:10.000000000,BEST_ASK,"JPM,100649,193"
2019-06-28 14:43:10.000000000,BEST_BID,"JPM,100215,292"
2019-06-28 14:43:10.000000000,BEST_ASK,"JPM,100649,193"
2019-06-28 14:43:20.000000000,QUERY_SPREAD,1
2019-06-28 14:43:20.000000000,BEST_BID,"JPM,100215,325"
2019-06-28 14:43:20.000000000,BEST_ASK,"JPM,100649,100"
2019-06-28 14:43:20.000000000,BEST_BID,"JPM,100215,325"
2019-06-28 14:43:20.000000000,BEST_ASK,"JPM,100649,100"
2019-06-28 14:43:20.000000000,BEST_BID,"JPM,100215,325"
2019-06-28 14:43:20.000000000,BEST_ASK,"JPM,100649,100"
2019-06-28 14:43:20.000000000,BEST_BID,"JPM,100215,325"
2019-06-28 14:43:20.000000000,BEST_ASK,"JPM,100649,226"
2019-06-28 14:43:20.000000000,BEST_BID,"JPM,100215,325"
2019-06-28 14:43:20.000000000,BEST_ASK,"JPM,100649,226"
2019-06-28 14:43:20.000000000,BEST_BID,"JPM,100215,325"
2019-06-28 14:43:20.000000000,BEST_ASK,"JPM,100649,226"
2019-06-28 14:43:22.461173390,QUERY_SPREAD,28
2019-06-28 14:43:22.461173390,BEST_BID,"JPM,100642,100"
2019-06-28 14:43:22.461173390,BEST_ASK,"JPM,100649,226"
2019-06-28 14:43:30.000000000,QUERY_SPREAD,1
2019-06-28 14:43:30.000000000,BEST_BID,"JPM,100642,471"
2019-06-28 14:43:30.000000000,BEST_ASK,"JPM,100649,100"
2019-06-28 14:43:30.000000000,BEST_BID,"JPM,100642,471"
2019-06-28 14:43:30.000000000,BEST_ASK,"JPM,100649,471"
2019-06-28 14:43:39.962787692,QUERY_SPREAD,18
2019-06-28 14:43:39.962787692,BEST_BID,"JPM,100642,471"
2019-06-28 14:43:39.962787692,BEST_ASK,"JPM,100649,471"
2019-06-28 14:43:40.000000000,QUERY_SPREAD,1
2019-06-28 14:43:40.000000000,BEST_BID,"JPM,100642,226"
2019-06-28 14:43:40.000000000,BEST_ASK,"JPM,100649,100"
2019-06-28 14:43:40.000000000,BEST_BID,"JPM,100642,226"
2019-06-28 14:43:40.000000000,BEST_ASK,"JPM,100649,100"
2019-06-28 14:43:40.000000000,BEST_BID,"JPM,100642,226"
2019-06-28 14:43:40.000000000,BEST_ASK,"JPM,100649,100"
2019-06-28 14:43:40.000000000,BEST_BID,"JPM,100642,226"
2019-06-28 14:43:40.000000000,BEST_ASK,"JPM,100649,226"
2019-06-28 14:43:40.000000000,BEST_BID,"JPM,100642,226"
2019-06-28 14:43:40.000000000,BEST_ASK,"JPM,100649,226"
2019-06-28 14:43:40.000000000,BEST_BID,"JPM,100642,226"
2019-06-28 14:43:40.000000000,BEST_ASK,"JPM,100649,226"
2019-06-28 14:43:42.974974433,QUERY_SPREAD,9
2019-06-28 14:43:42.974974433,BEST_BID,"JPM,100642,226"
2019-06-28 14:43:42.974974433,BEST_ASK,"JPM,100649,126"
2019-06-28 14:43:42.974974433,LAST_TRADE,"100,$100649.0000"
2019-06-28 14:43:45.490855611,QUERY_SPREAD,25
2019-06-28 14:43:45.490855611,BEST_BID,"JPM,100642,226"
2019-06-28 14:43:45.490855611,BEST_ASK,"JPM,100649,26"
2019-06-28 14:43:45.490855611,LAST_TRADE,"100,$100649.0000"
2019-06-28 14:43:50.000000000,QUERY_SPREAD,1
2019-06-28 14:43:50.000000000,BEST_BID,"JPM,100642,286"
2019-06-28 14:43:50.000000000,BEST_ASK,"JPM,100747,100"
2019-06-28 14:43:50.000000000,BEST_BID,"JPM,100642,286"
2019-06-28 14:43:50.000000000,BEST_ASK,"JPM,100747,100"
2019-06-28 14:43:50.000000000,BEST_BID,"JPM,100642,286"
2019-06-28 14:43:50.000000000,BEST_ASK,"JPM,100747,286"
2019-06-28 14:43:50.000000000,BEST_BID,"JPM,100642,286"
2019-06-28 14:43:50.000000000,BEST_ASK,"JPM,100747,286"
2019-06-28 14:43:58.303407767,QUERY_SPREAD,25
2019-06-28 14:43:58.303407767,BEST_BID,"JPM,100642,286"
2019-06-28 14:43:58.303407767,BEST_ASK,"JPM,100747,286"
2019-06-28 14:44:00.000000000,QUERY_SPREAD,1
2019-06-28 14:44:00.000000000,BEST_BID,"JPM,100642,193"
2019-06-28 14:44:00.000000000,BEST_ASK,"JPM,100747,100"
2019-06-28 14:44:00.000000000,BEST_BID,"JPM,100642,193"
2019-06-28 14:44:00.000000000,BEST_ASK,"JPM,100747,100"
2019-06-28 14:44:00.000000000,BEST_BID,"JPM,100642,193"
2019-06-28 14:44:00.000000000,BEST_ASK,"JPM,100747,100"
2019-06-28 14:44:00.000000000,BEST_BID,"JPM,100642,193"
2019-06-28 14:44:00.000000000,BEST_ASK,"JPM,100747,100"
2019-06-28 14:44:00.000000000,BEST_BID,"JPM,100642,193"
2019-06-28 14:44:00.000000000,BEST_ASK,"JPM,100747,193"
2019-06-28 14:44:00.000000000,BEST_BID,"JPM,100642,193"
2019-06-28 14:44:00.000000000,BEST_ASK,"JPM,100747,193"
2019-06-28 14:44:00.000000000,BEST_BID,"JPM,100642,193"
2019-06-28 14:44:00.000000000,BEST_ASK,"JPM,100747,193"
2019-06-28 14:44:00.000000000,BEST_BID,"JPM,100642,193"
2019-06-28 14:44:00.000000000,BEST_ASK,"JPM,100747,193"
2019-06-28 14:44:00.000000000,QUERY_SPREAD,77
2019-06-28 14:44:00.000000000,BEST_BID,"JPM,100642,193"
2019-06-28 14:44:00.000000000,BEST_ASK,"JPM,100747,188"
2019-06-28 14:44:00.000000000,LAST_TRADE,"5,$100747.0000"
2019-06-28 14:44:00.000000000,QUERY_SPREAD,78
2019-06-28 14:44:00.000000000,BEST_BID,"JPM,100642,193"
2019-06-28 14:44:00.000000000,BEST_ASK,"JPM,100747,180"
2019-06-28 14:44:00.000000000,LAST_TRADE,"8,$100747.0000"
2019-06-28 14:44:00.000000000,QUERY_SPREAD,79
2019-06-28 14:44:00.000000000,BEST_BID,"JPM,100642,193"
2019-06-28 14:44:00.000000000,BEST_ASK,"JPM,100747,175"
2019-06-28 14:44:00.000000000,LAST_TRADE,"5,$100747.0000"
2019-06-28 14:44:00.000000000,QUERY_SPREAD,80
2019-06-28 14:44:00.000000000,BEST_BID,"JPM,100642,193"
2019-06-28 14:44:00.000000000,BEST_ASK,"JPM,100747,167"
2019-06-28 14:44:00.000000000,LAST_TRADE,"8,$100747.0000"
2019-06-28 14:44:00.000000000,QUERY_SPREAD,81
2019-06-28 14:44:00.000000000,BEST_BID,"JPM,100642,193"
2019-06-28 14:44:00.000000000,BEST_ASK,"JPM,100747,158"
2019-06-28 14:44:00.000000000,LAST_TRADE,"9,$100747.0000"
2019-06-28 14:44:00.000000000,QUERY_SPREAD,82
2019-06-28 14:44:00.000000000,BEST_BID,"JPM,100642,193"
2019-06-28 14:44:00.000000000,BEST_ASK,"JPM,100747,155"
2019-06-28 14:44:00.000000000,LAST_TRADE,"3,$100747.0000"
2019-06-28 14:44:00.000000000,QUERY_SPREAD,83
2019-06-28 14:44:00.000000000,BEST_BID,"JPM,100642,193"
2019-06-28 14:44:00.000000000,BEST_ASK,"JPM,100747,147"
2019-06-28 14:44:00.000000000,LAST_TRADE,"8,$100747.0000"
2019-06-28 14:44:00.000000000,QUERY_SPREAD,84
2019-06-28 14:44:00.000000000,BEST_BID,"JPM,100642,193"
2019-06-28 14:44:00.000000000,BEST_ASK,"JPM,100747,143"
2019-06-28 14:44:00.000000000,LAST_TRADE,"4,$100747.0000"
2019-06-28 14:44:00.000000000,QUERY_SPREAD,85
2019-06-28 14:44:00.000000000,BEST_BID,"JPM,100642,193"
2019-06-28 14:44:00.000000000,BEST_ASK,"JPM,100747,138"
2019-06-28 14:44:00.000000000,LAST_TRADE,"5,$100747.0000"
2019-06-28 14:44:00.000000000,QUERY_SPREAD,86
2019-06-28 14:44:00.000000000,BEST_BID,"JPM,100642,193"
2019-06-28 14:44:00.000000000,BEST_ASK,"JPM,100747,136"
2019-06-28 14:44:00.000000000,LAST_TRADE,"2,$100747.0000"
2019-06-28 14:44:00.000000000,QUERY_SPREAD,87
2019-06-28 14:44:00.000000000,BEST_BID,"JPM,100642,193"
2019-06-28 14:44:00.000000000,BEST_ASK,"JPM,100747,129"
2019-06-28 14:44:00.000000000,LAST_TRADE,"7,$100747.0000"
2019-06-28 14:44:00.000000000,QUERY_SPREAD,88
2019-06-28 14:44:00.000000000,BEST_BID,"JPM,100642,193"
2019-06-28 14:44:00.000000000,BEST_ASK,"JPM,100747,121"
2019-06-28 14:44:00.000000000,LAST_TRADE,"8,$100747.0000"
2019-06-28 14:44:00.000000000,QUERY_SPREAD,89
2019-06-28 14:44:00.000000000,BEST_BID,"JPM,100642,193"
2019-06-28 14:44:00.000000000,BEST_ASK,"JPM,100747,116"
2019-06-28 14:44:00.000000000,LAST_TRADE,"5,$100747.0000"
2019-06-28 14:44:00.000000000,QUERY_SPREAD,90
2019-06-28 14:44:00.000000000,BEST_BID,"JPM,100642,193"
2019-06-28 14:44:00.000000000,BEST_ASK,"JPM,100747,112"
2019-06-28 14:44:00.000000000,LAST_TRADE,"4,$100747.0000"
2019-06-28 14:44:00.000000000,QUERY_SPREAD,91
2019-06-28 14:44:00.000000000,BEST_BID,"JPM,100642,193"
2019-06-28 14:44:00.000000000,BEST_ASK,"JPM,100747,109"
2019-06-28 14:44:00.000000000,LAST_TRADE,"3,$100747.0000"
2019-06-28 14:44:00.000000000,QUERY_SPREAD,92
2019-06-28 14:44:00.000000000,BEST_BID,"JPM,100642,193"
2019-06-28 14:44:00.000000000,BEST_ASK,"JPM,100747,104"
2019-06-28 14:44:00.000000000,LAST_TRADE,"5,$100747.0000"
2019-06-28 14:44:00.000000000,QUERY_SPREAD,93
2019-06-28 14:44:00.000000000,BEST_BID,"JPM,100642,193"
2019-06-28 14:44:00.000000000,BEST_ASK,"JPM,100747,97"
2019-06-28 14:44:00.000000000,LAST_TRADE,"7,$100747.0000"
2019-06-28 14:44:00.000000000,QUERY_SPREAD,94
2019-06-28 14:44:00.000000000,BEST_BID,"JPM,100642,193"
2019-06-28 14:44:00.000000000,BEST_ASK,"JPM,100747,96"
2019-06-28 14:44:00.000000000,LAST_TRADE,"1,$100747.0000"
2019-06-28 14:44:00.000000000,QUERY_SPREAD,95
2019-06-28 14:44:00.000000000,BEST_BID,"JPM,100642,193"
2019-06-28 14:44:00.000000000,BEST_ASK,"JPM,100747,95"
2019-06-28 14:44:00.000000000,LAST_TRADE,"1,$100747.0000"
2019-06-28 14:44:00.000000000,QUERY_SPREAD,96
2019-06-28 14:44:00.000000000,BEST_BID,"JPM,100642,193"
2019-06-28 14:44:00.000000000,BEST_ASK,"JPM,100747,91"
2019-06-28 14:44:00.000000000,LAST_TRADE,"4,$100747.0000"
2019-06-28 14:44:00.000000000,QUERY_SPREAD,97
2019-06-28 14:44:00.000000000,BEST_BID,"JPM,100642,193"
2019-06-28 14:44:00.000000000,BEST_ASK,"JPM,100747,88"
2019-06-28 14:44:00.000000000,LAST_TRADE,"3,$100747.0000"
2019-06-28 14:44:00.000000000,QUERY_SPREAD,98
2019-06-28 14:44:00.000000000,BEST_BID,"JPM,100642,193"
2019-06-28 14:44:00.000000000,BEST_ASK,"JPM,100747,83"
2019-06-28 14:44:00.000000000,LAST_TRADE,"5,$100747.0000"
2019-06-28 14:44:00.000000000,QUERY_SPREAD,99
2019-06-28 14:44:00.000000000,BEST_BID,"JPM,100642,193"
2019-06-28 14:44:00.000000000,BEST_ASK,"JPM,100747,79"
2019-06-28 14:44:00.000000000,LAST_TRADE,"4,$100747.0000"
2019-06-28 14:44:00.000000000,QUERY_SPREAD,100
2019-06-28 14:44:00.000000000,BEST_BID,"JPM,100642,193"
2019-06-28 14:44:00.000000000,BEST_ASK,"JPM,100747,74"
2019-06-28 14:44:00.000000000,LAST_TRADE,"5,$100747.0000"
2019-06-28 14:44:00.000000000,QUERY_SPREAD,101
2019-06-28 14:44:00.000000000,BEST_BID,"JPM,100642,192"
2019-06-28 14:44:00.000000000,BEST_ASK,"JPM,100747,74"
2019-06-28 14:44:00.000000000,LAST_TRADE,"1,$100642.0000"
2019-06-28 14:44:02.846832823,QUERY_SPREAD,48
2019-06-28 14:44:02.846832823,BEST_BID,"JPM,100697,100"
2019-06-28 14:44:02.846832823,BEST_ASK,"JPM,100747,74"
2019-06-28 14:44:06.231737398,QUERY_SPREAD,19
2019-06-28 14:44:06.231737398,BEST_BID,"JPM,100642,192"
2019-06-28 14:44:06.231737398,BEST_ASK,"JPM,100747,74"
2019-06-28 14:44:06.231737398,LAST_TRADE,"100,$100697.0000"
2019-06-28 14:44:10.000000000,QUERY_SPREAD,1
2019-06-28 14:44:10.000000000,BEST_BID,"JPM,100642,225"
2019-06-28 14:44:10.000000000,BEST_ASK,"JPM,100988,100"
2019-06-28 14:44:10.000000000,BEST_BID,"JPM,100642,225"
2019-06-28 14:44:10.000000000,BEST_ASK,"JPM,100988,100"
2019-06-28 14:44:10.000000000,BEST_BID,"JPM,100642,225"
2019-06-28 14:44:10.000000000,BEST_ASK,"JPM,100988,100"
2019-06-28 14:44:10.000000000,BEST_BID,"JPM,100642,225"
2019-06-28 14:44:10.000000000,BEST_ASK,"JPM,100988,226"
2019-06-28 14:44:10.000000000,BEST_BID,"JPM,100642,225"
2019-06-28 14:44:10.000000000,BEST_ASK,"JPM,100988,226"
2019-06-28 14:44:10.000000000,BEST_BID,"JPM,100642,225"
2019-06-28 14:44:10.000000000,BEST_ASK,"JPM,100988,226"
2019-06-28 14:44:14.960108099,QUERY_SPREAD,41
2019-06-28 14:44:14.960108099,BEST_BID,"JPM,100642,225"
2019-06-28 14:44:14.960108099,BEST_ASK,"JPM,100988,226"
2019-06-28 14:44:16.315619196,QUERY_SPREAD,14
2019-06-28 14:44:16.315619196,BEST_BID,"JPM,100642,225"
2019-06-28 14:44:16.315619196,BEST_ASK,"JPM,100988,226"
2019-06-28 14:44:20.000000000,QUERY_SPREAD,1
2019-06-28 14:44:20.000000000,BEST_BID,"JPM,100642,192"
2019-06-28 14:44:20.000000000,BEST_ASK,"JPM,100988,100"
2019-06-28 14:44:20.000000000,BEST_BID,"JPM,100642,192"
2019-06-28 14:44:20.000000000,BEST_ASK,"JPM,100988,100"
2019-06-28 14:44:20.000000000,BEST_BID,"JPM,100642,192"
2019-06-28 14:44:20.000000000,BEST_ASK,"JPM,100988,100"
2019-06-28 14:44:20.000000000,BEST_BID,"JPM,100642,192"
2019-06-28 14:44:20.000000000,BEST_ASK,"JPM,100988,100"
2019-06-28 14:44:20.000000000,BEST_BID,"JPM,100642,192"
2019-06-28 14:44:20.000000000,BEST_ASK,"JPM,100988,193"
2019-06-28 14:44:20.000000000,BEST_BID,"JPM,100642,192"
2019-06-28 14:44:20.000000000,BEST_ASK,"JPM,100988,193"
2019-06-28 14:44:20.000000000,BEST_BID,"JPM,100642,192"
2019-06-28 14:44:20.000000000,BEST_ASK,"JPM,100988,193"
2019-06-28 14:44:20.000000000,BEST_BID,"JPM,100642,192"
2019-06-28 14:44:20.000000000,BEST_ASK,"JPM,100988,193"
2019-06-28 14:44:30.000000000,QUERY_SPREAD,1
2019-06-28 14:44:30.000000000,BEST_BID,"JPM,100642,470"
2019-06-28 14:44:30.000000000,BEST_ASK,"JPM,100988,100"
2019-06-28 14:44:30.000000000,BEST_BID,"JPM,100642,470"
2019-06-28 14:44:30.000000000,BEST_ASK,"JPM,100988,471"
2019-06-28 14:44:40.000000000,QUERY_SPREAD,1
2019-06-28 14:44:40.000000000,BEST_BID,"JPM,100642,285"
2019-06-28 14:44:40.000000000,BEST_ASK,"JPM,100988,100"
2019-06-28 14:44:40.000000000,BEST_BID,"JPM,100642,285"
2019-06-28 14:44:40.000000000,BEST_ASK,"JPM,100988,100"
2019-06-28 14:44:40.000000000,BEST_BID,"JPM,100642,285"
2019-06-28 14:44:40.000000000,BEST_ASK,"JPM,100988,286"
2019-06-28 14:44:40.000000000,BEST_BID,"JPM,100642,285"
2019-06-28 14:44:40.000000000,BEST_ASK,"JPM,100988,286"
2019-06-28 14:44:50.000000000,QUERY_SPREAD,1
2019-06-28 14:44:50.000000000,BEST_BID,"JPM,100642,225"
2019-06-28 14:44:50.000000000,BEST_ASK,"JPM,100988,100"
2019-06-28 14:44:50.000000000,BEST_BID,"JPM,100642,225"
2019-06-28 14:44:50.000000000,BEST_ASK,"JPM,100988,100"
2019-06-28 14:44:50.000000000,BEST_BID,"JPM,100642,225"
2019-06-28 14:44:50.000000000,BEST_ASK,"JPM,100988,100"
2019-06-28 14:44:50.000000000,BEST_BID,"JPM,100642,225"
2019-06-28 14:44:50.000000000,BEST_ASK,"JPM,100988,226"
2019-06-28 14:44:50.000000000,BEST_BID,"JPM,100642,225"
2019-06-28 14:44:50.000000000,BEST_ASK,"JPM,100988,226"
2019-06-28 14:44:50.000000000,BEST_BID,"JPM,100642,225"
2019-06-28 14:44:50.000000000,BEST_ASK,"JPM,100988,226"
2019-06-28 14:44:52.994860141,QUERY_SPREAD,13
2019-06-28 14:44:52.994860141,BEST_BID,"JPM,100642,225"
2019-06-28 14:44:52.994860141,BEST_ASK,"JPM,100988,226"
2019-06-28 14:45:00.000000000,QUERY_SPREAD,1
2019-06-28 14:45:00.000000000,BEST_BID,"JPM,100642,285"
2019-06-28 14:45:00.000000000,BEST_ASK,"JPM,100988,100"
2019-06-28 14:45:00.000000000,BEST_BID,"JPM,100642,285"
2019-06-28 14:45:00.000000000,BEST_ASK,"JPM,100988,100"
2019-06-28 14:45:00.000000000,BEST_BID,"JPM,100642,285"
2019-06-28 14:45:00.000000000,BEST_ASK,"JPM,100988,286"
2019-06-28 14:45:00.000000000,BEST_BID,"JPM,100642,285"
2019-06-28 14:45:00.000000000,BEST_ASK,"JPM,100988,286"
2019-06-28 14:45:00.000000000,QUERY_SPREAD,77
2019-06-28 14:45:00.000000000,BEST_BID,"JPM,100642,285"
2019-06-28 14:45:00.000000000,BEST_ASK,"JPM,100988,281"
2019-06-28 14:45:00.000000000,LAST_TRADE,"5,$100988.0000"
2019-06-28 14:45:00.000000000,QUERY_SPREAD,78
2019-06-28 14:45:00.000000000,BEST_BID,"JPM,100642,285"
2019-06-28 14:45:00.000000000,BEST_ASK,"JPM,100988,273"
2019-06-28 14:45:00.000000000,LAST_TRADE,"8,$100988.0000"
2019-06-28 14:45:00.000000000,QUERY_SPREAD,79
2019-06-28 14:45:00.000000000,BEST_BID,"JPM,100642,285"
2019-06-28 14:45:00.000000000,BEST_ASK,"JPM,100988,268"
2019-06-28 14:45:00.000000000,LAST_TRADE,"5,$100988.0000"
2019-06-28 14:45:00.000000000,QUERY_SPREAD,80
2019-06-28 14:45:00.000000000,BEST_BID,"JPM,100642,285"
2019-06-28 14:45:00.000000000,BEST_ASK,"JPM,100988,260"
2019-06-28 14:45:00.000000000,LAST_TRADE,"8,$100988.0000"
2019-06-28 14:45:00.000000000,QUERY_SPREAD,81
2019-06-28 14:45:00.000000000,BEST_BID,"JPM,100642,285"
2019-06-28 14:45:00.000000000,BEST_ASK,"JPM,100988,251"
2019-06-28 14:45:00.000000000,LAST_TRADE,"9,$100988.0000"
2019-06-28 14:45:00.000000000,QUERY_SPREAD,82
2019-06-28 14:45:00.000000000,BEST_BID,"JPM,100642,285"
2019-06-28 14:45:00.000000000,BEST_ASK,"JPM,100988,248"
2019-06-28 14:45:00.000000000,LAST_TRADE,"3,$100988.0000"
2019-06-28 14:45:00.000000000,QUERY_SPREAD,83
2019-06-28 14:45:00.000000000,BEST_BID,"JPM,100642,285"
2019-06-28 14:45:00.000000000,BEST_ASK,"JPM,100988,240"
2019-06-28 14:45:00.000000000,LAST_TRADE,"8,$100988.0000"
2019-06-28 14:45:00.000000000,QUERY_SPREAD,84
2019-06-28 14:45:00.000000000,BEST_BID,"JPM,100642,285"
2019-06-28 14:45:00.000000000,BEST_ASK,"JPM,100988,236"
2019-06-28 14:45:00.000000000,LAST_TRADE,"4,$100988.0000"
2019-06-28 14:45:00.000000000,QUERY_SPREAD,85
2019-06-28 14:45:00.000000000,BEST_BID,"JPM,100642,285"
2019-06-28 14:45:00.000000000,BEST_ASK,"JPM,100988,231"
2019-06-28 14:45:00.000000000,LAST_TRADE,"5,$100988.0000"
2019-06-28 14:45:00.000000000,QUERY_SPREAD,86
2019-06-28 14:45:00.000000000,BEST_BID,"JPM,100642,285"
2019-06-28 14:45:00.000000000,BEST_ASK,"JPM,100988,229"
2019-06-28 14:45:00.000000000,LAST_TRADE,"2,$100988.0000"
2019-06-28 14:45:00.000000000,QUERY_SPREAD,87
2019-06-28 14:45:00.000000000,BEST_BID,"JPM,100642,285"
2019-06-28 14:45:00.000000000,BEST_ASK,"JPM,100988,222"
2019-06-28 14:45:00.000000000,LAST_TRADE,"7,$100988.0000"
2019-06-28 14:45:00.000000000,QUERY_SPREAD,88
2019-06-28 14:45:00.000000000,BEST_BID,"JPM,100642,285"
2019-06-28 14:45:00.000000000,BEST_ASK,"JPM,100988,214"
2019-06-28 14:45:00.000000000,LAST_TRADE,"8,$100988.0000"
2019-06-28 14:45:00.000000000,QUERY_SPREAD,89
2019-06-28 14:45:00.000000000,BEST_BID,"JPM,100642,285"
2019-06-28 14:45:00.000000000,BEST_ASK,"JPM,100988,209"
2019-06-28 14:45:00.000000000,LAST_TRADE,"5,$100988.0000"
2019-06-28 14:45:00.000000000,QUERY_SPREAD,90
2019-06-28 14:45:00.000000000,BEST_BID,"JPM,100642,285"
2019-06-28 14:45:00.000000000,BEST_ASK,"JPM,100988,205"
2019-06-28 14:45:00.000000000,LAST_TRADE,"4,$100988.0000"
2019-06-28 14:45:00.000000000,QUERY_SPREAD,91
2019-06-28 14:45:00.000000000,BEST_BID,"JPM,100642,285"
2019-06-28 14:45:00.000000000,BEST_ASK,"JPM,100988,202"
2019-06-28 14:45:00.000000000,LAST_TRADE,"3,$100988.0000"
2019-06-28 14:45:00.000000000,QUERY_SPREAD,92
2019-06-28 14:45:00.000000000,BEST_BID,"JPM,100642,285"
2019-06-28 14:45:00.000000000,BEST_ASK,"JPM,100988,197"
2019-06-28 14:45:00.000000000,LAST_TRADE,"5,$100988.0000"
2019-06-28 14:45:00.000000000,QUERY_SPREAD,93
2019-06-28 14:45:00.000000000,BEST_BID,"JPM,100642,285"
2019-06-28 14:45:00.000000000,BEST_ASK,"JPM,100988,190"
2019-06-28 14:45:00.000000000,LAST_TRADE,"7,$100988.0000"
2019-06-28 14:45:00.000000000,QUERY_SPREAD,94
2019-06-28 14:45:00.000000000,BEST_BID,"JPM,100642,285"
2019-06-28 14:45:00.000000000,BEST_ASK,"JPM,100988,189"
2019-06-28 14:45:00.000000000,LAST_TRADE,"1,$100988.0000"
2019-06-28 14:45:00.000000000,QUERY_SPREAD,95
2019-06-28 14:45:00.000000000,BEST_BID,"JPM,100642,285"
2019-06-28 14:45:00.000000000,BEST_ASK,"JPM,100988,188"
2019-06-28 14:45:00.000000000,LAST_TRADE,"1,$100988.0000"
2019-06-28 14:45:00.000000000,QUERY_SPREAD,96
2019-06-28 14:45:00.000000000,BEST_BID,"JPM,100642,285"
2019-06-28 14:45:00.000000000,BEST_ASK,"JPM,100988,184"
2019-06-28 14:45:00.000000000,LAST_TRADE,"4,$100988.0000"
2019-06-28 14:45:00.000000000,QUERY_SPREAD,97
2019-06-28 14:45:00.000000000,BEST_BID,"JPM,100642,285"
2019-06-28 14:45:00.000000000,BEST_ASK,"JPM,100988,181"
2019-06-28 14:45:00.000000000,LAST_TRADE,"3,$100988.0000"
2019-06-28 14:45:00.000000000,QUERY_SPREAD,98
2019-06-28 14:45:00.000000000,BEST_BID,"JPM,100642,285"
2019-06-28 14:45:00.000000000,BEST_ASK,"JPM,100988,176"
2019-06-28 14:45:00.000000000,LAST_TRADE,"5,$100988.0000"
2019-06-28 14:45:00.000000000,QUERY_SPREAD,99
2019-06-28 14:45:00.000000000,BEST_BID,"JPM,100642,285"
2019-06-28 14:45:00.000000000,BEST_ASK,"JPM,100988,172"
2019-06-28 14:45:00.000000000,LAST_TRADE,"4,$100988.0000"
2019-06-28 14:45:00.000000000,QUERY_SPREAD,100
2019-06-28 14:45:00.000000000,BEST_BID,"JPM,100642,285"
2019-06-28 14:45:00.000000000,BEST_ASK,"JPM,100988,167"
2019-06-28 14:45:00.000000000,LAST_TRADE,"5,$100988.0000"
2019-06-28 14:45:00.000000000,QUERY_SPREAD,101
2019-06-28 14:45:00.000000000,BEST_BID,"JPM,100642,284"
2019-06-28 14:45:00.000000000,BEST_ASK,"JPM,100988,167"
2019-06-28 14:45:00.000000000,LAST_TRADE,"1,$100642.0000"
2019-06-28 14:45:02.901629573,QUERY_SPREAD,10
2019-06-28 14:45:02.901629573,BEST_BID,"JPM,100642,184"
2019-06-28 14:45:02.901629573,BEST_ASK,"JPM,100988,167"
2019-06-28 14:45:02.901629573,LAST_TRADE,"100,$100642.0000"
2019-06-28 14:45:05.436033565,QUERY_ORDER_STREAM,69
2019-06-28 14:45:05.436033565,QUERY_SPREAD,69
2019-06-28 14:45:05.436033565,BEST_BID,"JPM,100642,84"
2019-06-28 14:45:05.436033565,BEST_ASK,"JPM,100988,167"
2019-06-28 14:45:05.436033565,LAST_TRADE,"100,$100642.0000"
2019-06-28 14:45:10.000000000,QUERY_SPREAD,1
2019-06-28 14:45:10.000000000,BEST_BID,"JPM,100586,286"
2019-06-28 14:45:10.000000000,BEST_ASK,"JPM,100990,100"
2019-06-28 14:45:10.000000000,BEST_BID,"JPM,100586,286"
2019-06-28 14:45:10.000000000,BEST_ASK,"JPM,100990,100"
2019-06-28 14:45:10.000000000,BEST_BID,"JPM,100586,286"
2019-06-28 14:45:10.000000000,BEST_ASK,"JPM,100990,286"
2019-06-28 14:45:10.000000000,BEST_BID,"JPM,100586,286"
2019-06-28 14:45:10.000000000,BEST_ASK,"JPM,100990,286"
2019-06-28 14:45:20.000000000,QUERY_SPREAD,1
2019-06-28 14:45:20.000000000,BEST_BID,"JPM,100586,226"
2019-06-28 14:45:20.000000000,BEST_ASK,"JPM,100990,100"
2019-06-28 14:45:20.000000000,BEST_BID,"JPM,100586,226"
2019-06-28 14:45:20.000000000,BEST_ASK,"JPM,100990,100"
2019-06-28 14:45:20.000000000,BEST_BID,"JPM,100586,226"
2019-06-28 14:45:20.000000000,BEST_ASK,"JPM,100990,100"
2019-06-28 14:45:20.000000000,BEST_BID,"JPM,100586,226"
2019-06-28 14:45:20.000000000,BEST_ASK,"JPM,100990,226"
2019-06-28 14:45:20.000000000,BEST_BID,"JPM,100586,226"
2019-06-28 14:45:20.000000000,BEST_ASK,"JPM,100990,226"
2019-06-28 14:45:20.000000000,BEST_BID,"JPM,100586,226"
2019-06-28 14:45:20.000000000,BEST_ASK,"JPM,100990,226"
2019-06-28 14:45:30.000000000,QUERY_SPREAD,1
2019-06-28 14:45:30.000000000,BEST_BID,"JPM,100586,193"
2019-06-28 14:45:30.000000000,BEST_ASK,"JPM,100990,100"
2019-06-28 14:45:30.000000000,BEST_BID,"JPM,100586,193"
2019-06-28 14:45:30.000000000,BEST_ASK,"JPM,100990,100"
2019-06-28 14:45:30.000000000,BEST_BID,"JPM,100586,193"
2019-06-28 14:45:30.000000000,BEST_ASK,"JPM,100990,100"
2019-06-28 14:45:30.000000000,BEST_BID,"JPM,100586,193"
2019-06-28 14:45:30.000000000,BEST_ASK,"JPM,100990,100"
2019-06-28 14:45:30.000000000,BEST_BID,"JPM,100586,193"
2019-06-28 14:45:30.000000000,BEST_ASK,"JPM,100990,193"
2019-06-28 14:45:30.000000000,BEST_BID,"JPM,100586,193"
2019-06-28 14:45:30.000000000,BEST_ASK,"JPM,100990,193"
2019-06-28 14:45:30.000000000,BEST_BID,"JPM,100586,193"
2019-06-28 14:45:30.000000000,BEST_ASK,"JPM,100990,193"
2019-06-28 14:45:30.000000000,BEST_BID,"JPM,100586,193"
2019-06-28 14:45:30.000000000,BEST_ASK,"JPM,100990,193"
2019-06-28 14:45:30.788207393,QUERY_ORDER_STREAM,69
2019-06-28 14:45:30.788207393,QUERY_SPREAD,69
2019-06-28 14:45:30.788207393,BEST_BID,"JPM,100586,193"
2019-06-28 14:45:30.788207393,BEST_ASK,"JPM,100642,100"
2019-06-28 14:45:39.025496157,QUERY_ORDER_STREAM,54
2019-06-28 14:45:39.025496157,QUERY_SPREAD,54
2019-06-28 14:45:39.025496157,BEST_BID,"JPM,100586,193"
2019-06-28 14:45:39.025496157,BEST_ASK,"JPM,100642,200"
2019-06-28 14:45:40.000000000,QUERY_SPREAD,1
2019-06-28 14:45:40.000000000,BEST_BID,"JPM,100586,174"
2019-06-28 14:45:40.000000000,BEST_ASK,"JPM,100642,200"
2019-06-28 14:45:40.000000000,BEST_BID,"JPM,100586,174"
2019-06-28 14:45:40.000000000,BEST_ASK,"JPM,100642,200"
2019-06-28 14:45:40.000000000,BEST_BID,"JPM,100586,174"
2019-06-28 14:45:40.000000000,BEST_ASK,"JPM,100642,200"
2019-06-28 14:45:40.000000000,BEST_BID,"JPM,100586,174"
2019-06-28 14:45:40.000000000,BEST_ASK,"JPM,100642,200"
2019-06-28 14:45:40.000000000,BEST_BID,"JPM,100586,174"
2019-06-28 14:45:40.000000000,BEST_ASK,"JPM,100642,200"
2019-06-28 14:45:40.000000000,BEST_BID,"JPM,100586,174"
2019-06-28 14:45:40.000000000,BEST_ASK,"JPM,100642,274"
2019-06-28 14:45:40.000000000,BEST_BID,"JPM,100586,174"
2019-06-28 14:45:40.000000000,BEST_ASK,"JPM,100642,274"
2019-06-28 14:45:40.000000000,BEST_BID,"JPM,100586,174"
2019-06-28 14:45:40.000000000,BEST_ASK,"JPM,100642,274"
2019-06-28 14:45:40.000000000,BEST_BID,"JPM,100586,174"
2019-06-28 14:45:40.000000000,BEST_ASK,"JPM,100642,274"
2019-06-28 14:45:40.000000000,BEST_BID,"JPM,100586,174"
2019-06-28 14:45:40.000000000,BEST_ASK,"JPM,100642,274"
2019-06-28 14:45:43.889836534,QUERY_ORDER_STREAM,56
2019-06-28 14:45:43.889836534,QUERY_SPREAD,56
2019-06-28 14:45:43.889836534,BEST_BID,"JPM,100586,174"
2019-06-28 14:45:43.889836534,BEST_ASK,"JPM,100642,374"
2019-06-28 14:45:44.650081991,QUERY_ORDER_STREAM,76
2019-06-28 14:45:44.650081991,QUERY_SPREAD,76
2019-06-28 14:45:50.000000000,QUERY_SPREAD,1
2019-06-28 14:45:50.000000000,BEST_BID,"JPM,100586,174"
2019-06-28 14:45:50.000000000,BEST_ASK,"JPM,100642,300"
2019-06-28 14:45:50.000000000,BEST_BID,"JPM,100586,174"
2019-06-28 14:45:50.000000000,BEST_ASK,"JPM,100642,300"
2019-06-28 14:45:50.000000000,BEST_BID,"JPM,100586,174"
2019-06-28 14:45:50.000000000,BEST_ASK,"JPM,100642,300"
2019-06-28 14:45:50.000000000,BEST_BID,"JPM,100586,174"
2019-06-28 14:45:50.000000000,BEST_ASK,"JPM,100642,300"
2019-06-28 14:45:50.000000000,BEST_BID,"JPM,100586,174"
2019-06-28 14:45:50.000000000,BEST_ASK,"JPM,100642,300"
2019-06-28 14:45:50.000000000,BEST_BID,"JPM,100586,174"
2019-06-28 14:45:50.000000000,BEST_ASK,"JPM,100642,374"
2019-06-28 14:45:50.000000000,BEST_BID,"JPM,100586,174"
2019-06-28 14:45:50.000000000,BEST_ASK,"JPM,100642,374"
2019-06-28 14:45:50.000000000,BEST_BID,"JPM,100586,174"
2019-06-28 14:45:50.000000000,BEST_ASK,"JPM,100642,374"
2019-06-28 14:45:50.000000000,BEST_BID,"JPM,100586,174"
2019-06-28 14:45:50.000000000,BEST_ASK,"JPM,100642,374"
2019-06-28 14:45:50.000000000,BEST_BID,"JPM,100586,174"
2019-06-28 14:45:50.000000000,BEST_ASK,"JPM,100642,374"
2019-06-28 14:46:00.000000000,QUERY_SPREAD,1
2019-06-28 14:46:00.000000000,BEST_BID,"JPM,100586,471"
2019-06-28 14:46:00.000000000,BEST_ASK,"JPM,100642,300"
2019-06-28 14:46:00.000000000,BEST_BID,"JPM,100586,471"
2019-06-28 14:46:00.000000000,BEST_ASK,"JPM,100642,671"
2019-06-28 14:46:00.000000000,QUERY_SPREAD,77
2019-06-28 14:46:00.000000000,BEST_BID,"JPM,100586,471"
2019-06-28 14:46:00.000000000,BEST_ASK,"JPM,100642,666"
2019-06-28 14:46:00.000000000,LAST_TRADE,"5,$100642.0000"
2019-06-28 14:46:00.000000000,QUERY_SPREAD,78
2019-06-28 14:46:00.000000000,BEST_BID,"JPM,100586,471"
2019-06-28 14:46:00.000000000,BEST_ASK,"JPM,100642,658"
2019-06-28 14:46:00.000000000,LAST_TRADE,"8,$100642.0000"
2019-06-28 14:46:00.000000000,QUERY_SPREAD,79
2019-06-28 14:46:00.000000000,BEST_BID,"JPM,100586,471"
2019-06-28 14:46:00.000000000,BEST_ASK,"JPM,100642,653"
2019-06-28 14:46:00.000000000,LAST_TRADE,"5,$100642.0000"
2019-06-28 14:46:00.000000000,QUERY_SPREAD,80
2019-06-28 14:46:00.000000000,BEST_BID,"JPM,100586,471"
2019-06-28 14:46:00.000000000,BEST_ASK,"JPM,100642,645"
2019-06-28 14:46:00.000000000,LAST_TRADE,"8,$100642.0000"
2019-06-28 14:46:00.000000000,QUERY_SPREAD,81
2019-06-28 14:46:00.000000000,BEST_BID,"JPM,100586,471"
2019-06-28 14:46:00.000000000,BEST_ASK,"JPM,100642,636"
2019-06-28 14:46:00.000000000,LAST_TRADE,"9,$100642.0000"
2019-06-28 14:46:00.000000000,QUERY_SPREAD,82
2019-06-28 14:46:00.000000000,BEST_BID,"JPM,100586,471"
2019-06-28 14:46:00.000000000,BEST_ASK,"JPM,100642,633"
2019-06-28 14:46:00.000000000,LAST_TRADE,"3,$100642.0000"
2019-06-28 14:46:00.000000000,QUERY_SPREAD,83
2019-06-28 14:46:00.000000000,BEST_BID,"JPM,100586,471"
2019-06-28 14:46:00.000000000,BEST_ASK,"JPM,100642,625"
2019-06-28 14:46:00.000000000,LAST_TRADE,"8,$100642.0000"
2019-06-28 14:46:00.000000000,QUERY_SPREAD,84
2019-06-28 14:46:00.000000000,BEST_BID,"JPM,100586,471"
2019-06-28 14:46:00.000000000,BEST_ASK,"JPM,100642,621"
2019-06-28 14:46:00.000000000,LAST_TRADE,"4,$100642.0000"
2019-06-28 14:46:00.000000000,QUERY_SPREAD,85
2019-06-28 14:46:00.000000000,BEST_BID,"JPM,100586,471"
2019-06-28 14:46:00.000000000,BEST_ASK,"JPM,100642,616"
2019-06-28 14:46:00.000000000,LAST_TRADE,"5,$100642.0000"
2019-06-28 14:46:00.000000000,QUERY_SPREAD,86
2019-06-28 14:46:00.000000000,BEST_BID,"JPM,100586,471"
2019-06-28 14:46:00.000000000,BEST_ASK,"JPM,100642,614"
2019-06-28 14:46:00.000000000,LAST_TRADE,"2,$100642.0000"
2019-06-28 14:46:00.000000000,QUERY_SPREAD,87
2019-06-28 14:46:00.000000000,BEST_BID,"JPM,100586,471"
2019-06-28 14:46:00.000000000,BEST_ASK,"JPM,100642,607"
2019-06-28 14:46:00.000000000,LAST_TRADE,"7,$100642.0000"
2019-06-28 14:46:00.000000000,QUERY_SPREAD,88
2019-06-28 14:46:00.000000000,BEST_BID,"JPM,100586,471"
2019-06-28 14:46:00.000000000,BEST_ASK,"JPM,100642,599"
2019-06-28 14:46:00.000000000,LAST_TRADE,"8,$100642.0000"
2019-06-28 14:46:00.000000000,QUERY_SPREAD,89
2019-06-28 14:46:00.000000000,BEST_BID,"JPM,100586,471"
2019-06-28 14:46:00.000000000,BEST_ASK,"JPM,100642,594"
2019-06-28 14:46:00.000000000,LAST_TRADE,"5,$100642.0000"
2019-06-28 14:46:00.000000000,QUERY_SPREAD,90
2019-06-28 14:46:00.000000000,BEST_BID,"JPM,100586,471"
2019-06-28 14:46:00.000000000,BEST_ASK,"JPM,100642,590"
2019-06-28 14:46:00.000000000,LAST_TRADE,"4,$100642.0000"
2019-06-28 14:46:00.000000000,QUERY_SPREAD,91
2019-06-28 14:46:00.000000000,BEST_BID,"JPM,100586,471"
2019-06-28 14:46:00.000000000,BEST_ASK,"JPM,100642,587"
2019-06-28 14:46:00.000000000,LAST_TRADE,"3,$100642.0000"
2019-06-28 14:46:00.000000000,QUERY_SPREAD,92
2019-06-28 14:46:00.000000000,BEST_BID,"JPM,100586,471"
2019-06-28 14:46:00.000000000,BEST_ASK,"JPM,100642,582"
2019-06-28 14:46:00.000000000,LAST_TRADE,"5,$100642.0000"
2019-06-28 14:46:00.000000000,QUERY_SPREAD,93
2019-06-28 14:46:00.000000000,BEST_BID,"JPM,100586,471"
2019-06-28 14:46:00.000000000,BEST_ASK,"JPM,100642,575"
2019-06-28 14:46:00.000000000,LAST_TRADE,"7,$100642.0000"
2019-06-28 14:46:00.000000000,QUERY_SPREAD,94
2019-06-28 14:46:00.000000000,BEST_BID,"JPM,100586,471"
2019-06-28 14:46:00.000000000,BEST_ASK,"JPM,100642,574"
2019-06-28 14:46:00.000000000,LAST_TRADE,"1,$100642.0000"
2019-06-28 14:46:00.000000000,QUERY_SPREAD,95
2019-06-28 14:46:00.000000000,BEST_BID,"JPM,100586,471"
2019-06-28 14:46:00.000000000,BEST_ASK,"JPM,100642,573"
2019-06-28 14:46:00.000000000,LAST_TRADE,"1,$100642.0000"
2019-06-28 14:46:00.000000000,QUERY_SPREAD,96
2019-06-28 14:46:00.000000000,BEST_BID,"JPM,100586,471"
2019-06-28 14:46:00.000000000,BEST_ASK,"JPM,100642,569"
2019-06-28 14:46:00.000000000,LAST_TRADE,"4,$100642.0000"
2019-06-28 14:46:00.000000000,QUERY_SPREAD,97
2019-06-28 14:46:00.000000000,BEST_BID,"JPM,100586,471"
2019-06-28 14:46:00.000000000,BEST_ASK,"JPM,100642,566"
2019-06-28 14:46:00.000000000,LAST_TRADE,"3,$100642.0000"
2019-06-28 14:46:00.000000000,QUERY_SPREAD,98
2019-06-28 14:46:00.000000000,BEST_BID,"JPM,100586,471"
2019-06-28 14:46:00.000000000,BEST_ASK,"JPM,100642,561"
2019-06-28 14:46:00.000000000,LAST_TRADE,"5,$100642.0000"
2019-06-28 14:46:00.000000000,QUERY_SPREAD,99
2019-06-28 14:46:00.000000000,BEST_BID,"JPM,100586,471"
2019-06-28 14:46:00.000000000,BEST_ASK,"JPM,100642,557"
2019-06-28 14:46:00.000000000,LAST_TRADE,"4,$100642.0000"
2019-06-28 14:46:00.000000000,QUERY_SPREAD,100
2019-06-28 14:46:00.000000000,BEST_BID,"JPM,100586,471"
2019-06-28 14:46:00.000000000,BEST_ASK,"JPM,100642,552"
2019-06-28 14:46:00.000000000,LAST_TRADE,"5,$100642.0000"
2019-06-28 14:46:00.000000000,QUERY_SPREAD,101
2019-06-28 14:46:00.000000000,BEST_BID,"JPM,100586,470"
2019-06-28 14:46:00.000000000,BEST_ASK,"JPM,100642,552"
2019-06-28 14:46:00.000000000,LAST_TRADE,"1,$100586.0000"
2019-06-28 14:46:06.001838893,QUERY_SPREAD,44
2019-06-28 14:46:06.001838893,BEST_BID,"JPM,100586,470"
2019-06-28 14:46:06.001838893,BEST_ASK,"JPM,100642,552"
2019-06-28 14:46:10.000000000,QUERY_SPREAD,1
2019-06-28 14:46:10.000000000,BEST_BID,"JPM,100586,192"
2019-06-28 14:46:10.000000000,BEST_ASK,"JPM,100642,181"
2019-06-28 14:46:10.000000000,BEST_BID,"JPM,100586,192"
2019-06-28 14:46:10.000000000,BEST_ASK,"JPM,100642,181"
2019-06-28 14:46:10.000000000,BEST_BID,"JPM,100586,192"
2019-06-28 14:46:10.000000000,BEST_ASK,"JPM,100642,181"
2019-06-28 14:46:10.000000000,BEST_BID,"JPM,100586,192"
2019-06-28 14:46:10.000000000,BEST_ASK,"JPM,100642,181"
2019-06-28 14:46:10.000000000,BEST_BID,"JPM,100586,192"
2019-06-28 14:46:10.000000000,BEST_ASK,"JPM,100642,274"
2019-06-28 14:46:10.000000000,BEST_BID,"JPM,100586,192"
2019-06-28 14:46:10.000000000,BEST_ASK,"JPM,100642,274"
2019-06-28 14:46:10.000000000,BEST_BID,"JPM,100586,192"
2019-06-28 14:46:10.000000000,BEST_ASK,"JPM,100642,274"
2019-06-28 14:46:10.000000000,BEST_BID,"JPM,100586,192"
2019-06-28 14:46:10.000000000,BEST_ASK,"JPM,100642,274"
2019-06-28 14:46:20.000000000,QUERY_SPREAD,1
2019-06-28 14:46:20.000000000,BEST_BID,"JPM,100586,285"
2019-06-28 14:46:20.000000000,BEST_ASK,"JPM,100642,181"
2019-06-28 14:46:20.000000000,BEST_BID,"JPM,100586,285"
2019-06-28 14:46:20.000000000,BEST_ASK,"JPM,100642,181"
2019-06-28 14:46:20.000000000,BEST_BID,"JPM,100586,285"
2019-06-28 14:46:20.000000000,BEST_ASK,"JPM,100642,367"
2019-06-28 14:46:20.000000000,BEST_BID,"JPM,100586,285"
2019-06-28 14:46:20.000000000,BEST_ASK,"JPM,100642,367"
2019-06-28 14:46:30.000000000,QUERY_SPREAD,1
2019-06-28 14:46:30.000000000,BEST_BID,"JPM,100586,225"
2019-06-28 14:46:30.000000000,BEST_ASK,"JPM,100642,181"
2019-06-28 14:46:30.000000000,BEST_BID,"JPM,100586,225"
2019-06-28 14:46:30.000000000,BEST_ASK,"JPM,100642,181"
2019-06-28 14:46:30.000000000,BEST_BID,"JPM,100586,225"
2019-06-28 14:46:30.000000000,BEST_ASK,"JPM,100642,181"
2019-06-28 14:46:30.000000000,BEST_BID,"JPM,100586,225"
2019-06-28 14:46:30.000000000,BEST_ASK,"JPM,100642,307"
2019-06-28 14:46:30.000000000,BEST_BID,"JPM,100586,225"
2019-06-28 14:46:30.000000000,BEST_ASK,"JPM,100642,307"
2019-06-28 14:46:30.000000000,BEST_BID,"JPM,100586,225"
2019-06-28 14:46:30.000000000,BEST_ASK,"JPM,100642,307"
2019-06-28 14:46:37.276799352,QUERY_ORDER_STREAM,68
2019-06-28 14:46:37.276799352,QUERY_SPREAD,68
2019-06-28 14:46:40.000000000,QUERY_SPREAD,1
2019-06-28 14:46:40.000000000,BEST_BID,"JPM,100586,192"
2019-06-28 14:46:40.000000000,BEST_ASK,"JPM,100642,181"
2019-06-28 14:46:40.000000000,BEST_BID,"JPM,100586,192"
2019-06-28 14:46:40.000000000,BEST_ASK,"JPM,100642,181"
2019-06-28 14:46:40.000000000,BEST_BID,"JPM,100586,192"
2019-06-28 14:46:40.000000000,BEST_ASK,"JPM,100642,181"
2019-06-28 14:46:40.000000000,BEST_BID,"JPM,100586,192"
2019-06-28 14:46:40.000000000,BEST_ASK,"JPM,100642,181"
2019-06-28 14:46:40.000000000,BEST_BID,"JPM,100586,192"
2019-06-28 14:46:40.000000000,BEST_ASK,"JPM,100642,274"
2019-06-28 14:46:40.000000000,BEST_BID,"JPM,100586,192"
2019-06-28 14:46:40.000000000,BEST_ASK,"JPM,100642,274"
2019-06-28 14:46:40.000000000,BEST_BID,"JPM,100586,192"
2019-06-28 14:46:40.000000000,BEST_ASK,"JPM,100642,274"
2019-06-28 14:46:40.000000000,BEST_BID,"JPM,100586,192"
2019-06-28 14:46:40.000000000,BEST_ASK,"JPM,100642,274"
2019-06-28 14:46:50.000000000,QUERY_SPREAD,1
2019-06-28 14:46:50.000000000,BEST_BID,"JPM,100586,285"
2019-06-28 14:46:50.000000000,BEST_ASK,"JPM,100642,181"
2019-06-28 14:46:50.000000000,BEST_BID,"JPM,100586,285"
2019-06-28 14:46:50.000000000,BEST_ASK,"JPM,100642,181"
2019-06-28 14:46:50.000000000,BEST_BID,"JPM,100586,285"
2019-06-28 14:46:50.000000000,BEST_ASK,"JPM,100642,367"
2019-06-28 14:46:50.000000000,BEST_BID,"JPM,100586,285"
2019-06-28 14:46:50.000000000,BEST_ASK,"JPM,100642,367"
2019-06-28 14:46:51.662987145,QUERY_SPREAD,20
2019-06-28 14:46:51.662987145,BEST_BID,"JPM,100586,285"
2019-06-28 14:46:51.662987145,BEST_ASK,"JPM,100642,367"
2019-06-28 14:47:00.000000000,QUERY_SPREAD,1
2019-06-28 14:47:00.000000000,BEST_BID,"JPM,100586,470"
2019-06-28 14:47:00.000000000,BEST_ASK,"JPM,100642,181"
2019-06-28 14:47:00.000000000,BEST_BID,"JPM,100586,470"
2019-06-28 14:47:00.000000000,BEST_ASK,"JPM,100642,552"
2019-06-28 14:47:00.000000000,QUERY_SPREAD,77
2019-06-28 14:47:00.000000000,BEST_BID,"JPM,100586,470"
2019-06-28 14:47:00.000000000,BEST_ASK,"JPM,100642,547"
2019-06-28 14:47:00.000000000,LAST_TRADE,"5,$100642.0000"
2019-06-28 14:47:00.000000000,QUERY_SPREAD,78
2019-06-28 14:47:00.000000000,BEST_BID,"JPM,100586,470"
2019-06-28 14:47:00.000000000,BEST_ASK,"JPM,100642,539"
2019-06-28 14:47:00.000000000,LAST_TRADE,"8,$100642.0000"
2019-06-28 14:47:00.000000000,QUERY_SPREAD,79
2019-06-28 14:47:00.000000000,BEST_BID,"JPM,100586,470"
2019-06-28 14:47:00.000000000,BEST_ASK,"JPM,100642,534"
2019-06-28 14:47:00.000000000,LAST_TRADE,"5,$100642.0000"
2019-06-28 14:47:00.000000000,QUERY_SPREAD,80
2019-06-28 14:47:00.000000000,BEST_BID,"JPM,100586,470"
2019-06-28 14:47:00.000000000,BEST_ASK,"JPM,100642,526"
2019-06-28 14:47:00.000000000,LAST_TRADE,"8,$100642.0000"
2019-06-28 14:47:00.000000000,QUERY_SPREAD,81
2019-06-28 14:47:00.000000000,BEST_BID,"JPM,100586,470"
2019-06-28 14:47:00.000000000,BEST_ASK,"JPM,100642,517"
2019-06-28 14:47:00.000000000,LAST_TRADE,"9,$100642.0000"
2019-06-28 14:47:00.000000000,QUERY_SPREAD,82
2019-06-28 14:47:00.000000000,BEST_BID,"JPM,100586,470"
2019-06-28 14:47:00.000000000,BEST_ASK,"JPM,100642,514"
2019-06-28 14:47:00.000000000,LAST_TRADE,"3,$100642.0000"
2019-06-28 14:47:00.000000000,QUERY_SPREAD,83
2019-06-28 14:47:00.000000000,BEST_BID,"JPM,100586,470"
2019-06-28 14:47:00.000000000,BEST_ASK,"JPM,100642,506"
2019-06-28 14:47:00.000000000,LAST_TRADE,"8,$100642.0000"
2019-06-28 14:47:00.000000000,QUERY_SPREAD,84
2019-06-28 14:47:00.000000000,BEST_BID,"JPM,100586,470"
2019-06-28 14:47:00.000000000,BEST_ASK,"JPM,100642,502"
2019-06-28 14:47:00.000000000,LAST_TRADE,"4,$100642.0000"
2019-06-28 14:47:00.000000000,QUERY_SPREAD,85
2019-06-28 14:47:00.000000000,BEST_BID,"JPM,100586,470"
2019-06-28 14:47:00.000000000,BEST_ASK,"JPM,100642,497"
2019-06-28 14:47:00.000000000,LAST_TRADE,"5,$100642.0000"
2019-06-28 14:47:00.000000000,QUERY_SPREAD,86
2019-06-28 14:47:00.000000000,BEST_BID,"JPM,100586,470"
2019-06-28 14:47:00.000000000,BEST_ASK,"JPM,100642,495"
2019-06-28 14:47:00.000000000,LAST_TRADE,"2,$100642.0000"
2019-06-28 14:47:00.000000000,QUERY_SPREAD,87
2019-06-28 14:47:00.000000000,BEST_BID,"JPM,100586,470"
2019-06-28 14:47:00.000000000,BEST_ASK,"JPM,100642,488"
2019-06-28 14:47:00.000000000,LAST_TRADE,"7,$100642.0000"
2019-06-28 14:47:00.000000000,QUERY_SPREAD,88
2019-06-28 14:47:00.000000000,BEST_BID,"JPM,100586,470"
2019-06-28 14:47:00.000000000,BEST_ASK,"JPM,100642,480"
2019-06-28 14:47:00.000000000,LAST_TRADE,"8,$100642.0000"
2019-06-28 14:47:00.000000000,QUERY_SPREAD,89
2019-06-28 14:47:00.000000000,BEST_BID,"JPM,100586,470"
2019-06-28 14:47:00.000000000,BEST_ASK,"JPM,100642,475"
2019-06-28 14:47:00.000000000,LAST_TRADE,"5,$100642.0000"
2019-06-28 14:47:00.000000000,QUERY_SPREAD,90
2019-06-28 14:47:00.000000000,BEST_BID,"JPM,100586,470"
2019-06-28 14:47:00.000000000,BEST_ASK,"JPM,100642,471"
2019-06-28 14:47:00.000000000,LAST_TRADE,"4,$100642.0000"
2019-06-28 14:47:00.000000000,QUERY_SPREAD,91
2019-06-28 14:47:00.000000000,BEST_BID,"JPM,100586,470"
2019-06-28 14:47:00.000000000,BEST_ASK,"JPM,100642,468"
2019-06-28 14:47:00.000000000,LAST_TRADE,"3,$100642.0000"
2019-06-28 14:47:00.000000000,QUERY_SPREAD,92
2019-06-28 14:47:00.000000000,BEST_BID,"JPM,100586,470"
2019-06-28 14:47:00.000000000,BEST_ASK,"JPM,100642,463"
2019-06-28 14:47:00.000000000,LAST_TRADE,"5,$100642.0000"
2019-06-28 14:47:00.000000000,QUERY_SPREAD,93
2019-06-28 14:47:00.000000000,BEST_BID,"JPM,100586,470"
2019-06-28 14:47:00.000000000,BEST_ASK,"JPM,100642,456"
2019-06-28 14:47:00.000000000,LAST_TRADE,"7,$100642.0000"
2019-06-28 14:47:00.000000000,QUERY_SPREAD,94
2019-06-28 14:47:00.000000000,BEST_BID,"JPM,100586,470"
2019-06-28 14:47:00.000000000,BEST_ASK,"JPM,100642,455"
2019-06-28 14:47:00.000000000,LAST_TRADE,"1,$100642.0000"
2019-06-28 14:47:00.000000000,QUERY_SPREAD,95
2019-06-28 14:47:00.000000000,BEST_BID,"JPM,100586,470"
2019-06-28 14:47:00.000000000,BEST_ASK,"JPM,100642,454"
2019-06-28 14:47:00.000000000,LAST_TRADE,"1,$100642.0000"
2019-06-28 14:47:00.000000000,QUERY_SPREAD,96
2019-06-28 14:47:00.000000000,BEST_BID,"JPM,100586,470"
2019-06-28 14:47:00.000000000,BEST_ASK,"JPM,100642,450"
2019-06-28 14:47:00.000000000,LAST_TRADE,"4,$100642.0000"
2019-06-28 14:47:00.000000000,QUERY_SPREAD,97
2019-06-28 14:47:00.000000000,BEST_BID,"JPM,100586,470"
2019-06-28 14:47:00.000000000,BEST_ASK,"JPM,100642,447"
2019-06-28 14:47:00.000000000,LAST_TRADE,"3,$100642.0000"
2019-06-28 14:47:00.000000000,QUERY_SPREAD,98
2019-06-28 14:47:00.000000000,BEST_BID,"JPM,100586,470"
2019-06-28 14:47:00.000000000,BEST_ASK,"JPM,100642,442"
2019-06-28 14:47:00.000000000,LAST_TRADE,"5,$100642.0000"
2019-06-28 14:47:00.000000000,QUERY_SPREAD,99
2019-06-28 14:47:00.000000000,BEST_BID,"JPM,100586,470"
2019-06-28 14:47:00.000000000,BEST_ASK,"JPM,100642,438"
2019-06-28 14:47:00.000000000,LAST_TRADE,"4,$100642.0000"
2019-06-28 14:47:00.000000000,QUERY_SPREAD,100
2019-06-28 14:47:00.000000000,BEST_BID,"JPM,100586,470"
2019-06-28 14:47:00.000000000,BEST_ASK,"JPM,100642,433"
2019-06-28 14:47:00.000000000,LAST_TRADE,"5,$100642.0000"
2019-06-28 14:47:00.000000000,QUERY_SPREAD,101
2019-06-28 14:47:00.000000000,BEST_BID,"JPM,100586,469"
2019-06-28 14:47:00.000000000,BEST_ASK,"JPM,100642,433"
2019-06-28 14:47:00.000000000,LAST_TRADE,"1,$100586.0000"
2019-06-28 14:47:10.000000000,QUERY_SPREAD,1
2019-06-28 14:47:10.000000000,BEST_BID,"JPM,100586,172"
2019-06-28 14:47:10.000000000,BEST_ASK,"JPM,100642,62"
2019-06-28 14:47:10.000000000,BEST_BID,"JPM,100586,172"
2019-06-28 14:47:10.000000000,BEST_ASK,"JPM,100642,62"
2019-06-28 14:47:10.000000000,BEST_BID,"JPM,100586,172"
2019-06-28 14:47:10.000000000,BEST_ASK,"JPM,100642,62"
2019-06-28 14:47:10.000000000,BEST_BID,"JPM,100586,172"
2019-06-28 14:47:10.000000000,BEST_ASK,"JPM,100642,62"
2019-06-28 14:47:10.000000000,BEST_BID,"JPM,100586,172"
2019-06-28 14:47:10.000000000,BEST_ASK,"JPM,100642,62"
2019-06-28 14:47:10.000000000,BEST_BID,"JPM,100586,172"
2019-06-28 14:47:10.000000000,BEST_ASK,"JPM,100642,136"
2019-06-28 14:47:10.000000000,BEST_BID,"JPM,100586,172"
2019-06-28 14:47:10.000000000,BEST_ASK,"JPM,100642,136"
2019-06-28 14:47:10.000000000,BEST_BID,"JPM,100586,172"
2019-06-28 14:47:10.000000000,BEST_ASK,"JPM,100642,136"
2019-06-28 14:47:10.000000000,BEST_BID,"JPM,100586,172"
2019-06-28 14:47:10.000000000,BEST_ASK,"JPM,100642,136"
2019-06-28 14:47:10.000000000,BEST_BID,"JPM,100586,172"
2019-06-28 14:47:10.000000000,BEST_ASK,"JPM,100642,136"
2019-06-28 14:47:13.382001869,QUERY_ORDER_STREAM,64
2019-06-28 14:47:13.382001869,QUERY_SPREAD,64
2019-06-28 14:47:13.382001869,BEST_BID,"JPM,100586,172"
2019-06-28 14:47:13.382001869,BEST_ASK,"JPM,100642,236"
2019-06-28 14:47:15.596548540,QUERY_SPREAD,3
2019-06-28 14:47:15.596548540,BEST_BID,"JPM,100586,72"
2019-06-28 14:47:15.596548540,BEST_ASK,"JPM,100642,236"
2019-06-28 14:47:15.596548540,LAST_TRADE,"100,$100586.0000"
2019-06-28 14:47:17.727011370,QUERY_SPREAD,29
2019-06-28 14:47:17.727011370,BEST_BID,"JPM,100524,174"
2019-06-28 14:47:17.727011370,BEST_ASK,"JPM,100586,28"
2019-06-28 14:47:17.727011370,LAST_TRADE,"72,$100586.0000"
2019-06-28 14:47:19.541963812,QUERY_SPREAD,25
2019-06-28 14:47:19.541963812,BEST_BID,"JPM,100524,74"
2019-06-28 14:47:19.541963812,BEST_ASK,"JPM,100586,28"
2019-06-28 14:47:19.541963812,LAST_TRADE,"100,$100524.0000"
2019-06-28 14:47:20.000000000,QUERY_SPREAD,1
2019-06-28 14:47:20.000000000,BEST_BID,"JPM,100215,471"
2019-06-28 14:47:20.000000000,BEST_ASK,"JPM,100586,28"
2019-06-28 14:47:20.000000000,BEST_BID,"JPM,100215,471"
2019-06-28 14:47:20.000000000,BEST_ASK,"JPM,100586,399"
2019-06-28 14:47:23.253240322,QUERY_SPREAD,35
2019-06-28 14:47:23.253240322,BEST_BID,"JPM,100215,371"
2019-06-28 14:47:23.253240322,BEST_ASK,"JPM,100586,399"
2019-06-28 14:47:23.253240322,LAST_TRADE,"100,$100215.0000"
2019-06-28 14:47:30.000000000,QUERY_SPREAD,1
2019-06-28 14:47:30.000000000,BEST_BID,"JPM,100147,193"
2019-06-28 14:47:30.000000000,BEST_ASK,"JPM,100586,28"
2019-06-28 14:47:30.000000000,BEST_BID,"JPM,100147,193"
2019-06-28 14:47:30.000000000,BEST_ASK,"JPM,100586,28"
2019-06-28 14:47:30.000000000,BEST_BID,"JPM,100147,193"
2019-06-28 14:47:30.000000000,BEST_ASK,"JPM,100586,28"
2019-06-28 14:47:30.000000000,BEST_BID,"JPM,100147,193"
2019-06-28 14:47:30.000000000,BEST_ASK,"JPM,100586,28"
2019-06-28 14:47:30.000000000,BEST_BID,"JPM,100147,193"
2019-06-28 14:47:30.000000000,BEST_ASK,"JPM,100586,121"
2019-06-28 14:47:30.000000000,BEST_BID,"JPM,100147,193"
2019-06-28 14:47:30.000000000,BEST_ASK,"JPM,100586,121"
2019-06-28 14:47:30.000000000,BEST_BID,"JPM,100147,193"
2019-06-28 14:47:30.000000000,BEST_ASK,"JPM,100586,121"
2019-06-28 14:47:30.000000000,BEST_BID,"JPM,100147,193"
2019-06-28 14:47:30.000000000,BEST_ASK,"JPM,100586,121"
2019-06-28 14:47:32.625668274,QUERY_SPREAD,46
2019-06-28 14:47:32.625668274,BEST_BID,"JPM,100147,193"
2019-06-28 14:47:32.625668274,BEST_ASK,"JPM,100586,121"
2019-06-28 14:47:37.988014595,QUERY_SPREAD,14
2019-06-28 14:47:37.988014595,BEST_BID,"JPM,100147,93"
2019-06-28 14:47:37.988014595,BEST_ASK,"JPM,100586,121"
2019-06-28 14:47:37.988014595,LAST_TRADE,"100,$100147.0000"
2019-06-28 14:47:40.000000000,QUERY_SPREAD,1
2019-06-28 14:47:40.000000000,BEST_BID,"JPM,100105,193"
2019-06-28 14:47:40.000000000,BEST_ASK,"JPM,100586,28"
2019-06-28 14:47:40.000000000,BEST_BID,"JPM,100105,193"
2019-06-28 14:47:40.000000000,BEST_ASK,"JPM,100586,28"
2019-06-28 14:47:40.000000000,BEST_BID,"JPM,100105,193"
2019-06-28 14:47:40.000000000,BEST_ASK,"JPM,100586,28"
2019-06-28 14:47:40.000000000,BEST_BID,"JPM,100105,193"
2019-06-28 14:47:40.000000000,BEST_ASK,"JPM,100586,28"
2019-06-28 14:47:40.000000000,BEST_BID,"JPM,100105,193"
2019-06-28 14:47:40.000000000,BEST_ASK,"JPM,100586,121"
2019-06-28 14:47:40.000000000,BEST_BID,"JPM,100105,193"
2019-06-28 14:47:40.000000000,BEST_ASK,"JPM,100586,121"
2019-06-28 14:47:40.000000000,BEST_BID,"JPM,100105,193"
2019-06-28 14:47:40.000000000,BEST_ASK,"JPM,100586,121"
2019-06-28 14:47:40.000000000,BEST_BID,"JPM,100105,193"
2019-06-28 14:47:40.000000000,BEST_ASK,"JPM,100586,121"
2019-06-28 14:47:50.000000000,QUERY_SPREAD,1
2019-06-28 14:47:50.000000000,BEST_BID,"JPM,100105,286"
2019-06-28 14:47:50.000000000,BEST_ASK,"JPM,100586,28"
2019-06-28 14:47:50.000000000,BEST_BID,"JPM,100105,286"
2019-06-28 14:47:50.000000000,BEST_ASK,"JPM,100586,28"
2019-06-28 14:47:50.000000000,BEST_BID,"JPM,100105,286"
2019-06-28 14:47:50.000000000,BEST_ASK,"JPM,100586,214"
2019-06-28 14:47:50.000000000,BEST_BID,"JPM,100105,286"
2019-06-28 14:47:50.000000000,BEST_ASK,"JPM,100586,214"
2019-06-28 14:47:56.801392206,QUERY_ORDER_STREAM,56
2019-06-28 14:47:56.801392206,QUERY_SPREAD,56
2019-06-28 14:48:00.000000000,QUERY_SPREAD,1
2019-06-28 14:48:00.000000000,BEST_BID,"JPM,100105,471"
2019-06-28 14:48:00.000000000,BEST_ASK,"JPM,100586,28"
2019-06-28 14:48:00.000000000,BEST_BID,"JPM,100105,471"
2019-06-28 14:48:00.000000000,BEST_ASK,"JPM,100586,399"
2019-06-28 14:48:00.000000000,QUERY_SPREAD,77
2019-06-28 14:48:00.000000000,BEST_BID,"JPM,100105,471"
2019-06-28 14:48:00.000000000,BEST_ASK,"JPM,100586,394"
2019-06-28 14:48:00.000000000,LAST_TRADE,"5,$100586.0000"
2019-06-28 14:48:00.000000000,QUERY_SPREAD,78
2019-06-28 14:48:00.000000000,BEST_BID,"JPM,100105,471"
2019-06-28 14:48:00.000000000,BEST_ASK,"JPM,100586,386"
2019-06-28 14:48:00.000000000,LAST_TRADE,"8,$100586.0000"
2019-06-28 14:48:00.000000000,QUERY_SPREAD,79
2019-06-28 14:48:00.000000000,BEST_BID,"JPM,100105,471"
2019-06-28 14:48:00.000000000,BEST_ASK,"JPM,100586,381"
2019-06-28 14:48:00.000000000,LAST_TRADE,"5,$100586.0000"
2019-06-28 14:48:00.000000000,QUERY_SPREAD,80
2019-06-28 14:48:00.000000000,BEST_BID,"JPM,100105,471"
2019-06-28 14:48:00.000000000,BEST_ASK,"JPM,100586,373"
2019-06-28 14:48:00.000000000,LAST_TRADE,"8,$100586.0000"
2019-06-28 14:48:00.000000000,QUERY_SPREAD,81
2019-06-28 14:48:00.000000000,BEST_BID,"JPM,100105,471"
2019-06-28 14:48:00.000000000,BEST_ASK,"JPM,100586,364"
2019-06-28 14:48:00.000000000,LAST_TRADE,"9,$100586.0000"
2019-06-28 14:48:00.000000000,QUERY_SPREAD,82
2019-06-28 14:48:00.000000000,BEST_BID,"JPM,100105,471"
2019-06-28 14:48:00.000000000,BEST_ASK,"JPM,100586,361"
2019-06-28 14:48:00.000000000,LAST_TRADE,"3,$100586.0000"
2019-06-28 14:48:00.000000000,QUERY_SPREAD,83
2019-06-28 14:48:00.000000000,BEST_BID,"JPM,100105,471"
2019-06-28 14:48:00.000000000,BEST_ASK,"JPM,100586,353"
2019-06-28 14:48:00.000000000,LAST_TRADE,"8,$100586.0000"
2019-06-28 14:48:00.000000000,QUERY_SPREAD,84
2019-06-28 14:48:00.000000000,BEST_BID,"JPM,100105,471"
2019-06-28 14:48:00.000000000,BEST_ASK,"JPM,100586,349"
2019-06-28 14:48:00.000000000,LAST_TRADE,"4,$100586.0000"
2019-06-28 14:48:00.000000000,QUERY_SPREAD,85
2019-06-28 14:48:00.000000000,BEST_BID,"JPM,100105,471"
2019-06-28 14:48:00.000000000,BEST_ASK,"JPM,100586,344"
2019-06-28 14:48:00.000000000,LAST_TRADE,"5,$100586.0000"
2019-06-28 14:48:00.000000000,QUERY_SPREAD,86
2019-06-28 14:48:00.000000000,BEST_BID,"JPM,100105,471"
2019-06-28 14:48:00.000000000,BEST_ASK,"JPM,100586,342"
2019-06-28 14:48:00.000000000,LAST_TRADE,"2,$100586.0000"
2019-06-28 14:48:00.000000000,QUERY_SPREAD,87
2019-06-28 14:48:00.000000000,BEST_BID,"JPM,100105,471"
2019-06-28 14:48:00.000000000,BEST_ASK,"JPM,100586,335"
2019-06-28 14:48:00.000000000,LAST_TRADE,"7,$100586.0000"
2019-06-28 14:48:00.000000000,QUERY_SPREAD,88
2019-06-28 14:48:00.000000000,BEST_BID,"JPM,100105,471"
2019-06-28 14:48:00.000000000,BEST_ASK,"JPM,100586,327"
2019-06-28 14:48:00.000000000,LAST_TRADE,"8,$100586.0000"
2019-06-28 14:48:00.000000000,QUERY_SPREAD,89
2019-06-28 14:48:00.000000000,BEST_BID,"JPM,100105,471"
2019-06-28 14:48:00.000000000,BEST_ASK,"JPM,100586,322"
2019-06-28 14:48:00.000000000,LAST_TRADE,"5,$100586.0000"
2019-06-28 14:48:00.000000000,QUERY_SPREAD,90
2019-06-28 14:48:00.000000000,BEST_BID,"JPM,100105,471"
2019-06-28 14:48:00.000000000,BEST_ASK,"JPM,100586,318"
2019-06-28 14:48:00.000000000,LAST_TRADE,"4,$100586.0000"
2019-06-28 14:48:00.000000000,QUERY_SPREAD,91
2019-06-28 14:48:00.000000000,BEST_BID,"JPM,100105,471"
2019-06-28 14:48:00.000000000,BEST_ASK,"JPM,100586,315"
2019-06-28 14:48:00.000000000,LAST_TRADE,"3,$100586.0000"
2019-06-28 14:48:00.000000000,QUERY_SPREAD,92
2019-06-28 14:48:00.000000000,BEST_BID,"JPM,100105,471"
2019-06-28 14:48:00.000000000,BEST_ASK,"JPM,100586,310"
2019-06-28 14:48:00.000000000,LAST_TRADE,"5,$100586.0000"
2019-06-28 14:48:00.000000000,QUERY_SPREAD,93
2019-06-28 14:48:00.000000000,BEST_BID,"JPM,100105,471"
2019-06-28 14:48:00.000000000,BEST_ASK,"JPM,100586,303"
2019-06-28 14:48:00.000000000,LAST_TRADE,"7,$100586.0000"
2019-06-28 14:48:00.000000000,QUERY_SPREAD,94
2019-06-28 14:48:00.000000000,BEST_BID,"JPM,100105,471"
2019-06-28 14:48:00.000000000,BEST_ASK,"JPM,100586,302"
2019-06-28 14:48:00.000000000,LAST_TRADE,"1,$100586.0000"
2019-06-28 14:48:00.000000000,QUERY_SPREAD,95
2019-06-28 14:48:00.000000000,BEST_BID,"JPM,100105,471"
2019-06-28 14:48:00.000000000,BEST_ASK,"JPM,100586,301"
2019-06-28 14:48:00.000000000,LAST_TRADE,"1,$100586.0000"
2019-06-28 14:48:00.000000000,QUERY_SPREAD,96
2019-06-28 14:48:00.000000000,BEST_BID,"JPM,100105,471"
2019-06-28 14:48:00.000000000,BEST_ASK,"JPM,100586,297"
2019-06-28 14:48:00.000000000,LAST_TRADE,"4,$100586.0000"
2019-06-28 14:48:00.000000000,QUERY_SPREAD,97
2019-06-28 14:48:00.000000000,BEST_BID,"JPM,100105,471"
2019-06-28 14:48:00.000000000,BEST_ASK,"JPM,100586,294"
2019-06-28 14:48:00.000000000,LAST_TRADE,"3,$100586.0000"
2019-06-28 14:48:00.000000000,QUERY_SPREAD,98
2019-06-28 14:48:00.000000000,BEST_BID,"JPM,100105,471"
2019-06-28 14:48:00.000000000,BEST_ASK,"JPM,100586,289"
2019-06-28 14:48:00.000000000,LAST_TRADE,"5,$100586.0000"
2019-06-28 14:48:00.000000000,QUERY_SPREAD,99
2019-06-28 14:48:00.000000000,BEST_BID,"JPM,100105,471"
2019-06-28 14:48:00.000000000,BEST_ASK,"JPM,100586,285"
2019-06-28 14:48:00.000000000,LAST_TRADE,"4,$100586.0000"
2019-06-28 14:48:00.000000000,QUERY_SPREAD,100
2019-06-28 14:48:00.000000000,BEST_BID,"JPM,100105,471"
2019-06-28 14:48:00.000000000,BEST_ASK,"JPM,100586,280"
2019-06-28 14:48:00.000000000,LAST_TRADE,"5,$100586.0000"
2019-06-28 14:48:00.000000000,QUERY_SPREAD,101
2019-06-28 14:48:00.000000000,BEST_BID,"JPM,100105,470"
2019-06-28 14:48:00.000000000,BEST_ASK,"JPM,100586,280"
2019-06-28 14:48:00.000000000,LAST_TRADE,"1,$100105.0000"
2019-06-28 14:48:01.158226366,QUERY_SPREAD,35
2019-06-28 14:48:01.158226366,BEST_BID,"JPM,100105,470"
2019-06-28 14:48:01.158226366,BEST_ASK,"JPM,100586,280"
2019-06-28 14:48:10.000000000,QUERY_SPREAD,1
2019-06-28 14:48:10.000000000,BEST_BID,"JPM,100105,173"
2019-06-28 14:48:10.000000000,BEST_ASK,"JPM,100642,100"
2019-06-28 14:48:10.000000000,BEST_BID,"JPM,100105,173"
2019-06-28 14:48:10.000000000,BEST_ASK,"JPM,100642,100"
2019-06-28 14:48:10.000000000,BEST_BID,"JPM,100105,173"
2019-06-28 14:48:10.000000000,BEST_ASK,"JPM,100642,100"
2019-06-28 14:48:10.000000000,BEST_BID,"JPM,100105,173"
2019-06-28 14:48:10.000000000,BEST_ASK,"JPM,100642,100"
2019-06-28 14:48:10.000000000,BEST_BID,"JPM,100105,173"
2019-06-28 14:48:10.000000000,BEST_ASK,"JPM,100642,100"
2019-06-28 14:48:10.000000000,BEST_BID,"JPM,100105,173"
2019-06-28 14:48:10.000000000,BEST_ASK,"JPM,100642,174"
2019-06-28 14:48:10.000000000,BEST_BID,"JPM,100105,173"
2019-06-28 14:48:10.000000000,BEST_ASK,"JPM,100642,174"
2019-06-28 14:48:10.000000000,BEST_BID,"JPM,100105,173"
2019-06-28 14:48:10.000000000,BEST_ASK,"JPM,100642,174"
2019-06-28 14:48:10.000000000,BEST_BID,"JPM,100105,173"
2019-06-28 14:48:10.000000000,BEST_ASK,"JPM,100642,174"
2019-06-28 14:48:10.000000000,BEST_BID,"JPM,100105,173"
2019-06-28 14:48:10.000000000,BEST_ASK,"JPM,100642,174"
2019-06-28 14:48:20.000000000,QUERY_SPREAD,1
2019-06-28 14:48:20.000000000,BEST_BID,"JPM,100105,192"
2019-06-28 14:48:20.000000000,BEST_ASK,"JPM,100642,100"
2019-06-28 14:48:20.000000000,BEST_BID,"JPM,100105,192"
2019-06-28 14:48:20.000000000,BEST_ASK,"JPM,100642,100"
2019-06-28 14:48:20.000000000,BEST_BID,"JPM,100105,192"
2019-06-28 14:48:20.000000000,BEST_ASK,"JPM,100642,100"
2019-06-28 14:48:20.000000000,BEST_BID,"JPM,100105,192"
2019-06-28 14:48:20.000000000,BEST_ASK,"JPM,100642,100"
2019-06-28 14:48:20.000000000,BEST_BID,"JPM,100105,192"
2019-06-28 14:48:20.000000000,BEST_ASK,"JPM,100642,193"
2019-06-28 14:48:20.000000000,BEST_BID,"JPM,100105,192"
2019-06-28 14:48:20.000000000,BEST_ASK,"JPM,100642,193"
2019-06-28 14:48:20.000000000,BEST_BID,"JPM,100105,192"
2019-06-28 14:48:20.000000000,BEST_ASK,"JPM,100642,193"
2019-06-28 14:48:20.000000000,BEST_BID,"JPM,100105,192"
2019-06-28 14:48:20.000000000,BEST_ASK,"JPM,100642,193"
2019-06-28 14:48:20.145227744,QUERY_SPREAD,9
2019-06-28 14:48:20.145227744,BEST_BID,"JPM,100105,92"
2019-06-28 14:48:20.145227744,BEST_ASK,"JPM,100642,193"
2019-06-28 14:48:20.145227744,LAST_TRADE,"100,$100105.0000"
2019-06-28 14:48:24.850176041,QUERY_ORDER_STREAM,54
2019-06-28 14:48:24.850176041,QUERY_SPREAD,54
2019-06-28 14:48:24.850176041,BEST_BID,"JPM,99735,193"
2019-06-28 14:48:24.850176041,BEST_ASK,"JPM,100105,8"
2019-06-28 14:48:24.850176041,LAST_TRADE,"92,$100105.0000"
2019-06-28 14:48:30.000000000,QUERY_SPREAD,1
2019-06-28 14:48:30.000000000,BEST_BID,"JPM,99735,174"
2019-06-28 14:48:30.000000000,BEST_ASK,"JPM,100105,8"
2019-06-28 14:48:30.000000000,BEST_BID,"JPM,99735,174"
2019-06-28 14:48:30.000000000,BEST_ASK,"JPM,100105,8"
2019-06-28 14:48:30.000000000,BEST_BID,"JPM,99735,174"
2019-06-28 14:48:30.000000000,BEST_ASK,"JPM,100105,8"
2019-06-28 14:48:30.000000000,BEST_BID,"JPM,99735,174"
2019-06-28 14:48:30.000000000,BEST_ASK,"JPM,100105,8"
2019-06-28 14:48:30.000000000,BEST_BID,"JPM,99735,174"
2019-06-28 14:48:30.000000000,BEST_ASK,"JPM,100105,8"
2019-06-28 14:48:30.000000000,BEST_BID,"JPM,99735,174"
2019-06-28 14:48:30.000000000,BEST_ASK,"JPM,100105,82"
2019-06-28 14:48:30.000000000,BEST_BID,"JPM,99735,174"
2019-06-28 14:48:30.000000000,BEST_ASK,"JPM,100105,82"
2019-06-28 14:48:30.000000000,BEST_BID,"JPM,99735,174"
2019-06-28 14:48:30.000000000,BEST_ASK,"JPM,100105,82"
2019-06-28 14:48:30.000000000,BEST_BID,"JPM,99735,174"
2019-06-28 14:48:30.000000000,BEST_ASK,"JPM,100105,82"
2019-06-28 14:48:30.000000000,BEST_BID,"JPM,99735,174"
2019-06-28 14:48:30.000000000,BEST_ASK,"JPM,100105,82"
2019-06-28 14:48:40.000000000,QUERY_SPREAD,1
2019-06-28 14:48:40.000000000,BEST_BID,"JPM,99735,174"
2019-06-28 14:48:40.000000000,BEST_ASK,"JPM,100105,8"
2019-06-28 14:48:40.000000000,BEST_BID,"JPM,99735,174"
2019-06-28 14:48:40.000000000,BEST_ASK,"JPM,100105,8"
2019-06-28 14:48:40.000000000,BEST_BID,"JPM,99735,174"
2019-06-28 14:48:40.000000000,BEST_ASK,"JPM,100105,8"
2019-06-28 14:48:40.000000000,BEST_BID,"JPM,99735,174"
2019-06-28 14:48:40.000000000,BEST_ASK,"JPM,100105,8"
2019-06-28 14:48:40.000000000,BEST_BID,"JPM,99735,174"
2019-06-28 14:48:40.000000000,BEST_ASK,"JPM,100105,8"
2019-06-28 14:48:40.000000000,BEST_BID,"JPM,99735,174"
2019-06-28 14:48:40.000000000,BEST_ASK,"JPM,100105,82"
2019-06-28 14:48:40.000000000,BEST_BID,"JPM,99735,174"
2019-06-28 14:48:40.000000000,BEST_ASK,"JPM,100105,82"
2019-06-28 14:48:40.000000000,BEST_BID,"JPM,99735,174"
2019-06-28 14:48:40.000000000,BEST_ASK,"JPM,100105,82"
2019-06-28 14:48:40.000000000,BEST_BID,"JPM,99735,174"
2019-06-28 14:48:40.000000000,BEST_ASK,"JPM,100105,82"
2019-06-28 14:48:40.000000000,BEST_BID,"JPM,99735,174"
2019-06-28 14:48:40.000000000,BEST_ASK,"JPM,100105,82"
2019-06-28 14:48:50.000000000,QUERY_SPREAD,1
2019-06-28 14:48:50.000000000,BEST_BID,"JPM,99735,471"
2019-06-28 14:48:50.000000000,BEST_ASK,"JPM,100105,8"
2019-06-28 14:48:50.000000000,BEST_BID,"JPM,99735,471"
2019-06-28 14:48:50.000000000,BEST_ASK,"JPM,100105,379"
2019-06-28 14:48:58.723710664,QUERY_SPREAD,21
2019-06-28 14:48:58.723710664,BEST_BID,"JPM,99735,371"
2019-06-28 14:48:58.723710664,BEST_ASK,"JPM,100105,379"
2019-06-28 14:48:58.723710664,LAST_TRADE,"100,$99735.0000"
2019-06-28 14:48:59.639663458,QUERY_SPREAD,48
2019-06-28 14:48:59.639663458,BEST_BID,"JPM,99735,371"
2019-06-28 14:48:59.639663458,BEST_ASK,"JPM,100105,379"
2019-06-28 14:49:00.000000000,QUERY_SPREAD,1
2019-06-28 14:49:00.000000000,BEST_BID,"JPM,99634,226"
2019-06-28 14:49:00.000000000,BEST_ASK,"JPM,100105,8"
2019-06-28 14:49:00.000000000,BEST_BID,"JPM,99634,226"
2019-06-28 14:49:00.000000000,BEST_ASK,"JPM,100105,8"
2019-06-28 14:49:00.000000000,BEST_BID,"JPM,99634,226"
2019-06-28 14:49:00.000000000,BEST_ASK,"JPM,100105,8"
2019-06-28 14:49:00.000000000,BEST_BID,"JPM,99634,226"
2019-06-28 14:49:00.000000000,BEST_ASK,"JPM,100105,134"
2019-06-28 14:49:00.000000000,BEST_BID,"JPM,99634,226"
2019-06-28 14:49:00.000000000,BEST_ASK,"JPM,100105,134"
2019-06-28 14:49:00.000000000,BEST_BID,"JPM,99634,226"
2019-06-28 14:49:00.000000000,BEST_ASK,"JPM,100105,134"
2019-06-28 14:49:00.000000000,QUERY_SPREAD,77
2019-06-28 14:49:00.000000000,BEST_BID,"JPM,99634,226"
2019-06-28 14:49:00.000000000,BEST_ASK,"JPM,100105,129"
2019-06-28 14:49:00.000000000,LAST_TRADE,"5,$100105.0000"
2019-06-28 14:49:00.000000000,QUERY_SPREAD,78
2019-06-28 14:49:00.000000000,BEST_BID,"JPM,99634,226"
2019-06-28 14:49:00.000000000,BEST_ASK,"JPM,100105,121"
2019-06-28 14:49:00.000000000,LAST_TRADE,"8,$100105.0000"
2019-06-28 14:49:00.000000000,QUERY_SPREAD,79
2019-06-28 14:49:00.000000000,BEST_BID,"JPM,99634,226"
2019-06-28 14:49:00.000000000,BEST_ASK,"JPM,100105,116"
2019-06-28 14:49:00.000000000,LAST_TRADE,"5,$100105.0000"
2019-06-28 14:49:00.000000000,QUERY_SPREAD,80
2019-06-28 14:49:00.000000000,BEST_BID,"JPM,99634,226"
2019-06-28 14:49:00.000000000,BEST_ASK,"JPM,100105,108"
2019-06-28 14:49:00.000000000,LAST_TRADE,"8,$100105.0000"
2019-06-28 14:49:00.000000000,QUERY_SPREAD,81
2019-06-28 14:49:00.000000000,BEST_BID,"JPM,99634,226"
2019-06-28 14:49:00.000000000,BEST_ASK,"JPM,100105,99"
2019-06-28 14:49:00.000000000,LAST_TRADE,"9,$100105.0000"
2019-06-28 14:49:00.000000000,QUERY_SPREAD,82
2019-06-28 14:49:00.000000000,BEST_BID,"JPM,99634,226"
2019-06-28 14:49:00.000000000,BEST_ASK,"JPM,100105,96"
2019-06-28 14:49:00.000000000,LAST_TRADE,"3,$100105.0000"
2019-06-28 14:49:00.000000000,QUERY_SPREAD,83
2019-06-28 14:49:00.000000000,BEST_BID,"JPM,99634,226"
2019-06-28 14:49:00.000000000,BEST_ASK,"JPM,100105,88"
2019-06-28 14:49:00.000000000,LAST_TRADE,"8,$100105.0000"
2019-06-28 14:49:00.000000000,QUERY_SPREAD,84
2019-06-28 14:49:00.000000000,BEST_BID,"JPM,99634,226"
2019-06-28 14:49:00.000000000,BEST_ASK,"JPM,100105,84"
2019-06-28 14:49:00.000000000,LAST_TRADE,"4,$100105.0000"
2019-06-28 14:49:00.000000000,QUERY_SPREAD,85
2019-06-28 14:49:00.000000000,BEST_BID,"JPM,99634,226"
2019-06-28 14:49:00.000000000,BEST_ASK,"JPM,100105,79"
2019-06-28 14:49:00.000000000,LAST_TRADE,"5,$100105.0000"
2019-06-28 14:49:00.000000000,QUERY_SPREAD,86
2019-06-28 14:49:00.000000000,BEST_BID,"JPM,99634,226"
2019-06-28 14:49:00.000000000,BEST_ASK,"JPM,100105,77"
2019-06-28 14:49:00.000000000,LAST_TRADE,"2,$100105.0000"
2019-06-28 14:49:00.000000000,QUERY_SPREAD,87
2019-06-28 14:49:00.000000000,BEST_BID,"JPM,99634,226"
2019-06-28 14:49:00.000000000,BEST_ASK,"JPM,100105,70"
2019-06-28 14:49:00.000000000,LAST_TRADE,"7,$100105.0000"
2019-06-28 14:49:00.000000000,QUERY_SPREAD,88
2019-06-28 14:49:00.000000000,BEST_BID,"JPM,99634,226"
2019-06-28 14:49:00.000000000,BEST_ASK,"JPM,100105,62"
2019-06-28 14:49:00.000000000,LAST_TRADE,"8,$100105.0000"
2019-06-28 14:49:00.000000000,QUERY_SPREAD,89
2019-06-28 14:49:00.000000000,BEST_BID,"JPM,99634,226"
2019-06-28 14:49:00.000000000,BEST_ASK,"JPM,100105,57"
2019-06-28 14:49:00.000000000,LAST_TRADE,"5,$100105.0000"
2019-06-28 14:49:00.000000000,QUERY_SPREAD,90
2019-06-28 14:49:00.000000000,BEST_BID,"JPM,99634,226"
2019-06-28 14:49:00.000000000,BEST_ASK,"JPM,100105,53"
2019-06-28 14:49:00.000000000,LAST_TRADE,"4,$100105.0000"
2019-06-28 14:49:00.000000000,QUERY_SPREAD,91
2019-06-28 14:49:00.000000000,BEST_BID,"JPM,99634,226"
2019-06-28 14:49:00.000000000,BEST_ASK,"JPM,100105,50"
2019-06-28 14:49:00.000000000,LAST_TRADE,"3,$100105.0000"
2019-06-28 14:49:00.000000000,QUERY_SPREAD,92
2019-06-28 14:49:00.000000000,BEST_BID,"JPM,99634,226"
2019-06-28 14:49:00.000000000,BEST_ASK,"JPM,100105,45"
2019-06-28 14:49:00.000000000,LAST_TRADE,"5,$100105.0000"
2019-06-28 14:49:00.000000000,QUERY_SPREAD,93
2019-06-28 14:49:00.000000000,BEST_BID,"JPM,99634,226"
2019-06-28 14:49:00.000000000,BEST_ASK,"JPM,100105,38"
2019-06-28 14:49:00.000000000,LAST_TRADE,"7,$100105.0000"
2019-06-28 14:49:00.000000000,QUERY_SPREAD,94
2019-06-28 14:49:00.000000000,BEST_BID,"JPM,99634,226"
2019-06-28 14:49:00.000000000,BEST_ASK,"JPM,100105,37"
2019-06-28 14:49:00.000000000,LAST_TRADE,"1,$100105.0000"
2019-06-28 14:49:00.000000000,QUERY_SPREAD,95
2019-06-28 14:49:00.000000000,BEST_BID,"JPM,99634,226"
2019-06-28 14:49:00.000000000,BEST_ASK,"JPM,100105,36"
2019-06-28 14:49:00.000000000,LAST_TRADE,"1,$100105.0000"
2019-06-28 14:49:00.000000000,QUERY_SPREAD,96
2019-06-28 14:49:00.000000000,BEST_BID,"JPM,99634,226"
2019-06-28 14:49:00.000000000,BEST_ASK,"JPM,100105,32"
2019-06-28 14:49:00.000000000,LAST_TRADE,"4,$100105.0000"
2019-06-28 14:49:00.000000000,QUERY_SPREAD,97
2019-06-28 14:49:00.000000000,BEST_BID,"JPM,99634,226"
2019-06-28 14:49:00.000000000,BEST_ASK,"JPM,100105,29"
2019-06-28 14:49:00.000000000,LAST_TRADE,"3,$100105.0000"
2019-06-28 14:49:00.000000000,QUERY_SPREAD,98
2019-06-28 14:49:00.000000000,BEST_BID,"JPM,99634,226"
2019-06-28 14:49:00.000000000,BEST_ASK,"JPM,100105,24"
2019-06-28 14:49:00.000000000,LAST_TRADE,"5,$100105.0000"
2019-06-28 14:49:00.000000000,QUERY_SPREAD,99
2019-06-28 14:49:00.000000000,BEST_BID,"JPM,99634,226"
2019-06-28 14:49:00.000000000,BEST_ASK,"JPM,100105,20"
2019-06-28 14:49:00.000000000,LAST_TRADE,"4,$100105.0000"
2019-06-28 14:49:00.000000000,QUERY_SPREAD,100
2019-06-28 14:49:00.000000000,BEST_BID,"JPM,99634,226"
2019-06-28 14:49:00.000000000,BEST_ASK,"JPM,100105,15"
2019-06-28 14:49:00.000000000,LAST_TRADE,"5,$100105.0000"
2019-06-28 14:49:00.000000000,QUERY_SPREAD,101
2019-06-28 14:49:00.000000000,BEST_BID,"JPM,99634,225"
2019-06-28 14:49:00.000000000,BEST_ASK,"JPM,100105,15"
2019-06-28 14:49:00.000000000,LAST_TRADE,"1,$99634.0000"
2019-06-28 14:49:03.696786765,QUERY_ORDER_STREAM,54
2019-06-28 14:49:03.696786765,QUERY_SPREAD,54
2019-06-28 14:49:10.000000000,QUERY_SPREAD,1
2019-06-28 14:49:10.000000000,BEST_BID,"JPM,99634,173"
2019-06-28 14:49:10.000000000,BEST_ASK,"JPM,100642,100"
2019-06-28 14:49:10.000000000,BEST_BID,"JPM,99634,173"
2019-06-28 14:49:10.000000000,BEST_ASK,"JPM,100642,100"
2019-06-28 14:49:10.000000000,BEST_BID,"JPM,99634,173"
2019-06-28 14:49:10.000000000,BEST_ASK,"JPM,100642,100"
2019-06-28 14:49:10.000000000,BEST_BID,"JPM,99634,173"
2019-06-28 14:49:10.000000000,BEST_ASK,"JPM,100642,100"
2019-06-28 14:49:10.000000000,BEST_BID,"JPM,99634,173"
2019-06-28 14:49:10.000000000,BEST_ASK,"JPM,100642,100"
2019-06-28 14:49:10.000000000,BEST_BID,"JPM,99634,173"
2019-06-28 14:49:10.000000000,BEST_ASK,"JPM,100642,174"
2019-06-28 14:49:10.000000000,BEST_BID,"JPM,99634,173"
2019-06-28 14:49:10.000000000,BEST_ASK,"JPM,100642,174"
2019-06-28 14:49:10.000000000,BEST_BID,"JPM,99634,173"
2019-06-28 14:49:10.000000000,BEST_ASK,"JPM,100642,174"
2019-06-28 14:49:10.000000000,BEST_BID,"JPM,99634,173"
2019-06-28 14:49:10.000000000,BEST_ASK,"JPM,100642,174"
2019-06-28 14:49:10.000000000,BEST_BID,"JPM,99634,173"
2019-06-28 14:49:10.000000000,BEST_ASK,"JPM,100642,174"
2019-06-28 14:49:15.665227927,QUERY_SPREAD,12
2019-06-28 14:49:15.665227927,BEST_BID,"JPM,99634,173"
2019-06-28 14:49:15.665227927,BEST_ASK,"JPM,100642,174"
2019-06-28 14:49:19.628901632,QUERY_SPREAD,42
2019-06-28 14:49:19.628901632,BEST_BID,"JPM,99634,173"
2019-06-28 14:49:19.628901632,BEST_ASK,"JPM,100642,174"
2019-06-28 14:49:19.897090833,QUERY_ORDER_STREAM,63
2019-06-28 14:49:19.897090833,QUERY_SPREAD,63
2019-06-28 14:49:19.897090833,BEST_BID,"JPM,99634,173"
2019-06-28 14:49:19.897090833,BEST_ASK,"JPM,100105,100"
2019-06-28 14:49:20.000000000,QUERY_SPREAD,1
2019-06-28 14:49:20.000000000,BEST_BID,"JPM,99634,192"
2019-06-28 14:49:20.000000000,BEST_ASK,"JPM,100105,100"
2019-06-28 14:49:20.000000000,BEST_BID,"JPM,99634,192"
2019-06-28 14:49:20.000000000,BEST_ASK,"JPM,100105,100"
2019-06-28 14:49:20.000000000,BEST_BID,"JPM,99634,192"
2019-06-28 14:49:20.000000000,BEST_ASK,"JPM,100105,100"
2019-06-28 14:49:20.000000000,BEST_BID,"JPM,99634,192"
2019-06-28 14:49:20.000000000,BEST_ASK,"JPM,100105,100"
2019-06-28 14:49:20.000000000,BEST_BID,"JPM,99634,192"
2019-06-28 14:49:20.000000000,BEST_ASK,"JPM,100105,193"
2019-06-28 14:49:20.000000000,BEST_BID,"JPM,99634,192"
2019-06-28 14:49:20.000000000,BEST_ASK,"JPM,100105,193"
2019-06-28 14:49:20.000000000,BEST_BID,"JPM,99634,192"
2019-06-28 14:49:20.000000000,BEST_ASK,"JPM,100105,193"
2019-06-28 14:49:20.000000000,BEST_BID,"JPM,99634,192"
2019-06-28 14:49:20.000000000,BEST_ASK,"JPM,100105,193"
2019-06-28 14:49:27.379410764,QUERY_SPREAD,12
2019-06-28 14:49:27.379410764,BEST_BID,"JPM,99634,192"
2019-06-28 14:49:27.379410764,BEST_ASK,"JPM,100105,193"
2019-06-28 14:49:29.566099730,QUERY_SPREAD,6
2019-06-28 14:49:29.566099730,BEST_BID,"JPM,99634,92"
2019-06-28 14:49:29.566099730,BEST_ASK,"JPM,100105,193"
2019-06-28 14:49:29.566099730,LAST_TRADE,"100,$99634.0000"
2019-06-28 14:49:30.000000000,QUERY_SPREAD,1
2019-06-28 14:49:30.000000000,BEST_BID,"JPM,99522,226"
2019-06-28 14:49:30.000000000,BEST_ASK,"JPM,100105,100"
2019-06-28 14:49:30.000000000,BEST_BID,"JPM,99522,226"
2019-06-28 14:49:30.000000000,BEST_ASK,"JPM,100105,100"
2019-06-28 14:49:30.000000000,BEST_BID,"JPM,99522,226"
2019-06-28 14:49:30.000000000,BEST_ASK,"JPM,100105,100"
2019-06-28 14:49:30.000000000,BEST_BID,"JPM,99522,226"
2019-06-28 14:49:30.000000000,BEST_ASK,"JPM,100105,226"
2019-06-28 14:49:30.000000000,BEST_BID,"JPM,99522,226"
2019-06-28 14:49:30.000000000,BEST_ASK,"JPM,100105,226"
2019-06-28 14:49:30.000000000,BEST_BID,"JPM,99522,226"
2019-06-28 14:49:30.000000000,BEST_ASK,"JPM,100105,226"
2019-06-28 14:49:40.000000000,QUERY_SPREAD,1
2019-06-28 14:49:40.000000000,BEST_BID,"JPM,99522,226"
2019-06-28 14:49:40.000000000,BEST_ASK,"JPM,100105,100"
2019-06-28 14:49:40.000000000,BEST_BID,"JPM,99522,226"
2019-06-28 14:49:40.000000000,BEST_ASK,"JPM,100105,100"
2019-06-28 14:49:40.000000000,BEST_BID,"JPM,99522,226"
2019-06-28 14:49:40.000000000,BEST_ASK,"JPM,100105,100"
2019-06-28 14:49:40.000000000,BEST_BID,"JPM,99522,226"
2019-06-28 14:49:40.000000000,BEST_ASK,"JPM,100105,226"
2019-06-28 14:49:40.000000000,BEST_BID,"JPM,99522,226"
2019-06-28 14:49:40.000000000,BEST_ASK,"JPM,100105,226"
2019-06-28 14:49:40.000000000,BEST_BID,"JPM,99522,226"
2019-06-28 14:49:40.000000000,BEST_ASK,"JPM,100105,226"
2019-06-28 14:49:42.409064038,QUERY_SPREAD,9
2019-06-28 14:49:42.409064038,BEST_BID,"JPM,99522,226"
2019-06-28 14:49:42.409064038,BEST_ASK,"JPM,100105,226"
2019-06-28 14:49:48.313520990,QUERY_SPREAD,37
2019-06-28 14:49:48.313520990,BEST_BID,"JPM,99522,226"
2019-06-28 14:49:48.313520990,BEST_ASK,"JPM,99554,100"
2019-06-28 14:49:50.000000000,QUERY_SPREAD,1
2019-06-28 14:49:50.000000000,BEST_BID,"JPM,99522,174"
2019-06-28 14:49:50.000000000,BEST_ASK,"JPM,99554,100"
2019-06-28 14:49:50.000000000,BEST_BID,"JPM,99522,174"
2019-06-28 14:49:50.000000000,BEST_ASK,"JPM,99554,100"
2019-06-28 14:49:50.000000000,BEST_BID,"JPM,99522,174"
2019-06-28 14:49:50.000000000,BEST_ASK,"JPM,99554,100"
2019-06-28 14:49:50.000000000,BEST_BID,"JPM,99522,174"
2019-06-28 14:49:50.000000000,BEST_ASK,"JPM,99554,100"
2019-06-28 14:49:50.000000000,BEST_BID,"JPM,99522,174"
2019-06-28 14:49:50.000000000,BEST_ASK,"JPM,99554,100"
2019-06-28 14:49:50.000000000,BEST_BID,"JPM,99522,174"
2019-06-28 14:49:50.000000000,BEST_ASK,"JPM,99554,174"
2019-06-28 14:49:50.000000000,BEST_BID,"JPM,99522,174"
2019-06-28 14:49:50.000000000,BEST_ASK,"JPM,99554,174"
2019-06-28 14:49:50.000000000,BEST_BID,"JPM,99522,174"
2019-06-28 14:49:50.000000000,BEST_ASK,"JPM,99554,174"
2019-06-28 14:49:50.000000000,BEST_BID,"JPM,99522,174"
2019-06-28 14:49:50.000000000,BEST_ASK,"JPM,99554,174"
2019-06-28 14:49:50.000000000,BEST_BID,"JPM,99522,174"
2019-06-28 14:49:50.000000000,BEST_ASK,"JPM,99554,174"
2019-06-28 14:49:53.519946065,QUERY_SPREAD,23
2019-06-28 14:49:53.519946065,BEST_BID,"JPM,99522,174"
2019-06-28 14:49:53.519946065,BEST_ASK,"JPM,99554,174"
2019-06-28 14:50:00.000000000,QUERY_SPREAD,1
2019-06-28 14:50:00.000000000,BEST_BID,"JPM,99522,174"
2019-06-28 14:50:00.000000000,BEST_ASK,"JPM,99554,100"
2019-06-28 14:50:00.000000000,BEST_BID,"JPM,99522,174"
2019-06-28 14:50:00.000000000,BEST_ASK,"JPM,99554,100"
2019-06-28 14:50:00.000000000,BEST_BID,"JPM,99522,174"
2019-06-28 14:50:00.000000000,BEST_ASK,"JPM,99554,100"
2019-06-28 14:50:00.000000000,BEST_BID,"JPM,99522,174"
2019-06-28 14:50:00.000000000,BEST_ASK,"JPM,99554,100"
2019-06-28 14:50:00.000000000,BEST_BID,"JPM,99522,174"
2019-06-28 14:50:00.000000000,BEST_ASK,"JPM,99554,100"
2019-06-28 14:50:00.000000000,BEST_BID,"JPM,99522,174"
2019-06-28 14:50:00.000000000,BEST_ASK,"JPM,99554,174"
2019-06-28 14:50:00.000000000,BEST_BID,"JPM,99522,174"
2019-06-28 14:50:00.000000000,BEST_ASK,"JPM,99554,174"
2019-06-28 14:50:00.000000000,BEST_BID,"JPM,99522,174"
2019-06-28 14:50:00.000000000,BEST_ASK,"JPM,99554,174"
2019-06-28 14:50:00.000000000,BEST_BID,"JPM,99522,174"
2019-06-28 14:50:00.000000000,BEST_ASK,"JPM,99554,174"
2019-06-28 14:50:00.000000000,BEST_BID,"JPM,99522,174"
2019-06-28 14:50:00.000000000,BEST_ASK,"JPM,99554,174"
2019-06-28 14:50:00.000000000,QUERY_SPREAD,77
2019-06-28 14:50:00.000000000,BEST_BID,"JPM,99522,174"
2019-06-28 14:50:00.000000000,BEST_ASK,"JPM,99554,169"
2019-06-28 14:50:00.000000000,LAST_TRADE,"5,$99554.0000"
2019-06-28 14:50:00.000000000,QUERY_SPREAD,78
2019-06-28 14:50:00.000000000,BEST_BID,"JPM,99522,174"
2019-06-28 14:50:00.000000000,BEST_ASK,"JPM,99554,161"
2019-06-28 14:50:00.000000000,LAST_TRADE,"8,$99554.0000"
2019-06-28 14:50:00.000000000,QUERY_SPREAD,79
2019-06-28 14:50:00.000000000,BEST_BID,"JPM,99522,174"
2019-06-28 14:50:00.000000000,BEST_ASK,"JPM,99554,156"
2019-06-28 14:50:00.000000000,LAST_TRADE,"5,$99554.0000"
2019-06-28 14:50:00.000000000,QUERY_SPREAD,80
2019-06-28 14:50:00.000000000,BEST_BID,"JPM,99522,174"
2019-06-28 14:50:00.000000000,BEST_ASK,"JPM,99554,148"
2019-06-28 14:50:00.000000000,LAST_TRADE,"8,$99554.0000"
2019-06-28 14:50:00.000000000,QUERY_SPREAD,81
2019-06-28 14:50:00.000000000,BEST_BID,"JPM,99522,174"
2019-06-28 14:50:00.000000000,BEST_ASK,"JPM,99554,139"
2019-06-28 14:50:00.000000000,LAST_TRADE,"9,$99554.0000"
2019-06-28 14:50:00.000000000,QUERY_SPREAD,82
2019-06-28 14:50:00.000000000,BEST_BID,"JPM,99522,174"
2019-06-28 14:50:00.000000000,BEST_ASK,"JPM,99554,136"
2019-06-28 14:50:00.000000000,LAST_TRADE,"3,$99554.0000"
2019-06-28 14:50:00.000000000,QUERY_SPREAD,83
2019-06-28 14:50:00.000000000,BEST_BID,"JPM,99522,174"
2019-06-28 14:50:00.000000000,BEST_ASK,"JPM,99554,128"
2019-06-28 14:50:00.000000000,LAST_TRADE,"8,$99554.0000"
2019-06-28 14:50:00.000000000,QUERY_SPREAD,84
2019-06-28 14:50:00.000000000,BEST_BID,"JPM,99522,174"
2019-06-28 14:50:00.000000000,BEST_ASK,"JPM,99554,124"
2019-06-28 14:50:00.000000000,LAST_TRADE,"4,$99554.0000"
2019-06-28 14:50:00.000000000,QUERY_SPREAD,85
2019-06-28 14:50:00.000000000,BEST_BID,"JPM,99522,174"
2019-06-28 14:50:00.000000000,BEST_ASK,"JPM,99554,119"
2019-06-28 14:50:00.000000000,LAST_TRADE,"5,$99554.0000"
2019-06-28 14:50:00.000000000,QUERY_SPREAD,86
2019-06-28 14:50:00.000000000,BEST_BID,"JPM,99522,174"
2019-06-28 14:50:00.000000000,BEST_ASK,"JPM,99554,117"
2019-06-28 14:50:00.000000000,LAST_TRADE,"2,$99554.0000"
2019-06-28 14:50:00.000000000,QUERY_SPREAD,87
2019-06-28 14:50:00.000000000,BEST_BID,"JPM,99522,174"
2019-06-28 14:50:00.000000000,BEST_ASK,"JPM,99554,110"
2019-06-28 14:50:00.000000000,LAST_TRADE,"7,$99554.0000"
2019-06-28 14:50:00.000000000,QUERY_SPREAD,88
2019-06-28 14:50:00.000000000,BEST_BID,"JPM,99522,174"
2019-06-28 14:50:00.000000000,BEST_ASK,"JPM,99554,102"
2019-06-28 14:50:00.000000000,LAST_TRADE,"8,$99554.0000"
2019-06-28 14:50:00.000000000,QUERY_SPREAD,89
2019-06-28 14:50:00.000000000,BEST_BID,"JPM,99522,174"
2019-06-28 14:50:00.000000000,BEST_ASK,"JPM,99554,97"
2019-06-28 14:50:00.000000000,LAST_TRADE,"5,$99554.0000"
2019-06-28 14:50:00.000000000,QUERY_SPREAD,90
2019-06-28 14:50:00.000000000,BEST_BID,"JPM,99522,174"
2019-06-28 14:50:00.000000000,BEST_ASK,"JPM,99554,93"
2019-06-28 14:50:00.000000000,LAST_TRADE,"4,$99554.0000"
2019-06-28 14:50:00.000000000,QUERY_SPREAD,91
2019-06-28 14:50:00.000000000,BEST_BID,"JPM,99522,174"
2019-06-28 14:50:00.000000000,BEST_ASK,"JPM,99554,90"
2019-06-28 14:50:00.000000000,LAST_TRADE,"3,$99554.0000"
2019-06-28 14:50:00.000000000,QUERY_SPREAD,92
2019-06-28 14:50:00.000000000,BEST_BID,"JPM,99522,174"
2019-06-28 14:50:00.000000000,BEST_ASK,"JPM,99554,85"
2019-06-28 14:50:00.000000000,LAST_TRADE,"5,$99554.0000"
2019-06-28 14:50:00.000000000,QUERY_SPREAD,93
2019-06-28 14:50:00.000000000,BEST_BID,"JPM,99522,174"
2019-06-28 14:50:00.000000000,BEST_ASK,"JPM,99554,78"
2019-06-28 14:50:00.000000000,LAST_TRADE,"7,$99554.0000"
2019-06-28 14:50:00.000000000,QUERY_SPREAD,94
2019-06-28 14:50:00.000000000,BEST_BID,"JPM,99522,174"
2019-06-28 14:50:00.000000000,BEST_ASK,"JPM,99554,77"
2019-06-28 14:50:00.000000000,LAST_TRADE,"1,$99554.0000"
2019-06-28 14:50:00.000000000,QUERY_SPREAD,95
2019-06-28 14:50:00.000000000,BEST_BID,"JPM,99522,174"
2019-06-28 14:50:00.000000000,BEST_ASK,"JPM,99554,76"
2019-06-28 14:50:00.000000000,LAST_TRADE,"1,$99554.0000"
2019-06-28 14:50:00.000000000,QUERY_SPREAD,96
2019-06-28 14:50:00.000000000,BEST_BID,"JPM,99522,174"
2019-06-28 14:50:00.000000000,BEST_ASK,"JPM,99554,72"
2019-06-28 14:50:00.000000000,LAST_TRADE,"4,$99554.0000"
2019-06-28 14:50:00.000000000,QUERY_SPREAD,97
2019-06-28 14:50:00.000000000,BEST_BID,"JPM,99522,174"
2019-06-28 14:50:00.000000000,BEST_ASK,"JPM,99554,69"
2019-06-28 14:50:00.000000000,LAST_TRADE,"3,$99554.0000"
2019-06-28 14:50:00.000000000,QUERY_SPREAD,98
2019-06-28 14:50:00.000000000,BEST_BID,"JPM,99522,174"
2019-06-28 14:50:00.000000000,BEST_ASK,"JPM,99554,64"
2019-06-28 14:50:00.000000000,LAST_TRADE,"5,$99554.0000"
2019-06-28 14:50:00.000000000,QUERY_SPREAD,99
2019-06-28 14:50:00.000000000,BEST_BID,"JPM,99522,174"
2019-06-28 14:50:00.000000000,BEST_ASK,"JPM,99554,60"
2019-06-28 14:50:00.000000000,LAST_TRADE,"4,$99554.0000"
2019-06-28 14:50:00.000000000,QUERY_SPREAD,100
2019-06-28 14:50:00.000000000,BEST_BID,"JPM,99522,174"
2019-06-28 14:50:00.000000000,BEST_ASK,"JPM,99554,55"
2019-06-28 14:50:00.000000000,LAST_TRADE,"5,$99554.0000"
2019-06-28 14:50:00.000000000,QUERY_SPREAD,101
2019-06-28 14:50:00.000000000,BEST_BID,"JPM,99522,173"
2019-06-28 14:50:00.000000000,BEST_ASK,"JPM,99554,55"
2019-06-28 14:50:00.000000000,LAST_TRADE,"1,$99522.0000"
2019-06-28 14:50:08.451047988,QUERY_SPREAD,21
2019-06-28 14:50:08.451047988,BEST_BID,"JPM,99522,173"
2019-06-28 14:50:08.451047988,BEST_ASK,"JPM,99554,55"
2019-06-28 14:50:10.000000000,QUERY_SPREAD,1
2019-06-28 14:50:10.000000000,BEST_BID,"JPM,99522,192"
2019-06-28 14:50:10.000000000,BEST_ASK,"JPM,99629,100"
2019-06-28 14:50:10.000000000,BEST_BID,"JPM,99522,192"
2019-06-28 14:50:10.000000000,BEST_ASK,"JPM,99629,100"
2019-06-28 14:50:10.000000000,BEST_BID,"JPM,99522,192"
2019-06-28 14:50:10.000000000,BEST_ASK,"JPM,99629,100"
2019-06-28 14:50:10.000000000,BEST_BID,"JPM,99522,192"
2019-06-28 14:50:10.000000000,BEST_ASK,"JPM,99629,100"
2019-06-28 14:50:10.000000000,BEST_BID,"JPM,99522,192"
2019-06-28 14:50:10.000000000,BEST_ASK,"JPM,99629,193"
2019-06-28 14:50:10.000000000,BEST_BID,"JPM,99522,192"
2019-06-28 14:50:10.000000000,BEST_ASK,"JPM,99629,193"
2019-06-28 14:50:10.000000000,BEST_BID,"JPM,99522,192"
2019-06-28 14:50:10.000000000,BEST_ASK,"JPM,99629,193"
2019-06-28 14:50:10.000000000,BEST_BID,"JPM,99522,192"
2019-06-28 14:50:10.000000000,BEST_ASK,"JPM,99629,193"
2019-06-28 14:50:20.000000000,QUERY_SPREAD,1
2019-06-28 14:50:20.000000000,BEST_BID,"JPM,99522,173"
2019-06-28 14:50:20.000000000,BEST_ASK,"JPM,99629,100"
2019-06-28 14:50:20.000000000,BEST_BID,"JPM,99522,173"
2019-06-28 14:50:20.000000000,BEST_ASK,"JPM,99629,100"
2019-06-28 14:50:20.000000000,BEST_BID,"JPM,99522,173"
2019-06-28 14:50:20.000000000,BEST_ASK,"JPM,99629,100"
2019-06-28 14:50:20.000000000,BEST_BID,"JPM,99522,173"
2019-06-28 14:50:20.000000000,BEST_ASK,"JPM,99629,100"
2019-06-28 14:50:20.000000000,BEST_BID,"JPM,99522,173"
2019-06-28 14:50:20.000000000,BEST_ASK,"JPM,99629,100"
2019-06-28 14:50:20.000000000,BEST_BID,"JPM,99522,173"
2019-06-28 14:50:20.000000000,BEST_ASK,"JPM,99629,174"
2019-06-28 14:50:20.000000000,BEST_BID,"JPM,99522,173"
2019-06-28 14:50:20.000000000,BEST_ASK,"JPM,99629,174"
2019-06-28 14:50:20.000000000,BEST_BID,"JPM,99522,173"
2019-06-28 14:50:20.000000000,BEST_ASK,"JPM,99629,174"
2019-06-28 14:50:20.000000000,BEST_BID,"JPM,99522,173"
2019-06-28 14:50:20.000000000,BEST_ASK,"JPM,99629,174"
2019-06-28 14:50:20.000000000,BEST_BID,"JPM,99522,173"
2019-06-28 14:50:20.000000000,BEST_ASK,"JPM,99629,174"
2019-06-28 14:50:25.786707737,QUERY_SPREAD,18
2019-06-28 14:50:25.786707737,BEST_BID,"JPM,99522,173"
2019-06-28 14:50:25.786707737,BEST_ASK,"JPM,99629,174"
2019-06-28 14:50:30.000000000,QUERY_SPREAD,1
2019-06-28 14:50:30.000000000,BEST_BID,"JPM,99522,285"
2019-06-28 14:50:30.000000000,BEST_ASK,"JPM,99629,100"
2019-06-28 14:50:30.000000000,BEST_BID,"JPM,99522,285"
2019-06-28 14:50:30.000000000,BEST_ASK,"JPM,99629,100"
2019-06-28 14:50:30.000000000,BEST_BID,"JPM,99522,285"
2019-06-28 14:50:30.000000000,BEST_ASK,"JPM,99629,286"
2019-06-28 14:50:30.000000000,BEST_BID,"JPM,99522,285"
2019-06-28 14:50:30.000000000,BEST_ASK,"JPM,99629,286"
2019-06-28 14:50:31.947348750,QUERY_SPREAD,44
2019-06-28 14:50:31.947348750,BEST_BID,"JPM,99522,185"
2019-06-28 14:50:31.947348750,BEST_ASK,"JPM,99629,286"
2019-06-28 14:50:31.947348750,LAST_TRADE,"100,$99522.0000"
2019-06-28 14:50:40.000000000,QUERY_SPREAD,1
2019-06-28 14:50:40.000000000,BEST_BID,"JPM,99458,226"
2019-06-28 14:50:40.000000000,BEST_ASK,"JPM,99629,100"
2019-06-28 14:50:40.000000000,BEST_BID,"JPM,99458,226"
2019-06-28 14:50:40.000000000,BEST_ASK,"JPM,99629,100"
2019-06-28 14:50:40.000000000,BEST_BID,"JPM,99458,226"
2019-06-28 14:50:40.000000000,BEST_ASK,"JPM,99629,100"
2019-06-28 14:50:40.000000000,BEST_BID,"JPM,99458,226"
2019-06-28 14:50:40.000000000,BEST_ASK,"JPM,99629,226"
2019-06-28 14:50:40.000000000,BEST_BID,"JPM,99458,226"
2019-06-28 14:50:40.000000000,BEST_ASK,"JPM,99629,226"
2019-06-28 14:50:40.000000000,BEST_BID,"JPM,99458,226"
2019-06-28 14:50:40.000000000,BEST_ASK,"JPM,99629,226"
2019-06-28 14:50:45.484635839,QUERY_SPREAD,9
2019-06-28 14:50:45.484635839,BEST_BID,"JPM,99458,226"
2019-06-28 14:50:45.484635839,BEST_ASK,"JPM,99588,100"
2019-06-28 14:50:46.806912538,QUERY_SPREAD,12
2019-06-28 14:50:46.806912538,BEST_BID,"JPM,99458,226"
2019-06-28 14:50:46.806912538,BEST_ASK,"JPM,99629,226"
2019-06-28 14:50:46.806912538,LAST_TRADE,"100,$99588.0000"
2019-06-28 14:50:48.752801928,QUERY_SPREAD,46
2019-06-28 14:50:48.752801928,BEST_BID,"JPM,99458,226"
2019-06-28 14:50:48.752801928,BEST_ASK,"JPM,99629,126"
2019-06-28 14:50:48.752801928,LAST_TRADE,"100,$99629.0000"
2019-06-28 14:50:50.000000000,QUERY_SPREAD,1
2019-06-28 14:50:50.000000000,BEST_BID,"JPM,99458,193"
2019-06-28 14:50:50.000000000,BEST_ASK,"JPM,100105,100"
2019-06-28 14:50:50.000000000,BEST_BID,"JPM,99458,193"
2019-06-28 14:50:50.000000000,BEST_ASK,"JPM,100105,100"
2019-06-28 14:50:50.000000000,BEST_BID,"JPM,99458,193"
2019-06-28 14:50:50.000000000,BEST_ASK,"JPM,100105,100"
2019-06-28 14:50:50.000000000,BEST_BID,"JPM,99458,193"
2019-06-28 14:50:50.000000000,BEST_ASK,"JPM,100105,100"
2019-06-28 14:50:50.000000000,BEST_BID,"JPM,99458,193"
2019-06-28 14:50:50.000000000,BEST_ASK,"JPM,100105,193"
2019-06-28 14:50:50.000000000,BEST_BID,"JPM,99458,193"
2019-06-28 14:50:50.000000000,BEST_ASK,"JPM,100105,193"
2019-06-28 14:50:50.000000000,BEST_BID,"JPM,99458,193"
2019-06-28 14:50:50.000000000,BEST_ASK,"JPM,100105,193"
2019-06-28 14:50:50.000000000,BEST_BID,"JPM,99458,193"
2019-06-28 14:50:50.000000000,BEST_ASK,"JPM,100105,193"
2019-06-28 14:51:00.000000000,QUERY_SPREAD,1
2019-06-28 14:51:00.000000000,BEST_BID,"JPM,99458,226"
2019-06-28 14:51:00.000000000,BEST_ASK,"JPM,100105,100"
2019-06-28 14:51:00.000000000,BEST_BID,"JPM,99458,226"
2019-06-28 14:51:00.000000000,BEST_ASK,"JPM,100105,100"
2019-06-28 14:51:00.000000000,BEST_BID,"JPM,99458,226"
2019-06-28 14:51:00.000000000,BEST_ASK,"JPM,100105,100"
2019-06-28 14:51:00.000000000,BEST_BID,"JPM,99458,226"
2019-06-28 14:51:00.000000000,BEST_ASK,"JPM,100105,226"
2019-06-28 14:51:00.000000000,BEST_BID,"JPM,99458,226"
2019-06-28 14:51:00.000000000,BEST_ASK,"JPM,100105,226"
2019-06-28 14:51:00.000000000,BEST_BID,"JPM,99458,226"
2019-06-28 14:51:00.000000000,BEST_ASK,"JPM,100105,226"
2019-06-28 14:51:00.000000000,QUERY_SPREAD,77
2019-06-28 14:51:00.000000000,BEST_BID,"JPM,99458,226"
2019-06-28 14:51:00.000000000,BEST_ASK,"JPM,100105,221"
2019-06-28 14:51:00.000000000,LAST_TRADE,"5,$100105.0000"
2019-06-28 14:51:00.000000000,QUERY_SPREAD,78
2019-06-28 14:51:00.000000000,BEST_BID,"JPM,99458,226"
2019-06-28 14:51:00.000000000,BEST_ASK,"JPM,100105,213"
2019-06-28 14:51:00.000000000,LAST_TRADE,"8,$100105.0000"
2019-06-28 14:51:00.000000000,QUERY_SPREAD,79
2019-06-28 14:51:00.000000000,BEST_BID,"JPM,99458,226"
2019-06-28 14:51:00.000000000,BEST_ASK,"JPM,100105,208"
2019-06-28 14:51:00.000000000,LAST_TRADE,"5,$100105.0000"
2019-06-28 14:51:00.000000000,QUERY_SPREAD,80
2019-06-28 14:51:00.000000000,BEST_BID,"JPM,99458,226"
2019-06-28 14:51:00.000000000,BEST_ASK,"JPM,100105,200"
2019-06-28 14:51:00.000000000,LAST_TRADE,"8,$100105.0000"
2019-06-28 14:51:00.000000000,QUERY_SPREAD,81
2019-06-28 14:51:00.000000000,BEST_BID,"JPM,99458,226"
2019-06-28 14:51:00.000000000,BEST_ASK,"JPM,100105,191"
2019-06-28 14:51:00.000000000,LAST_TRADE,"9,$100105.0000"
2019-06-28 14:51:00.000000000,QUERY_SPREAD,82
2019-06-28 14:51:00.000000000,BEST_BID,"JPM,99458,226"
2019-06-28 14:51:00.000000000,BEST_ASK,"JPM,100105,188"
2019-06-28 14:51:00.000000000,LAST_TRADE,"3,$100105.0000"
2019-06-28 14:51:00.000000000,QUERY_SPREAD,83
2019-06-28 14:51:00.000000000,BEST_BID,"JPM,99458,226"
2019-06-28 14:51:00.000000000,BEST_ASK,"JPM,100105,180"
2019-06-28 14:51:00.000000000,LAST_TRADE,"8,$100105.0000"
2019-06-28 14:51:00.000000000,QUERY_SPREAD,84
2019-06-28 14:51:00.000000000,BEST_BID,"JPM,99458,226"
2019-06-28 14:51:00.000000000,BEST_ASK,"JPM,100105,176"
2019-06-28 14:51:00.000000000,LAST_TRADE,"4,$100105.0000"
2019-06-28 14:51:00.000000000,QUERY_SPREAD,85
2019-06-28 14:51:00.000000000,BEST_BID,"JPM,99458,226"
2019-06-28 14:51:00.000000000,BEST_ASK,"JPM,100105,171"
2019-06-28 14:51:00.000000000,LAST_TRADE,"5,$100105.0000"
2019-06-28 14:51:00.000000000,QUERY_SPREAD,86
2019-06-28 14:51:00.000000000,BEST_BID,"JPM,99458,226"
2019-06-28 14:51:00.000000000,BEST_ASK,"JPM,100105,169"
2019-06-28 14:51:00.000000000,LAST_TRADE,"2,$100105.0000"
2019-06-28 14:51:00.000000000,QUERY_SPREAD,87
2019-06-28 14:51:00.000000000,BEST_BID,"JPM,99458,226"
2019-06-28 14:51:00.000000000,BEST_ASK,"JPM,100105,162"
2019-06-28 14:51:00.000000000,LAST_TRADE,"7,$100105.0000"
2019-06-28 14:51:00.000000000,QUERY_SPREAD,88
2019-06-28 14:51:00.000000000,BEST_BID,"JPM,99458,226"
2019-06-28 14:51:00.000000000,BEST_ASK,"JPM,100105,154"
2019-06-28 14:51:00.000000000,LAST_TRADE,"8,$100105.0000"
2019-06-28 14:51:00.000000000,QUERY_SPREAD,89
2019-06-28 14:51:00.000000000,BEST_BID,"JPM,99458,226"
2019-06-28 14:51:00.000000000,BEST_ASK,"JPM,100105,149"
2019-06-28 14:51:00.000000000,LAST_TRADE,"5,$100105.0000"
2019-06-28 14:51:00.000000000,QUERY_SPREAD,90
2019-06-28 14:51:00.000000000,BEST_BID,"JPM,99458,226"
2019-06-28 14:51:00.000000000,BEST_ASK,"JPM,100105,145"
2019-06-28 14:51:00.000000000,LAST_TRADE,"4,$100105.0000"
2019-06-28 14:51:00.000000000,QUERY_SPREAD,91
2019-06-28 14:51:00.000000000,BEST_BID,"JPM,99458,226"
2019-06-28 14:51:00.000000000,BEST_ASK,"JPM,100105,142"
2019-06-28 14:51:00.000000000,LAST_TRADE,"3,$100105.0000"
2019-06-28 14:51:00.000000000,QUERY_SPREAD,92
2019-06-28 14:51:00.000000000,BEST_BID,"JPM,99458,226"
2019-06-28 14:51:00.000000000,BEST_ASK,"JPM,100105,137"
2019-06-28 14:51:00.000000000,LAST_TRADE,"5,$100105.0000"
2019-06-28 14:51:00.000000000,QUERY_SPREAD,93
2019-06-28 14:51:00.000000000,BEST_BID,"JPM,99458,226"
2019-06-28 14:51:00.000000000,BEST_ASK,"JPM,100105,130"
2019-06-28 14:51:00.000000000,LAST_TRADE,"7,$100105.0000"
2019-06-28 14:51:00.000000000,QUERY_SPREAD,94
2019-06-28 14:51:00.000000000,BEST_BID,"JPM,99458,226"
2019-06-28 14:51:00.000000000,BEST_ASK,"JPM,100105,129"
2019-06-28 14:51:00.000000000,LAST_TRADE,"1,$100105.0000"
2019-06-28 14:51:00.000000000,QUERY_SPREAD,95
2019-06-28 14:51:00.000000000,BEST_BID,"JPM,99458,226"
2019-06-28 14:51:00.000000000,BEST_ASK,"JPM,100105,128"
2019-06-28 14:51:00.000000000,LAST_TRADE,"1,$100105.0000"
2019-06-28 14:51:00.000000000,QUERY_SPREAD,96
2019-06-28 14:51:00.000000000,BEST_BID,"JPM,99458,226"
2019-06-28 14:51:00.000000000,BEST_ASK,"JPM,100105,124"
2019-06-28 14:51:00.000000000,LAST_TRADE,"4,$100105.0000"
2019-06-28 14:51:00.000000000,QUERY_SPREAD,97
2019-06-28 14:51:00.000000000,BEST_BID,"JPM,99458,226"
2019-06-28 14:51:00.000000000,BEST_ASK,"JPM,100105,121"
2019-06-28 14:51:00.000000000,LAST_TRADE,"3,$100105.0000"
2019-06-28 14:51:00.000000000,QUERY_SPREAD,98
2019-06-28 14:51:00.000000000,BEST_BID,"JPM,99458,226"
2019-06-28 14:51:00.000000000,BEST_ASK,"JPM,100105,116"
2019-06-28 14:51:00.000000000,LAST_TRADE,"5,$100105.0000"
2019-06-28 14:51:00.000000000,QUERY_SPREAD,99
2019-06-28 14:51:00.000000000,BEST_BID,"JPM,99458,226"
2019-06-28 14:51:00.000000000,BEST_ASK,"JPM,100105,112"
2019-06-28 14:51:00.000000000,LAST_TRADE,"4,$100105.0000"
2019-06-28 14:51:00.000000000,QUERY_SPREAD,100
2019-06-28 14:51:00.000000000,BEST_BID,"JPM,99458,226"
2019-06-28 14:51:00.000000000,BEST_ASK,"JPM,100105,107"
2019-06-28 14:51:00.000000000,LAST_TRADE,"5,$100105.0000"
2019-06-28 14:51:00.000000000,QUERY_SPREAD,101
2019-06-28 14:51:00.000000000,BEST_BID,"JPM,99458,225"
2019-06-28 14:51:00.000000000,BEST_ASK,"JPM,100105,107"
2019-06-28 14:51:00.000000000,LAST_TRADE,"1,$99458.0000"
2019-06-28 14:51:05.480899867,QUERY_SPREAD,19
2019-06-28 14:51:05.480899867,BEST_BID,"JPM,99458,225"
2019-06-28 14:51:05.480899867,BEST_ASK,"JPM,99491,100"
2019-06-28 14:51:10.000000000,QUERY_SPREAD,1
2019-06-28 14:51:10.000000000,BEST_BID,"JPM,99458,173"
2019-06-28 14:51:10.000000000,BEST_ASK,"JPM,99491,100"
2019-06-28 14:51:10.000000000,BEST_BID,"JPM,99458,173"
2019-06-28 14:51:10.000000000,BEST_ASK,"JPM,99491,100"
2019-06-28 14:51:10.000000000,BEST_BID,"JPM,99458,173"
2019-06-28 14:51:10.000000000,BEST_ASK,"JPM,99491,100"
2019-06-28 14:51:10.000000000,BEST_BID,"JPM,99458,173"
2019-06-28 14:51:10.000000000,BEST_ASK,"JPM,99491,100"
2019-06-28 14:51:10.000000000,BEST_BID,"JPM,99458,173"
2019-06-28 14:51:10.000000000,BEST_ASK,"JPM,99491,100"
2019-06-28 14:51:10.000000000,BEST_BID,"JPM,99458,173"
2019-06-28 14:51:10.000000000,BEST_ASK,"JPM,99491,174"
2019-06-28 14:51:10.000000000,BEST_BID,"JPM,99458,173"
2019-06-28 14:51:10.000000000,BEST_ASK,"JPM,99491,174"
2019-06-28 14:51:10.000000000,BEST_BID,"JPM,99458,173"
2019-06-28 14:51:10.000000000,BEST_ASK,"JPM,99491,174"
2019-06-28 14:51:10.000000000,BEST_BID,"JPM,99458,173"
2019-06-28 14:51:10.000000000,BEST_ASK,"JPM,99491,174"
2019-06-28 14:51:10.000000000,BEST_BID,"JPM,99458,173"
2019-06-28 14:51:10.000000000,BEST_ASK,"JPM,99491,174"
2019-06-28 14:51:20.000000000,QUERY_SPREAD,1
2019-06-28 14:51:20.000000000,BEST_BID,"JPM,99458,285"
2019-06-28 14:51:20.000000000,BEST_ASK,"JPM,99491,100"
2019-06-28 14:51:20.000000000,BEST_BID,"JPM,99458,285"
2019-06-28 14:51:20.000000000,BEST_ASK,"JPM,99491,100"
2019-06-28 14:51:20.000000000,BEST_BID,"JPM,99458,285"
2019-06-28 14:51:20.000000000,BEST_ASK,"JPM,99491,286"
2019-06-28 14:51:20.000000000,BEST_BID,"JPM,99458,285"
2019-06-28 14:51:20.000000000,BEST_ASK,"JPM,99491,286"
2019-06-28 14:51:22.823572561,QUERY_SPREAD,10
2019-06-28 14:51:22.823572561,BEST_BID,"JPM,99458,285"
2019-06-28 14:51:22.823572561,BEST_ASK,"JPM,99491,286"
2019-06-28 14:51:30.000000000,QUERY_SPREAD,1
2019-06-28 14:51:30.000000000,BEST_BID,"JPM,99458,173"
2019-06-28 14:51:30.000000000,BEST_ASK,"JPM,99491,100"
2019-06-28 14:51:30.000000000,BEST_BID,"JPM,99458,173"
2019-06-28 14:51:30.000000000,BEST_ASK,"JPM,99491,100"
2019-06-28 14:51:30.000000000,BEST_BID,"JPM,99458,173"
2019-06-28 14:51:30.000000000,BEST_ASK,"JPM,99491,100"
2019-06-28 14:51:30.000000000,BEST_BID,"JPM,99458,173"
2019-06-28 14:51:30.000000000,BEST_ASK,"JPM,99491,100"
2019-06-28 14:51:30.000000000,BEST_BID,"JPM,99458,173"
2019-06-28 14:51:30.000000000,BEST_ASK,"JPM,99491,100"
2019-06-28 14:51:30.000000000,BEST_BID,"JPM,99458,173"
2019-06-28 14:51:30.000000000,BEST_ASK,"JPM,99491,174"
2019-06-28 14:51:30.000000000,BEST_BID,"JPM,99458,173"
2019-06-28 14:51:30.000000000,BEST_ASK,"JPM,99491,174"
2019-06-28 14:51:30.000000000,BEST_BID,"JPM,99458,173"
2019-06-28 14:51:30.000000000,BEST_ASK,"JPM,99491,174"
2019-06-28 14:51:30.000000000,BEST_BID,"JPM,99458,173"
2019-06-28 14:51:30.000000000,BEST_ASK,"JPM,99491,174"
2019-06-28 14:51:30.000000000,BEST_BID,"JPM,99458,173"
2019-06-28 14:51:30.000000000,BEST_ASK,"JPM,99491,174"
2019-06-28 14:51:33.316246192,QUERY_SPREAD,26
2019-06-28 14:51:33.316246192,BEST_BID,"JPM,99458,173"
2019-06-28 14:51:33.316246192,BEST_ASK,"JPM,99491,174"
2019-06-28 14:51:33.875311540,QUERY_SPREAD,9
2019-06-28 14:51:33.875311540,BEST_BID,"JPM,99458,173"
2019-06-28 14:51:33.875311540,BEST_ASK,"JPM,99491,174"
2019-06-28 14:51:40.000000000,QUERY_SPREAD,1
2019-06-28 14:51:40.000000000,BEST_BID,"JPM,99458,225"
2019-06-28 14:51:40.000000000,BEST_ASK,"JPM,99491,100"
2019-06-28 14:51:40.000000000,BEST_BID,"JPM,99458,225"
2019-06-28 14:51:40.000000000,BEST_ASK,"JPM,99491,100"
2019-06-28 14:51:40.000000000,BEST_BID,"JPM,99458,225"
2019-06-28 14:51:40.000000000,BEST_ASK,"JPM,99491,100"
2019-06-28 14:51:40.000000000,BEST_BID,"JPM,99458,225"
2019-06-28 14:51:40.000000000,BEST_ASK,"JPM,99491,226"
2019-06-28 14:51:40.000000000,BEST_BID,"JPM,99458,225"
2019-06-28 14:51:40.000000000,BEST_ASK,"JPM,99491,226"
2019-06-28 14:51:40.000000000,BEST_BID,"JPM,99458,225"
2019-06-28 14:51:40.000000000,BEST_ASK,"JPM,99491,226"
2019-06-28 14:51:45.663988397,QUERY_ORDER_STREAM,63
2019-06-28 14:51:45.663988397,QUERY_SPREAD,63
2019-06-28 14:51:45.663988397,BEST_BID,"JPM,99458,325"
2019-06-28 14:51:45.663988397,BEST_ASK,"JPM,99491,226"
2019-06-28 14:51:50.000000000,QUERY_SPREAD,1
2019-06-28 14:51:50.000000000,BEST_BID,"JPM,99458,385"
2019-06-28 14:51:50.000000000,BEST_ASK,"JPM,99491,100"
2019-06-28 14:51:50.000000000,BEST_BID,"JPM,99458,385"
2019-06-28 14:51:50.000000000,BEST_ASK,"JPM,99491,100"
2019-06-28 14:51:50.000000000,BEST_BID,"JPM,99458,385"
2019-06-28 14:51:50.000000000,BEST_ASK,"JPM,99491,286"
2019-06-28 14:51:50.000000000,BEST_BID,"JPM,99458,385"
2019-06-28 14:51:50.000000000,BEST_ASK,"JPM,99491,286"
2019-06-28 14:52:00.000000000,QUERY_SPREAD,1
2019-06-28 14:52:00.000000000,BEST_BID,"JPM,99458,570"
2019-06-28 14:52:00.000000000,BEST_ASK,"JPM,99491,100"
2019-06-28 14:52:00.000000000,BEST_BID,"JPM,99458,570"
2019-06-28 14:52:00.000000000,BEST_ASK,"JPM,99491,471"
2019-06-28 14:52:00.000000000,QUERY_SPREAD,77
2019-06-28 14:52:00.000000000,BEST_BID,"JPM,99458,570"
2019-06-28 14:52:00.000000000,BEST_ASK,"JPM,99491,466"
2019-06-28 14:52:00.000000000,LAST_TRADE,"5,$99491.0000"
2019-06-28 14:52:00.000000000,QUERY_SPREAD,78
2019-06-28 14:52:00.000000000,BEST_BID,"JPM,99458,570"
2019-06-28 14:52:00.000000000,BEST_ASK,"JPM,99491,458"
2019-06-28 14:52:00.000000000,LAST_TRADE,"8,$99491.0000"
2019-06-28 14:52:00.000000000,QUERY_SPREAD,79
2019-06-28 14:52:00.000000000,BEST_BID,"JPM,99458,570"
2019-06-28 14:52:00.000000000,BEST_ASK,"JPM,99491,453"
2019-06-28 14:52:00.000000000,LAST_TRADE,"5,$99491.0000"
2019-06-28 14:52:00.000000000,QUERY_SPREAD,80
2019-06-28 14:52:00.000000000,BEST_BID,"JPM,99458,570"
2019-06-28 14:52:00.000000000,BEST_ASK,"JPM,99491,445"
2019-06-28 14:52:00.000000000,LAST_TRADE,"8,$99491.0000"
2019-06-28 14:52:00.000000000,QUERY_SPREAD,81
2019-06-28 14:52:00.000000000,BEST_BID,"JPM,99458,570"
2019-06-28 14:52:00.000000000,BEST_ASK,"JPM,99491,436"
2019-06-28 14:52:00.000000000,LAST_TRADE,"9,$99491.0000"
2019-06-28 14:52:00.000000000,QUERY_SPREAD,82
2019-06-28 14:52:00.000000000,BEST_BID,"JPM,99458,570"
2019-06-28 14:52:00.000000000,BEST_ASK,"JPM,99491,433"
2019-06-28 14:52:00.000000000,LAST_TRADE,"3,$99491.0000"
2019-06-28 14:52:00.000000000,QUERY_SPREAD,83
2019-06-28 14:52:00.000000000,BEST_BID,"JPM,99458,570"
2019-06-28 14:52:00.000000000,BEST_ASK,"JPM,99491,425"
2019-06-28 14:52:00.000000000,LAST_TRADE,"8,$99491.0000"
2019-06-28 14:52:00.000000000,QUERY_SPREAD,84
2019-06-28 14:52:00.000000000,BEST_BID,"JPM,99458,570"
2019-06-28 14:52:00.000000000,BEST_ASK,"JPM,99491,421"
2019-06-28 14:52:00.000000000,LAST_TRADE,"4,$99491.0000"
2019-06-28 14:52:00.000000000,QUERY_SPREAD,85
2019-06-28 14:52:00.000000000,BEST_BID,"JPM,99458,570"
2019-06-28 14:52:00.000000000,BEST_ASK,"JPM,99491,416"
2019-06-28 14:52:00.000000000,LAST_TRADE,"5,$99491.0000"
2019-06-28 14:52:00.000000000,QUERY_SPREAD,86
2019-06-28 14:52:00.000000000,BEST_BID,"JPM,99458,570"
2019-06-28 14:52:00.000000000,BEST_ASK,"JPM,99491,414"
2019-06-28 14:52:00.000000000,LAST_TRADE,"2,$99491.0000"
2019-06-28 14:52:00.000000000,QUERY_SPREAD,87
2019-06-28 14:52:00.000000000,BEST_BID,"JPM,99458,570"
2019-06-28 14:52:00.000000000,BEST_ASK,"JPM,99491,407"
2019-06-28 14:52:00.000000000,LAST_TRADE,"7,$99491.0000"
2019-06-28 14:52:00.000000000,QUERY_SPREAD,88
2019-06-28 14:52:00.000000000,BEST_BID,"JPM,99458,570"
2019-06-28 14:52:00.000000000,BEST_ASK,"JPM,99491,399"
2019-06-28 14:52:00.000000000,LAST_TRADE,"8,$99491.0000"
2019-06-28 14:52:00.000000000,QUERY_SPREAD,89
2019-06-28 14:52:00.000000000,BEST_BID,"JPM,99458,570"
2019-06-28 14:52:00.000000000,BEST_ASK,"JPM,99491,394"
2019-06-28 14:52:00.000000000,LAST_TRADE,"5,$99491.0000"
2019-06-28 14:52:00.000000000,QUERY_SPREAD,90
2019-06-28 14:52:00.000000000,BEST_BID,"JPM,99458,570"
2019-06-28 14:52:00.000000000,BEST_ASK,"JPM,99491,390"
2019-06-28 14:52:00.000000000,LAST_TRADE,"4,$99491.0000"
2019-06-28 14:52:00.000000000,QUERY_SPREAD,91
2019-06-28 14:52:00.000000000,BEST_BID,"JPM,99458,570"
2019-06-28 14:52:00.000000000,BEST_ASK,"JPM,99491,387"
2019-06-28 14:52:00.000000000,LAST_TRADE,"3,$99491.0000"
2019-06-28 14:52:00.000000000,QUERY_SPREAD,92
2019-06-28 14:52:00.000000000,BEST_BID,"JPM,99458,570"
2019-06-28 14:52:00.000000000,BEST_ASK,"JPM,99491,382"
2019-06-28 14:52:00.000000000,LAST_TRADE,"5,$99491.0000"
2019-06-28 14:52:00.000000000,QUERY_SPREAD,93
2019-06-28 14:52:00.000000000,BEST_BID,"JPM,99458,570"
2019-06-28 14:52:00.000000000,BEST_ASK,"JPM,99491,375"
2019-06-28 14:52:00.000000000,LAST_TRADE,"7,$99491.0000"
2019-06-28 14:52:00.000000000,QUERY_SPREAD,94
2019-06-28 14:52:00.000000000,BEST_BID,"JPM,99458,570"
2019-06-28 14:52:00.000000000,BEST_ASK,"JPM,99491,374"
2019-06-28 14:52:00.000000000,LAST_TRADE,"1,$99491.0000"
2019-06-28 14:52:00.000000000,QUERY_SPREAD,95
2019-06-28 14:52:00.000000000,BEST_BID,"JPM,99458,570"
2019-06-28 14:52:00.000000000,BEST_ASK,"JPM,99491,373"
2019-06-28 14:52:00.000000000,LAST_TRADE,"1,$99491.0000"
2019-06-28 14:52:00.000000000,QUERY_SPREAD,96
2019-06-28 14:52:00.000000000,BEST_BID,"JPM,99458,570"
2019-06-28 14:52:00.000000000,BEST_ASK,"JPM,99491,369"
2019-06-28 14:52:00.000000000,LAST_TRADE,"4,$99491.0000"
2019-06-28 14:52:00.000000000,QUERY_SPREAD,97
2019-06-28 14:52:00.000000000,BEST_BID,"JPM,99458,570"
2019-06-28 14:52:00.000000000,BEST_ASK,"JPM,99491,366"
2019-06-28 14:52:00.000000000,LAST_TRADE,"3,$99491.0000"
2019-06-28 14:52:00.000000000,QUERY_SPREAD,98
2019-06-28 14:52:00.000000000,BEST_BID,"JPM,99458,570"
2019-06-28 14:52:00.000000000,BEST_ASK,"JPM,99491,361"
2019-06-28 14:52:00.000000000,LAST_TRADE,"5,$99491.0000"
2019-06-28 14:52:00.000000000,QUERY_SPREAD,99
2019-06-28 14:52:00.000000000,BEST_BID,"JPM,99458,570"
2019-06-28 14:52:00.000000000,BEST_ASK,"JPM,99491,357"
2019-06-28 14:52:00.000000000,LAST_TRADE,"4,$99491.0000"
2019-06-28 14:52:00.000000000,QUERY_SPREAD,100
2019-06-28 14:52:00.000000000,BEST_BID,"JPM,99458,570"
2019-06-28 14:52:00.000000000,BEST_ASK,"JPM,99491,352"
2019-06-28 14:52:00.000000000,LAST_TRADE,"5,$99491.0000"
2019-06-28 14:52:00.000000000,QUERY_SPREAD,101
2019-06-28 14:52:00.000000000,BEST_BID,"JPM,99458,570"
2019-06-28 14:52:00.000000000,BEST_ASK,"JPM,99491,351"
2019-06-28 14:52:00.000000000,LAST_TRADE,"1,$99491.0000"
2019-06-28 14:52:02.312762503,QUERY_ORDER_STREAM,53
2019-06-28 14:52:02.312762503,QUERY_SPREAD,53
2019-06-28 14:52:02.312762503,BEST_BID,"JPM,99458,570"
2019-06-28 14:52:02.312762503,BEST_ASK,"JPM,99491,251"
2019-06-28 14:52:02.312762503,LAST_TRADE,"100,$99491.0000"
2019-06-28 14:52:10.000000000,QUERY_SPREAD,1
2019-06-28 14:52:10.000000000,BEST_BID,"JPM,99458,292"
2019-06-28 14:52:10.000000000,BEST_ASK,"JPM,99509,100"
2019-06-28 14:52:10.000000000,BEST_BID,"JPM,99458,292"
2019-06-28 14:52:10.000000000,BEST_ASK,"JPM,99509,100"
2019-06-28 14:52:10.000000000,BEST_BID,"JPM,99458,292"
2019-06-28 14:52:10.000000000,BEST_ASK,"JPM,99509,100"
2019-06-28 14:52:10.000000000,BEST_BID,"JPM,99458,292"
2019-06-28 14:52:10.000000000,BEST_ASK,"JPM,99509,100"
2019-06-28 14:52:10.000000000,BEST_BID,"JPM,99458,292"
2019-06-28 14:52:10.000000000,BEST_ASK,"JPM,99509,193"
2019-06-28 14:52:10.000000000,BEST_BID,"JPM,99458,292"
2019-06-28 14:52:10.000000000,BEST_ASK,"JPM,99509,193"
2019-06-28 14:52:10.000000000,BEST_BID,"JPM,99458,292"
2019-06-28 14:52:10.000000000,BEST_ASK,"JPM,99509,193"
2019-06-28 14:52:10.000000000,BEST_BID,"JPM,99458,292"
2019-06-28 14:52:10.000000000,BEST_ASK,"JPM,99509,193"
2019-06-28 14:52:20.000000000,QUERY_SPREAD,1
2019-06-28 14:52:20.000000000,BEST_BID,"JPM,99458,273"
2019-06-28 14:52:20.000000000,BEST_ASK,"JPM,99509,100"
2019-06-28 14:52:20.000000000,BEST_BID,"JPM,99458,273"
2019-06-28 14:52:20.000000000,BEST_ASK,"JPM,99509,100"
2019-06-28 14:52:20.000000000,BEST_BID,"JPM,99458,273"
2019-06-28 14:52:20.000000000,BEST_ASK,"JPM,99509,100"
2019-06-28 14:52:20.000000000,BEST_BID,"JPM,99458,273"
2019-06-28 14:52:20.000000000,BEST_ASK,"JPM,99509,100"
2019-06-28 14:52:20.000000000,BEST_BID,"JPM,99458,273"
2019-06-28 14:52:20.000000000,BEST_ASK,"JPM,99509,100"
2019-06-28 14:52:20.000000000,BEST_BID,"JPM,99458,273"
2019-06-28 14:52:20.000000000,BEST_ASK,"JPM,99509,174"
2019-06-28 14:52:20.000000000,BEST_BID,"JPM,99458,273"
2019-06-28 14:52:20.000000000,BEST_ASK,"JPM,99509,174"
2019-06-28 14:52:20.000000000,BEST_BID,"JPM,99458,273"
2019-06-28 14:52:20.000000000,BEST_ASK,"JPM,99509,174"
2019-06-28 14:52:20.000000000,BEST_BID,"JPM,99458,273"
2019-06-28 14:52:20.000000000,BEST_ASK,"JPM,99509,174"
2019-06-28 14:52:20.000000000,BEST_BID,"JPM,99458,273"
2019-06-28 14:52:20.000000000,BEST_ASK,"JPM,99509,174"
2019-06-28 14:52:27.458844033,QUERY_ORDER_STREAM,55
2019-06-28 14:52:27.458844033,QUERY_SPREAD,55
2019-06-28 14:52:30.000000000,QUERY_SPREAD,1
2019-06-28 14:52:30.000000000,BEST_BID,"JPM,99458,325"
2019-06-28 14:52:30.000000000,BEST_ASK,"JPM,99509,100"
2019-06-28 14:52:30.000000000,BEST_BID,"JPM,99458,325"
2019-06-28 14:52:30.000000000,BEST_ASK,"JPM,99509,100"
2019-06-28 14:52:30.000000000,BEST_BID,"JPM,99458,325"
2019-06-28 14:52:30.000000000,BEST_ASK,"JPM,99509,100"
2019-06-28 14:52:30.000000000,BEST_BID,"JPM,99458,325"
2019-06-28 14:52:30.000000000,BEST_ASK,"JPM,99509,226"
2019-06-28 14:52:30.000000000,BEST_BID,"JPM,99458,325"
2019-06-28 14:52:30.000000000,BEST_ASK,"JPM,99509,226"
2019-06-28 14:52:30.000000000,BEST_BID,"JPM,99458,325"
2019-06-28 14:52:30.000000000,BEST_ASK,"JPM,99509,226"
2019-06-28 14:52:40.000000000,QUERY_SPREAD,1
2019-06-28 14:52:40.000000000,BEST_BID,"JPM,99458,385"
2019-06-28 14:52:40.000000000,BEST_ASK,"JPM,99509,100"
2019-06-28 14:52:40.000000000,BEST_BID,"JPM,99458,385"
2019-06-28 14:52:40.000000000,BEST_ASK,"JPM,99509,100"
2019-06-28 14:52:40.000000000,BEST_BID,"JPM,99458,385"
2019-06-28 14:52:40.000000000,BEST_ASK,"JPM,99509,286"
2019-06-28 14:52:40.000000000,BEST_BID,"JPM,99458,385"
2019-06-28 14:52:40.000000000,BEST_ASK,"JPM,99509,286"
2019-06-28 14:52:41.685193630,QUERY_SPREAD,32
2019-06-28 14:52:41.685193630,BEST_BID,"JPM,99458,385"
2019-06-28 14:52:41.685193630,BEST_ASK,"JPM,99509,186"
2019-06-28 14:52:41.685193630,LAST_TRADE,"100,$99509.0000"
2019-06-28 14:52:50.000000000,QUERY_SPREAD,1
2019-06-28 14:52:50.000000000,BEST_BID,"JPM,99458,385"
2019-06-28 14:52:50.000000000,BEST_ASK,"JPM,99721,100"
2019-06-28 14:52:50.000000000,BEST_BID,"JPM,99458,385"
2019-06-28 14:52:50.000000000,BEST_ASK,"JPM,99721,100"
2019-06-28 14:52:50.000000000,BEST_BID,"JPM,99458,385"
2019-06-28 14:52:50.000000000,BEST_ASK,"JPM,99721,286"
2019-06-28 14:52:50.000000000,BEST_BID,"JPM,99458,385"
2019-06-28 14:52:50.000000000,BEST_ASK,"JPM,99721,286"
2019-06-28 14:53:00.000000000,QUERY_SPREAD,1
2019-06-28 14:53:00.000000000,BEST_BID,"JPM,99458,273"
2019-06-28 14:53:00.000000000,BEST_ASK,"JPM,99721,100"
2019-06-28 14:53:00.000000000,BEST_BID,"JPM,99458,273"
2019-06-28 14:53:00.000000000,BEST_ASK,"JPM,99721,100"
2019-06-28 14:53:00.000000000,BEST_BID,"JPM,99458,273"
2019-06-28 14:53:00.000000000,BEST_ASK,"JPM,99721,100"
2019-06-28 14:53:00.000000000,BEST_BID,"JPM,99458,273"
2019-06-28 14:53:00.000000000,BEST_ASK,"JPM,99721,100"
2019-06-28 14:53:00.000000000,BEST_BID,"JPM,99458,273"
2019-06-28 14:53:00.000000000,BEST_ASK,"JPM,99721,100"
2019-06-28 14:53:00.000000000,BEST_BID,"JPM,99458,273"
2019-06-28 14:53:00.000000000,BEST_ASK,"JPM,99721,174"
2019-06-28 14:53:00.000000000,BEST_BID,"JPM,99458,273"
2019-06-28 14:53:00.000000000,BEST_ASK,"JPM,99721,174"
2019-06-28 14:53:00.000000000,BEST_BID,"JPM,99458,273"
2019-06-28 14:53:00.000000000,BEST_ASK,"JPM,99721,174"
2019-06-28 14:53:00.000000000,BEST_BID,"JPM,99458,273"
2019-06-28 14:53:00.000000000,BEST_ASK,"JPM,99721,174"
2019-06-28 14:53:00.000000000,BEST_BID,"JPM,99458,273"
2019-06-28 14:53:00.000000000,BEST_ASK,"JPM,99721,174"
2019-06-28 14:53:00.000000000,QUERY_SPREAD,77
2019-06-28 14:53:00.000000000,BEST_BID,"JPM,99458,273"
2019-06-28 14:53:00.000000000,BEST_ASK,"JPM,99721,169"
2019-06-28 14:53:00.000000000,LAST_TRADE,"5,$99721.0000"
2019-06-28 14:53:00.000000000,QUERY_SPREAD,78
2019-06-28 14:53:00.000000000,BEST_BID,"JPM,99458,273"
2019-06-28 14:53:00.000000000,BEST_ASK,"JPM,99721,161"
2019-06-28 14:53:00.000000000,LAST_TRADE,"8,$99721.0000"
2019-06-28 14:53:00.000000000,QUERY_SPREAD,79
2019-06-28 14:53:00.000000000,BEST_BID,"JPM,99458,273"
2019-06-28 14:53:00.000000000,BEST_ASK,"JPM,99721,156"
2019-06-28 14:53:00.000000000,LAST_TRADE,"5,$99721.0000"
2019-06-28 14:53:00.000000000,QUERY_SPREAD,80
2019-06-28 14:53:00.000000000,BEST_BID,"JPM,99458,273"
2019-06-28 14:53:00.000000000,BEST_ASK,"JPM,99721,148"
2019-06-28 14:53:00.000000000,LAST_TRADE,"8,$99721.0000"
2019-06-28 14:53:00.000000000,QUERY_SPREAD,81
2019-06-28 14:53:00.000000000,BEST_BID,"JPM,99458,273"
2019-06-28 14:53:00.000000000,BEST_ASK,"JPM,99721,139"
2019-06-28 14:53:00.000000000,LAST_TRADE,"9,$99721.0000"
2019-06-28 14:53:00.000000000,QUERY_SPREAD,82
2019-06-28 14:53:00.000000000,BEST_BID,"JPM,99458,273"
2019-06-28 14:53:00.000000000,BEST_ASK,"JPM,99721,136"
2019-06-28 14:53:00.000000000,LAST_TRADE,"3,$99721.0000"
2019-06-28 14:53:00.000000000,QUERY_SPREAD,83
2019-06-28 14:53:00.000000000,BEST_BID,"JPM,99458,273"
2019-06-28 14:53:00.000000000,BEST_ASK,"JPM,99721,128"
2019-06-28 14:53:00.000000000,LAST_TRADE,"8,$99721.0000"
2019-06-28 14:53:00.000000000,QUERY_SPREAD,84
2019-06-28 14:53:00.000000000,BEST_BID,"JPM,99458,273"
2019-06-28 14:53:00.000000000,BEST_ASK,"JPM,99721,124"
2019-06-28 14:53:00.000000000,LAST_TRADE,"4,$99721.0000"
2019-06-28 14:53:00.000000000,QUERY_SPREAD,85
2019-06-28 14:53:00.000000000,BEST_BID,"JPM,99458,273"
2019-06-28 14:53:00.000000000,BEST_ASK,"JPM,99721,119"
2019-06-28 14:53:00.000000000,LAST_TRADE,"5,$99721.0000"
2019-06-28 14:53:00.000000000,QUERY_SPREAD,86
2019-06-28 14:53:00.000000000,BEST_BID,"JPM,99458,273"
2019-06-28 14:53:00.000000000,BEST_ASK,"JPM,99721,117"
2019-06-28 14:53:00.000000000,LAST_TRADE,"2,$99721.0000"
2019-06-28 14:53:00.000000000,QUERY_SPREAD,87
2019-06-28 14:53:00.000000000,BEST_BID,"JPM,99458,273"
2019-06-28 14:53:00.000000000,BEST_ASK,"JPM,99721,110"
2019-06-28 14:53:00.000000000,LAST_TRADE,"7,$99721.0000"
2019-06-28 14:53:00.000000000,QUERY_SPREAD,88
2019-06-28 14:53:00.000000000,BEST_BID,"JPM,99458,273"
2019-06-28 14:53:00.000000000,BEST_ASK,"JPM,99721,102"
2019-06-28 14:53:00.000000000,LAST_TRADE,"8,$99721.0000"
2019-06-28 14:53:00.000000000,QUERY_SPREAD,89
2019-06-28 14:53:00.000000000,BEST_BID,"JPM,99458,273"
2019-06-28 14:53:00.000000000,BEST_ASK,"JPM,99721,97"
2019-06-28 14:53:00.000000000,LAST_TRADE,"5,$99721.0000"
2019-06-28 14:53:00.000000000,QUERY_SPREAD,90
2019-06-28 14:53:00.000000000,BEST_BID,"JPM,99458,273"
2019-06-28 14:53:00.000000000,BEST_ASK,"JPM,99721,93"
2019-06-28 14:53:00.000000000,LAST_TRADE,"4,$99721.0000"
2019-06-28 14:53:00.000000000,QUERY_SPREAD,91
2019-06-28 14:53:00.000000000,BEST_BID,"JPM,99458,273"
2019-06-28 14:53:00.000000000,BEST_ASK,"JPM,99721,90"
2019-06-28 14:53:00.000000000,LAST_TRADE,"3,$99721.0000"
2019-06-28 14:53:00.000000000,QUERY_SPREAD,92
2019-06-28 14:53:00.000000000,BEST_BID,"JPM,99458,273"
2019-06-28 14:53:00.000000000,BEST_ASK,"JPM,99721,85"
2019-06-28 14:53:00.000000000,LAST_TRADE,"5,$99721.0000"
2019-06-28 14:53:00.000000000,QUERY_SPREAD,93
2019-06-28 14:53:00.000000000,BEST_BID,"JPM,99458,273"
2019-06-28 14:53:00.000000000,BEST_ASK,"JPM,99721,78"
2019-06-28 14:53:00.000000000,LAST_TRADE,"7,$99721.0000"
2019-06-28 14:53:00.000000000,QUERY_SPREAD,94
2019-06-28 14:53:00.000000000,BEST_BID,"JPM,99458,273"
2019-06-28 14:53:00.000000000,BEST_ASK,"JPM,99721,77"
2019-06-28 14:53:00.000000000,LAST_TRADE,"1,$99721.0000"
2019-06-28 14:53:00.000000000,QUERY_SPREAD,95
2019-06-28 14:53:00.000000000,BEST_BID,"JPM,99458,273"
2019-06-28 14:53:00.000000000,BEST_ASK,"JPM,99721,76"
2019-06-28 14:53:00.000000000,LAST_TRADE,"1,$99721.0000"
2019-06-28 14:53:00.000000000,QUERY_SPREAD,96
2019-06-28 14:53:00.000000000,BEST_BID,"JPM,99458,273"
2019-06-28 14:53:00.000000000,BEST_ASK,"JPM,99721,72"
2019-06-28 14:53:00.000000000,LAST_TRADE,"4,$99721.0000"
2019-06-28 14:53:00.000000000,QUERY_SPREAD,97
2019-06-28 14:53:00.000000000,BEST_BID,"JPM,99458,273"
2019-06-28 14:53:00.000000000,BEST_ASK,"JPM,99721,69"
2019-06-28 14:53:00.000000000,LAST_TRADE,"3,$99721.0000"
2019-06-28 14:53:00.000000000,QUERY_SPREAD,98
2019-06-28 14:53:00.000000000,BEST_BID,"JPM,99458,273"
2019-06-28 14:53:00.000000000,BEST_ASK,"JPM,99721,64"
2019-06-28 14:53:00.000000000,LAST_TRADE,"5,$99721.0000"
2019-06-28 14:53:00.000000000,QUERY_SPREAD,99
2019-06-28 14:53:00.000000000,BEST_BID,"JPM,99458,273"
2019-06-28 14:53:00.000000000,BEST_ASK,"JPM,99721,60"
2019-06-28 14:53:00.000000000,LAST_TRADE,"4,$99721.0000"
2019-06-28 14:53:00.000000000,QUERY_SPREAD,100
2019-06-28 14:53:00.000000000,BEST_BID,"JPM,99458,273"
2019-06-28 14:53:00.000000000,BEST_ASK,"JPM,99721,55"
2019-06-28 14:53:00.000000000,LAST_TRADE,"5,$99721.0000"
2019-06-28 14:53:00.000000000,QUERY_SPREAD,101
2019-06-28 14:53:00.000000000,BEST_BID,"JPM,99458,273"
2019-06-28 14:53:00.000000000,BEST_ASK,"JPM,99721,54"
2019-06-28 14:53:00.000000000,LAST_TRADE,"1,$99721.0000"
2019-06-28 14:53:02.364154311,QUERY_ORDER_STREAM,70
2019-06-28 14:53:02.364154311,QUERY_SPREAD,70
2019-06-28 14:53:02.364154311,BEST_BID,"JPM,99721,46"
2019-06-28 14:53:02.364154311,BEST_ASK,"JPM,99771,174"
2019-06-28 14:53:02.364154311,LAST_TRADE,"54,$99721.0000"
2019-06-28 14:53:05.737050126,QUERY_SPREAD,13
2019-06-28 14:53:05.737050126,BEST_BID,"JPM,99721,46"
2019-06-28 14:53:05.737050126,BEST_ASK,"JPM,99771,174"
2019-06-28 14:53:10.000000000,QUERY_SPREAD,1
2019-06-28 14:53:10.000000000,BEST_BID,"JPM,99721,172"
2019-06-28 14:53:10.000000000,BEST_ASK,"JPM,99771,100"
2019-06-28 14:53:10.000000000,BEST_BID,"JPM,99721,172"
2019-06-28 14:53:10.000000000,BEST_ASK,"JPM,99771,100"
2019-06-28 14:53:10.000000000,BEST_BID,"JPM,99721,172"
2019-06-28 14:53:10.000000000,BEST_ASK,"JPM,99771,100"
2019-06-28 14:53:10.000000000,BEST_BID,"JPM,99721,172"
2019-06-28 14:53:10.000000000,BEST_ASK,"JPM,99771,226"
2019-06-28 14:53:10.000000000,BEST_BID,"JPM,99721,172"
2019-06-28 14:53:10.000000000,BEST_ASK,"JPM,99771,226"
2019-06-28 14:53:10.000000000,BEST_BID,"JPM,99721,172"
2019-06-28 14:53:10.000000000,BEST_ASK,"JPM,99771,226"
2019-06-28 14:53:20.000000000,QUERY_SPREAD,1
2019-06-28 14:53:20.000000000,BEST_BID,"JPM,99721,120"
2019-06-28 14:53:20.000000000,BEST_ASK,"JPM,99771,100"
2019-06-28 14:53:20.000000000,BEST_BID,"JPM,99721,120"
2019-06-28 14:53:20.000000000,BEST_ASK,"JPM,99771,100"
2019-06-28 14:53:20.000000000,BEST_BID,"JPM,99721,120"
2019-06-28 14:53:20.000000000,BEST_ASK,"JPM,99771,100"
2019-06-28 14:53:20.000000000,BEST_BID,"JPM,99721,120"
2019-06-28 14:53:20.000000000,BEST_ASK,"JPM,99771,100"
2019-06-28 14:53:20.000000000,BEST_BID,"JPM,99721,120"
2019-06-28 14:53:20.000000000,BEST_ASK,"JPM,99771,100"
2019-06-28 14:53:20.000000000,BEST_BID,"JPM,99721,120"
2019-06-28 14:53:20.000000000,BEST_ASK,"JPM,99771,174"
2019-06-28 14:53:20.000000000,BEST_BID,"JPM,99721,120"
2019-06-28 14:53:20.000000000,BEST_ASK,"JPM,99771,174"
2019-06-28 14:53:20.000000000,BEST_BID,"JPM,99721,120"
2019-06-28 14:53:20.000000000,BEST_ASK,"JPM,99771,174"
2019-06-28 14:53:20.000000000,BEST_BID,"JPM,99721,120"
2019-06-28 14:53:20.000000000,BEST_ASK,"JPM,99771,174"
2019-06-28 14:53:20.000000000,BEST_BID,"JPM,99721,120"
2019-06-28 14:53:20.000000000,BEST_ASK,"JPM,99771,174"
2019-06-28 14:53:22.283674084,QUERY_SPREAD,21
2019-06-28 14:53:22.283674084,BEST_BID,"JPM,99721,20"
2019-06-28 14:53:22.283674084,BEST_ASK,"JPM,99771,174"
2019-06-28 14:53:22.283674084,LAST_TRADE,"100,$99721.0000"
2019-06-28 14:53:30.000000000,QUERY_SPREAD,1
2019-06-28 14:53:30.000000000,BEST_BID,"JPM,99458,193"
2019-06-28 14:53:30.000000000,BEST_ASK,"JPM,99771,100"
2019-06-28 14:53:30.000000000,BEST_BID,"JPM,99458,193"
2019-06-28 14:53:30.000000000,BEST_ASK,"JPM,99771,100"
2019-06-28 14:53:30.000000000,BEST_BID,"JPM,99458,193"
2019-06-28 14:53:30.000000000,BEST_ASK,"JPM,99771,100"
2019-06-28 14:53:30.000000000,BEST_BID,"JPM,99458,193"
2019-06-28 14:53:30.000000000,BEST_ASK,"JPM,99771,100"
2019-06-28 14:53:30.000000000,BEST_BID,"JPM,99458,193"
2019-06-28 14:53:30.000000000,BEST_ASK,"JPM,99771,193"
2019-06-28 14:53:30.000000000,BEST_BID,"JPM,99458,193"
2019-06-28 14:53:30.000000000,BEST_ASK,"JPM,99771,193"
2019-06-28 14:53:30.000000000,BEST_BID,"JPM,99458,193"
2019-06-28 14:53:30.000000000,BEST_ASK,"JPM,99771,193"
2019-06-28 14:53:30.000000000,BEST_BID,"JPM,99458,193"
2019-06-28 14:53:30.000000000,BEST_ASK,"JPM,99771,193"
2019-06-28 14:53:40.000000000,QUERY_SPREAD,1
2019-06-28 14:53:40.000000000,BEST_BID,"JPM,99458,286"
2019-06-28 14:53:40.000000000,BEST_ASK,"JPM,99771,100"
2019-06-28 14:53:40.000000000,BEST_BID,"JPM,99458,286"
2019-06-28 14:53:40.000000000,BEST_ASK,"JPM,99771,100"
2019-06-28 14:53:40.000000000,BEST_BID,"JPM,99458,286"
2019-06-28 14:53:40.000000000,BEST_ASK,"JPM,99771,286"
2019-06-28 14:53:40.000000000,BEST_BID,"JPM,99458,286"
2019-06-28 14:53:40.000000000,BEST_ASK,"JPM,99771,286"
2019-06-28 14:53:50.000000000,QUERY_SPREAD,1
2019-06-28 14:53:50.000000000,BEST_BID,"JPM,99458,471"
2019-06-28 14:53:50.000000000,BEST_ASK,"JPM,99771,100"
2019-06-28 14:53:50.000000000,BEST_BID,"JPM,99458,471"
2019-06-28 14:53:50.000000000,BEST_ASK,"JPM,99771,471"
2019-06-28 14:53:55.066874102,QUERY_SPREAD,12
2019-06-28 14:53:55.066874102,BEST_BID,"JPM,99458,471"
2019-06-28 14:53:55.066874102,BEST_ASK,"JPM,99771,471"
2019-06-28 14:53:58.533259427,QUERY_ORDER_STREAM,58
2019-06-28 14:53:58.533259427,QUERY_SPREAD,58
2019-06-28 14:53:58.533259427,BEST_BID,"JPM,99458,471"
2019-06-28 14:53:58.533259427,BEST_ASK,"JPM,99721,100"
2019-06-28 14:54:00.000000000,QUERY_SPREAD,1
2019-06-28 14:54:00.000000000,BEST_BID,"JPM,99458,286"
2019-06-28 14:54:00.000000000,BEST_ASK,"JPM,99721,100"
2019-06-28 14:54:00.000000000,BEST_BID,"JPM,99458,286"
2019-06-28 14:54:00.000000000,BEST_ASK,"JPM,99721,100"
2019-06-28 14:54:00.000000000,BEST_BID,"JPM,99458,286"
2019-06-28 14:54:00.000000000,BEST_ASK,"JPM,99721,286"
2019-06-28 14:54:00.000000000,BEST_BID,"JPM,99458,286"
2019-06-28 14:54:00.000000000,BEST_ASK,"JPM,99721,286"
2019-06-28 14:54:00.000000000,QUERY_SPREAD,77
2019-06-28 14:54:00.000000000,BEST_BID,"JPM,99458,286"
2019-06-28 14:54:00.000000000,BEST_ASK,"JPM,99721,281"
2019-06-28 14:54:00.000000000,LAST_TRADE,"5,$99721.0000"
2019-06-28 14:54:00.000000000,QUERY_SPREAD,78
2019-06-28 14:54:00.000000000,BEST_BID,"JPM,99458,286"
2019-06-28 14:54:00.000000000,BEST_ASK,"JPM,99721,273"
2019-06-28 14:54:00.000000000,LAST_TRADE,"8,$99721.0000"
2019-06-28 14:54:00.000000000,QUERY_SPREAD,79
2019-06-28 14:54:00.000000000,BEST_BID,"JPM,99458,286"
2019-06-28 14:54:00.000000000,BEST_ASK,"JPM,99721,268"
2019-06-28 14:54:00.000000000,LAST_TRADE,"5,$99721.0000"
2019-06-28 14:54:00.000000000,QUERY_SPREAD,80
2019-06-28 14:54:00.000000000,BEST_BID,"JPM,99458,286"
2019-06-28 14:54:00.000000000,BEST_ASK,"JPM,99721,260"
2019-06-28 14:54:00.000000000,LAST_TRADE,"8,$99721.0000"
2019-06-28 14:54:00.000000000,QUERY_SPREAD,81
2019-06-28 14:54:00.000000000,BEST_BID,"JPM,99458,286"
2019-06-28 14:54:00.000000000,BEST_ASK,"JPM,99721,251"
2019-06-28 14:54:00.000000000,LAST_TRADE,"9,$99721.0000"
2019-06-28 14:54:00.000000000,QUERY_SPREAD,82
2019-06-28 14:54:00.000000000,BEST_BID,"JPM,99458,286"
2019-06-28 14:54:00.000000000,BEST_ASK,"JPM,99721,248"
2019-06-28 14:54:00.000000000,LAST_TRADE,"3,$99721.0000"
2019-06-28 14:54:00.000000000,QUERY_SPREAD,83
2019-06-28 14:54:00.000000000,BEST_BID,"JPM,99458,286"
2019-06-28 14:54:00.000000000,BEST_ASK,"JPM,99721,240"
2019-06-28 14:54:00.000000000,LAST_TRADE,"8,$99721.0000"
2019-06-28 14:54:00.000000000,QUERY_SPREAD,84
2019-06-28 14:54:00.000000000,BEST_BID,"JPM,99458,286"
2019-06-28 14:54:00.000000000,BEST_ASK,"JPM,99721,236"
2019-06-28 14:54:00.000000000,LAST_TRADE,"4,$99721.0000"
2019-06-28 14:54:00.000000000,QUERY_SPREAD,85
2019-06-28 14:54:00.000000000,BEST_BID,"JPM,99458,286"
2019-06-28 14:54:00.000000000,BEST_ASK,"JPM,99721,231"
2019-06-28 14:54:00.000000000,LAST_TRADE,"5,$99721.0000"
2019-06-28 14:54:00.000000000,QUERY_SPREAD,86
2019-06-28 14:54:00.000000000,BEST_BID,"JPM,99458,286"
2019-06-28 14:54:00.000000000,BEST_ASK,"JPM,99721,229"
2019-06-28 14:54:00.000000000,LAST_TRADE,"2,$99721.0000"
2019-06-28 14:54:00.000000000,QUERY_SPREAD,87
2019-06-28 14:54:00.000000000,BEST_BID,"JPM,99458,286"
2019-06-28 14:54:00.000000000,BEST_ASK,"JPM,99721,222"
2019-06-28 14:54:00.000000000,LAST_TRADE,"7,$99721.0000"
2019-06-28 14:54:00.000000000,QUERY_SPREAD,88
2019-06-28 14:54:00.000000000,BEST_BID,"JPM,99458,286"
2019-06-28 14:54:00.000000000,BEST_ASK,"JPM,99721,214"
2019-06-28 14:54:00.000000000,LAST_TRADE,"8,$99721.0000"
2019-06-28 14:54:00.000000000,QUERY_SPREAD,89
2019-06-28 14:54:00.000000000,BEST_BID,"JPM,99458,286"
2019-06-28 14:54:00.000000000,BEST_ASK,"JPM,99721,209"
2019-06-28 14:54:00.000000000,LAST_TRADE,"5,$99721.0000"
2019-06-28 14:54:00.000000000,QUERY_SPREAD,90
2019-06-28 14:54:00.000000000,BEST_BID,"JPM,99458,286"
2019-06-28 14:54:00.000000000,BEST_ASK,"JPM,99721,205"
2019-06-28 14:54:00.000000000,LAST_TRADE,"4,$99721.0000"
2019-06-28 14:54:00.000000000,QUERY_SPREAD,91
2019-06-28 14:54:00.000000000,BEST_BID,"JPM,99458,286"
2019-06-28 14:54:00.000000000,BEST_ASK,"JPM,99721,202"
2019-06-28 14:54:00.000000000,LAST_TRADE,"3,$99721.0000"
2019-06-28 14:54:00.000000000,QUERY_SPREAD,92
2019-06-28 14:54:00.000000000,BEST_BID,"JPM,99458,286"
2019-06-28 14:54:00.000000000,BEST_ASK,"JPM,99721,197"
2019-06-28 14:54:00.000000000,LAST_TRADE,"5,$99721.0000"
2019-06-28 14:54:00.000000000,QUERY_SPREAD,93
2019-06-28 14:54:00.000000000,BEST_BID,"JPM,99458,286"
2019-06-28 14:54:00.000000000,BEST_ASK,"JPM,99721,190"
2019-06-28 14:54:00.000000000,LAST_TRADE,"7,$99721.0000"
2019-06-28 14:54:00.000000000,QUERY_SPREAD,94
2019-06-28 14:54:00.000000000,BEST_BID,"JPM,99458,286"
2019-06-28 14:54:00.000000000,BEST_ASK,"JPM,99721,189"
2019-06-28 14:54:00.000000000,LAST_TRADE,"1,$99721.0000"
2019-06-28 14:54:00.000000000,QUERY_SPREAD,95
2019-06-28 14:54:00.000000000,BEST_BID,"JPM,99458,286"
2019-06-28 14:54:00.000000000,BEST_ASK,"JPM,99721,188"
2019-06-28 14:54:00.000000000,LAST_TRADE,"1,$99721.0000"
2019-06-28 14:54:00.000000000,QUERY_SPREAD,96
2019-06-28 14:54:00.000000000,BEST_BID,"JPM,99458,286"
2019-06-28 14:54:00.000000000,BEST_ASK,"JPM,99721,184"
2019-06-28 14:54:00.000000000,LAST_TRADE,"4,$99721.0000"
2019-06-28 14:54:00.000000000,QUERY_SPREAD,97
2019-06-28 14:54:00.000000000,BEST_BID,"JPM,99458,286"
2019-06-28 14:54:00.000000000,BEST_ASK,"JPM,99721,181"
2019-06-28 14:54:00.000000000,LAST_TRADE,"3,$99721.0000"
2019-06-28 14:54:00.000000000,QUERY_SPREAD,98
2019-06-28 14:54:00.000000000,BEST_BID,"JPM,99458,286"
2019-06-28 14:54:00.000000000,BEST_ASK,"JPM,99721,176"
2019-06-28 14:54:00.000000000,LAST_TRADE,"5,$99721.0000"
2019-06-28 14:54:00.000000000,QUERY_SPREAD,99
2019-06-28 14:54:00.000000000,BEST_BID,"JPM,99458,286"
2019-06-28 14:54:00.000000000,BEST_ASK,"JPM,99721,172"
2019-06-28 14:54:00.000000000,LAST_TRADE,"4,$99721.0000"
2019-06-28 14:54:00.000000000,QUERY_SPREAD,100
2019-06-28 14:54:00.000000000,BEST_BID,"JPM,99458,286"
2019-06-28 14:54:00.000000000,BEST_ASK,"JPM,99721,167"
2019-06-28 14:54:00.000000000,LAST_TRADE,"5,$99721.0000"
2019-06-28 14:54:00.000000000,QUERY_SPREAD,101
2019-06-28 14:54:00.000000000,BEST_BID,"JPM,99458,286"
2019-06-28 14:54:00.000000000,BEST_ASK,"JPM,99721,166"
2019-06-28 14:54:00.000000000,LAST_TRADE,"1,$99721.0000"
2019-06-28 14:54:01.834591960,QUERY_SPREAD,24
2019-06-28 14:54:01.834591960,BEST_BID,"JPM,99458,286"
2019-06-28 14:54:01.834591960,BEST_ASK,"JPM,99721,166"
2019-06-28 14:54:10.000000000,QUERY_SPREAD,1
2019-06-28 14:54:10.000000000,BEST_BID,"JPM,99458,193"
2019-06-28 14:54:10.000000000,BEST_ASK,"JPM,99771,100"
2019-06-28 14:54:10.000000000,BEST_BID,"JPM,99458,193"
2019-06-28 14:54:10.000000000,BEST_ASK,"JPM,99771,100"
2019-06-28 14:54:10.000000000,BEST_BID,"JPM,99458,193"
2019-06-28 14:54:10.000000000,BEST_ASK,"JPM,99771,100"
2019-06-28 14:54:10.000000000,BEST_BID,"JPM,99458,193"
2019-06-28 14:54:10.000000000,BEST_ASK,"JPM,99771,100"
2019-06-28 14:54:10.000000000,BEST_BID,"JPM,99458,193"
2019-06-28 14:54:10.000000000,BEST_ASK,"JPM,99771,193"
2019-06-28 14:54:10.000000000,BEST_BID,"JPM,99458,193"
2019-06-28 14:54:10.000000000,BEST_ASK,"JPM,99771,193"
2019-06-28 14:54:10.000000000,BEST_BID,"JPM,99458,193"
2019-06-28 14:54:10.000000000,BEST_ASK,"JPM,99771,193"
2019-06-28 14:54:10.000000000,BEST_BID,"JPM,99458,193"
2019-06-28 14:54:10.000000000,BEST_ASK,"JPM,99771,193"
2019-06-28 14:54:20.000000000,QUERY_SPREAD,1
2019-06-28 14:54:20.000000000,BEST_BID,"JPM,99458,286"
2019-06-28 14:54:20.000000000,BEST_ASK,"JPM,99771,100"
2019-06-28 14:54:20.000000000,BEST_BID,"JPM,99458,286"
2019-06-28 14:54:20.000000000,BEST_ASK,"JPM,99771,100"
2019-06-28 14:54:20.000000000,BEST_BID,"JPM,99458,286"
2019-06-28 14:54:20.000000000,BEST_ASK,"JPM,99771,286"
2019-06-28 14:54:20.000000000,BEST_BID,"JPM,99458,286"
2019-06-28 14:54:20.000000000,BEST_ASK,"JPM,99771,286"
2019-06-28 14:54:30.000000000,QUERY_SPREAD,1
2019-06-28 14:54:30.000000000,BEST_BID,"JPM,99458,226"
2019-06-28 14:54:30.000000000,BEST_ASK,"JPM,99771,100"
2019-06-28 14:54:30.000000000,BEST_BID,"JPM,99458,226"
2019-06-28 14:54:30.000000000,BEST_ASK,"JPM,99771,100"
2019-06-28 14:54:30.000000000,BEST_BID,"JPM,99458,226"
2019-06-28 14:54:30.000000000,BEST_ASK,"JPM,99771,100"
2019-06-28 14:54:30.000000000,BEST_BID,"JPM,99458,226"
2019-06-28 14:54:30.000000000,BEST_ASK,"JPM,99771,226"
2019-06-28 14:54:30.000000000,BEST_BID,"JPM,99458,226"
2019-06-28 14:54:30.000000000,BEST_ASK,"JPM,99771,226"
2019-06-28 14:54:30.000000000,BEST_BID,"JPM,99458,226"
2019-06-28 14:54:30.000000000,BEST_ASK,"JPM,99771,226"
2019-06-28 14:54:40.000000000,QUERY_SPREAD,1
2019-06-28 14:54:40.000000000,BEST_BID,"JPM,99458,226"
2019-06-28 14:54:40.000000000,BEST_ASK,"JPM,99771,100"
2019-06-28 14:54:40.000000000,BEST_BID,"JPM,99458,226"
2019-06-28 14:54:40.000000000,BEST_ASK,"JPM,99771,100"
2019-06-28 14:54:40.000000000,BEST_BID,"JPM,99458,226"
2019-06-28 14:54:40.000000000,BEST_ASK,"JPM,99771,100"
2019-06-28 14:54:40.000000000,BEST_BID,"JPM,99458,226"
2019-06-28 14:54:40.000000000,BEST_ASK,"JPM,99771,226"
2019-06-28 14:54:40.000000000,BEST_BID,"JPM,99458,226"
2019-06-28 14:54:40.000000000,BEST_ASK,"JPM,99771,226"
2019-06-28 14:54:40.000000000,BEST_BID,"JPM,99458,226"
2019-06-28 14:54:40.000000000,BEST_ASK,"JPM,99771,226"
2019-06-28 14:54:50.000000000,QUERY_SPREAD,1
2019-06-28 14:54:50.000000000,BEST_BID,"JPM,99458,193"
2019-06-28 14:54:50.000000000,BEST_ASK,"JPM,99771,100"
2019-06-28 14:54:50.000000000,BEST_BID,"JPM,99458,193"
2019-06-28 14:54:50.000000000,BEST_ASK,"JPM,99771,100"
2019-06-28 14:54:50.000000000,BEST_BID,"JPM,99458,193"
2019-06-28 14:54:50.000000000,BEST_ASK,"JPM,99771,100"
2019-06-28 14:54:50.000000000,BEST_BID,"JPM,99458,193"
2019-06-28 14:54:50.000000000,BEST_ASK,"JPM,99771,100"
2019-06-28 14:54:50.000000000,BEST_BID,"JPM,99458,193"
2019-06-28 14:54:50.000000000,BEST_ASK,"JPM,99771,193"
2019-06-28 14:54:50.000000000,BEST_BID,"JPM,99458,193"
2019-06-28 14:54:50.000000000,BEST_ASK,"JPM,99771,193"
2019-06-28 14:54:50.000000000,BEST_BID,"JPM,99458,193"
2019-06-28 14:54:50.000000000,BEST_ASK,"JPM,99771,193"
2019-06-28 14:54:50.000000000,BEST_BID,"JPM,99458,193"
2019-06-28 14:54:50.000000000,BEST_ASK,"JPM,99771,193"
2019-06-28 14:55:00.000000000,QUERY_SPREAD,1
2019-06-28 14:55:00.000000000,BEST_BID,"JPM,99458,193"
2019-06-28 14:55:00.000000000,BEST_ASK,"JPM,99771,100"
2019-06-28 14:55:00.000000000,BEST_BID,"JPM,99458,193"
2019-06-28 14:55:00.000000000,BEST_ASK,"JPM,99771,100"
2019-06-28 14:55:00.000000000,BEST_BID,"JPM,99458,193"
2019-06-28 14:55:00.000000000,BEST_ASK,"JPM,99771,100"
2019-06-28 14:55:00.000000000,BEST_BID,"JPM,99458,193"
2019-06-28 14:55:00.000000000,BEST_ASK,"JPM,99771,100"
2019-06-28 14:55:00.000000000,BEST_BID,"JPM,99458,193"
2019-06-28 14:55:00.000000000,BEST_ASK,"JPM,99771,193"
2019-06-28 14:55:00.000000000,BEST_BID,"JPM,99458,193"
2019-06-28 14:55:00.000000000,BEST_ASK,"JPM,99771,193"
2019-06-28 14:55:00.000000000,BEST_BID,"JPM,99458,193"
2019-06-28 14:55:00.000000000,BEST_ASK,"JPM,99771,193"
2019-06-28 14:55:00.000000000,BEST_BID,"JPM,99458,193"
2019-06-28 14:55:00.000000000,BEST_ASK,"JPM,99771,193"
2019-06-28 14:55:00.000000000,QUERY_SPREAD,77
2019-06-28 14:55:00.000000000,BEST_BID,"JPM,99458,193"
2019-06-28 14:55:00.000000000,BEST_ASK,"JPM,99771,188"
2019-06-28 14:55:00.000000000,LAST_TRADE,"5,$99771.0000"
2019-06-28 14:55:00.000000000,QUERY_SPREAD,78
2019-06-28 14:55:00.000000000,BEST_BID,"JPM,99458,193"
2019-06-28 14:55:00.000000000,BEST_ASK,"JPM,99771,180"
2019-06-28 14:55:00.000000000,LAST_TRADE,"8,$99771.0000"
2019-06-28 14:55:00.000000000,QUERY_SPREAD,79
2019-06-28 14:55:00.000000000,BEST_BID,"JPM,99458,193"
2019-06-28 14:55:00.000000000,BEST_ASK,"JPM,99771,175"
2019-06-28 14:55:00.000000000,LAST_TRADE,"5,$99771.0000"
2019-06-28 14:55:00.000000000,QUERY_SPREAD,80
2019-06-28 14:55:00.000000000,BEST_BID,"JPM,99458,193"
2019-06-28 14:55:00.000000000,BEST_ASK,"JPM,99771,167"
2019-06-28 14:55:00.000000000,LAST_TRADE,"8,$99771.0000"
2019-06-28 14:55:00.000000000,QUERY_SPREAD,81
2019-06-28 14:55:00.000000000,BEST_BID,"JPM,99458,193"
2019-06-28 14:55:00.000000000,BEST_ASK,"JPM,99771,158"
2019-06-28 14:55:00.000000000,LAST_TRADE,"9,$99771.0000"
2019-06-28 14:55:00.000000000,QUERY_SPREAD,82
2019-06-28 14:55:00.000000000,BEST_BID,"JPM,99458,193"
2019-06-28 14:55:00.000000000,BEST_ASK,"JPM,99771,155"
2019-06-28 14:55:00.000000000,LAST_TRADE,"3,$99771.0000"
2019-06-28 14:55:00.000000000,QUERY_SPREAD,83
2019-06-28 14:55:00.000000000,BEST_BID,"JPM,99458,193"
2019-06-28 14:55:00.000000000,BEST_ASK,"JPM,99771,147"
2019-06-28 14:55:00.000000000,LAST_TRADE,"8,$99771.0000"
2019-06-28 14:55:00.000000000,QUERY_SPREAD,84
2019-06-28 14:55:00.000000000,BEST_BID,"JPM,99458,193"
2019-06-28 14:55:00.000000000,BEST_ASK,"JPM,99771,143"
2019-06-28 14:55:00.000000000,LAST_TRADE,"4,$99771.0000"
2019-06-28 14:55:00.000000000,QUERY_SPREAD,85
2019-06-28 14:55:00.000000000,BEST_BID,"JPM,99458,193"
2019-06-28 14:55:00.000000000,BEST_ASK,"JPM,99771,138"
2019-06-28 14:55:00.000000000,LAST_TRADE,"5,$99771.0000"
2019-06-28 14:55:00.000000000,QUERY_SPREAD,86
2019-06-28 14:55:00.000000000,BEST_BID,"JPM,99458,193"
2019-06-28 14:55:00.000000000,BEST_ASK,"JPM,99771,136"
2019-06-28 14:55:00.000000000,LAST_TRADE,"2,$99771.0000"
2019-06-28 14:55:00.000000000,QUERY_SPREAD,87
2019-06-28 14:55:00.000000000,BEST_BID,"JPM,99458,193"
2019-06-28 14:55:00.000000000,BEST_ASK,"JPM,99771,129"
2019-06-28 14:55:00.000000000,LAST_TRADE,"7,$99771.0000"
2019-06-28 14:55:00.000000000,QUERY_SPREAD,88
2019-06-28 14:55:00.000000000,BEST_BID,"JPM,99458,193"
2019-06-28 14:55:00.000000000,BEST_ASK,"JPM,99771,121"
2019-06-28 14:55:00.000000000,LAST_TRADE,"8,$99771.0000"
2019-06-28 14:55:00.000000000,QUERY_SPREAD,89
2019-06-28 14:55:00.000000000,BEST_BID,"JPM,99458,193"
2019-06-28 14:55:00.000000000,BEST_ASK,"JPM,99771,116"
2019-06-28 14:55:00.000000000,LAST_TRADE,"5,$99771.0000"
2019-06-28 14:55:00.000000000,QUERY_SPREAD,90
2019-06-28 14:55:00.000000000,BEST_BID,"JPM,99458,193"
2019-06-28 14:55:00.000000000,BEST_ASK,"JPM,99771,112"
2019-06-28 14:55:00.000000000,LAST_TRADE,"4,$99771.0000"
2019-06-28 14:55:00.000000000,QUERY_SPREAD,91
2019-06-28 14:55:00.000000000,BEST_BID,"JPM,99458,193"
2019-06-28 14:55:00.000000000,BEST_ASK,"JPM,99771,109"
2019-06-28 14:55:00.000000000,LAST_TRADE,"3,$99771.0000"
2019-06-28 14:55:00.000000000,QUERY_SPREAD,92
2019-06-28 14:55:00.000000000,BEST_BID,"JPM,99458,193"
2019-06-28 14:55:00.000000000,BEST_ASK,"JPM,99771,104"
2019-06-28 14:55:00.000000000,LAST_TRADE,"5,$99771.0000"
2019-06-28 14:55:00.000000000,QUERY_SPREAD,93
2019-06-28 14:55:00.000000000,BEST_BID,"JPM,99458,193"
2019-06-28 14:55:00.000000000,BEST_ASK,"JPM,99771,97"
2019-06-28 14:55:00.000000000,LAST_TRADE,"7,$99771.0000"
2019-06-28 14:55:00.000000000,QUERY_SPREAD,94
2019-06-28 14:55:00.000000000,BEST_BID,"JPM,99458,193"
2019-06-28 14:55:00.000000000,BEST_ASK,"JPM,99771,96"
2019-06-28 14:55:00.000000000,LAST_TRADE,"1,$99771.0000"
2019-06-28 14:55:00.000000000,QUERY_SPREAD,95
2019-06-28 14:55:00.000000000,BEST_BID,"JPM,99458,193"
2019-06-28 14:55:00.000000000,BEST_ASK,"JPM,99771,95"
2019-06-28 14:55:00.000000000,LAST_TRADE,"1,$99771.0000"
2019-06-28 14:55:00.000000000,QUERY_SPREAD,96
2019-06-28 14:55:00.000000000,BEST_BID,"JPM,99458,193"
2019-06-28 14:55:00.000000000,BEST_ASK,"JPM,99771,91"
2019-06-28 14:55:00.000000000,LAST_TRADE,"4,$99771.0000"
2019-06-28 14:55:00.000000000,QUERY_SPREAD,97
2019-06-28 14:55:00.000000000,BEST_BID,"JPM,99458,193"
2019-06-28 14:55:00.000000000,BEST_ASK,"JPM,99771,88"
2019-06-28 14:55:00.000000000,LAST_TRADE,"3,$99771.0000"
2019-06-28 14:55:00.000000000,QUERY_SPREAD,98
2019-06-28 14:55:00.000000000,BEST_BID,"JPM,99458,193"
2019-06-28 14:55:00.000000000,BEST_ASK,"JPM,99771,83"
2019-06-28 14:55:00.000000000,LAST_TRADE,"5,$99771.0000"
2019-06-28 14:55:00.000000000,QUERY_SPREAD,99
2019-06-28 14:55:00.000000000,BEST_BID,"JPM,99458,193"
2019-06-28 14:55:00.000000000,BEST_ASK,"JPM,99771,79"
2019-06-28 14:55:00.000000000,LAST_TRADE,"4,$99771.0000"
2019-06-28 14:55:00.000000000,QUERY_SPREAD,100
2019-06-28 14:55:00.000000000,BEST_BID,"JPM,99458,193"
2019-06-28 14:55:00.000000000,BEST_ASK,"JPM,99771,74"
2019-06-28 14:55:00.000000000,LAST_TRADE,"5,$99771.0000"
2019-06-28 14:55:00.000000000,QUERY_SPREAD,101
2019-06-28 14:55:00.000000000,BEST_BID,"JPM,99458,193"
2019-06-28 14:55:00.000000000,BEST_ASK,"JPM,99771,73"
2019-06-28 14:55:00.000000000,LAST_TRADE,"1,$99771.0000"
2019-06-28 14:55:10.000000000,QUERY_SPREAD,1
2019-06-28 14:55:10.000000000,BEST_BID,"JPM,99458,286"
2019-06-28 14:55:10.000000000,BEST_ASK,"JPM,99930,100"
2019-06-28 14:55:10.000000000,BEST_BID,"JPM,99458,286"
2019-06-28 14:55:10.000000000,BEST_ASK,"JPM,99930,100"
2019-06-28 14:55:10.000000000,BEST_BID,"JPM,99458,286"
2019-06-28 14:55:10.000000000,BEST_ASK,"JPM,99930,286"
2019-06-28 14:55:10.000000000,BEST_BID,"JPM,99458,286"
2019-06-28 14:55:10.000000000,BEST_ASK,"JPM,99930,286"
2019-06-28 14:55:17.325839883,QUERY_SPREAD,29
2019-06-28 14:55:17.325839883,BEST_BID,"JPM,99458,286"
2019-06-28 14:55:17.325839883,BEST_ASK,"JPM,99870,100"
2019-06-28 14:55:20.000000000,QUERY_SPREAD,1
2019-06-28 14:55:20.000000000,BEST_BID,"JPM,99458,471"
2019-06-28 14:55:20.000000000,BEST_ASK,"JPM,99870,100"
2019-06-28 14:55:20.000000000,BEST_BID,"JPM,99458,471"
2019-06-28 14:55:20.000000000,BEST_ASK,"JPM,99870,471"
2019-06-28 14:55:22.228715172,QUERY_SPREAD,29
2019-06-28 14:55:22.228715172,BEST_BID,"JPM,99458,471"
2019-06-28 14:55:22.228715172,BEST_ASK,"JPM,99633,100"
2019-06-28 14:55:30.000000000,QUERY_SPREAD,1
2019-06-28 14:55:30.000000000,BEST_BID,"JPM,99458,193"
2019-06-28 14:55:30.000000000,BEST_ASK,"JPM,99633,100"
2019-06-28 14:55:30.000000000,BEST_BID,"JPM,99458,193"
2019-06-28 14:55:30.000000000,BEST_ASK,"JPM,99633,100"
2019-06-28 14:55:30.000000000,BEST_BID,"JPM,99458,193"
2019-06-28 14:55:30.000000000,BEST_ASK,"JPM,99633,100"
2019-06-28 14:55:30.000000000,BEST_BID,"JPM,99458,193"
2019-06-28 14:55:30.000000000,BEST_ASK,"JPM,99633,100"
2019-06-28 14:55:30.000000000,BEST_BID,"JPM,99458,193"
2019-06-28 14:55:30.000000000,BEST_ASK,"JPM,99633,193"
2019-06-28 14:55:30.000000000,BEST_BID,"JPM,99458,193"
2019-06-28 14:55:30.000000000,BEST_ASK,"JPM,99633,193"
2019-06-28 14:55:30.000000000,BEST_BID,"JPM,99458,193"
2019-06-28 14:55:30.000000000,BEST_ASK,"JPM,99633,193"
2019-06-28 14:55:30.000000000,BEST_BID,"JPM,99458,193"
2019-06-28 14:55:30.000000000,BEST_ASK,"JPM,99633,193"
2019-06-28 14:55:31.658315501,QUERY_SPREAD,3
2019-06-28 14:55:31.658315501,BEST_BID,"JPM,99458,193"
2019-06-28 14:55:31.658315501,BEST_ASK,"JPM,99633,193"
2019-06-28 14:55:31.744691283,QUERY_SPREAD,47
2019-06-28 14:55:31.744691283,BEST_BID,"JPM,99458,193"
2019-06-28 14:55:31.744691283,BEST_ASK,"JPM,99633,193"
2019-06-28 14:55:40.000000000,QUERY_SPREAD,1
2019-06-28 14:55:40.000000000,BEST_BID,"JPM,99458,193"
2019-06-28 14:55:40.000000000,BEST_ASK,"JPM,99633,100"
2019-06-28 14:55:40.000000000,BEST_BID,"JPM,99458,193"
2019-06-28 14:55:40.000000000,BEST_ASK,"JPM,99633,100"
2019-06-28 14:55:40.000000000,BEST_BID,"JPM,99458,193"
2019-06-28 14:55:40.000000000,BEST_ASK,"JPM,99633,100"
2019-06-28 14:55:40.000000000,BEST_BID,"JPM,99458,193"
2019-06-28 14:55:40.000000000,BEST_ASK,"JPM,99633,100"
2019-06-28 14:55:40.000000000,BEST_BID,"JPM,99458,193"
2019-06-28 14:55:40.000000000,BEST_ASK,"JPM,99633,193"
2019-06-28 14:55:40.000000000,BEST_BID,"JPM,99458,193"
2019-06-28 14:55:40.000000000,BEST_ASK,"JPM,99633,193"
2019-06-28 14:55:40.000000000,BEST_BID,"JPM,99458,193"
2019-06-28 14:55:40.000000000,BEST_ASK,"JPM,99633,193"
2019-06-28 14:55:40.000000000,BEST_BID,"JPM,99458,193"
2019-06-28 14:55:40.000000000,BEST_ASK,"JPM,99633,193"
2019-06-28 14:55:40.466580715,QUERY_ORDER_STREAM,66
2019-06-28 14:55:40.466580715,QUERY_SPREAD,66
2019-06-28 14:55:50.000000000,QUERY_SPREAD,1
2019-06-28 14:55:50.000000000,BEST_BID,"JPM,99458,226"
2019-06-28 14:55:50.000000000,BEST_ASK,"JPM,99633,100"
2019-06-28 14:55:50.000000000,BEST_BID,"JPM,99458,226"
2019-06-28 14:55:50.000000000,BEST_ASK,"JPM,99633,100"
2019-06-28 14:55:50.000000000,BEST_BID,"JPM,99458,226"
2019-06-28 14:55:50.000000000,BEST_ASK,"JPM,99633,100"
2019-06-28 14:55:50.000000000,BEST_BID,"JPM,99458,226"
2019-06-28 14:55:50.000000000,BEST_ASK,"JPM,99633,226"
2019-06-28 14:55:50.000000000,BEST_BID,"JPM,99458,226"
2019-06-28 14:55:50.000000000,BEST_ASK,"JPM,99633,226"
2019-06-28 14:55:50.000000000,BEST_BID,"JPM,99458,226"
2019-06-28 14:55:50.000000000,BEST_ASK,"JPM,99633,226"
2019-06-28 14:56:00.000000000,QUERY_SPREAD,1
2019-06-28 14:56:00.000000000,BEST_BID,"JPM,99458,226"
2019-06-28 14:56:00.000000000,BEST_ASK,"JPM,99633,100"
2019-06-28 14:56:00.000000000,BEST_BID,"JPM,99458,226"
2019-06-28 14:56:00.000000000,BEST_ASK,"JPM,99633,100"
2019-06-28 14:56:00.000000000,BEST_BID,"JPM,99458,226"
2019-06-28 14:56:00.000000000,BEST_ASK,"JPM,99633,100"
2019-06-28 14:56:00.000000000,BEST_BID,"JPM,99458,226"
2019-06-28 14:56:00.000000000,BEST_ASK,"JPM,99633,226"
2019-06-28 14:56:00.000000000,BEST_BID,"JPM,99458,226"
2019-06-28 14:56:00.000000000,BEST_ASK,"JPM,99633,226"
2019-06-28 14:56:00.000000000,BEST_BID,"JPM,99458,226"
2019-06-28 14:56:00.000000000,BEST_ASK,"JPM,99633,226"
2019-06-28 14:56:00.000000000,QUERY_SPREAD,77
2019-06-28 14:56:00.000000000,BEST_BID,"JPM,99458,226"
2019-06-28 14:56:00.000000000,BEST_ASK,"JPM,99633,221"
2019-06-28 14:56:00.000000000,LAST_TRADE,"5,$99633.0000"
2019-06-28 14:56:00.000000000,QUERY_SPREAD,78
2019-06-28 14:56:00.000000000,BEST_BID,"JPM,99458,226"
2019-06-28 14:56:00.000000000,BEST_ASK,"JPM,99633,213"
2019-06-28 14:56:00.000000000,LAST_TRADE,"8,$99633.0000"
2019-06-28 14:56:00.000000000,QUERY_SPREAD,79
2019-06-28 14:56:00.000000000,BEST_BID,"JPM,99458,226"
2019-06-28 14:56:00.000000000,BEST_ASK,"JPM,99633,208"
2019-06-28 14:56:00.000000000,LAST_TRADE,"5,$99633.0000"
2019-06-28 14:56:00.000000000,QUERY_SPREAD,80
2019-06-28 14:56:00.000000000,BEST_BID,"JPM,99458,226"
2019-06-28 14:56:00.000000000,BEST_ASK,"JPM,99633,200"
2019-06-28 14:56:00.000000000,LAST_TRADE,"8,$99633.0000"
2019-06-28 14:56:00.000000000,QUERY_SPREAD,81
2019-06-28 14:56:00.000000000,BEST_BID,"JPM,99458,226"
2019-06-28 14:56:00.000000000,BEST_ASK,"JPM,99633,191"
2019-06-28 14:56:00.000000000,LAST_TRADE,"9,$99633.0000"
2019-06-28 14:56:00.000000000,QUERY_SPREAD,82
2019-06-28 14:56:00.000000000,BEST_BID,"JPM,99458,226"
2019-06-28 14:56:00.000000000,BEST_ASK,"JPM,99633,188"
2019-06-28 14:56:00.000000000,LAST_TRADE,"3,$99633.0000"
2019-06-28 14:56:00.000000000,QUERY_SPREAD,83
2019-06-28 14:56:00.000000000,BEST_BID,"JPM,99458,226"
2019-06-28 14:56:00.000000000,BEST_ASK,"JPM,99633,180"
2019-06-28 14:56:00.000000000,LAST_TRADE,"8,$99633.0000"
2019-06-28 14:56:00.000000000,QUERY_SPREAD,84
2019-06-28 14:56:00.000000000,BEST_BID,"JPM,99458,226"
2019-06-28 14:56:00.000000000,BEST_ASK,"JPM,99633,176"
2019-06-28 14:56:00.000000000,LAST_TRADE,"4,$99633.0000"
2019-06-28 14:56:00.000000000,QUERY_SPREAD,85
2019-06-28 14:56:00.000000000,BEST_BID,"JPM,99458,226"
2019-06-28 14:56:00.000000000,BEST_ASK,"JPM,99633,171"
2019-06-28 14:56:00.000000000,LAST_TRADE,"5,$99633.0000"
2019-06-28 14:56:00.000000000,QUERY_SPREAD,86
2019-06-28 14:56:00.000000000,BEST_BID,"JPM,99458,226"
2019-06-28 14:56:00.000000000,BEST_ASK,"JPM,99633,169"
2019-06-28 14:56:00.000000000,LAST_TRADE,"2,$99633.0000"
2019-06-28 14:56:00.000000000,QUERY_SPREAD,87
2019-06-28 14:56:00.000000000,BEST_BID,"JPM,99458,226"
2019-06-28 14:56:00.000000000,BEST_ASK,"JPM,99633,162"
2019-06-28 14:56:00.000000000,LAST_TRADE,"7,$99633.0000"
2019-06-28 14:56:00.000000000,QUERY_SPREAD,88
2019-06-28 14:56:00.000000000,BEST_BID,"JPM,99458,226"
2019-06-28 14:56:00.000000000,BEST_ASK,"JPM,99633,154"
2019-06-28 14:56:00.000000000,LAST_TRADE,"8,$99633.0000"
2019-06-28 14:56:00.000000000,QUERY_SPREAD,89
2019-06-28 14:56:00.000000000,BEST_BID,"JPM,99458,226"
2019-06-28 14:56:00.000000000,BEST_ASK,"JPM,99633,149"
2019-06-28 14:56:00.000000000,LAST_TRADE,"5,$99633.0000"
2019-06-28 14:56:00.000000000,QUERY_SPREAD,90
2019-06-28 14:56:00.000000000,BEST_BID,"JPM,99458,226"
2019-06-28 14:56:00.000000000,BEST_ASK,"JPM,99633,145"
2019-06-28 14:56:00.000000000,LAST_TRADE,"4,$99633.0000"
2019-06-28 14:56:00.000000000,QUERY_SPREAD,91
2019-06-28 14:56:00.000000000,BEST_BID,"JPM,99458,226"
2019-06-28 14:56:00.000000000,BEST_ASK,"JPM,99633,142"
2019-06-28 14:56:00.000000000,LAST_TRADE,"3,$99633.0000"
2019-06-28 14:56:00.000000000,QUERY_SPREAD,92
2019-06-28 14:56:00.000000000,BEST_BID,"JPM,99458,226"
2019-06-28 14:56:00.000000000,BEST_ASK,"JPM,99633,137"
2019-06-28 14:56:00.000000000,LAST_TRADE,"5,$99633.0000"
2019-06-28 14:56:00.000000000,QUERY_SPREAD,93
2019-06-28 14:56:00.000000000,BEST_BID,"JPM,99458,226"
2019-06-28 14:56:00.000000000,BEST_ASK,"JPM,99633,130"
2019-06-28 14:56:00.000000000,LAST_TRADE,"7,$99633.0000"
2019-06-28 14:56:00.000000000,QUERY_SPREAD,94
2019-06-28 14:56:00.000000000,BEST_BID,"JPM,99458,226"
2019-06-28 14:56:00.000000000,BEST_ASK,"JPM,99633,129"
2019-06-28 14:56:00.000000000,LAST_TRADE,"1,$99633.0000"
2019-06-28 14:56:00.000000000,QUERY_SPREAD,95
2019-06-28 14:56:00.000000000,BEST_BID,"JPM,99458,226"
2019-06-28 14:56:00.000000000,BEST_ASK,"JPM,99633,128"
2019-06-28 14:56:00.000000000,LAST_TRADE,"1,$99633.0000"
2019-06-28 14:56:00.000000000,QUERY_SPREAD,96
2019-06-28 14:56:00.000000000,BEST_BID,"JPM,99458,226"
2019-06-28 14:56:00.000000000,BEST_ASK,"JPM,99633,124"
2019-06-28 14:56:00.000000000,LAST_TRADE,"4,$99633.0000"
2019-06-28 14:56:00.000000000,QUERY_SPREAD,97
2019-06-28 14:56:00.000000000,BEST_BID,"JPM,99458,226"
2019-06-28 14:56:00.000000000,BEST_ASK,"JPM,99633,121"
2019-06-28 14:56:00.000000000,LAST_TRADE,"3,$99633.0000"
2019-06-28 14:56:00.000000000,QUERY_SPREAD,98
2019-06-28 14:56:00.000000000,BEST_BID,"JPM,99458,226"
2019-06-28 14:56:00.000000000,BEST_ASK,"JPM,99633,116"
2019-06-28 14:56:00.000000000,LAST_TRADE,"5,$99633.0000"
2019-06-28 14:56:00.000000000,QUERY_SPREAD,99
2019-06-28 14:56:00.000000000,BEST_BID,"JPM,99458,226"
2019-06-28 14:56:00.000000000,BEST_ASK,"JPM,99633,112"
2019-06-28 14:56:00.000000000,LAST_TRADE,"4,$99633.0000"
2019-06-28 14:56:00.000000000,QUERY_SPREAD,100
2019-06-28 14:56:00.000000000,BEST_BID,"JPM,99458,226"
2019-06-28 14:56:00.000000000,BEST_ASK,"JPM,99633,107"
2019-06-28 14:56:00.000000000,LAST_TRADE,"5,$99633.0000"
2019-06-28 14:56:00.000000000,QUERY_SPREAD,101
2019-06-28 14:56:00.000000000,BEST_BID,"JPM,99458,226"
2019-06-28 14:56:00.000000000,BEST_ASK,"JPM,99633,106"
2019-06-28 14:56:00.000000000,LAST_TRADE,"1,$99633.0000"
2019-06-28 14:56:10.000000000,QUERY_SPREAD,1
2019-06-28 14:56:10.000000000,BEST_BID,"JPM,99458,286"
2019-06-28 14:56:10.000000000,BEST_ASK,"JPM,99826,100"
2019-06-28 14:56:10.000000000,BEST_BID,"JPM,99458,286"
2019-06-28 14:56:10.000000000,BEST_ASK,"JPM,99826,100"
2019-06-28 14:56:10.000000000,BEST_BID,"JPM,99458,286"
2019-06-28 14:56:10.000000000,BEST_ASK,"JPM,99826,286"
2019-06-28 14:56:10.000000000,BEST_BID,"JPM,99458,286"
2019-06-28 14:56:10.000000000,BEST_ASK,"JPM,99826,286"
2019-06-28 14:56:14.255306811,QUERY_SPREAD,10
2019-06-28 14:56:14.255306811,BEST_BID,"JPM,99458,286"
2019-06-28 14:56:14.255306811,BEST_ASK,"JPM,99826,186"
2019-06-28 14:56:14.255306811,LAST_TRADE,"100,$99826.0000"
2019-06-28 14:56:14.560777014,QUERY_SPREAD,29
2019-06-28 14:56:14.560777014,BEST_BID,"JPM,99458,286"
2019-06-28 14:56:14.560777014,BEST_ASK,"JPM,99826,86"
2019-06-28 14:56:14.560777014,LAST_TRADE,"100,$99826.0000"
2019-06-28 14:56:14.846888026,QUERY_ORDER_STREAM,76
2019-06-28 14:56:14.846888026,QUERY_SPREAD,76
2019-06-28 14:56:20.000000000,QUERY_SPREAD,1
2019-06-28 14:56:20.000000000,BEST_BID,"JPM,99458,286"
2019-06-28 14:56:20.000000000,BEST_ASK,"JPM,99930,100"
2019-06-28 14:56:20.000000000,BEST_BID,"JPM,99458,286"
2019-06-28 14:56:20.000000000,BEST_ASK,"JPM,99930,100"
2019-06-28 14:56:20.000000000,BEST_BID,"JPM,99458,286"
2019-06-28 14:56:20.000000000,BEST_ASK,"JPM,99930,286"
2019-06-28 14:56:20.000000000,BEST_BID,"JPM,99458,286"
2019-06-28 14:56:20.000000000,BEST_ASK,"JPM,99930,286"
2019-06-28 14:56:30.000000000,QUERY_SPREAD,1
2019-06-28 14:56:30.000000000,BEST_BID,"JPM,99458,193"
2019-06-28 14:56:30.000000000,BEST_ASK,"JPM,99930,100"
2019-06-28 14:56:30.000000000,BEST_BID,"JPM,99458,193"
2019-06-28 14:56:30.000000000,BEST_ASK,"JPM,99930,100"
2019-06-28 14:56:30.000000000,BEST_BID,"JPM,99458,193"
2019-06-28 14:56:30.000000000,BEST_ASK,"JPM,99930,100"
2019-06-28 14:56:30.000000000,BEST_BID,"JPM,99458,193"
2019-06-28 14:56:30.000000000,BEST_ASK,"JPM,99930,100"
2019-06-28 14:56:30.000000000,BEST_BID,"JPM,99458,193"
2019-06-28 14:56:30.000000000,BEST_ASK,"JPM,99930,193"
2019-06-28 14:56:30.000000000,BEST_BID,"JPM,99458,193"
2019-06-28 14:56:30.000000000,BEST_ASK,"JPM,99930,193"
2019-06-28 14:56:30.000000000,BEST_BID,"JPM,99458,193"
2019-06-28 14:56:30.000000000,BEST_ASK,"JPM,99930,193"
2019-06-28 14:56:30.000000000,BEST_BID,"JPM,99458,193"
2019-06-28 14:56:30.000000000,BEST_ASK,"JPM,99930,193"
2019-06-28 14:56:40.000000000,QUERY_SPREAD,1
2019-06-28 14:56:40.000000000,BEST_BID,"JPM,99458,193"
2019-06-28 14:56:40.000000000,BEST_ASK,"JPM,99930,100"
2019-06-28 14:56:40.000000000,BEST_BID,"JPM,99458,193"
2019-06-28 14:56:40.000000000,BEST_ASK,"JPM,99930,100"
2019-06-28 14:56:40.000000000,BEST_BID,"JPM,99458,193"
2019-06-28 14:56:40.000000000,BEST_ASK,"JPM,99930,100"
2019-06-28 14:56:40.000000000,BEST_BID,"JPM,99458,193"
2019-06-28 14:56:40.000000000,BEST_ASK,"JPM,99930,100"
2019-06-28 14:56:40.000000000,BEST_BID,"JPM,99458,193"
2019-06-28 14:56:40.000000000,BEST_ASK,"JPM,99930,193"
2019-06-28 14:56:40.000000000,BEST_BID,"JPM,99458,193"
2019-06-28 14:56:40.000000000,BEST_ASK,"JPM,99930,193"
2019-06-28 14:56:40.000000000,BEST_BID,"JPM,99458,193"
2019-06-28 14:56:40.000000000,BEST_ASK,"JPM,99930,193"
2019-06-28 14:56:40.000000000,BEST_BID,"JPM,99458,193"
2019-06-28 14:56:40.000000000,BEST_ASK,"JPM,99930,193"
2019-06-28 14:56:43.521052588,QUERY_SPREAD,23
2019-06-28 14:56:43.521052588,BEST_BID,"JPM,99656,100"
2019-06-28 14:56:43.521052588,BEST_ASK,"JPM,99930,193"
2019-06-28 14:56:48.731682638,QUERY_SPREAD,44
2019-06-28 14:56:48.731682638,BEST_BID,"JPM,99458,193"
2019-06-28 14:56:48.731682638,BEST_ASK,"JPM,99930,193"
2019-06-28 14:56:48.731682638,LAST_TRADE,"100,$99656.0000"
2019-06-28 14:56:50.000000000,QUERY_SPREAD,1
2019-06-28 14:56:50.000000000,BEST_BID,"JPM,99458,471"
2019-06-28 14:56:50.000000000,BEST_ASK,"JPM,99930,100"
2019-06-28 14:56:50.000000000,BEST_BID,"JPM,99458,471"
2019-06-28 14:56:50.000000000,BEST_ASK,"JPM,99930,471"
2019-06-28 14:56:55.209837792,QUERY_ORDER_STREAM,54
2019-06-28 14:56:55.209837792,QUERY_SPREAD,54
2019-06-28 14:56:55.209837792,BEST_BID,"JPM,99656,100"
2019-06-28 14:56:55.209837792,BEST_ASK,"JPM,99930,471"
2019-06-28 14:57:00.000000000,QUERY_SPREAD,1
2019-06-28 14:57:00.000000000,BEST_BID,"JPM,99656,286"
2019-06-28 14:57:00.000000000,BEST_ASK,"JPM,99930,100"
2019-06-28 14:57:00.000000000,BEST_BID,"JPM,99656,286"
2019-06-28 14:57:00.000000000,BEST_ASK,"JPM,99930,100"
2019-06-28 14:57:00.000000000,BEST_BID,"JPM,99656,286"
2019-06-28 14:57:00.000000000,BEST_ASK,"JPM,99930,286"
2019-06-28 14:57:00.000000000,BEST_BID,"JPM,99656,286"
2019-06-28 14:57:00.000000000,BEST_ASK,"JPM,99930,286"
2019-06-28 14:57:00.000000000,QUERY_SPREAD,77
2019-06-28 14:57:00.000000000,BEST_BID,"JPM,99656,286"
2019-06-28 14:57:00.000000000,BEST_ASK,"JPM,99930,281"
2019-06-28 14:57:00.000000000,LAST_TRADE,"5,$99930.0000"
2019-06-28 14:57:00.000000000,QUERY_SPREAD,78
2019-06-28 14:57:00.000000000,BEST_BID,"JPM,99656,286"
2019-06-28 14:57:00.000000000,BEST_ASK,"JPM,99930,273"
2019-06-28 14:57:00.000000000,LAST_TRADE,"8,$99930.0000"
2019-06-28 14:57:00.000000000,QUERY_SPREAD,79
2019-06-28 14:57:00.000000000,BEST_BID,"JPM,99656,286"
2019-06-28 14:57:00.000000000,BEST_ASK,"JPM,99930,268"
2019-06-28 14:57:00.000000000,LAST_TRADE,"5,$99930.0000"
2019-06-28 14:57:00.000000000,QUERY_SPREAD,80
2019-06-28 14:57:00.000000000,BEST_BID,"JPM,99656,286"
2019-06-28 14:57:00.000000000,BEST_ASK,"JPM,99930,260"
2019-06-28 14:57:00.000000000,LAST_TRADE,"8,$99930.0000"
2019-06-28 14:57:00.000000000,QUERY_SPREAD,81
2019-06-28 14:57:00.000000000,BEST_BID,"JPM,99656,286"
2019-06-28 14:57:00.000000000,BEST_ASK,"JPM,99930,251"
2019-06-28 14:57:00.000000000,LAST_TRADE,"9,$99930.0000"
2019-06-28 14:57:00.000000000,QUERY_SPREAD,82
2019-06-28 14:57:00.000000000,BEST_BID,"JPM,99656,286"
2019-06-28 14:57:00.000000000,BEST_ASK,"JPM,99930,248"
2019-06-28 14:57:00.000000000,LAST_TRADE,"3,$99930.0000"
2019-06-28 14:57:00.000000000,QUERY_SPREAD,83
2019-06-28 14:57:00.000000000,BEST_BID,"JPM,99656,286"
2019-06-28 14:57:00.000000000,BEST_ASK,"JPM,99930,240"
2019-06-28 14:57:00.000000000,LAST_TRADE,"8,$99930.0000"
2019-06-28 14:57:00.000000000,QUERY_SPREAD,84
2019-06-28 14:57:00.000000000,BEST_BID,"JPM,99656,286"
2019-06-28 14:57:00.000000000,BEST_ASK,"JPM,99930,236"
2019-06-28 14:57:00.000000000,LAST_TRADE,"4,$99930.0000"
2019-06-28 14:57:00.000000000,QUERY_SPREAD,85
2019-06-28 14:57:00.000000000,BEST_BID,"JPM,99656,286"
2019-06-28 14:57:00.000000000,BEST_ASK,"JPM,99930,231"
2019-06-28 14:57:00.000000000,LAST_TRADE,"5,$99930.0000"
2019-06-28 14:57:00.000000000,QUERY_SPREAD,86
2019-06-28 14:57:00.000000000,BEST_BID,"JPM,99656,286"
2019-06-28 14:57:00.000000000,BEST_ASK,"JPM,99930,229"
2019-06-28 14:57:00.000000000,LAST_TRADE,"2,$99930.0000"
2019-06-28 14:57:00.000000000,QUERY_SPREAD,87
2019-06-28 14:57:00.000000000,BEST_BID,"JPM,99656,286"
2019-06-28 14:57:00.000000000,BEST_ASK,"JPM,99930,222"
2019-06-28 14:57:00.000000000,LAST_TRADE,"7,$99930.0000"
2019-06-28 14:57:00.000000000,QUERY_SPREAD,88
2019-06-28 14:57:00.000000000,BEST_BID,"JPM,99656,286"
2019-06-28 14:57:00.000000000,BEST_ASK,"JPM,99930,214"
2019-06-28 14:57:00.000000000,LAST_TRADE,"8,$99930.0000"
2019-06-28 14:57:00.000000000,QUERY_SPREAD,89
2019-06-28 14:57:00.000000000,BEST_BID,"JPM,99656,286"
2019-06-28 14:57:00.000000000,BEST_ASK,"JPM,99930,209"
2019-06-28 14:57:00.000000000,LAST_TRADE,"5,$99930.0000"
2019-06-28 14:57:00.000000000,QUERY_SPREAD,90
2019-06-28 14:57:00.000000000,BEST_BID,"JPM,99656,286"
2019-06-28 14:57:00.000000000,BEST_ASK,"JPM,99930,205"
2019-06-28 14:57:00.000000000,LAST_TRADE,"4,$99930.0000"
2019-06-28 14:57:00.000000000,QUERY_SPREAD,91
2019-06-28 14:57:00.000000000,BEST_BID,"JPM,99656,286"
2019-06-28 14:57:00.000000000,BEST_ASK,"JPM,99930,202"
2019-06-28 14:57:00.000000000,LAST_TRADE,"3,$99930.0000"
2019-06-28 14:57:00.000000000,QUERY_SPREAD,92
2019-06-28 14:57:00.000000000,BEST_BID,"JPM,99656,286"
2019-06-28 14:57:00.000000000,BEST_ASK,"JPM,99930,197"
2019-06-28 14:57:00.000000000,LAST_TRADE,"5,$99930.0000"
2019-06-28 14:57:00.000000000,QUERY_SPREAD,93
2019-06-28 14:57:00.000000000,BEST_BID,"JPM,99656,286"
2019-06-28 14:57:00.000000000,BEST_ASK,"JPM,99930,190"
2019-06-28 14:57:00.000000000,LAST_TRADE,"7,$99930.0000"
2019-06-28 14:57:00.000000000,QUERY_SPREAD,94
2019-06-28 14:57:00.000000000,BEST_BID,"JPM,99656,286"
2019-06-28 14:57:00.000000000,BEST_ASK,"JPM,99930,189"
2019-06-28 14:57:00.000000000,LAST_TRADE,"1,$99930.0000"
2019-06-28 14:57:00.000000000,QUERY_SPREAD,95
2019-06-28 14:57:00.000000000,BEST_BID,"JPM,99656,286"
2019-06-28 14:57:00.000000000,BEST_ASK,"JPM,99930,188"
2019-06-28 14:57:00.000000000,LAST_TRADE,"1,$99930.0000"
2019-06-28 14:57:00.000000000,QUERY_SPREAD,96
2019-06-28 14:57:00.000000000,BEST_BID,"JPM,99656,286"
2019-06-28 14:57:00.000000000,BEST_ASK,"JPM,99930,184"
2019-06-28 14:57:00.000000000,LAST_TRADE,"4,$99930.0000"
2019-06-28 14:57:00.000000000,QUERY_SPREAD,97
2019-06-28 14:57:00.000000000,BEST_BID,"JPM,99656,286"
2019-06-28 14:57:00.000000000,BEST_ASK,"JPM,99930,181"
2019-06-28 14:57:00.000000000,LAST_TRADE,"3,$99930.0000"
2019-06-28 14:57:00.000000000,QUERY_SPREAD,98
2019-06-28 14:57:00.000000000,BEST_BID,"JPM,99656,286"
2019-06-28 14:57:00.000000000,BEST_ASK,"JPM,99930,176"
2019-06-28 14:57:00.000000000,LAST_TRADE,"5,$99930.0000"
2019-06-28 14:57:00.000000000,QUERY_SPREAD,99
2019-06-28 14:57:00.000000000,BEST_BID,"JPM,99656,286"
2019-06-28 14:57:00.000000000,BEST_ASK,"JPM,99930,172"
2019-06-28 14:57:00.000000000,LAST_TRADE,"4,$99930.0000"
2019-06-28 14:57:00.000000000,QUERY_SPREAD,100
2019-06-28 14:57:00.000000000,BEST_BID,"JPM,99656,286"
2019-06-28 14:57:00.000000000,BEST_ASK,"JPM,99930,167"
2019-06-28 14:57:00.000000000,LAST_TRADE,"5,$99930.0000"
2019-06-28 14:57:00.000000000,QUERY_SPREAD,101
2019-06-28 14:57:00.000000000,BEST_BID,"JPM,99656,286"
2019-06-28 14:57:00.000000000,BEST_ASK,"JPM,99930,166"
2019-06-28 14:57:00.000000000,LAST_TRADE,"1,$99930.0000"
2019-06-28 14:57:02.127119602,QUERY_ORDER_STREAM,57
2019-06-28 14:57:02.127119602,QUERY_SPREAD,57
2019-06-28 14:57:07.458510573,QUERY_SPREAD,2
2019-06-28 14:57:07.458510573,BEST_BID,"JPM,99656,286"
2019-06-28 14:57:07.458510573,BEST_ASK,"JPM,99930,166"
2019-06-28 14:57:10.000000000,QUERY_SPREAD,1
2019-06-28 14:57:10.000000000,BEST_BID,"JPM,99656,286"
2019-06-28 14:57:10.000000000,BEST_ASK,"JPM,100642,100"
2019-06-28 14:57:10.000000000,BEST_BID,"JPM,99656,286"
2019-06-28 14:57:10.000000000,BEST_ASK,"JPM,100642,100"
2019-06-28 14:57:10.000000000,BEST_BID,"JPM,99656,286"
2019-06-28 14:57:10.000000000,BEST_ASK,"JPM,100642,286"
2019-06-28 14:57:10.000000000,BEST_BID,"JPM,99656,286"
2019-06-28 14:57:10.000000000,BEST_ASK,"JPM,100642,286"
2019-06-28 14:57:11.772558821,QUERY_SPREAD,48
2019-06-28 14:57:11.772558821,BEST_BID,"JPM,99656,286"
2019-06-28 14:57:11.772558821,BEST_ASK,"JPM,99808,100"
2019-06-28 14:57:16.714767259,QUERY_ORDER_STREAM,70
2019-06-28 14:57:16.714767259,QUERY_SPREAD,70
2019-06-28 14:57:16.714767259,BEST_BID,"JPM,99656,286"
2019-06-28 14:57:16.714767259,BEST_ASK,"JPM,99808,100"
2019-06-28 14:57:20.000000000,QUERY_SPREAD,1
2019-06-28 14:57:20.000000000,BEST_BID,"JPM,99656,286"
2019-06-28 14:57:20.000000000,BEST_ASK,"JPM,99808,100"
2019-06-28 14:57:20.000000000,BEST_BID,"JPM,99656,286"
2019-06-28 14:57:20.000000000,BEST_ASK,"JPM,99808,100"
2019-06-28 14:57:20.000000000,BEST_BID,"JPM,99656,286"
2019-06-28 14:57:20.000000000,BEST_ASK,"JPM,99808,286"
2019-06-28 14:57:20.000000000,BEST_BID,"JPM,99656,286"
2019-06-28 14:57:20.000000000,BEST_ASK,"JPM,99808,286"
2019-06-28 14:57:28.153391825,QUERY_ORDER_STREAM,66
2019-06-28 14:57:28.153391825,QUERY_SPREAD,66
2019-06-28 14:57:28.153391825,BEST_BID,"JPM,99656,286"
2019-06-28 14:57:28.153391825,BEST_ASK,"JPM,99808,286"
2019-06-28 14:57:30.000000000,QUERY_SPREAD,1
2019-06-28 14:57:30.000000000,BEST_BID,"JPM,99656,471"
2019-06-28 14:57:30.000000000,BEST_ASK,"JPM,99808,100"
2019-06-28 14:57:30.000000000,BEST_BID,"JPM,99656,471"
2019-06-28 14:57:30.000000000,BEST_ASK,"JPM,99808,471"
2019-06-28 14:57:31.271703120,QUERY_SPREAD,32
2019-06-28 14:57:31.271703120,BEST_BID,"JPM,99751,100"
2019-06-28 14:57:31.271703120,BEST_ASK,"JPM,99808,471"
2019-06-28 14:57:34.498454036,QUERY_SPREAD,30
2019-06-28 14:57:34.498454036,BEST_BID,"JPM,99656,471"
2019-06-28 14:57:34.498454036,BEST_ASK,"JPM,99808,471"
2019-06-28 14:57:34.498454036,LAST_TRADE,"100,$99751.0000"
2019-06-28 14:57:40.000000000,QUERY_SPREAD,1
2019-06-28 14:57:40.000000000,BEST_BID,"JPM,99656,226"
2019-06-28 14:57:40.000000000,BEST_ASK,"JPM,99808,100"
2019-06-28 14:57:40.000000000,BEST_BID,"JPM,99656,226"
2019-06-28 14:57:40.000000000,BEST_ASK,"JPM,99808,100"
2019-06-28 14:57:40.000000000,BEST_BID,"JPM,99656,226"
2019-06-28 14:57:40.000000000,BEST_ASK,"JPM,99808,100"
2019-06-28 14:57:40.000000000,BEST_BID,"JPM,99656,226"
2019-06-28 14:57:40.000000000,BEST_ASK,"JPM,99808,226"
2019-06-28 14:57:40.000000000,BEST_BID,"JPM,99656,226"
2019-06-28 14:57:40.000000000,BEST_ASK,"JPM,99808,226"
2019-06-28 14:57:40.000000000,BEST_BID,"JPM,99656,226"
2019-06-28 14:57:40.000000000,BEST_ASK,"JPM,99808,226"
2019-06-28 14:57:47.896900938,QUERY_SPREAD,24
2019-06-28 14:57:47.896900938,BEST_BID,"JPM,99656,126"
2019-06-28 14:57:47.896900938,BEST_ASK,"JPM,99808,226"
2019-06-28 14:57:47.896900938,LAST_TRADE,"100,$99656.0000"
2019-06-28 14:57:50.000000000,QUERY_SPREAD,1
2019-06-28 14:57:50.000000000,BEST_BID,"JPM,99553,174"
2019-06-28 14:57:50.000000000,BEST_ASK,"JPM,99808,100"
2019-06-28 14:57:50.000000000,BEST_BID,"JPM,99553,174"
2019-06-28 14:57:50.000000000,BEST_ASK,"JPM,99808,100"
2019-06-28 14:57:50.000000000,BEST_BID,"JPM,99553,174"
2019-06-28 14:57:50.000000000,BEST_ASK,"JPM,99808,100"
2019-06-28 14:57:50.000000000,BEST_BID,"JPM,99553,174"
2019-06-28 14:57:50.000000000,BEST_ASK,"JPM,99808,100"
2019-06-28 14:57:50.000000000,BEST_BID,"JPM,99553,174"
2019-06-28 14:57:50.000000000,BEST_ASK,"JPM,99808,100"
2019-06-28 14:57:50.000000000,BEST_BID,"JPM,99553,174"
2019-06-28 14:57:50.000000000,BEST_ASK,"JPM,99808,174"
2019-06-28 14:57:50.000000000,BEST_BID,"JPM,99553,174"
2019-06-28 14:57:50.000000000,BEST_ASK,"JPM,99808,174"
2019-06-28 14:57:50.000000000,BEST_BID,"JPM,99553,174"
2019-06-28 14:57:50.000000000,BEST_ASK,"JPM,99808,174"
2019-06-28 14:57:50.000000000,BEST_BID,"JPM,99553,174"
2019-06-28 14:57:50.000000000,BEST_ASK,"JPM,99808,174"
2019-06-28 14:57:50.000000000,BEST_BID,"JPM,99553,174"
2019-06-28 14:57:50.000000000,BEST_ASK,"JPM,99808,174"
2019-06-28 14:57:58.766768317,QUERY_SPREAD,11
2019-06-28 14:57:58.766768317,BEST_BID,"JPM,99553,174"
2019-06-28 14:57:58.766768317,BEST_ASK,"JPM,99808,174"
2019-06-28 14:58:00.000000000,QUERY_SPREAD,1
2019-06-28 14:58:00.000000000,BEST_BID,"JPM,99553,471"
2019-06-28 14:58:00.000000000,BEST_ASK,"JPM,99808,100"
2019-06-28 14:58:00.000000000,BEST_BID,"JPM,99553,471"
2019-06-28 14:58:00.000000000,BEST_ASK,"JPM,99808,471"
2019-06-28 14:58:00.000000000,QUERY_SPREAD,77
2019-06-28 14:58:00.000000000,BEST_BID,"JPM,99553,471"
2019-06-28 14:58:00.000000000,BEST_ASK,"JPM,99808,466"
2019-06-28 14:58:00.000000000,LAST_TRADE,"5,$99808.0000"
2019-06-28 14:58:00.000000000,QUERY_SPREAD,78
2019-06-28 14:58:00.000000000,BEST_BID,"JPM,99553,471"
2019-06-28 14:58:00.000000000,BEST_ASK,"JPM,99808,458"
2019-06-28 14:58:00.000000000,LAST_TRADE,"8,$99808.0000"
2019-06-28 14:58:00.000000000,QUERY_SPREAD,79
2019-06-28 14:58:00.000000000,BEST_BID,"JPM,99553,471"
2019-06-28 14:58:00.000000000,BEST_ASK,"JPM,99808,453"
2019-06-28 14:58:00.000000000,LAST_TRADE,"5,$99808.0000"
2019-06-28 14:58:00.000000000,QUERY_SPREAD,80
2019-06-28 14:58:00.000000000,BEST_BID,"JPM,99553,471"
2019-06-28 14:58:00.000000000,BEST_ASK,"JPM,99808,445"
2019-06-28 14:58:00.000000000,LAST_TRADE,"8,$99808.0000"
2019-06-28 14:58:00.000000000,QUERY_SPREAD,81
2019-06-28 14:58:00.000000000,BEST_BID,"JPM,99553,471"
2019-06-28 14:58:00.000000000,BEST_ASK,"JPM,99808,436"
2019-06-28 14:58:00.000000000,LAST_TRADE,"9,$99808.0000"
2019-06-28 14:58:00.000000000,QUERY_SPREAD,82
2019-06-28 14:58:00.000000000,BEST_BID,"JPM,99553,471"
2019-06-28 14:58:00.000000000,BEST_ASK,"JPM,99808,433"
2019-06-28 14:58:00.000000000,LAST_TRADE,"3,$99808.0000"
2019-06-28 14:58:00.000000000,QUERY_SPREAD,83
2019-06-28 14:58:00.000000000,BEST_BID,"JPM,99553,471"
2019-06-28 14:58:00.000000000,BEST_ASK,"JPM,99808,425"
2019-06-28 14:58:00.000000000,LAST_TRADE,"8,$99808.0000"
2019-06-28 14:58:00.000000000,QUERY_SPREAD,84
2019-06-28 14:58:00.000000000,BEST_BID,"JPM,99553,471"
2019-06-28 14:58:00.000000000,BEST_ASK,"JPM,99808,421"
2019-06-28 14:58:00.000000000,LAST_TRADE,"4,$99808.0000"
2019-06-28 14:58:00.000000000,QUERY_SPREAD,85
2019-06-28 14:58:00.000000000,BEST_BID,"JPM,99553,471"
2019-06-28 14:58:00.000000000,BEST_ASK,"JPM,99808,416"
2019-06-28 14:58:00.000000000,LAST_TRADE,"5,$99808.0000"
2019-06-28 14:58:00.000000000,QUERY_SPREAD,86
2019-06-28 14:58:00.000000000,BEST_BID,"JPM,99553,471"
2019-06-28 14:58:00.000000000,BEST_ASK,"JPM,99808,414"
2019-06-28 14:58:00.000000000,LAST_TRADE,"2,$99808.0000"
2019-06-28 14:58:00.000000000,QUERY_SPREAD,87
2019-06-28 14:58:00.000000000,BEST_BID,"JPM,99553,471"
2019-06-28 14:58:00.000000000,BEST_ASK,"JPM,99808,407"
2019-06-28 14:58:00.000000000,LAST_TRADE,"7,$99808.0000"
2019-06-28 14:58:00.000000000,QUERY_SPREAD,88
2019-06-28 14:58:00.000000000,BEST_BID,"JPM,99553,471"
2019-06-28 14:58:00.000000000,BEST_ASK,"JPM,99808,399"
2019-06-28 14:58:00.000000000,LAST_TRADE,"8,$99808.0000"
2019-06-28 14:58:00.000000000,QUERY_SPREAD,89
2019-06-28 14:58:00.000000000,BEST_BID,"JPM,99553,471"
2019-06-28 14:58:00.000000000,BEST_ASK,"JPM,99808,394"
2019-06-28 14:58:00.000000000,LAST_TRADE,"5,$99808.0000"
2019-06-28 14:58:00.000000000,QUERY_SPREAD,90
2019-06-28 14:58:00.000000000,BEST_BID,"JPM,99553,471"
2019-06-28 14:58:00.000000000,BEST_ASK,"JPM,99808,390"
2019-06-28 14:58:00.000000000,LAST_TRADE,"4,$99808.0000"
2019-06-28 14:58:00.000000000,QUERY_SPREAD,91
2019-06-28 14:58:00.000000000,BEST_BID,"JPM,99553,471"
2019-06-28 14:58:00.000000000,BEST_ASK,"JPM,99808,387"
2019-06-28 14:58:00.000000000,LAST_TRADE,"3,$99808.0000"
2019-06-28 14:58:00.000000000,QUERY_SPREAD,92
2019-06-28 14:58:00.000000000,BEST_BID,"JPM,99553,471"
2019-06-28 14:58:00.000000000,BEST_ASK,"JPM,99808,382"
2019-06-28 14:58:00.000000000,LAST_TRADE,"5,$99808.0000"
2019-06-28 14:58:00.000000000,QUERY_SPREAD,93
2019-06-28 14:58:00.000000000,BEST_BID,"JPM,99553,471"
2019-06-28 14:58:00.000000000,BEST_ASK,"JPM,99808,375"
2019-06-28 14:58:00.000000000,LAST_TRADE,"7,$99808.0000"
2019-06-28 14:58:00.000000000,QUERY_SPREAD,94
2019-06-28 14:58:00.000000000,BEST_BID,"JPM,99553,471"
2019-06-28 14:58:00.000000000,BEST_ASK,"JPM,99808,374"
2019-06-28 14:58:00.000000000,LAST_TRADE,"1,$99808.0000"
2019-06-28 14:58:00.000000000,QUERY_SPREAD,95
2019-06-28 14:58:00.000000000,BEST_BID,"JPM,99553,471"
2019-06-28 14:58:00.000000000,BEST_ASK,"JPM,99808,373"
2019-06-28 14:58:00.000000000,LAST_TRADE,"1,$99808.0000"
2019-06-28 14:58:00.000000000,QUERY_SPREAD,96
2019-06-28 14:58:00.000000000,BEST_BID,"JPM,99553,471"
2019-06-28 14:58:00.000000000,BEST_ASK,"JPM,99808,369"
2019-06-28 14:58:00.000000000,LAST_TRADE,"4,$99808.0000"
2019-06-28 14:58:00.000000000,QUERY_SPREAD,97
2019-06-28 14:58:00.000000000,BEST_BID,"JPM,99553,471"
2019-06-28 14:58:00.000000000,BEST_ASK,"JPM,99808,366"
2019-06-28 14:58:00.000000000,LAST_TRADE,"3,$99808.0000"
2019-06-28 14:58:00.000000000,QUERY_SPREAD,98
2019-06-28 14:58:00.000000000,BEST_BID,"JPM,99553,471"
2019-06-28 14:58:00.000000000,BEST_ASK,"JPM,99808,361"
2019-06-28 14:58:00.000000000,LAST_TRADE,"5,$99808.0000"
2019-06-28 14:58:00.000000000,QUERY_SPREAD,99
2019-06-28 14:58:00.000000000,BEST_BID,"JPM,99553,471"
2019-06-28 14:58:00.000000000,BEST_ASK,"JPM,99808,357"
2019-06-28 14:58:00.000000000,LAST_TRADE,"4,$99808.0000"
2019-06-28 14:58:00.000000000,QUERY_SPREAD,100
2019-06-28 14:58:00.000000000,BEST_BID,"JPM,99553,471"
2019-06-28 14:58:00.000000000,BEST_ASK,"JPM,99808,352"
2019-06-28 14:58:00.000000000,LAST_TRADE,"5,$99808.0000"
2019-06-28 14:58:00.000000000,QUERY_SPREAD,101
2019-06-28 14:58:00.000000000,BEST_BID,"JPM,99553,471"
2019-06-28 14:58:00.000000000,BEST_ASK,"JPM,99808,351"
2019-06-28 14:58:00.000000000,LAST_TRADE,"1,$99808.0000"
2019-06-28 14:58:09.011249270,QUERY_SPREAD,30
2019-06-28 14:58:09.011249270,BEST_BID,"JPM,99553,471"
2019-06-28 14:58:09.011249270,BEST_ASK,"JPM,99808,351"
2019-06-28 14:58:10.000000000,QUERY_SPREAD,1
2019-06-28 14:58:10.000000000,BEST_BID,"JPM,99553,286"
2019-06-28 14:58:10.000000000,BEST_ASK,"JPM,99930,200"
2019-06-28 14:58:10.000000000,BEST_BID,"JPM,99553,286"
2019-06-28 14:58:10.000000000,BEST_ASK,"JPM,99930,200"
2019-06-28 14:58:10.000000000,BEST_BID,"JPM,99553,286"
2019-06-28 14:58:10.000000000,BEST_ASK,"JPM,99930,386"
2019-06-28 14:58:10.000000000,BEST_BID,"JPM,99553,286"
2019-06-28 14:58:10.000000000,BEST_ASK,"JPM,99930,386"
2019-06-28 14:58:14.111551430,QUERY_ORDER_STREAM,75
2019-06-28 14:58:14.111551430,QUERY_SPREAD,75
2019-06-28 14:58:14.111551430,BEST_BID,"JPM,99553,286"
2019-06-28 14:58:14.111551430,BEST_ASK,"JPM,99808,100"
2019-06-28 14:58:17.690306925,QUERY_SPREAD,20
2019-06-28 14:58:17.690306925,BEST_BID,"JPM,99553,286"
2019-06-28 14:58:17.690306925,BEST_ASK,"JPM,99686,100"
2019-06-28 14:58:20.000000000,QUERY_SPREAD,1
2019-06-28 14:58:20.000000000,BEST_BID,"JPM,99553,174"
2019-06-28 14:58:20.000000000,BEST_ASK,"JPM,99686,100"
2019-06-28 14:58:20.000000000,BEST_BID,"JPM,99553,174"
2019-06-28 14:58:20.000000000,BEST_ASK,"JPM,99686,100"
2019-06-28 14:58:20.000000000,BEST_BID,"JPM,99553,174"
2019-06-28 14:58:20.000000000,BEST_ASK,"JPM,99686,100"
2019-06-28 14:58:20.000000000,BEST_BID,"JPM,99553,174"
2019-06-28 14:58:20.000000000,BEST_ASK,"JPM,99686,100"
2019-06-28 14:58:20.000000000,BEST_BID,"JPM,99553,174"
2019-06-28 14:58:20.000000000,BEST_ASK,"JPM,99686,100"
2019-06-28 14:58:20.000000000,BEST_BID,"JPM,99553,174"
2019-06-28 14:58:20.000000000,BEST_ASK,"JPM,99686,174"
2019-06-28 14:58:20.000000000,BEST_BID,"JPM,99553,174"
2019-06-28 14:58:20.000000000,BEST_ASK,"JPM,99686,174"
2019-06-28 14:58:20.000000000,BEST_BID,"JPM,99553,174"
2019-06-28 14:58:20.000000000,BEST_ASK,"JPM,99686,174"
2019-06-28 14:58:20.000000000,BEST_BID,"JPM,99553,174"
2019-06-28 14:58:20.000000000,BEST_ASK,"JPM,99686,174"
2019-06-28 14:58:20.000000000,BEST_BID,"JPM,99553,174"
2019-06-28 14:58:20.000000000,BEST_ASK,"JPM,99686,174"
2019-06-28 14:58:27.156497339,QUERY_SPREAD,15
2019-06-28 14:58:27.156497339,BEST_BID,"JPM,99553,74"
2019-06-28 14:58:27.156497339,BEST_ASK,"JPM,99686,174"
2019-06-28 14:58:27.156497339,LAST_TRADE,"100,$99553.0000"
2019-06-28 14:58:30.000000000,QUERY_SPREAD,1
2019-06-28 14:58:30.000000000,BEST_BID,"JPM,99460,471"
2019-06-28 14:58:30.000000000,BEST_ASK,"JPM,99686,100"
2019-06-28 14:58:30.000000000,BEST_BID,"JPM,99460,471"
2019-06-28 14:58:30.000000000,BEST_ASK,"JPM,99686,471"
2019-06-28 14:58:32.665532278,QUERY_SPREAD,6
2019-06-28 14:58:32.665532278,BEST_BID,"JPM,99460,471"
2019-06-28 14:58:32.665532278,BEST_ASK,"JPM,99686,471"
2019-06-28 14:58:34.383348018,QUERY_ORDER_STREAM,63
2019-06-28 14:58:34.383348018,QUERY_SPREAD,63
2019-06-28 14:58:34.383348018,BEST_BID,"JPM,99460,471"
2019-06-28 14:58:34.383348018,BEST_ASK,"JPM,99685,100"
2019-06-28 14:58:40.000000000,QUERY_SPREAD,1
2019-06-28 14:58:40.000000000,BEST_BID,"JPM,99460,226"
2019-06-28 14:58:40.000000000,BEST_ASK,"JPM,99685,100"
2019-06-28 14:58:40.000000000,BEST_BID,"JPM,99460,226"
2019-06-28 14:58:40.000000000,BEST_ASK,"JPM,99685,100"
2019-06-28 14:58:40.000000000,BEST_BID,"JPM,99460,226"
2019-06-28 14:58:40.000000000,BEST_ASK,"JPM,99685,100"
2019-06-28 14:58:40.000000000,BEST_BID,"JPM,99460,226"
2019-06-28 14:58:40.000000000,BEST_ASK,"JPM,99685,226"
2019-06-28 14:58:40.000000000,BEST_BID,"JPM,99460,226"
2019-06-28 14:58:40.000000000,BEST_ASK,"JPM,99685,226"
2019-06-28 14:58:40.000000000,BEST_BID,"JPM,99460,226"
2019-06-28 14:58:40.000000000,BEST_ASK,"JPM,99685,226"
2019-06-28 14:58:50.000000000,QUERY_SPREAD,1
2019-06-28 14:58:50.000000000,BEST_BID,"JPM,99460,286"
2019-06-28 14:58:50.000000000,BEST_ASK,"JPM,99685,100"
2019-06-28 14:58:50.000000000,BEST_BID,"JPM,99460,286"
2019-06-28 14:58:50.000000000,BEST_ASK,"JPM,99685,100"
2019-06-28 14:58:50.000000000,BEST_BID,"JPM,99460,286"
2019-06-28 14:58:50.000000000,BEST_ASK,"JPM,99685,286"
2019-06-28 14:58:50.000000000,BEST_BID,"JPM,99460,286"
2019-06-28 14:58:50.000000000,BEST_ASK,"JPM,99685,286"
2019-06-28 14:59:00.000000000,QUERY_SPREAD,1
2019-06-28 14:59:00.000000000,BEST_BID,"JPM,99460,471"
2019-06-28 14:59:00.000000000,BEST_ASK,"JPM,99685,100"
2019-06-28 14:59:00.000000000,BEST_BID,"JPM,99460,471"
2019-06-28 14:59:00.000000000,BEST_ASK,"JPM,99685,471"
2019-06-28 14:59:00.000000000,QUERY_SPREAD,77
2019-06-28 14:59:00.000000000,BEST_BID,"JPM,99460,471"
2019-06-28 14:59:00.000000000,BEST_ASK,"JPM,99685,466"
2019-06-28 14:59:00.000000000,LAST_TRADE,"5,$99685.0000"
2019-06-28 14:59:00.000000000,QUERY_SPREAD,78
2019-06-28 14:59:00.000000000,BEST_BID,"JPM,99460,471"
2019-06-28 14:59:00.000000000,BEST_ASK,"JPM,99685,458"
2019-06-28 14:59:00.000000000,LAST_TRADE,"8,$99685.0000"
2019-06-28 14:59:00.000000000,QUERY_SPREAD,79
2019-06-28 14:59:00.000000000,BEST_BID,"JPM,99460,471"
2019-06-28 14:59:00.000000000,BEST_ASK,"JPM,99685,453"
2019-06-28 14:59:00.000000000,LAST_TRADE,"5,$99685.0000"
2019-06-28 14:59:00.000000000,QUERY_SPREAD,80
2019-06-28 14:59:00.000000000,BEST_BID,"JPM,99460,471"
2019-06-28 14:59:00.000000000,BEST_ASK,"JPM,99685,445"
2019-06-28 14:59:00.000000000,LAST_TRADE,"8,$99685.0000"
2019-06-28 14:59:00.000000000,QUERY_SPREAD,81
2019-06-28 14:59:00.000000000,BEST_BID,"JPM,99460,471"
2019-06-28 14:59:00.000000000,BEST_ASK,"JPM,99685,436"
2019-06-28 14:59:00.000000000,LAST_TRADE,"9,$99685.0000"
2019-06-28 14:59:00.000000000,QUERY_SPREAD,82
2019-06-28 14:59:00.000000000,BEST_BID,"JPM,99460,471"
2019-06-28 14:59:00.000000000,BEST_ASK,"JPM,99685,433"
2019-06-28 14:59:00.000000000,LAST_TRADE,"3,$99685.0000"
2019-06-28 14:59:00.000000000,QUERY_SPREAD,83
2019-06-28 14:59:00.000000000,BEST_BID,"JPM,99460,471"
2019-06-28 14:59:00.000000000,BEST_ASK,"JPM,99685,425"
2019-06-28 14:59:00.000000000,LAST_TRADE,"8,$99685.0000"
2019-06-28 14:59:00.000000000,QUERY_SPREAD,84
2019-06-28 14:59:00.000000000,BEST_BID,"JPM,99460,471"
2019-06-28 14:59:00.000000000,BEST_ASK,"JPM,99685,421"
2019-06-28 14:59:00.000000000,LAST_TRADE,"4,$99685.0000"
2019-06-28 14:59:00.000000000,QUERY_SPREAD,85
2019-06-28 14:59:00.000000000,BEST_BID,"JPM,99460,471"
2019-06-28 14:59:00.000000000,BEST_ASK,"JPM,99685,416"
2019-06-28 14:59:00.000000000,LAST_TRADE,"5,$99685.0000"
2019-06-28 14:59:00.000000000,QUERY_SPREAD,86
2019-06-28 14:59:00.000000000,BEST_BID,"JPM,99460,471"
2019-06-28 14:59:00.000000000,BEST_ASK,"JPM,99685,414"
2019-06-28 14:59:00.000000000,LAST_TRADE,"2,$99685.0000"
2019-06-28 14:59:00.000000000,QUERY_SPREAD,87
2019-06-28 14:59:00.000000000,BEST_BID,"JPM,99460,471"
2019-06-28 14:59:00.000000000,BEST_ASK,"JPM,99685,407"
2019-06-28 14:59:00.000000000,LAST_TRADE,"7,$99685.0000"
2019-06-28 14:59:00.000000000,QUERY_SPREAD,88
2019-06-28 14:59:00.000000000,BEST_BID,"JPM,99460,471"
2019-06-28 14:59:00.000000000,BEST_ASK,"JPM,99685,399"
2019-06-28 14:59:00.000000000,LAST_TRADE,"8,$99685.0000"
2019-06-28 14:59:00.000000000,QUERY_SPREAD,89
2019-06-28 14:59:00.000000000,BEST_BID,"JPM,99460,471"
2019-06-28 14:59:00.000000000,BEST_ASK,"JPM,99685,394"
2019-06-28 14:59:00.000000000,LAST_TRADE,"5,$99685.0000"
2019-06-28 14:59:00.000000000,QUERY_SPREAD,90
2019-06-28 14:59:00.000000000,BEST_BID,"JPM,99460,471"
2019-06-28 14:59:00.000000000,BEST_ASK,"JPM,99685,390"
2019-06-28 14:59:00.000000000,LAST_TRADE,"4,$99685.0000"
2019-06-28 14:59:00.000000000,QUERY_SPREAD,91
2019-06-28 14:59:00.000000000,BEST_BID,"JPM,99460,471"
2019-06-28 14:59:00.000000000,BEST_ASK,"JPM,99685,387"
2019-06-28 14:59:00.000000000,LAST_TRADE,"3,$99685.0000"
2019-06-28 14:59:00.000000000,QUERY_SPREAD,92
2019-06-28 14:59:00.000000000,BEST_BID,"JPM,99460,471"
2019-06-28 14:59:00.000000000,BEST_ASK,"JPM,99685,382"
2019-06-28 14:59:00.000000000,LAST_TRADE,"5,$99685.0000"
2019-06-28 14:59:00.000000000,QUERY_SPREAD,93
2019-06-28 14:59:00.000000000,BEST_BID,"JPM,99460,471"
2019-06-28 14:59:00.000000000,BEST_ASK,"JPM,99685,375"
2019-06-28 14:59:00.000000000,LAST_TRADE,"7,$99685.0000"
2019-06-28 14:59:00.000000000,QUERY_SPREAD,94
2019-06-28 14:59:00.000000000,BEST_BID,"JPM,99460,471"
2019-06-28 14:59:00.000000000,BEST_ASK,"JPM,99685,374"
2019-06-28 14:59:00.000000000,LAST_TRADE,"1,$99685.0000"
2019-06-28 14:59:00.000000000,QUERY_SPREAD,95
2019-06-28 14:59:00.000000000,BEST_BID,"JPM,99460,471"
2019-06-28 14:59:00.000000000,BEST_ASK,"JPM,99685,373"
2019-06-28 14:59:00.000000000,LAST_TRADE,"1,$99685.0000"
2019-06-28 14:59:00.000000000,QUERY_SPREAD,96
2019-06-28 14:59:00.000000000,BEST_BID,"JPM,99460,471"
2019-06-28 14:59:00.000000000,BEST_ASK,"JPM,99685,369"
2019-06-28 14:59:00.000000000,LAST_TRADE,"4,$99685.0000"
2019-06-28 14:59:00.000000000,QUERY_SPREAD,97
2019-06-28 14:59:00.000000000,BEST_BID,"JPM,99460,471"
2019-06-28 14:59:00.000000000,BEST_ASK,"JPM,99685,366"
2019-06-28 14:59:00.000000000,LAST_TRADE,"3,$99685.0000"
2019-06-28 14:59:00.000000000,QUERY_SPREAD,98
2019-06-28 14:59:00.000000000,BEST_BID,"JPM,99460,471"
2019-06-28 14:59:00.000000000,BEST_ASK,"JPM,99685,361"
2019-06-28 14:59:00.000000000,LAST_TRADE,"5,$99685.0000"
2019-06-28 14:59:00.000000000,QUERY_SPREAD,99
2019-06-28 14:59:00.000000000,BEST_BID,"JPM,99460,471"
2019-06-28 14:59:00.000000000,BEST_ASK,"JPM,99685,357"
2019-06-28 14:59:00.000000000,LAST_TRADE,"4,$99685.0000"
2019-06-28 14:59:00.000000000,QUERY_SPREAD,100
2019-06-28 14:59:00.000000000,BEST_BID,"JPM,99460,471"
2019-06-28 14:59:00.000000000,BEST_ASK,"JPM,99685,352"
2019-06-28 14:59:00.000000000,LAST_TRADE,"5,$99685.0000"
2019-06-28 14:59:00.000000000,QUERY_SPREAD,101
2019-06-28 14:59:00.000000000,BEST_BID,"JPM,99460,471"
2019-06-28 14:59:00.000000000,BEST_ASK,"JPM,99685,351"
2019-06-28 14:59:00.000000000,LAST_TRADE,"1,$99685.0000"
2019-06-28 14:59:08.499149980,QUERY_SPREAD,34
2019-06-28 14:59:08.499149980,BEST_BID,"JPM,99578,100"
2019-06-28 14:59:08.499149980,BEST_ASK,"JPM,99685,351"
2019-06-28 14:59:10.000000000,QUERY_SPREAD,1
2019-06-28 14:59:10.000000000,BEST_BID,"JPM,99578,471"
2019-06-28 14:59:10.000000000,BEST_ASK,"JPM,99686,100"
2019-06-28 14:59:10.000000000,BEST_BID,"JPM,99578,471"
2019-06-28 14:59:10.000000000,BEST_ASK,"JPM,99686,471"
2019-06-28 14:59:16.575740324,QUERY_ORDER_STREAM,63
2019-06-28 14:59:16.575740324,QUERY_SPREAD,63
2019-06-28 14:59:20.000000000,QUERY_SPREAD,1
2019-06-28 14:59:20.000000000,BEST_BID,"JPM,99578,226"
2019-06-28 14:59:20.000000000,BEST_ASK,"JPM,99686,100"
2019-06-28 14:59:20.000000000,BEST_BID,"JPM,99578,226"
2019-06-28 14:59:20.000000000,BEST_ASK,"JPM,99686,100"
2019-06-28 14:59:20.000000000,BEST_BID,"JPM,99578,226"
2019-06-28 14:59:20.000000000,BEST_ASK,"JPM,99686,100"
2019-06-28 14:59:20.000000000,BEST_BID,"JPM,99578,226"
2019-06-28 14:59:20.000000000,BEST_ASK,"JPM,99686,226"
2019-06-28 14:59:20.000000000,BEST_BID,"JPM,99578,226"
2019-06-28 14:59:20.000000000,BEST_ASK,"JPM,99686,226"
2019-06-28 14:59:20.000000000,BEST_BID,"JPM,99578,226"
2019-06-28 14:59:20.000000000,BEST_ASK,"JPM,99686,226"
2019-06-28 14:59:25.102010877,QUERY_SPREAD,20
2019-06-28 14:59:25.102010877,BEST_BID,"JPM,99578,226"
2019-06-28 14:59:25.102010877,BEST_ASK,"JPM,99686,126"
2019-06-28 14:59:30.000000000,QUERY_SPREAD,1
2019-06-28 14:59:30.000000000,BEST_BID,"JPM,99578,174"
2019-06-28 14:59:30.000000000,BEST_ASK,"JPM,99808,100"
2019-06-28 14:59:30.000000000,BEST_BID,"JPM,99578,174"
2019-06-28 14:59:30.000000000,BEST_ASK,"JPM,99808,100"
2019-06-28 14:59:30.000000000,BEST_BID,"JPM,99578,174"
2019-06-28 14:59:30.000000000,BEST_ASK,"JPM,99808,100"
2019-06-28 14:59:30.000000000,BEST_BID,"JPM,99578,174"
2019-06-28 14:59:30.000000000,BEST_ASK,"JPM,99808,100"
2019-06-28 14:59:30.000000000,BEST_BID,"JPM,99578,174"
2019-06-28 14:59:30.000000000,BEST_ASK,"JPM,99808,100"
2019-06-28 14:59:30.000000000,BEST_BID,"JPM,99578,174"
2019-06-28 14:59:30.000000000,BEST_ASK,"JPM,99808,174"
2019-06-28 14:59:30.000000000,BEST_BID,"JPM,99578,174"
2019-06-28 14:59:30.000000000,BEST_ASK,"JPM,99808,174"
2019-06-28 14:59:30.000000000,BEST_BID,"JPM,99578,174"
2019-06-28 14:59:30.000000000,BEST_ASK,"JPM,99808,174"
2019-06-28 14:59:30.000000000,BEST_BID,"JPM,99578,174"
2019-06-28 14:59:30.000000000,BEST_ASK,"JPM,99808,174"
2019-06-28 14:59:30.000000000,BEST_BID,"JPM,99578,174"
2019-06-28 14:59:30.000000000,BEST_ASK,"JPM,99808,174"
2019-06-28 14:59:40.000000000,QUERY_SPREAD,1
2019-06-28 14:59:40.000000000,BEST_BID,"JPM,99578,174"
2019-06-28 14:59:40.000000000,BEST_ASK,"JPM,99808,100"
2019-06-28 14:59:40.000000000,BEST_BID,"JPM,99578,174"
2019-06-28 14:59:40.000000000,BEST_ASK,"JPM,99808,100"
2019-06-28 14:59:40.000000000,BEST_BID,"JPM,99578,174"
2019-06-28 14:59:40.000000000,BEST_ASK,"JPM,99808,100"
2019-06-28 14:59:40.000000000,BEST_BID,"JPM,99578,174"
2019-06-28 14:59:40.000000000,BEST_ASK,"JPM,99808,100"
2019-06-28 14:59:40.000000000,BEST_BID,"JPM,99578,174"
2019-06-28 14:59:40.000000000,BEST_ASK,"JPM,99808,100"
2019-06-28 14:59:40.000000000,BEST_BID,"JPM,99578,174"
2019-06-28 14:59:40.000000000,BEST_ASK,"JPM,99808,174"
2019-06-28 14:59:40.000000000,BEST_BID,"JPM,99578,174"
2019-06-28 14:59:40.000000000,BEST_ASK,"JPM,99808,174"
2019-06-28 14:59:40.000000000,BEST_BID,"JPM,99578,174"
2019-06-28 14:59:40.000000000,BEST_ASK,"JPM,99808,174"
2019-06-28 14:59:40.000000000,BEST_BID,"JPM,99578,174"
2019-06-28 14:59:40.000000000,BEST_ASK,"JPM,99808,174"
2019-06-28 14:59:40.000000000,BEST_BID,"JPM,99578,174"
2019-06-28 14:59:40.000000000,BEST_ASK,"JPM,99808,174"
2019-06-28 14:59:50.000000000,QUERY_SPREAD,1
2019-06-28 14:59:50.000000000,BEST_BID,"JPM,99578,174"
2019-06-28 14:59:50.000000000,BEST_ASK,"JPM,99808,100"
2019-06-28 14:59:50.000000000,BEST_BID,"JPM,99578,174"
2019-06-28 14:59:50.000000000,BEST_ASK,"JPM,99808,100"
2019-06-28 14:59:50.000000000,BEST_BID,"JPM,99578,174"
2019-06-28 14:59:50.000000000,BEST_ASK,"JPM,99808,100"
2019-06-28 14:59:50.000000000,BEST_BID,"JPM,99578,174"
2019-06-28 14:59:50.000000000,BEST_ASK,"JPM,99808,100"
2019-06-28 14:59:50.000000000,BEST_BID,"JPM,99578,174"
2019-06-28 14:59:50.000000000,BEST_ASK,"JPM,99808,100"
2019-06-28 14:59:50.000000000,BEST_BID,"JPM,99578,174"
2019-06-28 14:59:50.000000000,BEST_ASK,"JPM,99808,174"
2019-06-28 14:59:50.000000000,BEST_BID,"JPM,99578,174"
2019-06-28 14:59:50.000000000,BEST_ASK,"JPM,99808,174"
2019-06-28 14:59:50.000000000,BEST_BID,"JPM,99578,174"
2019-06-28 14:59:50.000000000,BEST_ASK,"JPM,99808,174"
2019-06-28 14:59:50.000000000,BEST_BID,"JPM,99578,174"
2019-06-28 14:59:50.000000000,BEST_ASK,"JPM,99808,174"
2019-06-28 14:59:50.000000000,BEST_BID,"JPM,99578,174"
2019-06-28 14:59:50.000000000,BEST_ASK,"JPM,99808,174"
2019-06-28 14:59:56.654896417,QUERY_SPREAD,41
2019-06-28 14:59:56.654896417,BEST_BID,"JPM,99578,174"
2019-06-28 14:59:56.654896417,BEST_ASK,"JPM,99808,174"
2019-06-28 15:00:00.000000000,QUERY_SPREAD,1
2019-06-28 15:00:00.000000000,BEST_BID,"JPM,99578,193"
2019-06-28 15:00:00.000000000,BEST_ASK,"JPM,99808,100"
2019-06-28 15:00:00.000000000,BEST_BID,"JPM,99578,193"
2019-06-28 15:00:00.000000000,BEST_ASK,"JPM,99808,100"
2019-06-28 15:00:00.000000000,BEST_BID,"JPM,99578,193"
2019-06-28 15:00:00.000000000,BEST_ASK,"JPM,99808,100"
2019-06-28 15:00:00.000000000,BEST_BID,"JPM,99578,193"
2019-06-28 15:00:00.000000000,BEST_ASK,"JPM,99808,100"
2019-06-28 15:00:00.000000000,BEST_BID,"JPM,99578,193"
2019-06-28 15:00:00.000000000,BEST_ASK,"JPM,99808,193"
2019-06-28 15:00:00.000000000,BEST_BID,"JPM,99578,193"
2019-06-28 15:00:00.000000000,BEST_ASK,"JPM,99808,193"
2019-06-28 15:00:00.000000000,BEST_BID,"JPM,99578,193"
2019-06-28 15:00:00.000000000,BEST_ASK,"JPM,99808,193"
2019-06-28 15:00:00.000000000,BEST_BID,"JPM,99578,193"
2019-06-28 15:00:00.000000000,BEST_ASK,"JPM,99808,193"
2019-06-28 15:00:00.000000000,QUERY_SPREAD,77
2019-06-28 15:00:00.000000000,BEST_BID,"JPM,99578,193"
2019-06-28 15:00:00.000000000,BEST_ASK,"JPM,99808,188"
2019-06-28 15:00:00.000000000,LAST_TRADE,"5,$99808.0000"
2019-06-28 15:00:00.000000000,QUERY_SPREAD,78
2019-06-28 15:00:00.000000000,BEST_BID,"JPM,99578,193"
2019-06-28 15:00:00.000000000,BEST_ASK,"JPM,99808,180"
2019-06-28 15:00:00.000000000,LAST_TRADE,"8,$99808.0000"
2019-06-28 15:00:00.000000000,QUERY_SPREAD,79
2019-06-28 15:00:00.000000000,BEST_BID,"JPM,99578,193"
2019-06-28 15:00:00.000000000,BEST_ASK,"JPM,99808,175"
2019-06-28 15:00:00.000000000,LAST_TRADE,"5,$99808.0000"
2019-06-28 15:00:00.000000000,QUERY_SPREAD,80
2019-06-28 15:00:00.000000000,BEST_BID,"JPM,99578,193"
2019-06-28 15:00:00.000000000,BEST_ASK,"JPM,99808,167"
2019-06-28 15:00:00.000000000,LAST_TRADE,"8,$99808.0000"
2019-06-28 15:00:00.000000000,QUERY_SPREAD,81
2019-06-28 15:00:00.000000000,BEST_BID,"JPM,99578,193"
2019-06-28 15:00:00.000000000,BEST_ASK,"JPM,99808,158"
2019-06-28 15:00:00.000000000,LAST_TRADE,"9,$99808.0000"
2019-06-28 15:00:00.000000000,QUERY_SPREAD,82
2019-06-28 15:00:00.000000000,BEST_BID,"JPM,99578,193"
2019-06-28 15:00:00.000000000,BEST_ASK,"JPM,99808,155"
2019-06-28 15:00:00.000000000,LAST_TRADE,"3,$99808.0000"
2019-06-28 15:00:00.000000000,QUERY_SPREAD,83
2019-06-28 15:00:00.000000000,BEST_BID,"JPM,99578,193"
2019-06-28 15:00:00.000000000,BEST_ASK,"JPM,99808,147"
2019-06-28 15:00:00.000000000,LAST_TRADE,"8,$99808.0000"
2019-06-28 15:00:00.000000000,QUERY_SPREAD,84
2019-06-28 15:00:00.000000000,BEST_BID,"JPM,99578,193"
2019-06-28 15:00:00.000000000,BEST_ASK,"JPM,99808,143"
2019-06-28 15:00:00.000000000,LAST_TRADE,"4,$99808.0000"
2019-06-28 15:00:00.000000000,QUERY_SPREAD,85
2019-06-28 15:00:00.000000000,BEST_BID,"JPM,99578,193"
2019-06-28 15:00:00.000000000,BEST_ASK,"JPM,99808,138"
2019-06-28 15:00:00.000000000,LAST_TRADE,"5,$99808.0000"
2019-06-28 15:00:00.000000000,QUERY_SPREAD,86
2019-06-28 15:00:00.000000000,BEST_BID,"JPM,99578,193"
2019-06-28 15:00:00.000000000,BEST_ASK,"JPM,99808,136"
2019-06-28 15:00:00.000000000,LAST_TRADE,"2,$99808.0000"
2019-06-28 15:00:00.000000000,QUERY_SPREAD,87
2019-06-28 15:00:00.000000000,BEST_BID,"JPM,99578,193"
2019-06-28 15:00:00.000000000,BEST_ASK,"JPM,99808,129"
2019-06-28 15:00:00.000000000,LAST_TRADE,"7,$99808.0000"
2019-06-28 15:00:00.000000000,QUERY_SPREAD,88
2019-06-28 15:00:00.000000000,BEST_BID,"JPM,99578,193"
2019-06-28 15:00:00.000000000,BEST_ASK,"JPM,99808,121"
2019-06-28 15:00:00.000000000,LAST_TRADE,"8,$99808.0000"
2019-06-28 15:00:00.000000000,QUERY_SPREAD,89
2019-06-28 15:00:00.000000000,BEST_BID,"JPM,99578,193"
2019-06-28 15:00:00.000000000,BEST_ASK,"JPM,99808,116"
2019-06-28 15:00:00.000000000,LAST_TRADE,"5,$99808.0000"
2019-06-28 15:00:00.000000000,QUERY_SPREAD,90
2019-06-28 15:00:00.000000000,BEST_BID,"JPM,99578,193"
2019-06-28 15:00:00.000000000,BEST_ASK,"JPM,99808,112"
2019-06-28 15:00:00.000000000,LAST_TRADE,"4,$99808.0000"
2019-06-28 15:00:00.000000000,QUERY_SPREAD,91
2019-06-28 15:00:00.000000000,BEST_BID,"JPM,99578,193"
2019-06-28 15:00:00.000000000,BEST_ASK,"JPM,99808,109"
2019-06-28 15:00:00.000000000,LAST_TRADE,"3,$99808.0000"
2019-06-28 15:00:00.000000000,QUERY_SPREAD,92
2019-06-28 15:00:00.000000000,BEST_BID,"JPM,99578,193"
2019-06-28 15:00:00.000000000,BEST_ASK,"JPM,99808,104"
2019-06-28 15:00:00.000000000,LAST_TRADE,"5,$99808.0000"
2019-06-28 15:00:00.000000000,QUERY_SPREAD,93
2019-06-28 15:00:00.000000000,BEST_BID,"JPM,99578,193"
2019-06-28 15:00:00.000000000,BEST_ASK,"JPM,99808,97"
2019-06-28 15:00:00.000000000,LAST_TRADE,"7,$99808.0000"
2019-06-28 15:00:00.000000000,QUERY_SPREAD,94
2019-06-28 15:00:00.000000000,BEST_BID,"JPM,99578,193"
2019-06-28 15:00:00.000000000,BEST_ASK,"JPM,99808,96"
2019-06-28 15:00:00.000000000,LAST_TRADE,"1,$99808.0000"
2019-06-28 15:00:00.000000000,QUERY_SPREAD,95
2019-06-28 15:00:00.000000000,BEST_BID,"JPM,99578,193"
2019-06-28 15:00:00.000000000,BEST_ASK,"JPM,99808,95"
2019-06-28 15:00:00.000000000,LAST_TRADE,"1,$99808.0000"
2019-06-28 15:00:00.000000000,QUERY_SPREAD,96
2019-06-28 15:00:00.000000000,BEST_BID,"JPM,99578,193"
2019-06-28 15:00:00.000000000,BEST_ASK,"JPM,99808,91"
2019-06-28 15:00:00.000000000,LAST_TRADE,"4,$99808.0000"
2019-06-28 15:00:00.000000000,QUERY_SPREAD,97
2019-06-28 15:00:00.000000000,BEST_BID,"JPM,99578,193"
2019-06-28 15:00:00.000000000,BEST_ASK,"JPM,99808,88"
2019-06-28 15:00:00.000000000,LAST_TRADE,"3,$99808.0000"
2019-06-28 15:00:00.000000000,QUERY_SPREAD,98
2019-06-28 15:00:00.000000000,BEST_BID,"JPM,99578,193"
2019-06-28 15:00:00.000000000,BEST_ASK,"JPM,99808,83"
2019-06-28 15:00:00.000000000,LAST_TRADE,"5,$99808.0000"
2019-06-28 15:00:00.000000000,QUERY_SPREAD,99
2019-06-28 15:00:00.000000000,BEST_BID,"JPM,99578,193"
2019-06-28 15:00:00.000000000,BEST_ASK,"JPM,99808,79"
2019-06-28 15:00:00.000000000,LAST_TRADE,"4,$99808.0000"
2019-06-28 15:00:00.000000000,QUERY_SPREAD,100
2019-06-28 15:00:00.000000000,BEST_BID,"JPM,99578,193"
2019-06-28 15:00:00.000000000,BEST_ASK,"JPM,99808,74"
2019-06-28 15:00:00.000000000,LAST_TRADE,"5,$99808.0000"
2019-06-28 15:00:00.000000000,QUERY_SPREAD,101
2019-06-28 15:00:00.000000000,BEST_BID,"JPM,99578,193"
2019-06-28 15:00:00.000000000,BEST_ASK,"JPM,99808,73"
2019-06-28 15:00:00.000000000,LAST_TRADE,"1,$99808.0000"
2019-06-28 15:00:01.976721164,QUERY_SPREAD,26
2019-06-28 15:00:01.976721164,BEST_BID,"JPM,99578,193"
2019-06-28 15:00:01.976721164,BEST_ASK,"JPM,99808,73"
2019-06-28 15:00:06.241628407,QUERY_ORDER_STREAM,65
2019-06-28 15:00:06.241628407,QUERY_SPREAD,65
2019-06-28 15:00:10.000000000,QUERY_SPREAD,1
2019-06-28 15:00:10.000000000,BEST_BID,"JPM,99578,193"
2019-06-28 15:00:10.000000000,BEST_ASK,"JPM,99831,100"
2019-06-28 15:00:10.000000000,BEST_BID,"JPM,99578,193"
2019-06-28 15:00:10.000000000,BEST_ASK,"JPM,99831,100"
2019-06-28 15:00:10.000000000,BEST_BID,"JPM,99578,193"
2019-06-28 15:00:10.000000000,BEST_ASK,"JPM,99831,100"
2019-06-28 15:00:10.000000000,BEST_BID,"JPM,99578,193"
2019-06-28 15:00:10.000000000,BEST_ASK,"JPM,99831,100"
2019-06-28 15:00:10.000000000,BEST_BID,"JPM,99578,193"
2019-06-28 15:00:10.000000000,BEST_ASK,"JPM,99831,193"
2019-06-28 15:00:10.000000000,BEST_BID,"JPM,99578,193"
2019-06-28 15:00:10.000000000,BEST_ASK,"JPM,99831,193"
2019-06-28 15:00:10.000000000,BEST_BID,"JPM,99578,193"
2019-06-28 15:00:10.000000000,BEST_ASK,"JPM,99831,193"
2019-06-28 15:00:10.000000000,BEST_BID,"JPM,99578,193"
2019-06-28 15:00:10.000000000,BEST_ASK,"JPM,99831,193"
2019-06-28 15:00:20.000000000,QUERY_SPREAD,1
2019-06-28 15:00:20.000000000,BEST_BID,"JPM,99578,471"
2019-06-28 15:00:20.000000000,BEST_ASK,"JPM,99831,100"
2019-06-28 15:00:20.000000000,BEST_BID,"JPM,99578,471"
2019-06-28 15:00:20.000000000,BEST_ASK,"JPM,99831,471"
2019-06-28 15:00:30.000000000,QUERY_SPREAD,1
2019-06-28 15:00:30.000000000,BEST_BID,"JPM,99578,286"
2019-06-28 15:00:30.000000000,BEST_ASK,"JPM,99831,100"
2019-06-28 15:00:30.000000000,BEST_BID,"JPM,99578,286"
2019-06-28 15:00:30.000000000,BEST_ASK,"JPM,99831,100"
2019-06-28 15:00:30.000000000,BEST_BID,"JPM,99578,286"
2019-06-28 15:00:30.000000000,BEST_ASK,"JPM,99831,286"
2019-06-28 15:00:30.000000000,BEST_BID,"JPM,99578,286"
2019-06-28 15:00:30.000000000,BEST_ASK,"JPM,99831,286"
2019-06-28 15:00:32.533590761,QUERY_ORDER_STREAM,75
2019-06-28 15:00:32.533590761,QUERY_SPREAD,75
2019-06-28 15:00:40.000000000,QUERY_SPREAD,1
2019-06-28 15:00:40.000000000,BEST_BID,"JPM,99578,286"
2019-06-28 15:00:40.000000000,BEST_ASK,"JPM,99831,100"
2019-06-28 15:00:40.000000000,BEST_BID,"JPM,99578,286"
2019-06-28 15:00:40.000000000,BEST_ASK,"JPM,99831,100"
2019-06-28 15:00:40.000000000,BEST_BID,"JPM,99578,286"
2019-06-28 15:00:40.000000000,BEST_ASK,"JPM,99831,286"
2019-06-28 15:00:40.000000000,BEST_BID,"JPM,99578,286"
2019-06-28 15:00:40.000000000,BEST_ASK,"JPM,99831,286"
2019-06-28 15:00:50.000000000,QUERY_SPREAD,1
2019-06-28 15:00:50.000000000,BEST_BID,"JPM,99578,174"
2019-06-28 15:00:50.000000000,BEST_ASK,"JPM,99831,100"
2019-06-28 15:00:50.000000000,BEST_BID,"JPM,99578,174"
2019-06-28 15:00:50.000000000,BEST_ASK,"JPM,99831,100"
2019-06-28 15:00:50.000000000,BEST_BID,"JPM,99578,174"
2019-06-28 15:00:50.000000000,BEST_ASK,"JPM,99831,100"
2019-06-28 15:00:50.000000000,BEST_BID,"JPM,99578,174"
2019-06-28 15:00:50.000000000,BEST_ASK,"JPM,99831,100"
2019-06-28 15:00:50.000000000,BEST_BID,"JPM,99578,174"
2019-06-28 15:00:50.000000000,BEST_ASK,"JPM,99831,100"
2019-06-28 15:00:50.000000000,BEST_BID,"JPM,99578,174"
2019-06-28 15:00:50.000000000,BEST_ASK,"JPM,99831,174"
2019-06-28 15:00:50.000000000,BEST_BID,"JPM,99578,174"
2019-06-28 15:00:50.000000000,BEST_ASK,"JPM,99831,174"
2019-06-28 15:00:50.000000000,BEST_BID,"JPM,99578,174"
2019-06-28 15:00:50.000000000,BEST_ASK,"JPM,99831,174"
2019-06-28 15:00:50.000000000,BEST_BID,"JPM,99578,174"
2019-06-28 15:00:50.000000000,BEST_ASK,"JPM,99831,174"
2019-06-28 15:00:50.000000000,BEST_BID,"JPM,99578,174"
2019-06-28 15:00:50.000000000,BEST_ASK,"JPM,99831,174"
2019-06-28 15:00:56.328294155,QUERY_SPREAD,35
2019-06-28 15:00:56.328294155,BEST_BID,"JPM,99578,74"
2019-06-28 15:00:56.328294155,BEST_ASK,"JPM,99831,174"
2019-06-28 15:00:56.328294155,LAST_TRADE,"100,$99578.0000"
2019-06-28 15:00:56.669371586,QUERY_SPREAD,51
2019-06-28 15:00:56.669371586,BEST_BID,"JPM,99517,174"
2019-06-28 15:00:56.669371586,BEST_ASK,"JPM,99578,26"
2019-06-28 15:00:56.669371586,LAST_TRADE,"74,$99578.0000"
2019-06-28 15:01:00.000000000,QUERY_SPREAD,1
2019-06-28 15:01:00.000000000,BEST_BID,"JPM,99517,226"
2019-06-28 15:01:00.000000000,BEST_ASK,"JPM,99578,26"
2019-06-28 15:01:00.000000000,BEST_BID,"JPM,99517,226"
2019-06-28 15:01:00.000000000,BEST_ASK,"JPM,99578,26"
2019-06-28 15:01:00.000000000,BEST_BID,"JPM,99517,226"
2019-06-28 15:01:00.000000000,BEST_ASK,"JPM,99578,26"
2019-06-28 15:01:00.000000000,BEST_BID,"JPM,99517,226"
2019-06-28 15:01:00.000000000,BEST_ASK,"JPM,99578,152"
2019-06-28 15:01:00.000000000,BEST_BID,"JPM,99517,226"
2019-06-28 15:01:00.000000000,BEST_ASK,"JPM,99578,152"
2019-06-28 15:01:00.000000000,BEST_BID,"JPM,99517,226"
2019-06-28 15:01:00.000000000,BEST_ASK,"JPM,99578,152"
2019-06-28 15:01:00.000000000,QUERY_SPREAD,77
2019-06-28 15:01:00.000000000,BEST_BID,"JPM,99517,226"
2019-06-28 15:01:00.000000000,BEST_ASK,"JPM,99578,147"
2019-06-28 15:01:00.000000000,LAST_TRADE,"5,$99578.0000"
2019-06-28 15:01:00.000000000,QUERY_SPREAD,78
2019-06-28 15:01:00.000000000,BEST_BID,"JPM,99517,226"
2019-06-28 15:01:00.000000000,BEST_ASK,"JPM,99578,139"
2019-06-28 15:01:00.000000000,LAST_TRADE,"8,$99578.0000"
2019-06-28 15:01:00.000000000,QUERY_SPREAD,79
2019-06-28 15:01:00.000000000,BEST_BID,"JPM,99517,226"
2019-06-28 15:01:00.000000000,BEST_ASK,"JPM,99578,134"
2019-06-28 15:01:00.000000000,LAST_TRADE,"5,$99578.0000"
2019-06-28 15:01:00.000000000,QUERY_SPREAD,80
2019-06-28 15:01:00.000000000,BEST_BID,"JPM,99517,226"
2019-06-28 15:01:00.000000000,BEST_ASK,"JPM,99578,126"
2019-06-28 15:01:00.000000000,LAST_TRADE,"8,$99578.0000"
2019-06-28 15:01:00.000000000,QUERY_SPREAD,81
2019-06-28 15:01:00.000000000,BEST_BID,"JPM,99517,226"
2019-06-28 15:01:00.000000000,BEST_ASK,"JPM,99578,117"
2019-06-28 15:01:00.000000000,LAST_TRADE,"9,$99578.0000"
2019-06-28 15:01:00.000000000,QUERY_SPREAD,82
2019-06-28 15:01:00.000000000,BEST_BID,"JPM,99517,226"
2019-06-28 15:01:00.000000000,BEST_ASK,"JPM,99578,114"
2019-06-28 15:01:00.000000000,LAST_TRADE,"3,$99578.0000"
2019-06-28 15:01:00.000000000,QUERY_SPREAD,83
2019-06-28 15:01:00.000000000,BEST_BID,"JPM,99517,226"
2019-06-28 15:01:00.000000000,BEST_ASK,"JPM,99578,106"
2019-06-28 15:01:00.000000000,LAST_TRADE,"8,$99578.0000"
2019-06-28 15:01:00.000000000,QUERY_SPREAD,84
2019-06-28 15:01:00.000000000,BEST_BID,"JPM,99517,226"
2019-06-28 15:01:00.000000000,BEST_ASK,"JPM,99578,102"
2019-06-28 15:01:00.000000000,LAST_TRADE,"4,$99578.0000"
2019-06-28 15:01:00.000000000,QUERY_SPREAD,85
2019-06-28 15:01:00.000000000,BEST_BID,"JPM,99517,226"
2019-06-28 15:01:00.000000000,BEST_ASK,"JPM,99578,97"
2019-06-28 15:01:00.000000000,LAST_TRADE,"5,$99578.0000"
2019-06-28 15:01:00.000000000,QUERY_SPREAD,86
2019-06-28 15:01:00.000000000,BEST_BID,"JPM,99517,226"
2019-06-28 15:01:00.000000000,BEST_ASK,"JPM,99578,95"
2019-06-28 15:01:00.000000000,LAST_TRADE,"2,$99578.0000"
2019-06-28 15:01:00.000000000,QUERY_SPREAD,87
2019-06-28 15:01:00.000000000,BEST_BID,"JPM,99517,226"
2019-06-28 15:01:00.000000000,BEST_ASK,"JPM,99578,88"
2019-06-28 15:01:00.000000000,LAST_TRADE,"7,$99578.0000"
2019-06-28 15:01:00.000000000,QUERY_SPREAD,88
2019-06-28 15:01:00.000000000,BEST_BID,"JPM,99517,226"
2019-06-28 15:01:00.000000000,BEST_ASK,"JPM,99578,80"
2019-06-28 15:01:00.000000000,LAST_TRADE,"8,$99578.0000"
2019-06-28 15:01:00.000000000,QUERY_SPREAD,89
2019-06-28 15:01:00.000000000,BEST_BID,"JPM,99517,226"
2019-06-28 15:01:00.000000000,BEST_ASK,"JPM,99578,75"
2019-06-28 15:01:00.000000000,LAST_TRADE,"5,$99578.0000"
2019-06-28 15:01:00.000000000,QUERY_SPREAD,90
2019-06-28 15:01:00.000000000,BEST_BID,"JPM,99517,226"
2019-06-28 15:01:00.000000000,BEST_ASK,"JPM,99578,71"
2019-06-28 15:01:00.000000000,LAST_TRADE,"4,$99578.0000"
2019-06-28 15:01:00.000000000,QUERY_SPREAD,91
2019-06-28 15:01:00.000000000,BEST_BID,"JPM,99517,226"
2019-06-28 15:01:00.000000000,BEST_ASK,"JPM,99578,68"
2019-06-28 15:01:00.000000000,LAST_TRADE,"3,$99578.0000"
2019-06-28 15:01:00.000000000,QUERY_SPREAD,92
2019-06-28 15:01:00.000000000,BEST_BID,"JPM,99517,226"
2019-06-28 15:01:00.000000000,BEST_ASK,"JPM,99578,63"
2019-06-28 15:01:00.000000000,LAST_TRADE,"5,$99578.0000"
2019-06-28 15:01:00.000000000,QUERY_SPREAD,93
2019-06-28 15:01:00.000000000,BEST_BID,"JPM,99517,226"
2019-06-28 15:01:00.000000000,BEST_ASK,"JPM,99578,56"
2019-06-28 15:01:00.000000000,LAST_TRADE,"7,$99578.0000"
2019-06-28 15:01:00.000000000,QUERY_SPREAD,94
2019-06-28 15:01:00.000000000,BEST_BID,"JPM,99517,226"
2019-06-28 15:01:00.000000000,BEST_ASK,"JPM,99578,55"
2019-06-28 15:01:00.000000000,LAST_TRADE,"1,$99578.0000"
2019-06-28 15:01:00.000000000,QUERY_SPREAD,95
2019-06-28 15:01:00.000000000,BEST_BID,"JPM,99517,226"
2019-06-28 15:01:00.000000000,BEST_ASK,"JPM,99578,54"
2019-06-28 15:01:00.000000000,LAST_TRADE,"1,$99578.0000"
2019-06-28 15:01:00.000000000,QUERY_SPREAD,96
2019-06-28 15:01:00.000000000,BEST_BID,"JPM,99517,226"
2019-06-28 15:01:00.000000000,BEST_ASK,"JPM,99578,50"
2019-06-28 15:01:00.000000000,LAST_TRADE,"4,$99578.0000"
2019-06-28 15:01:00.000000000,QUERY_SPREAD,97
2019-06-28 15:01:00.000000000,BEST_BID,"JPM,99517,226"
2019-06-28 15:01:00.000000000,BEST_ASK,"JPM,99578,47"
2019-06-28 15:01:00.000000000,LAST_TRADE,"3,$99578.0000"
2019-06-28 15:01:00.000000000,QUERY_SPREAD,98
2019-06-28 15:01:00.000000000,BEST_BID,"JPM,99517,226"
2019-06-28 15:01:00.000000000,BEST_ASK,"JPM,99578,42"
2019-06-28 15:01:00.000000000,LAST_TRADE,"5,$99578.0000"
2019-06-28 15:01:00.000000000,QUERY_SPREAD,99
2019-06-28 15:01:00.000000000,BEST_BID,"JPM,99517,226"
2019-06-28 15:01:00.000000000,BEST_ASK,"JPM,99578,38"
2019-06-28 15:01:00.000000000,LAST_TRADE,"4,$99578.0000"
2019-06-28 15:01:00.000000000,QUERY_SPREAD,100
2019-06-28 15:01:00.000000000,BEST_BID,"JPM,99517,226"
2019-06-28 15:01:00.000000000,BEST_ASK,"JPM,99578,33"
2019-06-28 15:01:00.000000000,LAST_TRADE,"5,$99578.0000"
2019-06-28 15:01:00.000000000,QUERY_SPREAD,101
2019-06-28 15:01:00.000000000,BEST_BID,"JPM,99517,226"
2019-06-28 15:01:00.000000000,BEST_ASK,"JPM,99578,32"
2019-06-28 15:01:00.000000000,LAST_TRADE,"1,$99578.0000"
2019-06-28 15:01:09.654086053,QUERY_SPREAD,16
2019-06-28 15:01:09.654086053,BEST_BID,"JPM,99517,126"
2019-06-28 15:01:09.654086053,BEST_ASK,"JPM,99578,32"
2019-06-28 15:01:09.654086053,LAST_TRADE,"100,$99517.0000"
2019-06-28 15:01:10.000000000,QUERY_SPREAD,1
2019-06-28 15:01:10.000000000,BEST_BID,"JPM,99460,471"
2019-06-28 15:01:10.000000000,BEST_ASK,"JPM,99831,100"
2019-06-28 15:01:10.000000000,BEST_BID,"JPM,99460,471"
2019-06-28 15:01:10.000000000,BEST_ASK,"JPM,99831,471"
2019-06-28 15:01:11.789615980,QUERY_SPREAD,13
2019-06-28 15:01:11.789615980,BEST_BID,"JPM,99460,371"
2019-06-28 15:01:11.789615980,BEST_ASK,"JPM,99831,471"
2019-06-28 15:01:11.789615980,LAST_TRADE,"100,$99460.0000"
2019-06-28 15:01:17.576805519,QUERY_ORDER_STREAM,67
2019-06-28 15:01:17.576805519,QUERY_SPREAD,67
2019-06-28 15:01:17.576805519,BEST_BID,"JPM,99460,371"
2019-06-28 15:01:17.576805519,BEST_ASK,"JPM,99517,100"
2019-06-28 15:01:20.000000000,QUERY_SPREAD,1
2019-06-28 15:01:20.000000000,BEST_BID,"JPM,99404,226"
2019-06-28 15:01:20.000000000,BEST_ASK,"JPM,99517,100"
2019-06-28 15:01:20.000000000,BEST_BID,"JPM,99404,226"
2019-06-28 15:01:20.000000000,BEST_ASK,"JPM,99517,100"
2019-06-28 15:01:20.000000000,BEST_BID,"JPM,99404,226"
2019-06-28 15:01:20.000000000,BEST_ASK,"JPM,99517,100"
2019-06-28 15:01:20.000000000,BEST_BID,"JPM,99404,226"
2019-06-28 15:01:20.000000000,BEST_ASK,"JPM,99517,226"
2019-06-28 15:01:20.000000000,BEST_BID,"JPM,99404,226"
2019-06-28 15:01:20.000000000,BEST_ASK,"JPM,99517,226"
2019-06-28 15:01:20.000000000,BEST_BID,"JPM,99404,226"
2019-06-28 15:01:20.000000000,BEST_ASK,"JPM,99517,226"
2019-06-28 15:01:30.000000000,QUERY_SPREAD,1
2019-06-28 15:01:30.000000000,BEST_BID,"JPM,99404,286"
2019-06-28 15:01:30.000000000,BEST_ASK,"JPM,99517,100"
2019-06-28 15:01:30.000000000,BEST_BID,"JPM,99404,286"
2019-06-28 15:01:30.000000000,BEST_ASK,"JPM,99517,100"
2019-06-28 15:01:30.000000000,BEST_BID,"JPM,99404,286"
2019-06-28 15:01:30.000000000,BEST_ASK,"JPM,99517,286"
2019-06-28 15:01:30.000000000,BEST_BID,"JPM,99404,286"
2019-06-28 15:01:30.000000000,BEST_ASK,"JPM,99517,286"
2019-06-28 15:01:40.000000000,QUERY_SPREAD,1
2019-06-28 15:01:40.000000000,BEST_BID,"JPM,99404,193"
2019-06-28 15:01:40.000000000,BEST_ASK,"JPM,99517,100"
2019-06-28 15:01:40.000000000,BEST_BID,"JPM,99404,193"
2019-06-28 15:01:40.000000000,BEST_ASK,"JPM,99517,100"
2019-06-28 15:01:40.000000000,BEST_BID,"JPM,99404,193"
2019-06-28 15:01:40.000000000,BEST_ASK,"JPM,99517,100"
2019-06-28 15:01:40.000000000,BEST_BID,"JPM,99404,193"
2019-06-28 15:01:40.000000000,BEST_ASK,"JPM,99517,100"
2019-06-28 15:01:40.000000000,BEST_BID,"JPM,99404,193"
2019-06-28 15:01:40.000000000,BEST_ASK,"JPM,99517,193"
2019-06-28 15:01:40.000000000,BEST_BID,"JPM,99404,193"
2019-06-28 15:01:40.000000000,BEST_ASK,"JPM,99517,193"
2019-06-28 15:01:40.000000000,BEST_BID,"JPM,99404,193"
2019-06-28 15:01:40.000000000,BEST_ASK,"JPM,99517,193"
2019-06-28 15:01:40.000000000,BEST_BID,"JPM,99404,193"
2019-06-28 15:01:40.000000000,BEST_ASK,"JPM,99517,193"
2019-06-28 15:01:49.020167790,QUERY_ORDER_STREAM,72
2019-06-28 15:01:49.020167790,QUERY_SPREAD,72
2019-06-28 15:01:49.020167790,BEST_BID,"JPM,99404,193"
2019-06-28 15:01:49.020167790,BEST_ASK,"JPM,99517,293"
2019-06-28 15:01:50.000000000,QUERY_SPREAD,1
2019-06-28 15:01:50.000000000,BEST_BID,"JPM,99404,286"
2019-06-28 15:01:50.000000000,BEST_ASK,"JPM,99517,200"
2019-06-28 15:01:50.000000000,BEST_BID,"JPM,99404,286"
2019-06-28 15:01:50.000000000,BEST_ASK,"JPM,99517,200"
2019-06-28 15:01:50.000000000,BEST_BID,"JPM,99404,286"
2019-06-28 15:01:50.000000000,BEST_ASK,"JPM,99517,386"
2019-06-28 15:01:50.000000000,BEST_BID,"JPM,99404,286"
2019-06-28 15:01:50.000000000,BEST_ASK,"JPM,99517,386"
2019-06-28 15:02:00.000000000,QUERY_SPREAD,1
2019-06-28 15:02:00.000000000,BEST_BID,"JPM,99404,286"
2019-06-28 15:02:00.000000000,BEST_ASK,"JPM,99517,200"
2019-06-28 15:02:00.000000000,BEST_BID,"JPM,99404,286"
2019-06-28 15:02:00.000000000,BEST_ASK,"JPM,99517,200"
2019-06-28 15:02:00.000000000,BEST_BID,"JPM,99404,286"
2019-06-28 15:02:00.000000000,BEST_ASK,"JPM,99517,386"
2019-06-28 15:02:00.000000000,BEST_BID,"JPM,99404,286"
2019-06-28 15:02:00.000000000,BEST_ASK,"JPM,99517,386"
2019-06-28 15:02:00.000000000,QUERY_SPREAD,77
2019-06-28 15:02:00.000000000,BEST_BID,"JPM,99404,286"
2019-06-28 15:02:00.000000000,BEST_ASK,"JPM,99517,381"
2019-06-28 15:02:00.000000000,LAST_TRADE,"5,$99517.0000"
2019-06-28 15:02:00.000000000,QUERY_SPREAD,78
2019-06-28 15:02:00.000000000,BEST_BID,"JPM,99404,286"
2019-06-28 15:02:00.000000000,BEST_ASK,"JPM,99517,373"
2019-06-28 15:02:00.000000000,LAST_TRADE,"8,$99517.0000"
2019-06-28 15:02:00.000000000,QUERY_SPREAD,79
2019-06-28 15:02:00.000000000,BEST_BID,"JPM,99404,286"
2019-06-28 15:02:00.000000000,BEST_ASK,"JPM,99517,368"
2019-06-28 15:02:00.000000000,LAST_TRADE,"5,$99517.0000"
2019-06-28 15:02:00.000000000,QUERY_SPREAD,80
2019-06-28 15:02:00.000000000,BEST_BID,"JPM,99404,286"
2019-06-28 15:02:00.000000000,BEST_ASK,"JPM,99517,360"
2019-06-28 15:02:00.000000000,LAST_TRADE,"8,$99517.0000"
2019-06-28 15:02:00.000000000,QUERY_SPREAD,81
2019-06-28 15:02:00.000000000,BEST_BID,"JPM,99404,286"
2019-06-28 15:02:00.000000000,BEST_ASK,"JPM,99517,351"
2019-06-28 15:02:00.000000000,LAST_TRADE,"9,$99517.0000"
2019-06-28 15:02:00.000000000,QUERY_SPREAD,82
2019-06-28 15:02:00.000000000,BEST_BID,"JPM,99404,286"
2019-06-28 15:02:00.000000000,BEST_ASK,"JPM,99517,348"
2019-06-28 15:02:00.000000000,LAST_TRADE,"3,$99517.0000"
2019-06-28 15:02:00.000000000,QUERY_SPREAD,83
2019-06-28 15:02:00.000000000,BEST_BID,"JPM,99404,286"
2019-06-28 15:02:00.000000000,BEST_ASK,"JPM,99517,340"
2019-06-28 15:02:00.000000000,LAST_TRADE,"8,$99517.0000"
2019-06-28 15:02:00.000000000,QUERY_SPREAD,84
2019-06-28 15:02:00.000000000,BEST_BID,"JPM,99404,286"
2019-06-28 15:02:00.000000000,BEST_ASK,"JPM,99517,336"
2019-06-28 15:02:00.000000000,LAST_TRADE,"4,$99517.0000"
2019-06-28 15:02:00.000000000,QUERY_SPREAD,85
2019-06-28 15:02:00.000000000,BEST_BID,"JPM,99404,286"
2019-06-28 15:02:00.000000000,BEST_ASK,"JPM,99517,331"
2019-06-28 15:02:00.000000000,LAST_TRADE,"5,$99517.0000"
2019-06-28 15:02:00.000000000,QUERY_SPREAD,86
2019-06-28 15:02:00.000000000,BEST_BID,"JPM,99404,286"
2019-06-28 15:02:00.000000000,BEST_ASK,"JPM,99517,329"
2019-06-28 15:02:00.000000000,LAST_TRADE,"2,$99517.0000"
2019-06-28 15:02:00.000000000,QUERY_SPREAD,87
2019-06-28 15:02:00.000000000,BEST_BID,"JPM,99404,286"
2019-06-28 15:02:00.000000000,BEST_ASK,"JPM,99517,322"
2019-06-28 15:02:00.000000000,LAST_TRADE,"7,$99517.0000"
2019-06-28 15:02:00.000000000,QUERY_SPREAD,88
2019-06-28 15:02:00.000000000,BEST_BID,"JPM,99404,286"
2019-06-28 15:02:00.000000000,BEST_ASK,"JPM,99517,314"
2019-06-28 15:02:00.000000000,LAST_TRADE,"8,$99517.0000"
2019-06-28 15:02:00.000000000,QUERY_SPREAD,89
2019-06-28 15:02:00.000000000,BEST_BID,"JPM,99404,286"
2019-06-28 15:02:00.000000000,BEST_ASK,"JPM,99517,309"
2019-06-28 15:02:00.000000000,LAST_TRADE,"5,$99517.0000"
2019-06-28 15:02:00.000000000,QUERY_SPREAD,90
2019-06-28 15:02:00.000000000,BEST_BID,"JPM,99404,286"
2019-06-28 15:02:00.000000000,BEST_ASK,"JPM,99517,305"
2019-06-28 15:02:00.000000000,LAST_TRADE,"4,$99517.0000"
2019-06-28 15:02:00.000000000,QUERY_SPREAD,91
2019-06-28 15:02:00.000000000,BEST_BID,"JPM,99404,286"
2019-06-28 15:02:00.000000000,BEST_ASK,"JPM,99517,302"
2019-06-28 15:02:00.000000000,LAST_TRADE,"3,$99517.0000"
2019-06-28 15:02:00.000000000,QUERY_SPREAD,92
2019-06-28 15:02:00.000000000,BEST_BID,"JPM,99404,286"
2019-06-28 15:02:00.000000000,BEST_ASK,"JPM,99517,297"
2019-06-28 15:02:00.000000000,LAST_TRADE,"5,$99517.0000"
2019-06-28 15:02:00.000000000,QUERY_SPREAD,93
2019-06-28 15:02:00.000000000,BEST_BID,"JPM,99404,286"
2019-06-28 15:02:00.000000000,BEST_ASK,"JPM,99517,290"
2019-06-28 15:02:00.000000000,LAST_TRADE,"7,$99517.0000"
2019-06-28 15:02:00.000000000,QUERY_SPREAD,94
2019-06-28 15:02:00.000000000,BEST_BID,"JPM,99404,286"
2019-06-28 15:02:00.000000000,BEST_ASK,"JPM,99517,289"
2019-06-28 15:02:00.000000000,LAST_TRADE,"1,$99517.0000"
2019-06-28 15:02:00.000000000,QUERY_SPREAD,95
2019-06-28 15:02:00.000000000,BEST_BID,"JPM,99404,286"
2019-06-28 15:02:00.000000000,BEST_ASK,"JPM,99517,288"
2019-06-28 15:02:00.000000000,LAST_TRADE,"1,$99517.0000"
2019-06-28 15:02:00.000000000,QUERY_SPREAD,96
2019-06-28 15:02:00.000000000,BEST_BID,"JPM,99404,286"
2019-06-28 15:02:00.000000000,BEST_ASK,"JPM,99517,284"
2019-06-28 15:02:00.000000000,LAST_TRADE,"4,$99517.0000"
2019-06-28 15:02:00.000000000,QUERY_SPREAD,97
2019-06-28 15:02:00.000000000,BEST_BID,"JPM,99404,286"
2019-06-28 15:02:00.000000000,BEST_ASK,"JPM,99517,281"
2019-06-28 15:02:00.000000000,LAST_TRADE,"3,$99517.0000"
2019-06-28 15:02:00.000000000,QUERY_SPREAD,98
2019-06-28 15:02:00.000000000,BEST_BID,"JPM,99404,286"
2019-06-28 15:02:00.000000000,BEST_ASK,"JPM,99517,276"
2019-06-28 15:02:00.000000000,LAST_TRADE,"5,$99517.0000"
2019-06-28 15:02:00.000000000,QUERY_SPREAD,99
2019-06-28 15:02:00.000000000,BEST_BID,"JPM,99404,286"
2019-06-28 15:02:00.000000000,BEST_ASK,"JPM,99517,272"
2019-06-28 15:02:00.000000000,LAST_TRADE,"4,$99517.0000"
2019-06-28 15:02:00.000000000,QUERY_SPREAD,100
2019-06-28 15:02:00.000000000,BEST_BID,"JPM,99404,286"
2019-06-28 15:02:00.000000000,BEST_ASK,"JPM,99517,267"
2019-06-28 15:02:00.000000000,LAST_TRADE,"5,$99517.0000"
2019-06-28 15:02:00.000000000,QUERY_SPREAD,101
2019-06-28 15:02:00.000000000,BEST_BID,"JPM,99404,286"
2019-06-28 15:02:00.000000000,BEST_ASK,"JPM,99517,266"
2019-06-28 15:02:00.000000000,LAST_TRADE,"1,$99517.0000"
2019-06-28 15:02:01.406260655,QUERY_SPREAD,23
2019-06-28 15:02:01.406260655,BEST_BID,"JPM,99404,286"
2019-06-28 15:02:01.406260655,BEST_ASK,"JPM,99517,266"
2019-06-28 15:02:08.916480840,QUERY_SPREAD,36
2019-06-28 15:02:08.916480840,BEST_BID,"JPM,99404,286"
2019-06-28 15:02:08.916480840,BEST_ASK,"JPM,99517,266"
2019-06-28 15:02:10.000000000,QUERY_SPREAD,1
2019-06-28 15:02:10.000000000,BEST_BID,"JPM,99404,193"
2019-06-28 15:02:10.000000000,BEST_ASK,"JPM,99517,80"
2019-06-28 15:02:10.000000000,BEST_BID,"JPM,99404,193"
2019-06-28 15:02:10.000000000,BEST_ASK,"JPM,99517,80"
2019-06-28 15:02:10.000000000,BEST_BID,"JPM,99404,193"
2019-06-28 15:02:10.000000000,BEST_ASK,"JPM,99517,80"
2019-06-28 15:02:10.000000000,BEST_BID,"JPM,99404,193"
2019-06-28 15:02:10.000000000,BEST_ASK,"JPM,99517,80"
2019-06-28 15:02:10.000000000,BEST_BID,"JPM,99404,193"
2019-06-28 15:02:10.000000000,BEST_ASK,"JPM,99517,173"
2019-06-28 15:02:10.000000000,BEST_BID,"JPM,99404,193"
2019-06-28 15:02:10.000000000,BEST_ASK,"JPM,99517,173"
2019-06-28 15:02:10.000000000,BEST_BID,"JPM,99404,193"
2019-06-28 15:02:10.000000000,BEST_ASK,"JPM,99517,173"
2019-06-28 15:02:10.000000000,BEST_BID,"JPM,99404,193"
2019-06-28 15:02:10.000000000,BEST_ASK,"JPM,99517,173"
2019-06-28 15:02:10.813826338,QUERY_SPREAD,35
2019-06-28 15:02:10.813826338,BEST_BID,"JPM,99404,93"
2019-06-28 15:02:10.813826338,BEST_ASK,"JPM,99517,173"
2019-06-28 15:02:10.813826338,LAST_TRADE,"100,$99404.0000"
2019-06-28 15:02:13.519563122,QUERY_SPREAD,30
2019-06-28 15:02:13.519563122,BEST_BID,"JPM,99404,93"
2019-06-28 15:02:13.519563122,BEST_ASK,"JPM,99517,173"
2019-06-28 15:02:20.000000000,QUERY_SPREAD,1
2019-06-28 15:02:20.000000000,BEST_BID,"JPM,99352,193"
2019-06-28 15:02:20.000000000,BEST_ASK,"JPM,99517,80"
2019-06-28 15:02:20.000000000,BEST_BID,"JPM,99352,193"
2019-06-28 15:02:20.000000000,BEST_ASK,"JPM,99517,80"
2019-06-28 15:02:20.000000000,BEST_BID,"JPM,99352,193"
2019-06-28 15:02:20.000000000,BEST_ASK,"JPM,99517,80"
2019-06-28 15:02:20.000000000,BEST_BID,"JPM,99352,193"
2019-06-28 15:02:20.000000000,BEST_ASK,"JPM,99517,80"
2019-06-28 15:02:20.000000000,BEST_BID,"JPM,99352,193"
2019-06-28 15:02:20.000000000,BEST_ASK,"JPM,99517,173"
2019-06-28 15:02:20.000000000,BEST_BID,"JPM,99352,193"
2019-06-28 15:02:20.000000000,BEST_ASK,"JPM,99517,173"
2019-06-28 15:02:20.000000000,BEST_BID,"JPM,99352,193"
2019-06-28 15:02:20.000000000,BEST_ASK,"JPM,99517,173"
2019-06-28 15:02:20.000000000,BEST_BID,"JPM,99352,193"
2019-06-28 15:02:20.000000000,BEST_ASK,"JPM,99517,173"
2019-06-28 15:02:29.606404620,QUERY_SPREAD,21
2019-06-28 15:02:29.606404620,BEST_BID,"JPM,99352,193"
2019-06-28 15:02:29.606404620,BEST_ASK,"JPM,99517,173"
2019-06-28 15:02:30.000000000,QUERY_SPREAD,1
2019-06-28 15:02:30.000000000,BEST_BID,"JPM,99352,174"
2019-06-28 15:02:30.000000000,BEST_ASK,"JPM,99517,80"
2019-06-28 15:02:30.000000000,BEST_BID,"JPM,99352,174"
2019-06-28 15:02:30.000000000,BEST_ASK,"JPM,99517,80"
2019-06-28 15:02:30.000000000,BEST_BID,"JPM,99352,174"
2019-06-28 15:02:30.000000000,BEST_ASK,"JPM,99517,80"
2019-06-28 15:02:30.000000000,BEST_BID,"JPM,99352,174"
2019-06-28 15:02:30.000000000,BEST_ASK,"JPM,99517,80"
2019-06-28 15:02:30.000000000,BEST_BID,"JPM,99352,174"
2019-06-28 15:02:30.000000000,BEST_ASK,"JPM,99517,80"
2019-06-28 15:02:30.000000000,BEST_BID,"JPM,99352,174"
2019-06-28 15:02:30.000000000,BEST_ASK,"JPM,99517,154"
2019-06-28 15:02:30.000000000,BEST_BID,"JPM,99352,174"
2019-06-28 15:02:30.000000000,BEST_ASK,"JPM,99517,154"
2019-06-28 15:02:30.000000000,BEST_BID,"JPM,99352,174"
2019-06-28 15:02:30.000000000,BEST_ASK,"JPM,99517,154"
2019-06-28 15:02:30.000000000,BEST_BID,"JPM,99352,174"
2019-06-28 15:02:30.000000000,BEST_ASK,"JPM,99517,154"
2019-06-28 15:02:30.000000000,BEST_BID,"JPM,99352,174"
2019-06-28 15:02:30.000000000,BEST_ASK,"JPM,99517,154"
2019-06-28 15:02:40.000000000,QUERY_SPREAD,1
2019-06-28 15:02:40.000000000,BEST_BID,"JPM,99352,193"
2019-06-28 15:02:40.000000000,BEST_ASK,"JPM,99517,80"
2019-06-28 15:02:40.000000000,BEST_BID,"JPM,99352,193"
2019-06-28 15:02:40.000000000,BEST_ASK,"JPM,99517,80"
2019-06-28 15:02:40.000000000,BEST_BID,"JPM,99352,193"
2019-06-28 15:02:40.000000000,BEST_ASK,"JPM,99517,80"
2019-06-28 15:02:40.000000000,BEST_BID,"JPM,99352,193"
2019-06-28 15:02:40.000000000,BEST_ASK,"JPM,99517,80"
2019-06-28 15:02:40.000000000,BEST_BID,"JPM,99352,193"
2019-06-28 15:02:40.000000000,BEST_ASK,"JPM,99517,173"
2019-06-28 15:02:40.000000000,BEST_BID,"JPM,99352,193"
2019-06-28 15:02:40.000000000,BEST_ASK,"JPM,99517,173"
2019-06-28 15:02:40.000000000,BEST_BID,"JPM,99352,193"
2019-06-28 15:02:40.000000000,BEST_ASK,"JPM,99517,173"
2019-06-28 15:02:40.000000000,BEST_BID,"JPM,99352,193"
2019-06-28 15:02:40.000000000,BEST_ASK,"JPM,99517,173"
2019-06-28 15:02:40.935544071,QUERY_SPREAD,24
2019-06-28 15:02:40.935544071,BEST_BID,"JPM,99352,93"
2019-06-28 15:02:40.935544071,BEST_ASK,"JPM,99517,173"
2019-06-28 15:02:40.935544071,LAST_TRADE,"100,$99352.0000"
2019-06-28 15:02:50.000000000,QUERY_SPREAD,1
2019-06-28 15:02:50.000000000,BEST_BID,"JPM,99321,286"
2019-06-28 15:02:50.000000000,BEST_ASK,"JPM,99517,80"
2019-06-28 15:02:50.000000000,BEST_BID,"JPM,99321,286"
2019-06-28 15:02:50.000000000,BEST_ASK,"JPM,99517,80"
2019-06-28 15:02:50.000000000,BEST_BID,"JPM,99321,286"
2019-06-28 15:02:50.000000000,BEST_ASK,"JPM,99517,266"
2019-06-28 15:02:50.000000000,BEST_BID,"JPM,99321,286"
2019-06-28 15:02:50.000000000,BEST_ASK,"JPM,99517,266"
2019-06-28 15:02:57.171249866,QUERY_SPREAD,47
2019-06-28 15:02:57.171249866,BEST_BID,"JPM,99321,186"
2019-06-28 15:02:57.171249866,BEST_ASK,"JPM,99517,266"
2019-06-28 15:02:57.171249866,LAST_TRADE,"100,$99321.0000"
2019-06-28 15:03:00.000000000,QUERY_SPREAD,1
2019-06-28 15:03:00.000000000,BEST_BID,"JPM,99303,193"
2019-06-28 15:03:00.000000000,BEST_ASK,"JPM,99517,80"
2019-06-28 15:03:00.000000000,BEST_BID,"JPM,99303,193"
2019-06-28 15:03:00.000000000,BEST_ASK,"JPM,99517,80"
2019-06-28 15:03:00.000000000,BEST_BID,"JPM,99303,193"
2019-06-28 15:03:00.000000000,BEST_ASK,"JPM,99517,80"
2019-06-28 15:03:00.000000000,BEST_BID,"JPM,99303,193"
2019-06-28 15:03:00.000000000,BEST_ASK,"JPM,99517,80"
2019-06-28 15:03:00.000000000,BEST_BID,"JPM,99303,193"
2019-06-28 15:03:00.000000000,BEST_ASK,"JPM,99517,173"
2019-06-28 15:03:00.000000000,BEST_BID,"JPM,99303,193"
2019-06-28 15:03:00.000000000,BEST_ASK,"JPM,99517,173"
2019-06-28 15:03:00.000000000,BEST_BID,"JPM,99303,193"
2019-06-28 15:03:00.000000000,BEST_ASK,"JPM,99517,173"
2019-06-28 15:03:00.000000000,BEST_BID,"JPM,99303,193"
2019-06-28 15:03:00.000000000,BEST_ASK,"JPM,99517,173"
2019-06-28 15:03:00.000000000,QUERY_SPREAD,77
2019-06-28 15:03:00.000000000,BEST_BID,"JPM,99303,193"
2019-06-28 15:03:00.000000000,BEST_ASK,"JPM,99517,168"
2019-06-28 15:03:00.000000000,LAST_TRADE,"5,$99517.0000"
2019-06-28 15:03:00.000000000,QUERY_SPREAD,78
2019-06-28 15:03:00.000000000,BEST_BID,"JPM,99303,193"
2019-06-28 15:03:00.000000000,BEST_ASK,"JPM,99517,160"
2019-06-28 15:03:00.000000000,LAST_TRADE,"8,$99517.0000"
2019-06-28 15:03:00.000000000,QUERY_SPREAD,79
2019-06-28 15:03:00.000000000,BEST_BID,"JPM,99303,193"
2019-06-28 15:03:00.000000000,BEST_ASK,"JPM,99517,155"
2019-06-28 15:03:00.000000000,LAST_TRADE,"5,$99517.0000"
2019-06-28 15:03:00.000000000,QUERY_SPREAD,80
2019-06-28 15:03:00.000000000,BEST_BID,"JPM,99303,193"
2019-06-28 15:03:00.000000000,BEST_ASK,"JPM,99517,147"
2019-06-28 15:03:00.000000000,LAST_TRADE,"8,$99517.0000"
2019-06-28 15:03:00.000000000,QUERY_SPREAD,81
2019-06-28 15:03:00.000000000,BEST_BID,"JPM,99303,193"
2019-06-28 15:03:00.000000000,BEST_ASK,"JPM,99517,138"
2019-06-28 15:03:00.000000000,LAST_TRADE,"9,$99517.0000"
2019-06-28 15:03:00.000000000,QUERY_SPREAD,82
2019-06-28 15:03:00.000000000,BEST_BID,"JPM,99303,193"
2019-06-28 15:03:00.000000000,BEST_ASK,"JPM,99517,135"
2019-06-28 15:03:00.000000000,LAST_TRADE,"3,$99517.0000"
2019-06-28 15:03:00.000000000,QUERY_SPREAD,83
2019-06-28 15:03:00.000000000,BEST_BID,"JPM,99303,193"
2019-06-28 15:03:00.000000000,BEST_ASK,"JPM,99517,127"
2019-06-28 15:03:00.000000000,LAST_TRADE,"8,$99517.0000"
2019-06-28 15:03:00.000000000,QUERY_SPREAD,84
2019-06-28 15:03:00.000000000,BEST_BID,"JPM,99303,193"
2019-06-28 15:03:00.000000000,BEST_ASK,"JPM,99517,123"
2019-06-28 15:03:00.000000000,LAST_TRADE,"4,$99517.0000"
2019-06-28 15:03:00.000000000,QUERY_SPREAD,85
2019-06-28 15:03:00.000000000,BEST_BID,"JPM,99303,193"
2019-06-28 15:03:00.000000000,BEST_ASK,"JPM,99517,118"
2019-06-28 15:03:00.000000000,LAST_TRADE,"5,$99517.0000"
2019-06-28 15:03:00.000000000,QUERY_SPREAD,86
2019-06-28 15:03:00.000000000,BEST_BID,"JPM,99303,193"
2019-06-28 15:03:00.000000000,BEST_ASK,"JPM,99517,116"
2019-06-28 15:03:00.000000000,LAST_TRADE,"2,$99517.0000"
2019-06-28 15:03:00.000000000,QUERY_SPREAD,87
2019-06-28 15:03:00.000000000,BEST_BID,"JPM,99303,193"
2019-06-28 15:03:00.000000000,BEST_ASK,"JPM,99517,109"
2019-06-28 15:03:00.000000000,LAST_TRADE,"7,$99517.0000"
2019-06-28 15:03:00.000000000,QUERY_SPREAD,88
2019-06-28 15:03:00.000000000,BEST_BID,"JPM,99303,193"
2019-06-28 15:03:00.000000000,BEST_ASK,"JPM,99517,101"
2019-06-28 15:03:00.000000000,LAST_TRADE,"8,$99517.0000"
2019-06-28 15:03:00.000000000,QUERY_SPREAD,89
2019-06-28 15:03:00.000000000,BEST_BID,"JPM,99303,193"
2019-06-28 15:03:00.000000000,BEST_ASK,"JPM,99517,96"
2019-06-28 15:03:00.000000000,LAST_TRADE,"5,$99517.0000"
2019-06-28 15:03:00.000000000,QUERY_SPREAD,90
2019-06-28 15:03:00.000000000,BEST_BID,"JPM,99303,193"
2019-06-28 15:03:00.000000000,BEST_ASK,"JPM,99517,92"
2019-06-28 15:03:00.000000000,LAST_TRADE,"4,$99517.0000"
2019-06-28 15:03:00.000000000,QUERY_SPREAD,91
2019-06-28 15:03:00.000000000,BEST_BID,"JPM,99303,193"
2019-06-28 15:03:00.000000000,BEST_ASK,"JPM,99517,89"
2019-06-28 15:03:00.000000000,LAST_TRADE,"3,$99517.0000"
2019-06-28 15:03:00.000000000,QUERY_SPREAD,92
2019-06-28 15:03:00.000000000,BEST_BID,"JPM,99303,193"
2019-06-28 15:03:00.000000000,BEST_ASK,"JPM,99517,84"
2019-06-28 15:03:00.000000000,LAST_TRADE,"5,$99517.0000"
2019-06-28 15:03:00.000000000,QUERY_SPREAD,93
2019-06-28 15:03:00.000000000,BEST_BID,"JPM,99303,193"
2019-06-28 15:03:00.000000000,BEST_ASK,"JPM,99517,77"
2019-06-28 15:03:00.000000000,LAST_TRADE,"7,$99517.0000"
2019-06-28 15:03:00.000000000,QUERY_SPREAD,94
2019-06-28 15:03:00.000000000,BEST_BID,"JPM,99303,193"
2019-06-28 15:03:00.000000000,BEST_ASK,"JPM,99517,76"
2019-06-28 15:03:00.000000000,LAST_TRADE,"1,$99517.0000"
2019-06-28 15:03:00.000000000,QUERY_SPREAD,95
2019-06-28 15:03:00.000000000,BEST_BID,"JPM,99303,193"
2019-06-28 15:03:00.000000000,BEST_ASK,"JPM,99517,75"
2019-06-28 15:03:00.000000000,LAST_TRADE,"1,$99517.0000"
2019-06-28 15:03:00.000000000,QUERY_SPREAD,96
2019-06-28 15:03:00.000000000,BEST_BID,"JPM,99303,193"
2019-06-28 15:03:00.000000000,BEST_ASK,"JPM,99517,71"
2019-06-28 15:03:00.000000000,LAST_TRADE,"4,$99517.0000"
2019-06-28 15:03:00.000000000,QUERY_SPREAD,97
2019-06-28 15:03:00.000000000,BEST_BID,"JPM,99303,193"
2019-06-28 15:03:00.000000000,BEST_ASK,"JPM,99517,68"
2019-06-28 15:03:00.000000000,LAST_TRADE,"3,$99517.0000"
2019-06-28 15:03:00.000000000,QUERY_SPREAD,98
2019-06-28 15:03:00.000000000,BEST_BID,"JPM,99303,193"
2019-06-28 15:03:00.000000000,BEST_ASK,"JPM,99517,63"
2019-06-28 15:03:00.000000000,LAST_TRADE,"5,$99517.0000"
2019-06-28 15:03:00.000000000,QUERY_SPREAD,99
2019-06-28 15:03:00.000000000,BEST_BID,"JPM,99303,193"
2019-06-28 15:03:00.000000000,BEST_ASK,"JPM,99517,59"
2019-06-28 15:03:00.000000000,LAST_TRADE,"4,$99517.0000"
2019-06-28 15:03:00.000000000,QUERY_SPREAD,100
2019-06-28 15:03:00.000000000,BEST_BID,"JPM,99303,193"
2019-06-28 15:03:00.000000000,BEST_ASK,"JPM,99517,54"
2019-06-28 15:03:00.000000000,LAST_TRADE,"5,$99517.0000"
2019-06-28 15:03:00.000000000,QUERY_SPREAD,101
2019-06-28 15:03:00.000000000,BEST_BID,"JPM,99303,193"
2019-06-28 15:03:00.000000000,BEST_ASK,"JPM,99517,53"
2019-06-28 15:03:00.000000000,LAST_TRADE,"1,$99517.0000"
2019-06-28 15:03:10.000000000,QUERY_SPREAD,1
2019-06-28 15:03:10.000000000,BEST_BID,"JPM,99303,226"
2019-06-28 15:03:10.000000000,BEST_ASK,"JPM,99831,100"
2019-06-28 15:03:10.000000000,BEST_BID,"JPM,99303,226"
2019-06-28 15:03:10.000000000,BEST_ASK,"JPM,99831,100"
2019-06-28 15:03:10.000000000,BEST_BID,"JPM,99303,226"
2019-06-28 15:03:10.000000000,BEST_ASK,"JPM,99831,100"
2019-06-28 15:03:10.000000000,BEST_BID,"JPM,99303,226"
2019-06-28 15:03:10.000000000,BEST_ASK,"JPM,99831,226"
2019-06-28 15:03:10.000000000,BEST_BID,"JPM,99303,226"
2019-06-28 15:03:10.000000000,BEST_ASK,"JPM,99831,226"
2019-06-28 15:03:10.000000000,BEST_BID,"JPM,99303,226"
2019-06-28 15:03:10.000000000,BEST_ASK,"JPM,99831,226"
2019-06-28 15:03:20.000000000,QUERY_SPREAD,1
2019-06-28 15:03:20.000000000,BEST_BID,"JPM,99303,193"
2019-06-28 15:03:20.000000000,BEST_ASK,"JPM,99831,100"
2019-06-28 15:03:20.000000000,BEST_BID,"JPM,99303,193"
2019-06-28 15:03:20.000000000,BEST_ASK,"JPM,99831,100"
2019-06-28 15:03:20.000000000,BEST_BID,"JPM,99303,193"
2019-06-28 15:03:20.000000000,BEST_ASK,"JPM,99831,100"
2019-06-28 15:03:20.000000000,BEST_BID,"JPM,99303,193"
2019-06-28 15:03:20.000000000,BEST_ASK,"JPM,99831,100"
2019-06-28 15:03:20.000000000,BEST_BID,"JPM,99303,193"
2019-06-28 15:03:20.000000000,BEST_ASK,"JPM,99831,193"
2019-06-28 15:03:20.000000000,BEST_BID,"JPM,99303,193"
2019-06-28 15:03:20.000000000,BEST_ASK,"JPM,99831,193"
2019-06-28 15:03:20.000000000,BEST_BID,"JPM,99303,193"
2019-06-28 15:03:20.000000000,BEST_ASK,"JPM,99831,193"
2019-06-28 15:03:20.000000000,BEST_BID,"JPM,99303,193"
2019-06-28 15:03:20.000000000,BEST_ASK,"JPM,99831,193"
2019-06-28 15:03:30.000000000,QUERY_SPREAD,1
2019-06-28 15:03:30.000000000,BEST_BID,"JPM,99303,193"
2019-06-28 15:03:30.000000000,BEST_ASK,"JPM,99831,100"
2019-06-28 15:03:30.000000000,BEST_BID,"JPM,99303,193"
2019-06-28 15:03:30.000000000,BEST_ASK,"JPM,99831,100"
2019-06-28 15:03:30.000000000,BEST_BID,"JPM,99303,193"
2019-06-28 15:03:30.000000000,BEST_ASK,"JPM,99831,100"
2019-06-28 15:03:30.000000000,BEST_BID,"JPM,99303,193"
2019-06-28 15:03:30.000000000,BEST_ASK,"JPM,99831,100"
2019-06-28 15:03:30.000000000,BEST_BID,"JPM,99303,193"
2019-06-28 15:03:30.000000000,BEST_ASK,"JPM,99831,193"
2019-06-28 15:03:30.000000000,BEST_BID,"JPM,99303,193"
2019-06-28 15:03:30.000000000,BEST_ASK,"JPM,99831,193"
2019-06-28 15:03:30.000000000,BEST_BID,"JPM,99303,193"
2019-06-28 15:03:30.000000000,BEST_ASK,"JPM,99831,193"
2019-06-28 15:03:30.000000000,BEST_BID,"JPM,99303,193"
2019-06-28 15:03:30.000000000,BEST_ASK,"JPM,99831,193"
2019-06-28 15:03:33.033918615,QUERY_SPREAD,12
2019-06-28 15:03:33.033918615,BEST_BID,"JPM,99303,193"
2019-06-28 15:03:33.033918615,BEST_ASK,"JPM,99831,193"
2019-06-28 15:03:40.000000000,QUERY_SPREAD,1
2019-06-28 15:03:40.000000000,BEST_BID,"JPM,99303,193"
2019-06-28 15:03:40.000000000,BEST_ASK,"JPM,99831,100"
2019-06-28 15:03:40.000000000,BEST_BID,"JPM,99303,193"
2019-06-28 15:03:40.000000000,BEST_ASK,"JPM,99831,100"
2019-06-28 15:03:40.000000000,BEST_BID,"JPM,99303,193"
2019-06-28 15:03:40.000000000,BEST_ASK,"JPM,99831,100"
2019-06-28 15:03:40.000000000,BEST_BID,"JPM,99303,193"
2019-06-28 15:03:40.000000000,BEST_ASK,"JPM,99831,100"
2019-06-28 15:03:40.000000000,BEST_BID,"JPM,99303,193"
2019-06-28 15:03:40.000000000,BEST_ASK,"JPM,99831,193"
2019-06-28 15:03:40.000000000,BEST_BID,"JPM,99303,193"
2019-06-28 15:03:40.000000000,BEST_ASK,"JPM,99831,193"
2019-06-28 15:03:40.000000000,BEST_BID,"JPM,99303,193"
2019-06-28 15:03:40.000000000,BEST_ASK,"JPM,99831,193"
2019-06-28 15:03:40.000000000,BEST_BID,"JPM,99303,193"
2019-06-28 15:03:40.000000000,BEST_ASK,"JPM,99831,193"
2019-06-28 15:03:50.000000000,QUERY_SPREAD,1
2019-06-28 15:03:50.000000000,BEST_BID,"JPM,99303,193"
2019-06-28 15:03:50.000000000,BEST_ASK,"JPM,99831,100"
2019-06-28 15:03:50.000000000,BEST_BID,"JPM,99303,193"
2019-06-28 15:03:50.000000000,BEST_ASK,"JPM,99831,100"
2019-06-28 15:03:50.000000000,BEST_BID,"JPM,99303,193"
2019-06-28 15:03:50.000000000,BEST_ASK,"JPM,99831,100"
2019-06-28 15:03:50.000000000,BEST_BID,"JPM,99303,193"
2019-06-28 15:03:50.000000000,BEST_ASK,"JPM,99831,100"
2019-06-28 15:03:50.000000000,BEST_BID,"JPM,99303,193"
2019-06-28 15:03:50.000000000,BEST_ASK,"JPM,99831,193"
2019-06-28 15:03:50.000000000,BEST_BID,"JPM,99303,193"
2019-06-28 15:03:50.000000000,BEST_ASK,"JPM,99831,193"
2019-06-28 15:03:50.000000000,BEST_BID,"JPM,99303,193"
2019-06-28 15:03:50.000000000,BEST_ASK,"JPM,99831,193"
2019-06-28 15:03:50.000000000,BEST_BID,"JPM,99303,193"
2019-06-28 15:03:50.000000000,BEST_ASK,"JPM,99831,193"
2019-06-28 15:04:00.000000000,QUERY_SPREAD,1
2019-06-28 15:04:00.000000000,BEST_BID,"JPM,99303,471"
2019-06-28 15:04:00.000000000,BEST_ASK,"JPM,99831,100"
2019-06-28 15:04:00.000000000,BEST_BID,"JPM,99303,471"
2019-06-28 15:04:00.000000000,BEST_ASK,"JPM,99831,471"
2019-06-28 15:04:00.000000000,QUERY_SPREAD,77
2019-06-28 15:04:00.000000000,BEST_BID,"JPM,99303,471"
2019-06-28 15:04:00.000000000,BEST_ASK,"JPM,99831,466"
2019-06-28 15:04:00.000000000,LAST_TRADE,"5,$99831.0000"
2019-06-28 15:04:00.000000000,QUERY_SPREAD,78
2019-06-28 15:04:00.000000000,BEST_BID,"JPM,99303,471"
2019-06-28 15:04:00.000000000,BEST_ASK,"JPM,99831,458"
2019-06-28 15:04:00.000000000,LAST_TRADE,"8,$99831.0000"
2019-06-28 15:04:00.000000000,QUERY_SPREAD,79
2019-06-28 15:04:00.000000000,BEST_BID,"JPM,99303,471"
2019-06-28 15:04:00.000000000,BEST_ASK,"JPM,99831,453"
2019-06-28 15:04:00.000000000,LAST_TRADE,"5,$99831.0000"
2019-06-28 15:04:00.000000000,QUERY_SPREAD,80
2019-06-28 15:04:00.000000000,BEST_BID,"JPM,99303,471"
2019-06-28 15:04:00.000000000,BEST_ASK,"JPM,99831,445"
2019-06-28 15:04:00.000000000,LAST_TRADE,"8,$99831.0000"
2019-06-28 15:04:00.000000000,QUERY_SPREAD,81
2019-06-28 15:04:00.000000000,BEST_BID,"JPM,99303,471"
2019-06-28 15:04:00.000000000,BEST_ASK,"JPM,99831,436"
2019-06-28 15:04:00.000000000,LAST_TRADE,"9,$99831.0000"
2019-06-28 15:04:00.000000000,QUERY_SPREAD,82
2019-06-28 15:04:00.000000000,BEST_BID,"JPM,99303,471"
2019-06-28 15:04:00.000000000,BEST_ASK,"JPM,99831,433"
2019-06-28 15:04:00.000000000,LAST_TRADE,"3,$99831.0000"
2019-06-28 15:04:00.000000000,QUERY_SPREAD,83
2019-06-28 15:04:00.000000000,BEST_BID,"JPM,99303,471"
2019-06-28 15:04:00.000000000,BEST_ASK,"JPM,99831,425"
2019-06-28 15:04:00.000000000,LAST_TRADE,"8,$99831.0000"
2019-06-28 15:04:00.000000000,QUERY_SPREAD,84
2019-06-28 15:04:00.000000000,BEST_BID,"JPM,99303,471"
2019-06-28 15:04:00.000000000,BEST_ASK,"JPM,99831,421"
2019-06-28 15:04:00.000000000,LAST_TRADE,"4,$99831.0000"
2019-06-28 15:04:00.000000000,QUERY_SPREAD,85
2019-06-28 15:04:00.000000000,BEST_BID,"JPM,99303,471"
2019-06-28 15:04:00.000000000,BEST_ASK,"JPM,99831,416"
2019-06-28 15:04:00.000000000,LAST_TRADE,"5,$99831.0000"
2019-06-28 15:04:00.000000000,QUERY_SPREAD,86
2019-06-28 15:04:00.000000000,BEST_BID,"JPM,99303,471"
2019-06-28 15:04:00.000000000,BEST_ASK,"JPM,99831,414"
2019-06-28 15:04:00.000000000,LAST_TRADE,"2,$99831.0000"
2019-06-28 15:04:00.000000000,QUERY_SPREAD,87
2019-06-28 15:04:00.000000000,BEST_BID,"JPM,99303,471"
2019-06-28 15:04:00.000000000,BEST_ASK,"JPM,99831,407"
2019-06-28 15:04:00.000000000,LAST_TRADE,"7,$99831.0000"
2019-06-28 15:04:00.000000000,QUERY_SPREAD,88
2019-06-28 15:04:00.000000000,BEST_BID,"JPM,99303,471"
2019-06-28 15:04:00.000000000,BEST_ASK,"JPM,99831,399"
2019-06-28 15:04:00.000000000,LAST_TRADE,"8,$99831.0000"
2019-06-28 15:04:00.000000000,QUERY_SPREAD,89
2019-06-28 15:04:00.000000000,BEST_BID,"JPM,99303,471"
2019-06-28 15:04:00.000000000,BEST_ASK,"JPM,99831,394"
2019-06-28 15:04:00.000000000,LAST_TRADE,"5,$99831.0000"
2019-06-28 15:04:00.000000000,QUERY_SPREAD,90
2019-06-28 15:04:00.000000000,BEST_BID,"JPM,99303,471"
2019-06-28 15:04:00.000000000,BEST_ASK,"JPM,99831,390"
2019-06-28 15:04:00.000000000,LAST_TRADE,"4,$99831.0000"
2019-06-28 15:04:00.000000000,QUERY_SPREAD,91
2019-06-28 15:04:00.000000000,BEST_BID,"JPM,99303,471"
2019-06-28 15:04:00.000000000,BEST_ASK,"JPM,99831,387"
2019-06-28 15:04:00.000000000,LAST_TRADE,"3,$99831.0000"
2019-06-28 15:04:00.000000000,QUERY_SPREAD,92
2019-06-28 15:04:00.000000000,BEST_BID,"JPM,99303,471"
2019-06-28 15:04:00.000000000,BEST_ASK,"JPM,99831,382"
2019-06-28 15:04:00.000000000,LAST_TRADE,"5,$99831.0000"
2019-06-28 15:04:00.000000000,QUERY_SPREAD,93
2019-06-28 15:04:00.000000000,BEST_BID,"JPM,99303,471"
2019-06-28 15:04:00.000000000,BEST_ASK,"JPM,99831,375"
2019-06-28 15:04:00.000000000,LAST_TRADE,"7,$99831.0000"
2019-06-28 15:04:00.000000000,QUERY_SPREAD,94
2019-06-28 15:04:00.000000000,BEST_BID,"JPM,99303,471"
2019-06-28 15:04:00.000000000,BEST_ASK,"JPM,99831,374"
2019-06-28 15:04:00.000000000,LAST_TRADE,"1,$99831.0000"
2019-06-28 15:04:00.000000000,QUERY_SPREAD,95
2019-06-28 15:04:00.000000000,BEST_BID,"JPM,99303,471"
2019-06-28 15:04:00.000000000,BEST_ASK,"JPM,99831,373"
2019-06-28 15:04:00.000000000,LAST_TRADE,"1,$99831.0000"
2019-06-28 15:04:00.000000000,QUERY_SPREAD,96
2019-06-28 15:04:00.000000000,BEST_BID,"JPM,99303,471"
2019-06-28 15:04:00.000000000,BEST_ASK,"JPM,99831,369"
2019-06-28 15:04:00.000000000,LAST_TRADE,"4,$99831.0000"
2019-06-28 15:04:00.000000000,QUERY_SPREAD,97
2019-06-28 15:04:00.000000000,BEST_BID,"JPM,99303,471"
2019-06-28 15:04:00.000000000,BEST_ASK,"JPM,99831,366"
2019-06-28 15:04:00.000000000,LAST_TRADE,"3,$99831.0000"
2019-06-28 15:04:00.000000000,QUERY_SPREAD,98
2019-06-28 15:04:00.000000000,BEST_BID,"JPM,99303,471"
2019-06-28 15:04:00.000000000,BEST_ASK,"JPM,99831,361"
2019-06-28 15:04:00.000000000,LAST_TRADE,"5,$99831.0000"
2019-06-28 15:04:00.000000000,QUERY_SPREAD,99
2019-06-28 15:04:00.000000000,BEST_BID,"JPM,99303,471"
2019-06-28 15:04:00.000000000,BEST_ASK,"JPM,99831,357"
2019-06-28 15:04:00.000000000,LAST_TRADE,"4,$99831.0000"
2019-06-28 15:04:00.000000000,QUERY_SPREAD,100
2019-06-28 15:04:00.000000000,BEST_BID,"JPM,99303,471"
2019-06-28 15:04:00.000000000,BEST_ASK,"JPM,99831,352"
2019-06-28 15:04:00.000000000,LAST_TRADE,"5,$99831.0000"
2019-06-28 15:04:00.000000000,QUERY_SPREAD,101
2019-06-28 15:04:00.000000000,BEST_BID,"JPM,99303,471"
2019-06-28 15:04:00.000000000,BEST_ASK,"JPM,99831,351"
2019-06-28 15:04:00.000000000,LAST_TRADE,"1,$99831.0000"
2019-06-28 15:04:08.200550162,QUERY_ORDER_STREAM,76
2019-06-28 15:04:08.200550162,QUERY_SPREAD,76
2019-06-28 15:04:10.000000000,QUERY_SPREAD,1
2019-06-28 15:04:10.000000000,BEST_BID,"JPM,99303,471"
2019-06-28 15:04:10.000000000,BEST_ASK,"JPM,99930,200"
2019-06-28 15:04:10.000000000,BEST_BID,"JPM,99303,471"
2019-06-28 15:04:10.000000000,BEST_ASK,"JPM,99930,571"
2019-06-28 15:04:18.173727147,QUERY_ORDER_STREAM,69
2019-06-28 15:04:18.173727147,QUERY_SPREAD,69
2019-06-28 15:04:18.173727147,BEST_BID,"JPM,99303,471"
2019-06-28 15:04:18.173727147,BEST_ASK,"JPM,99831,100"
2019-06-28 15:04:20.000000000,QUERY_SPREAD,1
2019-06-28 15:04:20.000000000,BEST_BID,"JPM,99303,193"
2019-06-28 15:04:20.000000000,BEST_ASK,"JPM,99831,100"
2019-06-28 15:04:20.000000000,BEST_BID,"JPM,99303,193"
2019-06-28 15:04:20.000000000,BEST_ASK,"JPM,99831,100"
2019-06-28 15:04:20.000000000,BEST_BID,"JPM,99303,193"
2019-06-28 15:04:20.000000000,BEST_ASK,"JPM,99831,100"
2019-06-28 15:04:20.000000000,BEST_BID,"JPM,99303,193"
2019-06-28 15:04:20.000000000,BEST_ASK,"JPM,99831,100"
2019-06-28 15:04:20.000000000,BEST_BID,"JPM,99303,193"
2019-06-28 15:04:20.000000000,BEST_ASK,"JPM,99831,193"
2019-06-28 15:04:20.000000000,BEST_BID,"JPM,99303,193"
2019-06-28 15:04:20.000000000,BEST_ASK,"JPM,99831,193"
2019-06-28 15:04:20.000000000,BEST_BID,"JPM,99303,193"
2019-06-28 15:04:20.000000000,BEST_ASK,"JPM,99831,193"
2019-06-28 15:04:20.000000000,BEST_BID,"JPM,99303,193"
2019-06-28 15:04:20.000000000,BEST_ASK,"JPM,99831,193"
2019-06-28 15:04:28.564696341,QUERY_SPREAD,10
2019-06-28 15:04:28.564696341,BEST_BID,"JPM,99303,193"
2019-06-28 15:04:28.564696341,BEST_ASK,"JPM,99831,193"
2019-06-28 15:04:30.000000000,QUERY_SPREAD,1
2019-06-28 15:04:30.000000000,BEST_BID,"JPM,99303,471"
2019-06-28 15:04:30.000000000,BEST_ASK,"JPM,99831,100"
2019-06-28 15:04:30.000000000,BEST_BID,"JPM,99303,471"
2019-06-28 15:04:30.000000000,BEST_ASK,"JPM,99831,471"
2019-06-28 15:04:31.451511414,QUERY_SPREAD,19
2019-06-28 15:04:31.451511414,BEST_BID,"JPM,99303,371"
2019-06-28 15:04:31.451511414,BEST_ASK,"JPM,99831,471"
2019-06-28 15:04:31.451511414,LAST_TRADE,"100,$99303.0000"
2019-06-28 15:04:32.836768369,QUERY_ORDER_STREAM,69
2019-06-28 15:04:32.836768369,QUERY_SPREAD,69
2019-06-28 15:04:32.836768369,BEST_BID,"JPM,99303,371"
2019-06-28 15:04:32.836768369,BEST_ASK,"JPM,99830,100"
2019-06-28 15:04:38.093384605,QUERY_SPREAD,14
2019-06-28 15:04:38.093384605,BEST_BID,"JPM,99303,271"
2019-06-28 15:04:38.093384605,BEST_ASK,"JPM,99830,100"
2019-06-28 15:04:38.093384605,LAST_TRADE,"100,$99303.0000"
2019-06-28 15:04:38.654016729,QUERY_ORDER_STREAM,74
2019-06-28 15:04:38.654016729,QUERY_SPREAD,74
2019-06-28 15:04:40.000000000,QUERY_SPREAD,1
2019-06-28 15:04:40.000000000,BEST_BID,"JPM,99267,226"
2019-06-28 15:04:40.000000000,BEST_ASK,"JPM,99830,100"
2019-06-28 15:04:40.000000000,BEST_BID,"JPM,99267,226"
2019-06-28 15:04:40.000000000,BEST_ASK,"JPM,99830,100"
2019-06-28 15:04:40.000000000,BEST_BID,"JPM,99267,226"
2019-06-28 15:04:40.000000000,BEST_ASK,"JPM,99830,100"
2019-06-28 15:04:40.000000000,BEST_BID,"JPM,99267,226"
2019-06-28 15:04:40.000000000,BEST_ASK,"JPM,99830,226"
2019-06-28 15:04:40.000000000,BEST_BID,"JPM,99267,226"
2019-06-28 15:04:40.000000000,BEST_ASK,"JPM,99830,226"
2019-06-28 15:04:40.000000000,BEST_BID,"JPM,99267,226"
2019-06-28 15:04:40.000000000,BEST_ASK,"JPM,99830,226"
2019-06-28 15:04:44.750519611,QUERY_ORDER_STREAM,72
2019-06-28 15:04:44.750519611,QUERY_SPREAD,72
2019-06-28 15:04:44.750519611,BEST_BID,"JPM,99267,226"
2019-06-28 15:04:44.750519611,BEST_ASK,"JPM,99303,100"
2019-06-28 15:04:50.000000000,QUERY_SPREAD,1
2019-06-28 15:04:50.000000000,BEST_BID,"JPM,99267,226"
2019-06-28 15:04:50.000000000,BEST_ASK,"JPM,99303,100"
2019-06-28 15:04:50.000000000,BEST_BID,"JPM,99267,226"
2019-06-28 15:04:50.000000000,BEST_ASK,"JPM,99303,100"
2019-06-28 15:04:50.000000000,BEST_BID,"JPM,99267,226"
2019-06-28 15:04:50.000000000,BEST_ASK,"JPM,99303,100"
2019-06-28 15:04:50.000000000,BEST_BID,"JPM,99267,226"
2019-06-28 15:04:50.000000000,BEST_ASK,"JPM,99303,226"
2019-06-28 15:04:50.000000000,BEST_BID,"JPM,99267,226"
2019-06-28 15:04:50.000000000,BEST_ASK,"JPM,99303,226"
2019-06-28 15:04:50.000000000,BEST_BID,"JPM,99267,226"
2019-06-28 15:04:50.000000000,BEST_ASK,"JPM,99303,226"
2019-06-28 15:05:00.000000000,QUERY_SPREAD,1
2019-06-28 15:05:00.000000000,BEST_BID,"JPM,99267,471"
2019-06-28 15:05:00.000000000,BEST_ASK,"JPM,99303,100"
2019-06-28 15:05:00.000000000,BEST_BID,"JPM,99267,471"
2019-06-28 15:05:00.000000000,BEST_ASK,"JPM,99303,471"
2019-06-28 15:05:00.000000000,QUERY_SPREAD,77
2019-06-28 15:05:00.000000000,BEST_BID,"JPM,99267,466"
2019-06-28 15:05:00.000000000,BEST_ASK,"JPM,99303,471"
2019-06-28 15:05:00.000000000,LAST_TRADE,"5,$99267.0000"
2019-06-28 15:05:00.000000000,QUERY_SPREAD,78
2019-06-28 15:05:00.000000000,BEST_BID,"JPM,99267,458"
2019-06-28 15:05:00.000000000,BEST_ASK,"JPM,99303,471"
2019-06-28 15:05:00.000000000,LAST_TRADE,"8,$99267.0000"
2019-06-28 15:05:00.000000000,QUERY_SPREAD,79
2019-06-28 15:05:00.000000000,BEST_BID,"JPM,99267,453"
2019-06-28 15:05:00.000000000,BEST_ASK,"JPM,99303,471"
2019-06-28 15:05:00.000000000,LAST_TRADE,"5,$99267.0000"
2019-06-28 15:05:00.000000000,QUERY_SPREAD,80
2019-06-28 15:05:00.000000000,BEST_BID,"JPM,99267,445"
2019-06-28 15:05:00.000000000,BEST_ASK,"JPM,99303,471"
2019-06-28 15:05:00.000000000,LAST_TRADE,"8,$99267.0000"
2019-06-28 15:05:00.000000000,QUERY_SPREAD,81
2019-06-28 15:05:00.000000000,BEST_BID,"JPM,99267,436"
2019-06-28 15:05:00.000000000,BEST_ASK,"JPM,99303,471"
2019-06-28 15:05:00.000000000,LAST_TRADE,"9,$99267.0000"
2019-06-28 15:05:00.000000000,QUERY_SPREAD,82
2019-06-28 15:05:00.000000000,BEST_BID,"JPM,99267,433"
2019-06-28 15:05:00.000000000,BEST_ASK,"JPM,99303,471"
2019-06-28 15:05:00.000000000,LAST_TRADE,"3,$99267.0000"
2019-06-28 15:05:00.000000000,QUERY_SPREAD,83
2019-06-28 15:05:00.000000000,BEST_BID,"JPM,99267,425"
2019-06-28 15:05:00.000000000,BEST_ASK,"JPM,99303,471"
2019-06-28 15:05:00.000000000,LAST_TRADE,"8,$99267.0000"
2019-06-28 15:05:00.000000000,QUERY_SPREAD,84
2019-06-28 15:05:00.000000000,BEST_BID,"JPM,99267,421"
2019-06-28 15:05:00.000000000,BEST_ASK,"JPM,99303,471"
2019-06-28 15:05:00.000000000,LAST_TRADE,"4,$99267.0000"
2019-06-28 15:05:00.000000000,QUERY_SPREAD,85
2019-06-28 15:05:00.000000000,BEST_BID,"JPM,99267,416"
2019-06-28 15:05:00.000000000,BEST_ASK,"JPM,99303,471"
2019-06-28 15:05:00.000000000,LAST_TRADE,"5,$99267.0000"
2019-06-28 15:05:00.000000000,QUERY_SPREAD,86
2019-06-28 15:05:00.000000000,BEST_BID,"JPM,99267,414"
2019-06-28 15:05:00.000000000,BEST_ASK,"JPM,99303,471"
2019-06-28 15:05:00.000000000,LAST_TRADE,"2,$99267.0000"
2019-06-28 15:05:00.000000000,QUERY_SPREAD,87
2019-06-28 15:05:00.000000000,BEST_BID,"JPM,99267,407"
2019-06-28 15:05:00.000000000,BEST_ASK,"JPM,99303,471"
2019-06-28 15:05:00.000000000,LAST_TRADE,"7,$99267.0000"
2019-06-28 15:05:00.000000000,QUERY_SPREAD,88
2019-06-28 15:05:00.000000000,BEST_BID,"JPM,99267,399"
2019-06-28 15:05:00.000000000,BEST_ASK,"JPM,99303,471"
2019-06-28 15:05:00.000000000,LAST_TRADE,"8,$99267.0000"
2019-06-28 15:05:00.000000000,QUERY_SPREAD,89
2019-06-28 15:05:00.000000000,BEST_BID,"JPM,99267,394"
2019-06-28 15:05:00.000000000,BEST_ASK,"JPM,99303,471"
2019-06-28 15:05:00.000000000,LAST_TRADE,"5,$99267.0000"
2019-06-28 15:05:00.000000000,QUERY_SPREAD,90
2019-06-28 15:05:00.000000000,BEST_BID,"JPM,99267,390"
2019-06-28 15:05:00.000000000,BEST_ASK,"JPM,99303,471"
2019-06-28 15:05:00.000000000,LAST_TRADE,"4,$99267.0000"
2019-06-28 15:05:00.000000000,QUERY_SPREAD,91
2019-06-28 15:05:00.000000000,BEST_BID,"JPM,99267,387"
2019-06-28 15:05:00.000000000,BEST_ASK,"JPM,99303,471"
2019-06-28 15:05:00.000000000,LAST_TRADE,"3,$99267.0000"
2019-06-28 15:05:00.000000000,QUERY_SPREAD,92
2019-06-28 15:05:00.000000000,BEST_BID,"JPM,99267,382"
2019-06-28 15:05:00.000000000,BEST_ASK,"JPM,99303,471"
2019-06-28 15:05:00.000000000,LAST_TRADE,"5,$99267.0000"
2019-06-28 15:05:00.000000000,QUERY_SPREAD,93
2019-06-28 15:05:00.000000000,BEST_BID,"JPM,99267,375"
2019-06-28 15:05:00.000000000,BEST_ASK,"JPM,99303,471"
2019-06-28 15:05:00.000000000,LAST_TRADE,"7,$99267.0000"
2019-06-28 15:05:00.000000000,QUERY_SPREAD,94
2019-06-28 15:05:00.000000000,BEST_BID,"JPM,99267,374"
2019-06-28 15:05:00.000000000,BEST_ASK,"JPM,99303,471"
2019-06-28 15:05:00.000000000,LAST_TRADE,"1,$99267.0000"
2019-06-28 15:05:00.000000000,QUERY_SPREAD,95
2019-06-28 15:05:00.000000000,BEST_BID,"JPM,99267,373"
2019-06-28 15:05:00.000000000,BEST_ASK,"JPM,99303,471"
2019-06-28 15:05:00.000000000,LAST_TRADE,"1,$99267.0000"
2019-06-28 15:05:00.000000000,QUERY_SPREAD,96
2019-06-28 15:05:00.000000000,BEST_BID,"JPM,99267,369"
2019-06-28 15:05:00.000000000,BEST_ASK,"JPM,99303,471"
2019-06-28 15:05:00.000000000,LAST_TRADE,"4,$99267.0000"
2019-06-28 15:05:00.000000000,QUERY_SPREAD,97
2019-06-28 15:05:00.000000000,BEST_BID,"JPM,99267,366"
2019-06-28 15:05:00.000000000,BEST_ASK,"JPM,99303,471"
2019-06-28 15:05:00.000000000,LAST_TRADE,"3,$99267.0000"
2019-06-28 15:05:00.000000000,QUERY_SPREAD,98
2019-06-28 15:05:00.000000000,BEST_BID,"JPM,99267,361"
2019-06-28 15:05:00.000000000,BEST_ASK,"JPM,99303,471"
2019-06-28 15:05:00.000000000,LAST_TRADE,"5,$99267.0000"
2019-06-28 15:05:00.000000000,QUERY_SPREAD,99
2019-06-28 15:05:00.000000000,BEST_BID,"JPM,99267,357"
2019-06-28 15:05:00.000000000,BEST_ASK,"JPM,99303,471"
2019-06-28 15:05:00.000000000,LAST_TRADE,"4,$99267.0000"
2019-06-28 15:05:00.000000000,QUERY_SPREAD,100
2019-06-28 15:05:00.000000000,BEST_BID,"JPM,99267,352"
2019-06-28 15:05:00.000000000,BEST_ASK,"JPM,99303,471"
2019-06-28 15:05:00.000000000,LAST_TRADE,"5,$99267.0000"
2019-06-28 15:05:00.000000000,QUERY_SPREAD,101
2019-06-28 15:05:00.000000000,BEST_BID,"JPM,99267,352"
2019-06-28 15:05:00.000000000,BEST_ASK,"JPM,99303,470"
2019-06-28 15:05:00.000000000,LAST_TRADE,"1,$99303.0000"
2019-06-28 15:05:02.354265565,QUERY_SPREAD,39
2019-06-28 15:05:02.354265565,BEST_BID,"JPM,99267,352"
2019-06-28 15:05:02.354265565,BEST_ASK,"JPM,99303,470"
2019-06-28 15:05:10.000000000,QUERY_SPREAD,1
2019-06-28 15:05:10.000000000,BEST_BID,"JPM,99183,193"
2019-06-28 15:05:10.000000000,BEST_ASK,"JPM,99303,99"
2019-06-28 15:05:10.000000000,BEST_BID,"JPM,99183,193"
2019-06-28 15:05:10.000000000,BEST_ASK,"JPM,99303,99"
2019-06-28 15:05:10.000000000,BEST_BID,"JPM,99183,193"
2019-06-28 15:05:10.000000000,BEST_ASK,"JPM,99303,99"
2019-06-28 15:05:10.000000000,BEST_BID,"JPM,99183,193"
2019-06-28 15:05:10.000000000,BEST_ASK,"JPM,99303,99"
2019-06-28 15:05:10.000000000,BEST_BID,"JPM,99183,193"
2019-06-28 15:05:10.000000000,BEST_ASK,"JPM,99303,192"
2019-06-28 15:05:10.000000000,BEST_BID,"JPM,99183,193"
2019-06-28 15:05:10.000000000,BEST_ASK,"JPM,99303,192"
2019-06-28 15:05:10.000000000,BEST_BID,"JPM,99183,193"
2019-06-28 15:05:10.000000000,BEST_ASK,"JPM,99303,192"
2019-06-28 15:05:10.000000000,BEST_BID,"JPM,99183,193"
2019-06-28 15:05:10.000000000,BEST_ASK,"JPM,99303,192"
2019-06-28 15:05:20.000000000,QUERY_SPREAD,1
2019-06-28 15:05:20.000000000,BEST_BID,"JPM,99183,174"
2019-06-28 15:05:20.000000000,BEST_ASK,"JPM,99303,99"
2019-06-28 15:05:20.000000000,BEST_BID,"JPM,99183,174"
2019-06-28 15:05:20.000000000,BEST_ASK,"JPM,99303,99"
2019-06-28 15:05:20.000000000,BEST_BID,"JPM,99183,174"
2019-06-28 15:05:20.000000000,BEST_ASK,"JPM,99303,99"
2019-06-28 15:05:20.000000000,BEST_BID,"JPM,99183,174"
2019-06-28 15:05:20.000000000,BEST_ASK,"JPM,99303,99"
2019-06-28 15:05:20.000000000,BEST_BID,"JPM,99183,174"
2019-06-28 15:05:20.000000000,BEST_ASK,"JPM,99303,99"
2019-06-28 15:05:20.000000000,BEST_BID,"JPM,99183,174"
2019-06-28 15:05:20.000000000,BEST_ASK,"JPM,99303,173"
2019-06-28 15:05:20.000000000,BEST_BID,"JPM,99183,174"
2019-06-28 15:05:20.000000000,BEST_ASK,"JPM,99303,173"
2019-06-28 15:05:20.000000000,BEST_BID,"JPM,99183,174"
2019-06-28 15:05:20.000000000,BEST_ASK,"JPM,99303,173"
2019-06-28 15:05:20.000000000,BEST_BID,"JPM,99183,174"
2019-06-28 15:05:20.000000000,BEST_ASK,"JPM,99303,173"
2019-06-28 15:05:20.000000000,BEST_BID,"JPM,99183,174"
2019-06-28 15:05:20.000000000,BEST_ASK,"JPM,99303,173"
2019-06-28 15:05:21.235743630,QUERY_ORDER_STREAM,74
2019-06-28 15:05:21.235743630,QUERY_SPREAD,74
2019-06-28 15:05:28.813466916,QUERY_SPREAD,33
2019-06-28 15:05:28.813466916,BEST_BID,"JPM,99183,174"
2019-06-28 15:05:28.813466916,BEST_ASK,"JPM,99303,173"
2019-06-28 15:05:30.000000000,QUERY_SPREAD,1
2019-06-28 15:05:30.000000000,BEST_BID,"JPM,99183,286"
2019-06-28 15:05:30.000000000,BEST_ASK,"JPM,99303,99"
2019-06-28 15:05:30.000000000,BEST_BID,"JPM,99183,286"
2019-06-28 15:05:30.000000000,BEST_ASK,"JPM,99303,99"
2019-06-28 15:05:30.000000000,BEST_BID,"JPM,99183,286"
2019-06-28 15:05:30.000000000,BEST_ASK,"JPM,99303,285"
2019-06-28 15:05:30.000000000,BEST_BID,"JPM,99183,286"
2019-06-28 15:05:30.000000000,BEST_ASK,"JPM,99303,285"
2019-06-28 15:05:40.000000000,QUERY_SPREAD,1
2019-06-28 15:05:40.000000000,BEST_BID,"JPM,99183,193"
2019-06-28 15:05:40.000000000,BEST_ASK,"JPM,99303,99"
2019-06-28 15:05:40.000000000,BEST_BID,"JPM,99183,193"
2019-06-28 15:05:40.000000000,BEST_ASK,"JPM,99303,99"
2019-06-28 15:05:40.000000000,BEST_BID,"JPM,99183,193"
2019-06-28 15:05:40.000000000,BEST_ASK,"JPM,99303,99"
2019-06-28 15:05:40.000000000,BEST_BID,"JPM,99183,193"
2019-06-28 15:05:40.000000000,BEST_ASK,"JPM,99303,99"
2019-06-28 15:05:40.000000000,BEST_BID,"JPM,99183,193"
2019-06-28 15:05:40.000000000,BEST_ASK,"JPM,99303,192"
2019-06-28 15:05:40.000000000,BEST_BID,"JPM,99183,193"
2019-06-28 15:05:40.000000000,BEST_ASK,"JPM,99303,192"
2019-06-28 15:05:40.000000000,BEST_BID,"JPM,99183,193"
2019-06-28 15:05:40.000000000,BEST_ASK,"JPM,99303,192"
2019-06-28 15:05:40.000000000,BEST_BID,"JPM,99183,193"
2019-06-28 15:05:40.000000000,BEST_ASK,"JPM,99303,192"
2019-06-28 15:05:48.163195890,QUERY_ORDER_STREAM,68
2019-06-28 15:05:48.163195890,QUERY_SPREAD,68
2019-06-28 15:05:48.163195890,BEST_BID,"JPM,99183,193"
2019-06-28 15:05:48.163195890,BEST_ASK,"JPM,99303,292"
2019-06-28 15:05:50.000000000,QUERY_SPREAD,1
2019-06-28 15:05:50.000000000,BEST_BID,"JPM,99183,226"
2019-06-28 15:05:50.000000000,BEST_ASK,"JPM,99303,199"
2019-06-28 15:05:50.000000000,BEST_BID,"JPM,99183,226"
2019-06-28 15:05:50.000000000,BEST_ASK,"JPM,99303,199"
2019-06-28 15:05:50.000000000,BEST_BID,"JPM,99183,226"
2019-06-28 15:05:50.000000000,BEST_ASK,"JPM,99303,199"
2019-06-28 15:05:50.000000000,BEST_BID,"JPM,99183,226"
2019-06-28 15:05:50.000000000,BEST_ASK,"JPM,99303,325"
2019-06-28 15:05:50.000000000,BEST_BID,"JPM,99183,226"
2019-06-28 15:05:50.000000000,BEST_ASK,"JPM,99303,325"
2019-06-28 15:05:50.000000000,BEST_BID,"JPM,99183,226"
2019-06-28 15:05:50.000000000,BEST_ASK,"JPM,99303,325"
2019-06-28 15:06:00.000000000,QUERY_SPREAD,1
2019-06-28 15:06:00.000000000,BEST_BID,"JPM,99183,471"
2019-06-28 15:06:00.000000000,BEST_ASK,"JPM,99303,199"
2019-06-28 15:06:00.000000000,BEST_BID,"JPM,99183,471"
2019-06-28 15:06:00.000000000,BEST_ASK,"JPM,99303,570"
2019-06-28 15:06:00.000000000,QUERY_SPREAD,77
2019-06-28 15:06:00.000000000,BEST_BID,"JPM,99183,466"
2019-06-28 15:06:00.000000000,BEST_ASK,"JPM,99303,570"
2019-06-28 15:06:00.000000000,LAST_TRADE,"5,$99183.0000"
2019-06-28 15:06:00.000000000,QUERY_SPREAD,78
2019-06-28 15:06:00.000000000,BEST_BID,"JPM,99183,458"
2019-06-28 15:06:00.000000000,BEST_ASK,"JPM,99303,570"
2019-06-28 15:06:00.000000000,LAST_TRADE,"8,$99183.0000"
2019-06-28 15:06:00.000000000,QUERY_SPREAD,79
2019-06-28 15:06:00.000000000,BEST_BID,"JPM,99183,453"
2019-06-28 15:06:00.000000000,BEST_ASK,"JPM,99303,570"
2019-06-28 15:06:00.000000000,LAST_TRADE,"5,$99183.0000"
2019-06-28 15:06:00.000000000,QUERY_SPREAD,80
2019-06-28 15:06:00.000000000,BEST_BID,"JPM,99183,445"
2019-06-28 15:06:00.000000000,BEST_ASK,"JPM,99303,570"
2019-06-28 15:06:00.000000000,LAST_TRADE,"8,$99183.0000"
2019-06-28 15:06:00.000000000,QUERY_SPREAD,81
2019-06-28 15:06:00.000000000,BEST_BID,"JPM,99183,436"
2019-06-28 15:06:00.000000000,BEST_ASK,"JPM,99303,570"
2019-06-28 15:06:00.000000000,LAST_TRADE,"9,$99183.0000"
2019-06-28 15:06:00.000000000,QUERY_SPREAD,82
2019-06-28 15:06:00.000000000,BEST_BID,"JPM,99183,433"
2019-06-28 15:06:00.000000000,BEST_ASK,"JPM,99303,570"
2019-06-28 15:06:00.000000000,LAST_TRADE,"3,$99183.0000"
2019-06-28 15:06:00.000000000,QUERY_SPREAD,83
2019-06-28 15:06:00.000000000,BEST_BID,"JPM,99183,425"
2019-06-28 15:06:00.000000000,BEST_ASK,"JPM,99303,570"
2019-06-28 15:06:00.000000000,LAST_TRADE,"8,$99183.0000"
2019-06-28 15:06:00.000000000,QUERY_SPREAD,84
2019-06-28 15:06:00.000000000,BEST_BID,"JPM,99183,421"
2019-06-28 15:06:00.000000000,BEST_ASK,"JPM,99303,570"
2019-06-28 15:06:00.000000000,LAST_TRADE,"4,$99183.0000"
2019-06-28 15:06:00.000000000,QUERY_SPREAD,85
2019-06-28 15:06:00.000000000,BEST_BID,"JPM,99183,416"
2019-06-28 15:06:00.000000000,BEST_ASK,"JPM,99303,570"
2019-06-28 15:06:00.000000000,LAST_TRADE,"5,$99183.0000"
2019-06-28 15:06:00.000000000,QUERY_SPREAD,86
2019-06-28 15:06:00.000000000,BEST_BID,"JPM,99183,414"
2019-06-28 15:06:00.000000000,BEST_ASK,"JPM,99303,570"
2019-06-28 15:06:00.000000000,LAST_TRADE,"2,$99183.0000"
2019-06-28 15:06:00.000000000,QUERY_SPREAD,87
2019-06-28 15:06:00.000000000,BEST_BID,"JPM,99183,407"
2019-06-28 15:06:00.000000000,BEST_ASK,"JPM,99303,570"
2019-06-28 15:06:00.000000000,LAST_TRADE,"7,$99183.0000"
2019-06-28 15:06:00.000000000,QUERY_SPREAD,88
2019-06-28 15:06:00.000000000,BEST_BID,"JPM,99183,399"
2019-06-28 15:06:00.000000000,BEST_ASK,"JPM,99303,570"
2019-06-28 15:06:00.000000000,LAST_TRADE,"8,$99183.0000"
2019-06-28 15:06:00.000000000,QUERY_SPREAD,89
2019-06-28 15:06:00.000000000,BEST_BID,"JPM,99183,394"
2019-06-28 15:06:00.000000000,BEST_ASK,"JPM,99303,570"
2019-06-28 15:06:00.000000000,LAST_TRADE,"5,$99183.0000"
2019-06-28 15:06:00.000000000,QUERY_SPREAD,90
2019-06-28 15:06:00.000000000,BEST_BID,"JPM,99183,390"
2019-06-28 15:06:00.000000000,BEST_ASK,"JPM,99303,570"
2019-06-28 15:06:00.000000000,LAST_TRADE,"4,$99183.0000"
2019-06-28 15:06:00.000000000,QUERY_SPREAD,91
2019-06-28 15:06:00.000000000,BEST_BID,"JPM,99183,387"
2019-06-28 15:06:00.000000000,BEST_ASK,"JPM,99303,570"
2019-06-28 15:06:00.000000000,LAST_TRADE,"3,$99183.0000"
2019-06-28 15:06:00.000000000,QUERY_SPREAD,92
2019-06-28 15:06:00.000000000,BEST_BID,"JPM,99183,382"
2019-06-28 15:06:00.000000000,BEST_ASK,"JPM,99303,570"
2019-06-28 15:06:00.000000000,LAST_TRADE,"5,$99183.0000"
2019-06-28 15:06:00.000000000,QUERY_SPREAD,93
2019-06-28 15:06:00.000000000,BEST_BID,"JPM,99183,375"
2019-06-28 15:06:00.000000000,BEST_ASK,"JPM,99303,570"
2019-06-28 15:06:00.000000000,LAST_TRADE,"7,$99183.0000"
2019-06-28 15:06:00.000000000,QUERY_SPREAD,94
2019-06-28 15:06:00.000000000,BEST_BID,"JPM,99183,374"
2019-06-28 15:06:00.000000000,BEST_ASK,"JPM,99303,570"
2019-06-28 15:06:00.000000000,LAST_TRADE,"1,$99183.0000"
2019-06-28 15:06:00.000000000,QUERY_SPREAD,95
2019-06-28 15:06:00.000000000,BEST_BID,"JPM,99183,373"
2019-06-28 15:06:00.000000000,BEST_ASK,"JPM,99303,570"
2019-06-28 15:06:00.000000000,LAST_TRADE,"1,$99183.0000"
2019-06-28 15:06:00.000000000,QUERY_SPREAD,96
2019-06-28 15:06:00.000000000,BEST_BID,"JPM,99183,369"
2019-06-28 15:06:00.000000000,BEST_ASK,"JPM,99303,570"
2019-06-28 15:06:00.000000000,LAST_TRADE,"4,$99183.0000"
2019-06-28 15:06:00.000000000,QUERY_SPREAD,97
2019-06-28 15:06:00.000000000,BEST_BID,"JPM,99183,366"
2019-06-28 15:06:00.000000000,BEST_ASK,"JPM,99303,570"
2019-06-28 15:06:00.000000000,LAST_TRADE,"3,$99183.0000"
2019-06-28 15:06:00.000000000,QUERY_SPREAD,98
2019-06-28 15:06:00.000000000,BEST_BID,"JPM,99183,361"
2019-06-28 15:06:00.000000000,BEST_ASK,"JPM,99303,570"
2019-06-28 15:06:00.000000000,LAST_TRADE,"5,$99183.0000"
2019-06-28 15:06:00.000000000,QUERY_SPREAD,99
2019-06-28 15:06:00.000000000,BEST_BID,"JPM,99183,357"
2019-06-28 15:06:00.000000000,BEST_ASK,"JPM,99303,570"
2019-06-28 15:06:00.000000000,LAST_TRADE,"4,$99183.0000"
2019-06-28 15:06:00.000000000,QUERY_SPREAD,100
2019-06-28 15:06:00.000000000,BEST_BID,"JPM,99183,352"
2019-06-28 15:06:00.000000000,BEST_ASK,"JPM,99303,570"
2019-06-28 15:06:00.000000000,LAST_TRADE,"5,$99183.0000"
2019-06-28 15:06:00.000000000,QUERY_SPREAD,101
2019-06-28 15:06:00.000000000,BEST_BID,"JPM,99183,352"
2019-06-28 15:06:00.000000000,BEST_ASK,"JPM,99303,569"
2019-06-28 15:06:00.000000000,LAST_TRADE,"1,$99303.0000"
2019-06-28 15:06:07.980466220,QUERY_SPREAD,8
2019-06-28 15:06:07.980466220,BEST_BID,"JPM,99183,352"
2019-06-28 15:06:07.980466220,BEST_ASK,"JPM,99283,100"
2019-06-28 15:06:10.000000000,QUERY_SPREAD,1
2019-06-28 15:06:10.000000000,BEST_BID,"JPM,99182,174"
2019-06-28 15:06:10.000000000,BEST_ASK,"JPM,99283,100"
2019-06-28 15:06:10.000000000,BEST_BID,"JPM,99182,174"
2019-06-28 15:06:10.000000000,BEST_ASK,"JPM,99283,100"
2019-06-28 15:06:10.000000000,BEST_BID,"JPM,99182,174"
2019-06-28 15:06:10.000000000,BEST_ASK,"JPM,99283,100"
2019-06-28 15:06:10.000000000,BEST_BID,"JPM,99182,174"
2019-06-28 15:06:10.000000000,BEST_ASK,"JPM,99283,100"
2019-06-28 15:06:10.000000000,BEST_BID,"JPM,99182,174"
2019-06-28 15:06:10.000000000,BEST_ASK,"JPM,99283,100"
2019-06-28 15:06:10.000000000,BEST_BID,"JPM,99182,174"
2019-06-28 15:06:10.000000000,BEST_ASK,"JPM,99283,174"
2019-06-28 15:06:10.000000000,BEST_BID,"JPM,99182,174"
2019-06-28 15:06:10.000000000,BEST_ASK,"JPM,99283,174"
2019-06-28 15:06:10.000000000,BEST_BID,"JPM,99182,174"
2019-06-28 15:06:10.000000000,BEST_ASK,"JPM,99283,174"
2019-06-28 15:06:10.000000000,BEST_BID,"JPM,99182,174"
2019-06-28 15:06:10.000000000,BEST_ASK,"JPM,99283,174"
2019-06-28 15:06:10.000000000,BEST_BID,"JPM,99182,174"
2019-06-28 15:06:10.000000000,BEST_ASK,"JPM,99283,174"
2019-06-28 15:06:10.848021884,QUERY_ORDER_STREAM,68
2019-06-28 15:06:10.848021884,QUERY_SPREAD,68
2019-06-28 15:06:10.848021884,BEST_BID,"JPM,99182,174"
2019-06-28 15:06:10.848021884,BEST_ASK,"JPM,99283,174"
2019-06-28 15:06:20.000000000,QUERY_SPREAD,1
2019-06-28 15:06:20.000000000,BEST_BID,"JPM,99182,471"
2019-06-28 15:06:20.000000000,BEST_ASK,"JPM,99283,100"
2019-06-28 15:06:20.000000000,BEST_BID,"JPM,99182,471"
2019-06-28 15:06:20.000000000,BEST_ASK,"JPM,99283,471"
2019-06-28 15:06:21.801094090,QUERY_SPREAD,34
2019-06-28 15:06:21.801094090,BEST_BID,"JPM,99182,471"
2019-06-28 15:06:21.801094090,BEST_ASK,"JPM,99283,471"
2019-06-28 15:06:30.000000000,QUERY_SPREAD,1
2019-06-28 15:06:30.000000000,BEST_BID,"JPM,99182,471"
2019-06-28 15:06:30.000000000,BEST_ASK,"JPM,99283,100"
2019-06-28 15:06:30.000000000,BEST_BID,"JPM,99182,471"
2019-06-28 15:06:30.000000000,BEST_ASK,"JPM,99283,471"
2019-06-28 15:06:34.375777161,QUERY_SPREAD,46
2019-06-28 15:06:34.375777161,BEST_BID,"JPM,99182,471"
2019-06-28 15:06:34.375777161,BEST_ASK,"JPM,99283,471"
2019-06-28 15:06:37.653522959,QUERY_SPREAD,24
2019-06-28 15:06:37.653522959,BEST_BID,"JPM,99182,371"
2019-06-28 15:06:37.653522959,BEST_ASK,"JPM,99283,471"
2019-06-28 15:06:37.653522959,LAST_TRADE,"100,$99182.0000"
2019-06-28 15:06:40.000000000,QUERY_SPREAD,1
2019-06-28 15:06:40.000000000,BEST_BID,"JPM,99106,286"
2019-06-28 15:06:40.000000000,BEST_ASK,"JPM,99283,100"
2019-06-28 15:06:40.000000000,BEST_BID,"JPM,99106,286"
2019-06-28 15:06:40.000000000,BEST_ASK,"JPM,99283,100"
2019-06-28 15:06:40.000000000,BEST_BID,"JPM,99106,286"
2019-06-28 15:06:40.000000000,BEST_ASK,"JPM,99283,286"
2019-06-28 15:06:40.000000000,BEST_BID,"JPM,99106,286"
2019-06-28 15:06:40.000000000,BEST_ASK,"JPM,99283,286"
2019-06-28 15:06:50.000000000,QUERY_SPREAD,1
2019-06-28 15:06:50.000000000,BEST_BID,"JPM,99106,471"
2019-06-28 15:06:50.000000000,BEST_ASK,"JPM,99283,100"
2019-06-28 15:06:50.000000000,BEST_BID,"JPM,99106,471"
2019-06-28 15:06:50.000000000,BEST_ASK,"JPM,99283,471"
2019-06-28 15:06:53.984637502,QUERY_SPREAD,43
2019-06-28 15:06:53.984637502,BEST_BID,"JPM,99106,471"
2019-06-28 15:06:53.984637502,BEST_ASK,"JPM,99166,100"
2019-06-28 15:06:58.604065752,QUERY_SPREAD,21
2019-06-28 15:06:58.604065752,BEST_BID,"JPM,99106,471"
2019-06-28 15:06:58.604065752,BEST_ASK,"JPM,99166,100"
2019-06-28 15:07:00.000000000,QUERY_SPREAD,1
2019-06-28 15:07:00.000000000,BEST_BID,"JPM,99106,471"
2019-06-28 15:07:00.000000000,BEST_ASK,"JPM,99166,100"
2019-06-28 15:07:00.000000000,BEST_BID,"JPM,99106,471"
2019-06-28 15:07:00.000000000,BEST_ASK,"JPM,99166,471"
2019-06-28 15:07:00.000000000,QUERY_SPREAD,77
2019-06-28 15:07:00.000000000,BEST_BID,"JPM,99106,466"
2019-06-28 15:07:00.000000000,BEST_ASK,"JPM,99166,471"
2019-06-28 15:07:00.000000000,LAST_TRADE,"5,$99106.0000"
2019-06-28 15:07:00.000000000,QUERY_SPREAD,78
2019-06-28 15:07:00.000000000,BEST_BID,"JPM,99106,458"
2019-06-28 15:07:00.000000000,BEST_ASK,"JPM,99166,471"
2019-06-28 15:07:00.000000000,LAST_TRADE,"8,$99106.0000"
2019-06-28 15:07:00.000000000,QUERY_SPREAD,79
2019-06-28 15:07:00.000000000,BEST_BID,"JPM,99106,453"
2019-06-28 15:07:00.000000000,BEST_ASK,"JPM,99166,471"
2019-06-28 15:07:00.000000000,LAST_TRADE,"5,$99106.0000"
2019-06-28 15:07:00.000000000,QUERY_SPREAD,80
2019-06-28 15:07:00.000000000,BEST_BID,"JPM,99106,445"
2019-06-28 15:07:00.000000000,BEST_ASK,"JPM,99166,471"
2019-06-28 15:07:00.000000000,LAST_TRADE,"8,$99106.0000"
2019-06-28 15:07:00.000000000,QUERY_SPREAD,81
2019-06-28 15:07:00.000000000,BEST_BID,"JPM,99106,436"
2019-06-28 15:07:00.000000000,BEST_ASK,"JPM,99166,471"
2019-06-28 15:07:00.000000000,LAST_TRADE,"9,$99106.0000"
2019-06-28 15:07:00.000000000,QUERY_SPREAD,82
2019-06-28 15:07:00.000000000,BEST_BID,"JPM,99106,433"
2019-06-28 15:07:00.000000000,BEST_ASK,"JPM,99166,471"
2019-06-28 15:07:00.000000000,LAST_TRADE,"3,$99106.0000"
2019-06-28 15:07:00.000000000,QUERY_SPREAD,83
2019-06-28 15:07:00.000000000,BEST_BID,"JPM,99106,425"
2019-06-28 15:07:00.000000000,BEST_ASK,"JPM,99166,471"
2019-06-28 15:07:00.000000000,LAST_TRADE,"8,$99106.0000"
2019-06-28 15:07:00.000000000,QUERY_SPREAD,84
2019-06-28 15:07:00.000000000,BEST_BID,"JPM,99106,421"
2019-06-28 15:07:00.000000000,BEST_ASK,"JPM,99166,471"
2019-06-28 15:07:00.000000000,LAST_TRADE,"4,$99106.0000"
2019-06-28 15:07:00.000000000,QUERY_SPREAD,85
2019-06-28 15:07:00.000000000,BEST_BID,"JPM,99106,416"
2019-06-28 15:07:00.000000000,BEST_ASK,"JPM,99166,471"
2019-06-28 15:07:00.000000000,LAST_TRADE,"5,$99106.0000"
2019-06-28 15:07:00.000000000,QUERY_SPREAD,86
2019-06-28 15:07:00.000000000,BEST_BID,"JPM,99106,414"
2019-06-28 15:07:00.000000000,BEST_ASK,"JPM,99166,471"
2019-06-28 15:07:00.000000000,LAST_TRADE,"2,$99106.0000"
2019-06-28 15:07:00.000000000,QUERY_SPREAD,87
2019-06-28 15:07:00.000000000,BEST_BID,"JPM,99106,407"
2019-06-28 15:07:00.000000000,BEST_ASK,"JPM,99166,471"
2019-06-28 15:07:00.000000000,LAST_TRADE,"7,$99106.0000"
2019-06-28 15:07:00.000000000,QUERY_SPREAD,88
2019-06-28 15:07:00.000000000,BEST_BID,"JPM,99106,399"
2019-06-28 15:07:00.000000000,BEST_ASK,"JPM,99166,471"
2019-06-28 15:07:00.000000000,LAST_TRADE,"8,$99106.0000"
2019-06-28 15:07:00.000000000,QUERY_SPREAD,89
2019-06-28 15:07:00.000000000,BEST_BID,"JPM,99106,394"
2019-06-28 15:07:00.000000000,BEST_ASK,"JPM,99166,471"
2019-06-28 15:07:00.000000000,LAST_TRADE,"5,$99106.0000"
2019-06-28 15:07:00.000000000,QUERY_SPREAD,90
2019-06-28 15:07:00.000000000,BEST_BID,"JPM,99106,390"
2019-06-28 15:07:00.000000000,BEST_ASK,"JPM,99166,471"
2019-06-28 15:07:00.000000000,LAST_TRADE,"4,$99106.0000"
2019-06-28 15:07:00.000000000,QUERY_SPREAD,91
2019-06-28 15:07:00.000000000,BEST_BID,"JPM,99106,387"
2019-06-28 15:07:00.000000000,BEST_ASK,"JPM,99166,471"
2019-06-28 15:07:00.000000000,LAST_TRADE,"3,$99106.0000"
2019-06-28 15:07:00.000000000,QUERY_SPREAD,92
2019-06-28 15:07:00.000000000,BEST_BID,"JPM,99106,382"
2019-06-28 15:07:00.000000000,BEST_ASK,"JPM,99166,471"
2019-06-28 15:07:00.000000000,LAST_TRADE,"5,$99106.0000"
2019-06-28 15:07:00.000000000,QUERY_SPREAD,93
2019-06-28 15:07:00.000000000,BEST_BID,"JPM,99106,375"
2019-06-28 15:07:00.000000000,BEST_ASK,"JPM,99166,471"
2019-06-28 15:07:00.000000000,LAST_TRADE,"7,$99106.0000"
2019-06-28 15:07:00.000000000,QUERY_SPREAD,94
2019-06-28 15:07:00.000000000,BEST_BID,"JPM,99106,374"
2019-06-28 15:07:00.000000000,BEST_ASK,"JPM,99166,471"
2019-06-28 15:07:00.000000000,LAST_TRADE,"1,$99106.0000"
2019-06-28 15:07:00.000000000,QUERY_SPREAD,95
2019-06-28 15:07:00.000000000,BEST_BID,"JPM,99106,373"
2019-06-28 15:07:00.000000000,BEST_ASK,"JPM,99166,471"
2019-06-28 15:07:00.000000000,LAST_TRADE,"1,$99106.0000"
2019-06-28 15:07:00.000000000,QUERY_SPREAD,96
2019-06-28 15:07:00.000000000,BEST_BID,"JPM,99106,369"
2019-06-28 15:07:00.000000000,BEST_ASK,"JPM,99166,471"
2019-06-28 15:07:00.000000000,LAST_TRADE,"4,$99106.0000"
2019-06-28 15:07:00.000000000,QUERY_SPREAD,97
2019-06-28 15:07:00.000000000,BEST_BID,"JPM,99106,366"
2019-06-28 15:07:00.000000000,BEST_ASK,"JPM,99166,471"
2019-06-28 15:07:00.000000000,LAST_TRADE,"3,$99106.0000"
2019-06-28 15:07:00.000000000,QUERY_SPREAD,98
2019-06-28 15:07:00.000000000,BEST_BID,"JPM,99106,361"
2019-06-28 15:07:00.000000000,BEST_ASK,"JPM,99166,471"
2019-06-28 15:07:00.000000000,LAST_TRADE,"5,$99106.0000"
2019-06-28 15:07:00.000000000,QUERY_SPREAD,99
2019-06-28 15:07:00.000000000,BEST_BID,"JPM,99106,357"
2019-06-28 15:07:00.000000000,BEST_ASK,"JPM,99166,471"
2019-06-28 15:07:00.000000000,LAST_TRADE,"4,$99106.0000"
2019-06-28 15:07:00.000000000,QUERY_SPREAD,100
2019-06-28 15:07:00.000000000,BEST_BID,"JPM,99106,352"
2019-06-28 15:07:00.000000000,BEST_ASK,"JPM,99166,471"
2019-06-28 15:07:00.000000000,LAST_TRADE,"5,$99106.0000"
2019-06-28 15:07:00.000000000,QUERY_SPREAD,101
2019-06-28 15:07:00.000000000,BEST_BID,"JPM,99106,352"
2019-06-28 15:07:00.000000000,BEST_ASK,"JPM,99166,470"
2019-06-28 15:07:00.000000000,LAST_TRADE,"1,$99166.0000"
2019-06-28 15:07:00.204551083,QUERY_SPREAD,13
2019-06-28 15:07:00.204551083,BEST_BID,"JPM,99106,352"
2019-06-28 15:07:00.204551083,BEST_ASK,"JPM,99166,470"
2019-06-28 15:07:10.000000000,QUERY_SPREAD,1
2019-06-28 15:07:10.000000000,BEST_BID,"JPM,99086,226"
2019-06-28 15:07:10.000000000,BEST_ASK,"JPM,99166,99"
2019-06-28 15:07:10.000000000,BEST_BID,"JPM,99086,226"
2019-06-28 15:07:10.000000000,BEST_ASK,"JPM,99166,99"
2019-06-28 15:07:10.000000000,BEST_BID,"JPM,99086,226"
2019-06-28 15:07:10.000000000,BEST_ASK,"JPM,99166,99"
2019-06-28 15:07:10.000000000,BEST_BID,"JPM,99086,226"
2019-06-28 15:07:10.000000000,BEST_ASK,"JPM,99166,225"
2019-06-28 15:07:10.000000000,BEST_BID,"JPM,99086,226"
2019-06-28 15:07:10.000000000,BEST_ASK,"JPM,99166,225"
2019-06-28 15:07:10.000000000,BEST_BID,"JPM,99086,226"
2019-06-28 15:07:10.000000000,BEST_ASK,"JPM,99166,225"
2019-06-28 15:07:13.834210968,QUERY_ORDER_STREAM,73
2019-06-28 15:07:13.834210968,QUERY_SPREAD,73
2019-06-28 15:07:13.834210968,BEST_BID,"JPM,99106,100"
2019-06-28 15:07:13.834210968,BEST_ASK,"JPM,99166,225"
2019-06-28 15:07:19.472274819,QUERY_ORDER_STREAM,54
2019-06-28 15:07:19.472274819,QUERY_SPREAD,54
2019-06-28 15:07:19.472274819,BEST_BID,"JPM,99106,200"
2019-06-28 15:07:19.472274819,BEST_ASK,"JPM,99166,225"
2019-06-28 15:07:20.000000000,QUERY_SPREAD,1
2019-06-28 15:07:20.000000000,BEST_BID,"JPM,99106,571"
2019-06-28 15:07:20.000000000,BEST_ASK,"JPM,99166,99"
2019-06-28 15:07:20.000000000,BEST_BID,"JPM,99106,571"
2019-06-28 15:07:20.000000000,BEST_ASK,"JPM,99166,470"
2019-06-28 15:07:29.647358318,QUERY_ORDER_STREAM,64
2019-06-28 15:07:29.647358318,QUERY_SPREAD,64
2019-06-28 15:07:29.929699739,QUERY_ORDER_STREAM,59
2019-06-28 15:07:29.929699739,QUERY_SPREAD,59
2019-06-28 15:07:29.929699739,BEST_BID,"JPM,99106,671"
2019-06-28 15:07:29.929699739,BEST_ASK,"JPM,99166,470"
2019-06-28 15:07:30.000000000,QUERY_SPREAD,1
2019-06-28 15:07:30.000000000,BEST_BID,"JPM,99106,393"
2019-06-28 15:07:30.000000000,BEST_ASK,"JPM,99166,99"
2019-06-28 15:07:30.000000000,BEST_BID,"JPM,99106,393"
2019-06-28 15:07:30.000000000,BEST_ASK,"JPM,99166,99"
2019-06-28 15:07:30.000000000,BEST_BID,"JPM,99106,393"
2019-06-28 15:07:30.000000000,BEST_ASK,"JPM,99166,99"
2019-06-28 15:07:30.000000000,BEST_BID,"JPM,99106,393"
2019-06-28 15:07:30.000000000,BEST_ASK,"JPM,99166,99"
2019-06-28 15:07:30.000000000,BEST_BID,"JPM,99106,393"
2019-06-28 15:07:30.000000000,BEST_ASK,"JPM,99166,192"
2019-06-28 15:07:30.000000000,BEST_BID,"JPM,99106,393"
2019-06-28 15:07:30.000000000,BEST_ASK,"JPM,99166,192"
2019-06-28 15:07:30.000000000,BEST_BID,"JPM,99106,393"
2019-06-28 15:07:30.000000000,BEST_ASK,"JPM,99166,192"
2019-06-28 15:07:30.000000000,BEST_BID,"JPM,99106,393"
2019-06-28 15:07:30.000000000,BEST_ASK,"JPM,99166,192"
2019-06-28 15:07:35.586513582,QUERY_SPREAD,30
2019-06-28 15:07:35.586513582,BEST_BID,"JPM,99106,393"
2019-06-28 15:07:35.586513582,BEST_ASK,"JPM,99166,92"
2019-06-28 15:07:35.586513582,LAST_TRADE,"100,$99166.0000"
2019-06-28 15:07:40.000000000,QUERY_SPREAD,1
2019-06-28 15:07:40.000000000,BEST_BID,"JPM,99106,393"
2019-06-28 15:07:40.000000000,BEST_ASK,"JPM,99283,100"
2019-06-28 15:07:40.000000000,BEST_BID,"JPM,99106,393"
2019-06-28 15:07:40.000000000,BEST_ASK,"JPM,99283,100"
2019-06-28 15:07:40.000000000,BEST_BID,"JPM,99106,393"
2019-06-28 15:07:40.000000000,BEST_ASK,"JPM,99283,100"
2019-06-28 15:07:40.000000000,BEST_BID,"JPM,99106,393"
2019-06-28 15:07:40.000000000,BEST_ASK,"JPM,99283,100"
2019-06-28 15:07:40.000000000,BEST_BID,"JPM,99106,393"
2019-06-28 15:07:40.000000000,BEST_ASK,"JPM,99283,193"
2019-06-28 15:07:40.000000000,BEST_BID,"JPM,99106,393"
2019-06-28 15:07:40.000000000,BEST_ASK,"JPM,99283,193"
2019-06-28 15:07:40.000000000,BEST_BID,"JPM,99106,393"
2019-06-28 15:07:40.000000000,BEST_ASK,"JPM,99283,193"
2019-06-28 15:07:40.000000000,BEST_BID,"JPM,99106,393"
2019-06-28 15:07:40.000000000,BEST_ASK,"JPM,99283,193"
2019-06-28 15:07:41.875153386,QUERY_SPREAD,17
2019-06-28 15:07:41.875153386,BEST_BID,"JPM,99106,393"
2019-06-28 15:07:41.875153386,BEST_ASK,"JPM,99283,193"
2019-06-28 15:07:44.026966328,QUERY_ORDER_STREAM,55
2019-06-28 15:07:44.026966328,QUERY_SPREAD,55
2019-06-28 15:07:44.026966328,BEST_BID,"JPM,99166,100"
2019-06-28 15:07:44.026966328,BEST_ASK,"JPM,99283,193"
2019-06-28 15:07:49.598966315,QUERY_SPREAD,51
2019-06-28 15:07:49.598966315,BEST_BID,"JPM,99166,100"
2019-06-28 15:07:49.598966315,BEST_ASK,"JPM,99283,93"
2019-06-28 15:07:49.598966315,LAST_TRADE,"100,$99283.0000"
2019-06-28 15:07:50.000000000,QUERY_SPREAD,1
2019-06-28 15:07:50.000000000,BEST_BID,"JPM,99166,286"
2019-06-28 15:07:50.000000000,BEST_ASK,"JPM,99303,198"
2019-06-28 15:07:50.000000000,BEST_BID,"JPM,99166,286"
2019-06-28 15:07:50.000000000,BEST_ASK,"JPM,99303,198"
2019-06-28 15:07:50.000000000,BEST_BID,"JPM,99166,286"
2019-06-28 15:07:50.000000000,BEST_ASK,"JPM,99303,384"
2019-06-28 15:07:50.000000000,BEST_BID,"JPM,99166,286"
2019-06-28 15:07:50.000000000,BEST_ASK,"JPM,99303,384"
2019-06-28 15:07:53.331060896,QUERY_SPREAD,30
2019-06-28 15:07:53.331060896,BEST_BID,"JPM,99166,286"
2019-06-28 15:07:53.331060896,BEST_ASK,"JPM,99303,384"
2019-06-28 15:08:00.000000000,QUERY_SPREAD,1
2019-06-28 15:08:00.000000000,BEST_BID,"JPM,99166,286"
2019-06-28 15:08:00.000000000,BEST_ASK,"JPM,99303,198"
2019-06-28 15:08:00.000000000,BEST_BID,"JPM,99166,286"
2019-06-28 15:08:00.000000000,BEST_ASK,"JPM,99303,198"
2019-06-28 15:08:00.000000000,BEST_BID,"JPM,99166,286"
2019-06-28 15:08:00.000000000,BEST_ASK,"JPM,99303,384"
2019-06-28 15:08:00.000000000,BEST_BID,"JPM,99166,286"
2019-06-28 15:08:00.000000000,BEST_ASK,"JPM,99303,384"
2019-06-28 15:08:00.000000000,QUERY_SPREAD,77
2019-06-28 15:08:00.000000000,BEST_BID,"JPM,99166,281"
2019-06-28 15:08:00.000000000,BEST_ASK,"JPM,99303,384"
2019-06-28 15:08:00.000000000,LAST_TRADE,"5,$99166.0000"
2019-06-28 15:08:00.000000000,QUERY_SPREAD,78
2019-06-28 15:08:00.000000000,BEST_BID,"JPM,99166,273"
2019-06-28 15:08:00.000000000,BEST_ASK,"JPM,99303,384"
2019-06-28 15:08:00.000000000,LAST_TRADE,"8,$99166.0000"
2019-06-28 15:08:00.000000000,QUERY_SPREAD,79
2019-06-28 15:08:00.000000000,BEST_BID,"JPM,99166,268"
2019-06-28 15:08:00.000000000,BEST_ASK,"JPM,99303,384"
2019-06-28 15:08:00.000000000,LAST_TRADE,"5,$99166.0000"
2019-06-28 15:08:00.000000000,QUERY_SPREAD,80
2019-06-28 15:08:00.000000000,BEST_BID,"JPM,99166,260"
2019-06-28 15:08:00.000000000,BEST_ASK,"JPM,99303,384"
2019-06-28 15:08:00.000000000,LAST_TRADE,"8,$99166.0000"
2019-06-28 15:08:00.000000000,QUERY_SPREAD,81
2019-06-28 15:08:00.000000000,BEST_BID,"JPM,99166,251"
2019-06-28 15:08:00.000000000,BEST_ASK,"JPM,99303,384"
2019-06-28 15:08:00.000000000,LAST_TRADE,"9,$99166.0000"
2019-06-28 15:08:00.000000000,QUERY_SPREAD,82
2019-06-28 15:08:00.000000000,BEST_BID,"JPM,99166,248"
2019-06-28 15:08:00.000000000,BEST_ASK,"JPM,99303,384"
2019-06-28 15:08:00.000000000,LAST_TRADE,"3,$99166.0000"
2019-06-28 15:08:00.000000000,QUERY_SPREAD,83
2019-06-28 15:08:00.000000000,BEST_BID,"JPM,99166,240"
2019-06-28 15:08:00.000000000,BEST_ASK,"JPM,99303,384"
2019-06-28 15:08:00.000000000,LAST_TRADE,"8,$99166.0000"
2019-06-28 15:08:00.000000000,QUERY_SPREAD,84
2019-06-28 15:08:00.000000000,BEST_BID,"JPM,99166,236"
2019-06-28 15:08:00.000000000,BEST_ASK,"JPM,99303,384"
2019-06-28 15:08:00.000000000,LAST_TRADE,"4,$99166.0000"
2019-06-28 15:08:00.000000000,QUERY_SPREAD,85
2019-06-28 15:08:00.000000000,BEST_BID,"JPM,99166,231"
2019-06-28 15:08:00.000000000,BEST_ASK,"JPM,99303,384"
2019-06-28 15:08:00.000000000,LAST_TRADE,"5,$99166.0000"
2019-06-28 15:08:00.000000000,QUERY_SPREAD,86
2019-06-28 15:08:00.000000000,BEST_BID,"JPM,99166,229"
2019-06-28 15:08:00.000000000,BEST_ASK,"JPM,99303,384"
2019-06-28 15:08:00.000000000,LAST_TRADE,"2,$99166.0000"
2019-06-28 15:08:00.000000000,QUERY_SPREAD,87
2019-06-28 15:08:00.000000000,BEST_BID,"JPM,99166,222"
2019-06-28 15:08:00.000000000,BEST_ASK,"JPM,99303,384"
2019-06-28 15:08:00.000000000,LAST_TRADE,"7,$99166.0000"
2019-06-28 15:08:00.000000000,QUERY_SPREAD,88
2019-06-28 15:08:00.000000000,BEST_BID,"JPM,99166,214"
2019-06-28 15:08:00.000000000,BEST_ASK,"JPM,99303,384"
2019-06-28 15:08:00.000000000,LAST_TRADE,"8,$99166.0000"
2019-06-28 15:08:00.000000000,QUERY_SPREAD,89
2019-06-28 15:08:00.000000000,BEST_BID,"JPM,99166,209"
2019-06-28 15:08:00.000000000,BEST_ASK,"JPM,99303,384"
2019-06-28 15:08:00.000000000,LAST_TRADE,"5,$99166.0000"
2019-06-28 15:08:00.000000000,QUERY_SPREAD,90
2019-06-28 15:08:00.000000000,BEST_BID,"JPM,99166,205"
2019-06-28 15:08:00.000000000,BEST_ASK,"JPM,99303,384"
2019-06-28 15:08:00.000000000,LAST_TRADE,"4,$99166.0000"
2019-06-28 15:08:00.000000000,QUERY_SPREAD,91
2019-06-28 15:08:00.000000000,BEST_BID,"JPM,99166,202"
2019-06-28 15:08:00.000000000,BEST_ASK,"JPM,99303,384"
2019-06-28 15:08:00.000000000,LAST_TRADE,"3,$99166.0000"
2019-06-28 15:08:00.000000000,QUERY_SPREAD,92
2019-06-28 15:08:00.000000000,BEST_BID,"JPM,99166,197"
2019-06-28 15:08:00.000000000,BEST_ASK,"JPM,99303,384"
2019-06-28 15:08:00.000000000,LAST_TRADE,"5,$99166.0000"
2019-06-28 15:08:00.000000000,QUERY_SPREAD,93
2019-06-28 15:08:00.000000000,BEST_BID,"JPM,99166,190"
2019-06-28 15:08:00.000000000,BEST_ASK,"JPM,99303,384"
2019-06-28 15:08:00.000000000,LAST_TRADE,"7,$99166.0000"
2019-06-28 15:08:00.000000000,QUERY_SPREAD,94
2019-06-28 15:08:00.000000000,BEST_BID,"JPM,99166,189"
2019-06-28 15:08:00.000000000,BEST_ASK,"JPM,99303,384"
2019-06-28 15:08:00.000000000,LAST_TRADE,"1,$99166.0000"
2019-06-28 15:08:00.000000000,QUERY_SPREAD,95
2019-06-28 15:08:00.000000000,BEST_BID,"JPM,99166,188"
2019-06-28 15:08:00.000000000,BEST_ASK,"JPM,99303,384"
2019-06-28 15:08:00.000000000,LAST_TRADE,"1,$99166.0000"
2019-06-28 15:08:00.000000000,QUERY_SPREAD,96
2019-06-28 15:08:00.000000000,BEST_BID,"JPM,99166,184"
2019-06-28 15:08:00.000000000,BEST_ASK,"JPM,99303,384"
2019-06-28 15:08:00.000000000,LAST_TRADE,"4,$99166.0000"
2019-06-28 15:08:00.000000000,QUERY_SPREAD,97
2019-06-28 15:08:00.000000000,BEST_BID,"JPM,99166,181"
2019-06-28 15:08:00.000000000,BEST_ASK,"JPM,99303,384"
2019-06-28 15:08:00.000000000,LAST_TRADE,"3,$99166.0000"
2019-06-28 15:08:00.000000000,QUERY_SPREAD,98
2019-06-28 15:08:00.000000000,BEST_BID,"JPM,99166,176"
2019-06-28 15:08:00.000000000,BEST_ASK,"JPM,99303,384"
2019-06-28 15:08:00.000000000,LAST_TRADE,"5,$99166.0000"
2019-06-28 15:08:00.000000000,QUERY_SPREAD,99
2019-06-28 15:08:00.000000000,BEST_BID,"JPM,99166,172"
2019-06-28 15:08:00.000000000,BEST_ASK,"JPM,99303,384"
2019-06-28 15:08:00.000000000,LAST_TRADE,"4,$99166.0000"
2019-06-28 15:08:00.000000000,QUERY_SPREAD,100
2019-06-28 15:08:00.000000000,BEST_BID,"JPM,99166,167"
2019-06-28 15:08:00.000000000,BEST_ASK,"JPM,99303,384"
2019-06-28 15:08:00.000000000,LAST_TRADE,"5,$99166.0000"
2019-06-28 15:08:00.000000000,QUERY_SPREAD,101
2019-06-28 15:08:00.000000000,BEST_BID,"JPM,99166,167"
2019-06-28 15:08:00.000000000,BEST_ASK,"JPM,99303,383"
2019-06-28 15:08:00.000000000,LAST_TRADE,"1,$99303.0000"
2019-06-28 15:08:10.000000000,QUERY_SPREAD,1
2019-06-28 15:08:10.000000000,BEST_BID,"JPM,99106,426"
2019-06-28 15:08:10.000000000,BEST_ASK,"JPM,99303,197"
2019-06-28 15:08:10.000000000,BEST_BID,"JPM,99106,426"
2019-06-28 15:08:10.000000000,BEST_ASK,"JPM,99303,197"
2019-06-28 15:08:10.000000000,BEST_BID,"JPM,99106,426"
2019-06-28 15:08:10.000000000,BEST_ASK,"JPM,99303,197"
2019-06-28 15:08:10.000000000,BEST_BID,"JPM,99106,426"
2019-06-28 15:08:10.000000000,BEST_ASK,"JPM,99303,323"
2019-06-28 15:08:10.000000000,BEST_BID,"JPM,99106,426"
2019-06-28 15:08:10.000000000,BEST_ASK,"JPM,99303,323"
2019-06-28 15:08:10.000000000,BEST_BID,"JPM,99106,426"
2019-06-28 15:08:10.000000000,BEST_ASK,"JPM,99303,323"
2019-06-28 15:08:10.768406477,QUERY_ORDER_STREAM,57
2019-06-28 15:08:10.768406477,QUERY_SPREAD,57
2019-06-28 15:08:12.242930630,QUERY_ORDER_STREAM,61
2019-06-28 15:08:12.242930630,QUERY_SPREAD,61
2019-06-28 15:08:12.242930630,BEST_BID,"JPM,99166,100"
2019-06-28 15:08:12.242930630,BEST_ASK,"JPM,99303,323"
2019-06-28 15:08:20.000000000,QUERY_SPREAD,1
2019-06-28 15:08:20.000000000,BEST_BID,"JPM,99166,286"
2019-06-28 15:08:20.000000000,BEST_ASK,"JPM,99303,197"
2019-06-28 15:08:20.000000000,BEST_BID,"JPM,99166,286"
2019-06-28 15:08:20.000000000,BEST_ASK,"JPM,99303,197"
2019-06-28 15:08:20.000000000,BEST_BID,"JPM,99166,286"
2019-06-28 15:08:20.000000000,BEST_ASK,"JPM,99303,383"
2019-06-28 15:08:20.000000000,BEST_BID,"JPM,99166,286"
2019-06-28 15:08:20.000000000,BEST_ASK,"JPM,99303,383"
2019-06-28 15:08:25.500310870,QUERY_SPREAD,28
2019-06-28 15:08:25.500310870,BEST_BID,"JPM,99166,286"
2019-06-28 15:08:25.500310870,BEST_ASK,"JPM,99303,383"
2019-06-28 15:08:30.000000000,QUERY_SPREAD,1
2019-06-28 15:08:30.000000000,BEST_BID,"JPM,99166,226"
2019-06-28 15:08:30.000000000,BEST_ASK,"JPM,99303,197"
2019-06-28 15:08:30.000000000,BEST_BID,"JPM,99166,226"
2019-06-28 15:08:30.000000000,BEST_ASK,"JPM,99303,197"
2019-06-28 15:08:30.000000000,BEST_BID,"JPM,99166,226"
2019-06-28 15:08:30.000000000,BEST_ASK,"JPM,99303,197"
2019-06-28 15:08:30.000000000,BEST_BID,"JPM,99166,226"
2019-06-28 15:08:30.000000000,BEST_ASK,"JPM,99303,323"
2019-06-28 15:08:30.000000000,BEST_BID,"JPM,99166,226"
2019-06-28 15:08:30.000000000,BEST_ASK,"JPM,99303,323"
2019-06-28 15:08:30.000000000,BEST_BID,"JPM,99166,226"
2019-06-28 15:08:30.000000000,BEST_ASK,"JPM,99303,323"
2019-06-28 15:08:30.008725310,QUERY_SPREAD,48
2019-06-28 15:08:30.008725310,BEST_BID,"JPM,99166,226"
2019-06-28 15:08:30.008725310,BEST_ASK,"JPM,99303,323"
2019-06-28 15:08:39.271789701,QUERY_SPREAD,40
2019-06-28 15:08:39.271789701,BEST_BID,"JPM,99166,226"
2019-06-28 15:08:39.271789701,BEST_ASK,"JPM,99303,323"
2019-06-28 15:08:40.000000000,QUERY_SPREAD,1
2019-06-28 15:08:40.000000000,BEST_BID,"JPM,99166,174"
2019-06-28 15:08:40.000000000,BEST_ASK,"JPM,99303,197"
2019-06-28 15:08:40.000000000,BEST_BID,"JPM,99166,174"
2019-06-28 15:08:40.000000000,BEST_ASK,"JPM,99303,197"
2019-06-28 15:08:40.000000000,BEST_BID,"JPM,99166,174"
2019-06-28 15:08:40.000000000,BEST_ASK,"JPM,99303,197"
2019-06-28 15:08:40.000000000,BEST_BID,"JPM,99166,174"
2019-06-28 15:08:40.000000000,BEST_ASK,"JPM,99303,197"
2019-06-28 15:08:40.000000000,BEST_BID,"JPM,99166,174"
2019-06-28 15:08:40.000000000,BEST_ASK,"JPM,99303,197"
2019-06-28 15:08:40.000000000,BEST_BID,"JPM,99166,174"
2019-06-28 15:08:40.000000000,BEST_ASK,"JPM,99303,271"
2019-06-28 15:08:40.000000000,BEST_BID,"JPM,99166,174"
2019-06-28 15:08:40.000000000,BEST_ASK,"JPM,99303,271"
2019-06-28 15:08:40.000000000,BEST_BID,"JPM,99166,174"
2019-06-28 15:08:40.000000000,BEST_ASK,"JPM,99303,271"
2019-06-28 15:08:40.000000000,BEST_BID,"JPM,99166,174"
2019-06-28 15:08:40.000000000,BEST_ASK,"JPM,99303,271"
2019-06-28 15:08:40.000000000,BEST_BID,"JPM,99166,174"
2019-06-28 15:08:40.000000000,BEST_ASK,"JPM,99303,271"
2019-06-28 15:08:42.121723106,QUERY_ORDER_STREAM,75
2019-06-28 15:08:42.121723106,QUERY_SPREAD,75
2019-06-28 15:08:47.347570191,QUERY_SPREAD,38
2019-06-28 15:08:47.347570191,BEST_BID,"JPM,99166,174"
2019-06-28 15:08:47.347570191,BEST_ASK,"JPM,99303,171"
2019-06-28 15:08:47.347570191,LAST_TRADE,"100,$99303.0000"
2019-06-28 15:08:50.000000000,QUERY_SPREAD,1
2019-06-28 15:08:50.000000000,BEST_BID,"JPM,99166,471"
2019-06-28 15:08:50.000000000,BEST_ASK,"JPM,99303,97"
2019-06-28 15:08:50.000000000,BEST_BID,"JPM,99166,471"
2019-06-28 15:08:50.000000000,BEST_ASK,"JPM,99303,468"
2019-06-28 15:09:00.000000000,QUERY_SPREAD,1
2019-06-28 15:09:00.000000000,BEST_BID,"JPM,99166,193"
2019-06-28 15:09:00.000000000,BEST_ASK,"JPM,99303,97"
2019-06-28 15:09:00.000000000,BEST_BID,"JPM,99166,193"
2019-06-28 15:09:00.000000000,BEST_ASK,"JPM,99303,97"
2019-06-28 15:09:00.000000000,BEST_BID,"JPM,99166,193"
2019-06-28 15:09:00.000000000,BEST_ASK,"JPM,99303,97"
2019-06-28 15:09:00.000000000,BEST_BID,"JPM,99166,193"
2019-06-28 15:09:00.000000000,BEST_ASK,"JPM,99303,97"
2019-06-28 15:09:00.000000000,BEST_BID,"JPM,99166,193"
2019-06-28 15:09:00.000000000,BEST_ASK,"JPM,99303,190"
2019-06-28 15:09:00.000000000,BEST_BID,"JPM,99166,193"
2019-06-28 15:09:00.000000000,BEST_ASK,"JPM,99303,190"
2019-06-28 15:09:00.000000000,BEST_BID,"JPM,99166,193"
2019-06-28 15:09:00.000000000,BEST_ASK,"JPM,99303,190"
2019-06-28 15:09:00.000000000,BEST_BID,"JPM,99166,193"
2019-06-28 15:09:00.000000000,BEST_ASK,"JPM,99303,190"
2019-06-28 15:09:00.000000000,QUERY_SPREAD,77
2019-06-28 15:09:00.000000000,BEST_BID,"JPM,99166,188"
2019-06-28 15:09:00.000000000,BEST_ASK,"JPM,99303,190"
2019-06-28 15:09:00.000000000,LAST_TRADE,"5,$99166.0000"
2019-06-28 15:09:00.000000000,QUERY_SPREAD,78
2019-06-28 15:09:00.000000000,BEST_BID,"JPM,99166,180"
2019-06-28 15:09:00.000000000,BEST_ASK,"JPM,99303,190"
2019-06-28 15:09:00.000000000,LAST_TRADE,"8,$99166.0000"
2019-06-28 15:09:00.000000000,QUERY_SPREAD,79
2019-06-28 15:09:00.000000000,BEST_BID,"JPM,99166,175"
2019-06-28 15:09:00.000000000,BEST_ASK,"JPM,99303,190"
2019-06-28 15:09:00.000000000,LAST_TRADE,"5,$99166.0000"
2019-06-28 15:09:00.000000000,QUERY_SPREAD,80
2019-06-28 15:09:00.000000000,BEST_BID,"JPM,99166,167"
2019-06-28 15:09:00.000000000,BEST_ASK,"JPM,99303,190"
2019-06-28 15:09:00.000000000,LAST_TRADE,"8,$99166.0000"
2019-06-28 15:09:00.000000000,QUERY_SPREAD,81
2019-06-28 15:09:00.000000000,BEST_BID,"JPM,99166,158"
2019-06-28 15:09:00.000000000,BEST_ASK,"JPM,99303,190"
2019-06-28 15:09:00.000000000,LAST_TRADE,"9,$99166.0000"
2019-06-28 15:09:00.000000000,QUERY_SPREAD,82
2019-06-28 15:09:00.000000000,BEST_BID,"JPM,99166,155"
2019-06-28 15:09:00.000000000,BEST_ASK,"JPM,99303,190"
2019-06-28 15:09:00.000000000,LAST_TRADE,"3,$99166.0000"
2019-06-28 15:09:00.000000000,QUERY_SPREAD,83
2019-06-28 15:09:00.000000000,BEST_BID,"JPM,99166,147"
2019-06-28 15:09:00.000000000,BEST_ASK,"JPM,99303,190"
2019-06-28 15:09:00.000000000,LAST_TRADE,"8,$99166.0000"
2019-06-28 15:09:00.000000000,QUERY_SPREAD,84
2019-06-28 15:09:00.000000000,BEST_BID,"JPM,99166,143"
2019-06-28 15:09:00.000000000,BEST_ASK,"JPM,99303,190"
2019-06-28 15:09:00.000000000,LAST_TRADE,"4,$99166.0000"
2019-06-28 15:09:00.000000000,QUERY_SPREAD,85
2019-06-28 15:09:00.000000000,BEST_BID,"JPM,99166,138"
2019-06-28 15:09:00.000000000,BEST_ASK,"JPM,99303,190"
2019-06-28 15:09:00.000000000,LAST_TRADE,"5,$99166.0000"
2019-06-28 15:09:00.000000000,QUERY_SPREAD,86
2019-06-28 15:09:00.000000000,BEST_BID,"JPM,99166,136"
2019-06-28 15:09:00.000000000,BEST_ASK,"JPM,99303,190"
2019-06-28 15:09:00.000000000,LAST_TRADE,"2,$99166.0000"
2019-06-28 15:09:00.000000000,QUERY_SPREAD,87
2019-06-28 15:09:00.000000000,BEST_BID,"JPM,99166,129"
2019-06-28 15:09:00.000000000,BEST_ASK,"JPM,99303,190"
2019-06-28 15:09:00.000000000,LAST_TRADE,"7,$99166.0000"
2019-06-28 15:09:00.000000000,QUERY_SPREAD,88
2019-06-28 15:09:00.000000000,BEST_BID,"JPM,99166,121"
2019-06-28 15:09:00.000000000,BEST_ASK,"JPM,99303,190"
2019-06-28 15:09:00.000000000,LAST_TRADE,"8,$99166.0000"
2019-06-28 15:09:00.000000000,QUERY_SPREAD,89
2019-06-28 15:09:00.000000000,BEST_BID,"JPM,99166,116"
2019-06-28 15:09:00.000000000,BEST_ASK,"JPM,99303,190"
2019-06-28 15:09:00.000000000,LAST_TRADE,"5,$99166.0000"
2019-06-28 15:09:00.000000000,QUERY_SPREAD,90
2019-06-28 15:09:00.000000000,BEST_BID,"JPM,99166,112"
2019-06-28 15:09:00.000000000,BEST_ASK,"JPM,99303,190"
2019-06-28 15:09:00.000000000,LAST_TRADE,"4,$99166.0000"
2019-06-28 15:09:00.000000000,QUERY_SPREAD,91
2019-06-28 15:09:00.000000000,BEST_BID,"JPM,99166,109"
2019-06-28 15:09:00.000000000,BEST_ASK,"JPM,99303,190"
2019-06-28 15:09:00.000000000,LAST_TRADE,"3,$99166.0000"
2019-06-28 15:09:00.000000000,QUERY_SPREAD,92
2019-06-28 15:09:00.000000000,BEST_BID,"JPM,99166,104"
2019-06-28 15:09:00.000000000,BEST_ASK,"JPM,99303,190"
2019-06-28 15:09:00.000000000,LAST_TRADE,"5,$99166.0000"
2019-06-28 15:09:00.000000000,QUERY_SPREAD,93
2019-06-28 15:09:00.000000000,BEST_BID,"JPM,99166,97"
2019-06-28 15:09:00.000000000,BEST_ASK,"JPM,99303,190"
2019-06-28 15:09:00.000000000,LAST_TRADE,"7,$99166.0000"
2019-06-28 15:09:00.000000000,QUERY_SPREAD,94
2019-06-28 15:09:00.000000000,BEST_BID,"JPM,99166,96"
2019-06-28 15:09:00.000000000,BEST_ASK,"JPM,99303,190"
2019-06-28 15:09:00.000000000,LAST_TRADE,"1,$99166.0000"
2019-06-28 15:09:00.000000000,QUERY_SPREAD,95
2019-06-28 15:09:00.000000000,BEST_BID,"JPM,99166,95"
2019-06-28 15:09:00.000000000,BEST_ASK,"JPM,99303,190"
2019-06-28 15:09:00.000000000,LAST_TRADE,"1,$99166.0000"
2019-06-28 15:09:00.000000000,QUERY_SPREAD,96
2019-06-28 15:09:00.000000000,BEST_BID,"JPM,99166,91"
2019-06-28 15:09:00.000000000,BEST_ASK,"JPM,99303,190"
2019-06-28 15:09:00.000000000,LAST_TRADE,"4,$99166.0000"
2019-06-28 15:09:00.000000000,QUERY_SPREAD,97
2019-06-28 15:09:00.000000000,BEST_BID,"JPM,99166,88"
2019-06-28 15:09:00.000000000,BEST_ASK,"JPM,99303,190"
2019-06-28 15:09:00.000000000,LAST_TRADE,"3,$99166.0000"
2019-06-28 15:09:00.000000000,QUERY_SPREAD,98
2019-06-28 15:09:00.000000000,BEST_BID,"JPM,99166,83"
2019-06-28 15:09:00.000000000,BEST_ASK,"JPM,99303,190"
2019-06-28 15:09:00.000000000,LAST_TRADE,"5,$99166.0000"
2019-06-28 15:09:00.000000000,QUERY_SPREAD,99
2019-06-28 15:09:00.000000000,BEST_BID,"JPM,99166,79"
2019-06-28 15:09:00.000000000,BEST_ASK,"JPM,99303,190"
2019-06-28 15:09:00.000000000,LAST_TRADE,"4,$99166.0000"
2019-06-28 15:09:00.000000000,QUERY_SPREAD,100
2019-06-28 15:09:00.000000000,BEST_BID,"JPM,99166,74"
2019-06-28 15:09:00.000000000,BEST_ASK,"JPM,99303,190"
2019-06-28 15:09:00.000000000,LAST_TRADE,"5,$99166.0000"
2019-06-28 15:09:00.000000000,QUERY_SPREAD,101
2019-06-28 15:09:00.000000000,BEST_BID,"JPM,99166,74"
2019-06-28 15:09:00.000000000,BEST_ASK,"JPM,99303,189"
2019-06-28 15:09:00.000000000,LAST_TRADE,"1,$99303.0000"
2019-06-28 15:09:10.000000000,QUERY_SPREAD,1
2019-06-28 15:09:10.000000000,BEST_BID,"JPM,99106,393"
2019-06-28 15:09:10.000000000,BEST_ASK,"JPM,99303,96"
2019-06-28 15:09:10.000000000,BEST_BID,"JPM,99106,393"
2019-06-28 15:09:10.000000000,BEST_ASK,"JPM,99303,96"
2019-06-28 15:09:10.000000000,BEST_BID,"JPM,99106,393"
2019-06-28 15:09:10.000000000,BEST_ASK,"JPM,99303,96"
2019-06-28 15:09:10.000000000,BEST_BID,"JPM,99106,393"
2019-06-28 15:09:10.000000000,BEST_ASK,"JPM,99303,96"
2019-06-28 15:09:10.000000000,BEST_BID,"JPM,99106,393"
2019-06-28 15:09:10.000000000,BEST_ASK,"JPM,99303,189"
2019-06-28 15:09:10.000000000,BEST_BID,"JPM,99106,393"
2019-06-28 15:09:10.000000000,BEST_ASK,"JPM,99303,189"
2019-06-28 15:09:10.000000000,BEST_BID,"JPM,99106,393"
2019-06-28 15:09:10.000000000,BEST_ASK,"JPM,99303,189"
2019-06-28 15:09:10.000000000,BEST_BID,"JPM,99106,393"
2019-06-28 15:09:10.000000000,BEST_ASK,"JPM,99303,189"
2019-06-28 15:09:14.062021513,QUERY_SPREAD,47
2019-06-28 15:09:14.062021513,BEST_BID,"JPM,99106,393"
2019-06-28 15:09:14.062021513,BEST_ASK,"JPM,99303,189"
2019-06-28 15:09:20.000000000,QUERY_SPREAD,1
2019-06-28 15:09:20.000000000,BEST_BID,"JPM,99106,671"
2019-06-28 15:09:20.000000000,BEST_ASK,"JPM,99303,96"
2019-06-28 15:09:20.000000000,BEST_BID,"JPM,99106,671"
2019-06-28 15:09:20.000000000,BEST_ASK,"JPM,99303,467"
2019-06-28 15:09:30.000000000,QUERY_SPREAD,1
2019-06-28 15:09:30.000000000,BEST_BID,"JPM,99106,671"
2019-06-28 15:09:30.000000000,BEST_ASK,"JPM,99303,96"
2019-06-28 15:09:30.000000000,BEST_BID,"JPM,99106,671"
2019-06-28 15:09:30.000000000,BEST_ASK,"JPM,99303,467"
2019-06-28 15:09:40.000000000,QUERY_SPREAD,1
2019-06-28 15:09:40.000000000,BEST_BID,"JPM,99106,671"
2019-06-28 15:09:40.000000000,BEST_ASK,"JPM,99303,96"
2019-06-28 15:09:40.000000000,BEST_BID,"JPM,99106,671"
2019-06-28 15:09:40.000000000,BEST_ASK,"JPM,99303,467"
2019-06-28 15:09:50.000000000,QUERY_SPREAD,1
2019-06-28 15:09:50.000000000,BEST_BID,"JPM,99106,486"
2019-06-28 15:09:50.000000000,BEST_ASK,"JPM,99303,96"
2019-06-28 15:09:50.000000000,BEST_BID,"JPM,99106,486"
2019-06-28 15:09:50.000000000,BEST_ASK,"JPM,99303,96"
2019-06-28 15:09:50.000000000,BEST_BID,"JPM,99106,486"
2019-06-28 15:09:50.000000000,BEST_ASK,"JPM,99303,282"
2019-06-28 15:09:50.000000000,BEST_BID,"JPM,99106,486"
2019-06-28 15:09:50.000000000,BEST_ASK,"JPM,99303,282"
2019-06-28 15:10:00.000000000,QUERY_SPREAD,1
2019-06-28 15:10:00.000000000,BEST_BID,"JPM,99106,671"
2019-06-28 15:10:00.000000000,BEST_ASK,"JPM,99303,96"
2019-06-28 15:10:00.000000000,BEST_BID,"JPM,99106,671"
2019-06-28 15:10:00.000000000,BEST_ASK,"JPM,99303,467"
2019-06-28 15:10:00.000000000,QUERY_SPREAD,77
2019-06-28 15:10:00.000000000,BEST_BID,"JPM,99106,666"
2019-06-28 15:10:00.000000000,BEST_ASK,"JPM,99303,467"
2019-06-28 15:10:00.000000000,LAST_TRADE,"5,$99106.0000"
2019-06-28 15:10:00.000000000,QUERY_SPREAD,78
2019-06-28 15:10:00.000000000,BEST_BID,"JPM,99106,658"
2019-06-28 15:10:00.000000000,BEST_ASK,"JPM,99303,467"
2019-06-28 15:10:00.000000000,LAST_TRADE,"8,$99106.0000"
2019-06-28 15:10:00.000000000,QUERY_SPREAD,79
2019-06-28 15:10:00.000000000,BEST_BID,"JPM,99106,653"
2019-06-28 15:10:00.000000000,BEST_ASK,"JPM,99303,467"
2019-06-28 15:10:00.000000000,LAST_TRADE,"5,$99106.0000"
2019-06-28 15:10:00.000000000,QUERY_SPREAD,80
2019-06-28 15:10:00.000000000,BEST_BID,"JPM,99106,645"
2019-06-28 15:10:00.000000000,BEST_ASK,"JPM,99303,467"
2019-06-28 15:10:00.000000000,LAST_TRADE,"8,$99106.0000"
2019-06-28 15:10:00.000000000,QUERY_SPREAD,81
2019-06-28 15:10:00.000000000,BEST_BID,"JPM,99106,636"
2019-06-28 15:10:00.000000000,BEST_ASK,"JPM,99303,467"
2019-06-28 15:10:00.000000000,LAST_TRADE,"9,$99106.0000"
2019-06-28 15:10:00.000000000,QUERY_SPREAD,82
2019-06-28 15:10:00.000000000,BEST_BID,"JPM,99106,633"
2019-06-28 15:10:00.000000000,BEST_ASK,"JPM,99303,467"
2019-06-28 15:10:00.000000000,LAST_TRADE,"3,$99106.0000"
2019-06-28 15:10:00.000000000,QUERY_SPREAD,83
2019-06-28 15:10:00.000000000,BEST_BID,"JPM,99106,625"
2019-06-28 15:10:00.000000000,BEST_ASK,"JPM,99303,467"
2019-06-28 15:10:00.000000000,LAST_TRADE,"8,$99106.0000"
2019-06-28 15:10:00.000000000,QUERY_SPREAD,84
2019-06-28 15:10:00.000000000,BEST_BID,"JPM,99106,621"
2019-06-28 15:10:00.000000000,BEST_ASK,"JPM,99303,467"
2019-06-28 15:10:00.000000000,LAST_TRADE,"4,$99106.0000"
2019-06-28 15:10:00.000000000,QUERY_SPREAD,85
2019-06-28 15:10:00.000000000,BEST_BID,"JPM,99106,616"
2019-06-28 15:10:00.000000000,BEST_ASK,"JPM,99303,467"
2019-06-28 15:10:00.000000000,LAST_TRADE,"5,$99106.0000"
2019-06-28 15:10:00.000000000,QUERY_SPREAD,86
2019-06-28 15:10:00.000000000,BEST_BID,"JPM,99106,614"
2019-06-28 15:10:00.000000000,BEST_ASK,"JPM,99303,467"
2019-06-28 15:10:00.000000000,LAST_TRADE,"2,$99106.0000"
2019-06-28 15:10:00.000000000,QUERY_SPREAD,87
2019-06-28 15:10:00.000000000,BEST_BID,"JPM,99106,607"
2019-06-28 15:10:00.000000000,BEST_ASK,"JPM,99303,467"
2019-06-28 15:10:00.000000000,LAST_TRADE,"7,$99106.0000"
2019-06-28 15:10:00.000000000,QUERY_SPREAD,88
2019-06-28 15:10:00.000000000,BEST_BID,"JPM,99106,599"
2019-06-28 15:10:00.000000000,BEST_ASK,"JPM,99303,467"
2019-06-28 15:10:00.000000000,LAST_TRADE,"8,$99106.0000"
2019-06-28 15:10:00.000000000,QUERY_SPREAD,89
2019-06-28 15:10:00.000000000,BEST_BID,"JPM,99106,594"
2019-06-28 15:10:00.000000000,BEST_ASK,"JPM,99303,467"
2019-06-28 15:10:00.000000000,LAST_TRADE,"5,$99106.0000"
2019-06-28 15:10:00.000000000,QUERY_SPREAD,90
2019-06-28 15:10:00.000000000,BEST_BID,"JPM,99106,590"
2019-06-28 15:10:00.000000000,BEST_ASK,"JPM,99303,467"
2019-06-28 15:10:00.000000000,LAST_TRADE,"4,$99106.0000"
2019-06-28 15:10:00.000000000,QUERY_SPREAD,91
2019-06-28 15:10:00.000000000,BEST_BID,"JPM,99106,587"
2019-06-28 15:10:00.000000000,BEST_ASK,"JPM,99303,467"
2019-06-28 15:10:00.000000000,LAST_TRADE,"3,$99106.0000"
2019-06-28 15:10:00.000000000,QUERY_SPREAD,92
2019-06-28 15:10:00.000000000,BEST_BID,"JPM,99106,582"
2019-06-28 15:10:00.000000000,BEST_ASK,"JPM,99303,467"
2019-06-28 15:10:00.000000000,LAST_TRADE,"5,$99106.0000"
2019-06-28 15:10:00.000000000,QUERY_SPREAD,93
2019-06-28 15:10:00.000000000,BEST_BID,"JPM,99106,575"
2019-06-28 15:10:00.000000000,BEST_ASK,"JPM,99303,467"
2019-06-28 15:10:00.000000000,LAST_TRADE,"7,$99106.0000"
2019-06-28 15:10:00.000000000,QUERY_SPREAD,94
2019-06-28 15:10:00.000000000,BEST_BID,"JPM,99106,574"
2019-06-28 15:10:00.000000000,BEST_ASK,"JPM,99303,467"
2019-06-28 15:10:00.000000000,LAST_TRADE,"1,$99106.0000"
2019-06-28 15:10:00.000000000,QUERY_SPREAD,95
2019-06-28 15:10:00.000000000,BEST_BID,"JPM,99106,573"
2019-06-28 15:10:00.000000000,BEST_ASK,"JPM,99303,467"
2019-06-28 15:10:00.000000000,LAST_TRADE,"1,$99106.0000"
2019-06-28 15:10:00.000000000,QUERY_SPREAD,96
2019-06-28 15:10:00.000000000,BEST_BID,"JPM,99106,569"
2019-06-28 15:10:00.000000000,BEST_ASK,"JPM,99303,467"
2019-06-28 15:10:00.000000000,LAST_TRADE,"4,$99106.0000"
2019-06-28 15:10:00.000000000,QUERY_SPREAD,97
2019-06-28 15:10:00.000000000,BEST_BID,"JPM,99106,566"
2019-06-28 15:10:00.000000000,BEST_ASK,"JPM,99303,467"
2019-06-28 15:10:00.000000000,LAST_TRADE,"3,$99106.0000"
2019-06-28 15:10:00.000000000,QUERY_SPREAD,98
2019-06-28 15:10:00.000000000,BEST_BID,"JPM,99106,561"
2019-06-28 15:10:00.000000000,BEST_ASK,"JPM,99303,467"
2019-06-28 15:10:00.000000000,LAST_TRADE,"5,$99106.0000"
2019-06-28 15:10:00.000000000,QUERY_SPREAD,99
2019-06-28 15:10:00.000000000,BEST_BID,"JPM,99106,557"
2019-06-28 15:10:00.000000000,BEST_ASK,"JPM,99303,467"
2019-06-28 15:10:00.000000000,LAST_TRADE,"4,$99106.0000"
2019-06-28 15:10:00.000000000,QUERY_SPREAD,100
2019-06-28 15:10:00.000000000,BEST_BID,"JPM,99106,552"
2019-06-28 15:10:00.000000000,BEST_ASK,"JPM,99303,467"
2019-06-28 15:10:00.000000000,LAST_TRADE,"5,$99106.0000"
2019-06-28 15:10:00.000000000,QUERY_SPREAD,101
2019-06-28 15:10:00.000000000,BEST_BID,"JPM,99106,552"
2019-06-28 15:10:00.000000000,BEST_ASK,"JPM,99303,466"
2019-06-28 15:10:00.000000000,LAST_TRADE,"1,$99303.0000"
2019-06-28 15:10:06.410345681,QUERY_SPREAD,31
2019-06-28 15:10:06.410345681,BEST_BID,"JPM,99106,552"
2019-06-28 15:10:06.410345681,BEST_ASK,"JPM,99303,466"
2019-06-28 15:10:10.000000000,QUERY_SPREAD,1
2019-06-28 15:10:10.000000000,BEST_BID,"JPM,99106,367"
2019-06-28 15:10:10.000000000,BEST_ASK,"JPM,99303,95"
2019-06-28 15:10:10.000000000,BEST_BID,"JPM,99106,367"
2019-06-28 15:10:10.000000000,BEST_ASK,"JPM,99303,95"
2019-06-28 15:10:10.000000000,BEST_BID,"JPM,99106,367"
2019-06-28 15:10:10.000000000,BEST_ASK,"JPM,99303,281"
2019-06-28 15:10:10.000000000,BEST_BID,"JPM,99106,367"
2019-06-28 15:10:10.000000000,BEST_ASK,"JPM,99303,281"
2019-06-28 15:10:18.318842815,QUERY_SPREAD,27
2019-06-28 15:10:18.318842815,BEST_BID,"JPM,99106,367"
2019-06-28 15:10:18.318842815,BEST_ASK,"JPM,99303,281"
2019-06-28 15:10:20.000000000,QUERY_SPREAD,1
2019-06-28 15:10:20.000000000,BEST_BID,"JPM,99106,307"
2019-06-28 15:10:20.000000000,BEST_ASK,"JPM,99303,95"
2019-06-28 15:10:20.000000000,BEST_BID,"JPM,99106,307"
2019-06-28 15:10:20.000000000,BEST_ASK,"JPM,99303,95"
2019-06-28 15:10:20.000000000,BEST_BID,"JPM,99106,307"
2019-06-28 15:10:20.000000000,BEST_ASK,"JPM,99303,95"
2019-06-28 15:10:20.000000000,BEST_BID,"JPM,99106,307"
2019-06-28 15:10:20.000000000,BEST_ASK,"JPM,99303,221"
2019-06-28 15:10:20.000000000,BEST_BID,"JPM,99106,307"
2019-06-28 15:10:20.000000000,BEST_ASK,"JPM,99303,221"
2019-06-28 15:10:20.000000000,BEST_BID,"JPM,99106,307"
2019-06-28 15:10:20.000000000,BEST_ASK,"JPM,99303,221"
2019-06-28 15:10:20.736025772,QUERY_ORDER_STREAM,54
2019-06-28 15:10:20.736025772,QUERY_SPREAD,54
2019-06-28 15:10:29.832005737,QUERY_SPREAD,20
2019-06-28 15:10:29.832005737,BEST_BID,"JPM,99106,226"
2019-06-28 15:10:29.832005737,BEST_ASK,"JPM,99303,121"
2019-06-28 15:10:29.832005737,LAST_TRADE,"100,$99303.0000"
2019-06-28 15:10:30.000000000,QUERY_SPREAD,1
2019-06-28 15:10:30.000000000,BEST_BID,"JPM,99106,471"
2019-06-28 15:10:30.000000000,BEST_ASK,"JPM,99314,100"
2019-06-28 15:10:30.000000000,BEST_BID,"JPM,99106,471"
2019-06-28 15:10:30.000000000,BEST_ASK,"JPM,99314,471"
2019-06-28 15:10:38.948193241,QUERY_ORDER_STREAM,76
2019-06-28 15:10:38.948193241,QUERY_SPREAD,76
2019-06-28 15:10:38.948193241,BEST_BID,"JPM,99303,100"
2019-06-28 15:10:38.948193241,BEST_ASK,"JPM,99314,471"
2019-06-28 15:10:40.000000000,QUERY_SPREAD,1
2019-06-28 15:10:40.000000000,BEST_BID,"JPM,99303,193"
2019-06-28 15:10:40.000000000,BEST_ASK,"JPM,99314,100"
2019-06-28 15:10:40.000000000,BEST_BID,"JPM,99303,193"
2019-06-28 15:10:40.000000000,BEST_ASK,"JPM,99314,100"
2019-06-28 15:10:40.000000000,BEST_BID,"JPM,99303,193"
2019-06-28 15:10:40.000000000,BEST_ASK,"JPM,99314,100"
2019-06-28 15:10:40.000000000,BEST_BID,"JPM,99303,193"
2019-06-28 15:10:40.000000000,BEST_ASK,"JPM,99314,100"
2019-06-28 15:10:40.000000000,BEST_BID,"JPM,99303,193"
2019-06-28 15:10:40.000000000,BEST_ASK,"JPM,99314,193"
2019-06-28 15:10:40.000000000,BEST_BID,"JPM,99303,193"
2019-06-28 15:10:40.000000000,BEST_ASK,"JPM,99314,193"
2019-06-28 15:10:40.000000000,BEST_BID,"JPM,99303,193"
2019-06-28 15:10:40.000000000,BEST_ASK,"JPM,99314,193"
2019-06-28 15:10:40.000000000,BEST_BID,"JPM,99303,193"
2019-06-28 15:10:40.000000000,BEST_ASK,"JPM,99314,193"
2019-06-28 15:10:50.000000000,QUERY_SPREAD,1
2019-06-28 15:10:50.000000000,BEST_BID,"JPM,99303,286"
2019-06-28 15:10:50.000000000,BEST_ASK,"JPM,99314,100"
2019-06-28 15:10:50.000000000,BEST_BID,"JPM,99303,286"
2019-06-28 15:10:50.000000000,BEST_ASK,"JPM,99314,100"
2019-06-28 15:10:50.000000000,BEST_BID,"JPM,99303,286"
2019-06-28 15:10:50.000000000,BEST_ASK,"JPM,99314,286"
2019-06-28 15:10:50.000000000,BEST_BID,"JPM,99303,286"
2019-06-28 15:10:50.000000000,BEST_ASK,"JPM,99314,286"
2019-06-28 15:10:54.083541593,QUERY_SPREAD,22
2019-06-28 15:10:54.083541593,BEST_BID,"JPM,99303,286"
2019-06-28 15:10:54.083541593,BEST_ASK,"JPM,99314,186"
2019-06-28 15:10:54.083541593,LAST_TRADE,"100,$99314.0000"
2019-06-28 15:10:58.248412267,QUERY_ORDER_STREAM,58
2019-06-28 15:10:58.248412267,QUERY_SPREAD,58
2019-06-28 15:10:58.248412267,BEST_BID,"JPM,99304,100"
2019-06-28 15:10:58.248412267,BEST_ASK,"JPM,99314,186"
2019-06-28 15:11:00.000000000,QUERY_SPREAD,1
2019-06-28 15:11:00.000000000,BEST_BID,"JPM,99304,286"
2019-06-28 15:11:00.000000000,BEST_ASK,"JPM,99473,100"
2019-06-28 15:11:00.000000000,BEST_BID,"JPM,99304,286"
2019-06-28 15:11:00.000000000,BEST_ASK,"JPM,99473,100"
2019-06-28 15:11:00.000000000,BEST_BID,"JPM,99304,286"
2019-06-28 15:11:00.000000000,BEST_ASK,"JPM,99473,286"
2019-06-28 15:11:00.000000000,BEST_BID,"JPM,99304,286"
2019-06-28 15:11:00.000000000,BEST_ASK,"JPM,99473,286"
2019-06-28 15:11:00.000000000,QUERY_SPREAD,77
2019-06-28 15:11:00.000000000,BEST_BID,"JPM,99304,281"
2019-06-28 15:11:00.000000000,BEST_ASK,"JPM,99473,286"
2019-06-28 15:11:00.000000000,LAST_TRADE,"5,$99304.0000"
2019-06-28 15:11:00.000000000,QUERY_SPREAD,78
2019-06-28 15:11:00.000000000,BEST_BID,"JPM,99304,273"
2019-06-28 15:11:00.000000000,BEST_ASK,"JPM,99473,286"
2019-06-28 15:11:00.000000000,LAST_TRADE,"8,$99304.0000"
2019-06-28 15:11:00.000000000,QUERY_SPREAD,79
2019-06-28 15:11:00.000000000,BEST_BID,"JPM,99304,268"
2019-06-28 15:11:00.000000000,BEST_ASK,"JPM,99473,286"
2019-06-28 15:11:00.000000000,LAST_TRADE,"5,$99304.0000"
2019-06-28 15:11:00.000000000,QUERY_SPREAD,80
2019-06-28 15:11:00.000000000,BEST_BID,"JPM,99304,260"
2019-06-28 15:11:00.000000000,BEST_ASK,"JPM,99473,286"
2019-06-28 15:11:00.000000000,LAST_TRADE,"8,$99304.0000"
2019-06-28 15:11:00.000000000,QUERY_SPREAD,81
2019-06-28 15:11:00.000000000,BEST_BID,"JPM,99304,251"
2019-06-28 15:11:00.000000000,BEST_ASK,"JPM,99473,286"
2019-06-28 15:11:00.000000000,LAST_TRADE,"9,$99304.0000"
2019-06-28 15:11:00.000000000,QUERY_SPREAD,82
2019-06-28 15:11:00.000000000,BEST_BID,"JPM,99304,248"
2019-06-28 15:11:00.000000000,BEST_ASK,"JPM,99473,286"
2019-06-28 15:11:00.000000000,LAST_TRADE,"3,$99304.0000"
2019-06-28 15:11:00.000000000,QUERY_SPREAD,83
2019-06-28 15:11:00.000000000,BEST_BID,"JPM,99304,240"
2019-06-28 15:11:00.000000000,BEST_ASK,"JPM,99473,286"
2019-06-28 15:11:00.000000000,LAST_TRADE,"8,$99304.0000"
2019-06-28 15:11:00.000000000,QUERY_SPREAD,84
2019-06-28 15:11:00.000000000,BEST_BID,"JPM,99304,236"
2019-06-28 15:11:00.000000000,BEST_ASK,"JPM,99473,286"
2019-06-28 15:11:00.000000000,LAST_TRADE,"4,$99304.0000"
2019-06-28 15:11:00.000000000,QUERY_SPREAD,85
2019-06-28 15:11:00.000000000,BEST_BID,"JPM,99304,231"
2019-06-28 15:11:00.000000000,BEST_ASK,"JPM,99473,286"
2019-06-28 15:11:00.000000000,LAST_TRADE,"5,$99304.0000"
2019-06-28 15:11:00.000000000,QUERY_SPREAD,86
2019-06-28 15:11:00.000000000,BEST_BID,"JPM,99304,229"
2019-06-28 15:11:00.000000000,BEST_ASK,"JPM,99473,286"
2019-06-28 15:11:00.000000000,LAST_TRADE,"2,$99304.0000"
2019-06-28 15:11:00.000000000,QUERY_SPREAD,87
2019-06-28 15:11:00.000000000,BEST_BID,"JPM,99304,222"
2019-06-28 15:11:00.000000000,BEST_ASK,"JPM,99473,286"
2019-06-28 15:11:00.000000000,LAST_TRADE,"7,$99304.0000"
2019-06-28 15:11:00.000000000,QUERY_SPREAD,88
2019-06-28 15:11:00.000000000,BEST_BID,"JPM,99304,214"
2019-06-28 15:11:00.000000000,BEST_ASK,"JPM,99473,286"
2019-06-28 15:11:00.000000000,LAST_TRADE,"8,$99304.0000"
2019-06-28 15:11:00.000000000,QUERY_SPREAD,89
2019-06-28 15:11:00.000000000,BEST_BID,"JPM,99304,209"
2019-06-28 15:11:00.000000000,BEST_ASK,"JPM,99473,286"
2019-06-28 15:11:00.000000000,LAST_TRADE,"5,$99304.0000"
2019-06-28 15:11:00.000000000,QUERY_SPREAD,90
2019-06-28 15:11:00.000000000,BEST_BID,"JPM,99304,205"
2019-06-28 15:11:00.000000000,BEST_ASK,"JPM,99473,286"
2019-06-28 15:11:00.000000000,LAST_TRADE,"4,$99304.0000"
2019-06-28 15:11:00.000000000,QUERY_SPREAD,91
2019-06-28 15:11:00.000000000,BEST_BID,"JPM,99304,202"
2019-06-28 15:11:00.000000000,BEST_ASK,"JPM,99473,286"
2019-06-28 15:11:00.000000000,LAST_TRADE,"3,$99304.0000"
2019-06-28 15:11:00.000000000,QUERY_SPREAD,92
2019-06-28 15:11:00.000000000,BEST_BID,"JPM,99304,197"
2019-06-28 15:11:00.000000000,BEST_ASK,"JPM,99473,286"
2019-06-28 15:11:00.000000000,LAST_TRADE,"5,$99304.0000"
2019-06-28 15:11:00.000000000,QUERY_SPREAD,93
2019-06-28 15:11:00.000000000,BEST_BID,"JPM,99304,190"
2019-06-28 15:11:00.000000000,BEST_ASK,"JPM,99473,286"
2019-06-28 15:11:00.000000000,LAST_TRADE,"7,$99304.0000"
2019-06-28 15:11:00.000000000,QUERY_SPREAD,94
2019-06-28 15:11:00.000000000,BEST_BID,"JPM,99304,189"
2019-06-28 15:11:00.000000000,BEST_ASK,"JPM,99473,286"
2019-06-28 15:11:00.000000000,LAST_TRADE,"1,$99304.0000"
2019-06-28 15:11:00.000000000,QUERY_SPREAD,95
2019-06-28 15:11:00.000000000,BEST_BID,"JPM,99304,188"
2019-06-28 15:11:00.000000000,BEST_ASK,"JPM,99473,286"
2019-06-28 15:11:00.000000000,LAST_TRADE,"1,$99304.0000"
2019-06-28 15:11:00.000000000,QUERY_SPREAD,96
2019-06-28 15:11:00.000000000,BEST_BID,"JPM,99304,184"
2019-06-28 15:11:00.000000000,BEST_ASK,"JPM,99473,286"
2019-06-28 15:11:00.000000000,LAST_TRADE,"4,$99304.0000"
2019-06-28 15:11:00.000000000,QUERY_SPREAD,97
2019-06-28 15:11:00.000000000,BEST_BID,"JPM,99304,181"
2019-06-28 15:11:00.000000000,BEST_ASK,"JPM,99473,286"
2019-06-28 15:11:00.000000000,LAST_TRADE,"3,$99304.0000"
2019-06-28 15:11:00.000000000,QUERY_SPREAD,98
2019-06-28 15:11:00.000000000,BEST_BID,"JPM,99304,176"
2019-06-28 15:11:00.000000000,BEST_ASK,"JPM,99473,286"
2019-06-28 15:11:00.000000000,LAST_TRADE,"5,$99304.0000"
2019-06-28 15:11:00.000000000,QUERY_SPREAD,99
2019-06-28 15:11:00.000000000,BEST_BID,"JPM,99304,172"
2019-06-28 15:11:00.000000000,BEST_ASK,"JPM,99473,286"
2019-06-28 15:11:00.000000000,LAST_TRADE,"4,$99304.0000"
2019-06-28 15:11:00.000000000,QUERY_SPREAD,100
2019-06-28 15:11:00.000000000,BEST_BID,"JPM,99304,167"
2019-06-28 15:11:00.000000000,BEST_ASK,"JPM,99473,286"
2019-06-28 15:11:00.000000000,LAST_TRADE,"5,$99304.0000"
2019-06-28 15:11:00.000000000,QUERY_SPREAD,101
2019-06-28 15:11:00.000000000,BEST_BID,"JPM,99304,167"
2019-06-28 15:11:00.000000000,BEST_ASK,"JPM,99473,285"
2019-06-28 15:11:00.000000000,LAST_TRADE,"1,$99473.0000"
2019-06-28 15:11:10.000000000,QUERY_SPREAD,1
2019-06-28 15:11:10.000000000,BEST_BID,"JPM,99303,193"
2019-06-28 15:11:10.000000000,BEST_ASK,"JPM,99473,99"
2019-06-28 15:11:10.000000000,BEST_BID,"JPM,99303,193"
2019-06-28 15:11:10.000000000,BEST_ASK,"JPM,99473,99"
2019-06-28 15:11:10.000000000,BEST_BID,"JPM,99303,193"
2019-06-28 15:11:10.000000000,BEST_ASK,"JPM,99473,99"
2019-06-28 15:11:10.000000000,BEST_BID,"JPM,99303,193"
2019-06-28 15:11:10.000000000,BEST_ASK,"JPM,99473,99"
2019-06-28 15:11:10.000000000,BEST_BID,"JPM,99303,193"
2019-06-28 15:11:10.000000000,BEST_ASK,"JPM,99473,192"
2019-06-28 15:11:10.000000000,BEST_BID,"JPM,99303,193"
2019-06-28 15:11:10.000000000,BEST_ASK,"JPM,99473,192"
2019-06-28 15:11:10.000000000,BEST_BID,"JPM,99303,193"
2019-06-28 15:11:10.000000000,BEST_ASK,"JPM,99473,192"
2019-06-28 15:11:10.000000000,BEST_BID,"JPM,99303,193"
2019-06-28 15:11:10.000000000,BEST_ASK,"JPM,99473,192"
2019-06-28 15:11:20.000000000,QUERY_SPREAD,1
2019-06-28 15:11:20.000000000,BEST_BID,"JPM,99303,193"
2019-06-28 15:11:20.000000000,BEST_ASK,"JPM,99473,99"
2019-06-28 15:11:20.000000000,BEST_BID,"JPM,99303,193"
2019-06-28 15:11:20.000000000,BEST_ASK,"JPM,99473,99"
2019-06-28 15:11:20.000000000,BEST_BID,"JPM,99303,193"
2019-06-28 15:11:20.000000000,BEST_ASK,"JPM,99473,99"
2019-06-28 15:11:20.000000000,BEST_BID,"JPM,99303,193"
2019-06-28 15:11:20.000000000,BEST_ASK,"JPM,99473,99"
2019-06-28 15:11:20.000000000,BEST_BID,"JPM,99303,193"
2019-06-28 15:11:20.000000000,BEST_ASK,"JPM,99473,192"
2019-06-28 15:11:20.000000000,BEST_BID,"JPM,99303,193"
2019-06-28 15:11:20.000000000,BEST_ASK,"JPM,99473,192"
2019-06-28 15:11:20.000000000,BEST_BID,"JPM,99303,193"
2019-06-28 15:11:20.000000000,BEST_ASK,"JPM,99473,192"
2019-06-28 15:11:20.000000000,BEST_BID,"JPM,99303,193"
2019-06-28 15:11:20.000000000,BEST_ASK,"JPM,99473,192"
2019-06-28 15:11:30.000000000,QUERY_SPREAD,1
2019-06-28 15:11:30.000000000,BEST_BID,"JPM,99303,226"
2019-06-28 15:11:30.000000000,BEST_ASK,"JPM,99473,99"
2019-06-28 15:11:30.000000000,BEST_BID,"JPM,99303,226"
2019-06-28 15:11:30.000000000,BEST_ASK,"JPM,99473,99"
2019-06-28 15:11:30.000000000,BEST_BID,"JPM,99303,226"
2019-06-28 15:11:30.000000000,BEST_ASK,"JPM,99473,99"
2019-06-28 15:11:30.000000000,BEST_BID,"JPM,99303,226"
2019-06-28 15:11:30.000000000,BEST_ASK,"JPM,99473,225"
2019-06-28 15:11:30.000000000,BEST_BID,"JPM,99303,226"
2019-06-28 15:11:30.000000000,BEST_ASK,"JPM,99473,225"
2019-06-28 15:11:30.000000000,BEST_BID,"JPM,99303,226"
2019-06-28 15:11:30.000000000,BEST_ASK,"JPM,99473,225"
2019-06-28 15:11:40.000000000,QUERY_SPREAD,1
2019-06-28 15:11:40.000000000,BEST_BID,"JPM,99303,471"
2019-06-28 15:11:40.000000000,BEST_ASK,"JPM,99473,99"
2019-06-28 15:11:40.000000000,BEST_BID,"JPM,99303,471"
2019-06-28 15:11:40.000000000,BEST_ASK,"JPM,99473,470"
2019-06-28 15:11:50.000000000,QUERY_SPREAD,1
2019-06-28 15:11:50.000000000,BEST_BID,"JPM,99303,286"
2019-06-28 15:11:50.000000000,BEST_ASK,"JPM,99473,99"
2019-06-28 15:11:50.000000000,BEST_BID,"JPM,99303,286"
2019-06-28 15:11:50.000000000,BEST_ASK,"JPM,99473,99"
2019-06-28 15:11:50.000000000,BEST_BID,"JPM,99303,286"
2019-06-28 15:11:50.000000000,BEST_ASK,"JPM,99473,285"
2019-06-28 15:11:50.000000000,BEST_BID,"JPM,99303,286"
2019-06-28 15:11:50.000000000,BEST_ASK,"JPM,99473,285"
2019-06-28 15:11:52.591324876,QUERY_SPREAD,18
2019-06-28 15:11:52.591324876,BEST_BID,"JPM,99303,286"
2019-06-28 15:11:52.591324876,BEST_ASK,"JPM,99473,185"
2019-06-28 15:11:52.591324876,LAST_TRADE,"100,$99473.0000"
2019-06-28 15:12:00.000000000,QUERY_SPREAD,1
2019-06-28 15:12:00.000000000,BEST_BID,"JPM,99303,286"
2019-06-28 15:12:00.000000000,BEST_ASK,"JPM,99830,100"
2019-06-28 15:12:00.000000000,BEST_BID,"JPM,99303,286"
2019-06-28 15:12:00.000000000,BEST_ASK,"JPM,99830,100"
2019-06-28 15:12:00.000000000,BEST_BID,"JPM,99303,286"
2019-06-28 15:12:00.000000000,BEST_ASK,"JPM,99830,286"
2019-06-28 15:12:00.000000000,BEST_BID,"JPM,99303,286"
2019-06-28 15:12:00.000000000,BEST_ASK,"JPM,99830,286"
2019-06-28 15:12:00.000000000,QUERY_SPREAD,77
2019-06-28 15:12:00.000000000,BEST_BID,"JPM,99303,281"
2019-06-28 15:12:00.000000000,BEST_ASK,"JPM,99830,286"
2019-06-28 15:12:00.000000000,LAST_TRADE,"5,$99303.0000"
2019-06-28 15:12:00.000000000,QUERY_SPREAD,78
2019-06-28 15:12:00.000000000,BEST_BID,"JPM,99303,273"
2019-06-28 15:12:00.000000000,BEST_ASK,"JPM,99830,286"
2019-06-28 15:12:00.000000000,LAST_TRADE,"8,$99303.0000"
2019-06-28 15:12:00.000000000,QUERY_SPREAD,79
2019-06-28 15:12:00.000000000,BEST_BID,"JPM,99303,268"
2019-06-28 15:12:00.000000000,BEST_ASK,"JPM,99830,286"
2019-06-28 15:12:00.000000000,LAST_TRADE,"5,$99303.0000"
2019-06-28 15:12:00.000000000,QUERY_SPREAD,80
2019-06-28 15:12:00.000000000,BEST_BID,"JPM,99303,260"
2019-06-28 15:12:00.000000000,BEST_ASK,"JPM,99830,286"
2019-06-28 15:12:00.000000000,LAST_TRADE,"8,$99303.0000"
2019-06-28 15:12:00.000000000,QUERY_SPREAD,81
2019-06-28 15:12:00.000000000,BEST_BID,"JPM,99303,251"
2019-06-28 15:12:00.000000000,BEST_ASK,"JPM,99830,286"
2019-06-28 15:12:00.000000000,LAST_TRADE,"9,$99303.0000"
2019-06-28 15:12:00.000000000,QUERY_SPREAD,82
2019-06-28 15:12:00.000000000,BEST_BID,"JPM,99303,248"
2019-06-28 15:12:00.000000000,BEST_ASK,"JPM,99830,286"
2019-06-28 15:12:00.000000000,LAST_TRADE,"3,$99303.0000"
2019-06-28 15:12:00.000000000,QUERY_SPREAD,83
2019-06-28 15:12:00.000000000,BEST_BID,"JPM,99303,240"
2019-06-28 15:12:00.000000000,BEST_ASK,"JPM,99830,286"
2019-06-28 15:12:00.000000000,LAST_TRADE,"8,$99303.0000"
2019-06-28 15:12:00.000000000,QUERY_SPREAD,84
2019-06-28 15:12:00.000000000,BEST_BID,"JPM,99303,236"
2019-06-28 15:12:00.000000000,BEST_ASK,"JPM,99830,286"
2019-06-28 15:12:00.000000000,LAST_TRADE,"4,$99303.0000"
2019-06-28 15:12:00.000000000,QUERY_SPREAD,85
2019-06-28 15:12:00.000000000,BEST_BID,"JPM,99303,231"
2019-06-28 15:12:00.000000000,BEST_ASK,"JPM,99830,286"
2019-06-28 15:12:00.000000000,LAST_TRADE,"5,$99303.0000"
2019-06-28 15:12:00.000000000,QUERY_SPREAD,86
2019-06-28 15:12:00.000000000,BEST_BID,"JPM,99303,229"
2019-06-28 15:12:00.000000000,BEST_ASK,"JPM,99830,286"
2019-06-28 15:12:00.000000000,LAST_TRADE,"2,$99303.0000"
2019-06-28 15:12:00.000000000,QUERY_SPREAD,87
2019-06-28 15:12:00.000000000,BEST_BID,"JPM,99303,222"
2019-06-28 15:12:00.000000000,BEST_ASK,"JPM,99830,286"
2019-06-28 15:12:00.000000000,LAST_TRADE,"7,$99303.0000"
2019-06-28 15:12:00.000000000,QUERY_SPREAD,88
2019-06-28 15:12:00.000000000,BEST_BID,"JPM,99303,214"
2019-06-28 15:12:00.000000000,BEST_ASK,"JPM,99830,286"
2019-06-28 15:12:00.000000000,LAST_TRADE,"8,$99303.0000"
2019-06-28 15:12:00.000000000,QUERY_SPREAD,89
2019-06-28 15:12:00.000000000,BEST_BID,"JPM,99303,209"
2019-06-28 15:12:00.000000000,BEST_ASK,"JPM,99830,286"
2019-06-28 15:12:00.000000000,LAST_TRADE,"5,$99303.0000"
2019-06-28 15:12:00.000000000,QUERY_SPREAD,90
2019-06-28 15:12:00.000000000,BEST_BID,"JPM,99303,205"
2019-06-28 15:12:00.000000000,BEST_ASK,"JPM,99830,286"
2019-06-28 15:12:00.000000000,LAST_TRADE,"4,$99303.0000"
2019-06-28 15:12:00.000000000,QUERY_SPREAD,91
2019-06-28 15:12:00.000000000,BEST_BID,"JPM,99303,202"
2019-06-28 15:12:00.000000000,BEST_ASK,"JPM,99830,286"
2019-06-28 15:12:00.000000000,LAST_TRADE,"3,$99303.0000"
2019-06-28 15:12:00.000000000,QUERY_SPREAD,92
2019-06-28 15:12:00.000000000,BEST_BID,"JPM,99303,197"
2019-06-28 15:12:00.000000000,BEST_ASK,"JPM,99830,286"
2019-06-28 15:12:00.000000000,LAST_TRADE,"5,$99303.0000"
2019-06-28 15:12:00.000000000,QUERY_SPREAD,93
2019-06-28 15:12:00.000000000,BEST_BID,"JPM,99303,190"
2019-06-28 15:12:00.000000000,BEST_ASK,"JPM,99830,286"
2019-06-28 15:12:00.000000000,LAST_TRADE,"7,$99303.0000"
2019-06-28 15:12:00.000000000,QUERY_SPREAD,94
2019-06-28 15:12:00.000000000,BEST_BID,"JPM,99303,189"
2019-06-28 15:12:00.000000000,BEST_ASK,"JPM,99830,286"
2019-06-28 15:12:00.000000000,LAST_TRADE,"1,$99303.0000"
2019-06-28 15:12:00.000000000,QUERY_SPREAD,95
2019-06-28 15:12:00.000000000,BEST_BID,"JPM,99303,188"
2019-06-28 15:12:00.000000000,BEST_ASK,"JPM,99830,286"
2019-06-28 15:12:00.000000000,LAST_TRADE,"1,$99303.0000"
2019-06-28 15:12:00.000000000,QUERY_SPREAD,96
2019-06-28 15:12:00.000000000,BEST_BID,"JPM,99303,184"
2019-06-28 15:12:00.000000000,BEST_ASK,"JPM,99830,286"
2019-06-28 15:12:00.000000000,LAST_TRADE,"4,$99303.0000"
2019-06-28 15:12:00.000000000,QUERY_SPREAD,97
2019-06-28 15:12:00.000000000,BEST_BID,"JPM,99303,181"
2019-06-28 15:12:00.000000000,BEST_ASK,"JPM,99830,286"
2019-06-28 15:12:00.000000000,LAST_TRADE,"3,$99303.0000"
2019-06-28 15:12:00.000000000,QUERY_SPREAD,98
2019-06-28 15:12:00.000000000,BEST_BID,"JPM,99303,176"
2019-06-28 15:12:00.000000000,BEST_ASK,"JPM,99830,286"
2019-06-28 15:12:00.000000000,LAST_TRADE,"5,$99303.0000"
2019-06-28 15:12:00.000000000,QUERY_SPREAD,99
2019-06-28 15:12:00.000000000,BEST_BID,"JPM,99303,172"
2019-06-28 15:12:00.000000000,BEST_ASK,"JPM,99830,286"
2019-06-28 15:12:00.000000000,LAST_TRADE,"4,$99303.0000"
2019-06-28 15:12:00.000000000,QUERY_SPREAD,100
2019-06-28 15:12:00.000000000,BEST_BID,"JPM,99303,167"
2019-06-28 15:12:00.000000000,BEST_ASK,"JPM,99830,286"
2019-06-28 15:12:00.000000000,LAST_TRADE,"5,$99303.0000"
2019-06-28 15:12:00.000000000,QUERY_SPREAD,101
2019-06-28 15:12:00.000000000,BEST_BID,"JPM,99303,167"
2019-06-28 15:12:00.000000000,BEST_ASK,"JPM,99830,285"
2019-06-28 15:12:00.000000000,LAST_TRADE,"1,$99830.0000"
2019-06-28 15:12:02.523901674,QUERY_ORDER_STREAM,70
2019-06-28 15:12:02.523901674,QUERY_SPREAD,70
2019-06-28 15:12:10.000000000,QUERY_SPREAD,1
2019-06-28 15:12:10.000000000,BEST_BID,"JPM,99106,193"
2019-06-28 15:12:10.000000000,BEST_ASK,"JPM,99830,99"
2019-06-28 15:12:10.000000000,BEST_BID,"JPM,99106,193"
2019-06-28 15:12:10.000000000,BEST_ASK,"JPM,99830,99"
2019-06-28 15:12:10.000000000,BEST_BID,"JPM,99106,193"
2019-06-28 15:12:10.000000000,BEST_ASK,"JPM,99830,99"
2019-06-28 15:12:10.000000000,BEST_BID,"JPM,99106,193"
2019-06-28 15:12:10.000000000,BEST_ASK,"JPM,99830,99"
2019-06-28 15:12:10.000000000,BEST_BID,"JPM,99106,193"
2019-06-28 15:12:10.000000000,BEST_ASK,"JPM,99830,192"
2019-06-28 15:12:10.000000000,BEST_BID,"JPM,99106,193"
2019-06-28 15:12:10.000000000,BEST_ASK,"JPM,99830,192"
2019-06-28 15:12:10.000000000,BEST_BID,"JPM,99106,193"
2019-06-28 15:12:10.000000000,BEST_ASK,"JPM,99830,192"
2019-06-28 15:12:10.000000000,BEST_BID,"JPM,99106,193"
2019-06-28 15:12:10.000000000,BEST_ASK,"JPM,99830,192"
2019-06-28 15:12:11.488378942,QUERY_SPREAD,19
2019-06-28 15:12:11.488378942,BEST_BID,"JPM,99106,193"
2019-06-28 15:12:11.488378942,BEST_ASK,"JPM,99830,192"
2019-06-28 15:12:11.507097830,QUERY_ORDER_STREAM,62
2019-06-28 15:12:11.507097830,QUERY_SPREAD,62
2019-06-28 15:12:11.507097830,BEST_BID,"JPM,99106,193"
2019-06-28 15:12:11.507097830,BEST_ASK,"JPM,99830,292"
2019-06-28 15:12:15.531649213,QUERY_SPREAD,2
2019-06-28 15:12:15.531649213,BEST_BID,"JPM,99106,193"
2019-06-28 15:12:15.531649213,BEST_ASK,"JPM,99830,292"
2019-06-28 15:12:20.000000000,QUERY_SPREAD,1
2019-06-28 15:12:20.000000000,BEST_BID,"JPM,99106,471"
2019-06-28 15:12:20.000000000,BEST_ASK,"JPM,99830,199"
2019-06-28 15:12:20.000000000,BEST_BID,"JPM,99106,471"
2019-06-28 15:12:20.000000000,BEST_ASK,"JPM,99830,570"
2019-06-28 15:12:30.000000000,QUERY_SPREAD,1
2019-06-28 15:12:30.000000000,BEST_BID,"JPM,99106,226"
2019-06-28 15:12:30.000000000,BEST_ASK,"JPM,99830,199"
2019-06-28 15:12:30.000000000,BEST_BID,"JPM,99106,226"
2019-06-28 15:12:30.000000000,BEST_ASK,"JPM,99830,199"
2019-06-28 15:12:30.000000000,BEST_BID,"JPM,99106,226"
2019-06-28 15:12:30.000000000,BEST_ASK,"JPM,99830,199"
2019-06-28 15:12:30.000000000,BEST_BID,"JPM,99106,226"
2019-06-28 15:12:30.000000000,BEST_ASK,"JPM,99830,325"
2019-06-28 15:12:30.000000000,BEST_BID,"JPM,99106,226"
2019-06-28 15:12:30.000000000,BEST_ASK,"JPM,99830,325"
2019-06-28 15:12:30.000000000,BEST_BID,"JPM,99106,226"
2019-06-28 15:12:30.000000000,BEST_ASK,"JPM,99830,325"
2019-06-28 15:12:40.000000000,QUERY_SPREAD,1
2019-06-28 15:12:40.000000000,BEST_BID,"JPM,99106,174"
2019-06-28 15:12:40.000000000,BEST_ASK,"JPM,99830,199"
2019-06-28 15:12:40.000000000,BEST_BID,"JPM,99106,174"
2019-06-28 15:12:40.000000000,BEST_ASK,"JPM,99830,199"
2019-06-28 15:12:40.000000000,BEST_BID,"JPM,99106,174"
2019-06-28 15:12:40.000000000,BEST_ASK,"JPM,99830,199"
2019-06-28 15:12:40.000000000,BEST_BID,"JPM,99106,174"
2019-06-28 15:12:40.000000000,BEST_ASK,"JPM,99830,199"
2019-06-28 15:12:40.000000000,BEST_BID,"JPM,99106,174"
2019-06-28 15:12:40.000000000,BEST_ASK,"JPM,99830,199"
2019-06-28 15:12:40.000000000,BEST_BID,"JPM,99106,174"
2019-06-28 15:12:40.000000000,BEST_ASK,"JPM,99830,273"
2019-06-28 15:12:40.000000000,BEST_BID,"JPM,99106,174"
2019-06-28 15:12:40.000000000,BEST_ASK,"JPM,99830,273"
2019-06-28 15:12:40.000000000,BEST_BID,"JPM,99106,174"
2019-06-28 15:12:40.000000000,BEST_ASK,"JPM,99830,273"
2019-06-28 15:12:40.000000000,BEST_BID,"JPM,99106,174"
2019-06-28 15:12:40.000000000,BEST_ASK,"JPM,99830,273"
2019-06-28 15:12:40.000000000,BEST_BID,"JPM,99106,174"
2019-06-28 15:12:40.000000000,BEST_ASK,"JPM,99830,273"
2019-06-28 15:12:40.805095608,QUERY_SPREAD,42
2019-06-28 15:12:40.805095608,BEST_BID,"JPM,99106,174"
2019-06-28 15:12:40.805095608,BEST_ASK,"JPM,99830,173"
2019-06-28 15:12:40.805095608,LAST_TRADE,"100,$99830.0000"
2019-06-28 15:12:41.592828756,QUERY_SPREAD,25
2019-06-28 15:12:41.592828756,BEST_BID,"JPM,99106,174"
2019-06-28 15:12:41.592828756,BEST_ASK,"JPM,99830,73"
2019-06-28 15:12:41.592828756,LAST_TRADE,"100,$99830.0000"
2019-06-28 15:12:50.000000000,QUERY_SPREAD,1
2019-06-28 15:12:50.000000000,BEST_BID,"JPM,99106,174"
2019-06-28 15:12:50.000000000,BEST_ASK,"JPM,99888,100"
2019-06-28 15:12:50.000000000,BEST_BID,"JPM,99106,174"
2019-06-28 15:12:50.000000000,BEST_ASK,"JPM,99888,100"
2019-06-28 15:12:50.000000000,BEST_BID,"JPM,99106,174"
2019-06-28 15:12:50.000000000,BEST_ASK,"JPM,99888,100"
2019-06-28 15:12:50.000000000,BEST_BID,"JPM,99106,174"
2019-06-28 15:12:50.000000000,BEST_ASK,"JPM,99888,100"
2019-06-28 15:12:50.000000000,BEST_BID,"JPM,99106,174"
2019-06-28 15:12:50.000000000,BEST_ASK,"JPM,99888,100"
2019-06-28 15:12:50.000000000,BEST_BID,"JPM,99106,174"
2019-06-28 15:12:50.000000000,BEST_ASK,"JPM,99888,174"
2019-06-28 15:12:50.000000000,BEST_BID,"JPM,99106,174"
2019-06-28 15:12:50.000000000,BEST_ASK,"JPM,99888,174"
2019-06-28 15:12:50.000000000,BEST_BID,"JPM,99106,174"
2019-06-28 15:12:50.000000000,BEST_ASK,"JPM,99888,174"
2019-06-28 15:12:50.000000000,BEST_BID,"JPM,99106,174"
2019-06-28 15:12:50.000000000,BEST_ASK,"JPM,99888,174"
2019-06-28 15:12:50.000000000,BEST_BID,"JPM,99106,174"
2019-06-28 15:12:50.000000000,BEST_ASK,"JPM,99888,174"
2019-06-28 15:12:50.263994050,QUERY_ORDER_STREAM,54
2019-06-28 15:12:50.263994050,QUERY_SPREAD,54
2019-06-28 15:12:50.263994050,BEST_BID,"JPM,99830,100"
2019-06-28 15:12:50.263994050,BEST_ASK,"JPM,99888,174"
2019-06-28 15:13:00.000000000,QUERY_SPREAD,1
2019-06-28 15:13:00.000000000,BEST_BID,"JPM,99830,226"
2019-06-28 15:13:00.000000000,BEST_ASK,"JPM,99888,100"
2019-06-28 15:13:00.000000000,BEST_BID,"JPM,99830,226"
2019-06-28 15:13:00.000000000,BEST_ASK,"JPM,99888,100"
2019-06-28 15:13:00.000000000,BEST_BID,"JPM,99830,226"
2019-06-28 15:13:00.000000000,BEST_ASK,"JPM,99888,100"
2019-06-28 15:13:00.000000000,BEST_BID,"JPM,99830,226"
2019-06-28 15:13:00.000000000,BEST_ASK,"JPM,99888,226"
2019-06-28 15:13:00.000000000,BEST_BID,"JPM,99830,226"
2019-06-28 15:13:00.000000000,BEST_ASK,"JPM,99888,226"
2019-06-28 15:13:00.000000000,BEST_BID,"JPM,99830,226"
2019-06-28 15:13:00.000000000,BEST_ASK,"JPM,99888,226"
2019-06-28 15:13:00.000000000,QUERY_SPREAD,77
2019-06-28 15:13:00.000000000,BEST_BID,"JPM,99830,221"
2019-06-28 15:13:00.000000000,BEST_ASK,"JPM,99888,226"
2019-06-28 15:13:00.000000000,LAST_TRADE,"5,$99830.0000"
2019-06-28 15:13:00.000000000,QUERY_SPREAD,78
2019-06-28 15:13:00.000000000,BEST_BID,"JPM,99830,213"
2019-06-28 15:13:00.000000000,BEST_ASK,"JPM,99888,226"
2019-06-28 15:13:00.000000000,LAST_TRADE,"8,$99830.0000"
2019-06-28 15:13:00.000000000,QUERY_SPREAD,79
2019-06-28 15:13:00.000000000,BEST_BID,"JPM,99830,208"
2019-06-28 15:13:00.000000000,BEST_ASK,"JPM,99888,226"
2019-06-28 15:13:00.000000000,LAST_TRADE,"5,$99830.0000"
2019-06-28 15:13:00.000000000,QUERY_SPREAD,80
2019-06-28 15:13:00.000000000,BEST_BID,"JPM,99830,200"
2019-06-28 15:13:00.000000000,BEST_ASK,"JPM,99888,226"
2019-06-28 15:13:00.000000000,LAST_TRADE,"8,$99830.0000"
2019-06-28 15:13:00.000000000,QUERY_SPREAD,81
2019-06-28 15:13:00.000000000,BEST_BID,"JPM,99830,191"
2019-06-28 15:13:00.000000000,BEST_ASK,"JPM,99888,226"
2019-06-28 15:13:00.000000000,LAST_TRADE,"9,$99830.0000"
2019-06-28 15:13:00.000000000,QUERY_SPREAD,82
2019-06-28 15:13:00.000000000,BEST_BID,"JPM,99830,188"
2019-06-28 15:13:00.000000000,BEST_ASK,"JPM,99888,226"
2019-06-28 15:13:00.000000000,LAST_TRADE,"3,$99830.0000"
2019-06-28 15:13:00.000000000,QUERY_SPREAD,83
2019-06-28 15:13:00.000000000,BEST_BID,"JPM,99830,180"
2019-06-28 15:13:00.000000000,BEST_ASK,"JPM,99888,226"
2019-06-28 15:13:00.000000000,LAST_TRADE,"8,$99830.0000"
2019-06-28 15:13:00.000000000,QUERY_SPREAD,84
2019-06-28 15:13:00.000000000,BEST_BID,"JPM,99830,176"
2019-06-28 15:13:00.000000000,BEST_ASK,"JPM,99888,226"
2019-06-28 15:13:00.000000000,LAST_TRADE,"4,$99830.0000"
2019-06-28 15:13:00.000000000,QUERY_SPREAD,85
2019-06-28 15:13:00.000000000,BEST_BID,"JPM,99830,171"
2019-06-28 15:13:00.000000000,BEST_ASK,"JPM,99888,226"
2019-06-28 15:13:00.000000000,LAST_TRADE,"5,$99830.0000"
2019-06-28 15:13:00.000000000,QUERY_SPREAD,86
2019-06-28 15:13:00.000000000,BEST_BID,"JPM,99830,169"
2019-06-28 15:13:00.000000000,BEST_ASK,"JPM,99888,226"
2019-06-28 15:13:00.000000000,LAST_TRADE,"2,$99830.0000"
2019-06-28 15:13:00.000000000,QUERY_SPREAD,87
2019-06-28 15:13:00.000000000,BEST_BID,"JPM,99830,162"
2019-06-28 15:13:00.000000000,BEST_ASK,"JPM,99888,226"
2019-06-28 15:13:00.000000000,LAST_TRADE,"7,$99830.0000"
2019-06-28 15:13:00.000000000,QUERY_SPREAD,88
2019-06-28 15:13:00.000000000,BEST_BID,"JPM,99830,154"
2019-06-28 15:13:00.000000000,BEST_ASK,"JPM,99888,226"
2019-06-28 15:13:00.000000000,LAST_TRADE,"8,$99830.0000"
2019-06-28 15:13:00.000000000,QUERY_SPREAD,89
2019-06-28 15:13:00.000000000,BEST_BID,"JPM,99830,149"
2019-06-28 15:13:00.000000000,BEST_ASK,"JPM,99888,226"
2019-06-28 15:13:00.000000000,LAST_TRADE,"5,$99830.0000"
2019-06-28 15:13:00.000000000,QUERY_SPREAD,90
2019-06-28 15:13:00.000000000,BEST_BID,"JPM,99830,145"
2019-06-28 15:13:00.000000000,BEST_ASK,"JPM,99888,226"
2019-06-28 15:13:00.000000000,LAST_TRADE,"4,$99830.0000"
2019-06-28 15:13:00.000000000,QUERY_SPREAD,91
2019-06-28 15:13:00.000000000,BEST_BID,"JPM,99830,142"
2019-06-28 15:13:00.000000000,BEST_ASK,"JPM,99888,226"
2019-06-28 15:13:00.000000000,LAST_TRADE,"3,$99830.0000"
2019-06-28 15:13:00.000000000,QUERY_SPREAD,92
2019-06-28 15:13:00.000000000,BEST_BID,"JPM,99830,137"
2019-06-28 15:13:00.000000000,BEST_ASK,"JPM,99888,226"
2019-06-28 15:13:00.000000000,LAST_TRADE,"5,$99830.0000"
2019-06-28 15:13:00.000000000,QUERY_SPREAD,93
2019-06-28 15:13:00.000000000,BEST_BID,"JPM,99830,130"
2019-06-28 15:13:00.000000000,BEST_ASK,"JPM,99888,226"
2019-06-28 15:13:00.000000000,LAST_TRADE,"7,$99830.0000"
2019-06-28 15:13:00.000000000,QUERY_SPREAD,94
2019-06-28 15:13:00.000000000,BEST_BID,"JPM,99830,129"
2019-06-28 15:13:00.000000000,BEST_ASK,"JPM,99888,226"
2019-06-28 15:13:00.000000000,LAST_TRADE,"1,$99830.0000"
2019-06-28 15:13:00.000000000,QUERY_SPREAD,95
2019-06-28 15:13:00.000000000,BEST_BID,"JPM,99830,128"
2019-06-28 15:13:00.000000000,BEST_ASK,"JPM,99888,226"
2019-06-28 15:13:00.000000000,LAST_TRADE,"1,$99830.0000"
2019-06-28 15:13:00.000000000,QUERY_SPREAD,96
2019-06-28 15:13:00.000000000,BEST_BID,"JPM,99830,124"
2019-06-28 15:13:00.000000000,BEST_ASK,"JPM,99888,226"
2019-06-28 15:13:00.000000000,LAST_TRADE,"4,$99830.0000"
2019-06-28 15:13:00.000000000,QUERY_SPREAD,97
2019-06-28 15:13:00.000000000,BEST_BID,"JPM,99830,121"
2019-06-28 15:13:00.000000000,BEST_ASK,"JPM,99888,226"
2019-06-28 15:13:00.000000000,LAST_TRADE,"3,$99830.0000"
2019-06-28 15:13:00.000000000,QUERY_SPREAD,98
2019-06-28 15:13:00.000000000,BEST_BID,"JPM,99830,116"
2019-06-28 15:13:00.000000000,BEST_ASK,"JPM,99888,226"
2019-06-28 15:13:00.000000000,LAST_TRADE,"5,$99830.0000"
2019-06-28 15:13:00.000000000,QUERY_SPREAD,99
2019-06-28 15:13:00.000000000,BEST_BID,"JPM,99830,112"
2019-06-28 15:13:00.000000000,BEST_ASK,"JPM,99888,226"
2019-06-28 15:13:00.000000000,LAST_TRADE,"4,$99830.0000"
2019-06-28 15:13:00.000000000,QUERY_SPREAD,100
2019-06-28 15:13:00.000000000,BEST_BID,"JPM,99830,107"
2019-06-28 15:13:00.000000000,BEST_ASK,"JPM,99888,226"
2019-06-28 15:13:00.000000000,LAST_TRADE,"5,$99830.0000"
2019-06-28 15:13:00.000000000,QUERY_SPREAD,101
2019-06-28 15:13:00.000000000,BEST_BID,"JPM,99830,107"
2019-06-28 15:13:00.000000000,BEST_ASK,"JPM,99888,225"
2019-06-28 15:13:00.000000000,LAST_TRADE,"1,$99888.0000"
2019-06-28 15:13:04.668253056,QUERY_SPREAD,35
2019-06-28 15:13:04.668253056,BEST_BID,"JPM,99830,107"
2019-06-28 15:13:04.668253056,BEST_ASK,"JPM,99888,125"
2019-06-28 15:13:04.668253056,LAST_TRADE,"100,$99888.0000"
2019-06-28 15:13:09.218364872,QUERY_SPREAD,10
2019-06-28 15:13:09.218364872,BEST_BID,"JPM,99830,107"
2019-06-28 15:13:09.218364872,BEST_ASK,"JPM,99888,125"
2019-06-28 15:13:10.000000000,QUERY_SPREAD,1
2019-06-28 15:13:10.000000000,BEST_BID,"JPM,99106,286"
2019-06-28 15:13:10.000000000,BEST_ASK,"JPM,99901,100"
2019-06-28 15:13:10.000000000,BEST_BID,"JPM,99106,286"
2019-06-28 15:13:10.000000000,BEST_ASK,"JPM,99901,100"
2019-06-28 15:13:10.000000000,BEST_BID,"JPM,99106,286"
2019-06-28 15:13:10.000000000,BEST_ASK,"JPM,99901,286"
2019-06-28 15:13:10.000000000,BEST_BID,"JPM,99106,286"
2019-06-28 15:13:10.000000000,BEST_ASK,"JPM,99901,286"
2019-06-28 15:13:10.669348517,QUERY_SPREAD,39
2019-06-28 15:13:10.669348517,BEST_BID,"JPM,99106,286"
2019-06-28 15:13:10.669348517,BEST_ASK,"JPM,99901,186"
2019-06-28 15:13:10.669348517,LAST_TRADE,"100,$99901.0000"
2019-06-28 15:13:20.000000000,QUERY_SPREAD,1
2019-06-28 15:13:20.000000000,BEST_BID,"JPM,99106,174"
2019-06-28 15:13:20.000000000,BEST_ASK,"JPM,99930,100"
2019-06-28 15:13:20.000000000,BEST_BID,"JPM,99106,174"
2019-06-28 15:13:20.000000000,BEST_ASK,"JPM,99930,100"
2019-06-28 15:13:20.000000000,BEST_BID,"JPM,99106,174"
2019-06-28 15:13:20.000000000,BEST_ASK,"JPM,99930,100"
2019-06-28 15:13:20.000000000,BEST_BID,"JPM,99106,174"
2019-06-28 15:13:20.000000000,BEST_ASK,"JPM,99930,100"
2019-06-28 15:13:20.000000000,BEST_BID,"JPM,99106,174"
2019-06-28 15:13:20.000000000,BEST_ASK,"JPM,99930,100"
2019-06-28 15:13:20.000000000,BEST_BID,"JPM,99106,174"
2019-06-28 15:13:20.000000000,BEST_ASK,"JPM,99930,174"
2019-06-28 15:13:20.000000000,BEST_BID,"JPM,99106,174"
2019-06-28 15:13:20.000000000,BEST_ASK,"JPM,99930,174"
2019-06-28 15:13:20.000000000,BEST_BID,"JPM,99106,174"
2019-06-28 15:13:20.000000000,BEST_ASK,"JPM,99930,174"
2019-06-28 15:13:20.000000000,BEST_BID,"JPM,99106,174"
2019-06-28 15:13:20.000000000,BEST_ASK,"JPM,99930,174"
2019-06-28 15:13:20.000000000,BEST_BID,"JPM,99106,174"
2019-06-28 15:13:20.000000000,BEST_ASK,"JPM,99930,174"
2019-06-28 15:13:26.065107099,QUERY_ORDER_STREAM,52
2019-06-28 15:13:26.065107099,QUERY_SPREAD,52
2019-06-28 15:13:30.000000000,QUERY_SPREAD,1
2019-06-28 15:13:30.000000000,BEST_BID,"JPM,99106,471"
2019-06-28 15:13:30.000000000,BEST_ASK,"JPM,99930,100"
2019-06-28 15:13:30.000000000,BEST_BID,"JPM,99106,471"
2019-06-28 15:13:30.000000000,BEST_ASK,"JPM,99930,471"
2019-06-28 15:13:40.000000000,QUERY_SPREAD,1
2019-06-28 15:13:40.000000000,BEST_BID,"JPM,99106,286"
2019-06-28 15:13:40.000000000,BEST_ASK,"JPM,99930,100"
2019-06-28 15:13:40.000000000,BEST_BID,"JPM,99106,286"
2019-06-28 15:13:40.000000000,BEST_ASK,"JPM,99930,100"
2019-06-28 15:13:40.000000000,BEST_BID,"JPM,99106,286"
2019-06-28 15:13:40.000000000,BEST_ASK,"JPM,99930,286"
2019-06-28 15:13:40.000000000,BEST_BID,"JPM,99106,286"
2019-06-28 15:13:40.000000000,BEST_ASK,"JPM,99930,286"
2019-06-28 15:13:40.945573870,QUERY_SPREAD,23
2019-06-28 15:13:40.945573870,BEST_BID,"JPM,99106,286"
2019-06-28 15:13:40.945573870,BEST_ASK,"JPM,99930,186"
2019-06-28 15:13:40.945573870,LAST_TRADE,"100,$99930.0000"
2019-06-28 15:13:47.850954252,QUERY_SPREAD,6
2019-06-28 15:13:47.850954252,BEST_BID,"JPM,99106,286"
2019-06-28 15:13:47.850954252,BEST_ASK,"JPM,99930,86"
2019-06-28 15:13:47.850954252,LAST_TRADE,"100,$99930.0000"
2019-06-28 15:13:50.000000000,QUERY_SPREAD,1
2019-06-28 15:13:50.000000000,BEST_BID,"JPM,99106,226"
2019-06-28 15:13:50.000000000,BEST_ASK,"JPM,99958,100"
2019-06-28 15:13:50.000000000,BEST_BID,"JPM,99106,226"
2019-06-28 15:13:50.000000000,BEST_ASK,"JPM,99958,100"
2019-06-28 15:13:50.000000000,BEST_BID,"JPM,99106,226"
2019-06-28 15:13:50.000000000,BEST_ASK,"JPM,99958,100"
2019-06-28 15:13:50.000000000,BEST_BID,"JPM,99106,226"
2019-06-28 15:13:50.000000000,BEST_ASK,"JPM,99958,226"
2019-06-28 15:13:50.000000000,BEST_BID,"JPM,99106,226"
2019-06-28 15:13:50.000000000,BEST_ASK,"JPM,99958,226"
2019-06-28 15:13:50.000000000,BEST_BID,"JPM,99106,226"
2019-06-28 15:13:50.000000000,BEST_ASK,"JPM,99958,226"
2019-06-28 15:14:00.000000000,QUERY_SPREAD,1
2019-06-28 15:14:00.000000000,BEST_BID,"JPM,99106,286"
2019-06-28 15:14:00.000000000,BEST_ASK,"JPM,99958,100"
2019-06-28 15:14:00.000000000,BEST_BID,"JPM,99106,286"
2019-06-28 15:14:00.000000000,BEST_ASK,"JPM,99958,100"
2019-06-28 15:14:00.000000000,BEST_BID,"JPM,99106,286"
2019-06-28 15:14:00.000000000,BEST_ASK,"JPM,99958,286"
2019-06-28 15:14:00.000000000,BEST_BID,"JPM,99106,286"
2019-06-28 15:14:00.000000000,BEST_ASK,"JPM,99958,286"
2019-06-28 15:14:00.000000000,QUERY_SPREAD,77
2019-06-28 15:14:00.000000000,BEST_BID,"JPM,99106,281"
2019-06-28 15:14:00.000000000,BEST_ASK,"JPM,99958,286"
2019-06-28 15:14:00.000000000,LAST_TRADE,"5,$99106.0000"
2019-06-28 15:14:00.000000000,QUERY_SPREAD,78
2019-06-28 15:14:00.000000000,BEST_BID,"JPM,99106,273"
2019-06-28 15:14:00.000000000,BEST_ASK,"JPM,99958,286"
2019-06-28 15:14:00.000000000,LAST_TRADE,"8,$99106.0000"
2019-06-28 15:14:00.000000000,QUERY_SPREAD,79
2019-06-28 15:14:00.000000000,BEST_BID,"JPM,99106,268"
2019-06-28 15:14:00.000000000,BEST_ASK,"JPM,99958,286"
2019-06-28 15:14:00.000000000,LAST_TRADE,"5,$99106.0000"
2019-06-28 15:14:00.000000000,QUERY_SPREAD,80
2019-06-28 15:14:00.000000000,BEST_BID,"JPM,99106,260"
2019-06-28 15:14:00.000000000,BEST_ASK,"JPM,99958,286"
2019-06-28 15:14:00.000000000,LAST_TRADE,"8,$99106.0000"
2019-06-28 15:14:00.000000000,QUERY_SPREAD,81
2019-06-28 15:14:00.000000000,BEST_BID,"JPM,99106,251"
2019-06-28 15:14:00.000000000,BEST_ASK,"JPM,99958,286"
2019-06-28 15:14:00.000000000,LAST_TRADE,"9,$99106.0000"
2019-06-28 15:14:00.000000000,QUERY_SPREAD,82
2019-06-28 15:14:00.000000000,BEST_BID,"JPM,99106,248"
2019-06-28 15:14:00.000000000,BEST_ASK,"JPM,99958,286"
2019-06-28 15:14:00.000000000,LAST_TRADE,"3,$99106.0000"
2019-06-28 15:14:00.000000000,QUERY_SPREAD,83
2019-06-28 15:14:00.000000000,BEST_BID,"JPM,99106,240"
2019-06-28 15:14:00.000000000,BEST_ASK,"JPM,99958,286"
2019-06-28 15:14:00.000000000,LAST_TRADE,"8,$99106.0000"
2019-06-28 15:14:00.000000000,QUERY_SPREAD,84
2019-06-28 15:14:00.000000000,BEST_BID,"JPM,99106,236"
2019-06-28 15:14:00.000000000,BEST_ASK,"JPM,99958,286"
2019-06-28 15:14:00.000000000,LAST_TRADE,"4,$99106.0000"
2019-06-28 15:14:00.000000000,QUERY_SPREAD,85
2019-06-28 15:14:00.000000000,BEST_BID,"JPM,99106,231"
2019-06-28 15:14:00.000000000,BEST_ASK,"JPM,99958,286"
2019-06-28 15:14:00.000000000,LAST_TRADE,"5,$99106.0000"
2019-06-28 15:14:00.000000000,QUERY_SPREAD,86
2019-06-28 15:14:00.000000000,BEST_BID,"JPM,99106,229"
2019-06-28 15:14:00.000000000,BEST_ASK,"JPM,99958,286"
2019-06-28 15:14:00.000000000,LAST_TRADE,"2,$99106.0000"
2019-06-28 15:14:00.000000000,QUERY_SPREAD,87
2019-06-28 15:14:00.000000000,BEST_BID,"JPM,99106,222"
2019-06-28 15:14:00.000000000,BEST_ASK,"JPM,99958,286"
2019-06-28 15:14:00.000000000,LAST_TRADE,"7,$99106.0000"
2019-06-28 15:14:00.000000000,QUERY_SPREAD,88
2019-06-28 15:14:00.000000000,BEST_BID,"JPM,99106,214"
2019-06-28 15:14:00.000000000,BEST_ASK,"JPM,99958,286"
2019-06-28 15:14:00.000000000,LAST_TRADE,"8,$99106.0000"
2019-06-28 15:14:00.000000000,QUERY_SPREAD,89
2019-06-28 15:14:00.000000000,BEST_BID,"JPM,99106,209"
2019-06-28 15:14:00.000000000,BEST_ASK,"JPM,99958,286"
2019-06-28 15:14:00.000000000,LAST_TRADE,"5,$99106.0000"
2019-06-28 15:14:00.000000000,QUERY_SPREAD,90
2019-06-28 15:14:00.000000000,BEST_BID,"JPM,99106,205"
2019-06-28 15:14:00.000000000,BEST_ASK,"JPM,99958,286"
2019-06-28 15:14:00.000000000,LAST_TRADE,"4,$99106.0000"
2019-06-28 15:14:00.000000000,QUERY_SPREAD,91
2019-06-28 15:14:00.000000000,BEST_BID,"JPM,99106,202"
2019-06-28 15:14:00.000000000,BEST_ASK,"JPM,99958,286"
2019-06-28 15:14:00.000000000,LAST_TRADE,"3,$99106.0000"
2019-06-28 15:14:00.000000000,QUERY_SPREAD,92
2019-06-28 15:14:00.000000000,BEST_BID,"JPM,99106,197"
2019-06-28 15:14:00.000000000,BEST_ASK,"JPM,99958,286"
2019-06-28 15:14:00.000000000,LAST_TRADE,"5,$99106.0000"
2019-06-28 15:14:00.000000000,QUERY_SPREAD,93
2019-06-28 15:14:00.000000000,BEST_BID,"JPM,99106,190"
2019-06-28 15:14:00.000000000,BEST_ASK,"JPM,99958,286"
2019-06-28 15:14:00.000000000,LAST_TRADE,"7,$99106.0000"
2019-06-28 15:14:00.000000000,QUERY_SPREAD,94
2019-06-28 15:14:00.000000000,BEST_BID,"JPM,99106,189"
2019-06-28 15:14:00.000000000,BEST_ASK,"JPM,99958,286"
2019-06-28 15:14:00.000000000,LAST_TRADE,"1,$99106.0000"
2019-06-28 15:14:00.000000000,QUERY_SPREAD,95
2019-06-28 15:14:00.000000000,BEST_BID,"JPM,99106,188"
2019-06-28 15:14:00.000000000,BEST_ASK,"JPM,99958,286"
2019-06-28 15:14:00.000000000,LAST_TRADE,"1,$99106.0000"
2019-06-28 15:14:00.000000000,QUERY_SPREAD,96
2019-06-28 15:14:00.000000000,BEST_BID,"JPM,99106,184"
2019-06-28 15:14:00.000000000,BEST_ASK,"JPM,99958,286"
2019-06-28 15:14:00.000000000,LAST_TRADE,"4,$99106.0000"
2019-06-28 15:14:00.000000000,QUERY_SPREAD,97
2019-06-28 15:14:00.000000000,BEST_BID,"JPM,99106,181"
2019-06-28 15:14:00.000000000,BEST_ASK,"JPM,99958,286"
2019-06-28 15:14:00.000000000,LAST_TRADE,"3,$99106.0000"
2019-06-28 15:14:00.000000000,QUERY_SPREAD,98
2019-06-28 15:14:00.000000000,BEST_BID,"JPM,99106,176"
2019-06-28 15:14:00.000000000,BEST_ASK,"JPM,99958,286"
2019-06-28 15:14:00.000000000,LAST_TRADE,"5,$99106.0000"
2019-06-28 15:14:00.000000000,QUERY_SPREAD,99
2019-06-28 15:14:00.000000000,BEST_BID,"JPM,99106,172"
2019-06-28 15:14:00.000000000,BEST_ASK,"JPM,99958,286"
2019-06-28 15:14:00.000000000,LAST_TRADE,"4,$99106.0000"
2019-06-28 15:14:00.000000000,QUERY_SPREAD,100
2019-06-28 15:14:00.000000000,BEST_BID,"JPM,99106,167"
2019-06-28 15:14:00.000000000,BEST_ASK,"JPM,99958,286"
2019-06-28 15:14:00.000000000,LAST_TRADE,"5,$99106.0000"
2019-06-28 15:14:00.000000000,QUERY_SPREAD,101
2019-06-28 15:14:00.000000000,BEST_BID,"JPM,99106,167"
2019-06-28 15:14:00.000000000,BEST_ASK,"JPM,99958,285"
2019-06-28 15:14:00.000000000,LAST_TRADE,"1,$99958.0000"
2019-06-28 15:14:10.000000000,QUERY_SPREAD,1
2019-06-28 15:14:10.000000000,BEST_BID,"JPM,99086,286"
2019-06-28 15:14:10.000000000,BEST_ASK,"JPM,99958,99"
2019-06-28 15:14:10.000000000,BEST_BID,"JPM,99086,286"
2019-06-28 15:14:10.000000000,BEST_ASK,"JPM,99958,99"
2019-06-28 15:14:10.000000000,BEST_BID,"JPM,99086,286"
2019-06-28 15:14:10.000000000,BEST_ASK,"JPM,99958,285"
2019-06-28 15:14:10.000000000,BEST_BID,"JPM,99086,286"
2019-06-28 15:14:10.000000000,BEST_ASK,"JPM,99958,285"
2019-06-28 15:14:20.000000000,QUERY_SPREAD,1
2019-06-28 15:14:20.000000000,BEST_BID,"JPM,99086,193"
2019-06-28 15:14:20.000000000,BEST_ASK,"JPM,99958,99"
2019-06-28 15:14:20.000000000,BEST_BID,"JPM,99086,193"
2019-06-28 15:14:20.000000000,BEST_ASK,"JPM,99958,99"
2019-06-28 15:14:20.000000000,BEST_BID,"JPM,99086,193"
2019-06-28 15:14:20.000000000,BEST_ASK,"JPM,99958,99"
2019-06-28 15:14:20.000000000,BEST_BID,"JPM,99086,193"
2019-06-28 15:14:20.000000000,BEST_ASK,"JPM,99958,99"
2019-06-28 15:14:20.000000000,BEST_BID,"JPM,99086,193"
2019-06-28 15:14:20.000000000,BEST_ASK,"JPM,99958,192"
2019-06-28 15:14:20.000000000,BEST_BID,"JPM,99086,193"
2019-06-28 15:14:20.000000000,BEST_ASK,"JPM,99958,192"
2019-06-28 15:14:20.000000000,BEST_BID,"JPM,99086,193"
2019-06-28 15:14:20.000000000,BEST_ASK,"JPM,99958,192"
2019-06-28 15:14:20.000000000,BEST_BID,"JPM,99086,193"
2019-06-28 15:14:20.000000000,BEST_ASK,"JPM,99958,192"
2019-06-28 15:14:27.089813373,QUERY_ORDER_STREAM,68
2019-06-28 15:14:27.089813373,QUERY_SPREAD,68
2019-06-28 15:14:27.089813373,BEST_BID,"JPM,99106,100"
2019-06-28 15:14:27.089813373,BEST_ASK,"JPM,99958,192"
2019-06-28 15:14:30.000000000,QUERY_SPREAD,1
2019-06-28 15:14:30.000000000,BEST_BID,"JPM,99106,286"
2019-06-28 15:14:30.000000000,BEST_ASK,"JPM,99958,99"
2019-06-28 15:14:30.000000000,BEST_BID,"JPM,99106,286"
2019-06-28 15:14:30.000000000,BEST_ASK,"JPM,99958,99"
2019-06-28 15:14:30.000000000,BEST_BID,"JPM,99106,286"
2019-06-28 15:14:30.000000000,BEST_ASK,"JPM,99958,285"
2019-06-28 15:14:30.000000000,BEST_BID,"JPM,99106,286"
2019-06-28 15:14:30.000000000,BEST_ASK,"JPM,99958,285"
2019-06-28 15:14:37.192294433,QUERY_SPREAD,15
2019-06-28 15:14:37.192294433,BEST_BID,"JPM,99106,286"
2019-06-28 15:14:37.192294433,BEST_ASK,"JPM,99958,285"
2019-06-28 15:14:40.000000000,QUERY_SPREAD,1
2019-06-28 15:14:40.000000000,BEST_BID,"JPM,99106,174"
2019-06-28 15:14:40.000000000,BEST_ASK,"JPM,99958,99"
2019-06-28 15:14:40.000000000,BEST_BID,"JPM,99106,174"
2019-06-28 15:14:40.000000000,BEST_ASK,"JPM,99958,99"
2019-06-28 15:14:40.000000000,BEST_BID,"JPM,99106,174"
2019-06-28 15:14:40.000000000,BEST_ASK,"JPM,99958,99"
2019-06-28 15:14:40.000000000,BEST_BID,"JPM,99106,174"
2019-06-28 15:14:40.000000000,BEST_ASK,"JPM,99958,99"
2019-06-28 15:14:40.000000000,BEST_BID,"JPM,99106,174"
2019-06-28 15:14:40.000000000,BEST_ASK,"JPM,99958,99"
2019-06-28 15:14:40.000000000,BEST_BID,"JPM,99106,174"
2019-06-28 15:14:40.000000000,BEST_ASK,"JPM,99958,173"
2019-06-28 15:14:40.000000000,BEST_BID,"JPM,99106,174"
2019-06-28 15:14:40.000000000,BEST_ASK,"JPM,99958,173"
2019-06-28 15:14:40.000000000,BEST_BID,"JPM,99106,174"
2019-06-28 15:14:40.000000000,BEST_ASK,"JPM,99958,173"
2019-06-28 15:14:40.000000000,BEST_BID,"JPM,99106,174"
2019-06-28 15:14:40.000000000,BEST_ASK,"JPM,99958,173"
2019-06-28 15:14:40.000000000,BEST_BID,"JPM,99106,174"
2019-06-28 15:14:40.000000000,BEST_ASK,"JPM,99958,173"
2019-06-28 15:14:44.209332790,QUERY_SPREAD,13
2019-06-28 15:14:44.209332790,BEST_BID,"JPM,99106,174"
2019-06-28 15:14:44.209332790,BEST_ASK,"JPM,99958,173"
2019-06-28 15:14:50.000000000,QUERY_SPREAD,1
2019-06-28 15:14:50.000000000,BEST_BID,"JPM,99106,226"
2019-06-28 15:14:50.000000000,BEST_ASK,"JPM,99958,99"
2019-06-28 15:14:50.000000000,BEST_BID,"JPM,99106,226"
2019-06-28 15:14:50.000000000,BEST_ASK,"JPM,99958,99"
2019-06-28 15:14:50.000000000,BEST_BID,"JPM,99106,226"
2019-06-28 15:14:50.000000000,BEST_ASK,"JPM,99958,99"
2019-06-28 15:14:50.000000000,BEST_BID,"JPM,99106,226"
2019-06-28 15:14:50.000000000,BEST_ASK,"JPM,99958,225"
2019-06-28 15:14:50.000000000,BEST_BID,"JPM,99106,226"
2019-06-28 15:14:50.000000000,BEST_ASK,"JPM,99958,225"
2019-06-28 15:14:50.000000000,BEST_BID,"JPM,99106,226"
2019-06-28 15:14:50.000000000,BEST_ASK,"JPM,99958,225"
2019-06-28 15:14:59.175291616,QUERY_SPREAD,20
2019-06-28 15:14:59.175291616,BEST_BID,"JPM,99106,226"
2019-06-28 15:14:59.175291616,BEST_ASK,"JPM,99958,225"
2019-06-28 15:15:00.000000000,QUERY_SPREAD,1
2019-06-28 15:15:00.000000000,BEST_BID,"JPM,99106,226"
2019-06-28 15:15:00.000000000,BEST_ASK,"JPM,99958,99"
2019-06-28 15:15:00.000000000,BEST_BID,"JPM,99106,226"
2019-06-28 15:15:00.000000000,BEST_ASK,"JPM,99958,99"
2019-06-28 15:15:00.000000000,BEST_BID,"JPM,99106,226"
2019-06-28 15:15:00.000000000,BEST_ASK,"JPM,99958,99"
2019-06-28 15:15:00.000000000,BEST_BID,"JPM,99106,226"
2019-06-28 15:15:00.000000000,BEST_ASK,"JPM,99958,225"
2019-06-28 15:15:00.000000000,BEST_BID,"JPM,99106,226"
2019-06-28 15:15:00.000000000,BEST_ASK,"JPM,99958,225"
2019-06-28 15:15:00.000000000,BEST_BID,"JPM,99106,226"
2019-06-28 15:15:00.000000000,BEST_ASK,"JPM,99958,225"
2019-06-28 15:15:00.000000000,QUERY_SPREAD,77
2019-06-28 15:15:00.000000000,BEST_BID,"JPM,99106,221"
2019-06-28 15:15:00.000000000,BEST_ASK,"JPM,99958,225"
2019-06-28 15:15:00.000000000,LAST_TRADE,"5,$99106.0000"
2019-06-28 15:15:00.000000000,QUERY_SPREAD,78
2019-06-28 15:15:00.000000000,BEST_BID,"JPM,99106,213"
2019-06-28 15:15:00.000000000,BEST_ASK,"JPM,99958,225"
2019-06-28 15:15:00.000000000,LAST_TRADE,"8,$99106.0000"
2019-06-28 15:15:00.000000000,QUERY_SPREAD,79
2019-06-28 15:15:00.000000000,BEST_BID,"JPM,99106,208"
2019-06-28 15:15:00.000000000,BEST_ASK,"JPM,99958,225"
2019-06-28 15:15:00.000000000,LAST_TRADE,"5,$99106.0000"
2019-06-28 15:15:00.000000000,QUERY_SPREAD,80
2019-06-28 15:15:00.000000000,BEST_BID,"JPM,99106,200"
2019-06-28 15:15:00.000000000,BEST_ASK,"JPM,99958,225"
2019-06-28 15:15:00.000000000,LAST_TRADE,"8,$99106.0000"
2019-06-28 15:15:00.000000000,QUERY_SPREAD,81
2019-06-28 15:15:00.000000000,BEST_BID,"JPM,99106,191"
2019-06-28 15:15:00.000000000,BEST_ASK,"JPM,99958,225"
2019-06-28 15:15:00.000000000,LAST_TRADE,"9,$99106.0000"
2019-06-28 15:15:00.000000000,QUERY_SPREAD,82
2019-06-28 15:15:00.000000000,BEST_BID,"JPM,99106,188"
2019-06-28 15:15:00.000000000,BEST_ASK,"JPM,99958,225"
2019-06-28 15:15:00.000000000,LAST_TRADE,"3,$99106.0000"
2019-06-28 15:15:00.000000000,QUERY_SPREAD,83
2019-06-28 15:15:00.000000000,BEST_BID,"JPM,99106,180"
2019-06-28 15:15:00.000000000,BEST_ASK,"JPM,99958,225"
2019-06-28 15:15:00.000000000,LAST_TRADE,"8,$99106.0000"
2019-06-28 15:15:00.000000000,QUERY_SPREAD,84
2019-06-28 15:15:00.000000000,BEST_BID,"JPM,99106,176"
2019-06-28 15:15:00.000000000,BEST_ASK,"JPM,99958,225"
2019-06-28 15:15:00.000000000,LAST_TRADE,"4,$99106.0000"
2019-06-28 15:15:00.000000000,QUERY_SPREAD,85
2019-06-28 15:15:00.000000000,BEST_BID,"JPM,99106,171"
2019-06-28 15:15:00.000000000,BEST_ASK,"JPM,99958,225"
2019-06-28 15:15:00.000000000,LAST_TRADE,"5,$99106.0000"
2019-06-28 15:15:00.000000000,QUERY_SPREAD,86
2019-06-28 15:15:00.000000000,BEST_BID,"JPM,99106,169"
2019-06-28 15:15:00.000000000,BEST_ASK,"JPM,99958,225"
2019-06-28 15:15:00.000000000,LAST_TRADE,"2,$99106.0000"
2019-06-28 15:15:00.000000000,QUERY_SPREAD,87
2019-06-28 15:15:00.000000000,BEST_BID,"JPM,99106,162"
2019-06-28 15:15:00.000000000,BEST_ASK,"JPM,99958,225"
2019-06-28 15:15:00.000000000,LAST_TRADE,"7,$99106.0000"
2019-06-28 15:15:00.000000000,QUERY_SPREAD,88
2019-06-28 15:15:00.000000000,BEST_BID,"JPM,99106,154"
2019-06-28 15:15:00.000000000,BEST_ASK,"JPM,99958,225"
2019-06-28 15:15:00.000000000,LAST_TRADE,"8,$99106.0000"
2019-06-28 15:15:00.000000000,QUERY_SPREAD,89
2019-06-28 15:15:00.000000000,BEST_BID,"JPM,99106,149"
2019-06-28 15:15:00.000000000,BEST_ASK,"JPM,99958,225"
2019-06-28 15:15:00.000000000,LAST_TRADE,"5,$99106.0000"
2019-06-28 15:15:00.000000000,QUERY_SPREAD,90
2019-06-28 15:15:00.000000000,BEST_BID,"JPM,99106,145"
2019-06-28 15:15:00.000000000,BEST_ASK,"JPM,99958,225"
2019-06-28 15:15:00.000000000,LAST_TRADE,"4,$99106.0000"
2019-06-28 15:15:00.000000000,QUERY_SPREAD,91
2019-06-28 15:15:00.000000000,BEST_BID,"JPM,99106,142"
2019-06-28 15:15:00.000000000,BEST_ASK,"JPM,99958,225"
2019-06-28 15:15:00.000000000,LAST_TRADE,"3,$99106.0000"
2019-06-28 15:15:00.000000000,QUERY_SPREAD,92
2019-06-28 15:15:00.000000000,BEST_BID,"JPM,99106,137"
2019-06-28 15:15:00.000000000,BEST_ASK,"JPM,99958,225"
2019-06-28 15:15:00.000000000,LAST_TRADE,"5,$99106.0000"
2019-06-28 15:15:00.000000000,QUERY_SPREAD,93
2019-06-28 15:15:00.000000000,BEST_BID,"JPM,99106,130"
2019-06-28 15:15:00.000000000,BEST_ASK,"JPM,99958,225"
2019-06-28 15:15:00.000000000,LAST_TRADE,"7,$99106.0000"
2019-06-28 15:15:00.000000000,QUERY_SPREAD,94
2019-06-28 15:15:00.000000000,BEST_BID,"JPM,99106,129"
2019-06-28 15:15:00.000000000,BEST_ASK,"JPM,99958,225"
2019-06-28 15:15:00.000000000,LAST_TRADE,"1,$99106.0000"
2019-06-28 15:15:00.000000000,QUERY_SPREAD,95
2019-06-28 15:15:00.000000000,BEST_BID,"JPM,99106,128"
2019-06-28 15:15:00.000000000,BEST_ASK,"JPM,99958,225"
2019-06-28 15:15:00.000000000,LAST_TRADE,"1,$99106.0000"
2019-06-28 15:15:00.000000000,QUERY_SPREAD,96
2019-06-28 15:15:00.000000000,BEST_BID,"JPM,99106,124"
2019-06-28 15:15:00.000000000,BEST_ASK,"JPM,99958,225"
2019-06-28 15:15:00.000000000,LAST_TRADE,"4,$99106.0000"
2019-06-28 15:15:00.000000000,QUERY_SPREAD,97
2019-06-28 15:15:00.000000000,BEST_BID,"JPM,99106,121"
2019-06-28 15:15:00.000000000,BEST_ASK,"JPM,99958,225"
2019-06-28 15:15:00.000000000,LAST_TRADE,"3,$99106.0000"
2019-06-28 15:15:00.000000000,QUERY_SPREAD,98
2019-06-28 15:15:00.000000000,BEST_BID,"JPM,99106,116"
2019-06-28 15:15:00.000000000,BEST_ASK,"JPM,99958,225"
2019-06-28 15:15:00.000000000,LAST_TRADE,"5,$99106.0000"
2019-06-28 15:15:00.000000000,QUERY_SPREAD,99
2019-06-28 15:15:00.000000000,BEST_BID,"JPM,99106,112"
2019-06-28 15:15:00.000000000,BEST_ASK,"JPM,99958,225"
2019-06-28 15:15:00.000000000,LAST_TRADE,"4,$99106.0000"
2019-06-28 15:15:00.000000000,QUERY_SPREAD,100
2019-06-28 15:15:00.000000000,BEST_BID,"JPM,99106,107"
2019-06-28 15:15:00.000000000,BEST_ASK,"JPM,99958,225"
2019-06-28 15:15:00.000000000,LAST_TRADE,"5,$99106.0000"
2019-06-28 15:15:00.000000000,QUERY_SPREAD,101
2019-06-28 15:15:00.000000000,BEST_BID,"JPM,99106,107"
2019-06-28 15:15:00.000000000,BEST_ASK,"JPM,99958,224"
2019-06-28 15:15:00.000000000,LAST_TRADE,"1,$99958.0000"
2019-06-28 15:15:10.000000000,QUERY_SPREAD,1
2019-06-28 15:15:10.000000000,BEST_BID,"JPM,99086,286"
2019-06-28 15:15:10.000000000,BEST_ASK,"JPM,99958,98"
2019-06-28 15:15:10.000000000,BEST_BID,"JPM,99086,286"
2019-06-28 15:15:10.000000000,BEST_ASK,"JPM,99958,98"
2019-06-28 15:15:10.000000000,BEST_BID,"JPM,99086,286"
2019-06-28 15:15:10.000000000,BEST_ASK,"JPM,99958,284"
2019-06-28 15:15:10.000000000,BEST_BID,"JPM,99086,286"
2019-06-28 15:15:10.000000000,BEST_ASK,"JPM,99958,284"
2019-06-28 15:15:20.000000000,QUERY_SPREAD,1
2019-06-28 15:15:20.000000000,BEST_BID,"JPM,99086,286"
2019-06-28 15:15:20.000000000,BEST_ASK,"JPM,99958,98"
2019-06-28 15:15:20.000000000,BEST_BID,"JPM,99086,286"
2019-06-28 15:15:20.000000000,BEST_ASK,"JPM,99958,98"
2019-06-28 15:15:20.000000000,BEST_BID,"JPM,99086,286"
2019-06-28 15:15:20.000000000,BEST_ASK,"JPM,99958,284"
2019-06-28 15:15:20.000000000,BEST_BID,"JPM,99086,286"
2019-06-28 15:15:20.000000000,BEST_ASK,"JPM,99958,284"
2019-06-28 15:15:24.106668368,QUERY_SPREAD,51
2019-06-28 15:15:24.106668368,BEST_BID,"JPM,99086,286"
2019-06-28 15:15:24.106668368,BEST_ASK,"JPM,99958,184"
2019-06-28 15:15:24.106668368,LAST_TRADE,"100,$99958.0000"
2019-06-28 15:15:24.852248668,QUERY_ORDER_STREAM,64
2019-06-28 15:15:24.852248668,QUERY_SPREAD,64
2019-06-28 15:15:24.852248668,BEST_BID,"JPM,99086,286"
2019-06-28 15:15:24.852248668,BEST_ASK,"JPM,99958,84"
2019-06-28 15:15:24.852248668,LAST_TRADE,"100,$99958.0000"
2019-06-28 15:15:30.000000000,QUERY_SPREAD,1
2019-06-28 15:15:30.000000000,BEST_BID,"JPM,99086,226"
2019-06-28 15:15:30.000000000,BEST_ASK,"JPM,100028,100"
2019-06-28 15:15:30.000000000,BEST_BID,"JPM,99086,226"
2019-06-28 15:15:30.000000000,BEST_ASK,"JPM,100028,100"
2019-06-28 15:15:30.000000000,BEST_BID,"JPM,99086,226"
2019-06-28 15:15:30.000000000,BEST_ASK,"JPM,100028,100"
2019-06-28 15:15:30.000000000,BEST_BID,"JPM,99086,226"
2019-06-28 15:15:30.000000000,BEST_ASK,"JPM,100028,226"
2019-06-28 15:15:30.000000000,BEST_BID,"JPM,99086,226"
2019-06-28 15:15:30.000000000,BEST_ASK,"JPM,100028,226"
2019-06-28 15:15:30.000000000,BEST_BID,"JPM,99086,226"
2019-06-28 15:15:30.000000000,BEST_ASK,"JPM,100028,226"
2019-06-28 15:15:32.092199161,QUERY_SPREAD,49
2019-06-28 15:15:32.092199161,BEST_BID,"JPM,99086,226"
2019-06-28 15:15:32.092199161,BEST_ASK,"JPM,100028,226"
2019-06-28 15:15:39.597545705,QUERY_SPREAD,44
2019-06-28 15:15:39.597545705,BEST_BID,"JPM,99086,226"
2019-06-28 15:15:39.597545705,BEST_ASK,"JPM,100028,226"
2019-06-28 15:15:40.000000000,QUERY_SPREAD,1
2019-06-28 15:15:40.000000000,BEST_BID,"JPM,99086,193"
2019-06-28 15:15:40.000000000,BEST_ASK,"JPM,100028,100"
2019-06-28 15:15:40.000000000,BEST_BID,"JPM,99086,193"
2019-06-28 15:15:40.000000000,BEST_ASK,"JPM,100028,100"
2019-06-28 15:15:40.000000000,BEST_BID,"JPM,99086,193"
2019-06-28 15:15:40.000000000,BEST_ASK,"JPM,100028,100"
2019-06-28 15:15:40.000000000,BEST_BID,"JPM,99086,193"
2019-06-28 15:15:40.000000000,BEST_ASK,"JPM,100028,100"
2019-06-28 15:15:40.000000000,BEST_BID,"JPM,99086,193"
2019-06-28 15:15:40.000000000,BEST_ASK,"JPM,100028,193"
2019-06-28 15:15:40.000000000,BEST_BID,"JPM,99086,193"
2019-06-28 15:15:40.000000000,BEST_ASK,"JPM,100028,193"
2019-06-28 15:15:40.000000000,BEST_BID,"JPM,99086,193"
2019-06-28 15:15:40.000000000,BEST_ASK,"JPM,100028,193"
2019-06-28 15:15:40.000000000,BEST_BID,"JPM,99086,193"
2019-06-28 15:15:40.000000000,BEST_ASK,"JPM,100028,193"
2019-06-28 15:15:50.000000000,QUERY_SPREAD,1
2019-06-28 15:15:50.000000000,BEST_BID,"JPM,99086,286"
2019-06-28 15:15:50.000000000,BEST_ASK,"JPM,100028,100"
2019-06-28 15:15:50.000000000,BEST_BID,"JPM,99086,286"
2019-06-28 15:15:50.000000000,BEST_ASK,"JPM,100028,100"
2019-06-28 15:15:50.000000000,BEST_BID,"JPM,99086,286"
2019-06-28 15:15:50.000000000,BEST_ASK,"JPM,100028,286"
2019-06-28 15:15:50.000000000,BEST_BID,"JPM,99086,286"
2019-06-28 15:15:50.000000000,BEST_ASK,"JPM,100028,286"
2019-06-28 15:15:51.046211968,QUERY_ORDER_STREAM,76
2019-06-28 15:15:51.046211968,QUERY_SPREAD,76
2019-06-28 15:15:51.046211968,BEST_BID,"JPM,99958,100"
2019-06-28 15:15:51.046211968,BEST_ASK,"JPM,100028,286"
2019-06-28 15:15:59.093542679,QUERY_SPREAD,4
2019-06-28 15:15:59.093542679,BEST_BID,"JPM,99958,100"
2019-06-28 15:15:59.093542679,BEST_ASK,"JPM,100028,286"
2019-06-28 15:15:59.105478300,QUERY_SPREAD,21
2019-06-28 15:15:59.105478300,BEST_BID,"JPM,99958,100"
2019-06-28 15:15:59.105478300,BEST_ASK,"JPM,100028,186"
2019-06-28 15:15:59.105478300,LAST_TRADE,"100,$100028.0000"
2019-06-28 15:16:00.000000000,QUERY_SPREAD,1
2019-06-28 15:16:00.000000000,BEST_BID,"JPM,99958,226"
2019-06-28 15:16:00.000000000,BEST_ASK,"JPM,100036,100"
2019-06-28 15:16:00.000000000,BEST_BID,"JPM,99958,226"
2019-06-28 15:16:00.000000000,BEST_ASK,"JPM,100036,100"
2019-06-28 15:16:00.000000000,BEST_BID,"JPM,99958,226"
2019-06-28 15:16:00.000000000,BEST_ASK,"JPM,100036,100"
2019-06-28 15:16:00.000000000,BEST_BID,"JPM,99958,226"
2019-06-28 15:16:00.000000000,BEST_ASK,"JPM,100036,226"
2019-06-28 15:16:00.000000000,BEST_BID,"JPM,99958,226"
2019-06-28 15:16:00.000000000,BEST_ASK,"JPM,100036,226"
2019-06-28 15:16:00.000000000,BEST_BID,"JPM,99958,226"
2019-06-28 15:16:00.000000000,BEST_ASK,"JPM,100036,226"
2019-06-28 15:16:00.000000000,QUERY_SPREAD,77
2019-06-28 15:16:00.000000000,BEST_BID,"JPM,99958,221"
2019-06-28 15:16:00.000000000,BEST_ASK,"JPM,100036,226"
2019-06-28 15:16:00.000000000,LAST_TRADE,"5,$99958.0000"
2019-06-28 15:16:00.000000000,QUERY_SPREAD,78
2019-06-28 15:16:00.000000000,BEST_BID,"JPM,99958,213"
2019-06-28 15:16:00.000000000,BEST_ASK,"JPM,100036,226"
2019-06-28 15:16:00.000000000,LAST_TRADE,"8,$99958.0000"
2019-06-28 15:16:00.000000000,QUERY_SPREAD,79
2019-06-28 15:16:00.000000000,BEST_BID,"JPM,99958,208"
2019-06-28 15:16:00.000000000,BEST_ASK,"JPM,100036,226"
2019-06-28 15:16:00.000000000,LAST_TRADE,"5,$99958.0000"
2019-06-28 15:16:00.000000000,QUERY_SPREAD,80
2019-06-28 15:16:00.000000000,BEST_BID,"JPM,99958,200"
2019-06-28 15:16:00.000000000,BEST_ASK,"JPM,100036,226"
2019-06-28 15:16:00.000000000,LAST_TRADE,"8,$99958.0000"
2019-06-28 15:16:00.000000000,QUERY_SPREAD,81
2019-06-28 15:16:00.000000000,BEST_BID,"JPM,99958,191"
2019-06-28 15:16:00.000000000,BEST_ASK,"JPM,100036,226"
2019-06-28 15:16:00.000000000,LAST_TRADE,"9,$99958.0000"
2019-06-28 15:16:00.000000000,QUERY_SPREAD,82
2019-06-28 15:16:00.000000000,BEST_BID,"JPM,99958,188"
2019-06-28 15:16:00.000000000,BEST_ASK,"JPM,100036,226"
2019-06-28 15:16:00.000000000,LAST_TRADE,"3,$99958.0000"
2019-06-28 15:16:00.000000000,QUERY_SPREAD,83
2019-06-28 15:16:00.000000000,BEST_BID,"JPM,99958,180"
2019-06-28 15:16:00.000000000,BEST_ASK,"JPM,100036,226"
2019-06-28 15:16:00.000000000,LAST_TRADE,"8,$99958.0000"
2019-06-28 15:16:00.000000000,QUERY_SPREAD,84
2019-06-28 15:16:00.000000000,BEST_BID,"JPM,99958,176"
2019-06-28 15:16:00.000000000,BEST_ASK,"JPM,100036,226"
2019-06-28 15:16:00.000000000,LAST_TRADE,"4,$99958.0000"
2019-06-28 15:16:00.000000000,QUERY_SPREAD,85
2019-06-28 15:16:00.000000000,BEST_BID,"JPM,99958,171"
2019-06-28 15:16:00.000000000,BEST_ASK,"JPM,100036,226"
2019-06-28 15:16:00.000000000,LAST_TRADE,"5,$99958.0000"
2019-06-28 15:16:00.000000000,QUERY_SPREAD,86
2019-06-28 15:16:00.000000000,BEST_BID,"JPM,99958,169"
2019-06-28 15:16:00.000000000,BEST_ASK,"JPM,100036,226"
2019-06-28 15:16:00.000000000,LAST_TRADE,"2,$99958.0000"
2019-06-28 15:16:00.000000000,QUERY_SPREAD,87
2019-06-28 15:16:00.000000000,BEST_BID,"JPM,99958,162"
2019-06-28 15:16:00.000000000,BEST_ASK,"JPM,100036,226"
2019-06-28 15:16:00.000000000,LAST_TRADE,"7,$99958.0000"
2019-06-28 15:16:00.000000000,QUERY_SPREAD,88
2019-06-28 15:16:00.000000000,BEST_BID,"JPM,99958,154"
2019-06-28 15:16:00.000000000,BEST_ASK,"JPM,100036,226"
2019-06-28 15:16:00.000000000,LAST_TRADE,"8,$99958.0000"
2019-06-28 15:16:00.000000000,QUERY_SPREAD,89
2019-06-28 15:16:00.000000000,BEST_BID,"JPM,99958,149"
2019-06-28 15:16:00.000000000,BEST_ASK,"JPM,100036,226"
2019-06-28 15:16:00.000000000,LAST_TRADE,"5,$99958.0000"
2019-06-28 15:16:00.000000000,QUERY_SPREAD,90
2019-06-28 15:16:00.000000000,BEST_BID,"JPM,99958,145"
2019-06-28 15:16:00.000000000,BEST_ASK,"JPM,100036,226"
2019-06-28 15:16:00.000000000,LAST_TRADE,"4,$99958.0000"
2019-06-28 15:16:00.000000000,QUERY_SPREAD,91
2019-06-28 15:16:00.000000000,BEST_BID,"JPM,99958,142"
2019-06-28 15:16:00.000000000,BEST_ASK,"JPM,100036,226"
2019-06-28 15:16:00.000000000,LAST_TRADE,"3,$99958.0000"
2019-06-28 15:16:00.000000000,QUERY_SPREAD,92
2019-06-28 15:16:00.000000000,BEST_BID,"JPM,99958,137"
2019-06-28 15:16:00.000000000,BEST_ASK,"JPM,100036,226"
2019-06-28 15:16:00.000000000,LAST_TRADE,"5,$99958.0000"
2019-06-28 15:16:00.000000000,QUERY_SPREAD,93
2019-06-28 15:16:00.000000000,BEST_BID,"JPM,99958,130"
2019-06-28 15:16:00.000000000,BEST_ASK,"JPM,100036,226"
2019-06-28 15:16:00.000000000,LAST_TRADE,"7,$99958.0000"
2019-06-28 15:16:00.000000000,QUERY_SPREAD,94
2019-06-28 15:16:00.000000000,BEST_BID,"JPM,99958,129"
2019-06-28 15:16:00.000000000,BEST_ASK,"JPM,100036,226"
2019-06-28 15:16:00.000000000,LAST_TRADE,"1,$99958.0000"
2019-06-28 15:16:00.000000000,QUERY_SPREAD,95
2019-06-28 15:16:00.000000000,BEST_BID,"JPM,99958,128"
2019-06-28 15:16:00.000000000,BEST_ASK,"JPM,100036,226"
2019-06-28 15:16:00.000000000,LAST_TRADE,"1,$99958.0000"
2019-06-28 15:16:00.000000000,QUERY_SPREAD,96
2019-06-28 15:16:00.000000000,BEST_BID,"JPM,99958,124"
2019-06-28 15:16:00.000000000,BEST_ASK,"JPM,100036,226"
2019-06-28 15:16:00.000000000,LAST_TRADE,"4,$99958.0000"
2019-06-28 15:16:00.000000000,QUERY_SPREAD,97
2019-06-28 15:16:00.000000000,BEST_BID,"JPM,99958,121"
2019-06-28 15:16:00.000000000,BEST_ASK,"JPM,100036,226"
2019-06-28 15:16:00.000000000,LAST_TRADE,"3,$99958.0000"
2019-06-28 15:16:00.000000000,QUERY_SPREAD,98
2019-06-28 15:16:00.000000000,BEST_BID,"JPM,99958,116"
2019-06-28 15:16:00.000000000,BEST_ASK,"JPM,100036,226"
2019-06-28 15:16:00.000000000,LAST_TRADE,"5,$99958.0000"
2019-06-28 15:16:00.000000000,QUERY_SPREAD,99
2019-06-28 15:16:00.000000000,BEST_BID,"JPM,99958,112"
2019-06-28 15:16:00.000000000,BEST_ASK,"JPM,100036,226"
2019-06-28 15:16:00.000000000,LAST_TRADE,"4,$99958.0000"
2019-06-28 15:16:00.000000000,QUERY_SPREAD,100
2019-06-28 15:16:00.000000000,BEST_BID,"JPM,99958,107"
2019-06-28 15:16:00.000000000,BEST_ASK,"JPM,100036,226"
2019-06-28 15:16:00.000000000,LAST_TRADE,"5,$99958.0000"
2019-06-28 15:16:00.000000000,QUERY_SPREAD,101
2019-06-28 15:16:00.000000000,BEST_BID,"JPM,99958,107"
2019-06-28 15:16:00.000000000,BEST_ASK,"JPM,100036,225"
2019-06-28 15:16:00.000000000,LAST_TRADE,"1,$100036.0000"
2019-06-28 15:16:10.000000000,QUERY_SPREAD,1
2019-06-28 15:16:10.000000000,BEST_BID,"JPM,99950,193"
2019-06-28 15:16:10.000000000,BEST_ASK,"JPM,100036,99"
2019-06-28 15:16:10.000000000,BEST_BID,"JPM,99950,193"
2019-06-28 15:16:10.000000000,BEST_ASK,"JPM,100036,99"
2019-06-28 15:16:10.000000000,BEST_BID,"JPM,99950,193"
2019-06-28 15:16:10.000000000,BEST_ASK,"JPM,100036,99"
2019-06-28 15:16:10.000000000,BEST_BID,"JPM,99950,193"
2019-06-28 15:16:10.000000000,BEST_ASK,"JPM,100036,99"
2019-06-28 15:16:10.000000000,BEST_BID,"JPM,99950,193"
2019-06-28 15:16:10.000000000,BEST_ASK,"JPM,100036,192"
2019-06-28 15:16:10.000000000,BEST_BID,"JPM,99950,193"
2019-06-28 15:16:10.000000000,BEST_ASK,"JPM,100036,192"
2019-06-28 15:16:10.000000000,BEST_BID,"JPM,99950,193"
2019-06-28 15:16:10.000000000,BEST_ASK,"JPM,100036,192"
2019-06-28 15:16:10.000000000,BEST_BID,"JPM,99950,193"
2019-06-28 15:16:10.000000000,BEST_ASK,"JPM,100036,192"
2019-06-28 15:16:12.005852563,QUERY_SPREAD,22
2019-06-28 15:16:12.005852563,BEST_BID,"JPM,99950,193"
2019-06-28 15:16:12.005852563,BEST_ASK,"JPM,100036,192"
2019-06-28 15:16:13.120846486,QUERY_ORDER_STREAM,67
2019-06-28 15:16:13.120846486,QUERY_SPREAD,67
2019-06-28 15:16:20.000000000,QUERY_SPREAD,1
2019-06-28 15:16:20.000000000,BEST_BID,"JPM,99950,174"
2019-06-28 15:16:20.000000000,BEST_ASK,"JPM,100036,99"
2019-06-28 15:16:20.000000000,BEST_BID,"JPM,99950,174"
2019-06-28 15:16:20.000000000,BEST_ASK,"JPM,100036,99"
2019-06-28 15:16:20.000000000,BEST_BID,"JPM,99950,174"
2019-06-28 15:16:20.000000000,BEST_ASK,"JPM,100036,99"
2019-06-28 15:16:20.000000000,BEST_BID,"JPM,99950,174"
2019-06-28 15:16:20.000000000,BEST_ASK,"JPM,100036,99"
2019-06-28 15:16:20.000000000,BEST_BID,"JPM,99950,174"
2019-06-28 15:16:20.000000000,BEST_ASK,"JPM,100036,99"
2019-06-28 15:16:20.000000000,BEST_BID,"JPM,99950,174"
2019-06-28 15:16:20.000000000,BEST_ASK,"JPM,100036,173"
2019-06-28 15:16:20.000000000,BEST_BID,"JPM,99950,174"
2019-06-28 15:16:20.000000000,BEST_ASK,"JPM,100036,173"
2019-06-28 15:16:20.000000000,BEST_BID,"JPM,99950,174"
2019-06-28 15:16:20.000000000,BEST_ASK,"JPM,100036,173"
2019-06-28 15:16:20.000000000,BEST_BID,"JPM,99950,174"
2019-06-28 15:16:20.000000000,BEST_ASK,"JPM,100036,173"
2019-06-28 15:16:20.000000000,BEST_BID,"JPM,99950,174"
2019-06-28 15:16:20.000000000,BEST_ASK,"JPM,100036,173"
2019-06-28 15:16:30.000000000,QUERY_SPREAD,1
2019-06-28 15:16:30.000000000,BEST_BID,"JPM,99950,193"
2019-06-28 15:16:30.000000000,BEST_ASK,"JPM,100036,99"
2019-06-28 15:16:30.000000000,BEST_BID,"JPM,99950,193"
2019-06-28 15:16:30.000000000,BEST_ASK,"JPM,100036,99"
2019-06-28 15:16:30.000000000,BEST_BID,"JPM,99950,193"
2019-06-28 15:16:30.000000000,BEST_ASK,"JPM,100036,99"
2019-06-28 15:16:30.000000000,BEST_BID,"JPM,99950,193"
2019-06-28 15:16:30.000000000,BEST_ASK,"JPM,100036,99"
2019-06-28 15:16:30.000000000,BEST_BID,"JPM,99950,193"
2019-06-28 15:16:30.000000000,BEST_ASK,"JPM,100036,192"
2019-06-28 15:16:30.000000000,BEST_BID,"JPM,99950,193"
2019-06-28 15:16:30.000000000,BEST_ASK,"JPM,100036,192"
2019-06-28 15:16:30.000000000,BEST_BID,"JPM,99950,193"
2019-06-28 15:16:30.000000000,BEST_ASK,"JPM,100036,192"
2019-06-28 15:16:30.000000000,BEST_BID,"JPM,99950,193"
2019-06-28 15:16:30.000000000,BEST_ASK,"JPM,100036,192"
2019-06-28 15:16:34.707872909,QUERY_SPREAD,34
2019-06-28 15:16:34.707872909,BEST_BID,"JPM,99950,193"
2019-06-28 15:16:34.707872909,BEST_ASK,"JPM,100036,192"
2019-06-28 15:16:40.000000000,QUERY_SPREAD,1
2019-06-28 15:16:40.000000000,BEST_BID,"JPM,99950,174"
2019-06-28 15:16:40.000000000,BEST_ASK,"JPM,100036,99"
2019-06-28 15:16:40.000000000,BEST_BID,"JPM,99950,174"
2019-06-28 15:16:40.000000000,BEST_ASK,"JPM,100036,99"
2019-06-28 15:16:40.000000000,BEST_BID,"JPM,99950,174"
2019-06-28 15:16:40.000000000,BEST_ASK,"JPM,100036,99"
2019-06-28 15:16:40.000000000,BEST_BID,"JPM,99950,174"
2019-06-28 15:16:40.000000000,BEST_ASK,"JPM,100036,99"
2019-06-28 15:16:40.000000000,BEST_BID,"JPM,99950,174"
2019-06-28 15:16:40.000000000,BEST_ASK,"JPM,100036,99"
2019-06-28 15:16:40.000000000,BEST_BID,"JPM,99950,174"
2019-06-28 15:16:40.000000000,BEST_ASK,"JPM,100036,173"
2019-06-28 15:16:40.000000000,BEST_BID,"JPM,99950,174"
2019-06-28 15:16:40.000000000,BEST_ASK,"JPM,100036,173"
2019-06-28 15:16:40.000000000,BEST_BID,"JPM,99950,174"
2019-06-28 15:16:40.000000000,BEST_ASK,"JPM,100036,173"
2019-06-28 15:16:40.000000000,BEST_BID,"JPM,99950,174"
2019-06-28 15:16:40.000000000,BEST_ASK,"JPM,100036,173"
2019-06-28 15:16:40.000000000,BEST_BID,"JPM,99950,174"
2019-06-28 15:16:40.000000000,BEST_ASK,"JPM,100036,173"
2019-06-28 15:16:40.943272368,QUERY_SPREAD,23
2019-06-28 15:16:40.943272368,BEST_BID,"JPM,99950,174"
2019-06-28 15:16:40.943272368,BEST_ASK,"JPM,100036,73"
2019-06-28 15:16:40.943272368,LAST_TRADE,"100,$100036.0000"
2019-06-28 15:16:50.000000000,QUERY_SPREAD,1
2019-06-28 15:16:50.000000000,BEST_BID,"JPM,99950,286"
2019-06-28 15:16:50.000000000,BEST_ASK,"JPM,100047,100"
2019-06-28 15:16:50.000000000,BEST_BID,"JPM,99950,286"
2019-06-28 15:16:50.000000000,BEST_ASK,"JPM,100047,100"
2019-06-28 15:16:50.000000000,BEST_BID,"JPM,99950,286"
2019-06-28 15:16:50.000000000,BEST_ASK,"JPM,100047,286"
2019-06-28 15:16:50.000000000,BEST_BID,"JPM,99950,286"
2019-06-28 15:16:50.000000000,BEST_ASK,"JPM,100047,286"
2019-06-28 15:17:00.000000000,QUERY_SPREAD,1
2019-06-28 15:17:00.000000000,BEST_BID,"JPM,99950,286"
2019-06-28 15:17:00.000000000,BEST_ASK,"JPM,100047,100"
2019-06-28 15:17:00.000000000,BEST_BID,"JPM,99950,286"
2019-06-28 15:17:00.000000000,BEST_ASK,"JPM,100047,100"
2019-06-28 15:17:00.000000000,BEST_BID,"JPM,99950,286"
2019-06-28 15:17:00.000000000,BEST_ASK,"JPM,100047,286"
2019-06-28 15:17:00.000000000,BEST_BID,"JPM,99950,286"
2019-06-28 15:17:00.000000000,BEST_ASK,"JPM,100047,286"
2019-06-28 15:17:00.000000000,QUERY_SPREAD,77
2019-06-28 15:17:00.000000000,BEST_BID,"JPM,99950,281"
2019-06-28 15:17:00.000000000,BEST_ASK,"JPM,100047,286"
2019-06-28 15:17:00.000000000,LAST_TRADE,"5,$99950.0000"
2019-06-28 15:17:00.000000000,QUERY_SPREAD,78
2019-06-28 15:17:00.000000000,BEST_BID,"JPM,99950,273"
2019-06-28 15:17:00.000000000,BEST_ASK,"JPM,100047,286"
2019-06-28 15:17:00.000000000,LAST_TRADE,"8,$99950.0000"
2019-06-28 15:17:00.000000000,QUERY_SPREAD,79
2019-06-28 15:17:00.000000000,BEST_BID,"JPM,99950,268"
2019-06-28 15:17:00.000000000,BEST_ASK,"JPM,100047,286"
2019-06-28 15:17:00.000000000,LAST_TRADE,"5,$99950.0000"
2019-06-28 15:17:00.000000000,QUERY_SPREAD,80
2019-06-28 15:17:00.000000000,BEST_BID,"JPM,99950,260"
2019-06-28 15:17:00.000000000,BEST_ASK,"JPM,100047,286"
2019-06-28 15:17:00.000000000,LAST_TRADE,"8,$99950.0000"
2019-06-28 15:17:00.000000000,QUERY_SPREAD,81
2019-06-28 15:17:00.000000000,BEST_BID,"JPM,99950,251"
2019-06-28 15:17:00.000000000,BEST_ASK,"JPM,100047,286"
2019-06-28 15:17:00.000000000,LAST_TRADE,"9,$99950.0000"
2019-06-28 15:17:00.000000000,QUERY_SPREAD,82
2019-06-28 15:17:00.000000000,BEST_BID,"JPM,99950,248"
2019-06-28 15:17:00.000000000,BEST_ASK,"JPM,100047,286"
2019-06-28 15:17:00.000000000,LAST_TRADE,"3,$99950.0000"
2019-06-28 15:17:00.000000000,QUERY_SPREAD,83
2019-06-28 15:17:00.000000000,BEST_BID,"JPM,99950,240"
2019-06-28 15:17:00.000000000,BEST_ASK,"JPM,100047,286"
2019-06-28 15:17:00.000000000,LAST_TRADE,"8,$99950.0000"
2019-06-28 15:17:00.000000000,QUERY_SPREAD,84
2019-06-28 15:17:00.000000000,BEST_BID,"JPM,99950,236"
2019-06-28 15:17:00.000000000,BEST_ASK,"JPM,100047,286"
2019-06-28 15:17:00.000000000,LAST_TRADE,"4,$99950.0000"
2019-06-28 15:17:00.000000000,QUERY_SPREAD,85
2019-06-28 15:17:00.000000000,BEST_BID,"JPM,99950,231"
2019-06-28 15:17:00.000000000,BEST_ASK,"JPM,100047,286"
2019-06-28 15:17:00.000000000,LAST_TRADE,"5,$99950.0000"
2019-06-28 15:17:00.000000000,QUERY_SPREAD,86
2019-06-28 15:17:00.000000000,BEST_BID,"JPM,99950,229"
2019-06-28 15:17:00.000000000,BEST_ASK,"JPM,100047,286"
2019-06-28 15:17:00.000000000,LAST_TRADE,"2,$99950.0000"
2019-06-28 15:17:00.000000000,QUERY_SPREAD,87
2019-06-28 15:17:00.000000000,BEST_BID,"JPM,99950,222"
2019-06-28 15:17:00.000000000,BEST_ASK,"JPM,100047,286"
2019-06-28 15:17:00.000000000,LAST_TRADE,"7,$99950.0000"
2019-06-28 15:17:00.000000000,QUERY_SPREAD,88
2019-06-28 15:17:00.000000000,BEST_BID,"JPM,99950,214"
2019-06-28 15:17:00.000000000,BEST_ASK,"JPM,100047,286"
2019-06-28 15:17:00.000000000,LAST_TRADE,"8,$99950.0000"
2019-06-28 15:17:00.000000000,QUERY_SPREAD,89
2019-06-28 15:17:00.000000000,BEST_BID,"JPM,99950,209"
2019-06-28 15:17:00.000000000,BEST_ASK,"JPM,100047,286"
2019-06-28 15:17:00.000000000,LAST_TRADE,"5,$99950.0000"
2019-06-28 15:17:00.000000000,QUERY_SPREAD,90
2019-06-28 15:17:00.000000000,BEST_BID,"JPM,99950,205"
2019-06-28 15:17:00.000000000,BEST_ASK,"JPM,100047,286"
2019-06-28 15:17:00.000000000,LAST_TRADE,"4,$99950.0000"
2019-06-28 15:17:00.000000000,QUERY_SPREAD,91
2019-06-28 15:17:00.000000000,BEST_BID,"JPM,99950,202"
2019-06-28 15:17:00.000000000,BEST_ASK,"JPM,100047,286"
2019-06-28 15:17:00.000000000,LAST_TRADE,"3,$99950.0000"
2019-06-28 15:17:00.000000000,QUERY_SPREAD,92
2019-06-28 15:17:00.000000000,BEST_BID,"JPM,99950,197"
2019-06-28 15:17:00.000000000,BEST_ASK,"JPM,100047,286"
2019-06-28 15:17:00.000000000,LAST_TRADE,"5,$99950.0000"
2019-06-28 15:17:00.000000000,QUERY_SPREAD,93
2019-06-28 15:17:00.000000000,BEST_BID,"JPM,99950,190"
2019-06-28 15:17:00.000000000,BEST_ASK,"JPM,100047,286"
2019-06-28 15:17:00.000000000,LAST_TRADE,"7,$99950.0000"
2019-06-28 15:17:00.000000000,QUERY_SPREAD,94
2019-06-28 15:17:00.000000000,BEST_BID,"JPM,99950,189"
2019-06-28 15:17:00.000000000,BEST_ASK,"JPM,100047,286"
2019-06-28 15:17:00.000000000,LAST_TRADE,"1,$99950.0000"
2019-06-28 15:17:00.000000000,QUERY_SPREAD,95
2019-06-28 15:17:00.000000000,BEST_BID,"JPM,99950,188"
2019-06-28 15:17:00.000000000,BEST_ASK,"JPM,100047,286"
2019-06-28 15:17:00.000000000,LAST_TRADE,"1,$99950.0000"
2019-06-28 15:17:00.000000000,QUERY_SPREAD,96
2019-06-28 15:17:00.000000000,BEST_BID,"JPM,99950,184"
2019-06-28 15:17:00.000000000,BEST_ASK,"JPM,100047,286"
2019-06-28 15:17:00.000000000,LAST_TRADE,"4,$99950.0000"
2019-06-28 15:17:00.000000000,QUERY_SPREAD,97
2019-06-28 15:17:00.000000000,BEST_BID,"JPM,99950,181"
2019-06-28 15:17:00.000000000,BEST_ASK,"JPM,100047,286"
2019-06-28 15:17:00.000000000,LAST_TRADE,"3,$99950.0000"
2019-06-28 15:17:00.000000000,QUERY_SPREAD,98
2019-06-28 15:17:00.000000000,BEST_BID,"JPM,99950,176"
2019-06-28 15:17:00.000000000,BEST_ASK,"JPM,100047,286"
2019-06-28 15:17:00.000000000,LAST_TRADE,"5,$99950.0000"
2019-06-28 15:17:00.000000000,QUERY_SPREAD,99
2019-06-28 15:17:00.000000000,BEST_BID,"JPM,99950,172"
2019-06-28 15:17:00.000000000,BEST_ASK,"JPM,100047,286"
2019-06-28 15:17:00.000000000,LAST_TRADE,"4,$99950.0000"
2019-06-28 15:17:00.000000000,QUERY_SPREAD,100
2019-06-28 15:17:00.000000000,BEST_BID,"JPM,99950,167"
2019-06-28 15:17:00.000000000,BEST_ASK,"JPM,100047,286"
2019-06-28 15:17:00.000000000,LAST_TRADE,"5,$99950.0000"
2019-06-28 15:17:00.000000000,QUERY_SPREAD,101
2019-06-28 15:17:00.000000000,BEST_BID,"JPM,99950,166"
2019-06-28 15:17:00.000000000,BEST_ASK,"JPM,100047,286"
2019-06-28 15:17:00.000000000,LAST_TRADE,"1,$99950.0000"
2019-06-28 15:17:10.000000000,QUERY_SPREAD,1
2019-06-28 15:17:10.000000000,BEST_BID,"JPM,99086,174"
2019-06-28 15:17:10.000000000,BEST_ASK,"JPM,100047,100"
2019-06-28 15:17:10.000000000,BEST_BID,"JPM,99086,174"
2019-06-28 15:17:10.000000000,BEST_ASK,"JPM,100047,100"
2019-06-28 15:17:10.000000000,BEST_BID,"JPM,99086,174"
2019-06-28 15:17:10.000000000,BEST_ASK,"JPM,100047,100"
2019-06-28 15:17:10.000000000,BEST_BID,"JPM,99086,174"
2019-06-28 15:17:10.000000000,BEST_ASK,"JPM,100047,100"
2019-06-28 15:17:10.000000000,BEST_BID,"JPM,99086,174"
2019-06-28 15:17:10.000000000,BEST_ASK,"JPM,100047,174"
2019-06-28 15:17:10.000000000,BEST_BID,"JPM,99086,174"
2019-06-28 15:17:10.000000000,BEST_ASK,"JPM,100047,174"
2019-06-28 15:17:10.000000000,BEST_BID,"JPM,99086,174"
2019-06-28 15:17:10.000000000,BEST_ASK,"JPM,100047,174"
2019-06-28 15:17:10.000000000,BEST_BID,"JPM,99086,174"
2019-06-28 15:17:10.000000000,BEST_ASK,"JPM,100047,174"
2019-06-28 15:17:10.000000000,BEST_BID,"JPM,99086,174"
2019-06-28 15:17:10.000000000,BEST_ASK,"JPM,100047,174"
2019-06-28 15:17:20.000000000,QUERY_SPREAD,1
2019-06-28 15:17:20.000000000,BEST_BID,"JPM,99086,471"
2019-06-28 15:17:20.000000000,BEST_ASK,"JPM,100047,100"
2019-06-28 15:17:20.000000000,BEST_BID,"JPM,99086,471"
2019-06-28 15:17:20.000000000,BEST_ASK,"JPM,100047,471"
2019-06-28 15:17:23.221048301,QUERY_SPREAD,19
2019-06-28 15:17:23.221048301,BEST_BID,"JPM,99086,471"
2019-06-28 15:17:23.221048301,BEST_ASK,"JPM,100047,471"
2019-06-28 15:17:26.992625069,QUERY_SPREAD,46
2019-06-28 15:17:26.992625069,BEST_BID,"JPM,99086,471"
2019-06-28 15:17:26.992625069,BEST_ASK,"JPM,100047,471"
2019-06-28 15:17:28.001914740,QUERY_SPREAD,51
2019-06-28 15:17:28.001914740,BEST_BID,"JPM,99086,471"
2019-06-28 15:17:28.001914740,BEST_ASK,"JPM,100047,471"
2019-06-28 15:17:29.074667194,QUERY_SPREAD,33
2019-06-28 15:17:29.074667194,BEST_BID,"JPM,99086,471"
2019-06-28 15:17:29.074667194,BEST_ASK,"JPM,100047,371"
2019-06-28 15:17:29.074667194,LAST_TRADE,"100,$100047.0000"
2019-06-28 15:17:30.000000000,QUERY_SPREAD,1
2019-06-28 15:17:30.000000000,BEST_BID,"JPM,99086,226"
2019-06-28 15:17:30.000000000,BEST_ASK,"JPM,100287,100"
2019-06-28 15:17:30.000000000,BEST_BID,"JPM,99086,226"
2019-06-28 15:17:30.000000000,BEST_ASK,"JPM,100287,100"
2019-06-28 15:17:30.000000000,BEST_BID,"JPM,99086,226"
2019-06-28 15:17:30.000000000,BEST_ASK,"JPM,100287,100"
2019-06-28 15:17:30.000000000,BEST_BID,"JPM,99086,226"
2019-06-28 15:17:30.000000000,BEST_ASK,"JPM,100287,226"
2019-06-28 15:17:30.000000000,BEST_BID,"JPM,99086,226"
2019-06-28 15:17:30.000000000,BEST_ASK,"JPM,100287,226"
2019-06-28 15:17:30.000000000,BEST_BID,"JPM,99086,226"
2019-06-28 15:17:30.000000000,BEST_ASK,"JPM,100287,226"
2019-06-28 15:17:40.000000000,QUERY_SPREAD,1
2019-06-28 15:17:40.000000000,BEST_BID,"JPM,99086,471"
2019-06-28 15:17:40.000000000,BEST_ASK,"JPM,100287,100"
2019-06-28 15:17:40.000000000,BEST_BID,"JPM,99086,471"
2019-06-28 15:17:40.000000000,BEST_ASK,"JPM,100287,471"
2019-06-28 15:17:50.000000000,QUERY_SPREAD,1
2019-06-28 15:17:50.000000000,BEST_BID,"JPM,99086,471"
2019-06-28 15:17:50.000000000,BEST_ASK,"JPM,100287,100"
2019-06-28 15:17:50.000000000,BEST_BID,"JPM,99086,471"
2019-06-28 15:17:50.000000000,BEST_ASK,"JPM,100287,471"
2019-06-28 15:18:00.000000000,QUERY_SPREAD,1
2019-06-28 15:18:00.000000000,BEST_BID,"JPM,99086,286"
2019-06-28 15:18:00.000000000,BEST_ASK,"JPM,100287,100"
2019-06-28 15:18:00.000000000,BEST_BID,"JPM,99086,286"
2019-06-28 15:18:00.000000000,BEST_ASK,"JPM,100287,100"
2019-06-28 15:18:00.000000000,BEST_BID,"JPM,99086,286"
2019-06-28 15:18:00.000000000,BEST_ASK,"JPM,100287,286"
2019-06-28 15:18:00.000000000,BEST_BID,"JPM,99086,286"
2019-06-28 15:18:00.000000000,BEST_ASK,"JPM,100287,286"
2019-06-28 15:18:00.000000000,QUERY_SPREAD,77
2019-06-28 15:18:00.000000000,BEST_BID,"JPM,99086,281"
2019-06-28 15:18:00.000000000,BEST_ASK,"JPM,100287,286"
2019-06-28 15:18:00.000000000,LAST_TRADE,"5,$99086.0000"
2019-06-28 15:18:00.000000000,QUERY_SPREAD,78
2019-06-28 15:18:00.000000000,BEST_BID,"JPM,99086,273"
2019-06-28 15:18:00.000000000,BEST_ASK,"JPM,100287,286"
2019-06-28 15:18:00.000000000,LAST_TRADE,"8,$99086.0000"
2019-06-28 15:18:00.000000000,QUERY_SPREAD,79
2019-06-28 15:18:00.000000000,BEST_BID,"JPM,99086,268"
2019-06-28 15:18:00.000000000,BEST_ASK,"JPM,100287,286"
2019-06-28 15:18:00.000000000,LAST_TRADE,"5,$99086.0000"
2019-06-28 15:18:00.000000000,QUERY_SPREAD,80
2019-06-28 15:18:00.000000000,BEST_BID,"JPM,99086,260"
2019-06-28 15:18:00.000000000,BEST_ASK,"JPM,100287,286"
2019-06-28 15:18:00.000000000,LAST_TRADE,"8,$99086.0000"
2019-06-28 15:18:00.000000000,QUERY_SPREAD,81
2019-06-28 15:18:00.000000000,BEST_BID,"JPM,99086,251"
2019-06-28 15:18:00.000000000,BEST_ASK,"JPM,100287,286"
2019-06-28 15:18:00.000000000,LAST_TRADE,"9,$99086.0000"
2019-06-28 15:18:00.000000000,QUERY_SPREAD,82
2019-06-28 15:18:00.000000000,BEST_BID,"JPM,99086,248"
2019-06-28 15:18:00.000000000,BEST_ASK,"JPM,100287,286"
2019-06-28 15:18:00.000000000,LAST_TRADE,"3,$99086.0000"
2019-06-28 15:18:00.000000000,QUERY_SPREAD,83
2019-06-28 15:18:00.000000000,BEST_BID,"JPM,99086,240"
2019-06-28 15:18:00.000000000,BEST_ASK,"JPM,100287,286"
2019-06-28 15:18:00.000000000,LAST_TRADE,"8,$99086.0000"
2019-06-28 15:18:00.000000000,QUERY_SPREAD,84
2019-06-28 15:18:00.000000000,BEST_BID,"JPM,99086,236"
2019-06-28 15:18:00.000000000,BEST_ASK,"JPM,100287,286"
2019-06-28 15:18:00.000000000,LAST_TRADE,"4,$99086.0000"
2019-06-28 15:18:00.000000000,QUERY_SPREAD,85
2019-06-28 15:18:00.000000000,BEST_BID,"JPM,99086,231"
2019-06-28 15:18:00.000000000,BEST_ASK,"JPM,100287,286"
2019-06-28 15:18:00.000000000,LAST_TRADE,"5,$99086.0000"
2019-06-28 15:18:00.000000000,QUERY_SPREAD,86
2019-06-28 15:18:00.000000000,BEST_BID,"JPM,99086,229"
2019-06-28 15:18:00.000000000,BEST_ASK,"JPM,100287,286"
2019-06-28 15:18:00.000000000,LAST_TRADE,"2,$99086.0000"
2019-06-28 15:18:00.000000000,QUERY_SPREAD,87
2019-06-28 15:18:00.000000000,BEST_BID,"JPM,99086,222"
2019-06-28 15:18:00.000000000,BEST_ASK,"JPM,100287,286"
2019-06-28 15:18:00.000000000,LAST_TRADE,"7,$99086.0000"
2019-06-28 15:18:00.000000000,QUERY_SPREAD,88
2019-06-28 15:18:00.000000000,BEST_BID,"JPM,99086,214"
2019-06-28 15:18:00.000000000,BEST_ASK,"JPM,100287,286"
2019-06-28 15:18:00.000000000,LAST_TRADE,"8,$99086.0000"
2019-06-28 15:18:00.000000000,QUERY_SPREAD,89
2019-06-28 15:18:00.000000000,BEST_BID,"JPM,99086,209"
2019-06-28 15:18:00.000000000,BEST_ASK,"JPM,100287,286"
2019-06-28 15:18:00.000000000,LAST_TRADE,"5,$99086.0000"
2019-06-28 15:18:00.000000000,QUERY_SPREAD,90
2019-06-28 15:18:00.000000000,BEST_BID,"JPM,99086,205"
2019-06-28 15:18:00.000000000,BEST_ASK,"JPM,100287,286"
2019-06-28 15:18:00.000000000,LAST_TRADE,"4,$99086.0000"
2019-06-28 15:18:00.000000000,QUERY_SPREAD,91
2019-06-28 15:18:00.000000000,BEST_BID,"JPM,99086,202"
2019-06-28 15:18:00.000000000,BEST_ASK,"JPM,100287,286"
2019-06-28 15:18:00.000000000,LAST_TRADE,"3,$99086.0000"
2019-06-28 15:18:00.000000000,QUERY_SPREAD,92
2019-06-28 15:18:00.000000000,BEST_BID,"JPM,99086,197"
2019-06-28 15:18:00.000000000,BEST_ASK,"JPM,100287,286"
2019-06-28 15:18:00.000000000,LAST_TRADE,"5,$99086.0000"
2019-06-28 15:18:00.000000000,QUERY_SPREAD,93
2019-06-28 15:18:00.000000000,BEST_BID,"JPM,99086,190"
2019-06-28 15:18:00.000000000,BEST_ASK,"JPM,100287,286"
2019-06-28 15:18:00.000000000,LAST_TRADE,"7,$99086.0000"
2019-06-28 15:18:00.000000000,QUERY_SPREAD,94
2019-06-28 15:18:00.000000000,BEST_BID,"JPM,99086,189"
2019-06-28 15:18:00.000000000,BEST_ASK,"JPM,100287,286"
2019-06-28 15:18:00.000000000,LAST_TRADE,"1,$99086.0000"
2019-06-28 15:18:00.000000000,QUERY_SPREAD,95
2019-06-28 15:18:00.000000000,BEST_BID,"JPM,99086,188"
2019-06-28 15:18:00.000000000,BEST_ASK,"JPM,100287,286"
2019-06-28 15:18:00.000000000,LAST_TRADE,"1,$99086.0000"
2019-06-28 15:18:00.000000000,QUERY_SPREAD,96
2019-06-28 15:18:00.000000000,BEST_BID,"JPM,99086,184"
2019-06-28 15:18:00.000000000,BEST_ASK,"JPM,100287,286"
2019-06-28 15:18:00.000000000,LAST_TRADE,"4,$99086.0000"
2019-06-28 15:18:00.000000000,QUERY_SPREAD,97
2019-06-28 15:18:00.000000000,BEST_BID,"JPM,99086,181"
2019-06-28 15:18:00.000000000,BEST_ASK,"JPM,100287,286"
2019-06-28 15:18:00.000000000,LAST_TRADE,"3,$99086.0000"
2019-06-28 15:18:00.000000000,QUERY_SPREAD,98
2019-06-28 15:18:00.000000000,BEST_BID,"JPM,99086,176"
2019-06-28 15:18:00.000000000,BEST_ASK,"JPM,100287,286"
2019-06-28 15:18:00.000000000,LAST_TRADE,"5,$99086.0000"
2019-06-28 15:18:00.000000000,QUERY_SPREAD,99
2019-06-28 15:18:00.000000000,BEST_BID,"JPM,99086,172"
2019-06-28 15:18:00.000000000,BEST_ASK,"JPM,100287,286"
2019-06-28 15:18:00.000000000,LAST_TRADE,"4,$99086.0000"
2019-06-28 15:18:00.000000000,QUERY_SPREAD,100
2019-06-28 15:18:00.000000000,BEST_BID,"JPM,99086,167"
2019-06-28 15:18:00.000000000,BEST_ASK,"JPM,100287,286"
2019-06-28 15:18:00.000000000,LAST_TRADE,"5,$99086.0000"
2019-06-28 15:18:00.000000000,QUERY_SPREAD,101
2019-06-28 15:18:00.000000000,BEST_BID,"JPM,99086,166"
2019-06-28 15:18:00.000000000,BEST_ASK,"JPM,100287,286"
2019-06-28 15:18:00.000000000,LAST_TRADE,"1,$99086.0000"
2019-06-28 15:18:10.000000000,QUERY_SPREAD,1
2019-06-28 15:18:10.000000000,BEST_BID,"JPM,98547,193"
2019-06-28 15:18:10.000000000,BEST_ASK,"JPM,100287,100"
2019-06-28 15:18:10.000000000,BEST_BID,"JPM,98547,193"
2019-06-28 15:18:10.000000000,BEST_ASK,"JPM,100287,100"
2019-06-28 15:18:10.000000000,BEST_BID,"JPM,98547,193"
2019-06-28 15:18:10.000000000,BEST_ASK,"JPM,100287,193"
2019-06-28 15:18:10.000000000,BEST_BID,"JPM,98547,193"
2019-06-28 15:18:10.000000000,BEST_ASK,"JPM,100287,193"
2019-06-28 15:18:10.000000000,BEST_BID,"JPM,98547,193"
2019-06-28 15:18:10.000000000,BEST_ASK,"JPM,100287,193"
2019-06-28 15:18:10.000000000,BEST_BID,"JPM,98547,193"
2019-06-28 15:18:10.000000000,BEST_ASK,"JPM,100287,193"
2019-06-28 15:18:15.561939735,QUERY_SPREAD,14
2019-06-28 15:18:15.561939735,BEST_BID,"JPM,98547,193"
2019-06-28 15:18:15.561939735,BEST_ASK,"JPM,100267,100"
2019-06-28 15:18:18.102734591,QUERY_SPREAD,23
2019-06-28 15:18:18.102734591,BEST_BID,"JPM,100221,100"
2019-06-28 15:18:18.102734591,BEST_ASK,"JPM,100267,100"
2019-06-28 15:18:20.000000000,QUERY_SPREAD,1
2019-06-28 15:18:20.000000000,BEST_BID,"JPM,100221,174"
2019-06-28 15:18:20.000000000,BEST_ASK,"JPM,100267,100"
2019-06-28 15:18:20.000000000,BEST_BID,"JPM,100221,174"
2019-06-28 15:18:20.000000000,BEST_ASK,"JPM,100267,100"
2019-06-28 15:18:20.000000000,BEST_BID,"JPM,100221,174"
2019-06-28 15:18:20.000000000,BEST_ASK,"JPM,100267,100"
2019-06-28 15:18:20.000000000,BEST_BID,"JPM,100221,174"
2019-06-28 15:18:20.000000000,BEST_ASK,"JPM,100267,174"
2019-06-28 15:18:20.000000000,BEST_BID,"JPM,100221,174"
2019-06-28 15:18:20.000000000,BEST_ASK,"JPM,100267,174"
2019-06-28 15:18:20.000000000,BEST_BID,"JPM,100221,174"
2019-06-28 15:18:20.000000000,BEST_ASK,"JPM,100267,174"
2019-06-28 15:18:20.000000000,BEST_BID,"JPM,100221,174"
2019-06-28 15:18:20.000000000,BEST_ASK,"JPM,100267,174"
2019-06-28 15:18:20.000000000,BEST_BID,"JPM,100221,174"
2019-06-28 15:18:20.000000000,BEST_ASK,"JPM,100267,174"
2019-06-28 15:18:27.422172068,QUERY_ORDER_STREAM,52
2019-06-28 15:18:27.422172068,QUERY_SPREAD,52
2019-06-28 15:18:27.422172068,BEST_BID,"JPM,100221,174"
2019-06-28 15:18:27.422172068,BEST_ASK,"JPM,100267,174"
2019-06-28 15:18:30.000000000,QUERY_SPREAD,1
2019-06-28 15:18:30.000000000,BEST_BID,"JPM,100221,226"
2019-06-28 15:18:30.000000000,BEST_ASK,"JPM,100267,100"
2019-06-28 15:18:30.000000000,BEST_BID,"JPM,100221,226"
2019-06-28 15:18:30.000000000,BEST_ASK,"JPM,100267,100"
2019-06-28 15:18:30.000000000,BEST_BID,"JPM,100221,226"
2019-06-28 15:18:30.000000000,BEST_ASK,"JPM,100267,100"
2019-06-28 15:18:30.000000000,BEST_BID,"JPM,100221,226"
2019-06-28 15:18:30.000000000,BEST_ASK,"JPM,100267,226"
2019-06-28 15:18:30.000000000,BEST_BID,"JPM,100221,226"
2019-06-28 15:18:30.000000000,BEST_ASK,"JPM,100267,226"
2019-06-28 15:18:30.000000000,BEST_BID,"JPM,100221,226"
2019-06-28 15:18:30.000000000,BEST_ASK,"JPM,100267,226"
2019-06-28 15:18:40.000000000,QUERY_SPREAD,1
2019-06-28 15:18:40.000000000,BEST_BID,"JPM,100221,193"
2019-06-28 15:18:40.000000000,BEST_ASK,"JPM,100267,100"
2019-06-28 15:18:40.000000000,BEST_BID,"JPM,100221,193"
2019-06-28 15:18:40.000000000,BEST_ASK,"JPM,100267,100"
2019-06-28 15:18:40.000000000,BEST_BID,"JPM,100221,193"
2019-06-28 15:18:40.000000000,BEST_ASK,"JPM,100267,100"
2019-06-28 15:18:40.000000000,BEST_BID,"JPM,100221,193"
2019-06-28 15:18:40.000000000,BEST_ASK,"JPM,100267,100"
2019-06-28 15:18:40.000000000,BEST_BID,"JPM,100221,193"
2019-06-28 15:18:40.000000000,BEST_ASK,"JPM,100267,193"
2019-06-28 15:18:40.000000000,BEST_BID,"JPM,100221,193"
2019-06-28 15:18:40.000000000,BEST_ASK,"JPM,100267,193"
2019-06-28 15:18:40.000000000,BEST_BID,"JPM,100221,193"
2019-06-28 15:18:40.000000000,BEST_ASK,"JPM,100267,193"
2019-06-28 15:18:40.000000000,BEST_BID,"JPM,100221,193"
2019-06-28 15:18:40.000000000,BEST_ASK,"JPM,100267,193"
2019-06-28 15:18:50.000000000,QUERY_SPREAD,1
2019-06-28 15:18:50.000000000,BEST_BID,"JPM,100221,193"
2019-06-28 15:18:50.000000000,BEST_ASK,"JPM,100267,100"
2019-06-28 15:18:50.000000000,BEST_BID,"JPM,100221,193"
2019-06-28 15:18:50.000000000,BEST_ASK,"JPM,100267,100"
2019-06-28 15:18:50.000000000,BEST_BID,"JPM,100221,193"
2019-06-28 15:18:50.000000000,BEST_ASK,"JPM,100267,100"
2019-06-28 15:18:50.000000000,BEST_BID,"JPM,100221,193"
2019-06-28 15:18:50.000000000,BEST_ASK,"JPM,100267,100"
2019-06-28 15:18:50.000000000,BEST_BID,"JPM,100221,193"
2019-06-28 15:18:50.000000000,BEST_ASK,"JPM,100267,193"
2019-06-28 15:18:50.000000000,BEST_BID,"JPM,100221,193"
2019-06-28 15:18:50.000000000,BEST_ASK,"JPM,100267,193"
2019-06-28 15:18:50.000000000,BEST_BID,"JPM,100221,193"
2019-06-28 15:18:50.000000000,BEST_ASK,"JPM,100267,193"
2019-06-28 15:18:50.000000000,BEST_BID,"JPM,100221,193"
2019-06-28 15:18:50.000000000,BEST_ASK,"JPM,100267,193"
2019-06-28 15:18:55.352570270,QUERY_ORDER_STREAM,72
2019-06-28 15:18:55.352570270,QUERY_SPREAD,72
2019-06-28 15:19:00.000000000,QUERY_SPREAD,1
2019-06-28 15:19:00.000000000,BEST_BID,"JPM,100221,174"
2019-06-28 15:19:00.000000000,BEST_ASK,"JPM,100267,100"
2019-06-28 15:19:00.000000000,BEST_BID,"JPM,100221,174"
2019-06-28 15:19:00.000000000,BEST_ASK,"JPM,100267,100"
2019-06-28 15:19:00.000000000,BEST_BID,"JPM,100221,174"
2019-06-28 15:19:00.000000000,BEST_ASK,"JPM,100267,100"
2019-06-28 15:19:00.000000000,BEST_BID,"JPM,100221,174"
2019-06-28 15:19:00.000000000,BEST_ASK,"JPM,100267,100"
2019-06-28 15:19:00.000000000,BEST_BID,"JPM,100221,174"
2019-06-28 15:19:00.000000000,BEST_ASK,"JPM,100267,174"
2019-06-28 15:19:00.000000000,BEST_BID,"JPM,100221,174"
2019-06-28 15:19:00.000000000,BEST_ASK,"JPM,100267,174"
2019-06-28 15:19:00.000000000,BEST_BID,"JPM,100221,174"
2019-06-28 15:19:00.000000000,BEST_ASK,"JPM,100267,174"
2019-06-28 15:19:00.000000000,BEST_BID,"JPM,100221,174"
2019-06-28 15:19:00.000000000,BEST_ASK,"JPM,100267,174"
2019-06-28 15:19:00.000000000,BEST_BID,"JPM,100221,174"
2019-06-28 15:19:00.000000000,BEST_ASK,"JPM,100267,174"
2019-06-28 15:19:00.000000000,QUERY_SPREAD,77
2019-06-28 15:19:00.000000000,BEST_BID,"JPM,100221,169"
2019-06-28 15:19:00.000000000,BEST_ASK,"JPM,100267,174"
2019-06-28 15:19:00.000000000,LAST_TRADE,"5,$100221.0000"
2019-06-28 15:19:00.000000000,QUERY_SPREAD,78
2019-06-28 15:19:00.000000000,BEST_BID,"JPM,100221,161"
2019-06-28 15:19:00.000000000,BEST_ASK,"JPM,100267,174"
2019-06-28 15:19:00.000000000,LAST_TRADE,"8,$100221.0000"
2019-06-28 15:19:00.000000000,QUERY_SPREAD,79
2019-06-28 15:19:00.000000000,BEST_BID,"JPM,100221,156"
2019-06-28 15:19:00.000000000,BEST_ASK,"JPM,100267,174"
2019-06-28 15:19:00.000000000,LAST_TRADE,"5,$100221.0000"
2019-06-28 15:19:00.000000000,QUERY_SPREAD,80
2019-06-28 15:19:00.000000000,BEST_BID,"JPM,100221,148"
2019-06-28 15:19:00.000000000,BEST_ASK,"JPM,100267,174"
2019-06-28 15:19:00.000000000,LAST_TRADE,"8,$100221.0000"
2019-06-28 15:19:00.000000000,QUERY_SPREAD,81
2019-06-28 15:19:00.000000000,BEST_BID,"JPM,100221,139"
2019-06-28 15:19:00.000000000,BEST_ASK,"JPM,100267,174"
2019-06-28 15:19:00.000000000,LAST_TRADE,"9,$100221.0000"
2019-06-28 15:19:00.000000000,QUERY_SPREAD,82
2019-06-28 15:19:00.000000000,BEST_BID,"JPM,100221,136"
2019-06-28 15:19:00.000000000,BEST_ASK,"JPM,100267,174"
2019-06-28 15:19:00.000000000,LAST_TRADE,"3,$100221.0000"
2019-06-28 15:19:00.000000000,QUERY_SPREAD,83
2019-06-28 15:19:00.000000000,BEST_BID,"JPM,100221,128"
2019-06-28 15:19:00.000000000,BEST_ASK,"JPM,100267,174"
2019-06-28 15:19:00.000000000,LAST_TRADE,"8,$100221.0000"
2019-06-28 15:19:00.000000000,QUERY_SPREAD,84
2019-06-28 15:19:00.000000000,BEST_BID,"JPM,100221,124"
2019-06-28 15:19:00.000000000,BEST_ASK,"JPM,100267,174"
2019-06-28 15:19:00.000000000,LAST_TRADE,"4,$100221.0000"
2019-06-28 15:19:00.000000000,QUERY_SPREAD,85
2019-06-28 15:19:00.000000000,BEST_BID,"JPM,100221,119"
2019-06-28 15:19:00.000000000,BEST_ASK,"JPM,100267,174"
2019-06-28 15:19:00.000000000,LAST_TRADE,"5,$100221.0000"
2019-06-28 15:19:00.000000000,QUERY_SPREAD,86
2019-06-28 15:19:00.000000000,BEST_BID,"JPM,100221,117"
2019-06-28 15:19:00.000000000,BEST_ASK,"JPM,100267,174"
2019-06-28 15:19:00.000000000,LAST_TRADE,"2,$100221.0000"
2019-06-28 15:19:00.000000000,QUERY_SPREAD,87
2019-06-28 15:19:00.000000000,BEST_BID,"JPM,100221,110"
2019-06-28 15:19:00.000000000,BEST_ASK,"JPM,100267,174"
2019-06-28 15:19:00.000000000,LAST_TRADE,"7,$100221.0000"
2019-06-28 15:19:00.000000000,QUERY_SPREAD,88
2019-06-28 15:19:00.000000000,BEST_BID,"JPM,100221,102"
2019-06-28 15:19:00.000000000,BEST_ASK,"JPM,100267,174"
2019-06-28 15:19:00.000000000,LAST_TRADE,"8,$100221.0000"
2019-06-28 15:19:00.000000000,QUERY_SPREAD,89
2019-06-28 15:19:00.000000000,BEST_BID,"JPM,100221,97"
2019-06-28 15:19:00.000000000,BEST_ASK,"JPM,100267,174"
2019-06-28 15:19:00.000000000,LAST_TRADE,"5,$100221.0000"
2019-06-28 15:19:00.000000000,QUERY_SPREAD,90
2019-06-28 15:19:00.000000000,BEST_BID,"JPM,100221,93"
2019-06-28 15:19:00.000000000,BEST_ASK,"JPM,100267,174"
2019-06-28 15:19:00.000000000,LAST_TRADE,"4,$100221.0000"
2019-06-28 15:19:00.000000000,QUERY_SPREAD,91
2019-06-28 15:19:00.000000000,BEST_BID,"JPM,100221,90"
2019-06-28 15:19:00.000000000,BEST_ASK,"JPM,100267,174"
2019-06-28 15:19:00.000000000,LAST_TRADE,"3,$100221.0000"
2019-06-28 15:19:00.000000000,QUERY_SPREAD,92
2019-06-28 15:19:00.000000000,BEST_BID,"JPM,100221,85"
2019-06-28 15:19:00.000000000,BEST_ASK,"JPM,100267,174"
2019-06-28 15:19:00.000000000,LAST_TRADE,"5,$100221.0000"
2019-06-28 15:19:00.000000000,QUERY_SPREAD,93
2019-06-28 15:19:00.000000000,BEST_BID,"JPM,100221,78"
2019-06-28 15:19:00.000000000,BEST_ASK,"JPM,100267,174"
2019-06-28 15:19:00.000000000,LAST_TRADE,"7,$100221.0000"
2019-06-28 15:19:00.000000000,QUERY_SPREAD,94
2019-06-28 15:19:00.000000000,BEST_BID,"JPM,100221,77"
2019-06-28 15:19:00.000000000,BEST_ASK,"JPM,100267,174"
2019-06-28 15:19:00.000000000,LAST_TRADE,"1,$100221.0000"
2019-06-28 15:19:00.000000000,QUERY_SPREAD,95
2019-06-28 15:19:00.000000000,BEST_BID,"JPM,100221,76"
2019-06-28 15:19:00.000000000,BEST_ASK,"JPM,100267,174"
2019-06-28 15:19:00.000000000,LAST_TRADE,"1,$100221.0000"
2019-06-28 15:19:00.000000000,QUERY_SPREAD,96
2019-06-28 15:19:00.000000000,BEST_BID,"JPM,100221,72"
2019-06-28 15:19:00.000000000,BEST_ASK,"JPM,100267,174"
2019-06-28 15:19:00.000000000,LAST_TRADE,"4,$100221.0000"
2019-06-28 15:19:00.000000000,QUERY_SPREAD,97
2019-06-28 15:19:00.000000000,BEST_BID,"JPM,100221,69"
2019-06-28 15:19:00.000000000,BEST_ASK,"JPM,100267,174"
2019-06-28 15:19:00.000000000,LAST_TRADE,"3,$100221.0000"
2019-06-28 15:19:00.000000000,QUERY_SPREAD,98
2019-06-28 15:19:00.000000000,BEST_BID,"JPM,100221,64"
2019-06-28 15:19:00.000000000,BEST_ASK,"JPM,100267,174"
2019-06-28 15:19:00.000000000,LAST_TRADE,"5,$100221.0000"
2019-06-28 15:19:00.000000000,QUERY_SPREAD,99
2019-06-28 15:19:00.000000000,BEST_BID,"JPM,100221,60"
2019-06-28 15:19:00.000000000,BEST_ASK,"JPM,100267,174"
2019-06-28 15:19:00.000000000,LAST_TRADE,"4,$100221.0000"
2019-06-28 15:19:00.000000000,QUERY_SPREAD,100
2019-06-28 15:19:00.000000000,BEST_BID,"JPM,100221,55"
2019-06-28 15:19:00.000000000,BEST_ASK,"JPM,100267,174"
2019-06-28 15:19:00.000000000,LAST_TRADE,"5,$100221.0000"
2019-06-28 15:19:00.000000000,QUERY_SPREAD,101
2019-06-28 15:19:00.000000000,BEST_BID,"JPM,100221,54"
2019-06-28 15:19:00.000000000,BEST_ASK,"JPM,100267,174"
2019-06-28 15:19:00.000000000,LAST_TRADE,"1,$100221.0000"
2019-06-28 15:19:08.466906457,QUERY_SPREAD,45
2019-06-28 15:19:08.466906457,BEST_BID,"JPM,100221,54"
2019-06-28 15:19:08.466906457,BEST_ASK,"JPM,100267,174"
2019-06-28 15:19:10.000000000,QUERY_SPREAD,1
2019-06-28 15:19:10.000000000,BEST_BID,"JPM,99321,226"
2019-06-28 15:19:10.000000000,BEST_ASK,"JPM,100267,100"
2019-06-28 15:19:10.000000000,BEST_BID,"JPM,99321,226"
2019-06-28 15:19:10.000000000,BEST_ASK,"JPM,100267,100"
2019-06-28 15:19:10.000000000,BEST_BID,"JPM,99321,226"
2019-06-28 15:19:10.000000000,BEST_ASK,"JPM,100267,100"
2019-06-28 15:19:10.000000000,BEST_BID,"JPM,99321,226"
2019-06-28 15:19:10.000000000,BEST_ASK,"JPM,100267,226"
2019-06-28 15:19:10.000000000,BEST_BID,"JPM,99321,226"
2019-06-28 15:19:10.000000000,BEST_ASK,"JPM,100267,226"
2019-06-28 15:19:10.000000000,BEST_BID,"JPM,99321,226"
2019-06-28 15:19:10.000000000,BEST_ASK,"JPM,100267,226"
2019-06-28 15:19:20.000000000,QUERY_SPREAD,1
2019-06-28 15:19:20.000000000,BEST_BID,"JPM,99321,286"
2019-06-28 15:19:20.000000000,BEST_ASK,"JPM,100267,100"
2019-06-28 15:19:20.000000000,BEST_BID,"JPM,99321,286"
2019-06-28 15:19:20.000000000,BEST_ASK,"JPM,100267,100"
2019-06-28 15:19:20.000000000,BEST_BID,"JPM,99321,286"
2019-06-28 15:19:20.000000000,BEST_ASK,"JPM,100267,286"
2019-06-28 15:19:20.000000000,BEST_BID,"JPM,99321,286"
2019-06-28 15:19:20.000000000,BEST_ASK,"JPM,100267,286"
2019-06-28 15:19:30.000000000,QUERY_SPREAD,1
2019-06-28 15:19:30.000000000,BEST_BID,"JPM,99321,226"
2019-06-28 15:19:30.000000000,BEST_ASK,"JPM,100267,100"
2019-06-28 15:19:30.000000000,BEST_BID,"JPM,99321,226"
2019-06-28 15:19:30.000000000,BEST_ASK,"JPM,100267,100"
2019-06-28 15:19:30.000000000,BEST_BID,"JPM,99321,226"
2019-06-28 15:19:30.000000000,BEST_ASK,"JPM,100267,100"
2019-06-28 15:19:30.000000000,BEST_BID,"JPM,99321,226"
2019-06-28 15:19:30.000000000,BEST_ASK,"JPM,100267,226"
2019-06-28 15:19:30.000000000,BEST_BID,"JPM,99321,226"
2019-06-28 15:19:30.000000000,BEST_ASK,"JPM,100267,226"
2019-06-28 15:19:30.000000000,BEST_BID,"JPM,99321,226"
2019-06-28 15:19:30.000000000,BEST_ASK,"JPM,100267,226"
2019-06-28 15:19:40.000000000,QUERY_SPREAD,1
2019-06-28 15:19:40.000000000,BEST_BID,"JPM,99321,286"
2019-06-28 15:19:40.000000000,BEST_ASK,"JPM,100267,100"
2019-06-28 15:19:40.000000000,BEST_BID,"JPM,99321,286"
2019-06-28 15:19:40.000000000,BEST_ASK,"JPM,100267,100"
2019-06-28 15:19:40.000000000,BEST_BID,"JPM,99321,286"
2019-06-28 15:19:40.000000000,BEST_ASK,"JPM,100267,286"
2019-06-28 15:19:40.000000000,BEST_BID,"JPM,99321,286"
2019-06-28 15:19:40.000000000,BEST_ASK,"JPM,100267,286"
2019-06-28 15:19:42.184846945,QUERY_SPREAD,27
2019-06-28 15:19:42.184846945,BEST_BID,"JPM,99321,286"
2019-06-28 15:19:42.184846945,BEST_ASK,"JPM,99645,100"
2019-06-28 15:19:50.000000000,QUERY_SPREAD,1
2019-06-28 15:19:50.000000000,BEST_BID,"JPM,99321,471"
2019-06-28 15:19:50.000000000,BEST_ASK,"JPM,99645,100"
2019-06-28 15:19:50.000000000,BEST_BID,"JPM,99321,471"
2019-06-28 15:19:50.000000000,BEST_ASK,"JPM,99645,471"
2019-06-28 15:19:50.683938111,QUERY_SPREAD,18
2019-06-28 15:19:50.683938111,BEST_BID,"JPM,99321,371"
2019-06-28 15:19:50.683938111,BEST_ASK,"JPM,99645,471"
2019-06-28 15:19:50.683938111,LAST_TRADE,"100,$99321.0000"
2019-06-28 15:19:58.588864830,QUERY_ORDER_STREAM,72
2019-06-28 15:19:58.588864830,QUERY_SPREAD,72
2019-06-28 15:19:58.588864830,BEST_BID,"JPM,99321,371"
2019-06-28 15:19:58.588864830,BEST_ASK,"JPM,99644,100"
2019-06-28 15:20:00.000000000,QUERY_SPREAD,1
2019-06-28 15:20:00.000000000,BEST_BID,"JPM,99086,174"
2019-06-28 15:20:00.000000000,BEST_ASK,"JPM,99644,100"
2019-06-28 15:20:00.000000000,BEST_BID,"JPM,99086,174"
2019-06-28 15:20:00.000000000,BEST_ASK,"JPM,99644,100"
2019-06-28 15:20:00.000000000,BEST_BID,"JPM,99086,174"
2019-06-28 15:20:00.000000000,BEST_ASK,"JPM,99644,100"
2019-06-28 15:20:00.000000000,BEST_BID,"JPM,99086,174"
2019-06-28 15:20:00.000000000,BEST_ASK,"JPM,99644,174"
2019-06-28 15:20:00.000000000,BEST_BID,"JPM,99086,174"
2019-06-28 15:20:00.000000000,BEST_ASK,"JPM,99644,174"
2019-06-28 15:20:00.000000000,BEST_BID,"JPM,99086,174"
2019-06-28 15:20:00.000000000,BEST_ASK,"JPM,99644,174"
2019-06-28 15:20:00.000000000,BEST_BID,"JPM,99086,174"
2019-06-28 15:20:00.000000000,BEST_ASK,"JPM,99644,174"
2019-06-28 15:20:00.000000000,BEST_BID,"JPM,99086,174"
2019-06-28 15:20:00.000000000,BEST_ASK,"JPM,99644,174"
2019-06-28 15:20:00.000000000,QUERY_SPREAD,77
2019-06-28 15:20:00.000000000,BEST_BID,"JPM,99086,169"
2019-06-28 15:20:00.000000000,BEST_ASK,"JPM,99644,174"
2019-06-28 15:20:00.000000000,LAST_TRADE,"5,$99086.0000"
2019-06-28 15:20:00.000000000,QUERY_SPREAD,78
2019-06-28 15:20:00.000000000,BEST_BID,"JPM,99086,161"
2019-06-28 15:20:00.000000000,BEST_ASK,"JPM,99644,174"
2019-06-28 15:20:00.000000000,LAST_TRADE,"8,$99086.0000"
2019-06-28 15:20:00.000000000,QUERY_SPREAD,79
2019-06-28 15:20:00.000000000,BEST_BID,"JPM,99086,156"
2019-06-28 15:20:00.000000000,BEST_ASK,"JPM,99644,174"
2019-06-28 15:20:00.000000000,LAST_TRADE,"5,$99086.0000"
2019-06-28 15:20:00.000000000,QUERY_SPREAD,80
2019-06-28 15:20:00.000000000,BEST_BID,"JPM,99086,148"
2019-06-28 15:20:00.000000000,BEST_ASK,"JPM,99644,174"
2019-06-28 15:20:00.000000000,LAST_TRADE,"8,$99086.0000"
2019-06-28 15:20:00.000000000,QUERY_SPREAD,81
2019-06-28 15:20:00.000000000,BEST_BID,"JPM,99086,139"
2019-06-28 15:20:00.000000000,BEST_ASK,"JPM,99644,174"
2019-06-28 15:20:00.000000000,LAST_TRADE,"9,$99086.0000"
2019-06-28 15:20:00.000000000,QUERY_SPREAD,82
2019-06-28 15:20:00.000000000,BEST_BID,"JPM,99086,136"
2019-06-28 15:20:00.000000000,BEST_ASK,"JPM,99644,174"
2019-06-28 15:20:00.000000000,LAST_TRADE,"3,$99086.0000"
2019-06-28 15:20:00.000000000,QUERY_SPREAD,83
2019-06-28 15:20:00.000000000,BEST_BID,"JPM,99086,128"
2019-06-28 15:20:00.000000000,BEST_ASK,"JPM,99644,174"
2019-06-28 15:20:00.000000000,LAST_TRADE,"8,$99086.0000"
2019-06-28 15:20:00.000000000,QUERY_SPREAD,84
2019-06-28 15:20:00.000000000,BEST_BID,"JPM,99086,124"
2019-06-28 15:20:00.000000000,BEST_ASK,"JPM,99644,174"
2019-06-28 15:20:00.000000000,LAST_TRADE,"4,$99086.0000"
2019-06-28 15:20:00.000000000,QUERY_SPREAD,85
2019-06-28 15:20:00.000000000,BEST_BID,"JPM,99086,119"
2019-06-28 15:20:00.000000000,BEST_ASK,"JPM,99644,174"
2019-06-28 15:20:00.000000000,LAST_TRADE,"5,$99086.0000"
2019-06-28 15:20:00.000000000,QUERY_SPREAD,86
2019-06-28 15:20:00.000000000,BEST_BID,"JPM,99086,117"
2019-06-28 15:20:00.000000000,BEST_ASK,"JPM,99644,174"
2019-06-28 15:20:00.000000000,LAST_TRADE,"2,$99086.0000"
2019-06-28 15:20:00.000000000,QUERY_SPREAD,87
2019-06-28 15:20:00.000000000,BEST_BID,"JPM,99086,110"
2019-06-28 15:20:00.000000000,BEST_ASK,"JPM,99644,174"
2019-06-28 15:20:00.000000000,LAST_TRADE,"7,$99086.0000"
2019-06-28 15:20:00.000000000,QUERY_SPREAD,88
2019-06-28 15:20:00.000000000,BEST_BID,"JPM,99086,102"
2019-06-28 15:20:00.000000000,BEST_ASK,"JPM,99644,174"
2019-06-28 15:20:00.000000000,LAST_TRADE,"8,$99086.0000"
2019-06-28 15:20:00.000000000,QUERY_SPREAD,89
2019-06-28 15:20:00.000000000,BEST_BID,"JPM,99086,97"
2019-06-28 15:20:00.000000000,BEST_ASK,"JPM,99644,174"
2019-06-28 15:20:00.000000000,LAST_TRADE,"5,$99086.0000"
2019-06-28 15:20:00.000000000,QUERY_SPREAD,90
2019-06-28 15:20:00.000000000,BEST_BID,"JPM,99086,93"
2019-06-28 15:20:00.000000000,BEST_ASK,"JPM,99644,174"
2019-06-28 15:20:00.000000000,LAST_TRADE,"4,$99086.0000"
2019-06-28 15:20:00.000000000,QUERY_SPREAD,91
2019-06-28 15:20:00.000000000,BEST_BID,"JPM,99086,90"
2019-06-28 15:20:00.000000000,BEST_ASK,"JPM,99644,174"
2019-06-28 15:20:00.000000000,LAST_TRADE,"3,$99086.0000"
2019-06-28 15:20:00.000000000,QUERY_SPREAD,92
2019-06-28 15:20:00.000000000,BEST_BID,"JPM,99086,85"
2019-06-28 15:20:00.000000000,BEST_ASK,"JPM,99644,174"
2019-06-28 15:20:00.000000000,LAST_TRADE,"5,$99086.0000"
2019-06-28 15:20:00.000000000,QUERY_SPREAD,93
2019-06-28 15:20:00.000000000,BEST_BID,"JPM,99086,78"
2019-06-28 15:20:00.000000000,BEST_ASK,"JPM,99644,174"
2019-06-28 15:20:00.000000000,LAST_TRADE,"7,$99086.0000"
2019-06-28 15:20:00.000000000,QUERY_SPREAD,94
2019-06-28 15:20:00.000000000,BEST_BID,"JPM,99086,77"
2019-06-28 15:20:00.000000000,BEST_ASK,"JPM,99644,174"
2019-06-28 15:20:00.000000000,LAST_TRADE,"1,$99086.0000"
2019-06-28 15:20:00.000000000,QUERY_SPREAD,95
2019-06-28 15:20:00.000000000,BEST_BID,"JPM,99086,76"
2019-06-28 15:20:00.000000000,BEST_ASK,"JPM,99644,174"
2019-06-28 15:20:00.000000000,LAST_TRADE,"1,$99086.0000"
2019-06-28 15:20:00.000000000,QUERY_SPREAD,96
2019-06-28 15:20:00.000000000,BEST_BID,"JPM,99086,72"
2019-06-28 15:20:00.000000000,BEST_ASK,"JPM,99644,174"
2019-06-28 15:20:00.000000000,LAST_TRADE,"4,$99086.0000"
2019-06-28 15:20:00.000000000,QUERY_SPREAD,97
2019-06-28 15:20:00.000000000,BEST_BID,"JPM,99086,69"
2019-06-28 15:20:00.000000000,BEST_ASK,"JPM,99644,174"
2019-06-28 15:20:00.000000000,LAST_TRADE,"3,$99086.0000"
2019-06-28 15:20:00.000000000,QUERY_SPREAD,98
2019-06-28 15:20:00.000000000,BEST_BID,"JPM,99086,64"
2019-06-28 15:20:00.000000000,BEST_ASK,"JPM,99644,174"
2019-06-28 15:20:00.000000000,LAST_TRADE,"5,$99086.0000"
2019-06-28 15:20:00.000000000,QUERY_SPREAD,99
2019-06-28 15:20:00.000000000,BEST_BID,"JPM,99086,60"
2019-06-28 15:20:00.000000000,BEST_ASK,"JPM,99644,174"
2019-06-28 15:20:00.000000000,LAST_TRADE,"4,$99086.0000"
2019-06-28 15:20:00.000000000,QUERY_SPREAD,100
2019-06-28 15:20:00.000000000,BEST_BID,"JPM,99086,55"
2019-06-28 15:20:00.000000000,BEST_ASK,"JPM,99644,174"
2019-06-28 15:20:00.000000000,LAST_TRADE,"5,$99086.0000"
2019-06-28 15:20:00.000000000,QUERY_SPREAD,101
2019-06-28 15:20:00.000000000,BEST_BID,"JPM,99086,54"
2019-06-28 15:20:00.000000000,BEST_ASK,"JPM,99644,174"
2019-06-28 15:20:00.000000000,LAST_TRADE,"1,$99086.0000"
2019-06-28 15:20:10.000000000,QUERY_SPREAD,1
2019-06-28 15:20:10.000000000,BEST_BID,"JPM,98547,193"
2019-06-28 15:20:10.000000000,BEST_ASK,"JPM,99644,100"
2019-06-28 15:20:10.000000000,BEST_BID,"JPM,98547,193"
2019-06-28 15:20:10.000000000,BEST_ASK,"JPM,99644,100"
2019-06-28 15:20:10.000000000,BEST_BID,"JPM,98547,193"
2019-06-28 15:20:10.000000000,BEST_ASK,"JPM,99644,193"
2019-06-28 15:20:10.000000000,BEST_BID,"JPM,98547,193"
2019-06-28 15:20:10.000000000,BEST_ASK,"JPM,99644,193"
2019-06-28 15:20:10.000000000,BEST_BID,"JPM,98547,193"
2019-06-28 15:20:10.000000000,BEST_ASK,"JPM,99644,193"
2019-06-28 15:20:10.000000000,BEST_BID,"JPM,98547,193"
2019-06-28 15:20:10.000000000,BEST_ASK,"JPM,99644,193"
2019-06-28 15:20:19.160395425,QUERY_SPREAD,25
2019-06-28 15:20:19.160395425,BEST_BID,"JPM,99052,100"
2019-06-28 15:20:19.160395425,BEST_ASK,"JPM,99644,193"
2019-06-28 15:20:20.000000000,QUERY_SPREAD,1
2019-06-28 15:20:20.000000000,BEST_BID,"JPM,99052,193"
2019-06-28 15:20:20.000000000,BEST_ASK,"JPM,99644,100"
2019-06-28 15:20:20.000000000,BEST_BID,"JPM,99052,193"
2019-06-28 15:20:20.000000000,BEST_ASK,"JPM,99644,100"
2019-06-28 15:20:20.000000000,BEST_BID,"JPM,99052,193"
2019-06-28 15:20:20.000000000,BEST_ASK,"JPM,99644,100"
2019-06-28 15:20:20.000000000,BEST_BID,"JPM,99052,193"
2019-06-28 15:20:20.000000000,BEST_ASK,"JPM,99644,193"
2019-06-28 15:20:20.000000000,BEST_BID,"JPM,99052,193"
2019-06-28 15:20:20.000000000,BEST_ASK,"JPM,99644,193"
2019-06-28 15:20:20.000000000,BEST_BID,"JPM,99052,193"
2019-06-28 15:20:20.000000000,BEST_ASK,"JPM,99644,193"
2019-06-28 15:20:20.000000000,BEST_BID,"JPM,99052,193"
2019-06-28 15:20:20.000000000,BEST_ASK,"JPM,99644,193"
2019-06-28 15:20:30.000000000,QUERY_SPREAD,1
2019-06-28 15:20:30.000000000,BEST_BID,"JPM,99052,471"
2019-06-28 15:20:30.000000000,BEST_ASK,"JPM,99644,100"
2019-06-28 15:20:30.000000000,BEST_BID,"JPM,99052,471"
2019-06-28 15:20:30.000000000,BEST_ASK,"JPM,99644,471"
2019-06-28 15:20:33.332257650,QUERY_SPREAD,19
2019-06-28 15:20:33.332257650,BEST_BID,"JPM,99380,100"
2019-06-28 15:20:33.332257650,BEST_ASK,"JPM,99644,471"
2019-06-28 15:20:40.000000000,QUERY_SPREAD,1
2019-06-28 15:20:40.000000000,BEST_BID,"JPM,99380,471"
2019-06-28 15:20:40.000000000,BEST_ASK,"JPM,99644,100"
2019-06-28 15:20:40.000000000,BEST_BID,"JPM,99380,471"
2019-06-28 15:20:40.000000000,BEST_ASK,"JPM,99644,471"
2019-06-28 15:20:44.270319416,QUERY_ORDER_STREAM,64
2019-06-28 15:20:44.270319416,QUERY_SPREAD,64
2019-06-28 15:20:44.270319416,BEST_BID,"JPM,99380,471"
2019-06-28 15:20:44.270319416,BEST_ASK,"JPM,99644,471"
2019-06-28 15:20:45.575311961,QUERY_SPREAD,45
2019-06-28 15:20:45.575311961,BEST_BID,"JPM,99380,471"
2019-06-28 15:20:45.575311961,BEST_ASK,"JPM,99644,471"
2019-06-28 15:20:48.723330383,QUERY_SPREAD,18
2019-06-28 15:20:48.723330383,BEST_BID,"JPM,99380,471"
2019-06-28 15:20:48.723330383,BEST_ASK,"JPM,99644,371"
2019-06-28 15:20:48.723330383,LAST_TRADE,"100,$99644.0000"
2019-06-28 15:20:50.000000000,QUERY_SPREAD,1
2019-06-28 15:20:50.000000000,BEST_BID,"JPM,99380,226"
2019-06-28 15:20:50.000000000,BEST_ASK,"JPM,99645,100"
2019-06-28 15:20:50.000000000,BEST_BID,"JPM,99380,226"
2019-06-28 15:20:50.000000000,BEST_ASK,"JPM,99645,100"
2019-06-28 15:20:50.000000000,BEST_BID,"JPM,99380,226"
2019-06-28 15:20:50.000000000,BEST_ASK,"JPM,99645,100"
2019-06-28 15:20:50.000000000,BEST_BID,"JPM,99380,226"
2019-06-28 15:20:50.000000000,BEST_ASK,"JPM,99645,226"
2019-06-28 15:20:50.000000000,BEST_BID,"JPM,99380,226"
2019-06-28 15:20:50.000000000,BEST_ASK,"JPM,99645,226"
2019-06-28 15:20:50.000000000,BEST_BID,"JPM,99380,226"
2019-06-28 15:20:50.000000000,BEST_ASK,"JPM,99645,226"
2019-06-28 15:20:52.184845130,QUERY_ORDER_STREAM,73
2019-06-28 15:20:52.184845130,QUERY_SPREAD,73
2019-06-28 15:20:56.353675327,QUERY_SPREAD,46
2019-06-28 15:20:56.353675327,BEST_BID,"JPM,99380,226"
2019-06-28 15:20:56.353675327,BEST_ASK,"JPM,99645,226"
2019-06-28 15:20:56.743090279,QUERY_ORDER_STREAM,76
2019-06-28 15:20:56.743090279,QUERY_SPREAD,76
2019-06-28 15:21:00.000000000,QUERY_SPREAD,1
2019-06-28 15:21:00.000000000,BEST_BID,"JPM,99380,174"
2019-06-28 15:21:00.000000000,BEST_ASK,"JPM,99645,100"
2019-06-28 15:21:00.000000000,BEST_BID,"JPM,99380,174"
2019-06-28 15:21:00.000000000,BEST_ASK,"JPM,99645,100"
2019-06-28 15:21:00.000000000,BEST_BID,"JPM,99380,174"
2019-06-28 15:21:00.000000000,BEST_ASK,"JPM,99645,100"
2019-06-28 15:21:00.000000000,BEST_BID,"JPM,99380,174"
2019-06-28 15:21:00.000000000,BEST_ASK,"JPM,99645,100"
2019-06-28 15:21:00.000000000,BEST_BID,"JPM,99380,174"
2019-06-28 15:21:00.000000000,BEST_ASK,"JPM,99645,100"
2019-06-28 15:21:00.000000000,BEST_BID,"JPM,99380,174"
2019-06-28 15:21:00.000000000,BEST_ASK,"JPM,99645,174"
2019-06-28 15:21:00.000000000,BEST_BID,"JPM,99380,174"
2019-06-28 15:21:00.000000000,BEST_ASK,"JPM,99645,174"
2019-06-28 15:21:00.000000000,BEST_BID,"JPM,99380,174"
2019-06-28 15:21:00.000000000,BEST_ASK,"JPM,99645,174"
2019-06-28 15:21:00.000000000,BEST_BID,"JPM,99380,174"
2019-06-28 15:21:00.000000000,BEST_ASK,"JPM,99645,174"
2019-06-28 15:21:00.000000000,BEST_BID,"JPM,99380,174"
2019-06-28 15:21:00.000000000,BEST_ASK,"JPM,99645,174"
2019-06-28 15:21:00.000000000,QUERY_SPREAD,77
2019-06-28 15:21:00.000000000,BEST_BID,"JPM,99380,169"
2019-06-28 15:21:00.000000000,BEST_ASK,"JPM,99645,174"
2019-06-28 15:21:00.000000000,LAST_TRADE,"5,$99380.0000"
2019-06-28 15:21:00.000000000,QUERY_SPREAD,78
2019-06-28 15:21:00.000000000,BEST_BID,"JPM,99380,161"
2019-06-28 15:21:00.000000000,BEST_ASK,"JPM,99645,174"
2019-06-28 15:21:00.000000000,LAST_TRADE,"8,$99380.0000"
2019-06-28 15:21:00.000000000,QUERY_SPREAD,79
2019-06-28 15:21:00.000000000,BEST_BID,"JPM,99380,156"
2019-06-28 15:21:00.000000000,BEST_ASK,"JPM,99645,174"
2019-06-28 15:21:00.000000000,LAST_TRADE,"5,$99380.0000"
2019-06-28 15:21:00.000000000,QUERY_SPREAD,80
2019-06-28 15:21:00.000000000,BEST_BID,"JPM,99380,148"
2019-06-28 15:21:00.000000000,BEST_ASK,"JPM,99645,174"
2019-06-28 15:21:00.000000000,LAST_TRADE,"8,$99380.0000"
2019-06-28 15:21:00.000000000,QUERY_SPREAD,81
2019-06-28 15:21:00.000000000,BEST_BID,"JPM,99380,139"
2019-06-28 15:21:00.000000000,BEST_ASK,"JPM,99645,174"
2019-06-28 15:21:00.000000000,LAST_TRADE,"9,$99380.0000"
2019-06-28 15:21:00.000000000,QUERY_SPREAD,82
2019-06-28 15:21:00.000000000,BEST_BID,"JPM,99380,136"
2019-06-28 15:21:00.000000000,BEST_ASK,"JPM,99645,174"
2019-06-28 15:21:00.000000000,LAST_TRADE,"3,$99380.0000"
2019-06-28 15:21:00.000000000,QUERY_SPREAD,83
2019-06-28 15:21:00.000000000,BEST_BID,"JPM,99380,128"
2019-06-28 15:21:00.000000000,BEST_ASK,"JPM,99645,174"
2019-06-28 15:21:00.000000000,LAST_TRADE,"8,$99380.0000"
2019-06-28 15:21:00.000000000,QUERY_SPREAD,84
2019-06-28 15:21:00.000000000,BEST_BID,"JPM,99380,124"
2019-06-28 15:21:00.000000000,BEST_ASK,"JPM,99645,174"
2019-06-28 15:21:00.000000000,LAST_TRADE,"4,$99380.0000"
2019-06-28 15:21:00.000000000,QUERY_SPREAD,85
2019-06-28 15:21:00.000000000,BEST_BID,"JPM,99380,119"
2019-06-28 15:21:00.000000000,BEST_ASK,"JPM,99645,174"
2019-06-28 15:21:00.000000000,LAST_TRADE,"5,$99380.0000"
2019-06-28 15:21:00.000000000,QUERY_SPREAD,86
2019-06-28 15:21:00.000000000,BEST_BID,"JPM,99380,117"
2019-06-28 15:21:00.000000000,BEST_ASK,"JPM,99645,174"
2019-06-28 15:21:00.000000000,LAST_TRADE,"2,$99380.0000"
2019-06-28 15:21:00.000000000,QUERY_SPREAD,87
2019-06-28 15:21:00.000000000,BEST_BID,"JPM,99380,110"
2019-06-28 15:21:00.000000000,BEST_ASK,"JPM,99645,174"
2019-06-28 15:21:00.000000000,LAST_TRADE,"7,$99380.0000"
2019-06-28 15:21:00.000000000,QUERY_SPREAD,88
2019-06-28 15:21:00.000000000,BEST_BID,"JPM,99380,102"
2019-06-28 15:21:00.000000000,BEST_ASK,"JPM,99645,174"
2019-06-28 15:21:00.000000000,LAST_TRADE,"8,$99380.0000"
2019-06-28 15:21:00.000000000,QUERY_SPREAD,89
2019-06-28 15:21:00.000000000,BEST_BID,"JPM,99380,97"
2019-06-28 15:21:00.000000000,BEST_ASK,"JPM,99645,174"
2019-06-28 15:21:00.000000000,LAST_TRADE,"5,$99380.0000"
2019-06-28 15:21:00.000000000,QUERY_SPREAD,90
2019-06-28 15:21:00.000000000,BEST_BID,"JPM,99380,93"
2019-06-28 15:21:00.000000000,BEST_ASK,"JPM,99645,174"
2019-06-28 15:21:00.000000000,LAST_TRADE,"4,$99380.0000"
2019-06-28 15:21:00.000000000,QUERY_SPREAD,91
2019-06-28 15:21:00.000000000,BEST_BID,"JPM,99380,90"
2019-06-28 15:21:00.000000000,BEST_ASK,"JPM,99645,174"
2019-06-28 15:21:00.000000000,LAST_TRADE,"3,$99380.0000"
2019-06-28 15:21:00.000000000,QUERY_SPREAD,92
2019-06-28 15:21:00.000000000,BEST_BID,"JPM,99380,85"
2019-06-28 15:21:00.000000000,BEST_ASK,"JPM,99645,174"
2019-06-28 15:21:00.000000000,LAST_TRADE,"5,$99380.0000"
2019-06-28 15:21:00.000000000,QUERY_SPREAD,93
2019-06-28 15:21:00.000000000,BEST_BID,"JPM,99380,78"
2019-06-28 15:21:00.000000000,BEST_ASK,"JPM,99645,174"
2019-06-28 15:21:00.000000000,LAST_TRADE,"7,$99380.0000"
2019-06-28 15:21:00.000000000,QUERY_SPREAD,94
2019-06-28 15:21:00.000000000,BEST_BID,"JPM,99380,77"
2019-06-28 15:21:00.000000000,BEST_ASK,"JPM,99645,174"
2019-06-28 15:21:00.000000000,LAST_TRADE,"1,$99380.0000"
2019-06-28 15:21:00.000000000,QUERY_SPREAD,95
2019-06-28 15:21:00.000000000,BEST_BID,"JPM,99380,76"
2019-06-28 15:21:00.000000000,BEST_ASK,"JPM,99645,174"
2019-06-28 15:21:00.000000000,LAST_TRADE,"1,$99380.0000"
2019-06-28 15:21:00.000000000,QUERY_SPREAD,96
2019-06-28 15:21:00.000000000,BEST_BID,"JPM,99380,72"
2019-06-28 15:21:00.000000000,BEST_ASK,"JPM,99645,174"
2019-06-28 15:21:00.000000000,LAST_TRADE,"4,$99380.0000"
2019-06-28 15:21:00.000000000,QUERY_SPREAD,97
2019-06-28 15:21:00.000000000,BEST_BID,"JPM,99380,69"
2019-06-28 15:21:00.000000000,BEST_ASK,"JPM,99645,174"
2019-06-28 15:21:00.000000000,LAST_TRADE,"3,$99380.0000"
2019-06-28 15:21:00.000000000,QUERY_SPREAD,98
2019-06-28 15:21:00.000000000,BEST_BID,"JPM,99380,64"
2019-06-28 15:21:00.000000000,BEST_ASK,"JPM,99645,174"
2019-06-28 15:21:00.000000000,LAST_TRADE,"5,$99380.0000"
2019-06-28 15:21:00.000000000,QUERY_SPREAD,99
2019-06-28 15:21:00.000000000,BEST_BID,"JPM,99380,60"
2019-06-28 15:21:00.000000000,BEST_ASK,"JPM,99645,174"
2019-06-28 15:21:00.000000000,LAST_TRADE,"4,$99380.0000"
2019-06-28 15:21:00.000000000,QUERY_SPREAD,100
2019-06-28 15:21:00.000000000,BEST_BID,"JPM,99380,55"
2019-06-28 15:21:00.000000000,BEST_ASK,"JPM,99645,174"
2019-06-28 15:21:00.000000000,LAST_TRADE,"5,$99380.0000"
2019-06-28 15:21:00.000000000,QUERY_SPREAD,101
2019-06-28 15:21:00.000000000,BEST_BID,"JPM,99380,55"
2019-06-28 15:21:00.000000000,BEST_ASK,"JPM,99645,173"
2019-06-28 15:21:00.000000000,LAST_TRADE,"1,$99645.0000"
2019-06-28 15:21:05.339696516,QUERY_SPREAD,47
2019-06-28 15:21:05.339696516,BEST_BID,"JPM,99380,55"
2019-06-28 15:21:05.339696516,BEST_ASK,"JPM,99645,73"
2019-06-28 15:21:05.339696516,LAST_TRADE,"100,$99645.0000"
2019-06-28 15:21:10.000000000,QUERY_SPREAD,1
2019-06-28 15:21:10.000000000,BEST_BID,"JPM,99354,286"
2019-06-28 15:21:10.000000000,BEST_ASK,"JPM,99875,100"
2019-06-28 15:21:10.000000000,BEST_BID,"JPM,99354,286"
2019-06-28 15:21:10.000000000,BEST_ASK,"JPM,99875,100"
2019-06-28 15:21:10.000000000,BEST_BID,"JPM,99354,286"
2019-06-28 15:21:10.000000000,BEST_ASK,"JPM,99875,286"
2019-06-28 15:21:10.000000000,BEST_BID,"JPM,99354,286"
2019-06-28 15:21:10.000000000,BEST_ASK,"JPM,99875,286"
2019-06-28 15:21:20.000000000,QUERY_SPREAD,1
2019-06-28 15:21:20.000000000,BEST_BID,"JPM,99354,193"
2019-06-28 15:21:20.000000000,BEST_ASK,"JPM,99875,100"
2019-06-28 15:21:20.000000000,BEST_BID,"JPM,99354,193"
2019-06-28 15:21:20.000000000,BEST_ASK,"JPM,99875,100"
2019-06-28 15:21:20.000000000,BEST_BID,"JPM,99354,193"
2019-06-28 15:21:20.000000000,BEST_ASK,"JPM,99875,100"
2019-06-28 15:21:20.000000000,BEST_BID,"JPM,99354,193"
2019-06-28 15:21:20.000000000,BEST_ASK,"JPM,99875,100"
2019-06-28 15:21:20.000000000,BEST_BID,"JPM,99354,193"
2019-06-28 15:21:20.000000000,BEST_ASK,"JPM,99875,193"
2019-06-28 15:21:20.000000000,BEST_BID,"JPM,99354,193"
2019-06-28 15:21:20.000000000,BEST_ASK,"JPM,99875,193"
2019-06-28 15:21:20.000000000,BEST_BID,"JPM,99354,193"
2019-06-28 15:21:20.000000000,BEST_ASK,"JPM,99875,193"
2019-06-28 15:21:20.000000000,BEST_BID,"JPM,99354,193"
2019-06-28 15:21:20.000000000,BEST_ASK,"JPM,99875,193"
2019-06-28 15:21:30.000000000,QUERY_SPREAD,1
2019-06-28 15:21:30.000000000,BEST_BID,"JPM,99354,286"
2019-06-28 15:21:30.000000000,BEST_ASK,"JPM,99875,100"
2019-06-28 15:21:30.000000000,BEST_BID,"JPM,99354,286"
2019-06-28 15:21:30.000000000,BEST_ASK,"JPM,99875,100"
2019-06-28 15:21:30.000000000,BEST_BID,"JPM,99354,286"
2019-06-28 15:21:30.000000000,BEST_ASK,"JPM,99875,286"
2019-06-28 15:21:30.000000000,BEST_BID,"JPM,99354,286"
2019-06-28 15:21:30.000000000,BEST_ASK,"JPM,99875,286"
2019-06-28 15:21:37.760338450,QUERY_SPREAD,16
2019-06-28 15:21:37.760338450,BEST_BID,"JPM,99491,100"
2019-06-28 15:21:37.760338450,BEST_ASK,"JPM,99875,286"
2019-06-28 15:21:40.000000000,QUERY_SPREAD,1
2019-06-28 15:21:40.000000000,BEST_BID,"JPM,99491,471"
2019-06-28 15:21:40.000000000,BEST_ASK,"JPM,99875,100"
2019-06-28 15:21:40.000000000,BEST_BID,"JPM,99491,471"
2019-06-28 15:21:40.000000000,BEST_ASK,"JPM,99875,471"
2019-06-28 15:21:50.000000000,QUERY_SPREAD,1
2019-06-28 15:21:50.000000000,BEST_BID,"JPM,99491,226"
2019-06-28 15:21:50.000000000,BEST_ASK,"JPM,99875,100"
2019-06-28 15:21:50.000000000,BEST_BID,"JPM,99491,226"
2019-06-28 15:21:50.000000000,BEST_ASK,"JPM,99875,100"
2019-06-28 15:21:50.000000000,BEST_BID,"JPM,99491,226"
2019-06-28 15:21:50.000000000,BEST_ASK,"JPM,99875,100"
2019-06-28 15:21:50.000000000,BEST_BID,"JPM,99491,226"
2019-06-28 15:21:50.000000000,BEST_ASK,"JPM,99875,226"
2019-06-28 15:21:50.000000000,BEST_BID,"JPM,99491,226"
2019-06-28 15:21:50.000000000,BEST_ASK,"JPM,99875,226"
2019-06-28 15:21:50.000000000,BEST_BID,"JPM,99491,226"
2019-06-28 15:21:50.000000000,BEST_ASK,"JPM,99875,226"
2019-06-28 15:22:00.000000000,QUERY_SPREAD,1
2019-06-28 15:22:00.000000000,BEST_BID,"JPM,99491,174"
2019-06-28 15:22:00.000000000,BEST_ASK,"JPM,99875,100"
2019-06-28 15:22:00.000000000,BEST_BID,"JPM,99491,174"
2019-06-28 15:22:00.000000000,BEST_ASK,"JPM,99875,100"
2019-06-28 15:22:00.000000000,BEST_BID,"JPM,99491,174"
2019-06-28 15:22:00.000000000,BEST_ASK,"JPM,99875,100"
2019-06-28 15:22:00.000000000,BEST_BID,"JPM,99491,174"
2019-06-28 15:22:00.000000000,BEST_ASK,"JPM,99875,100"
2019-06-28 15:22:00.000000000,BEST_BID,"JPM,99491,174"
2019-06-28 15:22:00.000000000,BEST_ASK,"JPM,99875,100"
2019-06-28 15:22:00.000000000,BEST_BID,"JPM,99491,174"
2019-06-28 15:22:00.000000000,BEST_ASK,"JPM,99875,174"
2019-06-28 15:22:00.000000000,BEST_BID,"JPM,99491,174"
2019-06-28 15:22:00.000000000,BEST_ASK,"JPM,99875,174"
2019-06-28 15:22:00.000000000,BEST_BID,"JPM,99491,174"
2019-06-28 15:22:00.000000000,BEST_ASK,"JPM,99875,174"
2019-06-28 15:22:00.000000000,BEST_BID,"JPM,99491,174"
2019-06-28 15:22:00.000000000,BEST_ASK,"JPM,99875,174"
2019-06-28 15:22:00.000000000,BEST_BID,"JPM,99491,174"
2019-06-28 15:22:00.000000000,BEST_ASK,"JPM,99875,174"
2019-06-28 15:22:00.000000000,QUERY_SPREAD,77
2019-06-28 15:22:00.000000000,BEST_BID,"JPM,99491,169"
2019-06-28 15:22:00.000000000,BEST_ASK,"JPM,99875,174"
2019-06-28 15:22:00.000000000,LAST_TRADE,"5,$99491.0000"
2019-06-28 15:22:00.000000000,QUERY_SPREAD,78
2019-06-28 15:22:00.000000000,BEST_BID,"JPM,99491,161"
2019-06-28 15:22:00.000000000,BEST_ASK,"JPM,99875,174"
2019-06-28 15:22:00.000000000,LAST_TRADE,"8,$99491.0000"
2019-06-28 15:22:00.000000000,QUERY_SPREAD,79
2019-06-28 15:22:00.000000000,BEST_BID,"JPM,99491,156"
2019-06-28 15:22:00.000000000,BEST_ASK,"JPM,99875,174"
2019-06-28 15:22:00.000000000,LAST_TRADE,"5,$99491.0000"
2019-06-28 15:22:00.000000000,QUERY_SPREAD,80
2019-06-28 15:22:00.000000000,BEST_BID,"JPM,99491,148"
2019-06-28 15:22:00.000000000,BEST_ASK,"JPM,99875,174"
2019-06-28 15:22:00.000000000,LAST_TRADE,"8,$99491.0000"
2019-06-28 15:22:00.000000000,QUERY_SPREAD,81
2019-06-28 15:22:00.000000000,BEST_BID,"JPM,99491,139"
2019-06-28 15:22:00.000000000,BEST_ASK,"JPM,99875,174"
2019-06-28 15:22:00.000000000,LAST_TRADE,"9,$99491.0000"
2019-06-28 15:22:00.000000000,QUERY_SPREAD,82
2019-06-28 15:22:00.000000000,BEST_BID,"JPM,99491,136"
2019-06-28 15:22:00.000000000,BEST_ASK,"JPM,99875,174"
2019-06-28 15:22:00.000000000,LAST_TRADE,"3,$99491.0000"
2019-06-28 15:22:00.000000000,QUERY_SPREAD,83
2019-06-28 15:22:00.000000000,BEST_BID,"JPM,99491,128"
2019-06-28 15:22:00.000000000,BEST_ASK,"JPM,99875,174"
2019-06-28 15:22:00.000000000,LAST_TRADE,"8,$99491.0000"
2019-06-28 15:22:00.000000000,QUERY_SPREAD,84
2019-06-28 15:22:00.000000000,BEST_BID,"JPM,99491,124"
2019-06-28 15:22:00.000000000,BEST_ASK,"JPM,99875,174"
2019-06-28 15:22:00.000000000,LAST_TRADE,"4,$99491.0000"
2019-06-28 15:22:00.000000000,QUERY_SPREAD,85
2019-06-28 15:22:00.000000000,BEST_BID,"JPM,99491,119"
2019-06-28 15:22:00.000000000,BEST_ASK,"JPM,99875,174"
2019-06-28 15:22:00.000000000,LAST_TRADE,"5,$99491.0000"
2019-06-28 15:22:00.000000000,QUERY_SPREAD,86
2019-06-28 15:22:00.000000000,BEST_BID,"JPM,99491,117"
2019-06-28 15:22:00.000000000,BEST_ASK,"JPM,99875,174"
2019-06-28 15:22:00.000000000,LAST_TRADE,"2,$99491.0000"
2019-06-28 15:22:00.000000000,QUERY_SPREAD,87
2019-06-28 15:22:00.000000000,BEST_BID,"JPM,99491,110"
2019-06-28 15:22:00.000000000,BEST_ASK,"JPM,99875,174"
2019-06-28 15:22:00.000000000,LAST_TRADE,"7,$99491.0000"
2019-06-28 15:22:00.000000000,QUERY_SPREAD,88
2019-06-28 15:22:00.000000000,BEST_BID,"JPM,99491,102"
2019-06-28 15:22:00.000000000,BEST_ASK,"JPM,99875,174"
2019-06-28 15:22:00.000000000,LAST_TRADE,"8,$99491.0000"
2019-06-28 15:22:00.000000000,QUERY_SPREAD,89
2019-06-28 15:22:00.000000000,BEST_BID,"JPM,99491,97"
2019-06-28 15:22:00.000000000,BEST_ASK,"JPM,99875,174"
2019-06-28 15:22:00.000000000,LAST_TRADE,"5,$99491.0000"
2019-06-28 15:22:00.000000000,QUERY_SPREAD,90
2019-06-28 15:22:00.000000000,BEST_BID,"JPM,99491,93"
2019-06-28 15:22:00.000000000,BEST_ASK,"JPM,99875,174"
2019-06-28 15:22:00.000000000,LAST_TRADE,"4,$99491.0000"
2019-06-28 15:22:00.000000000,QUERY_SPREAD,91
2019-06-28 15:22:00.000000000,BEST_BID,"JPM,99491,90"
2019-06-28 15:22:00.000000000,BEST_ASK,"JPM,99875,174"
2019-06-28 15:22:00.000000000,LAST_TRADE,"3,$99491.0000"
2019-06-28 15:22:00.000000000,QUERY_SPREAD,92
2019-06-28 15:22:00.000000000,BEST_BID,"JPM,99491,85"
2019-06-28 15:22:00.000000000,BEST_ASK,"JPM,99875,174"
2019-06-28 15:22:00.000000000,LAST_TRADE,"5,$99491.0000"
2019-06-28 15:22:00.000000000,QUERY_SPREAD,93
2019-06-28 15:22:00.000000000,BEST_BID,"JPM,99491,78"
2019-06-28 15:22:00.000000000,BEST_ASK,"JPM,99875,174"
2019-06-28 15:22:00.000000000,LAST_TRADE,"7,$99491.0000"
2019-06-28 15:22:00.000000000,QUERY_SPREAD,94
2019-06-28 15:22:00.000000000,BEST_BID,"JPM,99491,77"
2019-06-28 15:22:00.000000000,BEST_ASK,"JPM,99875,174"
2019-06-28 15:22:00.000000000,LAST_TRADE,"1,$99491.0000"
2019-06-28 15:22:00.000000000,QUERY_SPREAD,95
2019-06-28 15:22:00.000000000,BEST_BID,"JPM,99491,76"
2019-06-28 15:22:00.000000000,BEST_ASK,"JPM,99875,174"
2019-06-28 15:22:00.000000000,LAST_TRADE,"1,$99491.0000"
2019-06-28 15:22:00.000000000,QUERY_SPREAD,96
2019-06-28 15:22:00.000000000,BEST_BID,"JPM,99491,72"
2019-06-28 15:22:00.000000000,BEST_ASK,"JPM,99875,174"
2019-06-28 15:22:00.000000000,LAST_TRADE,"4,$99491.0000"
2019-06-28 15:22:00.000000000,QUERY_SPREAD,97
2019-06-28 15:22:00.000000000,BEST_BID,"JPM,99491,69"
2019-06-28 15:22:00.000000000,BEST_ASK,"JPM,99875,174"
2019-06-28 15:22:00.000000000,LAST_TRADE,"3,$99491.0000"
2019-06-28 15:22:00.000000000,QUERY_SPREAD,98
2019-06-28 15:22:00.000000000,BEST_BID,"JPM,99491,64"
2019-06-28 15:22:00.000000000,BEST_ASK,"JPM,99875,174"
2019-06-28 15:22:00.000000000,LAST_TRADE,"5,$99491.0000"
2019-06-28 15:22:00.000000000,QUERY_SPREAD,99
2019-06-28 15:22:00.000000000,BEST_BID,"JPM,99491,60"
2019-06-28 15:22:00.000000000,BEST_ASK,"JPM,99875,174"
2019-06-28 15:22:00.000000000,LAST_TRADE,"4,$99491.0000"
2019-06-28 15:22:00.000000000,QUERY_SPREAD,100
2019-06-28 15:22:00.000000000,BEST_BID,"JPM,99491,55"
2019-06-28 15:22:00.000000000,BEST_ASK,"JPM,99875,174"
2019-06-28 15:22:00.000000000,LAST_TRADE,"5,$99491.0000"
2019-06-28 15:22:00.000000000,QUERY_SPREAD,101
2019-06-28 15:22:00.000000000,BEST_BID,"JPM,99491,55"
2019-06-28 15:22:00.000000000,BEST_ASK,"JPM,99875,173"
2019-06-28 15:22:00.000000000,LAST_TRADE,"1,$99875.0000"
2019-06-28 15:22:04.286112023,QUERY_ORDER_STREAM,61
2019-06-28 15:22:04.286112023,QUERY_SPREAD,61
2019-06-28 15:22:04.482046945,QUERY_SPREAD,16
2019-06-28 15:22:04.482046945,BEST_BID,"JPM,99491,55"
2019-06-28 15:22:04.482046945,BEST_ASK,"JPM,99875,173"
2019-06-28 15:22:10.000000000,QUERY_SPREAD,1
2019-06-28 15:22:10.000000000,BEST_BID,"JPM,99354,226"
2019-06-28 15:22:10.000000000,BEST_ASK,"JPM,99875,99"
2019-06-28 15:22:10.000000000,BEST_BID,"JPM,99354,226"
2019-06-28 15:22:10.000000000,BEST_ASK,"JPM,99875,99"
2019-06-28 15:22:10.000000000,BEST_BID,"JPM,99354,226"
2019-06-28 15:22:10.000000000,BEST_ASK,"JPM,99875,99"
2019-06-28 15:22:10.000000000,BEST_BID,"JPM,99354,226"
2019-06-28 15:22:10.000000000,BEST_ASK,"JPM,99875,225"
2019-06-28 15:22:10.000000000,BEST_BID,"JPM,99354,226"
2019-06-28 15:22:10.000000000,BEST_ASK,"JPM,99875,225"
2019-06-28 15:22:10.000000000,BEST_BID,"JPM,99354,226"
2019-06-28 15:22:10.000000000,BEST_ASK,"JPM,99875,225"
2019-06-28 15:22:18.619785867,QUERY_SPREAD,31
2019-06-28 15:22:18.619785867,BEST_BID,"JPM,99642,100"
2019-06-28 15:22:18.619785867,BEST_ASK,"JPM,99875,225"
2019-06-28 15:22:20.000000000,QUERY_SPREAD,1
2019-06-28 15:22:20.000000000,BEST_BID,"JPM,99642,471"
2019-06-28 15:22:20.000000000,BEST_ASK,"JPM,99875,99"
2019-06-28 15:22:20.000000000,BEST_BID,"JPM,99642,471"
2019-06-28 15:22:20.000000000,BEST_ASK,"JPM,99875,470"
2019-06-28 15:22:20.338637224,QUERY_ORDER_STREAM,69
2019-06-28 15:22:20.338637224,QUERY_SPREAD,69
2019-06-28 15:22:20.338637224,BEST_BID,"JPM,99642,471"
2019-06-28 15:22:20.338637224,BEST_ASK,"JPM,99875,570"
2019-06-28 15:22:23.685862070,QUERY_ORDER_STREAM,66
2019-06-28 15:22:23.685862070,QUERY_SPREAD,66
2019-06-28 15:22:23.685862070,BEST_BID,"JPM,99642,471"
2019-06-28 15:22:23.685862070,BEST_ASK,"JPM,99875,670"
2019-06-28 15:22:30.000000000,QUERY_SPREAD,1
2019-06-28 15:22:30.000000000,BEST_BID,"JPM,99642,471"
2019-06-28 15:22:30.000000000,BEST_ASK,"JPM,99875,299"
2019-06-28 15:22:30.000000000,BEST_BID,"JPM,99642,471"
2019-06-28 15:22:30.000000000,BEST_ASK,"JPM,99875,670"
2019-06-28 15:22:40.000000000,QUERY_SPREAD,1
2019-06-28 15:22:40.000000000,BEST_BID,"JPM,99642,226"
2019-06-28 15:22:40.000000000,BEST_ASK,"JPM,99875,299"
2019-06-28 15:22:40.000000000,BEST_BID,"JPM,99642,226"
2019-06-28 15:22:40.000000000,BEST_ASK,"JPM,99875,299"
2019-06-28 15:22:40.000000000,BEST_BID,"JPM,99642,226"
2019-06-28 15:22:40.000000000,BEST_ASK,"JPM,99875,299"
2019-06-28 15:22:40.000000000,BEST_BID,"JPM,99642,226"
2019-06-28 15:22:40.000000000,BEST_ASK,"JPM,99875,425"
2019-06-28 15:22:40.000000000,BEST_BID,"JPM,99642,226"
2019-06-28 15:22:40.000000000,BEST_ASK,"JPM,99875,425"
2019-06-28 15:22:40.000000000,BEST_BID,"JPM,99642,226"
2019-06-28 15:22:40.000000000,BEST_ASK,"JPM,99875,425"
2019-06-28 15:22:42.927468513,QUERY_ORDER_STREAM,67
2019-06-28 15:22:42.927468513,QUERY_SPREAD,67
2019-06-28 15:22:42.927468513,BEST_BID,"JPM,99642,226"
2019-06-28 15:22:42.927468513,BEST_ASK,"JPM,99875,525"
2019-06-28 15:22:50.000000000,QUERY_SPREAD,1
2019-06-28 15:22:50.000000000,BEST_BID,"JPM,99642,226"
2019-06-28 15:22:50.000000000,BEST_ASK,"JPM,99875,399"
2019-06-28 15:22:50.000000000,BEST_BID,"JPM,99642,226"
2019-06-28 15:22:50.000000000,BEST_ASK,"JPM,99875,399"
2019-06-28 15:22:50.000000000,BEST_BID,"JPM,99642,226"
2019-06-28 15:22:50.000000000,BEST_ASK,"JPM,99875,399"
2019-06-28 15:22:50.000000000,BEST_BID,"JPM,99642,226"
2019-06-28 15:22:50.000000000,BEST_ASK,"JPM,99875,525"
2019-06-28 15:22:50.000000000,BEST_BID,"JPM,99642,226"
2019-06-28 15:22:50.000000000,BEST_ASK,"JPM,99875,525"
2019-06-28 15:22:50.000000000,BEST_BID,"JPM,99642,226"
2019-06-28 15:22:50.000000000,BEST_ASK,"JPM,99875,525"
2019-06-28 15:23:00.000000000,QUERY_SPREAD,1
2019-06-28 15:23:00.000000000,BEST_BID,"JPM,99642,226"
2019-06-28 15:23:00.000000000,BEST_ASK,"JPM,99875,399"
2019-06-28 15:23:00.000000000,BEST_BID,"JPM,99642,226"
2019-06-28 15:23:00.000000000,BEST_ASK,"JPM,99875,399"
2019-06-28 15:23:00.000000000,BEST_BID,"JPM,99642,226"
2019-06-28 15:23:00.000000000,BEST_ASK,"JPM,99875,399"
2019-06-28 15:23:00.000000000,BEST_BID,"JPM,99642,226"
2019-06-28 15:23:00.000000000,BEST_ASK,"JPM,99875,525"
2019-06-28 15:23:00.000000000,BEST_BID,"JPM,99642,226"
2019-06-28 15:23:00.000000000,BEST_ASK,"JPM,99875,525"
2019-06-28 15:23:00.000000000,BEST_BID,"JPM,99642,226"
2019-06-28 15:23:00.000000000,BEST_ASK,"JPM,99875,525"
2019-06-28 15:23:00.000000000,QUERY_SPREAD,77
2019-06-28 15:23:00.000000000,BEST_BID,"JPM,99642,221"
2019-06-28 15:23:00.000000000,BEST_ASK,"JPM,99875,525"
2019-06-28 15:23:00.000000000,LAST_TRADE,"5,$99642.0000"
2019-06-28 15:23:00.000000000,QUERY_SPREAD,78
2019-06-28 15:23:00.000000000,BEST_BID,"JPM,99642,213"
2019-06-28 15:23:00.000000000,BEST_ASK,"JPM,99875,525"
2019-06-28 15:23:00.000000000,LAST_TRADE,"8,$99642.0000"
2019-06-28 15:23:00.000000000,QUERY_SPREAD,79
2019-06-28 15:23:00.000000000,BEST_BID,"JPM,99642,208"
2019-06-28 15:23:00.000000000,BEST_ASK,"JPM,99875,525"
2019-06-28 15:23:00.000000000,LAST_TRADE,"5,$99642.0000"
2019-06-28 15:23:00.000000000,QUERY_SPREAD,80
2019-06-28 15:23:00.000000000,BEST_BID,"JPM,99642,200"
2019-06-28 15:23:00.000000000,BEST_ASK,"JPM,99875,525"
2019-06-28 15:23:00.000000000,LAST_TRADE,"8,$99642.0000"
2019-06-28 15:23:00.000000000,QUERY_SPREAD,81
2019-06-28 15:23:00.000000000,BEST_BID,"JPM,99642,191"
2019-06-28 15:23:00.000000000,BEST_ASK,"JPM,99875,525"
2019-06-28 15:23:00.000000000,LAST_TRADE,"9,$99642.0000"
2019-06-28 15:23:00.000000000,QUERY_SPREAD,82
2019-06-28 15:23:00.000000000,BEST_BID,"JPM,99642,188"
2019-06-28 15:23:00.000000000,BEST_ASK,"JPM,99875,525"
2019-06-28 15:23:00.000000000,LAST_TRADE,"3,$99642.0000"
2019-06-28 15:23:00.000000000,QUERY_SPREAD,83
2019-06-28 15:23:00.000000000,BEST_BID,"JPM,99642,180"
2019-06-28 15:23:00.000000000,BEST_ASK,"JPM,99875,525"
2019-06-28 15:23:00.000000000,LAST_TRADE,"8,$99642.0000"
2019-06-28 15:23:00.000000000,QUERY_SPREAD,84
2019-06-28 15:23:00.000000000,BEST_BID,"JPM,99642,176"
2019-06-28 15:23:00.000000000,BEST_ASK,"JPM,99875,525"
2019-06-28 15:23:00.000000000,LAST_TRADE,"4,$99642.0000"
2019-06-28 15:23:00.000000000,QUERY_SPREAD,85
2019-06-28 15:23:00.000000000,BEST_BID,"JPM,99642,171"
2019-06-28 15:23:00.000000000,BEST_ASK,"JPM,99875,525"
2019-06-28 15:23:00.000000000,LAST_TRADE,"5,$99642.0000"
2019-06-28 15:23:00.000000000,QUERY_SPREAD,86
2019-06-28 15:23:00.000000000,BEST_BID,"JPM,99642,169"
2019-06-28 15:23:00.000000000,BEST_ASK,"JPM,99875,525"
2019-06-28 15:23:00.000000000,LAST_TRADE,"2,$99642.0000"
2019-06-28 15:23:00.000000000,QUERY_SPREAD,87
2019-06-28 15:23:00.000000000,BEST_BID,"JPM,99642,162"
2019-06-28 15:23:00.000000000,BEST_ASK,"JPM,99875,525"
2019-06-28 15:23:00.000000000,LAST_TRADE,"7,$99642.0000"
2019-06-28 15:23:00.000000000,QUERY_SPREAD,88
2019-06-28 15:23:00.000000000,BEST_BID,"JPM,99642,154"
2019-06-28 15:23:00.000000000,BEST_ASK,"JPM,99875,525"
2019-06-28 15:23:00.000000000,LAST_TRADE,"8,$99642.0000"
2019-06-28 15:23:00.000000000,QUERY_SPREAD,89
2019-06-28 15:23:00.000000000,BEST_BID,"JPM,99642,149"
2019-06-28 15:23:00.000000000,BEST_ASK,"JPM,99875,525"
2019-06-28 15:23:00.000000000,LAST_TRADE,"5,$99642.0000"
2019-06-28 15:23:00.000000000,QUERY_SPREAD,90
2019-06-28 15:23:00.000000000,BEST_BID,"JPM,99642,145"
2019-06-28 15:23:00.000000000,BEST_ASK,"JPM,99875,525"
2019-06-28 15:23:00.000000000,LAST_TRADE,"4,$99642.0000"
2019-06-28 15:23:00.000000000,QUERY_SPREAD,91
2019-06-28 15:23:00.000000000,BEST_BID,"JPM,99642,142"
2019-06-28 15:23:00.000000000,BEST_ASK,"JPM,99875,525"
2019-06-28 15:23:00.000000000,LAST_TRADE,"3,$99642.0000"
2019-06-28 15:23:00.000000000,QUERY_SPREAD,92
2019-06-28 15:23:00.000000000,BEST_BID,"JPM,99642,137"
2019-06-28 15:23:00.000000000,BEST_ASK,"JPM,99875,525"
2019-06-28 15:23:00.000000000,LAST_TRADE,"5,$99642.0000"
2019-06-28 15:23:00.000000000,QUERY_SPREAD,93
2019-06-28 15:23:00.000000000,BEST_BID,"JPM,99642,130"
2019-06-28 15:23:00.000000000,BEST_ASK,"JPM,99875,525"
2019-06-28 15:23:00.000000000,LAST_TRADE,"7,$99642.0000"
2019-06-28 15:23:00.000000000,QUERY_SPREAD,94
2019-06-28 15:23:00.000000000,BEST_BID,"JPM,99642,129"
2019-06-28 15:23:00.000000000,BEST_ASK,"JPM,99875,525"
2019-06-28 15:23:00.000000000,LAST_TRADE,"1,$99642.0000"
2019-06-28 15:23:00.000000000,QUERY_SPREAD,95
2019-06-28 15:23:00.000000000,BEST_BID,"JPM,99642,128"
2019-06-28 15:23:00.000000000,BEST_ASK,"JPM,99875,525"
2019-06-28 15:23:00.000000000,LAST_TRADE,"1,$99642.0000"
2019-06-28 15:23:00.000000000,QUERY_SPREAD,96
2019-06-28 15:23:00.000000000,BEST_BID,"JPM,99642,124"
2019-06-28 15:23:00.000000000,BEST_ASK,"JPM,99875,525"
2019-06-28 15:23:00.000000000,LAST_TRADE,"4,$99642.0000"
2019-06-28 15:23:00.000000000,QUERY_SPREAD,97
2019-06-28 15:23:00.000000000,BEST_BID,"JPM,99642,121"
2019-06-28 15:23:00.000000000,BEST_ASK,"JPM,99875,525"
2019-06-28 15:23:00.000000000,LAST_TRADE,"3,$99642.0000"
2019-06-28 15:23:00.000000000,QUERY_SPREAD,98
2019-06-28 15:23:00.000000000,BEST_BID,"JPM,99642,116"
2019-06-28 15:23:00.000000000,BEST_ASK,"JPM,99875,525"
2019-06-28 15:23:00.000000000,LAST_TRADE,"5,$99642.0000"
2019-06-28 15:23:00.000000000,QUERY_SPREAD,99
2019-06-28 15:23:00.000000000,BEST_BID,"JPM,99642,112"
2019-06-28 15:23:00.000000000,BEST_ASK,"JPM,99875,525"
2019-06-28 15:23:00.000000000,LAST_TRADE,"4,$99642.0000"
2019-06-28 15:23:00.000000000,QUERY_SPREAD,100
2019-06-28 15:23:00.000000000,BEST_BID,"JPM,99642,107"
2019-06-28 15:23:00.000000000,BEST_ASK,"JPM,99875,525"
2019-06-28 15:23:00.000000000,LAST_TRADE,"5,$99642.0000"
2019-06-28 15:23:00.000000000,QUERY_SPREAD,101
2019-06-28 15:23:00.000000000,BEST_BID,"JPM,99642,107"
2019-06-28 15:23:00.000000000,BEST_ASK,"JPM,99875,524"
2019-06-28 15:23:00.000000000,LAST_TRADE,"1,$99875.0000"
2019-06-28 15:23:03.452744211,QUERY_SPREAD,26
2019-06-28 15:23:03.452744211,BEST_BID,"JPM,99642,107"
2019-06-28 15:23:03.452744211,BEST_ASK,"JPM,99875,524"
2019-06-28 15:23:10.000000000,QUERY_SPREAD,1
2019-06-28 15:23:10.000000000,BEST_BID,"JPM,99501,286"
2019-06-28 15:23:10.000000000,BEST_ASK,"JPM,99875,398"
2019-06-28 15:23:10.000000000,BEST_BID,"JPM,99501,286"
2019-06-28 15:23:10.000000000,BEST_ASK,"JPM,99875,398"
2019-06-28 15:23:10.000000000,BEST_BID,"JPM,99501,286"
2019-06-28 15:23:10.000000000,BEST_ASK,"JPM,99875,584"
2019-06-28 15:23:10.000000000,BEST_BID,"JPM,99501,286"
2019-06-28 15:23:10.000000000,BEST_ASK,"JPM,99875,584"
2019-06-28 15:23:11.451485985,QUERY_SPREAD,9
2019-06-28 15:23:11.451485985,BEST_BID,"JPM,99501,286"
2019-06-28 15:23:11.451485985,BEST_ASK,"JPM,99637,100"
2019-06-28 15:23:13.067690904,QUERY_SPREAD,40
2019-06-28 15:23:13.067690904,BEST_BID,"JPM,99501,286"
2019-06-28 15:23:13.067690904,BEST_ASK,"JPM,99637,100"
2019-06-28 15:23:20.000000000,QUERY_SPREAD,1
2019-06-28 15:23:20.000000000,BEST_BID,"JPM,99501,471"
2019-06-28 15:23:20.000000000,BEST_ASK,"JPM,99637,100"
2019-06-28 15:23:20.000000000,BEST_BID,"JPM,99501,471"
2019-06-28 15:23:20.000000000,BEST_ASK,"JPM,99637,471"
2019-06-28 15:23:30.000000000,QUERY_SPREAD,1
2019-06-28 15:23:30.000000000,BEST_BID,"JPM,99501,193"
2019-06-28 15:23:30.000000000,BEST_ASK,"JPM,99637,100"
2019-06-28 15:23:30.000000000,BEST_BID,"JPM,99501,193"
2019-06-28 15:23:30.000000000,BEST_ASK,"JPM,99637,100"
2019-06-28 15:23:30.000000000,BEST_BID,"JPM,99501,193"
2019-06-28 15:23:30.000000000,BEST_ASK,"JPM,99637,100"
2019-06-28 15:23:30.000000000,BEST_BID,"JPM,99501,193"
2019-06-28 15:23:30.000000000,BEST_ASK,"JPM,99637,100"
2019-06-28 15:23:30.000000000,BEST_BID,"JPM,99501,193"
2019-06-28 15:23:30.000000000,BEST_ASK,"JPM,99637,193"
2019-06-28 15:23:30.000000000,BEST_BID,"JPM,99501,193"
2019-06-28 15:23:30.000000000,BEST_ASK,"JPM,99637,193"
2019-06-28 15:23:30.000000000,BEST_BID,"JPM,99501,193"
2019-06-28 15:23:30.000000000,BEST_ASK,"JPM,99637,193"
2019-06-28 15:23:30.000000000,BEST_BID,"JPM,99501,193"
2019-06-28 15:23:30.000000000,BEST_ASK,"JPM,99637,193"
2019-06-28 15:23:32.533203758,QUERY_SPREAD,46
2019-06-28 15:23:32.533203758,BEST_BID,"JPM,99501,193"
2019-06-28 15:23:32.533203758,BEST_ASK,"JPM,99583,100"
2019-06-28 15:23:40.000000000,QUERY_SPREAD,1
2019-06-28 15:23:40.000000000,BEST_BID,"JPM,99501,193"
2019-06-28 15:23:40.000000000,BEST_ASK,"JPM,99583,100"
2019-06-28 15:23:40.000000000,BEST_BID,"JPM,99501,193"
2019-06-28 15:23:40.000000000,BEST_ASK,"JPM,99583,100"
2019-06-28 15:23:40.000000000,BEST_BID,"JPM,99501,193"
2019-06-28 15:23:40.000000000,BEST_ASK,"JPM,99583,100"
2019-06-28 15:23:40.000000000,BEST_BID,"JPM,99501,193"
2019-06-28 15:23:40.000000000,BEST_ASK,"JPM,99583,100"
2019-06-28 15:23:40.000000000,BEST_BID,"JPM,99501,193"
2019-06-28 15:23:40.000000000,BEST_ASK,"JPM,99583,193"
2019-06-28 15:23:40.000000000,BEST_BID,"JPM,99501,193"
2019-06-28 15:23:40.000000000,BEST_ASK,"JPM,99583,193"
2019-06-28 15:23:40.000000000,BEST_BID,"JPM,99501,193"
2019-06-28 15:23:40.000000000,BEST_ASK,"JPM,99583,193"
2019-06-28 15:23:40.000000000,BEST_BID,"JPM,99501,193"
2019-06-28 15:23:40.000000000,BEST_ASK,"JPM,99583,193"
2019-06-28 15:23:41.720816800,QUERY_SPREAD,32
2019-06-28 15:23:41.720816800,BEST_BID,"JPM,99501,193"
2019-06-28 15:23:41.720816800,BEST_ASK,"JPM,99583,193"
2019-06-28 15:23:50.000000000,QUERY_SPREAD,1
2019-06-28 15:23:50.000000000,BEST_BID,"JPM,99501,174"
2019-06-28 15:23:50.000000000,BEST_ASK,"JPM,99583,100"
2019-06-28 15:23:50.000000000,BEST_BID,"JPM,99501,174"
2019-06-28 15:23:50.000000000,BEST_ASK,"JPM,99583,100"
2019-06-28 15:23:50.000000000,BEST_BID,"JPM,99501,174"
2019-06-28 15:23:50.000000000,BEST_ASK,"JPM,99583,100"
2019-06-28 15:23:50.000000000,BEST_BID,"JPM,99501,174"
2019-06-28 15:23:50.000000000,BEST_ASK,"JPM,99583,100"
2019-06-28 15:23:50.000000000,BEST_BID,"JPM,99501,174"
2019-06-28 15:23:50.000000000,BEST_ASK,"JPM,99583,100"
2019-06-28 15:23:50.000000000,BEST_BID,"JPM,99501,174"
2019-06-28 15:23:50.000000000,BEST_ASK,"JPM,99583,174"
2019-06-28 15:23:50.000000000,BEST_BID,"JPM,99501,174"
2019-06-28 15:23:50.000000000,BEST_ASK,"JPM,99583,174"
2019-06-28 15:23:50.000000000,BEST_BID,"JPM,99501,174"
2019-06-28 15:23:50.000000000,BEST_ASK,"JPM,99583,174"
2019-06-28 15:23:50.000000000,BEST_BID,"JPM,99501,174"
2019-06-28 15:23:50.000000000,BEST_ASK,"JPM,99583,174"
2019-06-28 15:23:50.000000000,BEST_BID,"JPM,99501,174"
2019-06-28 15:23:50.000000000,BEST_ASK,"JPM,99583,174"
2019-06-28 15:23:51.737537157,QUERY_SPREAD,29
2019-06-28 15:23:51.737537157,BEST_BID,"JPM,99501,174"
2019-06-28 15:23:51.737537157,BEST_ASK,"JPM,99583,174"
2019-06-28 15:24:00.000000000,QUERY_SPREAD,1
2019-06-28 15:24:00.000000000,BEST_BID,"JPM,99501,193"
2019-06-28 15:24:00.000000000,BEST_ASK,"JPM,99583,100"
2019-06-28 15:24:00.000000000,BEST_BID,"JPM,99501,193"
2019-06-28 15:24:00.000000000,BEST_ASK,"JPM,99583,100"
2019-06-28 15:24:00.000000000,BEST_BID,"JPM,99501,193"
2019-06-28 15:24:00.000000000,BEST_ASK,"JPM,99583,100"
2019-06-28 15:24:00.000000000,BEST_BID,"JPM,99501,193"
2019-06-28 15:24:00.000000000,BEST_ASK,"JPM,99583,100"
2019-06-28 15:24:00.000000000,BEST_BID,"JPM,99501,193"
2019-06-28 15:24:00.000000000,BEST_ASK,"JPM,99583,193"
2019-06-28 15:24:00.000000000,BEST_BID,"JPM,99501,193"
2019-06-28 15:24:00.000000000,BEST_ASK,"JPM,99583,193"
2019-06-28 15:24:00.000000000,BEST_BID,"JPM,99501,193"
2019-06-28 15:24:00.000000000,BEST_ASK,"JPM,99583,193"
2019-06-28 15:24:00.000000000,BEST_BID,"JPM,99501,193"
2019-06-28 15:24:00.000000000,BEST_ASK,"JPM,99583,193"
2019-06-28 15:24:00.000000000,QUERY_SPREAD,77
2019-06-28 15:24:00.000000000,BEST_BID,"JPM,99501,188"
2019-06-28 15:24:00.000000000,BEST_ASK,"JPM,99583,193"
2019-06-28 15:24:00.000000000,LAST_TRADE,"5,$99501.0000"
2019-06-28 15:24:00.000000000,QUERY_SPREAD,78
2019-06-28 15:24:00.000000000,BEST_BID,"JPM,99501,180"
2019-06-28 15:24:00.000000000,BEST_ASK,"JPM,99583,193"
2019-06-28 15:24:00.000000000,LAST_TRADE,"8,$99501.0000"
2019-06-28 15:24:00.000000000,QUERY_SPREAD,79
2019-06-28 15:24:00.000000000,BEST_BID,"JPM,99501,175"
2019-06-28 15:24:00.000000000,BEST_ASK,"JPM,99583,193"
2019-06-28 15:24:00.000000000,LAST_TRADE,"5,$99501.0000"
2019-06-28 15:24:00.000000000,QUERY_SPREAD,80
2019-06-28 15:24:00.000000000,BEST_BID,"JPM,99501,167"
2019-06-28 15:24:00.000000000,BEST_ASK,"JPM,99583,193"
2019-06-28 15:24:00.000000000,LAST_TRADE,"8,$99501.0000"
2019-06-28 15:24:00.000000000,QUERY_SPREAD,81
2019-06-28 15:24:00.000000000,BEST_BID,"JPM,99501,158"
2019-06-28 15:24:00.000000000,BEST_ASK,"JPM,99583,193"
2019-06-28 15:24:00.000000000,LAST_TRADE,"9,$99501.0000"
2019-06-28 15:24:00.000000000,QUERY_SPREAD,82
2019-06-28 15:24:00.000000000,BEST_BID,"JPM,99501,155"
2019-06-28 15:24:00.000000000,BEST_ASK,"JPM,99583,193"
2019-06-28 15:24:00.000000000,LAST_TRADE,"3,$99501.0000"
2019-06-28 15:24:00.000000000,QUERY_SPREAD,83
2019-06-28 15:24:00.000000000,BEST_BID,"JPM,99501,147"
2019-06-28 15:24:00.000000000,BEST_ASK,"JPM,99583,193"
2019-06-28 15:24:00.000000000,LAST_TRADE,"8,$99501.0000"
2019-06-28 15:24:00.000000000,QUERY_SPREAD,84
2019-06-28 15:24:00.000000000,BEST_BID,"JPM,99501,143"
2019-06-28 15:24:00.000000000,BEST_ASK,"JPM,99583,193"
2019-06-28 15:24:00.000000000,LAST_TRADE,"4,$99501.0000"
2019-06-28 15:24:00.000000000,QUERY_SPREAD,85
2019-06-28 15:24:00.000000000,BEST_BID,"JPM,99501,138"
2019-06-28 15:24:00.000000000,BEST_ASK,"JPM,99583,193"
2019-06-28 15:24:00.000000000,LAST_TRADE,"5,$99501.0000"
2019-06-28 15:24:00.000000000,QUERY_SPREAD,86
2019-06-28 15:24:00.000000000,BEST_BID,"JPM,99501,136"
2019-06-28 15:24:00.000000000,BEST_ASK,"JPM,99583,193"
2019-06-28 15:24:00.000000000,LAST_TRADE,"2,$99501.0000"
2019-06-28 15:24:00.000000000,QUERY_SPREAD,87
2019-06-28 15:24:00.000000000,BEST_BID,"JPM,99501,129"
2019-06-28 15:24:00.000000000,BEST_ASK,"JPM,99583,193"
2019-06-28 15:24:00.000000000,LAST_TRADE,"7,$99501.0000"
2019-06-28 15:24:00.000000000,QUERY_SPREAD,88
2019-06-28 15:24:00.000000000,BEST_BID,"JPM,99501,121"
2019-06-28 15:24:00.000000000,BEST_ASK,"JPM,99583,193"
2019-06-28 15:24:00.000000000,LAST_TRADE,"8,$99501.0000"
2019-06-28 15:24:00.000000000,QUERY_SPREAD,89
2019-06-28 15:24:00.000000000,BEST_BID,"JPM,99501,116"
2019-06-28 15:24:00.000000000,BEST_ASK,"JPM,99583,193"
2019-06-28 15:24:00.000000000,LAST_TRADE,"5,$99501.0000"
2019-06-28 15:24:00.000000000,QUERY_SPREAD,90
2019-06-28 15:24:00.000000000,BEST_BID,"JPM,99501,112"
2019-06-28 15:24:00.000000000,BEST_ASK,"JPM,99583,193"
2019-06-28 15:24:00.000000000,LAST_TRADE,"4,$99501.0000"
2019-06-28 15:24:00.000000000,QUERY_SPREAD,91
2019-06-28 15:24:00.000000000,BEST_BID,"JPM,99501,109"
2019-06-28 15:24:00.000000000,BEST_ASK,"JPM,99583,193"
2019-06-28 15:24:00.000000000,LAST_TRADE,"3,$99501.0000"
2019-06-28 15:24:00.000000000,QUERY_SPREAD,92
2019-06-28 15:24:00.000000000,BEST_BID,"JPM,99501,104"
2019-06-28 15:24:00.000000000,BEST_ASK,"JPM,99583,193"
2019-06-28 15:24:00.000000000,LAST_TRADE,"5,$99501.0000"
2019-06-28 15:24:00.000000000,QUERY_SPREAD,93
2019-06-28 15:24:00.000000000,BEST_BID,"JPM,99501,97"
2019-06-28 15:24:00.000000000,BEST_ASK,"JPM,99583,193"
2019-06-28 15:24:00.000000000,LAST_TRADE,"7,$99501.0000"
2019-06-28 15:24:00.000000000,QUERY_SPREAD,94
2019-06-28 15:24:00.000000000,BEST_BID,"JPM,99501,96"
2019-06-28 15:24:00.000000000,BEST_ASK,"JPM,99583,193"
2019-06-28 15:24:00.000000000,LAST_TRADE,"1,$99501.0000"
2019-06-28 15:24:00.000000000,QUERY_SPREAD,95
2019-06-28 15:24:00.000000000,BEST_BID,"JPM,99501,95"
2019-06-28 15:24:00.000000000,BEST_ASK,"JPM,99583,193"
2019-06-28 15:24:00.000000000,LAST_TRADE,"1,$99501.0000"
2019-06-28 15:24:00.000000000,QUERY_SPREAD,96
2019-06-28 15:24:00.000000000,BEST_BID,"JPM,99501,91"
2019-06-28 15:24:00.000000000,BEST_ASK,"JPM,99583,193"
2019-06-28 15:24:00.000000000,LAST_TRADE,"4,$99501.0000"
2019-06-28 15:24:00.000000000,QUERY_SPREAD,97
2019-06-28 15:24:00.000000000,BEST_BID,"JPM,99501,88"
2019-06-28 15:24:00.000000000,BEST_ASK,"JPM,99583,193"
2019-06-28 15:24:00.000000000,LAST_TRADE,"3,$99501.0000"
2019-06-28 15:24:00.000000000,QUERY_SPREAD,98
2019-06-28 15:24:00.000000000,BEST_BID,"JPM,99501,83"
2019-06-28 15:24:00.000000000,BEST_ASK,"JPM,99583,193"
2019-06-28 15:24:00.000000000,LAST_TRADE,"5,$99501.0000"
2019-06-28 15:24:00.000000000,QUERY_SPREAD,99
2019-06-28 15:24:00.000000000,BEST_BID,"JPM,99501,79"
2019-06-28 15:24:00.000000000,BEST_ASK,"JPM,99583,193"
2019-06-28 15:24:00.000000000,LAST_TRADE,"4,$99501.0000"
2019-06-28 15:24:00.000000000,QUERY_SPREAD,100
2019-06-28 15:24:00.000000000,BEST_BID,"JPM,99501,74"
2019-06-28 15:24:00.000000000,BEST_ASK,"JPM,99583,193"
2019-06-28 15:24:00.000000000,LAST_TRADE,"5,$99501.0000"
2019-06-28 15:24:00.000000000,QUERY_SPREAD,101
2019-06-28 15:24:00.000000000,BEST_BID,"JPM,99501,74"
2019-06-28 15:24:00.000000000,BEST_ASK,"JPM,99583,192"
2019-06-28 15:24:00.000000000,LAST_TRADE,"1,$99583.0000"
2019-06-28 15:24:02.250911614,QUERY_ORDER_STREAM,60
2019-06-28 15:24:02.250911614,QUERY_SPREAD,60
2019-06-28 15:24:02.250911614,BEST_BID,"JPM,99501,74"
2019-06-28 15:24:02.250911614,BEST_ASK,"JPM,99583,292"
2019-06-28 15:24:07.991656649,QUERY_SPREAD,20
2019-06-28 15:24:07.991656649,BEST_BID,"JPM,99501,74"
2019-06-28 15:24:07.991656649,BEST_ASK,"JPM,99583,292"
2019-06-28 15:24:10.000000000,QUERY_SPREAD,1
2019-06-28 15:24:10.000000000,BEST_BID,"JPM,99475,226"
2019-06-28 15:24:10.000000000,BEST_ASK,"JPM,99583,199"
2019-06-28 15:24:10.000000000,BEST_BID,"JPM,99475,226"
2019-06-28 15:24:10.000000000,BEST_ASK,"JPM,99583,199"
2019-06-28 15:24:10.000000000,BEST_BID,"JPM,99475,226"
2019-06-28 15:24:10.000000000,BEST_ASK,"JPM,99583,199"
2019-06-28 15:24:10.000000000,BEST_BID,"JPM,99475,226"
2019-06-28 15:24:10.000000000,BEST_ASK,"JPM,99583,325"
2019-06-28 15:24:10.000000000,BEST_BID,"JPM,99475,226"
2019-06-28 15:24:10.000000000,BEST_ASK,"JPM,99583,325"
2019-06-28 15:24:10.000000000,BEST_BID,"JPM,99475,226"
2019-06-28 15:24:10.000000000,BEST_ASK,"JPM,99583,325"
2019-06-28 15:24:20.000000000,QUERY_SPREAD,1
2019-06-28 15:24:20.000000000,BEST_BID,"JPM,99475,286"
2019-06-28 15:24:20.000000000,BEST_ASK,"JPM,99583,199"
2019-06-28 15:24:20.000000000,BEST_BID,"JPM,99475,286"
2019-06-28 15:24:20.000000000,BEST_ASK,"JPM,99583,199"
2019-06-28 15:24:20.000000000,BEST_BID,"JPM,99475,286"
2019-06-28 15:24:20.000000000,BEST_ASK,"JPM,99583,385"
2019-06-28 15:24:20.000000000,BEST_BID,"JPM,99475,286"
2019-06-28 15:24:20.000000000,BEST_ASK,"JPM,99583,385"
2019-06-28 15:24:26.409288502,QUERY_SPREAD,31
2019-06-28 15:24:26.409288502,BEST_BID,"JPM,99475,286"
2019-06-28 15:24:26.409288502,BEST_ASK,"JPM,99583,285"
2019-06-28 15:24:26.409288502,LAST_TRADE,"100,$99583.0000"
2019-06-28 15:24:30.000000000,QUERY_SPREAD,1
2019-06-28 15:24:30.000000000,BEST_BID,"JPM,99475,174"
2019-06-28 15:24:30.000000000,BEST_ASK,"JPM,99583,99"
2019-06-28 15:24:30.000000000,BEST_BID,"JPM,99475,174"
2019-06-28 15:24:30.000000000,BEST_ASK,"JPM,99583,99"
2019-06-28 15:24:30.000000000,BEST_BID,"JPM,99475,174"
2019-06-28 15:24:30.000000000,BEST_ASK,"JPM,99583,99"
2019-06-28 15:24:30.000000000,BEST_BID,"JPM,99475,174"
2019-06-28 15:24:30.000000000,BEST_ASK,"JPM,99583,99"
2019-06-28 15:24:30.000000000,BEST_BID,"JPM,99475,174"
2019-06-28 15:24:30.000000000,BEST_ASK,"JPM,99583,99"
2019-06-28 15:24:30.000000000,BEST_BID,"JPM,99475,174"
2019-06-28 15:24:30.000000000,BEST_ASK,"JPM,99583,173"
2019-06-28 15:24:30.000000000,BEST_BID,"JPM,99475,174"
2019-06-28 15:24:30.000000000,BEST_ASK,"JPM,99583,173"
2019-06-28 15:24:30.000000000,BEST_BID,"JPM,99475,174"
2019-06-28 15:24:30.000000000,BEST_ASK,"JPM,99583,173"
2019-06-28 15:24:30.000000000,BEST_BID,"JPM,99475,174"
2019-06-28 15:24:30.000000000,BEST_ASK,"JPM,99583,173"
2019-06-28 15:24:30.000000000,BEST_BID,"JPM,99475,174"
2019-06-28 15:24:30.000000000,BEST_ASK,"JPM,99583,173"
2019-06-28 15:24:40.000000000,QUERY_SPREAD,1
2019-06-28 15:24:40.000000000,BEST_BID,"JPM,99475,471"
2019-06-28 15:24:40.000000000,BEST_ASK,"JPM,99583,99"
2019-06-28 15:24:40.000000000,BEST_BID,"JPM,99475,471"
2019-06-28 15:24:40.000000000,BEST_ASK,"JPM,99583,470"
2019-06-28 15:24:40.791069291,QUERY_SPREAD,6
2019-06-28 15:24:40.791069291,BEST_BID,"JPM,99475,471"
2019-06-28 15:24:40.791069291,BEST_ASK,"JPM,99583,370"
2019-06-28 15:24:40.791069291,LAST_TRADE,"100,$99583.0000"
2019-06-28 15:24:50.000000000,QUERY_SPREAD,1
2019-06-28 15:24:50.000000000,BEST_BID,"JPM,99475,193"
2019-06-28 15:24:50.000000000,BEST_ASK,"JPM,99637,100"
2019-06-28 15:24:50.000000000,BEST_BID,"JPM,99475,193"
2019-06-28 15:24:50.000000000,BEST_ASK,"JPM,99637,100"
2019-06-28 15:24:50.000000000,BEST_BID,"JPM,99475,193"
2019-06-28 15:24:50.000000000,BEST_ASK,"JPM,99637,100"
2019-06-28 15:24:50.000000000,BEST_BID,"JPM,99475,193"
2019-06-28 15:24:50.000000000,BEST_ASK,"JPM,99637,100"
2019-06-28 15:24:50.000000000,BEST_BID,"JPM,99475,193"
2019-06-28 15:24:50.000000000,BEST_ASK,"JPM,99637,193"
2019-06-28 15:24:50.000000000,BEST_BID,"JPM,99475,193"
2019-06-28 15:24:50.000000000,BEST_ASK,"JPM,99637,193"
2019-06-28 15:24:50.000000000,BEST_BID,"JPM,99475,193"
2019-06-28 15:24:50.000000000,BEST_ASK,"JPM,99637,193"
2019-06-28 15:24:50.000000000,BEST_BID,"JPM,99475,193"
2019-06-28 15:24:50.000000000,BEST_ASK,"JPM,99637,193"
2019-06-28 15:24:50.021647011,QUERY_SPREAD,14
2019-06-28 15:24:50.021647011,BEST_BID,"JPM,99475,93"
2019-06-28 15:24:50.021647011,BEST_ASK,"JPM,99637,193"
2019-06-28 15:24:50.021647011,LAST_TRADE,"100,$99475.0000"
2019-06-28 15:25:00.000000000,QUERY_SPREAD,1
2019-06-28 15:25:00.000000000,BEST_BID,"JPM,99393,471"
2019-06-28 15:25:00.000000000,BEST_ASK,"JPM,99637,100"
2019-06-28 15:25:00.000000000,BEST_BID,"JPM,99393,471"
2019-06-28 15:25:00.000000000,BEST_ASK,"JPM,99637,471"
2019-06-28 15:25:00.000000000,QUERY_SPREAD,77
2019-06-28 15:25:00.000000000,BEST_BID,"JPM,99393,466"
2019-06-28 15:25:00.000000000,BEST_ASK,"JPM,99637,471"
2019-06-28 15:25:00.000000000,LAST_TRADE,"5,$99393.0000"
2019-06-28 15:25:00.000000000,QUERY_SPREAD,78
2019-06-28 15:25:00.000000000,BEST_BID,"JPM,99393,458"
2019-06-28 15:25:00.000000000,BEST_ASK,"JPM,99637,471"
2019-06-28 15:25:00.000000000,LAST_TRADE,"8,$99393.0000"
2019-06-28 15:25:00.000000000,QUERY_SPREAD,79
2019-06-28 15:25:00.000000000,BEST_BID,"JPM,99393,453"
2019-06-28 15:25:00.000000000,BEST_ASK,"JPM,99637,471"
2019-06-28 15:25:00.000000000,LAST_TRADE,"5,$99393.0000"
2019-06-28 15:25:00.000000000,QUERY_SPREAD,80
2019-06-28 15:25:00.000000000,BEST_BID,"JPM,99393,445"
2019-06-28 15:25:00.000000000,BEST_ASK,"JPM,99637,471"
2019-06-28 15:25:00.000000000,LAST_TRADE,"8,$99393.0000"
2019-06-28 15:25:00.000000000,QUERY_SPREAD,81
2019-06-28 15:25:00.000000000,BEST_BID,"JPM,99393,436"
2019-06-28 15:25:00.000000000,BEST_ASK,"JPM,99637,471"
2019-06-28 15:25:00.000000000,LAST_TRADE,"9,$99393.0000"
2019-06-28 15:25:00.000000000,QUERY_SPREAD,82
2019-06-28 15:25:00.000000000,BEST_BID,"JPM,99393,433"
2019-06-28 15:25:00.000000000,BEST_ASK,"JPM,99637,471"
2019-06-28 15:25:00.000000000,LAST_TRADE,"3,$99393.0000"
2019-06-28 15:25:00.000000000,QUERY_SPREAD,83
2019-06-28 15:25:00.000000000,BEST_BID,"JPM,99393,425"
2019-06-28 15:25:00.000000000,BEST_ASK,"JPM,99637,471"
2019-06-28 15:25:00.000000000,LAST_TRADE,"8,$99393.0000"
2019-06-28 15:25:00.000000000,QUERY_SPREAD,84
2019-06-28 15:25:00.000000000,BEST_BID,"JPM,99393,421"
2019-06-28 15:25:00.000000000,BEST_ASK,"JPM,99637,471"
2019-06-28 15:25:00.000000000,LAST_TRADE,"4,$99393.0000"
2019-06-28 15:25:00.000000000,QUERY_SPREAD,85
2019-06-28 15:25:00.000000000,BEST_BID,"JPM,99393,416"
2019-06-28 15:25:00.000000000,BEST_ASK,"JPM,99637,471"
2019-06-28 15:25:00.000000000,LAST_TRADE,"5,$99393.0000"
2019-06-28 15:25:00.000000000,QUERY_SPREAD,86
2019-06-28 15:25:00.000000000,BEST_BID,"JPM,99393,414"
2019-06-28 15:25:00.000000000,BEST_ASK,"JPM,99637,471"
2019-06-28 15:25:00.000000000,LAST_TRADE,"2,$99393.0000"
2019-06-28 15:25:00.000000000,QUERY_SPREAD,87
2019-06-28 15:25:00.000000000,BEST_BID,"JPM,99393,407"
2019-06-28 15:25:00.000000000,BEST_ASK,"JPM,99637,471"
2019-06-28 15:25:00.000000000,LAST_TRADE,"7,$99393.0000"
2019-06-28 15:25:00.000000000,QUERY_SPREAD,88
2019-06-28 15:25:00.000000000,BEST_BID,"JPM,99393,399"
2019-06-28 15:25:00.000000000,BEST_ASK,"JPM,99637,471"
2019-06-28 15:25:00.000000000,LAST_TRADE,"8,$99393.0000"
2019-06-28 15:25:00.000000000,QUERY_SPREAD,89
2019-06-28 15:25:00.000000000,BEST_BID,"JPM,99393,394"
2019-06-28 15:25:00.000000000,BEST_ASK,"JPM,99637,471"
2019-06-28 15:25:00.000000000,LAST_TRADE,"5,$99393.0000"
2019-06-28 15:25:00.000000000,QUERY_SPREAD,90
2019-06-28 15:25:00.000000000,BEST_BID,"JPM,99393,390"
2019-06-28 15:25:00.000000000,BEST_ASK,"JPM,99637,471"
2019-06-28 15:25:00.000000000,LAST_TRADE,"4,$99393.0000"
2019-06-28 15:25:00.000000000,QUERY_SPREAD,91
2019-06-28 15:25:00.000000000,BEST_BID,"JPM,99393,387"
2019-06-28 15:25:00.000000000,BEST_ASK,"JPM,99637,471"
2019-06-28 15:25:00.000000000,LAST_TRADE,"3,$99393.0000"
2019-06-28 15:25:00.000000000,QUERY_SPREAD,92
2019-06-28 15:25:00.000000000,BEST_BID,"JPM,99393,382"
2019-06-28 15:25:00.000000000,BEST_ASK,"JPM,99637,471"
2019-06-28 15:25:00.000000000,LAST_TRADE,"5,$99393.0000"
2019-06-28 15:25:00.000000000,QUERY_SPREAD,93
2019-06-28 15:25:00.000000000,BEST_BID,"JPM,99393,375"
2019-06-28 15:25:00.000000000,BEST_ASK,"JPM,99637,471"
2019-06-28 15:25:00.000000000,LAST_TRADE,"7,$99393.0000"
2019-06-28 15:25:00.000000000,QUERY_SPREAD,94
2019-06-28 15:25:00.000000000,BEST_BID,"JPM,99393,374"
2019-06-28 15:25:00.000000000,BEST_ASK,"JPM,99637,471"
2019-06-28 15:25:00.000000000,LAST_TRADE,"1,$99393.0000"
2019-06-28 15:25:00.000000000,QUERY_SPREAD,95
2019-06-28 15:25:00.000000000,BEST_BID,"JPM,99393,373"
2019-06-28 15:25:00.000000000,BEST_ASK,"JPM,99637,471"
2019-06-28 15:25:00.000000000,LAST_TRADE,"1,$99393.0000"
2019-06-28 15:25:00.000000000,QUERY_SPREAD,96
2019-06-28 15:25:00.000000000,BEST_BID,"JPM,99393,369"
2019-06-28 15:25:00.000000000,BEST_ASK,"JPM,99637,471"
2019-06-28 15:25:00.000000000,LAST_TRADE,"4,$99393.0000"
2019-06-28 15:25:00.000000000,QUERY_SPREAD,97
2019-06-28 15:25:00.000000000,BEST_BID,"JPM,99393,366"
2019-06-28 15:25:00.000000000,BEST_ASK,"JPM,99637,471"
2019-06-28 15:25:00.000000000,LAST_TRADE,"3,$99393.0000"
2019-06-28 15:25:00.000000000,QUERY_SPREAD,98
2019-06-28 15:25:00.000000000,BEST_BID,"JPM,99393,361"
2019-06-28 15:25:00.000000000,BEST_ASK,"JPM,99637,471"
2019-06-28 15:25:00.000000000,LAST_TRADE,"5,$99393.0000"
2019-06-28 15:25:00.000000000,QUERY_SPREAD,99
2019-06-28 15:25:00.000000000,BEST_BID,"JPM,99393,357"
2019-06-28 15:25:00.000000000,BEST_ASK,"JPM,99637,471"
2019-06-28 15:25:00.000000000,LAST_TRADE,"4,$99393.0000"
2019-06-28 15:25:00.000000000,QUERY_SPREAD,100
2019-06-28 15:25:00.000000000,BEST_BID,"JPM,99393,352"
2019-06-28 15:25:00.000000000,BEST_ASK,"JPM,99637,471"
2019-06-28 15:25:00.000000000,LAST_TRADE,"5,$99393.0000"
2019-06-28 15:25:00.000000000,QUERY_SPREAD,101
2019-06-28 15:25:00.000000000,BEST_BID,"JPM,99393,352"
2019-06-28 15:25:00.000000000,BEST_ASK,"JPM,99637,470"
2019-06-28 15:25:00.000000000,LAST_TRADE,"1,$99637.0000"
2019-06-28 15:25:10.000000000,QUERY_SPREAD,1
2019-06-28 15:25:10.000000000,BEST_BID,"JPM,99354,174"
2019-06-28 15:25:10.000000000,BEST_ASK,"JPM,99637,99"
2019-06-28 15:25:10.000000000,BEST_BID,"JPM,99354,174"
2019-06-28 15:25:10.000000000,BEST_ASK,"JPM,99637,99"
2019-06-28 15:25:10.000000000,BEST_BID,"JPM,99354,174"
2019-06-28 15:25:10.000000000,BEST_ASK,"JPM,99637,99"
2019-06-28 15:25:10.000000000,BEST_BID,"JPM,99354,174"
2019-06-28 15:25:10.000000000,BEST_ASK,"JPM,99637,99"
2019-06-28 15:25:10.000000000,BEST_BID,"JPM,99354,174"
2019-06-28 15:25:10.000000000,BEST_ASK,"JPM,99637,99"
2019-06-28 15:25:10.000000000,BEST_BID,"JPM,99354,174"
2019-06-28 15:25:10.000000000,BEST_ASK,"JPM,99637,173"
2019-06-28 15:25:10.000000000,BEST_BID,"JPM,99354,174"
2019-06-28 15:25:10.000000000,BEST_ASK,"JPM,99637,173"
2019-06-28 15:25:10.000000000,BEST_BID,"JPM,99354,174"
2019-06-28 15:25:10.000000000,BEST_ASK,"JPM,99637,173"
2019-06-28 15:25:10.000000000,BEST_BID,"JPM,99354,174"
2019-06-28 15:25:10.000000000,BEST_ASK,"JPM,99637,173"
2019-06-28 15:25:10.000000000,BEST_BID,"JPM,99354,174"
2019-06-28 15:25:10.000000000,BEST_ASK,"JPM,99637,173"
2019-06-28 15:25:20.000000000,QUERY_SPREAD,1
2019-06-28 15:25:20.000000000,BEST_BID,"JPM,99354,226"
2019-06-28 15:25:20.000000000,BEST_ASK,"JPM,99637,99"
2019-06-28 15:25:20.000000000,BEST_BID,"JPM,99354,226"
2019-06-28 15:25:20.000000000,BEST_ASK,"JPM,99637,99"
2019-06-28 15:25:20.000000000,BEST_BID,"JPM,99354,226"
2019-06-28 15:25:20.000000000,BEST_ASK,"JPM,99637,99"
2019-06-28 15:25:20.000000000,BEST_BID,"JPM,99354,226"
2019-06-28 15:25:20.000000000,BEST_ASK,"JPM,99637,225"
2019-06-28 15:25:20.000000000,BEST_BID,"JPM,99354,226"
2019-06-28 15:25:20.000000000,BEST_ASK,"JPM,99637,225"
2019-06-28 15:25:20.000000000,BEST_BID,"JPM,99354,226"
2019-06-28 15:25:20.000000000,BEST_ASK,"JPM,99637,225"
2019-06-28 15:25:27.557330380,QUERY_SPREAD,30
2019-06-28 15:25:27.557330380,BEST_BID,"JPM,99354,226"
2019-06-28 15:25:27.557330380,BEST_ASK,"JPM,99637,125"
2019-06-28 15:25:27.557330380,LAST_TRADE,"100,$99637.0000"
2019-06-28 15:25:27.823045772,QUERY_SPREAD,43
2019-06-28 15:25:27.823045772,BEST_BID,"JPM,99354,226"
2019-06-28 15:25:27.823045772,BEST_ASK,"JPM,99637,125"
2019-06-28 15:25:30.000000000,QUERY_SPREAD,1
2019-06-28 15:25:30.000000000,BEST_BID,"JPM,99354,193"
2019-06-28 15:25:30.000000000,BEST_ASK,"JPM,99676,100"
2019-06-28 15:25:30.000000000,BEST_BID,"JPM,99354,193"
2019-06-28 15:25:30.000000000,BEST_ASK,"JPM,99676,100"
2019-06-28 15:25:30.000000000,BEST_BID,"JPM,99354,193"
2019-06-28 15:25:30.000000000,BEST_ASK,"JPM,99676,100"
2019-06-28 15:25:30.000000000,BEST_BID,"JPM,99354,193"
2019-06-28 15:25:30.000000000,BEST_ASK,"JPM,99676,100"
2019-06-28 15:25:30.000000000,BEST_BID,"JPM,99354,193"
2019-06-28 15:25:30.000000000,BEST_ASK,"JPM,99676,193"
2019-06-28 15:25:30.000000000,BEST_BID,"JPM,99354,193"
2019-06-28 15:25:30.000000000,BEST_ASK,"JPM,99676,193"
2019-06-28 15:25:30.000000000,BEST_BID,"JPM,99354,193"
2019-06-28 15:25:30.000000000,BEST_ASK,"JPM,99676,193"
2019-06-28 15:25:30.000000000,BEST_BID,"JPM,99354,193"
2019-06-28 15:25:30.000000000,BEST_ASK,"JPM,99676,193"
2019-06-28 15:25:32.370232963,QUERY_SPREAD,35
2019-06-28 15:25:32.370232963,BEST_BID,"JPM,99354,193"
2019-06-28 15:25:32.370232963,BEST_ASK,"JPM,99676,93"
2019-06-28 15:25:32.370232963,LAST_TRADE,"100,$99676.0000"
2019-06-28 15:25:40.000000000,QUERY_SPREAD,1
2019-06-28 15:25:40.000000000,BEST_BID,"JPM,99354,193"
2019-06-28 15:25:40.000000000,BEST_ASK,"JPM,99873,100"
2019-06-28 15:25:40.000000000,BEST_BID,"JPM,99354,193"
2019-06-28 15:25:40.000000000,BEST_ASK,"JPM,99873,100"
2019-06-28 15:25:40.000000000,BEST_BID,"JPM,99354,193"
2019-06-28 15:25:40.000000000,BEST_ASK,"JPM,99873,100"
2019-06-28 15:25:40.000000000,BEST_BID,"JPM,99354,193"
2019-06-28 15:25:40.000000000,BEST_ASK,"JPM,99873,100"
2019-06-28 15:25:40.000000000,BEST_BID,"JPM,99354,193"
2019-06-28 15:25:40.000000000,BEST_ASK,"JPM,99873,193"
2019-06-28 15:25:40.000000000,BEST_BID,"JPM,99354,193"
2019-06-28 15:25:40.000000000,BEST_ASK,"JPM,99873,193"
2019-06-28 15:25:40.000000000,BEST_BID,"JPM,99354,193"
2019-06-28 15:25:40.000000000,BEST_ASK,"JPM,99873,193"
2019-06-28 15:25:40.000000000,BEST_BID,"JPM,99354,193"
2019-06-28 15:25:40.000000000,BEST_ASK,"JPM,99873,193"
2019-06-28 15:25:45.948029947,QUERY_ORDER_STREAM,69
2019-06-28 15:25:45.948029947,QUERY_SPREAD,69
2019-06-28 15:25:49.075939981,QUERY_SPREAD,16
2019-06-28 15:25:49.075939981,BEST_BID,"JPM,99354,193"
2019-06-28 15:25:49.075939981,BEST_ASK,"JPM,99825,100"
2019-06-28 15:25:50.000000000,QUERY_SPREAD,1
2019-06-28 15:25:50.000000000,BEST_BID,"JPM,99354,226"
2019-06-28 15:25:50.000000000,BEST_ASK,"JPM,99825,100"
2019-06-28 15:25:50.000000000,BEST_BID,"JPM,99354,226"
2019-06-28 15:25:50.000000000,BEST_ASK,"JPM,99825,100"
2019-06-28 15:25:50.000000000,BEST_BID,"JPM,99354,226"
2019-06-28 15:25:50.000000000,BEST_ASK,"JPM,99825,100"
2019-06-28 15:25:50.000000000,BEST_BID,"JPM,99354,226"
2019-06-28 15:25:50.000000000,BEST_ASK,"JPM,99825,226"
2019-06-28 15:25:50.000000000,BEST_BID,"JPM,99354,226"
2019-06-28 15:25:50.000000000,BEST_ASK,"JPM,99825,226"
2019-06-28 15:25:50.000000000,BEST_BID,"JPM,99354,226"
2019-06-28 15:25:50.000000000,BEST_ASK,"JPM,99825,226"
2019-06-28 15:26:00.000000000,QUERY_SPREAD,1
2019-06-28 15:26:00.000000000,BEST_BID,"JPM,99354,471"
2019-06-28 15:26:00.000000000,BEST_ASK,"JPM,99825,100"
2019-06-28 15:26:00.000000000,BEST_BID,"JPM,99354,471"
2019-06-28 15:26:00.000000000,BEST_ASK,"JPM,99825,471"
2019-06-28 15:26:00.000000000,QUERY_SPREAD,77
2019-06-28 15:26:00.000000000,BEST_BID,"JPM,99354,466"
2019-06-28 15:26:00.000000000,BEST_ASK,"JPM,99825,471"
2019-06-28 15:26:00.000000000,LAST_TRADE,"5,$99354.0000"
2019-06-28 15:26:00.000000000,QUERY_SPREAD,78
2019-06-28 15:26:00.000000000,BEST_BID,"JPM,99354,458"
2019-06-28 15:26:00.000000000,BEST_ASK,"JPM,99825,471"
2019-06-28 15:26:00.000000000,LAST_TRADE,"8,$99354.0000"
2019-06-28 15:26:00.000000000,QUERY_SPREAD,79
2019-06-28 15:26:00.000000000,BEST_BID,"JPM,99354,453"
2019-06-28 15:26:00.000000000,BEST_ASK,"JPM,99825,471"
2019-06-28 15:26:00.000000000,LAST_TRADE,"5,$99354.0000"
2019-06-28 15:26:00.000000000,QUERY_SPREAD,80
2019-06-28 15:26:00.000000000,BEST_BID,"JPM,99354,445"
2019-06-28 15:26:00.000000000,BEST_ASK,"JPM,99825,471"
2019-06-28 15:26:00.000000000,LAST_TRADE,"8,$99354.0000"
2019-06-28 15:26:00.000000000,QUERY_SPREAD,81
2019-06-28 15:26:00.000000000,BEST_BID,"JPM,99354,436"
2019-06-28 15:26:00.000000000,BEST_ASK,"JPM,99825,471"
2019-06-28 15:26:00.000000000,LAST_TRADE,"9,$99354.0000"
2019-06-28 15:26:00.000000000,QUERY_SPREAD,82
2019-06-28 15:26:00.000000000,BEST_BID,"JPM,99354,433"
2019-06-28 15:26:00.000000000,BEST_ASK,"JPM,99825,471"
2019-06-28 15:26:00.000000000,LAST_TRADE,"3,$99354.0000"
2019-06-28 15:26:00.000000000,QUERY_SPREAD,83
2019-06-28 15:26:00.000000000,BEST_BID,"JPM,99354,425"
2019-06-28 15:26:00.000000000,BEST_ASK,"JPM,99825,471"
2019-06-28 15:26:00.000000000,LAST_TRADE,"8,$99354.0000"
2019-06-28 15:26:00.000000000,QUERY_SPREAD,84
2019-06-28 15:26:00.000000000,BEST_BID,"JPM,99354,421"
2019-06-28 15:26:00.000000000,BEST_ASK,"JPM,99825,471"
2019-06-28 15:26:00.000000000,LAST_TRADE,"4,$99354.0000"
2019-06-28 15:26:00.000000000,QUERY_SPREAD,85
2019-06-28 15:26:00.000000000,BEST_BID,"JPM,99354,416"
2019-06-28 15:26:00.000000000,BEST_ASK,"JPM,99825,471"
2019-06-28 15:26:00.000000000,LAST_TRADE,"5,$99354.0000"
2019-06-28 15:26:00.000000000,QUERY_SPREAD,86
2019-06-28 15:26:00.000000000,BEST_BID,"JPM,99354,414"
2019-06-28 15:26:00.000000000,BEST_ASK,"JPM,99825,471"
2019-06-28 15:26:00.000000000,LAST_TRADE,"2,$99354.0000"
2019-06-28 15:26:00.000000000,QUERY_SPREAD,87
2019-06-28 15:26:00.000000000,BEST_BID,"JPM,99354,407"
2019-06-28 15:26:00.000000000,BEST_ASK,"JPM,99825,471"
2019-06-28 15:26:00.000000000,LAST_TRADE,"7,$99354.0000"
2019-06-28 15:26:00.000000000,QUERY_SPREAD,88
2019-06-28 15:26:00.000000000,BEST_BID,"JPM,99354,399"
2019-06-28 15:26:00.000000000,BEST_ASK,"JPM,99825,471"
2019-06-28 15:26:00.000000000,LAST_TRADE,"8,$99354.0000"
2019-06-28 15:26:00.000000000,QUERY_SPREAD,89
2019-06-28 15:26:00.000000000,BEST_BID,"JPM,99354,394"
2019-06-28 15:26:00.000000000,BEST_ASK,"JPM,99825,471"
2019-06-28 15:26:00.000000000,LAST_TRADE,"5,$99354.0000"
2019-06-28 15:26:00.000000000,QUERY_SPREAD,90
2019-06-28 15:26:00.000000000,BEST_BID,"JPM,99354,390"
2019-06-28 15:26:00.000000000,BEST_ASK,"JPM,99825,471"
2019-06-28 15:26:00.000000000,LAST_TRADE,"4,$99354.0000"
2019-06-28 15:26:00.000000000,QUERY_SPREAD,91
2019-06-28 15:26:00.000000000,BEST_BID,"JPM,99354,387"
2019-06-28 15:26:00.000000000,BEST_ASK,"JPM,99825,471"
2019-06-28 15:26:00.000000000,LAST_TRADE,"3,$99354.0000"
2019-06-28 15:26:00.000000000,QUERY_SPREAD,92
2019-06-28 15:26:00.000000000,BEST_BID,"JPM,99354,382"
2019-06-28 15:26:00.000000000,BEST_ASK,"JPM,99825,471"
2019-06-28 15:26:00.000000000,LAST_TRADE,"5,$99354.0000"
2019-06-28 15:26:00.000000000,QUERY_SPREAD,93
2019-06-28 15:26:00.000000000,BEST_BID,"JPM,99354,375"
2019-06-28 15:26:00.000000000,BEST_ASK,"JPM,99825,471"
2019-06-28 15:26:00.000000000,LAST_TRADE,"7,$99354.0000"
2019-06-28 15:26:00.000000000,QUERY_SPREAD,94
2019-06-28 15:26:00.000000000,BEST_BID,"JPM,99354,374"
2019-06-28 15:26:00.000000000,BEST_ASK,"JPM,99825,471"
2019-06-28 15:26:00.000000000,LAST_TRADE,"1,$99354.0000"
2019-06-28 15:26:00.000000000,QUERY_SPREAD,95
2019-06-28 15:26:00.000000000,BEST_BID,"JPM,99354,373"
2019-06-28 15:26:00.000000000,BEST_ASK,"JPM,99825,471"
2019-06-28 15:26:00.000000000,LAST_TRADE,"1,$99354.0000"
2019-06-28 15:26:00.000000000,QUERY_SPREAD,96
2019-06-28 15:26:00.000000000,BEST_BID,"JPM,99354,369"
2019-06-28 15:26:00.000000000,BEST_ASK,"JPM,99825,471"
2019-06-28 15:26:00.000000000,LAST_TRADE,"4,$99354.0000"
2019-06-28 15:26:00.000000000,QUERY_SPREAD,97
2019-06-28 15:26:00.000000000,BEST_BID,"JPM,99354,366"
2019-06-28 15:26:00.000000000,BEST_ASK,"JPM,99825,471"
2019-06-28 15:26:00.000000000,LAST_TRADE,"3,$99354.0000"
2019-06-28 15:26:00.000000000,QUERY_SPREAD,98
2019-06-28 15:26:00.000000000,BEST_BID,"JPM,99354,361"
2019-06-28 15:26:00.000000000,BEST_ASK,"JPM,99825,471"
2019-06-28 15:26:00.000000000,LAST_TRADE,"5,$99354.0000"
2019-06-28 15:26:00.000000000,QUERY_SPREAD,99
2019-06-28 15:26:00.000000000,BEST_BID,"JPM,99354,357"
2019-06-28 15:26:00.000000000,BEST_ASK,"JPM,99825,471"
2019-06-28 15:26:00.000000000,LAST_TRADE,"4,$99354.0000"
2019-06-28 15:26:00.000000000,QUERY_SPREAD,100
2019-06-28 15:26:00.000000000,BEST_BID,"JPM,99354,352"
2019-06-28 15:26:00.000000000,BEST_ASK,"JPM,99825,471"
2019-06-28 15:26:00.000000000,LAST_TRADE,"5,$99354.0000"
2019-06-28 15:26:00.000000000,QUERY_SPREAD,101
2019-06-28 15:26:00.000000000,BEST_BID,"JPM,99354,352"
2019-06-28 15:26:00.000000000,BEST_ASK,"JPM,99825,470"
2019-06-28 15:26:00.000000000,LAST_TRADE,"1,$99825.0000"
2019-06-28 15:26:10.000000000,QUERY_SPREAD,1
2019-06-28 15:26:10.000000000,BEST_BID,"JPM,99086,193"
2019-06-28 15:26:10.000000000,BEST_ASK,"JPM,99825,99"
2019-06-28 15:26:10.000000000,BEST_BID,"JPM,99086,193"
2019-06-28 15:26:10.000000000,BEST_ASK,"JPM,99825,99"
2019-06-28 15:26:10.000000000,BEST_BID,"JPM,99086,193"
2019-06-28 15:26:10.000000000,BEST_ASK,"JPM,99825,99"
2019-06-28 15:26:10.000000000,BEST_BID,"JPM,99086,193"
2019-06-28 15:26:10.000000000,BEST_ASK,"JPM,99825,99"
2019-06-28 15:26:10.000000000,BEST_BID,"JPM,99086,193"
2019-06-28 15:26:10.000000000,BEST_ASK,"JPM,99825,192"
2019-06-28 15:26:10.000000000,BEST_BID,"JPM,99086,193"
2019-06-28 15:26:10.000000000,BEST_ASK,"JPM,99825,192"
2019-06-28 15:26:10.000000000,BEST_BID,"JPM,99086,193"
2019-06-28 15:26:10.000000000,BEST_ASK,"JPM,99825,192"
2019-06-28 15:26:10.000000000,BEST_BID,"JPM,99086,193"
2019-06-28 15:26:10.000000000,BEST_ASK,"JPM,99825,192"
2019-06-28 15:26:10.152999727,QUERY_SPREAD,4
2019-06-28 15:26:10.152999727,BEST_BID,"JPM,99776,100"
2019-06-28 15:26:10.152999727,BEST_ASK,"JPM,99825,192"
2019-06-28 15:26:16.623204290,QUERY_SPREAD,9
2019-06-28 15:26:16.623204290,BEST_BID,"JPM,99776,100"
2019-06-28 15:26:16.623204290,BEST_ASK,"JPM,99825,192"
2019-06-28 15:26:20.000000000,QUERY_SPREAD,1
2019-06-28 15:26:20.000000000,BEST_BID,"JPM,99776,174"
2019-06-28 15:26:20.000000000,BEST_ASK,"JPM,99825,99"
2019-06-28 15:26:20.000000000,BEST_BID,"JPM,99776,174"
2019-06-28 15:26:20.000000000,BEST_ASK,"JPM,99825,99"
2019-06-28 15:26:20.000000000,BEST_BID,"JPM,99776,174"
2019-06-28 15:26:20.000000000,BEST_ASK,"JPM,99825,99"
2019-06-28 15:26:20.000000000,BEST_BID,"JPM,99776,174"
2019-06-28 15:26:20.000000000,BEST_ASK,"JPM,99825,99"
2019-06-28 15:26:20.000000000,BEST_BID,"JPM,99776,174"
2019-06-28 15:26:20.000000000,BEST_ASK,"JPM,99825,99"
2019-06-28 15:26:20.000000000,BEST_BID,"JPM,99776,174"
2019-06-28 15:26:20.000000000,BEST_ASK,"JPM,99825,173"
2019-06-28 15:26:20.000000000,BEST_BID,"JPM,99776,174"
2019-06-28 15:26:20.000000000,BEST_ASK,"JPM,99825,173"
2019-06-28 15:26:20.000000000,BEST_BID,"JPM,99776,174"
2019-06-28 15:26:20.000000000,BEST_ASK,"JPM,99825,173"
2019-06-28 15:26:20.000000000,BEST_BID,"JPM,99776,174"
2019-06-28 15:26:20.000000000,BEST_ASK,"JPM,99825,173"
2019-06-28 15:26:20.000000000,BEST_BID,"JPM,99776,174"
2019-06-28 15:26:20.000000000,BEST_ASK,"JPM,99825,173"
2019-06-28 15:26:27.027562745,QUERY_SPREAD,49
2019-06-28 15:26:27.027562745,BEST_BID,"JPM,99776,174"
2019-06-28 15:26:27.027562745,BEST_ASK,"JPM,99825,173"
2019-06-28 15:26:30.000000000,QUERY_SPREAD,1
2019-06-28 15:26:30.000000000,BEST_BID,"JPM,99776,471"
2019-06-28 15:26:30.000000000,BEST_ASK,"JPM,99825,99"
2019-06-28 15:26:30.000000000,BEST_BID,"JPM,99776,471"
2019-06-28 15:26:30.000000000,BEST_ASK,"JPM,99825,470"
2019-06-28 15:26:31.762449719,QUERY_SPREAD,42
2019-06-28 15:26:31.762449719,BEST_BID,"JPM,99776,471"
2019-06-28 15:26:31.762449719,BEST_ASK,"JPM,99825,370"
2019-06-28 15:26:31.762449719,LAST_TRADE,"100,$99825.0000"
2019-06-28 15:26:31.905320328,QUERY_SPREAD,47
2019-06-28 15:26:31.905320328,BEST_BID,"JPM,99776,471"
2019-06-28 15:26:31.905320328,BEST_ASK,"JPM,99825,270"
2019-06-28 15:26:31.905320328,LAST_TRADE,"100,$99825.0000"
2019-06-28 15:26:34.416843769,QUERY_SPREAD,34
2019-06-28 15:26:34.416843769,BEST_BID,"JPM,99776,471"
2019-06-28 15:26:34.416843769,BEST_ASK,"JPM,99825,170"
2019-06-28 15:26:34.416843769,LAST_TRADE,"100,$99825.0000"
2019-06-28 15:26:40.000000000,QUERY_SPREAD,1
2019-06-28 15:26:40.000000000,BEST_BID,"JPM,99776,174"
2019-06-28 15:26:40.000000000,BEST_ASK,"JPM,99873,100"
2019-06-28 15:26:40.000000000,BEST_BID,"JPM,99776,174"
2019-06-28 15:26:40.000000000,BEST_ASK,"JPM,99873,100"
2019-06-28 15:26:40.000000000,BEST_BID,"JPM,99776,174"
2019-06-28 15:26:40.000000000,BEST_ASK,"JPM,99873,100"
2019-06-28 15:26:40.000000000,BEST_BID,"JPM,99776,174"
2019-06-28 15:26:40.000000000,BEST_ASK,"JPM,99873,100"
2019-06-28 15:26:40.000000000,BEST_BID,"JPM,99776,174"
2019-06-28 15:26:40.000000000,BEST_ASK,"JPM,99873,100"
2019-06-28 15:26:40.000000000,BEST_BID,"JPM,99776,174"
2019-06-28 15:26:40.000000000,BEST_ASK,"JPM,99873,174"
2019-06-28 15:26:40.000000000,BEST_BID,"JPM,99776,174"
2019-06-28 15:26:40.000000000,BEST_ASK,"JPM,99873,174"
2019-06-28 15:26:40.000000000,BEST_BID,"JPM,99776,174"
2019-06-28 15:26:40.000000000,BEST_ASK,"JPM,99873,174"
2019-06-28 15:26:40.000000000,BEST_BID,"JPM,99776,174"
2019-06-28 15:26:40.000000000,BEST_ASK,"JPM,99873,174"
2019-06-28 15:26:40.000000000,BEST_BID,"JPM,99776,174"
2019-06-28 15:26:40.000000000,BEST_ASK,"JPM,99873,174"
2019-06-28 15:26:47.288084884,QUERY_SPREAD,40
2019-06-28 15:26:47.288084884,BEST_BID,"JPM,99776,174"
2019-06-28 15:26:47.288084884,BEST_ASK,"JPM,99873,74"
2019-06-28 15:26:50.000000000,QUERY_SPREAD,1
2019-06-28 15:26:50.000000000,BEST_BID,"JPM,99776,286"
2019-06-28 15:26:50.000000000,BEST_ASK,"JPM,99875,200"
2019-06-28 15:26:50.000000000,BEST_BID,"JPM,99776,286"
2019-06-28 15:26:50.000000000,BEST_ASK,"JPM,99875,200"
2019-06-28 15:26:50.000000000,BEST_BID,"JPM,99776,286"
2019-06-28 15:26:50.000000000,BEST_ASK,"JPM,99875,386"
2019-06-28 15:26:50.000000000,BEST_BID,"JPM,99776,286"
2019-06-28 15:26:50.000000000,BEST_ASK,"JPM,99875,386"
2019-06-28 15:27:00.000000000,QUERY_SPREAD,1
2019-06-28 15:27:00.000000000,BEST_BID,"JPM,99776,174"
2019-06-28 15:27:00.000000000,BEST_ASK,"JPM,99875,200"
2019-06-28 15:27:00.000000000,BEST_BID,"JPM,99776,174"
2019-06-28 15:27:00.000000000,BEST_ASK,"JPM,99875,200"
2019-06-28 15:27:00.000000000,BEST_BID,"JPM,99776,174"
2019-06-28 15:27:00.000000000,BEST_ASK,"JPM,99875,200"
2019-06-28 15:27:00.000000000,BEST_BID,"JPM,99776,174"
2019-06-28 15:27:00.000000000,BEST_ASK,"JPM,99875,200"
2019-06-28 15:27:00.000000000,BEST_BID,"JPM,99776,174"
2019-06-28 15:27:00.000000000,BEST_ASK,"JPM,99875,200"
2019-06-28 15:27:00.000000000,BEST_BID,"JPM,99776,174"
2019-06-28 15:27:00.000000000,BEST_ASK,"JPM,99875,274"
2019-06-28 15:27:00.000000000,BEST_BID,"JPM,99776,174"
2019-06-28 15:27:00.000000000,BEST_ASK,"JPM,99875,274"
2019-06-28 15:27:00.000000000,BEST_BID,"JPM,99776,174"
2019-06-28 15:27:00.000000000,BEST_ASK,"JPM,99875,274"
2019-06-28 15:27:00.000000000,BEST_BID,"JPM,99776,174"
2019-06-28 15:27:00.000000000,BEST_ASK,"JPM,99875,274"
2019-06-28 15:27:00.000000000,BEST_BID,"JPM,99776,174"
2019-06-28 15:27:00.000000000,BEST_ASK,"JPM,99875,274"
2019-06-28 15:27:00.000000000,QUERY_SPREAD,77
2019-06-28 15:27:00.000000000,BEST_BID,"JPM,99776,169"
2019-06-28 15:27:00.000000000,BEST_ASK,"JPM,99875,274"
2019-06-28 15:27:00.000000000,LAST_TRADE,"5,$99776.0000"
2019-06-28 15:27:00.000000000,QUERY_SPREAD,78
2019-06-28 15:27:00.000000000,BEST_BID,"JPM,99776,161"
2019-06-28 15:27:00.000000000,BEST_ASK,"JPM,99875,274"
2019-06-28 15:27:00.000000000,LAST_TRADE,"8,$99776.0000"
2019-06-28 15:27:00.000000000,QUERY_SPREAD,79
2019-06-28 15:27:00.000000000,BEST_BID,"JPM,99776,156"
2019-06-28 15:27:00.000000000,BEST_ASK,"JPM,99875,274"
2019-06-28 15:27:00.000000000,LAST_TRADE,"5,$99776.0000"
2019-06-28 15:27:00.000000000,QUERY_SPREAD,80
2019-06-28 15:27:00.000000000,BEST_BID,"JPM,99776,148"
2019-06-28 15:27:00.000000000,BEST_ASK,"JPM,99875,274"
2019-06-28 15:27:00.000000000,LAST_TRADE,"8,$99776.0000"
2019-06-28 15:27:00.000000000,QUERY_SPREAD,81
2019-06-28 15:27:00.000000000,BEST_BID,"JPM,99776,139"
2019-06-28 15:27:00.000000000,BEST_ASK,"JPM,99875,274"
2019-06-28 15:27:00.000000000,LAST_TRADE,"9,$99776.0000"
2019-06-28 15:27:00.000000000,QUERY_SPREAD,82
2019-06-28 15:27:00.000000000,BEST_BID,"JPM,99776,136"
2019-06-28 15:27:00.000000000,BEST_ASK,"JPM,99875,274"
2019-06-28 15:27:00.000000000,LAST_TRADE,"3,$99776.0000"
2019-06-28 15:27:00.000000000,QUERY_SPREAD,83
2019-06-28 15:27:00.000000000,BEST_BID,"JPM,99776,128"
2019-06-28 15:27:00.000000000,BEST_ASK,"JPM,99875,274"
2019-06-28 15:27:00.000000000,LAST_TRADE,"8,$99776.0000"
2019-06-28 15:27:00.000000000,QUERY_SPREAD,84
2019-06-28 15:27:00.000000000,BEST_BID,"JPM,99776,124"
2019-06-28 15:27:00.000000000,BEST_ASK,"JPM,99875,274"
2019-06-28 15:27:00.000000000,LAST_TRADE,"4,$99776.0000"
2019-06-28 15:27:00.000000000,QUERY_SPREAD,85
2019-06-28 15:27:00.000000000,BEST_BID,"JPM,99776,119"
2019-06-28 15:27:00.000000000,BEST_ASK,"JPM,99875,274"
2019-06-28 15:27:00.000000000,LAST_TRADE,"5,$99776.0000"
2019-06-28 15:27:00.000000000,QUERY_SPREAD,86
2019-06-28 15:27:00.000000000,BEST_BID,"JPM,99776,117"
2019-06-28 15:27:00.000000000,BEST_ASK,"JPM,99875,274"
2019-06-28 15:27:00.000000000,LAST_TRADE,"2,$99776.0000"
2019-06-28 15:27:00.000000000,QUERY_SPREAD,87
2019-06-28 15:27:00.000000000,BEST_BID,"JPM,99776,110"
2019-06-28 15:27:00.000000000,BEST_ASK,"JPM,99875,274"
2019-06-28 15:27:00.000000000,LAST_TRADE,"7,$99776.0000"
2019-06-28 15:27:00.000000000,QUERY_SPREAD,88
2019-06-28 15:27:00.000000000,BEST_BID,"JPM,99776,102"
2019-06-28 15:27:00.000000000,BEST_ASK,"JPM,99875,274"
2019-06-28 15:27:00.000000000,LAST_TRADE,"8,$99776.0000"
2019-06-28 15:27:00.000000000,QUERY_SPREAD,89
2019-06-28 15:27:00.000000000,BEST_BID,"JPM,99776,97"
2019-06-28 15:27:00.000000000,BEST_ASK,"JPM,99875,274"
2019-06-28 15:27:00.000000000,LAST_TRADE,"5,$99776.0000"
2019-06-28 15:27:00.000000000,QUERY_SPREAD,90
2019-06-28 15:27:00.000000000,BEST_BID,"JPM,99776,93"
2019-06-28 15:27:00.000000000,BEST_ASK,"JPM,99875,274"
2019-06-28 15:27:00.000000000,LAST_TRADE,"4,$99776.0000"
2019-06-28 15:27:00.000000000,QUERY_SPREAD,91
2019-06-28 15:27:00.000000000,BEST_BID,"JPM,99776,90"
2019-06-28 15:27:00.000000000,BEST_ASK,"JPM,99875,274"
2019-06-28 15:27:00.000000000,LAST_TRADE,"3,$99776.0000"
2019-06-28 15:27:00.000000000,QUERY_SPREAD,92
2019-06-28 15:27:00.000000000,BEST_BID,"JPM,99776,85"
2019-06-28 15:27:00.000000000,BEST_ASK,"JPM,99875,274"
2019-06-28 15:27:00.000000000,LAST_TRADE,"5,$99776.0000"
2019-06-28 15:27:00.000000000,QUERY_SPREAD,93
2019-06-28 15:27:00.000000000,BEST_BID,"JPM,99776,78"
2019-06-28 15:27:00.000000000,BEST_ASK,"JPM,99875,274"
2019-06-28 15:27:00.000000000,LAST_TRADE,"7,$99776.0000"
2019-06-28 15:27:00.000000000,QUERY_SPREAD,94
2019-06-28 15:27:00.000000000,BEST_BID,"JPM,99776,77"
2019-06-28 15:27:00.000000000,BEST_ASK,"JPM,99875,274"
2019-06-28 15:27:00.000000000,LAST_TRADE,"1,$99776.0000"
2019-06-28 15:27:00.000000000,QUERY_SPREAD,95
2019-06-28 15:27:00.000000000,BEST_BID,"JPM,99776,76"
2019-06-28 15:27:00.000000000,BEST_ASK,"JPM,99875,274"
2019-06-28 15:27:00.000000000,LAST_TRADE,"1,$99776.0000"
2019-06-28 15:27:00.000000000,QUERY_SPREAD,96
2019-06-28 15:27:00.000000000,BEST_BID,"JPM,99776,72"
2019-06-28 15:27:00.000000000,BEST_ASK,"JPM,99875,274"
2019-06-28 15:27:00.000000000,LAST_TRADE,"4,$99776.0000"
2019-06-28 15:27:00.000000000,QUERY_SPREAD,97
2019-06-28 15:27:00.000000000,BEST_BID,"JPM,99776,69"
2019-06-28 15:27:00.000000000,BEST_ASK,"JPM,99875,274"
2019-06-28 15:27:00.000000000,LAST_TRADE,"3,$99776.0000"
2019-06-28 15:27:00.000000000,QUERY_SPREAD,98
2019-06-28 15:27:00.000000000,BEST_BID,"JPM,99776,64"
2019-06-28 15:27:00.000000000,BEST_ASK,"JPM,99875,274"
2019-06-28 15:27:00.000000000,LAST_TRADE,"5,$99776.0000"
2019-06-28 15:27:00.000000000,QUERY_SPREAD,99
2019-06-28 15:27:00.000000000,BEST_BID,"JPM,99776,60"
2019-06-28 15:27:00.000000000,BEST_ASK,"JPM,99875,274"
2019-06-28 15:27:00.000000000,LAST_TRADE,"4,$99776.0000"
2019-06-28 15:27:00.000000000,QUERY_SPREAD,100
2019-06-28 15:27:00.000000000,BEST_BID,"JPM,99776,55"
2019-06-28 15:27:00.000000000,BEST_ASK,"JPM,99875,274"
2019-06-28 15:27:00.000000000,LAST_TRADE,"5,$99776.0000"
2019-06-28 15:27:00.000000000,QUERY_SPREAD,101
2019-06-28 15:27:00.000000000,BEST_BID,"JPM,99776,55"
2019-06-28 15:27:00.000000000,BEST_ASK,"JPM,99875,273"
2019-06-28 15:27:00.000000000,LAST_TRADE,"1,$99875.0000"
2019-06-28 15:27:10.000000000,QUERY_SPREAD,1
2019-06-28 15:27:10.000000000,BEST_BID,"JPM,99086,226"
2019-06-28 15:27:10.000000000,BEST_ASK,"JPM,99875,199"
2019-06-28 15:27:10.000000000,BEST_BID,"JPM,99086,226"
2019-06-28 15:27:10.000000000,BEST_ASK,"JPM,99875,199"
2019-06-28 15:27:10.000000000,BEST_BID,"JPM,99086,226"
2019-06-28 15:27:10.000000000,BEST_ASK,"JPM,99875,199"
2019-06-28 15:27:10.000000000,BEST_BID,"JPM,99086,226"
2019-06-28 15:27:10.000000000,BEST_ASK,"JPM,99875,325"
2019-06-28 15:27:10.000000000,BEST_BID,"JPM,99086,226"
2019-06-28 15:27:10.000000000,BEST_ASK,"JPM,99875,325"
2019-06-28 15:27:10.000000000,BEST_BID,"JPM,99086,226"
2019-06-28 15:27:10.000000000,BEST_ASK,"JPM,99875,325"
2019-06-28 15:27:14.274970587,QUERY_ORDER_STREAM,75
2019-06-28 15:27:14.274970587,QUERY_SPREAD,75
2019-06-28 15:27:14.274970587,BEST_BID,"JPM,99086,226"
2019-06-28 15:27:14.274970587,BEST_ASK,"JPM,99875,425"
2019-06-28 15:27:20.000000000,QUERY_SPREAD,1
2019-06-28 15:27:20.000000000,BEST_BID,"JPM,99086,193"
2019-06-28 15:27:20.000000000,BEST_ASK,"JPM,99875,299"
2019-06-28 15:27:20.000000000,BEST_BID,"JPM,99086,193"
2019-06-28 15:27:20.000000000,BEST_ASK,"JPM,99875,299"
2019-06-28 15:27:20.000000000,BEST_BID,"JPM,99086,193"
2019-06-28 15:27:20.000000000,BEST_ASK,"JPM,99875,299"
2019-06-28 15:27:20.000000000,BEST_BID,"JPM,99086,193"
2019-06-28 15:27:20.000000000,BEST_ASK,"JPM,99875,299"
2019-06-28 15:27:20.000000000,BEST_BID,"JPM,99086,193"
2019-06-28 15:27:20.000000000,BEST_ASK,"JPM,99875,392"
2019-06-28 15:27:20.000000000,BEST_BID,"JPM,99086,193"
2019-06-28 15:27:20.000000000,BEST_ASK,"JPM,99875,392"
2019-06-28 15:27:20.000000000,BEST_BID,"JPM,99086,193"
2019-06-28 15:27:20.000000000,BEST_ASK,"JPM,99875,392"
2019-06-28 15:27:20.000000000,BEST_BID,"JPM,99086,193"
2019-06-28 15:27:20.000000000,BEST_ASK,"JPM,99875,392"
2019-06-28 15:27:22.732678051,QUERY_SPREAD,18
2019-06-28 15:27:22.732678051,BEST_BID,"JPM,99086,193"
2019-06-28 15:27:22.732678051,BEST_ASK,"JPM,99477,100"
2019-06-28 15:27:24.441465451,QUERY_ORDER_STREAM,68
2019-06-28 15:27:24.441465451,QUERY_SPREAD,68
2019-06-28 15:27:30.000000000,QUERY_SPREAD,1
2019-06-28 15:27:30.000000000,BEST_BID,"JPM,99086,286"
2019-06-28 15:27:30.000000000,BEST_ASK,"JPM,99477,100"
2019-06-28 15:27:30.000000000,BEST_BID,"JPM,99086,286"
2019-06-28 15:27:30.000000000,BEST_ASK,"JPM,99477,100"
2019-06-28 15:27:30.000000000,BEST_BID,"JPM,99086,286"
2019-06-28 15:27:30.000000000,BEST_ASK,"JPM,99477,286"
2019-06-28 15:27:30.000000000,BEST_BID,"JPM,99086,286"
2019-06-28 15:27:30.000000000,BEST_ASK,"JPM,99477,286"
2019-06-28 15:27:36.579672443,QUERY_ORDER_STREAM,74
2019-06-28 15:27:36.579672443,QUERY_SPREAD,74
2019-06-28 15:27:36.579672443,BEST_BID,"JPM,99086,286"
2019-06-28 15:27:36.579672443,BEST_ASK,"JPM,99477,286"
2019-06-28 15:27:40.000000000,QUERY_SPREAD,1
2019-06-28 15:27:40.000000000,BEST_BID,"JPM,99086,174"
2019-06-28 15:27:40.000000000,BEST_ASK,"JPM,99477,100"
2019-06-28 15:27:40.000000000,BEST_BID,"JPM,99086,174"
2019-06-28 15:27:40.000000000,BEST_ASK,"JPM,99477,100"
2019-06-28 15:27:40.000000000,BEST_BID,"JPM,99086,174"
2019-06-28 15:27:40.000000000,BEST_ASK,"JPM,99477,100"
2019-06-28 15:27:40.000000000,BEST_BID,"JPM,99086,174"
2019-06-28 15:27:40.000000000,BEST_ASK,"JPM,99477,100"
2019-06-28 15:27:40.000000000,BEST_BID,"JPM,99086,174"
2019-06-28 15:27:40.000000000,BEST_ASK,"JPM,99477,174"
2019-06-28 15:27:40.000000000,BEST_BID,"JPM,99086,174"
2019-06-28 15:27:40.000000000,BEST_ASK,"JPM,99477,174"
2019-06-28 15:27:40.000000000,BEST_BID,"JPM,99086,174"
2019-06-28 15:27:40.000000000,BEST_ASK,"JPM,99477,174"
2019-06-28 15:27:40.000000000,BEST_BID,"JPM,99086,174"
2019-06-28 15:27:40.000000000,BEST_ASK,"JPM,99477,174"
2019-06-28 15:27:40.000000000,BEST_BID,"JPM,99086,174"
2019-06-28 15:27:40.000000000,BEST_ASK,"JPM,99477,174"
2019-06-28 15:27:40.753320217,QUERY_SPREAD,3
2019-06-28 15:27:40.753320217,BEST_BID,"JPM,99086,174"
2019-06-28 15:27:40.753320217,BEST_ASK,"JPM,99432,100"
2019-06-28 15:27:50.000000000,QUERY_SPREAD,1
2019-06-28 15:27:50.000000000,BEST_BID,"JPM,99086,286"
2019-06-28 15:27:50.000000000,BEST_ASK,"JPM,99432,100"
2019-06-28 15:27:50.000000000,BEST_BID,"JPM,99086,286"
2019-06-28 15:27:50.000000000,BEST_ASK,"JPM,99432,100"
2019-06-28 15:27:50.000000000,BEST_BID,"JPM,99086,286"
2019-06-28 15:27:50.000000000,BEST_ASK,"JPM,99432,286"
2019-06-28 15:27:50.000000000,BEST_BID,"JPM,99086,286"
2019-06-28 15:27:50.000000000,BEST_ASK,"JPM,99432,286"
2019-06-28 15:28:00.000000000,QUERY_SPREAD,1
2019-06-28 15:28:00.000000000,BEST_BID,"JPM,99086,174"
2019-06-28 15:28:00.000000000,BEST_ASK,"JPM,99432,100"
2019-06-28 15:28:00.000000000,BEST_BID,"JPM,99086,174"
2019-06-28 15:28:00.000000000,BEST_ASK,"JPM,99432,100"
2019-06-28 15:28:00.000000000,BEST_BID,"JPM,99086,174"
2019-06-28 15:28:00.000000000,BEST_ASK,"JPM,99432,100"
2019-06-28 15:28:00.000000000,BEST_BID,"JPM,99086,174"
2019-06-28 15:28:00.000000000,BEST_ASK,"JPM,99432,100"
2019-06-28 15:28:00.000000000,BEST_BID,"JPM,99086,174"
2019-06-28 15:28:00.000000000,BEST_ASK,"JPM,99432,174"
2019-06-28 15:28:00.000000000,BEST_BID,"JPM,99086,174"
2019-06-28 15:28:00.000000000,BEST_ASK,"JPM,99432,174"
2019-06-28 15:28:00.000000000,BEST_BID,"JPM,99086,174"
2019-06-28 15:28:00.000000000,BEST_ASK,"JPM,99432,174"
2019-06-28 15:28:00.000000000,BEST_BID,"JPM,99086,174"
2019-06-28 15:28:00.000000000,BEST_ASK,"JPM,99432,174"
2019-06-28 15:28:00.000000000,BEST_BID,"JPM,99086,174"
2019-06-28 15:28:00.000000000,BEST_ASK,"JPM,99432,174"
2019-06-28 15:28:00.000000000,QUERY_SPREAD,77
2019-06-28 15:28:00.000000000,BEST_BID,"JPM,99086,169"
2019-06-28 15:28:00.000000000,BEST_ASK,"JPM,99432,174"
2019-06-28 15:28:00.000000000,LAST_TRADE,"5,$99086.0000"
2019-06-28 15:28:00.000000000,QUERY_SPREAD,78
2019-06-28 15:28:00.000000000,BEST_BID,"JPM,99086,161"
2019-06-28 15:28:00.000000000,BEST_ASK,"JPM,99432,174"
2019-06-28 15:28:00.000000000,LAST_TRADE,"8,$99086.0000"
2019-06-28 15:28:00.000000000,QUERY_SPREAD,79
2019-06-28 15:28:00.000000000,BEST_BID,"JPM,99086,156"
2019-06-28 15:28:00.000000000,BEST_ASK,"JPM,99432,174"
2019-06-28 15:28:00.000000000,LAST_TRADE,"5,$99086.0000"
2019-06-28 15:28:00.000000000,QUERY_SPREAD,80
2019-06-28 15:28:00.000000000,BEST_BID,"JPM,99086,148"
2019-06-28 15:28:00.000000000,BEST_ASK,"JPM,99432,174"
2019-06-28 15:28:00.000000000,LAST_TRADE,"8,$99086.0000"
2019-06-28 15:28:00.000000000,QUERY_SPREAD,81
2019-06-28 15:28:00.000000000,BEST_BID,"JPM,99086,139"
2019-06-28 15:28:00.000000000,BEST_ASK,"JPM,99432,174"
2019-06-28 15:28:00.000000000,LAST_TRADE,"9,$99086.0000"
2019-06-28 15:28:00.000000000,QUERY_SPREAD,82
2019-06-28 15:28:00.000000000,BEST_BID,"JPM,99086,136"
2019-06-28 15:28:00.000000000,BEST_ASK,"JPM,99432,174"
2019-06-28 15:28:00.000000000,LAST_TRADE,"3,$99086.0000"
2019-06-28 15:28:00.000000000,QUERY_SPREAD,83
2019-06-28 15:28:00.000000000,BEST_BID,"JPM,99086,128"
2019-06-28 15:28:00.000000000,BEST_ASK,"JPM,99432,174"
2019-06-28 15:28:00.000000000,LAST_TRADE,"8,$99086.0000"
2019-06-28 15:28:00.000000000,QUERY_SPREAD,84
2019-06-28 15:28:00.000000000,BEST_BID,"JPM,99086,124"
2019-06-28 15:28:00.000000000,BEST_ASK,"JPM,99432,174"
2019-06-28 15:28:00.000000000,LAST_TRADE,"4,$99086.0000"
2019-06-28 15:28:00.000000000,QUERY_SPREAD,85
2019-06-28 15:28:00.000000000,BEST_BID,"JPM,99086,119"
2019-06-28 15:28:00.000000000,BEST_ASK,"JPM,99432,174"
2019-06-28 15:28:00.000000000,LAST_TRADE,"5,$99086.0000"
2019-06-28 15:28:00.000000000,QUERY_SPREAD,86
2019-06-28 15:28:00.000000000,BEST_BID,"JPM,99086,117"
2019-06-28 15:28:00.000000000,BEST_ASK,"JPM,99432,174"
2019-06-28 15:28:00.000000000,LAST_TRADE,"2,$99086.0000"
2019-06-28 15:28:00.000000000,QUERY_SPREAD,87
2019-06-28 15:28:00.000000000,BEST_BID,"JPM,99086,110"
2019-06-28 15:28:00.000000000,BEST_ASK,"JPM,99432,174"
2019-06-28 15:28:00.000000000,LAST_TRADE,"7,$99086.0000"
2019-06-28 15:28:00.000000000,QUERY_SPREAD,88
2019-06-28 15:28:00.000000000,BEST_BID,"JPM,99086,102"
2019-06-28 15:28:00.000000000,BEST_ASK,"JPM,99432,174"
2019-06-28 15:28:00.000000000,LAST_TRADE,"8,$99086.0000"
2019-06-28 15:28:00.000000000,QUERY_SPREAD,89
2019-06-28 15:28:00.000000000,BEST_BID,"JPM,99086,97"
2019-06-28 15:28:00.000000000,BEST_ASK,"JPM,99432,174"
2019-06-28 15:28:00.000000000,LAST_TRADE,"5,$99086.0000"
2019-06-28 15:28:00.000000000,QUERY_SPREAD,90
2019-06-28 15:28:00.000000000,BEST_BID,"JPM,99086,93"
2019-06-28 15:28:00.000000000,BEST_ASK,"JPM,99432,174"
2019-06-28 15:28:00.000000000,LAST_TRADE,"4,$99086.0000"
2019-06-28 15:28:00.000000000,QUERY_SPREAD,91
2019-06-28 15:28:00.000000000,BEST_BID,"JPM,99086,90"
2019-06-28 15:28:00.000000000,BEST_ASK,"JPM,99432,174"
2019-06-28 15:28:00.000000000,LAST_TRADE,"3,$99086.0000"
2019-06-28 15:28:00.000000000,QUERY_SPREAD,92
2019-06-28 15:28:00.000000000,BEST_BID,"JPM,99086,85"
2019-06-28 15:28:00.000000000,BEST_ASK,"JPM,99432,174"
2019-06-28 15:28:00.000000000,LAST_TRADE,"5,$99086.0000"
2019-06-28 15:28:00.000000000,QUERY_SPREAD,93
2019-06-28 15:28:00.000000000,BEST_BID,"JPM,99086,78"
2019-06-28 15:28:00.000000000,BEST_ASK,"JPM,99432,174"
2019-06-28 15:28:00.000000000,LAST_TRADE,"7,$99086.0000"
2019-06-28 15:28:00.000000000,QUERY_SPREAD,94
2019-06-28 15:28:00.000000000,BEST_BID,"JPM,99086,77"
2019-06-28 15:28:00.000000000,BEST_ASK,"JPM,99432,174"
2019-06-28 15:28:00.000000000,LAST_TRADE,"1,$99086.0000"
2019-06-28 15:28:00.000000000,QUERY_SPREAD,95
2019-06-28 15:28:00.000000000,BEST_BID,"JPM,99086,76"
2019-06-28 15:28:00.000000000,BEST_ASK,"JPM,99432,174"
2019-06-28 15:28:00.000000000,LAST_TRADE,"1,$99086.0000"
2019-06-28 15:28:00.000000000,QUERY_SPREAD,96
2019-06-28 15:28:00.000000000,BEST_BID,"JPM,99086,72"
2019-06-28 15:28:00.000000000,BEST_ASK,"JPM,99432,174"
2019-06-28 15:28:00.000000000,LAST_TRADE,"4,$99086.0000"
2019-06-28 15:28:00.000000000,QUERY_SPREAD,97
2019-06-28 15:28:00.000000000,BEST_BID,"JPM,99086,69"
2019-06-28 15:28:00.000000000,BEST_ASK,"JPM,99432,174"
2019-06-28 15:28:00.000000000,LAST_TRADE,"3,$99086.0000"
2019-06-28 15:28:00.000000000,QUERY_SPREAD,98
2019-06-28 15:28:00.000000000,BEST_BID,"JPM,99086,64"
2019-06-28 15:28:00.000000000,BEST_ASK,"JPM,99432,174"
2019-06-28 15:28:00.000000000,LAST_TRADE,"5,$99086.0000"
2019-06-28 15:28:00.000000000,QUERY_SPREAD,99
2019-06-28 15:28:00.000000000,BEST_BID,"JPM,99086,60"
2019-06-28 15:28:00.000000000,BEST_ASK,"JPM,99432,174"
2019-06-28 15:28:00.000000000,LAST_TRADE,"4,$99086.0000"
2019-06-28 15:28:00.000000000,QUERY_SPREAD,100
2019-06-28 15:28:00.000000000,BEST_BID,"JPM,99086,55"
2019-06-28 15:28:00.000000000,BEST_ASK,"JPM,99432,174"
2019-06-28 15:28:00.000000000,LAST_TRADE,"5,$99086.0000"
2019-06-28 15:28:00.000000000,QUERY_SPREAD,101
2019-06-28 15:28:00.000000000,BEST_BID,"JPM,99086,55"
2019-06-28 15:28:00.000000000,BEST_ASK,"JPM,99432,173"
2019-06-28 15:28:00.000000000,LAST_TRADE,"1,$99432.0000"
2019-06-28 15:28:06.783679114,QUERY_SPREAD,31
2019-06-28 15:28:06.783679114,BEST_BID,"JPM,99086,55"
2019-06-28 15:28:06.783679114,BEST_ASK,"JPM,99432,73"
2019-06-28 15:28:06.783679114,LAST_TRADE,"100,$99432.0000"
2019-06-28 15:28:10.000000000,QUERY_SPREAD,1
2019-06-28 15:28:10.000000000,BEST_BID,"JPM,99052,174"
2019-06-28 15:28:10.000000000,BEST_ASK,"JPM,99477,100"
2019-06-28 15:28:10.000000000,BEST_BID,"JPM,99052,174"
2019-06-28 15:28:10.000000000,BEST_ASK,"JPM,99477,100"
2019-06-28 15:28:10.000000000,BEST_BID,"JPM,99052,174"
2019-06-28 15:28:10.000000000,BEST_ASK,"JPM,99477,100"
2019-06-28 15:28:10.000000000,BEST_BID,"JPM,99052,174"
2019-06-28 15:28:10.000000000,BEST_ASK,"JPM,99477,174"
2019-06-28 15:28:10.000000000,BEST_BID,"JPM,99052,174"
2019-06-28 15:28:10.000000000,BEST_ASK,"JPM,99477,174"
2019-06-28 15:28:10.000000000,BEST_BID,"JPM,99052,174"
2019-06-28 15:28:10.000000000,BEST_ASK,"JPM,99477,174"
2019-06-28 15:28:10.000000000,BEST_BID,"JPM,99052,174"
2019-06-28 15:28:10.000000000,BEST_ASK,"JPM,99477,174"
2019-06-28 15:28:10.000000000,BEST_BID,"JPM,99052,174"
2019-06-28 15:28:10.000000000,BEST_ASK,"JPM,99477,174"
2019-06-28 15:28:11.146120123,QUERY_SPREAD,30
2019-06-28 15:28:11.146120123,BEST_BID,"JPM,99052,174"
2019-06-28 15:28:11.146120123,BEST_ASK,"JPM,99477,74"
2019-06-28 15:28:11.146120123,LAST_TRADE,"100,$99477.0000"
2019-06-28 15:28:19.692848948,QUERY_SPREAD,32
2019-06-28 15:28:19.692848948,BEST_BID,"JPM,99052,174"
2019-06-28 15:28:19.692848948,BEST_ASK,"JPM,99477,74"
2019-06-28 15:28:20.000000000,QUERY_SPREAD,1
2019-06-28 15:28:20.000000000,BEST_BID,"JPM,99052,286"
2019-06-28 15:28:20.000000000,BEST_ASK,"JPM,99733,100"
2019-06-28 15:28:20.000000000,BEST_BID,"JPM,99052,286"
2019-06-28 15:28:20.000000000,BEST_ASK,"JPM,99733,100"
2019-06-28 15:28:20.000000000,BEST_BID,"JPM,99052,286"
2019-06-28 15:28:20.000000000,BEST_ASK,"JPM,99733,286"
2019-06-28 15:28:20.000000000,BEST_BID,"JPM,99052,286"
2019-06-28 15:28:20.000000000,BEST_ASK,"JPM,99733,286"
2019-06-28 15:28:30.000000000,QUERY_SPREAD,1
2019-06-28 15:28:30.000000000,BEST_BID,"JPM,99052,193"
2019-06-28 15:28:30.000000000,BEST_ASK,"JPM,99733,100"
2019-06-28 15:28:30.000000000,BEST_BID,"JPM,99052,193"
2019-06-28 15:28:30.000000000,BEST_ASK,"JPM,99733,100"
2019-06-28 15:28:30.000000000,BEST_BID,"JPM,99052,193"
2019-06-28 15:28:30.000000000,BEST_ASK,"JPM,99733,100"
2019-06-28 15:28:30.000000000,BEST_BID,"JPM,99052,193"
2019-06-28 15:28:30.000000000,BEST_ASK,"JPM,99733,193"
2019-06-28 15:28:30.000000000,BEST_BID,"JPM,99052,193"
2019-06-28 15:28:30.000000000,BEST_ASK,"JPM,99733,193"
2019-06-28 15:28:30.000000000,BEST_BID,"JPM,99052,193"
2019-06-28 15:28:30.000000000,BEST_ASK,"JPM,99733,193"
2019-06-28 15:28:30.000000000,BEST_BID,"JPM,99052,193"
2019-06-28 15:28:30.000000000,BEST_ASK,"JPM,99733,193"
2019-06-28 15:28:40.000000000,QUERY_SPREAD,1
2019-06-28 15:28:40.000000000,BEST_BID,"JPM,99052,471"
2019-06-28 15:28:40.000000000,BEST_ASK,"JPM,99733,100"
2019-06-28 15:28:40.000000000,BEST_BID,"JPM,99052,471"
2019-06-28 15:28:40.000000000,BEST_ASK,"JPM,99733,471"
2019-06-28 15:28:50.000000000,QUERY_SPREAD,1
2019-06-28 15:28:50.000000000,BEST_BID,"JPM,99052,286"
2019-06-28 15:28:50.000000000,BEST_ASK,"JPM,99733,100"
2019-06-28 15:28:50.000000000,BEST_BID,"JPM,99052,286"
2019-06-28 15:28:50.000000000,BEST_ASK,"JPM,99733,100"
2019-06-28 15:28:50.000000000,BEST_BID,"JPM,99052,286"
2019-06-28 15:28:50.000000000,BEST_ASK,"JPM,99733,286"
2019-06-28 15:28:50.000000000,BEST_BID,"JPM,99052,286"
2019-06-28 15:28:50.000000000,BEST_ASK,"JPM,99733,286"
2019-06-28 15:28:59.651785906,QUERY_SPREAD,42
2019-06-28 15:28:59.651785906,BEST_BID,"JPM,99417,100"
2019-06-28 15:28:59.651785906,BEST_ASK,"JPM,99733,286"
2019-06-28 15:28:59.770988331,QUERY_SPREAD,45
2019-06-28 15:28:59.770988331,BEST_BID,"JPM,99417,100"
2019-06-28 15:28:59.770988331,BEST_ASK,"JPM,99733,286"
2019-06-28 15:29:00.000000000,QUERY_SPREAD,1
2019-06-28 15:29:00.000000000,BEST_BID,"JPM,99417,193"
2019-06-28 15:29:00.000000000,BEST_ASK,"JPM,99733,100"
2019-06-28 15:29:00.000000000,BEST_BID,"JPM,99417,193"
2019-06-28 15:29:00.000000000,BEST_ASK,"JPM,99733,100"
2019-06-28 15:29:00.000000000,BEST_BID,"JPM,99417,193"
2019-06-28 15:29:00.000000000,BEST_ASK,"JPM,99733,100"
2019-06-28 15:29:00.000000000,BEST_BID,"JPM,99417,193"
2019-06-28 15:29:00.000000000,BEST_ASK,"JPM,99733,100"
2019-06-28 15:29:00.000000000,BEST_BID,"JPM,99417,193"
2019-06-28 15:29:00.000000000,BEST_ASK,"JPM,99733,193"
2019-06-28 15:29:00.000000000,BEST_BID,"JPM,99417,193"
2019-06-28 15:29:00.000000000,BEST_ASK,"JPM,99733,193"
2019-06-28 15:29:00.000000000,BEST_BID,"JPM,99417,193"
2019-06-28 15:29:00.000000000,BEST_ASK,"JPM,99733,193"
2019-06-28 15:29:00.000000000,BEST_BID,"JPM,99417,193"
2019-06-28 15:29:00.000000000,BEST_ASK,"JPM,99733,193"
2019-06-28 15:29:00.000000000,QUERY_SPREAD,77
2019-06-28 15:29:00.000000000,BEST_BID,"JPM,99417,188"
2019-06-28 15:29:00.000000000,BEST_ASK,"JPM,99733,193"
2019-06-28 15:29:00.000000000,LAST_TRADE,"5,$99417.0000"
2019-06-28 15:29:00.000000000,QUERY_SPREAD,78
2019-06-28 15:29:00.000000000,BEST_BID,"JPM,99417,180"
2019-06-28 15:29:00.000000000,BEST_ASK,"JPM,99733,193"
2019-06-28 15:29:00.000000000,LAST_TRADE,"8,$99417.0000"
2019-06-28 15:29:00.000000000,QUERY_SPREAD,79
2019-06-28 15:29:00.000000000,BEST_BID,"JPM,99417,175"
2019-06-28 15:29:00.000000000,BEST_ASK,"JPM,99733,193"
2019-06-28 15:29:00.000000000,LAST_TRADE,"5,$99417.0000"
2019-06-28 15:29:00.000000000,QUERY_SPREAD,80
2019-06-28 15:29:00.000000000,BEST_BID,"JPM,99417,167"
2019-06-28 15:29:00.000000000,BEST_ASK,"JPM,99733,193"
2019-06-28 15:29:00.000000000,LAST_TRADE,"8,$99417.0000"
2019-06-28 15:29:00.000000000,QUERY_SPREAD,81
2019-06-28 15:29:00.000000000,BEST_BID,"JPM,99417,158"
2019-06-28 15:29:00.000000000,BEST_ASK,"JPM,99733,193"
2019-06-28 15:29:00.000000000,LAST_TRADE,"9,$99417.0000"
2019-06-28 15:29:00.000000000,QUERY_SPREAD,82
2019-06-28 15:29:00.000000000,BEST_BID,"JPM,99417,155"
2019-06-28 15:29:00.000000000,BEST_ASK,"JPM,99733,193"
2019-06-28 15:29:00.000000000,LAST_TRADE,"3,$99417.0000"
2019-06-28 15:29:00.000000000,QUERY_SPREAD,83
2019-06-28 15:29:00.000000000,BEST_BID,"JPM,99417,147"
2019-06-28 15:29:00.000000000,BEST_ASK,"JPM,99733,193"
2019-06-28 15:29:00.000000000,LAST_TRADE,"8,$99417.0000"
2019-06-28 15:29:00.000000000,QUERY_SPREAD,84
2019-06-28 15:29:00.000000000,BEST_BID,"JPM,99417,143"
2019-06-28 15:29:00.000000000,BEST_ASK,"JPM,99733,193"
2019-06-28 15:29:00.000000000,LAST_TRADE,"4,$99417.0000"
2019-06-28 15:29:00.000000000,QUERY_SPREAD,85
2019-06-28 15:29:00.000000000,BEST_BID,"JPM,99417,138"
2019-06-28 15:29:00.000000000,BEST_ASK,"JPM,99733,193"
2019-06-28 15:29:00.000000000,LAST_TRADE,"5,$99417.0000"
2019-06-28 15:29:00.000000000,QUERY_SPREAD,86
2019-06-28 15:29:00.000000000,BEST_BID,"JPM,99417,136"
2019-06-28 15:29:00.000000000,BEST_ASK,"JPM,99733,193"
2019-06-28 15:29:00.000000000,LAST_TRADE,"2,$99417.0000"
2019-06-28 15:29:00.000000000,QUERY_SPREAD,87
2019-06-28 15:29:00.000000000,BEST_BID,"JPM,99417,129"
2019-06-28 15:29:00.000000000,BEST_ASK,"JPM,99733,193"
2019-06-28 15:29:00.000000000,LAST_TRADE,"7,$99417.0000"
2019-06-28 15:29:00.000000000,QUERY_SPREAD,88
2019-06-28 15:29:00.000000000,BEST_BID,"JPM,99417,121"
2019-06-28 15:29:00.000000000,BEST_ASK,"JPM,99733,193"
2019-06-28 15:29:00.000000000,LAST_TRADE,"8,$99417.0000"
2019-06-28 15:29:00.000000000,QUERY_SPREAD,89
2019-06-28 15:29:00.000000000,BEST_BID,"JPM,99417,116"
2019-06-28 15:29:00.000000000,BEST_ASK,"JPM,99733,193"
2019-06-28 15:29:00.000000000,LAST_TRADE,"5,$99417.0000"
2019-06-28 15:29:00.000000000,QUERY_SPREAD,90
2019-06-28 15:29:00.000000000,BEST_BID,"JPM,99417,112"
2019-06-28 15:29:00.000000000,BEST_ASK,"JPM,99733,193"
2019-06-28 15:29:00.000000000,LAST_TRADE,"4,$99417.0000"
2019-06-28 15:29:00.000000000,QUERY_SPREAD,91
2019-06-28 15:29:00.000000000,BEST_BID,"JPM,99417,109"
2019-06-28 15:29:00.000000000,BEST_ASK,"JPM,99733,193"
2019-06-28 15:29:00.000000000,LAST_TRADE,"3,$99417.0000"
2019-06-28 15:29:00.000000000,QUERY_SPREAD,92
2019-06-28 15:29:00.000000000,BEST_BID,"JPM,99417,104"
2019-06-28 15:29:00.000000000,BEST_ASK,"JPM,99733,193"
2019-06-28 15:29:00.000000000,LAST_TRADE,"5,$99417.0000"
2019-06-28 15:29:00.000000000,QUERY_SPREAD,93
2019-06-28 15:29:00.000000000,BEST_BID,"JPM,99417,97"
2019-06-28 15:29:00.000000000,BEST_ASK,"JPM,99733,193"
2019-06-28 15:29:00.000000000,LAST_TRADE,"7,$99417.0000"
2019-06-28 15:29:00.000000000,QUERY_SPREAD,94
2019-06-28 15:29:00.000000000,BEST_BID,"JPM,99417,96"
2019-06-28 15:29:00.000000000,BEST_ASK,"JPM,99733,193"
2019-06-28 15:29:00.000000000,LAST_TRADE,"1,$99417.0000"
2019-06-28 15:29:00.000000000,QUERY_SPREAD,95
2019-06-28 15:29:00.000000000,BEST_BID,"JPM,99417,95"
2019-06-28 15:29:00.000000000,BEST_ASK,"JPM,99733,193"
2019-06-28 15:29:00.000000000,LAST_TRADE,"1,$99417.0000"
2019-06-28 15:29:00.000000000,QUERY_SPREAD,96
2019-06-28 15:29:00.000000000,BEST_BID,"JPM,99417,91"
2019-06-28 15:29:00.000000000,BEST_ASK,"JPM,99733,193"
2019-06-28 15:29:00.000000000,LAST_TRADE,"4,$99417.0000"
2019-06-28 15:29:00.000000000,QUERY_SPREAD,97
2019-06-28 15:29:00.000000000,BEST_BID,"JPM,99417,88"
2019-06-28 15:29:00.000000000,BEST_ASK,"JPM,99733,193"
2019-06-28 15:29:00.000000000,LAST_TRADE,"3,$99417.0000"
2019-06-28 15:29:00.000000000,QUERY_SPREAD,98
2019-06-28 15:29:00.000000000,BEST_BID,"JPM,99417,83"
2019-06-28 15:29:00.000000000,BEST_ASK,"JPM,99733,193"
2019-06-28 15:29:00.000000000,LAST_TRADE,"5,$99417.0000"
2019-06-28 15:29:00.000000000,QUERY_SPREAD,99
2019-06-28 15:29:00.000000000,BEST_BID,"JPM,99417,79"
2019-06-28 15:29:00.000000000,BEST_ASK,"JPM,99733,193"
2019-06-28 15:29:00.000000000,LAST_TRADE,"4,$99417.0000"
2019-06-28 15:29:00.000000000,QUERY_SPREAD,100
2019-06-28 15:29:00.000000000,BEST_BID,"JPM,99417,74"
2019-06-28 15:29:00.000000000,BEST_ASK,"JPM,99733,193"
2019-06-28 15:29:00.000000000,LAST_TRADE,"5,$99417.0000"
2019-06-28 15:29:00.000000000,QUERY_SPREAD,101
2019-06-28 15:29:00.000000000,BEST_BID,"JPM,99417,74"
2019-06-28 15:29:00.000000000,BEST_ASK,"JPM,99733,192"
2019-06-28 15:29:00.000000000,LAST_TRADE,"1,$99733.0000"
2019-06-28 15:29:00.091259352,QUERY_SPREAD,18
2019-06-28 15:29:00.091259352,BEST_BID,"JPM,99417,74"
2019-06-28 15:29:00.091259352,BEST_ASK,"JPM,99572,100"
2019-06-28 15:29:06.927621891,QUERY_SPREAD,33
2019-06-28 15:29:06.927621891,BEST_BID,"JPM,99417,74"
2019-06-28 15:29:06.927621891,BEST_ASK,"JPM,99557,100"
2019-06-28 15:29:10.000000000,QUERY_SPREAD,1
2019-06-28 15:29:10.000000000,BEST_BID,"JPM,99338,174"
2019-06-28 15:29:10.000000000,BEST_ASK,"JPM,99557,100"
2019-06-28 15:29:10.000000000,BEST_BID,"JPM,99338,174"
2019-06-28 15:29:10.000000000,BEST_ASK,"JPM,99557,100"
2019-06-28 15:29:10.000000000,BEST_BID,"JPM,99338,174"
2019-06-28 15:29:10.000000000,BEST_ASK,"JPM,99557,100"
2019-06-28 15:29:10.000000000,BEST_BID,"JPM,99338,174"
2019-06-28 15:29:10.000000000,BEST_ASK,"JPM,99557,100"
2019-06-28 15:29:10.000000000,BEST_BID,"JPM,99338,174"
2019-06-28 15:29:10.000000000,BEST_ASK,"JPM,99557,174"
2019-06-28 15:29:10.000000000,BEST_BID,"JPM,99338,174"
2019-06-28 15:29:10.000000000,BEST_ASK,"JPM,99557,174"
2019-06-28 15:29:10.000000000,BEST_BID,"JPM,99338,174"
2019-06-28 15:29:10.000000000,BEST_ASK,"JPM,99557,174"
2019-06-28 15:29:10.000000000,BEST_BID,"JPM,99338,174"
2019-06-28 15:29:10.000000000,BEST_ASK,"JPM,99557,174"
2019-06-28 15:29:10.000000000,BEST_BID,"JPM,99338,174"
2019-06-28 15:29:10.000000000,BEST_ASK,"JPM,99557,174"
2019-06-28 15:29:20.000000000,QUERY_SPREAD,1
2019-06-28 15:29:20.000000000,BEST_BID,"JPM,99338,286"
2019-06-28 15:29:20.000000000,BEST_ASK,"JPM,99557,100"
2019-06-28 15:29:20.000000000,BEST_BID,"JPM,99338,286"
2019-06-28 15:29:20.000000000,BEST_ASK,"JPM,99557,100"
2019-06-28 15:29:20.000000000,BEST_BID,"JPM,99338,286"
2019-06-28 15:29:20.000000000,BEST_ASK,"JPM,99557,286"
2019-06-28 15:29:20.000000000,BEST_BID,"JPM,99338,286"
2019-06-28 15:29:20.000000000,BEST_ASK,"JPM,99557,286"
2019-06-28 15:29:30.000000000,QUERY_SPREAD,1
2019-06-28 15:29:30.000000000,BEST_BID,"JPM,99338,286"
2019-06-28 15:29:30.000000000,BEST_ASK,"JPM,99557,100"
2019-06-28 15:29:30.000000000,BEST_BID,"JPM,99338,286"
2019-06-28 15:29:30.000000000,BEST_ASK,"JPM,99557,100"
2019-06-28 15:29:30.000000000,BEST_BID,"JPM,99338,286"
2019-06-28 15:29:30.000000000,BEST_ASK,"JPM,99557,286"
2019-06-28 15:29:30.000000000,BEST_BID,"JPM,99338,286"
2019-06-28 15:29:30.000000000,BEST_ASK,"JPM,99557,286"
2019-06-28 15:29:33.750440247,QUERY_ORDER_STREAM,71
2019-06-28 15:29:33.750440247,QUERY_SPREAD,71
2019-06-28 15:29:33.750440247,BEST_BID,"JPM,99338,286"
2019-06-28 15:29:33.750440247,BEST_ASK,"JPM,99557,286"
2019-06-28 15:29:40.000000000,QUERY_SPREAD,1
2019-06-28 15:29:40.000000000,BEST_BID,"JPM,99338,174"
2019-06-28 15:29:40.000000000,BEST_ASK,"JPM,99557,100"
2019-06-28 15:29:40.000000000,BEST_BID,"JPM,99338,174"
2019-06-28 15:29:40.000000000,BEST_ASK,"JPM,99557,100"
2019-06-28 15:29:40.000000000,BEST_BID,"JPM,99338,174"
2019-06-28 15:29:40.000000000,BEST_ASK,"JPM,99557,100"
2019-06-28 15:29:40.000000000,BEST_BID,"JPM,99338,174"
2019-06-28 15:29:40.000000000,BEST_ASK,"JPM,99557,100"
2019-06-28 15:29:40.000000000,BEST_BID,"JPM,99338,174"
2019-06-28 15:29:40.000000000,BEST_ASK,"JPM,99557,174"
2019-06-28 15:29:40.000000000,BEST_BID,"JPM,99338,174"
2019-06-28 15:29:40.000000000,BEST_ASK,"JPM,99557,174"
2019-06-28 15:29:40.000000000,BEST_BID,"JPM,99338,174"
2019-06-28 15:29:40.000000000,BEST_ASK,"JPM,99557,174"
2019-06-28 15:29:40.000000000,BEST_BID,"JPM,99338,174"
2019-06-28 15:29:40.000000000,BEST_ASK,"JPM,99557,174"
2019-06-28 15:29:40.000000000,BEST_BID,"JPM,99338,174"
2019-06-28 15:29:40.000000000,BEST_ASK,"JPM,99557,174"
2019-06-28 15:29:50.000000000,QUERY_SPREAD,1
2019-06-28 15:29:50.000000000,BEST_BID,"JPM,99338,193"
2019-06-28 15:29:50.000000000,BEST_ASK,"JPM,99557,100"
2019-06-28 15:29:50.000000000,BEST_BID,"JPM,99338,193"
2019-06-28 15:29:50.000000000,BEST_ASK,"JPM,99557,100"
2019-06-28 15:29:50.000000000,BEST_BID,"JPM,99338,193"
2019-06-28 15:29:50.000000000,BEST_ASK,"JPM,99557,100"
2019-06-28 15:29:50.000000000,BEST_BID,"JPM,99338,193"
2019-06-28 15:29:50.000000000,BEST_ASK,"JPM,99557,100"
2019-06-28 15:29:50.000000000,BEST_BID,"JPM,99338,193"
2019-06-28 15:29:50.000000000,BEST_ASK,"JPM,99557,193"
2019-06-28 15:29:50.000000000,BEST_BID,"JPM,99338,193"
2019-06-28 15:29:50.000000000,BEST_ASK,"JPM,99557,193"
2019-06-28 15:29:50.000000000,BEST_BID,"JPM,99338,193"
2019-06-28 15:29:50.000000000,BEST_ASK,"JPM,99557,193"
2019-06-28 15:29:50.000000000,BEST_BID,"JPM,99338,193"
2019-06-28 15:29:50.000000000,BEST_ASK,"JPM,99557,193"
2019-06-28 15:29:58.718784399,QUERY_SPREAD,40
2019-06-28 15:29:58.718784399,BEST_BID,"JPM,99338,193"
2019-06-28 15:29:58.718784399,BEST_ASK,"JPM,99557,93"
2019-06-28 15:29:58.718784399,LAST_TRADE,"100,$99557.0000"
2019-06-28 15:30:00.000000000,QUERY_SPREAD,1
2019-06-28 15:30:00.000000000,BEST_BID,"JPM,99338,286"
2019-06-28 15:30:00.000000000,BEST_ASK,"JPM,99572,100"
2019-06-28 15:30:00.000000000,BEST_BID,"JPM,99338,286"
2019-06-28 15:30:00.000000000,BEST_ASK,"JPM,99572,100"
2019-06-28 15:30:00.000000000,BEST_BID,"JPM,99338,286"
2019-06-28 15:30:00.000000000,BEST_ASK,"JPM,99572,286"
2019-06-28 15:30:00.000000000,BEST_BID,"JPM,99338,286"
2019-06-28 15:30:00.000000000,BEST_ASK,"JPM,99572,286"
2019-06-28 15:30:00.000000000,QUERY_SPREAD,77
2019-06-28 15:30:00.000000000,BEST_BID,"JPM,99338,281"
2019-06-28 15:30:00.000000000,BEST_ASK,"JPM,99572,286"
2019-06-28 15:30:00.000000000,LAST_TRADE,"5,$99338.0000"
2019-06-28 15:30:00.000000000,QUERY_SPREAD,78
2019-06-28 15:30:00.000000000,BEST_BID,"JPM,99338,273"
2019-06-28 15:30:00.000000000,BEST_ASK,"JPM,99572,286"
2019-06-28 15:30:00.000000000,LAST_TRADE,"8,$99338.0000"
2019-06-28 15:30:00.000000000,QUERY_SPREAD,79
2019-06-28 15:30:00.000000000,BEST_BID,"JPM,99338,268"
2019-06-28 15:30:00.000000000,BEST_ASK,"JPM,99572,286"
2019-06-28 15:30:00.000000000,LAST_TRADE,"5,$99338.0000"
2019-06-28 15:30:00.000000000,QUERY_SPREAD,80
2019-06-28 15:30:00.000000000,BEST_BID,"JPM,99338,260"
2019-06-28 15:30:00.000000000,BEST_ASK,"JPM,99572,286"
2019-06-28 15:30:00.000000000,LAST_TRADE,"8,$99338.0000"
2019-06-28 15:30:00.000000000,QUERY_SPREAD,81
2019-06-28 15:30:00.000000000,BEST_BID,"JPM,99338,251"
2019-06-28 15:30:00.000000000,BEST_ASK,"JPM,99572,286"
2019-06-28 15:30:00.000000000,LAST_TRADE,"9,$99338.0000"
2019-06-28 15:30:00.000000000,QUERY_SPREAD,82
2019-06-28 15:30:00.000000000,BEST_BID,"JPM,99338,248"
2019-06-28 15:30:00.000000000,BEST_ASK,"JPM,99572,286"
2019-06-28 15:30:00.000000000,LAST_TRADE,"3,$99338.0000"
2019-06-28 15:30:00.000000000,QUERY_SPREAD,83
2019-06-28 15:30:00.000000000,BEST_BID,"JPM,99338,240"
2019-06-28 15:30:00.000000000,BEST_ASK,"JPM,99572,286"
2019-06-28 15:30:00.000000000,LAST_TRADE,"8,$99338.0000"
2019-06-28 15:30:00.000000000,QUERY_SPREAD,84
2019-06-28 15:30:00.000000000,BEST_BID,"JPM,99338,236"
2019-06-28 15:30:00.000000000,BEST_ASK,"JPM,99572,286"
2019-06-28 15:30:00.000000000,LAST_TRADE,"4,$99338.0000"
2019-06-28 15:30:00.000000000,QUERY_SPREAD,85
2019-06-28 15:30:00.000000000,BEST_BID,"JPM,99338,231"
2019-06-28 15:30:00.000000000,BEST_ASK,"JPM,99572,286"
2019-06-28 15:30:00.000000000,LAST_TRADE,"5,$99338.0000"
2019-06-28 15:30:00.000000000,QUERY_SPREAD,86
2019-06-28 15:30:00.000000000,BEST_BID,"JPM,99338,229"
2019-06-28 15:30:00.000000000,BEST_ASK,"JPM,99572,286"
2019-06-28 15:30:00.000000000,LAST_TRADE,"2,$99338.0000"
2019-06-28 15:30:00.000000000,QUERY_SPREAD,87
2019-06-28 15:30:00.000000000,BEST_BID,"JPM,99338,222"
2019-06-28 15:30:00.000000000,BEST_ASK,"JPM,99572,286"
2019-06-28 15:30:00.000000000,LAST_TRADE,"7,$99338.0000"
2019-06-28 15:30:00.000000000,QUERY_SPREAD,88
2019-06-28 15:30:00.000000000,BEST_BID,"JPM,99338,214"
2019-06-28 15:30:00.000000000,BEST_ASK,"JPM,99572,286"
2019-06-28 15:30:00.000000000,LAST_TRADE,"8,$99338.0000"
2019-06-28 15:30:00.000000000,QUERY_SPREAD,89
2019-06-28 15:30:00.000000000,BEST_BID,"JPM,99338,209"
2019-06-28 15:30:00.000000000,BEST_ASK,"JPM,99572,286"
2019-06-28 15:30:00.000000000,LAST_TRADE,"5,$99338.0000"
2019-06-28 15:30:00.000000000,QUERY_SPREAD,90
2019-06-28 15:30:00.000000000,BEST_BID,"JPM,99338,205"
2019-06-28 15:30:00.000000000,BEST_ASK,"JPM,99572,286"
2019-06-28 15:30:00.000000000,LAST_TRADE,"4,$99338.0000"
2019-06-28 15:30:00.000000000,QUERY_SPREAD,91
2019-06-28 15:30:00.000000000,BEST_BID,"JPM,99338,202"
2019-06-28 15:30:00.000000000,BEST_ASK,"JPM,99572,286"
2019-06-28 15:30:00.000000000,LAST_TRADE,"3,$99338.0000"
2019-06-28 15:30:00.000000000,QUERY_SPREAD,92
2019-06-28 15:30:00.000000000,BEST_BID,"JPM,99338,197"
2019-06-28 15:30:00.000000000,BEST_ASK,"JPM,99572,286"
2019-06-28 15:30:00.000000000,LAST_TRADE,"5,$99338.0000"
2019-06-28 15:30:00.000000000,QUERY_SPREAD,93
2019-06-28 15:30:00.000000000,BEST_BID,"JPM,99338,190"
2019-06-28 15:30:00.000000000,BEST_ASK,"JPM,99572,286"
2019-06-28 15:30:00.000000000,LAST_TRADE,"7,$99338.0000"
2019-06-28 15:30:00.000000000,QUERY_SPREAD,94
2019-06-28 15:30:00.000000000,BEST_BID,"JPM,99338,189"
2019-06-28 15:30:00.000000000,BEST_ASK,"JPM,99572,286"
2019-06-28 15:30:00.000000000,LAST_TRADE,"1,$99338.0000"
2019-06-28 15:30:00.000000000,QUERY_SPREAD,95
2019-06-28 15:30:00.000000000,BEST_BID,"JPM,99338,188"
2019-06-28 15:30:00.000000000,BEST_ASK,"JPM,99572,286"
2019-06-28 15:30:00.000000000,LAST_TRADE,"1,$99338.0000"
2019-06-28 15:30:00.000000000,QUERY_SPREAD,96
2019-06-28 15:30:00.000000000,BEST_BID,"JPM,99338,184"
2019-06-28 15:30:00.000000000,BEST_ASK,"JPM,99572,286"
2019-06-28 15:30:00.000000000,LAST_TRADE,"4,$99338.0000"
2019-06-28 15:30:00.000000000,QUERY_SPREAD,97
2019-06-28 15:30:00.000000000,BEST_BID,"JPM,99338,181"
2019-06-28 15:30:00.000000000,BEST_ASK,"JPM,99572,286"
2019-06-28 15:30:00.000000000,LAST_TRADE,"3,$99338.0000"
2019-06-28 15:30:00.000000000,QUERY_SPREAD,98
2019-06-28 15:30:00.000000000,BEST_BID,"JPM,99338,176"
2019-06-28 15:30:00.000000000,BEST_ASK,"JPM,99572,286"
2019-06-28 15:30:00.000000000,LAST_TRADE,"5,$99338.0000"
2019-06-28 15:30:00.000000000,QUERY_SPREAD,99
2019-06-28 15:30:00.000000000,BEST_BID,"JPM,99338,172"
2019-06-28 15:30:00.000000000,BEST_ASK,"JPM,99572,286"
2019-06-28 15:30:00.000000000,LAST_TRADE,"4,$99338.0000"
2019-06-28 15:30:00.000000000,QUERY_SPREAD,100
2019-06-28 15:30:00.000000000,BEST_BID,"JPM,99338,167"
2019-06-28 15:30:00.000000000,BEST_ASK,"JPM,99572,286"
2019-06-28 15:30:00.000000000,LAST_TRADE,"5,$99338.0000"
2019-06-28 15:30:00.000000000,QUERY_SPREAD,101
2019-06-28 15:30:00.000000000,BEST_BID,"JPM,99338,167"
2019-06-28 15:30:00.000000000,BEST_ASK,"JPM,99572,285"
2019-06-28 15:30:00.000000000,LAST_TRADE,"1,$99572.0000"
2019-06-28 15:30:07.833929516,QUERY_SPREAD,35
2019-06-28 15:30:07.833929516,BEST_BID,"JPM,99338,167"
2019-06-28 15:30:07.833929516,BEST_ASK,"JPM,99572,285"
2019-06-28 15:30:08.535633221,QUERY_SPREAD,11
2019-06-28 15:30:08.535633221,BEST_BID,"JPM,99446,100"
2019-06-28 15:30:08.535633221,BEST_ASK,"JPM,99572,285"
2019-06-28 15:30:10.000000000,QUERY_SPREAD,1
2019-06-28 15:30:10.000000000,BEST_BID,"JPM,99446,471"
2019-06-28 15:30:10.000000000,BEST_ASK,"JPM,99572,99"
2019-06-28 15:30:10.000000000,BEST_BID,"JPM,99446,471"
2019-06-28 15:30:10.000000000,BEST_ASK,"JPM,99572,470"
2019-06-28 15:30:20.000000000,QUERY_SPREAD,1
2019-06-28 15:30:20.000000000,BEST_BID,"JPM,99446,193"
2019-06-28 15:30:20.000000000,BEST_ASK,"JPM,99572,99"
2019-06-28 15:30:20.000000000,BEST_BID,"JPM,99446,193"
2019-06-28 15:30:20.000000000,BEST_ASK,"JPM,99572,99"
2019-06-28 15:30:20.000000000,BEST_BID,"JPM,99446,193"
2019-06-28 15:30:20.000000000,BEST_ASK,"JPM,99572,99"
2019-06-28 15:30:20.000000000,BEST_BID,"JPM,99446,193"
2019-06-28 15:30:20.000000000,BEST_ASK,"JPM,99572,99"
2019-06-28 15:30:20.000000000,BEST_BID,"JPM,99446,193"
2019-06-28 15:30:20.000000000,BEST_ASK,"JPM,99572,192"
2019-06-28 15:30:20.000000000,BEST_BID,"JPM,99446,193"
2019-06-28 15:30:20.000000000,BEST_ASK,"JPM,99572,192"
2019-06-28 15:30:20.000000000,BEST_BID,"JPM,99446,193"
2019-06-28 15:30:20.000000000,BEST_ASK,"JPM,99572,192"
2019-06-28 15:30:20.000000000,BEST_BID,"JPM,99446,193"
2019-06-28 15:30:20.000000000,BEST_ASK,"JPM,99572,192"
2019-06-28 15:30:26.076834285,QUERY_ORDER_STREAM,61
2019-06-28 15:30:26.076834285,QUERY_SPREAD,61
2019-06-28 15:30:26.076834285,BEST_BID,"JPM,99446,193"
2019-06-28 15:30:26.076834285,BEST_ASK,"JPM,99572,192"
2019-06-28 15:30:30.000000000,QUERY_SPREAD,1
2019-06-28 15:30:30.000000000,BEST_BID,"JPM,99446,471"
2019-06-28 15:30:30.000000000,BEST_ASK,"JPM,99572,99"
2019-06-28 15:30:30.000000000,BEST_BID,"JPM,99446,471"
2019-06-28 15:30:30.000000000,BEST_ASK,"JPM,99572,470"
2019-06-28 15:30:34.018885132,QUERY_SPREAD,18
2019-06-28 15:30:34.018885132,BEST_BID,"JPM,99446,471"
2019-06-28 15:30:34.018885132,BEST_ASK,"JPM,99572,271"
2019-06-28 15:30:34.018885132,LAST_TRADE,"100,$99572.0000"
2019-06-28 15:30:40.000000000,QUERY_SPREAD,1
2019-06-28 15:30:40.000000000,BEST_BID,"JPM,99446,471"
2019-06-28 15:30:40.000000000,BEST_ASK,"JPM,99733,199"
2019-06-28 15:30:40.000000000,BEST_BID,"JPM,99446,471"
2019-06-28 15:30:40.000000000,BEST_ASK,"JPM,99733,570"
2019-06-28 15:30:45.725236427,QUERY_ORDER_STREAM,63
2019-06-28 15:30:45.725236427,QUERY_SPREAD,63
2019-06-28 15:30:45.725236427,BEST_BID,"JPM,99572,100"
2019-06-28 15:30:45.725236427,BEST_ASK,"JPM,99733,570"
2019-06-28 15:30:50.000000000,QUERY_SPREAD,1
2019-06-28 15:30:50.000000000,BEST_BID,"JPM,99572,174"
2019-06-28 15:30:50.000000000,BEST_ASK,"JPM,99733,199"
2019-06-28 15:30:50.000000000,BEST_BID,"JPM,99572,174"
2019-06-28 15:30:50.000000000,BEST_ASK,"JPM,99733,199"
2019-06-28 15:30:50.000000000,BEST_BID,"JPM,99572,174"
2019-06-28 15:30:50.000000000,BEST_ASK,"JPM,99733,199"
2019-06-28 15:30:50.000000000,BEST_BID,"JPM,99572,174"
2019-06-28 15:30:50.000000000,BEST_ASK,"JPM,99733,199"
2019-06-28 15:30:50.000000000,BEST_BID,"JPM,99572,174"
2019-06-28 15:30:50.000000000,BEST_ASK,"JPM,99733,199"
2019-06-28 15:30:50.000000000,BEST_BID,"JPM,99572,174"
2019-06-28 15:30:50.000000000,BEST_ASK,"JPM,99733,273"
2019-06-28 15:30:50.000000000,BEST_BID,"JPM,99572,174"
2019-06-28 15:30:50.000000000,BEST_ASK,"JPM,99733,273"
2019-06-28 15:30:50.000000000,BEST_BID,"JPM,99572,174"
2019-06-28 15:30:50.000000000,BEST_ASK,"JPM,99733,273"
2019-06-28 15:30:50.000000000,BEST_BID,"JPM,99572,174"
2019-06-28 15:30:50.000000000,BEST_ASK,"JPM,99733,273"
2019-06-28 15:30:50.000000000,BEST_BID,"JPM,99572,174"
2019-06-28 15:30:50.000000000,BEST_ASK,"JPM,99733,273"
2019-06-28 15:31:00.000000000,QUERY_SPREAD,1
2019-06-28 15:31:00.000000000,BEST_BID,"JPM,99572,471"
2019-06-28 15:31:00.000000000,BEST_ASK,"JPM,99733,199"
2019-06-28 15:31:00.000000000,BEST_BID,"JPM,99572,471"
2019-06-28 15:31:00.000000000,BEST_ASK,"JPM,99733,570"
2019-06-28 15:31:00.000000000,QUERY_SPREAD,77
2019-06-28 15:31:00.000000000,BEST_BID,"JPM,99572,466"
2019-06-28 15:31:00.000000000,BEST_ASK,"JPM,99733,570"
2019-06-28 15:31:00.000000000,LAST_TRADE,"5,$99572.0000"
2019-06-28 15:31:00.000000000,QUERY_SPREAD,78
2019-06-28 15:31:00.000000000,BEST_BID,"JPM,99572,458"
2019-06-28 15:31:00.000000000,BEST_ASK,"JPM,99733,570"
2019-06-28 15:31:00.000000000,LAST_TRADE,"8,$99572.0000"
2019-06-28 15:31:00.000000000,QUERY_SPREAD,79
2019-06-28 15:31:00.000000000,BEST_BID,"JPM,99572,453"
2019-06-28 15:31:00.000000000,BEST_ASK,"JPM,99733,570"
2019-06-28 15:31:00.000000000,LAST_TRADE,"5,$99572.0000"
2019-06-28 15:31:00.000000000,QUERY_SPREAD,80
2019-06-28 15:31:00.000000000,BEST_BID,"JPM,99572,445"
2019-06-28 15:31:00.000000000,BEST_ASK,"JPM,99733,570"
2019-06-28 15:31:00.000000000,LAST_TRADE,"8,$99572.0000"
2019-06-28 15:31:00.000000000,QUERY_SPREAD,81
2019-06-28 15:31:00.000000000,BEST_BID,"JPM,99572,436"
2019-06-28 15:31:00.000000000,BEST_ASK,"JPM,99733,570"
2019-06-28 15:31:00.000000000,LAST_TRADE,"9,$99572.0000"
2019-06-28 15:31:00.000000000,QUERY_SPREAD,82
2019-06-28 15:31:00.000000000,BEST_BID,"JPM,99572,433"
2019-06-28 15:31:00.000000000,BEST_ASK,"JPM,99733,570"
2019-06-28 15:31:00.000000000,LAST_TRADE,"3,$99572.0000"
2019-06-28 15:31:00.000000000,QUERY_SPREAD,83
2019-06-28 15:31:00.000000000,BEST_BID,"JPM,99572,425"
2019-06-28 15:31:00.000000000,BEST_ASK,"JPM,99733,570"
2019-06-28 15:31:00.000000000,LAST_TRADE,"8,$99572.0000"
2019-06-28 15:31:00.000000000,QUERY_SPREAD,84
2019-06-28 15:31:00.000000000,BEST_BID,"JPM,99572,421"
2019-06-28 15:31:00.000000000,BEST_ASK,"JPM,99733,570"
2019-06-28 15:31:00.000000000,LAST_TRADE,"4,$99572.0000"
2019-06-28 15:31:00.000000000,QUERY_SPREAD,85
2019-06-28 15:31:00.000000000,BEST_BID,"JPM,99572,416"
2019-06-28 15:31:00.000000000,BEST_ASK,"JPM,99733,570"
2019-06-28 15:31:00.000000000,LAST_TRADE,"5,$99572.0000"
2019-06-28 15:31:00.000000000,QUERY_SPREAD,86
2019-06-28 15:31:00.000000000,BEST_BID,"JPM,99572,414"
2019-06-28 15:31:00.000000000,BEST_ASK,"JPM,99733,570"
2019-06-28 15:31:00.000000000,LAST_TRADE,"2,$99572.0000"
2019-06-28 15:31:00.000000000,QUERY_SPREAD,87
2019-06-28 15:31:00.000000000,BEST_BID,"JPM,99572,407"
2019-06-28 15:31:00.000000000,BEST_ASK,"JPM,99733,570"
2019-06-28 15:31:00.000000000,LAST_TRADE,"7,$99572.0000"
2019-06-28 15:31:00.000000000,QUERY_SPREAD,88
2019-06-28 15:31:00.000000000,BEST_BID,"JPM,99572,399"
2019-06-28 15:31:00.000000000,BEST_ASK,"JPM,99733,570"
2019-06-28 15:31:00.000000000,LAST_TRADE,"8,$99572.0000"
2019-06-28 15:31:00.000000000,QUERY_SPREAD,89
2019-06-28 15:31:00.000000000,BEST_BID,"JPM,99572,394"
2019-06-28 15:31:00.000000000,BEST_ASK,"JPM,99733,570"
2019-06-28 15:31:00.000000000,LAST_TRADE,"5,$99572.0000"
2019-06-28 15:31:00.000000000,QUERY_SPREAD,90
2019-06-28 15:31:00.000000000,BEST_BID,"JPM,99572,390"
2019-06-28 15:31:00.000000000,BEST_ASK,"JPM,99733,570"
2019-06-28 15:31:00.000000000,LAST_TRADE,"4,$99572.0000"
2019-06-28 15:31:00.000000000,QUERY_SPREAD,91
2019-06-28 15:31:00.000000000,BEST_BID,"JPM,99572,387"
2019-06-28 15:31:00.000000000,BEST_ASK,"JPM,99733,570"
2019-06-28 15:31:00.000000000,LAST_TRADE,"3,$99572.0000"
2019-06-28 15:31:00.000000000,QUERY_SPREAD,92
2019-06-28 15:31:00.000000000,BEST_BID,"JPM,99572,382"
2019-06-28 15:31:00.000000000,BEST_ASK,"JPM,99733,570"
2019-06-28 15:31:00.000000000,LAST_TRADE,"5,$99572.0000"
2019-06-28 15:31:00.000000000,QUERY_SPREAD,93
2019-06-28 15:31:00.000000000,BEST_BID,"JPM,99572,375"
2019-06-28 15:31:00.000000000,BEST_ASK,"JPM,99733,570"
2019-06-28 15:31:00.000000000,LAST_TRADE,"7,$99572.0000"
2019-06-28 15:31:00.000000000,QUERY_SPREAD,94
2019-06-28 15:31:00.000000000,BEST_BID,"JPM,99572,374"
2019-06-28 15:31:00.000000000,BEST_ASK,"JPM,99733,570"
2019-06-28 15:31:00.000000000,LAST_TRADE,"1,$99572.0000"
2019-06-28 15:31:00.000000000,QUERY_SPREAD,95
2019-06-28 15:31:00.000000000,BEST_BID,"JPM,99572,373"
2019-06-28 15:31:00.000000000,BEST_ASK,"JPM,99733,570"
2019-06-28 15:31:00.000000000,LAST_TRADE,"1,$99572.0000"
2019-06-28 15:31:00.000000000,QUERY_SPREAD,96
2019-06-28 15:31:00.000000000,BEST_BID,"JPM,99572,369"
2019-06-28 15:31:00.000000000,BEST_ASK,"JPM,99733,570"
2019-06-28 15:31:00.000000000,LAST_TRADE,"4,$99572.0000"
2019-06-28 15:31:00.000000000,QUERY_SPREAD,97
2019-06-28 15:31:00.000000000,BEST_BID,"JPM,99572,366"
2019-06-28 15:31:00.000000000,BEST_ASK,"JPM,99733,570"
2019-06-28 15:31:00.000000000,LAST_TRADE,"3,$99572.0000"
2019-06-28 15:31:00.000000000,QUERY_SPREAD,98
2019-06-28 15:31:00.000000000,BEST_BID,"JPM,99572,361"
2019-06-28 15:31:00.000000000,BEST_ASK,"JPM,99733,570"
2019-06-28 15:31:00.000000000,LAST_TRADE,"5,$99572.0000"
2019-06-28 15:31:00.000000000,QUERY_SPREAD,99
2019-06-28 15:31:00.000000000,BEST_BID,"JPM,99572,357"
2019-06-28 15:31:00.000000000,BEST_ASK,"JPM,99733,570"
2019-06-28 15:31:00.000000000,LAST_TRADE,"4,$99572.0000"
2019-06-28 15:31:00.000000000,QUERY_SPREAD,100
2019-06-28 15:31:00.000000000,BEST_BID,"JPM,99572,352"
2019-06-28 15:31:00.000000000,BEST_ASK,"JPM,99733,570"
2019-06-28 15:31:00.000000000,LAST_TRADE,"5,$99572.0000"
2019-06-28 15:31:00.000000000,QUERY_SPREAD,101
2019-06-28 15:31:00.000000000,BEST_BID,"JPM,99572,352"
2019-06-28 15:31:00.000000000,BEST_ASK,"JPM,99733,569"
2019-06-28 15:31:00.000000000,LAST_TRADE,"1,$99733.0000"
2019-06-28 15:31:10.000000000,QUERY_SPREAD,1
2019-06-28 15:31:10.000000000,BEST_BID,"JPM,99446,226"
2019-06-28 15:31:10.000000000,BEST_ASK,"JPM,99733,198"
2019-06-28 15:31:10.000000000,BEST_BID,"JPM,99446,226"
2019-06-28 15:31:10.000000000,BEST_ASK,"JPM,99733,198"
2019-06-28 15:31:10.000000000,BEST_BID,"JPM,99446,226"
2019-06-28 15:31:10.000000000,BEST_ASK,"JPM,99733,198"
2019-06-28 15:31:10.000000000,BEST_BID,"JPM,99446,226"
2019-06-28 15:31:10.000000000,BEST_ASK,"JPM,99733,324"
2019-06-28 15:31:10.000000000,BEST_BID,"JPM,99446,226"
2019-06-28 15:31:10.000000000,BEST_ASK,"JPM,99733,324"
2019-06-28 15:31:10.000000000,BEST_BID,"JPM,99446,226"
2019-06-28 15:31:10.000000000,BEST_ASK,"JPM,99733,324"
2019-06-28 15:31:20.000000000,QUERY_SPREAD,1
2019-06-28 15:31:20.000000000,BEST_BID,"JPM,99446,286"
2019-06-28 15:31:20.000000000,BEST_ASK,"JPM,99733,198"
2019-06-28 15:31:20.000000000,BEST_BID,"JPM,99446,286"
2019-06-28 15:31:20.000000000,BEST_ASK,"JPM,99733,198"
2019-06-28 15:31:20.000000000,BEST_BID,"JPM,99446,286"
2019-06-28 15:31:20.000000000,BEST_ASK,"JPM,99733,384"
2019-06-28 15:31:20.000000000,BEST_BID,"JPM,99446,286"
2019-06-28 15:31:20.000000000,BEST_ASK,"JPM,99733,384"
2019-06-28 15:31:25.057970920,QUERY_SPREAD,20
2019-06-28 15:31:25.057970920,BEST_BID,"JPM,99446,286"
2019-06-28 15:31:25.057970920,BEST_ASK,"JPM,99733,384"
2019-06-28 15:31:30.000000000,QUERY_SPREAD,1
2019-06-28 15:31:30.000000000,BEST_BID,"JPM,99446,471"
2019-06-28 15:31:30.000000000,BEST_ASK,"JPM,99733,198"
2019-06-28 15:31:30.000000000,BEST_BID,"JPM,99446,471"
2019-06-28 15:31:30.000000000,BEST_ASK,"JPM,99733,569"
2019-06-28 15:31:40.000000000,QUERY_SPREAD,1
2019-06-28 15:31:40.000000000,BEST_BID,"JPM,99446,226"
2019-06-28 15:31:40.000000000,BEST_ASK,"JPM,99733,198"
2019-06-28 15:31:40.000000000,BEST_BID,"JPM,99446,226"
2019-06-28 15:31:40.000000000,BEST_ASK,"JPM,99733,198"
2019-06-28 15:31:40.000000000,BEST_BID,"JPM,99446,226"
2019-06-28 15:31:40.000000000,BEST_ASK,"JPM,99733,198"
2019-06-28 15:31:40.000000000,BEST_BID,"JPM,99446,226"
2019-06-28 15:31:40.000000000,BEST_ASK,"JPM,99733,324"
2019-06-28 15:31:40.000000000,BEST_BID,"JPM,99446,226"
2019-06-28 15:31:40.000000000,BEST_ASK,"JPM,99733,324"
2019-06-28 15:31:40.000000000,BEST_BID,"JPM,99446,226"
2019-06-28 15:31:40.000000000,BEST_ASK,"JPM,99733,324"
2019-06-28 15:31:40.684995122,QUERY_SPREAD,47
2019-06-28 15:31:40.684995122,BEST_BID,"JPM,99446,226"
2019-06-28 15:31:40.684995122,BEST_ASK,"JPM,99733,324"
2019-06-28 15:31:43.482131630,QUERY_SPREAD,34
2019-06-28 15:31:43.482131630,BEST_BID,"JPM,99446,226"
2019-06-28 15:31:43.482131630,BEST_ASK,"JPM,99733,224"
2019-06-28 15:31:43.482131630,LAST_TRADE,"100,$99733.0000"
2019-06-28 15:31:50.000000000,QUERY_SPREAD,1
2019-06-28 15:31:50.000000000,BEST_BID,"JPM,99446,226"
2019-06-28 15:31:50.000000000,BEST_ASK,"JPM,99733,98"
2019-06-28 15:31:50.000000000,BEST_BID,"JPM,99446,226"
2019-06-28 15:31:50.000000000,BEST_ASK,"JPM,99733,98"
2019-06-28 15:31:50.000000000,BEST_BID,"JPM,99446,226"
2019-06-28 15:31:50.000000000,BEST_ASK,"JPM,99733,98"
2019-06-28 15:31:50.000000000,BEST_BID,"JPM,99446,226"
2019-06-28 15:31:50.000000000,BEST_ASK,"JPM,99733,224"
2019-06-28 15:31:50.000000000,BEST_BID,"JPM,99446,226"
2019-06-28 15:31:50.000000000,BEST_ASK,"JPM,99733,224"
2019-06-28 15:31:50.000000000,BEST_BID,"JPM,99446,226"
2019-06-28 15:31:50.000000000,BEST_ASK,"JPM,99733,224"
2019-06-28 15:31:50.574938332,QUERY_SPREAD,12
2019-06-28 15:31:50.574938332,BEST_BID,"JPM,99446,226"
2019-06-28 15:31:50.574938332,BEST_ASK,"JPM,99733,224"
2019-06-28 15:31:50.700175695,QUERY_SPREAD,44
2019-06-28 15:31:50.700175695,BEST_BID,"JPM,99446,226"
2019-06-28 15:31:50.700175695,BEST_ASK,"JPM,99733,224"
2019-06-28 15:32:00.000000000,QUERY_SPREAD,1
2019-06-28 15:32:00.000000000,BEST_BID,"JPM,99446,226"
2019-06-28 15:32:00.000000000,BEST_ASK,"JPM,99733,98"
2019-06-28 15:32:00.000000000,BEST_BID,"JPM,99446,226"
2019-06-28 15:32:00.000000000,BEST_ASK,"JPM,99733,98"
2019-06-28 15:32:00.000000000,BEST_BID,"JPM,99446,226"
2019-06-28 15:32:00.000000000,BEST_ASK,"JPM,99733,98"
2019-06-28 15:32:00.000000000,BEST_BID,"JPM,99446,226"
2019-06-28 15:32:00.000000000,BEST_ASK,"JPM,99733,224"
2019-06-28 15:32:00.000000000,BEST_BID,"JPM,99446,226"
2019-06-28 15:32:00.000000000,BEST_ASK,"JPM,99733,224"
2019-06-28 15:32:00.000000000,BEST_BID,"JPM,99446,226"
2019-06-28 15:32:00.000000000,BEST_ASK,"JPM,99733,224"
2019-06-28 15:32:00.000000000,QUERY_SPREAD,77
2019-06-28 15:32:00.000000000,BEST_BID,"JPM,99446,221"
2019-06-28 15:32:00.000000000,BEST_ASK,"JPM,99733,224"
2019-06-28 15:32:00.000000000,LAST_TRADE,"5,$99446.0000"
2019-06-28 15:32:00.000000000,QUERY_SPREAD,78
2019-06-28 15:32:00.000000000,BEST_BID,"JPM,99446,213"
2019-06-28 15:32:00.000000000,BEST_ASK,"JPM,99733,224"
2019-06-28 15:32:00.000000000,LAST_TRADE,"8,$99446.0000"
2019-06-28 15:32:00.000000000,QUERY_SPREAD,79
2019-06-28 15:32:00.000000000,BEST_BID,"JPM,99446,208"
2019-06-28 15:32:00.000000000,BEST_ASK,"JPM,99733,224"
2019-06-28 15:32:00.000000000,LAST_TRADE,"5,$99446.0000"
2019-06-28 15:32:00.000000000,QUERY_SPREAD,80
2019-06-28 15:32:00.000000000,BEST_BID,"JPM,99446,200"
2019-06-28 15:32:00.000000000,BEST_ASK,"JPM,99733,224"
2019-06-28 15:32:00.000000000,LAST_TRADE,"8,$99446.0000"
2019-06-28 15:32:00.000000000,QUERY_SPREAD,81
2019-06-28 15:32:00.000000000,BEST_BID,"JPM,99446,191"
2019-06-28 15:32:00.000000000,BEST_ASK,"JPM,99733,224"
2019-06-28 15:32:00.000000000,LAST_TRADE,"9,$99446.0000"
2019-06-28 15:32:00.000000000,QUERY_SPREAD,82
2019-06-28 15:32:00.000000000,BEST_BID,"JPM,99446,188"
2019-06-28 15:32:00.000000000,BEST_ASK,"JPM,99733,224"
2019-06-28 15:32:00.000000000,LAST_TRADE,"3,$99446.0000"
2019-06-28 15:32:00.000000000,QUERY_SPREAD,83
2019-06-28 15:32:00.000000000,BEST_BID,"JPM,99446,180"
2019-06-28 15:32:00.000000000,BEST_ASK,"JPM,99733,224"
2019-06-28 15:32:00.000000000,LAST_TRADE,"8,$99446.0000"
2019-06-28 15:32:00.000000000,QUERY_SPREAD,84
2019-06-28 15:32:00.000000000,BEST_BID,"JPM,99446,176"
2019-06-28 15:32:00.000000000,BEST_ASK,"JPM,99733,224"
2019-06-28 15:32:00.000000000,LAST_TRADE,"4,$99446.0000"
2019-06-28 15:32:00.000000000,QUERY_SPREAD,85
2019-06-28 15:32:00.000000000,BEST_BID,"JPM,99446,171"
2019-06-28 15:32:00.000000000,BEST_ASK,"JPM,99733,224"
2019-06-28 15:32:00.000000000,LAST_TRADE,"5,$99446.0000"
2019-06-28 15:32:00.000000000,QUERY_SPREAD,86
2019-06-28 15:32:00.000000000,BEST_BID,"JPM,99446,169"
2019-06-28 15:32:00.000000000,BEST_ASK,"JPM,99733,224"
2019-06-28 15:32:00.000000000,LAST_TRADE,"2,$99446.0000"
2019-06-28 15:32:00.000000000,QUERY_SPREAD,87
2019-06-28 15:32:00.000000000,BEST_BID,"JPM,99446,162"
2019-06-28 15:32:00.000000000,BEST_ASK,"JPM,99733,224"
2019-06-28 15:32:00.000000000,LAST_TRADE,"7,$99446.0000"
2019-06-28 15:32:00.000000000,QUERY_SPREAD,88
2019-06-28 15:32:00.000000000,BEST_BID,"JPM,99446,154"
2019-06-28 15:32:00.000000000,BEST_ASK,"JPM,99733,224"
2019-06-28 15:32:00.000000000,LAST_TRADE,"8,$99446.0000"
2019-06-28 15:32:00.000000000,QUERY_SPREAD,89
2019-06-28 15:32:00.000000000,BEST_BID,"JPM,99446,149"
2019-06-28 15:32:00.000000000,BEST_ASK,"JPM,99733,224"
2019-06-28 15:32:00.000000000,LAST_TRADE,"5,$99446.0000"
2019-06-28 15:32:00.000000000,QUERY_SPREAD,90
2019-06-28 15:32:00.000000000,BEST_BID,"JPM,99446,145"
2019-06-28 15:32:00.000000000,BEST_ASK,"JPM,99733,224"
2019-06-28 15:32:00.000000000,LAST_TRADE,"4,$99446.0000"
2019-06-28 15:32:00.000000000,QUERY_SPREAD,91
2019-06-28 15:32:00.000000000,BEST_BID,"JPM,99446,142"
2019-06-28 15:32:00.000000000,BEST_ASK,"JPM,99733,224"
2019-06-28 15:32:00.000000000,LAST_TRADE,"3,$99446.0000"
2019-06-28 15:32:00.000000000,QUERY_SPREAD,92
2019-06-28 15:32:00.000000000,BEST_BID,"JPM,99446,137"
2019-06-28 15:32:00.000000000,BEST_ASK,"JPM,99733,224"
2019-06-28 15:32:00.000000000,LAST_TRADE,"5,$99446.0000"
2019-06-28 15:32:00.000000000,QUERY_SPREAD,93
2019-06-28 15:32:00.000000000,BEST_BID,"JPM,99446,130"
2019-06-28 15:32:00.000000000,BEST_ASK,"JPM,99733,224"
2019-06-28 15:32:00.000000000,LAST_TRADE,"7,$99446.0000"
2019-06-28 15:32:00.000000000,QUERY_SPREAD,94
2019-06-28 15:32:00.000000000,BEST_BID,"JPM,99446,129"
2019-06-28 15:32:00.000000000,BEST_ASK,"JPM,99733,224"
2019-06-28 15:32:00.000000000,LAST_TRADE,"1,$99446.0000"
2019-06-28 15:32:00.000000000,QUERY_SPREAD,95
2019-06-28 15:32:00.000000000,BEST_BID,"JPM,99446,128"
2019-06-28 15:32:00.000000000,BEST_ASK,"JPM,99733,224"
2019-06-28 15:32:00.000000000,LAST_TRADE,"1,$99446.0000"
2019-06-28 15:32:00.000000000,QUERY_SPREAD,96
2019-06-28 15:32:00.000000000,BEST_BID,"JPM,99446,124"
2019-06-28 15:32:00.000000000,BEST_ASK,"JPM,99733,224"
2019-06-28 15:32:00.000000000,LAST_TRADE,"4,$99446.0000"
2019-06-28 15:32:00.000000000,QUERY_SPREAD,97
2019-06-28 15:32:00.000000000,BEST_BID,"JPM,99446,121"
2019-06-28 15:32:00.000000000,BEST_ASK,"JPM,99733,224"
2019-06-28 15:32:00.000000000,LAST_TRADE,"3,$99446.0000"
2019-06-28 15:32:00.000000000,QUERY_SPREAD,98
2019-06-28 15:32:00.000000000,BEST_BID,"JPM,99446,116"
2019-06-28 15:32:00.000000000,BEST_ASK,"JPM,99733,224"
2019-06-28 15:32:00.000000000,LAST_TRADE,"5,$99446.0000"
2019-06-28 15:32:00.000000000,QUERY_SPREAD,99
2019-06-28 15:32:00.000000000,BEST_BID,"JPM,99446,112"
2019-06-28 15:32:00.000000000,BEST_ASK,"JPM,99733,224"
2019-06-28 15:32:00.000000000,LAST_TRADE,"4,$99446.0000"
2019-06-28 15:32:00.000000000,QUERY_SPREAD,100
2019-06-28 15:32:00.000000000,BEST_BID,"JPM,99446,107"
2019-06-28 15:32:00.000000000,BEST_ASK,"JPM,99733,224"
2019-06-28 15:32:00.000000000,LAST_TRADE,"5,$99446.0000"
2019-06-28 15:32:00.000000000,QUERY_SPREAD,101
2019-06-28 15:32:00.000000000,BEST_BID,"JPM,99446,107"
2019-06-28 15:32:00.000000000,BEST_ASK,"JPM,99733,223"
2019-06-28 15:32:00.000000000,LAST_TRADE,"1,$99733.0000"
2019-06-28 15:32:10.000000000,QUERY_SPREAD,1
2019-06-28 15:32:10.000000000,BEST_BID,"JPM,99338,471"
2019-06-28 15:32:10.000000000,BEST_ASK,"JPM,99733,97"
2019-06-28 15:32:10.000000000,BEST_BID,"JPM,99338,471"
2019-06-28 15:32:10.000000000,BEST_ASK,"JPM,99733,468"
2019-06-28 15:32:12.609584814,QUERY_ORDER_STREAM,57
2019-06-28 15:32:12.609584814,QUERY_SPREAD,57
2019-06-28 15:32:20.000000000,QUERY_SPREAD,1
2019-06-28 15:32:20.000000000,BEST_BID,"JPM,99338,193"
2019-06-28 15:32:20.000000000,BEST_ASK,"JPM,99733,97"
2019-06-28 15:32:20.000000000,BEST_BID,"JPM,99338,193"
2019-06-28 15:32:20.000000000,BEST_ASK,"JPM,99733,97"
2019-06-28 15:32:20.000000000,BEST_BID,"JPM,99338,193"
2019-06-28 15:32:20.000000000,BEST_ASK,"JPM,99733,97"
2019-06-28 15:32:20.000000000,BEST_BID,"JPM,99338,193"
2019-06-28 15:32:20.000000000,BEST_ASK,"JPM,99733,190"
2019-06-28 15:32:20.000000000,BEST_BID,"JPM,99338,193"
2019-06-28 15:32:20.000000000,BEST_ASK,"JPM,99733,190"
2019-06-28 15:32:20.000000000,BEST_BID,"JPM,99338,193"
2019-06-28 15:32:20.000000000,BEST_ASK,"JPM,99733,190"
2019-06-28 15:32:20.000000000,BEST_BID,"JPM,99338,193"
2019-06-28 15:32:20.000000000,BEST_ASK,"JPM,99733,190"
2019-06-28 15:32:21.126783556,QUERY_SPREAD,16
2019-06-28 15:32:21.126783556,BEST_BID,"JPM,99338,193"
2019-06-28 15:32:21.126783556,BEST_ASK,"JPM,99733,190"
2019-06-28 15:32:25.301850328,QUERY_SPREAD,31
2019-06-28 15:32:25.301850328,BEST_BID,"JPM,99338,193"
2019-06-28 15:32:25.301850328,BEST_ASK,"JPM,99733,190"
2019-06-28 15:32:30.000000000,QUERY_SPREAD,1
2019-06-28 15:32:30.000000000,BEST_BID,"JPM,99338,226"
2019-06-28 15:32:30.000000000,BEST_ASK,"JPM,99733,97"
2019-06-28 15:32:30.000000000,BEST_BID,"JPM,99338,226"
2019-06-28 15:32:30.000000000,BEST_ASK,"JPM,99733,97"
2019-06-28 15:32:30.000000000,BEST_BID,"JPM,99338,226"
2019-06-28 15:32:30.000000000,BEST_ASK,"JPM,99733,97"
2019-06-28 15:32:30.000000000,BEST_BID,"JPM,99338,226"
2019-06-28 15:32:30.000000000,BEST_ASK,"JPM,99733,223"
2019-06-28 15:32:30.000000000,BEST_BID,"JPM,99338,226"
2019-06-28 15:32:30.000000000,BEST_ASK,"JPM,99733,223"
2019-06-28 15:32:30.000000000,BEST_BID,"JPM,99338,226"
2019-06-28 15:32:30.000000000,BEST_ASK,"JPM,99733,223"
2019-06-28 15:32:35.889456736,QUERY_ORDER_STREAM,68
2019-06-28 15:32:35.889456736,QUERY_SPREAD,68
2019-06-28 15:32:35.889456736,BEST_BID,"JPM,99446,100"
2019-06-28 15:32:35.889456736,BEST_ASK,"JPM,99733,223"
2019-06-28 15:32:40.000000000,QUERY_SPREAD,1
2019-06-28 15:32:40.000000000,BEST_BID,"JPM,99446,226"
2019-06-28 15:32:40.000000000,BEST_ASK,"JPM,99733,97"
2019-06-28 15:32:40.000000000,BEST_BID,"JPM,99446,226"
2019-06-28 15:32:40.000000000,BEST_ASK,"JPM,99733,97"
2019-06-28 15:32:40.000000000,BEST_BID,"JPM,99446,226"
2019-06-28 15:32:40.000000000,BEST_ASK,"JPM,99733,97"
2019-06-28 15:32:40.000000000,BEST_BID,"JPM,99446,226"
2019-06-28 15:32:40.000000000,BEST_ASK,"JPM,99733,223"
2019-06-28 15:32:40.000000000,BEST_BID,"JPM,99446,226"
2019-06-28 15:32:40.000000000,BEST_ASK,"JPM,99733,223"
2019-06-28 15:32:40.000000000,BEST_BID,"JPM,99446,226"
2019-06-28 15:32:40.000000000,BEST_ASK,"JPM,99733,223"
2019-06-28 15:32:50.000000000,QUERY_SPREAD,1
2019-06-28 15:32:50.000000000,BEST_BID,"JPM,99446,174"
2019-06-28 15:32:50.000000000,BEST_ASK,"JPM,99733,97"
2019-06-28 15:32:50.000000000,BEST_BID,"JPM,99446,174"
2019-06-28 15:32:50.000000000,BEST_ASK,"JPM,99733,97"
2019-06-28 15:32:50.000000000,BEST_BID,"JPM,99446,174"
2019-06-28 15:32:50.000000000,BEST_ASK,"JPM,99733,97"
2019-06-28 15:32:50.000000000,BEST_BID,"JPM,99446,174"
2019-06-28 15:32:50.000000000,BEST_ASK,"JPM,99733,97"
2019-06-28 15:32:50.000000000,BEST_BID,"JPM,99446,174"
2019-06-28 15:32:50.000000000,BEST_ASK,"JPM,99733,171"
2019-06-28 15:32:50.000000000,BEST_BID,"JPM,99446,174"
2019-06-28 15:32:50.000000000,BEST_ASK,"JPM,99733,171"
2019-06-28 15:32:50.000000000,BEST_BID,"JPM,99446,174"
2019-06-28 15:32:50.000000000,BEST_ASK,"JPM,99733,171"
2019-06-28 15:32:50.000000000,BEST_BID,"JPM,99446,174"
2019-06-28 15:32:50.000000000,BEST_ASK,"JPM,99733,171"
2019-06-28 15:32:50.000000000,BEST_BID,"JPM,99446,174"
2019-06-28 15:32:50.000000000,BEST_ASK,"JPM,99733,171"
2019-06-28 15:33:00.000000000,QUERY_SPREAD,1
2019-06-28 15:33:00.000000000,BEST_BID,"JPM,99446,471"
2019-06-28 15:33:00.000000000,BEST_ASK,"JPM,99733,97"
2019-06-28 15:33:00.000000000,BEST_BID,"JPM,99446,471"
2019-06-28 15:33:00.000000000,BEST_ASK,"JPM,99733,468"
2019-06-28 15:33:00.000000000,QUERY_SPREAD,77
2019-06-28 15:33:00.000000000,BEST_BID,"JPM,99446,466"
2019-06-28 15:33:00.000000000,BEST_ASK,"JPM,99733,468"
2019-06-28 15:33:00.000000000,LAST_TRADE,"5,$99446.0000"
2019-06-28 15:33:00.000000000,QUERY_SPREAD,78
2019-06-28 15:33:00.000000000,BEST_BID,"JPM,99446,458"
2019-06-28 15:33:00.000000000,BEST_ASK,"JPM,99733,468"
2019-06-28 15:33:00.000000000,LAST_TRADE,"8,$99446.0000"
2019-06-28 15:33:00.000000000,QUERY_SPREAD,79
2019-06-28 15:33:00.000000000,BEST_BID,"JPM,99446,453"
2019-06-28 15:33:00.000000000,BEST_ASK,"JPM,99733,468"
2019-06-28 15:33:00.000000000,LAST_TRADE,"5,$99446.0000"
2019-06-28 15:33:00.000000000,QUERY_SPREAD,80
2019-06-28 15:33:00.000000000,BEST_BID,"JPM,99446,445"
2019-06-28 15:33:00.000000000,BEST_ASK,"JPM,99733,468"
2019-06-28 15:33:00.000000000,LAST_TRADE,"8,$99446.0000"
2019-06-28 15:33:00.000000000,QUERY_SPREAD,81
2019-06-28 15:33:00.000000000,BEST_BID,"JPM,99446,436"
2019-06-28 15:33:00.000000000,BEST_ASK,"JPM,99733,468"
2019-06-28 15:33:00.000000000,LAST_TRADE,"9,$99446.0000"
2019-06-28 15:33:00.000000000,QUERY_SPREAD,82
2019-06-28 15:33:00.000000000,BEST_BID,"JPM,99446,433"
2019-06-28 15:33:00.000000000,BEST_ASK,"JPM,99733,468"
2019-06-28 15:33:00.000000000,LAST_TRADE,"3,$99446.0000"
2019-06-28 15:33:00.000000000,QUERY_SPREAD,83
2019-06-28 15:33:00.000000000,BEST_BID,"JPM,99446,425"
2019-06-28 15:33:00.000000000,BEST_ASK,"JPM,99733,468"
2019-06-28 15:33:00.000000000,LAST_TRADE,"8,$99446.0000"
2019-06-28 15:33:00.000000000,QUERY_SPREAD,84
2019-06-28 15:33:00.000000000,BEST_BID,"JPM,99446,421"
2019-06-28 15:33:00.000000000,BEST_ASK,"JPM,99733,468"
2019-06-28 15:33:00.000000000,LAST_TRADE,"4,$99446.0000"
2019-06-28 15:33:00.000000000,QUERY_SPREAD,85
2019-06-28 15:33:00.000000000,BEST_BID,"JPM,99446,416"
2019-06-28 15:33:00.000000000,BEST_ASK,"JPM,99733,468"
2019-06-28 15:33:00.000000000,LAST_TRADE,"5,$99446.0000"
2019-06-28 15:33:00.000000000,QUERY_SPREAD,86
2019-06-28 15:33:00.000000000,BEST_BID,"JPM,99446,414"
2019-06-28 15:33:00.000000000,BEST_ASK,"JPM,99733,468"
2019-06-28 15:33:00.000000000,LAST_TRADE,"2,$99446.0000"
2019-06-28 15:33:00.000000000,QUERY_SPREAD,87
2019-06-28 15:33:00.000000000,BEST_BID,"JPM,99446,407"
2019-06-28 15:33:00.000000000,BEST_ASK,"JPM,99733,468"
2019-06-28 15:33:00.000000000,LAST_TRADE,"7,$99446.0000"
2019-06-28 15:33:00.000000000,QUERY_SPREAD,88
2019-06-28 15:33:00.000000000,BEST_BID,"JPM,99446,399"
2019-06-28 15:33:00.000000000,BEST_ASK,"JPM,99733,468"
2019-06-28 15:33:00.000000000,LAST_TRADE,"8,$99446.0000"
2019-06-28 15:33:00.000000000,QUERY_SPREAD,89
2019-06-28 15:33:00.000000000,BEST_BID,"JPM,99446,394"
2019-06-28 15:33:00.000000000,BEST_ASK,"JPM,99733,468"
2019-06-28 15:33:00.000000000,LAST_TRADE,"5,$99446.0000"
2019-06-28 15:33:00.000000000,QUERY_SPREAD,90
2019-06-28 15:33:00.000000000,BEST_BID,"JPM,99446,390"
2019-06-28 15:33:00.000000000,BEST_ASK,"JPM,99733,468"
2019-06-28 15:33:00.000000000,LAST_TRADE,"4,$99446.0000"
2019-06-28 15:33:00.000000000,QUERY_SPREAD,91
2019-06-28 15:33:00.000000000,BEST_BID,"JPM,99446,387"
2019-06-28 15:33:00.000000000,BEST_ASK,"JPM,99733,468"
2019-06-28 15:33:00.000000000,LAST_TRADE,"3,$99446.0000"
2019-06-28 15:33:00.000000000,QUERY_SPREAD,92
2019-06-28 15:33:00.000000000,BEST_BID,"JPM,99446,382"
2019-06-28 15:33:00.000000000,BEST_ASK,"JPM,99733,468"
2019-06-28 15:33:00.000000000,LAST_TRADE,"5,$99446.0000"
2019-06-28 15:33:00.000000000,QUERY_SPREAD,93
2019-06-28 15:33:00.000000000,BEST_BID,"JPM,99446,375"
2019-06-28 15:33:00.000000000,BEST_ASK,"JPM,99733,468"
2019-06-28 15:33:00.000000000,LAST_TRADE,"7,$99446.0000"
2019-06-28 15:33:00.000000000,QUERY_SPREAD,94
2019-06-28 15:33:00.000000000,BEST_BID,"JPM,99446,374"
2019-06-28 15:33:00.000000000,BEST_ASK,"JPM,99733,468"
2019-06-28 15:33:00.000000000,LAST_TRADE,"1,$99446.0000"
2019-06-28 15:33:00.000000000,QUERY_SPREAD,95
2019-06-28 15:33:00.000000000,BEST_BID,"JPM,99446,373"
2019-06-28 15:33:00.000000000,BEST_ASK,"JPM,99733,468"
2019-06-28 15:33:00.000000000,LAST_TRADE,"1,$99446.0000"
2019-06-28 15:33:00.000000000,QUERY_SPREAD,96
2019-06-28 15:33:00.000000000,BEST_BID,"JPM,99446,369"
2019-06-28 15:33:00.000000000,BEST_ASK,"JPM,99733,468"
2019-06-28 15:33:00.000000000,LAST_TRADE,"4,$99446.0000"
2019-06-28 15:33:00.000000000,QUERY_SPREAD,97
2019-06-28 15:33:00.000000000,BEST_BID,"JPM,99446,366"
2019-06-28 15:33:00.000000000,BEST_ASK,"JPM,99733,468"
2019-06-28 15:33:00.000000000,LAST_TRADE,"3,$99446.0000"
2019-06-28 15:33:00.000000000,QUERY_SPREAD,98
2019-06-28 15:33:00.000000000,BEST_BID,"JPM,99446,361"
2019-06-28 15:33:00.000000000,BEST_ASK,"JPM,99733,468"
2019-06-28 15:33:00.000000000,LAST_TRADE,"5,$99446.0000"
2019-06-28 15:33:00.000000000,QUERY_SPREAD,99
2019-06-28 15:33:00.000000000,BEST_BID,"JPM,99446,357"
2019-06-28 15:33:00.000000000,BEST_ASK,"JPM,99733,468"
2019-06-28 15:33:00.000000000,LAST_TRADE,"4,$99446.0000"
2019-06-28 15:33:00.000000000,QUERY_SPREAD,100
2019-06-28 15:33:00.000000000,BEST_BID,"JPM,99446,352"
2019-06-28 15:33:00.000000000,BEST_ASK,"JPM,99733,468"
2019-06-28 15:33:00.000000000,LAST_TRADE,"5,$99446.0000"
2019-06-28 15:33:00.000000000,QUERY_SPREAD,101
2019-06-28 15:33:00.000000000,BEST_BID,"JPM,99446,352"
2019-06-28 15:33:00.000000000,BEST_ASK,"JPM,99733,467"
2019-06-28 15:33:00.000000000,LAST_TRADE,"1,$99733.0000"
2019-06-28 15:33:10.000000000,QUERY_SPREAD,1
2019-06-28 15:33:10.000000000,BEST_BID,"JPM,99338,193"
2019-06-28 15:33:10.000000000,BEST_ASK,"JPM,99733,96"
2019-06-28 15:33:10.000000000,BEST_BID,"JPM,99338,193"
2019-06-28 15:33:10.000000000,BEST_ASK,"JPM,99733,96"
2019-06-28 15:33:10.000000000,BEST_BID,"JPM,99338,193"
2019-06-28 15:33:10.000000000,BEST_ASK,"JPM,99733,96"
2019-06-28 15:33:10.000000000,BEST_BID,"JPM,99338,193"
2019-06-28 15:33:10.000000000,BEST_ASK,"JPM,99733,189"
2019-06-28 15:33:10.000000000,BEST_BID,"JPM,99338,193"
2019-06-28 15:33:10.000000000,BEST_ASK,"JPM,99733,189"
2019-06-28 15:33:10.000000000,BEST_BID,"JPM,99338,193"
2019-06-28 15:33:10.000000000,BEST_ASK,"JPM,99733,189"
2019-06-28 15:33:10.000000000,BEST_BID,"JPM,99338,193"
2019-06-28 15:33:10.000000000,BEST_ASK,"JPM,99733,189"
2019-06-28 15:33:15.884979767,QUERY_ORDER_STREAM,64
2019-06-28 15:33:15.884979767,QUERY_SPREAD,64
2019-06-28 15:33:15.884979767,BEST_BID,"JPM,99446,100"
2019-06-28 15:33:15.884979767,BEST_ASK,"JPM,99733,189"
2019-06-28 15:33:20.000000000,QUERY_SPREAD,1
2019-06-28 15:33:20.000000000,BEST_BID,"JPM,99446,193"
2019-06-28 15:33:20.000000000,BEST_ASK,"JPM,99733,96"
2019-06-28 15:33:20.000000000,BEST_BID,"JPM,99446,193"
2019-06-28 15:33:20.000000000,BEST_ASK,"JPM,99733,96"
2019-06-28 15:33:20.000000000,BEST_BID,"JPM,99446,193"
2019-06-28 15:33:20.000000000,BEST_ASK,"JPM,99733,96"
2019-06-28 15:33:20.000000000,BEST_BID,"JPM,99446,193"
2019-06-28 15:33:20.000000000,BEST_ASK,"JPM,99733,96"
2019-06-28 15:33:20.000000000,BEST_BID,"JPM,99446,193"
2019-06-28 15:33:20.000000000,BEST_ASK,"JPM,99733,189"
2019-06-28 15:33:20.000000000,BEST_BID,"JPM,99446,193"
2019-06-28 15:33:20.000000000,BEST_ASK,"JPM,99733,189"
2019-06-28 15:33:20.000000000,BEST_BID,"JPM,99446,193"
2019-06-28 15:33:20.000000000,BEST_ASK,"JPM,99733,189"
2019-06-28 15:33:20.000000000,BEST_BID,"JPM,99446,193"
2019-06-28 15:33:20.000000000,BEST_ASK,"JPM,99733,189"
2019-06-28 15:33:27.747346574,QUERY_SPREAD,39
2019-06-28 15:33:27.747346574,BEST_BID,"JPM,99446,193"
2019-06-28 15:33:27.747346574,BEST_ASK,"JPM,99733,89"
2019-06-28 15:33:27.747346574,LAST_TRADE,"100,$99733.0000"
2019-06-28 15:33:27.843313619,QUERY_ORDER_STREAM,59
2019-06-28 15:33:27.843313619,QUERY_SPREAD,59
2019-06-28 15:33:28.585201127,QUERY_ORDER_STREAM,59
2019-06-28 15:33:28.585201127,QUERY_SPREAD,59
2019-06-28 15:33:28.585201127,BEST_BID,"JPM,99733,11"
2019-06-28 15:33:28.585201127,BEST_ASK,"JPM,99872,193"
2019-06-28 15:33:28.585201127,LAST_TRADE,"89,$99733.0000"
2019-06-28 15:33:30.000000000,QUERY_SPREAD,1
2019-06-28 15:33:30.000000000,BEST_BID,"JPM,99733,104"
2019-06-28 15:33:30.000000000,BEST_ASK,"JPM,99872,100"
2019-06-28 15:33:30.000000000,BEST_BID,"JPM,99733,104"
2019-06-28 15:33:30.000000000,BEST_ASK,"JPM,99872,100"
2019-06-28 15:33:30.000000000,BEST_BID,"JPM,99733,104"
2019-06-28 15:33:30.000000000,BEST_ASK,"JPM,99872,100"
2019-06-28 15:33:30.000000000,BEST_BID,"JPM,99733,104"
2019-06-28 15:33:30.000000000,BEST_ASK,"JPM,99872,100"
2019-06-28 15:33:30.000000000,BEST_BID,"JPM,99733,104"
2019-06-28 15:33:30.000000000,BEST_ASK,"JPM,99872,193"
2019-06-28 15:33:30.000000000,BEST_BID,"JPM,99733,104"
2019-06-28 15:33:30.000000000,BEST_ASK,"JPM,99872,193"
2019-06-28 15:33:30.000000000,BEST_BID,"JPM,99733,104"
2019-06-28 15:33:30.000000000,BEST_ASK,"JPM,99872,193"
2019-06-28 15:33:30.000000000,BEST_BID,"JPM,99733,104"
2019-06-28 15:33:30.000000000,BEST_ASK,"JPM,99872,193"
2019-06-28 15:33:32.347234203,QUERY_SPREAD,6
2019-06-28 15:33:32.347234203,BEST_BID,"JPM,99733,104"
2019-06-28 15:33:32.347234203,BEST_ASK,"JPM,99872,193"
2019-06-28 15:33:38.487758941,QUERY_ORDER_STREAM,74
2019-06-28 15:33:38.487758941,QUERY_SPREAD,74
2019-06-28 15:33:38.487758941,BEST_BID,"JPM,99733,204"
2019-06-28 15:33:38.487758941,BEST_ASK,"JPM,99872,193"
2019-06-28 15:33:40.000000000,QUERY_SPREAD,1
2019-06-28 15:33:40.000000000,BEST_BID,"JPM,99733,482"
2019-06-28 15:33:40.000000000,BEST_ASK,"JPM,99872,100"
2019-06-28 15:33:40.000000000,BEST_BID,"JPM,99733,482"
2019-06-28 15:33:40.000000000,BEST_ASK,"JPM,99872,471"
2019-06-28 15:33:42.847161014,QUERY_SPREAD,12
2019-06-28 15:33:42.847161014,BEST_BID,"JPM,99733,482"
2019-06-28 15:33:42.847161014,BEST_ASK,"JPM,99872,471"
2019-06-28 15:33:50.000000000,QUERY_SPREAD,1
2019-06-28 15:33:50.000000000,BEST_BID,"JPM,99733,237"
2019-06-28 15:33:50.000000000,BEST_ASK,"JPM,99872,100"
2019-06-28 15:33:50.000000000,BEST_BID,"JPM,99733,237"
2019-06-28 15:33:50.000000000,BEST_ASK,"JPM,99872,100"
2019-06-28 15:33:50.000000000,BEST_BID,"JPM,99733,237"
2019-06-28 15:33:50.000000000,BEST_ASK,"JPM,99872,100"
2019-06-28 15:33:50.000000000,BEST_BID,"JPM,99733,237"
2019-06-28 15:33:50.000000000,BEST_ASK,"JPM,99872,226"
2019-06-28 15:33:50.000000000,BEST_BID,"JPM,99733,237"
2019-06-28 15:33:50.000000000,BEST_ASK,"JPM,99872,226"
2019-06-28 15:33:50.000000000,BEST_BID,"JPM,99733,237"
2019-06-28 15:33:50.000000000,BEST_ASK,"JPM,99872,226"
2019-06-28 15:33:50.235869632,QUERY_ORDER_STREAM,56
2019-06-28 15:33:50.235869632,QUERY_SPREAD,56
2019-06-28 15:33:50.235869632,BEST_BID,"JPM,99733,337"
2019-06-28 15:33:50.235869632,BEST_ASK,"JPM,99872,226"
2019-06-28 15:33:51.200577722,QUERY_ORDER_STREAM,76
2019-06-28 15:33:51.200577722,QUERY_SPREAD,76
2019-06-28 15:33:56.628398991,QUERY_SPREAD,12
2019-06-28 15:33:56.628398991,BEST_BID,"JPM,99733,337"
2019-06-28 15:33:56.628398991,BEST_ASK,"JPM,99872,126"
2019-06-28 15:33:56.628398991,LAST_TRADE,"100,$99872.0000"
2019-06-28 15:34:00.000000000,QUERY_SPREAD,1
2019-06-28 15:34:00.000000000,BEST_BID,"JPM,99733,337"
2019-06-28 15:34:00.000000000,BEST_ASK,"JPM,99875,299"
2019-06-28 15:34:00.000000000,BEST_BID,"JPM,99733,337"
2019-06-28 15:34:00.000000000,BEST_ASK,"JPM,99875,299"
2019-06-28 15:34:00.000000000,BEST_BID,"JPM,99733,337"
2019-06-28 15:34:00.000000000,BEST_ASK,"JPM,99875,299"
2019-06-28 15:34:00.000000000,BEST_BID,"JPM,99733,337"
2019-06-28 15:34:00.000000000,BEST_ASK,"JPM,99875,425"
2019-06-28 15:34:00.000000000,BEST_BID,"JPM,99733,337"
2019-06-28 15:34:00.000000000,BEST_ASK,"JPM,99875,425"
2019-06-28 15:34:00.000000000,BEST_BID,"JPM,99733,337"
2019-06-28 15:34:00.000000000,BEST_ASK,"JPM,99875,425"
2019-06-28 15:34:00.000000000,QUERY_SPREAD,77
2019-06-28 15:34:00.000000000,BEST_BID,"JPM,99733,332"
2019-06-28 15:34:00.000000000,BEST_ASK,"JPM,99875,425"
2019-06-28 15:34:00.000000000,LAST_TRADE,"5,$99733.0000"
2019-06-28 15:34:00.000000000,QUERY_SPREAD,78
2019-06-28 15:34:00.000000000,BEST_BID,"JPM,99733,324"
2019-06-28 15:34:00.000000000,BEST_ASK,"JPM,99875,425"
2019-06-28 15:34:00.000000000,LAST_TRADE,"8,$99733.0000"
2019-06-28 15:34:00.000000000,QUERY_SPREAD,79
2019-06-28 15:34:00.000000000,BEST_BID,"JPM,99733,319"
2019-06-28 15:34:00.000000000,BEST_ASK,"JPM,99875,425"
2019-06-28 15:34:00.000000000,LAST_TRADE,"5,$99733.0000"
2019-06-28 15:34:00.000000000,QUERY_SPREAD,80
2019-06-28 15:34:00.000000000,BEST_BID,"JPM,99733,311"
2019-06-28 15:34:00.000000000,BEST_ASK,"JPM,99875,425"
2019-06-28 15:34:00.000000000,LAST_TRADE,"8,$99733.0000"
2019-06-28 15:34:00.000000000,QUERY_SPREAD,81
2019-06-28 15:34:00.000000000,BEST_BID,"JPM,99733,302"
2019-06-28 15:34:00.000000000,BEST_ASK,"JPM,99875,425"
2019-06-28 15:34:00.000000000,LAST_TRADE,"9,$99733.0000"
2019-06-28 15:34:00.000000000,QUERY_SPREAD,82
2019-06-28 15:34:00.000000000,BEST_BID,"JPM,99733,299"
2019-06-28 15:34:00.000000000,BEST_ASK,"JPM,99875,425"
2019-06-28 15:34:00.000000000,LAST_TRADE,"3,$99733.0000"
2019-06-28 15:34:00.000000000,QUERY_SPREAD,83
2019-06-28 15:34:00.000000000,BEST_BID,"JPM,99733,291"
2019-06-28 15:34:00.000000000,BEST_ASK,"JPM,99875,425"
2019-06-28 15:34:00.000000000,LAST_TRADE,"8,$99733.0000"
2019-06-28 15:34:00.000000000,QUERY_SPREAD,84
2019-06-28 15:34:00.000000000,BEST_BID,"JPM,99733,287"
2019-06-28 15:34:00.000000000,BEST_ASK,"JPM,99875,425"
2019-06-28 15:34:00.000000000,LAST_TRADE,"4,$99733.0000"
2019-06-28 15:34:00.000000000,QUERY_SPREAD,85
2019-06-28 15:34:00.000000000,BEST_BID,"JPM,99733,282"
2019-06-28 15:34:00.000000000,BEST_ASK,"JPM,99875,425"
2019-06-28 15:34:00.000000000,LAST_TRADE,"5,$99733.0000"
2019-06-28 15:34:00.000000000,QUERY_SPREAD,86
2019-06-28 15:34:00.000000000,BEST_BID,"JPM,99733,280"
2019-06-28 15:34:00.000000000,BEST_ASK,"JPM,99875,425"
2019-06-28 15:34:00.000000000,LAST_TRADE,"2,$99733.0000"
2019-06-28 15:34:00.000000000,QUERY_SPREAD,87
2019-06-28 15:34:00.000000000,BEST_BID,"JPM,99733,273"
2019-06-28 15:34:00.000000000,BEST_ASK,"JPM,99875,425"
2019-06-28 15:34:00.000000000,LAST_TRADE,"7,$99733.0000"
2019-06-28 15:34:00.000000000,QUERY_SPREAD,88
2019-06-28 15:34:00.000000000,BEST_BID,"JPM,99733,265"
2019-06-28 15:34:00.000000000,BEST_ASK,"JPM,99875,425"
2019-06-28 15:34:00.000000000,LAST_TRADE,"8,$99733.0000"
2019-06-28 15:34:00.000000000,QUERY_SPREAD,89
2019-06-28 15:34:00.000000000,BEST_BID,"JPM,99733,260"
2019-06-28 15:34:00.000000000,BEST_ASK,"JPM,99875,425"
2019-06-28 15:34:00.000000000,LAST_TRADE,"5,$99733.0000"
2019-06-28 15:34:00.000000000,QUERY_SPREAD,90
2019-06-28 15:34:00.000000000,BEST_BID,"JPM,99733,256"
2019-06-28 15:34:00.000000000,BEST_ASK,"JPM,99875,425"
2019-06-28 15:34:00.000000000,LAST_TRADE,"4,$99733.0000"
2019-06-28 15:34:00.000000000,QUERY_SPREAD,91
2019-06-28 15:34:00.000000000,BEST_BID,"JPM,99733,253"
2019-06-28 15:34:00.000000000,BEST_ASK,"JPM,99875,425"
2019-06-28 15:34:00.000000000,LAST_TRADE,"3,$99733.0000"
2019-06-28 15:34:00.000000000,QUERY_SPREAD,92
2019-06-28 15:34:00.000000000,BEST_BID,"JPM,99733,248"
2019-06-28 15:34:00.000000000,BEST_ASK,"JPM,99875,425"
2019-06-28 15:34:00.000000000,LAST_TRADE,"5,$99733.0000"
2019-06-28 15:34:00.000000000,QUERY_SPREAD,93
2019-06-28 15:34:00.000000000,BEST_BID,"JPM,99733,241"
2019-06-28 15:34:00.000000000,BEST_ASK,"JPM,99875,425"
2019-06-28 15:34:00.000000000,LAST_TRADE,"7,$99733.0000"
2019-06-28 15:34:00.000000000,QUERY_SPREAD,94
2019-06-28 15:34:00.000000000,BEST_BID,"JPM,99733,240"
2019-06-28 15:34:00.000000000,BEST_ASK,"JPM,99875,425"
2019-06-28 15:34:00.000000000,LAST_TRADE,"1,$99733.0000"
2019-06-28 15:34:00.000000000,QUERY_SPREAD,95
2019-06-28 15:34:00.000000000,BEST_BID,"JPM,99733,239"
2019-06-28 15:34:00.000000000,BEST_ASK,"JPM,99875,425"
2019-06-28 15:34:00.000000000,LAST_TRADE,"1,$99733.0000"
2019-06-28 15:34:00.000000000,QUERY_SPREAD,96
2019-06-28 15:34:00.000000000,BEST_BID,"JPM,99733,235"
2019-06-28 15:34:00.000000000,BEST_ASK,"JPM,99875,425"
2019-06-28 15:34:00.000000000,LAST_TRADE,"4,$99733.0000"
2019-06-28 15:34:00.000000000,QUERY_SPREAD,97
2019-06-28 15:34:00.000000000,BEST_BID,"JPM,99733,232"
2019-06-28 15:34:00.000000000,BEST_ASK,"JPM,99875,425"
2019-06-28 15:34:00.000000000,LAST_TRADE,"3,$99733.0000"
2019-06-28 15:34:00.000000000,QUERY_SPREAD,98
2019-06-28 15:34:00.000000000,BEST_BID,"JPM,99733,227"
2019-06-28 15:34:00.000000000,BEST_ASK,"JPM,99875,425"
2019-06-28 15:34:00.000000000,LAST_TRADE,"5,$99733.0000"
2019-06-28 15:34:00.000000000,QUERY_SPREAD,99
2019-06-28 15:34:00.000000000,BEST_BID,"JPM,99733,223"
2019-06-28 15:34:00.000000000,BEST_ASK,"JPM,99875,425"
2019-06-28 15:34:00.000000000,LAST_TRADE,"4,$99733.0000"
2019-06-28 15:34:00.000000000,QUERY_SPREAD,100
2019-06-28 15:34:00.000000000,BEST_BID,"JPM,99733,218"
2019-06-28 15:34:00.000000000,BEST_ASK,"JPM,99875,425"
2019-06-28 15:34:00.000000000,LAST_TRADE,"5,$99733.0000"
2019-06-28 15:34:00.000000000,QUERY_SPREAD,101
2019-06-28 15:34:00.000000000,BEST_BID,"JPM,99733,218"
2019-06-28 15:34:00.000000000,BEST_ASK,"JPM,99875,424"
2019-06-28 15:34:00.000000000,LAST_TRADE,"1,$99875.0000"
2019-06-28 15:34:10.000000000,QUERY_SPREAD,1
2019-06-28 15:34:10.000000000,BEST_BID,"JPM,99733,278"
2019-06-28 15:34:10.000000000,BEST_ASK,"JPM,99875,298"
2019-06-28 15:34:10.000000000,BEST_BID,"JPM,99733,278"
2019-06-28 15:34:10.000000000,BEST_ASK,"JPM,99875,298"
2019-06-28 15:34:10.000000000,BEST_BID,"JPM,99733,278"
2019-06-28 15:34:10.000000000,BEST_ASK,"JPM,99875,484"
2019-06-28 15:34:10.000000000,BEST_BID,"JPM,99733,278"
2019-06-28 15:34:10.000000000,BEST_ASK,"JPM,99875,484"
2019-06-28 15:34:20.000000000,QUERY_SPREAD,1
2019-06-28 15:34:20.000000000,BEST_BID,"JPM,99733,185"
2019-06-28 15:34:20.000000000,BEST_ASK,"JPM,99875,298"
2019-06-28 15:34:20.000000000,BEST_BID,"JPM,99733,185"
2019-06-28 15:34:20.000000000,BEST_ASK,"JPM,99875,298"
2019-06-28 15:34:20.000000000,BEST_BID,"JPM,99733,185"
2019-06-28 15:34:20.000000000,BEST_ASK,"JPM,99875,298"
2019-06-28 15:34:20.000000000,BEST_BID,"JPM,99733,185"
2019-06-28 15:34:20.000000000,BEST_ASK,"JPM,99875,298"
2019-06-28 15:34:20.000000000,BEST_BID,"JPM,99733,185"
2019-06-28 15:34:20.000000000,BEST_ASK,"JPM,99875,391"
2019-06-28 15:34:20.000000000,BEST_BID,"JPM,99733,185"
2019-06-28 15:34:20.000000000,BEST_ASK,"JPM,99875,391"
2019-06-28 15:34:20.000000000,BEST_BID,"JPM,99733,185"
2019-06-28 15:34:20.000000000,BEST_ASK,"JPM,99875,391"
2019-06-28 15:34:20.000000000,BEST_BID,"JPM,99733,185"
2019-06-28 15:34:20.000000000,BEST_ASK,"JPM,99875,391"
2019-06-28 15:34:21.695265806,QUERY_SPREAD,49
2019-06-28 15:34:21.695265806,BEST_BID,"JPM,99733,185"
2019-06-28 15:34:21.695265806,BEST_ASK,"JPM,99875,291"
2019-06-28 15:34:21.695265806,LAST_TRADE,"100,$99875.0000"
2019-06-28 15:34:26.928423945,QUERY_SPREAD,20
2019-06-28 15:34:26.928423945,BEST_BID,"JPM,99733,185"
2019-06-28 15:34:26.928423945,BEST_ASK,"JPM,99875,291"
2019-06-28 15:34:28.753835785,QUERY_SPREAD,48
2019-06-28 15:34:28.753835785,BEST_BID,"JPM,99733,185"
2019-06-28 15:34:28.753835785,BEST_ASK,"JPM,99875,191"
2019-06-28 15:34:28.753835785,LAST_TRADE,"100,$99875.0000"
2019-06-28 15:34:30.000000000,QUERY_SPREAD,1
2019-06-28 15:34:30.000000000,BEST_BID,"JPM,99733,166"
2019-06-28 15:34:30.000000000,BEST_ASK,"JPM,99875,98"
2019-06-28 15:34:30.000000000,BEST_BID,"JPM,99733,166"
2019-06-28 15:34:30.000000000,BEST_ASK,"JPM,99875,98"
2019-06-28 15:34:30.000000000,BEST_BID,"JPM,99733,166"
2019-06-28 15:34:30.000000000,BEST_ASK,"JPM,99875,98"
2019-06-28 15:34:30.000000000,BEST_BID,"JPM,99733,166"
2019-06-28 15:34:30.000000000,BEST_ASK,"JPM,99875,98"
2019-06-28 15:34:30.000000000,BEST_BID,"JPM,99733,166"
2019-06-28 15:34:30.000000000,BEST_ASK,"JPM,99875,98"
2019-06-28 15:34:30.000000000,BEST_BID,"JPM,99733,166"
2019-06-28 15:34:30.000000000,BEST_ASK,"JPM,99875,172"
2019-06-28 15:34:30.000000000,BEST_BID,"JPM,99733,166"
2019-06-28 15:34:30.000000000,BEST_ASK,"JPM,99875,172"
2019-06-28 15:34:30.000000000,BEST_BID,"JPM,99733,166"
2019-06-28 15:34:30.000000000,BEST_ASK,"JPM,99875,172"
2019-06-28 15:34:30.000000000,BEST_BID,"JPM,99733,166"
2019-06-28 15:34:30.000000000,BEST_ASK,"JPM,99875,172"
2019-06-28 15:34:30.000000000,BEST_BID,"JPM,99733,166"
2019-06-28 15:34:30.000000000,BEST_ASK,"JPM,99875,172"
2019-06-28 15:34:30.741972367,QUERY_ORDER_STREAM,73
2019-06-28 15:34:30.741972367,QUERY_SPREAD,73
2019-06-28 15:34:31.347324069,QUERY_ORDER_STREAM,67
2019-06-28 15:34:31.347324069,QUERY_SPREAD,67
2019-06-28 15:34:39.119590079,QUERY_ORDER_STREAM,73
2019-06-28 15:34:39.119590079,QUERY_SPREAD,73
2019-06-28 15:34:40.000000000,QUERY_SPREAD,1
2019-06-28 15:34:40.000000000,BEST_BID,"JPM,99733,166"
2019-06-28 15:34:40.000000000,BEST_ASK,"JPM,99875,98"
2019-06-28 15:34:40.000000000,BEST_BID,"JPM,99733,166"
2019-06-28 15:34:40.000000000,BEST_ASK,"JPM,99875,98"
2019-06-28 15:34:40.000000000,BEST_BID,"JPM,99733,166"
2019-06-28 15:34:40.000000000,BEST_ASK,"JPM,99875,98"
2019-06-28 15:34:40.000000000,BEST_BID,"JPM,99733,166"
2019-06-28 15:34:40.000000000,BEST_ASK,"JPM,99875,98"
2019-06-28 15:34:40.000000000,BEST_BID,"JPM,99733,166"
2019-06-28 15:34:40.000000000,BEST_ASK,"JPM,99875,98"
2019-06-28 15:34:40.000000000,BEST_BID,"JPM,99733,166"
2019-06-28 15:34:40.000000000,BEST_ASK,"JPM,99875,172"
2019-06-28 15:34:40.000000000,BEST_BID,"JPM,99733,166"
2019-06-28 15:34:40.000000000,BEST_ASK,"JPM,99875,172"
2019-06-28 15:34:40.000000000,BEST_BID,"JPM,99733,166"
2019-06-28 15:34:40.000000000,BEST_ASK,"JPM,99875,172"
2019-06-28 15:34:40.000000000,BEST_BID,"JPM,99733,166"
2019-06-28 15:34:40.000000000,BEST_ASK,"JPM,99875,172"
2019-06-28 15:34:40.000000000,BEST_BID,"JPM,99733,166"
2019-06-28 15:34:40.000000000,BEST_ASK,"JPM,99875,172"
2019-06-28 15:34:50.000000000,QUERY_SPREAD,1
2019-06-28 15:34:50.000000000,BEST_BID,"JPM,99733,463"
2019-06-28 15:34:50.000000000,BEST_ASK,"JPM,99875,98"
2019-06-28 15:34:50.000000000,BEST_BID,"JPM,99733,463"
2019-06-28 15:34:50.000000000,BEST_ASK,"JPM,99875,469"
2019-06-28 15:34:51.882666263,QUERY_SPREAD,30
2019-06-28 15:34:51.882666263,BEST_BID,"JPM,99825,100"
2019-06-28 15:34:51.882666263,BEST_ASK,"JPM,99875,469"
2019-06-28 15:35:00.000000000,QUERY_SPREAD,1
2019-06-28 15:35:00.000000000,BEST_BID,"JPM,99825,286"
2019-06-28 15:35:00.000000000,BEST_ASK,"JPM,99875,98"
2019-06-28 15:35:00.000000000,BEST_BID,"JPM,99825,286"
2019-06-28 15:35:00.000000000,BEST_ASK,"JPM,99875,98"
2019-06-28 15:35:00.000000000,BEST_BID,"JPM,99825,286"
2019-06-28 15:35:00.000000000,BEST_ASK,"JPM,99875,284"
2019-06-28 15:35:00.000000000,BEST_BID,"JPM,99825,286"
2019-06-28 15:35:00.000000000,BEST_ASK,"JPM,99875,284"
2019-06-28 15:35:00.000000000,QUERY_SPREAD,77
2019-06-28 15:35:00.000000000,BEST_BID,"JPM,99825,286"
2019-06-28 15:35:00.000000000,BEST_ASK,"JPM,99875,279"
2019-06-28 15:35:00.000000000,LAST_TRADE,"5,$99875.0000"
2019-06-28 15:35:00.000000000,QUERY_SPREAD,78
2019-06-28 15:35:00.000000000,BEST_BID,"JPM,99825,286"
2019-06-28 15:35:00.000000000,BEST_ASK,"JPM,99875,271"
2019-06-28 15:35:00.000000000,LAST_TRADE,"8,$99875.0000"
2019-06-28 15:35:00.000000000,QUERY_SPREAD,79
2019-06-28 15:35:00.000000000,BEST_BID,"JPM,99825,286"
2019-06-28 15:35:00.000000000,BEST_ASK,"JPM,99875,266"
2019-06-28 15:35:00.000000000,LAST_TRADE,"5,$99875.0000"
2019-06-28 15:35:00.000000000,QUERY_SPREAD,80
2019-06-28 15:35:00.000000000,BEST_BID,"JPM,99825,286"
2019-06-28 15:35:00.000000000,BEST_ASK,"JPM,99875,258"
2019-06-28 15:35:00.000000000,LAST_TRADE,"8,$99875.0000"
2019-06-28 15:35:00.000000000,QUERY_SPREAD,81
2019-06-28 15:35:00.000000000,BEST_BID,"JPM,99825,286"
2019-06-28 15:35:00.000000000,BEST_ASK,"JPM,99875,249"
2019-06-28 15:35:00.000000000,LAST_TRADE,"9,$99875.0000"
2019-06-28 15:35:00.000000000,QUERY_SPREAD,82
2019-06-28 15:35:00.000000000,BEST_BID,"JPM,99825,286"
2019-06-28 15:35:00.000000000,BEST_ASK,"JPM,99875,246"
2019-06-28 15:35:00.000000000,LAST_TRADE,"3,$99875.0000"
2019-06-28 15:35:00.000000000,QUERY_SPREAD,83
2019-06-28 15:35:00.000000000,BEST_BID,"JPM,99825,286"
2019-06-28 15:35:00.000000000,BEST_ASK,"JPM,99875,238"
2019-06-28 15:35:00.000000000,LAST_TRADE,"8,$99875.0000"
2019-06-28 15:35:00.000000000,QUERY_SPREAD,84
2019-06-28 15:35:00.000000000,BEST_BID,"JPM,99825,286"
2019-06-28 15:35:00.000000000,BEST_ASK,"JPM,99875,234"
2019-06-28 15:35:00.000000000,LAST_TRADE,"4,$99875.0000"
2019-06-28 15:35:00.000000000,QUERY_SPREAD,85
2019-06-28 15:35:00.000000000,BEST_BID,"JPM,99825,286"
2019-06-28 15:35:00.000000000,BEST_ASK,"JPM,99875,229"
2019-06-28 15:35:00.000000000,LAST_TRADE,"5,$99875.0000"
2019-06-28 15:35:00.000000000,QUERY_SPREAD,86
2019-06-28 15:35:00.000000000,BEST_BID,"JPM,99825,286"
2019-06-28 15:35:00.000000000,BEST_ASK,"JPM,99875,227"
2019-06-28 15:35:00.000000000,LAST_TRADE,"2,$99875.0000"
2019-06-28 15:35:00.000000000,QUERY_SPREAD,87
2019-06-28 15:35:00.000000000,BEST_BID,"JPM,99825,286"
2019-06-28 15:35:00.000000000,BEST_ASK,"JPM,99875,220"
2019-06-28 15:35:00.000000000,LAST_TRADE,"7,$99875.0000"
2019-06-28 15:35:00.000000000,QUERY_SPREAD,88
2019-06-28 15:35:00.000000000,BEST_BID,"JPM,99825,286"
2019-06-28 15:35:00.000000000,BEST_ASK,"JPM,99875,212"
2019-06-28 15:35:00.000000000,LAST_TRADE,"8,$99875.0000"
2019-06-28 15:35:00.000000000,QUERY_SPREAD,89
2019-06-28 15:35:00.000000000,BEST_BID,"JPM,99825,286"
2019-06-28 15:35:00.000000000,BEST_ASK,"JPM,99875,207"
2019-06-28 15:35:00.000000000,LAST_TRADE,"5,$99875.0000"
2019-06-28 15:35:00.000000000,QUERY_SPREAD,90
2019-06-28 15:35:00.000000000,BEST_BID,"JPM,99825,286"
2019-06-28 15:35:00.000000000,BEST_ASK,"JPM,99875,203"
2019-06-28 15:35:00.000000000,LAST_TRADE,"4,$99875.0000"
2019-06-28 15:35:00.000000000,QUERY_SPREAD,91
2019-06-28 15:35:00.000000000,BEST_BID,"JPM,99825,286"
2019-06-28 15:35:00.000000000,BEST_ASK,"JPM,99875,200"
2019-06-28 15:35:00.000000000,LAST_TRADE,"3,$99875.0000"
2019-06-28 15:35:00.000000000,QUERY_SPREAD,92
2019-06-28 15:35:00.000000000,BEST_BID,"JPM,99825,286"
2019-06-28 15:35:00.000000000,BEST_ASK,"JPM,99875,195"
2019-06-28 15:35:00.000000000,LAST_TRADE,"5,$99875.0000"
2019-06-28 15:35:00.000000000,QUERY_SPREAD,93
2019-06-28 15:35:00.000000000,BEST_BID,"JPM,99825,286"
2019-06-28 15:35:00.000000000,BEST_ASK,"JPM,99875,188"
2019-06-28 15:35:00.000000000,LAST_TRADE,"7,$99875.0000"
2019-06-28 15:35:00.000000000,QUERY_SPREAD,94
2019-06-28 15:35:00.000000000,BEST_BID,"JPM,99825,286"
2019-06-28 15:35:00.000000000,BEST_ASK,"JPM,99875,187"
2019-06-28 15:35:00.000000000,LAST_TRADE,"1,$99875.0000"
2019-06-28 15:35:00.000000000,QUERY_SPREAD,95
2019-06-28 15:35:00.000000000,BEST_BID,"JPM,99825,286"
2019-06-28 15:35:00.000000000,BEST_ASK,"JPM,99875,186"
2019-06-28 15:35:00.000000000,LAST_TRADE,"1,$99875.0000"
2019-06-28 15:35:00.000000000,QUERY_SPREAD,96
2019-06-28 15:35:00.000000000,BEST_BID,"JPM,99825,286"
2019-06-28 15:35:00.000000000,BEST_ASK,"JPM,99875,182"
2019-06-28 15:35:00.000000000,LAST_TRADE,"4,$99875.0000"
2019-06-28 15:35:00.000000000,QUERY_SPREAD,97
2019-06-28 15:35:00.000000000,BEST_BID,"JPM,99825,286"
2019-06-28 15:35:00.000000000,BEST_ASK,"JPM,99875,179"
2019-06-28 15:35:00.000000000,LAST_TRADE,"3,$99875.0000"
2019-06-28 15:35:00.000000000,QUERY_SPREAD,98
2019-06-28 15:35:00.000000000,BEST_BID,"JPM,99825,286"
2019-06-28 15:35:00.000000000,BEST_ASK,"JPM,99875,174"
2019-06-28 15:35:00.000000000,LAST_TRADE,"5,$99875.0000"
2019-06-28 15:35:00.000000000,QUERY_SPREAD,99
2019-06-28 15:35:00.000000000,BEST_BID,"JPM,99825,286"
2019-06-28 15:35:00.000000000,BEST_ASK,"JPM,99875,170"
2019-06-28 15:35:00.000000000,LAST_TRADE,"4,$99875.0000"
2019-06-28 15:35:00.000000000,QUERY_SPREAD,100
2019-06-28 15:35:00.000000000,BEST_BID,"JPM,99825,286"
2019-06-28 15:35:00.000000000,BEST_ASK,"JPM,99875,165"
2019-06-28 15:35:00.000000000,LAST_TRADE,"5,$99875.0000"
2019-06-28 15:35:00.000000000,QUERY_SPREAD,101
2019-06-28 15:35:00.000000000,BEST_BID,"JPM,99825,285"
2019-06-28 15:35:00.000000000,BEST_ASK,"JPM,99875,165"
2019-06-28 15:35:00.000000000,LAST_TRADE,"1,$99825.0000"
2019-06-28 15:35:02.321334336,QUERY_SPREAD,21
2019-06-28 15:35:02.321334336,BEST_BID,"JPM,99825,285"
2019-06-28 15:35:02.321334336,BEST_ASK,"JPM,99875,165"
2019-06-28 15:35:10.000000000,QUERY_SPREAD,1
2019-06-28 15:35:10.000000000,BEST_BID,"JPM,99825,285"
2019-06-28 15:35:10.000000000,BEST_ASK,"JPM,99970,100"
2019-06-28 15:35:10.000000000,BEST_BID,"JPM,99825,285"
2019-06-28 15:35:10.000000000,BEST_ASK,"JPM,99970,100"
2019-06-28 15:35:10.000000000,BEST_BID,"JPM,99825,285"
2019-06-28 15:35:10.000000000,BEST_ASK,"JPM,99970,286"
2019-06-28 15:35:10.000000000,BEST_BID,"JPM,99825,285"
2019-06-28 15:35:10.000000000,BEST_ASK,"JPM,99970,286"
2019-06-28 15:35:20.000000000,QUERY_SPREAD,1
2019-06-28 15:35:20.000000000,BEST_BID,"JPM,99825,285"
2019-06-28 15:35:20.000000000,BEST_ASK,"JPM,99970,100"
2019-06-28 15:35:20.000000000,BEST_BID,"JPM,99825,285"
2019-06-28 15:35:20.000000000,BEST_ASK,"JPM,99970,100"
2019-06-28 15:35:20.000000000,BEST_BID,"JPM,99825,285"
2019-06-28 15:35:20.000000000,BEST_ASK,"JPM,99970,286"
2019-06-28 15:35:20.000000000,BEST_BID,"JPM,99825,285"
2019-06-28 15:35:20.000000000,BEST_ASK,"JPM,99970,286"
2019-06-28 15:35:30.000000000,QUERY_SPREAD,1
2019-06-28 15:35:30.000000000,BEST_BID,"JPM,99825,470"
2019-06-28 15:35:30.000000000,BEST_ASK,"JPM,99970,100"
2019-06-28 15:35:30.000000000,BEST_BID,"JPM,99825,470"
2019-06-28 15:35:30.000000000,BEST_ASK,"JPM,99970,471"
2019-06-28 15:35:40.000000000,QUERY_SPREAD,1
2019-06-28 15:35:40.000000000,BEST_BID,"JPM,99825,173"
2019-06-28 15:35:40.000000000,BEST_ASK,"JPM,99970,100"
2019-06-28 15:35:40.000000000,BEST_BID,"JPM,99825,173"
2019-06-28 15:35:40.000000000,BEST_ASK,"JPM,99970,100"
2019-06-28 15:35:40.000000000,BEST_BID,"JPM,99825,173"
2019-06-28 15:35:40.000000000,BEST_ASK,"JPM,99970,100"
2019-06-28 15:35:40.000000000,BEST_BID,"JPM,99825,173"
2019-06-28 15:35:40.000000000,BEST_ASK,"JPM,99970,100"
2019-06-28 15:35:40.000000000,BEST_BID,"JPM,99825,173"
2019-06-28 15:35:40.000000000,BEST_ASK,"JPM,99970,100"
2019-06-28 15:35:40.000000000,BEST_BID,"JPM,99825,173"
2019-06-28 15:35:40.000000000,BEST_ASK,"JPM,99970,174"
2019-06-28 15:35:40.000000000,BEST_BID,"JPM,99825,173"
2019-06-28 15:35:40.000000000,BEST_ASK,"JPM,99970,174"
2019-06-28 15:35:40.000000000,BEST_BID,"JPM,99825,173"
2019-06-28 15:35:40.000000000,BEST_ASK,"JPM,99970,174"
2019-06-28 15:35:40.000000000,BEST_BID,"JPM,99825,173"
2019-06-28 15:35:40.000000000,BEST_ASK,"JPM,99970,174"
2019-06-28 15:35:40.000000000,BEST_BID,"JPM,99825,173"
2019-06-28 15:35:40.000000000,BEST_ASK,"JPM,99970,174"
2019-06-28 15:35:41.202579601,QUERY_ORDER_STREAM,62
2019-06-28 15:35:41.202579601,QUERY_SPREAD,62
2019-06-28 15:35:41.202579601,BEST_BID,"JPM,99825,273"
2019-06-28 15:35:41.202579601,BEST_ASK,"JPM,99970,174"
2019-06-28 15:35:47.940995704,QUERY_SPREAD,27
2019-06-28 15:35:47.940995704,BEST_BID,"JPM,99825,273"
2019-06-28 15:35:47.940995704,BEST_ASK,"JPM,99970,74"
2019-06-28 15:35:47.940995704,LAST_TRADE,"100,$99970.0000"
2019-06-28 15:35:48.544501903,QUERY_SPREAD,27
2019-06-28 15:35:48.544501903,BEST_BID,"JPM,99970,26"
2019-06-28 15:35:48.544501903,BEST_ASK,"JPM,100004,174"
2019-06-28 15:35:48.544501903,LAST_TRADE,"74,$99970.0000"
2019-06-28 15:35:50.000000000,QUERY_SPREAD,1
2019-06-28 15:35:50.000000000,BEST_BID,"JPM,99970,100"
2019-06-28 15:35:50.000000000,BEST_ASK,"JPM,100004,100"
2019-06-28 15:35:50.000000000,BEST_BID,"JPM,99970,100"
2019-06-28 15:35:50.000000000,BEST_ASK,"JPM,100004,100"
2019-06-28 15:35:50.000000000,BEST_BID,"JPM,99970,100"
2019-06-28 15:35:50.000000000,BEST_ASK,"JPM,100004,100"
2019-06-28 15:35:50.000000000,BEST_BID,"JPM,99970,100"
2019-06-28 15:35:50.000000000,BEST_ASK,"JPM,100004,100"
2019-06-28 15:35:50.000000000,BEST_BID,"JPM,99970,100"
2019-06-28 15:35:50.000000000,BEST_ASK,"JPM,100004,100"
2019-06-28 15:35:50.000000000,BEST_BID,"JPM,99970,100"
2019-06-28 15:35:50.000000000,BEST_ASK,"JPM,100004,174"
2019-06-28 15:35:50.000000000,BEST_BID,"JPM,99970,100"
2019-06-28 15:35:50.000000000,BEST_ASK,"JPM,100004,174"
2019-06-28 15:35:50.000000000,BEST_BID,"JPM,99970,100"
2019-06-28 15:35:50.000000000,BEST_ASK,"JPM,100004,174"
2019-06-28 15:35:50.000000000,BEST_BID,"JPM,99970,100"
2019-06-28 15:35:50.000000000,BEST_ASK,"JPM,100004,174"
2019-06-28 15:35:50.000000000,BEST_BID,"JPM,99970,100"
2019-06-28 15:35:50.000000000,BEST_ASK,"JPM,100004,174"
2019-06-28 15:35:54.185641169,QUERY_SPREAD,29
2019-06-28 15:35:54.185641169,BEST_BID,"JPM,99970,100"
2019-06-28 15:35:54.185641169,BEST_ASK,"JPM,100004,74"
2019-06-28 15:35:54.185641169,LAST_TRADE,"100,$100004.0000"
2019-06-28 15:36:00.000000000,QUERY_SPREAD,1
2019-06-28 15:36:00.000000000,BEST_BID,"JPM,99970,119"
2019-06-28 15:36:00.000000000,BEST_ASK,"JPM,100133,100"
2019-06-28 15:36:00.000000000,BEST_BID,"JPM,99970,119"
2019-06-28 15:36:00.000000000,BEST_ASK,"JPM,100133,100"
2019-06-28 15:36:00.000000000,BEST_BID,"JPM,99970,119"
2019-06-28 15:36:00.000000000,BEST_ASK,"JPM,100133,100"
2019-06-28 15:36:00.000000000,BEST_BID,"JPM,99970,119"
2019-06-28 15:36:00.000000000,BEST_ASK,"JPM,100133,100"
2019-06-28 15:36:00.000000000,BEST_BID,"JPM,99970,119"
2019-06-28 15:36:00.000000000,BEST_ASK,"JPM,100133,193"
2019-06-28 15:36:00.000000000,BEST_BID,"JPM,99970,119"
2019-06-28 15:36:00.000000000,BEST_ASK,"JPM,100133,193"
2019-06-28 15:36:00.000000000,BEST_BID,"JPM,99970,119"
2019-06-28 15:36:00.000000000,BEST_ASK,"JPM,100133,193"
2019-06-28 15:36:00.000000000,BEST_BID,"JPM,99970,119"
2019-06-28 15:36:00.000000000,BEST_ASK,"JPM,100133,193"
2019-06-28 15:36:00.000000000,QUERY_SPREAD,77
2019-06-28 15:36:00.000000000,BEST_BID,"JPM,99970,119"
2019-06-28 15:36:00.000000000,BEST_ASK,"JPM,100133,188"
2019-06-28 15:36:00.000000000,LAST_TRADE,"5,$100133.0000"
2019-06-28 15:36:00.000000000,QUERY_SPREAD,78
2019-06-28 15:36:00.000000000,BEST_BID,"JPM,99970,119"
2019-06-28 15:36:00.000000000,BEST_ASK,"JPM,100133,180"
2019-06-28 15:36:00.000000000,LAST_TRADE,"8,$100133.0000"
2019-06-28 15:36:00.000000000,QUERY_SPREAD,79
2019-06-28 15:36:00.000000000,BEST_BID,"JPM,99970,119"
2019-06-28 15:36:00.000000000,BEST_ASK,"JPM,100133,175"
2019-06-28 15:36:00.000000000,LAST_TRADE,"5,$100133.0000"
2019-06-28 15:36:00.000000000,QUERY_SPREAD,80
2019-06-28 15:36:00.000000000,BEST_BID,"JPM,99970,119"
2019-06-28 15:36:00.000000000,BEST_ASK,"JPM,100133,167"
2019-06-28 15:36:00.000000000,LAST_TRADE,"8,$100133.0000"
2019-06-28 15:36:00.000000000,QUERY_SPREAD,81
2019-06-28 15:36:00.000000000,BEST_BID,"JPM,99970,119"
2019-06-28 15:36:00.000000000,BEST_ASK,"JPM,100133,158"
2019-06-28 15:36:00.000000000,LAST_TRADE,"9,$100133.0000"
2019-06-28 15:36:00.000000000,QUERY_SPREAD,82
2019-06-28 15:36:00.000000000,BEST_BID,"JPM,99970,119"
2019-06-28 15:36:00.000000000,BEST_ASK,"JPM,100133,155"
2019-06-28 15:36:00.000000000,LAST_TRADE,"3,$100133.0000"
2019-06-28 15:36:00.000000000,QUERY_SPREAD,83
2019-06-28 15:36:00.000000000,BEST_BID,"JPM,99970,119"
2019-06-28 15:36:00.000000000,BEST_ASK,"JPM,100133,147"
2019-06-28 15:36:00.000000000,LAST_TRADE,"8,$100133.0000"
2019-06-28 15:36:00.000000000,QUERY_SPREAD,84
2019-06-28 15:36:00.000000000,BEST_BID,"JPM,99970,119"
2019-06-28 15:36:00.000000000,BEST_ASK,"JPM,100133,143"
2019-06-28 15:36:00.000000000,LAST_TRADE,"4,$100133.0000"
2019-06-28 15:36:00.000000000,QUERY_SPREAD,85
2019-06-28 15:36:00.000000000,BEST_BID,"JPM,99970,119"
2019-06-28 15:36:00.000000000,BEST_ASK,"JPM,100133,138"
2019-06-28 15:36:00.000000000,LAST_TRADE,"5,$100133.0000"
2019-06-28 15:36:00.000000000,QUERY_SPREAD,86
2019-06-28 15:36:00.000000000,BEST_BID,"JPM,99970,119"
2019-06-28 15:36:00.000000000,BEST_ASK,"JPM,100133,136"
2019-06-28 15:36:00.000000000,LAST_TRADE,"2,$100133.0000"
2019-06-28 15:36:00.000000000,QUERY_SPREAD,87
2019-06-28 15:36:00.000000000,BEST_BID,"JPM,99970,119"
2019-06-28 15:36:00.000000000,BEST_ASK,"JPM,100133,129"
2019-06-28 15:36:00.000000000,LAST_TRADE,"7,$100133.0000"
2019-06-28 15:36:00.000000000,QUERY_SPREAD,88
2019-06-28 15:36:00.000000000,BEST_BID,"JPM,99970,119"
2019-06-28 15:36:00.000000000,BEST_ASK,"JPM,100133,121"
2019-06-28 15:36:00.000000000,LAST_TRADE,"8,$100133.0000"
2019-06-28 15:36:00.000000000,QUERY_SPREAD,89
2019-06-28 15:36:00.000000000,BEST_BID,"JPM,99970,119"
2019-06-28 15:36:00.000000000,BEST_ASK,"JPM,100133,116"
2019-06-28 15:36:00.000000000,LAST_TRADE,"5,$100133.0000"
2019-06-28 15:36:00.000000000,QUERY_SPREAD,90
2019-06-28 15:36:00.000000000,BEST_BID,"JPM,99970,119"
2019-06-28 15:36:00.000000000,BEST_ASK,"JPM,100133,112"
2019-06-28 15:36:00.000000000,LAST_TRADE,"4,$100133.0000"
2019-06-28 15:36:00.000000000,QUERY_SPREAD,91
2019-06-28 15:36:00.000000000,BEST_BID,"JPM,99970,119"
2019-06-28 15:36:00.000000000,BEST_ASK,"JPM,100133,109"
2019-06-28 15:36:00.000000000,LAST_TRADE,"3,$100133.0000"
2019-06-28 15:36:00.000000000,QUERY_SPREAD,92
2019-06-28 15:36:00.000000000,BEST_BID,"JPM,99970,119"
2019-06-28 15:36:00.000000000,BEST_ASK,"JPM,100133,104"
2019-06-28 15:36:00.000000000,LAST_TRADE,"5,$100133.0000"
2019-06-28 15:36:00.000000000,QUERY_SPREAD,93
2019-06-28 15:36:00.000000000,BEST_BID,"JPM,99970,119"
2019-06-28 15:36:00.000000000,BEST_ASK,"JPM,100133,97"
2019-06-28 15:36:00.000000000,LAST_TRADE,"7,$100133.0000"
2019-06-28 15:36:00.000000000,QUERY_SPREAD,94
2019-06-28 15:36:00.000000000,BEST_BID,"JPM,99970,119"
2019-06-28 15:36:00.000000000,BEST_ASK,"JPM,100133,96"
2019-06-28 15:36:00.000000000,LAST_TRADE,"1,$100133.0000"
2019-06-28 15:36:00.000000000,QUERY_SPREAD,95
2019-06-28 15:36:00.000000000,BEST_BID,"JPM,99970,119"
2019-06-28 15:36:00.000000000,BEST_ASK,"JPM,100133,95"
2019-06-28 15:36:00.000000000,LAST_TRADE,"1,$100133.0000"
2019-06-28 15:36:00.000000000,QUERY_SPREAD,96
2019-06-28 15:36:00.000000000,BEST_BID,"JPM,99970,119"
2019-06-28 15:36:00.000000000,BEST_ASK,"JPM,100133,91"
2019-06-28 15:36:00.000000000,LAST_TRADE,"4,$100133.0000"
2019-06-28 15:36:00.000000000,QUERY_SPREAD,97
2019-06-28 15:36:00.000000000,BEST_BID,"JPM,99970,119"
2019-06-28 15:36:00.000000000,BEST_ASK,"JPM,100133,88"
2019-06-28 15:36:00.000000000,LAST_TRADE,"3,$100133.0000"
2019-06-28 15:36:00.000000000,QUERY_SPREAD,98
2019-06-28 15:36:00.000000000,BEST_BID,"JPM,99970,119"
2019-06-28 15:36:00.000000000,BEST_ASK,"JPM,100133,83"
2019-06-28 15:36:00.000000000,LAST_TRADE,"5,$100133.0000"
2019-06-28 15:36:00.000000000,QUERY_SPREAD,99
2019-06-28 15:36:00.000000000,BEST_BID,"JPM,99970,119"
2019-06-28 15:36:00.000000000,BEST_ASK,"JPM,100133,79"
2019-06-28 15:36:00.000000000,LAST_TRADE,"4,$100133.0000"
2019-06-28 15:36:00.000000000,QUERY_SPREAD,100
2019-06-28 15:36:00.000000000,BEST_BID,"JPM,99970,119"
2019-06-28 15:36:00.000000000,BEST_ASK,"JPM,100133,74"
2019-06-28 15:36:00.000000000,LAST_TRADE,"5,$100133.0000"
2019-06-28 15:36:00.000000000,QUERY_SPREAD,101
2019-06-28 15:36:00.000000000,BEST_BID,"JPM,99970,118"
2019-06-28 15:36:00.000000000,BEST_ASK,"JPM,100133,74"
2019-06-28 15:36:00.000000000,LAST_TRADE,"1,$99970.0000"
2019-06-28 15:36:00.895864728,QUERY_ORDER_STREAM,73
2019-06-28 15:36:00.895864728,QUERY_SPREAD,73
2019-06-28 15:36:03.457022485,QUERY_SPREAD,34
2019-06-28 15:36:03.457022485,BEST_BID,"JPM,99970,118"
2019-06-28 15:36:03.457022485,BEST_ASK,"JPM,100133,74"
2019-06-28 15:36:07.779591455,QUERY_SPREAD,20
2019-06-28 15:36:07.779591455,BEST_BID,"JPM,100133,26"
2019-06-28 15:36:07.779591455,BEST_ASK,"JPM,100154,193"
2019-06-28 15:36:07.779591455,LAST_TRADE,"74,$100133.0000"
2019-06-28 15:36:09.960734190,QUERY_SPREAD,10
2019-06-28 15:36:09.960734190,BEST_BID,"JPM,100133,26"
2019-06-28 15:36:09.960734190,BEST_ASK,"JPM,100154,93"
2019-06-28 15:36:09.960734190,LAST_TRADE,"100,$100154.0000"
2019-06-28 15:36:10.000000000,QUERY_SPREAD,1
2019-06-28 15:36:10.000000000,BEST_BID,"JPM,100133,119"
2019-06-28 15:36:10.000000000,BEST_ASK,"JPM,100161,100"
2019-06-28 15:36:10.000000000,BEST_BID,"JPM,100133,119"
2019-06-28 15:36:10.000000000,BEST_ASK,"JPM,100161,100"
2019-06-28 15:36:10.000000000,BEST_BID,"JPM,100133,119"
2019-06-28 15:36:10.000000000,BEST_ASK,"JPM,100161,100"
2019-06-28 15:36:10.000000000,BEST_BID,"JPM,100133,119"
2019-06-28 15:36:10.000000000,BEST_ASK,"JPM,100161,100"
2019-06-28 15:36:10.000000000,BEST_BID,"JPM,100133,119"
2019-06-28 15:36:10.000000000,BEST_ASK,"JPM,100161,193"
2019-06-28 15:36:10.000000000,BEST_BID,"JPM,100133,119"
2019-06-28 15:36:10.000000000,BEST_ASK,"JPM,100161,193"
2019-06-28 15:36:10.000000000,BEST_BID,"JPM,100133,119"
2019-06-28 15:36:10.000000000,BEST_ASK,"JPM,100161,193"
2019-06-28 15:36:10.000000000,BEST_BID,"JPM,100133,119"
2019-06-28 15:36:10.000000000,BEST_ASK,"JPM,100161,193"
2019-06-28 15:36:20.000000000,QUERY_SPREAD,1
2019-06-28 15:36:20.000000000,BEST_BID,"JPM,100133,152"
2019-06-28 15:36:20.000000000,BEST_ASK,"JPM,100161,100"
2019-06-28 15:36:20.000000000,BEST_BID,"JPM,100133,152"
2019-06-28 15:36:20.000000000,BEST_ASK,"JPM,100161,100"
2019-06-28 15:36:20.000000000,BEST_BID,"JPM,100133,152"
2019-06-28 15:36:20.000000000,BEST_ASK,"JPM,100161,100"
2019-06-28 15:36:20.000000000,BEST_BID,"JPM,100133,152"
2019-06-28 15:36:20.000000000,BEST_ASK,"JPM,100161,226"
2019-06-28 15:36:20.000000000,BEST_BID,"JPM,100133,152"
2019-06-28 15:36:20.000000000,BEST_ASK,"JPM,100161,226"
2019-06-28 15:36:20.000000000,BEST_BID,"JPM,100133,152"
2019-06-28 15:36:20.000000000,BEST_ASK,"JPM,100161,226"
2019-06-28 15:36:20.735815925,QUERY_SPREAD,31
2019-06-28 15:36:20.735815925,BEST_BID,"JPM,100133,152"
2019-06-28 15:36:20.735815925,BEST_ASK,"JPM,100161,126"
2019-06-28 15:36:20.735815925,LAST_TRADE,"100,$100161.0000"
2019-06-28 15:36:30.000000000,QUERY_SPREAD,1
2019-06-28 15:36:30.000000000,BEST_BID,"JPM,100133,212"
2019-06-28 15:36:30.000000000,BEST_ASK,"JPM,100241,100"
2019-06-28 15:36:30.000000000,BEST_BID,"JPM,100133,212"
2019-06-28 15:36:30.000000000,BEST_ASK,"JPM,100241,100"
2019-06-28 15:36:30.000000000,BEST_BID,"JPM,100133,212"
2019-06-28 15:36:30.000000000,BEST_ASK,"JPM,100241,286"
2019-06-28 15:36:30.000000000,BEST_BID,"JPM,100133,212"
2019-06-28 15:36:30.000000000,BEST_ASK,"JPM,100241,286"
2019-06-28 15:36:31.137324446,QUERY_ORDER_STREAM,76
2019-06-28 15:36:31.137324446,QUERY_SPREAD,76
2019-06-28 15:36:39.260616419,QUERY_ORDER_STREAM,64
2019-06-28 15:36:39.260616419,QUERY_SPREAD,64
2019-06-28 15:36:40.000000000,QUERY_SPREAD,1
2019-06-28 15:36:40.000000000,BEST_BID,"JPM,100133,119"
2019-06-28 15:36:40.000000000,BEST_ASK,"JPM,100241,100"
2019-06-28 15:36:40.000000000,BEST_BID,"JPM,100133,119"
2019-06-28 15:36:40.000000000,BEST_ASK,"JPM,100241,100"
2019-06-28 15:36:40.000000000,BEST_BID,"JPM,100133,119"
2019-06-28 15:36:40.000000000,BEST_ASK,"JPM,100241,100"
2019-06-28 15:36:40.000000000,BEST_BID,"JPM,100133,119"
2019-06-28 15:36:40.000000000,BEST_ASK,"JPM,100241,100"
2019-06-28 15:36:40.000000000,BEST_BID,"JPM,100133,119"
2019-06-28 15:36:40.000000000,BEST_ASK,"JPM,100241,193"
2019-06-28 15:36:40.000000000,BEST_BID,"JPM,100133,119"
2019-06-28 15:36:40.000000000,BEST_ASK,"JPM,100241,193"
2019-06-28 15:36:40.000000000,BEST_BID,"JPM,100133,119"
2019-06-28 15:36:40.000000000,BEST_ASK,"JPM,100241,193"
2019-06-28 15:36:40.000000000,BEST_BID,"JPM,100133,119"
2019-06-28 15:36:40.000000000,BEST_ASK,"JPM,100241,193"
2019-06-28 15:36:45.846392070,QUERY_ORDER_STREAM,55
2019-06-28 15:36:45.846392070,QUERY_SPREAD,55
2019-06-28 15:36:48.538101014,QUERY_SPREAD,31
2019-06-28 15:36:48.538101014,BEST_BID,"JPM,100142,100"
2019-06-28 15:36:48.538101014,BEST_ASK,"JPM,100241,193"
2019-06-28 15:36:50.000000000,QUERY_SPREAD,1
2019-06-28 15:36:50.000000000,BEST_BID,"JPM,100142,286"
2019-06-28 15:36:50.000000000,BEST_ASK,"JPM,100241,100"
2019-06-28 15:36:50.000000000,BEST_BID,"JPM,100142,286"
2019-06-28 15:36:50.000000000,BEST_ASK,"JPM,100241,100"
2019-06-28 15:36:50.000000000,BEST_BID,"JPM,100142,286"
2019-06-28 15:36:50.000000000,BEST_ASK,"JPM,100241,286"
2019-06-28 15:36:50.000000000,BEST_BID,"JPM,100142,286"
2019-06-28 15:36:50.000000000,BEST_ASK,"JPM,100241,286"
2019-06-28 15:37:00.000000000,QUERY_SPREAD,1
2019-06-28 15:37:00.000000000,BEST_BID,"JPM,100142,226"
2019-06-28 15:37:00.000000000,BEST_ASK,"JPM,100241,100"
2019-06-28 15:37:00.000000000,BEST_BID,"JPM,100142,226"
2019-06-28 15:37:00.000000000,BEST_ASK,"JPM,100241,100"
2019-06-28 15:37:00.000000000,BEST_BID,"JPM,100142,226"
2019-06-28 15:37:00.000000000,BEST_ASK,"JPM,100241,100"
2019-06-28 15:37:00.000000000,BEST_BID,"JPM,100142,226"
2019-06-28 15:37:00.000000000,BEST_ASK,"JPM,100241,226"
2019-06-28 15:37:00.000000000,BEST_BID,"JPM,100142,226"
2019-06-28 15:37:00.000000000,BEST_ASK,"JPM,100241,226"
2019-06-28 15:37:00.000000000,BEST_BID,"JPM,100142,226"
2019-06-28 15:37:00.000000000,BEST_ASK,"JPM,100241,226"
2019-06-28 15:37:00.000000000,QUERY_SPREAD,77
2019-06-28 15:37:00.000000000,BEST_BID,"JPM,100142,226"
2019-06-28 15:37:00.000000000,BEST_ASK,"JPM,100241,221"
2019-06-28 15:37:00.000000000,LAST_TRADE,"5,$100241.0000"
2019-06-28 15:37:00.000000000,QUERY_SPREAD,78
2019-06-28 15:37:00.000000000,BEST_BID,"JPM,100142,226"
2019-06-28 15:37:00.000000000,BEST_ASK,"JPM,100241,213"
2019-06-28 15:37:00.000000000,LAST_TRADE,"8,$100241.0000"
2019-06-28 15:37:00.000000000,QUERY_SPREAD,79
2019-06-28 15:37:00.000000000,BEST_BID,"JPM,100142,226"
2019-06-28 15:37:00.000000000,BEST_ASK,"JPM,100241,208"
2019-06-28 15:37:00.000000000,LAST_TRADE,"5,$100241.0000"
2019-06-28 15:37:00.000000000,QUERY_SPREAD,80
2019-06-28 15:37:00.000000000,BEST_BID,"JPM,100142,226"
2019-06-28 15:37:00.000000000,BEST_ASK,"JPM,100241,200"
2019-06-28 15:37:00.000000000,LAST_TRADE,"8,$100241.0000"
2019-06-28 15:37:00.000000000,QUERY_SPREAD,81
2019-06-28 15:37:00.000000000,BEST_BID,"JPM,100142,226"
2019-06-28 15:37:00.000000000,BEST_ASK,"JPM,100241,191"
2019-06-28 15:37:00.000000000,LAST_TRADE,"9,$100241.0000"
2019-06-28 15:37:00.000000000,QUERY_SPREAD,82
2019-06-28 15:37:00.000000000,BEST_BID,"JPM,100142,226"
2019-06-28 15:37:00.000000000,BEST_ASK,"JPM,100241,188"
2019-06-28 15:37:00.000000000,LAST_TRADE,"3,$100241.0000"
2019-06-28 15:37:00.000000000,QUERY_SPREAD,83
2019-06-28 15:37:00.000000000,BEST_BID,"JPM,100142,226"
2019-06-28 15:37:00.000000000,BEST_ASK,"JPM,100241,180"
2019-06-28 15:37:00.000000000,LAST_TRADE,"8,$100241.0000"
2019-06-28 15:37:00.000000000,QUERY_SPREAD,84
2019-06-28 15:37:00.000000000,BEST_BID,"JPM,100142,226"
2019-06-28 15:37:00.000000000,BEST_ASK,"JPM,100241,176"
2019-06-28 15:37:00.000000000,LAST_TRADE,"4,$100241.0000"
2019-06-28 15:37:00.000000000,QUERY_SPREAD,85
2019-06-28 15:37:00.000000000,BEST_BID,"JPM,100142,226"
2019-06-28 15:37:00.000000000,BEST_ASK,"JPM,100241,171"
2019-06-28 15:37:00.000000000,LAST_TRADE,"5,$100241.0000"
2019-06-28 15:37:00.000000000,QUERY_SPREAD,86
2019-06-28 15:37:00.000000000,BEST_BID,"JPM,100142,226"
2019-06-28 15:37:00.000000000,BEST_ASK,"JPM,100241,169"
2019-06-28 15:37:00.000000000,LAST_TRADE,"2,$100241.0000"
2019-06-28 15:37:00.000000000,QUERY_SPREAD,87
2019-06-28 15:37:00.000000000,BEST_BID,"JPM,100142,226"
2019-06-28 15:37:00.000000000,BEST_ASK,"JPM,100241,162"
2019-06-28 15:37:00.000000000,LAST_TRADE,"7,$100241.0000"
2019-06-28 15:37:00.000000000,QUERY_SPREAD,88
2019-06-28 15:37:00.000000000,BEST_BID,"JPM,100142,226"
2019-06-28 15:37:00.000000000,BEST_ASK,"JPM,100241,154"
2019-06-28 15:37:00.000000000,LAST_TRADE,"8,$100241.0000"
2019-06-28 15:37:00.000000000,QUERY_SPREAD,89
2019-06-28 15:37:00.000000000,BEST_BID,"JPM,100142,226"
2019-06-28 15:37:00.000000000,BEST_ASK,"JPM,100241,149"
2019-06-28 15:37:00.000000000,LAST_TRADE,"5,$100241.0000"
2019-06-28 15:37:00.000000000,QUERY_SPREAD,90
2019-06-28 15:37:00.000000000,BEST_BID,"JPM,100142,226"
2019-06-28 15:37:00.000000000,BEST_ASK,"JPM,100241,145"
2019-06-28 15:37:00.000000000,LAST_TRADE,"4,$100241.0000"
2019-06-28 15:37:00.000000000,QUERY_SPREAD,91
2019-06-28 15:37:00.000000000,BEST_BID,"JPM,100142,226"
2019-06-28 15:37:00.000000000,BEST_ASK,"JPM,100241,142"
2019-06-28 15:37:00.000000000,LAST_TRADE,"3,$100241.0000"
2019-06-28 15:37:00.000000000,QUERY_SPREAD,92
2019-06-28 15:37:00.000000000,BEST_BID,"JPM,100142,226"
2019-06-28 15:37:00.000000000,BEST_ASK,"JPM,100241,137"
2019-06-28 15:37:00.000000000,LAST_TRADE,"5,$100241.0000"
2019-06-28 15:37:00.000000000,QUERY_SPREAD,93
2019-06-28 15:37:00.000000000,BEST_BID,"JPM,100142,226"
2019-06-28 15:37:00.000000000,BEST_ASK,"JPM,100241,130"
2019-06-28 15:37:00.000000000,LAST_TRADE,"7,$100241.0000"
2019-06-28 15:37:00.000000000,QUERY_SPREAD,94
2019-06-28 15:37:00.000000000,BEST_BID,"JPM,100142,226"
2019-06-28 15:37:00.000000000,BEST_ASK,"JPM,100241,129"
2019-06-28 15:37:00.000000000,LAST_TRADE,"1,$100241.0000"
2019-06-28 15:37:00.000000000,QUERY_SPREAD,95
2019-06-28 15:37:00.000000000,BEST_BID,"JPM,100142,226"
2019-06-28 15:37:00.000000000,BEST_ASK,"JPM,100241,128"
2019-06-28 15:37:00.000000000,LAST_TRADE,"1,$100241.0000"
2019-06-28 15:37:00.000000000,QUERY_SPREAD,96
2019-06-28 15:37:00.000000000,BEST_BID,"JPM,100142,226"
2019-06-28 15:37:00.000000000,BEST_ASK,"JPM,100241,124"
2019-06-28 15:37:00.000000000,LAST_TRADE,"4,$100241.0000"
2019-06-28 15:37:00.000000000,QUERY_SPREAD,97
2019-06-28 15:37:00.000000000,BEST_BID,"JPM,100142,226"
2019-06-28 15:37:00.000000000,BEST_ASK,"JPM,100241,121"
2019-06-28 15:37:00.000000000,LAST_TRADE,"3,$100241.0000"
2019-06-28 15:37:00.000000000,QUERY_SPREAD,98
2019-06-28 15:37:00.000000000,BEST_BID,"JPM,100142,226"
2019-06-28 15:37:00.000000000,BEST_ASK,"JPM,100241,116"
2019-06-28 15:37:00.000000000,LAST_TRADE,"5,$100241.0000"
2019-06-28 15:37:00.000000000,QUERY_SPREAD,99
2019-06-28 15:37:00.000000000,BEST_BID,"JPM,100142,226"
2019-06-28 15:37:00.000000000,BEST_ASK,"JPM,100241,112"
2019-06-28 15:37:00.000000000,LAST_TRADE,"4,$100241.0000"
2019-06-28 15:37:00.000000000,QUERY_SPREAD,100
2019-06-28 15:37:00.000000000,BEST_BID,"JPM,100142,226"
2019-06-28 15:37:00.000000000,BEST_ASK,"JPM,100241,107"
2019-06-28 15:37:00.000000000,LAST_TRADE,"5,$100241.0000"
2019-06-28 15:37:00.000000000,QUERY_SPREAD,101
2019-06-28 15:37:00.000000000,BEST_BID,"JPM,100142,225"
2019-06-28 15:37:00.000000000,BEST_ASK,"JPM,100241,107"
2019-06-28 15:37:00.000000000,LAST_TRADE,"1,$100142.0000"
2019-06-28 15:37:03.043867323,QUERY_SPREAD,39
2019-06-28 15:37:03.043867323,BEST_BID,"JPM,100142,225"
2019-06-28 15:37:03.043867323,BEST_ASK,"JPM,100241,107"
2019-06-28 15:37:10.000000000,QUERY_SPREAD,1
2019-06-28 15:37:10.000000000,BEST_BID,"JPM,100142,173"
2019-06-28 15:37:10.000000000,BEST_ASK,"JPM,100276,100"
2019-06-28 15:37:10.000000000,BEST_BID,"JPM,100142,173"
2019-06-28 15:37:10.000000000,BEST_ASK,"JPM,100276,100"
2019-06-28 15:37:10.000000000,BEST_BID,"JPM,100142,173"
2019-06-28 15:37:10.000000000,BEST_ASK,"JPM,100276,100"
2019-06-28 15:37:10.000000000,BEST_BID,"JPM,100142,173"
2019-06-28 15:37:10.000000000,BEST_ASK,"JPM,100276,100"
2019-06-28 15:37:10.000000000,BEST_BID,"JPM,100142,173"
2019-06-28 15:37:10.000000000,BEST_ASK,"JPM,100276,100"
2019-06-28 15:37:10.000000000,BEST_BID,"JPM,100142,173"
2019-06-28 15:37:10.000000000,BEST_ASK,"JPM,100276,174"
2019-06-28 15:37:10.000000000,BEST_BID,"JPM,100142,173"
2019-06-28 15:37:10.000000000,BEST_ASK,"JPM,100276,174"
2019-06-28 15:37:10.000000000,BEST_BID,"JPM,100142,173"
2019-06-28 15:37:10.000000000,BEST_ASK,"JPM,100276,174"
2019-06-28 15:37:10.000000000,BEST_BID,"JPM,100142,173"
2019-06-28 15:37:10.000000000,BEST_ASK,"JPM,100276,174"
2019-06-28 15:37:10.000000000,BEST_BID,"JPM,100142,173"
2019-06-28 15:37:10.000000000,BEST_ASK,"JPM,100276,174"
2019-06-28 15:37:20.000000000,QUERY_SPREAD,1
2019-06-28 15:37:20.000000000,BEST_BID,"JPM,100142,285"
2019-06-28 15:37:20.000000000,BEST_ASK,"JPM,100276,100"
2019-06-28 15:37:20.000000000,BEST_BID,"JPM,100142,285"
2019-06-28 15:37:20.000000000,BEST_ASK,"JPM,100276,100"
2019-06-28 15:37:20.000000000,BEST_BID,"JPM,100142,285"
2019-06-28 15:37:20.000000000,BEST_ASK,"JPM,100276,286"
2019-06-28 15:37:20.000000000,BEST_BID,"JPM,100142,285"
2019-06-28 15:37:20.000000000,BEST_ASK,"JPM,100276,286"
2019-06-28 15:37:26.302305148,QUERY_ORDER_STREAM,57
2019-06-28 15:37:26.302305148,QUERY_SPREAD,57
2019-06-28 15:37:27.632262514,QUERY_SPREAD,26
2019-06-28 15:37:27.632262514,BEST_BID,"JPM,100142,285"
2019-06-28 15:37:27.632262514,BEST_ASK,"JPM,100276,286"
2019-06-28 15:37:30.000000000,QUERY_SPREAD,1
2019-06-28 15:37:30.000000000,BEST_BID,"JPM,100142,285"
2019-06-28 15:37:30.000000000,BEST_ASK,"JPM,100276,100"
2019-06-28 15:37:30.000000000,BEST_BID,"JPM,100142,285"
2019-06-28 15:37:30.000000000,BEST_ASK,"JPM,100276,100"
2019-06-28 15:37:30.000000000,BEST_BID,"JPM,100142,285"
2019-06-28 15:37:30.000000000,BEST_ASK,"JPM,100276,286"
2019-06-28 15:37:30.000000000,BEST_BID,"JPM,100142,285"
2019-06-28 15:37:30.000000000,BEST_ASK,"JPM,100276,286"
2019-06-28 15:37:36.547479059,QUERY_ORDER_STREAM,59
2019-06-28 15:37:36.547479059,QUERY_SPREAD,59
2019-06-28 15:37:36.547479059,BEST_BID,"JPM,100142,385"
2019-06-28 15:37:36.547479059,BEST_ASK,"JPM,100276,286"
2019-06-28 15:37:40.000000000,QUERY_SPREAD,1
2019-06-28 15:37:40.000000000,BEST_BID,"JPM,100142,325"
2019-06-28 15:37:40.000000000,BEST_ASK,"JPM,100276,100"
2019-06-28 15:37:40.000000000,BEST_BID,"JPM,100142,325"
2019-06-28 15:37:40.000000000,BEST_ASK,"JPM,100276,100"
2019-06-28 15:37:40.000000000,BEST_BID,"JPM,100142,325"
2019-06-28 15:37:40.000000000,BEST_ASK,"JPM,100276,100"
2019-06-28 15:37:40.000000000,BEST_BID,"JPM,100142,325"
2019-06-28 15:37:40.000000000,BEST_ASK,"JPM,100276,226"
2019-06-28 15:37:40.000000000,BEST_BID,"JPM,100142,325"
2019-06-28 15:37:40.000000000,BEST_ASK,"JPM,100276,226"
2019-06-28 15:37:40.000000000,BEST_BID,"JPM,100142,325"
2019-06-28 15:37:40.000000000,BEST_ASK,"JPM,100276,226"
2019-06-28 15:37:42.498430657,QUERY_SPREAD,49
2019-06-28 15:37:42.498430657,BEST_BID,"JPM,100142,325"
2019-06-28 15:37:42.498430657,BEST_ASK,"JPM,100276,126"
2019-06-28 15:37:42.498430657,LAST_TRADE,"100,$100276.0000"
2019-06-28 15:37:44.999144717,QUERY_SPREAD,2
2019-06-28 15:37:44.999144717,BEST_BID,"JPM,100142,325"
2019-06-28 15:37:44.999144717,BEST_ASK,"JPM,100276,126"
2019-06-28 15:37:50.000000000,QUERY_SPREAD,1
2019-06-28 15:37:50.000000000,BEST_BID,"JPM,100142,292"
2019-06-28 15:37:50.000000000,BEST_ASK,"JPM,100304,100"
2019-06-28 15:37:50.000000000,BEST_BID,"JPM,100142,292"
2019-06-28 15:37:50.000000000,BEST_ASK,"JPM,100304,100"
2019-06-28 15:37:50.000000000,BEST_BID,"JPM,100142,292"
2019-06-28 15:37:50.000000000,BEST_ASK,"JPM,100304,100"
2019-06-28 15:37:50.000000000,BEST_BID,"JPM,100142,292"
2019-06-28 15:37:50.000000000,BEST_ASK,"JPM,100304,100"
2019-06-28 15:37:50.000000000,BEST_BID,"JPM,100142,292"
2019-06-28 15:37:50.000000000,BEST_ASK,"JPM,100304,193"
2019-06-28 15:37:50.000000000,BEST_BID,"JPM,100142,292"
2019-06-28 15:37:50.000000000,BEST_ASK,"JPM,100304,193"
2019-06-28 15:37:50.000000000,BEST_BID,"JPM,100142,292"
2019-06-28 15:37:50.000000000,BEST_ASK,"JPM,100304,193"
2019-06-28 15:37:50.000000000,BEST_BID,"JPM,100142,292"
2019-06-28 15:37:50.000000000,BEST_ASK,"JPM,100304,193"
2019-06-28 15:37:50.653696534,QUERY_ORDER_STREAM,73
2019-06-28 15:37:50.653696534,QUERY_SPREAD,73
2019-06-28 15:37:50.653696534,BEST_BID,"JPM,100143,100"
2019-06-28 15:37:50.653696534,BEST_ASK,"JPM,100304,193"
2019-06-28 15:38:00.000000000,QUERY_SPREAD,1
2019-06-28 15:38:00.000000000,BEST_BID,"JPM,100143,471"
2019-06-28 15:38:00.000000000,BEST_ASK,"JPM,100304,100"
2019-06-28 15:38:00.000000000,BEST_BID,"JPM,100143,471"
2019-06-28 15:38:00.000000000,BEST_ASK,"JPM,100304,471"
2019-06-28 15:38:00.000000000,QUERY_SPREAD,77
2019-06-28 15:38:00.000000000,BEST_BID,"JPM,100143,471"
2019-06-28 15:38:00.000000000,BEST_ASK,"JPM,100304,466"
2019-06-28 15:38:00.000000000,LAST_TRADE,"5,$100304.0000"
2019-06-28 15:38:00.000000000,QUERY_SPREAD,78
2019-06-28 15:38:00.000000000,BEST_BID,"JPM,100143,471"
2019-06-28 15:38:00.000000000,BEST_ASK,"JPM,100304,458"
2019-06-28 15:38:00.000000000,LAST_TRADE,"8,$100304.0000"
2019-06-28 15:38:00.000000000,QUERY_SPREAD,79
2019-06-28 15:38:00.000000000,BEST_BID,"JPM,100143,471"
2019-06-28 15:38:00.000000000,BEST_ASK,"JPM,100304,453"
2019-06-28 15:38:00.000000000,LAST_TRADE,"5,$100304.0000"
2019-06-28 15:38:00.000000000,QUERY_SPREAD,80
2019-06-28 15:38:00.000000000,BEST_BID,"JPM,100143,471"
2019-06-28 15:38:00.000000000,BEST_ASK,"JPM,100304,445"
2019-06-28 15:38:00.000000000,LAST_TRADE,"8,$100304.0000"
2019-06-28 15:38:00.000000000,QUERY_SPREAD,81
2019-06-28 15:38:00.000000000,BEST_BID,"JPM,100143,471"
2019-06-28 15:38:00.000000000,BEST_ASK,"JPM,100304,436"
2019-06-28 15:38:00.000000000,LAST_TRADE,"9,$100304.0000"
2019-06-28 15:38:00.000000000,QUERY_SPREAD,82
2019-06-28 15:38:00.000000000,BEST_BID,"JPM,100143,471"
2019-06-28 15:38:00.000000000,BEST_ASK,"JPM,100304,433"
2019-06-28 15:38:00.000000000,LAST_TRADE,"3,$100304.0000"
2019-06-28 15:38:00.000000000,QUERY_SPREAD,83
2019-06-28 15:38:00.000000000,BEST_BID,"JPM,100143,471"
2019-06-28 15:38:00.000000000,BEST_ASK,"JPM,100304,425"
2019-06-28 15:38:00.000000000,LAST_TRADE,"8,$100304.0000"
2019-06-28 15:38:00.000000000,QUERY_SPREAD,84
2019-06-28 15:38:00.000000000,BEST_BID,"JPM,100143,471"
2019-06-28 15:38:00.000000000,BEST_ASK,"JPM,100304,421"
2019-06-28 15:38:00.000000000,LAST_TRADE,"4,$100304.0000"
2019-06-28 15:38:00.000000000,QUERY_SPREAD,85
2019-06-28 15:38:00.000000000,BEST_BID,"JPM,100143,471"
2019-06-28 15:38:00.000000000,BEST_ASK,"JPM,100304,416"
2019-06-28 15:38:00.000000000,LAST_TRADE,"5,$100304.0000"
2019-06-28 15:38:00.000000000,QUERY_SPREAD,86
2019-06-28 15:38:00.000000000,BEST_BID,"JPM,100143,471"
2019-06-28 15:38:00.000000000,BEST_ASK,"JPM,100304,414"
2019-06-28 15:38:00.000000000,LAST_TRADE,"2,$100304.0000"
2019-06-28 15:38:00.000000000,QUERY_SPREAD,87
2019-06-28 15:38:00.000000000,BEST_BID,"JPM,100143,471"
2019-06-28 15:38:00.000000000,BEST_ASK,"JPM,100304,407"
2019-06-28 15:38:00.000000000,LAST_TRADE,"7,$100304.0000"
2019-06-28 15:38:00.000000000,QUERY_SPREAD,88
2019-06-28 15:38:00.000000000,BEST_BID,"JPM,100143,471"
2019-06-28 15:38:00.000000000,BEST_ASK,"JPM,100304,399"
2019-06-28 15:38:00.000000000,LAST_TRADE,"8,$100304.0000"
2019-06-28 15:38:00.000000000,QUERY_SPREAD,89
2019-06-28 15:38:00.000000000,BEST_BID,"JPM,100143,471"
2019-06-28 15:38:00.000000000,BEST_ASK,"JPM,100304,394"
2019-06-28 15:38:00.000000000,LAST_TRADE,"5,$100304.0000"
2019-06-28 15:38:00.000000000,QUERY_SPREAD,90
2019-06-28 15:38:00.000000000,BEST_BID,"JPM,100143,471"
2019-06-28 15:38:00.000000000,BEST_ASK,"JPM,100304,390"
2019-06-28 15:38:00.000000000,LAST_TRADE,"4,$100304.0000"
2019-06-28 15:38:00.000000000,QUERY_SPREAD,91
2019-06-28 15:38:00.000000000,BEST_BID,"JPM,100143,471"
2019-06-28 15:38:00.000000000,BEST_ASK,"JPM,100304,387"
2019-06-28 15:38:00.000000000,LAST_TRADE,"3,$100304.0000"
2019-06-28 15:38:00.000000000,QUERY_SPREAD,92
2019-06-28 15:38:00.000000000,BEST_BID,"JPM,100143,471"
2019-06-28 15:38:00.000000000,BEST_ASK,"JPM,100304,382"
2019-06-28 15:38:00.000000000,LAST_TRADE,"5,$100304.0000"
2019-06-28 15:38:00.000000000,QUERY_SPREAD,93
2019-06-28 15:38:00.000000000,BEST_BID,"JPM,100143,471"
2019-06-28 15:38:00.000000000,BEST_ASK,"JPM,100304,375"
2019-06-28 15:38:00.000000000,LAST_TRADE,"7,$100304.0000"
2019-06-28 15:38:00.000000000,QUERY_SPREAD,94
2019-06-28 15:38:00.000000000,BEST_BID,"JPM,100143,471"
2019-06-28 15:38:00.000000000,BEST_ASK,"JPM,100304,374"
2019-06-28 15:38:00.000000000,LAST_TRADE,"1,$100304.0000"
2019-06-28 15:38:00.000000000,QUERY_SPREAD,95
2019-06-28 15:38:00.000000000,BEST_BID,"JPM,100143,471"
2019-06-28 15:38:00.000000000,BEST_ASK,"JPM,100304,373"
2019-06-28 15:38:00.000000000,LAST_TRADE,"1,$100304.0000"
2019-06-28 15:38:00.000000000,QUERY_SPREAD,96
2019-06-28 15:38:00.000000000,BEST_BID,"JPM,100143,471"
2019-06-28 15:38:00.000000000,BEST_ASK,"JPM,100304,369"
2019-06-28 15:38:00.000000000,LAST_TRADE,"4,$100304.0000"
2019-06-28 15:38:00.000000000,QUERY_SPREAD,97
2019-06-28 15:38:00.000000000,BEST_BID,"JPM,100143,471"
2019-06-28 15:38:00.000000000,BEST_ASK,"JPM,100304,366"
2019-06-28 15:38:00.000000000,LAST_TRADE,"3,$100304.0000"
2019-06-28 15:38:00.000000000,QUERY_SPREAD,98
2019-06-28 15:38:00.000000000,BEST_BID,"JPM,100143,471"
2019-06-28 15:38:00.000000000,BEST_ASK,"JPM,100304,361"
2019-06-28 15:38:00.000000000,LAST_TRADE,"5,$100304.0000"
2019-06-28 15:38:00.000000000,QUERY_SPREAD,99
2019-06-28 15:38:00.000000000,BEST_BID,"JPM,100143,471"
2019-06-28 15:38:00.000000000,BEST_ASK,"JPM,100304,357"
2019-06-28 15:38:00.000000000,LAST_TRADE,"4,$100304.0000"
2019-06-28 15:38:00.000000000,QUERY_SPREAD,100
2019-06-28 15:38:00.000000000,BEST_BID,"JPM,100143,471"
2019-06-28 15:38:00.000000000,BEST_ASK,"JPM,100304,352"
2019-06-28 15:38:00.000000000,LAST_TRADE,"5,$100304.0000"
2019-06-28 15:38:00.000000000,QUERY_SPREAD,101
2019-06-28 15:38:00.000000000,BEST_BID,"JPM,100143,470"
2019-06-28 15:38:00.000000000,BEST_ASK,"JPM,100304,352"
2019-06-28 15:38:00.000000000,LAST_TRADE,"1,$100143.0000"
2019-06-28 15:38:01.925550023,QUERY_SPREAD,46
2019-06-28 15:38:01.925550023,BEST_BID,"JPM,100143,470"
2019-06-28 15:38:01.925550023,BEST_ASK,"JPM,100304,352"
2019-06-28 15:38:10.000000000,QUERY_SPREAD,1
2019-06-28 15:38:10.000000000,BEST_BID,"JPM,100143,225"
2019-06-28 15:38:10.000000000,BEST_ASK,"JPM,100329,100"
2019-06-28 15:38:10.000000000,BEST_BID,"JPM,100143,225"
2019-06-28 15:38:10.000000000,BEST_ASK,"JPM,100329,100"
2019-06-28 15:38:10.000000000,BEST_BID,"JPM,100143,225"
2019-06-28 15:38:10.000000000,BEST_ASK,"JPM,100329,100"
2019-06-28 15:38:10.000000000,BEST_BID,"JPM,100143,225"
2019-06-28 15:38:10.000000000,BEST_ASK,"JPM,100329,226"
2019-06-28 15:38:10.000000000,BEST_BID,"JPM,100143,225"
2019-06-28 15:38:10.000000000,BEST_ASK,"JPM,100329,226"
2019-06-28 15:38:10.000000000,BEST_BID,"JPM,100143,225"
2019-06-28 15:38:10.000000000,BEST_ASK,"JPM,100329,226"
2019-06-28 15:38:13.857782570,QUERY_ORDER_STREAM,60
2019-06-28 15:38:13.857782570,QUERY_SPREAD,60
2019-06-28 15:38:13.857782570,BEST_BID,"JPM,100143,325"
2019-06-28 15:38:13.857782570,BEST_ASK,"JPM,100329,226"
2019-06-28 15:38:20.000000000,QUERY_SPREAD,1
2019-06-28 15:38:20.000000000,BEST_BID,"JPM,100143,292"
2019-06-28 15:38:20.000000000,BEST_ASK,"JPM,100329,100"
2019-06-28 15:38:20.000000000,BEST_BID,"JPM,100143,292"
2019-06-28 15:38:20.000000000,BEST_ASK,"JPM,100329,100"
2019-06-28 15:38:20.000000000,BEST_BID,"JPM,100143,292"
2019-06-28 15:38:20.000000000,BEST_ASK,"JPM,100329,100"
2019-06-28 15:38:20.000000000,BEST_BID,"JPM,100143,292"
2019-06-28 15:38:20.000000000,BEST_ASK,"JPM,100329,100"
2019-06-28 15:38:20.000000000,BEST_BID,"JPM,100143,292"
2019-06-28 15:38:20.000000000,BEST_ASK,"JPM,100329,193"
2019-06-28 15:38:20.000000000,BEST_BID,"JPM,100143,292"
2019-06-28 15:38:20.000000000,BEST_ASK,"JPM,100329,193"
2019-06-28 15:38:20.000000000,BEST_BID,"JPM,100143,292"
2019-06-28 15:38:20.000000000,BEST_ASK,"JPM,100329,193"
2019-06-28 15:38:20.000000000,BEST_BID,"JPM,100143,292"
2019-06-28 15:38:20.000000000,BEST_ASK,"JPM,100329,193"
2019-06-28 15:38:30.000000000,QUERY_SPREAD,1
2019-06-28 15:38:30.000000000,BEST_BID,"JPM,100143,385"
2019-06-28 15:38:30.000000000,BEST_ASK,"JPM,100329,100"
2019-06-28 15:38:30.000000000,BEST_BID,"JPM,100143,385"
2019-06-28 15:38:30.000000000,BEST_ASK,"JPM,100329,100"
2019-06-28 15:38:30.000000000,BEST_BID,"JPM,100143,385"
2019-06-28 15:38:30.000000000,BEST_ASK,"JPM,100329,286"
2019-06-28 15:38:30.000000000,BEST_BID,"JPM,100143,385"
2019-06-28 15:38:30.000000000,BEST_ASK,"JPM,100329,286"
2019-06-28 15:38:38.012761179,QUERY_ORDER_STREAM,70
2019-06-28 15:38:38.012761179,QUERY_SPREAD,70
2019-06-28 15:38:38.012761179,BEST_BID,"JPM,100143,485"
2019-06-28 15:38:38.012761179,BEST_ASK,"JPM,100329,286"
2019-06-28 15:38:40.000000000,QUERY_SPREAD,1
2019-06-28 15:38:40.000000000,BEST_BID,"JPM,100143,425"
2019-06-28 15:38:40.000000000,BEST_ASK,"JPM,100329,100"
2019-06-28 15:38:40.000000000,BEST_BID,"JPM,100143,425"
2019-06-28 15:38:40.000000000,BEST_ASK,"JPM,100329,100"
2019-06-28 15:38:40.000000000,BEST_BID,"JPM,100143,425"
2019-06-28 15:38:40.000000000,BEST_ASK,"JPM,100329,100"
2019-06-28 15:38:40.000000000,BEST_BID,"JPM,100143,425"
2019-06-28 15:38:40.000000000,BEST_ASK,"JPM,100329,226"
2019-06-28 15:38:40.000000000,BEST_BID,"JPM,100143,425"
2019-06-28 15:38:40.000000000,BEST_ASK,"JPM,100329,226"
2019-06-28 15:38:40.000000000,BEST_BID,"JPM,100143,425"
2019-06-28 15:38:40.000000000,BEST_ASK,"JPM,100329,226"
2019-06-28 15:38:47.062516474,QUERY_SPREAD,48
2019-06-28 15:38:47.062516474,BEST_BID,"JPM,100143,425"
2019-06-28 15:38:47.062516474,BEST_ASK,"JPM,100329,126"
2019-06-28 15:38:47.062516474,LAST_TRADE,"100,$100329.0000"
2019-06-28 15:38:47.763185990,QUERY_SPREAD,37
2019-06-28 15:38:47.763185990,BEST_BID,"JPM,100143,425"
2019-06-28 15:38:47.763185990,BEST_ASK,"JPM,100329,126"
2019-06-28 15:38:49.541099052,QUERY_SPREAD,14
2019-06-28 15:38:49.541099052,BEST_BID,"JPM,100143,425"
2019-06-28 15:38:49.541099052,BEST_ASK,"JPM,100329,126"
2019-06-28 15:38:50.000000000,QUERY_SPREAD,1
2019-06-28 15:38:50.000000000,BEST_BID,"JPM,100143,373"
2019-06-28 15:38:50.000000000,BEST_ASK,"JPM,100335,100"
2019-06-28 15:38:50.000000000,BEST_BID,"JPM,100143,373"
2019-06-28 15:38:50.000000000,BEST_ASK,"JPM,100335,100"
2019-06-28 15:38:50.000000000,BEST_BID,"JPM,100143,373"
2019-06-28 15:38:50.000000000,BEST_ASK,"JPM,100335,100"
2019-06-28 15:38:50.000000000,BEST_BID,"JPM,100143,373"
2019-06-28 15:38:50.000000000,BEST_ASK,"JPM,100335,100"
2019-06-28 15:38:50.000000000,BEST_BID,"JPM,100143,373"
2019-06-28 15:38:50.000000000,BEST_ASK,"JPM,100335,100"
2019-06-28 15:38:50.000000000,BEST_BID,"JPM,100143,373"
2019-06-28 15:38:50.000000000,BEST_ASK,"JPM,100335,174"
2019-06-28 15:38:50.000000000,BEST_BID,"JPM,100143,373"
2019-06-28 15:38:50.000000000,BEST_ASK,"JPM,100335,174"
2019-06-28 15:38:50.000000000,BEST_BID,"JPM,100143,373"
2019-06-28 15:38:50.000000000,BEST_ASK,"JPM,100335,174"
2019-06-28 15:38:50.000000000,BEST_BID,"JPM,100143,373"
2019-06-28 15:38:50.000000000,BEST_ASK,"JPM,100335,174"
2019-06-28 15:38:50.000000000,BEST_BID,"JPM,100143,373"
2019-06-28 15:38:50.000000000,BEST_ASK,"JPM,100335,174"
2019-06-28 15:39:00.000000000,QUERY_SPREAD,1
2019-06-28 15:39:00.000000000,BEST_BID,"JPM,100143,670"
2019-06-28 15:39:00.000000000,BEST_ASK,"JPM,100335,100"
2019-06-28 15:39:00.000000000,BEST_BID,"JPM,100143,670"
2019-06-28 15:39:00.000000000,BEST_ASK,"JPM,100335,471"
2019-06-28 15:39:00.000000000,QUERY_SPREAD,77
2019-06-28 15:39:00.000000000,BEST_BID,"JPM,100143,670"
2019-06-28 15:39:00.000000000,BEST_ASK,"JPM,100335,466"
2019-06-28 15:39:00.000000000,LAST_TRADE,"5,$100335.0000"
2019-06-28 15:39:00.000000000,QUERY_SPREAD,78
2019-06-28 15:39:00.000000000,BEST_BID,"JPM,100143,670"
2019-06-28 15:39:00.000000000,BEST_ASK,"JPM,100335,458"
2019-06-28 15:39:00.000000000,LAST_TRADE,"8,$100335.0000"
2019-06-28 15:39:00.000000000,QUERY_SPREAD,79
2019-06-28 15:39:00.000000000,BEST_BID,"JPM,100143,670"
2019-06-28 15:39:00.000000000,BEST_ASK,"JPM,100335,453"
2019-06-28 15:39:00.000000000,LAST_TRADE,"5,$100335.0000"
2019-06-28 15:39:00.000000000,QUERY_SPREAD,80
2019-06-28 15:39:00.000000000,BEST_BID,"JPM,100143,670"
2019-06-28 15:39:00.000000000,BEST_ASK,"JPM,100335,445"
2019-06-28 15:39:00.000000000,LAST_TRADE,"8,$100335.0000"
2019-06-28 15:39:00.000000000,QUERY_SPREAD,81
2019-06-28 15:39:00.000000000,BEST_BID,"JPM,100143,670"
2019-06-28 15:39:00.000000000,BEST_ASK,"JPM,100335,436"
2019-06-28 15:39:00.000000000,LAST_TRADE,"9,$100335.0000"
2019-06-28 15:39:00.000000000,QUERY_SPREAD,82
2019-06-28 15:39:00.000000000,BEST_BID,"JPM,100143,670"
2019-06-28 15:39:00.000000000,BEST_ASK,"JPM,100335,433"
2019-06-28 15:39:00.000000000,LAST_TRADE,"3,$100335.0000"
2019-06-28 15:39:00.000000000,QUERY_SPREAD,83
2019-06-28 15:39:00.000000000,BEST_BID,"JPM,100143,670"
2019-06-28 15:39:00.000000000,BEST_ASK,"JPM,100335,425"
2019-06-28 15:39:00.000000000,LAST_TRADE,"8,$100335.0000"
2019-06-28 15:39:00.000000000,QUERY_SPREAD,84
2019-06-28 15:39:00.000000000,BEST_BID,"JPM,100143,670"
2019-06-28 15:39:00.000000000,BEST_ASK,"JPM,100335,421"
2019-06-28 15:39:00.000000000,LAST_TRADE,"4,$100335.0000"
2019-06-28 15:39:00.000000000,QUERY_SPREAD,85
2019-06-28 15:39:00.000000000,BEST_BID,"JPM,100143,670"
2019-06-28 15:39:00.000000000,BEST_ASK,"JPM,100335,416"
2019-06-28 15:39:00.000000000,LAST_TRADE,"5,$100335.0000"
2019-06-28 15:39:00.000000000,QUERY_SPREAD,86
2019-06-28 15:39:00.000000000,BEST_BID,"JPM,100143,670"
2019-06-28 15:39:00.000000000,BEST_ASK,"JPM,100335,414"
2019-06-28 15:39:00.000000000,LAST_TRADE,"2,$100335.0000"
2019-06-28 15:39:00.000000000,QUERY_SPREAD,87
2019-06-28 15:39:00.000000000,BEST_BID,"JPM,100143,670"
2019-06-28 15:39:00.000000000,BEST_ASK,"JPM,100335,407"
2019-06-28 15:39:00.000000000,LAST_TRADE,"7,$100335.0000"
2019-06-28 15:39:00.000000000,QUERY_SPREAD,88
2019-06-28 15:39:00.000000000,BEST_BID,"JPM,100143,670"
2019-06-28 15:39:00.000000000,BEST_ASK,"JPM,100335,399"
2019-06-28 15:39:00.000000000,LAST_TRADE,"8,$100335.0000"
2019-06-28 15:39:00.000000000,QUERY_SPREAD,89
2019-06-28 15:39:00.000000000,BEST_BID,"JPM,100143,670"
2019-06-28 15:39:00.000000000,BEST_ASK,"JPM,100335,394"
2019-06-28 15:39:00.000000000,LAST_TRADE,"5,$100335.0000"
2019-06-28 15:39:00.000000000,QUERY_SPREAD,90
2019-06-28 15:39:00.000000000,BEST_BID,"JPM,100143,670"
2019-06-28 15:39:00.000000000,BEST_ASK,"JPM,100335,390"
2019-06-28 15:39:00.000000000,LAST_TRADE,"4,$100335.0000"
2019-06-28 15:39:00.000000000,QUERY_SPREAD,91
2019-06-28 15:39:00.000000000,BEST_BID,"JPM,100143,670"
2019-06-28 15:39:00.000000000,BEST_ASK,"JPM,100335,387"
2019-06-28 15:39:00.000000000,LAST_TRADE,"3,$100335.0000"
2019-06-28 15:39:00.000000000,QUERY_SPREAD,92
2019-06-28 15:39:00.000000000,BEST_BID,"JPM,100143,670"
2019-06-28 15:39:00.000000000,BEST_ASK,"JPM,100335,382"
2019-06-28 15:39:00.000000000,LAST_TRADE,"5,$100335.0000"
2019-06-28 15:39:00.000000000,QUERY_SPREAD,93
2019-06-28 15:39:00.000000000,BEST_BID,"JPM,100143,670"
2019-06-28 15:39:00.000000000,BEST_ASK,"JPM,100335,375"
2019-06-28 15:39:00.000000000,LAST_TRADE,"7,$100335.0000"
2019-06-28 15:39:00.000000000,QUERY_SPREAD,94
2019-06-28 15:39:00.000000000,BEST_BID,"JPM,100143,670"
2019-06-28 15:39:00.000000000,BEST_ASK,"JPM,100335,374"
2019-06-28 15:39:00.000000000,LAST_TRADE,"1,$100335.0000"
2019-06-28 15:39:00.000000000,QUERY_SPREAD,95
2019-06-28 15:39:00.000000000,BEST_BID,"JPM,100143,670"
2019-06-28 15:39:00.000000000,BEST_ASK,"JPM,100335,373"
2019-06-28 15:39:00.000000000,LAST_TRADE,"1,$100335.0000"
2019-06-28 15:39:00.000000000,QUERY_SPREAD,96
2019-06-28 15:39:00.000000000,BEST_BID,"JPM,100143,670"
2019-06-28 15:39:00.000000000,BEST_ASK,"JPM,100335,369"
2019-06-28 15:39:00.000000000,LAST_TRADE,"4,$100335.0000"
2019-06-28 15:39:00.000000000,QUERY_SPREAD,97
2019-06-28 15:39:00.000000000,BEST_BID,"JPM,100143,670"
2019-06-28 15:39:00.000000000,BEST_ASK,"JPM,100335,366"
2019-06-28 15:39:00.000000000,LAST_TRADE,"3,$100335.0000"
2019-06-28 15:39:00.000000000,QUERY_SPREAD,98
2019-06-28 15:39:00.000000000,BEST_BID,"JPM,100143,670"
2019-06-28 15:39:00.000000000,BEST_ASK,"JPM,100335,361"
2019-06-28 15:39:00.000000000,LAST_TRADE,"5,$100335.0000"
2019-06-28 15:39:00.000000000,QUERY_SPREAD,99
2019-06-28 15:39:00.000000000,BEST_BID,"JPM,100143,670"
2019-06-28 15:39:00.000000000,BEST_ASK,"JPM,100335,357"
2019-06-28 15:39:00.000000000,LAST_TRADE,"4,$100335.0000"
2019-06-28 15:39:00.000000000,QUERY_SPREAD,100
2019-06-28 15:39:00.000000000,BEST_BID,"JPM,100143,670"
2019-06-28 15:39:00.000000000,BEST_ASK,"JPM,100335,352"
2019-06-28 15:39:00.000000000,LAST_TRADE,"5,$100335.0000"
2019-06-28 15:39:00.000000000,QUERY_SPREAD,101
2019-06-28 15:39:00.000000000,BEST_BID,"JPM,100143,669"
2019-06-28 15:39:00.000000000,BEST_ASK,"JPM,100335,352"
2019-06-28 15:39:00.000000000,LAST_TRADE,"1,$100143.0000"
2019-06-28 15:39:10.000000000,QUERY_SPREAD,1
2019-06-28 15:39:10.000000000,BEST_BID,"JPM,100143,484"
2019-06-28 15:39:10.000000000,BEST_ASK,"JPM,100354,100"
2019-06-28 15:39:10.000000000,BEST_BID,"JPM,100143,484"
2019-06-28 15:39:10.000000000,BEST_ASK,"JPM,100354,100"
2019-06-28 15:39:10.000000000,BEST_BID,"JPM,100143,484"
2019-06-28 15:39:10.000000000,BEST_ASK,"JPM,100354,286"
2019-06-28 15:39:10.000000000,BEST_BID,"JPM,100143,484"
2019-06-28 15:39:10.000000000,BEST_ASK,"JPM,100354,286"
2019-06-28 15:39:10.257648152,QUERY_SPREAD,50
2019-06-28 15:39:10.257648152,BEST_BID,"JPM,100143,484"
2019-06-28 15:39:10.257648152,BEST_ASK,"JPM,100354,186"
2019-06-28 15:39:10.257648152,LAST_TRADE,"100,$100354.0000"
2019-06-28 15:39:18.154527589,QUERY_SPREAD,49
2019-06-28 15:39:18.154527589,BEST_BID,"JPM,100143,484"
2019-06-28 15:39:18.154527589,BEST_ASK,"JPM,100354,186"
2019-06-28 15:39:20.000000000,QUERY_SPREAD,1
2019-06-28 15:39:20.000000000,BEST_BID,"JPM,100143,669"
2019-06-28 15:39:20.000000000,BEST_ASK,"JPM,100528,100"
2019-06-28 15:39:20.000000000,BEST_BID,"JPM,100143,669"
2019-06-28 15:39:20.000000000,BEST_ASK,"JPM,100528,471"
2019-06-28 15:39:30.000000000,QUERY_SPREAD,1
2019-06-28 15:39:30.000000000,BEST_BID,"JPM,100143,424"
2019-06-28 15:39:30.000000000,BEST_ASK,"JPM,100528,100"
2019-06-28 15:39:30.000000000,BEST_BID,"JPM,100143,424"
2019-06-28 15:39:30.000000000,BEST_ASK,"JPM,100528,100"
2019-06-28 15:39:30.000000000,BEST_BID,"JPM,100143,424"
2019-06-28 15:39:30.000000000,BEST_ASK,"JPM,100528,100"
2019-06-28 15:39:30.000000000,BEST_BID,"JPM,100143,424"
2019-06-28 15:39:30.000000000,BEST_ASK,"JPM,100528,226"
2019-06-28 15:39:30.000000000,BEST_BID,"JPM,100143,424"
2019-06-28 15:39:30.000000000,BEST_ASK,"JPM,100528,226"
2019-06-28 15:39:30.000000000,BEST_BID,"JPM,100143,424"
2019-06-28 15:39:30.000000000,BEST_ASK,"JPM,100528,226"
2019-06-28 15:39:35.107795876,QUERY_SPREAD,11
2019-06-28 15:39:35.107795876,BEST_BID,"JPM,100143,424"
2019-06-28 15:39:35.107795876,BEST_ASK,"JPM,100528,126"
2019-06-28 15:39:35.107795876,LAST_TRADE,"100,$100528.0000"
2019-06-28 15:39:35.665473038,QUERY_SPREAD,44
2019-06-28 15:39:35.665473038,BEST_BID,"JPM,100143,424"
2019-06-28 15:39:35.665473038,BEST_ASK,"JPM,100528,26"
2019-06-28 15:39:35.665473038,LAST_TRADE,"100,$100528.0000"
2019-06-28 15:39:40.000000000,QUERY_SPREAD,1
2019-06-28 15:39:40.000000000,BEST_BID,"JPM,100143,669"
2019-06-28 15:39:40.000000000,BEST_ASK,"JPM,100570,100"
2019-06-28 15:39:40.000000000,BEST_BID,"JPM,100143,669"
2019-06-28 15:39:40.000000000,BEST_ASK,"JPM,100570,471"
2019-06-28 15:39:48.191851769,QUERY_SPREAD,49
2019-06-28 15:39:48.191851769,BEST_BID,"JPM,100143,669"
2019-06-28 15:39:48.191851769,BEST_ASK,"JPM,100570,471"
2019-06-28 15:39:50.000000000,QUERY_SPREAD,1
2019-06-28 15:39:50.000000000,BEST_BID,"JPM,100143,391"
2019-06-28 15:39:50.000000000,BEST_ASK,"JPM,100570,100"
2019-06-28 15:39:50.000000000,BEST_BID,"JPM,100143,391"
2019-06-28 15:39:50.000000000,BEST_ASK,"JPM,100570,100"
2019-06-28 15:39:50.000000000,BEST_BID,"JPM,100143,391"
2019-06-28 15:39:50.000000000,BEST_ASK,"JPM,100570,100"
2019-06-28 15:39:50.000000000,BEST_BID,"JPM,100143,391"
2019-06-28 15:39:50.000000000,BEST_ASK,"JPM,100570,100"
2019-06-28 15:39:50.000000000,BEST_BID,"JPM,100143,391"
2019-06-28 15:39:50.000000000,BEST_ASK,"JPM,100570,193"
2019-06-28 15:39:50.000000000,BEST_BID,"JPM,100143,391"
2019-06-28 15:39:50.000000000,BEST_ASK,"JPM,100570,193"
2019-06-28 15:39:50.000000000,BEST_BID,"JPM,100143,391"
2019-06-28 15:39:50.000000000,BEST_ASK,"JPM,100570,193"
2019-06-28 15:39:50.000000000,BEST_BID,"JPM,100143,391"
2019-06-28 15:39:50.000000000,BEST_ASK,"JPM,100570,193"
2019-06-28 15:40:00.000000000,QUERY_SPREAD,1
2019-06-28 15:40:00.000000000,BEST_BID,"JPM,100143,669"
2019-06-28 15:40:00.000000000,BEST_ASK,"JPM,100570,100"
2019-06-28 15:40:00.000000000,BEST_BID,"JPM,100143,669"
2019-06-28 15:40:00.000000000,BEST_ASK,"JPM,100570,471"
2019-06-28 15:40:00.000000000,QUERY_SPREAD,77
2019-06-28 15:40:00.000000000,BEST_BID,"JPM,100143,669"
2019-06-28 15:40:00.000000000,BEST_ASK,"JPM,100570,466"
2019-06-28 15:40:00.000000000,LAST_TRADE,"5,$100570.0000"
2019-06-28 15:40:00.000000000,QUERY_SPREAD,78
2019-06-28 15:40:00.000000000,BEST_BID,"JPM,100143,669"
2019-06-28 15:40:00.000000000,BEST_ASK,"JPM,100570,458"
2019-06-28 15:40:00.000000000,LAST_TRADE,"8,$100570.0000"
2019-06-28 15:40:00.000000000,QUERY_SPREAD,79
2019-06-28 15:40:00.000000000,BEST_BID,"JPM,100143,669"
2019-06-28 15:40:00.000000000,BEST_ASK,"JPM,100570,453"
2019-06-28 15:40:00.000000000,LAST_TRADE,"5,$100570.0000"
2019-06-28 15:40:00.000000000,QUERY_SPREAD,80
2019-06-28 15:40:00.000000000,BEST_BID,"JPM,100143,669"
2019-06-28 15:40:00.000000000,BEST_ASK,"JPM,100570,445"
2019-06-28 15:40:00.000000000,LAST_TRADE,"8,$100570.0000"
2019-06-28 15:40:00.000000000,QUERY_SPREAD,81
2019-06-28 15:40:00.000000000,BEST_BID,"JPM,100143,669"
2019-06-28 15:40:00.000000000,BEST_ASK,"JPM,100570,436"
2019-06-28 15:40:00.000000000,LAST_TRADE,"9,$100570.0000"
2019-06-28 15:40:00.000000000,QUERY_SPREAD,82
2019-06-28 15:40:00.000000000,BEST_BID,"JPM,100143,669"
2019-06-28 15:40:00.000000000,BEST_ASK,"JPM,100570,433"
2019-06-28 15:40:00.000000000,LAST_TRADE,"3,$100570.0000"
2019-06-28 15:40:00.000000000,QUERY_SPREAD,83
2019-06-28 15:40:00.000000000,BEST_BID,"JPM,100143,669"
2019-06-28 15:40:00.000000000,BEST_ASK,"JPM,100570,425"
2019-06-28 15:40:00.000000000,LAST_TRADE,"8,$100570.0000"
2019-06-28 15:40:00.000000000,QUERY_SPREAD,84
2019-06-28 15:40:00.000000000,BEST_BID,"JPM,100143,669"
2019-06-28 15:40:00.000000000,BEST_ASK,"JPM,100570,421"
2019-06-28 15:40:00.000000000,LAST_TRADE,"4,$100570.0000"
2019-06-28 15:40:00.000000000,QUERY_SPREAD,85
2019-06-28 15:40:00.000000000,BEST_BID,"JPM,100143,669"
2019-06-28 15:40:00.000000000,BEST_ASK,"JPM,100570,416"
2019-06-28 15:40:00.000000000,LAST_TRADE,"5,$100570.0000"
2019-06-28 15:40:00.000000000,QUERY_SPREAD,86
2019-06-28 15:40:00.000000000,BEST_BID,"JPM,100143,669"
2019-06-28 15:40:00.000000000,BEST_ASK,"JPM,100570,414"
2019-06-28 15:40:00.000000000,LAST_TRADE,"2,$100570.0000"
2019-06-28 15:40:00.000000000,QUERY_SPREAD,87
2019-06-28 15:40:00.000000000,BEST_BID,"JPM,100143,669"
2019-06-28 15:40:00.000000000,BEST_ASK,"JPM,100570,407"
2019-06-28 15:40:00.000000000,LAST_TRADE,"7,$100570.0000"
2019-06-28 15:40:00.000000000,QUERY_SPREAD,88
2019-06-28 15:40:00.000000000,BEST_BID,"JPM,100143,669"
2019-06-28 15:40:00.000000000,BEST_ASK,"JPM,100570,399"
2019-06-28 15:40:00.000000000,LAST_TRADE,"8,$100570.0000"
2019-06-28 15:40:00.000000000,QUERY_SPREAD,89
2019-06-28 15:40:00.000000000,BEST_BID,"JPM,100143,669"
2019-06-28 15:40:00.000000000,BEST_ASK,"JPM,100570,394"
2019-06-28 15:40:00.000000000,LAST_TRADE,"5,$100570.0000"
2019-06-28 15:40:00.000000000,QUERY_SPREAD,90
2019-06-28 15:40:00.000000000,BEST_BID,"JPM,100143,669"
2019-06-28 15:40:00.000000000,BEST_ASK,"JPM,100570,390"
2019-06-28 15:40:00.000000000,LAST_TRADE,"4,$100570.0000"
2019-06-28 15:40:00.000000000,QUERY_SPREAD,91
2019-06-28 15:40:00.000000000,BEST_BID,"JPM,100143,669"
2019-06-28 15:40:00.000000000,BEST_ASK,"JPM,100570,387"
2019-06-28 15:40:00.000000000,LAST_TRADE,"3,$100570.0000"
2019-06-28 15:40:00.000000000,QUERY_SPREAD,92
2019-06-28 15:40:00.000000000,BEST_BID,"JPM,100143,669"
2019-06-28 15:40:00.000000000,BEST_ASK,"JPM,100570,382"
2019-06-28 15:40:00.000000000,LAST_TRADE,"5,$100570.0000"
2019-06-28 15:40:00.000000000,QUERY_SPREAD,93
2019-06-28 15:40:00.000000000,BEST_BID,"JPM,100143,669"
2019-06-28 15:40:00.000000000,BEST_ASK,"JPM,100570,375"
2019-06-28 15:40:00.000000000,LAST_TRADE,"7,$100570.0000"
2019-06-28 15:40:00.000000000,QUERY_SPREAD,94
2019-06-28 15:40:00.000000000,BEST_BID,"JPM,100143,669"
2019-06-28 15:40:00.000000000,BEST_ASK,"JPM,100570,374"
2019-06-28 15:40:00.000000000,LAST_TRADE,"1,$100570.0000"
2019-06-28 15:40:00.000000000,QUERY_SPREAD,95
2019-06-28 15:40:00.000000000,BEST_BID,"JPM,100143,669"
2019-06-28 15:40:00.000000000,BEST_ASK,"JPM,100570,373"
2019-06-28 15:40:00.000000000,LAST_TRADE,"1,$100570.0000"
2019-06-28 15:40:00.000000000,QUERY_SPREAD,96
2019-06-28 15:40:00.000000000,BEST_BID,"JPM,100143,669"
2019-06-28 15:40:00.000000000,BEST_ASK,"JPM,100570,369"
2019-06-28 15:40:00.000000000,LAST_TRADE,"4,$100570.0000"
2019-06-28 15:40:00.000000000,QUERY_SPREAD,97
2019-06-28 15:40:00.000000000,BEST_BID,"JPM,100143,669"
2019-06-28 15:40:00.000000000,BEST_ASK,"JPM,100570,366"
2019-06-28 15:40:00.000000000,LAST_TRADE,"3,$100570.0000"
2019-06-28 15:40:00.000000000,QUERY_SPREAD,98
2019-06-28 15:40:00.000000000,BEST_BID,"JPM,100143,669"
2019-06-28 15:40:00.000000000,BEST_ASK,"JPM,100570,361"
2019-06-28 15:40:00.000000000,LAST_TRADE,"5,$100570.0000"
2019-06-28 15:40:00.000000000,QUERY_SPREAD,99
2019-06-28 15:40:00.000000000,BEST_BID,"JPM,100143,669"
2019-06-28 15:40:00.000000000,BEST_ASK,"JPM,100570,357"
2019-06-28 15:40:00.000000000,LAST_TRADE,"4,$100570.0000"
2019-06-28 15:40:00.000000000,QUERY_SPREAD,100
2019-06-28 15:40:00.000000000,BEST_BID,"JPM,100143,669"
2019-06-28 15:40:00.000000000,BEST_ASK,"JPM,100570,352"
2019-06-28 15:40:00.000000000,LAST_TRADE,"5,$100570.0000"
2019-06-28 15:40:00.000000000,QUERY_SPREAD,101
2019-06-28 15:40:00.000000000,BEST_BID,"JPM,100143,668"
2019-06-28 15:40:00.000000000,BEST_ASK,"JPM,100570,352"
2019-06-28 15:40:00.000000000,LAST_TRADE,"1,$100143.0000"
2019-06-28 15:40:10.000000000,QUERY_SPREAD,1
2019-06-28 15:40:10.000000000,BEST_BID,"JPM,100143,668"
2019-06-28 15:40:10.000000000,BEST_ASK,"JPM,100580,100"
2019-06-28 15:40:10.000000000,BEST_BID,"JPM,100143,668"
2019-06-28 15:40:10.000000000,BEST_ASK,"JPM,100580,471"
2019-06-28 15:40:17.628132335,QUERY_SPREAD,45
2019-06-28 15:40:17.628132335,BEST_BID,"JPM,100143,668"
2019-06-28 15:40:17.628132335,BEST_ASK,"JPM,100503,100"
2019-06-28 15:40:20.000000000,QUERY_SPREAD,1
2019-06-28 15:40:20.000000000,BEST_BID,"JPM,100143,390"
2019-06-28 15:40:20.000000000,BEST_ASK,"JPM,100503,100"
2019-06-28 15:40:20.000000000,BEST_BID,"JPM,100143,390"
2019-06-28 15:40:20.000000000,BEST_ASK,"JPM,100503,100"
2019-06-28 15:40:20.000000000,BEST_BID,"JPM,100143,390"
2019-06-28 15:40:20.000000000,BEST_ASK,"JPM,100503,100"
2019-06-28 15:40:20.000000000,BEST_BID,"JPM,100143,390"
2019-06-28 15:40:20.000000000,BEST_ASK,"JPM,100503,100"
2019-06-28 15:40:20.000000000,BEST_BID,"JPM,100143,390"
2019-06-28 15:40:20.000000000,BEST_ASK,"JPM,100503,193"
2019-06-28 15:40:20.000000000,BEST_BID,"JPM,100143,390"
2019-06-28 15:40:20.000000000,BEST_ASK,"JPM,100503,193"
2019-06-28 15:40:20.000000000,BEST_BID,"JPM,100143,390"
2019-06-28 15:40:20.000000000,BEST_ASK,"JPM,100503,193"
2019-06-28 15:40:20.000000000,BEST_BID,"JPM,100143,390"
2019-06-28 15:40:20.000000000,BEST_ASK,"JPM,100503,193"
2019-06-28 15:40:30.000000000,QUERY_SPREAD,1
2019-06-28 15:40:30.000000000,BEST_BID,"JPM,100143,390"
2019-06-28 15:40:30.000000000,BEST_ASK,"JPM,100503,100"
2019-06-28 15:40:30.000000000,BEST_BID,"JPM,100143,390"
2019-06-28 15:40:30.000000000,BEST_ASK,"JPM,100503,100"
2019-06-28 15:40:30.000000000,BEST_BID,"JPM,100143,390"
2019-06-28 15:40:30.000000000,BEST_ASK,"JPM,100503,100"
2019-06-28 15:40:30.000000000,BEST_BID,"JPM,100143,390"
2019-06-28 15:40:30.000000000,BEST_ASK,"JPM,100503,100"
2019-06-28 15:40:30.000000000,BEST_BID,"JPM,100143,390"
2019-06-28 15:40:30.000000000,BEST_ASK,"JPM,100503,193"
2019-06-28 15:40:30.000000000,BEST_BID,"JPM,100143,390"
2019-06-28 15:40:30.000000000,BEST_ASK,"JPM,100503,193"
2019-06-28 15:40:30.000000000,BEST_BID,"JPM,100143,390"
2019-06-28 15:40:30.000000000,BEST_ASK,"JPM,100503,193"
2019-06-28 15:40:30.000000000,BEST_BID,"JPM,100143,390"
2019-06-28 15:40:30.000000000,BEST_ASK,"JPM,100503,193"
2019-06-28 15:40:40.000000000,QUERY_SPREAD,1
2019-06-28 15:40:40.000000000,BEST_BID,"JPM,100143,371"
2019-06-28 15:40:40.000000000,BEST_ASK,"JPM,100503,100"
2019-06-28 15:40:40.000000000,BEST_BID,"JPM,100143,371"
2019-06-28 15:40:40.000000000,BEST_ASK,"JPM,100503,100"
2019-06-28 15:40:40.000000000,BEST_BID,"JPM,100143,371"
2019-06-28 15:40:40.000000000,BEST_ASK,"JPM,100503,100"
2019-06-28 15:40:40.000000000,BEST_BID,"JPM,100143,371"
2019-06-28 15:40:40.000000000,BEST_ASK,"JPM,100503,100"
2019-06-28 15:40:40.000000000,BEST_BID,"JPM,100143,371"
2019-06-28 15:40:40.000000000,BEST_ASK,"JPM,100503,100"
2019-06-28 15:40:40.000000000,BEST_BID,"JPM,100143,371"
2019-06-28 15:40:40.000000000,BEST_ASK,"JPM,100503,174"
2019-06-28 15:40:40.000000000,BEST_BID,"JPM,100143,371"
2019-06-28 15:40:40.000000000,BEST_ASK,"JPM,100503,174"
2019-06-28 15:40:40.000000000,BEST_BID,"JPM,100143,371"
2019-06-28 15:40:40.000000000,BEST_ASK,"JPM,100503,174"
2019-06-28 15:40:40.000000000,BEST_BID,"JPM,100143,371"
2019-06-28 15:40:40.000000000,BEST_ASK,"JPM,100503,174"
2019-06-28 15:40:40.000000000,BEST_BID,"JPM,100143,371"
2019-06-28 15:40:40.000000000,BEST_ASK,"JPM,100503,174"
2019-06-28 15:40:50.000000000,QUERY_SPREAD,1
2019-06-28 15:40:50.000000000,BEST_BID,"JPM,100143,423"
2019-06-28 15:40:50.000000000,BEST_ASK,"JPM,100503,100"
2019-06-28 15:40:50.000000000,BEST_BID,"JPM,100143,423"
2019-06-28 15:40:50.000000000,BEST_ASK,"JPM,100503,100"
2019-06-28 15:40:50.000000000,BEST_BID,"JPM,100143,423"
2019-06-28 15:40:50.000000000,BEST_ASK,"JPM,100503,100"
2019-06-28 15:40:50.000000000,BEST_BID,"JPM,100143,423"
2019-06-28 15:40:50.000000000,BEST_ASK,"JPM,100503,226"
2019-06-28 15:40:50.000000000,BEST_BID,"JPM,100143,423"
2019-06-28 15:40:50.000000000,BEST_ASK,"JPM,100503,226"
2019-06-28 15:40:50.000000000,BEST_BID,"JPM,100143,423"
2019-06-28 15:40:50.000000000,BEST_ASK,"JPM,100503,226"
2019-06-28 15:40:50.848497604,QUERY_SPREAD,41
2019-06-28 15:40:50.848497604,BEST_BID,"JPM,100143,423"
2019-06-28 15:40:50.848497604,BEST_ASK,"JPM,100503,126"
2019-06-28 15:40:50.848497604,LAST_TRADE,"100,$100503.0000"
2019-06-28 15:40:59.066846155,QUERY_SPREAD,18
2019-06-28 15:40:59.066846155,BEST_BID,"JPM,100143,423"
2019-06-28 15:40:59.066846155,BEST_ASK,"JPM,100503,126"
2019-06-28 15:41:00.000000000,QUERY_SPREAD,1
2019-06-28 15:41:00.000000000,BEST_BID,"JPM,100143,371"
2019-06-28 15:41:00.000000000,BEST_ASK,"JPM,100580,100"
2019-06-28 15:41:00.000000000,BEST_BID,"JPM,100143,371"
2019-06-28 15:41:00.000000000,BEST_ASK,"JPM,100580,100"
2019-06-28 15:41:00.000000000,BEST_BID,"JPM,100143,371"
2019-06-28 15:41:00.000000000,BEST_ASK,"JPM,100580,100"
2019-06-28 15:41:00.000000000,BEST_BID,"JPM,100143,371"
2019-06-28 15:41:00.000000000,BEST_ASK,"JPM,100580,100"
2019-06-28 15:41:00.000000000,BEST_BID,"JPM,100143,371"
2019-06-28 15:41:00.000000000,BEST_ASK,"JPM,100580,100"
2019-06-28 15:41:00.000000000,BEST_BID,"JPM,100143,371"
2019-06-28 15:41:00.000000000,BEST_ASK,"JPM,100580,174"
2019-06-28 15:41:00.000000000,BEST_BID,"JPM,100143,371"
2019-06-28 15:41:00.000000000,BEST_ASK,"JPM,100580,174"
2019-06-28 15:41:00.000000000,BEST_BID,"JPM,100143,371"
2019-06-28 15:41:00.000000000,BEST_ASK,"JPM,100580,174"
2019-06-28 15:41:00.000000000,BEST_BID,"JPM,100143,371"
2019-06-28 15:41:00.000000000,BEST_ASK,"JPM,100580,174"
2019-06-28 15:41:00.000000000,BEST_BID,"JPM,100143,371"
2019-06-28 15:41:00.000000000,BEST_ASK,"JPM,100580,174"
2019-06-28 15:41:00.000000000,QUERY_SPREAD,77
2019-06-28 15:41:00.000000000,BEST_BID,"JPM,100143,371"
2019-06-28 15:41:00.000000000,BEST_ASK,"JPM,100580,169"
2019-06-28 15:41:00.000000000,LAST_TRADE,"5,$100580.0000"
2019-06-28 15:41:00.000000000,QUERY_SPREAD,78
2019-06-28 15:41:00.000000000,BEST_BID,"JPM,100143,371"
2019-06-28 15:41:00.000000000,BEST_ASK,"JPM,100580,161"
2019-06-28 15:41:00.000000000,LAST_TRADE,"8,$100580.0000"
2019-06-28 15:41:00.000000000,QUERY_SPREAD,79
2019-06-28 15:41:00.000000000,BEST_BID,"JPM,100143,371"
2019-06-28 15:41:00.000000000,BEST_ASK,"JPM,100580,156"
2019-06-28 15:41:00.000000000,LAST_TRADE,"5,$100580.0000"
2019-06-28 15:41:00.000000000,QUERY_SPREAD,80
2019-06-28 15:41:00.000000000,BEST_BID,"JPM,100143,371"
2019-06-28 15:41:00.000000000,BEST_ASK,"JPM,100580,148"
2019-06-28 15:41:00.000000000,LAST_TRADE,"8,$100580.0000"
2019-06-28 15:41:00.000000000,QUERY_SPREAD,81
2019-06-28 15:41:00.000000000,BEST_BID,"JPM,100143,371"
2019-06-28 15:41:00.000000000,BEST_ASK,"JPM,100580,139"
2019-06-28 15:41:00.000000000,LAST_TRADE,"9,$100580.0000"
2019-06-28 15:41:00.000000000,QUERY_SPREAD,82
2019-06-28 15:41:00.000000000,BEST_BID,"JPM,100143,371"
2019-06-28 15:41:00.000000000,BEST_ASK,"JPM,100580,136"
2019-06-28 15:41:00.000000000,LAST_TRADE,"3,$100580.0000"
2019-06-28 15:41:00.000000000,QUERY_SPREAD,83
2019-06-28 15:41:00.000000000,BEST_BID,"JPM,100143,371"
2019-06-28 15:41:00.000000000,BEST_ASK,"JPM,100580,128"
2019-06-28 15:41:00.000000000,LAST_TRADE,"8,$100580.0000"
2019-06-28 15:41:00.000000000,QUERY_SPREAD,84
2019-06-28 15:41:00.000000000,BEST_BID,"JPM,100143,371"
2019-06-28 15:41:00.000000000,BEST_ASK,"JPM,100580,124"
2019-06-28 15:41:00.000000000,LAST_TRADE,"4,$100580.0000"
2019-06-28 15:41:00.000000000,QUERY_SPREAD,85
2019-06-28 15:41:00.000000000,BEST_BID,"JPM,100143,371"
2019-06-28 15:41:00.000000000,BEST_ASK,"JPM,100580,119"
2019-06-28 15:41:00.000000000,LAST_TRADE,"5,$100580.0000"
2019-06-28 15:41:00.000000000,QUERY_SPREAD,86
2019-06-28 15:41:00.000000000,BEST_BID,"JPM,100143,371"
2019-06-28 15:41:00.000000000,BEST_ASK,"JPM,100580,117"
2019-06-28 15:41:00.000000000,LAST_TRADE,"2,$100580.0000"
2019-06-28 15:41:00.000000000,QUERY_SPREAD,87
2019-06-28 15:41:00.000000000,BEST_BID,"JPM,100143,371"
2019-06-28 15:41:00.000000000,BEST_ASK,"JPM,100580,110"
2019-06-28 15:41:00.000000000,LAST_TRADE,"7,$100580.0000"
2019-06-28 15:41:00.000000000,QUERY_SPREAD,88
2019-06-28 15:41:00.000000000,BEST_BID,"JPM,100143,371"
2019-06-28 15:41:00.000000000,BEST_ASK,"JPM,100580,102"
2019-06-28 15:41:00.000000000,LAST_TRADE,"8,$100580.0000"
2019-06-28 15:41:00.000000000,QUERY_SPREAD,89
2019-06-28 15:41:00.000000000,BEST_BID,"JPM,100143,371"
2019-06-28 15:41:00.000000000,BEST_ASK,"JPM,100580,97"
2019-06-28 15:41:00.000000000,LAST_TRADE,"5,$100580.0000"
2019-06-28 15:41:00.000000000,QUERY_SPREAD,90
2019-06-28 15:41:00.000000000,BEST_BID,"JPM,100143,371"
2019-06-28 15:41:00.000000000,BEST_ASK,"JPM,100580,93"
2019-06-28 15:41:00.000000000,LAST_TRADE,"4,$100580.0000"
2019-06-28 15:41:00.000000000,QUERY_SPREAD,91
2019-06-28 15:41:00.000000000,BEST_BID,"JPM,100143,371"
2019-06-28 15:41:00.000000000,BEST_ASK,"JPM,100580,90"
2019-06-28 15:41:00.000000000,LAST_TRADE,"3,$100580.0000"
2019-06-28 15:41:00.000000000,QUERY_SPREAD,92
2019-06-28 15:41:00.000000000,BEST_BID,"JPM,100143,371"
2019-06-28 15:41:00.000000000,BEST_ASK,"JPM,100580,85"
2019-06-28 15:41:00.000000000,LAST_TRADE,"5,$100580.0000"
2019-06-28 15:41:00.000000000,QUERY_SPREAD,93
2019-06-28 15:41:00.000000000,BEST_BID,"JPM,100143,371"
2019-06-28 15:41:00.000000000,BEST_ASK,"JPM,100580,78"
2019-06-28 15:41:00.000000000,LAST_TRADE,"7,$100580.0000"
2019-06-28 15:41:00.000000000,QUERY_SPREAD,94
2019-06-28 15:41:00.000000000,BEST_BID,"JPM,100143,371"
2019-06-28 15:41:00.000000000,BEST_ASK,"JPM,100580,77"
2019-06-28 15:41:00.000000000,LAST_TRADE,"1,$100580.0000"
2019-06-28 15:41:00.000000000,QUERY_SPREAD,95
2019-06-28 15:41:00.000000000,BEST_BID,"JPM,100143,371"
2019-06-28 15:41:00.000000000,BEST_ASK,"JPM,100580,76"
2019-06-28 15:41:00.000000000,LAST_TRADE,"1,$100580.0000"
2019-06-28 15:41:00.000000000,QUERY_SPREAD,96
2019-06-28 15:41:00.000000000,BEST_BID,"JPM,100143,371"
2019-06-28 15:41:00.000000000,BEST_ASK,"JPM,100580,72"
2019-06-28 15:41:00.000000000,LAST_TRADE,"4,$100580.0000"
2019-06-28 15:41:00.000000000,QUERY_SPREAD,97
2019-06-28 15:41:00.000000000,BEST_BID,"JPM,100143,371"
2019-06-28 15:41:00.000000000,BEST_ASK,"JPM,100580,69"
2019-06-28 15:41:00.000000000,LAST_TRADE,"3,$100580.0000"
2019-06-28 15:41:00.000000000,QUERY_SPREAD,98
2019-06-28 15:41:00.000000000,BEST_BID,"JPM,100143,371"
2019-06-28 15:41:00.000000000,BEST_ASK,"JPM,100580,64"
2019-06-28 15:41:00.000000000,LAST_TRADE,"5,$100580.0000"
2019-06-28 15:41:00.000000000,QUERY_SPREAD,99
2019-06-28 15:41:00.000000000,BEST_BID,"JPM,100143,371"
2019-06-28 15:41:00.000000000,BEST_ASK,"JPM,100580,60"
2019-06-28 15:41:00.000000000,LAST_TRADE,"4,$100580.0000"
2019-06-28 15:41:00.000000000,QUERY_SPREAD,100
2019-06-28 15:41:00.000000000,BEST_BID,"JPM,100143,371"
2019-06-28 15:41:00.000000000,BEST_ASK,"JPM,100580,55"
2019-06-28 15:41:00.000000000,LAST_TRADE,"5,$100580.0000"
2019-06-28 15:41:00.000000000,QUERY_SPREAD,101
2019-06-28 15:41:00.000000000,BEST_BID,"JPM,100143,370"
2019-06-28 15:41:00.000000000,BEST_ASK,"JPM,100580,55"
2019-06-28 15:41:00.000000000,LAST_TRADE,"1,$100143.0000"
2019-06-28 15:41:06.476546777,QUERY_ORDER_STREAM,67
2019-06-28 15:41:06.476546777,QUERY_SPREAD,67
2019-06-28 15:41:10.000000000,QUERY_SPREAD,1
2019-06-28 15:41:10.000000000,BEST_BID,"JPM,100143,667"
2019-06-28 15:41:10.000000000,BEST_ASK,"JPM,100610,100"
2019-06-28 15:41:10.000000000,BEST_BID,"JPM,100143,667"
2019-06-28 15:41:10.000000000,BEST_ASK,"JPM,100610,471"
2019-06-28 15:41:14.572206348,QUERY_SPREAD,36
2019-06-28 15:41:14.572206348,BEST_BID,"JPM,100143,667"
2019-06-28 15:41:14.572206348,BEST_ASK,"JPM,100610,471"
2019-06-28 15:41:20.000000000,QUERY_SPREAD,1
2019-06-28 15:41:20.000000000,BEST_BID,"JPM,100143,389"
2019-06-28 15:41:20.000000000,BEST_ASK,"JPM,100610,100"
2019-06-28 15:41:20.000000000,BEST_BID,"JPM,100143,389"
2019-06-28 15:41:20.000000000,BEST_ASK,"JPM,100610,100"
2019-06-28 15:41:20.000000000,BEST_BID,"JPM,100143,389"
2019-06-28 15:41:20.000000000,BEST_ASK,"JPM,100610,100"
2019-06-28 15:41:20.000000000,BEST_BID,"JPM,100143,389"
2019-06-28 15:41:20.000000000,BEST_ASK,"JPM,100610,100"
2019-06-28 15:41:20.000000000,BEST_BID,"JPM,100143,389"
2019-06-28 15:41:20.000000000,BEST_ASK,"JPM,100610,193"
2019-06-28 15:41:20.000000000,BEST_BID,"JPM,100143,389"
2019-06-28 15:41:20.000000000,BEST_ASK,"JPM,100610,193"
2019-06-28 15:41:20.000000000,BEST_BID,"JPM,100143,389"
2019-06-28 15:41:20.000000000,BEST_ASK,"JPM,100610,193"
2019-06-28 15:41:20.000000000,BEST_BID,"JPM,100143,389"
2019-06-28 15:41:20.000000000,BEST_ASK,"JPM,100610,193"
2019-06-28 15:41:30.000000000,QUERY_SPREAD,1
2019-06-28 15:41:30.000000000,BEST_BID,"JPM,100143,422"
2019-06-28 15:41:30.000000000,BEST_ASK,"JPM,100610,100"
2019-06-28 15:41:30.000000000,BEST_BID,"JPM,100143,422"
2019-06-28 15:41:30.000000000,BEST_ASK,"JPM,100610,100"
2019-06-28 15:41:30.000000000,BEST_BID,"JPM,100143,422"
2019-06-28 15:41:30.000000000,BEST_ASK,"JPM,100610,100"
2019-06-28 15:41:30.000000000,BEST_BID,"JPM,100143,422"
2019-06-28 15:41:30.000000000,BEST_ASK,"JPM,100610,226"
2019-06-28 15:41:30.000000000,BEST_BID,"JPM,100143,422"
2019-06-28 15:41:30.000000000,BEST_ASK,"JPM,100610,226"
2019-06-28 15:41:30.000000000,BEST_BID,"JPM,100143,422"
2019-06-28 15:41:30.000000000,BEST_ASK,"JPM,100610,226"
2019-06-28 15:41:35.243166493,QUERY_SPREAD,23
2019-06-28 15:41:35.243166493,BEST_BID,"JPM,100143,422"
2019-06-28 15:41:35.243166493,BEST_ASK,"JPM,100588,100"
2019-06-28 15:41:40.000000000,QUERY_SPREAD,1
2019-06-28 15:41:40.000000000,BEST_BID,"JPM,100143,370"
2019-06-28 15:41:40.000000000,BEST_ASK,"JPM,100588,100"
2019-06-28 15:41:40.000000000,BEST_BID,"JPM,100143,370"
2019-06-28 15:41:40.000000000,BEST_ASK,"JPM,100588,100"
2019-06-28 15:41:40.000000000,BEST_BID,"JPM,100143,370"
2019-06-28 15:41:40.000000000,BEST_ASK,"JPM,100588,100"
2019-06-28 15:41:40.000000000,BEST_BID,"JPM,100143,370"
2019-06-28 15:41:40.000000000,BEST_ASK,"JPM,100588,100"
2019-06-28 15:41:40.000000000,BEST_BID,"JPM,100143,370"
2019-06-28 15:41:40.000000000,BEST_ASK,"JPM,100588,100"
2019-06-28 15:41:40.000000000,BEST_BID,"JPM,100143,370"
2019-06-28 15:41:40.000000000,BEST_ASK,"JPM,100588,174"
2019-06-28 15:41:40.000000000,BEST_BID,"JPM,100143,370"
2019-06-28 15:41:40.000000000,BEST_ASK,"JPM,100588,174"
2019-06-28 15:41:40.000000000,BEST_BID,"JPM,100143,370"
2019-06-28 15:41:40.000000000,BEST_ASK,"JPM,100588,174"
2019-06-28 15:41:40.000000000,BEST_BID,"JPM,100143,370"
2019-06-28 15:41:40.000000000,BEST_ASK,"JPM,100588,174"
2019-06-28 15:41:40.000000000,BEST_BID,"JPM,100143,370"
2019-06-28 15:41:40.000000000,BEST_ASK,"JPM,100588,174"
2019-06-28 15:41:50.000000000,QUERY_SPREAD,1
2019-06-28 15:41:50.000000000,BEST_BID,"JPM,100143,667"
2019-06-28 15:41:50.000000000,BEST_ASK,"JPM,100588,100"
2019-06-28 15:41:50.000000000,BEST_BID,"JPM,100143,667"
2019-06-28 15:41:50.000000000,BEST_ASK,"JPM,100588,471"
2019-06-28 15:42:00.000000000,QUERY_SPREAD,1
2019-06-28 15:42:00.000000000,BEST_BID,"JPM,100143,422"
2019-06-28 15:42:00.000000000,BEST_ASK,"JPM,100588,100"
2019-06-28 15:42:00.000000000,BEST_BID,"JPM,100143,422"
2019-06-28 15:42:00.000000000,BEST_ASK,"JPM,100588,100"
2019-06-28 15:42:00.000000000,BEST_BID,"JPM,100143,422"
2019-06-28 15:42:00.000000000,BEST_ASK,"JPM,100588,100"
2019-06-28 15:42:00.000000000,BEST_BID,"JPM,100143,422"
2019-06-28 15:42:00.000000000,BEST_ASK,"JPM,100588,226"
2019-06-28 15:42:00.000000000,BEST_BID,"JPM,100143,422"
2019-06-28 15:42:00.000000000,BEST_ASK,"JPM,100588,226"
2019-06-28 15:42:00.000000000,BEST_BID,"JPM,100143,422"
2019-06-28 15:42:00.000000000,BEST_ASK,"JPM,100588,226"
2019-06-28 15:42:00.000000000,QUERY_SPREAD,77
2019-06-28 15:42:00.000000000,BEST_BID,"JPM,100143,422"
2019-06-28 15:42:00.000000000,BEST_ASK,"JPM,100588,221"
2019-06-28 15:42:00.000000000,LAST_TRADE,"5,$100588.0000"
2019-06-28 15:42:00.000000000,QUERY_SPREAD,78
2019-06-28 15:42:00.000000000,BEST_BID,"JPM,100143,422"
2019-06-28 15:42:00.000000000,BEST_ASK,"JPM,100588,213"
2019-06-28 15:42:00.000000000,LAST_TRADE,"8,$100588.0000"
2019-06-28 15:42:00.000000000,QUERY_SPREAD,79
2019-06-28 15:42:00.000000000,BEST_BID,"JPM,100143,422"
2019-06-28 15:42:00.000000000,BEST_ASK,"JPM,100588,208"
2019-06-28 15:42:00.000000000,LAST_TRADE,"5,$100588.0000"
2019-06-28 15:42:00.000000000,QUERY_SPREAD,80
2019-06-28 15:42:00.000000000,BEST_BID,"JPM,100143,422"
2019-06-28 15:42:00.000000000,BEST_ASK,"JPM,100588,200"
2019-06-28 15:42:00.000000000,LAST_TRADE,"8,$100588.0000"
2019-06-28 15:42:00.000000000,QUERY_SPREAD,81
2019-06-28 15:42:00.000000000,BEST_BID,"JPM,100143,422"
2019-06-28 15:42:00.000000000,BEST_ASK,"JPM,100588,191"
2019-06-28 15:42:00.000000000,LAST_TRADE,"9,$100588.0000"
2019-06-28 15:42:00.000000000,QUERY_SPREAD,82
2019-06-28 15:42:00.000000000,BEST_BID,"JPM,100143,422"
2019-06-28 15:42:00.000000000,BEST_ASK,"JPM,100588,188"
2019-06-28 15:42:00.000000000,LAST_TRADE,"3,$100588.0000"
2019-06-28 15:42:00.000000000,QUERY_SPREAD,83
2019-06-28 15:42:00.000000000,BEST_BID,"JPM,100143,422"
2019-06-28 15:42:00.000000000,BEST_ASK,"JPM,100588,180"
2019-06-28 15:42:00.000000000,LAST_TRADE,"8,$100588.0000"
2019-06-28 15:42:00.000000000,QUERY_SPREAD,84
2019-06-28 15:42:00.000000000,BEST_BID,"JPM,100143,422"
2019-06-28 15:42:00.000000000,BEST_ASK,"JPM,100588,176"
2019-06-28 15:42:00.000000000,LAST_TRADE,"4,$100588.0000"
2019-06-28 15:42:00.000000000,QUERY_SPREAD,85
2019-06-28 15:42:00.000000000,BEST_BID,"JPM,100143,422"
2019-06-28 15:42:00.000000000,BEST_ASK,"JPM,100588,171"
2019-06-28 15:42:00.000000000,LAST_TRADE,"5,$100588.0000"
2019-06-28 15:42:00.000000000,QUERY_SPREAD,86
2019-06-28 15:42:00.000000000,BEST_BID,"JPM,100143,422"
2019-06-28 15:42:00.000000000,BEST_ASK,"JPM,100588,169"
2019-06-28 15:42:00.000000000,LAST_TRADE,"2,$100588.0000"
2019-06-28 15:42:00.000000000,QUERY_SPREAD,87
2019-06-28 15:42:00.000000000,BEST_BID,"JPM,100143,422"
2019-06-28 15:42:00.000000000,BEST_ASK,"JPM,100588,162"
2019-06-28 15:42:00.000000000,LAST_TRADE,"7,$100588.0000"
2019-06-28 15:42:00.000000000,QUERY_SPREAD,88
2019-06-28 15:42:00.000000000,BEST_BID,"JPM,100143,422"
2019-06-28 15:42:00.000000000,BEST_ASK,"JPM,100588,154"
2019-06-28 15:42:00.000000000,LAST_TRADE,"8,$100588.0000"
2019-06-28 15:42:00.000000000,QUERY_SPREAD,89
2019-06-28 15:42:00.000000000,BEST_BID,"JPM,100143,422"
2019-06-28 15:42:00.000000000,BEST_ASK,"JPM,100588,149"
2019-06-28 15:42:00.000000000,LAST_TRADE,"5,$100588.0000"
2019-06-28 15:42:00.000000000,QUERY_SPREAD,90
2019-06-28 15:42:00.000000000,BEST_BID,"JPM,100143,422"
2019-06-28 15:42:00.000000000,BEST_ASK,"JPM,100588,145"
2019-06-28 15:42:00.000000000,LAST_TRADE,"4,$100588.0000"
2019-06-28 15:42:00.000000000,QUERY_SPREAD,91
2019-06-28 15:42:00.000000000,BEST_BID,"JPM,100143,422"
2019-06-28 15:42:00.000000000,BEST_ASK,"JPM,100588,142"
2019-06-28 15:42:00.000000000,LAST_TRADE,"3,$100588.0000"
2019-06-28 15:42:00.000000000,QUERY_SPREAD,92
2019-06-28 15:42:00.000000000,BEST_BID,"JPM,100143,422"
2019-06-28 15:42:00.000000000,BEST_ASK,"JPM,100588,137"
2019-06-28 15:42:00.000000000,LAST_TRADE,"5,$100588.0000"
2019-06-28 15:42:00.000000000,QUERY_SPREAD,93
2019-06-28 15:42:00.000000000,BEST_BID,"JPM,100143,422"
2019-06-28 15:42:00.000000000,BEST_ASK,"JPM,100588,130"
2019-06-28 15:42:00.000000000,LAST_TRADE,"7,$100588.0000"
2019-06-28 15:42:00.000000000,QUERY_SPREAD,94
2019-06-28 15:42:00.000000000,BEST_BID,"JPM,100143,422"
2019-06-28 15:42:00.000000000,BEST_ASK,"JPM,100588,129"
2019-06-28 15:42:00.000000000,LAST_TRADE,"1,$100588.0000"
2019-06-28 15:42:00.000000000,QUERY_SPREAD,95
2019-06-28 15:42:00.000000000,BEST_BID,"JPM,100143,422"
2019-06-28 15:42:00.000000000,BEST_ASK,"JPM,100588,128"
2019-06-28 15:42:00.000000000,LAST_TRADE,"1,$100588.0000"
2019-06-28 15:42:00.000000000,QUERY_SPREAD,96
2019-06-28 15:42:00.000000000,BEST_BID,"JPM,100143,422"
2019-06-28 15:42:00.000000000,BEST_ASK,"JPM,100588,124"
2019-06-28 15:42:00.000000000,LAST_TRADE,"4,$100588.0000"
2019-06-28 15:42:00.000000000,QUERY_SPREAD,97
2019-06-28 15:42:00.000000000,BEST_BID,"JPM,100143,422"
2019-06-28 15:42:00.000000000,BEST_ASK,"JPM,100588,121"
2019-06-28 15:42:00.000000000,LAST_TRADE,"3,$100588.0000"
2019-06-28 15:42:00.000000000,QUERY_SPREAD,98
2019-06-28 15:42:00.000000000,BEST_BID,"JPM,100143,422"
2019-06-28 15:42:00.000000000,BEST_ASK,"JPM,100588,116"
2019-06-28 15:42:00.000000000,LAST_TRADE,"5,$100588.0000"
2019-06-28 15:42:00.000000000,QUERY_SPREAD,99
2019-06-28 15:42:00.000000000,BEST_BID,"JPM,100143,422"
2019-06-28 15:42:00.000000000,BEST_ASK,"JPM,100588,112"
2019-06-28 15:42:00.000000000,LAST_TRADE,"4,$100588.0000"
2019-06-28 15:42:00.000000000,QUERY_SPREAD,100
2019-06-28 15:42:00.000000000,BEST_BID,"JPM,100143,422"
2019-06-28 15:42:00.000000000,BEST_ASK,"JPM,100588,107"
2019-06-28 15:42:00.000000000,LAST_TRADE,"5,$100588.0000"
2019-06-28 15:42:00.000000000,QUERY_SPREAD,101
2019-06-28 15:42:00.000000000,BEST_BID,"JPM,100143,421"
2019-06-28 15:42:00.000000000,BEST_ASK,"JPM,100588,107"
2019-06-28 15:42:00.000000000,LAST_TRADE,"1,$100143.0000"
2019-06-28 15:42:10.000000000,QUERY_SPREAD,1
2019-06-28 15:42:10.000000000,BEST_BID,"JPM,100143,481"
2019-06-28 15:42:10.000000000,BEST_ASK,"JPM,100610,100"
2019-06-28 15:42:10.000000000,BEST_BID,"JPM,100143,481"
2019-06-28 15:42:10.000000000,BEST_ASK,"JPM,100610,100"
2019-06-28 15:42:10.000000000,BEST_BID,"JPM,100143,481"
2019-06-28 15:42:10.000000000,BEST_ASK,"JPM,100610,286"
2019-06-28 15:42:10.000000000,BEST_BID,"JPM,100143,481"
2019-06-28 15:42:10.000000000,BEST_ASK,"JPM,100610,286"
2019-06-28 15:42:19.505561182,QUERY_SPREAD,5
2019-06-28 15:42:19.505561182,BEST_BID,"JPM,100251,100"
2019-06-28 15:42:19.505561182,BEST_ASK,"JPM,100610,286"
2019-06-28 15:42:20.000000000,QUERY_SPREAD,1
2019-06-28 15:42:20.000000000,BEST_BID,"JPM,100251,286"
2019-06-28 15:42:20.000000000,BEST_ASK,"JPM,100610,100"
2019-06-28 15:42:20.000000000,BEST_BID,"JPM,100251,286"
2019-06-28 15:42:20.000000000,BEST_ASK,"JPM,100610,100"
2019-06-28 15:42:20.000000000,BEST_BID,"JPM,100251,286"
2019-06-28 15:42:20.000000000,BEST_ASK,"JPM,100610,286"
2019-06-28 15:42:20.000000000,BEST_BID,"JPM,100251,286"
2019-06-28 15:42:20.000000000,BEST_ASK,"JPM,100610,286"
2019-06-28 15:42:22.993129839,QUERY_SPREAD,2
2019-06-28 15:42:22.993129839,BEST_BID,"JPM,100251,286"
2019-06-28 15:42:22.993129839,BEST_ASK,"JPM,100548,100"
2019-06-28 15:42:27.231728261,QUERY_SPREAD,7
2019-06-28 15:42:27.231728261,BEST_BID,"JPM,100251,286"
2019-06-28 15:42:27.231728261,BEST_ASK,"JPM,100487,100"
2019-06-28 15:42:30.000000000,QUERY_SPREAD,1
2019-06-28 15:42:30.000000000,BEST_BID,"JPM,100251,286"
2019-06-28 15:42:30.000000000,BEST_ASK,"JPM,100487,100"
2019-06-28 15:42:30.000000000,BEST_BID,"JPM,100251,286"
2019-06-28 15:42:30.000000000,BEST_ASK,"JPM,100487,100"
2019-06-28 15:42:30.000000000,BEST_BID,"JPM,100251,286"
2019-06-28 15:42:30.000000000,BEST_ASK,"JPM,100487,286"
2019-06-28 15:42:30.000000000,BEST_BID,"JPM,100251,286"
2019-06-28 15:42:30.000000000,BEST_ASK,"JPM,100487,286"
2019-06-28 15:42:40.000000000,QUERY_SPREAD,1
2019-06-28 15:42:40.000000000,BEST_BID,"JPM,100251,226"
2019-06-28 15:42:40.000000000,BEST_ASK,"JPM,100487,100"
2019-06-28 15:42:40.000000000,BEST_BID,"JPM,100251,226"
2019-06-28 15:42:40.000000000,BEST_ASK,"JPM,100487,100"
2019-06-28 15:42:40.000000000,BEST_BID,"JPM,100251,226"
2019-06-28 15:42:40.000000000,BEST_ASK,"JPM,100487,100"
2019-06-28 15:42:40.000000000,BEST_BID,"JPM,100251,226"
2019-06-28 15:42:40.000000000,BEST_ASK,"JPM,100487,226"
2019-06-28 15:42:40.000000000,BEST_BID,"JPM,100251,226"
2019-06-28 15:42:40.000000000,BEST_ASK,"JPM,100487,226"
2019-06-28 15:42:40.000000000,BEST_BID,"JPM,100251,226"
2019-06-28 15:42:40.000000000,BEST_ASK,"JPM,100487,226"
2019-06-28 15:42:45.989317160,QUERY_SPREAD,13
2019-06-28 15:42:45.989317160,BEST_BID,"JPM,100251,226"
2019-06-28 15:42:45.989317160,BEST_ASK,"JPM,100309,100"
2019-06-28 15:42:49.700172827,QUERY_SPREAD,49
2019-06-28 15:42:49.700172827,BEST_BID,"JPM,100251,126"
2019-06-28 15:42:49.700172827,BEST_ASK,"JPM,100309,100"
2019-06-28 15:42:49.700172827,LAST_TRADE,"100,$100251.0000"
2019-06-28 15:42:50.000000000,QUERY_SPREAD,1
2019-06-28 15:42:50.000000000,BEST_BID,"JPM,100143,666"
2019-06-28 15:42:50.000000000,BEST_ASK,"JPM,100309,100"
2019-06-28 15:42:50.000000000,BEST_BID,"JPM,100143,666"
2019-06-28 15:42:50.000000000,BEST_ASK,"JPM,100309,471"
2019-06-28 15:42:58.116114652,QUERY_ORDER_STREAM,76
2019-06-28 15:42:58.116114652,QUERY_SPREAD,76
2019-06-28 15:42:58.116114652,BEST_BID,"JPM,100144,100"
2019-06-28 15:42:58.116114652,BEST_ASK,"JPM,100309,471"
2019-06-28 15:42:59.302727825,QUERY_SPREAD,46
2019-06-28 15:42:59.302727825,BEST_BID,"JPM,100144,100"
2019-06-28 15:42:59.302727825,BEST_ASK,"JPM,100309,371"
2019-06-28 15:42:59.302727825,LAST_TRADE,"100,$100309.0000"
2019-06-28 15:43:00.000000000,QUERY_SPREAD,1
2019-06-28 15:43:00.000000000,BEST_BID,"JPM,100144,226"
2019-06-28 15:43:00.000000000,BEST_ASK,"JPM,100487,100"
2019-06-28 15:43:00.000000000,BEST_BID,"JPM,100144,226"
2019-06-28 15:43:00.000000000,BEST_ASK,"JPM,100487,100"
2019-06-28 15:43:00.000000000,BEST_BID,"JPM,100144,226"
2019-06-28 15:43:00.000000000,BEST_ASK,"JPM,100487,100"
2019-06-28 15:43:00.000000000,BEST_BID,"JPM,100144,226"
2019-06-28 15:43:00.000000000,BEST_ASK,"JPM,100487,226"
2019-06-28 15:43:00.000000000,BEST_BID,"JPM,100144,226"
2019-06-28 15:43:00.000000000,BEST_ASK,"JPM,100487,226"
2019-06-28 15:43:00.000000000,BEST_BID,"JPM,100144,226"
2019-06-28 15:43:00.000000000,BEST_ASK,"JPM,100487,226"
2019-06-28 15:43:00.000000000,QUERY_SPREAD,77
2019-06-28 15:43:00.000000000,BEST_BID,"JPM,100144,226"
2019-06-28 15:43:00.000000000,BEST_ASK,"JPM,100487,221"
2019-06-28 15:43:00.000000000,LAST_TRADE,"5,$100487.0000"
2019-06-28 15:43:00.000000000,QUERY_SPREAD,78
2019-06-28 15:43:00.000000000,BEST_BID,"JPM,100144,226"
2019-06-28 15:43:00.000000000,BEST_ASK,"JPM,100487,213"
2019-06-28 15:43:00.000000000,LAST_TRADE,"8,$100487.0000"
2019-06-28 15:43:00.000000000,QUERY_SPREAD,79
2019-06-28 15:43:00.000000000,BEST_BID,"JPM,100144,226"
2019-06-28 15:43:00.000000000,BEST_ASK,"JPM,100487,208"
2019-06-28 15:43:00.000000000,LAST_TRADE,"5,$100487.0000"
2019-06-28 15:43:00.000000000,QUERY_SPREAD,80
2019-06-28 15:43:00.000000000,BEST_BID,"JPM,100144,226"
2019-06-28 15:43:00.000000000,BEST_ASK,"JPM,100487,200"
2019-06-28 15:43:00.000000000,LAST_TRADE,"8,$100487.0000"
2019-06-28 15:43:00.000000000,QUERY_SPREAD,81
2019-06-28 15:43:00.000000000,BEST_BID,"JPM,100144,226"
2019-06-28 15:43:00.000000000,BEST_ASK,"JPM,100487,191"
2019-06-28 15:43:00.000000000,LAST_TRADE,"9,$100487.0000"
2019-06-28 15:43:00.000000000,QUERY_SPREAD,82
2019-06-28 15:43:00.000000000,BEST_BID,"JPM,100144,226"
2019-06-28 15:43:00.000000000,BEST_ASK,"JPM,100487,188"
2019-06-28 15:43:00.000000000,LAST_TRADE,"3,$100487.0000"
2019-06-28 15:43:00.000000000,QUERY_SPREAD,83
2019-06-28 15:43:00.000000000,BEST_BID,"JPM,100144,226"
2019-06-28 15:43:00.000000000,BEST_ASK,"JPM,100487,180"
2019-06-28 15:43:00.000000000,LAST_TRADE,"8,$100487.0000"
2019-06-28 15:43:00.000000000,QUERY_SPREAD,84
2019-06-28 15:43:00.000000000,BEST_BID,"JPM,100144,226"
2019-06-28 15:43:00.000000000,BEST_ASK,"JPM,100487,176"
2019-06-28 15:43:00.000000000,LAST_TRADE,"4,$100487.0000"
2019-06-28 15:43:00.000000000,QUERY_SPREAD,85
2019-06-28 15:43:00.000000000,BEST_BID,"JPM,100144,226"
2019-06-28 15:43:00.000000000,BEST_ASK,"JPM,100487,171"
2019-06-28 15:43:00.000000000,LAST_TRADE,"5,$100487.0000"
2019-06-28 15:43:00.000000000,QUERY_SPREAD,86
2019-06-28 15:43:00.000000000,BEST_BID,"JPM,100144,226"
2019-06-28 15:43:00.000000000,BEST_ASK,"JPM,100487,169"
2019-06-28 15:43:00.000000000,LAST_TRADE,"2,$100487.0000"
2019-06-28 15:43:00.000000000,QUERY_SPREAD,87
2019-06-28 15:43:00.000000000,BEST_BID,"JPM,100144,226"
2019-06-28 15:43:00.000000000,BEST_ASK,"JPM,100487,162"
2019-06-28 15:43:00.000000000,LAST_TRADE,"7,$100487.0000"
2019-06-28 15:43:00.000000000,QUERY_SPREAD,88
2019-06-28 15:43:00.000000000,BEST_BID,"JPM,100144,226"
2019-06-28 15:43:00.000000000,BEST_ASK,"JPM,100487,154"
2019-06-28 15:43:00.000000000,LAST_TRADE,"8,$100487.0000"
2019-06-28 15:43:00.000000000,QUERY_SPREAD,89
2019-06-28 15:43:00.000000000,BEST_BID,"JPM,100144,226"
2019-06-28 15:43:00.000000000,BEST_ASK,"JPM,100487,149"
2019-06-28 15:43:00.000000000,LAST_TRADE,"5,$100487.0000"
2019-06-28 15:43:00.000000000,QUERY_SPREAD,90
2019-06-28 15:43:00.000000000,BEST_BID,"JPM,100144,226"
2019-06-28 15:43:00.000000000,BEST_ASK,"JPM,100487,145"
2019-06-28 15:43:00.000000000,LAST_TRADE,"4,$100487.0000"
2019-06-28 15:43:00.000000000,QUERY_SPREAD,91
2019-06-28 15:43:00.000000000,BEST_BID,"JPM,100144,226"
2019-06-28 15:43:00.000000000,BEST_ASK,"JPM,100487,142"
2019-06-28 15:43:00.000000000,LAST_TRADE,"3,$100487.0000"
2019-06-28 15:43:00.000000000,QUERY_SPREAD,92
2019-06-28 15:43:00.000000000,BEST_BID,"JPM,100144,226"
2019-06-28 15:43:00.000000000,BEST_ASK,"JPM,100487,137"
2019-06-28 15:43:00.000000000,LAST_TRADE,"5,$100487.0000"
2019-06-28 15:43:00.000000000,QUERY_SPREAD,93
2019-06-28 15:43:00.000000000,BEST_BID,"JPM,100144,226"
2019-06-28 15:43:00.000000000,BEST_ASK,"JPM,100487,130"
2019-06-28 15:43:00.000000000,LAST_TRADE,"7,$100487.0000"
2019-06-28 15:43:00.000000000,QUERY_SPREAD,94
2019-06-28 15:43:00.000000000,BEST_BID,"JPM,100144,226"
2019-06-28 15:43:00.000000000,BEST_ASK,"JPM,100487,129"
2019-06-28 15:43:00.000000000,LAST_TRADE,"1,$100487.0000"
2019-06-28 15:43:00.000000000,QUERY_SPREAD,95
2019-06-28 15:43:00.000000000,BEST_BID,"JPM,100144,226"
2019-06-28 15:43:00.000000000,BEST_ASK,"JPM,100487,128"
2019-06-28 15:43:00.000000000,LAST_TRADE,"1,$100487.0000"
2019-06-28 15:43:00.000000000,QUERY_SPREAD,96
2019-06-28 15:43:00.000000000,BEST_BID,"JPM,100144,226"
2019-06-28 15:43:00.000000000,BEST_ASK,"JPM,100487,124"
2019-06-28 15:43:00.000000000,LAST_TRADE,"4,$100487.0000"
2019-06-28 15:43:00.000000000,QUERY_SPREAD,97
2019-06-28 15:43:00.000000000,BEST_BID,"JPM,100144,226"
2019-06-28 15:43:00.000000000,BEST_ASK,"JPM,100487,121"
2019-06-28 15:43:00.000000000,LAST_TRADE,"3,$100487.0000"
2019-06-28 15:43:00.000000000,QUERY_SPREAD,98
2019-06-28 15:43:00.000000000,BEST_BID,"JPM,100144,226"
2019-06-28 15:43:00.000000000,BEST_ASK,"JPM,100487,116"
2019-06-28 15:43:00.000000000,LAST_TRADE,"5,$100487.0000"
2019-06-28 15:43:00.000000000,QUERY_SPREAD,99
2019-06-28 15:43:00.000000000,BEST_BID,"JPM,100144,226"
2019-06-28 15:43:00.000000000,BEST_ASK,"JPM,100487,112"
2019-06-28 15:43:00.000000000,LAST_TRADE,"4,$100487.0000"
2019-06-28 15:43:00.000000000,QUERY_SPREAD,100
2019-06-28 15:43:00.000000000,BEST_BID,"JPM,100144,226"
2019-06-28 15:43:00.000000000,BEST_ASK,"JPM,100487,107"
2019-06-28 15:43:00.000000000,LAST_TRADE,"5,$100487.0000"
2019-06-28 15:43:00.000000000,QUERY_SPREAD,101
2019-06-28 15:43:00.000000000,BEST_BID,"JPM,100144,225"
2019-06-28 15:43:00.000000000,BEST_ASK,"JPM,100487,107"
2019-06-28 15:43:00.000000000,LAST_TRADE,"1,$100144.0000"
2019-06-28 15:43:10.000000000,QUERY_SPREAD,1
2019-06-28 15:43:10.000000000,BEST_BID,"JPM,100144,173"
2019-06-28 15:43:10.000000000,BEST_ASK,"JPM,100548,100"
2019-06-28 15:43:10.000000000,BEST_BID,"JPM,100144,173"
2019-06-28 15:43:10.000000000,BEST_ASK,"JPM,100548,100"
2019-06-28 15:43:10.000000000,BEST_BID,"JPM,100144,173"
2019-06-28 15:43:10.000000000,BEST_ASK,"JPM,100548,100"
2019-06-28 15:43:10.000000000,BEST_BID,"JPM,100144,173"
2019-06-28 15:43:10.000000000,BEST_ASK,"JPM,100548,100"
2019-06-28 15:43:10.000000000,BEST_BID,"JPM,100144,173"
2019-06-28 15:43:10.000000000,BEST_ASK,"JPM,100548,100"
2019-06-28 15:43:10.000000000,BEST_BID,"JPM,100144,173"
2019-06-28 15:43:10.000000000,BEST_ASK,"JPM,100548,174"
2019-06-28 15:43:10.000000000,BEST_BID,"JPM,100144,173"
2019-06-28 15:43:10.000000000,BEST_ASK,"JPM,100548,174"
2019-06-28 15:43:10.000000000,BEST_BID,"JPM,100144,173"
2019-06-28 15:43:10.000000000,BEST_ASK,"JPM,100548,174"
2019-06-28 15:43:10.000000000,BEST_BID,"JPM,100144,173"
2019-06-28 15:43:10.000000000,BEST_ASK,"JPM,100548,174"
2019-06-28 15:43:10.000000000,BEST_BID,"JPM,100144,173"
2019-06-28 15:43:10.000000000,BEST_ASK,"JPM,100548,174"
2019-06-28 15:43:20.000000000,QUERY_SPREAD,1
2019-06-28 15:43:20.000000000,BEST_BID,"JPM,100144,470"
2019-06-28 15:43:20.000000000,BEST_ASK,"JPM,100548,100"
2019-06-28 15:43:20.000000000,BEST_BID,"JPM,100144,470"
2019-06-28 15:43:20.000000000,BEST_ASK,"JPM,100548,471"
2019-06-28 15:43:30.000000000,QUERY_SPREAD,1
2019-06-28 15:43:30.000000000,BEST_BID,"JPM,100144,173"
2019-06-28 15:43:30.000000000,BEST_ASK,"JPM,100548,100"
2019-06-28 15:43:30.000000000,BEST_BID,"JPM,100144,173"
2019-06-28 15:43:30.000000000,BEST_ASK,"JPM,100548,100"
2019-06-28 15:43:30.000000000,BEST_BID,"JPM,100144,173"
2019-06-28 15:43:30.000000000,BEST_ASK,"JPM,100548,100"
2019-06-28 15:43:30.000000000,BEST_BID,"JPM,100144,173"
2019-06-28 15:43:30.000000000,BEST_ASK,"JPM,100548,100"
2019-06-28 15:43:30.000000000,BEST_BID,"JPM,100144,173"
2019-06-28 15:43:30.000000000,BEST_ASK,"JPM,100548,100"
2019-06-28 15:43:30.000000000,BEST_BID,"JPM,100144,173"
2019-06-28 15:43:30.000000000,BEST_ASK,"JPM,100548,174"
2019-06-28 15:43:30.000000000,BEST_BID,"JPM,100144,173"
2019-06-28 15:43:30.000000000,BEST_ASK,"JPM,100548,174"
2019-06-28 15:43:30.000000000,BEST_BID,"JPM,100144,173"
2019-06-28 15:43:30.000000000,BEST_ASK,"JPM,100548,174"
2019-06-28 15:43:30.000000000,BEST_BID,"JPM,100144,173"
2019-06-28 15:43:30.000000000,BEST_ASK,"JPM,100548,174"
2019-06-28 15:43:30.000000000,BEST_BID,"JPM,100144,173"
2019-06-28 15:43:30.000000000,BEST_ASK,"JPM,100548,174"
2019-06-28 15:43:39.465994254,QUERY_SPREAD,24
2019-06-28 15:43:39.465994254,BEST_BID,"JPM,100144,73"
2019-06-28 15:43:39.465994254,BEST_ASK,"JPM,100548,174"
2019-06-28 15:43:39.465994254,LAST_TRADE,"100,$100144.0000"
2019-06-28 15:43:40.000000000,QUERY_SPREAD,1
2019-06-28 15:43:40.000000000,BEST_BID,"JPM,100143,421"
2019-06-28 15:43:40.000000000,BEST_ASK,"JPM,100548,100"
2019-06-28 15:43:40.000000000,BEST_BID,"JPM,100143,421"
2019-06-28 15:43:40.000000000,BEST_ASK,"JPM,100548,100"
2019-06-28 15:43:40.000000000,BEST_BID,"JPM,100143,421"
2019-06-28 15:43:40.000000000,BEST_ASK,"JPM,100548,100"
2019-06-28 15:43:40.000000000,BEST_BID,"JPM,100143,421"
2019-06-28 15:43:40.000000000,BEST_ASK,"JPM,100548,226"
2019-06-28 15:43:40.000000000,BEST_BID,"JPM,100143,421"
2019-06-28 15:43:40.000000000,BEST_ASK,"JPM,100548,226"
2019-06-28 15:43:40.000000000,BEST_BID,"JPM,100143,421"
2019-06-28 15:43:40.000000000,BEST_ASK,"JPM,100548,226"
2019-06-28 15:43:46.309029873,QUERY_SPREAD,40
2019-06-28 15:43:46.309029873,BEST_BID,"JPM,100143,421"
2019-06-28 15:43:46.309029873,BEST_ASK,"JPM,100548,226"
2019-06-28 15:43:50.000000000,QUERY_SPREAD,1
2019-06-28 15:43:50.000000000,BEST_BID,"JPM,100143,666"
2019-06-28 15:43:50.000000000,BEST_ASK,"JPM,100548,100"
2019-06-28 15:43:50.000000000,BEST_BID,"JPM,100143,666"
2019-06-28 15:43:50.000000000,BEST_ASK,"JPM,100548,471"
2019-06-28 15:44:00.000000000,QUERY_SPREAD,1
2019-06-28 15:44:00.000000000,BEST_BID,"JPM,100143,421"
2019-06-28 15:44:00.000000000,BEST_ASK,"JPM,100548,100"
2019-06-28 15:44:00.000000000,BEST_BID,"JPM,100143,421"
2019-06-28 15:44:00.000000000,BEST_ASK,"JPM,100548,100"
2019-06-28 15:44:00.000000000,BEST_BID,"JPM,100143,421"
2019-06-28 15:44:00.000000000,BEST_ASK,"JPM,100548,100"
2019-06-28 15:44:00.000000000,BEST_BID,"JPM,100143,421"
2019-06-28 15:44:00.000000000,BEST_ASK,"JPM,100548,226"
2019-06-28 15:44:00.000000000,BEST_BID,"JPM,100143,421"
2019-06-28 15:44:00.000000000,BEST_ASK,"JPM,100548,226"
2019-06-28 15:44:00.000000000,BEST_BID,"JPM,100143,421"
2019-06-28 15:44:00.000000000,BEST_ASK,"JPM,100548,226"
2019-06-28 15:44:00.000000000,QUERY_SPREAD,77
2019-06-28 15:44:00.000000000,BEST_BID,"JPM,100143,421"
2019-06-28 15:44:00.000000000,BEST_ASK,"JPM,100548,221"
2019-06-28 15:44:00.000000000,LAST_TRADE,"5,$100548.0000"
2019-06-28 15:44:00.000000000,QUERY_SPREAD,78
2019-06-28 15:44:00.000000000,BEST_BID,"JPM,100143,421"
2019-06-28 15:44:00.000000000,BEST_ASK,"JPM,100548,213"
2019-06-28 15:44:00.000000000,LAST_TRADE,"8,$100548.0000"
2019-06-28 15:44:00.000000000,QUERY_SPREAD,79
2019-06-28 15:44:00.000000000,BEST_BID,"JPM,100143,421"
2019-06-28 15:44:00.000000000,BEST_ASK,"JPM,100548,208"
2019-06-28 15:44:00.000000000,LAST_TRADE,"5,$100548.0000"
2019-06-28 15:44:00.000000000,QUERY_SPREAD,80
2019-06-28 15:44:00.000000000,BEST_BID,"JPM,100143,421"
2019-06-28 15:44:00.000000000,BEST_ASK,"JPM,100548,200"
2019-06-28 15:44:00.000000000,LAST_TRADE,"8,$100548.0000"
2019-06-28 15:44:00.000000000,QUERY_SPREAD,81
2019-06-28 15:44:00.000000000,BEST_BID,"JPM,100143,421"
2019-06-28 15:44:00.000000000,BEST_ASK,"JPM,100548,191"
2019-06-28 15:44:00.000000000,LAST_TRADE,"9,$100548.0000"
2019-06-28 15:44:00.000000000,QUERY_SPREAD,82
2019-06-28 15:44:00.000000000,BEST_BID,"JPM,100143,421"
2019-06-28 15:44:00.000000000,BEST_ASK,"JPM,100548,188"
2019-06-28 15:44:00.000000000,LAST_TRADE,"3,$100548.0000"
2019-06-28 15:44:00.000000000,QUERY_SPREAD,83
2019-06-28 15:44:00.000000000,BEST_BID,"JPM,100143,421"
2019-06-28 15:44:00.000000000,BEST_ASK,"JPM,100548,180"
2019-06-28 15:44:00.000000000,LAST_TRADE,"8,$100548.0000"
2019-06-28 15:44:00.000000000,QUERY_SPREAD,84
2019-06-28 15:44:00.000000000,BEST_BID,"JPM,100143,421"
2019-06-28 15:44:00.000000000,BEST_ASK,"JPM,100548,176"
2019-06-28 15:44:00.000000000,LAST_TRADE,"4,$100548.0000"
2019-06-28 15:44:00.000000000,QUERY_SPREAD,85
2019-06-28 15:44:00.000000000,BEST_BID,"JPM,100143,421"
2019-06-28 15:44:00.000000000,BEST_ASK,"JPM,100548,171"
2019-06-28 15:44:00.000000000,LAST_TRADE,"5,$100548.0000"
2019-06-28 15:44:00.000000000,QUERY_SPREAD,86
2019-06-28 15:44:00.000000000,BEST_BID,"JPM,100143,421"
2019-06-28 15:44:00.000000000,BEST_ASK,"JPM,100548,169"
2019-06-28 15:44:00.000000000,LAST_TRADE,"2,$100548.0000"
2019-06-28 15:44:00.000000000,QUERY_SPREAD,87
2019-06-28 15:44:00.000000000,BEST_BID,"JPM,100143,421"
2019-06-28 15:44:00.000000000,BEST_ASK,"JPM,100548,162"
2019-06-28 15:44:00.000000000,LAST_TRADE,"7,$100548.0000"
2019-06-28 15:44:00.000000000,QUERY_SPREAD,88
2019-06-28 15:44:00.000000000,BEST_BID,"JPM,100143,421"
2019-06-28 15:44:00.000000000,BEST_ASK,"JPM,100548,154"
2019-06-28 15:44:00.000000000,LAST_TRADE,"8,$100548.0000"
2019-06-28 15:44:00.000000000,QUERY_SPREAD,89
2019-06-28 15:44:00.000000000,BEST_BID,"JPM,100143,421"
2019-06-28 15:44:00.000000000,BEST_ASK,"JPM,100548,149"
2019-06-28 15:44:00.000000000,LAST_TRADE,"5,$100548.0000"
2019-06-28 15:44:00.000000000,QUERY_SPREAD,90
2019-06-28 15:44:00.000000000,BEST_BID,"JPM,100143,421"
2019-06-28 15:44:00.000000000,BEST_ASK,"JPM,100548,145"
2019-06-28 15:44:00.000000000,LAST_TRADE,"4,$100548.0000"
2019-06-28 15:44:00.000000000,QUERY_SPREAD,91
2019-06-28 15:44:00.000000000,BEST_BID,"JPM,100143,421"
2019-06-28 15:44:00.000000000,BEST_ASK,"JPM,100548,142"
2019-06-28 15:44:00.000000000,LAST_TRADE,"3,$100548.0000"
2019-06-28 15:44:00.000000000,QUERY_SPREAD,92
2019-06-28 15:44:00.000000000,BEST_BID,"JPM,100143,421"
2019-06-28 15:44:00.000000000,BEST_ASK,"JPM,100548,137"
2019-06-28 15:44:00.000000000,LAST_TRADE,"5,$100548.0000"
2019-06-28 15:44:00.000000000,QUERY_SPREAD,93
2019-06-28 15:44:00.000000000,BEST_BID,"JPM,100143,421"
2019-06-28 15:44:00.000000000,BEST_ASK,"JPM,100548,130"
2019-06-28 15:44:00.000000000,LAST_TRADE,"7,$100548.0000"
2019-06-28 15:44:00.000000000,QUERY_SPREAD,94
2019-06-28 15:44:00.000000000,BEST_BID,"JPM,100143,421"
2019-06-28 15:44:00.000000000,BEST_ASK,"JPM,100548,129"
2019-06-28 15:44:00.000000000,LAST_TRADE,"1,$100548.0000"
2019-06-28 15:44:00.000000000,QUERY_SPREAD,95
2019-06-28 15:44:00.000000000,BEST_BID,"JPM,100143,421"
2019-06-28 15:44:00.000000000,BEST_ASK,"JPM,100548,128"
2019-06-28 15:44:00.000000000,LAST_TRADE,"1,$100548.0000"
2019-06-28 15:44:00.000000000,QUERY_SPREAD,96
2019-06-28 15:44:00.000000000,BEST_BID,"JPM,100143,421"
2019-06-28 15:44:00.000000000,BEST_ASK,"JPM,100548,124"
2019-06-28 15:44:00.000000000,LAST_TRADE,"4,$100548.0000"
2019-06-28 15:44:00.000000000,QUERY_SPREAD,97
2019-06-28 15:44:00.000000000,BEST_BID,"JPM,100143,421"
2019-06-28 15:44:00.000000000,BEST_ASK,"JPM,100548,121"
2019-06-28 15:44:00.000000000,LAST_TRADE,"3,$100548.0000"
2019-06-28 15:44:00.000000000,QUERY_SPREAD,98
2019-06-28 15:44:00.000000000,BEST_BID,"JPM,100143,421"
2019-06-28 15:44:00.000000000,BEST_ASK,"JPM,100548,116"
2019-06-28 15:44:00.000000000,LAST_TRADE,"5,$100548.0000"
2019-06-28 15:44:00.000000000,QUERY_SPREAD,99
2019-06-28 15:44:00.000000000,BEST_BID,"JPM,100143,421"
2019-06-28 15:44:00.000000000,BEST_ASK,"JPM,100548,112"
2019-06-28 15:44:00.000000000,LAST_TRADE,"4,$100548.0000"
2019-06-28 15:44:00.000000000,QUERY_SPREAD,100
2019-06-28 15:44:00.000000000,BEST_BID,"JPM,100143,421"
2019-06-28 15:44:00.000000000,BEST_ASK,"JPM,100548,107"
2019-06-28 15:44:00.000000000,LAST_TRADE,"5,$100548.0000"
2019-06-28 15:44:00.000000000,QUERY_SPREAD,101
2019-06-28 15:44:00.000000000,BEST_BID,"JPM,100143,420"
2019-06-28 15:44:00.000000000,BEST_ASK,"JPM,100548,107"
2019-06-28 15:44:00.000000000,LAST_TRADE,"1,$100143.0000"
2019-06-28 15:44:10.000000000,QUERY_SPREAD,1
2019-06-28 15:44:10.000000000,BEST_BID,"JPM,100143,368"
2019-06-28 15:44:10.000000000,BEST_ASK,"JPM,100625,100"
2019-06-28 15:44:10.000000000,BEST_BID,"JPM,100143,368"
2019-06-28 15:44:10.000000000,BEST_ASK,"JPM,100625,100"
2019-06-28 15:44:10.000000000,BEST_BID,"JPM,100143,368"
2019-06-28 15:44:10.000000000,BEST_ASK,"JPM,100625,100"
2019-06-28 15:44:10.000000000,BEST_BID,"JPM,100143,368"
2019-06-28 15:44:10.000000000,BEST_ASK,"JPM,100625,100"
2019-06-28 15:44:10.000000000,BEST_BID,"JPM,100143,368"
2019-06-28 15:44:10.000000000,BEST_ASK,"JPM,100625,100"
2019-06-28 15:44:10.000000000,BEST_BID,"JPM,100143,368"
2019-06-28 15:44:10.000000000,BEST_ASK,"JPM,100625,174"
2019-06-28 15:44:10.000000000,BEST_BID,"JPM,100143,368"
2019-06-28 15:44:10.000000000,BEST_ASK,"JPM,100625,174"
2019-06-28 15:44:10.000000000,BEST_BID,"JPM,100143,368"
2019-06-28 15:44:10.000000000,BEST_ASK,"JPM,100625,174"
2019-06-28 15:44:10.000000000,BEST_BID,"JPM,100143,368"
2019-06-28 15:44:10.000000000,BEST_ASK,"JPM,100625,174"
2019-06-28 15:44:10.000000000,BEST_BID,"JPM,100143,368"
2019-06-28 15:44:10.000000000,BEST_ASK,"JPM,100625,174"
2019-06-28 15:44:20.000000000,QUERY_SPREAD,1
2019-06-28 15:44:20.000000000,BEST_BID,"JPM,100143,387"
2019-06-28 15:44:20.000000000,BEST_ASK,"JPM,100625,100"
2019-06-28 15:44:20.000000000,BEST_BID,"JPM,100143,387"
2019-06-28 15:44:20.000000000,BEST_ASK,"JPM,100625,100"
2019-06-28 15:44:20.000000000,BEST_BID,"JPM,100143,387"
2019-06-28 15:44:20.000000000,BEST_ASK,"JPM,100625,100"
2019-06-28 15:44:20.000000000,BEST_BID,"JPM,100143,387"
2019-06-28 15:44:20.000000000,BEST_ASK,"JPM,100625,100"
2019-06-28 15:44:20.000000000,BEST_BID,"JPM,100143,387"
2019-06-28 15:44:20.000000000,BEST_ASK,"JPM,100625,193"
2019-06-28 15:44:20.000000000,BEST_BID,"JPM,100143,387"
2019-06-28 15:44:20.000000000,BEST_ASK,"JPM,100625,193"
2019-06-28 15:44:20.000000000,BEST_BID,"JPM,100143,387"
2019-06-28 15:44:20.000000000,BEST_ASK,"JPM,100625,193"
2019-06-28 15:44:20.000000000,BEST_BID,"JPM,100143,387"
2019-06-28 15:44:20.000000000,BEST_ASK,"JPM,100625,193"
2019-06-28 15:44:25.230711723,QUERY_SPREAD,12
2019-06-28 15:44:25.230711723,BEST_BID,"JPM,100143,387"
2019-06-28 15:44:25.230711723,BEST_ASK,"JPM,100625,193"
2019-06-28 15:44:30.000000000,QUERY_SPREAD,1
2019-06-28 15:44:30.000000000,BEST_BID,"JPM,100143,420"
2019-06-28 15:44:30.000000000,BEST_ASK,"JPM,100625,100"
2019-06-28 15:44:30.000000000,BEST_BID,"JPM,100143,420"
2019-06-28 15:44:30.000000000,BEST_ASK,"JPM,100625,100"
2019-06-28 15:44:30.000000000,BEST_BID,"JPM,100143,420"
2019-06-28 15:44:30.000000000,BEST_ASK,"JPM,100625,100"
2019-06-28 15:44:30.000000000,BEST_BID,"JPM,100143,420"
2019-06-28 15:44:30.000000000,BEST_ASK,"JPM,100625,226"
2019-06-28 15:44:30.000000000,BEST_BID,"JPM,100143,420"
2019-06-28 15:44:30.000000000,BEST_ASK,"JPM,100625,226"
2019-06-28 15:44:30.000000000,BEST_BID,"JPM,100143,420"
2019-06-28 15:44:30.000000000,BEST_ASK,"JPM,100625,226"
2019-06-28 15:44:31.943926129,QUERY_SPREAD,24
2019-06-28 15:44:31.943926129,BEST_BID,"JPM,100143,420"
2019-06-28 15:44:31.943926129,BEST_ASK,"JPM,100625,226"
2019-06-28 15:44:40.000000000,QUERY_SPREAD,1
2019-06-28 15:44:40.000000000,BEST_BID,"JPM,100143,665"
2019-06-28 15:44:40.000000000,BEST_ASK,"JPM,100625,100"
2019-06-28 15:44:40.000000000,BEST_BID,"JPM,100143,665"
2019-06-28 15:44:40.000000000,BEST_ASK,"JPM,100625,471"
2019-06-28 15:44:40.848711810,QUERY_SPREAD,20
2019-06-28 15:44:40.848711810,BEST_BID,"JPM,100143,665"
2019-06-28 15:44:40.848711810,BEST_ASK,"JPM,100625,471"
2019-06-28 15:44:42.999574129,QUERY_SPREAD,10
2019-06-28 15:44:42.999574129,BEST_BID,"JPM,100143,665"
2019-06-28 15:44:42.999574129,BEST_ASK,"JPM,100625,471"
2019-06-28 15:44:45.176253293,QUERY_SPREAD,3
2019-06-28 15:44:45.176253293,BEST_BID,"JPM,100143,565"
2019-06-28 15:44:45.176253293,BEST_ASK,"JPM,100625,471"
2019-06-28 15:44:45.176253293,LAST_TRADE,"100,$100143.0000"
2019-06-28 15:44:45.803037979,QUERY_SPREAD,46
2019-06-28 15:44:45.803037979,BEST_BID,"JPM,100143,465"
2019-06-28 15:44:45.803037979,BEST_ASK,"JPM,100625,471"
2019-06-28 15:44:45.803037979,LAST_TRADE,"100,$100143.0000"
2019-06-28 15:44:50.000000000,QUERY_SPREAD,1
2019-06-28 15:44:50.000000000,BEST_BID,"JPM,100143,280"
2019-06-28 15:44:50.000000000,BEST_ASK,"JPM,100625,100"
2019-06-28 15:44:50.000000000,BEST_BID,"JPM,100143,280"
2019-06-28 15:44:50.000000000,BEST_ASK,"JPM,100625,100"
2019-06-28 15:44:50.000000000,BEST_BID,"JPM,100143,280"
2019-06-28 15:44:50.000000000,BEST_ASK,"JPM,100625,286"
2019-06-28 15:44:50.000000000,BEST_BID,"JPM,100143,280"
2019-06-28 15:44:50.000000000,BEST_ASK,"JPM,100625,286"
2019-06-28 15:45:00.000000000,QUERY_SPREAD,1
2019-06-28 15:45:00.000000000,BEST_BID,"JPM,100143,168"
2019-06-28 15:45:00.000000000,BEST_ASK,"JPM,100625,100"
2019-06-28 15:45:00.000000000,BEST_BID,"JPM,100143,168"
2019-06-28 15:45:00.000000000,BEST_ASK,"JPM,100625,100"
2019-06-28 15:45:00.000000000,BEST_BID,"JPM,100143,168"
2019-06-28 15:45:00.000000000,BEST_ASK,"JPM,100625,100"
2019-06-28 15:45:00.000000000,BEST_BID,"JPM,100143,168"
2019-06-28 15:45:00.000000000,BEST_ASK,"JPM,100625,100"
2019-06-28 15:45:00.000000000,BEST_BID,"JPM,100143,168"
2019-06-28 15:45:00.000000000,BEST_ASK,"JPM,100625,100"
2019-06-28 15:45:00.000000000,BEST_BID,"JPM,100143,168"
2019-06-28 15:45:00.000000000,BEST_ASK,"JPM,100625,174"
2019-06-28 15:45:00.000000000,BEST_BID,"JPM,100143,168"
2019-06-28 15:45:00.000000000,BEST_ASK,"JPM,100625,174"
2019-06-28 15:45:00.000000000,BEST_BID,"JPM,100143,168"
2019-06-28 15:45:00.000000000,BEST_ASK,"JPM,100625,174"
2019-06-28 15:45:00.000000000,BEST_BID,"JPM,100143,168"
2019-06-28 15:45:00.000000000,BEST_ASK,"JPM,100625,174"
2019-06-28 15:45:00.000000000,BEST_BID,"JPM,100143,168"
2019-06-28 15:45:00.000000000,BEST_ASK,"JPM,100625,174"
2019-06-28 15:45:00.000000000,QUERY_SPREAD,77
2019-06-28 15:45:00.000000000,BEST_BID,"JPM,100143,168"
2019-06-28 15:45:00.000000000,BEST_ASK,"JPM,100625,169"
2019-06-28 15:45:00.000000000,LAST_TRADE,"5,$100625.0000"
2019-06-28 15:45:00.000000000,QUERY_SPREAD,78
2019-06-28 15:45:00.000000000,BEST_BID,"JPM,100143,168"
2019-06-28 15:45:00.000000000,BEST_ASK,"JPM,100625,161"
2019-06-28 15:45:00.000000000,LAST_TRADE,"8,$100625.0000"
2019-06-28 15:45:00.000000000,QUERY_SPREAD,79
2019-06-28 15:45:00.000000000,BEST_BID,"JPM,100143,168"
2019-06-28 15:45:00.000000000,BEST_ASK,"JPM,100625,156"
2019-06-28 15:45:00.000000000,LAST_TRADE,"5,$100625.0000"
2019-06-28 15:45:00.000000000,QUERY_SPREAD,80
2019-06-28 15:45:00.000000000,BEST_BID,"JPM,100143,168"
2019-06-28 15:45:00.000000000,BEST_ASK,"JPM,100625,148"
2019-06-28 15:45:00.000000000,LAST_TRADE,"8,$100625.0000"
2019-06-28 15:45:00.000000000,QUERY_SPREAD,81
2019-06-28 15:45:00.000000000,BEST_BID,"JPM,100143,168"
2019-06-28 15:45:00.000000000,BEST_ASK,"JPM,100625,139"
2019-06-28 15:45:00.000000000,LAST_TRADE,"9,$100625.0000"
2019-06-28 15:45:00.000000000,QUERY_SPREAD,82
2019-06-28 15:45:00.000000000,BEST_BID,"JPM,100143,168"
2019-06-28 15:45:00.000000000,BEST_ASK,"JPM,100625,136"
2019-06-28 15:45:00.000000000,LAST_TRADE,"3,$100625.0000"
2019-06-28 15:45:00.000000000,QUERY_SPREAD,83
2019-06-28 15:45:00.000000000,BEST_BID,"JPM,100143,168"
2019-06-28 15:45:00.000000000,BEST_ASK,"JPM,100625,128"
2019-06-28 15:45:00.000000000,LAST_TRADE,"8,$100625.0000"
2019-06-28 15:45:00.000000000,QUERY_SPREAD,84
2019-06-28 15:45:00.000000000,BEST_BID,"JPM,100143,168"
2019-06-28 15:45:00.000000000,BEST_ASK,"JPM,100625,124"
2019-06-28 15:45:00.000000000,LAST_TRADE,"4,$100625.0000"
2019-06-28 15:45:00.000000000,QUERY_SPREAD,85
2019-06-28 15:45:00.000000000,BEST_BID,"JPM,100143,168"
2019-06-28 15:45:00.000000000,BEST_ASK,"JPM,100625,119"
2019-06-28 15:45:00.000000000,LAST_TRADE,"5,$100625.0000"
2019-06-28 15:45:00.000000000,QUERY_SPREAD,86
2019-06-28 15:45:00.000000000,BEST_BID,"JPM,100143,168"
2019-06-28 15:45:00.000000000,BEST_ASK,"JPM,100625,117"
2019-06-28 15:45:00.000000000,LAST_TRADE,"2,$100625.0000"
2019-06-28 15:45:00.000000000,QUERY_SPREAD,87
2019-06-28 15:45:00.000000000,BEST_BID,"JPM,100143,168"
2019-06-28 15:45:00.000000000,BEST_ASK,"JPM,100625,110"
2019-06-28 15:45:00.000000000,LAST_TRADE,"7,$100625.0000"
2019-06-28 15:45:00.000000000,QUERY_SPREAD,88
2019-06-28 15:45:00.000000000,BEST_BID,"JPM,100143,168"
2019-06-28 15:45:00.000000000,BEST_ASK,"JPM,100625,102"
2019-06-28 15:45:00.000000000,LAST_TRADE,"8,$100625.0000"
2019-06-28 15:45:00.000000000,QUERY_SPREAD,89
2019-06-28 15:45:00.000000000,BEST_BID,"JPM,100143,168"
2019-06-28 15:45:00.000000000,BEST_ASK,"JPM,100625,97"
2019-06-28 15:45:00.000000000,LAST_TRADE,"5,$100625.0000"
2019-06-28 15:45:00.000000000,QUERY_SPREAD,90
2019-06-28 15:45:00.000000000,BEST_BID,"JPM,100143,168"
2019-06-28 15:45:00.000000000,BEST_ASK,"JPM,100625,93"
2019-06-28 15:45:00.000000000,LAST_TRADE,"4,$100625.0000"
2019-06-28 15:45:00.000000000,QUERY_SPREAD,91
2019-06-28 15:45:00.000000000,BEST_BID,"JPM,100143,168"
2019-06-28 15:45:00.000000000,BEST_ASK,"JPM,100625,90"
2019-06-28 15:45:00.000000000,LAST_TRADE,"3,$100625.0000"
2019-06-28 15:45:00.000000000,QUERY_SPREAD,92
2019-06-28 15:45:00.000000000,BEST_BID,"JPM,100143,168"
2019-06-28 15:45:00.000000000,BEST_ASK,"JPM,100625,85"
2019-06-28 15:45:00.000000000,LAST_TRADE,"5,$100625.0000"
2019-06-28 15:45:00.000000000,QUERY_SPREAD,93
2019-06-28 15:45:00.000000000,BEST_BID,"JPM,100143,168"
2019-06-28 15:45:00.000000000,BEST_ASK,"JPM,100625,78"
2019-06-28 15:45:00.000000000,LAST_TRADE,"7,$100625.0000"
2019-06-28 15:45:00.000000000,QUERY_SPREAD,94
2019-06-28 15:45:00.000000000,BEST_BID,"JPM,100143,168"
2019-06-28 15:45:00.000000000,BEST_ASK,"JPM,100625,77"
2019-06-28 15:45:00.000000000,LAST_TRADE,"1,$100625.0000"
2019-06-28 15:45:00.000000000,QUERY_SPREAD,95
2019-06-28 15:45:00.000000000,BEST_BID,"JPM,100143,168"
2019-06-28 15:45:00.000000000,BEST_ASK,"JPM,100625,76"
2019-06-28 15:45:00.000000000,LAST_TRADE,"1,$100625.0000"
2019-06-28 15:45:00.000000000,QUERY_SPREAD,96
2019-06-28 15:45:00.000000000,BEST_BID,"JPM,100143,168"
2019-06-28 15:45:00.000000000,BEST_ASK,"JPM,100625,72"
2019-06-28 15:45:00.000000000,LAST_TRADE,"4,$100625.0000"
2019-06-28 15:45:00.000000000,QUERY_SPREAD,97
2019-06-28 15:45:00.000000000,BEST_BID,"JPM,100143,168"
2019-06-28 15:45:00.000000000,BEST_ASK,"JPM,100625,69"
2019-06-28 15:45:00.000000000,LAST_TRADE,"3,$100625.0000"
2019-06-28 15:45:00.000000000,QUERY_SPREAD,98
2019-06-28 15:45:00.000000000,BEST_BID,"JPM,100143,168"
2019-06-28 15:45:00.000000000,BEST_ASK,"JPM,100625,64"
2019-06-28 15:45:00.000000000,LAST_TRADE,"5,$100625.0000"
2019-06-28 15:45:00.000000000,QUERY_SPREAD,99
2019-06-28 15:45:00.000000000,BEST_BID,"JPM,100143,168"
2019-06-28 15:45:00.000000000,BEST_ASK,"JPM,100625,60"
2019-06-28 15:45:00.000000000,LAST_TRADE,"4,$100625.0000"
2019-06-28 15:45:00.000000000,QUERY_SPREAD,100
2019-06-28 15:45:00.000000000,BEST_BID,"JPM,100143,168"
2019-06-28 15:45:00.000000000,BEST_ASK,"JPM,100625,55"
2019-06-28 15:45:00.000000000,LAST_TRADE,"5,$100625.0000"
2019-06-28 15:45:00.000000000,QUERY_SPREAD,101
2019-06-28 15:45:00.000000000,BEST_BID,"JPM,100143,167"
2019-06-28 15:45:00.000000000,BEST_ASK,"JPM,100625,55"
2019-06-28 15:45:00.000000000,LAST_TRADE,"1,$100143.0000"
2019-06-28 15:45:08.211396082,QUERY_SPREAD,39
2019-06-28 15:45:08.211396082,BEST_BID,"JPM,100143,167"
2019-06-28 15:45:08.211396082,BEST_ASK,"JPM,100625,55"
2019-06-28 15:45:09.664203856,QUERY_ORDER_STREAM,61
2019-06-28 15:45:09.664203856,QUERY_SPREAD,61
2019-06-28 15:45:10.000000000,QUERY_SPREAD,1
2019-06-28 15:45:10.000000000,BEST_BID,"JPM,100143,279"
2019-06-28 15:45:10.000000000,BEST_ASK,"JPM,100709,100"
2019-06-28 15:45:10.000000000,BEST_BID,"JPM,100143,279"
2019-06-28 15:45:10.000000000,BEST_ASK,"JPM,100709,100"
2019-06-28 15:45:10.000000000,BEST_BID,"JPM,100143,279"
2019-06-28 15:45:10.000000000,BEST_ASK,"JPM,100709,286"
2019-06-28 15:45:10.000000000,BEST_BID,"JPM,100143,279"
2019-06-28 15:45:10.000000000,BEST_ASK,"JPM,100709,286"
2019-06-28 15:45:20.000000000,QUERY_SPREAD,1
2019-06-28 15:45:20.000000000,BEST_BID,"JPM,100143,219"
2019-06-28 15:45:20.000000000,BEST_ASK,"JPM,100709,100"
2019-06-28 15:45:20.000000000,BEST_BID,"JPM,100143,219"
2019-06-28 15:45:20.000000000,BEST_ASK,"JPM,100709,100"
2019-06-28 15:45:20.000000000,BEST_BID,"JPM,100143,219"
2019-06-28 15:45:20.000000000,BEST_ASK,"JPM,100709,100"
2019-06-28 15:45:20.000000000,BEST_BID,"JPM,100143,219"
2019-06-28 15:45:20.000000000,BEST_ASK,"JPM,100709,226"
2019-06-28 15:45:20.000000000,BEST_BID,"JPM,100143,219"
2019-06-28 15:45:20.000000000,BEST_ASK,"JPM,100709,226"
2019-06-28 15:45:20.000000000,BEST_BID,"JPM,100143,219"
2019-06-28 15:45:20.000000000,BEST_ASK,"JPM,100709,226"
2019-06-28 15:45:22.211321600,QUERY_SPREAD,51
2019-06-28 15:45:22.211321600,BEST_BID,"JPM,100143,219"
2019-06-28 15:45:22.211321600,BEST_ASK,"JPM,100709,226"
2019-06-28 15:45:30.000000000,QUERY_SPREAD,1
2019-06-28 15:45:30.000000000,BEST_BID,"JPM,100143,167"
2019-06-28 15:45:30.000000000,BEST_ASK,"JPM,100709,100"
2019-06-28 15:45:30.000000000,BEST_BID,"JPM,100143,167"
2019-06-28 15:45:30.000000000,BEST_ASK,"JPM,100709,100"
2019-06-28 15:45:30.000000000,BEST_BID,"JPM,100143,167"
2019-06-28 15:45:30.000000000,BEST_ASK,"JPM,100709,100"
2019-06-28 15:45:30.000000000,BEST_BID,"JPM,100143,167"
2019-06-28 15:45:30.000000000,BEST_ASK,"JPM,100709,100"
2019-06-28 15:45:30.000000000,BEST_BID,"JPM,100143,167"
2019-06-28 15:45:30.000000000,BEST_ASK,"JPM,100709,100"
2019-06-28 15:45:30.000000000,BEST_BID,"JPM,100143,167"
2019-06-28 15:45:30.000000000,BEST_ASK,"JPM,100709,174"
2019-06-28 15:45:30.000000000,BEST_BID,"JPM,100143,167"
2019-06-28 15:45:30.000000000,BEST_ASK,"JPM,100709,174"
2019-06-28 15:45:30.000000000,BEST_BID,"JPM,100143,167"
2019-06-28 15:45:30.000000000,BEST_ASK,"JPM,100709,174"
2019-06-28 15:45:30.000000000,BEST_BID,"JPM,100143,167"
2019-06-28 15:45:30.000000000,BEST_ASK,"JPM,100709,174"
2019-06-28 15:45:30.000000000,BEST_BID,"JPM,100143,167"
2019-06-28 15:45:30.000000000,BEST_ASK,"JPM,100709,174"
2019-06-28 15:45:32.738736905,QUERY_SPREAD,8
2019-06-28 15:45:32.738736905,BEST_BID,"JPM,100143,167"
2019-06-28 15:45:32.738736905,BEST_ASK,"JPM,100709,174"
2019-06-28 15:45:40.000000000,QUERY_SPREAD,1
2019-06-28 15:45:40.000000000,BEST_BID,"JPM,100143,279"
2019-06-28 15:45:40.000000000,BEST_ASK,"JPM,100709,100"
2019-06-28 15:45:40.000000000,BEST_BID,"JPM,100143,279"
2019-06-28 15:45:40.000000000,BEST_ASK,"JPM,100709,100"
2019-06-28 15:45:40.000000000,BEST_BID,"JPM,100143,279"
2019-06-28 15:45:40.000000000,BEST_ASK,"JPM,100709,286"
2019-06-28 15:45:40.000000000,BEST_BID,"JPM,100143,279"
2019-06-28 15:45:40.000000000,BEST_ASK,"JPM,100709,286"
2019-06-28 15:45:50.000000000,QUERY_SPREAD,1
2019-06-28 15:45:50.000000000,BEST_BID,"JPM,100143,186"
2019-06-28 15:45:50.000000000,BEST_ASK,"JPM,100709,100"
2019-06-28 15:45:50.000000000,BEST_BID,"JPM,100143,186"
2019-06-28 15:45:50.000000000,BEST_ASK,"JPM,100709,100"
2019-06-28 15:45:50.000000000,BEST_BID,"JPM,100143,186"
2019-06-28 15:45:50.000000000,BEST_ASK,"JPM,100709,100"
2019-06-28 15:45:50.000000000,BEST_BID,"JPM,100143,186"
2019-06-28 15:45:50.000000000,BEST_ASK,"JPM,100709,100"
2019-06-28 15:45:50.000000000,BEST_BID,"JPM,100143,186"
2019-06-28 15:45:50.000000000,BEST_ASK,"JPM,100709,193"
2019-06-28 15:45:50.000000000,BEST_BID,"JPM,100143,186"
2019-06-28 15:45:50.000000000,BEST_ASK,"JPM,100709,193"
2019-06-28 15:45:50.000000000,BEST_BID,"JPM,100143,186"
2019-06-28 15:45:50.000000000,BEST_ASK,"JPM,100709,193"
2019-06-28 15:45:50.000000000,BEST_BID,"JPM,100143,186"
2019-06-28 15:45:50.000000000,BEST_ASK,"JPM,100709,193"
2019-06-28 15:46:00.000000000,QUERY_SPREAD,1
2019-06-28 15:46:00.000000000,BEST_BID,"JPM,100143,167"
2019-06-28 15:46:00.000000000,BEST_ASK,"JPM,100709,100"
2019-06-28 15:46:00.000000000,BEST_BID,"JPM,100143,167"
2019-06-28 15:46:00.000000000,BEST_ASK,"JPM,100709,100"
2019-06-28 15:46:00.000000000,BEST_BID,"JPM,100143,167"
2019-06-28 15:46:00.000000000,BEST_ASK,"JPM,100709,100"
2019-06-28 15:46:00.000000000,BEST_BID,"JPM,100143,167"
2019-06-28 15:46:00.000000000,BEST_ASK,"JPM,100709,100"
2019-06-28 15:46:00.000000000,BEST_BID,"JPM,100143,167"
2019-06-28 15:46:00.000000000,BEST_ASK,"JPM,100709,100"
2019-06-28 15:46:00.000000000,BEST_BID,"JPM,100143,167"
2019-06-28 15:46:00.000000000,BEST_ASK,"JPM,100709,174"
2019-06-28 15:46:00.000000000,BEST_BID,"JPM,100143,167"
2019-06-28 15:46:00.000000000,BEST_ASK,"JPM,100709,174"
2019-06-28 15:46:00.000000000,BEST_BID,"JPM,100143,167"
2019-06-28 15:46:00.000000000,BEST_ASK,"JPM,100709,174"
2019-06-28 15:46:00.000000000,BEST_BID,"JPM,100143,167"
2019-06-28 15:46:00.000000000,BEST_ASK,"JPM,100709,174"
2019-06-28 15:46:00.000000000,BEST_BID,"JPM,100143,167"
2019-06-28 15:46:00.000000000,BEST_ASK,"JPM,100709,174"
2019-06-28 15:46:00.000000000,QUERY_SPREAD,77
2019-06-28 15:46:00.000000000,BEST_BID,"JPM,100143,167"
2019-06-28 15:46:00.000000000,BEST_ASK,"JPM,100709,169"
2019-06-28 15:46:00.000000000,LAST_TRADE,"5,$100709.0000"
2019-06-28 15:46:00.000000000,QUERY_SPREAD,78
2019-06-28 15:46:00.000000000,BEST_BID,"JPM,100143,167"
2019-06-28 15:46:00.000000000,BEST_ASK,"JPM,100709,161"
2019-06-28 15:46:00.000000000,LAST_TRADE,"8,$100709.0000"
2019-06-28 15:46:00.000000000,QUERY_SPREAD,79
2019-06-28 15:46:00.000000000,BEST_BID,"JPM,100143,167"
2019-06-28 15:46:00.000000000,BEST_ASK,"JPM,100709,156"
2019-06-28 15:46:00.000000000,LAST_TRADE,"5,$100709.0000"
2019-06-28 15:46:00.000000000,QUERY_SPREAD,80
2019-06-28 15:46:00.000000000,BEST_BID,"JPM,100143,167"
2019-06-28 15:46:00.000000000,BEST_ASK,"JPM,100709,148"
2019-06-28 15:46:00.000000000,LAST_TRADE,"8,$100709.0000"
2019-06-28 15:46:00.000000000,QUERY_SPREAD,81
2019-06-28 15:46:00.000000000,BEST_BID,"JPM,100143,167"
2019-06-28 15:46:00.000000000,BEST_ASK,"JPM,100709,139"
2019-06-28 15:46:00.000000000,LAST_TRADE,"9,$100709.0000"
2019-06-28 15:46:00.000000000,QUERY_SPREAD,82
2019-06-28 15:46:00.000000000,BEST_BID,"JPM,100143,167"
2019-06-28 15:46:00.000000000,BEST_ASK,"JPM,100709,136"
2019-06-28 15:46:00.000000000,LAST_TRADE,"3,$100709.0000"
2019-06-28 15:46:00.000000000,QUERY_SPREAD,83
2019-06-28 15:46:00.000000000,BEST_BID,"JPM,100143,167"
2019-06-28 15:46:00.000000000,BEST_ASK,"JPM,100709,128"
2019-06-28 15:46:00.000000000,LAST_TRADE,"8,$100709.0000"
2019-06-28 15:46:00.000000000,QUERY_SPREAD,84
2019-06-28 15:46:00.000000000,BEST_BID,"JPM,100143,167"
2019-06-28 15:46:00.000000000,BEST_ASK,"JPM,100709,124"
2019-06-28 15:46:00.000000000,LAST_TRADE,"4,$100709.0000"
2019-06-28 15:46:00.000000000,QUERY_SPREAD,85
2019-06-28 15:46:00.000000000,BEST_BID,"JPM,100143,167"
2019-06-28 15:46:00.000000000,BEST_ASK,"JPM,100709,119"
2019-06-28 15:46:00.000000000,LAST_TRADE,"5,$100709.0000"
2019-06-28 15:46:00.000000000,QUERY_SPREAD,86
2019-06-28 15:46:00.000000000,BEST_BID,"JPM,100143,167"
2019-06-28 15:46:00.000000000,BEST_ASK,"JPM,100709,117"
2019-06-28 15:46:00.000000000,LAST_TRADE,"2,$100709.0000"
2019-06-28 15:46:00.000000000,QUERY_SPREAD,87
2019-06-28 15:46:00.000000000,BEST_BID,"JPM,100143,167"
2019-06-28 15:46:00.000000000,BEST_ASK,"JPM,100709,110"
2019-06-28 15:46:00.000000000,LAST_TRADE,"7,$100709.0000"
2019-06-28 15:46:00.000000000,QUERY_SPREAD,88
2019-06-28 15:46:00.000000000,BEST_BID,"JPM,100143,167"
2019-06-28 15:46:00.000000000,BEST_ASK,"JPM,100709,102"
2019-06-28 15:46:00.000000000,LAST_TRADE,"8,$100709.0000"
2019-06-28 15:46:00.000000000,QUERY_SPREAD,89
2019-06-28 15:46:00.000000000,BEST_BID,"JPM,100143,167"
2019-06-28 15:46:00.000000000,BEST_ASK,"JPM,100709,97"
2019-06-28 15:46:00.000000000,LAST_TRADE,"5,$100709.0000"
2019-06-28 15:46:00.000000000,QUERY_SPREAD,90
2019-06-28 15:46:00.000000000,BEST_BID,"JPM,100143,167"
2019-06-28 15:46:00.000000000,BEST_ASK,"JPM,100709,93"
2019-06-28 15:46:00.000000000,LAST_TRADE,"4,$100709.0000"
2019-06-28 15:46:00.000000000,QUERY_SPREAD,91
2019-06-28 15:46:00.000000000,BEST_BID,"JPM,100143,167"
2019-06-28 15:46:00.000000000,BEST_ASK,"JPM,100709,90"
2019-06-28 15:46:00.000000000,LAST_TRADE,"3,$100709.0000"
2019-06-28 15:46:00.000000000,QUERY_SPREAD,92
2019-06-28 15:46:00.000000000,BEST_BID,"JPM,100143,167"
2019-06-28 15:46:00.000000000,BEST_ASK,"JPM,100709,85"
2019-06-28 15:46:00.000000000,LAST_TRADE,"5,$100709.0000"
2019-06-28 15:46:00.000000000,QUERY_SPREAD,93
2019-06-28 15:46:00.000000000,BEST_BID,"JPM,100143,167"
2019-06-28 15:46:00.000000000,BEST_ASK,"JPM,100709,78"
2019-06-28 15:46:00.000000000,LAST_TRADE,"7,$100709.0000"
2019-06-28 15:46:00.000000000,QUERY_SPREAD,94
2019-06-28 15:46:00.000000000,BEST_BID,"JPM,100143,167"
2019-06-28 15:46:00.000000000,BEST_ASK,"JPM,100709,77"
2019-06-28 15:46:00.000000000,LAST_TRADE,"1,$100709.0000"
2019-06-28 15:46:00.000000000,QUERY_SPREAD,95
2019-06-28 15:46:00.000000000,BEST_BID,"JPM,100143,167"
2019-06-28 15:46:00.000000000,BEST_ASK,"JPM,100709,76"
2019-06-28 15:46:00.000000000,LAST_TRADE,"1,$100709.0000"
2019-06-28 15:46:00.000000000,QUERY_SPREAD,96
2019-06-28 15:46:00.000000000,BEST_BID,"JPM,100143,167"
2019-06-28 15:46:00.000000000,BEST_ASK,"JPM,100709,72"
2019-06-28 15:46:00.000000000,LAST_TRADE,"4,$100709.0000"
2019-06-28 15:46:00.000000000,QUERY_SPREAD,97
2019-06-28 15:46:00.000000000,BEST_BID,"JPM,100143,167"
2019-06-28 15:46:00.000000000,BEST_ASK,"JPM,100709,69"
2019-06-28 15:46:00.000000000,LAST_TRADE,"3,$100709.0000"
2019-06-28 15:46:00.000000000,QUERY_SPREAD,98
2019-06-28 15:46:00.000000000,BEST_BID,"JPM,100143,167"
2019-06-28 15:46:00.000000000,BEST_ASK,"JPM,100709,64"
2019-06-28 15:46:00.000000000,LAST_TRADE,"5,$100709.0000"
2019-06-28 15:46:00.000000000,QUERY_SPREAD,99
2019-06-28 15:46:00.000000000,BEST_BID,"JPM,100143,167"
2019-06-28 15:46:00.000000000,BEST_ASK,"JPM,100709,60"
2019-06-28 15:46:00.000000000,LAST_TRADE,"4,$100709.0000"
2019-06-28 15:46:00.000000000,QUERY_SPREAD,100
2019-06-28 15:46:00.000000000,BEST_BID,"JPM,100143,167"
2019-06-28 15:46:00.000000000,BEST_ASK,"JPM,100709,55"
2019-06-28 15:46:00.000000000,LAST_TRADE,"5,$100709.0000"
2019-06-28 15:46:00.000000000,QUERY_SPREAD,101
2019-06-28 15:46:00.000000000,BEST_BID,"JPM,100143,166"
2019-06-28 15:46:00.000000000,BEST_ASK,"JPM,100709,55"
2019-06-28 15:46:00.000000000,LAST_TRADE,"1,$100143.0000"
2019-06-28 15:46:02.036174632,QUERY_SPREAD,43
2019-06-28 15:46:02.036174632,BEST_BID,"JPM,100143,66"
2019-06-28 15:46:02.036174632,BEST_ASK,"JPM,100709,55"
2019-06-28 15:46:02.036174632,LAST_TRADE,"100,$100143.0000"
2019-06-28 15:46:09.721900038,QUERY_SPREAD,8
2019-06-28 15:46:09.721900038,BEST_BID,"JPM,100143,66"
2019-06-28 15:46:09.721900038,BEST_ASK,"JPM,100709,55"
2019-06-28 15:46:10.000000000,QUERY_SPREAD,1
2019-06-28 15:46:10.000000000,BEST_BID,"JPM,100142,385"
2019-06-28 15:46:10.000000000,BEST_ASK,"JPM,100733,100"
2019-06-28 15:46:10.000000000,BEST_BID,"JPM,100142,385"
2019-06-28 15:46:10.000000000,BEST_ASK,"JPM,100733,100"
2019-06-28 15:46:10.000000000,BEST_BID,"JPM,100142,385"
2019-06-28 15:46:10.000000000,BEST_ASK,"JPM,100733,286"
2019-06-28 15:46:10.000000000,BEST_BID,"JPM,100142,385"
2019-06-28 15:46:10.000000000,BEST_ASK,"JPM,100733,286"
2019-06-28 15:46:11.681421661,QUERY_SPREAD,25
2019-06-28 15:46:11.681421661,BEST_BID,"JPM,100142,285"
2019-06-28 15:46:11.681421661,BEST_ASK,"JPM,100733,286"
2019-06-28 15:46:11.681421661,LAST_TRADE,"100,$100142.0000"
2019-06-28 15:46:14.302081299,QUERY_SPREAD,9
2019-06-28 15:46:14.302081299,BEST_BID,"JPM,100142,185"
2019-06-28 15:46:14.302081299,BEST_ASK,"JPM,100733,286"
2019-06-28 15:46:14.302081299,LAST_TRADE,"100,$100142.0000"
2019-06-28 15:46:20.000000000,QUERY_SPREAD,1
2019-06-28 15:46:20.000000000,BEST_BID,"JPM,99970,118"
2019-06-28 15:46:20.000000000,BEST_ASK,"JPM,100733,100"
2019-06-28 15:46:20.000000000,BEST_BID,"JPM,99970,118"
2019-06-28 15:46:20.000000000,BEST_ASK,"JPM,100733,100"
2019-06-28 15:46:20.000000000,BEST_BID,"JPM,99970,118"
2019-06-28 15:46:20.000000000,BEST_ASK,"JPM,100733,100"
2019-06-28 15:46:20.000000000,BEST_BID,"JPM,99970,118"
2019-06-28 15:46:20.000000000,BEST_ASK,"JPM,100733,100"
2019-06-28 15:46:20.000000000,BEST_BID,"JPM,99970,118"
2019-06-28 15:46:20.000000000,BEST_ASK,"JPM,100733,193"
2019-06-28 15:46:20.000000000,BEST_BID,"JPM,99970,118"
2019-06-28 15:46:20.000000000,BEST_ASK,"JPM,100733,193"
2019-06-28 15:46:20.000000000,BEST_BID,"JPM,99970,118"
2019-06-28 15:46:20.000000000,BEST_ASK,"JPM,100733,193"
2019-06-28 15:46:20.000000000,BEST_BID,"JPM,99970,118"
2019-06-28 15:46:20.000000000,BEST_ASK,"JPM,100733,193"
2019-06-28 15:46:20.137604549,QUERY_ORDER_STREAM,56
2019-06-28 15:46:20.137604549,QUERY_SPREAD,56
2019-06-28 15:46:20.137604549,BEST_BID,"JPM,99970,118"
2019-06-28 15:46:20.137604549,BEST_ASK,"JPM,100142,100"
2019-06-28 15:46:20.540705851,QUERY_ORDER_STREAM,75
2019-06-28 15:46:20.540705851,QUERY_SPREAD,75
2019-06-28 15:46:30.000000000,QUERY_SPREAD,1
2019-06-28 15:46:30.000000000,BEST_BID,"JPM,99970,396"
2019-06-28 15:46:30.000000000,BEST_ASK,"JPM,100142,100"
2019-06-28 15:46:30.000000000,BEST_BID,"JPM,99970,396"
2019-06-28 15:46:30.000000000,BEST_ASK,"JPM,100142,471"
2019-06-28 15:46:40.000000000,QUERY_SPREAD,1
2019-06-28 15:46:40.000000000,BEST_BID,"JPM,99970,99"
2019-06-28 15:46:40.000000000,BEST_ASK,"JPM,100142,100"
2019-06-28 15:46:40.000000000,BEST_BID,"JPM,99970,99"
2019-06-28 15:46:40.000000000,BEST_ASK,"JPM,100142,100"
2019-06-28 15:46:40.000000000,BEST_BID,"JPM,99970,99"
2019-06-28 15:46:40.000000000,BEST_ASK,"JPM,100142,100"
2019-06-28 15:46:40.000000000,BEST_BID,"JPM,99970,99"
2019-06-28 15:46:40.000000000,BEST_ASK,"JPM,100142,100"
2019-06-28 15:46:40.000000000,BEST_BID,"JPM,99970,99"
2019-06-28 15:46:40.000000000,BEST_ASK,"JPM,100142,100"
2019-06-28 15:46:40.000000000,BEST_BID,"JPM,99970,99"
2019-06-28 15:46:40.000000000,BEST_ASK,"JPM,100142,174"
2019-06-28 15:46:40.000000000,BEST_BID,"JPM,99970,99"
2019-06-28 15:46:40.000000000,BEST_ASK,"JPM,100142,174"
2019-06-28 15:46:40.000000000,BEST_BID,"JPM,99970,99"
2019-06-28 15:46:40.000000000,BEST_ASK,"JPM,100142,174"
2019-06-28 15:46:40.000000000,BEST_BID,"JPM,99970,99"
2019-06-28 15:46:40.000000000,BEST_ASK,"JPM,100142,174"
2019-06-28 15:46:40.000000000,BEST_BID,"JPM,99970,99"
2019-06-28 15:46:40.000000000,BEST_ASK,"JPM,100142,174"
2019-06-28 15:46:44.248408817,QUERY_SPREAD,19
2019-06-28 15:46:44.248408817,BEST_BID,"JPM,99970,99"
2019-06-28 15:46:44.248408817,BEST_ASK,"JPM,100142,174"
2019-06-28 15:46:45.001008599,QUERY_ORDER_STREAM,62
2019-06-28 15:46:45.001008599,QUERY_SPREAD,62
2019-06-28 15:46:45.001008599,BEST_BID,"JPM,99970,99"
2019-06-28 15:46:45.001008599,BEST_ASK,"JPM,100142,274"
2019-06-28 15:46:50.000000000,QUERY_SPREAD,1
2019-06-28 15:46:50.000000000,BEST_BID,"JPM,99970,99"
2019-06-28 15:46:50.000000000,BEST_ASK,"JPM,100142,200"
2019-06-28 15:46:50.000000000,BEST_BID,"JPM,99970,99"
2019-06-28 15:46:50.000000000,BEST_ASK,"JPM,100142,200"
2019-06-28 15:46:50.000000000,BEST_BID,"JPM,99970,99"
2019-06-28 15:46:50.000000000,BEST_ASK,"JPM,100142,200"
2019-06-28 15:46:50.000000000,BEST_BID,"JPM,99970,99"
2019-06-28 15:46:50.000000000,BEST_ASK,"JPM,100142,200"
2019-06-28 15:46:50.000000000,BEST_BID,"JPM,99970,99"
2019-06-28 15:46:50.000000000,BEST_ASK,"JPM,100142,200"
2019-06-28 15:46:50.000000000,BEST_BID,"JPM,99970,99"
2019-06-28 15:46:50.000000000,BEST_ASK,"JPM,100142,274"
2019-06-28 15:46:50.000000000,BEST_BID,"JPM,99970,99"
2019-06-28 15:46:50.000000000,BEST_ASK,"JPM,100142,274"
2019-06-28 15:46:50.000000000,BEST_BID,"JPM,99970,99"
2019-06-28 15:46:50.000000000,BEST_ASK,"JPM,100142,274"
2019-06-28 15:46:50.000000000,BEST_BID,"JPM,99970,99"
2019-06-28 15:46:50.000000000,BEST_ASK,"JPM,100142,274"
2019-06-28 15:46:50.000000000,BEST_BID,"JPM,99970,99"
2019-06-28 15:46:50.000000000,BEST_ASK,"JPM,100142,274"
2019-06-28 15:47:00.000000000,QUERY_SPREAD,1
2019-06-28 15:47:00.000000000,BEST_BID,"JPM,99970,99"
2019-06-28 15:47:00.000000000,BEST_ASK,"JPM,100142,200"
2019-06-28 15:47:00.000000000,BEST_BID,"JPM,99970,99"
2019-06-28 15:47:00.000000000,BEST_ASK,"JPM,100142,200"
2019-06-28 15:47:00.000000000,BEST_BID,"JPM,99970,99"
2019-06-28 15:47:00.000000000,BEST_ASK,"JPM,100142,200"
2019-06-28 15:47:00.000000000,BEST_BID,"JPM,99970,99"
2019-06-28 15:47:00.000000000,BEST_ASK,"JPM,100142,200"
2019-06-28 15:47:00.000000000,BEST_BID,"JPM,99970,99"
2019-06-28 15:47:00.000000000,BEST_ASK,"JPM,100142,200"
2019-06-28 15:47:00.000000000,BEST_BID,"JPM,99970,99"
2019-06-28 15:47:00.000000000,BEST_ASK,"JPM,100142,274"
2019-06-28 15:47:00.000000000,BEST_BID,"JPM,99970,99"
2019-06-28 15:47:00.000000000,BEST_ASK,"JPM,100142,274"
2019-06-28 15:47:00.000000000,BEST_BID,"JPM,99970,99"
2019-06-28 15:47:00.000000000,BEST_ASK,"JPM,100142,274"
2019-06-28 15:47:00.000000000,BEST_BID,"JPM,99970,99"
2019-06-28 15:47:00.000000000,BEST_ASK,"JPM,100142,274"
2019-06-28 15:47:00.000000000,BEST_BID,"JPM,99970,99"
2019-06-28 15:47:00.000000000,BEST_ASK,"JPM,100142,274"
2019-06-28 15:47:00.000000000,QUERY_SPREAD,77
2019-06-28 15:47:00.000000000,BEST_BID,"JPM,99970,99"
2019-06-28 15:47:00.000000000,BEST_ASK,"JPM,100142,269"
2019-06-28 15:47:00.000000000,LAST_TRADE,"5,$100142.0000"
2019-06-28 15:47:00.000000000,QUERY_SPREAD,78
2019-06-28 15:47:00.000000000,BEST_BID,"JPM,99970,99"
2019-06-28 15:47:00.000000000,BEST_ASK,"JPM,100142,261"
2019-06-28 15:47:00.000000000,LAST_TRADE,"8,$100142.0000"
2019-06-28 15:47:00.000000000,QUERY_SPREAD,79
2019-06-28 15:47:00.000000000,BEST_BID,"JPM,99970,99"
2019-06-28 15:47:00.000000000,BEST_ASK,"JPM,100142,256"
2019-06-28 15:47:00.000000000,LAST_TRADE,"5,$100142.0000"
2019-06-28 15:47:00.000000000,QUERY_SPREAD,80
2019-06-28 15:47:00.000000000,BEST_BID,"JPM,99970,99"
2019-06-28 15:47:00.000000000,BEST_ASK,"JPM,100142,248"
2019-06-28 15:47:00.000000000,LAST_TRADE,"8,$100142.0000"
2019-06-28 15:47:00.000000000,QUERY_SPREAD,81
2019-06-28 15:47:00.000000000,BEST_BID,"JPM,99970,99"
2019-06-28 15:47:00.000000000,BEST_ASK,"JPM,100142,239"
2019-06-28 15:47:00.000000000,LAST_TRADE,"9,$100142.0000"
2019-06-28 15:47:00.000000000,QUERY_SPREAD,82
2019-06-28 15:47:00.000000000,BEST_BID,"JPM,99970,99"
2019-06-28 15:47:00.000000000,BEST_ASK,"JPM,100142,236"
2019-06-28 15:47:00.000000000,LAST_TRADE,"3,$100142.0000"
2019-06-28 15:47:00.000000000,QUERY_SPREAD,83
2019-06-28 15:47:00.000000000,BEST_BID,"JPM,99970,99"
2019-06-28 15:47:00.000000000,BEST_ASK,"JPM,100142,228"
2019-06-28 15:47:00.000000000,LAST_TRADE,"8,$100142.0000"
2019-06-28 15:47:00.000000000,QUERY_SPREAD,84
2019-06-28 15:47:00.000000000,BEST_BID,"JPM,99970,99"
2019-06-28 15:47:00.000000000,BEST_ASK,"JPM,100142,224"
2019-06-28 15:47:00.000000000,LAST_TRADE,"4,$100142.0000"
2019-06-28 15:47:00.000000000,QUERY_SPREAD,85
2019-06-28 15:47:00.000000000,BEST_BID,"JPM,99970,99"
2019-06-28 15:47:00.000000000,BEST_ASK,"JPM,100142,219"
2019-06-28 15:47:00.000000000,LAST_TRADE,"5,$100142.0000"
2019-06-28 15:47:00.000000000,QUERY_SPREAD,86
2019-06-28 15:47:00.000000000,BEST_BID,"JPM,99970,99"
2019-06-28 15:47:00.000000000,BEST_ASK,"JPM,100142,217"
2019-06-28 15:47:00.000000000,LAST_TRADE,"2,$100142.0000"
2019-06-28 15:47:00.000000000,QUERY_SPREAD,87
2019-06-28 15:47:00.000000000,BEST_BID,"JPM,99970,99"
2019-06-28 15:47:00.000000000,BEST_ASK,"JPM,100142,210"
2019-06-28 15:47:00.000000000,LAST_TRADE,"7,$100142.0000"
2019-06-28 15:47:00.000000000,QUERY_SPREAD,88
2019-06-28 15:47:00.000000000,BEST_BID,"JPM,99970,99"
2019-06-28 15:47:00.000000000,BEST_ASK,"JPM,100142,202"
2019-06-28 15:47:00.000000000,LAST_TRADE,"8,$100142.0000"
2019-06-28 15:47:00.000000000,QUERY_SPREAD,89
2019-06-28 15:47:00.000000000,BEST_BID,"JPM,99970,99"
2019-06-28 15:47:00.000000000,BEST_ASK,"JPM,100142,197"
2019-06-28 15:47:00.000000000,LAST_TRADE,"5,$100142.0000"
2019-06-28 15:47:00.000000000,QUERY_SPREAD,90
2019-06-28 15:47:00.000000000,BEST_BID,"JPM,99970,99"
2019-06-28 15:47:00.000000000,BEST_ASK,"JPM,100142,193"
2019-06-28 15:47:00.000000000,LAST_TRADE,"4,$100142.0000"
2019-06-28 15:47:00.000000000,QUERY_SPREAD,91
2019-06-28 15:47:00.000000000,BEST_BID,"JPM,99970,99"
2019-06-28 15:47:00.000000000,BEST_ASK,"JPM,100142,190"
2019-06-28 15:47:00.000000000,LAST_TRADE,"3,$100142.0000"
2019-06-28 15:47:00.000000000,QUERY_SPREAD,92
2019-06-28 15:47:00.000000000,BEST_BID,"JPM,99970,99"
2019-06-28 15:47:00.000000000,BEST_ASK,"JPM,100142,185"
2019-06-28 15:47:00.000000000,LAST_TRADE,"5,$100142.0000"
2019-06-28 15:47:00.000000000,QUERY_SPREAD,93
2019-06-28 15:47:00.000000000,BEST_BID,"JPM,99970,99"
2019-06-28 15:47:00.000000000,BEST_ASK,"JPM,100142,178"
2019-06-28 15:47:00.000000000,LAST_TRADE,"7,$100142.0000"
2019-06-28 15:47:00.000000000,QUERY_SPREAD,94
2019-06-28 15:47:00.000000000,BEST_BID,"JPM,99970,99"
2019-06-28 15:47:00.000000000,BEST_ASK,"JPM,100142,177"
2019-06-28 15:47:00.000000000,LAST_TRADE,"1,$100142.0000"
2019-06-28 15:47:00.000000000,QUERY_SPREAD,95
2019-06-28 15:47:00.000000000,BEST_BID,"JPM,99970,99"
2019-06-28 15:47:00.000000000,BEST_ASK,"JPM,100142,176"
2019-06-28 15:47:00.000000000,LAST_TRADE,"1,$100142.0000"
2019-06-28 15:47:00.000000000,QUERY_SPREAD,96
2019-06-28 15:47:00.000000000,BEST_BID,"JPM,99970,99"
2019-06-28 15:47:00.000000000,BEST_ASK,"JPM,100142,172"
2019-06-28 15:47:00.000000000,LAST_TRADE,"4,$100142.0000"
2019-06-28 15:47:00.000000000,QUERY_SPREAD,97
2019-06-28 15:47:00.000000000,BEST_BID,"JPM,99970,99"
2019-06-28 15:47:00.000000000,BEST_ASK,"JPM,100142,169"
2019-06-28 15:47:00.000000000,LAST_TRADE,"3,$100142.0000"
2019-06-28 15:47:00.000000000,QUERY_SPREAD,98
2019-06-28 15:47:00.000000000,BEST_BID,"JPM,99970,99"
2019-06-28 15:47:00.000000000,BEST_ASK,"JPM,100142,164"
2019-06-28 15:47:00.000000000,LAST_TRADE,"5,$100142.0000"
2019-06-28 15:47:00.000000000,QUERY_SPREAD,99
2019-06-28 15:47:00.000000000,BEST_BID,"JPM,99970,99"
2019-06-28 15:47:00.000000000,BEST_ASK,"JPM,100142,160"
2019-06-28 15:47:00.000000000,LAST_TRADE,"4,$100142.0000"
2019-06-28 15:47:00.000000000,QUERY_SPREAD,100
2019-06-28 15:47:00.000000000,BEST_BID,"JPM,99970,99"
2019-06-28 15:47:00.000000000,BEST_ASK,"JPM,100142,155"
2019-06-28 15:47:00.000000000,LAST_TRADE,"5,$100142.0000"
2019-06-28 15:47:00.000000000,QUERY_SPREAD,101
2019-06-28 15:47:00.000000000,BEST_BID,"JPM,99970,98"
2019-06-28 15:47:00.000000000,BEST_ASK,"JPM,100142,155"
2019-06-28 15:47:00.000000000,LAST_TRADE,"1,$99970.0000"
2019-06-28 15:47:04.104736027,QUERY_ORDER_STREAM,65
2019-06-28 15:47:04.104736027,QUERY_SPREAD,65
2019-06-28 15:47:04.104736027,BEST_BID,"JPM,99970,98"
2019-06-28 15:47:04.104736027,BEST_ASK,"JPM,100142,255"
2019-06-28 15:47:10.000000000,QUERY_SPREAD,1
2019-06-28 15:47:10.000000000,BEST_BID,"JPM,99970,395"
2019-06-28 15:47:10.000000000,BEST_ASK,"JPM,100142,181"
2019-06-28 15:47:10.000000000,BEST_BID,"JPM,99970,395"
2019-06-28 15:47:10.000000000,BEST_ASK,"JPM,100142,552"
2019-06-28 15:47:20.000000000,QUERY_SPREAD,1
2019-06-28 15:47:20.000000000,BEST_BID,"JPM,99970,210"
2019-06-28 15:47:20.000000000,BEST_ASK,"JPM,100142,181"
2019-06-28 15:47:20.000000000,BEST_BID,"JPM,99970,210"
2019-06-28 15:47:20.000000000,BEST_ASK,"JPM,100142,181"
2019-06-28 15:47:20.000000000,BEST_BID,"JPM,99970,210"
2019-06-28 15:47:20.000000000,BEST_ASK,"JPM,100142,367"
2019-06-28 15:47:20.000000000,BEST_BID,"JPM,99970,210"
2019-06-28 15:47:20.000000000,BEST_ASK,"JPM,100142,367"
2019-06-28 15:47:28.208556485,QUERY_SPREAD,45
2019-06-28 15:47:28.208556485,BEST_BID,"JPM,99970,210"
2019-06-28 15:47:28.208556485,BEST_ASK,"JPM,100142,367"
2019-06-28 15:47:30.000000000,QUERY_SPREAD,1
2019-06-28 15:47:30.000000000,BEST_BID,"JPM,99970,98"
2019-06-28 15:47:30.000000000,BEST_ASK,"JPM,100142,181"
2019-06-28 15:47:30.000000000,BEST_BID,"JPM,99970,98"
2019-06-28 15:47:30.000000000,BEST_ASK,"JPM,100142,181"
2019-06-28 15:47:30.000000000,BEST_BID,"JPM,99970,98"
2019-06-28 15:47:30.000000000,BEST_ASK,"JPM,100142,181"
2019-06-28 15:47:30.000000000,BEST_BID,"JPM,99970,98"
2019-06-28 15:47:30.000000000,BEST_ASK,"JPM,100142,181"
2019-06-28 15:47:30.000000000,BEST_BID,"JPM,99970,98"
2019-06-28 15:47:30.000000000,BEST_ASK,"JPM,100142,181"
2019-06-28 15:47:30.000000000,BEST_BID,"JPM,99970,98"
2019-06-28 15:47:30.000000000,BEST_ASK,"JPM,100142,255"
2019-06-28 15:47:30.000000000,BEST_BID,"JPM,99970,98"
2019-06-28 15:47:30.000000000,BEST_ASK,"JPM,100142,255"
2019-06-28 15:47:30.000000000,BEST_BID,"JPM,99970,98"
2019-06-28 15:47:30.000000000,BEST_ASK,"JPM,100142,255"
2019-06-28 15:47:30.000000000,BEST_BID,"JPM,99970,98"
2019-06-28 15:47:30.000000000,BEST_ASK,"JPM,100142,255"
2019-06-28 15:47:30.000000000,BEST_BID,"JPM,99970,98"
2019-06-28 15:47:30.000000000,BEST_ASK,"JPM,100142,255"
2019-06-28 15:47:37.802339562,QUERY_SPREAD,12
2019-06-28 15:47:37.802339562,BEST_BID,"JPM,99970,98"
2019-06-28 15:47:37.802339562,BEST_ASK,"JPM,100142,255"
2019-06-28 15:47:38.207947631,QUERY_SPREAD,28
2019-06-28 15:47:38.207947631,BEST_BID,"JPM,99970,98"
2019-06-28 15:47:38.207947631,BEST_ASK,"JPM,100142,255"
2019-06-28 15:47:40.000000000,QUERY_SPREAD,1
2019-06-28 15:47:40.000000000,BEST_BID,"JPM,99970,117"
2019-06-28 15:47:40.000000000,BEST_ASK,"JPM,100142,181"
2019-06-28 15:47:40.000000000,BEST_BID,"JPM,99970,117"
2019-06-28 15:47:40.000000000,BEST_ASK,"JPM,100142,181"
2019-06-28 15:47:40.000000000,BEST_BID,"JPM,99970,117"
2019-06-28 15:47:40.000000000,BEST_ASK,"JPM,100142,181"
2019-06-28 15:47:40.000000000,BEST_BID,"JPM,99970,117"
2019-06-28 15:47:40.000000000,BEST_ASK,"JPM,100142,181"
2019-06-28 15:47:40.000000000,BEST_BID,"JPM,99970,117"
2019-06-28 15:47:40.000000000,BEST_ASK,"JPM,100142,274"
2019-06-28 15:47:40.000000000,BEST_BID,"JPM,99970,117"
2019-06-28 15:47:40.000000000,BEST_ASK,"JPM,100142,274"
2019-06-28 15:47:40.000000000,BEST_BID,"JPM,99970,117"
2019-06-28 15:47:40.000000000,BEST_ASK,"JPM,100142,274"
2019-06-28 15:47:40.000000000,BEST_BID,"JPM,99970,117"
2019-06-28 15:47:40.000000000,BEST_ASK,"JPM,100142,274"
2019-06-28 15:47:50.000000000,QUERY_SPREAD,1
2019-06-28 15:47:50.000000000,BEST_BID,"JPM,99970,210"
2019-06-28 15:47:50.000000000,BEST_ASK,"JPM,100142,181"
2019-06-28 15:47:50.000000000,BEST_BID,"JPM,99970,210"
2019-06-28 15:47:50.000000000,BEST_ASK,"JPM,100142,181"
2019-06-28 15:47:50.000000000,BEST_BID,"JPM,99970,210"
2019-06-28 15:47:50.000000000,BEST_ASK,"JPM,100142,367"
2019-06-28 15:47:50.000000000,BEST_BID,"JPM,99970,210"
2019-06-28 15:47:50.000000000,BEST_ASK,"JPM,100142,367"
2019-06-28 15:47:54.268540519,QUERY_ORDER_STREAM,57
2019-06-28 15:47:54.268540519,QUERY_SPREAD,57
2019-06-28 15:48:00.000000000,QUERY_SPREAD,1
2019-06-28 15:48:00.000000000,BEST_BID,"JPM,99970,117"
2019-06-28 15:48:00.000000000,BEST_ASK,"JPM,100142,181"
2019-06-28 15:48:00.000000000,BEST_BID,"JPM,99970,117"
2019-06-28 15:48:00.000000000,BEST_ASK,"JPM,100142,181"
2019-06-28 15:48:00.000000000,BEST_BID,"JPM,99970,117"
2019-06-28 15:48:00.000000000,BEST_ASK,"JPM,100142,181"
2019-06-28 15:48:00.000000000,BEST_BID,"JPM,99970,117"
2019-06-28 15:48:00.000000000,BEST_ASK,"JPM,100142,181"
2019-06-28 15:48:00.000000000,BEST_BID,"JPM,99970,117"
2019-06-28 15:48:00.000000000,BEST_ASK,"JPM,100142,274"
2019-06-28 15:48:00.000000000,BEST_BID,"JPM,99970,117"
2019-06-28 15:48:00.000000000,BEST_ASK,"JPM,100142,274"
2019-06-28 15:48:00.000000000,BEST_BID,"JPM,99970,117"
2019-06-28 15:48:00.000000000,BEST_ASK,"JPM,100142,274"
2019-06-28 15:48:00.000000000,BEST_BID,"JPM,99970,117"
2019-06-28 15:48:00.000000000,BEST_ASK,"JPM,100142,274"
2019-06-28 15:48:00.000000000,QUERY_SPREAD,77
2019-06-28 15:48:00.000000000,BEST_BID,"JPM,99970,117"
2019-06-28 15:48:00.000000000,BEST_ASK,"JPM,100142,269"
2019-06-28 15:48:00.000000000,LAST_TRADE,"5,$100142.0000"
2019-06-28 15:48:00.000000000,QUERY_SPREAD,78
2019-06-28 15:48:00.000000000,BEST_BID,"JPM,99970,117"
2019-06-28 15:48:00.000000000,BEST_ASK,"JPM,100142,261"
2019-06-28 15:48:00.000000000,LAST_TRADE,"8,$100142.0000"
2019-06-28 15:48:00.000000000,QUERY_SPREAD,79
2019-06-28 15:48:00.000000000,BEST_BID,"JPM,99970,117"
2019-06-28 15:48:00.000000000,BEST_ASK,"JPM,100142,256"
2019-06-28 15:48:00.000000000,LAST_TRADE,"5,$100142.0000"
2019-06-28 15:48:00.000000000,QUERY_SPREAD,80
2019-06-28 15:48:00.000000000,BEST_BID,"JPM,99970,117"
2019-06-28 15:48:00.000000000,BEST_ASK,"JPM,100142,248"
2019-06-28 15:48:00.000000000,LAST_TRADE,"8,$100142.0000"
2019-06-28 15:48:00.000000000,QUERY_SPREAD,81
2019-06-28 15:48:00.000000000,BEST_BID,"JPM,99970,117"
2019-06-28 15:48:00.000000000,BEST_ASK,"JPM,100142,239"
2019-06-28 15:48:00.000000000,LAST_TRADE,"9,$100142.0000"
2019-06-28 15:48:00.000000000,QUERY_SPREAD,82
2019-06-28 15:48:00.000000000,BEST_BID,"JPM,99970,117"
2019-06-28 15:48:00.000000000,BEST_ASK,"JPM,100142,236"
2019-06-28 15:48:00.000000000,LAST_TRADE,"3,$100142.0000"
2019-06-28 15:48:00.000000000,QUERY_SPREAD,83
2019-06-28 15:48:00.000000000,BEST_BID,"JPM,99970,117"
2019-06-28 15:48:00.000000000,BEST_ASK,"JPM,100142,228"
2019-06-28 15:48:00.000000000,LAST_TRADE,"8,$100142.0000"
2019-06-28 15:48:00.000000000,QUERY_SPREAD,84
2019-06-28 15:48:00.000000000,BEST_BID,"JPM,99970,117"
2019-06-28 15:48:00.000000000,BEST_ASK,"JPM,100142,224"
2019-06-28 15:48:00.000000000,LAST_TRADE,"4,$100142.0000"
2019-06-28 15:48:00.000000000,QUERY_SPREAD,85
2019-06-28 15:48:00.000000000,BEST_BID,"JPM,99970,117"
2019-06-28 15:48:00.000000000,BEST_ASK,"JPM,100142,219"
2019-06-28 15:48:00.000000000,LAST_TRADE,"5,$100142.0000"
2019-06-28 15:48:00.000000000,QUERY_SPREAD,86
2019-06-28 15:48:00.000000000,BEST_BID,"JPM,99970,117"
2019-06-28 15:48:00.000000000,BEST_ASK,"JPM,100142,217"
2019-06-28 15:48:00.000000000,LAST_TRADE,"2,$100142.0000"
2019-06-28 15:48:00.000000000,QUERY_SPREAD,87
2019-06-28 15:48:00.000000000,BEST_BID,"JPM,99970,117"
2019-06-28 15:48:00.000000000,BEST_ASK,"JPM,100142,210"
2019-06-28 15:48:00.000000000,LAST_TRADE,"7,$100142.0000"
2019-06-28 15:48:00.000000000,QUERY_SPREAD,88
2019-06-28 15:48:00.000000000,BEST_BID,"JPM,99970,117"
2019-06-28 15:48:00.000000000,BEST_ASK,"JPM,100142,202"
2019-06-28 15:48:00.000000000,LAST_TRADE,"8,$100142.0000"
2019-06-28 15:48:00.000000000,QUERY_SPREAD,89
2019-06-28 15:48:00.000000000,BEST_BID,"JPM,99970,117"
2019-06-28 15:48:00.000000000,BEST_ASK,"JPM,100142,197"
2019-06-28 15:48:00.000000000,LAST_TRADE,"5,$100142.0000"
2019-06-28 15:48:00.000000000,QUERY_SPREAD,90
2019-06-28 15:48:00.000000000,BEST_BID,"JPM,99970,117"
2019-06-28 15:48:00.000000000,BEST_ASK,"JPM,100142,193"
2019-06-28 15:48:00.000000000,LAST_TRADE,"4,$100142.0000"
2019-06-28 15:48:00.000000000,QUERY_SPREAD,91
2019-06-28 15:48:00.000000000,BEST_BID,"JPM,99970,117"
2019-06-28 15:48:00.000000000,BEST_ASK,"JPM,100142,190"
2019-06-28 15:48:00.000000000,LAST_TRADE,"3,$100142.0000"
2019-06-28 15:48:00.000000000,QUERY_SPREAD,92
2019-06-28 15:48:00.000000000,BEST_BID,"JPM,99970,117"
2019-06-28 15:48:00.000000000,BEST_ASK,"JPM,100142,185"
2019-06-28 15:48:00.000000000,LAST_TRADE,"5,$100142.0000"
2019-06-28 15:48:00.000000000,QUERY_SPREAD,93
2019-06-28 15:48:00.000000000,BEST_BID,"JPM,99970,117"
2019-06-28 15:48:00.000000000,BEST_ASK,"JPM,100142,178"
2019-06-28 15:48:00.000000000,LAST_TRADE,"7,$100142.0000"
2019-06-28 15:48:00.000000000,QUERY_SPREAD,94
2019-06-28 15:48:00.000000000,BEST_BID,"JPM,99970,117"
2019-06-28 15:48:00.000000000,BEST_ASK,"JPM,100142,177"
2019-06-28 15:48:00.000000000,LAST_TRADE,"1,$100142.0000"
2019-06-28 15:48:00.000000000,QUERY_SPREAD,95
2019-06-28 15:48:00.000000000,BEST_BID,"JPM,99970,117"
2019-06-28 15:48:00.000000000,BEST_ASK,"JPM,100142,176"
2019-06-28 15:48:00.000000000,LAST_TRADE,"1,$100142.0000"
2019-06-28 15:48:00.000000000,QUERY_SPREAD,96
2019-06-28 15:48:00.000000000,BEST_BID,"JPM,99970,117"
2019-06-28 15:48:00.000000000,BEST_ASK,"JPM,100142,172"
2019-06-28 15:48:00.000000000,LAST_TRADE,"4,$100142.0000"
2019-06-28 15:48:00.000000000,QUERY_SPREAD,97
2019-06-28 15:48:00.000000000,BEST_BID,"JPM,99970,117"
2019-06-28 15:48:00.000000000,BEST_ASK,"JPM,100142,169"
2019-06-28 15:48:00.000000000,LAST_TRADE,"3,$100142.0000"
2019-06-28 15:48:00.000000000,QUERY_SPREAD,98
2019-06-28 15:48:00.000000000,BEST_BID,"JPM,99970,117"
2019-06-28 15:48:00.000000000,BEST_ASK,"JPM,100142,164"
2019-06-28 15:48:00.000000000,LAST_TRADE,"5,$100142.0000"
2019-06-28 15:48:00.000000000,QUERY_SPREAD,99
2019-06-28 15:48:00.000000000,BEST_BID,"JPM,99970,117"
2019-06-28 15:48:00.000000000,BEST_ASK,"JPM,100142,160"
2019-06-28 15:48:00.000000000,LAST_TRADE,"4,$100142.0000"
2019-06-28 15:48:00.000000000,QUERY_SPREAD,100
2019-06-28 15:48:00.000000000,BEST_BID,"JPM,99970,117"
2019-06-28 15:48:00.000000000,BEST_ASK,"JPM,100142,155"
2019-06-28 15:48:00.000000000,LAST_TRADE,"5,$100142.0000"
2019-06-28 15:48:00.000000000,QUERY_SPREAD,101
2019-06-28 15:48:00.000000000,BEST_BID,"JPM,99970,116"
2019-06-28 15:48:00.000000000,BEST_ASK,"JPM,100142,155"
2019-06-28 15:48:00.000000000,LAST_TRADE,"1,$99970.0000"
2019-06-28 15:48:10.000000000,QUERY_SPREAD,1
2019-06-28 15:48:10.000000000,BEST_BID,"JPM,99970,394"
2019-06-28 15:48:10.000000000,BEST_ASK,"JPM,100142,62"
2019-06-28 15:48:10.000000000,BEST_BID,"JPM,99970,394"
2019-06-28 15:48:10.000000000,BEST_ASK,"JPM,100142,433"
2019-06-28 15:48:20.000000000,QUERY_SPREAD,1
2019-06-28 15:48:20.000000000,BEST_BID,"JPM,99970,149"
2019-06-28 15:48:20.000000000,BEST_ASK,"JPM,100142,62"
2019-06-28 15:48:20.000000000,BEST_BID,"JPM,99970,149"
2019-06-28 15:48:20.000000000,BEST_ASK,"JPM,100142,62"
2019-06-28 15:48:20.000000000,BEST_BID,"JPM,99970,149"
2019-06-28 15:48:20.000000000,BEST_ASK,"JPM,100142,62"
2019-06-28 15:48:20.000000000,BEST_BID,"JPM,99970,149"
2019-06-28 15:48:20.000000000,BEST_ASK,"JPM,100142,188"
2019-06-28 15:48:20.000000000,BEST_BID,"JPM,99970,149"
2019-06-28 15:48:20.000000000,BEST_ASK,"JPM,100142,188"
2019-06-28 15:48:20.000000000,BEST_BID,"JPM,99970,149"
2019-06-28 15:48:20.000000000,BEST_ASK,"JPM,100142,188"
2019-06-28 15:48:28.745146004,QUERY_ORDER_STREAM,72
2019-06-28 15:48:28.745146004,QUERY_SPREAD,72
2019-06-28 15:48:28.745146004,BEST_BID,"JPM,99970,149"
2019-06-28 15:48:28.745146004,BEST_ASK,"JPM,100142,288"
2019-06-28 15:48:28.757617139,QUERY_ORDER_STREAM,57
2019-06-28 15:48:28.757617139,QUERY_SPREAD,57
2019-06-28 15:48:28.757617139,BEST_BID,"JPM,99970,149"
2019-06-28 15:48:28.757617139,BEST_ASK,"JPM,100142,388"
2019-06-28 15:48:30.000000000,QUERY_SPREAD,1
2019-06-28 15:48:30.000000000,BEST_BID,"JPM,99970,97"
2019-06-28 15:48:30.000000000,BEST_ASK,"JPM,100142,262"
2019-06-28 15:48:30.000000000,BEST_BID,"JPM,99970,97"
2019-06-28 15:48:30.000000000,BEST_ASK,"JPM,100142,262"
2019-06-28 15:48:30.000000000,BEST_BID,"JPM,99970,97"
2019-06-28 15:48:30.000000000,BEST_ASK,"JPM,100142,262"
2019-06-28 15:48:30.000000000,BEST_BID,"JPM,99970,97"
2019-06-28 15:48:30.000000000,BEST_ASK,"JPM,100142,262"
2019-06-28 15:48:30.000000000,BEST_BID,"JPM,99970,97"
2019-06-28 15:48:30.000000000,BEST_ASK,"JPM,100142,262"
2019-06-28 15:48:30.000000000,BEST_BID,"JPM,99970,97"
2019-06-28 15:48:30.000000000,BEST_ASK,"JPM,100142,336"
2019-06-28 15:48:30.000000000,BEST_BID,"JPM,99970,97"
2019-06-28 15:48:30.000000000,BEST_ASK,"JPM,100142,336"
2019-06-28 15:48:30.000000000,BEST_BID,"JPM,99970,97"
2019-06-28 15:48:30.000000000,BEST_ASK,"JPM,100142,336"
2019-06-28 15:48:30.000000000,BEST_BID,"JPM,99970,97"
2019-06-28 15:48:30.000000000,BEST_ASK,"JPM,100142,336"
2019-06-28 15:48:30.000000000,BEST_BID,"JPM,99970,97"
2019-06-28 15:48:30.000000000,BEST_ASK,"JPM,100142,336"
2019-06-28 15:48:37.338823240,QUERY_ORDER_STREAM,53
2019-06-28 15:48:37.338823240,QUERY_SPREAD,53
2019-06-28 15:48:37.338823240,BEST_BID,"JPM,99970,97"
2019-06-28 15:48:37.338823240,BEST_ASK,"JPM,100142,436"
2019-06-28 15:48:40.000000000,QUERY_SPREAD,1
2019-06-28 15:48:40.000000000,BEST_BID,"JPM,99970,209"
2019-06-28 15:48:40.000000000,BEST_ASK,"JPM,100142,362"
2019-06-28 15:48:40.000000000,BEST_BID,"JPM,99970,209"
2019-06-28 15:48:40.000000000,BEST_ASK,"JPM,100142,362"
2019-06-28 15:48:40.000000000,BEST_BID,"JPM,99970,209"
2019-06-28 15:48:40.000000000,BEST_ASK,"JPM,100142,548"
2019-06-28 15:48:40.000000000,BEST_BID,"JPM,99970,209"
2019-06-28 15:48:40.000000000,BEST_ASK,"JPM,100142,548"
2019-06-28 15:48:46.707753003,QUERY_SPREAD,45
2019-06-28 15:48:46.707753003,BEST_BID,"JPM,99970,109"
2019-06-28 15:48:46.707753003,BEST_ASK,"JPM,100142,548"
2019-06-28 15:48:46.707753003,LAST_TRADE,"100,$99970.0000"
2019-06-28 15:48:50.000000000,QUERY_SPREAD,1
2019-06-28 15:48:50.000000000,BEST_BID,"JPM,99825,285"
2019-06-28 15:48:50.000000000,BEST_ASK,"JPM,100142,362"
2019-06-28 15:48:50.000000000,BEST_BID,"JPM,99825,285"
2019-06-28 15:48:50.000000000,BEST_ASK,"JPM,100142,362"
2019-06-28 15:48:50.000000000,BEST_BID,"JPM,99825,285"
2019-06-28 15:48:50.000000000,BEST_ASK,"JPM,100142,548"
2019-06-28 15:48:50.000000000,BEST_BID,"JPM,99825,285"
2019-06-28 15:48:50.000000000,BEST_ASK,"JPM,100142,548"
2019-06-28 15:49:00.000000000,QUERY_SPREAD,1
2019-06-28 15:49:00.000000000,BEST_BID,"JPM,99825,173"
2019-06-28 15:49:00.000000000,BEST_ASK,"JPM,100142,362"
2019-06-28 15:49:00.000000000,BEST_BID,"JPM,99825,173"
2019-06-28 15:49:00.000000000,BEST_ASK,"JPM,100142,362"
2019-06-28 15:49:00.000000000,BEST_BID,"JPM,99825,173"
2019-06-28 15:49:00.000000000,BEST_ASK,"JPM,100142,362"
2019-06-28 15:49:00.000000000,BEST_BID,"JPM,99825,173"
2019-06-28 15:49:00.000000000,BEST_ASK,"JPM,100142,362"
2019-06-28 15:49:00.000000000,BEST_BID,"JPM,99825,173"
2019-06-28 15:49:00.000000000,BEST_ASK,"JPM,100142,362"
2019-06-28 15:49:00.000000000,BEST_BID,"JPM,99825,173"
2019-06-28 15:49:00.000000000,BEST_ASK,"JPM,100142,436"
2019-06-28 15:49:00.000000000,BEST_BID,"JPM,99825,173"
2019-06-28 15:49:00.000000000,BEST_ASK,"JPM,100142,436"
2019-06-28 15:49:00.000000000,BEST_BID,"JPM,99825,173"
2019-06-28 15:49:00.000000000,BEST_ASK,"JPM,100142,436"
2019-06-28 15:49:00.000000000,BEST_BID,"JPM,99825,173"
2019-06-28 15:49:00.000000000,BEST_ASK,"JPM,100142,436"
2019-06-28 15:49:00.000000000,BEST_BID,"JPM,99825,173"
2019-06-28 15:49:00.000000000,BEST_ASK,"JPM,100142,436"
2019-06-28 15:49:00.000000000,QUERY_SPREAD,77
2019-06-28 15:49:00.000000000,BEST_BID,"JPM,99825,173"
2019-06-28 15:49:00.000000000,BEST_ASK,"JPM,100142,431"
2019-06-28 15:49:00.000000000,LAST_TRADE,"5,$100142.0000"
2019-06-28 15:49:00.000000000,QUERY_SPREAD,78
2019-06-28 15:49:00.000000000,BEST_BID,"JPM,99825,173"
2019-06-28 15:49:00.000000000,BEST_ASK,"JPM,100142,423"
2019-06-28 15:49:00.000000000,LAST_TRADE,"8,$100142.0000"
2019-06-28 15:49:00.000000000,QUERY_SPREAD,79
2019-06-28 15:49:00.000000000,BEST_BID,"JPM,99825,173"
2019-06-28 15:49:00.000000000,BEST_ASK,"JPM,100142,418"
2019-06-28 15:49:00.000000000,LAST_TRADE,"5,$100142.0000"
2019-06-28 15:49:00.000000000,QUERY_SPREAD,80
2019-06-28 15:49:00.000000000,BEST_BID,"JPM,99825,173"
2019-06-28 15:49:00.000000000,BEST_ASK,"JPM,100142,410"
2019-06-28 15:49:00.000000000,LAST_TRADE,"8,$100142.0000"
2019-06-28 15:49:00.000000000,QUERY_SPREAD,81
2019-06-28 15:49:00.000000000,BEST_BID,"JPM,99825,173"
2019-06-28 15:49:00.000000000,BEST_ASK,"JPM,100142,401"
2019-06-28 15:49:00.000000000,LAST_TRADE,"9,$100142.0000"
2019-06-28 15:49:00.000000000,QUERY_SPREAD,82
2019-06-28 15:49:00.000000000,BEST_BID,"JPM,99825,173"
2019-06-28 15:49:00.000000000,BEST_ASK,"JPM,100142,398"
2019-06-28 15:49:00.000000000,LAST_TRADE,"3,$100142.0000"
2019-06-28 15:49:00.000000000,QUERY_SPREAD,83
2019-06-28 15:49:00.000000000,BEST_BID,"JPM,99825,173"
2019-06-28 15:49:00.000000000,BEST_ASK,"JPM,100142,390"
2019-06-28 15:49:00.000000000,LAST_TRADE,"8,$100142.0000"
2019-06-28 15:49:00.000000000,QUERY_SPREAD,84
2019-06-28 15:49:00.000000000,BEST_BID,"JPM,99825,173"
2019-06-28 15:49:00.000000000,BEST_ASK,"JPM,100142,386"
2019-06-28 15:49:00.000000000,LAST_TRADE,"4,$100142.0000"
2019-06-28 15:49:00.000000000,QUERY_SPREAD,85
2019-06-28 15:49:00.000000000,BEST_BID,"JPM,99825,173"
2019-06-28 15:49:00.000000000,BEST_ASK,"JPM,100142,381"
2019-06-28 15:49:00.000000000,LAST_TRADE,"5,$100142.0000"
2019-06-28 15:49:00.000000000,QUERY_SPREAD,86
2019-06-28 15:49:00.000000000,BEST_BID,"JPM,99825,173"
2019-06-28 15:49:00.000000000,BEST_ASK,"JPM,100142,379"
2019-06-28 15:49:00.000000000,LAST_TRADE,"2,$100142.0000"
2019-06-28 15:49:00.000000000,QUERY_SPREAD,87
2019-06-28 15:49:00.000000000,BEST_BID,"JPM,99825,173"
2019-06-28 15:49:00.000000000,BEST_ASK,"JPM,100142,372"
2019-06-28 15:49:00.000000000,LAST_TRADE,"7,$100142.0000"
2019-06-28 15:49:00.000000000,QUERY_SPREAD,88
2019-06-28 15:49:00.000000000,BEST_BID,"JPM,99825,173"
2019-06-28 15:49:00.000000000,BEST_ASK,"JPM,100142,364"
2019-06-28 15:49:00.000000000,LAST_TRADE,"8,$100142.0000"
2019-06-28 15:49:00.000000000,QUERY_SPREAD,89
2019-06-28 15:49:00.000000000,BEST_BID,"JPM,99825,173"
2019-06-28 15:49:00.000000000,BEST_ASK,"JPM,100142,359"
2019-06-28 15:49:00.000000000,LAST_TRADE,"5,$100142.0000"
2019-06-28 15:49:00.000000000,QUERY_SPREAD,90
2019-06-28 15:49:00.000000000,BEST_BID,"JPM,99825,173"
2019-06-28 15:49:00.000000000,BEST_ASK,"JPM,100142,355"
2019-06-28 15:49:00.000000000,LAST_TRADE,"4,$100142.0000"
2019-06-28 15:49:00.000000000,QUERY_SPREAD,91
2019-06-28 15:49:00.000000000,BEST_BID,"JPM,99825,173"
2019-06-28 15:49:00.000000000,BEST_ASK,"JPM,100142,352"
2019-06-28 15:49:00.000000000,LAST_TRADE,"3,$100142.0000"
2019-06-28 15:49:00.000000000,QUERY_SPREAD,92
2019-06-28 15:49:00.000000000,BEST_BID,"JPM,99825,173"
2019-06-28 15:49:00.000000000,BEST_ASK,"JPM,100142,347"
2019-06-28 15:49:00.000000000,LAST_TRADE,"5,$100142.0000"
2019-06-28 15:49:00.000000000,QUERY_SPREAD,93
2019-06-28 15:49:00.000000000,BEST_BID,"JPM,99825,173"
2019-06-28 15:49:00.000000000,BEST_ASK,"JPM,100142,340"
2019-06-28 15:49:00.000000000,LAST_TRADE,"7,$100142.0000"
2019-06-28 15:49:00.000000000,QUERY_SPREAD,94
2019-06-28 15:49:00.000000000,BEST_BID,"JPM,99825,173"
2019-06-28 15:49:00.000000000,BEST_ASK,"JPM,100142,339"
2019-06-28 15:49:00.000000000,LAST_TRADE,"1,$100142.0000"
2019-06-28 15:49:00.000000000,QUERY_SPREAD,95
2019-06-28 15:49:00.000000000,BEST_BID,"JPM,99825,173"
2019-06-28 15:49:00.000000000,BEST_ASK,"JPM,100142,338"
2019-06-28 15:49:00.000000000,LAST_TRADE,"1,$100142.0000"
2019-06-28 15:49:00.000000000,QUERY_SPREAD,96
2019-06-28 15:49:00.000000000,BEST_BID,"JPM,99825,173"
2019-06-28 15:49:00.000000000,BEST_ASK,"JPM,100142,334"
2019-06-28 15:49:00.000000000,LAST_TRADE,"4,$100142.0000"
2019-06-28 15:49:00.000000000,QUERY_SPREAD,97
2019-06-28 15:49:00.000000000,BEST_BID,"JPM,99825,173"
2019-06-28 15:49:00.000000000,BEST_ASK,"JPM,100142,331"
2019-06-28 15:49:00.000000000,LAST_TRADE,"3,$100142.0000"
2019-06-28 15:49:00.000000000,QUERY_SPREAD,98
2019-06-28 15:49:00.000000000,BEST_BID,"JPM,99825,173"
2019-06-28 15:49:00.000000000,BEST_ASK,"JPM,100142,326"
2019-06-28 15:49:00.000000000,LAST_TRADE,"5,$100142.0000"
2019-06-28 15:49:00.000000000,QUERY_SPREAD,99
2019-06-28 15:49:00.000000000,BEST_BID,"JPM,99825,173"
2019-06-28 15:49:00.000000000,BEST_ASK,"JPM,100142,322"
2019-06-28 15:49:00.000000000,LAST_TRADE,"4,$100142.0000"
2019-06-28 15:49:00.000000000,QUERY_SPREAD,100
2019-06-28 15:49:00.000000000,BEST_BID,"JPM,99825,173"
2019-06-28 15:49:00.000000000,BEST_ASK,"JPM,100142,317"
2019-06-28 15:49:00.000000000,LAST_TRADE,"5,$100142.0000"
2019-06-28 15:49:00.000000000,QUERY_SPREAD,101
2019-06-28 15:49:00.000000000,BEST_BID,"JPM,99825,172"
2019-06-28 15:49:00.000000000,BEST_ASK,"JPM,100142,317"
2019-06-28 15:49:00.000000000,LAST_TRADE,"1,$99825.0000"
2019-06-28 15:49:10.000000000,QUERY_SPREAD,1
2019-06-28 15:49:10.000000000,BEST_BID,"JPM,99825,284"
2019-06-28 15:49:10.000000000,BEST_ASK,"JPM,100142,243"
2019-06-28 15:49:10.000000000,BEST_BID,"JPM,99825,284"
2019-06-28 15:49:10.000000000,BEST_ASK,"JPM,100142,243"
2019-06-28 15:49:10.000000000,BEST_BID,"JPM,99825,284"
2019-06-28 15:49:10.000000000,BEST_ASK,"JPM,100142,429"
2019-06-28 15:49:10.000000000,BEST_BID,"JPM,99825,284"
2019-06-28 15:49:10.000000000,BEST_ASK,"JPM,100142,429"
2019-06-28 15:49:20.000000000,QUERY_SPREAD,1
2019-06-28 15:49:20.000000000,BEST_BID,"JPM,99825,224"
2019-06-28 15:49:20.000000000,BEST_ASK,"JPM,100142,243"
2019-06-28 15:49:20.000000000,BEST_BID,"JPM,99825,224"
2019-06-28 15:49:20.000000000,BEST_ASK,"JPM,100142,243"
2019-06-28 15:49:20.000000000,BEST_BID,"JPM,99825,224"
2019-06-28 15:49:20.000000000,BEST_ASK,"JPM,100142,243"
2019-06-28 15:49:20.000000000,BEST_BID,"JPM,99825,224"
2019-06-28 15:49:20.000000000,BEST_ASK,"JPM,100142,369"
2019-06-28 15:49:20.000000000,BEST_BID,"JPM,99825,224"
2019-06-28 15:49:20.000000000,BEST_ASK,"JPM,100142,369"
2019-06-28 15:49:20.000000000,BEST_BID,"JPM,99825,224"
2019-06-28 15:49:20.000000000,BEST_ASK,"JPM,100142,369"
2019-06-28 15:49:30.000000000,QUERY_SPREAD,1
2019-06-28 15:49:30.000000000,BEST_BID,"JPM,99825,172"
2019-06-28 15:49:30.000000000,BEST_ASK,"JPM,100142,243"
2019-06-28 15:49:30.000000000,BEST_BID,"JPM,99825,172"
2019-06-28 15:49:30.000000000,BEST_ASK,"JPM,100142,243"
2019-06-28 15:49:30.000000000,BEST_BID,"JPM,99825,172"
2019-06-28 15:49:30.000000000,BEST_ASK,"JPM,100142,243"
2019-06-28 15:49:30.000000000,BEST_BID,"JPM,99825,172"
2019-06-28 15:49:30.000000000,BEST_ASK,"JPM,100142,243"
2019-06-28 15:49:30.000000000,BEST_BID,"JPM,99825,172"
2019-06-28 15:49:30.000000000,BEST_ASK,"JPM,100142,243"
2019-06-28 15:49:30.000000000,BEST_BID,"JPM,99825,172"
2019-06-28 15:49:30.000000000,BEST_ASK,"JPM,100142,317"
2019-06-28 15:49:30.000000000,BEST_BID,"JPM,99825,172"
2019-06-28 15:49:30.000000000,BEST_ASK,"JPM,100142,317"
2019-06-28 15:49:30.000000000,BEST_BID,"JPM,99825,172"
2019-06-28 15:49:30.000000000,BEST_ASK,"JPM,100142,317"
2019-06-28 15:49:30.000000000,BEST_BID,"JPM,99825,172"
2019-06-28 15:49:30.000000000,BEST_ASK,"JPM,100142,317"
2019-06-28 15:49:30.000000000,BEST_BID,"JPM,99825,172"
2019-06-28 15:49:30.000000000,BEST_ASK,"JPM,100142,317"
2019-06-28 15:49:30.109156863,QUERY_ORDER_STREAM,76
2019-06-28 15:49:30.109156863,QUERY_SPREAD,76
2019-06-28 15:49:30.109156863,BEST_BID,"JPM,99825,172"
2019-06-28 15:49:30.109156863,BEST_ASK,"JPM,100142,417"
2019-06-28 15:49:39.550212651,QUERY_ORDER_STREAM,59
2019-06-28 15:49:39.550212651,QUERY_SPREAD,59
2019-06-28 15:49:40.000000000,QUERY_SPREAD,1
2019-06-28 15:49:40.000000000,BEST_BID,"JPM,99825,172"
2019-06-28 15:49:40.000000000,BEST_ASK,"JPM,100142,343"
2019-06-28 15:49:40.000000000,BEST_BID,"JPM,99825,172"
2019-06-28 15:49:40.000000000,BEST_ASK,"JPM,100142,343"
2019-06-28 15:49:40.000000000,BEST_BID,"JPM,99825,172"
2019-06-28 15:49:40.000000000,BEST_ASK,"JPM,100142,343"
2019-06-28 15:49:40.000000000,BEST_BID,"JPM,99825,172"
2019-06-28 15:49:40.000000000,BEST_ASK,"JPM,100142,343"
2019-06-28 15:49:40.000000000,BEST_BID,"JPM,99825,172"
2019-06-28 15:49:40.000000000,BEST_ASK,"JPM,100142,343"
2019-06-28 15:49:40.000000000,BEST_BID,"JPM,99825,172"
2019-06-28 15:49:40.000000000,BEST_ASK,"JPM,100142,417"
2019-06-28 15:49:40.000000000,BEST_BID,"JPM,99825,172"
2019-06-28 15:49:40.000000000,BEST_ASK,"JPM,100142,417"
2019-06-28 15:49:40.000000000,BEST_BID,"JPM,99825,172"
2019-06-28 15:49:40.000000000,BEST_ASK,"JPM,100142,417"
2019-06-28 15:49:40.000000000,BEST_BID,"JPM,99825,172"
2019-06-28 15:49:40.000000000,BEST_ASK,"JPM,100142,417"
2019-06-28 15:49:40.000000000,BEST_BID,"JPM,99825,172"
2019-06-28 15:49:40.000000000,BEST_ASK,"JPM,100142,417"
2019-06-28 15:49:48.926512557,QUERY_ORDER_STREAM,66
2019-06-28 15:49:48.926512557,QUERY_SPREAD,66
2019-06-28 15:49:48.926512557,BEST_BID,"JPM,99825,172"
2019-06-28 15:49:48.926512557,BEST_ASK,"JPM,100142,517"
2019-06-28 15:49:50.000000000,QUERY_SPREAD,1
2019-06-28 15:49:50.000000000,BEST_BID,"JPM,99825,469"
2019-06-28 15:49:50.000000000,BEST_ASK,"JPM,100142,443"
2019-06-28 15:49:50.000000000,BEST_BID,"JPM,99825,469"
2019-06-28 15:49:50.000000000,BEST_ASK,"JPM,100142,814"
2019-06-28 15:49:57.145404900,QUERY_SPREAD,34
2019-06-28 15:49:57.145404900,BEST_BID,"JPM,99825,469"
2019-06-28 15:49:57.145404900,BEST_ASK,"JPM,100142,814"
2019-06-28 15:50:00.000000000,QUERY_SPREAD,1
2019-06-28 15:50:00.000000000,BEST_BID,"JPM,99825,284"
2019-06-28 15:50:00.000000000,BEST_ASK,"JPM,100142,443"
2019-06-28 15:50:00.000000000,BEST_BID,"JPM,99825,284"
2019-06-28 15:50:00.000000000,BEST_ASK,"JPM,100142,443"
2019-06-28 15:50:00.000000000,BEST_BID,"JPM,99825,284"
2019-06-28 15:50:00.000000000,BEST_ASK,"JPM,100142,629"
2019-06-28 15:50:00.000000000,BEST_BID,"JPM,99825,284"
2019-06-28 15:50:00.000000000,BEST_ASK,"JPM,100142,629"
2019-06-28 15:50:00.000000000,QUERY_SPREAD,77
2019-06-28 15:50:00.000000000,BEST_BID,"JPM,99825,284"
2019-06-28 15:50:00.000000000,BEST_ASK,"JPM,100142,624"
2019-06-28 15:50:00.000000000,LAST_TRADE,"5,$100142.0000"
2019-06-28 15:50:00.000000000,QUERY_SPREAD,78
2019-06-28 15:50:00.000000000,BEST_BID,"JPM,99825,284"
2019-06-28 15:50:00.000000000,BEST_ASK,"JPM,100142,616"
2019-06-28 15:50:00.000000000,LAST_TRADE,"8,$100142.0000"
2019-06-28 15:50:00.000000000,QUERY_SPREAD,79
2019-06-28 15:50:00.000000000,BEST_BID,"JPM,99825,284"
2019-06-28 15:50:00.000000000,BEST_ASK,"JPM,100142,611"
2019-06-28 15:50:00.000000000,LAST_TRADE,"5,$100142.0000"
2019-06-28 15:50:00.000000000,QUERY_SPREAD,80
2019-06-28 15:50:00.000000000,BEST_BID,"JPM,99825,284"
2019-06-28 15:50:00.000000000,BEST_ASK,"JPM,100142,603"
2019-06-28 15:50:00.000000000,LAST_TRADE,"8,$100142.0000"
2019-06-28 15:50:00.000000000,QUERY_SPREAD,81
2019-06-28 15:50:00.000000000,BEST_BID,"JPM,99825,284"
2019-06-28 15:50:00.000000000,BEST_ASK,"JPM,100142,594"
2019-06-28 15:50:00.000000000,LAST_TRADE,"9,$100142.0000"
2019-06-28 15:50:00.000000000,QUERY_SPREAD,82
2019-06-28 15:50:00.000000000,BEST_BID,"JPM,99825,284"
2019-06-28 15:50:00.000000000,BEST_ASK,"JPM,100142,591"
2019-06-28 15:50:00.000000000,LAST_TRADE,"3,$100142.0000"
2019-06-28 15:50:00.000000000,QUERY_SPREAD,83
2019-06-28 15:50:00.000000000,BEST_BID,"JPM,99825,284"
2019-06-28 15:50:00.000000000,BEST_ASK,"JPM,100142,583"
2019-06-28 15:50:00.000000000,LAST_TRADE,"8,$100142.0000"
2019-06-28 15:50:00.000000000,QUERY_SPREAD,84
2019-06-28 15:50:00.000000000,BEST_BID,"JPM,99825,284"
2019-06-28 15:50:00.000000000,BEST_ASK,"JPM,100142,579"
2019-06-28 15:50:00.000000000,LAST_TRADE,"4,$100142.0000"
2019-06-28 15:50:00.000000000,QUERY_SPREAD,85
2019-06-28 15:50:00.000000000,BEST_BID,"JPM,99825,284"
2019-06-28 15:50:00.000000000,BEST_ASK,"JPM,100142,574"
2019-06-28 15:50:00.000000000,LAST_TRADE,"5,$100142.0000"
2019-06-28 15:50:00.000000000,QUERY_SPREAD,86
2019-06-28 15:50:00.000000000,BEST_BID,"JPM,99825,284"
2019-06-28 15:50:00.000000000,BEST_ASK,"JPM,100142,572"
2019-06-28 15:50:00.000000000,LAST_TRADE,"2,$100142.0000"
2019-06-28 15:50:00.000000000,QUERY_SPREAD,87
2019-06-28 15:50:00.000000000,BEST_BID,"JPM,99825,284"
2019-06-28 15:50:00.000000000,BEST_ASK,"JPM,100142,565"
2019-06-28 15:50:00.000000000,LAST_TRADE,"7,$100142.0000"
2019-06-28 15:50:00.000000000,QUERY_SPREAD,88
2019-06-28 15:50:00.000000000,BEST_BID,"JPM,99825,284"
2019-06-28 15:50:00.000000000,BEST_ASK,"JPM,100142,557"
2019-06-28 15:50:00.000000000,LAST_TRADE,"8,$100142.0000"
2019-06-28 15:50:00.000000000,QUERY_SPREAD,89
2019-06-28 15:50:00.000000000,BEST_BID,"JPM,99825,284"
2019-06-28 15:50:00.000000000,BEST_ASK,"JPM,100142,552"
2019-06-28 15:50:00.000000000,LAST_TRADE,"5,$100142.0000"
2019-06-28 15:50:00.000000000,QUERY_SPREAD,90
2019-06-28 15:50:00.000000000,BEST_BID,"JPM,99825,284"
2019-06-28 15:50:00.000000000,BEST_ASK,"JPM,100142,548"
2019-06-28 15:50:00.000000000,LAST_TRADE,"4,$100142.0000"
2019-06-28 15:50:00.000000000,QUERY_SPREAD,91
2019-06-28 15:50:00.000000000,BEST_BID,"JPM,99825,284"
2019-06-28 15:50:00.000000000,BEST_ASK,"JPM,100142,545"
2019-06-28 15:50:00.000000000,LAST_TRADE,"3,$100142.0000"
2019-06-28 15:50:00.000000000,QUERY_SPREAD,92
2019-06-28 15:50:00.000000000,BEST_BID,"JPM,99825,284"
2019-06-28 15:50:00.000000000,BEST_ASK,"JPM,100142,540"
2019-06-28 15:50:00.000000000,LAST_TRADE,"5,$100142.0000"
2019-06-28 15:50:00.000000000,QUERY_SPREAD,93
2019-06-28 15:50:00.000000000,BEST_BID,"JPM,99825,284"
2019-06-28 15:50:00.000000000,BEST_ASK,"JPM,100142,533"
2019-06-28 15:50:00.000000000,LAST_TRADE,"7,$100142.0000"
2019-06-28 15:50:00.000000000,QUERY_SPREAD,94
2019-06-28 15:50:00.000000000,BEST_BID,"JPM,99825,284"
2019-06-28 15:50:00.000000000,BEST_ASK,"JPM,100142,532"
2019-06-28 15:50:00.000000000,LAST_TRADE,"1,$100142.0000"
2019-06-28 15:50:00.000000000,QUERY_SPREAD,95
2019-06-28 15:50:00.000000000,BEST_BID,"JPM,99825,284"
2019-06-28 15:50:00.000000000,BEST_ASK,"JPM,100142,531"
2019-06-28 15:50:00.000000000,LAST_TRADE,"1,$100142.0000"
2019-06-28 15:50:00.000000000,QUERY_SPREAD,96
2019-06-28 15:50:00.000000000,BEST_BID,"JPM,99825,284"
2019-06-28 15:50:00.000000000,BEST_ASK,"JPM,100142,527"
2019-06-28 15:50:00.000000000,LAST_TRADE,"4,$100142.0000"
2019-06-28 15:50:00.000000000,QUERY_SPREAD,97
2019-06-28 15:50:00.000000000,BEST_BID,"JPM,99825,284"
2019-06-28 15:50:00.000000000,BEST_ASK,"JPM,100142,524"
2019-06-28 15:50:00.000000000,LAST_TRADE,"3,$100142.0000"
2019-06-28 15:50:00.000000000,QUERY_SPREAD,98
2019-06-28 15:50:00.000000000,BEST_BID,"JPM,99825,284"
2019-06-28 15:50:00.000000000,BEST_ASK,"JPM,100142,519"
2019-06-28 15:50:00.000000000,LAST_TRADE,"5,$100142.0000"
2019-06-28 15:50:00.000000000,QUERY_SPREAD,99
2019-06-28 15:50:00.000000000,BEST_BID,"JPM,99825,284"
2019-06-28 15:50:00.000000000,BEST_ASK,"JPM,100142,515"
2019-06-28 15:50:00.000000000,LAST_TRADE,"4,$100142.0000"
2019-06-28 15:50:00.000000000,QUERY_SPREAD,100
2019-06-28 15:50:00.000000000,BEST_BID,"JPM,99825,284"
2019-06-28 15:50:00.000000000,BEST_ASK,"JPM,100142,510"
2019-06-28 15:50:00.000000000,LAST_TRADE,"5,$100142.0000"
2019-06-28 15:50:00.000000000,QUERY_SPREAD,101
2019-06-28 15:50:00.000000000,BEST_BID,"JPM,99825,283"
2019-06-28 15:50:00.000000000,BEST_ASK,"JPM,100142,510"
2019-06-28 15:50:00.000000000,LAST_TRADE,"1,$99825.0000"
2019-06-28 15:50:10.000000000,QUERY_SPREAD,1
2019-06-28 15:50:10.000000000,BEST_BID,"JPM,99825,223"
2019-06-28 15:50:10.000000000,BEST_ASK,"JPM,100142,324"
2019-06-28 15:50:10.000000000,BEST_BID,"JPM,99825,223"
2019-06-28 15:50:10.000000000,BEST_ASK,"JPM,100142,324"
2019-06-28 15:50:10.000000000,BEST_BID,"JPM,99825,223"
2019-06-28 15:50:10.000000000,BEST_ASK,"JPM,100142,324"
2019-06-28 15:50:10.000000000,BEST_BID,"JPM,99825,223"
2019-06-28 15:50:10.000000000,BEST_ASK,"JPM,100142,450"
2019-06-28 15:50:10.000000000,BEST_BID,"JPM,99825,223"
2019-06-28 15:50:10.000000000,BEST_ASK,"JPM,100142,450"
2019-06-28 15:50:10.000000000,BEST_BID,"JPM,99825,223"
2019-06-28 15:50:10.000000000,BEST_ASK,"JPM,100142,450"
2019-06-28 15:50:11.290583880,QUERY_SPREAD,38
2019-06-28 15:50:11.290583880,BEST_BID,"JPM,99825,223"
2019-06-28 15:50:11.290583880,BEST_ASK,"JPM,100142,450"
2019-06-28 15:50:13.900247208,QUERY_SPREAD,39
2019-06-28 15:50:13.900247208,BEST_BID,"JPM,99825,223"
2019-06-28 15:50:13.900247208,BEST_ASK,"JPM,100142,450"
2019-06-28 15:50:17.611620646,QUERY_ORDER_STREAM,71
2019-06-28 15:50:17.611620646,QUERY_SPREAD,71
2019-06-28 15:50:20.000000000,QUERY_SPREAD,1
2019-06-28 15:50:20.000000000,BEST_BID,"JPM,99825,190"
2019-06-28 15:50:20.000000000,BEST_ASK,"JPM,100142,324"
2019-06-28 15:50:20.000000000,BEST_BID,"JPM,99825,190"
2019-06-28 15:50:20.000000000,BEST_ASK,"JPM,100142,324"
2019-06-28 15:50:20.000000000,BEST_BID,"JPM,99825,190"
2019-06-28 15:50:20.000000000,BEST_ASK,"JPM,100142,324"
2019-06-28 15:50:20.000000000,BEST_BID,"JPM,99825,190"
2019-06-28 15:50:20.000000000,BEST_ASK,"JPM,100142,324"
2019-06-28 15:50:20.000000000,BEST_BID,"JPM,99825,190"
2019-06-28 15:50:20.000000000,BEST_ASK,"JPM,100142,417"
2019-06-28 15:50:20.000000000,BEST_BID,"JPM,99825,190"
2019-06-28 15:50:20.000000000,BEST_ASK,"JPM,100142,417"
2019-06-28 15:50:20.000000000,BEST_BID,"JPM,99825,190"
2019-06-28 15:50:20.000000000,BEST_ASK,"JPM,100142,417"
2019-06-28 15:50:20.000000000,BEST_BID,"JPM,99825,190"
2019-06-28 15:50:20.000000000,BEST_ASK,"JPM,100142,417"
2019-06-28 15:50:26.842835921,QUERY_SPREAD,46
2019-06-28 15:50:26.842835921,BEST_BID,"JPM,99825,90"
2019-06-28 15:50:26.842835921,BEST_ASK,"JPM,100142,417"
2019-06-28 15:50:26.842835921,LAST_TRADE,"100,$99825.0000"
2019-06-28 15:50:26.874852708,QUERY_ORDER_STREAM,62
2019-06-28 15:50:26.874852708,QUERY_SPREAD,62
2019-06-28 15:50:26.874852708,BEST_BID,"JPM,99794,193"
2019-06-28 15:50:26.874852708,BEST_ASK,"JPM,99825,10"
2019-06-28 15:50:26.874852708,LAST_TRADE,"90,$99825.0000"
2019-06-28 15:50:30.000000000,QUERY_SPREAD,1
2019-06-28 15:50:30.000000000,BEST_BID,"JPM,99794,193"
2019-06-28 15:50:30.000000000,BEST_ASK,"JPM,99825,10"
2019-06-28 15:50:30.000000000,BEST_BID,"JPM,99794,193"
2019-06-28 15:50:30.000000000,BEST_ASK,"JPM,99825,10"
2019-06-28 15:50:30.000000000,BEST_BID,"JPM,99794,193"
2019-06-28 15:50:30.000000000,BEST_ASK,"JPM,99825,10"
2019-06-28 15:50:30.000000000,BEST_BID,"JPM,99794,193"
2019-06-28 15:50:30.000000000,BEST_ASK,"JPM,99825,10"
2019-06-28 15:50:30.000000000,BEST_BID,"JPM,99794,193"
2019-06-28 15:50:30.000000000,BEST_ASK,"JPM,99825,103"
2019-06-28 15:50:30.000000000,BEST_BID,"JPM,99794,193"
2019-06-28 15:50:30.000000000,BEST_ASK,"JPM,99825,103"
2019-06-28 15:50:30.000000000,BEST_BID,"JPM,99794,193"
2019-06-28 15:50:30.000000000,BEST_ASK,"JPM,99825,103"
2019-06-28 15:50:30.000000000,BEST_BID,"JPM,99794,193"
2019-06-28 15:50:30.000000000,BEST_ASK,"JPM,99825,103"
2019-06-28 15:50:37.041981335,QUERY_SPREAD,4
2019-06-28 15:50:37.041981335,BEST_BID,"JPM,99794,193"
2019-06-28 15:50:37.041981335,BEST_ASK,"JPM,99825,103"
2019-06-28 15:50:40.000000000,QUERY_SPREAD,1
2019-06-28 15:50:40.000000000,BEST_BID,"JPM,99794,193"
2019-06-28 15:50:40.000000000,BEST_ASK,"JPM,99825,10"
2019-06-28 15:50:40.000000000,BEST_BID,"JPM,99794,193"
2019-06-28 15:50:40.000000000,BEST_ASK,"JPM,99825,10"
2019-06-28 15:50:40.000000000,BEST_BID,"JPM,99794,193"
2019-06-28 15:50:40.000000000,BEST_ASK,"JPM,99825,10"
2019-06-28 15:50:40.000000000,BEST_BID,"JPM,99794,193"
2019-06-28 15:50:40.000000000,BEST_ASK,"JPM,99825,10"
2019-06-28 15:50:40.000000000,BEST_BID,"JPM,99794,193"
2019-06-28 15:50:40.000000000,BEST_ASK,"JPM,99825,103"
2019-06-28 15:50:40.000000000,BEST_BID,"JPM,99794,193"
2019-06-28 15:50:40.000000000,BEST_ASK,"JPM,99825,103"
2019-06-28 15:50:40.000000000,BEST_BID,"JPM,99794,193"
2019-06-28 15:50:40.000000000,BEST_ASK,"JPM,99825,103"
2019-06-28 15:50:40.000000000,BEST_BID,"JPM,99794,193"
2019-06-28 15:50:40.000000000,BEST_ASK,"JPM,99825,103"
2019-06-28 15:50:42.295440624,QUERY_SPREAD,34
2019-06-28 15:50:42.295440624,BEST_BID,"JPM,99794,193"
2019-06-28 15:50:42.295440624,BEST_ASK,"JPM,99825,103"
2019-06-28 15:50:43.788496877,QUERY_ORDER_STREAM,64
2019-06-28 15:50:43.788496877,QUERY_SPREAD,64
2019-06-28 15:50:43.788496877,BEST_BID,"JPM,99794,193"
2019-06-28 15:50:43.788496877,BEST_ASK,"JPM,99825,203"
2019-06-28 15:50:50.000000000,QUERY_SPREAD,1
2019-06-28 15:50:50.000000000,BEST_BID,"JPM,99794,193"
2019-06-28 15:50:50.000000000,BEST_ASK,"JPM,99825,110"
2019-06-28 15:50:50.000000000,BEST_BID,"JPM,99794,193"
2019-06-28 15:50:50.000000000,BEST_ASK,"JPM,99825,110"
2019-06-28 15:50:50.000000000,BEST_BID,"JPM,99794,193"
2019-06-28 15:50:50.000000000,BEST_ASK,"JPM,99825,110"
2019-06-28 15:50:50.000000000,BEST_BID,"JPM,99794,193"
2019-06-28 15:50:50.000000000,BEST_ASK,"JPM,99825,110"
2019-06-28 15:50:50.000000000,BEST_BID,"JPM,99794,193"
2019-06-28 15:50:50.000000000,BEST_ASK,"JPM,99825,203"
2019-06-28 15:50:50.000000000,BEST_BID,"JPM,99794,193"
2019-06-28 15:50:50.000000000,BEST_ASK,"JPM,99825,203"
2019-06-28 15:50:50.000000000,BEST_BID,"JPM,99794,193"
2019-06-28 15:50:50.000000000,BEST_ASK,"JPM,99825,203"
2019-06-28 15:50:50.000000000,BEST_BID,"JPM,99794,193"
2019-06-28 15:50:50.000000000,BEST_ASK,"JPM,99825,203"
2019-06-28 15:51:00.000000000,QUERY_SPREAD,1
2019-06-28 15:51:00.000000000,BEST_BID,"JPM,99794,226"
2019-06-28 15:51:00.000000000,BEST_ASK,"JPM,99825,110"
2019-06-28 15:51:00.000000000,BEST_BID,"JPM,99794,226"
2019-06-28 15:51:00.000000000,BEST_ASK,"JPM,99825,110"
2019-06-28 15:51:00.000000000,BEST_BID,"JPM,99794,226"
2019-06-28 15:51:00.000000000,BEST_ASK,"JPM,99825,110"
2019-06-28 15:51:00.000000000,BEST_BID,"JPM,99794,226"
2019-06-28 15:51:00.000000000,BEST_ASK,"JPM,99825,236"
2019-06-28 15:51:00.000000000,BEST_BID,"JPM,99794,226"
2019-06-28 15:51:00.000000000,BEST_ASK,"JPM,99825,236"
2019-06-28 15:51:00.000000000,BEST_BID,"JPM,99794,226"
2019-06-28 15:51:00.000000000,BEST_ASK,"JPM,99825,236"
2019-06-28 15:51:00.000000000,QUERY_SPREAD,77
2019-06-28 15:51:00.000000000,BEST_BID,"JPM,99794,226"
2019-06-28 15:51:00.000000000,BEST_ASK,"JPM,99825,231"
2019-06-28 15:51:00.000000000,LAST_TRADE,"5,$99825.0000"
2019-06-28 15:51:00.000000000,QUERY_SPREAD,78
2019-06-28 15:51:00.000000000,BEST_BID,"JPM,99794,226"
2019-06-28 15:51:00.000000000,BEST_ASK,"JPM,99825,223"
2019-06-28 15:51:00.000000000,LAST_TRADE,"8,$99825.0000"
2019-06-28 15:51:00.000000000,QUERY_SPREAD,79
2019-06-28 15:51:00.000000000,BEST_BID,"JPM,99794,226"
2019-06-28 15:51:00.000000000,BEST_ASK,"JPM,99825,218"
2019-06-28 15:51:00.000000000,LAST_TRADE,"5,$99825.0000"
2019-06-28 15:51:00.000000000,QUERY_SPREAD,80
2019-06-28 15:51:00.000000000,BEST_BID,"JPM,99794,226"
2019-06-28 15:51:00.000000000,BEST_ASK,"JPM,99825,210"
2019-06-28 15:51:00.000000000,LAST_TRADE,"8,$99825.0000"
2019-06-28 15:51:00.000000000,QUERY_SPREAD,81
2019-06-28 15:51:00.000000000,BEST_BID,"JPM,99794,226"
2019-06-28 15:51:00.000000000,BEST_ASK,"JPM,99825,201"
2019-06-28 15:51:00.000000000,LAST_TRADE,"9,$99825.0000"
2019-06-28 15:51:00.000000000,QUERY_SPREAD,82
2019-06-28 15:51:00.000000000,BEST_BID,"JPM,99794,226"
2019-06-28 15:51:00.000000000,BEST_ASK,"JPM,99825,198"
2019-06-28 15:51:00.000000000,LAST_TRADE,"3,$99825.0000"
2019-06-28 15:51:00.000000000,QUERY_SPREAD,83
2019-06-28 15:51:00.000000000,BEST_BID,"JPM,99794,226"
2019-06-28 15:51:00.000000000,BEST_ASK,"JPM,99825,190"
2019-06-28 15:51:00.000000000,LAST_TRADE,"8,$99825.0000"
2019-06-28 15:51:00.000000000,QUERY_SPREAD,84
2019-06-28 15:51:00.000000000,BEST_BID,"JPM,99794,226"
2019-06-28 15:51:00.000000000,BEST_ASK,"JPM,99825,186"
2019-06-28 15:51:00.000000000,LAST_TRADE,"4,$99825.0000"
2019-06-28 15:51:00.000000000,QUERY_SPREAD,85
2019-06-28 15:51:00.000000000,BEST_BID,"JPM,99794,226"
2019-06-28 15:51:00.000000000,BEST_ASK,"JPM,99825,181"
2019-06-28 15:51:00.000000000,LAST_TRADE,"5,$99825.0000"
2019-06-28 15:51:00.000000000,QUERY_SPREAD,86
2019-06-28 15:51:00.000000000,BEST_BID,"JPM,99794,226"
2019-06-28 15:51:00.000000000,BEST_ASK,"JPM,99825,179"
2019-06-28 15:51:00.000000000,LAST_TRADE,"2,$99825.0000"
2019-06-28 15:51:00.000000000,QUERY_SPREAD,87
2019-06-28 15:51:00.000000000,BEST_BID,"JPM,99794,226"
2019-06-28 15:51:00.000000000,BEST_ASK,"JPM,99825,172"
2019-06-28 15:51:00.000000000,LAST_TRADE,"7,$99825.0000"
2019-06-28 15:51:00.000000000,QUERY_SPREAD,88
2019-06-28 15:51:00.000000000,BEST_BID,"JPM,99794,226"
2019-06-28 15:51:00.000000000,BEST_ASK,"JPM,99825,164"
2019-06-28 15:51:00.000000000,LAST_TRADE,"8,$99825.0000"
2019-06-28 15:51:00.000000000,QUERY_SPREAD,89
2019-06-28 15:51:00.000000000,BEST_BID,"JPM,99794,226"
2019-06-28 15:51:00.000000000,BEST_ASK,"JPM,99825,159"
2019-06-28 15:51:00.000000000,LAST_TRADE,"5,$99825.0000"
2019-06-28 15:51:00.000000000,QUERY_SPREAD,90
2019-06-28 15:51:00.000000000,BEST_BID,"JPM,99794,226"
2019-06-28 15:51:00.000000000,BEST_ASK,"JPM,99825,155"
2019-06-28 15:51:00.000000000,LAST_TRADE,"4,$99825.0000"
2019-06-28 15:51:00.000000000,QUERY_SPREAD,91
2019-06-28 15:51:00.000000000,BEST_BID,"JPM,99794,226"
2019-06-28 15:51:00.000000000,BEST_ASK,"JPM,99825,152"
2019-06-28 15:51:00.000000000,LAST_TRADE,"3,$99825.0000"
2019-06-28 15:51:00.000000000,QUERY_SPREAD,92
2019-06-28 15:51:00.000000000,BEST_BID,"JPM,99794,226"
2019-06-28 15:51:00.000000000,BEST_ASK,"JPM,99825,147"
2019-06-28 15:51:00.000000000,LAST_TRADE,"5,$99825.0000"
2019-06-28 15:51:00.000000000,QUERY_SPREAD,93
2019-06-28 15:51:00.000000000,BEST_BID,"JPM,99794,226"
2019-06-28 15:51:00.000000000,BEST_ASK,"JPM,99825,140"
2019-06-28 15:51:00.000000000,LAST_TRADE,"7,$99825.0000"
2019-06-28 15:51:00.000000000,QUERY_SPREAD,94
2019-06-28 15:51:00.000000000,BEST_BID,"JPM,99794,226"
2019-06-28 15:51:00.000000000,BEST_ASK,"JPM,99825,139"
2019-06-28 15:51:00.000000000,LAST_TRADE,"1,$99825.0000"
2019-06-28 15:51:00.000000000,QUERY_SPREAD,95
2019-06-28 15:51:00.000000000,BEST_BID,"JPM,99794,226"
2019-06-28 15:51:00.000000000,BEST_ASK,"JPM,99825,138"
2019-06-28 15:51:00.000000000,LAST_TRADE,"1,$99825.0000"
2019-06-28 15:51:00.000000000,QUERY_SPREAD,96
2019-06-28 15:51:00.000000000,BEST_BID,"JPM,99794,226"
2019-06-28 15:51:00.000000000,BEST_ASK,"JPM,99825,134"
2019-06-28 15:51:00.000000000,LAST_TRADE,"4,$99825.0000"
2019-06-28 15:51:00.000000000,QUERY_SPREAD,97
2019-06-28 15:51:00.000000000,BEST_BID,"JPM,99794,226"
2019-06-28 15:51:00.000000000,BEST_ASK,"JPM,99825,131"
2019-06-28 15:51:00.000000000,LAST_TRADE,"3,$99825.0000"
2019-06-28 15:51:00.000000000,QUERY_SPREAD,98
2019-06-28 15:51:00.000000000,BEST_BID,"JPM,99794,226"
2019-06-28 15:51:00.000000000,BEST_ASK,"JPM,99825,126"
2019-06-28 15:51:00.000000000,LAST_TRADE,"5,$99825.0000"
2019-06-28 15:51:00.000000000,QUERY_SPREAD,99
2019-06-28 15:51:00.000000000,BEST_BID,"JPM,99794,226"
2019-06-28 15:51:00.000000000,BEST_ASK,"JPM,99825,122"
2019-06-28 15:51:00.000000000,LAST_TRADE,"4,$99825.0000"
2019-06-28 15:51:00.000000000,QUERY_SPREAD,100
2019-06-28 15:51:00.000000000,BEST_BID,"JPM,99794,226"
2019-06-28 15:51:00.000000000,BEST_ASK,"JPM,99825,117"
2019-06-28 15:51:00.000000000,LAST_TRADE,"5,$99825.0000"
2019-06-28 15:51:00.000000000,QUERY_SPREAD,101
2019-06-28 15:51:00.000000000,BEST_BID,"JPM,99794,225"
2019-06-28 15:51:00.000000000,BEST_ASK,"JPM,99825,117"
2019-06-28 15:51:00.000000000,LAST_TRADE,"1,$99794.0000"
2019-06-28 15:51:06.933693085,QUERY_ORDER_STREAM,52
2019-06-28 15:51:06.933693085,QUERY_SPREAD,52
2019-06-28 15:51:06.933693085,BEST_BID,"JPM,99794,225"
2019-06-28 15:51:06.933693085,BEST_ASK,"JPM,99825,217"
2019-06-28 15:51:08.296847621,QUERY_SPREAD,26
2019-06-28 15:51:08.296847621,BEST_BID,"JPM,99794,225"
2019-06-28 15:51:08.296847621,BEST_ASK,"JPM,99825,217"
2019-06-28 15:51:10.000000000,QUERY_SPREAD,1
2019-06-28 15:51:10.000000000,BEST_BID,"JPM,99794,470"
2019-06-28 15:51:10.000000000,BEST_ASK,"JPM,99825,100"
2019-06-28 15:51:10.000000000,BEST_BID,"JPM,99794,470"
2019-06-28 15:51:10.000000000,BEST_ASK,"JPM,99825,471"
2019-06-28 15:51:10.735761717,QUERY_SPREAD,21
2019-06-28 15:51:10.735761717,BEST_BID,"JPM,99794,370"
2019-06-28 15:51:10.735761717,BEST_ASK,"JPM,99825,471"
2019-06-28 15:51:10.735761717,LAST_TRADE,"100,$99794.0000"
2019-06-28 15:51:11.382399903,QUERY_ORDER_STREAM,66
2019-06-28 15:51:11.382399903,QUERY_SPREAD,66
2019-06-28 15:51:11.382399903,BEST_BID,"JPM,99794,270"
2019-06-28 15:51:11.382399903,BEST_ASK,"JPM,99825,471"
2019-06-28 15:51:11.382399903,LAST_TRADE,"100,$99794.0000"
2019-06-28 15:51:12.860579414,QUERY_SPREAD,33
2019-06-28 15:51:12.860579414,BEST_BID,"JPM,99794,270"
2019-06-28 15:51:12.860579414,BEST_ASK,"JPM,99825,471"
2019-06-28 15:51:14.597105587,QUERY_SPREAD,38
2019-06-28 15:51:14.597105587,BEST_BID,"JPM,99794,270"
2019-06-28 15:51:14.597105587,BEST_ASK,"JPM,99825,471"
2019-06-28 15:51:20.000000000,QUERY_SPREAD,1
2019-06-28 15:51:20.000000000,BEST_BID,"JPM,99547,174"
2019-06-28 15:51:20.000000000,BEST_ASK,"JPM,99825,100"
2019-06-28 15:51:20.000000000,BEST_BID,"JPM,99547,174"
2019-06-28 15:51:20.000000000,BEST_ASK,"JPM,99825,100"
2019-06-28 15:51:20.000000000,BEST_BID,"JPM,99547,174"
2019-06-28 15:51:20.000000000,BEST_ASK,"JPM,99825,100"
2019-06-28 15:51:20.000000000,BEST_BID,"JPM,99547,174"
2019-06-28 15:51:20.000000000,BEST_ASK,"JPM,99825,100"
2019-06-28 15:51:20.000000000,BEST_BID,"JPM,99547,174"
2019-06-28 15:51:20.000000000,BEST_ASK,"JPM,99825,100"
2019-06-28 15:51:20.000000000,BEST_BID,"JPM,99547,174"
2019-06-28 15:51:20.000000000,BEST_ASK,"JPM,99825,174"
2019-06-28 15:51:20.000000000,BEST_BID,"JPM,99547,174"
2019-06-28 15:51:20.000000000,BEST_ASK,"JPM,99825,174"
2019-06-28 15:51:20.000000000,BEST_BID,"JPM,99547,174"
2019-06-28 15:51:20.000000000,BEST_ASK,"JPM,99825,174"
2019-06-28 15:51:20.000000000,BEST_BID,"JPM,99547,174"
2019-06-28 15:51:20.000000000,BEST_ASK,"JPM,99825,174"
2019-06-28 15:51:20.000000000,BEST_BID,"JPM,99547,174"
2019-06-28 15:51:20.000000000,BEST_ASK,"JPM,99825,174"
2019-06-28 15:51:30.000000000,QUERY_SPREAD,1
2019-06-28 15:51:30.000000000,BEST_BID,"JPM,99547,286"
2019-06-28 15:51:30.000000000,BEST_ASK,"JPM,99825,100"
2019-06-28 15:51:30.000000000,BEST_BID,"JPM,99547,286"
2019-06-28 15:51:30.000000000,BEST_ASK,"JPM,99825,100"
2019-06-28 15:51:30.000000000,BEST_BID,"JPM,99547,286"
2019-06-28 15:51:30.000000000,BEST_ASK,"JPM,99825,286"
2019-06-28 15:51:30.000000000,BEST_BID,"JPM,99547,286"
2019-06-28 15:51:30.000000000,BEST_ASK,"JPM,99825,286"
2019-06-28 15:51:40.000000000,QUERY_SPREAD,1
2019-06-28 15:51:40.000000000,BEST_BID,"JPM,99547,286"
2019-06-28 15:51:40.000000000,BEST_ASK,"JPM,99825,100"
2019-06-28 15:51:40.000000000,BEST_BID,"JPM,99547,286"
2019-06-28 15:51:40.000000000,BEST_ASK,"JPM,99825,100"
2019-06-28 15:51:40.000000000,BEST_BID,"JPM,99547,286"
2019-06-28 15:51:40.000000000,BEST_ASK,"JPM,99825,286"
2019-06-28 15:51:40.000000000,BEST_BID,"JPM,99547,286"
2019-06-28 15:51:40.000000000,BEST_ASK,"JPM,99825,286"
2019-06-28 15:51:44.675214749,QUERY_SPREAD,46
2019-06-28 15:51:44.675214749,BEST_BID,"JPM,99547,286"
2019-06-28 15:51:44.675214749,BEST_ASK,"JPM,99825,286"
2019-06-28 15:51:50.000000000,QUERY_SPREAD,1
2019-06-28 15:51:50.000000000,BEST_BID,"JPM,99547,226"
2019-06-28 15:51:50.000000000,BEST_ASK,"JPM,99825,100"
2019-06-28 15:51:50.000000000,BEST_BID,"JPM,99547,226"
2019-06-28 15:51:50.000000000,BEST_ASK,"JPM,99825,100"
2019-06-28 15:51:50.000000000,BEST_BID,"JPM,99547,226"
2019-06-28 15:51:50.000000000,BEST_ASK,"JPM,99825,100"
2019-06-28 15:51:50.000000000,BEST_BID,"JPM,99547,226"
2019-06-28 15:51:50.000000000,BEST_ASK,"JPM,99825,226"
2019-06-28 15:51:50.000000000,BEST_BID,"JPM,99547,226"
2019-06-28 15:51:50.000000000,BEST_ASK,"JPM,99825,226"
2019-06-28 15:51:50.000000000,BEST_BID,"JPM,99547,226"
2019-06-28 15:51:50.000000000,BEST_ASK,"JPM,99825,226"
2019-06-28 15:52:00.000000000,QUERY_SPREAD,1
2019-06-28 15:52:00.000000000,BEST_BID,"JPM,99547,471"
2019-06-28 15:52:00.000000000,BEST_ASK,"JPM,99825,100"
2019-06-28 15:52:00.000000000,BEST_BID,"JPM,99547,471"
2019-06-28 15:52:00.000000000,BEST_ASK,"JPM,99825,471"
2019-06-28 15:52:00.000000000,QUERY_SPREAD,77
2019-06-28 15:52:00.000000000,BEST_BID,"JPM,99547,471"
2019-06-28 15:52:00.000000000,BEST_ASK,"JPM,99825,466"
2019-06-28 15:52:00.000000000,LAST_TRADE,"5,$99825.0000"
2019-06-28 15:52:00.000000000,QUERY_SPREAD,78
2019-06-28 15:52:00.000000000,BEST_BID,"JPM,99547,471"
2019-06-28 15:52:00.000000000,BEST_ASK,"JPM,99825,458"
2019-06-28 15:52:00.000000000,LAST_TRADE,"8,$99825.0000"
2019-06-28 15:52:00.000000000,QUERY_SPREAD,79
2019-06-28 15:52:00.000000000,BEST_BID,"JPM,99547,471"
2019-06-28 15:52:00.000000000,BEST_ASK,"JPM,99825,453"
2019-06-28 15:52:00.000000000,LAST_TRADE,"5,$99825.0000"
2019-06-28 15:52:00.000000000,QUERY_SPREAD,80
2019-06-28 15:52:00.000000000,BEST_BID,"JPM,99547,471"
2019-06-28 15:52:00.000000000,BEST_ASK,"JPM,99825,445"
2019-06-28 15:52:00.000000000,LAST_TRADE,"8,$99825.0000"
2019-06-28 15:52:00.000000000,QUERY_SPREAD,81
2019-06-28 15:52:00.000000000,BEST_BID,"JPM,99547,471"
2019-06-28 15:52:00.000000000,BEST_ASK,"JPM,99825,436"
2019-06-28 15:52:00.000000000,LAST_TRADE,"9,$99825.0000"
2019-06-28 15:52:00.000000000,QUERY_SPREAD,82
2019-06-28 15:52:00.000000000,BEST_BID,"JPM,99547,471"
2019-06-28 15:52:00.000000000,BEST_ASK,"JPM,99825,433"
2019-06-28 15:52:00.000000000,LAST_TRADE,"3,$99825.0000"
2019-06-28 15:52:00.000000000,QUERY_SPREAD,83
2019-06-28 15:52:00.000000000,BEST_BID,"JPM,99547,471"
2019-06-28 15:52:00.000000000,BEST_ASK,"JPM,99825,425"
2019-06-28 15:52:00.000000000,LAST_TRADE,"8,$99825.0000"
2019-06-28 15:52:00.000000000,QUERY_SPREAD,84
2019-06-28 15:52:00.000000000,BEST_BID,"JPM,99547,471"
2019-06-28 15:52:00.000000000,BEST_ASK,"JPM,99825,421"
2019-06-28 15:52:00.000000000,LAST_TRADE,"4,$99825.0000"
2019-06-28 15:52:00.000000000,QUERY_SPREAD,85
2019-06-28 15:52:00.000000000,BEST_BID,"JPM,99547,471"
2019-06-28 15:52:00.000000000,BEST_ASK,"JPM,99825,416"
2019-06-28 15:52:00.000000000,LAST_TRADE,"5,$99825.0000"
2019-06-28 15:52:00.000000000,QUERY_SPREAD,86
2019-06-28 15:52:00.000000000,BEST_BID,"JPM,99547,471"
2019-06-28 15:52:00.000000000,BEST_ASK,"JPM,99825,414"
2019-06-28 15:52:00.000000000,LAST_TRADE,"2,$99825.0000"
2019-06-28 15:52:00.000000000,QUERY_SPREAD,87
2019-06-28 15:52:00.000000000,BEST_BID,"JPM,99547,471"
2019-06-28 15:52:00.000000000,BEST_ASK,"JPM,99825,407"
2019-06-28 15:52:00.000000000,LAST_TRADE,"7,$99825.0000"
2019-06-28 15:52:00.000000000,QUERY_SPREAD,88
2019-06-28 15:52:00.000000000,BEST_BID,"JPM,99547,471"
2019-06-28 15:52:00.000000000,BEST_ASK,"JPM,99825,399"
2019-06-28 15:52:00.000000000,LAST_TRADE,"8,$99825.0000"
2019-06-28 15:52:00.000000000,QUERY_SPREAD,89
2019-06-28 15:52:00.000000000,BEST_BID,"JPM,99547,471"
2019-06-28 15:52:00.000000000,BEST_ASK,"JPM,99825,394"
2019-06-28 15:52:00.000000000,LAST_TRADE,"5,$99825.0000"
2019-06-28 15:52:00.000000000,QUERY_SPREAD,90
2019-06-28 15:52:00.000000000,BEST_BID,"JPM,99547,471"
2019-06-28 15:52:00.000000000,BEST_ASK,"JPM,99825,390"
2019-06-28 15:52:00.000000000,LAST_TRADE,"4,$99825.0000"
2019-06-28 15:52:00.000000000,QUERY_SPREAD,91
2019-06-28 15:52:00.000000000,BEST_BID,"JPM,99547,471"
2019-06-28 15:52:00.000000000,BEST_ASK,"JPM,99825,387"
2019-06-28 15:52:00.000000000,LAST_TRADE,"3,$99825.0000"
2019-06-28 15:52:00.000000000,QUERY_SPREAD,92
2019-06-28 15:52:00.000000000,BEST_BID,"JPM,99547,471"
2019-06-28 15:52:00.000000000,BEST_ASK,"JPM,99825,382"
2019-06-28 15:52:00.000000000,LAST_TRADE,"5,$99825.0000"
2019-06-28 15:52:00.000000000,QUERY_SPREAD,93
2019-06-28 15:52:00.000000000,BEST_BID,"JPM,99547,471"
2019-06-28 15:52:00.000000000,BEST_ASK,"JPM,99825,375"
2019-06-28 15:52:00.000000000,LAST_TRADE,"7,$99825.0000"
2019-06-28 15:52:00.000000000,QUERY_SPREAD,94
2019-06-28 15:52:00.000000000,BEST_BID,"JPM,99547,471"
2019-06-28 15:52:00.000000000,BEST_ASK,"JPM,99825,374"
2019-06-28 15:52:00.000000000,LAST_TRADE,"1,$99825.0000"
2019-06-28 15:52:00.000000000,QUERY_SPREAD,95
2019-06-28 15:52:00.000000000,BEST_BID,"JPM,99547,471"
2019-06-28 15:52:00.000000000,BEST_ASK,"JPM,99825,373"
2019-06-28 15:52:00.000000000,LAST_TRADE,"1,$99825.0000"
2019-06-28 15:52:00.000000000,QUERY_SPREAD,96
2019-06-28 15:52:00.000000000,BEST_BID,"JPM,99547,471"
2019-06-28 15:52:00.000000000,BEST_ASK,"JPM,99825,369"
2019-06-28 15:52:00.000000000,LAST_TRADE,"4,$99825.0000"
2019-06-28 15:52:00.000000000,QUERY_SPREAD,97
2019-06-28 15:52:00.000000000,BEST_BID,"JPM,99547,471"
2019-06-28 15:52:00.000000000,BEST_ASK,"JPM,99825,366"
2019-06-28 15:52:00.000000000,LAST_TRADE,"3,$99825.0000"
2019-06-28 15:52:00.000000000,QUERY_SPREAD,98
2019-06-28 15:52:00.000000000,BEST_BID,"JPM,99547,471"
2019-06-28 15:52:00.000000000,BEST_ASK,"JPM,99825,361"
2019-06-28 15:52:00.000000000,LAST_TRADE,"5,$99825.0000"
2019-06-28 15:52:00.000000000,QUERY_SPREAD,99
2019-06-28 15:52:00.000000000,BEST_BID,"JPM,99547,471"
2019-06-28 15:52:00.000000000,BEST_ASK,"JPM,99825,357"
2019-06-28 15:52:00.000000000,LAST_TRADE,"4,$99825.0000"
2019-06-28 15:52:00.000000000,QUERY_SPREAD,100
2019-06-28 15:52:00.000000000,BEST_BID,"JPM,99547,471"
2019-06-28 15:52:00.000000000,BEST_ASK,"JPM,99825,352"
2019-06-28 15:52:00.000000000,LAST_TRADE,"5,$99825.0000"
2019-06-28 15:52:00.000000000,QUERY_SPREAD,101
2019-06-28 15:52:00.000000000,BEST_BID,"JPM,99547,470"
2019-06-28 15:52:00.000000000,BEST_ASK,"JPM,99825,352"
2019-06-28 15:52:00.000000000,LAST_TRADE,"1,$99547.0000"
2019-06-28 15:52:03.741401970,QUERY_ORDER_STREAM,54
2019-06-28 15:52:03.741401970,QUERY_SPREAD,54
2019-06-28 15:52:03.741401970,BEST_BID,"JPM,99547,470"
2019-06-28 15:52:03.741401970,BEST_ASK,"JPM,99825,452"
2019-06-28 15:52:10.000000000,QUERY_SPREAD,1
2019-06-28 15:52:10.000000000,BEST_BID,"JPM,99547,285"
2019-06-28 15:52:10.000000000,BEST_ASK,"JPM,99825,100"
2019-06-28 15:52:10.000000000,BEST_BID,"JPM,99547,285"
2019-06-28 15:52:10.000000000,BEST_ASK,"JPM,99825,100"
2019-06-28 15:52:10.000000000,BEST_BID,"JPM,99547,285"
2019-06-28 15:52:10.000000000,BEST_ASK,"JPM,99825,286"
2019-06-28 15:52:10.000000000,BEST_BID,"JPM,99547,285"
2019-06-28 15:52:10.000000000,BEST_ASK,"JPM,99825,286"
2019-06-28 15:52:11.592623088,QUERY_ORDER_STREAM,65
2019-06-28 15:52:11.592623088,QUERY_SPREAD,65
2019-06-28 15:52:11.592623088,BEST_BID,"JPM,99547,285"
2019-06-28 15:52:11.592623088,BEST_ASK,"JPM,99825,386"
2019-06-28 15:52:20.000000000,QUERY_SPREAD,1
2019-06-28 15:52:20.000000000,BEST_BID,"JPM,99547,192"
2019-06-28 15:52:20.000000000,BEST_ASK,"JPM,99825,200"
2019-06-28 15:52:20.000000000,BEST_BID,"JPM,99547,192"
2019-06-28 15:52:20.000000000,BEST_ASK,"JPM,99825,200"
2019-06-28 15:52:20.000000000,BEST_BID,"JPM,99547,192"
2019-06-28 15:52:20.000000000,BEST_ASK,"JPM,99825,200"
2019-06-28 15:52:20.000000000,BEST_BID,"JPM,99547,192"
2019-06-28 15:52:20.000000000,BEST_ASK,"JPM,99825,200"
2019-06-28 15:52:20.000000000,BEST_BID,"JPM,99547,192"
2019-06-28 15:52:20.000000000,BEST_ASK,"JPM,99825,293"
2019-06-28 15:52:20.000000000,BEST_BID,"JPM,99547,192"
2019-06-28 15:52:20.000000000,BEST_ASK,"JPM,99825,293"
2019-06-28 15:52:20.000000000,BEST_BID,"JPM,99547,192"
2019-06-28 15:52:20.000000000,BEST_ASK,"JPM,99825,293"
2019-06-28 15:52:20.000000000,BEST_BID,"JPM,99547,192"
2019-06-28 15:52:20.000000000,BEST_ASK,"JPM,99825,293"
2019-06-28 15:52:29.576791516,QUERY_ORDER_STREAM,63
2019-06-28 15:52:29.576791516,QUERY_SPREAD,63
2019-06-28 15:52:29.576791516,BEST_BID,"JPM,99547,192"
2019-06-28 15:52:29.576791516,BEST_ASK,"JPM,99825,393"
2019-06-28 15:52:30.000000000,QUERY_SPREAD,1
2019-06-28 15:52:30.000000000,BEST_BID,"JPM,99547,173"
2019-06-28 15:52:30.000000000,BEST_ASK,"JPM,99825,300"
2019-06-28 15:52:30.000000000,BEST_BID,"JPM,99547,173"
2019-06-28 15:52:30.000000000,BEST_ASK,"JPM,99825,300"
2019-06-28 15:52:30.000000000,BEST_BID,"JPM,99547,173"
2019-06-28 15:52:30.000000000,BEST_ASK,"JPM,99825,300"
2019-06-28 15:52:30.000000000,BEST_BID,"JPM,99547,173"
2019-06-28 15:52:30.000000000,BEST_ASK,"JPM,99825,300"
2019-06-28 15:52:30.000000000,BEST_BID,"JPM,99547,173"
2019-06-28 15:52:30.000000000,BEST_ASK,"JPM,99825,300"
2019-06-28 15:52:30.000000000,BEST_BID,"JPM,99547,173"
2019-06-28 15:52:30.000000000,BEST_ASK,"JPM,99825,374"
2019-06-28 15:52:30.000000000,BEST_BID,"JPM,99547,173"
2019-06-28 15:52:30.000000000,BEST_ASK,"JPM,99825,374"
2019-06-28 15:52:30.000000000,BEST_BID,"JPM,99547,173"
2019-06-28 15:52:30.000000000,BEST_ASK,"JPM,99825,374"
2019-06-28 15:52:30.000000000,BEST_BID,"JPM,99547,173"
2019-06-28 15:52:30.000000000,BEST_ASK,"JPM,99825,374"
2019-06-28 15:52:30.000000000,BEST_BID,"JPM,99547,173"
2019-06-28 15:52:30.000000000,BEST_ASK,"JPM,99825,374"
2019-06-28 15:52:33.372874044,QUERY_SPREAD,3
2019-06-28 15:52:33.372874044,BEST_BID,"JPM,99547,73"
2019-06-28 15:52:33.372874044,BEST_ASK,"JPM,99825,374"
2019-06-28 15:52:33.372874044,LAST_TRADE,"100,$99547.0000"
2019-06-28 15:52:40.000000000,QUERY_SPREAD,1
2019-06-28 15:52:40.000000000,BEST_BID,"JPM,99467,471"
2019-06-28 15:52:40.000000000,BEST_ASK,"JPM,99825,300"
2019-06-28 15:52:40.000000000,BEST_BID,"JPM,99467,471"
2019-06-28 15:52:40.000000000,BEST_ASK,"JPM,99825,671"
2019-06-28 15:52:50.000000000,QUERY_SPREAD,1
2019-06-28 15:52:50.000000000,BEST_BID,"JPM,99467,193"
2019-06-28 15:52:50.000000000,BEST_ASK,"JPM,99825,300"
2019-06-28 15:52:50.000000000,BEST_BID,"JPM,99467,193"
2019-06-28 15:52:50.000000000,BEST_ASK,"JPM,99825,300"
2019-06-28 15:52:50.000000000,BEST_BID,"JPM,99467,193"
2019-06-28 15:52:50.000000000,BEST_ASK,"JPM,99825,300"
2019-06-28 15:52:50.000000000,BEST_BID,"JPM,99467,193"
2019-06-28 15:52:50.000000000,BEST_ASK,"JPM,99825,300"
2019-06-28 15:52:50.000000000,BEST_BID,"JPM,99467,193"
2019-06-28 15:52:50.000000000,BEST_ASK,"JPM,99825,393"
2019-06-28 15:52:50.000000000,BEST_BID,"JPM,99467,193"
2019-06-28 15:52:50.000000000,BEST_ASK,"JPM,99825,393"
2019-06-28 15:52:50.000000000,BEST_BID,"JPM,99467,193"
2019-06-28 15:52:50.000000000,BEST_ASK,"JPM,99825,393"
2019-06-28 15:52:50.000000000,BEST_BID,"JPM,99467,193"
2019-06-28 15:52:50.000000000,BEST_ASK,"JPM,99825,393"
2019-06-28 15:52:53.425670128,QUERY_SPREAD,31
2019-06-28 15:52:53.425670128,BEST_BID,"JPM,99467,193"
2019-06-28 15:52:53.425670128,BEST_ASK,"JPM,99825,393"
2019-06-28 15:53:00.000000000,QUERY_SPREAD,1
2019-06-28 15:53:00.000000000,BEST_BID,"JPM,99467,174"
2019-06-28 15:53:00.000000000,BEST_ASK,"JPM,99825,300"
2019-06-28 15:53:00.000000000,BEST_BID,"JPM,99467,174"
2019-06-28 15:53:00.000000000,BEST_ASK,"JPM,99825,300"
2019-06-28 15:53:00.000000000,BEST_BID,"JPM,99467,174"
2019-06-28 15:53:00.000000000,BEST_ASK,"JPM,99825,300"
2019-06-28 15:53:00.000000000,BEST_BID,"JPM,99467,174"
2019-06-28 15:53:00.000000000,BEST_ASK,"JPM,99825,300"
2019-06-28 15:53:00.000000000,BEST_BID,"JPM,99467,174"
2019-06-28 15:53:00.000000000,BEST_ASK,"JPM,99825,300"
2019-06-28 15:53:00.000000000,BEST_BID,"JPM,99467,174"
2019-06-28 15:53:00.000000000,BEST_ASK,"JPM,99825,374"
2019-06-28 15:53:00.000000000,BEST_BID,"JPM,99467,174"
2019-06-28 15:53:00.000000000,BEST_ASK,"JPM,99825,374"
2019-06-28 15:53:00.000000000,BEST_BID,"JPM,99467,174"
2019-06-28 15:53:00.000000000,BEST_ASK,"JPM,99825,374"
2019-06-28 15:53:00.000000000,BEST_BID,"JPM,99467,174"
2019-06-28 15:53:00.000000000,BEST_ASK,"JPM,99825,374"
2019-06-28 15:53:00.000000000,BEST_BID,"JPM,99467,174"
2019-06-28 15:53:00.000000000,BEST_ASK,"JPM,99825,374"
2019-06-28 15:53:00.000000000,QUERY_SPREAD,77
2019-06-28 15:53:00.000000000,BEST_BID,"JPM,99467,174"
2019-06-28 15:53:00.000000000,BEST_ASK,"JPM,99825,369"
2019-06-28 15:53:00.000000000,LAST_TRADE,"5,$99825.0000"
2019-06-28 15:53:00.000000000,QUERY_SPREAD,78
2019-06-28 15:53:00.000000000,BEST_BID,"JPM,99467,174"
2019-06-28 15:53:00.000000000,BEST_ASK,"JPM,99825,361"
2019-06-28 15:53:00.000000000,LAST_TRADE,"8,$99825.0000"
2019-06-28 15:53:00.000000000,QUERY_SPREAD,79
2019-06-28 15:53:00.000000000,BEST_BID,"JPM,99467,174"
2019-06-28 15:53:00.000000000,BEST_ASK,"JPM,99825,356"
2019-06-28 15:53:00.000000000,LAST_TRADE,"5,$99825.0000"
2019-06-28 15:53:00.000000000,QUERY_SPREAD,80
2019-06-28 15:53:00.000000000,BEST_BID,"JPM,99467,174"
2019-06-28 15:53:00.000000000,BEST_ASK,"JPM,99825,348"
2019-06-28 15:53:00.000000000,LAST_TRADE,"8,$99825.0000"
2019-06-28 15:53:00.000000000,QUERY_SPREAD,81
2019-06-28 15:53:00.000000000,BEST_BID,"JPM,99467,174"
2019-06-28 15:53:00.000000000,BEST_ASK,"JPM,99825,339"
2019-06-28 15:53:00.000000000,LAST_TRADE,"9,$99825.0000"
2019-06-28 15:53:00.000000000,QUERY_SPREAD,82
2019-06-28 15:53:00.000000000,BEST_BID,"JPM,99467,174"
2019-06-28 15:53:00.000000000,BEST_ASK,"JPM,99825,336"
2019-06-28 15:53:00.000000000,LAST_TRADE,"3,$99825.0000"
2019-06-28 15:53:00.000000000,QUERY_SPREAD,83
2019-06-28 15:53:00.000000000,BEST_BID,"JPM,99467,174"
2019-06-28 15:53:00.000000000,BEST_ASK,"JPM,99825,328"
2019-06-28 15:53:00.000000000,LAST_TRADE,"8,$99825.0000"
2019-06-28 15:53:00.000000000,QUERY_SPREAD,84
2019-06-28 15:53:00.000000000,BEST_BID,"JPM,99467,174"
2019-06-28 15:53:00.000000000,BEST_ASK,"JPM,99825,324"
2019-06-28 15:53:00.000000000,LAST_TRADE,"4,$99825.0000"
2019-06-28 15:53:00.000000000,QUERY_SPREAD,85
2019-06-28 15:53:00.000000000,BEST_BID,"JPM,99467,174"
2019-06-28 15:53:00.000000000,BEST_ASK,"JPM,99825,319"
2019-06-28 15:53:00.000000000,LAST_TRADE,"5,$99825.0000"
2019-06-28 15:53:00.000000000,QUERY_SPREAD,86
2019-06-28 15:53:00.000000000,BEST_BID,"JPM,99467,174"
2019-06-28 15:53:00.000000000,BEST_ASK,"JPM,99825,317"
2019-06-28 15:53:00.000000000,LAST_TRADE,"2,$99825.0000"
2019-06-28 15:53:00.000000000,QUERY_SPREAD,87
2019-06-28 15:53:00.000000000,BEST_BID,"JPM,99467,174"
2019-06-28 15:53:00.000000000,BEST_ASK,"JPM,99825,310"
2019-06-28 15:53:00.000000000,LAST_TRADE,"7,$99825.0000"
2019-06-28 15:53:00.000000000,QUERY_SPREAD,88
2019-06-28 15:53:00.000000000,BEST_BID,"JPM,99467,174"
2019-06-28 15:53:00.000000000,BEST_ASK,"JPM,99825,302"
2019-06-28 15:53:00.000000000,LAST_TRADE,"8,$99825.0000"
2019-06-28 15:53:00.000000000,QUERY_SPREAD,89
2019-06-28 15:53:00.000000000,BEST_BID,"JPM,99467,174"
2019-06-28 15:53:00.000000000,BEST_ASK,"JPM,99825,297"
2019-06-28 15:53:00.000000000,LAST_TRADE,"5,$99825.0000"
2019-06-28 15:53:00.000000000,QUERY_SPREAD,90
2019-06-28 15:53:00.000000000,BEST_BID,"JPM,99467,174"
2019-06-28 15:53:00.000000000,BEST_ASK,"JPM,99825,293"
2019-06-28 15:53:00.000000000,LAST_TRADE,"4,$99825.0000"
2019-06-28 15:53:00.000000000,QUERY_SPREAD,91
2019-06-28 15:53:00.000000000,BEST_BID,"JPM,99467,174"
2019-06-28 15:53:00.000000000,BEST_ASK,"JPM,99825,290"
2019-06-28 15:53:00.000000000,LAST_TRADE,"3,$99825.0000"
2019-06-28 15:53:00.000000000,QUERY_SPREAD,92
2019-06-28 15:53:00.000000000,BEST_BID,"JPM,99467,174"
2019-06-28 15:53:00.000000000,BEST_ASK,"JPM,99825,285"
2019-06-28 15:53:00.000000000,LAST_TRADE,"5,$99825.0000"
2019-06-28 15:53:00.000000000,QUERY_SPREAD,93
2019-06-28 15:53:00.000000000,BEST_BID,"JPM,99467,174"
2019-06-28 15:53:00.000000000,BEST_ASK,"JPM,99825,278"
2019-06-28 15:53:00.000000000,LAST_TRADE,"7,$99825.0000"
2019-06-28 15:53:00.000000000,QUERY_SPREAD,94
2019-06-28 15:53:00.000000000,BEST_BID,"JPM,99467,174"
2019-06-28 15:53:00.000000000,BEST_ASK,"JPM,99825,277"
2019-06-28 15:53:00.000000000,LAST_TRADE,"1,$99825.0000"
2019-06-28 15:53:00.000000000,QUERY_SPREAD,95
2019-06-28 15:53:00.000000000,BEST_BID,"JPM,99467,174"
2019-06-28 15:53:00.000000000,BEST_ASK,"JPM,99825,276"
2019-06-28 15:53:00.000000000,LAST_TRADE,"1,$99825.0000"
2019-06-28 15:53:00.000000000,QUERY_SPREAD,96
2019-06-28 15:53:00.000000000,BEST_BID,"JPM,99467,174"
2019-06-28 15:53:00.000000000,BEST_ASK,"JPM,99825,272"
2019-06-28 15:53:00.000000000,LAST_TRADE,"4,$99825.0000"
2019-06-28 15:53:00.000000000,QUERY_SPREAD,97
2019-06-28 15:53:00.000000000,BEST_BID,"JPM,99467,174"
2019-06-28 15:53:00.000000000,BEST_ASK,"JPM,99825,269"
2019-06-28 15:53:00.000000000,LAST_TRADE,"3,$99825.0000"
2019-06-28 15:53:00.000000000,QUERY_SPREAD,98
2019-06-28 15:53:00.000000000,BEST_BID,"JPM,99467,174"
2019-06-28 15:53:00.000000000,BEST_ASK,"JPM,99825,264"
2019-06-28 15:53:00.000000000,LAST_TRADE,"5,$99825.0000"
2019-06-28 15:53:00.000000000,QUERY_SPREAD,99
2019-06-28 15:53:00.000000000,BEST_BID,"JPM,99467,174"
2019-06-28 15:53:00.000000000,BEST_ASK,"JPM,99825,260"
2019-06-28 15:53:00.000000000,LAST_TRADE,"4,$99825.0000"
2019-06-28 15:53:00.000000000,QUERY_SPREAD,100
2019-06-28 15:53:00.000000000,BEST_BID,"JPM,99467,174"
2019-06-28 15:53:00.000000000,BEST_ASK,"JPM,99825,255"
2019-06-28 15:53:00.000000000,LAST_TRADE,"5,$99825.0000"
2019-06-28 15:53:00.000000000,QUERY_SPREAD,101
2019-06-28 15:53:00.000000000,BEST_BID,"JPM,99467,174"
2019-06-28 15:53:00.000000000,BEST_ASK,"JPM,99825,254"
2019-06-28 15:53:00.000000000,LAST_TRADE,"1,$99825.0000"
2019-06-28 15:53:10.000000000,QUERY_SPREAD,1
2019-06-28 15:53:10.000000000,BEST_BID,"JPM,99467,226"
2019-06-28 15:53:10.000000000,BEST_ASK,"JPM,99825,180"
2019-06-28 15:53:10.000000000,BEST_BID,"JPM,99467,226"
2019-06-28 15:53:10.000000000,BEST_ASK,"JPM,99825,180"
2019-06-28 15:53:10.000000000,BEST_BID,"JPM,99467,226"
2019-06-28 15:53:10.000000000,BEST_ASK,"JPM,99825,180"
2019-06-28 15:53:10.000000000,BEST_BID,"JPM,99467,226"
2019-06-28 15:53:10.000000000,BEST_ASK,"JPM,99825,306"
2019-06-28 15:53:10.000000000,BEST_BID,"JPM,99467,226"
2019-06-28 15:53:10.000000000,BEST_ASK,"JPM,99825,306"
2019-06-28 15:53:10.000000000,BEST_BID,"JPM,99467,226"
2019-06-28 15:53:10.000000000,BEST_ASK,"JPM,99825,306"
2019-06-28 15:53:11.958498223,QUERY_ORDER_STREAM,75
2019-06-28 15:53:11.958498223,QUERY_SPREAD,75
2019-06-28 15:53:11.958498223,BEST_BID,"JPM,99467,226"
2019-06-28 15:53:11.958498223,BEST_ASK,"JPM,99825,406"
2019-06-28 15:53:20.000000000,QUERY_SPREAD,1
2019-06-28 15:53:20.000000000,BEST_BID,"JPM,99467,226"
2019-06-28 15:53:20.000000000,BEST_ASK,"JPM,99825,280"
2019-06-28 15:53:20.000000000,BEST_BID,"JPM,99467,226"
2019-06-28 15:53:20.000000000,BEST_ASK,"JPM,99825,280"
2019-06-28 15:53:20.000000000,BEST_BID,"JPM,99467,226"
2019-06-28 15:53:20.000000000,BEST_ASK,"JPM,99825,280"
2019-06-28 15:53:20.000000000,BEST_BID,"JPM,99467,226"
2019-06-28 15:53:20.000000000,BEST_ASK,"JPM,99825,406"
2019-06-28 15:53:20.000000000,BEST_BID,"JPM,99467,226"
2019-06-28 15:53:20.000000000,BEST_ASK,"JPM,99825,406"
2019-06-28 15:53:20.000000000,BEST_BID,"JPM,99467,226"
2019-06-28 15:53:20.000000000,BEST_ASK,"JPM,99825,406"
2019-06-28 15:53:30.000000000,QUERY_SPREAD,1
2019-06-28 15:53:30.000000000,BEST_BID,"JPM,99467,174"
2019-06-28 15:53:30.000000000,BEST_ASK,"JPM,99825,280"
2019-06-28 15:53:30.000000000,BEST_BID,"JPM,99467,174"
2019-06-28 15:53:30.000000000,BEST_ASK,"JPM,99825,280"
2019-06-28 15:53:30.000000000,BEST_BID,"JPM,99467,174"
2019-06-28 15:53:30.000000000,BEST_ASK,"JPM,99825,280"
2019-06-28 15:53:30.000000000,BEST_BID,"JPM,99467,174"
2019-06-28 15:53:30.000000000,BEST_ASK,"JPM,99825,280"
2019-06-28 15:53:30.000000000,BEST_BID,"JPM,99467,174"
2019-06-28 15:53:30.000000000,BEST_ASK,"JPM,99825,280"
2019-06-28 15:53:30.000000000,BEST_BID,"JPM,99467,174"
2019-06-28 15:53:30.000000000,BEST_ASK,"JPM,99825,354"
2019-06-28 15:53:30.000000000,BEST_BID,"JPM,99467,174"
2019-06-28 15:53:30.000000000,BEST_ASK,"JPM,99825,354"
2019-06-28 15:53:30.000000000,BEST_BID,"JPM,99467,174"
2019-06-28 15:53:30.000000000,BEST_ASK,"JPM,99825,354"
2019-06-28 15:53:30.000000000,BEST_BID,"JPM,99467,174"
2019-06-28 15:53:30.000000000,BEST_ASK,"JPM,99825,354"
2019-06-28 15:53:30.000000000,BEST_BID,"JPM,99467,174"
2019-06-28 15:53:30.000000000,BEST_ASK,"JPM,99825,354"
2019-06-28 15:53:40.000000000,QUERY_SPREAD,1
2019-06-28 15:53:40.000000000,BEST_BID,"JPM,99467,226"
2019-06-28 15:53:40.000000000,BEST_ASK,"JPM,99825,280"
2019-06-28 15:53:40.000000000,BEST_BID,"JPM,99467,226"
2019-06-28 15:53:40.000000000,BEST_ASK,"JPM,99825,280"
2019-06-28 15:53:40.000000000,BEST_BID,"JPM,99467,226"
2019-06-28 15:53:40.000000000,BEST_ASK,"JPM,99825,280"
2019-06-28 15:53:40.000000000,BEST_BID,"JPM,99467,226"
2019-06-28 15:53:40.000000000,BEST_ASK,"JPM,99825,406"
2019-06-28 15:53:40.000000000,BEST_BID,"JPM,99467,226"
2019-06-28 15:53:40.000000000,BEST_ASK,"JPM,99825,406"
2019-06-28 15:53:40.000000000,BEST_BID,"JPM,99467,226"
2019-06-28 15:53:40.000000000,BEST_ASK,"JPM,99825,406"
2019-06-28 15:53:47.164513986,QUERY_SPREAD,22
2019-06-28 15:53:47.164513986,BEST_BID,"JPM,99467,226"
2019-06-28 15:53:47.164513986,BEST_ASK,"JPM,99825,406"
2019-06-28 15:53:50.000000000,QUERY_SPREAD,1
2019-06-28 15:53:50.000000000,BEST_BID,"JPM,99467,193"
2019-06-28 15:53:50.000000000,BEST_ASK,"JPM,99825,280"
2019-06-28 15:53:50.000000000,BEST_BID,"JPM,99467,193"
2019-06-28 15:53:50.000000000,BEST_ASK,"JPM,99825,280"
2019-06-28 15:53:50.000000000,BEST_BID,"JPM,99467,193"
2019-06-28 15:53:50.000000000,BEST_ASK,"JPM,99825,280"
2019-06-28 15:53:50.000000000,BEST_BID,"JPM,99467,193"
2019-06-28 15:53:50.000000000,BEST_ASK,"JPM,99825,280"
2019-06-28 15:53:50.000000000,BEST_BID,"JPM,99467,193"
2019-06-28 15:53:50.000000000,BEST_ASK,"JPM,99825,373"
2019-06-28 15:53:50.000000000,BEST_BID,"JPM,99467,193"
2019-06-28 15:53:50.000000000,BEST_ASK,"JPM,99825,373"
2019-06-28 15:53:50.000000000,BEST_BID,"JPM,99467,193"
2019-06-28 15:53:50.000000000,BEST_ASK,"JPM,99825,373"
2019-06-28 15:53:50.000000000,BEST_BID,"JPM,99467,193"
2019-06-28 15:53:50.000000000,BEST_ASK,"JPM,99825,373"
2019-06-28 15:54:00.000000000,QUERY_SPREAD,1
2019-06-28 15:54:00.000000000,BEST_BID,"JPM,99467,471"
2019-06-28 15:54:00.000000000,BEST_ASK,"JPM,99825,280"
2019-06-28 15:54:00.000000000,BEST_BID,"JPM,99467,471"
2019-06-28 15:54:00.000000000,BEST_ASK,"JPM,99825,651"
2019-06-28 15:54:00.000000000,QUERY_SPREAD,77
2019-06-28 15:54:00.000000000,BEST_BID,"JPM,99467,471"
2019-06-28 15:54:00.000000000,BEST_ASK,"JPM,99825,646"
2019-06-28 15:54:00.000000000,LAST_TRADE,"5,$99825.0000"
2019-06-28 15:54:00.000000000,QUERY_SPREAD,78
2019-06-28 15:54:00.000000000,BEST_BID,"JPM,99467,471"
2019-06-28 15:54:00.000000000,BEST_ASK,"JPM,99825,638"
2019-06-28 15:54:00.000000000,LAST_TRADE,"8,$99825.0000"
2019-06-28 15:54:00.000000000,QUERY_SPREAD,79
2019-06-28 15:54:00.000000000,BEST_BID,"JPM,99467,471"
2019-06-28 15:54:00.000000000,BEST_ASK,"JPM,99825,633"
2019-06-28 15:54:00.000000000,LAST_TRADE,"5,$99825.0000"
2019-06-28 15:54:00.000000000,QUERY_SPREAD,80
2019-06-28 15:54:00.000000000,BEST_BID,"JPM,99467,471"
2019-06-28 15:54:00.000000000,BEST_ASK,"JPM,99825,625"
2019-06-28 15:54:00.000000000,LAST_TRADE,"8,$99825.0000"
2019-06-28 15:54:00.000000000,QUERY_SPREAD,81
2019-06-28 15:54:00.000000000,BEST_BID,"JPM,99467,471"
2019-06-28 15:54:00.000000000,BEST_ASK,"JPM,99825,616"
2019-06-28 15:54:00.000000000,LAST_TRADE,"9,$99825.0000"
2019-06-28 15:54:00.000000000,QUERY_SPREAD,82
2019-06-28 15:54:00.000000000,BEST_BID,"JPM,99467,471"
2019-06-28 15:54:00.000000000,BEST_ASK,"JPM,99825,613"
2019-06-28 15:54:00.000000000,LAST_TRADE,"3,$99825.0000"
2019-06-28 15:54:00.000000000,QUERY_SPREAD,83
2019-06-28 15:54:00.000000000,BEST_BID,"JPM,99467,471"
2019-06-28 15:54:00.000000000,BEST_ASK,"JPM,99825,605"
2019-06-28 15:54:00.000000000,LAST_TRADE,"8,$99825.0000"
2019-06-28 15:54:00.000000000,QUERY_SPREAD,84
2019-06-28 15:54:00.000000000,BEST_BID,"JPM,99467,471"
2019-06-28 15:54:00.000000000,BEST_ASK,"JPM,99825,601"
2019-06-28 15:54:00.000000000,LAST_TRADE,"4,$99825.0000"
2019-06-28 15:54:00.000000000,QUERY_SPREAD,85
2019-06-28 15:54:00.000000000,BEST_BID,"JPM,99467,471"
2019-06-28 15:54:00.000000000,BEST_ASK,"JPM,99825,596"
2019-06-28 15:54:00.000000000,LAST_TRADE,"5,$99825.0000"
2019-06-28 15:54:00.000000000,QUERY_SPREAD,86
2019-06-28 15:54:00.000000000,BEST_BID,"JPM,99467,471"
2019-06-28 15:54:00.000000000,BEST_ASK,"JPM,99825,594"
2019-06-28 15:54:00.000000000,LAST_TRADE,"2,$99825.0000"
2019-06-28 15:54:00.000000000,QUERY_SPREAD,87
2019-06-28 15:54:00.000000000,BEST_BID,"JPM,99467,471"
2019-06-28 15:54:00.000000000,BEST_ASK,"JPM,99825,587"
2019-06-28 15:54:00.000000000,LAST_TRADE,"7,$99825.0000"
2019-06-28 15:54:00.000000000,QUERY_SPREAD,88
2019-06-28 15:54:00.000000000,BEST_BID,"JPM,99467,471"
2019-06-28 15:54:00.000000000,BEST_ASK,"JPM,99825,579"
2019-06-28 15:54:00.000000000,LAST_TRADE,"8,$99825.0000"
2019-06-28 15:54:00.000000000,QUERY_SPREAD,89
2019-06-28 15:54:00.000000000,BEST_BID,"JPM,99467,471"
2019-06-28 15:54:00.000000000,BEST_ASK,"JPM,99825,574"
2019-06-28 15:54:00.000000000,LAST_TRADE,"5,$99825.0000"
2019-06-28 15:54:00.000000000,QUERY_SPREAD,90
2019-06-28 15:54:00.000000000,BEST_BID,"JPM,99467,471"
2019-06-28 15:54:00.000000000,BEST_ASK,"JPM,99825,570"
2019-06-28 15:54:00.000000000,LAST_TRADE,"4,$99825.0000"
2019-06-28 15:54:00.000000000,QUERY_SPREAD,91
2019-06-28 15:54:00.000000000,BEST_BID,"JPM,99467,471"
2019-06-28 15:54:00.000000000,BEST_ASK,"JPM,99825,567"
2019-06-28 15:54:00.000000000,LAST_TRADE,"3,$99825.0000"
2019-06-28 15:54:00.000000000,QUERY_SPREAD,92
2019-06-28 15:54:00.000000000,BEST_BID,"JPM,99467,471"
2019-06-28 15:54:00.000000000,BEST_ASK,"JPM,99825,562"
2019-06-28 15:54:00.000000000,LAST_TRADE,"5,$99825.0000"
2019-06-28 15:54:00.000000000,QUERY_SPREAD,93
2019-06-28 15:54:00.000000000,BEST_BID,"JPM,99467,471"
2019-06-28 15:54:00.000000000,BEST_ASK,"JPM,99825,555"
2019-06-28 15:54:00.000000000,LAST_TRADE,"7,$99825.0000"
2019-06-28 15:54:00.000000000,QUERY_SPREAD,94
2019-06-28 15:54:00.000000000,BEST_BID,"JPM,99467,471"
2019-06-28 15:54:00.000000000,BEST_ASK,"JPM,99825,554"
2019-06-28 15:54:00.000000000,LAST_TRADE,"1,$99825.0000"
2019-06-28 15:54:00.000000000,QUERY_SPREAD,95
2019-06-28 15:54:00.000000000,BEST_BID,"JPM,99467,471"
2019-06-28 15:54:00.000000000,BEST_ASK,"JPM,99825,553"
2019-06-28 15:54:00.000000000,LAST_TRADE,"1,$99825.0000"
2019-06-28 15:54:00.000000000,QUERY_SPREAD,96
2019-06-28 15:54:00.000000000,BEST_BID,"JPM,99467,471"
2019-06-28 15:54:00.000000000,BEST_ASK,"JPM,99825,549"
2019-06-28 15:54:00.000000000,LAST_TRADE,"4,$99825.0000"
2019-06-28 15:54:00.000000000,QUERY_SPREAD,97
2019-06-28 15:54:00.000000000,BEST_BID,"JPM,99467,471"
2019-06-28 15:54:00.000000000,BEST_ASK,"JPM,99825,546"
2019-06-28 15:54:00.000000000,LAST_TRADE,"3,$99825.0000"
2019-06-28 15:54:00.000000000,QUERY_SPREAD,98
2019-06-28 15:54:00.000000000,BEST_BID,"JPM,99467,471"
2019-06-28 15:54:00.000000000,BEST_ASK,"JPM,99825,541"
2019-06-28 15:54:00.000000000,LAST_TRADE,"5,$99825.0000"
2019-06-28 15:54:00.000000000,QUERY_SPREAD,99
2019-06-28 15:54:00.000000000,BEST_BID,"JPM,99467,471"
2019-06-28 15:54:00.000000000,BEST_ASK,"JPM,99825,537"
2019-06-28 15:54:00.000000000,LAST_TRADE,"4,$99825.0000"
2019-06-28 15:54:00.000000000,QUERY_SPREAD,100
2019-06-28 15:54:00.000000000,BEST_BID,"JPM,99467,471"
2019-06-28 15:54:00.000000000,BEST_ASK,"JPM,99825,532"
2019-06-28 15:54:00.000000000,LAST_TRADE,"5,$99825.0000"
2019-06-28 15:54:00.000000000,QUERY_SPREAD,101
2019-06-28 15:54:00.000000000,BEST_BID,"JPM,99467,471"
2019-06-28 15:54:00.000000000,BEST_ASK,"JPM,99825,531"
2019-06-28 15:54:00.000000000,LAST_TRADE,"1,$99825.0000"
2019-06-28 15:54:00.694072557,QUERY_ORDER_STREAM,60
2019-06-28 15:54:00.694072557,QUERY_SPREAD,60
2019-06-28 15:54:00.694072557,BEST_BID,"JPM,99467,471"
2019-06-28 15:54:00.694072557,BEST_ASK,"JPM,99825,631"
2019-06-28 15:54:03.592689550,QUERY_SPREAD,46
2019-06-28 15:54:03.592689550,BEST_BID,"JPM,99467,471"
2019-06-28 15:54:03.592689550,BEST_ASK,"JPM,99825,631"
2019-06-28 15:54:04.895859697,QUERY_SPREAD,20
2019-06-28 15:54:04.895859697,BEST_BID,"JPM,99467,371"
2019-06-28 15:54:04.895859697,BEST_ASK,"JPM,99825,631"
2019-06-28 15:54:04.895859697,LAST_TRADE,"100,$99467.0000"
2019-06-28 15:54:10.000000000,QUERY_SPREAD,1
2019-06-28 15:54:10.000000000,BEST_BID,"JPM,99349,174"
2019-06-28 15:54:10.000000000,BEST_ASK,"JPM,99825,260"
2019-06-28 15:54:10.000000000,BEST_BID,"JPM,99349,174"
2019-06-28 15:54:10.000000000,BEST_ASK,"JPM,99825,260"
2019-06-28 15:54:10.000000000,BEST_BID,"JPM,99349,174"
2019-06-28 15:54:10.000000000,BEST_ASK,"JPM,99825,260"
2019-06-28 15:54:10.000000000,BEST_BID,"JPM,99349,174"
2019-06-28 15:54:10.000000000,BEST_ASK,"JPM,99825,260"
2019-06-28 15:54:10.000000000,BEST_BID,"JPM,99349,174"
2019-06-28 15:54:10.000000000,BEST_ASK,"JPM,99825,260"
2019-06-28 15:54:10.000000000,BEST_BID,"JPM,99349,174"
2019-06-28 15:54:10.000000000,BEST_ASK,"JPM,99825,334"
2019-06-28 15:54:10.000000000,BEST_BID,"JPM,99349,174"
2019-06-28 15:54:10.000000000,BEST_ASK,"JPM,99825,334"
2019-06-28 15:54:10.000000000,BEST_BID,"JPM,99349,174"
2019-06-28 15:54:10.000000000,BEST_ASK,"JPM,99825,334"
2019-06-28 15:54:10.000000000,BEST_BID,"JPM,99349,174"
2019-06-28 15:54:10.000000000,BEST_ASK,"JPM,99825,334"
2019-06-28 15:54:10.000000000,BEST_BID,"JPM,99349,174"
2019-06-28 15:54:10.000000000,BEST_ASK,"JPM,99825,334"
2019-06-28 15:54:12.032356396,QUERY_SPREAD,41
2019-06-28 15:54:12.032356396,BEST_BID,"JPM,99349,74"
2019-06-28 15:54:12.032356396,BEST_ASK,"JPM,99825,334"
2019-06-28 15:54:12.032356396,LAST_TRADE,"100,$99349.0000"
2019-06-28 15:54:20.000000000,QUERY_SPREAD,1
2019-06-28 15:54:20.000000000,BEST_BID,"JPM,99247,226"
2019-06-28 15:54:20.000000000,BEST_ASK,"JPM,99825,260"
2019-06-28 15:54:20.000000000,BEST_BID,"JPM,99247,226"
2019-06-28 15:54:20.000000000,BEST_ASK,"JPM,99825,260"
2019-06-28 15:54:20.000000000,BEST_BID,"JPM,99247,226"
2019-06-28 15:54:20.000000000,BEST_ASK,"JPM,99825,260"
2019-06-28 15:54:20.000000000,BEST_BID,"JPM,99247,226"
2019-06-28 15:54:20.000000000,BEST_ASK,"JPM,99825,386"
2019-06-28 15:54:20.000000000,BEST_BID,"JPM,99247,226"
2019-06-28 15:54:20.000000000,BEST_ASK,"JPM,99825,386"
2019-06-28 15:54:20.000000000,BEST_BID,"JPM,99247,226"
2019-06-28 15:54:20.000000000,BEST_ASK,"JPM,99825,386"
2019-06-28 15:54:29.546596029,QUERY_ORDER_STREAM,76
2019-06-28 15:54:29.546596029,QUERY_SPREAD,76
2019-06-28 15:54:29.546596029,BEST_BID,"JPM,99247,226"
2019-06-28 15:54:29.546596029,BEST_ASK,"JPM,99467,100"
2019-06-28 15:54:30.000000000,QUERY_SPREAD,1
2019-06-28 15:54:30.000000000,BEST_BID,"JPM,99247,226"
2019-06-28 15:54:30.000000000,BEST_ASK,"JPM,99467,100"
2019-06-28 15:54:30.000000000,BEST_BID,"JPM,99247,226"
2019-06-28 15:54:30.000000000,BEST_ASK,"JPM,99467,100"
2019-06-28 15:54:30.000000000,BEST_BID,"JPM,99247,226"
2019-06-28 15:54:30.000000000,BEST_ASK,"JPM,99467,100"
2019-06-28 15:54:30.000000000,BEST_BID,"JPM,99247,226"
2019-06-28 15:54:30.000000000,BEST_ASK,"JPM,99467,226"
2019-06-28 15:54:30.000000000,BEST_BID,"JPM,99247,226"
2019-06-28 15:54:30.000000000,BEST_ASK,"JPM,99467,226"
2019-06-28 15:54:30.000000000,BEST_BID,"JPM,99247,226"
2019-06-28 15:54:30.000000000,BEST_ASK,"JPM,99467,226"
2019-06-28 15:54:37.002227769,QUERY_SPREAD,50
2019-06-28 15:54:37.002227769,BEST_BID,"JPM,99247,226"
2019-06-28 15:54:37.002227769,BEST_ASK,"JPM,99467,226"
2019-06-28 15:54:40.000000000,QUERY_SPREAD,1
2019-06-28 15:54:40.000000000,BEST_BID,"JPM,99247,226"
2019-06-28 15:54:40.000000000,BEST_ASK,"JPM,99467,100"
2019-06-28 15:54:40.000000000,BEST_BID,"JPM,99247,226"
2019-06-28 15:54:40.000000000,BEST_ASK,"JPM,99467,100"
2019-06-28 15:54:40.000000000,BEST_BID,"JPM,99247,226"
2019-06-28 15:54:40.000000000,BEST_ASK,"JPM,99467,100"
2019-06-28 15:54:40.000000000,BEST_BID,"JPM,99247,226"
2019-06-28 15:54:40.000000000,BEST_ASK,"JPM,99467,226"
2019-06-28 15:54:40.000000000,BEST_BID,"JPM,99247,226"
2019-06-28 15:54:40.000000000,BEST_ASK,"JPM,99467,226"
2019-06-28 15:54:40.000000000,BEST_BID,"JPM,99247,226"
2019-06-28 15:54:40.000000000,BEST_ASK,"JPM,99467,226"
2019-06-28 15:54:48.364819332,QUERY_SPREAD,22
2019-06-28 15:54:48.364819332,BEST_BID,"JPM,99300,100"
2019-06-28 15:54:48.364819332,BEST_ASK,"JPM,99467,226"
2019-06-28 15:54:50.000000000,QUERY_SPREAD,1
2019-06-28 15:54:50.000000000,BEST_BID,"JPM,99300,193"
2019-06-28 15:54:50.000000000,BEST_ASK,"JPM,99467,100"
2019-06-28 15:54:50.000000000,BEST_BID,"JPM,99300,193"
2019-06-28 15:54:50.000000000,BEST_ASK,"JPM,99467,100"
2019-06-28 15:54:50.000000000,BEST_BID,"JPM,99300,193"
2019-06-28 15:54:50.000000000,BEST_ASK,"JPM,99467,100"
2019-06-28 15:54:50.000000000,BEST_BID,"JPM,99300,193"
2019-06-28 15:54:50.000000000,BEST_ASK,"JPM,99467,100"
2019-06-28 15:54:50.000000000,BEST_BID,"JPM,99300,193"
2019-06-28 15:54:50.000000000,BEST_ASK,"JPM,99467,193"
2019-06-28 15:54:50.000000000,BEST_BID,"JPM,99300,193"
2019-06-28 15:54:50.000000000,BEST_ASK,"JPM,99467,193"
2019-06-28 15:54:50.000000000,BEST_BID,"JPM,99300,193"
2019-06-28 15:54:50.000000000,BEST_ASK,"JPM,99467,193"
2019-06-28 15:54:50.000000000,BEST_BID,"JPM,99300,193"
2019-06-28 15:54:50.000000000,BEST_ASK,"JPM,99467,193"
2019-06-28 15:55:00.000000000,QUERY_SPREAD,1
2019-06-28 15:55:00.000000000,BEST_BID,"JPM,99300,193"
2019-06-28 15:55:00.000000000,BEST_ASK,"JPM,99467,100"
2019-06-28 15:55:00.000000000,BEST_BID,"JPM,99300,193"
2019-06-28 15:55:00.000000000,BEST_ASK,"JPM,99467,100"
2019-06-28 15:55:00.000000000,BEST_BID,"JPM,99300,193"
2019-06-28 15:55:00.000000000,BEST_ASK,"JPM,99467,100"
2019-06-28 15:55:00.000000000,BEST_BID,"JPM,99300,193"
2019-06-28 15:55:00.000000000,BEST_ASK,"JPM,99467,100"
2019-06-28 15:55:00.000000000,BEST_BID,"JPM,99300,193"
2019-06-28 15:55:00.000000000,BEST_ASK,"JPM,99467,193"
2019-06-28 15:55:00.000000000,BEST_BID,"JPM,99300,193"
2019-06-28 15:55:00.000000000,BEST_ASK,"JPM,99467,193"
2019-06-28 15:55:00.000000000,BEST_BID,"JPM,99300,193"
2019-06-28 15:55:00.000000000,BEST_ASK,"JPM,99467,193"
2019-06-28 15:55:00.000000000,BEST_BID,"JPM,99300,193"
2019-06-28 15:55:00.000000000,BEST_ASK,"JPM,99467,193"
2019-06-28 15:55:00.000000000,QUERY_SPREAD,77
2019-06-28 15:55:00.000000000,BEST_BID,"JPM,99300,193"
2019-06-28 15:55:00.000000000,BEST_ASK,"JPM,99467,188"
2019-06-28 15:55:00.000000000,LAST_TRADE,"5,$99467.0000"
2019-06-28 15:55:00.000000000,QUERY_SPREAD,78
2019-06-28 15:55:00.000000000,BEST_BID,"JPM,99300,193"
2019-06-28 15:55:00.000000000,BEST_ASK,"JPM,99467,180"
2019-06-28 15:55:00.000000000,LAST_TRADE,"8,$99467.0000"
2019-06-28 15:55:00.000000000,QUERY_SPREAD,79
2019-06-28 15:55:00.000000000,BEST_BID,"JPM,99300,193"
2019-06-28 15:55:00.000000000,BEST_ASK,"JPM,99467,175"
2019-06-28 15:55:00.000000000,LAST_TRADE,"5,$99467.0000"
2019-06-28 15:55:00.000000000,QUERY_SPREAD,80
2019-06-28 15:55:00.000000000,BEST_BID,"JPM,99300,193"
2019-06-28 15:55:00.000000000,BEST_ASK,"JPM,99467,167"
2019-06-28 15:55:00.000000000,LAST_TRADE,"8,$99467.0000"
2019-06-28 15:55:00.000000000,QUERY_SPREAD,81
2019-06-28 15:55:00.000000000,BEST_BID,"JPM,99300,193"
2019-06-28 15:55:00.000000000,BEST_ASK,"JPM,99467,158"
2019-06-28 15:55:00.000000000,LAST_TRADE,"9,$99467.0000"
2019-06-28 15:55:00.000000000,QUERY_SPREAD,82
2019-06-28 15:55:00.000000000,BEST_BID,"JPM,99300,193"
2019-06-28 15:55:00.000000000,BEST_ASK,"JPM,99467,155"
2019-06-28 15:55:00.000000000,LAST_TRADE,"3,$99467.0000"
2019-06-28 15:55:00.000000000,QUERY_SPREAD,83
2019-06-28 15:55:00.000000000,BEST_BID,"JPM,99300,193"
2019-06-28 15:55:00.000000000,BEST_ASK,"JPM,99467,147"
2019-06-28 15:55:00.000000000,LAST_TRADE,"8,$99467.0000"
2019-06-28 15:55:00.000000000,QUERY_SPREAD,84
2019-06-28 15:55:00.000000000,BEST_BID,"JPM,99300,193"
2019-06-28 15:55:00.000000000,BEST_ASK,"JPM,99467,143"
2019-06-28 15:55:00.000000000,LAST_TRADE,"4,$99467.0000"
2019-06-28 15:55:00.000000000,QUERY_SPREAD,85
2019-06-28 15:55:00.000000000,BEST_BID,"JPM,99300,193"
2019-06-28 15:55:00.000000000,BEST_ASK,"JPM,99467,138"
2019-06-28 15:55:00.000000000,LAST_TRADE,"5,$99467.0000"
2019-06-28 15:55:00.000000000,QUERY_SPREAD,86
2019-06-28 15:55:00.000000000,BEST_BID,"JPM,99300,193"
2019-06-28 15:55:00.000000000,BEST_ASK,"JPM,99467,136"
2019-06-28 15:55:00.000000000,LAST_TRADE,"2,$99467.0000"
2019-06-28 15:55:00.000000000,QUERY_SPREAD,87
2019-06-28 15:55:00.000000000,BEST_BID,"JPM,99300,193"
2019-06-28 15:55:00.000000000,BEST_ASK,"JPM,99467,129"
2019-06-28 15:55:00.000000000,LAST_TRADE,"7,$99467.0000"
2019-06-28 15:55:00.000000000,QUERY_SPREAD,88
2019-06-28 15:55:00.000000000,BEST_BID,"JPM,99300,193"
2019-06-28 15:55:00.000000000,BEST_ASK,"JPM,99467,121"
2019-06-28 15:55:00.000000000,LAST_TRADE,"8,$99467.0000"
2019-06-28 15:55:00.000000000,QUERY_SPREAD,89
2019-06-28 15:55:00.000000000,BEST_BID,"JPM,99300,193"
2019-06-28 15:55:00.000000000,BEST_ASK,"JPM,99467,116"
2019-06-28 15:55:00.000000000,LAST_TRADE,"5,$99467.0000"
2019-06-28 15:55:00.000000000,QUERY_SPREAD,90
2019-06-28 15:55:00.000000000,BEST_BID,"JPM,99300,193"
2019-06-28 15:55:00.000000000,BEST_ASK,"JPM,99467,112"
2019-06-28 15:55:00.000000000,LAST_TRADE,"4,$99467.0000"
2019-06-28 15:55:00.000000000,QUERY_SPREAD,91
2019-06-28 15:55:00.000000000,BEST_BID,"JPM,99300,193"
2019-06-28 15:55:00.000000000,BEST_ASK,"JPM,99467,109"
2019-06-28 15:55:00.000000000,LAST_TRADE,"3,$99467.0000"
2019-06-28 15:55:00.000000000,QUERY_SPREAD,92
2019-06-28 15:55:00.000000000,BEST_BID,"JPM,99300,193"
2019-06-28 15:55:00.000000000,BEST_ASK,"JPM,99467,104"
2019-06-28 15:55:00.000000000,LAST_TRADE,"5,$99467.0000"
2019-06-28 15:55:00.000000000,QUERY_SPREAD,93
2019-06-28 15:55:00.000000000,BEST_BID,"JPM,99300,193"
2019-06-28 15:55:00.000000000,BEST_ASK,"JPM,99467,97"
2019-06-28 15:55:00.000000000,LAST_TRADE,"7,$99467.0000"
2019-06-28 15:55:00.000000000,QUERY_SPREAD,94
2019-06-28 15:55:00.000000000,BEST_BID,"JPM,99300,193"
2019-06-28 15:55:00.000000000,BEST_ASK,"JPM,99467,96"
2019-06-28 15:55:00.000000000,LAST_TRADE,"1,$99467.0000"
2019-06-28 15:55:00.000000000,QUERY_SPREAD,95
2019-06-28 15:55:00.000000000,BEST_BID,"JPM,99300,193"
2019-06-28 15:55:00.000000000,BEST_ASK,"JPM,99467,95"
2019-06-28 15:55:00.000000000,LAST_TRADE,"1,$99467.0000"
2019-06-28 15:55:00.000000000,QUERY_SPREAD,96
2019-06-28 15:55:00.000000000,BEST_BID,"JPM,99300,193"
2019-06-28 15:55:00.000000000,BEST_ASK,"JPM,99467,91"
2019-06-28 15:55:00.000000000,LAST_TRADE,"4,$99467.0000"
2019-06-28 15:55:00.000000000,QUERY_SPREAD,97
2019-06-28 15:55:00.000000000,BEST_BID,"JPM,99300,193"
2019-06-28 15:55:00.000000000,BEST_ASK,"JPM,99467,88"
2019-06-28 15:55:00.000000000,LAST_TRADE,"3,$99467.0000"
2019-06-28 15:55:00.000000000,QUERY_SPREAD,98
2019-06-28 15:55:00.000000000,BEST_BID,"JPM,99300,193"
2019-06-28 15:55:00.000000000,BEST_ASK,"JPM,99467,83"
2019-06-28 15:55:00.000000000,LAST_TRADE,"5,$99467.0000"
2019-06-28 15:55:00.000000000,QUERY_SPREAD,99
2019-06-28 15:55:00.000000000,BEST_BID,"JPM,99300,193"
2019-06-28 15:55:00.000000000,BEST_ASK,"JPM,99467,79"
2019-06-28 15:55:00.000000000,LAST_TRADE,"4,$99467.0000"
2019-06-28 15:55:00.000000000,QUERY_SPREAD,100
2019-06-28 15:55:00.000000000,BEST_BID,"JPM,99300,193"
2019-06-28 15:55:00.000000000,BEST_ASK,"JPM,99467,74"
2019-06-28 15:55:00.000000000,LAST_TRADE,"5,$99467.0000"
2019-06-28 15:55:00.000000000,QUERY_SPREAD,101
2019-06-28 15:55:00.000000000,BEST_BID,"JPM,99300,193"
2019-06-28 15:55:00.000000000,BEST_ASK,"JPM,99467,73"
2019-06-28 15:55:00.000000000,LAST_TRADE,"1,$99467.0000"
2019-06-28 15:55:09.501336310,QUERY_SPREAD,30
2019-06-28 15:55:09.501336310,BEST_BID,"JPM,99467,27"
2019-06-28 15:55:09.501336310,BEST_ASK,"JPM,99825,353"
2019-06-28 15:55:09.501336310,LAST_TRADE,"73,$99467.0000"
2019-06-28 15:55:10.000000000,QUERY_SPREAD,1
2019-06-28 15:55:10.000000000,BEST_BID,"JPM,99467,398"
2019-06-28 15:55:10.000000000,BEST_ASK,"JPM,99825,260"
2019-06-28 15:55:10.000000000,BEST_BID,"JPM,99467,398"
2019-06-28 15:55:10.000000000,BEST_ASK,"JPM,99825,631"
2019-06-28 15:55:12.884225180,QUERY_SPREAD,29
2019-06-28 15:55:12.884225180,BEST_BID,"JPM,99467,398"
2019-06-28 15:55:12.884225180,BEST_ASK,"JPM,99825,631"
2019-06-28 15:55:15.418381190,QUERY_ORDER_STREAM,54
2019-06-28 15:55:15.418381190,QUERY_SPREAD,54
2019-06-28 15:55:20.000000000,QUERY_SPREAD,1
2019-06-28 15:55:20.000000000,BEST_BID,"JPM,99467,213"
2019-06-28 15:55:20.000000000,BEST_ASK,"JPM,99825,260"
2019-06-28 15:55:20.000000000,BEST_BID,"JPM,99467,213"
2019-06-28 15:55:20.000000000,BEST_ASK,"JPM,99825,260"
2019-06-28 15:55:20.000000000,BEST_BID,"JPM,99467,213"
2019-06-28 15:55:20.000000000,BEST_ASK,"JPM,99825,446"
2019-06-28 15:55:20.000000000,BEST_BID,"JPM,99467,213"
2019-06-28 15:55:20.000000000,BEST_ASK,"JPM,99825,446"
2019-06-28 15:55:30.000000000,QUERY_SPREAD,1
2019-06-28 15:55:30.000000000,BEST_BID,"JPM,99467,398"
2019-06-28 15:55:30.000000000,BEST_ASK,"JPM,99825,260"
2019-06-28 15:55:30.000000000,BEST_BID,"JPM,99467,398"
2019-06-28 15:55:30.000000000,BEST_ASK,"JPM,99825,631"
2019-06-28 15:55:37.023725143,QUERY_SPREAD,47
2019-06-28 15:55:37.023725143,BEST_BID,"JPM,99706,100"
2019-06-28 15:55:37.023725143,BEST_ASK,"JPM,99825,631"
2019-06-28 15:55:40.000000000,QUERY_SPREAD,1
2019-06-28 15:55:40.000000000,BEST_BID,"JPM,99706,471"
2019-06-28 15:55:40.000000000,BEST_ASK,"JPM,99825,260"
2019-06-28 15:55:40.000000000,BEST_BID,"JPM,99706,471"
2019-06-28 15:55:40.000000000,BEST_ASK,"JPM,99825,631"
2019-06-28 15:55:50.000000000,QUERY_SPREAD,1
2019-06-28 15:55:50.000000000,BEST_BID,"JPM,99706,286"
2019-06-28 15:55:50.000000000,BEST_ASK,"JPM,99825,260"
2019-06-28 15:55:50.000000000,BEST_BID,"JPM,99706,286"
2019-06-28 15:55:50.000000000,BEST_ASK,"JPM,99825,260"
2019-06-28 15:55:50.000000000,BEST_BID,"JPM,99706,286"
2019-06-28 15:55:50.000000000,BEST_ASK,"JPM,99825,446"
2019-06-28 15:55:50.000000000,BEST_BID,"JPM,99706,286"
2019-06-28 15:55:50.000000000,BEST_ASK,"JPM,99825,446"
2019-06-28 15:55:52.578366137,QUERY_SPREAD,51
2019-06-28 15:55:52.578366137,BEST_BID,"JPM,99706,286"
2019-06-28 15:55:52.578366137,BEST_ASK,"JPM,99825,446"
2019-06-28 15:56:00.000000000,QUERY_SPREAD,1
2019-06-28 15:56:00.000000000,BEST_BID,"JPM,99706,193"
2019-06-28 15:56:00.000000000,BEST_ASK,"JPM,99825,260"
2019-06-28 15:56:00.000000000,BEST_BID,"JPM,99706,193"
2019-06-28 15:56:00.000000000,BEST_ASK,"JPM,99825,260"
2019-06-28 15:56:00.000000000,BEST_BID,"JPM,99706,193"
2019-06-28 15:56:00.000000000,BEST_ASK,"JPM,99825,260"
2019-06-28 15:56:00.000000000,BEST_BID,"JPM,99706,193"
2019-06-28 15:56:00.000000000,BEST_ASK,"JPM,99825,260"
2019-06-28 15:56:00.000000000,BEST_BID,"JPM,99706,193"
2019-06-28 15:56:00.000000000,BEST_ASK,"JPM,99825,353"
2019-06-28 15:56:00.000000000,BEST_BID,"JPM,99706,193"
2019-06-28 15:56:00.000000000,BEST_ASK,"JPM,99825,353"
2019-06-28 15:56:00.000000000,BEST_BID,"JPM,99706,193"
2019-06-28 15:56:00.000000000,BEST_ASK,"JPM,99825,353"
2019-06-28 15:56:00.000000000,BEST_BID,"JPM,99706,193"
2019-06-28 15:56:00.000000000,BEST_ASK,"JPM,99825,353"
2019-06-28 15:56:00.000000000,QUERY_SPREAD,77
2019-06-28 15:56:00.000000000,BEST_BID,"JPM,99706,193"
2019-06-28 15:56:00.000000000,BEST_ASK,"JPM,99825,348"
2019-06-28 15:56:00.000000000,LAST_TRADE,"5,$99825.0000"
2019-06-28 15:56:00.000000000,QUERY_SPREAD,78
2019-06-28 15:56:00.000000000,BEST_BID,"JPM,99706,193"
2019-06-28 15:56:00.000000000,BEST_ASK,"JPM,99825,340"
2019-06-28 15:56:00.000000000,LAST_TRADE,"8,$99825.0000"
2019-06-28 15:56:00.000000000,QUERY_SPREAD,79
2019-06-28 15:56:00.000000000,BEST_BID,"JPM,99706,193"
2019-06-28 15:56:00.000000000,BEST_ASK,"JPM,99825,335"
2019-06-28 15:56:00.000000000,LAST_TRADE,"5,$99825.0000"
2019-06-28 15:56:00.000000000,QUERY_SPREAD,80
2019-06-28 15:56:00.000000000,BEST_BID,"JPM,99706,193"
2019-06-28 15:56:00.000000000,BEST_ASK,"JPM,99825,327"
2019-06-28 15:56:00.000000000,LAST_TRADE,"8,$99825.0000"
2019-06-28 15:56:00.000000000,QUERY_SPREAD,81
2019-06-28 15:56:00.000000000,BEST_BID,"JPM,99706,193"
2019-06-28 15:56:00.000000000,BEST_ASK,"JPM,99825,318"
2019-06-28 15:56:00.000000000,LAST_TRADE,"9,$99825.0000"
2019-06-28 15:56:00.000000000,QUERY_SPREAD,82
2019-06-28 15:56:00.000000000,BEST_BID,"JPM,99706,193"
2019-06-28 15:56:00.000000000,BEST_ASK,"JPM,99825,315"
2019-06-28 15:56:00.000000000,LAST_TRADE,"3,$99825.0000"
2019-06-28 15:56:00.000000000,QUERY_SPREAD,83
2019-06-28 15:56:00.000000000,BEST_BID,"JPM,99706,193"
2019-06-28 15:56:00.000000000,BEST_ASK,"JPM,99825,307"
2019-06-28 15:56:00.000000000,LAST_TRADE,"8,$99825.0000"
2019-06-28 15:56:00.000000000,QUERY_SPREAD,84
2019-06-28 15:56:00.000000000,BEST_BID,"JPM,99706,193"
2019-06-28 15:56:00.000000000,BEST_ASK,"JPM,99825,303"
2019-06-28 15:56:00.000000000,LAST_TRADE,"4,$99825.0000"
2019-06-28 15:56:00.000000000,QUERY_SPREAD,85
2019-06-28 15:56:00.000000000,BEST_BID,"JPM,99706,193"
2019-06-28 15:56:00.000000000,BEST_ASK,"JPM,99825,298"
2019-06-28 15:56:00.000000000,LAST_TRADE,"5,$99825.0000"
2019-06-28 15:56:00.000000000,QUERY_SPREAD,86
2019-06-28 15:56:00.000000000,BEST_BID,"JPM,99706,193"
2019-06-28 15:56:00.000000000,BEST_ASK,"JPM,99825,296"
2019-06-28 15:56:00.000000000,LAST_TRADE,"2,$99825.0000"
2019-06-28 15:56:00.000000000,QUERY_SPREAD,87
2019-06-28 15:56:00.000000000,BEST_BID,"JPM,99706,193"
2019-06-28 15:56:00.000000000,BEST_ASK,"JPM,99825,289"
2019-06-28 15:56:00.000000000,LAST_TRADE,"7,$99825.0000"
2019-06-28 15:56:00.000000000,QUERY_SPREAD,88
2019-06-28 15:56:00.000000000,BEST_BID,"JPM,99706,193"
2019-06-28 15:56:00.000000000,BEST_ASK,"JPM,99825,281"
2019-06-28 15:56:00.000000000,LAST_TRADE,"8,$99825.0000"
2019-06-28 15:56:00.000000000,QUERY_SPREAD,89
2019-06-28 15:56:00.000000000,BEST_BID,"JPM,99706,193"
2019-06-28 15:56:00.000000000,BEST_ASK,"JPM,99825,276"
2019-06-28 15:56:00.000000000,LAST_TRADE,"5,$99825.0000"
2019-06-28 15:56:00.000000000,QUERY_SPREAD,90
2019-06-28 15:56:00.000000000,BEST_BID,"JPM,99706,193"
2019-06-28 15:56:00.000000000,BEST_ASK,"JPM,99825,272"
2019-06-28 15:56:00.000000000,LAST_TRADE,"4,$99825.0000"
2019-06-28 15:56:00.000000000,QUERY_SPREAD,91
2019-06-28 15:56:00.000000000,BEST_BID,"JPM,99706,193"
2019-06-28 15:56:00.000000000,BEST_ASK,"JPM,99825,269"
2019-06-28 15:56:00.000000000,LAST_TRADE,"3,$99825.0000"
2019-06-28 15:56:00.000000000,QUERY_SPREAD,92
2019-06-28 15:56:00.000000000,BEST_BID,"JPM,99706,193"
2019-06-28 15:56:00.000000000,BEST_ASK,"JPM,99825,264"
2019-06-28 15:56:00.000000000,LAST_TRADE,"5,$99825.0000"
2019-06-28 15:56:00.000000000,QUERY_SPREAD,93
2019-06-28 15:56:00.000000000,BEST_BID,"JPM,99706,193"
2019-06-28 15:56:00.000000000,BEST_ASK,"JPM,99825,257"
2019-06-28 15:56:00.000000000,LAST_TRADE,"7,$99825.0000"
2019-06-28 15:56:00.000000000,QUERY_SPREAD,94
2019-06-28 15:56:00.000000000,BEST_BID,"JPM,99706,193"
2019-06-28 15:56:00.000000000,BEST_ASK,"JPM,99825,256"
2019-06-28 15:56:00.000000000,LAST_TRADE,"1,$99825.0000"
2019-06-28 15:56:00.000000000,QUERY_SPREAD,95
2019-06-28 15:56:00.000000000,BEST_BID,"JPM,99706,193"
2019-06-28 15:56:00.000000000,BEST_ASK,"JPM,99825,255"
2019-06-28 15:56:00.000000000,LAST_TRADE,"1,$99825.0000"
2019-06-28 15:56:00.000000000,QUERY_SPREAD,96
2019-06-28 15:56:00.000000000,BEST_BID,"JPM,99706,193"
2019-06-28 15:56:00.000000000,BEST_ASK,"JPM,99825,251"
2019-06-28 15:56:00.000000000,LAST_TRADE,"4,$99825.0000"
2019-06-28 15:56:00.000000000,QUERY_SPREAD,97
2019-06-28 15:56:00.000000000,BEST_BID,"JPM,99706,193"
2019-06-28 15:56:00.000000000,BEST_ASK,"JPM,99825,248"
2019-06-28 15:56:00.000000000,LAST_TRADE,"3,$99825.0000"
2019-06-28 15:56:00.000000000,QUERY_SPREAD,98
2019-06-28 15:56:00.000000000,BEST_BID,"JPM,99706,193"
2019-06-28 15:56:00.000000000,BEST_ASK,"JPM,99825,243"
2019-06-28 15:56:00.000000000,LAST_TRADE,"5,$99825.0000"
2019-06-28 15:56:00.000000000,QUERY_SPREAD,99
2019-06-28 15:56:00.000000000,BEST_BID,"JPM,99706,193"
2019-06-28 15:56:00.000000000,BEST_ASK,"JPM,99825,239"
2019-06-28 15:56:00.000000000,LAST_TRADE,"4,$99825.0000"
2019-06-28 15:56:00.000000000,QUERY_SPREAD,100
2019-06-28 15:56:00.000000000,BEST_BID,"JPM,99706,193"
2019-06-28 15:56:00.000000000,BEST_ASK,"JPM,99825,234"
2019-06-28 15:56:00.000000000,LAST_TRADE,"5,$99825.0000"
2019-06-28 15:56:00.000000000,QUERY_SPREAD,101
2019-06-28 15:56:00.000000000,BEST_BID,"JPM,99706,193"
2019-06-28 15:56:00.000000000,BEST_ASK,"JPM,99825,233"
2019-06-28 15:56:00.000000000,LAST_TRADE,"1,$99825.0000"
2019-06-28 15:56:10.000000000,QUERY_SPREAD,1
2019-06-28 15:56:10.000000000,BEST_BID,"JPM,99706,471"
2019-06-28 15:56:10.000000000,BEST_ASK,"JPM,99825,140"
2019-06-28 15:56:10.000000000,BEST_BID,"JPM,99706,471"
2019-06-28 15:56:10.000000000,BEST_ASK,"JPM,99825,511"
2019-06-28 15:56:20.000000000,QUERY_SPREAD,1
2019-06-28 15:56:20.000000000,BEST_BID,"JPM,99706,226"
2019-06-28 15:56:20.000000000,BEST_ASK,"JPM,99825,140"
2019-06-28 15:56:20.000000000,BEST_BID,"JPM,99706,226"
2019-06-28 15:56:20.000000000,BEST_ASK,"JPM,99825,140"
2019-06-28 15:56:20.000000000,BEST_BID,"JPM,99706,226"
2019-06-28 15:56:20.000000000,BEST_ASK,"JPM,99825,140"
2019-06-28 15:56:20.000000000,BEST_BID,"JPM,99706,226"
2019-06-28 15:56:20.000000000,BEST_ASK,"JPM,99825,266"
2019-06-28 15:56:20.000000000,BEST_BID,"JPM,99706,226"
2019-06-28 15:56:20.000000000,BEST_ASK,"JPM,99825,266"
2019-06-28 15:56:20.000000000,BEST_BID,"JPM,99706,226"
2019-06-28 15:56:20.000000000,BEST_ASK,"JPM,99825,266"
2019-06-28 15:56:28.597597477,QUERY_SPREAD,22
2019-06-28 15:56:28.597597477,BEST_BID,"JPM,99706,226"
2019-06-28 15:56:28.597597477,BEST_ASK,"JPM,99825,266"
2019-06-28 15:56:30.000000000,QUERY_SPREAD,1
2019-06-28 15:56:30.000000000,BEST_BID,"JPM,99706,471"
2019-06-28 15:56:30.000000000,BEST_ASK,"JPM,99825,140"
2019-06-28 15:56:30.000000000,BEST_BID,"JPM,99706,471"
2019-06-28 15:56:30.000000000,BEST_ASK,"JPM,99825,511"
2019-06-28 15:56:40.000000000,QUERY_SPREAD,1
2019-06-28 15:56:40.000000000,BEST_BID,"JPM,99706,286"
2019-06-28 15:56:40.000000000,BEST_ASK,"JPM,99825,140"
2019-06-28 15:56:40.000000000,BEST_BID,"JPM,99706,286"
2019-06-28 15:56:40.000000000,BEST_ASK,"JPM,99825,140"
2019-06-28 15:56:40.000000000,BEST_BID,"JPM,99706,286"
2019-06-28 15:56:40.000000000,BEST_ASK,"JPM,99825,326"
2019-06-28 15:56:40.000000000,BEST_BID,"JPM,99706,286"
2019-06-28 15:56:40.000000000,BEST_ASK,"JPM,99825,326"
2019-06-28 15:56:41.390164089,QUERY_SPREAD,43
2019-06-28 15:56:41.390164089,BEST_BID,"JPM,99706,286"
2019-06-28 15:56:41.390164089,BEST_ASK,"JPM,99825,226"
2019-06-28 15:56:41.390164089,LAST_TRADE,"100,$99825.0000"
2019-06-28 15:56:48.796588549,QUERY_SPREAD,2
2019-06-28 15:56:48.796588549,BEST_BID,"JPM,99799,100"
2019-06-28 15:56:48.796588549,BEST_ASK,"JPM,99825,226"
2019-06-28 15:56:50.000000000,QUERY_SPREAD,1
2019-06-28 15:56:50.000000000,BEST_BID,"JPM,99799,226"
2019-06-28 15:56:50.000000000,BEST_ASK,"JPM,99825,40"
2019-06-28 15:56:50.000000000,BEST_BID,"JPM,99799,226"
2019-06-28 15:56:50.000000000,BEST_ASK,"JPM,99825,40"
2019-06-28 15:56:50.000000000,BEST_BID,"JPM,99799,226"
2019-06-28 15:56:50.000000000,BEST_ASK,"JPM,99825,40"
2019-06-28 15:56:50.000000000,BEST_BID,"JPM,99799,226"
2019-06-28 15:56:50.000000000,BEST_ASK,"JPM,99825,166"
2019-06-28 15:56:50.000000000,BEST_BID,"JPM,99799,226"
2019-06-28 15:56:50.000000000,BEST_ASK,"JPM,99825,166"
2019-06-28 15:56:50.000000000,BEST_BID,"JPM,99799,226"
2019-06-28 15:56:50.000000000,BEST_ASK,"JPM,99825,166"
2019-06-28 15:56:57.565456919,QUERY_SPREAD,6
2019-06-28 15:56:57.565456919,BEST_BID,"JPM,99799,126"
2019-06-28 15:56:57.565456919,BEST_ASK,"JPM,99825,166"
2019-06-28 15:56:57.565456919,LAST_TRADE,"100,$99799.0000"
2019-06-28 15:57:00.000000000,QUERY_SPREAD,1
2019-06-28 15:57:00.000000000,BEST_BID,"JPM,99706,193"
2019-06-28 15:57:00.000000000,BEST_ASK,"JPM,99825,40"
2019-06-28 15:57:00.000000000,BEST_BID,"JPM,99706,193"
2019-06-28 15:57:00.000000000,BEST_ASK,"JPM,99825,40"
2019-06-28 15:57:00.000000000,BEST_BID,"JPM,99706,193"
2019-06-28 15:57:00.000000000,BEST_ASK,"JPM,99825,40"
2019-06-28 15:57:00.000000000,BEST_BID,"JPM,99706,193"
2019-06-28 15:57:00.000000000,BEST_ASK,"JPM,99825,40"
2019-06-28 15:57:00.000000000,BEST_BID,"JPM,99706,193"
2019-06-28 15:57:00.000000000,BEST_ASK,"JPM,99825,133"
2019-06-28 15:57:00.000000000,BEST_BID,"JPM,99706,193"
2019-06-28 15:57:00.000000000,BEST_ASK,"JPM,99825,133"
2019-06-28 15:57:00.000000000,BEST_BID,"JPM,99706,193"
2019-06-28 15:57:00.000000000,BEST_ASK,"JPM,99825,133"
2019-06-28 15:57:00.000000000,BEST_BID,"JPM,99706,193"
2019-06-28 15:57:00.000000000,BEST_ASK,"JPM,99825,133"
2019-06-28 15:57:00.000000000,QUERY_SPREAD,77
2019-06-28 15:57:00.000000000,BEST_BID,"JPM,99706,193"
2019-06-28 15:57:00.000000000,BEST_ASK,"JPM,99825,128"
2019-06-28 15:57:00.000000000,LAST_TRADE,"5,$99825.0000"
2019-06-28 15:57:00.000000000,QUERY_SPREAD,78
2019-06-28 15:57:00.000000000,BEST_BID,"JPM,99706,193"
2019-06-28 15:57:00.000000000,BEST_ASK,"JPM,99825,120"
2019-06-28 15:57:00.000000000,LAST_TRADE,"8,$99825.0000"
2019-06-28 15:57:00.000000000,QUERY_SPREAD,79
2019-06-28 15:57:00.000000000,BEST_BID,"JPM,99706,193"
2019-06-28 15:57:00.000000000,BEST_ASK,"JPM,99825,115"
2019-06-28 15:57:00.000000000,LAST_TRADE,"5,$99825.0000"
2019-06-28 15:57:00.000000000,QUERY_SPREAD,80
2019-06-28 15:57:00.000000000,BEST_BID,"JPM,99706,193"
2019-06-28 15:57:00.000000000,BEST_ASK,"JPM,99825,107"
2019-06-28 15:57:00.000000000,LAST_TRADE,"8,$99825.0000"
2019-06-28 15:57:00.000000000,QUERY_SPREAD,81
2019-06-28 15:57:00.000000000,BEST_BID,"JPM,99706,193"
2019-06-28 15:57:00.000000000,BEST_ASK,"JPM,99825,98"
2019-06-28 15:57:00.000000000,LAST_TRADE,"9,$99825.0000"
2019-06-28 15:57:00.000000000,QUERY_SPREAD,82
2019-06-28 15:57:00.000000000,BEST_BID,"JPM,99706,193"
2019-06-28 15:57:00.000000000,BEST_ASK,"JPM,99825,95"
2019-06-28 15:57:00.000000000,LAST_TRADE,"3,$99825.0000"
2019-06-28 15:57:00.000000000,QUERY_SPREAD,83
2019-06-28 15:57:00.000000000,BEST_BID,"JPM,99706,193"
2019-06-28 15:57:00.000000000,BEST_ASK,"JPM,99825,87"
2019-06-28 15:57:00.000000000,LAST_TRADE,"8,$99825.0000"
2019-06-28 15:57:00.000000000,QUERY_SPREAD,84
2019-06-28 15:57:00.000000000,BEST_BID,"JPM,99706,193"
2019-06-28 15:57:00.000000000,BEST_ASK,"JPM,99825,83"
2019-06-28 15:57:00.000000000,LAST_TRADE,"4,$99825.0000"
2019-06-28 15:57:00.000000000,QUERY_SPREAD,85
2019-06-28 15:57:00.000000000,BEST_BID,"JPM,99706,193"
2019-06-28 15:57:00.000000000,BEST_ASK,"JPM,99825,78"
2019-06-28 15:57:00.000000000,LAST_TRADE,"5,$99825.0000"
2019-06-28 15:57:00.000000000,QUERY_SPREAD,86
2019-06-28 15:57:00.000000000,BEST_BID,"JPM,99706,193"
2019-06-28 15:57:00.000000000,BEST_ASK,"JPM,99825,76"
2019-06-28 15:57:00.000000000,LAST_TRADE,"2,$99825.0000"
2019-06-28 15:57:00.000000000,QUERY_SPREAD,87
2019-06-28 15:57:00.000000000,BEST_BID,"JPM,99706,193"
2019-06-28 15:57:00.000000000,BEST_ASK,"JPM,99825,69"
2019-06-28 15:57:00.000000000,LAST_TRADE,"7,$99825.0000"
2019-06-28 15:57:00.000000000,QUERY_SPREAD,88
2019-06-28 15:57:00.000000000,BEST_BID,"JPM,99706,193"
2019-06-28 15:57:00.000000000,BEST_ASK,"JPM,99825,61"
2019-06-28 15:57:00.000000000,LAST_TRADE,"8,$99825.0000"
2019-06-28 15:57:00.000000000,QUERY_SPREAD,89
2019-06-28 15:57:00.000000000,BEST_BID,"JPM,99706,193"
2019-06-28 15:57:00.000000000,BEST_ASK,"JPM,99825,56"
2019-06-28 15:57:00.000000000,LAST_TRADE,"5,$99825.0000"
2019-06-28 15:57:00.000000000,QUERY_SPREAD,90
2019-06-28 15:57:00.000000000,BEST_BID,"JPM,99706,193"
2019-06-28 15:57:00.000000000,BEST_ASK,"JPM,99825,52"
2019-06-28 15:57:00.000000000,LAST_TRADE,"4,$99825.0000"
2019-06-28 15:57:00.000000000,QUERY_SPREAD,91
2019-06-28 15:57:00.000000000,BEST_BID,"JPM,99706,193"
2019-06-28 15:57:00.000000000,BEST_ASK,"JPM,99825,49"
2019-06-28 15:57:00.000000000,LAST_TRADE,"3,$99825.0000"
2019-06-28 15:57:00.000000000,QUERY_SPREAD,92
2019-06-28 15:57:00.000000000,BEST_BID,"JPM,99706,193"
2019-06-28 15:57:00.000000000,BEST_ASK,"JPM,99825,44"
2019-06-28 15:57:00.000000000,LAST_TRADE,"5,$99825.0000"
2019-06-28 15:57:00.000000000,QUERY_SPREAD,93
2019-06-28 15:57:00.000000000,BEST_BID,"JPM,99706,193"
2019-06-28 15:57:00.000000000,BEST_ASK,"JPM,99825,37"
2019-06-28 15:57:00.000000000,LAST_TRADE,"7,$99825.0000"
2019-06-28 15:57:00.000000000,QUERY_SPREAD,94
2019-06-28 15:57:00.000000000,BEST_BID,"JPM,99706,193"
2019-06-28 15:57:00.000000000,BEST_ASK,"JPM,99825,36"
2019-06-28 15:57:00.000000000,LAST_TRADE,"1,$99825.0000"
2019-06-28 15:57:00.000000000,QUERY_SPREAD,95
2019-06-28 15:57:00.000000000,BEST_BID,"JPM,99706,193"
2019-06-28 15:57:00.000000000,BEST_ASK,"JPM,99825,35"
2019-06-28 15:57:00.000000000,LAST_TRADE,"1,$99825.0000"
2019-06-28 15:57:00.000000000,QUERY_SPREAD,96
2019-06-28 15:57:00.000000000,BEST_BID,"JPM,99706,193"
2019-06-28 15:57:00.000000000,BEST_ASK,"JPM,99825,31"
2019-06-28 15:57:00.000000000,LAST_TRADE,"4,$99825.0000"
2019-06-28 15:57:00.000000000,QUERY_SPREAD,97
2019-06-28 15:57:00.000000000,BEST_BID,"JPM,99706,193"
2019-06-28 15:57:00.000000000,BEST_ASK,"JPM,99825,28"
2019-06-28 15:57:00.000000000,LAST_TRADE,"3,$99825.0000"
2019-06-28 15:57:00.000000000,QUERY_SPREAD,98
2019-06-28 15:57:00.000000000,BEST_BID,"JPM,99706,193"
2019-06-28 15:57:00.000000000,BEST_ASK,"JPM,99825,23"
2019-06-28 15:57:00.000000000,LAST_TRADE,"5,$99825.0000"
2019-06-28 15:57:00.000000000,QUERY_SPREAD,99
2019-06-28 15:57:00.000000000,BEST_BID,"JPM,99706,193"
2019-06-28 15:57:00.000000000,BEST_ASK,"JPM,99825,19"
2019-06-28 15:57:00.000000000,LAST_TRADE,"4,$99825.0000"
2019-06-28 15:57:00.000000000,QUERY_SPREAD,100
2019-06-28 15:57:00.000000000,BEST_BID,"JPM,99706,193"
2019-06-28 15:57:00.000000000,BEST_ASK,"JPM,99825,14"
2019-06-28 15:57:00.000000000,LAST_TRADE,"5,$99825.0000"
2019-06-28 15:57:00.000000000,QUERY_SPREAD,101
2019-06-28 15:57:00.000000000,BEST_BID,"JPM,99706,193"
2019-06-28 15:57:00.000000000,BEST_ASK,"JPM,99825,13"
2019-06-28 15:57:00.000000000,LAST_TRADE,"1,$99825.0000"
2019-06-28 15:57:10.000000000,QUERY_SPREAD,1
2019-06-28 15:57:10.000000000,BEST_BID,"JPM,99706,174"
2019-06-28 15:57:10.000000000,BEST_ASK,"JPM,99883,100"
2019-06-28 15:57:10.000000000,BEST_BID,"JPM,99706,174"
2019-06-28 15:57:10.000000000,BEST_ASK,"JPM,99883,100"
2019-06-28 15:57:10.000000000,BEST_BID,"JPM,99706,174"
2019-06-28 15:57:10.000000000,BEST_ASK,"JPM,99883,100"
2019-06-28 15:57:10.000000000,BEST_BID,"JPM,99706,174"
2019-06-28 15:57:10.000000000,BEST_ASK,"JPM,99883,100"
2019-06-28 15:57:10.000000000,BEST_BID,"JPM,99706,174"
2019-06-28 15:57:10.000000000,BEST_ASK,"JPM,99883,100"
2019-06-28 15:57:10.000000000,BEST_BID,"JPM,99706,174"
2019-06-28 15:57:10.000000000,BEST_ASK,"JPM,99883,174"
2019-06-28 15:57:10.000000000,BEST_BID,"JPM,99706,174"
2019-06-28 15:57:10.000000000,BEST_ASK,"JPM,99883,174"
2019-06-28 15:57:10.000000000,BEST_BID,"JPM,99706,174"
2019-06-28 15:57:10.000000000,BEST_ASK,"JPM,99883,174"
2019-06-28 15:57:10.000000000,BEST_BID,"JPM,99706,174"
2019-06-28 15:57:10.000000000,BEST_ASK,"JPM,99883,174"
2019-06-28 15:57:10.000000000,BEST_BID,"JPM,99706,174"
2019-06-28 15:57:10.000000000,BEST_ASK,"JPM,99883,174"
2019-06-28 15:57:20.000000000,QUERY_SPREAD,1
2019-06-28 15:57:20.000000000,BEST_BID,"JPM,99706,226"
2019-06-28 15:57:20.000000000,BEST_ASK,"JPM,99883,100"
2019-06-28 15:57:20.000000000,BEST_BID,"JPM,99706,226"
2019-06-28 15:57:20.000000000,BEST_ASK,"JPM,99883,100"
2019-06-28 15:57:20.000000000,BEST_BID,"JPM,99706,226"
2019-06-28 15:57:20.000000000,BEST_ASK,"JPM,99883,100"
2019-06-28 15:57:20.000000000,BEST_BID,"JPM,99706,226"
2019-06-28 15:57:20.000000000,BEST_ASK,"JPM,99883,226"
2019-06-28 15:57:20.000000000,BEST_BID,"JPM,99706,226"
2019-06-28 15:57:20.000000000,BEST_ASK,"JPM,99883,226"
2019-06-28 15:57:20.000000000,BEST_BID,"JPM,99706,226"
2019-06-28 15:57:20.000000000,BEST_ASK,"JPM,99883,226"
2019-06-28 15:57:30.000000000,QUERY_SPREAD,1
2019-06-28 15:57:30.000000000,BEST_BID,"JPM,99706,226"
2019-06-28 15:57:30.000000000,BEST_ASK,"JPM,99883,100"
2019-06-28 15:57:30.000000000,BEST_BID,"JPM,99706,226"
2019-06-28 15:57:30.000000000,BEST_ASK,"JPM,99883,100"
2019-06-28 15:57:30.000000000,BEST_BID,"JPM,99706,226"
2019-06-28 15:57:30.000000000,BEST_ASK,"JPM,99883,100"
2019-06-28 15:57:30.000000000,BEST_BID,"JPM,99706,226"
2019-06-28 15:57:30.000000000,BEST_ASK,"JPM,99883,226"
2019-06-28 15:57:30.000000000,BEST_BID,"JPM,99706,226"
2019-06-28 15:57:30.000000000,BEST_ASK,"JPM,99883,226"
2019-06-28 15:57:30.000000000,BEST_BID,"JPM,99706,226"
2019-06-28 15:57:30.000000000,BEST_ASK,"JPM,99883,226"
2019-06-28 15:57:40.000000000,QUERY_SPREAD,1
2019-06-28 15:57:40.000000000,BEST_BID,"JPM,99706,193"
2019-06-28 15:57:40.000000000,BEST_ASK,"JPM,99883,100"
2019-06-28 15:57:40.000000000,BEST_BID,"JPM,99706,193"
2019-06-28 15:57:40.000000000,BEST_ASK,"JPM,99883,100"
2019-06-28 15:57:40.000000000,BEST_BID,"JPM,99706,193"
2019-06-28 15:57:40.000000000,BEST_ASK,"JPM,99883,100"
2019-06-28 15:57:40.000000000,BEST_BID,"JPM,99706,193"
2019-06-28 15:57:40.000000000,BEST_ASK,"JPM,99883,100"
2019-06-28 15:57:40.000000000,BEST_BID,"JPM,99706,193"
2019-06-28 15:57:40.000000000,BEST_ASK,"JPM,99883,193"
2019-06-28 15:57:40.000000000,BEST_BID,"JPM,99706,193"
2019-06-28 15:57:40.000000000,BEST_ASK,"JPM,99883,193"
2019-06-28 15:57:40.000000000,BEST_BID,"JPM,99706,193"
2019-06-28 15:57:40.000000000,BEST_ASK,"JPM,99883,193"
2019-06-28 15:57:40.000000000,BEST_BID,"JPM,99706,193"
2019-06-28 15:57:40.000000000,BEST_ASK,"JPM,99883,193"
2019-06-28 15:57:50.000000000,QUERY_SPREAD,1
2019-06-28 15:57:50.000000000,BEST_BID,"JPM,99706,226"
2019-06-28 15:57:50.000000000,BEST_ASK,"JPM,99883,100"
2019-06-28 15:57:50.000000000,BEST_BID,"JPM,99706,226"
2019-06-28 15:57:50.000000000,BEST_ASK,"JPM,99883,100"
2019-06-28 15:57:50.000000000,BEST_BID,"JPM,99706,226"
2019-06-28 15:57:50.000000000,BEST_ASK,"JPM,99883,100"
2019-06-28 15:57:50.000000000,BEST_BID,"JPM,99706,226"
2019-06-28 15:57:50.000000000,BEST_ASK,"JPM,99883,226"
2019-06-28 15:57:50.000000000,BEST_BID,"JPM,99706,226"
2019-06-28 15:57:50.000000000,BEST_ASK,"JPM,99883,226"
2019-06-28 15:57:50.000000000,BEST_BID,"JPM,99706,226"
2019-06-28 15:57:50.000000000,BEST_ASK,"JPM,99883,226"
2019-06-28 15:57:58.542976979,QUERY_ORDER_STREAM,53
2019-06-28 15:57:58.542976979,QUERY_SPREAD,53
2019-06-28 15:58:00.000000000,QUERY_SPREAD,1
2019-06-28 15:58:00.000000000,BEST_BID,"JPM,99706,193"
2019-06-28 15:58:00.000000000,BEST_ASK,"JPM,99883,100"
2019-06-28 15:58:00.000000000,BEST_BID,"JPM,99706,193"
2019-06-28 15:58:00.000000000,BEST_ASK,"JPM,99883,100"
2019-06-28 15:58:00.000000000,BEST_BID,"JPM,99706,193"
2019-06-28 15:58:00.000000000,BEST_ASK,"JPM,99883,100"
2019-06-28 15:58:00.000000000,BEST_BID,"JPM,99706,193"
2019-06-28 15:58:00.000000000,BEST_ASK,"JPM,99883,100"
2019-06-28 15:58:00.000000000,BEST_BID,"JPM,99706,193"
2019-06-28 15:58:00.000000000,BEST_ASK,"JPM,99883,193"
2019-06-28 15:58:00.000000000,BEST_BID,"JPM,99706,193"
2019-06-28 15:58:00.000000000,BEST_ASK,"JPM,99883,193"
2019-06-28 15:58:00.000000000,BEST_BID,"JPM,99706,193"
2019-06-28 15:58:00.000000000,BEST_ASK,"JPM,99883,193"
2019-06-28 15:58:00.000000000,BEST_BID,"JPM,99706,193"
2019-06-28 15:58:00.000000000,BEST_ASK,"JPM,99883,193"
2019-06-28 15:58:00.000000000,QUERY_SPREAD,77
2019-06-28 15:58:00.000000000,BEST_BID,"JPM,99706,193"
2019-06-28 15:58:00.000000000,BEST_ASK,"JPM,99883,188"
2019-06-28 15:58:00.000000000,LAST_TRADE,"5,$99883.0000"
2019-06-28 15:58:00.000000000,QUERY_SPREAD,78
2019-06-28 15:58:00.000000000,BEST_BID,"JPM,99706,193"
2019-06-28 15:58:00.000000000,BEST_ASK,"JPM,99883,180"
2019-06-28 15:58:00.000000000,LAST_TRADE,"8,$99883.0000"
2019-06-28 15:58:00.000000000,QUERY_SPREAD,79
2019-06-28 15:58:00.000000000,BEST_BID,"JPM,99706,193"
2019-06-28 15:58:00.000000000,BEST_ASK,"JPM,99883,175"
2019-06-28 15:58:00.000000000,LAST_TRADE,"5,$99883.0000"
2019-06-28 15:58:00.000000000,QUERY_SPREAD,80
2019-06-28 15:58:00.000000000,BEST_BID,"JPM,99706,193"
2019-06-28 15:58:00.000000000,BEST_ASK,"JPM,99883,167"
2019-06-28 15:58:00.000000000,LAST_TRADE,"8,$99883.0000"
2019-06-28 15:58:00.000000000,QUERY_SPREAD,81
2019-06-28 15:58:00.000000000,BEST_BID,"JPM,99706,193"
2019-06-28 15:58:00.000000000,BEST_ASK,"JPM,99883,158"
2019-06-28 15:58:00.000000000,LAST_TRADE,"9,$99883.0000"
2019-06-28 15:58:00.000000000,QUERY_SPREAD,82
2019-06-28 15:58:00.000000000,BEST_BID,"JPM,99706,193"
2019-06-28 15:58:00.000000000,BEST_ASK,"JPM,99883,155"
2019-06-28 15:58:00.000000000,LAST_TRADE,"3,$99883.0000"
2019-06-28 15:58:00.000000000,QUERY_SPREAD,83
2019-06-28 15:58:00.000000000,BEST_BID,"JPM,99706,193"
2019-06-28 15:58:00.000000000,BEST_ASK,"JPM,99883,147"
2019-06-28 15:58:00.000000000,LAST_TRADE,"8,$99883.0000"
2019-06-28 15:58:00.000000000,QUERY_SPREAD,84
2019-06-28 15:58:00.000000000,BEST_BID,"JPM,99706,193"
2019-06-28 15:58:00.000000000,BEST_ASK,"JPM,99883,143"
2019-06-28 15:58:00.000000000,LAST_TRADE,"4,$99883.0000"
2019-06-28 15:58:00.000000000,QUERY_SPREAD,85
2019-06-28 15:58:00.000000000,BEST_BID,"JPM,99706,193"
2019-06-28 15:58:00.000000000,BEST_ASK,"JPM,99883,138"
2019-06-28 15:58:00.000000000,LAST_TRADE,"5,$99883.0000"
2019-06-28 15:58:00.000000000,QUERY_SPREAD,86
2019-06-28 15:58:00.000000000,BEST_BID,"JPM,99706,193"
2019-06-28 15:58:00.000000000,BEST_ASK,"JPM,99883,136"
2019-06-28 15:58:00.000000000,LAST_TRADE,"2,$99883.0000"
2019-06-28 15:58:00.000000000,QUERY_SPREAD,87
2019-06-28 15:58:00.000000000,BEST_BID,"JPM,99706,193"
2019-06-28 15:58:00.000000000,BEST_ASK,"JPM,99883,129"
2019-06-28 15:58:00.000000000,LAST_TRADE,"7,$99883.0000"
2019-06-28 15:58:00.000000000,QUERY_SPREAD,88
2019-06-28 15:58:00.000000000,BEST_BID,"JPM,99706,193"
2019-06-28 15:58:00.000000000,BEST_ASK,"JPM,99883,121"
2019-06-28 15:58:00.000000000,LAST_TRADE,"8,$99883.0000"
2019-06-28 15:58:00.000000000,QUERY_SPREAD,89
2019-06-28 15:58:00.000000000,BEST_BID,"JPM,99706,193"
2019-06-28 15:58:00.000000000,BEST_ASK,"JPM,99883,116"
2019-06-28 15:58:00.000000000,LAST_TRADE,"5,$99883.0000"
2019-06-28 15:58:00.000000000,QUERY_SPREAD,90
2019-06-28 15:58:00.000000000,BEST_BID,"JPM,99706,193"
2019-06-28 15:58:00.000000000,BEST_ASK,"JPM,99883,112"
2019-06-28 15:58:00.000000000,LAST_TRADE,"4,$99883.0000"
2019-06-28 15:58:00.000000000,QUERY_SPREAD,91
2019-06-28 15:58:00.000000000,BEST_BID,"JPM,99706,193"
2019-06-28 15:58:00.000000000,BEST_ASK,"JPM,99883,109"
2019-06-28 15:58:00.000000000,LAST_TRADE,"3,$99883.0000"
2019-06-28 15:58:00.000000000,QUERY_SPREAD,92
2019-06-28 15:58:00.000000000,BEST_BID,"JPM,99706,193"
2019-06-28 15:58:00.000000000,BEST_ASK,"JPM,99883,104"
2019-06-28 15:58:00.000000000,LAST_TRADE,"5,$99883.0000"
2019-06-28 15:58:00.000000000,QUERY_SPREAD,93
2019-06-28 15:58:00.000000000,BEST_BID,"JPM,99706,193"
2019-06-28 15:58:00.000000000,BEST_ASK,"JPM,99883,97"
2019-06-28 15:58:00.000000000,LAST_TRADE,"7,$99883.0000"
2019-06-28 15:58:00.000000000,QUERY_SPREAD,94
2019-06-28 15:58:00.000000000,BEST_BID,"JPM,99706,193"
2019-06-28 15:58:00.000000000,BEST_ASK,"JPM,99883,96"
2019-06-28 15:58:00.000000000,LAST_TRADE,"1,$99883.0000"
2019-06-28 15:58:00.000000000,QUERY_SPREAD,95
2019-06-28 15:58:00.000000000,BEST_BID,"JPM,99706,193"
2019-06-28 15:58:00.000000000,BEST_ASK,"JPM,99883,95"
2019-06-28 15:58:00.000000000,LAST_TRADE,"1,$99883.0000"
2019-06-28 15:58:00.000000000,QUERY_SPREAD,96
2019-06-28 15:58:00.000000000,BEST_BID,"JPM,99706,193"
2019-06-28 15:58:00.000000000,BEST_ASK,"JPM,99883,91"
2019-06-28 15:58:00.000000000,LAST_TRADE,"4,$99883.0000"
2019-06-28 15:58:00.000000000,QUERY_SPREAD,97
2019-06-28 15:58:00.000000000,BEST_BID,"JPM,99706,193"
2019-06-28 15:58:00.000000000,BEST_ASK,"JPM,99883,88"
2019-06-28 15:58:00.000000000,LAST_TRADE,"3,$99883.0000"
2019-06-28 15:58:00.000000000,QUERY_SPREAD,98
2019-06-28 15:58:00.000000000,BEST_BID,"JPM,99706,193"
2019-06-28 15:58:00.000000000,BEST_ASK,"JPM,99883,83"
2019-06-28 15:58:00.000000000,LAST_TRADE,"5,$99883.0000"
2019-06-28 15:58:00.000000000,QUERY_SPREAD,99
2019-06-28 15:58:00.000000000,BEST_BID,"JPM,99706,193"
2019-06-28 15:58:00.000000000,BEST_ASK,"JPM,99883,79"
2019-06-28 15:58:00.000000000,LAST_TRADE,"4,$99883.0000"
2019-06-28 15:58:00.000000000,QUERY_SPREAD,100
2019-06-28 15:58:00.000000000,BEST_BID,"JPM,99706,193"
2019-06-28 15:58:00.000000000,BEST_ASK,"JPM,99883,74"
2019-06-28 15:58:00.000000000,LAST_TRADE,"5,$99883.0000"
2019-06-28 15:58:00.000000000,QUERY_SPREAD,101
2019-06-28 15:58:00.000000000,BEST_BID,"JPM,99706,193"
2019-06-28 15:58:00.000000000,BEST_ASK,"JPM,99883,73"
2019-06-28 15:58:00.000000000,LAST_TRADE,"1,$99883.0000"
2019-06-28 15:58:01.745409732,QUERY_SPREAD,43
2019-06-28 15:58:01.745409732,BEST_BID,"JPM,99706,193"
2019-06-28 15:58:01.745409732,BEST_ASK,"JPM,99883,73"
2019-06-28 15:58:05.007556248,QUERY_SPREAD,18
2019-06-28 15:58:05.007556248,BEST_BID,"JPM,99706,193"
2019-06-28 15:58:05.007556248,BEST_ASK,"JPM,99883,173"
2019-06-28 15:58:10.000000000,QUERY_SPREAD,1
2019-06-28 15:58:10.000000000,BEST_BID,"JPM,99706,193"
2019-06-28 15:58:10.000000000,BEST_ASK,"JPM,99883,100"
2019-06-28 15:58:10.000000000,BEST_BID,"JPM,99706,193"
2019-06-28 15:58:10.000000000,BEST_ASK,"JPM,99883,100"
2019-06-28 15:58:10.000000000,BEST_BID,"JPM,99706,193"
2019-06-28 15:58:10.000000000,BEST_ASK,"JPM,99883,100"
2019-06-28 15:58:10.000000000,BEST_BID,"JPM,99706,193"
2019-06-28 15:58:10.000000000,BEST_ASK,"JPM,99883,100"
2019-06-28 15:58:10.000000000,BEST_BID,"JPM,99706,193"
2019-06-28 15:58:10.000000000,BEST_ASK,"JPM,99883,193"
2019-06-28 15:58:10.000000000,BEST_BID,"JPM,99706,193"
2019-06-28 15:58:10.000000000,BEST_ASK,"JPM,99883,193"
2019-06-28 15:58:10.000000000,BEST_BID,"JPM,99706,193"
2019-06-28 15:58:10.000000000,BEST_ASK,"JPM,99883,193"
2019-06-28 15:58:10.000000000,BEST_BID,"JPM,99706,193"
2019-06-28 15:58:10.000000000,BEST_ASK,"JPM,99883,193"
2019-06-28 15:58:20.000000000,QUERY_SPREAD,1
2019-06-28 15:58:20.000000000,BEST_BID,"JPM,99706,471"
2019-06-28 15:58:20.000000000,BEST_ASK,"JPM,99883,100"
2019-06-28 15:58:20.000000000,BEST_BID,"JPM,99706,471"
2019-06-28 15:58:20.000000000,BEST_ASK,"JPM,99883,471"
2019-06-28 15:58:28.722344977,QUERY_SPREAD,34
2019-06-28 15:58:28.722344977,BEST_BID,"JPM,99706,471"
2019-06-28 15:58:28.722344977,BEST_ASK,"JPM,99883,371"
2019-06-28 15:58:28.722344977,LAST_TRADE,"100,$99883.0000"
2019-06-28 15:58:30.000000000,QUERY_SPREAD,1
2019-06-28 15:58:30.000000000,BEST_BID,"JPM,99706,174"
2019-06-28 15:58:30.000000000,BEST_ASK,"JPM,99907,100"
2019-06-28 15:58:30.000000000,BEST_BID,"JPM,99706,174"
2019-06-28 15:58:30.000000000,BEST_ASK,"JPM,99907,100"
2019-06-28 15:58:30.000000000,BEST_BID,"JPM,99706,174"
2019-06-28 15:58:30.000000000,BEST_ASK,"JPM,99907,100"
2019-06-28 15:58:30.000000000,BEST_BID,"JPM,99706,174"
2019-06-28 15:58:30.000000000,BEST_ASK,"JPM,99907,100"
2019-06-28 15:58:30.000000000,BEST_BID,"JPM,99706,174"
2019-06-28 15:58:30.000000000,BEST_ASK,"JPM,99907,100"
2019-06-28 15:58:30.000000000,BEST_BID,"JPM,99706,174"
2019-06-28 15:58:30.000000000,BEST_ASK,"JPM,99907,174"
2019-06-28 15:58:30.000000000,BEST_BID,"JPM,99706,174"
2019-06-28 15:58:30.000000000,BEST_ASK,"JPM,99907,174"
2019-06-28 15:58:30.000000000,BEST_BID,"JPM,99706,174"
2019-06-28 15:58:30.000000000,BEST_ASK,"JPM,99907,174"
2019-06-28 15:58:30.000000000,BEST_BID,"JPM,99706,174"
2019-06-28 15:58:30.000000000,BEST_ASK,"JPM,99907,174"
2019-06-28 15:58:30.000000000,BEST_BID,"JPM,99706,174"
2019-06-28 15:58:30.000000000,BEST_ASK,"JPM,99907,174"
2019-06-28 15:58:33.451726479,QUERY_SPREAD,5
2019-06-28 15:58:33.451726479,BEST_BID,"JPM,99706,174"
2019-06-28 15:58:33.451726479,BEST_ASK,"JPM,99907,174"
2019-06-28 15:58:40.000000000,QUERY_SPREAD,1
2019-06-28 15:58:40.000000000,BEST_BID,"JPM,99706,286"
2019-06-28 15:58:40.000000000,BEST_ASK,"JPM,99907,100"
2019-06-28 15:58:40.000000000,BEST_BID,"JPM,99706,286"
2019-06-28 15:58:40.000000000,BEST_ASK,"JPM,99907,100"
2019-06-28 15:58:40.000000000,BEST_BID,"JPM,99706,286"
2019-06-28 15:58:40.000000000,BEST_ASK,"JPM,99907,286"
2019-06-28 15:58:40.000000000,BEST_BID,"JPM,99706,286"
2019-06-28 15:58:40.000000000,BEST_ASK,"JPM,99907,286"
2019-06-28 15:58:40.619197181,QUERY_SPREAD,20
2019-06-28 15:58:40.619197181,BEST_BID,"JPM,99706,286"
2019-06-28 15:58:40.619197181,BEST_ASK,"JPM,99907,286"
2019-06-28 15:58:46.227681170,QUERY_SPREAD,45
2019-06-28 15:58:46.227681170,BEST_BID,"JPM,99706,286"
2019-06-28 15:58:46.227681170,BEST_ASK,"JPM,99907,286"
2019-06-28 15:58:50.000000000,QUERY_SPREAD,1
2019-06-28 15:58:50.000000000,BEST_BID,"JPM,99706,193"
2019-06-28 15:58:50.000000000,BEST_ASK,"JPM,99907,100"
2019-06-28 15:58:50.000000000,BEST_BID,"JPM,99706,193"
2019-06-28 15:58:50.000000000,BEST_ASK,"JPM,99907,100"
2019-06-28 15:58:50.000000000,BEST_BID,"JPM,99706,193"
2019-06-28 15:58:50.000000000,BEST_ASK,"JPM,99907,100"
2019-06-28 15:58:50.000000000,BEST_BID,"JPM,99706,193"
2019-06-28 15:58:50.000000000,BEST_ASK,"JPM,99907,100"
2019-06-28 15:58:50.000000000,BEST_BID,"JPM,99706,193"
2019-06-28 15:58:50.000000000,BEST_ASK,"JPM,99907,193"
2019-06-28 15:58:50.000000000,BEST_BID,"JPM,99706,193"
2019-06-28 15:58:50.000000000,BEST_ASK,"JPM,99907,193"
2019-06-28 15:58:50.000000000,BEST_BID,"JPM,99706,193"
2019-06-28 15:58:50.000000000,BEST_ASK,"JPM,99907,193"
2019-06-28 15:58:50.000000000,BEST_BID,"JPM,99706,193"
2019-06-28 15:58:50.000000000,BEST_ASK,"JPM,99907,193"
2019-06-28 15:58:58.227975940,QUERY_SPREAD,40
2019-06-28 15:58:58.227975940,BEST_BID,"JPM,99706,193"
2019-06-28 15:58:58.227975940,BEST_ASK,"JPM,99907,93"
2019-06-28 15:58:58.227975940,LAST_TRADE,"100,$99907.0000"
2019-06-28 15:59:00.000000000,QUERY_SPREAD,1
2019-06-28 15:59:00.000000000,BEST_BID,"JPM,99706,471"
2019-06-28 15:59:00.000000000,BEST_ASK,"JPM,99978,100"
2019-06-28 15:59:00.000000000,BEST_BID,"JPM,99706,471"
2019-06-28 15:59:00.000000000,BEST_ASK,"JPM,99978,471"
2019-06-28 15:59:00.000000000,QUERY_SPREAD,77
2019-06-28 15:59:00.000000000,BEST_BID,"JPM,99706,471"
2019-06-28 15:59:00.000000000,BEST_ASK,"JPM,99978,466"
2019-06-28 15:59:00.000000000,LAST_TRADE,"5,$99978.0000"
2019-06-28 15:59:00.000000000,QUERY_SPREAD,78
2019-06-28 15:59:00.000000000,BEST_BID,"JPM,99706,471"
2019-06-28 15:59:00.000000000,BEST_ASK,"JPM,99978,458"
2019-06-28 15:59:00.000000000,LAST_TRADE,"8,$99978.0000"
2019-06-28 15:59:00.000000000,QUERY_SPREAD,79
2019-06-28 15:59:00.000000000,BEST_BID,"JPM,99706,471"
2019-06-28 15:59:00.000000000,BEST_ASK,"JPM,99978,453"
2019-06-28 15:59:00.000000000,LAST_TRADE,"5,$99978.0000"
2019-06-28 15:59:00.000000000,QUERY_SPREAD,80
2019-06-28 15:59:00.000000000,BEST_BID,"JPM,99706,471"
2019-06-28 15:59:00.000000000,BEST_ASK,"JPM,99978,445"
2019-06-28 15:59:00.000000000,LAST_TRADE,"8,$99978.0000"
2019-06-28 15:59:00.000000000,QUERY_SPREAD,81
2019-06-28 15:59:00.000000000,BEST_BID,"JPM,99706,471"
2019-06-28 15:59:00.000000000,BEST_ASK,"JPM,99978,436"
2019-06-28 15:59:00.000000000,LAST_TRADE,"9,$99978.0000"
2019-06-28 15:59:00.000000000,QUERY_SPREAD,82
2019-06-28 15:59:00.000000000,BEST_BID,"JPM,99706,471"
2019-06-28 15:59:00.000000000,BEST_ASK,"JPM,99978,433"
2019-06-28 15:59:00.000000000,LAST_TRADE,"3,$99978.0000"
2019-06-28 15:59:00.000000000,QUERY_SPREAD,83
2019-06-28 15:59:00.000000000,BEST_BID,"JPM,99706,471"
2019-06-28 15:59:00.000000000,BEST_ASK,"JPM,99978,425"
2019-06-28 15:59:00.000000000,LAST_TRADE,"8,$99978.0000"
2019-06-28 15:59:00.000000000,QUERY_SPREAD,84
2019-06-28 15:59:00.000000000,BEST_BID,"JPM,99706,471"
2019-06-28 15:59:00.000000000,BEST_ASK,"JPM,99978,421"
2019-06-28 15:59:00.000000000,LAST_TRADE,"4,$99978.0000"
2019-06-28 15:59:00.000000000,QUERY_SPREAD,85
2019-06-28 15:59:00.000000000,BEST_BID,"JPM,99706,471"
2019-06-28 15:59:00.000000000,BEST_ASK,"JPM,99978,416"
2019-06-28 15:59:00.000000000,LAST_TRADE,"5,$99978.0000"
2019-06-28 15:59:00.000000000,QUERY_SPREAD,86
2019-06-28 15:59:00.000000000,BEST_BID,"JPM,99706,471"
2019-06-28 15:59:00.000000000,BEST_ASK,"JPM,99978,414"
2019-06-28 15:59:00.000000000,LAST_TRADE,"2,$99978.0000"
2019-06-28 15:59:00.000000000,QUERY_SPREAD,87
2019-06-28 15:59:00.000000000,BEST_BID,"JPM,99706,471"
2019-06-28 15:59:00.000000000,BEST_ASK,"JPM,99978,407"
2019-06-28 15:59:00.000000000,LAST_TRADE,"7,$99978.0000"
2019-06-28 15:59:00.000000000,QUERY_SPREAD,88
2019-06-28 15:59:00.000000000,BEST_BID,"JPM,99706,471"
2019-06-28 15:59:00.000000000,BEST_ASK,"JPM,99978,399"
2019-06-28 15:59:00.000000000,LAST_TRADE,"8,$99978.0000"
2019-06-28 15:59:00.000000000,QUERY_SPREAD,89
2019-06-28 15:59:00.000000000,BEST_BID,"JPM,99706,471"
2019-06-28 15:59:00.000000000,BEST_ASK,"JPM,99978,394"
2019-06-28 15:59:00.000000000,LAST_TRADE,"5,$99978.0000"
2019-06-28 15:59:00.000000000,QUERY_SPREAD,90
2019-06-28 15:59:00.000000000,BEST_BID,"JPM,99706,471"
2019-06-28 15:59:00.000000000,BEST_ASK,"JPM,99978,390"
2019-06-28 15:59:00.000000000,LAST_TRADE,"4,$99978.0000"
2019-06-28 15:59:00.000000000,QUERY_SPREAD,91
2019-06-28 15:59:00.000000000,BEST_BID,"JPM,99706,471"
2019-06-28 15:59:00.000000000,BEST_ASK,"JPM,99978,387"
2019-06-28 15:59:00.000000000,LAST_TRADE,"3,$99978.0000"
2019-06-28 15:59:00.000000000,QUERY_SPREAD,92
2019-06-28 15:59:00.000000000,BEST_BID,"JPM,99706,471"
2019-06-28 15:59:00.000000000,BEST_ASK,"JPM,99978,382"
2019-06-28 15:59:00.000000000,LAST_TRADE,"5,$99978.0000"
2019-06-28 15:59:00.000000000,QUERY_SPREAD,93
2019-06-28 15:59:00.000000000,BEST_BID,"JPM,99706,471"
2019-06-28 15:59:00.000000000,BEST_ASK,"JPM,99978,375"
2019-06-28 15:59:00.000000000,LAST_TRADE,"7,$99978.0000"
2019-06-28 15:59:00.000000000,QUERY_SPREAD,94
2019-06-28 15:59:00.000000000,BEST_BID,"JPM,99706,471"
2019-06-28 15:59:00.000000000,BEST_ASK,"JPM,99978,374"
2019-06-28 15:59:00.000000000,LAST_TRADE,"1,$99978.0000"
2019-06-28 15:59:00.000000000,QUERY_SPREAD,95
2019-06-28 15:59:00.000000000,BEST_BID,"JPM,99706,471"
2019-06-28 15:59:00.000000000,BEST_ASK,"JPM,99978,373"
2019-06-28 15:59:00.000000000,LAST_TRADE,"1,$99978.0000"
2019-06-28 15:59:00.000000000,QUERY_SPREAD,96
2019-06-28 15:59:00.000000000,BEST_BID,"JPM,99706,471"
2019-06-28 15:59:00.000000000,BEST_ASK,"JPM,99978,369"
2019-06-28 15:59:00.000000000,LAST_TRADE,"4,$99978.0000"
2019-06-28 15:59:00.000000000,QUERY_SPREAD,97
2019-06-28 15:59:00.000000000,BEST_BID,"JPM,99706,471"
2019-06-28 15:59:00.000000000,BEST_ASK,"JPM,99978,366"
2019-06-28 15:59:00.000000000,LAST_TRADE,"3,$99978.0000"
2019-06-28 15:59:00.000000000,QUERY_SPREAD,98
2019-06-28 15:59:00.000000000,BEST_BID,"JPM,99706,471"
2019-06-28 15:59:00.000000000,BEST_ASK,"JPM,99978,361"
2019-06-28 15:59:00.000000000,LAST_TRADE,"5,$99978.0000"
2019-06-28 15:59:00.000000000,QUERY_SPREAD,99
2019-06-28 15:59:00.000000000,BEST_BID,"JPM,99706,471"
2019-06-28 15:59:00.000000000,BEST_ASK,"JPM,99978,357"
2019-06-28 15:59:00.000000000,LAST_TRADE,"4,$99978.0000"
2019-06-28 15:59:00.000000000,QUERY_SPREAD,100
2019-06-28 15:59:00.000000000,BEST_BID,"JPM,99706,471"
2019-06-28 15:59:00.000000000,BEST_ASK,"JPM,99978,352"
2019-06-28 15:59:00.000000000,LAST_TRADE,"5,$99978.0000"
2019-06-28 15:59:00.000000000,QUERY_SPREAD,101
2019-06-28 15:59:00.000000000,BEST_BID,"JPM,99706,471"
2019-06-28 15:59:00.000000000,BEST_ASK,"JPM,99978,351"
2019-06-28 15:59:00.000000000,LAST_TRADE,"1,$99978.0000"
2019-06-28 15:59:06.442546960,QUERY_ORDER_STREAM,69
2019-06-28 15:59:06.442546960,QUERY_SPREAD,69
2019-06-28 15:59:10.000000000,QUERY_SPREAD,1
2019-06-28 15:59:10.000000000,BEST_BID,"JPM,99706,226"
2019-06-28 15:59:10.000000000,BEST_ASK,"JPM,99980,100"
2019-06-28 15:59:10.000000000,BEST_BID,"JPM,99706,226"
2019-06-28 15:59:10.000000000,BEST_ASK,"JPM,99980,100"
2019-06-28 15:59:10.000000000,BEST_BID,"JPM,99706,226"
2019-06-28 15:59:10.000000000,BEST_ASK,"JPM,99980,100"
2019-06-28 15:59:10.000000000,BEST_BID,"JPM,99706,226"
2019-06-28 15:59:10.000000000,BEST_ASK,"JPM,99980,226"
2019-06-28 15:59:10.000000000,BEST_BID,"JPM,99706,226"
2019-06-28 15:59:10.000000000,BEST_ASK,"JPM,99980,226"
2019-06-28 15:59:10.000000000,BEST_BID,"JPM,99706,226"
2019-06-28 15:59:10.000000000,BEST_ASK,"JPM,99980,226"
2019-06-28 15:59:20.000000000,QUERY_SPREAD,1
2019-06-28 15:59:20.000000000,BEST_BID,"JPM,99706,471"
2019-06-28 15:59:20.000000000,BEST_ASK,"JPM,99980,100"
2019-06-28 15:59:20.000000000,BEST_BID,"JPM,99706,471"
2019-06-28 15:59:20.000000000,BEST_ASK,"JPM,99980,471"
2019-06-28 15:59:30.000000000,QUERY_SPREAD,1
2019-06-28 15:59:30.000000000,BEST_BID,"JPM,99706,286"
2019-06-28 15:59:30.000000000,BEST_ASK,"JPM,99980,100"
2019-06-28 15:59:30.000000000,BEST_BID,"JPM,99706,286"
2019-06-28 15:59:30.000000000,BEST_ASK,"JPM,99980,100"
2019-06-28 15:59:30.000000000,BEST_BID,"JPM,99706,286"
2019-06-28 15:59:30.000000000,BEST_ASK,"JPM,99980,286"
2019-06-28 15:59:30.000000000,BEST_BID,"JPM,99706,286"
2019-06-28 15:59:30.000000000,BEST_ASK,"JPM,99980,286"
2019-06-28 15:59:40.000000000,QUERY_SPREAD,1
2019-06-28 15:59:40.000000000,BEST_BID,"JPM,99706,286"
2019-06-28 15:59:40.000000000,BEST_ASK,"JPM,99980,100"
2019-06-28 15:59:40.000000000,BEST_BID,"JPM,99706,286"
2019-06-28 15:59:40.000000000,BEST_ASK,"JPM,99980,100"
2019-06-28 15:59:40.000000000,BEST_BID,"JPM,99706,286"
2019-06-28 15:59:40.000000000,BEST_ASK,"JPM,99980,286"
2019-06-28 15:59:40.000000000,BEST_BID,"JPM,99706,286"
2019-06-28 15:59:40.000000000,BEST_ASK,"JPM,99980,286"
2019-06-28 15:59:50.000000000,QUERY_SPREAD,1
2019-06-28 15:59:50.000000000,BEST_BID,"JPM,99706,226"
2019-06-28 15:59:50.000000000,BEST_ASK,"JPM,99980,100"
2019-06-28 15:59:50.000000000,BEST_BID,"JPM,99706,226"
2019-06-28 15:59:50.000000000,BEST_ASK,"JPM,99980,100"
2019-06-28 15:59:50.000000000,BEST_BID,"JPM,99706,226"
2019-06-28 15:59:50.000000000,BEST_ASK,"JPM,99980,100"
2019-06-28 15:59:50.000000000,BEST_BID,"JPM,99706,226"
2019-06-28 15:59:50.000000000,BEST_ASK,"JPM,99980,226"
2019-06-28 15:59:50.000000000,BEST_BID,"JPM,99706,226"
2019-06-28 15:59:50.000000000,BEST_ASK,"JPM,99980,226"
2019-06-28 15:59:50.000000000,BEST_BID,"JPM,99706,226"
2019-06-28 15:59:50.000000000,BEST_ASK,"JPM,99980,226"
2019-06-28 15:59:53.283223412,QUERY_SPREAD,6
2019-06-28 15:59:53.283223412,BEST_BID,"JPM,99706,126"
2019-06-28 15:59:53.283223412,BEST_ASK,"JPM,99980,226"
2019-06-28 15:59:53.283223412,LAST_TRADE,"100,$99706.0000"
2019-06-28 15:59:56.789066390,QUERY_ORDER_STREAM,59
2019-06-28 15:59:56.789066390,QUERY_SPREAD,59
2019-06-28 15:59:56.789066390,BEST_BID,"JPM,99706,126"
2019-06-28 15:59:56.789066390,BEST_ASK,"JPM,99978,100"
2019-06-28 16:00:00.000000000,QUERY_SPREAD,1
2019-06-28 16:00:00.000000000,BEST_BID,"JPM,99467,213"
2019-06-28 16:00:00.000000000,BEST_ASK,"JPM,99978,100"
2019-06-28 16:00:00.000000000,BEST_BID,"JPM,99467,213"
2019-06-28 16:00:00.000000000,BEST_ASK,"JPM,99978,100"
2019-06-28 16:00:00.000000000,BEST_BID,"JPM,99467,213"
2019-06-28 16:00:00.000000000,BEST_ASK,"JPM,99978,286"
2019-06-28 16:00:00.000000000,BEST_BID,"JPM,99467,213"
2019-06-28 16:00:00.000000000,BEST_ASK,"JPM,99978,286"
2019-06-28 16:00:00.000000000,QUERY_SPREAD,77
2019-06-28 16:00:00.000000000,BEST_BID,"JPM,99467,213"
2019-06-28 16:00:00.000000000,BEST_ASK,"JPM,99978,281"
2019-06-28 16:00:00.000000000,LAST_TRADE,"5,$99978.0000"
2019-06-28 16:00:00.000000000,QUERY_SPREAD,78
2019-06-28 16:00:00.000000000,BEST_BID,"JPM,99467,213"
2019-06-28 16:00:00.000000000,BEST_ASK,"JPM,99978,273"
2019-06-28 16:00:00.000000000,LAST_TRADE,"8,$99978.0000"
2019-06-28 16:00:00.000000000,QUERY_SPREAD,79
2019-06-28 16:00:00.000000000,BEST_BID,"JPM,99467,213"
2019-06-28 16:00:00.000000000,BEST_ASK,"JPM,99978,268"
2019-06-28 16:00:00.000000000,LAST_TRADE,"5,$99978.0000"
2019-06-28 16:00:00.000000000,QUERY_SPREAD,80
2019-06-28 16:00:00.000000000,BEST_BID,"JPM,99467,213"
2019-06-28 16:00:00.000000000,BEST_ASK,"JPM,99978,260"
2019-06-28 16:00:00.000000000,LAST_TRADE,"8,$99978.0000"
2019-06-28 16:00:00.000000000,QUERY_SPREAD,81
2019-06-28 16:00:00.000000000,BEST_BID,"JPM,99467,213"
2019-06-28 16:00:00.000000000,BEST_ASK,"JPM,99978,251"
2019-06-28 16:00:00.000000000,LAST_TRADE,"9,$99978.0000"
2019-06-28 16:00:00.000000000,QUERY_SPREAD,82
2019-06-28 16:00:00.000000000,BEST_BID,"JPM,99467,213"
2019-06-28 16:00:00.000000000,BEST_ASK,"JPM,99978,248"
2019-06-28 16:00:00.000000000,LAST_TRADE,"3,$99978.0000"
2019-06-28 16:00:00.000000000,QUERY_SPREAD,83
2019-06-28 16:00:00.000000000,BEST_BID,"JPM,99467,213"
2019-06-28 16:00:00.000000000,BEST_ASK,"JPM,99978,240"
2019-06-28 16:00:00.000000000,LAST_TRADE,"8,$99978.0000"
2019-06-28 16:00:00.000000000,QUERY_SPREAD,84
2019-06-28 16:00:00.000000000,BEST_BID,"JPM,99467,213"
2019-06-28 16:00:00.000000000,BEST_ASK,"JPM,99978,236"
2019-06-28 16:00:00.000000000,LAST_TRADE,"4,$99978.0000"
2019-06-28 16:00:00.000000000,QUERY_SPREAD,85
2019-06-28 16:00:00.000000000,BEST_BID,"JPM,99467,213"
2019-06-28 16:00:00.000000000,BEST_ASK,"JPM,99978,231"
2019-06-28 16:00:00.000000000,LAST_TRADE,"5,$99978.0000"
2019-06-28 16:00:00.000000000,QUERY_SPREAD,86
2019-06-28 16:00:00.000000000,BEST_BID,"JPM,99467,213"
2019-06-28 16:00:00.000000000,BEST_ASK,"JPM,99978,229"
2019-06-28 16:00:00.000000000,LAST_TRADE,"2,$99978.0000"
2019-06-28 16:00:00.000000000,QUERY_SPREAD,87
2019-06-28 16:00:00.000000000,BEST_BID,"JPM,99467,213"
2019-06-28 16:00:00.000000000,BEST_ASK,"JPM,99978,222"
2019-06-28 16:00:00.000000000,LAST_TRADE,"7,$99978.0000"
2019-06-28 16:00:00.000000000,QUERY_SPREAD,88
2019-06-28 16:00:00.000000000,BEST_BID,"JPM,99467,213"
2019-06-28 16:00:00.000000000,BEST_ASK,"JPM,99978,214"
2019-06-28 16:00:00.000000000,LAST_TRADE,"8,$99978.0000"
2019-06-28 16:00:00.000000000,QUERY_SPREAD,89
2019-06-28 16:00:00.000000000,BEST_BID,"JPM,99467,213"
2019-06-28 16:00:00.000000000,BEST_ASK,"JPM,99978,209"
2019-06-28 16:00:00.000000000,LAST_TRADE,"5,$99978.0000"
2019-06-28 16:00:00.000000000,QUERY_SPREAD,90
2019-06-28 16:00:00.000000000,BEST_BID,"JPM,99467,213"
2019-06-28 16:00:00.000000000,BEST_ASK,"JPM,99978,205"
2019-06-28 16:00:00.000000000,LAST_TRADE,"4,$99978.0000"
2019-06-28 16:00:00.000000000,QUERY_SPREAD,91
2019-06-28 16:00:00.000000000,BEST_BID,"JPM,99467,213"
2019-06-28 16:00:00.000000000,BEST_ASK,"JPM,99978,202"
2019-06-28 16:00:00.000000000,LAST_TRADE,"3,$99978.0000"
2019-06-28 16:00:00.000000000,QUERY_SPREAD,92
2019-06-28 16:00:00.000000000,BEST_BID,"JPM,99467,213"
2019-06-28 16:00:00.000000000,BEST_ASK,"JPM,99978,197"
2019-06-28 16:00:00.000000000,LAST_TRADE,"5,$99978.0000"
2019-06-28 16:00:00.000000000,QUERY_SPREAD,93
2019-06-28 16:00:00.000000000,BEST_BID,"JPM,99467,213"
2019-06-28 16:00:00.000000000,BEST_ASK,"JPM,99978,190"
2019-06-28 16:00:00.000000000,LAST_TRADE,"7,$99978.0000"
2019-06-28 16:00:00.000000000,QUERY_SPREAD,94
2019-06-28 16:00:00.000000000,BEST_BID,"JPM,99467,213"
2019-06-28 16:00:00.000000000,BEST_ASK,"JPM,99978,189"
2019-06-28 16:00:00.000000000,LAST_TRADE,"1,$99978.0000"
2019-06-28 16:00:00.000000000,QUERY_SPREAD,95
2019-06-28 16:00:00.000000000,BEST_BID,"JPM,99467,213"
2019-06-28 16:00:00.000000000,BEST_ASK,"JPM,99978,188"
2019-06-28 16:00:00.000000000,LAST_TRADE,"1,$99978.0000"
2019-06-28 16:00:00.000000000,QUERY_SPREAD,96
2019-06-28 16:00:00.000000000,BEST_BID,"JPM,99467,213"
2019-06-28 16:00:00.000000000,BEST_ASK,"JPM,99978,184"
2019-06-28 16:00:00.000000000,LAST_TRADE,"4,$99978.0000"
2019-06-28 16:00:00.000000000,QUERY_SPREAD,97
2019-06-28 16:00:00.000000000,BEST_BID,"JPM,99467,213"
2019-06-28 16:00:00.000000000,BEST_ASK,"JPM,99978,181"
2019-06-28 16:00:00.000000000,LAST_TRADE,"3,$99978.0000"
2019-06-28 16:00:00.000000000,QUERY_SPREAD,98
2019-06-28 16:00:00.000000000,BEST_BID,"JPM,99467,213"
2019-06-28 16:00:00.000000000,BEST_ASK,"JPM,99978,176"
2019-06-28 16:00:00.000000000,LAST_TRADE,"5,$99978.0000"
2019-06-28 16:00:00.000000000,QUERY_SPREAD,99
2019-06-28 16:00:00.000000000,BEST_BID,"JPM,99467,213"
2019-06-28 16:00:00.000000000,BEST_ASK,"JPM,99978,172"
2019-06-28 16:00:00.000000000,LAST_TRADE,"4,$99978.0000"
2019-06-28 16:00:00.000000000,QUERY_SPREAD,100
2019-06-28 16:00:00.000000000,BEST_BID,"JPM,99467,213"
2019-06-28 16:00:00.000000000,BEST_ASK,"JPM,99978,167"
2019-06-28 16:00:00.000000000,LAST_TRADE,"5,$99978.0000"
2019-06-28 16:00:00.000000000,QUERY_SPREAD,101
2019-06-28 16:00:00.000000000,BEST_BID,"JPM,99467,213"
2019-06-28 16:00:00.000000000,BEST_ASK,"JPM,99978,166"
2019-06-28 16:00:00.000000000,LAST_TRADE,"1,$99978.0000"
2019-06-28 16:00:10.000000000,QUERY_SPREAD,1
2019-06-28 16:00:16.544253971,QUERY_ORDER_STREAM,66
2019-06-28 16:00:19.385517826,QUERY_SPREAD,6
2019-06-28 16:00:20.339698802,QUERY_SPREAD,47
2019-06-28 16:00:29.474112339,QUERY_SPREAD,66
2019-06-28 16:00:31.856582023,QUERY_SPREAD,43
2019-06-28 16:01:00.000000000,QUERY_SPREAD,77
2019-06-28 16:01:00.000000000,QUERY_SPREAD,78
2019-06-28 16:01:00.000000000,QUERY_SPREAD,79
2019-06-28 16:01:00.000000000,QUERY_SPREAD,80
2019-06-28 16:01:00.000000000,QUERY_SPREAD,81
2019-06-28 16:01:00.000000000,QUERY_SPREAD,82
2019-06-28 16:01:00.000000000,QUERY_SPREAD,83
2019-06-28 16:01:00.000000000,QUERY_SPREAD,84
2019-06-28 16:01:00.000000000,QUERY_SPREAD,85
2019-06-28 16:01:00.000000000,QUERY_SPREAD,86
2019-06-28 16:01:00.000000000,QUERY_SPREAD,87
2019-06-28 16:01:00.000000000,QUERY_SPREAD,88
2019-06-28 16:01:00.000000000,QUERY_SPREAD,89
2019-06-28 16:01:00.000000000,QUERY_SPREAD,90
2019-06-28 16:01:00.000000000,QUERY_SPREAD,91
2019-06-28 16:01:00.000000000,QUERY_SPREAD,92
2019-06-28 16:01:00.000000000,QUERY_SPREAD,93
2019-06-28 16:01:00.000000000,QUERY_SPREAD,94
2019-06-28 16:01:00.000000000,QUERY_SPREAD,95
2019-06-28 16:01:00.000000000,QUERY_SPREAD,96
2019-06-28 16:01:00.000000000,QUERY_SPREAD,97
2019-06-28 16:01:00.000000000,QUERY_SPREAD,98
2019-06-28 16:01:00.000000000,QUERY_SPREAD,99
2019-06-28 16:01:00.000000000,QUERY_SPREAD,100
2019-06-28 16:01:00.000000000,QUERY_SPREAD,101
